,,All people aged 16 to 74 in employment,Males,Females
S92000003,All people aged 16 to 74 in employment,2516895,1295315,1221580
S92000003,1. Managers directors and senior officials,210819,131180,79639
S92000003,2. Professional occupations,421639,189317,232322
S92000003,3. Associate professional and technical occupations,318380,183543,134837
S92000003,4. Administrative and secretarial occupations,286144,59358,226786
S92000003,5. Skilled trades occupations,315177,284474,30703
S92000003,6. Caring leisure and other service occupations,244508,43791,200717
S92000003,7. Sales and customer service occupations,234367,77438,156929
S92000003,8. Process plant and machine operatives,193594,170789,22805
S92000003,9. Elementary occupations,292267,155425,136842
S01006506,All people aged 16 to 74 in employment,507,265,242
S01006506,1. Managers directors and senior officials,46,30,16
S01006506,2. Professional occupations,133,71,62
S01006506,3. Associate professional and technical occupations,69,37,32
S01006506,4. Administrative and secretarial occupations,60,5,55
S01006506,5. Skilled trades occupations,61,54,7
S01006506,6. Caring leisure and other service occupations,45,6,39
S01006506,7. Sales and customer service occupations,22,9,13
S01006506,8. Process plant and machine operatives,35,33,2
S01006506,9. Elementary occupations,36,20,16
S01006507,All people aged 16 to 74 in employment,461,222,239
S01006507,1. Managers directors and senior officials,43,28,15
S01006507,2. Professional occupations,83,45,38
S01006507,3. Associate professional and technical occupations,40,21,19
S01006507,4. Administrative and secretarial occupations,57,4,53
S01006507,5. Skilled trades occupations,58,51,7
S01006507,6. Caring leisure and other service occupations,44,4,40
S01006507,7. Sales and customer service occupations,43,11,32
S01006507,8. Process plant and machine operatives,34,31,3
S01006507,9. Elementary occupations,59,27,32
S01006508,All people aged 16 to 74 in employment,425,228,197
S01006508,1. Managers directors and senior officials,42,35,7
S01006508,2. Professional occupations,87,47,40
S01006508,3. Associate professional and technical occupations,67,34,33
S01006508,4. Administrative and secretarial occupations,77,19,58
S01006508,5. Skilled trades occupations,51,45,6
S01006508,6. Caring leisure and other service occupations,22,2,20
S01006508,7. Sales and customer service occupations,24,6,18
S01006508,8. Process plant and machine operatives,24,23,1
S01006508,9. Elementary occupations,31,17,14
S01006509,All people aged 16 to 74 in employment,305,151,154
S01006509,1. Managers directors and senior officials,28,20,8
S01006509,2. Professional occupations,43,16,27
S01006509,3. Associate professional and technical occupations,39,22,17
S01006509,4. Administrative and secretarial occupations,46,5,41
S01006509,5. Skilled trades occupations,44,41,3
S01006509,6. Caring leisure and other service occupations,35,6,29
S01006509,7. Sales and customer service occupations,26,7,19
S01006509,8. Process plant and machine operatives,26,23,3
S01006509,9. Elementary occupations,18,11,7
S01006510,All people aged 16 to 74 in employment,291,161,130
S01006510,1. Managers directors and senior officials,32,22,10
S01006510,2. Professional occupations,51,24,27
S01006510,3. Associate professional and technical occupations,39,23,16
S01006510,4. Administrative and secretarial occupations,34,5,29
S01006510,5. Skilled trades occupations,45,42,3
S01006510,6. Caring leisure and other service occupations,36,8,28
S01006510,7. Sales and customer service occupations,11,3,8
S01006510,8. Process plant and machine operatives,21,20,1
S01006510,9. Elementary occupations,22,14,8
S01006511,All people aged 16 to 74 in employment,348,177,171
S01006511,1. Managers directors and senior officials,37,27,10
S01006511,2. Professional occupations,97,43,54
S01006511,3. Associate professional and technical occupations,57,33,24
S01006511,4. Administrative and secretarial occupations,36,5,31
S01006511,5. Skilled trades occupations,36,32,4
S01006511,6. Caring leisure and other service occupations,22,5,17
S01006511,7. Sales and customer service occupations,20,6,14
S01006511,8. Process plant and machine operatives,15,14,1
S01006511,9. Elementary occupations,28,12,16
S01006512,All people aged 16 to 74 in employment,248,140,108
S01006512,1. Managers directors and senior officials,29,21,8
S01006512,2. Professional occupations,80,43,37
S01006512,3. Associate professional and technical occupations,32,21,11
S01006512,4. Administrative and secretarial occupations,21,1,20
S01006512,5. Skilled trades occupations,33,31,2
S01006512,6. Caring leisure and other service occupations,17,2,15
S01006512,7. Sales and customer service occupations,9,4,5
S01006512,8. Process plant and machine operatives,7,7,0
S01006512,9. Elementary occupations,20,10,10
S01006513,All people aged 16 to 74 in employment,275,149,126
S01006513,1. Managers directors and senior officials,26,20,6
S01006513,2. Professional occupations,84,36,48
S01006513,3. Associate professional and technical occupations,45,25,20
S01006513,4. Administrative and secretarial occupations,30,6,24
S01006513,5. Skilled trades occupations,30,29,1
S01006513,6. Caring leisure and other service occupations,12,1,11
S01006513,7. Sales and customer service occupations,24,13,11
S01006513,8. Process plant and machine operatives,13,12,1
S01006513,9. Elementary occupations,11,7,4
S01006514,All people aged 16 to 74 in employment,480,270,210
S01006514,1. Managers directors and senior officials,78,63,15
S01006514,2. Professional occupations,148,81,67
S01006514,3. Associate professional and technical occupations,79,49,30
S01006514,4. Administrative and secretarial occupations,55,12,43
S01006514,5. Skilled trades occupations,28,24,4
S01006514,6. Caring leisure and other service occupations,30,9,21
S01006514,7. Sales and customer service occupations,22,6,16
S01006514,8. Process plant and machine operatives,15,14,1
S01006514,9. Elementary occupations,25,12,13
S01006515,All people aged 16 to 74 in employment,370,212,158
S01006515,1. Managers directors and senior officials,48,40,8
S01006515,2. Professional occupations,148,82,66
S01006515,3. Associate professional and technical occupations,52,35,17
S01006515,4. Administrative and secretarial occupations,37,8,29
S01006515,5. Skilled trades occupations,23,17,6
S01006515,6. Caring leisure and other service occupations,17,3,14
S01006515,7. Sales and customer service occupations,14,6,8
S01006515,8. Process plant and machine operatives,7,7,0
S01006515,9. Elementary occupations,24,14,10
S01006516,All people aged 16 to 74 in employment,276,157,119
S01006516,1. Managers directors and senior officials,46,34,12
S01006516,2. Professional occupations,83,42,41
S01006516,3. Associate professional and technical occupations,43,27,16
S01006516,4. Administrative and secretarial occupations,14,2,12
S01006516,5. Skilled trades occupations,15,13,2
S01006516,6. Caring leisure and other service occupations,43,15,28
S01006516,7. Sales and customer service occupations,10,5,5
S01006516,8. Process plant and machine operatives,6,6,0
S01006516,9. Elementary occupations,16,13,3
S01006517,All people aged 16 to 74 in employment,511,282,229
S01006517,1. Managers directors and senior officials,66,52,14
S01006517,2. Professional occupations,171,86,85
S01006517,3. Associate professional and technical occupations,65,39,26
S01006517,4. Administrative and secretarial occupations,45,6,39
S01006517,5. Skilled trades occupations,36,33,3
S01006517,6. Caring leisure and other service occupations,28,4,24
S01006517,7. Sales and customer service occupations,32,9,23
S01006517,8. Process plant and machine operatives,31,31,0
S01006517,9. Elementary occupations,37,22,15
S01006518,All people aged 16 to 74 in employment,306,173,133
S01006518,1. Managers directors and senior officials,54,44,10
S01006518,2. Professional occupations,107,50,57
S01006518,3. Associate professional and technical occupations,42,29,13
S01006518,4. Administrative and secretarial occupations,28,7,21
S01006518,5. Skilled trades occupations,16,15,1
S01006518,6. Caring leisure and other service occupations,15,3,12
S01006518,7. Sales and customer service occupations,18,7,11
S01006518,8. Process plant and machine operatives,14,12,2
S01006518,9. Elementary occupations,12,6,6
S01006519,All people aged 16 to 74 in employment,429,225,204
S01006519,1. Managers directors and senior officials,58,46,12
S01006519,2. Professional occupations,136,70,66
S01006519,3. Associate professional and technical occupations,57,32,25
S01006519,4. Administrative and secretarial occupations,54,13,41
S01006519,5. Skilled trades occupations,21,19,2
S01006519,6. Caring leisure and other service occupations,41,7,34
S01006519,7. Sales and customer service occupations,15,9,6
S01006519,8. Process plant and machine operatives,18,14,4
S01006519,9. Elementary occupations,29,15,14
S01006520,All people aged 16 to 74 in employment,341,203,138
S01006520,1. Managers directors and senior officials,48,41,7
S01006520,2. Professional occupations,147,91,56
S01006520,3. Associate professional and technical occupations,47,25,22
S01006520,4. Administrative and secretarial occupations,31,8,23
S01006520,5. Skilled trades occupations,11,10,1
S01006520,6. Caring leisure and other service occupations,17,2,15
S01006520,7. Sales and customer service occupations,18,11,7
S01006520,8. Process plant and machine operatives,9,9,0
S01006520,9. Elementary occupations,13,6,7
S01006521,All people aged 16 to 74 in employment,338,204,134
S01006521,1. Managers directors and senior officials,80,65,15
S01006521,2. Professional occupations,123,73,50
S01006521,3. Associate professional and technical occupations,46,26,20
S01006521,4. Administrative and secretarial occupations,29,2,27
S01006521,5. Skilled trades occupations,18,17,1
S01006521,6. Caring leisure and other service occupations,11,0,11
S01006521,7. Sales and customer service occupations,6,4,2
S01006521,8. Process plant and machine operatives,12,9,3
S01006521,9. Elementary occupations,13,8,5
S01006522,All people aged 16 to 74 in employment,292,157,135
S01006522,1. Managers directors and senior officials,44,34,10
S01006522,2. Professional occupations,128,65,63
S01006522,3. Associate professional and technical occupations,36,22,14
S01006522,4. Administrative and secretarial occupations,26,4,22
S01006522,5. Skilled trades occupations,12,9,3
S01006522,6. Caring leisure and other service occupations,13,5,8
S01006522,7. Sales and customer service occupations,13,4,9
S01006522,8. Process plant and machine operatives,7,7,0
S01006522,9. Elementary occupations,13,7,6
S01006523,All people aged 16 to 74 in employment,454,250,204
S01006523,1. Managers directors and senior officials,71,52,19
S01006523,2. Professional occupations,163,83,80
S01006523,3. Associate professional and technical occupations,74,47,27
S01006523,4. Administrative and secretarial occupations,42,7,35
S01006523,5. Skilled trades occupations,28,24,4
S01006523,6. Caring leisure and other service occupations,23,5,18
S01006523,7. Sales and customer service occupations,23,9,14
S01006523,8. Process plant and machine operatives,15,15,0
S01006523,9. Elementary occupations,15,8,7
S01006524,All people aged 16 to 74 in employment,379,207,172
S01006524,1. Managers directors and senior officials,60,44,16
S01006524,2. Professional occupations,116,62,54
S01006524,3. Associate professional and technical occupations,44,23,21
S01006524,4. Administrative and secretarial occupations,43,6,37
S01006524,5. Skilled trades occupations,20,18,2
S01006524,6. Caring leisure and other service occupations,37,12,25
S01006524,7. Sales and customer service occupations,17,10,7
S01006524,8. Process plant and machine operatives,23,18,5
S01006524,9. Elementary occupations,19,14,5
S01006525,All people aged 16 to 74 in employment,370,210,160
S01006525,1. Managers directors and senior officials,54,41,13
S01006525,2. Professional occupations,121,68,53
S01006525,3. Associate professional and technical occupations,58,30,28
S01006525,4. Administrative and secretarial occupations,37,6,31
S01006525,5. Skilled trades occupations,22,21,1
S01006525,6. Caring leisure and other service occupations,19,1,18
S01006525,7. Sales and customer service occupations,15,10,5
S01006525,8. Process plant and machine operatives,12,12,0
S01006525,9. Elementary occupations,32,21,11
S01006526,All people aged 16 to 74 in employment,442,214,228
S01006526,1. Managers directors and senior officials,29,17,12
S01006526,2. Professional occupations,58,27,31
S01006526,3. Associate professional and technical occupations,47,29,18
S01006526,4. Administrative and secretarial occupations,48,10,38
S01006526,5. Skilled trades occupations,66,57,9
S01006526,6. Caring leisure and other service occupations,41,2,39
S01006526,7. Sales and customer service occupations,45,16,29
S01006526,8. Process plant and machine operatives,29,25,4
S01006526,9. Elementary occupations,79,31,48
S01006527,All people aged 16 to 74 in employment,315,172,143
S01006527,1. Managers directors and senior officials,13,6,7
S01006527,2. Professional occupations,32,19,13
S01006527,3. Associate professional and technical occupations,31,18,13
S01006527,4. Administrative and secretarial occupations,31,8,23
S01006527,5. Skilled trades occupations,40,37,3
S01006527,6. Caring leisure and other service occupations,46,6,40
S01006527,7. Sales and customer service occupations,28,13,15
S01006527,8. Process plant and machine operatives,38,34,4
S01006527,9. Elementary occupations,56,31,25
S01006528,All people aged 16 to 74 in employment,486,231,255
S01006528,1. Managers directors and senior officials,27,19,8
S01006528,2. Professional occupations,61,29,32
S01006528,3. Associate professional and technical occupations,45,28,17
S01006528,4. Administrative and secretarial occupations,69,14,55
S01006528,5. Skilled trades occupations,53,48,5
S01006528,6. Caring leisure and other service occupations,50,7,43
S01006528,7. Sales and customer service occupations,65,15,50
S01006528,8. Process plant and machine operatives,39,39,0
S01006528,9. Elementary occupations,77,32,45
S01006529,All people aged 16 to 74 in employment,472,279,193
S01006529,1. Managers directors and senior officials,24,14,10
S01006529,2. Professional occupations,92,54,38
S01006529,3. Associate professional and technical occupations,64,45,19
S01006529,4. Administrative and secretarial occupations,56,17,39
S01006529,5. Skilled trades occupations,65,62,3
S01006529,6. Caring leisure and other service occupations,38,11,27
S01006529,7. Sales and customer service occupations,49,17,32
S01006529,8. Process plant and machine operatives,20,20,0
S01006529,9. Elementary occupations,64,39,25
S01006530,All people aged 16 to 74 in employment,391,204,187
S01006530,1. Managers directors and senior officials,23,13,10
S01006530,2. Professional occupations,49,21,28
S01006530,3. Associate professional and technical occupations,29,21,8
S01006530,4. Administrative and secretarial occupations,43,11,32
S01006530,5. Skilled trades occupations,56,51,5
S01006530,6. Caring leisure and other service occupations,51,14,37
S01006530,7. Sales and customer service occupations,50,18,32
S01006530,8. Process plant and machine operatives,28,25,3
S01006530,9. Elementary occupations,62,30,32
S01006531,All people aged 16 to 74 in employment,433,229,204
S01006531,1. Managers directors and senior officials,18,11,7
S01006531,2. Professional occupations,46,24,22
S01006531,3. Associate professional and technical occupations,35,19,16
S01006531,4. Administrative and secretarial occupations,50,17,33
S01006531,5. Skilled trades occupations,48,43,5
S01006531,6. Caring leisure and other service occupations,57,10,47
S01006531,7. Sales and customer service occupations,39,15,24
S01006531,8. Process plant and machine operatives,38,36,2
S01006531,9. Elementary occupations,102,54,48
S01006532,All people aged 16 to 74 in employment,353,199,154
S01006532,1. Managers directors and senior officials,44,34,10
S01006532,2. Professional occupations,110,63,47
S01006532,3. Associate professional and technical occupations,51,30,21
S01006532,4. Administrative and secretarial occupations,47,10,37
S01006532,5. Skilled trades occupations,27,27,0
S01006532,6. Caring leisure and other service occupations,19,4,15
S01006532,7. Sales and customer service occupations,29,13,16
S01006532,8. Process plant and machine operatives,9,9,0
S01006532,9. Elementary occupations,17,9,8
S01006533,All people aged 16 to 74 in employment,401,214,187
S01006533,1. Managers directors and senior officials,56,38,18
S01006533,2. Professional occupations,146,72,74
S01006533,3. Associate professional and technical occupations,74,40,34
S01006533,4. Administrative and secretarial occupations,35,9,26
S01006533,5. Skilled trades occupations,25,23,2
S01006533,6. Caring leisure and other service occupations,13,1,12
S01006533,7. Sales and customer service occupations,19,8,11
S01006533,8. Process plant and machine operatives,13,12,1
S01006533,9. Elementary occupations,20,11,9
S01006534,All people aged 16 to 74 in employment,494,276,218
S01006534,1. Managers directors and senior officials,63,44,19
S01006534,2. Professional occupations,185,99,86
S01006534,3. Associate professional and technical occupations,86,51,35
S01006534,4. Administrative and secretarial occupations,49,12,37
S01006534,5. Skilled trades occupations,32,30,2
S01006534,6. Caring leisure and other service occupations,17,3,14
S01006534,7. Sales and customer service occupations,19,5,14
S01006534,8. Process plant and machine operatives,12,12,0
S01006534,9. Elementary occupations,31,20,11
S01006535,All people aged 16 to 74 in employment,679,366,313
S01006535,1. Managers directors and senior officials,55,41,14
S01006535,2. Professional occupations,222,113,109
S01006535,3. Associate professional and technical occupations,122,56,66
S01006535,4. Administrative and secretarial occupations,77,21,56
S01006535,5. Skilled trades occupations,59,55,4
S01006535,6. Caring leisure and other service occupations,25,5,20
S01006535,7. Sales and customer service occupations,40,18,22
S01006535,8. Process plant and machine operatives,25,24,1
S01006535,9. Elementary occupations,54,33,21
S01006536,All people aged 16 to 74 in employment,731,396,335
S01006536,1. Managers directors and senior officials,61,33,28
S01006536,2. Professional occupations,199,103,96
S01006536,3. Associate professional and technical occupations,162,99,63
S01006536,4. Administrative and secretarial occupations,85,20,65
S01006536,5. Skilled trades occupations,51,45,6
S01006536,6. Caring leisure and other service occupations,29,8,21
S01006536,7. Sales and customer service occupations,56,20,36
S01006536,8. Process plant and machine operatives,38,34,4
S01006536,9. Elementary occupations,50,34,16
S01006537,All people aged 16 to 74 in employment,358,184,174
S01006537,1. Managers directors and senior officials,42,31,11
S01006537,2. Professional occupations,109,55,54
S01006537,3. Associate professional and technical occupations,55,28,27
S01006537,4. Administrative and secretarial occupations,45,13,32
S01006537,5. Skilled trades occupations,26,24,2
S01006537,6. Caring leisure and other service occupations,28,4,24
S01006537,7. Sales and customer service occupations,20,8,12
S01006537,8. Process plant and machine operatives,14,12,2
S01006537,9. Elementary occupations,19,9,10
S01006538,All people aged 16 to 74 in employment,291,150,141
S01006538,1. Managers directors and senior officials,32,21,11
S01006538,2. Professional occupations,89,45,44
S01006538,3. Associate professional and technical occupations,47,23,24
S01006538,4. Administrative and secretarial occupations,31,7,24
S01006538,5. Skilled trades occupations,27,24,3
S01006538,6. Caring leisure and other service occupations,12,1,11
S01006538,7. Sales and customer service occupations,20,5,15
S01006538,8. Process plant and machine operatives,12,11,1
S01006538,9. Elementary occupations,21,13,8
S01006539,All people aged 16 to 74 in employment,370,189,181
S01006539,1. Managers directors and senior officials,47,31,16
S01006539,2. Professional occupations,118,59,59
S01006539,3. Associate professional and technical occupations,77,37,40
S01006539,4. Administrative and secretarial occupations,39,13,26
S01006539,5. Skilled trades occupations,22,20,2
S01006539,6. Caring leisure and other service occupations,17,2,15
S01006539,7. Sales and customer service occupations,25,11,14
S01006539,8. Process plant and machine operatives,10,10,0
S01006539,9. Elementary occupations,15,6,9
S01006540,All people aged 16 to 74 in employment,535,288,247
S01006540,1. Managers directors and senior officials,58,44,14
S01006540,2. Professional occupations,163,89,74
S01006540,3. Associate professional and technical occupations,95,47,48
S01006540,4. Administrative and secretarial occupations,76,19,57
S01006540,5. Skilled trades occupations,38,35,3
S01006540,6. Caring leisure and other service occupations,32,7,25
S01006540,7. Sales and customer service occupations,36,19,17
S01006540,8. Process plant and machine operatives,13,13,0
S01006540,9. Elementary occupations,24,15,9
S01006541,All people aged 16 to 74 in employment,366,191,175
S01006541,1. Managers directors and senior officials,49,35,14
S01006541,2. Professional occupations,106,57,49
S01006541,3. Associate professional and technical occupations,66,35,31
S01006541,4. Administrative and secretarial occupations,60,15,45
S01006541,5. Skilled trades occupations,24,24,0
S01006541,6. Caring leisure and other service occupations,21,4,17
S01006541,7. Sales and customer service occupations,10,2,8
S01006541,8. Process plant and machine operatives,11,10,1
S01006541,9. Elementary occupations,19,9,10
S01006542,All people aged 16 to 74 in employment,470,260,210
S01006542,1. Managers directors and senior officials,58,45,13
S01006542,2. Professional occupations,162,95,67
S01006542,3. Associate professional and technical occupations,81,53,28
S01006542,4. Administrative and secretarial occupations,63,15,48
S01006542,5. Skilled trades occupations,28,24,4
S01006542,6. Caring leisure and other service occupations,25,1,24
S01006542,7. Sales and customer service occupations,22,8,14
S01006542,8. Process plant and machine operatives,15,14,1
S01006542,9. Elementary occupations,16,5,11
S01006543,All people aged 16 to 74 in employment,371,194,177
S01006543,1. Managers directors and senior officials,50,37,13
S01006543,2. Professional occupations,110,46,64
S01006543,3. Associate professional and technical occupations,54,36,18
S01006543,4. Administrative and secretarial occupations,63,12,51
S01006543,5. Skilled trades occupations,35,31,4
S01006543,6. Caring leisure and other service occupations,19,5,14
S01006543,7. Sales and customer service occupations,12,4,8
S01006543,8. Process plant and machine operatives,15,15,0
S01006543,9. Elementary occupations,13,8,5
S01006544,All people aged 16 to 74 in employment,634,382,252
S01006544,1. Managers directors and senior officials,92,77,15
S01006544,2. Professional occupations,245,139,106
S01006544,3. Associate professional and technical occupations,95,60,35
S01006544,4. Administrative and secretarial occupations,62,14,48
S01006544,5. Skilled trades occupations,46,44,2
S01006544,6. Caring leisure and other service occupations,19,3,16
S01006544,7. Sales and customer service occupations,32,10,22
S01006544,8. Process plant and machine operatives,23,20,3
S01006544,9. Elementary occupations,20,15,5
S01006545,All people aged 16 to 74 in employment,558,309,249
S01006545,1. Managers directors and senior officials,63,40,23
S01006545,2. Professional occupations,170,93,77
S01006545,3. Associate professional and technical occupations,107,57,50
S01006545,4. Administrative and secretarial occupations,66,14,52
S01006545,5. Skilled trades occupations,38,36,2
S01006545,6. Caring leisure and other service occupations,24,6,18
S01006545,7. Sales and customer service occupations,31,15,16
S01006545,8. Process plant and machine operatives,28,26,2
S01006545,9. Elementary occupations,31,22,9
S01006546,All people aged 16 to 74 in employment,315,177,138
S01006546,1. Managers directors and senior officials,46,36,10
S01006546,2. Professional occupations,100,54,46
S01006546,3. Associate professional and technical occupations,48,30,18
S01006546,4. Administrative and secretarial occupations,45,9,36
S01006546,5. Skilled trades occupations,27,26,1
S01006546,6. Caring leisure and other service occupations,13,0,13
S01006546,7. Sales and customer service occupations,16,6,10
S01006546,8. Process plant and machine operatives,13,13,0
S01006546,9. Elementary occupations,7,3,4
S01006547,All people aged 16 to 74 in employment,415,220,195
S01006547,1. Managers directors and senior officials,72,53,19
S01006547,2. Professional occupations,103,47,56
S01006547,3. Associate professional and technical occupations,42,22,20
S01006547,4. Administrative and secretarial occupations,52,16,36
S01006547,5. Skilled trades occupations,19,17,2
S01006547,6. Caring leisure and other service occupations,30,9,21
S01006547,7. Sales and customer service occupations,25,8,17
S01006547,8. Process plant and machine operatives,29,26,3
S01006547,9. Elementary occupations,43,22,21
S01006548,All people aged 16 to 74 in employment,339,173,166
S01006548,1. Managers directors and senior officials,42,30,12
S01006548,2. Professional occupations,105,46,59
S01006548,3. Associate professional and technical occupations,62,38,24
S01006548,4. Administrative and secretarial occupations,40,6,34
S01006548,5. Skilled trades occupations,28,26,2
S01006548,6. Caring leisure and other service occupations,16,1,15
S01006548,7. Sales and customer service occupations,17,8,9
S01006548,8. Process plant and machine operatives,13,13,0
S01006548,9. Elementary occupations,16,5,11
S01006549,All people aged 16 to 74 in employment,398,232,166
S01006549,1. Managers directors and senior officials,62,50,12
S01006549,2. Professional occupations,131,69,62
S01006549,3. Associate professional and technical occupations,52,32,20
S01006549,4. Administrative and secretarial occupations,45,10,35
S01006549,5. Skilled trades occupations,33,30,3
S01006549,6. Caring leisure and other service occupations,15,5,10
S01006549,7. Sales and customer service occupations,27,11,16
S01006549,8. Process plant and machine operatives,18,18,0
S01006549,9. Elementary occupations,15,7,8
S01006550,All people aged 16 to 74 in employment,429,230,199
S01006550,1. Managers directors and senior officials,57,43,14
S01006550,2. Professional occupations,128,63,65
S01006550,3. Associate professional and technical occupations,64,39,25
S01006550,4. Administrative and secretarial occupations,71,15,56
S01006550,5. Skilled trades occupations,35,34,1
S01006550,6. Caring leisure and other service occupations,18,2,16
S01006550,7. Sales and customer service occupations,20,10,10
S01006550,8. Process plant and machine operatives,14,13,1
S01006550,9. Elementary occupations,22,11,11
S01006551,All people aged 16 to 74 in employment,315,166,149
S01006551,1. Managers directors and senior officials,22,13,9
S01006551,2. Professional occupations,58,34,24
S01006551,3. Associate professional and technical occupations,29,16,13
S01006551,4. Administrative and secretarial occupations,38,4,34
S01006551,5. Skilled trades occupations,35,34,1
S01006551,6. Caring leisure and other service occupations,36,6,30
S01006551,7. Sales and customer service occupations,17,4,13
S01006551,8. Process plant and machine operatives,26,25,1
S01006551,9. Elementary occupations,54,30,24
S01006552,All people aged 16 to 74 in employment,521,276,245
S01006552,1. Managers directors and senior officials,51,30,21
S01006552,2. Professional occupations,168,95,73
S01006552,3. Associate professional and technical occupations,80,59,21
S01006552,4. Administrative and secretarial occupations,73,12,61
S01006552,5. Skilled trades occupations,38,34,4
S01006552,6. Caring leisure and other service occupations,41,6,35
S01006552,7. Sales and customer service occupations,24,5,19
S01006552,8. Process plant and machine operatives,19,17,2
S01006552,9. Elementary occupations,27,18,9
S01006553,All people aged 16 to 74 in employment,348,182,166
S01006553,1. Managers directors and senior officials,38,28,10
S01006553,2. Professional occupations,76,33,43
S01006553,3. Associate professional and technical occupations,51,26,25
S01006553,4. Administrative and secretarial occupations,44,9,35
S01006553,5. Skilled trades occupations,33,32,1
S01006553,6. Caring leisure and other service occupations,36,8,28
S01006553,7. Sales and customer service occupations,21,6,15
S01006553,8. Process plant and machine operatives,22,20,2
S01006553,9. Elementary occupations,27,20,7
S01006554,All people aged 16 to 74 in employment,375,198,177
S01006554,1. Managers directors and senior officials,28,18,10
S01006554,2. Professional occupations,86,45,41
S01006554,3. Associate professional and technical occupations,43,25,18
S01006554,4. Administrative and secretarial occupations,41,8,33
S01006554,5. Skilled trades occupations,45,41,4
S01006554,6. Caring leisure and other service occupations,34,2,32
S01006554,7. Sales and customer service occupations,22,4,18
S01006554,8. Process plant and machine operatives,29,27,2
S01006554,9. Elementary occupations,47,28,19
S01006555,All people aged 16 to 74 in employment,455,232,223
S01006555,1. Managers directors and senior officials,32,20,12
S01006555,2. Professional occupations,81,39,42
S01006555,3. Associate professional and technical occupations,48,28,20
S01006555,4. Administrative and secretarial occupations,57,16,41
S01006555,5. Skilled trades occupations,46,44,2
S01006555,6. Caring leisure and other service occupations,44,9,35
S01006555,7. Sales and customer service occupations,28,7,21
S01006555,8. Process plant and machine operatives,45,39,6
S01006555,9. Elementary occupations,74,30,44
S01006556,All people aged 16 to 74 in employment,383,207,176
S01006556,1. Managers directors and senior officials,24,16,8
S01006556,2. Professional occupations,40,13,27
S01006556,3. Associate professional and technical occupations,33,17,16
S01006556,4. Administrative and secretarial occupations,46,13,33
S01006556,5. Skilled trades occupations,56,50,6
S01006556,6. Caring leisure and other service occupations,48,5,43
S01006556,7. Sales and customer service occupations,27,15,12
S01006556,8. Process plant and machine operatives,42,37,5
S01006556,9. Elementary occupations,67,41,26
S01006557,All people aged 16 to 74 in employment,359,176,183
S01006557,1. Managers directors and senior officials,22,14,8
S01006557,2. Professional occupations,33,16,17
S01006557,3. Associate professional and technical occupations,29,14,15
S01006557,4. Administrative and secretarial occupations,48,10,38
S01006557,5. Skilled trades occupations,46,43,3
S01006557,6. Caring leisure and other service occupations,60,13,47
S01006557,7. Sales and customer service occupations,25,7,18
S01006557,8. Process plant and machine operatives,33,31,2
S01006557,9. Elementary occupations,63,28,35
S01006558,All people aged 16 to 74 in employment,409,228,181
S01006558,1. Managers directors and senior officials,27,19,8
S01006558,2. Professional occupations,171,88,83
S01006558,3. Associate professional and technical occupations,72,45,27
S01006558,4. Administrative and secretarial occupations,42,9,33
S01006558,5. Skilled trades occupations,39,33,6
S01006558,6. Caring leisure and other service occupations,7,0,7
S01006558,7. Sales and customer service occupations,25,13,12
S01006558,8. Process plant and machine operatives,11,11,0
S01006558,9. Elementary occupations,15,10,5
S01006559,All people aged 16 to 74 in employment,325,185,140
S01006559,1. Managers directors and senior officials,40,30,10
S01006559,2. Professional occupations,143,81,62
S01006559,3. Associate professional and technical occupations,59,33,26
S01006559,4. Administrative and secretarial occupations,28,6,22
S01006559,5. Skilled trades occupations,12,10,2
S01006559,6. Caring leisure and other service occupations,8,3,5
S01006559,7. Sales and customer service occupations,22,12,10
S01006559,8. Process plant and machine operatives,4,4,0
S01006559,9. Elementary occupations,9,6,3
S01006560,All people aged 16 to 74 in employment,517,272,245
S01006560,1. Managers directors and senior officials,73,51,22
S01006560,2. Professional occupations,218,101,117
S01006560,3. Associate professional and technical occupations,76,43,33
S01006560,4. Administrative and secretarial occupations,46,13,33
S01006560,5. Skilled trades occupations,31,25,6
S01006560,6. Caring leisure and other service occupations,19,3,16
S01006560,7. Sales and customer service occupations,13,4,9
S01006560,8. Process plant and machine operatives,14,13,1
S01006560,9. Elementary occupations,27,19,8
S01006561,All people aged 16 to 74 in employment,398,207,191
S01006561,1. Managers directors and senior officials,44,24,20
S01006561,2. Professional occupations,172,91,81
S01006561,3. Associate professional and technical occupations,54,36,18
S01006561,4. Administrative and secretarial occupations,35,9,26
S01006561,5. Skilled trades occupations,21,19,2
S01006561,6. Caring leisure and other service occupations,18,3,15
S01006561,7. Sales and customer service occupations,21,4,17
S01006561,8. Process plant and machine operatives,12,11,1
S01006561,9. Elementary occupations,21,10,11
S01006562,All people aged 16 to 74 in employment,352,189,163
S01006562,1. Managers directors and senior officials,41,23,18
S01006562,2. Professional occupations,114,64,50
S01006562,3. Associate professional and technical occupations,39,23,16
S01006562,4. Administrative and secretarial occupations,48,11,37
S01006562,5. Skilled trades occupations,24,21,3
S01006562,6. Caring leisure and other service occupations,21,4,17
S01006562,7. Sales and customer service occupations,21,11,10
S01006562,8. Process plant and machine operatives,17,16,1
S01006562,9. Elementary occupations,27,16,11
S01006563,All people aged 16 to 74 in employment,408,228,180
S01006563,1. Managers directors and senior officials,26,20,6
S01006563,2. Professional occupations,176,95,81
S01006563,3. Associate professional and technical occupations,48,28,20
S01006563,4. Administrative and secretarial occupations,41,10,31
S01006563,5. Skilled trades occupations,34,29,5
S01006563,6. Caring leisure and other service occupations,18,3,15
S01006563,7. Sales and customer service occupations,22,13,9
S01006563,8. Process plant and machine operatives,21,21,0
S01006563,9. Elementary occupations,22,9,13
S01006564,All people aged 16 to 74 in employment,585,303,282
S01006564,1. Managers directors and senior officials,38,23,15
S01006564,2. Professional occupations,146,68,78
S01006564,3. Associate professional and technical occupations,91,53,38
S01006564,4. Administrative and secretarial occupations,46,10,36
S01006564,5. Skilled trades occupations,52,51,1
S01006564,6. Caring leisure and other service occupations,46,10,36
S01006564,7. Sales and customer service occupations,58,19,39
S01006564,8. Process plant and machine operatives,30,29,1
S01006564,9. Elementary occupations,78,40,38
S01006565,All people aged 16 to 74 in employment,608,332,276
S01006565,1. Managers directors and senior officials,41,25,16
S01006565,2. Professional occupations,143,84,59
S01006565,3. Associate professional and technical occupations,94,60,34
S01006565,4. Administrative and secretarial occupations,65,16,49
S01006565,5. Skilled trades occupations,56,51,5
S01006565,6. Caring leisure and other service occupations,35,5,30
S01006565,7. Sales and customer service occupations,67,22,45
S01006565,8. Process plant and machine operatives,27,23,4
S01006565,9. Elementary occupations,80,46,34
S01006566,All people aged 16 to 74 in employment,484,254,230
S01006566,1. Managers directors and senior officials,34,20,14
S01006566,2. Professional occupations,170,89,81
S01006566,3. Associate professional and technical occupations,77,40,37
S01006566,4. Administrative and secretarial occupations,48,13,35
S01006566,5. Skilled trades occupations,42,40,2
S01006566,6. Caring leisure and other service occupations,24,5,19
S01006566,7. Sales and customer service occupations,31,13,18
S01006566,8. Process plant and machine operatives,16,12,4
S01006566,9. Elementary occupations,42,22,20
S01006567,All people aged 16 to 74 in employment,500,265,235
S01006567,1. Managers directors and senior officials,24,17,7
S01006567,2. Professional occupations,106,55,51
S01006567,3. Associate professional and technical occupations,92,53,39
S01006567,4. Administrative and secretarial occupations,51,9,42
S01006567,5. Skilled trades occupations,52,43,9
S01006567,6. Caring leisure and other service occupations,34,6,28
S01006567,7. Sales and customer service occupations,44,18,26
S01006567,8. Process plant and machine operatives,28,24,4
S01006567,9. Elementary occupations,69,40,29
S01006568,All people aged 16 to 74 in employment,706,361,345
S01006568,1. Managers directors and senior officials,42,26,16
S01006568,2. Professional occupations,251,122,129
S01006568,3. Associate professional and technical occupations,118,57,61
S01006568,4. Administrative and secretarial occupations,60,14,46
S01006568,5. Skilled trades occupations,61,53,8
S01006568,6. Caring leisure and other service occupations,39,13,26
S01006568,7. Sales and customer service occupations,55,25,30
S01006568,8. Process plant and machine operatives,29,26,3
S01006568,9. Elementary occupations,51,25,26
S01006569,All people aged 16 to 74 in employment,351,185,166
S01006569,1. Managers directors and senior officials,31,20,11
S01006569,2. Professional occupations,119,66,53
S01006569,3. Associate professional and technical occupations,52,22,30
S01006569,4. Administrative and secretarial occupations,29,4,25
S01006569,5. Skilled trades occupations,28,24,4
S01006569,6. Caring leisure and other service occupations,24,7,17
S01006569,7. Sales and customer service occupations,20,12,8
S01006569,8. Process plant and machine operatives,12,11,1
S01006569,9. Elementary occupations,36,19,17
S01006570,All people aged 16 to 74 in employment,445,241,204
S01006570,1. Managers directors and senior officials,52,37,15
S01006570,2. Professional occupations,163,87,76
S01006570,3. Associate professional and technical occupations,77,42,35
S01006570,4. Administrative and secretarial occupations,40,7,33
S01006570,5. Skilled trades occupations,29,24,5
S01006570,6. Caring leisure and other service occupations,22,6,16
S01006570,7. Sales and customer service occupations,16,6,10
S01006570,8. Process plant and machine operatives,15,15,0
S01006570,9. Elementary occupations,31,17,14
S01006571,All people aged 16 to 74 in employment,525,292,233
S01006571,1. Managers directors and senior officials,59,38,21
S01006571,2. Professional occupations,191,105,86
S01006571,3. Associate professional and technical occupations,92,56,36
S01006571,4. Administrative and secretarial occupations,54,15,39
S01006571,5. Skilled trades occupations,35,29,6
S01006571,6. Caring leisure and other service occupations,20,9,11
S01006571,7. Sales and customer service occupations,28,12,16
S01006571,8. Process plant and machine operatives,12,11,1
S01006571,9. Elementary occupations,34,17,17
S01006572,All people aged 16 to 74 in employment,453,258,195
S01006572,1. Managers directors and senior officials,90,65,25
S01006572,2. Professional occupations,186,94,92
S01006572,3. Associate professional and technical occupations,59,39,20
S01006572,4. Administrative and secretarial occupations,37,9,28
S01006572,5. Skilled trades occupations,22,19,3
S01006572,6. Caring leisure and other service occupations,22,6,16
S01006572,7. Sales and customer service occupations,15,8,7
S01006572,8. Process plant and machine operatives,12,12,0
S01006572,9. Elementary occupations,10,6,4
S01006573,All people aged 16 to 74 in employment,390,212,178
S01006573,1. Managers directors and senior officials,72,50,22
S01006573,2. Professional occupations,166,86,80
S01006573,3. Associate professional and technical occupations,44,27,17
S01006573,4. Administrative and secretarial occupations,37,5,32
S01006573,5. Skilled trades occupations,19,16,3
S01006573,6. Caring leisure and other service occupations,12,2,10
S01006573,7. Sales and customer service occupations,12,5,7
S01006573,8. Process plant and machine operatives,14,14,0
S01006573,9. Elementary occupations,14,7,7
S01006574,All people aged 16 to 74 in employment,510,299,211
S01006574,1. Managers directors and senior officials,97,70,27
S01006574,2. Professional occupations,192,116,76
S01006574,3. Associate professional and technical occupations,78,46,32
S01006574,4. Administrative and secretarial occupations,41,10,31
S01006574,5. Skilled trades occupations,25,21,4
S01006574,6. Caring leisure and other service occupations,22,5,17
S01006574,7. Sales and customer service occupations,20,6,14
S01006574,8. Process plant and machine operatives,16,14,2
S01006574,9. Elementary occupations,19,11,8
S01006575,All people aged 16 to 74 in employment,531,305,226
S01006575,1. Managers directors and senior officials,78,51,27
S01006575,2. Professional occupations,207,121,86
S01006575,3. Associate professional and technical occupations,72,35,37
S01006575,4. Administrative and secretarial occupations,51,13,38
S01006575,5. Skilled trades occupations,36,35,1
S01006575,6. Caring leisure and other service occupations,17,4,13
S01006575,7. Sales and customer service occupations,30,15,15
S01006575,8. Process plant and machine operatives,17,17,0
S01006575,9. Elementary occupations,23,14,9
S01006576,All people aged 16 to 74 in employment,435,237,198
S01006576,1. Managers directors and senior officials,49,34,15
S01006576,2. Professional occupations,165,90,75
S01006576,3. Associate professional and technical occupations,76,39,37
S01006576,4. Administrative and secretarial occupations,39,8,31
S01006576,5. Skilled trades occupations,28,22,6
S01006576,6. Caring leisure and other service occupations,13,4,9
S01006576,7. Sales and customer service occupations,21,9,12
S01006576,8. Process plant and machine operatives,16,15,1
S01006576,9. Elementary occupations,28,16,12
S01006577,All people aged 16 to 74 in employment,510,277,233
S01006577,1. Managers directors and senior officials,44,29,15
S01006577,2. Professional occupations,182,103,79
S01006577,3. Associate professional and technical occupations,87,44,43
S01006577,4. Administrative and secretarial occupations,60,14,46
S01006577,5. Skilled trades occupations,40,38,2
S01006577,6. Caring leisure and other service occupations,24,5,19
S01006577,7. Sales and customer service occupations,35,15,20
S01006577,8. Process plant and machine operatives,15,14,1
S01006577,9. Elementary occupations,23,15,8
S01006578,All people aged 16 to 74 in employment,742,410,332
S01006578,1. Managers directors and senior officials,48,34,14
S01006578,2. Professional occupations,224,121,103
S01006578,3. Associate professional and technical occupations,134,78,56
S01006578,4. Administrative and secretarial occupations,76,18,58
S01006578,5. Skilled trades occupations,65,61,4
S01006578,6. Caring leisure and other service occupations,39,12,27
S01006578,7. Sales and customer service occupations,54,19,35
S01006578,8. Process plant and machine operatives,32,28,4
S01006578,9. Elementary occupations,70,39,31
S01006579,All people aged 16 to 74 in employment,709,410,299
S01006579,1. Managers directors and senior officials,48,26,22
S01006579,2. Professional occupations,210,125,85
S01006579,3. Associate professional and technical occupations,121,71,50
S01006579,4. Administrative and secretarial occupations,77,19,58
S01006579,5. Skilled trades occupations,61,55,6
S01006579,6. Caring leisure and other service occupations,38,13,25
S01006579,7. Sales and customer service occupations,47,20,27
S01006579,8. Process plant and machine operatives,38,37,1
S01006579,9. Elementary occupations,69,44,25
S01006580,All people aged 16 to 74 in employment,492,267,225
S01006580,1. Managers directors and senior officials,37,23,14
S01006580,2. Professional occupations,177,97,80
S01006580,3. Associate professional and technical occupations,87,43,44
S01006580,4. Administrative and secretarial occupations,47,10,37
S01006580,5. Skilled trades occupations,36,32,4
S01006580,6. Caring leisure and other service occupations,17,4,13
S01006580,7. Sales and customer service occupations,34,16,18
S01006580,8. Process plant and machine operatives,24,23,1
S01006580,9. Elementary occupations,33,19,14
S01006581,All people aged 16 to 74 in employment,478,272,206
S01006581,1. Managers directors and senior officials,65,45,20
S01006581,2. Professional occupations,177,106,71
S01006581,3. Associate professional and technical occupations,74,42,32
S01006581,4. Administrative and secretarial occupations,48,10,38
S01006581,5. Skilled trades occupations,26,22,4
S01006581,6. Caring leisure and other service occupations,20,3,17
S01006581,7. Sales and customer service occupations,28,15,13
S01006581,8. Process plant and machine operatives,21,19,2
S01006581,9. Elementary occupations,19,10,9
S01006582,All people aged 16 to 74 in employment,610,359,251
S01006582,1. Managers directors and senior officials,46,24,22
S01006582,2. Professional occupations,180,111,69
S01006582,3. Associate professional and technical occupations,80,40,40
S01006582,4. Administrative and secretarial occupations,70,23,47
S01006582,5. Skilled trades occupations,35,31,4
S01006582,6. Caring leisure and other service occupations,32,12,20
S01006582,7. Sales and customer service occupations,51,30,21
S01006582,8. Process plant and machine operatives,36,33,3
S01006582,9. Elementary occupations,80,55,25
S01006583,All people aged 16 to 74 in employment,507,284,223
S01006583,1. Managers directors and senior officials,23,13,10
S01006583,2. Professional occupations,157,98,59
S01006583,3. Associate professional and technical occupations,82,54,28
S01006583,4. Administrative and secretarial occupations,54,16,38
S01006583,5. Skilled trades occupations,33,29,4
S01006583,6. Caring leisure and other service occupations,27,7,20
S01006583,7. Sales and customer service occupations,52,18,34
S01006583,8. Process plant and machine operatives,17,17,0
S01006583,9. Elementary occupations,62,32,30
S01006584,All people aged 16 to 74 in employment,439,234,205
S01006584,1. Managers directors and senior officials,34,21,13
S01006584,2. Professional occupations,128,75,53
S01006584,3. Associate professional and technical occupations,82,45,37
S01006584,4. Administrative and secretarial occupations,39,5,34
S01006584,5. Skilled trades occupations,40,33,7
S01006584,6. Caring leisure and other service occupations,23,5,18
S01006584,7. Sales and customer service occupations,35,10,25
S01006584,8. Process plant and machine operatives,16,12,4
S01006584,9. Elementary occupations,42,28,14
S01006585,All people aged 16 to 74 in employment,469,253,216
S01006585,1. Managers directors and senior officials,26,15,11
S01006585,2. Professional occupations,91,51,40
S01006585,3. Associate professional and technical occupations,55,31,24
S01006585,4. Administrative and secretarial occupations,50,16,34
S01006585,5. Skilled trades occupations,50,44,6
S01006585,6. Caring leisure and other service occupations,38,7,31
S01006585,7. Sales and customer service occupations,50,21,29
S01006585,8. Process plant and machine operatives,30,26,4
S01006585,9. Elementary occupations,79,42,37
S01006586,All people aged 16 to 74 in employment,648,347,301
S01006586,1. Managers directors and senior officials,46,22,24
S01006586,2. Professional occupations,153,89,64
S01006586,3. Associate professional and technical occupations,84,45,39
S01006586,4. Administrative and secretarial occupations,68,27,41
S01006586,5. Skilled trades occupations,56,47,9
S01006586,6. Caring leisure and other service occupations,34,5,29
S01006586,7. Sales and customer service occupations,78,38,40
S01006586,8. Process plant and machine operatives,32,29,3
S01006586,9. Elementary occupations,97,45,52
S01006587,All people aged 16 to 74 in employment,370,209,161
S01006587,1. Managers directors and senior officials,30,16,14
S01006587,2. Professional occupations,73,48,25
S01006587,3. Associate professional and technical occupations,46,26,20
S01006587,4. Administrative and secretarial occupations,44,11,33
S01006587,5. Skilled trades occupations,41,36,5
S01006587,6. Caring leisure and other service occupations,33,11,22
S01006587,7. Sales and customer service occupations,38,16,22
S01006587,8. Process plant and machine operatives,17,16,1
S01006587,9. Elementary occupations,48,29,19
S01006588,All people aged 16 to 74 in employment,424,229,195
S01006588,1. Managers directors and senior officials,37,23,14
S01006588,2. Professional occupations,86,51,35
S01006588,3. Associate professional and technical occupations,56,35,21
S01006588,4. Administrative and secretarial occupations,40,10,30
S01006588,5. Skilled trades occupations,27,25,2
S01006588,6. Caring leisure and other service occupations,39,8,31
S01006588,7. Sales and customer service occupations,53,25,28
S01006588,8. Process plant and machine operatives,16,15,1
S01006588,9. Elementary occupations,70,37,33
S01006589,All people aged 16 to 74 in employment,438,258,180
S01006589,1. Managers directors and senior officials,22,12,10
S01006589,2. Professional occupations,71,44,27
S01006589,3. Associate professional and technical occupations,55,38,17
S01006589,4. Administrative and secretarial occupations,35,11,24
S01006589,5. Skilled trades occupations,53,46,7
S01006589,6. Caring leisure and other service occupations,32,9,23
S01006589,7. Sales and customer service occupations,57,27,30
S01006589,8. Process plant and machine operatives,25,24,1
S01006589,9. Elementary occupations,88,47,41
S01006590,All people aged 16 to 74 in employment,480,290,190
S01006590,1. Managers directors and senior officials,46,25,21
S01006590,2. Professional occupations,124,83,41
S01006590,3. Associate professional and technical occupations,79,54,25
S01006590,4. Administrative and secretarial occupations,49,19,30
S01006590,5. Skilled trades occupations,42,38,4
S01006590,6. Caring leisure and other service occupations,39,11,28
S01006590,7. Sales and customer service occupations,49,23,26
S01006590,8. Process plant and machine operatives,16,16,0
S01006590,9. Elementary occupations,36,21,15
S01006591,All people aged 16 to 74 in employment,530,276,254
S01006591,1. Managers directors and senior officials,39,18,21
S01006591,2. Professional occupations,153,87,66
S01006591,3. Associate professional and technical occupations,72,33,39
S01006591,4. Administrative and secretarial occupations,67,13,54
S01006591,5. Skilled trades occupations,49,46,3
S01006591,6. Caring leisure and other service occupations,37,12,25
S01006591,7. Sales and customer service occupations,45,17,28
S01006591,8. Process plant and machine operatives,19,18,1
S01006591,9. Elementary occupations,49,32,17
S01006592,All people aged 16 to 74 in employment,512,320,192
S01006592,1. Managers directors and senior officials,38,23,15
S01006592,2. Professional occupations,161,106,55
S01006592,3. Associate professional and technical occupations,110,64,46
S01006592,4. Administrative and secretarial occupations,44,15,29
S01006592,5. Skilled trades occupations,59,57,2
S01006592,6. Caring leisure and other service occupations,22,5,17
S01006592,7. Sales and customer service occupations,23,9,14
S01006592,8. Process plant and machine operatives,29,24,5
S01006592,9. Elementary occupations,26,17,9
S01006593,All people aged 16 to 74 in employment,550,332,218
S01006593,1. Managers directors and senior officials,36,24,12
S01006593,2. Professional occupations,178,106,72
S01006593,3. Associate professional and technical occupations,110,61,49
S01006593,4. Administrative and secretarial occupations,43,18,25
S01006593,5. Skilled trades occupations,53,47,6
S01006593,6. Caring leisure and other service occupations,24,5,19
S01006593,7. Sales and customer service occupations,38,17,21
S01006593,8. Process plant and machine operatives,31,28,3
S01006593,9. Elementary occupations,37,26,11
S01006594,All people aged 16 to 74 in employment,336,175,161
S01006594,1. Managers directors and senior officials,27,17,10
S01006594,2. Professional occupations,88,48,40
S01006594,3. Associate professional and technical occupations,46,25,21
S01006594,4. Administrative and secretarial occupations,48,8,40
S01006594,5. Skilled trades occupations,30,29,1
S01006594,6. Caring leisure and other service occupations,29,4,25
S01006594,7. Sales and customer service occupations,24,11,13
S01006594,8. Process plant and machine operatives,15,13,2
S01006594,9. Elementary occupations,29,20,9
S01006595,All people aged 16 to 74 in employment,685,376,309
S01006595,1. Managers directors and senior officials,55,33,22
S01006595,2. Professional occupations,214,128,86
S01006595,3. Associate professional and technical occupations,128,67,61
S01006595,4. Administrative and secretarial occupations,93,26,67
S01006595,5. Skilled trades occupations,45,41,4
S01006595,6. Caring leisure and other service occupations,29,8,21
S01006595,7. Sales and customer service occupations,52,28,24
S01006595,8. Process plant and machine operatives,29,22,7
S01006595,9. Elementary occupations,40,23,17
S01006596,All people aged 16 to 74 in employment,488,275,213
S01006596,1. Managers directors and senior officials,46,24,22
S01006596,2. Professional occupations,176,93,83
S01006596,3. Associate professional and technical occupations,75,47,28
S01006596,4. Administrative and secretarial occupations,48,16,32
S01006596,5. Skilled trades occupations,46,41,5
S01006596,6. Caring leisure and other service occupations,25,6,19
S01006596,7. Sales and customer service occupations,29,15,14
S01006596,8. Process plant and machine operatives,23,22,1
S01006596,9. Elementary occupations,20,11,9
S01006597,All people aged 16 to 74 in employment,408,226,182
S01006597,1. Managers directors and senior officials,20,10,10
S01006597,2. Professional occupations,111,59,52
S01006597,3. Associate professional and technical occupations,72,33,39
S01006597,4. Administrative and secretarial occupations,43,16,27
S01006597,5. Skilled trades occupations,46,44,2
S01006597,6. Caring leisure and other service occupations,29,8,21
S01006597,7. Sales and customer service occupations,28,17,11
S01006597,8. Process plant and machine operatives,20,19,1
S01006597,9. Elementary occupations,39,20,19
S01006598,All people aged 16 to 74 in employment,572,334,238
S01006598,1. Managers directors and senior officials,69,52,17
S01006598,2. Professional occupations,211,122,89
S01006598,3. Associate professional and technical occupations,97,58,39
S01006598,4. Administrative and secretarial occupations,57,13,44
S01006598,5. Skilled trades occupations,54,48,6
S01006598,6. Caring leisure and other service occupations,23,3,20
S01006598,7. Sales and customer service occupations,19,6,13
S01006598,8. Process plant and machine operatives,23,20,3
S01006598,9. Elementary occupations,19,12,7
S01006599,All people aged 16 to 74 in employment,450,250,200
S01006599,1. Managers directors and senior officials,36,20,16
S01006599,2. Professional occupations,88,47,41
S01006599,3. Associate professional and technical occupations,56,36,20
S01006599,4. Administrative and secretarial occupations,59,9,50
S01006599,5. Skilled trades occupations,56,51,5
S01006599,6. Caring leisure and other service occupations,31,4,27
S01006599,7. Sales and customer service occupations,44,21,23
S01006599,8. Process plant and machine operatives,32,31,1
S01006599,9. Elementary occupations,48,31,17
S01006600,All people aged 16 to 74 in employment,603,331,272
S01006600,1. Managers directors and senior officials,51,36,15
S01006600,2. Professional occupations,171,95,76
S01006600,3. Associate professional and technical occupations,102,56,46
S01006600,4. Administrative and secretarial occupations,78,18,60
S01006600,5. Skilled trades occupations,57,54,3
S01006600,6. Caring leisure and other service occupations,44,12,32
S01006600,7. Sales and customer service occupations,36,13,23
S01006600,8. Process plant and machine operatives,31,29,2
S01006600,9. Elementary occupations,33,18,15
S01006601,All people aged 16 to 74 in employment,644,352,292
S01006601,1. Managers directors and senior officials,47,28,19
S01006601,2. Professional occupations,186,103,83
S01006601,3. Associate professional and technical occupations,98,52,46
S01006601,4. Administrative and secretarial occupations,91,23,68
S01006601,5. Skilled trades occupations,70,64,6
S01006601,6. Caring leisure and other service occupations,33,11,22
S01006601,7. Sales and customer service occupations,48,21,27
S01006601,8. Process plant and machine operatives,23,22,1
S01006601,9. Elementary occupations,48,28,20
S01006602,All people aged 16 to 74 in employment,433,243,190
S01006602,1. Managers directors and senior officials,61,41,20
S01006602,2. Professional occupations,168,90,78
S01006602,3. Associate professional and technical occupations,66,40,26
S01006602,4. Administrative and secretarial occupations,34,6,28
S01006602,5. Skilled trades occupations,32,30,2
S01006602,6. Caring leisure and other service occupations,13,2,11
S01006602,7. Sales and customer service occupations,22,11,11
S01006602,8. Process plant and machine operatives,15,14,1
S01006602,9. Elementary occupations,22,9,13
S01006603,All people aged 16 to 74 in employment,391,206,185
S01006603,1. Managers directors and senior officials,14,6,8
S01006603,2. Professional occupations,21,12,9
S01006603,3. Associate professional and technical occupations,36,17,19
S01006603,4. Administrative and secretarial occupations,59,13,46
S01006603,5. Skilled trades occupations,63,57,6
S01006603,6. Caring leisure and other service occupations,43,8,35
S01006603,7. Sales and customer service occupations,40,16,24
S01006603,8. Process plant and machine operatives,37,36,1
S01006603,9. Elementary occupations,78,41,37
S01006604,All people aged 16 to 74 in employment,355,183,172
S01006604,1. Managers directors and senior officials,23,15,8
S01006604,2. Professional occupations,32,13,19
S01006604,3. Associate professional and technical occupations,36,23,13
S01006604,4. Administrative and secretarial occupations,55,10,45
S01006604,5. Skilled trades occupations,45,40,5
S01006604,6. Caring leisure and other service occupations,36,5,31
S01006604,7. Sales and customer service occupations,34,13,21
S01006604,8. Process plant and machine operatives,38,38,0
S01006604,9. Elementary occupations,56,26,30
S01006605,All people aged 16 to 74 in employment,364,187,177
S01006605,1. Managers directors and senior officials,11,9,2
S01006605,2. Professional occupations,33,16,17
S01006605,3. Associate professional and technical occupations,33,13,20
S01006605,4. Administrative and secretarial occupations,41,7,34
S01006605,5. Skilled trades occupations,55,44,11
S01006605,6. Caring leisure and other service occupations,40,4,36
S01006605,7. Sales and customer service occupations,28,8,20
S01006605,8. Process plant and machine operatives,55,51,4
S01006605,9. Elementary occupations,68,35,33
S01006606,All people aged 16 to 74 in employment,403,236,167
S01006606,1. Managers directors and senior officials,40,29,11
S01006606,2. Professional occupations,71,31,40
S01006606,3. Associate professional and technical occupations,56,42,14
S01006606,4. Administrative and secretarial occupations,55,10,45
S01006606,5. Skilled trades occupations,50,47,3
S01006606,6. Caring leisure and other service occupations,26,4,22
S01006606,7. Sales and customer service occupations,21,8,13
S01006606,8. Process plant and machine operatives,39,36,3
S01006606,9. Elementary occupations,45,29,16
S01006607,All people aged 16 to 74 in employment,493,250,243
S01006607,1. Managers directors and senior officials,19,11,8
S01006607,2. Professional occupations,49,23,26
S01006607,3. Associate professional and technical occupations,45,22,23
S01006607,4. Administrative and secretarial occupations,79,20,59
S01006607,5. Skilled trades occupations,73,70,3
S01006607,6. Caring leisure and other service occupations,46,8,38
S01006607,7. Sales and customer service occupations,48,10,38
S01006607,8. Process plant and machine operatives,55,50,5
S01006607,9. Elementary occupations,79,36,43
S01006608,All people aged 16 to 74 in employment,391,218,173
S01006608,1. Managers directors and senior officials,28,22,6
S01006608,2. Professional occupations,70,35,35
S01006608,3. Associate professional and technical occupations,58,39,19
S01006608,4. Administrative and secretarial occupations,60,2,58
S01006608,5. Skilled trades occupations,65,58,7
S01006608,6. Caring leisure and other service occupations,23,1,22
S01006608,7. Sales and customer service occupations,18,7,11
S01006608,8. Process plant and machine operatives,39,38,1
S01006608,9. Elementary occupations,30,16,14
S01006609,All people aged 16 to 74 in employment,530,272,258
S01006609,1. Managers directors and senior officials,26,16,10
S01006609,2. Professional occupations,41,20,21
S01006609,3. Associate professional and technical occupations,49,30,19
S01006609,4. Administrative and secretarial occupations,79,12,67
S01006609,5. Skilled trades occupations,84,76,8
S01006609,6. Caring leisure and other service occupations,57,4,53
S01006609,7. Sales and customer service occupations,42,13,29
S01006609,8. Process plant and machine operatives,58,52,6
S01006609,9. Elementary occupations,94,49,45
S01006610,All people aged 16 to 74 in employment,231,114,117
S01006610,1. Managers directors and senior officials,18,8,10
S01006610,2. Professional occupations,10,3,7
S01006610,3. Associate professional and technical occupations,22,11,11
S01006610,4. Administrative and secretarial occupations,31,6,25
S01006610,5. Skilled trades occupations,44,42,2
S01006610,6. Caring leisure and other service occupations,28,2,26
S01006610,7. Sales and customer service occupations,22,6,16
S01006610,8. Process plant and machine operatives,24,19,5
S01006610,9. Elementary occupations,32,17,15
S01006611,All people aged 16 to 74 in employment,437,211,226
S01006611,1. Managers directors and senior officials,18,11,7
S01006611,2. Professional occupations,37,20,17
S01006611,3. Associate professional and technical occupations,47,28,19
S01006611,4. Administrative and secretarial occupations,68,15,53
S01006611,5. Skilled trades occupations,55,50,5
S01006611,6. Caring leisure and other service occupations,46,2,44
S01006611,7. Sales and customer service occupations,53,9,44
S01006611,8. Process plant and machine operatives,45,40,5
S01006611,9. Elementary occupations,68,36,32
S01006612,All people aged 16 to 74 in employment,489,249,240
S01006612,1. Managers directors and senior officials,25,19,6
S01006612,2. Professional occupations,68,29,39
S01006612,3. Associate professional and technical occupations,58,35,23
S01006612,4. Administrative and secretarial occupations,75,22,53
S01006612,5. Skilled trades occupations,60,50,10
S01006612,6. Caring leisure and other service occupations,60,7,53
S01006612,7. Sales and customer service occupations,41,12,29
S01006612,8. Process plant and machine operatives,49,42,7
S01006612,9. Elementary occupations,53,33,20
S01006613,All people aged 16 to 74 in employment,402,199,203
S01006613,1. Managers directors and senior officials,30,22,8
S01006613,2. Professional occupations,52,26,26
S01006613,3. Associate professional and technical occupations,72,37,35
S01006613,4. Administrative and secretarial occupations,88,13,75
S01006613,5. Skilled trades occupations,54,51,3
S01006613,6. Caring leisure and other service occupations,26,1,25
S01006613,7. Sales and customer service occupations,29,7,22
S01006613,8. Process plant and machine operatives,28,28,0
S01006613,9. Elementary occupations,23,14,9
S01006614,All people aged 16 to 74 in employment,408,215,193
S01006614,1. Managers directors and senior officials,27,22,5
S01006614,2. Professional occupations,86,45,41
S01006614,3. Associate professional and technical occupations,82,45,37
S01006614,4. Administrative and secretarial occupations,64,15,49
S01006614,5. Skilled trades occupations,50,41,9
S01006614,6. Caring leisure and other service occupations,24,2,22
S01006614,7. Sales and customer service occupations,20,5,15
S01006614,8. Process plant and machine operatives,33,29,4
S01006614,9. Elementary occupations,22,11,11
S01006615,All people aged 16 to 74 in employment,453,248,205
S01006615,1. Managers directors and senior officials,53,36,17
S01006615,2. Professional occupations,80,44,36
S01006615,3. Associate professional and technical occupations,80,55,25
S01006615,4. Administrative and secretarial occupations,75,11,64
S01006615,5. Skilled trades occupations,49,45,4
S01006615,6. Caring leisure and other service occupations,32,2,30
S01006615,7. Sales and customer service occupations,25,9,16
S01006615,8. Process plant and machine operatives,36,35,1
S01006615,9. Elementary occupations,23,11,12
S01006616,All people aged 16 to 74 in employment,573,296,277
S01006616,1. Managers directors and senior officials,27,20,7
S01006616,2. Professional occupations,84,49,35
S01006616,3. Associate professional and technical occupations,78,42,36
S01006616,4. Administrative and secretarial occupations,103,13,90
S01006616,5. Skilled trades occupations,85,82,3
S01006616,6. Caring leisure and other service occupations,49,2,47
S01006616,7. Sales and customer service occupations,60,18,42
S01006616,8. Process plant and machine operatives,56,54,2
S01006616,9. Elementary occupations,31,16,15
S01006617,All people aged 16 to 74 in employment,398,214,184
S01006617,1. Managers directors and senior officials,40,31,9
S01006617,2. Professional occupations,44,23,21
S01006617,3. Associate professional and technical occupations,57,37,20
S01006617,4. Administrative and secretarial occupations,70,9,61
S01006617,5. Skilled trades occupations,49,45,4
S01006617,6. Caring leisure and other service occupations,33,4,29
S01006617,7. Sales and customer service occupations,31,9,22
S01006617,8. Process plant and machine operatives,43,38,5
S01006617,9. Elementary occupations,31,18,13
S01006618,All people aged 16 to 74 in employment,334,173,161
S01006618,1. Managers directors and senior officials,34,19,15
S01006618,2. Professional occupations,41,20,21
S01006618,3. Associate professional and technical occupations,46,23,23
S01006618,4. Administrative and secretarial occupations,53,10,43
S01006618,5. Skilled trades occupations,58,56,2
S01006618,6. Caring leisure and other service occupations,27,1,26
S01006618,7. Sales and customer service occupations,24,5,19
S01006618,8. Process plant and machine operatives,25,25,0
S01006618,9. Elementary occupations,26,14,12
S01006619,All people aged 16 to 74 in employment,533,267,266
S01006619,1. Managers directors and senior officials,32,26,6
S01006619,2. Professional occupations,74,32,42
S01006619,3. Associate professional and technical occupations,69,34,35
S01006619,4. Administrative and secretarial occupations,72,10,62
S01006619,5. Skilled trades occupations,83,78,5
S01006619,6. Caring leisure and other service occupations,50,3,47
S01006619,7. Sales and customer service occupations,48,12,36
S01006619,8. Process plant and machine operatives,45,37,8
S01006619,9. Elementary occupations,60,35,25
S01006620,All people aged 16 to 74 in employment,544,276,268
S01006620,1. Managers directors and senior officials,31,19,12
S01006620,2. Professional occupations,68,32,36
S01006620,3. Associate professional and technical occupations,76,45,31
S01006620,4. Administrative and secretarial occupations,80,11,69
S01006620,5. Skilled trades occupations,78,69,9
S01006620,6. Caring leisure and other service occupations,46,4,42
S01006620,7. Sales and customer service occupations,62,21,41
S01006620,8. Process plant and machine operatives,54,47,7
S01006620,9. Elementary occupations,49,28,21
S01006621,All people aged 16 to 74 in employment,314,161,153
S01006621,1. Managers directors and senior officials,20,12,8
S01006621,2. Professional occupations,35,17,18
S01006621,3. Associate professional and technical occupations,44,25,19
S01006621,4. Administrative and secretarial occupations,40,5,35
S01006621,5. Skilled trades occupations,50,47,3
S01006621,6. Caring leisure and other service occupations,29,3,26
S01006621,7. Sales and customer service occupations,30,6,24
S01006621,8. Process plant and machine operatives,31,28,3
S01006621,9. Elementary occupations,35,18,17
S01006622,All people aged 16 to 74 in employment,462,239,223
S01006622,1. Managers directors and senior officials,37,24,13
S01006622,2. Professional occupations,70,37,33
S01006622,3. Associate professional and technical occupations,70,35,35
S01006622,4. Administrative and secretarial occupations,85,14,71
S01006622,5. Skilled trades occupations,70,67,3
S01006622,6. Caring leisure and other service occupations,33,5,28
S01006622,7. Sales and customer service occupations,34,12,22
S01006622,8. Process plant and machine operatives,33,29,4
S01006622,9. Elementary occupations,30,16,14
S01006623,All people aged 16 to 74 in employment,418,240,178
S01006623,1. Managers directors and senior officials,21,12,9
S01006623,2. Professional occupations,46,27,19
S01006623,3. Associate professional and technical occupations,47,32,15
S01006623,4. Administrative and secretarial occupations,52,15,37
S01006623,5. Skilled trades occupations,64,60,4
S01006623,6. Caring leisure and other service occupations,40,5,35
S01006623,7. Sales and customer service occupations,39,10,29
S01006623,8. Process plant and machine operatives,46,42,4
S01006623,9. Elementary occupations,63,37,26
S01006624,All people aged 16 to 74 in employment,539,317,222
S01006624,1. Managers directors and senior officials,19,11,8
S01006624,2. Professional occupations,70,31,39
S01006624,3. Associate professional and technical occupations,49,32,17
S01006624,4. Administrative and secretarial occupations,50,17,33
S01006624,5. Skilled trades occupations,91,82,9
S01006624,6. Caring leisure and other service occupations,46,9,37
S01006624,7. Sales and customer service occupations,42,18,24
S01006624,8. Process plant and machine operatives,62,56,6
S01006624,9. Elementary occupations,110,61,49
S01006625,All people aged 16 to 74 in employment,369,192,177
S01006625,1. Managers directors and senior officials,19,16,3
S01006625,2. Professional occupations,32,19,13
S01006625,3. Associate professional and technical occupations,36,18,18
S01006625,4. Administrative and secretarial occupations,45,10,35
S01006625,5. Skilled trades occupations,62,52,10
S01006625,6. Caring leisure and other service occupations,43,7,36
S01006625,7. Sales and customer service occupations,30,10,20
S01006625,8. Process plant and machine operatives,36,33,3
S01006625,9. Elementary occupations,66,27,39
S01006626,All people aged 16 to 74 in employment,384,192,192
S01006626,1. Managers directors and senior officials,14,8,6
S01006626,2. Professional occupations,16,5,11
S01006626,3. Associate professional and technical occupations,28,18,10
S01006626,4. Administrative and secretarial occupations,46,11,35
S01006626,5. Skilled trades occupations,69,58,11
S01006626,6. Caring leisure and other service occupations,43,4,39
S01006626,7. Sales and customer service occupations,41,16,25
S01006626,8. Process plant and machine operatives,28,25,3
S01006626,9. Elementary occupations,99,47,52
S01006627,All people aged 16 to 74 in employment,564,297,267
S01006627,1. Managers directors and senior officials,30,17,13
S01006627,2. Professional occupations,65,29,36
S01006627,3. Associate professional and technical occupations,63,33,30
S01006627,4. Administrative and secretarial occupations,62,14,48
S01006627,5. Skilled trades occupations,86,67,19
S01006627,6. Caring leisure and other service occupations,55,13,42
S01006627,7. Sales and customer service occupations,34,19,15
S01006627,8. Process plant and machine operatives,63,49,14
S01006627,9. Elementary occupations,106,56,50
S01006628,All people aged 16 to 74 in employment,730,431,299
S01006628,1. Managers directors and senior officials,18,10,8
S01006628,2. Professional occupations,100,50,50
S01006628,3. Associate professional and technical occupations,65,43,22
S01006628,4. Administrative and secretarial occupations,51,13,38
S01006628,5. Skilled trades occupations,112,97,15
S01006628,6. Caring leisure and other service occupations,77,24,53
S01006628,7. Sales and customer service occupations,60,35,25
S01006628,8. Process plant and machine operatives,69,57,12
S01006628,9. Elementary occupations,178,102,76
S01006629,All people aged 16 to 74 in employment,360,197,163
S01006629,1. Managers directors and senior officials,16,12,4
S01006629,2. Professional occupations,19,12,7
S01006629,3. Associate professional and technical occupations,26,18,8
S01006629,4. Administrative and secretarial occupations,31,9,22
S01006629,5. Skilled trades occupations,56,49,7
S01006629,6. Caring leisure and other service occupations,47,5,42
S01006629,7. Sales and customer service occupations,30,11,19
S01006629,8. Process plant and machine operatives,44,41,3
S01006629,9. Elementary occupations,91,40,51
S01006630,All people aged 16 to 74 in employment,283,137,146
S01006630,1. Managers directors and senior officials,13,6,7
S01006630,2. Professional occupations,9,3,6
S01006630,3. Associate professional and technical occupations,9,5,4
S01006630,4. Administrative and secretarial occupations,30,5,25
S01006630,5. Skilled trades occupations,41,39,2
S01006630,6. Caring leisure and other service occupations,56,9,47
S01006630,7. Sales and customer service occupations,25,6,19
S01006630,8. Process plant and machine operatives,37,35,2
S01006630,9. Elementary occupations,63,29,34
S01006631,All people aged 16 to 74 in employment,489,247,242
S01006631,1. Managers directors and senior officials,25,11,14
S01006631,2. Professional occupations,45,24,21
S01006631,3. Associate professional and technical occupations,39,20,19
S01006631,4. Administrative and secretarial occupations,52,13,39
S01006631,5. Skilled trades occupations,67,58,9
S01006631,6. Caring leisure and other service occupations,57,7,50
S01006631,7. Sales and customer service occupations,43,16,27
S01006631,8. Process plant and machine operatives,48,40,8
S01006631,9. Elementary occupations,113,58,55
S01006632,All people aged 16 to 74 in employment,408,199,209
S01006632,1. Managers directors and senior officials,16,9,7
S01006632,2. Professional occupations,39,12,27
S01006632,3. Associate professional and technical occupations,38,20,18
S01006632,4. Administrative and secretarial occupations,31,10,21
S01006632,5. Skilled trades occupations,58,49,9
S01006632,6. Caring leisure and other service occupations,54,8,46
S01006632,7. Sales and customer service occupations,34,8,26
S01006632,8. Process plant and machine operatives,48,39,9
S01006632,9. Elementary occupations,90,44,46
S01006633,All people aged 16 to 74 in employment,308,164,144
S01006633,1. Managers directors and senior officials,7,7,0
S01006633,2. Professional occupations,11,7,4
S01006633,3. Associate professional and technical occupations,23,14,9
S01006633,4. Administrative and secretarial occupations,31,7,24
S01006633,5. Skilled trades occupations,43,35,8
S01006633,6. Caring leisure and other service occupations,23,3,20
S01006633,7. Sales and customer service occupations,34,10,24
S01006633,8. Process plant and machine operatives,47,43,4
S01006633,9. Elementary occupations,89,38,51
S01006634,All people aged 16 to 74 in employment,271,136,135
S01006634,1. Managers directors and senior officials,14,7,7
S01006634,2. Professional occupations,14,6,8
S01006634,3. Associate professional and technical occupations,11,5,6
S01006634,4. Administrative and secretarial occupations,20,1,19
S01006634,5. Skilled trades occupations,50,42,8
S01006634,6. Caring leisure and other service occupations,36,6,30
S01006634,7. Sales and customer service occupations,19,7,12
S01006634,8. Process plant and machine operatives,33,29,4
S01006634,9. Elementary occupations,74,33,41
S01006635,All people aged 16 to 74 in employment,327,172,155
S01006635,1. Managers directors and senior officials,7,2,5
S01006635,2. Professional occupations,31,18,13
S01006635,3. Associate professional and technical occupations,21,14,7
S01006635,4. Administrative and secretarial occupations,33,6,27
S01006635,5. Skilled trades occupations,53,48,5
S01006635,6. Caring leisure and other service occupations,46,7,39
S01006635,7. Sales and customer service occupations,28,7,21
S01006635,8. Process plant and machine operatives,47,41,6
S01006635,9. Elementary occupations,61,29,32
S01006636,All people aged 16 to 74 in employment,374,183,191
S01006636,1. Managers directors and senior officials,7,2,5
S01006636,2. Professional occupations,15,11,4
S01006636,3. Associate professional and technical occupations,17,10,7
S01006636,4. Administrative and secretarial occupations,34,7,27
S01006636,5. Skilled trades occupations,43,33,10
S01006636,6. Caring leisure and other service occupations,46,3,43
S01006636,7. Sales and customer service occupations,46,9,37
S01006636,8. Process plant and machine operatives,77,68,9
S01006636,9. Elementary occupations,89,40,49
S01006637,All people aged 16 to 74 in employment,427,248,179
S01006637,1. Managers directors and senior officials,30,15,15
S01006637,2. Professional occupations,90,58,32
S01006637,3. Associate professional and technical occupations,58,40,18
S01006637,4. Administrative and secretarial occupations,48,14,34
S01006637,5. Skilled trades occupations,42,38,4
S01006637,6. Caring leisure and other service occupations,31,8,23
S01006637,7. Sales and customer service occupations,43,19,24
S01006637,8. Process plant and machine operatives,21,19,2
S01006637,9. Elementary occupations,64,37,27
S01006638,All people aged 16 to 74 in employment,521,269,252
S01006638,1. Managers directors and senior officials,28,17,11
S01006638,2. Professional occupations,91,42,49
S01006638,3. Associate professional and technical occupations,67,39,28
S01006638,4. Administrative and secretarial occupations,67,20,47
S01006638,5. Skilled trades occupations,36,30,6
S01006638,6. Caring leisure and other service occupations,41,9,32
S01006638,7. Sales and customer service occupations,67,40,27
S01006638,8. Process plant and machine operatives,23,18,5
S01006638,9. Elementary occupations,101,54,47
S01006639,All people aged 16 to 74 in employment,524,278,246
S01006639,1. Managers directors and senior officials,29,17,12
S01006639,2. Professional occupations,80,41,39
S01006639,3. Associate professional and technical occupations,76,44,32
S01006639,4. Administrative and secretarial occupations,53,12,41
S01006639,5. Skilled trades occupations,47,42,5
S01006639,6. Caring leisure and other service occupations,46,16,30
S01006639,7. Sales and customer service occupations,69,37,32
S01006639,8. Process plant and machine operatives,38,34,4
S01006639,9. Elementary occupations,86,35,51
S01006640,All people aged 16 to 74 in employment,476,297,179
S01006640,1. Managers directors and senior officials,35,26,9
S01006640,2. Professional occupations,125,93,32
S01006640,3. Associate professional and technical occupations,82,47,35
S01006640,4. Administrative and secretarial occupations,49,23,26
S01006640,5. Skilled trades occupations,50,46,4
S01006640,6. Caring leisure and other service occupations,22,6,16
S01006640,7. Sales and customer service occupations,51,18,33
S01006640,8. Process plant and machine operatives,16,16,0
S01006640,9. Elementary occupations,46,22,24
S01006641,All people aged 16 to 74 in employment,675,384,291
S01006641,1. Managers directors and senior officials,23,15,8
S01006641,2. Professional occupations,155,88,67
S01006641,3. Associate professional and technical occupations,96,62,34
S01006641,4. Administrative and secretarial occupations,80,29,51
S01006641,5. Skilled trades occupations,64,63,1
S01006641,6. Caring leisure and other service occupations,54,14,40
S01006641,7. Sales and customer service occupations,72,28,44
S01006641,8. Process plant and machine operatives,34,32,2
S01006641,9. Elementary occupations,97,53,44
S01006642,All people aged 16 to 74 in employment,636,313,323
S01006642,1. Managers directors and senior officials,25,16,9
S01006642,2. Professional occupations,104,60,44
S01006642,3. Associate professional and technical occupations,88,58,30
S01006642,4. Administrative and secretarial occupations,59,15,44
S01006642,5. Skilled trades occupations,50,39,11
S01006642,6. Caring leisure and other service occupations,54,13,41
S01006642,7. Sales and customer service occupations,126,36,90
S01006642,8. Process plant and machine operatives,25,25,0
S01006642,9. Elementary occupations,105,51,54
S01006643,All people aged 16 to 74 in employment,497,246,251
S01006643,1. Managers directors and senior officials,23,16,7
S01006643,2. Professional occupations,103,52,51
S01006643,3. Associate professional and technical occupations,77,40,37
S01006643,4. Administrative and secretarial occupations,60,22,38
S01006643,5. Skilled trades occupations,33,31,2
S01006643,6. Caring leisure and other service occupations,34,11,23
S01006643,7. Sales and customer service occupations,77,29,48
S01006643,8. Process plant and machine operatives,19,17,2
S01006643,9. Elementary occupations,71,28,43
S01006644,All people aged 16 to 74 in employment,597,318,279
S01006644,1. Managers directors and senior officials,28,19,9
S01006644,2. Professional occupations,122,77,45
S01006644,3. Associate professional and technical occupations,73,37,36
S01006644,4. Administrative and secretarial occupations,61,15,46
S01006644,5. Skilled trades occupations,43,38,5
S01006644,6. Caring leisure and other service occupations,55,11,44
S01006644,7. Sales and customer service occupations,82,35,47
S01006644,8. Process plant and machine operatives,41,38,3
S01006644,9. Elementary occupations,92,48,44
S01006645,All people aged 16 to 74 in employment,347,171,176
S01006645,1. Managers directors and senior officials,19,12,7
S01006645,2. Professional occupations,44,23,21
S01006645,3. Associate professional and technical occupations,37,19,18
S01006645,4. Administrative and secretarial occupations,36,9,27
S01006645,5. Skilled trades occupations,40,32,8
S01006645,6. Caring leisure and other service occupations,38,11,27
S01006645,7. Sales and customer service occupations,46,14,32
S01006645,8. Process plant and machine operatives,25,23,2
S01006645,9. Elementary occupations,62,28,34
S01006646,All people aged 16 to 74 in employment,433,210,223
S01006646,1. Managers directors and senior officials,24,15,9
S01006646,2. Professional occupations,62,32,30
S01006646,3. Associate professional and technical occupations,53,35,18
S01006646,4. Administrative and secretarial occupations,34,10,24
S01006646,5. Skilled trades occupations,24,18,6
S01006646,6. Caring leisure and other service occupations,28,9,19
S01006646,7. Sales and customer service occupations,96,37,59
S01006646,8. Process plant and machine operatives,21,15,6
S01006646,9. Elementary occupations,91,39,52
S01006647,All people aged 16 to 74 in employment,344,176,168
S01006647,1. Managers directors and senior officials,28,11,17
S01006647,2. Professional occupations,35,23,12
S01006647,3. Associate professional and technical occupations,47,28,19
S01006647,4. Administrative and secretarial occupations,42,16,26
S01006647,5. Skilled trades occupations,29,27,2
S01006647,6. Caring leisure and other service occupations,36,10,26
S01006647,7. Sales and customer service occupations,45,17,28
S01006647,8. Process plant and machine operatives,26,21,5
S01006647,9. Elementary occupations,56,23,33
S01006648,All people aged 16 to 74 in employment,930,449,481
S01006648,1. Managers directors and senior officials,54,29,25
S01006648,2. Professional occupations,118,73,45
S01006648,3. Associate professional and technical occupations,103,57,46
S01006648,4. Administrative and secretarial occupations,93,26,67
S01006648,5. Skilled trades occupations,75,66,9
S01006648,6. Caring leisure and other service occupations,67,8,59
S01006648,7. Sales and customer service occupations,158,44,114
S01006648,8. Process plant and machine operatives,47,44,3
S01006648,9. Elementary occupations,215,102,113
S01006649,All people aged 16 to 74 in employment,622,348,274
S01006649,1. Managers directors and senior officials,17,10,7
S01006649,2. Professional occupations,132,81,51
S01006649,3. Associate professional and technical occupations,79,50,29
S01006649,4. Administrative and secretarial occupations,75,24,51
S01006649,5. Skilled trades occupations,58,50,8
S01006649,6. Caring leisure and other service occupations,50,15,35
S01006649,7. Sales and customer service occupations,73,31,42
S01006649,8. Process plant and machine operatives,41,38,3
S01006649,9. Elementary occupations,97,49,48
S01006650,All people aged 16 to 74 in employment,532,314,218
S01006650,1. Managers directors and senior officials,25,14,11
S01006650,2. Professional occupations,96,51,45
S01006650,3. Associate professional and technical occupations,64,45,19
S01006650,4. Administrative and secretarial occupations,57,21,36
S01006650,5. Skilled trades occupations,62,57,5
S01006650,6. Caring leisure and other service occupations,41,18,23
S01006650,7. Sales and customer service occupations,58,27,31
S01006650,8. Process plant and machine operatives,20,20,0
S01006650,9. Elementary occupations,109,61,48
S01006651,All people aged 16 to 74 in employment,336,207,129
S01006651,1. Managers directors and senior officials,15,13,2
S01006651,2. Professional occupations,62,41,21
S01006651,3. Associate professional and technical occupations,41,26,15
S01006651,4. Administrative and secretarial occupations,36,10,26
S01006651,5. Skilled trades occupations,35,31,4
S01006651,6. Caring leisure and other service occupations,17,5,12
S01006651,7. Sales and customer service occupations,39,15,24
S01006651,8. Process plant and machine operatives,25,23,2
S01006651,9. Elementary occupations,66,43,23
S01006652,All people aged 16 to 74 in employment,365,220,145
S01006652,1. Managers directors and senior officials,24,17,7
S01006652,2. Professional occupations,74,48,26
S01006652,3. Associate professional and technical occupations,57,37,20
S01006652,4. Administrative and secretarial occupations,41,9,32
S01006652,5. Skilled trades occupations,39,35,4
S01006652,6. Caring leisure and other service occupations,19,9,10
S01006652,7. Sales and customer service occupations,51,22,29
S01006652,8. Process plant and machine operatives,15,15,0
S01006652,9. Elementary occupations,45,28,17
S01006653,All people aged 16 to 74 in employment,356,198,158
S01006653,1. Managers directors and senior officials,24,15,9
S01006653,2. Professional occupations,123,61,62
S01006653,3. Associate professional and technical occupations,58,36,22
S01006653,4. Administrative and secretarial occupations,26,5,21
S01006653,5. Skilled trades occupations,26,25,1
S01006653,6. Caring leisure and other service occupations,28,8,20
S01006653,7. Sales and customer service occupations,28,16,12
S01006653,8. Process plant and machine operatives,11,10,1
S01006653,9. Elementary occupations,32,22,10
S01006654,All people aged 16 to 74 in employment,464,231,233
S01006654,1. Managers directors and senior officials,24,14,10
S01006654,2. Professional occupations,81,36,45
S01006654,3. Associate professional and technical occupations,46,21,25
S01006654,4. Administrative and secretarial occupations,52,13,39
S01006654,5. Skilled trades occupations,51,49,2
S01006654,6. Caring leisure and other service occupations,62,10,52
S01006654,7. Sales and customer service occupations,36,14,22
S01006654,8. Process plant and machine operatives,29,25,4
S01006654,9. Elementary occupations,83,49,34
S01006655,All people aged 16 to 74 in employment,378,191,187
S01006655,1. Managers directors and senior officials,37,23,14
S01006655,2. Professional occupations,142,68,74
S01006655,3. Associate professional and technical occupations,52,29,23
S01006655,4. Administrative and secretarial occupations,39,8,31
S01006655,5. Skilled trades occupations,24,23,1
S01006655,6. Caring leisure and other service occupations,22,5,17
S01006655,7. Sales and customer service occupations,24,7,17
S01006655,8. Process plant and machine operatives,13,13,0
S01006655,9. Elementary occupations,25,15,10
S01006656,All people aged 16 to 74 in employment,610,331,279
S01006656,1. Managers directors and senior officials,28,12,16
S01006656,2. Professional occupations,160,91,69
S01006656,3. Associate professional and technical occupations,89,51,38
S01006656,4. Administrative and secretarial occupations,63,14,49
S01006656,5. Skilled trades occupations,62,54,8
S01006656,6. Caring leisure and other service occupations,42,7,35
S01006656,7. Sales and customer service occupations,57,30,27
S01006656,8. Process plant and machine operatives,33,31,2
S01006656,9. Elementary occupations,76,41,35
S01006657,All people aged 16 to 74 in employment,326,182,144
S01006657,1. Managers directors and senior officials,17,11,6
S01006657,2. Professional occupations,63,32,31
S01006657,3. Associate professional and technical occupations,29,19,10
S01006657,4. Administrative and secretarial occupations,40,11,29
S01006657,5. Skilled trades occupations,31,27,4
S01006657,6. Caring leisure and other service occupations,34,12,22
S01006657,7. Sales and customer service occupations,36,21,15
S01006657,8. Process plant and machine operatives,22,19,3
S01006657,9. Elementary occupations,54,30,24
S01006658,All people aged 16 to 74 in employment,547,311,236
S01006658,1. Managers directors and senior officials,22,17,5
S01006658,2. Professional occupations,80,43,37
S01006658,3. Associate professional and technical occupations,51,28,23
S01006658,4. Administrative and secretarial occupations,40,11,29
S01006658,5. Skilled trades occupations,68,59,9
S01006658,6. Caring leisure and other service occupations,53,14,39
S01006658,7. Sales and customer service occupations,74,38,36
S01006658,8. Process plant and machine operatives,37,35,2
S01006658,9. Elementary occupations,122,66,56
S01006659,All people aged 16 to 74 in employment,330,177,153
S01006659,1. Managers directors and senior officials,20,15,5
S01006659,2. Professional occupations,81,42,39
S01006659,3. Associate professional and technical occupations,44,28,16
S01006659,4. Administrative and secretarial occupations,37,6,31
S01006659,5. Skilled trades occupations,29,28,1
S01006659,6. Caring leisure and other service occupations,25,9,16
S01006659,7. Sales and customer service occupations,35,16,19
S01006659,8. Process plant and machine operatives,10,9,1
S01006659,9. Elementary occupations,49,24,25
S01006660,All people aged 16 to 74 in employment,256,148,108
S01006660,1. Managers directors and senior officials,12,7,5
S01006660,2. Professional occupations,37,20,17
S01006660,3. Associate professional and technical occupations,26,17,9
S01006660,4. Administrative and secretarial occupations,21,3,18
S01006660,5. Skilled trades occupations,32,30,2
S01006660,6. Caring leisure and other service occupations,24,8,16
S01006660,7. Sales and customer service occupations,26,16,10
S01006660,8. Process plant and machine operatives,13,10,3
S01006660,9. Elementary occupations,65,37,28
S01006661,All people aged 16 to 74 in employment,334,184,150
S01006661,1. Managers directors and senior officials,16,13,3
S01006661,2. Professional occupations,80,54,26
S01006661,3. Associate professional and technical occupations,39,22,17
S01006661,4. Administrative and secretarial occupations,46,14,32
S01006661,5. Skilled trades occupations,26,22,4
S01006661,6. Caring leisure and other service occupations,19,4,15
S01006661,7. Sales and customer service occupations,43,13,30
S01006661,8. Process plant and machine operatives,12,12,0
S01006661,9. Elementary occupations,53,30,23
S01006662,All people aged 16 to 74 in employment,333,175,158
S01006662,1. Managers directors and senior officials,18,11,7
S01006662,2. Professional occupations,32,16,16
S01006662,3. Associate professional and technical occupations,30,13,17
S01006662,4. Administrative and secretarial occupations,24,8,16
S01006662,5. Skilled trades occupations,34,33,1
S01006662,6. Caring leisure and other service occupations,35,9,26
S01006662,7. Sales and customer service occupations,46,19,27
S01006662,8. Process plant and machine operatives,24,23,1
S01006662,9. Elementary occupations,90,43,47
S01006663,All people aged 16 to 74 in employment,286,149,137
S01006663,1. Managers directors and senior officials,19,15,4
S01006663,2. Professional occupations,58,32,26
S01006663,3. Associate professional and technical occupations,34,15,19
S01006663,4. Administrative and secretarial occupations,33,14,19
S01006663,5. Skilled trades occupations,25,24,1
S01006663,6. Caring leisure and other service occupations,14,4,10
S01006663,7. Sales and customer service occupations,36,9,27
S01006663,8. Process plant and machine operatives,7,5,2
S01006663,9. Elementary occupations,60,31,29
S01006664,All people aged 16 to 74 in employment,289,156,133
S01006664,1. Managers directors and senior officials,10,4,6
S01006664,2. Professional occupations,50,32,18
S01006664,3. Associate professional and technical occupations,47,23,24
S01006664,4. Administrative and secretarial occupations,16,5,11
S01006664,5. Skilled trades occupations,24,21,3
S01006664,6. Caring leisure and other service occupations,16,6,10
S01006664,7. Sales and customer service occupations,60,25,35
S01006664,8. Process plant and machine operatives,17,15,2
S01006664,9. Elementary occupations,49,25,24
S01006665,All people aged 16 to 74 in employment,367,192,175
S01006665,1. Managers directors and senior officials,29,20,9
S01006665,2. Professional occupations,65,33,32
S01006665,3. Associate professional and technical occupations,34,17,17
S01006665,4. Administrative and secretarial occupations,38,18,20
S01006665,5. Skilled trades occupations,36,34,2
S01006665,6. Caring leisure and other service occupations,18,3,15
S01006665,7. Sales and customer service occupations,54,21,33
S01006665,8. Process plant and machine operatives,10,9,1
S01006665,9. Elementary occupations,83,37,46
S01006666,All people aged 16 to 74 in employment,367,203,164
S01006666,1. Managers directors and senior officials,14,8,6
S01006666,2. Professional occupations,24,10,14
S01006666,3. Associate professional and technical occupations,28,25,3
S01006666,4. Administrative and secretarial occupations,24,3,21
S01006666,5. Skilled trades occupations,66,53,13
S01006666,6. Caring leisure and other service occupations,57,17,40
S01006666,7. Sales and customer service occupations,23,9,14
S01006666,8. Process plant and machine operatives,39,37,2
S01006666,9. Elementary occupations,92,41,51
S01006667,All people aged 16 to 74 in employment,341,183,158
S01006667,1. Managers directors and senior officials,13,10,3
S01006667,2. Professional occupations,28,11,17
S01006667,3. Associate professional and technical occupations,30,18,12
S01006667,4. Administrative and secretarial occupations,27,7,20
S01006667,5. Skilled trades occupations,41,34,7
S01006667,6. Caring leisure and other service occupations,36,8,28
S01006667,7. Sales and customer service occupations,33,8,25
S01006667,8. Process plant and machine operatives,57,57,0
S01006667,9. Elementary occupations,76,30,46
S01006668,All people aged 16 to 74 in employment,484,238,246
S01006668,1. Managers directors and senior officials,22,15,7
S01006668,2. Professional occupations,105,59,46
S01006668,3. Associate professional and technical occupations,66,42,24
S01006668,4. Administrative and secretarial occupations,49,12,37
S01006668,5. Skilled trades occupations,27,23,4
S01006668,6. Caring leisure and other service occupations,39,8,31
S01006668,7. Sales and customer service occupations,86,32,54
S01006668,8. Process plant and machine operatives,17,14,3
S01006668,9. Elementary occupations,73,33,40
S01006669,All people aged 16 to 74 in employment,419,228,191
S01006669,1. Managers directors and senior officials,21,14,7
S01006669,2. Professional occupations,85,56,29
S01006669,3. Associate professional and technical occupations,38,22,16
S01006669,4. Administrative and secretarial occupations,38,6,32
S01006669,5. Skilled trades occupations,38,33,5
S01006669,6. Caring leisure and other service occupations,50,12,38
S01006669,7. Sales and customer service occupations,42,18,24
S01006669,8. Process plant and machine operatives,27,25,2
S01006669,9. Elementary occupations,80,42,38
S01006670,All people aged 16 to 74 in employment,464,200,264
S01006670,1. Managers directors and senior officials,21,11,10
S01006670,2. Professional occupations,60,27,33
S01006670,3. Associate professional and technical occupations,58,29,29
S01006670,4. Administrative and secretarial occupations,60,17,43
S01006670,5. Skilled trades occupations,36,28,8
S01006670,6. Caring leisure and other service occupations,28,7,21
S01006670,7. Sales and customer service occupations,96,27,69
S01006670,8. Process plant and machine operatives,20,18,2
S01006670,9. Elementary occupations,85,36,49
S01006671,All people aged 16 to 74 in employment,604,272,332
S01006671,1. Managers directors and senior officials,33,25,8
S01006671,2. Professional occupations,67,31,36
S01006671,3. Associate professional and technical occupations,47,24,23
S01006671,4. Administrative and secretarial occupations,41,10,31
S01006671,5. Skilled trades occupations,22,20,2
S01006671,6. Caring leisure and other service occupations,53,19,34
S01006671,7. Sales and customer service occupations,146,50,96
S01006671,8. Process plant and machine operatives,16,15,1
S01006671,9. Elementary occupations,179,78,101
S01006672,All people aged 16 to 74 in employment,373,184,189
S01006672,1. Managers directors and senior officials,14,8,6
S01006672,2. Professional occupations,49,22,27
S01006672,3. Associate professional and technical occupations,25,15,10
S01006672,4. Administrative and secretarial occupations,32,8,24
S01006672,5. Skilled trades occupations,33,28,5
S01006672,6. Caring leisure and other service occupations,47,12,35
S01006672,7. Sales and customer service occupations,54,19,35
S01006672,8. Process plant and machine operatives,34,33,1
S01006672,9. Elementary occupations,85,39,46
S01006673,All people aged 16 to 74 in employment,433,227,206
S01006673,1. Managers directors and senior officials,21,10,11
S01006673,2. Professional occupations,72,40,32
S01006673,3. Associate professional and technical occupations,37,18,19
S01006673,4. Administrative and secretarial occupations,38,12,26
S01006673,5. Skilled trades occupations,52,46,6
S01006673,6. Caring leisure and other service occupations,54,15,39
S01006673,7. Sales and customer service occupations,39,12,27
S01006673,8. Process plant and machine operatives,27,22,5
S01006673,9. Elementary occupations,93,52,41
S01006674,All people aged 16 to 74 in employment,399,218,181
S01006674,1. Managers directors and senior officials,18,11,7
S01006674,2. Professional occupations,26,10,16
S01006674,3. Associate professional and technical occupations,24,17,7
S01006674,4. Administrative and secretarial occupations,35,9,26
S01006674,5. Skilled trades occupations,70,59,11
S01006674,6. Caring leisure and other service occupations,48,11,37
S01006674,7. Sales and customer service occupations,36,12,24
S01006674,8. Process plant and machine operatives,46,44,2
S01006674,9. Elementary occupations,96,45,51
S01006675,All people aged 16 to 74 in employment,333,178,155
S01006675,1. Managers directors and senior officials,8,4,4
S01006675,2. Professional occupations,25,14,11
S01006675,3. Associate professional and technical occupations,10,5,5
S01006675,4. Administrative and secretarial occupations,23,7,16
S01006675,5. Skilled trades occupations,44,40,4
S01006675,6. Caring leisure and other service occupations,36,5,31
S01006675,7. Sales and customer service occupations,25,10,15
S01006675,8. Process plant and machine operatives,46,43,3
S01006675,9. Elementary occupations,116,50,66
S01006676,All people aged 16 to 74 in employment,342,181,161
S01006676,1. Managers directors and senior officials,11,7,4
S01006676,2. Professional occupations,44,27,17
S01006676,3. Associate professional and technical occupations,16,14,2
S01006676,4. Administrative and secretarial occupations,23,4,19
S01006676,5. Skilled trades occupations,40,33,7
S01006676,6. Caring leisure and other service occupations,49,11,38
S01006676,7. Sales and customer service occupations,32,10,22
S01006676,8. Process plant and machine operatives,44,41,3
S01006676,9. Elementary occupations,83,34,49
S01006677,All people aged 16 to 74 in employment,365,194,171
S01006677,1. Managers directors and senior officials,20,11,9
S01006677,2. Professional occupations,22,13,9
S01006677,3. Associate professional and technical occupations,37,20,17
S01006677,4. Administrative and secretarial occupations,30,8,22
S01006677,5. Skilled trades occupations,51,48,3
S01006677,6. Caring leisure and other service occupations,45,10,35
S01006677,7. Sales and customer service occupations,44,16,28
S01006677,8. Process plant and machine operatives,39,38,1
S01006677,9. Elementary occupations,77,30,47
S01006678,All people aged 16 to 74 in employment,548,279,269
S01006678,1. Managers directors and senior officials,21,10,11
S01006678,2. Professional occupations,25,10,15
S01006678,3. Associate professional and technical occupations,48,31,17
S01006678,4. Administrative and secretarial occupations,38,10,28
S01006678,5. Skilled trades occupations,89,80,9
S01006678,6. Caring leisure and other service occupations,57,8,49
S01006678,7. Sales and customer service occupations,42,4,38
S01006678,8. Process plant and machine operatives,68,61,7
S01006678,9. Elementary occupations,160,65,95
S01006679,All people aged 16 to 74 in employment,381,201,180
S01006679,1. Managers directors and senior officials,22,17,5
S01006679,2. Professional occupations,63,30,33
S01006679,3. Associate professional and technical occupations,39,22,17
S01006679,4. Administrative and secretarial occupations,57,14,43
S01006679,5. Skilled trades occupations,45,39,6
S01006679,6. Caring leisure and other service occupations,37,5,32
S01006679,7. Sales and customer service occupations,33,14,19
S01006679,8. Process plant and machine operatives,38,37,1
S01006679,9. Elementary occupations,47,23,24
S01006680,All people aged 16 to 74 in employment,414,232,182
S01006680,1. Managers directors and senior officials,17,11,6
S01006680,2. Professional occupations,24,14,10
S01006680,3. Associate professional and technical occupations,20,14,6
S01006680,4. Administrative and secretarial occupations,27,8,19
S01006680,5. Skilled trades occupations,78,70,8
S01006680,6. Caring leisure and other service occupations,56,8,48
S01006680,7. Sales and customer service occupations,29,8,21
S01006680,8. Process plant and machine operatives,48,45,3
S01006680,9. Elementary occupations,115,54,61
S01006681,All people aged 16 to 74 in employment,415,230,185
S01006681,1. Managers directors and senior officials,22,12,10
S01006681,2. Professional occupations,52,31,21
S01006681,3. Associate professional and technical occupations,72,43,29
S01006681,4. Administrative and secretarial occupations,51,13,38
S01006681,5. Skilled trades occupations,49,45,4
S01006681,6. Caring leisure and other service occupations,31,5,26
S01006681,7. Sales and customer service occupations,41,14,27
S01006681,8. Process plant and machine operatives,43,38,5
S01006681,9. Elementary occupations,54,29,25
S01006682,All people aged 16 to 74 in employment,401,222,179
S01006682,1. Managers directors and senior officials,16,8,8
S01006682,2. Professional occupations,44,26,18
S01006682,3. Associate professional and technical occupations,16,11,5
S01006682,4. Administrative and secretarial occupations,21,7,14
S01006682,5. Skilled trades occupations,58,47,11
S01006682,6. Caring leisure and other service occupations,39,5,34
S01006682,7. Sales and customer service occupations,29,6,23
S01006682,8. Process plant and machine operatives,52,43,9
S01006682,9. Elementary occupations,126,69,57
S01006683,All people aged 16 to 74 in employment,453,236,217
S01006683,1. Managers directors and senior officials,14,8,6
S01006683,2. Professional occupations,51,27,24
S01006683,3. Associate professional and technical occupations,33,21,12
S01006683,4. Administrative and secretarial occupations,35,12,23
S01006683,5. Skilled trades occupations,50,46,4
S01006683,6. Caring leisure and other service occupations,67,14,53
S01006683,7. Sales and customer service occupations,47,15,32
S01006683,8. Process plant and machine operatives,43,40,3
S01006683,9. Elementary occupations,113,53,60
S01006684,All people aged 16 to 74 in employment,382,222,160
S01006684,1. Managers directors and senior officials,18,12,6
S01006684,2. Professional occupations,32,19,13
S01006684,3. Associate professional and technical occupations,31,13,18
S01006684,4. Administrative and secretarial occupations,31,11,20
S01006684,5. Skilled trades occupations,50,47,3
S01006684,6. Caring leisure and other service occupations,49,10,39
S01006684,7. Sales and customer service occupations,43,22,21
S01006684,8. Process plant and machine operatives,55,49,6
S01006684,9. Elementary occupations,73,39,34
S01006685,All people aged 16 to 74 in employment,407,212,195
S01006685,1. Managers directors and senior officials,25,16,9
S01006685,2. Professional occupations,43,20,23
S01006685,3. Associate professional and technical occupations,45,27,18
S01006685,4. Administrative and secretarial occupations,50,10,40
S01006685,5. Skilled trades occupations,51,48,3
S01006685,6. Caring leisure and other service occupations,40,6,34
S01006685,7. Sales and customer service occupations,33,8,25
S01006685,8. Process plant and machine operatives,35,34,1
S01006685,9. Elementary occupations,85,43,42
S01006686,All people aged 16 to 74 in employment,326,172,154
S01006686,1. Managers directors and senior officials,14,6,8
S01006686,2. Professional occupations,37,22,15
S01006686,3. Associate professional and technical occupations,37,24,13
S01006686,4. Administrative and secretarial occupations,30,10,20
S01006686,5. Skilled trades occupations,41,36,5
S01006686,6. Caring leisure and other service occupations,50,8,42
S01006686,7. Sales and customer service occupations,31,13,18
S01006686,8. Process plant and machine operatives,27,23,4
S01006686,9. Elementary occupations,59,30,29
S01006687,All people aged 16 to 74 in employment,438,225,213
S01006687,1. Managers directors and senior officials,15,10,5
S01006687,2. Professional occupations,63,33,30
S01006687,3. Associate professional and technical occupations,57,33,24
S01006687,4. Administrative and secretarial occupations,47,11,36
S01006687,5. Skilled trades occupations,56,51,5
S01006687,6. Caring leisure and other service occupations,51,6,45
S01006687,7. Sales and customer service occupations,44,12,32
S01006687,8. Process plant and machine operatives,42,37,5
S01006687,9. Elementary occupations,63,32,31
S01006688,All people aged 16 to 74 in employment,409,219,190
S01006688,1. Managers directors and senior officials,39,26,13
S01006688,2. Professional occupations,66,33,33
S01006688,3. Associate professional and technical occupations,54,33,21
S01006688,4. Administrative and secretarial occupations,56,9,47
S01006688,5. Skilled trades occupations,59,55,4
S01006688,6. Caring leisure and other service occupations,48,9,39
S01006688,7. Sales and customer service occupations,28,8,20
S01006688,8. Process plant and machine operatives,26,25,1
S01006688,9. Elementary occupations,33,21,12
S01006689,All people aged 16 to 74 in employment,388,217,171
S01006689,1. Managers directors and senior officials,41,30,11
S01006689,2. Professional occupations,141,73,68
S01006689,3. Associate professional and technical occupations,47,31,16
S01006689,4. Administrative and secretarial occupations,52,19,33
S01006689,5. Skilled trades occupations,34,30,4
S01006689,6. Caring leisure and other service occupations,20,4,16
S01006689,7. Sales and customer service occupations,23,10,13
S01006689,8. Process plant and machine operatives,14,12,2
S01006689,9. Elementary occupations,16,8,8
S01006690,All people aged 16 to 74 in employment,320,167,153
S01006690,1. Managers directors and senior officials,20,11,9
S01006690,2. Professional occupations,94,48,46
S01006690,3. Associate professional and technical occupations,48,23,25
S01006690,4. Administrative and secretarial occupations,40,10,30
S01006690,5. Skilled trades occupations,19,19,0
S01006690,6. Caring leisure and other service occupations,13,6,7
S01006690,7. Sales and customer service occupations,28,11,17
S01006690,8. Process plant and machine operatives,19,18,1
S01006690,9. Elementary occupations,39,21,18
S01006691,All people aged 16 to 74 in employment,332,180,152
S01006691,1. Managers directors and senior officials,16,13,3
S01006691,2. Professional occupations,103,56,47
S01006691,3. Associate professional and technical occupations,39,22,17
S01006691,4. Administrative and secretarial occupations,47,14,33
S01006691,5. Skilled trades occupations,28,24,4
S01006691,6. Caring leisure and other service occupations,19,6,13
S01006691,7. Sales and customer service occupations,19,6,13
S01006691,8. Process plant and machine operatives,15,15,0
S01006691,9. Elementary occupations,46,24,22
S01006692,All people aged 16 to 74 in employment,381,204,177
S01006692,1. Managers directors and senior officials,31,17,14
S01006692,2. Professional occupations,113,53,60
S01006692,3. Associate professional and technical occupations,52,29,23
S01006692,4. Administrative and secretarial occupations,37,7,30
S01006692,5. Skilled trades occupations,36,30,6
S01006692,6. Caring leisure and other service occupations,19,4,15
S01006692,7. Sales and customer service occupations,28,11,17
S01006692,8. Process plant and machine operatives,33,31,2
S01006692,9. Elementary occupations,32,22,10
S01006693,All people aged 16 to 74 in employment,565,294,271
S01006693,1. Managers directors and senior officials,41,22,19
S01006693,2. Professional occupations,111,58,53
S01006693,3. Associate professional and technical occupations,55,32,23
S01006693,4. Administrative and secretarial occupations,68,9,59
S01006693,5. Skilled trades occupations,82,77,5
S01006693,6. Caring leisure and other service occupations,45,6,39
S01006693,7. Sales and customer service occupations,53,18,35
S01006693,8. Process plant and machine operatives,33,29,4
S01006693,9. Elementary occupations,77,43,34
S01006694,All people aged 16 to 74 in employment,324,167,157
S01006694,1. Managers directors and senior officials,10,3,7
S01006694,2. Professional occupations,22,6,16
S01006694,3. Associate professional and technical occupations,29,21,8
S01006694,4. Administrative and secretarial occupations,38,4,34
S01006694,5. Skilled trades occupations,43,42,1
S01006694,6. Caring leisure and other service occupations,45,8,37
S01006694,7. Sales and customer service occupations,26,8,18
S01006694,8. Process plant and machine operatives,36,34,2
S01006694,9. Elementary occupations,75,41,34
S01006695,All people aged 16 to 74 in employment,361,189,172
S01006695,1. Managers directors and senior officials,22,14,8
S01006695,2. Professional occupations,45,29,16
S01006695,3. Associate professional and technical occupations,21,9,12
S01006695,4. Administrative and secretarial occupations,48,7,41
S01006695,5. Skilled trades occupations,56,54,2
S01006695,6. Caring leisure and other service occupations,41,6,35
S01006695,7. Sales and customer service occupations,34,5,29
S01006695,8. Process plant and machine operatives,35,35,0
S01006695,9. Elementary occupations,59,30,29
S01006696,All people aged 16 to 74 in employment,396,195,201
S01006696,1. Managers directors and senior officials,13,7,6
S01006696,2. Professional occupations,47,20,27
S01006696,3. Associate professional and technical occupations,30,19,11
S01006696,4. Administrative and secretarial occupations,52,9,43
S01006696,5. Skilled trades occupations,45,41,4
S01006696,6. Caring leisure and other service occupations,43,6,37
S01006696,7. Sales and customer service occupations,37,8,29
S01006696,8. Process plant and machine operatives,42,40,2
S01006696,9. Elementary occupations,87,45,42
S01006697,All people aged 16 to 74 in employment,473,244,229
S01006697,1. Managers directors and senior officials,24,16,8
S01006697,2. Professional occupations,56,21,35
S01006697,3. Associate professional and technical occupations,35,24,11
S01006697,4. Administrative and secretarial occupations,59,8,51
S01006697,5. Skilled trades occupations,65,63,2
S01006697,6. Caring leisure and other service occupations,61,8,53
S01006697,7. Sales and customer service occupations,40,11,29
S01006697,8. Process plant and machine operatives,50,49,1
S01006697,9. Elementary occupations,83,44,39
S01006698,All people aged 16 to 74 in employment,318,164,154
S01006698,1. Managers directors and senior officials,5,4,1
S01006698,2. Professional occupations,47,19,28
S01006698,3. Associate professional and technical occupations,35,19,16
S01006698,4. Administrative and secretarial occupations,42,7,35
S01006698,5. Skilled trades occupations,39,38,1
S01006698,6. Caring leisure and other service occupations,32,5,27
S01006698,7. Sales and customer service occupations,23,4,19
S01006698,8. Process plant and machine operatives,28,26,2
S01006698,9. Elementary occupations,67,42,25
S01006699,All people aged 16 to 74 in employment,268,138,130
S01006699,1. Managers directors and senior officials,19,14,5
S01006699,2. Professional occupations,43,20,23
S01006699,3. Associate professional and technical occupations,33,15,18
S01006699,4. Administrative and secretarial occupations,35,9,26
S01006699,5. Skilled trades occupations,28,25,3
S01006699,6. Caring leisure and other service occupations,25,3,22
S01006699,7. Sales and customer service occupations,13,4,9
S01006699,8. Process plant and machine operatives,22,22,0
S01006699,9. Elementary occupations,50,26,24
S01006700,All people aged 16 to 74 in employment,419,206,213
S01006700,1. Managers directors and senior officials,34,20,14
S01006700,2. Professional occupations,85,34,51
S01006700,3. Associate professional and technical occupations,53,32,21
S01006700,4. Administrative and secretarial occupations,42,7,35
S01006700,5. Skilled trades occupations,42,39,3
S01006700,6. Caring leisure and other service occupations,42,6,36
S01006700,7. Sales and customer service occupations,24,5,19
S01006700,8. Process plant and machine operatives,41,37,4
S01006700,9. Elementary occupations,56,26,30
S01006701,All people aged 16 to 74 in employment,331,164,167
S01006701,1. Managers directors and senior officials,14,10,4
S01006701,2. Professional occupations,23,7,16
S01006701,3. Associate professional and technical occupations,23,11,12
S01006701,4. Administrative and secretarial occupations,35,8,27
S01006701,5. Skilled trades occupations,59,51,8
S01006701,6. Caring leisure and other service occupations,30,4,26
S01006701,7. Sales and customer service occupations,43,8,35
S01006701,8. Process plant and machine operatives,36,34,2
S01006701,9. Elementary occupations,68,31,37
S01006702,All people aged 16 to 74 in employment,402,213,189
S01006702,1. Managers directors and senior officials,13,3,10
S01006702,2. Professional occupations,23,10,13
S01006702,3. Associate professional and technical occupations,28,19,9
S01006702,4. Administrative and secretarial occupations,47,15,32
S01006702,5. Skilled trades occupations,64,58,6
S01006702,6. Caring leisure and other service occupations,60,9,51
S01006702,7. Sales and customer service occupations,34,5,29
S01006702,8. Process plant and machine operatives,53,49,4
S01006702,9. Elementary occupations,80,45,35
S01006703,All people aged 16 to 74 in employment,321,163,158
S01006703,1. Managers directors and senior officials,12,6,6
S01006703,2. Professional occupations,30,9,21
S01006703,3. Associate professional and technical occupations,27,18,9
S01006703,4. Administrative and secretarial occupations,31,8,23
S01006703,5. Skilled trades occupations,38,36,2
S01006703,6. Caring leisure and other service occupations,48,5,43
S01006703,7. Sales and customer service occupations,30,7,23
S01006703,8. Process plant and machine operatives,45,40,5
S01006703,9. Elementary occupations,60,34,26
S01006704,All people aged 16 to 74 in employment,272,140,132
S01006704,1. Managers directors and senior officials,12,9,3
S01006704,2. Professional occupations,16,4,12
S01006704,3. Associate professional and technical occupations,19,9,10
S01006704,4. Administrative and secretarial occupations,41,7,34
S01006704,5. Skilled trades occupations,42,40,2
S01006704,6. Caring leisure and other service occupations,33,6,27
S01006704,7. Sales and customer service occupations,17,3,14
S01006704,8. Process plant and machine operatives,32,30,2
S01006704,9. Elementary occupations,60,32,28
S01006705,All people aged 16 to 74 in employment,355,185,170
S01006705,1. Managers directors and senior officials,18,11,7
S01006705,2. Professional occupations,18,8,10
S01006705,3. Associate professional and technical occupations,20,11,9
S01006705,4. Administrative and secretarial occupations,43,12,31
S01006705,5. Skilled trades occupations,61,50,11
S01006705,6. Caring leisure and other service occupations,42,6,36
S01006705,7. Sales and customer service occupations,28,4,24
S01006705,8. Process plant and machine operatives,62,58,4
S01006705,9. Elementary occupations,63,25,38
S01006706,All people aged 16 to 74 in employment,321,171,150
S01006706,1. Managers directors and senior officials,9,6,3
S01006706,2. Professional occupations,32,12,20
S01006706,3. Associate professional and technical occupations,34,19,15
S01006706,4. Administrative and secretarial occupations,40,9,31
S01006706,5. Skilled trades occupations,54,49,5
S01006706,6. Caring leisure and other service occupations,49,4,45
S01006706,7. Sales and customer service occupations,26,9,17
S01006706,8. Process plant and machine operatives,30,30,0
S01006706,9. Elementary occupations,47,33,14
S01006707,All people aged 16 to 74 in employment,331,160,171
S01006707,1. Managers directors and senior officials,15,8,7
S01006707,2. Professional occupations,35,14,21
S01006707,3. Associate professional and technical occupations,27,11,16
S01006707,4. Administrative and secretarial occupations,41,10,31
S01006707,5. Skilled trades occupations,43,38,5
S01006707,6. Caring leisure and other service occupations,43,6,37
S01006707,7. Sales and customer service occupations,23,5,18
S01006707,8. Process plant and machine operatives,34,31,3
S01006707,9. Elementary occupations,70,37,33
S01006708,All people aged 16 to 74 in employment,383,200,183
S01006708,1. Managers directors and senior officials,14,10,4
S01006708,2. Professional occupations,47,13,34
S01006708,3. Associate professional and technical occupations,36,20,16
S01006708,4. Administrative and secretarial occupations,53,9,44
S01006708,5. Skilled trades occupations,56,52,4
S01006708,6. Caring leisure and other service occupations,55,18,37
S01006708,7. Sales and customer service occupations,28,10,18
S01006708,8. Process plant and machine operatives,37,34,3
S01006708,9. Elementary occupations,57,34,23
S01006709,All people aged 16 to 74 in employment,412,221,191
S01006709,1. Managers directors and senior officials,21,16,5
S01006709,2. Professional occupations,25,15,10
S01006709,3. Associate professional and technical occupations,28,21,7
S01006709,4. Administrative and secretarial occupations,62,13,49
S01006709,5. Skilled trades occupations,57,52,5
S01006709,6. Caring leisure and other service occupations,60,4,56
S01006709,7. Sales and customer service occupations,44,16,28
S01006709,8. Process plant and machine operatives,52,51,1
S01006709,9. Elementary occupations,63,33,30
S01006710,All people aged 16 to 74 in employment,447,226,221
S01006710,1. Managers directors and senior officials,22,15,7
S01006710,2. Professional occupations,31,10,21
S01006710,3. Associate professional and technical occupations,50,33,17
S01006710,4. Administrative and secretarial occupations,63,15,48
S01006710,5. Skilled trades occupations,60,53,7
S01006710,6. Caring leisure and other service occupations,67,7,60
S01006710,7. Sales and customer service occupations,42,16,26
S01006710,8. Process plant and machine operatives,59,56,3
S01006710,9. Elementary occupations,53,21,32
S01006711,All people aged 16 to 74 in employment,473,233,240
S01006711,1. Managers directors and senior officials,20,16,4
S01006711,2. Professional occupations,43,17,26
S01006711,3. Associate professional and technical occupations,52,31,21
S01006711,4. Administrative and secretarial occupations,64,7,57
S01006711,5. Skilled trades occupations,64,62,2
S01006711,6. Caring leisure and other service occupations,54,3,51
S01006711,7. Sales and customer service occupations,57,14,43
S01006711,8. Process plant and machine operatives,50,47,3
S01006711,9. Elementary occupations,69,36,33
S01006712,All people aged 16 to 74 in employment,251,129,122
S01006712,1. Managers directors and senior officials,15,10,5
S01006712,2. Professional occupations,24,4,20
S01006712,3. Associate professional and technical occupations,26,15,11
S01006712,4. Administrative and secretarial occupations,32,3,29
S01006712,5. Skilled trades occupations,44,43,1
S01006712,6. Caring leisure and other service occupations,27,2,25
S01006712,7. Sales and customer service occupations,19,4,15
S01006712,8. Process plant and machine operatives,23,23,0
S01006712,9. Elementary occupations,41,25,16
S01006713,All people aged 16 to 74 in employment,466,241,225
S01006713,1. Managers directors and senior officials,14,8,6
S01006713,2. Professional occupations,30,12,18
S01006713,3. Associate professional and technical occupations,46,26,20
S01006713,4. Administrative and secretarial occupations,59,11,48
S01006713,5. Skilled trades occupations,67,58,9
S01006713,6. Caring leisure and other service occupations,59,7,52
S01006713,7. Sales and customer service occupations,42,12,30
S01006713,8. Process plant and machine operatives,61,57,4
S01006713,9. Elementary occupations,88,50,38
S01006714,All people aged 16 to 74 in employment,342,183,159
S01006714,1. Managers directors and senior officials,9,5,4
S01006714,2. Professional occupations,35,15,20
S01006714,3. Associate professional and technical occupations,29,17,12
S01006714,4. Administrative and secretarial occupations,52,8,44
S01006714,5. Skilled trades occupations,44,42,2
S01006714,6. Caring leisure and other service occupations,43,6,37
S01006714,7. Sales and customer service occupations,18,4,14
S01006714,8. Process plant and machine operatives,53,49,4
S01006714,9. Elementary occupations,59,37,22
S01006715,All people aged 16 to 74 in employment,266,144,122
S01006715,1. Managers directors and senior officials,8,5,3
S01006715,2. Professional occupations,25,13,12
S01006715,3. Associate professional and technical occupations,15,9,6
S01006715,4. Administrative and secretarial occupations,16,6,10
S01006715,5. Skilled trades occupations,30,29,1
S01006715,6. Caring leisure and other service occupations,39,8,31
S01006715,7. Sales and customer service occupations,21,7,14
S01006715,8. Process plant and machine operatives,33,30,3
S01006715,9. Elementary occupations,79,37,42
S01006716,All people aged 16 to 74 in employment,317,162,155
S01006716,1. Managers directors and senior officials,10,10,0
S01006716,2. Professional occupations,27,9,18
S01006716,3. Associate professional and technical occupations,30,20,10
S01006716,4. Administrative and secretarial occupations,33,12,21
S01006716,5. Skilled trades occupations,50,46,4
S01006716,6. Caring leisure and other service occupations,46,7,39
S01006716,7. Sales and customer service occupations,25,6,19
S01006716,8. Process plant and machine operatives,29,27,2
S01006716,9. Elementary occupations,67,25,42
S01006717,All people aged 16 to 74 in employment,479,230,249
S01006717,1. Managers directors and senior officials,16,7,9
S01006717,2. Professional occupations,33,10,23
S01006717,3. Associate professional and technical occupations,36,21,15
S01006717,4. Administrative and secretarial occupations,61,11,50
S01006717,5. Skilled trades occupations,84,75,9
S01006717,6. Caring leisure and other service occupations,65,6,59
S01006717,7. Sales and customer service occupations,47,9,38
S01006717,8. Process plant and machine operatives,53,49,4
S01006717,9. Elementary occupations,84,42,42
S01006718,All people aged 16 to 74 in employment,310,163,147
S01006718,1. Managers directors and senior officials,23,12,11
S01006718,2. Professional occupations,18,9,9
S01006718,3. Associate professional and technical occupations,15,11,4
S01006718,4. Administrative and secretarial occupations,20,6,14
S01006718,5. Skilled trades occupations,48,43,5
S01006718,6. Caring leisure and other service occupations,55,5,50
S01006718,7. Sales and customer service occupations,27,14,13
S01006718,8. Process plant and machine operatives,44,43,1
S01006718,9. Elementary occupations,60,20,40
S01006719,All people aged 16 to 74 in employment,459,236,223
S01006719,1. Managers directors and senior officials,23,9,14
S01006719,2. Professional occupations,44,18,26
S01006719,3. Associate professional and technical occupations,45,25,20
S01006719,4. Administrative and secretarial occupations,45,9,36
S01006719,5. Skilled trades occupations,64,62,2
S01006719,6. Caring leisure and other service occupations,58,10,48
S01006719,7. Sales and customer service occupations,35,9,26
S01006719,8. Process plant and machine operatives,50,46,4
S01006719,9. Elementary occupations,95,48,47
S01006720,All people aged 16 to 74 in employment,311,172,139
S01006720,1. Managers directors and senior officials,11,5,6
S01006720,2. Professional occupations,21,9,12
S01006720,3. Associate professional and technical occupations,36,26,10
S01006720,4. Administrative and secretarial occupations,27,6,21
S01006720,5. Skilled trades occupations,56,52,4
S01006720,6. Caring leisure and other service occupations,46,8,38
S01006720,7. Sales and customer service occupations,16,1,15
S01006720,8. Process plant and machine operatives,38,37,1
S01006720,9. Elementary occupations,60,28,32
S01006721,All people aged 16 to 74 in employment,450,243,207
S01006721,1. Managers directors and senior officials,21,15,6
S01006721,2. Professional occupations,36,12,24
S01006721,3. Associate professional and technical occupations,38,29,9
S01006721,4. Administrative and secretarial occupations,47,9,38
S01006721,5. Skilled trades occupations,59,52,7
S01006721,6. Caring leisure and other service occupations,49,4,45
S01006721,7. Sales and customer service occupations,36,6,30
S01006721,8. Process plant and machine operatives,77,65,12
S01006721,9. Elementary occupations,87,51,36
S01006722,All people aged 16 to 74 in employment,372,193,179
S01006722,1. Managers directors and senior officials,15,8,7
S01006722,2. Professional occupations,32,16,16
S01006722,3. Associate professional and technical occupations,32,16,16
S01006722,4. Administrative and secretarial occupations,33,9,24
S01006722,5. Skilled trades occupations,51,45,6
S01006722,6. Caring leisure and other service occupations,64,9,55
S01006722,7. Sales and customer service occupations,27,7,20
S01006722,8. Process plant and machine operatives,46,44,2
S01006722,9. Elementary occupations,72,39,33
S01006723,All people aged 16 to 74 in employment,325,167,158
S01006723,1. Managers directors and senior officials,20,10,10
S01006723,2. Professional occupations,32,16,16
S01006723,3. Associate professional and technical occupations,28,18,10
S01006723,4. Administrative and secretarial occupations,45,9,36
S01006723,5. Skilled trades occupations,42,40,2
S01006723,6. Caring leisure and other service occupations,39,5,34
S01006723,7. Sales and customer service occupations,25,3,22
S01006723,8. Process plant and machine operatives,31,31,0
S01006723,9. Elementary occupations,63,35,28
S01006724,All people aged 16 to 74 in employment,402,205,197
S01006724,1. Managers directors and senior officials,15,8,7
S01006724,2. Professional occupations,23,9,14
S01006724,3. Associate professional and technical occupations,26,17,9
S01006724,4. Administrative and secretarial occupations,28,9,19
S01006724,5. Skilled trades occupations,67,61,6
S01006724,6. Caring leisure and other service occupations,44,7,37
S01006724,7. Sales and customer service occupations,45,11,34
S01006724,8. Process plant and machine operatives,49,41,8
S01006724,9. Elementary occupations,105,42,63
S01006725,All people aged 16 to 74 in employment,334,169,165
S01006725,1. Managers directors and senior officials,21,12,9
S01006725,2. Professional occupations,18,7,11
S01006725,3. Associate professional and technical occupations,22,17,5
S01006725,4. Administrative and secretarial occupations,32,3,29
S01006725,5. Skilled trades occupations,51,42,9
S01006725,6. Caring leisure and other service occupations,48,5,43
S01006725,7. Sales and customer service occupations,43,14,29
S01006725,8. Process plant and machine operatives,42,41,1
S01006725,9. Elementary occupations,57,28,29
S01006726,All people aged 16 to 74 in employment,615,328,287
S01006726,1. Managers directors and senior officials,18,9,9
S01006726,2. Professional occupations,31,15,16
S01006726,3. Associate professional and technical occupations,39,27,12
S01006726,4. Administrative and secretarial occupations,37,12,25
S01006726,5. Skilled trades occupations,92,81,11
S01006726,6. Caring leisure and other service occupations,76,14,62
S01006726,7. Sales and customer service occupations,58,17,41
S01006726,8. Process plant and machine operatives,71,62,9
S01006726,9. Elementary occupations,193,91,102
S01006727,All people aged 16 to 74 in employment,413,219,194
S01006727,1. Managers directors and senior officials,10,5,5
S01006727,2. Professional occupations,14,8,6
S01006727,3. Associate professional and technical occupations,27,18,9
S01006727,4. Administrative and secretarial occupations,40,9,31
S01006727,5. Skilled trades occupations,70,64,6
S01006727,6. Caring leisure and other service occupations,46,7,39
S01006727,7. Sales and customer service occupations,38,12,26
S01006727,8. Process plant and machine operatives,48,41,7
S01006727,9. Elementary occupations,120,55,65
S01006728,All people aged 16 to 74 in employment,367,175,192
S01006728,1. Managers directors and senior officials,23,13,10
S01006728,2. Professional occupations,38,14,24
S01006728,3. Associate professional and technical occupations,28,12,16
S01006728,4. Administrative and secretarial occupations,37,7,30
S01006728,5. Skilled trades occupations,58,54,4
S01006728,6. Caring leisure and other service occupations,44,5,39
S01006728,7. Sales and customer service occupations,31,4,27
S01006728,8. Process plant and machine operatives,38,32,6
S01006728,9. Elementary occupations,70,34,36
S01006729,All people aged 16 to 74 in employment,360,188,172
S01006729,1. Managers directors and senior officials,12,7,5
S01006729,2. Professional occupations,24,8,16
S01006729,3. Associate professional and technical occupations,31,21,10
S01006729,4. Administrative and secretarial occupations,30,9,21
S01006729,5. Skilled trades occupations,59,44,15
S01006729,6. Caring leisure and other service occupations,52,14,38
S01006729,7. Sales and customer service occupations,22,8,14
S01006729,8. Process plant and machine operatives,33,30,3
S01006729,9. Elementary occupations,97,47,50
S01006730,All people aged 16 to 74 in employment,389,201,188
S01006730,1. Managers directors and senior officials,16,7,9
S01006730,2. Professional occupations,33,14,19
S01006730,3. Associate professional and technical occupations,38,24,14
S01006730,4. Administrative and secretarial occupations,50,9,41
S01006730,5. Skilled trades occupations,60,54,6
S01006730,6. Caring leisure and other service occupations,46,4,42
S01006730,7. Sales and customer service occupations,29,15,14
S01006730,8. Process plant and machine operatives,41,37,4
S01006730,9. Elementary occupations,76,37,39
S01006731,All people aged 16 to 74 in employment,291,159,132
S01006731,1. Managers directors and senior officials,16,6,10
S01006731,2. Professional occupations,14,7,7
S01006731,3. Associate professional and technical occupations,30,16,14
S01006731,4. Administrative and secretarial occupations,36,7,29
S01006731,5. Skilled trades occupations,57,52,5
S01006731,6. Caring leisure and other service occupations,34,5,29
S01006731,7. Sales and customer service occupations,22,7,15
S01006731,8. Process plant and machine operatives,39,35,4
S01006731,9. Elementary occupations,43,24,19
S01006732,All people aged 16 to 74 in employment,542,297,245
S01006732,1. Managers directors and senior officials,71,52,19
S01006732,2. Professional occupations,128,63,65
S01006732,3. Associate professional and technical occupations,77,46,31
S01006732,4. Administrative and secretarial occupations,61,11,50
S01006732,5. Skilled trades occupations,64,57,7
S01006732,6. Caring leisure and other service occupations,31,4,27
S01006732,7. Sales and customer service occupations,33,9,24
S01006732,8. Process plant and machine operatives,19,18,1
S01006732,9. Elementary occupations,58,37,21
S01006733,All people aged 16 to 74 in employment,465,258,207
S01006733,1. Managers directors and senior officials,54,45,9
S01006733,2. Professional occupations,151,88,63
S01006733,3. Associate professional and technical occupations,73,47,26
S01006733,4. Administrative and secretarial occupations,71,14,57
S01006733,5. Skilled trades occupations,30,29,1
S01006733,6. Caring leisure and other service occupations,25,3,22
S01006733,7. Sales and customer service occupations,22,4,18
S01006733,8. Process plant and machine operatives,25,25,0
S01006733,9. Elementary occupations,14,3,11
S01006734,All people aged 16 to 74 in employment,527,295,232
S01006734,1. Managers directors and senior officials,56,42,14
S01006734,2. Professional occupations,168,95,73
S01006734,3. Associate professional and technical occupations,83,49,34
S01006734,4. Administrative and secretarial occupations,65,8,57
S01006734,5. Skilled trades occupations,46,46,0
S01006734,6. Caring leisure and other service occupations,28,2,26
S01006734,7. Sales and customer service occupations,23,8,15
S01006734,8. Process plant and machine operatives,33,30,3
S01006734,9. Elementary occupations,25,15,10
S01006735,All people aged 16 to 74 in employment,288,165,123
S01006735,1. Managers directors and senior officials,35,28,7
S01006735,2. Professional occupations,89,53,36
S01006735,3. Associate professional and technical occupations,48,31,17
S01006735,4. Administrative and secretarial occupations,39,7,32
S01006735,5. Skilled trades occupations,20,19,1
S01006735,6. Caring leisure and other service occupations,12,2,10
S01006735,7. Sales and customer service occupations,16,7,9
S01006735,8. Process plant and machine operatives,17,15,2
S01006735,9. Elementary occupations,12,3,9
S01006736,All people aged 16 to 74 in employment,653,326,327
S01006736,1. Managers directors and senior officials,67,46,21
S01006736,2. Professional occupations,173,86,87
S01006736,3. Associate professional and technical occupations,114,59,55
S01006736,4. Administrative and secretarial occupations,95,20,75
S01006736,5. Skilled trades occupations,58,53,5
S01006736,6. Caring leisure and other service occupations,46,3,43
S01006736,7. Sales and customer service occupations,34,13,21
S01006736,8. Process plant and machine operatives,39,36,3
S01006736,9. Elementary occupations,27,10,17
S01006737,All people aged 16 to 74 in employment,338,193,145
S01006737,1. Managers directors and senior officials,50,38,12
S01006737,2. Professional occupations,74,38,36
S01006737,3. Associate professional and technical occupations,41,27,14
S01006737,4. Administrative and secretarial occupations,47,8,39
S01006737,5. Skilled trades occupations,45,41,4
S01006737,6. Caring leisure and other service occupations,18,2,16
S01006737,7. Sales and customer service occupations,18,7,11
S01006737,8. Process plant and machine operatives,20,18,2
S01006737,9. Elementary occupations,25,14,11
S01006738,All people aged 16 to 74 in employment,577,333,244
S01006738,1. Managers directors and senior officials,32,19,13
S01006738,2. Professional occupations,73,42,31
S01006738,3. Associate professional and technical occupations,95,61,34
S01006738,4. Administrative and secretarial occupations,78,16,62
S01006738,5. Skilled trades occupations,84,83,1
S01006738,6. Caring leisure and other service occupations,58,12,46
S01006738,7. Sales and customer service occupations,41,14,27
S01006738,8. Process plant and machine operatives,52,45,7
S01006738,9. Elementary occupations,64,41,23
S01006739,All people aged 16 to 74 in employment,410,224,186
S01006739,1. Managers directors and senior officials,27,16,11
S01006739,2. Professional occupations,65,32,33
S01006739,3. Associate professional and technical occupations,61,37,24
S01006739,4. Administrative and secretarial occupations,65,19,46
S01006739,5. Skilled trades occupations,62,57,5
S01006739,6. Caring leisure and other service occupations,36,6,30
S01006739,7. Sales and customer service occupations,26,7,19
S01006739,8. Process plant and machine operatives,32,31,1
S01006739,9. Elementary occupations,36,19,17
S01006740,All people aged 16 to 74 in employment,392,212,180
S01006740,1. Managers directors and senior officials,16,10,6
S01006740,2. Professional occupations,42,14,28
S01006740,3. Associate professional and technical occupations,52,38,14
S01006740,4. Administrative and secretarial occupations,57,8,49
S01006740,5. Skilled trades occupations,54,54,0
S01006740,6. Caring leisure and other service occupations,31,3,28
S01006740,7. Sales and customer service occupations,31,7,24
S01006740,8. Process plant and machine operatives,52,49,3
S01006740,9. Elementary occupations,57,29,28
S01006741,All people aged 16 to 74 in employment,317,168,149
S01006741,1. Managers directors and senior officials,13,8,5
S01006741,2. Professional occupations,34,16,18
S01006741,3. Associate professional and technical occupations,23,15,8
S01006741,4. Administrative and secretarial occupations,48,11,37
S01006741,5. Skilled trades occupations,44,42,2
S01006741,6. Caring leisure and other service occupations,29,1,28
S01006741,7. Sales and customer service occupations,23,5,18
S01006741,8. Process plant and machine operatives,45,42,3
S01006741,9. Elementary occupations,58,28,30
S01006742,All people aged 16 to 74 in employment,208,112,96
S01006742,1. Managers directors and senior officials,8,7,1
S01006742,2. Professional occupations,25,11,14
S01006742,3. Associate professional and technical occupations,22,12,10
S01006742,4. Administrative and secretarial occupations,31,9,22
S01006742,5. Skilled trades occupations,19,17,2
S01006742,6. Caring leisure and other service occupations,20,1,19
S01006742,7. Sales and customer service occupations,20,4,16
S01006742,8. Process plant and machine operatives,24,24,0
S01006742,9. Elementary occupations,39,27,12
S01006743,All people aged 16 to 74 in employment,321,166,155
S01006743,1. Managers directors and senior officials,20,12,8
S01006743,2. Professional occupations,49,17,32
S01006743,3. Associate professional and technical occupations,37,25,12
S01006743,4. Administrative and secretarial occupations,44,8,36
S01006743,5. Skilled trades occupations,46,44,2
S01006743,6. Caring leisure and other service occupations,29,4,25
S01006743,7. Sales and customer service occupations,41,14,27
S01006743,8. Process plant and machine operatives,26,24,2
S01006743,9. Elementary occupations,29,18,11
S01006744,All people aged 16 to 74 in employment,384,201,183
S01006744,1. Managers directors and senior officials,23,15,8
S01006744,2. Professional occupations,55,22,33
S01006744,3. Associate professional and technical occupations,46,26,20
S01006744,4. Administrative and secretarial occupations,49,11,38
S01006744,5. Skilled trades occupations,45,42,3
S01006744,6. Caring leisure and other service occupations,40,7,33
S01006744,7. Sales and customer service occupations,37,15,22
S01006744,8. Process plant and machine operatives,45,41,4
S01006744,9. Elementary occupations,44,22,22
S01006745,All people aged 16 to 74 in employment,408,215,193
S01006745,1. Managers directors and senior officials,22,13,9
S01006745,2. Professional occupations,43,23,20
S01006745,3. Associate professional and technical occupations,45,28,17
S01006745,4. Administrative and secretarial occupations,48,9,39
S01006745,5. Skilled trades occupations,58,56,2
S01006745,6. Caring leisure and other service occupations,40,2,38
S01006745,7. Sales and customer service occupations,35,5,30
S01006745,8. Process plant and machine operatives,52,46,6
S01006745,9. Elementary occupations,65,33,32
S01006746,All people aged 16 to 74 in employment,426,207,219
S01006746,1. Managers directors and senior officials,16,8,8
S01006746,2. Professional occupations,42,14,28
S01006746,3. Associate professional and technical occupations,41,22,19
S01006746,4. Administrative and secretarial occupations,68,18,50
S01006746,5. Skilled trades occupations,59,51,8
S01006746,6. Caring leisure and other service occupations,53,7,46
S01006746,7. Sales and customer service occupations,54,12,42
S01006746,8. Process plant and machine operatives,56,53,3
S01006746,9. Elementary occupations,37,22,15
S01006747,All people aged 16 to 74 in employment,410,204,206
S01006747,1. Managers directors and senior officials,25,18,7
S01006747,2. Professional occupations,73,26,47
S01006747,3. Associate professional and technical occupations,71,45,26
S01006747,4. Administrative and secretarial occupations,64,13,51
S01006747,5. Skilled trades occupations,55,51,4
S01006747,6. Caring leisure and other service occupations,40,4,36
S01006747,7. Sales and customer service occupations,27,5,22
S01006747,8. Process plant and machine operatives,24,24,0
S01006747,9. Elementary occupations,31,18,13
S01006748,All people aged 16 to 74 in employment,482,282,200
S01006748,1. Managers directors and senior officials,44,29,15
S01006748,2. Professional occupations,76,40,36
S01006748,3. Associate professional and technical occupations,60,43,17
S01006748,4. Administrative and secretarial occupations,63,12,51
S01006748,5. Skilled trades occupations,80,76,4
S01006748,6. Caring leisure and other service occupations,45,7,38
S01006748,7. Sales and customer service occupations,34,11,23
S01006748,8. Process plant and machine operatives,37,33,4
S01006748,9. Elementary occupations,43,31,12
S01006749,All people aged 16 to 74 in employment,513,271,242
S01006749,1. Managers directors and senior officials,29,12,17
S01006749,2. Professional occupations,53,27,26
S01006749,3. Associate professional and technical occupations,60,41,19
S01006749,4. Administrative and secretarial occupations,75,16,59
S01006749,5. Skilled trades occupations,70,68,2
S01006749,6. Caring leisure and other service occupations,53,8,45
S01006749,7. Sales and customer service occupations,45,15,30
S01006749,8. Process plant and machine operatives,57,52,5
S01006749,9. Elementary occupations,71,32,39
S01006750,All people aged 16 to 74 in employment,354,194,160
S01006750,1. Managers directors and senior officials,28,19,9
S01006750,2. Professional occupations,32,15,17
S01006750,3. Associate professional and technical occupations,44,30,14
S01006750,4. Administrative and secretarial occupations,40,11,29
S01006750,5. Skilled trades occupations,55,54,1
S01006750,6. Caring leisure and other service occupations,37,2,35
S01006750,7. Sales and customer service occupations,25,5,20
S01006750,8. Process plant and machine operatives,44,40,4
S01006750,9. Elementary occupations,49,18,31
S01006751,All people aged 16 to 74 in employment,250,125,125
S01006751,1. Managers directors and senior officials,21,18,3
S01006751,2. Professional occupations,28,11,17
S01006751,3. Associate professional and technical occupations,29,15,14
S01006751,4. Administrative and secretarial occupations,28,5,23
S01006751,5. Skilled trades occupations,30,28,2
S01006751,6. Caring leisure and other service occupations,29,1,28
S01006751,7. Sales and customer service occupations,26,11,15
S01006751,8. Process plant and machine operatives,25,24,1
S01006751,9. Elementary occupations,34,12,22
S01006752,All people aged 16 to 74 in employment,347,173,174
S01006752,1. Managers directors and senior officials,20,9,11
S01006752,2. Professional occupations,37,23,14
S01006752,3. Associate professional and technical occupations,39,21,18
S01006752,4. Administrative and secretarial occupations,50,9,41
S01006752,5. Skilled trades occupations,51,42,9
S01006752,6. Caring leisure and other service occupations,35,5,30
S01006752,7. Sales and customer service occupations,28,5,23
S01006752,8. Process plant and machine operatives,31,30,1
S01006752,9. Elementary occupations,56,29,27
S01006753,All people aged 16 to 74 in employment,498,271,227
S01006753,1. Managers directors and senior officials,42,30,12
S01006753,2. Professional occupations,90,45,45
S01006753,3. Associate professional and technical occupations,73,43,30
S01006753,4. Administrative and secretarial occupations,61,13,48
S01006753,5. Skilled trades occupations,64,60,4
S01006753,6. Caring leisure and other service occupations,29,2,27
S01006753,7. Sales and customer service occupations,39,14,25
S01006753,8. Process plant and machine operatives,49,47,2
S01006753,9. Elementary occupations,51,17,34
S01006754,All people aged 16 to 74 in employment,493,273,220
S01006754,1. Managers directors and senior officials,41,28,13
S01006754,2. Professional occupations,96,44,52
S01006754,3. Associate professional and technical occupations,73,45,28
S01006754,4. Administrative and secretarial occupations,69,16,53
S01006754,5. Skilled trades occupations,57,57,0
S01006754,6. Caring leisure and other service occupations,31,5,26
S01006754,7. Sales and customer service occupations,40,15,25
S01006754,8. Process plant and machine operatives,48,42,6
S01006754,9. Elementary occupations,38,21,17
S01006755,All people aged 16 to 74 in employment,440,232,208
S01006755,1. Managers directors and senior officials,42,29,13
S01006755,2. Professional occupations,85,40,45
S01006755,3. Associate professional and technical occupations,77,38,39
S01006755,4. Administrative and secretarial occupations,58,4,54
S01006755,5. Skilled trades occupations,64,57,7
S01006755,6. Caring leisure and other service occupations,22,3,19
S01006755,7. Sales and customer service occupations,23,10,13
S01006755,8. Process plant and machine operatives,35,34,1
S01006755,9. Elementary occupations,34,17,17
S01006756,All people aged 16 to 74 in employment,431,250,181
S01006756,1. Managers directors and senior officials,53,38,15
S01006756,2. Professional occupations,138,66,72
S01006756,3. Associate professional and technical occupations,89,58,31
S01006756,4. Administrative and secretarial occupations,48,12,36
S01006756,5. Skilled trades occupations,38,37,1
S01006756,6. Caring leisure and other service occupations,11,2,9
S01006756,7. Sales and customer service occupations,20,9,11
S01006756,8. Process plant and machine operatives,19,17,2
S01006756,9. Elementary occupations,15,11,4
S01006757,All people aged 16 to 74 in employment,499,255,244
S01006757,1. Managers directors and senior officials,34,25,9
S01006757,2. Professional occupations,85,37,48
S01006757,3. Associate professional and technical occupations,103,50,53
S01006757,4. Administrative and secretarial occupations,77,14,63
S01006757,5. Skilled trades occupations,74,68,6
S01006757,6. Caring leisure and other service occupations,26,4,22
S01006757,7. Sales and customer service occupations,34,8,26
S01006757,8. Process plant and machine operatives,33,32,1
S01006757,9. Elementary occupations,33,17,16
S01006758,All people aged 16 to 74 in employment,459,243,216
S01006758,1. Managers directors and senior officials,42,30,12
S01006758,2. Professional occupations,92,46,46
S01006758,3. Associate professional and technical occupations,71,35,36
S01006758,4. Administrative and secretarial occupations,64,13,51
S01006758,5. Skilled trades occupations,52,49,3
S01006758,6. Caring leisure and other service occupations,28,0,28
S01006758,7. Sales and customer service occupations,41,15,26
S01006758,8. Process plant and machine operatives,34,30,4
S01006758,9. Elementary occupations,35,25,10
S01006759,All people aged 16 to 74 in employment,352,185,167
S01006759,1. Managers directors and senior officials,21,18,3
S01006759,2. Professional occupations,63,35,28
S01006759,3. Associate professional and technical occupations,57,32,25
S01006759,4. Administrative and secretarial occupations,64,10,54
S01006759,5. Skilled trades occupations,45,43,2
S01006759,6. Caring leisure and other service occupations,26,0,26
S01006759,7. Sales and customer service occupations,29,12,17
S01006759,8. Process plant and machine operatives,27,26,1
S01006759,9. Elementary occupations,20,9,11
S01006760,All people aged 16 to 74 in employment,327,159,168
S01006760,1. Managers directors and senior officials,24,12,12
S01006760,2. Professional occupations,57,27,30
S01006760,3. Associate professional and technical occupations,55,37,18
S01006760,4. Administrative and secretarial occupations,65,9,56
S01006760,5. Skilled trades occupations,35,34,1
S01006760,6. Caring leisure and other service occupations,24,7,17
S01006760,7. Sales and customer service occupations,24,1,23
S01006760,8. Process plant and machine operatives,24,22,2
S01006760,9. Elementary occupations,19,10,9
S01006761,All people aged 16 to 74 in employment,439,237,202
S01006761,1. Managers directors and senior officials,33,29,4
S01006761,2. Professional occupations,63,29,34
S01006761,3. Associate professional and technical occupations,74,46,28
S01006761,4. Administrative and secretarial occupations,72,15,57
S01006761,5. Skilled trades occupations,45,43,2
S01006761,6. Caring leisure and other service occupations,23,3,20
S01006761,7. Sales and customer service occupations,46,13,33
S01006761,8. Process plant and machine operatives,47,43,4
S01006761,9. Elementary occupations,36,16,20
S01006762,All people aged 16 to 74 in employment,384,208,176
S01006762,1. Managers directors and senior officials,35,25,10
S01006762,2. Professional occupations,72,39,33
S01006762,3. Associate professional and technical occupations,45,27,18
S01006762,4. Administrative and secretarial occupations,59,12,47
S01006762,5. Skilled trades occupations,68,64,4
S01006762,6. Caring leisure and other service occupations,34,4,30
S01006762,7. Sales and customer service occupations,26,7,19
S01006762,8. Process plant and machine operatives,23,19,4
S01006762,9. Elementary occupations,22,11,11
S01006763,All people aged 16 to 74 in employment,569,281,288
S01006763,1. Managers directors and senior officials,50,35,15
S01006763,2. Professional occupations,102,44,58
S01006763,3. Associate professional and technical occupations,94,56,38
S01006763,4. Administrative and secretarial occupations,94,21,73
S01006763,5. Skilled trades occupations,68,60,8
S01006763,6. Caring leisure and other service occupations,41,1,40
S01006763,7. Sales and customer service occupations,46,7,39
S01006763,8. Process plant and machine operatives,36,34,2
S01006763,9. Elementary occupations,38,23,15
S01006764,All people aged 16 to 74 in employment,543,294,249
S01006764,1. Managers directors and senior officials,41,27,14
S01006764,2. Professional occupations,79,40,39
S01006764,3. Associate professional and technical occupations,90,61,29
S01006764,4. Administrative and secretarial occupations,87,12,75
S01006764,5. Skilled trades occupations,75,70,5
S01006764,6. Caring leisure and other service occupations,41,7,34
S01006764,7. Sales and customer service occupations,41,11,30
S01006764,8. Process plant and machine operatives,32,30,2
S01006764,9. Elementary occupations,57,36,21
S01006765,All people aged 16 to 74 in employment,404,211,193
S01006765,1. Managers directors and senior officials,27,18,9
S01006765,2. Professional occupations,55,30,25
S01006765,3. Associate professional and technical occupations,75,47,28
S01006765,4. Administrative and secretarial occupations,63,8,55
S01006765,5. Skilled trades occupations,51,43,8
S01006765,6. Caring leisure and other service occupations,33,3,30
S01006765,7. Sales and customer service occupations,38,19,19
S01006765,8. Process plant and machine operatives,29,27,2
S01006765,9. Elementary occupations,33,16,17
S01006766,All people aged 16 to 74 in employment,385,202,183
S01006766,1. Managers directors and senior officials,46,30,16
S01006766,2. Professional occupations,76,36,40
S01006766,3. Associate professional and technical occupations,69,43,26
S01006766,4. Administrative and secretarial occupations,47,10,37
S01006766,5. Skilled trades occupations,34,33,1
S01006766,6. Caring leisure and other service occupations,32,3,29
S01006766,7. Sales and customer service occupations,31,8,23
S01006766,8. Process plant and machine operatives,16,15,1
S01006766,9. Elementary occupations,34,24,10
S01006767,All people aged 16 to 74 in employment,424,216,208
S01006767,1. Managers directors and senior officials,24,16,8
S01006767,2. Professional occupations,57,31,26
S01006767,3. Associate professional and technical occupations,65,43,22
S01006767,4. Administrative and secretarial occupations,63,10,53
S01006767,5. Skilled trades occupations,60,55,5
S01006767,6. Caring leisure and other service occupations,37,2,35
S01006767,7. Sales and customer service occupations,46,12,34
S01006767,8. Process plant and machine operatives,28,26,2
S01006767,9. Elementary occupations,44,21,23
S01006768,All people aged 16 to 74 in employment,381,202,179
S01006768,1. Managers directors and senior officials,54,39,15
S01006768,2. Professional occupations,84,52,32
S01006768,3. Associate professional and technical occupations,44,25,19
S01006768,4. Administrative and secretarial occupations,53,7,46
S01006768,5. Skilled trades occupations,39,38,1
S01006768,6. Caring leisure and other service occupations,23,3,20
S01006768,7. Sales and customer service occupations,40,14,26
S01006768,8. Process plant and machine operatives,17,14,3
S01006768,9. Elementary occupations,27,10,17
S01006769,All people aged 16 to 74 in employment,568,308,260
S01006769,1. Managers directors and senior officials,35,24,11
S01006769,2. Professional occupations,80,40,40
S01006769,3. Associate professional and technical occupations,83,55,28
S01006769,4. Administrative and secretarial occupations,77,14,63
S01006769,5. Skilled trades occupations,85,78,7
S01006769,6. Caring leisure and other service occupations,59,7,52
S01006769,7. Sales and customer service occupations,52,17,35
S01006769,8. Process plant and machine operatives,49,47,2
S01006769,9. Elementary occupations,48,26,22
S01006770,All people aged 16 to 74 in employment,397,206,191
S01006770,1. Managers directors and senior officials,21,17,4
S01006770,2. Professional occupations,65,28,37
S01006770,3. Associate professional and technical occupations,56,32,24
S01006770,4. Administrative and secretarial occupations,76,20,56
S01006770,5. Skilled trades occupations,45,44,1
S01006770,6. Caring leisure and other service occupations,37,8,29
S01006770,7. Sales and customer service occupations,36,7,29
S01006770,8. Process plant and machine operatives,31,31,0
S01006770,9. Elementary occupations,30,19,11
S01006771,All people aged 16 to 74 in employment,289,151,138
S01006771,1. Managers directors and senior officials,28,20,8
S01006771,2. Professional occupations,45,24,21
S01006771,3. Associate professional and technical occupations,51,38,13
S01006771,4. Administrative and secretarial occupations,47,5,42
S01006771,5. Skilled trades occupations,38,34,4
S01006771,6. Caring leisure and other service occupations,17,1,16
S01006771,7. Sales and customer service occupations,31,8,23
S01006771,8. Process plant and machine operatives,13,12,1
S01006771,9. Elementary occupations,19,9,10
S01006772,All people aged 16 to 74 in employment,545,298,247
S01006772,1. Managers directors and senior officials,43,32,11
S01006772,2. Professional occupations,96,48,48
S01006772,3. Associate professional and technical occupations,81,56,25
S01006772,4. Administrative and secretarial occupations,90,15,75
S01006772,5. Skilled trades occupations,79,78,1
S01006772,6. Caring leisure and other service occupations,34,3,31
S01006772,7. Sales and customer service occupations,48,8,40
S01006772,8. Process plant and machine operatives,39,37,2
S01006772,9. Elementary occupations,35,21,14
S01006773,All people aged 16 to 74 in employment,398,217,181
S01006773,1. Managers directors and senior officials,31,23,8
S01006773,2. Professional occupations,57,29,28
S01006773,3. Associate professional and technical occupations,63,37,26
S01006773,4. Administrative and secretarial occupations,68,16,52
S01006773,5. Skilled trades occupations,53,50,3
S01006773,6. Caring leisure and other service occupations,26,2,24
S01006773,7. Sales and customer service occupations,39,13,26
S01006773,8. Process plant and machine operatives,39,38,1
S01006773,9. Elementary occupations,22,9,13
S01006774,All people aged 16 to 74 in employment,420,221,199
S01006774,1. Managers directors and senior officials,34,26,8
S01006774,2. Professional occupations,58,29,29
S01006774,3. Associate professional and technical occupations,58,41,17
S01006774,4. Administrative and secretarial occupations,78,17,61
S01006774,5. Skilled trades occupations,51,47,4
S01006774,6. Caring leisure and other service occupations,29,0,29
S01006774,7. Sales and customer service occupations,47,10,37
S01006774,8. Process plant and machine operatives,30,29,1
S01006774,9. Elementary occupations,35,22,13
S01006775,All people aged 16 to 74 in employment,373,192,181
S01006775,1. Managers directors and senior officials,25,18,7
S01006775,2. Professional occupations,48,21,27
S01006775,3. Associate professional and technical occupations,57,27,30
S01006775,4. Administrative and secretarial occupations,59,14,45
S01006775,5. Skilled trades occupations,39,36,3
S01006775,6. Caring leisure and other service occupations,26,5,21
S01006775,7. Sales and customer service occupations,29,10,19
S01006775,8. Process plant and machine operatives,48,42,6
S01006775,9. Elementary occupations,42,19,23
S01006776,All people aged 16 to 74 in employment,249,131,118
S01006776,1. Managers directors and senior officials,16,11,5
S01006776,2. Professional occupations,22,8,14
S01006776,3. Associate professional and technical occupations,22,16,6
S01006776,4. Administrative and secretarial occupations,37,8,29
S01006776,5. Skilled trades occupations,34,32,2
S01006776,6. Caring leisure and other service occupations,28,4,24
S01006776,7. Sales and customer service occupations,20,7,13
S01006776,8. Process plant and machine operatives,34,33,1
S01006776,9. Elementary occupations,36,12,24
S01006777,All people aged 16 to 74 in employment,388,207,181
S01006777,1. Managers directors and senior officials,25,16,9
S01006777,2. Professional occupations,62,27,35
S01006777,3. Associate professional and technical occupations,46,36,10
S01006777,4. Administrative and secretarial occupations,68,15,53
S01006777,5. Skilled trades occupations,52,50,2
S01006777,6. Caring leisure and other service occupations,33,3,30
S01006777,7. Sales and customer service occupations,36,9,27
S01006777,8. Process plant and machine operatives,25,23,2
S01006777,9. Elementary occupations,41,28,13
S01006778,All people aged 16 to 74 in employment,368,202,166
S01006778,1. Managers directors and senior officials,24,19,5
S01006778,2. Professional occupations,45,26,19
S01006778,3. Associate professional and technical occupations,46,29,17
S01006778,4. Administrative and secretarial occupations,59,14,45
S01006778,5. Skilled trades occupations,51,49,2
S01006778,6. Caring leisure and other service occupations,31,4,27
S01006778,7. Sales and customer service occupations,43,17,26
S01006778,8. Process plant and machine operatives,23,22,1
S01006778,9. Elementary occupations,46,22,24
S01006779,All people aged 16 to 74 in employment,311,149,162
S01006779,1. Managers directors and senior officials,19,13,6
S01006779,2. Professional occupations,28,11,17
S01006779,3. Associate professional and technical occupations,29,19,10
S01006779,4. Administrative and secretarial occupations,45,10,35
S01006779,5. Skilled trades occupations,37,30,7
S01006779,6. Caring leisure and other service occupations,34,3,31
S01006779,7. Sales and customer service occupations,28,8,20
S01006779,8. Process plant and machine operatives,43,40,3
S01006779,9. Elementary occupations,48,15,33
S01006780,All people aged 16 to 74 in employment,316,172,144
S01006780,1. Managers directors and senior officials,31,18,13
S01006780,2. Professional occupations,38,17,21
S01006780,3. Associate professional and technical occupations,50,34,16
S01006780,4. Administrative and secretarial occupations,37,4,33
S01006780,5. Skilled trades occupations,40,38,2
S01006780,6. Caring leisure and other service occupations,29,6,23
S01006780,7. Sales and customer service occupations,36,11,25
S01006780,8. Process plant and machine operatives,23,23,0
S01006780,9. Elementary occupations,32,21,11
S01006781,All people aged 16 to 74 in employment,361,190,171
S01006781,1. Managers directors and senior officials,29,23,6
S01006781,2. Professional occupations,57,28,29
S01006781,3. Associate professional and technical occupations,36,17,19
S01006781,4. Administrative and secretarial occupations,64,14,50
S01006781,5. Skilled trades occupations,49,47,2
S01006781,6. Caring leisure and other service occupations,27,5,22
S01006781,7. Sales and customer service occupations,30,10,20
S01006781,8. Process plant and machine operatives,23,22,1
S01006781,9. Elementary occupations,46,24,22
S01006782,All people aged 16 to 74 in employment,452,249,203
S01006782,1. Managers directors and senior officials,46,33,13
S01006782,2. Professional occupations,83,33,50
S01006782,3. Associate professional and technical occupations,64,43,21
S01006782,4. Administrative and secretarial occupations,64,18,46
S01006782,5. Skilled trades occupations,64,60,4
S01006782,6. Caring leisure and other service occupations,31,4,27
S01006782,7. Sales and customer service occupations,33,10,23
S01006782,8. Process plant and machine operatives,35,34,1
S01006782,9. Elementary occupations,32,14,18
S01006783,All people aged 16 to 74 in employment,320,164,156
S01006783,1. Managers directors and senior officials,19,12,7
S01006783,2. Professional occupations,42,20,22
S01006783,3. Associate professional and technical occupations,42,26,16
S01006783,4. Administrative and secretarial occupations,48,4,44
S01006783,5. Skilled trades occupations,44,42,2
S01006783,6. Caring leisure and other service occupations,25,5,20
S01006783,7. Sales and customer service occupations,39,9,30
S01006783,8. Process plant and machine operatives,33,32,1
S01006783,9. Elementary occupations,28,14,14
S01006784,All people aged 16 to 74 in employment,375,205,170
S01006784,1. Managers directors and senior officials,23,13,10
S01006784,2. Professional occupations,83,38,45
S01006784,3. Associate professional and technical occupations,73,40,33
S01006784,4. Administrative and secretarial occupations,47,16,31
S01006784,5. Skilled trades occupations,43,41,2
S01006784,6. Caring leisure and other service occupations,26,6,20
S01006784,7. Sales and customer service occupations,22,6,16
S01006784,8. Process plant and machine operatives,29,29,0
S01006784,9. Elementary occupations,29,16,13
S01006785,All people aged 16 to 74 in employment,381,192,189
S01006785,1. Managers directors and senior officials,37,31,6
S01006785,2. Professional occupations,63,30,33
S01006785,3. Associate professional and technical occupations,56,30,26
S01006785,4. Administrative and secretarial occupations,59,10,49
S01006785,5. Skilled trades occupations,39,36,3
S01006785,6. Caring leisure and other service occupations,28,3,25
S01006785,7. Sales and customer service occupations,39,13,26
S01006785,8. Process plant and machine operatives,21,18,3
S01006785,9. Elementary occupations,39,21,18
S01006786,All people aged 16 to 74 in employment,482,273,209
S01006786,1. Managers directors and senior officials,56,41,15
S01006786,2. Professional occupations,106,58,48
S01006786,3. Associate professional and technical occupations,84,54,30
S01006786,4. Administrative and secretarial occupations,66,17,49
S01006786,5. Skilled trades occupations,43,40,3
S01006786,6. Caring leisure and other service occupations,27,2,25
S01006786,7. Sales and customer service occupations,41,15,26
S01006786,8. Process plant and machine operatives,30,30,0
S01006786,9. Elementary occupations,29,16,13
S01006787,All people aged 16 to 74 in employment,361,197,164
S01006787,1. Managers directors and senior officials,34,20,14
S01006787,2. Professional occupations,55,32,23
S01006787,3. Associate professional and technical occupations,41,22,19
S01006787,4. Administrative and secretarial occupations,63,14,49
S01006787,5. Skilled trades occupations,48,46,2
S01006787,6. Caring leisure and other service occupations,27,4,23
S01006787,7. Sales and customer service occupations,29,11,18
S01006787,8. Process plant and machine operatives,33,29,4
S01006787,9. Elementary occupations,31,19,12
S01006788,All people aged 16 to 74 in employment,476,264,212
S01006788,1. Managers directors and senior officials,44,35,9
S01006788,2. Professional occupations,90,49,41
S01006788,3. Associate professional and technical occupations,88,50,38
S01006788,4. Administrative and secretarial occupations,60,10,50
S01006788,5. Skilled trades occupations,54,52,2
S01006788,6. Caring leisure and other service occupations,29,2,27
S01006788,7. Sales and customer service occupations,38,11,27
S01006788,8. Process plant and machine operatives,33,29,4
S01006788,9. Elementary occupations,40,26,14
S01006789,All people aged 16 to 74 in employment,310,163,147
S01006789,1. Managers directors and senior officials,44,25,19
S01006789,2. Professional occupations,30,13,17
S01006789,3. Associate professional and technical occupations,33,22,11
S01006789,4. Administrative and secretarial occupations,25,6,19
S01006789,5. Skilled trades occupations,49,46,3
S01006789,6. Caring leisure and other service occupations,42,3,39
S01006789,7. Sales and customer service occupations,29,7,22
S01006789,8. Process plant and machine operatives,30,28,2
S01006789,9. Elementary occupations,28,13,15
S01006790,All people aged 16 to 74 in employment,403,210,193
S01006790,1. Managers directors and senior officials,54,32,22
S01006790,2. Professional occupations,41,16,25
S01006790,3. Associate professional and technical occupations,32,24,8
S01006790,4. Administrative and secretarial occupations,41,14,27
S01006790,5. Skilled trades occupations,73,60,13
S01006790,6. Caring leisure and other service occupations,35,8,27
S01006790,7. Sales and customer service occupations,31,4,27
S01006790,8. Process plant and machine operatives,34,28,6
S01006790,9. Elementary occupations,62,24,38
S01006791,All people aged 16 to 74 in employment,274,163,111
S01006791,1. Managers directors and senior officials,31,17,14
S01006791,2. Professional occupations,34,17,17
S01006791,3. Associate professional and technical occupations,27,18,9
S01006791,4. Administrative and secretarial occupations,16,1,15
S01006791,5. Skilled trades occupations,84,75,9
S01006791,6. Caring leisure and other service occupations,25,6,19
S01006791,7. Sales and customer service occupations,11,3,8
S01006791,8. Process plant and machine operatives,15,11,4
S01006791,9. Elementary occupations,31,15,16
S01006792,All people aged 16 to 74 in employment,268,146,122
S01006792,1. Managers directors and senior officials,28,17,11
S01006792,2. Professional occupations,38,20,18
S01006792,3. Associate professional and technical occupations,28,18,10
S01006792,4. Administrative and secretarial occupations,18,2,16
S01006792,5. Skilled trades occupations,54,43,11
S01006792,6. Caring leisure and other service occupations,36,7,29
S01006792,7. Sales and customer service occupations,14,5,9
S01006792,8. Process plant and machine operatives,23,22,1
S01006792,9. Elementary occupations,29,12,17
S01006793,All people aged 16 to 74 in employment,315,172,143
S01006793,1. Managers directors and senior officials,63,33,30
S01006793,2. Professional occupations,25,10,15
S01006793,3. Associate professional and technical occupations,23,18,5
S01006793,4. Administrative and secretarial occupations,22,5,17
S01006793,5. Skilled trades occupations,62,51,11
S01006793,6. Caring leisure and other service occupations,29,5,24
S01006793,7. Sales and customer service occupations,22,6,16
S01006793,8. Process plant and machine operatives,18,18,0
S01006793,9. Elementary occupations,51,26,25
S01006794,All people aged 16 to 74 in employment,271,143,128
S01006794,1. Managers directors and senior officials,18,11,7
S01006794,2. Professional occupations,41,20,21
S01006794,3. Associate professional and technical occupations,26,18,8
S01006794,4. Administrative and secretarial occupations,20,1,19
S01006794,5. Skilled trades occupations,47,44,3
S01006794,6. Caring leisure and other service occupations,35,3,32
S01006794,7. Sales and customer service occupations,17,5,12
S01006794,8. Process plant and machine operatives,27,24,3
S01006794,9. Elementary occupations,40,17,23
S01006795,All people aged 16 to 74 in employment,335,180,155
S01006795,1. Managers directors and senior officials,46,32,14
S01006795,2. Professional occupations,89,47,42
S01006795,3. Associate professional and technical occupations,35,23,12
S01006795,4. Administrative and secretarial occupations,35,6,29
S01006795,5. Skilled trades occupations,37,34,3
S01006795,6. Caring leisure and other service occupations,35,4,31
S01006795,7. Sales and customer service occupations,10,3,7
S01006795,8. Process plant and machine operatives,20,19,1
S01006795,9. Elementary occupations,28,12,16
S01006796,All people aged 16 to 74 in employment,280,155,125
S01006796,1. Managers directors and senior officials,26,16,10
S01006796,2. Professional occupations,58,26,32
S01006796,3. Associate professional and technical occupations,40,24,16
S01006796,4. Administrative and secretarial occupations,29,3,26
S01006796,5. Skilled trades occupations,51,48,3
S01006796,6. Caring leisure and other service occupations,25,6,19
S01006796,7. Sales and customer service occupations,12,4,8
S01006796,8. Process plant and machine operatives,17,17,0
S01006796,9. Elementary occupations,22,11,11
S01006797,All people aged 16 to 74 in employment,347,202,145
S01006797,1. Managers directors and senior officials,53,38,15
S01006797,2. Professional occupations,74,33,41
S01006797,3. Associate professional and technical occupations,42,30,12
S01006797,4. Administrative and secretarial occupations,28,3,25
S01006797,5. Skilled trades occupations,58,51,7
S01006797,6. Caring leisure and other service occupations,36,9,27
S01006797,7. Sales and customer service occupations,5,2,3
S01006797,8. Process plant and machine operatives,23,22,1
S01006797,9. Elementary occupations,28,14,14
S01006798,All people aged 16 to 74 in employment,354,194,160
S01006798,1. Managers directors and senior officials,59,39,20
S01006798,2. Professional occupations,57,28,29
S01006798,3. Associate professional and technical occupations,37,25,12
S01006798,4. Administrative and secretarial occupations,37,3,34
S01006798,5. Skilled trades occupations,73,65,8
S01006798,6. Caring leisure and other service occupations,24,2,22
S01006798,7. Sales and customer service occupations,15,4,11
S01006798,8. Process plant and machine operatives,20,16,4
S01006798,9. Elementary occupations,32,12,20
S01006799,All people aged 16 to 74 in employment,445,233,212
S01006799,1. Managers directors and senior officials,28,16,12
S01006799,2. Professional occupations,51,26,25
S01006799,3. Associate professional and technical occupations,60,38,22
S01006799,4. Administrative and secretarial occupations,46,3,43
S01006799,5. Skilled trades occupations,74,68,6
S01006799,6. Caring leisure and other service occupations,56,3,53
S01006799,7. Sales and customer service occupations,40,15,25
S01006799,8. Process plant and machine operatives,41,40,1
S01006799,9. Elementary occupations,49,24,25
S01006800,All people aged 16 to 74 in employment,434,254,180
S01006800,1. Managers directors and senior officials,54,38,16
S01006800,2. Professional occupations,115,70,45
S01006800,3. Associate professional and technical occupations,54,32,22
S01006800,4. Administrative and secretarial occupations,36,5,31
S01006800,5. Skilled trades occupations,63,60,3
S01006800,6. Caring leisure and other service occupations,21,1,20
S01006800,7. Sales and customer service occupations,30,12,18
S01006800,8. Process plant and machine operatives,24,21,3
S01006800,9. Elementary occupations,37,15,22
S01006801,All people aged 16 to 74 in employment,476,257,219
S01006801,1. Managers directors and senior officials,46,34,12
S01006801,2. Professional occupations,102,45,57
S01006801,3. Associate professional and technical occupations,53,30,23
S01006801,4. Administrative and secretarial occupations,56,5,51
S01006801,5. Skilled trades occupations,91,82,9
S01006801,6. Caring leisure and other service occupations,33,3,30
S01006801,7. Sales and customer service occupations,20,4,16
S01006801,8. Process plant and machine operatives,41,33,8
S01006801,9. Elementary occupations,34,21,13
S01006802,All people aged 16 to 74 in employment,350,196,154
S01006802,1. Managers directors and senior officials,35,23,12
S01006802,2. Professional occupations,51,23,28
S01006802,3. Associate professional and technical occupations,29,12,17
S01006802,4. Administrative and secretarial occupations,29,4,25
S01006802,5. Skilled trades occupations,75,66,9
S01006802,6. Caring leisure and other service occupations,38,11,27
S01006802,7. Sales and customer service occupations,21,4,17
S01006802,8. Process plant and machine operatives,32,29,3
S01006802,9. Elementary occupations,40,24,16
S01006803,All people aged 16 to 74 in employment,342,174,168
S01006803,1. Managers directors and senior officials,25,15,10
S01006803,2. Professional occupations,33,13,20
S01006803,3. Associate professional and technical occupations,38,26,12
S01006803,4. Administrative and secretarial occupations,30,5,25
S01006803,5. Skilled trades occupations,71,59,12
S01006803,6. Caring leisure and other service occupations,49,3,46
S01006803,7. Sales and customer service occupations,24,8,16
S01006803,8. Process plant and machine operatives,34,30,4
S01006803,9. Elementary occupations,38,15,23
S01006804,All people aged 16 to 74 in employment,408,225,183
S01006804,1. Managers directors and senior officials,41,33,8
S01006804,2. Professional occupations,79,33,46
S01006804,3. Associate professional and technical occupations,52,31,21
S01006804,4. Administrative and secretarial occupations,41,5,36
S01006804,5. Skilled trades occupations,62,57,5
S01006804,6. Caring leisure and other service occupations,38,3,35
S01006804,7. Sales and customer service occupations,17,6,11
S01006804,8. Process plant and machine operatives,43,40,3
S01006804,9. Elementary occupations,35,17,18
S01006805,All people aged 16 to 74 in employment,617,311,306
S01006805,1. Managers directors and senior officials,52,35,17
S01006805,2. Professional occupations,98,49,49
S01006805,3. Associate professional and technical occupations,72,44,28
S01006805,4. Administrative and secretarial occupations,56,3,53
S01006805,5. Skilled trades occupations,104,93,11
S01006805,6. Caring leisure and other service occupations,70,8,62
S01006805,7. Sales and customer service occupations,40,9,31
S01006805,8. Process plant and machine operatives,64,49,15
S01006805,9. Elementary occupations,61,21,40
S01006806,All people aged 16 to 74 in employment,580,320,260
S01006806,1. Managers directors and senior officials,57,35,22
S01006806,2. Professional occupations,113,51,62
S01006806,3. Associate professional and technical occupations,54,38,16
S01006806,4. Administrative and secretarial occupations,66,6,60
S01006806,5. Skilled trades occupations,108,95,13
S01006806,6. Caring leisure and other service occupations,48,4,44
S01006806,7. Sales and customer service occupations,21,8,13
S01006806,8. Process plant and machine operatives,60,55,5
S01006806,9. Elementary occupations,53,28,25
S01006807,All people aged 16 to 74 in employment,343,190,153
S01006807,1. Managers directors and senior officials,29,19,10
S01006807,2. Professional occupations,58,24,34
S01006807,3. Associate professional and technical occupations,48,28,20
S01006807,4. Administrative and secretarial occupations,40,8,32
S01006807,5. Skilled trades occupations,52,48,4
S01006807,6. Caring leisure and other service occupations,32,3,29
S01006807,7. Sales and customer service occupations,14,7,7
S01006807,8. Process plant and machine operatives,33,29,4
S01006807,9. Elementary occupations,37,24,13
S01006808,All people aged 16 to 74 in employment,326,183,143
S01006808,1. Managers directors and senior officials,46,30,16
S01006808,2. Professional occupations,72,45,27
S01006808,3. Associate professional and technical occupations,49,27,22
S01006808,4. Administrative and secretarial occupations,38,5,33
S01006808,5. Skilled trades occupations,45,43,2
S01006808,6. Caring leisure and other service occupations,31,4,27
S01006808,7. Sales and customer service occupations,9,3,6
S01006808,8. Process plant and machine operatives,18,17,1
S01006808,9. Elementary occupations,18,9,9
S01006809,All people aged 16 to 74 in employment,374,210,164
S01006809,1. Managers directors and senior officials,41,25,16
S01006809,2. Professional occupations,39,15,24
S01006809,3. Associate professional and technical occupations,48,33,15
S01006809,4. Administrative and secretarial occupations,37,9,28
S01006809,5. Skilled trades occupations,50,48,2
S01006809,6. Caring leisure and other service occupations,37,4,33
S01006809,7. Sales and customer service occupations,22,5,17
S01006809,8. Process plant and machine operatives,46,44,2
S01006809,9. Elementary occupations,54,27,27
S01006810,All people aged 16 to 74 in employment,441,252,189
S01006810,1. Managers directors and senior officials,47,28,19
S01006810,2. Professional occupations,97,43,54
S01006810,3. Associate professional and technical occupations,58,33,25
S01006810,4. Administrative and secretarial occupations,27,11,16
S01006810,5. Skilled trades occupations,76,67,9
S01006810,6. Caring leisure and other service occupations,34,4,30
S01006810,7. Sales and customer service occupations,30,12,18
S01006810,8. Process plant and machine operatives,46,39,7
S01006810,9. Elementary occupations,26,15,11
S01006811,All people aged 16 to 74 in employment,581,311,270
S01006811,1. Managers directors and senior officials,62,34,28
S01006811,2. Professional occupations,135,70,65
S01006811,3. Associate professional and technical occupations,79,41,38
S01006811,4. Administrative and secretarial occupations,55,8,47
S01006811,5. Skilled trades occupations,87,79,8
S01006811,6. Caring leisure and other service occupations,34,2,32
S01006811,7. Sales and customer service occupations,21,8,13
S01006811,8. Process plant and machine operatives,52,46,6
S01006811,9. Elementary occupations,56,23,33
S01006812,All people aged 16 to 74 in employment,441,259,182
S01006812,1. Managers directors and senior officials,36,26,10
S01006812,2. Professional occupations,84,42,42
S01006812,3. Associate professional and technical occupations,55,35,20
S01006812,4. Administrative and secretarial occupations,46,7,39
S01006812,5. Skilled trades occupations,79,74,5
S01006812,6. Caring leisure and other service occupations,31,7,24
S01006812,7. Sales and customer service occupations,26,8,18
S01006812,8. Process plant and machine operatives,47,41,6
S01006812,9. Elementary occupations,37,19,18
S01006813,All people aged 16 to 74 in employment,417,241,176
S01006813,1. Managers directors and senior officials,39,26,13
S01006813,2. Professional occupations,45,23,22
S01006813,3. Associate professional and technical occupations,54,31,23
S01006813,4. Administrative and secretarial occupations,37,3,34
S01006813,5. Skilled trades occupations,82,77,5
S01006813,6. Caring leisure and other service occupations,38,3,35
S01006813,7. Sales and customer service occupations,31,11,20
S01006813,8. Process plant and machine operatives,49,44,5
S01006813,9. Elementary occupations,42,23,19
S01006814,All people aged 16 to 74 in employment,417,225,192
S01006814,1. Managers directors and senior officials,56,31,25
S01006814,2. Professional occupations,92,48,44
S01006814,3. Associate professional and technical occupations,66,42,24
S01006814,4. Administrative and secretarial occupations,45,6,39
S01006814,5. Skilled trades occupations,54,50,4
S01006814,6. Caring leisure and other service occupations,30,2,28
S01006814,7. Sales and customer service occupations,27,12,15
S01006814,8. Process plant and machine operatives,24,24,0
S01006814,9. Elementary occupations,23,10,13
S01006815,All people aged 16 to 74 in employment,290,153,137
S01006815,1. Managers directors and senior officials,21,13,8
S01006815,2. Professional occupations,22,12,10
S01006815,3. Associate professional and technical occupations,37,21,16
S01006815,4. Administrative and secretarial occupations,30,4,26
S01006815,5. Skilled trades occupations,46,40,6
S01006815,6. Caring leisure and other service occupations,31,5,26
S01006815,7. Sales and customer service occupations,28,8,20
S01006815,8. Process plant and machine operatives,27,26,1
S01006815,9. Elementary occupations,48,24,24
S01006816,All people aged 16 to 74 in employment,372,199,173
S01006816,1. Managers directors and senior officials,50,28,22
S01006816,2. Professional occupations,54,27,27
S01006816,3. Associate professional and technical occupations,49,29,20
S01006816,4. Administrative and secretarial occupations,43,10,33
S01006816,5. Skilled trades occupations,50,44,6
S01006816,6. Caring leisure and other service occupations,38,3,35
S01006816,7. Sales and customer service occupations,28,12,16
S01006816,8. Process plant and machine operatives,32,30,2
S01006816,9. Elementary occupations,28,16,12
S01006817,All people aged 16 to 74 in employment,365,208,157
S01006817,1. Managers directors and senior officials,29,22,7
S01006817,2. Professional occupations,75,38,37
S01006817,3. Associate professional and technical occupations,40,25,15
S01006817,4. Administrative and secretarial occupations,25,6,19
S01006817,5. Skilled trades occupations,61,52,9
S01006817,6. Caring leisure and other service occupations,28,2,26
S01006817,7. Sales and customer service occupations,16,2,14
S01006817,8. Process plant and machine operatives,31,26,5
S01006817,9. Elementary occupations,60,35,25
S01006818,All people aged 16 to 74 in employment,414,225,189
S01006818,1. Managers directors and senior officials,47,29,18
S01006818,2. Professional occupations,73,34,39
S01006818,3. Associate professional and technical occupations,50,30,20
S01006818,4. Administrative and secretarial occupations,48,6,42
S01006818,5. Skilled trades occupations,85,73,12
S01006818,6. Caring leisure and other service occupations,30,3,27
S01006818,7. Sales and customer service occupations,21,6,15
S01006818,8. Process plant and machine operatives,30,26,4
S01006818,9. Elementary occupations,30,18,12
S01006819,All people aged 16 to 74 in employment,492,265,227
S01006819,1. Managers directors and senior officials,64,42,22
S01006819,2. Professional occupations,106,48,58
S01006819,3. Associate professional and technical occupations,77,45,32
S01006819,4. Administrative and secretarial occupations,47,7,40
S01006819,5. Skilled trades occupations,82,66,16
S01006819,6. Caring leisure and other service occupations,36,6,30
S01006819,7. Sales and customer service occupations,11,3,8
S01006819,8. Process plant and machine operatives,28,27,1
S01006819,9. Elementary occupations,41,21,20
S01006820,All people aged 16 to 74 in employment,257,131,126
S01006820,1. Managers directors and senior officials,36,26,10
S01006820,2. Professional occupations,75,34,41
S01006820,3. Associate professional and technical occupations,25,15,10
S01006820,4. Administrative and secretarial occupations,38,5,33
S01006820,5. Skilled trades occupations,31,26,5
S01006820,6. Caring leisure and other service occupations,12,1,11
S01006820,7. Sales and customer service occupations,8,1,7
S01006820,8. Process plant and machine operatives,19,15,4
S01006820,9. Elementary occupations,13,8,5
S01006821,All people aged 16 to 74 in employment,358,198,160
S01006821,1. Managers directors and senior officials,60,41,19
S01006821,2. Professional occupations,72,39,33
S01006821,3. Associate professional and technical occupations,43,21,22
S01006821,4. Administrative and secretarial occupations,43,7,36
S01006821,5. Skilled trades occupations,51,44,7
S01006821,6. Caring leisure and other service occupations,19,1,18
S01006821,7. Sales and customer service occupations,15,4,11
S01006821,8. Process plant and machine operatives,34,32,2
S01006821,9. Elementary occupations,21,9,12
S01006822,All people aged 16 to 74 in employment,451,250,201
S01006822,1. Managers directors and senior officials,64,46,18
S01006822,2. Professional occupations,83,38,45
S01006822,3. Associate professional and technical occupations,59,33,26
S01006822,4. Administrative and secretarial occupations,40,4,36
S01006822,5. Skilled trades occupations,79,66,13
S01006822,6. Caring leisure and other service occupations,35,8,27
S01006822,7. Sales and customer service occupations,30,10,20
S01006822,8. Process plant and machine operatives,29,27,2
S01006822,9. Elementary occupations,32,18,14
S01006823,All people aged 16 to 74 in employment,369,209,160
S01006823,1. Managers directors and senior officials,26,23,3
S01006823,2. Professional occupations,109,59,50
S01006823,3. Associate professional and technical occupations,58,34,24
S01006823,4. Administrative and secretarial occupations,52,17,35
S01006823,5. Skilled trades occupations,43,38,5
S01006823,6. Caring leisure and other service occupations,19,1,18
S01006823,7. Sales and customer service occupations,22,5,17
S01006823,8. Process plant and machine operatives,18,17,1
S01006823,9. Elementary occupations,22,15,7
S01006824,All people aged 16 to 74 in employment,414,216,198
S01006824,1. Managers directors and senior officials,21,9,12
S01006824,2. Professional occupations,36,16,20
S01006824,3. Associate professional and technical occupations,43,30,13
S01006824,4. Administrative and secretarial occupations,39,8,31
S01006824,5. Skilled trades occupations,76,67,9
S01006824,6. Caring leisure and other service occupations,51,4,47
S01006824,7. Sales and customer service occupations,29,7,22
S01006824,8. Process plant and machine operatives,46,43,3
S01006824,9. Elementary occupations,73,32,41
S01006825,All people aged 16 to 74 in employment,475,249,226
S01006825,1. Managers directors and senior officials,23,15,8
S01006825,2. Professional occupations,71,31,40
S01006825,3. Associate professional and technical occupations,60,42,18
S01006825,4. Administrative and secretarial occupations,71,18,53
S01006825,5. Skilled trades occupations,62,58,4
S01006825,6. Caring leisure and other service occupations,54,5,49
S01006825,7. Sales and customer service occupations,37,9,28
S01006825,8. Process plant and machine operatives,44,43,1
S01006825,9. Elementary occupations,53,28,25
S01006826,All people aged 16 to 74 in employment,492,271,221
S01006826,1. Managers directors and senior officials,59,47,12
S01006826,2. Professional occupations,106,53,53
S01006826,3. Associate professional and technical occupations,70,41,29
S01006826,4. Administrative and secretarial occupations,55,6,49
S01006826,5. Skilled trades occupations,55,51,4
S01006826,6. Caring leisure and other service occupations,33,6,27
S01006826,7. Sales and customer service occupations,41,17,24
S01006826,8. Process plant and machine operatives,33,29,4
S01006826,9. Elementary occupations,40,21,19
S01006827,All people aged 16 to 74 in employment,459,238,221
S01006827,1. Managers directors and senior officials,38,24,14
S01006827,2. Professional occupations,84,46,38
S01006827,3. Associate professional and technical occupations,53,27,26
S01006827,4. Administrative and secretarial occupations,59,11,48
S01006827,5. Skilled trades occupations,59,56,3
S01006827,6. Caring leisure and other service occupations,45,8,37
S01006827,7. Sales and customer service occupations,28,7,21
S01006827,8. Process plant and machine operatives,29,26,3
S01006827,9. Elementary occupations,64,33,31
S01006828,All people aged 16 to 74 in employment,504,279,225
S01006828,1. Managers directors and senior officials,52,29,23
S01006828,2. Professional occupations,81,41,40
S01006828,3. Associate professional and technical occupations,56,43,13
S01006828,4. Administrative and secretarial occupations,75,19,56
S01006828,5. Skilled trades occupations,89,83,6
S01006828,6. Caring leisure and other service occupations,40,5,35
S01006828,7. Sales and customer service occupations,35,10,25
S01006828,8. Process plant and machine operatives,28,26,2
S01006828,9. Elementary occupations,48,23,25
S01006829,All people aged 16 to 74 in employment,238,125,113
S01006829,1. Managers directors and senior officials,24,16,8
S01006829,2. Professional occupations,67,32,35
S01006829,3. Associate professional and technical occupations,51,29,22
S01006829,4. Administrative and secretarial occupations,20,1,19
S01006829,5. Skilled trades occupations,25,23,2
S01006829,6. Caring leisure and other service occupations,15,1,14
S01006829,7. Sales and customer service occupations,9,5,4
S01006829,8. Process plant and machine operatives,14,12,2
S01006829,9. Elementary occupations,13,6,7
S01006830,All people aged 16 to 74 in employment,403,201,202
S01006830,1. Managers directors and senior officials,23,14,9
S01006830,2. Professional occupations,60,25,35
S01006830,3. Associate professional and technical occupations,52,37,15
S01006830,4. Administrative and secretarial occupations,55,7,48
S01006830,5. Skilled trades occupations,59,55,4
S01006830,6. Caring leisure and other service occupations,35,1,34
S01006830,7. Sales and customer service occupations,55,17,38
S01006830,8. Process plant and machine operatives,26,23,3
S01006830,9. Elementary occupations,38,22,16
S01006831,All people aged 16 to 74 in employment,267,146,121
S01006831,1. Managers directors and senior officials,28,20,8
S01006831,2. Professional occupations,60,31,29
S01006831,3. Associate professional and technical occupations,39,27,12
S01006831,4. Administrative and secretarial occupations,40,8,32
S01006831,5. Skilled trades occupations,27,26,1
S01006831,6. Caring leisure and other service occupations,17,3,14
S01006831,7. Sales and customer service occupations,26,8,18
S01006831,8. Process plant and machine operatives,15,13,2
S01006831,9. Elementary occupations,15,10,5
S01006832,All people aged 16 to 74 in employment,526,286,240
S01006832,1. Managers directors and senior officials,84,65,19
S01006832,2. Professional occupations,122,60,62
S01006832,3. Associate professional and technical occupations,69,36,33
S01006832,4. Administrative and secretarial occupations,63,16,47
S01006832,5. Skilled trades occupations,53,47,6
S01006832,6. Caring leisure and other service occupations,44,7,37
S01006832,7. Sales and customer service occupations,25,8,17
S01006832,8. Process plant and machine operatives,30,29,1
S01006832,9. Elementary occupations,36,18,18
S01006833,All people aged 16 to 74 in employment,219,120,99
S01006833,1. Managers directors and senior officials,28,22,6
S01006833,2. Professional occupations,72,31,41
S01006833,3. Associate professional and technical occupations,35,24,11
S01006833,4. Administrative and secretarial occupations,23,3,20
S01006833,5. Skilled trades occupations,19,18,1
S01006833,6. Caring leisure and other service occupations,6,0,6
S01006833,7. Sales and customer service occupations,12,5,7
S01006833,8. Process plant and machine operatives,9,9,0
S01006833,9. Elementary occupations,15,8,7
S01006834,All people aged 16 to 74 in employment,305,166,139
S01006834,1. Managers directors and senior officials,52,43,9
S01006834,2. Professional occupations,78,34,44
S01006834,3. Associate professional and technical occupations,58,35,23
S01006834,4. Administrative and secretarial occupations,30,4,26
S01006834,5. Skilled trades occupations,24,22,2
S01006834,6. Caring leisure and other service occupations,12,1,11
S01006834,7. Sales and customer service occupations,16,2,14
S01006834,8. Process plant and machine operatives,13,13,0
S01006834,9. Elementary occupations,22,12,10
S01006835,All people aged 16 to 74 in employment,403,225,178
S01006835,1. Managers directors and senior officials,51,37,14
S01006835,2. Professional occupations,84,41,43
S01006835,3. Associate professional and technical occupations,62,33,29
S01006835,4. Administrative and secretarial occupations,25,5,20
S01006835,5. Skilled trades occupations,61,54,7
S01006835,6. Caring leisure and other service occupations,37,8,29
S01006835,7. Sales and customer service occupations,32,12,20
S01006835,8. Process plant and machine operatives,22,21,1
S01006835,9. Elementary occupations,29,14,15
S01006836,All people aged 16 to 74 in employment,295,163,132
S01006836,1. Managers directors and senior officials,31,24,7
S01006836,2. Professional occupations,76,44,32
S01006836,3. Associate professional and technical occupations,49,31,18
S01006836,4. Administrative and secretarial occupations,33,4,29
S01006836,5. Skilled trades occupations,31,27,4
S01006836,6. Caring leisure and other service occupations,18,1,17
S01006836,7. Sales and customer service occupations,25,5,20
S01006836,8. Process plant and machine operatives,13,13,0
S01006836,9. Elementary occupations,19,14,5
S01006837,All people aged 16 to 74 in employment,312,169,143
S01006837,1. Managers directors and senior officials,31,24,7
S01006837,2. Professional occupations,68,35,33
S01006837,3. Associate professional and technical occupations,41,22,19
S01006837,4. Administrative and secretarial occupations,38,6,32
S01006837,5. Skilled trades occupations,43,38,5
S01006837,6. Caring leisure and other service occupations,21,2,19
S01006837,7. Sales and customer service occupations,18,8,10
S01006837,8. Process plant and machine operatives,19,17,2
S01006837,9. Elementary occupations,33,17,16
S01006838,All people aged 16 to 74 in employment,370,200,170
S01006838,1. Managers directors and senior officials,28,20,8
S01006838,2. Professional occupations,85,45,40
S01006838,3. Associate professional and technical occupations,51,30,21
S01006838,4. Administrative and secretarial occupations,44,8,36
S01006838,5. Skilled trades occupations,56,51,5
S01006838,6. Caring leisure and other service occupations,26,1,25
S01006838,7. Sales and customer service occupations,27,12,15
S01006838,8. Process plant and machine operatives,21,19,2
S01006838,9. Elementary occupations,32,14,18
S01006839,All people aged 16 to 74 in employment,588,303,285
S01006839,1. Managers directors and senior officials,40,26,14
S01006839,2. Professional occupations,98,55,43
S01006839,3. Associate professional and technical occupations,91,54,37
S01006839,4. Administrative and secretarial occupations,90,21,69
S01006839,5. Skilled trades occupations,80,73,7
S01006839,6. Caring leisure and other service occupations,52,11,41
S01006839,7. Sales and customer service occupations,60,8,52
S01006839,8. Process plant and machine operatives,31,28,3
S01006839,9. Elementary occupations,46,27,19
S01006840,All people aged 16 to 74 in employment,559,288,271
S01006840,1. Managers directors and senior officials,56,39,17
S01006840,2. Professional occupations,125,55,70
S01006840,3. Associate professional and technical occupations,96,53,43
S01006840,4. Administrative and secretarial occupations,84,13,71
S01006840,5. Skilled trades occupations,68,63,5
S01006840,6. Caring leisure and other service occupations,36,8,28
S01006840,7. Sales and customer service occupations,34,11,23
S01006840,8. Process plant and machine operatives,35,32,3
S01006840,9. Elementary occupations,25,14,11
S01006841,All people aged 16 to 74 in employment,556,290,266
S01006841,1. Managers directors and senior officials,44,33,11
S01006841,2. Professional occupations,126,65,61
S01006841,3. Associate professional and technical occupations,90,54,36
S01006841,4. Administrative and secretarial occupations,84,13,71
S01006841,5. Skilled trades occupations,53,51,2
S01006841,6. Caring leisure and other service occupations,37,3,34
S01006841,7. Sales and customer service occupations,48,17,31
S01006841,8. Process plant and machine operatives,35,33,2
S01006841,9. Elementary occupations,39,21,18
S01006842,All people aged 16 to 74 in employment,497,269,228
S01006842,1. Managers directors and senior officials,38,26,12
S01006842,2. Professional occupations,75,40,35
S01006842,3. Associate professional and technical occupations,70,49,21
S01006842,4. Administrative and secretarial occupations,96,8,88
S01006842,5. Skilled trades occupations,64,63,1
S01006842,6. Caring leisure and other service occupations,29,3,26
S01006842,7. Sales and customer service occupations,47,17,30
S01006842,8. Process plant and machine operatives,38,34,4
S01006842,9. Elementary occupations,40,29,11
S01006843,All people aged 16 to 74 in employment,514,271,243
S01006843,1. Managers directors and senior officials,37,23,14
S01006843,2. Professional occupations,66,40,26
S01006843,3. Associate professional and technical occupations,68,49,19
S01006843,4. Administrative and secretarial occupations,107,23,84
S01006843,5. Skilled trades occupations,67,65,2
S01006843,6. Caring leisure and other service occupations,41,6,35
S01006843,7. Sales and customer service occupations,56,21,35
S01006843,8. Process plant and machine operatives,41,36,5
S01006843,9. Elementary occupations,31,8,23
S01006844,All people aged 16 to 74 in employment,454,250,204
S01006844,1. Managers directors and senior officials,26,14,12
S01006844,2. Professional occupations,52,30,22
S01006844,3. Associate professional and technical occupations,69,44,25
S01006844,4. Administrative and secretarial occupations,79,19,60
S01006844,5. Skilled trades occupations,63,58,5
S01006844,6. Caring leisure and other service occupations,46,8,38
S01006844,7. Sales and customer service occupations,40,18,22
S01006844,8. Process plant and machine operatives,39,35,4
S01006844,9. Elementary occupations,40,24,16
S01006845,All people aged 16 to 74 in employment,605,312,293
S01006845,1. Managers directors and senior officials,57,43,14
S01006845,2. Professional occupations,99,48,51
S01006845,3. Associate professional and technical occupations,85,45,40
S01006845,4. Administrative and secretarial occupations,99,20,79
S01006845,5. Skilled trades occupations,84,76,8
S01006845,6. Caring leisure and other service occupations,43,5,38
S01006845,7. Sales and customer service occupations,58,18,40
S01006845,8. Process plant and machine operatives,39,35,4
S01006845,9. Elementary occupations,41,22,19
S01006846,All people aged 16 to 74 in employment,345,190,155
S01006846,1. Managers directors and senior officials,21,17,4
S01006846,2. Professional occupations,45,19,26
S01006846,3. Associate professional and technical occupations,35,20,15
S01006846,4. Administrative and secretarial occupations,51,10,41
S01006846,5. Skilled trades occupations,68,63,5
S01006846,6. Caring leisure and other service occupations,29,8,21
S01006846,7. Sales and customer service occupations,39,10,29
S01006846,8. Process plant and machine operatives,27,26,1
S01006846,9. Elementary occupations,30,17,13
S01006847,All people aged 16 to 74 in employment,413,210,203
S01006847,1. Managers directors and senior officials,37,24,13
S01006847,2. Professional occupations,64,36,28
S01006847,3. Associate professional and technical occupations,63,37,26
S01006847,4. Administrative and secretarial occupations,63,7,56
S01006847,5. Skilled trades occupations,58,55,3
S01006847,6. Caring leisure and other service occupations,37,6,31
S01006847,7. Sales and customer service occupations,41,10,31
S01006847,8. Process plant and machine operatives,24,22,2
S01006847,9. Elementary occupations,26,13,13
S01006848,All people aged 16 to 74 in employment,486,295,191
S01006848,1. Managers directors and senior officials,81,59,22
S01006848,2. Professional occupations,113,57,56
S01006848,3. Associate professional and technical occupations,55,33,22
S01006848,4. Administrative and secretarial occupations,46,8,38
S01006848,5. Skilled trades occupations,50,47,3
S01006848,6. Caring leisure and other service occupations,20,2,18
S01006848,7. Sales and customer service occupations,19,9,10
S01006848,8. Process plant and machine operatives,50,47,3
S01006848,9. Elementary occupations,52,33,19
S01006849,All people aged 16 to 74 in employment,583,299,284
S01006849,1. Managers directors and senior officials,63,40,23
S01006849,2. Professional occupations,110,53,57
S01006849,3. Associate professional and technical occupations,100,57,43
S01006849,4. Administrative and secretarial occupations,84,18,66
S01006849,5. Skilled trades occupations,74,70,4
S01006849,6. Caring leisure and other service occupations,44,2,42
S01006849,7. Sales and customer service occupations,28,4,24
S01006849,8. Process plant and machine operatives,41,39,2
S01006849,9. Elementary occupations,39,16,23
S01006850,All people aged 16 to 74 in employment,602,293,309
S01006850,1. Managers directors and senior officials,45,29,16
S01006850,2. Professional occupations,71,31,40
S01006850,3. Associate professional and technical occupations,78,47,31
S01006850,4. Administrative and secretarial occupations,80,10,70
S01006850,5. Skilled trades occupations,94,87,7
S01006850,6. Caring leisure and other service occupations,55,3,52
S01006850,7. Sales and customer service occupations,79,17,62
S01006850,8. Process plant and machine operatives,46,42,4
S01006850,9. Elementary occupations,54,27,27
S01006851,All people aged 16 to 74 in employment,424,218,206
S01006851,1. Managers directors and senior officials,27,17,10
S01006851,2. Professional occupations,43,19,24
S01006851,3. Associate professional and technical occupations,58,33,25
S01006851,4. Administrative and secretarial occupations,70,15,55
S01006851,5. Skilled trades occupations,56,54,2
S01006851,6. Caring leisure and other service occupations,34,3,31
S01006851,7. Sales and customer service occupations,39,7,32
S01006851,8. Process plant and machine operatives,44,41,3
S01006851,9. Elementary occupations,53,29,24
S01006852,All people aged 16 to 74 in employment,339,178,161
S01006852,1. Managers directors and senior officials,44,33,11
S01006852,2. Professional occupations,54,20,34
S01006852,3. Associate professional and technical occupations,51,34,17
S01006852,4. Administrative and secretarial occupations,49,5,44
S01006852,5. Skilled trades occupations,50,44,6
S01006852,6. Caring leisure and other service occupations,16,2,14
S01006852,7. Sales and customer service occupations,30,10,20
S01006852,8. Process plant and machine operatives,25,21,4
S01006852,9. Elementary occupations,20,9,11
S01006853,All people aged 16 to 74 in employment,473,267,206
S01006853,1. Managers directors and senior officials,74,52,22
S01006853,2. Professional occupations,146,78,68
S01006853,3. Associate professional and technical occupations,52,28,24
S01006853,4. Administrative and secretarial occupations,43,8,35
S01006853,5. Skilled trades occupations,59,49,10
S01006853,6. Caring leisure and other service occupations,31,9,22
S01006853,7. Sales and customer service occupations,12,1,11
S01006853,8. Process plant and machine operatives,33,31,2
S01006853,9. Elementary occupations,23,11,12
S01006854,All people aged 16 to 74 in employment,434,234,200
S01006854,1. Managers directors and senior officials,48,38,10
S01006854,2. Professional occupations,89,32,57
S01006854,3. Associate professional and technical occupations,58,36,22
S01006854,4. Administrative and secretarial occupations,48,10,38
S01006854,5. Skilled trades occupations,65,59,6
S01006854,6. Caring leisure and other service occupations,32,2,30
S01006854,7. Sales and customer service occupations,34,14,20
S01006854,8. Process plant and machine operatives,34,33,1
S01006854,9. Elementary occupations,26,10,16
S01006855,All people aged 16 to 74 in employment,427,239,188
S01006855,1. Managers directors and senior officials,72,56,16
S01006855,2. Professional occupations,100,53,47
S01006855,3. Associate professional and technical occupations,64,38,26
S01006855,4. Administrative and secretarial occupations,48,4,44
S01006855,5. Skilled trades occupations,66,59,7
S01006855,6. Caring leisure and other service occupations,25,0,25
S01006855,7. Sales and customer service occupations,14,6,8
S01006855,8. Process plant and machine operatives,10,9,1
S01006855,9. Elementary occupations,28,14,14
S01006856,All people aged 16 to 74 in employment,373,197,176
S01006856,1. Managers directors and senior officials,54,36,18
S01006856,2. Professional occupations,88,41,47
S01006856,3. Associate professional and technical occupations,45,26,19
S01006856,4. Administrative and secretarial occupations,37,1,36
S01006856,5. Skilled trades occupations,65,59,6
S01006856,6. Caring leisure and other service occupations,27,4,23
S01006856,7. Sales and customer service occupations,20,5,15
S01006856,8. Process plant and machine operatives,17,15,2
S01006856,9. Elementary occupations,20,10,10
S01006857,All people aged 16 to 74 in employment,580,311,269
S01006857,1. Managers directors and senior officials,71,45,26
S01006857,2. Professional occupations,118,51,67
S01006857,3. Associate professional and technical occupations,70,36,34
S01006857,4. Administrative and secretarial occupations,65,8,57
S01006857,5. Skilled trades occupations,128,113,15
S01006857,6. Caring leisure and other service occupations,35,6,29
S01006857,7. Sales and customer service occupations,19,6,13
S01006857,8. Process plant and machine operatives,29,27,2
S01006857,9. Elementary occupations,45,19,26
S01006858,All people aged 16 to 74 in employment,354,192,162
S01006858,1. Managers directors and senior officials,33,26,7
S01006858,2. Professional occupations,93,44,49
S01006858,3. Associate professional and technical occupations,46,26,20
S01006858,4. Administrative and secretarial occupations,37,9,28
S01006858,5. Skilled trades occupations,66,54,12
S01006858,6. Caring leisure and other service occupations,20,1,19
S01006858,7. Sales and customer service occupations,7,0,7
S01006858,8. Process plant and machine operatives,27,22,5
S01006858,9. Elementary occupations,25,10,15
S01006859,All people aged 16 to 74 in employment,569,321,248
S01006859,1. Managers directors and senior officials,86,61,25
S01006859,2. Professional occupations,143,76,67
S01006859,3. Associate professional and technical occupations,91,57,34
S01006859,4. Administrative and secretarial occupations,64,12,52
S01006859,5. Skilled trades occupations,52,49,3
S01006859,6. Caring leisure and other service occupations,47,4,43
S01006859,7. Sales and customer service occupations,25,10,15
S01006859,8. Process plant and machine operatives,30,29,1
S01006859,9. Elementary occupations,31,23,8
S01006860,All people aged 16 to 74 in employment,291,147,144
S01006860,1. Managers directors and senior officials,14,9,5
S01006860,2. Professional occupations,36,11,25
S01006860,3. Associate professional and technical occupations,23,16,7
S01006860,4. Administrative and secretarial occupations,22,5,17
S01006860,5. Skilled trades occupations,45,41,4
S01006860,6. Caring leisure and other service occupations,38,4,34
S01006860,7. Sales and customer service occupations,35,9,26
S01006860,8. Process plant and machine operatives,29,27,2
S01006860,9. Elementary occupations,49,25,24
S01006861,All people aged 16 to 74 in employment,319,190,129
S01006861,1. Managers directors and senior officials,40,30,10
S01006861,2. Professional occupations,90,62,28
S01006861,3. Associate professional and technical occupations,54,33,21
S01006861,4. Administrative and secretarial occupations,36,5,31
S01006861,5. Skilled trades occupations,23,22,1
S01006861,6. Caring leisure and other service occupations,17,3,14
S01006861,7. Sales and customer service occupations,20,8,12
S01006861,8. Process plant and machine operatives,15,15,0
S01006861,9. Elementary occupations,24,12,12
S01006862,All people aged 16 to 74 in employment,365,192,173
S01006862,1. Managers directors and senior officials,32,22,10
S01006862,2. Professional occupations,65,35,30
S01006862,3. Associate professional and technical occupations,46,30,16
S01006862,4. Administrative and secretarial occupations,39,1,38
S01006862,5. Skilled trades occupations,54,49,5
S01006862,6. Caring leisure and other service occupations,37,3,34
S01006862,7. Sales and customer service occupations,33,7,26
S01006862,8. Process plant and machine operatives,28,25,3
S01006862,9. Elementary occupations,31,20,11
S01006863,All people aged 16 to 74 in employment,346,192,154
S01006863,1. Managers directors and senior officials,25,16,9
S01006863,2. Professional occupations,49,18,31
S01006863,3. Associate professional and technical occupations,37,25,12
S01006863,4. Administrative and secretarial occupations,39,6,33
S01006863,5. Skilled trades occupations,71,70,1
S01006863,6. Caring leisure and other service occupations,26,1,25
S01006863,7. Sales and customer service occupations,27,7,20
S01006863,8. Process plant and machine operatives,26,26,0
S01006863,9. Elementary occupations,46,23,23
S01006864,All people aged 16 to 74 in employment,230,129,101
S01006864,1. Managers directors and senior officials,22,16,6
S01006864,2. Professional occupations,37,17,20
S01006864,3. Associate professional and technical occupations,35,24,11
S01006864,4. Administrative and secretarial occupations,23,3,20
S01006864,5. Skilled trades occupations,30,28,2
S01006864,6. Caring leisure and other service occupations,28,6,22
S01006864,7. Sales and customer service occupations,20,6,14
S01006864,8. Process plant and machine operatives,17,17,0
S01006864,9. Elementary occupations,18,12,6
S01006865,All people aged 16 to 74 in employment,502,289,213
S01006865,1. Managers directors and senior officials,69,44,25
S01006865,2. Professional occupations,111,58,53
S01006865,3. Associate professional and technical occupations,61,36,25
S01006865,4. Administrative and secretarial occupations,33,7,26
S01006865,5. Skilled trades occupations,78,66,12
S01006865,6. Caring leisure and other service occupations,35,5,30
S01006865,7. Sales and customer service occupations,34,13,21
S01006865,8. Process plant and machine operatives,32,29,3
S01006865,9. Elementary occupations,49,31,18
S01006866,All people aged 16 to 74 in employment,255,143,112
S01006866,1. Managers directors and senior officials,18,14,4
S01006866,2. Professional occupations,61,35,26
S01006866,3. Associate professional and technical occupations,55,39,16
S01006866,4. Administrative and secretarial occupations,29,5,24
S01006866,5. Skilled trades occupations,29,24,5
S01006866,6. Caring leisure and other service occupations,20,0,20
S01006866,7. Sales and customer service occupations,13,5,8
S01006866,8. Process plant and machine operatives,8,7,1
S01006866,9. Elementary occupations,22,14,8
S01006867,All people aged 16 to 74 in employment,330,184,146
S01006867,1. Managers directors and senior officials,46,38,8
S01006867,2. Professional occupations,108,58,50
S01006867,3. Associate professional and technical occupations,54,30,24
S01006867,4. Administrative and secretarial occupations,31,5,26
S01006867,5. Skilled trades occupations,33,33,0
S01006867,6. Caring leisure and other service occupations,21,2,19
S01006867,7. Sales and customer service occupations,11,1,10
S01006867,8. Process plant and machine operatives,6,6,0
S01006867,9. Elementary occupations,20,11,9
S01006868,All people aged 16 to 74 in employment,443,252,191
S01006868,1. Managers directors and senior officials,34,25,9
S01006868,2. Professional occupations,80,44,36
S01006868,3. Associate professional and technical occupations,56,37,19
S01006868,4. Administrative and secretarial occupations,39,6,33
S01006868,5. Skilled trades occupations,68,65,3
S01006868,6. Caring leisure and other service occupations,37,6,31
S01006868,7. Sales and customer service occupations,35,11,24
S01006868,8. Process plant and machine operatives,37,37,0
S01006868,9. Elementary occupations,57,21,36
S01006869,All people aged 16 to 74 in employment,262,150,112
S01006869,1. Managers directors and senior officials,23,16,7
S01006869,2. Professional occupations,47,31,16
S01006869,3. Associate professional and technical occupations,32,19,13
S01006869,4. Administrative and secretarial occupations,29,6,23
S01006869,5. Skilled trades occupations,37,35,2
S01006869,6. Caring leisure and other service occupations,20,2,18
S01006869,7. Sales and customer service occupations,14,3,11
S01006869,8. Process plant and machine operatives,29,25,4
S01006869,9. Elementary occupations,31,13,18
S01006870,All people aged 16 to 74 in employment,243,134,109
S01006870,1. Managers directors and senior officials,25,18,7
S01006870,2. Professional occupations,52,25,27
S01006870,3. Associate professional and technical occupations,30,21,9
S01006870,4. Administrative and secretarial occupations,22,5,17
S01006870,5. Skilled trades occupations,37,34,3
S01006870,6. Caring leisure and other service occupations,21,2,19
S01006870,7. Sales and customer service occupations,25,12,13
S01006870,8. Process plant and machine operatives,15,11,4
S01006870,9. Elementary occupations,16,6,10
S01006871,All people aged 16 to 74 in employment,338,185,153
S01006871,1. Managers directors and senior officials,37,27,10
S01006871,2. Professional occupations,78,38,40
S01006871,3. Associate professional and technical occupations,57,38,19
S01006871,4. Administrative and secretarial occupations,31,7,24
S01006871,5. Skilled trades occupations,47,44,3
S01006871,6. Caring leisure and other service occupations,32,3,29
S01006871,7. Sales and customer service occupations,17,7,10
S01006871,8. Process plant and machine operatives,16,13,3
S01006871,9. Elementary occupations,23,8,15
S01006872,All people aged 16 to 74 in employment,373,208,165
S01006872,1. Managers directors and senior officials,51,39,12
S01006872,2. Professional occupations,113,58,55
S01006872,3. Associate professional and technical occupations,45,28,17
S01006872,4. Administrative and secretarial occupations,37,4,33
S01006872,5. Skilled trades occupations,58,52,6
S01006872,6. Caring leisure and other service occupations,15,3,12
S01006872,7. Sales and customer service occupations,12,2,10
S01006872,8. Process plant and machine operatives,13,9,4
S01006872,9. Elementary occupations,29,13,16
S01006873,All people aged 16 to 74 in employment,402,222,180
S01006873,1. Managers directors and senior officials,53,36,17
S01006873,2. Professional occupations,100,51,49
S01006873,3. Associate professional and technical occupations,56,29,27
S01006873,4. Administrative and secretarial occupations,29,5,24
S01006873,5. Skilled trades occupations,73,66,7
S01006873,6. Caring leisure and other service occupations,26,2,24
S01006873,7. Sales and customer service occupations,19,6,13
S01006873,8. Process plant and machine operatives,12,11,1
S01006873,9. Elementary occupations,34,16,18
S01006874,All people aged 16 to 74 in employment,336,187,149
S01006874,1. Managers directors and senior officials,39,28,11
S01006874,2. Professional occupations,70,39,31
S01006874,3. Associate professional and technical occupations,30,18,12
S01006874,4. Administrative and secretarial occupations,29,4,25
S01006874,5. Skilled trades occupations,66,55,11
S01006874,6. Caring leisure and other service occupations,34,6,28
S01006874,7. Sales and customer service occupations,19,3,16
S01006874,8. Process plant and machine operatives,25,24,1
S01006874,9. Elementary occupations,24,10,14
S01006875,All people aged 16 to 74 in employment,319,174,145
S01006875,1. Managers directors and senior officials,22,10,12
S01006875,2. Professional occupations,62,31,31
S01006875,3. Associate professional and technical occupations,28,13,15
S01006875,4. Administrative and secretarial occupations,22,3,19
S01006875,5. Skilled trades occupations,73,61,12
S01006875,6. Caring leisure and other service occupations,25,4,21
S01006875,7. Sales and customer service occupations,18,5,13
S01006875,8. Process plant and machine operatives,34,33,1
S01006875,9. Elementary occupations,35,14,21
S01006876,All people aged 16 to 74 in employment,538,294,244
S01006876,1. Managers directors and senior officials,53,33,20
S01006876,2. Professional occupations,93,45,48
S01006876,3. Associate professional and technical occupations,50,27,23
S01006876,4. Administrative and secretarial occupations,49,5,44
S01006876,5. Skilled trades occupations,113,100,13
S01006876,6. Caring leisure and other service occupations,50,7,43
S01006876,7. Sales and customer service occupations,34,13,21
S01006876,8. Process plant and machine operatives,43,38,5
S01006876,9. Elementary occupations,53,26,27
S01006877,All people aged 16 to 74 in employment,532,288,244
S01006877,1. Managers directors and senior officials,45,36,9
S01006877,2. Professional occupations,114,51,63
S01006877,3. Associate professional and technical occupations,75,44,31
S01006877,4. Administrative and secretarial occupations,51,5,46
S01006877,5. Skilled trades occupations,117,104,13
S01006877,6. Caring leisure and other service occupations,41,2,39
S01006877,7. Sales and customer service occupations,27,9,18
S01006877,8. Process plant and machine operatives,27,26,1
S01006877,9. Elementary occupations,35,11,24
S01006878,All people aged 16 to 74 in employment,380,216,164
S01006878,1. Managers directors and senior officials,38,20,18
S01006878,2. Professional occupations,51,24,27
S01006878,3. Associate professional and technical occupations,42,22,20
S01006878,4. Administrative and secretarial occupations,21,5,16
S01006878,5. Skilled trades occupations,106,84,22
S01006878,6. Caring leisure and other service occupations,34,6,28
S01006878,7. Sales and customer service occupations,15,7,8
S01006878,8. Process plant and machine operatives,31,24,7
S01006878,9. Elementary occupations,42,24,18
S01006879,All people aged 16 to 74 in employment,426,244,182
S01006879,1. Managers directors and senior officials,47,29,18
S01006879,2. Professional occupations,78,35,43
S01006879,3. Associate professional and technical occupations,37,26,11
S01006879,4. Administrative and secretarial occupations,33,0,33
S01006879,5. Skilled trades occupations,102,91,11
S01006879,6. Caring leisure and other service occupations,40,9,31
S01006879,7. Sales and customer service occupations,20,5,15
S01006879,8. Process plant and machine operatives,27,24,3
S01006879,9. Elementary occupations,42,25,17
S01006880,All people aged 16 to 74 in employment,353,189,164
S01006880,1. Managers directors and senior officials,47,32,15
S01006880,2. Professional occupations,85,43,42
S01006880,3. Associate professional and technical occupations,60,35,25
S01006880,4. Administrative and secretarial occupations,41,6,35
S01006880,5. Skilled trades occupations,45,39,6
S01006880,6. Caring leisure and other service occupations,22,1,21
S01006880,7. Sales and customer service occupations,19,7,12
S01006880,8. Process plant and machine operatives,25,20,5
S01006880,9. Elementary occupations,9,6,3
S01006881,All people aged 16 to 74 in employment,327,180,147
S01006881,1. Managers directors and senior officials,49,37,12
S01006881,2. Professional occupations,60,23,37
S01006881,3. Associate professional and technical occupations,37,21,16
S01006881,4. Administrative and secretarial occupations,36,3,33
S01006881,5. Skilled trades occupations,60,53,7
S01006881,6. Caring leisure and other service occupations,20,1,19
S01006881,7. Sales and customer service occupations,16,4,12
S01006881,8. Process plant and machine operatives,21,20,1
S01006881,9. Elementary occupations,28,18,10
S01006882,All people aged 16 to 74 in employment,179,91,88
S01006882,1. Managers directors and senior officials,8,7,1
S01006882,2. Professional occupations,19,4,15
S01006882,3. Associate professional and technical occupations,22,14,8
S01006882,4. Administrative and secretarial occupations,20,2,18
S01006882,5. Skilled trades occupations,27,25,2
S01006882,6. Caring leisure and other service occupations,23,3,20
S01006882,7. Sales and customer service occupations,10,1,9
S01006882,8. Process plant and machine operatives,30,27,3
S01006882,9. Elementary occupations,20,8,12
S01006883,All people aged 16 to 74 in employment,240,135,105
S01006883,1. Managers directors and senior officials,23,16,7
S01006883,2. Professional occupations,45,22,23
S01006883,3. Associate professional and technical occupations,27,13,14
S01006883,4. Administrative and secretarial occupations,25,4,21
S01006883,5. Skilled trades occupations,41,40,1
S01006883,6. Caring leisure and other service occupations,21,2,19
S01006883,7. Sales and customer service occupations,20,10,10
S01006883,8. Process plant and machine operatives,14,14,0
S01006883,9. Elementary occupations,24,14,10
S01006884,All people aged 16 to 74 in employment,458,256,202
S01006884,1. Managers directors and senior officials,40,30,10
S01006884,2. Professional occupations,72,35,37
S01006884,3. Associate professional and technical occupations,60,39,21
S01006884,4. Administrative and secretarial occupations,52,11,41
S01006884,5. Skilled trades occupations,65,61,4
S01006884,6. Caring leisure and other service occupations,52,7,45
S01006884,7. Sales and customer service occupations,26,8,18
S01006884,8. Process plant and machine operatives,41,41,0
S01006884,9. Elementary occupations,50,24,26
S01006885,All people aged 16 to 74 in employment,271,147,124
S01006885,1. Managers directors and senior officials,33,21,12
S01006885,2. Professional occupations,57,28,29
S01006885,3. Associate professional and technical occupations,35,23,12
S01006885,4. Administrative and secretarial occupations,30,1,29
S01006885,5. Skilled trades occupations,49,42,7
S01006885,6. Caring leisure and other service occupations,21,3,18
S01006885,7. Sales and customer service occupations,15,5,10
S01006885,8. Process plant and machine operatives,18,17,1
S01006885,9. Elementary occupations,13,7,6
S01006886,All people aged 16 to 74 in employment,406,214,192
S01006886,1. Managers directors and senior officials,50,30,20
S01006886,2. Professional occupations,103,48,55
S01006886,3. Associate professional and technical occupations,55,31,24
S01006886,4. Administrative and secretarial occupations,30,5,25
S01006886,5. Skilled trades occupations,63,52,11
S01006886,6. Caring leisure and other service occupations,31,2,29
S01006886,7. Sales and customer service occupations,20,7,13
S01006886,8. Process plant and machine operatives,24,24,0
S01006886,9. Elementary occupations,30,15,15
S01006887,All people aged 16 to 74 in employment,315,175,140
S01006887,1. Managers directors and senior officials,43,38,5
S01006887,2. Professional occupations,71,35,36
S01006887,3. Associate professional and technical occupations,39,19,20
S01006887,4. Administrative and secretarial occupations,35,3,32
S01006887,5. Skilled trades occupations,47,43,4
S01006887,6. Caring leisure and other service occupations,21,2,19
S01006887,7. Sales and customer service occupations,14,3,11
S01006887,8. Process plant and machine operatives,22,20,2
S01006887,9. Elementary occupations,23,12,11
S01006888,All people aged 16 to 74 in employment,437,236,201
S01006888,1. Managers directors and senior officials,40,25,15
S01006888,2. Professional occupations,95,42,53
S01006888,3. Associate professional and technical occupations,65,39,26
S01006888,4. Administrative and secretarial occupations,45,8,37
S01006888,5. Skilled trades occupations,87,79,8
S01006888,6. Caring leisure and other service occupations,37,4,33
S01006888,7. Sales and customer service occupations,13,4,9
S01006888,8. Process plant and machine operatives,21,20,1
S01006888,9. Elementary occupations,34,15,19
S01006889,All people aged 16 to 74 in employment,411,220,191
S01006889,1. Managers directors and senior officials,23,16,7
S01006889,2. Professional occupations,32,18,14
S01006889,3. Associate professional and technical occupations,39,26,13
S01006889,4. Administrative and secretarial occupations,37,11,26
S01006889,5. Skilled trades occupations,68,58,10
S01006889,6. Caring leisure and other service occupations,41,1,40
S01006889,7. Sales and customer service occupations,45,11,34
S01006889,8. Process plant and machine operatives,56,49,7
S01006889,9. Elementary occupations,70,30,40
S01006890,All people aged 16 to 74 in employment,359,200,159
S01006890,1. Managers directors and senior officials,38,26,12
S01006890,2. Professional occupations,76,45,31
S01006890,3. Associate professional and technical occupations,59,35,24
S01006890,4. Administrative and secretarial occupations,54,8,46
S01006890,5. Skilled trades occupations,48,45,3
S01006890,6. Caring leisure and other service occupations,25,4,21
S01006890,7. Sales and customer service occupations,17,5,12
S01006890,8. Process plant and machine operatives,18,17,1
S01006890,9. Elementary occupations,24,15,9
S01006891,All people aged 16 to 74 in employment,518,286,232
S01006891,1. Managers directors and senior officials,52,41,11
S01006891,2. Professional occupations,95,50,45
S01006891,3. Associate professional and technical occupations,62,38,24
S01006891,4. Administrative and secretarial occupations,49,9,40
S01006891,5. Skilled trades occupations,79,73,6
S01006891,6. Caring leisure and other service occupations,44,1,43
S01006891,7. Sales and customer service occupations,37,10,27
S01006891,8. Process plant and machine operatives,37,35,2
S01006891,9. Elementary occupations,63,29,34
S01006892,All people aged 16 to 74 in employment,329,172,157
S01006892,1. Managers directors and senior officials,16,13,3
S01006892,2. Professional occupations,45,17,28
S01006892,3. Associate professional and technical occupations,38,22,16
S01006892,4. Administrative and secretarial occupations,40,5,35
S01006892,5. Skilled trades occupations,56,53,3
S01006892,6. Caring leisure and other service occupations,33,3,30
S01006892,7. Sales and customer service occupations,25,6,19
S01006892,8. Process plant and machine operatives,38,34,4
S01006892,9. Elementary occupations,38,19,19
S01006893,All people aged 16 to 74 in employment,272,135,137
S01006893,1. Managers directors and senior officials,28,20,8
S01006893,2. Professional occupations,27,7,20
S01006893,3. Associate professional and technical occupations,21,13,8
S01006893,4. Administrative and secretarial occupations,30,6,24
S01006893,5. Skilled trades occupations,39,37,2
S01006893,6. Caring leisure and other service occupations,31,2,29
S01006893,7. Sales and customer service occupations,36,9,27
S01006893,8. Process plant and machine operatives,25,25,0
S01006893,9. Elementary occupations,35,16,19
S01006894,All people aged 16 to 74 in employment,477,261,216
S01006894,1. Managers directors and senior officials,27,21,6
S01006894,2. Professional occupations,79,42,37
S01006894,3. Associate professional and technical occupations,80,49,31
S01006894,4. Administrative and secretarial occupations,61,5,56
S01006894,5. Skilled trades occupations,86,81,5
S01006894,6. Caring leisure and other service occupations,34,6,28
S01006894,7. Sales and customer service occupations,37,11,26
S01006894,8. Process plant and machine operatives,28,23,5
S01006894,9. Elementary occupations,45,23,22
S01006895,All people aged 16 to 74 in employment,310,179,131
S01006895,1. Managers directors and senior officials,23,12,11
S01006895,2. Professional occupations,34,21,13
S01006895,3. Associate professional and technical occupations,30,17,13
S01006895,4. Administrative and secretarial occupations,37,6,31
S01006895,5. Skilled trades occupations,71,64,7
S01006895,6. Caring leisure and other service occupations,26,5,21
S01006895,7. Sales and customer service occupations,17,5,12
S01006895,8. Process plant and machine operatives,24,19,5
S01006895,9. Elementary occupations,48,30,18
S01006896,All people aged 16 to 74 in employment,447,236,211
S01006896,1. Managers directors and senior officials,30,20,10
S01006896,2. Professional occupations,66,28,38
S01006896,3. Associate professional and technical occupations,59,42,17
S01006896,4. Administrative and secretarial occupations,58,9,49
S01006896,5. Skilled trades occupations,74,69,5
S01006896,6. Caring leisure and other service occupations,40,6,34
S01006896,7. Sales and customer service occupations,38,13,25
S01006896,8. Process plant and machine operatives,26,22,4
S01006896,9. Elementary occupations,56,27,29
S01006897,All people aged 16 to 74 in employment,428,243,185
S01006897,1. Managers directors and senior officials,28,16,12
S01006897,2. Professional occupations,63,35,28
S01006897,3. Associate professional and technical occupations,62,43,19
S01006897,4. Administrative and secretarial occupations,52,11,41
S01006897,5. Skilled trades occupations,77,75,2
S01006897,6. Caring leisure and other service occupations,30,4,26
S01006897,7. Sales and customer service occupations,47,9,38
S01006897,8. Process plant and machine operatives,31,28,3
S01006897,9. Elementary occupations,38,22,16
S01006898,All people aged 16 to 74 in employment,430,228,202
S01006898,1. Managers directors and senior officials,31,16,15
S01006898,2. Professional occupations,69,30,39
S01006898,3. Associate professional and technical occupations,53,33,20
S01006898,4. Administrative and secretarial occupations,70,13,57
S01006898,5. Skilled trades occupations,59,56,3
S01006898,6. Caring leisure and other service occupations,29,2,27
S01006898,7. Sales and customer service occupations,30,13,17
S01006898,8. Process plant and machine operatives,43,41,2
S01006898,9. Elementary occupations,46,24,22
S01006899,All people aged 16 to 74 in employment,385,204,181
S01006899,1. Managers directors and senior officials,31,24,7
S01006899,2. Professional occupations,71,34,37
S01006899,3. Associate professional and technical occupations,75,45,30
S01006899,4. Administrative and secretarial occupations,60,11,49
S01006899,5. Skilled trades occupations,42,40,2
S01006899,6. Caring leisure and other service occupations,22,1,21
S01006899,7. Sales and customer service occupations,31,5,26
S01006899,8. Process plant and machine operatives,26,25,1
S01006899,9. Elementary occupations,27,19,8
S01006900,All people aged 16 to 74 in employment,373,200,173
S01006900,1. Managers directors and senior officials,30,22,8
S01006900,2. Professional occupations,52,26,26
S01006900,3. Associate professional and technical occupations,42,32,10
S01006900,4. Administrative and secretarial occupations,48,3,45
S01006900,5. Skilled trades occupations,65,62,3
S01006900,6. Caring leisure and other service occupations,33,0,33
S01006900,7. Sales and customer service occupations,41,11,30
S01006900,8. Process plant and machine operatives,39,38,1
S01006900,9. Elementary occupations,23,6,17
S01006901,All people aged 16 to 74 in employment,345,181,164
S01006901,1. Managers directors and senior officials,24,16,8
S01006901,2. Professional occupations,32,11,21
S01006901,3. Associate professional and technical occupations,46,21,25
S01006901,4. Administrative and secretarial occupations,40,10,30
S01006901,5. Skilled trades occupations,63,56,7
S01006901,6. Caring leisure and other service occupations,31,4,27
S01006901,7. Sales and customer service occupations,37,12,25
S01006901,8. Process plant and machine operatives,34,33,1
S01006901,9. Elementary occupations,38,18,20
S01006902,All people aged 16 to 74 in employment,371,203,168
S01006902,1. Managers directors and senior officials,24,18,6
S01006902,2. Professional occupations,46,22,24
S01006902,3. Associate professional and technical occupations,57,36,21
S01006902,4. Administrative and secretarial occupations,41,8,33
S01006902,5. Skilled trades occupations,60,55,5
S01006902,6. Caring leisure and other service occupations,30,2,28
S01006902,7. Sales and customer service occupations,44,15,29
S01006902,8. Process plant and machine operatives,26,25,1
S01006902,9. Elementary occupations,43,22,21
S01006903,All people aged 16 to 74 in employment,425,218,207
S01006903,1. Managers directors and senior officials,24,13,11
S01006903,2. Professional occupations,61,25,36
S01006903,3. Associate professional and technical occupations,41,28,13
S01006903,4. Administrative and secretarial occupations,49,10,39
S01006903,5. Skilled trades occupations,74,65,9
S01006903,6. Caring leisure and other service occupations,41,5,36
S01006903,7. Sales and customer service occupations,37,10,27
S01006903,8. Process plant and machine operatives,29,28,1
S01006903,9. Elementary occupations,69,34,35
S01006904,All people aged 16 to 74 in employment,361,188,173
S01006904,1. Managers directors and senior officials,33,26,7
S01006904,2. Professional occupations,56,29,27
S01006904,3. Associate professional and technical occupations,40,27,13
S01006904,4. Administrative and secretarial occupations,32,4,28
S01006904,5. Skilled trades occupations,64,56,8
S01006904,6. Caring leisure and other service occupations,38,4,34
S01006904,7. Sales and customer service occupations,37,8,29
S01006904,8. Process plant and machine operatives,23,22,1
S01006904,9. Elementary occupations,38,12,26
S01006905,All people aged 16 to 74 in employment,438,233,205
S01006905,1. Managers directors and senior officials,49,35,14
S01006905,2. Professional occupations,85,37,48
S01006905,3. Associate professional and technical occupations,48,28,20
S01006905,4. Administrative and secretarial occupations,46,4,42
S01006905,5. Skilled trades occupations,64,59,5
S01006905,6. Caring leisure and other service occupations,33,4,29
S01006905,7. Sales and customer service occupations,38,14,24
S01006905,8. Process plant and machine operatives,29,26,3
S01006905,9. Elementary occupations,46,26,20
S01006906,All people aged 16 to 74 in employment,385,196,189
S01006906,1. Managers directors and senior officials,17,10,7
S01006906,2. Professional occupations,29,14,15
S01006906,3. Associate professional and technical occupations,44,30,14
S01006906,4. Administrative and secretarial occupations,34,5,29
S01006906,5. Skilled trades occupations,65,62,3
S01006906,6. Caring leisure and other service occupations,55,13,42
S01006906,7. Sales and customer service occupations,42,5,37
S01006906,8. Process plant and machine operatives,31,29,2
S01006906,9. Elementary occupations,68,28,40
S01006907,All people aged 16 to 74 in employment,375,190,185
S01006907,1. Managers directors and senior officials,34,18,16
S01006907,2. Professional occupations,36,11,25
S01006907,3. Associate professional and technical occupations,41,17,24
S01006907,4. Administrative and secretarial occupations,50,10,40
S01006907,5. Skilled trades occupations,74,65,9
S01006907,6. Caring leisure and other service occupations,24,4,20
S01006907,7. Sales and customer service occupations,33,12,21
S01006907,8. Process plant and machine operatives,29,27,2
S01006907,9. Elementary occupations,54,26,28
S01006908,All people aged 16 to 74 in employment,446,240,206
S01006908,1. Managers directors and senior officials,29,20,9
S01006908,2. Professional occupations,61,24,37
S01006908,3. Associate professional and technical occupations,43,25,18
S01006908,4. Administrative and secretarial occupations,46,3,43
S01006908,5. Skilled trades occupations,90,81,9
S01006908,6. Caring leisure and other service occupations,46,10,36
S01006908,7. Sales and customer service occupations,47,23,24
S01006908,8. Process plant and machine operatives,29,28,1
S01006908,9. Elementary occupations,55,26,29
S01006909,All people aged 16 to 74 in employment,443,251,192
S01006909,1. Managers directors and senior officials,54,36,18
S01006909,2. Professional occupations,99,47,52
S01006909,3. Associate professional and technical occupations,77,55,22
S01006909,4. Administrative and secretarial occupations,57,7,50
S01006909,5. Skilled trades occupations,69,62,7
S01006909,6. Caring leisure and other service occupations,24,1,23
S01006909,7. Sales and customer service occupations,19,8,11
S01006909,8. Process plant and machine operatives,27,25,2
S01006909,9. Elementary occupations,17,10,7
S01006910,All people aged 16 to 74 in employment,526,289,237
S01006910,1. Managers directors and senior officials,63,43,20
S01006910,2. Professional occupations,134,60,74
S01006910,3. Associate professional and technical occupations,79,45,34
S01006910,4. Administrative and secretarial occupations,54,13,41
S01006910,5. Skilled trades occupations,83,75,8
S01006910,6. Caring leisure and other service occupations,33,4,29
S01006910,7. Sales and customer service occupations,30,6,24
S01006910,8. Process plant and machine operatives,29,28,1
S01006910,9. Elementary occupations,21,15,6
S01006911,All people aged 16 to 74 in employment,388,202,186
S01006911,1. Managers directors and senior officials,39,24,15
S01006911,2. Professional occupations,112,53,59
S01006911,3. Associate professional and technical occupations,77,44,33
S01006911,4. Administrative and secretarial occupations,36,8,28
S01006911,5. Skilled trades occupations,39,39,0
S01006911,6. Caring leisure and other service occupations,23,3,20
S01006911,7. Sales and customer service occupations,23,8,15
S01006911,8. Process plant and machine operatives,19,17,2
S01006911,9. Elementary occupations,20,6,14
S01006912,All people aged 16 to 74 in employment,273,151,122
S01006912,1. Managers directors and senior officials,34,21,13
S01006912,2. Professional occupations,56,27,29
S01006912,3. Associate professional and technical occupations,38,22,16
S01006912,4. Administrative and secretarial occupations,20,1,19
S01006912,5. Skilled trades occupations,50,47,3
S01006912,6. Caring leisure and other service occupations,17,3,14
S01006912,7. Sales and customer service occupations,16,4,12
S01006912,8. Process plant and machine operatives,8,8,0
S01006912,9. Elementary occupations,34,18,16
S01006913,All people aged 16 to 74 in employment,321,180,141
S01006913,1. Managers directors and senior officials,36,28,8
S01006913,2. Professional occupations,72,44,28
S01006913,3. Associate professional and technical occupations,48,24,24
S01006913,4. Administrative and secretarial occupations,47,14,33
S01006913,5. Skilled trades occupations,43,38,5
S01006913,6. Caring leisure and other service occupations,17,1,16
S01006913,7. Sales and customer service occupations,22,5,17
S01006913,8. Process plant and machine operatives,19,17,2
S01006913,9. Elementary occupations,17,9,8
S01006914,All people aged 16 to 74 in employment,452,256,196
S01006914,1. Managers directors and senior officials,42,29,13
S01006914,2. Professional occupations,103,58,45
S01006914,3. Associate professional and technical occupations,67,35,32
S01006914,4. Administrative and secretarial occupations,35,2,33
S01006914,5. Skilled trades occupations,77,69,8
S01006914,6. Caring leisure and other service occupations,27,3,24
S01006914,7. Sales and customer service occupations,21,6,15
S01006914,8. Process plant and machine operatives,27,23,4
S01006914,9. Elementary occupations,53,31,22
S01006915,All people aged 16 to 74 in employment,474,272,202
S01006915,1. Managers directors and senior officials,42,30,12
S01006915,2. Professional occupations,100,46,54
S01006915,3. Associate professional and technical occupations,68,42,26
S01006915,4. Administrative and secretarial occupations,56,11,45
S01006915,5. Skilled trades occupations,83,77,6
S01006915,6. Caring leisure and other service occupations,32,8,24
S01006915,7. Sales and customer service occupations,21,6,15
S01006915,8. Process plant and machine operatives,32,30,2
S01006915,9. Elementary occupations,40,22,18
S01006916,All people aged 16 to 74 in employment,297,158,139
S01006916,1. Managers directors and senior officials,24,17,7
S01006916,2. Professional occupations,57,26,31
S01006916,3. Associate professional and technical occupations,49,30,19
S01006916,4. Administrative and secretarial occupations,33,1,32
S01006916,5. Skilled trades occupations,42,40,2
S01006916,6. Caring leisure and other service occupations,17,1,16
S01006916,7. Sales and customer service occupations,23,6,17
S01006916,8. Process plant and machine operatives,27,24,3
S01006916,9. Elementary occupations,25,13,12
S01006917,All people aged 16 to 74 in employment,552,294,258
S01006917,1. Managers directors and senior officials,72,47,25
S01006917,2. Professional occupations,145,75,70
S01006917,3. Associate professional and technical occupations,110,62,48
S01006917,4. Administrative and secretarial occupations,77,12,65
S01006917,5. Skilled trades occupations,57,53,4
S01006917,6. Caring leisure and other service occupations,19,1,18
S01006917,7. Sales and customer service occupations,25,8,17
S01006917,8. Process plant and machine operatives,25,20,5
S01006917,9. Elementary occupations,22,16,6
S01006918,All people aged 16 to 74 in employment,259,135,124
S01006918,1. Managers directors and senior officials,24,15,9
S01006918,2. Professional occupations,60,30,30
S01006918,3. Associate professional and technical occupations,48,32,16
S01006918,4. Administrative and secretarial occupations,33,4,29
S01006918,5. Skilled trades occupations,33,33,0
S01006918,6. Caring leisure and other service occupations,24,2,22
S01006918,7. Sales and customer service occupations,8,0,8
S01006918,8. Process plant and machine operatives,13,11,2
S01006918,9. Elementary occupations,16,8,8
S01006919,All people aged 16 to 74 in employment,259,145,114
S01006919,1. Managers directors and senior officials,24,22,2
S01006919,2. Professional occupations,56,28,28
S01006919,3. Associate professional and technical occupations,34,18,16
S01006919,4. Administrative and secretarial occupations,36,7,29
S01006919,5. Skilled trades occupations,41,37,4
S01006919,6. Caring leisure and other service occupations,19,1,18
S01006919,7. Sales and customer service occupations,17,7,10
S01006919,8. Process plant and machine operatives,16,16,0
S01006919,9. Elementary occupations,16,9,7
S01006920,All people aged 16 to 74 in employment,263,138,125
S01006920,1. Managers directors and senior officials,25,16,9
S01006920,2. Professional occupations,45,26,19
S01006920,3. Associate professional and technical occupations,37,26,11
S01006920,4. Administrative and secretarial occupations,39,3,36
S01006920,5. Skilled trades occupations,31,29,2
S01006920,6. Caring leisure and other service occupations,30,3,27
S01006920,7. Sales and customer service occupations,20,8,12
S01006920,8. Process plant and machine operatives,16,14,2
S01006920,9. Elementary occupations,20,13,7
S01006921,All people aged 16 to 74 in employment,466,245,221
S01006921,1. Managers directors and senior officials,43,30,13
S01006921,2. Professional occupations,103,46,57
S01006921,3. Associate professional and technical occupations,94,56,38
S01006921,4. Administrative and secretarial occupations,57,7,50
S01006921,5. Skilled trades occupations,45,42,3
S01006921,6. Caring leisure and other service occupations,26,2,24
S01006921,7. Sales and customer service occupations,36,15,21
S01006921,8. Process plant and machine operatives,32,30,2
S01006921,9. Elementary occupations,30,17,13
S01006922,All people aged 16 to 74 in employment,269,153,116
S01006922,1. Managers directors and senior officials,43,30,13
S01006922,2. Professional occupations,53,23,30
S01006922,3. Associate professional and technical occupations,32,22,10
S01006922,4. Administrative and secretarial occupations,20,0,20
S01006922,5. Skilled trades occupations,36,33,3
S01006922,6. Caring leisure and other service occupations,13,1,12
S01006922,7. Sales and customer service occupations,20,10,10
S01006922,8. Process plant and machine operatives,25,22,3
S01006922,9. Elementary occupations,27,12,15
S01006923,All people aged 16 to 74 in employment,395,211,184
S01006923,1. Managers directors and senior officials,54,39,15
S01006923,2. Professional occupations,79,40,39
S01006923,3. Associate professional and technical occupations,51,28,23
S01006923,4. Administrative and secretarial occupations,43,3,40
S01006923,5. Skilled trades occupations,56,52,4
S01006923,6. Caring leisure and other service occupations,30,5,25
S01006923,7. Sales and customer service occupations,30,11,19
S01006923,8. Process plant and machine operatives,29,26,3
S01006923,9. Elementary occupations,23,7,16
S01006924,All people aged 16 to 74 in employment,338,194,144
S01006924,1. Managers directors and senior officials,55,34,21
S01006924,2. Professional occupations,70,34,36
S01006924,3. Associate professional and technical occupations,46,33,13
S01006924,4. Administrative and secretarial occupations,26,1,25
S01006924,5. Skilled trades occupations,59,52,7
S01006924,6. Caring leisure and other service occupations,27,1,26
S01006924,7. Sales and customer service occupations,13,7,6
S01006924,8. Process plant and machine operatives,22,21,1
S01006924,9. Elementary occupations,20,11,9
S01006925,All people aged 16 to 74 in employment,276,149,127
S01006925,1. Managers directors and senior officials,26,19,7
S01006925,2. Professional occupations,53,25,28
S01006925,3. Associate professional and technical occupations,42,30,12
S01006925,4. Administrative and secretarial occupations,42,6,36
S01006925,5. Skilled trades occupations,41,40,1
S01006925,6. Caring leisure and other service occupations,18,1,17
S01006925,7. Sales and customer service occupations,22,5,17
S01006925,8. Process plant and machine operatives,15,14,1
S01006925,9. Elementary occupations,17,9,8
S01006926,All people aged 16 to 74 in employment,426,231,195
S01006926,1. Managers directors and senior officials,45,40,5
S01006926,2. Professional occupations,89,47,42
S01006926,3. Associate professional and technical occupations,73,47,26
S01006926,4. Administrative and secretarial occupations,71,7,64
S01006926,5. Skilled trades occupations,48,44,4
S01006926,6. Caring leisure and other service occupations,24,2,22
S01006926,7. Sales and customer service occupations,24,6,18
S01006926,8. Process plant and machine operatives,31,27,4
S01006926,9. Elementary occupations,21,11,10
S01006927,All people aged 16 to 74 in employment,614,328,286
S01006927,1. Managers directors and senior officials,52,34,18
S01006927,2. Professional occupations,166,79,87
S01006927,3. Associate professional and technical occupations,131,81,50
S01006927,4. Administrative and secretarial occupations,89,20,69
S01006927,5. Skilled trades occupations,62,60,2
S01006927,6. Caring leisure and other service occupations,29,1,28
S01006927,7. Sales and customer service occupations,31,12,19
S01006927,8. Process plant and machine operatives,35,31,4
S01006927,9. Elementary occupations,19,10,9
S01006928,All people aged 16 to 74 in employment,623,337,286
S01006928,1. Managers directors and senior officials,52,36,16
S01006928,2. Professional occupations,120,54,66
S01006928,3. Associate professional and technical occupations,93,52,41
S01006928,4. Administrative and secretarial occupations,69,10,59
S01006928,5. Skilled trades occupations,104,95,9
S01006928,6. Caring leisure and other service occupations,43,8,35
S01006928,7. Sales and customer service occupations,28,8,20
S01006928,8. Process plant and machine operatives,50,45,5
S01006928,9. Elementary occupations,64,29,35
S01006929,All people aged 16 to 74 in employment,467,264,203
S01006929,1. Managers directors and senior officials,76,61,15
S01006929,2. Professional occupations,144,84,60
S01006929,3. Associate professional and technical occupations,69,46,23
S01006929,4. Administrative and secretarial occupations,60,11,49
S01006929,5. Skilled trades occupations,25,24,1
S01006929,6. Caring leisure and other service occupations,23,2,21
S01006929,7. Sales and customer service occupations,39,13,26
S01006929,8. Process plant and machine operatives,10,8,2
S01006929,9. Elementary occupations,21,15,6
S01006930,All people aged 16 to 74 in employment,529,283,246
S01006930,1. Managers directors and senior officials,67,51,16
S01006930,2. Professional occupations,129,64,65
S01006930,3. Associate professional and technical occupations,95,59,36
S01006930,4. Administrative and secretarial occupations,80,11,69
S01006930,5. Skilled trades occupations,45,41,4
S01006930,6. Caring leisure and other service occupations,20,3,17
S01006930,7. Sales and customer service occupations,41,15,26
S01006930,8. Process plant and machine operatives,30,27,3
S01006930,9. Elementary occupations,22,12,10
S01006931,All people aged 16 to 74 in employment,219,118,101
S01006931,1. Managers directors and senior officials,28,20,8
S01006931,2. Professional occupations,55,28,27
S01006931,3. Associate professional and technical occupations,32,20,12
S01006931,4. Administrative and secretarial occupations,24,3,21
S01006931,5. Skilled trades occupations,24,21,3
S01006931,6. Caring leisure and other service occupations,13,2,11
S01006931,7. Sales and customer service occupations,18,6,12
S01006931,8. Process plant and machine operatives,8,8,0
S01006931,9. Elementary occupations,17,10,7
S01006932,All people aged 16 to 74 in employment,339,175,164
S01006932,1. Managers directors and senior officials,38,30,8
S01006932,2. Professional occupations,73,36,37
S01006932,3. Associate professional and technical occupations,62,33,29
S01006932,4. Administrative and secretarial occupations,50,13,37
S01006932,5. Skilled trades occupations,28,27,1
S01006932,6. Caring leisure and other service occupations,26,2,24
S01006932,7. Sales and customer service occupations,18,5,13
S01006932,8. Process plant and machine operatives,23,18,5
S01006932,9. Elementary occupations,21,11,10
S01006933,All people aged 16 to 74 in employment,388,200,188
S01006933,1. Managers directors and senior officials,22,15,7
S01006933,2. Professional occupations,100,51,49
S01006933,3. Associate professional and technical occupations,54,35,19
S01006933,4. Administrative and secretarial occupations,57,13,44
S01006933,5. Skilled trades occupations,31,31,0
S01006933,6. Caring leisure and other service occupations,35,7,28
S01006933,7. Sales and customer service occupations,37,14,23
S01006933,8. Process plant and machine operatives,23,21,2
S01006933,9. Elementary occupations,29,13,16
S01006934,All people aged 16 to 74 in employment,313,178,135
S01006934,1. Managers directors and senior officials,32,22,10
S01006934,2. Professional occupations,81,40,41
S01006934,3. Associate professional and technical occupations,38,21,17
S01006934,4. Administrative and secretarial occupations,32,7,25
S01006934,5. Skilled trades occupations,49,43,6
S01006934,6. Caring leisure and other service occupations,20,3,17
S01006934,7. Sales and customer service occupations,11,4,7
S01006934,8. Process plant and machine operatives,25,25,0
S01006934,9. Elementary occupations,25,13,12
S01006935,All people aged 16 to 74 in employment,392,200,192
S01006935,1. Managers directors and senior officials,35,27,8
S01006935,2. Professional occupations,101,44,57
S01006935,3. Associate professional and technical occupations,61,43,18
S01006935,4. Administrative and secretarial occupations,58,9,49
S01006935,5. Skilled trades occupations,41,36,5
S01006935,6. Caring leisure and other service occupations,21,2,19
S01006935,7. Sales and customer service occupations,28,9,19
S01006935,8. Process plant and machine operatives,17,17,0
S01006935,9. Elementary occupations,30,13,17
S01006936,All people aged 16 to 74 in employment,339,175,164
S01006936,1. Managers directors and senior officials,26,20,6
S01006936,2. Professional occupations,74,33,41
S01006936,3. Associate professional and technical occupations,64,42,22
S01006936,4. Administrative and secretarial occupations,55,11,44
S01006936,5. Skilled trades occupations,26,25,1
S01006936,6. Caring leisure and other service occupations,29,5,24
S01006936,7. Sales and customer service occupations,29,11,18
S01006936,8. Process plant and machine operatives,19,19,0
S01006936,9. Elementary occupations,17,9,8
S01006937,All people aged 16 to 74 in employment,441,220,221
S01006937,1. Managers directors and senior officials,33,22,11
S01006937,2. Professional occupations,75,38,37
S01006937,3. Associate professional and technical occupations,78,43,35
S01006937,4. Administrative and secretarial occupations,68,18,50
S01006937,5. Skilled trades occupations,58,52,6
S01006937,6. Caring leisure and other service occupations,43,4,39
S01006937,7. Sales and customer service occupations,34,11,23
S01006937,8. Process plant and machine operatives,26,18,8
S01006937,9. Elementary occupations,26,14,12
S01006938,All people aged 16 to 74 in employment,300,151,149
S01006938,1. Managers directors and senior officials,18,13,5
S01006938,2. Professional occupations,64,30,34
S01006938,3. Associate professional and technical occupations,49,29,20
S01006938,4. Administrative and secretarial occupations,43,7,36
S01006938,5. Skilled trades occupations,36,36,0
S01006938,6. Caring leisure and other service occupations,26,1,25
S01006938,7. Sales and customer service occupations,27,8,19
S01006938,8. Process plant and machine operatives,12,11,1
S01006938,9. Elementary occupations,25,16,9
S01006939,All people aged 16 to 74 in employment,365,199,166
S01006939,1. Managers directors and senior officials,36,27,9
S01006939,2. Professional occupations,75,45,30
S01006939,3. Associate professional and technical occupations,51,35,16
S01006939,4. Administrative and secretarial occupations,57,10,47
S01006939,5. Skilled trades occupations,32,27,5
S01006939,6. Caring leisure and other service occupations,31,3,28
S01006939,7. Sales and customer service occupations,34,13,21
S01006939,8. Process plant and machine operatives,23,23,0
S01006939,9. Elementary occupations,26,16,10
S01006940,All people aged 16 to 74 in employment,551,296,255
S01006940,1. Managers directors and senior officials,45,30,15
S01006940,2. Professional occupations,138,75,63
S01006940,3. Associate professional and technical occupations,83,51,32
S01006940,4. Administrative and secretarial occupations,79,19,60
S01006940,5. Skilled trades occupations,58,51,7
S01006940,6. Caring leisure and other service occupations,38,7,31
S01006940,7. Sales and customer service occupations,41,16,25
S01006940,8. Process plant and machine operatives,27,25,2
S01006940,9. Elementary occupations,42,22,20
S01006941,All people aged 16 to 74 in employment,336,173,163
S01006941,1. Managers directors and senior officials,23,16,7
S01006941,2. Professional occupations,59,28,31
S01006941,3. Associate professional and technical occupations,45,28,17
S01006941,4. Administrative and secretarial occupations,60,8,52
S01006941,5. Skilled trades occupations,39,38,1
S01006941,6. Caring leisure and other service occupations,27,4,23
S01006941,7. Sales and customer service occupations,27,10,17
S01006941,8. Process plant and machine operatives,28,26,2
S01006941,9. Elementary occupations,28,15,13
S01006942,All people aged 16 to 74 in employment,606,317,289
S01006942,1. Managers directors and senior officials,70,60,10
S01006942,2. Professional occupations,127,62,65
S01006942,3. Associate professional and technical occupations,98,69,29
S01006942,4. Administrative and secretarial occupations,92,13,79
S01006942,5. Skilled trades occupations,54,50,4
S01006942,6. Caring leisure and other service occupations,55,7,48
S01006942,7. Sales and customer service occupations,47,14,33
S01006942,8. Process plant and machine operatives,22,20,2
S01006942,9. Elementary occupations,41,22,19
S01006943,All people aged 16 to 74 in employment,360,197,163
S01006943,1. Managers directors and senior officials,53,39,14
S01006943,2. Professional occupations,112,61,51
S01006943,3. Associate professional and technical occupations,76,45,31
S01006943,4. Administrative and secretarial occupations,29,6,23
S01006943,5. Skilled trades occupations,22,19,3
S01006943,6. Caring leisure and other service occupations,26,2,24
S01006943,7. Sales and customer service occupations,14,4,10
S01006943,8. Process plant and machine operatives,12,11,1
S01006943,9. Elementary occupations,16,10,6
S01006944,All people aged 16 to 74 in employment,537,280,257
S01006944,1. Managers directors and senior officials,49,35,14
S01006944,2. Professional occupations,121,59,62
S01006944,3. Associate professional and technical occupations,100,57,43
S01006944,4. Administrative and secretarial occupations,90,17,73
S01006944,5. Skilled trades occupations,56,53,3
S01006944,6. Caring leisure and other service occupations,33,5,28
S01006944,7. Sales and customer service occupations,25,8,17
S01006944,8. Process plant and machine operatives,31,30,1
S01006944,9. Elementary occupations,32,16,16
S01006945,All people aged 16 to 74 in employment,297,162,135
S01006945,1. Managers directors and senior officials,33,25,8
S01006945,2. Professional occupations,79,42,37
S01006945,3. Associate professional and technical occupations,43,29,14
S01006945,4. Administrative and secretarial occupations,46,13,33
S01006945,5. Skilled trades occupations,26,23,3
S01006945,6. Caring leisure and other service occupations,20,5,15
S01006945,7. Sales and customer service occupations,15,4,11
S01006945,8. Process plant and machine operatives,16,15,1
S01006945,9. Elementary occupations,19,6,13
S01006946,All people aged 16 to 74 in employment,490,261,229
S01006946,1. Managers directors and senior officials,55,41,14
S01006946,2. Professional occupations,109,51,58
S01006946,3. Associate professional and technical occupations,102,54,48
S01006946,4. Administrative and secretarial occupations,58,14,44
S01006946,5. Skilled trades occupations,50,48,2
S01006946,6. Caring leisure and other service occupations,38,3,35
S01006946,7. Sales and customer service occupations,20,9,11
S01006946,8. Process plant and machine operatives,29,28,1
S01006946,9. Elementary occupations,29,13,16
S01006947,All people aged 16 to 74 in employment,529,277,252
S01006947,1. Managers directors and senior officials,47,31,16
S01006947,2. Professional occupations,105,52,53
S01006947,3. Associate professional and technical occupations,96,57,39
S01006947,4. Administrative and secretarial occupations,75,14,61
S01006947,5. Skilled trades occupations,55,48,7
S01006947,6. Caring leisure and other service occupations,37,4,33
S01006947,7. Sales and customer service occupations,40,16,24
S01006947,8. Process plant and machine operatives,38,35,3
S01006947,9. Elementary occupations,36,20,16
S01006948,All people aged 16 to 74 in employment,481,257,224
S01006948,1. Managers directors and senior officials,60,46,14
S01006948,2. Professional occupations,84,42,42
S01006948,3. Associate professional and technical occupations,63,38,25
S01006948,4. Administrative and secretarial occupations,64,13,51
S01006948,5. Skilled trades occupations,67,57,10
S01006948,6. Caring leisure and other service occupations,41,2,39
S01006948,7. Sales and customer service occupations,27,8,19
S01006948,8. Process plant and machine operatives,34,31,3
S01006948,9. Elementary occupations,41,20,21
S01006949,All people aged 16 to 74 in employment,378,204,174
S01006949,1. Managers directors and senior officials,53,35,18
S01006949,2. Professional occupations,100,44,56
S01006949,3. Associate professional and technical occupations,62,39,23
S01006949,4. Administrative and secretarial occupations,33,5,28
S01006949,5. Skilled trades occupations,47,43,4
S01006949,6. Caring leisure and other service occupations,24,4,20
S01006949,7. Sales and customer service occupations,21,8,13
S01006949,8. Process plant and machine operatives,18,15,3
S01006949,9. Elementary occupations,20,11,9
S01006950,All people aged 16 to 74 in employment,330,168,162
S01006950,1. Managers directors and senior officials,34,21,13
S01006950,2. Professional occupations,78,37,41
S01006950,3. Associate professional and technical occupations,70,34,36
S01006950,4. Administrative and secretarial occupations,32,1,31
S01006950,5. Skilled trades occupations,37,37,0
S01006950,6. Caring leisure and other service occupations,20,0,20
S01006950,7. Sales and customer service occupations,16,4,12
S01006950,8. Process plant and machine operatives,24,23,1
S01006950,9. Elementary occupations,19,11,8
S01006951,All people aged 16 to 74 in employment,292,151,141
S01006951,1. Managers directors and senior officials,23,16,7
S01006951,2. Professional occupations,42,18,24
S01006951,3. Associate professional and technical occupations,39,21,18
S01006951,4. Administrative and secretarial occupations,48,11,37
S01006951,5. Skilled trades occupations,37,31,6
S01006951,6. Caring leisure and other service occupations,23,5,18
S01006951,7. Sales and customer service occupations,18,5,13
S01006951,8. Process plant and machine operatives,31,30,1
S01006951,9. Elementary occupations,31,14,17
S01006952,All people aged 16 to 74 in employment,473,274,199
S01006952,1. Managers directors and senior officials,48,34,14
S01006952,2. Professional occupations,67,43,24
S01006952,3. Associate professional and technical occupations,60,39,21
S01006952,4. Administrative and secretarial occupations,65,9,56
S01006952,5. Skilled trades occupations,76,70,6
S01006952,6. Caring leisure and other service occupations,35,2,33
S01006952,7. Sales and customer service occupations,32,11,21
S01006952,8. Process plant and machine operatives,55,51,4
S01006952,9. Elementary occupations,35,15,20
S01006953,All people aged 16 to 74 in employment,481,266,215
S01006953,1. Managers directors and senior officials,59,41,18
S01006953,2. Professional occupations,96,55,41
S01006953,3. Associate professional and technical occupations,85,53,32
S01006953,4. Administrative and secretarial occupations,62,11,51
S01006953,5. Skilled trades occupations,52,45,7
S01006953,6. Caring leisure and other service occupations,28,4,24
S01006953,7. Sales and customer service occupations,33,9,24
S01006953,8. Process plant and machine operatives,30,28,2
S01006953,9. Elementary occupations,36,20,16
S01006954,All people aged 16 to 74 in employment,491,263,228
S01006954,1. Managers directors and senior officials,54,38,16
S01006954,2. Professional occupations,95,43,52
S01006954,3. Associate professional and technical occupations,67,44,23
S01006954,4. Administrative and secretarial occupations,73,10,63
S01006954,5. Skilled trades occupations,67,63,4
S01006954,6. Caring leisure and other service occupations,36,3,33
S01006954,7. Sales and customer service occupations,29,9,20
S01006954,8. Process plant and machine operatives,36,33,3
S01006954,9. Elementary occupations,34,20,14
S01006955,All people aged 16 to 74 in employment,351,184,167
S01006955,1. Managers directors and senior officials,31,19,12
S01006955,2. Professional occupations,62,26,36
S01006955,3. Associate professional and technical occupations,54,28,26
S01006955,4. Administrative and secretarial occupations,35,9,26
S01006955,5. Skilled trades occupations,50,49,1
S01006955,6. Caring leisure and other service occupations,38,3,35
S01006955,7. Sales and customer service occupations,26,8,18
S01006955,8. Process plant and machine operatives,25,20,5
S01006955,9. Elementary occupations,30,22,8
S01006956,All people aged 16 to 74 in employment,653,348,305
S01006956,1. Managers directors and senior officials,64,43,21
S01006956,2. Professional occupations,146,70,76
S01006956,3. Associate professional and technical occupations,125,73,52
S01006956,4. Administrative and secretarial occupations,70,19,51
S01006956,5. Skilled trades occupations,80,71,9
S01006956,6. Caring leisure and other service occupations,43,3,40
S01006956,7. Sales and customer service occupations,45,8,37
S01006956,8. Process plant and machine operatives,45,41,4
S01006956,9. Elementary occupations,35,20,15
S01006957,All people aged 16 to 74 in employment,619,340,279
S01006957,1. Managers directors and senior officials,71,47,24
S01006957,2. Professional occupations,149,68,81
S01006957,3. Associate professional and technical occupations,81,54,27
S01006957,4. Administrative and secretarial occupations,93,13,80
S01006957,5. Skilled trades occupations,83,79,4
S01006957,6. Caring leisure and other service occupations,36,3,33
S01006957,7. Sales and customer service occupations,34,12,22
S01006957,8. Process plant and machine operatives,46,45,1
S01006957,9. Elementary occupations,26,19,7
S01006958,All people aged 16 to 74 in employment,444,244,200
S01006958,1. Managers directors and senior officials,36,26,10
S01006958,2. Professional occupations,105,46,59
S01006958,3. Associate professional and technical occupations,64,44,20
S01006958,4. Administrative and secretarial occupations,44,9,35
S01006958,5. Skilled trades occupations,59,57,2
S01006958,6. Caring leisure and other service occupations,33,6,27
S01006958,7. Sales and customer service occupations,31,8,23
S01006958,8. Process plant and machine operatives,37,31,6
S01006958,9. Elementary occupations,35,17,18
S01006959,All people aged 16 to 74 in employment,320,172,148
S01006959,1. Managers directors and senior officials,30,20,10
S01006959,2. Professional occupations,50,24,26
S01006959,3. Associate professional and technical occupations,38,17,21
S01006959,4. Administrative and secretarial occupations,34,10,24
S01006959,5. Skilled trades occupations,42,37,5
S01006959,6. Caring leisure and other service occupations,32,5,27
S01006959,7. Sales and customer service occupations,25,10,15
S01006959,8. Process plant and machine operatives,36,29,7
S01006959,9. Elementary occupations,33,20,13
S01006960,All people aged 16 to 74 in employment,556,298,258
S01006960,1. Managers directors and senior officials,78,55,23
S01006960,2. Professional occupations,119,60,59
S01006960,3. Associate professional and technical occupations,87,57,30
S01006960,4. Administrative and secretarial occupations,61,8,53
S01006960,5. Skilled trades occupations,59,59,0
S01006960,6. Caring leisure and other service occupations,43,3,40
S01006960,7. Sales and customer service occupations,47,13,34
S01006960,8. Process plant and machine operatives,29,27,2
S01006960,9. Elementary occupations,33,16,17
S01006961,All people aged 16 to 74 in employment,564,293,271
S01006961,1. Managers directors and senior officials,57,43,14
S01006961,2. Professional occupations,129,58,71
S01006961,3. Associate professional and technical occupations,121,74,47
S01006961,4. Administrative and secretarial occupations,62,6,56
S01006961,5. Skilled trades occupations,59,54,5
S01006961,6. Caring leisure and other service occupations,34,5,29
S01006961,7. Sales and customer service occupations,44,13,31
S01006961,8. Process plant and machine operatives,30,29,1
S01006961,9. Elementary occupations,28,11,17
S01006962,All people aged 16 to 74 in employment,482,264,218
S01006962,1. Managers directors and senior officials,31,21,10
S01006962,2. Professional occupations,91,48,43
S01006962,3. Associate professional and technical occupations,71,47,24
S01006962,4. Administrative and secretarial occupations,60,9,51
S01006962,5. Skilled trades occupations,70,67,3
S01006962,6. Caring leisure and other service occupations,37,7,30
S01006962,7. Sales and customer service occupations,36,7,29
S01006962,8. Process plant and machine operatives,43,39,4
S01006962,9. Elementary occupations,43,19,24
S01006963,All people aged 16 to 74 in employment,378,206,172
S01006963,1. Managers directors and senior officials,32,23,9
S01006963,2. Professional occupations,60,28,32
S01006963,3. Associate professional and technical occupations,65,47,18
S01006963,4. Administrative and secretarial occupations,45,6,39
S01006963,5. Skilled trades occupations,51,48,3
S01006963,6. Caring leisure and other service occupations,41,4,37
S01006963,7. Sales and customer service occupations,38,10,28
S01006963,8. Process plant and machine operatives,26,26,0
S01006963,9. Elementary occupations,20,14,6
S01006964,All people aged 16 to 74 in employment,484,275,209
S01006964,1. Managers directors and senior officials,26,15,11
S01006964,2. Professional occupations,70,31,39
S01006964,3. Associate professional and technical occupations,71,47,24
S01006964,4. Administrative and secretarial occupations,59,10,49
S01006964,5. Skilled trades occupations,91,86,5
S01006964,6. Caring leisure and other service occupations,39,7,32
S01006964,7. Sales and customer service occupations,39,15,24
S01006964,8. Process plant and machine operatives,47,39,8
S01006964,9. Elementary occupations,42,25,17
S01006965,All people aged 16 to 74 in employment,261,148,113
S01006965,1. Managers directors and senior officials,26,19,7
S01006965,2. Professional occupations,59,26,33
S01006965,3. Associate professional and technical occupations,36,24,12
S01006965,4. Administrative and secretarial occupations,25,5,20
S01006965,5. Skilled trades occupations,46,41,5
S01006965,6. Caring leisure and other service occupations,21,2,19
S01006965,7. Sales and customer service occupations,17,8,9
S01006965,8. Process plant and machine operatives,16,16,0
S01006965,9. Elementary occupations,15,7,8
S01006966,All people aged 16 to 74 in employment,324,149,175
S01006966,1. Managers directors and senior officials,16,8,8
S01006966,2. Professional occupations,37,11,26
S01006966,3. Associate professional and technical occupations,26,18,8
S01006966,4. Administrative and secretarial occupations,39,6,33
S01006966,5. Skilled trades occupations,57,48,9
S01006966,6. Caring leisure and other service occupations,33,3,30
S01006966,7. Sales and customer service occupations,43,10,33
S01006966,8. Process plant and machine operatives,25,23,2
S01006966,9. Elementary occupations,48,22,26
S01006967,All people aged 16 to 74 in employment,385,205,180
S01006967,1. Managers directors and senior officials,32,23,9
S01006967,2. Professional occupations,72,35,37
S01006967,3. Associate professional and technical occupations,49,33,16
S01006967,4. Administrative and secretarial occupations,48,6,42
S01006967,5. Skilled trades occupations,55,53,2
S01006967,6. Caring leisure and other service occupations,37,5,32
S01006967,7. Sales and customer service occupations,33,6,27
S01006967,8. Process plant and machine operatives,30,29,1
S01006967,9. Elementary occupations,29,15,14
S01006968,All people aged 16 to 74 in employment,308,160,148
S01006968,1. Managers directors and senior officials,14,8,6
S01006968,2. Professional occupations,39,17,22
S01006968,3. Associate professional and technical occupations,32,20,12
S01006968,4. Administrative and secretarial occupations,36,5,31
S01006968,5. Skilled trades occupations,59,56,3
S01006968,6. Caring leisure and other service occupations,24,3,21
S01006968,7. Sales and customer service occupations,42,9,33
S01006968,8. Process plant and machine operatives,25,24,1
S01006968,9. Elementary occupations,37,18,19
S01006969,All people aged 16 to 74 in employment,506,281,225
S01006969,1. Managers directors and senior officials,45,28,17
S01006969,2. Professional occupations,76,39,37
S01006969,3. Associate professional and technical occupations,60,41,19
S01006969,4. Administrative and secretarial occupations,67,6,61
S01006969,5. Skilled trades occupations,80,75,5
S01006969,6. Caring leisure and other service occupations,43,11,32
S01006969,7. Sales and customer service occupations,38,7,31
S01006969,8. Process plant and machine operatives,49,45,4
S01006969,9. Elementary occupations,48,29,19
S01006970,All people aged 16 to 74 in employment,413,219,194
S01006970,1. Managers directors and senior officials,46,36,10
S01006970,2. Professional occupations,84,39,45
S01006970,3. Associate professional and technical occupations,56,40,16
S01006970,4. Administrative and secretarial occupations,72,11,61
S01006970,5. Skilled trades occupations,53,49,4
S01006970,6. Caring leisure and other service occupations,34,4,30
S01006970,7. Sales and customer service occupations,26,9,17
S01006970,8. Process plant and machine operatives,19,18,1
S01006970,9. Elementary occupations,23,13,10
S01006971,All people aged 16 to 74 in employment,256,133,123
S01006971,1. Managers directors and senior officials,23,15,8
S01006971,2. Professional occupations,29,11,18
S01006971,3. Associate professional and technical occupations,32,17,15
S01006971,4. Administrative and secretarial occupations,28,2,26
S01006971,5. Skilled trades occupations,40,38,2
S01006971,6. Caring leisure and other service occupations,23,3,20
S01006971,7. Sales and customer service occupations,18,5,13
S01006971,8. Process plant and machine operatives,28,27,1
S01006971,9. Elementary occupations,35,15,20
S01006972,All people aged 16 to 74 in employment,309,173,136
S01006972,1. Managers directors and senior officials,36,31,5
S01006972,2. Professional occupations,58,28,30
S01006972,3. Associate professional and technical occupations,38,21,17
S01006972,4. Administrative and secretarial occupations,45,7,38
S01006972,5. Skilled trades occupations,47,40,7
S01006972,6. Caring leisure and other service occupations,16,0,16
S01006972,7. Sales and customer service occupations,17,5,12
S01006972,8. Process plant and machine operatives,23,23,0
S01006972,9. Elementary occupations,29,18,11
S01006973,All people aged 16 to 74 in employment,305,173,132
S01006973,1. Managers directors and senior officials,43,32,11
S01006973,2. Professional occupations,63,23,40
S01006973,3. Associate professional and technical occupations,51,31,20
S01006973,4. Administrative and secretarial occupations,37,9,28
S01006973,5. Skilled trades occupations,35,34,1
S01006973,6. Caring leisure and other service occupations,16,2,14
S01006973,7. Sales and customer service occupations,9,5,4
S01006973,8. Process plant and machine operatives,16,14,2
S01006973,9. Elementary occupations,35,23,12
S01006974,All people aged 16 to 74 in employment,594,321,273
S01006974,1. Managers directors and senior officials,66,55,11
S01006974,2. Professional occupations,143,74,69
S01006974,3. Associate professional and technical occupations,87,52,35
S01006974,4. Administrative and secretarial occupations,72,13,59
S01006974,5. Skilled trades occupations,73,66,7
S01006974,6. Caring leisure and other service occupations,52,2,50
S01006974,7. Sales and customer service occupations,32,8,24
S01006974,8. Process plant and machine operatives,37,36,1
S01006974,9. Elementary occupations,32,15,17
S01006975,All people aged 16 to 74 in employment,584,324,260
S01006975,1. Managers directors and senior officials,65,40,25
S01006975,2. Professional occupations,105,48,57
S01006975,3. Associate professional and technical occupations,64,33,31
S01006975,4. Administrative and secretarial occupations,66,9,57
S01006975,5. Skilled trades occupations,116,104,12
S01006975,6. Caring leisure and other service occupations,51,11,40
S01006975,7. Sales and customer service occupations,25,8,17
S01006975,8. Process plant and machine operatives,45,42,3
S01006975,9. Elementary occupations,47,29,18
S01006976,All people aged 16 to 74 in employment,276,156,120
S01006976,1. Managers directors and senior officials,38,29,9
S01006976,2. Professional occupations,51,23,28
S01006976,3. Associate professional and technical occupations,34,22,12
S01006976,4. Administrative and secretarial occupations,29,5,24
S01006976,5. Skilled trades occupations,48,43,5
S01006976,6. Caring leisure and other service occupations,18,3,15
S01006976,7. Sales and customer service occupations,19,9,10
S01006976,8. Process plant and machine operatives,16,16,0
S01006976,9. Elementary occupations,23,6,17
S01006977,All people aged 16 to 74 in employment,484,266,218
S01006977,1. Managers directors and senior officials,53,39,14
S01006977,2. Professional occupations,79,40,39
S01006977,3. Associate professional and technical occupations,64,34,30
S01006977,4. Administrative and secretarial occupations,45,4,41
S01006977,5. Skilled trades occupations,92,86,6
S01006977,6. Caring leisure and other service occupations,39,1,38
S01006977,7. Sales and customer service occupations,32,8,24
S01006977,8. Process plant and machine operatives,33,28,5
S01006977,9. Elementary occupations,47,26,21
S01006978,All people aged 16 to 74 in employment,471,272,199
S01006978,1. Managers directors and senior officials,49,28,21
S01006978,2. Professional occupations,89,48,41
S01006978,3. Associate professional and technical occupations,58,38,20
S01006978,4. Administrative and secretarial occupations,47,6,41
S01006978,5. Skilled trades occupations,90,80,10
S01006978,6. Caring leisure and other service occupations,29,4,25
S01006978,7. Sales and customer service occupations,28,9,19
S01006978,8. Process plant and machine operatives,40,33,7
S01006978,9. Elementary occupations,41,26,15
S01006979,All people aged 16 to 74 in employment,439,240,199
S01006979,1. Managers directors and senior officials,48,29,19
S01006979,2. Professional occupations,89,44,45
S01006979,3. Associate professional and technical occupations,52,26,26
S01006979,4. Administrative and secretarial occupations,40,8,32
S01006979,5. Skilled trades occupations,88,80,8
S01006979,6. Caring leisure and other service occupations,31,4,27
S01006979,7. Sales and customer service occupations,25,4,21
S01006979,8. Process plant and machine operatives,30,26,4
S01006979,9. Elementary occupations,36,19,17
S01006980,All people aged 16 to 74 in employment,483,267,216
S01006980,1. Managers directors and senior officials,52,37,15
S01006980,2. Professional occupations,92,44,48
S01006980,3. Associate professional and technical occupations,60,41,19
S01006980,4. Administrative and secretarial occupations,60,6,54
S01006980,5. Skilled trades occupations,82,72,10
S01006980,6. Caring leisure and other service occupations,41,9,32
S01006980,7. Sales and customer service occupations,26,7,19
S01006980,8. Process plant and machine operatives,36,32,4
S01006980,9. Elementary occupations,34,19,15
S01006981,All people aged 16 to 74 in employment,487,266,221
S01006981,1. Managers directors and senior officials,58,40,18
S01006981,2. Professional occupations,93,42,51
S01006981,3. Associate professional and technical occupations,64,32,32
S01006981,4. Administrative and secretarial occupations,49,11,38
S01006981,5. Skilled trades occupations,74,69,5
S01006981,6. Caring leisure and other service occupations,30,1,29
S01006981,7. Sales and customer service occupations,23,6,17
S01006981,8. Process plant and machine operatives,40,37,3
S01006981,9. Elementary occupations,56,28,28
S01006982,All people aged 16 to 74 in employment,509,268,241
S01006982,1. Managers directors and senior officials,45,32,13
S01006982,2. Professional occupations,86,31,55
S01006982,3. Associate professional and technical occupations,76,47,29
S01006982,4. Administrative and secretarial occupations,66,4,62
S01006982,5. Skilled trades occupations,74,71,3
S01006982,6. Caring leisure and other service occupations,34,5,29
S01006982,7. Sales and customer service occupations,35,7,28
S01006982,8. Process plant and machine operatives,56,51,5
S01006982,9. Elementary occupations,37,20,17
S01006983,All people aged 16 to 74 in employment,426,238,188
S01006983,1. Managers directors and senior officials,46,33,13
S01006983,2. Professional occupations,71,36,35
S01006983,3. Associate professional and technical occupations,70,45,25
S01006983,4. Administrative and secretarial occupations,51,13,38
S01006983,5. Skilled trades occupations,74,63,11
S01006983,6. Caring leisure and other service occupations,33,2,31
S01006983,7. Sales and customer service occupations,21,4,17
S01006983,8. Process plant and machine operatives,31,28,3
S01006983,9. Elementary occupations,29,14,15
S01006984,All people aged 16 to 74 in employment,425,239,186
S01006984,1. Managers directors and senior officials,39,24,15
S01006984,2. Professional occupations,106,55,51
S01006984,3. Associate professional and technical occupations,72,41,31
S01006984,4. Administrative and secretarial occupations,45,10,35
S01006984,5. Skilled trades occupations,72,64,8
S01006984,6. Caring leisure and other service occupations,29,3,26
S01006984,7. Sales and customer service occupations,16,8,8
S01006984,8. Process plant and machine operatives,23,21,2
S01006984,9. Elementary occupations,23,13,10
S01006985,All people aged 16 to 74 in employment,555,309,246
S01006985,1. Managers directors and senior officials,48,35,13
S01006985,2. Professional occupations,93,44,49
S01006985,3. Associate professional and technical occupations,64,46,18
S01006985,4. Administrative and secretarial occupations,62,8,54
S01006985,5. Skilled trades occupations,97,91,6
S01006985,6. Caring leisure and other service occupations,55,5,50
S01006985,7. Sales and customer service occupations,32,11,21
S01006985,8. Process plant and machine operatives,50,44,6
S01006985,9. Elementary occupations,54,25,29
S01006986,All people aged 16 to 74 in employment,364,196,168
S01006986,1. Managers directors and senior officials,25,18,7
S01006986,2. Professional occupations,79,38,41
S01006986,3. Associate professional and technical occupations,49,33,16
S01006986,4. Administrative and secretarial occupations,47,8,39
S01006986,5. Skilled trades occupations,57,54,3
S01006986,6. Caring leisure and other service occupations,30,1,29
S01006986,7. Sales and customer service occupations,22,4,18
S01006986,8. Process plant and machine operatives,27,25,2
S01006986,9. Elementary occupations,28,15,13
S01006987,All people aged 16 to 74 in employment,333,180,153
S01006987,1. Managers directors and senior officials,31,18,13
S01006987,2. Professional occupations,69,34,35
S01006987,3. Associate professional and technical occupations,50,35,15
S01006987,4. Administrative and secretarial occupations,36,3,33
S01006987,5. Skilled trades occupations,41,37,4
S01006987,6. Caring leisure and other service occupations,25,1,24
S01006987,7. Sales and customer service occupations,25,14,11
S01006987,8. Process plant and machine operatives,17,17,0
S01006987,9. Elementary occupations,39,21,18
S01006988,All people aged 16 to 74 in employment,345,181,164
S01006988,1. Managers directors and senior officials,34,21,13
S01006988,2. Professional occupations,73,31,42
S01006988,3. Associate professional and technical occupations,47,26,21
S01006988,4. Administrative and secretarial occupations,35,6,29
S01006988,5. Skilled trades occupations,61,59,2
S01006988,6. Caring leisure and other service occupations,27,3,24
S01006988,7. Sales and customer service occupations,18,1,17
S01006988,8. Process plant and machine operatives,18,17,1
S01006988,9. Elementary occupations,32,17,15
S01006989,All people aged 16 to 74 in employment,588,327,261
S01006989,1. Managers directors and senior officials,73,56,17
S01006989,2. Professional occupations,131,67,64
S01006989,3. Associate professional and technical occupations,82,48,34
S01006989,4. Administrative and secretarial occupations,62,10,52
S01006989,5. Skilled trades occupations,91,80,11
S01006989,6. Caring leisure and other service occupations,38,3,35
S01006989,7. Sales and customer service occupations,39,12,27
S01006989,8. Process plant and machine operatives,39,33,6
S01006989,9. Elementary occupations,33,18,15
S01006990,All people aged 16 to 74 in employment,519,276,243
S01006990,1. Managers directors and senior officials,69,50,19
S01006990,2. Professional occupations,126,62,64
S01006990,3. Associate professional and technical occupations,81,45,36
S01006990,4. Administrative and secretarial occupations,76,14,62
S01006990,5. Skilled trades occupations,74,64,10
S01006990,6. Caring leisure and other service occupations,28,1,27
S01006990,7. Sales and customer service occupations,21,7,14
S01006990,8. Process plant and machine operatives,26,26,0
S01006990,9. Elementary occupations,18,7,11
S01006991,All people aged 16 to 74 in employment,206,111,95
S01006991,1. Managers directors and senior officials,12,6,6
S01006991,2. Professional occupations,27,15,12
S01006991,3. Associate professional and technical occupations,21,13,8
S01006991,4. Administrative and secretarial occupations,18,3,15
S01006991,5. Skilled trades occupations,43,35,8
S01006991,6. Caring leisure and other service occupations,21,2,19
S01006991,7. Sales and customer service occupations,15,4,11
S01006991,8. Process plant and machine operatives,19,18,1
S01006991,9. Elementary occupations,30,15,15
S01006992,All people aged 16 to 74 in employment,356,208,148
S01006992,1. Managers directors and senior officials,37,26,11
S01006992,2. Professional occupations,79,36,43
S01006992,3. Associate professional and technical occupations,46,33,13
S01006992,4. Administrative and secretarial occupations,36,5,31
S01006992,5. Skilled trades occupations,65,59,6
S01006992,6. Caring leisure and other service occupations,18,2,16
S01006992,7. Sales and customer service occupations,18,7,11
S01006992,8. Process plant and machine operatives,23,20,3
S01006992,9. Elementary occupations,34,20,14
S01006993,All people aged 16 to 74 in employment,313,177,136
S01006993,1. Managers directors and senior officials,17,12,5
S01006993,2. Professional occupations,33,13,20
S01006993,3. Associate professional and technical occupations,55,36,19
S01006993,4. Administrative and secretarial occupations,32,4,28
S01006993,5. Skilled trades occupations,85,72,13
S01006993,6. Caring leisure and other service occupations,25,4,21
S01006993,7. Sales and customer service occupations,11,4,7
S01006993,8. Process plant and machine operatives,20,15,5
S01006993,9. Elementary occupations,35,17,18
S01006994,All people aged 16 to 74 in employment,349,204,145
S01006994,1. Managers directors and senior officials,19,14,5
S01006994,2. Professional occupations,64,34,30
S01006994,3. Associate professional and technical occupations,55,37,18
S01006994,4. Administrative and secretarial occupations,39,4,35
S01006994,5. Skilled trades occupations,62,56,6
S01006994,6. Caring leisure and other service occupations,15,4,11
S01006994,7. Sales and customer service occupations,20,4,16
S01006994,8. Process plant and machine operatives,29,26,3
S01006994,9. Elementary occupations,46,25,21
S01006995,All people aged 16 to 74 in employment,504,281,223
S01006995,1. Managers directors and senior officials,49,34,15
S01006995,2. Professional occupations,83,42,41
S01006995,3. Associate professional and technical occupations,60,38,22
S01006995,4. Administrative and secretarial occupations,52,5,47
S01006995,5. Skilled trades occupations,108,90,18
S01006995,6. Caring leisure and other service occupations,33,6,27
S01006995,7. Sales and customer service occupations,26,6,20
S01006995,8. Process plant and machine operatives,42,34,8
S01006995,9. Elementary occupations,51,26,25
S01006996,All people aged 16 to 74 in employment,427,229,198
S01006996,1. Managers directors and senior officials,41,28,13
S01006996,2. Professional occupations,44,22,22
S01006996,3. Associate professional and technical occupations,52,28,24
S01006996,4. Administrative and secretarial occupations,51,1,50
S01006996,5. Skilled trades occupations,91,82,9
S01006996,6. Caring leisure and other service occupations,33,2,31
S01006996,7. Sales and customer service occupations,24,11,13
S01006996,8. Process plant and machine operatives,40,34,6
S01006996,9. Elementary occupations,51,21,30
S01006997,All people aged 16 to 74 in employment,466,249,217
S01006997,1. Managers directors and senior officials,59,43,16
S01006997,2. Professional occupations,94,46,48
S01006997,3. Associate professional and technical occupations,77,49,28
S01006997,4. Administrative and secretarial occupations,51,5,46
S01006997,5. Skilled trades occupations,66,56,10
S01006997,6. Caring leisure and other service occupations,34,2,32
S01006997,7. Sales and customer service occupations,21,6,15
S01006997,8. Process plant and machine operatives,33,28,5
S01006997,9. Elementary occupations,31,14,17
S01006998,All people aged 16 to 74 in employment,643,347,296
S01006998,1. Managers directors and senior officials,58,37,21
S01006998,2. Professional occupations,128,54,74
S01006998,3. Associate professional and technical occupations,96,60,36
S01006998,4. Administrative and secretarial occupations,70,9,61
S01006998,5. Skilled trades occupations,131,121,10
S01006998,6. Caring leisure and other service occupations,43,5,38
S01006998,7. Sales and customer service occupations,29,8,21
S01006998,8. Process plant and machine operatives,36,30,6
S01006998,9. Elementary occupations,52,23,29
S01006999,All people aged 16 to 74 in employment,508,291,217
S01006999,1. Managers directors and senior officials,34,20,14
S01006999,2. Professional occupations,65,27,38
S01006999,3. Associate professional and technical occupations,53,25,28
S01006999,4. Administrative and secretarial occupations,47,4,43
S01006999,5. Skilled trades occupations,156,137,19
S01006999,6. Caring leisure and other service occupations,33,6,27
S01006999,7. Sales and customer service occupations,19,5,14
S01006999,8. Process plant and machine operatives,39,37,2
S01006999,9. Elementary occupations,62,30,32
S01007000,All people aged 16 to 74 in employment,505,274,231
S01007000,1. Managers directors and senior officials,50,35,15
S01007000,2. Professional occupations,90,43,47
S01007000,3. Associate professional and technical occupations,61,37,24
S01007000,4. Administrative and secretarial occupations,45,9,36
S01007000,5. Skilled trades occupations,96,85,11
S01007000,6. Caring leisure and other service occupations,51,0,51
S01007000,7. Sales and customer service occupations,29,9,20
S01007000,8. Process plant and machine operatives,39,34,5
S01007000,9. Elementary occupations,44,22,22
S01007001,All people aged 16 to 74 in employment,465,234,231
S01007001,1. Managers directors and senior officials,53,31,22
S01007001,2. Professional occupations,84,35,49
S01007001,3. Associate professional and technical occupations,62,39,23
S01007001,4. Administrative and secretarial occupations,50,6,44
S01007001,5. Skilled trades occupations,74,65,9
S01007001,6. Caring leisure and other service occupations,38,2,36
S01007001,7. Sales and customer service occupations,28,4,24
S01007001,8. Process plant and machine operatives,29,28,1
S01007001,9. Elementary occupations,47,24,23
S01007002,All people aged 16 to 74 in employment,302,160,142
S01007002,1. Managers directors and senior officials,27,21,6
S01007002,2. Professional occupations,53,18,35
S01007002,3. Associate professional and technical occupations,30,22,8
S01007002,4. Administrative and secretarial occupations,32,2,30
S01007002,5. Skilled trades occupations,59,53,6
S01007002,6. Caring leisure and other service occupations,28,2,26
S01007002,7. Sales and customer service occupations,11,1,10
S01007002,8. Process plant and machine operatives,24,23,1
S01007002,9. Elementary occupations,38,18,20
S01007003,All people aged 16 to 74 in employment,301,177,124
S01007003,1. Managers directors and senior officials,20,14,6
S01007003,2. Professional occupations,46,19,27
S01007003,3. Associate professional and technical occupations,24,17,7
S01007003,4. Administrative and secretarial occupations,25,4,21
S01007003,5. Skilled trades occupations,79,73,6
S01007003,6. Caring leisure and other service occupations,22,1,21
S01007003,7. Sales and customer service occupations,16,3,13
S01007003,8. Process plant and machine operatives,21,20,1
S01007003,9. Elementary occupations,48,26,22
S01007004,All people aged 16 to 74 in employment,411,228,183
S01007004,1. Managers directors and senior officials,23,17,6
S01007004,2. Professional occupations,79,34,45
S01007004,3. Associate professional and technical occupations,41,22,19
S01007004,4. Administrative and secretarial occupations,37,3,34
S01007004,5. Skilled trades occupations,107,97,10
S01007004,6. Caring leisure and other service occupations,37,4,33
S01007004,7. Sales and customer service occupations,19,5,14
S01007004,8. Process plant and machine operatives,31,28,3
S01007004,9. Elementary occupations,37,18,19
S01007005,All people aged 16 to 74 in employment,517,294,223
S01007005,1. Managers directors and senior officials,44,29,15
S01007005,2. Professional occupations,119,49,70
S01007005,3. Associate professional and technical occupations,60,38,22
S01007005,4. Administrative and secretarial occupations,48,6,42
S01007005,5. Skilled trades occupations,107,97,10
S01007005,6. Caring leisure and other service occupations,35,5,30
S01007005,7. Sales and customer service occupations,21,8,13
S01007005,8. Process plant and machine operatives,42,36,6
S01007005,9. Elementary occupations,41,26,15
S01007006,All people aged 16 to 74 in employment,453,263,190
S01007006,1. Managers directors and senior officials,36,24,12
S01007006,2. Professional occupations,58,29,29
S01007006,3. Associate professional and technical occupations,41,17,24
S01007006,4. Administrative and secretarial occupations,35,7,28
S01007006,5. Skilled trades occupations,113,98,15
S01007006,6. Caring leisure and other service occupations,45,3,42
S01007006,7. Sales and customer service occupations,30,9,21
S01007006,8. Process plant and machine operatives,48,45,3
S01007006,9. Elementary occupations,47,31,16
S01007007,All people aged 16 to 74 in employment,448,261,187
S01007007,1. Managers directors and senior officials,46,21,25
S01007007,2. Professional occupations,55,24,31
S01007007,3. Associate professional and technical occupations,43,27,16
S01007007,4. Administrative and secretarial occupations,33,1,32
S01007007,5. Skilled trades occupations,143,123,20
S01007007,6. Caring leisure and other service occupations,22,3,19
S01007007,7. Sales and customer service occupations,24,7,17
S01007007,8. Process plant and machine operatives,40,36,4
S01007007,9. Elementary occupations,42,19,23
S01007008,All people aged 16 to 74 in employment,506,262,244
S01007008,1. Managers directors and senior officials,29,20,9
S01007008,2. Professional occupations,56,22,34
S01007008,3. Associate professional and technical occupations,43,27,16
S01007008,4. Administrative and secretarial occupations,44,2,42
S01007008,5. Skilled trades occupations,105,99,6
S01007008,6. Caring leisure and other service occupations,67,6,61
S01007008,7. Sales and customer service occupations,35,5,30
S01007008,8. Process plant and machine operatives,56,49,7
S01007008,9. Elementary occupations,71,32,39
S01007009,All people aged 16 to 74 in employment,517,263,254
S01007009,1. Managers directors and senior officials,35,18,17
S01007009,2. Professional occupations,68,29,39
S01007009,3. Associate professional and technical occupations,59,33,26
S01007009,4. Administrative and secretarial occupations,50,8,42
S01007009,5. Skilled trades occupations,90,83,7
S01007009,6. Caring leisure and other service occupations,52,7,45
S01007009,7. Sales and customer service occupations,48,14,34
S01007009,8. Process plant and machine operatives,46,38,8
S01007009,9. Elementary occupations,69,33,36
S01007010,All people aged 16 to 74 in employment,355,179,176
S01007010,1. Managers directors and senior officials,34,26,8
S01007010,2. Professional occupations,58,22,36
S01007010,3. Associate professional and technical occupations,28,14,14
S01007010,4. Administrative and secretarial occupations,42,5,37
S01007010,5. Skilled trades occupations,58,54,4
S01007010,6. Caring leisure and other service occupations,42,5,37
S01007010,7. Sales and customer service occupations,21,2,19
S01007010,8. Process plant and machine operatives,34,29,5
S01007010,9. Elementary occupations,38,22,16
S01007011,All people aged 16 to 74 in employment,405,215,190
S01007011,1. Managers directors and senior officials,31,18,13
S01007011,2. Professional occupations,33,11,22
S01007011,3. Associate professional and technical occupations,26,20,6
S01007011,4. Administrative and secretarial occupations,35,6,29
S01007011,5. Skilled trades occupations,86,78,8
S01007011,6. Caring leisure and other service occupations,51,6,45
S01007011,7. Sales and customer service occupations,36,12,24
S01007011,8. Process plant and machine operatives,52,44,8
S01007011,9. Elementary occupations,55,20,35
S01007012,All people aged 16 to 74 in employment,302,147,155
S01007012,1. Managers directors and senior officials,11,7,4
S01007012,2. Professional occupations,14,6,8
S01007012,3. Associate professional and technical occupations,14,7,7
S01007012,4. Administrative and secretarial occupations,26,1,25
S01007012,5. Skilled trades occupations,57,51,6
S01007012,6. Caring leisure and other service occupations,42,3,39
S01007012,7. Sales and customer service occupations,33,5,28
S01007012,8. Process plant and machine operatives,47,41,6
S01007012,9. Elementary occupations,58,26,32
S01007013,All people aged 16 to 74 in employment,316,183,133
S01007013,1. Managers directors and senior officials,33,23,10
S01007013,2. Professional occupations,47,20,27
S01007013,3. Associate professional and technical occupations,29,16,13
S01007013,4. Administrative and secretarial occupations,33,3,30
S01007013,5. Skilled trades occupations,74,71,3
S01007013,6. Caring leisure and other service occupations,26,3,23
S01007013,7. Sales and customer service occupations,12,3,9
S01007013,8. Process plant and machine operatives,30,24,6
S01007013,9. Elementary occupations,32,20,12
S01007014,All people aged 16 to 74 in employment,578,327,251
S01007014,1. Managers directors and senior officials,63,45,18
S01007014,2. Professional occupations,83,33,50
S01007014,3. Associate professional and technical occupations,62,41,21
S01007014,4. Administrative and secretarial occupations,61,9,52
S01007014,5. Skilled trades occupations,128,113,15
S01007014,6. Caring leisure and other service occupations,47,7,40
S01007014,7. Sales and customer service occupations,38,8,30
S01007014,8. Process plant and machine operatives,47,42,5
S01007014,9. Elementary occupations,49,29,20
S01007015,All people aged 16 to 74 in employment,355,196,159
S01007015,1. Managers directors and senior officials,41,23,18
S01007015,2. Professional occupations,35,12,23
S01007015,3. Associate professional and technical occupations,32,18,14
S01007015,4. Administrative and secretarial occupations,35,4,31
S01007015,5. Skilled trades occupations,93,83,10
S01007015,6. Caring leisure and other service occupations,28,3,25
S01007015,7. Sales and customer service occupations,17,2,15
S01007015,8. Process plant and machine operatives,40,35,5
S01007015,9. Elementary occupations,34,16,18
S01007016,All people aged 16 to 74 in employment,350,209,141
S01007016,1. Managers directors and senior officials,38,29,9
S01007016,2. Professional occupations,45,23,22
S01007016,3. Associate professional and technical occupations,37,23,14
S01007016,4. Administrative and secretarial occupations,28,4,24
S01007016,5. Skilled trades occupations,76,71,5
S01007016,6. Caring leisure and other service occupations,31,2,29
S01007016,7. Sales and customer service occupations,10,2,8
S01007016,8. Process plant and machine operatives,39,33,6
S01007016,9. Elementary occupations,46,22,24
S01007017,All people aged 16 to 74 in employment,494,266,228
S01007017,1. Managers directors and senior officials,20,15,5
S01007017,2. Professional occupations,43,20,23
S01007017,3. Associate professional and technical occupations,37,16,21
S01007017,4. Administrative and secretarial occupations,45,6,39
S01007017,5. Skilled trades occupations,107,101,6
S01007017,6. Caring leisure and other service occupations,55,4,51
S01007017,7. Sales and customer service occupations,30,4,26
S01007017,8. Process plant and machine operatives,68,57,11
S01007017,9. Elementary occupations,89,43,46
S01007018,All people aged 16 to 74 in employment,478,253,225
S01007018,1. Managers directors and senior officials,34,22,12
S01007018,2. Professional occupations,46,19,27
S01007018,3. Associate professional and technical occupations,47,34,13
S01007018,4. Administrative and secretarial occupations,63,6,57
S01007018,5. Skilled trades occupations,73,69,4
S01007018,6. Caring leisure and other service occupations,63,9,54
S01007018,7. Sales and customer service occupations,30,9,21
S01007018,8. Process plant and machine operatives,55,48,7
S01007018,9. Elementary occupations,67,37,30
S01007019,All people aged 16 to 74 in employment,332,186,146
S01007019,1. Managers directors and senior officials,16,6,10
S01007019,2. Professional occupations,35,13,22
S01007019,3. Associate professional and technical occupations,20,12,8
S01007019,4. Administrative and secretarial occupations,32,9,23
S01007019,5. Skilled trades occupations,70,67,3
S01007019,6. Caring leisure and other service occupations,22,1,21
S01007019,7. Sales and customer service occupations,29,7,22
S01007019,8. Process plant and machine operatives,43,39,4
S01007019,9. Elementary occupations,65,32,33
S01007020,All people aged 16 to 74 in employment,385,211,174
S01007020,1. Managers directors and senior officials,36,27,9
S01007020,2. Professional occupations,50,20,30
S01007020,3. Associate professional and technical occupations,25,13,12
S01007020,4. Administrative and secretarial occupations,33,3,30
S01007020,5. Skilled trades occupations,77,68,9
S01007020,6. Caring leisure and other service occupations,27,2,25
S01007020,7. Sales and customer service occupations,32,4,28
S01007020,8. Process plant and machine operatives,56,50,6
S01007020,9. Elementary occupations,49,24,25
S01007021,All people aged 16 to 74 in employment,438,228,210
S01007021,1. Managers directors and senior officials,23,15,8
S01007021,2. Professional occupations,46,17,29
S01007021,3. Associate professional and technical occupations,28,18,10
S01007021,4. Administrative and secretarial occupations,52,8,44
S01007021,5. Skilled trades occupations,81,76,5
S01007021,6. Caring leisure and other service occupations,51,6,45
S01007021,7. Sales and customer service occupations,31,9,22
S01007021,8. Process plant and machine operatives,65,52,13
S01007021,9. Elementary occupations,61,27,34
S01007022,All people aged 16 to 74 in employment,217,111,106
S01007022,1. Managers directors and senior officials,20,13,7
S01007022,2. Professional occupations,17,5,12
S01007022,3. Associate professional and technical occupations,24,15,9
S01007022,4. Administrative and secretarial occupations,20,3,17
S01007022,5. Skilled trades occupations,40,37,3
S01007022,6. Caring leisure and other service occupations,28,3,25
S01007022,7. Sales and customer service occupations,17,3,14
S01007022,8. Process plant and machine operatives,18,17,1
S01007022,9. Elementary occupations,33,15,18
S01007023,All people aged 16 to 74 in employment,231,126,105
S01007023,1. Managers directors and senior officials,24,10,14
S01007023,2. Professional occupations,19,6,13
S01007023,3. Associate professional and technical occupations,23,11,12
S01007023,4. Administrative and secretarial occupations,16,0,16
S01007023,5. Skilled trades occupations,60,55,5
S01007023,6. Caring leisure and other service occupations,24,2,22
S01007023,7. Sales and customer service occupations,11,1,10
S01007023,8. Process plant and machine operatives,29,26,3
S01007023,9. Elementary occupations,25,15,10
S01007024,All people aged 16 to 74 in employment,519,275,244
S01007024,1. Managers directors and senior officials,38,23,15
S01007024,2. Professional occupations,64,22,42
S01007024,3. Associate professional and technical occupations,47,29,18
S01007024,4. Administrative and secretarial occupations,54,7,47
S01007024,5. Skilled trades occupations,119,104,15
S01007024,6. Caring leisure and other service occupations,60,5,55
S01007024,7. Sales and customer service occupations,22,9,13
S01007024,8. Process plant and machine operatives,45,41,4
S01007024,9. Elementary occupations,70,35,35
S01007025,All people aged 16 to 74 in employment,401,209,192
S01007025,1. Managers directors and senior officials,19,11,8
S01007025,2. Professional occupations,29,11,18
S01007025,3. Associate professional and technical occupations,37,18,19
S01007025,4. Administrative and secretarial occupations,26,4,22
S01007025,5. Skilled trades occupations,70,64,6
S01007025,6. Caring leisure and other service occupations,62,5,57
S01007025,7. Sales and customer service occupations,32,6,26
S01007025,8. Process plant and machine operatives,58,57,1
S01007025,9. Elementary occupations,68,33,35
S01007026,All people aged 16 to 74 in employment,386,216,170
S01007026,1. Managers directors and senior officials,33,13,20
S01007026,2. Professional occupations,45,15,30
S01007026,3. Associate professional and technical occupations,33,23,10
S01007026,4. Administrative and secretarial occupations,29,3,26
S01007026,5. Skilled trades occupations,81,76,5
S01007026,6. Caring leisure and other service occupations,34,3,31
S01007026,7. Sales and customer service occupations,24,5,19
S01007026,8. Process plant and machine operatives,55,51,4
S01007026,9. Elementary occupations,52,27,25
S01007027,All people aged 16 to 74 in employment,499,271,228
S01007027,1. Managers directors and senior officials,39,24,15
S01007027,2. Professional occupations,59,24,35
S01007027,3. Associate professional and technical occupations,58,40,18
S01007027,4. Administrative and secretarial occupations,34,4,30
S01007027,5. Skilled trades occupations,104,97,7
S01007027,6. Caring leisure and other service occupations,72,11,61
S01007027,7. Sales and customer service occupations,33,5,28
S01007027,8. Process plant and machine operatives,50,44,6
S01007027,9. Elementary occupations,50,22,28
S01007028,All people aged 16 to 74 in employment,386,218,168
S01007028,1. Managers directors and senior officials,34,23,11
S01007028,2. Professional occupations,59,24,35
S01007028,3. Associate professional and technical occupations,27,18,9
S01007028,4. Administrative and secretarial occupations,39,6,33
S01007028,5. Skilled trades occupations,89,73,16
S01007028,6. Caring leisure and other service occupations,41,8,33
S01007028,7. Sales and customer service occupations,23,8,15
S01007028,8. Process plant and machine operatives,33,30,3
S01007028,9. Elementary occupations,41,28,13
S01007029,All people aged 16 to 74 in employment,291,166,125
S01007029,1. Managers directors and senior officials,15,11,4
S01007029,2. Professional occupations,33,12,21
S01007029,3. Associate professional and technical occupations,21,11,10
S01007029,4. Administrative and secretarial occupations,21,1,20
S01007029,5. Skilled trades occupations,102,85,17
S01007029,6. Caring leisure and other service occupations,20,4,16
S01007029,7. Sales and customer service occupations,17,5,12
S01007029,8. Process plant and machine operatives,18,15,3
S01007029,9. Elementary occupations,44,22,22
S01007030,All people aged 16 to 74 in employment,395,220,175
S01007030,1. Managers directors and senior officials,32,20,12
S01007030,2. Professional occupations,31,14,17
S01007030,3. Associate professional and technical occupations,23,12,11
S01007030,4. Administrative and secretarial occupations,24,3,21
S01007030,5. Skilled trades occupations,85,78,7
S01007030,6. Caring leisure and other service occupations,52,5,47
S01007030,7. Sales and customer service occupations,29,6,23
S01007030,8. Process plant and machine operatives,57,49,8
S01007030,9. Elementary occupations,62,33,29
S01007031,All people aged 16 to 74 in employment,295,170,125
S01007031,1. Managers directors and senior officials,17,9,8
S01007031,2. Professional occupations,33,13,20
S01007031,3. Associate professional and technical occupations,28,16,12
S01007031,4. Administrative and secretarial occupations,17,6,11
S01007031,5. Skilled trades occupations,75,63,12
S01007031,6. Caring leisure and other service occupations,30,5,25
S01007031,7. Sales and customer service occupations,26,9,17
S01007031,8. Process plant and machine operatives,34,28,6
S01007031,9. Elementary occupations,35,21,14
S01007032,All people aged 16 to 74 in employment,437,244,193
S01007032,1. Managers directors and senior officials,35,21,14
S01007032,2. Professional occupations,57,21,36
S01007032,3. Associate professional and technical occupations,52,29,23
S01007032,4. Administrative and secretarial occupations,32,5,27
S01007032,5. Skilled trades occupations,78,76,2
S01007032,6. Caring leisure and other service occupations,65,17,48
S01007032,7. Sales and customer service occupations,27,7,20
S01007032,8. Process plant and machine operatives,41,38,3
S01007032,9. Elementary occupations,50,30,20
S01007033,All people aged 16 to 74 in employment,356,190,166
S01007033,1. Managers directors and senior officials,15,12,3
S01007033,2. Professional occupations,23,11,12
S01007033,3. Associate professional and technical occupations,31,20,11
S01007033,4. Administrative and secretarial occupations,29,1,28
S01007033,5. Skilled trades occupations,75,69,6
S01007033,6. Caring leisure and other service occupations,70,9,61
S01007033,7. Sales and customer service occupations,24,5,19
S01007033,8. Process plant and machine operatives,44,41,3
S01007033,9. Elementary occupations,45,22,23
S01007034,All people aged 16 to 74 in employment,302,163,139
S01007034,1. Managers directors and senior officials,17,7,10
S01007034,2. Professional occupations,35,16,19
S01007034,3. Associate professional and technical occupations,44,32,12
S01007034,4. Administrative and secretarial occupations,20,4,16
S01007034,5. Skilled trades occupations,43,41,2
S01007034,6. Caring leisure and other service occupations,54,11,43
S01007034,7. Sales and customer service occupations,24,5,19
S01007034,8. Process plant and machine operatives,28,24,4
S01007034,9. Elementary occupations,37,23,14
S01007035,All people aged 16 to 74 in employment,347,168,179
S01007035,1. Managers directors and senior officials,21,12,9
S01007035,2. Professional occupations,13,5,8
S01007035,3. Associate professional and technical occupations,20,8,12
S01007035,4. Administrative and secretarial occupations,10,2,8
S01007035,5. Skilled trades occupations,67,61,6
S01007035,6. Caring leisure and other service occupations,77,11,66
S01007035,7. Sales and customer service occupations,27,4,23
S01007035,8. Process plant and machine operatives,35,31,4
S01007035,9. Elementary occupations,77,34,43
S01007036,All people aged 16 to 74 in employment,433,232,201
S01007036,1. Managers directors and senior officials,47,30,17
S01007036,2. Professional occupations,67,29,38
S01007036,3. Associate professional and technical occupations,44,28,16
S01007036,4. Administrative and secretarial occupations,29,4,25
S01007036,5. Skilled trades occupations,80,73,7
S01007036,6. Caring leisure and other service occupations,55,6,49
S01007036,7. Sales and customer service occupations,24,4,20
S01007036,8. Process plant and machine operatives,39,39,0
S01007036,9. Elementary occupations,48,19,29
S01007037,All people aged 16 to 74 in employment,504,251,253
S01007037,1. Managers directors and senior officials,22,7,15
S01007037,2. Professional occupations,28,2,26
S01007037,3. Associate professional and technical occupations,41,28,13
S01007037,4. Administrative and secretarial occupations,40,4,36
S01007037,5. Skilled trades occupations,112,103,9
S01007037,6. Caring leisure and other service occupations,68,6,62
S01007037,7. Sales and customer service occupations,45,10,35
S01007037,8. Process plant and machine operatives,64,56,8
S01007037,9. Elementary occupations,84,35,49
S01007038,All people aged 16 to 74 in employment,392,219,173
S01007038,1. Managers directors and senior officials,28,17,11
S01007038,2. Professional occupations,35,9,26
S01007038,3. Associate professional and technical occupations,31,23,8
S01007038,4. Administrative and secretarial occupations,35,5,30
S01007038,5. Skilled trades occupations,90,81,9
S01007038,6. Caring leisure and other service occupations,49,10,39
S01007038,7. Sales and customer service occupations,27,6,21
S01007038,8. Process plant and machine operatives,52,45,7
S01007038,9. Elementary occupations,45,23,22
S01007039,All people aged 16 to 74 in employment,402,215,187
S01007039,1. Managers directors and senior officials,22,15,7
S01007039,2. Professional occupations,33,13,20
S01007039,3. Associate professional and technical occupations,40,24,16
S01007039,4. Administrative and secretarial occupations,40,5,35
S01007039,5. Skilled trades occupations,89,81,8
S01007039,6. Caring leisure and other service occupations,59,3,56
S01007039,7. Sales and customer service occupations,18,4,14
S01007039,8. Process plant and machine operatives,45,41,4
S01007039,9. Elementary occupations,56,29,27
S01007040,All people aged 16 to 74 in employment,299,151,148
S01007040,1. Managers directors and senior officials,14,6,8
S01007040,2. Professional occupations,23,11,12
S01007040,3. Associate professional and technical occupations,14,7,7
S01007040,4. Administrative and secretarial occupations,22,0,22
S01007040,5. Skilled trades occupations,62,57,5
S01007040,6. Caring leisure and other service occupations,62,13,49
S01007040,7. Sales and customer service occupations,25,2,23
S01007040,8. Process plant and machine operatives,37,32,5
S01007040,9. Elementary occupations,40,23,17
S01007041,All people aged 16 to 74 in employment,370,210,160
S01007041,1. Managers directors and senior officials,23,12,11
S01007041,2. Professional occupations,33,17,16
S01007041,3. Associate professional and technical occupations,37,25,12
S01007041,4. Administrative and secretarial occupations,33,6,27
S01007041,5. Skilled trades occupations,79,77,2
S01007041,6. Caring leisure and other service occupations,51,9,42
S01007041,7. Sales and customer service occupations,26,6,20
S01007041,8. Process plant and machine operatives,36,32,4
S01007041,9. Elementary occupations,52,26,26
S01007042,All people aged 16 to 74 in employment,344,196,148
S01007042,1. Managers directors and senior officials,23,16,7
S01007042,2. Professional occupations,36,17,19
S01007042,3. Associate professional and technical occupations,24,13,11
S01007042,4. Administrative and secretarial occupations,32,6,26
S01007042,5. Skilled trades occupations,82,76,6
S01007042,6. Caring leisure and other service occupations,35,3,32
S01007042,7. Sales and customer service occupations,26,9,17
S01007042,8. Process plant and machine operatives,52,41,11
S01007042,9. Elementary occupations,34,15,19
S01007043,All people aged 16 to 74 in employment,580,333,247
S01007043,1. Managers directors and senior officials,43,24,19
S01007043,2. Professional occupations,90,37,53
S01007043,3. Associate professional and technical occupations,60,36,24
S01007043,4. Administrative and secretarial occupations,45,3,42
S01007043,5. Skilled trades occupations,149,134,15
S01007043,6. Caring leisure and other service occupations,47,5,42
S01007043,7. Sales and customer service occupations,28,7,21
S01007043,8. Process plant and machine operatives,47,41,6
S01007043,9. Elementary occupations,71,46,25
S01007044,All people aged 16 to 74 in employment,310,171,139
S01007044,1. Managers directors and senior officials,22,13,9
S01007044,2. Professional occupations,36,11,25
S01007044,3. Associate professional and technical occupations,37,22,15
S01007044,4. Administrative and secretarial occupations,25,2,23
S01007044,5. Skilled trades occupations,88,81,7
S01007044,6. Caring leisure and other service occupations,36,4,32
S01007044,7. Sales and customer service occupations,16,5,11
S01007044,8. Process plant and machine operatives,26,21,5
S01007044,9. Elementary occupations,24,12,12
S01007045,All people aged 16 to 74 in employment,425,231,194
S01007045,1. Managers directors and senior officials,38,26,12
S01007045,2. Professional occupations,62,27,35
S01007045,3. Associate professional and technical occupations,40,28,12
S01007045,4. Administrative and secretarial occupations,38,1,37
S01007045,5. Skilled trades occupations,118,93,25
S01007045,6. Caring leisure and other service occupations,46,3,43
S01007045,7. Sales and customer service occupations,15,6,9
S01007045,8. Process plant and machine operatives,35,31,4
S01007045,9. Elementary occupations,33,16,17
S01007046,All people aged 16 to 74 in employment,322,183,139
S01007046,1. Managers directors and senior officials,23,14,9
S01007046,2. Professional occupations,39,12,27
S01007046,3. Associate professional and technical occupations,29,22,7
S01007046,4. Administrative and secretarial occupations,32,2,30
S01007046,5. Skilled trades occupations,68,62,6
S01007046,6. Caring leisure and other service occupations,26,4,22
S01007046,7. Sales and customer service occupations,28,10,18
S01007046,8. Process plant and machine operatives,39,33,6
S01007046,9. Elementary occupations,38,24,14
S01007047,All people aged 16 to 74 in employment,359,200,159
S01007047,1. Managers directors and senior officials,30,20,10
S01007047,2. Professional occupations,45,18,27
S01007047,3. Associate professional and technical occupations,40,26,14
S01007047,4. Administrative and secretarial occupations,34,2,32
S01007047,5. Skilled trades occupations,106,93,13
S01007047,6. Caring leisure and other service occupations,21,0,21
S01007047,7. Sales and customer service occupations,20,3,17
S01007047,8. Process plant and machine operatives,25,22,3
S01007047,9. Elementary occupations,38,16,22
S01007048,All people aged 16 to 74 in employment,505,305,200
S01007048,1. Managers directors and senior officials,17,13,4
S01007048,2. Professional occupations,53,27,26
S01007048,3. Associate professional and technical occupations,57,34,23
S01007048,4. Administrative and secretarial occupations,41,4,37
S01007048,5. Skilled trades occupations,155,138,17
S01007048,6. Caring leisure and other service occupations,50,7,43
S01007048,7. Sales and customer service occupations,28,7,21
S01007048,8. Process plant and machine operatives,60,50,10
S01007048,9. Elementary occupations,44,25,19
S01007049,All people aged 16 to 74 in employment,462,250,212
S01007049,1. Managers directors and senior officials,29,14,15
S01007049,2. Professional occupations,38,15,23
S01007049,3. Associate professional and technical occupations,34,26,8
S01007049,4. Administrative and secretarial occupations,43,6,37
S01007049,5. Skilled trades occupations,101,92,9
S01007049,6. Caring leisure and other service occupations,46,3,43
S01007049,7. Sales and customer service occupations,28,7,21
S01007049,8. Process plant and machine operatives,62,49,13
S01007049,9. Elementary occupations,81,38,43
S01007050,All people aged 16 to 74 in employment,318,178,140
S01007050,1. Managers directors and senior officials,30,20,10
S01007050,2. Professional occupations,32,16,16
S01007050,3. Associate professional and technical occupations,37,20,17
S01007050,4. Administrative and secretarial occupations,25,4,21
S01007050,5. Skilled trades occupations,78,71,7
S01007050,6. Caring leisure and other service occupations,24,0,24
S01007050,7. Sales and customer service occupations,15,2,13
S01007050,8. Process plant and machine operatives,37,28,9
S01007050,9. Elementary occupations,40,17,23
S01007051,All people aged 16 to 74 in employment,422,225,197
S01007051,1. Managers directors and senior officials,26,14,12
S01007051,2. Professional occupations,49,15,34
S01007051,3. Associate professional and technical occupations,46,32,14
S01007051,4. Administrative and secretarial occupations,41,5,36
S01007051,5. Skilled trades occupations,106,101,5
S01007051,6. Caring leisure and other service occupations,46,5,41
S01007051,7. Sales and customer service occupations,32,8,24
S01007051,8. Process plant and machine operatives,28,26,2
S01007051,9. Elementary occupations,48,19,29
S01007052,All people aged 16 to 74 in employment,303,170,133
S01007052,1. Managers directors and senior officials,24,14,10
S01007052,2. Professional occupations,32,12,20
S01007052,3. Associate professional and technical occupations,29,21,8
S01007052,4. Administrative and secretarial occupations,34,6,28
S01007052,5. Skilled trades occupations,68,61,7
S01007052,6. Caring leisure and other service occupations,24,2,22
S01007052,7. Sales and customer service occupations,16,4,12
S01007052,8. Process plant and machine operatives,43,36,7
S01007052,9. Elementary occupations,33,14,19
S01007053,All people aged 16 to 74 in employment,263,150,113
S01007053,1. Managers directors and senior officials,25,13,12
S01007053,2. Professional occupations,38,18,20
S01007053,3. Associate professional and technical occupations,27,16,11
S01007053,4. Administrative and secretarial occupations,23,2,21
S01007053,5. Skilled trades occupations,73,64,9
S01007053,6. Caring leisure and other service occupations,19,1,18
S01007053,7. Sales and customer service occupations,16,4,12
S01007053,8. Process plant and machine operatives,26,24,2
S01007053,9. Elementary occupations,16,8,8
S01007054,All people aged 16 to 74 in employment,475,259,216
S01007054,1. Managers directors and senior officials,26,16,10
S01007054,2. Professional occupations,47,17,30
S01007054,3. Associate professional and technical occupations,50,26,24
S01007054,4. Administrative and secretarial occupations,37,7,30
S01007054,5. Skilled trades occupations,113,100,13
S01007054,6. Caring leisure and other service occupations,44,5,39
S01007054,7. Sales and customer service occupations,32,8,24
S01007054,8. Process plant and machine operatives,58,51,7
S01007054,9. Elementary occupations,68,29,39
S01007055,All people aged 16 to 74 in employment,307,177,130
S01007055,1. Managers directors and senior officials,27,15,12
S01007055,2. Professional occupations,44,20,24
S01007055,3. Associate professional and technical occupations,26,15,11
S01007055,4. Administrative and secretarial occupations,28,2,26
S01007055,5. Skilled trades occupations,84,76,8
S01007055,6. Caring leisure and other service occupations,21,2,19
S01007055,7. Sales and customer service occupations,18,3,15
S01007055,8. Process plant and machine operatives,23,21,2
S01007055,9. Elementary occupations,36,23,13
S01007056,All people aged 16 to 74 in employment,352,206,146
S01007056,1. Managers directors and senior officials,35,27,8
S01007056,2. Professional occupations,57,31,26
S01007056,3. Associate professional and technical occupations,43,30,13
S01007056,4. Administrative and secretarial occupations,32,5,27
S01007056,5. Skilled trades occupations,85,75,10
S01007056,6. Caring leisure and other service occupations,31,3,28
S01007056,7. Sales and customer service occupations,21,0,21
S01007056,8. Process plant and machine operatives,16,15,1
S01007056,9. Elementary occupations,32,20,12
S01007057,All people aged 16 to 74 in employment,237,127,110
S01007057,1. Managers directors and senior officials,18,10,8
S01007057,2. Professional occupations,30,11,19
S01007057,3. Associate professional and technical occupations,34,26,8
S01007057,4. Administrative and secretarial occupations,33,6,27
S01007057,5. Skilled trades occupations,49,44,5
S01007057,6. Caring leisure and other service occupations,20,0,20
S01007057,7. Sales and customer service occupations,12,0,12
S01007057,8. Process plant and machine operatives,18,16,2
S01007057,9. Elementary occupations,23,14,9
S01007058,All people aged 16 to 74 in employment,257,136,121
S01007058,1. Managers directors and senior officials,12,9,3
S01007058,2. Professional occupations,22,11,11
S01007058,3. Associate professional and technical occupations,30,21,9
S01007058,4. Administrative and secretarial occupations,31,2,29
S01007058,5. Skilled trades occupations,57,50,7
S01007058,6. Caring leisure and other service occupations,19,1,18
S01007058,7. Sales and customer service occupations,23,4,19
S01007058,8. Process plant and machine operatives,33,26,7
S01007058,9. Elementary occupations,30,12,18
S01007059,All people aged 16 to 74 in employment,485,266,219
S01007059,1. Managers directors and senior officials,36,23,13
S01007059,2. Professional occupations,59,26,33
S01007059,3. Associate professional and technical occupations,79,56,23
S01007059,4. Administrative and secretarial occupations,48,8,40
S01007059,5. Skilled trades occupations,93,84,9
S01007059,6. Caring leisure and other service occupations,52,8,44
S01007059,7. Sales and customer service occupations,29,6,23
S01007059,8. Process plant and machine operatives,37,34,3
S01007059,9. Elementary occupations,52,21,31
S01007060,All people aged 16 to 74 in employment,280,137,143
S01007060,1. Managers directors and senior officials,19,8,11
S01007060,2. Professional occupations,13,6,7
S01007060,3. Associate professional and technical occupations,19,10,9
S01007060,4. Administrative and secretarial occupations,21,2,19
S01007060,5. Skilled trades occupations,53,49,4
S01007060,6. Caring leisure and other service occupations,36,4,32
S01007060,7. Sales and customer service occupations,39,10,29
S01007060,8. Process plant and machine operatives,34,31,3
S01007060,9. Elementary occupations,46,17,29
S01007061,All people aged 16 to 74 in employment,554,304,250
S01007061,1. Managers directors and senior officials,63,42,21
S01007061,2. Professional occupations,103,47,56
S01007061,3. Associate professional and technical occupations,77,46,31
S01007061,4. Administrative and secretarial occupations,66,6,60
S01007061,5. Skilled trades occupations,119,102,17
S01007061,6. Caring leisure and other service occupations,33,4,29
S01007061,7. Sales and customer service occupations,25,5,20
S01007061,8. Process plant and machine operatives,32,31,1
S01007061,9. Elementary occupations,36,21,15
S01007062,All people aged 16 to 74 in employment,405,228,177
S01007062,1. Managers directors and senior officials,48,31,17
S01007062,2. Professional occupations,72,33,39
S01007062,3. Associate professional and technical occupations,41,18,23
S01007062,4. Administrative and secretarial occupations,46,6,40
S01007062,5. Skilled trades occupations,104,89,15
S01007062,6. Caring leisure and other service occupations,28,4,24
S01007062,7. Sales and customer service occupations,12,8,4
S01007062,8. Process plant and machine operatives,36,29,7
S01007062,9. Elementary occupations,18,10,8
S01007063,All people aged 16 to 74 in employment,349,183,166
S01007063,1. Managers directors and senior officials,19,13,6
S01007063,2. Professional occupations,50,20,30
S01007063,3. Associate professional and technical occupations,34,19,15
S01007063,4. Administrative and secretarial occupations,33,6,27
S01007063,5. Skilled trades occupations,75,70,5
S01007063,6. Caring leisure and other service occupations,38,3,35
S01007063,7. Sales and customer service occupations,19,4,15
S01007063,8. Process plant and machine operatives,43,34,9
S01007063,9. Elementary occupations,38,14,24
S01007064,All people aged 16 to 74 in employment,379,205,174
S01007064,1. Managers directors and senior officials,41,29,12
S01007064,2. Professional occupations,60,30,30
S01007064,3. Associate professional and technical occupations,44,30,14
S01007064,4. Administrative and secretarial occupations,37,2,35
S01007064,5. Skilled trades occupations,84,70,14
S01007064,6. Caring leisure and other service occupations,30,2,28
S01007064,7. Sales and customer service occupations,15,1,14
S01007064,8. Process plant and machine operatives,34,28,6
S01007064,9. Elementary occupations,34,13,21
S01007065,All people aged 16 to 74 in employment,319,176,143
S01007065,1. Managers directors and senior officials,36,22,14
S01007065,2. Professional occupations,60,31,29
S01007065,3. Associate professional and technical occupations,43,29,14
S01007065,4. Administrative and secretarial occupations,27,4,23
S01007065,5. Skilled trades occupations,59,49,10
S01007065,6. Caring leisure and other service occupations,22,1,21
S01007065,7. Sales and customer service occupations,17,2,15
S01007065,8. Process plant and machine operatives,32,28,4
S01007065,9. Elementary occupations,23,10,13
S01007066,All people aged 16 to 74 in employment,370,219,151
S01007066,1. Managers directors and senior officials,44,27,17
S01007066,2. Professional occupations,55,27,28
S01007066,3. Associate professional and technical occupations,37,22,15
S01007066,4. Administrative and secretarial occupations,31,3,28
S01007066,5. Skilled trades occupations,98,85,13
S01007066,6. Caring leisure and other service occupations,28,6,22
S01007066,7. Sales and customer service occupations,14,7,7
S01007066,8. Process plant and machine operatives,29,26,3
S01007066,9. Elementary occupations,34,16,18
S01007067,All people aged 16 to 74 in employment,319,188,131
S01007067,1. Managers directors and senior officials,26,20,6
S01007067,2. Professional occupations,42,18,24
S01007067,3. Associate professional and technical occupations,49,29,20
S01007067,4. Administrative and secretarial occupations,43,11,32
S01007067,5. Skilled trades occupations,52,50,2
S01007067,6. Caring leisure and other service occupations,25,2,23
S01007067,7. Sales and customer service occupations,22,7,15
S01007067,8. Process plant and machine operatives,41,40,1
S01007067,9. Elementary occupations,19,11,8
S01007068,All people aged 16 to 74 in employment,359,194,165
S01007068,1. Managers directors and senior officials,41,24,17
S01007068,2. Professional occupations,50,18,32
S01007068,3. Associate professional and technical occupations,48,38,10
S01007068,4. Administrative and secretarial occupations,29,4,25
S01007068,5. Skilled trades occupations,51,46,5
S01007068,6. Caring leisure and other service occupations,34,7,27
S01007068,7. Sales and customer service occupations,18,4,14
S01007068,8. Process plant and machine operatives,45,39,6
S01007068,9. Elementary occupations,43,14,29
S01007069,All people aged 16 to 74 in employment,411,236,175
S01007069,1. Managers directors and senior officials,35,24,11
S01007069,2. Professional occupations,28,12,16
S01007069,3. Associate professional and technical occupations,61,46,15
S01007069,4. Administrative and secretarial occupations,41,6,35
S01007069,5. Skilled trades occupations,62,58,4
S01007069,6. Caring leisure and other service occupations,37,6,31
S01007069,7. Sales and customer service occupations,34,7,27
S01007069,8. Process plant and machine operatives,63,50,13
S01007069,9. Elementary occupations,50,27,23
S01007070,All people aged 16 to 74 in employment,264,142,122
S01007070,1. Managers directors and senior officials,11,6,5
S01007070,2. Professional occupations,22,8,14
S01007070,3. Associate professional and technical occupations,28,17,11
S01007070,4. Administrative and secretarial occupations,29,10,19
S01007070,5. Skilled trades occupations,50,47,3
S01007070,6. Caring leisure and other service occupations,33,4,29
S01007070,7. Sales and customer service occupations,19,3,16
S01007070,8. Process plant and machine operatives,25,19,6
S01007070,9. Elementary occupations,47,28,19
S01007071,All people aged 16 to 74 in employment,481,261,220
S01007071,1. Managers directors and senior officials,33,24,9
S01007071,2. Professional occupations,66,29,37
S01007071,3. Associate professional and technical occupations,66,40,26
S01007071,4. Administrative and secretarial occupations,45,11,34
S01007071,5. Skilled trades occupations,80,71,9
S01007071,6. Caring leisure and other service occupations,54,4,50
S01007071,7. Sales and customer service occupations,34,8,26
S01007071,8. Process plant and machine operatives,42,38,4
S01007071,9. Elementary occupations,61,36,25
S01007072,All people aged 16 to 74 in employment,381,205,176
S01007072,1. Managers directors and senior officials,47,32,15
S01007072,2. Professional occupations,30,13,17
S01007072,3. Associate professional and technical occupations,44,34,10
S01007072,4. Administrative and secretarial occupations,52,9,43
S01007072,5. Skilled trades occupations,78,63,15
S01007072,6. Caring leisure and other service occupations,23,3,20
S01007072,7. Sales and customer service occupations,33,3,30
S01007072,8. Process plant and machine operatives,34,30,4
S01007072,9. Elementary occupations,40,18,22
S01007073,All people aged 16 to 74 in employment,500,288,212
S01007073,1. Managers directors and senior officials,44,27,17
S01007073,2. Professional occupations,47,20,27
S01007073,3. Associate professional and technical occupations,76,53,23
S01007073,4. Administrative and secretarial occupations,53,9,44
S01007073,5. Skilled trades occupations,88,83,5
S01007073,6. Caring leisure and other service occupations,43,4,39
S01007073,7. Sales and customer service occupations,40,11,29
S01007073,8. Process plant and machine operatives,53,50,3
S01007073,9. Elementary occupations,56,31,25
S01007074,All people aged 16 to 74 in employment,362,185,177
S01007074,1. Managers directors and senior officials,12,9,3
S01007074,2. Professional occupations,36,16,20
S01007074,3. Associate professional and technical occupations,29,19,10
S01007074,4. Administrative and secretarial occupations,31,5,26
S01007074,5. Skilled trades occupations,73,67,6
S01007074,6. Caring leisure and other service occupations,47,3,44
S01007074,7. Sales and customer service occupations,35,9,26
S01007074,8. Process plant and machine operatives,33,23,10
S01007074,9. Elementary occupations,66,34,32
S01007075,All people aged 16 to 74 in employment,377,192,185
S01007075,1. Managers directors and senior officials,15,4,11
S01007075,2. Professional occupations,24,13,11
S01007075,3. Associate professional and technical occupations,27,19,8
S01007075,4. Administrative and secretarial occupations,40,9,31
S01007075,5. Skilled trades occupations,67,59,8
S01007075,6. Caring leisure and other service occupations,31,6,25
S01007075,7. Sales and customer service occupations,43,6,37
S01007075,8. Process plant and machine operatives,45,34,11
S01007075,9. Elementary occupations,85,42,43
S01007076,All people aged 16 to 74 in employment,414,224,190
S01007076,1. Managers directors and senior officials,18,8,10
S01007076,2. Professional occupations,27,13,14
S01007076,3. Associate professional and technical occupations,41,30,11
S01007076,4. Administrative and secretarial occupations,47,15,32
S01007076,5. Skilled trades occupations,57,53,4
S01007076,6. Caring leisure and other service occupations,44,4,40
S01007076,7. Sales and customer service occupations,44,7,37
S01007076,8. Process plant and machine operatives,61,57,4
S01007076,9. Elementary occupations,75,37,38
S01007077,All people aged 16 to 74 in employment,357,183,174
S01007077,1. Managers directors and senior officials,16,9,7
S01007077,2. Professional occupations,37,12,25
S01007077,3. Associate professional and technical occupations,32,22,10
S01007077,4. Administrative and secretarial occupations,45,8,37
S01007077,5. Skilled trades occupations,56,50,6
S01007077,6. Caring leisure and other service occupations,35,2,33
S01007077,7. Sales and customer service occupations,30,5,25
S01007077,8. Process plant and machine operatives,49,46,3
S01007077,9. Elementary occupations,57,29,28
S01007078,All people aged 16 to 74 in employment,394,205,189
S01007078,1. Managers directors and senior officials,31,24,7
S01007078,2. Professional occupations,32,15,17
S01007078,3. Associate professional and technical occupations,35,25,10
S01007078,4. Administrative and secretarial occupations,36,6,30
S01007078,5. Skilled trades occupations,56,48,8
S01007078,6. Caring leisure and other service occupations,43,2,41
S01007078,7. Sales and customer service occupations,34,5,29
S01007078,8. Process plant and machine operatives,54,44,10
S01007078,9. Elementary occupations,73,36,37
S01007079,All people aged 16 to 74 in employment,449,257,192
S01007079,1. Managers directors and senior officials,30,17,13
S01007079,2. Professional occupations,53,27,26
S01007079,3. Associate professional and technical occupations,34,21,13
S01007079,4. Administrative and secretarial occupations,33,8,25
S01007079,5. Skilled trades occupations,86,74,12
S01007079,6. Caring leisure and other service occupations,54,8,46
S01007079,7. Sales and customer service occupations,22,4,18
S01007079,8. Process plant and machine operatives,63,56,7
S01007079,9. Elementary occupations,74,42,32
S01007080,All people aged 16 to 74 in employment,349,182,167
S01007080,1. Managers directors and senior officials,23,18,5
S01007080,2. Professional occupations,20,8,12
S01007080,3. Associate professional and technical occupations,38,28,10
S01007080,4. Administrative and secretarial occupations,38,10,28
S01007080,5. Skilled trades occupations,60,51,9
S01007080,6. Caring leisure and other service occupations,39,2,37
S01007080,7. Sales and customer service occupations,31,6,25
S01007080,8. Process plant and machine operatives,47,35,12
S01007080,9. Elementary occupations,53,24,29
S01007081,All people aged 16 to 74 in employment,464,255,209
S01007081,1. Managers directors and senior officials,28,20,8
S01007081,2. Professional occupations,26,9,17
S01007081,3. Associate professional and technical occupations,31,19,12
S01007081,4. Administrative and secretarial occupations,29,9,20
S01007081,5. Skilled trades occupations,125,94,31
S01007081,6. Caring leisure and other service occupations,31,3,28
S01007081,7. Sales and customer service occupations,50,9,41
S01007081,8. Process plant and machine operatives,62,52,10
S01007081,9. Elementary occupations,82,40,42
S01007082,All people aged 16 to 74 in employment,275,137,138
S01007082,1. Managers directors and senior officials,11,6,5
S01007082,2. Professional occupations,20,7,13
S01007082,3. Associate professional and technical occupations,28,16,12
S01007082,4. Administrative and secretarial occupations,13,1,12
S01007082,5. Skilled trades occupations,51,41,10
S01007082,6. Caring leisure and other service occupations,27,2,25
S01007082,7. Sales and customer service occupations,18,1,17
S01007082,8. Process plant and machine operatives,41,30,11
S01007082,9. Elementary occupations,66,33,33
S01007083,All people aged 16 to 74 in employment,393,225,168
S01007083,1. Managers directors and senior officials,13,7,6
S01007083,2. Professional occupations,12,7,5
S01007083,3. Associate professional and technical occupations,30,19,11
S01007083,4. Administrative and secretarial occupations,28,7,21
S01007083,5. Skilled trades occupations,87,76,11
S01007083,6. Caring leisure and other service occupations,28,5,23
S01007083,7. Sales and customer service occupations,40,15,25
S01007083,8. Process plant and machine operatives,67,47,20
S01007083,9. Elementary occupations,88,42,46
S01007084,All people aged 16 to 74 in employment,290,152,138
S01007084,1. Managers directors and senior officials,22,14,8
S01007084,2. Professional occupations,29,13,16
S01007084,3. Associate professional and technical occupations,33,20,13
S01007084,4. Administrative and secretarial occupations,38,5,33
S01007084,5. Skilled trades occupations,64,55,9
S01007084,6. Caring leisure and other service occupations,23,2,21
S01007084,7. Sales and customer service occupations,17,4,13
S01007084,8. Process plant and machine operatives,25,19,6
S01007084,9. Elementary occupations,39,20,19
S01007085,All people aged 16 to 74 in employment,444,248,196
S01007085,1. Managers directors and senior officials,31,20,11
S01007085,2. Professional occupations,45,20,25
S01007085,3. Associate professional and technical occupations,53,39,14
S01007085,4. Administrative and secretarial occupations,30,6,24
S01007085,5. Skilled trades occupations,74,59,15
S01007085,6. Caring leisure and other service occupations,42,4,38
S01007085,7. Sales and customer service occupations,26,7,19
S01007085,8. Process plant and machine operatives,57,40,17
S01007085,9. Elementary occupations,86,53,33
S01007086,All people aged 16 to 74 in employment,570,308,262
S01007086,1. Managers directors and senior officials,21,14,7
S01007086,2. Professional occupations,26,12,14
S01007086,3. Associate professional and technical occupations,50,31,19
S01007086,4. Administrative and secretarial occupations,25,6,19
S01007086,5. Skilled trades occupations,97,75,22
S01007086,6. Caring leisure and other service occupations,50,10,40
S01007086,7. Sales and customer service occupations,50,11,39
S01007086,8. Process plant and machine operatives,96,69,27
S01007086,9. Elementary occupations,155,80,75
S01007087,All people aged 16 to 74 in employment,447,245,202
S01007087,1. Managers directors and senior officials,15,8,7
S01007087,2. Professional occupations,32,16,16
S01007087,3. Associate professional and technical occupations,26,17,9
S01007087,4. Administrative and secretarial occupations,18,8,10
S01007087,5. Skilled trades occupations,74,60,14
S01007087,6. Caring leisure and other service occupations,44,8,36
S01007087,7. Sales and customer service occupations,39,10,29
S01007087,8. Process plant and machine operatives,98,68,30
S01007087,9. Elementary occupations,101,50,51
S01007088,All people aged 16 to 74 in employment,228,121,107
S01007088,1. Managers directors and senior officials,8,6,2
S01007088,2. Professional occupations,15,7,8
S01007088,3. Associate professional and technical occupations,10,7,3
S01007088,4. Administrative and secretarial occupations,15,3,12
S01007088,5. Skilled trades occupations,55,40,15
S01007088,6. Caring leisure and other service occupations,27,2,25
S01007088,7. Sales and customer service occupations,16,5,11
S01007088,8. Process plant and machine operatives,38,28,10
S01007088,9. Elementary occupations,44,23,21
S01007089,All people aged 16 to 74 in employment,274,156,118
S01007089,1. Managers directors and senior officials,31,22,9
S01007089,2. Professional occupations,34,14,20
S01007089,3. Associate professional and technical occupations,36,25,11
S01007089,4. Administrative and secretarial occupations,32,4,28
S01007089,5. Skilled trades occupations,49,45,4
S01007089,6. Caring leisure and other service occupations,22,4,18
S01007089,7. Sales and customer service occupations,24,6,18
S01007089,8. Process plant and machine operatives,24,22,2
S01007089,9. Elementary occupations,22,14,8
S01007090,All people aged 16 to 74 in employment,332,189,143
S01007090,1. Managers directors and senior officials,25,22,3
S01007090,2. Professional occupations,26,10,16
S01007090,3. Associate professional and technical occupations,41,33,8
S01007090,4. Administrative and secretarial occupations,50,7,43
S01007090,5. Skilled trades occupations,65,60,5
S01007090,6. Caring leisure and other service occupations,37,2,35
S01007090,7. Sales and customer service occupations,23,4,19
S01007090,8. Process plant and machine operatives,31,28,3
S01007090,9. Elementary occupations,34,23,11
S01007091,All people aged 16 to 74 in employment,416,211,205
S01007091,1. Managers directors and senior officials,24,13,11
S01007091,2. Professional occupations,36,11,25
S01007091,3. Associate professional and technical occupations,49,33,16
S01007091,4. Administrative and secretarial occupations,44,8,36
S01007091,5. Skilled trades occupations,68,64,4
S01007091,6. Caring leisure and other service occupations,49,6,43
S01007091,7. Sales and customer service occupations,49,8,41
S01007091,8. Process plant and machine operatives,48,44,4
S01007091,9. Elementary occupations,49,24,25
S01007092,All people aged 16 to 74 in employment,289,138,151
S01007092,1. Managers directors and senior officials,13,7,6
S01007092,2. Professional occupations,21,5,16
S01007092,3. Associate professional and technical occupations,28,19,9
S01007092,4. Administrative and secretarial occupations,25,6,19
S01007092,5. Skilled trades occupations,54,49,5
S01007092,6. Caring leisure and other service occupations,35,4,31
S01007092,7. Sales and customer service occupations,29,2,27
S01007092,8. Process plant and machine operatives,35,25,10
S01007092,9. Elementary occupations,49,21,28
S01007093,All people aged 16 to 74 in employment,537,293,244
S01007093,1. Managers directors and senior officials,29,22,7
S01007093,2. Professional occupations,74,35,39
S01007093,3. Associate professional and technical occupations,65,46,19
S01007093,4. Administrative and secretarial occupations,82,12,70
S01007093,5. Skilled trades occupations,93,90,3
S01007093,6. Caring leisure and other service occupations,43,1,42
S01007093,7. Sales and customer service occupations,33,7,26
S01007093,8. Process plant and machine operatives,54,47,7
S01007093,9. Elementary occupations,64,33,31
S01007094,All people aged 16 to 74 in employment,484,267,217
S01007094,1. Managers directors and senior officials,35,22,13
S01007094,2. Professional occupations,38,16,22
S01007094,3. Associate professional and technical occupations,72,49,23
S01007094,4. Administrative and secretarial occupations,53,6,47
S01007094,5. Skilled trades occupations,94,87,7
S01007094,6. Caring leisure and other service occupations,46,7,39
S01007094,7. Sales and customer service occupations,35,4,31
S01007094,8. Process plant and machine operatives,59,54,5
S01007094,9. Elementary occupations,52,22,30
S01007095,All people aged 16 to 74 in employment,291,164,127
S01007095,1. Managers directors and senior officials,31,16,15
S01007095,2. Professional occupations,48,20,28
S01007095,3. Associate professional and technical occupations,34,25,9
S01007095,4. Administrative and secretarial occupations,24,2,22
S01007095,5. Skilled trades occupations,68,61,7
S01007095,6. Caring leisure and other service occupations,22,1,21
S01007095,7. Sales and customer service occupations,11,1,10
S01007095,8. Process plant and machine operatives,24,22,2
S01007095,9. Elementary occupations,29,16,13
S01007096,All people aged 16 to 74 in employment,464,258,206
S01007096,1. Managers directors and senior officials,37,25,12
S01007096,2. Professional occupations,82,39,43
S01007096,3. Associate professional and technical occupations,55,29,26
S01007096,4. Administrative and secretarial occupations,56,12,44
S01007096,5. Skilled trades occupations,93,84,9
S01007096,6. Caring leisure and other service occupations,34,4,30
S01007096,7. Sales and customer service occupations,25,6,19
S01007096,8. Process plant and machine operatives,51,48,3
S01007096,9. Elementary occupations,31,11,20
S01007097,All people aged 16 to 74 in employment,281,157,124
S01007097,1. Managers directors and senior officials,23,14,9
S01007097,2. Professional occupations,40,18,22
S01007097,3. Associate professional and technical occupations,31,18,13
S01007097,4. Administrative and secretarial occupations,32,2,30
S01007097,5. Skilled trades occupations,64,60,4
S01007097,6. Caring leisure and other service occupations,26,5,21
S01007097,7. Sales and customer service occupations,18,3,15
S01007097,8. Process plant and machine operatives,26,24,2
S01007097,9. Elementary occupations,21,13,8
S01007098,All people aged 16 to 74 in employment,447,246,201
S01007098,1. Managers directors and senior officials,58,36,22
S01007098,2. Professional occupations,57,19,38
S01007098,3. Associate professional and technical occupations,63,40,23
S01007098,4. Administrative and secretarial occupations,51,4,47
S01007098,5. Skilled trades occupations,94,90,4
S01007098,6. Caring leisure and other service occupations,37,5,32
S01007098,7. Sales and customer service occupations,22,6,16
S01007098,8. Process plant and machine operatives,41,34,7
S01007098,9. Elementary occupations,24,12,12
S01007099,All people aged 16 to 74 in employment,487,276,211
S01007099,1. Managers directors and senior officials,54,33,21
S01007099,2. Professional occupations,47,15,32
S01007099,3. Associate professional and technical occupations,63,44,19
S01007099,4. Administrative and secretarial occupations,52,6,46
S01007099,5. Skilled trades occupations,116,107,9
S01007099,6. Caring leisure and other service occupations,47,7,40
S01007099,7. Sales and customer service occupations,32,9,23
S01007099,8. Process plant and machine operatives,41,35,6
S01007099,9. Elementary occupations,35,20,15
S01007100,All people aged 16 to 74 in employment,389,223,166
S01007100,1. Managers directors and senior officials,30,22,8
S01007100,2. Professional occupations,56,21,35
S01007100,3. Associate professional and technical occupations,44,30,14
S01007100,4. Administrative and secretarial occupations,34,7,27
S01007100,5. Skilled trades occupations,70,65,5
S01007100,6. Caring leisure and other service occupations,36,3,33
S01007100,7. Sales and customer service occupations,23,4,19
S01007100,8. Process plant and machine operatives,46,41,5
S01007100,9. Elementary occupations,50,30,20
S01007101,All people aged 16 to 74 in employment,393,211,182
S01007101,1. Managers directors and senior officials,23,14,9
S01007101,2. Professional occupations,27,10,17
S01007101,3. Associate professional and technical occupations,43,26,17
S01007101,4. Administrative and secretarial occupations,24,4,20
S01007101,5. Skilled trades occupations,77,68,9
S01007101,6. Caring leisure and other service occupations,50,7,43
S01007101,7. Sales and customer service occupations,28,5,23
S01007101,8. Process plant and machine operatives,60,53,7
S01007101,9. Elementary occupations,61,24,37
S01007102,All people aged 16 to 74 in employment,367,202,165
S01007102,1. Managers directors and senior officials,30,14,16
S01007102,2. Professional occupations,44,19,25
S01007102,3. Associate professional and technical occupations,36,23,13
S01007102,4. Administrative and secretarial occupations,33,6,27
S01007102,5. Skilled trades occupations,83,71,12
S01007102,6. Caring leisure and other service occupations,31,2,29
S01007102,7. Sales and customer service occupations,16,3,13
S01007102,8. Process plant and machine operatives,52,43,9
S01007102,9. Elementary occupations,42,21,21
S01007103,All people aged 16 to 74 in employment,418,233,185
S01007103,1. Managers directors and senior officials,22,17,5
S01007103,2. Professional occupations,35,13,22
S01007103,3. Associate professional and technical occupations,45,32,13
S01007103,4. Administrative and secretarial occupations,41,4,37
S01007103,5. Skilled trades occupations,99,95,4
S01007103,6. Caring leisure and other service occupations,52,5,47
S01007103,7. Sales and customer service occupations,24,2,22
S01007103,8. Process plant and machine operatives,44,42,2
S01007103,9. Elementary occupations,56,23,33
S01007104,All people aged 16 to 74 in employment,240,134,106
S01007104,1. Managers directors and senior officials,29,14,15
S01007104,2. Professional occupations,25,14,11
S01007104,3. Associate professional and technical occupations,20,10,10
S01007104,4. Administrative and secretarial occupations,17,0,17
S01007104,5. Skilled trades occupations,62,51,11
S01007104,6. Caring leisure and other service occupations,22,4,18
S01007104,7. Sales and customer service occupations,6,1,5
S01007104,8. Process plant and machine operatives,22,21,1
S01007104,9. Elementary occupations,37,19,18
S01007105,All people aged 16 to 74 in employment,246,134,112
S01007105,1. Managers directors and senior officials,11,6,5
S01007105,2. Professional occupations,33,19,14
S01007105,3. Associate professional and technical occupations,35,21,14
S01007105,4. Administrative and secretarial occupations,21,2,19
S01007105,5. Skilled trades occupations,54,50,4
S01007105,6. Caring leisure and other service occupations,20,1,19
S01007105,7. Sales and customer service occupations,28,3,25
S01007105,8. Process plant and machine operatives,27,26,1
S01007105,9. Elementary occupations,17,6,11
S01007106,All people aged 16 to 74 in employment,333,186,147
S01007106,1. Managers directors and senior officials,15,12,3
S01007106,2. Professional occupations,34,10,24
S01007106,3. Associate professional and technical occupations,42,31,11
S01007106,4. Administrative and secretarial occupations,34,5,29
S01007106,5. Skilled trades occupations,77,69,8
S01007106,6. Caring leisure and other service occupations,28,5,23
S01007106,7. Sales and customer service occupations,16,5,11
S01007106,8. Process plant and machine operatives,35,32,3
S01007106,9. Elementary occupations,52,17,35
S01007107,All people aged 16 to 74 in employment,358,204,154
S01007107,1. Managers directors and senior officials,41,30,11
S01007107,2. Professional occupations,33,13,20
S01007107,3. Associate professional and technical occupations,45,27,18
S01007107,4. Administrative and secretarial occupations,37,2,35
S01007107,5. Skilled trades occupations,77,72,5
S01007107,6. Caring leisure and other service occupations,28,1,27
S01007107,7. Sales and customer service occupations,16,4,12
S01007107,8. Process plant and machine operatives,35,30,5
S01007107,9. Elementary occupations,46,25,21
S01007108,All people aged 16 to 74 in employment,301,168,133
S01007108,1. Managers directors and senior officials,28,20,8
S01007108,2. Professional occupations,29,13,16
S01007108,3. Associate professional and technical occupations,33,17,16
S01007108,4. Administrative and secretarial occupations,23,0,23
S01007108,5. Skilled trades occupations,87,72,15
S01007108,6. Caring leisure and other service occupations,27,4,23
S01007108,7. Sales and customer service occupations,17,1,16
S01007108,8. Process plant and machine operatives,26,24,2
S01007108,9. Elementary occupations,31,17,14
S01007109,All people aged 16 to 74 in employment,376,208,168
S01007109,1. Managers directors and senior officials,32,18,14
S01007109,2. Professional occupations,16,12,4
S01007109,3. Associate professional and technical occupations,26,16,10
S01007109,4. Administrative and secretarial occupations,30,5,25
S01007109,5. Skilled trades occupations,75,63,12
S01007109,6. Caring leisure and other service occupations,41,4,37
S01007109,7. Sales and customer service occupations,18,2,16
S01007109,8. Process plant and machine operatives,64,54,10
S01007109,9. Elementary occupations,74,34,40
S01007110,All people aged 16 to 74 in employment,369,196,173
S01007110,1. Managers directors and senior officials,38,22,16
S01007110,2. Professional occupations,25,10,15
S01007110,3. Associate professional and technical occupations,42,31,11
S01007110,4. Administrative and secretarial occupations,34,5,29
S01007110,5. Skilled trades occupations,84,76,8
S01007110,6. Caring leisure and other service occupations,33,2,31
S01007110,7. Sales and customer service occupations,24,1,23
S01007110,8. Process plant and machine operatives,43,37,6
S01007110,9. Elementary occupations,46,12,34
S01007111,All people aged 16 to 74 in employment,254,143,111
S01007111,1. Managers directors and senior officials,18,10,8
S01007111,2. Professional occupations,21,11,10
S01007111,3. Associate professional and technical occupations,22,13,9
S01007111,4. Administrative and secretarial occupations,28,5,23
S01007111,5. Skilled trades occupations,57,53,4
S01007111,6. Caring leisure and other service occupations,24,5,19
S01007111,7. Sales and customer service occupations,26,6,20
S01007111,8. Process plant and machine operatives,26,23,3
S01007111,9. Elementary occupations,32,17,15
S01007112,All people aged 16 to 74 in employment,284,163,121
S01007112,1. Managers directors and senior officials,26,17,9
S01007112,2. Professional occupations,32,14,18
S01007112,3. Associate professional and technical occupations,26,20,6
S01007112,4. Administrative and secretarial occupations,33,4,29
S01007112,5. Skilled trades occupations,68,64,4
S01007112,6. Caring leisure and other service occupations,21,1,20
S01007112,7. Sales and customer service occupations,19,3,16
S01007112,8. Process plant and machine operatives,31,25,6
S01007112,9. Elementary occupations,28,15,13
S01007113,All people aged 16 to 74 in employment,257,149,108
S01007113,1. Managers directors and senior officials,30,17,13
S01007113,2. Professional occupations,46,25,21
S01007113,3. Associate professional and technical occupations,25,16,9
S01007113,4. Administrative and secretarial occupations,19,5,14
S01007113,5. Skilled trades occupations,44,40,4
S01007113,6. Caring leisure and other service occupations,16,6,10
S01007113,7. Sales and customer service occupations,17,5,12
S01007113,8. Process plant and machine operatives,32,25,7
S01007113,9. Elementary occupations,28,10,18
S01007114,All people aged 16 to 74 in employment,454,249,205
S01007114,1. Managers directors and senior officials,19,10,9
S01007114,2. Professional occupations,45,23,22
S01007114,3. Associate professional and technical occupations,48,34,14
S01007114,4. Administrative and secretarial occupations,40,9,31
S01007114,5. Skilled trades occupations,96,85,11
S01007114,6. Caring leisure and other service occupations,52,7,45
S01007114,7. Sales and customer service occupations,38,6,32
S01007114,8. Process plant and machine operatives,55,48,7
S01007114,9. Elementary occupations,61,27,34
S01007115,All people aged 16 to 74 in employment,316,178,138
S01007115,1. Managers directors and senior officials,20,10,10
S01007115,2. Professional occupations,25,14,11
S01007115,3. Associate professional and technical occupations,41,31,10
S01007115,4. Administrative and secretarial occupations,34,3,31
S01007115,5. Skilled trades occupations,62,58,4
S01007115,6. Caring leisure and other service occupations,26,2,24
S01007115,7. Sales and customer service occupations,29,5,24
S01007115,8. Process plant and machine operatives,43,39,4
S01007115,9. Elementary occupations,36,16,20
S01007116,All people aged 16 to 74 in employment,533,299,234
S01007116,1. Managers directors and senior officials,48,34,14
S01007116,2. Professional occupations,79,36,43
S01007116,3. Associate professional and technical occupations,55,43,12
S01007116,4. Administrative and secretarial occupations,62,7,55
S01007116,5. Skilled trades occupations,109,98,11
S01007116,6. Caring leisure and other service occupations,42,3,39
S01007116,7. Sales and customer service occupations,43,11,32
S01007116,8. Process plant and machine operatives,60,55,5
S01007116,9. Elementary occupations,35,12,23
S01007117,All people aged 16 to 74 in employment,246,137,109
S01007117,1. Managers directors and senior officials,19,14,5
S01007117,2. Professional occupations,31,14,17
S01007117,3. Associate professional and technical occupations,32,25,7
S01007117,4. Administrative and secretarial occupations,25,1,24
S01007117,5. Skilled trades occupations,51,48,3
S01007117,6. Caring leisure and other service occupations,22,2,20
S01007117,7. Sales and customer service occupations,24,5,19
S01007117,8. Process plant and machine operatives,20,16,4
S01007117,9. Elementary occupations,22,12,10
S01007118,All people aged 16 to 74 in employment,334,167,167
S01007118,1. Managers directors and senior officials,11,6,5
S01007118,2. Professional occupations,18,8,10
S01007118,3. Associate professional and technical occupations,27,18,9
S01007118,4. Administrative and secretarial occupations,22,3,19
S01007118,5. Skilled trades occupations,65,55,10
S01007118,6. Caring leisure and other service occupations,37,1,36
S01007118,7. Sales and customer service occupations,33,6,27
S01007118,8. Process plant and machine operatives,52,40,12
S01007118,9. Elementary occupations,69,30,39
S01007119,All people aged 16 to 74 in employment,394,210,184
S01007119,1. Managers directors and senior officials,19,8,11
S01007119,2. Professional occupations,14,9,5
S01007119,3. Associate professional and technical occupations,29,18,11
S01007119,4. Administrative and secretarial occupations,24,5,19
S01007119,5. Skilled trades occupations,98,85,13
S01007119,6. Caring leisure and other service occupations,37,6,31
S01007119,7. Sales and customer service occupations,36,6,30
S01007119,8. Process plant and machine operatives,60,46,14
S01007119,9. Elementary occupations,77,27,50
S01007120,All people aged 16 to 74 in employment,539,290,249
S01007120,1. Managers directors and senior officials,17,8,9
S01007120,2. Professional occupations,25,10,15
S01007120,3. Associate professional and technical occupations,44,29,15
S01007120,4. Administrative and secretarial occupations,31,4,27
S01007120,5. Skilled trades occupations,98,76,22
S01007120,6. Caring leisure and other service occupations,52,6,46
S01007120,7. Sales and customer service occupations,39,7,32
S01007120,8. Process plant and machine operatives,116,89,27
S01007120,9. Elementary occupations,117,61,56
S01007121,All people aged 16 to 74 in employment,210,121,89
S01007121,1. Managers directors and senior officials,7,4,3
S01007121,2. Professional occupations,10,6,4
S01007121,3. Associate professional and technical occupations,17,12,5
S01007121,4. Administrative and secretarial occupations,13,3,10
S01007121,5. Skilled trades occupations,38,35,3
S01007121,6. Caring leisure and other service occupations,11,1,10
S01007121,7. Sales and customer service occupations,15,4,11
S01007121,8. Process plant and machine operatives,45,34,11
S01007121,9. Elementary occupations,54,22,32
S01007122,All people aged 16 to 74 in employment,299,159,140
S01007122,1. Managers directors and senior officials,11,8,3
S01007122,2. Professional occupations,41,17,24
S01007122,3. Associate professional and technical occupations,38,29,9
S01007122,4. Administrative and secretarial occupations,29,5,24
S01007122,5. Skilled trades occupations,58,54,4
S01007122,6. Caring leisure and other service occupations,29,5,24
S01007122,7. Sales and customer service occupations,24,6,18
S01007122,8. Process plant and machine operatives,33,23,10
S01007122,9. Elementary occupations,36,12,24
S01007123,All people aged 16 to 74 in employment,310,177,133
S01007123,1. Managers directors and senior officials,17,9,8
S01007123,2. Professional occupations,19,8,11
S01007123,3. Associate professional and technical occupations,28,22,6
S01007123,4. Administrative and secretarial occupations,24,3,21
S01007123,5. Skilled trades occupations,57,50,7
S01007123,6. Caring leisure and other service occupations,25,5,20
S01007123,7. Sales and customer service occupations,25,8,17
S01007123,8. Process plant and machine operatives,51,41,10
S01007123,9. Elementary occupations,64,31,33
S01007124,All people aged 16 to 74 in employment,473,261,212
S01007124,1. Managers directors and senior officials,28,17,11
S01007124,2. Professional occupations,45,20,25
S01007124,3. Associate professional and technical occupations,36,22,14
S01007124,4. Administrative and secretarial occupations,44,7,37
S01007124,5. Skilled trades occupations,104,99,5
S01007124,6. Caring leisure and other service occupations,41,4,37
S01007124,7. Sales and customer service occupations,41,5,36
S01007124,8. Process plant and machine operatives,64,50,14
S01007124,9. Elementary occupations,70,37,33
S01007125,All people aged 16 to 74 in employment,382,211,171
S01007125,1. Managers directors and senior officials,17,10,7
S01007125,2. Professional occupations,30,18,12
S01007125,3. Associate professional and technical occupations,23,16,7
S01007125,4. Administrative and secretarial occupations,19,5,14
S01007125,5. Skilled trades occupations,82,73,9
S01007125,6. Caring leisure and other service occupations,32,2,30
S01007125,7. Sales and customer service occupations,32,5,27
S01007125,8. Process plant and machine operatives,66,50,16
S01007125,9. Elementary occupations,81,32,49
S01007126,All people aged 16 to 74 in employment,407,207,200
S01007126,1. Managers directors and senior officials,5,2,3
S01007126,2. Professional occupations,14,7,7
S01007126,3. Associate professional and technical occupations,23,15,8
S01007126,4. Administrative and secretarial occupations,14,3,11
S01007126,5. Skilled trades occupations,80,65,15
S01007126,6. Caring leisure and other service occupations,30,3,27
S01007126,7. Sales and customer service occupations,22,4,18
S01007126,8. Process plant and machine operatives,86,55,31
S01007126,9. Elementary occupations,133,53,80
S01007127,All people aged 16 to 74 in employment,541,299,242
S01007127,1. Managers directors and senior officials,14,9,5
S01007127,2. Professional occupations,31,16,15
S01007127,3. Associate professional and technical occupations,28,20,8
S01007127,4. Administrative and secretarial occupations,18,3,15
S01007127,5. Skilled trades occupations,101,83,18
S01007127,6. Caring leisure and other service occupations,40,13,27
S01007127,7. Sales and customer service occupations,23,6,17
S01007127,8. Process plant and machine operatives,127,73,54
S01007127,9. Elementary occupations,159,76,83
S01007128,All people aged 16 to 74 in employment,355,187,168
S01007128,1. Managers directors and senior officials,10,7,3
S01007128,2. Professional occupations,23,11,12
S01007128,3. Associate professional and technical occupations,39,26,13
S01007128,4. Administrative and secretarial occupations,13,2,11
S01007128,5. Skilled trades occupations,73,55,18
S01007128,6. Caring leisure and other service occupations,32,5,27
S01007128,7. Sales and customer service occupations,36,7,29
S01007128,8. Process plant and machine operatives,59,48,11
S01007128,9. Elementary occupations,70,26,44
S01007129,All people aged 16 to 74 in employment,503,258,245
S01007129,1. Managers directors and senior officials,69,43,26
S01007129,2. Professional occupations,170,82,88
S01007129,3. Associate professional and technical occupations,80,45,35
S01007129,4. Administrative and secretarial occupations,58,9,49
S01007129,5. Skilled trades occupations,37,34,3
S01007129,6. Caring leisure and other service occupations,26,6,20
S01007129,7. Sales and customer service occupations,25,9,16
S01007129,8. Process plant and machine operatives,15,14,1
S01007129,9. Elementary occupations,23,16,7
S01007130,All people aged 16 to 74 in employment,312,156,156
S01007130,1. Managers directors and senior officials,23,15,8
S01007130,2. Professional occupations,74,32,42
S01007130,3. Associate professional and technical occupations,49,28,21
S01007130,4. Administrative and secretarial occupations,39,5,34
S01007130,5. Skilled trades occupations,33,31,2
S01007130,6. Caring leisure and other service occupations,19,3,16
S01007130,7. Sales and customer service occupations,32,14,18
S01007130,8. Process plant and machine operatives,19,17,2
S01007130,9. Elementary occupations,24,11,13
S01007131,All people aged 16 to 74 in employment,401,199,202
S01007131,1. Managers directors and senior officials,35,19,16
S01007131,2. Professional occupations,92,30,62
S01007131,3. Associate professional and technical occupations,61,39,22
S01007131,4. Administrative and secretarial occupations,47,13,34
S01007131,5. Skilled trades occupations,56,52,4
S01007131,6. Caring leisure and other service occupations,28,3,25
S01007131,7. Sales and customer service occupations,32,13,19
S01007131,8. Process plant and machine operatives,19,18,1
S01007131,9. Elementary occupations,31,12,19
S01007132,All people aged 16 to 74 in employment,362,178,184
S01007132,1. Managers directors and senior officials,23,16,7
S01007132,2. Professional occupations,78,30,48
S01007132,3. Associate professional and technical occupations,50,32,18
S01007132,4. Administrative and secretarial occupations,57,8,49
S01007132,5. Skilled trades occupations,40,39,1
S01007132,6. Caring leisure and other service occupations,25,4,21
S01007132,7. Sales and customer service occupations,40,13,27
S01007132,8. Process plant and machine operatives,25,25,0
S01007132,9. Elementary occupations,24,11,13
S01007133,All people aged 16 to 74 in employment,371,188,183
S01007133,1. Managers directors and senior officials,31,16,15
S01007133,2. Professional occupations,81,33,48
S01007133,3. Associate professional and technical occupations,41,25,16
S01007133,4. Administrative and secretarial occupations,39,6,33
S01007133,5. Skilled trades occupations,66,54,12
S01007133,6. Caring leisure and other service occupations,26,3,23
S01007133,7. Sales and customer service occupations,25,4,21
S01007133,8. Process plant and machine operatives,34,33,1
S01007133,9. Elementary occupations,28,14,14
S01007134,All people aged 16 to 74 in employment,391,202,189
S01007134,1. Managers directors and senior officials,37,25,12
S01007134,2. Professional occupations,80,27,53
S01007134,3. Associate professional and technical occupations,37,22,15
S01007134,4. Administrative and secretarial occupations,45,5,40
S01007134,5. Skilled trades occupations,70,67,3
S01007134,6. Caring leisure and other service occupations,33,3,30
S01007134,7. Sales and customer service occupations,21,7,14
S01007134,8. Process plant and machine operatives,33,29,4
S01007134,9. Elementary occupations,35,17,18
S01007135,All people aged 16 to 74 in employment,281,148,133
S01007135,1. Managers directors and senior officials,32,21,11
S01007135,2. Professional occupations,83,34,49
S01007135,3. Associate professional and technical occupations,40,28,12
S01007135,4. Administrative and secretarial occupations,31,6,25
S01007135,5. Skilled trades occupations,29,27,2
S01007135,6. Caring leisure and other service occupations,16,1,15
S01007135,7. Sales and customer service occupations,11,2,9
S01007135,8. Process plant and machine operatives,13,13,0
S01007135,9. Elementary occupations,26,16,10
S01007136,All people aged 16 to 74 in employment,280,142,138
S01007136,1. Managers directors and senior officials,43,27,16
S01007136,2. Professional occupations,82,35,47
S01007136,3. Associate professional and technical occupations,45,29,16
S01007136,4. Administrative and secretarial occupations,34,5,29
S01007136,5. Skilled trades occupations,35,29,6
S01007136,6. Caring leisure and other service occupations,10,1,9
S01007136,7. Sales and customer service occupations,9,2,7
S01007136,8. Process plant and machine operatives,7,6,1
S01007136,9. Elementary occupations,15,8,7
S01007137,All people aged 16 to 74 in employment,418,228,190
S01007137,1. Managers directors and senior officials,56,44,12
S01007137,2. Professional occupations,113,51,62
S01007137,3. Associate professional and technical occupations,73,43,30
S01007137,4. Administrative and secretarial occupations,45,5,40
S01007137,5. Skilled trades occupations,28,28,0
S01007137,6. Caring leisure and other service occupations,34,8,26
S01007137,7. Sales and customer service occupations,26,10,16
S01007137,8. Process plant and machine operatives,28,28,0
S01007137,9. Elementary occupations,15,11,4
S01007138,All people aged 16 to 74 in employment,320,165,155
S01007138,1. Managers directors and senior officials,36,26,10
S01007138,2. Professional occupations,68,22,46
S01007138,3. Associate professional and technical occupations,48,26,22
S01007138,4. Administrative and secretarial occupations,39,6,33
S01007138,5. Skilled trades occupations,44,41,3
S01007138,6. Caring leisure and other service occupations,19,2,17
S01007138,7. Sales and customer service occupations,15,5,10
S01007138,8. Process plant and machine operatives,30,27,3
S01007138,9. Elementary occupations,21,10,11
S01007139,All people aged 16 to 74 in employment,384,198,186
S01007139,1. Managers directors and senior officials,39,27,12
S01007139,2. Professional occupations,64,25,39
S01007139,3. Associate professional and technical occupations,41,24,17
S01007139,4. Administrative and secretarial occupations,46,5,41
S01007139,5. Skilled trades occupations,72,60,12
S01007139,6. Caring leisure and other service occupations,35,3,32
S01007139,7. Sales and customer service occupations,26,5,21
S01007139,8. Process plant and machine operatives,31,29,2
S01007139,9. Elementary occupations,30,20,10
S01007140,All people aged 16 to 74 in employment,496,265,231
S01007140,1. Managers directors and senior officials,54,41,13
S01007140,2. Professional occupations,104,36,68
S01007140,3. Associate professional and technical occupations,85,52,33
S01007140,4. Administrative and secretarial occupations,50,10,40
S01007140,5. Skilled trades occupations,68,58,10
S01007140,6. Caring leisure and other service occupations,31,2,29
S01007140,7. Sales and customer service occupations,26,11,15
S01007140,8. Process plant and machine operatives,33,27,6
S01007140,9. Elementary occupations,45,28,17
S01007141,All people aged 16 to 74 in employment,357,193,164
S01007141,1. Managers directors and senior officials,41,28,13
S01007141,2. Professional occupations,69,21,48
S01007141,3. Associate professional and technical occupations,47,24,23
S01007141,4. Administrative and secretarial occupations,37,5,32
S01007141,5. Skilled trades occupations,69,64,5
S01007141,6. Caring leisure and other service occupations,25,3,22
S01007141,7. Sales and customer service occupations,16,5,11
S01007141,8. Process plant and machine operatives,29,29,0
S01007141,9. Elementary occupations,24,14,10
S01007142,All people aged 16 to 74 in employment,305,156,149
S01007142,1. Managers directors and senior officials,39,33,6
S01007142,2. Professional occupations,76,31,45
S01007142,3. Associate professional and technical occupations,65,41,24
S01007142,4. Administrative and secretarial occupations,33,5,28
S01007142,5. Skilled trades occupations,16,14,2
S01007142,6. Caring leisure and other service occupations,26,5,21
S01007142,7. Sales and customer service occupations,28,11,17
S01007142,8. Process plant and machine operatives,11,11,0
S01007142,9. Elementary occupations,11,5,6
S01007143,All people aged 16 to 74 in employment,368,188,180
S01007143,1. Managers directors and senior officials,35,25,10
S01007143,2. Professional occupations,90,31,59
S01007143,3. Associate professional and technical occupations,64,36,28
S01007143,4. Administrative and secretarial occupations,44,11,33
S01007143,5. Skilled trades occupations,51,47,4
S01007143,6. Caring leisure and other service occupations,31,3,28
S01007143,7. Sales and customer service occupations,18,7,11
S01007143,8. Process plant and machine operatives,18,18,0
S01007143,9. Elementary occupations,17,10,7
S01007144,All people aged 16 to 74 in employment,372,196,176
S01007144,1. Managers directors and senior officials,43,25,18
S01007144,2. Professional occupations,60,25,35
S01007144,3. Associate professional and technical occupations,38,22,16
S01007144,4. Administrative and secretarial occupations,30,4,26
S01007144,5. Skilled trades occupations,72,58,14
S01007144,6. Caring leisure and other service occupations,35,6,29
S01007144,7. Sales and customer service occupations,17,7,10
S01007144,8. Process plant and machine operatives,28,24,4
S01007144,9. Elementary occupations,49,25,24
S01007145,All people aged 16 to 74 in employment,392,200,192
S01007145,1. Managers directors and senior officials,30,19,11
S01007145,2. Professional occupations,89,37,52
S01007145,3. Associate professional and technical occupations,54,25,29
S01007145,4. Administrative and secretarial occupations,45,10,35
S01007145,5. Skilled trades occupations,51,50,1
S01007145,6. Caring leisure and other service occupations,37,7,30
S01007145,7. Sales and customer service occupations,36,14,22
S01007145,8. Process plant and machine operatives,22,22,0
S01007145,9. Elementary occupations,28,16,12
S01007146,All people aged 16 to 74 in employment,329,169,160
S01007146,1. Managers directors and senior officials,35,26,9
S01007146,2. Professional occupations,78,27,51
S01007146,3. Associate professional and technical occupations,44,32,12
S01007146,4. Administrative and secretarial occupations,40,8,32
S01007146,5. Skilled trades occupations,34,28,6
S01007146,6. Caring leisure and other service occupations,22,3,19
S01007146,7. Sales and customer service occupations,27,11,16
S01007146,8. Process plant and machine operatives,27,21,6
S01007146,9. Elementary occupations,22,13,9
S01007147,All people aged 16 to 74 in employment,348,175,173
S01007147,1. Managers directors and senior officials,26,18,8
S01007147,2. Professional occupations,67,30,37
S01007147,3. Associate professional and technical occupations,51,33,18
S01007147,4. Administrative and secretarial occupations,50,7,43
S01007147,5. Skilled trades occupations,42,39,3
S01007147,6. Caring leisure and other service occupations,28,5,23
S01007147,7. Sales and customer service occupations,37,10,27
S01007147,8. Process plant and machine operatives,21,21,0
S01007147,9. Elementary occupations,26,12,14
S01007148,All people aged 16 to 74 in employment,272,135,137
S01007148,1. Managers directors and senior officials,25,15,10
S01007148,2. Professional occupations,59,28,31
S01007148,3. Associate professional and technical occupations,39,22,17
S01007148,4. Administrative and secretarial occupations,37,4,33
S01007148,5. Skilled trades occupations,28,25,3
S01007148,6. Caring leisure and other service occupations,25,6,19
S01007148,7. Sales and customer service occupations,23,8,15
S01007148,8. Process plant and machine operatives,20,19,1
S01007148,9. Elementary occupations,16,8,8
S01007149,All people aged 16 to 74 in employment,257,131,126
S01007149,1. Managers directors and senior officials,23,13,10
S01007149,2. Professional occupations,36,15,21
S01007149,3. Associate professional and technical occupations,43,25,18
S01007149,4. Administrative and secretarial occupations,43,12,31
S01007149,5. Skilled trades occupations,29,26,3
S01007149,6. Caring leisure and other service occupations,24,6,18
S01007149,7. Sales and customer service occupations,18,6,12
S01007149,8. Process plant and machine operatives,14,10,4
S01007149,9. Elementary occupations,27,18,9
S01007150,All people aged 16 to 74 in employment,280,158,122
S01007150,1. Managers directors and senior officials,27,22,5
S01007150,2. Professional occupations,68,30,38
S01007150,3. Associate professional and technical occupations,43,31,12
S01007150,4. Administrative and secretarial occupations,32,7,25
S01007150,5. Skilled trades occupations,27,23,4
S01007150,6. Caring leisure and other service occupations,23,6,17
S01007150,7. Sales and customer service occupations,24,12,12
S01007150,8. Process plant and machine operatives,14,13,1
S01007150,9. Elementary occupations,22,14,8
S01007151,All people aged 16 to 74 in employment,442,226,216
S01007151,1. Managers directors and senior officials,39,25,14
S01007151,2. Professional occupations,114,53,61
S01007151,3. Associate professional and technical occupations,65,44,21
S01007151,4. Administrative and secretarial occupations,46,5,41
S01007151,5. Skilled trades occupations,54,53,1
S01007151,6. Caring leisure and other service occupations,37,2,35
S01007151,7. Sales and customer service occupations,35,13,22
S01007151,8. Process plant and machine operatives,16,14,2
S01007151,9. Elementary occupations,36,17,19
S01007152,All people aged 16 to 74 in employment,266,132,134
S01007152,1. Managers directors and senior officials,26,18,8
S01007152,2. Professional occupations,64,23,41
S01007152,3. Associate professional and technical occupations,47,25,22
S01007152,4. Administrative and secretarial occupations,31,9,22
S01007152,5. Skilled trades occupations,29,26,3
S01007152,6. Caring leisure and other service occupations,21,4,17
S01007152,7. Sales and customer service occupations,24,10,14
S01007152,8. Process plant and machine operatives,10,9,1
S01007152,9. Elementary occupations,14,8,6
S01007153,All people aged 16 to 74 in employment,293,148,145
S01007153,1. Managers directors and senior officials,32,22,10
S01007153,2. Professional occupations,59,20,39
S01007153,3. Associate professional and technical occupations,44,30,14
S01007153,4. Administrative and secretarial occupations,44,12,32
S01007153,5. Skilled trades occupations,35,32,3
S01007153,6. Caring leisure and other service occupations,21,1,20
S01007153,7. Sales and customer service occupations,20,6,14
S01007153,8. Process plant and machine operatives,20,17,3
S01007153,9. Elementary occupations,18,8,10
S01007154,All people aged 16 to 74 in employment,328,160,168
S01007154,1. Managers directors and senior officials,22,11,11
S01007154,2. Professional occupations,60,25,35
S01007154,3. Associate professional and technical occupations,58,27,31
S01007154,4. Administrative and secretarial occupations,37,9,28
S01007154,5. Skilled trades occupations,41,41,0
S01007154,6. Caring leisure and other service occupations,35,4,31
S01007154,7. Sales and customer service occupations,30,12,18
S01007154,8. Process plant and machine operatives,20,19,1
S01007154,9. Elementary occupations,25,12,13
S01007155,All people aged 16 to 74 in employment,289,151,138
S01007155,1. Managers directors and senior officials,30,18,12
S01007155,2. Professional occupations,66,22,44
S01007155,3. Associate professional and technical occupations,42,30,12
S01007155,4. Administrative and secretarial occupations,37,9,28
S01007155,5. Skilled trades occupations,32,31,1
S01007155,6. Caring leisure and other service occupations,25,4,21
S01007155,7. Sales and customer service occupations,22,12,10
S01007155,8. Process plant and machine operatives,13,11,2
S01007155,9. Elementary occupations,22,14,8
S01007156,All people aged 16 to 74 in employment,358,192,166
S01007156,1. Managers directors and senior officials,17,12,5
S01007156,2. Professional occupations,50,17,33
S01007156,3. Associate professional and technical occupations,52,29,23
S01007156,4. Administrative and secretarial occupations,44,5,39
S01007156,5. Skilled trades occupations,61,58,3
S01007156,6. Caring leisure and other service occupations,32,4,28
S01007156,7. Sales and customer service occupations,32,10,22
S01007156,8. Process plant and machine operatives,33,32,1
S01007156,9. Elementary occupations,37,25,12
S01007157,All people aged 16 to 74 in employment,338,168,170
S01007157,1. Managers directors and senior officials,21,4,17
S01007157,2. Professional occupations,36,10,26
S01007157,3. Associate professional and technical occupations,42,26,16
S01007157,4. Administrative and secretarial occupations,41,6,35
S01007157,5. Skilled trades occupations,56,49,7
S01007157,6. Caring leisure and other service occupations,43,7,36
S01007157,7. Sales and customer service occupations,25,11,14
S01007157,8. Process plant and machine operatives,34,32,2
S01007157,9. Elementary occupations,40,23,17
S01007158,All people aged 16 to 74 in employment,503,268,235
S01007158,1. Managers directors and senior officials,40,31,9
S01007158,2. Professional occupations,75,26,49
S01007158,3. Associate professional and technical occupations,79,45,34
S01007158,4. Administrative and secretarial occupations,66,14,52
S01007158,5. Skilled trades occupations,60,55,5
S01007158,6. Caring leisure and other service occupations,47,9,38
S01007158,7. Sales and customer service occupations,45,18,27
S01007158,8. Process plant and machine operatives,49,46,3
S01007158,9. Elementary occupations,42,24,18
S01007159,All people aged 16 to 74 in employment,396,197,199
S01007159,1. Managers directors and senior officials,28,16,12
S01007159,2. Professional occupations,41,16,25
S01007159,3. Associate professional and technical occupations,38,22,16
S01007159,4. Administrative and secretarial occupations,40,13,27
S01007159,5. Skilled trades occupations,62,57,5
S01007159,6. Caring leisure and other service occupations,49,2,47
S01007159,7. Sales and customer service occupations,40,12,28
S01007159,8. Process plant and machine operatives,43,37,6
S01007159,9. Elementary occupations,55,22,33
S01007160,All people aged 16 to 74 in employment,356,174,182
S01007160,1. Managers directors and senior officials,18,14,4
S01007160,2. Professional occupations,45,15,30
S01007160,3. Associate professional and technical occupations,44,19,25
S01007160,4. Administrative and secretarial occupations,44,8,36
S01007160,5. Skilled trades occupations,55,47,8
S01007160,6. Caring leisure and other service occupations,53,8,45
S01007160,7. Sales and customer service occupations,28,8,20
S01007160,8. Process plant and machine operatives,38,38,0
S01007160,9. Elementary occupations,31,17,14
S01007161,All people aged 16 to 74 in employment,322,156,166
S01007161,1. Managers directors and senior officials,29,17,12
S01007161,2. Professional occupations,48,15,33
S01007161,3. Associate professional and technical occupations,49,29,20
S01007161,4. Administrative and secretarial occupations,38,8,30
S01007161,5. Skilled trades occupations,51,44,7
S01007161,6. Caring leisure and other service occupations,41,5,36
S01007161,7. Sales and customer service occupations,19,8,11
S01007161,8. Process plant and machine operatives,20,16,4
S01007161,9. Elementary occupations,27,14,13
S01007162,All people aged 16 to 74 in employment,237,115,122
S01007162,1. Managers directors and senior officials,17,9,8
S01007162,2. Professional occupations,44,17,27
S01007162,3. Associate professional and technical occupations,39,19,20
S01007162,4. Administrative and secretarial occupations,20,9,11
S01007162,5. Skilled trades occupations,28,25,3
S01007162,6. Caring leisure and other service occupations,24,1,23
S01007162,7. Sales and customer service occupations,26,8,18
S01007162,8. Process plant and machine operatives,11,11,0
S01007162,9. Elementary occupations,28,16,12
S01007163,All people aged 16 to 74 in employment,388,181,207
S01007163,1. Managers directors and senior officials,35,21,14
S01007163,2. Professional occupations,70,31,39
S01007163,3. Associate professional and technical occupations,63,35,28
S01007163,4. Administrative and secretarial occupations,43,3,40
S01007163,5. Skilled trades occupations,39,35,4
S01007163,6. Caring leisure and other service occupations,44,5,39
S01007163,7. Sales and customer service occupations,27,6,21
S01007163,8. Process plant and machine operatives,25,23,2
S01007163,9. Elementary occupations,42,22,20
S01007164,All people aged 16 to 74 in employment,260,119,141
S01007164,1. Managers directors and senior officials,12,7,5
S01007164,2. Professional occupations,56,20,36
S01007164,3. Associate professional and technical occupations,45,22,23
S01007164,4. Administrative and secretarial occupations,28,5,23
S01007164,5. Skilled trades occupations,38,36,2
S01007164,6. Caring leisure and other service occupations,24,3,21
S01007164,7. Sales and customer service occupations,23,4,19
S01007164,8. Process plant and machine operatives,15,15,0
S01007164,9. Elementary occupations,19,7,12
S01007165,All people aged 16 to 74 in employment,384,204,180
S01007165,1. Managers directors and senior officials,41,25,16
S01007165,2. Professional occupations,94,35,59
S01007165,3. Associate professional and technical occupations,62,38,24
S01007165,4. Administrative and secretarial occupations,41,8,33
S01007165,5. Skilled trades occupations,65,61,4
S01007165,6. Caring leisure and other service occupations,19,2,17
S01007165,7. Sales and customer service occupations,20,6,14
S01007165,8. Process plant and machine operatives,21,21,0
S01007165,9. Elementary occupations,21,8,13
S01007166,All people aged 16 to 74 in employment,303,161,142
S01007166,1. Managers directors and senior officials,19,14,5
S01007166,2. Professional occupations,69,29,40
S01007166,3. Associate professional and technical occupations,52,34,18
S01007166,4. Administrative and secretarial occupations,40,8,32
S01007166,5. Skilled trades occupations,36,35,1
S01007166,6. Caring leisure and other service occupations,20,4,16
S01007166,7. Sales and customer service occupations,23,6,17
S01007166,8. Process plant and machine operatives,17,14,3
S01007166,9. Elementary occupations,27,17,10
S01007167,All people aged 16 to 74 in employment,399,200,199
S01007167,1. Managers directors and senior officials,39,24,15
S01007167,2. Professional occupations,71,32,39
S01007167,3. Associate professional and technical occupations,65,44,21
S01007167,4. Administrative and secretarial occupations,61,11,50
S01007167,5. Skilled trades occupations,40,38,2
S01007167,6. Caring leisure and other service occupations,33,3,30
S01007167,7. Sales and customer service occupations,29,8,21
S01007167,8. Process plant and machine operatives,22,20,2
S01007167,9. Elementary occupations,39,20,19
S01007168,All people aged 16 to 74 in employment,500,260,240
S01007168,1. Managers directors and senior officials,43,30,13
S01007168,2. Professional occupations,118,52,66
S01007168,3. Associate professional and technical occupations,68,45,23
S01007168,4. Administrative and secretarial occupations,70,14,56
S01007168,5. Skilled trades occupations,50,45,5
S01007168,6. Caring leisure and other service occupations,43,12,31
S01007168,7. Sales and customer service occupations,42,17,25
S01007168,8. Process plant and machine operatives,25,23,2
S01007168,9. Elementary occupations,41,22,19
S01007169,All people aged 16 to 74 in employment,367,186,181
S01007169,1. Managers directors and senior officials,32,19,13
S01007169,2. Professional occupations,71,30,41
S01007169,3. Associate professional and technical occupations,51,30,21
S01007169,4. Administrative and secretarial occupations,48,7,41
S01007169,5. Skilled trades occupations,38,35,3
S01007169,6. Caring leisure and other service occupations,35,7,28
S01007169,7. Sales and customer service occupations,41,22,19
S01007169,8. Process plant and machine operatives,30,29,1
S01007169,9. Elementary occupations,21,7,14
S01007170,All people aged 16 to 74 in employment,352,188,164
S01007170,1. Managers directors and senior officials,41,21,20
S01007170,2. Professional occupations,55,18,37
S01007170,3. Associate professional and technical occupations,38,14,24
S01007170,4. Administrative and secretarial occupations,32,4,28
S01007170,5. Skilled trades occupations,82,78,4
S01007170,6. Caring leisure and other service occupations,21,2,19
S01007170,7. Sales and customer service occupations,20,6,14
S01007170,8. Process plant and machine operatives,27,25,2
S01007170,9. Elementary occupations,36,20,16
S01007171,All people aged 16 to 74 in employment,504,309,195
S01007171,1. Managers directors and senior officials,54,32,22
S01007171,2. Professional occupations,42,17,25
S01007171,3. Associate professional and technical occupations,98,75,23
S01007171,4. Administrative and secretarial occupations,31,4,27
S01007171,5. Skilled trades occupations,92,79,13
S01007171,6. Caring leisure and other service occupations,24,5,19
S01007171,7. Sales and customer service occupations,34,8,26
S01007171,8. Process plant and machine operatives,45,35,10
S01007171,9. Elementary occupations,84,54,30
S01007172,All people aged 16 to 74 in employment,362,202,160
S01007172,1. Managers directors and senior officials,48,33,15
S01007172,2. Professional occupations,75,39,36
S01007172,3. Associate professional and technical occupations,43,25,18
S01007172,4. Administrative and secretarial occupations,31,1,30
S01007172,5. Skilled trades occupations,54,45,9
S01007172,6. Caring leisure and other service occupations,32,6,26
S01007172,7. Sales and customer service occupations,18,4,14
S01007172,8. Process plant and machine operatives,27,25,2
S01007172,9. Elementary occupations,34,24,10
S01007173,All people aged 16 to 74 in employment,488,251,237
S01007173,1. Managers directors and senior officials,27,16,11
S01007173,2. Professional occupations,60,26,34
S01007173,3. Associate professional and technical occupations,93,57,36
S01007173,4. Administrative and secretarial occupations,64,10,54
S01007173,5. Skilled trades occupations,74,68,6
S01007173,6. Caring leisure and other service occupations,44,9,35
S01007173,7. Sales and customer service occupations,47,9,38
S01007173,8. Process plant and machine operatives,47,37,10
S01007173,9. Elementary occupations,32,19,13
S01007174,All people aged 16 to 74 in employment,423,224,199
S01007174,1. Managers directors and senior officials,42,26,16
S01007174,2. Professional occupations,48,16,32
S01007174,3. Associate professional and technical occupations,58,35,23
S01007174,4. Administrative and secretarial occupations,54,13,41
S01007174,5. Skilled trades occupations,69,62,7
S01007174,6. Caring leisure and other service occupations,35,5,30
S01007174,7. Sales and customer service occupations,26,11,15
S01007174,8. Process plant and machine operatives,46,39,7
S01007174,9. Elementary occupations,45,17,28
S01007175,All people aged 16 to 74 in employment,268,141,127
S01007175,1. Managers directors and senior officials,17,11,6
S01007175,2. Professional occupations,25,9,16
S01007175,3. Associate professional and technical occupations,54,33,21
S01007175,4. Administrative and secretarial occupations,23,2,21
S01007175,5. Skilled trades occupations,50,43,7
S01007175,6. Caring leisure and other service occupations,25,5,20
S01007175,7. Sales and customer service occupations,14,3,11
S01007175,8. Process plant and machine operatives,23,21,2
S01007175,9. Elementary occupations,37,14,23
S01007176,All people aged 16 to 74 in employment,319,176,143
S01007176,1. Managers directors and senior officials,15,9,6
S01007176,2. Professional occupations,34,17,17
S01007176,3. Associate professional and technical occupations,72,55,17
S01007176,4. Administrative and secretarial occupations,31,5,26
S01007176,5. Skilled trades occupations,37,33,4
S01007176,6. Caring leisure and other service occupations,36,7,29
S01007176,7. Sales and customer service occupations,29,5,24
S01007176,8. Process plant and machine operatives,32,24,8
S01007176,9. Elementary occupations,33,21,12
S01007177,All people aged 16 to 74 in employment,252,127,125
S01007177,1. Managers directors and senior officials,16,6,10
S01007177,2. Professional occupations,17,9,8
S01007177,3. Associate professional and technical occupations,34,20,14
S01007177,4. Administrative and secretarial occupations,23,2,21
S01007177,5. Skilled trades occupations,36,34,2
S01007177,6. Caring leisure and other service occupations,33,8,25
S01007177,7. Sales and customer service occupations,30,12,18
S01007177,8. Process plant and machine operatives,23,20,3
S01007177,9. Elementary occupations,40,16,24
S01007178,All people aged 16 to 74 in employment,453,226,227
S01007178,1. Managers directors and senior officials,31,15,16
S01007178,2. Professional occupations,27,11,16
S01007178,3. Associate professional and technical occupations,44,27,17
S01007178,4. Administrative and secretarial occupations,43,9,34
S01007178,5. Skilled trades occupations,66,55,11
S01007178,6. Caring leisure and other service occupations,75,19,56
S01007178,7. Sales and customer service occupations,31,8,23
S01007178,8. Process plant and machine operatives,64,47,17
S01007178,9. Elementary occupations,72,35,37
S01007179,All people aged 16 to 74 in employment,488,250,238
S01007179,1. Managers directors and senior officials,51,29,22
S01007179,2. Professional occupations,95,34,61
S01007179,3. Associate professional and technical occupations,74,55,19
S01007179,4. Administrative and secretarial occupations,60,10,50
S01007179,5. Skilled trades occupations,59,48,11
S01007179,6. Caring leisure and other service occupations,41,4,37
S01007179,7. Sales and customer service occupations,35,10,25
S01007179,8. Process plant and machine operatives,45,43,2
S01007179,9. Elementary occupations,28,17,11
S01007180,All people aged 16 to 74 in employment,309,155,154
S01007180,1. Managers directors and senior officials,33,24,9
S01007180,2. Professional occupations,57,23,34
S01007180,3. Associate professional and technical occupations,44,26,18
S01007180,4. Administrative and secretarial occupations,48,5,43
S01007180,5. Skilled trades occupations,38,35,3
S01007180,6. Caring leisure and other service occupations,21,6,15
S01007180,7. Sales and customer service occupations,24,7,17
S01007180,8. Process plant and machine operatives,16,14,2
S01007180,9. Elementary occupations,28,15,13
S01007181,All people aged 16 to 74 in employment,349,184,165
S01007181,1. Managers directors and senior officials,48,29,19
S01007181,2. Professional occupations,66,25,41
S01007181,3. Associate professional and technical occupations,65,43,22
S01007181,4. Administrative and secretarial occupations,41,11,30
S01007181,5. Skilled trades occupations,43,39,4
S01007181,6. Caring leisure and other service occupations,25,3,22
S01007181,7. Sales and customer service occupations,21,8,13
S01007181,8. Process plant and machine operatives,22,21,1
S01007181,9. Elementary occupations,18,5,13
S01007182,All people aged 16 to 74 in employment,501,250,251
S01007182,1. Managers directors and senior officials,42,23,19
S01007182,2. Professional occupations,87,40,47
S01007182,3. Associate professional and technical occupations,69,38,31
S01007182,4. Administrative and secretarial occupations,55,6,49
S01007182,5. Skilled trades occupations,63,58,5
S01007182,6. Caring leisure and other service occupations,41,8,33
S01007182,7. Sales and customer service occupations,43,12,31
S01007182,8. Process plant and machine operatives,55,44,11
S01007182,9. Elementary occupations,46,21,25
S01007183,All people aged 16 to 74 in employment,488,252,236
S01007183,1. Managers directors and senior officials,32,19,13
S01007183,2. Professional occupations,56,27,29
S01007183,3. Associate professional and technical occupations,57,27,30
S01007183,4. Administrative and secretarial occupations,58,6,52
S01007183,5. Skilled trades occupations,93,87,6
S01007183,6. Caring leisure and other service occupations,62,9,53
S01007183,7. Sales and customer service occupations,28,10,18
S01007183,8. Process plant and machine operatives,47,38,9
S01007183,9. Elementary occupations,55,29,26
S01007184,All people aged 16 to 74 in employment,485,236,249
S01007184,1. Managers directors and senior officials,24,11,13
S01007184,2. Professional occupations,55,20,35
S01007184,3. Associate professional and technical occupations,56,35,21
S01007184,4. Administrative and secretarial occupations,63,9,54
S01007184,5. Skilled trades occupations,79,72,7
S01007184,6. Caring leisure and other service occupations,44,7,37
S01007184,7. Sales and customer service occupations,41,9,32
S01007184,8. Process plant and machine operatives,52,42,10
S01007184,9. Elementary occupations,71,31,40
S01007185,All people aged 16 to 74 in employment,337,169,168
S01007185,1. Managers directors and senior officials,20,11,9
S01007185,2. Professional occupations,27,15,12
S01007185,3. Associate professional and technical occupations,40,22,18
S01007185,4. Administrative and secretarial occupations,37,9,28
S01007185,5. Skilled trades occupations,51,46,5
S01007185,6. Caring leisure and other service occupations,50,8,42
S01007185,7. Sales and customer service occupations,23,5,18
S01007185,8. Process plant and machine operatives,26,17,9
S01007185,9. Elementary occupations,63,36,27
S01007186,All people aged 16 to 74 in employment,256,128,128
S01007186,1. Managers directors and senior officials,13,7,6
S01007186,2. Professional occupations,15,5,10
S01007186,3. Associate professional and technical occupations,26,13,13
S01007186,4. Administrative and secretarial occupations,22,3,19
S01007186,5. Skilled trades occupations,40,34,6
S01007186,6. Caring leisure and other service occupations,34,5,29
S01007186,7. Sales and customer service occupations,20,4,16
S01007186,8. Process plant and machine operatives,35,29,6
S01007186,9. Elementary occupations,51,28,23
S01007187,All people aged 16 to 74 in employment,367,193,174
S01007187,1. Managers directors and senior officials,41,25,16
S01007187,2. Professional occupations,28,15,13
S01007187,3. Associate professional and technical occupations,43,20,23
S01007187,4. Administrative and secretarial occupations,29,5,24
S01007187,5. Skilled trades occupations,62,54,8
S01007187,6. Caring leisure and other service occupations,41,13,28
S01007187,7. Sales and customer service occupations,31,8,23
S01007187,8. Process plant and machine operatives,31,23,8
S01007187,9. Elementary occupations,61,30,31
S01007188,All people aged 16 to 74 in employment,321,171,150
S01007188,1. Managers directors and senior officials,26,14,12
S01007188,2. Professional occupations,26,9,17
S01007188,3. Associate professional and technical occupations,39,21,18
S01007188,4. Administrative and secretarial occupations,23,5,18
S01007188,5. Skilled trades occupations,64,56,8
S01007188,6. Caring leisure and other service occupations,31,3,28
S01007188,7. Sales and customer service occupations,23,7,16
S01007188,8. Process plant and machine operatives,45,33,12
S01007188,9. Elementary occupations,44,23,21
S01007189,All people aged 16 to 74 in employment,300,155,145
S01007189,1. Managers directors and senior officials,17,8,9
S01007189,2. Professional occupations,19,6,13
S01007189,3. Associate professional and technical occupations,42,24,18
S01007189,4. Administrative and secretarial occupations,28,9,19
S01007189,5. Skilled trades occupations,53,47,6
S01007189,6. Caring leisure and other service occupations,40,5,35
S01007189,7. Sales and customer service occupations,28,10,18
S01007189,8. Process plant and machine operatives,28,24,4
S01007189,9. Elementary occupations,45,22,23
S01007190,All people aged 16 to 74 in employment,346,184,162
S01007190,1. Managers directors and senior officials,19,10,9
S01007190,2. Professional occupations,29,14,15
S01007190,3. Associate professional and technical occupations,53,28,25
S01007190,4. Administrative and secretarial occupations,29,9,20
S01007190,5. Skilled trades occupations,67,63,4
S01007190,6. Caring leisure and other service occupations,40,7,33
S01007190,7. Sales and customer service occupations,27,8,19
S01007190,8. Process plant and machine operatives,31,25,6
S01007190,9. Elementary occupations,51,20,31
S01007191,All people aged 16 to 74 in employment,301,154,147
S01007191,1. Managers directors and senior officials,19,9,10
S01007191,2. Professional occupations,22,13,9
S01007191,3. Associate professional and technical occupations,25,14,11
S01007191,4. Administrative and secretarial occupations,21,3,18
S01007191,5. Skilled trades occupations,50,42,8
S01007191,6. Caring leisure and other service occupations,35,6,29
S01007191,7. Sales and customer service occupations,24,3,21
S01007191,8. Process plant and machine operatives,42,36,6
S01007191,9. Elementary occupations,63,28,35
S01007192,All people aged 16 to 74 in employment,269,133,136
S01007192,1. Managers directors and senior officials,15,10,5
S01007192,2. Professional occupations,22,8,14
S01007192,3. Associate professional and technical occupations,16,5,11
S01007192,4. Administrative and secretarial occupations,16,2,14
S01007192,5. Skilled trades occupations,45,43,2
S01007192,6. Caring leisure and other service occupations,35,4,31
S01007192,7. Sales and customer service occupations,39,11,28
S01007192,8. Process plant and machine operatives,28,24,4
S01007192,9. Elementary occupations,53,26,27
S01007193,All people aged 16 to 74 in employment,337,179,158
S01007193,1. Managers directors and senior officials,13,5,8
S01007193,2. Professional occupations,25,9,16
S01007193,3. Associate professional and technical occupations,31,17,14
S01007193,4. Administrative and secretarial occupations,23,4,19
S01007193,5. Skilled trades occupations,70,63,7
S01007193,6. Caring leisure and other service occupations,42,6,36
S01007193,7. Sales and customer service occupations,22,6,16
S01007193,8. Process plant and machine operatives,37,35,2
S01007193,9. Elementary occupations,74,34,40
S01007194,All people aged 16 to 74 in employment,223,107,116
S01007194,1. Managers directors and senior officials,11,5,6
S01007194,2. Professional occupations,9,4,5
S01007194,3. Associate professional and technical occupations,22,10,12
S01007194,4. Administrative and secretarial occupations,13,4,9
S01007194,5. Skilled trades occupations,33,28,5
S01007194,6. Caring leisure and other service occupations,32,4,28
S01007194,7. Sales and customer service occupations,26,7,19
S01007194,8. Process plant and machine operatives,27,25,2
S01007194,9. Elementary occupations,50,20,30
S01007195,All people aged 16 to 74 in employment,220,108,112
S01007195,1. Managers directors and senior officials,18,15,3
S01007195,2. Professional occupations,15,7,8
S01007195,3. Associate professional and technical occupations,24,12,12
S01007195,4. Administrative and secretarial occupations,13,2,11
S01007195,5. Skilled trades occupations,35,28,7
S01007195,6. Caring leisure and other service occupations,24,3,21
S01007195,7. Sales and customer service occupations,26,7,19
S01007195,8. Process plant and machine operatives,21,15,6
S01007195,9. Elementary occupations,44,19,25
S01007196,All people aged 16 to 74 in employment,315,163,152
S01007196,1. Managers directors and senior officials,12,7,5
S01007196,2. Professional occupations,23,9,14
S01007196,3. Associate professional and technical occupations,44,20,24
S01007196,4. Administrative and secretarial occupations,31,8,23
S01007196,5. Skilled trades occupations,58,52,6
S01007196,6. Caring leisure and other service occupations,34,4,30
S01007196,7. Sales and customer service occupations,33,7,26
S01007196,8. Process plant and machine operatives,35,31,4
S01007196,9. Elementary occupations,45,25,20
S01007197,All people aged 16 to 74 in employment,241,119,122
S01007197,1. Managers directors and senior officials,9,5,4
S01007197,2. Professional occupations,19,6,13
S01007197,3. Associate professional and technical occupations,19,7,12
S01007197,4. Administrative and secretarial occupations,19,2,17
S01007197,5. Skilled trades occupations,52,49,3
S01007197,6. Caring leisure and other service occupations,21,2,19
S01007197,7. Sales and customer service occupations,17,3,14
S01007197,8. Process plant and machine operatives,30,23,7
S01007197,9. Elementary occupations,55,22,33
S01007198,All people aged 16 to 74 in employment,211,105,106
S01007198,1. Managers directors and senior officials,17,11,6
S01007198,2. Professional occupations,14,6,8
S01007198,3. Associate professional and technical occupations,26,16,10
S01007198,4. Administrative and secretarial occupations,15,2,13
S01007198,5. Skilled trades occupations,36,32,4
S01007198,6. Caring leisure and other service occupations,23,3,20
S01007198,7. Sales and customer service occupations,22,3,19
S01007198,8. Process plant and machine operatives,19,17,2
S01007198,9. Elementary occupations,39,15,24
S01007199,All people aged 16 to 74 in employment,297,142,155
S01007199,1. Managers directors and senior officials,12,5,7
S01007199,2. Professional occupations,18,6,12
S01007199,3. Associate professional and technical occupations,17,6,11
S01007199,4. Administrative and secretarial occupations,29,7,22
S01007199,5. Skilled trades occupations,47,44,3
S01007199,6. Caring leisure and other service occupations,28,7,21
S01007199,7. Sales and customer service occupations,36,5,31
S01007199,8. Process plant and machine operatives,42,33,9
S01007199,9. Elementary occupations,68,29,39
S01007200,All people aged 16 to 74 in employment,440,224,216
S01007200,1. Managers directors and senior officials,24,12,12
S01007200,2. Professional occupations,36,19,17
S01007200,3. Associate professional and technical occupations,50,23,27
S01007200,4. Administrative and secretarial occupations,47,5,42
S01007200,5. Skilled trades occupations,87,81,6
S01007200,6. Caring leisure and other service occupations,42,6,36
S01007200,7. Sales and customer service occupations,45,9,36
S01007200,8. Process plant and machine operatives,49,41,8
S01007200,9. Elementary occupations,60,28,32
S01007201,All people aged 16 to 74 in employment,321,176,145
S01007201,1. Managers directors and senior officials,24,11,13
S01007201,2. Professional occupations,36,15,21
S01007201,3. Associate professional and technical occupations,37,20,17
S01007201,4. Administrative and secretarial occupations,40,6,34
S01007201,5. Skilled trades occupations,56,53,3
S01007201,6. Caring leisure and other service occupations,28,3,25
S01007201,7. Sales and customer service occupations,22,10,12
S01007201,8. Process plant and machine operatives,45,41,4
S01007201,9. Elementary occupations,33,17,16
S01007202,All people aged 16 to 74 in employment,333,181,152
S01007202,1. Managers directors and senior officials,14,7,7
S01007202,2. Professional occupations,23,10,13
S01007202,3. Associate professional and technical occupations,42,25,17
S01007202,4. Administrative and secretarial occupations,28,6,22
S01007202,5. Skilled trades occupations,66,60,6
S01007202,6. Caring leisure and other service occupations,40,8,32
S01007202,7. Sales and customer service occupations,37,9,28
S01007202,8. Process plant and machine operatives,39,33,6
S01007202,9. Elementary occupations,44,23,21
S01007203,All people aged 16 to 74 in employment,318,159,159
S01007203,1. Managers directors and senior officials,22,12,10
S01007203,2. Professional occupations,26,9,17
S01007203,3. Associate professional and technical occupations,45,25,20
S01007203,4. Administrative and secretarial occupations,36,7,29
S01007203,5. Skilled trades occupations,48,45,3
S01007203,6. Caring leisure and other service occupations,25,5,20
S01007203,7. Sales and customer service occupations,39,9,30
S01007203,8. Process plant and machine operatives,31,26,5
S01007203,9. Elementary occupations,46,21,25
S01007204,All people aged 16 to 74 in employment,511,265,246
S01007204,1. Managers directors and senior officials,56,29,27
S01007204,2. Professional occupations,79,28,51
S01007204,3. Associate professional and technical occupations,67,34,33
S01007204,4. Administrative and secretarial occupations,50,6,44
S01007204,5. Skilled trades occupations,98,87,11
S01007204,6. Caring leisure and other service occupations,35,5,30
S01007204,7. Sales and customer service occupations,27,7,20
S01007204,8. Process plant and machine operatives,47,44,3
S01007204,9. Elementary occupations,52,25,27
S01007205,All people aged 16 to 74 in employment,332,176,156
S01007205,1. Managers directors and senior officials,27,15,12
S01007205,2. Professional occupations,59,27,32
S01007205,3. Associate professional and technical occupations,42,26,16
S01007205,4. Administrative and secretarial occupations,37,7,30
S01007205,5. Skilled trades occupations,55,51,4
S01007205,6. Caring leisure and other service occupations,23,1,22
S01007205,7. Sales and customer service occupations,22,4,18
S01007205,8. Process plant and machine operatives,29,27,2
S01007205,9. Elementary occupations,38,18,20
S01007206,All people aged 16 to 74 in employment,179,98,81
S01007206,1. Managers directors and senior officials,7,3,4
S01007206,2. Professional occupations,24,7,17
S01007206,3. Associate professional and technical occupations,26,18,8
S01007206,4. Administrative and secretarial occupations,15,3,12
S01007206,5. Skilled trades occupations,35,29,6
S01007206,6. Caring leisure and other service occupations,10,0,10
S01007206,7. Sales and customer service occupations,19,6,13
S01007206,8. Process plant and machine operatives,23,22,1
S01007206,9. Elementary occupations,20,10,10
S01007207,All people aged 16 to 74 in employment,451,238,213
S01007207,1. Managers directors and senior officials,37,20,17
S01007207,2. Professional occupations,53,28,25
S01007207,3. Associate professional and technical occupations,54,32,22
S01007207,4. Administrative and secretarial occupations,58,5,53
S01007207,5. Skilled trades occupations,76,70,6
S01007207,6. Caring leisure and other service occupations,40,9,31
S01007207,7. Sales and customer service occupations,45,11,34
S01007207,8. Process plant and machine operatives,39,35,4
S01007207,9. Elementary occupations,49,28,21
S01007208,All people aged 16 to 74 in employment,438,236,202
S01007208,1. Managers directors and senior officials,32,16,16
S01007208,2. Professional occupations,46,27,19
S01007208,3. Associate professional and technical occupations,44,27,17
S01007208,4. Administrative and secretarial occupations,46,13,33
S01007208,5. Skilled trades occupations,81,71,10
S01007208,6. Caring leisure and other service occupations,54,7,47
S01007208,7. Sales and customer service occupations,34,9,25
S01007208,8. Process plant and machine operatives,35,35,0
S01007208,9. Elementary occupations,66,31,35
S01007209,All people aged 16 to 74 in employment,359,198,161
S01007209,1. Managers directors and senior officials,31,20,11
S01007209,2. Professional occupations,54,33,21
S01007209,3. Associate professional and technical occupations,46,29,17
S01007209,4. Administrative and secretarial occupations,34,4,30
S01007209,5. Skilled trades occupations,49,43,6
S01007209,6. Caring leisure and other service occupations,42,10,32
S01007209,7. Sales and customer service occupations,33,10,23
S01007209,8. Process plant and machine operatives,26,25,1
S01007209,9. Elementary occupations,44,24,20
S01007210,All people aged 16 to 74 in employment,372,198,174
S01007210,1. Managers directors and senior officials,24,10,14
S01007210,2. Professional occupations,31,9,22
S01007210,3. Associate professional and technical occupations,38,23,15
S01007210,4. Administrative and secretarial occupations,31,9,22
S01007210,5. Skilled trades occupations,64,55,9
S01007210,6. Caring leisure and other service occupations,36,6,30
S01007210,7. Sales and customer service occupations,38,13,25
S01007210,8. Process plant and machine operatives,47,42,5
S01007210,9. Elementary occupations,63,31,32
S01007211,All people aged 16 to 74 in employment,411,218,193
S01007211,1. Managers directors and senior officials,25,18,7
S01007211,2. Professional occupations,35,15,20
S01007211,3. Associate professional and technical occupations,53,29,24
S01007211,4. Administrative and secretarial occupations,30,5,25
S01007211,5. Skilled trades occupations,65,60,5
S01007211,6. Caring leisure and other service occupations,46,8,38
S01007211,7. Sales and customer service occupations,39,9,30
S01007211,8. Process plant and machine operatives,49,42,7
S01007211,9. Elementary occupations,69,32,37
S01007212,All people aged 16 to 74 in employment,275,150,125
S01007212,1. Managers directors and senior officials,18,8,10
S01007212,2. Professional occupations,25,9,16
S01007212,3. Associate professional and technical occupations,49,35,14
S01007212,4. Administrative and secretarial occupations,34,7,27
S01007212,5. Skilled trades occupations,44,41,3
S01007212,6. Caring leisure and other service occupations,30,6,24
S01007212,7. Sales and customer service occupations,21,7,14
S01007212,8. Process plant and machine operatives,26,24,2
S01007212,9. Elementary occupations,28,13,15
S01007213,All people aged 16 to 74 in employment,393,208,185
S01007213,1. Managers directors and senior officials,33,20,13
S01007213,2. Professional occupations,79,33,46
S01007213,3. Associate professional and technical occupations,45,30,15
S01007213,4. Administrative and secretarial occupations,29,4,25
S01007213,5. Skilled trades occupations,49,48,1
S01007213,6. Caring leisure and other service occupations,43,6,37
S01007213,7. Sales and customer service occupations,24,6,18
S01007213,8. Process plant and machine operatives,38,33,5
S01007213,9. Elementary occupations,53,28,25
S01007214,All people aged 16 to 74 in employment,321,159,162
S01007214,1. Managers directors and senior officials,22,7,15
S01007214,2. Professional occupations,38,19,19
S01007214,3. Associate professional and technical occupations,32,17,15
S01007214,4. Administrative and secretarial occupations,33,5,28
S01007214,5. Skilled trades occupations,48,44,4
S01007214,6. Caring leisure and other service occupations,33,6,27
S01007214,7. Sales and customer service occupations,26,7,19
S01007214,8. Process plant and machine operatives,32,29,3
S01007214,9. Elementary occupations,57,25,32
S01007215,All people aged 16 to 74 in employment,371,192,179
S01007215,1. Managers directors and senior officials,18,10,8
S01007215,2. Professional occupations,39,13,26
S01007215,3. Associate professional and technical occupations,60,35,25
S01007215,4. Administrative and secretarial occupations,31,4,27
S01007215,5. Skilled trades occupations,58,54,4
S01007215,6. Caring leisure and other service occupations,45,5,40
S01007215,7. Sales and customer service occupations,29,10,19
S01007215,8. Process plant and machine operatives,47,44,3
S01007215,9. Elementary occupations,44,17,27
S01007216,All people aged 16 to 74 in employment,349,187,162
S01007216,1. Managers directors and senior officials,30,16,14
S01007216,2. Professional occupations,50,26,24
S01007216,3. Associate professional and technical occupations,55,35,20
S01007216,4. Administrative and secretarial occupations,36,9,27
S01007216,5. Skilled trades occupations,50,47,3
S01007216,6. Caring leisure and other service occupations,39,5,34
S01007216,7. Sales and customer service occupations,29,6,23
S01007216,8. Process plant and machine operatives,29,27,2
S01007216,9. Elementary occupations,31,16,15
S01007217,All people aged 16 to 74 in employment,437,221,216
S01007217,1. Managers directors and senior officials,24,15,9
S01007217,2. Professional occupations,42,22,20
S01007217,3. Associate professional and technical occupations,47,25,22
S01007217,4. Administrative and secretarial occupations,40,4,36
S01007217,5. Skilled trades occupations,63,58,5
S01007217,6. Caring leisure and other service occupations,45,10,35
S01007217,7. Sales and customer service occupations,48,9,39
S01007217,8. Process plant and machine operatives,46,43,3
S01007217,9. Elementary occupations,82,35,47
S01007218,All people aged 16 to 74 in employment,429,244,185
S01007218,1. Managers directors and senior officials,36,21,15
S01007218,2. Professional occupations,80,39,41
S01007218,3. Associate professional and technical occupations,60,40,20
S01007218,4. Administrative and secretarial occupations,47,9,38
S01007218,5. Skilled trades occupations,61,56,5
S01007218,6. Caring leisure and other service occupations,36,6,30
S01007218,7. Sales and customer service occupations,29,10,19
S01007218,8. Process plant and machine operatives,46,45,1
S01007218,9. Elementary occupations,34,18,16
S01007219,All people aged 16 to 74 in employment,379,196,183
S01007219,1. Managers directors and senior officials,31,23,8
S01007219,2. Professional occupations,30,12,18
S01007219,3. Associate professional and technical occupations,49,26,23
S01007219,4. Administrative and secretarial occupations,42,7,35
S01007219,5. Skilled trades occupations,68,63,5
S01007219,6. Caring leisure and other service occupations,48,4,44
S01007219,7. Sales and customer service occupations,26,5,21
S01007219,8. Process plant and machine operatives,34,30,4
S01007219,9. Elementary occupations,51,26,25
S01007220,All people aged 16 to 74 in employment,337,179,158
S01007220,1. Managers directors and senior officials,13,8,5
S01007220,2. Professional occupations,24,7,17
S01007220,3. Associate professional and technical occupations,41,26,15
S01007220,4. Administrative and secretarial occupations,30,4,26
S01007220,5. Skilled trades occupations,49,47,2
S01007220,6. Caring leisure and other service occupations,34,7,27
S01007220,7. Sales and customer service occupations,40,11,29
S01007220,8. Process plant and machine operatives,45,44,1
S01007220,9. Elementary occupations,61,25,36
S01007221,All people aged 16 to 74 in employment,303,165,138
S01007221,1. Managers directors and senior officials,28,24,4
S01007221,2. Professional occupations,74,38,36
S01007221,3. Associate professional and technical occupations,53,28,25
S01007221,4. Administrative and secretarial occupations,39,7,32
S01007221,5. Skilled trades occupations,43,38,5
S01007221,6. Caring leisure and other service occupations,17,0,17
S01007221,7. Sales and customer service occupations,16,3,13
S01007221,8. Process plant and machine operatives,24,23,1
S01007221,9. Elementary occupations,9,4,5
S01007222,All people aged 16 to 74 in employment,389,213,176
S01007222,1. Managers directors and senior officials,37,23,14
S01007222,2. Professional occupations,36,16,20
S01007222,3. Associate professional and technical occupations,42,27,15
S01007222,4. Administrative and secretarial occupations,33,6,27
S01007222,5. Skilled trades occupations,61,54,7
S01007222,6. Caring leisure and other service occupations,38,4,34
S01007222,7. Sales and customer service occupations,44,13,31
S01007222,8. Process plant and machine operatives,40,38,2
S01007222,9. Elementary occupations,58,32,26
S01007223,All people aged 16 to 74 in employment,267,152,115
S01007223,1. Managers directors and senior officials,29,15,14
S01007223,2. Professional occupations,52,24,28
S01007223,3. Associate professional and technical occupations,46,31,15
S01007223,4. Administrative and secretarial occupations,24,4,20
S01007223,5. Skilled trades occupations,38,37,1
S01007223,6. Caring leisure and other service occupations,22,5,17
S01007223,7. Sales and customer service occupations,15,6,9
S01007223,8. Process plant and machine operatives,25,22,3
S01007223,9. Elementary occupations,16,8,8
S01007224,All people aged 16 to 74 in employment,274,143,131
S01007224,1. Managers directors and senior officials,30,17,13
S01007224,2. Professional occupations,52,21,31
S01007224,3. Associate professional and technical occupations,31,24,7
S01007224,4. Administrative and secretarial occupations,24,4,20
S01007224,5. Skilled trades occupations,35,28,7
S01007224,6. Caring leisure and other service occupations,30,5,25
S01007224,7. Sales and customer service occupations,15,4,11
S01007224,8. Process plant and machine operatives,27,26,1
S01007224,9. Elementary occupations,30,14,16
S01007225,All people aged 16 to 74 in employment,473,258,215
S01007225,1. Managers directors and senior officials,58,33,25
S01007225,2. Professional occupations,77,33,44
S01007225,3. Associate professional and technical occupations,65,34,31
S01007225,4. Administrative and secretarial occupations,40,5,35
S01007225,5. Skilled trades occupations,80,76,4
S01007225,6. Caring leisure and other service occupations,39,5,34
S01007225,7. Sales and customer service occupations,18,5,13
S01007225,8. Process plant and machine operatives,42,39,3
S01007225,9. Elementary occupations,54,28,26
S01007226,All people aged 16 to 74 in employment,424,237,187
S01007226,1. Managers directors and senior officials,41,28,13
S01007226,2. Professional occupations,73,32,41
S01007226,3. Associate professional and technical occupations,54,32,22
S01007226,4. Administrative and secretarial occupations,39,2,37
S01007226,5. Skilled trades occupations,93,80,13
S01007226,6. Caring leisure and other service occupations,31,4,27
S01007226,7. Sales and customer service occupations,21,9,12
S01007226,8. Process plant and machine operatives,25,23,2
S01007226,9. Elementary occupations,47,27,20
S01007227,All people aged 16 to 74 in employment,452,231,221
S01007227,1. Managers directors and senior officials,39,21,18
S01007227,2. Professional occupations,63,31,32
S01007227,3. Associate professional and technical occupations,59,28,31
S01007227,4. Administrative and secretarial occupations,43,3,40
S01007227,5. Skilled trades occupations,71,63,8
S01007227,6. Caring leisure and other service occupations,46,12,34
S01007227,7. Sales and customer service occupations,36,11,25
S01007227,8. Process plant and machine operatives,44,38,6
S01007227,9. Elementary occupations,51,24,27
S01007228,All people aged 16 to 74 in employment,324,182,142
S01007228,1. Managers directors and senior officials,31,23,8
S01007228,2. Professional occupations,55,20,35
S01007228,3. Associate professional and technical occupations,29,19,10
S01007228,4. Administrative and secretarial occupations,34,5,29
S01007228,5. Skilled trades occupations,78,64,14
S01007228,6. Caring leisure and other service occupations,26,7,19
S01007228,7. Sales and customer service occupations,13,2,11
S01007228,8. Process plant and machine operatives,24,20,4
S01007228,9. Elementary occupations,34,22,12
S01007229,All people aged 16 to 74 in employment,601,342,259
S01007229,1. Managers directors and senior officials,69,44,25
S01007229,2. Professional occupations,81,38,43
S01007229,3. Associate professional and technical occupations,72,37,35
S01007229,4. Administrative and secretarial occupations,54,8,46
S01007229,5. Skilled trades occupations,123,112,11
S01007229,6. Caring leisure and other service occupations,60,8,52
S01007229,7. Sales and customer service occupations,35,15,20
S01007229,8. Process plant and machine operatives,49,44,5
S01007229,9. Elementary occupations,58,36,22
S01007230,All people aged 16 to 74 in employment,314,166,148
S01007230,1. Managers directors and senior officials,18,10,8
S01007230,2. Professional occupations,15,4,11
S01007230,3. Associate professional and technical occupations,18,5,13
S01007230,4. Administrative and secretarial occupations,26,7,19
S01007230,5. Skilled trades occupations,59,53,6
S01007230,6. Caring leisure and other service occupations,34,2,32
S01007230,7. Sales and customer service occupations,24,7,17
S01007230,8. Process plant and machine operatives,39,34,5
S01007230,9. Elementary occupations,81,44,37
S01007231,All people aged 16 to 74 in employment,272,149,123
S01007231,1. Managers directors and senior officials,13,6,7
S01007231,2. Professional occupations,15,7,8
S01007231,3. Associate professional and technical occupations,16,10,6
S01007231,4. Administrative and secretarial occupations,20,3,17
S01007231,5. Skilled trades occupations,65,54,11
S01007231,6. Caring leisure and other service occupations,26,2,24
S01007231,7. Sales and customer service occupations,19,5,14
S01007231,8. Process plant and machine operatives,39,28,11
S01007231,9. Elementary occupations,59,34,25
S01007232,All people aged 16 to 74 in employment,300,152,148
S01007232,1. Managers directors and senior officials,13,6,7
S01007232,2. Professional occupations,16,7,9
S01007232,3. Associate professional and technical occupations,19,11,8
S01007232,4. Administrative and secretarial occupations,33,9,24
S01007232,5. Skilled trades occupations,50,41,9
S01007232,6. Caring leisure and other service occupations,42,7,35
S01007232,7. Sales and customer service occupations,25,8,17
S01007232,8. Process plant and machine operatives,45,38,7
S01007232,9. Elementary occupations,57,25,32
S01007233,All people aged 16 to 74 in employment,387,208,179
S01007233,1. Managers directors and senior officials,26,15,11
S01007233,2. Professional occupations,53,20,33
S01007233,3. Associate professional and technical occupations,35,20,15
S01007233,4. Administrative and secretarial occupations,32,5,27
S01007233,5. Skilled trades occupations,76,72,4
S01007233,6. Caring leisure and other service occupations,31,1,30
S01007233,7. Sales and customer service occupations,31,10,21
S01007233,8. Process plant and machine operatives,49,37,12
S01007233,9. Elementary occupations,54,28,26
S01007234,All people aged 16 to 74 in employment,270,136,134
S01007234,1. Managers directors and senior officials,22,16,6
S01007234,2. Professional occupations,27,12,15
S01007234,3. Associate professional and technical occupations,33,12,21
S01007234,4. Administrative and secretarial occupations,13,2,11
S01007234,5. Skilled trades occupations,36,31,5
S01007234,6. Caring leisure and other service occupations,35,3,32
S01007234,7. Sales and customer service occupations,23,7,16
S01007234,8. Process plant and machine operatives,43,38,5
S01007234,9. Elementary occupations,38,15,23
S01007235,All people aged 16 to 74 in employment,360,193,167
S01007235,1. Managers directors and senior officials,25,16,9
S01007235,2. Professional occupations,35,11,24
S01007235,3. Associate professional and technical occupations,40,28,12
S01007235,4. Administrative and secretarial occupations,31,7,24
S01007235,5. Skilled trades occupations,65,51,14
S01007235,6. Caring leisure and other service occupations,31,3,28
S01007235,7. Sales and customer service occupations,46,14,32
S01007235,8. Process plant and machine operatives,45,37,8
S01007235,9. Elementary occupations,42,26,16
S01007236,All people aged 16 to 74 in employment,312,163,149
S01007236,1. Managers directors and senior officials,23,17,6
S01007236,2. Professional occupations,36,14,22
S01007236,3. Associate professional and technical occupations,39,22,17
S01007236,4. Administrative and secretarial occupations,36,5,31
S01007236,5. Skilled trades occupations,44,40,4
S01007236,6. Caring leisure and other service occupations,38,5,33
S01007236,7. Sales and customer service occupations,29,12,17
S01007236,8. Process plant and machine operatives,37,33,4
S01007236,9. Elementary occupations,30,15,15
S01007237,All people aged 16 to 74 in employment,358,189,169
S01007237,1. Managers directors and senior officials,22,18,4
S01007237,2. Professional occupations,42,17,25
S01007237,3. Associate professional and technical occupations,41,26,15
S01007237,4. Administrative and secretarial occupations,51,6,45
S01007237,5. Skilled trades occupations,55,48,7
S01007237,6. Caring leisure and other service occupations,39,3,36
S01007237,7. Sales and customer service occupations,28,9,19
S01007237,8. Process plant and machine operatives,49,42,7
S01007237,9. Elementary occupations,31,20,11
S01007238,All people aged 16 to 74 in employment,459,236,223
S01007238,1. Managers directors and senior officials,37,18,19
S01007238,2. Professional occupations,56,21,35
S01007238,3. Associate professional and technical occupations,52,27,25
S01007238,4. Administrative and secretarial occupations,50,8,42
S01007238,5. Skilled trades occupations,64,55,9
S01007238,6. Caring leisure and other service occupations,44,7,37
S01007238,7. Sales and customer service occupations,38,17,21
S01007238,8. Process plant and machine operatives,55,49,6
S01007238,9. Elementary occupations,63,34,29
S01007239,All people aged 16 to 74 in employment,358,199,159
S01007239,1. Managers directors and senior officials,43,30,13
S01007239,2. Professional occupations,72,31,41
S01007239,3. Associate professional and technical occupations,48,36,12
S01007239,4. Administrative and secretarial occupations,46,5,41
S01007239,5. Skilled trades occupations,49,45,4
S01007239,6. Caring leisure and other service occupations,26,3,23
S01007239,7. Sales and customer service occupations,22,6,16
S01007239,8. Process plant and machine operatives,32,30,2
S01007239,9. Elementary occupations,20,13,7
S01007240,All people aged 16 to 74 in employment,291,163,128
S01007240,1. Managers directors and senior officials,31,18,13
S01007240,2. Professional occupations,29,16,13
S01007240,3. Associate professional and technical occupations,30,19,11
S01007240,4. Administrative and secretarial occupations,29,2,27
S01007240,5. Skilled trades occupations,57,52,5
S01007240,6. Caring leisure and other service occupations,38,5,33
S01007240,7. Sales and customer service occupations,21,9,12
S01007240,8. Process plant and machine operatives,25,22,3
S01007240,9. Elementary occupations,31,20,11
S01007241,All people aged 16 to 74 in employment,343,188,155
S01007241,1. Managers directors and senior officials,32,18,14
S01007241,2. Professional occupations,60,23,37
S01007241,3. Associate professional and technical occupations,45,24,21
S01007241,4. Administrative and secretarial occupations,33,10,23
S01007241,5. Skilled trades occupations,75,64,11
S01007241,6. Caring leisure and other service occupations,29,4,25
S01007241,7. Sales and customer service occupations,14,4,10
S01007241,8. Process plant and machine operatives,18,18,0
S01007241,9. Elementary occupations,37,23,14
S01007242,All people aged 16 to 74 in employment,466,233,233
S01007242,1. Managers directors and senior officials,32,20,12
S01007242,2. Professional occupations,70,22,48
S01007242,3. Associate professional and technical occupations,75,44,31
S01007242,4. Administrative and secretarial occupations,51,6,45
S01007242,5. Skilled trades occupations,75,68,7
S01007242,6. Caring leisure and other service occupations,42,5,37
S01007242,7. Sales and customer service occupations,38,15,23
S01007242,8. Process plant and machine operatives,30,26,4
S01007242,9. Elementary occupations,53,27,26
S01007243,All people aged 16 to 74 in employment,290,159,131
S01007243,1. Managers directors and senior officials,32,20,12
S01007243,2. Professional occupations,59,23,36
S01007243,3. Associate professional and technical occupations,43,29,14
S01007243,4. Administrative and secretarial occupations,31,5,26
S01007243,5. Skilled trades occupations,44,36,8
S01007243,6. Caring leisure and other service occupations,21,3,18
S01007243,7. Sales and customer service occupations,15,8,7
S01007243,8. Process plant and machine operatives,23,19,4
S01007243,9. Elementary occupations,22,16,6
S01007244,All people aged 16 to 74 in employment,352,189,163
S01007244,1. Managers directors and senior officials,40,24,16
S01007244,2. Professional occupations,50,22,28
S01007244,3. Associate professional and technical occupations,47,27,20
S01007244,4. Administrative and secretarial occupations,38,6,32
S01007244,5. Skilled trades occupations,60,51,9
S01007244,6. Caring leisure and other service occupations,31,4,27
S01007244,7. Sales and customer service occupations,15,8,7
S01007244,8. Process plant and machine operatives,35,29,6
S01007244,9. Elementary occupations,36,18,18
S01007245,All people aged 16 to 74 in employment,349,191,158
S01007245,1. Managers directors and senior officials,27,16,11
S01007245,2. Professional occupations,39,14,25
S01007245,3. Associate professional and technical occupations,41,21,20
S01007245,4. Administrative and secretarial occupations,40,5,35
S01007245,5. Skilled trades occupations,67,60,7
S01007245,6. Caring leisure and other service occupations,33,7,26
S01007245,7. Sales and customer service occupations,28,8,20
S01007245,8. Process plant and machine operatives,35,33,2
S01007245,9. Elementary occupations,39,27,12
S01007246,All people aged 16 to 74 in employment,304,172,132
S01007246,1. Managers directors and senior officials,27,18,9
S01007246,2. Professional occupations,41,13,28
S01007246,3. Associate professional and technical occupations,27,17,10
S01007246,4. Administrative and secretarial occupations,37,1,36
S01007246,5. Skilled trades occupations,73,66,7
S01007246,6. Caring leisure and other service occupations,19,3,16
S01007246,7. Sales and customer service occupations,16,3,13
S01007246,8. Process plant and machine operatives,33,29,4
S01007246,9. Elementary occupations,31,22,9
S01007247,All people aged 16 to 74 in employment,337,169,168
S01007247,1. Managers directors and senior officials,39,20,19
S01007247,2. Professional occupations,65,20,45
S01007247,3. Associate professional and technical occupations,35,19,16
S01007247,4. Administrative and secretarial occupations,27,4,23
S01007247,5. Skilled trades occupations,58,50,8
S01007247,6. Caring leisure and other service occupations,36,7,29
S01007247,7. Sales and customer service occupations,12,3,9
S01007247,8. Process plant and machine operatives,28,24,4
S01007247,9. Elementary occupations,37,22,15
S01007248,All people aged 16 to 74 in employment,354,192,162
S01007248,1. Managers directors and senior officials,47,30,17
S01007248,2. Professional occupations,63,26,37
S01007248,3. Associate professional and technical occupations,51,40,11
S01007248,4. Administrative and secretarial occupations,50,9,41
S01007248,5. Skilled trades occupations,45,44,1
S01007248,6. Caring leisure and other service occupations,23,2,21
S01007248,7. Sales and customer service occupations,31,11,20
S01007248,8. Process plant and machine operatives,24,22,2
S01007248,9. Elementary occupations,20,8,12
S01007249,All people aged 16 to 74 in employment,177,92,85
S01007249,1. Managers directors and senior officials,17,13,4
S01007249,2. Professional occupations,31,16,15
S01007249,3. Associate professional and technical occupations,29,14,15
S01007249,4. Administrative and secretarial occupations,30,6,24
S01007249,5. Skilled trades occupations,16,14,2
S01007249,6. Caring leisure and other service occupations,11,1,10
S01007249,7. Sales and customer service occupations,17,4,13
S01007249,8. Process plant and machine operatives,13,13,0
S01007249,9. Elementary occupations,13,11,2
S01007250,All people aged 16 to 74 in employment,456,235,221
S01007250,1. Managers directors and senior officials,31,21,10
S01007250,2. Professional occupations,47,18,29
S01007250,3. Associate professional and technical occupations,73,37,36
S01007250,4. Administrative and secretarial occupations,51,6,45
S01007250,5. Skilled trades occupations,77,72,5
S01007250,6. Caring leisure and other service occupations,45,9,36
S01007250,7. Sales and customer service occupations,44,12,32
S01007250,8. Process plant and machine operatives,41,32,9
S01007250,9. Elementary occupations,47,28,19
S01007251,All people aged 16 to 74 in employment,232,113,119
S01007251,1. Managers directors and senior officials,20,13,7
S01007251,2. Professional occupations,18,4,14
S01007251,3. Associate professional and technical occupations,29,13,16
S01007251,4. Administrative and secretarial occupations,31,4,27
S01007251,5. Skilled trades occupations,36,33,3
S01007251,6. Caring leisure and other service occupations,23,2,21
S01007251,7. Sales and customer service occupations,23,6,17
S01007251,8. Process plant and machine operatives,20,18,2
S01007251,9. Elementary occupations,32,20,12
S01007252,All people aged 16 to 74 in employment,399,223,176
S01007252,1. Managers directors and senior officials,20,14,6
S01007252,2. Professional occupations,40,16,24
S01007252,3. Associate professional and technical occupations,39,21,18
S01007252,4. Administrative and secretarial occupations,56,8,48
S01007252,5. Skilled trades occupations,88,76,12
S01007252,6. Caring leisure and other service occupations,37,9,28
S01007252,7. Sales and customer service occupations,30,12,18
S01007252,8. Process plant and machine operatives,38,37,1
S01007252,9. Elementary occupations,51,30,21
S01007253,All people aged 16 to 74 in employment,380,197,183
S01007253,1. Managers directors and senior officials,29,20,9
S01007253,2. Professional occupations,59,19,40
S01007253,3. Associate professional and technical occupations,61,33,28
S01007253,4. Administrative and secretarial occupations,47,10,37
S01007253,5. Skilled trades occupations,54,49,5
S01007253,6. Caring leisure and other service occupations,28,5,23
S01007253,7. Sales and customer service occupations,24,7,17
S01007253,8. Process plant and machine operatives,39,36,3
S01007253,9. Elementary occupations,39,18,21
S01007254,All people aged 16 to 74 in employment,343,172,171
S01007254,1. Managers directors and senior officials,19,17,2
S01007254,2. Professional occupations,35,15,20
S01007254,3. Associate professional and technical occupations,28,16,12
S01007254,4. Administrative and secretarial occupations,42,4,38
S01007254,5. Skilled trades occupations,61,52,9
S01007254,6. Caring leisure and other service occupations,36,5,31
S01007254,7. Sales and customer service occupations,36,11,25
S01007254,8. Process plant and machine operatives,26,22,4
S01007254,9. Elementary occupations,60,30,30
S01007255,All people aged 16 to 74 in employment,338,175,163
S01007255,1. Managers directors and senior officials,14,10,4
S01007255,2. Professional occupations,28,9,19
S01007255,3. Associate professional and technical occupations,29,17,12
S01007255,4. Administrative and secretarial occupations,27,4,23
S01007255,5. Skilled trades occupations,59,53,6
S01007255,6. Caring leisure and other service occupations,40,2,38
S01007255,7. Sales and customer service occupations,31,10,21
S01007255,8. Process plant and machine operatives,36,30,6
S01007255,9. Elementary occupations,74,40,34
S01007256,All people aged 16 to 74 in employment,391,203,188
S01007256,1. Managers directors and senior officials,19,7,12
S01007256,2. Professional occupations,37,15,22
S01007256,3. Associate professional and technical occupations,42,22,20
S01007256,4. Administrative and secretarial occupations,28,3,25
S01007256,5. Skilled trades occupations,84,75,9
S01007256,6. Caring leisure and other service occupations,33,6,27
S01007256,7. Sales and customer service occupations,34,8,26
S01007256,8. Process plant and machine operatives,49,42,7
S01007256,9. Elementary occupations,65,25,40
S01007257,All people aged 16 to 74 in employment,281,155,126
S01007257,1. Managers directors and senior officials,20,9,11
S01007257,2. Professional occupations,16,7,9
S01007257,3. Associate professional and technical occupations,26,14,12
S01007257,4. Administrative and secretarial occupations,20,4,16
S01007257,5. Skilled trades occupations,52,45,7
S01007257,6. Caring leisure and other service occupations,20,3,17
S01007257,7. Sales and customer service occupations,33,12,21
S01007257,8. Process plant and machine operatives,40,32,8
S01007257,9. Elementary occupations,54,29,25
S01007258,All people aged 16 to 74 in employment,381,200,181
S01007258,1. Managers directors and senior officials,31,21,10
S01007258,2. Professional occupations,45,14,31
S01007258,3. Associate professional and technical occupations,46,27,19
S01007258,4. Administrative and secretarial occupations,38,3,35
S01007258,5. Skilled trades occupations,57,53,4
S01007258,6. Caring leisure and other service occupations,35,9,26
S01007258,7. Sales and customer service occupations,32,12,20
S01007258,8. Process plant and machine operatives,43,35,8
S01007258,9. Elementary occupations,54,26,28
S01007259,All people aged 16 to 74 in employment,379,194,185
S01007259,1. Managers directors and senior officials,20,10,10
S01007259,2. Professional occupations,25,12,13
S01007259,3. Associate professional and technical occupations,36,15,21
S01007259,4. Administrative and secretarial occupations,39,3,36
S01007259,5. Skilled trades occupations,69,64,5
S01007259,6. Caring leisure and other service occupations,41,6,35
S01007259,7. Sales and customer service occupations,36,13,23
S01007259,8. Process plant and machine operatives,46,42,4
S01007259,9. Elementary occupations,67,29,38
S01007260,All people aged 16 to 74 in employment,409,208,201
S01007260,1. Managers directors and senior officials,16,8,8
S01007260,2. Professional occupations,26,9,17
S01007260,3. Associate professional and technical occupations,39,23,16
S01007260,4. Administrative and secretarial occupations,39,3,36
S01007260,5. Skilled trades occupations,78,67,11
S01007260,6. Caring leisure and other service occupations,43,2,41
S01007260,7. Sales and customer service occupations,31,7,24
S01007260,8. Process plant and machine operatives,57,51,6
S01007260,9. Elementary occupations,80,38,42
S01007261,All people aged 16 to 74 in employment,374,199,175
S01007261,1. Managers directors and senior officials,43,26,17
S01007261,2. Professional occupations,48,17,31
S01007261,3. Associate professional and technical occupations,56,37,19
S01007261,4. Administrative and secretarial occupations,32,6,26
S01007261,5. Skilled trades occupations,54,50,4
S01007261,6. Caring leisure and other service occupations,34,6,28
S01007261,7. Sales and customer service occupations,36,11,25
S01007261,8. Process plant and machine operatives,33,27,6
S01007261,9. Elementary occupations,38,19,19
S01007262,All people aged 16 to 74 in employment,343,171,172
S01007262,1. Managers directors and senior officials,16,6,10
S01007262,2. Professional occupations,31,10,21
S01007262,3. Associate professional and technical occupations,24,10,14
S01007262,4. Administrative and secretarial occupations,31,7,24
S01007262,5. Skilled trades occupations,51,46,5
S01007262,6. Caring leisure and other service occupations,40,4,36
S01007262,7. Sales and customer service occupations,29,8,21
S01007262,8. Process plant and machine operatives,62,53,9
S01007262,9. Elementary occupations,59,27,32
S01007263,All people aged 16 to 74 in employment,369,193,176
S01007263,1. Managers directors and senior officials,17,12,5
S01007263,2. Professional occupations,25,7,18
S01007263,3. Associate professional and technical occupations,38,19,19
S01007263,4. Administrative and secretarial occupations,40,12,28
S01007263,5. Skilled trades occupations,51,47,4
S01007263,6. Caring leisure and other service occupations,43,3,40
S01007263,7. Sales and customer service occupations,40,14,26
S01007263,8. Process plant and machine operatives,61,50,11
S01007263,9. Elementary occupations,54,29,25
S01007264,All people aged 16 to 74 in employment,350,194,156
S01007264,1. Managers directors and senior officials,25,18,7
S01007264,2. Professional occupations,49,24,25
S01007264,3. Associate professional and technical occupations,39,25,14
S01007264,4. Administrative and secretarial occupations,28,6,22
S01007264,5. Skilled trades occupations,57,46,11
S01007264,6. Caring leisure and other service occupations,32,2,30
S01007264,7. Sales and customer service occupations,33,11,22
S01007264,8. Process plant and machine operatives,39,31,8
S01007264,9. Elementary occupations,48,31,17
S01007265,All people aged 16 to 74 in employment,519,266,253
S01007265,1. Managers directors and senior officials,38,26,12
S01007265,2. Professional occupations,44,15,29
S01007265,3. Associate professional and technical occupations,48,25,23
S01007265,4. Administrative and secretarial occupations,61,6,55
S01007265,5. Skilled trades occupations,78,68,10
S01007265,6. Caring leisure and other service occupations,57,12,45
S01007265,7. Sales and customer service occupations,52,14,38
S01007265,8. Process plant and machine operatives,59,51,8
S01007265,9. Elementary occupations,82,49,33
S01007266,All people aged 16 to 74 in employment,367,196,171
S01007266,1. Managers directors and senior officials,17,9,8
S01007266,2. Professional occupations,62,26,36
S01007266,3. Associate professional and technical occupations,45,28,17
S01007266,4. Administrative and secretarial occupations,35,2,33
S01007266,5. Skilled trades occupations,62,54,8
S01007266,6. Caring leisure and other service occupations,33,1,32
S01007266,7. Sales and customer service occupations,32,12,20
S01007266,8. Process plant and machine operatives,39,37,2
S01007266,9. Elementary occupations,42,27,15
S01007267,All people aged 16 to 74 in employment,290,170,120
S01007267,1. Managers directors and senior officials,18,11,7
S01007267,2. Professional occupations,63,34,29
S01007267,3. Associate professional and technical occupations,31,17,14
S01007267,4. Administrative and secretarial occupations,26,4,22
S01007267,5. Skilled trades occupations,73,67,6
S01007267,6. Caring leisure and other service occupations,21,1,20
S01007267,7. Sales and customer service occupations,11,3,8
S01007267,8. Process plant and machine operatives,20,19,1
S01007267,9. Elementary occupations,27,14,13
S01007268,All people aged 16 to 74 in employment,312,170,142
S01007268,1. Managers directors and senior officials,35,23,12
S01007268,2. Professional occupations,58,26,32
S01007268,3. Associate professional and technical occupations,41,19,22
S01007268,4. Administrative and secretarial occupations,30,1,29
S01007268,5. Skilled trades occupations,65,62,3
S01007268,6. Caring leisure and other service occupations,22,3,19
S01007268,7. Sales and customer service occupations,11,3,8
S01007268,8. Process plant and machine operatives,21,20,1
S01007268,9. Elementary occupations,29,13,16
S01007269,All people aged 16 to 74 in employment,241,126,115
S01007269,1. Managers directors and senior officials,34,19,15
S01007269,2. Professional occupations,45,21,24
S01007269,3. Associate professional and technical occupations,26,14,12
S01007269,4. Administrative and secretarial occupations,22,1,21
S01007269,5. Skilled trades occupations,40,35,5
S01007269,6. Caring leisure and other service occupations,22,4,18
S01007269,7. Sales and customer service occupations,14,8,6
S01007269,8. Process plant and machine operatives,19,16,3
S01007269,9. Elementary occupations,19,8,11
S01007270,All people aged 16 to 74 in employment,264,141,123
S01007270,1. Managers directors and senior officials,21,12,9
S01007270,2. Professional occupations,40,13,27
S01007270,3. Associate professional and technical occupations,33,17,16
S01007270,4. Administrative and secretarial occupations,24,3,21
S01007270,5. Skilled trades occupations,72,62,10
S01007270,6. Caring leisure and other service occupations,21,2,19
S01007270,7. Sales and customer service occupations,11,3,8
S01007270,8. Process plant and machine operatives,20,15,5
S01007270,9. Elementary occupations,22,14,8
S01007271,All people aged 16 to 74 in employment,487,263,224
S01007271,1. Managers directors and senior officials,46,25,21
S01007271,2. Professional occupations,69,30,39
S01007271,3. Associate professional and technical occupations,54,30,24
S01007271,4. Administrative and secretarial occupations,49,7,42
S01007271,5. Skilled trades occupations,92,84,8
S01007271,6. Caring leisure and other service occupations,46,8,38
S01007271,7. Sales and customer service occupations,31,8,23
S01007271,8. Process plant and machine operatives,53,44,9
S01007271,9. Elementary occupations,47,27,20
S01007272,All people aged 16 to 74 in employment,360,183,177
S01007272,1. Managers directors and senior officials,15,10,5
S01007272,2. Professional occupations,25,8,17
S01007272,3. Associate professional and technical occupations,42,21,21
S01007272,4. Administrative and secretarial occupations,30,8,22
S01007272,5. Skilled trades occupations,66,57,9
S01007272,6. Caring leisure and other service occupations,44,6,38
S01007272,7. Sales and customer service occupations,23,4,19
S01007272,8. Process plant and machine operatives,52,43,9
S01007272,9. Elementary occupations,63,26,37
S01007273,All people aged 16 to 74 in employment,319,169,150
S01007273,1. Managers directors and senior officials,23,18,5
S01007273,2. Professional occupations,43,17,26
S01007273,3. Associate professional and technical occupations,32,20,12
S01007273,4. Administrative and secretarial occupations,46,8,38
S01007273,5. Skilled trades occupations,41,35,6
S01007273,6. Caring leisure and other service occupations,31,3,28
S01007273,7. Sales and customer service occupations,18,8,10
S01007273,8. Process plant and machine operatives,34,27,7
S01007273,9. Elementary occupations,51,33,18
S01007274,All people aged 16 to 74 in employment,390,207,183
S01007274,1. Managers directors and senior officials,31,19,12
S01007274,2. Professional occupations,64,29,35
S01007274,3. Associate professional and technical occupations,52,29,23
S01007274,4. Administrative and secretarial occupations,33,4,29
S01007274,5. Skilled trades occupations,58,56,2
S01007274,6. Caring leisure and other service occupations,42,11,31
S01007274,7. Sales and customer service occupations,26,7,19
S01007274,8. Process plant and machine operatives,40,32,8
S01007274,9. Elementary occupations,44,20,24
S01007275,All people aged 16 to 74 in employment,248,129,119
S01007275,1. Managers directors and senior officials,22,12,10
S01007275,2. Professional occupations,62,26,36
S01007275,3. Associate professional and technical occupations,35,22,13
S01007275,4. Administrative and secretarial occupations,20,7,13
S01007275,5. Skilled trades occupations,28,24,4
S01007275,6. Caring leisure and other service occupations,19,2,17
S01007275,7. Sales and customer service occupations,20,9,11
S01007275,8. Process plant and machine operatives,22,18,4
S01007275,9. Elementary occupations,20,9,11
S01007276,All people aged 16 to 74 in employment,387,206,181
S01007276,1. Managers directors and senior officials,28,23,5
S01007276,2. Professional occupations,59,26,33
S01007276,3. Associate professional and technical occupations,45,26,19
S01007276,4. Administrative and secretarial occupations,48,9,39
S01007276,5. Skilled trades occupations,62,58,4
S01007276,6. Caring leisure and other service occupations,39,9,30
S01007276,7. Sales and customer service occupations,36,10,26
S01007276,8. Process plant and machine operatives,39,33,6
S01007276,9. Elementary occupations,31,12,19
S01007277,All people aged 16 to 74 in employment,358,179,179
S01007277,1. Managers directors and senior officials,27,16,11
S01007277,2. Professional occupations,85,34,51
S01007277,3. Associate professional and technical occupations,57,34,23
S01007277,4. Administrative and secretarial occupations,32,4,28
S01007277,5. Skilled trades occupations,44,42,2
S01007277,6. Caring leisure and other service occupations,36,4,32
S01007277,7. Sales and customer service occupations,24,12,12
S01007277,8. Process plant and machine operatives,17,16,1
S01007277,9. Elementary occupations,36,17,19
S01007278,All people aged 16 to 74 in employment,262,136,126
S01007278,1. Managers directors and senior officials,32,20,12
S01007278,2. Professional occupations,54,22,32
S01007278,3. Associate professional and technical occupations,35,24,11
S01007278,4. Administrative and secretarial occupations,31,4,27
S01007278,5. Skilled trades occupations,36,31,5
S01007278,6. Caring leisure and other service occupations,17,2,15
S01007278,7. Sales and customer service occupations,17,6,11
S01007278,8. Process plant and machine operatives,21,19,2
S01007278,9. Elementary occupations,19,8,11
S01007279,All people aged 16 to 74 in employment,304,165,139
S01007279,1. Managers directors and senior officials,32,18,14
S01007279,2. Professional occupations,57,27,30
S01007279,3. Associate professional and technical occupations,30,14,16
S01007279,4. Administrative and secretarial occupations,22,0,22
S01007279,5. Skilled trades occupations,86,68,18
S01007279,6. Caring leisure and other service occupations,16,3,13
S01007279,7. Sales and customer service occupations,9,1,8
S01007279,8. Process plant and machine operatives,12,12,0
S01007279,9. Elementary occupations,40,22,18
S01007280,All people aged 16 to 74 in employment,281,161,120
S01007280,1. Managers directors and senior officials,19,13,6
S01007280,2. Professional occupations,51,20,31
S01007280,3. Associate professional and technical occupations,33,21,12
S01007280,4. Administrative and secretarial occupations,25,1,24
S01007280,5. Skilled trades occupations,73,66,7
S01007280,6. Caring leisure and other service occupations,22,2,20
S01007280,7. Sales and customer service occupations,11,5,6
S01007280,8. Process plant and machine operatives,13,13,0
S01007280,9. Elementary occupations,34,20,14
S01007281,All people aged 16 to 74 in employment,501,280,221
S01007281,1. Managers directors and senior officials,49,31,18
S01007281,2. Professional occupations,57,22,35
S01007281,3. Associate professional and technical occupations,72,47,25
S01007281,4. Administrative and secretarial occupations,53,8,45
S01007281,5. Skilled trades occupations,100,89,11
S01007281,6. Caring leisure and other service occupations,45,10,35
S01007281,7. Sales and customer service occupations,26,8,18
S01007281,8. Process plant and machine operatives,34,30,4
S01007281,9. Elementary occupations,65,35,30
S01007282,All people aged 16 to 74 in employment,295,164,131
S01007282,1. Managers directors and senior officials,20,13,7
S01007282,2. Professional occupations,40,14,26
S01007282,3. Associate professional and technical occupations,26,16,10
S01007282,4. Administrative and secretarial occupations,18,1,17
S01007282,5. Skilled trades occupations,83,75,8
S01007282,6. Caring leisure and other service occupations,33,3,30
S01007282,7. Sales and customer service occupations,11,3,8
S01007282,8. Process plant and machine operatives,24,20,4
S01007282,9. Elementary occupations,40,19,21
S01007283,All people aged 16 to 74 in employment,389,208,181
S01007283,1. Managers directors and senior officials,51,32,19
S01007283,2. Professional occupations,84,41,43
S01007283,3. Associate professional and technical occupations,41,26,15
S01007283,4. Administrative and secretarial occupations,35,6,29
S01007283,5. Skilled trades occupations,58,48,10
S01007283,6. Caring leisure and other service occupations,26,3,23
S01007283,7. Sales and customer service occupations,17,5,12
S01007283,8. Process plant and machine operatives,32,25,7
S01007283,9. Elementary occupations,45,22,23
S01007284,All people aged 16 to 74 in employment,406,199,207
S01007284,1. Managers directors and senior officials,37,16,21
S01007284,2. Professional occupations,52,20,32
S01007284,3. Associate professional and technical occupations,53,30,23
S01007284,4. Administrative and secretarial occupations,37,5,32
S01007284,5. Skilled trades occupations,96,81,15
S01007284,6. Caring leisure and other service occupations,46,4,42
S01007284,7. Sales and customer service occupations,13,2,11
S01007284,8. Process plant and machine operatives,30,26,4
S01007284,9. Elementary occupations,42,15,27
S01007285,All people aged 16 to 74 in employment,432,227,205
S01007285,1. Managers directors and senior officials,68,33,35
S01007285,2. Professional occupations,44,12,32
S01007285,3. Associate professional and technical occupations,42,21,21
S01007285,4. Administrative and secretarial occupations,28,4,24
S01007285,5. Skilled trades occupations,107,91,16
S01007285,6. Caring leisure and other service occupations,47,7,40
S01007285,7. Sales and customer service occupations,15,6,9
S01007285,8. Process plant and machine operatives,30,27,3
S01007285,9. Elementary occupations,51,26,25
S01007286,All people aged 16 to 74 in employment,490,257,233
S01007286,1. Managers directors and senior officials,63,29,34
S01007286,2. Professional occupations,65,22,43
S01007286,3. Associate professional and technical occupations,45,26,19
S01007286,4. Administrative and secretarial occupations,41,4,37
S01007286,5. Skilled trades occupations,103,95,8
S01007286,6. Caring leisure and other service occupations,42,5,37
S01007286,7. Sales and customer service occupations,34,9,25
S01007286,8. Process plant and machine operatives,34,32,2
S01007286,9. Elementary occupations,63,35,28
S01007287,All people aged 16 to 74 in employment,343,165,178
S01007287,1. Managers directors and senior officials,57,20,37
S01007287,2. Professional occupations,34,10,24
S01007287,3. Associate professional and technical occupations,38,17,21
S01007287,4. Administrative and secretarial occupations,17,1,16
S01007287,5. Skilled trades occupations,95,65,30
S01007287,6. Caring leisure and other service occupations,31,11,20
S01007287,7. Sales and customer service occupations,11,3,8
S01007287,8. Process plant and machine operatives,24,20,4
S01007287,9. Elementary occupations,36,18,18
S01007288,All people aged 16 to 74 in employment,302,160,142
S01007288,1. Managers directors and senior officials,51,30,21
S01007288,2. Professional occupations,39,17,22
S01007288,3. Associate professional and technical occupations,25,10,15
S01007288,4. Administrative and secretarial occupations,21,2,19
S01007288,5. Skilled trades occupations,60,54,6
S01007288,6. Caring leisure and other service occupations,35,7,28
S01007288,7. Sales and customer service occupations,10,0,10
S01007288,8. Process plant and machine operatives,20,16,4
S01007288,9. Elementary occupations,41,24,17
S01007289,All people aged 16 to 74 in employment,447,221,226
S01007289,1. Managers directors and senior officials,56,37,19
S01007289,2. Professional occupations,79,27,52
S01007289,3. Associate professional and technical occupations,56,29,27
S01007289,4. Administrative and secretarial occupations,53,6,47
S01007289,5. Skilled trades occupations,53,48,5
S01007289,6. Caring leisure and other service occupations,46,9,37
S01007289,7. Sales and customer service occupations,29,8,21
S01007289,8. Process plant and machine operatives,33,32,1
S01007289,9. Elementary occupations,42,25,17
S01007290,All people aged 16 to 74 in employment,359,176,183
S01007290,1. Managers directors and senior officials,32,13,19
S01007290,2. Professional occupations,46,12,34
S01007290,3. Associate professional and technical occupations,38,21,17
S01007290,4. Administrative and secretarial occupations,33,10,23
S01007290,5. Skilled trades occupations,52,50,2
S01007290,6. Caring leisure and other service occupations,45,5,40
S01007290,7. Sales and customer service occupations,29,9,20
S01007290,8. Process plant and machine operatives,37,34,3
S01007290,9. Elementary occupations,47,22,25
S01007291,All people aged 16 to 74 in employment,313,153,160
S01007291,1. Managers directors and senior officials,37,17,20
S01007291,2. Professional occupations,40,10,30
S01007291,3. Associate professional and technical occupations,30,20,10
S01007291,4. Administrative and secretarial occupations,32,7,25
S01007291,5. Skilled trades occupations,42,37,5
S01007291,6. Caring leisure and other service occupations,23,7,16
S01007291,7. Sales and customer service occupations,36,9,27
S01007291,8. Process plant and machine operatives,32,28,4
S01007291,9. Elementary occupations,41,18,23
S01007292,All people aged 16 to 74 in employment,423,224,199
S01007292,1. Managers directors and senior officials,35,24,11
S01007292,2. Professional occupations,45,15,30
S01007292,3. Associate professional and technical occupations,53,32,21
S01007292,4. Administrative and secretarial occupations,44,3,41
S01007292,5. Skilled trades occupations,74,73,1
S01007292,6. Caring leisure and other service occupations,46,9,37
S01007292,7. Sales and customer service occupations,39,6,33
S01007292,8. Process plant and machine operatives,38,36,2
S01007292,9. Elementary occupations,49,26,23
S01007293,All people aged 16 to 74 in employment,406,197,209
S01007293,1. Managers directors and senior officials,21,11,10
S01007293,2. Professional occupations,26,7,19
S01007293,3. Associate professional and technical occupations,23,16,7
S01007293,4. Administrative and secretarial occupations,25,3,22
S01007293,5. Skilled trades occupations,70,66,4
S01007293,6. Caring leisure and other service occupations,54,6,48
S01007293,7. Sales and customer service occupations,67,21,46
S01007293,8. Process plant and machine operatives,32,27,5
S01007293,9. Elementary occupations,88,40,48
S01007294,All people aged 16 to 74 in employment,477,243,234
S01007294,1. Managers directors and senior officials,26,15,11
S01007294,2. Professional occupations,50,14,36
S01007294,3. Associate professional and technical occupations,38,21,17
S01007294,4. Administrative and secretarial occupations,46,3,43
S01007294,5. Skilled trades occupations,89,78,11
S01007294,6. Caring leisure and other service occupations,59,16,43
S01007294,7. Sales and customer service occupations,43,14,29
S01007294,8. Process plant and machine operatives,49,44,5
S01007294,9. Elementary occupations,77,38,39
S01007295,All people aged 16 to 74 in employment,227,123,104
S01007295,1. Managers directors and senior officials,16,10,6
S01007295,2. Professional occupations,15,5,10
S01007295,3. Associate professional and technical occupations,16,10,6
S01007295,4. Administrative and secretarial occupations,17,5,12
S01007295,5. Skilled trades occupations,44,39,5
S01007295,6. Caring leisure and other service occupations,30,3,27
S01007295,7. Sales and customer service occupations,20,7,13
S01007295,8. Process plant and machine operatives,25,24,1
S01007295,9. Elementary occupations,44,20,24
S01007296,All people aged 16 to 74 in employment,319,178,141
S01007296,1. Managers directors and senior officials,39,22,17
S01007296,2. Professional occupations,38,17,21
S01007296,3. Associate professional and technical occupations,34,17,17
S01007296,4. Administrative and secretarial occupations,18,2,16
S01007296,5. Skilled trades occupations,56,52,4
S01007296,6. Caring leisure and other service occupations,28,10,18
S01007296,7. Sales and customer service occupations,31,4,27
S01007296,8. Process plant and machine operatives,33,30,3
S01007296,9. Elementary occupations,42,24,18
S01007297,All people aged 16 to 74 in employment,542,294,248
S01007297,1. Managers directors and senior officials,82,55,27
S01007297,2. Professional occupations,103,47,56
S01007297,3. Associate professional and technical occupations,66,43,23
S01007297,4. Administrative and secretarial occupations,41,8,33
S01007297,5. Skilled trades occupations,82,77,5
S01007297,6. Caring leisure and other service occupations,36,5,31
S01007297,7. Sales and customer service occupations,44,5,39
S01007297,8. Process plant and machine operatives,18,15,3
S01007297,9. Elementary occupations,70,39,31
S01007298,All people aged 16 to 74 in employment,279,143,136
S01007298,1. Managers directors and senior officials,23,11,12
S01007298,2. Professional occupations,29,14,15
S01007298,3. Associate professional and technical occupations,24,15,9
S01007298,4. Administrative and secretarial occupations,26,3,23
S01007298,5. Skilled trades occupations,48,45,3
S01007298,6. Caring leisure and other service occupations,31,5,26
S01007298,7. Sales and customer service occupations,32,11,21
S01007298,8. Process plant and machine operatives,26,24,2
S01007298,9. Elementary occupations,40,15,25
S01007299,All people aged 16 to 74 in employment,483,255,228
S01007299,1. Managers directors and senior officials,51,27,24
S01007299,2. Professional occupations,48,24,24
S01007299,3. Associate professional and technical occupations,30,16,14
S01007299,4. Administrative and secretarial occupations,40,6,34
S01007299,5. Skilled trades occupations,88,82,6
S01007299,6. Caring leisure and other service occupations,41,7,34
S01007299,7. Sales and customer service occupations,44,8,36
S01007299,8. Process plant and machine operatives,52,47,5
S01007299,9. Elementary occupations,89,38,51
S01007300,All people aged 16 to 74 in employment,250,138,112
S01007300,1. Managers directors and senior officials,25,15,10
S01007300,2. Professional occupations,16,6,10
S01007300,3. Associate professional and technical occupations,16,10,6
S01007300,4. Administrative and secretarial occupations,20,4,16
S01007300,5. Skilled trades occupations,51,46,5
S01007300,6. Caring leisure and other service occupations,33,4,29
S01007300,7. Sales and customer service occupations,26,3,23
S01007300,8. Process plant and machine operatives,21,21,0
S01007300,9. Elementary occupations,42,29,13
S01007301,All people aged 16 to 74 in employment,386,198,188
S01007301,1. Managers directors and senior officials,63,35,28
S01007301,2. Professional occupations,68,26,42
S01007301,3. Associate professional and technical occupations,35,21,14
S01007301,4. Administrative and secretarial occupations,46,2,44
S01007301,5. Skilled trades occupations,62,54,8
S01007301,6. Caring leisure and other service occupations,29,5,24
S01007301,7. Sales and customer service occupations,26,12,14
S01007301,8. Process plant and machine operatives,23,21,2
S01007301,9. Elementary occupations,34,22,12
S01007302,All people aged 16 to 74 in employment,318,163,155
S01007302,1. Managers directors and senior officials,24,16,8
S01007302,2. Professional occupations,22,9,13
S01007302,3. Associate professional and technical occupations,24,17,7
S01007302,4. Administrative and secretarial occupations,32,1,31
S01007302,5. Skilled trades occupations,64,52,12
S01007302,6. Caring leisure and other service occupations,35,6,29
S01007302,7. Sales and customer service occupations,42,11,31
S01007302,8. Process plant and machine operatives,33,31,2
S01007302,9. Elementary occupations,42,20,22
S01007303,All people aged 16 to 74 in employment,457,244,213
S01007303,1. Managers directors and senior officials,59,34,25
S01007303,2. Professional occupations,70,30,40
S01007303,3. Associate professional and technical occupations,56,38,18
S01007303,4. Administrative and secretarial occupations,42,6,36
S01007303,5. Skilled trades occupations,84,72,12
S01007303,6. Caring leisure and other service occupations,45,11,34
S01007303,7. Sales and customer service occupations,32,10,22
S01007303,8. Process plant and machine operatives,32,27,5
S01007303,9. Elementary occupations,37,16,21
S01007304,All people aged 16 to 74 in employment,326,172,154
S01007304,1. Managers directors and senior officials,53,27,26
S01007304,2. Professional occupations,31,11,20
S01007304,3. Associate professional and technical occupations,38,23,15
S01007304,4. Administrative and secretarial occupations,29,4,25
S01007304,5. Skilled trades occupations,78,61,17
S01007304,6. Caring leisure and other service occupations,26,4,22
S01007304,7. Sales and customer service occupations,8,3,5
S01007304,8. Process plant and machine operatives,25,21,4
S01007304,9. Elementary occupations,38,18,20
S01007305,All people aged 16 to 74 in employment,393,206,187
S01007305,1. Managers directors and senior officials,43,33,10
S01007305,2. Professional occupations,85,34,51
S01007305,3. Associate professional and technical occupations,33,17,16
S01007305,4. Administrative and secretarial occupations,38,2,36
S01007305,5. Skilled trades occupations,62,54,8
S01007305,6. Caring leisure and other service occupations,35,5,30
S01007305,7. Sales and customer service occupations,24,6,18
S01007305,8. Process plant and machine operatives,35,33,2
S01007305,9. Elementary occupations,38,22,16
S01007306,All people aged 16 to 74 in employment,367,185,182
S01007306,1. Managers directors and senior officials,36,23,13
S01007306,2. Professional occupations,64,25,39
S01007306,3. Associate professional and technical occupations,44,27,17
S01007306,4. Administrative and secretarial occupations,39,7,32
S01007306,5. Skilled trades occupations,61,50,11
S01007306,6. Caring leisure and other service occupations,41,11,30
S01007306,7. Sales and customer service occupations,22,4,18
S01007306,8. Process plant and machine operatives,28,24,4
S01007306,9. Elementary occupations,32,14,18
S01007307,All people aged 16 to 74 in employment,424,229,195
S01007307,1. Managers directors and senior officials,62,39,23
S01007307,2. Professional occupations,72,29,43
S01007307,3. Associate professional and technical occupations,48,24,24
S01007307,4. Administrative and secretarial occupations,39,6,33
S01007307,5. Skilled trades occupations,72,63,9
S01007307,6. Caring leisure and other service occupations,37,6,31
S01007307,7. Sales and customer service occupations,26,12,14
S01007307,8. Process plant and machine operatives,28,25,3
S01007307,9. Elementary occupations,40,25,15
S01007308,All people aged 16 to 74 in employment,412,218,194
S01007308,1. Managers directors and senior officials,59,30,29
S01007308,2. Professional occupations,46,17,29
S01007308,3. Associate professional and technical occupations,43,28,15
S01007308,4. Administrative and secretarial occupations,39,3,36
S01007308,5. Skilled trades occupations,77,69,8
S01007308,6. Caring leisure and other service occupations,37,13,24
S01007308,7. Sales and customer service occupations,22,5,17
S01007308,8. Process plant and machine operatives,24,23,1
S01007308,9. Elementary occupations,65,30,35
S01007309,All people aged 16 to 74 in employment,344,191,153
S01007309,1. Managers directors and senior officials,63,37,26
S01007309,2. Professional occupations,47,18,29
S01007309,3. Associate professional and technical occupations,41,26,15
S01007309,4. Administrative and secretarial occupations,29,4,25
S01007309,5. Skilled trades occupations,62,53,9
S01007309,6. Caring leisure and other service occupations,26,7,19
S01007309,7. Sales and customer service occupations,13,3,10
S01007309,8. Process plant and machine operatives,30,28,2
S01007309,9. Elementary occupations,33,15,18
S01007310,All people aged 16 to 74 in employment,349,188,161
S01007310,1. Managers directors and senior officials,45,21,24
S01007310,2. Professional occupations,72,23,49
S01007310,3. Associate professional and technical occupations,33,26,7
S01007310,4. Administrative and secretarial occupations,28,6,22
S01007310,5. Skilled trades occupations,79,65,14
S01007310,6. Caring leisure and other service occupations,23,7,16
S01007310,7. Sales and customer service occupations,18,3,15
S01007310,8. Process plant and machine operatives,27,26,1
S01007310,9. Elementary occupations,24,11,13
S01007311,All people aged 16 to 74 in employment,447,239,208
S01007311,1. Managers directors and senior officials,60,27,33
S01007311,2. Professional occupations,34,16,18
S01007311,3. Associate professional and technical occupations,26,14,12
S01007311,4. Administrative and secretarial occupations,36,7,29
S01007311,5. Skilled trades occupations,85,78,7
S01007311,6. Caring leisure and other service occupations,52,14,38
S01007311,7. Sales and customer service occupations,50,13,37
S01007311,8. Process plant and machine operatives,34,32,2
S01007311,9. Elementary occupations,70,38,32
S01007312,All people aged 16 to 74 in employment,344,176,168
S01007312,1. Managers directors and senior officials,41,26,15
S01007312,2. Professional occupations,56,18,38
S01007312,3. Associate professional and technical occupations,36,21,15
S01007312,4. Administrative and secretarial occupations,43,5,38
S01007312,5. Skilled trades occupations,64,57,7
S01007312,6. Caring leisure and other service occupations,30,6,24
S01007312,7. Sales and customer service occupations,18,4,14
S01007312,8. Process plant and machine operatives,33,31,2
S01007312,9. Elementary occupations,23,8,15
S01007313,All people aged 16 to 74 in employment,509,274,235
S01007313,1. Managers directors and senior officials,63,41,22
S01007313,2. Professional occupations,98,40,58
S01007313,3. Associate professional and technical occupations,79,37,42
S01007313,4. Administrative and secretarial occupations,47,6,41
S01007313,5. Skilled trades occupations,107,91,16
S01007313,6. Caring leisure and other service occupations,28,4,24
S01007313,7. Sales and customer service occupations,16,4,12
S01007313,8. Process plant and machine operatives,24,23,1
S01007313,9. Elementary occupations,47,28,19
S01007314,All people aged 16 to 74 in employment,371,194,177
S01007314,1. Managers directors and senior officials,29,13,16
S01007314,2. Professional occupations,76,30,46
S01007314,3. Associate professional and technical occupations,46,28,18
S01007314,4. Administrative and secretarial occupations,44,5,39
S01007314,5. Skilled trades occupations,64,59,5
S01007314,6. Caring leisure and other service occupations,36,7,29
S01007314,7. Sales and customer service occupations,14,5,9
S01007314,8. Process plant and machine operatives,17,16,1
S01007314,9. Elementary occupations,45,31,14
S01007315,All people aged 16 to 74 in employment,503,266,237
S01007315,1. Managers directors and senior officials,42,31,11
S01007315,2. Professional occupations,92,38,54
S01007315,3. Associate professional and technical occupations,48,27,21
S01007315,4. Administrative and secretarial occupations,76,11,65
S01007315,5. Skilled trades occupations,76,67,9
S01007315,6. Caring leisure and other service occupations,54,13,41
S01007315,7. Sales and customer service occupations,20,6,14
S01007315,8. Process plant and machine operatives,42,42,0
S01007315,9. Elementary occupations,53,31,22
S01007316,All people aged 16 to 74 in employment,392,191,201
S01007316,1. Managers directors and senior officials,35,23,12
S01007316,2. Professional occupations,55,18,37
S01007316,3. Associate professional and technical occupations,33,15,18
S01007316,4. Administrative and secretarial occupations,45,8,37
S01007316,5. Skilled trades occupations,48,42,6
S01007316,6. Caring leisure and other service occupations,52,14,38
S01007316,7. Sales and customer service occupations,27,9,18
S01007316,8. Process plant and machine operatives,25,22,3
S01007316,9. Elementary occupations,72,40,32
S01007317,All people aged 16 to 74 in employment,354,179,175
S01007317,1. Managers directors and senior officials,33,23,10
S01007317,2. Professional occupations,63,27,36
S01007317,3. Associate professional and technical occupations,28,10,18
S01007317,4. Administrative and secretarial occupations,40,6,34
S01007317,5. Skilled trades occupations,61,57,4
S01007317,6. Caring leisure and other service occupations,49,8,41
S01007317,7. Sales and customer service occupations,17,4,13
S01007317,8. Process plant and machine operatives,23,23,0
S01007317,9. Elementary occupations,40,21,19
S01007318,All people aged 16 to 74 in employment,295,143,152
S01007318,1. Managers directors and senior officials,16,7,9
S01007318,2. Professional occupations,43,18,25
S01007318,3. Associate professional and technical occupations,22,12,10
S01007318,4. Administrative and secretarial occupations,38,5,33
S01007318,5. Skilled trades occupations,48,45,3
S01007318,6. Caring leisure and other service occupations,39,4,35
S01007318,7. Sales and customer service occupations,13,4,9
S01007318,8. Process plant and machine operatives,28,25,3
S01007318,9. Elementary occupations,48,23,25
S01007319,All people aged 16 to 74 in employment,373,205,168
S01007319,1. Managers directors and senior officials,35,21,14
S01007319,2. Professional occupations,68,26,42
S01007319,3. Associate professional and technical occupations,38,26,12
S01007319,4. Administrative and secretarial occupations,33,9,24
S01007319,5. Skilled trades occupations,67,57,10
S01007319,6. Caring leisure and other service occupations,36,10,26
S01007319,7. Sales and customer service occupations,21,7,14
S01007319,8. Process plant and machine operatives,29,28,1
S01007319,9. Elementary occupations,46,21,25
S01007320,All people aged 16 to 74 in employment,373,198,175
S01007320,1. Managers directors and senior officials,66,40,26
S01007320,2. Professional occupations,61,30,31
S01007320,3. Associate professional and technical occupations,53,24,29
S01007320,4. Administrative and secretarial occupations,42,6,36
S01007320,5. Skilled trades occupations,65,55,10
S01007320,6. Caring leisure and other service occupations,22,1,21
S01007320,7. Sales and customer service occupations,14,4,10
S01007320,8. Process plant and machine operatives,17,16,1
S01007320,9. Elementary occupations,33,22,11
S01007321,All people aged 16 to 74 in employment,310,166,144
S01007321,1. Managers directors and senior officials,49,27,22
S01007321,2. Professional occupations,48,23,25
S01007321,3. Associate professional and technical occupations,29,15,14
S01007321,4. Administrative and secretarial occupations,28,2,26
S01007321,5. Skilled trades occupations,55,47,8
S01007321,6. Caring leisure and other service occupations,25,6,19
S01007321,7. Sales and customer service occupations,11,1,10
S01007321,8. Process plant and machine operatives,23,21,2
S01007321,9. Elementary occupations,42,24,18
S01007322,All people aged 16 to 74 in employment,363,203,160
S01007322,1. Managers directors and senior officials,43,26,17
S01007322,2. Professional occupations,34,10,24
S01007322,3. Associate professional and technical occupations,35,20,15
S01007322,4. Administrative and secretarial occupations,50,1,49
S01007322,5. Skilled trades occupations,80,75,5
S01007322,6. Caring leisure and other service occupations,24,3,21
S01007322,7. Sales and customer service occupations,18,4,14
S01007322,8. Process plant and machine operatives,33,31,2
S01007322,9. Elementary occupations,46,33,13
S01007323,All people aged 16 to 74 in employment,255,134,121
S01007323,1. Managers directors and senior officials,24,10,14
S01007323,2. Professional occupations,25,9,16
S01007323,3. Associate professional and technical occupations,20,14,6
S01007323,4. Administrative and secretarial occupations,34,3,31
S01007323,5. Skilled trades occupations,46,38,8
S01007323,6. Caring leisure and other service occupations,12,3,9
S01007323,7. Sales and customer service occupations,18,3,15
S01007323,8. Process plant and machine operatives,33,32,1
S01007323,9. Elementary occupations,43,22,21
S01007324,All people aged 16 to 74 in employment,168,81,87
S01007324,1. Managers directors and senior officials,25,17,8
S01007324,2. Professional occupations,25,9,16
S01007324,3. Associate professional and technical occupations,15,10,5
S01007324,4. Administrative and secretarial occupations,12,1,11
S01007324,5. Skilled trades occupations,33,19,14
S01007324,6. Caring leisure and other service occupations,17,2,15
S01007324,7. Sales and customer service occupations,6,1,5
S01007324,8. Process plant and machine operatives,14,13,1
S01007324,9. Elementary occupations,21,9,12
S01007325,All people aged 16 to 74 in employment,389,200,189
S01007325,1. Managers directors and senior officials,42,21,21
S01007325,2. Professional occupations,56,18,38
S01007325,3. Associate professional and technical occupations,37,17,20
S01007325,4. Administrative and secretarial occupations,37,8,29
S01007325,5. Skilled trades occupations,77,65,12
S01007325,6. Caring leisure and other service occupations,35,8,27
S01007325,7. Sales and customer service occupations,16,3,13
S01007325,8. Process plant and machine operatives,38,33,5
S01007325,9. Elementary occupations,51,27,24
S01007326,All people aged 16 to 74 in employment,385,209,176
S01007326,1. Managers directors and senior officials,37,23,14
S01007326,2. Professional occupations,33,6,27
S01007326,3. Associate professional and technical occupations,24,11,13
S01007326,4. Administrative and secretarial occupations,38,4,34
S01007326,5. Skilled trades occupations,101,85,16
S01007326,6. Caring leisure and other service occupations,40,4,36
S01007326,7. Sales and customer service occupations,12,2,10
S01007326,8. Process plant and machine operatives,46,41,5
S01007326,9. Elementary occupations,54,33,21
S01007327,All people aged 16 to 74 in employment,367,191,176
S01007327,1. Managers directors and senior officials,40,20,20
S01007327,2. Professional occupations,43,16,27
S01007327,3. Associate professional and technical occupations,29,20,9
S01007327,4. Administrative and secretarial occupations,26,3,23
S01007327,5. Skilled trades occupations,66,62,4
S01007327,6. Caring leisure and other service occupations,43,2,41
S01007327,7. Sales and customer service occupations,24,2,22
S01007327,8. Process plant and machine operatives,39,38,1
S01007327,9. Elementary occupations,57,28,29
S01007328,All people aged 16 to 74 in employment,417,216,201
S01007328,1. Managers directors and senior officials,27,10,17
S01007328,2. Professional occupations,39,11,28
S01007328,3. Associate professional and technical occupations,27,14,13
S01007328,4. Administrative and secretarial occupations,35,3,32
S01007328,5. Skilled trades occupations,90,84,6
S01007328,6. Caring leisure and other service occupations,43,2,41
S01007328,7. Sales and customer service occupations,30,4,26
S01007328,8. Process plant and machine operatives,57,52,5
S01007328,9. Elementary occupations,69,36,33
S01007329,All people aged 16 to 74 in employment,340,176,164
S01007329,1. Managers directors and senior officials,41,23,18
S01007329,2. Professional occupations,41,12,29
S01007329,3. Associate professional and technical occupations,28,10,18
S01007329,4. Administrative and secretarial occupations,19,1,18
S01007329,5. Skilled trades occupations,96,76,20
S01007329,6. Caring leisure and other service occupations,26,4,22
S01007329,7. Sales and customer service occupations,11,7,4
S01007329,8. Process plant and machine operatives,31,25,6
S01007329,9. Elementary occupations,47,18,29
S01007330,All people aged 16 to 74 in employment,339,176,163
S01007330,1. Managers directors and senior officials,54,30,24
S01007330,2. Professional occupations,39,13,26
S01007330,3. Associate professional and technical occupations,33,20,13
S01007330,4. Administrative and secretarial occupations,31,6,25
S01007330,5. Skilled trades occupations,73,65,8
S01007330,6. Caring leisure and other service occupations,38,3,35
S01007330,7. Sales and customer service occupations,17,5,12
S01007330,8. Process plant and machine operatives,22,20,2
S01007330,9. Elementary occupations,32,14,18
S01007331,All people aged 16 to 74 in employment,511,277,234
S01007331,1. Managers directors and senior officials,48,25,23
S01007331,2. Professional occupations,54,18,36
S01007331,3. Associate professional and technical occupations,41,29,12
S01007331,4. Administrative and secretarial occupations,50,1,49
S01007331,5. Skilled trades occupations,127,113,14
S01007331,6. Caring leisure and other service occupations,48,5,43
S01007331,7. Sales and customer service occupations,29,4,25
S01007331,8. Process plant and machine operatives,41,38,3
S01007331,9. Elementary occupations,73,44,29
S01007332,All people aged 16 to 74 in employment,239,131,108
S01007332,1. Managers directors and senior officials,21,11,10
S01007332,2. Professional occupations,41,14,27
S01007332,3. Associate professional and technical occupations,16,8,8
S01007332,4. Administrative and secretarial occupations,15,0,15
S01007332,5. Skilled trades occupations,81,66,15
S01007332,6. Caring leisure and other service occupations,13,3,10
S01007332,7. Sales and customer service occupations,6,3,3
S01007332,8. Process plant and machine operatives,9,9,0
S01007332,9. Elementary occupations,37,17,20
S01007333,All people aged 16 to 74 in employment,363,186,177
S01007333,1. Managers directors and senior officials,36,19,17
S01007333,2. Professional occupations,63,28,35
S01007333,3. Associate professional and technical occupations,34,18,16
S01007333,4. Administrative and secretarial occupations,45,8,37
S01007333,5. Skilled trades occupations,67,59,8
S01007333,6. Caring leisure and other service occupations,40,9,31
S01007333,7. Sales and customer service occupations,17,0,17
S01007333,8. Process plant and machine operatives,33,32,1
S01007333,9. Elementary occupations,28,13,15
S01007334,All people aged 16 to 74 in employment,275,143,132
S01007334,1. Managers directors and senior officials,16,10,6
S01007334,2. Professional occupations,13,8,5
S01007334,3. Associate professional and technical occupations,23,11,12
S01007334,4. Administrative and secretarial occupations,24,1,23
S01007334,5. Skilled trades occupations,54,49,5
S01007334,6. Caring leisure and other service occupations,36,4,32
S01007334,7. Sales and customer service occupations,25,8,17
S01007334,8. Process plant and machine operatives,28,24,4
S01007334,9. Elementary occupations,56,28,28
S01007335,All people aged 16 to 74 in employment,340,166,174
S01007335,1. Managers directors and senior officials,13,6,7
S01007335,2. Professional occupations,16,2,14
S01007335,3. Associate professional and technical occupations,30,16,14
S01007335,4. Administrative and secretarial occupations,44,3,41
S01007335,5. Skilled trades occupations,64,60,4
S01007335,6. Caring leisure and other service occupations,45,11,34
S01007335,7. Sales and customer service occupations,31,7,24
S01007335,8. Process plant and machine operatives,35,31,4
S01007335,9. Elementary occupations,62,30,32
S01007336,All people aged 16 to 74 in employment,227,142,85
S01007336,1. Managers directors and senior officials,19,14,5
S01007336,2. Professional occupations,25,17,8
S01007336,3. Associate professional and technical occupations,24,18,6
S01007336,4. Administrative and secretarial occupations,25,3,22
S01007336,5. Skilled trades occupations,40,39,1
S01007336,6. Caring leisure and other service occupations,18,3,15
S01007336,7. Sales and customer service occupations,16,7,9
S01007336,8. Process plant and machine operatives,17,16,1
S01007336,9. Elementary occupations,43,25,18
S01007337,All people aged 16 to 74 in employment,260,125,135
S01007337,1. Managers directors and senior officials,29,15,14
S01007337,2. Professional occupations,16,4,12
S01007337,3. Associate professional and technical occupations,28,15,13
S01007337,4. Administrative and secretarial occupations,35,3,32
S01007337,5. Skilled trades occupations,47,41,6
S01007337,6. Caring leisure and other service occupations,36,8,28
S01007337,7. Sales and customer service occupations,19,7,12
S01007337,8. Process plant and machine operatives,14,12,2
S01007337,9. Elementary occupations,36,20,16
S01007338,All people aged 16 to 74 in employment,362,185,177
S01007338,1. Managers directors and senior officials,23,13,10
S01007338,2. Professional occupations,24,8,16
S01007338,3. Associate professional and technical occupations,26,15,11
S01007338,4. Administrative and secretarial occupations,54,12,42
S01007338,5. Skilled trades occupations,70,67,3
S01007338,6. Caring leisure and other service occupations,33,4,29
S01007338,7. Sales and customer service occupations,33,6,27
S01007338,8. Process plant and machine operatives,38,36,2
S01007338,9. Elementary occupations,61,24,37
S01007339,All people aged 16 to 74 in employment,278,140,138
S01007339,1. Managers directors and senior officials,32,19,13
S01007339,2. Professional occupations,49,17,32
S01007339,3. Associate professional and technical occupations,25,15,10
S01007339,4. Administrative and secretarial occupations,33,5,28
S01007339,5. Skilled trades occupations,42,42,0
S01007339,6. Caring leisure and other service occupations,34,6,28
S01007339,7. Sales and customer service occupations,20,5,15
S01007339,8. Process plant and machine operatives,21,20,1
S01007339,9. Elementary occupations,22,11,11
S01007340,All people aged 16 to 74 in employment,183,95,88
S01007340,1. Managers directors and senior officials,16,8,8
S01007340,2. Professional occupations,21,8,13
S01007340,3. Associate professional and technical occupations,17,9,8
S01007340,4. Administrative and secretarial occupations,13,2,11
S01007340,5. Skilled trades occupations,34,32,2
S01007340,6. Caring leisure and other service occupations,30,5,25
S01007340,7. Sales and customer service occupations,15,4,11
S01007340,8. Process plant and machine operatives,8,8,0
S01007340,9. Elementary occupations,29,19,10
S01007341,All people aged 16 to 74 in employment,272,150,122
S01007341,1. Managers directors and senior officials,35,19,16
S01007341,2. Professional occupations,33,11,22
S01007341,3. Associate professional and technical occupations,28,18,10
S01007341,4. Administrative and secretarial occupations,23,6,17
S01007341,5. Skilled trades occupations,48,44,4
S01007341,6. Caring leisure and other service occupations,33,6,27
S01007341,7. Sales and customer service occupations,23,9,14
S01007341,8. Process plant and machine operatives,22,20,2
S01007341,9. Elementary occupations,27,17,10
S01007342,All people aged 16 to 74 in employment,369,191,178
S01007342,1. Managers directors and senior officials,57,31,26
S01007342,2. Professional occupations,85,41,44
S01007342,3. Associate professional and technical occupations,39,21,18
S01007342,4. Administrative and secretarial occupations,37,8,29
S01007342,5. Skilled trades occupations,45,40,5
S01007342,6. Caring leisure and other service occupations,39,8,31
S01007342,7. Sales and customer service occupations,20,11,9
S01007342,8. Process plant and machine operatives,22,17,5
S01007342,9. Elementary occupations,25,14,11
S01007343,All people aged 16 to 74 in employment,319,173,146
S01007343,1. Managers directors and senior officials,36,25,11
S01007343,2. Professional occupations,41,15,26
S01007343,3. Associate professional and technical occupations,21,14,7
S01007343,4. Administrative and secretarial occupations,24,3,21
S01007343,5. Skilled trades occupations,85,72,13
S01007343,6. Caring leisure and other service occupations,33,3,30
S01007343,7. Sales and customer service occupations,25,8,17
S01007343,8. Process plant and machine operatives,13,13,0
S01007343,9. Elementary occupations,41,20,21
S01007344,All people aged 16 to 74 in employment,184,95,89
S01007344,1. Managers directors and senior officials,16,8,8
S01007344,2. Professional occupations,23,6,17
S01007344,3. Associate professional and technical occupations,26,16,10
S01007344,4. Administrative and secretarial occupations,24,5,19
S01007344,5. Skilled trades occupations,27,22,5
S01007344,6. Caring leisure and other service occupations,25,6,19
S01007344,7. Sales and customer service occupations,17,9,8
S01007344,8. Process plant and machine operatives,15,14,1
S01007344,9. Elementary occupations,11,9,2
S01007345,All people aged 16 to 74 in employment,225,108,117
S01007345,1. Managers directors and senior officials,11,6,5
S01007345,2. Professional occupations,13,4,9
S01007345,3. Associate professional and technical occupations,17,8,9
S01007345,4. Administrative and secretarial occupations,14,2,12
S01007345,5. Skilled trades occupations,45,41,4
S01007345,6. Caring leisure and other service occupations,40,9,31
S01007345,7. Sales and customer service occupations,29,6,23
S01007345,8. Process plant and machine operatives,19,18,1
S01007345,9. Elementary occupations,37,14,23
S01007346,All people aged 16 to 74 in employment,215,113,102
S01007346,1. Managers directors and senior officials,13,2,11
S01007346,2. Professional occupations,24,10,14
S01007346,3. Associate professional and technical occupations,20,13,7
S01007346,4. Administrative and secretarial occupations,13,1,12
S01007346,5. Skilled trades occupations,40,35,5
S01007346,6. Caring leisure and other service occupations,34,6,28
S01007346,7. Sales and customer service occupations,27,14,13
S01007346,8. Process plant and machine operatives,9,9,0
S01007346,9. Elementary occupations,35,23,12
S01007347,All people aged 16 to 74 in employment,228,111,117
S01007347,1. Managers directors and senior officials,21,7,14
S01007347,2. Professional occupations,17,7,10
S01007347,3. Associate professional and technical occupations,18,9,9
S01007347,4. Administrative and secretarial occupations,17,2,15
S01007347,5. Skilled trades occupations,47,42,5
S01007347,6. Caring leisure and other service occupations,31,6,25
S01007347,7. Sales and customer service occupations,28,10,18
S01007347,8. Process plant and machine operatives,11,9,2
S01007347,9. Elementary occupations,38,19,19
S01007348,All people aged 16 to 74 in employment,244,127,117
S01007348,1. Managers directors and senior officials,10,3,7
S01007348,2. Professional occupations,18,4,14
S01007348,3. Associate professional and technical occupations,17,10,7
S01007348,4. Administrative and secretarial occupations,14,1,13
S01007348,5. Skilled trades occupations,62,58,4
S01007348,6. Caring leisure and other service occupations,32,5,27
S01007348,7. Sales and customer service occupations,29,8,21
S01007348,8. Process plant and machine operatives,17,16,1
S01007348,9. Elementary occupations,45,22,23
S01007349,All people aged 16 to 74 in employment,182,91,91
S01007349,1. Managers directors and senior officials,17,13,4
S01007349,2. Professional occupations,17,3,14
S01007349,3. Associate professional and technical occupations,10,7,3
S01007349,4. Administrative and secretarial occupations,16,2,14
S01007349,5. Skilled trades occupations,27,25,2
S01007349,6. Caring leisure and other service occupations,32,7,25
S01007349,7. Sales and customer service occupations,31,10,21
S01007349,8. Process plant and machine operatives,11,11,0
S01007349,9. Elementary occupations,21,13,8
S01007350,All people aged 16 to 74 in employment,243,130,113
S01007350,1. Managers directors and senior officials,39,16,23
S01007350,2. Professional occupations,19,7,12
S01007350,3. Associate professional and technical occupations,25,15,10
S01007350,4. Administrative and secretarial occupations,18,4,14
S01007350,5. Skilled trades occupations,38,34,4
S01007350,6. Caring leisure and other service occupations,23,2,21
S01007350,7. Sales and customer service occupations,24,13,11
S01007350,8. Process plant and machine operatives,28,26,2
S01007350,9. Elementary occupations,29,13,16
S01007351,All people aged 16 to 74 in employment,264,145,119
S01007351,1. Managers directors and senior officials,42,18,24
S01007351,2. Professional occupations,25,8,17
S01007351,3. Associate professional and technical occupations,28,19,9
S01007351,4. Administrative and secretarial occupations,26,4,22
S01007351,5. Skilled trades occupations,66,60,6
S01007351,6. Caring leisure and other service occupations,25,3,22
S01007351,7. Sales and customer service occupations,9,3,6
S01007351,8. Process plant and machine operatives,8,8,0
S01007351,9. Elementary occupations,35,22,13
S01007352,All people aged 16 to 74 in employment,243,149,94
S01007352,1. Managers directors and senior officials,43,29,14
S01007352,2. Professional occupations,28,12,16
S01007352,3. Associate professional and technical occupations,39,23,16
S01007352,4. Administrative and secretarial occupations,13,3,10
S01007352,5. Skilled trades occupations,61,52,9
S01007352,6. Caring leisure and other service occupations,15,2,13
S01007352,7. Sales and customer service occupations,6,3,3
S01007352,8. Process plant and machine operatives,12,10,2
S01007352,9. Elementary occupations,26,15,11
S01007353,All people aged 16 to 74 in employment,264,139,125
S01007353,1. Managers directors and senior officials,29,16,13
S01007353,2. Professional occupations,50,20,30
S01007353,3. Associate professional and technical occupations,33,20,13
S01007353,4. Administrative and secretarial occupations,27,9,18
S01007353,5. Skilled trades occupations,45,40,5
S01007353,6. Caring leisure and other service occupations,24,6,18
S01007353,7. Sales and customer service occupations,18,7,11
S01007353,8. Process plant and machine operatives,9,9,0
S01007353,9. Elementary occupations,29,12,17
S01007354,All people aged 16 to 74 in employment,313,166,147
S01007354,1. Managers directors and senior officials,36,21,15
S01007354,2. Professional occupations,63,28,35
S01007354,3. Associate professional and technical occupations,49,35,14
S01007354,4. Administrative and secretarial occupations,29,2,27
S01007354,5. Skilled trades occupations,40,35,5
S01007354,6. Caring leisure and other service occupations,39,12,27
S01007354,7. Sales and customer service occupations,17,6,11
S01007354,8. Process plant and machine operatives,20,20,0
S01007354,9. Elementary occupations,20,7,13
S01007355,All people aged 16 to 74 in employment,431,245,186
S01007355,1. Managers directors and senior officials,64,33,31
S01007355,2. Professional occupations,73,38,35
S01007355,3. Associate professional and technical occupations,58,32,26
S01007355,4. Administrative and secretarial occupations,29,2,27
S01007355,5. Skilled trades occupations,78,72,6
S01007355,6. Caring leisure and other service occupations,31,6,25
S01007355,7. Sales and customer service occupations,22,6,16
S01007355,8. Process plant and machine operatives,27,27,0
S01007355,9. Elementary occupations,49,29,20
S01007356,All people aged 16 to 74 in employment,289,151,138
S01007356,1. Managers directors and senior officials,43,27,16
S01007356,2. Professional occupations,55,23,32
S01007356,3. Associate professional and technical occupations,40,24,16
S01007356,4. Administrative and secretarial occupations,26,3,23
S01007356,5. Skilled trades occupations,28,27,1
S01007356,6. Caring leisure and other service occupations,38,5,33
S01007356,7. Sales and customer service occupations,12,3,9
S01007356,8. Process plant and machine operatives,21,18,3
S01007356,9. Elementary occupations,26,21,5
S01007357,All people aged 16 to 74 in employment,369,185,184
S01007357,1. Managers directors and senior officials,60,33,27
S01007357,2. Professional occupations,56,28,28
S01007357,3. Associate professional and technical occupations,30,13,17
S01007357,4. Administrative and secretarial occupations,23,2,21
S01007357,5. Skilled trades occupations,70,57,13
S01007357,6. Caring leisure and other service occupations,28,3,25
S01007357,7. Sales and customer service occupations,30,5,25
S01007357,8. Process plant and machine operatives,26,19,7
S01007357,9. Elementary occupations,46,25,21
S01007358,All people aged 16 to 74 in employment,506,286,220
S01007358,1. Managers directors and senior officials,65,35,30
S01007358,2. Professional occupations,65,23,42
S01007358,3. Associate professional and technical occupations,81,60,21
S01007358,4. Administrative and secretarial occupations,33,9,24
S01007358,5. Skilled trades occupations,80,73,7
S01007358,6. Caring leisure and other service occupations,47,8,39
S01007358,7. Sales and customer service occupations,22,6,16
S01007358,8. Process plant and machine operatives,26,26,0
S01007358,9. Elementary occupations,87,46,41
S01007359,All people aged 16 to 74 in employment,329,168,161
S01007359,1. Managers directors and senior officials,26,12,14
S01007359,2. Professional occupations,33,13,20
S01007359,3. Associate professional and technical occupations,29,22,7
S01007359,4. Administrative and secretarial occupations,24,7,17
S01007359,5. Skilled trades occupations,49,40,9
S01007359,6. Caring leisure and other service occupations,56,9,47
S01007359,7. Sales and customer service occupations,33,9,24
S01007359,8. Process plant and machine operatives,32,30,2
S01007359,9. Elementary occupations,47,26,21
S01007360,All people aged 16 to 74 in employment,220,114,106
S01007360,1. Managers directors and senior officials,40,26,14
S01007360,2. Professional occupations,33,14,19
S01007360,3. Associate professional and technical occupations,27,15,12
S01007360,4. Administrative and secretarial occupations,19,4,15
S01007360,5. Skilled trades occupations,26,26,0
S01007360,6. Caring leisure and other service occupations,29,4,25
S01007360,7. Sales and customer service occupations,16,6,10
S01007360,8. Process plant and machine operatives,11,10,1
S01007360,9. Elementary occupations,19,9,10
S01007361,All people aged 16 to 74 in employment,435,222,213
S01007361,1. Managers directors and senior officials,48,32,16
S01007361,2. Professional occupations,65,27,38
S01007361,3. Associate professional and technical occupations,60,29,31
S01007361,4. Administrative and secretarial occupations,44,4,40
S01007361,5. Skilled trades occupations,63,59,4
S01007361,6. Caring leisure and other service occupations,55,11,44
S01007361,7. Sales and customer service occupations,37,17,20
S01007361,8. Process plant and machine operatives,25,22,3
S01007361,9. Elementary occupations,38,21,17
S01007362,All people aged 16 to 74 in employment,326,167,159
S01007362,1. Managers directors and senior officials,35,20,15
S01007362,2. Professional occupations,56,25,31
S01007362,3. Associate professional and technical occupations,28,14,14
S01007362,4. Administrative and secretarial occupations,34,8,26
S01007362,5. Skilled trades occupations,42,35,7
S01007362,6. Caring leisure and other service occupations,43,13,30
S01007362,7. Sales and customer service occupations,36,11,25
S01007362,8. Process plant and machine operatives,15,14,1
S01007362,9. Elementary occupations,37,27,10
S01007363,All people aged 16 to 74 in employment,253,128,125
S01007363,1. Managers directors and senior officials,21,15,6
S01007363,2. Professional occupations,40,17,23
S01007363,3. Associate professional and technical occupations,24,11,13
S01007363,4. Administrative and secretarial occupations,30,3,27
S01007363,5. Skilled trades occupations,37,34,3
S01007363,6. Caring leisure and other service occupations,38,9,29
S01007363,7. Sales and customer service occupations,23,9,14
S01007363,8. Process plant and machine operatives,19,19,0
S01007363,9. Elementary occupations,21,11,10
S01007364,All people aged 16 to 74 in employment,343,154,189
S01007364,1. Managers directors and senior officials,25,13,12
S01007364,2. Professional occupations,18,4,14
S01007364,3. Associate professional and technical occupations,20,12,8
S01007364,4. Administrative and secretarial occupations,30,7,23
S01007364,5. Skilled trades occupations,50,43,7
S01007364,6. Caring leisure and other service occupations,64,11,53
S01007364,7. Sales and customer service occupations,51,20,31
S01007364,8. Process plant and machine operatives,24,21,3
S01007364,9. Elementary occupations,61,23,38
S01007365,All people aged 16 to 74 in employment,202,97,105
S01007365,1. Managers directors and senior officials,9,2,7
S01007365,2. Professional occupations,21,8,13
S01007365,3. Associate professional and technical occupations,23,17,6
S01007365,4. Administrative and secretarial occupations,16,3,13
S01007365,5. Skilled trades occupations,32,31,1
S01007365,6. Caring leisure and other service occupations,44,14,30
S01007365,7. Sales and customer service occupations,12,3,9
S01007365,8. Process plant and machine operatives,9,9,0
S01007365,9. Elementary occupations,36,10,26
S01007366,All people aged 16 to 74 in employment,149,78,71
S01007366,1. Managers directors and senior officials,11,6,5
S01007366,2. Professional occupations,19,7,12
S01007366,3. Associate professional and technical occupations,11,8,3
S01007366,4. Administrative and secretarial occupations,12,1,11
S01007366,5. Skilled trades occupations,22,19,3
S01007366,6. Caring leisure and other service occupations,16,2,14
S01007366,7. Sales and customer service occupations,12,5,7
S01007366,8. Process plant and machine operatives,14,14,0
S01007366,9. Elementary occupations,32,16,16
S01007367,All people aged 16 to 74 in employment,250,124,126
S01007367,1. Managers directors and senior officials,18,7,11
S01007367,2. Professional occupations,17,11,6
S01007367,3. Associate professional and technical occupations,21,15,6
S01007367,4. Administrative and secretarial occupations,23,3,20
S01007367,5. Skilled trades occupations,40,35,5
S01007367,6. Caring leisure and other service occupations,41,9,32
S01007367,7. Sales and customer service occupations,36,8,28
S01007367,8. Process plant and machine operatives,22,20,2
S01007367,9. Elementary occupations,32,16,16
S01007368,All people aged 16 to 74 in employment,200,93,107
S01007368,1. Managers directors and senior officials,17,9,8
S01007368,2. Professional occupations,9,3,6
S01007368,3. Associate professional and technical occupations,17,11,6
S01007368,4. Administrative and secretarial occupations,21,7,14
S01007368,5. Skilled trades occupations,26,22,4
S01007368,6. Caring leisure and other service occupations,36,5,31
S01007368,7. Sales and customer service occupations,29,10,19
S01007368,8. Process plant and machine operatives,13,10,3
S01007368,9. Elementary occupations,32,16,16
S01007369,All people aged 16 to 74 in employment,360,190,170
S01007369,1. Managers directors and senior officials,23,10,13
S01007369,2. Professional occupations,41,12,29
S01007369,3. Associate professional and technical occupations,37,27,10
S01007369,4. Administrative and secretarial occupations,35,8,27
S01007369,5. Skilled trades occupations,64,56,8
S01007369,6. Caring leisure and other service occupations,55,17,38
S01007369,7. Sales and customer service occupations,42,19,23
S01007369,8. Process plant and machine operatives,27,25,2
S01007369,9. Elementary occupations,36,16,20
S01007370,All people aged 16 to 74 in employment,378,191,187
S01007370,1. Managers directors and senior officials,29,21,8
S01007370,2. Professional occupations,36,14,22
S01007370,3. Associate professional and technical occupations,47,26,21
S01007370,4. Administrative and secretarial occupations,37,8,29
S01007370,5. Skilled trades occupations,63,57,6
S01007370,6. Caring leisure and other service occupations,46,13,33
S01007370,7. Sales and customer service occupations,48,11,37
S01007370,8. Process plant and machine operatives,12,12,0
S01007370,9. Elementary occupations,60,29,31
S01007371,All people aged 16 to 74 in employment,335,161,174
S01007371,1. Managers directors and senior officials,24,12,12
S01007371,2. Professional occupations,33,9,24
S01007371,3. Associate professional and technical occupations,52,31,21
S01007371,4. Administrative and secretarial occupations,40,14,26
S01007371,5. Skilled trades occupations,51,47,4
S01007371,6. Caring leisure and other service occupations,33,10,23
S01007371,7. Sales and customer service occupations,43,7,36
S01007371,8. Process plant and machine operatives,15,13,2
S01007371,9. Elementary occupations,44,18,26
S01007372,All people aged 16 to 74 in employment,365,196,169
S01007372,1. Managers directors and senior officials,45,25,20
S01007372,2. Professional occupations,60,25,35
S01007372,3. Associate professional and technical occupations,38,27,11
S01007372,4. Administrative and secretarial occupations,38,7,31
S01007372,5. Skilled trades occupations,45,42,3
S01007372,6. Caring leisure and other service occupations,40,10,30
S01007372,7. Sales and customer service occupations,29,16,13
S01007372,8. Process plant and machine operatives,26,25,1
S01007372,9. Elementary occupations,44,19,25
S01007373,All people aged 16 to 74 in employment,259,148,111
S01007373,1. Managers directors and senior officials,31,22,9
S01007373,2. Professional occupations,54,27,27
S01007373,3. Associate professional and technical occupations,32,23,9
S01007373,4. Administrative and secretarial occupations,31,5,26
S01007373,5. Skilled trades occupations,40,35,5
S01007373,6. Caring leisure and other service occupations,24,5,19
S01007373,7. Sales and customer service occupations,7,1,6
S01007373,8. Process plant and machine operatives,22,19,3
S01007373,9. Elementary occupations,18,11,7
S01007374,All people aged 16 to 74 in employment,269,140,129
S01007374,1. Managers directors and senior officials,24,16,8
S01007374,2. Professional occupations,46,19,27
S01007374,3. Associate professional and technical occupations,44,30,14
S01007374,4. Administrative and secretarial occupations,28,2,26
S01007374,5. Skilled trades occupations,35,31,4
S01007374,6. Caring leisure and other service occupations,25,3,22
S01007374,7. Sales and customer service occupations,16,4,12
S01007374,8. Process plant and machine operatives,20,16,4
S01007374,9. Elementary occupations,31,19,12
S01007375,All people aged 16 to 74 in employment,204,112,92
S01007375,1. Managers directors and senior officials,36,22,14
S01007375,2. Professional occupations,33,17,16
S01007375,3. Associate professional and technical occupations,31,24,7
S01007375,4. Administrative and secretarial occupations,20,3,17
S01007375,5. Skilled trades occupations,24,19,5
S01007375,6. Caring leisure and other service occupations,19,5,14
S01007375,7. Sales and customer service occupations,9,2,7
S01007375,8. Process plant and machine operatives,11,11,0
S01007375,9. Elementary occupations,21,9,12
S01007376,All people aged 16 to 74 in employment,360,172,188
S01007376,1. Managers directors and senior officials,18,7,11
S01007376,2. Professional occupations,25,10,15
S01007376,3. Associate professional and technical occupations,48,33,15
S01007376,4. Administrative and secretarial occupations,48,10,38
S01007376,5. Skilled trades occupations,54,47,7
S01007376,6. Caring leisure and other service occupations,49,5,44
S01007376,7. Sales and customer service occupations,29,6,23
S01007376,8. Process plant and machine operatives,17,15,2
S01007376,9. Elementary occupations,72,39,33
S01007377,All people aged 16 to 74 in employment,339,185,154
S01007377,1. Managers directors and senior officials,28,15,13
S01007377,2. Professional occupations,60,28,32
S01007377,3. Associate professional and technical occupations,82,58,24
S01007377,4. Administrative and secretarial occupations,39,5,34
S01007377,5. Skilled trades occupations,46,43,3
S01007377,6. Caring leisure and other service occupations,23,4,19
S01007377,7. Sales and customer service occupations,12,3,9
S01007377,8. Process plant and machine operatives,17,17,0
S01007377,9. Elementary occupations,32,12,20
S01007378,All people aged 16 to 74 in employment,1164,1002,162
S01007378,1. Managers directors and senior officials,71,61,10
S01007378,2. Professional occupations,54,21,33
S01007378,3. Associate professional and technical occupations,905,850,55
S01007378,4. Administrative and secretarial occupations,23,3,20
S01007378,5. Skilled trades occupations,39,35,4
S01007378,6. Caring leisure and other service occupations,24,4,20
S01007378,7. Sales and customer service occupations,13,6,7
S01007378,8. Process plant and machine operatives,17,13,4
S01007378,9. Elementary occupations,18,9,9
S01007379,All people aged 16 to 74 in employment,208,110,98
S01007379,1. Managers directors and senior officials,5,1,4
S01007379,2. Professional occupations,11,5,6
S01007379,3. Associate professional and technical occupations,27,24,3
S01007379,4. Administrative and secretarial occupations,25,8,17
S01007379,5. Skilled trades occupations,34,31,3
S01007379,6. Caring leisure and other service occupations,26,4,22
S01007379,7. Sales and customer service occupations,11,5,6
S01007379,8. Process plant and machine operatives,14,13,1
S01007379,9. Elementary occupations,55,19,36
S01007380,All people aged 16 to 74 in employment,290,154,136
S01007380,1. Managers directors and senior officials,19,11,8
S01007380,2. Professional occupations,30,12,18
S01007380,3. Associate professional and technical occupations,41,32,9
S01007380,4. Administrative and secretarial occupations,33,9,24
S01007380,5. Skilled trades occupations,39,33,6
S01007380,6. Caring leisure and other service occupations,35,7,28
S01007380,7. Sales and customer service occupations,18,6,12
S01007380,8. Process plant and machine operatives,19,18,1
S01007380,9. Elementary occupations,56,26,30
S01007381,All people aged 16 to 74 in employment,197,106,91
S01007381,1. Managers directors and senior officials,48,40,8
S01007381,2. Professional occupations,61,25,36
S01007381,3. Associate professional and technical occupations,23,16,7
S01007381,4. Administrative and secretarial occupations,19,3,16
S01007381,5. Skilled trades occupations,11,8,3
S01007381,6. Caring leisure and other service occupations,12,2,10
S01007381,7. Sales and customer service occupations,5,1,4
S01007381,8. Process plant and machine operatives,6,6,0
S01007381,9. Elementary occupations,12,5,7
S01007382,All people aged 16 to 74 in employment,325,175,150
S01007382,1. Managers directors and senior officials,48,34,14
S01007382,2. Professional occupations,77,32,45
S01007382,3. Associate professional and technical occupations,60,41,19
S01007382,4. Administrative and secretarial occupations,41,10,31
S01007382,5. Skilled trades occupations,30,27,3
S01007382,6. Caring leisure and other service occupations,26,5,21
S01007382,7. Sales and customer service occupations,13,4,9
S01007382,8. Process plant and machine operatives,13,11,2
S01007382,9. Elementary occupations,17,11,6
S01007383,All people aged 16 to 74 in employment,346,191,155
S01007383,1. Managers directors and senior officials,57,39,18
S01007383,2. Professional occupations,79,35,44
S01007383,3. Associate professional and technical occupations,59,44,15
S01007383,4. Administrative and secretarial occupations,33,8,25
S01007383,5. Skilled trades occupations,30,27,3
S01007383,6. Caring leisure and other service occupations,29,5,24
S01007383,7. Sales and customer service occupations,16,6,10
S01007383,8. Process plant and machine operatives,13,13,0
S01007383,9. Elementary occupations,30,14,16
S01007384,All people aged 16 to 74 in employment,384,200,184
S01007384,1. Managers directors and senior officials,55,49,6
S01007384,2. Professional occupations,53,18,35
S01007384,3. Associate professional and technical occupations,82,49,33
S01007384,4. Administrative and secretarial occupations,55,16,39
S01007384,5. Skilled trades occupations,28,24,4
S01007384,6. Caring leisure and other service occupations,42,7,35
S01007384,7. Sales and customer service occupations,25,8,17
S01007384,8. Process plant and machine operatives,13,13,0
S01007384,9. Elementary occupations,31,16,15
S01007385,All people aged 16 to 74 in employment,362,188,174
S01007385,1. Managers directors and senior officials,36,23,13
S01007385,2. Professional occupations,64,24,40
S01007385,3. Associate professional and technical occupations,60,46,14
S01007385,4. Administrative and secretarial occupations,41,6,35
S01007385,5. Skilled trades occupations,49,44,5
S01007385,6. Caring leisure and other service occupations,46,8,38
S01007385,7. Sales and customer service occupations,24,9,15
S01007385,8. Process plant and machine operatives,10,10,0
S01007385,9. Elementary occupations,32,18,14
S01007386,All people aged 16 to 74 in employment,354,185,169
S01007386,1. Managers directors and senior officials,64,49,15
S01007386,2. Professional occupations,113,59,54
S01007386,3. Associate professional and technical occupations,51,26,25
S01007386,4. Administrative and secretarial occupations,46,6,40
S01007386,5. Skilled trades occupations,17,16,1
S01007386,6. Caring leisure and other service occupations,24,5,19
S01007386,7. Sales and customer service occupations,15,4,11
S01007386,8. Process plant and machine operatives,10,9,1
S01007386,9. Elementary occupations,14,11,3
S01007387,All people aged 16 to 74 in employment,365,203,162
S01007387,1. Managers directors and senior officials,65,44,21
S01007387,2. Professional occupations,107,45,62
S01007387,3. Associate professional and technical occupations,69,46,23
S01007387,4. Administrative and secretarial occupations,23,6,17
S01007387,5. Skilled trades occupations,26,21,5
S01007387,6. Caring leisure and other service occupations,19,3,16
S01007387,7. Sales and customer service occupations,25,16,9
S01007387,8. Process plant and machine operatives,14,13,1
S01007387,9. Elementary occupations,17,9,8
S01007388,All people aged 16 to 74 in employment,342,171,171
S01007388,1. Managers directors and senior officials,36,22,14
S01007388,2. Professional occupations,70,32,38
S01007388,3. Associate professional and technical occupations,72,53,19
S01007388,4. Administrative and secretarial occupations,50,7,43
S01007388,5. Skilled trades occupations,28,26,2
S01007388,6. Caring leisure and other service occupations,32,2,30
S01007388,7. Sales and customer service occupations,17,7,10
S01007388,8. Process plant and machine operatives,11,11,0
S01007388,9. Elementary occupations,26,11,15
S01007389,All people aged 16 to 74 in employment,258,155,103
S01007389,1. Managers directors and senior officials,12,8,4
S01007389,2. Professional occupations,10,4,6
S01007389,3. Associate professional and technical occupations,106,94,12
S01007389,4. Administrative and secretarial occupations,16,2,14
S01007389,5. Skilled trades occupations,18,15,3
S01007389,6. Caring leisure and other service occupations,41,5,36
S01007389,7. Sales and customer service occupations,26,8,18
S01007389,8. Process plant and machine operatives,8,8,0
S01007389,9. Elementary occupations,21,11,10
S01007390,All people aged 16 to 74 in employment,258,130,128
S01007390,1. Managers directors and senior officials,14,8,6
S01007390,2. Professional occupations,12,6,6
S01007390,3. Associate professional and technical occupations,86,71,15
S01007390,4. Administrative and secretarial occupations,32,2,30
S01007390,5. Skilled trades occupations,19,16,3
S01007390,6. Caring leisure and other service occupations,39,7,32
S01007390,7. Sales and customer service occupations,28,6,22
S01007390,8. Process plant and machine operatives,4,4,0
S01007390,9. Elementary occupations,24,10,14
S01007391,All people aged 16 to 74 in employment,282,153,129
S01007391,1. Managers directors and senior officials,26,13,13
S01007391,2. Professional occupations,48,23,25
S01007391,3. Associate professional and technical occupations,67,55,12
S01007391,4. Administrative and secretarial occupations,40,9,31
S01007391,5. Skilled trades occupations,23,20,3
S01007391,6. Caring leisure and other service occupations,20,4,16
S01007391,7. Sales and customer service occupations,17,5,12
S01007391,8. Process plant and machine operatives,11,11,0
S01007391,9. Elementary occupations,30,13,17
S01007392,All people aged 16 to 74 in employment,203,112,91
S01007392,1. Managers directors and senior officials,25,20,5
S01007392,2. Professional occupations,50,22,28
S01007392,3. Associate professional and technical occupations,39,22,17
S01007392,4. Administrative and secretarial occupations,23,5,18
S01007392,5. Skilled trades occupations,27,22,5
S01007392,6. Caring leisure and other service occupations,6,2,4
S01007392,7. Sales and customer service occupations,12,4,8
S01007392,8. Process plant and machine operatives,8,8,0
S01007392,9. Elementary occupations,13,7,6
S01007393,All people aged 16 to 74 in employment,247,129,118
S01007393,1. Managers directors and senior officials,51,39,12
S01007393,2. Professional occupations,76,37,39
S01007393,3. Associate professional and technical occupations,27,16,11
S01007393,4. Administrative and secretarial occupations,29,10,19
S01007393,5. Skilled trades occupations,17,15,2
S01007393,6. Caring leisure and other service occupations,18,0,18
S01007393,7. Sales and customer service occupations,9,2,7
S01007393,8. Process plant and machine operatives,10,8,2
S01007393,9. Elementary occupations,10,2,8
S01007394,All people aged 16 to 74 in employment,242,127,115
S01007394,1. Managers directors and senior officials,32,20,12
S01007394,2. Professional occupations,71,37,34
S01007394,3. Associate professional and technical occupations,38,22,16
S01007394,4. Administrative and secretarial occupations,30,8,22
S01007394,5. Skilled trades occupations,26,23,3
S01007394,6. Caring leisure and other service occupations,16,3,13
S01007394,7. Sales and customer service occupations,12,4,8
S01007394,8. Process plant and machine operatives,3,2,1
S01007394,9. Elementary occupations,14,8,6
S01007395,All people aged 16 to 74 in employment,388,223,165
S01007395,1. Managers directors and senior officials,24,7,17
S01007395,2. Professional occupations,38,15,23
S01007395,3. Associate professional and technical occupations,65,48,17
S01007395,4. Administrative and secretarial occupations,45,15,30
S01007395,5. Skilled trades occupations,62,56,6
S01007395,6. Caring leisure and other service occupations,59,20,39
S01007395,7. Sales and customer service occupations,36,15,21
S01007395,8. Process plant and machine operatives,21,20,1
S01007395,9. Elementary occupations,38,27,11
S01007396,All people aged 16 to 74 in employment,377,192,185
S01007396,1. Managers directors and senior officials,29,13,16
S01007396,2. Professional occupations,46,19,27
S01007396,3. Associate professional and technical occupations,72,52,20
S01007396,4. Administrative and secretarial occupations,38,5,33
S01007396,5. Skilled trades occupations,52,46,6
S01007396,6. Caring leisure and other service occupations,46,8,38
S01007396,7. Sales and customer service occupations,25,6,19
S01007396,8. Process plant and machine operatives,22,19,3
S01007396,9. Elementary occupations,47,24,23
S01007397,All people aged 16 to 74 in employment,435,242,193
S01007397,1. Managers directors and senior officials,48,31,17
S01007397,2. Professional occupations,99,45,54
S01007397,3. Associate professional and technical occupations,71,45,26
S01007397,4. Administrative and secretarial occupations,47,13,34
S01007397,5. Skilled trades occupations,52,49,3
S01007397,6. Caring leisure and other service occupations,42,9,33
S01007397,7. Sales and customer service occupations,21,7,14
S01007397,8. Process plant and machine operatives,25,25,0
S01007397,9. Elementary occupations,30,18,12
S01007398,All people aged 16 to 74 in employment,287,126,161
S01007398,1. Managers directors and senior officials,12,7,5
S01007398,2. Professional occupations,16,9,7
S01007398,3. Associate professional and technical occupations,23,13,10
S01007398,4. Administrative and secretarial occupations,19,1,18
S01007398,5. Skilled trades occupations,37,31,6
S01007398,6. Caring leisure and other service occupations,50,4,46
S01007398,7. Sales and customer service occupations,28,6,22
S01007398,8. Process plant and machine operatives,22,22,0
S01007398,9. Elementary occupations,80,33,47
S01007399,All people aged 16 to 74 in employment,249,126,123
S01007399,1. Managers directors and senior officials,14,13,1
S01007399,2. Professional occupations,22,9,13
S01007399,3. Associate professional and technical occupations,29,19,10
S01007399,4. Administrative and secretarial occupations,19,3,16
S01007399,5. Skilled trades occupations,37,33,4
S01007399,6. Caring leisure and other service occupations,31,3,28
S01007399,7. Sales and customer service occupations,27,9,18
S01007399,8. Process plant and machine operatives,20,18,2
S01007399,9. Elementary occupations,50,19,31
S01007400,All people aged 16 to 74 in employment,330,162,168
S01007400,1. Managers directors and senior officials,37,23,14
S01007400,2. Professional occupations,57,26,31
S01007400,3. Associate professional and technical occupations,52,35,17
S01007400,4. Administrative and secretarial occupations,38,6,32
S01007400,5. Skilled trades occupations,34,31,3
S01007400,6. Caring leisure and other service occupations,35,5,30
S01007400,7. Sales and customer service occupations,29,9,20
S01007400,8. Process plant and machine operatives,16,16,0
S01007400,9. Elementary occupations,32,11,21
S01007401,All people aged 16 to 74 in employment,349,181,168
S01007401,1. Managers directors and senior officials,26,13,13
S01007401,2. Professional occupations,45,18,27
S01007401,3. Associate professional and technical occupations,75,50,25
S01007401,4. Administrative and secretarial occupations,46,9,37
S01007401,5. Skilled trades occupations,47,45,2
S01007401,6. Caring leisure and other service occupations,31,8,23
S01007401,7. Sales and customer service occupations,39,14,25
S01007401,8. Process plant and machine operatives,11,9,2
S01007401,9. Elementary occupations,29,15,14
S01007402,All people aged 16 to 74 in employment,310,159,151
S01007402,1. Managers directors and senior officials,29,16,13
S01007402,2. Professional occupations,49,21,28
S01007402,3. Associate professional and technical occupations,55,32,23
S01007402,4. Administrative and secretarial occupations,40,9,31
S01007402,5. Skilled trades occupations,32,28,4
S01007402,6. Caring leisure and other service occupations,33,4,29
S01007402,7. Sales and customer service occupations,22,9,13
S01007402,8. Process plant and machine operatives,25,25,0
S01007402,9. Elementary occupations,25,15,10
S01007403,All people aged 16 to 74 in employment,408,233,175
S01007403,1. Managers directors and senior officials,26,17,9
S01007403,2. Professional occupations,47,15,32
S01007403,3. Associate professional and technical occupations,172,148,24
S01007403,4. Administrative and secretarial occupations,31,5,26
S01007403,5. Skilled trades occupations,22,19,3
S01007403,6. Caring leisure and other service occupations,38,2,36
S01007403,7. Sales and customer service occupations,28,3,25
S01007403,8. Process plant and machine operatives,12,11,1
S01007403,9. Elementary occupations,32,13,19
S01007404,All people aged 16 to 74 in employment,223,129,94
S01007404,1. Managers directors and senior officials,35,17,18
S01007404,2. Professional occupations,39,20,19
S01007404,3. Associate professional and technical occupations,21,16,5
S01007404,4. Administrative and secretarial occupations,19,3,16
S01007404,5. Skilled trades occupations,46,40,6
S01007404,6. Caring leisure and other service occupations,14,3,11
S01007404,7. Sales and customer service occupations,10,3,7
S01007404,8. Process plant and machine operatives,13,10,3
S01007404,9. Elementary occupations,26,17,9
S01007405,All people aged 16 to 74 in employment,356,186,170
S01007405,1. Managers directors and senior officials,58,46,12
S01007405,2. Professional occupations,96,39,57
S01007405,3. Associate professional and technical occupations,63,37,26
S01007405,4. Administrative and secretarial occupations,39,6,33
S01007405,5. Skilled trades occupations,29,27,2
S01007405,6. Caring leisure and other service occupations,19,2,17
S01007405,7. Sales and customer service occupations,18,6,12
S01007405,8. Process plant and machine operatives,12,12,0
S01007405,9. Elementary occupations,22,11,11
S01007406,All people aged 16 to 74 in employment,293,150,143
S01007406,1. Managers directors and senior officials,46,35,11
S01007406,2. Professional occupations,83,34,49
S01007406,3. Associate professional and technical occupations,49,31,18
S01007406,4. Administrative and secretarial occupations,29,4,25
S01007406,5. Skilled trades occupations,26,22,4
S01007406,6. Caring leisure and other service occupations,25,6,19
S01007406,7. Sales and customer service occupations,11,5,6
S01007406,8. Process plant and machine operatives,10,10,0
S01007406,9. Elementary occupations,14,3,11
S01007407,All people aged 16 to 74 in employment,340,181,159
S01007407,1. Managers directors and senior officials,46,27,19
S01007407,2. Professional occupations,74,35,39
S01007407,3. Associate professional and technical occupations,58,39,19
S01007407,4. Administrative and secretarial occupations,43,8,35
S01007407,5. Skilled trades occupations,40,36,4
S01007407,6. Caring leisure and other service occupations,20,3,17
S01007407,7. Sales and customer service occupations,17,5,12
S01007407,8. Process plant and machine operatives,20,20,0
S01007407,9. Elementary occupations,22,8,14
S01007408,All people aged 16 to 74 in employment,281,137,144
S01007408,1. Managers directors and senior officials,17,10,7
S01007408,2. Professional occupations,35,17,18
S01007408,3. Associate professional and technical occupations,48,25,23
S01007408,4. Administrative and secretarial occupations,35,1,34
S01007408,5. Skilled trades occupations,56,52,4
S01007408,6. Caring leisure and other service occupations,29,3,26
S01007408,7. Sales and customer service occupations,20,5,15
S01007408,8. Process plant and machine operatives,15,14,1
S01007408,9. Elementary occupations,26,10,16
S01007409,All people aged 16 to 74 in employment,373,198,175
S01007409,1. Managers directors and senior officials,32,21,11
S01007409,2. Professional occupations,46,19,27
S01007409,3. Associate professional and technical occupations,34,17,17
S01007409,4. Administrative and secretarial occupations,47,10,37
S01007409,5. Skilled trades occupations,47,45,2
S01007409,6. Caring leisure and other service occupations,43,6,37
S01007409,7. Sales and customer service occupations,29,7,22
S01007409,8. Process plant and machine operatives,47,45,2
S01007409,9. Elementary occupations,48,28,20
S01007410,All people aged 16 to 74 in employment,258,138,120
S01007410,1. Managers directors and senior officials,12,7,5
S01007410,2. Professional occupations,12,4,8
S01007410,3. Associate professional and technical occupations,16,11,5
S01007410,4. Administrative and secretarial occupations,23,4,19
S01007410,5. Skilled trades occupations,41,38,3
S01007410,6. Caring leisure and other service occupations,38,7,31
S01007410,7. Sales and customer service occupations,31,10,21
S01007410,8. Process plant and machine operatives,35,32,3
S01007410,9. Elementary occupations,50,25,25
S01007411,All people aged 16 to 74 in employment,346,172,174
S01007411,1. Managers directors and senior officials,27,14,13
S01007411,2. Professional occupations,28,16,12
S01007411,3. Associate professional and technical occupations,22,10,12
S01007411,4. Administrative and secretarial occupations,39,7,32
S01007411,5. Skilled trades occupations,45,40,5
S01007411,6. Caring leisure and other service occupations,35,7,28
S01007411,7. Sales and customer service occupations,44,9,35
S01007411,8. Process plant and machine operatives,47,41,6
S01007411,9. Elementary occupations,59,28,31
S01007412,All people aged 16 to 74 in employment,206,113,93
S01007412,1. Managers directors and senior officials,10,4,6
S01007412,2. Professional occupations,21,9,12
S01007412,3. Associate professional and technical occupations,18,9,9
S01007412,4. Administrative and secretarial occupations,27,8,19
S01007412,5. Skilled trades occupations,30,28,2
S01007412,6. Caring leisure and other service occupations,17,3,14
S01007412,7. Sales and customer service occupations,22,9,13
S01007412,8. Process plant and machine operatives,26,21,5
S01007412,9. Elementary occupations,35,22,13
S01007413,All people aged 16 to 74 in employment,528,264,264
S01007413,1. Managers directors and senior officials,44,26,18
S01007413,2. Professional occupations,72,30,42
S01007413,3. Associate professional and technical occupations,77,38,39
S01007413,4. Administrative and secretarial occupations,75,14,61
S01007413,5. Skilled trades occupations,71,69,2
S01007413,6. Caring leisure and other service occupations,51,6,45
S01007413,7. Sales and customer service occupations,52,14,38
S01007413,8. Process plant and machine operatives,49,46,3
S01007413,9. Elementary occupations,37,21,16
S01007414,All people aged 16 to 74 in employment,398,207,191
S01007414,1. Managers directors and senior officials,42,29,13
S01007414,2. Professional occupations,92,36,56
S01007414,3. Associate professional and technical occupations,76,57,19
S01007414,4. Administrative and secretarial occupations,46,4,42
S01007414,5. Skilled trades occupations,31,28,3
S01007414,6. Caring leisure and other service occupations,31,5,26
S01007414,7. Sales and customer service occupations,33,13,20
S01007414,8. Process plant and machine operatives,22,21,1
S01007414,9. Elementary occupations,25,14,11
S01007415,All people aged 16 to 74 in employment,367,185,182
S01007415,1. Managers directors and senior officials,18,10,8
S01007415,2. Professional occupations,23,10,13
S01007415,3. Associate professional and technical occupations,36,14,22
S01007415,4. Administrative and secretarial occupations,25,5,20
S01007415,5. Skilled trades occupations,42,38,4
S01007415,6. Caring leisure and other service occupations,42,1,41
S01007415,7. Sales and customer service occupations,40,10,30
S01007415,8. Process plant and machine operatives,65,56,9
S01007415,9. Elementary occupations,76,41,35
S01007416,All people aged 16 to 74 in employment,197,97,100
S01007416,1. Managers directors and senior officials,8,7,1
S01007416,2. Professional occupations,12,5,7
S01007416,3. Associate professional and technical occupations,7,4,3
S01007416,4. Administrative and secretarial occupations,14,1,13
S01007416,5. Skilled trades occupations,28,25,3
S01007416,6. Caring leisure and other service occupations,24,4,20
S01007416,7. Sales and customer service occupations,29,4,25
S01007416,8. Process plant and machine operatives,32,25,7
S01007416,9. Elementary occupations,43,22,21
S01007417,All people aged 16 to 74 in employment,549,284,265
S01007417,1. Managers directors and senior officials,63,40,23
S01007417,2. Professional occupations,98,40,58
S01007417,3. Associate professional and technical occupations,108,70,38
S01007417,4. Administrative and secretarial occupations,70,9,61
S01007417,5. Skilled trades occupations,50,46,4
S01007417,6. Caring leisure and other service occupations,32,3,29
S01007417,7. Sales and customer service occupations,51,19,32
S01007417,8. Process plant and machine operatives,42,38,4
S01007417,9. Elementary occupations,35,19,16
S01007418,All people aged 16 to 74 in employment,297,147,150
S01007418,1. Managers directors and senior officials,17,10,7
S01007418,2. Professional occupations,21,8,13
S01007418,3. Associate professional and technical occupations,24,15,9
S01007418,4. Administrative and secretarial occupations,32,3,29
S01007418,5. Skilled trades occupations,32,27,5
S01007418,6. Caring leisure and other service occupations,30,4,26
S01007418,7. Sales and customer service occupations,33,8,25
S01007418,8. Process plant and machine operatives,44,40,4
S01007418,9. Elementary occupations,64,32,32
S01007419,All people aged 16 to 74 in employment,360,190,170
S01007419,1. Managers directors and senior officials,9,4,5
S01007419,2. Professional occupations,25,12,13
S01007419,3. Associate professional and technical occupations,32,21,11
S01007419,4. Administrative and secretarial occupations,26,3,23
S01007419,5. Skilled trades occupations,42,38,4
S01007419,6. Caring leisure and other service occupations,51,8,43
S01007419,7. Sales and customer service occupations,49,15,34
S01007419,8. Process plant and machine operatives,48,44,4
S01007419,9. Elementary occupations,78,45,33
S01007420,All people aged 16 to 74 in employment,563,359,204
S01007420,1. Managers directors and senior officials,63,42,21
S01007420,2. Professional occupations,77,34,43
S01007420,3. Associate professional and technical occupations,80,47,33
S01007420,4. Administrative and secretarial occupations,56,12,44
S01007420,5. Skilled trades occupations,105,102,3
S01007420,6. Caring leisure and other service occupations,32,6,26
S01007420,7. Sales and customer service occupations,39,17,22
S01007420,8. Process plant and machine operatives,45,44,1
S01007420,9. Elementary occupations,66,55,11
S01007421,All people aged 16 to 74 in employment,351,185,166
S01007421,1. Managers directors and senior officials,33,22,11
S01007421,2. Professional occupations,97,45,52
S01007421,3. Associate professional and technical occupations,50,32,18
S01007421,4. Administrative and secretarial occupations,31,5,26
S01007421,5. Skilled trades occupations,35,32,3
S01007421,6. Caring leisure and other service occupations,28,2,26
S01007421,7. Sales and customer service occupations,21,10,11
S01007421,8. Process plant and machine operatives,20,19,1
S01007421,9. Elementary occupations,36,18,18
S01007422,All people aged 16 to 74 in employment,278,141,137
S01007422,1. Managers directors and senior officials,26,15,11
S01007422,2. Professional occupations,52,17,35
S01007422,3. Associate professional and technical occupations,34,18,16
S01007422,4. Administrative and secretarial occupations,26,4,22
S01007422,5. Skilled trades occupations,39,37,2
S01007422,6. Caring leisure and other service occupations,31,7,24
S01007422,7. Sales and customer service occupations,25,11,14
S01007422,8. Process plant and machine operatives,19,18,1
S01007422,9. Elementary occupations,26,14,12
S01007423,All people aged 16 to 74 in employment,409,213,196
S01007423,1. Managers directors and senior officials,49,30,19
S01007423,2. Professional occupations,91,29,62
S01007423,3. Associate professional and technical occupations,74,45,29
S01007423,4. Administrative and secretarial occupations,36,9,27
S01007423,5. Skilled trades occupations,47,44,3
S01007423,6. Caring leisure and other service occupations,38,9,29
S01007423,7. Sales and customer service occupations,25,10,15
S01007423,8. Process plant and machine operatives,21,20,1
S01007423,9. Elementary occupations,28,17,11
S01007424,All people aged 16 to 74 in employment,405,209,196
S01007424,1. Managers directors and senior officials,30,15,15
S01007424,2. Professional occupations,90,46,44
S01007424,3. Associate professional and technical occupations,65,43,22
S01007424,4. Administrative and secretarial occupations,48,8,40
S01007424,5. Skilled trades occupations,49,46,3
S01007424,6. Caring leisure and other service occupations,31,5,26
S01007424,7. Sales and customer service occupations,36,12,24
S01007424,8. Process plant and machine operatives,26,22,4
S01007424,9. Elementary occupations,30,12,18
S01007425,All people aged 16 to 74 in employment,421,219,202
S01007425,1. Managers directors and senior officials,40,25,15
S01007425,2. Professional occupations,73,32,41
S01007425,3. Associate professional and technical occupations,49,29,20
S01007425,4. Administrative and secretarial occupations,40,4,36
S01007425,5. Skilled trades occupations,56,52,4
S01007425,6. Caring leisure and other service occupations,38,8,30
S01007425,7. Sales and customer service occupations,45,16,29
S01007425,8. Process plant and machine operatives,38,34,4
S01007425,9. Elementary occupations,42,19,23
S01007426,All people aged 16 to 74 in employment,289,150,139
S01007426,1. Managers directors and senior officials,18,12,6
S01007426,2. Professional occupations,47,22,25
S01007426,3. Associate professional and technical occupations,28,13,15
S01007426,4. Administrative and secretarial occupations,28,6,22
S01007426,5. Skilled trades occupations,36,34,2
S01007426,6. Caring leisure and other service occupations,31,2,29
S01007426,7. Sales and customer service occupations,31,10,21
S01007426,8. Process plant and machine operatives,27,26,1
S01007426,9. Elementary occupations,43,25,18
S01007427,All people aged 16 to 74 in employment,265,125,140
S01007427,1. Managers directors and senior officials,22,5,17
S01007427,2. Professional occupations,20,8,12
S01007427,3. Associate professional and technical occupations,29,17,12
S01007427,4. Administrative and secretarial occupations,22,2,20
S01007427,5. Skilled trades occupations,39,33,6
S01007427,6. Caring leisure and other service occupations,33,4,29
S01007427,7. Sales and customer service occupations,33,10,23
S01007427,8. Process plant and machine operatives,31,29,2
S01007427,9. Elementary occupations,36,17,19
S01007428,All people aged 16 to 74 in employment,415,216,199
S01007428,1. Managers directors and senior officials,38,22,16
S01007428,2. Professional occupations,51,18,33
S01007428,3. Associate professional and technical occupations,48,27,21
S01007428,4. Administrative and secretarial occupations,47,5,42
S01007428,5. Skilled trades occupations,59,56,3
S01007428,6. Caring leisure and other service occupations,41,9,32
S01007428,7. Sales and customer service occupations,32,10,22
S01007428,8. Process plant and machine operatives,45,41,4
S01007428,9. Elementary occupations,54,28,26
S01007429,All people aged 16 to 74 in employment,383,194,189
S01007429,1. Managers directors and senior officials,33,16,17
S01007429,2. Professional occupations,66,24,42
S01007429,3. Associate professional and technical occupations,46,26,20
S01007429,4. Administrative and secretarial occupations,39,8,31
S01007429,5. Skilled trades occupations,53,51,2
S01007429,6. Caring leisure and other service occupations,35,6,29
S01007429,7. Sales and customer service occupations,32,10,22
S01007429,8. Process plant and machine operatives,32,30,2
S01007429,9. Elementary occupations,47,23,24
S01007430,All people aged 16 to 74 in employment,220,111,109
S01007430,1. Managers directors and senior officials,25,13,12
S01007430,2. Professional occupations,32,13,19
S01007430,3. Associate professional and technical occupations,26,11,15
S01007430,4. Administrative and secretarial occupations,16,3,13
S01007430,5. Skilled trades occupations,25,22,3
S01007430,6. Caring leisure and other service occupations,19,5,14
S01007430,7. Sales and customer service occupations,26,12,14
S01007430,8. Process plant and machine operatives,22,19,3
S01007430,9. Elementary occupations,29,13,16
S01007431,All people aged 16 to 74 in employment,300,147,153
S01007431,1. Managers directors and senior officials,29,20,9
S01007431,2. Professional occupations,46,16,30
S01007431,3. Associate professional and technical occupations,47,25,22
S01007431,4. Administrative and secretarial occupations,43,10,33
S01007431,5. Skilled trades occupations,28,27,1
S01007431,6. Caring leisure and other service occupations,25,5,20
S01007431,7. Sales and customer service occupations,34,13,21
S01007431,8. Process plant and machine operatives,12,10,2
S01007431,9. Elementary occupations,36,21,15
S01007432,All people aged 16 to 74 in employment,390,202,188
S01007432,1. Managers directors and senior officials,28,15,13
S01007432,2. Professional occupations,49,23,26
S01007432,3. Associate professional and technical occupations,50,30,20
S01007432,4. Administrative and secretarial occupations,43,5,38
S01007432,5. Skilled trades occupations,50,42,8
S01007432,6. Caring leisure and other service occupations,41,6,35
S01007432,7. Sales and customer service occupations,30,9,21
S01007432,8. Process plant and machine operatives,53,48,5
S01007432,9. Elementary occupations,46,24,22
S01007433,All people aged 16 to 74 in employment,365,194,171
S01007433,1. Managers directors and senior officials,41,25,16
S01007433,2. Professional occupations,62,27,35
S01007433,3. Associate professional and technical occupations,46,29,17
S01007433,4. Administrative and secretarial occupations,25,5,20
S01007433,5. Skilled trades occupations,54,50,4
S01007433,6. Caring leisure and other service occupations,33,2,31
S01007433,7. Sales and customer service occupations,37,8,29
S01007433,8. Process plant and machine operatives,27,24,3
S01007433,9. Elementary occupations,40,24,16
S01007434,All people aged 16 to 74 in employment,221,121,100
S01007434,1. Managers directors and senior officials,14,8,6
S01007434,2. Professional occupations,16,4,12
S01007434,3. Associate professional and technical occupations,16,12,4
S01007434,4. Administrative and secretarial occupations,20,7,13
S01007434,5. Skilled trades occupations,39,33,6
S01007434,6. Caring leisure and other service occupations,26,5,21
S01007434,7. Sales and customer service occupations,28,9,19
S01007434,8. Process plant and machine operatives,29,27,2
S01007434,9. Elementary occupations,33,16,17
S01007435,All people aged 16 to 74 in employment,341,170,171
S01007435,1. Managers directors and senior officials,20,10,10
S01007435,2. Professional occupations,44,18,26
S01007435,3. Associate professional and technical occupations,41,23,18
S01007435,4. Administrative and secretarial occupations,38,4,34
S01007435,5. Skilled trades occupations,51,47,4
S01007435,6. Caring leisure and other service occupations,41,8,33
S01007435,7. Sales and customer service occupations,37,13,24
S01007435,8. Process plant and machine operatives,33,30,3
S01007435,9. Elementary occupations,36,17,19
S01007436,All people aged 16 to 74 in employment,298,145,153
S01007436,1. Managers directors and senior officials,24,14,10
S01007436,2. Professional occupations,35,15,20
S01007436,3. Associate professional and technical occupations,23,10,13
S01007436,4. Administrative and secretarial occupations,29,5,24
S01007436,5. Skilled trades occupations,34,26,8
S01007436,6. Caring leisure and other service occupations,30,6,24
S01007436,7. Sales and customer service occupations,33,12,21
S01007436,8. Process plant and machine operatives,27,23,4
S01007436,9. Elementary occupations,63,34,29
S01007437,All people aged 16 to 74 in employment,201,113,88
S01007437,1. Managers directors and senior officials,17,10,7
S01007437,2. Professional occupations,36,15,21
S01007437,3. Associate professional and technical occupations,23,15,8
S01007437,4. Administrative and secretarial occupations,22,6,16
S01007437,5. Skilled trades occupations,23,19,4
S01007437,6. Caring leisure and other service occupations,22,10,12
S01007437,7. Sales and customer service occupations,22,11,11
S01007437,8. Process plant and machine operatives,18,17,1
S01007437,9. Elementary occupations,18,10,8
S01007438,All people aged 16 to 74 in employment,304,174,130
S01007438,1. Managers directors and senior officials,17,11,6
S01007438,2. Professional occupations,35,18,17
S01007438,3. Associate professional and technical occupations,31,19,12
S01007438,4. Administrative and secretarial occupations,34,6,28
S01007438,5. Skilled trades occupations,48,44,4
S01007438,6. Caring leisure and other service occupations,28,6,22
S01007438,7. Sales and customer service occupations,38,16,22
S01007438,8. Process plant and machine operatives,36,32,4
S01007438,9. Elementary occupations,37,22,15
S01007439,All people aged 16 to 74 in employment,325,178,147
S01007439,1. Managers directors and senior officials,16,10,6
S01007439,2. Professional occupations,50,25,25
S01007439,3. Associate professional and technical occupations,42,24,18
S01007439,4. Administrative and secretarial occupations,34,8,26
S01007439,5. Skilled trades occupations,48,42,6
S01007439,6. Caring leisure and other service occupations,39,7,32
S01007439,7. Sales and customer service occupations,30,13,17
S01007439,8. Process plant and machine operatives,29,27,2
S01007439,9. Elementary occupations,37,22,15
S01007440,All people aged 16 to 74 in employment,306,161,145
S01007440,1. Managers directors and senior officials,19,10,9
S01007440,2. Professional occupations,27,8,19
S01007440,3. Associate professional and technical occupations,30,20,10
S01007440,4. Administrative and secretarial occupations,37,6,31
S01007440,5. Skilled trades occupations,55,49,6
S01007440,6. Caring leisure and other service occupations,40,7,33
S01007440,7. Sales and customer service occupations,23,9,14
S01007440,8. Process plant and machine operatives,39,34,5
S01007440,9. Elementary occupations,36,18,18
S01007441,All people aged 16 to 74 in employment,290,142,148
S01007441,1. Managers directors and senior officials,32,16,16
S01007441,2. Professional occupations,55,15,40
S01007441,3. Associate professional and technical occupations,42,27,15
S01007441,4. Administrative and secretarial occupations,37,4,33
S01007441,5. Skilled trades occupations,37,35,2
S01007441,6. Caring leisure and other service occupations,16,2,14
S01007441,7. Sales and customer service occupations,31,9,22
S01007441,8. Process plant and machine operatives,22,21,1
S01007441,9. Elementary occupations,18,13,5
S01007442,All people aged 16 to 74 in employment,249,130,119
S01007442,1. Managers directors and senior officials,28,19,9
S01007442,2. Professional occupations,65,29,36
S01007442,3. Associate professional and technical occupations,38,24,14
S01007442,4. Administrative and secretarial occupations,19,4,15
S01007442,5. Skilled trades occupations,24,21,3
S01007442,6. Caring leisure and other service occupations,24,3,21
S01007442,7. Sales and customer service occupations,26,12,14
S01007442,8. Process plant and machine operatives,13,13,0
S01007442,9. Elementary occupations,12,5,7
S01007443,All people aged 16 to 74 in employment,350,185,165
S01007443,1. Managers directors and senior officials,46,33,13
S01007443,2. Professional occupations,93,47,46
S01007443,3. Associate professional and technical occupations,32,23,9
S01007443,4. Administrative and secretarial occupations,32,6,26
S01007443,5. Skilled trades occupations,43,38,5
S01007443,6. Caring leisure and other service occupations,33,4,29
S01007443,7. Sales and customer service occupations,21,3,18
S01007443,8. Process plant and machine operatives,13,12,1
S01007443,9. Elementary occupations,37,19,18
S01007444,All people aged 16 to 74 in employment,408,213,195
S01007444,1. Managers directors and senior officials,63,51,12
S01007444,2. Professional occupations,130,61,69
S01007444,3. Associate professional and technical occupations,57,31,26
S01007444,4. Administrative and secretarial occupations,44,12,32
S01007444,5. Skilled trades occupations,35,30,5
S01007444,6. Caring leisure and other service occupations,26,6,20
S01007444,7. Sales and customer service occupations,18,1,17
S01007444,8. Process plant and machine operatives,13,13,0
S01007444,9. Elementary occupations,22,8,14
S01007445,All people aged 16 to 74 in employment,287,149,138
S01007445,1. Managers directors and senior officials,44,34,10
S01007445,2. Professional occupations,109,54,55
S01007445,3. Associate professional and technical occupations,35,20,15
S01007445,4. Administrative and secretarial occupations,27,3,24
S01007445,5. Skilled trades occupations,21,19,2
S01007445,6. Caring leisure and other service occupations,20,2,18
S01007445,7. Sales and customer service occupations,14,4,10
S01007445,8. Process plant and machine operatives,9,8,1
S01007445,9. Elementary occupations,8,5,3
S01007446,All people aged 16 to 74 in employment,249,123,126
S01007446,1. Managers directors and senior officials,47,30,17
S01007446,2. Professional occupations,89,41,48
S01007446,3. Associate professional and technical occupations,38,26,12
S01007446,4. Administrative and secretarial occupations,14,1,13
S01007446,5. Skilled trades occupations,10,9,1
S01007446,6. Caring leisure and other service occupations,13,0,13
S01007446,7. Sales and customer service occupations,18,6,12
S01007446,8. Process plant and machine operatives,7,6,1
S01007446,9. Elementary occupations,13,4,9
S01007447,All people aged 16 to 74 in employment,236,133,103
S01007447,1. Managers directors and senior officials,35,29,6
S01007447,2. Professional occupations,74,36,38
S01007447,3. Associate professional and technical occupations,26,15,11
S01007447,4. Administrative and secretarial occupations,20,2,18
S01007447,5. Skilled trades occupations,29,23,6
S01007447,6. Caring leisure and other service occupations,13,0,13
S01007447,7. Sales and customer service occupations,13,9,4
S01007447,8. Process plant and machine operatives,9,9,0
S01007447,9. Elementary occupations,17,10,7
S01007448,All people aged 16 to 74 in employment,422,230,192
S01007448,1. Managers directors and senior officials,41,27,14
S01007448,2. Professional occupations,70,27,43
S01007448,3. Associate professional and technical occupations,56,32,24
S01007448,4. Administrative and secretarial occupations,44,7,37
S01007448,5. Skilled trades occupations,67,62,5
S01007448,6. Caring leisure and other service occupations,28,3,25
S01007448,7. Sales and customer service occupations,37,8,29
S01007448,8. Process plant and machine operatives,40,39,1
S01007448,9. Elementary occupations,39,25,14
S01007449,All people aged 16 to 74 in employment,440,222,218
S01007449,1. Managers directors and senior officials,24,12,12
S01007449,2. Professional occupations,49,22,27
S01007449,3. Associate professional and technical occupations,44,26,18
S01007449,4. Administrative and secretarial occupations,39,8,31
S01007449,5. Skilled trades occupations,52,49,3
S01007449,6. Caring leisure and other service occupations,64,9,55
S01007449,7. Sales and customer service occupations,51,10,41
S01007449,8. Process plant and machine operatives,57,55,2
S01007449,9. Elementary occupations,60,31,29
S01007450,All people aged 16 to 74 in employment,300,155,145
S01007450,1. Managers directors and senior officials,25,17,8
S01007450,2. Professional occupations,24,15,9
S01007450,3. Associate professional and technical occupations,24,11,13
S01007450,4. Administrative and secretarial occupations,37,7,30
S01007450,5. Skilled trades occupations,39,35,4
S01007450,6. Caring leisure and other service occupations,34,5,29
S01007450,7. Sales and customer service occupations,41,9,32
S01007450,8. Process plant and machine operatives,29,27,2
S01007450,9. Elementary occupations,47,29,18
S01007451,All people aged 16 to 74 in employment,304,147,157
S01007451,1. Managers directors and senior officials,18,12,6
S01007451,2. Professional occupations,33,10,23
S01007451,3. Associate professional and technical occupations,31,20,11
S01007451,4. Administrative and secretarial occupations,46,13,33
S01007451,5. Skilled trades occupations,30,29,1
S01007451,6. Caring leisure and other service occupations,34,4,30
S01007451,7. Sales and customer service occupations,43,11,32
S01007451,8. Process plant and machine operatives,31,26,5
S01007451,9. Elementary occupations,38,22,16
S01007452,All people aged 16 to 74 in employment,215,112,103
S01007452,1. Managers directors and senior officials,17,12,5
S01007452,2. Professional occupations,27,14,13
S01007452,3. Associate professional and technical occupations,17,8,9
S01007452,4. Administrative and secretarial occupations,18,5,13
S01007452,5. Skilled trades occupations,21,20,1
S01007452,6. Caring leisure and other service occupations,22,2,20
S01007452,7. Sales and customer service occupations,26,1,25
S01007452,8. Process plant and machine operatives,30,26,4
S01007452,9. Elementary occupations,37,24,13
S01007453,All people aged 16 to 74 in employment,345,179,166
S01007453,1. Managers directors and senior officials,47,35,12
S01007453,2. Professional occupations,69,31,38
S01007453,3. Associate professional and technical occupations,75,41,34
S01007453,4. Administrative and secretarial occupations,37,5,32
S01007453,5. Skilled trades occupations,38,32,6
S01007453,6. Caring leisure and other service occupations,18,3,15
S01007453,7. Sales and customer service occupations,22,6,16
S01007453,8. Process plant and machine operatives,22,18,4
S01007453,9. Elementary occupations,17,8,9
S01007454,All people aged 16 to 74 in employment,251,128,123
S01007454,1. Managers directors and senior officials,16,8,8
S01007454,2. Professional occupations,12,7,5
S01007454,3. Associate professional and technical occupations,32,16,16
S01007454,4. Administrative and secretarial occupations,22,4,18
S01007454,5. Skilled trades occupations,30,28,2
S01007454,6. Caring leisure and other service occupations,34,4,30
S01007454,7. Sales and customer service occupations,21,5,16
S01007454,8. Process plant and machine operatives,48,38,10
S01007454,9. Elementary occupations,36,18,18
S01007455,All people aged 16 to 74 in employment,365,186,179
S01007455,1. Managers directors and senior officials,26,18,8
S01007455,2. Professional occupations,25,14,11
S01007455,3. Associate professional and technical occupations,32,17,15
S01007455,4. Administrative and secretarial occupations,28,6,22
S01007455,5. Skilled trades occupations,44,41,3
S01007455,6. Caring leisure and other service occupations,58,9,49
S01007455,7. Sales and customer service occupations,53,17,36
S01007455,8. Process plant and machine operatives,42,35,7
S01007455,9. Elementary occupations,57,29,28
S01007456,All people aged 16 to 74 in employment,367,171,196
S01007456,1. Managers directors and senior officials,9,3,6
S01007456,2. Professional occupations,25,10,15
S01007456,3. Associate professional and technical occupations,28,8,20
S01007456,4. Administrative and secretarial occupations,29,8,21
S01007456,5. Skilled trades occupations,44,40,4
S01007456,6. Caring leisure and other service occupations,49,5,44
S01007456,7. Sales and customer service occupations,54,15,39
S01007456,8. Process plant and machine operatives,51,45,6
S01007456,9. Elementary occupations,78,37,41
S01007457,All people aged 16 to 74 in employment,479,246,233
S01007457,1. Managers directors and senior officials,33,23,10
S01007457,2. Professional occupations,50,24,26
S01007457,3. Associate professional and technical occupations,55,29,26
S01007457,4. Administrative and secretarial occupations,45,4,41
S01007457,5. Skilled trades occupations,78,70,8
S01007457,6. Caring leisure and other service occupations,50,5,45
S01007457,7. Sales and customer service occupations,47,8,39
S01007457,8. Process plant and machine operatives,47,42,5
S01007457,9. Elementary occupations,74,41,33
S01007458,All people aged 16 to 74 in employment,278,139,139
S01007458,1. Managers directors and senior officials,17,9,8
S01007458,2. Professional occupations,39,17,22
S01007458,3. Associate professional and technical occupations,37,24,13
S01007458,4. Administrative and secretarial occupations,44,3,41
S01007458,5. Skilled trades occupations,46,42,4
S01007458,6. Caring leisure and other service occupations,30,3,27
S01007458,7. Sales and customer service occupations,23,8,15
S01007458,8. Process plant and machine operatives,25,23,2
S01007458,9. Elementary occupations,17,10,7
S01007459,All people aged 16 to 74 in employment,292,146,146
S01007459,1. Managers directors and senior officials,19,12,7
S01007459,2. Professional occupations,42,15,27
S01007459,3. Associate professional and technical occupations,37,25,12
S01007459,4. Administrative and secretarial occupations,45,6,39
S01007459,5. Skilled trades occupations,47,41,6
S01007459,6. Caring leisure and other service occupations,29,4,25
S01007459,7. Sales and customer service occupations,22,8,14
S01007459,8. Process plant and machine operatives,25,21,4
S01007459,9. Elementary occupations,26,14,12
S01007460,All people aged 16 to 74 in employment,325,170,155
S01007460,1. Managers directors and senior officials,27,13,14
S01007460,2. Professional occupations,24,9,15
S01007460,3. Associate professional and technical occupations,31,17,14
S01007460,4. Administrative and secretarial occupations,37,4,33
S01007460,5. Skilled trades occupations,55,53,2
S01007460,6. Caring leisure and other service occupations,45,12,33
S01007460,7. Sales and customer service occupations,32,6,26
S01007460,8. Process plant and machine operatives,40,36,4
S01007460,9. Elementary occupations,34,20,14
S01007461,All people aged 16 to 74 in employment,253,120,133
S01007461,1. Managers directors and senior officials,13,4,9
S01007461,2. Professional occupations,19,5,14
S01007461,3. Associate professional and technical occupations,12,5,7
S01007461,4. Administrative and secretarial occupations,18,8,10
S01007461,5. Skilled trades occupations,32,32,0
S01007461,6. Caring leisure and other service occupations,42,7,35
S01007461,7. Sales and customer service occupations,31,9,22
S01007461,8. Process plant and machine operatives,32,28,4
S01007461,9. Elementary occupations,54,22,32
S01007462,All people aged 16 to 74 in employment,431,217,214
S01007462,1. Managers directors and senior officials,28,14,14
S01007462,2. Professional occupations,53,27,26
S01007462,3. Associate professional and technical occupations,49,24,25
S01007462,4. Administrative and secretarial occupations,54,11,43
S01007462,5. Skilled trades occupations,65,60,5
S01007462,6. Caring leisure and other service occupations,58,11,47
S01007462,7. Sales and customer service occupations,40,8,32
S01007462,8. Process plant and machine operatives,33,33,0
S01007462,9. Elementary occupations,51,29,22
S01007463,All people aged 16 to 74 in employment,324,168,156
S01007463,1. Managers directors and senior officials,21,12,9
S01007463,2. Professional occupations,21,10,11
S01007463,3. Associate professional and technical occupations,13,10,3
S01007463,4. Administrative and secretarial occupations,27,8,19
S01007463,5. Skilled trades occupations,44,41,3
S01007463,6. Caring leisure and other service occupations,29,5,24
S01007463,7. Sales and customer service occupations,47,11,36
S01007463,8. Process plant and machine operatives,44,39,5
S01007463,9. Elementary occupations,78,32,46
S01007464,All people aged 16 to 74 in employment,242,130,112
S01007464,1. Managers directors and senior officials,8,6,2
S01007464,2. Professional occupations,9,2,7
S01007464,3. Associate professional and technical occupations,19,12,7
S01007464,4. Administrative and secretarial occupations,16,5,11
S01007464,5. Skilled trades occupations,25,25,0
S01007464,6. Caring leisure and other service occupations,33,4,29
S01007464,7. Sales and customer service occupations,29,6,23
S01007464,8. Process plant and machine operatives,31,30,1
S01007464,9. Elementary occupations,72,40,32
S01007465,All people aged 16 to 74 in employment,233,122,111
S01007465,1. Managers directors and senior officials,10,5,5
S01007465,2. Professional occupations,9,7,2
S01007465,3. Associate professional and technical occupations,14,10,4
S01007465,4. Administrative and secretarial occupations,13,4,9
S01007465,5. Skilled trades occupations,18,17,1
S01007465,6. Caring leisure and other service occupations,41,7,34
S01007465,7. Sales and customer service occupations,34,9,25
S01007465,8. Process plant and machine operatives,44,38,6
S01007465,9. Elementary occupations,50,25,25
S01007466,All people aged 16 to 74 in employment,403,201,202
S01007466,1. Managers directors and senior officials,21,14,7
S01007466,2. Professional occupations,39,17,22
S01007466,3. Associate professional and technical occupations,28,14,14
S01007466,4. Administrative and secretarial occupations,42,14,28
S01007466,5. Skilled trades occupations,32,30,2
S01007466,6. Caring leisure and other service occupations,48,7,41
S01007466,7. Sales and customer service occupations,70,22,48
S01007466,8. Process plant and machine operatives,43,36,7
S01007466,9. Elementary occupations,80,47,33
S01007467,All people aged 16 to 74 in employment,429,218,211
S01007467,1. Managers directors and senior officials,32,17,15
S01007467,2. Professional occupations,47,14,33
S01007467,3. Associate professional and technical occupations,55,27,28
S01007467,4. Administrative and secretarial occupations,51,3,48
S01007467,5. Skilled trades occupations,70,65,5
S01007467,6. Caring leisure and other service occupations,36,10,26
S01007467,7. Sales and customer service occupations,41,14,27
S01007467,8. Process plant and machine operatives,32,30,2
S01007467,9. Elementary occupations,65,38,27
S01007468,All people aged 16 to 74 in employment,410,219,191
S01007468,1. Managers directors and senior officials,34,23,11
S01007468,2. Professional occupations,53,19,34
S01007468,3. Associate professional and technical occupations,45,25,20
S01007468,4. Administrative and secretarial occupations,45,8,37
S01007468,5. Skilled trades occupations,56,55,1
S01007468,6. Caring leisure and other service occupations,45,8,37
S01007468,7. Sales and customer service occupations,44,12,32
S01007468,8. Process plant and machine operatives,39,35,4
S01007468,9. Elementary occupations,49,34,15
S01007469,All people aged 16 to 74 in employment,278,140,138
S01007469,1. Managers directors and senior officials,16,8,8
S01007469,2. Professional occupations,22,11,11
S01007469,3. Associate professional and technical occupations,26,16,10
S01007469,4. Administrative and secretarial occupations,37,10,27
S01007469,5. Skilled trades occupations,37,34,3
S01007469,6. Caring leisure and other service occupations,41,4,37
S01007469,7. Sales and customer service occupations,24,4,20
S01007469,8. Process plant and machine operatives,32,31,1
S01007469,9. Elementary occupations,43,22,21
S01007470,All people aged 16 to 74 in employment,271,143,128
S01007470,1. Managers directors and senior officials,20,13,7
S01007470,2. Professional occupations,25,11,14
S01007470,3. Associate professional and technical occupations,32,18,14
S01007470,4. Administrative and secretarial occupations,28,5,23
S01007470,5. Skilled trades occupations,37,34,3
S01007470,6. Caring leisure and other service occupations,33,8,25
S01007470,7. Sales and customer service occupations,30,7,23
S01007470,8. Process plant and machine operatives,28,25,3
S01007470,9. Elementary occupations,38,22,16
S01007471,All people aged 16 to 74 in employment,250,128,122
S01007471,1. Managers directors and senior officials,10,6,4
S01007471,2. Professional occupations,22,9,13
S01007471,3. Associate professional and technical occupations,37,23,14
S01007471,4. Administrative and secretarial occupations,35,6,29
S01007471,5. Skilled trades occupations,30,27,3
S01007471,6. Caring leisure and other service occupations,31,4,27
S01007471,7. Sales and customer service occupations,33,11,22
S01007471,8. Process plant and machine operatives,20,19,1
S01007471,9. Elementary occupations,32,23,9
S01007472,All people aged 16 to 74 in employment,223,114,109
S01007472,1. Managers directors and senior officials,6,4,2
S01007472,2. Professional occupations,18,6,12
S01007472,3. Associate professional and technical occupations,15,8,7
S01007472,4. Administrative and secretarial occupations,23,2,21
S01007472,5. Skilled trades occupations,41,39,2
S01007472,6. Caring leisure and other service occupations,32,4,28
S01007472,7. Sales and customer service occupations,21,8,13
S01007472,8. Process plant and machine operatives,27,27,0
S01007472,9. Elementary occupations,40,16,24
S01007473,All people aged 16 to 74 in employment,207,101,106
S01007473,1. Managers directors and senior officials,6,4,2
S01007473,2. Professional occupations,12,3,9
S01007473,3. Associate professional and technical occupations,24,12,12
S01007473,4. Administrative and secretarial occupations,26,4,22
S01007473,5. Skilled trades occupations,32,29,3
S01007473,6. Caring leisure and other service occupations,23,1,22
S01007473,7. Sales and customer service occupations,29,4,25
S01007473,8. Process plant and machine operatives,29,28,1
S01007473,9. Elementary occupations,26,16,10
S01007474,All people aged 16 to 74 in employment,296,146,150
S01007474,1. Managers directors and senior officials,27,17,10
S01007474,2. Professional occupations,41,20,21
S01007474,3. Associate professional and technical occupations,44,30,14
S01007474,4. Administrative and secretarial occupations,47,7,40
S01007474,5. Skilled trades occupations,31,29,2
S01007474,6. Caring leisure and other service occupations,28,3,25
S01007474,7. Sales and customer service occupations,26,4,22
S01007474,8. Process plant and machine operatives,23,19,4
S01007474,9. Elementary occupations,29,17,12
S01007475,All people aged 16 to 74 in employment,313,152,161
S01007475,1. Managers directors and senior officials,22,12,10
S01007475,2. Professional occupations,58,24,34
S01007475,3. Associate professional and technical occupations,51,30,21
S01007475,4. Administrative and secretarial occupations,45,5,40
S01007475,5. Skilled trades occupations,38,37,1
S01007475,6. Caring leisure and other service occupations,22,1,21
S01007475,7. Sales and customer service occupations,23,7,16
S01007475,8. Process plant and machine operatives,25,23,2
S01007475,9. Elementary occupations,29,13,16
S01007476,All people aged 16 to 74 in employment,292,143,149
S01007476,1. Managers directors and senior officials,22,11,11
S01007476,2. Professional occupations,45,21,24
S01007476,3. Associate professional and technical occupations,38,24,14
S01007476,4. Administrative and secretarial occupations,42,7,35
S01007476,5. Skilled trades occupations,35,33,2
S01007476,6. Caring leisure and other service occupations,31,3,28
S01007476,7. Sales and customer service occupations,26,8,18
S01007476,8. Process plant and machine operatives,22,21,1
S01007476,9. Elementary occupations,31,15,16
S01007477,All people aged 16 to 74 in employment,273,140,133
S01007477,1. Managers directors and senior officials,27,17,10
S01007477,2. Professional occupations,60,30,30
S01007477,3. Associate professional and technical occupations,39,20,19
S01007477,4. Administrative and secretarial occupations,37,7,30
S01007477,5. Skilled trades occupations,32,27,5
S01007477,6. Caring leisure and other service occupations,22,3,19
S01007477,7. Sales and customer service occupations,17,7,10
S01007477,8. Process plant and machine operatives,17,17,0
S01007477,9. Elementary occupations,22,12,10
S01007478,All people aged 16 to 74 in employment,444,229,215
S01007478,1. Managers directors and senior officials,37,23,14
S01007478,2. Professional occupations,108,45,63
S01007478,3. Associate professional and technical occupations,75,46,29
S01007478,4. Administrative and secretarial occupations,49,13,36
S01007478,5. Skilled trades occupations,39,38,1
S01007478,6. Caring leisure and other service occupations,37,2,35
S01007478,7. Sales and customer service occupations,38,12,26
S01007478,8. Process plant and machine operatives,31,26,5
S01007478,9. Elementary occupations,30,24,6
S01007479,All people aged 16 to 74 in employment,307,153,154
S01007479,1. Managers directors and senior officials,21,9,12
S01007479,2. Professional occupations,40,16,24
S01007479,3. Associate professional and technical occupations,43,23,20
S01007479,4. Administrative and secretarial occupations,41,9,32
S01007479,5. Skilled trades occupations,46,42,4
S01007479,6. Caring leisure and other service occupations,32,4,28
S01007479,7. Sales and customer service occupations,29,8,21
S01007479,8. Process plant and machine operatives,32,26,6
S01007479,9. Elementary occupations,23,16,7
S01007480,All people aged 16 to 74 in employment,453,235,218
S01007480,1. Managers directors and senior officials,34,20,14
S01007480,2. Professional occupations,49,22,27
S01007480,3. Associate professional and technical occupations,68,34,34
S01007480,4. Administrative and secretarial occupations,52,6,46
S01007480,5. Skilled trades occupations,59,57,2
S01007480,6. Caring leisure and other service occupations,39,8,31
S01007480,7. Sales and customer service occupations,50,14,36
S01007480,8. Process plant and machine operatives,54,47,7
S01007480,9. Elementary occupations,48,27,21
S01007481,All people aged 16 to 74 in employment,345,180,165
S01007481,1. Managers directors and senior officials,32,22,10
S01007481,2. Professional occupations,57,18,39
S01007481,3. Associate professional and technical occupations,36,23,13
S01007481,4. Administrative and secretarial occupations,35,4,31
S01007481,5. Skilled trades occupations,58,53,5
S01007481,6. Caring leisure and other service occupations,42,6,36
S01007481,7. Sales and customer service occupations,27,9,18
S01007481,8. Process plant and machine operatives,28,27,1
S01007481,9. Elementary occupations,30,18,12
S01007482,All people aged 16 to 74 in employment,183,93,90
S01007482,1. Managers directors and senior officials,14,7,7
S01007482,2. Professional occupations,11,2,9
S01007482,3. Associate professional and technical occupations,16,11,5
S01007482,4. Administrative and secretarial occupations,18,4,14
S01007482,5. Skilled trades occupations,23,21,2
S01007482,6. Caring leisure and other service occupations,27,4,23
S01007482,7. Sales and customer service occupations,23,8,15
S01007482,8. Process plant and machine operatives,11,9,2
S01007482,9. Elementary occupations,40,27,13
S01007483,All people aged 16 to 74 in employment,368,191,177
S01007483,1. Managers directors and senior officials,23,13,10
S01007483,2. Professional occupations,36,10,26
S01007483,3. Associate professional and technical occupations,21,10,11
S01007483,4. Administrative and secretarial occupations,29,5,24
S01007483,5. Skilled trades occupations,61,56,5
S01007483,6. Caring leisure and other service occupations,62,12,50
S01007483,7. Sales and customer service occupations,35,8,27
S01007483,8. Process plant and machine operatives,46,46,0
S01007483,9. Elementary occupations,55,31,24
S01007484,All people aged 16 to 74 in employment,228,127,101
S01007484,1. Managers directors and senior officials,25,17,8
S01007484,2. Professional occupations,24,7,17
S01007484,3. Associate professional and technical occupations,23,11,12
S01007484,4. Administrative and secretarial occupations,13,3,10
S01007484,5. Skilled trades occupations,44,37,7
S01007484,6. Caring leisure and other service occupations,30,10,20
S01007484,7. Sales and customer service occupations,15,4,11
S01007484,8. Process plant and machine operatives,23,21,2
S01007484,9. Elementary occupations,31,17,14
S01007485,All people aged 16 to 74 in employment,167,74,93
S01007485,1. Managers directors and senior officials,6,3,3
S01007485,2. Professional occupations,6,2,4
S01007485,3. Associate professional and technical occupations,8,5,3
S01007485,4. Administrative and secretarial occupations,10,1,9
S01007485,5. Skilled trades occupations,26,21,5
S01007485,6. Caring leisure and other service occupations,30,2,28
S01007485,7. Sales and customer service occupations,26,5,21
S01007485,8. Process plant and machine operatives,16,13,3
S01007485,9. Elementary occupations,39,22,17
S01007486,All people aged 16 to 74 in employment,142,63,79
S01007486,1. Managers directors and senior officials,5,2,3
S01007486,2. Professional occupations,4,1,3
S01007486,3. Associate professional and technical occupations,3,1,2
S01007486,4. Administrative and secretarial occupations,13,2,11
S01007486,5. Skilled trades occupations,15,12,3
S01007486,6. Caring leisure and other service occupations,20,2,18
S01007486,7. Sales and customer service occupations,24,4,20
S01007486,8. Process plant and machine operatives,21,21,0
S01007486,9. Elementary occupations,37,18,19
S01007487,All people aged 16 to 74 in employment,382,202,180
S01007487,1. Managers directors and senior officials,30,17,13
S01007487,2. Professional occupations,28,13,15
S01007487,3. Associate professional and technical occupations,29,18,11
S01007487,4. Administrative and secretarial occupations,23,0,23
S01007487,5. Skilled trades occupations,59,55,4
S01007487,6. Caring leisure and other service occupations,52,8,44
S01007487,7. Sales and customer service occupations,55,11,44
S01007487,8. Process plant and machine operatives,39,38,1
S01007487,9. Elementary occupations,67,42,25
S01007488,All people aged 16 to 74 in employment,488,250,238
S01007488,1. Managers directors and senior officials,33,15,18
S01007488,2. Professional occupations,55,22,33
S01007488,3. Associate professional and technical occupations,49,29,20
S01007488,4. Administrative and secretarial occupations,63,14,49
S01007488,5. Skilled trades occupations,70,65,5
S01007488,6. Caring leisure and other service occupations,63,11,52
S01007488,7. Sales and customer service occupations,49,19,30
S01007488,8. Process plant and machine operatives,43,42,1
S01007488,9. Elementary occupations,63,33,30
S01007489,All people aged 16 to 74 in employment,393,192,201
S01007489,1. Managers directors and senior officials,34,22,12
S01007489,2. Professional occupations,28,10,18
S01007489,3. Associate professional and technical occupations,29,16,13
S01007489,4. Administrative and secretarial occupations,48,10,38
S01007489,5. Skilled trades occupations,56,52,4
S01007489,6. Caring leisure and other service occupations,62,14,48
S01007489,7. Sales and customer service occupations,42,12,30
S01007489,8. Process plant and machine operatives,34,33,1
S01007489,9. Elementary occupations,60,23,37
S01007490,All people aged 16 to 74 in employment,360,186,174
S01007490,1. Managers directors and senior officials,24,11,13
S01007490,2. Professional occupations,22,8,14
S01007490,3. Associate professional and technical occupations,22,14,8
S01007490,4. Administrative and secretarial occupations,33,8,25
S01007490,5. Skilled trades occupations,47,40,7
S01007490,6. Caring leisure and other service occupations,48,8,40
S01007490,7. Sales and customer service occupations,39,9,30
S01007490,8. Process plant and machine operatives,54,50,4
S01007490,9. Elementary occupations,71,38,33
S01007491,All people aged 16 to 74 in employment,510,243,267
S01007491,1. Managers directors and senior officials,24,10,14
S01007491,2. Professional occupations,42,16,26
S01007491,3. Associate professional and technical occupations,46,25,21
S01007491,4. Administrative and secretarial occupations,48,5,43
S01007491,5. Skilled trades occupations,79,72,7
S01007491,6. Caring leisure and other service occupations,82,14,68
S01007491,7. Sales and customer service occupations,40,5,35
S01007491,8. Process plant and machine operatives,64,57,7
S01007491,9. Elementary occupations,85,39,46
S01007492,All people aged 16 to 74 in employment,330,160,170
S01007492,1. Managers directors and senior officials,20,12,8
S01007492,2. Professional occupations,30,12,18
S01007492,3. Associate professional and technical occupations,23,12,11
S01007492,4. Administrative and secretarial occupations,31,7,24
S01007492,5. Skilled trades occupations,46,41,5
S01007492,6. Caring leisure and other service occupations,51,5,46
S01007492,7. Sales and customer service occupations,33,7,26
S01007492,8. Process plant and machine operatives,39,34,5
S01007492,9. Elementary occupations,57,30,27
S01007493,All people aged 16 to 74 in employment,396,199,197
S01007493,1. Managers directors and senior officials,31,16,15
S01007493,2. Professional occupations,22,6,16
S01007493,3. Associate professional and technical occupations,31,15,16
S01007493,4. Administrative and secretarial occupations,28,6,22
S01007493,5. Skilled trades occupations,60,50,10
S01007493,6. Caring leisure and other service occupations,53,11,42
S01007493,7. Sales and customer service occupations,55,11,44
S01007493,8. Process plant and machine operatives,55,52,3
S01007493,9. Elementary occupations,61,32,29
S01007494,All people aged 16 to 74 in employment,240,130,110
S01007494,1. Managers directors and senior officials,14,9,5
S01007494,2. Professional occupations,23,6,17
S01007494,3. Associate professional and technical occupations,24,10,14
S01007494,4. Administrative and secretarial occupations,27,5,22
S01007494,5. Skilled trades occupations,68,62,6
S01007494,6. Caring leisure and other service occupations,29,7,22
S01007494,7. Sales and customer service occupations,12,4,8
S01007494,8. Process plant and machine operatives,17,16,1
S01007494,9. Elementary occupations,26,11,15
S01007495,All people aged 16 to 74 in employment,433,232,201
S01007495,1. Managers directors and senior officials,26,16,10
S01007495,2. Professional occupations,44,12,32
S01007495,3. Associate professional and technical occupations,31,18,13
S01007495,4. Administrative and secretarial occupations,39,4,35
S01007495,5. Skilled trades occupations,126,110,16
S01007495,6. Caring leisure and other service occupations,49,8,41
S01007495,7. Sales and customer service occupations,32,7,25
S01007495,8. Process plant and machine operatives,29,27,2
S01007495,9. Elementary occupations,57,30,27
S01007496,All people aged 16 to 74 in employment,448,239,209
S01007496,1. Managers directors and senior officials,52,31,21
S01007496,2. Professional occupations,66,21,45
S01007496,3. Associate professional and technical occupations,37,25,12
S01007496,4. Administrative and secretarial occupations,38,5,33
S01007496,5. Skilled trades occupations,102,89,13
S01007496,6. Caring leisure and other service occupations,33,6,27
S01007496,7. Sales and customer service occupations,29,5,24
S01007496,8. Process plant and machine operatives,30,28,2
S01007496,9. Elementary occupations,61,29,32
S01007497,All people aged 16 to 74 in employment,259,151,108
S01007497,1. Managers directors and senior officials,18,13,5
S01007497,2. Professional occupations,16,5,11
S01007497,3. Associate professional and technical occupations,14,9,5
S01007497,4. Administrative and secretarial occupations,20,3,17
S01007497,5. Skilled trades occupations,61,52,9
S01007497,6. Caring leisure and other service occupations,31,1,30
S01007497,7. Sales and customer service occupations,16,5,11
S01007497,8. Process plant and machine operatives,36,35,1
S01007497,9. Elementary occupations,47,28,19
S01007498,All people aged 16 to 74 in employment,362,198,164
S01007498,1. Managers directors and senior officials,30,12,18
S01007498,2. Professional occupations,29,13,16
S01007498,3. Associate professional and technical occupations,27,17,10
S01007498,4. Administrative and secretarial occupations,36,5,31
S01007498,5. Skilled trades occupations,70,59,11
S01007498,6. Caring leisure and other service occupations,48,14,34
S01007498,7. Sales and customer service occupations,32,6,26
S01007498,8. Process plant and machine operatives,37,36,1
S01007498,9. Elementary occupations,53,36,17
S01007499,All people aged 16 to 74 in employment,410,226,184
S01007499,1. Managers directors and senior officials,33,21,12
S01007499,2. Professional occupations,34,6,28
S01007499,3. Associate professional and technical occupations,31,11,20
S01007499,4. Administrative and secretarial occupations,27,2,25
S01007499,5. Skilled trades occupations,95,82,13
S01007499,6. Caring leisure and other service occupations,49,7,42
S01007499,7. Sales and customer service occupations,16,4,12
S01007499,8. Process plant and machine operatives,53,48,5
S01007499,9. Elementary occupations,72,45,27
S01007500,All people aged 16 to 74 in employment,238,129,109
S01007500,1. Managers directors and senior officials,16,7,9
S01007500,2. Professional occupations,28,8,20
S01007500,3. Associate professional and technical occupations,10,7,3
S01007500,4. Administrative and secretarial occupations,22,3,19
S01007500,5. Skilled trades occupations,61,51,10
S01007500,6. Caring leisure and other service occupations,30,7,23
S01007500,7. Sales and customer service occupations,12,2,10
S01007500,8. Process plant and machine operatives,19,18,1
S01007500,9. Elementary occupations,40,26,14
S01007501,All people aged 16 to 74 in employment,265,138,127
S01007501,1. Managers directors and senior officials,28,11,17
S01007501,2. Professional occupations,36,9,27
S01007501,3. Associate professional and technical occupations,12,5,7
S01007501,4. Administrative and secretarial occupations,16,1,15
S01007501,5. Skilled trades occupations,84,70,14
S01007501,6. Caring leisure and other service occupations,25,6,19
S01007501,7. Sales and customer service occupations,11,1,10
S01007501,8. Process plant and machine operatives,20,18,2
S01007501,9. Elementary occupations,33,17,16
S01007502,All people aged 16 to 74 in employment,248,140,108
S01007502,1. Managers directors and senior officials,26,15,11
S01007502,2. Professional occupations,26,8,18
S01007502,3. Associate professional and technical occupations,23,10,13
S01007502,4. Administrative and secretarial occupations,20,0,20
S01007502,5. Skilled trades occupations,56,50,6
S01007502,6. Caring leisure and other service occupations,25,7,18
S01007502,7. Sales and customer service occupations,15,3,12
S01007502,8. Process plant and machine operatives,23,21,2
S01007502,9. Elementary occupations,34,26,8
S01007503,All people aged 16 to 74 in employment,439,233,206
S01007503,1. Managers directors and senior officials,43,21,22
S01007503,2. Professional occupations,54,19,35
S01007503,3. Associate professional and technical occupations,24,13,11
S01007503,4. Administrative and secretarial occupations,38,0,38
S01007503,5. Skilled trades occupations,114,103,11
S01007503,6. Caring leisure and other service occupations,41,1,40
S01007503,7. Sales and customer service occupations,22,2,20
S01007503,8. Process plant and machine operatives,51,47,4
S01007503,9. Elementary occupations,52,27,25
S01007504,All people aged 16 to 74 in employment,326,175,151
S01007504,1. Managers directors and senior officials,33,19,14
S01007504,2. Professional occupations,38,12,26
S01007504,3. Associate professional and technical occupations,23,11,12
S01007504,4. Administrative and secretarial occupations,21,2,19
S01007504,5. Skilled trades occupations,84,72,12
S01007504,6. Caring leisure and other service occupations,34,3,31
S01007504,7. Sales and customer service occupations,20,4,16
S01007504,8. Process plant and machine operatives,31,29,2
S01007504,9. Elementary occupations,42,23,19
S01007505,All people aged 16 to 74 in employment,208,113,95
S01007505,1. Managers directors and senior officials,30,18,12
S01007505,2. Professional occupations,25,8,17
S01007505,3. Associate professional and technical occupations,21,13,8
S01007505,4. Administrative and secretarial occupations,24,1,23
S01007505,5. Skilled trades occupations,44,41,3
S01007505,6. Caring leisure and other service occupations,22,4,18
S01007505,7. Sales and customer service occupations,5,1,4
S01007505,8. Process plant and machine operatives,13,13,0
S01007505,9. Elementary occupations,24,14,10
S01007506,All people aged 16 to 74 in employment,225,124,101
S01007506,1. Managers directors and senior officials,24,12,12
S01007506,2. Professional occupations,34,7,27
S01007506,3. Associate professional and technical occupations,21,10,11
S01007506,4. Administrative and secretarial occupations,17,1,16
S01007506,5. Skilled trades occupations,63,51,12
S01007506,6. Caring leisure and other service occupations,14,2,12
S01007506,7. Sales and customer service occupations,10,6,4
S01007506,8. Process plant and machine operatives,11,11,0
S01007506,9. Elementary occupations,31,24,7
S01007507,All people aged 16 to 74 in employment,399,211,188
S01007507,1. Managers directors and senior officials,36,20,16
S01007507,2. Professional occupations,40,16,24
S01007507,3. Associate professional and technical occupations,23,9,14
S01007507,4. Administrative and secretarial occupations,30,4,26
S01007507,5. Skilled trades occupations,79,71,8
S01007507,6. Caring leisure and other service occupations,50,5,45
S01007507,7. Sales and customer service occupations,40,10,30
S01007507,8. Process plant and machine operatives,36,33,3
S01007507,9. Elementary occupations,65,43,22
S01007508,All people aged 16 to 74 in employment,332,181,151
S01007508,1. Managers directors and senior officials,24,13,11
S01007508,2. Professional occupations,34,10,24
S01007508,3. Associate professional and technical occupations,11,8,3
S01007508,4. Administrative and secretarial occupations,30,3,27
S01007508,5. Skilled trades occupations,92,73,19
S01007508,6. Caring leisure and other service occupations,40,4,36
S01007508,7. Sales and customer service occupations,12,3,9
S01007508,8. Process plant and machine operatives,30,29,1
S01007508,9. Elementary occupations,59,38,21
S01007509,All people aged 16 to 74 in employment,289,152,137
S01007509,1. Managers directors and senior officials,23,15,8
S01007509,2. Professional occupations,45,15,30
S01007509,3. Associate professional and technical occupations,20,7,13
S01007509,4. Administrative and secretarial occupations,20,2,18
S01007509,5. Skilled trades occupations,67,59,8
S01007509,6. Caring leisure and other service occupations,37,5,32
S01007509,7. Sales and customer service occupations,12,2,10
S01007509,8. Process plant and machine operatives,15,10,5
S01007509,9. Elementary occupations,50,37,13
S01007510,All people aged 16 to 74 in employment,389,216,173
S01007510,1. Managers directors and senior officials,36,24,12
S01007510,2. Professional occupations,38,14,24
S01007510,3. Associate professional and technical occupations,22,16,6
S01007510,4. Administrative and secretarial occupations,32,4,28
S01007510,5. Skilled trades occupations,106,85,21
S01007510,6. Caring leisure and other service occupations,55,6,49
S01007510,7. Sales and customer service occupations,15,4,11
S01007510,8. Process plant and machine operatives,28,28,0
S01007510,9. Elementary occupations,57,35,22
S01007511,All people aged 16 to 74 in employment,303,163,140
S01007511,1. Managers directors and senior officials,28,13,15
S01007511,2. Professional occupations,20,4,16
S01007511,3. Associate professional and technical occupations,21,12,9
S01007511,4. Administrative and secretarial occupations,13,0,13
S01007511,5. Skilled trades occupations,56,47,9
S01007511,6. Caring leisure and other service occupations,44,5,39
S01007511,7. Sales and customer service occupations,18,3,15
S01007511,8. Process plant and machine operatives,34,32,2
S01007511,9. Elementary occupations,69,47,22
S01007512,All people aged 16 to 74 in employment,229,124,105
S01007512,1. Managers directors and senior officials,21,11,10
S01007512,2. Professional occupations,24,8,16
S01007512,3. Associate professional and technical occupations,24,12,12
S01007512,4. Administrative and secretarial occupations,18,0,18
S01007512,5. Skilled trades occupations,59,53,6
S01007512,6. Caring leisure and other service occupations,24,4,20
S01007512,7. Sales and customer service occupations,9,2,7
S01007512,8. Process plant and machine operatives,9,7,2
S01007512,9. Elementary occupations,41,27,14
S01007513,All people aged 16 to 74 in employment,449,227,222
S01007513,1. Managers directors and senior officials,26,16,10
S01007513,2. Professional occupations,41,19,22
S01007513,3. Associate professional and technical occupations,32,14,18
S01007513,4. Administrative and secretarial occupations,35,8,27
S01007513,5. Skilled trades occupations,84,76,8
S01007513,6. Caring leisure and other service occupations,77,12,65
S01007513,7. Sales and customer service occupations,28,8,20
S01007513,8. Process plant and machine operatives,52,40,12
S01007513,9. Elementary occupations,74,34,40
S01007514,All people aged 16 to 74 in employment,256,140,116
S01007514,1. Managers directors and senior officials,28,16,12
S01007514,2. Professional occupations,26,10,16
S01007514,3. Associate professional and technical occupations,13,8,5
S01007514,4. Administrative and secretarial occupations,22,4,18
S01007514,5. Skilled trades occupations,63,51,12
S01007514,6. Caring leisure and other service occupations,32,6,26
S01007514,7. Sales and customer service occupations,15,4,11
S01007514,8. Process plant and machine operatives,25,19,6
S01007514,9. Elementary occupations,32,22,10
S01007515,All people aged 16 to 74 in employment,237,122,115
S01007515,1. Managers directors and senior officials,28,15,13
S01007515,2. Professional occupations,45,21,24
S01007515,3. Associate professional and technical occupations,31,20,11
S01007515,4. Administrative and secretarial occupations,22,1,21
S01007515,5. Skilled trades occupations,33,32,1
S01007515,6. Caring leisure and other service occupations,33,5,28
S01007515,7. Sales and customer service occupations,9,2,7
S01007515,8. Process plant and machine operatives,11,10,1
S01007515,9. Elementary occupations,25,16,9
S01007516,All people aged 16 to 74 in employment,270,136,134
S01007516,1. Managers directors and senior officials,16,6,10
S01007516,2. Professional occupations,17,7,10
S01007516,3. Associate professional and technical occupations,14,7,7
S01007516,4. Administrative and secretarial occupations,22,0,22
S01007516,5. Skilled trades occupations,58,51,7
S01007516,6. Caring leisure and other service occupations,44,4,40
S01007516,7. Sales and customer service occupations,20,4,16
S01007516,8. Process plant and machine operatives,39,33,6
S01007516,9. Elementary occupations,40,24,16
S01007517,All people aged 16 to 74 in employment,174,91,83
S01007517,1. Managers directors and senior officials,12,4,8
S01007517,2. Professional occupations,23,8,15
S01007517,3. Associate professional and technical occupations,17,9,8
S01007517,4. Administrative and secretarial occupations,15,2,13
S01007517,5. Skilled trades occupations,32,30,2
S01007517,6. Caring leisure and other service occupations,26,3,23
S01007517,7. Sales and customer service occupations,15,9,6
S01007517,8. Process plant and machine operatives,8,6,2
S01007517,9. Elementary occupations,26,20,6
S01007518,All people aged 16 to 74 in employment,362,195,167
S01007518,1. Managers directors and senior officials,15,4,11
S01007518,2. Professional occupations,23,8,15
S01007518,3. Associate professional and technical occupations,29,15,14
S01007518,4. Administrative and secretarial occupations,35,8,27
S01007518,5. Skilled trades occupations,74,61,13
S01007518,6. Caring leisure and other service occupations,62,14,48
S01007518,7. Sales and customer service occupations,20,6,14
S01007518,8. Process plant and machine operatives,47,42,5
S01007518,9. Elementary occupations,57,37,20
S01007519,All people aged 16 to 74 in employment,196,107,89
S01007519,1. Managers directors and senior officials,33,19,14
S01007519,2. Professional occupations,27,11,16
S01007519,3. Associate professional and technical occupations,20,13,7
S01007519,4. Administrative and secretarial occupations,15,2,13
S01007519,5. Skilled trades occupations,46,37,9
S01007519,6. Caring leisure and other service occupations,21,4,17
S01007519,7. Sales and customer service occupations,9,1,8
S01007519,8. Process plant and machine operatives,8,7,1
S01007519,9. Elementary occupations,17,13,4
S01007520,All people aged 16 to 74 in employment,399,231,168
S01007520,1. Managers directors and senior officials,48,32,16
S01007520,2. Professional occupations,42,21,21
S01007520,3. Associate professional and technical occupations,19,16,3
S01007520,4. Administrative and secretarial occupations,30,3,27
S01007520,5. Skilled trades occupations,96,79,17
S01007520,6. Caring leisure and other service occupations,43,5,38
S01007520,7. Sales and customer service occupations,29,6,23
S01007520,8. Process plant and machine operatives,30,28,2
S01007520,9. Elementary occupations,62,41,21
S01007521,All people aged 16 to 74 in employment,220,116,104
S01007521,1. Managers directors and senior officials,27,15,12
S01007521,2. Professional occupations,22,9,13
S01007521,3. Associate professional and technical occupations,12,7,5
S01007521,4. Administrative and secretarial occupations,18,5,13
S01007521,5. Skilled trades occupations,48,38,10
S01007521,6. Caring leisure and other service occupations,24,2,22
S01007521,7. Sales and customer service occupations,10,1,9
S01007521,8. Process plant and machine operatives,16,11,5
S01007521,9. Elementary occupations,43,28,15
S01007522,All people aged 16 to 74 in employment,402,203,199
S01007522,1. Managers directors and senior officials,42,23,19
S01007522,2. Professional occupations,51,22,29
S01007522,3. Associate professional and technical occupations,37,25,12
S01007522,4. Administrative and secretarial occupations,31,3,28
S01007522,5. Skilled trades occupations,69,59,10
S01007522,6. Caring leisure and other service occupations,46,3,43
S01007522,7. Sales and customer service occupations,31,9,22
S01007522,8. Process plant and machine operatives,28,25,3
S01007522,9. Elementary occupations,67,34,33
S01007523,All people aged 16 to 74 in employment,254,134,120
S01007523,1. Managers directors and senior officials,21,13,8
S01007523,2. Professional occupations,37,14,23
S01007523,3. Associate professional and technical occupations,24,11,13
S01007523,4. Administrative and secretarial occupations,23,3,20
S01007523,5. Skilled trades occupations,57,47,10
S01007523,6. Caring leisure and other service occupations,23,4,19
S01007523,7. Sales and customer service occupations,15,7,8
S01007523,8. Process plant and machine operatives,16,11,5
S01007523,9. Elementary occupations,38,24,14
S01007524,All people aged 16 to 74 in employment,470,242,228
S01007524,1. Managers directors and senior officials,55,28,27
S01007524,2. Professional occupations,54,22,32
S01007524,3. Associate professional and technical occupations,27,15,12
S01007524,4. Administrative and secretarial occupations,43,3,40
S01007524,5. Skilled trades occupations,118,93,25
S01007524,6. Caring leisure and other service occupations,36,8,28
S01007524,7. Sales and customer service occupations,27,6,21
S01007524,8. Process plant and machine operatives,32,24,8
S01007524,9. Elementary occupations,78,43,35
S01007525,All people aged 16 to 74 in employment,234,127,107
S01007525,1. Managers directors and senior officials,18,10,8
S01007525,2. Professional occupations,20,8,12
S01007525,3. Associate professional and technical occupations,16,11,5
S01007525,4. Administrative and secretarial occupations,18,6,12
S01007525,5. Skilled trades occupations,55,42,13
S01007525,6. Caring leisure and other service occupations,35,4,31
S01007525,7. Sales and customer service occupations,15,4,11
S01007525,8. Process plant and machine operatives,29,24,5
S01007525,9. Elementary occupations,28,18,10
S01007526,All people aged 16 to 74 in employment,285,145,140
S01007526,1. Managers directors and senior officials,37,21,16
S01007526,2. Professional occupations,24,8,16
S01007526,3. Associate professional and technical occupations,27,16,11
S01007526,4. Administrative and secretarial occupations,17,0,17
S01007526,5. Skilled trades occupations,55,45,10
S01007526,6. Caring leisure and other service occupations,32,6,26
S01007526,7. Sales and customer service occupations,22,7,15
S01007526,8. Process plant and machine operatives,28,23,5
S01007526,9. Elementary occupations,43,19,24
S01007527,All people aged 16 to 74 in employment,365,199,166
S01007527,1. Managers directors and senior officials,26,11,15
S01007527,2. Professional occupations,43,19,24
S01007527,3. Associate professional and technical occupations,38,27,11
S01007527,4. Administrative and secretarial occupations,32,1,31
S01007527,5. Skilled trades occupations,89,77,12
S01007527,6. Caring leisure and other service occupations,35,4,31
S01007527,7. Sales and customer service occupations,35,12,23
S01007527,8. Process plant and machine operatives,25,24,1
S01007527,9. Elementary occupations,42,24,18
S01007528,All people aged 16 to 74 in employment,363,190,173
S01007528,1. Managers directors and senior officials,22,6,16
S01007528,2. Professional occupations,37,16,21
S01007528,3. Associate professional and technical occupations,27,14,13
S01007528,4. Administrative and secretarial occupations,26,10,16
S01007528,5. Skilled trades occupations,93,80,13
S01007528,6. Caring leisure and other service occupations,45,9,36
S01007528,7. Sales and customer service occupations,32,5,27
S01007528,8. Process plant and machine operatives,26,19,7
S01007528,9. Elementary occupations,55,31,24
S01007529,All people aged 16 to 74 in employment,274,139,135
S01007529,1. Managers directors and senior officials,34,18,16
S01007529,2. Professional occupations,45,23,22
S01007529,3. Associate professional and technical occupations,35,21,14
S01007529,4. Administrative and secretarial occupations,31,6,25
S01007529,5. Skilled trades occupations,44,40,4
S01007529,6. Caring leisure and other service occupations,27,2,25
S01007529,7. Sales and customer service occupations,17,3,14
S01007529,8. Process plant and machine operatives,20,14,6
S01007529,9. Elementary occupations,21,12,9
S01007530,All people aged 16 to 74 in employment,262,145,117
S01007530,1. Managers directors and senior officials,19,10,9
S01007530,2. Professional occupations,38,18,20
S01007530,3. Associate professional and technical occupations,27,18,9
S01007530,4. Administrative and secretarial occupations,26,3,23
S01007530,5. Skilled trades occupations,61,50,11
S01007530,6. Caring leisure and other service occupations,20,1,19
S01007530,7. Sales and customer service occupations,17,5,12
S01007530,8. Process plant and machine operatives,19,12,7
S01007530,9. Elementary occupations,35,28,7
S01007531,All people aged 16 to 74 in employment,327,170,157
S01007531,1. Managers directors and senior officials,26,13,13
S01007531,2. Professional occupations,44,11,33
S01007531,3. Associate professional and technical occupations,36,21,15
S01007531,4. Administrative and secretarial occupations,24,0,24
S01007531,5. Skilled trades occupations,83,70,13
S01007531,6. Caring leisure and other service occupations,34,7,27
S01007531,7. Sales and customer service occupations,19,4,15
S01007531,8. Process plant and machine operatives,12,12,0
S01007531,9. Elementary occupations,49,32,17
S01007532,All people aged 16 to 74 in employment,284,151,133
S01007532,1. Managers directors and senior officials,23,14,9
S01007532,2. Professional occupations,29,11,18
S01007532,3. Associate professional and technical occupations,15,5,10
S01007532,4. Administrative and secretarial occupations,31,4,27
S01007532,5. Skilled trades occupations,81,66,15
S01007532,6. Caring leisure and other service occupations,25,1,24
S01007532,7. Sales and customer service occupations,23,10,13
S01007532,8. Process plant and machine operatives,19,16,3
S01007532,9. Elementary occupations,38,24,14
S01007533,All people aged 16 to 74 in employment,275,143,132
S01007533,1. Managers directors and senior officials,27,17,10
S01007533,2. Professional occupations,25,10,15
S01007533,3. Associate professional and technical occupations,26,11,15
S01007533,4. Administrative and secretarial occupations,22,0,22
S01007533,5. Skilled trades occupations,79,64,15
S01007533,6. Caring leisure and other service occupations,28,2,26
S01007533,7. Sales and customer service occupations,22,7,15
S01007533,8. Process plant and machine operatives,20,18,2
S01007533,9. Elementary occupations,26,14,12
S01007534,All people aged 16 to 74 in employment,412,214,198
S01007534,1. Managers directors and senior officials,33,16,17
S01007534,2. Professional occupations,50,21,29
S01007534,3. Associate professional and technical occupations,28,14,14
S01007534,4. Administrative and secretarial occupations,27,7,20
S01007534,5. Skilled trades occupations,76,64,12
S01007534,6. Caring leisure and other service occupations,47,5,42
S01007534,7. Sales and customer service occupations,42,10,32
S01007534,8. Process plant and machine operatives,49,45,4
S01007534,9. Elementary occupations,60,32,28
S01007535,All people aged 16 to 74 in employment,449,210,239
S01007535,1. Managers directors and senior officials,34,19,15
S01007535,2. Professional occupations,59,22,37
S01007535,3. Associate professional and technical occupations,16,11,5
S01007535,4. Administrative and secretarial occupations,59,8,51
S01007535,5. Skilled trades occupations,69,61,8
S01007535,6. Caring leisure and other service occupations,59,9,50
S01007535,7. Sales and customer service occupations,52,12,40
S01007535,8. Process plant and machine operatives,54,44,10
S01007535,9. Elementary occupations,47,24,23
S01007536,All people aged 16 to 74 in employment,450,233,217
S01007536,1. Managers directors and senior officials,27,14,13
S01007536,2. Professional occupations,50,15,35
S01007536,3. Associate professional and technical occupations,29,16,13
S01007536,4. Administrative and secretarial occupations,50,6,44
S01007536,5. Skilled trades occupations,89,79,10
S01007536,6. Caring leisure and other service occupations,55,12,43
S01007536,7. Sales and customer service occupations,47,9,38
S01007536,8. Process plant and machine operatives,61,58,3
S01007536,9. Elementary occupations,42,24,18
S01007537,All people aged 16 to 74 in employment,440,210,230
S01007537,1. Managers directors and senior officials,38,17,21
S01007537,2. Professional occupations,62,29,33
S01007537,3. Associate professional and technical occupations,35,14,21
S01007537,4. Administrative and secretarial occupations,49,3,46
S01007537,5. Skilled trades occupations,67,59,8
S01007537,6. Caring leisure and other service occupations,50,4,46
S01007537,7. Sales and customer service occupations,27,7,20
S01007537,8. Process plant and machine operatives,48,40,8
S01007537,9. Elementary occupations,64,37,27
S01007538,All people aged 16 to 74 in employment,448,228,220
S01007538,1. Managers directors and senior officials,41,26,15
S01007538,2. Professional occupations,68,21,47
S01007538,3. Associate professional and technical occupations,36,14,22
S01007538,4. Administrative and secretarial occupations,38,0,38
S01007538,5. Skilled trades occupations,99,89,10
S01007538,6. Caring leisure and other service occupations,49,5,44
S01007538,7. Sales and customer service occupations,22,9,13
S01007538,8. Process plant and machine operatives,35,33,2
S01007538,9. Elementary occupations,60,31,29
S01007539,All people aged 16 to 74 in employment,278,142,136
S01007539,1. Managers directors and senior officials,23,14,9
S01007539,2. Professional occupations,53,24,29
S01007539,3. Associate professional and technical occupations,36,20,16
S01007539,4. Administrative and secretarial occupations,32,3,29
S01007539,5. Skilled trades occupations,39,37,2
S01007539,6. Caring leisure and other service occupations,38,5,33
S01007539,7. Sales and customer service occupations,9,1,8
S01007539,8. Process plant and machine operatives,24,23,1
S01007539,9. Elementary occupations,24,15,9
S01007540,All people aged 16 to 74 in employment,357,177,180
S01007540,1. Managers directors and senior officials,24,13,11
S01007540,2. Professional occupations,29,9,20
S01007540,3. Associate professional and technical occupations,29,17,12
S01007540,4. Administrative and secretarial occupations,40,8,32
S01007540,5. Skilled trades occupations,59,53,6
S01007540,6. Caring leisure and other service occupations,40,2,38
S01007540,7. Sales and customer service occupations,42,6,36
S01007540,8. Process plant and machine operatives,43,42,1
S01007540,9. Elementary occupations,51,27,24
S01007541,All people aged 16 to 74 in employment,329,180,149
S01007541,1. Managers directors and senior officials,25,18,7
S01007541,2. Professional occupations,41,12,29
S01007541,3. Associate professional and technical occupations,37,21,16
S01007541,4. Administrative and secretarial occupations,34,5,29
S01007541,5. Skilled trades occupations,62,61,1
S01007541,6. Caring leisure and other service occupations,39,7,32
S01007541,7. Sales and customer service occupations,20,6,14
S01007541,8. Process plant and machine operatives,31,28,3
S01007541,9. Elementary occupations,40,22,18
S01007542,All people aged 16 to 74 in employment,405,199,206
S01007542,1. Managers directors and senior officials,28,15,13
S01007542,2. Professional occupations,41,11,30
S01007542,3. Associate professional and technical occupations,25,14,11
S01007542,4. Administrative and secretarial occupations,40,6,34
S01007542,5. Skilled trades occupations,69,61,8
S01007542,6. Caring leisure and other service occupations,57,6,51
S01007542,7. Sales and customer service occupations,36,5,31
S01007542,8. Process plant and machine operatives,47,44,3
S01007542,9. Elementary occupations,62,37,25
S01007543,All people aged 16 to 74 in employment,516,253,263
S01007543,1. Managers directors and senior officials,33,18,15
S01007543,2. Professional occupations,33,6,27
S01007543,3. Associate professional and technical occupations,24,14,10
S01007543,4. Administrative and secretarial occupations,41,7,34
S01007543,5. Skilled trades occupations,85,76,9
S01007543,6. Caring leisure and other service occupations,80,9,71
S01007543,7. Sales and customer service occupations,74,21,53
S01007543,8. Process plant and machine operatives,73,67,6
S01007543,9. Elementary occupations,73,35,38
S01007544,All people aged 16 to 74 in employment,410,217,193
S01007544,1. Managers directors and senior officials,55,32,23
S01007544,2. Professional occupations,76,37,39
S01007544,3. Associate professional and technical occupations,44,24,20
S01007544,4. Administrative and secretarial occupations,30,2,28
S01007544,5. Skilled trades occupations,86,66,20
S01007544,6. Caring leisure and other service occupations,36,6,30
S01007544,7. Sales and customer service occupations,22,7,15
S01007544,8. Process plant and machine operatives,23,23,0
S01007544,9. Elementary occupations,38,20,18
S01007545,All people aged 16 to 74 in employment,382,194,188
S01007545,1. Managers directors and senior officials,46,26,20
S01007545,2. Professional occupations,56,19,37
S01007545,3. Associate professional and technical occupations,26,14,12
S01007545,4. Administrative and secretarial occupations,53,8,45
S01007545,5. Skilled trades occupations,81,71,10
S01007545,6. Caring leisure and other service occupations,28,5,23
S01007545,7. Sales and customer service occupations,21,2,19
S01007545,8. Process plant and machine operatives,24,19,5
S01007545,9. Elementary occupations,47,30,17
S01007546,All people aged 16 to 74 in employment,284,145,139
S01007546,1. Managers directors and senior officials,28,18,10
S01007546,2. Professional occupations,49,17,32
S01007546,3. Associate professional and technical occupations,23,12,11
S01007546,4. Administrative and secretarial occupations,38,4,34
S01007546,5. Skilled trades occupations,60,50,10
S01007546,6. Caring leisure and other service occupations,21,3,18
S01007546,7. Sales and customer service occupations,12,5,7
S01007546,8. Process plant and machine operatives,19,18,1
S01007546,9. Elementary occupations,34,18,16
S01007547,All people aged 16 to 74 in employment,302,171,131
S01007547,1. Managers directors and senior officials,30,17,13
S01007547,2. Professional occupations,50,17,33
S01007547,3. Associate professional and technical occupations,31,21,10
S01007547,4. Administrative and secretarial occupations,23,3,20
S01007547,5. Skilled trades occupations,70,59,11
S01007547,6. Caring leisure and other service occupations,26,10,16
S01007547,7. Sales and customer service occupations,15,3,12
S01007547,8. Process plant and machine operatives,17,15,2
S01007547,9. Elementary occupations,40,26,14
S01007548,All people aged 16 to 74 in employment,333,170,163
S01007548,1. Managers directors and senior officials,28,15,13
S01007548,2. Professional occupations,52,24,28
S01007548,3. Associate professional and technical occupations,26,14,12
S01007548,4. Administrative and secretarial occupations,34,4,30
S01007548,5. Skilled trades occupations,64,50,14
S01007548,6. Caring leisure and other service occupations,42,8,34
S01007548,7. Sales and customer service occupations,22,5,17
S01007548,8. Process plant and machine operatives,37,34,3
S01007548,9. Elementary occupations,28,16,12
S01007549,All people aged 16 to 74 in employment,247,119,128
S01007549,1. Managers directors and senior officials,29,17,12
S01007549,2. Professional occupations,41,14,27
S01007549,3. Associate professional and technical occupations,25,14,11
S01007549,4. Administrative and secretarial occupations,25,1,24
S01007549,5. Skilled trades occupations,38,32,6
S01007549,6. Caring leisure and other service occupations,24,5,19
S01007549,7. Sales and customer service occupations,23,3,20
S01007549,8. Process plant and machine operatives,18,18,0
S01007549,9. Elementary occupations,24,15,9
S01007550,All people aged 16 to 74 in employment,361,198,163
S01007550,1. Managers directors and senior officials,42,28,14
S01007550,2. Professional occupations,68,34,34
S01007550,3. Associate professional and technical occupations,37,16,21
S01007550,4. Administrative and secretarial occupations,29,5,24
S01007550,5. Skilled trades occupations,55,47,8
S01007550,6. Caring leisure and other service occupations,26,3,23
S01007550,7. Sales and customer service occupations,15,3,12
S01007550,8. Process plant and machine operatives,41,34,7
S01007550,9. Elementary occupations,48,28,20
S01007551,All people aged 16 to 74 in employment,433,224,209
S01007551,1. Managers directors and senior officials,49,29,20
S01007551,2. Professional occupations,74,26,48
S01007551,3. Associate professional and technical occupations,41,24,17
S01007551,4. Administrative and secretarial occupations,36,4,32
S01007551,5. Skilled trades occupations,115,88,27
S01007551,6. Caring leisure and other service occupations,36,7,29
S01007551,7. Sales and customer service occupations,14,4,10
S01007551,8. Process plant and machine operatives,21,17,4
S01007551,9. Elementary occupations,47,25,22
S01007552,All people aged 16 to 74 in employment,384,195,189
S01007552,1. Managers directors and senior officials,24,7,17
S01007552,2. Professional occupations,19,8,11
S01007552,3. Associate professional and technical occupations,28,16,12
S01007552,4. Administrative and secretarial occupations,27,4,23
S01007552,5. Skilled trades occupations,71,60,11
S01007552,6. Caring leisure and other service occupations,46,8,38
S01007552,7. Sales and customer service occupations,28,4,24
S01007552,8. Process plant and machine operatives,79,58,21
S01007552,9. Elementary occupations,62,30,32
S01007553,All people aged 16 to 74 in employment,316,164,152
S01007553,1. Managers directors and senior officials,13,6,7
S01007553,2. Professional occupations,23,11,12
S01007553,3. Associate professional and technical occupations,23,10,13
S01007553,4. Administrative and secretarial occupations,26,3,23
S01007553,5. Skilled trades occupations,41,35,6
S01007553,6. Caring leisure and other service occupations,42,8,34
S01007553,7. Sales and customer service occupations,21,0,21
S01007553,8. Process plant and machine operatives,80,64,16
S01007553,9. Elementary occupations,47,27,20
S01007554,All people aged 16 to 74 in employment,133,74,59
S01007554,1. Managers directors and senior officials,5,4,1
S01007554,2. Professional occupations,7,2,5
S01007554,3. Associate professional and technical occupations,3,0,3
S01007554,4. Administrative and secretarial occupations,9,1,8
S01007554,5. Skilled trades occupations,21,18,3
S01007554,6. Caring leisure and other service occupations,20,3,17
S01007554,7. Sales and customer service occupations,9,2,7
S01007554,8. Process plant and machine operatives,43,32,11
S01007554,9. Elementary occupations,16,12,4
S01007555,All people aged 16 to 74 in employment,237,138,99
S01007555,1. Managers directors and senior officials,16,11,5
S01007555,2. Professional occupations,38,16,22
S01007555,3. Associate professional and technical occupations,21,12,9
S01007555,4. Administrative and secretarial occupations,20,3,17
S01007555,5. Skilled trades occupations,46,43,3
S01007555,6. Caring leisure and other service occupations,27,4,23
S01007555,7. Sales and customer service occupations,8,1,7
S01007555,8. Process plant and machine operatives,32,30,2
S01007555,9. Elementary occupations,29,18,11
S01007556,All people aged 16 to 74 in employment,201,98,103
S01007556,1. Managers directors and senior officials,12,5,7
S01007556,2. Professional occupations,15,6,9
S01007556,3. Associate professional and technical occupations,15,11,4
S01007556,4. Administrative and secretarial occupations,12,1,11
S01007556,5. Skilled trades occupations,35,31,4
S01007556,6. Caring leisure and other service occupations,32,3,29
S01007556,7. Sales and customer service occupations,22,5,17
S01007556,8. Process plant and machine operatives,33,25,8
S01007556,9. Elementary occupations,25,11,14
S01007557,All people aged 16 to 74 in employment,457,230,227
S01007557,1. Managers directors and senior officials,22,11,11
S01007557,2. Professional occupations,22,9,13
S01007557,3. Associate professional and technical occupations,32,19,13
S01007557,4. Administrative and secretarial occupations,37,4,33
S01007557,5. Skilled trades occupations,67,58,9
S01007557,6. Caring leisure and other service occupations,54,7,47
S01007557,7. Sales and customer service occupations,46,7,39
S01007557,8. Process plant and machine operatives,97,79,18
S01007557,9. Elementary occupations,80,36,44
S01007558,All people aged 16 to 74 in employment,189,104,85
S01007558,1. Managers directors and senior officials,28,12,16
S01007558,2. Professional occupations,22,8,14
S01007558,3. Associate professional and technical occupations,19,14,5
S01007558,4. Administrative and secretarial occupations,17,4,13
S01007558,5. Skilled trades occupations,46,39,7
S01007558,6. Caring leisure and other service occupations,14,0,14
S01007558,7. Sales and customer service occupations,11,1,10
S01007558,8. Process plant and machine operatives,16,14,2
S01007558,9. Elementary occupations,16,12,4
S01007559,All people aged 16 to 74 in employment,382,205,177
S01007559,1. Managers directors and senior officials,33,20,13
S01007559,2. Professional occupations,65,26,39
S01007559,3. Associate professional and technical occupations,43,23,20
S01007559,4. Administrative and secretarial occupations,30,4,26
S01007559,5. Skilled trades occupations,86,77,9
S01007559,6. Caring leisure and other service occupations,29,3,26
S01007559,7. Sales and customer service occupations,24,5,19
S01007559,8. Process plant and machine operatives,18,17,1
S01007559,9. Elementary occupations,54,30,24
S01007560,All people aged 16 to 74 in employment,410,220,190
S01007560,1. Managers directors and senior officials,43,26,17
S01007560,2. Professional occupations,48,21,27
S01007560,3. Associate professional and technical occupations,44,27,17
S01007560,4. Administrative and secretarial occupations,46,9,37
S01007560,5. Skilled trades occupations,61,53,8
S01007560,6. Caring leisure and other service occupations,40,6,34
S01007560,7. Sales and customer service occupations,30,11,19
S01007560,8. Process plant and machine operatives,46,42,4
S01007560,9. Elementary occupations,52,25,27
S01007561,All people aged 16 to 74 in employment,279,139,140
S01007561,1. Managers directors and senior officials,17,11,6
S01007561,2. Professional occupations,31,7,24
S01007561,3. Associate professional and technical occupations,23,13,10
S01007561,4. Administrative and secretarial occupations,30,6,24
S01007561,5. Skilled trades occupations,45,40,5
S01007561,6. Caring leisure and other service occupations,43,5,38
S01007561,7. Sales and customer service occupations,19,8,11
S01007561,8. Process plant and machine operatives,29,25,4
S01007561,9. Elementary occupations,42,24,18
S01007562,All people aged 16 to 74 in employment,394,204,190
S01007562,1. Managers directors and senior officials,38,20,18
S01007562,2. Professional occupations,61,23,38
S01007562,3. Associate professional and technical occupations,41,20,21
S01007562,4. Administrative and secretarial occupations,31,4,27
S01007562,5. Skilled trades occupations,75,61,14
S01007562,6. Caring leisure and other service occupations,40,3,37
S01007562,7. Sales and customer service occupations,17,3,14
S01007562,8. Process plant and machine operatives,26,25,1
S01007562,9. Elementary occupations,65,45,20
S01007563,All people aged 16 to 74 in employment,392,200,192
S01007563,1. Managers directors and senior officials,37,21,16
S01007563,2. Professional occupations,77,25,52
S01007563,3. Associate professional and technical occupations,45,19,26
S01007563,4. Administrative and secretarial occupations,37,7,30
S01007563,5. Skilled trades occupations,68,64,4
S01007563,6. Caring leisure and other service occupations,33,3,30
S01007563,7. Sales and customer service occupations,22,5,17
S01007563,8. Process plant and machine operatives,27,23,4
S01007563,9. Elementary occupations,46,33,13
S01007564,All people aged 16 to 74 in employment,379,200,179
S01007564,1. Managers directors and senior officials,29,20,9
S01007564,2. Professional occupations,65,25,40
S01007564,3. Associate professional and technical occupations,46,24,22
S01007564,4. Administrative and secretarial occupations,34,6,28
S01007564,5. Skilled trades occupations,79,71,8
S01007564,6. Caring leisure and other service occupations,28,1,27
S01007564,7. Sales and customer service occupations,28,8,20
S01007564,8. Process plant and machine operatives,25,22,3
S01007564,9. Elementary occupations,45,23,22
S01007565,All people aged 16 to 74 in employment,446,229,217
S01007565,1. Managers directors and senior officials,35,22,13
S01007565,2. Professional occupations,72,24,48
S01007565,3. Associate professional and technical occupations,38,20,18
S01007565,4. Administrative and secretarial occupations,38,4,34
S01007565,5. Skilled trades occupations,87,76,11
S01007565,6. Caring leisure and other service occupations,56,12,44
S01007565,7. Sales and customer service occupations,38,12,26
S01007565,8. Process plant and machine operatives,41,39,2
S01007565,9. Elementary occupations,41,20,21
S01007566,All people aged 16 to 74 in employment,349,192,157
S01007566,1. Managers directors and senior officials,30,22,8
S01007566,2. Professional occupations,40,11,29
S01007566,3. Associate professional and technical occupations,30,21,9
S01007566,4. Administrative and secretarial occupations,33,3,30
S01007566,5. Skilled trades occupations,79,68,11
S01007566,6. Caring leisure and other service occupations,39,5,34
S01007566,7. Sales and customer service occupations,22,4,18
S01007566,8. Process plant and machine operatives,35,33,2
S01007566,9. Elementary occupations,41,25,16
S01007567,All people aged 16 to 74 in employment,318,172,146
S01007567,1. Managers directors and senior officials,27,18,9
S01007567,2. Professional occupations,48,20,28
S01007567,3. Associate professional and technical occupations,35,14,21
S01007567,4. Administrative and secretarial occupations,32,4,28
S01007567,5. Skilled trades occupations,76,66,10
S01007567,6. Caring leisure and other service occupations,31,6,25
S01007567,7. Sales and customer service occupations,16,5,11
S01007567,8. Process plant and machine operatives,24,23,1
S01007567,9. Elementary occupations,29,16,13
S01007568,All people aged 16 to 74 in employment,342,181,161
S01007568,1. Managers directors and senior officials,44,24,20
S01007568,2. Professional occupations,62,26,36
S01007568,3. Associate professional and technical occupations,36,22,14
S01007568,4. Administrative and secretarial occupations,36,7,29
S01007568,5. Skilled trades occupations,46,37,9
S01007568,6. Caring leisure and other service occupations,29,7,22
S01007568,7. Sales and customer service occupations,20,6,14
S01007568,8. Process plant and machine operatives,35,34,1
S01007568,9. Elementary occupations,34,18,16
S01007569,All people aged 16 to 74 in employment,395,223,172
S01007569,1. Managers directors and senior officials,33,18,15
S01007569,2. Professional occupations,47,16,31
S01007569,3. Associate professional and technical occupations,34,18,16
S01007569,4. Administrative and secretarial occupations,28,7,21
S01007569,5. Skilled trades occupations,94,79,15
S01007569,6. Caring leisure and other service occupations,34,5,29
S01007569,7. Sales and customer service occupations,32,8,24
S01007569,8. Process plant and machine operatives,38,34,4
S01007569,9. Elementary occupations,55,38,17
S01007570,All people aged 16 to 74 in employment,340,170,170
S01007570,1. Managers directors and senior officials,34,21,13
S01007570,2. Professional occupations,68,24,44
S01007570,3. Associate professional and technical occupations,39,23,16
S01007570,4. Administrative and secretarial occupations,26,4,22
S01007570,5. Skilled trades occupations,49,43,6
S01007570,6. Caring leisure and other service occupations,40,7,33
S01007570,7. Sales and customer service occupations,22,4,18
S01007570,8. Process plant and machine operatives,24,22,2
S01007570,9. Elementary occupations,38,22,16
S01007571,All people aged 16 to 74 in employment,287,157,130
S01007571,1. Managers directors and senior officials,41,27,14
S01007571,2. Professional occupations,56,22,34
S01007571,3. Associate professional and technical occupations,30,17,13
S01007571,4. Administrative and secretarial occupations,25,5,20
S01007571,5. Skilled trades occupations,50,41,9
S01007571,6. Caring leisure and other service occupations,20,2,18
S01007571,7. Sales and customer service occupations,16,6,10
S01007571,8. Process plant and machine operatives,19,19,0
S01007571,9. Elementary occupations,30,18,12
S01007572,All people aged 16 to 74 in employment,421,215,206
S01007572,1. Managers directors and senior officials,43,32,11
S01007572,2. Professional occupations,50,15,35
S01007572,3. Associate professional and technical occupations,43,22,21
S01007572,4. Administrative and secretarial occupations,51,5,46
S01007572,5. Skilled trades occupations,68,64,4
S01007572,6. Caring leisure and other service occupations,47,8,39
S01007572,7. Sales and customer service occupations,34,10,24
S01007572,8. Process plant and machine operatives,33,32,1
S01007572,9. Elementary occupations,52,27,25
S01007573,All people aged 16 to 74 in employment,534,267,267
S01007573,1. Managers directors and senior officials,52,31,21
S01007573,2. Professional occupations,103,35,68
S01007573,3. Associate professional and technical occupations,88,48,40
S01007573,4. Administrative and secretarial occupations,45,5,40
S01007573,5. Skilled trades occupations,63,58,5
S01007573,6. Caring leisure and other service occupations,54,13,41
S01007573,7. Sales and customer service occupations,42,16,26
S01007573,8. Process plant and machine operatives,40,36,4
S01007573,9. Elementary occupations,47,25,22
S01007574,All people aged 16 to 74 in employment,465,221,244
S01007574,1. Managers directors and senior officials,27,16,11
S01007574,2. Professional occupations,24,5,19
S01007574,3. Associate professional and technical occupations,35,22,13
S01007574,4. Administrative and secretarial occupations,50,4,46
S01007574,5. Skilled trades occupations,53,49,4
S01007574,6. Caring leisure and other service occupations,75,14,61
S01007574,7. Sales and customer service occupations,55,16,39
S01007574,8. Process plant and machine operatives,50,45,5
S01007574,9. Elementary occupations,96,50,46
S01007575,All people aged 16 to 74 in employment,336,169,167
S01007575,1. Managers directors and senior officials,15,7,8
S01007575,2. Professional occupations,21,7,14
S01007575,3. Associate professional and technical occupations,28,12,16
S01007575,4. Administrative and secretarial occupations,25,2,23
S01007575,5. Skilled trades occupations,40,38,2
S01007575,6. Caring leisure and other service occupations,44,10,34
S01007575,7. Sales and customer service occupations,45,14,31
S01007575,8. Process plant and machine operatives,49,47,2
S01007575,9. Elementary occupations,69,32,37
S01007576,All people aged 16 to 74 in employment,228,113,115
S01007576,1. Managers directors and senior officials,7,2,5
S01007576,2. Professional occupations,10,5,5
S01007576,3. Associate professional and technical occupations,14,10,4
S01007576,4. Administrative and secretarial occupations,17,1,16
S01007576,5. Skilled trades occupations,30,28,2
S01007576,6. Caring leisure and other service occupations,30,6,24
S01007576,7. Sales and customer service occupations,35,8,27
S01007576,8. Process plant and machine operatives,28,27,1
S01007576,9. Elementary occupations,57,26,31
S01007577,All people aged 16 to 74 in employment,251,117,134
S01007577,1. Managers directors and senior officials,9,4,5
S01007577,2. Professional occupations,11,3,8
S01007577,3. Associate professional and technical occupations,10,2,8
S01007577,4. Administrative and secretarial occupations,21,4,17
S01007577,5. Skilled trades occupations,37,34,3
S01007577,6. Caring leisure and other service occupations,36,5,31
S01007577,7. Sales and customer service occupations,36,14,22
S01007577,8. Process plant and machine operatives,26,24,2
S01007577,9. Elementary occupations,65,27,38
S01007578,All people aged 16 to 74 in employment,278,148,130
S01007578,1. Managers directors and senior officials,14,6,8
S01007578,2. Professional occupations,6,3,3
S01007578,3. Associate professional and technical occupations,9,7,2
S01007578,4. Administrative and secretarial occupations,19,2,17
S01007578,5. Skilled trades occupations,50,44,6
S01007578,6. Caring leisure and other service occupations,34,4,30
S01007578,7. Sales and customer service occupations,33,5,28
S01007578,8. Process plant and machine operatives,45,41,4
S01007578,9. Elementary occupations,68,36,32
S01007579,All people aged 16 to 74 in employment,281,120,161
S01007579,1. Managers directors and senior officials,11,4,7
S01007579,2. Professional occupations,17,6,11
S01007579,3. Associate professional and technical occupations,27,11,16
S01007579,4. Administrative and secretarial occupations,22,4,18
S01007579,5. Skilled trades occupations,33,28,5
S01007579,6. Caring leisure and other service occupations,45,5,40
S01007579,7. Sales and customer service occupations,45,10,35
S01007579,8. Process plant and machine operatives,33,31,2
S01007579,9. Elementary occupations,48,21,27
S01007580,All people aged 16 to 74 in employment,334,173,161
S01007580,1. Managers directors and senior officials,22,16,6
S01007580,2. Professional occupations,11,4,7
S01007580,3. Associate professional and technical occupations,13,8,5
S01007580,4. Administrative and secretarial occupations,24,6,18
S01007580,5. Skilled trades occupations,49,41,8
S01007580,6. Caring leisure and other service occupations,49,3,46
S01007580,7. Sales and customer service occupations,45,13,32
S01007580,8. Process plant and machine operatives,55,50,5
S01007580,9. Elementary occupations,66,32,34
S01007581,All people aged 16 to 74 in employment,218,111,107
S01007581,1. Managers directors and senior officials,9,3,6
S01007581,2. Professional occupations,9,3,6
S01007581,3. Associate professional and technical occupations,8,4,4
S01007581,4. Administrative and secretarial occupations,16,1,15
S01007581,5. Skilled trades occupations,43,40,3
S01007581,6. Caring leisure and other service occupations,31,3,28
S01007581,7. Sales and customer service occupations,36,12,24
S01007581,8. Process plant and machine operatives,27,25,2
S01007581,9. Elementary occupations,39,20,19
S01007582,All people aged 16 to 74 in employment,300,150,150
S01007582,1. Managers directors and senior officials,12,1,11
S01007582,2. Professional occupations,15,5,10
S01007582,3. Associate professional and technical occupations,18,13,5
S01007582,4. Administrative and secretarial occupations,28,6,22
S01007582,5. Skilled trades occupations,40,36,4
S01007582,6. Caring leisure and other service occupations,55,10,45
S01007582,7. Sales and customer service occupations,43,14,29
S01007582,8. Process plant and machine operatives,41,39,2
S01007582,9. Elementary occupations,48,26,22
S01007583,All people aged 16 to 74 in employment,416,185,231
S01007583,1. Managers directors and senior officials,12,5,7
S01007583,2. Professional occupations,22,9,13
S01007583,3. Associate professional and technical occupations,17,10,7
S01007583,4. Administrative and secretarial occupations,33,6,27
S01007583,5. Skilled trades occupations,55,43,12
S01007583,6. Caring leisure and other service occupations,64,9,55
S01007583,7. Sales and customer service occupations,61,17,44
S01007583,8. Process plant and machine operatives,55,47,8
S01007583,9. Elementary occupations,97,39,58
S01007584,All people aged 16 to 74 in employment,292,156,136
S01007584,1. Managers directors and senior officials,15,7,8
S01007584,2. Professional occupations,25,14,11
S01007584,3. Associate professional and technical occupations,20,15,5
S01007584,4. Administrative and secretarial occupations,26,4,22
S01007584,5. Skilled trades occupations,30,28,2
S01007584,6. Caring leisure and other service occupations,32,3,29
S01007584,7. Sales and customer service occupations,43,16,27
S01007584,8. Process plant and machine operatives,44,40,4
S01007584,9. Elementary occupations,57,29,28
S01007585,All people aged 16 to 74 in employment,409,209,200
S01007585,1. Managers directors and senior officials,25,16,9
S01007585,2. Professional occupations,59,22,37
S01007585,3. Associate professional and technical occupations,30,21,9
S01007585,4. Administrative and secretarial occupations,60,10,50
S01007585,5. Skilled trades occupations,58,56,2
S01007585,6. Caring leisure and other service occupations,56,15,41
S01007585,7. Sales and customer service occupations,33,9,24
S01007585,8. Process plant and machine operatives,36,32,4
S01007585,9. Elementary occupations,52,28,24
S01007586,All people aged 16 to 74 in employment,373,181,192
S01007586,1. Managers directors and senior officials,20,11,9
S01007586,2. Professional occupations,32,11,21
S01007586,3. Associate professional and technical occupations,37,20,17
S01007586,4. Administrative and secretarial occupations,30,3,27
S01007586,5. Skilled trades occupations,45,40,5
S01007586,6. Caring leisure and other service occupations,51,11,40
S01007586,7. Sales and customer service occupations,57,10,47
S01007586,8. Process plant and machine operatives,37,35,2
S01007586,9. Elementary occupations,64,40,24
S01007587,All people aged 16 to 74 in employment,324,165,159
S01007587,1. Managers directors and senior officials,25,12,13
S01007587,2. Professional occupations,67,21,46
S01007587,3. Associate professional and technical occupations,47,26,21
S01007587,4. Administrative and secretarial occupations,29,4,25
S01007587,5. Skilled trades occupations,46,44,2
S01007587,6. Caring leisure and other service occupations,42,11,31
S01007587,7. Sales and customer service occupations,17,6,11
S01007587,8. Process plant and machine operatives,16,15,1
S01007587,9. Elementary occupations,35,26,9
S01007588,All people aged 16 to 74 in employment,399,200,199
S01007588,1. Managers directors and senior officials,41,24,17
S01007588,2. Professional occupations,116,53,63
S01007588,3. Associate professional and technical occupations,48,30,18
S01007588,4. Administrative and secretarial occupations,33,3,30
S01007588,5. Skilled trades occupations,34,31,3
S01007588,6. Caring leisure and other service occupations,32,6,26
S01007588,7. Sales and customer service occupations,36,17,19
S01007588,8. Process plant and machine operatives,17,15,2
S01007588,9. Elementary occupations,42,21,21
S01007589,All people aged 16 to 74 in employment,422,225,197
S01007589,1. Managers directors and senior officials,34,25,9
S01007589,2. Professional occupations,88,37,51
S01007589,3. Associate professional and technical occupations,53,38,15
S01007589,4. Administrative and secretarial occupations,45,14,31
S01007589,5. Skilled trades occupations,34,32,2
S01007589,6. Caring leisure and other service occupations,49,9,40
S01007589,7. Sales and customer service occupations,30,11,19
S01007589,8. Process plant and machine operatives,27,25,2
S01007589,9. Elementary occupations,62,34,28
S01007590,All people aged 16 to 74 in employment,284,137,147
S01007590,1. Managers directors and senior officials,33,20,13
S01007590,2. Professional occupations,79,29,50
S01007590,3. Associate professional and technical occupations,43,29,14
S01007590,4. Administrative and secretarial occupations,33,4,29
S01007590,5. Skilled trades occupations,28,27,1
S01007590,6. Caring leisure and other service occupations,27,2,25
S01007590,7. Sales and customer service occupations,12,4,8
S01007590,8. Process plant and machine operatives,15,15,0
S01007590,9. Elementary occupations,14,7,7
S01007591,All people aged 16 to 74 in employment,318,168,150
S01007591,1. Managers directors and senior officials,16,10,6
S01007591,2. Professional occupations,64,26,38
S01007591,3. Associate professional and technical occupations,30,17,13
S01007591,4. Administrative and secretarial occupations,32,6,26
S01007591,5. Skilled trades occupations,36,36,0
S01007591,6. Caring leisure and other service occupations,38,9,29
S01007591,7. Sales and customer service occupations,22,2,20
S01007591,8. Process plant and machine operatives,32,31,1
S01007591,9. Elementary occupations,48,31,17
S01007592,All people aged 16 to 74 in employment,328,163,165
S01007592,1. Managers directors and senior officials,12,7,5
S01007592,2. Professional occupations,39,11,28
S01007592,3. Associate professional and technical occupations,30,22,8
S01007592,4. Administrative and secretarial occupations,24,4,20
S01007592,5. Skilled trades occupations,41,37,4
S01007592,6. Caring leisure and other service occupations,57,17,40
S01007592,7. Sales and customer service occupations,43,13,30
S01007592,8. Process plant and machine operatives,29,28,1
S01007592,9. Elementary occupations,53,24,29
S01007593,All people aged 16 to 74 in employment,497,238,259
S01007593,1. Managers directors and senior officials,42,28,14
S01007593,2. Professional occupations,78,24,54
S01007593,3. Associate professional and technical occupations,57,31,26
S01007593,4. Administrative and secretarial occupations,44,5,39
S01007593,5. Skilled trades occupations,72,66,6
S01007593,6. Caring leisure and other service occupations,69,12,57
S01007593,7. Sales and customer service occupations,58,15,43
S01007593,8. Process plant and machine operatives,33,33,0
S01007593,9. Elementary occupations,44,24,20
S01007594,All people aged 16 to 74 in employment,434,216,218
S01007594,1. Managers directors and senior officials,46,23,23
S01007594,2. Professional occupations,60,23,37
S01007594,3. Associate professional and technical occupations,46,27,19
S01007594,4. Administrative and secretarial occupations,52,7,45
S01007594,5. Skilled trades occupations,62,57,5
S01007594,6. Caring leisure and other service occupations,46,7,39
S01007594,7. Sales and customer service occupations,39,10,29
S01007594,8. Process plant and machine operatives,40,39,1
S01007594,9. Elementary occupations,43,23,20
S01007595,All people aged 16 to 74 in employment,561,292,269
S01007595,1. Managers directors and senior officials,42,22,20
S01007595,2. Professional occupations,86,25,61
S01007595,3. Associate professional and technical occupations,70,32,38
S01007595,4. Administrative and secretarial occupations,41,8,33
S01007595,5. Skilled trades occupations,114,98,16
S01007595,6. Caring leisure and other service occupations,59,15,44
S01007595,7. Sales and customer service occupations,35,5,30
S01007595,8. Process plant and machine operatives,51,50,1
S01007595,9. Elementary occupations,63,37,26
S01007596,All people aged 16 to 74 in employment,239,124,115
S01007596,1. Managers directors and senior officials,30,15,15
S01007596,2. Professional occupations,27,8,19
S01007596,3. Associate professional and technical occupations,24,16,8
S01007596,4. Administrative and secretarial occupations,21,2,19
S01007596,5. Skilled trades occupations,47,39,8
S01007596,6. Caring leisure and other service occupations,30,6,24
S01007596,7. Sales and customer service occupations,10,3,7
S01007596,8. Process plant and machine operatives,18,18,0
S01007596,9. Elementary occupations,32,17,15
S01007597,All people aged 16 to 74 in employment,327,181,146
S01007597,1. Managers directors and senior officials,30,16,14
S01007597,2. Professional occupations,57,24,33
S01007597,3. Associate professional and technical occupations,47,31,16
S01007597,4. Administrative and secretarial occupations,32,4,28
S01007597,5. Skilled trades occupations,65,57,8
S01007597,6. Caring leisure and other service occupations,25,7,18
S01007597,7. Sales and customer service occupations,25,10,15
S01007597,8. Process plant and machine operatives,20,19,1
S01007597,9. Elementary occupations,26,13,13
S01007598,All people aged 16 to 74 in employment,332,153,179
S01007598,1. Managers directors and senior officials,31,16,15
S01007598,2. Professional occupations,56,22,34
S01007598,3. Associate professional and technical occupations,36,16,20
S01007598,4. Administrative and secretarial occupations,35,1,34
S01007598,5. Skilled trades occupations,58,47,11
S01007598,6. Caring leisure and other service occupations,38,6,32
S01007598,7. Sales and customer service occupations,21,3,18
S01007598,8. Process plant and machine operatives,28,27,1
S01007598,9. Elementary occupations,29,15,14
S01007599,All people aged 16 to 74 in employment,429,220,209
S01007599,1. Managers directors and senior officials,31,16,15
S01007599,2. Professional occupations,86,30,56
S01007599,3. Associate professional and technical occupations,47,33,14
S01007599,4. Administrative and secretarial occupations,41,11,30
S01007599,5. Skilled trades occupations,44,36,8
S01007599,6. Caring leisure and other service occupations,56,15,41
S01007599,7. Sales and customer service occupations,52,26,26
S01007599,8. Process plant and machine operatives,30,30,0
S01007599,9. Elementary occupations,42,23,19
S01007600,All people aged 16 to 74 in employment,517,261,256
S01007600,1. Managers directors and senior officials,54,36,18
S01007600,2. Professional occupations,158,63,95
S01007600,3. Associate professional and technical occupations,47,28,19
S01007600,4. Administrative and secretarial occupations,54,6,48
S01007600,5. Skilled trades occupations,58,51,7
S01007600,6. Caring leisure and other service occupations,36,7,29
S01007600,7. Sales and customer service occupations,31,11,20
S01007600,8. Process plant and machine operatives,34,32,2
S01007600,9. Elementary occupations,45,27,18
S01007601,All people aged 16 to 74 in employment,401,201,200
S01007601,1. Managers directors and senior officials,28,20,8
S01007601,2. Professional occupations,72,20,52
S01007601,3. Associate professional and technical occupations,46,24,22
S01007601,4. Administrative and secretarial occupations,44,9,35
S01007601,5. Skilled trades occupations,46,46,0
S01007601,6. Caring leisure and other service occupations,47,11,36
S01007601,7. Sales and customer service occupations,46,16,30
S01007601,8. Process plant and machine operatives,35,34,1
S01007601,9. Elementary occupations,37,21,16
S01007602,All people aged 16 to 74 in employment,367,182,185
S01007602,1. Managers directors and senior officials,18,11,7
S01007602,2. Professional occupations,75,27,48
S01007602,3. Associate professional and technical occupations,32,24,8
S01007602,4. Administrative and secretarial occupations,55,9,46
S01007602,5. Skilled trades occupations,52,45,7
S01007602,6. Caring leisure and other service occupations,41,6,35
S01007602,7. Sales and customer service occupations,24,10,14
S01007602,8. Process plant and machine operatives,32,29,3
S01007602,9. Elementary occupations,38,21,17
S01007603,All people aged 16 to 74 in employment,484,246,238
S01007603,1. Managers directors and senior officials,39,24,15
S01007603,2. Professional occupations,106,40,66
S01007603,3. Associate professional and technical occupations,77,48,29
S01007603,4. Administrative and secretarial occupations,65,10,55
S01007603,5. Skilled trades occupations,47,45,2
S01007603,6. Caring leisure and other service occupations,34,4,30
S01007603,7. Sales and customer service occupations,43,16,27
S01007603,8. Process plant and machine operatives,42,40,2
S01007603,9. Elementary occupations,31,19,12
S01007604,All people aged 16 to 74 in employment,456,227,229
S01007604,1. Managers directors and senior officials,32,19,13
S01007604,2. Professional occupations,89,32,57
S01007604,3. Associate professional and technical occupations,58,36,22
S01007604,4. Administrative and secretarial occupations,71,12,59
S01007604,5. Skilled trades occupations,62,58,4
S01007604,6. Caring leisure and other service occupations,45,14,31
S01007604,7. Sales and customer service occupations,41,15,26
S01007604,8. Process plant and machine operatives,24,24,0
S01007604,9. Elementary occupations,34,17,17
S01007605,All people aged 16 to 74 in employment,457,230,227
S01007605,1. Managers directors and senior officials,35,27,8
S01007605,2. Professional occupations,81,24,57
S01007605,3. Associate professional and technical occupations,49,32,17
S01007605,4. Administrative and secretarial occupations,60,10,50
S01007605,5. Skilled trades occupations,51,49,2
S01007605,6. Caring leisure and other service occupations,56,8,48
S01007605,7. Sales and customer service occupations,46,16,30
S01007605,8. Process plant and machine operatives,40,40,0
S01007605,9. Elementary occupations,39,24,15
S01007606,All people aged 16 to 74 in employment,309,163,146
S01007606,1. Managers directors and senior officials,20,11,9
S01007606,2. Professional occupations,63,21,42
S01007606,3. Associate professional and technical occupations,38,27,11
S01007606,4. Administrative and secretarial occupations,38,7,31
S01007606,5. Skilled trades occupations,40,38,2
S01007606,6. Caring leisure and other service occupations,29,5,24
S01007606,7. Sales and customer service occupations,16,8,8
S01007606,8. Process plant and machine operatives,27,25,2
S01007606,9. Elementary occupations,38,21,17
S01007607,All people aged 16 to 74 in employment,388,195,193
S01007607,1. Managers directors and senior officials,25,15,10
S01007607,2. Professional occupations,72,20,52
S01007607,3. Associate professional and technical occupations,45,33,12
S01007607,4. Administrative and secretarial occupations,52,9,43
S01007607,5. Skilled trades occupations,53,48,5
S01007607,6. Caring leisure and other service occupations,41,7,34
S01007607,7. Sales and customer service occupations,32,7,25
S01007607,8. Process plant and machine operatives,37,36,1
S01007607,9. Elementary occupations,31,20,11
S01007608,All people aged 16 to 74 in employment,406,205,201
S01007608,1. Managers directors and senior officials,22,15,7
S01007608,2. Professional occupations,76,21,55
S01007608,3. Associate professional and technical occupations,52,32,20
S01007608,4. Administrative and secretarial occupations,51,10,41
S01007608,5. Skilled trades occupations,39,35,4
S01007608,6. Caring leisure and other service occupations,48,9,39
S01007608,7. Sales and customer service occupations,38,15,23
S01007608,8. Process plant and machine operatives,37,36,1
S01007608,9. Elementary occupations,43,32,11
S01007609,All people aged 16 to 74 in employment,424,200,224
S01007609,1. Managers directors and senior officials,27,13,14
S01007609,2. Professional occupations,38,13,25
S01007609,3. Associate professional and technical occupations,36,18,18
S01007609,4. Administrative and secretarial occupations,43,8,35
S01007609,5. Skilled trades occupations,44,42,2
S01007609,6. Caring leisure and other service occupations,76,12,64
S01007609,7. Sales and customer service occupations,48,19,29
S01007609,8. Process plant and machine operatives,43,40,3
S01007609,9. Elementary occupations,69,35,34
S01007610,All people aged 16 to 74 in employment,217,101,116
S01007610,1. Managers directors and senior officials,13,10,3
S01007610,2. Professional occupations,39,11,28
S01007610,3. Associate professional and technical occupations,22,9,13
S01007610,4. Administrative and secretarial occupations,15,4,11
S01007610,5. Skilled trades occupations,29,27,2
S01007610,6. Caring leisure and other service occupations,30,5,25
S01007610,7. Sales and customer service occupations,19,4,15
S01007610,8. Process plant and machine operatives,22,19,3
S01007610,9. Elementary occupations,28,12,16
S01007611,All people aged 16 to 74 in employment,386,199,187
S01007611,1. Managers directors and senior officials,20,13,7
S01007611,2. Professional occupations,49,11,38
S01007611,3. Associate professional and technical occupations,24,10,14
S01007611,4. Administrative and secretarial occupations,33,9,24
S01007611,5. Skilled trades occupations,48,42,6
S01007611,6. Caring leisure and other service occupations,59,14,45
S01007611,7. Sales and customer service occupations,39,13,26
S01007611,8. Process plant and machine operatives,48,47,1
S01007611,9. Elementary occupations,66,40,26
S01007612,All people aged 16 to 74 in employment,530,290,240
S01007612,1. Managers directors and senior officials,23,13,10
S01007612,2. Professional occupations,60,30,30
S01007612,3. Associate professional and technical occupations,57,31,26
S01007612,4. Administrative and secretarial occupations,53,16,37
S01007612,5. Skilled trades occupations,57,52,5
S01007612,6. Caring leisure and other service occupations,45,9,36
S01007612,7. Sales and customer service occupations,70,29,41
S01007612,8. Process plant and machine operatives,56,52,4
S01007612,9. Elementary occupations,109,58,51
S01007613,All people aged 16 to 74 in employment,392,209,183
S01007613,1. Managers directors and senior officials,48,27,21
S01007613,2. Professional occupations,97,42,55
S01007613,3. Associate professional and technical occupations,43,30,13
S01007613,4. Administrative and secretarial occupations,35,8,27
S01007613,5. Skilled trades occupations,40,35,5
S01007613,6. Caring leisure and other service occupations,25,7,18
S01007613,7. Sales and customer service occupations,44,18,26
S01007613,8. Process plant and machine operatives,20,18,2
S01007613,9. Elementary occupations,40,24,16
S01007614,All people aged 16 to 74 in employment,423,214,209
S01007614,1. Managers directors and senior officials,54,37,17
S01007614,2. Professional occupations,123,52,71
S01007614,3. Associate professional and technical occupations,73,47,26
S01007614,4. Administrative and secretarial occupations,52,14,38
S01007614,5. Skilled trades occupations,35,30,5
S01007614,6. Caring leisure and other service occupations,24,4,20
S01007614,7. Sales and customer service occupations,23,8,15
S01007614,8. Process plant and machine operatives,12,10,2
S01007614,9. Elementary occupations,27,12,15
S01007615,All people aged 16 to 74 in employment,530,254,276
S01007615,1. Managers directors and senior officials,58,43,15
S01007615,2. Professional occupations,91,29,62
S01007615,3. Associate professional and technical occupations,66,30,36
S01007615,4. Administrative and secretarial occupations,55,8,47
S01007615,5. Skilled trades occupations,58,49,9
S01007615,6. Caring leisure and other service occupations,61,13,48
S01007615,7. Sales and customer service occupations,46,19,27
S01007615,8. Process plant and machine operatives,34,31,3
S01007615,9. Elementary occupations,61,32,29
S01007616,All people aged 16 to 74 in employment,367,168,199
S01007616,1. Managers directors and senior officials,25,18,7
S01007616,2. Professional occupations,43,12,31
S01007616,3. Associate professional and technical occupations,40,16,24
S01007616,4. Administrative and secretarial occupations,42,6,36
S01007616,5. Skilled trades occupations,51,47,4
S01007616,6. Caring leisure and other service occupations,53,10,43
S01007616,7. Sales and customer service occupations,43,10,33
S01007616,8. Process plant and machine operatives,22,20,2
S01007616,9. Elementary occupations,48,29,19
S01007617,All people aged 16 to 74 in employment,249,120,129
S01007617,1. Managers directors and senior officials,9,5,4
S01007617,2. Professional occupations,22,7,15
S01007617,3. Associate professional and technical occupations,15,8,7
S01007617,4. Administrative and secretarial occupations,28,4,24
S01007617,5. Skilled trades occupations,28,23,5
S01007617,6. Caring leisure and other service occupations,33,7,26
S01007617,7. Sales and customer service occupations,37,8,29
S01007617,8. Process plant and machine operatives,37,36,1
S01007617,9. Elementary occupations,40,22,18
S01007618,All people aged 16 to 74 in employment,263,131,132
S01007618,1. Managers directors and senior officials,9,5,4
S01007618,2. Professional occupations,21,5,16
S01007618,3. Associate professional and technical occupations,14,7,7
S01007618,4. Administrative and secretarial occupations,25,5,20
S01007618,5. Skilled trades occupations,38,34,4
S01007618,6. Caring leisure and other service occupations,36,5,31
S01007618,7. Sales and customer service occupations,32,7,25
S01007618,8. Process plant and machine operatives,37,33,4
S01007618,9. Elementary occupations,51,30,21
S01007619,All people aged 16 to 74 in employment,297,146,151
S01007619,1. Managers directors and senior officials,9,4,5
S01007619,2. Professional occupations,18,9,9
S01007619,3. Associate professional and technical occupations,16,10,6
S01007619,4. Administrative and secretarial occupations,29,4,25
S01007619,5. Skilled trades occupations,45,42,3
S01007619,6. Caring leisure and other service occupations,32,5,27
S01007619,7. Sales and customer service occupations,37,8,29
S01007619,8. Process plant and machine operatives,44,41,3
S01007619,9. Elementary occupations,67,23,44
S01007620,All people aged 16 to 74 in employment,314,153,161
S01007620,1. Managers directors and senior officials,17,11,6
S01007620,2. Professional occupations,42,12,30
S01007620,3. Associate professional and technical occupations,39,21,18
S01007620,4. Administrative and secretarial occupations,46,8,38
S01007620,5. Skilled trades occupations,42,40,2
S01007620,6. Caring leisure and other service occupations,44,12,32
S01007620,7. Sales and customer service occupations,26,7,19
S01007620,8. Process plant and machine operatives,35,33,2
S01007620,9. Elementary occupations,23,9,14
S01007621,All people aged 16 to 74 in employment,328,165,163
S01007621,1. Managers directors and senior officials,19,12,7
S01007621,2. Professional occupations,35,9,26
S01007621,3. Associate professional and technical occupations,28,17,11
S01007621,4. Administrative and secretarial occupations,49,8,41
S01007621,5. Skilled trades occupations,54,52,2
S01007621,6. Caring leisure and other service occupations,27,3,24
S01007621,7. Sales and customer service occupations,28,8,20
S01007621,8. Process plant and machine operatives,39,32,7
S01007621,9. Elementary occupations,49,24,25
S01007622,All people aged 16 to 74 in employment,275,145,130
S01007622,1. Managers directors and senior officials,18,11,7
S01007622,2. Professional occupations,27,12,15
S01007622,3. Associate professional and technical occupations,30,18,12
S01007622,4. Administrative and secretarial occupations,38,6,32
S01007622,5. Skilled trades occupations,37,34,3
S01007622,6. Caring leisure and other service occupations,34,4,30
S01007622,7. Sales and customer service occupations,21,5,16
S01007622,8. Process plant and machine operatives,42,41,1
S01007622,9. Elementary occupations,28,14,14
S01007623,All people aged 16 to 74 in employment,319,158,161
S01007623,1. Managers directors and senior officials,25,19,6
S01007623,2. Professional occupations,63,31,32
S01007623,3. Associate professional and technical occupations,41,23,18
S01007623,4. Administrative and secretarial occupations,32,3,29
S01007623,5. Skilled trades occupations,42,40,2
S01007623,6. Caring leisure and other service occupations,39,3,36
S01007623,7. Sales and customer service occupations,21,10,11
S01007623,8. Process plant and machine operatives,21,18,3
S01007623,9. Elementary occupations,35,11,24
S01007624,All people aged 16 to 74 in employment,394,208,186
S01007624,1. Managers directors and senior officials,26,20,6
S01007624,2. Professional occupations,51,14,37
S01007624,3. Associate professional and technical occupations,45,32,13
S01007624,4. Administrative and secretarial occupations,54,8,46
S01007624,5. Skilled trades occupations,49,44,5
S01007624,6. Caring leisure and other service occupations,45,10,35
S01007624,7. Sales and customer service occupations,41,16,25
S01007624,8. Process plant and machine operatives,49,47,2
S01007624,9. Elementary occupations,34,17,17
S01007625,All people aged 16 to 74 in employment,278,137,141
S01007625,1. Managers directors and senior officials,27,16,11
S01007625,2. Professional occupations,41,14,27
S01007625,3. Associate professional and technical occupations,24,17,7
S01007625,4. Administrative and secretarial occupations,31,3,28
S01007625,5. Skilled trades occupations,36,32,4
S01007625,6. Caring leisure and other service occupations,26,1,25
S01007625,7. Sales and customer service occupations,26,7,19
S01007625,8. Process plant and machine operatives,41,37,4
S01007625,9. Elementary occupations,26,10,16
S01007626,All people aged 16 to 74 in employment,397,200,197
S01007626,1. Managers directors and senior officials,26,13,13
S01007626,2. Professional occupations,56,19,37
S01007626,3. Associate professional and technical occupations,49,35,14
S01007626,4. Administrative and secretarial occupations,53,4,49
S01007626,5. Skilled trades occupations,48,43,5
S01007626,6. Caring leisure and other service occupations,36,3,33
S01007626,7. Sales and customer service occupations,33,9,24
S01007626,8. Process plant and machine operatives,61,57,4
S01007626,9. Elementary occupations,35,17,18
S01007627,All people aged 16 to 74 in employment,295,155,140
S01007627,1. Managers directors and senior officials,29,17,12
S01007627,2. Professional occupations,46,15,31
S01007627,3. Associate professional and technical occupations,48,30,18
S01007627,4. Administrative and secretarial occupations,34,7,27
S01007627,5. Skilled trades occupations,42,40,2
S01007627,6. Caring leisure and other service occupations,31,4,27
S01007627,7. Sales and customer service occupations,27,12,15
S01007627,8. Process plant and machine operatives,23,22,1
S01007627,9. Elementary occupations,15,8,7
S01007628,All people aged 16 to 74 in employment,330,166,164
S01007628,1. Managers directors and senior officials,23,15,8
S01007628,2. Professional occupations,44,11,33
S01007628,3. Associate professional and technical occupations,46,29,17
S01007628,4. Administrative and secretarial occupations,43,5,38
S01007628,5. Skilled trades occupations,55,53,2
S01007628,6. Caring leisure and other service occupations,32,6,26
S01007628,7. Sales and customer service occupations,29,9,20
S01007628,8. Process plant and machine operatives,23,22,1
S01007628,9. Elementary occupations,35,16,19
S01007629,All people aged 16 to 74 in employment,359,192,167
S01007629,1. Managers directors and senior officials,36,25,11
S01007629,2. Professional occupations,46,11,35
S01007629,3. Associate professional and technical occupations,52,28,24
S01007629,4. Administrative and secretarial occupations,37,6,31
S01007629,5. Skilled trades occupations,54,48,6
S01007629,6. Caring leisure and other service occupations,26,3,23
S01007629,7. Sales and customer service occupations,27,6,21
S01007629,8. Process plant and machine operatives,42,39,3
S01007629,9. Elementary occupations,39,26,13
S01007630,All people aged 16 to 74 in employment,463,245,218
S01007630,1. Managers directors and senior officials,40,22,18
S01007630,2. Professional occupations,79,23,56
S01007630,3. Associate professional and technical occupations,45,32,13
S01007630,4. Administrative and secretarial occupations,48,9,39
S01007630,5. Skilled trades occupations,104,93,11
S01007630,6. Caring leisure and other service occupations,44,5,39
S01007630,7. Sales and customer service occupations,25,8,17
S01007630,8. Process plant and machine operatives,27,21,6
S01007630,9. Elementary occupations,51,32,19
S01007631,All people aged 16 to 74 in employment,311,170,141
S01007631,1. Managers directors and senior officials,34,22,12
S01007631,2. Professional occupations,54,20,34
S01007631,3. Associate professional and technical occupations,27,15,12
S01007631,4. Administrative and secretarial occupations,36,5,31
S01007631,5. Skilled trades occupations,65,56,9
S01007631,6. Caring leisure and other service occupations,27,4,23
S01007631,7. Sales and customer service occupations,14,6,8
S01007631,8. Process plant and machine operatives,26,24,2
S01007631,9. Elementary occupations,28,18,10
S01007632,All people aged 16 to 74 in employment,462,233,229
S01007632,1. Managers directors and senior officials,49,30,19
S01007632,2. Professional occupations,55,16,39
S01007632,3. Associate professional and technical occupations,38,23,15
S01007632,4. Administrative and secretarial occupations,38,6,32
S01007632,5. Skilled trades occupations,70,62,8
S01007632,6. Caring leisure and other service occupations,48,5,43
S01007632,7. Sales and customer service occupations,47,6,41
S01007632,8. Process plant and machine operatives,63,56,7
S01007632,9. Elementary occupations,54,29,25
S01007633,All people aged 16 to 74 in employment,454,240,214
S01007633,1. Managers directors and senior officials,28,18,10
S01007633,2. Professional occupations,56,24,32
S01007633,3. Associate professional and technical occupations,38,23,15
S01007633,4. Administrative and secretarial occupations,43,6,37
S01007633,5. Skilled trades occupations,76,66,10
S01007633,6. Caring leisure and other service occupations,56,5,51
S01007633,7. Sales and customer service occupations,45,10,35
S01007633,8. Process plant and machine operatives,52,46,6
S01007633,9. Elementary occupations,60,42,18
S01007634,All people aged 16 to 74 in employment,290,164,126
S01007634,1. Managers directors and senior officials,16,10,6
S01007634,2. Professional occupations,59,23,36
S01007634,3. Associate professional and technical occupations,25,14,11
S01007634,4. Administrative and secretarial occupations,28,3,25
S01007634,5. Skilled trades occupations,53,44,9
S01007634,6. Caring leisure and other service occupations,21,5,16
S01007634,7. Sales and customer service occupations,14,7,7
S01007634,8. Process plant and machine operatives,33,30,3
S01007634,9. Elementary occupations,41,28,13
S01007635,All people aged 16 to 74 in employment,268,140,128
S01007635,1. Managers directors and senior officials,28,17,11
S01007635,2. Professional occupations,46,19,27
S01007635,3. Associate professional and technical occupations,23,17,6
S01007635,4. Administrative and secretarial occupations,23,2,21
S01007635,5. Skilled trades occupations,43,40,3
S01007635,6. Caring leisure and other service occupations,29,4,25
S01007635,7. Sales and customer service occupations,20,4,16
S01007635,8. Process plant and machine operatives,26,23,3
S01007635,9. Elementary occupations,30,14,16
S01007636,All people aged 16 to 74 in employment,360,188,172
S01007636,1. Managers directors and senior officials,31,16,15
S01007636,2. Professional occupations,41,17,24
S01007636,3. Associate professional and technical occupations,32,20,12
S01007636,4. Administrative and secretarial occupations,37,2,35
S01007636,5. Skilled trades occupations,44,41,3
S01007636,6. Caring leisure and other service occupations,38,9,29
S01007636,7. Sales and customer service occupations,36,13,23
S01007636,8. Process plant and machine operatives,45,38,7
S01007636,9. Elementary occupations,56,32,24
S01007637,All people aged 16 to 74 in employment,404,209,195
S01007637,1. Managers directors and senior officials,22,15,7
S01007637,2. Professional occupations,30,9,21
S01007637,3. Associate professional and technical occupations,24,15,9
S01007637,4. Administrative and secretarial occupations,38,3,35
S01007637,5. Skilled trades occupations,80,71,9
S01007637,6. Caring leisure and other service occupations,50,3,47
S01007637,7. Sales and customer service occupations,28,4,24
S01007637,8. Process plant and machine operatives,58,52,6
S01007637,9. Elementary occupations,74,37,37
S01007638,All people aged 16 to 74 in employment,361,190,171
S01007638,1. Managers directors and senior officials,24,13,11
S01007638,2. Professional occupations,41,12,29
S01007638,3. Associate professional and technical occupations,33,22,11
S01007638,4. Administrative and secretarial occupations,38,15,23
S01007638,5. Skilled trades occupations,58,48,10
S01007638,6. Caring leisure and other service occupations,37,4,33
S01007638,7. Sales and customer service occupations,35,9,26
S01007638,8. Process plant and machine operatives,48,43,5
S01007638,9. Elementary occupations,47,24,23
S01007639,All people aged 16 to 74 in employment,512,258,254
S01007639,1. Managers directors and senior officials,33,20,13
S01007639,2. Professional occupations,46,21,25
S01007639,3. Associate professional and technical occupations,30,16,14
S01007639,4. Administrative and secretarial occupations,51,5,46
S01007639,5. Skilled trades occupations,71,64,7
S01007639,6. Caring leisure and other service occupations,59,3,56
S01007639,7. Sales and customer service occupations,55,16,39
S01007639,8. Process plant and machine operatives,89,78,11
S01007639,9. Elementary occupations,78,35,43
S01007640,All people aged 16 to 74 in employment,362,203,159
S01007640,1. Managers directors and senior officials,14,10,4
S01007640,2. Professional occupations,43,20,23
S01007640,3. Associate professional and technical occupations,23,8,15
S01007640,4. Administrative and secretarial occupations,42,4,38
S01007640,5. Skilled trades occupations,107,90,17
S01007640,6. Caring leisure and other service occupations,27,3,24
S01007640,7. Sales and customer service occupations,21,4,17
S01007640,8. Process plant and machine operatives,30,26,4
S01007640,9. Elementary occupations,55,38,17
S01007641,All people aged 16 to 74 in employment,404,214,190
S01007641,1. Managers directors and senior officials,48,25,23
S01007641,2. Professional occupations,51,23,28
S01007641,3. Associate professional and technical occupations,31,22,9
S01007641,4. Administrative and secretarial occupations,42,8,34
S01007641,5. Skilled trades occupations,71,57,14
S01007641,6. Caring leisure and other service occupations,36,1,35
S01007641,7. Sales and customer service occupations,32,8,24
S01007641,8. Process plant and machine operatives,36,35,1
S01007641,9. Elementary occupations,57,35,22
S01007642,All people aged 16 to 74 in employment,361,198,163
S01007642,1. Managers directors and senior officials,58,36,22
S01007642,2. Professional occupations,58,28,30
S01007642,3. Associate professional and technical occupations,35,22,13
S01007642,4. Administrative and secretarial occupations,24,4,20
S01007642,5. Skilled trades occupations,44,35,9
S01007642,6. Caring leisure and other service occupations,28,4,24
S01007642,7. Sales and customer service occupations,22,7,15
S01007642,8. Process plant and machine operatives,34,29,5
S01007642,9. Elementary occupations,58,33,25
S01007643,All people aged 16 to 74 in employment,430,210,220
S01007643,1. Managers directors and senior officials,71,34,37
S01007643,2. Professional occupations,64,22,42
S01007643,3. Associate professional and technical occupations,41,24,17
S01007643,4. Administrative and secretarial occupations,21,4,17
S01007643,5. Skilled trades occupations,67,50,17
S01007643,6. Caring leisure and other service occupations,49,7,42
S01007643,7. Sales and customer service occupations,32,11,21
S01007643,8. Process plant and machine operatives,32,31,1
S01007643,9. Elementary occupations,53,27,26
S01007644,All people aged 16 to 74 in employment,344,176,168
S01007644,1. Managers directors and senior officials,46,28,18
S01007644,2. Professional occupations,49,24,25
S01007644,3. Associate professional and technical occupations,21,11,10
S01007644,4. Administrative and secretarial occupations,29,4,25
S01007644,5. Skilled trades occupations,63,48,15
S01007644,6. Caring leisure and other service occupations,34,4,30
S01007644,7. Sales and customer service occupations,23,7,16
S01007644,8. Process plant and machine operatives,26,25,1
S01007644,9. Elementary occupations,53,25,28
S01007645,All people aged 16 to 74 in employment,270,151,119
S01007645,1. Managers directors and senior officials,34,20,14
S01007645,2. Professional occupations,37,18,19
S01007645,3. Associate professional and technical occupations,24,13,11
S01007645,4. Administrative and secretarial occupations,27,4,23
S01007645,5. Skilled trades occupations,58,50,8
S01007645,6. Caring leisure and other service occupations,16,0,16
S01007645,7. Sales and customer service occupations,19,4,15
S01007645,8. Process plant and machine operatives,24,21,3
S01007645,9. Elementary occupations,31,21,10
S01007646,All people aged 16 to 74 in employment,295,165,130
S01007646,1. Managers directors and senior officials,35,23,12
S01007646,2. Professional occupations,31,9,22
S01007646,3. Associate professional and technical occupations,28,18,10
S01007646,4. Administrative and secretarial occupations,38,8,30
S01007646,5. Skilled trades occupations,69,56,13
S01007646,6. Caring leisure and other service occupations,25,4,21
S01007646,7. Sales and customer service occupations,13,3,10
S01007646,8. Process plant and machine operatives,16,13,3
S01007646,9. Elementary occupations,40,31,9
S01007647,All people aged 16 to 74 in employment,335,171,164
S01007647,1. Managers directors and senior officials,31,17,14
S01007647,2. Professional occupations,48,18,30
S01007647,3. Associate professional and technical occupations,42,22,20
S01007647,4. Administrative and secretarial occupations,42,8,34
S01007647,5. Skilled trades occupations,46,43,3
S01007647,6. Caring leisure and other service occupations,25,2,23
S01007647,7. Sales and customer service occupations,26,9,17
S01007647,8. Process plant and machine operatives,35,30,5
S01007647,9. Elementary occupations,40,22,18
S01007648,All people aged 16 to 74 in employment,436,226,210
S01007648,1. Managers directors and senior officials,34,19,15
S01007648,2. Professional occupations,44,17,27
S01007648,3. Associate professional and technical occupations,44,29,15
S01007648,4. Administrative and secretarial occupations,61,12,49
S01007648,5. Skilled trades occupations,64,51,13
S01007648,6. Caring leisure and other service occupations,51,9,42
S01007648,7. Sales and customer service occupations,25,9,16
S01007648,8. Process plant and machine operatives,45,40,5
S01007648,9. Elementary occupations,68,40,28
S01007649,All people aged 16 to 74 in employment,379,206,173
S01007649,1. Managers directors and senior officials,23,15,8
S01007649,2. Professional occupations,30,9,21
S01007649,3. Associate professional and technical occupations,23,16,7
S01007649,4. Administrative and secretarial occupations,38,6,32
S01007649,5. Skilled trades occupations,75,62,13
S01007649,6. Caring leisure and other service occupations,48,9,39
S01007649,7. Sales and customer service occupations,18,3,15
S01007649,8. Process plant and machine operatives,50,39,11
S01007649,9. Elementary occupations,74,47,27
S01007650,All people aged 16 to 74 in employment,486,263,223
S01007650,1. Managers directors and senior officials,43,25,18
S01007650,2. Professional occupations,52,24,28
S01007650,3. Associate professional and technical occupations,57,29,28
S01007650,4. Administrative and secretarial occupations,51,5,46
S01007650,5. Skilled trades occupations,78,65,13
S01007650,6. Caring leisure and other service occupations,32,5,27
S01007650,7. Sales and customer service occupations,34,8,26
S01007650,8. Process plant and machine operatives,51,46,5
S01007650,9. Elementary occupations,88,56,32
S01007651,All people aged 16 to 74 in employment,307,161,146
S01007651,1. Managers directors and senior officials,23,12,11
S01007651,2. Professional occupations,32,11,21
S01007651,3. Associate professional and technical occupations,22,12,10
S01007651,4. Administrative and secretarial occupations,30,3,27
S01007651,5. Skilled trades occupations,90,77,13
S01007651,6. Caring leisure and other service occupations,27,4,23
S01007651,7. Sales and customer service occupations,21,3,18
S01007651,8. Process plant and machine operatives,23,20,3
S01007651,9. Elementary occupations,39,19,20
S01007652,All people aged 16 to 74 in employment,251,124,127
S01007652,1. Managers directors and senior officials,26,15,11
S01007652,2. Professional occupations,23,8,15
S01007652,3. Associate professional and technical occupations,21,10,11
S01007652,4. Administrative and secretarial occupations,24,2,22
S01007652,5. Skilled trades occupations,54,46,8
S01007652,6. Caring leisure and other service occupations,22,1,21
S01007652,7. Sales and customer service occupations,25,9,16
S01007652,8. Process plant and machine operatives,21,17,4
S01007652,9. Elementary occupations,35,16,19
S01007653,All people aged 16 to 74 in employment,465,235,230
S01007653,1. Managers directors and senior officials,30,11,19
S01007653,2. Professional occupations,42,15,27
S01007653,3. Associate professional and technical occupations,38,21,17
S01007653,4. Administrative and secretarial occupations,39,4,35
S01007653,5. Skilled trades occupations,113,98,15
S01007653,6. Caring leisure and other service occupations,51,6,45
S01007653,7. Sales and customer service occupations,43,6,37
S01007653,8. Process plant and machine operatives,49,45,4
S01007653,9. Elementary occupations,60,29,31
S01007654,All people aged 16 to 74 in employment,502,267,235
S01007654,1. Managers directors and senior officials,45,29,16
S01007654,2. Professional occupations,37,15,22
S01007654,3. Associate professional and technical occupations,34,16,18
S01007654,4. Administrative and secretarial occupations,36,4,32
S01007654,5. Skilled trades occupations,92,83,9
S01007654,6. Caring leisure and other service occupations,49,4,45
S01007654,7. Sales and customer service occupations,46,10,36
S01007654,8. Process plant and machine operatives,74,61,13
S01007654,9. Elementary occupations,89,45,44
S01007655,All people aged 16 to 74 in employment,396,224,172
S01007655,1. Managers directors and senior officials,42,27,15
S01007655,2. Professional occupations,49,20,29
S01007655,3. Associate professional and technical occupations,27,13,14
S01007655,4. Administrative and secretarial occupations,36,2,34
S01007655,5. Skilled trades occupations,117,96,21
S01007655,6. Caring leisure and other service occupations,26,3,23
S01007655,7. Sales and customer service occupations,18,4,14
S01007655,8. Process plant and machine operatives,34,31,3
S01007655,9. Elementary occupations,47,28,19
S01007656,All people aged 16 to 74 in employment,409,226,183
S01007656,1. Managers directors and senior officials,23,14,9
S01007656,2. Professional occupations,44,14,30
S01007656,3. Associate professional and technical occupations,33,16,17
S01007656,4. Administrative and secretarial occupations,32,3,29
S01007656,5. Skilled trades occupations,114,100,14
S01007656,6. Caring leisure and other service occupations,38,3,35
S01007656,7. Sales and customer service occupations,27,7,20
S01007656,8. Process plant and machine operatives,42,35,7
S01007656,9. Elementary occupations,56,34,22
S01007657,All people aged 16 to 74 in employment,238,122,116
S01007657,1. Managers directors and senior officials,22,14,8
S01007657,2. Professional occupations,31,8,23
S01007657,3. Associate professional and technical occupations,21,10,11
S01007657,4. Administrative and secretarial occupations,21,0,21
S01007657,5. Skilled trades occupations,51,43,8
S01007657,6. Caring leisure and other service occupations,24,6,18
S01007657,7. Sales and customer service occupations,22,9,13
S01007657,8. Process plant and machine operatives,19,17,2
S01007657,9. Elementary occupations,27,15,12
S01007658,All people aged 16 to 74 in employment,245,120,125
S01007658,1. Managers directors and senior officials,23,12,11
S01007658,2. Professional occupations,38,13,25
S01007658,3. Associate professional and technical occupations,19,9,10
S01007658,4. Administrative and secretarial occupations,22,1,21
S01007658,5. Skilled trades occupations,58,45,13
S01007658,6. Caring leisure and other service occupations,20,1,19
S01007658,7. Sales and customer service occupations,14,6,8
S01007658,8. Process plant and machine operatives,23,20,3
S01007658,9. Elementary occupations,28,13,15
S01007659,All people aged 16 to 74 in employment,359,191,168
S01007659,1. Managers directors and senior officials,23,14,9
S01007659,2. Professional occupations,57,24,33
S01007659,3. Associate professional and technical occupations,25,16,9
S01007659,4. Administrative and secretarial occupations,39,9,30
S01007659,5. Skilled trades occupations,66,56,10
S01007659,6. Caring leisure and other service occupations,45,3,42
S01007659,7. Sales and customer service occupations,21,7,14
S01007659,8. Process plant and machine operatives,49,38,11
S01007659,9. Elementary occupations,34,24,10
S01007660,All people aged 16 to 74 in employment,393,203,190
S01007660,1. Managers directors and senior officials,13,6,7
S01007660,2. Professional occupations,13,4,9
S01007660,3. Associate professional and technical occupations,27,18,9
S01007660,4. Administrative and secretarial occupations,22,5,17
S01007660,5. Skilled trades occupations,65,56,9
S01007660,6. Caring leisure and other service occupations,55,10,45
S01007660,7. Sales and customer service occupations,46,9,37
S01007660,8. Process plant and machine operatives,90,62,28
S01007660,9. Elementary occupations,62,33,29
S01007661,All people aged 16 to 74 in employment,327,168,159
S01007661,1. Managers directors and senior officials,24,11,13
S01007661,2. Professional occupations,34,11,23
S01007661,3. Associate professional and technical occupations,22,12,10
S01007661,4. Administrative and secretarial occupations,46,10,36
S01007661,5. Skilled trades occupations,54,48,6
S01007661,6. Caring leisure and other service occupations,32,2,30
S01007661,7. Sales and customer service occupations,24,4,20
S01007661,8. Process plant and machine operatives,47,40,7
S01007661,9. Elementary occupations,44,30,14
S01007662,All people aged 16 to 74 in employment,382,187,195
S01007662,1. Managers directors and senior officials,26,12,14
S01007662,2. Professional occupations,36,14,22
S01007662,3. Associate professional and technical occupations,43,29,14
S01007662,4. Administrative and secretarial occupations,42,2,40
S01007662,5. Skilled trades occupations,52,42,10
S01007662,6. Caring leisure and other service occupations,42,5,37
S01007662,7. Sales and customer service occupations,28,8,20
S01007662,8. Process plant and machine operatives,63,44,19
S01007662,9. Elementary occupations,50,31,19
S01007663,All people aged 16 to 74 in employment,396,208,188
S01007663,1. Managers directors and senior officials,34,16,18
S01007663,2. Professional occupations,50,21,29
S01007663,3. Associate professional and technical occupations,43,25,18
S01007663,4. Administrative and secretarial occupations,45,7,38
S01007663,5. Skilled trades occupations,64,60,4
S01007663,6. Caring leisure and other service occupations,36,5,31
S01007663,7. Sales and customer service occupations,33,4,29
S01007663,8. Process plant and machine operatives,47,44,3
S01007663,9. Elementary occupations,44,26,18
S01007664,All people aged 16 to 74 in employment,267,127,140
S01007664,1. Managers directors and senior officials,21,11,10
S01007664,2. Professional occupations,15,6,9
S01007664,3. Associate professional and technical occupations,24,10,14
S01007664,4. Administrative and secretarial occupations,17,1,16
S01007664,5. Skilled trades occupations,46,39,7
S01007664,6. Caring leisure and other service occupations,24,3,21
S01007664,7. Sales and customer service occupations,25,3,22
S01007664,8. Process plant and machine operatives,47,31,16
S01007664,9. Elementary occupations,48,23,25
S01007665,All people aged 16 to 74 in employment,317,162,155
S01007665,1. Managers directors and senior officials,25,14,11
S01007665,2. Professional occupations,23,8,15
S01007665,3. Associate professional and technical occupations,19,11,8
S01007665,4. Administrative and secretarial occupations,36,7,29
S01007665,5. Skilled trades occupations,52,45,7
S01007665,6. Caring leisure and other service occupations,32,6,26
S01007665,7. Sales and customer service occupations,41,11,30
S01007665,8. Process plant and machine operatives,47,37,10
S01007665,9. Elementary occupations,42,23,19
S01007666,All people aged 16 to 74 in employment,243,121,122
S01007666,1. Managers directors and senior officials,17,14,3
S01007666,2. Professional occupations,41,21,20
S01007666,3. Associate professional and technical occupations,25,13,12
S01007666,4. Administrative and secretarial occupations,31,4,27
S01007666,5. Skilled trades occupations,32,29,3
S01007666,6. Caring leisure and other service occupations,27,4,23
S01007666,7. Sales and customer service occupations,19,4,15
S01007666,8. Process plant and machine operatives,22,16,6
S01007666,9. Elementary occupations,29,16,13
S01007667,All people aged 16 to 74 in employment,377,198,179
S01007667,1. Managers directors and senior officials,19,14,5
S01007667,2. Professional occupations,50,22,28
S01007667,3. Associate professional and technical occupations,66,43,23
S01007667,4. Administrative and secretarial occupations,49,4,45
S01007667,5. Skilled trades occupations,53,49,4
S01007667,6. Caring leisure and other service occupations,46,5,41
S01007667,7. Sales and customer service occupations,26,8,18
S01007667,8. Process plant and machine operatives,50,43,7
S01007667,9. Elementary occupations,18,10,8
S01007668,All people aged 16 to 74 in employment,469,229,240
S01007668,1. Managers directors and senior officials,16,6,10
S01007668,2. Professional occupations,27,8,19
S01007668,3. Associate professional and technical occupations,36,18,18
S01007668,4. Administrative and secretarial occupations,39,5,34
S01007668,5. Skilled trades occupations,67,58,9
S01007668,6. Caring leisure and other service occupations,62,6,56
S01007668,7. Sales and customer service occupations,49,8,41
S01007668,8. Process plant and machine operatives,97,78,19
S01007668,9. Elementary occupations,76,42,34
S01007669,All people aged 16 to 74 in employment,259,124,135
S01007669,1. Managers directors and senior officials,8,3,5
S01007669,2. Professional occupations,16,4,12
S01007669,3. Associate professional and technical occupations,13,7,6
S01007669,4. Administrative and secretarial occupations,12,2,10
S01007669,5. Skilled trades occupations,39,33,6
S01007669,6. Caring leisure and other service occupations,37,3,34
S01007669,7. Sales and customer service occupations,19,4,15
S01007669,8. Process plant and machine operatives,71,47,24
S01007669,9. Elementary occupations,44,21,23
S01007670,All people aged 16 to 74 in employment,302,154,148
S01007670,1. Managers directors and senior officials,14,8,6
S01007670,2. Professional occupations,23,11,12
S01007670,3. Associate professional and technical occupations,12,9,3
S01007670,4. Administrative and secretarial occupations,25,4,21
S01007670,5. Skilled trades occupations,47,39,8
S01007670,6. Caring leisure and other service occupations,37,2,35
S01007670,7. Sales and customer service occupations,31,10,21
S01007670,8. Process plant and machine operatives,54,39,15
S01007670,9. Elementary occupations,59,32,27
S01007671,All people aged 16 to 74 in employment,390,208,182
S01007671,1. Managers directors and senior officials,49,32,17
S01007671,2. Professional occupations,70,29,41
S01007671,3. Associate professional and technical occupations,40,16,24
S01007671,4. Administrative and secretarial occupations,33,6,27
S01007671,5. Skilled trades occupations,76,62,14
S01007671,6. Caring leisure and other service occupations,23,2,21
S01007671,7. Sales and customer service occupations,28,7,21
S01007671,8. Process plant and machine operatives,41,34,7
S01007671,9. Elementary occupations,30,20,10
S01007672,All people aged 16 to 74 in employment,381,195,186
S01007672,1. Managers directors and senior officials,29,17,12
S01007672,2. Professional occupations,70,32,38
S01007672,3. Associate professional and technical occupations,59,35,24
S01007672,4. Administrative and secretarial occupations,41,7,34
S01007672,5. Skilled trades occupations,50,44,6
S01007672,6. Caring leisure and other service occupations,39,5,34
S01007672,7. Sales and customer service occupations,27,6,21
S01007672,8. Process plant and machine operatives,31,29,2
S01007672,9. Elementary occupations,35,20,15
S01007673,All people aged 16 to 74 in employment,395,209,186
S01007673,1. Managers directors and senior officials,25,16,9
S01007673,2. Professional occupations,37,13,24
S01007673,3. Associate professional and technical occupations,42,24,18
S01007673,4. Administrative and secretarial occupations,53,13,40
S01007673,5. Skilled trades occupations,69,65,4
S01007673,6. Caring leisure and other service occupations,25,1,24
S01007673,7. Sales and customer service occupations,44,11,33
S01007673,8. Process plant and machine operatives,52,42,10
S01007673,9. Elementary occupations,48,24,24
S01007674,All people aged 16 to 74 in employment,358,185,173
S01007674,1. Managers directors and senior officials,13,6,7
S01007674,2. Professional occupations,18,9,9
S01007674,3. Associate professional and technical occupations,16,13,3
S01007674,4. Administrative and secretarial occupations,35,5,30
S01007674,5. Skilled trades occupations,69,61,8
S01007674,6. Caring leisure and other service occupations,40,2,38
S01007674,7. Sales and customer service occupations,41,4,37
S01007674,8. Process plant and machine operatives,69,53,16
S01007674,9. Elementary occupations,57,32,25
S01007675,All people aged 16 to 74 in employment,308,163,145
S01007675,1. Managers directors and senior officials,33,20,13
S01007675,2. Professional occupations,31,11,20
S01007675,3. Associate professional and technical occupations,30,19,11
S01007675,4. Administrative and secretarial occupations,32,3,29
S01007675,5. Skilled trades occupations,52,44,8
S01007675,6. Caring leisure and other service occupations,19,0,19
S01007675,7. Sales and customer service occupations,39,9,30
S01007675,8. Process plant and machine operatives,42,34,8
S01007675,9. Elementary occupations,30,23,7
S01007676,All people aged 16 to 74 in employment,384,204,180
S01007676,1. Managers directors and senior officials,42,24,18
S01007676,2. Professional occupations,38,15,23
S01007676,3. Associate professional and technical occupations,32,16,16
S01007676,4. Administrative and secretarial occupations,36,1,35
S01007676,5. Skilled trades occupations,95,84,11
S01007676,6. Caring leisure and other service occupations,22,1,21
S01007676,7. Sales and customer service occupations,39,7,32
S01007676,8. Process plant and machine operatives,37,32,5
S01007676,9. Elementary occupations,43,24,19
S01007677,All people aged 16 to 74 in employment,251,128,123
S01007677,1. Managers directors and senior officials,25,10,15
S01007677,2. Professional occupations,23,11,12
S01007677,3. Associate professional and technical occupations,17,7,10
S01007677,4. Administrative and secretarial occupations,27,5,22
S01007677,5. Skilled trades occupations,44,39,5
S01007677,6. Caring leisure and other service occupations,27,2,25
S01007677,7. Sales and customer service occupations,30,7,23
S01007677,8. Process plant and machine operatives,36,34,2
S01007677,9. Elementary occupations,22,13,9
S01007678,All people aged 16 to 74 in employment,345,175,170
S01007678,1. Managers directors and senior officials,22,14,8
S01007678,2. Professional occupations,13,3,10
S01007678,3. Associate professional and technical occupations,18,10,8
S01007678,4. Administrative and secretarial occupations,33,5,28
S01007678,5. Skilled trades occupations,55,48,7
S01007678,6. Caring leisure and other service occupations,33,2,31
S01007678,7. Sales and customer service occupations,56,11,45
S01007678,8. Process plant and machine operatives,50,43,7
S01007678,9. Elementary occupations,65,39,26
S01007679,All people aged 16 to 74 in employment,313,157,156
S01007679,1. Managers directors and senior officials,14,7,7
S01007679,2. Professional occupations,18,7,11
S01007679,3. Associate professional and technical occupations,22,13,9
S01007679,4. Administrative and secretarial occupations,22,3,19
S01007679,5. Skilled trades occupations,38,33,5
S01007679,6. Caring leisure and other service occupations,32,4,28
S01007679,7. Sales and customer service occupations,46,12,34
S01007679,8. Process plant and machine operatives,65,50,15
S01007679,9. Elementary occupations,56,28,28
S01007680,All people aged 16 to 74 in employment,501,254,247
S01007680,1. Managers directors and senior officials,45,26,19
S01007680,2. Professional occupations,45,12,33
S01007680,3. Associate professional and technical occupations,42,23,19
S01007680,4. Administrative and secretarial occupations,53,8,45
S01007680,5. Skilled trades occupations,78,69,9
S01007680,6. Caring leisure and other service occupations,29,6,23
S01007680,7. Sales and customer service occupations,74,12,62
S01007680,8. Process plant and machine operatives,72,65,7
S01007680,9. Elementary occupations,63,33,30
S01007681,All people aged 16 to 74 in employment,218,117,101
S01007681,1. Managers directors and senior officials,22,10,12
S01007681,2. Professional occupations,10,4,6
S01007681,3. Associate professional and technical occupations,12,7,5
S01007681,4. Administrative and secretarial occupations,25,6,19
S01007681,5. Skilled trades occupations,40,36,4
S01007681,6. Caring leisure and other service occupations,17,2,15
S01007681,7. Sales and customer service occupations,22,4,18
S01007681,8. Process plant and machine operatives,31,26,5
S01007681,9. Elementary occupations,39,22,17
S01007682,All people aged 16 to 74 in employment,451,234,217
S01007682,1. Managers directors and senior officials,49,32,17
S01007682,2. Professional occupations,167,73,94
S01007682,3. Associate professional and technical occupations,61,40,21
S01007682,4. Administrative and secretarial occupations,42,11,31
S01007682,5. Skilled trades occupations,40,34,6
S01007682,6. Caring leisure and other service occupations,21,4,17
S01007682,7. Sales and customer service occupations,27,8,19
S01007682,8. Process plant and machine operatives,17,16,1
S01007682,9. Elementary occupations,27,16,11
S01007683,All people aged 16 to 74 in employment,329,162,167
S01007683,1. Managers directors and senior officials,20,6,14
S01007683,2. Professional occupations,143,74,69
S01007683,3. Associate professional and technical occupations,44,29,15
S01007683,4. Administrative and secretarial occupations,37,4,33
S01007683,5. Skilled trades occupations,17,16,1
S01007683,6. Caring leisure and other service occupations,18,2,16
S01007683,7. Sales and customer service occupations,17,7,10
S01007683,8. Process plant and machine operatives,8,8,0
S01007683,9. Elementary occupations,25,16,9
S01007684,All people aged 16 to 74 in employment,352,171,181
S01007684,1. Managers directors and senior officials,39,24,15
S01007684,2. Professional occupations,129,64,65
S01007684,3. Associate professional and technical occupations,59,32,27
S01007684,4. Administrative and secretarial occupations,30,11,19
S01007684,5. Skilled trades occupations,16,13,3
S01007684,6. Caring leisure and other service occupations,21,2,19
S01007684,7. Sales and customer service occupations,28,9,19
S01007684,8. Process plant and machine operatives,8,7,1
S01007684,9. Elementary occupations,22,9,13
S01007685,All people aged 16 to 74 in employment,370,172,198
S01007685,1. Managers directors and senior officials,34,25,9
S01007685,2. Professional occupations,162,80,82
S01007685,3. Associate professional and technical occupations,41,20,21
S01007685,4. Administrative and secretarial occupations,34,8,26
S01007685,5. Skilled trades occupations,19,14,5
S01007685,6. Caring leisure and other service occupations,24,4,20
S01007685,7. Sales and customer service occupations,23,4,19
S01007685,8. Process plant and machine operatives,8,7,1
S01007685,9. Elementary occupations,25,10,15
S01007686,All people aged 16 to 74 in employment,331,165,166
S01007686,1. Managers directors and senior officials,26,14,12
S01007686,2. Professional occupations,131,60,71
S01007686,3. Associate professional and technical occupations,44,25,19
S01007686,4. Administrative and secretarial occupations,38,11,27
S01007686,5. Skilled trades occupations,21,19,2
S01007686,6. Caring leisure and other service occupations,16,6,10
S01007686,7. Sales and customer service occupations,25,9,16
S01007686,8. Process plant and machine operatives,4,4,0
S01007686,9. Elementary occupations,26,17,9
S01007687,All people aged 16 to 74 in employment,426,216,210
S01007687,1. Managers directors and senior officials,27,15,12
S01007687,2. Professional occupations,146,62,84
S01007687,3. Associate professional and technical occupations,76,49,27
S01007687,4. Administrative and secretarial occupations,41,14,27
S01007687,5. Skilled trades occupations,27,26,1
S01007687,6. Caring leisure and other service occupations,16,5,11
S01007687,7. Sales and customer service occupations,42,17,25
S01007687,8. Process plant and machine operatives,11,10,1
S01007687,9. Elementary occupations,40,18,22
S01007688,All people aged 16 to 74 in employment,498,271,227
S01007688,1. Managers directors and senior officials,27,14,13
S01007688,2. Professional occupations,144,83,61
S01007688,3. Associate professional and technical occupations,66,39,27
S01007688,4. Administrative and secretarial occupations,57,22,35
S01007688,5. Skilled trades occupations,27,22,5
S01007688,6. Caring leisure and other service occupations,38,11,27
S01007688,7. Sales and customer service occupations,67,33,34
S01007688,8. Process plant and machine operatives,10,10,0
S01007688,9. Elementary occupations,62,37,25
S01007689,All people aged 16 to 74 in employment,292,136,156
S01007689,1. Managers directors and senior officials,12,9,3
S01007689,2. Professional occupations,97,40,57
S01007689,3. Associate professional and technical occupations,50,26,24
S01007689,4. Administrative and secretarial occupations,14,4,10
S01007689,5. Skilled trades occupations,10,8,2
S01007689,6. Caring leisure and other service occupations,13,5,8
S01007689,7. Sales and customer service occupations,38,15,23
S01007689,8. Process plant and machine operatives,12,10,2
S01007689,9. Elementary occupations,46,19,27
S01007690,All people aged 16 to 74 in employment,362,164,198
S01007690,1. Managers directors and senior officials,15,8,7
S01007690,2. Professional occupations,89,47,42
S01007690,3. Associate professional and technical occupations,52,27,25
S01007690,4. Administrative and secretarial occupations,28,7,21
S01007690,5. Skilled trades occupations,19,15,4
S01007690,6. Caring leisure and other service occupations,26,6,20
S01007690,7. Sales and customer service occupations,60,27,33
S01007690,8. Process plant and machine operatives,8,8,0
S01007690,9. Elementary occupations,65,19,46
S01007691,All people aged 16 to 74 in employment,740,331,409
S01007691,1. Managers directors and senior officials,34,18,16
S01007691,2. Professional occupations,118,55,63
S01007691,3. Associate professional and technical occupations,71,37,34
S01007691,4. Administrative and secretarial occupations,57,22,35
S01007691,5. Skilled trades occupations,32,26,6
S01007691,6. Caring leisure and other service occupations,72,26,46
S01007691,7. Sales and customer service occupations,188,72,116
S01007691,8. Process plant and machine operatives,12,10,2
S01007691,9. Elementary occupations,156,65,91
S01007692,All people aged 16 to 74 in employment,377,173,204
S01007692,1. Managers directors and senior officials,18,8,10
S01007692,2. Professional occupations,98,39,59
S01007692,3. Associate professional and technical occupations,54,33,21
S01007692,4. Administrative and secretarial occupations,28,6,22
S01007692,5. Skilled trades occupations,21,18,3
S01007692,6. Caring leisure and other service occupations,24,9,15
S01007692,7. Sales and customer service occupations,59,25,34
S01007692,8. Process plant and machine operatives,19,13,6
S01007692,9. Elementary occupations,56,22,34
S01007693,All people aged 16 to 74 in employment,293,131,162
S01007693,1. Managers directors and senior officials,6,3,3
S01007693,2. Professional occupations,53,28,25
S01007693,3. Associate professional and technical occupations,22,15,7
S01007693,4. Administrative and secretarial occupations,21,6,15
S01007693,5. Skilled trades occupations,16,14,2
S01007693,6. Caring leisure and other service occupations,22,6,16
S01007693,7. Sales and customer service occupations,60,18,42
S01007693,8. Process plant and machine operatives,9,6,3
S01007693,9. Elementary occupations,84,35,49
S01007694,All people aged 16 to 74 in employment,433,196,237
S01007694,1. Managers directors and senior officials,19,13,6
S01007694,2. Professional occupations,70,26,44
S01007694,3. Associate professional and technical occupations,39,25,14
S01007694,4. Administrative and secretarial occupations,39,9,30
S01007694,5. Skilled trades occupations,27,23,4
S01007694,6. Caring leisure and other service occupations,53,14,39
S01007694,7. Sales and customer service occupations,78,27,51
S01007694,8. Process plant and machine operatives,22,19,3
S01007694,9. Elementary occupations,86,40,46
S01007695,All people aged 16 to 74 in employment,404,203,201
S01007695,1. Managers directors and senior officials,20,14,6
S01007695,2. Professional occupations,123,70,53
S01007695,3. Associate professional and technical occupations,53,29,24
S01007695,4. Administrative and secretarial occupations,39,13,26
S01007695,5. Skilled trades occupations,27,22,5
S01007695,6. Caring leisure and other service occupations,42,7,35
S01007695,7. Sales and customer service occupations,38,7,31
S01007695,8. Process plant and machine operatives,14,14,0
S01007695,9. Elementary occupations,48,27,21
S01007696,All people aged 16 to 74 in employment,271,140,131
S01007696,1. Managers directors and senior officials,17,11,6
S01007696,2. Professional occupations,49,23,26
S01007696,3. Associate professional and technical occupations,26,14,12
S01007696,4. Administrative and secretarial occupations,27,12,15
S01007696,5. Skilled trades occupations,18,17,1
S01007696,6. Caring leisure and other service occupations,22,7,15
S01007696,7. Sales and customer service occupations,57,24,33
S01007696,8. Process plant and machine operatives,15,12,3
S01007696,9. Elementary occupations,40,20,20
S01007697,All people aged 16 to 74 in employment,421,215,206
S01007697,1. Managers directors and senior officials,31,24,7
S01007697,2. Professional occupations,118,56,62
S01007697,3. Associate professional and technical occupations,60,32,28
S01007697,4. Administrative and secretarial occupations,43,12,31
S01007697,5. Skilled trades occupations,35,30,5
S01007697,6. Caring leisure and other service occupations,24,6,18
S01007697,7. Sales and customer service occupations,44,16,28
S01007697,8. Process plant and machine operatives,14,14,0
S01007697,9. Elementary occupations,52,25,27
S01007698,All people aged 16 to 74 in employment,529,254,275
S01007698,1. Managers directors and senior officials,25,16,9
S01007698,2. Professional occupations,93,42,51
S01007698,3. Associate professional and technical occupations,66,36,30
S01007698,4. Administrative and secretarial occupations,59,14,45
S01007698,5. Skilled trades occupations,36,29,7
S01007698,6. Caring leisure and other service occupations,49,11,38
S01007698,7. Sales and customer service occupations,89,39,50
S01007698,8. Process plant and machine operatives,33,30,3
S01007698,9. Elementary occupations,79,37,42
S01007699,All people aged 16 to 74 in employment,372,185,187
S01007699,1. Managers directors and senior officials,14,5,9
S01007699,2. Professional occupations,73,35,38
S01007699,3. Associate professional and technical occupations,43,20,23
S01007699,4. Administrative and secretarial occupations,31,15,16
S01007699,5. Skilled trades occupations,30,29,1
S01007699,6. Caring leisure and other service occupations,29,4,25
S01007699,7. Sales and customer service occupations,60,26,34
S01007699,8. Process plant and machine operatives,23,22,1
S01007699,9. Elementary occupations,69,29,40
S01007700,All people aged 16 to 74 in employment,513,273,240
S01007700,1. Managers directors and senior officials,48,35,13
S01007700,2. Professional occupations,194,88,106
S01007700,3. Associate professional and technical occupations,76,46,30
S01007700,4. Administrative and secretarial occupations,45,11,34
S01007700,5. Skilled trades occupations,32,31,1
S01007700,6. Caring leisure and other service occupations,30,8,22
S01007700,7. Sales and customer service occupations,34,20,14
S01007700,8. Process plant and machine operatives,14,13,1
S01007700,9. Elementary occupations,40,21,19
S01007701,All people aged 16 to 74 in employment,194,98,96
S01007701,1. Managers directors and senior officials,9,5,4
S01007701,2. Professional occupations,31,13,18
S01007701,3. Associate professional and technical occupations,18,11,7
S01007701,4. Administrative and secretarial occupations,20,6,14
S01007701,5. Skilled trades occupations,11,8,3
S01007701,6. Caring leisure and other service occupations,11,4,7
S01007701,7. Sales and customer service occupations,37,14,23
S01007701,8. Process plant and machine operatives,9,9,0
S01007701,9. Elementary occupations,48,28,20
S01007702,All people aged 16 to 74 in employment,360,175,185
S01007702,1. Managers directors and senior officials,13,7,6
S01007702,2. Professional occupations,81,41,40
S01007702,3. Associate professional and technical occupations,50,32,18
S01007702,4. Administrative and secretarial occupations,29,12,17
S01007702,5. Skilled trades occupations,14,12,2
S01007702,6. Caring leisure and other service occupations,22,6,16
S01007702,7. Sales and customer service occupations,79,34,45
S01007702,8. Process plant and machine operatives,9,8,1
S01007702,9. Elementary occupations,63,23,40
S01007703,All people aged 16 to 74 in employment,368,192,176
S01007703,1. Managers directors and senior officials,22,12,10
S01007703,2. Professional occupations,80,42,38
S01007703,3. Associate professional and technical occupations,52,33,19
S01007703,4. Administrative and secretarial occupations,45,14,31
S01007703,5. Skilled trades occupations,31,27,4
S01007703,6. Caring leisure and other service occupations,39,7,32
S01007703,7. Sales and customer service occupations,42,18,24
S01007703,8. Process plant and machine operatives,11,10,1
S01007703,9. Elementary occupations,46,29,17
S01007704,All people aged 16 to 74 in employment,307,158,149
S01007704,1. Managers directors and senior officials,12,7,5
S01007704,2. Professional occupations,34,16,18
S01007704,3. Associate professional and technical occupations,28,19,9
S01007704,4. Administrative and secretarial occupations,25,10,15
S01007704,5. Skilled trades occupations,21,20,1
S01007704,6. Caring leisure and other service occupations,30,10,20
S01007704,7. Sales and customer service occupations,63,16,47
S01007704,8. Process plant and machine operatives,26,21,5
S01007704,9. Elementary occupations,68,39,29
S01007705,All people aged 16 to 74 in employment,292,165,127
S01007705,1. Managers directors and senior officials,9,7,2
S01007705,2. Professional occupations,31,17,14
S01007705,3. Associate professional and technical occupations,29,19,10
S01007705,4. Administrative and secretarial occupations,15,10,5
S01007705,5. Skilled trades occupations,18,13,5
S01007705,6. Caring leisure and other service occupations,21,11,10
S01007705,7. Sales and customer service occupations,73,36,37
S01007705,8. Process plant and machine operatives,9,7,2
S01007705,9. Elementary occupations,87,45,42
S01007706,All people aged 16 to 74 in employment,328,151,177
S01007706,1. Managers directors and senior officials,11,5,6
S01007706,2. Professional occupations,32,16,16
S01007706,3. Associate professional and technical occupations,35,22,13
S01007706,4. Administrative and secretarial occupations,30,12,18
S01007706,5. Skilled trades occupations,18,17,1
S01007706,6. Caring leisure and other service occupations,23,8,15
S01007706,7. Sales and customer service occupations,97,35,62
S01007706,8. Process plant and machine operatives,8,7,1
S01007706,9. Elementary occupations,74,29,45
S01007707,All people aged 16 to 74 in employment,470,265,205
S01007707,1. Managers directors and senior officials,39,26,13
S01007707,2. Professional occupations,184,96,88
S01007707,3. Associate professional and technical occupations,67,39,28
S01007707,4. Administrative and secretarial occupations,29,6,23
S01007707,5. Skilled trades occupations,30,29,1
S01007707,6. Caring leisure and other service occupations,26,6,20
S01007707,7. Sales and customer service occupations,40,26,14
S01007707,8. Process plant and machine operatives,17,15,2
S01007707,9. Elementary occupations,38,22,16
S01007708,All people aged 16 to 74 in employment,320,167,153
S01007708,1. Managers directors and senior officials,14,8,6
S01007708,2. Professional occupations,48,31,17
S01007708,3. Associate professional and technical occupations,33,19,14
S01007708,4. Administrative and secretarial occupations,43,12,31
S01007708,5. Skilled trades occupations,30,26,4
S01007708,6. Caring leisure and other service occupations,33,11,22
S01007708,7. Sales and customer service occupations,48,18,30
S01007708,8. Process plant and machine operatives,26,24,2
S01007708,9. Elementary occupations,45,18,27
S01007709,All people aged 16 to 74 in employment,238,123,115
S01007709,1. Managers directors and senior officials,12,9,3
S01007709,2. Professional occupations,42,25,17
S01007709,3. Associate professional and technical occupations,23,18,5
S01007709,4. Administrative and secretarial occupations,24,8,16
S01007709,5. Skilled trades occupations,23,19,4
S01007709,6. Caring leisure and other service occupations,29,6,23
S01007709,7. Sales and customer service occupations,34,13,21
S01007709,8. Process plant and machine operatives,18,11,7
S01007709,9. Elementary occupations,33,14,19
S01007710,All people aged 16 to 74 in employment,385,213,172
S01007710,1. Managers directors and senior officials,20,11,9
S01007710,2. Professional occupations,59,40,19
S01007710,3. Associate professional and technical occupations,43,28,15
S01007710,4. Administrative and secretarial occupations,37,8,29
S01007710,5. Skilled trades occupations,31,25,6
S01007710,6. Caring leisure and other service occupations,36,10,26
S01007710,7. Sales and customer service occupations,70,33,37
S01007710,8. Process plant and machine operatives,19,18,1
S01007710,9. Elementary occupations,70,40,30
S01007711,All people aged 16 to 74 in employment,451,208,243
S01007711,1. Managers directors and senior officials,19,12,7
S01007711,2. Professional occupations,36,17,19
S01007711,3. Associate professional and technical occupations,41,20,21
S01007711,4. Administrative and secretarial occupations,43,16,27
S01007711,5. Skilled trades occupations,27,22,5
S01007711,6. Caring leisure and other service occupations,50,10,40
S01007711,7. Sales and customer service occupations,96,36,60
S01007711,8. Process plant and machine operatives,27,25,2
S01007711,9. Elementary occupations,112,50,62
S01007712,All people aged 16 to 74 in employment,319,166,153
S01007712,1. Managers directors and senior officials,13,10,3
S01007712,2. Professional occupations,77,48,29
S01007712,3. Associate professional and technical occupations,47,22,25
S01007712,4. Administrative and secretarial occupations,28,10,18
S01007712,5. Skilled trades occupations,28,22,6
S01007712,6. Caring leisure and other service occupations,22,2,20
S01007712,7. Sales and customer service occupations,51,21,30
S01007712,8. Process plant and machine operatives,15,14,1
S01007712,9. Elementary occupations,38,17,21
S01007713,All people aged 16 to 74 in employment,213,112,101
S01007713,1. Managers directors and senior officials,21,13,8
S01007713,2. Professional occupations,30,15,15
S01007713,3. Associate professional and technical occupations,15,9,6
S01007713,4. Administrative and secretarial occupations,25,8,17
S01007713,5. Skilled trades occupations,24,21,3
S01007713,6. Caring leisure and other service occupations,17,4,13
S01007713,7. Sales and customer service occupations,34,15,19
S01007713,8. Process plant and machine operatives,18,16,2
S01007713,9. Elementary occupations,29,11,18
S01007714,All people aged 16 to 74 in employment,342,175,167
S01007714,1. Managers directors and senior officials,21,10,11
S01007714,2. Professional occupations,35,16,19
S01007714,3. Associate professional and technical occupations,38,19,19
S01007714,4. Administrative and secretarial occupations,45,5,40
S01007714,5. Skilled trades occupations,51,47,4
S01007714,6. Caring leisure and other service occupations,20,4,16
S01007714,7. Sales and customer service occupations,52,17,35
S01007714,8. Process plant and machine operatives,20,18,2
S01007714,9. Elementary occupations,60,39,21
S01007715,All people aged 16 to 74 in employment,206,100,106
S01007715,1. Managers directors and senior officials,4,3,1
S01007715,2. Professional occupations,22,8,14
S01007715,3. Associate professional and technical occupations,16,7,9
S01007715,4. Administrative and secretarial occupations,20,6,14
S01007715,5. Skilled trades occupations,20,18,2
S01007715,6. Caring leisure and other service occupations,24,6,18
S01007715,7. Sales and customer service occupations,37,17,20
S01007715,8. Process plant and machine operatives,17,14,3
S01007715,9. Elementary occupations,46,21,25
S01007716,All people aged 16 to 74 in employment,385,214,171
S01007716,1. Managers directors and senior officials,16,5,11
S01007716,2. Professional occupations,49,22,27
S01007716,3. Associate professional and technical occupations,41,27,14
S01007716,4. Administrative and secretarial occupations,30,8,22
S01007716,5. Skilled trades occupations,41,38,3
S01007716,6. Caring leisure and other service occupations,51,15,36
S01007716,7. Sales and customer service occupations,48,28,20
S01007716,8. Process plant and machine operatives,35,27,8
S01007716,9. Elementary occupations,74,44,30
S01007717,All people aged 16 to 74 in employment,383,207,176
S01007717,1. Managers directors and senior officials,15,9,6
S01007717,2. Professional occupations,30,5,25
S01007717,3. Associate professional and technical occupations,29,18,11
S01007717,4. Administrative and secretarial occupations,50,16,34
S01007717,5. Skilled trades occupations,58,53,5
S01007717,6. Caring leisure and other service occupations,38,13,25
S01007717,7. Sales and customer service occupations,53,22,31
S01007717,8. Process plant and machine operatives,43,37,6
S01007717,9. Elementary occupations,67,34,33
S01007718,All people aged 16 to 74 in employment,284,159,125
S01007718,1. Managers directors and senior officials,5,5,0
S01007718,2. Professional occupations,27,12,15
S01007718,3. Associate professional and technical occupations,29,14,15
S01007718,4. Administrative and secretarial occupations,25,6,19
S01007718,5. Skilled trades occupations,41,37,4
S01007718,6. Caring leisure and other service occupations,40,15,25
S01007718,7. Sales and customer service occupations,38,13,25
S01007718,8. Process plant and machine operatives,37,30,7
S01007718,9. Elementary occupations,42,27,15
S01007719,All people aged 16 to 74 in employment,427,208,219
S01007719,1. Managers directors and senior officials,25,10,15
S01007719,2. Professional occupations,57,15,42
S01007719,3. Associate professional and technical occupations,40,23,17
S01007719,4. Administrative and secretarial occupations,51,14,37
S01007719,5. Skilled trades occupations,51,48,3
S01007719,6. Caring leisure and other service occupations,60,13,47
S01007719,7. Sales and customer service occupations,52,22,30
S01007719,8. Process plant and machine operatives,34,30,4
S01007719,9. Elementary occupations,57,33,24
S01007720,All people aged 16 to 74 in employment,263,125,138
S01007720,1. Managers directors and senior officials,7,3,4
S01007720,2. Professional occupations,21,7,14
S01007720,3. Associate professional and technical occupations,38,18,20
S01007720,4. Administrative and secretarial occupations,45,11,34
S01007720,5. Skilled trades occupations,39,38,1
S01007720,6. Caring leisure and other service occupations,33,6,27
S01007720,7. Sales and customer service occupations,24,8,16
S01007720,8. Process plant and machine operatives,19,14,5
S01007720,9. Elementary occupations,37,20,17
S01007721,All people aged 16 to 74 in employment,346,172,174
S01007721,1. Managers directors and senior officials,13,6,7
S01007721,2. Professional occupations,41,14,27
S01007721,3. Associate professional and technical occupations,55,27,28
S01007721,4. Administrative and secretarial occupations,32,2,30
S01007721,5. Skilled trades occupations,39,36,3
S01007721,6. Caring leisure and other service occupations,40,12,28
S01007721,7. Sales and customer service occupations,37,13,24
S01007721,8. Process plant and machine operatives,40,34,6
S01007721,9. Elementary occupations,49,28,21
S01007722,All people aged 16 to 74 in employment,332,166,166
S01007722,1. Managers directors and senior officials,12,5,7
S01007722,2. Professional occupations,34,11,23
S01007722,3. Associate professional and technical occupations,30,17,13
S01007722,4. Administrative and secretarial occupations,44,12,32
S01007722,5. Skilled trades occupations,48,43,5
S01007722,6. Caring leisure and other service occupations,43,7,36
S01007722,7. Sales and customer service occupations,42,17,25
S01007722,8. Process plant and machine operatives,32,28,4
S01007722,9. Elementary occupations,47,26,21
S01007723,All people aged 16 to 74 in employment,344,180,164
S01007723,1. Managers directors and senior officials,15,9,6
S01007723,2. Professional occupations,31,14,17
S01007723,3. Associate professional and technical occupations,29,17,12
S01007723,4. Administrative and secretarial occupations,36,7,29
S01007723,5. Skilled trades occupations,44,43,1
S01007723,6. Caring leisure and other service occupations,45,12,33
S01007723,7. Sales and customer service occupations,40,12,28
S01007723,8. Process plant and machine operatives,30,22,8
S01007723,9. Elementary occupations,74,44,30
S01007724,All people aged 16 to 74 in employment,291,165,126
S01007724,1. Managers directors and senior officials,12,6,6
S01007724,2. Professional occupations,17,8,9
S01007724,3. Associate professional and technical occupations,12,8,4
S01007724,4. Administrative and secretarial occupations,24,7,17
S01007724,5. Skilled trades occupations,33,30,3
S01007724,6. Caring leisure and other service occupations,34,12,22
S01007724,7. Sales and customer service occupations,62,34,28
S01007724,8. Process plant and machine operatives,38,31,7
S01007724,9. Elementary occupations,59,29,30
S01007725,All people aged 16 to 74 in employment,345,175,170
S01007725,1. Managers directors and senior officials,16,10,6
S01007725,2. Professional occupations,26,9,17
S01007725,3. Associate professional and technical occupations,34,17,17
S01007725,4. Administrative and secretarial occupations,38,7,31
S01007725,5. Skilled trades occupations,40,37,3
S01007725,6. Caring leisure and other service occupations,39,8,31
S01007725,7. Sales and customer service occupations,43,18,25
S01007725,8. Process plant and machine operatives,38,32,6
S01007725,9. Elementary occupations,71,37,34
S01007726,All people aged 16 to 74 in employment,352,181,171
S01007726,1. Managers directors and senior officials,22,11,11
S01007726,2. Professional occupations,24,12,12
S01007726,3. Associate professional and technical occupations,36,19,17
S01007726,4. Administrative and secretarial occupations,42,17,25
S01007726,5. Skilled trades occupations,46,40,6
S01007726,6. Caring leisure and other service occupations,42,10,32
S01007726,7. Sales and customer service occupations,57,26,31
S01007726,8. Process plant and machine operatives,21,17,4
S01007726,9. Elementary occupations,62,29,33
S01007727,All people aged 16 to 74 in employment,412,198,214
S01007727,1. Managers directors and senior officials,25,14,11
S01007727,2. Professional occupations,42,23,19
S01007727,3. Associate professional and technical occupations,35,17,18
S01007727,4. Administrative and secretarial occupations,46,9,37
S01007727,5. Skilled trades occupations,32,28,4
S01007727,6. Caring leisure and other service occupations,56,11,45
S01007727,7. Sales and customer service occupations,57,24,33
S01007727,8. Process plant and machine operatives,41,37,4
S01007727,9. Elementary occupations,78,35,43
S01007728,All people aged 16 to 74 in employment,349,181,168
S01007728,1. Managers directors and senior officials,15,4,11
S01007728,2. Professional occupations,46,21,25
S01007728,3. Associate professional and technical occupations,34,15,19
S01007728,4. Administrative and secretarial occupations,39,12,27
S01007728,5. Skilled trades occupations,39,32,7
S01007728,6. Caring leisure and other service occupations,45,13,32
S01007728,7. Sales and customer service occupations,38,14,24
S01007728,8. Process plant and machine operatives,32,27,5
S01007728,9. Elementary occupations,61,43,18
S01007729,All people aged 16 to 74 in employment,391,202,189
S01007729,1. Managers directors and senior officials,20,9,11
S01007729,2. Professional occupations,43,22,21
S01007729,3. Associate professional and technical occupations,41,20,21
S01007729,4. Administrative and secretarial occupations,37,8,29
S01007729,5. Skilled trades occupations,42,33,9
S01007729,6. Caring leisure and other service occupations,38,16,22
S01007729,7. Sales and customer service occupations,59,33,26
S01007729,8. Process plant and machine operatives,36,28,8
S01007729,9. Elementary occupations,75,33,42
S01007730,All people aged 16 to 74 in employment,443,228,215
S01007730,1. Managers directors and senior officials,20,8,12
S01007730,2. Professional occupations,73,37,36
S01007730,3. Associate professional and technical occupations,50,34,16
S01007730,4. Administrative and secretarial occupations,54,16,38
S01007730,5. Skilled trades occupations,39,35,4
S01007730,6. Caring leisure and other service occupations,48,14,34
S01007730,7. Sales and customer service occupations,50,19,31
S01007730,8. Process plant and machine operatives,40,27,13
S01007730,9. Elementary occupations,69,38,31
S01007731,All people aged 16 to 74 in employment,431,214,217
S01007731,1. Managers directors and senior officials,26,14,12
S01007731,2. Professional occupations,78,37,41
S01007731,3. Associate professional and technical occupations,49,23,26
S01007731,4. Administrative and secretarial occupations,45,13,32
S01007731,5. Skilled trades occupations,38,32,6
S01007731,6. Caring leisure and other service occupations,47,19,28
S01007731,7. Sales and customer service occupations,60,24,36
S01007731,8. Process plant and machine operatives,37,27,10
S01007731,9. Elementary occupations,51,25,26
S01007732,All people aged 16 to 74 in employment,340,183,157
S01007732,1. Managers directors and senior officials,22,16,6
S01007732,2. Professional occupations,60,32,28
S01007732,3. Associate professional and technical occupations,46,25,21
S01007732,4. Administrative and secretarial occupations,30,7,23
S01007732,5. Skilled trades occupations,33,29,4
S01007732,6. Caring leisure and other service occupations,30,9,21
S01007732,7. Sales and customer service occupations,52,23,29
S01007732,8. Process plant and machine operatives,18,15,3
S01007732,9. Elementary occupations,49,27,22
S01007733,All people aged 16 to 74 in employment,447,232,215
S01007733,1. Managers directors and senior officials,47,32,15
S01007733,2. Professional occupations,117,54,63
S01007733,3. Associate professional and technical occupations,62,29,33
S01007733,4. Administrative and secretarial occupations,53,12,41
S01007733,5. Skilled trades occupations,39,36,3
S01007733,6. Caring leisure and other service occupations,24,5,19
S01007733,7. Sales and customer service occupations,51,25,26
S01007733,8. Process plant and machine operatives,20,18,2
S01007733,9. Elementary occupations,34,21,13
S01007734,All people aged 16 to 74 in employment,407,219,188
S01007734,1. Managers directors and senior officials,51,30,21
S01007734,2. Professional occupations,84,40,44
S01007734,3. Associate professional and technical occupations,64,39,25
S01007734,4. Administrative and secretarial occupations,48,10,38
S01007734,5. Skilled trades occupations,37,33,4
S01007734,6. Caring leisure and other service occupations,40,9,31
S01007734,7. Sales and customer service occupations,37,17,20
S01007734,8. Process plant and machine operatives,23,22,1
S01007734,9. Elementary occupations,23,19,4
S01007735,All people aged 16 to 74 in employment,423,222,201
S01007735,1. Managers directors and senior officials,37,23,14
S01007735,2. Professional occupations,88,33,55
S01007735,3. Associate professional and technical occupations,47,27,20
S01007735,4. Administrative and secretarial occupations,63,16,47
S01007735,5. Skilled trades occupations,54,50,4
S01007735,6. Caring leisure and other service occupations,27,5,22
S01007735,7. Sales and customer service occupations,55,26,29
S01007735,8. Process plant and machine operatives,28,27,1
S01007735,9. Elementary occupations,24,15,9
S01007736,All people aged 16 to 74 in employment,396,193,203
S01007736,1. Managers directors and senior officials,49,32,17
S01007736,2. Professional occupations,64,25,39
S01007736,3. Associate professional and technical occupations,48,20,28
S01007736,4. Administrative and secretarial occupations,41,9,32
S01007736,5. Skilled trades occupations,44,42,2
S01007736,6. Caring leisure and other service occupations,31,4,27
S01007736,7. Sales and customer service occupations,69,24,45
S01007736,8. Process plant and machine operatives,26,24,2
S01007736,9. Elementary occupations,24,13,11
S01007737,All people aged 16 to 74 in employment,477,241,236
S01007737,1. Managers directors and senior officials,39,27,12
S01007737,2. Professional occupations,83,35,48
S01007737,3. Associate professional and technical occupations,68,42,26
S01007737,4. Administrative and secretarial occupations,69,17,52
S01007737,5. Skilled trades occupations,35,31,4
S01007737,6. Caring leisure and other service occupations,40,10,30
S01007737,7. Sales and customer service occupations,61,20,41
S01007737,8. Process plant and machine operatives,37,35,2
S01007737,9. Elementary occupations,45,24,21
S01007738,All people aged 16 to 74 in employment,305,149,156
S01007738,1. Managers directors and senior officials,23,12,11
S01007738,2. Professional occupations,62,29,33
S01007738,3. Associate professional and technical occupations,29,17,12
S01007738,4. Administrative and secretarial occupations,47,11,36
S01007738,5. Skilled trades occupations,27,26,1
S01007738,6. Caring leisure and other service occupations,33,8,25
S01007738,7. Sales and customer service occupations,29,9,20
S01007738,8. Process plant and machine operatives,15,14,1
S01007738,9. Elementary occupations,40,23,17
S01007739,All people aged 16 to 74 in employment,211,104,107
S01007739,1. Managers directors and senior officials,16,8,8
S01007739,2. Professional occupations,23,8,15
S01007739,3. Associate professional and technical occupations,33,16,17
S01007739,4. Administrative and secretarial occupations,25,4,21
S01007739,5. Skilled trades occupations,35,33,2
S01007739,6. Caring leisure and other service occupations,21,6,15
S01007739,7. Sales and customer service occupations,22,4,18
S01007739,8. Process plant and machine operatives,23,17,6
S01007739,9. Elementary occupations,13,8,5
S01007740,All people aged 16 to 74 in employment,257,132,125
S01007740,1. Managers directors and senior officials,20,12,8
S01007740,2. Professional occupations,38,20,18
S01007740,3. Associate professional and technical occupations,30,23,7
S01007740,4. Administrative and secretarial occupations,46,13,33
S01007740,5. Skilled trades occupations,24,23,1
S01007740,6. Caring leisure and other service occupations,25,4,21
S01007740,7. Sales and customer service occupations,37,13,24
S01007740,8. Process plant and machine operatives,20,17,3
S01007740,9. Elementary occupations,17,7,10
S01007741,All people aged 16 to 74 in employment,271,129,142
S01007741,1. Managers directors and senior officials,23,18,5
S01007741,2. Professional occupations,35,17,18
S01007741,3. Associate professional and technical occupations,27,13,14
S01007741,4. Administrative and secretarial occupations,46,8,38
S01007741,5. Skilled trades occupations,25,21,4
S01007741,6. Caring leisure and other service occupations,31,2,29
S01007741,7. Sales and customer service occupations,30,11,19
S01007741,8. Process plant and machine operatives,19,16,3
S01007741,9. Elementary occupations,35,23,12
S01007742,All people aged 16 to 74 in employment,269,135,134
S01007742,1. Managers directors and senior officials,28,21,7
S01007742,2. Professional occupations,34,12,22
S01007742,3. Associate professional and technical occupations,29,16,13
S01007742,4. Administrative and secretarial occupations,39,9,30
S01007742,5. Skilled trades occupations,31,27,4
S01007742,6. Caring leisure and other service occupations,26,6,20
S01007742,7. Sales and customer service occupations,30,8,22
S01007742,8. Process plant and machine operatives,25,23,2
S01007742,9. Elementary occupations,27,13,14
S01007743,All people aged 16 to 74 in employment,405,208,197
S01007743,1. Managers directors and senior officials,26,15,11
S01007743,2. Professional occupations,43,21,22
S01007743,3. Associate professional and technical occupations,34,23,11
S01007743,4. Administrative and secretarial occupations,55,8,47
S01007743,5. Skilled trades occupations,63,60,3
S01007743,6. Caring leisure and other service occupations,45,6,39
S01007743,7. Sales and customer service occupations,53,18,35
S01007743,8. Process plant and machine operatives,33,31,2
S01007743,9. Elementary occupations,53,26,27
S01007744,All people aged 16 to 74 in employment,264,115,149
S01007744,1. Managers directors and senior officials,8,1,7
S01007744,2. Professional occupations,17,5,12
S01007744,3. Associate professional and technical occupations,26,10,16
S01007744,4. Administrative and secretarial occupations,25,4,21
S01007744,5. Skilled trades occupations,25,24,1
S01007744,6. Caring leisure and other service occupations,40,3,37
S01007744,7. Sales and customer service occupations,29,5,24
S01007744,8. Process plant and machine operatives,43,39,4
S01007744,9. Elementary occupations,51,24,27
S01007745,All people aged 16 to 74 in employment,312,156,156
S01007745,1. Managers directors and senior officials,9,5,4
S01007745,2. Professional occupations,20,5,15
S01007745,3. Associate professional and technical occupations,20,6,14
S01007745,4. Administrative and secretarial occupations,37,13,24
S01007745,5. Skilled trades occupations,39,38,1
S01007745,6. Caring leisure and other service occupations,38,7,31
S01007745,7. Sales and customer service occupations,48,8,40
S01007745,8. Process plant and machine operatives,48,44,4
S01007745,9. Elementary occupations,53,30,23
S01007746,All people aged 16 to 74 in employment,395,193,202
S01007746,1. Managers directors and senior officials,19,10,9
S01007746,2. Professional occupations,17,7,10
S01007746,3. Associate professional and technical occupations,34,16,18
S01007746,4. Administrative and secretarial occupations,31,6,25
S01007746,5. Skilled trades occupations,41,39,2
S01007746,6. Caring leisure and other service occupations,53,8,45
S01007746,7. Sales and customer service occupations,62,18,44
S01007746,8. Process plant and machine operatives,58,50,8
S01007746,9. Elementary occupations,80,39,41
S01007747,All people aged 16 to 74 in employment,208,99,109
S01007747,1. Managers directors and senior officials,6,5,1
S01007747,2. Professional occupations,17,6,11
S01007747,3. Associate professional and technical occupations,16,6,10
S01007747,4. Administrative and secretarial occupations,23,4,19
S01007747,5. Skilled trades occupations,29,25,4
S01007747,6. Caring leisure and other service occupations,22,4,18
S01007747,7. Sales and customer service occupations,32,8,24
S01007747,8. Process plant and machine operatives,28,26,2
S01007747,9. Elementary occupations,35,15,20
S01007748,All people aged 16 to 74 in employment,259,119,140
S01007748,1. Managers directors and senior officials,9,5,4
S01007748,2. Professional occupations,11,4,7
S01007748,3. Associate professional and technical occupations,16,11,5
S01007748,4. Administrative and secretarial occupations,25,5,20
S01007748,5. Skilled trades occupations,32,29,3
S01007748,6. Caring leisure and other service occupations,38,6,32
S01007748,7. Sales and customer service occupations,43,9,34
S01007748,8. Process plant and machine operatives,31,25,6
S01007748,9. Elementary occupations,54,25,29
S01007749,All people aged 16 to 74 in employment,337,167,170
S01007749,1. Managers directors and senior officials,23,16,7
S01007749,2. Professional occupations,54,21,33
S01007749,3. Associate professional and technical occupations,44,27,17
S01007749,4. Administrative and secretarial occupations,50,11,39
S01007749,5. Skilled trades occupations,45,41,4
S01007749,6. Caring leisure and other service occupations,36,4,32
S01007749,7. Sales and customer service occupations,42,15,27
S01007749,8. Process plant and machine operatives,19,18,1
S01007749,9. Elementary occupations,24,14,10
S01007750,All people aged 16 to 74 in employment,348,174,174
S01007750,1. Managers directors and senior officials,34,20,14
S01007750,2. Professional occupations,81,35,46
S01007750,3. Associate professional and technical occupations,50,28,22
S01007750,4. Administrative and secretarial occupations,53,11,42
S01007750,5. Skilled trades occupations,33,32,1
S01007750,6. Caring leisure and other service occupations,21,4,17
S01007750,7. Sales and customer service occupations,34,14,20
S01007750,8. Process plant and machine operatives,11,10,1
S01007750,9. Elementary occupations,31,20,11
S01007751,All people aged 16 to 74 in employment,277,149,128
S01007751,1. Managers directors and senior officials,40,26,14
S01007751,2. Professional occupations,91,46,45
S01007751,3. Associate professional and technical occupations,40,21,19
S01007751,4. Administrative and secretarial occupations,31,6,25
S01007751,5. Skilled trades occupations,22,20,2
S01007751,6. Caring leisure and other service occupations,12,3,9
S01007751,7. Sales and customer service occupations,18,7,11
S01007751,8. Process plant and machine operatives,13,12,1
S01007751,9. Elementary occupations,10,8,2
S01007752,All people aged 16 to 74 in employment,266,134,132
S01007752,1. Managers directors and senior officials,34,26,8
S01007752,2. Professional occupations,95,38,57
S01007752,3. Associate professional and technical occupations,39,24,15
S01007752,4. Administrative and secretarial occupations,25,4,21
S01007752,5. Skilled trades occupations,22,19,3
S01007752,6. Caring leisure and other service occupations,16,2,14
S01007752,7. Sales and customer service occupations,13,3,10
S01007752,8. Process plant and machine operatives,7,6,1
S01007752,9. Elementary occupations,15,12,3
S01007753,All people aged 16 to 74 in employment,224,110,114
S01007753,1. Managers directors and senior officials,9,4,5
S01007753,2. Professional occupations,6,0,6
S01007753,3. Associate professional and technical occupations,20,10,10
S01007753,4. Administrative and secretarial occupations,23,3,20
S01007753,5. Skilled trades occupations,24,23,1
S01007753,6. Caring leisure and other service occupations,24,9,15
S01007753,7. Sales and customer service occupations,33,9,24
S01007753,8. Process plant and machine operatives,32,28,4
S01007753,9. Elementary occupations,53,24,29
S01007754,All people aged 16 to 74 in employment,305,145,160
S01007754,1. Managers directors and senior officials,8,6,2
S01007754,2. Professional occupations,21,7,14
S01007754,3. Associate professional and technical occupations,21,9,12
S01007754,4. Administrative and secretarial occupations,33,7,26
S01007754,5. Skilled trades occupations,40,33,7
S01007754,6. Caring leisure and other service occupations,37,6,31
S01007754,7. Sales and customer service occupations,55,17,38
S01007754,8. Process plant and machine operatives,36,32,4
S01007754,9. Elementary occupations,54,28,26
S01007755,All people aged 16 to 74 in employment,286,140,146
S01007755,1. Managers directors and senior officials,14,7,7
S01007755,2. Professional occupations,14,6,8
S01007755,3. Associate professional and technical occupations,24,11,13
S01007755,4. Administrative and secretarial occupations,34,4,30
S01007755,5. Skilled trades occupations,32,29,3
S01007755,6. Caring leisure and other service occupations,32,7,25
S01007755,7. Sales and customer service occupations,41,15,26
S01007755,8. Process plant and machine operatives,40,36,4
S01007755,9. Elementary occupations,55,25,30
S01007756,All people aged 16 to 74 in employment,227,101,126
S01007756,1. Managers directors and senior officials,4,3,1
S01007756,2. Professional occupations,16,7,9
S01007756,3. Associate professional and technical occupations,18,7,11
S01007756,4. Administrative and secretarial occupations,25,4,21
S01007756,5. Skilled trades occupations,27,23,4
S01007756,6. Caring leisure and other service occupations,35,7,28
S01007756,7. Sales and customer service occupations,34,8,26
S01007756,8. Process plant and machine operatives,35,31,4
S01007756,9. Elementary occupations,33,11,22
S01007757,All people aged 16 to 74 in employment,347,175,172
S01007757,1. Managers directors and senior officials,38,21,17
S01007757,2. Professional occupations,81,31,50
S01007757,3. Associate professional and technical occupations,47,28,19
S01007757,4. Administrative and secretarial occupations,45,9,36
S01007757,5. Skilled trades occupations,33,31,2
S01007757,6. Caring leisure and other service occupations,35,7,28
S01007757,7. Sales and customer service occupations,26,12,14
S01007757,8. Process plant and machine operatives,21,20,1
S01007757,9. Elementary occupations,21,16,5
S01007758,All people aged 16 to 74 in employment,358,181,177
S01007758,1. Managers directors and senior officials,60,39,21
S01007758,2. Professional occupations,114,52,62
S01007758,3. Associate professional and technical occupations,49,24,25
S01007758,4. Administrative and secretarial occupations,28,4,24
S01007758,5. Skilled trades occupations,31,28,3
S01007758,6. Caring leisure and other service occupations,29,6,23
S01007758,7. Sales and customer service occupations,19,7,12
S01007758,8. Process plant and machine operatives,13,12,1
S01007758,9. Elementary occupations,15,9,6
S01007759,All people aged 16 to 74 in employment,451,212,239
S01007759,1. Managers directors and senior officials,30,19,11
S01007759,2. Professional occupations,97,38,59
S01007759,3. Associate professional and technical occupations,56,28,28
S01007759,4. Administrative and secretarial occupations,51,10,41
S01007759,5. Skilled trades occupations,45,42,3
S01007759,6. Caring leisure and other service occupations,61,13,48
S01007759,7. Sales and customer service occupations,49,17,32
S01007759,8. Process plant and machine operatives,28,25,3
S01007759,9. Elementary occupations,34,20,14
S01007760,All people aged 16 to 74 in employment,249,126,123
S01007760,1. Managers directors and senior officials,39,27,12
S01007760,2. Professional occupations,86,36,50
S01007760,3. Associate professional and technical occupations,39,22,17
S01007760,4. Administrative and secretarial occupations,27,5,22
S01007760,5. Skilled trades occupations,13,12,1
S01007760,6. Caring leisure and other service occupations,12,8,4
S01007760,7. Sales and customer service occupations,15,2,13
S01007760,8. Process plant and machine operatives,9,8,1
S01007760,9. Elementary occupations,9,6,3
S01007761,All people aged 16 to 74 in employment,443,234,209
S01007761,1. Managers directors and senior officials,45,29,16
S01007761,2. Professional occupations,147,69,78
S01007761,3. Associate professional and technical occupations,70,41,29
S01007761,4. Administrative and secretarial occupations,42,10,32
S01007761,5. Skilled trades occupations,34,29,5
S01007761,6. Caring leisure and other service occupations,22,7,15
S01007761,7. Sales and customer service occupations,35,12,23
S01007761,8. Process plant and machine operatives,19,18,1
S01007761,9. Elementary occupations,29,19,10
S01007762,All people aged 16 to 74 in employment,369,174,195
S01007762,1. Managers directors and senior officials,43,23,20
S01007762,2. Professional occupations,95,43,52
S01007762,3. Associate professional and technical occupations,56,31,25
S01007762,4. Administrative and secretarial occupations,44,14,30
S01007762,5. Skilled trades occupations,32,24,8
S01007762,6. Caring leisure and other service occupations,28,5,23
S01007762,7. Sales and customer service occupations,31,8,23
S01007762,8. Process plant and machine operatives,13,12,1
S01007762,9. Elementary occupations,27,14,13
S01007763,All people aged 16 to 74 in employment,178,99,79
S01007763,1. Managers directors and senior officials,14,8,6
S01007763,2. Professional occupations,25,11,14
S01007763,3. Associate professional and technical occupations,25,13,12
S01007763,4. Administrative and secretarial occupations,24,9,15
S01007763,5. Skilled trades occupations,20,20,0
S01007763,6. Caring leisure and other service occupations,14,1,13
S01007763,7. Sales and customer service occupations,16,4,12
S01007763,8. Process plant and machine operatives,20,20,0
S01007763,9. Elementary occupations,20,13,7
S01007764,All people aged 16 to 74 in employment,412,202,210
S01007764,1. Managers directors and senior officials,41,27,14
S01007764,2. Professional occupations,88,35,53
S01007764,3. Associate professional and technical occupations,56,37,19
S01007764,4. Administrative and secretarial occupations,55,6,49
S01007764,5. Skilled trades occupations,43,39,4
S01007764,6. Caring leisure and other service occupations,30,4,26
S01007764,7. Sales and customer service occupations,51,15,36
S01007764,8. Process plant and machine operatives,22,22,0
S01007764,9. Elementary occupations,26,17,9
S01007765,All people aged 16 to 74 in employment,294,152,142
S01007765,1. Managers directors and senior officials,18,9,9
S01007765,2. Professional occupations,64,28,36
S01007765,3. Associate professional and technical occupations,53,32,21
S01007765,4. Administrative and secretarial occupations,48,13,35
S01007765,5. Skilled trades occupations,37,35,2
S01007765,6. Caring leisure and other service occupations,15,4,11
S01007765,7. Sales and customer service occupations,28,10,18
S01007765,8. Process plant and machine operatives,16,15,1
S01007765,9. Elementary occupations,15,6,9
S01007766,All people aged 16 to 74 in employment,410,210,200
S01007766,1. Managers directors and senior officials,33,19,14
S01007766,2. Professional occupations,100,46,54
S01007766,3. Associate professional and technical occupations,59,34,25
S01007766,4. Administrative and secretarial occupations,57,9,48
S01007766,5. Skilled trades occupations,44,43,1
S01007766,6. Caring leisure and other service occupations,27,5,22
S01007766,7. Sales and customer service occupations,42,15,27
S01007766,8. Process plant and machine operatives,19,18,1
S01007766,9. Elementary occupations,29,21,8
S01007767,All people aged 16 to 74 in employment,432,214,218
S01007767,1. Managers directors and senior officials,40,26,14
S01007767,2. Professional occupations,91,42,49
S01007767,3. Associate professional and technical occupations,61,33,28
S01007767,4. Administrative and secretarial occupations,59,6,53
S01007767,5. Skilled trades occupations,37,35,2
S01007767,6. Caring leisure and other service occupations,35,3,32
S01007767,7. Sales and customer service occupations,39,14,25
S01007767,8. Process plant and machine operatives,38,36,2
S01007767,9. Elementary occupations,32,19,13
S01007768,All people aged 16 to 74 in employment,292,148,144
S01007768,1. Managers directors and senior officials,32,19,13
S01007768,2. Professional occupations,94,39,55
S01007768,3. Associate professional and technical occupations,56,30,26
S01007768,4. Administrative and secretarial occupations,27,8,19
S01007768,5. Skilled trades occupations,22,21,1
S01007768,6. Caring leisure and other service occupations,19,4,15
S01007768,7. Sales and customer service occupations,23,13,10
S01007768,8. Process plant and machine operatives,6,6,0
S01007768,9. Elementary occupations,13,8,5
S01007769,All people aged 16 to 74 in employment,315,159,156
S01007769,1. Managers directors and senior officials,43,33,10
S01007769,2. Professional occupations,82,32,50
S01007769,3. Associate professional and technical occupations,53,34,19
S01007769,4. Administrative and secretarial occupations,39,11,28
S01007769,5. Skilled trades occupations,17,15,2
S01007769,6. Caring leisure and other service occupations,19,5,14
S01007769,7. Sales and customer service occupations,27,6,21
S01007769,8. Process plant and machine operatives,15,13,2
S01007769,9. Elementary occupations,20,10,10
S01007770,All people aged 16 to 74 in employment,341,166,175
S01007770,1. Managers directors and senior officials,48,27,21
S01007770,2. Professional occupations,114,55,59
S01007770,3. Associate professional and technical occupations,42,23,19
S01007770,4. Administrative and secretarial occupations,35,5,30
S01007770,5. Skilled trades occupations,21,21,0
S01007770,6. Caring leisure and other service occupations,22,2,20
S01007770,7. Sales and customer service occupations,27,8,19
S01007770,8. Process plant and machine operatives,16,16,0
S01007770,9. Elementary occupations,16,9,7
S01007771,All people aged 16 to 74 in employment,208,101,107
S01007771,1. Managers directors and senior officials,26,18,8
S01007771,2. Professional occupations,63,27,36
S01007771,3. Associate professional and technical occupations,29,17,12
S01007771,4. Administrative and secretarial occupations,26,1,25
S01007771,5. Skilled trades occupations,19,18,1
S01007771,6. Caring leisure and other service occupations,15,2,13
S01007771,7. Sales and customer service occupations,13,7,6
S01007771,8. Process plant and machine operatives,5,4,1
S01007771,9. Elementary occupations,12,7,5
S01007772,All people aged 16 to 74 in employment,412,204,208
S01007772,1. Managers directors and senior officials,21,9,12
S01007772,2. Professional occupations,55,26,29
S01007772,3. Associate professional and technical occupations,35,20,15
S01007772,4. Administrative and secretarial occupations,66,12,54
S01007772,5. Skilled trades occupations,58,53,5
S01007772,6. Caring leisure and other service occupations,51,11,40
S01007772,7. Sales and customer service occupations,40,14,26
S01007772,8. Process plant and machine operatives,32,29,3
S01007772,9. Elementary occupations,54,30,24
S01007773,All people aged 16 to 74 in employment,380,188,192
S01007773,1. Managers directors and senior officials,24,18,6
S01007773,2. Professional occupations,58,22,36
S01007773,3. Associate professional and technical occupations,69,37,32
S01007773,4. Administrative and secretarial occupations,73,12,61
S01007773,5. Skilled trades occupations,38,37,1
S01007773,6. Caring leisure and other service occupations,27,6,21
S01007773,7. Sales and customer service occupations,36,14,22
S01007773,8. Process plant and machine operatives,24,24,0
S01007773,9. Elementary occupations,31,18,13
S01007774,All people aged 16 to 74 in employment,562,278,284
S01007774,1. Managers directors and senior officials,61,39,22
S01007774,2. Professional occupations,162,60,102
S01007774,3. Associate professional and technical occupations,104,70,34
S01007774,4. Administrative and secretarial occupations,63,9,54
S01007774,5. Skilled trades occupations,43,41,2
S01007774,6. Caring leisure and other service occupations,37,9,28
S01007774,7. Sales and customer service occupations,36,10,26
S01007774,8. Process plant and machine operatives,22,22,0
S01007774,9. Elementary occupations,34,18,16
S01007775,All people aged 16 to 74 in employment,457,228,229
S01007775,1. Managers directors and senior officials,43,29,14
S01007775,2. Professional occupations,116,54,62
S01007775,3. Associate professional and technical occupations,80,49,31
S01007775,4. Administrative and secretarial occupations,64,8,56
S01007775,5. Skilled trades occupations,33,32,1
S01007775,6. Caring leisure and other service occupations,32,6,26
S01007775,7. Sales and customer service occupations,36,9,27
S01007775,8. Process plant and machine operatives,29,29,0
S01007775,9. Elementary occupations,24,12,12
S01007776,All people aged 16 to 74 in employment,392,210,182
S01007776,1. Managers directors and senior officials,60,45,15
S01007776,2. Professional occupations,97,40,57
S01007776,3. Associate professional and technical occupations,65,39,26
S01007776,4. Administrative and secretarial occupations,44,11,33
S01007776,5. Skilled trades occupations,38,35,3
S01007776,6. Caring leisure and other service occupations,20,2,18
S01007776,7. Sales and customer service occupations,24,9,15
S01007776,8. Process plant and machine operatives,20,18,2
S01007776,9. Elementary occupations,24,11,13
S01007777,All people aged 16 to 74 in employment,554,288,266
S01007777,1. Managers directors and senior officials,53,36,17
S01007777,2. Professional occupations,152,71,81
S01007777,3. Associate professional and technical occupations,94,64,30
S01007777,4. Administrative and secretarial occupations,77,12,65
S01007777,5. Skilled trades occupations,51,49,2
S01007777,6. Caring leisure and other service occupations,31,4,27
S01007777,7. Sales and customer service occupations,44,16,28
S01007777,8. Process plant and machine operatives,26,25,1
S01007777,9. Elementary occupations,26,11,15
S01007778,All people aged 16 to 74 in employment,262,140,122
S01007778,1. Managers directors and senior officials,36,28,8
S01007778,2. Professional occupations,87,38,49
S01007778,3. Associate professional and technical occupations,53,28,25
S01007778,4. Administrative and secretarial occupations,24,3,21
S01007778,5. Skilled trades occupations,26,25,1
S01007778,6. Caring leisure and other service occupations,10,5,5
S01007778,7. Sales and customer service occupations,14,7,7
S01007778,8. Process plant and machine operatives,7,6,1
S01007778,9. Elementary occupations,5,0,5
S01007779,All people aged 16 to 74 in employment,404,210,194
S01007779,1. Managers directors and senior officials,32,18,14
S01007779,2. Professional occupations,40,8,32
S01007779,3. Associate professional and technical occupations,35,28,7
S01007779,4. Administrative and secretarial occupations,61,16,45
S01007779,5. Skilled trades occupations,65,61,4
S01007779,6. Caring leisure and other service occupations,47,9,38
S01007779,7. Sales and customer service occupations,39,9,30
S01007779,8. Process plant and machine operatives,53,45,8
S01007779,9. Elementary occupations,32,16,16
S01007780,All people aged 16 to 74 in employment,472,248,224
S01007780,1. Managers directors and senior officials,33,23,10
S01007780,2. Professional occupations,59,22,37
S01007780,3. Associate professional and technical occupations,64,35,29
S01007780,4. Administrative and secretarial occupations,64,8,56
S01007780,5. Skilled trades occupations,66,66,0
S01007780,6. Caring leisure and other service occupations,45,6,39
S01007780,7. Sales and customer service occupations,48,15,33
S01007780,8. Process plant and machine operatives,57,51,6
S01007780,9. Elementary occupations,36,22,14
S01007781,All people aged 16 to 74 in employment,536,261,275
S01007781,1. Managers directors and senior officials,44,29,15
S01007781,2. Professional occupations,71,24,47
S01007781,3. Associate professional and technical occupations,70,37,33
S01007781,4. Administrative and secretarial occupations,64,11,53
S01007781,5. Skilled trades occupations,64,56,8
S01007781,6. Caring leisure and other service occupations,56,4,52
S01007781,7. Sales and customer service occupations,49,12,37
S01007781,8. Process plant and machine operatives,59,54,5
S01007781,9. Elementary occupations,59,34,25
S01007782,All people aged 16 to 74 in employment,190,110,80
S01007782,1. Managers directors and senior officials,11,8,3
S01007782,2. Professional occupations,21,15,6
S01007782,3. Associate professional and technical occupations,18,12,6
S01007782,4. Administrative and secretarial occupations,9,2,7
S01007782,5. Skilled trades occupations,27,25,2
S01007782,6. Caring leisure and other service occupations,21,2,19
S01007782,7. Sales and customer service occupations,26,7,19
S01007782,8. Process plant and machine operatives,21,20,1
S01007782,9. Elementary occupations,36,19,17
S01007783,All people aged 16 to 74 in employment,219,105,114
S01007783,1. Managers directors and senior officials,10,5,5
S01007783,2. Professional occupations,8,3,5
S01007783,3. Associate professional and technical occupations,14,5,9
S01007783,4. Administrative and secretarial occupations,24,6,18
S01007783,5. Skilled trades occupations,20,19,1
S01007783,6. Caring leisure and other service occupations,34,5,29
S01007783,7. Sales and customer service occupations,18,3,15
S01007783,8. Process plant and machine operatives,32,29,3
S01007783,9. Elementary occupations,59,30,29
S01007784,All people aged 16 to 74 in employment,369,182,187
S01007784,1. Managers directors and senior officials,15,6,9
S01007784,2. Professional occupations,36,16,20
S01007784,3. Associate professional and technical occupations,43,20,23
S01007784,4. Administrative and secretarial occupations,56,10,46
S01007784,5. Skilled trades occupations,49,44,5
S01007784,6. Caring leisure and other service occupations,38,7,31
S01007784,7. Sales and customer service occupations,33,8,25
S01007784,8. Process plant and machine operatives,43,37,6
S01007784,9. Elementary occupations,56,34,22
S01007785,All people aged 16 to 74 in employment,197,77,120
S01007785,1. Managers directors and senior officials,8,4,4
S01007785,2. Professional occupations,13,3,10
S01007785,3. Associate professional and technical occupations,19,5,14
S01007785,4. Administrative and secretarial occupations,18,2,16
S01007785,5. Skilled trades occupations,20,18,2
S01007785,6. Caring leisure and other service occupations,35,3,32
S01007785,7. Sales and customer service occupations,28,8,20
S01007785,8. Process plant and machine operatives,22,20,2
S01007785,9. Elementary occupations,34,14,20
S01007786,All people aged 16 to 74 in employment,316,150,166
S01007786,1. Managers directors and senior officials,15,5,10
S01007786,2. Professional occupations,15,5,10
S01007786,3. Associate professional and technical occupations,28,14,14
S01007786,4. Administrative and secretarial occupations,35,9,26
S01007786,5. Skilled trades occupations,35,29,6
S01007786,6. Caring leisure and other service occupations,43,5,38
S01007786,7. Sales and customer service occupations,43,16,27
S01007786,8. Process plant and machine operatives,34,31,3
S01007786,9. Elementary occupations,68,36,32
S01007787,All people aged 16 to 74 in employment,277,127,150
S01007787,1. Managers directors and senior officials,7,3,4
S01007787,2. Professional occupations,19,6,13
S01007787,3. Associate professional and technical occupations,19,10,9
S01007787,4. Administrative and secretarial occupations,16,4,12
S01007787,5. Skilled trades occupations,34,33,1
S01007787,6. Caring leisure and other service occupations,45,4,41
S01007787,7. Sales and customer service occupations,46,13,33
S01007787,8. Process plant and machine operatives,39,33,6
S01007787,9. Elementary occupations,52,21,31
S01007788,All people aged 16 to 74 in employment,198,88,110
S01007788,1. Managers directors and senior officials,4,2,2
S01007788,2. Professional occupations,10,4,6
S01007788,3. Associate professional and technical occupations,8,7,1
S01007788,4. Administrative and secretarial occupations,20,3,17
S01007788,5. Skilled trades occupations,32,31,1
S01007788,6. Caring leisure and other service occupations,38,6,32
S01007788,7. Sales and customer service occupations,30,5,25
S01007788,8. Process plant and machine operatives,14,13,1
S01007788,9. Elementary occupations,42,17,25
S01007789,All people aged 16 to 74 in employment,239,120,119
S01007789,1. Managers directors and senior officials,6,4,2
S01007789,2. Professional occupations,12,5,7
S01007789,3. Associate professional and technical occupations,17,12,5
S01007789,4. Administrative and secretarial occupations,21,3,18
S01007789,5. Skilled trades occupations,31,26,5
S01007789,6. Caring leisure and other service occupations,42,6,36
S01007789,7. Sales and customer service occupations,34,13,21
S01007789,8. Process plant and machine operatives,28,21,7
S01007789,9. Elementary occupations,48,30,18
S01007790,All people aged 16 to 74 in employment,291,131,160
S01007790,1. Managers directors and senior officials,9,4,5
S01007790,2. Professional occupations,14,2,12
S01007790,3. Associate professional and technical occupations,23,13,10
S01007790,4. Administrative and secretarial occupations,11,1,10
S01007790,5. Skilled trades occupations,31,27,4
S01007790,6. Caring leisure and other service occupations,39,5,34
S01007790,7. Sales and customer service occupations,44,10,34
S01007790,8. Process plant and machine operatives,37,33,4
S01007790,9. Elementary occupations,83,36,47
S01007791,All people aged 16 to 74 in employment,289,146,143
S01007791,1. Managers directors and senior officials,23,11,12
S01007791,2. Professional occupations,51,15,36
S01007791,3. Associate professional and technical occupations,40,21,19
S01007791,4. Administrative and secretarial occupations,41,8,33
S01007791,5. Skilled trades occupations,35,32,3
S01007791,6. Caring leisure and other service occupations,21,7,14
S01007791,7. Sales and customer service occupations,25,7,18
S01007791,8. Process plant and machine operatives,29,29,0
S01007791,9. Elementary occupations,24,16,8
S01007792,All people aged 16 to 74 in employment,367,173,194
S01007792,1. Managers directors and senior officials,14,8,6
S01007792,2. Professional occupations,22,3,19
S01007792,3. Associate professional and technical occupations,26,14,12
S01007792,4. Administrative and secretarial occupations,34,11,23
S01007792,5. Skilled trades occupations,51,48,3
S01007792,6. Caring leisure and other service occupations,45,1,44
S01007792,7. Sales and customer service occupations,45,10,35
S01007792,8. Process plant and machine operatives,56,51,5
S01007792,9. Elementary occupations,74,27,47
S01007793,All people aged 16 to 74 in employment,307,136,171
S01007793,1. Managers directors and senior officials,10,6,4
S01007793,2. Professional occupations,16,6,10
S01007793,3. Associate professional and technical occupations,21,12,9
S01007793,4. Administrative and secretarial occupations,22,2,20
S01007793,5. Skilled trades occupations,31,26,5
S01007793,6. Caring leisure and other service occupations,48,9,39
S01007793,7. Sales and customer service occupations,52,13,39
S01007793,8. Process plant and machine operatives,40,35,5
S01007793,9. Elementary occupations,67,27,40
S01007794,All people aged 16 to 74 in employment,237,111,126
S01007794,1. Managers directors and senior officials,9,3,6
S01007794,2. Professional occupations,10,2,8
S01007794,3. Associate professional and technical occupations,22,7,15
S01007794,4. Administrative and secretarial occupations,29,5,24
S01007794,5. Skilled trades occupations,35,30,5
S01007794,6. Caring leisure and other service occupations,31,9,22
S01007794,7. Sales and customer service occupations,29,4,25
S01007794,8. Process plant and machine operatives,30,29,1
S01007794,9. Elementary occupations,42,22,20
S01007795,All people aged 16 to 74 in employment,269,121,148
S01007795,1. Managers directors and senior officials,6,3,3
S01007795,2. Professional occupations,14,4,10
S01007795,3. Associate professional and technical occupations,19,10,9
S01007795,4. Administrative and secretarial occupations,28,4,24
S01007795,5. Skilled trades occupations,33,25,8
S01007795,6. Caring leisure and other service occupations,43,2,41
S01007795,7. Sales and customer service occupations,38,13,25
S01007795,8. Process plant and machine operatives,37,35,2
S01007795,9. Elementary occupations,51,25,26
S01007796,All people aged 16 to 74 in employment,298,140,158
S01007796,1. Managers directors and senior officials,15,12,3
S01007796,2. Professional occupations,31,9,22
S01007796,3. Associate professional and technical occupations,29,19,10
S01007796,4. Administrative and secretarial occupations,38,4,34
S01007796,5. Skilled trades occupations,42,39,3
S01007796,6. Caring leisure and other service occupations,37,5,32
S01007796,7. Sales and customer service occupations,39,8,31
S01007796,8. Process plant and machine operatives,19,18,1
S01007796,9. Elementary occupations,48,26,22
S01007797,All people aged 16 to 74 in employment,188,84,104
S01007797,1. Managers directors and senior officials,7,1,6
S01007797,2. Professional occupations,6,2,4
S01007797,3. Associate professional and technical occupations,19,10,9
S01007797,4. Administrative and secretarial occupations,16,0,16
S01007797,5. Skilled trades occupations,14,13,1
S01007797,6. Caring leisure and other service occupations,34,9,25
S01007797,7. Sales and customer service occupations,24,10,14
S01007797,8. Process plant and machine operatives,24,22,2
S01007797,9. Elementary occupations,44,17,27
S01007798,All people aged 16 to 74 in employment,380,195,185
S01007798,1. Managers directors and senior officials,29,16,13
S01007798,2. Professional occupations,44,25,19
S01007798,3. Associate professional and technical occupations,43,24,19
S01007798,4. Administrative and secretarial occupations,63,11,52
S01007798,5. Skilled trades occupations,45,40,5
S01007798,6. Caring leisure and other service occupations,32,4,28
S01007798,7. Sales and customer service occupations,61,25,36
S01007798,8. Process plant and machine operatives,29,28,1
S01007798,9. Elementary occupations,34,22,12
S01007799,All people aged 16 to 74 in employment,342,170,172
S01007799,1. Managers directors and senior officials,25,18,7
S01007799,2. Professional occupations,58,19,39
S01007799,3. Associate professional and technical occupations,54,30,24
S01007799,4. Administrative and secretarial occupations,33,5,28
S01007799,5. Skilled trades occupations,49,46,3
S01007799,6. Caring leisure and other service occupations,32,3,29
S01007799,7. Sales and customer service occupations,33,9,24
S01007799,8. Process plant and machine operatives,30,28,2
S01007799,9. Elementary occupations,28,12,16
S01007800,All people aged 16 to 74 in employment,326,154,172
S01007800,1. Managers directors and senior officials,16,8,8
S01007800,2. Professional occupations,12,1,11
S01007800,3. Associate professional and technical occupations,32,18,14
S01007800,4. Administrative and secretarial occupations,30,9,21
S01007800,5. Skilled trades occupations,32,24,8
S01007800,6. Caring leisure and other service occupations,54,9,45
S01007800,7. Sales and customer service occupations,30,10,20
S01007800,8. Process plant and machine operatives,34,32,2
S01007800,9. Elementary occupations,86,43,43
S01007801,All people aged 16 to 74 in employment,282,143,139
S01007801,1. Managers directors and senior officials,14,6,8
S01007801,2. Professional occupations,10,2,8
S01007801,3. Associate professional and technical occupations,19,13,6
S01007801,4. Administrative and secretarial occupations,14,4,10
S01007801,5. Skilled trades occupations,27,21,6
S01007801,6. Caring leisure and other service occupations,48,13,35
S01007801,7. Sales and customer service occupations,43,16,27
S01007801,8. Process plant and machine operatives,30,27,3
S01007801,9. Elementary occupations,77,41,36
S01007802,All people aged 16 to 74 in employment,335,165,170
S01007802,1. Managers directors and senior officials,9,6,3
S01007802,2. Professional occupations,39,15,24
S01007802,3. Associate professional and technical occupations,35,17,18
S01007802,4. Administrative and secretarial occupations,56,9,47
S01007802,5. Skilled trades occupations,45,43,2
S01007802,6. Caring leisure and other service occupations,45,7,38
S01007802,7. Sales and customer service occupations,44,14,30
S01007802,8. Process plant and machine operatives,34,32,2
S01007802,9. Elementary occupations,28,22,6
S01007803,All people aged 16 to 74 in employment,325,151,174
S01007803,1. Managers directors and senior officials,12,7,5
S01007803,2. Professional occupations,16,10,6
S01007803,3. Associate professional and technical occupations,24,6,18
S01007803,4. Administrative and secretarial occupations,30,9,21
S01007803,5. Skilled trades occupations,38,35,3
S01007803,6. Caring leisure and other service occupations,51,6,45
S01007803,7. Sales and customer service occupations,45,7,38
S01007803,8. Process plant and machine operatives,38,32,6
S01007803,9. Elementary occupations,71,39,32
S01007804,All people aged 16 to 74 in employment,208,89,119
S01007804,1. Managers directors and senior officials,9,4,5
S01007804,2. Professional occupations,15,6,9
S01007804,3. Associate professional and technical occupations,18,9,9
S01007804,4. Administrative and secretarial occupations,24,8,16
S01007804,5. Skilled trades occupations,20,16,4
S01007804,6. Caring leisure and other service occupations,33,5,28
S01007804,7. Sales and customer service occupations,29,7,22
S01007804,8. Process plant and machine operatives,22,19,3
S01007804,9. Elementary occupations,38,15,23
S01007805,All people aged 16 to 74 in employment,201,86,115
S01007805,1. Managers directors and senior officials,8,5,3
S01007805,2. Professional occupations,16,2,14
S01007805,3. Associate professional and technical occupations,16,9,7
S01007805,4. Administrative and secretarial occupations,26,4,22
S01007805,5. Skilled trades occupations,16,16,0
S01007805,6. Caring leisure and other service occupations,32,4,28
S01007805,7. Sales and customer service occupations,34,9,25
S01007805,8. Process plant and machine operatives,14,13,1
S01007805,9. Elementary occupations,39,24,15
S01007806,All people aged 16 to 74 in employment,281,145,136
S01007806,1. Managers directors and senior officials,12,8,4
S01007806,2. Professional occupations,18,6,12
S01007806,3. Associate professional and technical occupations,27,18,9
S01007806,4. Administrative and secretarial occupations,29,3,26
S01007806,5. Skilled trades occupations,31,28,3
S01007806,6. Caring leisure and other service occupations,33,4,29
S01007806,7. Sales and customer service occupations,31,9,22
S01007806,8. Process plant and machine operatives,44,39,5
S01007806,9. Elementary occupations,56,30,26
S01007807,All people aged 16 to 74 in employment,369,177,192
S01007807,1. Managers directors and senior officials,28,17,11
S01007807,2. Professional occupations,57,23,34
S01007807,3. Associate professional and technical occupations,44,21,23
S01007807,4. Administrative and secretarial occupations,51,9,42
S01007807,5. Skilled trades occupations,45,42,3
S01007807,6. Caring leisure and other service occupations,42,6,36
S01007807,7. Sales and customer service occupations,43,16,27
S01007807,8. Process plant and machine operatives,27,26,1
S01007807,9. Elementary occupations,32,17,15
S01007808,All people aged 16 to 74 in employment,379,178,201
S01007808,1. Managers directors and senior officials,13,4,9
S01007808,2. Professional occupations,29,10,19
S01007808,3. Associate professional and technical occupations,43,25,18
S01007808,4. Administrative and secretarial occupations,49,11,38
S01007808,5. Skilled trades occupations,46,42,4
S01007808,6. Caring leisure and other service occupations,38,1,37
S01007808,7. Sales and customer service occupations,47,13,34
S01007808,8. Process plant and machine operatives,34,30,4
S01007808,9. Elementary occupations,80,42,38
S01007809,All people aged 16 to 74 in employment,467,234,233
S01007809,1. Managers directors and senior officials,32,20,12
S01007809,2. Professional occupations,88,30,58
S01007809,3. Associate professional and technical occupations,70,37,33
S01007809,4. Administrative and secretarial occupations,73,15,58
S01007809,5. Skilled trades occupations,52,50,2
S01007809,6. Caring leisure and other service occupations,30,7,23
S01007809,7. Sales and customer service occupations,50,19,31
S01007809,8. Process plant and machine operatives,39,37,2
S01007809,9. Elementary occupations,33,19,14
S01007810,All people aged 16 to 74 in employment,302,161,141
S01007810,1. Managers directors and senior officials,13,5,8
S01007810,2. Professional occupations,15,3,12
S01007810,3. Associate professional and technical occupations,23,13,10
S01007810,4. Administrative and secretarial occupations,29,8,21
S01007810,5. Skilled trades occupations,37,34,3
S01007810,6. Caring leisure and other service occupations,44,13,31
S01007810,7. Sales and customer service occupations,38,16,22
S01007810,8. Process plant and machine operatives,35,34,1
S01007810,9. Elementary occupations,68,35,33
S01007811,All people aged 16 to 74 in employment,360,167,193
S01007811,1. Managers directors and senior officials,10,5,5
S01007811,2. Professional occupations,27,7,20
S01007811,3. Associate professional and technical occupations,20,9,11
S01007811,4. Administrative and secretarial occupations,32,6,26
S01007811,5. Skilled trades occupations,42,34,8
S01007811,6. Caring leisure and other service occupations,45,4,41
S01007811,7. Sales and customer service occupations,55,14,41
S01007811,8. Process plant and machine operatives,46,43,3
S01007811,9. Elementary occupations,83,45,38
S01007812,All people aged 16 to 74 in employment,291,139,152
S01007812,1. Managers directors and senior officials,14,3,11
S01007812,2. Professional occupations,16,7,9
S01007812,3. Associate professional and technical occupations,22,10,12
S01007812,4. Administrative and secretarial occupations,20,3,17
S01007812,5. Skilled trades occupations,31,28,3
S01007812,6. Caring leisure and other service occupations,38,9,29
S01007812,7. Sales and customer service occupations,39,11,28
S01007812,8. Process plant and machine operatives,38,34,4
S01007812,9. Elementary occupations,73,34,39
S01007813,All people aged 16 to 74 in employment,285,136,149
S01007813,1. Managers directors and senior officials,9,2,7
S01007813,2. Professional occupations,15,6,9
S01007813,3. Associate professional and technical occupations,20,12,8
S01007813,4. Administrative and secretarial occupations,31,10,21
S01007813,5. Skilled trades occupations,36,33,3
S01007813,6. Caring leisure and other service occupations,39,7,32
S01007813,7. Sales and customer service occupations,40,10,30
S01007813,8. Process plant and machine operatives,32,30,2
S01007813,9. Elementary occupations,63,26,37
S01007814,All people aged 16 to 74 in employment,258,130,128
S01007814,1. Managers directors and senior officials,11,7,4
S01007814,2. Professional occupations,23,5,18
S01007814,3. Associate professional and technical occupations,40,27,13
S01007814,4. Administrative and secretarial occupations,27,7,20
S01007814,5. Skilled trades occupations,34,29,5
S01007814,6. Caring leisure and other service occupations,18,4,14
S01007814,7. Sales and customer service occupations,36,7,29
S01007814,8. Process plant and machine operatives,25,24,1
S01007814,9. Elementary occupations,44,20,24
S01007815,All people aged 16 to 74 in employment,474,228,246
S01007815,1. Managers directors and senior officials,38,22,16
S01007815,2. Professional occupations,56,17,39
S01007815,3. Associate professional and technical occupations,67,31,36
S01007815,4. Administrative and secretarial occupations,74,19,55
S01007815,5. Skilled trades occupations,60,58,2
S01007815,6. Caring leisure and other service occupations,51,8,43
S01007815,7. Sales and customer service occupations,50,17,33
S01007815,8. Process plant and machine operatives,43,39,4
S01007815,9. Elementary occupations,35,17,18
S01007816,All people aged 16 to 74 in employment,359,181,178
S01007816,1. Managers directors and senior officials,13,7,6
S01007816,2. Professional occupations,41,11,30
S01007816,3. Associate professional and technical occupations,34,18,16
S01007816,4. Administrative and secretarial occupations,64,15,49
S01007816,5. Skilled trades occupations,65,62,3
S01007816,6. Caring leisure and other service occupations,43,13,30
S01007816,7. Sales and customer service occupations,27,4,23
S01007816,8. Process plant and machine operatives,35,31,4
S01007816,9. Elementary occupations,37,20,17
S01007817,All people aged 16 to 74 in employment,197,95,102
S01007817,1. Managers directors and senior officials,9,6,3
S01007817,2. Professional occupations,20,6,14
S01007817,3. Associate professional and technical occupations,16,8,8
S01007817,4. Administrative and secretarial occupations,16,2,14
S01007817,5. Skilled trades occupations,24,21,3
S01007817,6. Caring leisure and other service occupations,30,6,24
S01007817,7. Sales and customer service occupations,24,7,17
S01007817,8. Process plant and machine operatives,22,20,2
S01007817,9. Elementary occupations,36,19,17
S01007818,All people aged 16 to 74 in employment,395,190,205
S01007818,1. Managers directors and senior officials,30,18,12
S01007818,2. Professional occupations,59,21,38
S01007818,3. Associate professional and technical occupations,42,19,23
S01007818,4. Administrative and secretarial occupations,48,7,41
S01007818,5. Skilled trades occupations,52,50,2
S01007818,6. Caring leisure and other service occupations,47,15,32
S01007818,7. Sales and customer service occupations,40,8,32
S01007818,8. Process plant and machine operatives,37,33,4
S01007818,9. Elementary occupations,40,19,21
S01007819,All people aged 16 to 74 in employment,395,204,191
S01007819,1. Managers directors and senior officials,14,8,6
S01007819,2. Professional occupations,56,21,35
S01007819,3. Associate professional and technical occupations,33,22,11
S01007819,4. Administrative and secretarial occupations,51,10,41
S01007819,5. Skilled trades occupations,63,59,4
S01007819,6. Caring leisure and other service occupations,44,10,34
S01007819,7. Sales and customer service occupations,48,16,32
S01007819,8. Process plant and machine operatives,41,36,5
S01007819,9. Elementary occupations,45,22,23
S01007820,All people aged 16 to 74 in employment,420,207,213
S01007820,1. Managers directors and senior officials,30,15,15
S01007820,2. Professional occupations,42,13,29
S01007820,3. Associate professional and technical occupations,52,30,22
S01007820,4. Administrative and secretarial occupations,47,6,41
S01007820,5. Skilled trades occupations,50,46,4
S01007820,6. Caring leisure and other service occupations,51,8,43
S01007820,7. Sales and customer service occupations,50,17,33
S01007820,8. Process plant and machine operatives,51,50,1
S01007820,9. Elementary occupations,47,22,25
S01007821,All people aged 16 to 74 in employment,281,136,145
S01007821,1. Managers directors and senior officials,17,9,8
S01007821,2. Professional occupations,38,15,23
S01007821,3. Associate professional and technical occupations,32,18,14
S01007821,4. Administrative and secretarial occupations,35,5,30
S01007821,5. Skilled trades occupations,30,28,2
S01007821,6. Caring leisure and other service occupations,24,4,20
S01007821,7. Sales and customer service occupations,39,12,27
S01007821,8. Process plant and machine operatives,30,26,4
S01007821,9. Elementary occupations,36,19,17
S01007822,All people aged 16 to 74 in employment,344,172,172
S01007822,1. Managers directors and senior officials,24,16,8
S01007822,2. Professional occupations,60,16,44
S01007822,3. Associate professional and technical occupations,45,28,17
S01007822,4. Administrative and secretarial occupations,40,6,34
S01007822,5. Skilled trades occupations,47,45,2
S01007822,6. Caring leisure and other service occupations,40,4,36
S01007822,7. Sales and customer service occupations,27,12,15
S01007822,8. Process plant and machine operatives,28,27,1
S01007822,9. Elementary occupations,33,18,15
S01007823,All people aged 16 to 74 in employment,377,194,183
S01007823,1. Managers directors and senior officials,27,22,5
S01007823,2. Professional occupations,73,31,42
S01007823,3. Associate professional and technical occupations,45,22,23
S01007823,4. Administrative and secretarial occupations,55,17,38
S01007823,5. Skilled trades occupations,60,57,3
S01007823,6. Caring leisure and other service occupations,39,3,36
S01007823,7. Sales and customer service occupations,35,15,20
S01007823,8. Process plant and machine operatives,15,13,2
S01007823,9. Elementary occupations,28,14,14
S01007824,All people aged 16 to 74 in employment,353,173,180
S01007824,1. Managers directors and senior officials,36,24,12
S01007824,2. Professional occupations,60,21,39
S01007824,3. Associate professional and technical occupations,40,25,15
S01007824,4. Administrative and secretarial occupations,42,9,33
S01007824,5. Skilled trades occupations,39,35,4
S01007824,6. Caring leisure and other service occupations,28,5,23
S01007824,7. Sales and customer service occupations,39,12,27
S01007824,8. Process plant and machine operatives,29,26,3
S01007824,9. Elementary occupations,40,16,24
S01007825,All people aged 16 to 74 in employment,481,243,238
S01007825,1. Managers directors and senior officials,35,22,13
S01007825,2. Professional occupations,94,37,57
S01007825,3. Associate professional and technical occupations,51,29,22
S01007825,4. Administrative and secretarial occupations,53,14,39
S01007825,5. Skilled trades occupations,66,64,2
S01007825,6. Caring leisure and other service occupations,48,8,40
S01007825,7. Sales and customer service occupations,62,17,45
S01007825,8. Process plant and machine operatives,40,35,5
S01007825,9. Elementary occupations,32,17,15
S01007826,All people aged 16 to 74 in employment,203,98,105
S01007826,1. Managers directors and senior officials,9,8,1
S01007826,2. Professional occupations,18,4,14
S01007826,3. Associate professional and technical occupations,18,12,6
S01007826,4. Administrative and secretarial occupations,19,5,14
S01007826,5. Skilled trades occupations,24,21,3
S01007826,6. Caring leisure and other service occupations,31,2,29
S01007826,7. Sales and customer service occupations,25,8,17
S01007826,8. Process plant and machine operatives,20,16,4
S01007826,9. Elementary occupations,39,22,17
S01007827,All people aged 16 to 74 in employment,332,151,181
S01007827,1. Managers directors and senior officials,23,17,6
S01007827,2. Professional occupations,58,24,34
S01007827,3. Associate professional and technical occupations,37,19,18
S01007827,4. Administrative and secretarial occupations,55,12,43
S01007827,5. Skilled trades occupations,34,31,3
S01007827,6. Caring leisure and other service occupations,39,8,31
S01007827,7. Sales and customer service occupations,37,9,28
S01007827,8. Process plant and machine operatives,25,22,3
S01007827,9. Elementary occupations,24,9,15
S01007828,All people aged 16 to 74 in employment,414,194,220
S01007828,1. Managers directors and senior officials,18,8,10
S01007828,2. Professional occupations,66,22,44
S01007828,3. Associate professional and technical occupations,53,33,20
S01007828,4. Administrative and secretarial occupations,47,6,41
S01007828,5. Skilled trades occupations,51,42,9
S01007828,6. Caring leisure and other service occupations,51,7,44
S01007828,7. Sales and customer service occupations,39,21,18
S01007828,8. Process plant and machine operatives,30,23,7
S01007828,9. Elementary occupations,59,32,27
S01007829,All people aged 16 to 74 in employment,221,110,111
S01007829,1. Managers directors and senior officials,17,7,10
S01007829,2. Professional occupations,32,14,18
S01007829,3. Associate professional and technical occupations,20,11,9
S01007829,4. Administrative and secretarial occupations,25,4,21
S01007829,5. Skilled trades occupations,25,21,4
S01007829,6. Caring leisure and other service occupations,24,3,21
S01007829,7. Sales and customer service occupations,26,11,15
S01007829,8. Process plant and machine operatives,24,20,4
S01007829,9. Elementary occupations,28,19,9
S01007830,All people aged 16 to 74 in employment,364,194,170
S01007830,1. Managers directors and senior officials,13,8,5
S01007830,2. Professional occupations,44,20,24
S01007830,3. Associate professional and technical occupations,43,26,17
S01007830,4. Administrative and secretarial occupations,43,14,29
S01007830,5. Skilled trades occupations,36,34,2
S01007830,6. Caring leisure and other service occupations,44,11,33
S01007830,7. Sales and customer service occupations,48,16,32
S01007830,8. Process plant and machine operatives,31,29,2
S01007830,9. Elementary occupations,62,36,26
S01007831,All people aged 16 to 74 in employment,300,136,164
S01007831,1. Managers directors and senior officials,16,7,9
S01007831,2. Professional occupations,39,14,25
S01007831,3. Associate professional and technical occupations,34,20,14
S01007831,4. Administrative and secretarial occupations,48,9,39
S01007831,5. Skilled trades occupations,32,28,4
S01007831,6. Caring leisure and other service occupations,29,7,22
S01007831,7. Sales and customer service occupations,34,9,25
S01007831,8. Process plant and machine operatives,26,23,3
S01007831,9. Elementary occupations,42,19,23
S01007832,All people aged 16 to 74 in employment,258,129,129
S01007832,1. Managers directors and senior officials,12,9,3
S01007832,2. Professional occupations,34,9,25
S01007832,3. Associate professional and technical occupations,28,16,12
S01007832,4. Administrative and secretarial occupations,34,7,27
S01007832,5. Skilled trades occupations,31,31,0
S01007832,6. Caring leisure and other service occupations,31,7,24
S01007832,7. Sales and customer service occupations,27,7,20
S01007832,8. Process plant and machine operatives,21,19,2
S01007832,9. Elementary occupations,40,24,16
S01007833,All people aged 16 to 74 in employment,230,119,111
S01007833,1. Managers directors and senior officials,14,9,5
S01007833,2. Professional occupations,27,9,18
S01007833,3. Associate professional and technical occupations,24,14,10
S01007833,4. Administrative and secretarial occupations,30,8,22
S01007833,5. Skilled trades occupations,36,31,5
S01007833,6. Caring leisure and other service occupations,29,7,22
S01007833,7. Sales and customer service occupations,18,10,8
S01007833,8. Process plant and machine operatives,17,13,4
S01007833,9. Elementary occupations,35,18,17
S01007834,All people aged 16 to 74 in employment,320,151,169
S01007834,1. Managers directors and senior officials,11,8,3
S01007834,2. Professional occupations,62,29,33
S01007834,3. Associate professional and technical occupations,29,14,15
S01007834,4. Administrative and secretarial occupations,47,7,40
S01007834,5. Skilled trades occupations,37,34,3
S01007834,6. Caring leisure and other service occupations,36,8,28
S01007834,7. Sales and customer service occupations,29,8,21
S01007834,8. Process plant and machine operatives,30,23,7
S01007834,9. Elementary occupations,39,20,19
S01007835,All people aged 16 to 74 in employment,321,155,166
S01007835,1. Managers directors and senior officials,15,4,11
S01007835,2. Professional occupations,68,24,44
S01007835,3. Associate professional and technical occupations,43,26,17
S01007835,4. Administrative and secretarial occupations,30,8,22
S01007835,5. Skilled trades occupations,44,40,4
S01007835,6. Caring leisure and other service occupations,35,8,27
S01007835,7. Sales and customer service occupations,30,10,20
S01007835,8. Process plant and machine operatives,17,14,3
S01007835,9. Elementary occupations,39,21,18
S01007836,All people aged 16 to 74 in employment,230,116,114
S01007836,1. Managers directors and senior officials,19,10,9
S01007836,2. Professional occupations,50,17,33
S01007836,3. Associate professional and technical occupations,36,19,17
S01007836,4. Administrative and secretarial occupations,36,10,26
S01007836,5. Skilled trades occupations,21,20,1
S01007836,6. Caring leisure and other service occupations,20,9,11
S01007836,7. Sales and customer service occupations,20,8,12
S01007836,8. Process plant and machine operatives,14,12,2
S01007836,9. Elementary occupations,14,11,3
S01007837,All people aged 16 to 74 in employment,370,187,183
S01007837,1. Managers directors and senior officials,28,18,10
S01007837,2. Professional occupations,64,17,47
S01007837,3. Associate professional and technical occupations,62,35,27
S01007837,4. Administrative and secretarial occupations,47,10,37
S01007837,5. Skilled trades occupations,62,57,5
S01007837,6. Caring leisure and other service occupations,24,3,21
S01007837,7. Sales and customer service occupations,34,10,24
S01007837,8. Process plant and machine operatives,23,22,1
S01007837,9. Elementary occupations,26,15,11
S01007838,All people aged 16 to 74 in employment,382,188,194
S01007838,1. Managers directors and senior officials,32,21,11
S01007838,2. Professional occupations,73,25,48
S01007838,3. Associate professional and technical occupations,40,23,17
S01007838,4. Administrative and secretarial occupations,62,10,52
S01007838,5. Skilled trades occupations,47,46,1
S01007838,6. Caring leisure and other service occupations,32,5,27
S01007838,7. Sales and customer service occupations,44,19,25
S01007838,8. Process plant and machine operatives,22,21,1
S01007838,9. Elementary occupations,30,18,12
S01007839,All people aged 16 to 74 in employment,252,124,128
S01007839,1. Managers directors and senior officials,14,12,2
S01007839,2. Professional occupations,77,35,42
S01007839,3. Associate professional and technical occupations,22,12,10
S01007839,4. Administrative and secretarial occupations,31,3,28
S01007839,5. Skilled trades occupations,28,26,2
S01007839,6. Caring leisure and other service occupations,21,7,14
S01007839,7. Sales and customer service occupations,19,1,18
S01007839,8. Process plant and machine operatives,19,19,0
S01007839,9. Elementary occupations,21,9,12
S01007840,All people aged 16 to 74 in employment,344,180,164
S01007840,1. Managers directors and senior officials,12,8,4
S01007840,2. Professional occupations,42,23,19
S01007840,3. Associate professional and technical occupations,33,20,13
S01007840,4. Administrative and secretarial occupations,45,6,39
S01007840,5. Skilled trades occupations,41,37,4
S01007840,6. Caring leisure and other service occupations,39,9,30
S01007840,7. Sales and customer service occupations,46,16,30
S01007840,8. Process plant and machine operatives,32,29,3
S01007840,9. Elementary occupations,54,32,22
S01007841,All people aged 16 to 74 in employment,316,144,172
S01007841,1. Managers directors and senior officials,6,1,5
S01007841,2. Professional occupations,34,14,20
S01007841,3. Associate professional and technical occupations,34,19,15
S01007841,4. Administrative and secretarial occupations,35,4,31
S01007841,5. Skilled trades occupations,40,37,3
S01007841,6. Caring leisure and other service occupations,37,4,33
S01007841,7. Sales and customer service occupations,35,8,27
S01007841,8. Process plant and machine operatives,36,32,4
S01007841,9. Elementary occupations,59,25,34
S01007842,All people aged 16 to 74 in employment,293,135,158
S01007842,1. Managers directors and senior officials,8,3,5
S01007842,2. Professional occupations,32,12,20
S01007842,3. Associate professional and technical occupations,19,8,11
S01007842,4. Administrative and secretarial occupations,33,11,22
S01007842,5. Skilled trades occupations,21,18,3
S01007842,6. Caring leisure and other service occupations,46,6,40
S01007842,7. Sales and customer service occupations,50,18,32
S01007842,8. Process plant and machine operatives,30,28,2
S01007842,9. Elementary occupations,54,31,23
S01007843,All people aged 16 to 74 in employment,295,138,157
S01007843,1. Managers directors and senior officials,6,3,3
S01007843,2. Professional occupations,41,13,28
S01007843,3. Associate professional and technical occupations,30,16,14
S01007843,4. Administrative and secretarial occupations,40,6,34
S01007843,5. Skilled trades occupations,34,26,8
S01007843,6. Caring leisure and other service occupations,37,8,29
S01007843,7. Sales and customer service occupations,40,23,17
S01007843,8. Process plant and machine operatives,15,13,2
S01007843,9. Elementary occupations,52,30,22
S01007844,All people aged 16 to 74 in employment,415,196,219
S01007844,1. Managers directors and senior officials,20,8,12
S01007844,2. Professional occupations,59,24,35
S01007844,3. Associate professional and technical occupations,41,24,17
S01007844,4. Administrative and secretarial occupations,46,5,41
S01007844,5. Skilled trades occupations,47,45,2
S01007844,6. Caring leisure and other service occupations,66,16,50
S01007844,7. Sales and customer service occupations,39,13,26
S01007844,8. Process plant and machine operatives,28,24,4
S01007844,9. Elementary occupations,69,37,32
S01007845,All people aged 16 to 74 in employment,330,148,182
S01007845,1. Managers directors and senior officials,17,7,10
S01007845,2. Professional occupations,28,7,21
S01007845,3. Associate professional and technical occupations,25,11,14
S01007845,4. Administrative and secretarial occupations,32,6,26
S01007845,5. Skilled trades occupations,30,30,0
S01007845,6. Caring leisure and other service occupations,53,12,41
S01007845,7. Sales and customer service occupations,40,14,26
S01007845,8. Process plant and machine operatives,27,24,3
S01007845,9. Elementary occupations,78,37,41
S01007846,All people aged 16 to 74 in employment,292,145,147
S01007846,1. Managers directors and senior officials,12,6,6
S01007846,2. Professional occupations,22,7,15
S01007846,3. Associate professional and technical occupations,30,15,15
S01007846,4. Administrative and secretarial occupations,41,12,29
S01007846,5. Skilled trades occupations,36,35,1
S01007846,6. Caring leisure and other service occupations,42,11,31
S01007846,7. Sales and customer service occupations,34,10,24
S01007846,8. Process plant and machine operatives,24,22,2
S01007846,9. Elementary occupations,51,27,24
S01007847,All people aged 16 to 74 in employment,383,185,198
S01007847,1. Managers directors and senior officials,13,8,5
S01007847,2. Professional occupations,31,12,19
S01007847,3. Associate professional and technical occupations,26,17,9
S01007847,4. Administrative and secretarial occupations,37,6,31
S01007847,5. Skilled trades occupations,40,36,4
S01007847,6. Caring leisure and other service occupations,56,9,47
S01007847,7. Sales and customer service occupations,57,25,32
S01007847,8. Process plant and machine operatives,37,35,2
S01007847,9. Elementary occupations,86,37,49
S01007848,All people aged 16 to 74 in employment,290,135,155
S01007848,1. Managers directors and senior officials,9,6,3
S01007848,2. Professional occupations,30,16,14
S01007848,3. Associate professional and technical occupations,33,19,14
S01007848,4. Administrative and secretarial occupations,32,6,26
S01007848,5. Skilled trades occupations,31,26,5
S01007848,6. Caring leisure and other service occupations,39,7,32
S01007848,7. Sales and customer service occupations,39,10,29
S01007848,8. Process plant and machine operatives,26,22,4
S01007848,9. Elementary occupations,51,23,28
S01007849,All people aged 16 to 74 in employment,375,170,205
S01007849,1. Managers directors and senior officials,9,4,5
S01007849,2. Professional occupations,21,5,16
S01007849,3. Associate professional and technical occupations,31,17,14
S01007849,4. Administrative and secretarial occupations,45,7,38
S01007849,5. Skilled trades occupations,38,37,1
S01007849,6. Caring leisure and other service occupations,57,12,45
S01007849,7. Sales and customer service occupations,55,18,37
S01007849,8. Process plant and machine operatives,47,43,4
S01007849,9. Elementary occupations,72,27,45
S01007850,All people aged 16 to 74 in employment,296,148,148
S01007850,1. Managers directors and senior officials,15,10,5
S01007850,2. Professional occupations,15,4,11
S01007850,3. Associate professional and technical occupations,15,8,7
S01007850,4. Administrative and secretarial occupations,36,5,31
S01007850,5. Skilled trades occupations,44,42,2
S01007850,6. Caring leisure and other service occupations,47,8,39
S01007850,7. Sales and customer service occupations,30,9,21
S01007850,8. Process plant and machine operatives,39,30,9
S01007850,9. Elementary occupations,55,32,23
S01007851,All people aged 16 to 74 in employment,351,186,165
S01007851,1. Managers directors and senior officials,23,15,8
S01007851,2. Professional occupations,44,16,28
S01007851,3. Associate professional and technical occupations,34,20,14
S01007851,4. Administrative and secretarial occupations,40,9,31
S01007851,5. Skilled trades occupations,47,42,5
S01007851,6. Caring leisure and other service occupations,37,5,32
S01007851,7. Sales and customer service occupations,38,16,22
S01007851,8. Process plant and machine operatives,42,36,6
S01007851,9. Elementary occupations,46,27,19
S01007852,All people aged 16 to 74 in employment,250,117,133
S01007852,1. Managers directors and senior officials,1,0,1
S01007852,2. Professional occupations,27,11,16
S01007852,3. Associate professional and technical occupations,18,10,8
S01007852,4. Administrative and secretarial occupations,23,6,17
S01007852,5. Skilled trades occupations,23,20,3
S01007852,6. Caring leisure and other service occupations,40,6,34
S01007852,7. Sales and customer service occupations,44,15,29
S01007852,8. Process plant and machine operatives,28,25,3
S01007852,9. Elementary occupations,46,24,22
S01007853,All people aged 16 to 74 in employment,188,92,96
S01007853,1. Managers directors and senior officials,8,4,4
S01007853,2. Professional occupations,21,10,11
S01007853,3. Associate professional and technical occupations,11,7,4
S01007853,4. Administrative and secretarial occupations,23,4,19
S01007853,5. Skilled trades occupations,20,16,4
S01007853,6. Caring leisure and other service occupations,30,5,25
S01007853,7. Sales and customer service occupations,23,10,13
S01007853,8. Process plant and machine operatives,18,16,2
S01007853,9. Elementary occupations,34,20,14
S01007854,All people aged 16 to 74 in employment,371,176,195
S01007854,1. Managers directors and senior officials,24,15,9
S01007854,2. Professional occupations,45,13,32
S01007854,3. Associate professional and technical occupations,34,13,21
S01007854,4. Administrative and secretarial occupations,37,6,31
S01007854,5. Skilled trades occupations,49,45,4
S01007854,6. Caring leisure and other service occupations,51,13,38
S01007854,7. Sales and customer service occupations,51,21,30
S01007854,8. Process plant and machine operatives,21,17,4
S01007854,9. Elementary occupations,59,33,26
S01007855,All people aged 16 to 74 in employment,212,100,112
S01007855,1. Managers directors and senior officials,10,6,4
S01007855,2. Professional occupations,21,7,14
S01007855,3. Associate professional and technical occupations,24,10,14
S01007855,4. Administrative and secretarial occupations,17,6,11
S01007855,5. Skilled trades occupations,37,33,4
S01007855,6. Caring leisure and other service occupations,25,7,18
S01007855,7. Sales and customer service occupations,23,4,19
S01007855,8. Process plant and machine operatives,9,8,1
S01007855,9. Elementary occupations,46,19,27
S01007856,All people aged 16 to 74 in employment,390,187,203
S01007856,1. Managers directors and senior officials,19,15,4
S01007856,2. Professional occupations,55,16,39
S01007856,3. Associate professional and technical occupations,37,18,19
S01007856,4. Administrative and secretarial occupations,41,5,36
S01007856,5. Skilled trades occupations,53,49,4
S01007856,6. Caring leisure and other service occupations,40,4,36
S01007856,7. Sales and customer service occupations,58,16,42
S01007856,8. Process plant and machine operatives,37,37,0
S01007856,9. Elementary occupations,50,27,23
S01007857,All people aged 16 to 74 in employment,190,83,107
S01007857,1. Managers directors and senior officials,4,0,4
S01007857,2. Professional occupations,14,6,8
S01007857,3. Associate professional and technical occupations,20,6,14
S01007857,4. Administrative and secretarial occupations,19,3,16
S01007857,5. Skilled trades occupations,17,16,1
S01007857,6. Caring leisure and other service occupations,29,4,25
S01007857,7. Sales and customer service occupations,30,10,20
S01007857,8. Process plant and machine operatives,20,16,4
S01007857,9. Elementary occupations,37,22,15
S01007858,All people aged 16 to 74 in employment,400,180,220
S01007858,1. Managers directors and senior officials,16,8,8
S01007858,2. Professional occupations,29,8,21
S01007858,3. Associate professional and technical occupations,40,20,20
S01007858,4. Administrative and secretarial occupations,47,7,40
S01007858,5. Skilled trades occupations,29,25,4
S01007858,6. Caring leisure and other service occupations,57,10,47
S01007858,7. Sales and customer service occupations,59,14,45
S01007858,8. Process plant and machine operatives,50,45,5
S01007858,9. Elementary occupations,73,43,30
S01007859,All people aged 16 to 74 in employment,180,91,89
S01007859,1. Managers directors and senior officials,16,8,8
S01007859,2. Professional occupations,10,2,8
S01007859,3. Associate professional and technical occupations,10,9,1
S01007859,4. Administrative and secretarial occupations,16,1,15
S01007859,5. Skilled trades occupations,22,21,1
S01007859,6. Caring leisure and other service occupations,20,2,18
S01007859,7. Sales and customer service occupations,27,10,17
S01007859,8. Process plant and machine operatives,23,21,2
S01007859,9. Elementary occupations,36,17,19
S01007860,All people aged 16 to 74 in employment,289,143,146
S01007860,1. Managers directors and senior officials,27,13,14
S01007860,2. Professional occupations,36,18,18
S01007860,3. Associate professional and technical occupations,39,23,16
S01007860,4. Administrative and secretarial occupations,32,7,25
S01007860,5. Skilled trades occupations,32,31,1
S01007860,6. Caring leisure and other service occupations,38,8,30
S01007860,7. Sales and customer service occupations,22,10,12
S01007860,8. Process plant and machine operatives,22,19,3
S01007860,9. Elementary occupations,41,14,27
S01007861,All people aged 16 to 74 in employment,274,139,135
S01007861,1. Managers directors and senior officials,10,5,5
S01007861,2. Professional occupations,15,5,10
S01007861,3. Associate professional and technical occupations,23,11,12
S01007861,4. Administrative and secretarial occupations,26,5,21
S01007861,5. Skilled trades occupations,27,25,2
S01007861,6. Caring leisure and other service occupations,36,14,22
S01007861,7. Sales and customer service occupations,42,11,31
S01007861,8. Process plant and machine operatives,41,36,5
S01007861,9. Elementary occupations,54,27,27
S01007862,All people aged 16 to 74 in employment,301,146,155
S01007862,1. Managers directors and senior officials,16,7,9
S01007862,2. Professional occupations,17,5,12
S01007862,3. Associate professional and technical occupations,20,9,11
S01007862,4. Administrative and secretarial occupations,26,4,22
S01007862,5. Skilled trades occupations,31,28,3
S01007862,6. Caring leisure and other service occupations,47,10,37
S01007862,7. Sales and customer service occupations,34,9,25
S01007862,8. Process plant and machine operatives,43,39,4
S01007862,9. Elementary occupations,67,35,32
S01007863,All people aged 16 to 74 in employment,304,155,149
S01007863,1. Managers directors and senior officials,9,2,7
S01007863,2. Professional occupations,15,10,5
S01007863,3. Associate professional and technical occupations,29,16,13
S01007863,4. Administrative and secretarial occupations,30,4,26
S01007863,5. Skilled trades occupations,44,40,4
S01007863,6. Caring leisure and other service occupations,45,9,36
S01007863,7. Sales and customer service occupations,31,10,21
S01007863,8. Process plant and machine operatives,37,33,4
S01007863,9. Elementary occupations,64,31,33
S01007864,All people aged 16 to 74 in employment,390,185,205
S01007864,1. Managers directors and senior officials,11,7,4
S01007864,2. Professional occupations,37,14,23
S01007864,3. Associate professional and technical occupations,42,19,23
S01007864,4. Administrative and secretarial occupations,42,9,33
S01007864,5. Skilled trades occupations,45,40,5
S01007864,6. Caring leisure and other service occupations,60,8,52
S01007864,7. Sales and customer service occupations,52,16,36
S01007864,8. Process plant and machine operatives,35,34,1
S01007864,9. Elementary occupations,66,38,28
S01007865,All people aged 16 to 74 in employment,397,196,201
S01007865,1. Managers directors and senior officials,31,14,17
S01007865,2. Professional occupations,106,44,62
S01007865,3. Associate professional and technical occupations,60,35,25
S01007865,4. Administrative and secretarial occupations,37,2,35
S01007865,5. Skilled trades occupations,56,55,1
S01007865,6. Caring leisure and other service occupations,26,3,23
S01007865,7. Sales and customer service occupations,36,9,27
S01007865,8. Process plant and machine operatives,26,24,2
S01007865,9. Elementary occupations,19,10,9
S01007866,All people aged 16 to 74 in employment,376,194,182
S01007866,1. Managers directors and senior officials,29,20,9
S01007866,2. Professional occupations,57,18,39
S01007866,3. Associate professional and technical occupations,63,37,26
S01007866,4. Administrative and secretarial occupations,52,6,46
S01007866,5. Skilled trades occupations,62,61,1
S01007866,6. Caring leisure and other service occupations,24,6,18
S01007866,7. Sales and customer service occupations,40,13,27
S01007866,8. Process plant and machine operatives,27,24,3
S01007866,9. Elementary occupations,22,9,13
S01007867,All people aged 16 to 74 in employment,239,119,120
S01007867,1. Managers directors and senior officials,26,19,7
S01007867,2. Professional occupations,66,27,39
S01007867,3. Associate professional and technical occupations,37,24,13
S01007867,4. Administrative and secretarial occupations,26,4,22
S01007867,5. Skilled trades occupations,27,27,0
S01007867,6. Caring leisure and other service occupations,19,2,17
S01007867,7. Sales and customer service occupations,15,2,13
S01007867,8. Process plant and machine operatives,4,4,0
S01007867,9. Elementary occupations,19,10,9
S01007868,All people aged 16 to 74 in employment,473,240,233
S01007868,1. Managers directors and senior officials,22,13,9
S01007868,2. Professional occupations,100,32,68
S01007868,3. Associate professional and technical occupations,67,42,25
S01007868,4. Administrative and secretarial occupations,62,8,54
S01007868,5. Skilled trades occupations,70,69,1
S01007868,6. Caring leisure and other service occupations,45,10,35
S01007868,7. Sales and customer service occupations,45,17,28
S01007868,8. Process plant and machine operatives,30,27,3
S01007868,9. Elementary occupations,32,22,10
S01007869,All people aged 16 to 74 in employment,490,244,246
S01007869,1. Managers directors and senior officials,38,19,19
S01007869,2. Professional occupations,171,77,94
S01007869,3. Associate professional and technical occupations,70,43,27
S01007869,4. Administrative and secretarial occupations,46,5,41
S01007869,5. Skilled trades occupations,36,36,0
S01007869,6. Caring leisure and other service occupations,38,10,28
S01007869,7. Sales and customer service occupations,36,15,21
S01007869,8. Process plant and machine operatives,23,22,1
S01007869,9. Elementary occupations,32,17,15
S01007870,All people aged 16 to 74 in employment,274,145,129
S01007870,1. Managers directors and senior officials,22,18,4
S01007870,2. Professional occupations,27,10,17
S01007870,3. Associate professional and technical occupations,23,10,13
S01007870,4. Administrative and secretarial occupations,22,7,15
S01007870,5. Skilled trades occupations,46,43,3
S01007870,6. Caring leisure and other service occupations,48,5,43
S01007870,7. Sales and customer service occupations,21,2,19
S01007870,8. Process plant and machine operatives,35,32,3
S01007870,9. Elementary occupations,30,18,12
S01007871,All people aged 16 to 74 in employment,209,111,98
S01007871,1. Managers directors and senior officials,10,5,5
S01007871,2. Professional occupations,13,8,5
S01007871,3. Associate professional and technical occupations,3,2,1
S01007871,4. Administrative and secretarial occupations,7,4,3
S01007871,5. Skilled trades occupations,33,27,6
S01007871,6. Caring leisure and other service occupations,50,8,42
S01007871,7. Sales and customer service occupations,19,7,12
S01007871,8. Process plant and machine operatives,20,18,2
S01007871,9. Elementary occupations,54,32,22
S01007872,All people aged 16 to 74 in employment,222,94,128
S01007872,1. Managers directors and senior officials,11,6,5
S01007872,2. Professional occupations,17,4,13
S01007872,3. Associate professional and technical occupations,9,6,3
S01007872,4. Administrative and secretarial occupations,13,2,11
S01007872,5. Skilled trades occupations,26,23,3
S01007872,6. Caring leisure and other service occupations,65,14,51
S01007872,7. Sales and customer service occupations,20,4,16
S01007872,8. Process plant and machine operatives,22,18,4
S01007872,9. Elementary occupations,39,17,22
S01007873,All people aged 16 to 74 in employment,307,159,148
S01007873,1. Managers directors and senior officials,12,6,6
S01007873,2. Professional occupations,24,11,13
S01007873,3. Associate professional and technical occupations,27,18,9
S01007873,4. Administrative and secretarial occupations,28,6,22
S01007873,5. Skilled trades occupations,49,44,5
S01007873,6. Caring leisure and other service occupations,65,17,48
S01007873,7. Sales and customer service occupations,19,6,13
S01007873,8. Process plant and machine operatives,26,24,2
S01007873,9. Elementary occupations,57,27,30
S01007874,All people aged 16 to 74 in employment,293,147,146
S01007874,1. Managers directors and senior officials,10,5,5
S01007874,2. Professional occupations,20,5,15
S01007874,3. Associate professional and technical occupations,24,17,7
S01007874,4. Administrative and secretarial occupations,30,7,23
S01007874,5. Skilled trades occupations,50,44,6
S01007874,6. Caring leisure and other service occupations,53,12,41
S01007874,7. Sales and customer service occupations,23,5,18
S01007874,8. Process plant and machine operatives,36,33,3
S01007874,9. Elementary occupations,47,19,28
S01007875,All people aged 16 to 74 in employment,257,122,135
S01007875,1. Managers directors and senior officials,17,10,7
S01007875,2. Professional occupations,35,8,27
S01007875,3. Associate professional and technical occupations,30,18,12
S01007875,4. Administrative and secretarial occupations,29,4,25
S01007875,5. Skilled trades occupations,25,25,0
S01007875,6. Caring leisure and other service occupations,28,3,25
S01007875,7. Sales and customer service occupations,25,8,17
S01007875,8. Process plant and machine operatives,26,24,2
S01007875,9. Elementary occupations,42,22,20
S01007876,All people aged 16 to 74 in employment,468,229,239
S01007876,1. Managers directors and senior officials,30,20,10
S01007876,2. Professional occupations,65,23,42
S01007876,3. Associate professional and technical occupations,67,40,27
S01007876,4. Administrative and secretarial occupations,55,5,50
S01007876,5. Skilled trades occupations,72,62,10
S01007876,6. Caring leisure and other service occupations,63,15,48
S01007876,7. Sales and customer service occupations,42,14,28
S01007876,8. Process plant and machine operatives,27,24,3
S01007876,9. Elementary occupations,47,26,21
S01007877,All people aged 16 to 74 in employment,326,179,147
S01007877,1. Managers directors and senior officials,16,9,7
S01007877,2. Professional occupations,28,14,14
S01007877,3. Associate professional and technical occupations,23,13,10
S01007877,4. Administrative and secretarial occupations,23,6,17
S01007877,5. Skilled trades occupations,53,47,6
S01007877,6. Caring leisure and other service occupations,61,11,50
S01007877,7. Sales and customer service occupations,33,12,21
S01007877,8. Process plant and machine operatives,40,37,3
S01007877,9. Elementary occupations,49,30,19
S01007878,All people aged 16 to 74 in employment,249,108,141
S01007878,1. Managers directors and senior officials,16,8,8
S01007878,2. Professional occupations,26,8,18
S01007878,3. Associate professional and technical occupations,14,8,6
S01007878,4. Administrative and secretarial occupations,14,3,11
S01007878,5. Skilled trades occupations,30,23,7
S01007878,6. Caring leisure and other service occupations,66,7,59
S01007878,7. Sales and customer service occupations,20,5,15
S01007878,8. Process plant and machine operatives,31,28,3
S01007878,9. Elementary occupations,32,18,14
S01007879,All people aged 16 to 74 in employment,273,132,141
S01007879,1. Managers directors and senior officials,10,6,4
S01007879,2. Professional occupations,17,4,13
S01007879,3. Associate professional and technical occupations,13,8,5
S01007879,4. Administrative and secretarial occupations,19,5,14
S01007879,5. Skilled trades occupations,40,35,5
S01007879,6. Caring leisure and other service occupations,69,9,60
S01007879,7. Sales and customer service occupations,21,6,15
S01007879,8. Process plant and machine operatives,43,42,1
S01007879,9. Elementary occupations,41,17,24
S01007880,All people aged 16 to 74 in employment,197,106,91
S01007880,1. Managers directors and senior officials,20,11,9
S01007880,2. Professional occupations,30,13,17
S01007880,3. Associate professional and technical occupations,32,16,16
S01007880,4. Administrative and secretarial occupations,18,1,17
S01007880,5. Skilled trades occupations,41,36,5
S01007880,6. Caring leisure and other service occupations,17,5,12
S01007880,7. Sales and customer service occupations,5,3,2
S01007880,8. Process plant and machine operatives,15,14,1
S01007880,9. Elementary occupations,19,7,12
S01007881,All people aged 16 to 74 in employment,216,123,93
S01007881,1. Managers directors and senior officials,15,9,6
S01007881,2. Professional occupations,24,10,14
S01007881,3. Associate professional and technical occupations,15,9,6
S01007881,4. Administrative and secretarial occupations,20,6,14
S01007881,5. Skilled trades occupations,41,38,3
S01007881,6. Caring leisure and other service occupations,32,7,25
S01007881,7. Sales and customer service occupations,17,7,10
S01007881,8. Process plant and machine operatives,25,22,3
S01007881,9. Elementary occupations,27,15,12
S01007882,All people aged 16 to 74 in employment,421,222,199
S01007882,1. Managers directors and senior officials,51,34,17
S01007882,2. Professional occupations,86,30,56
S01007882,3. Associate professional and technical occupations,38,18,20
S01007882,4. Administrative and secretarial occupations,39,5,34
S01007882,5. Skilled trades occupations,95,82,13
S01007882,6. Caring leisure and other service occupations,26,3,23
S01007882,7. Sales and customer service occupations,21,7,14
S01007882,8. Process plant and machine operatives,24,21,3
S01007882,9. Elementary occupations,41,22,19
S01007883,All people aged 16 to 74 in employment,537,269,268
S01007883,1. Managers directors and senior officials,47,28,19
S01007883,2. Professional occupations,79,18,61
S01007883,3. Associate professional and technical occupations,51,26,25
S01007883,4. Administrative and secretarial occupations,65,15,50
S01007883,5. Skilled trades occupations,84,81,3
S01007883,6. Caring leisure and other service occupations,63,9,54
S01007883,7. Sales and customer service occupations,43,14,29
S01007883,8. Process plant and machine operatives,52,46,6
S01007883,9. Elementary occupations,53,32,21
S01007884,All people aged 16 to 74 in employment,301,150,151
S01007884,1. Managers directors and senior officials,14,10,4
S01007884,2. Professional occupations,25,10,15
S01007884,3. Associate professional and technical occupations,25,17,8
S01007884,4. Administrative and secretarial occupations,42,9,33
S01007884,5. Skilled trades occupations,48,43,5
S01007884,6. Caring leisure and other service occupations,50,6,44
S01007884,7. Sales and customer service occupations,23,6,17
S01007884,8. Process plant and machine operatives,39,34,5
S01007884,9. Elementary occupations,35,15,20
S01007885,All people aged 16 to 74 in employment,268,145,123
S01007885,1. Managers directors and senior officials,11,6,5
S01007885,2. Professional occupations,24,4,20
S01007885,3. Associate professional and technical occupations,26,16,10
S01007885,4. Administrative and secretarial occupations,16,3,13
S01007885,5. Skilled trades occupations,37,36,1
S01007885,6. Caring leisure and other service occupations,42,8,34
S01007885,7. Sales and customer service occupations,19,5,14
S01007885,8. Process plant and machine operatives,35,29,6
S01007885,9. Elementary occupations,58,38,20
S01007886,All people aged 16 to 74 in employment,394,206,188
S01007886,1. Managers directors and senior officials,23,16,7
S01007886,2. Professional occupations,52,21,31
S01007886,3. Associate professional and technical occupations,37,20,17
S01007886,4. Administrative and secretarial occupations,50,12,38
S01007886,5. Skilled trades occupations,67,60,7
S01007886,6. Caring leisure and other service occupations,64,14,50
S01007886,7. Sales and customer service occupations,23,9,14
S01007886,8. Process plant and machine operatives,38,31,7
S01007886,9. Elementary occupations,40,23,17
S01007887,All people aged 16 to 74 in employment,307,167,140
S01007887,1. Managers directors and senior officials,31,20,11
S01007887,2. Professional occupations,48,15,33
S01007887,3. Associate professional and technical occupations,34,24,10
S01007887,4. Administrative and secretarial occupations,28,3,25
S01007887,5. Skilled trades occupations,80,69,11
S01007887,6. Caring leisure and other service occupations,28,4,24
S01007887,7. Sales and customer service occupations,17,7,10
S01007887,8. Process plant and machine operatives,16,15,1
S01007887,9. Elementary occupations,25,10,15
S01007888,All people aged 16 to 74 in employment,418,205,213
S01007888,1. Managers directors and senior officials,10,5,5
S01007888,2. Professional occupations,22,7,15
S01007888,3. Associate professional and technical occupations,20,13,7
S01007888,4. Administrative and secretarial occupations,23,4,19
S01007888,5. Skilled trades occupations,73,64,9
S01007888,6. Caring leisure and other service occupations,72,16,56
S01007888,7. Sales and customer service occupations,52,11,41
S01007888,8. Process plant and machine operatives,51,43,8
S01007888,9. Elementary occupations,95,42,53
S01007889,All people aged 16 to 74 in employment,218,103,115
S01007889,1. Managers directors and senior officials,8,4,4
S01007889,2. Professional occupations,11,3,8
S01007889,3. Associate professional and technical occupations,19,12,7
S01007889,4. Administrative and secretarial occupations,19,3,16
S01007889,5. Skilled trades occupations,32,30,2
S01007889,6. Caring leisure and other service occupations,34,5,29
S01007889,7. Sales and customer service occupations,24,5,19
S01007889,8. Process plant and machine operatives,33,25,8
S01007889,9. Elementary occupations,38,16,22
S01007890,All people aged 16 to 74 in employment,346,163,183
S01007890,1. Managers directors and senior officials,18,10,8
S01007890,2. Professional occupations,31,9,22
S01007890,3. Associate professional and technical occupations,30,13,17
S01007890,4. Administrative and secretarial occupations,28,4,24
S01007890,5. Skilled trades occupations,58,52,6
S01007890,6. Caring leisure and other service occupations,39,4,35
S01007890,7. Sales and customer service occupations,48,12,36
S01007890,8. Process plant and machine operatives,40,36,4
S01007890,9. Elementary occupations,54,23,31
S01007891,All people aged 16 to 74 in employment,418,206,212
S01007891,1. Managers directors and senior officials,32,16,16
S01007891,2. Professional occupations,40,11,29
S01007891,3. Associate professional and technical occupations,50,31,19
S01007891,4. Administrative and secretarial occupations,48,4,44
S01007891,5. Skilled trades occupations,72,67,5
S01007891,6. Caring leisure and other service occupations,64,11,53
S01007891,7. Sales and customer service occupations,28,7,21
S01007891,8. Process plant and machine operatives,39,35,4
S01007891,9. Elementary occupations,45,24,21
S01007892,All people aged 16 to 74 in employment,378,199,179
S01007892,1. Managers directors and senior officials,28,20,8
S01007892,2. Professional occupations,62,26,36
S01007892,3. Associate professional and technical occupations,48,27,21
S01007892,4. Administrative and secretarial occupations,47,12,35
S01007892,5. Skilled trades occupations,63,57,6
S01007892,6. Caring leisure and other service occupations,32,2,30
S01007892,7. Sales and customer service occupations,34,14,20
S01007892,8. Process plant and machine operatives,26,22,4
S01007892,9. Elementary occupations,38,19,19
S01007893,All people aged 16 to 74 in employment,487,251,236
S01007893,1. Managers directors and senior officials,47,31,16
S01007893,2. Professional occupations,104,44,60
S01007893,3. Associate professional and technical occupations,47,26,21
S01007893,4. Administrative and secretarial occupations,50,8,42
S01007893,5. Skilled trades occupations,82,76,6
S01007893,6. Caring leisure and other service occupations,52,9,43
S01007893,7. Sales and customer service occupations,37,9,28
S01007893,8. Process plant and machine operatives,37,35,2
S01007893,9. Elementary occupations,31,13,18
S01007894,All people aged 16 to 74 in employment,450,238,212
S01007894,1. Managers directors and senior officials,16,11,5
S01007894,2. Professional occupations,59,23,36
S01007894,3. Associate professional and technical occupations,33,22,11
S01007894,4. Administrative and secretarial occupations,46,11,35
S01007894,5. Skilled trades occupations,82,78,4
S01007894,6. Caring leisure and other service occupations,56,11,45
S01007894,7. Sales and customer service occupations,35,6,29
S01007894,8. Process plant and machine operatives,57,48,9
S01007894,9. Elementary occupations,66,28,38
S01007895,All people aged 16 to 74 in employment,240,121,119
S01007895,1. Managers directors and senior officials,29,16,13
S01007895,2. Professional occupations,32,11,21
S01007895,3. Associate professional and technical occupations,30,19,11
S01007895,4. Administrative and secretarial occupations,23,4,19
S01007895,5. Skilled trades occupations,28,28,0
S01007895,6. Caring leisure and other service occupations,30,5,25
S01007895,7. Sales and customer service occupations,20,7,13
S01007895,8. Process plant and machine operatives,23,17,6
S01007895,9. Elementary occupations,25,14,11
S01007896,All people aged 16 to 74 in employment,331,172,159
S01007896,1. Managers directors and senior officials,12,6,6
S01007896,2. Professional occupations,28,8,20
S01007896,3. Associate professional and technical occupations,30,17,13
S01007896,4. Administrative and secretarial occupations,25,5,20
S01007896,5. Skilled trades occupations,49,47,2
S01007896,6. Caring leisure and other service occupations,61,8,53
S01007896,7. Sales and customer service occupations,27,5,22
S01007896,8. Process plant and machine operatives,58,53,5
S01007896,9. Elementary occupations,41,23,18
S01007897,All people aged 16 to 74 in employment,230,129,101
S01007897,1. Managers directors and senior officials,20,14,6
S01007897,2. Professional occupations,40,14,26
S01007897,3. Associate professional and technical occupations,28,18,10
S01007897,4. Administrative and secretarial occupations,20,1,19
S01007897,5. Skilled trades occupations,55,50,5
S01007897,6. Caring leisure and other service occupations,17,3,14
S01007897,7. Sales and customer service occupations,9,2,7
S01007897,8. Process plant and machine operatives,18,15,3
S01007897,9. Elementary occupations,23,12,11
S01007898,All people aged 16 to 74 in employment,233,127,106
S01007898,1. Managers directors and senior officials,21,8,13
S01007898,2. Professional occupations,27,12,15
S01007898,3. Associate professional and technical occupations,19,9,10
S01007898,4. Administrative and secretarial occupations,20,2,18
S01007898,5. Skilled trades occupations,61,55,6
S01007898,6. Caring leisure and other service occupations,34,8,26
S01007898,7. Sales and customer service occupations,8,2,6
S01007898,8. Process plant and machine operatives,22,18,4
S01007898,9. Elementary occupations,21,13,8
S01007899,All people aged 16 to 74 in employment,199,111,88
S01007899,1. Managers directors and senior officials,18,13,5
S01007899,2. Professional occupations,23,9,14
S01007899,3. Associate professional and technical occupations,12,6,6
S01007899,4. Administrative and secretarial occupations,24,1,23
S01007899,5. Skilled trades occupations,53,44,9
S01007899,6. Caring leisure and other service occupations,20,4,16
S01007899,7. Sales and customer service occupations,9,2,7
S01007899,8. Process plant and machine operatives,26,23,3
S01007899,9. Elementary occupations,14,9,5
S01007900,All people aged 16 to 74 in employment,214,114,100
S01007900,1. Managers directors and senior officials,7,4,3
S01007900,2. Professional occupations,18,2,16
S01007900,3. Associate professional and technical occupations,12,7,5
S01007900,4. Administrative and secretarial occupations,16,5,11
S01007900,5. Skilled trades occupations,30,29,1
S01007900,6. Caring leisure and other service occupations,45,9,36
S01007900,7. Sales and customer service occupations,14,2,12
S01007900,8. Process plant and machine operatives,44,37,7
S01007900,9. Elementary occupations,28,19,9
S01007901,All people aged 16 to 74 in employment,291,149,142
S01007901,1. Managers directors and senior officials,11,8,3
S01007901,2. Professional occupations,19,7,12
S01007901,3. Associate professional and technical occupations,16,8,8
S01007901,4. Administrative and secretarial occupations,31,4,27
S01007901,5. Skilled trades occupations,48,44,4
S01007901,6. Caring leisure and other service occupations,48,9,39
S01007901,7. Sales and customer service occupations,22,3,19
S01007901,8. Process plant and machine operatives,52,49,3
S01007901,9. Elementary occupations,44,17,27
S01007902,All people aged 16 to 74 in employment,323,166,157
S01007902,1. Managers directors and senior officials,7,3,4
S01007902,2. Professional occupations,18,7,11
S01007902,3. Associate professional and technical occupations,21,10,11
S01007902,4. Administrative and secretarial occupations,32,4,28
S01007902,5. Skilled trades occupations,59,52,7
S01007902,6. Caring leisure and other service occupations,52,6,46
S01007902,7. Sales and customer service occupations,28,5,23
S01007902,8. Process plant and machine operatives,63,58,5
S01007902,9. Elementary occupations,43,21,22
S01007903,All people aged 16 to 74 in employment,228,122,106
S01007903,1. Managers directors and senior officials,18,13,5
S01007903,2. Professional occupations,12,7,5
S01007903,3. Associate professional and technical occupations,20,6,14
S01007903,4. Administrative and secretarial occupations,32,3,29
S01007903,5. Skilled trades occupations,42,40,2
S01007903,6. Caring leisure and other service occupations,30,4,26
S01007903,7. Sales and customer service occupations,15,4,11
S01007903,8. Process plant and machine operatives,38,37,1
S01007903,9. Elementary occupations,21,8,13
S01007904,All people aged 16 to 74 in employment,398,222,176
S01007904,1. Managers directors and senior officials,32,21,11
S01007904,2. Professional occupations,78,30,48
S01007904,3. Associate professional and technical occupations,48,23,25
S01007904,4. Administrative and secretarial occupations,36,7,29
S01007904,5. Skilled trades occupations,93,77,16
S01007904,6. Caring leisure and other service occupations,29,3,26
S01007904,7. Sales and customer service occupations,16,4,12
S01007904,8. Process plant and machine operatives,39,34,5
S01007904,9. Elementary occupations,27,23,4
S01007905,All people aged 16 to 74 in employment,232,122,110
S01007905,1. Managers directors and senior officials,7,3,4
S01007905,2. Professional occupations,10,3,7
S01007905,3. Associate professional and technical occupations,11,6,5
S01007905,4. Administrative and secretarial occupations,11,1,10
S01007905,5. Skilled trades occupations,28,25,3
S01007905,6. Caring leisure and other service occupations,39,6,33
S01007905,7. Sales and customer service occupations,25,7,18
S01007905,8. Process plant and machine operatives,59,45,14
S01007905,9. Elementary occupations,42,26,16
S01007906,All people aged 16 to 74 in employment,261,124,137
S01007906,1. Managers directors and senior officials,11,3,8
S01007906,2. Professional occupations,14,3,11
S01007906,3. Associate professional and technical occupations,18,9,9
S01007906,4. Administrative and secretarial occupations,19,3,16
S01007906,5. Skilled trades occupations,44,39,5
S01007906,6. Caring leisure and other service occupations,38,3,35
S01007906,7. Sales and customer service occupations,20,3,17
S01007906,8. Process plant and machine operatives,59,46,13
S01007906,9. Elementary occupations,38,15,23
S01007907,All people aged 16 to 74 in employment,218,113,105
S01007907,1. Managers directors and senior officials,10,7,3
S01007907,2. Professional occupations,18,8,10
S01007907,3. Associate professional and technical occupations,10,6,4
S01007907,4. Administrative and secretarial occupations,23,4,19
S01007907,5. Skilled trades occupations,27,23,4
S01007907,6. Caring leisure and other service occupations,32,4,28
S01007907,7. Sales and customer service occupations,16,1,15
S01007907,8. Process plant and machine operatives,48,42,6
S01007907,9. Elementary occupations,34,18,16
S01007908,All people aged 16 to 74 in employment,380,204,176
S01007908,1. Managers directors and senior officials,32,17,15
S01007908,2. Professional occupations,38,12,26
S01007908,3. Associate professional and technical occupations,29,18,11
S01007908,4. Administrative and secretarial occupations,28,3,25
S01007908,5. Skilled trades occupations,63,62,1
S01007908,6. Caring leisure and other service occupations,60,8,52
S01007908,7. Sales and customer service occupations,24,6,18
S01007908,8. Process plant and machine operatives,61,59,2
S01007908,9. Elementary occupations,45,19,26
S01007909,All people aged 16 to 74 in employment,241,133,108
S01007909,1. Managers directors and senior officials,8,4,4
S01007909,2. Professional occupations,14,6,8
S01007909,3. Associate professional and technical occupations,21,7,14
S01007909,4. Administrative and secretarial occupations,23,6,17
S01007909,5. Skilled trades occupations,33,33,0
S01007909,6. Caring leisure and other service occupations,41,6,35
S01007909,7. Sales and customer service occupations,15,2,13
S01007909,8. Process plant and machine operatives,46,43,3
S01007909,9. Elementary occupations,40,26,14
S01007910,All people aged 16 to 74 in employment,351,170,181
S01007910,1. Managers directors and senior officials,22,10,12
S01007910,2. Professional occupations,29,8,21
S01007910,3. Associate professional and technical occupations,21,13,8
S01007910,4. Administrative and secretarial occupations,30,3,27
S01007910,5. Skilled trades occupations,64,54,10
S01007910,6. Caring leisure and other service occupations,60,7,53
S01007910,7. Sales and customer service occupations,22,3,19
S01007910,8. Process plant and machine operatives,41,38,3
S01007910,9. Elementary occupations,62,34,28
S01007911,All people aged 16 to 74 in employment,355,182,173
S01007911,1. Managers directors and senior officials,26,19,7
S01007911,2. Professional occupations,32,7,25
S01007911,3. Associate professional and technical occupations,38,23,15
S01007911,4. Administrative and secretarial occupations,46,6,40
S01007911,5. Skilled trades occupations,46,44,2
S01007911,6. Caring leisure and other service occupations,54,11,43
S01007911,7. Sales and customer service occupations,26,7,19
S01007911,8. Process plant and machine operatives,49,47,2
S01007911,9. Elementary occupations,38,18,20
S01007912,All people aged 16 to 74 in employment,348,170,178
S01007912,1. Managers directors and senior officials,16,10,6
S01007912,2. Professional occupations,29,7,22
S01007912,3. Associate professional and technical occupations,31,13,18
S01007912,4. Administrative and secretarial occupations,32,7,25
S01007912,5. Skilled trades occupations,44,40,4
S01007912,6. Caring leisure and other service occupations,76,18,58
S01007912,7. Sales and customer service occupations,24,5,19
S01007912,8. Process plant and machine operatives,57,50,7
S01007912,9. Elementary occupations,39,20,19
S01007913,All people aged 16 to 74 in employment,237,126,111
S01007913,1. Managers directors and senior officials,8,4,4
S01007913,2. Professional occupations,15,2,13
S01007913,3. Associate professional and technical occupations,13,7,6
S01007913,4. Administrative and secretarial occupations,24,4,20
S01007913,5. Skilled trades occupations,38,34,4
S01007913,6. Caring leisure and other service occupations,27,4,23
S01007913,7. Sales and customer service occupations,21,4,17
S01007913,8. Process plant and machine operatives,43,40,3
S01007913,9. Elementary occupations,48,27,21
S01007914,All people aged 16 to 74 in employment,239,122,117
S01007914,1. Managers directors and senior officials,7,5,2
S01007914,2. Professional occupations,20,6,14
S01007914,3. Associate professional and technical occupations,16,9,7
S01007914,4. Administrative and secretarial occupations,24,5,19
S01007914,5. Skilled trades occupations,31,27,4
S01007914,6. Caring leisure and other service occupations,37,7,30
S01007914,7. Sales and customer service occupations,22,2,20
S01007914,8. Process plant and machine operatives,35,33,2
S01007914,9. Elementary occupations,47,28,19
S01007915,All people aged 16 to 74 in employment,374,189,185
S01007915,1. Managers directors and senior officials,14,8,6
S01007915,2. Professional occupations,34,14,20
S01007915,3. Associate professional and technical occupations,23,14,9
S01007915,4. Administrative and secretarial occupations,42,9,33
S01007915,5. Skilled trades occupations,61,56,5
S01007915,6. Caring leisure and other service occupations,83,15,68
S01007915,7. Sales and customer service occupations,29,7,22
S01007915,8. Process plant and machine operatives,40,38,2
S01007915,9. Elementary occupations,48,28,20
S01007916,All people aged 16 to 74 in employment,302,150,152
S01007916,1. Managers directors and senior officials,8,6,2
S01007916,2. Professional occupations,34,10,24
S01007916,3. Associate professional and technical occupations,31,18,13
S01007916,4. Administrative and secretarial occupations,36,5,31
S01007916,5. Skilled trades occupations,37,35,2
S01007916,6. Caring leisure and other service occupations,48,10,38
S01007916,7. Sales and customer service occupations,30,8,22
S01007916,8. Process plant and machine operatives,30,28,2
S01007916,9. Elementary occupations,48,30,18
S01007917,All people aged 16 to 74 in employment,369,188,181
S01007917,1. Managers directors and senior officials,20,7,13
S01007917,2. Professional occupations,25,10,15
S01007917,3. Associate professional and technical occupations,26,15,11
S01007917,4. Administrative and secretarial occupations,37,4,33
S01007917,5. Skilled trades occupations,51,49,2
S01007917,6. Caring leisure and other service occupations,71,15,56
S01007917,7. Sales and customer service occupations,21,2,19
S01007917,8. Process plant and machine operatives,62,56,6
S01007917,9. Elementary occupations,56,30,26
S01007918,All people aged 16 to 74 in employment,413,213,200
S01007918,1. Managers directors and senior officials,21,11,10
S01007918,2. Professional occupations,51,20,31
S01007918,3. Associate professional and technical occupations,42,22,20
S01007918,4. Administrative and secretarial occupations,59,8,51
S01007918,5. Skilled trades occupations,60,59,1
S01007918,6. Caring leisure and other service occupations,61,16,45
S01007918,7. Sales and customer service occupations,22,7,15
S01007918,8. Process plant and machine operatives,48,45,3
S01007918,9. Elementary occupations,49,25,24
S01007919,All people aged 16 to 74 in employment,383,209,174
S01007919,1. Managers directors and senior officials,36,26,10
S01007919,2. Professional occupations,85,38,47
S01007919,3. Associate professional and technical occupations,58,37,21
S01007919,4. Administrative and secretarial occupations,53,8,45
S01007919,5. Skilled trades occupations,49,44,5
S01007919,6. Caring leisure and other service occupations,24,3,21
S01007919,7. Sales and customer service occupations,28,12,16
S01007919,8. Process plant and machine operatives,31,29,2
S01007919,9. Elementary occupations,19,12,7
S01007920,All people aged 16 to 74 in employment,314,168,146
S01007920,1. Managers directors and senior officials,29,17,12
S01007920,2. Professional occupations,48,19,29
S01007920,3. Associate professional and technical occupations,46,30,16
S01007920,4. Administrative and secretarial occupations,46,6,40
S01007920,5. Skilled trades occupations,50,46,4
S01007920,6. Caring leisure and other service occupations,30,5,25
S01007920,7. Sales and customer service occupations,12,2,10
S01007920,8. Process plant and machine operatives,32,31,1
S01007920,9. Elementary occupations,21,12,9
S01007921,All people aged 16 to 74 in employment,358,177,181
S01007921,1. Managers directors and senior officials,8,3,5
S01007921,2. Professional occupations,22,7,15
S01007921,3. Associate professional and technical occupations,21,9,12
S01007921,4. Administrative and secretarial occupations,25,6,19
S01007921,5. Skilled trades occupations,69,61,8
S01007921,6. Caring leisure and other service occupations,76,13,63
S01007921,7. Sales and customer service occupations,24,4,20
S01007921,8. Process plant and machine operatives,45,39,6
S01007921,9. Elementary occupations,68,35,33
S01007922,All people aged 16 to 74 in employment,332,165,167
S01007922,1. Managers directors and senior officials,12,7,5
S01007922,2. Professional occupations,24,8,16
S01007922,3. Associate professional and technical occupations,24,12,12
S01007922,4. Administrative and secretarial occupations,30,4,26
S01007922,5. Skilled trades occupations,54,50,4
S01007922,6. Caring leisure and other service occupations,56,8,48
S01007922,7. Sales and customer service occupations,25,7,18
S01007922,8. Process plant and machine operatives,47,40,7
S01007922,9. Elementary occupations,60,29,31
S01007923,All people aged 16 to 74 in employment,495,251,244
S01007923,1. Managers directors and senior officials,38,20,18
S01007923,2. Professional occupations,64,17,47
S01007923,3. Associate professional and technical occupations,42,28,14
S01007923,4. Administrative and secretarial occupations,46,5,41
S01007923,5. Skilled trades occupations,92,88,4
S01007923,6. Caring leisure and other service occupations,68,15,53
S01007923,7. Sales and customer service occupations,45,11,34
S01007923,8. Process plant and machine operatives,51,46,5
S01007923,9. Elementary occupations,49,21,28
S01007924,All people aged 16 to 74 in employment,379,190,189
S01007924,1. Managers directors and senior officials,21,11,10
S01007924,2. Professional occupations,35,6,29
S01007924,3. Associate professional and technical occupations,29,17,12
S01007924,4. Administrative and secretarial occupations,31,4,27
S01007924,5. Skilled trades occupations,59,56,3
S01007924,6. Caring leisure and other service occupations,60,14,46
S01007924,7. Sales and customer service occupations,34,11,23
S01007924,8. Process plant and machine operatives,42,39,3
S01007924,9. Elementary occupations,68,32,36
S01007925,All people aged 16 to 74 in employment,253,145,108
S01007925,1. Managers directors and senior officials,32,21,11
S01007925,2. Professional occupations,44,16,28
S01007925,3. Associate professional and technical occupations,30,17,13
S01007925,4. Administrative and secretarial occupations,16,2,14
S01007925,5. Skilled trades occupations,81,64,17
S01007925,6. Caring leisure and other service occupations,11,3,8
S01007925,7. Sales and customer service occupations,10,4,6
S01007925,8. Process plant and machine operatives,15,12,3
S01007925,9. Elementary occupations,14,6,8
S01007926,All people aged 16 to 74 in employment,267,143,124
S01007926,1. Managers directors and senior officials,33,22,11
S01007926,2. Professional occupations,45,23,22
S01007926,3. Associate professional and technical occupations,39,17,22
S01007926,4. Administrative and secretarial occupations,33,6,27
S01007926,5. Skilled trades occupations,50,44,6
S01007926,6. Caring leisure and other service occupations,20,6,14
S01007926,7. Sales and customer service occupations,19,5,14
S01007926,8. Process plant and machine operatives,14,14,0
S01007926,9. Elementary occupations,14,6,8
S01007927,All people aged 16 to 74 in employment,358,189,169
S01007927,1. Managers directors and senior officials,45,30,15
S01007927,2. Professional occupations,68,27,41
S01007927,3. Associate professional and technical occupations,58,27,31
S01007927,4. Administrative and secretarial occupations,32,5,27
S01007927,5. Skilled trades occupations,82,69,13
S01007927,6. Caring leisure and other service occupations,30,5,25
S01007927,7. Sales and customer service occupations,18,6,12
S01007927,8. Process plant and machine operatives,11,10,1
S01007927,9. Elementary occupations,14,10,4
S01007928,All people aged 16 to 74 in employment,473,237,236
S01007928,1. Managers directors and senior officials,68,40,28
S01007928,2. Professional occupations,88,38,50
S01007928,3. Associate professional and technical occupations,76,32,44
S01007928,4. Administrative and secretarial occupations,46,6,40
S01007928,5. Skilled trades occupations,68,57,11
S01007928,6. Caring leisure and other service occupations,41,5,36
S01007928,7. Sales and customer service occupations,26,12,14
S01007928,8. Process plant and machine operatives,33,32,1
S01007928,9. Elementary occupations,27,15,12
S01007929,All people aged 16 to 74 in employment,417,227,190
S01007929,1. Managers directors and senior officials,56,40,16
S01007929,2. Professional occupations,85,35,50
S01007929,3. Associate professional and technical occupations,57,30,27
S01007929,4. Administrative and secretarial occupations,28,2,26
S01007929,5. Skilled trades occupations,89,81,8
S01007929,6. Caring leisure and other service occupations,33,4,29
S01007929,7. Sales and customer service occupations,25,5,20
S01007929,8. Process plant and machine operatives,19,16,3
S01007929,9. Elementary occupations,25,14,11
S01007930,All people aged 16 to 74 in employment,344,181,163
S01007930,1. Managers directors and senior officials,50,32,18
S01007930,2. Professional occupations,71,25,46
S01007930,3. Associate professional and technical occupations,36,19,17
S01007930,4. Administrative and secretarial occupations,27,1,26
S01007930,5. Skilled trades occupations,74,66,8
S01007930,6. Caring leisure and other service occupations,21,6,15
S01007930,7. Sales and customer service occupations,24,5,19
S01007930,8. Process plant and machine operatives,19,17,2
S01007930,9. Elementary occupations,22,10,12
S01007931,All people aged 16 to 74 in employment,509,254,255
S01007931,1. Managers directors and senior officials,63,37,26
S01007931,2. Professional occupations,138,69,69
S01007931,3. Associate professional and technical occupations,77,38,39
S01007931,4. Administrative and secretarial occupations,57,7,50
S01007931,5. Skilled trades occupations,47,38,9
S01007931,6. Caring leisure and other service occupations,24,4,20
S01007931,7. Sales and customer service occupations,33,13,20
S01007931,8. Process plant and machine operatives,33,30,3
S01007931,9. Elementary occupations,37,18,19
S01007932,All people aged 16 to 74 in employment,385,200,185
S01007932,1. Managers directors and senior officials,46,33,13
S01007932,2. Professional occupations,92,41,51
S01007932,3. Associate professional and technical occupations,58,39,19
S01007932,4. Administrative and secretarial occupations,41,8,33
S01007932,5. Skilled trades occupations,32,30,2
S01007932,6. Caring leisure and other service occupations,37,6,31
S01007932,7. Sales and customer service occupations,31,10,21
S01007932,8. Process plant and machine operatives,24,20,4
S01007932,9. Elementary occupations,24,13,11
S01007933,All people aged 16 to 74 in employment,397,199,198
S01007933,1. Managers directors and senior officials,40,25,15
S01007933,2. Professional occupations,71,25,46
S01007933,3. Associate professional and technical occupations,55,32,23
S01007933,4. Administrative and secretarial occupations,37,10,27
S01007933,5. Skilled trades occupations,52,48,4
S01007933,6. Caring leisure and other service occupations,40,7,33
S01007933,7. Sales and customer service occupations,36,9,27
S01007933,8. Process plant and machine operatives,22,19,3
S01007933,9. Elementary occupations,44,24,20
S01007934,All people aged 16 to 74 in employment,320,161,159
S01007934,1. Managers directors and senior officials,23,16,7
S01007934,2. Professional occupations,42,18,24
S01007934,3. Associate professional and technical occupations,49,30,19
S01007934,4. Administrative and secretarial occupations,44,8,36
S01007934,5. Skilled trades occupations,36,32,4
S01007934,6. Caring leisure and other service occupations,27,5,22
S01007934,7. Sales and customer service occupations,38,11,27
S01007934,8. Process plant and machine operatives,21,19,2
S01007934,9. Elementary occupations,40,22,18
S01007935,All people aged 16 to 74 in employment,368,194,174
S01007935,1. Managers directors and senior officials,26,17,9
S01007935,2. Professional occupations,65,26,39
S01007935,3. Associate professional and technical occupations,46,27,19
S01007935,4. Administrative and secretarial occupations,49,6,43
S01007935,5. Skilled trades occupations,83,76,7
S01007935,6. Caring leisure and other service occupations,29,2,27
S01007935,7. Sales and customer service occupations,30,12,18
S01007935,8. Process plant and machine operatives,14,13,1
S01007935,9. Elementary occupations,26,15,11
S01007936,All people aged 16 to 74 in employment,545,290,255
S01007936,1. Managers directors and senior officials,64,47,17
S01007936,2. Professional occupations,135,65,70
S01007936,3. Associate professional and technical occupations,87,50,37
S01007936,4. Administrative and secretarial occupations,76,19,57
S01007936,5. Skilled trades occupations,56,52,4
S01007936,6. Caring leisure and other service occupations,27,1,26
S01007936,7. Sales and customer service occupations,42,17,25
S01007936,8. Process plant and machine operatives,29,26,3
S01007936,9. Elementary occupations,29,13,16
S01007937,All people aged 16 to 74 in employment,567,280,287
S01007937,1. Managers directors and senior officials,53,27,26
S01007937,2. Professional occupations,110,46,64
S01007937,3. Associate professional and technical occupations,95,46,49
S01007937,4. Administrative and secretarial occupations,75,19,56
S01007937,5. Skilled trades occupations,60,54,6
S01007937,6. Caring leisure and other service occupations,47,7,40
S01007937,7. Sales and customer service occupations,58,28,30
S01007937,8. Process plant and machine operatives,35,32,3
S01007937,9. Elementary occupations,34,21,13
S01007938,All people aged 16 to 74 in employment,334,159,175
S01007938,1. Managers directors and senior officials,22,14,8
S01007938,2. Professional occupations,36,14,22
S01007938,3. Associate professional and technical occupations,39,25,14
S01007938,4. Administrative and secretarial occupations,49,8,41
S01007938,5. Skilled trades occupations,56,50,6
S01007938,6. Caring leisure and other service occupations,40,3,37
S01007938,7. Sales and customer service occupations,38,8,30
S01007938,8. Process plant and machine operatives,18,15,3
S01007938,9. Elementary occupations,36,22,14
S01007939,All people aged 16 to 74 in employment,348,175,173
S01007939,1. Managers directors and senior officials,17,9,8
S01007939,2. Professional occupations,24,5,19
S01007939,3. Associate professional and technical occupations,40,18,22
S01007939,4. Administrative and secretarial occupations,38,3,35
S01007939,5. Skilled trades occupations,50,45,5
S01007939,6. Caring leisure and other service occupations,51,9,42
S01007939,7. Sales and customer service occupations,41,17,24
S01007939,8. Process plant and machine operatives,45,40,5
S01007939,9. Elementary occupations,42,29,13
S01007940,All people aged 16 to 74 in employment,457,247,210
S01007940,1. Managers directors and senior officials,35,23,12
S01007940,2. Professional occupations,62,25,37
S01007940,3. Associate professional and technical occupations,50,34,16
S01007940,4. Administrative and secretarial occupations,54,8,46
S01007940,5. Skilled trades occupations,76,66,10
S01007940,6. Caring leisure and other service occupations,42,4,38
S01007940,7. Sales and customer service occupations,29,10,19
S01007940,8. Process plant and machine operatives,48,46,2
S01007940,9. Elementary occupations,61,31,30
S01007941,All people aged 16 to 74 in employment,348,179,169
S01007941,1. Managers directors and senior officials,37,27,10
S01007941,2. Professional occupations,53,23,30
S01007941,3. Associate professional and technical occupations,35,17,18
S01007941,4. Administrative and secretarial occupations,45,10,35
S01007941,5. Skilled trades occupations,54,48,6
S01007941,6. Caring leisure and other service occupations,36,5,31
S01007941,7. Sales and customer service occupations,34,11,23
S01007941,8. Process plant and machine operatives,29,25,4
S01007941,9. Elementary occupations,25,13,12
S01007942,All people aged 16 to 74 in employment,236,125,111
S01007942,1. Managers directors and senior officials,14,11,3
S01007942,2. Professional occupations,29,14,15
S01007942,3. Associate professional and technical occupations,31,20,11
S01007942,4. Administrative and secretarial occupations,33,4,29
S01007942,5. Skilled trades occupations,37,36,1
S01007942,6. Caring leisure and other service occupations,23,4,19
S01007942,7. Sales and customer service occupations,17,6,11
S01007942,8. Process plant and machine operatives,28,18,10
S01007942,9. Elementary occupations,24,12,12
S01007943,All people aged 16 to 74 in employment,281,144,137
S01007943,1. Managers directors and senior officials,18,13,5
S01007943,2. Professional occupations,42,16,26
S01007943,3. Associate professional and technical occupations,38,22,16
S01007943,4. Administrative and secretarial occupations,36,7,29
S01007943,5. Skilled trades occupations,46,37,9
S01007943,6. Caring leisure and other service occupations,17,5,12
S01007943,7. Sales and customer service occupations,30,7,23
S01007943,8. Process plant and machine operatives,23,19,4
S01007943,9. Elementary occupations,31,18,13
S01007944,All people aged 16 to 74 in employment,410,220,190
S01007944,1. Managers directors and senior officials,33,18,15
S01007944,2. Professional occupations,49,21,28
S01007944,3. Associate professional and technical occupations,43,27,16
S01007944,4. Administrative and secretarial occupations,35,4,31
S01007944,5. Skilled trades occupations,67,62,5
S01007944,6. Caring leisure and other service occupations,44,3,41
S01007944,7. Sales and customer service occupations,41,16,25
S01007944,8. Process plant and machine operatives,51,42,9
S01007944,9. Elementary occupations,47,27,20
S01007945,All people aged 16 to 74 in employment,342,183,159
S01007945,1. Managers directors and senior officials,32,18,14
S01007945,2. Professional occupations,58,25,33
S01007945,3. Associate professional and technical occupations,37,20,17
S01007945,4. Administrative and secretarial occupations,31,6,25
S01007945,5. Skilled trades occupations,56,52,4
S01007945,6. Caring leisure and other service occupations,29,3,26
S01007945,7. Sales and customer service occupations,26,6,20
S01007945,8. Process plant and machine operatives,32,27,5
S01007945,9. Elementary occupations,41,26,15
S01007946,All people aged 16 to 74 in employment,343,179,164
S01007946,1. Managers directors and senior officials,26,18,8
S01007946,2. Professional occupations,48,24,24
S01007946,3. Associate professional and technical occupations,46,27,19
S01007946,4. Administrative and secretarial occupations,41,4,37
S01007946,5. Skilled trades occupations,39,34,5
S01007946,6. Caring leisure and other service occupations,32,8,24
S01007946,7. Sales and customer service occupations,33,9,24
S01007946,8. Process plant and machine operatives,31,28,3
S01007946,9. Elementary occupations,47,27,20
S01007947,All people aged 16 to 74 in employment,331,174,157
S01007947,1. Managers directors and senior officials,30,21,9
S01007947,2. Professional occupations,60,27,33
S01007947,3. Associate professional and technical occupations,33,21,12
S01007947,4. Administrative and secretarial occupations,39,8,31
S01007947,5. Skilled trades occupations,55,48,7
S01007947,6. Caring leisure and other service occupations,26,6,20
S01007947,7. Sales and customer service occupations,30,8,22
S01007947,8. Process plant and machine operatives,20,15,5
S01007947,9. Elementary occupations,38,20,18
S01007948,All people aged 16 to 74 in employment,223,118,105
S01007948,1. Managers directors and senior officials,12,6,6
S01007948,2. Professional occupations,14,10,4
S01007948,3. Associate professional and technical occupations,20,10,10
S01007948,4. Administrative and secretarial occupations,17,1,16
S01007948,5. Skilled trades occupations,43,38,5
S01007948,6. Caring leisure and other service occupations,31,5,26
S01007948,7. Sales and customer service occupations,15,5,10
S01007948,8. Process plant and machine operatives,30,25,5
S01007948,9. Elementary occupations,41,18,23
S01007949,All people aged 16 to 74 in employment,366,173,193
S01007949,1. Managers directors and senior officials,21,16,5
S01007949,2. Professional occupations,53,21,32
S01007949,3. Associate professional and technical occupations,52,27,25
S01007949,4. Administrative and secretarial occupations,55,4,51
S01007949,5. Skilled trades occupations,54,50,4
S01007949,6. Caring leisure and other service occupations,38,4,34
S01007949,7. Sales and customer service occupations,36,13,23
S01007949,8. Process plant and machine operatives,32,28,4
S01007949,9. Elementary occupations,25,10,15
S01007950,All people aged 16 to 74 in employment,452,234,218
S01007950,1. Managers directors and senior officials,46,31,15
S01007950,2. Professional occupations,83,31,52
S01007950,3. Associate professional and technical occupations,58,35,23
S01007950,4. Administrative and secretarial occupations,64,13,51
S01007950,5. Skilled trades occupations,75,70,5
S01007950,6. Caring leisure and other service occupations,35,5,30
S01007950,7. Sales and customer service occupations,38,11,27
S01007950,8. Process plant and machine operatives,31,27,4
S01007950,9. Elementary occupations,22,11,11
S01007951,All people aged 16 to 74 in employment,363,183,180
S01007951,1. Managers directors and senior officials,28,18,10
S01007951,2. Professional occupations,60,19,41
S01007951,3. Associate professional and technical occupations,40,29,11
S01007951,4. Administrative and secretarial occupations,43,9,34
S01007951,5. Skilled trades occupations,59,53,6
S01007951,6. Caring leisure and other service occupations,36,2,34
S01007951,7. Sales and customer service occupations,31,9,22
S01007951,8. Process plant and machine operatives,26,22,4
S01007951,9. Elementary occupations,40,22,18
S01007952,All people aged 16 to 74 in employment,252,117,135
S01007952,1. Managers directors and senior officials,28,14,14
S01007952,2. Professional occupations,19,7,12
S01007952,3. Associate professional and technical occupations,28,14,14
S01007952,4. Administrative and secretarial occupations,27,4,23
S01007952,5. Skilled trades occupations,42,37,5
S01007952,6. Caring leisure and other service occupations,28,2,26
S01007952,7. Sales and customer service occupations,30,11,19
S01007952,8. Process plant and machine operatives,31,22,9
S01007952,9. Elementary occupations,19,6,13
S01007953,All people aged 16 to 74 in employment,434,219,215
S01007953,1. Managers directors and senior officials,24,18,6
S01007953,2. Professional occupations,42,15,27
S01007953,3. Associate professional and technical occupations,41,25,16
S01007953,4. Administrative and secretarial occupations,41,1,40
S01007953,5. Skilled trades occupations,74,65,9
S01007953,6. Caring leisure and other service occupations,58,6,52
S01007953,7. Sales and customer service occupations,36,13,23
S01007953,8. Process plant and machine operatives,62,47,15
S01007953,9. Elementary occupations,56,29,27
S01007954,All people aged 16 to 74 in employment,280,142,138
S01007954,1. Managers directors and senior officials,10,4,6
S01007954,2. Professional occupations,20,10,10
S01007954,3. Associate professional and technical occupations,24,17,7
S01007954,4. Administrative and secretarial occupations,19,5,14
S01007954,5. Skilled trades occupations,44,35,9
S01007954,6. Caring leisure and other service occupations,46,6,40
S01007954,7. Sales and customer service occupations,29,4,25
S01007954,8. Process plant and machine operatives,46,38,8
S01007954,9. Elementary occupations,42,23,19
S01007955,All people aged 16 to 74 in employment,370,184,186
S01007955,1. Managers directors and senior officials,13,5,8
S01007955,2. Professional occupations,15,4,11
S01007955,3. Associate professional and technical occupations,30,16,14
S01007955,4. Administrative and secretarial occupations,32,11,21
S01007955,5. Skilled trades occupations,60,57,3
S01007955,6. Caring leisure and other service occupations,61,5,56
S01007955,7. Sales and customer service occupations,44,13,31
S01007955,8. Process plant and machine operatives,64,54,10
S01007955,9. Elementary occupations,51,19,32
S01007956,All people aged 16 to 74 in employment,319,140,179
S01007956,1. Managers directors and senior officials,18,12,6
S01007956,2. Professional occupations,22,6,16
S01007956,3. Associate professional and technical occupations,21,8,13
S01007956,4. Administrative and secretarial occupations,25,6,19
S01007956,5. Skilled trades occupations,36,34,2
S01007956,6. Caring leisure and other service occupations,58,7,51
S01007956,7. Sales and customer service occupations,36,6,30
S01007956,8. Process plant and machine operatives,44,39,5
S01007956,9. Elementary occupations,59,22,37
S01007957,All people aged 16 to 74 in employment,397,195,202
S01007957,1. Managers directors and senior officials,22,10,12
S01007957,2. Professional occupations,30,19,11
S01007957,3. Associate professional and technical occupations,38,23,15
S01007957,4. Administrative and secretarial occupations,37,8,29
S01007957,5. Skilled trades occupations,62,56,6
S01007957,6. Caring leisure and other service occupations,43,3,40
S01007957,7. Sales and customer service occupations,63,16,47
S01007957,8. Process plant and machine operatives,50,38,12
S01007957,9. Elementary occupations,52,22,30
S01007958,All people aged 16 to 74 in employment,341,164,177
S01007958,1. Managers directors and senior officials,21,9,12
S01007958,2. Professional occupations,28,10,18
S01007958,3. Associate professional and technical occupations,22,11,11
S01007958,4. Administrative and secretarial occupations,35,8,27
S01007958,5. Skilled trades occupations,55,49,6
S01007958,6. Caring leisure and other service occupations,55,6,49
S01007958,7. Sales and customer service occupations,32,8,24
S01007958,8. Process plant and machine operatives,43,33,10
S01007958,9. Elementary occupations,50,30,20
S01007959,All people aged 16 to 74 in employment,391,199,192
S01007959,1. Managers directors and senior officials,34,23,11
S01007959,2. Professional occupations,48,17,31
S01007959,3. Associate professional and technical occupations,40,20,20
S01007959,4. Administrative and secretarial occupations,45,6,39
S01007959,5. Skilled trades occupations,70,64,6
S01007959,6. Caring leisure and other service occupations,37,6,31
S01007959,7. Sales and customer service occupations,33,12,21
S01007959,8. Process plant and machine operatives,37,29,8
S01007959,9. Elementary occupations,47,22,25
S01007960,All people aged 16 to 74 in employment,329,156,173
S01007960,1. Managers directors and senior officials,17,8,9
S01007960,2. Professional occupations,27,10,17
S01007960,3. Associate professional and technical occupations,29,15,14
S01007960,4. Administrative and secretarial occupations,35,7,28
S01007960,5. Skilled trades occupations,49,48,1
S01007960,6. Caring leisure and other service occupations,48,5,43
S01007960,7. Sales and customer service occupations,34,9,25
S01007960,8. Process plant and machine operatives,38,31,7
S01007960,9. Elementary occupations,52,23,29
S01007961,All people aged 16 to 74 in employment,447,274,173
S01007961,1. Managers directors and senior officials,40,25,15
S01007961,2. Professional occupations,54,24,30
S01007961,3. Associate professional and technical occupations,49,26,23
S01007961,4. Administrative and secretarial occupations,42,2,40
S01007961,5. Skilled trades occupations,115,106,9
S01007961,6. Caring leisure and other service occupations,22,1,21
S01007961,7. Sales and customer service occupations,31,15,16
S01007961,8. Process plant and machine operatives,34,32,2
S01007961,9. Elementary occupations,60,43,17
S01007962,All people aged 16 to 74 in employment,245,125,120
S01007962,1. Managers directors and senior officials,13,9,4
S01007962,2. Professional occupations,13,4,9
S01007962,3. Associate professional and technical occupations,21,11,10
S01007962,4. Administrative and secretarial occupations,26,5,21
S01007962,5. Skilled trades occupations,36,32,4
S01007962,6. Caring leisure and other service occupations,37,6,31
S01007962,7. Sales and customer service occupations,30,12,18
S01007962,8. Process plant and machine operatives,35,30,5
S01007962,9. Elementary occupations,34,16,18
S01007963,All people aged 16 to 74 in employment,249,130,119
S01007963,1. Managers directors and senior officials,14,9,5
S01007963,2. Professional occupations,17,6,11
S01007963,3. Associate professional and technical occupations,16,9,7
S01007963,4. Administrative and secretarial occupations,17,1,16
S01007963,5. Skilled trades occupations,31,27,4
S01007963,6. Caring leisure and other service occupations,36,9,27
S01007963,7. Sales and customer service occupations,37,14,23
S01007963,8. Process plant and machine operatives,30,27,3
S01007963,9. Elementary occupations,51,28,23
S01007964,All people aged 16 to 74 in employment,299,149,150
S01007964,1. Managers directors and senior officials,14,9,5
S01007964,2. Professional occupations,22,7,15
S01007964,3. Associate professional and technical occupations,20,12,8
S01007964,4. Administrative and secretarial occupations,21,2,19
S01007964,5. Skilled trades occupations,59,56,3
S01007964,6. Caring leisure and other service occupations,38,8,30
S01007964,7. Sales and customer service occupations,37,11,26
S01007964,8. Process plant and machine operatives,22,19,3
S01007964,9. Elementary occupations,66,25,41
S01007965,All people aged 16 to 74 in employment,237,120,117
S01007965,1. Managers directors and senior officials,11,6,5
S01007965,2. Professional occupations,12,7,5
S01007965,3. Associate professional and technical occupations,17,9,8
S01007965,4. Administrative and secretarial occupations,30,7,23
S01007965,5. Skilled trades occupations,28,25,3
S01007965,6. Caring leisure and other service occupations,36,6,30
S01007965,7. Sales and customer service occupations,31,13,18
S01007965,8. Process plant and machine operatives,30,26,4
S01007965,9. Elementary occupations,42,21,21
S01007966,All people aged 16 to 74 in employment,328,151,177
S01007966,1. Managers directors and senior officials,20,11,9
S01007966,2. Professional occupations,26,8,18
S01007966,3. Associate professional and technical occupations,20,13,7
S01007966,4. Administrative and secretarial occupations,27,2,25
S01007966,5. Skilled trades occupations,45,42,3
S01007966,6. Caring leisure and other service occupations,51,6,45
S01007966,7. Sales and customer service occupations,39,11,28
S01007966,8. Process plant and machine operatives,41,33,8
S01007966,9. Elementary occupations,59,25,34
S01007967,All people aged 16 to 74 in employment,237,106,131
S01007967,1. Managers directors and senior officials,8,3,5
S01007967,2. Professional occupations,9,1,8
S01007967,3. Associate professional and technical occupations,20,12,8
S01007967,4. Administrative and secretarial occupations,20,3,17
S01007967,5. Skilled trades occupations,23,20,3
S01007967,6. Caring leisure and other service occupations,50,6,44
S01007967,7. Sales and customer service occupations,30,12,18
S01007967,8. Process plant and machine operatives,22,19,3
S01007967,9. Elementary occupations,55,30,25
S01007968,All people aged 16 to 74 in employment,373,194,179
S01007968,1. Managers directors and senior officials,10,7,3
S01007968,2. Professional occupations,29,14,15
S01007968,3. Associate professional and technical occupations,33,19,14
S01007968,4. Administrative and secretarial occupations,44,10,34
S01007968,5. Skilled trades occupations,58,54,4
S01007968,6. Caring leisure and other service occupations,50,5,45
S01007968,7. Sales and customer service occupations,40,13,27
S01007968,8. Process plant and machine operatives,45,43,2
S01007968,9. Elementary occupations,64,29,35
S01007969,All people aged 16 to 74 in employment,363,183,180
S01007969,1. Managers directors and senior officials,19,11,8
S01007969,2. Professional occupations,29,10,19
S01007969,3. Associate professional and technical occupations,37,24,13
S01007969,4. Administrative and secretarial occupations,51,10,41
S01007969,5. Skilled trades occupations,45,44,1
S01007969,6. Caring leisure and other service occupations,54,12,42
S01007969,7. Sales and customer service occupations,44,15,29
S01007969,8. Process plant and machine operatives,24,22,2
S01007969,9. Elementary occupations,60,35,25
S01007970,All people aged 16 to 74 in employment,397,198,199
S01007970,1. Managers directors and senior officials,27,12,15
S01007970,2. Professional occupations,36,10,26
S01007970,3. Associate professional and technical occupations,41,19,22
S01007970,4. Administrative and secretarial occupations,33,2,31
S01007970,5. Skilled trades occupations,72,64,8
S01007970,6. Caring leisure and other service occupations,50,8,42
S01007970,7. Sales and customer service occupations,39,13,26
S01007970,8. Process plant and machine operatives,49,43,6
S01007970,9. Elementary occupations,50,27,23
S01007971,All people aged 16 to 74 in employment,385,195,190
S01007971,1. Managers directors and senior officials,17,10,7
S01007971,2. Professional occupations,38,7,31
S01007971,3. Associate professional and technical occupations,37,25,12
S01007971,4. Administrative and secretarial occupations,40,6,34
S01007971,5. Skilled trades occupations,47,45,2
S01007971,6. Caring leisure and other service occupations,38,3,35
S01007971,7. Sales and customer service occupations,46,15,31
S01007971,8. Process plant and machine operatives,53,48,5
S01007971,9. Elementary occupations,69,36,33
S01007972,All people aged 16 to 74 in employment,397,195,202
S01007972,1. Managers directors and senior officials,13,5,8
S01007972,2. Professional occupations,30,13,17
S01007972,3. Associate professional and technical occupations,34,21,13
S01007972,4. Administrative and secretarial occupations,37,6,31
S01007972,5. Skilled trades occupations,73,67,6
S01007972,6. Caring leisure and other service occupations,56,10,46
S01007972,7. Sales and customer service occupations,55,11,44
S01007972,8. Process plant and machine operatives,42,35,7
S01007972,9. Elementary occupations,57,27,30
S01007973,All people aged 16 to 74 in employment,469,240,229
S01007973,1. Managers directors and senior officials,33,22,11
S01007973,2. Professional occupations,72,26,46
S01007973,3. Associate professional and technical occupations,60,38,22
S01007973,4. Administrative and secretarial occupations,66,8,58
S01007973,5. Skilled trades occupations,72,69,3
S01007973,6. Caring leisure and other service occupations,43,3,40
S01007973,7. Sales and customer service occupations,38,15,23
S01007973,8. Process plant and machine operatives,42,36,6
S01007973,9. Elementary occupations,43,23,20
S01007974,All people aged 16 to 74 in employment,332,155,177
S01007974,1. Managers directors and senior officials,19,6,13
S01007974,2. Professional occupations,31,15,16
S01007974,3. Associate professional and technical occupations,27,9,18
S01007974,4. Administrative and secretarial occupations,34,6,28
S01007974,5. Skilled trades occupations,43,39,4
S01007974,6. Caring leisure and other service occupations,38,3,35
S01007974,7. Sales and customer service occupations,32,14,18
S01007974,8. Process plant and machine operatives,47,39,8
S01007974,9. Elementary occupations,61,24,37
S01007975,All people aged 16 to 74 in employment,279,145,134
S01007975,1. Managers directors and senior officials,10,6,4
S01007975,2. Professional occupations,23,8,15
S01007975,3. Associate professional and technical occupations,24,15,9
S01007975,4. Administrative and secretarial occupations,30,5,25
S01007975,5. Skilled trades occupations,51,43,8
S01007975,6. Caring leisure and other service occupations,38,3,35
S01007975,7. Sales and customer service occupations,40,21,19
S01007975,8. Process plant and machine operatives,26,24,2
S01007975,9. Elementary occupations,37,20,17
S01007976,All people aged 16 to 74 in employment,301,155,146
S01007976,1. Managers directors and senior officials,12,5,7
S01007976,2. Professional occupations,35,20,15
S01007976,3. Associate professional and technical occupations,37,19,18
S01007976,4. Administrative and secretarial occupations,39,10,29
S01007976,5. Skilled trades occupations,45,39,6
S01007976,6. Caring leisure and other service occupations,36,7,29
S01007976,7. Sales and customer service occupations,31,7,24
S01007976,8. Process plant and machine operatives,24,20,4
S01007976,9. Elementary occupations,42,28,14
S01007977,All people aged 16 to 74 in employment,374,186,188
S01007977,1. Managers directors and senior officials,28,18,10
S01007977,2. Professional occupations,68,30,38
S01007977,3. Associate professional and technical occupations,46,19,27
S01007977,4. Administrative and secretarial occupations,40,7,33
S01007977,5. Skilled trades occupations,49,47,2
S01007977,6. Caring leisure and other service occupations,43,9,34
S01007977,7. Sales and customer service occupations,40,12,28
S01007977,8. Process plant and machine operatives,33,28,5
S01007977,9. Elementary occupations,27,16,11
S01007978,All people aged 16 to 74 in employment,308,171,137
S01007978,1. Managers directors and senior officials,19,11,8
S01007978,2. Professional occupations,43,26,17
S01007978,3. Associate professional and technical occupations,42,20,22
S01007978,4. Administrative and secretarial occupations,25,7,18
S01007978,5. Skilled trades occupations,45,43,2
S01007978,6. Caring leisure and other service occupations,29,4,25
S01007978,7. Sales and customer service occupations,47,19,28
S01007978,8. Process plant and machine operatives,18,18,0
S01007978,9. Elementary occupations,40,23,17
S01007979,All people aged 16 to 74 in employment,439,240,199
S01007979,1. Managers directors and senior officials,35,23,12
S01007979,2. Professional occupations,113,61,52
S01007979,3. Associate professional and technical occupations,71,33,38
S01007979,4. Administrative and secretarial occupations,44,10,34
S01007979,5. Skilled trades occupations,48,44,4
S01007979,6. Caring leisure and other service occupations,41,14,27
S01007979,7. Sales and customer service occupations,29,15,14
S01007979,8. Process plant and machine operatives,26,21,5
S01007979,9. Elementary occupations,32,19,13
S01007980,All people aged 16 to 74 in employment,339,173,166
S01007980,1. Managers directors and senior officials,38,21,17
S01007980,2. Professional occupations,48,17,31
S01007980,3. Associate professional and technical occupations,39,23,16
S01007980,4. Administrative and secretarial occupations,41,10,31
S01007980,5. Skilled trades occupations,44,42,2
S01007980,6. Caring leisure and other service occupations,37,6,31
S01007980,7. Sales and customer service occupations,24,8,16
S01007980,8. Process plant and machine operatives,26,23,3
S01007980,9. Elementary occupations,42,23,19
S01007981,All people aged 16 to 74 in employment,252,128,124
S01007981,1. Managers directors and senior officials,28,19,9
S01007981,2. Professional occupations,41,12,29
S01007981,3. Associate professional and technical occupations,31,18,13
S01007981,4. Administrative and secretarial occupations,36,6,30
S01007981,5. Skilled trades occupations,32,32,0
S01007981,6. Caring leisure and other service occupations,20,2,18
S01007981,7. Sales and customer service occupations,25,8,17
S01007981,8. Process plant and machine operatives,22,20,2
S01007981,9. Elementary occupations,17,11,6
S01007982,All people aged 16 to 74 in employment,249,116,133
S01007982,1. Managers directors and senior officials,22,14,8
S01007982,2. Professional occupations,39,15,24
S01007982,3. Associate professional and technical occupations,35,22,13
S01007982,4. Administrative and secretarial occupations,35,5,30
S01007982,5. Skilled trades occupations,35,33,2
S01007982,6. Caring leisure and other service occupations,18,4,14
S01007982,7. Sales and customer service occupations,31,5,26
S01007982,8. Process plant and machine operatives,9,8,1
S01007982,9. Elementary occupations,25,10,15
S01007983,All people aged 16 to 74 in employment,281,140,141
S01007983,1. Managers directors and senior officials,11,7,4
S01007983,2. Professional occupations,19,8,11
S01007983,3. Associate professional and technical occupations,22,14,8
S01007983,4. Administrative and secretarial occupations,33,3,30
S01007983,5. Skilled trades occupations,46,44,2
S01007983,6. Caring leisure and other service occupations,32,7,25
S01007983,7. Sales and customer service occupations,32,7,25
S01007983,8. Process plant and machine operatives,33,25,8
S01007983,9. Elementary occupations,53,25,28
S01007984,All people aged 16 to 74 in employment,357,171,186
S01007984,1. Managers directors and senior officials,29,21,8
S01007984,2. Professional occupations,60,19,41
S01007984,3. Associate professional and technical occupations,36,23,13
S01007984,4. Administrative and secretarial occupations,42,8,34
S01007984,5. Skilled trades occupations,37,31,6
S01007984,6. Caring leisure and other service occupations,42,7,35
S01007984,7. Sales and customer service occupations,33,10,23
S01007984,8. Process plant and machine operatives,35,29,6
S01007984,9. Elementary occupations,43,23,20
S01007985,All people aged 16 to 74 in employment,352,180,172
S01007985,1. Managers directors and senior officials,22,13,9
S01007985,2. Professional occupations,24,8,16
S01007985,3. Associate professional and technical occupations,18,13,5
S01007985,4. Administrative and secretarial occupations,37,10,27
S01007985,5. Skilled trades occupations,51,49,2
S01007985,6. Caring leisure and other service occupations,44,7,37
S01007985,7. Sales and customer service occupations,45,13,32
S01007985,8. Process plant and machine operatives,44,37,7
S01007985,9. Elementary occupations,67,30,37
S01007986,All people aged 16 to 74 in employment,255,127,128
S01007986,1. Managers directors and senior officials,15,13,2
S01007986,2. Professional occupations,28,9,19
S01007986,3. Associate professional and technical occupations,28,17,11
S01007986,4. Administrative and secretarial occupations,28,2,26
S01007986,5. Skilled trades occupations,27,24,3
S01007986,6. Caring leisure and other service occupations,40,11,29
S01007986,7. Sales and customer service occupations,19,7,12
S01007986,8. Process plant and machine operatives,31,27,4
S01007986,9. Elementary occupations,39,17,22
S01007987,All people aged 16 to 74 in employment,387,195,192
S01007987,1. Managers directors and senior officials,24,17,7
S01007987,2. Professional occupations,59,25,34
S01007987,3. Associate professional and technical occupations,41,26,15
S01007987,4. Administrative and secretarial occupations,53,11,42
S01007987,5. Skilled trades occupations,56,55,1
S01007987,6. Caring leisure and other service occupations,40,9,31
S01007987,7. Sales and customer service occupations,33,7,26
S01007987,8. Process plant and machine operatives,29,18,11
S01007987,9. Elementary occupations,52,27,25
S01007988,All people aged 16 to 74 in employment,334,170,164
S01007988,1. Managers directors and senior officials,13,5,8
S01007988,2. Professional occupations,27,13,14
S01007988,3. Associate professional and technical occupations,34,15,19
S01007988,4. Administrative and secretarial occupations,41,9,32
S01007988,5. Skilled trades occupations,51,47,4
S01007988,6. Caring leisure and other service occupations,49,8,41
S01007988,7. Sales and customer service occupations,34,12,22
S01007988,8. Process plant and machine operatives,33,31,2
S01007988,9. Elementary occupations,52,30,22
S01007989,All people aged 16 to 74 in employment,324,155,169
S01007989,1. Managers directors and senior officials,24,11,13
S01007989,2. Professional occupations,17,7,10
S01007989,3. Associate professional and technical occupations,27,16,11
S01007989,4. Administrative and secretarial occupations,37,5,32
S01007989,5. Skilled trades occupations,52,49,3
S01007989,6. Caring leisure and other service occupations,46,6,40
S01007989,7. Sales and customer service occupations,31,9,22
S01007989,8. Process plant and machine operatives,37,32,5
S01007989,9. Elementary occupations,53,20,33
S01007990,All people aged 16 to 74 in employment,449,216,233
S01007990,1. Managers directors and senior officials,31,21,10
S01007990,2. Professional occupations,38,9,29
S01007990,3. Associate professional and technical occupations,43,29,14
S01007990,4. Administrative and secretarial occupations,64,10,54
S01007990,5. Skilled trades occupations,52,49,3
S01007990,6. Caring leisure and other service occupations,62,10,52
S01007990,7. Sales and customer service occupations,59,16,43
S01007990,8. Process plant and machine operatives,39,33,6
S01007990,9. Elementary occupations,61,39,22
S01007991,All people aged 16 to 74 in employment,567,297,270
S01007991,1. Managers directors and senior officials,65,41,24
S01007991,2. Professional occupations,133,69,64
S01007991,3. Associate professional and technical occupations,104,56,48
S01007991,4. Administrative and secretarial occupations,74,14,60
S01007991,5. Skilled trades occupations,59,55,4
S01007991,6. Caring leisure and other service occupations,28,3,25
S01007991,7. Sales and customer service occupations,53,19,34
S01007991,8. Process plant and machine operatives,24,23,1
S01007991,9. Elementary occupations,27,17,10
S01007992,All people aged 16 to 74 in employment,384,201,183
S01007992,1. Managers directors and senior officials,41,34,7
S01007992,2. Professional occupations,86,31,55
S01007992,3. Associate professional and technical occupations,62,39,23
S01007992,4. Administrative and secretarial occupations,42,4,38
S01007992,5. Skilled trades occupations,49,44,5
S01007992,6. Caring leisure and other service occupations,24,1,23
S01007992,7. Sales and customer service occupations,32,11,21
S01007992,8. Process plant and machine operatives,17,16,1
S01007992,9. Elementary occupations,31,21,10
S01007993,All people aged 16 to 74 in employment,474,233,241
S01007993,1. Managers directors and senior officials,28,16,12
S01007993,2. Professional occupations,93,34,59
S01007993,3. Associate professional and technical occupations,57,39,18
S01007993,4. Administrative and secretarial occupations,56,9,47
S01007993,5. Skilled trades occupations,65,54,11
S01007993,6. Caring leisure and other service occupations,58,6,52
S01007993,7. Sales and customer service occupations,48,21,27
S01007993,8. Process plant and machine operatives,38,34,4
S01007993,9. Elementary occupations,31,20,11
S01007994,All people aged 16 to 74 in employment,486,245,241
S01007994,1. Managers directors and senior officials,62,40,22
S01007994,2. Professional occupations,109,50,59
S01007994,3. Associate professional and technical occupations,109,62,47
S01007994,4. Administrative and secretarial occupations,53,11,42
S01007994,5. Skilled trades occupations,50,46,4
S01007994,6. Caring leisure and other service occupations,31,1,30
S01007994,7. Sales and customer service occupations,23,8,15
S01007994,8. Process plant and machine operatives,24,18,6
S01007994,9. Elementary occupations,25,9,16
S01007995,All people aged 16 to 74 in employment,517,259,258
S01007995,1. Managers directors and senior officials,43,29,14
S01007995,2. Professional occupations,109,34,75
S01007995,3. Associate professional and technical occupations,92,59,33
S01007995,4. Administrative and secretarial occupations,65,15,50
S01007995,5. Skilled trades occupations,55,49,6
S01007995,6. Caring leisure and other service occupations,41,12,29
S01007995,7. Sales and customer service occupations,41,13,28
S01007995,8. Process plant and machine operatives,30,29,1
S01007995,9. Elementary occupations,41,19,22
S01007996,All people aged 16 to 74 in employment,240,125,115
S01007996,1. Managers directors and senior officials,23,18,5
S01007996,2. Professional occupations,58,22,36
S01007996,3. Associate professional and technical occupations,42,24,18
S01007996,4. Administrative and secretarial occupations,22,5,17
S01007996,5. Skilled trades occupations,34,28,6
S01007996,6. Caring leisure and other service occupations,17,1,16
S01007996,7. Sales and customer service occupations,14,6,8
S01007996,8. Process plant and machine operatives,14,12,2
S01007996,9. Elementary occupations,16,9,7
S01007997,All people aged 16 to 74 in employment,337,171,166
S01007997,1. Managers directors and senior officials,32,26,6
S01007997,2. Professional occupations,87,38,49
S01007997,3. Associate professional and technical occupations,53,29,24
S01007997,4. Administrative and secretarial occupations,44,6,38
S01007997,5. Skilled trades occupations,40,33,7
S01007997,6. Caring leisure and other service occupations,15,3,12
S01007997,7. Sales and customer service occupations,28,12,16
S01007997,8. Process plant and machine operatives,17,13,4
S01007997,9. Elementary occupations,21,11,10
S01007998,All people aged 16 to 74 in employment,263,140,123
S01007998,1. Managers directors and senior officials,35,23,12
S01007998,2. Professional occupations,63,31,32
S01007998,3. Associate professional and technical occupations,50,33,17
S01007998,4. Administrative and secretarial occupations,21,0,21
S01007998,5. Skilled trades occupations,24,20,4
S01007998,6. Caring leisure and other service occupations,17,5,12
S01007998,7. Sales and customer service occupations,22,8,14
S01007998,8. Process plant and machine operatives,13,13,0
S01007998,9. Elementary occupations,18,7,11
S01007999,All people aged 16 to 74 in employment,318,157,161
S01007999,1. Managers directors and senior officials,10,5,5
S01007999,2. Professional occupations,16,2,14
S01007999,3. Associate professional and technical occupations,23,11,12
S01007999,4. Administrative and secretarial occupations,18,6,12
S01007999,5. Skilled trades occupations,63,58,5
S01007999,6. Caring leisure and other service occupations,52,10,42
S01007999,7. Sales and customer service occupations,43,15,28
S01007999,8. Process plant and machine operatives,34,23,11
S01007999,9. Elementary occupations,59,27,32
S01008000,All people aged 16 to 74 in employment,349,156,193
S01008000,1. Managers directors and senior officials,18,10,8
S01008000,2. Professional occupations,23,11,12
S01008000,3. Associate professional and technical occupations,29,14,15
S01008000,4. Administrative and secretarial occupations,28,4,24
S01008000,5. Skilled trades occupations,33,29,4
S01008000,6. Caring leisure and other service occupations,72,11,61
S01008000,7. Sales and customer service occupations,30,7,23
S01008000,8. Process plant and machine operatives,39,33,6
S01008000,9. Elementary occupations,77,37,40
S01008001,All people aged 16 to 74 in employment,286,143,143
S01008001,1. Managers directors and senior officials,12,8,4
S01008001,2. Professional occupations,11,5,6
S01008001,3. Associate professional and technical occupations,14,9,5
S01008001,4. Administrative and secretarial occupations,25,3,22
S01008001,5. Skilled trades occupations,33,30,3
S01008001,6. Caring leisure and other service occupations,49,9,40
S01008001,7. Sales and customer service occupations,43,17,26
S01008001,8. Process plant and machine operatives,32,28,4
S01008001,9. Elementary occupations,67,34,33
S01008002,All people aged 16 to 74 in employment,283,149,134
S01008002,1. Managers directors and senior officials,13,8,5
S01008002,2. Professional occupations,7,4,3
S01008002,3. Associate professional and technical occupations,26,13,13
S01008002,4. Administrative and secretarial occupations,21,2,19
S01008002,5. Skilled trades occupations,49,41,8
S01008002,6. Caring leisure and other service occupations,40,9,31
S01008002,7. Sales and customer service occupations,27,10,17
S01008002,8. Process plant and machine operatives,44,29,15
S01008002,9. Elementary occupations,56,33,23
S01008003,All people aged 16 to 74 in employment,284,145,139
S01008003,1. Managers directors and senior officials,15,7,8
S01008003,2. Professional occupations,32,16,16
S01008003,3. Associate professional and technical occupations,34,18,16
S01008003,4. Administrative and secretarial occupations,30,7,23
S01008003,5. Skilled trades occupations,43,40,3
S01008003,6. Caring leisure and other service occupations,33,10,23
S01008003,7. Sales and customer service occupations,27,9,18
S01008003,8. Process plant and machine operatives,34,25,9
S01008003,9. Elementary occupations,36,13,23
S01008004,All people aged 16 to 74 in employment,329,160,169
S01008004,1. Managers directors and senior officials,21,9,12
S01008004,2. Professional occupations,52,18,34
S01008004,3. Associate professional and technical occupations,45,23,22
S01008004,4. Administrative and secretarial occupations,38,6,32
S01008004,5. Skilled trades occupations,44,42,2
S01008004,6. Caring leisure and other service occupations,32,7,25
S01008004,7. Sales and customer service occupations,33,14,19
S01008004,8. Process plant and machine operatives,32,28,4
S01008004,9. Elementary occupations,32,13,19
S01008005,All people aged 16 to 74 in employment,297,135,162
S01008005,1. Managers directors and senior officials,23,15,8
S01008005,2. Professional occupations,65,26,39
S01008005,3. Associate professional and technical occupations,39,25,14
S01008005,4. Administrative and secretarial occupations,33,4,29
S01008005,5. Skilled trades occupations,28,28,0
S01008005,6. Caring leisure and other service occupations,40,2,38
S01008005,7. Sales and customer service occupations,33,12,21
S01008005,8. Process plant and machine operatives,18,17,1
S01008005,9. Elementary occupations,18,6,12
S01008006,All people aged 16 to 74 in employment,173,88,85
S01008006,1. Managers directors and senior officials,7,2,5
S01008006,2. Professional occupations,8,3,5
S01008006,3. Associate professional and technical occupations,14,7,7
S01008006,4. Administrative and secretarial occupations,10,3,7
S01008006,5. Skilled trades occupations,26,22,4
S01008006,6. Caring leisure and other service occupations,22,4,18
S01008006,7. Sales and customer service occupations,21,9,12
S01008006,8. Process plant and machine operatives,26,20,6
S01008006,9. Elementary occupations,39,18,21
S01008007,All people aged 16 to 74 in employment,168,86,82
S01008007,1. Managers directors and senior officials,3,2,1
S01008007,2. Professional occupations,12,4,8
S01008007,3. Associate professional and technical occupations,13,5,8
S01008007,4. Administrative and secretarial occupations,13,4,9
S01008007,5. Skilled trades occupations,15,13,2
S01008007,6. Caring leisure and other service occupations,29,5,24
S01008007,7. Sales and customer service occupations,21,9,12
S01008007,8. Process plant and machine operatives,29,26,3
S01008007,9. Elementary occupations,33,18,15
S01008008,All people aged 16 to 74 in employment,252,121,131
S01008008,1. Managers directors and senior officials,18,8,10
S01008008,2. Professional occupations,18,4,14
S01008008,3. Associate professional and technical occupations,33,19,14
S01008008,4. Administrative and secretarial occupations,25,5,20
S01008008,5. Skilled trades occupations,23,20,3
S01008008,6. Caring leisure and other service occupations,34,6,28
S01008008,7. Sales and customer service occupations,22,6,16
S01008008,8. Process plant and machine operatives,24,22,2
S01008008,9. Elementary occupations,55,31,24
S01008009,All people aged 16 to 74 in employment,302,142,160
S01008009,1. Managers directors and senior officials,21,11,10
S01008009,2. Professional occupations,43,17,26
S01008009,3. Associate professional and technical occupations,31,16,15
S01008009,4. Administrative and secretarial occupations,25,5,20
S01008009,5. Skilled trades occupations,36,31,5
S01008009,6. Caring leisure and other service occupations,32,5,27
S01008009,7. Sales and customer service occupations,42,9,33
S01008009,8. Process plant and machine operatives,31,24,7
S01008009,9. Elementary occupations,41,24,17
S01008010,All people aged 16 to 74 in employment,392,205,187
S01008010,1. Managers directors and senior officials,35,19,16
S01008010,2. Professional occupations,37,11,26
S01008010,3. Associate professional and technical occupations,56,30,26
S01008010,4. Administrative and secretarial occupations,44,7,37
S01008010,5. Skilled trades occupations,62,55,7
S01008010,6. Caring leisure and other service occupations,39,13,26
S01008010,7. Sales and customer service occupations,41,16,25
S01008010,8. Process plant and machine operatives,24,21,3
S01008010,9. Elementary occupations,54,33,21
S01008011,All people aged 16 to 74 in employment,248,131,117
S01008011,1. Managers directors and senior officials,25,11,14
S01008011,2. Professional occupations,35,17,18
S01008011,3. Associate professional and technical occupations,27,18,9
S01008011,4. Administrative and secretarial occupations,23,6,17
S01008011,5. Skilled trades occupations,26,24,2
S01008011,6. Caring leisure and other service occupations,32,11,21
S01008011,7. Sales and customer service occupations,26,15,11
S01008011,8. Process plant and machine operatives,18,13,5
S01008011,9. Elementary occupations,36,16,20
S01008012,All people aged 16 to 74 in employment,416,209,207
S01008012,1. Managers directors and senior officials,42,26,16
S01008012,2. Professional occupations,63,24,39
S01008012,3. Associate professional and technical occupations,51,28,23
S01008012,4. Administrative and secretarial occupations,44,10,34
S01008012,5. Skilled trades occupations,52,39,13
S01008012,6. Caring leisure and other service occupations,44,10,34
S01008012,7. Sales and customer service occupations,50,20,30
S01008012,8. Process plant and machine operatives,27,27,0
S01008012,9. Elementary occupations,43,25,18
S01008013,All people aged 16 to 74 in employment,315,164,151
S01008013,1. Managers directors and senior officials,28,18,10
S01008013,2. Professional occupations,51,21,30
S01008013,3. Associate professional and technical occupations,49,30,19
S01008013,4. Administrative and secretarial occupations,45,13,32
S01008013,5. Skilled trades occupations,29,27,2
S01008013,6. Caring leisure and other service occupations,28,8,20
S01008013,7. Sales and customer service occupations,23,7,16
S01008013,8. Process plant and machine operatives,22,19,3
S01008013,9. Elementary occupations,40,21,19
S01008014,All people aged 16 to 74 in employment,321,162,159
S01008014,1. Managers directors and senior officials,24,13,11
S01008014,2. Professional occupations,68,27,41
S01008014,3. Associate professional and technical occupations,46,25,21
S01008014,4. Administrative and secretarial occupations,34,4,30
S01008014,5. Skilled trades occupations,29,28,1
S01008014,6. Caring leisure and other service occupations,34,9,25
S01008014,7. Sales and customer service occupations,29,15,14
S01008014,8. Process plant and machine operatives,33,26,7
S01008014,9. Elementary occupations,24,15,9
S01008015,All people aged 16 to 74 in employment,348,163,185
S01008015,1. Managers directors and senior officials,21,8,13
S01008015,2. Professional occupations,47,18,29
S01008015,3. Associate professional and technical occupations,32,17,15
S01008015,4. Administrative and secretarial occupations,34,4,30
S01008015,5. Skilled trades occupations,38,32,6
S01008015,6. Caring leisure and other service occupations,36,5,31
S01008015,7. Sales and customer service occupations,45,17,28
S01008015,8. Process plant and machine operatives,40,34,6
S01008015,9. Elementary occupations,55,28,27
S01008016,All people aged 16 to 74 in employment,353,177,176
S01008016,1. Managers directors and senior officials,16,12,4
S01008016,2. Professional occupations,51,14,37
S01008016,3. Associate professional and technical occupations,26,16,10
S01008016,4. Administrative and secretarial occupations,46,10,36
S01008016,5. Skilled trades occupations,60,51,9
S01008016,6. Caring leisure and other service occupations,46,7,39
S01008016,7. Sales and customer service occupations,25,7,18
S01008016,8. Process plant and machine operatives,28,26,2
S01008016,9. Elementary occupations,55,34,21
S01008017,All people aged 16 to 74 in employment,407,212,195
S01008017,1. Managers directors and senior officials,41,26,15
S01008017,2. Professional occupations,113,48,65
S01008017,3. Associate professional and technical occupations,54,35,19
S01008017,4. Administrative and secretarial occupations,43,11,32
S01008017,5. Skilled trades occupations,41,40,1
S01008017,6. Caring leisure and other service occupations,34,1,33
S01008017,7. Sales and customer service occupations,36,17,19
S01008017,8. Process plant and machine operatives,17,16,1
S01008017,9. Elementary occupations,28,18,10
S01008018,All people aged 16 to 74 in employment,308,164,144
S01008018,1. Managers directors and senior officials,26,20,6
S01008018,2. Professional occupations,79,30,49
S01008018,3. Associate professional and technical occupations,44,31,13
S01008018,4. Administrative and secretarial occupations,31,8,23
S01008018,5. Skilled trades occupations,37,35,2
S01008018,6. Caring leisure and other service occupations,18,4,14
S01008018,7. Sales and customer service occupations,42,15,27
S01008018,8. Process plant and machine operatives,10,8,2
S01008018,9. Elementary occupations,21,13,8
S01008019,All people aged 16 to 74 in employment,367,203,164
S01008019,1. Managers directors and senior officials,43,28,15
S01008019,2. Professional occupations,112,53,59
S01008019,3. Associate professional and technical occupations,53,34,19
S01008019,4. Administrative and secretarial occupations,29,5,24
S01008019,5. Skilled trades occupations,40,37,3
S01008019,6. Caring leisure and other service occupations,20,3,17
S01008019,7. Sales and customer service occupations,27,10,17
S01008019,8. Process plant and machine operatives,16,16,0
S01008019,9. Elementary occupations,27,17,10
S01008020,All people aged 16 to 74 in employment,351,179,172
S01008020,1. Managers directors and senior officials,25,14,11
S01008020,2. Professional occupations,59,22,37
S01008020,3. Associate professional and technical occupations,51,31,20
S01008020,4. Administrative and secretarial occupations,39,8,31
S01008020,5. Skilled trades occupations,54,51,3
S01008020,6. Caring leisure and other service occupations,21,1,20
S01008020,7. Sales and customer service occupations,38,12,26
S01008020,8. Process plant and machine operatives,25,21,4
S01008020,9. Elementary occupations,39,19,20
S01008021,All people aged 16 to 74 in employment,276,136,140
S01008021,1. Managers directors and senior officials,28,17,11
S01008021,2. Professional occupations,79,33,46
S01008021,3. Associate professional and technical occupations,43,21,22
S01008021,4. Administrative and secretarial occupations,38,12,26
S01008021,5. Skilled trades occupations,26,26,0
S01008021,6. Caring leisure and other service occupations,17,1,16
S01008021,7. Sales and customer service occupations,22,10,12
S01008021,8. Process plant and machine operatives,10,10,0
S01008021,9. Elementary occupations,13,6,7
S01008022,All people aged 16 to 74 in employment,371,190,181
S01008022,1. Managers directors and senior officials,41,26,15
S01008022,2. Professional occupations,82,35,47
S01008022,3. Associate professional and technical occupations,64,40,24
S01008022,4. Administrative and secretarial occupations,44,5,39
S01008022,5. Skilled trades occupations,30,28,2
S01008022,6. Caring leisure and other service occupations,26,7,19
S01008022,7. Sales and customer service occupations,28,14,14
S01008022,8. Process plant and machine operatives,26,22,4
S01008022,9. Elementary occupations,30,13,17
S01008023,All people aged 16 to 74 in employment,402,208,194
S01008023,1. Managers directors and senior officials,49,35,14
S01008023,2. Professional occupations,80,34,46
S01008023,3. Associate professional and technical occupations,58,38,20
S01008023,4. Administrative and secretarial occupations,52,7,45
S01008023,5. Skilled trades occupations,47,42,5
S01008023,6. Caring leisure and other service occupations,28,6,22
S01008023,7. Sales and customer service occupations,47,18,29
S01008023,8. Process plant and machine operatives,19,16,3
S01008023,9. Elementary occupations,22,12,10
S01008024,All people aged 16 to 74 in employment,415,196,219
S01008024,1. Managers directors and senior officials,48,32,16
S01008024,2. Professional occupations,102,35,67
S01008024,3. Associate professional and technical occupations,94,60,34
S01008024,4. Administrative and secretarial occupations,55,9,46
S01008024,5. Skilled trades occupations,37,33,4
S01008024,6. Caring leisure and other service occupations,26,2,24
S01008024,7. Sales and customer service occupations,25,7,18
S01008024,8. Process plant and machine operatives,13,12,1
S01008024,9. Elementary occupations,15,6,9
S01008025,All people aged 16 to 74 in employment,393,200,193
S01008025,1. Managers directors and senior officials,28,21,7
S01008025,2. Professional occupations,57,22,35
S01008025,3. Associate professional and technical occupations,38,25,13
S01008025,4. Administrative and secretarial occupations,49,9,40
S01008025,5. Skilled trades occupations,56,51,5
S01008025,6. Caring leisure and other service occupations,47,6,41
S01008025,7. Sales and customer service occupations,34,12,22
S01008025,8. Process plant and machine operatives,34,29,5
S01008025,9. Elementary occupations,50,25,25
S01008026,All people aged 16 to 74 in employment,484,259,225
S01008026,1. Managers directors and senior officials,31,21,10
S01008026,2. Professional occupations,59,28,31
S01008026,3. Associate professional and technical occupations,51,31,20
S01008026,4. Administrative and secretarial occupations,49,4,45
S01008026,5. Skilled trades occupations,77,72,5
S01008026,6. Caring leisure and other service occupations,59,5,54
S01008026,7. Sales and customer service occupations,37,13,24
S01008026,8. Process plant and machine operatives,48,41,7
S01008026,9. Elementary occupations,73,44,29
S01008027,All people aged 16 to 74 in employment,263,127,136
S01008027,1. Managers directors and senior officials,24,11,13
S01008027,2. Professional occupations,28,13,15
S01008027,3. Associate professional and technical occupations,21,15,6
S01008027,4. Administrative and secretarial occupations,32,5,27
S01008027,5. Skilled trades occupations,39,35,4
S01008027,6. Caring leisure and other service occupations,31,3,28
S01008027,7. Sales and customer service occupations,28,9,19
S01008027,8. Process plant and machine operatives,23,22,1
S01008027,9. Elementary occupations,37,14,23
S01008028,All people aged 16 to 74 in employment,315,165,150
S01008028,1. Managers directors and senior officials,21,13,8
S01008028,2. Professional occupations,45,16,29
S01008028,3. Associate professional and technical occupations,31,22,9
S01008028,4. Administrative and secretarial occupations,38,12,26
S01008028,5. Skilled trades occupations,54,51,3
S01008028,6. Caring leisure and other service occupations,39,5,34
S01008028,7. Sales and customer service occupations,21,2,19
S01008028,8. Process plant and machine operatives,28,25,3
S01008028,9. Elementary occupations,38,19,19
S01008029,All people aged 16 to 74 in employment,436,231,205
S01008029,1. Managers directors and senior officials,51,31,20
S01008029,2. Professional occupations,83,35,48
S01008029,3. Associate professional and technical occupations,47,28,19
S01008029,4. Administrative and secretarial occupations,43,9,34
S01008029,5. Skilled trades occupations,85,67,18
S01008029,6. Caring leisure and other service occupations,39,11,28
S01008029,7. Sales and customer service occupations,28,9,19
S01008029,8. Process plant and machine operatives,18,17,1
S01008029,9. Elementary occupations,42,24,18
S01008030,All people aged 16 to 74 in employment,518,249,269
S01008030,1. Managers directors and senior officials,44,27,17
S01008030,2. Professional occupations,111,43,68
S01008030,3. Associate professional and technical occupations,83,45,38
S01008030,4. Administrative and secretarial occupations,58,13,45
S01008030,5. Skilled trades occupations,68,61,7
S01008030,6. Caring leisure and other service occupations,47,2,45
S01008030,7. Sales and customer service occupations,41,10,31
S01008030,8. Process plant and machine operatives,34,29,5
S01008030,9. Elementary occupations,32,19,13
S01008031,All people aged 16 to 74 in employment,403,194,209
S01008031,1. Managers directors and senior officials,29,15,14
S01008031,2. Professional occupations,54,21,33
S01008031,3. Associate professional and technical occupations,45,25,20
S01008031,4. Administrative and secretarial occupations,49,7,42
S01008031,5. Skilled trades occupations,53,52,1
S01008031,6. Caring leisure and other service occupations,46,10,36
S01008031,7. Sales and customer service occupations,43,10,33
S01008031,8. Process plant and machine operatives,41,35,6
S01008031,9. Elementary occupations,43,19,24
S01008032,All people aged 16 to 74 in employment,441,218,223
S01008032,1. Managers directors and senior officials,28,17,11
S01008032,2. Professional occupations,55,19,36
S01008032,3. Associate professional and technical occupations,46,25,21
S01008032,4. Administrative and secretarial occupations,63,20,43
S01008032,5. Skilled trades occupations,57,52,5
S01008032,6. Caring leisure and other service occupations,49,6,43
S01008032,7. Sales and customer service occupations,39,16,23
S01008032,8. Process plant and machine operatives,51,42,9
S01008032,9. Elementary occupations,53,21,32
S01008033,All people aged 16 to 74 in employment,453,241,212
S01008033,1. Managers directors and senior officials,68,46,22
S01008033,2. Professional occupations,130,62,68
S01008033,3. Associate professional and technical occupations,74,47,27
S01008033,4. Administrative and secretarial occupations,52,10,42
S01008033,5. Skilled trades occupations,33,32,1
S01008033,6. Caring leisure and other service occupations,25,4,21
S01008033,7. Sales and customer service occupations,33,11,22
S01008033,8. Process plant and machine operatives,14,13,1
S01008033,9. Elementary occupations,24,16,8
S01008034,All people aged 16 to 74 in employment,444,220,224
S01008034,1. Managers directors and senior officials,56,40,16
S01008034,2. Professional occupations,147,60,87
S01008034,3. Associate professional and technical occupations,67,42,25
S01008034,4. Administrative and secretarial occupations,46,10,36
S01008034,5. Skilled trades occupations,34,29,5
S01008034,6. Caring leisure and other service occupations,26,5,21
S01008034,7. Sales and customer service occupations,42,16,26
S01008034,8. Process plant and machine operatives,10,10,0
S01008034,9. Elementary occupations,16,8,8
S01008035,All people aged 16 to 74 in employment,312,151,161
S01008035,1. Managers directors and senior officials,20,15,5
S01008035,2. Professional occupations,79,33,46
S01008035,3. Associate professional and technical occupations,54,31,23
S01008035,4. Administrative and secretarial occupations,60,12,48
S01008035,5. Skilled trades occupations,27,26,1
S01008035,6. Caring leisure and other service occupations,14,2,12
S01008035,7. Sales and customer service occupations,29,10,19
S01008035,8. Process plant and machine operatives,18,16,2
S01008035,9. Elementary occupations,11,6,5
S01008036,All people aged 16 to 74 in employment,336,178,158
S01008036,1. Managers directors and senior officials,27,22,5
S01008036,2. Professional occupations,95,40,55
S01008036,3. Associate professional and technical occupations,46,37,9
S01008036,4. Administrative and secretarial occupations,35,5,30
S01008036,5. Skilled trades occupations,37,34,3
S01008036,6. Caring leisure and other service occupations,27,2,25
S01008036,7. Sales and customer service occupations,32,14,18
S01008036,8. Process plant and machine operatives,10,9,1
S01008036,9. Elementary occupations,27,15,12
S01008037,All people aged 16 to 74 in employment,478,234,244
S01008037,1. Managers directors and senior officials,23,14,9
S01008037,2. Professional occupations,65,23,42
S01008037,3. Associate professional and technical occupations,60,34,26
S01008037,4. Administrative and secretarial occupations,66,12,54
S01008037,5. Skilled trades occupations,70,63,7
S01008037,6. Caring leisure and other service occupations,59,9,50
S01008037,7. Sales and customer service occupations,51,20,31
S01008037,8. Process plant and machine operatives,27,25,2
S01008037,9. Elementary occupations,57,34,23
S01008038,All people aged 16 to 74 in employment,370,178,192
S01008038,1. Managers directors and senior officials,23,12,11
S01008038,2. Professional occupations,48,18,30
S01008038,3. Associate professional and technical occupations,42,24,18
S01008038,4. Administrative and secretarial occupations,40,5,35
S01008038,5. Skilled trades occupations,53,49,4
S01008038,6. Caring leisure and other service occupations,40,10,30
S01008038,7. Sales and customer service occupations,44,14,30
S01008038,8. Process plant and machine operatives,25,23,2
S01008038,9. Elementary occupations,55,23,32
S01008039,All people aged 16 to 74 in employment,424,214,210
S01008039,1. Managers directors and senior officials,40,26,14
S01008039,2. Professional occupations,62,31,31
S01008039,3. Associate professional and technical occupations,48,27,21
S01008039,4. Administrative and secretarial occupations,45,10,35
S01008039,5. Skilled trades occupations,51,49,2
S01008039,6. Caring leisure and other service occupations,44,5,39
S01008039,7. Sales and customer service occupations,56,18,38
S01008039,8. Process plant and machine operatives,21,21,0
S01008039,9. Elementary occupations,57,27,30
S01008040,All people aged 16 to 74 in employment,356,189,167
S01008040,1. Managers directors and senior officials,35,28,7
S01008040,2. Professional occupations,92,46,46
S01008040,3. Associate professional and technical occupations,54,33,21
S01008040,4. Administrative and secretarial occupations,39,10,29
S01008040,5. Skilled trades occupations,30,25,5
S01008040,6. Caring leisure and other service occupations,36,7,29
S01008040,7. Sales and customer service occupations,32,13,19
S01008040,8. Process plant and machine operatives,16,16,0
S01008040,9. Elementary occupations,22,11,11
S01008041,All people aged 16 to 74 in employment,304,148,156
S01008041,1. Managers directors and senior officials,27,16,11
S01008041,2. Professional occupations,95,45,50
S01008041,3. Associate professional and technical occupations,58,35,23
S01008041,4. Administrative and secretarial occupations,36,7,29
S01008041,5. Skilled trades occupations,21,19,2
S01008041,6. Caring leisure and other service occupations,22,5,17
S01008041,7. Sales and customer service occupations,18,4,14
S01008041,8. Process plant and machine operatives,9,7,2
S01008041,9. Elementary occupations,18,10,8
S01008042,All people aged 16 to 74 in employment,254,133,121
S01008042,1. Managers directors and senior officials,35,29,6
S01008042,2. Professional occupations,93,44,49
S01008042,3. Associate professional and technical occupations,45,24,21
S01008042,4. Administrative and secretarial occupations,28,5,23
S01008042,5. Skilled trades occupations,13,12,1
S01008042,6. Caring leisure and other service occupations,11,5,6
S01008042,7. Sales and customer service occupations,13,3,10
S01008042,8. Process plant and machine operatives,11,10,1
S01008042,9. Elementary occupations,5,1,4
S01008043,All people aged 16 to 74 in employment,437,226,211
S01008043,1. Managers directors and senior officials,57,43,14
S01008043,2. Professional occupations,169,85,84
S01008043,3. Associate professional and technical occupations,86,36,50
S01008043,4. Administrative and secretarial occupations,34,3,31
S01008043,5. Skilled trades occupations,22,21,1
S01008043,6. Caring leisure and other service occupations,18,5,13
S01008043,7. Sales and customer service occupations,21,9,12
S01008043,8. Process plant and machine operatives,20,18,2
S01008043,9. Elementary occupations,10,6,4
S01008044,All people aged 16 to 74 in employment,468,240,228
S01008044,1. Managers directors and senior officials,59,36,23
S01008044,2. Professional occupations,149,70,79
S01008044,3. Associate professional and technical occupations,97,64,33
S01008044,4. Administrative and secretarial occupations,36,6,30
S01008044,5. Skilled trades occupations,26,21,5
S01008044,6. Caring leisure and other service occupations,29,4,25
S01008044,7. Sales and customer service occupations,34,11,23
S01008044,8. Process plant and machine operatives,19,17,2
S01008044,9. Elementary occupations,19,11,8
S01008045,All people aged 16 to 74 in employment,421,223,198
S01008045,1. Managers directors and senior officials,52,30,22
S01008045,2. Professional occupations,150,81,69
S01008045,3. Associate professional and technical occupations,66,36,30
S01008045,4. Administrative and secretarial occupations,35,7,28
S01008045,5. Skilled trades occupations,34,30,4
S01008045,6. Caring leisure and other service occupations,16,4,12
S01008045,7. Sales and customer service occupations,32,12,20
S01008045,8. Process plant and machine operatives,14,12,2
S01008045,9. Elementary occupations,22,11,11
S01008046,All people aged 16 to 74 in employment,311,148,163
S01008046,1. Managers directors and senior officials,32,14,18
S01008046,2. Professional occupations,65,30,35
S01008046,3. Associate professional and technical occupations,38,20,18
S01008046,4. Administrative and secretarial occupations,47,9,38
S01008046,5. Skilled trades occupations,35,34,1
S01008046,6. Caring leisure and other service occupations,20,3,17
S01008046,7. Sales and customer service occupations,32,10,22
S01008046,8. Process plant and machine operatives,13,12,1
S01008046,9. Elementary occupations,29,16,13
S01008047,All people aged 16 to 74 in employment,305,160,145
S01008047,1. Managers directors and senior officials,23,19,4
S01008047,2. Professional occupations,114,51,63
S01008047,3. Associate professional and technical occupations,44,24,20
S01008047,4. Administrative and secretarial occupations,33,6,27
S01008047,5. Skilled trades occupations,23,23,0
S01008047,6. Caring leisure and other service occupations,20,8,12
S01008047,7. Sales and customer service occupations,21,10,11
S01008047,8. Process plant and machine operatives,12,11,1
S01008047,9. Elementary occupations,15,8,7
S01008048,All people aged 16 to 74 in employment,241,130,111
S01008048,1. Managers directors and senior officials,40,26,14
S01008048,2. Professional occupations,66,32,34
S01008048,3. Associate professional and technical occupations,28,20,8
S01008048,4. Administrative and secretarial occupations,31,9,22
S01008048,5. Skilled trades occupations,22,20,2
S01008048,6. Caring leisure and other service occupations,19,4,15
S01008048,7. Sales and customer service occupations,15,6,9
S01008048,8. Process plant and machine operatives,7,7,0
S01008048,9. Elementary occupations,13,6,7
S01008049,All people aged 16 to 74 in employment,370,198,172
S01008049,1. Managers directors and senior officials,37,27,10
S01008049,2. Professional occupations,126,57,69
S01008049,3. Associate professional and technical occupations,66,44,22
S01008049,4. Administrative and secretarial occupations,56,15,41
S01008049,5. Skilled trades occupations,22,21,1
S01008049,6. Caring leisure and other service occupations,20,5,15
S01008049,7. Sales and customer service occupations,17,9,8
S01008049,8. Process plant and machine operatives,13,12,1
S01008049,9. Elementary occupations,13,8,5
S01008050,All people aged 16 to 74 in employment,261,134,127
S01008050,1. Managers directors and senior officials,38,28,10
S01008050,2. Professional occupations,85,38,47
S01008050,3. Associate professional and technical occupations,47,28,19
S01008050,4. Administrative and secretarial occupations,31,11,20
S01008050,5. Skilled trades occupations,7,7,0
S01008050,6. Caring leisure and other service occupations,14,2,12
S01008050,7. Sales and customer service occupations,28,14,14
S01008050,8. Process plant and machine operatives,3,3,0
S01008050,9. Elementary occupations,8,3,5
S01008051,All people aged 16 to 74 in employment,429,224,205
S01008051,1. Managers directors and senior officials,41,29,12
S01008051,2. Professional occupations,169,81,88
S01008051,3. Associate professional and technical occupations,66,46,20
S01008051,4. Administrative and secretarial occupations,47,9,38
S01008051,5. Skilled trades occupations,23,20,3
S01008051,6. Caring leisure and other service occupations,24,5,19
S01008051,7. Sales and customer service occupations,30,14,16
S01008051,8. Process plant and machine operatives,16,14,2
S01008051,9. Elementary occupations,13,6,7
S01008052,All people aged 16 to 74 in employment,431,229,202
S01008052,1. Managers directors and senior officials,60,42,18
S01008052,2. Professional occupations,177,84,93
S01008052,3. Associate professional and technical occupations,77,53,24
S01008052,4. Administrative and secretarial occupations,39,8,31
S01008052,5. Skilled trades occupations,13,12,1
S01008052,6. Caring leisure and other service occupations,23,2,21
S01008052,7. Sales and customer service occupations,26,14,12
S01008052,8. Process plant and machine operatives,8,8,0
S01008052,9. Elementary occupations,8,6,2
S01008053,All people aged 16 to 74 in employment,249,123,126
S01008053,1. Managers directors and senior officials,26,21,5
S01008053,2. Professional occupations,106,47,59
S01008053,3. Associate professional and technical occupations,35,16,19
S01008053,4. Administrative and secretarial occupations,28,2,26
S01008053,5. Skilled trades occupations,15,14,1
S01008053,6. Caring leisure and other service occupations,9,4,5
S01008053,7. Sales and customer service occupations,11,5,6
S01008053,8. Process plant and machine operatives,11,9,2
S01008053,9. Elementary occupations,8,5,3
S01008054,All people aged 16 to 74 in employment,341,188,153
S01008054,1. Managers directors and senior officials,68,53,15
S01008054,2. Professional occupations,124,63,61
S01008054,3. Associate professional and technical occupations,48,28,20
S01008054,4. Administrative and secretarial occupations,27,6,21
S01008054,5. Skilled trades occupations,11,10,1
S01008054,6. Caring leisure and other service occupations,19,5,14
S01008054,7. Sales and customer service occupations,22,12,10
S01008054,8. Process plant and machine operatives,7,5,2
S01008054,9. Elementary occupations,15,6,9
S01008055,All people aged 16 to 74 in employment,488,268,220
S01008055,1. Managers directors and senior officials,77,57,20
S01008055,2. Professional occupations,201,108,93
S01008055,3. Associate professional and technical occupations,75,46,29
S01008055,4. Administrative and secretarial occupations,42,9,33
S01008055,5. Skilled trades occupations,20,16,4
S01008055,6. Caring leisure and other service occupations,13,0,13
S01008055,7. Sales and customer service occupations,35,14,21
S01008055,8. Process plant and machine operatives,8,7,1
S01008055,9. Elementary occupations,17,11,6
S01008056,All people aged 16 to 74 in employment,314,172,142
S01008056,1. Managers directors and senior officials,43,30,13
S01008056,2. Professional occupations,133,70,63
S01008056,3. Associate professional and technical occupations,46,27,19
S01008056,4. Administrative and secretarial occupations,23,7,16
S01008056,5. Skilled trades occupations,21,19,2
S01008056,6. Caring leisure and other service occupations,12,3,9
S01008056,7. Sales and customer service occupations,21,6,15
S01008056,8. Process plant and machine operatives,5,5,0
S01008056,9. Elementary occupations,10,5,5
S01008057,All people aged 16 to 74 in employment,437,230,207
S01008057,1. Managers directors and senior officials,66,53,13
S01008057,2. Professional occupations,161,76,85
S01008057,3. Associate professional and technical occupations,59,30,29
S01008057,4. Administrative and secretarial occupations,45,10,35
S01008057,5. Skilled trades occupations,26,23,3
S01008057,6. Caring leisure and other service occupations,25,5,20
S01008057,7. Sales and customer service occupations,24,11,13
S01008057,8. Process plant and machine operatives,14,12,2
S01008057,9. Elementary occupations,17,10,7
S01008058,All people aged 16 to 74 in employment,488,251,237
S01008058,1. Managers directors and senior officials,91,66,25
S01008058,2. Professional occupations,158,86,72
S01008058,3. Associate professional and technical occupations,67,38,29
S01008058,4. Administrative and secretarial occupations,40,4,36
S01008058,5. Skilled trades occupations,31,25,6
S01008058,6. Caring leisure and other service occupations,27,4,23
S01008058,7. Sales and customer service occupations,39,14,25
S01008058,8. Process plant and machine operatives,9,6,3
S01008058,9. Elementary occupations,26,8,18
S01008059,All people aged 16 to 74 in employment,347,171,176
S01008059,1. Managers directors and senior officials,32,22,10
S01008059,2. Professional occupations,94,47,47
S01008059,3. Associate professional and technical occupations,53,31,22
S01008059,4. Administrative and secretarial occupations,57,10,47
S01008059,5. Skilled trades occupations,21,20,1
S01008059,6. Caring leisure and other service occupations,26,3,23
S01008059,7. Sales and customer service occupations,23,12,11
S01008059,8. Process plant and machine operatives,20,17,3
S01008059,9. Elementary occupations,21,9,12
S01008060,All people aged 16 to 74 in employment,463,231,232
S01008060,1. Managers directors and senior officials,47,29,18
S01008060,2. Professional occupations,139,67,72
S01008060,3. Associate professional and technical occupations,69,40,29
S01008060,4. Administrative and secretarial occupations,57,14,43
S01008060,5. Skilled trades occupations,43,39,4
S01008060,6. Caring leisure and other service occupations,37,5,32
S01008060,7. Sales and customer service occupations,38,14,24
S01008060,8. Process plant and machine operatives,10,9,1
S01008060,9. Elementary occupations,23,14,9
S01008061,All people aged 16 to 74 in employment,380,188,192
S01008061,1. Managers directors and senior officials,48,32,16
S01008061,2. Professional occupations,94,38,56
S01008061,3. Associate professional and technical occupations,72,48,24
S01008061,4. Administrative and secretarial occupations,54,11,43
S01008061,5. Skilled trades occupations,18,18,0
S01008061,6. Caring leisure and other service occupations,35,8,27
S01008061,7. Sales and customer service occupations,27,12,15
S01008061,8. Process plant and machine operatives,11,10,1
S01008061,9. Elementary occupations,21,11,10
S01008062,All people aged 16 to 74 in employment,428,215,213
S01008062,1. Managers directors and senior officials,29,20,9
S01008062,2. Professional occupations,107,42,65
S01008062,3. Associate professional and technical occupations,57,39,18
S01008062,4. Administrative and secretarial occupations,73,19,54
S01008062,5. Skilled trades occupations,42,40,2
S01008062,6. Caring leisure and other service occupations,36,6,30
S01008062,7. Sales and customer service occupations,40,18,22
S01008062,8. Process plant and machine operatives,20,20,0
S01008062,9. Elementary occupations,24,11,13
S01008063,All people aged 16 to 74 in employment,448,233,215
S01008063,1. Managers directors and senior officials,42,25,17
S01008063,2. Professional occupations,145,64,81
S01008063,3. Associate professional and technical occupations,72,46,26
S01008063,4. Administrative and secretarial occupations,52,13,39
S01008063,5. Skilled trades occupations,31,28,3
S01008063,6. Caring leisure and other service occupations,33,10,23
S01008063,7. Sales and customer service occupations,36,20,16
S01008063,8. Process plant and machine operatives,17,15,2
S01008063,9. Elementary occupations,20,12,8
S01008064,All people aged 16 to 74 in employment,315,156,159
S01008064,1. Managers directors and senior officials,22,19,3
S01008064,2. Professional occupations,52,25,27
S01008064,3. Associate professional and technical occupations,36,19,17
S01008064,4. Administrative and secretarial occupations,40,5,35
S01008064,5. Skilled trades occupations,40,36,4
S01008064,6. Caring leisure and other service occupations,44,6,38
S01008064,7. Sales and customer service occupations,28,17,11
S01008064,8. Process plant and machine operatives,14,12,2
S01008064,9. Elementary occupations,39,17,22
S01008065,All people aged 16 to 74 in employment,484,253,231
S01008065,1. Managers directors and senior officials,57,44,13
S01008065,2. Professional occupations,188,87,101
S01008065,3. Associate professional and technical occupations,73,47,26
S01008065,4. Administrative and secretarial occupations,57,10,47
S01008065,5. Skilled trades occupations,26,25,1
S01008065,6. Caring leisure and other service occupations,21,1,20
S01008065,7. Sales and customer service occupations,35,19,16
S01008065,8. Process plant and machine operatives,7,7,0
S01008065,9. Elementary occupations,20,13,7
S01008066,All people aged 16 to 74 in employment,423,229,194
S01008066,1. Managers directors and senior officials,79,55,24
S01008066,2. Professional occupations,190,97,93
S01008066,3. Associate professional and technical occupations,57,29,28
S01008066,4. Administrative and secretarial occupations,27,8,19
S01008066,5. Skilled trades occupations,14,14,0
S01008066,6. Caring leisure and other service occupations,10,3,7
S01008066,7. Sales and customer service occupations,19,8,11
S01008066,8. Process plant and machine operatives,10,7,3
S01008066,9. Elementary occupations,17,8,9
S01008067,All people aged 16 to 74 in employment,307,166,141
S01008067,1. Managers directors and senior officials,38,25,13
S01008067,2. Professional occupations,124,61,63
S01008067,3. Associate professional and technical occupations,45,30,15
S01008067,4. Administrative and secretarial occupations,28,6,22
S01008067,5. Skilled trades occupations,29,26,3
S01008067,6. Caring leisure and other service occupations,9,2,7
S01008067,7. Sales and customer service occupations,12,2,10
S01008067,8. Process plant and machine operatives,10,7,3
S01008067,9. Elementary occupations,12,7,5
S01008068,All people aged 16 to 74 in employment,467,238,229
S01008068,1. Managers directors and senior officials,55,30,25
S01008068,2. Professional occupations,137,67,70
S01008068,3. Associate professional and technical occupations,64,41,23
S01008068,4. Administrative and secretarial occupations,57,10,47
S01008068,5. Skilled trades occupations,44,43,1
S01008068,6. Caring leisure and other service occupations,30,7,23
S01008068,7. Sales and customer service occupations,36,16,20
S01008068,8. Process plant and machine operatives,22,19,3
S01008068,9. Elementary occupations,22,5,17
S01008069,All people aged 16 to 74 in employment,485,236,249
S01008069,1. Managers directors and senior officials,36,21,15
S01008069,2. Professional occupations,82,36,46
S01008069,3. Associate professional and technical occupations,81,43,38
S01008069,4. Administrative and secretarial occupations,92,21,71
S01008069,5. Skilled trades occupations,57,54,3
S01008069,6. Caring leisure and other service occupations,30,4,26
S01008069,7. Sales and customer service occupations,44,17,27
S01008069,8. Process plant and machine operatives,22,19,3
S01008069,9. Elementary occupations,41,21,20
S01008070,All people aged 16 to 74 in employment,476,235,241
S01008070,1. Managers directors and senior officials,21,13,8
S01008070,2. Professional occupations,73,30,43
S01008070,3. Associate professional and technical occupations,81,43,38
S01008070,4. Administrative and secretarial occupations,71,18,53
S01008070,5. Skilled trades occupations,64,62,2
S01008070,6. Caring leisure and other service occupations,61,7,54
S01008070,7. Sales and customer service occupations,50,17,33
S01008070,8. Process plant and machine operatives,21,20,1
S01008070,9. Elementary occupations,34,25,9
S01008071,All people aged 16 to 74 in employment,380,192,188
S01008071,1. Managers directors and senior officials,32,22,10
S01008071,2. Professional occupations,105,38,67
S01008071,3. Associate professional and technical occupations,61,37,24
S01008071,4. Administrative and secretarial occupations,54,14,40
S01008071,5. Skilled trades occupations,42,40,2
S01008071,6. Caring leisure and other service occupations,33,9,24
S01008071,7. Sales and customer service occupations,29,10,19
S01008071,8. Process plant and machine operatives,13,13,0
S01008071,9. Elementary occupations,11,9,2
S01008072,All people aged 16 to 74 in employment,402,214,188
S01008072,1. Managers directors and senior officials,78,57,21
S01008072,2. Professional occupations,163,75,88
S01008072,3. Associate professional and technical occupations,57,36,21
S01008072,4. Administrative and secretarial occupations,39,8,31
S01008072,5. Skilled trades occupations,17,16,1
S01008072,6. Caring leisure and other service occupations,12,2,10
S01008072,7. Sales and customer service occupations,20,7,13
S01008072,8. Process plant and machine operatives,7,7,0
S01008072,9. Elementary occupations,9,6,3
S01008073,All people aged 16 to 74 in employment,235,119,116
S01008073,1. Managers directors and senior officials,38,26,12
S01008073,2. Professional occupations,85,38,47
S01008073,3. Associate professional and technical occupations,43,24,19
S01008073,4. Administrative and secretarial occupations,13,1,12
S01008073,5. Skilled trades occupations,21,18,3
S01008073,6. Caring leisure and other service occupations,9,1,8
S01008073,7. Sales and customer service occupations,12,3,9
S01008073,8. Process plant and machine operatives,2,2,0
S01008073,9. Elementary occupations,12,6,6
S01008074,All people aged 16 to 74 in employment,497,240,257
S01008074,1. Managers directors and senior officials,44,28,16
S01008074,2. Professional occupations,181,82,99
S01008074,3. Associate professional and technical occupations,73,43,30
S01008074,4. Administrative and secretarial occupations,60,15,45
S01008074,5. Skilled trades occupations,43,39,4
S01008074,6. Caring leisure and other service occupations,28,3,25
S01008074,7. Sales and customer service occupations,37,12,25
S01008074,8. Process plant and machine operatives,11,10,1
S01008074,9. Elementary occupations,20,8,12
S01008075,All people aged 16 to 74 in employment,230,126,104
S01008075,1. Managers directors and senior officials,29,21,8
S01008075,2. Professional occupations,91,51,40
S01008075,3. Associate professional and technical occupations,34,23,11
S01008075,4. Administrative and secretarial occupations,28,4,24
S01008075,5. Skilled trades occupations,7,7,0
S01008075,6. Caring leisure and other service occupations,12,2,10
S01008075,7. Sales and customer service occupations,17,8,9
S01008075,8. Process plant and machine operatives,3,2,1
S01008075,9. Elementary occupations,9,8,1
S01008076,All people aged 16 to 74 in employment,228,114,114
S01008076,1. Managers directors and senior officials,32,23,9
S01008076,2. Professional occupations,86,37,49
S01008076,3. Associate professional and technical occupations,38,21,17
S01008076,4. Administrative and secretarial occupations,28,6,22
S01008076,5. Skilled trades occupations,8,8,0
S01008076,6. Caring leisure and other service occupations,11,3,8
S01008076,7. Sales and customer service occupations,13,7,6
S01008076,8. Process plant and machine operatives,6,5,1
S01008076,9. Elementary occupations,6,4,2
S01008077,All people aged 16 to 74 in employment,348,191,157
S01008077,1. Managers directors and senior officials,61,44,17
S01008077,2. Professional occupations,148,73,75
S01008077,3. Associate professional and technical occupations,45,20,25
S01008077,4. Administrative and secretarial occupations,26,11,15
S01008077,5. Skilled trades occupations,16,16,0
S01008077,6. Caring leisure and other service occupations,14,4,10
S01008077,7. Sales and customer service occupations,22,10,12
S01008077,8. Process plant and machine operatives,8,7,1
S01008077,9. Elementary occupations,8,6,2
S01008078,All people aged 16 to 74 in employment,373,207,166
S01008078,1. Managers directors and senior officials,59,45,14
S01008078,2. Professional occupations,111,59,52
S01008078,3. Associate professional and technical occupations,48,32,16
S01008078,4. Administrative and secretarial occupations,49,15,34
S01008078,5. Skilled trades occupations,23,21,2
S01008078,6. Caring leisure and other service occupations,23,4,19
S01008078,7. Sales and customer service occupations,29,12,17
S01008078,8. Process plant and machine operatives,6,4,2
S01008078,9. Elementary occupations,25,15,10
S01008079,All people aged 16 to 74 in employment,390,213,177
S01008079,1. Managers directors and senior officials,63,41,22
S01008079,2. Professional occupations,152,71,81
S01008079,3. Associate professional and technical occupations,45,29,16
S01008079,4. Administrative and secretarial occupations,32,9,23
S01008079,5. Skilled trades occupations,26,24,2
S01008079,6. Caring leisure and other service occupations,22,7,15
S01008079,7. Sales and customer service occupations,32,19,13
S01008079,8. Process plant and machine operatives,8,6,2
S01008079,9. Elementary occupations,10,7,3
S01008080,All people aged 16 to 74 in employment,336,178,158
S01008080,1. Managers directors and senior officials,34,24,10
S01008080,2. Professional occupations,110,53,57
S01008080,3. Associate professional and technical occupations,55,35,20
S01008080,4. Administrative and secretarial occupations,43,5,38
S01008080,5. Skilled trades occupations,26,25,1
S01008080,6. Caring leisure and other service occupations,22,2,20
S01008080,7. Sales and customer service occupations,19,10,9
S01008080,8. Process plant and machine operatives,20,18,2
S01008080,9. Elementary occupations,7,6,1
S01008081,All people aged 16 to 74 in employment,276,151,125
S01008081,1. Managers directors and senior officials,45,30,15
S01008081,2. Professional occupations,94,47,47
S01008081,3. Associate professional and technical occupations,38,21,17
S01008081,4. Administrative and secretarial occupations,28,11,17
S01008081,5. Skilled trades occupations,17,14,3
S01008081,6. Caring leisure and other service occupations,15,2,13
S01008081,7. Sales and customer service occupations,23,14,9
S01008081,8. Process plant and machine operatives,11,11,0
S01008081,9. Elementary occupations,5,1,4
S01008082,All people aged 16 to 74 in employment,407,201,206
S01008082,1. Managers directors and senior officials,51,38,13
S01008082,2. Professional occupations,119,44,75
S01008082,3. Associate professional and technical occupations,62,35,27
S01008082,4. Administrative and secretarial occupations,51,11,40
S01008082,5. Skilled trades occupations,29,29,0
S01008082,6. Caring leisure and other service occupations,24,5,19
S01008082,7. Sales and customer service occupations,41,19,22
S01008082,8. Process plant and machine operatives,12,11,1
S01008082,9. Elementary occupations,18,9,9
S01008083,All people aged 16 to 74 in employment,341,177,164
S01008083,1. Managers directors and senior officials,40,29,11
S01008083,2. Professional occupations,105,49,56
S01008083,3. Associate professional and technical occupations,61,29,32
S01008083,4. Administrative and secretarial occupations,43,12,31
S01008083,5. Skilled trades occupations,21,20,1
S01008083,6. Caring leisure and other service occupations,22,7,15
S01008083,7. Sales and customer service occupations,26,13,13
S01008083,8. Process plant and machine operatives,8,7,1
S01008083,9. Elementary occupations,15,11,4
S01008084,All people aged 16 to 74 in employment,418,211,207
S01008084,1. Managers directors and senior officials,48,32,16
S01008084,2. Professional occupations,105,49,56
S01008084,3. Associate professional and technical occupations,51,31,20
S01008084,4. Administrative and secretarial occupations,51,8,43
S01008084,5. Skilled trades occupations,47,41,6
S01008084,6. Caring leisure and other service occupations,41,9,32
S01008084,7. Sales and customer service occupations,32,9,23
S01008084,8. Process plant and machine operatives,19,18,1
S01008084,9. Elementary occupations,24,14,10
S01008085,All people aged 16 to 74 in employment,533,259,274
S01008085,1. Managers directors and senior officials,61,43,18
S01008085,2. Professional occupations,155,64,91
S01008085,3. Associate professional and technical occupations,88,54,34
S01008085,4. Administrative and secretarial occupations,61,7,54
S01008085,5. Skilled trades occupations,48,38,10
S01008085,6. Caring leisure and other service occupations,32,5,27
S01008085,7. Sales and customer service occupations,33,11,22
S01008085,8. Process plant and machine operatives,25,23,2
S01008085,9. Elementary occupations,30,14,16
S01008086,All people aged 16 to 74 in employment,577,293,284
S01008086,1. Managers directors and senior officials,55,39,16
S01008086,2. Professional occupations,142,63,79
S01008086,3. Associate professional and technical occupations,95,48,47
S01008086,4. Administrative and secretarial occupations,66,7,59
S01008086,5. Skilled trades occupations,68,64,4
S01008086,6. Caring leisure and other service occupations,44,5,39
S01008086,7. Sales and customer service occupations,35,16,19
S01008086,8. Process plant and machine operatives,32,28,4
S01008086,9. Elementary occupations,40,23,17
S01008087,All people aged 16 to 74 in employment,372,188,184
S01008087,1. Managers directors and senior officials,34,23,11
S01008087,2. Professional occupations,102,36,66
S01008087,3. Associate professional and technical occupations,60,38,22
S01008087,4. Administrative and secretarial occupations,53,9,44
S01008087,5. Skilled trades occupations,31,31,0
S01008087,6. Caring leisure and other service occupations,15,2,13
S01008087,7. Sales and customer service occupations,36,15,21
S01008087,8. Process plant and machine operatives,22,22,0
S01008087,9. Elementary occupations,19,12,7
S01008088,All people aged 16 to 74 in employment,422,213,209
S01008088,1. Managers directors and senior officials,38,24,14
S01008088,2. Professional occupations,88,48,40
S01008088,3. Associate professional and technical occupations,70,37,33
S01008088,4. Administrative and secretarial occupations,70,14,56
S01008088,5. Skilled trades occupations,36,35,1
S01008088,6. Caring leisure and other service occupations,28,4,24
S01008088,7. Sales and customer service occupations,50,19,31
S01008088,8. Process plant and machine operatives,23,20,3
S01008088,9. Elementary occupations,19,12,7
S01008089,All people aged 16 to 74 in employment,310,163,147
S01008089,1. Managers directors and senior officials,39,28,11
S01008089,2. Professional occupations,66,26,40
S01008089,3. Associate professional and technical occupations,54,31,23
S01008089,4. Administrative and secretarial occupations,46,8,38
S01008089,5. Skilled trades occupations,27,25,2
S01008089,6. Caring leisure and other service occupations,18,6,12
S01008089,7. Sales and customer service occupations,33,14,19
S01008089,8. Process plant and machine operatives,15,15,0
S01008089,9. Elementary occupations,12,10,2
S01008090,All people aged 16 to 74 in employment,379,195,184
S01008090,1. Managers directors and senior officials,32,21,11
S01008090,2. Professional occupations,78,40,38
S01008090,3. Associate professional and technical occupations,65,39,26
S01008090,4. Administrative and secretarial occupations,53,9,44
S01008090,5. Skilled trades occupations,41,40,1
S01008090,6. Caring leisure and other service occupations,30,2,28
S01008090,7. Sales and customer service occupations,35,12,23
S01008090,8. Process plant and machine operatives,16,13,3
S01008090,9. Elementary occupations,29,19,10
S01008091,All people aged 16 to 74 in employment,191,92,99
S01008091,1. Managers directors and senior officials,16,9,7
S01008091,2. Professional occupations,44,21,23
S01008091,3. Associate professional and technical occupations,29,17,12
S01008091,4. Administrative and secretarial occupations,23,0,23
S01008091,5. Skilled trades occupations,14,13,1
S01008091,6. Caring leisure and other service occupations,19,2,17
S01008091,7. Sales and customer service occupations,21,9,12
S01008091,8. Process plant and machine operatives,16,16,0
S01008091,9. Elementary occupations,9,5,4
S01008092,All people aged 16 to 74 in employment,396,214,182
S01008092,1. Managers directors and senior officials,47,32,15
S01008092,2. Professional occupations,96,46,50
S01008092,3. Associate professional and technical occupations,66,39,27
S01008092,4. Administrative and secretarial occupations,56,14,42
S01008092,5. Skilled trades occupations,28,25,3
S01008092,6. Caring leisure and other service occupations,25,7,18
S01008092,7. Sales and customer service occupations,45,23,22
S01008092,8. Process plant and machine operatives,11,11,0
S01008092,9. Elementary occupations,22,17,5
S01008093,All people aged 16 to 74 in employment,360,182,178
S01008093,1. Managers directors and senior officials,35,22,13
S01008093,2. Professional occupations,87,36,51
S01008093,3. Associate professional and technical occupations,53,33,20
S01008093,4. Administrative and secretarial occupations,45,7,38
S01008093,5. Skilled trades occupations,43,40,3
S01008093,6. Caring leisure and other service occupations,17,1,16
S01008093,7. Sales and customer service occupations,49,17,32
S01008093,8. Process plant and machine operatives,21,20,1
S01008093,9. Elementary occupations,10,6,4
S01008094,All people aged 16 to 74 in employment,316,172,144
S01008094,1. Managers directors and senior officials,46,33,13
S01008094,2. Professional occupations,85,41,44
S01008094,3. Associate professional and technical occupations,39,17,22
S01008094,4. Administrative and secretarial occupations,34,3,31
S01008094,5. Skilled trades occupations,37,36,1
S01008094,6. Caring leisure and other service occupations,18,5,13
S01008094,7. Sales and customer service occupations,27,14,13
S01008094,8. Process plant and machine operatives,11,10,1
S01008094,9. Elementary occupations,19,13,6
S01008095,All people aged 16 to 74 in employment,352,168,184
S01008095,1. Managers directors and senior officials,19,9,10
S01008095,2. Professional occupations,63,28,35
S01008095,3. Associate professional and technical occupations,61,32,29
S01008095,4. Administrative and secretarial occupations,53,12,41
S01008095,5. Skilled trades occupations,33,29,4
S01008095,6. Caring leisure and other service occupations,30,3,27
S01008095,7. Sales and customer service occupations,36,19,17
S01008095,8. Process plant and machine operatives,20,19,1
S01008095,9. Elementary occupations,37,17,20
S01008096,All people aged 16 to 74 in employment,337,171,166
S01008096,1. Managers directors and senior officials,39,28,11
S01008096,2. Professional occupations,84,40,44
S01008096,3. Associate professional and technical occupations,51,30,21
S01008096,4. Administrative and secretarial occupations,51,8,43
S01008096,5. Skilled trades occupations,26,24,2
S01008096,6. Caring leisure and other service occupations,23,4,19
S01008096,7. Sales and customer service occupations,29,10,19
S01008096,8. Process plant and machine operatives,17,17,0
S01008096,9. Elementary occupations,17,10,7
S01008097,All people aged 16 to 74 in employment,273,136,137
S01008097,1. Managers directors and senior officials,24,16,8
S01008097,2. Professional occupations,62,29,33
S01008097,3. Associate professional and technical occupations,38,24,14
S01008097,4. Administrative and secretarial occupations,43,12,31
S01008097,5. Skilled trades occupations,29,27,2
S01008097,6. Caring leisure and other service occupations,18,2,16
S01008097,7. Sales and customer service occupations,35,14,21
S01008097,8. Process plant and machine operatives,10,7,3
S01008097,9. Elementary occupations,14,5,9
S01008098,All people aged 16 to 74 in employment,379,185,194
S01008098,1. Managers directors and senior officials,31,18,13
S01008098,2. Professional occupations,91,36,55
S01008098,3. Associate professional and technical occupations,55,29,26
S01008098,4. Administrative and secretarial occupations,59,10,49
S01008098,5. Skilled trades occupations,42,41,1
S01008098,6. Caring leisure and other service occupations,29,5,24
S01008098,7. Sales and customer service occupations,34,19,15
S01008098,8. Process plant and machine operatives,16,15,1
S01008098,9. Elementary occupations,22,12,10
S01008099,All people aged 16 to 74 in employment,269,137,132
S01008099,1. Managers directors and senior officials,14,8,6
S01008099,2. Professional occupations,41,23,18
S01008099,3. Associate professional and technical occupations,35,14,21
S01008099,4. Administrative and secretarial occupations,44,11,33
S01008099,5. Skilled trades occupations,36,35,1
S01008099,6. Caring leisure and other service occupations,35,8,27
S01008099,7. Sales and customer service occupations,27,6,21
S01008099,8. Process plant and machine operatives,22,22,0
S01008099,9. Elementary occupations,15,10,5
S01008100,All people aged 16 to 74 in employment,399,212,187
S01008100,1. Managers directors and senior officials,50,33,17
S01008100,2. Professional occupations,121,57,64
S01008100,3. Associate professional and technical occupations,63,42,21
S01008100,4. Administrative and secretarial occupations,56,15,41
S01008100,5. Skilled trades occupations,29,27,2
S01008100,6. Caring leisure and other service occupations,19,4,15
S01008100,7. Sales and customer service occupations,21,5,16
S01008100,8. Process plant and machine operatives,16,16,0
S01008100,9. Elementary occupations,24,13,11
S01008101,All people aged 16 to 74 in employment,425,203,222
S01008101,1. Managers directors and senior officials,36,20,16
S01008101,2. Professional occupations,108,48,60
S01008101,3. Associate professional and technical occupations,65,32,33
S01008101,4. Administrative and secretarial occupations,53,10,43
S01008101,5. Skilled trades occupations,50,47,3
S01008101,6. Caring leisure and other service occupations,33,5,28
S01008101,7. Sales and customer service occupations,35,9,26
S01008101,8. Process plant and machine operatives,23,22,1
S01008101,9. Elementary occupations,22,10,12
S01008102,All people aged 16 to 74 in employment,380,187,193
S01008102,1. Managers directors and senior officials,30,20,10
S01008102,2. Professional occupations,62,26,36
S01008102,3. Associate professional and technical occupations,58,25,33
S01008102,4. Administrative and secretarial occupations,48,6,42
S01008102,5. Skilled trades occupations,58,56,2
S01008102,6. Caring leisure and other service occupations,35,3,32
S01008102,7. Sales and customer service occupations,41,13,28
S01008102,8. Process plant and machine operatives,21,20,1
S01008102,9. Elementary occupations,27,18,9
S01008103,All people aged 16 to 74 in employment,292,141,151
S01008103,1. Managers directors and senior officials,27,17,10
S01008103,2. Professional occupations,53,22,31
S01008103,3. Associate professional and technical occupations,41,19,22
S01008103,4. Administrative and secretarial occupations,35,8,27
S01008103,5. Skilled trades occupations,32,28,4
S01008103,6. Caring leisure and other service occupations,35,6,29
S01008103,7. Sales and customer service occupations,20,7,13
S01008103,8. Process plant and machine operatives,16,15,1
S01008103,9. Elementary occupations,33,19,14
S01008104,All people aged 16 to 74 in employment,405,193,212
S01008104,1. Managers directors and senior officials,16,10,6
S01008104,2. Professional occupations,45,18,27
S01008104,3. Associate professional and technical occupations,34,13,21
S01008104,4. Administrative and secretarial occupations,64,14,50
S01008104,5. Skilled trades occupations,64,61,3
S01008104,6. Caring leisure and other service occupations,65,12,53
S01008104,7. Sales and customer service occupations,37,17,20
S01008104,8. Process plant and machine operatives,23,20,3
S01008104,9. Elementary occupations,57,28,29
S01008105,All people aged 16 to 74 in employment,464,221,243
S01008105,1. Managers directors and senior officials,32,13,19
S01008105,2. Professional occupations,49,23,26
S01008105,3. Associate professional and technical occupations,59,23,36
S01008105,4. Administrative and secretarial occupations,55,8,47
S01008105,5. Skilled trades occupations,62,58,4
S01008105,6. Caring leisure and other service occupations,59,11,48
S01008105,7. Sales and customer service occupations,64,21,43
S01008105,8. Process plant and machine operatives,35,34,1
S01008105,9. Elementary occupations,49,30,19
S01008106,All people aged 16 to 74 in employment,314,145,169
S01008106,1. Managers directors and senior officials,13,7,6
S01008106,2. Professional occupations,34,10,24
S01008106,3. Associate professional and technical occupations,33,14,19
S01008106,4. Administrative and secretarial occupations,44,7,37
S01008106,5. Skilled trades occupations,40,37,3
S01008106,6. Caring leisure and other service occupations,44,8,36
S01008106,7. Sales and customer service occupations,34,9,25
S01008106,8. Process plant and machine operatives,29,28,1
S01008106,9. Elementary occupations,43,25,18
S01008107,All people aged 16 to 74 in employment,487,256,231
S01008107,1. Managers directors and senior officials,59,40,19
S01008107,2. Professional occupations,109,48,61
S01008107,3. Associate professional and technical occupations,75,44,31
S01008107,4. Administrative and secretarial occupations,50,5,45
S01008107,5. Skilled trades occupations,57,52,5
S01008107,6. Caring leisure and other service occupations,32,4,28
S01008107,7. Sales and customer service occupations,44,18,26
S01008107,8. Process plant and machine operatives,24,23,1
S01008107,9. Elementary occupations,37,22,15
S01008108,All people aged 16 to 74 in employment,394,191,203
S01008108,1. Managers directors and senior officials,37,25,12
S01008108,2. Professional occupations,80,36,44
S01008108,3. Associate professional and technical occupations,44,22,22
S01008108,4. Administrative and secretarial occupations,55,7,48
S01008108,5. Skilled trades occupations,48,46,2
S01008108,6. Caring leisure and other service occupations,37,4,33
S01008108,7. Sales and customer service occupations,39,11,28
S01008108,8. Process plant and machine operatives,24,24,0
S01008108,9. Elementary occupations,30,16,14
S01008109,All people aged 16 to 74 in employment,485,247,238
S01008109,1. Managers directors and senior officials,41,28,13
S01008109,2. Professional occupations,83,37,46
S01008109,3. Associate professional and technical occupations,63,37,26
S01008109,4. Administrative and secretarial occupations,82,19,63
S01008109,5. Skilled trades occupations,57,55,2
S01008109,6. Caring leisure and other service occupations,52,9,43
S01008109,7. Sales and customer service occupations,54,20,34
S01008109,8. Process plant and machine operatives,26,26,0
S01008109,9. Elementary occupations,27,16,11
S01008110,All people aged 16 to 74 in employment,484,238,246
S01008110,1. Managers directors and senior officials,41,21,20
S01008110,2. Professional occupations,89,31,58
S01008110,3. Associate professional and technical occupations,75,47,28
S01008110,4. Administrative and secretarial occupations,58,10,48
S01008110,5. Skilled trades occupations,61,56,5
S01008110,6. Caring leisure and other service occupations,45,9,36
S01008110,7. Sales and customer service occupations,48,12,36
S01008110,8. Process plant and machine operatives,33,31,2
S01008110,9. Elementary occupations,34,21,13
S01008111,All people aged 16 to 74 in employment,434,224,210
S01008111,1. Managers directors and senior officials,42,31,11
S01008111,2. Professional occupations,108,46,62
S01008111,3. Associate professional and technical occupations,67,36,31
S01008111,4. Administrative and secretarial occupations,59,11,48
S01008111,5. Skilled trades occupations,38,38,0
S01008111,6. Caring leisure and other service occupations,27,5,22
S01008111,7. Sales and customer service occupations,47,19,28
S01008111,8. Process plant and machine operatives,16,16,0
S01008111,9. Elementary occupations,30,22,8
S01008112,All people aged 16 to 74 in employment,385,189,196
S01008112,1. Managers directors and senior officials,28,22,6
S01008112,2. Professional occupations,79,32,47
S01008112,3. Associate professional and technical occupations,45,28,17
S01008112,4. Administrative and secretarial occupations,63,10,53
S01008112,5. Skilled trades occupations,39,38,1
S01008112,6. Caring leisure and other service occupations,34,3,31
S01008112,7. Sales and customer service occupations,53,20,33
S01008112,8. Process plant and machine operatives,22,22,0
S01008112,9. Elementary occupations,22,14,8
S01008113,All people aged 16 to 74 in employment,447,231,216
S01008113,1. Managers directors and senior officials,41,24,17
S01008113,2. Professional occupations,98,41,57
S01008113,3. Associate professional and technical occupations,60,40,20
S01008113,4. Administrative and secretarial occupations,67,16,51
S01008113,5. Skilled trades occupations,45,44,1
S01008113,6. Caring leisure and other service occupations,29,9,20
S01008113,7. Sales and customer service occupations,51,23,28
S01008113,8. Process plant and machine operatives,24,23,1
S01008113,9. Elementary occupations,32,11,21
S01008114,All people aged 16 to 74 in employment,337,177,160
S01008114,1. Managers directors and senior officials,28,15,13
S01008114,2. Professional occupations,59,25,34
S01008114,3. Associate professional and technical occupations,49,29,20
S01008114,4. Administrative and secretarial occupations,47,13,34
S01008114,5. Skilled trades occupations,43,40,3
S01008114,6. Caring leisure and other service occupations,21,5,16
S01008114,7. Sales and customer service occupations,39,12,27
S01008114,8. Process plant and machine operatives,27,25,2
S01008114,9. Elementary occupations,24,13,11
S01008115,All people aged 16 to 74 in employment,516,266,250
S01008115,1. Managers directors and senior officials,43,31,12
S01008115,2. Professional occupations,74,35,39
S01008115,3. Associate professional and technical occupations,54,29,25
S01008115,4. Administrative and secretarial occupations,100,23,77
S01008115,5. Skilled trades occupations,68,65,3
S01008115,6. Caring leisure and other service occupations,36,7,29
S01008115,7. Sales and customer service occupations,68,28,40
S01008115,8. Process plant and machine operatives,29,27,2
S01008115,9. Elementary occupations,44,21,23
S01008116,All people aged 16 to 74 in employment,472,235,237
S01008116,1. Managers directors and senior officials,49,39,10
S01008116,2. Professional occupations,122,52,70
S01008116,3. Associate professional and technical occupations,71,48,23
S01008116,4. Administrative and secretarial occupations,68,10,58
S01008116,5. Skilled trades occupations,31,27,4
S01008116,6. Caring leisure and other service occupations,42,8,34
S01008116,7. Sales and customer service occupations,38,15,23
S01008116,8. Process plant and machine operatives,21,19,2
S01008116,9. Elementary occupations,30,17,13
S01008117,All people aged 16 to 74 in employment,373,193,180
S01008117,1. Managers directors and senior officials,36,27,9
S01008117,2. Professional occupations,98,53,45
S01008117,3. Associate professional and technical occupations,59,35,24
S01008117,4. Administrative and secretarial occupations,59,14,45
S01008117,5. Skilled trades occupations,28,25,3
S01008117,6. Caring leisure and other service occupations,28,2,26
S01008117,7. Sales and customer service occupations,37,15,22
S01008117,8. Process plant and machine operatives,11,11,0
S01008117,9. Elementary occupations,17,11,6
S01008118,All people aged 16 to 74 in employment,386,194,192
S01008118,1. Managers directors and senior officials,31,20,11
S01008118,2. Professional occupations,92,39,53
S01008118,3. Associate professional and technical occupations,57,35,22
S01008118,4. Administrative and secretarial occupations,52,11,41
S01008118,5. Skilled trades occupations,41,35,6
S01008118,6. Caring leisure and other service occupations,28,5,23
S01008118,7. Sales and customer service occupations,30,11,19
S01008118,8. Process plant and machine operatives,22,21,1
S01008118,9. Elementary occupations,33,17,16
S01008119,All people aged 16 to 74 in employment,278,138,140
S01008119,1. Managers directors and senior officials,11,5,6
S01008119,2. Professional occupations,30,10,20
S01008119,3. Associate professional and technical occupations,17,11,6
S01008119,4. Administrative and secretarial occupations,23,5,18
S01008119,5. Skilled trades occupations,44,37,7
S01008119,6. Caring leisure and other service occupations,40,11,29
S01008119,7. Sales and customer service occupations,36,8,28
S01008119,8. Process plant and machine operatives,32,31,1
S01008119,9. Elementary occupations,45,20,25
S01008120,All people aged 16 to 74 in employment,272,140,132
S01008120,1. Managers directors and senior officials,26,16,10
S01008120,2. Professional occupations,79,38,41
S01008120,3. Associate professional and technical occupations,32,20,12
S01008120,4. Administrative and secretarial occupations,38,9,29
S01008120,5. Skilled trades occupations,32,28,4
S01008120,6. Caring leisure and other service occupations,24,6,18
S01008120,7. Sales and customer service occupations,18,4,14
S01008120,8. Process plant and machine operatives,8,7,1
S01008120,9. Elementary occupations,15,12,3
S01008121,All people aged 16 to 74 in employment,305,160,145
S01008121,1. Managers directors and senior officials,34,25,9
S01008121,2. Professional occupations,117,53,64
S01008121,3. Associate professional and technical occupations,34,21,13
S01008121,4. Administrative and secretarial occupations,42,13,29
S01008121,5. Skilled trades occupations,17,17,0
S01008121,6. Caring leisure and other service occupations,20,5,15
S01008121,7. Sales and customer service occupations,23,13,10
S01008121,8. Process plant and machine operatives,7,6,1
S01008121,9. Elementary occupations,11,7,4
S01008122,All people aged 16 to 74 in employment,346,191,155
S01008122,1. Managers directors and senior officials,51,37,14
S01008122,2. Professional occupations,128,70,58
S01008122,3. Associate professional and technical occupations,69,34,35
S01008122,4. Administrative and secretarial occupations,32,7,25
S01008122,5. Skilled trades occupations,18,17,1
S01008122,6. Caring leisure and other service occupations,13,3,10
S01008122,7. Sales and customer service occupations,19,8,11
S01008122,8. Process plant and machine operatives,5,5,0
S01008122,9. Elementary occupations,11,10,1
S01008123,All people aged 16 to 74 in employment,437,224,213
S01008123,1. Managers directors and senior officials,56,41,15
S01008123,2. Professional occupations,164,73,91
S01008123,3. Associate professional and technical occupations,82,47,35
S01008123,4. Administrative and secretarial occupations,40,5,35
S01008123,5. Skilled trades occupations,26,24,2
S01008123,6. Caring leisure and other service occupations,20,7,13
S01008123,7. Sales and customer service occupations,25,10,15
S01008123,8. Process plant and machine operatives,6,6,0
S01008123,9. Elementary occupations,18,11,7
S01008124,All people aged 16 to 74 in employment,433,222,211
S01008124,1. Managers directors and senior officials,50,36,14
S01008124,2. Professional occupations,117,44,73
S01008124,3. Associate professional and technical occupations,64,45,19
S01008124,4. Administrative and secretarial occupations,63,10,53
S01008124,5. Skilled trades occupations,38,38,0
S01008124,6. Caring leisure and other service occupations,27,5,22
S01008124,7. Sales and customer service occupations,38,20,18
S01008124,8. Process plant and machine operatives,15,14,1
S01008124,9. Elementary occupations,21,10,11
S01008125,All people aged 16 to 74 in employment,455,240,215
S01008125,1. Managers directors and senior officials,52,42,10
S01008125,2. Professional occupations,105,48,57
S01008125,3. Associate professional and technical occupations,81,49,32
S01008125,4. Administrative and secretarial occupations,62,9,53
S01008125,5. Skilled trades occupations,42,37,5
S01008125,6. Caring leisure and other service occupations,33,6,27
S01008125,7. Sales and customer service occupations,41,18,23
S01008125,8. Process plant and machine operatives,17,17,0
S01008125,9. Elementary occupations,22,14,8
S01008126,All people aged 16 to 74 in employment,459,226,233
S01008126,1. Managers directors and senior officials,43,30,13
S01008126,2. Professional occupations,123,59,64
S01008126,3. Associate professional and technical occupations,85,45,40
S01008126,4. Administrative and secretarial occupations,74,18,56
S01008126,5. Skilled trades occupations,37,36,1
S01008126,6. Caring leisure and other service occupations,31,5,26
S01008126,7. Sales and customer service occupations,36,10,26
S01008126,8. Process plant and machine operatives,18,17,1
S01008126,9. Elementary occupations,12,6,6
S01008127,All people aged 16 to 74 in employment,251,128,123
S01008127,1. Managers directors and senior officials,25,17,8
S01008127,2. Professional occupations,86,37,49
S01008127,3. Associate professional and technical occupations,39,25,14
S01008127,4. Administrative and secretarial occupations,38,10,28
S01008127,5. Skilled trades occupations,15,15,0
S01008127,6. Caring leisure and other service occupations,19,3,16
S01008127,7. Sales and customer service occupations,13,8,5
S01008127,8. Process plant and machine operatives,10,10,0
S01008127,9. Elementary occupations,6,3,3
S01008128,All people aged 16 to 74 in employment,442,228,214
S01008128,1. Managers directors and senior officials,34,21,13
S01008128,2. Professional occupations,100,46,54
S01008128,3. Associate professional and technical occupations,62,38,24
S01008128,4. Administrative and secretarial occupations,68,17,51
S01008128,5. Skilled trades occupations,45,40,5
S01008128,6. Caring leisure and other service occupations,39,8,31
S01008128,7. Sales and customer service occupations,39,15,24
S01008128,8. Process plant and machine operatives,22,22,0
S01008128,9. Elementary occupations,33,21,12
S01008129,All people aged 16 to 74 in employment,433,212,221
S01008129,1. Managers directors and senior officials,35,16,19
S01008129,2. Professional occupations,80,37,43
S01008129,3. Associate professional and technical occupations,46,25,21
S01008129,4. Administrative and secretarial occupations,59,11,48
S01008129,5. Skilled trades occupations,58,54,4
S01008129,6. Caring leisure and other service occupations,50,15,35
S01008129,7. Sales and customer service occupations,44,10,34
S01008129,8. Process plant and machine operatives,28,27,1
S01008129,9. Elementary occupations,33,17,16
S01008130,All people aged 16 to 74 in employment,468,247,221
S01008130,1. Managers directors and senior officials,43,25,18
S01008130,2. Professional occupations,64,25,39
S01008130,3. Associate professional and technical occupations,79,46,33
S01008130,4. Administrative and secretarial occupations,55,20,35
S01008130,5. Skilled trades occupations,49,47,2
S01008130,6. Caring leisure and other service occupations,60,16,44
S01008130,7. Sales and customer service occupations,43,17,26
S01008130,8. Process plant and machine operatives,36,31,5
S01008130,9. Elementary occupations,39,20,19
S01008131,All people aged 16 to 74 in employment,350,176,174
S01008131,1. Managers directors and senior officials,22,14,8
S01008131,2. Professional occupations,51,23,28
S01008131,3. Associate professional and technical occupations,55,29,26
S01008131,4. Administrative and secretarial occupations,54,14,40
S01008131,5. Skilled trades occupations,30,25,5
S01008131,6. Caring leisure and other service occupations,30,1,29
S01008131,7. Sales and customer service occupations,37,10,27
S01008131,8. Process plant and machine operatives,34,31,3
S01008131,9. Elementary occupations,37,29,8
S01008132,All people aged 16 to 74 in employment,469,242,227
S01008132,1. Managers directors and senior officials,49,31,18
S01008132,2. Professional occupations,119,54,65
S01008132,3. Associate professional and technical occupations,73,44,29
S01008132,4. Administrative and secretarial occupations,76,18,58
S01008132,5. Skilled trades occupations,45,43,2
S01008132,6. Caring leisure and other service occupations,31,5,26
S01008132,7. Sales and customer service occupations,34,16,18
S01008132,8. Process plant and machine operatives,17,17,0
S01008132,9. Elementary occupations,25,14,11
S01008133,All people aged 16 to 74 in employment,248,132,116
S01008133,1. Managers directors and senior officials,22,13,9
S01008133,2. Professional occupations,55,30,25
S01008133,3. Associate professional and technical occupations,29,20,9
S01008133,4. Administrative and secretarial occupations,26,5,21
S01008133,5. Skilled trades occupations,28,25,3
S01008133,6. Caring leisure and other service occupations,24,4,20
S01008133,7. Sales and customer service occupations,26,5,21
S01008133,8. Process plant and machine operatives,17,15,2
S01008133,9. Elementary occupations,21,15,6
S01008134,All people aged 16 to 74 in employment,325,167,158
S01008134,1. Managers directors and senior officials,25,17,8
S01008134,2. Professional occupations,70,28,42
S01008134,3. Associate professional and technical occupations,67,41,26
S01008134,4. Administrative and secretarial occupations,34,6,28
S01008134,5. Skilled trades occupations,32,31,1
S01008134,6. Caring leisure and other service occupations,33,6,27
S01008134,7. Sales and customer service occupations,34,11,23
S01008134,8. Process plant and machine operatives,13,12,1
S01008134,9. Elementary occupations,17,15,2
S01008135,All people aged 16 to 74 in employment,597,299,298
S01008135,1. Managers directors and senior officials,49,28,21
S01008135,2. Professional occupations,116,52,64
S01008135,3. Associate professional and technical occupations,82,41,41
S01008135,4. Administrative and secretarial occupations,74,19,55
S01008135,5. Skilled trades occupations,83,80,3
S01008135,6. Caring leisure and other service occupations,70,14,56
S01008135,7. Sales and customer service occupations,47,13,34
S01008135,8. Process plant and machine operatives,36,34,2
S01008135,9. Elementary occupations,40,18,22
S01008136,All people aged 16 to 74 in employment,434,217,217
S01008136,1. Managers directors and senior officials,27,15,12
S01008136,2. Professional occupations,63,27,36
S01008136,3. Associate professional and technical occupations,57,31,26
S01008136,4. Administrative and secretarial occupations,62,13,49
S01008136,5. Skilled trades occupations,45,43,2
S01008136,6. Caring leisure and other service occupations,45,4,41
S01008136,7. Sales and customer service occupations,42,13,29
S01008136,8. Process plant and machine operatives,42,38,4
S01008136,9. Elementary occupations,51,33,18
S01008137,All people aged 16 to 74 in employment,323,144,179
S01008137,1. Managers directors and senior officials,18,9,9
S01008137,2. Professional occupations,28,10,18
S01008137,3. Associate professional and technical occupations,16,9,7
S01008137,4. Administrative and secretarial occupations,15,5,10
S01008137,5. Skilled trades occupations,40,35,5
S01008137,6. Caring leisure and other service occupations,46,5,41
S01008137,7. Sales and customer service occupations,58,12,46
S01008137,8. Process plant and machine operatives,35,33,2
S01008137,9. Elementary occupations,67,26,41
S01008138,All people aged 16 to 74 in employment,329,150,179
S01008138,1. Managers directors and senior officials,17,11,6
S01008138,2. Professional occupations,24,10,14
S01008138,3. Associate professional and technical occupations,19,8,11
S01008138,4. Administrative and secretarial occupations,31,7,24
S01008138,5. Skilled trades occupations,50,43,7
S01008138,6. Caring leisure and other service occupations,59,9,50
S01008138,7. Sales and customer service occupations,38,8,30
S01008138,8. Process plant and machine operatives,30,23,7
S01008138,9. Elementary occupations,61,31,30
S01008139,All people aged 16 to 74 in employment,363,157,206
S01008139,1. Managers directors and senior officials,19,9,10
S01008139,2. Professional occupations,54,19,35
S01008139,3. Associate professional and technical occupations,34,20,14
S01008139,4. Administrative and secretarial occupations,53,6,47
S01008139,5. Skilled trades occupations,45,43,2
S01008139,6. Caring leisure and other service occupations,48,8,40
S01008139,7. Sales and customer service occupations,37,10,27
S01008139,8. Process plant and machine operatives,29,23,6
S01008139,9. Elementary occupations,44,19,25
S01008140,All people aged 16 to 74 in employment,204,104,100
S01008140,1. Managers directors and senior officials,14,9,5
S01008140,2. Professional occupations,30,15,15
S01008140,3. Associate professional and technical occupations,21,17,4
S01008140,4. Administrative and secretarial occupations,25,5,20
S01008140,5. Skilled trades occupations,24,23,1
S01008140,6. Caring leisure and other service occupations,27,4,23
S01008140,7. Sales and customer service occupations,23,7,16
S01008140,8. Process plant and machine operatives,12,12,0
S01008140,9. Elementary occupations,28,12,16
S01008141,All people aged 16 to 74 in employment,425,217,208
S01008141,1. Managers directors and senior officials,21,14,7
S01008141,2. Professional occupations,87,34,53
S01008141,3. Associate professional and technical occupations,61,41,20
S01008141,4. Administrative and secretarial occupations,58,9,49
S01008141,5. Skilled trades occupations,59,57,2
S01008141,6. Caring leisure and other service occupations,41,6,35
S01008141,7. Sales and customer service occupations,35,9,26
S01008141,8. Process plant and machine operatives,30,27,3
S01008141,9. Elementary occupations,33,20,13
S01008142,All people aged 16 to 74 in employment,445,224,221
S01008142,1. Managers directors and senior officials,40,26,14
S01008142,2. Professional occupations,78,34,44
S01008142,3. Associate professional and technical occupations,65,36,29
S01008142,4. Administrative and secretarial occupations,65,9,56
S01008142,5. Skilled trades occupations,55,51,4
S01008142,6. Caring leisure and other service occupations,37,5,32
S01008142,7. Sales and customer service occupations,49,18,31
S01008142,8. Process plant and machine operatives,27,27,0
S01008142,9. Elementary occupations,29,18,11
S01008143,All people aged 16 to 74 in employment,390,173,217
S01008143,1. Managers directors and senior officials,20,12,8
S01008143,2. Professional occupations,70,27,43
S01008143,3. Associate professional and technical occupations,39,23,16
S01008143,4. Administrative and secretarial occupations,53,9,44
S01008143,5. Skilled trades occupations,52,49,3
S01008143,6. Caring leisure and other service occupations,52,7,45
S01008143,7. Sales and customer service occupations,32,3,29
S01008143,8. Process plant and machine operatives,31,28,3
S01008143,9. Elementary occupations,41,15,26
S01008144,All people aged 16 to 74 in employment,308,164,144
S01008144,1. Managers directors and senior officials,22,13,9
S01008144,2. Professional occupations,56,24,32
S01008144,3. Associate professional and technical occupations,46,32,14
S01008144,4. Administrative and secretarial occupations,45,16,29
S01008144,5. Skilled trades occupations,39,36,3
S01008144,6. Caring leisure and other service occupations,32,7,25
S01008144,7. Sales and customer service occupations,36,12,24
S01008144,8. Process plant and machine operatives,21,21,0
S01008144,9. Elementary occupations,11,3,8
S01008145,All people aged 16 to 74 in employment,383,196,187
S01008145,1. Managers directors and senior officials,21,13,8
S01008145,2. Professional occupations,38,13,25
S01008145,3. Associate professional and technical occupations,47,21,26
S01008145,4. Administrative and secretarial occupations,27,4,23
S01008145,5. Skilled trades occupations,48,44,4
S01008145,6. Caring leisure and other service occupations,50,10,40
S01008145,7. Sales and customer service occupations,32,9,23
S01008145,8. Process plant and machine operatives,52,46,6
S01008145,9. Elementary occupations,68,36,32
S01008146,All people aged 16 to 74 in employment,210,111,99
S01008146,1. Managers directors and senior officials,16,13,3
S01008146,2. Professional occupations,20,6,14
S01008146,3. Associate professional and technical occupations,18,10,8
S01008146,4. Administrative and secretarial occupations,18,2,16
S01008146,5. Skilled trades occupations,27,19,8
S01008146,6. Caring leisure and other service occupations,19,2,17
S01008146,7. Sales and customer service occupations,19,9,10
S01008146,8. Process plant and machine operatives,34,28,6
S01008146,9. Elementary occupations,39,22,17
S01008147,All people aged 16 to 74 in employment,405,203,202
S01008147,1. Managers directors and senior officials,32,16,16
S01008147,2. Professional occupations,41,16,25
S01008147,3. Associate professional and technical occupations,54,29,25
S01008147,4. Administrative and secretarial occupations,49,7,42
S01008147,5. Skilled trades occupations,51,49,2
S01008147,6. Caring leisure and other service occupations,44,7,37
S01008147,7. Sales and customer service occupations,55,19,36
S01008147,8. Process plant and machine operatives,42,42,0
S01008147,9. Elementary occupations,37,18,19
S01008148,All people aged 16 to 74 in employment,420,214,206
S01008148,1. Managers directors and senior officials,28,17,11
S01008148,2. Professional occupations,68,25,43
S01008148,3. Associate professional and technical occupations,56,28,28
S01008148,4. Administrative and secretarial occupations,73,20,53
S01008148,5. Skilled trades occupations,66,61,5
S01008148,6. Caring leisure and other service occupations,42,11,31
S01008148,7. Sales and customer service occupations,36,14,22
S01008148,8. Process plant and machine operatives,25,24,1
S01008148,9. Elementary occupations,26,14,12
S01008149,All people aged 16 to 74 in employment,335,153,182
S01008149,1. Managers directors and senior officials,23,14,9
S01008149,2. Professional occupations,40,9,31
S01008149,3. Associate professional and technical occupations,32,16,16
S01008149,4. Administrative and secretarial occupations,53,8,45
S01008149,5. Skilled trades occupations,42,37,5
S01008149,6. Caring leisure and other service occupations,44,7,37
S01008149,7. Sales and customer service occupations,36,11,25
S01008149,8. Process plant and machine operatives,31,29,2
S01008149,9. Elementary occupations,34,22,12
S01008150,All people aged 16 to 74 in employment,407,203,204
S01008150,1. Managers directors and senior officials,21,15,6
S01008150,2. Professional occupations,49,18,31
S01008150,3. Associate professional and technical occupations,47,26,21
S01008150,4. Administrative and secretarial occupations,56,16,40
S01008150,5. Skilled trades occupations,64,63,1
S01008150,6. Caring leisure and other service occupations,53,2,51
S01008150,7. Sales and customer service occupations,41,10,31
S01008150,8. Process plant and machine operatives,32,31,1
S01008150,9. Elementary occupations,44,22,22
S01008151,All people aged 16 to 74 in employment,317,160,157
S01008151,1. Managers directors and senior officials,11,7,4
S01008151,2. Professional occupations,38,15,23
S01008151,3. Associate professional and technical occupations,35,18,17
S01008151,4. Administrative and secretarial occupations,27,7,20
S01008151,5. Skilled trades occupations,45,40,5
S01008151,6. Caring leisure and other service occupations,55,14,41
S01008151,7. Sales and customer service occupations,27,8,19
S01008151,8. Process plant and machine operatives,36,32,4
S01008151,9. Elementary occupations,43,19,24
S01008152,All people aged 16 to 74 in employment,437,198,239
S01008152,1. Managers directors and senior officials,25,15,10
S01008152,2. Professional occupations,55,15,40
S01008152,3. Associate professional and technical occupations,53,26,27
S01008152,4. Administrative and secretarial occupations,63,11,52
S01008152,5. Skilled trades occupations,56,53,3
S01008152,6. Caring leisure and other service occupations,53,9,44
S01008152,7. Sales and customer service occupations,54,19,35
S01008152,8. Process plant and machine operatives,24,22,2
S01008152,9. Elementary occupations,54,28,26
S01008153,All people aged 16 to 74 in employment,463,244,219
S01008153,1. Managers directors and senior officials,46,30,16
S01008153,2. Professional occupations,89,43,46
S01008153,3. Associate professional and technical occupations,64,39,25
S01008153,4. Administrative and secretarial occupations,59,9,50
S01008153,5. Skilled trades occupations,53,50,3
S01008153,6. Caring leisure and other service occupations,44,9,35
S01008153,7. Sales and customer service occupations,43,19,24
S01008153,8. Process plant and machine operatives,24,23,1
S01008153,9. Elementary occupations,41,22,19
S01008154,All people aged 16 to 74 in employment,377,183,194
S01008154,1. Managers directors and senior officials,40,29,11
S01008154,2. Professional occupations,88,30,58
S01008154,3. Associate professional and technical occupations,53,34,19
S01008154,4. Administrative and secretarial occupations,54,9,45
S01008154,5. Skilled trades occupations,32,28,4
S01008154,6. Caring leisure and other service occupations,26,3,23
S01008154,7. Sales and customer service occupations,35,11,24
S01008154,8. Process plant and machine operatives,21,21,0
S01008154,9. Elementary occupations,28,18,10
S01008155,All people aged 16 to 74 in employment,349,169,180
S01008155,1. Managers directors and senior officials,29,21,8
S01008155,2. Professional occupations,72,26,46
S01008155,3. Associate professional and technical occupations,46,24,22
S01008155,4. Administrative and secretarial occupations,56,12,44
S01008155,5. Skilled trades occupations,35,32,3
S01008155,6. Caring leisure and other service occupations,33,8,25
S01008155,7. Sales and customer service occupations,33,11,22
S01008155,8. Process plant and machine operatives,21,20,1
S01008155,9. Elementary occupations,24,15,9
S01008156,All people aged 16 to 74 in employment,438,211,227
S01008156,1. Managers directors and senior officials,45,27,18
S01008156,2. Professional occupations,81,27,54
S01008156,3. Associate professional and technical occupations,46,24,22
S01008156,4. Administrative and secretarial occupations,39,8,31
S01008156,5. Skilled trades occupations,64,58,6
S01008156,6. Caring leisure and other service occupations,48,11,37
S01008156,7. Sales and customer service occupations,45,15,30
S01008156,8. Process plant and machine operatives,21,18,3
S01008156,9. Elementary occupations,49,23,26
S01008157,All people aged 16 to 74 in employment,383,190,193
S01008157,1. Managers directors and senior officials,31,18,13
S01008157,2. Professional occupations,92,40,52
S01008157,3. Associate professional and technical occupations,61,33,28
S01008157,4. Administrative and secretarial occupations,38,6,32
S01008157,5. Skilled trades occupations,48,45,3
S01008157,6. Caring leisure and other service occupations,38,5,33
S01008157,7. Sales and customer service occupations,37,13,24
S01008157,8. Process plant and machine operatives,20,19,1
S01008157,9. Elementary occupations,18,11,7
S01008158,All people aged 16 to 74 in employment,462,233,229
S01008158,1. Managers directors and senior officials,37,30,7
S01008158,2. Professional occupations,89,29,60
S01008158,3. Associate professional and technical occupations,60,35,25
S01008158,4. Administrative and secretarial occupations,72,16,56
S01008158,5. Skilled trades occupations,64,62,2
S01008158,6. Caring leisure and other service occupations,46,7,39
S01008158,7. Sales and customer service occupations,32,6,26
S01008158,8. Process plant and machine operatives,23,22,1
S01008158,9. Elementary occupations,39,26,13
S01008159,All people aged 16 to 74 in employment,384,200,184
S01008159,1. Managers directors and senior officials,25,16,9
S01008159,2. Professional occupations,49,18,31
S01008159,3. Associate professional and technical occupations,32,15,17
S01008159,4. Administrative and secretarial occupations,27,9,18
S01008159,5. Skilled trades occupations,54,47,7
S01008159,6. Caring leisure and other service occupations,80,26,54
S01008159,7. Sales and customer service occupations,38,14,24
S01008159,8. Process plant and machine operatives,22,21,1
S01008159,9. Elementary occupations,57,34,23
S01008160,All people aged 16 to 74 in employment,389,190,199
S01008160,1. Managers directors and senior officials,26,18,8
S01008160,2. Professional occupations,62,22,40
S01008160,3. Associate professional and technical occupations,39,19,20
S01008160,4. Administrative and secretarial occupations,31,5,26
S01008160,5. Skilled trades occupations,47,45,2
S01008160,6. Caring leisure and other service occupations,66,20,46
S01008160,7. Sales and customer service occupations,26,2,24
S01008160,8. Process plant and machine operatives,38,34,4
S01008160,9. Elementary occupations,54,25,29
S01008161,All people aged 16 to 74 in employment,603,299,304
S01008161,1. Managers directors and senior officials,68,42,26
S01008161,2. Professional occupations,152,50,102
S01008161,3. Associate professional and technical occupations,91,50,41
S01008161,4. Administrative and secretarial occupations,54,8,46
S01008161,5. Skilled trades occupations,73,67,6
S01008161,6. Caring leisure and other service occupations,47,14,33
S01008161,7. Sales and customer service occupations,35,6,29
S01008161,8. Process plant and machine operatives,35,32,3
S01008161,9. Elementary occupations,48,30,18
S01008162,All people aged 16 to 74 in employment,520,276,244
S01008162,1. Managers directors and senior officials,53,30,23
S01008162,2. Professional occupations,115,50,65
S01008162,3. Associate professional and technical occupations,74,43,31
S01008162,4. Administrative and secretarial occupations,36,9,27
S01008162,5. Skilled trades occupations,72,67,5
S01008162,6. Caring leisure and other service occupations,65,12,53
S01008162,7. Sales and customer service occupations,36,14,22
S01008162,8. Process plant and machine operatives,33,33,0
S01008162,9. Elementary occupations,36,18,18
S01008163,All people aged 16 to 74 in employment,332,171,161
S01008163,1. Managers directors and senior officials,27,16,11
S01008163,2. Professional occupations,24,13,11
S01008163,3. Associate professional and technical occupations,25,16,9
S01008163,4. Administrative and secretarial occupations,30,4,26
S01008163,5. Skilled trades occupations,55,53,2
S01008163,6. Caring leisure and other service occupations,49,3,46
S01008163,7. Sales and customer service occupations,43,9,34
S01008163,8. Process plant and machine operatives,31,29,2
S01008163,9. Elementary occupations,48,28,20
S01008164,All people aged 16 to 74 in employment,531,227,304
S01008164,1. Managers directors and senior officials,24,18,6
S01008164,2. Professional occupations,31,11,20
S01008164,3. Associate professional and technical occupations,58,34,24
S01008164,4. Administrative and secretarial occupations,46,10,36
S01008164,5. Skilled trades occupations,58,52,6
S01008164,6. Caring leisure and other service occupations,71,16,55
S01008164,7. Sales and customer service occupations,104,17,87
S01008164,8. Process plant and machine operatives,25,24,1
S01008164,9. Elementary occupations,114,45,69
S01008165,All people aged 16 to 74 in employment,441,233,208
S01008165,1. Managers directors and senior officials,56,36,20
S01008165,2. Professional occupations,76,37,39
S01008165,3. Associate professional and technical occupations,72,41,31
S01008165,4. Administrative and secretarial occupations,59,12,47
S01008165,5. Skilled trades occupations,67,62,5
S01008165,6. Caring leisure and other service occupations,37,7,30
S01008165,7. Sales and customer service occupations,34,11,23
S01008165,8. Process plant and machine operatives,19,17,2
S01008165,9. Elementary occupations,21,10,11
S01008166,All people aged 16 to 74 in employment,257,131,126
S01008166,1. Managers directors and senior officials,12,6,6
S01008166,2. Professional occupations,20,7,13
S01008166,3. Associate professional and technical occupations,25,13,12
S01008166,4. Administrative and secretarial occupations,21,2,19
S01008166,5. Skilled trades occupations,50,48,2
S01008166,6. Caring leisure and other service occupations,43,5,38
S01008166,7. Sales and customer service occupations,26,8,18
S01008166,8. Process plant and machine operatives,17,17,0
S01008166,9. Elementary occupations,43,25,18
S01008167,All people aged 16 to 74 in employment,310,158,152
S01008167,1. Managers directors and senior officials,18,8,10
S01008167,2. Professional occupations,14,6,8
S01008167,3. Associate professional and technical occupations,24,16,8
S01008167,4. Administrative and secretarial occupations,31,4,27
S01008167,5. Skilled trades occupations,53,51,2
S01008167,6. Caring leisure and other service occupations,44,4,40
S01008167,7. Sales and customer service occupations,43,9,34
S01008167,8. Process plant and machine operatives,41,37,4
S01008167,9. Elementary occupations,42,23,19
S01008168,All people aged 16 to 74 in employment,369,180,189
S01008168,1. Managers directors and senior officials,19,11,8
S01008168,2. Professional occupations,36,11,25
S01008168,3. Associate professional and technical occupations,40,23,17
S01008168,4. Administrative and secretarial occupations,53,9,44
S01008168,5. Skilled trades occupations,43,38,5
S01008168,6. Caring leisure and other service occupations,39,7,32
S01008168,7. Sales and customer service occupations,37,10,27
S01008168,8. Process plant and machine operatives,39,37,2
S01008168,9. Elementary occupations,63,34,29
S01008169,All people aged 16 to 74 in employment,376,183,193
S01008169,1. Managers directors and senior officials,26,14,12
S01008169,2. Professional occupations,28,15,13
S01008169,3. Associate professional and technical occupations,28,14,14
S01008169,4. Administrative and secretarial occupations,49,14,35
S01008169,5. Skilled trades occupations,54,51,3
S01008169,6. Caring leisure and other service occupations,65,10,55
S01008169,7. Sales and customer service occupations,41,8,33
S01008169,8. Process plant and machine operatives,38,35,3
S01008169,9. Elementary occupations,47,22,25
S01008170,All people aged 16 to 74 in employment,326,164,162
S01008170,1. Managers directors and senior officials,45,27,18
S01008170,2. Professional occupations,65,33,32
S01008170,3. Associate professional and technical occupations,51,31,20
S01008170,4. Administrative and secretarial occupations,43,4,39
S01008170,5. Skilled trades occupations,28,26,2
S01008170,6. Caring leisure and other service occupations,28,4,24
S01008170,7. Sales and customer service occupations,31,14,17
S01008170,8. Process plant and machine operatives,19,18,1
S01008170,9. Elementary occupations,16,7,9
S01008171,All people aged 16 to 74 in employment,350,166,184
S01008171,1. Managers directors and senior officials,24,13,11
S01008171,2. Professional occupations,58,25,33
S01008171,3. Associate professional and technical occupations,43,16,27
S01008171,4. Administrative and secretarial occupations,50,11,39
S01008171,5. Skilled trades occupations,42,38,4
S01008171,6. Caring leisure and other service occupations,37,5,32
S01008171,7. Sales and customer service occupations,40,20,20
S01008171,8. Process plant and machine operatives,21,20,1
S01008171,9. Elementary occupations,35,18,17
S01008172,All people aged 16 to 74 in employment,267,121,146
S01008172,1. Managers directors and senior officials,26,9,17
S01008172,2. Professional occupations,23,11,12
S01008172,3. Associate professional and technical occupations,31,18,13
S01008172,4. Administrative and secretarial occupations,50,8,42
S01008172,5. Skilled trades occupations,35,33,2
S01008172,6. Caring leisure and other service occupations,23,1,22
S01008172,7. Sales and customer service occupations,41,9,32
S01008172,8. Process plant and machine operatives,14,13,1
S01008172,9. Elementary occupations,24,19,5
S01008173,All people aged 16 to 74 in employment,357,170,187
S01008173,1. Managers directors and senior officials,23,13,10
S01008173,2. Professional occupations,50,22,28
S01008173,3. Associate professional and technical occupations,49,32,17
S01008173,4. Administrative and secretarial occupations,72,14,58
S01008173,5. Skilled trades occupations,37,35,2
S01008173,6. Caring leisure and other service occupations,30,1,29
S01008173,7. Sales and customer service occupations,40,16,24
S01008173,8. Process plant and machine operatives,16,15,1
S01008173,9. Elementary occupations,40,22,18
S01008174,All people aged 16 to 74 in employment,305,155,150
S01008174,1. Managers directors and senior officials,20,9,11
S01008174,2. Professional occupations,41,19,22
S01008174,3. Associate professional and technical occupations,32,18,14
S01008174,4. Administrative and secretarial occupations,60,14,46
S01008174,5. Skilled trades occupations,44,40,4
S01008174,6. Caring leisure and other service occupations,25,3,22
S01008174,7. Sales and customer service occupations,38,19,19
S01008174,8. Process plant and machine operatives,20,18,2
S01008174,9. Elementary occupations,25,15,10
S01008175,All people aged 16 to 74 in employment,410,197,213
S01008175,1. Managers directors and senior officials,29,17,12
S01008175,2. Professional occupations,53,19,34
S01008175,3. Associate professional and technical occupations,51,30,21
S01008175,4. Administrative and secretarial occupations,74,17,57
S01008175,5. Skilled trades occupations,53,47,6
S01008175,6. Caring leisure and other service occupations,43,11,32
S01008175,7. Sales and customer service occupations,35,11,24
S01008175,8. Process plant and machine operatives,29,26,3
S01008175,9. Elementary occupations,43,19,24
S01008176,All people aged 16 to 74 in employment,385,197,188
S01008176,1. Managers directors and senior officials,57,41,16
S01008176,2. Professional occupations,104,45,59
S01008176,3. Associate professional and technical occupations,55,23,32
S01008176,4. Administrative and secretarial occupations,37,7,30
S01008176,5. Skilled trades occupations,39,36,3
S01008176,6. Caring leisure and other service occupations,28,6,22
S01008176,7. Sales and customer service occupations,26,7,19
S01008176,8. Process plant and machine operatives,13,13,0
S01008176,9. Elementary occupations,26,19,7
S01008177,All people aged 16 to 74 in employment,340,177,163
S01008177,1. Managers directors and senior officials,26,19,7
S01008177,2. Professional occupations,55,23,32
S01008177,3. Associate professional and technical occupations,45,26,19
S01008177,4. Administrative and secretarial occupations,45,9,36
S01008177,5. Skilled trades occupations,37,34,3
S01008177,6. Caring leisure and other service occupations,41,7,34
S01008177,7. Sales and customer service occupations,31,13,18
S01008177,8. Process plant and machine operatives,27,26,1
S01008177,9. Elementary occupations,33,20,13
S01008178,All people aged 16 to 74 in employment,307,162,145
S01008178,1. Managers directors and senior officials,22,18,4
S01008178,2. Professional occupations,43,22,21
S01008178,3. Associate professional and technical occupations,43,24,19
S01008178,4. Administrative and secretarial occupations,57,10,47
S01008178,5. Skilled trades occupations,31,31,0
S01008178,6. Caring leisure and other service occupations,31,9,22
S01008178,7. Sales and customer service occupations,35,12,23
S01008178,8. Process plant and machine operatives,20,20,0
S01008178,9. Elementary occupations,25,16,9
S01008179,All people aged 16 to 74 in employment,294,147,147
S01008179,1. Managers directors and senior officials,31,22,9
S01008179,2. Professional occupations,56,27,29
S01008179,3. Associate professional and technical occupations,50,29,21
S01008179,4. Administrative and secretarial occupations,41,8,33
S01008179,5. Skilled trades occupations,33,32,1
S01008179,6. Caring leisure and other service occupations,30,3,27
S01008179,7. Sales and customer service occupations,28,7,21
S01008179,8. Process plant and machine operatives,14,11,3
S01008179,9. Elementary occupations,11,8,3
S01008180,All people aged 16 to 74 in employment,286,136,150
S01008180,1. Managers directors and senior officials,30,16,14
S01008180,2. Professional occupations,61,33,28
S01008180,3. Associate professional and technical occupations,41,21,20
S01008180,4. Administrative and secretarial occupations,60,8,52
S01008180,5. Skilled trades occupations,29,29,0
S01008180,6. Caring leisure and other service occupations,20,1,19
S01008180,7. Sales and customer service occupations,26,14,12
S01008180,8. Process plant and machine operatives,7,7,0
S01008180,9. Elementary occupations,12,7,5
S01008181,All people aged 16 to 74 in employment,337,178,159
S01008181,1. Managers directors and senior officials,42,27,15
S01008181,2. Professional occupations,55,24,31
S01008181,3. Associate professional and technical occupations,42,28,14
S01008181,4. Administrative and secretarial occupations,69,18,51
S01008181,5. Skilled trades occupations,37,36,1
S01008181,6. Caring leisure and other service occupations,30,8,22
S01008181,7. Sales and customer service occupations,34,14,20
S01008181,8. Process plant and machine operatives,15,14,1
S01008181,9. Elementary occupations,13,9,4
S01008182,All people aged 16 to 74 in employment,525,253,272
S01008182,1. Managers directors and senior officials,33,20,13
S01008182,2. Professional occupations,88,33,55
S01008182,3. Associate professional and technical occupations,74,32,42
S01008182,4. Administrative and secretarial occupations,67,14,53
S01008182,5. Skilled trades occupations,56,51,5
S01008182,6. Caring leisure and other service occupations,46,13,33
S01008182,7. Sales and customer service occupations,64,24,40
S01008182,8. Process plant and machine operatives,32,31,1
S01008182,9. Elementary occupations,65,35,30
S01008183,All people aged 16 to 74 in employment,341,165,176
S01008183,1. Managers directors and senior officials,28,12,16
S01008183,2. Professional occupations,65,31,34
S01008183,3. Associate professional and technical occupations,51,25,26
S01008183,4. Administrative and secretarial occupations,42,10,32
S01008183,5. Skilled trades occupations,40,37,3
S01008183,6. Caring leisure and other service occupations,35,3,32
S01008183,7. Sales and customer service occupations,34,14,20
S01008183,8. Process plant and machine operatives,20,19,1
S01008183,9. Elementary occupations,26,14,12
S01008184,All people aged 16 to 74 in employment,398,196,202
S01008184,1. Managers directors and senior officials,47,24,23
S01008184,2. Professional occupations,62,22,40
S01008184,3. Associate professional and technical occupations,48,27,21
S01008184,4. Administrative and secretarial occupations,65,22,43
S01008184,5. Skilled trades occupations,40,31,9
S01008184,6. Caring leisure and other service occupations,36,12,24
S01008184,7. Sales and customer service occupations,39,15,24
S01008184,8. Process plant and machine operatives,18,18,0
S01008184,9. Elementary occupations,43,25,18
S01008185,All people aged 16 to 74 in employment,506,243,263
S01008185,1. Managers directors and senior officials,36,21,15
S01008185,2. Professional occupations,76,35,41
S01008185,3. Associate professional and technical occupations,58,27,31
S01008185,4. Administrative and secretarial occupations,81,21,60
S01008185,5. Skilled trades occupations,64,59,5
S01008185,6. Caring leisure and other service occupations,52,9,43
S01008185,7. Sales and customer service occupations,54,18,36
S01008185,8. Process plant and machine operatives,29,25,4
S01008185,9. Elementary occupations,56,28,28
S01008186,All people aged 16 to 74 in employment,326,153,173
S01008186,1. Managers directors and senior officials,23,12,11
S01008186,2. Professional occupations,66,28,38
S01008186,3. Associate professional and technical occupations,56,28,28
S01008186,4. Administrative and secretarial occupations,48,7,41
S01008186,5. Skilled trades occupations,35,31,4
S01008186,6. Caring leisure and other service occupations,27,7,20
S01008186,7. Sales and customer service occupations,27,10,17
S01008186,8. Process plant and machine operatives,17,16,1
S01008186,9. Elementary occupations,27,14,13
S01008187,All people aged 16 to 74 in employment,297,145,152
S01008187,1. Managers directors and senior officials,20,10,10
S01008187,2. Professional occupations,42,22,20
S01008187,3. Associate professional and technical occupations,34,16,18
S01008187,4. Administrative and secretarial occupations,29,10,19
S01008187,5. Skilled trades occupations,38,37,1
S01008187,6. Caring leisure and other service occupations,37,3,34
S01008187,7. Sales and customer service occupations,38,10,28
S01008187,8. Process plant and machine operatives,22,19,3
S01008187,9. Elementary occupations,37,18,19
S01008188,All people aged 16 to 74 in employment,387,181,206
S01008188,1. Managers directors and senior officials,28,19,9
S01008188,2. Professional occupations,43,21,22
S01008188,3. Associate professional and technical occupations,45,20,25
S01008188,4. Administrative and secretarial occupations,49,6,43
S01008188,5. Skilled trades occupations,46,38,8
S01008188,6. Caring leisure and other service occupations,45,7,38
S01008188,7. Sales and customer service occupations,50,16,34
S01008188,8. Process plant and machine operatives,25,24,1
S01008188,9. Elementary occupations,56,30,26
S01008189,All people aged 16 to 74 in employment,274,137,137
S01008189,1. Managers directors and senior officials,18,6,12
S01008189,2. Professional occupations,45,18,27
S01008189,3. Associate professional and technical occupations,32,22,10
S01008189,4. Administrative and secretarial occupations,48,15,33
S01008189,5. Skilled trades occupations,30,29,1
S01008189,6. Caring leisure and other service occupations,34,9,25
S01008189,7. Sales and customer service occupations,25,10,15
S01008189,8. Process plant and machine operatives,14,13,1
S01008189,9. Elementary occupations,28,15,13
S01008190,All people aged 16 to 74 in employment,402,197,205
S01008190,1. Managers directors and senior officials,21,13,8
S01008190,2. Professional occupations,41,16,25
S01008190,3. Associate professional and technical occupations,27,18,9
S01008190,4. Administrative and secretarial occupations,45,6,39
S01008190,5. Skilled trades occupations,48,46,2
S01008190,6. Caring leisure and other service occupations,63,14,49
S01008190,7. Sales and customer service occupations,50,15,35
S01008190,8. Process plant and machine operatives,28,27,1
S01008190,9. Elementary occupations,79,42,37
S01008191,All people aged 16 to 74 in employment,222,105,117
S01008191,1. Managers directors and senior officials,16,11,5
S01008191,2. Professional occupations,20,9,11
S01008191,3. Associate professional and technical occupations,26,17,9
S01008191,4. Administrative and secretarial occupations,31,7,24
S01008191,5. Skilled trades occupations,32,27,5
S01008191,6. Caring leisure and other service occupations,25,3,22
S01008191,7. Sales and customer service occupations,29,7,22
S01008191,8. Process plant and machine operatives,11,8,3
S01008191,9. Elementary occupations,32,16,16
S01008192,All people aged 16 to 74 in employment,432,212,220
S01008192,1. Managers directors and senior officials,34,21,13
S01008192,2. Professional occupations,68,30,38
S01008192,3. Associate professional and technical occupations,51,27,24
S01008192,4. Administrative and secretarial occupations,54,10,44
S01008192,5. Skilled trades occupations,44,41,3
S01008192,6. Caring leisure and other service occupations,47,10,37
S01008192,7. Sales and customer service occupations,44,17,27
S01008192,8. Process plant and machine operatives,30,27,3
S01008192,9. Elementary occupations,60,29,31
S01008193,All people aged 16 to 74 in employment,389,190,199
S01008193,1. Managers directors and senior officials,30,19,11
S01008193,2. Professional occupations,75,37,38
S01008193,3. Associate professional and technical occupations,48,35,13
S01008193,4. Administrative and secretarial occupations,43,6,37
S01008193,5. Skilled trades occupations,31,29,2
S01008193,6. Caring leisure and other service occupations,54,6,48
S01008193,7. Sales and customer service occupations,45,13,32
S01008193,8. Process plant and machine operatives,17,15,2
S01008193,9. Elementary occupations,46,30,16
S01008194,All people aged 16 to 74 in employment,296,150,146
S01008194,1. Managers directors and senior officials,28,18,10
S01008194,2. Professional occupations,53,19,34
S01008194,3. Associate professional and technical occupations,32,20,12
S01008194,4. Administrative and secretarial occupations,32,7,25
S01008194,5. Skilled trades occupations,42,36,6
S01008194,6. Caring leisure and other service occupations,33,6,27
S01008194,7. Sales and customer service occupations,32,12,20
S01008194,8. Process plant and machine operatives,18,17,1
S01008194,9. Elementary occupations,26,15,11
S01008195,All people aged 16 to 74 in employment,385,184,201
S01008195,1. Managers directors and senior officials,24,18,6
S01008195,2. Professional occupations,22,10,12
S01008195,3. Associate professional and technical occupations,40,26,14
S01008195,4. Administrative and secretarial occupations,44,6,38
S01008195,5. Skilled trades occupations,52,45,7
S01008195,6. Caring leisure and other service occupations,62,10,52
S01008195,7. Sales and customer service occupations,60,18,42
S01008195,8. Process plant and machine operatives,30,29,1
S01008195,9. Elementary occupations,51,22,29
S01008196,All people aged 16 to 74 in employment,355,168,187
S01008196,1. Managers directors and senior officials,21,10,11
S01008196,2. Professional occupations,14,4,10
S01008196,3. Associate professional and technical occupations,30,15,15
S01008196,4. Administrative and secretarial occupations,45,9,36
S01008196,5. Skilled trades occupations,53,51,2
S01008196,6. Caring leisure and other service occupations,57,9,48
S01008196,7. Sales and customer service occupations,56,16,40
S01008196,8. Process plant and machine operatives,30,29,1
S01008196,9. Elementary occupations,49,25,24
S01008197,All people aged 16 to 74 in employment,596,305,291
S01008197,1. Managers directors and senior officials,58,32,26
S01008197,2. Professional occupations,100,40,60
S01008197,3. Associate professional and technical occupations,105,52,53
S01008197,4. Administrative and secretarial occupations,83,23,60
S01008197,5. Skilled trades occupations,78,73,5
S01008197,6. Caring leisure and other service occupations,57,9,48
S01008197,7. Sales and customer service occupations,36,14,22
S01008197,8. Process plant and machine operatives,44,41,3
S01008197,9. Elementary occupations,35,21,14
S01008198,All people aged 16 to 74 in employment,318,157,161
S01008198,1. Managers directors and senior officials,16,9,7
S01008198,2. Professional occupations,20,7,13
S01008198,3. Associate professional and technical occupations,33,17,16
S01008198,4. Administrative and secretarial occupations,30,4,26
S01008198,5. Skilled trades occupations,64,60,4
S01008198,6. Caring leisure and other service occupations,43,6,37
S01008198,7. Sales and customer service occupations,42,9,33
S01008198,8. Process plant and machine operatives,17,15,2
S01008198,9. Elementary occupations,53,30,23
S01008199,All people aged 16 to 74 in employment,331,169,162
S01008199,1. Managers directors and senior officials,16,7,9
S01008199,2. Professional occupations,13,4,9
S01008199,3. Associate professional and technical occupations,25,17,8
S01008199,4. Administrative and secretarial occupations,30,7,23
S01008199,5. Skilled trades occupations,56,49,7
S01008199,6. Caring leisure and other service occupations,43,7,36
S01008199,7. Sales and customer service occupations,38,3,35
S01008199,8. Process plant and machine operatives,40,36,4
S01008199,9. Elementary occupations,70,39,31
S01008200,All people aged 16 to 74 in employment,249,113,136
S01008200,1. Managers directors and senior officials,11,2,9
S01008200,2. Professional occupations,20,6,14
S01008200,3. Associate professional and technical occupations,21,8,13
S01008200,4. Administrative and secretarial occupations,34,4,30
S01008200,5. Skilled trades occupations,39,35,4
S01008200,6. Caring leisure and other service occupations,30,5,25
S01008200,7. Sales and customer service occupations,29,6,23
S01008200,8. Process plant and machine operatives,26,23,3
S01008200,9. Elementary occupations,39,24,15
S01008201,All people aged 16 to 74 in employment,329,167,162
S01008201,1. Managers directors and senior officials,17,11,6
S01008201,2. Professional occupations,20,7,13
S01008201,3. Associate professional and technical occupations,39,21,18
S01008201,4. Administrative and secretarial occupations,41,10,31
S01008201,5. Skilled trades occupations,49,44,5
S01008201,6. Caring leisure and other service occupations,36,8,28
S01008201,7. Sales and customer service occupations,37,9,28
S01008201,8. Process plant and machine operatives,28,26,2
S01008201,9. Elementary occupations,62,31,31
S01008202,All people aged 16 to 74 in employment,269,134,135
S01008202,1. Managers directors and senior officials,27,16,11
S01008202,2. Professional occupations,20,10,10
S01008202,3. Associate professional and technical occupations,35,17,18
S01008202,4. Administrative and secretarial occupations,48,15,33
S01008202,5. Skilled trades occupations,34,33,1
S01008202,6. Caring leisure and other service occupations,35,6,29
S01008202,7. Sales and customer service occupations,24,6,18
S01008202,8. Process plant and machine operatives,11,11,0
S01008202,9. Elementary occupations,35,20,15
S01008203,All people aged 16 to 74 in employment,240,115,125
S01008203,1. Managers directors and senior officials,22,11,11
S01008203,2. Professional occupations,14,6,8
S01008203,3. Associate professional and technical occupations,23,11,12
S01008203,4. Administrative and secretarial occupations,26,5,21
S01008203,5. Skilled trades occupations,37,27,10
S01008203,6. Caring leisure and other service occupations,26,2,24
S01008203,7. Sales and customer service occupations,29,11,18
S01008203,8. Process plant and machine operatives,24,21,3
S01008203,9. Elementary occupations,39,21,18
S01008204,All people aged 16 to 74 in employment,339,185,154
S01008204,1. Managers directors and senior officials,30,18,12
S01008204,2. Professional occupations,47,22,25
S01008204,3. Associate professional and technical occupations,47,25,22
S01008204,4. Administrative and secretarial occupations,48,13,35
S01008204,5. Skilled trades occupations,51,49,2
S01008204,6. Caring leisure and other service occupations,37,8,29
S01008204,7. Sales and customer service occupations,23,9,14
S01008204,8. Process plant and machine operatives,28,26,2
S01008204,9. Elementary occupations,28,15,13
S01008205,All people aged 16 to 74 in employment,334,164,170
S01008205,1. Managers directors and senior officials,26,14,12
S01008205,2. Professional occupations,29,10,19
S01008205,3. Associate professional and technical occupations,29,15,14
S01008205,4. Administrative and secretarial occupations,31,10,21
S01008205,5. Skilled trades occupations,52,47,5
S01008205,6. Caring leisure and other service occupations,53,7,46
S01008205,7. Sales and customer service occupations,34,4,30
S01008205,8. Process plant and machine operatives,30,29,1
S01008205,9. Elementary occupations,50,28,22
S01008206,All people aged 16 to 74 in employment,292,150,142
S01008206,1. Managers directors and senior officials,18,12,6
S01008206,2. Professional occupations,20,7,13
S01008206,3. Associate professional and technical occupations,26,8,18
S01008206,4. Administrative and secretarial occupations,34,6,28
S01008206,5. Skilled trades occupations,59,55,4
S01008206,6. Caring leisure and other service occupations,37,8,29
S01008206,7. Sales and customer service occupations,25,4,21
S01008206,8. Process plant and machine operatives,30,26,4
S01008206,9. Elementary occupations,43,24,19
S01008207,All people aged 16 to 74 in employment,277,139,138
S01008207,1. Managers directors and senior officials,17,13,4
S01008207,2. Professional occupations,9,4,5
S01008207,3. Associate professional and technical occupations,16,5,11
S01008207,4. Administrative and secretarial occupations,41,14,27
S01008207,5. Skilled trades occupations,48,44,4
S01008207,6. Caring leisure and other service occupations,44,5,39
S01008207,7. Sales and customer service occupations,36,8,28
S01008207,8. Process plant and machine operatives,25,24,1
S01008207,9. Elementary occupations,41,22,19
S01008208,All people aged 16 to 74 in employment,474,228,246
S01008208,1. Managers directors and senior officials,37,18,19
S01008208,2. Professional occupations,75,31,44
S01008208,3. Associate professional and technical occupations,62,31,31
S01008208,4. Administrative and secretarial occupations,72,15,57
S01008208,5. Skilled trades occupations,64,58,6
S01008208,6. Caring leisure and other service occupations,42,4,38
S01008208,7. Sales and customer service occupations,36,9,27
S01008208,8. Process plant and machine operatives,37,33,4
S01008208,9. Elementary occupations,49,29,20
S01008209,All people aged 16 to 74 in employment,328,160,168
S01008209,1. Managers directors and senior officials,37,19,18
S01008209,2. Professional occupations,34,13,21
S01008209,3. Associate professional and technical occupations,44,26,18
S01008209,4. Administrative and secretarial occupations,51,11,40
S01008209,5. Skilled trades occupations,43,40,3
S01008209,6. Caring leisure and other service occupations,35,2,33
S01008209,7. Sales and customer service occupations,44,21,23
S01008209,8. Process plant and machine operatives,21,20,1
S01008209,9. Elementary occupations,19,8,11
S01008210,All people aged 16 to 74 in employment,456,236,220
S01008210,1. Managers directors and senior officials,42,25,17
S01008210,2. Professional occupations,53,22,31
S01008210,3. Associate professional and technical occupations,55,33,22
S01008210,4. Administrative and secretarial occupations,70,16,54
S01008210,5. Skilled trades occupations,78,71,7
S01008210,6. Caring leisure and other service occupations,49,10,39
S01008210,7. Sales and customer service occupations,35,9,26
S01008210,8. Process plant and machine operatives,35,31,4
S01008210,9. Elementary occupations,39,19,20
S01008211,All people aged 16 to 74 in employment,435,223,212
S01008211,1. Managers directors and senior officials,30,11,19
S01008211,2. Professional occupations,78,34,44
S01008211,3. Associate professional and technical occupations,56,35,21
S01008211,4. Administrative and secretarial occupations,66,24,42
S01008211,5. Skilled trades occupations,46,42,4
S01008211,6. Caring leisure and other service occupations,55,13,42
S01008211,7. Sales and customer service occupations,35,10,25
S01008211,8. Process plant and machine operatives,36,33,3
S01008211,9. Elementary occupations,33,21,12
S01008212,All people aged 16 to 74 in employment,341,173,168
S01008212,1. Managers directors and senior officials,29,19,10
S01008212,2. Professional occupations,50,24,26
S01008212,3. Associate professional and technical occupations,47,29,18
S01008212,4. Administrative and secretarial occupations,72,12,60
S01008212,5. Skilled trades occupations,50,45,5
S01008212,6. Caring leisure and other service occupations,26,3,23
S01008212,7. Sales and customer service occupations,21,6,15
S01008212,8. Process plant and machine operatives,23,21,2
S01008212,9. Elementary occupations,23,14,9
S01008213,All people aged 16 to 74 in employment,531,277,254
S01008213,1. Managers directors and senior officials,41,29,12
S01008213,2. Professional occupations,88,41,47
S01008213,3. Associate professional and technical occupations,85,47,38
S01008213,4. Administrative and secretarial occupations,77,15,62
S01008213,5. Skilled trades occupations,56,53,3
S01008213,6. Caring leisure and other service occupations,49,7,42
S01008213,7. Sales and customer service occupations,62,26,36
S01008213,8. Process plant and machine operatives,40,36,4
S01008213,9. Elementary occupations,33,23,10
S01008214,All people aged 16 to 74 in employment,289,151,138
S01008214,1. Managers directors and senior officials,19,11,8
S01008214,2. Professional occupations,39,16,23
S01008214,3. Associate professional and technical occupations,32,20,12
S01008214,4. Administrative and secretarial occupations,41,11,30
S01008214,5. Skilled trades occupations,43,39,4
S01008214,6. Caring leisure and other service occupations,35,7,28
S01008214,7. Sales and customer service occupations,37,13,24
S01008214,8. Process plant and machine operatives,18,15,3
S01008214,9. Elementary occupations,25,19,6
S01008215,All people aged 16 to 74 in employment,378,188,190
S01008215,1. Managers directors and senior officials,23,17,6
S01008215,2. Professional occupations,51,18,33
S01008215,3. Associate professional and technical occupations,50,33,17
S01008215,4. Administrative and secretarial occupations,64,18,46
S01008215,5. Skilled trades occupations,41,37,4
S01008215,6. Caring leisure and other service occupations,45,5,40
S01008215,7. Sales and customer service occupations,37,10,27
S01008215,8. Process plant and machine operatives,24,23,1
S01008215,9. Elementary occupations,43,27,16
S01008216,All people aged 16 to 74 in employment,292,147,145
S01008216,1. Managers directors and senior officials,27,18,9
S01008216,2. Professional occupations,38,16,22
S01008216,3. Associate professional and technical occupations,40,20,20
S01008216,4. Administrative and secretarial occupations,58,10,48
S01008216,5. Skilled trades occupations,36,34,2
S01008216,6. Caring leisure and other service occupations,20,2,18
S01008216,7. Sales and customer service occupations,26,7,19
S01008216,8. Process plant and machine operatives,23,21,2
S01008216,9. Elementary occupations,24,19,5
S01008217,All people aged 16 to 74 in employment,321,171,150
S01008217,1. Managers directors and senior officials,50,27,23
S01008217,2. Professional occupations,63,32,31
S01008217,3. Associate professional and technical occupations,67,44,23
S01008217,4. Administrative and secretarial occupations,43,8,35
S01008217,5. Skilled trades occupations,34,31,3
S01008217,6. Caring leisure and other service occupations,19,5,14
S01008217,7. Sales and customer service occupations,14,3,11
S01008217,8. Process plant and machine operatives,9,8,1
S01008217,9. Elementary occupations,22,13,9
S01008218,All people aged 16 to 74 in employment,645,336,309
S01008218,1. Managers directors and senior officials,71,50,21
S01008218,2. Professional occupations,129,67,62
S01008218,3. Associate professional and technical occupations,93,54,39
S01008218,4. Administrative and secretarial occupations,98,17,81
S01008218,5. Skilled trades occupations,73,62,11
S01008218,6. Caring leisure and other service occupations,56,11,45
S01008218,7. Sales and customer service occupations,50,22,28
S01008218,8. Process plant and machine operatives,25,20,5
S01008218,9. Elementary occupations,50,33,17
S01008219,All people aged 16 to 74 in employment,522,267,255
S01008219,1. Managers directors and senior officials,43,30,13
S01008219,2. Professional occupations,66,28,38
S01008219,3. Associate professional and technical occupations,71,33,38
S01008219,4. Administrative and secretarial occupations,65,16,49
S01008219,5. Skilled trades occupations,73,68,5
S01008219,6. Caring leisure and other service occupations,65,11,54
S01008219,7. Sales and customer service occupations,48,11,37
S01008219,8. Process plant and machine operatives,38,35,3
S01008219,9. Elementary occupations,53,35,18
S01008220,All people aged 16 to 74 in employment,265,131,134
S01008220,1. Managers directors and senior officials,7,4,3
S01008220,2. Professional occupations,16,8,8
S01008220,3. Associate professional and technical occupations,22,8,14
S01008220,4. Administrative and secretarial occupations,19,0,19
S01008220,5. Skilled trades occupations,55,45,10
S01008220,6. Caring leisure and other service occupations,45,12,33
S01008220,7. Sales and customer service occupations,38,9,29
S01008220,8. Process plant and machine operatives,25,24,1
S01008220,9. Elementary occupations,38,21,17
S01008221,All people aged 16 to 74 in employment,285,144,141
S01008221,1. Managers directors and senior officials,26,13,13
S01008221,2. Professional occupations,21,10,11
S01008221,3. Associate professional and technical occupations,25,12,13
S01008221,4. Administrative and secretarial occupations,26,5,21
S01008221,5. Skilled trades occupations,38,34,4
S01008221,6. Caring leisure and other service occupations,37,7,30
S01008221,7. Sales and customer service occupations,37,10,27
S01008221,8. Process plant and machine operatives,21,20,1
S01008221,9. Elementary occupations,54,33,21
S01008222,All people aged 16 to 74 in employment,240,125,115
S01008222,1. Managers directors and senior officials,19,13,6
S01008222,2. Professional occupations,16,6,10
S01008222,3. Associate professional and technical occupations,18,9,9
S01008222,4. Administrative and secretarial occupations,28,9,19
S01008222,5. Skilled trades occupations,32,27,5
S01008222,6. Caring leisure and other service occupations,34,7,27
S01008222,7. Sales and customer service occupations,34,7,27
S01008222,8. Process plant and machine operatives,29,27,2
S01008222,9. Elementary occupations,30,20,10
S01008223,All people aged 16 to 74 in employment,249,122,127
S01008223,1. Managers directors and senior officials,14,10,4
S01008223,2. Professional occupations,22,8,14
S01008223,3. Associate professional and technical occupations,27,17,10
S01008223,4. Administrative and secretarial occupations,37,5,32
S01008223,5. Skilled trades occupations,28,27,1
S01008223,6. Caring leisure and other service occupations,35,6,29
S01008223,7. Sales and customer service occupations,34,8,26
S01008223,8. Process plant and machine operatives,21,21,0
S01008223,9. Elementary occupations,31,20,11
S01008224,All people aged 16 to 74 in employment,552,285,267
S01008224,1. Managers directors and senior officials,37,22,15
S01008224,2. Professional occupations,58,25,33
S01008224,3. Associate professional and technical occupations,76,50,26
S01008224,4. Administrative and secretarial occupations,90,15,75
S01008224,5. Skilled trades occupations,82,77,5
S01008224,6. Caring leisure and other service occupations,75,16,59
S01008224,7. Sales and customer service occupations,60,23,37
S01008224,8. Process plant and machine operatives,36,34,2
S01008224,9. Elementary occupations,38,23,15
S01008225,All people aged 16 to 74 in employment,379,196,183
S01008225,1. Managers directors and senior officials,20,11,9
S01008225,2. Professional occupations,37,12,25
S01008225,3. Associate professional and technical occupations,47,35,12
S01008225,4. Administrative and secretarial occupations,46,8,38
S01008225,5. Skilled trades occupations,57,52,5
S01008225,6. Caring leisure and other service occupations,51,7,44
S01008225,7. Sales and customer service occupations,43,14,29
S01008225,8. Process plant and machine operatives,32,29,3
S01008225,9. Elementary occupations,46,28,18
S01008226,All people aged 16 to 74 in employment,321,157,164
S01008226,1. Managers directors and senior officials,13,6,7
S01008226,2. Professional occupations,17,4,13
S01008226,3. Associate professional and technical occupations,32,19,13
S01008226,4. Administrative and secretarial occupations,36,10,26
S01008226,5. Skilled trades occupations,44,41,3
S01008226,6. Caring leisure and other service occupations,50,14,36
S01008226,7. Sales and customer service occupations,43,10,33
S01008226,8. Process plant and machine operatives,29,27,2
S01008226,9. Elementary occupations,57,26,31
S01008227,All people aged 16 to 74 in employment,375,192,183
S01008227,1. Managers directors and senior officials,21,11,10
S01008227,2. Professional occupations,20,6,14
S01008227,3. Associate professional and technical occupations,25,17,8
S01008227,4. Administrative and secretarial occupations,43,12,31
S01008227,5. Skilled trades occupations,55,52,3
S01008227,6. Caring leisure and other service occupations,63,13,50
S01008227,7. Sales and customer service occupations,41,5,36
S01008227,8. Process plant and machine operatives,42,40,2
S01008227,9. Elementary occupations,65,36,29
S01008228,All people aged 16 to 74 in employment,339,174,165
S01008228,1. Managers directors and senior officials,28,14,14
S01008228,2. Professional occupations,43,20,23
S01008228,3. Associate professional and technical occupations,61,27,34
S01008228,4. Administrative and secretarial occupations,44,10,34
S01008228,5. Skilled trades occupations,47,46,1
S01008228,6. Caring leisure and other service occupations,31,10,21
S01008228,7. Sales and customer service occupations,41,17,24
S01008228,8. Process plant and machine operatives,25,23,2
S01008228,9. Elementary occupations,19,7,12
S01008229,All people aged 16 to 74 in employment,324,158,166
S01008229,1. Managers directors and senior officials,25,9,16
S01008229,2. Professional occupations,16,8,8
S01008229,3. Associate professional and technical occupations,45,19,26
S01008229,4. Administrative and secretarial occupations,43,10,33
S01008229,5. Skilled trades occupations,44,39,5
S01008229,6. Caring leisure and other service occupations,36,6,30
S01008229,7. Sales and customer service occupations,32,11,21
S01008229,8. Process plant and machine operatives,28,26,2
S01008229,9. Elementary occupations,55,30,25
S01008230,All people aged 16 to 74 in employment,488,248,240
S01008230,1. Managers directors and senior officials,43,29,14
S01008230,2. Professional occupations,53,19,34
S01008230,3. Associate professional and technical occupations,86,43,43
S01008230,4. Administrative and secretarial occupations,72,11,61
S01008230,5. Skilled trades occupations,77,75,2
S01008230,6. Caring leisure and other service occupations,42,7,35
S01008230,7. Sales and customer service occupations,46,7,39
S01008230,8. Process plant and machine operatives,37,36,1
S01008230,9. Elementary occupations,32,21,11
S01008231,All people aged 16 to 74 in employment,444,227,217
S01008231,1. Managers directors and senior officials,57,38,19
S01008231,2. Professional occupations,63,30,33
S01008231,3. Associate professional and technical occupations,51,35,16
S01008231,4. Administrative and secretarial occupations,68,6,62
S01008231,5. Skilled trades occupations,75,68,7
S01008231,6. Caring leisure and other service occupations,40,1,39
S01008231,7. Sales and customer service occupations,40,8,32
S01008231,8. Process plant and machine operatives,29,28,1
S01008231,9. Elementary occupations,21,13,8
S01008232,All people aged 16 to 74 in employment,390,194,196
S01008232,1. Managers directors and senior officials,27,15,12
S01008232,2. Professional occupations,66,28,38
S01008232,3. Associate professional and technical occupations,64,32,32
S01008232,4. Administrative and secretarial occupations,58,8,50
S01008232,5. Skilled trades occupations,60,57,3
S01008232,6. Caring leisure and other service occupations,28,2,26
S01008232,7. Sales and customer service occupations,43,13,30
S01008232,8. Process plant and machine operatives,17,17,0
S01008232,9. Elementary occupations,27,22,5
S01008233,All people aged 16 to 74 in employment,272,145,127
S01008233,1. Managers directors and senior officials,27,17,10
S01008233,2. Professional occupations,45,19,26
S01008233,3. Associate professional and technical occupations,46,25,21
S01008233,4. Administrative and secretarial occupations,36,7,29
S01008233,5. Skilled trades occupations,39,38,1
S01008233,6. Caring leisure and other service occupations,30,7,23
S01008233,7. Sales and customer service occupations,11,3,8
S01008233,8. Process plant and machine operatives,14,12,2
S01008233,9. Elementary occupations,24,17,7
S01008234,All people aged 16 to 74 in employment,173,83,90
S01008234,1. Managers directors and senior officials,9,6,3
S01008234,2. Professional occupations,13,7,6
S01008234,3. Associate professional and technical occupations,19,14,5
S01008234,4. Administrative and secretarial occupations,23,4,19
S01008234,5. Skilled trades occupations,29,27,2
S01008234,6. Caring leisure and other service occupations,34,4,30
S01008234,7. Sales and customer service occupations,15,1,14
S01008234,8. Process plant and machine operatives,12,12,0
S01008234,9. Elementary occupations,19,8,11
S01008235,All people aged 16 to 74 in employment,401,206,195
S01008235,1. Managers directors and senior officials,25,14,11
S01008235,2. Professional occupations,46,18,28
S01008235,3. Associate professional and technical occupations,50,24,26
S01008235,4. Administrative and secretarial occupations,52,6,46
S01008235,5. Skilled trades occupations,84,77,7
S01008235,6. Caring leisure and other service occupations,51,7,44
S01008235,7. Sales and customer service occupations,26,5,21
S01008235,8. Process plant and machine operatives,29,28,1
S01008235,9. Elementary occupations,38,27,11
S01008236,All people aged 16 to 74 in employment,414,211,203
S01008236,1. Managers directors and senior officials,35,22,13
S01008236,2. Professional occupations,80,37,43
S01008236,3. Associate professional and technical occupations,48,22,26
S01008236,4. Administrative and secretarial occupations,53,12,41
S01008236,5. Skilled trades occupations,74,66,8
S01008236,6. Caring leisure and other service occupations,42,6,36
S01008236,7. Sales and customer service occupations,26,6,20
S01008236,8. Process plant and machine operatives,27,24,3
S01008236,9. Elementary occupations,29,16,13
S01008237,All people aged 16 to 74 in employment,426,225,201
S01008237,1. Managers directors and senior officials,42,18,24
S01008237,2. Professional occupations,53,24,29
S01008237,3. Associate professional and technical occupations,41,23,18
S01008237,4. Administrative and secretarial occupations,44,10,34
S01008237,5. Skilled trades occupations,70,64,6
S01008237,6. Caring leisure and other service occupations,53,9,44
S01008237,7. Sales and customer service occupations,42,18,24
S01008237,8. Process plant and machine operatives,32,28,4
S01008237,9. Elementary occupations,49,31,18
S01008238,All people aged 16 to 74 in employment,342,179,163
S01008238,1. Managers directors and senior officials,17,12,5
S01008238,2. Professional occupations,27,8,19
S01008238,3. Associate professional and technical occupations,38,23,15
S01008238,4. Administrative and secretarial occupations,37,8,29
S01008238,5. Skilled trades occupations,54,51,3
S01008238,6. Caring leisure and other service occupations,48,7,41
S01008238,7. Sales and customer service occupations,38,7,31
S01008238,8. Process plant and machine operatives,41,38,3
S01008238,9. Elementary occupations,42,25,17
S01008239,All people aged 16 to 74 in employment,411,213,198
S01008239,1. Managers directors and senior officials,42,21,21
S01008239,2. Professional occupations,44,18,26
S01008239,3. Associate professional and technical occupations,46,28,18
S01008239,4. Administrative and secretarial occupations,46,5,41
S01008239,5. Skilled trades occupations,73,69,4
S01008239,6. Caring leisure and other service occupations,52,10,42
S01008239,7. Sales and customer service occupations,34,12,22
S01008239,8. Process plant and machine operatives,27,25,2
S01008239,9. Elementary occupations,47,25,22
S01008240,All people aged 16 to 74 in employment,398,204,194
S01008240,1. Managers directors and senior officials,37,26,11
S01008240,2. Professional occupations,100,48,52
S01008240,3. Associate professional and technical occupations,67,34,33
S01008240,4. Administrative and secretarial occupations,43,9,34
S01008240,5. Skilled trades occupations,46,41,5
S01008240,6. Caring leisure and other service occupations,35,3,32
S01008240,7. Sales and customer service occupations,30,13,17
S01008240,8. Process plant and machine operatives,15,15,0
S01008240,9. Elementary occupations,25,15,10
S01008241,All people aged 16 to 74 in employment,301,152,149
S01008241,1. Managers directors and senior officials,51,32,19
S01008241,2. Professional occupations,67,29,38
S01008241,3. Associate professional and technical occupations,51,31,20
S01008241,4. Administrative and secretarial occupations,36,8,28
S01008241,5. Skilled trades occupations,36,31,5
S01008241,6. Caring leisure and other service occupations,26,3,23
S01008241,7. Sales and customer service occupations,14,5,9
S01008241,8. Process plant and machine operatives,7,7,0
S01008241,9. Elementary occupations,13,6,7
S01008242,All people aged 16 to 74 in employment,383,204,179
S01008242,1. Managers directors and senior officials,41,29,12
S01008242,2. Professional occupations,71,39,32
S01008242,3. Associate professional and technical occupations,52,23,29
S01008242,4. Administrative and secretarial occupations,46,5,41
S01008242,5. Skilled trades occupations,56,52,4
S01008242,6. Caring leisure and other service occupations,41,9,32
S01008242,7. Sales and customer service occupations,29,13,16
S01008242,8. Process plant and machine operatives,16,16,0
S01008242,9. Elementary occupations,31,18,13
S01008243,All people aged 16 to 74 in employment,460,248,212
S01008243,1. Managers directors and senior officials,65,50,15
S01008243,2. Professional occupations,122,60,62
S01008243,3. Associate professional and technical occupations,62,33,29
S01008243,4. Administrative and secretarial occupations,45,8,37
S01008243,5. Skilled trades occupations,52,46,6
S01008243,6. Caring leisure and other service occupations,32,5,27
S01008243,7. Sales and customer service occupations,14,4,10
S01008243,8. Process plant and machine operatives,22,17,5
S01008243,9. Elementary occupations,46,25,21
S01008244,All people aged 16 to 74 in employment,242,109,133
S01008244,1. Managers directors and senior officials,29,19,10
S01008244,2. Professional occupations,65,26,39
S01008244,3. Associate professional and technical occupations,35,17,18
S01008244,4. Administrative and secretarial occupations,30,6,24
S01008244,5. Skilled trades occupations,22,20,2
S01008244,6. Caring leisure and other service occupations,21,2,19
S01008244,7. Sales and customer service occupations,10,4,6
S01008244,8. Process plant and machine operatives,9,9,0
S01008244,9. Elementary occupations,21,6,15
S01008245,All people aged 16 to 74 in employment,507,269,238
S01008245,1. Managers directors and senior officials,58,39,19
S01008245,2. Professional occupations,129,64,65
S01008245,3. Associate professional and technical occupations,80,44,36
S01008245,4. Administrative and secretarial occupations,52,12,40
S01008245,5. Skilled trades occupations,49,47,2
S01008245,6. Caring leisure and other service occupations,56,9,47
S01008245,7. Sales and customer service occupations,27,14,13
S01008245,8. Process plant and machine operatives,25,24,1
S01008245,9. Elementary occupations,31,16,15
S01008246,All people aged 16 to 74 in employment,524,273,251
S01008246,1. Managers directors and senior officials,70,44,26
S01008246,2. Professional occupations,144,71,73
S01008246,3. Associate professional and technical occupations,89,46,43
S01008246,4. Administrative and secretarial occupations,54,10,44
S01008246,5. Skilled trades occupations,59,53,6
S01008246,6. Caring leisure and other service occupations,40,4,36
S01008246,7. Sales and customer service occupations,18,6,12
S01008246,8. Process plant and machine operatives,21,20,1
S01008246,9. Elementary occupations,29,19,10
S01008247,All people aged 16 to 74 in employment,434,221,213
S01008247,1. Managers directors and senior officials,64,40,24
S01008247,2. Professional occupations,82,38,44
S01008247,3. Associate professional and technical occupations,62,31,31
S01008247,4. Administrative and secretarial occupations,37,3,34
S01008247,5. Skilled trades occupations,66,57,9
S01008247,6. Caring leisure and other service occupations,45,7,38
S01008247,7. Sales and customer service occupations,25,10,15
S01008247,8. Process plant and machine operatives,24,23,1
S01008247,9. Elementary occupations,29,12,17
S01008248,All people aged 16 to 74 in employment,424,228,196
S01008248,1. Managers directors and senior officials,43,25,18
S01008248,2. Professional occupations,92,43,49
S01008248,3. Associate professional and technical occupations,40,25,15
S01008248,4. Administrative and secretarial occupations,40,5,35
S01008248,5. Skilled trades occupations,68,60,8
S01008248,6. Caring leisure and other service occupations,43,10,33
S01008248,7. Sales and customer service occupations,23,5,18
S01008248,8. Process plant and machine operatives,30,25,5
S01008248,9. Elementary occupations,45,30,15
S01008249,All people aged 16 to 74 in employment,445,246,199
S01008249,1. Managers directors and senior officials,78,46,32
S01008249,2. Professional occupations,101,51,50
S01008249,3. Associate professional and technical occupations,62,39,23
S01008249,4. Administrative and secretarial occupations,32,4,28
S01008249,5. Skilled trades occupations,79,70,9
S01008249,6. Caring leisure and other service occupations,41,4,37
S01008249,7. Sales and customer service occupations,6,1,5
S01008249,8. Process plant and machine operatives,18,15,3
S01008249,9. Elementary occupations,28,16,12
S01008250,All people aged 16 to 74 in employment,533,271,262
S01008250,1. Managers directors and senior officials,83,56,27
S01008250,2. Professional occupations,148,71,77
S01008250,3. Associate professional and technical occupations,75,33,42
S01008250,4. Administrative and secretarial occupations,56,10,46
S01008250,5. Skilled trades occupations,60,55,5
S01008250,6. Caring leisure and other service occupations,33,5,28
S01008250,7. Sales and customer service occupations,31,14,17
S01008250,8. Process plant and machine operatives,13,11,2
S01008250,9. Elementary occupations,34,16,18
S01008251,All people aged 16 to 74 in employment,381,199,182
S01008251,1. Managers directors and senior officials,54,38,16
S01008251,2. Professional occupations,124,64,60
S01008251,3. Associate professional and technical occupations,52,32,20
S01008251,4. Administrative and secretarial occupations,45,6,39
S01008251,5. Skilled trades occupations,26,22,4
S01008251,6. Caring leisure and other service occupations,26,3,23
S01008251,7. Sales and customer service occupations,17,7,10
S01008251,8. Process plant and machine operatives,16,16,0
S01008251,9. Elementary occupations,21,11,10
S01008252,All people aged 16 to 74 in employment,406,218,188
S01008252,1. Managers directors and senior officials,46,28,18
S01008252,2. Professional occupations,89,46,43
S01008252,3. Associate professional and technical occupations,62,39,23
S01008252,4. Administrative and secretarial occupations,54,18,36
S01008252,5. Skilled trades occupations,41,37,4
S01008252,6. Caring leisure and other service occupations,28,4,24
S01008252,7. Sales and customer service occupations,42,16,26
S01008252,8. Process plant and machine operatives,16,16,0
S01008252,9. Elementary occupations,28,14,14
S01008253,All people aged 16 to 74 in employment,352,184,168
S01008253,1. Managers directors and senior officials,18,11,7
S01008253,2. Professional occupations,54,20,34
S01008253,3. Associate professional and technical occupations,33,19,14
S01008253,4. Administrative and secretarial occupations,35,13,22
S01008253,5. Skilled trades occupations,66,61,5
S01008253,6. Caring leisure and other service occupations,47,3,44
S01008253,7. Sales and customer service occupations,20,5,15
S01008253,8. Process plant and machine operatives,34,31,3
S01008253,9. Elementary occupations,45,21,24
S01008254,All people aged 16 to 74 in employment,441,232,209
S01008254,1. Managers directors and senior officials,27,19,8
S01008254,2. Professional occupations,61,29,32
S01008254,3. Associate professional and technical occupations,48,28,20
S01008254,4. Administrative and secretarial occupations,34,8,26
S01008254,5. Skilled trades occupations,64,58,6
S01008254,6. Caring leisure and other service occupations,69,13,56
S01008254,7. Sales and customer service occupations,34,9,25
S01008254,8. Process plant and machine operatives,44,40,4
S01008254,9. Elementary occupations,60,28,32
S01008255,All people aged 16 to 74 in employment,359,179,180
S01008255,1. Managers directors and senior officials,27,17,10
S01008255,2. Professional occupations,66,36,30
S01008255,3. Associate professional and technical occupations,36,19,17
S01008255,4. Administrative and secretarial occupations,39,8,31
S01008255,5. Skilled trades occupations,48,42,6
S01008255,6. Caring leisure and other service occupations,49,6,43
S01008255,7. Sales and customer service occupations,35,10,25
S01008255,8. Process plant and machine operatives,22,20,2
S01008255,9. Elementary occupations,37,21,16
S01008256,All people aged 16 to 74 in employment,400,209,191
S01008256,1. Managers directors and senior officials,27,15,12
S01008256,2. Professional occupations,53,23,30
S01008256,3. Associate professional and technical occupations,27,14,13
S01008256,4. Administrative and secretarial occupations,26,3,23
S01008256,5. Skilled trades occupations,63,57,6
S01008256,6. Caring leisure and other service occupations,51,13,38
S01008256,7. Sales and customer service occupations,40,16,24
S01008256,8. Process plant and machine operatives,39,31,8
S01008256,9. Elementary occupations,74,37,37
S01008257,All people aged 16 to 74 in employment,256,131,125
S01008257,1. Managers directors and senior officials,19,12,7
S01008257,2. Professional occupations,49,21,28
S01008257,3. Associate professional and technical occupations,38,25,13
S01008257,4. Administrative and secretarial occupations,23,5,18
S01008257,5. Skilled trades occupations,35,31,4
S01008257,6. Caring leisure and other service occupations,31,7,24
S01008257,7. Sales and customer service occupations,19,3,16
S01008257,8. Process plant and machine operatives,19,18,1
S01008257,9. Elementary occupations,23,9,14
S01008258,All people aged 16 to 74 in employment,477,251,226
S01008258,1. Managers directors and senior officials,44,32,12
S01008258,2. Professional occupations,80,34,46
S01008258,3. Associate professional and technical occupations,67,39,28
S01008258,4. Administrative and secretarial occupations,60,11,49
S01008258,5. Skilled trades occupations,49,40,9
S01008258,6. Caring leisure and other service occupations,47,12,35
S01008258,7. Sales and customer service occupations,49,22,27
S01008258,8. Process plant and machine operatives,34,30,4
S01008258,9. Elementary occupations,47,31,16
S01008259,All people aged 16 to 74 in employment,392,216,176
S01008259,1. Managers directors and senior officials,52,35,17
S01008259,2. Professional occupations,82,41,41
S01008259,3. Associate professional and technical occupations,46,27,19
S01008259,4. Administrative and secretarial occupations,40,10,30
S01008259,5. Skilled trades occupations,48,43,5
S01008259,6. Caring leisure and other service occupations,41,6,35
S01008259,7. Sales and customer service occupations,19,10,9
S01008259,8. Process plant and machine operatives,24,21,3
S01008259,9. Elementary occupations,40,23,17
S01008260,All people aged 16 to 74 in employment,388,195,193
S01008260,1. Managers directors and senior officials,24,13,11
S01008260,2. Professional occupations,46,20,26
S01008260,3. Associate professional and technical occupations,37,16,21
S01008260,4. Administrative and secretarial occupations,44,11,33
S01008260,5. Skilled trades occupations,41,37,4
S01008260,6. Caring leisure and other service occupations,68,18,50
S01008260,7. Sales and customer service occupations,27,8,19
S01008260,8. Process plant and machine operatives,41,38,3
S01008260,9. Elementary occupations,60,34,26
S01008261,All people aged 16 to 74 in employment,437,227,210
S01008261,1. Managers directors and senior officials,23,15,8
S01008261,2. Professional occupations,45,11,34
S01008261,3. Associate professional and technical occupations,44,28,16
S01008261,4. Administrative and secretarial occupations,36,3,33
S01008261,5. Skilled trades occupations,74,67,7
S01008261,6. Caring leisure and other service occupations,60,13,47
S01008261,7. Sales and customer service occupations,45,16,29
S01008261,8. Process plant and machine operatives,43,37,6
S01008261,9. Elementary occupations,67,37,30
S01008262,All people aged 16 to 74 in employment,333,164,169
S01008262,1. Managers directors and senior officials,34,22,12
S01008262,2. Professional occupations,81,27,54
S01008262,3. Associate professional and technical occupations,35,19,16
S01008262,4. Administrative and secretarial occupations,17,3,14
S01008262,5. Skilled trades occupations,56,48,8
S01008262,6. Caring leisure and other service occupations,35,7,28
S01008262,7. Sales and customer service occupations,14,2,12
S01008262,8. Process plant and machine operatives,16,15,1
S01008262,9. Elementary occupations,45,21,24
S01008263,All people aged 16 to 74 in employment,286,156,130
S01008263,1. Managers directors and senior officials,44,26,18
S01008263,2. Professional occupations,89,49,40
S01008263,3. Associate professional and technical occupations,35,18,17
S01008263,4. Administrative and secretarial occupations,31,6,25
S01008263,5. Skilled trades occupations,30,23,7
S01008263,6. Caring leisure and other service occupations,14,6,8
S01008263,7. Sales and customer service occupations,14,6,8
S01008263,8. Process plant and machine operatives,7,7,0
S01008263,9. Elementary occupations,22,15,7
S01008264,All people aged 16 to 74 in employment,344,173,171
S01008264,1. Managers directors and senior officials,26,15,11
S01008264,2. Professional occupations,51,27,24
S01008264,3. Associate professional and technical occupations,41,25,16
S01008264,4. Administrative and secretarial occupations,33,6,27
S01008264,5. Skilled trades occupations,56,47,9
S01008264,6. Caring leisure and other service occupations,48,6,42
S01008264,7. Sales and customer service occupations,24,6,18
S01008264,8. Process plant and machine operatives,25,23,2
S01008264,9. Elementary occupations,40,18,22
S01008265,All people aged 16 to 74 in employment,278,155,123
S01008265,1. Managers directors and senior officials,46,31,15
S01008265,2. Professional occupations,84,47,37
S01008265,3. Associate professional and technical occupations,43,26,17
S01008265,4. Administrative and secretarial occupations,29,7,22
S01008265,5. Skilled trades occupations,21,19,2
S01008265,6. Caring leisure and other service occupations,16,1,15
S01008265,7. Sales and customer service occupations,12,6,6
S01008265,8. Process plant and machine operatives,7,7,0
S01008265,9. Elementary occupations,20,11,9
S01008266,All people aged 16 to 74 in employment,282,151,131
S01008266,1. Managers directors and senior officials,54,35,19
S01008266,2. Professional occupations,79,39,40
S01008266,3. Associate professional and technical occupations,41,26,15
S01008266,4. Administrative and secretarial occupations,30,10,20
S01008266,5. Skilled trades occupations,23,19,4
S01008266,6. Caring leisure and other service occupations,21,3,18
S01008266,7. Sales and customer service occupations,14,7,7
S01008266,8. Process plant and machine operatives,4,3,1
S01008266,9. Elementary occupations,16,9,7
S01008267,All people aged 16 to 74 in employment,406,227,179
S01008267,1. Managers directors and senior officials,61,37,24
S01008267,2. Professional occupations,84,44,40
S01008267,3. Associate professional and technical occupations,52,29,23
S01008267,4. Administrative and secretarial occupations,36,10,26
S01008267,5. Skilled trades occupations,52,46,6
S01008267,6. Caring leisure and other service occupations,38,10,28
S01008267,7. Sales and customer service occupations,21,11,10
S01008267,8. Process plant and machine operatives,14,14,0
S01008267,9. Elementary occupations,48,26,22
S01008268,All people aged 16 to 74 in employment,365,209,156
S01008268,1. Managers directors and senior officials,91,58,33
S01008268,2. Professional occupations,115,64,51
S01008268,3. Associate professional and technical occupations,59,38,21
S01008268,4. Administrative and secretarial occupations,23,9,14
S01008268,5. Skilled trades occupations,16,15,1
S01008268,6. Caring leisure and other service occupations,24,3,21
S01008268,7. Sales and customer service occupations,7,3,4
S01008268,8. Process plant and machine operatives,6,6,0
S01008268,9. Elementary occupations,24,13,11
S01008269,All people aged 16 to 74 in employment,283,149,134
S01008269,1. Managers directors and senior officials,36,25,11
S01008269,2. Professional occupations,72,44,28
S01008269,3. Associate professional and technical occupations,45,27,18
S01008269,4. Administrative and secretarial occupations,41,9,32
S01008269,5. Skilled trades occupations,15,10,5
S01008269,6. Caring leisure and other service occupations,25,4,21
S01008269,7. Sales and customer service occupations,22,8,14
S01008269,8. Process plant and machine operatives,9,8,1
S01008269,9. Elementary occupations,18,14,4
S01008270,All people aged 16 to 74 in employment,296,148,148
S01008270,1. Managers directors and senior officials,42,23,19
S01008270,2. Professional occupations,96,52,44
S01008270,3. Associate professional and technical occupations,52,26,26
S01008270,4. Administrative and secretarial occupations,29,5,24
S01008270,5. Skilled trades occupations,22,18,4
S01008270,6. Caring leisure and other service occupations,16,5,11
S01008270,7. Sales and customer service occupations,15,7,8
S01008270,8. Process plant and machine operatives,9,5,4
S01008270,9. Elementary occupations,15,7,8
S01008271,All people aged 16 to 74 in employment,318,165,153
S01008271,1. Managers directors and senior officials,54,36,18
S01008271,2. Professional occupations,46,15,31
S01008271,3. Associate professional and technical occupations,40,28,12
S01008271,4. Administrative and secretarial occupations,29,5,24
S01008271,5. Skilled trades occupations,39,34,5
S01008271,6. Caring leisure and other service occupations,44,10,34
S01008271,7. Sales and customer service occupations,25,10,15
S01008271,8. Process plant and machine operatives,11,11,0
S01008271,9. Elementary occupations,30,16,14
S01008272,All people aged 16 to 74 in employment,482,249,233
S01008272,1. Managers directors and senior officials,65,44,21
S01008272,2. Professional occupations,98,45,53
S01008272,3. Associate professional and technical occupations,72,47,25
S01008272,4. Administrative and secretarial occupations,44,8,36
S01008272,5. Skilled trades occupations,57,46,11
S01008272,6. Caring leisure and other service occupations,41,6,35
S01008272,7. Sales and customer service occupations,31,11,20
S01008272,8. Process plant and machine operatives,14,13,1
S01008272,9. Elementary occupations,60,29,31
S01008273,All people aged 16 to 74 in employment,367,180,187
S01008273,1. Managers directors and senior officials,50,33,17
S01008273,2. Professional occupations,90,43,47
S01008273,3. Associate professional and technical occupations,59,41,18
S01008273,4. Administrative and secretarial occupations,42,8,34
S01008273,5. Skilled trades occupations,26,23,3
S01008273,6. Caring leisure and other service occupations,25,3,22
S01008273,7. Sales and customer service occupations,29,3,26
S01008273,8. Process plant and machine operatives,15,14,1
S01008273,9. Elementary occupations,31,12,19
S01008274,All people aged 16 to 74 in employment,304,157,147
S01008274,1. Managers directors and senior officials,26,14,12
S01008274,2. Professional occupations,32,16,16
S01008274,3. Associate professional and technical occupations,23,12,11
S01008274,4. Administrative and secretarial occupations,27,6,21
S01008274,5. Skilled trades occupations,54,48,6
S01008274,6. Caring leisure and other service occupations,44,11,33
S01008274,7. Sales and customer service occupations,28,8,20
S01008274,8. Process plant and machine operatives,16,16,0
S01008274,9. Elementary occupations,54,26,28
S01008275,All people aged 16 to 74 in employment,258,141,117
S01008275,1. Managers directors and senior officials,33,23,10
S01008275,2. Professional occupations,76,40,36
S01008275,3. Associate professional and technical occupations,36,19,17
S01008275,4. Administrative and secretarial occupations,23,5,18
S01008275,5. Skilled trades occupations,27,23,4
S01008275,6. Caring leisure and other service occupations,17,2,15
S01008275,7. Sales and customer service occupations,8,4,4
S01008275,8. Process plant and machine operatives,9,8,1
S01008275,9. Elementary occupations,29,17,12
S01008276,All people aged 16 to 74 in employment,276,150,126
S01008276,1. Managers directors and senior officials,43,31,12
S01008276,2. Professional occupations,81,36,45
S01008276,3. Associate professional and technical occupations,35,21,14
S01008276,4. Administrative and secretarial occupations,24,7,17
S01008276,5. Skilled trades occupations,26,22,4
S01008276,6. Caring leisure and other service occupations,18,3,15
S01008276,7. Sales and customer service occupations,15,6,9
S01008276,8. Process plant and machine operatives,9,8,1
S01008276,9. Elementary occupations,25,16,9
S01008277,All people aged 16 to 74 in employment,264,140,124
S01008277,1. Managers directors and senior officials,51,35,16
S01008277,2. Professional occupations,56,26,30
S01008277,3. Associate professional and technical occupations,38,17,21
S01008277,4. Administrative and secretarial occupations,17,3,14
S01008277,5. Skilled trades occupations,49,41,8
S01008277,6. Caring leisure and other service occupations,19,1,18
S01008277,7. Sales and customer service occupations,10,3,7
S01008277,8. Process plant and machine operatives,10,8,2
S01008277,9. Elementary occupations,14,6,8
S01008278,All people aged 16 to 74 in employment,371,193,178
S01008278,1. Managers directors and senior officials,55,34,21
S01008278,2. Professional occupations,111,61,50
S01008278,3. Associate professional and technical occupations,62,35,27
S01008278,4. Administrative and secretarial occupations,31,6,25
S01008278,5. Skilled trades occupations,28,18,10
S01008278,6. Caring leisure and other service occupations,27,3,24
S01008278,7. Sales and customer service occupations,19,7,12
S01008278,8. Process plant and machine operatives,16,15,1
S01008278,9. Elementary occupations,22,14,8
S01008279,All people aged 16 to 74 in employment,335,171,164
S01008279,1. Managers directors and senior officials,29,19,10
S01008279,2. Professional occupations,69,30,39
S01008279,3. Associate professional and technical occupations,41,20,21
S01008279,4. Administrative and secretarial occupations,33,9,24
S01008279,5. Skilled trades occupations,57,49,8
S01008279,6. Caring leisure and other service occupations,30,3,27
S01008279,7. Sales and customer service occupations,19,3,16
S01008279,8. Process plant and machine operatives,22,22,0
S01008279,9. Elementary occupations,35,16,19
S01008280,All people aged 16 to 74 in employment,481,258,223
S01008280,1. Managers directors and senior officials,55,33,22
S01008280,2. Professional occupations,116,56,60
S01008280,3. Associate professional and technical occupations,68,37,31
S01008280,4. Administrative and secretarial occupations,44,8,36
S01008280,5. Skilled trades occupations,68,59,9
S01008280,6. Caring leisure and other service occupations,44,11,33
S01008280,7. Sales and customer service occupations,23,3,20
S01008280,8. Process plant and machine operatives,23,22,1
S01008280,9. Elementary occupations,40,29,11
S01008281,All people aged 16 to 74 in employment,394,206,188
S01008281,1. Managers directors and senior officials,43,31,12
S01008281,2. Professional occupations,77,33,44
S01008281,3. Associate professional and technical occupations,53,18,35
S01008281,4. Administrative and secretarial occupations,38,6,32
S01008281,5. Skilled trades occupations,71,62,9
S01008281,6. Caring leisure and other service occupations,35,6,29
S01008281,7. Sales and customer service occupations,14,7,7
S01008281,8. Process plant and machine operatives,27,23,4
S01008281,9. Elementary occupations,36,20,16
S01008282,All people aged 16 to 74 in employment,365,194,171
S01008282,1. Managers directors and senior officials,48,33,15
S01008282,2. Professional occupations,60,22,38
S01008282,3. Associate professional and technical occupations,52,31,21
S01008282,4. Administrative and secretarial occupations,32,6,26
S01008282,5. Skilled trades occupations,71,58,13
S01008282,6. Caring leisure and other service occupations,29,4,25
S01008282,7. Sales and customer service occupations,14,5,9
S01008282,8. Process plant and machine operatives,17,16,1
S01008282,9. Elementary occupations,42,19,23
S01008283,All people aged 16 to 74 in employment,278,145,133
S01008283,1. Managers directors and senior officials,36,25,11
S01008283,2. Professional occupations,77,38,39
S01008283,3. Associate professional and technical occupations,35,15,20
S01008283,4. Administrative and secretarial occupations,38,11,27
S01008283,5. Skilled trades occupations,24,20,4
S01008283,6. Caring leisure and other service occupations,20,7,13
S01008283,7. Sales and customer service occupations,11,4,7
S01008283,8. Process plant and machine operatives,14,13,1
S01008283,9. Elementary occupations,23,12,11
S01008284,All people aged 16 to 74 in employment,437,226,211
S01008284,1. Managers directors and senior officials,57,42,15
S01008284,2. Professional occupations,83,35,48
S01008284,3. Associate professional and technical occupations,53,34,19
S01008284,4. Administrative and secretarial occupations,38,4,34
S01008284,5. Skilled trades occupations,63,54,9
S01008284,6. Caring leisure and other service occupations,51,6,45
S01008284,7. Sales and customer service occupations,23,9,14
S01008284,8. Process plant and machine operatives,28,25,3
S01008284,9. Elementary occupations,41,17,24
S01008285,All people aged 16 to 74 in employment,316,156,160
S01008285,1. Managers directors and senior officials,10,6,4
S01008285,2. Professional occupations,24,10,14
S01008285,3. Associate professional and technical occupations,19,9,10
S01008285,4. Administrative and secretarial occupations,33,11,22
S01008285,5. Skilled trades occupations,57,50,7
S01008285,6. Caring leisure and other service occupations,54,9,45
S01008285,7. Sales and customer service occupations,27,3,24
S01008285,8. Process plant and machine operatives,38,38,0
S01008285,9. Elementary occupations,54,20,34
S01008286,All people aged 16 to 74 in employment,354,189,165
S01008286,1. Managers directors and senior officials,21,13,8
S01008286,2. Professional occupations,44,20,24
S01008286,3. Associate professional and technical occupations,22,8,14
S01008286,4. Administrative and secretarial occupations,32,5,27
S01008286,5. Skilled trades occupations,63,58,5
S01008286,6. Caring leisure and other service occupations,35,10,25
S01008286,7. Sales and customer service occupations,36,8,28
S01008286,8. Process plant and machine operatives,44,41,3
S01008286,9. Elementary occupations,57,26,31
S01008287,All people aged 16 to 74 in employment,376,191,185
S01008287,1. Managers directors and senior officials,33,20,13
S01008287,2. Professional occupations,81,34,47
S01008287,3. Associate professional and technical occupations,40,25,15
S01008287,4. Administrative and secretarial occupations,32,7,25
S01008287,5. Skilled trades occupations,50,44,6
S01008287,6. Caring leisure and other service occupations,51,4,47
S01008287,7. Sales and customer service occupations,16,5,11
S01008287,8. Process plant and machine operatives,25,22,3
S01008287,9. Elementary occupations,48,30,18
S01008288,All people aged 16 to 74 in employment,401,213,188
S01008288,1. Managers directors and senior officials,46,28,18
S01008288,2. Professional occupations,76,42,34
S01008288,3. Associate professional and technical occupations,47,25,22
S01008288,4. Administrative and secretarial occupations,53,21,32
S01008288,5. Skilled trades occupations,45,38,7
S01008288,6. Caring leisure and other service occupations,35,3,32
S01008288,7. Sales and customer service occupations,24,7,17
S01008288,8. Process plant and machine operatives,37,32,5
S01008288,9. Elementary occupations,38,17,21
S01008289,All people aged 16 to 74 in employment,342,175,167
S01008289,1. Managers directors and senior officials,27,14,13
S01008289,2. Professional occupations,41,23,18
S01008289,3. Associate professional and technical occupations,48,30,18
S01008289,4. Administrative and secretarial occupations,30,7,23
S01008289,5. Skilled trades occupations,58,51,7
S01008289,6. Caring leisure and other service occupations,44,5,39
S01008289,7. Sales and customer service occupations,30,10,20
S01008289,8. Process plant and machine operatives,25,24,1
S01008289,9. Elementary occupations,39,11,28
S01008290,All people aged 16 to 74 in employment,418,216,202
S01008290,1. Managers directors and senior officials,58,33,25
S01008290,2. Professional occupations,86,40,46
S01008290,3. Associate professional and technical occupations,57,35,22
S01008290,4. Administrative and secretarial occupations,36,2,34
S01008290,5. Skilled trades occupations,39,37,2
S01008290,6. Caring leisure and other service occupations,42,14,28
S01008290,7. Sales and customer service occupations,35,12,23
S01008290,8. Process plant and machine operatives,27,24,3
S01008290,9. Elementary occupations,38,19,19
S01008291,All people aged 16 to 74 in employment,315,165,150
S01008291,1. Managers directors and senior officials,20,13,7
S01008291,2. Professional occupations,48,25,23
S01008291,3. Associate professional and technical occupations,41,22,19
S01008291,4. Administrative and secretarial occupations,37,5,32
S01008291,5. Skilled trades occupations,55,54,1
S01008291,6. Caring leisure and other service occupations,32,1,31
S01008291,7. Sales and customer service occupations,24,4,20
S01008291,8. Process plant and machine operatives,31,28,3
S01008291,9. Elementary occupations,27,13,14
S01008292,All people aged 16 to 74 in employment,389,188,201
S01008292,1. Managers directors and senior officials,32,16,16
S01008292,2. Professional occupations,58,30,28
S01008292,3. Associate professional and technical occupations,31,20,11
S01008292,4. Administrative and secretarial occupations,38,7,31
S01008292,5. Skilled trades occupations,35,30,5
S01008292,6. Caring leisure and other service occupations,61,8,53
S01008292,7. Sales and customer service occupations,30,7,23
S01008292,8. Process plant and machine operatives,41,38,3
S01008292,9. Elementary occupations,63,32,31
S01008293,All people aged 16 to 74 in employment,297,153,144
S01008293,1. Managers directors and senior officials,45,29,16
S01008293,2. Professional occupations,78,38,40
S01008293,3. Associate professional and technical occupations,58,43,15
S01008293,4. Administrative and secretarial occupations,40,5,35
S01008293,5. Skilled trades occupations,20,17,3
S01008293,6. Caring leisure and other service occupations,17,1,16
S01008293,7. Sales and customer service occupations,18,5,13
S01008293,8. Process plant and machine operatives,9,9,0
S01008293,9. Elementary occupations,12,6,6
S01008294,All people aged 16 to 74 in employment,463,246,217
S01008294,1. Managers directors and senior officials,47,32,15
S01008294,2. Professional occupations,113,59,54
S01008294,3. Associate professional and technical occupations,68,43,25
S01008294,4. Administrative and secretarial occupations,61,11,50
S01008294,5. Skilled trades occupations,48,45,3
S01008294,6. Caring leisure and other service occupations,37,5,32
S01008294,7. Sales and customer service occupations,25,4,21
S01008294,8. Process plant and machine operatives,38,36,2
S01008294,9. Elementary occupations,26,11,15
S01008295,All people aged 16 to 74 in employment,553,282,271
S01008295,1. Managers directors and senior officials,39,26,13
S01008295,2. Professional occupations,63,21,42
S01008295,3. Associate professional and technical occupations,72,43,29
S01008295,4. Administrative and secretarial occupations,87,19,68
S01008295,5. Skilled trades occupations,71,64,7
S01008295,6. Caring leisure and other service occupations,81,16,65
S01008295,7. Sales and customer service occupations,47,17,30
S01008295,8. Process plant and machine operatives,59,56,3
S01008295,9. Elementary occupations,34,20,14
S01008296,All people aged 16 to 74 in employment,283,155,128
S01008296,1. Managers directors and senior officials,17,14,3
S01008296,2. Professional occupations,45,23,22
S01008296,3. Associate professional and technical occupations,31,18,13
S01008296,4. Administrative and secretarial occupations,31,8,23
S01008296,5. Skilled trades occupations,41,38,3
S01008296,6. Caring leisure and other service occupations,34,6,28
S01008296,7. Sales and customer service occupations,29,9,20
S01008296,8. Process plant and machine operatives,25,21,4
S01008296,9. Elementary occupations,30,18,12
S01008297,All people aged 16 to 74 in employment,393,207,186
S01008297,1. Managers directors and senior officials,29,19,10
S01008297,2. Professional occupations,72,24,48
S01008297,3. Associate professional and technical occupations,63,36,27
S01008297,4. Administrative and secretarial occupations,62,17,45
S01008297,5. Skilled trades occupations,53,51,2
S01008297,6. Caring leisure and other service occupations,42,11,31
S01008297,7. Sales and customer service occupations,33,15,18
S01008297,8. Process plant and machine operatives,20,20,0
S01008297,9. Elementary occupations,19,14,5
S01008298,All people aged 16 to 74 in employment,384,208,176
S01008298,1. Managers directors and senior officials,24,17,7
S01008298,2. Professional occupations,75,31,44
S01008298,3. Associate professional and technical occupations,54,30,24
S01008298,4. Administrative and secretarial occupations,44,7,37
S01008298,5. Skilled trades occupations,53,47,6
S01008298,6. Caring leisure and other service occupations,30,8,22
S01008298,7. Sales and customer service occupations,42,15,27
S01008298,8. Process plant and machine operatives,35,33,2
S01008298,9. Elementary occupations,27,20,7
S01008299,All people aged 16 to 74 in employment,278,149,129
S01008299,1. Managers directors and senior officials,18,12,6
S01008299,2. Professional occupations,37,16,21
S01008299,3. Associate professional and technical occupations,36,23,13
S01008299,4. Administrative and secretarial occupations,36,11,25
S01008299,5. Skilled trades occupations,35,34,1
S01008299,6. Caring leisure and other service occupations,27,3,24
S01008299,7. Sales and customer service occupations,29,11,18
S01008299,8. Process plant and machine operatives,16,15,1
S01008299,9. Elementary occupations,44,24,20
S01008300,All people aged 16 to 74 in employment,362,168,194
S01008300,1. Managers directors and senior officials,26,15,11
S01008300,2. Professional occupations,37,12,25
S01008300,3. Associate professional and technical occupations,37,19,18
S01008300,4. Administrative and secretarial occupations,43,5,38
S01008300,5. Skilled trades occupations,51,48,3
S01008300,6. Caring leisure and other service occupations,66,11,55
S01008300,7. Sales and customer service occupations,39,16,23
S01008300,8. Process plant and machine operatives,21,21,0
S01008300,9. Elementary occupations,42,21,21
S01008301,All people aged 16 to 74 in employment,463,242,221
S01008301,1. Managers directors and senior officials,35,22,13
S01008301,2. Professional occupations,83,46,37
S01008301,3. Associate professional and technical occupations,66,37,29
S01008301,4. Administrative and secretarial occupations,79,19,60
S01008301,5. Skilled trades occupations,61,55,6
S01008301,6. Caring leisure and other service occupations,48,10,38
S01008301,7. Sales and customer service occupations,35,13,22
S01008301,8. Process plant and machine operatives,30,29,1
S01008301,9. Elementary occupations,26,11,15
S01008302,All people aged 16 to 74 in employment,368,194,174
S01008302,1. Managers directors and senior officials,50,34,16
S01008302,2. Professional occupations,96,45,51
S01008302,3. Associate professional and technical occupations,50,32,18
S01008302,4. Administrative and secretarial occupations,43,10,33
S01008302,5. Skilled trades occupations,45,39,6
S01008302,6. Caring leisure and other service occupations,22,0,22
S01008302,7. Sales and customer service occupations,26,10,16
S01008302,8. Process plant and machine operatives,14,11,3
S01008302,9. Elementary occupations,22,13,9
S01008303,All people aged 16 to 74 in employment,275,143,132
S01008303,1. Managers directors and senior officials,32,22,10
S01008303,2. Professional occupations,44,18,26
S01008303,3. Associate professional and technical occupations,33,24,9
S01008303,4. Administrative and secretarial occupations,46,8,38
S01008303,5. Skilled trades occupations,26,24,2
S01008303,6. Caring leisure and other service occupations,28,7,21
S01008303,7. Sales and customer service occupations,21,11,10
S01008303,8. Process plant and machine operatives,19,14,5
S01008303,9. Elementary occupations,26,15,11
S01008304,All people aged 16 to 74 in employment,232,128,104
S01008304,1. Managers directors and senior officials,23,16,7
S01008304,2. Professional occupations,65,27,38
S01008304,3. Associate professional and technical occupations,31,18,13
S01008304,4. Administrative and secretarial occupations,23,4,19
S01008304,5. Skilled trades occupations,24,22,2
S01008304,6. Caring leisure and other service occupations,17,4,13
S01008304,7. Sales and customer service occupations,21,17,4
S01008304,8. Process plant and machine operatives,9,7,2
S01008304,9. Elementary occupations,19,13,6
S01008305,All people aged 16 to 74 in employment,429,210,219
S01008305,1. Managers directors and senior officials,31,22,9
S01008305,2. Professional occupations,75,32,43
S01008305,3. Associate professional and technical occupations,66,36,30
S01008305,4. Administrative and secretarial occupations,73,11,62
S01008305,5. Skilled trades occupations,51,50,1
S01008305,6. Caring leisure and other service occupations,40,7,33
S01008305,7. Sales and customer service occupations,45,18,27
S01008305,8. Process plant and machine operatives,17,16,1
S01008305,9. Elementary occupations,31,18,13
S01008306,All people aged 16 to 74 in employment,351,171,180
S01008306,1. Managers directors and senior officials,19,13,6
S01008306,2. Professional occupations,59,23,36
S01008306,3. Associate professional and technical occupations,52,25,27
S01008306,4. Administrative and secretarial occupations,53,11,42
S01008306,5. Skilled trades occupations,46,46,0
S01008306,6. Caring leisure and other service occupations,41,7,34
S01008306,7. Sales and customer service occupations,38,8,30
S01008306,8. Process plant and machine operatives,28,26,2
S01008306,9. Elementary occupations,15,12,3
S01008307,All people aged 16 to 74 in employment,313,160,153
S01008307,1. Managers directors and senior officials,27,18,9
S01008307,2. Professional occupations,53,22,31
S01008307,3. Associate professional and technical occupations,54,37,17
S01008307,4. Administrative and secretarial occupations,57,10,47
S01008307,5. Skilled trades occupations,26,26,0
S01008307,6. Caring leisure and other service occupations,23,4,19
S01008307,7. Sales and customer service occupations,37,16,21
S01008307,8. Process plant and machine operatives,11,11,0
S01008307,9. Elementary occupations,25,16,9
S01008308,All people aged 16 to 74 in employment,281,148,133
S01008308,1. Managers directors and senior officials,28,21,7
S01008308,2. Professional occupations,62,24,38
S01008308,3. Associate professional and technical occupations,39,28,11
S01008308,4. Administrative and secretarial occupations,52,9,43
S01008308,5. Skilled trades occupations,28,28,0
S01008308,6. Caring leisure and other service occupations,22,6,16
S01008308,7. Sales and customer service occupations,24,14,10
S01008308,8. Process plant and machine operatives,13,11,2
S01008308,9. Elementary occupations,13,7,6
S01008309,All people aged 16 to 74 in employment,273,135,138
S01008309,1. Managers directors and senior officials,24,17,7
S01008309,2. Professional occupations,36,16,20
S01008309,3. Associate professional and technical occupations,21,14,7
S01008309,4. Administrative and secretarial occupations,35,7,28
S01008309,5. Skilled trades occupations,37,31,6
S01008309,6. Caring leisure and other service occupations,32,10,22
S01008309,7. Sales and customer service occupations,26,3,23
S01008309,8. Process plant and machine operatives,22,21,1
S01008309,9. Elementary occupations,40,16,24
S01008310,All people aged 16 to 74 in employment,444,219,225
S01008310,1. Managers directors and senior officials,29,20,9
S01008310,2. Professional occupations,68,23,45
S01008310,3. Associate professional and technical occupations,50,31,19
S01008310,4. Administrative and secretarial occupations,76,10,66
S01008310,5. Skilled trades occupations,46,43,3
S01008310,6. Caring leisure and other service occupations,42,7,35
S01008310,7. Sales and customer service occupations,42,17,25
S01008310,8. Process plant and machine operatives,45,44,1
S01008310,9. Elementary occupations,46,24,22
S01008311,All people aged 16 to 74 in employment,187,103,84
S01008311,1. Managers directors and senior officials,12,8,4
S01008311,2. Professional occupations,20,7,13
S01008311,3. Associate professional and technical occupations,25,16,9
S01008311,4. Administrative and secretarial occupations,22,1,21
S01008311,5. Skilled trades occupations,24,24,0
S01008311,6. Caring leisure and other service occupations,23,5,18
S01008311,7. Sales and customer service occupations,24,13,11
S01008311,8. Process plant and machine operatives,13,12,1
S01008311,9. Elementary occupations,24,17,7
S01008312,All people aged 16 to 74 in employment,206,106,100
S01008312,1. Managers directors and senior officials,18,14,4
S01008312,2. Professional occupations,41,21,20
S01008312,3. Associate professional and technical occupations,34,20,14
S01008312,4. Administrative and secretarial occupations,28,5,23
S01008312,5. Skilled trades occupations,17,17,0
S01008312,6. Caring leisure and other service occupations,20,5,15
S01008312,7. Sales and customer service occupations,21,9,12
S01008312,8. Process plant and machine operatives,7,5,2
S01008312,9. Elementary occupations,20,10,10
S01008313,All people aged 16 to 74 in employment,338,162,176
S01008313,1. Managers directors and senior officials,30,21,9
S01008313,2. Professional occupations,31,10,21
S01008313,3. Associate professional and technical occupations,35,18,17
S01008313,4. Administrative and secretarial occupations,34,4,30
S01008313,5. Skilled trades occupations,31,27,4
S01008313,6. Caring leisure and other service occupations,63,15,48
S01008313,7. Sales and customer service occupations,30,13,17
S01008313,8. Process plant and machine operatives,38,36,2
S01008313,9. Elementary occupations,46,18,28
S01008314,All people aged 16 to 74 in employment,270,139,131
S01008314,1. Managers directors and senior officials,17,9,8
S01008314,2. Professional occupations,30,13,17
S01008314,3. Associate professional and technical occupations,24,17,7
S01008314,4. Administrative and secretarial occupations,36,8,28
S01008314,5. Skilled trades occupations,31,27,4
S01008314,6. Caring leisure and other service occupations,36,10,26
S01008314,7. Sales and customer service occupations,40,14,26
S01008314,8. Process plant and machine operatives,25,25,0
S01008314,9. Elementary occupations,31,16,15
S01008315,All people aged 16 to 74 in employment,317,151,166
S01008315,1. Managers directors and senior officials,12,11,1
S01008315,2. Professional occupations,32,11,21
S01008315,3. Associate professional and technical occupations,35,17,18
S01008315,4. Administrative and secretarial occupations,35,5,30
S01008315,5. Skilled trades occupations,43,40,3
S01008315,6. Caring leisure and other service occupations,52,7,45
S01008315,7. Sales and customer service occupations,39,14,25
S01008315,8. Process plant and machine operatives,28,26,2
S01008315,9. Elementary occupations,41,20,21
S01008316,All people aged 16 to 74 in employment,193,89,104
S01008316,1. Managers directors and senior officials,10,5,5
S01008316,2. Professional occupations,21,10,11
S01008316,3. Associate professional and technical occupations,21,6,15
S01008316,4. Administrative and secretarial occupations,19,5,14
S01008316,5. Skilled trades occupations,21,18,3
S01008316,6. Caring leisure and other service occupations,28,3,25
S01008316,7. Sales and customer service occupations,21,9,12
S01008316,8. Process plant and machine operatives,20,14,6
S01008316,9. Elementary occupations,32,19,13
S01008317,All people aged 16 to 74 in employment,354,186,168
S01008317,1. Managers directors and senior officials,32,21,11
S01008317,2. Professional occupations,52,23,29
S01008317,3. Associate professional and technical occupations,41,21,20
S01008317,4. Administrative and secretarial occupations,42,9,33
S01008317,5. Skilled trades occupations,36,34,2
S01008317,6. Caring leisure and other service occupations,39,5,34
S01008317,7. Sales and customer service occupations,41,22,19
S01008317,8. Process plant and machine operatives,36,35,1
S01008317,9. Elementary occupations,35,16,19
S01008318,All people aged 16 to 74 in employment,486,249,237
S01008318,1. Managers directors and senior officials,52,36,16
S01008318,2. Professional occupations,109,40,69
S01008318,3. Associate professional and technical occupations,69,41,28
S01008318,4. Administrative and secretarial occupations,63,16,47
S01008318,5. Skilled trades occupations,46,39,7
S01008318,6. Caring leisure and other service occupations,36,10,26
S01008318,7. Sales and customer service occupations,47,16,31
S01008318,8. Process plant and machine operatives,38,36,2
S01008318,9. Elementary occupations,26,15,11
S01008319,All people aged 16 to 74 in employment,311,150,161
S01008319,1. Managers directors and senior officials,23,14,9
S01008319,2. Professional occupations,38,16,22
S01008319,3. Associate professional and technical occupations,29,14,15
S01008319,4. Administrative and secretarial occupations,49,8,41
S01008319,5. Skilled trades occupations,33,29,4
S01008319,6. Caring leisure and other service occupations,39,10,29
S01008319,7. Sales and customer service occupations,31,11,20
S01008319,8. Process plant and machine operatives,37,33,4
S01008319,9. Elementary occupations,32,15,17
S01008320,All people aged 16 to 74 in employment,267,141,126
S01008320,1. Managers directors and senior officials,13,12,1
S01008320,2. Professional occupations,28,12,16
S01008320,3. Associate professional and technical occupations,43,20,23
S01008320,4. Administrative and secretarial occupations,27,4,23
S01008320,5. Skilled trades occupations,30,29,1
S01008320,6. Caring leisure and other service occupations,44,16,28
S01008320,7. Sales and customer service occupations,29,10,19
S01008320,8. Process plant and machine operatives,31,26,5
S01008320,9. Elementary occupations,22,12,10
S01008321,All people aged 16 to 74 in employment,303,151,152
S01008321,1. Managers directors and senior officials,24,13,11
S01008321,2. Professional occupations,61,28,33
S01008321,3. Associate professional and technical occupations,38,22,16
S01008321,4. Administrative and secretarial occupations,45,9,36
S01008321,5. Skilled trades occupations,38,36,2
S01008321,6. Caring leisure and other service occupations,32,6,26
S01008321,7. Sales and customer service occupations,24,12,12
S01008321,8. Process plant and machine operatives,23,18,5
S01008321,9. Elementary occupations,18,7,11
S01008322,All people aged 16 to 74 in employment,473,224,249
S01008322,1. Managers directors and senior officials,29,19,10
S01008322,2. Professional occupations,74,25,49
S01008322,3. Associate professional and technical occupations,57,35,22
S01008322,4. Administrative and secretarial occupations,73,14,59
S01008322,5. Skilled trades occupations,61,57,4
S01008322,6. Caring leisure and other service occupations,59,10,49
S01008322,7. Sales and customer service occupations,45,12,33
S01008322,8. Process plant and machine operatives,28,27,1
S01008322,9. Elementary occupations,47,25,22
S01008323,All people aged 16 to 74 in employment,304,152,152
S01008323,1. Managers directors and senior officials,16,10,6
S01008323,2. Professional occupations,25,8,17
S01008323,3. Associate professional and technical occupations,24,12,12
S01008323,4. Administrative and secretarial occupations,34,9,25
S01008323,5. Skilled trades occupations,48,45,3
S01008323,6. Caring leisure and other service occupations,41,10,31
S01008323,7. Sales and customer service occupations,48,9,39
S01008323,8. Process plant and machine operatives,33,30,3
S01008323,9. Elementary occupations,35,19,16
S01008324,All people aged 16 to 74 in employment,281,145,136
S01008324,1. Managers directors and senior officials,21,14,7
S01008324,2. Professional occupations,37,14,23
S01008324,3. Associate professional and technical occupations,21,8,13
S01008324,4. Administrative and secretarial occupations,39,8,31
S01008324,5. Skilled trades occupations,35,33,2
S01008324,6. Caring leisure and other service occupations,29,7,22
S01008324,7. Sales and customer service occupations,36,16,20
S01008324,8. Process plant and machine operatives,33,31,2
S01008324,9. Elementary occupations,30,14,16
S01008325,All people aged 16 to 74 in employment,308,138,170
S01008325,1. Managers directors and senior officials,11,4,7
S01008325,2. Professional occupations,27,6,21
S01008325,3. Associate professional and technical occupations,37,21,16
S01008325,4. Administrative and secretarial occupations,44,10,34
S01008325,5. Skilled trades occupations,33,30,3
S01008325,6. Caring leisure and other service occupations,58,9,49
S01008325,7. Sales and customer service occupations,23,8,15
S01008325,8. Process plant and machine operatives,33,31,2
S01008325,9. Elementary occupations,42,19,23
S01008326,All people aged 16 to 74 in employment,395,197,198
S01008326,1. Managers directors and senior officials,26,11,15
S01008326,2. Professional occupations,28,8,20
S01008326,3. Associate professional and technical occupations,27,18,9
S01008326,4. Administrative and secretarial occupations,57,13,44
S01008326,5. Skilled trades occupations,57,51,6
S01008326,6. Caring leisure and other service occupations,47,11,36
S01008326,7. Sales and customer service occupations,50,15,35
S01008326,8. Process plant and machine operatives,43,41,2
S01008326,9. Elementary occupations,60,29,31
S01008327,All people aged 16 to 74 in employment,375,188,187
S01008327,1. Managers directors and senior officials,19,12,7
S01008327,2. Professional occupations,32,11,21
S01008327,3. Associate professional and technical occupations,30,19,11
S01008327,4. Administrative and secretarial occupations,62,16,46
S01008327,5. Skilled trades occupations,43,42,1
S01008327,6. Caring leisure and other service occupations,47,12,35
S01008327,7. Sales and customer service occupations,47,11,36
S01008327,8. Process plant and machine operatives,42,37,5
S01008327,9. Elementary occupations,53,28,25
S01008328,All people aged 16 to 74 in employment,358,179,179
S01008328,1. Managers directors and senior officials,40,32,8
S01008328,2. Professional occupations,105,56,49
S01008328,3. Associate professional and technical occupations,62,32,30
S01008328,4. Administrative and secretarial occupations,52,12,40
S01008328,5. Skilled trades occupations,17,17,0
S01008328,6. Caring leisure and other service occupations,33,4,29
S01008328,7. Sales and customer service occupations,23,8,15
S01008328,8. Process plant and machine operatives,12,9,3
S01008328,9. Elementary occupations,14,9,5
S01008329,All people aged 16 to 74 in employment,460,237,223
S01008329,1. Managers directors and senior officials,61,40,21
S01008329,2. Professional occupations,116,49,67
S01008329,3. Associate professional and technical occupations,77,50,27
S01008329,4. Administrative and secretarial occupations,66,17,49
S01008329,5. Skilled trades occupations,40,36,4
S01008329,6. Caring leisure and other service occupations,29,5,24
S01008329,7. Sales and customer service occupations,47,25,22
S01008329,8. Process plant and machine operatives,9,9,0
S01008329,9. Elementary occupations,15,6,9
S01008330,All people aged 16 to 74 in employment,457,226,231
S01008330,1. Managers directors and senior officials,52,36,16
S01008330,2. Professional occupations,95,43,52
S01008330,3. Associate professional and technical occupations,65,40,25
S01008330,4. Administrative and secretarial occupations,60,18,42
S01008330,5. Skilled trades occupations,41,37,4
S01008330,6. Caring leisure and other service occupations,42,3,39
S01008330,7. Sales and customer service occupations,55,21,34
S01008330,8. Process plant and machine operatives,17,16,1
S01008330,9. Elementary occupations,30,12,18
S01008331,All people aged 16 to 74 in employment,342,169,173
S01008331,1. Managers directors and senior officials,31,24,7
S01008331,2. Professional occupations,62,28,34
S01008331,3. Associate professional and technical occupations,62,33,29
S01008331,4. Administrative and secretarial occupations,49,6,43
S01008331,5. Skilled trades occupations,26,24,2
S01008331,6. Caring leisure and other service occupations,33,6,27
S01008331,7. Sales and customer service occupations,40,21,19
S01008331,8. Process plant and machine operatives,16,16,0
S01008331,9. Elementary occupations,23,11,12
S01008332,All people aged 16 to 74 in employment,426,216,210
S01008332,1. Managers directors and senior officials,57,42,15
S01008332,2. Professional occupations,135,62,73
S01008332,3. Associate professional and technical occupations,50,37,13
S01008332,4. Administrative and secretarial occupations,57,12,45
S01008332,5. Skilled trades occupations,17,16,1
S01008332,6. Caring leisure and other service occupations,32,8,24
S01008332,7. Sales and customer service occupations,42,16,26
S01008332,8. Process plant and machine operatives,12,11,1
S01008332,9. Elementary occupations,24,12,12
S01008333,All people aged 16 to 74 in employment,390,203,187
S01008333,1. Managers directors and senior officials,90,57,33
S01008333,2. Professional occupations,107,51,56
S01008333,3. Associate professional and technical occupations,68,35,33
S01008333,4. Administrative and secretarial occupations,31,2,29
S01008333,5. Skilled trades occupations,22,17,5
S01008333,6. Caring leisure and other service occupations,16,2,14
S01008333,7. Sales and customer service occupations,28,16,12
S01008333,8. Process plant and machine operatives,14,14,0
S01008333,9. Elementary occupations,14,9,5
S01008334,All people aged 16 to 74 in employment,324,172,152
S01008334,1. Managers directors and senior officials,38,25,13
S01008334,2. Professional occupations,92,47,45
S01008334,3. Associate professional and technical occupations,63,31,32
S01008334,4. Administrative and secretarial occupations,29,10,19
S01008334,5. Skilled trades occupations,27,26,1
S01008334,6. Caring leisure and other service occupations,21,4,17
S01008334,7. Sales and customer service occupations,33,12,21
S01008334,8. Process plant and machine operatives,6,6,0
S01008334,9. Elementary occupations,15,11,4
S01008335,All people aged 16 to 74 in employment,306,148,158
S01008335,1. Managers directors and senior officials,30,25,5
S01008335,2. Professional occupations,68,26,42
S01008335,3. Associate professional and technical occupations,47,30,17
S01008335,4. Administrative and secretarial occupations,35,9,26
S01008335,5. Skilled trades occupations,24,22,2
S01008335,6. Caring leisure and other service occupations,34,2,32
S01008335,7. Sales and customer service occupations,29,12,17
S01008335,8. Process plant and machine operatives,10,9,1
S01008335,9. Elementary occupations,29,13,16
S01008336,All people aged 16 to 74 in employment,299,150,149
S01008336,1. Managers directors and senior officials,40,28,12
S01008336,2. Professional occupations,64,27,37
S01008336,3. Associate professional and technical occupations,37,20,17
S01008336,4. Administrative and secretarial occupations,33,6,27
S01008336,5. Skilled trades occupations,25,22,3
S01008336,6. Caring leisure and other service occupations,30,4,26
S01008336,7. Sales and customer service occupations,36,20,16
S01008336,8. Process plant and machine operatives,11,11,0
S01008336,9. Elementary occupations,23,12,11
S01008337,All people aged 16 to 74 in employment,465,233,232
S01008337,1. Managers directors and senior officials,50,34,16
S01008337,2. Professional occupations,132,64,68
S01008337,3. Associate professional and technical occupations,86,46,40
S01008337,4. Administrative and secretarial occupations,52,8,44
S01008337,5. Skilled trades occupations,36,33,3
S01008337,6. Caring leisure and other service occupations,41,10,31
S01008337,7. Sales and customer service occupations,33,14,19
S01008337,8. Process plant and machine operatives,12,11,1
S01008337,9. Elementary occupations,23,13,10
S01008338,All people aged 16 to 74 in employment,449,228,221
S01008338,1. Managers directors and senior officials,64,48,16
S01008338,2. Professional occupations,147,69,78
S01008338,3. Associate professional and technical occupations,71,39,32
S01008338,4. Administrative and secretarial occupations,50,8,42
S01008338,5. Skilled trades occupations,32,31,1
S01008338,6. Caring leisure and other service occupations,21,4,17
S01008338,7. Sales and customer service occupations,38,15,23
S01008338,8. Process plant and machine operatives,6,6,0
S01008338,9. Elementary occupations,20,8,12
S01008339,All people aged 16 to 74 in employment,377,190,187
S01008339,1. Managers directors and senior officials,36,23,13
S01008339,2. Professional occupations,84,41,43
S01008339,3. Associate professional and technical occupations,71,42,29
S01008339,4. Administrative and secretarial occupations,60,14,46
S01008339,5. Skilled trades occupations,26,21,5
S01008339,6. Caring leisure and other service occupations,21,7,14
S01008339,7. Sales and customer service occupations,45,20,25
S01008339,8. Process plant and machine operatives,9,9,0
S01008339,9. Elementary occupations,25,13,12
S01008340,All people aged 16 to 74 in employment,472,228,244
S01008340,1. Managers directors and senior officials,44,26,18
S01008340,2. Professional occupations,130,62,68
S01008340,3. Associate professional and technical occupations,67,39,28
S01008340,4. Administrative and secretarial occupations,69,15,54
S01008340,5. Skilled trades occupations,36,33,3
S01008340,6. Caring leisure and other service occupations,28,2,26
S01008340,7. Sales and customer service occupations,57,22,35
S01008340,8. Process plant and machine operatives,16,16,0
S01008340,9. Elementary occupations,25,13,12
S01008341,All people aged 16 to 74 in employment,369,189,180
S01008341,1. Managers directors and senior officials,67,44,23
S01008341,2. Professional occupations,110,52,58
S01008341,3. Associate professional and technical occupations,61,42,19
S01008341,4. Administrative and secretarial occupations,34,7,27
S01008341,5. Skilled trades occupations,13,9,4
S01008341,6. Caring leisure and other service occupations,17,1,16
S01008341,7. Sales and customer service occupations,41,18,23
S01008341,8. Process plant and machine operatives,9,8,1
S01008341,9. Elementary occupations,17,8,9
S01008342,All people aged 16 to 74 in employment,409,219,190
S01008342,1. Managers directors and senior officials,39,26,13
S01008342,2. Professional occupations,123,63,60
S01008342,3. Associate professional and technical occupations,60,34,26
S01008342,4. Administrative and secretarial occupations,41,8,33
S01008342,5. Skilled trades occupations,33,31,2
S01008342,6. Caring leisure and other service occupations,22,5,17
S01008342,7. Sales and customer service occupations,47,24,23
S01008342,8. Process plant and machine operatives,10,10,0
S01008342,9. Elementary occupations,34,18,16
S01008343,All people aged 16 to 74 in employment,397,218,179
S01008343,1. Managers directors and senior officials,61,43,18
S01008343,2. Professional occupations,136,67,69
S01008343,3. Associate professional and technical occupations,67,45,22
S01008343,4. Administrative and secretarial occupations,39,10,29
S01008343,5. Skilled trades occupations,18,17,1
S01008343,6. Caring leisure and other service occupations,17,0,17
S01008343,7. Sales and customer service occupations,35,17,18
S01008343,8. Process plant and machine operatives,7,7,0
S01008343,9. Elementary occupations,17,12,5
S01008344,All people aged 16 to 74 in employment,412,231,181
S01008344,1. Managers directors and senior officials,92,75,17
S01008344,2. Professional occupations,159,81,78
S01008344,3. Associate professional and technical occupations,52,32,20
S01008344,4. Administrative and secretarial occupations,32,5,27
S01008344,5. Skilled trades occupations,13,10,3
S01008344,6. Caring leisure and other service occupations,16,5,11
S01008344,7. Sales and customer service occupations,29,14,15
S01008344,8. Process plant and machine operatives,7,6,1
S01008344,9. Elementary occupations,12,3,9
S01008345,All people aged 16 to 74 in employment,390,218,172
S01008345,1. Managers directors and senior officials,102,74,28
S01008345,2. Professional occupations,130,67,63
S01008345,3. Associate professional and technical occupations,52,28,24
S01008345,4. Administrative and secretarial occupations,38,7,31
S01008345,5. Skilled trades occupations,18,14,4
S01008345,6. Caring leisure and other service occupations,12,2,10
S01008345,7. Sales and customer service occupations,18,12,6
S01008345,8. Process plant and machine operatives,6,6,0
S01008345,9. Elementary occupations,14,8,6
S01008346,All people aged 16 to 74 in employment,447,231,216
S01008346,1. Managers directors and senior officials,107,79,28
S01008346,2. Professional occupations,146,70,76
S01008346,3. Associate professional and technical occupations,63,37,26
S01008346,4. Administrative and secretarial occupations,44,7,37
S01008346,5. Skilled trades occupations,15,13,2
S01008346,6. Caring leisure and other service occupations,13,0,13
S01008346,7. Sales and customer service occupations,24,8,16
S01008346,8. Process plant and machine operatives,13,11,2
S01008346,9. Elementary occupations,22,6,16
S01008347,All people aged 16 to 74 in employment,398,196,202
S01008347,1. Managers directors and senior officials,50,32,18
S01008347,2. Professional occupations,117,50,67
S01008347,3. Associate professional and technical occupations,60,40,20
S01008347,4. Administrative and secretarial occupations,35,9,26
S01008347,5. Skilled trades occupations,26,25,1
S01008347,6. Caring leisure and other service occupations,33,1,32
S01008347,7. Sales and customer service occupations,42,13,29
S01008347,8. Process plant and machine operatives,15,15,0
S01008347,9. Elementary occupations,20,11,9
S01008348,All people aged 16 to 74 in employment,309,161,148
S01008348,1. Managers directors and senior officials,45,30,15
S01008348,2. Professional occupations,103,56,47
S01008348,3. Associate professional and technical occupations,51,26,25
S01008348,4. Administrative and secretarial occupations,32,8,24
S01008348,5. Skilled trades occupations,18,17,1
S01008348,6. Caring leisure and other service occupations,16,0,16
S01008348,7. Sales and customer service occupations,24,7,17
S01008348,8. Process plant and machine operatives,10,9,1
S01008348,9. Elementary occupations,10,8,2
S01008349,All people aged 16 to 74 in employment,393,212,181
S01008349,1. Managers directors and senior officials,90,58,32
S01008349,2. Professional occupations,132,73,59
S01008349,3. Associate professional and technical occupations,59,40,19
S01008349,4. Administrative and secretarial occupations,39,6,33
S01008349,5. Skilled trades occupations,14,12,2
S01008349,6. Caring leisure and other service occupations,19,1,18
S01008349,7. Sales and customer service occupations,26,11,15
S01008349,8. Process plant and machine operatives,2,2,0
S01008349,9. Elementary occupations,12,9,3
S01008350,All people aged 16 to 74 in employment,242,128,114
S01008350,1. Managers directors and senior officials,54,38,16
S01008350,2. Professional occupations,71,27,44
S01008350,3. Associate professional and technical occupations,32,22,10
S01008350,4. Administrative and secretarial occupations,29,9,20
S01008350,5. Skilled trades occupations,10,10,0
S01008350,6. Caring leisure and other service occupations,12,3,9
S01008350,7. Sales and customer service occupations,17,5,12
S01008350,8. Process plant and machine operatives,8,8,0
S01008350,9. Elementary occupations,9,6,3
S01008351,All people aged 16 to 74 in employment,424,213,211
S01008351,1. Managers directors and senior officials,74,51,23
S01008351,2. Professional occupations,137,72,65
S01008351,3. Associate professional and technical occupations,62,31,31
S01008351,4. Administrative and secretarial occupations,44,14,30
S01008351,5. Skilled trades occupations,18,17,1
S01008351,6. Caring leisure and other service occupations,26,2,24
S01008351,7. Sales and customer service occupations,40,16,24
S01008351,8. Process plant and machine operatives,5,5,0
S01008351,9. Elementary occupations,18,5,13
S01008352,All people aged 16 to 74 in employment,291,168,123
S01008352,1. Managers directors and senior officials,53,42,11
S01008352,2. Professional occupations,101,55,46
S01008352,3. Associate professional and technical occupations,42,21,21
S01008352,4. Administrative and secretarial occupations,27,5,22
S01008352,5. Skilled trades occupations,12,12,0
S01008352,6. Caring leisure and other service occupations,9,1,8
S01008352,7. Sales and customer service occupations,28,15,13
S01008352,8. Process plant and machine operatives,5,5,0
S01008352,9. Elementary occupations,14,12,2
S01008353,All people aged 16 to 74 in employment,224,119,105
S01008353,1. Managers directors and senior officials,41,32,9
S01008353,2. Professional occupations,75,39,36
S01008353,3. Associate professional and technical occupations,34,18,16
S01008353,4. Administrative and secretarial occupations,20,4,16
S01008353,5. Skilled trades occupations,11,9,2
S01008353,6. Caring leisure and other service occupations,9,0,9
S01008353,7. Sales and customer service occupations,21,7,14
S01008353,8. Process plant and machine operatives,5,5,0
S01008353,9. Elementary occupations,8,5,3
S01008354,All people aged 16 to 74 in employment,337,183,154
S01008354,1. Managers directors and senior officials,67,42,25
S01008354,2. Professional occupations,85,44,41
S01008354,3. Associate professional and technical occupations,46,29,17
S01008354,4. Administrative and secretarial occupations,38,6,32
S01008354,5. Skilled trades occupations,47,42,5
S01008354,6. Caring leisure and other service occupations,13,1,12
S01008354,7. Sales and customer service occupations,16,5,11
S01008354,8. Process plant and machine operatives,7,5,2
S01008354,9. Elementary occupations,18,9,9
S01008355,All people aged 16 to 74 in employment,277,135,142
S01008355,1. Managers directors and senior officials,34,20,14
S01008355,2. Professional occupations,50,23,27
S01008355,3. Associate professional and technical occupations,44,22,22
S01008355,4. Administrative and secretarial occupations,42,8,34
S01008355,5. Skilled trades occupations,28,28,0
S01008355,6. Caring leisure and other service occupations,25,3,22
S01008355,7. Sales and customer service occupations,21,6,15
S01008355,8. Process plant and machine operatives,15,14,1
S01008355,9. Elementary occupations,18,11,7
S01008356,All people aged 16 to 74 in employment,324,158,166
S01008356,1. Managers directors and senior officials,31,20,11
S01008356,2. Professional occupations,67,31,36
S01008356,3. Associate professional and technical occupations,58,34,24
S01008356,4. Administrative and secretarial occupations,42,6,36
S01008356,5. Skilled trades occupations,29,28,1
S01008356,6. Caring leisure and other service occupations,34,5,29
S01008356,7. Sales and customer service occupations,31,12,19
S01008356,8. Process plant and machine operatives,17,15,2
S01008356,9. Elementary occupations,15,7,8
S01008357,All people aged 16 to 74 in employment,344,167,177
S01008357,1. Managers directors and senior officials,37,28,9
S01008357,2. Professional occupations,89,39,50
S01008357,3. Associate professional and technical occupations,55,35,20
S01008357,4. Administrative and secretarial occupations,43,9,34
S01008357,5. Skilled trades occupations,23,18,5
S01008357,6. Caring leisure and other service occupations,33,7,26
S01008357,7. Sales and customer service occupations,29,10,19
S01008357,8. Process plant and machine operatives,16,14,2
S01008357,9. Elementary occupations,19,7,12
S01008358,All people aged 16 to 74 in employment,302,139,163
S01008358,1. Managers directors and senior officials,29,22,7
S01008358,2. Professional occupations,71,18,53
S01008358,3. Associate professional and technical occupations,41,22,19
S01008358,4. Administrative and secretarial occupations,36,9,27
S01008358,5. Skilled trades occupations,31,27,4
S01008358,6. Caring leisure and other service occupations,30,8,22
S01008358,7. Sales and customer service occupations,24,3,21
S01008358,8. Process plant and machine operatives,26,25,1
S01008358,9. Elementary occupations,14,5,9
S01008359,All people aged 16 to 74 in employment,308,160,148
S01008359,1. Managers directors and senior officials,35,27,8
S01008359,2. Professional occupations,73,34,39
S01008359,3. Associate professional and technical occupations,52,27,25
S01008359,4. Administrative and secretarial occupations,39,4,35
S01008359,5. Skilled trades occupations,38,34,4
S01008359,6. Caring leisure and other service occupations,20,6,14
S01008359,7. Sales and customer service occupations,18,7,11
S01008359,8. Process plant and machine operatives,12,12,0
S01008359,9. Elementary occupations,21,9,12
S01008360,All people aged 16 to 74 in employment,417,205,212
S01008360,1. Managers directors and senior officials,50,34,16
S01008360,2. Professional occupations,116,52,64
S01008360,3. Associate professional and technical occupations,62,38,24
S01008360,4. Administrative and secretarial occupations,58,11,47
S01008360,5. Skilled trades occupations,34,29,5
S01008360,6. Caring leisure and other service occupations,23,2,21
S01008360,7. Sales and customer service occupations,36,15,21
S01008360,8. Process plant and machine operatives,9,8,1
S01008360,9. Elementary occupations,29,16,13
S01008361,All people aged 16 to 74 in employment,273,138,135
S01008361,1. Managers directors and senior officials,29,26,3
S01008361,2. Professional occupations,63,25,38
S01008361,3. Associate professional and technical occupations,46,24,22
S01008361,4. Administrative and secretarial occupations,32,8,24
S01008361,5. Skilled trades occupations,32,27,5
S01008361,6. Caring leisure and other service occupations,20,2,18
S01008361,7. Sales and customer service occupations,25,7,18
S01008361,8. Process plant and machine operatives,11,10,1
S01008361,9. Elementary occupations,15,9,6
S01008362,All people aged 16 to 74 in employment,497,234,263
S01008362,1. Managers directors and senior officials,49,33,16
S01008362,2. Professional occupations,136,66,70
S01008362,3. Associate professional and technical occupations,99,55,44
S01008362,4. Administrative and secretarial occupations,73,14,59
S01008362,5. Skilled trades occupations,32,28,4
S01008362,6. Caring leisure and other service occupations,28,5,23
S01008362,7. Sales and customer service occupations,55,19,36
S01008362,8. Process plant and machine operatives,7,7,0
S01008362,9. Elementary occupations,18,7,11
S01008363,All people aged 16 to 74 in employment,370,198,172
S01008363,1. Managers directors and senior officials,48,36,12
S01008363,2. Professional occupations,90,45,45
S01008363,3. Associate professional and technical occupations,59,38,21
S01008363,4. Administrative and secretarial occupations,58,15,43
S01008363,5. Skilled trades occupations,30,27,3
S01008363,6. Caring leisure and other service occupations,22,4,18
S01008363,7. Sales and customer service occupations,31,15,16
S01008363,8. Process plant and machine operatives,8,8,0
S01008363,9. Elementary occupations,24,10,14
S01008364,All people aged 16 to 74 in employment,365,179,186
S01008364,1. Managers directors and senior officials,50,38,12
S01008364,2. Professional occupations,106,43,63
S01008364,3. Associate professional and technical occupations,60,32,28
S01008364,4. Administrative and secretarial occupations,37,8,29
S01008364,5. Skilled trades occupations,20,17,3
S01008364,6. Caring leisure and other service occupations,23,7,16
S01008364,7. Sales and customer service occupations,43,19,24
S01008364,8. Process plant and machine operatives,9,7,2
S01008364,9. Elementary occupations,17,8,9
S01008365,All people aged 16 to 74 in employment,292,150,142
S01008365,1. Managers directors and senior officials,63,48,15
S01008365,2. Professional occupations,83,39,44
S01008365,3. Associate professional and technical occupations,43,27,16
S01008365,4. Administrative and secretarial occupations,39,4,35
S01008365,5. Skilled trades occupations,10,9,1
S01008365,6. Caring leisure and other service occupations,10,1,9
S01008365,7. Sales and customer service occupations,21,11,10
S01008365,8. Process plant and machine operatives,5,5,0
S01008365,9. Elementary occupations,18,6,12
S01008366,All people aged 16 to 74 in employment,365,185,180
S01008366,1. Managers directors and senior officials,29,20,9
S01008366,2. Professional occupations,70,26,44
S01008366,3. Associate professional and technical occupations,54,33,21
S01008366,4. Administrative and secretarial occupations,54,16,38
S01008366,5. Skilled trades occupations,40,37,3
S01008366,6. Caring leisure and other service occupations,40,5,35
S01008366,7. Sales and customer service occupations,37,19,18
S01008366,8. Process plant and machine operatives,11,11,0
S01008366,9. Elementary occupations,30,18,12
S01008367,All people aged 16 to 74 in employment,339,163,176
S01008367,1. Managers directors and senior officials,23,14,9
S01008367,2. Professional occupations,63,26,37
S01008367,3. Associate professional and technical occupations,48,30,18
S01008367,4. Administrative and secretarial occupations,50,11,39
S01008367,5. Skilled trades occupations,35,34,1
S01008367,6. Caring leisure and other service occupations,30,7,23
S01008367,7. Sales and customer service occupations,39,9,30
S01008367,8. Process plant and machine operatives,14,13,1
S01008367,9. Elementary occupations,37,19,18
S01008368,All people aged 16 to 74 in employment,344,169,175
S01008368,1. Managers directors and senior officials,23,14,9
S01008368,2. Professional occupations,81,40,41
S01008368,3. Associate professional and technical occupations,63,36,27
S01008368,4. Administrative and secretarial occupations,61,18,43
S01008368,5. Skilled trades occupations,19,18,1
S01008368,6. Caring leisure and other service occupations,28,4,24
S01008368,7. Sales and customer service occupations,22,9,13
S01008368,8. Process plant and machine operatives,17,15,2
S01008368,9. Elementary occupations,30,15,15
S01008369,All people aged 16 to 74 in employment,250,119,131
S01008369,1. Managers directors and senior officials,25,12,13
S01008369,2. Professional occupations,60,26,34
S01008369,3. Associate professional and technical occupations,34,18,16
S01008369,4. Administrative and secretarial occupations,29,8,21
S01008369,5. Skilled trades occupations,20,20,0
S01008369,6. Caring leisure and other service occupations,26,4,22
S01008369,7. Sales and customer service occupations,26,9,17
S01008369,8. Process plant and machine operatives,14,14,0
S01008369,9. Elementary occupations,16,8,8
S01008370,All people aged 16 to 74 in employment,348,165,183
S01008370,1. Managers directors and senior officials,51,29,22
S01008370,2. Professional occupations,78,39,39
S01008370,3. Associate professional and technical occupations,53,25,28
S01008370,4. Administrative and secretarial occupations,50,12,38
S01008370,5. Skilled trades occupations,29,26,3
S01008370,6. Caring leisure and other service occupations,23,7,16
S01008370,7. Sales and customer service occupations,39,12,27
S01008370,8. Process plant and machine operatives,4,3,1
S01008370,9. Elementary occupations,21,12,9
S01008371,All people aged 16 to 74 in employment,388,186,202
S01008371,1. Managers directors and senior officials,39,28,11
S01008371,2. Professional occupations,106,45,61
S01008371,3. Associate professional and technical occupations,58,26,32
S01008371,4. Administrative and secretarial occupations,62,14,48
S01008371,5. Skilled trades occupations,35,34,1
S01008371,6. Caring leisure and other service occupations,28,3,25
S01008371,7. Sales and customer service occupations,32,16,16
S01008371,8. Process plant and machine operatives,12,12,0
S01008371,9. Elementary occupations,16,8,8
S01008372,All people aged 16 to 74 in employment,393,206,187
S01008372,1. Managers directors and senior officials,41,32,9
S01008372,2. Professional occupations,88,41,47
S01008372,3. Associate professional and technical occupations,65,36,29
S01008372,4. Administrative and secretarial occupations,44,10,34
S01008372,5. Skilled trades occupations,32,30,2
S01008372,6. Caring leisure and other service occupations,29,4,25
S01008372,7. Sales and customer service occupations,47,23,24
S01008372,8. Process plant and machine operatives,19,18,1
S01008372,9. Elementary occupations,28,12,16
S01008373,All people aged 16 to 74 in employment,417,217,200
S01008373,1. Managers directors and senior officials,36,25,11
S01008373,2. Professional occupations,143,62,81
S01008373,3. Associate professional and technical occupations,84,51,33
S01008373,4. Administrative and secretarial occupations,48,11,37
S01008373,5. Skilled trades occupations,29,27,2
S01008373,6. Caring leisure and other service occupations,16,3,13
S01008373,7. Sales and customer service occupations,31,17,14
S01008373,8. Process plant and machine operatives,10,9,1
S01008373,9. Elementary occupations,20,12,8
S01008374,All people aged 16 to 74 in employment,361,180,181
S01008374,1. Managers directors and senior officials,30,20,10
S01008374,2. Professional occupations,84,39,45
S01008374,3. Associate professional and technical occupations,60,37,23
S01008374,4. Administrative and secretarial occupations,56,12,44
S01008374,5. Skilled trades occupations,27,26,1
S01008374,6. Caring leisure and other service occupations,23,3,20
S01008374,7. Sales and customer service occupations,40,15,25
S01008374,8. Process plant and machine operatives,18,16,2
S01008374,9. Elementary occupations,23,12,11
S01008375,All people aged 16 to 74 in employment,401,215,186
S01008375,1. Managers directors and senior officials,61,39,22
S01008375,2. Professional occupations,109,50,59
S01008375,3. Associate professional and technical occupations,53,31,22
S01008375,4. Administrative and secretarial occupations,42,10,32
S01008375,5. Skilled trades occupations,36,34,2
S01008375,6. Caring leisure and other service occupations,30,6,24
S01008375,7. Sales and customer service occupations,38,20,18
S01008375,8. Process plant and machine operatives,15,15,0
S01008375,9. Elementary occupations,17,10,7
S01008376,All people aged 16 to 74 in employment,263,142,121
S01008376,1. Managers directors and senior officials,35,25,10
S01008376,2. Professional occupations,82,38,44
S01008376,3. Associate professional and technical occupations,39,25,14
S01008376,4. Administrative and secretarial occupations,31,7,24
S01008376,5. Skilled trades occupations,21,17,4
S01008376,6. Caring leisure and other service occupations,12,3,9
S01008376,7. Sales and customer service occupations,16,7,9
S01008376,8. Process plant and machine operatives,10,10,0
S01008376,9. Elementary occupations,17,10,7
S01008377,All people aged 16 to 74 in employment,381,198,183
S01008377,1. Managers directors and senior officials,34,21,13
S01008377,2. Professional occupations,108,56,52
S01008377,3. Associate professional and technical occupations,71,41,30
S01008377,4. Administrative and secretarial occupations,47,11,36
S01008377,5. Skilled trades occupations,29,26,3
S01008377,6. Caring leisure and other service occupations,28,6,22
S01008377,7. Sales and customer service occupations,33,16,17
S01008377,8. Process plant and machine operatives,15,15,0
S01008377,9. Elementary occupations,16,6,10
S01008378,All people aged 16 to 74 in employment,477,244,233
S01008378,1. Managers directors and senior officials,60,37,23
S01008378,2. Professional occupations,142,75,67
S01008378,3. Associate professional and technical occupations,81,39,42
S01008378,4. Administrative and secretarial occupations,52,9,43
S01008378,5. Skilled trades occupations,23,22,1
S01008378,6. Caring leisure and other service occupations,36,6,30
S01008378,7. Sales and customer service occupations,40,23,17
S01008378,8. Process plant and machine operatives,13,12,1
S01008378,9. Elementary occupations,30,21,9
S01008379,All people aged 16 to 74 in employment,221,119,102
S01008379,1. Managers directors and senior officials,32,26,6
S01008379,2. Professional occupations,54,22,32
S01008379,3. Associate professional and technical occupations,37,20,17
S01008379,4. Administrative and secretarial occupations,32,8,24
S01008379,5. Skilled trades occupations,21,19,2
S01008379,6. Caring leisure and other service occupations,11,2,9
S01008379,7. Sales and customer service occupations,13,4,9
S01008379,8. Process plant and machine operatives,11,11,0
S01008379,9. Elementary occupations,10,7,3
S01008380,All people aged 16 to 74 in employment,336,176,160
S01008380,1. Managers directors and senior officials,28,20,8
S01008380,2. Professional occupations,114,54,60
S01008380,3. Associate professional and technical occupations,63,39,24
S01008380,4. Administrative and secretarial occupations,31,4,27
S01008380,5. Skilled trades occupations,18,16,2
S01008380,6. Caring leisure and other service occupations,20,3,17
S01008380,7. Sales and customer service occupations,27,11,16
S01008380,8. Process plant and machine operatives,16,14,2
S01008380,9. Elementary occupations,19,15,4
S01008381,All people aged 16 to 74 in employment,358,181,177
S01008381,1. Managers directors and senior officials,42,26,16
S01008381,2. Professional occupations,117,59,58
S01008381,3. Associate professional and technical occupations,59,33,26
S01008381,4. Administrative and secretarial occupations,41,9,32
S01008381,5. Skilled trades occupations,20,20,0
S01008381,6. Caring leisure and other service occupations,23,2,21
S01008381,7. Sales and customer service occupations,33,13,20
S01008381,8. Process plant and machine operatives,16,16,0
S01008381,9. Elementary occupations,7,3,4
S01008382,All people aged 16 to 74 in employment,296,162,134
S01008382,1. Managers directors and senior officials,33,19,14
S01008382,2. Professional occupations,99,51,48
S01008382,3. Associate professional and technical occupations,42,28,14
S01008382,4. Administrative and secretarial occupations,45,10,35
S01008382,5. Skilled trades occupations,22,21,1
S01008382,6. Caring leisure and other service occupations,13,2,11
S01008382,7. Sales and customer service occupations,22,12,10
S01008382,8. Process plant and machine operatives,9,9,0
S01008382,9. Elementary occupations,11,10,1
S01008383,All people aged 16 to 74 in employment,249,132,117
S01008383,1. Managers directors and senior officials,27,18,9
S01008383,2. Professional occupations,81,43,38
S01008383,3. Associate professional and technical occupations,38,24,14
S01008383,4. Administrative and secretarial occupations,28,6,22
S01008383,5. Skilled trades occupations,21,20,1
S01008383,6. Caring leisure and other service occupations,14,1,13
S01008383,7. Sales and customer service occupations,19,8,11
S01008383,8. Process plant and machine operatives,5,4,1
S01008383,9. Elementary occupations,16,8,8
S01008384,All people aged 16 to 74 in employment,502,253,249
S01008384,1. Managers directors and senior officials,47,29,18
S01008384,2. Professional occupations,106,50,56
S01008384,3. Associate professional and technical occupations,86,50,36
S01008384,4. Administrative and secretarial occupations,65,15,50
S01008384,5. Skilled trades occupations,34,32,2
S01008384,6. Caring leisure and other service occupations,43,8,35
S01008384,7. Sales and customer service occupations,54,20,34
S01008384,8. Process plant and machine operatives,28,28,0
S01008384,9. Elementary occupations,39,21,18
S01008385,All people aged 16 to 74 in employment,317,171,146
S01008385,1. Managers directors and senior officials,39,27,12
S01008385,2. Professional occupations,116,62,54
S01008385,3. Associate professional and technical occupations,42,22,20
S01008385,4. Administrative and secretarial occupations,33,12,21
S01008385,5. Skilled trades occupations,22,20,2
S01008385,6. Caring leisure and other service occupations,14,2,12
S01008385,7. Sales and customer service occupations,26,10,16
S01008385,8. Process plant and machine operatives,10,9,1
S01008385,9. Elementary occupations,15,7,8
S01008386,All people aged 16 to 74 in employment,422,210,212
S01008386,1. Managers directors and senior officials,31,17,14
S01008386,2. Professional occupations,84,37,47
S01008386,3. Associate professional and technical occupations,59,36,23
S01008386,4. Administrative and secretarial occupations,73,19,54
S01008386,5. Skilled trades occupations,49,44,5
S01008386,6. Caring leisure and other service occupations,31,5,26
S01008386,7. Sales and customer service occupations,41,16,25
S01008386,8. Process plant and machine operatives,18,18,0
S01008386,9. Elementary occupations,36,18,18
S01008387,All people aged 16 to 74 in employment,328,159,169
S01008387,1. Managers directors and senior officials,32,21,11
S01008387,2. Professional occupations,61,24,37
S01008387,3. Associate professional and technical occupations,60,35,25
S01008387,4. Administrative and secretarial occupations,56,13,43
S01008387,5. Skilled trades occupations,27,26,1
S01008387,6. Caring leisure and other service occupations,35,4,31
S01008387,7. Sales and customer service occupations,26,13,13
S01008387,8. Process plant and machine operatives,13,12,1
S01008387,9. Elementary occupations,18,11,7
S01008388,All people aged 16 to 74 in employment,367,183,184
S01008388,1. Managers directors and senior officials,27,14,13
S01008388,2. Professional occupations,85,37,48
S01008388,3. Associate professional and technical occupations,54,31,23
S01008388,4. Administrative and secretarial occupations,57,16,41
S01008388,5. Skilled trades occupations,34,31,3
S01008388,6. Caring leisure and other service occupations,30,7,23
S01008388,7. Sales and customer service occupations,39,14,25
S01008388,8. Process plant and machine operatives,20,20,0
S01008388,9. Elementary occupations,21,13,8
S01008389,All people aged 16 to 74 in employment,210,98,112
S01008389,1. Managers directors and senior officials,25,18,7
S01008389,2. Professional occupations,61,26,35
S01008389,3. Associate professional and technical occupations,33,15,18
S01008389,4. Administrative and secretarial occupations,25,6,19
S01008389,5. Skilled trades occupations,14,12,2
S01008389,6. Caring leisure and other service occupations,12,3,9
S01008389,7. Sales and customer service occupations,24,4,20
S01008389,8. Process plant and machine operatives,6,6,0
S01008389,9. Elementary occupations,10,8,2
S01008390,All people aged 16 to 74 in employment,314,160,154
S01008390,1. Managers directors and senior officials,37,20,17
S01008390,2. Professional occupations,115,52,63
S01008390,3. Associate professional and technical occupations,47,29,18
S01008390,4. Administrative and secretarial occupations,37,5,32
S01008390,5. Skilled trades occupations,17,17,0
S01008390,6. Caring leisure and other service occupations,16,8,8
S01008390,7. Sales and customer service occupations,24,12,12
S01008390,8. Process plant and machine operatives,13,13,0
S01008390,9. Elementary occupations,8,4,4
S01008391,All people aged 16 to 74 in employment,310,173,137
S01008391,1. Managers directors and senior officials,37,25,12
S01008391,2. Professional occupations,92,43,49
S01008391,3. Associate professional and technical occupations,59,39,20
S01008391,4. Administrative and secretarial occupations,35,11,24
S01008391,5. Skilled trades occupations,16,14,2
S01008391,6. Caring leisure and other service occupations,17,4,13
S01008391,7. Sales and customer service occupations,35,23,12
S01008391,8. Process plant and machine operatives,7,5,2
S01008391,9. Elementary occupations,12,9,3
S01008392,All people aged 16 to 74 in employment,485,240,245
S01008392,1. Managers directors and senior officials,50,31,19
S01008392,2. Professional occupations,209,103,106
S01008392,3. Associate professional and technical occupations,70,33,37
S01008392,4. Administrative and secretarial occupations,40,10,30
S01008392,5. Skilled trades occupations,24,23,1
S01008392,6. Caring leisure and other service occupations,23,4,19
S01008392,7. Sales and customer service occupations,29,9,20
S01008392,8. Process plant and machine operatives,13,12,1
S01008392,9. Elementary occupations,27,15,12
S01008393,All people aged 16 to 74 in employment,343,180,163
S01008393,1. Managers directors and senior officials,36,28,8
S01008393,2. Professional occupations,149,72,77
S01008393,3. Associate professional and technical occupations,51,26,25
S01008393,4. Administrative and secretarial occupations,33,12,21
S01008393,5. Skilled trades occupations,15,14,1
S01008393,6. Caring leisure and other service occupations,19,6,13
S01008393,7. Sales and customer service occupations,20,7,13
S01008393,8. Process plant and machine operatives,8,8,0
S01008393,9. Elementary occupations,12,7,5
S01008394,All people aged 16 to 74 in employment,405,216,189
S01008394,1. Managers directors and senior officials,60,45,15
S01008394,2. Professional occupations,174,77,97
S01008394,3. Associate professional and technical occupations,59,38,21
S01008394,4. Administrative and secretarial occupations,35,11,24
S01008394,5. Skilled trades occupations,15,14,1
S01008394,6. Caring leisure and other service occupations,14,0,14
S01008394,7. Sales and customer service occupations,24,17,7
S01008394,8. Process plant and machine operatives,6,5,1
S01008394,9. Elementary occupations,18,9,9
S01008395,All people aged 16 to 74 in employment,295,152,143
S01008395,1. Managers directors and senior officials,34,25,9
S01008395,2. Professional occupations,76,34,42
S01008395,3. Associate professional and technical occupations,40,25,15
S01008395,4. Administrative and secretarial occupations,49,11,38
S01008395,5. Skilled trades occupations,22,21,1
S01008395,6. Caring leisure and other service occupations,24,3,21
S01008395,7. Sales and customer service occupations,31,15,16
S01008395,8. Process plant and machine operatives,11,11,0
S01008395,9. Elementary occupations,8,7,1
S01008396,All people aged 16 to 74 in employment,250,127,123
S01008396,1. Managers directors and senior officials,24,18,6
S01008396,2. Professional occupations,67,25,42
S01008396,3. Associate professional and technical occupations,45,26,19
S01008396,4. Administrative and secretarial occupations,34,7,27
S01008396,5. Skilled trades occupations,23,23,0
S01008396,6. Caring leisure and other service occupations,11,3,8
S01008396,7. Sales and customer service occupations,20,3,17
S01008396,8. Process plant and machine operatives,16,16,0
S01008396,9. Elementary occupations,10,6,4
S01008397,All people aged 16 to 74 in employment,469,235,234
S01008397,1. Managers directors and senior officials,62,38,24
S01008397,2. Professional occupations,165,72,93
S01008397,3. Associate professional and technical occupations,62,33,29
S01008397,4. Administrative and secretarial occupations,54,14,40
S01008397,5. Skilled trades occupations,29,24,5
S01008397,6. Caring leisure and other service occupations,25,4,21
S01008397,7. Sales and customer service occupations,33,18,15
S01008397,8. Process plant and machine operatives,20,18,2
S01008397,9. Elementary occupations,19,14,5
S01008398,All people aged 16 to 74 in employment,263,141,122
S01008398,1. Managers directors and senior officials,26,17,9
S01008398,2. Professional occupations,100,53,47
S01008398,3. Associate professional and technical occupations,36,20,16
S01008398,4. Administrative and secretarial occupations,30,10,20
S01008398,5. Skilled trades occupations,15,13,2
S01008398,6. Caring leisure and other service occupations,17,5,12
S01008398,7. Sales and customer service occupations,23,10,13
S01008398,8. Process plant and machine operatives,6,5,1
S01008398,9. Elementary occupations,10,8,2
S01008399,All people aged 16 to 74 in employment,221,118,103
S01008399,1. Managers directors and senior officials,35,23,12
S01008399,2. Professional occupations,62,23,39
S01008399,3. Associate professional and technical occupations,31,18,13
S01008399,4. Administrative and secretarial occupations,30,10,20
S01008399,5. Skilled trades occupations,18,17,1
S01008399,6. Caring leisure and other service occupations,8,1,7
S01008399,7. Sales and customer service occupations,17,13,4
S01008399,8. Process plant and machine operatives,6,5,1
S01008399,9. Elementary occupations,14,8,6
S01008400,All people aged 16 to 74 in employment,314,161,153
S01008400,1. Managers directors and senior officials,40,31,9
S01008400,2. Professional occupations,107,54,53
S01008400,3. Associate professional and technical occupations,40,20,20
S01008400,4. Administrative and secretarial occupations,41,11,30
S01008400,5. Skilled trades occupations,17,17,0
S01008400,6. Caring leisure and other service occupations,21,3,18
S01008400,7. Sales and customer service occupations,29,12,17
S01008400,8. Process plant and machine operatives,5,5,0
S01008400,9. Elementary occupations,14,8,6
S01008401,All people aged 16 to 74 in employment,445,218,227
S01008401,1. Managers directors and senior officials,38,26,12
S01008401,2. Professional occupations,125,57,68
S01008401,3. Associate professional and technical occupations,78,39,39
S01008401,4. Administrative and secretarial occupations,65,14,51
S01008401,5. Skilled trades occupations,30,28,2
S01008401,6. Caring leisure and other service occupations,27,7,20
S01008401,7. Sales and customer service occupations,44,21,23
S01008401,8. Process plant and machine operatives,13,12,1
S01008401,9. Elementary occupations,25,14,11
S01008402,All people aged 16 to 74 in employment,490,270,220
S01008402,1. Managers directors and senior officials,105,76,29
S01008402,2. Professional occupations,188,96,92
S01008402,3. Associate professional and technical occupations,55,31,24
S01008402,4. Administrative and secretarial occupations,46,16,30
S01008402,5. Skilled trades occupations,20,18,2
S01008402,6. Caring leisure and other service occupations,20,3,17
S01008402,7. Sales and customer service occupations,30,15,15
S01008402,8. Process plant and machine operatives,6,5,1
S01008402,9. Elementary occupations,20,10,10
S01008403,All people aged 16 to 74 in employment,279,140,139
S01008403,1. Managers directors and senior officials,41,32,9
S01008403,2. Professional occupations,106,49,57
S01008403,3. Associate professional and technical occupations,41,19,22
S01008403,4. Administrative and secretarial occupations,26,7,19
S01008403,5. Skilled trades occupations,14,14,0
S01008403,6. Caring leisure and other service occupations,14,2,12
S01008403,7. Sales and customer service occupations,20,7,13
S01008403,8. Process plant and machine operatives,5,5,0
S01008403,9. Elementary occupations,12,5,7
S01008404,All people aged 16 to 74 in employment,404,219,185
S01008404,1. Managers directors and senior officials,59,37,22
S01008404,2. Professional occupations,143,78,65
S01008404,3. Associate professional and technical occupations,58,35,23
S01008404,4. Administrative and secretarial occupations,38,7,31
S01008404,5. Skilled trades occupations,22,22,0
S01008404,6. Caring leisure and other service occupations,28,4,24
S01008404,7. Sales and customer service occupations,26,15,11
S01008404,8. Process plant and machine operatives,13,13,0
S01008404,9. Elementary occupations,17,8,9
S01008405,All people aged 16 to 74 in employment,385,206,179
S01008405,1. Managers directors and senior officials,62,48,14
S01008405,2. Professional occupations,171,80,91
S01008405,3. Associate professional and technical occupations,39,21,18
S01008405,4. Administrative and secretarial occupations,36,9,27
S01008405,5. Skilled trades occupations,15,13,2
S01008405,6. Caring leisure and other service occupations,18,6,12
S01008405,7. Sales and customer service occupations,22,13,9
S01008405,8. Process plant and machine operatives,7,7,0
S01008405,9. Elementary occupations,15,9,6
S01008406,All people aged 16 to 74 in employment,367,190,177
S01008406,1. Managers directors and senior officials,53,39,14
S01008406,2. Professional occupations,146,70,76
S01008406,3. Associate professional and technical occupations,55,33,22
S01008406,4. Administrative and secretarial occupations,24,7,17
S01008406,5. Skilled trades occupations,15,10,5
S01008406,6. Caring leisure and other service occupations,20,4,16
S01008406,7. Sales and customer service occupations,31,10,21
S01008406,8. Process plant and machine operatives,7,7,0
S01008406,9. Elementary occupations,16,10,6
S01008407,All people aged 16 to 74 in employment,214,102,112
S01008407,1. Managers directors and senior officials,30,21,9
S01008407,2. Professional occupations,44,18,26
S01008407,3. Associate professional and technical occupations,46,25,21
S01008407,4. Administrative and secretarial occupations,31,6,25
S01008407,5. Skilled trades occupations,13,12,1
S01008407,6. Caring leisure and other service occupations,18,5,13
S01008407,7. Sales and customer service occupations,17,6,11
S01008407,8. Process plant and machine operatives,7,4,3
S01008407,9. Elementary occupations,8,5,3
S01008408,All people aged 16 to 74 in employment,339,168,171
S01008408,1. Managers directors and senior officials,24,19,5
S01008408,2. Professional occupations,91,38,53
S01008408,3. Associate professional and technical occupations,59,39,20
S01008408,4. Administrative and secretarial occupations,47,3,44
S01008408,5. Skilled trades occupations,33,30,3
S01008408,6. Caring leisure and other service occupations,25,4,21
S01008408,7. Sales and customer service occupations,22,8,14
S01008408,8. Process plant and machine operatives,21,19,2
S01008408,9. Elementary occupations,17,8,9
S01008409,All people aged 16 to 74 in employment,376,185,191
S01008409,1. Managers directors and senior officials,23,18,5
S01008409,2. Professional occupations,80,32,48
S01008409,3. Associate professional and technical occupations,47,24,23
S01008409,4. Administrative and secretarial occupations,48,9,39
S01008409,5. Skilled trades occupations,54,49,5
S01008409,6. Caring leisure and other service occupations,33,11,22
S01008409,7. Sales and customer service occupations,40,13,27
S01008409,8. Process plant and machine operatives,16,16,0
S01008409,9. Elementary occupations,35,13,22
S01008410,All people aged 16 to 74 in employment,238,120,118
S01008410,1. Managers directors and senior officials,38,27,11
S01008410,2. Professional occupations,63,26,37
S01008410,3. Associate professional and technical occupations,29,16,13
S01008410,4. Administrative and secretarial occupations,32,9,23
S01008410,5. Skilled trades occupations,14,13,1
S01008410,6. Caring leisure and other service occupations,14,0,14
S01008410,7. Sales and customer service occupations,25,12,13
S01008410,8. Process plant and machine operatives,11,10,1
S01008410,9. Elementary occupations,12,7,5
S01008411,All people aged 16 to 74 in employment,315,141,174
S01008411,1. Managers directors and senior officials,23,17,6
S01008411,2. Professional occupations,64,22,42
S01008411,3. Associate professional and technical occupations,44,22,22
S01008411,4. Administrative and secretarial occupations,47,14,33
S01008411,5. Skilled trades occupations,26,22,4
S01008411,6. Caring leisure and other service occupations,29,1,28
S01008411,7. Sales and customer service occupations,40,14,26
S01008411,8. Process plant and machine operatives,17,17,0
S01008411,9. Elementary occupations,25,12,13
S01008412,All people aged 16 to 74 in employment,325,166,159
S01008412,1. Managers directors and senior officials,39,30,9
S01008412,2. Professional occupations,69,34,35
S01008412,3. Associate professional and technical occupations,43,21,22
S01008412,4. Administrative and secretarial occupations,48,7,41
S01008412,5. Skilled trades occupations,29,24,5
S01008412,6. Caring leisure and other service occupations,20,2,18
S01008412,7. Sales and customer service occupations,45,24,21
S01008412,8. Process plant and machine operatives,12,10,2
S01008412,9. Elementary occupations,20,14,6
S01008413,All people aged 16 to 74 in employment,265,142,123
S01008413,1. Managers directors and senior officials,24,14,10
S01008413,2. Professional occupations,56,32,24
S01008413,3. Associate professional and technical occupations,36,20,16
S01008413,4. Administrative and secretarial occupations,40,10,30
S01008413,5. Skilled trades occupations,25,24,1
S01008413,6. Caring leisure and other service occupations,24,4,20
S01008413,7. Sales and customer service occupations,32,16,16
S01008413,8. Process plant and machine operatives,8,8,0
S01008413,9. Elementary occupations,20,14,6
S01008414,All people aged 16 to 74 in employment,219,115,104
S01008414,1. Managers directors and senior officials,30,24,6
S01008414,2. Professional occupations,63,30,33
S01008414,3. Associate professional and technical occupations,33,21,12
S01008414,4. Administrative and secretarial occupations,30,9,21
S01008414,5. Skilled trades occupations,9,8,1
S01008414,6. Caring leisure and other service occupations,11,2,9
S01008414,7. Sales and customer service occupations,19,4,15
S01008414,8. Process plant and machine operatives,10,10,0
S01008414,9. Elementary occupations,14,7,7
S01008415,All people aged 16 to 74 in employment,434,219,215
S01008415,1. Managers directors and senior officials,32,21,11
S01008415,2. Professional occupations,90,34,56
S01008415,3. Associate professional and technical occupations,55,26,29
S01008415,4. Administrative and secretarial occupations,40,10,30
S01008415,5. Skilled trades occupations,47,43,4
S01008415,6. Caring leisure and other service occupations,46,12,34
S01008415,7. Sales and customer service occupations,50,20,30
S01008415,8. Process plant and machine operatives,24,23,1
S01008415,9. Elementary occupations,50,30,20
S01008416,All people aged 16 to 74 in employment,430,215,215
S01008416,1. Managers directors and senior officials,31,22,9
S01008416,2. Professional occupations,55,21,34
S01008416,3. Associate professional and technical occupations,50,27,23
S01008416,4. Administrative and secretarial occupations,68,14,54
S01008416,5. Skilled trades occupations,49,46,3
S01008416,6. Caring leisure and other service occupations,50,8,42
S01008416,7. Sales and customer service occupations,50,18,32
S01008416,8. Process plant and machine operatives,35,34,1
S01008416,9. Elementary occupations,42,25,17
S01008417,All people aged 16 to 74 in employment,353,174,179
S01008417,1. Managers directors and senior officials,43,29,14
S01008417,2. Professional occupations,95,50,45
S01008417,3. Associate professional and technical occupations,50,29,21
S01008417,4. Administrative and secretarial occupations,47,8,39
S01008417,5. Skilled trades occupations,25,22,3
S01008417,6. Caring leisure and other service occupations,30,4,26
S01008417,7. Sales and customer service occupations,29,9,20
S01008417,8. Process plant and machine operatives,13,13,0
S01008417,9. Elementary occupations,21,10,11
S01008418,All people aged 16 to 74 in employment,375,185,190
S01008418,1. Managers directors and senior officials,28,22,6
S01008418,2. Professional occupations,112,59,53
S01008418,3. Associate professional and technical occupations,53,27,26
S01008418,4. Administrative and secretarial occupations,52,10,42
S01008418,5. Skilled trades occupations,28,25,3
S01008418,6. Caring leisure and other service occupations,34,8,26
S01008418,7. Sales and customer service occupations,29,8,21
S01008418,8. Process plant and machine operatives,18,17,1
S01008418,9. Elementary occupations,21,9,12
S01008419,All people aged 16 to 74 in employment,242,125,117
S01008419,1. Managers directors and senior officials,53,34,19
S01008419,2. Professional occupations,79,42,37
S01008419,3. Associate professional and technical occupations,37,18,19
S01008419,4. Administrative and secretarial occupations,25,4,21
S01008419,5. Skilled trades occupations,7,6,1
S01008419,6. Caring leisure and other service occupations,12,1,11
S01008419,7. Sales and customer service occupations,12,7,5
S01008419,8. Process plant and machine operatives,6,6,0
S01008419,9. Elementary occupations,11,7,4
S01008420,All people aged 16 to 74 in employment,240,116,124
S01008420,1. Managers directors and senior officials,17,8,9
S01008420,2. Professional occupations,76,43,33
S01008420,3. Associate professional and technical occupations,33,15,18
S01008420,4. Administrative and secretarial occupations,41,10,31
S01008420,5. Skilled trades occupations,14,13,1
S01008420,6. Caring leisure and other service occupations,18,4,14
S01008420,7. Sales and customer service occupations,22,7,15
S01008420,8. Process plant and machine operatives,10,10,0
S01008420,9. Elementary occupations,9,6,3
S01008421,All people aged 16 to 74 in employment,431,210,221
S01008421,1. Managers directors and senior officials,40,34,6
S01008421,2. Professional occupations,85,41,44
S01008421,3. Associate professional and technical occupations,65,33,32
S01008421,4. Administrative and secretarial occupations,55,14,41
S01008421,5. Skilled trades occupations,45,40,5
S01008421,6. Caring leisure and other service occupations,45,5,40
S01008421,7. Sales and customer service occupations,48,11,37
S01008421,8. Process plant and machine operatives,21,19,2
S01008421,9. Elementary occupations,27,13,14
S01008422,All people aged 16 to 74 in employment,269,144,125
S01008422,1. Managers directors and senior officials,40,29,11
S01008422,2. Professional occupations,88,48,40
S01008422,3. Associate professional and technical occupations,55,34,21
S01008422,4. Administrative and secretarial occupations,27,4,23
S01008422,5. Skilled trades occupations,10,10,0
S01008422,6. Caring leisure and other service occupations,18,2,16
S01008422,7. Sales and customer service occupations,16,9,7
S01008422,8. Process plant and machine operatives,6,6,0
S01008422,9. Elementary occupations,9,2,7
S01008423,All people aged 16 to 74 in employment,482,253,229
S01008423,1. Managers directors and senior officials,102,75,27
S01008423,2. Professional occupations,164,83,81
S01008423,3. Associate professional and technical occupations,65,25,40
S01008423,4. Administrative and secretarial occupations,49,12,37
S01008423,5. Skilled trades occupations,23,21,2
S01008423,6. Caring leisure and other service occupations,22,3,19
S01008423,7. Sales and customer service occupations,26,14,12
S01008423,8. Process plant and machine operatives,9,9,0
S01008423,9. Elementary occupations,22,11,11
S01008424,All people aged 16 to 74 in employment,332,177,155
S01008424,1. Managers directors and senior officials,56,35,21
S01008424,2. Professional occupations,119,66,53
S01008424,3. Associate professional and technical occupations,43,31,12
S01008424,4. Administrative and secretarial occupations,43,8,35
S01008424,5. Skilled trades occupations,18,16,2
S01008424,6. Caring leisure and other service occupations,21,4,17
S01008424,7. Sales and customer service occupations,15,7,8
S01008424,8. Process plant and machine operatives,6,6,0
S01008424,9. Elementary occupations,11,4,7
S01008425,All people aged 16 to 74 in employment,677,364,313
S01008425,1. Managers directors and senior officials,48,33,15
S01008425,2. Professional occupations,142,73,69
S01008425,3. Associate professional and technical occupations,87,54,33
S01008425,4. Administrative and secretarial occupations,79,24,55
S01008425,5. Skilled trades occupations,45,42,3
S01008425,6. Caring leisure and other service occupations,57,16,41
S01008425,7. Sales and customer service occupations,109,43,66
S01008425,8. Process plant and machine operatives,28,26,2
S01008425,9. Elementary occupations,82,53,29
S01008426,All people aged 16 to 74 in employment,253,130,123
S01008426,1. Managers directors and senior officials,16,9,7
S01008426,2. Professional occupations,32,13,19
S01008426,3. Associate professional and technical occupations,29,17,12
S01008426,4. Administrative and secretarial occupations,30,2,28
S01008426,5. Skilled trades occupations,33,31,2
S01008426,6. Caring leisure and other service occupations,30,5,25
S01008426,7. Sales and customer service occupations,28,8,20
S01008426,8. Process plant and machine operatives,21,20,1
S01008426,9. Elementary occupations,34,25,9
S01008427,All people aged 16 to 74 in employment,647,330,317
S01008427,1. Managers directors and senior officials,58,40,18
S01008427,2. Professional occupations,139,71,68
S01008427,3. Associate professional and technical occupations,96,46,50
S01008427,4. Administrative and secretarial occupations,100,26,74
S01008427,5. Skilled trades occupations,51,47,4
S01008427,6. Caring leisure and other service occupations,63,12,51
S01008427,7. Sales and customer service occupations,65,28,37
S01008427,8. Process plant and machine operatives,37,36,1
S01008427,9. Elementary occupations,38,24,14
S01008428,All people aged 16 to 74 in employment,298,149,149
S01008428,1. Managers directors and senior officials,16,11,5
S01008428,2. Professional occupations,44,20,24
S01008428,3. Associate professional and technical occupations,38,19,19
S01008428,4. Administrative and secretarial occupations,42,6,36
S01008428,5. Skilled trades occupations,39,35,4
S01008428,6. Caring leisure and other service occupations,39,7,32
S01008428,7. Sales and customer service occupations,29,9,20
S01008428,8. Process plant and machine operatives,23,23,0
S01008428,9. Elementary occupations,28,19,9
S01008429,All people aged 16 to 74 in employment,390,205,185
S01008429,1. Managers directors and senior officials,36,25,11
S01008429,2. Professional occupations,98,48,50
S01008429,3. Associate professional and technical occupations,63,38,25
S01008429,4. Administrative and secretarial occupations,57,11,46
S01008429,5. Skilled trades occupations,33,33,0
S01008429,6. Caring leisure and other service occupations,26,7,19
S01008429,7. Sales and customer service occupations,28,8,20
S01008429,8. Process plant and machine operatives,19,16,3
S01008429,9. Elementary occupations,30,19,11
S01008430,All people aged 16 to 74 in employment,302,147,155
S01008430,1. Managers directors and senior officials,30,20,10
S01008430,2. Professional occupations,80,37,43
S01008430,3. Associate professional and technical occupations,40,22,18
S01008430,4. Administrative and secretarial occupations,41,9,32
S01008430,5. Skilled trades occupations,24,19,5
S01008430,6. Caring leisure and other service occupations,27,5,22
S01008430,7. Sales and customer service occupations,27,12,15
S01008430,8. Process plant and machine operatives,11,10,1
S01008430,9. Elementary occupations,22,13,9
S01008431,All people aged 16 to 74 in employment,387,190,197
S01008431,1. Managers directors and senior officials,29,17,12
S01008431,2. Professional occupations,87,40,47
S01008431,3. Associate professional and technical occupations,72,46,26
S01008431,4. Administrative and secretarial occupations,65,13,52
S01008431,5. Skilled trades occupations,23,22,1
S01008431,6. Caring leisure and other service occupations,27,3,24
S01008431,7. Sales and customer service occupations,43,18,25
S01008431,8. Process plant and machine operatives,18,18,0
S01008431,9. Elementary occupations,23,13,10
S01008432,All people aged 16 to 74 in employment,300,162,138
S01008432,1. Managers directors and senior officials,18,11,7
S01008432,2. Professional occupations,73,33,40
S01008432,3. Associate professional and technical occupations,51,38,13
S01008432,4. Administrative and secretarial occupations,46,12,34
S01008432,5. Skilled trades occupations,24,24,0
S01008432,6. Caring leisure and other service occupations,28,3,25
S01008432,7. Sales and customer service occupations,26,14,12
S01008432,8. Process plant and machine operatives,16,14,2
S01008432,9. Elementary occupations,18,13,5
S01008433,All people aged 16 to 74 in employment,450,236,214
S01008433,1. Managers directors and senior officials,41,26,15
S01008433,2. Professional occupations,78,36,42
S01008433,3. Associate professional and technical occupations,55,32,23
S01008433,4. Administrative and secretarial occupations,80,22,58
S01008433,5. Skilled trades occupations,47,41,6
S01008433,6. Caring leisure and other service occupations,37,7,30
S01008433,7. Sales and customer service occupations,41,14,27
S01008433,8. Process plant and machine operatives,42,40,2
S01008433,9. Elementary occupations,29,18,11
S01008434,All people aged 16 to 74 in employment,415,215,200
S01008434,1. Managers directors and senior officials,28,21,7
S01008434,2. Professional occupations,81,34,47
S01008434,3. Associate professional and technical occupations,76,45,31
S01008434,4. Administrative and secretarial occupations,76,11,65
S01008434,5. Skilled trades occupations,47,46,1
S01008434,6. Caring leisure and other service occupations,30,3,27
S01008434,7. Sales and customer service occupations,32,17,15
S01008434,8. Process plant and machine operatives,28,26,2
S01008434,9. Elementary occupations,17,12,5
S01008435,All people aged 16 to 74 in employment,368,194,174
S01008435,1. Managers directors and senior officials,30,19,11
S01008435,2. Professional occupations,69,39,30
S01008435,3. Associate professional and technical occupations,59,35,24
S01008435,4. Administrative and secretarial occupations,65,18,47
S01008435,5. Skilled trades occupations,43,40,3
S01008435,6. Caring leisure and other service occupations,35,6,29
S01008435,7. Sales and customer service occupations,31,11,20
S01008435,8. Process plant and machine operatives,19,15,4
S01008435,9. Elementary occupations,17,11,6
S01008436,All people aged 16 to 74 in employment,412,205,207
S01008436,1. Managers directors and senior officials,56,31,25
S01008436,2. Professional occupations,114,55,59
S01008436,3. Associate professional and technical occupations,60,36,24
S01008436,4. Administrative and secretarial occupations,50,13,37
S01008436,5. Skilled trades occupations,29,23,6
S01008436,6. Caring leisure and other service occupations,29,2,27
S01008436,7. Sales and customer service occupations,36,16,20
S01008436,8. Process plant and machine operatives,20,19,1
S01008436,9. Elementary occupations,18,10,8
S01008437,All people aged 16 to 74 in employment,349,177,172
S01008437,1. Managers directors and senior officials,40,27,13
S01008437,2. Professional occupations,113,51,62
S01008437,3. Associate professional and technical occupations,46,27,19
S01008437,4. Administrative and secretarial occupations,38,9,29
S01008437,5. Skilled trades occupations,25,21,4
S01008437,6. Caring leisure and other service occupations,23,2,21
S01008437,7. Sales and customer service occupations,20,9,11
S01008437,8. Process plant and machine operatives,15,13,2
S01008437,9. Elementary occupations,29,18,11
S01008438,All people aged 16 to 74 in employment,245,127,118
S01008438,1. Managers directors and senior officials,32,23,9
S01008438,2. Professional occupations,78,37,41
S01008438,3. Associate professional and technical occupations,52,34,18
S01008438,4. Administrative and secretarial occupations,32,5,27
S01008438,5. Skilled trades occupations,10,7,3
S01008438,6. Caring leisure and other service occupations,13,3,10
S01008438,7. Sales and customer service occupations,10,5,5
S01008438,8. Process plant and machine operatives,10,10,0
S01008438,9. Elementary occupations,8,3,5
S01008439,All people aged 16 to 74 in employment,528,279,249
S01008439,1. Managers directors and senior officials,101,71,30
S01008439,2. Professional occupations,211,101,110
S01008439,3. Associate professional and technical occupations,79,49,30
S01008439,4. Administrative and secretarial occupations,54,13,41
S01008439,5. Skilled trades occupations,22,21,1
S01008439,6. Caring leisure and other service occupations,30,5,25
S01008439,7. Sales and customer service occupations,18,8,10
S01008439,8. Process plant and machine operatives,10,9,1
S01008439,9. Elementary occupations,3,2,1
S01008440,All people aged 16 to 74 in employment,440,231,209
S01008440,1. Managers directors and senior officials,66,42,24
S01008440,2. Professional occupations,189,96,93
S01008440,3. Associate professional and technical occupations,64,38,26
S01008440,4. Administrative and secretarial occupations,48,12,36
S01008440,5. Skilled trades occupations,17,15,2
S01008440,6. Caring leisure and other service occupations,25,6,19
S01008440,7. Sales and customer service occupations,16,8,8
S01008440,8. Process plant and machine operatives,7,7,0
S01008440,9. Elementary occupations,8,7,1
S01008441,All people aged 16 to 74 in employment,224,119,105
S01008441,1. Managers directors and senior officials,35,26,9
S01008441,2. Professional occupations,73,38,35
S01008441,3. Associate professional and technical occupations,39,18,21
S01008441,4. Administrative and secretarial occupations,29,10,19
S01008441,5. Skilled trades occupations,10,9,1
S01008441,6. Caring leisure and other service occupations,11,2,9
S01008441,7. Sales and customer service occupations,17,9,8
S01008441,8. Process plant and machine operatives,5,5,0
S01008441,9. Elementary occupations,5,2,3
S01008442,All people aged 16 to 74 in employment,385,192,193
S01008442,1. Managers directors and senior officials,70,43,27
S01008442,2. Professional occupations,146,72,74
S01008442,3. Associate professional and technical occupations,66,31,35
S01008442,4. Administrative and secretarial occupations,42,10,32
S01008442,5. Skilled trades occupations,17,16,1
S01008442,6. Caring leisure and other service occupations,17,6,11
S01008442,7. Sales and customer service occupations,15,5,10
S01008442,8. Process plant and machine operatives,5,5,0
S01008442,9. Elementary occupations,7,4,3
S01008443,All people aged 16 to 74 in employment,253,139,114
S01008443,1. Managers directors and senior officials,44,31,13
S01008443,2. Professional occupations,86,44,42
S01008443,3. Associate professional and technical occupations,42,25,17
S01008443,4. Administrative and secretarial occupations,24,4,20
S01008443,5. Skilled trades occupations,22,19,3
S01008443,6. Caring leisure and other service occupations,14,2,12
S01008443,7. Sales and customer service occupations,8,3,5
S01008443,8. Process plant and machine operatives,5,5,0
S01008443,9. Elementary occupations,8,6,2
S01008444,All people aged 16 to 74 in employment,337,194,143
S01008444,1. Managers directors and senior officials,64,51,13
S01008444,2. Professional occupations,77,38,39
S01008444,3. Associate professional and technical occupations,59,40,19
S01008444,4. Administrative and secretarial occupations,32,5,27
S01008444,5. Skilled trades occupations,16,15,1
S01008444,6. Caring leisure and other service occupations,27,5,22
S01008444,7. Sales and customer service occupations,26,14,12
S01008444,8. Process plant and machine operatives,12,11,1
S01008444,9. Elementary occupations,24,15,9
S01008445,All people aged 16 to 74 in employment,310,180,130
S01008445,1. Managers directors and senior officials,34,19,15
S01008445,2. Professional occupations,69,30,39
S01008445,3. Associate professional and technical occupations,115,104,11
S01008445,4. Administrative and secretarial occupations,25,6,19
S01008445,5. Skilled trades occupations,7,6,1
S01008445,6. Caring leisure and other service occupations,18,1,17
S01008445,7. Sales and customer service occupations,23,5,18
S01008445,8. Process plant and machine operatives,7,6,1
S01008445,9. Elementary occupations,12,3,9
S01008446,All people aged 16 to 74 in employment,400,209,191
S01008446,1. Managers directors and senior officials,57,31,26
S01008446,2. Professional occupations,170,88,82
S01008446,3. Associate professional and technical occupations,71,43,28
S01008446,4. Administrative and secretarial occupations,29,5,24
S01008446,5. Skilled trades occupations,14,14,0
S01008446,6. Caring leisure and other service occupations,18,6,12
S01008446,7. Sales and customer service occupations,21,5,16
S01008446,8. Process plant and machine operatives,8,8,0
S01008446,9. Elementary occupations,12,9,3
S01008447,All people aged 16 to 74 in employment,341,171,170
S01008447,1. Managers directors and senior officials,54,33,21
S01008447,2. Professional occupations,121,58,63
S01008447,3. Associate professional and technical occupations,49,30,19
S01008447,4. Administrative and secretarial occupations,37,6,31
S01008447,5. Skilled trades occupations,23,22,1
S01008447,6. Caring leisure and other service occupations,15,1,14
S01008447,7. Sales and customer service occupations,21,8,13
S01008447,8. Process plant and machine operatives,8,7,1
S01008447,9. Elementary occupations,13,6,7
S01008448,All people aged 16 to 74 in employment,365,198,167
S01008448,1. Managers directors and senior officials,34,18,16
S01008448,2. Professional occupations,85,40,45
S01008448,3. Associate professional and technical occupations,59,33,26
S01008448,4. Administrative and secretarial occupations,50,12,38
S01008448,5. Skilled trades occupations,45,42,3
S01008448,6. Caring leisure and other service occupations,22,5,17
S01008448,7. Sales and customer service occupations,25,10,15
S01008448,8. Process plant and machine operatives,26,25,1
S01008448,9. Elementary occupations,19,13,6
S01008449,All people aged 16 to 74 in employment,310,149,161
S01008449,1. Managers directors and senior officials,17,10,7
S01008449,2. Professional occupations,29,15,14
S01008449,3. Associate professional and technical occupations,31,10,21
S01008449,4. Administrative and secretarial occupations,24,4,20
S01008449,5. Skilled trades occupations,33,27,6
S01008449,6. Caring leisure and other service occupations,36,12,24
S01008449,7. Sales and customer service occupations,46,15,31
S01008449,8. Process plant and machine operatives,17,16,1
S01008449,9. Elementary occupations,77,40,37
S01008450,All people aged 16 to 74 in employment,224,93,131
S01008450,1. Managers directors and senior officials,17,11,6
S01008450,2. Professional occupations,10,2,8
S01008450,3. Associate professional and technical occupations,11,5,6
S01008450,4. Administrative and secretarial occupations,25,3,22
S01008450,5. Skilled trades occupations,22,18,4
S01008450,6. Caring leisure and other service occupations,44,5,39
S01008450,7. Sales and customer service occupations,24,9,15
S01008450,8. Process plant and machine operatives,20,20,0
S01008450,9. Elementary occupations,51,20,31
S01008451,All people aged 16 to 74 in employment,232,115,117
S01008451,1. Managers directors and senior officials,6,2,4
S01008451,2. Professional occupations,12,9,3
S01008451,3. Associate professional and technical occupations,15,8,7
S01008451,4. Administrative and secretarial occupations,22,6,16
S01008451,5. Skilled trades occupations,18,17,1
S01008451,6. Caring leisure and other service occupations,35,10,25
S01008451,7. Sales and customer service occupations,37,12,25
S01008451,8. Process plant and machine operatives,21,19,2
S01008451,9. Elementary occupations,66,32,34
S01008452,All people aged 16 to 74 in employment,233,108,125
S01008452,1. Managers directors and senior officials,9,3,6
S01008452,2. Professional occupations,15,8,7
S01008452,3. Associate professional and technical occupations,13,3,10
S01008452,4. Administrative and secretarial occupations,24,10,14
S01008452,5. Skilled trades occupations,22,19,3
S01008452,6. Caring leisure and other service occupations,43,14,29
S01008452,7. Sales and customer service occupations,29,11,18
S01008452,8. Process plant and machine operatives,21,17,4
S01008452,9. Elementary occupations,57,23,34
S01008453,All people aged 16 to 74 in employment,271,136,135
S01008453,1. Managers directors and senior officials,13,5,8
S01008453,2. Professional occupations,39,20,19
S01008453,3. Associate professional and technical occupations,37,15,22
S01008453,4. Administrative and secretarial occupations,30,8,22
S01008453,5. Skilled trades occupations,24,23,1
S01008453,6. Caring leisure and other service occupations,32,9,23
S01008453,7. Sales and customer service occupations,25,13,12
S01008453,8. Process plant and machine operatives,13,12,1
S01008453,9. Elementary occupations,58,31,27
S01008454,All people aged 16 to 74 in employment,354,171,183
S01008454,1. Managers directors and senior officials,20,8,12
S01008454,2. Professional occupations,25,9,16
S01008454,3. Associate professional and technical occupations,26,15,11
S01008454,4. Administrative and secretarial occupations,40,9,31
S01008454,5. Skilled trades occupations,36,30,6
S01008454,6. Caring leisure and other service occupations,46,11,35
S01008454,7. Sales and customer service occupations,49,22,27
S01008454,8. Process plant and machine operatives,24,22,2
S01008454,9. Elementary occupations,88,45,43
S01008455,All people aged 16 to 74 in employment,361,213,148
S01008455,1. Managers directors and senior officials,10,5,5
S01008455,2. Professional occupations,32,21,11
S01008455,3. Associate professional and technical occupations,27,18,9
S01008455,4. Administrative and secretarial occupations,44,16,28
S01008455,5. Skilled trades occupations,45,38,7
S01008455,6. Caring leisure and other service occupations,42,12,30
S01008455,7. Sales and customer service occupations,43,21,22
S01008455,8. Process plant and machine operatives,39,34,5
S01008455,9. Elementary occupations,79,48,31
S01008456,All people aged 16 to 74 in employment,359,217,142
S01008456,1. Managers directors and senior officials,9,5,4
S01008456,2. Professional occupations,28,18,10
S01008456,3. Associate professional and technical occupations,23,16,7
S01008456,4. Administrative and secretarial occupations,36,10,26
S01008456,5. Skilled trades occupations,38,34,4
S01008456,6. Caring leisure and other service occupations,39,15,24
S01008456,7. Sales and customer service occupations,42,22,20
S01008456,8. Process plant and machine operatives,32,30,2
S01008456,9. Elementary occupations,112,67,45
S01008457,All people aged 16 to 74 in employment,244,127,117
S01008457,1. Managers directors and senior officials,9,2,7
S01008457,2. Professional occupations,12,4,8
S01008457,3. Associate professional and technical occupations,11,6,5
S01008457,4. Administrative and secretarial occupations,28,10,18
S01008457,5. Skilled trades occupations,20,19,1
S01008457,6. Caring leisure and other service occupations,35,9,26
S01008457,7. Sales and customer service occupations,37,19,18
S01008457,8. Process plant and machine operatives,21,19,2
S01008457,9. Elementary occupations,71,39,32
S01008458,All people aged 16 to 74 in employment,465,238,227
S01008458,1. Managers directors and senior officials,26,15,11
S01008458,2. Professional occupations,32,15,17
S01008458,3. Associate professional and technical occupations,51,26,25
S01008458,4. Administrative and secretarial occupations,75,20,55
S01008458,5. Skilled trades occupations,59,52,7
S01008458,6. Caring leisure and other service occupations,63,16,47
S01008458,7. Sales and customer service occupations,42,14,28
S01008458,8. Process plant and machine operatives,42,40,2
S01008458,9. Elementary occupations,75,40,35
S01008459,All people aged 16 to 74 in employment,299,160,139
S01008459,1. Managers directors and senior officials,8,4,4
S01008459,2. Professional occupations,11,8,3
S01008459,3. Associate professional and technical occupations,22,15,7
S01008459,4. Administrative and secretarial occupations,36,11,25
S01008459,5. Skilled trades occupations,31,25,6
S01008459,6. Caring leisure and other service occupations,48,11,37
S01008459,7. Sales and customer service occupations,35,13,22
S01008459,8. Process plant and machine operatives,23,21,2
S01008459,9. Elementary occupations,85,52,33
S01008460,All people aged 16 to 74 in employment,259,138,121
S01008460,1. Managers directors and senior officials,7,1,6
S01008460,2. Professional occupations,12,7,5
S01008460,3. Associate professional and technical occupations,14,12,2
S01008460,4. Administrative and secretarial occupations,31,10,21
S01008460,5. Skilled trades occupations,34,27,7
S01008460,6. Caring leisure and other service occupations,33,7,26
S01008460,7. Sales and customer service occupations,29,7,22
S01008460,8. Process plant and machine operatives,22,22,0
S01008460,9. Elementary occupations,77,45,32
S01008461,All people aged 16 to 74 in employment,360,192,168
S01008461,1. Managers directors and senior officials,7,3,4
S01008461,2. Professional occupations,24,10,14
S01008461,3. Associate professional and technical occupations,20,15,5
S01008461,4. Administrative and secretarial occupations,39,7,32
S01008461,5. Skilled trades occupations,46,38,8
S01008461,6. Caring leisure and other service occupations,61,19,42
S01008461,7. Sales and customer service occupations,36,17,19
S01008461,8. Process plant and machine operatives,37,35,2
S01008461,9. Elementary occupations,90,48,42
S01008462,All people aged 16 to 74 in employment,189,101,88
S01008462,1. Managers directors and senior officials,8,5,3
S01008462,2. Professional occupations,4,1,3
S01008462,3. Associate professional and technical occupations,13,9,4
S01008462,4. Administrative and secretarial occupations,21,7,14
S01008462,5. Skilled trades occupations,19,15,4
S01008462,6. Caring leisure and other service occupations,29,9,20
S01008462,7. Sales and customer service occupations,21,7,14
S01008462,8. Process plant and machine operatives,19,17,2
S01008462,9. Elementary occupations,55,31,24
S01008463,All people aged 16 to 74 in employment,278,149,129
S01008463,1. Managers directors and senior officials,5,2,3
S01008463,2. Professional occupations,27,16,11
S01008463,3. Associate professional and technical occupations,25,16,9
S01008463,4. Administrative and secretarial occupations,26,8,18
S01008463,5. Skilled trades occupations,28,25,3
S01008463,6. Caring leisure and other service occupations,32,5,27
S01008463,7. Sales and customer service occupations,34,16,18
S01008463,8. Process plant and machine operatives,28,27,1
S01008463,9. Elementary occupations,73,34,39
S01008464,All people aged 16 to 74 in employment,418,206,212
S01008464,1. Managers directors and senior officials,27,16,11
S01008464,2. Professional occupations,24,14,10
S01008464,3. Associate professional and technical occupations,57,33,24
S01008464,4. Administrative and secretarial occupations,85,18,67
S01008464,5. Skilled trades occupations,47,42,5
S01008464,6. Caring leisure and other service occupations,48,5,43
S01008464,7. Sales and customer service occupations,43,16,27
S01008464,8. Process plant and machine operatives,33,32,1
S01008464,9. Elementary occupations,54,30,24
S01008465,All people aged 16 to 74 in employment,388,190,198
S01008465,1. Managers directors and senior officials,17,7,10
S01008465,2. Professional occupations,43,15,28
S01008465,3. Associate professional and technical occupations,31,14,17
S01008465,4. Administrative and secretarial occupations,72,18,54
S01008465,5. Skilled trades occupations,43,38,5
S01008465,6. Caring leisure and other service occupations,39,9,30
S01008465,7. Sales and customer service occupations,48,20,28
S01008465,8. Process plant and machine operatives,34,31,3
S01008465,9. Elementary occupations,61,38,23
S01008466,All people aged 16 to 74 in employment,351,185,166
S01008466,1. Managers directors and senior officials,17,8,9
S01008466,2. Professional occupations,25,13,12
S01008466,3. Associate professional and technical occupations,31,19,12
S01008466,4. Administrative and secretarial occupations,48,11,37
S01008466,5. Skilled trades occupations,50,47,3
S01008466,6. Caring leisure and other service occupations,48,12,36
S01008466,7. Sales and customer service occupations,36,9,27
S01008466,8. Process plant and machine operatives,26,24,2
S01008466,9. Elementary occupations,70,42,28
S01008467,All people aged 16 to 74 in employment,373,188,185
S01008467,1. Managers directors and senior officials,13,10,3
S01008467,2. Professional occupations,23,8,15
S01008467,3. Associate professional and technical occupations,23,12,11
S01008467,4. Administrative and secretarial occupations,68,16,52
S01008467,5. Skilled trades occupations,56,50,6
S01008467,6. Caring leisure and other service occupations,52,7,45
S01008467,7. Sales and customer service occupations,43,15,28
S01008467,8. Process plant and machine operatives,37,34,3
S01008467,9. Elementary occupations,58,36,22
S01008468,All people aged 16 to 74 in employment,258,133,125
S01008468,1. Managers directors and senior officials,7,5,2
S01008468,2. Professional occupations,11,6,5
S01008468,3. Associate professional and technical occupations,22,10,12
S01008468,4. Administrative and secretarial occupations,41,7,34
S01008468,5. Skilled trades occupations,30,29,1
S01008468,6. Caring leisure and other service occupations,28,8,20
S01008468,7. Sales and customer service occupations,38,12,26
S01008468,8. Process plant and machine operatives,24,23,1
S01008468,9. Elementary occupations,57,33,24
S01008469,All people aged 16 to 74 in employment,291,152,139
S01008469,1. Managers directors and senior officials,29,17,12
S01008469,2. Professional occupations,32,19,13
S01008469,3. Associate professional and technical occupations,32,18,14
S01008469,4. Administrative and secretarial occupations,33,8,25
S01008469,5. Skilled trades occupations,27,24,3
S01008469,6. Caring leisure and other service occupations,34,5,29
S01008469,7. Sales and customer service occupations,35,18,17
S01008469,8. Process plant and machine operatives,16,14,2
S01008469,9. Elementary occupations,53,29,24
S01008470,All people aged 16 to 74 in employment,282,150,132
S01008470,1. Managers directors and senior officials,7,4,3
S01008470,2. Professional occupations,16,7,9
S01008470,3. Associate professional and technical occupations,24,15,9
S01008470,4. Administrative and secretarial occupations,33,7,26
S01008470,5. Skilled trades occupations,18,17,1
S01008470,6. Caring leisure and other service occupations,36,11,25
S01008470,7. Sales and customer service occupations,24,12,12
S01008470,8. Process plant and machine operatives,28,28,0
S01008470,9. Elementary occupations,96,49,47
S01008471,All people aged 16 to 74 in employment,348,184,164
S01008471,1. Managers directors and senior officials,12,7,5
S01008471,2. Professional occupations,21,8,13
S01008471,3. Associate professional and technical occupations,20,14,6
S01008471,4. Administrative and secretarial occupations,39,15,24
S01008471,5. Skilled trades occupations,42,37,5
S01008471,6. Caring leisure and other service occupations,57,18,39
S01008471,7. Sales and customer service occupations,38,11,27
S01008471,8. Process plant and machine operatives,18,17,1
S01008471,9. Elementary occupations,101,57,44
S01008472,All people aged 16 to 74 in employment,284,148,136
S01008472,1. Managers directors and senior officials,12,10,2
S01008472,2. Professional occupations,22,6,16
S01008472,3. Associate professional and technical occupations,30,15,15
S01008472,4. Administrative and secretarial occupations,34,9,25
S01008472,5. Skilled trades occupations,41,37,4
S01008472,6. Caring leisure and other service occupations,31,7,24
S01008472,7. Sales and customer service occupations,25,7,18
S01008472,8. Process plant and machine operatives,19,19,0
S01008472,9. Elementary occupations,70,38,32
S01008473,All people aged 16 to 74 in employment,306,157,149
S01008473,1. Managers directors and senior officials,17,9,8
S01008473,2. Professional occupations,23,14,9
S01008473,3. Associate professional and technical occupations,19,11,8
S01008473,4. Administrative and secretarial occupations,45,16,29
S01008473,5. Skilled trades occupations,32,28,4
S01008473,6. Caring leisure and other service occupations,42,8,34
S01008473,7. Sales and customer service occupations,28,8,20
S01008473,8. Process plant and machine operatives,31,29,2
S01008473,9. Elementary occupations,69,34,35
S01008474,All people aged 16 to 74 in employment,329,181,148
S01008474,1. Managers directors and senior officials,15,12,3
S01008474,2. Professional occupations,25,9,16
S01008474,3. Associate professional and technical occupations,28,18,10
S01008474,4. Administrative and secretarial occupations,50,19,31
S01008474,5. Skilled trades occupations,42,37,5
S01008474,6. Caring leisure and other service occupations,42,12,30
S01008474,7. Sales and customer service occupations,33,8,25
S01008474,8. Process plant and machine operatives,19,19,0
S01008474,9. Elementary occupations,75,47,28
S01008475,All people aged 16 to 74 in employment,256,119,137
S01008475,1. Managers directors and senior officials,17,10,7
S01008475,2. Professional occupations,18,5,13
S01008475,3. Associate professional and technical occupations,36,17,19
S01008475,4. Administrative and secretarial occupations,32,10,22
S01008475,5. Skilled trades occupations,24,21,3
S01008475,6. Caring leisure and other service occupations,30,4,26
S01008475,7. Sales and customer service occupations,25,9,16
S01008475,8. Process plant and machine operatives,14,9,5
S01008475,9. Elementary occupations,60,34,26
S01008476,All people aged 16 to 74 in employment,308,149,159
S01008476,1. Managers directors and senior officials,22,11,11
S01008476,2. Professional occupations,41,22,19
S01008476,3. Associate professional and technical occupations,26,12,14
S01008476,4. Administrative and secretarial occupations,49,9,40
S01008476,5. Skilled trades occupations,33,29,4
S01008476,6. Caring leisure and other service occupations,35,5,30
S01008476,7. Sales and customer service occupations,28,12,16
S01008476,8. Process plant and machine operatives,20,19,1
S01008476,9. Elementary occupations,54,30,24
S01008477,All people aged 16 to 74 in employment,361,182,179
S01008477,1. Managers directors and senior officials,19,14,5
S01008477,2. Professional occupations,28,9,19
S01008477,3. Associate professional and technical occupations,49,23,26
S01008477,4. Administrative and secretarial occupations,57,17,40
S01008477,5. Skilled trades occupations,39,37,2
S01008477,6. Caring leisure and other service occupations,42,12,30
S01008477,7. Sales and customer service occupations,31,5,26
S01008477,8. Process plant and machine operatives,21,16,5
S01008477,9. Elementary occupations,75,49,26
S01008478,All people aged 16 to 74 in employment,318,151,167
S01008478,1. Managers directors and senior officials,21,9,12
S01008478,2. Professional occupations,48,21,27
S01008478,3. Associate professional and technical occupations,36,18,18
S01008478,4. Administrative and secretarial occupations,59,19,40
S01008478,5. Skilled trades occupations,32,30,2
S01008478,6. Caring leisure and other service occupations,29,5,24
S01008478,7. Sales and customer service occupations,35,11,24
S01008478,8. Process plant and machine operatives,14,14,0
S01008478,9. Elementary occupations,44,24,20
S01008479,All people aged 16 to 74 in employment,319,162,157
S01008479,1. Managers directors and senior officials,13,5,8
S01008479,2. Professional occupations,27,10,17
S01008479,3. Associate professional and technical occupations,44,27,17
S01008479,4. Administrative and secretarial occupations,44,15,29
S01008479,5. Skilled trades occupations,37,32,5
S01008479,6. Caring leisure and other service occupations,41,2,39
S01008479,7. Sales and customer service occupations,24,9,15
S01008479,8. Process plant and machine operatives,24,21,3
S01008479,9. Elementary occupations,65,41,24
S01008480,All people aged 16 to 74 in employment,298,151,147
S01008480,1. Managers directors and senior officials,25,12,13
S01008480,2. Professional occupations,45,25,20
S01008480,3. Associate professional and technical occupations,40,24,16
S01008480,4. Administrative and secretarial occupations,36,17,19
S01008480,5. Skilled trades occupations,19,14,5
S01008480,6. Caring leisure and other service occupations,30,7,23
S01008480,7. Sales and customer service occupations,36,12,24
S01008480,8. Process plant and machine operatives,16,16,0
S01008480,9. Elementary occupations,51,24,27
S01008481,All people aged 16 to 74 in employment,476,276,200
S01008481,1. Managers directors and senior officials,27,18,9
S01008481,2. Professional occupations,41,22,19
S01008481,3. Associate professional and technical occupations,40,19,21
S01008481,4. Administrative and secretarial occupations,74,22,52
S01008481,5. Skilled trades occupations,70,65,5
S01008481,6. Caring leisure and other service occupations,56,12,44
S01008481,7. Sales and customer service occupations,45,17,28
S01008481,8. Process plant and machine operatives,42,42,0
S01008481,9. Elementary occupations,81,59,22
S01008482,All people aged 16 to 74 in employment,255,129,126
S01008482,1. Managers directors and senior officials,23,10,13
S01008482,2. Professional occupations,22,11,11
S01008482,3. Associate professional and technical occupations,29,18,11
S01008482,4. Administrative and secretarial occupations,45,12,33
S01008482,5. Skilled trades occupations,29,25,4
S01008482,6. Caring leisure and other service occupations,36,7,29
S01008482,7. Sales and customer service occupations,20,8,12
S01008482,8. Process plant and machine operatives,24,21,3
S01008482,9. Elementary occupations,27,17,10
S01008483,All people aged 16 to 74 in employment,282,149,133
S01008483,1. Managers directors and senior officials,9,6,3
S01008483,2. Professional occupations,21,14,7
S01008483,3. Associate professional and technical occupations,34,17,17
S01008483,4. Administrative and secretarial occupations,49,11,38
S01008483,5. Skilled trades occupations,35,34,1
S01008483,6. Caring leisure and other service occupations,28,5,23
S01008483,7. Sales and customer service occupations,36,10,26
S01008483,8. Process plant and machine operatives,26,23,3
S01008483,9. Elementary occupations,44,29,15
S01008484,All people aged 16 to 74 in employment,359,182,177
S01008484,1. Managers directors and senior officials,26,16,10
S01008484,2. Professional occupations,44,18,26
S01008484,3. Associate professional and technical occupations,45,25,20
S01008484,4. Administrative and secretarial occupations,68,15,53
S01008484,5. Skilled trades occupations,40,36,4
S01008484,6. Caring leisure and other service occupations,36,8,28
S01008484,7. Sales and customer service occupations,27,8,19
S01008484,8. Process plant and machine operatives,23,23,0
S01008484,9. Elementary occupations,50,33,17
S01008485,All people aged 16 to 74 in employment,499,264,235
S01008485,1. Managers directors and senior officials,35,16,19
S01008485,2. Professional occupations,51,25,26
S01008485,3. Associate professional and technical occupations,113,77,36
S01008485,4. Administrative and secretarial occupations,83,17,66
S01008485,5. Skilled trades occupations,50,46,4
S01008485,6. Caring leisure and other service occupations,39,7,32
S01008485,7. Sales and customer service occupations,53,20,33
S01008485,8. Process plant and machine operatives,30,28,2
S01008485,9. Elementary occupations,45,28,17
S01008486,All people aged 16 to 74 in employment,386,205,181
S01008486,1. Managers directors and senior officials,37,22,15
S01008486,2. Professional occupations,50,25,25
S01008486,3. Associate professional and technical occupations,68,40,28
S01008486,4. Administrative and secretarial occupations,67,18,49
S01008486,5. Skilled trades occupations,36,32,4
S01008486,6. Caring leisure and other service occupations,38,10,28
S01008486,7. Sales and customer service occupations,25,8,17
S01008486,8. Process plant and machine operatives,18,16,2
S01008486,9. Elementary occupations,47,34,13
S01008487,All people aged 16 to 74 in employment,507,275,232
S01008487,1. Managers directors and senior officials,57,38,19
S01008487,2. Professional occupations,118,66,52
S01008487,3. Associate professional and technical occupations,109,52,57
S01008487,4. Administrative and secretarial occupations,70,26,44
S01008487,5. Skilled trades occupations,36,35,1
S01008487,6. Caring leisure and other service occupations,33,8,25
S01008487,7. Sales and customer service occupations,32,16,16
S01008487,8. Process plant and machine operatives,20,18,2
S01008487,9. Elementary occupations,32,16,16
S01008488,All people aged 16 to 74 in employment,389,201,188
S01008488,1. Managers directors and senior officials,38,26,12
S01008488,2. Professional occupations,75,33,42
S01008488,3. Associate professional and technical occupations,60,34,26
S01008488,4. Administrative and secretarial occupations,63,14,49
S01008488,5. Skilled trades occupations,42,38,4
S01008488,6. Caring leisure and other service occupations,22,5,17
S01008488,7. Sales and customer service occupations,23,8,15
S01008488,8. Process plant and machine operatives,11,10,1
S01008488,9. Elementary occupations,55,33,22
S01008489,All people aged 16 to 74 in employment,302,150,152
S01008489,1. Managers directors and senior officials,17,8,9
S01008489,2. Professional occupations,36,19,17
S01008489,3. Associate professional and technical occupations,32,16,16
S01008489,4. Administrative and secretarial occupations,51,18,33
S01008489,5. Skilled trades occupations,24,23,1
S01008489,6. Caring leisure and other service occupations,27,4,23
S01008489,7. Sales and customer service occupations,46,18,28
S01008489,8. Process plant and machine operatives,18,16,2
S01008489,9. Elementary occupations,51,28,23
S01008490,All people aged 16 to 74 in employment,543,284,259
S01008490,1. Managers directors and senior officials,32,25,7
S01008490,2. Professional occupations,119,65,54
S01008490,3. Associate professional and technical occupations,91,44,47
S01008490,4. Administrative and secretarial occupations,83,20,63
S01008490,5. Skilled trades occupations,36,34,2
S01008490,6. Caring leisure and other service occupations,41,12,29
S01008490,7. Sales and customer service occupations,53,25,28
S01008490,8. Process plant and machine operatives,20,20,0
S01008490,9. Elementary occupations,68,39,29
S01008491,All people aged 16 to 74 in employment,494,254,240
S01008491,1. Managers directors and senior officials,30,23,7
S01008491,2. Professional occupations,121,60,61
S01008491,3. Associate professional and technical occupations,64,36,28
S01008491,4. Administrative and secretarial occupations,71,21,50
S01008491,5. Skilled trades occupations,29,25,4
S01008491,6. Caring leisure and other service occupations,46,14,32
S01008491,7. Sales and customer service occupations,49,20,29
S01008491,8. Process plant and machine operatives,15,14,1
S01008491,9. Elementary occupations,69,41,28
S01008492,All people aged 16 to 74 in employment,584,289,295
S01008492,1. Managers directors and senior officials,49,33,16
S01008492,2. Professional occupations,122,60,62
S01008492,3. Associate professional and technical occupations,98,53,45
S01008492,4. Administrative and secretarial occupations,84,23,61
S01008492,5. Skilled trades occupations,29,29,0
S01008492,6. Caring leisure and other service occupations,54,10,44
S01008492,7. Sales and customer service occupations,44,19,25
S01008492,8. Process plant and machine operatives,21,17,4
S01008492,9. Elementary occupations,83,45,38
S01008493,All people aged 16 to 74 in employment,385,189,196
S01008493,1. Managers directors and senior officials,26,13,13
S01008493,2. Professional occupations,62,27,35
S01008493,3. Associate professional and technical occupations,42,22,20
S01008493,4. Administrative and secretarial occupations,69,20,49
S01008493,5. Skilled trades occupations,39,37,2
S01008493,6. Caring leisure and other service occupations,26,10,16
S01008493,7. Sales and customer service occupations,43,13,30
S01008493,8. Process plant and machine operatives,15,12,3
S01008493,9. Elementary occupations,63,35,28
S01008494,All people aged 16 to 74 in employment,375,194,181
S01008494,1. Managers directors and senior officials,21,9,12
S01008494,2. Professional occupations,74,35,39
S01008494,3. Associate professional and technical occupations,60,32,28
S01008494,4. Administrative and secretarial occupations,51,23,28
S01008494,5. Skilled trades occupations,29,25,4
S01008494,6. Caring leisure and other service occupations,31,8,23
S01008494,7. Sales and customer service occupations,40,17,23
S01008494,8. Process plant and machine operatives,15,13,2
S01008494,9. Elementary occupations,54,32,22
S01008495,All people aged 16 to 74 in employment,580,307,273
S01008495,1. Managers directors and senior officials,32,15,17
S01008495,2. Professional occupations,140,78,62
S01008495,3. Associate professional and technical occupations,99,49,50
S01008495,4. Administrative and secretarial occupations,81,34,47
S01008495,5. Skilled trades occupations,35,30,5
S01008495,6. Caring leisure and other service occupations,36,9,27
S01008495,7. Sales and customer service occupations,68,34,34
S01008495,8. Process plant and machine operatives,18,16,2
S01008495,9. Elementary occupations,71,42,29
S01008496,All people aged 16 to 74 in employment,660,364,296
S01008496,1. Managers directors and senior officials,44,25,19
S01008496,2. Professional occupations,158,86,72
S01008496,3. Associate professional and technical occupations,110,58,52
S01008496,4. Administrative and secretarial occupations,93,42,51
S01008496,5. Skilled trades occupations,41,39,2
S01008496,6. Caring leisure and other service occupations,45,15,30
S01008496,7. Sales and customer service occupations,70,35,35
S01008496,8. Process plant and machine operatives,24,22,2
S01008496,9. Elementary occupations,75,42,33
S01008497,All people aged 16 to 74 in employment,567,305,262
S01008497,1. Managers directors and senior officials,28,16,12
S01008497,2. Professional occupations,142,70,72
S01008497,3. Associate professional and technical occupations,79,43,36
S01008497,4. Administrative and secretarial occupations,84,35,49
S01008497,5. Skilled trades occupations,38,36,2
S01008497,6. Caring leisure and other service occupations,40,10,30
S01008497,7. Sales and customer service occupations,66,38,28
S01008497,8. Process plant and machine operatives,19,17,2
S01008497,9. Elementary occupations,71,40,31
S01008498,All people aged 16 to 74 in employment,507,263,244
S01008498,1. Managers directors and senior officials,31,18,13
S01008498,2. Professional occupations,127,65,62
S01008498,3. Associate professional and technical occupations,78,40,38
S01008498,4. Administrative and secretarial occupations,61,23,38
S01008498,5. Skilled trades occupations,39,37,2
S01008498,6. Caring leisure and other service occupations,28,7,21
S01008498,7. Sales and customer service occupations,66,30,36
S01008498,8. Process plant and machine operatives,13,13,0
S01008498,9. Elementary occupations,64,30,34
S01008499,All people aged 16 to 74 in employment,620,343,277
S01008499,1. Managers directors and senior officials,37,22,15
S01008499,2. Professional occupations,147,66,81
S01008499,3. Associate professional and technical occupations,100,63,37
S01008499,4. Administrative and secretarial occupations,80,31,49
S01008499,5. Skilled trades occupations,46,42,4
S01008499,6. Caring leisure and other service occupations,46,16,30
S01008499,7. Sales and customer service occupations,59,32,27
S01008499,8. Process plant and machine operatives,13,13,0
S01008499,9. Elementary occupations,92,58,34
S01008500,All people aged 16 to 74 in employment,211,118,93
S01008500,1. Managers directors and senior officials,11,6,5
S01008500,2. Professional occupations,49,23,26
S01008500,3. Associate professional and technical occupations,20,15,5
S01008500,4. Administrative and secretarial occupations,26,16,10
S01008500,5. Skilled trades occupations,11,9,2
S01008500,6. Caring leisure and other service occupations,20,7,13
S01008500,7. Sales and customer service occupations,34,15,19
S01008500,8. Process plant and machine operatives,6,6,0
S01008500,9. Elementary occupations,34,21,13
S01008501,All people aged 16 to 74 in employment,408,221,187
S01008501,1. Managers directors and senior officials,24,15,9
S01008501,2. Professional occupations,165,93,72
S01008501,3. Associate professional and technical occupations,58,33,25
S01008501,4. Administrative and secretarial occupations,34,15,19
S01008501,5. Skilled trades occupations,14,10,4
S01008501,6. Caring leisure and other service occupations,28,5,23
S01008501,7. Sales and customer service occupations,23,12,11
S01008501,8. Process plant and machine operatives,5,3,2
S01008501,9. Elementary occupations,57,35,22
S01008502,All people aged 16 to 74 in employment,440,216,224
S01008502,1. Managers directors and senior officials,32,15,17
S01008502,2. Professional occupations,140,66,74
S01008502,3. Associate professional and technical occupations,78,43,35
S01008502,4. Administrative and secretarial occupations,69,29,40
S01008502,5. Skilled trades occupations,15,14,1
S01008502,6. Caring leisure and other service occupations,23,5,18
S01008502,7. Sales and customer service occupations,40,19,21
S01008502,8. Process plant and machine operatives,0,0,0
S01008502,9. Elementary occupations,43,25,18
S01008503,All people aged 16 to 74 in employment,583,292,291
S01008503,1. Managers directors and senior officials,39,18,21
S01008503,2. Professional occupations,200,101,99
S01008503,3. Associate professional and technical occupations,122,64,58
S01008503,4. Administrative and secretarial occupations,69,24,45
S01008503,5. Skilled trades occupations,30,28,2
S01008503,6. Caring leisure and other service occupations,36,10,26
S01008503,7. Sales and customer service occupations,48,25,23
S01008503,8. Process plant and machine operatives,11,10,1
S01008503,9. Elementary occupations,28,12,16
S01008504,All people aged 16 to 74 in employment,698,334,364
S01008504,1. Managers directors and senior officials,72,42,30
S01008504,2. Professional occupations,277,134,143
S01008504,3. Associate professional and technical occupations,127,63,64
S01008504,4. Administrative and secretarial occupations,75,20,55
S01008504,5. Skilled trades occupations,26,25,1
S01008504,6. Caring leisure and other service occupations,37,7,30
S01008504,7. Sales and customer service occupations,37,15,22
S01008504,8. Process plant and machine operatives,12,10,2
S01008504,9. Elementary occupations,35,18,17
S01008505,All people aged 16 to 74 in employment,444,210,234
S01008505,1. Managers directors and senior officials,41,23,18
S01008505,2. Professional occupations,163,73,90
S01008505,3. Associate professional and technical occupations,86,40,46
S01008505,4. Administrative and secretarial occupations,43,13,30
S01008505,5. Skilled trades occupations,25,18,7
S01008505,6. Caring leisure and other service occupations,23,7,16
S01008505,7. Sales and customer service occupations,27,12,15
S01008505,8. Process plant and machine operatives,10,9,1
S01008505,9. Elementary occupations,26,15,11
S01008506,All people aged 16 to 74 in employment,423,200,223
S01008506,1. Managers directors and senior officials,55,31,24
S01008506,2. Professional occupations,178,85,93
S01008506,3. Associate professional and technical occupations,68,35,33
S01008506,4. Administrative and secretarial occupations,36,12,24
S01008506,5. Skilled trades occupations,12,9,3
S01008506,6. Caring leisure and other service occupations,21,4,17
S01008506,7. Sales and customer service occupations,30,11,19
S01008506,8. Process plant and machine operatives,5,4,1
S01008506,9. Elementary occupations,18,9,9
S01008507,All people aged 16 to 74 in employment,533,247,286
S01008507,1. Managers directors and senior officials,43,25,18
S01008507,2. Professional occupations,210,91,119
S01008507,3. Associate professional and technical occupations,95,47,48
S01008507,4. Administrative and secretarial occupations,51,16,35
S01008507,5. Skilled trades occupations,17,15,2
S01008507,6. Caring leisure and other service occupations,26,7,19
S01008507,7. Sales and customer service occupations,37,11,26
S01008507,8. Process plant and machine operatives,4,3,1
S01008507,9. Elementary occupations,50,32,18
S01008508,All people aged 16 to 74 in employment,437,223,214
S01008508,1. Managers directors and senior officials,59,40,19
S01008508,2. Professional occupations,171,88,83
S01008508,3. Associate professional and technical occupations,75,37,38
S01008508,4. Administrative and secretarial occupations,35,9,26
S01008508,5. Skilled trades occupations,22,20,2
S01008508,6. Caring leisure and other service occupations,20,3,17
S01008508,7. Sales and customer service occupations,23,7,16
S01008508,8. Process plant and machine operatives,10,9,1
S01008508,9. Elementary occupations,22,10,12
S01008509,All people aged 16 to 74 in employment,512,246,266
S01008509,1. Managers directors and senior officials,77,43,34
S01008509,2. Professional occupations,202,95,107
S01008509,3. Associate professional and technical occupations,90,51,39
S01008509,4. Administrative and secretarial occupations,58,18,40
S01008509,5. Skilled trades occupations,25,17,8
S01008509,6. Caring leisure and other service occupations,21,4,17
S01008509,7. Sales and customer service occupations,21,6,15
S01008509,8. Process plant and machine operatives,6,6,0
S01008509,9. Elementary occupations,12,6,6
S01008510,All people aged 16 to 74 in employment,457,233,224
S01008510,1. Managers directors and senior officials,59,41,18
S01008510,2. Professional occupations,142,68,74
S01008510,3. Associate professional and technical occupations,72,33,39
S01008510,4. Administrative and secretarial occupations,64,14,50
S01008510,5. Skilled trades occupations,34,32,2
S01008510,6. Caring leisure and other service occupations,25,7,18
S01008510,7. Sales and customer service occupations,21,9,12
S01008510,8. Process plant and machine operatives,11,11,0
S01008510,9. Elementary occupations,29,18,11
S01008511,All people aged 16 to 74 in employment,408,216,192
S01008511,1. Managers directors and senior officials,66,44,22
S01008511,2. Professional occupations,144,67,77
S01008511,3. Associate professional and technical occupations,63,40,23
S01008511,4. Administrative and secretarial occupations,39,5,34
S01008511,5. Skilled trades occupations,30,27,3
S01008511,6. Caring leisure and other service occupations,22,6,16
S01008511,7. Sales and customer service occupations,16,7,9
S01008511,8. Process plant and machine operatives,10,10,0
S01008511,9. Elementary occupations,18,10,8
S01008512,All people aged 16 to 74 in employment,240,128,112
S01008512,1. Managers directors and senior officials,32,23,9
S01008512,2. Professional occupations,100,56,44
S01008512,3. Associate professional and technical occupations,36,18,18
S01008512,4. Administrative and secretarial occupations,22,5,17
S01008512,5. Skilled trades occupations,8,7,1
S01008512,6. Caring leisure and other service occupations,14,2,12
S01008512,7. Sales and customer service occupations,17,9,8
S01008512,8. Process plant and machine operatives,2,2,0
S01008512,9. Elementary occupations,9,6,3
S01008513,All people aged 16 to 74 in employment,291,158,133
S01008513,1. Managers directors and senior officials,50,30,20
S01008513,2. Professional occupations,106,54,52
S01008513,3. Associate professional and technical occupations,46,29,17
S01008513,4. Administrative and secretarial occupations,23,8,15
S01008513,5. Skilled trades occupations,19,15,4
S01008513,6. Caring leisure and other service occupations,16,2,14
S01008513,7. Sales and customer service occupations,16,9,7
S01008513,8. Process plant and machine operatives,7,7,0
S01008513,9. Elementary occupations,8,4,4
S01008514,All people aged 16 to 74 in employment,395,209,186
S01008514,1. Managers directors and senior officials,39,31,8
S01008514,2. Professional occupations,197,101,96
S01008514,3. Associate professional and technical occupations,67,40,27
S01008514,4. Administrative and secretarial occupations,28,5,23
S01008514,5. Skilled trades occupations,20,17,3
S01008514,6. Caring leisure and other service occupations,18,2,16
S01008514,7. Sales and customer service occupations,12,5,7
S01008514,8. Process plant and machine operatives,4,4,0
S01008514,9. Elementary occupations,10,4,6
S01008515,All people aged 16 to 74 in employment,400,203,197
S01008515,1. Managers directors and senior officials,41,28,13
S01008515,2. Professional occupations,182,88,94
S01008515,3. Associate professional and technical occupations,63,36,27
S01008515,4. Administrative and secretarial occupations,36,5,31
S01008515,5. Skilled trades occupations,19,16,3
S01008515,6. Caring leisure and other service occupations,15,6,9
S01008515,7. Sales and customer service occupations,23,8,15
S01008515,8. Process plant and machine operatives,8,7,1
S01008515,9. Elementary occupations,13,9,4
S01008516,All people aged 16 to 74 in employment,541,285,256
S01008516,1. Managers directors and senior officials,48,30,18
S01008516,2. Professional occupations,201,103,98
S01008516,3. Associate professional and technical occupations,78,48,30
S01008516,4. Administrative and secretarial occupations,47,10,37
S01008516,5. Skilled trades occupations,31,28,3
S01008516,6. Caring leisure and other service occupations,35,13,22
S01008516,7. Sales and customer service occupations,39,18,21
S01008516,8. Process plant and machine operatives,17,16,1
S01008516,9. Elementary occupations,45,19,26
S01008517,All people aged 16 to 74 in employment,479,231,248
S01008517,1. Managers directors and senior officials,45,33,12
S01008517,2. Professional occupations,174,77,97
S01008517,3. Associate professional and technical occupations,99,53,46
S01008517,4. Administrative and secretarial occupations,47,14,33
S01008517,5. Skilled trades occupations,13,11,2
S01008517,6. Caring leisure and other service occupations,29,3,26
S01008517,7. Sales and customer service occupations,30,10,20
S01008517,8. Process plant and machine operatives,4,4,0
S01008517,9. Elementary occupations,38,26,12
S01008518,All people aged 16 to 74 in employment,459,242,217
S01008518,1. Managers directors and senior officials,51,25,26
S01008518,2. Professional occupations,210,108,102
S01008518,3. Associate professional and technical occupations,81,44,37
S01008518,4. Administrative and secretarial occupations,34,14,20
S01008518,5. Skilled trades occupations,15,14,1
S01008518,6. Caring leisure and other service occupations,17,5,12
S01008518,7. Sales and customer service occupations,26,15,11
S01008518,8. Process plant and machine operatives,7,7,0
S01008518,9. Elementary occupations,18,10,8
S01008519,All people aged 16 to 74 in employment,383,193,190
S01008519,1. Managers directors and senior officials,44,22,22
S01008519,2. Professional occupations,187,107,80
S01008519,3. Associate professional and technical occupations,63,27,36
S01008519,4. Administrative and secretarial occupations,31,8,23
S01008519,5. Skilled trades occupations,15,14,1
S01008519,6. Caring leisure and other service occupations,15,2,13
S01008519,7. Sales and customer service occupations,13,5,8
S01008519,8. Process plant and machine operatives,4,3,1
S01008519,9. Elementary occupations,11,5,6
S01008520,All people aged 16 to 74 in employment,478,255,223
S01008520,1. Managers directors and senior officials,83,55,28
S01008520,2. Professional occupations,206,107,99
S01008520,3. Associate professional and technical occupations,59,33,26
S01008520,4. Administrative and secretarial occupations,50,12,38
S01008520,5. Skilled trades occupations,19,17,2
S01008520,6. Caring leisure and other service occupations,13,1,12
S01008520,7. Sales and customer service occupations,22,15,7
S01008520,8. Process plant and machine operatives,6,5,1
S01008520,9. Elementary occupations,20,10,10
S01008521,All people aged 16 to 74 in employment,416,224,192
S01008521,1. Managers directors and senior officials,57,43,14
S01008521,2. Professional occupations,204,109,95
S01008521,3. Associate professional and technical occupations,59,32,27
S01008521,4. Administrative and secretarial occupations,39,10,29
S01008521,5. Skilled trades occupations,9,9,0
S01008521,6. Caring leisure and other service occupations,17,5,12
S01008521,7. Sales and customer service occupations,16,6,10
S01008521,8. Process plant and machine operatives,5,4,1
S01008521,9. Elementary occupations,10,6,4
S01008522,All people aged 16 to 74 in employment,246,130,116
S01008522,1. Managers directors and senior officials,44,24,20
S01008522,2. Professional occupations,110,55,55
S01008522,3. Associate professional and technical occupations,43,27,16
S01008522,4. Administrative and secretarial occupations,22,5,17
S01008522,5. Skilled trades occupations,6,6,0
S01008522,6. Caring leisure and other service occupations,5,0,5
S01008522,7. Sales and customer service occupations,5,3,2
S01008522,8. Process plant and machine operatives,7,7,0
S01008522,9. Elementary occupations,4,3,1
S01008523,All people aged 16 to 74 in employment,478,255,223
S01008523,1. Managers directors and senior officials,93,63,30
S01008523,2. Professional occupations,205,107,98
S01008523,3. Associate professional and technical occupations,85,50,35
S01008523,4. Administrative and secretarial occupations,39,8,31
S01008523,5. Skilled trades occupations,9,7,2
S01008523,6. Caring leisure and other service occupations,12,1,11
S01008523,7. Sales and customer service occupations,16,6,10
S01008523,8. Process plant and machine operatives,6,5,1
S01008523,9. Elementary occupations,13,8,5
S01008524,All people aged 16 to 74 in employment,388,199,189
S01008524,1. Managers directors and senior officials,29,11,18
S01008524,2. Professional occupations,33,12,21
S01008524,3. Associate professional and technical occupations,35,14,21
S01008524,4. Administrative and secretarial occupations,42,17,25
S01008524,5. Skilled trades occupations,46,41,5
S01008524,6. Caring leisure and other service occupations,59,12,47
S01008524,7. Sales and customer service occupations,53,23,30
S01008524,8. Process plant and machine operatives,27,27,0
S01008524,9. Elementary occupations,64,42,22
S01008525,All people aged 16 to 74 in employment,282,130,152
S01008525,1. Managers directors and senior officials,8,5,3
S01008525,2. Professional occupations,27,10,17
S01008525,3. Associate professional and technical occupations,40,23,17
S01008525,4. Administrative and secretarial occupations,36,10,26
S01008525,5. Skilled trades occupations,24,21,3
S01008525,6. Caring leisure and other service occupations,43,5,38
S01008525,7. Sales and customer service occupations,43,17,26
S01008525,8. Process plant and machine operatives,20,19,1
S01008525,9. Elementary occupations,41,20,21
S01008526,All people aged 16 to 74 in employment,421,221,200
S01008526,1. Managers directors and senior officials,20,8,12
S01008526,2. Professional occupations,76,31,45
S01008526,3. Associate professional and technical occupations,40,27,13
S01008526,4. Administrative and secretarial occupations,73,15,58
S01008526,5. Skilled trades occupations,41,38,3
S01008526,6. Caring leisure and other service occupations,47,17,30
S01008526,7. Sales and customer service occupations,40,19,21
S01008526,8. Process plant and machine operatives,26,26,0
S01008526,9. Elementary occupations,58,40,18
S01008527,All people aged 16 to 74 in employment,391,182,209
S01008527,1. Managers directors and senior officials,36,12,24
S01008527,2. Professional occupations,53,22,31
S01008527,3. Associate professional and technical occupations,55,29,26
S01008527,4. Administrative and secretarial occupations,70,18,52
S01008527,5. Skilled trades occupations,41,39,2
S01008527,6. Caring leisure and other service occupations,37,4,33
S01008527,7. Sales and customer service occupations,42,16,26
S01008527,8. Process plant and machine operatives,21,20,1
S01008527,9. Elementary occupations,36,22,14
S01008528,All people aged 16 to 74 in employment,354,172,182
S01008528,1. Managers directors and senior officials,27,16,11
S01008528,2. Professional occupations,63,31,32
S01008528,3. Associate professional and technical occupations,47,27,20
S01008528,4. Administrative and secretarial occupations,43,15,28
S01008528,5. Skilled trades occupations,19,19,0
S01008528,6. Caring leisure and other service occupations,51,9,42
S01008528,7. Sales and customer service occupations,52,18,34
S01008528,8. Process plant and machine operatives,17,16,1
S01008528,9. Elementary occupations,35,21,14
S01008529,All people aged 16 to 74 in employment,371,190,181
S01008529,1. Managers directors and senior officials,26,15,11
S01008529,2. Professional occupations,46,21,25
S01008529,3. Associate professional and technical occupations,47,28,19
S01008529,4. Administrative and secretarial occupations,57,19,38
S01008529,5. Skilled trades occupations,54,53,1
S01008529,6. Caring leisure and other service occupations,54,7,47
S01008529,7. Sales and customer service occupations,39,11,28
S01008529,8. Process plant and machine operatives,15,15,0
S01008529,9. Elementary occupations,33,21,12
S01008530,All people aged 16 to 74 in employment,311,142,169
S01008530,1. Managers directors and senior officials,20,10,10
S01008530,2. Professional occupations,31,13,18
S01008530,3. Associate professional and technical occupations,34,16,18
S01008530,4. Administrative and secretarial occupations,28,9,19
S01008530,5. Skilled trades occupations,30,25,5
S01008530,6. Caring leisure and other service occupations,42,4,38
S01008530,7. Sales and customer service occupations,44,17,27
S01008530,8. Process plant and machine operatives,19,16,3
S01008530,9. Elementary occupations,63,32,31
S01008531,All people aged 16 to 74 in employment,333,154,179
S01008531,1. Managers directors and senior officials,12,8,4
S01008531,2. Professional occupations,33,15,18
S01008531,3. Associate professional and technical occupations,24,10,14
S01008531,4. Administrative and secretarial occupations,45,10,35
S01008531,5. Skilled trades occupations,33,28,5
S01008531,6. Caring leisure and other service occupations,57,9,48
S01008531,7. Sales and customer service occupations,34,12,22
S01008531,8. Process plant and machine operatives,24,24,0
S01008531,9. Elementary occupations,71,38,33
S01008532,All people aged 16 to 74 in employment,184,91,93
S01008532,1. Managers directors and senior officials,8,4,4
S01008532,2. Professional occupations,22,8,14
S01008532,3. Associate professional and technical occupations,23,14,9
S01008532,4. Administrative and secretarial occupations,27,7,20
S01008532,5. Skilled trades occupations,24,23,1
S01008532,6. Caring leisure and other service occupations,22,2,20
S01008532,7. Sales and customer service occupations,25,11,14
S01008532,8. Process plant and machine operatives,10,10,0
S01008532,9. Elementary occupations,23,12,11
S01008533,All people aged 16 to 74 in employment,254,157,97
S01008533,1. Managers directors and senior officials,5,4,1
S01008533,2. Professional occupations,24,7,17
S01008533,3. Associate professional and technical occupations,130,118,12
S01008533,4. Administrative and secretarial occupations,18,3,15
S01008533,5. Skilled trades occupations,11,8,3
S01008533,6. Caring leisure and other service occupations,28,2,26
S01008533,7. Sales and customer service occupations,19,5,14
S01008533,8. Process plant and machine operatives,4,4,0
S01008533,9. Elementary occupations,15,6,9
S01008534,All people aged 16 to 74 in employment,386,208,178
S01008534,1. Managers directors and senior officials,34,21,13
S01008534,2. Professional occupations,73,43,30
S01008534,3. Associate professional and technical occupations,88,63,25
S01008534,4. Administrative and secretarial occupations,58,13,45
S01008534,5. Skilled trades occupations,26,23,3
S01008534,6. Caring leisure and other service occupations,32,1,31
S01008534,7. Sales and customer service occupations,42,19,23
S01008534,8. Process plant and machine operatives,12,12,0
S01008534,9. Elementary occupations,21,13,8
S01008535,All people aged 16 to 74 in employment,370,189,181
S01008535,1. Managers directors and senior officials,42,26,16
S01008535,2. Professional occupations,104,50,54
S01008535,3. Associate professional and technical occupations,60,31,29
S01008535,4. Administrative and secretarial occupations,60,14,46
S01008535,5. Skilled trades occupations,26,22,4
S01008535,6. Caring leisure and other service occupations,14,2,12
S01008535,7. Sales and customer service occupations,26,15,11
S01008535,8. Process plant and machine operatives,12,12,0
S01008535,9. Elementary occupations,26,17,9
S01008536,All people aged 16 to 74 in employment,259,131,128
S01008536,1. Managers directors and senior officials,26,15,11
S01008536,2. Professional occupations,82,44,38
S01008536,3. Associate professional and technical occupations,46,23,23
S01008536,4. Administrative and secretarial occupations,28,7,21
S01008536,5. Skilled trades occupations,20,18,2
S01008536,6. Caring leisure and other service occupations,20,3,17
S01008536,7. Sales and customer service occupations,16,6,10
S01008536,8. Process plant and machine operatives,9,8,1
S01008536,9. Elementary occupations,12,7,5
S01008537,All people aged 16 to 74 in employment,320,156,164
S01008537,1. Managers directors and senior officials,38,22,16
S01008537,2. Professional occupations,124,55,69
S01008537,3. Associate professional and technical occupations,52,31,21
S01008537,4. Administrative and secretarial occupations,33,11,22
S01008537,5. Skilled trades occupations,10,9,1
S01008537,6. Caring leisure and other service occupations,18,3,15
S01008537,7. Sales and customer service occupations,22,6,16
S01008537,8. Process plant and machine operatives,12,12,0
S01008537,9. Elementary occupations,11,7,4
S01008538,All people aged 16 to 74 in employment,231,114,117
S01008538,1. Managers directors and senior officials,30,19,11
S01008538,2. Professional occupations,93,49,44
S01008538,3. Associate professional and technical occupations,29,15,14
S01008538,4. Administrative and secretarial occupations,25,8,17
S01008538,5. Skilled trades occupations,6,6,0
S01008538,6. Caring leisure and other service occupations,17,5,12
S01008538,7. Sales and customer service occupations,13,2,11
S01008538,8. Process plant and machine operatives,5,4,1
S01008538,9. Elementary occupations,13,6,7
S01008539,All people aged 16 to 74 in employment,437,220,217
S01008539,1. Managers directors and senior officials,55,39,16
S01008539,2. Professional occupations,172,76,96
S01008539,3. Associate professional and technical occupations,57,31,26
S01008539,4. Administrative and secretarial occupations,54,16,38
S01008539,5. Skilled trades occupations,23,21,2
S01008539,6. Caring leisure and other service occupations,17,4,13
S01008539,7. Sales and customer service occupations,31,14,17
S01008539,8. Process plant and machine operatives,11,10,1
S01008539,9. Elementary occupations,17,9,8
S01008540,All people aged 16 to 74 in employment,405,205,200
S01008540,1. Managers directors and senior officials,72,46,26
S01008540,2. Professional occupations,137,64,73
S01008540,3. Associate professional and technical occupations,65,35,30
S01008540,4. Administrative and secretarial occupations,49,13,36
S01008540,5. Skilled trades occupations,16,13,3
S01008540,6. Caring leisure and other service occupations,21,6,15
S01008540,7. Sales and customer service occupations,14,7,7
S01008540,8. Process plant and machine operatives,13,11,2
S01008540,9. Elementary occupations,18,10,8
S01008541,All people aged 16 to 74 in employment,435,211,224
S01008541,1. Managers directors and senior officials,38,19,19
S01008541,2. Professional occupations,149,71,78
S01008541,3. Associate professional and technical occupations,64,39,25
S01008541,4. Administrative and secretarial occupations,70,20,50
S01008541,5. Skilled trades occupations,27,27,0
S01008541,6. Caring leisure and other service occupations,27,2,25
S01008541,7. Sales and customer service occupations,23,12,11
S01008541,8. Process plant and machine operatives,17,14,3
S01008541,9. Elementary occupations,20,7,13
S01008542,All people aged 16 to 74 in employment,475,246,229
S01008542,1. Managers directors and senior officials,56,38,18
S01008542,2. Professional occupations,153,80,73
S01008542,3. Associate professional and technical occupations,68,45,23
S01008542,4. Administrative and secretarial occupations,71,15,56
S01008542,5. Skilled trades occupations,22,20,2
S01008542,6. Caring leisure and other service occupations,33,7,26
S01008542,7. Sales and customer service occupations,38,18,20
S01008542,8. Process plant and machine operatives,11,11,0
S01008542,9. Elementary occupations,23,12,11
S01008543,All people aged 16 to 74 in employment,405,217,188
S01008543,1. Managers directors and senior officials,52,33,19
S01008543,2. Professional occupations,109,54,55
S01008543,3. Associate professional and technical occupations,61,30,31
S01008543,4. Administrative and secretarial occupations,61,20,41
S01008543,5. Skilled trades occupations,41,40,1
S01008543,6. Caring leisure and other service occupations,14,2,12
S01008543,7. Sales and customer service occupations,27,9,18
S01008543,8. Process plant and machine operatives,16,15,1
S01008543,9. Elementary occupations,24,14,10
S01008544,All people aged 16 to 74 in employment,358,185,173
S01008544,1. Managers directors and senior officials,46,32,14
S01008544,2. Professional occupations,135,64,71
S01008544,3. Associate professional and technical occupations,65,39,26
S01008544,4. Administrative and secretarial occupations,34,6,28
S01008544,5. Skilled trades occupations,9,7,2
S01008544,6. Caring leisure and other service occupations,18,2,16
S01008544,7. Sales and customer service occupations,21,10,11
S01008544,8. Process plant and machine operatives,15,15,0
S01008544,9. Elementary occupations,15,10,5
S01008545,All people aged 16 to 74 in employment,410,219,191
S01008545,1. Managers directors and senior officials,77,54,23
S01008545,2. Professional occupations,148,78,70
S01008545,3. Associate professional and technical occupations,66,37,29
S01008545,4. Administrative and secretarial occupations,51,10,41
S01008545,5. Skilled trades occupations,13,13,0
S01008545,6. Caring leisure and other service occupations,15,1,14
S01008545,7. Sales and customer service occupations,16,8,8
S01008545,8. Process plant and machine operatives,9,8,1
S01008545,9. Elementary occupations,15,10,5
S01008546,All people aged 16 to 74 in employment,388,210,178
S01008546,1. Managers directors and senior officials,67,53,14
S01008546,2. Professional occupations,156,81,75
S01008546,3. Associate professional and technical occupations,56,35,21
S01008546,4. Administrative and secretarial occupations,45,11,34
S01008546,5. Skilled trades occupations,13,9,4
S01008546,6. Caring leisure and other service occupations,18,2,16
S01008546,7. Sales and customer service occupations,16,6,10
S01008546,8. Process plant and machine operatives,8,8,0
S01008546,9. Elementary occupations,9,5,4
S01008547,All people aged 16 to 74 in employment,586,294,292
S01008547,1. Managers directors and senior officials,56,35,21
S01008547,2. Professional occupations,120,47,73
S01008547,3. Associate professional and technical occupations,81,42,39
S01008547,4. Administrative and secretarial occupations,95,22,73
S01008547,5. Skilled trades occupations,56,49,7
S01008547,6. Caring leisure and other service occupations,40,7,33
S01008547,7. Sales and customer service occupations,50,24,26
S01008547,8. Process plant and machine operatives,39,37,2
S01008547,9. Elementary occupations,49,31,18
S01008548,All people aged 16 to 74 in employment,492,237,255
S01008548,1. Managers directors and senior officials,60,35,25
S01008548,2. Professional occupations,89,31,58
S01008548,3. Associate professional and technical occupations,68,33,35
S01008548,4. Administrative and secretarial occupations,75,20,55
S01008548,5. Skilled trades occupations,47,42,5
S01008548,6. Caring leisure and other service occupations,40,11,29
S01008548,7. Sales and customer service occupations,40,14,26
S01008548,8. Process plant and machine operatives,36,33,3
S01008548,9. Elementary occupations,37,18,19
S01008549,All people aged 16 to 74 in employment,508,254,254
S01008549,1. Managers directors and senior officials,56,24,32
S01008549,2. Professional occupations,65,35,30
S01008549,3. Associate professional and technical occupations,66,29,37
S01008549,4. Administrative and secretarial occupations,67,15,52
S01008549,5. Skilled trades occupations,86,74,12
S01008549,6. Caring leisure and other service occupations,47,6,41
S01008549,7. Sales and customer service occupations,39,15,24
S01008549,8. Process plant and machine operatives,35,30,5
S01008549,9. Elementary occupations,47,26,21
S01008550,All people aged 16 to 74 in employment,427,217,210
S01008550,1. Managers directors and senior officials,57,42,15
S01008550,2. Professional occupations,117,52,65
S01008550,3. Associate professional and technical occupations,69,36,33
S01008550,4. Administrative and secretarial occupations,51,7,44
S01008550,5. Skilled trades occupations,26,26,0
S01008550,6. Caring leisure and other service occupations,28,7,21
S01008550,7. Sales and customer service occupations,40,19,21
S01008550,8. Process plant and machine operatives,16,15,1
S01008550,9. Elementary occupations,23,13,10
S01008551,All people aged 16 to 74 in employment,538,272,266
S01008551,1. Managers directors and senior officials,48,27,21
S01008551,2. Professional occupations,121,59,62
S01008551,3. Associate professional and technical occupations,62,33,29
S01008551,4. Administrative and secretarial occupations,101,25,76
S01008551,5. Skilled trades occupations,56,51,5
S01008551,6. Caring leisure and other service occupations,38,8,30
S01008551,7. Sales and customer service occupations,45,20,25
S01008551,8. Process plant and machine operatives,29,26,3
S01008551,9. Elementary occupations,38,23,15
S01008552,All people aged 16 to 74 in employment,437,226,211
S01008552,1. Managers directors and senior officials,40,23,17
S01008552,2. Professional occupations,107,58,49
S01008552,3. Associate professional and technical occupations,54,30,24
S01008552,4. Administrative and secretarial occupations,62,12,50
S01008552,5. Skilled trades occupations,39,39,0
S01008552,6. Caring leisure and other service occupations,43,7,36
S01008552,7. Sales and customer service occupations,31,14,17
S01008552,8. Process plant and machine operatives,25,24,1
S01008552,9. Elementary occupations,36,19,17
S01008553,All people aged 16 to 74 in employment,252,130,122
S01008553,1. Managers directors and senior officials,23,15,8
S01008553,2. Professional occupations,49,23,26
S01008553,3. Associate professional and technical occupations,24,13,11
S01008553,4. Administrative and secretarial occupations,43,8,35
S01008553,5. Skilled trades occupations,27,23,4
S01008553,6. Caring leisure and other service occupations,26,3,23
S01008553,7. Sales and customer service occupations,16,9,7
S01008553,8. Process plant and machine operatives,17,16,1
S01008553,9. Elementary occupations,27,20,7
S01008554,All people aged 16 to 74 in employment,380,192,188
S01008554,1. Managers directors and senior officials,20,13,7
S01008554,2. Professional occupations,36,19,17
S01008554,3. Associate professional and technical occupations,25,12,13
S01008554,4. Administrative and secretarial occupations,31,9,22
S01008554,5. Skilled trades occupations,60,55,5
S01008554,6. Caring leisure and other service occupations,60,7,53
S01008554,7. Sales and customer service occupations,41,14,27
S01008554,8. Process plant and machine operatives,20,16,4
S01008554,9. Elementary occupations,87,47,40
S01008555,All people aged 16 to 74 in employment,397,190,207
S01008555,1. Managers directors and senior officials,19,12,7
S01008555,2. Professional occupations,48,16,32
S01008555,3. Associate professional and technical occupations,36,17,19
S01008555,4. Administrative and secretarial occupations,38,13,25
S01008555,5. Skilled trades occupations,44,39,5
S01008555,6. Caring leisure and other service occupations,58,17,41
S01008555,7. Sales and customer service occupations,44,12,32
S01008555,8. Process plant and machine operatives,18,16,2
S01008555,9. Elementary occupations,92,48,44
S01008556,All people aged 16 to 74 in employment,283,135,148
S01008556,1. Managers directors and senior officials,12,7,5
S01008556,2. Professional occupations,27,9,18
S01008556,3. Associate professional and technical occupations,30,14,16
S01008556,4. Administrative and secretarial occupations,27,5,22
S01008556,5. Skilled trades occupations,43,39,4
S01008556,6. Caring leisure and other service occupations,43,2,41
S01008556,7. Sales and customer service occupations,28,11,17
S01008556,8. Process plant and machine operatives,14,14,0
S01008556,9. Elementary occupations,59,34,25
S01008557,All people aged 16 to 74 in employment,308,151,157
S01008557,1. Managers directors and senior officials,20,13,7
S01008557,2. Professional occupations,22,7,15
S01008557,3. Associate professional and technical occupations,26,14,12
S01008557,4. Administrative and secretarial occupations,33,7,26
S01008557,5. Skilled trades occupations,35,31,4
S01008557,6. Caring leisure and other service occupations,52,14,38
S01008557,7. Sales and customer service occupations,33,13,20
S01008557,8. Process plant and machine operatives,17,17,0
S01008557,9. Elementary occupations,70,35,35
S01008558,All people aged 16 to 74 in employment,363,190,173
S01008558,1. Managers directors and senior officials,14,9,5
S01008558,2. Professional occupations,39,21,18
S01008558,3. Associate professional and technical occupations,42,20,22
S01008558,4. Administrative and secretarial occupations,47,15,32
S01008558,5. Skilled trades occupations,47,39,8
S01008558,6. Caring leisure and other service occupations,53,14,39
S01008558,7. Sales and customer service occupations,34,15,19
S01008558,8. Process plant and machine operatives,22,21,1
S01008558,9. Elementary occupations,65,36,29
S01008559,All people aged 16 to 74 in employment,289,143,146
S01008559,1. Managers directors and senior officials,30,18,12
S01008559,2. Professional occupations,22,11,11
S01008559,3. Associate professional and technical occupations,22,10,12
S01008559,4. Administrative and secretarial occupations,31,7,24
S01008559,5. Skilled trades occupations,31,29,2
S01008559,6. Caring leisure and other service occupations,40,6,34
S01008559,7. Sales and customer service occupations,32,9,23
S01008559,8. Process plant and machine operatives,40,39,1
S01008559,9. Elementary occupations,41,14,27
S01008560,All people aged 16 to 74 in employment,300,151,149
S01008560,1. Managers directors and senior officials,21,9,12
S01008560,2. Professional occupations,39,14,25
S01008560,3. Associate professional and technical occupations,23,14,9
S01008560,4. Administrative and secretarial occupations,32,6,26
S01008560,5. Skilled trades occupations,42,39,3
S01008560,6. Caring leisure and other service occupations,43,7,36
S01008560,7. Sales and customer service occupations,22,7,15
S01008560,8. Process plant and machine operatives,27,25,2
S01008560,9. Elementary occupations,51,30,21
S01008561,All people aged 16 to 74 in employment,291,157,134
S01008561,1. Managers directors and senior officials,22,17,5
S01008561,2. Professional occupations,31,16,15
S01008561,3. Associate professional and technical occupations,21,14,7
S01008561,4. Administrative and secretarial occupations,39,7,32
S01008561,5. Skilled trades occupations,31,29,2
S01008561,6. Caring leisure and other service occupations,41,10,31
S01008561,7. Sales and customer service occupations,36,12,24
S01008561,8. Process plant and machine operatives,30,27,3
S01008561,9. Elementary occupations,40,25,15
S01008562,All people aged 16 to 74 in employment,208,89,119
S01008562,1. Managers directors and senior officials,8,4,4
S01008562,2. Professional occupations,27,11,16
S01008562,3. Associate professional and technical occupations,17,8,9
S01008562,4. Administrative and secretarial occupations,22,2,20
S01008562,5. Skilled trades occupations,25,20,5
S01008562,6. Caring leisure and other service occupations,40,8,32
S01008562,7. Sales and customer service occupations,15,7,8
S01008562,8. Process plant and machine operatives,10,9,1
S01008562,9. Elementary occupations,44,20,24
S01008563,All people aged 16 to 74 in employment,360,180,180
S01008563,1. Managers directors and senior officials,29,14,15
S01008563,2. Professional occupations,42,22,20
S01008563,3. Associate professional and technical occupations,36,16,20
S01008563,4. Administrative and secretarial occupations,34,5,29
S01008563,5. Skilled trades occupations,42,39,3
S01008563,6. Caring leisure and other service occupations,51,12,39
S01008563,7. Sales and customer service occupations,26,6,20
S01008563,8. Process plant and machine operatives,35,32,3
S01008563,9. Elementary occupations,65,34,31
S01008564,All people aged 16 to 74 in employment,269,131,138
S01008564,1. Managers directors and senior officials,13,7,6
S01008564,2. Professional occupations,31,10,21
S01008564,3. Associate professional and technical occupations,26,15,11
S01008564,4. Administrative and secretarial occupations,34,7,27
S01008564,5. Skilled trades occupations,48,43,5
S01008564,6. Caring leisure and other service occupations,42,8,34
S01008564,7. Sales and customer service occupations,22,6,16
S01008564,8. Process plant and machine operatives,18,16,2
S01008564,9. Elementary occupations,35,19,16
S01008565,All people aged 16 to 74 in employment,363,163,200
S01008565,1. Managers directors and senior officials,16,11,5
S01008565,2. Professional occupations,37,7,30
S01008565,3. Associate professional and technical occupations,32,14,18
S01008565,4. Administrative and secretarial occupations,48,14,34
S01008565,5. Skilled trades occupations,39,36,3
S01008565,6. Caring leisure and other service occupations,59,15,44
S01008565,7. Sales and customer service occupations,38,9,29
S01008565,8. Process plant and machine operatives,24,22,2
S01008565,9. Elementary occupations,70,35,35
S01008566,All people aged 16 to 74 in employment,450,225,225
S01008566,1. Managers directors and senior officials,25,17,8
S01008566,2. Professional occupations,42,15,27
S01008566,3. Associate professional and technical occupations,27,16,11
S01008566,4. Administrative and secretarial occupations,57,14,43
S01008566,5. Skilled trades occupations,66,58,8
S01008566,6. Caring leisure and other service occupations,74,13,61
S01008566,7. Sales and customer service occupations,55,20,35
S01008566,8. Process plant and machine operatives,32,30,2
S01008566,9. Elementary occupations,72,42,30
S01008567,All people aged 16 to 74 in employment,322,179,143
S01008567,1. Managers directors and senior officials,15,8,7
S01008567,2. Professional occupations,48,17,31
S01008567,3. Associate professional and technical occupations,28,17,11
S01008567,4. Administrative and secretarial occupations,30,11,19
S01008567,5. Skilled trades occupations,44,40,4
S01008567,6. Caring leisure and other service occupations,45,11,34
S01008567,7. Sales and customer service occupations,33,12,21
S01008567,8. Process plant and machine operatives,33,30,3
S01008567,9. Elementary occupations,46,33,13
S01008568,All people aged 16 to 74 in employment,415,205,210
S01008568,1. Managers directors and senior officials,31,18,13
S01008568,2. Professional occupations,84,33,51
S01008568,3. Associate professional and technical occupations,39,23,16
S01008568,4. Administrative and secretarial occupations,45,7,38
S01008568,5. Skilled trades occupations,45,41,4
S01008568,6. Caring leisure and other service occupations,53,10,43
S01008568,7. Sales and customer service occupations,50,22,28
S01008568,8. Process plant and machine operatives,24,23,1
S01008568,9. Elementary occupations,44,28,16
S01008569,All people aged 16 to 74 in employment,237,142,95
S01008569,1. Managers directors and senior officials,8,7,1
S01008569,2. Professional occupations,41,26,15
S01008569,3. Associate professional and technical occupations,14,7,7
S01008569,4. Administrative and secretarial occupations,18,6,12
S01008569,5. Skilled trades occupations,22,22,0
S01008569,6. Caring leisure and other service occupations,36,14,22
S01008569,7. Sales and customer service occupations,20,10,10
S01008569,8. Process plant and machine operatives,17,16,1
S01008569,9. Elementary occupations,61,34,27
S01008570,All people aged 16 to 74 in employment,356,165,191
S01008570,1. Managers directors and senior officials,17,9,8
S01008570,2. Professional occupations,36,13,23
S01008570,3. Associate professional and technical occupations,26,12,14
S01008570,4. Administrative and secretarial occupations,36,8,28
S01008570,5. Skilled trades occupations,56,47,9
S01008570,6. Caring leisure and other service occupations,65,13,52
S01008570,7. Sales and customer service occupations,33,13,20
S01008570,8. Process plant and machine operatives,19,19,0
S01008570,9. Elementary occupations,68,31,37
S01008571,All people aged 16 to 74 in employment,284,142,142
S01008571,1. Managers directors and senior officials,20,11,9
S01008571,2. Professional occupations,29,15,14
S01008571,3. Associate professional and technical occupations,25,12,13
S01008571,4. Administrative and secretarial occupations,35,9,26
S01008571,5. Skilled trades occupations,25,21,4
S01008571,6. Caring leisure and other service occupations,46,9,37
S01008571,7. Sales and customer service occupations,28,8,20
S01008571,8. Process plant and machine operatives,27,26,1
S01008571,9. Elementary occupations,49,31,18
S01008572,All people aged 16 to 74 in employment,364,187,177
S01008572,1. Managers directors and senior officials,29,19,10
S01008572,2. Professional occupations,60,23,37
S01008572,3. Associate professional and technical occupations,32,17,15
S01008572,4. Administrative and secretarial occupations,41,9,32
S01008572,5. Skilled trades occupations,51,47,4
S01008572,6. Caring leisure and other service occupations,50,14,36
S01008572,7. Sales and customer service occupations,37,15,22
S01008572,8. Process plant and machine operatives,23,21,2
S01008572,9. Elementary occupations,41,22,19
S01008573,All people aged 16 to 74 in employment,435,225,210
S01008573,1. Managers directors and senior officials,47,28,19
S01008573,2. Professional occupations,103,53,50
S01008573,3. Associate professional and technical occupations,52,33,19
S01008573,4. Administrative and secretarial occupations,64,15,49
S01008573,5. Skilled trades occupations,48,44,4
S01008573,6. Caring leisure and other service occupations,37,3,34
S01008573,7. Sales and customer service occupations,31,11,20
S01008573,8. Process plant and machine operatives,26,25,1
S01008573,9. Elementary occupations,27,13,14
S01008574,All people aged 16 to 74 in employment,430,217,213
S01008574,1. Managers directors and senior officials,42,25,17
S01008574,2. Professional occupations,113,54,59
S01008574,3. Associate professional and technical occupations,47,25,22
S01008574,4. Administrative and secretarial occupations,63,19,44
S01008574,5. Skilled trades occupations,46,41,5
S01008574,6. Caring leisure and other service occupations,41,10,31
S01008574,7. Sales and customer service occupations,29,9,20
S01008574,8. Process plant and machine operatives,18,15,3
S01008574,9. Elementary occupations,31,19,12
S01008575,All people aged 16 to 74 in employment,392,205,187
S01008575,1. Managers directors and senior officials,67,41,26
S01008575,2. Professional occupations,119,63,56
S01008575,3. Associate professional and technical occupations,53,29,24
S01008575,4. Administrative and secretarial occupations,56,16,40
S01008575,5. Skilled trades occupations,31,26,5
S01008575,6. Caring leisure and other service occupations,17,5,12
S01008575,7. Sales and customer service occupations,21,9,12
S01008575,8. Process plant and machine operatives,11,8,3
S01008575,9. Elementary occupations,17,8,9
S01008576,All people aged 16 to 74 in employment,446,211,235
S01008576,1. Managers directors and senior officials,36,18,18
S01008576,2. Professional occupations,102,41,61
S01008576,3. Associate professional and technical occupations,57,29,28
S01008576,4. Administrative and secretarial occupations,67,15,52
S01008576,5. Skilled trades occupations,36,34,2
S01008576,6. Caring leisure and other service occupations,33,7,26
S01008576,7. Sales and customer service occupations,40,10,30
S01008576,8. Process plant and machine operatives,29,29,0
S01008576,9. Elementary occupations,46,28,18
S01008577,All people aged 16 to 74 in employment,374,180,194
S01008577,1. Managers directors and senior officials,37,25,12
S01008577,2. Professional occupations,112,50,62
S01008577,3. Associate professional and technical occupations,66,29,37
S01008577,4. Administrative and secretarial occupations,42,7,35
S01008577,5. Skilled trades occupations,30,27,3
S01008577,6. Caring leisure and other service occupations,21,3,18
S01008577,7. Sales and customer service occupations,27,8,19
S01008577,8. Process plant and machine operatives,16,14,2
S01008577,9. Elementary occupations,23,17,6
S01008578,All people aged 16 to 74 in employment,354,185,169
S01008578,1. Managers directors and senior officials,54,38,16
S01008578,2. Professional occupations,160,78,82
S01008578,3. Associate professional and technical occupations,49,27,22
S01008578,4. Administrative and secretarial occupations,34,10,24
S01008578,5. Skilled trades occupations,13,13,0
S01008578,6. Caring leisure and other service occupations,19,6,13
S01008578,7. Sales and customer service occupations,13,5,8
S01008578,8. Process plant and machine operatives,3,3,0
S01008578,9. Elementary occupations,9,5,4
S01008579,All people aged 16 to 74 in employment,291,148,143
S01008579,1. Managers directors and senior officials,33,22,11
S01008579,2. Professional occupations,120,50,70
S01008579,3. Associate professional and technical occupations,41,24,17
S01008579,4. Administrative and secretarial occupations,30,9,21
S01008579,5. Skilled trades occupations,21,18,3
S01008579,6. Caring leisure and other service occupations,15,4,11
S01008579,7. Sales and customer service occupations,12,4,8
S01008579,8. Process plant and machine operatives,13,13,0
S01008579,9. Elementary occupations,6,4,2
S01008580,All people aged 16 to 74 in employment,279,145,134
S01008580,1. Managers directors and senior officials,20,10,10
S01008580,2. Professional occupations,61,32,29
S01008580,3. Associate professional and technical occupations,52,29,23
S01008580,4. Administrative and secretarial occupations,37,9,28
S01008580,5. Skilled trades occupations,27,25,2
S01008580,6. Caring leisure and other service occupations,24,5,19
S01008580,7. Sales and customer service occupations,24,11,13
S01008580,8. Process plant and machine operatives,13,13,0
S01008580,9. Elementary occupations,21,11,10
S01008581,All people aged 16 to 74 in employment,389,189,200
S01008581,1. Managers directors and senior officials,23,13,10
S01008581,2. Professional occupations,67,30,37
S01008581,3. Associate professional and technical occupations,33,18,15
S01008581,4. Administrative and secretarial occupations,47,11,36
S01008581,5. Skilled trades occupations,42,38,4
S01008581,6. Caring leisure and other service occupations,52,8,44
S01008581,7. Sales and customer service occupations,42,16,26
S01008581,8. Process plant and machine operatives,19,18,1
S01008581,9. Elementary occupations,64,37,27
S01008582,All people aged 16 to 74 in employment,457,239,218
S01008582,1. Managers directors and senior officials,30,17,13
S01008582,2. Professional occupations,82,46,36
S01008582,3. Associate professional and technical occupations,44,23,21
S01008582,4. Administrative and secretarial occupations,59,14,45
S01008582,5. Skilled trades occupations,44,37,7
S01008582,6. Caring leisure and other service occupations,48,11,37
S01008582,7. Sales and customer service occupations,50,21,29
S01008582,8. Process plant and machine operatives,28,24,4
S01008582,9. Elementary occupations,72,46,26
S01008583,All people aged 16 to 74 in employment,307,150,157
S01008583,1. Managers directors and senior officials,18,12,6
S01008583,2. Professional occupations,66,30,36
S01008583,3. Associate professional and technical occupations,20,12,8
S01008583,4. Administrative and secretarial occupations,32,7,25
S01008583,5. Skilled trades occupations,30,27,3
S01008583,6. Caring leisure and other service occupations,55,15,40
S01008583,7. Sales and customer service occupations,26,9,17
S01008583,8. Process plant and machine operatives,24,22,2
S01008583,9. Elementary occupations,36,16,20
S01008584,All people aged 16 to 74 in employment,358,187,171
S01008584,1. Managers directors and senior officials,20,15,5
S01008584,2. Professional occupations,66,35,31
S01008584,3. Associate professional and technical occupations,46,22,24
S01008584,4. Administrative and secretarial occupations,49,13,36
S01008584,5. Skilled trades occupations,42,36,6
S01008584,6. Caring leisure and other service occupations,41,14,27
S01008584,7. Sales and customer service occupations,28,13,15
S01008584,8. Process plant and machine operatives,19,15,4
S01008584,9. Elementary occupations,47,24,23
S01008585,All people aged 16 to 74 in employment,264,136,128
S01008585,1. Managers directors and senior officials,13,9,4
S01008585,2. Professional occupations,43,19,24
S01008585,3. Associate professional and technical occupations,26,16,10
S01008585,4. Administrative and secretarial occupations,38,16,22
S01008585,5. Skilled trades occupations,30,28,2
S01008585,6. Caring leisure and other service occupations,45,10,35
S01008585,7. Sales and customer service occupations,13,6,7
S01008585,8. Process plant and machine operatives,12,10,2
S01008585,9. Elementary occupations,44,22,22
S01008586,All people aged 16 to 74 in employment,328,173,155
S01008586,1. Managers directors and senior officials,10,5,5
S01008586,2. Professional occupations,48,24,24
S01008586,3. Associate professional and technical occupations,38,20,18
S01008586,4. Administrative and secretarial occupations,38,6,32
S01008586,5. Skilled trades occupations,52,47,5
S01008586,6. Caring leisure and other service occupations,34,9,25
S01008586,7. Sales and customer service occupations,33,10,23
S01008586,8. Process plant and machine operatives,20,20,0
S01008586,9. Elementary occupations,55,32,23
S01008587,All people aged 16 to 74 in employment,369,201,168
S01008587,1. Managers directors and senior officials,47,30,17
S01008587,2. Professional occupations,128,72,56
S01008587,3. Associate professional and technical occupations,65,37,28
S01008587,4. Administrative and secretarial occupations,48,12,36
S01008587,5. Skilled trades occupations,21,21,0
S01008587,6. Caring leisure and other service occupations,19,5,14
S01008587,7. Sales and customer service occupations,16,9,7
S01008587,8. Process plant and machine operatives,5,4,1
S01008587,9. Elementary occupations,20,11,9
S01008588,All people aged 16 to 74 in employment,344,176,168
S01008588,1. Managers directors and senior officials,30,23,7
S01008588,2. Professional occupations,158,73,85
S01008588,3. Associate professional and technical occupations,54,28,26
S01008588,4. Administrative and secretarial occupations,23,8,15
S01008588,5. Skilled trades occupations,19,16,3
S01008588,6. Caring leisure and other service occupations,19,4,15
S01008588,7. Sales and customer service occupations,17,10,7
S01008588,8. Process plant and machine operatives,4,2,2
S01008588,9. Elementary occupations,20,12,8
S01008589,All people aged 16 to 74 in employment,171,86,85
S01008589,1. Managers directors and senior officials,14,8,6
S01008589,2. Professional occupations,57,29,28
S01008589,3. Associate professional and technical occupations,30,18,12
S01008589,4. Administrative and secretarial occupations,29,8,21
S01008589,5. Skilled trades occupations,4,4,0
S01008589,6. Caring leisure and other service occupations,14,3,11
S01008589,7. Sales and customer service occupations,6,3,3
S01008589,8. Process plant and machine operatives,7,7,0
S01008589,9. Elementary occupations,10,6,4
S01008590,All people aged 16 to 74 in employment,308,153,155
S01008590,1. Managers directors and senior officials,32,15,17
S01008590,2. Professional occupations,143,65,78
S01008590,3. Associate professional and technical occupations,49,33,16
S01008590,4. Administrative and secretarial occupations,25,3,22
S01008590,5. Skilled trades occupations,11,10,1
S01008590,6. Caring leisure and other service occupations,19,8,11
S01008590,7. Sales and customer service occupations,9,6,3
S01008590,8. Process plant and machine operatives,7,6,1
S01008590,9. Elementary occupations,13,7,6
S01008591,All people aged 16 to 74 in employment,392,209,183
S01008591,1. Managers directors and senior officials,45,31,14
S01008591,2. Professional occupations,167,86,81
S01008591,3. Associate professional and technical occupations,40,26,14
S01008591,4. Administrative and secretarial occupations,32,10,22
S01008591,5. Skilled trades occupations,23,18,5
S01008591,6. Caring leisure and other service occupations,24,6,18
S01008591,7. Sales and customer service occupations,24,10,14
S01008591,8. Process plant and machine operatives,5,5,0
S01008591,9. Elementary occupations,32,17,15
S01008592,All people aged 16 to 74 in employment,317,162,155
S01008592,1. Managers directors and senior officials,20,11,9
S01008592,2. Professional occupations,85,48,37
S01008592,3. Associate professional and technical occupations,51,27,24
S01008592,4. Administrative and secretarial occupations,40,8,32
S01008592,5. Skilled trades occupations,33,31,2
S01008592,6. Caring leisure and other service occupations,32,8,24
S01008592,7. Sales and customer service occupations,21,7,14
S01008592,8. Process plant and machine operatives,13,12,1
S01008592,9. Elementary occupations,22,10,12
S01008593,All people aged 16 to 74 in employment,361,193,168
S01008593,1. Managers directors and senior officials,63,42,21
S01008593,2. Professional occupations,186,89,97
S01008593,3. Associate professional and technical occupations,41,24,17
S01008593,4. Administrative and secretarial occupations,23,10,13
S01008593,5. Skilled trades occupations,11,10,1
S01008593,6. Caring leisure and other service occupations,9,1,8
S01008593,7. Sales and customer service occupations,15,9,6
S01008593,8. Process plant and machine operatives,2,2,0
S01008593,9. Elementary occupations,11,6,5
S01008594,All people aged 16 to 74 in employment,490,254,236
S01008594,1. Managers directors and senior officials,69,44,25
S01008594,2. Professional occupations,243,132,111
S01008594,3. Associate professional and technical occupations,61,34,27
S01008594,4. Administrative and secretarial occupations,37,8,29
S01008594,5. Skilled trades occupations,13,11,2
S01008594,6. Caring leisure and other service occupations,20,2,18
S01008594,7. Sales and customer service occupations,22,11,11
S01008594,8. Process plant and machine operatives,6,6,0
S01008594,9. Elementary occupations,19,6,13
S01008595,All people aged 16 to 74 in employment,336,178,158
S01008595,1. Managers directors and senior officials,22,10,12
S01008595,2. Professional occupations,76,43,33
S01008595,3. Associate professional and technical occupations,36,18,18
S01008595,4. Administrative and secretarial occupations,47,17,30
S01008595,5. Skilled trades occupations,35,29,6
S01008595,6. Caring leisure and other service occupations,35,6,29
S01008595,7. Sales and customer service occupations,25,9,16
S01008595,8. Process plant and machine operatives,14,14,0
S01008595,9. Elementary occupations,46,32,14
S01008596,All people aged 16 to 74 in employment,345,171,174
S01008596,1. Managers directors and senior officials,13,10,3
S01008596,2. Professional occupations,82,44,38
S01008596,3. Associate professional and technical occupations,37,15,22
S01008596,4. Administrative and secretarial occupations,50,15,35
S01008596,5. Skilled trades occupations,34,31,3
S01008596,6. Caring leisure and other service occupations,35,8,27
S01008596,7. Sales and customer service occupations,38,13,25
S01008596,8. Process plant and machine operatives,9,8,1
S01008596,9. Elementary occupations,47,27,20
S01008597,All people aged 16 to 74 in employment,427,207,220
S01008597,1. Managers directors and senior officials,43,26,17
S01008597,2. Professional occupations,125,54,71
S01008597,3. Associate professional and technical occupations,68,33,35
S01008597,4. Administrative and secretarial occupations,67,21,46
S01008597,5. Skilled trades occupations,27,24,3
S01008597,6. Caring leisure and other service occupations,28,7,21
S01008597,7. Sales and customer service occupations,24,9,15
S01008597,8. Process plant and machine operatives,22,19,3
S01008597,9. Elementary occupations,23,14,9
S01008598,All people aged 16 to 74 in employment,343,168,175
S01008598,1. Managers directors and senior officials,36,21,15
S01008598,2. Professional occupations,93,46,47
S01008598,3. Associate professional and technical occupations,46,19,27
S01008598,4. Administrative and secretarial occupations,34,9,25
S01008598,5. Skilled trades occupations,20,18,2
S01008598,6. Caring leisure and other service occupations,29,7,22
S01008598,7. Sales and customer service occupations,34,17,17
S01008598,8. Process plant and machine operatives,3,2,1
S01008598,9. Elementary occupations,48,29,19
S01008599,All people aged 16 to 74 in employment,453,252,201
S01008599,1. Managers directors and senior officials,58,37,21
S01008599,2. Professional occupations,185,102,83
S01008599,3. Associate professional and technical occupations,66,38,28
S01008599,4. Administrative and secretarial occupations,30,10,20
S01008599,5. Skilled trades occupations,13,12,1
S01008599,6. Caring leisure and other service occupations,24,7,17
S01008599,7. Sales and customer service occupations,35,18,17
S01008599,8. Process plant and machine operatives,5,5,0
S01008599,9. Elementary occupations,37,23,14
S01008600,All people aged 16 to 74 in employment,332,177,155
S01008600,1. Managers directors and senior officials,67,47,20
S01008600,2. Professional occupations,131,61,70
S01008600,3. Associate professional and technical occupations,51,24,27
S01008600,4. Administrative and secretarial occupations,20,5,15
S01008600,5. Skilled trades occupations,8,8,0
S01008600,6. Caring leisure and other service occupations,18,6,12
S01008600,7. Sales and customer service occupations,17,13,4
S01008600,8. Process plant and machine operatives,5,4,1
S01008600,9. Elementary occupations,15,9,6
S01008601,All people aged 16 to 74 in employment,500,239,261
S01008601,1. Managers directors and senior officials,36,26,10
S01008601,2. Professional occupations,103,55,48
S01008601,3. Associate professional and technical occupations,60,34,26
S01008601,4. Administrative and secretarial occupations,44,19,25
S01008601,5. Skilled trades occupations,18,15,3
S01008601,6. Caring leisure and other service occupations,33,16,17
S01008601,7. Sales and customer service occupations,97,26,71
S01008601,8. Process plant and machine operatives,6,5,1
S01008601,9. Elementary occupations,103,43,60
S01008602,All people aged 16 to 74 in employment,295,156,139
S01008602,1. Managers directors and senior officials,20,13,7
S01008602,2. Professional occupations,92,51,41
S01008602,3. Associate professional and technical occupations,42,21,21
S01008602,4. Administrative and secretarial occupations,22,9,13
S01008602,5. Skilled trades occupations,18,18,0
S01008602,6. Caring leisure and other service occupations,25,7,18
S01008602,7. Sales and customer service occupations,41,19,22
S01008602,8. Process plant and machine operatives,7,6,1
S01008602,9. Elementary occupations,28,12,16
S01008603,All people aged 16 to 74 in employment,524,270,254
S01008603,1. Managers directors and senior officials,33,20,13
S01008603,2. Professional occupations,189,105,84
S01008603,3. Associate professional and technical occupations,73,38,35
S01008603,4. Administrative and secretarial occupations,50,23,27
S01008603,5. Skilled trades occupations,24,20,4
S01008603,6. Caring leisure and other service occupations,49,17,32
S01008603,7. Sales and customer service occupations,41,18,23
S01008603,8. Process plant and machine operatives,8,8,0
S01008603,9. Elementary occupations,57,21,36
S01008604,All people aged 16 to 74 in employment,430,228,202
S01008604,1. Managers directors and senior officials,55,32,23
S01008604,2. Professional occupations,178,101,77
S01008604,3. Associate professional and technical occupations,55,29,26
S01008604,4. Administrative and secretarial occupations,24,7,17
S01008604,5. Skilled trades occupations,23,15,8
S01008604,6. Caring leisure and other service occupations,23,6,17
S01008604,7. Sales and customer service occupations,35,17,18
S01008604,8. Process plant and machine operatives,10,10,0
S01008604,9. Elementary occupations,27,11,16
S01008605,All people aged 16 to 74 in employment,372,200,172
S01008605,1. Managers directors and senior officials,29,19,10
S01008605,2. Professional occupations,164,91,73
S01008605,3. Associate professional and technical occupations,61,34,27
S01008605,4. Administrative and secretarial occupations,26,10,16
S01008605,5. Skilled trades occupations,15,12,3
S01008605,6. Caring leisure and other service occupations,16,4,12
S01008605,7. Sales and customer service occupations,30,14,16
S01008605,8. Process plant and machine operatives,5,5,0
S01008605,9. Elementary occupations,26,11,15
S01008606,All people aged 16 to 74 in employment,380,196,184
S01008606,1. Managers directors and senior officials,66,37,29
S01008606,2. Professional occupations,158,86,72
S01008606,3. Associate professional and technical occupations,47,25,22
S01008606,4. Administrative and secretarial occupations,30,6,24
S01008606,5. Skilled trades occupations,12,12,0
S01008606,6. Caring leisure and other service occupations,20,3,17
S01008606,7. Sales and customer service occupations,14,10,4
S01008606,8. Process plant and machine operatives,3,3,0
S01008606,9. Elementary occupations,30,14,16
S01008607,All people aged 16 to 74 in employment,263,135,128
S01008607,1. Managers directors and senior officials,36,26,10
S01008607,2. Professional occupations,128,71,57
S01008607,3. Associate professional and technical occupations,52,23,29
S01008607,4. Administrative and secretarial occupations,20,4,16
S01008607,5. Skilled trades occupations,3,2,1
S01008607,6. Caring leisure and other service occupations,12,3,9
S01008607,7. Sales and customer service occupations,6,3,3
S01008607,8. Process plant and machine operatives,1,1,0
S01008607,9. Elementary occupations,5,2,3
S01008608,All people aged 16 to 74 in employment,315,159,156
S01008608,1. Managers directors and senior officials,36,22,14
S01008608,2. Professional occupations,167,80,87
S01008608,3. Associate professional and technical occupations,48,29,19
S01008608,4. Administrative and secretarial occupations,21,6,15
S01008608,5. Skilled trades occupations,9,9,0
S01008608,6. Caring leisure and other service occupations,10,1,9
S01008608,7. Sales and customer service occupations,14,5,9
S01008608,8. Process plant and machine operatives,3,3,0
S01008608,9. Elementary occupations,7,4,3
S01008609,All people aged 16 to 74 in employment,385,197,188
S01008609,1. Managers directors and senior officials,52,30,22
S01008609,2. Professional occupations,167,83,84
S01008609,3. Associate professional and technical occupations,68,38,30
S01008609,4. Administrative and secretarial occupations,30,6,24
S01008609,5. Skilled trades occupations,21,21,0
S01008609,6. Caring leisure and other service occupations,24,6,18
S01008609,7. Sales and customer service occupations,8,3,5
S01008609,8. Process plant and machine operatives,6,5,1
S01008609,9. Elementary occupations,9,5,4
S01008610,All people aged 16 to 74 in employment,338,176,162
S01008610,1. Managers directors and senior officials,47,34,13
S01008610,2. Professional occupations,134,71,63
S01008610,3. Associate professional and technical occupations,49,23,26
S01008610,4. Administrative and secretarial occupations,26,5,21
S01008610,5. Skilled trades occupations,11,10,1
S01008610,6. Caring leisure and other service occupations,14,4,10
S01008610,7. Sales and customer service occupations,29,13,16
S01008610,8. Process plant and machine operatives,5,5,0
S01008610,9. Elementary occupations,23,11,12
S01008611,All people aged 16 to 74 in employment,581,279,302
S01008611,1. Managers directors and senior officials,37,20,17
S01008611,2. Professional occupations,224,116,108
S01008611,3. Associate professional and technical occupations,71,43,28
S01008611,4. Administrative and secretarial occupations,62,19,43
S01008611,5. Skilled trades occupations,18,13,5
S01008611,6. Caring leisure and other service occupations,37,10,27
S01008611,7. Sales and customer service occupations,62,28,34
S01008611,8. Process plant and machine operatives,6,5,1
S01008611,9. Elementary occupations,64,25,39
S01008612,All people aged 16 to 74 in employment,378,202,176
S01008612,1. Managers directors and senior officials,28,18,10
S01008612,2. Professional occupations,137,74,63
S01008612,3. Associate professional and technical occupations,57,34,23
S01008612,4. Administrative and secretarial occupations,32,11,21
S01008612,5. Skilled trades occupations,15,13,2
S01008612,6. Caring leisure and other service occupations,30,9,21
S01008612,7. Sales and customer service occupations,34,16,18
S01008612,8. Process plant and machine operatives,7,6,1
S01008612,9. Elementary occupations,38,21,17
S01008613,All people aged 16 to 74 in employment,361,181,180
S01008613,1. Managers directors and senior officials,27,14,13
S01008613,2. Professional occupations,145,82,63
S01008613,3. Associate professional and technical occupations,64,33,31
S01008613,4. Administrative and secretarial occupations,29,8,21
S01008613,5. Skilled trades occupations,6,3,3
S01008613,6. Caring leisure and other service occupations,18,8,10
S01008613,7. Sales and customer service occupations,32,11,21
S01008613,8. Process plant and machine operatives,4,4,0
S01008613,9. Elementary occupations,36,18,18
S01008614,All people aged 16 to 74 in employment,293,154,139
S01008614,1. Managers directors and senior officials,24,16,8
S01008614,2. Professional occupations,112,63,49
S01008614,3. Associate professional and technical occupations,42,20,22
S01008614,4. Administrative and secretarial occupations,16,4,12
S01008614,5. Skilled trades occupations,9,8,1
S01008614,6. Caring leisure and other service occupations,19,4,15
S01008614,7. Sales and customer service occupations,21,10,11
S01008614,8. Process plant and machine operatives,6,6,0
S01008614,9. Elementary occupations,44,23,21
S01008615,All people aged 16 to 74 in employment,368,188,180
S01008615,1. Managers directors and senior officials,23,13,10
S01008615,2. Professional occupations,149,77,72
S01008615,3. Associate professional and technical occupations,52,29,23
S01008615,4. Administrative and secretarial occupations,24,11,13
S01008615,5. Skilled trades occupations,14,13,1
S01008615,6. Caring leisure and other service occupations,19,6,13
S01008615,7. Sales and customer service occupations,40,10,30
S01008615,8. Process plant and machine operatives,2,2,0
S01008615,9. Elementary occupations,45,27,18
S01008616,All people aged 16 to 74 in employment,319,147,172
S01008616,1. Managers directors and senior officials,25,15,10
S01008616,2. Professional occupations,104,52,52
S01008616,3. Associate professional and technical occupations,56,25,31
S01008616,4. Administrative and secretarial occupations,18,7,11
S01008616,5. Skilled trades occupations,10,7,3
S01008616,6. Caring leisure and other service occupations,20,3,17
S01008616,7. Sales and customer service occupations,34,15,19
S01008616,8. Process plant and machine operatives,4,3,1
S01008616,9. Elementary occupations,48,20,28
S01008617,All people aged 16 to 74 in employment,306,158,148
S01008617,1. Managers directors and senior officials,34,18,16
S01008617,2. Professional occupations,103,56,47
S01008617,3. Associate professional and technical occupations,56,31,25
S01008617,4. Administrative and secretarial occupations,20,7,13
S01008617,5. Skilled trades occupations,5,5,0
S01008617,6. Caring leisure and other service occupations,12,4,8
S01008617,7. Sales and customer service occupations,38,16,22
S01008617,8. Process plant and machine operatives,3,3,0
S01008617,9. Elementary occupations,35,18,17
S01008618,All people aged 16 to 74 in employment,295,132,163
S01008618,1. Managers directors and senior officials,15,9,6
S01008618,2. Professional occupations,105,51,54
S01008618,3. Associate professional and technical occupations,38,19,19
S01008618,4. Administrative and secretarial occupations,20,5,15
S01008618,5. Skilled trades occupations,11,10,1
S01008618,6. Caring leisure and other service occupations,16,3,13
S01008618,7. Sales and customer service occupations,43,18,25
S01008618,8. Process plant and machine operatives,2,2,0
S01008618,9. Elementary occupations,45,15,30
S01008619,All people aged 16 to 74 in employment,258,120,138
S01008619,1. Managers directors and senior officials,25,11,14
S01008619,2. Professional occupations,91,39,52
S01008619,3. Associate professional and technical occupations,34,25,9
S01008619,4. Administrative and secretarial occupations,24,9,15
S01008619,5. Skilled trades occupations,3,3,0
S01008619,6. Caring leisure and other service occupations,18,6,12
S01008619,7. Sales and customer service occupations,26,13,13
S01008619,8. Process plant and machine operatives,1,1,0
S01008619,9. Elementary occupations,36,13,23
S01008620,All people aged 16 to 74 in employment,360,168,192
S01008620,1. Managers directors and senior officials,30,18,12
S01008620,2. Professional occupations,126,65,61
S01008620,3. Associate professional and technical occupations,66,28,38
S01008620,4. Administrative and secretarial occupations,26,10,16
S01008620,5. Skilled trades occupations,13,10,3
S01008620,6. Caring leisure and other service occupations,15,8,7
S01008620,7. Sales and customer service occupations,38,11,27
S01008620,8. Process plant and machine operatives,2,2,0
S01008620,9. Elementary occupations,44,16,28
S01008621,All people aged 16 to 74 in employment,327,148,179
S01008621,1. Managers directors and senior officials,19,12,7
S01008621,2. Professional occupations,105,51,54
S01008621,3. Associate professional and technical occupations,44,16,28
S01008621,4. Administrative and secretarial occupations,32,8,24
S01008621,5. Skilled trades occupations,9,7,2
S01008621,6. Caring leisure and other service occupations,24,13,11
S01008621,7. Sales and customer service occupations,47,18,29
S01008621,8. Process plant and machine operatives,2,2,0
S01008621,9. Elementary occupations,45,21,24
S01008622,All people aged 16 to 74 in employment,252,131,121
S01008622,1. Managers directors and senior officials,19,11,8
S01008622,2. Professional occupations,104,56,48
S01008622,3. Associate professional and technical occupations,41,20,21
S01008622,4. Administrative and secretarial occupations,25,14,11
S01008622,5. Skilled trades occupations,10,9,1
S01008622,6. Caring leisure and other service occupations,17,3,14
S01008622,7. Sales and customer service occupations,11,5,6
S01008622,8. Process plant and machine operatives,3,1,2
S01008622,9. Elementary occupations,22,12,10
S01008623,All people aged 16 to 74 in employment,382,201,181
S01008623,1. Managers directors and senior officials,41,24,17
S01008623,2. Professional occupations,151,87,64
S01008623,3. Associate professional and technical occupations,59,37,22
S01008623,4. Administrative and secretarial occupations,29,7,22
S01008623,5. Skilled trades occupations,16,9,7
S01008623,6. Caring leisure and other service occupations,14,4,10
S01008623,7. Sales and customer service occupations,26,10,16
S01008623,8. Process plant and machine operatives,1,0,1
S01008623,9. Elementary occupations,45,23,22
S01008624,All people aged 16 to 74 in employment,266,144,122
S01008624,1. Managers directors and senior officials,59,39,20
S01008624,2. Professional occupations,115,61,54
S01008624,3. Associate professional and technical occupations,35,23,12
S01008624,4. Administrative and secretarial occupations,23,5,18
S01008624,5. Skilled trades occupations,10,9,1
S01008624,6. Caring leisure and other service occupations,8,2,6
S01008624,7. Sales and customer service occupations,7,1,6
S01008624,8. Process plant and machine operatives,5,3,2
S01008624,9. Elementary occupations,4,1,3
S01008625,All people aged 16 to 74 in employment,262,142,120
S01008625,1. Managers directors and senior officials,54,34,20
S01008625,2. Professional occupations,127,68,59
S01008625,3. Associate professional and technical occupations,41,24,17
S01008625,4. Administrative and secretarial occupations,18,4,14
S01008625,5. Skilled trades occupations,1,1,0
S01008625,6. Caring leisure and other service occupations,5,1,4
S01008625,7. Sales and customer service occupations,8,4,4
S01008625,8. Process plant and machine operatives,3,3,0
S01008625,9. Elementary occupations,5,3,2
S01008626,All people aged 16 to 74 in employment,482,255,227
S01008626,1. Managers directors and senior officials,57,45,12
S01008626,2. Professional occupations,224,115,109
S01008626,3. Associate professional and technical occupations,68,38,30
S01008626,4. Administrative and secretarial occupations,42,13,29
S01008626,5. Skilled trades occupations,17,13,4
S01008626,6. Caring leisure and other service occupations,23,4,19
S01008626,7. Sales and customer service occupations,27,11,16
S01008626,8. Process plant and machine operatives,6,6,0
S01008626,9. Elementary occupations,18,10,8
S01008627,All people aged 16 to 74 in employment,334,171,163
S01008627,1. Managers directors and senior officials,58,32,26
S01008627,2. Professional occupations,149,77,72
S01008627,3. Associate professional and technical occupations,53,31,22
S01008627,4. Administrative and secretarial occupations,29,9,20
S01008627,5. Skilled trades occupations,12,11,1
S01008627,6. Caring leisure and other service occupations,11,2,9
S01008627,7. Sales and customer service occupations,8,2,6
S01008627,8. Process plant and machine operatives,1,1,0
S01008627,9. Elementary occupations,13,6,7
S01008628,All people aged 16 to 74 in employment,332,161,171
S01008628,1. Managers directors and senior officials,22,14,8
S01008628,2. Professional occupations,151,71,80
S01008628,3. Associate professional and technical occupations,63,31,32
S01008628,4. Administrative and secretarial occupations,18,7,11
S01008628,5. Skilled trades occupations,15,13,2
S01008628,6. Caring leisure and other service occupations,23,7,16
S01008628,7. Sales and customer service occupations,23,8,15
S01008628,8. Process plant and machine operatives,4,3,1
S01008628,9. Elementary occupations,13,7,6
S01008629,All people aged 16 to 74 in employment,294,137,157
S01008629,1. Managers directors and senior officials,19,12,7
S01008629,2. Professional occupations,116,52,64
S01008629,3. Associate professional and technical occupations,56,27,29
S01008629,4. Administrative and secretarial occupations,30,10,20
S01008629,5. Skilled trades occupations,9,8,1
S01008629,6. Caring leisure and other service occupations,21,6,15
S01008629,7. Sales and customer service occupations,14,5,9
S01008629,8. Process plant and machine operatives,6,4,2
S01008629,9. Elementary occupations,23,13,10
S01008630,All people aged 16 to 74 in employment,291,158,133
S01008630,1. Managers directors and senior officials,23,16,7
S01008630,2. Professional occupations,112,59,53
S01008630,3. Associate professional and technical occupations,41,18,23
S01008630,4. Administrative and secretarial occupations,32,11,21
S01008630,5. Skilled trades occupations,21,18,3
S01008630,6. Caring leisure and other service occupations,17,8,9
S01008630,7. Sales and customer service occupations,18,10,8
S01008630,8. Process plant and machine operatives,2,2,0
S01008630,9. Elementary occupations,25,16,9
S01008631,All people aged 16 to 74 in employment,512,274,238
S01008631,1. Managers directors and senior officials,58,37,21
S01008631,2. Professional occupations,208,102,106
S01008631,3. Associate professional and technical occupations,77,42,35
S01008631,4. Administrative and secretarial occupations,42,20,22
S01008631,5. Skilled trades occupations,22,22,0
S01008631,6. Caring leisure and other service occupations,30,10,20
S01008631,7. Sales and customer service occupations,34,16,18
S01008631,8. Process plant and machine operatives,4,4,0
S01008631,9. Elementary occupations,37,21,16
S01008632,All people aged 16 to 74 in employment,459,225,234
S01008632,1. Managers directors and senior officials,33,20,13
S01008632,2. Professional occupations,182,89,93
S01008632,3. Associate professional and technical occupations,91,42,49
S01008632,4. Administrative and secretarial occupations,40,11,29
S01008632,5. Skilled trades occupations,18,13,5
S01008632,6. Caring leisure and other service occupations,27,9,18
S01008632,7. Sales and customer service occupations,28,13,15
S01008632,8. Process plant and machine operatives,11,9,2
S01008632,9. Elementary occupations,29,19,10
S01008633,All people aged 16 to 74 in employment,366,186,180
S01008633,1. Managers directors and senior officials,75,45,30
S01008633,2. Professional occupations,160,79,81
S01008633,3. Associate professional and technical occupations,47,27,20
S01008633,4. Administrative and secretarial occupations,32,10,22
S01008633,5. Skilled trades occupations,5,5,0
S01008633,6. Caring leisure and other service occupations,18,6,12
S01008633,7. Sales and customer service occupations,11,6,5
S01008633,8. Process plant and machine operatives,4,4,0
S01008633,9. Elementary occupations,14,4,10
S01008634,All people aged 16 to 74 in employment,353,192,161
S01008634,1. Managers directors and senior officials,53,34,19
S01008634,2. Professional occupations,146,75,71
S01008634,3. Associate professional and technical occupations,54,34,20
S01008634,4. Administrative and secretarial occupations,19,6,13
S01008634,5. Skilled trades occupations,11,9,2
S01008634,6. Caring leisure and other service occupations,19,1,18
S01008634,7. Sales and customer service occupations,20,12,8
S01008634,8. Process plant and machine operatives,4,4,0
S01008634,9. Elementary occupations,27,17,10
S01008635,All people aged 16 to 74 in employment,451,228,223
S01008635,1. Managers directors and senior officials,64,36,28
S01008635,2. Professional occupations,194,105,89
S01008635,3. Associate professional and technical occupations,71,34,37
S01008635,4. Administrative and secretarial occupations,28,9,19
S01008635,5. Skilled trades occupations,13,11,2
S01008635,6. Caring leisure and other service occupations,24,8,16
S01008635,7. Sales and customer service occupations,32,11,21
S01008635,8. Process plant and machine operatives,5,5,0
S01008635,9. Elementary occupations,20,9,11
S01008636,All people aged 16 to 74 in employment,428,206,222
S01008636,1. Managers directors and senior officials,44,25,19
S01008636,2. Professional occupations,176,88,88
S01008636,3. Associate professional and technical occupations,59,36,23
S01008636,4. Administrative and secretarial occupations,46,17,29
S01008636,5. Skilled trades occupations,12,10,2
S01008636,6. Caring leisure and other service occupations,24,4,20
S01008636,7. Sales and customer service occupations,35,12,23
S01008636,8. Process plant and machine operatives,4,3,1
S01008636,9. Elementary occupations,28,11,17
S01008637,All people aged 16 to 74 in employment,341,174,167
S01008637,1. Managers directors and senior officials,31,19,12
S01008637,2. Professional occupations,147,79,68
S01008637,3. Associate professional and technical occupations,62,36,26
S01008637,4. Administrative and secretarial occupations,37,5,32
S01008637,5. Skilled trades occupations,12,10,2
S01008637,6. Caring leisure and other service occupations,17,5,12
S01008637,7. Sales and customer service occupations,12,4,8
S01008637,8. Process plant and machine operatives,6,6,0
S01008637,9. Elementary occupations,17,10,7
S01008638,All people aged 16 to 74 in employment,363,193,170
S01008638,1. Managers directors and senior officials,41,20,21
S01008638,2. Professional occupations,113,66,47
S01008638,3. Associate professional and technical occupations,58,32,26
S01008638,4. Administrative and secretarial occupations,34,9,25
S01008638,5. Skilled trades occupations,26,20,6
S01008638,6. Caring leisure and other service occupations,14,7,7
S01008638,7. Sales and customer service occupations,24,13,11
S01008638,8. Process plant and machine operatives,2,2,0
S01008638,9. Elementary occupations,51,24,27
S01008639,All people aged 16 to 74 in employment,556,283,273
S01008639,1. Managers directors and senior officials,53,26,27
S01008639,2. Professional occupations,224,114,110
S01008639,3. Associate professional and technical occupations,81,47,34
S01008639,4. Administrative and secretarial occupations,56,21,35
S01008639,5. Skilled trades occupations,25,23,2
S01008639,6. Caring leisure and other service occupations,35,14,21
S01008639,7. Sales and customer service occupations,33,13,20
S01008639,8. Process plant and machine operatives,7,7,0
S01008639,9. Elementary occupations,42,18,24
S01008640,All people aged 16 to 74 in employment,457,232,225
S01008640,1. Managers directors and senior officials,29,14,15
S01008640,2. Professional occupations,177,95,82
S01008640,3. Associate professional and technical occupations,93,53,40
S01008640,4. Administrative and secretarial occupations,31,9,22
S01008640,5. Skilled trades occupations,12,12,0
S01008640,6. Caring leisure and other service occupations,29,8,21
S01008640,7. Sales and customer service occupations,35,13,22
S01008640,8. Process plant and machine operatives,4,4,0
S01008640,9. Elementary occupations,47,24,23
S01008641,All people aged 16 to 74 in employment,447,207,240
S01008641,1. Managers directors and senior officials,34,15,19
S01008641,2. Professional occupations,163,81,82
S01008641,3. Associate professional and technical occupations,67,35,32
S01008641,4. Administrative and secretarial occupations,44,18,26
S01008641,5. Skilled trades occupations,16,9,7
S01008641,6. Caring leisure and other service occupations,25,13,12
S01008641,7. Sales and customer service occupations,36,14,22
S01008641,8. Process plant and machine operatives,1,1,0
S01008641,9. Elementary occupations,61,21,40
S01008642,All people aged 16 to 74 in employment,555,275,280
S01008642,1. Managers directors and senior officials,55,34,21
S01008642,2. Professional occupations,223,109,114
S01008642,3. Associate professional and technical occupations,104,53,51
S01008642,4. Administrative and secretarial occupations,50,20,30
S01008642,5. Skilled trades occupations,18,16,2
S01008642,6. Caring leisure and other service occupations,18,5,13
S01008642,7. Sales and customer service occupations,38,16,22
S01008642,8. Process plant and machine operatives,5,5,0
S01008642,9. Elementary occupations,44,17,27
S01008643,All people aged 16 to 74 in employment,438,213,225
S01008643,1. Managers directors and senior officials,46,32,14
S01008643,2. Professional occupations,188,86,102
S01008643,3. Associate professional and technical occupations,62,35,27
S01008643,4. Administrative and secretarial occupations,36,9,27
S01008643,5. Skilled trades occupations,19,14,5
S01008643,6. Caring leisure and other service occupations,24,4,20
S01008643,7. Sales and customer service occupations,28,13,15
S01008643,8. Process plant and machine operatives,11,9,2
S01008643,9. Elementary occupations,24,11,13
S01008644,All people aged 16 to 74 in employment,415,203,212
S01008644,1. Managers directors and senior officials,46,26,20
S01008644,2. Professional occupations,156,74,82
S01008644,3. Associate professional and technical occupations,65,31,34
S01008644,4. Administrative and secretarial occupations,31,8,23
S01008644,5. Skilled trades occupations,16,12,4
S01008644,6. Caring leisure and other service occupations,18,3,15
S01008644,7. Sales and customer service occupations,41,25,16
S01008644,8. Process plant and machine operatives,10,9,1
S01008644,9. Elementary occupations,32,15,17
S01008645,All people aged 16 to 74 in employment,460,236,224
S01008645,1. Managers directors and senior officials,37,26,11
S01008645,2. Professional occupations,159,84,75
S01008645,3. Associate professional and technical occupations,61,29,32
S01008645,4. Administrative and secretarial occupations,36,12,24
S01008645,5. Skilled trades occupations,26,21,5
S01008645,6. Caring leisure and other service occupations,34,10,24
S01008645,7. Sales and customer service occupations,45,22,23
S01008645,8. Process plant and machine operatives,10,10,0
S01008645,9. Elementary occupations,52,22,30
S01008646,All people aged 16 to 74 in employment,525,282,243
S01008646,1. Managers directors and senior officials,37,21,16
S01008646,2. Professional occupations,171,88,83
S01008646,3. Associate professional and technical occupations,86,47,39
S01008646,4. Administrative and secretarial occupations,51,18,33
S01008646,5. Skilled trades occupations,31,27,4
S01008646,6. Caring leisure and other service occupations,19,5,14
S01008646,7. Sales and customer service occupations,59,34,25
S01008646,8. Process plant and machine operatives,12,12,0
S01008646,9. Elementary occupations,59,30,29
S01008647,All people aged 16 to 74 in employment,422,229,193
S01008647,1. Managers directors and senior officials,25,13,12
S01008647,2. Professional occupations,153,88,65
S01008647,3. Associate professional and technical occupations,77,44,33
S01008647,4. Administrative and secretarial occupations,45,18,27
S01008647,5. Skilled trades occupations,20,17,3
S01008647,6. Caring leisure and other service occupations,27,8,19
S01008647,7. Sales and customer service occupations,27,12,15
S01008647,8. Process plant and machine operatives,9,9,0
S01008647,9. Elementary occupations,39,20,19
S01008648,All people aged 16 to 74 in employment,395,191,204
S01008648,1. Managers directors and senior officials,23,13,10
S01008648,2. Professional occupations,113,53,60
S01008648,3. Associate professional and technical occupations,62,29,33
S01008648,4. Administrative and secretarial occupations,44,11,33
S01008648,5. Skilled trades occupations,24,23,1
S01008648,6. Caring leisure and other service occupations,29,7,22
S01008648,7. Sales and customer service occupations,35,20,15
S01008648,8. Process plant and machine operatives,7,6,1
S01008648,9. Elementary occupations,58,29,29
S01008649,All people aged 16 to 74 in employment,581,307,274
S01008649,1. Managers directors and senior officials,42,23,19
S01008649,2. Professional occupations,165,95,70
S01008649,3. Associate professional and technical occupations,103,58,45
S01008649,4. Administrative and secretarial occupations,72,20,52
S01008649,5. Skilled trades occupations,29,25,4
S01008649,6. Caring leisure and other service occupations,39,12,27
S01008649,7. Sales and customer service occupations,41,23,18
S01008649,8. Process plant and machine operatives,8,7,1
S01008649,9. Elementary occupations,82,44,38
S01008650,All people aged 16 to 74 in employment,514,260,254
S01008650,1. Managers directors and senior officials,36,20,16
S01008650,2. Professional occupations,165,78,87
S01008650,3. Associate professional and technical occupations,73,47,26
S01008650,4. Administrative and secretarial occupations,59,23,36
S01008650,5. Skilled trades occupations,23,19,4
S01008650,6. Caring leisure and other service occupations,43,15,28
S01008650,7. Sales and customer service occupations,44,21,23
S01008650,8. Process plant and machine operatives,7,5,2
S01008650,9. Elementary occupations,64,32,32
S01008651,All people aged 16 to 74 in employment,508,276,232
S01008651,1. Managers directors and senior officials,32,23,9
S01008651,2. Professional occupations,141,71,70
S01008651,3. Associate professional and technical occupations,85,57,28
S01008651,4. Administrative and secretarial occupations,43,17,26
S01008651,5. Skilled trades occupations,34,24,10
S01008651,6. Caring leisure and other service occupations,35,10,25
S01008651,7. Sales and customer service occupations,53,28,25
S01008651,8. Process plant and machine operatives,11,10,1
S01008651,9. Elementary occupations,74,36,38
S01008652,All people aged 16 to 74 in employment,380,204,176
S01008652,1. Managers directors and senior officials,21,12,9
S01008652,2. Professional occupations,82,50,32
S01008652,3. Associate professional and technical occupations,68,42,26
S01008652,4. Administrative and secretarial occupations,45,13,32
S01008652,5. Skilled trades occupations,22,15,7
S01008652,6. Caring leisure and other service occupations,38,16,22
S01008652,7. Sales and customer service occupations,38,20,18
S01008652,8. Process plant and machine operatives,8,6,2
S01008652,9. Elementary occupations,58,30,28
S01008653,All people aged 16 to 74 in employment,386,223,163
S01008653,1. Managers directors and senior officials,19,10,9
S01008653,2. Professional occupations,111,69,42
S01008653,3. Associate professional and technical occupations,58,33,25
S01008653,4. Administrative and secretarial occupations,38,16,22
S01008653,5. Skilled trades occupations,27,25,2
S01008653,6. Caring leisure and other service occupations,22,6,16
S01008653,7. Sales and customer service occupations,46,27,19
S01008653,8. Process plant and machine operatives,2,2,0
S01008653,9. Elementary occupations,63,35,28
S01008654,All people aged 16 to 74 in employment,590,328,262
S01008654,1. Managers directors and senior officials,35,23,12
S01008654,2. Professional occupations,175,94,81
S01008654,3. Associate professional and technical occupations,101,60,41
S01008654,4. Administrative and secretarial occupations,71,23,48
S01008654,5. Skilled trades occupations,36,34,2
S01008654,6. Caring leisure and other service occupations,31,13,18
S01008654,7. Sales and customer service occupations,58,29,29
S01008654,8. Process plant and machine operatives,12,11,1
S01008654,9. Elementary occupations,71,41,30
S01008655,All people aged 16 to 74 in employment,514,281,233
S01008655,1. Managers directors and senior officials,22,14,8
S01008655,2. Professional occupations,178,99,79
S01008655,3. Associate professional and technical occupations,86,58,28
S01008655,4. Administrative and secretarial occupations,62,19,43
S01008655,5. Skilled trades occupations,27,27,0
S01008655,6. Caring leisure and other service occupations,25,6,19
S01008655,7. Sales and customer service occupations,48,21,27
S01008655,8. Process plant and machine operatives,15,11,4
S01008655,9. Elementary occupations,51,26,25
S01008656,All people aged 16 to 74 in employment,382,228,154
S01008656,1. Managers directors and senior officials,17,10,7
S01008656,2. Professional occupations,84,47,37
S01008656,3. Associate professional and technical occupations,83,51,32
S01008656,4. Administrative and secretarial occupations,45,20,25
S01008656,5. Skilled trades occupations,28,26,2
S01008656,6. Caring leisure and other service occupations,34,17,17
S01008656,7. Sales and customer service occupations,36,22,14
S01008656,8. Process plant and machine operatives,12,10,2
S01008656,9. Elementary occupations,43,25,18
S01008657,All people aged 16 to 74 in employment,414,211,203
S01008657,1. Managers directors and senior officials,29,20,9
S01008657,2. Professional occupations,105,56,49
S01008657,3. Associate professional and technical occupations,74,33,41
S01008657,4. Administrative and secretarial occupations,51,19,32
S01008657,5. Skilled trades occupations,29,23,6
S01008657,6. Caring leisure and other service occupations,24,10,14
S01008657,7. Sales and customer service occupations,41,18,23
S01008657,8. Process plant and machine operatives,11,9,2
S01008657,9. Elementary occupations,50,23,27
S01008658,All people aged 16 to 74 in employment,560,294,266
S01008658,1. Managers directors and senior officials,31,15,16
S01008658,2. Professional occupations,143,76,67
S01008658,3. Associate professional and technical occupations,90,52,38
S01008658,4. Administrative and secretarial occupations,63,28,35
S01008658,5. Skilled trades occupations,28,23,5
S01008658,6. Caring leisure and other service occupations,48,13,35
S01008658,7. Sales and customer service occupations,43,16,27
S01008658,8. Process plant and machine operatives,13,10,3
S01008658,9. Elementary occupations,101,61,40
S01008659,All people aged 16 to 74 in employment,458,237,221
S01008659,1. Managers directors and senior officials,35,17,18
S01008659,2. Professional occupations,99,53,46
S01008659,3. Associate professional and technical occupations,69,43,26
S01008659,4. Administrative and secretarial occupations,42,14,28
S01008659,5. Skilled trades occupations,35,28,7
S01008659,6. Caring leisure and other service occupations,23,7,16
S01008659,7. Sales and customer service occupations,51,20,31
S01008659,8. Process plant and machine operatives,9,9,0
S01008659,9. Elementary occupations,95,46,49
S01008660,All people aged 16 to 74 in employment,507,302,205
S01008660,1. Managers directors and senior officials,40,24,16
S01008660,2. Professional occupations,168,103,65
S01008660,3. Associate professional and technical occupations,80,59,21
S01008660,4. Administrative and secretarial occupations,38,21,17
S01008660,5. Skilled trades occupations,30,27,3
S01008660,6. Caring leisure and other service occupations,27,8,19
S01008660,7. Sales and customer service occupations,56,23,33
S01008660,8. Process plant and machine operatives,5,5,0
S01008660,9. Elementary occupations,63,32,31
S01008661,All people aged 16 to 74 in employment,460,232,228
S01008661,1. Managers directors and senior officials,34,16,18
S01008661,2. Professional occupations,99,62,37
S01008661,3. Associate professional and technical occupations,58,36,22
S01008661,4. Administrative and secretarial occupations,49,20,29
S01008661,5. Skilled trades occupations,30,29,1
S01008661,6. Caring leisure and other service occupations,37,9,28
S01008661,7. Sales and customer service occupations,54,21,33
S01008661,8. Process plant and machine operatives,8,7,1
S01008661,9. Elementary occupations,91,32,59
S01008662,All people aged 16 to 74 in employment,341,177,164
S01008662,1. Managers directors and senior officials,13,9,4
S01008662,2. Professional occupations,90,52,38
S01008662,3. Associate professional and technical occupations,40,20,20
S01008662,4. Administrative and secretarial occupations,28,16,12
S01008662,5. Skilled trades occupations,19,15,4
S01008662,6. Caring leisure and other service occupations,27,12,15
S01008662,7. Sales and customer service occupations,55,25,30
S01008662,8. Process plant and machine operatives,3,3,0
S01008662,9. Elementary occupations,66,25,41
S01008663,All people aged 16 to 74 in employment,420,222,198
S01008663,1. Managers directors and senior officials,28,16,12
S01008663,2. Professional occupations,104,62,42
S01008663,3. Associate professional and technical occupations,81,45,36
S01008663,4. Administrative and secretarial occupations,36,17,19
S01008663,5. Skilled trades occupations,24,20,4
S01008663,6. Caring leisure and other service occupations,25,8,17
S01008663,7. Sales and customer service occupations,53,26,27
S01008663,8. Process plant and machine operatives,4,4,0
S01008663,9. Elementary occupations,65,24,41
S01008664,All people aged 16 to 74 in employment,434,228,206
S01008664,1. Managers directors and senior officials,21,9,12
S01008664,2. Professional occupations,139,76,63
S01008664,3. Associate professional and technical occupations,90,48,42
S01008664,4. Administrative and secretarial occupations,39,20,19
S01008664,5. Skilled trades occupations,18,17,1
S01008664,6. Caring leisure and other service occupations,24,5,19
S01008664,7. Sales and customer service occupations,50,27,23
S01008664,8. Process plant and machine operatives,5,5,0
S01008664,9. Elementary occupations,48,21,27
S01008665,All people aged 16 to 74 in employment,615,309,306
S01008665,1. Managers directors and senior officials,51,28,23
S01008665,2. Professional occupations,171,84,87
S01008665,3. Associate professional and technical occupations,105,49,56
S01008665,4. Administrative and secretarial occupations,45,15,30
S01008665,5. Skilled trades occupations,42,38,4
S01008665,6. Caring leisure and other service occupations,31,10,21
S01008665,7. Sales and customer service occupations,57,24,33
S01008665,8. Process plant and machine operatives,11,10,1
S01008665,9. Elementary occupations,102,51,51
S01008666,All people aged 16 to 74 in employment,435,216,219
S01008666,1. Managers directors and senior officials,31,17,14
S01008666,2. Professional occupations,141,74,67
S01008666,3. Associate professional and technical occupations,66,33,33
S01008666,4. Administrative and secretarial occupations,33,14,19
S01008666,5. Skilled trades occupations,19,15,4
S01008666,6. Caring leisure and other service occupations,35,9,26
S01008666,7. Sales and customer service occupations,33,20,13
S01008666,8. Process plant and machine operatives,4,3,1
S01008666,9. Elementary occupations,73,31,42
S01008667,All people aged 16 to 74 in employment,359,165,194
S01008667,1. Managers directors and senior officials,29,12,17
S01008667,2. Professional occupations,119,59,60
S01008667,3. Associate professional and technical occupations,46,24,22
S01008667,4. Administrative and secretarial occupations,24,7,17
S01008667,5. Skilled trades occupations,23,20,3
S01008667,6. Caring leisure and other service occupations,22,6,16
S01008667,7. Sales and customer service occupations,44,11,33
S01008667,8. Process plant and machine operatives,6,6,0
S01008667,9. Elementary occupations,46,20,26
S01008668,All people aged 16 to 74 in employment,290,146,144
S01008668,1. Managers directors and senior officials,20,13,7
S01008668,2. Professional occupations,105,54,51
S01008668,3. Associate professional and technical occupations,44,18,26
S01008668,4. Administrative and secretarial occupations,28,12,16
S01008668,5. Skilled trades occupations,17,13,4
S01008668,6. Caring leisure and other service occupations,20,9,11
S01008668,7. Sales and customer service occupations,20,8,12
S01008668,8. Process plant and machine operatives,5,4,1
S01008668,9. Elementary occupations,31,15,16
S01008669,All people aged 16 to 74 in employment,177,85,92
S01008669,1. Managers directors and senior officials,13,6,7
S01008669,2. Professional occupations,24,12,12
S01008669,3. Associate professional and technical occupations,22,11,11
S01008669,4. Administrative and secretarial occupations,18,12,6
S01008669,5. Skilled trades occupations,5,4,1
S01008669,6. Caring leisure and other service occupations,9,3,6
S01008669,7. Sales and customer service occupations,51,26,25
S01008669,8. Process plant and machine operatives,2,1,1
S01008669,9. Elementary occupations,33,10,23
S01008670,All people aged 16 to 74 in employment,296,136,160
S01008670,1. Managers directors and senior officials,19,14,5
S01008670,2. Professional occupations,67,36,31
S01008670,3. Associate professional and technical occupations,37,18,19
S01008670,4. Administrative and secretarial occupations,30,5,25
S01008670,5. Skilled trades occupations,13,13,0
S01008670,6. Caring leisure and other service occupations,18,4,14
S01008670,7. Sales and customer service occupations,40,19,21
S01008670,8. Process plant and machine operatives,5,5,0
S01008670,9. Elementary occupations,67,22,45
S01008671,All people aged 16 to 74 in employment,287,148,139
S01008671,1. Managers directors and senior officials,10,7,3
S01008671,2. Professional occupations,79,45,34
S01008671,3. Associate professional and technical occupations,47,30,17
S01008671,4. Administrative and secretarial occupations,22,10,12
S01008671,5. Skilled trades occupations,9,9,0
S01008671,6. Caring leisure and other service occupations,21,9,12
S01008671,7. Sales and customer service occupations,39,13,26
S01008671,8. Process plant and machine operatives,6,6,0
S01008671,9. Elementary occupations,54,19,35
S01008672,All people aged 16 to 74 in employment,281,147,134
S01008672,1. Managers directors and senior officials,18,14,4
S01008672,2. Professional occupations,97,56,41
S01008672,3. Associate professional and technical occupations,34,23,11
S01008672,4. Administrative and secretarial occupations,21,6,15
S01008672,5. Skilled trades occupations,11,8,3
S01008672,6. Caring leisure and other service occupations,19,8,11
S01008672,7. Sales and customer service occupations,32,11,21
S01008672,8. Process plant and machine operatives,3,2,1
S01008672,9. Elementary occupations,46,19,27
S01008673,All people aged 16 to 74 in employment,421,214,207
S01008673,1. Managers directors and senior officials,29,20,9
S01008673,2. Professional occupations,111,58,53
S01008673,3. Associate professional and technical occupations,83,45,38
S01008673,4. Administrative and secretarial occupations,48,16,32
S01008673,5. Skilled trades occupations,13,11,2
S01008673,6. Caring leisure and other service occupations,29,8,21
S01008673,7. Sales and customer service occupations,44,17,27
S01008673,8. Process plant and machine operatives,11,8,3
S01008673,9. Elementary occupations,53,31,22
S01008674,All people aged 16 to 74 in employment,389,202,187
S01008674,1. Managers directors and senior officials,31,18,13
S01008674,2. Professional occupations,94,57,37
S01008674,3. Associate professional and technical occupations,58,40,18
S01008674,4. Administrative and secretarial occupations,29,9,20
S01008674,5. Skilled trades occupations,22,20,2
S01008674,6. Caring leisure and other service occupations,21,7,14
S01008674,7. Sales and customer service occupations,53,19,34
S01008674,8. Process plant and machine operatives,2,2,0
S01008674,9. Elementary occupations,79,30,49
S01008675,All people aged 16 to 74 in employment,377,224,153
S01008675,1. Managers directors and senior officials,39,27,12
S01008675,2. Professional occupations,102,61,41
S01008675,3. Associate professional and technical occupations,65,33,32
S01008675,4. Administrative and secretarial occupations,29,16,13
S01008675,5. Skilled trades occupations,21,17,4
S01008675,6. Caring leisure and other service occupations,21,10,11
S01008675,7. Sales and customer service occupations,45,25,20
S01008675,8. Process plant and machine operatives,12,12,0
S01008675,9. Elementary occupations,43,23,20
S01008676,All people aged 16 to 74 in employment,436,218,218
S01008676,1. Managers directors and senior officials,60,34,26
S01008676,2. Professional occupations,114,69,45
S01008676,3. Associate professional and technical occupations,93,45,48
S01008676,4. Administrative and secretarial occupations,38,17,21
S01008676,5. Skilled trades occupations,22,13,9
S01008676,6. Caring leisure and other service occupations,33,8,25
S01008676,7. Sales and customer service occupations,22,8,14
S01008676,8. Process plant and machine operatives,5,3,2
S01008676,9. Elementary occupations,49,21,28
S01008677,All people aged 16 to 74 in employment,438,245,193
S01008677,1. Managers directors and senior officials,53,36,17
S01008677,2. Professional occupations,99,56,43
S01008677,3. Associate professional and technical occupations,72,44,28
S01008677,4. Administrative and secretarial occupations,44,16,28
S01008677,5. Skilled trades occupations,22,18,4
S01008677,6. Caring leisure and other service occupations,30,13,17
S01008677,7. Sales and customer service occupations,42,15,27
S01008677,8. Process plant and machine operatives,9,8,1
S01008677,9. Elementary occupations,67,39,28
S01008678,All people aged 16 to 74 in employment,390,196,194
S01008678,1. Managers directors and senior officials,27,19,8
S01008678,2. Professional occupations,87,49,38
S01008678,3. Associate professional and technical occupations,61,29,32
S01008678,4. Administrative and secretarial occupations,26,14,12
S01008678,5. Skilled trades occupations,12,11,1
S01008678,6. Caring leisure and other service occupations,38,11,27
S01008678,7. Sales and customer service occupations,66,32,34
S01008678,8. Process plant and machine operatives,10,7,3
S01008678,9. Elementary occupations,63,24,39
S01008679,All people aged 16 to 74 in employment,401,221,180
S01008679,1. Managers directors and senior officials,26,14,12
S01008679,2. Professional occupations,80,54,26
S01008679,3. Associate professional and technical occupations,59,32,27
S01008679,4. Administrative and secretarial occupations,32,8,24
S01008679,5. Skilled trades occupations,25,24,1
S01008679,6. Caring leisure and other service occupations,44,18,26
S01008679,7. Sales and customer service occupations,49,30,19
S01008679,8. Process plant and machine operatives,7,6,1
S01008679,9. Elementary occupations,79,35,44
S01008680,All people aged 16 to 74 in employment,257,140,117
S01008680,1. Managers directors and senior officials,13,10,3
S01008680,2. Professional occupations,70,44,26
S01008680,3. Associate professional and technical occupations,32,15,17
S01008680,4. Administrative and secretarial occupations,32,14,18
S01008680,5. Skilled trades occupations,17,13,4
S01008680,6. Caring leisure and other service occupations,22,7,15
S01008680,7. Sales and customer service occupations,24,11,13
S01008680,8. Process plant and machine operatives,4,3,1
S01008680,9. Elementary occupations,43,23,20
S01008681,All people aged 16 to 74 in employment,331,174,157
S01008681,1. Managers directors and senior officials,24,15,9
S01008681,2. Professional occupations,92,51,41
S01008681,3. Associate professional and technical occupations,48,29,19
S01008681,4. Administrative and secretarial occupations,34,12,22
S01008681,5. Skilled trades occupations,20,16,4
S01008681,6. Caring leisure and other service occupations,20,8,12
S01008681,7. Sales and customer service occupations,32,17,15
S01008681,8. Process plant and machine operatives,10,7,3
S01008681,9. Elementary occupations,51,19,32
S01008682,All people aged 16 to 74 in employment,371,196,175
S01008682,1. Managers directors and senior officials,20,15,5
S01008682,2. Professional occupations,111,57,54
S01008682,3. Associate professional and technical occupations,53,24,29
S01008682,4. Administrative and secretarial occupations,39,16,23
S01008682,5. Skilled trades occupations,21,19,2
S01008682,6. Caring leisure and other service occupations,28,10,18
S01008682,7. Sales and customer service occupations,29,13,16
S01008682,8. Process plant and machine operatives,14,14,0
S01008682,9. Elementary occupations,56,28,28
S01008683,All people aged 16 to 74 in employment,408,219,189
S01008683,1. Managers directors and senior officials,18,13,5
S01008683,2. Professional occupations,75,36,39
S01008683,3. Associate professional and technical occupations,60,36,24
S01008683,4. Administrative and secretarial occupations,39,17,22
S01008683,5. Skilled trades occupations,33,28,5
S01008683,6. Caring leisure and other service occupations,44,14,30
S01008683,7. Sales and customer service occupations,44,19,25
S01008683,8. Process plant and machine operatives,15,12,3
S01008683,9. Elementary occupations,80,44,36
S01008684,All people aged 16 to 74 in employment,401,216,185
S01008684,1. Managers directors and senior officials,35,22,13
S01008684,2. Professional occupations,82,53,29
S01008684,3. Associate professional and technical occupations,44,28,16
S01008684,4. Administrative and secretarial occupations,49,13,36
S01008684,5. Skilled trades occupations,32,27,5
S01008684,6. Caring leisure and other service occupations,40,11,29
S01008684,7. Sales and customer service occupations,42,16,26
S01008684,8. Process plant and machine operatives,15,14,1
S01008684,9. Elementary occupations,62,32,30
S01008685,All people aged 16 to 74 in employment,439,210,229
S01008685,1. Managers directors and senior officials,28,12,16
S01008685,2. Professional occupations,105,53,52
S01008685,3. Associate professional and technical occupations,70,40,30
S01008685,4. Administrative and secretarial occupations,56,16,40
S01008685,5. Skilled trades occupations,16,13,3
S01008685,6. Caring leisure and other service occupations,43,12,31
S01008685,7. Sales and customer service occupations,51,18,33
S01008685,8. Process plant and machine operatives,12,11,1
S01008685,9. Elementary occupations,58,35,23
S01008686,All people aged 16 to 74 in employment,438,219,219
S01008686,1. Managers directors and senior officials,30,14,16
S01008686,2. Professional occupations,78,44,34
S01008686,3. Associate professional and technical occupations,71,30,41
S01008686,4. Administrative and secretarial occupations,44,14,30
S01008686,5. Skilled trades occupations,33,32,1
S01008686,6. Caring leisure and other service occupations,42,11,31
S01008686,7. Sales and customer service occupations,50,23,27
S01008686,8. Process plant and machine operatives,21,19,2
S01008686,9. Elementary occupations,69,32,37
S01008687,All people aged 16 to 74 in employment,447,243,204
S01008687,1. Managers directors and senior officials,40,29,11
S01008687,2. Professional occupations,122,70,52
S01008687,3. Associate professional and technical occupations,80,34,46
S01008687,4. Administrative and secretarial occupations,57,25,32
S01008687,5. Skilled trades occupations,16,16,0
S01008687,6. Caring leisure and other service occupations,26,8,18
S01008687,7. Sales and customer service occupations,36,16,20
S01008687,8. Process plant and machine operatives,16,16,0
S01008687,9. Elementary occupations,54,29,25
S01008688,All people aged 16 to 74 in employment,540,286,254
S01008688,1. Managers directors and senior officials,46,31,15
S01008688,2. Professional occupations,157,84,73
S01008688,3. Associate professional and technical occupations,101,53,48
S01008688,4. Administrative and secretarial occupations,62,25,37
S01008688,5. Skilled trades occupations,40,34,6
S01008688,6. Caring leisure and other service occupations,30,10,20
S01008688,7. Sales and customer service occupations,42,20,22
S01008688,8. Process plant and machine operatives,11,9,2
S01008688,9. Elementary occupations,51,20,31
S01008689,All people aged 16 to 74 in employment,564,275,289
S01008689,1. Managers directors and senior officials,54,28,26
S01008689,2. Professional occupations,133,58,75
S01008689,3. Associate professional and technical occupations,99,53,46
S01008689,4. Administrative and secretarial occupations,69,23,46
S01008689,5. Skilled trades occupations,37,35,2
S01008689,6. Caring leisure and other service occupations,37,13,24
S01008689,7. Sales and customer service occupations,53,26,27
S01008689,8. Process plant and machine operatives,7,6,1
S01008689,9. Elementary occupations,75,33,42
S01008690,All people aged 16 to 74 in employment,673,314,359
S01008690,1. Managers directors and senior officials,57,30,27
S01008690,2. Professional occupations,184,75,109
S01008690,3. Associate professional and technical occupations,121,53,68
S01008690,4. Administrative and secretarial occupations,84,27,57
S01008690,5. Skilled trades occupations,41,35,6
S01008690,6. Caring leisure and other service occupations,38,9,29
S01008690,7. Sales and customer service occupations,57,26,31
S01008690,8. Process plant and machine operatives,17,17,0
S01008690,9. Elementary occupations,74,42,32
S01008691,All people aged 16 to 74 in employment,737,389,348
S01008691,1. Managers directors and senior officials,62,37,25
S01008691,2. Professional occupations,174,83,91
S01008691,3. Associate professional and technical occupations,152,79,73
S01008691,4. Administrative and secretarial occupations,96,36,60
S01008691,5. Skilled trades occupations,50,45,5
S01008691,6. Caring leisure and other service occupations,42,10,32
S01008691,7. Sales and customer service occupations,53,27,26
S01008691,8. Process plant and machine operatives,25,25,0
S01008691,9. Elementary occupations,83,47,36
S01008692,All people aged 16 to 74 in employment,422,207,215
S01008692,1. Managers directors and senior officials,25,16,9
S01008692,2. Professional occupations,89,45,44
S01008692,3. Associate professional and technical occupations,77,39,38
S01008692,4. Administrative and secretarial occupations,59,20,39
S01008692,5. Skilled trades occupations,26,24,2
S01008692,6. Caring leisure and other service occupations,33,9,24
S01008692,7. Sales and customer service occupations,50,16,34
S01008692,8. Process plant and machine operatives,14,14,0
S01008692,9. Elementary occupations,49,24,25
S01008693,All people aged 16 to 74 in employment,239,113,126
S01008693,1. Managers directors and senior officials,8,5,3
S01008693,2. Professional occupations,29,10,19
S01008693,3. Associate professional and technical occupations,32,15,17
S01008693,4. Administrative and secretarial occupations,45,5,40
S01008693,5. Skilled trades occupations,29,25,4
S01008693,6. Caring leisure and other service occupations,17,2,15
S01008693,7. Sales and customer service occupations,24,8,16
S01008693,8. Process plant and machine operatives,33,30,3
S01008693,9. Elementary occupations,22,13,9
S01008694,All people aged 16 to 74 in employment,674,345,329
S01008694,1. Managers directors and senior officials,45,19,26
S01008694,2. Professional occupations,172,80,92
S01008694,3. Associate professional and technical occupations,130,70,60
S01008694,4. Administrative and secretarial occupations,86,36,50
S01008694,5. Skilled trades occupations,38,33,5
S01008694,6. Caring leisure and other service occupations,54,21,33
S01008694,7. Sales and customer service occupations,48,21,27
S01008694,8. Process plant and machine operatives,22,19,3
S01008694,9. Elementary occupations,79,46,33
S01008695,All people aged 16 to 74 in employment,406,185,221
S01008695,1. Managers directors and senior officials,31,18,13
S01008695,2. Professional occupations,118,47,71
S01008695,3. Associate professional and technical occupations,92,43,49
S01008695,4. Administrative and secretarial occupations,38,15,23
S01008695,5. Skilled trades occupations,22,18,4
S01008695,6. Caring leisure and other service occupations,36,7,29
S01008695,7. Sales and customer service occupations,33,15,18
S01008695,8. Process plant and machine operatives,7,7,0
S01008695,9. Elementary occupations,29,15,14
S01008696,All people aged 16 to 74 in employment,370,187,183
S01008696,1. Managers directors and senior officials,41,23,18
S01008696,2. Professional occupations,124,57,67
S01008696,3. Associate professional and technical occupations,57,28,29
S01008696,4. Administrative and secretarial occupations,46,18,28
S01008696,5. Skilled trades occupations,24,20,4
S01008696,6. Caring leisure and other service occupations,23,5,18
S01008696,7. Sales and customer service occupations,22,9,13
S01008696,8. Process plant and machine operatives,12,12,0
S01008696,9. Elementary occupations,21,15,6
S01008697,All people aged 16 to 74 in employment,535,281,254
S01008697,1. Managers directors and senior officials,54,32,22
S01008697,2. Professional occupations,149,78,71
S01008697,3. Associate professional and technical occupations,93,48,45
S01008697,4. Administrative and secretarial occupations,80,20,60
S01008697,5. Skilled trades occupations,44,41,3
S01008697,6. Caring leisure and other service occupations,30,7,23
S01008697,7. Sales and customer service occupations,29,14,15
S01008697,8. Process plant and machine operatives,19,18,1
S01008697,9. Elementary occupations,37,23,14
S01008698,All people aged 16 to 74 in employment,259,130,129
S01008698,1. Managers directors and senior officials,19,12,7
S01008698,2. Professional occupations,63,26,37
S01008698,3. Associate professional and technical occupations,39,19,20
S01008698,4. Administrative and secretarial occupations,39,8,31
S01008698,5. Skilled trades occupations,24,24,0
S01008698,6. Caring leisure and other service occupations,19,4,15
S01008698,7. Sales and customer service occupations,32,15,17
S01008698,8. Process plant and machine operatives,15,15,0
S01008698,9. Elementary occupations,9,7,2
S01008699,All people aged 16 to 74 in employment,396,203,193
S01008699,1. Managers directors and senior officials,36,25,11
S01008699,2. Professional occupations,70,35,35
S01008699,3. Associate professional and technical occupations,44,23,21
S01008699,4. Administrative and secretarial occupations,62,23,39
S01008699,5. Skilled trades occupations,32,30,2
S01008699,6. Caring leisure and other service occupations,58,11,47
S01008699,7. Sales and customer service occupations,33,14,19
S01008699,8. Process plant and machine operatives,23,22,1
S01008699,9. Elementary occupations,38,20,18
S01008700,All people aged 16 to 74 in employment,238,121,117
S01008700,1. Managers directors and senior officials,43,29,14
S01008700,2. Professional occupations,68,34,34
S01008700,3. Associate professional and technical occupations,37,22,15
S01008700,4. Administrative and secretarial occupations,33,3,30
S01008700,5. Skilled trades occupations,10,10,0
S01008700,6. Caring leisure and other service occupations,10,1,9
S01008700,7. Sales and customer service occupations,14,5,9
S01008700,8. Process plant and machine operatives,8,8,0
S01008700,9. Elementary occupations,15,9,6
S01008701,All people aged 16 to 74 in employment,157,77,80
S01008701,1. Managers directors and senior officials,6,3,3
S01008701,2. Professional occupations,11,4,7
S01008701,3. Associate professional and technical occupations,18,11,7
S01008701,4. Administrative and secretarial occupations,18,6,12
S01008701,5. Skilled trades occupations,10,8,2
S01008701,6. Caring leisure and other service occupations,21,5,16
S01008701,7. Sales and customer service occupations,19,10,9
S01008701,8. Process plant and machine operatives,14,13,1
S01008701,9. Elementary occupations,40,17,23
S01008702,All people aged 16 to 74 in employment,318,169,149
S01008702,1. Managers directors and senior officials,26,17,9
S01008702,2. Professional occupations,57,29,28
S01008702,3. Associate professional and technical occupations,36,20,16
S01008702,4. Administrative and secretarial occupations,42,15,27
S01008702,5. Skilled trades occupations,28,26,2
S01008702,6. Caring leisure and other service occupations,30,8,22
S01008702,7. Sales and customer service occupations,45,21,24
S01008702,8. Process plant and machine operatives,12,10,2
S01008702,9. Elementary occupations,42,23,19
S01008703,All people aged 16 to 74 in employment,359,190,169
S01008703,1. Managers directors and senior officials,15,6,9
S01008703,2. Professional occupations,47,16,31
S01008703,3. Associate professional and technical occupations,22,10,12
S01008703,4. Administrative and secretarial occupations,22,6,16
S01008703,5. Skilled trades occupations,40,37,3
S01008703,6. Caring leisure and other service occupations,58,22,36
S01008703,7. Sales and customer service occupations,26,8,18
S01008703,8. Process plant and machine operatives,27,25,2
S01008703,9. Elementary occupations,102,60,42
S01008704,All people aged 16 to 74 in employment,268,129,139
S01008704,1. Managers directors and senior officials,16,9,7
S01008704,2. Professional occupations,44,11,33
S01008704,3. Associate professional and technical occupations,27,16,11
S01008704,4. Administrative and secretarial occupations,31,7,24
S01008704,5. Skilled trades occupations,29,25,4
S01008704,6. Caring leisure and other service occupations,34,13,21
S01008704,7. Sales and customer service occupations,25,9,16
S01008704,8. Process plant and machine operatives,15,13,2
S01008704,9. Elementary occupations,47,26,21
S01008705,All people aged 16 to 74 in employment,198,100,98
S01008705,1. Managers directors and senior officials,11,6,5
S01008705,2. Professional occupations,18,8,10
S01008705,3. Associate professional and technical occupations,13,6,7
S01008705,4. Administrative and secretarial occupations,17,5,12
S01008705,5. Skilled trades occupations,26,21,5
S01008705,6. Caring leisure and other service occupations,27,9,18
S01008705,7. Sales and customer service occupations,24,6,18
S01008705,8. Process plant and machine operatives,15,12,3
S01008705,9. Elementary occupations,47,27,20
S01008706,All people aged 16 to 74 in employment,210,98,112
S01008706,1. Managers directors and senior officials,5,5,0
S01008706,2. Professional occupations,21,8,13
S01008706,3. Associate professional and technical occupations,16,10,6
S01008706,4. Administrative and secretarial occupations,22,8,14
S01008706,5. Skilled trades occupations,9,9,0
S01008706,6. Caring leisure and other service occupations,37,7,30
S01008706,7. Sales and customer service occupations,32,9,23
S01008706,8. Process plant and machine operatives,20,19,1
S01008706,9. Elementary occupations,48,23,25
S01008707,All people aged 16 to 74 in employment,270,133,137
S01008707,1. Managers directors and senior officials,9,6,3
S01008707,2. Professional occupations,21,9,12
S01008707,3. Associate professional and technical occupations,20,11,9
S01008707,4. Administrative and secretarial occupations,23,3,20
S01008707,5. Skilled trades occupations,34,32,2
S01008707,6. Caring leisure and other service occupations,39,13,26
S01008707,7. Sales and customer service occupations,27,16,11
S01008707,8. Process plant and machine operatives,21,19,2
S01008707,9. Elementary occupations,76,24,52
S01008708,All people aged 16 to 74 in employment,293,159,134
S01008708,1. Managers directors and senior officials,6,3,3
S01008708,2. Professional occupations,17,10,7
S01008708,3. Associate professional and technical occupations,17,9,8
S01008708,4. Administrative and secretarial occupations,32,10,22
S01008708,5. Skilled trades occupations,41,39,2
S01008708,6. Caring leisure and other service occupations,45,11,34
S01008708,7. Sales and customer service occupations,38,18,20
S01008708,8. Process plant and machine operatives,24,23,1
S01008708,9. Elementary occupations,73,36,37
S01008709,All people aged 16 to 74 in employment,284,134,150
S01008709,1. Managers directors and senior officials,13,6,7
S01008709,2. Professional occupations,16,7,9
S01008709,3. Associate professional and technical occupations,24,9,15
S01008709,4. Administrative and secretarial occupations,30,10,20
S01008709,5. Skilled trades occupations,45,37,8
S01008709,6. Caring leisure and other service occupations,40,5,35
S01008709,7. Sales and customer service occupations,33,7,26
S01008709,8. Process plant and machine operatives,24,23,1
S01008709,9. Elementary occupations,59,30,29
S01008710,All people aged 16 to 74 in employment,186,94,92
S01008710,1. Managers directors and senior officials,7,5,2
S01008710,2. Professional occupations,13,5,8
S01008710,3. Associate professional and technical occupations,14,9,5
S01008710,4. Administrative and secretarial occupations,16,7,9
S01008710,5. Skilled trades occupations,32,26,6
S01008710,6. Caring leisure and other service occupations,31,7,24
S01008710,7. Sales and customer service occupations,25,7,18
S01008710,8. Process plant and machine operatives,9,7,2
S01008710,9. Elementary occupations,39,21,18
S01008711,All people aged 16 to 74 in employment,277,143,134
S01008711,1. Managers directors and senior officials,13,9,4
S01008711,2. Professional occupations,14,4,10
S01008711,3. Associate professional and technical occupations,24,15,9
S01008711,4. Administrative and secretarial occupations,26,7,19
S01008711,5. Skilled trades occupations,38,31,7
S01008711,6. Caring leisure and other service occupations,37,5,32
S01008711,7. Sales and customer service occupations,38,12,26
S01008711,8. Process plant and machine operatives,23,23,0
S01008711,9. Elementary occupations,64,37,27
S01008712,All people aged 16 to 74 in employment,307,163,144
S01008712,1. Managers directors and senior officials,11,6,5
S01008712,2. Professional occupations,23,12,11
S01008712,3. Associate professional and technical occupations,23,12,11
S01008712,4. Administrative and secretarial occupations,29,5,24
S01008712,5. Skilled trades occupations,49,42,7
S01008712,6. Caring leisure and other service occupations,50,12,38
S01008712,7. Sales and customer service occupations,27,13,14
S01008712,8. Process plant and machine operatives,26,26,0
S01008712,9. Elementary occupations,69,35,34
S01008713,All people aged 16 to 74 in employment,248,121,127
S01008713,1. Managers directors and senior officials,8,3,5
S01008713,2. Professional occupations,8,2,6
S01008713,3. Associate professional and technical occupations,14,11,3
S01008713,4. Administrative and secretarial occupations,23,5,18
S01008713,5. Skilled trades occupations,27,22,5
S01008713,6. Caring leisure and other service occupations,53,12,41
S01008713,7. Sales and customer service occupations,40,15,25
S01008713,8. Process plant and machine operatives,26,24,2
S01008713,9. Elementary occupations,49,27,22
S01008714,All people aged 16 to 74 in employment,225,104,121
S01008714,1. Managers directors and senior officials,18,9,9
S01008714,2. Professional occupations,32,16,16
S01008714,3. Associate professional and technical occupations,20,11,9
S01008714,4. Administrative and secretarial occupations,27,4,23
S01008714,5. Skilled trades occupations,21,19,2
S01008714,6. Caring leisure and other service occupations,32,8,24
S01008714,7. Sales and customer service occupations,27,7,20
S01008714,8. Process plant and machine operatives,16,14,2
S01008714,9. Elementary occupations,32,16,16
S01008715,All people aged 16 to 74 in employment,313,154,159
S01008715,1. Managers directors and senior officials,17,12,5
S01008715,2. Professional occupations,19,5,14
S01008715,3. Associate professional and technical occupations,35,16,19
S01008715,4. Administrative and secretarial occupations,33,7,26
S01008715,5. Skilled trades occupations,36,33,3
S01008715,6. Caring leisure and other service occupations,47,4,43
S01008715,7. Sales and customer service occupations,46,17,29
S01008715,8. Process plant and machine operatives,25,24,1
S01008715,9. Elementary occupations,55,36,19
S01008716,All people aged 16 to 74 in employment,221,111,110
S01008716,1. Managers directors and senior officials,17,14,3
S01008716,2. Professional occupations,13,6,7
S01008716,3. Associate professional and technical occupations,14,8,6
S01008716,4. Administrative and secretarial occupations,35,7,28
S01008716,5. Skilled trades occupations,33,27,6
S01008716,6. Caring leisure and other service occupations,42,7,35
S01008716,7. Sales and customer service occupations,21,9,12
S01008716,8. Process plant and machine operatives,19,18,1
S01008716,9. Elementary occupations,27,15,12
S01008717,All people aged 16 to 74 in employment,228,113,115
S01008717,1. Managers directors and senior officials,8,6,2
S01008717,2. Professional occupations,22,6,16
S01008717,3. Associate professional and technical occupations,28,13,15
S01008717,4. Administrative and secretarial occupations,46,9,37
S01008717,5. Skilled trades occupations,28,24,4
S01008717,6. Caring leisure and other service occupations,24,9,15
S01008717,7. Sales and customer service occupations,27,10,17
S01008717,8. Process plant and machine operatives,19,19,0
S01008717,9. Elementary occupations,26,17,9
S01008718,All people aged 16 to 74 in employment,273,140,133
S01008718,1. Managers directors and senior officials,23,15,8
S01008718,2. Professional occupations,30,17,13
S01008718,3. Associate professional and technical occupations,22,6,16
S01008718,4. Administrative and secretarial occupations,46,15,31
S01008718,5. Skilled trades occupations,35,33,2
S01008718,6. Caring leisure and other service occupations,34,3,31
S01008718,7. Sales and customer service occupations,35,12,23
S01008718,8. Process plant and machine operatives,20,20,0
S01008718,9. Elementary occupations,28,19,9
S01008719,All people aged 16 to 74 in employment,507,254,253
S01008719,1. Managers directors and senior officials,43,27,16
S01008719,2. Professional occupations,44,27,17
S01008719,3. Associate professional and technical occupations,54,29,25
S01008719,4. Administrative and secretarial occupations,74,14,60
S01008719,5. Skilled trades occupations,69,60,9
S01008719,6. Caring leisure and other service occupations,62,11,51
S01008719,7. Sales and customer service occupations,68,26,42
S01008719,8. Process plant and machine operatives,35,31,4
S01008719,9. Elementary occupations,58,29,29
S01008720,All people aged 16 to 74 in employment,246,124,122
S01008720,1. Managers directors and senior officials,17,9,8
S01008720,2. Professional occupations,34,12,22
S01008720,3. Associate professional and technical occupations,23,13,10
S01008720,4. Administrative and secretarial occupations,41,10,31
S01008720,5. Skilled trades occupations,33,30,3
S01008720,6. Caring leisure and other service occupations,22,5,17
S01008720,7. Sales and customer service occupations,27,7,20
S01008720,8. Process plant and machine operatives,22,20,2
S01008720,9. Elementary occupations,27,18,9
S01008721,All people aged 16 to 74 in employment,494,249,245
S01008721,1. Managers directors and senior officials,53,34,19
S01008721,2. Professional occupations,79,42,37
S01008721,3. Associate professional and technical occupations,76,43,33
S01008721,4. Administrative and secretarial occupations,93,16,77
S01008721,5. Skilled trades occupations,52,49,3
S01008721,6. Caring leisure and other service occupations,38,6,32
S01008721,7. Sales and customer service occupations,43,11,32
S01008721,8. Process plant and machine operatives,28,28,0
S01008721,9. Elementary occupations,32,20,12
S01008722,All people aged 16 to 74 in employment,445,225,220
S01008722,1. Managers directors and senior officials,64,48,16
S01008722,2. Professional occupations,108,46,62
S01008722,3. Associate professional and technical occupations,66,41,25
S01008722,4. Administrative and secretarial occupations,64,12,52
S01008722,5. Skilled trades occupations,35,34,1
S01008722,6. Caring leisure and other service occupations,31,5,26
S01008722,7. Sales and customer service occupations,31,8,23
S01008722,8. Process plant and machine operatives,17,16,1
S01008722,9. Elementary occupations,29,15,14
S01008723,All people aged 16 to 74 in employment,373,193,180
S01008723,1. Managers directors and senior officials,45,25,20
S01008723,2. Professional occupations,77,33,44
S01008723,3. Associate professional and technical occupations,55,34,21
S01008723,4. Administrative and secretarial occupations,52,9,43
S01008723,5. Skilled trades occupations,50,49,1
S01008723,6. Caring leisure and other service occupations,27,4,23
S01008723,7. Sales and customer service occupations,27,9,18
S01008723,8. Process plant and machine operatives,15,13,2
S01008723,9. Elementary occupations,25,17,8
S01008724,All people aged 16 to 74 in employment,438,216,222
S01008724,1. Managers directors and senior officials,56,34,22
S01008724,2. Professional occupations,130,57,73
S01008724,3. Associate professional and technical occupations,85,47,38
S01008724,4. Administrative and secretarial occupations,52,13,39
S01008724,5. Skilled trades occupations,34,32,2
S01008724,6. Caring leisure and other service occupations,29,3,26
S01008724,7. Sales and customer service occupations,24,11,13
S01008724,8. Process plant and machine operatives,9,8,1
S01008724,9. Elementary occupations,19,11,8
S01008725,All people aged 16 to 74 in employment,390,194,196
S01008725,1. Managers directors and senior officials,37,19,18
S01008725,2. Professional occupations,119,49,70
S01008725,3. Associate professional and technical occupations,61,34,27
S01008725,4. Administrative and secretarial occupations,40,9,31
S01008725,5. Skilled trades occupations,26,22,4
S01008725,6. Caring leisure and other service occupations,29,7,22
S01008725,7. Sales and customer service occupations,20,9,11
S01008725,8. Process plant and machine operatives,21,20,1
S01008725,9. Elementary occupations,37,25,12
S01008726,All people aged 16 to 74 in employment,304,153,151
S01008726,1. Managers directors and senior officials,39,23,16
S01008726,2. Professional occupations,125,57,68
S01008726,3. Associate professional and technical occupations,54,31,23
S01008726,4. Administrative and secretarial occupations,24,6,18
S01008726,5. Skilled trades occupations,18,17,1
S01008726,6. Caring leisure and other service occupations,14,3,11
S01008726,7. Sales and customer service occupations,17,5,12
S01008726,8. Process plant and machine operatives,4,4,0
S01008726,9. Elementary occupations,9,7,2
S01008727,All people aged 16 to 74 in employment,513,249,264
S01008727,1. Managers directors and senior officials,63,35,28
S01008727,2. Professional occupations,174,88,86
S01008727,3. Associate professional and technical occupations,85,41,44
S01008727,4. Administrative and secretarial occupations,61,14,47
S01008727,5. Skilled trades occupations,30,23,7
S01008727,6. Caring leisure and other service occupations,28,7,21
S01008727,7. Sales and customer service occupations,29,10,19
S01008727,8. Process plant and machine operatives,15,15,0
S01008727,9. Elementary occupations,28,16,12
S01008728,All people aged 16 to 74 in employment,228,111,117
S01008728,1. Managers directors and senior officials,15,9,6
S01008728,2. Professional occupations,56,23,33
S01008728,3. Associate professional and technical occupations,29,13,16
S01008728,4. Administrative and secretarial occupations,26,6,20
S01008728,5. Skilled trades occupations,23,21,2
S01008728,6. Caring leisure and other service occupations,17,3,14
S01008728,7. Sales and customer service occupations,23,10,13
S01008728,8. Process plant and machine operatives,8,8,0
S01008728,9. Elementary occupations,31,18,13
S01008729,All people aged 16 to 74 in employment,359,180,179
S01008729,1. Managers directors and senior officials,50,34,16
S01008729,2. Professional occupations,129,59,70
S01008729,3. Associate professional and technical occupations,69,36,33
S01008729,4. Administrative and secretarial occupations,25,6,19
S01008729,5. Skilled trades occupations,21,18,3
S01008729,6. Caring leisure and other service occupations,17,3,14
S01008729,7. Sales and customer service occupations,26,11,15
S01008729,8. Process plant and machine operatives,7,7,0
S01008729,9. Elementary occupations,15,6,9
S01008730,All people aged 16 to 74 in employment,453,220,233
S01008730,1. Managers directors and senior officials,50,24,26
S01008730,2. Professional occupations,131,65,66
S01008730,3. Associate professional and technical occupations,96,41,55
S01008730,4. Administrative and secretarial occupations,40,15,25
S01008730,5. Skilled trades occupations,29,25,4
S01008730,6. Caring leisure and other service occupations,29,11,18
S01008730,7. Sales and customer service occupations,30,12,18
S01008730,8. Process plant and machine operatives,14,13,1
S01008730,9. Elementary occupations,34,14,20
S01008731,All people aged 16 to 74 in employment,179,86,93
S01008731,1. Managers directors and senior officials,14,9,5
S01008731,2. Professional occupations,33,11,22
S01008731,3. Associate professional and technical occupations,27,11,16
S01008731,4. Administrative and secretarial occupations,23,7,16
S01008731,5. Skilled trades occupations,16,15,1
S01008731,6. Caring leisure and other service occupations,23,9,14
S01008731,7. Sales and customer service occupations,14,5,9
S01008731,8. Process plant and machine operatives,10,9,1
S01008731,9. Elementary occupations,19,10,9
S01008732,All people aged 16 to 74 in employment,284,149,135
S01008732,1. Managers directors and senior officials,21,13,8
S01008732,2. Professional occupations,52,17,35
S01008732,3. Associate professional and technical occupations,48,26,22
S01008732,4. Administrative and secretarial occupations,35,9,26
S01008732,5. Skilled trades occupations,32,28,4
S01008732,6. Caring leisure and other service occupations,29,11,18
S01008732,7. Sales and customer service occupations,19,7,12
S01008732,8. Process plant and machine operatives,14,14,0
S01008732,9. Elementary occupations,34,24,10
S01008733,All people aged 16 to 74 in employment,510,256,254
S01008733,1. Managers directors and senior officials,34,20,14
S01008733,2. Professional occupations,101,45,56
S01008733,3. Associate professional and technical occupations,87,43,44
S01008733,4. Administrative and secretarial occupations,74,23,51
S01008733,5. Skilled trades occupations,38,37,1
S01008733,6. Caring leisure and other service occupations,57,19,38
S01008733,7. Sales and customer service occupations,42,19,23
S01008733,8. Process plant and machine operatives,23,22,1
S01008733,9. Elementary occupations,54,28,26
S01008734,All people aged 16 to 74 in employment,272,141,131
S01008734,1. Managers directors and senior officials,24,14,10
S01008734,2. Professional occupations,74,34,40
S01008734,3. Associate professional and technical occupations,49,29,20
S01008734,4. Administrative and secretarial occupations,29,8,21
S01008734,5. Skilled trades occupations,22,21,1
S01008734,6. Caring leisure and other service occupations,28,7,21
S01008734,7. Sales and customer service occupations,14,6,8
S01008734,8. Process plant and machine operatives,10,10,0
S01008734,9. Elementary occupations,22,12,10
S01008735,All people aged 16 to 74 in employment,446,227,219
S01008735,1. Managers directors and senior officials,63,39,24
S01008735,2. Professional occupations,122,62,60
S01008735,3. Associate professional and technical occupations,68,38,30
S01008735,4. Administrative and secretarial occupations,62,17,45
S01008735,5. Skilled trades occupations,27,22,5
S01008735,6. Caring leisure and other service occupations,31,4,27
S01008735,7. Sales and customer service occupations,43,23,20
S01008735,8. Process plant and machine operatives,13,12,1
S01008735,9. Elementary occupations,17,10,7
S01008736,All people aged 16 to 74 in employment,321,169,152
S01008736,1. Managers directors and senior officials,39,27,12
S01008736,2. Professional occupations,68,26,42
S01008736,3. Associate professional and technical occupations,47,27,20
S01008736,4. Administrative and secretarial occupations,37,9,28
S01008736,5. Skilled trades occupations,31,30,1
S01008736,6. Caring leisure and other service occupations,23,7,16
S01008736,7. Sales and customer service occupations,46,23,23
S01008736,8. Process plant and machine operatives,15,13,2
S01008736,9. Elementary occupations,15,7,8
S01008737,All people aged 16 to 74 in employment,374,195,179
S01008737,1. Managers directors and senior officials,38,24,14
S01008737,2. Professional occupations,77,38,39
S01008737,3. Associate professional and technical occupations,62,40,22
S01008737,4. Administrative and secretarial occupations,55,16,39
S01008737,5. Skilled trades occupations,27,26,1
S01008737,6. Caring leisure and other service occupations,28,6,22
S01008737,7. Sales and customer service occupations,54,20,34
S01008737,8. Process plant and machine operatives,12,11,1
S01008737,9. Elementary occupations,21,14,7
S01008738,All people aged 16 to 74 in employment,333,169,164
S01008738,1. Managers directors and senior officials,36,24,12
S01008738,2. Professional occupations,87,40,47
S01008738,3. Associate professional and technical occupations,41,23,18
S01008738,4. Administrative and secretarial occupations,59,19,40
S01008738,5. Skilled trades occupations,25,20,5
S01008738,6. Caring leisure and other service occupations,18,3,15
S01008738,7. Sales and customer service occupations,27,9,18
S01008738,8. Process plant and machine operatives,20,18,2
S01008738,9. Elementary occupations,20,13,7
S01008739,All people aged 16 to 74 in employment,289,150,139
S01008739,1. Managers directors and senior officials,26,15,11
S01008739,2. Professional occupations,34,19,15
S01008739,3. Associate professional and technical occupations,27,14,13
S01008739,4. Administrative and secretarial occupations,58,14,44
S01008739,5. Skilled trades occupations,41,39,2
S01008739,6. Caring leisure and other service occupations,25,5,20
S01008739,7. Sales and customer service occupations,30,10,20
S01008739,8. Process plant and machine operatives,21,21,0
S01008739,9. Elementary occupations,27,13,14
S01008740,All people aged 16 to 74 in employment,271,133,138
S01008740,1. Managers directors and senior officials,13,8,5
S01008740,2. Professional occupations,44,19,25
S01008740,3. Associate professional and technical occupations,33,17,16
S01008740,4. Administrative and secretarial occupations,58,17,41
S01008740,5. Skilled trades occupations,27,24,3
S01008740,6. Caring leisure and other service occupations,26,4,22
S01008740,7. Sales and customer service occupations,26,10,16
S01008740,8. Process plant and machine operatives,21,20,1
S01008740,9. Elementary occupations,23,14,9
S01008741,All people aged 16 to 74 in employment,445,230,215
S01008741,1. Managers directors and senior officials,27,15,12
S01008741,2. Professional occupations,62,30,32
S01008741,3. Associate professional and technical occupations,50,31,19
S01008741,4. Administrative and secretarial occupations,96,20,76
S01008741,5. Skilled trades occupations,56,54,2
S01008741,6. Caring leisure and other service occupations,38,9,29
S01008741,7. Sales and customer service occupations,51,17,34
S01008741,8. Process plant and machine operatives,36,35,1
S01008741,9. Elementary occupations,29,19,10
S01008742,All people aged 16 to 74 in employment,217,115,102
S01008742,1. Managers directors and senior officials,20,9,11
S01008742,2. Professional occupations,31,19,12
S01008742,3. Associate professional and technical occupations,30,17,13
S01008742,4. Administrative and secretarial occupations,44,13,31
S01008742,5. Skilled trades occupations,14,14,0
S01008742,6. Caring leisure and other service occupations,21,7,14
S01008742,7. Sales and customer service occupations,24,11,13
S01008742,8. Process plant and machine operatives,11,11,0
S01008742,9. Elementary occupations,22,14,8
S01008743,All people aged 16 to 74 in employment,430,218,212
S01008743,1. Managers directors and senior officials,34,17,17
S01008743,2. Professional occupations,64,30,34
S01008743,3. Associate professional and technical occupations,54,30,24
S01008743,4. Administrative and secretarial occupations,59,17,42
S01008743,5. Skilled trades occupations,47,44,3
S01008743,6. Caring leisure and other service occupations,45,10,35
S01008743,7. Sales and customer service occupations,45,17,28
S01008743,8. Process plant and machine operatives,19,17,2
S01008743,9. Elementary occupations,63,36,27
S01008744,All people aged 16 to 74 in employment,491,248,243
S01008744,1. Managers directors and senior officials,34,19,15
S01008744,2. Professional occupations,71,33,38
S01008744,3. Associate professional and technical occupations,65,34,31
S01008744,4. Administrative and secretarial occupations,85,24,61
S01008744,5. Skilled trades occupations,48,47,1
S01008744,6. Caring leisure and other service occupations,59,10,49
S01008744,7. Sales and customer service occupations,47,18,29
S01008744,8. Process plant and machine operatives,26,25,1
S01008744,9. Elementary occupations,56,38,18
S01008745,All people aged 16 to 74 in employment,243,119,124
S01008745,1. Managers directors and senior officials,21,12,9
S01008745,2. Professional occupations,72,34,38
S01008745,3. Associate professional and technical occupations,32,21,11
S01008745,4. Administrative and secretarial occupations,34,5,29
S01008745,5. Skilled trades occupations,18,18,0
S01008745,6. Caring leisure and other service occupations,21,9,12
S01008745,7. Sales and customer service occupations,18,4,14
S01008745,8. Process plant and machine operatives,7,7,0
S01008745,9. Elementary occupations,20,9,11
S01008746,All people aged 16 to 74 in employment,483,256,227
S01008746,1. Managers directors and senior officials,33,21,12
S01008746,2. Professional occupations,72,36,36
S01008746,3. Associate professional and technical occupations,56,39,17
S01008746,4. Administrative and secretarial occupations,68,18,50
S01008746,5. Skilled trades occupations,39,37,2
S01008746,6. Caring leisure and other service occupations,47,14,33
S01008746,7. Sales and customer service occupations,58,17,41
S01008746,8. Process plant and machine operatives,25,24,1
S01008746,9. Elementary occupations,85,50,35
S01008747,All people aged 16 to 74 in employment,235,113,122
S01008747,1. Managers directors and senior officials,18,10,8
S01008747,2. Professional occupations,65,30,35
S01008747,3. Associate professional and technical occupations,32,12,20
S01008747,4. Administrative and secretarial occupations,30,7,23
S01008747,5. Skilled trades occupations,22,21,1
S01008747,6. Caring leisure and other service occupations,27,5,22
S01008747,7. Sales and customer service occupations,15,6,9
S01008747,8. Process plant and machine operatives,13,13,0
S01008747,9. Elementary occupations,13,9,4
S01008748,All people aged 16 to 74 in employment,312,157,155
S01008748,1. Managers directors and senior officials,32,21,11
S01008748,2. Professional occupations,66,35,31
S01008748,3. Associate professional and technical occupations,52,30,22
S01008748,4. Administrative and secretarial occupations,49,8,41
S01008748,5. Skilled trades occupations,32,30,2
S01008748,6. Caring leisure and other service occupations,26,3,23
S01008748,7. Sales and customer service occupations,26,9,17
S01008748,8. Process plant and machine operatives,11,10,1
S01008748,9. Elementary occupations,18,11,7
S01008749,All people aged 16 to 74 in employment,466,241,225
S01008749,1. Managers directors and senior officials,57,36,21
S01008749,2. Professional occupations,88,38,50
S01008749,3. Associate professional and technical occupations,53,29,24
S01008749,4. Administrative and secretarial occupations,74,22,52
S01008749,5. Skilled trades occupations,60,52,8
S01008749,6. Caring leisure and other service occupations,38,7,31
S01008749,7. Sales and customer service occupations,41,17,24
S01008749,8. Process plant and machine operatives,21,17,4
S01008749,9. Elementary occupations,34,23,11
S01008750,All people aged 16 to 74 in employment,323,165,158
S01008750,1. Managers directors and senior officials,30,20,10
S01008750,2. Professional occupations,60,28,32
S01008750,3. Associate professional and technical occupations,39,22,17
S01008750,4. Administrative and secretarial occupations,66,21,45
S01008750,5. Skilled trades occupations,31,27,4
S01008750,6. Caring leisure and other service occupations,18,3,15
S01008750,7. Sales and customer service occupations,36,12,24
S01008750,8. Process plant and machine operatives,22,20,2
S01008750,9. Elementary occupations,21,12,9
S01008751,All people aged 16 to 74 in employment,264,135,129
S01008751,1. Managers directors and senior officials,15,11,4
S01008751,2. Professional occupations,39,18,21
S01008751,3. Associate professional and technical occupations,34,14,20
S01008751,4. Administrative and secretarial occupations,38,10,28
S01008751,5. Skilled trades occupations,34,34,0
S01008751,6. Caring leisure and other service occupations,22,3,19
S01008751,7. Sales and customer service occupations,39,11,28
S01008751,8. Process plant and machine operatives,18,15,3
S01008751,9. Elementary occupations,25,19,6
S01008752,All people aged 16 to 74 in employment,304,149,155
S01008752,1. Managers directors and senior officials,17,9,8
S01008752,2. Professional occupations,21,8,13
S01008752,3. Associate professional and technical occupations,33,18,15
S01008752,4. Administrative and secretarial occupations,53,18,35
S01008752,5. Skilled trades occupations,32,28,4
S01008752,6. Caring leisure and other service occupations,36,4,32
S01008752,7. Sales and customer service occupations,30,8,22
S01008752,8. Process plant and machine operatives,14,14,0
S01008752,9. Elementary occupations,68,42,26
S01008753,All people aged 16 to 74 in employment,230,104,126
S01008753,1. Managers directors and senior officials,17,7,10
S01008753,2. Professional occupations,23,10,13
S01008753,3. Associate professional and technical occupations,28,12,16
S01008753,4. Administrative and secretarial occupations,28,10,18
S01008753,5. Skilled trades occupations,18,13,5
S01008753,6. Caring leisure and other service occupations,38,8,30
S01008753,7. Sales and customer service occupations,22,8,14
S01008753,8. Process plant and machine operatives,17,15,2
S01008753,9. Elementary occupations,39,21,18
S01008754,All people aged 16 to 74 in employment,355,183,172
S01008754,1. Managers directors and senior officials,26,17,9
S01008754,2. Professional occupations,47,23,24
S01008754,3. Associate professional and technical occupations,51,24,27
S01008754,4. Administrative and secretarial occupations,47,15,32
S01008754,5. Skilled trades occupations,39,36,3
S01008754,6. Caring leisure and other service occupations,36,4,32
S01008754,7. Sales and customer service occupations,43,20,23
S01008754,8. Process plant and machine operatives,21,20,1
S01008754,9. Elementary occupations,45,24,21
S01008755,All people aged 16 to 74 in employment,506,281,225
S01008755,1. Managers directors and senior officials,32,19,13
S01008755,2. Professional occupations,43,19,24
S01008755,3. Associate professional and technical occupations,64,40,24
S01008755,4. Administrative and secretarial occupations,64,21,43
S01008755,5. Skilled trades occupations,59,56,3
S01008755,6. Caring leisure and other service occupations,53,15,38
S01008755,7. Sales and customer service occupations,55,27,28
S01008755,8. Process plant and machine operatives,37,36,1
S01008755,9. Elementary occupations,99,48,51
S01008756,All people aged 16 to 74 in employment,337,168,169
S01008756,1. Managers directors and senior officials,15,8,7
S01008756,2. Professional occupations,35,13,22
S01008756,3. Associate professional and technical occupations,40,21,19
S01008756,4. Administrative and secretarial occupations,43,11,32
S01008756,5. Skilled trades occupations,41,39,2
S01008756,6. Caring leisure and other service occupations,57,11,46
S01008756,7. Sales and customer service occupations,33,20,13
S01008756,8. Process plant and machine operatives,19,14,5
S01008756,9. Elementary occupations,54,31,23
S01008757,All people aged 16 to 74 in employment,207,107,100
S01008757,1. Managers directors and senior officials,10,4,6
S01008757,2. Professional occupations,13,7,6
S01008757,3. Associate professional and technical occupations,16,7,9
S01008757,4. Administrative and secretarial occupations,22,1,21
S01008757,5. Skilled trades occupations,27,25,2
S01008757,6. Caring leisure and other service occupations,28,5,23
S01008757,7. Sales and customer service occupations,14,7,7
S01008757,8. Process plant and machine operatives,18,15,3
S01008757,9. Elementary occupations,59,36,23
S01008758,All people aged 16 to 74 in employment,341,174,167
S01008758,1. Managers directors and senior officials,25,12,13
S01008758,2. Professional occupations,33,19,14
S01008758,3. Associate professional and technical occupations,21,14,7
S01008758,4. Administrative and secretarial occupations,58,9,49
S01008758,5. Skilled trades occupations,49,44,5
S01008758,6. Caring leisure and other service occupations,42,9,33
S01008758,7. Sales and customer service occupations,29,11,18
S01008758,8. Process plant and machine operatives,22,22,0
S01008758,9. Elementary occupations,62,34,28
S01008759,All people aged 16 to 74 in employment,218,101,117
S01008759,1. Managers directors and senior officials,8,5,3
S01008759,2. Professional occupations,17,10,7
S01008759,3. Associate professional and technical occupations,31,12,19
S01008759,4. Administrative and secretarial occupations,29,2,27
S01008759,5. Skilled trades occupations,27,24,3
S01008759,6. Caring leisure and other service occupations,29,5,24
S01008759,7. Sales and customer service occupations,27,14,13
S01008759,8. Process plant and machine operatives,16,15,1
S01008759,9. Elementary occupations,34,14,20
S01008760,All people aged 16 to 74 in employment,370,169,201
S01008760,1. Managers directors and senior officials,23,12,11
S01008760,2. Professional occupations,23,9,14
S01008760,3. Associate professional and technical occupations,24,12,12
S01008760,4. Administrative and secretarial occupations,51,10,41
S01008760,5. Skilled trades occupations,39,34,5
S01008760,6. Caring leisure and other service occupations,49,7,42
S01008760,7. Sales and customer service occupations,52,17,35
S01008760,8. Process plant and machine operatives,21,20,1
S01008760,9. Elementary occupations,88,48,40
S01008761,All people aged 16 to 74 in employment,418,220,198
S01008761,1. Managers directors and senior officials,20,14,6
S01008761,2. Professional occupations,60,25,35
S01008761,3. Associate professional and technical occupations,65,38,27
S01008761,4. Administrative and secretarial occupations,52,16,36
S01008761,5. Skilled trades occupations,51,42,9
S01008761,6. Caring leisure and other service occupations,35,7,28
S01008761,7. Sales and customer service occupations,35,11,24
S01008761,8. Process plant and machine operatives,22,22,0
S01008761,9. Elementary occupations,78,45,33
S01008762,All people aged 16 to 74 in employment,319,155,164
S01008762,1. Managers directors and senior officials,23,12,11
S01008762,2. Professional occupations,58,22,36
S01008762,3. Associate professional and technical occupations,47,24,23
S01008762,4. Administrative and secretarial occupations,34,8,26
S01008762,5. Skilled trades occupations,38,29,9
S01008762,6. Caring leisure and other service occupations,22,2,20
S01008762,7. Sales and customer service occupations,29,10,19
S01008762,8. Process plant and machine operatives,27,25,2
S01008762,9. Elementary occupations,41,23,18
S01008763,All people aged 16 to 74 in employment,582,281,301
S01008763,1. Managers directors and senior officials,43,24,19
S01008763,2. Professional occupations,153,65,88
S01008763,3. Associate professional and technical occupations,105,53,52
S01008763,4. Administrative and secretarial occupations,81,27,54
S01008763,5. Skilled trades occupations,37,32,5
S01008763,6. Caring leisure and other service occupations,43,6,37
S01008763,7. Sales and customer service occupations,36,13,23
S01008763,8. Process plant and machine operatives,22,22,0
S01008763,9. Elementary occupations,62,39,23
S01008764,All people aged 16 to 74 in employment,406,205,201
S01008764,1. Managers directors and senior officials,33,20,13
S01008764,2. Professional occupations,129,57,72
S01008764,3. Associate professional and technical occupations,71,39,32
S01008764,4. Administrative and secretarial occupations,37,9,28
S01008764,5. Skilled trades occupations,29,28,1
S01008764,6. Caring leisure and other service occupations,23,4,19
S01008764,7. Sales and customer service occupations,42,18,24
S01008764,8. Process plant and machine operatives,14,14,0
S01008764,9. Elementary occupations,28,16,12
S01008765,All people aged 16 to 74 in employment,497,236,261
S01008765,1. Managers directors and senior officials,53,28,25
S01008765,2. Professional occupations,138,62,76
S01008765,3. Associate professional and technical occupations,83,39,44
S01008765,4. Administrative and secretarial occupations,56,19,37
S01008765,5. Skilled trades occupations,26,21,5
S01008765,6. Caring leisure and other service occupations,52,10,42
S01008765,7. Sales and customer service occupations,35,16,19
S01008765,8. Process plant and machine operatives,20,19,1
S01008765,9. Elementary occupations,34,22,12
S01008766,All people aged 16 to 74 in employment,524,256,268
S01008766,1. Managers directors and senior officials,48,34,14
S01008766,2. Professional occupations,121,51,70
S01008766,3. Associate professional and technical occupations,74,33,41
S01008766,4. Administrative and secretarial occupations,73,18,55
S01008766,5. Skilled trades occupations,59,51,8
S01008766,6. Caring leisure and other service occupations,39,6,33
S01008766,7. Sales and customer service occupations,45,14,31
S01008766,8. Process plant and machine operatives,29,26,3
S01008766,9. Elementary occupations,36,23,13
S01008767,All people aged 16 to 74 in employment,284,144,140
S01008767,1. Managers directors and senior officials,22,13,9
S01008767,2. Professional occupations,47,21,26
S01008767,3. Associate professional and technical occupations,42,20,22
S01008767,4. Administrative and secretarial occupations,42,5,37
S01008767,5. Skilled trades occupations,36,35,1
S01008767,6. Caring leisure and other service occupations,24,4,20
S01008767,7. Sales and customer service occupations,31,14,17
S01008767,8. Process plant and machine operatives,11,10,1
S01008767,9. Elementary occupations,29,22,7
S01008768,All people aged 16 to 74 in employment,266,144,122
S01008768,1. Managers directors and senior officials,20,12,8
S01008768,2. Professional occupations,52,28,24
S01008768,3. Associate professional and technical occupations,50,24,26
S01008768,4. Administrative and secretarial occupations,35,14,21
S01008768,5. Skilled trades occupations,30,28,2
S01008768,6. Caring leisure and other service occupations,27,5,22
S01008768,7. Sales and customer service occupations,18,8,10
S01008768,8. Process plant and machine operatives,16,14,2
S01008768,9. Elementary occupations,18,11,7
S01008769,All people aged 16 to 74 in employment,520,281,239
S01008769,1. Managers directors and senior officials,65,42,23
S01008769,2. Professional occupations,173,87,86
S01008769,3. Associate professional and technical occupations,112,61,51
S01008769,4. Administrative and secretarial occupations,56,23,33
S01008769,5. Skilled trades occupations,21,17,4
S01008769,6. Caring leisure and other service occupations,27,11,16
S01008769,7. Sales and customer service occupations,33,19,14
S01008769,8. Process plant and machine operatives,9,8,1
S01008769,9. Elementary occupations,24,13,11
S01008770,All people aged 16 to 74 in employment,567,309,258
S01008770,1. Managers directors and senior officials,80,54,26
S01008770,2. Professional occupations,155,90,65
S01008770,3. Associate professional and technical occupations,104,66,38
S01008770,4. Administrative and secretarial occupations,52,16,36
S01008770,5. Skilled trades occupations,25,21,4
S01008770,6. Caring leisure and other service occupations,35,7,28
S01008770,7. Sales and customer service occupations,56,19,37
S01008770,8. Process plant and machine operatives,21,20,1
S01008770,9. Elementary occupations,39,16,23
S01008771,All people aged 16 to 74 in employment,446,243,203
S01008771,1. Managers directors and senior officials,72,49,23
S01008771,2. Professional occupations,128,69,59
S01008771,3. Associate professional and technical occupations,90,53,37
S01008771,4. Administrative and secretarial occupations,42,12,30
S01008771,5. Skilled trades occupations,20,19,1
S01008771,6. Caring leisure and other service occupations,23,4,19
S01008771,7. Sales and customer service occupations,27,7,20
S01008771,8. Process plant and machine operatives,18,17,1
S01008771,9. Elementary occupations,26,13,13
S01008772,All people aged 16 to 74 in employment,413,224,189
S01008772,1. Managers directors and senior officials,43,24,19
S01008772,2. Professional occupations,120,67,53
S01008772,3. Associate professional and technical occupations,68,33,35
S01008772,4. Administrative and secretarial occupations,48,15,33
S01008772,5. Skilled trades occupations,31,27,4
S01008772,6. Caring leisure and other service occupations,26,10,16
S01008772,7. Sales and customer service occupations,28,16,12
S01008772,8. Process plant and machine operatives,15,13,2
S01008772,9. Elementary occupations,34,19,15
S01008773,All people aged 16 to 74 in employment,609,322,287
S01008773,1. Managers directors and senior officials,59,32,27
S01008773,2. Professional occupations,128,55,73
S01008773,3. Associate professional and technical occupations,102,50,52
S01008773,4. Administrative and secretarial occupations,68,24,44
S01008773,5. Skilled trades occupations,40,36,4
S01008773,6. Caring leisure and other service occupations,55,20,35
S01008773,7. Sales and customer service occupations,63,35,28
S01008773,8. Process plant and machine operatives,24,24,0
S01008773,9. Elementary occupations,70,46,24
S01008774,All people aged 16 to 74 in employment,521,288,233
S01008774,1. Managers directors and senior officials,47,31,16
S01008774,2. Professional occupations,88,46,42
S01008774,3. Associate professional and technical occupations,66,34,32
S01008774,4. Administrative and secretarial occupations,59,18,41
S01008774,5. Skilled trades occupations,57,55,2
S01008774,6. Caring leisure and other service occupations,51,20,31
S01008774,7. Sales and customer service occupations,52,24,28
S01008774,8. Process plant and machine operatives,13,11,2
S01008774,9. Elementary occupations,88,49,39
S01008775,All people aged 16 to 74 in employment,280,142,138
S01008775,1. Managers directors and senior officials,23,16,7
S01008775,2. Professional occupations,78,34,44
S01008775,3. Associate professional and technical occupations,56,30,26
S01008775,4. Administrative and secretarial occupations,27,6,21
S01008775,5. Skilled trades occupations,29,25,4
S01008775,6. Caring leisure and other service occupations,13,2,11
S01008775,7. Sales and customer service occupations,18,6,12
S01008775,8. Process plant and machine operatives,9,9,0
S01008775,9. Elementary occupations,27,14,13
S01008776,All people aged 16 to 74 in employment,419,203,216
S01008776,1. Managers directors and senior officials,30,17,13
S01008776,2. Professional occupations,81,37,44
S01008776,3. Associate professional and technical occupations,66,26,40
S01008776,4. Administrative and secretarial occupations,46,15,31
S01008776,5. Skilled trades occupations,32,26,6
S01008776,6. Caring leisure and other service occupations,37,11,26
S01008776,7. Sales and customer service occupations,50,27,23
S01008776,8. Process plant and machine operatives,11,9,2
S01008776,9. Elementary occupations,66,35,31
S01008777,All people aged 16 to 74 in employment,491,291,200
S01008777,1. Managers directors and senior officials,35,19,16
S01008777,2. Professional occupations,82,52,30
S01008777,3. Associate professional and technical occupations,74,46,28
S01008777,4. Administrative and secretarial occupations,41,17,24
S01008777,5. Skilled trades occupations,47,37,10
S01008777,6. Caring leisure and other service occupations,52,15,37
S01008777,7. Sales and customer service occupations,48,24,24
S01008777,8. Process plant and machine operatives,25,23,2
S01008777,9. Elementary occupations,87,58,29
S01008778,All people aged 16 to 74 in employment,786,423,363
S01008778,1. Managers directors and senior officials,84,54,30
S01008778,2. Professional occupations,208,109,99
S01008778,3. Associate professional and technical occupations,157,90,67
S01008778,4. Administrative and secretarial occupations,77,32,45
S01008778,5. Skilled trades occupations,44,38,6
S01008778,6. Caring leisure and other service occupations,56,20,36
S01008778,7. Sales and customer service occupations,69,28,41
S01008778,8. Process plant and machine operatives,17,17,0
S01008778,9. Elementary occupations,74,35,39
S01008779,All people aged 16 to 74 in employment,550,287,263
S01008779,1. Managers directors and senior officials,72,44,28
S01008779,2. Professional occupations,180,102,78
S01008779,3. Associate professional and technical occupations,99,46,53
S01008779,4. Administrative and secretarial occupations,53,11,42
S01008779,5. Skilled trades occupations,37,31,6
S01008779,6. Caring leisure and other service occupations,32,8,24
S01008779,7. Sales and customer service occupations,35,18,17
S01008779,8. Process plant and machine operatives,11,10,1
S01008779,9. Elementary occupations,31,17,14
S01008780,All people aged 16 to 74 in employment,419,218,201
S01008780,1. Managers directors and senior officials,38,21,17
S01008780,2. Professional occupations,120,61,59
S01008780,3. Associate professional and technical occupations,74,48,26
S01008780,4. Administrative and secretarial occupations,43,12,31
S01008780,5. Skilled trades occupations,32,27,5
S01008780,6. Caring leisure and other service occupations,28,10,18
S01008780,7. Sales and customer service occupations,21,9,12
S01008780,8. Process plant and machine operatives,14,12,2
S01008780,9. Elementary occupations,49,18,31
S01008781,All people aged 16 to 74 in employment,616,331,285
S01008781,1. Managers directors and senior officials,49,26,23
S01008781,2. Professional occupations,138,78,60
S01008781,3. Associate professional and technical occupations,115,61,54
S01008781,4. Administrative and secretarial occupations,48,14,34
S01008781,5. Skilled trades occupations,49,43,6
S01008781,6. Caring leisure and other service occupations,53,20,33
S01008781,7. Sales and customer service occupations,54,28,26
S01008781,8. Process plant and machine operatives,25,22,3
S01008781,9. Elementary occupations,85,39,46
S01008782,All people aged 16 to 74 in employment,509,279,230
S01008782,1. Managers directors and senior officials,58,35,23
S01008782,2. Professional occupations,168,91,77
S01008782,3. Associate professional and technical occupations,84,42,42
S01008782,4. Administrative and secretarial occupations,46,15,31
S01008782,5. Skilled trades occupations,38,36,2
S01008782,6. Caring leisure and other service occupations,24,6,18
S01008782,7. Sales and customer service occupations,36,11,25
S01008782,8. Process plant and machine operatives,11,11,0
S01008782,9. Elementary occupations,44,32,12
S01008783,All people aged 16 to 74 in employment,308,151,157
S01008783,1. Managers directors and senior officials,33,17,16
S01008783,2. Professional occupations,78,41,37
S01008783,3. Associate professional and technical occupations,73,34,39
S01008783,4. Administrative and secretarial occupations,26,5,21
S01008783,5. Skilled trades occupations,17,16,1
S01008783,6. Caring leisure and other service occupations,19,6,13
S01008783,7. Sales and customer service occupations,25,7,18
S01008783,8. Process plant and machine operatives,15,13,2
S01008783,9. Elementary occupations,22,12,10
S01008784,All people aged 16 to 74 in employment,322,163,159
S01008784,1. Managers directors and senior officials,36,23,13
S01008784,2. Professional occupations,81,39,42
S01008784,3. Associate professional and technical occupations,49,23,26
S01008784,4. Administrative and secretarial occupations,31,10,21
S01008784,5. Skilled trades occupations,21,20,1
S01008784,6. Caring leisure and other service occupations,31,8,23
S01008784,7. Sales and customer service occupations,25,8,17
S01008784,8. Process plant and machine operatives,11,10,1
S01008784,9. Elementary occupations,37,22,15
S01008785,All people aged 16 to 74 in employment,395,213,182
S01008785,1. Managers directors and senior officials,39,15,24
S01008785,2. Professional occupations,66,28,38
S01008785,3. Associate professional and technical occupations,53,30,23
S01008785,4. Administrative and secretarial occupations,32,11,21
S01008785,5. Skilled trades occupations,33,30,3
S01008785,6. Caring leisure and other service occupations,31,9,22
S01008785,7. Sales and customer service occupations,45,29,16
S01008785,8. Process plant and machine operatives,11,10,1
S01008785,9. Elementary occupations,85,51,34
S01008786,All people aged 16 to 74 in employment,625,351,274
S01008786,1. Managers directors and senior officials,72,47,25
S01008786,2. Professional occupations,164,78,86
S01008786,3. Associate professional and technical occupations,114,59,55
S01008786,4. Administrative and secretarial occupations,56,29,27
S01008786,5. Skilled trades occupations,54,45,9
S01008786,6. Caring leisure and other service occupations,34,15,19
S01008786,7. Sales and customer service occupations,42,20,22
S01008786,8. Process plant and machine operatives,16,14,2
S01008786,9. Elementary occupations,73,44,29
S01008787,All people aged 16 to 74 in employment,122,68,54
S01008787,1. Managers directors and senior officials,4,3,1
S01008787,2. Professional occupations,8,3,5
S01008787,3. Associate professional and technical occupations,9,8,1
S01008787,4. Administrative and secretarial occupations,6,1,5
S01008787,5. Skilled trades occupations,8,8,0
S01008787,6. Caring leisure and other service occupations,20,4,16
S01008787,7. Sales and customer service occupations,15,6,9
S01008787,8. Process plant and machine operatives,11,11,0
S01008787,9. Elementary occupations,41,24,17
S01008788,All people aged 16 to 74 in employment,487,251,236
S01008788,1. Managers directors and senior officials,64,37,27
S01008788,2. Professional occupations,129,70,59
S01008788,3. Associate professional and technical occupations,83,43,40
S01008788,4. Administrative and secretarial occupations,52,15,37
S01008788,5. Skilled trades occupations,37,35,2
S01008788,6. Caring leisure and other service occupations,37,9,28
S01008788,7. Sales and customer service occupations,32,14,18
S01008788,8. Process plant and machine operatives,2,2,0
S01008788,9. Elementary occupations,51,26,25
S01008789,All people aged 16 to 74 in employment,283,133,150
S01008789,1. Managers directors and senior officials,21,10,11
S01008789,2. Professional occupations,48,20,28
S01008789,3. Associate professional and technical occupations,37,15,22
S01008789,4. Administrative and secretarial occupations,31,8,23
S01008789,5. Skilled trades occupations,29,25,4
S01008789,6. Caring leisure and other service occupations,36,8,28
S01008789,7. Sales and customer service occupations,31,10,21
S01008789,8. Process plant and machine operatives,10,8,2
S01008789,9. Elementary occupations,40,29,11
S01008790,All people aged 16 to 74 in employment,363,181,182
S01008790,1. Managers directors and senior officials,35,20,15
S01008790,2. Professional occupations,71,38,33
S01008790,3. Associate professional and technical occupations,47,24,23
S01008790,4. Administrative and secretarial occupations,40,15,25
S01008790,5. Skilled trades occupations,33,30,3
S01008790,6. Caring leisure and other service occupations,29,5,24
S01008790,7. Sales and customer service occupations,37,14,23
S01008790,8. Process plant and machine operatives,9,7,2
S01008790,9. Elementary occupations,62,28,34
S01008791,All people aged 16 to 74 in employment,567,296,271
S01008791,1. Managers directors and senior officials,42,31,11
S01008791,2. Professional occupations,121,64,57
S01008791,3. Associate professional and technical occupations,62,29,33
S01008791,4. Administrative and secretarial occupations,63,17,46
S01008791,5. Skilled trades occupations,53,49,4
S01008791,6. Caring leisure and other service occupations,56,13,43
S01008791,7. Sales and customer service occupations,45,23,22
S01008791,8. Process plant and machine operatives,17,17,0
S01008791,9. Elementary occupations,108,53,55
S01008792,All people aged 16 to 74 in employment,476,243,233
S01008792,1. Managers directors and senior officials,40,16,24
S01008792,2. Professional occupations,102,42,60
S01008792,3. Associate professional and technical occupations,87,51,36
S01008792,4. Administrative and secretarial occupations,52,20,32
S01008792,5. Skilled trades occupations,36,26,10
S01008792,6. Caring leisure and other service occupations,43,16,27
S01008792,7. Sales and customer service occupations,33,12,21
S01008792,8. Process plant and machine operatives,27,26,1
S01008792,9. Elementary occupations,56,34,22
S01008793,All people aged 16 to 74 in employment,193,101,92
S01008793,1. Managers directors and senior officials,11,5,6
S01008793,2. Professional occupations,28,16,12
S01008793,3. Associate professional and technical occupations,24,10,14
S01008793,4. Administrative and secretarial occupations,22,8,14
S01008793,5. Skilled trades occupations,21,18,3
S01008793,6. Caring leisure and other service occupations,18,5,13
S01008793,7. Sales and customer service occupations,20,7,13
S01008793,8. Process plant and machine operatives,7,6,1
S01008793,9. Elementary occupations,42,26,16
S01008794,All people aged 16 to 74 in employment,428,212,216
S01008794,1. Managers directors and senior officials,26,16,10
S01008794,2. Professional occupations,77,38,39
S01008794,3. Associate professional and technical occupations,61,31,30
S01008794,4. Administrative and secretarial occupations,62,15,47
S01008794,5. Skilled trades occupations,38,34,4
S01008794,6. Caring leisure and other service occupations,54,13,41
S01008794,7. Sales and customer service occupations,41,17,24
S01008794,8. Process plant and machine operatives,19,19,0
S01008794,9. Elementary occupations,50,29,21
S01008795,All people aged 16 to 74 in employment,741,386,355
S01008795,1. Managers directors and senior officials,51,38,13
S01008795,2. Professional occupations,154,65,89
S01008795,3. Associate professional and technical occupations,116,56,60
S01008795,4. Administrative and secretarial occupations,91,34,57
S01008795,5. Skilled trades occupations,65,59,6
S01008795,6. Caring leisure and other service occupations,64,19,45
S01008795,7. Sales and customer service occupations,61,28,33
S01008795,8. Process plant and machine operatives,23,22,1
S01008795,9. Elementary occupations,116,65,51
S01008796,All people aged 16 to 74 in employment,622,319,303
S01008796,1. Managers directors and senior officials,33,18,15
S01008796,2. Professional occupations,104,55,49
S01008796,3. Associate professional and technical occupations,97,49,48
S01008796,4. Administrative and secretarial occupations,65,15,50
S01008796,5. Skilled trades occupations,51,41,10
S01008796,6. Caring leisure and other service occupations,55,18,37
S01008796,7. Sales and customer service occupations,68,29,39
S01008796,8. Process plant and machine operatives,30,25,5
S01008796,9. Elementary occupations,119,69,50
S01008797,All people aged 16 to 74 in employment,617,317,300
S01008797,1. Managers directors and senior officials,41,20,21
S01008797,2. Professional occupations,132,57,75
S01008797,3. Associate professional and technical occupations,95,49,46
S01008797,4. Administrative and secretarial occupations,84,37,47
S01008797,5. Skilled trades occupations,52,42,10
S01008797,6. Caring leisure and other service occupations,50,17,33
S01008797,7. Sales and customer service occupations,57,30,27
S01008797,8. Process plant and machine operatives,11,11,0
S01008797,9. Elementary occupations,95,54,41
S01008798,All people aged 16 to 74 in employment,461,240,221
S01008798,1. Managers directors and senior officials,26,12,14
S01008798,2. Professional occupations,103,54,49
S01008798,3. Associate professional and technical occupations,74,43,31
S01008798,4. Administrative and secretarial occupations,61,24,37
S01008798,5. Skilled trades occupations,44,38,6
S01008798,6. Caring leisure and other service occupations,49,10,39
S01008798,7. Sales and customer service occupations,28,12,16
S01008798,8. Process plant and machine operatives,19,17,2
S01008798,9. Elementary occupations,57,30,27
S01008799,All people aged 16 to 74 in employment,406,224,182
S01008799,1. Managers directors and senior officials,30,20,10
S01008799,2. Professional occupations,61,31,30
S01008799,3. Associate professional and technical occupations,43,27,16
S01008799,4. Administrative and secretarial occupations,51,18,33
S01008799,5. Skilled trades occupations,46,42,4
S01008799,6. Caring leisure and other service occupations,39,10,29
S01008799,7. Sales and customer service occupations,40,14,26
S01008799,8. Process plant and machine operatives,15,14,1
S01008799,9. Elementary occupations,81,48,33
S01008800,All people aged 16 to 74 in employment,767,412,355
S01008800,1. Managers directors and senior officials,56,29,27
S01008800,2. Professional occupations,171,96,75
S01008800,3. Associate professional and technical occupations,120,63,57
S01008800,4. Administrative and secretarial occupations,96,37,59
S01008800,5. Skilled trades occupations,58,48,10
S01008800,6. Caring leisure and other service occupations,58,18,40
S01008800,7. Sales and customer service occupations,64,27,37
S01008800,8. Process plant and machine operatives,33,32,1
S01008800,9. Elementary occupations,111,62,49
S01008801,All people aged 16 to 74 in employment,653,349,304
S01008801,1. Managers directors and senior officials,48,29,19
S01008801,2. Professional occupations,145,73,72
S01008801,3. Associate professional and technical occupations,106,60,46
S01008801,4. Administrative and secretarial occupations,66,22,44
S01008801,5. Skilled trades occupations,65,59,6
S01008801,6. Caring leisure and other service occupations,47,14,33
S01008801,7. Sales and customer service occupations,62,29,33
S01008801,8. Process plant and machine operatives,23,23,0
S01008801,9. Elementary occupations,91,40,51
S01008802,All people aged 16 to 74 in employment,608,324,284
S01008802,1. Managers directors and senior officials,38,20,18
S01008802,2. Professional occupations,119,64,55
S01008802,3. Associate professional and technical occupations,106,52,54
S01008802,4. Administrative and secretarial occupations,65,23,42
S01008802,5. Skilled trades occupations,54,49,5
S01008802,6. Caring leisure and other service occupations,63,18,45
S01008802,7. Sales and customer service occupations,46,26,20
S01008802,8. Process plant and machine operatives,16,13,3
S01008802,9. Elementary occupations,101,59,42
S01008803,All people aged 16 to 74 in employment,574,293,281
S01008803,1. Managers directors and senior officials,68,46,22
S01008803,2. Professional occupations,99,50,49
S01008803,3. Associate professional and technical occupations,88,43,45
S01008803,4. Administrative and secretarial occupations,64,20,44
S01008803,5. Skilled trades occupations,58,47,11
S01008803,6. Caring leisure and other service occupations,50,12,38
S01008803,7. Sales and customer service occupations,38,17,21
S01008803,8. Process plant and machine operatives,17,12,5
S01008803,9. Elementary occupations,92,46,46
S01008804,All people aged 16 to 74 in employment,332,187,145
S01008804,1. Managers directors and senior officials,34,22,12
S01008804,2. Professional occupations,66,37,29
S01008804,3. Associate professional and technical occupations,31,12,19
S01008804,4. Administrative and secretarial occupations,40,16,24
S01008804,5. Skilled trades occupations,33,31,2
S01008804,6. Caring leisure and other service occupations,32,12,20
S01008804,7. Sales and customer service occupations,27,13,14
S01008804,8. Process plant and machine operatives,7,6,1
S01008804,9. Elementary occupations,62,38,24
S01008805,All people aged 16 to 74 in employment,402,210,192
S01008805,1. Managers directors and senior officials,32,18,14
S01008805,2. Professional occupations,90,55,35
S01008805,3. Associate professional and technical occupations,56,29,27
S01008805,4. Administrative and secretarial occupations,50,22,28
S01008805,5. Skilled trades occupations,15,12,3
S01008805,6. Caring leisure and other service occupations,28,10,18
S01008805,7. Sales and customer service occupations,63,32,31
S01008805,8. Process plant and machine operatives,9,6,3
S01008805,9. Elementary occupations,59,26,33
S01008806,All people aged 16 to 74 in employment,713,363,350
S01008806,1. Managers directors and senior officials,66,40,26
S01008806,2. Professional occupations,186,99,87
S01008806,3. Associate professional and technical occupations,112,54,58
S01008806,4. Administrative and secretarial occupations,79,17,62
S01008806,5. Skilled trades occupations,62,52,10
S01008806,6. Caring leisure and other service occupations,48,14,34
S01008806,7. Sales and customer service occupations,65,33,32
S01008806,8. Process plant and machine operatives,14,13,1
S01008806,9. Elementary occupations,81,41,40
S01008807,All people aged 16 to 74 in employment,526,265,261
S01008807,1. Managers directors and senior officials,41,21,20
S01008807,2. Professional occupations,136,68,68
S01008807,3. Associate professional and technical occupations,103,56,47
S01008807,4. Administrative and secretarial occupations,59,20,39
S01008807,5. Skilled trades occupations,30,26,4
S01008807,6. Caring leisure and other service occupations,39,8,31
S01008807,7. Sales and customer service occupations,35,18,17
S01008807,8. Process plant and machine operatives,20,14,6
S01008807,9. Elementary occupations,63,34,29
S01008808,All people aged 16 to 74 in employment,417,212,205
S01008808,1. Managers directors and senior officials,37,24,13
S01008808,2. Professional occupations,132,64,68
S01008808,3. Associate professional and technical occupations,88,47,41
S01008808,4. Administrative and secretarial occupations,35,13,22
S01008808,5. Skilled trades occupations,24,21,3
S01008808,6. Caring leisure and other service occupations,29,7,22
S01008808,7. Sales and customer service occupations,28,13,15
S01008808,8. Process plant and machine operatives,10,7,3
S01008808,9. Elementary occupations,34,16,18
S01008809,All people aged 16 to 74 in employment,373,203,170
S01008809,1. Managers directors and senior officials,72,47,25
S01008809,2. Professional occupations,108,54,54
S01008809,3. Associate professional and technical occupations,63,39,24
S01008809,4. Administrative and secretarial occupations,25,8,17
S01008809,5. Skilled trades occupations,22,17,5
S01008809,6. Caring leisure and other service occupations,29,12,17
S01008809,7. Sales and customer service occupations,21,8,13
S01008809,8. Process plant and machine operatives,8,7,1
S01008809,9. Elementary occupations,25,11,14
S01008810,All people aged 16 to 74 in employment,484,239,245
S01008810,1. Managers directors and senior officials,42,26,16
S01008810,2. Professional occupations,164,84,80
S01008810,3. Associate professional and technical occupations,90,40,50
S01008810,4. Administrative and secretarial occupations,52,14,38
S01008810,5. Skilled trades occupations,28,22,6
S01008810,6. Caring leisure and other service occupations,17,3,14
S01008810,7. Sales and customer service occupations,33,16,17
S01008810,8. Process plant and machine operatives,9,8,1
S01008810,9. Elementary occupations,49,26,23
S01008811,All people aged 16 to 74 in employment,562,286,276
S01008811,1. Managers directors and senior officials,61,37,24
S01008811,2. Professional occupations,153,84,69
S01008811,3. Associate professional and technical occupations,103,48,55
S01008811,4. Administrative and secretarial occupations,41,15,26
S01008811,5. Skilled trades occupations,34,28,6
S01008811,6. Caring leisure and other service occupations,32,5,27
S01008811,7. Sales and customer service occupations,45,18,27
S01008811,8. Process plant and machine operatives,7,7,0
S01008811,9. Elementary occupations,86,44,42
S01008812,All people aged 16 to 74 in employment,313,160,153
S01008812,1. Managers directors and senior officials,33,17,16
S01008812,2. Professional occupations,107,62,45
S01008812,3. Associate professional and technical occupations,59,27,32
S01008812,4. Administrative and secretarial occupations,20,3,17
S01008812,5. Skilled trades occupations,14,12,2
S01008812,6. Caring leisure and other service occupations,22,6,16
S01008812,7. Sales and customer service occupations,26,13,13
S01008812,8. Process plant and machine operatives,6,6,0
S01008812,9. Elementary occupations,26,14,12
S01008813,All people aged 16 to 74 in employment,512,264,248
S01008813,1. Managers directors and senior officials,44,22,22
S01008813,2. Professional occupations,101,52,49
S01008813,3. Associate professional and technical occupations,64,35,29
S01008813,4. Administrative and secretarial occupations,59,15,44
S01008813,5. Skilled trades occupations,57,47,10
S01008813,6. Caring leisure and other service occupations,44,11,33
S01008813,7. Sales and customer service occupations,46,18,28
S01008813,8. Process plant and machine operatives,20,19,1
S01008813,9. Elementary occupations,77,45,32
S01008814,All people aged 16 to 74 in employment,516,251,265
S01008814,1. Managers directors and senior officials,42,25,17
S01008814,2. Professional occupations,118,50,68
S01008814,3. Associate professional and technical occupations,73,36,37
S01008814,4. Administrative and secretarial occupations,59,14,45
S01008814,5. Skilled trades occupations,53,45,8
S01008814,6. Caring leisure and other service occupations,31,6,25
S01008814,7. Sales and customer service occupations,50,24,26
S01008814,8. Process plant and machine operatives,12,9,3
S01008814,9. Elementary occupations,78,42,36
S01008815,All people aged 16 to 74 in employment,568,305,263
S01008815,1. Managers directors and senior officials,49,31,18
S01008815,2. Professional occupations,131,55,76
S01008815,3. Associate professional and technical occupations,101,55,46
S01008815,4. Administrative and secretarial occupations,63,27,36
S01008815,5. Skilled trades occupations,40,34,6
S01008815,6. Caring leisure and other service occupations,34,7,27
S01008815,7. Sales and customer service occupations,36,21,15
S01008815,8. Process plant and machine operatives,21,21,0
S01008815,9. Elementary occupations,93,54,39
S01008816,All people aged 16 to 74 in employment,286,157,129
S01008816,1. Managers directors and senior officials,27,11,16
S01008816,2. Professional occupations,67,43,24
S01008816,3. Associate professional and technical occupations,68,40,28
S01008816,4. Administrative and secretarial occupations,41,10,31
S01008816,5. Skilled trades occupations,18,17,1
S01008816,6. Caring leisure and other service occupations,14,3,11
S01008816,7. Sales and customer service occupations,21,12,9
S01008816,8. Process plant and machine operatives,9,9,0
S01008816,9. Elementary occupations,21,12,9
S01008817,All people aged 16 to 74 in employment,459,227,232
S01008817,1. Managers directors and senior officials,29,17,12
S01008817,2. Professional occupations,107,57,50
S01008817,3. Associate professional and technical occupations,74,33,41
S01008817,4. Administrative and secretarial occupations,52,14,38
S01008817,5. Skilled trades occupations,42,34,8
S01008817,6. Caring leisure and other service occupations,48,13,35
S01008817,7. Sales and customer service occupations,35,11,24
S01008817,8. Process plant and machine operatives,14,13,1
S01008817,9. Elementary occupations,58,35,23
S01008818,All people aged 16 to 74 in employment,495,232,263
S01008818,1. Managers directors and senior officials,43,22,21
S01008818,2. Professional occupations,128,69,59
S01008818,3. Associate professional and technical occupations,96,40,56
S01008818,4. Administrative and secretarial occupations,66,15,51
S01008818,5. Skilled trades occupations,29,29,0
S01008818,6. Caring leisure and other service occupations,44,12,32
S01008818,7. Sales and customer service occupations,34,14,20
S01008818,8. Process plant and machine operatives,15,12,3
S01008818,9. Elementary occupations,40,19,21
S01008819,All people aged 16 to 74 in employment,448,224,224
S01008819,1. Managers directors and senior officials,37,20,17
S01008819,2. Professional occupations,159,77,82
S01008819,3. Associate professional and technical occupations,98,50,48
S01008819,4. Administrative and secretarial occupations,44,13,31
S01008819,5. Skilled trades occupations,27,21,6
S01008819,6. Caring leisure and other service occupations,22,7,15
S01008819,7. Sales and customer service occupations,24,10,14
S01008819,8. Process plant and machine operatives,14,11,3
S01008819,9. Elementary occupations,23,15,8
S01008820,All people aged 16 to 74 in employment,621,331,290
S01008820,1. Managers directors and senior officials,53,34,19
S01008820,2. Professional occupations,120,57,63
S01008820,3. Associate professional and technical occupations,109,66,43
S01008820,4. Administrative and secretarial occupations,80,37,43
S01008820,5. Skilled trades occupations,48,37,11
S01008820,6. Caring leisure and other service occupations,63,16,47
S01008820,7. Sales and customer service occupations,59,27,32
S01008820,8. Process plant and machine operatives,17,16,1
S01008820,9. Elementary occupations,72,41,31
S01008821,All people aged 16 to 74 in employment,390,195,195
S01008821,1. Managers directors and senior officials,56,31,25
S01008821,2. Professional occupations,153,81,72
S01008821,3. Associate professional and technical occupations,65,29,36
S01008821,4. Administrative and secretarial occupations,32,9,23
S01008821,5. Skilled trades occupations,18,13,5
S01008821,6. Caring leisure and other service occupations,17,4,13
S01008821,7. Sales and customer service occupations,31,17,14
S01008821,8. Process plant and machine operatives,5,5,0
S01008821,9. Elementary occupations,13,6,7
S01008822,All people aged 16 to 74 in employment,371,196,175
S01008822,1. Managers directors and senior officials,61,40,21
S01008822,2. Professional occupations,123,58,65
S01008822,3. Associate professional and technical occupations,64,35,29
S01008822,4. Administrative and secretarial occupations,43,20,23
S01008822,5. Skilled trades occupations,19,17,2
S01008822,6. Caring leisure and other service occupations,21,6,15
S01008822,7. Sales and customer service occupations,21,9,12
S01008822,8. Process plant and machine operatives,5,5,0
S01008822,9. Elementary occupations,14,6,8
S01008823,All people aged 16 to 74 in employment,333,181,152
S01008823,1. Managers directors and senior officials,64,44,20
S01008823,2. Professional occupations,115,57,58
S01008823,3. Associate professional and technical occupations,57,37,20
S01008823,4. Administrative and secretarial occupations,30,8,22
S01008823,5. Skilled trades occupations,19,17,2
S01008823,6. Caring leisure and other service occupations,18,4,14
S01008823,7. Sales and customer service occupations,15,6,9
S01008823,8. Process plant and machine operatives,4,3,1
S01008823,9. Elementary occupations,11,5,6
S01008824,All people aged 16 to 74 in employment,555,264,291
S01008824,1. Managers directors and senior officials,76,42,34
S01008824,2. Professional occupations,198,93,105
S01008824,3. Associate professional and technical occupations,103,50,53
S01008824,4. Administrative and secretarial occupations,49,15,34
S01008824,5. Skilled trades occupations,26,21,5
S01008824,6. Caring leisure and other service occupations,30,6,24
S01008824,7. Sales and customer service occupations,42,14,28
S01008824,8. Process plant and machine operatives,10,10,0
S01008824,9. Elementary occupations,21,13,8
S01008825,All people aged 16 to 74 in employment,355,177,178
S01008825,1. Managers directors and senior officials,50,26,24
S01008825,2. Professional occupations,119,61,58
S01008825,3. Associate professional and technical occupations,60,26,34
S01008825,4. Administrative and secretarial occupations,37,12,25
S01008825,5. Skilled trades occupations,28,24,4
S01008825,6. Caring leisure and other service occupations,19,6,13
S01008825,7. Sales and customer service occupations,21,8,13
S01008825,8. Process plant and machine operatives,6,5,1
S01008825,9. Elementary occupations,15,9,6
S01008826,All people aged 16 to 74 in employment,396,196,200
S01008826,1. Managers directors and senior officials,41,20,21
S01008826,2. Professional occupations,115,55,60
S01008826,3. Associate professional and technical occupations,60,26,34
S01008826,4. Administrative and secretarial occupations,38,11,27
S01008826,5. Skilled trades occupations,34,32,2
S01008826,6. Caring leisure and other service occupations,33,8,25
S01008826,7. Sales and customer service occupations,31,8,23
S01008826,8. Process plant and machine operatives,15,14,1
S01008826,9. Elementary occupations,29,22,7
S01008827,All people aged 16 to 74 in employment,321,171,150
S01008827,1. Managers directors and senior officials,44,34,10
S01008827,2. Professional occupations,142,72,70
S01008827,3. Associate professional and technical occupations,62,32,30
S01008827,4. Administrative and secretarial occupations,27,10,17
S01008827,5. Skilled trades occupations,9,8,1
S01008827,6. Caring leisure and other service occupations,14,3,11
S01008827,7. Sales and customer service occupations,11,4,7
S01008827,8. Process plant and machine operatives,4,2,2
S01008827,9. Elementary occupations,8,6,2
S01008828,All people aged 16 to 74 in employment,478,231,247
S01008828,1. Managers directors and senior officials,53,32,21
S01008828,2. Professional occupations,158,78,80
S01008828,3. Associate professional and technical occupations,82,47,35
S01008828,4. Administrative and secretarial occupations,62,15,47
S01008828,5. Skilled trades occupations,29,23,6
S01008828,6. Caring leisure and other service occupations,31,8,23
S01008828,7. Sales and customer service occupations,30,11,19
S01008828,8. Process plant and machine operatives,11,7,4
S01008828,9. Elementary occupations,22,10,12
S01008829,All people aged 16 to 74 in employment,319,150,169
S01008829,1. Managers directors and senior officials,39,27,12
S01008829,2. Professional occupations,91,43,48
S01008829,3. Associate professional and technical occupations,47,20,27
S01008829,4. Administrative and secretarial occupations,30,8,22
S01008829,5. Skilled trades occupations,21,15,6
S01008829,6. Caring leisure and other service occupations,24,6,18
S01008829,7. Sales and customer service occupations,22,4,18
S01008829,8. Process plant and machine operatives,12,10,2
S01008829,9. Elementary occupations,33,17,16
S01008830,All people aged 16 to 74 in employment,347,172,175
S01008830,1. Managers directors and senior officials,46,24,22
S01008830,2. Professional occupations,136,70,66
S01008830,3. Associate professional and technical occupations,63,29,34
S01008830,4. Administrative and secretarial occupations,44,16,28
S01008830,5. Skilled trades occupations,16,14,2
S01008830,6. Caring leisure and other service occupations,11,4,7
S01008830,7. Sales and customer service occupations,21,8,13
S01008830,8. Process plant and machine operatives,1,1,0
S01008830,9. Elementary occupations,9,6,3
S01008831,All people aged 16 to 74 in employment,345,185,160
S01008831,1. Managers directors and senior officials,44,28,16
S01008831,2. Professional occupations,132,66,66
S01008831,3. Associate professional and technical occupations,54,31,23
S01008831,4. Administrative and secretarial occupations,39,10,29
S01008831,5. Skilled trades occupations,20,18,2
S01008831,6. Caring leisure and other service occupations,21,5,16
S01008831,7. Sales and customer service occupations,13,10,3
S01008831,8. Process plant and machine operatives,12,12,0
S01008831,9. Elementary occupations,10,5,5
S01008832,All people aged 16 to 74 in employment,298,173,125
S01008832,1. Managers directors and senior officials,60,48,12
S01008832,2. Professional occupations,92,48,44
S01008832,3. Associate professional and technical occupations,45,26,19
S01008832,4. Administrative and secretarial occupations,39,11,28
S01008832,5. Skilled trades occupations,14,13,1
S01008832,6. Caring leisure and other service occupations,12,4,8
S01008832,7. Sales and customer service occupations,17,9,8
S01008832,8. Process plant and machine operatives,5,5,0
S01008832,9. Elementary occupations,14,9,5
S01008833,All people aged 16 to 74 in employment,512,281,231
S01008833,1. Managers directors and senior officials,65,32,33
S01008833,2. Professional occupations,222,124,98
S01008833,3. Associate professional and technical occupations,101,59,42
S01008833,4. Administrative and secretarial occupations,33,8,25
S01008833,5. Skilled trades occupations,20,16,4
S01008833,6. Caring leisure and other service occupations,16,2,14
S01008833,7. Sales and customer service occupations,28,17,11
S01008833,8. Process plant and machine operatives,7,7,0
S01008833,9. Elementary occupations,20,16,4
S01008834,All people aged 16 to 74 in employment,578,280,298
S01008834,1. Managers directors and senior officials,92,51,41
S01008834,2. Professional occupations,211,99,112
S01008834,3. Associate professional and technical occupations,114,60,54
S01008834,4. Administrative and secretarial occupations,62,19,43
S01008834,5. Skilled trades occupations,27,23,4
S01008834,6. Caring leisure and other service occupations,21,6,15
S01008834,7. Sales and customer service occupations,24,7,17
S01008834,8. Process plant and machine operatives,13,8,5
S01008834,9. Elementary occupations,14,7,7
S01008835,All people aged 16 to 74 in employment,411,201,210
S01008835,1. Managers directors and senior officials,44,27,17
S01008835,2. Professional occupations,117,48,69
S01008835,3. Associate professional and technical occupations,69,39,30
S01008835,4. Administrative and secretarial occupations,64,19,45
S01008835,5. Skilled trades occupations,28,25,3
S01008835,6. Caring leisure and other service occupations,28,8,20
S01008835,7. Sales and customer service occupations,29,13,16
S01008835,8. Process plant and machine operatives,11,8,3
S01008835,9. Elementary occupations,21,14,7
S01008836,All people aged 16 to 74 in employment,401,205,196
S01008836,1. Managers directors and senior officials,31,14,17
S01008836,2. Professional occupations,90,48,42
S01008836,3. Associate professional and technical occupations,69,37,32
S01008836,4. Administrative and secretarial occupations,50,12,38
S01008836,5. Skilled trades occupations,33,30,3
S01008836,6. Caring leisure and other service occupations,30,12,18
S01008836,7. Sales and customer service occupations,34,12,22
S01008836,8. Process plant and machine operatives,9,9,0
S01008836,9. Elementary occupations,55,31,24
S01008837,All people aged 16 to 74 in employment,723,401,322
S01008837,1. Managers directors and senior officials,74,53,21
S01008837,2. Professional occupations,247,123,124
S01008837,3. Associate professional and technical occupations,135,83,52
S01008837,4. Administrative and secretarial occupations,98,39,59
S01008837,5. Skilled trades occupations,37,33,4
S01008837,6. Caring leisure and other service occupations,30,12,18
S01008837,7. Sales and customer service occupations,38,15,23
S01008837,8. Process plant and machine operatives,9,9,0
S01008837,9. Elementary occupations,55,34,21
S01008838,All people aged 16 to 74 in employment,675,349,326
S01008838,1. Managers directors and senior officials,64,39,25
S01008838,2. Professional occupations,194,98,96
S01008838,3. Associate professional and technical occupations,135,68,67
S01008838,4. Administrative and secretarial occupations,94,33,61
S01008838,5. Skilled trades occupations,44,37,7
S01008838,6. Caring leisure and other service occupations,31,14,17
S01008838,7. Sales and customer service occupations,46,20,26
S01008838,8. Process plant and machine operatives,10,10,0
S01008838,9. Elementary occupations,57,30,27
S01008839,All people aged 16 to 74 in employment,655,338,317
S01008839,1. Managers directors and senior officials,68,43,25
S01008839,2. Professional occupations,225,120,105
S01008839,3. Associate professional and technical occupations,113,58,55
S01008839,4. Administrative and secretarial occupations,87,28,59
S01008839,5. Skilled trades occupations,32,26,6
S01008839,6. Caring leisure and other service occupations,34,11,23
S01008839,7. Sales and customer service occupations,35,17,18
S01008839,8. Process plant and machine operatives,11,10,1
S01008839,9. Elementary occupations,50,25,25
S01008840,All people aged 16 to 74 in employment,646,327,319
S01008840,1. Managers directors and senior officials,59,33,26
S01008840,2. Professional occupations,229,122,107
S01008840,3. Associate professional and technical occupations,114,57,57
S01008840,4. Administrative and secretarial occupations,80,23,57
S01008840,5. Skilled trades occupations,33,29,4
S01008840,6. Caring leisure and other service occupations,31,6,25
S01008840,7. Sales and customer service occupations,31,16,15
S01008840,8. Process plant and machine operatives,13,12,1
S01008840,9. Elementary occupations,56,29,27
S01008841,All people aged 16 to 74 in employment,377,194,183
S01008841,1. Managers directors and senior officials,29,12,17
S01008841,2. Professional occupations,103,53,50
S01008841,3. Associate professional and technical occupations,69,40,29
S01008841,4. Administrative and secretarial occupations,50,16,34
S01008841,5. Skilled trades occupations,34,28,6
S01008841,6. Caring leisure and other service occupations,23,8,15
S01008841,7. Sales and customer service occupations,27,11,16
S01008841,8. Process plant and machine operatives,12,10,2
S01008841,9. Elementary occupations,30,16,14
S01008842,All people aged 16 to 74 in employment,600,322,278
S01008842,1. Managers directors and senior officials,39,24,15
S01008842,2. Professional occupations,180,88,92
S01008842,3. Associate professional and technical occupations,94,41,53
S01008842,4. Administrative and secretarial occupations,52,19,33
S01008842,5. Skilled trades occupations,36,33,3
S01008842,6. Caring leisure and other service occupations,41,16,25
S01008842,7. Sales and customer service occupations,70,46,24
S01008842,8. Process plant and machine operatives,15,15,0
S01008842,9. Elementary occupations,73,40,33
S01008843,All people aged 16 to 74 in employment,631,310,321
S01008843,1. Managers directors and senior officials,55,33,22
S01008843,2. Professional occupations,219,111,108
S01008843,3. Associate professional and technical occupations,100,54,46
S01008843,4. Administrative and secretarial occupations,71,20,51
S01008843,5. Skilled trades occupations,25,21,4
S01008843,6. Caring leisure and other service occupations,48,14,34
S01008843,7. Sales and customer service occupations,41,16,25
S01008843,8. Process plant and machine operatives,9,9,0
S01008843,9. Elementary occupations,63,32,31
S01008844,All people aged 16 to 74 in employment,444,221,223
S01008844,1. Managers directors and senior officials,56,29,27
S01008844,2. Professional occupations,151,85,66
S01008844,3. Associate professional and technical occupations,85,40,45
S01008844,4. Administrative and secretarial occupations,41,11,30
S01008844,5. Skilled trades occupations,17,14,3
S01008844,6. Caring leisure and other service occupations,31,7,24
S01008844,7. Sales and customer service occupations,29,14,15
S01008844,8. Process plant and machine operatives,2,2,0
S01008844,9. Elementary occupations,32,19,13
S01008845,All people aged 16 to 74 in employment,501,243,258
S01008845,1. Managers directors and senior officials,63,39,24
S01008845,2. Professional occupations,165,88,77
S01008845,3. Associate professional and technical occupations,95,57,38
S01008845,4. Administrative and secretarial occupations,44,13,31
S01008845,5. Skilled trades occupations,16,9,7
S01008845,6. Caring leisure and other service occupations,29,3,26
S01008845,7. Sales and customer service occupations,37,12,25
S01008845,8. Process plant and machine operatives,4,4,0
S01008845,9. Elementary occupations,48,18,30
S01008846,All people aged 16 to 74 in employment,482,231,251
S01008846,1. Managers directors and senior officials,49,35,14
S01008846,2. Professional occupations,158,67,91
S01008846,3. Associate professional and technical occupations,105,57,48
S01008846,4. Administrative and secretarial occupations,42,16,26
S01008846,5. Skilled trades occupations,15,11,4
S01008846,6. Caring leisure and other service occupations,25,7,18
S01008846,7. Sales and customer service occupations,34,14,20
S01008846,8. Process plant and machine operatives,4,4,0
S01008846,9. Elementary occupations,50,20,30
S01008847,All people aged 16 to 74 in employment,337,187,150
S01008847,1. Managers directors and senior officials,54,35,19
S01008847,2. Professional occupations,127,70,57
S01008847,3. Associate professional and technical occupations,59,32,27
S01008847,4. Administrative and secretarial occupations,22,8,14
S01008847,5. Skilled trades occupations,16,10,6
S01008847,6. Caring leisure and other service occupations,15,6,9
S01008847,7. Sales and customer service occupations,20,10,10
S01008847,8. Process plant and machine operatives,3,2,1
S01008847,9. Elementary occupations,21,14,7
S01008848,All people aged 16 to 74 in employment,454,259,195
S01008848,1. Managers directors and senior officials,58,38,20
S01008848,2. Professional occupations,169,92,77
S01008848,3. Associate professional and technical occupations,90,62,28
S01008848,4. Administrative and secretarial occupations,34,11,23
S01008848,5. Skilled trades occupations,24,20,4
S01008848,6. Caring leisure and other service occupations,21,6,15
S01008848,7. Sales and customer service occupations,25,11,14
S01008848,8. Process plant and machine operatives,3,2,1
S01008848,9. Elementary occupations,30,17,13
S01008849,All people aged 16 to 74 in employment,442,232,210
S01008849,1. Managers directors and senior officials,72,50,22
S01008849,2. Professional occupations,158,74,84
S01008849,3. Associate professional and technical occupations,80,48,32
S01008849,4. Administrative and secretarial occupations,32,10,22
S01008849,5. Skilled trades occupations,18,15,3
S01008849,6. Caring leisure and other service occupations,18,3,15
S01008849,7. Sales and customer service occupations,24,16,8
S01008849,8. Process plant and machine operatives,4,3,1
S01008849,9. Elementary occupations,36,13,23
S01008850,All people aged 16 to 74 in employment,424,222,202
S01008850,1. Managers directors and senior officials,79,49,30
S01008850,2. Professional occupations,166,90,76
S01008850,3. Associate professional and technical occupations,92,51,41
S01008850,4. Administrative and secretarial occupations,25,3,22
S01008850,5. Skilled trades occupations,16,12,4
S01008850,6. Caring leisure and other service occupations,12,4,8
S01008850,7. Sales and customer service occupations,19,3,16
S01008850,8. Process plant and machine operatives,0,0,0
S01008850,9. Elementary occupations,15,10,5
S01008851,All people aged 16 to 74 in employment,586,289,297
S01008851,1. Managers directors and senior officials,69,37,32
S01008851,2. Professional occupations,210,100,110
S01008851,3. Associate professional and technical occupations,139,72,67
S01008851,4. Administrative and secretarial occupations,47,17,30
S01008851,5. Skilled trades occupations,32,26,6
S01008851,6. Caring leisure and other service occupations,22,8,14
S01008851,7. Sales and customer service occupations,27,6,21
S01008851,8. Process plant and machine operatives,7,6,1
S01008851,9. Elementary occupations,33,17,16
S01008852,All people aged 16 to 74 in employment,542,302,240
S01008852,1. Managers directors and senior officials,102,67,35
S01008852,2. Professional occupations,227,125,102
S01008852,3. Associate professional and technical occupations,104,54,50
S01008852,4. Administrative and secretarial occupations,26,11,15
S01008852,5. Skilled trades occupations,14,8,6
S01008852,6. Caring leisure and other service occupations,14,7,7
S01008852,7. Sales and customer service occupations,26,13,13
S01008852,8. Process plant and machine operatives,4,3,1
S01008852,9. Elementary occupations,25,14,11
S01008853,All people aged 16 to 74 in employment,450,231,219
S01008853,1. Managers directors and senior officials,62,33,29
S01008853,2. Professional occupations,172,96,76
S01008853,3. Associate professional and technical occupations,83,43,40
S01008853,4. Administrative and secretarial occupations,30,8,22
S01008853,5. Skilled trades occupations,21,17,4
S01008853,6. Caring leisure and other service occupations,20,4,16
S01008853,7. Sales and customer service occupations,26,14,12
S01008853,8. Process plant and machine operatives,8,7,1
S01008853,9. Elementary occupations,28,9,19
S01008854,All people aged 16 to 74 in employment,541,299,242
S01008854,1. Managers directors and senior officials,72,45,27
S01008854,2. Professional occupations,198,106,92
S01008854,3. Associate professional and technical occupations,143,80,63
S01008854,4. Administrative and secretarial occupations,37,13,24
S01008854,5. Skilled trades occupations,16,14,2
S01008854,6. Caring leisure and other service occupations,18,8,10
S01008854,7. Sales and customer service occupations,26,12,14
S01008854,8. Process plant and machine operatives,3,3,0
S01008854,9. Elementary occupations,28,18,10
S01008855,All people aged 16 to 74 in employment,712,376,336
S01008855,1. Managers directors and senior officials,107,63,44
S01008855,2. Professional occupations,299,156,143
S01008855,3. Associate professional and technical occupations,151,82,69
S01008855,4. Administrative and secretarial occupations,53,19,34
S01008855,5. Skilled trades occupations,25,19,6
S01008855,6. Caring leisure and other service occupations,17,7,10
S01008855,7. Sales and customer service occupations,28,12,16
S01008855,8. Process plant and machine operatives,5,5,0
S01008855,9. Elementary occupations,27,13,14
S01008856,All people aged 16 to 74 in employment,391,197,194
S01008856,1. Managers directors and senior officials,51,31,20
S01008856,2. Professional occupations,126,60,66
S01008856,3. Associate professional and technical occupations,86,45,41
S01008856,4. Administrative and secretarial occupations,41,13,28
S01008856,5. Skilled trades occupations,17,11,6
S01008856,6. Caring leisure and other service occupations,20,8,12
S01008856,7. Sales and customer service occupations,20,9,11
S01008856,8. Process plant and machine operatives,3,3,0
S01008856,9. Elementary occupations,27,17,10
S01008857,All people aged 16 to 74 in employment,524,257,267
S01008857,1. Managers directors and senior officials,59,32,27
S01008857,2. Professional occupations,192,111,81
S01008857,3. Associate professional and technical occupations,107,40,67
S01008857,4. Administrative and secretarial occupations,51,13,38
S01008857,5. Skilled trades occupations,19,19,0
S01008857,6. Caring leisure and other service occupations,28,7,21
S01008857,7. Sales and customer service occupations,29,11,18
S01008857,8. Process plant and machine operatives,8,8,0
S01008857,9. Elementary occupations,31,16,15
S01008858,All people aged 16 to 74 in employment,353,177,176
S01008858,1. Managers directors and senior officials,41,23,18
S01008858,2. Professional occupations,147,71,76
S01008858,3. Associate professional and technical occupations,81,41,40
S01008858,4. Administrative and secretarial occupations,30,14,16
S01008858,5. Skilled trades occupations,9,8,1
S01008858,6. Caring leisure and other service occupations,14,3,11
S01008858,7. Sales and customer service occupations,16,8,8
S01008858,8. Process plant and machine operatives,1,1,0
S01008858,9. Elementary occupations,14,8,6
S01008859,All people aged 16 to 74 in employment,710,380,330
S01008859,1. Managers directors and senior officials,96,54,42
S01008859,2. Professional occupations,266,140,126
S01008859,3. Associate professional and technical occupations,157,90,67
S01008859,4. Administrative and secretarial occupations,71,26,45
S01008859,5. Skilled trades occupations,35,33,2
S01008859,6. Caring leisure and other service occupations,15,4,11
S01008859,7. Sales and customer service occupations,31,13,18
S01008859,8. Process plant and machine operatives,9,7,2
S01008859,9. Elementary occupations,30,13,17
S01008860,All people aged 16 to 74 in employment,555,261,294
S01008860,1. Managers directors and senior officials,51,24,27
S01008860,2. Professional occupations,219,102,117
S01008860,3. Associate professional and technical occupations,117,52,65
S01008860,4. Administrative and secretarial occupations,51,23,28
S01008860,5. Skilled trades occupations,24,17,7
S01008860,6. Caring leisure and other service occupations,28,8,20
S01008860,7. Sales and customer service occupations,26,9,17
S01008860,8. Process plant and machine operatives,8,8,0
S01008860,9. Elementary occupations,31,18,13
S01008861,All people aged 16 to 74 in employment,415,228,187
S01008861,1. Managers directors and senior officials,87,55,32
S01008861,2. Professional occupations,171,88,83
S01008861,3. Associate professional and technical occupations,75,44,31
S01008861,4. Administrative and secretarial occupations,20,5,15
S01008861,5. Skilled trades occupations,10,9,1
S01008861,6. Caring leisure and other service occupations,15,6,9
S01008861,7. Sales and customer service occupations,23,10,13
S01008861,8. Process plant and machine operatives,1,1,0
S01008861,9. Elementary occupations,13,10,3
S01008862,All people aged 16 to 74 in employment,631,305,326
S01008862,1. Managers directors and senior officials,75,41,34
S01008862,2. Professional occupations,257,115,142
S01008862,3. Associate professional and technical occupations,128,64,64
S01008862,4. Administrative and secretarial occupations,55,15,40
S01008862,5. Skilled trades occupations,25,20,5
S01008862,6. Caring leisure and other service occupations,29,11,18
S01008862,7. Sales and customer service occupations,19,7,12
S01008862,8. Process plant and machine operatives,9,8,1
S01008862,9. Elementary occupations,34,24,10
S01008863,All people aged 16 to 74 in employment,471,224,247
S01008863,1. Managers directors and senior officials,75,43,32
S01008863,2. Professional occupations,192,84,108
S01008863,3. Associate professional and technical occupations,98,49,49
S01008863,4. Administrative and secretarial occupations,42,17,25
S01008863,5. Skilled trades occupations,16,11,5
S01008863,6. Caring leisure and other service occupations,19,7,12
S01008863,7. Sales and customer service occupations,11,3,8
S01008863,8. Process plant and machine operatives,2,2,0
S01008863,9. Elementary occupations,16,8,8
S01008864,All people aged 16 to 74 in employment,418,216,202
S01008864,1. Managers directors and senior officials,37,23,14
S01008864,2. Professional occupations,191,96,95
S01008864,3. Associate professional and technical occupations,88,50,38
S01008864,4. Administrative and secretarial occupations,40,15,25
S01008864,5. Skilled trades occupations,10,7,3
S01008864,6. Caring leisure and other service occupations,14,3,11
S01008864,7. Sales and customer service occupations,15,6,9
S01008864,8. Process plant and machine operatives,4,4,0
S01008864,9. Elementary occupations,19,12,7
S01008865,All people aged 16 to 74 in employment,501,246,255
S01008865,1. Managers directors and senior officials,37,21,16
S01008865,2. Professional occupations,210,92,118
S01008865,3. Associate professional and technical occupations,101,59,42
S01008865,4. Administrative and secretarial occupations,41,16,25
S01008865,5. Skilled trades occupations,15,13,2
S01008865,6. Caring leisure and other service occupations,30,6,24
S01008865,7. Sales and customer service occupations,35,19,16
S01008865,8. Process plant and machine operatives,5,5,0
S01008865,9. Elementary occupations,27,15,12
S01008866,All people aged 16 to 74 in employment,552,264,288
S01008866,1. Managers directors and senior officials,60,34,26
S01008866,2. Professional occupations,263,121,142
S01008866,3. Associate professional and technical occupations,101,58,43
S01008866,4. Administrative and secretarial occupations,57,17,40
S01008866,5. Skilled trades occupations,20,16,4
S01008866,6. Caring leisure and other service occupations,14,1,13
S01008866,7. Sales and customer service occupations,15,6,9
S01008866,8. Process plant and machine operatives,7,6,1
S01008866,9. Elementary occupations,15,5,10
S01008867,All people aged 16 to 74 in employment,486,259,227
S01008867,1. Managers directors and senior officials,83,48,35
S01008867,2. Professional occupations,209,115,94
S01008867,3. Associate professional and technical occupations,94,53,41
S01008867,4. Administrative and secretarial occupations,39,10,29
S01008867,5. Skilled trades occupations,17,13,4
S01008867,6. Caring leisure and other service occupations,11,4,7
S01008867,7. Sales and customer service occupations,15,6,9
S01008867,8. Process plant and machine operatives,5,5,0
S01008867,9. Elementary occupations,13,5,8
S01008868,All people aged 16 to 74 in employment,525,297,228
S01008868,1. Managers directors and senior officials,69,46,23
S01008868,2. Professional occupations,161,95,66
S01008868,3. Associate professional and technical occupations,108,55,53
S01008868,4. Administrative and secretarial occupations,39,10,29
S01008868,5. Skilled trades occupations,26,22,4
S01008868,6. Caring leisure and other service occupations,24,10,14
S01008868,7. Sales and customer service occupations,31,13,18
S01008868,8. Process plant and machine operatives,7,5,2
S01008868,9. Elementary occupations,60,41,19
S01008869,All people aged 16 to 74 in employment,618,356,262
S01008869,1. Managers directors and senior officials,87,61,26
S01008869,2. Professional occupations,267,148,119
S01008869,3. Associate professional and technical occupations,117,69,48
S01008869,4. Administrative and secretarial occupations,55,22,33
S01008869,5. Skilled trades occupations,23,20,3
S01008869,6. Caring leisure and other service occupations,21,8,13
S01008869,7. Sales and customer service occupations,26,12,14
S01008869,8. Process plant and machine operatives,7,7,0
S01008869,9. Elementary occupations,15,9,6
S01008870,All people aged 16 to 74 in employment,485,255,230
S01008870,1. Managers directors and senior officials,91,61,30
S01008870,2. Professional occupations,189,96,93
S01008870,3. Associate professional and technical occupations,83,37,46
S01008870,4. Administrative and secretarial occupations,47,18,29
S01008870,5. Skilled trades occupations,12,11,1
S01008870,6. Caring leisure and other service occupations,23,7,16
S01008870,7. Sales and customer service occupations,15,7,8
S01008870,8. Process plant and machine operatives,7,6,1
S01008870,9. Elementary occupations,18,12,6
S01008871,All people aged 16 to 74 in employment,644,358,286
S01008871,1. Managers directors and senior officials,104,68,36
S01008871,2. Professional occupations,239,136,103
S01008871,3. Associate professional and technical occupations,112,64,48
S01008871,4. Administrative and secretarial occupations,57,15,42
S01008871,5. Skilled trades occupations,20,14,6
S01008871,6. Caring leisure and other service occupations,16,5,11
S01008871,7. Sales and customer service occupations,30,17,13
S01008871,8. Process plant and machine operatives,5,4,1
S01008871,9. Elementary occupations,61,35,26
S01008872,All people aged 16 to 74 in employment,508,266,242
S01008872,1. Managers directors and senior officials,61,36,25
S01008872,2. Professional occupations,184,102,82
S01008872,3. Associate professional and technical occupations,91,41,50
S01008872,4. Administrative and secretarial occupations,45,6,39
S01008872,5. Skilled trades occupations,13,11,2
S01008872,6. Caring leisure and other service occupations,19,8,11
S01008872,7. Sales and customer service occupations,35,22,13
S01008872,8. Process plant and machine operatives,9,9,0
S01008872,9. Elementary occupations,51,31,20
S01008873,All people aged 16 to 74 in employment,404,219,185
S01008873,1. Managers directors and senior officials,91,59,32
S01008873,2. Professional occupations,145,72,73
S01008873,3. Associate professional and technical occupations,75,43,32
S01008873,4. Administrative and secretarial occupations,37,10,27
S01008873,5. Skilled trades occupations,13,9,4
S01008873,6. Caring leisure and other service occupations,8,1,7
S01008873,7. Sales and customer service occupations,12,9,3
S01008873,8. Process plant and machine operatives,3,3,0
S01008873,9. Elementary occupations,20,13,7
S01008874,All people aged 16 to 74 in employment,512,264,248
S01008874,1. Managers directors and senior officials,78,38,40
S01008874,2. Professional occupations,184,113,71
S01008874,3. Associate professional and technical occupations,88,43,45
S01008874,4. Administrative and secretarial occupations,53,16,37
S01008874,5. Skilled trades occupations,19,18,1
S01008874,6. Caring leisure and other service occupations,19,3,16
S01008874,7. Sales and customer service occupations,30,13,17
S01008874,8. Process plant and machine operatives,5,5,0
S01008874,9. Elementary occupations,36,15,21
S01008875,All people aged 16 to 74 in employment,499,263,236
S01008875,1. Managers directors and senior officials,47,29,18
S01008875,2. Professional occupations,149,76,73
S01008875,3. Associate professional and technical occupations,95,60,35
S01008875,4. Administrative and secretarial occupations,40,14,26
S01008875,5. Skilled trades occupations,27,24,3
S01008875,6. Caring leisure and other service occupations,51,19,32
S01008875,7. Sales and customer service occupations,37,12,25
S01008875,8. Process plant and machine operatives,12,11,1
S01008875,9. Elementary occupations,41,18,23
S01008876,All people aged 16 to 74 in employment,279,137,142
S01008876,1. Managers directors and senior officials,37,21,16
S01008876,2. Professional occupations,82,45,37
S01008876,3. Associate professional and technical occupations,41,21,20
S01008876,4. Administrative and secretarial occupations,38,13,25
S01008876,5. Skilled trades occupations,12,11,1
S01008876,6. Caring leisure and other service occupations,24,3,21
S01008876,7. Sales and customer service occupations,23,10,13
S01008876,8. Process plant and machine operatives,5,5,0
S01008876,9. Elementary occupations,17,8,9
S01008877,All people aged 16 to 74 in employment,293,149,144
S01008877,1. Managers directors and senior officials,29,21,8
S01008877,2. Professional occupations,105,58,47
S01008877,3. Associate professional and technical occupations,60,27,33
S01008877,4. Administrative and secretarial occupations,39,9,30
S01008877,5. Skilled trades occupations,17,16,1
S01008877,6. Caring leisure and other service occupations,15,3,12
S01008877,7. Sales and customer service occupations,12,3,9
S01008877,8. Process plant and machine operatives,5,5,0
S01008877,9. Elementary occupations,11,7,4
S01008878,All people aged 16 to 74 in employment,421,209,212
S01008878,1. Managers directors and senior officials,48,26,22
S01008878,2. Professional occupations,84,38,46
S01008878,3. Associate professional and technical occupations,50,35,15
S01008878,4. Administrative and secretarial occupations,75,16,59
S01008878,5. Skilled trades occupations,37,34,3
S01008878,6. Caring leisure and other service occupations,29,5,24
S01008878,7. Sales and customer service occupations,44,12,32
S01008878,8. Process plant and machine operatives,20,20,0
S01008878,9. Elementary occupations,34,23,11
S01008879,All people aged 16 to 74 in employment,428,203,225
S01008879,1. Managers directors and senior officials,32,14,18
S01008879,2. Professional occupations,105,51,54
S01008879,3. Associate professional and technical occupations,73,37,36
S01008879,4. Administrative and secretarial occupations,58,12,46
S01008879,5. Skilled trades occupations,35,31,4
S01008879,6. Caring leisure and other service occupations,41,6,35
S01008879,7. Sales and customer service occupations,28,9,19
S01008879,8. Process plant and machine operatives,27,27,0
S01008879,9. Elementary occupations,29,16,13
S01008880,All people aged 16 to 74 in employment,332,166,166
S01008880,1. Managers directors and senior officials,43,26,17
S01008880,2. Professional occupations,90,46,44
S01008880,3. Associate professional and technical occupations,56,33,23
S01008880,4. Administrative and secretarial occupations,50,14,36
S01008880,5. Skilled trades occupations,15,14,1
S01008880,6. Caring leisure and other service occupations,30,7,23
S01008880,7. Sales and customer service occupations,17,4,13
S01008880,8. Process plant and machine operatives,15,14,1
S01008880,9. Elementary occupations,16,8,8
S01008881,All people aged 16 to 74 in employment,244,141,103
S01008881,1. Managers directors and senior officials,44,28,16
S01008881,2. Professional occupations,98,58,40
S01008881,3. Associate professional and technical occupations,32,20,12
S01008881,4. Administrative and secretarial occupations,15,4,11
S01008881,5. Skilled trades occupations,11,11,0
S01008881,6. Caring leisure and other service occupations,14,3,11
S01008881,7. Sales and customer service occupations,11,5,6
S01008881,8. Process plant and machine operatives,5,5,0
S01008881,9. Elementary occupations,14,7,7
S01008882,All people aged 16 to 74 in employment,492,277,215
S01008882,1. Managers directors and senior officials,102,72,30
S01008882,2. Professional occupations,187,103,84
S01008882,3. Associate professional and technical occupations,94,52,42
S01008882,4. Administrative and secretarial occupations,49,17,32
S01008882,5. Skilled trades occupations,11,9,2
S01008882,6. Caring leisure and other service occupations,14,2,12
S01008882,7. Sales and customer service occupations,12,3,9
S01008882,8. Process plant and machine operatives,5,4,1
S01008882,9. Elementary occupations,18,15,3
S01008883,All people aged 16 to 74 in employment,377,199,178
S01008883,1. Managers directors and senior officials,96,63,33
S01008883,2. Professional occupations,158,82,76
S01008883,3. Associate professional and technical occupations,53,27,26
S01008883,4. Administrative and secretarial occupations,32,10,22
S01008883,5. Skilled trades occupations,10,6,4
S01008883,6. Caring leisure and other service occupations,10,1,9
S01008883,7. Sales and customer service occupations,8,4,4
S01008883,8. Process plant and machine operatives,3,3,0
S01008883,9. Elementary occupations,7,3,4
S01008884,All people aged 16 to 74 in employment,272,145,127
S01008884,1. Managers directors and senior officials,49,34,15
S01008884,2. Professional occupations,111,59,52
S01008884,3. Associate professional and technical occupations,47,26,21
S01008884,4. Administrative and secretarial occupations,25,6,19
S01008884,5. Skilled trades occupations,12,9,3
S01008884,6. Caring leisure and other service occupations,9,1,8
S01008884,7. Sales and customer service occupations,9,3,6
S01008884,8. Process plant and machine operatives,1,1,0
S01008884,9. Elementary occupations,9,6,3
S01008885,All people aged 16 to 74 in employment,403,218,185
S01008885,1. Managers directors and senior officials,80,46,34
S01008885,2. Professional occupations,160,93,67
S01008885,3. Associate professional and technical occupations,60,32,28
S01008885,4. Administrative and secretarial occupations,37,11,26
S01008885,5. Skilled trades occupations,13,12,1
S01008885,6. Caring leisure and other service occupations,27,7,20
S01008885,7. Sales and customer service occupations,14,7,7
S01008885,8. Process plant and machine operatives,5,5,0
S01008885,9. Elementary occupations,7,5,2
S01008886,All people aged 16 to 74 in employment,417,217,200
S01008886,1. Managers directors and senior officials,45,31,14
S01008886,2. Professional occupations,173,91,82
S01008886,3. Associate professional and technical occupations,70,35,35
S01008886,4. Administrative and secretarial occupations,38,7,31
S01008886,5. Skilled trades occupations,22,21,1
S01008886,6. Caring leisure and other service occupations,16,5,11
S01008886,7. Sales and customer service occupations,27,9,18
S01008886,8. Process plant and machine operatives,5,5,0
S01008886,9. Elementary occupations,21,13,8
S01008887,All people aged 16 to 74 in employment,377,185,192
S01008887,1. Managers directors and senior officials,39,26,13
S01008887,2. Professional occupations,142,66,76
S01008887,3. Associate professional and technical occupations,65,30,35
S01008887,4. Administrative and secretarial occupations,41,9,32
S01008887,5. Skilled trades occupations,24,22,2
S01008887,6. Caring leisure and other service occupations,15,3,12
S01008887,7. Sales and customer service occupations,19,10,9
S01008887,8. Process plant and machine operatives,10,7,3
S01008887,9. Elementary occupations,22,12,10
S01008888,All people aged 16 to 74 in employment,385,182,203
S01008888,1. Managers directors and senior officials,45,24,21
S01008888,2. Professional occupations,154,72,82
S01008888,3. Associate professional and technical occupations,80,40,40
S01008888,4. Administrative and secretarial occupations,51,18,33
S01008888,5. Skilled trades occupations,7,6,1
S01008888,6. Caring leisure and other service occupations,18,4,14
S01008888,7. Sales and customer service occupations,14,6,8
S01008888,8. Process plant and machine operatives,5,5,0
S01008888,9. Elementary occupations,11,7,4
S01008889,All people aged 16 to 74 in employment,310,168,142
S01008889,1. Managers directors and senior officials,35,25,10
S01008889,2. Professional occupations,81,33,48
S01008889,3. Associate professional and technical occupations,57,36,21
S01008889,4. Administrative and secretarial occupations,41,11,30
S01008889,5. Skilled trades occupations,26,25,1
S01008889,6. Caring leisure and other service occupations,18,6,12
S01008889,7. Sales and customer service occupations,20,9,11
S01008889,8. Process plant and machine operatives,15,14,1
S01008889,9. Elementary occupations,17,9,8
S01008890,All people aged 16 to 74 in employment,343,173,170
S01008890,1. Managers directors and senior officials,33,21,12
S01008890,2. Professional occupations,111,53,58
S01008890,3. Associate professional and technical occupations,44,19,25
S01008890,4. Administrative and secretarial occupations,56,18,38
S01008890,5. Skilled trades occupations,26,25,1
S01008890,6. Caring leisure and other service occupations,14,4,10
S01008890,7. Sales and customer service occupations,31,11,20
S01008890,8. Process plant and machine operatives,12,10,2
S01008890,9. Elementary occupations,16,12,4
S01008891,All people aged 16 to 74 in employment,363,177,186
S01008891,1. Managers directors and senior officials,49,31,18
S01008891,2. Professional occupations,123,63,60
S01008891,3. Associate professional and technical occupations,62,31,31
S01008891,4. Administrative and secretarial occupations,42,9,33
S01008891,5. Skilled trades occupations,21,18,3
S01008891,6. Caring leisure and other service occupations,23,3,20
S01008891,7. Sales and customer service occupations,26,7,19
S01008891,8. Process plant and machine operatives,5,5,0
S01008891,9. Elementary occupations,12,10,2
S01008892,All people aged 16 to 74 in employment,466,233,233
S01008892,1. Managers directors and senior officials,55,30,25
S01008892,2. Professional occupations,152,75,77
S01008892,3. Associate professional and technical occupations,77,44,33
S01008892,4. Administrative and secretarial occupations,64,22,42
S01008892,5. Skilled trades occupations,31,29,2
S01008892,6. Caring leisure and other service occupations,26,7,19
S01008892,7. Sales and customer service occupations,29,9,20
S01008892,8. Process plant and machine operatives,7,4,3
S01008892,9. Elementary occupations,25,13,12
S01008893,All people aged 16 to 74 in employment,436,222,214
S01008893,1. Managers directors and senior officials,70,44,26
S01008893,2. Professional occupations,171,78,93
S01008893,3. Associate professional and technical occupations,73,41,32
S01008893,4. Administrative and secretarial occupations,47,13,34
S01008893,5. Skilled trades occupations,23,20,3
S01008893,6. Caring leisure and other service occupations,15,3,12
S01008893,7. Sales and customer service occupations,17,8,9
S01008893,8. Process plant and machine operatives,6,3,3
S01008893,9. Elementary occupations,14,12,2
S01008894,All people aged 16 to 74 in employment,399,218,181
S01008894,1. Managers directors and senior officials,61,47,14
S01008894,2. Professional occupations,150,84,66
S01008894,3. Associate professional and technical occupations,62,35,27
S01008894,4. Administrative and secretarial occupations,39,7,32
S01008894,5. Skilled trades occupations,21,19,2
S01008894,6. Caring leisure and other service occupations,20,2,18
S01008894,7. Sales and customer service occupations,21,8,13
S01008894,8. Process plant and machine operatives,5,5,0
S01008894,9. Elementary occupations,20,11,9
S01008895,All people aged 16 to 74 in employment,314,164,150
S01008895,1. Managers directors and senior officials,52,35,17
S01008895,2. Professional occupations,117,58,59
S01008895,3. Associate professional and technical occupations,57,32,25
S01008895,4. Administrative and secretarial occupations,29,7,22
S01008895,5. Skilled trades occupations,14,12,2
S01008895,6. Caring leisure and other service occupations,18,3,15
S01008895,7. Sales and customer service occupations,14,7,7
S01008895,8. Process plant and machine operatives,5,5,0
S01008895,9. Elementary occupations,8,5,3
S01008896,All people aged 16 to 74 in employment,258,139,119
S01008896,1. Managers directors and senior officials,53,31,22
S01008896,2. Professional occupations,88,49,39
S01008896,3. Associate professional and technical occupations,46,27,19
S01008896,4. Administrative and secretarial occupations,24,8,16
S01008896,5. Skilled trades occupations,13,10,3
S01008896,6. Caring leisure and other service occupations,10,0,10
S01008896,7. Sales and customer service occupations,10,3,7
S01008896,8. Process plant and machine operatives,5,5,0
S01008896,9. Elementary occupations,9,6,3
S01008897,All people aged 16 to 74 in employment,303,155,148
S01008897,1. Managers directors and senior officials,34,19,15
S01008897,2. Professional occupations,119,65,54
S01008897,3. Associate professional and technical occupations,48,24,24
S01008897,4. Administrative and secretarial occupations,35,11,24
S01008897,5. Skilled trades occupations,16,14,2
S01008897,6. Caring leisure and other service occupations,19,6,13
S01008897,7. Sales and customer service occupations,17,6,11
S01008897,8. Process plant and machine operatives,6,5,1
S01008897,9. Elementary occupations,9,5,4
S01008898,All people aged 16 to 74 in employment,389,200,189
S01008898,1. Managers directors and senior officials,77,52,25
S01008898,2. Professional occupations,121,58,63
S01008898,3. Associate professional and technical occupations,45,21,24
S01008898,4. Administrative and secretarial occupations,43,10,33
S01008898,5. Skilled trades occupations,28,25,3
S01008898,6. Caring leisure and other service occupations,25,4,21
S01008898,7. Sales and customer service occupations,21,9,12
S01008898,8. Process plant and machine operatives,11,9,2
S01008898,9. Elementary occupations,18,12,6
S01008899,All people aged 16 to 74 in employment,334,166,168
S01008899,1. Managers directors and senior officials,17,9,8
S01008899,2. Professional occupations,29,15,14
S01008899,3. Associate professional and technical occupations,17,12,5
S01008899,4. Administrative and secretarial occupations,43,14,29
S01008899,5. Skilled trades occupations,40,32,8
S01008899,6. Caring leisure and other service occupations,49,5,44
S01008899,7. Sales and customer service occupations,31,9,22
S01008899,8. Process plant and machine operatives,27,25,2
S01008899,9. Elementary occupations,81,45,36
S01008900,All people aged 16 to 74 in employment,472,229,243
S01008900,1. Managers directors and senior officials,32,13,19
S01008900,2. Professional occupations,64,24,40
S01008900,3. Associate professional and technical occupations,33,20,13
S01008900,4. Administrative and secretarial occupations,70,23,47
S01008900,5. Skilled trades occupations,51,44,7
S01008900,6. Caring leisure and other service occupations,44,10,34
S01008900,7. Sales and customer service occupations,55,17,38
S01008900,8. Process plant and machine operatives,40,37,3
S01008900,9. Elementary occupations,83,41,42
S01008901,All people aged 16 to 74 in employment,371,184,187
S01008901,1. Managers directors and senior officials,28,17,11
S01008901,2. Professional occupations,42,21,21
S01008901,3. Associate professional and technical occupations,30,16,14
S01008901,4. Administrative and secretarial occupations,49,7,42
S01008901,5. Skilled trades occupations,48,43,5
S01008901,6. Caring leisure and other service occupations,53,10,43
S01008901,7. Sales and customer service occupations,30,10,20
S01008901,8. Process plant and machine operatives,29,29,0
S01008901,9. Elementary occupations,62,31,31
S01008902,All people aged 16 to 74 in employment,470,250,220
S01008902,1. Managers directors and senior officials,36,25,11
S01008902,2. Professional occupations,59,26,33
S01008902,3. Associate professional and technical occupations,54,30,24
S01008902,4. Administrative and secretarial occupations,54,15,39
S01008902,5. Skilled trades occupations,51,46,5
S01008902,6. Caring leisure and other service occupations,65,15,50
S01008902,7. Sales and customer service occupations,45,17,28
S01008902,8. Process plant and machine operatives,34,32,2
S01008902,9. Elementary occupations,72,44,28
S01008903,All people aged 16 to 74 in employment,433,204,229
S01008903,1. Managers directors and senior officials,25,11,14
S01008903,2. Professional occupations,43,21,22
S01008903,3. Associate professional and technical occupations,47,24,23
S01008903,4. Administrative and secretarial occupations,64,13,51
S01008903,5. Skilled trades occupations,58,56,2
S01008903,6. Caring leisure and other service occupations,56,9,47
S01008903,7. Sales and customer service occupations,52,18,34
S01008903,8. Process plant and machine operatives,19,18,1
S01008903,9. Elementary occupations,69,34,35
S01008904,All people aged 16 to 74 in employment,458,236,222
S01008904,1. Managers directors and senior officials,30,13,17
S01008904,2. Professional occupations,35,16,19
S01008904,3. Associate professional and technical occupations,32,15,17
S01008904,4. Administrative and secretarial occupations,35,10,25
S01008904,5. Skilled trades occupations,47,40,7
S01008904,6. Caring leisure and other service occupations,63,20,43
S01008904,7. Sales and customer service occupations,67,27,40
S01008904,8. Process plant and machine operatives,27,24,3
S01008904,9. Elementary occupations,122,71,51
S01008905,All people aged 16 to 74 in employment,420,229,191
S01008905,1. Managers directors and senior officials,22,11,11
S01008905,2. Professional occupations,29,13,16
S01008905,3. Associate professional and technical occupations,26,16,10
S01008905,4. Administrative and secretarial occupations,49,13,36
S01008905,5. Skilled trades occupations,33,28,5
S01008905,6. Caring leisure and other service occupations,50,16,34
S01008905,7. Sales and customer service occupations,42,18,24
S01008905,8. Process plant and machine operatives,37,32,5
S01008905,9. Elementary occupations,132,82,50
S01008906,All people aged 16 to 74 in employment,333,183,150
S01008906,1. Managers directors and senior officials,14,10,4
S01008906,2. Professional occupations,28,12,16
S01008906,3. Associate professional and technical occupations,28,12,16
S01008906,4. Administrative and secretarial occupations,29,9,20
S01008906,5. Skilled trades occupations,37,35,2
S01008906,6. Caring leisure and other service occupations,46,10,36
S01008906,7. Sales and customer service occupations,40,16,24
S01008906,8. Process plant and machine operatives,18,17,1
S01008906,9. Elementary occupations,93,62,31
S01008907,All people aged 16 to 74 in employment,188,87,101
S01008907,1. Managers directors and senior officials,4,1,3
S01008907,2. Professional occupations,9,3,6
S01008907,3. Associate professional and technical occupations,14,10,4
S01008907,4. Administrative and secretarial occupations,17,5,12
S01008907,5. Skilled trades occupations,18,14,4
S01008907,6. Caring leisure and other service occupations,26,8,18
S01008907,7. Sales and customer service occupations,18,4,14
S01008907,8. Process plant and machine operatives,12,11,1
S01008907,9. Elementary occupations,70,31,39
S01008908,All people aged 16 to 74 in employment,393,194,199
S01008908,1. Managers directors and senior officials,29,18,11
S01008908,2. Professional occupations,50,24,26
S01008908,3. Associate professional and technical occupations,44,19,25
S01008908,4. Administrative and secretarial occupations,51,14,37
S01008908,5. Skilled trades occupations,47,45,2
S01008908,6. Caring leisure and other service occupations,33,2,31
S01008908,7. Sales and customer service occupations,42,18,24
S01008908,8. Process plant and machine operatives,23,20,3
S01008908,9. Elementary occupations,74,34,40
S01008909,All people aged 16 to 74 in employment,404,204,200
S01008909,1. Managers directors and senior officials,22,14,8
S01008909,2. Professional occupations,29,13,16
S01008909,3. Associate professional and technical occupations,42,28,14
S01008909,4. Administrative and secretarial occupations,58,8,50
S01008909,5. Skilled trades occupations,45,40,5
S01008909,6. Caring leisure and other service occupations,52,10,42
S01008909,7. Sales and customer service occupations,47,13,34
S01008909,8. Process plant and machine operatives,40,37,3
S01008909,9. Elementary occupations,69,41,28
S01008910,All people aged 16 to 74 in employment,251,123,128
S01008910,1. Managers directors and senior officials,14,7,7
S01008910,2. Professional occupations,44,20,24
S01008910,3. Associate professional and technical occupations,27,17,10
S01008910,4. Administrative and secretarial occupations,36,7,29
S01008910,5. Skilled trades occupations,28,24,4
S01008910,6. Caring leisure and other service occupations,22,4,18
S01008910,7. Sales and customer service occupations,28,12,16
S01008910,8. Process plant and machine operatives,21,20,1
S01008910,9. Elementary occupations,31,12,19
S01008911,All people aged 16 to 74 in employment,584,319,265
S01008911,1. Managers directors and senior officials,75,41,34
S01008911,2. Professional occupations,156,89,67
S01008911,3. Associate professional and technical occupations,115,56,59
S01008911,4. Administrative and secretarial occupations,57,27,30
S01008911,5. Skilled trades occupations,39,35,4
S01008911,6. Caring leisure and other service occupations,39,13,26
S01008911,7. Sales and customer service occupations,41,19,22
S01008911,8. Process plant and machine operatives,20,18,2
S01008911,9. Elementary occupations,42,21,21
S01008912,All people aged 16 to 74 in employment,425,219,206
S01008912,1. Managers directors and senior officials,38,26,12
S01008912,2. Professional occupations,104,51,53
S01008912,3. Associate professional and technical occupations,67,31,36
S01008912,4. Administrative and secretarial occupations,60,16,44
S01008912,5. Skilled trades occupations,32,31,1
S01008912,6. Caring leisure and other service occupations,36,9,27
S01008912,7. Sales and customer service occupations,31,8,23
S01008912,8. Process plant and machine operatives,27,26,1
S01008912,9. Elementary occupations,30,21,9
S01008913,All people aged 16 to 74 in employment,377,202,175
S01008913,1. Managers directors and senior officials,36,21,15
S01008913,2. Professional occupations,92,52,40
S01008913,3. Associate professional and technical occupations,54,26,28
S01008913,4. Administrative and secretarial occupations,44,9,35
S01008913,5. Skilled trades occupations,28,27,1
S01008913,6. Caring leisure and other service occupations,33,8,25
S01008913,7. Sales and customer service occupations,35,15,20
S01008913,8. Process plant and machine operatives,27,23,4
S01008913,9. Elementary occupations,28,21,7
S01008914,All people aged 16 to 74 in employment,439,204,235
S01008914,1. Managers directors and senior officials,24,19,5
S01008914,2. Professional occupations,73,32,41
S01008914,3. Associate professional and technical occupations,57,26,31
S01008914,4. Administrative and secretarial occupations,55,9,46
S01008914,5. Skilled trades occupations,50,49,1
S01008914,6. Caring leisure and other service occupations,55,5,50
S01008914,7. Sales and customer service occupations,45,13,32
S01008914,8. Process plant and machine operatives,37,34,3
S01008914,9. Elementary occupations,43,17,26
S01008915,All people aged 16 to 74 in employment,281,149,132
S01008915,1. Managers directors and senior officials,21,14,7
S01008915,2. Professional occupations,65,37,28
S01008915,3. Associate professional and technical occupations,46,23,23
S01008915,4. Administrative and secretarial occupations,40,15,25
S01008915,5. Skilled trades occupations,28,27,1
S01008915,6. Caring leisure and other service occupations,22,0,22
S01008915,7. Sales and customer service occupations,30,13,17
S01008915,8. Process plant and machine operatives,14,13,1
S01008915,9. Elementary occupations,15,7,8
S01008916,All people aged 16 to 74 in employment,402,199,203
S01008916,1. Managers directors and senior officials,24,14,10
S01008916,2. Professional occupations,40,16,24
S01008916,3. Associate professional and technical occupations,39,22,17
S01008916,4. Administrative and secretarial occupations,46,14,32
S01008916,5. Skilled trades occupations,35,33,2
S01008916,6. Caring leisure and other service occupations,55,12,43
S01008916,7. Sales and customer service occupations,50,20,30
S01008916,8. Process plant and machine operatives,34,29,5
S01008916,9. Elementary occupations,79,39,40
S01008917,All people aged 16 to 74 in employment,277,139,138
S01008917,1. Managers directors and senior officials,9,6,3
S01008917,2. Professional occupations,30,13,17
S01008917,3. Associate professional and technical occupations,29,16,13
S01008917,4. Administrative and secretarial occupations,35,13,22
S01008917,5. Skilled trades occupations,23,20,3
S01008917,6. Caring leisure and other service occupations,46,15,31
S01008917,7. Sales and customer service occupations,26,9,17
S01008917,8. Process plant and machine operatives,15,15,0
S01008917,9. Elementary occupations,64,32,32
S01008918,All people aged 16 to 74 in employment,203,100,103
S01008918,1. Managers directors and senior officials,8,6,2
S01008918,2. Professional occupations,7,2,5
S01008918,3. Associate professional and technical occupations,16,10,6
S01008918,4. Administrative and secretarial occupations,12,4,8
S01008918,5. Skilled trades occupations,31,26,5
S01008918,6. Caring leisure and other service occupations,30,6,24
S01008918,7. Sales and customer service occupations,20,9,11
S01008918,8. Process plant and machine operatives,13,9,4
S01008918,9. Elementary occupations,66,28,38
S01008919,All people aged 16 to 74 in employment,191,110,81
S01008919,1. Managers directors and senior officials,15,11,4
S01008919,2. Professional occupations,14,8,6
S01008919,3. Associate professional and technical occupations,10,7,3
S01008919,4. Administrative and secretarial occupations,15,4,11
S01008919,5. Skilled trades occupations,20,17,3
S01008919,6. Caring leisure and other service occupations,26,10,16
S01008919,7. Sales and customer service occupations,29,15,14
S01008919,8. Process plant and machine operatives,13,13,0
S01008919,9. Elementary occupations,49,25,24
S01008920,All people aged 16 to 74 in employment,746,403,343
S01008920,1. Managers directors and senior officials,83,47,36
S01008920,2. Professional occupations,184,109,75
S01008920,3. Associate professional and technical occupations,141,82,59
S01008920,4. Administrative and secretarial occupations,95,35,60
S01008920,5. Skilled trades occupations,52,44,8
S01008920,6. Caring leisure and other service occupations,50,13,37
S01008920,7. Sales and customer service occupations,60,23,37
S01008920,8. Process plant and machine operatives,31,26,5
S01008920,9. Elementary occupations,50,24,26
S01008921,All people aged 16 to 74 in employment,265,135,130
S01008921,1. Managers directors and senior officials,10,5,5
S01008921,2. Professional occupations,22,9,13
S01008921,3. Associate professional and technical occupations,18,10,8
S01008921,4. Administrative and secretarial occupations,29,6,23
S01008921,5. Skilled trades occupations,34,30,4
S01008921,6. Caring leisure and other service occupations,39,13,26
S01008921,7. Sales and customer service occupations,28,13,15
S01008921,8. Process plant and machine operatives,22,22,0
S01008921,9. Elementary occupations,63,27,36
S01008922,All people aged 16 to 74 in employment,331,171,160
S01008922,1. Managers directors and senior officials,20,12,8
S01008922,2. Professional occupations,24,5,19
S01008922,3. Associate professional and technical occupations,33,25,8
S01008922,4. Administrative and secretarial occupations,32,9,23
S01008922,5. Skilled trades occupations,35,33,2
S01008922,6. Caring leisure and other service occupations,52,9,43
S01008922,7. Sales and customer service occupations,49,20,29
S01008922,8. Process plant and machine operatives,33,31,2
S01008922,9. Elementary occupations,53,27,26
S01008923,All people aged 16 to 74 in employment,339,163,176
S01008923,1. Managers directors and senior officials,16,9,7
S01008923,2. Professional occupations,23,11,12
S01008923,3. Associate professional and technical occupations,19,6,13
S01008923,4. Administrative and secretarial occupations,47,7,40
S01008923,5. Skilled trades occupations,43,41,2
S01008923,6. Caring leisure and other service occupations,40,10,30
S01008923,7. Sales and customer service occupations,46,17,29
S01008923,8. Process plant and machine operatives,27,24,3
S01008923,9. Elementary occupations,78,38,40
S01008924,All people aged 16 to 74 in employment,370,169,201
S01008924,1. Managers directors and senior officials,19,7,12
S01008924,2. Professional occupations,16,6,10
S01008924,3. Associate professional and technical occupations,13,8,5
S01008924,4. Administrative and secretarial occupations,34,8,26
S01008924,5. Skilled trades occupations,53,47,6
S01008924,6. Caring leisure and other service occupations,58,10,48
S01008924,7. Sales and customer service occupations,38,10,28
S01008924,8. Process plant and machine operatives,22,20,2
S01008924,9. Elementary occupations,117,53,64
S01008925,All people aged 16 to 74 in employment,355,179,176
S01008925,1. Managers directors and senior officials,23,12,11
S01008925,2. Professional occupations,22,10,12
S01008925,3. Associate professional and technical occupations,29,11,18
S01008925,4. Administrative and secretarial occupations,31,7,24
S01008925,5. Skilled trades occupations,51,44,7
S01008925,6. Caring leisure and other service occupations,51,11,40
S01008925,7. Sales and customer service occupations,45,14,31
S01008925,8. Process plant and machine operatives,28,24,4
S01008925,9. Elementary occupations,75,46,29
S01008926,All people aged 16 to 74 in employment,337,177,160
S01008926,1. Managers directors and senior officials,23,12,11
S01008926,2. Professional occupations,30,19,11
S01008926,3. Associate professional and technical occupations,33,18,15
S01008926,4. Administrative and secretarial occupations,57,15,42
S01008926,5. Skilled trades occupations,38,37,1
S01008926,6. Caring leisure and other service occupations,41,8,33
S01008926,7. Sales and customer service occupations,38,15,23
S01008926,8. Process plant and machine operatives,28,27,1
S01008926,9. Elementary occupations,49,26,23
S01008927,All people aged 16 to 74 in employment,495,252,243
S01008927,1. Managers directors and senior officials,39,21,18
S01008927,2. Professional occupations,60,31,29
S01008927,3. Associate professional and technical occupations,70,40,30
S01008927,4. Administrative and secretarial occupations,69,23,46
S01008927,5. Skilled trades occupations,43,42,1
S01008927,6. Caring leisure and other service occupations,57,12,45
S01008927,7. Sales and customer service occupations,59,25,34
S01008927,8. Process plant and machine operatives,16,16,0
S01008927,9. Elementary occupations,82,42,40
S01008928,All people aged 16 to 74 in employment,331,174,157
S01008928,1. Managers directors and senior officials,24,15,9
S01008928,2. Professional occupations,58,27,31
S01008928,3. Associate professional and technical occupations,44,22,22
S01008928,4. Administrative and secretarial occupations,27,6,21
S01008928,5. Skilled trades occupations,26,25,1
S01008928,6. Caring leisure and other service occupations,40,10,30
S01008928,7. Sales and customer service occupations,28,10,18
S01008928,8. Process plant and machine operatives,26,22,4
S01008928,9. Elementary occupations,58,37,21
S01008929,All people aged 16 to 74 in employment,233,139,94
S01008929,1. Managers directors and senior officials,9,6,3
S01008929,2. Professional occupations,7,4,3
S01008929,3. Associate professional and technical occupations,13,9,4
S01008929,4. Administrative and secretarial occupations,15,6,9
S01008929,5. Skilled trades occupations,28,24,4
S01008929,6. Caring leisure and other service occupations,36,11,25
S01008929,7. Sales and customer service occupations,24,13,11
S01008929,8. Process plant and machine operatives,25,22,3
S01008929,9. Elementary occupations,76,44,32
S01008930,All people aged 16 to 74 in employment,307,141,166
S01008930,1. Managers directors and senior officials,13,7,6
S01008930,2. Professional occupations,14,5,9
S01008930,3. Associate professional and technical occupations,20,10,10
S01008930,4. Administrative and secretarial occupations,30,9,21
S01008930,5. Skilled trades occupations,27,22,5
S01008930,6. Caring leisure and other service occupations,52,9,43
S01008930,7. Sales and customer service occupations,31,14,17
S01008930,8. Process plant and machine operatives,21,16,5
S01008930,9. Elementary occupations,99,49,50
S01008931,All people aged 16 to 74 in employment,306,139,167
S01008931,1. Managers directors and senior officials,12,7,5
S01008931,2. Professional occupations,9,2,7
S01008931,3. Associate professional and technical occupations,24,11,13
S01008931,4. Administrative and secretarial occupations,30,6,24
S01008931,5. Skilled trades occupations,28,23,5
S01008931,6. Caring leisure and other service occupations,43,8,35
S01008931,7. Sales and customer service occupations,42,15,27
S01008931,8. Process plant and machine operatives,25,21,4
S01008931,9. Elementary occupations,93,46,47
S01008932,All people aged 16 to 74 in employment,486,240,246
S01008932,1. Managers directors and senior officials,34,18,16
S01008932,2. Professional occupations,70,34,36
S01008932,3. Associate professional and technical occupations,71,39,32
S01008932,4. Administrative and secretarial occupations,63,19,44
S01008932,5. Skilled trades occupations,49,40,9
S01008932,6. Caring leisure and other service occupations,60,16,44
S01008932,7. Sales and customer service occupations,51,19,32
S01008932,8. Process plant and machine operatives,23,23,0
S01008932,9. Elementary occupations,65,32,33
S01008933,All people aged 16 to 74 in employment,284,140,144
S01008933,1. Managers directors and senior officials,6,4,2
S01008933,2. Professional occupations,24,10,14
S01008933,3. Associate professional and technical occupations,21,12,9
S01008933,4. Administrative and secretarial occupations,30,7,23
S01008933,5. Skilled trades occupations,29,25,4
S01008933,6. Caring leisure and other service occupations,43,12,31
S01008933,7. Sales and customer service occupations,34,10,24
S01008933,8. Process plant and machine operatives,25,24,1
S01008933,9. Elementary occupations,72,36,36
S01008934,All people aged 16 to 74 in employment,358,180,178
S01008934,1. Managers directors and senior officials,19,14,5
S01008934,2. Professional occupations,39,19,20
S01008934,3. Associate professional and technical occupations,43,20,23
S01008934,4. Administrative and secretarial occupations,48,13,35
S01008934,5. Skilled trades occupations,35,30,5
S01008934,6. Caring leisure and other service occupations,39,10,29
S01008934,7. Sales and customer service occupations,30,15,15
S01008934,8. Process plant and machine operatives,25,23,2
S01008934,9. Elementary occupations,80,36,44
S01008935,All people aged 16 to 74 in employment,410,225,185
S01008935,1. Managers directors and senior officials,39,29,10
S01008935,2. Professional occupations,76,46,30
S01008935,3. Associate professional and technical occupations,59,33,26
S01008935,4. Administrative and secretarial occupations,75,23,52
S01008935,5. Skilled trades occupations,35,35,0
S01008935,6. Caring leisure and other service occupations,36,5,31
S01008935,7. Sales and customer service occupations,36,16,20
S01008935,8. Process plant and machine operatives,13,12,1
S01008935,9. Elementary occupations,41,26,15
S01008936,All people aged 16 to 74 in employment,190,98,92
S01008936,1. Managers directors and senior officials,31,16,15
S01008936,2. Professional occupations,62,31,31
S01008936,3. Associate professional and technical occupations,38,20,18
S01008936,4. Administrative and secretarial occupations,21,6,15
S01008936,5. Skilled trades occupations,11,10,1
S01008936,6. Caring leisure and other service occupations,8,1,7
S01008936,7. Sales and customer service occupations,8,5,3
S01008936,8. Process plant and machine operatives,4,4,0
S01008936,9. Elementary occupations,7,5,2
S01008937,All people aged 16 to 74 in employment,391,187,204
S01008937,1. Managers directors and senior officials,47,24,23
S01008937,2. Professional occupations,88,42,46
S01008937,3. Associate professional and technical occupations,61,26,35
S01008937,4. Administrative and secretarial occupations,64,19,45
S01008937,5. Skilled trades occupations,39,36,3
S01008937,6. Caring leisure and other service occupations,27,5,22
S01008937,7. Sales and customer service occupations,31,9,22
S01008937,8. Process plant and machine operatives,10,10,0
S01008937,9. Elementary occupations,24,16,8
S01008938,All people aged 16 to 74 in employment,329,174,155
S01008938,1. Managers directors and senior officials,36,21,15
S01008938,2. Professional occupations,91,46,45
S01008938,3. Associate professional and technical occupations,58,36,22
S01008938,4. Administrative and secretarial occupations,41,12,29
S01008938,5. Skilled trades occupations,22,22,0
S01008938,6. Caring leisure and other service occupations,22,3,19
S01008938,7. Sales and customer service occupations,25,12,13
S01008938,8. Process plant and machine operatives,15,13,2
S01008938,9. Elementary occupations,19,9,10
S01008939,All people aged 16 to 74 in employment,359,184,175
S01008939,1. Managers directors and senior officials,35,29,6
S01008939,2. Professional occupations,62,28,34
S01008939,3. Associate professional and technical occupations,55,29,26
S01008939,4. Administrative and secretarial occupations,63,10,53
S01008939,5. Skilled trades occupations,30,28,2
S01008939,6. Caring leisure and other service occupations,31,9,22
S01008939,7. Sales and customer service occupations,33,13,20
S01008939,8. Process plant and machine operatives,22,20,2
S01008939,9. Elementary occupations,28,18,10
S01008940,All people aged 16 to 74 in employment,263,143,120
S01008940,1. Managers directors and senior officials,52,38,14
S01008940,2. Professional occupations,95,45,50
S01008940,3. Associate professional and technical occupations,43,31,12
S01008940,4. Administrative and secretarial occupations,28,8,20
S01008940,5. Skilled trades occupations,8,8,0
S01008940,6. Caring leisure and other service occupations,10,1,9
S01008940,7. Sales and customer service occupations,17,7,10
S01008940,8. Process plant and machine operatives,5,5,0
S01008940,9. Elementary occupations,5,0,5
S01008941,All people aged 16 to 74 in employment,371,188,183
S01008941,1. Managers directors and senior officials,81,58,23
S01008941,2. Professional occupations,134,68,66
S01008941,3. Associate professional and technical occupations,60,31,29
S01008941,4. Administrative and secretarial occupations,29,10,19
S01008941,5. Skilled trades occupations,9,6,3
S01008941,6. Caring leisure and other service occupations,19,1,18
S01008941,7. Sales and customer service occupations,23,7,16
S01008941,8. Process plant and machine operatives,3,2,1
S01008941,9. Elementary occupations,13,5,8
S01008942,All people aged 16 to 74 in employment,365,181,184
S01008942,1. Managers directors and senior officials,36,20,16
S01008942,2. Professional occupations,116,58,58
S01008942,3. Associate professional and technical occupations,65,37,28
S01008942,4. Administrative and secretarial occupations,50,10,40
S01008942,5. Skilled trades occupations,15,15,0
S01008942,6. Caring leisure and other service occupations,23,2,21
S01008942,7. Sales and customer service occupations,28,14,14
S01008942,8. Process plant and machine operatives,17,16,1
S01008942,9. Elementary occupations,15,9,6
S01008943,All people aged 16 to 74 in employment,336,180,156
S01008943,1. Managers directors and senior officials,65,51,14
S01008943,2. Professional occupations,114,61,53
S01008943,3. Associate professional and technical occupations,54,32,22
S01008943,4. Administrative and secretarial occupations,45,11,34
S01008943,5. Skilled trades occupations,11,9,2
S01008943,6. Caring leisure and other service occupations,21,4,17
S01008943,7. Sales and customer service occupations,16,5,11
S01008943,8. Process plant and machine operatives,2,2,0
S01008943,9. Elementary occupations,8,5,3
S01008944,All people aged 16 to 74 in employment,407,214,193
S01008944,1. Managers directors and senior officials,78,54,24
S01008944,2. Professional occupations,138,74,64
S01008944,3. Associate professional and technical occupations,64,35,29
S01008944,4. Administrative and secretarial occupations,42,10,32
S01008944,5. Skilled trades occupations,13,10,3
S01008944,6. Caring leisure and other service occupations,16,2,14
S01008944,7. Sales and customer service occupations,28,10,18
S01008944,8. Process plant and machine operatives,10,9,1
S01008944,9. Elementary occupations,18,10,8
S01008945,All people aged 16 to 74 in employment,393,208,185
S01008945,1. Managers directors and senior officials,79,48,31
S01008945,2. Professional occupations,126,63,63
S01008945,3. Associate professional and technical occupations,81,51,30
S01008945,4. Administrative and secretarial occupations,44,11,33
S01008945,5. Skilled trades occupations,18,17,1
S01008945,6. Caring leisure and other service occupations,11,1,10
S01008945,7. Sales and customer service occupations,17,7,10
S01008945,8. Process plant and machine operatives,5,5,0
S01008945,9. Elementary occupations,12,5,7
S01008946,All people aged 16 to 74 in employment,378,201,177
S01008946,1. Managers directors and senior officials,66,43,23
S01008946,2. Professional occupations,132,68,64
S01008946,3. Associate professional and technical occupations,57,34,23
S01008946,4. Administrative and secretarial occupations,36,5,31
S01008946,5. Skilled trades occupations,15,12,3
S01008946,6. Caring leisure and other service occupations,12,1,11
S01008946,7. Sales and customer service occupations,32,22,10
S01008946,8. Process plant and machine operatives,6,5,1
S01008946,9. Elementary occupations,22,11,11
S01008947,All people aged 16 to 74 in employment,451,224,227
S01008947,1. Managers directors and senior officials,56,37,19
S01008947,2. Professional occupations,166,84,82
S01008947,3. Associate professional and technical occupations,63,38,25
S01008947,4. Administrative and secretarial occupations,53,12,41
S01008947,5. Skilled trades occupations,27,20,7
S01008947,6. Caring leisure and other service occupations,24,2,22
S01008947,7. Sales and customer service occupations,29,10,19
S01008947,8. Process plant and machine operatives,10,9,1
S01008947,9. Elementary occupations,23,12,11
S01008948,All people aged 16 to 74 in employment,369,190,179
S01008948,1. Managers directors and senior officials,54,32,22
S01008948,2. Professional occupations,109,49,60
S01008948,3. Associate professional and technical occupations,51,28,23
S01008948,4. Administrative and secretarial occupations,49,14,35
S01008948,5. Skilled trades occupations,29,25,4
S01008948,6. Caring leisure and other service occupations,16,3,13
S01008948,7. Sales and customer service occupations,28,13,15
S01008948,8. Process plant and machine operatives,12,11,1
S01008948,9. Elementary occupations,21,15,6
S01008949,All people aged 16 to 74 in employment,436,216,220
S01008949,1. Managers directors and senior officials,28,19,9
S01008949,2. Professional occupations,55,22,33
S01008949,3. Associate professional and technical occupations,62,29,33
S01008949,4. Administrative and secretarial occupations,67,20,47
S01008949,5. Skilled trades occupations,43,40,3
S01008949,6. Caring leisure and other service occupations,42,6,36
S01008949,7. Sales and customer service occupations,53,18,35
S01008949,8. Process plant and machine operatives,32,29,3
S01008949,9. Elementary occupations,54,33,21
S01008950,All people aged 16 to 74 in employment,433,215,218
S01008950,1. Managers directors and senior officials,35,21,14
S01008950,2. Professional occupations,61,31,30
S01008950,3. Associate professional and technical occupations,53,27,26
S01008950,4. Administrative and secretarial occupations,63,13,50
S01008950,5. Skilled trades occupations,44,42,2
S01008950,6. Caring leisure and other service occupations,60,11,49
S01008950,7. Sales and customer service occupations,46,20,26
S01008950,8. Process plant and machine operatives,23,22,1
S01008950,9. Elementary occupations,48,28,20
S01008951,All people aged 16 to 74 in employment,393,189,204
S01008951,1. Managers directors and senior officials,28,14,14
S01008951,2. Professional occupations,41,11,30
S01008951,3. Associate professional and technical occupations,46,26,20
S01008951,4. Administrative and secretarial occupations,54,14,40
S01008951,5. Skilled trades occupations,43,39,4
S01008951,6. Caring leisure and other service occupations,45,11,34
S01008951,7. Sales and customer service occupations,46,13,33
S01008951,8. Process plant and machine operatives,20,18,2
S01008951,9. Elementary occupations,70,43,27
S01008952,All people aged 16 to 74 in employment,382,191,191
S01008952,1. Managers directors and senior officials,15,7,8
S01008952,2. Professional occupations,36,19,17
S01008952,3. Associate professional and technical occupations,36,17,19
S01008952,4. Administrative and secretarial occupations,45,17,28
S01008952,5. Skilled trades occupations,43,36,7
S01008952,6. Caring leisure and other service occupations,45,8,37
S01008952,7. Sales and customer service occupations,53,24,29
S01008952,8. Process plant and machine operatives,25,22,3
S01008952,9. Elementary occupations,84,41,43
S01008953,All people aged 16 to 74 in employment,400,188,212
S01008953,1. Managers directors and senior officials,36,20,16
S01008953,2. Professional occupations,47,17,30
S01008953,3. Associate professional and technical occupations,41,21,20
S01008953,4. Administrative and secretarial occupations,47,15,32
S01008953,5. Skilled trades occupations,51,41,10
S01008953,6. Caring leisure and other service occupations,49,8,41
S01008953,7. Sales and customer service occupations,53,16,37
S01008953,8. Process plant and machine operatives,22,22,0
S01008953,9. Elementary occupations,54,28,26
S01008954,All people aged 16 to 74 in employment,353,184,169
S01008954,1. Managers directors and senior officials,21,9,12
S01008954,2. Professional occupations,52,21,31
S01008954,3. Associate professional and technical occupations,46,31,15
S01008954,4. Administrative and secretarial occupations,48,13,35
S01008954,5. Skilled trades occupations,39,38,1
S01008954,6. Caring leisure and other service occupations,33,9,24
S01008954,7. Sales and customer service occupations,43,19,24
S01008954,8. Process plant and machine operatives,23,22,1
S01008954,9. Elementary occupations,48,22,26
S01008955,All people aged 16 to 74 in employment,349,171,178
S01008955,1. Managers directors and senior officials,47,28,19
S01008955,2. Professional occupations,88,43,45
S01008955,3. Associate professional and technical occupations,48,28,20
S01008955,4. Administrative and secretarial occupations,41,11,30
S01008955,5. Skilled trades occupations,24,20,4
S01008955,6. Caring leisure and other service occupations,32,3,29
S01008955,7. Sales and customer service occupations,39,16,23
S01008955,8. Process plant and machine operatives,13,12,1
S01008955,9. Elementary occupations,17,10,7
S01008956,All people aged 16 to 74 in employment,513,253,260
S01008956,1. Managers directors and senior officials,36,20,16
S01008956,2. Professional occupations,103,49,54
S01008956,3. Associate professional and technical occupations,83,47,36
S01008956,4. Administrative and secretarial occupations,85,21,64
S01008956,5. Skilled trades occupations,33,31,2
S01008956,6. Caring leisure and other service occupations,50,9,41
S01008956,7. Sales and customer service occupations,51,21,30
S01008956,8. Process plant and machine operatives,28,26,2
S01008956,9. Elementary occupations,44,29,15
S01008957,All people aged 16 to 74 in employment,473,230,243
S01008957,1. Managers directors and senior officials,44,27,17
S01008957,2. Professional occupations,109,49,60
S01008957,3. Associate professional and technical occupations,65,34,31
S01008957,4. Administrative and secretarial occupations,66,17,49
S01008957,5. Skilled trades occupations,42,38,4
S01008957,6. Caring leisure and other service occupations,42,7,35
S01008957,7. Sales and customer service occupations,48,19,29
S01008957,8. Process plant and machine operatives,16,16,0
S01008957,9. Elementary occupations,41,23,18
S01008958,All people aged 16 to 74 in employment,334,172,162
S01008958,1. Managers directors and senior officials,24,17,7
S01008958,2. Professional occupations,61,29,32
S01008958,3. Associate professional and technical occupations,51,30,21
S01008958,4. Administrative and secretarial occupations,58,16,42
S01008958,5. Skilled trades occupations,32,29,3
S01008958,6. Caring leisure and other service occupations,27,8,19
S01008958,7. Sales and customer service occupations,49,20,29
S01008958,8. Process plant and machine operatives,14,12,2
S01008958,9. Elementary occupations,18,11,7
S01008959,All people aged 16 to 74 in employment,454,218,236
S01008959,1. Managers directors and senior officials,26,15,11
S01008959,2. Professional occupations,74,32,42
S01008959,3. Associate professional and technical occupations,68,38,30
S01008959,4. Administrative and secretarial occupations,83,16,67
S01008959,5. Skilled trades occupations,43,42,1
S01008959,6. Caring leisure and other service occupations,47,6,41
S01008959,7. Sales and customer service occupations,47,22,25
S01008959,8. Process plant and machine operatives,26,23,3
S01008959,9. Elementary occupations,40,24,16
S01008960,All people aged 16 to 74 in employment,530,284,246
S01008960,1. Managers directors and senior officials,101,67,34
S01008960,2. Professional occupations,163,87,76
S01008960,3. Associate professional and technical occupations,97,60,37
S01008960,4. Administrative and secretarial occupations,62,12,50
S01008960,5. Skilled trades occupations,24,21,3
S01008960,6. Caring leisure and other service occupations,26,5,21
S01008960,7. Sales and customer service occupations,28,12,16
S01008960,8. Process plant and machine operatives,12,11,1
S01008960,9. Elementary occupations,17,9,8
S01008961,All people aged 16 to 74 in employment,379,183,196
S01008961,1. Managers directors and senior officials,35,20,15
S01008961,2. Professional occupations,82,38,44
S01008961,3. Associate professional and technical occupations,54,29,25
S01008961,4. Administrative and secretarial occupations,70,25,45
S01008961,5. Skilled trades occupations,26,21,5
S01008961,6. Caring leisure and other service occupations,33,3,30
S01008961,7. Sales and customer service occupations,34,16,18
S01008961,8. Process plant and machine operatives,18,16,2
S01008961,9. Elementary occupations,27,15,12
S01008962,All people aged 16 to 74 in employment,336,160,176
S01008962,1. Managers directors and senior officials,35,18,17
S01008962,2. Professional occupations,89,50,39
S01008962,3. Associate professional and technical occupations,51,28,23
S01008962,4. Administrative and secretarial occupations,59,12,47
S01008962,5. Skilled trades occupations,19,18,1
S01008962,6. Caring leisure and other service occupations,24,3,21
S01008962,7. Sales and customer service occupations,24,9,15
S01008962,8. Process plant and machine operatives,20,17,3
S01008962,9. Elementary occupations,15,5,10
S01008963,All people aged 16 to 74 in employment,383,189,194
S01008963,1. Managers directors and senior officials,37,19,18
S01008963,2. Professional occupations,91,45,46
S01008963,3. Associate professional and technical occupations,71,42,29
S01008963,4. Administrative and secretarial occupations,71,11,60
S01008963,5. Skilled trades occupations,33,32,1
S01008963,6. Caring leisure and other service occupations,19,4,15
S01008963,7. Sales and customer service occupations,34,13,21
S01008963,8. Process plant and machine operatives,12,12,0
S01008963,9. Elementary occupations,15,11,4
S01008964,All people aged 16 to 74 in employment,245,131,114
S01008964,1. Managers directors and senior officials,27,20,7
S01008964,2. Professional occupations,64,31,33
S01008964,3. Associate professional and technical occupations,35,20,15
S01008964,4. Administrative and secretarial occupations,39,12,27
S01008964,5. Skilled trades occupations,18,16,2
S01008964,6. Caring leisure and other service occupations,24,4,20
S01008964,7. Sales and customer service occupations,20,13,7
S01008964,8. Process plant and machine operatives,7,6,1
S01008964,9. Elementary occupations,11,9,2
S01008965,All people aged 16 to 74 in employment,323,171,152
S01008965,1. Managers directors and senior officials,36,19,17
S01008965,2. Professional occupations,117,59,58
S01008965,3. Associate professional and technical occupations,47,28,19
S01008965,4. Administrative and secretarial occupations,30,5,25
S01008965,5. Skilled trades occupations,29,26,3
S01008965,6. Caring leisure and other service occupations,14,3,11
S01008965,7. Sales and customer service occupations,18,7,11
S01008965,8. Process plant and machine operatives,15,14,1
S01008965,9. Elementary occupations,17,10,7
S01008966,All people aged 16 to 74 in employment,291,147,144
S01008966,1. Managers directors and senior officials,23,16,7
S01008966,2. Professional occupations,69,32,37
S01008966,3. Associate professional and technical occupations,45,20,25
S01008966,4. Administrative and secretarial occupations,61,18,43
S01008966,5. Skilled trades occupations,33,32,1
S01008966,6. Caring leisure and other service occupations,15,1,14
S01008966,7. Sales and customer service occupations,19,3,16
S01008966,8. Process plant and machine operatives,14,14,0
S01008966,9. Elementary occupations,12,11,1
S01008967,All people aged 16 to 74 in employment,475,245,230
S01008967,1. Managers directors and senior officials,46,32,14
S01008967,2. Professional occupations,141,66,75
S01008967,3. Associate professional and technical occupations,88,48,40
S01008967,4. Administrative and secretarial occupations,69,21,48
S01008967,5. Skilled trades occupations,31,28,3
S01008967,6. Caring leisure and other service occupations,25,5,20
S01008967,7. Sales and customer service occupations,30,10,20
S01008967,8. Process plant and machine operatives,23,21,2
S01008967,9. Elementary occupations,22,14,8
S01008968,All people aged 16 to 74 in employment,498,252,246
S01008968,1. Managers directors and senior officials,61,35,26
S01008968,2. Professional occupations,138,69,69
S01008968,3. Associate professional and technical occupations,76,45,31
S01008968,4. Administrative and secretarial occupations,71,17,54
S01008968,5. Skilled trades occupations,36,35,1
S01008968,6. Caring leisure and other service occupations,39,8,31
S01008968,7. Sales and customer service occupations,40,15,25
S01008968,8. Process plant and machine operatives,16,15,1
S01008968,9. Elementary occupations,21,13,8
S01008969,All people aged 16 to 74 in employment,533,271,262
S01008969,1. Managers directors and senior officials,51,35,16
S01008969,2. Professional occupations,132,66,66
S01008969,3. Associate professional and technical occupations,78,46,32
S01008969,4. Administrative and secretarial occupations,90,18,72
S01008969,5. Skilled trades occupations,41,38,3
S01008969,6. Caring leisure and other service occupations,44,8,36
S01008969,7. Sales and customer service occupations,38,15,23
S01008969,8. Process plant and machine operatives,26,23,3
S01008969,9. Elementary occupations,33,22,11
S01008970,All people aged 16 to 74 in employment,548,285,263
S01008970,1. Managers directors and senior officials,60,37,23
S01008970,2. Professional occupations,188,102,86
S01008970,3. Associate professional and technical occupations,83,49,34
S01008970,4. Administrative and secretarial occupations,82,20,62
S01008970,5. Skilled trades occupations,28,24,4
S01008970,6. Caring leisure and other service occupations,36,7,29
S01008970,7. Sales and customer service occupations,31,15,16
S01008970,8. Process plant and machine operatives,11,9,2
S01008970,9. Elementary occupations,29,22,7
S01008971,All people aged 16 to 74 in employment,368,199,169
S01008971,1. Managers directors and senior officials,55,35,20
S01008971,2. Professional occupations,143,70,73
S01008971,3. Associate professional and technical occupations,64,41,23
S01008971,4. Administrative and secretarial occupations,38,8,30
S01008971,5. Skilled trades occupations,19,18,1
S01008971,6. Caring leisure and other service occupations,15,4,11
S01008971,7. Sales and customer service occupations,22,15,7
S01008971,8. Process plant and machine operatives,5,5,0
S01008971,9. Elementary occupations,7,3,4
S01008972,All people aged 16 to 74 in employment,367,191,176
S01008972,1. Managers directors and senior officials,50,35,15
S01008972,2. Professional occupations,140,73,67
S01008972,3. Associate professional and technical occupations,72,40,32
S01008972,4. Administrative and secretarial occupations,50,19,31
S01008972,5. Skilled trades occupations,8,8,0
S01008972,6. Caring leisure and other service occupations,12,1,11
S01008972,7. Sales and customer service occupations,17,5,12
S01008972,8. Process plant and machine operatives,4,2,2
S01008972,9. Elementary occupations,14,8,6
S01008973,All people aged 16 to 74 in employment,397,209,188
S01008973,1. Managers directors and senior officials,59,36,23
S01008973,2. Professional occupations,120,68,52
S01008973,3. Associate professional and technical occupations,76,32,44
S01008973,4. Administrative and secretarial occupations,54,18,36
S01008973,5. Skilled trades occupations,23,22,1
S01008973,6. Caring leisure and other service occupations,23,9,14
S01008973,7. Sales and customer service occupations,16,5,11
S01008973,8. Process plant and machine operatives,11,9,2
S01008973,9. Elementary occupations,15,10,5
S01008974,All people aged 16 to 74 in employment,359,176,183
S01008974,1. Managers directors and senior officials,37,28,9
S01008974,2. Professional occupations,96,43,53
S01008974,3. Associate professional and technical occupations,54,26,28
S01008974,4. Administrative and secretarial occupations,49,13,36
S01008974,5. Skilled trades occupations,30,26,4
S01008974,6. Caring leisure and other service occupations,27,4,23
S01008974,7. Sales and customer service occupations,36,14,22
S01008974,8. Process plant and machine operatives,10,9,1
S01008974,9. Elementary occupations,20,13,7
S01008975,All people aged 16 to 74 in employment,275,134,141
S01008975,1. Managers directors and senior officials,24,11,13
S01008975,2. Professional occupations,68,37,31
S01008975,3. Associate professional and technical occupations,46,27,19
S01008975,4. Administrative and secretarial occupations,45,12,33
S01008975,5. Skilled trades occupations,19,17,2
S01008975,6. Caring leisure and other service occupations,25,2,23
S01008975,7. Sales and customer service occupations,20,8,12
S01008975,8. Process plant and machine operatives,9,8,1
S01008975,9. Elementary occupations,19,12,7
S01008976,All people aged 16 to 74 in employment,246,128,118
S01008976,1. Managers directors and senior officials,31,22,9
S01008976,2. Professional occupations,77,40,37
S01008976,3. Associate professional and technical occupations,44,23,21
S01008976,4. Administrative and secretarial occupations,32,10,22
S01008976,5. Skilled trades occupations,16,14,2
S01008976,6. Caring leisure and other service occupations,16,2,14
S01008976,7. Sales and customer service occupations,17,6,11
S01008976,8. Process plant and machine operatives,4,4,0
S01008976,9. Elementary occupations,9,7,2
S01008977,All people aged 16 to 74 in employment,310,162,148
S01008977,1. Managers directors and senior officials,41,27,14
S01008977,2. Professional occupations,89,43,46
S01008977,3. Associate professional and technical occupations,43,29,14
S01008977,4. Administrative and secretarial occupations,46,13,33
S01008977,5. Skilled trades occupations,23,22,1
S01008977,6. Caring leisure and other service occupations,19,2,17
S01008977,7. Sales and customer service occupations,23,6,17
S01008977,8. Process plant and machine operatives,14,14,0
S01008977,9. Elementary occupations,12,6,6
S01008978,All people aged 16 to 74 in employment,312,153,159
S01008978,1. Managers directors and senior officials,18,7,11
S01008978,2. Professional occupations,37,23,14
S01008978,3. Associate professional and technical occupations,47,20,27
S01008978,4. Administrative and secretarial occupations,59,19,40
S01008978,5. Skilled trades occupations,36,36,0
S01008978,6. Caring leisure and other service occupations,30,8,22
S01008978,7. Sales and customer service occupations,42,12,30
S01008978,8. Process plant and machine operatives,10,10,0
S01008978,9. Elementary occupations,33,18,15
S01008979,All people aged 16 to 74 in employment,413,192,221
S01008979,1. Managers directors and senior officials,31,15,16
S01008979,2. Professional occupations,78,33,45
S01008979,3. Associate professional and technical occupations,56,27,29
S01008979,4. Administrative and secretarial occupations,73,19,54
S01008979,5. Skilled trades occupations,50,44,6
S01008979,6. Caring leisure and other service occupations,40,6,34
S01008979,7. Sales and customer service occupations,39,15,24
S01008979,8. Process plant and machine operatives,15,15,0
S01008979,9. Elementary occupations,31,18,13
S01008980,All people aged 16 to 74 in employment,434,223,211
S01008980,1. Managers directors and senior officials,36,22,14
S01008980,2. Professional occupations,61,29,32
S01008980,3. Associate professional and technical occupations,60,31,29
S01008980,4. Administrative and secretarial occupations,66,17,49
S01008980,5. Skilled trades occupations,59,54,5
S01008980,6. Caring leisure and other service occupations,42,6,36
S01008980,7. Sales and customer service occupations,42,15,27
S01008980,8. Process plant and machine operatives,23,22,1
S01008980,9. Elementary occupations,45,27,18
S01008981,All people aged 16 to 74 in employment,324,158,166
S01008981,1. Managers directors and senior officials,28,17,11
S01008981,2. Professional occupations,62,31,31
S01008981,3. Associate professional and technical occupations,57,30,27
S01008981,4. Administrative and secretarial occupations,60,17,43
S01008981,5. Skilled trades occupations,32,29,3
S01008981,6. Caring leisure and other service occupations,27,4,23
S01008981,7. Sales and customer service occupations,25,7,18
S01008981,8. Process plant and machine operatives,13,12,1
S01008981,9. Elementary occupations,20,11,9
S01008982,All people aged 16 to 74 in employment,422,201,221
S01008982,1. Managers directors and senior officials,27,18,9
S01008982,2. Professional occupations,39,21,18
S01008982,3. Associate professional and technical occupations,51,23,28
S01008982,4. Administrative and secretarial occupations,84,23,61
S01008982,5. Skilled trades occupations,52,47,5
S01008982,6. Caring leisure and other service occupations,42,6,36
S01008982,7. Sales and customer service occupations,57,18,39
S01008982,8. Process plant and machine operatives,18,17,1
S01008982,9. Elementary occupations,52,28,24
S01008983,All people aged 16 to 74 in employment,413,213,200
S01008983,1. Managers directors and senior officials,30,14,16
S01008983,2. Professional occupations,42,20,22
S01008983,3. Associate professional and technical occupations,45,30,15
S01008983,4. Administrative and secretarial occupations,68,20,48
S01008983,5. Skilled trades occupations,50,45,5
S01008983,6. Caring leisure and other service occupations,49,12,37
S01008983,7. Sales and customer service occupations,47,15,32
S01008983,8. Process plant and machine operatives,31,29,2
S01008983,9. Elementary occupations,51,28,23
S01008984,All people aged 16 to 74 in employment,255,121,134
S01008984,1. Managers directors and senior officials,20,11,9
S01008984,2. Professional occupations,37,19,18
S01008984,3. Associate professional and technical occupations,37,16,21
S01008984,4. Administrative and secretarial occupations,40,10,30
S01008984,5. Skilled trades occupations,28,25,3
S01008984,6. Caring leisure and other service occupations,27,3,24
S01008984,7. Sales and customer service occupations,28,12,16
S01008984,8. Process plant and machine operatives,11,11,0
S01008984,9. Elementary occupations,27,14,13
S01008985,All people aged 16 to 74 in employment,394,207,187
S01008985,1. Managers directors and senior officials,26,16,10
S01008985,2. Professional occupations,38,19,19
S01008985,3. Associate professional and technical occupations,50,27,23
S01008985,4. Administrative and secretarial occupations,75,31,44
S01008985,5. Skilled trades occupations,41,36,5
S01008985,6. Caring leisure and other service occupations,45,8,37
S01008985,7. Sales and customer service occupations,47,13,34
S01008985,8. Process plant and machine operatives,32,29,3
S01008985,9. Elementary occupations,40,28,12
S01008986,All people aged 16 to 74 in employment,392,207,185
S01008986,1. Managers directors and senior officials,23,17,6
S01008986,2. Professional occupations,60,23,37
S01008986,3. Associate professional and technical occupations,58,41,17
S01008986,4. Administrative and secretarial occupations,83,19,64
S01008986,5. Skilled trades occupations,45,40,5
S01008986,6. Caring leisure and other service occupations,31,7,24
S01008986,7. Sales and customer service occupations,30,13,17
S01008986,8. Process plant and machine operatives,29,28,1
S01008986,9. Elementary occupations,33,19,14
S01008987,All people aged 16 to 74 in employment,420,219,201
S01008987,1. Managers directors and senior officials,25,14,11
S01008987,2. Professional occupations,57,22,35
S01008987,3. Associate professional and technical occupations,60,36,24
S01008987,4. Administrative and secretarial occupations,89,30,59
S01008987,5. Skilled trades occupations,52,47,5
S01008987,6. Caring leisure and other service occupations,44,4,40
S01008987,7. Sales and customer service occupations,39,17,22
S01008987,8. Process plant and machine operatives,31,31,0
S01008987,9. Elementary occupations,23,18,5
S01008988,All people aged 16 to 74 in employment,477,243,234
S01008988,1. Managers directors and senior officials,39,27,12
S01008988,2. Professional occupations,101,46,55
S01008988,3. Associate professional and technical occupations,50,25,25
S01008988,4. Administrative and secretarial occupations,104,32,72
S01008988,5. Skilled trades occupations,39,37,2
S01008988,6. Caring leisure and other service occupations,38,10,28
S01008988,7. Sales and customer service occupations,50,25,25
S01008988,8. Process plant and machine operatives,21,18,3
S01008988,9. Elementary occupations,35,23,12
S01008989,All people aged 16 to 74 in employment,432,228,204
S01008989,1. Managers directors and senior officials,24,15,9
S01008989,2. Professional occupations,80,47,33
S01008989,3. Associate professional and technical occupations,74,40,34
S01008989,4. Administrative and secretarial occupations,97,34,63
S01008989,5. Skilled trades occupations,37,32,5
S01008989,6. Caring leisure and other service occupations,29,6,23
S01008989,7. Sales and customer service occupations,39,14,25
S01008989,8. Process plant and machine operatives,25,23,2
S01008989,9. Elementary occupations,27,17,10
S01008990,All people aged 16 to 74 in employment,513,273,240
S01008990,1. Managers directors and senior officials,33,20,13
S01008990,2. Professional occupations,86,57,29
S01008990,3. Associate professional and technical occupations,87,42,45
S01008990,4. Administrative and secretarial occupations,107,39,68
S01008990,5. Skilled trades occupations,38,35,3
S01008990,6. Caring leisure and other service occupations,36,6,30
S01008990,7. Sales and customer service occupations,51,14,37
S01008990,8. Process plant and machine operatives,33,30,3
S01008990,9. Elementary occupations,42,30,12
S01008991,All people aged 16 to 74 in employment,590,296,294
S01008991,1. Managers directors and senior officials,68,42,26
S01008991,2. Professional occupations,121,57,64
S01008991,3. Associate professional and technical occupations,87,53,34
S01008991,4. Administrative and secretarial occupations,103,21,82
S01008991,5. Skilled trades occupations,49,44,5
S01008991,6. Caring leisure and other service occupations,47,14,33
S01008991,7. Sales and customer service occupations,56,22,34
S01008991,8. Process plant and machine operatives,28,26,2
S01008991,9. Elementary occupations,31,17,14
S01008992,All people aged 16 to 74 in employment,284,155,129
S01008992,1. Managers directors and senior officials,21,13,8
S01008992,2. Professional occupations,46,26,20
S01008992,3. Associate professional and technical occupations,41,23,18
S01008992,4. Administrative and secretarial occupations,42,14,28
S01008992,5. Skilled trades occupations,30,29,1
S01008992,6. Caring leisure and other service occupations,22,4,18
S01008992,7. Sales and customer service occupations,34,11,23
S01008992,8. Process plant and machine operatives,12,9,3
S01008992,9. Elementary occupations,36,26,10
S01008993,All people aged 16 to 74 in employment,571,292,279
S01008993,1. Managers directors and senior officials,87,50,37
S01008993,2. Professional occupations,109,60,49
S01008993,3. Associate professional and technical occupations,81,48,33
S01008993,4. Administrative and secretarial occupations,79,19,60
S01008993,5. Skilled trades occupations,48,42,6
S01008993,6. Caring leisure and other service occupations,51,6,45
S01008993,7. Sales and customer service occupations,50,18,32
S01008993,8. Process plant and machine operatives,32,26,6
S01008993,9. Elementary occupations,34,23,11
S01008994,All people aged 16 to 74 in employment,377,193,184
S01008994,1. Managers directors and senior officials,31,18,13
S01008994,2. Professional occupations,41,13,28
S01008994,3. Associate professional and technical occupations,43,21,22
S01008994,4. Administrative and secretarial occupations,38,7,31
S01008994,5. Skilled trades occupations,48,43,5
S01008994,6. Caring leisure and other service occupations,42,6,36
S01008994,7. Sales and customer service occupations,25,6,19
S01008994,8. Process plant and machine operatives,40,40,0
S01008994,9. Elementary occupations,69,39,30
S01008995,All people aged 16 to 74 in employment,477,245,232
S01008995,1. Managers directors and senior officials,59,39,20
S01008995,2. Professional occupations,141,65,76
S01008995,3. Associate professional and technical occupations,76,42,34
S01008995,4. Administrative and secretarial occupations,55,14,41
S01008995,5. Skilled trades occupations,46,39,7
S01008995,6. Caring leisure and other service occupations,35,8,27
S01008995,7. Sales and customer service occupations,25,11,14
S01008995,8. Process plant and machine operatives,12,11,1
S01008995,9. Elementary occupations,28,16,12
S01008996,All people aged 16 to 74 in employment,280,140,140
S01008996,1. Managers directors and senior officials,17,11,6
S01008996,2. Professional occupations,28,10,18
S01008996,3. Associate professional and technical occupations,26,15,11
S01008996,4. Administrative and secretarial occupations,38,6,32
S01008996,5. Skilled trades occupations,46,43,3
S01008996,6. Caring leisure and other service occupations,22,5,17
S01008996,7. Sales and customer service occupations,38,9,29
S01008996,8. Process plant and machine operatives,19,17,2
S01008996,9. Elementary occupations,46,24,22
S01008997,All people aged 16 to 74 in employment,545,282,263
S01008997,1. Managers directors and senior officials,68,41,27
S01008997,2. Professional occupations,89,45,44
S01008997,3. Associate professional and technical occupations,75,37,38
S01008997,4. Administrative and secretarial occupations,67,15,52
S01008997,5. Skilled trades occupations,65,56,9
S01008997,6. Caring leisure and other service occupations,56,12,44
S01008997,7. Sales and customer service occupations,38,15,23
S01008997,8. Process plant and machine operatives,35,33,2
S01008997,9. Elementary occupations,52,28,24
S01008998,All people aged 16 to 74 in employment,265,134,131
S01008998,1. Managers directors and senior officials,6,3,3
S01008998,2. Professional occupations,28,12,16
S01008998,3. Associate professional and technical occupations,18,9,9
S01008998,4. Administrative and secretarial occupations,33,10,23
S01008998,5. Skilled trades occupations,38,35,3
S01008998,6. Caring leisure and other service occupations,32,5,27
S01008998,7. Sales and customer service occupations,41,15,26
S01008998,8. Process plant and machine operatives,17,17,0
S01008998,9. Elementary occupations,52,28,24
S01008999,All people aged 16 to 74 in employment,361,184,177
S01008999,1. Managers directors and senior officials,19,14,5
S01008999,2. Professional occupations,60,24,36
S01008999,3. Associate professional and technical occupations,54,31,23
S01008999,4. Administrative and secretarial occupations,50,11,39
S01008999,5. Skilled trades occupations,37,35,2
S01008999,6. Caring leisure and other service occupations,31,5,26
S01008999,7. Sales and customer service occupations,40,13,27
S01008999,8. Process plant and machine operatives,33,31,2
S01008999,9. Elementary occupations,37,20,17
S01009000,All people aged 16 to 74 in employment,466,237,229
S01009000,1. Managers directors and senior officials,57,33,24
S01009000,2. Professional occupations,106,56,50
S01009000,3. Associate professional and technical occupations,68,35,33
S01009000,4. Administrative and secretarial occupations,70,20,50
S01009000,5. Skilled trades occupations,47,43,4
S01009000,6. Caring leisure and other service occupations,26,4,22
S01009000,7. Sales and customer service occupations,34,8,26
S01009000,8. Process plant and machine operatives,29,26,3
S01009000,9. Elementary occupations,29,12,17
S01009001,All people aged 16 to 74 in employment,410,213,197
S01009001,1. Managers directors and senior officials,37,30,7
S01009001,2. Professional occupations,110,55,55
S01009001,3. Associate professional and technical occupations,59,36,23
S01009001,4. Administrative and secretarial occupations,58,10,48
S01009001,5. Skilled trades occupations,44,39,5
S01009001,6. Caring leisure and other service occupations,31,2,29
S01009001,7. Sales and customer service occupations,30,6,24
S01009001,8. Process plant and machine operatives,18,18,0
S01009001,9. Elementary occupations,23,17,6
S01009002,All people aged 16 to 74 in employment,423,232,191
S01009002,1. Managers directors and senior officials,64,45,19
S01009002,2. Professional occupations,100,49,51
S01009002,3. Associate professional and technical occupations,98,58,40
S01009002,4. Administrative and secretarial occupations,43,8,35
S01009002,5. Skilled trades occupations,29,27,2
S01009002,6. Caring leisure and other service occupations,20,1,19
S01009002,7. Sales and customer service occupations,15,4,11
S01009002,8. Process plant and machine operatives,23,19,4
S01009002,9. Elementary occupations,31,21,10
S01009003,All people aged 16 to 74 in employment,514,274,240
S01009003,1. Managers directors and senior officials,76,44,32
S01009003,2. Professional occupations,168,89,79
S01009003,3. Associate professional and technical occupations,87,57,30
S01009003,4. Administrative and secretarial occupations,50,10,40
S01009003,5. Skilled trades occupations,27,24,3
S01009003,6. Caring leisure and other service occupations,28,7,21
S01009003,7. Sales and customer service occupations,27,14,13
S01009003,8. Process plant and machine operatives,14,12,2
S01009003,9. Elementary occupations,37,17,20
S01009004,All people aged 16 to 74 in employment,375,185,190
S01009004,1. Managers directors and senior officials,33,20,13
S01009004,2. Professional occupations,52,25,27
S01009004,3. Associate professional and technical occupations,46,24,22
S01009004,4. Administrative and secretarial occupations,50,6,44
S01009004,5. Skilled trades occupations,49,46,3
S01009004,6. Caring leisure and other service occupations,48,7,41
S01009004,7. Sales and customer service occupations,33,9,24
S01009004,8. Process plant and machine operatives,25,23,2
S01009004,9. Elementary occupations,39,25,14
S01009005,All people aged 16 to 74 in employment,383,195,188
S01009005,1. Managers directors and senior officials,34,23,11
S01009005,2. Professional occupations,60,29,31
S01009005,3. Associate professional and technical occupations,62,32,30
S01009005,4. Administrative and secretarial occupations,48,10,38
S01009005,5. Skilled trades occupations,37,33,4
S01009005,6. Caring leisure and other service occupations,40,6,34
S01009005,7. Sales and customer service occupations,38,16,22
S01009005,8. Process plant and machine operatives,29,28,1
S01009005,9. Elementary occupations,35,18,17
S01009006,All people aged 16 to 74 in employment,332,162,170
S01009006,1. Managers directors and senior officials,22,11,11
S01009006,2. Professional occupations,57,28,29
S01009006,3. Associate professional and technical occupations,44,27,17
S01009006,4. Administrative and secretarial occupations,45,12,33
S01009006,5. Skilled trades occupations,31,31,0
S01009006,6. Caring leisure and other service occupations,44,7,37
S01009006,7. Sales and customer service occupations,30,11,19
S01009006,8. Process plant and machine operatives,17,14,3
S01009006,9. Elementary occupations,42,21,21
S01009007,All people aged 16 to 74 in employment,323,168,155
S01009007,1. Managers directors and senior officials,23,16,7
S01009007,2. Professional occupations,34,15,19
S01009007,3. Associate professional and technical occupations,44,31,13
S01009007,4. Administrative and secretarial occupations,52,10,42
S01009007,5. Skilled trades occupations,36,31,5
S01009007,6. Caring leisure and other service occupations,33,1,32
S01009007,7. Sales and customer service occupations,24,5,19
S01009007,8. Process plant and machine operatives,25,24,1
S01009007,9. Elementary occupations,52,35,17
S01009008,All people aged 16 to 74 in employment,444,230,214
S01009008,1. Managers directors and senior officials,54,35,19
S01009008,2. Professional occupations,112,55,57
S01009008,3. Associate professional and technical occupations,59,40,19
S01009008,4. Administrative and secretarial occupations,66,15,51
S01009008,5. Skilled trades occupations,35,31,4
S01009008,6. Caring leisure and other service occupations,43,10,33
S01009008,7. Sales and customer service occupations,24,9,15
S01009008,8. Process plant and machine operatives,19,18,1
S01009008,9. Elementary occupations,32,17,15
S01009009,All people aged 16 to 74 in employment,202,101,101
S01009009,1. Managers directors and senior officials,10,7,3
S01009009,2. Professional occupations,17,5,12
S01009009,3. Associate professional and technical occupations,26,14,12
S01009009,4. Administrative and secretarial occupations,30,7,23
S01009009,5. Skilled trades occupations,29,26,3
S01009009,6. Caring leisure and other service occupations,22,3,19
S01009009,7. Sales and customer service occupations,20,11,9
S01009009,8. Process plant and machine operatives,8,8,0
S01009009,9. Elementary occupations,40,20,20
S01009010,All people aged 16 to 74 in employment,614,294,320
S01009010,1. Managers directors and senior officials,73,46,27
S01009010,2. Professional occupations,119,58,61
S01009010,3. Associate professional and technical occupations,86,50,36
S01009010,4. Administrative and secretarial occupations,101,23,78
S01009010,5. Skilled trades occupations,50,45,5
S01009010,6. Caring leisure and other service occupations,48,2,46
S01009010,7. Sales and customer service occupations,59,16,43
S01009010,8. Process plant and machine operatives,24,24,0
S01009010,9. Elementary occupations,54,30,24
S01009011,All people aged 16 to 74 in employment,547,279,268
S01009011,1. Managers directors and senior officials,59,42,17
S01009011,2. Professional occupations,120,54,66
S01009011,3. Associate professional and technical occupations,84,60,24
S01009011,4. Administrative and secretarial occupations,90,18,72
S01009011,5. Skilled trades occupations,53,50,3
S01009011,6. Caring leisure and other service occupations,41,5,36
S01009011,7. Sales and customer service occupations,50,16,34
S01009011,8. Process plant and machine operatives,14,13,1
S01009011,9. Elementary occupations,36,21,15
S01009012,All people aged 16 to 74 in employment,442,234,208
S01009012,1. Managers directors and senior officials,38,26,12
S01009012,2. Professional occupations,104,47,57
S01009012,3. Associate professional and technical occupations,70,44,26
S01009012,4. Administrative and secretarial occupations,63,16,47
S01009012,5. Skilled trades occupations,40,37,3
S01009012,6. Caring leisure and other service occupations,40,8,32
S01009012,7. Sales and customer service occupations,38,18,20
S01009012,8. Process plant and machine operatives,23,22,1
S01009012,9. Elementary occupations,26,16,10
S01009013,All people aged 16 to 74 in employment,512,249,263
S01009013,1. Managers directors and senior officials,54,30,24
S01009013,2. Professional occupations,118,55,63
S01009013,3. Associate professional and technical occupations,74,44,30
S01009013,4. Administrative and secretarial occupations,65,13,52
S01009013,5. Skilled trades occupations,48,43,5
S01009013,6. Caring leisure and other service occupations,39,5,34
S01009013,7. Sales and customer service occupations,45,15,30
S01009013,8. Process plant and machine operatives,24,21,3
S01009013,9. Elementary occupations,45,23,22
S01009014,All people aged 16 to 74 in employment,305,159,146
S01009014,1. Managers directors and senior officials,24,11,13
S01009014,2. Professional occupations,28,9,19
S01009014,3. Associate professional and technical occupations,22,16,6
S01009014,4. Administrative and secretarial occupations,19,2,17
S01009014,5. Skilled trades occupations,69,58,11
S01009014,6. Caring leisure and other service occupations,50,8,42
S01009014,7. Sales and customer service occupations,26,10,16
S01009014,8. Process plant and machine operatives,32,31,1
S01009014,9. Elementary occupations,35,14,21
S01009015,All people aged 16 to 74 in employment,280,143,137
S01009015,1. Managers directors and senior officials,19,12,7
S01009015,2. Professional occupations,47,11,36
S01009015,3. Associate professional and technical occupations,28,19,9
S01009015,4. Administrative and secretarial occupations,20,3,17
S01009015,5. Skilled trades occupations,48,43,5
S01009015,6. Caring leisure and other service occupations,40,2,38
S01009015,7. Sales and customer service occupations,8,2,6
S01009015,8. Process plant and machine operatives,36,32,4
S01009015,9. Elementary occupations,34,19,15
S01009016,All people aged 16 to 74 in employment,230,125,105
S01009016,1. Managers directors and senior officials,22,16,6
S01009016,2. Professional occupations,33,7,26
S01009016,3. Associate professional and technical occupations,22,15,7
S01009016,4. Administrative and secretarial occupations,17,5,12
S01009016,5. Skilled trades occupations,58,50,8
S01009016,6. Caring leisure and other service occupations,29,2,27
S01009016,7. Sales and customer service occupations,9,1,8
S01009016,8. Process plant and machine operatives,18,15,3
S01009016,9. Elementary occupations,22,14,8
S01009017,All people aged 16 to 74 in employment,278,149,129
S01009017,1. Managers directors and senior officials,24,10,14
S01009017,2. Professional occupations,29,12,17
S01009017,3. Associate professional and technical occupations,25,14,11
S01009017,4. Administrative and secretarial occupations,23,5,18
S01009017,5. Skilled trades occupations,71,68,3
S01009017,6. Caring leisure and other service occupations,34,3,31
S01009017,7. Sales and customer service occupations,19,6,13
S01009017,8. Process plant and machine operatives,24,22,2
S01009017,9. Elementary occupations,29,9,20
S01009018,All people aged 16 to 74 in employment,389,209,180
S01009018,1. Managers directors and senior officials,22,13,9
S01009018,2. Professional occupations,55,20,35
S01009018,3. Associate professional and technical occupations,30,16,14
S01009018,4. Administrative and secretarial occupations,39,4,35
S01009018,5. Skilled trades occupations,93,84,9
S01009018,6. Caring leisure and other service occupations,44,6,38
S01009018,7. Sales and customer service occupations,21,3,18
S01009018,8. Process plant and machine operatives,38,36,2
S01009018,9. Elementary occupations,47,27,20
S01009019,All people aged 16 to 74 in employment,278,154,124
S01009019,1. Managers directors and senior officials,19,14,5
S01009019,2. Professional occupations,34,15,19
S01009019,3. Associate professional and technical occupations,36,28,8
S01009019,4. Administrative and secretarial occupations,31,3,28
S01009019,5. Skilled trades occupations,61,55,6
S01009019,6. Caring leisure and other service occupations,31,5,26
S01009019,7. Sales and customer service occupations,9,4,5
S01009019,8. Process plant and machine operatives,12,10,2
S01009019,9. Elementary occupations,45,20,25
S01009020,All people aged 16 to 74 in employment,450,235,215
S01009020,1. Managers directors and senior officials,27,17,10
S01009020,2. Professional occupations,71,31,40
S01009020,3. Associate professional and technical occupations,42,30,12
S01009020,4. Administrative and secretarial occupations,39,10,29
S01009020,5. Skilled trades occupations,92,77,15
S01009020,6. Caring leisure and other service occupations,62,8,54
S01009020,7. Sales and customer service occupations,35,12,23
S01009020,8. Process plant and machine operatives,24,23,1
S01009020,9. Elementary occupations,58,27,31
S01009021,All people aged 16 to 74 in employment,377,188,189
S01009021,1. Managers directors and senior officials,33,19,14
S01009021,2. Professional occupations,67,21,46
S01009021,3. Associate professional and technical occupations,25,12,13
S01009021,4. Administrative and secretarial occupations,25,5,20
S01009021,5. Skilled trades occupations,88,74,14
S01009021,6. Caring leisure and other service occupations,54,5,49
S01009021,7. Sales and customer service occupations,13,4,9
S01009021,8. Process plant and machine operatives,30,25,5
S01009021,9. Elementary occupations,42,23,19
S01009022,All people aged 16 to 74 in employment,444,239,205
S01009022,1. Managers directors and senior officials,33,16,17
S01009022,2. Professional occupations,58,23,35
S01009022,3. Associate professional and technical occupations,48,22,26
S01009022,4. Administrative and secretarial occupations,30,2,28
S01009022,5. Skilled trades occupations,110,97,13
S01009022,6. Caring leisure and other service occupations,51,5,46
S01009022,7. Sales and customer service occupations,21,6,15
S01009022,8. Process plant and machine operatives,42,38,4
S01009022,9. Elementary occupations,51,30,21
S01009023,All people aged 16 to 74 in employment,423,235,188
S01009023,1. Managers directors and senior officials,54,28,26
S01009023,2. Professional occupations,60,29,31
S01009023,3. Associate professional and technical occupations,30,20,10
S01009023,4. Administrative and secretarial occupations,29,5,24
S01009023,5. Skilled trades occupations,91,84,7
S01009023,6. Caring leisure and other service occupations,59,5,54
S01009023,7. Sales and customer service occupations,20,9,11
S01009023,8. Process plant and machine operatives,38,37,1
S01009023,9. Elementary occupations,42,18,24
S01009024,All people aged 16 to 74 in employment,436,244,192
S01009024,1. Managers directors and senior officials,49,33,16
S01009024,2. Professional occupations,54,22,32
S01009024,3. Associate professional and technical occupations,30,20,10
S01009024,4. Administrative and secretarial occupations,38,8,30
S01009024,5. Skilled trades occupations,96,86,10
S01009024,6. Caring leisure and other service occupations,61,7,54
S01009024,7. Sales and customer service occupations,10,1,9
S01009024,8. Process plant and machine operatives,32,29,3
S01009024,9. Elementary occupations,66,38,28
S01009025,All people aged 16 to 74 in employment,439,237,202
S01009025,1. Managers directors and senior officials,35,21,14
S01009025,2. Professional occupations,63,27,36
S01009025,3. Associate professional and technical occupations,43,14,29
S01009025,4. Administrative and secretarial occupations,36,7,29
S01009025,5. Skilled trades occupations,92,89,3
S01009025,6. Caring leisure and other service occupations,59,8,51
S01009025,7. Sales and customer service occupations,34,13,21
S01009025,8. Process plant and machine operatives,40,39,1
S01009025,9. Elementary occupations,37,19,18
S01009026,All people aged 16 to 74 in employment,425,216,209
S01009026,1. Managers directors and senior officials,28,16,12
S01009026,2. Professional occupations,81,30,51
S01009026,3. Associate professional and technical occupations,39,23,16
S01009026,4. Administrative and secretarial occupations,50,5,45
S01009026,5. Skilled trades occupations,76,71,5
S01009026,6. Caring leisure and other service occupations,47,4,43
S01009026,7. Sales and customer service occupations,29,11,18
S01009026,8. Process plant and machine operatives,35,35,0
S01009026,9. Elementary occupations,40,21,19
S01009027,All people aged 16 to 74 in employment,336,177,159
S01009027,1. Managers directors and senior officials,37,27,10
S01009027,2. Professional occupations,53,22,31
S01009027,3. Associate professional and technical occupations,34,15,19
S01009027,4. Administrative and secretarial occupations,28,2,26
S01009027,5. Skilled trades occupations,60,55,5
S01009027,6. Caring leisure and other service occupations,41,2,39
S01009027,7. Sales and customer service occupations,19,6,13
S01009027,8. Process plant and machine operatives,33,28,5
S01009027,9. Elementary occupations,31,20,11
S01009028,All people aged 16 to 74 in employment,235,128,107
S01009028,1. Managers directors and senior officials,21,10,11
S01009028,2. Professional occupations,35,14,21
S01009028,3. Associate professional and technical occupations,20,9,11
S01009028,4. Administrative and secretarial occupations,16,3,13
S01009028,5. Skilled trades occupations,57,55,2
S01009028,6. Caring leisure and other service occupations,36,5,31
S01009028,7. Sales and customer service occupations,6,1,5
S01009028,8. Process plant and machine operatives,22,19,3
S01009028,9. Elementary occupations,22,12,10
S01009029,All people aged 16 to 74 in employment,286,158,128
S01009029,1. Managers directors and senior officials,6,4,2
S01009029,2. Professional occupations,57,19,38
S01009029,3. Associate professional and technical occupations,32,20,12
S01009029,4. Administrative and secretarial occupations,25,3,22
S01009029,5. Skilled trades occupations,62,58,4
S01009029,6. Caring leisure and other service occupations,23,1,22
S01009029,7. Sales and customer service occupations,15,10,5
S01009029,8. Process plant and machine operatives,41,31,10
S01009029,9. Elementary occupations,25,12,13
S01009030,All people aged 16 to 74 in employment,356,193,163
S01009030,1. Managers directors and senior officials,14,8,6
S01009030,2. Professional occupations,48,11,37
S01009030,3. Associate professional and technical occupations,40,22,18
S01009030,4. Administrative and secretarial occupations,38,6,32
S01009030,5. Skilled trades occupations,78,72,6
S01009030,6. Caring leisure and other service occupations,35,5,30
S01009030,7. Sales and customer service occupations,23,8,15
S01009030,8. Process plant and machine operatives,35,32,3
S01009030,9. Elementary occupations,45,29,16
S01009031,All people aged 16 to 74 in employment,365,207,158
S01009031,1. Managers directors and senior officials,26,19,7
S01009031,2. Professional occupations,45,15,30
S01009031,3. Associate professional and technical occupations,42,25,17
S01009031,4. Administrative and secretarial occupations,36,6,30
S01009031,5. Skilled trades occupations,82,78,4
S01009031,6. Caring leisure and other service occupations,49,10,39
S01009031,7. Sales and customer service occupations,26,6,20
S01009031,8. Process plant and machine operatives,32,32,0
S01009031,9. Elementary occupations,27,16,11
S01009032,All people aged 16 to 74 in employment,283,152,131
S01009032,1. Managers directors and senior officials,23,11,12
S01009032,2. Professional occupations,36,15,21
S01009032,3. Associate professional and technical occupations,29,23,6
S01009032,4. Administrative and secretarial occupations,26,1,25
S01009032,5. Skilled trades occupations,67,60,7
S01009032,6. Caring leisure and other service occupations,34,2,32
S01009032,7. Sales and customer service occupations,18,6,12
S01009032,8. Process plant and machine operatives,23,21,2
S01009032,9. Elementary occupations,27,13,14
S01009033,All people aged 16 to 74 in employment,350,199,151
S01009033,1. Managers directors and senior officials,23,14,9
S01009033,2. Professional occupations,39,11,28
S01009033,3. Associate professional and technical occupations,41,26,15
S01009033,4. Administrative and secretarial occupations,30,7,23
S01009033,5. Skilled trades occupations,81,74,7
S01009033,6. Caring leisure and other service occupations,47,5,42
S01009033,7. Sales and customer service occupations,25,11,14
S01009033,8. Process plant and machine operatives,31,31,0
S01009033,9. Elementary occupations,33,20,13
S01009034,All people aged 16 to 74 in employment,312,175,137
S01009034,1. Managers directors and senior officials,19,14,5
S01009034,2. Professional occupations,56,19,37
S01009034,3. Associate professional and technical occupations,37,28,9
S01009034,4. Administrative and secretarial occupations,32,1,31
S01009034,5. Skilled trades occupations,63,57,6
S01009034,6. Caring leisure and other service occupations,28,4,24
S01009034,7. Sales and customer service occupations,16,8,8
S01009034,8. Process plant and machine operatives,27,25,2
S01009034,9. Elementary occupations,34,19,15
S01009035,All people aged 16 to 74 in employment,459,237,222
S01009035,1. Managers directors and senior officials,39,25,14
S01009035,2. Professional occupations,77,24,53
S01009035,3. Associate professional and technical occupations,51,30,21
S01009035,4. Administrative and secretarial occupations,41,9,32
S01009035,5. Skilled trades occupations,78,76,2
S01009035,6. Caring leisure and other service occupations,58,6,52
S01009035,7. Sales and customer service occupations,37,13,24
S01009035,8. Process plant and machine operatives,38,37,1
S01009035,9. Elementary occupations,40,17,23
S01009036,All people aged 16 to 74 in employment,523,270,253
S01009036,1. Managers directors and senior officials,29,18,11
S01009036,2. Professional occupations,86,29,57
S01009036,3. Associate professional and technical occupations,57,33,24
S01009036,4. Administrative and secretarial occupations,47,6,41
S01009036,5. Skilled trades occupations,101,94,7
S01009036,6. Caring leisure and other service occupations,69,6,63
S01009036,7. Sales and customer service occupations,51,21,30
S01009036,8. Process plant and machine operatives,44,40,4
S01009036,9. Elementary occupations,39,23,16
S01009037,All people aged 16 to 74 in employment,464,239,225
S01009037,1. Managers directors and senior officials,32,20,12
S01009037,2. Professional occupations,68,27,41
S01009037,3. Associate professional and technical occupations,45,30,15
S01009037,4. Administrative and secretarial occupations,61,8,53
S01009037,5. Skilled trades occupations,87,78,9
S01009037,6. Caring leisure and other service occupations,53,3,50
S01009037,7. Sales and customer service occupations,44,17,27
S01009037,8. Process plant and machine operatives,39,39,0
S01009037,9. Elementary occupations,35,17,18
S01009038,All people aged 16 to 74 in employment,548,276,272
S01009038,1. Managers directors and senior officials,39,30,9
S01009038,2. Professional occupations,80,29,51
S01009038,3. Associate professional and technical occupations,52,29,23
S01009038,4. Administrative and secretarial occupations,58,9,49
S01009038,5. Skilled trades occupations,90,86,4
S01009038,6. Caring leisure and other service occupations,60,7,53
S01009038,7. Sales and customer service occupations,49,15,34
S01009038,8. Process plant and machine operatives,48,43,5
S01009038,9. Elementary occupations,72,28,44
S01009039,All people aged 16 to 74 in employment,329,170,159
S01009039,1. Managers directors and senior officials,22,10,12
S01009039,2. Professional occupations,36,16,20
S01009039,3. Associate professional and technical occupations,24,11,13
S01009039,4. Administrative and secretarial occupations,18,1,17
S01009039,5. Skilled trades occupations,62,53,9
S01009039,6. Caring leisure and other service occupations,32,5,27
S01009039,7. Sales and customer service occupations,48,19,29
S01009039,8. Process plant and machine operatives,25,22,3
S01009039,9. Elementary occupations,62,33,29
S01009040,All people aged 16 to 74 in employment,322,148,174
S01009040,1. Managers directors and senior officials,23,10,13
S01009040,2. Professional occupations,48,18,30
S01009040,3. Associate professional and technical occupations,30,21,9
S01009040,4. Administrative and secretarial occupations,31,6,25
S01009040,5. Skilled trades occupations,52,47,5
S01009040,6. Caring leisure and other service occupations,52,8,44
S01009040,7. Sales and customer service occupations,33,11,22
S01009040,8. Process plant and machine operatives,16,15,1
S01009040,9. Elementary occupations,37,12,25
S01009041,All people aged 16 to 74 in employment,439,242,197
S01009041,1. Managers directors and senior officials,57,38,19
S01009041,2. Professional occupations,92,42,50
S01009041,3. Associate professional and technical occupations,43,17,26
S01009041,4. Administrative and secretarial occupations,35,10,25
S01009041,5. Skilled trades occupations,80,69,11
S01009041,6. Caring leisure and other service occupations,32,7,25
S01009041,7. Sales and customer service occupations,27,8,19
S01009041,8. Process plant and machine operatives,27,27,0
S01009041,9. Elementary occupations,46,24,22
S01009042,All people aged 16 to 74 in employment,425,215,210
S01009042,1. Managers directors and senior officials,29,19,10
S01009042,2. Professional occupations,49,27,22
S01009042,3. Associate professional and technical occupations,33,24,9
S01009042,4. Administrative and secretarial occupations,52,11,41
S01009042,5. Skilled trades occupations,78,72,6
S01009042,6. Caring leisure and other service occupations,53,4,49
S01009042,7. Sales and customer service occupations,48,16,32
S01009042,8. Process plant and machine operatives,24,21,3
S01009042,9. Elementary occupations,59,21,38
S01009043,All people aged 16 to 74 in employment,326,165,161
S01009043,1. Managers directors and senior officials,12,5,7
S01009043,2. Professional occupations,54,23,31
S01009043,3. Associate professional and technical occupations,30,15,15
S01009043,4. Administrative and secretarial occupations,27,7,20
S01009043,5. Skilled trades occupations,55,47,8
S01009043,6. Caring leisure and other service occupations,37,4,33
S01009043,7. Sales and customer service occupations,33,11,22
S01009043,8. Process plant and machine operatives,30,28,2
S01009043,9. Elementary occupations,48,25,23
S01009044,All people aged 16 to 74 in employment,364,177,187
S01009044,1. Managers directors and senior officials,23,18,5
S01009044,2. Professional occupations,55,21,34
S01009044,3. Associate professional and technical occupations,36,18,18
S01009044,4. Administrative and secretarial occupations,35,6,29
S01009044,5. Skilled trades occupations,56,49,7
S01009044,6. Caring leisure and other service occupations,41,7,34
S01009044,7. Sales and customer service occupations,47,15,32
S01009044,8. Process plant and machine operatives,24,22,2
S01009044,9. Elementary occupations,47,21,26
S01009045,All people aged 16 to 74 in employment,320,171,149
S01009045,1. Managers directors and senior officials,18,12,6
S01009045,2. Professional occupations,54,20,34
S01009045,3. Associate professional and technical occupations,30,19,11
S01009045,4. Administrative and secretarial occupations,30,4,26
S01009045,5. Skilled trades occupations,52,47,5
S01009045,6. Caring leisure and other service occupations,28,3,25
S01009045,7. Sales and customer service occupations,37,18,19
S01009045,8. Process plant and machine operatives,32,29,3
S01009045,9. Elementary occupations,39,19,20
S01009046,All people aged 16 to 74 in employment,439,237,202
S01009046,1. Managers directors and senior officials,33,21,12
S01009046,2. Professional occupations,83,33,50
S01009046,3. Associate professional and technical occupations,43,29,14
S01009046,4. Administrative and secretarial occupations,40,5,35
S01009046,5. Skilled trades occupations,88,83,5
S01009046,6. Caring leisure and other service occupations,45,6,39
S01009046,7. Sales and customer service occupations,35,15,20
S01009046,8. Process plant and machine operatives,27,27,0
S01009046,9. Elementary occupations,45,18,27
S01009047,All people aged 16 to 74 in employment,413,213,200
S01009047,1. Managers directors and senior officials,21,10,11
S01009047,2. Professional occupations,71,23,48
S01009047,3. Associate professional and technical occupations,59,38,21
S01009047,4. Administrative and secretarial occupations,45,12,33
S01009047,5. Skilled trades occupations,76,71,5
S01009047,6. Caring leisure and other service occupations,41,6,35
S01009047,7. Sales and customer service occupations,38,11,27
S01009047,8. Process plant and machine operatives,30,29,1
S01009047,9. Elementary occupations,32,13,19
S01009048,All people aged 16 to 74 in employment,419,221,198
S01009048,1. Managers directors and senior officials,30,21,9
S01009048,2. Professional occupations,77,24,53
S01009048,3. Associate professional and technical occupations,55,37,18
S01009048,4. Administrative and secretarial occupations,44,12,32
S01009048,5. Skilled trades occupations,54,50,4
S01009048,6. Caring leisure and other service occupations,52,10,42
S01009048,7. Sales and customer service occupations,35,9,26
S01009048,8. Process plant and machine operatives,46,41,5
S01009048,9. Elementary occupations,26,17,9
S01009049,All people aged 16 to 74 in employment,296,148,148
S01009049,1. Managers directors and senior officials,15,9,6
S01009049,2. Professional occupations,61,25,36
S01009049,3. Associate professional and technical occupations,31,18,13
S01009049,4. Administrative and secretarial occupations,34,4,30
S01009049,5. Skilled trades occupations,52,48,4
S01009049,6. Caring leisure and other service occupations,25,2,23
S01009049,7. Sales and customer service occupations,27,8,19
S01009049,8. Process plant and machine operatives,25,20,5
S01009049,9. Elementary occupations,26,14,12
S01009050,All people aged 16 to 74 in employment,397,207,190
S01009050,1. Managers directors and senior officials,38,25,13
S01009050,2. Professional occupations,51,17,34
S01009050,3. Associate professional and technical occupations,60,30,30
S01009050,4. Administrative and secretarial occupations,45,7,38
S01009050,5. Skilled trades occupations,62,58,4
S01009050,6. Caring leisure and other service occupations,34,4,30
S01009050,7. Sales and customer service occupations,37,15,22
S01009050,8. Process plant and machine operatives,35,33,2
S01009050,9. Elementary occupations,35,18,17
S01009051,All people aged 16 to 74 in employment,368,186,182
S01009051,1. Managers directors and senior officials,16,11,5
S01009051,2. Professional occupations,40,18,22
S01009051,3. Associate professional and technical occupations,32,12,20
S01009051,4. Administrative and secretarial occupations,52,6,46
S01009051,5. Skilled trades occupations,59,55,4
S01009051,6. Caring leisure and other service occupations,42,3,39
S01009051,7. Sales and customer service occupations,38,9,29
S01009051,8. Process plant and machine operatives,50,46,4
S01009051,9. Elementary occupations,39,26,13
S01009052,All people aged 16 to 74 in employment,320,167,153
S01009052,1. Managers directors and senior officials,21,14,7
S01009052,2. Professional occupations,33,9,24
S01009052,3. Associate professional and technical occupations,38,24,14
S01009052,4. Administrative and secretarial occupations,47,8,39
S01009052,5. Skilled trades occupations,48,47,1
S01009052,6. Caring leisure and other service occupations,29,2,27
S01009052,7. Sales and customer service occupations,41,15,26
S01009052,8. Process plant and machine operatives,30,27,3
S01009052,9. Elementary occupations,33,21,12
S01009053,All people aged 16 to 74 in employment,190,88,102
S01009053,1. Managers directors and senior officials,13,10,3
S01009053,2. Professional occupations,7,4,3
S01009053,3. Associate professional and technical occupations,17,10,7
S01009053,4. Administrative and secretarial occupations,21,2,19
S01009053,5. Skilled trades occupations,23,21,2
S01009053,6. Caring leisure and other service occupations,28,3,25
S01009053,7. Sales and customer service occupations,25,6,19
S01009053,8. Process plant and machine operatives,14,14,0
S01009053,9. Elementary occupations,42,18,24
S01009054,All people aged 16 to 74 in employment,270,131,139
S01009054,1. Managers directors and senior officials,16,9,7
S01009054,2. Professional occupations,31,9,22
S01009054,3. Associate professional and technical occupations,20,14,6
S01009054,4. Administrative and secretarial occupations,22,4,18
S01009054,5. Skilled trades occupations,40,39,1
S01009054,6. Caring leisure and other service occupations,36,2,34
S01009054,7. Sales and customer service occupations,27,5,22
S01009054,8. Process plant and machine operatives,34,30,4
S01009054,9. Elementary occupations,44,19,25
S01009055,All people aged 16 to 74 in employment,453,232,221
S01009055,1. Managers directors and senior officials,43,23,20
S01009055,2. Professional occupations,69,28,41
S01009055,3. Associate professional and technical occupations,55,29,26
S01009055,4. Administrative and secretarial occupations,48,7,41
S01009055,5. Skilled trades occupations,87,72,15
S01009055,6. Caring leisure and other service occupations,33,6,27
S01009055,7. Sales and customer service occupations,38,9,29
S01009055,8. Process plant and machine operatives,41,34,7
S01009055,9. Elementary occupations,39,24,15
S01009056,All people aged 16 to 74 in employment,219,113,106
S01009056,1. Managers directors and senior officials,14,9,5
S01009056,2. Professional occupations,12,9,3
S01009056,3. Associate professional and technical occupations,16,11,5
S01009056,4. Administrative and secretarial occupations,27,2,25
S01009056,5. Skilled trades occupations,39,37,2
S01009056,6. Caring leisure and other service occupations,28,2,26
S01009056,7. Sales and customer service occupations,19,5,14
S01009056,8. Process plant and machine operatives,33,25,8
S01009056,9. Elementary occupations,31,13,18
S01009057,All people aged 16 to 74 in employment,236,123,113
S01009057,1. Managers directors and senior officials,11,7,4
S01009057,2. Professional occupations,20,8,12
S01009057,3. Associate professional and technical occupations,27,16,11
S01009057,4. Administrative and secretarial occupations,16,6,10
S01009057,5. Skilled trades occupations,33,28,5
S01009057,6. Caring leisure and other service occupations,33,6,27
S01009057,7. Sales and customer service occupations,25,6,19
S01009057,8. Process plant and machine operatives,23,22,1
S01009057,9. Elementary occupations,48,24,24
S01009058,All people aged 16 to 74 in employment,357,180,177
S01009058,1. Managers directors and senior officials,23,14,9
S01009058,2. Professional occupations,36,11,25
S01009058,3. Associate professional and technical occupations,37,24,13
S01009058,4. Administrative and secretarial occupations,42,7,35
S01009058,5. Skilled trades occupations,52,46,6
S01009058,6. Caring leisure and other service occupations,39,6,33
S01009058,7. Sales and customer service occupations,39,15,24
S01009058,8. Process plant and machine operatives,32,26,6
S01009058,9. Elementary occupations,57,31,26
S01009059,All people aged 16 to 74 in employment,474,244,230
S01009059,1. Managers directors and senior officials,55,33,22
S01009059,2. Professional occupations,91,38,53
S01009059,3. Associate professional and technical occupations,64,33,31
S01009059,4. Administrative and secretarial occupations,46,9,37
S01009059,5. Skilled trades occupations,61,59,2
S01009059,6. Caring leisure and other service occupations,36,8,28
S01009059,7. Sales and customer service occupations,43,10,33
S01009059,8. Process plant and machine operatives,45,36,9
S01009059,9. Elementary occupations,33,18,15
S01009060,All people aged 16 to 74 in employment,329,172,157
S01009060,1. Managers directors and senior officials,43,27,16
S01009060,2. Professional occupations,54,19,35
S01009060,3. Associate professional and technical occupations,70,37,33
S01009060,4. Administrative and secretarial occupations,37,7,30
S01009060,5. Skilled trades occupations,45,42,3
S01009060,6. Caring leisure and other service occupations,27,5,22
S01009060,7. Sales and customer service occupations,19,7,12
S01009060,8. Process plant and machine operatives,20,19,1
S01009060,9. Elementary occupations,14,9,5
S01009061,All people aged 16 to 74 in employment,433,202,231
S01009061,1. Managers directors and senior officials,26,11,15
S01009061,2. Professional occupations,28,8,20
S01009061,3. Associate professional and technical occupations,49,26,23
S01009061,4. Administrative and secretarial occupations,48,6,42
S01009061,5. Skilled trades occupations,63,56,7
S01009061,6. Caring leisure and other service occupations,46,6,40
S01009061,7. Sales and customer service occupations,69,15,54
S01009061,8. Process plant and machine operatives,50,44,6
S01009061,9. Elementary occupations,54,30,24
S01009062,All people aged 16 to 74 in employment,271,140,131
S01009062,1. Managers directors and senior officials,7,5,2
S01009062,2. Professional occupations,14,5,9
S01009062,3. Associate professional and technical occupations,25,14,11
S01009062,4. Administrative and secretarial occupations,33,8,25
S01009062,5. Skilled trades occupations,45,44,1
S01009062,6. Caring leisure and other service occupations,39,9,30
S01009062,7. Sales and customer service occupations,40,13,27
S01009062,8. Process plant and machine operatives,28,28,0
S01009062,9. Elementary occupations,40,14,26
S01009063,All people aged 16 to 74 in employment,390,191,199
S01009063,1. Managers directors and senior officials,30,18,12
S01009063,2. Professional occupations,59,24,35
S01009063,3. Associate professional and technical occupations,48,27,21
S01009063,4. Administrative and secretarial occupations,43,6,37
S01009063,5. Skilled trades occupations,52,44,8
S01009063,6. Caring leisure and other service occupations,33,1,32
S01009063,7. Sales and customer service occupations,42,9,33
S01009063,8. Process plant and machine operatives,37,35,2
S01009063,9. Elementary occupations,46,27,19
S01009064,All people aged 16 to 74 in employment,272,139,133
S01009064,1. Managers directors and senior officials,6,2,4
S01009064,2. Professional occupations,31,12,19
S01009064,3. Associate professional and technical occupations,33,18,15
S01009064,4. Administrative and secretarial occupations,26,4,22
S01009064,5. Skilled trades occupations,47,44,3
S01009064,6. Caring leisure and other service occupations,36,4,32
S01009064,7. Sales and customer service occupations,21,5,16
S01009064,8. Process plant and machine operatives,34,31,3
S01009064,9. Elementary occupations,38,19,19
S01009065,All people aged 16 to 74 in employment,268,128,140
S01009065,1. Managers directors and senior officials,12,9,3
S01009065,2. Professional occupations,20,8,12
S01009065,3. Associate professional and technical occupations,27,13,14
S01009065,4. Administrative and secretarial occupations,32,5,27
S01009065,5. Skilled trades occupations,39,37,2
S01009065,6. Caring leisure and other service occupations,32,6,26
S01009065,7. Sales and customer service occupations,36,10,26
S01009065,8. Process plant and machine operatives,28,23,5
S01009065,9. Elementary occupations,42,17,25
S01009066,All people aged 16 to 74 in employment,323,171,152
S01009066,1. Managers directors and senior officials,18,9,9
S01009066,2. Professional occupations,26,11,15
S01009066,3. Associate professional and technical occupations,33,19,14
S01009066,4. Administrative and secretarial occupations,28,4,24
S01009066,5. Skilled trades occupations,49,46,3
S01009066,6. Caring leisure and other service occupations,43,5,38
S01009066,7. Sales and customer service occupations,41,17,24
S01009066,8. Process plant and machine operatives,31,28,3
S01009066,9. Elementary occupations,54,32,22
S01009067,All people aged 16 to 74 in employment,502,261,241
S01009067,1. Managers directors and senior officials,58,37,21
S01009067,2. Professional occupations,83,34,49
S01009067,3. Associate professional and technical occupations,90,51,39
S01009067,4. Administrative and secretarial occupations,67,12,55
S01009067,5. Skilled trades occupations,71,66,5
S01009067,6. Caring leisure and other service occupations,39,5,34
S01009067,7. Sales and customer service occupations,38,14,24
S01009067,8. Process plant and machine operatives,34,32,2
S01009067,9. Elementary occupations,22,10,12
S01009068,All people aged 16 to 74 in employment,463,235,228
S01009068,1. Managers directors and senior officials,25,15,10
S01009068,2. Professional occupations,52,23,29
S01009068,3. Associate professional and technical occupations,50,23,27
S01009068,4. Administrative and secretarial occupations,65,8,57
S01009068,5. Skilled trades occupations,71,71,0
S01009068,6. Caring leisure and other service occupations,48,4,44
S01009068,7. Sales and customer service occupations,47,14,33
S01009068,8. Process plant and machine operatives,41,39,2
S01009068,9. Elementary occupations,64,38,26
S01009069,All people aged 16 to 74 in employment,380,187,193
S01009069,1. Managers directors and senior officials,32,20,12
S01009069,2. Professional occupations,74,22,52
S01009069,3. Associate professional and technical occupations,60,34,26
S01009069,4. Administrative and secretarial occupations,46,5,41
S01009069,5. Skilled trades occupations,58,55,3
S01009069,6. Caring leisure and other service occupations,32,8,24
S01009069,7. Sales and customer service occupations,31,9,22
S01009069,8. Process plant and machine operatives,19,17,2
S01009069,9. Elementary occupations,28,17,11
S01009070,All people aged 16 to 74 in employment,354,178,176
S01009070,1. Managers directors and senior officials,30,21,9
S01009070,2. Professional occupations,39,19,20
S01009070,3. Associate professional and technical occupations,45,24,21
S01009070,4. Administrative and secretarial occupations,72,16,56
S01009070,5. Skilled trades occupations,44,42,2
S01009070,6. Caring leisure and other service occupations,31,2,29
S01009070,7. Sales and customer service occupations,37,11,26
S01009070,8. Process plant and machine operatives,31,30,1
S01009070,9. Elementary occupations,25,13,12
S01009071,All people aged 16 to 74 in employment,254,130,124
S01009071,1. Managers directors and senior officials,27,19,8
S01009071,2. Professional occupations,32,10,22
S01009071,3. Associate professional and technical occupations,43,18,25
S01009071,4. Administrative and secretarial occupations,24,2,22
S01009071,5. Skilled trades occupations,40,33,7
S01009071,6. Caring leisure and other service occupations,18,3,15
S01009071,7. Sales and customer service occupations,20,11,9
S01009071,8. Process plant and machine operatives,24,15,9
S01009071,9. Elementary occupations,26,19,7
S01009072,All people aged 16 to 74 in employment,263,137,126
S01009072,1. Managers directors and senior officials,36,23,13
S01009072,2. Professional occupations,41,11,30
S01009072,3. Associate professional and technical occupations,29,17,12
S01009072,4. Administrative and secretarial occupations,29,5,24
S01009072,5. Skilled trades occupations,36,34,2
S01009072,6. Caring leisure and other service occupations,24,5,19
S01009072,7. Sales and customer service occupations,21,4,17
S01009072,8. Process plant and machine operatives,24,22,2
S01009072,9. Elementary occupations,23,16,7
S01009073,All people aged 16 to 74 in employment,258,127,131
S01009073,1. Managers directors and senior officials,14,8,6
S01009073,2. Professional occupations,20,10,10
S01009073,3. Associate professional and technical occupations,17,13,4
S01009073,4. Administrative and secretarial occupations,23,3,20
S01009073,5. Skilled trades occupations,39,35,4
S01009073,6. Caring leisure and other service occupations,35,4,31
S01009073,7. Sales and customer service occupations,30,7,23
S01009073,8. Process plant and machine operatives,28,24,4
S01009073,9. Elementary occupations,52,23,29
S01009074,All people aged 16 to 74 in employment,329,161,168
S01009074,1. Managers directors and senior officials,10,4,6
S01009074,2. Professional occupations,32,12,20
S01009074,3. Associate professional and technical occupations,25,12,13
S01009074,4. Administrative and secretarial occupations,32,5,27
S01009074,5. Skilled trades occupations,54,52,2
S01009074,6. Caring leisure and other service occupations,33,1,32
S01009074,7. Sales and customer service occupations,34,9,25
S01009074,8. Process plant and machine operatives,41,34,7
S01009074,9. Elementary occupations,68,32,36
S01009075,All people aged 16 to 74 in employment,243,124,119
S01009075,1. Managers directors and senior officials,18,10,8
S01009075,2. Professional occupations,24,11,13
S01009075,3. Associate professional and technical occupations,19,12,7
S01009075,4. Administrative and secretarial occupations,29,6,23
S01009075,5. Skilled trades occupations,40,32,8
S01009075,6. Caring leisure and other service occupations,29,3,26
S01009075,7. Sales and customer service occupations,16,4,12
S01009075,8. Process plant and machine operatives,38,33,5
S01009075,9. Elementary occupations,30,13,17
S01009076,All people aged 16 to 74 in employment,550,285,265
S01009076,1. Managers directors and senior officials,37,22,15
S01009076,2. Professional occupations,70,29,41
S01009076,3. Associate professional and technical occupations,84,50,34
S01009076,4. Administrative and secretarial occupations,79,15,64
S01009076,5. Skilled trades occupations,70,61,9
S01009076,6. Caring leisure and other service occupations,51,6,45
S01009076,7. Sales and customer service occupations,45,13,32
S01009076,8. Process plant and machine operatives,62,56,6
S01009076,9. Elementary occupations,52,33,19
S01009077,All people aged 16 to 74 in employment,317,173,144
S01009077,1. Managers directors and senior officials,21,17,4
S01009077,2. Professional occupations,41,16,25
S01009077,3. Associate professional and technical occupations,47,33,14
S01009077,4. Administrative and secretarial occupations,47,10,37
S01009077,5. Skilled trades occupations,39,35,4
S01009077,6. Caring leisure and other service occupations,25,6,19
S01009077,7. Sales and customer service occupations,32,11,21
S01009077,8. Process plant and machine operatives,29,26,3
S01009077,9. Elementary occupations,36,19,17
S01009078,All people aged 16 to 74 in employment,460,237,223
S01009078,1. Managers directors and senior officials,46,32,14
S01009078,2. Professional occupations,109,49,60
S01009078,3. Associate professional and technical occupations,88,55,33
S01009078,4. Administrative and secretarial occupations,77,14,63
S01009078,5. Skilled trades occupations,41,39,2
S01009078,6. Caring leisure and other service occupations,28,3,25
S01009078,7. Sales and customer service occupations,20,6,14
S01009078,8. Process plant and machine operatives,29,27,2
S01009078,9. Elementary occupations,22,12,10
S01009079,All people aged 16 to 74 in employment,377,198,179
S01009079,1. Managers directors and senior officials,22,16,6
S01009079,2. Professional occupations,32,12,20
S01009079,3. Associate professional and technical occupations,31,20,11
S01009079,4. Administrative and secretarial occupations,33,7,26
S01009079,5. Skilled trades occupations,65,60,5
S01009079,6. Caring leisure and other service occupations,57,4,53
S01009079,7. Sales and customer service occupations,39,11,28
S01009079,8. Process plant and machine operatives,40,40,0
S01009079,9. Elementary occupations,58,28,30
S01009080,All people aged 16 to 74 in employment,416,214,202
S01009080,1. Managers directors and senior officials,34,18,16
S01009080,2. Professional occupations,34,11,23
S01009080,3. Associate professional and technical occupations,30,22,8
S01009080,4. Administrative and secretarial occupations,48,6,42
S01009080,5. Skilled trades occupations,65,60,5
S01009080,6. Caring leisure and other service occupations,51,6,45
S01009080,7. Sales and customer service occupations,45,15,30
S01009080,8. Process plant and machine operatives,44,40,4
S01009080,9. Elementary occupations,65,36,29
S01009081,All people aged 16 to 74 in employment,332,180,152
S01009081,1. Managers directors and senior officials,27,20,7
S01009081,2. Professional occupations,50,18,32
S01009081,3. Associate professional and technical occupations,36,22,14
S01009081,4. Administrative and secretarial occupations,46,8,38
S01009081,5. Skilled trades occupations,49,46,3
S01009081,6. Caring leisure and other service occupations,24,2,22
S01009081,7. Sales and customer service occupations,31,12,19
S01009081,8. Process plant and machine operatives,36,33,3
S01009081,9. Elementary occupations,33,19,14
S01009082,All people aged 16 to 74 in employment,464,250,214
S01009082,1. Managers directors and senior officials,28,21,7
S01009082,2. Professional occupations,52,19,33
S01009082,3. Associate professional and technical occupations,36,23,13
S01009082,4. Administrative and secretarial occupations,58,12,46
S01009082,5. Skilled trades occupations,82,75,7
S01009082,6. Caring leisure and other service occupations,42,6,36
S01009082,7. Sales and customer service occupations,56,18,38
S01009082,8. Process plant and machine operatives,48,46,2
S01009082,9. Elementary occupations,62,30,32
S01009083,All people aged 16 to 74 in employment,371,190,181
S01009083,1. Managers directors and senior officials,32,20,12
S01009083,2. Professional occupations,40,19,21
S01009083,3. Associate professional and technical occupations,47,24,23
S01009083,4. Administrative and secretarial occupations,44,6,38
S01009083,5. Skilled trades occupations,48,45,3
S01009083,6. Caring leisure and other service occupations,37,7,30
S01009083,7. Sales and customer service occupations,31,6,25
S01009083,8. Process plant and machine operatives,50,45,5
S01009083,9. Elementary occupations,42,18,24
S01009084,All people aged 16 to 74 in employment,255,136,119
S01009084,1. Managers directors and senior officials,28,16,12
S01009084,2. Professional occupations,40,14,26
S01009084,3. Associate professional and technical occupations,39,25,14
S01009084,4. Administrative and secretarial occupations,27,3,24
S01009084,5. Skilled trades occupations,33,33,0
S01009084,6. Caring leisure and other service occupations,19,3,16
S01009084,7. Sales and customer service occupations,13,4,9
S01009084,8. Process plant and machine operatives,27,25,2
S01009084,9. Elementary occupations,29,13,16
S01009085,All people aged 16 to 74 in employment,497,256,241
S01009085,1. Managers directors and senior officials,44,28,16
S01009085,2. Professional occupations,92,26,66
S01009085,3. Associate professional and technical occupations,77,46,31
S01009085,4. Administrative and secretarial occupations,72,13,59
S01009085,5. Skilled trades occupations,61,60,1
S01009085,6. Caring leisure and other service occupations,36,4,32
S01009085,7. Sales and customer service occupations,35,9,26
S01009085,8. Process plant and machine operatives,56,54,2
S01009085,9. Elementary occupations,24,16,8
S01009086,All people aged 16 to 74 in employment,349,178,171
S01009086,1. Managers directors and senior officials,21,13,8
S01009086,2. Professional occupations,34,13,21
S01009086,3. Associate professional and technical occupations,51,30,21
S01009086,4. Administrative and secretarial occupations,44,11,33
S01009086,5. Skilled trades occupations,50,46,4
S01009086,6. Caring leisure and other service occupations,40,5,35
S01009086,7. Sales and customer service occupations,33,9,24
S01009086,8. Process plant and machine operatives,39,35,4
S01009086,9. Elementary occupations,37,16,21
S01009087,All people aged 16 to 74 in employment,272,133,139
S01009087,1. Managers directors and senior officials,9,3,6
S01009087,2. Professional occupations,14,2,12
S01009087,3. Associate professional and technical occupations,35,20,15
S01009087,4. Administrative and secretarial occupations,28,0,28
S01009087,5. Skilled trades occupations,37,35,2
S01009087,6. Caring leisure and other service occupations,40,8,32
S01009087,7. Sales and customer service occupations,33,11,22
S01009087,8. Process plant and machine operatives,39,37,2
S01009087,9. Elementary occupations,37,17,20
S01009088,All people aged 16 to 74 in employment,517,276,241
S01009088,1. Managers directors and senior officials,73,50,23
S01009088,2. Professional occupations,85,36,49
S01009088,3. Associate professional and technical occupations,71,35,36
S01009088,4. Administrative and secretarial occupations,54,13,41
S01009088,5. Skilled trades occupations,59,57,2
S01009088,6. Caring leisure and other service occupations,56,15,41
S01009088,7. Sales and customer service occupations,38,14,24
S01009088,8. Process plant and machine operatives,40,36,4
S01009088,9. Elementary occupations,41,20,21
S01009089,All people aged 16 to 74 in employment,529,274,255
S01009089,1. Managers directors and senior officials,79,54,25
S01009089,2. Professional occupations,120,53,67
S01009089,3. Associate professional and technical occupations,104,65,39
S01009089,4. Administrative and secretarial occupations,54,13,41
S01009089,5. Skilled trades occupations,41,37,4
S01009089,6. Caring leisure and other service occupations,39,8,31
S01009089,7. Sales and customer service occupations,41,10,31
S01009089,8. Process plant and machine operatives,27,24,3
S01009089,9. Elementary occupations,24,10,14
S01009090,All people aged 16 to 74 in employment,532,289,243
S01009090,1. Managers directors and senior officials,80,52,28
S01009090,2. Professional occupations,155,71,84
S01009090,3. Associate professional and technical occupations,102,62,40
S01009090,4. Administrative and secretarial occupations,50,10,40
S01009090,5. Skilled trades occupations,39,36,3
S01009090,6. Caring leisure and other service occupations,38,9,29
S01009090,7. Sales and customer service occupations,31,15,16
S01009090,8. Process plant and machine operatives,20,20,0
S01009090,9. Elementary occupations,17,14,3
S01009091,All people aged 16 to 74 in employment,388,199,189
S01009091,1. Managers directors and senior officials,63,43,20
S01009091,2. Professional occupations,115,56,59
S01009091,3. Associate professional and technical occupations,78,42,36
S01009091,4. Administrative and secretarial occupations,30,3,27
S01009091,5. Skilled trades occupations,23,20,3
S01009091,6. Caring leisure and other service occupations,25,2,23
S01009091,7. Sales and customer service occupations,26,8,18
S01009091,8. Process plant and machine operatives,16,16,0
S01009091,9. Elementary occupations,12,9,3
S01009092,All people aged 16 to 74 in employment,500,243,257
S01009092,1. Managers directors and senior officials,53,34,19
S01009092,2. Professional occupations,86,32,54
S01009092,3. Associate professional and technical occupations,56,37,19
S01009092,4. Administrative and secretarial occupations,53,11,42
S01009092,5. Skilled trades occupations,59,54,5
S01009092,6. Caring leisure and other service occupations,60,7,53
S01009092,7. Sales and customer service occupations,52,13,39
S01009092,8. Process plant and machine operatives,37,35,2
S01009092,9. Elementary occupations,44,20,24
S01009093,All people aged 16 to 74 in employment,375,186,189
S01009093,1. Managers directors and senior officials,26,12,14
S01009093,2. Professional occupations,27,9,18
S01009093,3. Associate professional and technical occupations,51,31,20
S01009093,4. Administrative and secretarial occupations,42,12,30
S01009093,5. Skilled trades occupations,43,42,1
S01009093,6. Caring leisure and other service occupations,48,5,43
S01009093,7. Sales and customer service occupations,46,11,35
S01009093,8. Process plant and machine operatives,44,44,0
S01009093,9. Elementary occupations,48,20,28
S01009094,All people aged 16 to 74 in employment,295,145,150
S01009094,1. Managers directors and senior officials,37,22,15
S01009094,2. Professional occupations,78,35,43
S01009094,3. Associate professional and technical occupations,48,28,20
S01009094,4. Administrative and secretarial occupations,32,11,21
S01009094,5. Skilled trades occupations,23,22,1
S01009094,6. Caring leisure and other service occupations,21,1,20
S01009094,7. Sales and customer service occupations,26,6,20
S01009094,8. Process plant and machine operatives,17,14,3
S01009094,9. Elementary occupations,13,6,7
S01009095,All people aged 16 to 74 in employment,395,206,189
S01009095,1. Managers directors and senior officials,45,31,14
S01009095,2. Professional occupations,89,42,47
S01009095,3. Associate professional and technical occupations,52,33,19
S01009095,4. Administrative and secretarial occupations,34,2,32
S01009095,5. Skilled trades occupations,33,32,1
S01009095,6. Caring leisure and other service occupations,36,7,29
S01009095,7. Sales and customer service occupations,45,18,27
S01009095,8. Process plant and machine operatives,21,20,1
S01009095,9. Elementary occupations,40,21,19
S01009096,All people aged 16 to 74 in employment,527,265,262
S01009096,1. Managers directors and senior officials,71,50,21
S01009096,2. Professional occupations,127,55,72
S01009096,3. Associate professional and technical occupations,101,57,44
S01009096,4. Administrative and secretarial occupations,58,10,48
S01009096,5. Skilled trades occupations,42,42,0
S01009096,6. Caring leisure and other service occupations,38,5,33
S01009096,7. Sales and customer service occupations,41,12,29
S01009096,8. Process plant and machine operatives,23,21,2
S01009096,9. Elementary occupations,26,13,13
S01009097,All people aged 16 to 74 in employment,496,258,238
S01009097,1. Managers directors and senior officials,47,31,16
S01009097,2. Professional occupations,114,53,61
S01009097,3. Associate professional and technical occupations,100,60,40
S01009097,4. Administrative and secretarial occupations,57,13,44
S01009097,5. Skilled trades occupations,54,50,4
S01009097,6. Caring leisure and other service occupations,33,4,29
S01009097,7. Sales and customer service occupations,41,12,29
S01009097,8. Process plant and machine operatives,29,28,1
S01009097,9. Elementary occupations,21,7,14
S01009098,All people aged 16 to 74 in employment,245,123,122
S01009098,1. Managers directors and senior officials,26,14,12
S01009098,2. Professional occupations,63,25,38
S01009098,3. Associate professional and technical occupations,42,31,11
S01009098,4. Administrative and secretarial occupations,25,3,22
S01009098,5. Skilled trades occupations,27,23,4
S01009098,6. Caring leisure and other service occupations,18,2,16
S01009098,7. Sales and customer service occupations,26,11,15
S01009098,8. Process plant and machine operatives,14,12,2
S01009098,9. Elementary occupations,4,2,2
S01009099,All people aged 16 to 74 in employment,361,186,175
S01009099,1. Managers directors and senior officials,33,19,14
S01009099,2. Professional occupations,50,16,34
S01009099,3. Associate professional and technical occupations,39,19,20
S01009099,4. Administrative and secretarial occupations,41,9,32
S01009099,5. Skilled trades occupations,60,59,1
S01009099,6. Caring leisure and other service occupations,36,4,32
S01009099,7. Sales and customer service occupations,35,15,20
S01009099,8. Process plant and machine operatives,31,27,4
S01009099,9. Elementary occupations,36,18,18
S01009100,All people aged 16 to 74 in employment,316,168,148
S01009100,1. Managers directors and senior officials,21,13,8
S01009100,2. Professional occupations,24,12,12
S01009100,3. Associate professional and technical occupations,40,19,21
S01009100,4. Administrative and secretarial occupations,29,6,23
S01009100,5. Skilled trades occupations,42,39,3
S01009100,6. Caring leisure and other service occupations,33,6,27
S01009100,7. Sales and customer service occupations,33,9,24
S01009100,8. Process plant and machine operatives,38,34,4
S01009100,9. Elementary occupations,56,30,26
S01009101,All people aged 16 to 74 in employment,451,232,219
S01009101,1. Managers directors and senior officials,20,10,10
S01009101,2. Professional occupations,31,8,23
S01009101,3. Associate professional and technical occupations,36,23,13
S01009101,4. Administrative and secretarial occupations,42,13,29
S01009101,5. Skilled trades occupations,63,57,6
S01009101,6. Caring leisure and other service occupations,66,15,51
S01009101,7. Sales and customer service occupations,58,19,39
S01009101,8. Process plant and machine operatives,63,54,9
S01009101,9. Elementary occupations,72,33,39
S01009102,All people aged 16 to 74 in employment,341,171,170
S01009102,1. Managers directors and senior officials,10,4,6
S01009102,2. Professional occupations,17,7,10
S01009102,3. Associate professional and technical occupations,23,14,9
S01009102,4. Administrative and secretarial occupations,27,9,18
S01009102,5. Skilled trades occupations,54,51,3
S01009102,6. Caring leisure and other service occupations,47,10,37
S01009102,7. Sales and customer service occupations,43,14,29
S01009102,8. Process plant and machine operatives,34,29,5
S01009102,9. Elementary occupations,86,33,53
S01009103,All people aged 16 to 74 in employment,273,140,133
S01009103,1. Managers directors and senior officials,25,17,8
S01009103,2. Professional occupations,36,15,21
S01009103,3. Associate professional and technical occupations,44,27,17
S01009103,4. Administrative and secretarial occupations,48,7,41
S01009103,5. Skilled trades occupations,28,23,5
S01009103,6. Caring leisure and other service occupations,22,2,20
S01009103,7. Sales and customer service occupations,22,8,14
S01009103,8. Process plant and machine operatives,23,22,1
S01009103,9. Elementary occupations,25,19,6
S01009104,All people aged 16 to 74 in employment,380,185,195
S01009104,1. Managers directors and senior officials,28,18,10
S01009104,2. Professional occupations,39,11,28
S01009104,3. Associate professional and technical occupations,40,24,16
S01009104,4. Administrative and secretarial occupations,39,9,30
S01009104,5. Skilled trades occupations,56,54,2
S01009104,6. Caring leisure and other service occupations,48,4,44
S01009104,7. Sales and customer service occupations,43,6,37
S01009104,8. Process plant and machine operatives,44,38,6
S01009104,9. Elementary occupations,43,21,22
S01009105,All people aged 16 to 74 in employment,419,208,211
S01009105,1. Managers directors and senior officials,39,27,12
S01009105,2. Professional occupations,54,21,33
S01009105,3. Associate professional and technical occupations,67,36,31
S01009105,4. Administrative and secretarial occupations,55,14,41
S01009105,5. Skilled trades occupations,47,45,2
S01009105,6. Caring leisure and other service occupations,48,9,39
S01009105,7. Sales and customer service occupations,41,16,25
S01009105,8. Process plant and machine operatives,25,22,3
S01009105,9. Elementary occupations,43,18,25
S01009106,All people aged 16 to 74 in employment,276,138,138
S01009106,1. Managers directors and senior officials,13,9,4
S01009106,2. Professional occupations,27,10,17
S01009106,3. Associate professional and technical occupations,31,17,14
S01009106,4. Administrative and secretarial occupations,29,4,25
S01009106,5. Skilled trades occupations,38,35,3
S01009106,6. Caring leisure and other service occupations,39,3,36
S01009106,7. Sales and customer service occupations,34,10,24
S01009106,8. Process plant and machine operatives,27,26,1
S01009106,9. Elementary occupations,38,24,14
S01009107,All people aged 16 to 74 in employment,461,228,233
S01009107,1. Managers directors and senior officials,40,26,14
S01009107,2. Professional occupations,79,33,46
S01009107,3. Associate professional and technical occupations,69,39,30
S01009107,4. Administrative and secretarial occupations,67,11,56
S01009107,5. Skilled trades occupations,56,52,4
S01009107,6. Caring leisure and other service occupations,43,13,30
S01009107,7. Sales and customer service occupations,44,11,33
S01009107,8. Process plant and machine operatives,28,27,1
S01009107,9. Elementary occupations,35,16,19
S01009108,All people aged 16 to 74 in employment,386,199,187
S01009108,1. Managers directors and senior officials,31,21,10
S01009108,2. Professional occupations,56,26,30
S01009108,3. Associate professional and technical occupations,54,32,22
S01009108,4. Administrative and secretarial occupations,55,9,46
S01009108,5. Skilled trades occupations,56,52,4
S01009108,6. Caring leisure and other service occupations,37,2,35
S01009108,7. Sales and customer service occupations,26,12,14
S01009108,8. Process plant and machine operatives,27,27,0
S01009108,9. Elementary occupations,44,18,26
S01009109,All people aged 16 to 74 in employment,378,189,189
S01009109,1. Managers directors and senior officials,30,20,10
S01009109,2. Professional occupations,72,26,46
S01009109,3. Associate professional and technical occupations,49,30,19
S01009109,4. Administrative and secretarial occupations,61,15,46
S01009109,5. Skilled trades occupations,41,38,3
S01009109,6. Caring leisure and other service occupations,30,7,23
S01009109,7. Sales and customer service occupations,40,12,28
S01009109,8. Process plant and machine operatives,29,26,3
S01009109,9. Elementary occupations,26,15,11
S01009110,All people aged 16 to 74 in employment,289,146,143
S01009110,1. Managers directors and senior officials,10,5,5
S01009110,2. Professional occupations,42,13,29
S01009110,3. Associate professional and technical occupations,27,19,8
S01009110,4. Administrative and secretarial occupations,37,7,30
S01009110,5. Skilled trades occupations,37,36,1
S01009110,6. Caring leisure and other service occupations,38,4,34
S01009110,7. Sales and customer service occupations,39,16,23
S01009110,8. Process plant and machine operatives,30,29,1
S01009110,9. Elementary occupations,29,17,12
S01009111,All people aged 16 to 74 in employment,511,255,256
S01009111,1. Managers directors and senior officials,44,28,16
S01009111,2. Professional occupations,92,29,63
S01009111,3. Associate professional and technical occupations,72,46,26
S01009111,4. Administrative and secretarial occupations,75,11,64
S01009111,5. Skilled trades occupations,59,55,4
S01009111,6. Caring leisure and other service occupations,35,4,31
S01009111,7. Sales and customer service occupations,60,26,34
S01009111,8. Process plant and machine operatives,33,31,2
S01009111,9. Elementary occupations,41,25,16
S01009112,All people aged 16 to 74 in employment,273,146,127
S01009112,1. Managers directors and senior officials,36,25,11
S01009112,2. Professional occupations,55,27,28
S01009112,3. Associate professional and technical occupations,35,23,12
S01009112,4. Administrative and secretarial occupations,39,8,31
S01009112,5. Skilled trades occupations,33,29,4
S01009112,6. Caring leisure and other service occupations,24,5,19
S01009112,7. Sales and customer service occupations,26,11,15
S01009112,8. Process plant and machine operatives,15,11,4
S01009112,9. Elementary occupations,10,7,3
S01009113,All people aged 16 to 74 in employment,465,261,204
S01009113,1. Managers directors and senior officials,51,28,23
S01009113,2. Professional occupations,66,32,34
S01009113,3. Associate professional and technical occupations,77,52,25
S01009113,4. Administrative and secretarial occupations,64,16,48
S01009113,5. Skilled trades occupations,59,55,4
S01009113,6. Caring leisure and other service occupations,36,4,32
S01009113,7. Sales and customer service occupations,40,14,26
S01009113,8. Process plant and machine operatives,46,41,5
S01009113,9. Elementary occupations,26,19,7
S01009114,All people aged 16 to 74 in employment,448,232,216
S01009114,1. Managers directors and senior officials,39,26,13
S01009114,2. Professional occupations,60,16,44
S01009114,3. Associate professional and technical occupations,66,37,29
S01009114,4. Administrative and secretarial occupations,55,10,45
S01009114,5. Skilled trades occupations,62,57,5
S01009114,6. Caring leisure and other service occupations,38,5,33
S01009114,7. Sales and customer service occupations,44,14,30
S01009114,8. Process plant and machine operatives,40,39,1
S01009114,9. Elementary occupations,44,28,16
S01009115,All people aged 16 to 74 in employment,340,162,178
S01009115,1. Managers directors and senior officials,15,7,8
S01009115,2. Professional occupations,60,23,37
S01009115,3. Associate professional and technical occupations,54,35,19
S01009115,4. Administrative and secretarial occupations,41,11,30
S01009115,5. Skilled trades occupations,41,37,4
S01009115,6. Caring leisure and other service occupations,38,5,33
S01009115,7. Sales and customer service occupations,33,5,28
S01009115,8. Process plant and machine operatives,26,25,1
S01009115,9. Elementary occupations,32,14,18
S01009116,All people aged 16 to 74 in employment,265,132,133
S01009116,1. Managers directors and senior officials,24,17,7
S01009116,2. Professional occupations,41,16,25
S01009116,3. Associate professional and technical occupations,33,20,13
S01009116,4. Administrative and secretarial occupations,41,4,37
S01009116,5. Skilled trades occupations,31,31,0
S01009116,6. Caring leisure and other service occupations,30,6,24
S01009116,7. Sales and customer service occupations,27,8,19
S01009116,8. Process plant and machine operatives,19,19,0
S01009116,9. Elementary occupations,19,11,8
S01009117,All people aged 16 to 74 in employment,450,219,231
S01009117,1. Managers directors and senior officials,25,17,8
S01009117,2. Professional occupations,52,19,33
S01009117,3. Associate professional and technical occupations,50,33,17
S01009117,4. Administrative and secretarial occupations,73,15,58
S01009117,5. Skilled trades occupations,56,53,3
S01009117,6. Caring leisure and other service occupations,58,9,49
S01009117,7. Sales and customer service occupations,47,9,38
S01009117,8. Process plant and machine operatives,33,30,3
S01009117,9. Elementary occupations,56,34,22
S01009118,All people aged 16 to 74 in employment,376,196,180
S01009118,1. Managers directors and senior officials,32,19,13
S01009118,2. Professional occupations,58,17,41
S01009118,3. Associate professional and technical occupations,67,47,20
S01009118,4. Administrative and secretarial occupations,53,6,47
S01009118,5. Skilled trades occupations,51,50,1
S01009118,6. Caring leisure and other service occupations,27,1,26
S01009118,7. Sales and customer service occupations,29,10,19
S01009118,8. Process plant and machine operatives,29,29,0
S01009118,9. Elementary occupations,30,17,13
S01009119,All people aged 16 to 74 in employment,335,177,158
S01009119,1. Managers directors and senior officials,8,4,4
S01009119,2. Professional occupations,22,10,12
S01009119,3. Associate professional and technical occupations,22,13,9
S01009119,4. Administrative and secretarial occupations,34,12,22
S01009119,5. Skilled trades occupations,59,53,6
S01009119,6. Caring leisure and other service occupations,50,5,45
S01009119,7. Sales and customer service occupations,34,4,30
S01009119,8. Process plant and machine operatives,44,41,3
S01009119,9. Elementary occupations,62,35,27
S01009120,All people aged 16 to 74 in employment,260,136,124
S01009120,1. Managers directors and senior officials,4,3,1
S01009120,2. Professional occupations,24,12,12
S01009120,3. Associate professional and technical occupations,30,20,10
S01009120,4. Administrative and secretarial occupations,19,3,16
S01009120,5. Skilled trades occupations,39,36,3
S01009120,6. Caring leisure and other service occupations,28,1,27
S01009120,7. Sales and customer service occupations,42,14,28
S01009120,8. Process plant and machine operatives,33,29,4
S01009120,9. Elementary occupations,41,18,23
S01009121,All people aged 16 to 74 in employment,420,219,201
S01009121,1. Managers directors and senior officials,23,9,14
S01009121,2. Professional occupations,30,17,13
S01009121,3. Associate professional and technical occupations,35,23,12
S01009121,4. Administrative and secretarial occupations,60,10,50
S01009121,5. Skilled trades occupations,53,48,5
S01009121,6. Caring leisure and other service occupations,44,6,38
S01009121,7. Sales and customer service occupations,50,14,36
S01009121,8. Process plant and machine operatives,54,48,6
S01009121,9. Elementary occupations,71,44,27
S01009122,All people aged 16 to 74 in employment,460,235,225
S01009122,1. Managers directors and senior officials,51,32,19
S01009122,2. Professional occupations,57,24,33
S01009122,3. Associate professional and technical occupations,68,34,34
S01009122,4. Administrative and secretarial occupations,44,7,37
S01009122,5. Skilled trades occupations,66,57,9
S01009122,6. Caring leisure and other service occupations,45,6,39
S01009122,7. Sales and customer service occupations,40,11,29
S01009122,8. Process plant and machine operatives,34,32,2
S01009122,9. Elementary occupations,55,32,23
S01009123,All people aged 16 to 74 in employment,304,156,148
S01009123,1. Managers directors and senior officials,48,32,16
S01009123,2. Professional occupations,60,29,31
S01009123,3. Associate professional and technical occupations,56,26,30
S01009123,4. Administrative and secretarial occupations,28,5,23
S01009123,5. Skilled trades occupations,31,31,0
S01009123,6. Caring leisure and other service occupations,22,4,18
S01009123,7. Sales and customer service occupations,17,4,13
S01009123,8. Process plant and machine operatives,18,15,3
S01009123,9. Elementary occupations,24,10,14
S01009124,All people aged 16 to 74 in employment,295,138,157
S01009124,1. Managers directors and senior officials,23,17,6
S01009124,2. Professional occupations,33,15,18
S01009124,3. Associate professional and technical occupations,44,20,24
S01009124,4. Administrative and secretarial occupations,42,3,39
S01009124,5. Skilled trades occupations,37,31,6
S01009124,6. Caring leisure and other service occupations,32,4,28
S01009124,7. Sales and customer service occupations,24,4,20
S01009124,8. Process plant and machine operatives,30,27,3
S01009124,9. Elementary occupations,30,17,13
S01009125,All people aged 16 to 74 in employment,296,154,142
S01009125,1. Managers directors and senior officials,19,15,4
S01009125,2. Professional occupations,40,18,22
S01009125,3. Associate professional and technical occupations,26,14,12
S01009125,4. Administrative and secretarial occupations,23,4,19
S01009125,5. Skilled trades occupations,36,33,3
S01009125,6. Caring leisure and other service occupations,31,4,27
S01009125,7. Sales and customer service occupations,28,6,22
S01009125,8. Process plant and machine operatives,41,39,2
S01009125,9. Elementary occupations,52,21,31
S01009126,All people aged 16 to 74 in employment,228,113,115
S01009126,1. Managers directors and senior officials,12,7,5
S01009126,2. Professional occupations,6,1,5
S01009126,3. Associate professional and technical occupations,15,9,6
S01009126,4. Administrative and secretarial occupations,20,3,17
S01009126,5. Skilled trades occupations,32,28,4
S01009126,6. Caring leisure and other service occupations,35,9,26
S01009126,7. Sales and customer service occupations,23,6,17
S01009126,8. Process plant and machine operatives,27,19,8
S01009126,9. Elementary occupations,58,31,27
S01009127,All people aged 16 to 74 in employment,248,117,131
S01009127,1. Managers directors and senior officials,13,6,7
S01009127,2. Professional occupations,13,3,10
S01009127,3. Associate professional and technical occupations,23,17,6
S01009127,4. Administrative and secretarial occupations,25,3,22
S01009127,5. Skilled trades occupations,30,26,4
S01009127,6. Caring leisure and other service occupations,35,8,27
S01009127,7. Sales and customer service occupations,29,5,24
S01009127,8. Process plant and machine operatives,33,28,5
S01009127,9. Elementary occupations,47,21,26
S01009128,All people aged 16 to 74 in employment,312,166,146
S01009128,1. Managers directors and senior officials,12,8,4
S01009128,2. Professional occupations,15,5,10
S01009128,3. Associate professional and technical occupations,23,19,4
S01009128,4. Administrative and secretarial occupations,27,9,18
S01009128,5. Skilled trades occupations,50,47,3
S01009128,6. Caring leisure and other service occupations,39,3,36
S01009128,7. Sales and customer service occupations,47,11,36
S01009128,8. Process plant and machine operatives,31,28,3
S01009128,9. Elementary occupations,68,36,32
S01009129,All people aged 16 to 74 in employment,211,102,109
S01009129,1. Managers directors and senior officials,10,7,3
S01009129,2. Professional occupations,9,1,8
S01009129,3. Associate professional and technical occupations,23,12,11
S01009129,4. Administrative and secretarial occupations,21,5,16
S01009129,5. Skilled trades occupations,23,19,4
S01009129,6. Caring leisure and other service occupations,28,2,26
S01009129,7. Sales and customer service occupations,28,9,19
S01009129,8. Process plant and machine operatives,28,25,3
S01009129,9. Elementary occupations,41,22,19
S01009130,All people aged 16 to 74 in employment,317,165,152
S01009130,1. Managers directors and senior officials,24,13,11
S01009130,2. Professional occupations,37,14,23
S01009130,3. Associate professional and technical occupations,47,32,15
S01009130,4. Administrative and secretarial occupations,26,5,21
S01009130,5. Skilled trades occupations,38,37,1
S01009130,6. Caring leisure and other service occupations,29,1,28
S01009130,7. Sales and customer service occupations,29,10,19
S01009130,8. Process plant and machine operatives,37,33,4
S01009130,9. Elementary occupations,50,20,30
S01009131,All people aged 16 to 74 in employment,235,121,114
S01009131,1. Managers directors and senior officials,14,8,6
S01009131,2. Professional occupations,20,6,14
S01009131,3. Associate professional and technical occupations,16,10,6
S01009131,4. Administrative and secretarial occupations,28,6,22
S01009131,5. Skilled trades occupations,29,22,7
S01009131,6. Caring leisure and other service occupations,25,6,19
S01009131,7. Sales and customer service occupations,27,9,18
S01009131,8. Process plant and machine operatives,32,30,2
S01009131,9. Elementary occupations,44,24,20
S01009132,All people aged 16 to 74 in employment,467,252,215
S01009132,1. Managers directors and senior officials,49,36,13
S01009132,2. Professional occupations,83,36,47
S01009132,3. Associate professional and technical occupations,77,45,32
S01009132,4. Administrative and secretarial occupations,66,23,43
S01009132,5. Skilled trades occupations,47,43,4
S01009132,6. Caring leisure and other service occupations,36,4,32
S01009132,7. Sales and customer service occupations,41,16,25
S01009132,8. Process plant and machine operatives,34,34,0
S01009132,9. Elementary occupations,34,15,19
S01009133,All people aged 16 to 74 in employment,275,155,120
S01009133,1. Managers directors and senior officials,19,12,7
S01009133,2. Professional occupations,12,5,7
S01009133,3. Associate professional and technical occupations,23,17,6
S01009133,4. Administrative and secretarial occupations,28,6,22
S01009133,5. Skilled trades occupations,43,42,1
S01009133,6. Caring leisure and other service occupations,28,4,24
S01009133,7. Sales and customer service occupations,22,3,19
S01009133,8. Process plant and machine operatives,32,26,6
S01009133,9. Elementary occupations,68,40,28
S01009134,All people aged 16 to 74 in employment,474,245,229
S01009134,1. Managers directors and senior officials,42,29,13
S01009134,2. Professional occupations,60,19,41
S01009134,3. Associate professional and technical occupations,64,41,23
S01009134,4. Administrative and secretarial occupations,64,21,43
S01009134,5. Skilled trades occupations,64,60,4
S01009134,6. Caring leisure and other service occupations,48,7,41
S01009134,7. Sales and customer service occupations,43,10,33
S01009134,8. Process plant and machine operatives,39,35,4
S01009134,9. Elementary occupations,50,23,27
S01009135,All people aged 16 to 74 in employment,346,177,169
S01009135,1. Managers directors and senior officials,24,17,7
S01009135,2. Professional occupations,64,23,41
S01009135,3. Associate professional and technical occupations,48,22,26
S01009135,4. Administrative and secretarial occupations,48,10,38
S01009135,5. Skilled trades occupations,36,33,3
S01009135,6. Caring leisure and other service occupations,28,6,22
S01009135,7. Sales and customer service occupations,37,16,21
S01009135,8. Process plant and machine operatives,22,21,1
S01009135,9. Elementary occupations,39,29,10
S01009136,All people aged 16 to 74 in employment,388,194,194
S01009136,1. Managers directors and senior officials,53,38,15
S01009136,2. Professional occupations,68,30,38
S01009136,3. Associate professional and technical occupations,72,41,31
S01009136,4. Administrative and secretarial occupations,47,8,39
S01009136,5. Skilled trades occupations,33,32,1
S01009136,6. Caring leisure and other service occupations,41,4,37
S01009136,7. Sales and customer service occupations,33,12,21
S01009136,8. Process plant and machine operatives,15,14,1
S01009136,9. Elementary occupations,26,15,11
S01009137,All people aged 16 to 74 in employment,386,195,191
S01009137,1. Managers directors and senior officials,57,37,20
S01009137,2. Professional occupations,88,37,51
S01009137,3. Associate professional and technical occupations,73,48,25
S01009137,4. Administrative and secretarial occupations,57,9,48
S01009137,5. Skilled trades occupations,39,37,2
S01009137,6. Caring leisure and other service occupations,23,3,20
S01009137,7. Sales and customer service occupations,22,9,13
S01009137,8. Process plant and machine operatives,12,8,4
S01009137,9. Elementary occupations,15,7,8
S01009138,All people aged 16 to 74 in employment,487,257,230
S01009138,1. Managers directors and senior officials,48,35,13
S01009138,2. Professional occupations,101,39,62
S01009138,3. Associate professional and technical occupations,74,40,34
S01009138,4. Administrative and secretarial occupations,65,15,50
S01009138,5. Skilled trades occupations,57,55,2
S01009138,6. Caring leisure and other service occupations,39,7,32
S01009138,7. Sales and customer service occupations,34,10,24
S01009138,8. Process plant and machine operatives,38,35,3
S01009138,9. Elementary occupations,31,21,10
S01009139,All people aged 16 to 74 in employment,214,111,103
S01009139,1. Managers directors and senior officials,10,7,3
S01009139,2. Professional occupations,20,9,11
S01009139,3. Associate professional and technical occupations,27,18,9
S01009139,4. Administrative and secretarial occupations,33,15,18
S01009139,5. Skilled trades occupations,23,16,7
S01009139,6. Caring leisure and other service occupations,24,6,18
S01009139,7. Sales and customer service occupations,23,7,16
S01009139,8. Process plant and machine operatives,14,13,1
S01009139,9. Elementary occupations,40,20,20
S01009140,All people aged 16 to 74 in employment,363,198,165
S01009140,1. Managers directors and senior officials,23,13,10
S01009140,2. Professional occupations,44,18,26
S01009140,3. Associate professional and technical occupations,53,37,16
S01009140,4. Administrative and secretarial occupations,34,5,29
S01009140,5. Skilled trades occupations,48,45,3
S01009140,6. Caring leisure and other service occupations,38,8,30
S01009140,7. Sales and customer service occupations,34,12,22
S01009140,8. Process plant and machine operatives,40,33,7
S01009140,9. Elementary occupations,49,27,22
S01009141,All people aged 16 to 74 in employment,383,199,184
S01009141,1. Managers directors and senior officials,32,20,12
S01009141,2. Professional occupations,40,16,24
S01009141,3. Associate professional and technical occupations,43,26,17
S01009141,4. Administrative and secretarial occupations,55,10,45
S01009141,5. Skilled trades occupations,59,55,4
S01009141,6. Caring leisure and other service occupations,33,3,30
S01009141,7. Sales and customer service occupations,38,11,27
S01009141,8. Process plant and machine operatives,31,28,3
S01009141,9. Elementary occupations,52,30,22
S01009142,All people aged 16 to 74 in employment,296,184,112
S01009142,1. Managers directors and senior officials,20,12,8
S01009142,2. Professional occupations,30,18,12
S01009142,3. Associate professional and technical occupations,33,21,12
S01009142,4. Administrative and secretarial occupations,28,11,17
S01009142,5. Skilled trades occupations,45,40,5
S01009142,6. Caring leisure and other service occupations,15,4,11
S01009142,7. Sales and customer service occupations,34,14,20
S01009142,8. Process plant and machine operatives,37,31,6
S01009142,9. Elementary occupations,54,33,21
S01009143,All people aged 16 to 74 in employment,244,121,123
S01009143,1. Managers directors and senior officials,13,7,6
S01009143,2. Professional occupations,10,4,6
S01009143,3. Associate professional and technical occupations,14,8,6
S01009143,4. Administrative and secretarial occupations,35,8,27
S01009143,5. Skilled trades occupations,39,35,4
S01009143,6. Caring leisure and other service occupations,29,4,25
S01009143,7. Sales and customer service occupations,29,8,21
S01009143,8. Process plant and machine operatives,28,25,3
S01009143,9. Elementary occupations,47,22,25
S01009144,All people aged 16 to 74 in employment,451,237,214
S01009144,1. Managers directors and senior officials,33,23,10
S01009144,2. Professional occupations,85,40,45
S01009144,3. Associate professional and technical occupations,63,44,19
S01009144,4. Administrative and secretarial occupations,69,15,54
S01009144,5. Skilled trades occupations,64,58,6
S01009144,6. Caring leisure and other service occupations,22,2,20
S01009144,7. Sales and customer service occupations,48,9,39
S01009144,8. Process plant and machine operatives,31,26,5
S01009144,9. Elementary occupations,36,20,16
S01009145,All people aged 16 to 74 in employment,458,247,211
S01009145,1. Managers directors and senior officials,19,10,9
S01009145,2. Professional occupations,39,18,21
S01009145,3. Associate professional and technical occupations,49,32,17
S01009145,4. Administrative and secretarial occupations,58,11,47
S01009145,5. Skilled trades occupations,69,64,5
S01009145,6. Caring leisure and other service occupations,64,10,54
S01009145,7. Sales and customer service occupations,45,17,28
S01009145,8. Process plant and machine operatives,58,54,4
S01009145,9. Elementary occupations,57,31,26
S01009146,All people aged 16 to 74 in employment,447,231,216
S01009146,1. Managers directors and senior officials,24,13,11
S01009146,2. Professional occupations,40,15,25
S01009146,3. Associate professional and technical occupations,45,27,18
S01009146,4. Administrative and secretarial occupations,52,11,41
S01009146,5. Skilled trades occupations,50,43,7
S01009146,6. Caring leisure and other service occupations,54,7,47
S01009146,7. Sales and customer service occupations,50,16,34
S01009146,8. Process plant and machine operatives,58,53,5
S01009146,9. Elementary occupations,74,46,28
S01009147,All people aged 16 to 74 in employment,331,170,161
S01009147,1. Managers directors and senior officials,13,8,5
S01009147,2. Professional occupations,23,11,12
S01009147,3. Associate professional and technical occupations,24,15,9
S01009147,4. Administrative and secretarial occupations,41,7,34
S01009147,5. Skilled trades occupations,60,57,3
S01009147,6. Caring leisure and other service occupations,39,7,32
S01009147,7. Sales and customer service occupations,37,11,26
S01009147,8. Process plant and machine operatives,26,23,3
S01009147,9. Elementary occupations,68,31,37
S01009148,All people aged 16 to 74 in employment,313,158,155
S01009148,1. Managers directors and senior officials,20,10,10
S01009148,2. Professional occupations,12,3,9
S01009148,3. Associate professional and technical occupations,20,13,7
S01009148,4. Administrative and secretarial occupations,21,5,16
S01009148,5. Skilled trades occupations,46,39,7
S01009148,6. Caring leisure and other service occupations,23,2,21
S01009148,7. Sales and customer service occupations,42,9,33
S01009148,8. Process plant and machine operatives,58,47,11
S01009148,9. Elementary occupations,71,30,41
S01009149,All people aged 16 to 74 in employment,414,216,198
S01009149,1. Managers directors and senior officials,39,18,21
S01009149,2. Professional occupations,59,23,36
S01009149,3. Associate professional and technical occupations,74,46,28
S01009149,4. Administrative and secretarial occupations,48,10,38
S01009149,5. Skilled trades occupations,42,41,1
S01009149,6. Caring leisure and other service occupations,25,6,19
S01009149,7. Sales and customer service occupations,47,19,28
S01009149,8. Process plant and machine operatives,39,37,2
S01009149,9. Elementary occupations,41,16,25
S01009150,All people aged 16 to 74 in employment,93,50,43
S01009150,1. Managers directors and senior officials,9,6,3
S01009150,2. Professional occupations,5,3,2
S01009150,3. Associate professional and technical occupations,3,0,3
S01009150,4. Administrative and secretarial occupations,14,3,11
S01009150,5. Skilled trades occupations,9,9,0
S01009150,6. Caring leisure and other service occupations,9,1,8
S01009150,7. Sales and customer service occupations,10,4,6
S01009150,8. Process plant and machine operatives,12,12,0
S01009150,9. Elementary occupations,22,12,10
S01009151,All people aged 16 to 74 in employment,341,181,160
S01009151,1. Managers directors and senior officials,33,20,13
S01009151,2. Professional occupations,81,39,42
S01009151,3. Associate professional and technical occupations,35,22,13
S01009151,4. Administrative and secretarial occupations,48,16,32
S01009151,5. Skilled trades occupations,31,31,0
S01009151,6. Caring leisure and other service occupations,27,4,23
S01009151,7. Sales and customer service occupations,34,15,19
S01009151,8. Process plant and machine operatives,25,19,6
S01009151,9. Elementary occupations,27,15,12
S01009152,All people aged 16 to 74 in employment,291,176,115
S01009152,1. Managers directors and senior officials,15,8,7
S01009152,2. Professional occupations,36,22,14
S01009152,3. Associate professional and technical occupations,28,15,13
S01009152,4. Administrative and secretarial occupations,43,13,30
S01009152,5. Skilled trades occupations,39,36,3
S01009152,6. Caring leisure and other service occupations,26,8,18
S01009152,7. Sales and customer service occupations,28,14,14
S01009152,8. Process plant and machine operatives,27,26,1
S01009152,9. Elementary occupations,49,34,15
S01009153,All people aged 16 to 74 in employment,277,167,110
S01009153,1. Managers directors and senior officials,19,10,9
S01009153,2. Professional occupations,49,25,24
S01009153,3. Associate professional and technical occupations,52,34,18
S01009153,4. Administrative and secretarial occupations,35,16,19
S01009153,5. Skilled trades occupations,32,31,1
S01009153,6. Caring leisure and other service occupations,19,7,12
S01009153,7. Sales and customer service occupations,30,11,19
S01009153,8. Process plant and machine operatives,16,13,3
S01009153,9. Elementary occupations,25,20,5
S01009154,All people aged 16 to 74 in employment,460,252,208
S01009154,1. Managers directors and senior officials,68,42,26
S01009154,2. Professional occupations,114,57,57
S01009154,3. Associate professional and technical occupations,65,39,26
S01009154,4. Administrative and secretarial occupations,57,13,44
S01009154,5. Skilled trades occupations,45,44,1
S01009154,6. Caring leisure and other service occupations,28,7,21
S01009154,7. Sales and customer service occupations,33,14,19
S01009154,8. Process plant and machine operatives,27,24,3
S01009154,9. Elementary occupations,23,12,11
S01009155,All people aged 16 to 74 in employment,259,134,125
S01009155,1. Managers directors and senior officials,37,24,13
S01009155,2. Professional occupations,70,34,36
S01009155,3. Associate professional and technical occupations,56,32,24
S01009155,4. Administrative and secretarial occupations,23,4,19
S01009155,5. Skilled trades occupations,18,16,2
S01009155,6. Caring leisure and other service occupations,14,2,12
S01009155,7. Sales and customer service occupations,19,7,12
S01009155,8. Process plant and machine operatives,8,8,0
S01009155,9. Elementary occupations,14,7,7
S01009156,All people aged 16 to 74 in employment,259,138,121
S01009156,1. Managers directors and senior officials,26,19,7
S01009156,2. Professional occupations,84,43,41
S01009156,3. Associate professional and technical occupations,41,22,19
S01009156,4. Administrative and secretarial occupations,31,12,19
S01009156,5. Skilled trades occupations,19,18,1
S01009156,6. Caring leisure and other service occupations,18,4,14
S01009156,7. Sales and customer service occupations,19,9,10
S01009156,8. Process plant and machine operatives,8,7,1
S01009156,9. Elementary occupations,13,4,9
S01009157,All people aged 16 to 74 in employment,401,200,201
S01009157,1. Managers directors and senior officials,19,9,10
S01009157,2. Professional occupations,54,26,28
S01009157,3. Associate professional and technical occupations,43,26,17
S01009157,4. Administrative and secretarial occupations,40,4,36
S01009157,5. Skilled trades occupations,58,50,8
S01009157,6. Caring leisure and other service occupations,52,10,42
S01009157,7. Sales and customer service occupations,47,14,33
S01009157,8. Process plant and machine operatives,36,33,3
S01009157,9. Elementary occupations,52,28,24
S01009158,All people aged 16 to 74 in employment,265,127,138
S01009158,1. Managers directors and senior officials,14,5,9
S01009158,2. Professional occupations,32,15,17
S01009158,3. Associate professional and technical occupations,45,26,19
S01009158,4. Administrative and secretarial occupations,38,9,29
S01009158,5. Skilled trades occupations,27,26,1
S01009158,6. Caring leisure and other service occupations,28,6,22
S01009158,7. Sales and customer service occupations,30,4,26
S01009158,8. Process plant and machine operatives,23,20,3
S01009158,9. Elementary occupations,28,16,12
S01009159,All people aged 16 to 74 in employment,194,92,102
S01009159,1. Managers directors and senior officials,6,4,2
S01009159,2. Professional occupations,7,4,3
S01009159,3. Associate professional and technical occupations,17,7,10
S01009159,4. Administrative and secretarial occupations,17,4,13
S01009159,5. Skilled trades occupations,24,21,3
S01009159,6. Caring leisure and other service occupations,35,5,30
S01009159,7. Sales and customer service occupations,24,5,19
S01009159,8. Process plant and machine operatives,20,20,0
S01009159,9. Elementary occupations,44,22,22
S01009160,All people aged 16 to 74 in employment,303,155,148
S01009160,1. Managers directors and senior officials,19,10,9
S01009160,2. Professional occupations,21,11,10
S01009160,3. Associate professional and technical occupations,28,13,15
S01009160,4. Administrative and secretarial occupations,30,6,24
S01009160,5. Skilled trades occupations,43,40,3
S01009160,6. Caring leisure and other service occupations,27,4,23
S01009160,7. Sales and customer service occupations,28,7,21
S01009160,8. Process plant and machine operatives,40,34,6
S01009160,9. Elementary occupations,67,30,37
S01009161,All people aged 16 to 74 in employment,248,114,134
S01009161,1. Managers directors and senior officials,11,6,5
S01009161,2. Professional occupations,18,6,12
S01009161,3. Associate professional and technical occupations,18,10,8
S01009161,4. Administrative and secretarial occupations,18,2,16
S01009161,5. Skilled trades occupations,23,21,2
S01009161,6. Caring leisure and other service occupations,47,6,41
S01009161,7. Sales and customer service occupations,27,11,16
S01009161,8. Process plant and machine operatives,33,26,7
S01009161,9. Elementary occupations,53,26,27
S01009162,All people aged 16 to 74 in employment,335,175,160
S01009162,1. Managers directors and senior officials,21,14,7
S01009162,2. Professional occupations,24,13,11
S01009162,3. Associate professional and technical occupations,47,27,20
S01009162,4. Administrative and secretarial occupations,33,7,26
S01009162,5. Skilled trades occupations,42,37,5
S01009162,6. Caring leisure and other service occupations,45,14,31
S01009162,7. Sales and customer service occupations,32,6,26
S01009162,8. Process plant and machine operatives,34,28,6
S01009162,9. Elementary occupations,57,29,28
S01009163,All people aged 16 to 74 in employment,226,104,122
S01009163,1. Managers directors and senior officials,17,9,8
S01009163,2. Professional occupations,43,17,26
S01009163,3. Associate professional and technical occupations,26,14,12
S01009163,4. Administrative and secretarial occupations,22,5,17
S01009163,5. Skilled trades occupations,22,20,2
S01009163,6. Caring leisure and other service occupations,32,3,29
S01009163,7. Sales and customer service occupations,19,4,15
S01009163,8. Process plant and machine operatives,17,15,2
S01009163,9. Elementary occupations,28,17,11
S01009164,All people aged 16 to 74 in employment,345,183,162
S01009164,1. Managers directors and senior officials,23,12,11
S01009164,2. Professional occupations,13,5,8
S01009164,3. Associate professional and technical occupations,33,19,14
S01009164,4. Administrative and secretarial occupations,31,7,24
S01009164,5. Skilled trades occupations,52,46,6
S01009164,6. Caring leisure and other service occupations,48,7,41
S01009164,7. Sales and customer service occupations,48,13,35
S01009164,8. Process plant and machine operatives,35,33,2
S01009164,9. Elementary occupations,62,41,21
S01009165,All people aged 16 to 74 in employment,299,150,149
S01009165,1. Managers directors and senior officials,21,11,10
S01009165,2. Professional occupations,22,13,9
S01009165,3. Associate professional and technical occupations,21,10,11
S01009165,4. Administrative and secretarial occupations,27,3,24
S01009165,5. Skilled trades occupations,42,38,4
S01009165,6. Caring leisure and other service occupations,40,8,32
S01009165,7. Sales and customer service occupations,40,10,30
S01009165,8. Process plant and machine operatives,31,26,5
S01009165,9. Elementary occupations,55,31,24
S01009166,All people aged 16 to 74 in employment,341,167,174
S01009166,1. Managers directors and senior officials,10,4,6
S01009166,2. Professional occupations,22,6,16
S01009166,3. Associate professional and technical occupations,24,8,16
S01009166,4. Administrative and secretarial occupations,23,5,18
S01009166,5. Skilled trades occupations,53,49,4
S01009166,6. Caring leisure and other service occupations,41,9,32
S01009166,7. Sales and customer service occupations,42,10,32
S01009166,8. Process plant and machine operatives,33,32,1
S01009166,9. Elementary occupations,93,44,49
S01009167,All people aged 16 to 74 in employment,239,128,111
S01009167,1. Managers directors and senior officials,15,7,8
S01009167,2. Professional occupations,9,5,4
S01009167,3. Associate professional and technical occupations,19,10,9
S01009167,4. Administrative and secretarial occupations,17,7,10
S01009167,5. Skilled trades occupations,38,35,3
S01009167,6. Caring leisure and other service occupations,28,4,24
S01009167,7. Sales and customer service occupations,28,10,18
S01009167,8. Process plant and machine operatives,24,21,3
S01009167,9. Elementary occupations,61,29,32
S01009168,All people aged 16 to 74 in employment,319,177,142
S01009168,1. Managers directors and senior officials,29,22,7
S01009168,2. Professional occupations,55,19,36
S01009168,3. Associate professional and technical occupations,53,36,17
S01009168,4. Administrative and secretarial occupations,40,14,26
S01009168,5. Skilled trades occupations,38,35,3
S01009168,6. Caring leisure and other service occupations,24,5,19
S01009168,7. Sales and customer service occupations,32,9,23
S01009168,8. Process plant and machine operatives,22,19,3
S01009168,9. Elementary occupations,26,18,8
S01009169,All people aged 16 to 74 in employment,256,126,130
S01009169,1. Managers directors and senior officials,11,7,4
S01009169,2. Professional occupations,32,8,24
S01009169,3. Associate professional and technical occupations,23,12,11
S01009169,4. Administrative and secretarial occupations,28,7,21
S01009169,5. Skilled trades occupations,29,27,2
S01009169,6. Caring leisure and other service occupations,37,10,27
S01009169,7. Sales and customer service occupations,30,12,18
S01009169,8. Process plant and machine operatives,29,25,4
S01009169,9. Elementary occupations,37,18,19
S01009170,All people aged 16 to 74 in employment,323,163,160
S01009170,1. Managers directors and senior officials,14,9,5
S01009170,2. Professional occupations,29,14,15
S01009170,3. Associate professional and technical occupations,29,20,9
S01009170,4. Administrative and secretarial occupations,30,3,27
S01009170,5. Skilled trades occupations,36,32,4
S01009170,6. Caring leisure and other service occupations,37,4,33
S01009170,7. Sales and customer service occupations,39,13,26
S01009170,8. Process plant and machine operatives,42,38,4
S01009170,9. Elementary occupations,67,30,37
S01009171,All people aged 16 to 74 in employment,334,179,155
S01009171,1. Managers directors and senior officials,19,12,7
S01009171,2. Professional occupations,24,12,12
S01009171,3. Associate professional and technical occupations,36,15,21
S01009171,4. Administrative and secretarial occupations,36,6,30
S01009171,5. Skilled trades occupations,56,50,6
S01009171,6. Caring leisure and other service occupations,39,7,32
S01009171,7. Sales and customer service occupations,27,10,17
S01009171,8. Process plant and machine operatives,44,43,1
S01009171,9. Elementary occupations,53,24,29
S01009172,All people aged 16 to 74 in employment,348,187,161
S01009172,1. Managers directors and senior officials,43,30,13
S01009172,2. Professional occupations,114,54,60
S01009172,3. Associate professional and technical occupations,70,43,27
S01009172,4. Administrative and secretarial occupations,42,13,29
S01009172,5. Skilled trades occupations,15,14,1
S01009172,6. Caring leisure and other service occupations,18,7,11
S01009172,7. Sales and customer service occupations,15,6,9
S01009172,8. Process plant and machine operatives,9,8,1
S01009172,9. Elementary occupations,22,12,10
S01009173,All people aged 16 to 74 in employment,429,221,208
S01009173,1. Managers directors and senior officials,55,32,23
S01009173,2. Professional occupations,93,44,49
S01009173,3. Associate professional and technical occupations,68,44,24
S01009173,4. Administrative and secretarial occupations,54,7,47
S01009173,5. Skilled trades occupations,36,34,2
S01009173,6. Caring leisure and other service occupations,32,6,26
S01009173,7. Sales and customer service occupations,47,19,28
S01009173,8. Process plant and machine operatives,27,24,3
S01009173,9. Elementary occupations,17,11,6
S01009174,All people aged 16 to 74 in employment,291,153,138
S01009174,1. Managers directors and senior officials,49,32,17
S01009174,2. Professional occupations,74,30,44
S01009174,3. Associate professional and technical occupations,53,34,19
S01009174,4. Administrative and secretarial occupations,33,8,25
S01009174,5. Skilled trades occupations,22,22,0
S01009174,6. Caring leisure and other service occupations,16,2,14
S01009174,7. Sales and customer service occupations,16,6,10
S01009174,8. Process plant and machine operatives,14,12,2
S01009174,9. Elementary occupations,14,7,7
S01009175,All people aged 16 to 74 in employment,514,261,253
S01009175,1. Managers directors and senior officials,70,46,24
S01009175,2. Professional occupations,146,76,70
S01009175,3. Associate professional and technical occupations,73,41,32
S01009175,4. Administrative and secretarial occupations,79,14,65
S01009175,5. Skilled trades occupations,33,31,2
S01009175,6. Caring leisure and other service occupations,30,5,25
S01009175,7. Sales and customer service occupations,43,19,24
S01009175,8. Process plant and machine operatives,23,22,1
S01009175,9. Elementary occupations,17,7,10
S01009176,All people aged 16 to 74 in employment,474,244,230
S01009176,1. Managers directors and senior officials,61,41,20
S01009176,2. Professional occupations,126,55,71
S01009176,3. Associate professional and technical occupations,90,53,37
S01009176,4. Administrative and secretarial occupations,59,12,47
S01009176,5. Skilled trades occupations,47,40,7
S01009176,6. Caring leisure and other service occupations,28,6,22
S01009176,7. Sales and customer service occupations,30,12,18
S01009176,8. Process plant and machine operatives,17,15,2
S01009176,9. Elementary occupations,16,10,6
S01009177,All people aged 16 to 74 in employment,387,185,202
S01009177,1. Managers directors and senior officials,23,13,10
S01009177,2. Professional occupations,24,9,15
S01009177,3. Associate professional and technical occupations,42,22,20
S01009177,4. Administrative and secretarial occupations,49,9,40
S01009177,5. Skilled trades occupations,67,57,10
S01009177,6. Caring leisure and other service occupations,39,4,35
S01009177,7. Sales and customer service occupations,43,11,32
S01009177,8. Process plant and machine operatives,44,38,6
S01009177,9. Elementary occupations,56,22,34
S01009178,All people aged 16 to 74 in employment,330,160,170
S01009178,1. Managers directors and senior officials,22,11,11
S01009178,2. Professional occupations,22,5,17
S01009178,3. Associate professional and technical occupations,24,17,7
S01009178,4. Administrative and secretarial occupations,33,6,27
S01009178,5. Skilled trades occupations,52,48,4
S01009178,6. Caring leisure and other service occupations,43,5,38
S01009178,7. Sales and customer service occupations,42,13,29
S01009178,8. Process plant and machine operatives,29,24,5
S01009178,9. Elementary occupations,63,31,32
S01009179,All people aged 16 to 74 in employment,324,158,166
S01009179,1. Managers directors and senior officials,12,9,3
S01009179,2. Professional occupations,28,9,19
S01009179,3. Associate professional and technical occupations,40,20,20
S01009179,4. Administrative and secretarial occupations,48,11,37
S01009179,5. Skilled trades occupations,37,34,3
S01009179,6. Caring leisure and other service occupations,40,8,32
S01009179,7. Sales and customer service occupations,38,16,22
S01009179,8. Process plant and machine operatives,27,24,3
S01009179,9. Elementary occupations,54,27,27
S01009180,All people aged 16 to 74 in employment,467,248,219
S01009180,1. Managers directors and senior officials,18,12,6
S01009180,2. Professional occupations,29,11,18
S01009180,3. Associate professional and technical occupations,41,25,16
S01009180,4. Administrative and secretarial occupations,57,10,47
S01009180,5. Skilled trades occupations,75,70,5
S01009180,6. Caring leisure and other service occupations,63,8,55
S01009180,7. Sales and customer service occupations,57,27,30
S01009180,8. Process plant and machine operatives,43,43,0
S01009180,9. Elementary occupations,84,42,42
S01009181,All people aged 16 to 74 in employment,408,206,202
S01009181,1. Managers directors and senior officials,23,10,13
S01009181,2. Professional occupations,22,10,12
S01009181,3. Associate professional and technical occupations,38,22,16
S01009181,4. Administrative and secretarial occupations,37,6,31
S01009181,5. Skilled trades occupations,69,61,8
S01009181,6. Caring leisure and other service occupations,57,6,51
S01009181,7. Sales and customer service occupations,37,9,28
S01009181,8. Process plant and machine operatives,45,42,3
S01009181,9. Elementary occupations,80,40,40
S01009182,All people aged 16 to 74 in employment,536,282,254
S01009182,1. Managers directors and senior officials,45,24,21
S01009182,2. Professional occupations,68,26,42
S01009182,3. Associate professional and technical occupations,92,59,33
S01009182,4. Administrative and secretarial occupations,61,9,52
S01009182,5. Skilled trades occupations,67,63,4
S01009182,6. Caring leisure and other service occupations,53,10,43
S01009182,7. Sales and customer service occupations,41,11,30
S01009182,8. Process plant and machine operatives,51,47,4
S01009182,9. Elementary occupations,58,33,25
S01009183,All people aged 16 to 74 in employment,459,238,221
S01009183,1. Managers directors and senior officials,39,25,14
S01009183,2. Professional occupations,74,26,48
S01009183,3. Associate professional and technical occupations,79,46,33
S01009183,4. Administrative and secretarial occupations,62,11,51
S01009183,5. Skilled trades occupations,63,59,4
S01009183,6. Caring leisure and other service occupations,40,12,28
S01009183,7. Sales and customer service occupations,39,10,29
S01009183,8. Process plant and machine operatives,32,29,3
S01009183,9. Elementary occupations,31,20,11
S01009184,All people aged 16 to 74 in employment,356,184,172
S01009184,1. Managers directors and senior officials,27,14,13
S01009184,2. Professional occupations,41,22,19
S01009184,3. Associate professional and technical occupations,33,13,20
S01009184,4. Administrative and secretarial occupations,35,1,34
S01009184,5. Skilled trades occupations,69,64,5
S01009184,6. Caring leisure and other service occupations,37,3,34
S01009184,7. Sales and customer service occupations,35,10,25
S01009184,8. Process plant and machine operatives,40,35,5
S01009184,9. Elementary occupations,39,22,17
S01009185,All people aged 16 to 74 in employment,399,209,190
S01009185,1. Managers directors and senior officials,26,18,8
S01009185,2. Professional occupations,36,18,18
S01009185,3. Associate professional and technical occupations,39,22,17
S01009185,4. Administrative and secretarial occupations,49,13,36
S01009185,5. Skilled trades occupations,59,49,10
S01009185,6. Caring leisure and other service occupations,47,5,42
S01009185,7. Sales and customer service occupations,34,9,25
S01009185,8. Process plant and machine operatives,50,45,5
S01009185,9. Elementary occupations,59,30,29
S01009186,All people aged 16 to 74 in employment,388,212,176
S01009186,1. Managers directors and senior officials,27,16,11
S01009186,2. Professional occupations,46,20,26
S01009186,3. Associate professional and technical occupations,53,32,21
S01009186,4. Administrative and secretarial occupations,34,6,28
S01009186,5. Skilled trades occupations,66,61,5
S01009186,6. Caring leisure and other service occupations,43,4,39
S01009186,7. Sales and customer service occupations,36,14,22
S01009186,8. Process plant and machine operatives,39,36,3
S01009186,9. Elementary occupations,44,23,21
S01009187,All people aged 16 to 74 in employment,251,130,121
S01009187,1. Managers directors and senior officials,38,23,15
S01009187,2. Professional occupations,46,21,25
S01009187,3. Associate professional and technical occupations,39,20,19
S01009187,4. Administrative and secretarial occupations,29,4,25
S01009187,5. Skilled trades occupations,30,24,6
S01009187,6. Caring leisure and other service occupations,15,4,11
S01009187,7. Sales and customer service occupations,12,3,9
S01009187,8. Process plant and machine operatives,20,18,2
S01009187,9. Elementary occupations,22,13,9
S01009188,All people aged 16 to 74 in employment,434,217,217
S01009188,1. Managers directors and senior officials,41,25,16
S01009188,2. Professional occupations,61,24,37
S01009188,3. Associate professional and technical occupations,32,16,16
S01009188,4. Administrative and secretarial occupations,47,8,39
S01009188,5. Skilled trades occupations,72,63,9
S01009188,6. Caring leisure and other service occupations,32,2,30
S01009188,7. Sales and customer service occupations,50,7,43
S01009188,8. Process plant and machine operatives,62,55,7
S01009188,9. Elementary occupations,37,17,20
S01009189,All people aged 16 to 74 in employment,329,179,150
S01009189,1. Managers directors and senior officials,13,5,8
S01009189,2. Professional occupations,21,13,8
S01009189,3. Associate professional and technical occupations,27,18,9
S01009189,4. Administrative and secretarial occupations,33,2,31
S01009189,5. Skilled trades occupations,49,43,6
S01009189,6. Caring leisure and other service occupations,37,3,34
S01009189,7. Sales and customer service occupations,34,11,23
S01009189,8. Process plant and machine operatives,56,48,8
S01009189,9. Elementary occupations,59,36,23
S01009190,All people aged 16 to 74 in employment,478,256,222
S01009190,1. Managers directors and senior officials,43,32,11
S01009190,2. Professional occupations,86,35,51
S01009190,3. Associate professional and technical occupations,93,60,33
S01009190,4. Administrative and secretarial occupations,77,16,61
S01009190,5. Skilled trades occupations,59,53,6
S01009190,6. Caring leisure and other service occupations,32,4,28
S01009190,7. Sales and customer service occupations,34,15,19
S01009190,8. Process plant and machine operatives,25,23,2
S01009190,9. Elementary occupations,29,18,11
S01009191,All people aged 16 to 74 in employment,415,212,203
S01009191,1. Managers directors and senior officials,61,37,24
S01009191,2. Professional occupations,100,44,56
S01009191,3. Associate professional and technical occupations,80,49,31
S01009191,4. Administrative and secretarial occupations,42,12,30
S01009191,5. Skilled trades occupations,25,24,1
S01009191,6. Caring leisure and other service occupations,34,6,28
S01009191,7. Sales and customer service occupations,38,9,29
S01009191,8. Process plant and machine operatives,24,23,1
S01009191,9. Elementary occupations,11,8,3
S01009192,All people aged 16 to 74 in employment,356,193,163
S01009192,1. Managers directors and senior officials,32,17,15
S01009192,2. Professional occupations,47,16,31
S01009192,3. Associate professional and technical occupations,51,31,20
S01009192,4. Administrative and secretarial occupations,29,3,26
S01009192,5. Skilled trades occupations,65,59,6
S01009192,6. Caring leisure and other service occupations,33,8,25
S01009192,7. Sales and customer service occupations,34,11,23
S01009192,8. Process plant and machine operatives,27,25,2
S01009192,9. Elementary occupations,38,23,15
S01009193,All people aged 16 to 74 in employment,199,99,100
S01009193,1. Managers directors and senior officials,24,16,8
S01009193,2. Professional occupations,31,10,21
S01009193,3. Associate professional and technical occupations,48,31,17
S01009193,4. Administrative and secretarial occupations,28,1,27
S01009193,5. Skilled trades occupations,16,15,1
S01009193,6. Caring leisure and other service occupations,10,2,8
S01009193,7. Sales and customer service occupations,18,5,13
S01009193,8. Process plant and machine operatives,16,15,1
S01009193,9. Elementary occupations,8,4,4
S01009194,All people aged 16 to 74 in employment,422,224,198
S01009194,1. Managers directors and senior officials,55,37,18
S01009194,2. Professional occupations,86,34,52
S01009194,3. Associate professional and technical occupations,63,46,17
S01009194,4. Administrative and secretarial occupations,51,10,41
S01009194,5. Skilled trades occupations,57,51,6
S01009194,6. Caring leisure and other service occupations,36,3,33
S01009194,7. Sales and customer service occupations,35,11,24
S01009194,8. Process plant and machine operatives,19,18,1
S01009194,9. Elementary occupations,20,14,6
S01009195,All people aged 16 to 74 in employment,498,256,242
S01009195,1. Managers directors and senior officials,55,32,23
S01009195,2. Professional occupations,127,58,69
S01009195,3. Associate professional and technical occupations,94,56,38
S01009195,4. Administrative and secretarial occupations,71,24,47
S01009195,5. Skilled trades occupations,38,36,2
S01009195,6. Caring leisure and other service occupations,31,2,29
S01009195,7. Sales and customer service occupations,31,10,21
S01009195,8. Process plant and machine operatives,27,26,1
S01009195,9. Elementary occupations,24,12,12
S01009196,All people aged 16 to 74 in employment,330,168,162
S01009196,1. Managers directors and senior officials,19,11,8
S01009196,2. Professional occupations,43,22,21
S01009196,3. Associate professional and technical occupations,49,28,21
S01009196,4. Administrative and secretarial occupations,35,5,30
S01009196,5. Skilled trades occupations,47,41,6
S01009196,6. Caring leisure and other service occupations,36,5,31
S01009196,7. Sales and customer service occupations,36,8,28
S01009196,8. Process plant and machine operatives,33,28,5
S01009196,9. Elementary occupations,32,20,12
S01009197,All people aged 16 to 74 in employment,546,279,267
S01009197,1. Managers directors and senior officials,53,35,18
S01009197,2. Professional occupations,147,74,73
S01009197,3. Associate professional and technical occupations,107,69,38
S01009197,4. Administrative and secretarial occupations,66,9,57
S01009197,5. Skilled trades occupations,49,46,3
S01009197,6. Caring leisure and other service occupations,41,3,38
S01009197,7. Sales and customer service occupations,29,5,24
S01009197,8. Process plant and machine operatives,28,27,1
S01009197,9. Elementary occupations,26,11,15
S01009198,All people aged 16 to 74 in employment,388,205,183
S01009198,1. Managers directors and senior officials,32,16,16
S01009198,2. Professional occupations,81,38,43
S01009198,3. Associate professional and technical occupations,61,42,19
S01009198,4. Administrative and secretarial occupations,49,11,38
S01009198,5. Skilled trades occupations,44,41,3
S01009198,6. Caring leisure and other service occupations,37,9,28
S01009198,7. Sales and customer service occupations,34,12,22
S01009198,8. Process plant and machine operatives,24,24,0
S01009198,9. Elementary occupations,26,12,14
S01009199,All people aged 16 to 74 in employment,328,165,163
S01009199,1. Managers directors and senior officials,39,23,16
S01009199,2. Professional occupations,62,26,36
S01009199,3. Associate professional and technical occupations,49,30,19
S01009199,4. Administrative and secretarial occupations,53,10,43
S01009199,5. Skilled trades occupations,33,33,0
S01009199,6. Caring leisure and other service occupations,21,1,20
S01009199,7. Sales and customer service occupations,28,10,18
S01009199,8. Process plant and machine operatives,23,21,2
S01009199,9. Elementary occupations,20,11,9
S01009200,All people aged 16 to 74 in employment,549,286,263
S01009200,1. Managers directors and senior officials,57,39,18
S01009200,2. Professional occupations,135,62,73
S01009200,3. Associate professional and technical occupations,92,54,38
S01009200,4. Administrative and secretarial occupations,63,14,49
S01009200,5. Skilled trades occupations,48,48,0
S01009200,6. Caring leisure and other service occupations,35,5,30
S01009200,7. Sales and customer service occupations,45,9,36
S01009200,8. Process plant and machine operatives,40,39,1
S01009200,9. Elementary occupations,34,16,18
S01009201,All people aged 16 to 74 in employment,323,160,163
S01009201,1. Managers directors and senior officials,17,8,9
S01009201,2. Professional occupations,31,12,19
S01009201,3. Associate professional and technical occupations,31,15,16
S01009201,4. Administrative and secretarial occupations,38,10,28
S01009201,5. Skilled trades occupations,40,37,3
S01009201,6. Caring leisure and other service occupations,37,5,32
S01009201,7. Sales and customer service occupations,42,12,30
S01009201,8. Process plant and machine operatives,42,38,4
S01009201,9. Elementary occupations,45,23,22
S01009202,All people aged 16 to 74 in employment,282,147,135
S01009202,1. Managers directors and senior officials,29,17,12
S01009202,2. Professional occupations,50,23,27
S01009202,3. Associate professional and technical occupations,58,38,20
S01009202,4. Administrative and secretarial occupations,31,5,26
S01009202,5. Skilled trades occupations,32,28,4
S01009202,6. Caring leisure and other service occupations,16,1,15
S01009202,7. Sales and customer service occupations,25,5,20
S01009202,8. Process plant and machine operatives,24,23,1
S01009202,9. Elementary occupations,17,7,10
S01009203,All people aged 16 to 74 in employment,223,116,107
S01009203,1. Managers directors and senior officials,7,4,3
S01009203,2. Professional occupations,21,5,16
S01009203,3. Associate professional and technical occupations,23,19,4
S01009203,4. Administrative and secretarial occupations,21,4,17
S01009203,5. Skilled trades occupations,35,31,4
S01009203,6. Caring leisure and other service occupations,36,4,32
S01009203,7. Sales and customer service occupations,16,6,10
S01009203,8. Process plant and machine operatives,22,22,0
S01009203,9. Elementary occupations,42,21,21
S01009204,All people aged 16 to 74 in employment,435,213,222
S01009204,1. Managers directors and senior officials,28,18,10
S01009204,2. Professional occupations,56,21,35
S01009204,3. Associate professional and technical occupations,60,33,27
S01009204,4. Administrative and secretarial occupations,53,10,43
S01009204,5. Skilled trades occupations,43,40,3
S01009204,6. Caring leisure and other service occupations,38,5,33
S01009204,7. Sales and customer service occupations,41,13,28
S01009204,8. Process plant and machine operatives,48,45,3
S01009204,9. Elementary occupations,68,28,40
S01009205,All people aged 16 to 74 in employment,453,237,216
S01009205,1. Managers directors and senior officials,30,19,11
S01009205,2. Professional occupations,77,44,33
S01009205,3. Associate professional and technical occupations,81,46,35
S01009205,4. Administrative and secretarial occupations,74,24,50
S01009205,5. Skilled trades occupations,54,49,5
S01009205,6. Caring leisure and other service occupations,38,1,37
S01009205,7. Sales and customer service occupations,38,7,31
S01009205,8. Process plant and machine operatives,30,28,2
S01009205,9. Elementary occupations,31,19,12
S01009206,All people aged 16 to 74 in employment,492,238,254
S01009206,1. Managers directors and senior officials,51,28,23
S01009206,2. Professional occupations,85,36,49
S01009206,3. Associate professional and technical occupations,89,52,37
S01009206,4. Administrative and secretarial occupations,77,18,59
S01009206,5. Skilled trades occupations,44,40,4
S01009206,6. Caring leisure and other service occupations,34,5,29
S01009206,7. Sales and customer service occupations,49,13,36
S01009206,8. Process plant and machine operatives,35,32,3
S01009206,9. Elementary occupations,28,14,14
S01009207,All people aged 16 to 74 in employment,390,200,190
S01009207,1. Managers directors and senior officials,23,15,8
S01009207,2. Professional occupations,72,30,42
S01009207,3. Associate professional and technical occupations,67,38,29
S01009207,4. Administrative and secretarial occupations,65,17,48
S01009207,5. Skilled trades occupations,42,40,2
S01009207,6. Caring leisure and other service occupations,26,2,24
S01009207,7. Sales and customer service occupations,37,17,20
S01009207,8. Process plant and machine operatives,31,27,4
S01009207,9. Elementary occupations,27,14,13
S01009208,All people aged 16 to 74 in employment,279,132,147
S01009208,1. Managers directors and senior officials,20,15,5
S01009208,2. Professional occupations,56,21,35
S01009208,3. Associate professional and technical occupations,41,29,12
S01009208,4. Administrative and secretarial occupations,41,6,35
S01009208,5. Skilled trades occupations,20,18,2
S01009208,6. Caring leisure and other service occupations,28,6,22
S01009208,7. Sales and customer service occupations,24,7,17
S01009208,8. Process plant and machine operatives,18,15,3
S01009208,9. Elementary occupations,31,15,16
S01009209,All people aged 16 to 74 in employment,287,147,140
S01009209,1. Managers directors and senior officials,21,10,11
S01009209,2. Professional occupations,59,32,27
S01009209,3. Associate professional and technical occupations,63,34,29
S01009209,4. Administrative and secretarial occupations,40,4,36
S01009209,5. Skilled trades occupations,29,27,2
S01009209,6. Caring leisure and other service occupations,21,5,16
S01009209,7. Sales and customer service occupations,18,7,11
S01009209,8. Process plant and machine operatives,16,15,1
S01009209,9. Elementary occupations,20,13,7
S01009210,All people aged 16 to 74 in employment,299,156,143
S01009210,1. Managers directors and senior officials,49,27,22
S01009210,2. Professional occupations,59,27,32
S01009210,3. Associate professional and technical occupations,47,32,15
S01009210,4. Administrative and secretarial occupations,50,11,39
S01009210,5. Skilled trades occupations,22,21,1
S01009210,6. Caring leisure and other service occupations,12,2,10
S01009210,7. Sales and customer service occupations,26,11,15
S01009210,8. Process plant and machine operatives,14,13,1
S01009210,9. Elementary occupations,20,12,8
S01009211,All people aged 16 to 74 in employment,312,164,148
S01009211,1. Managers directors and senior officials,23,12,11
S01009211,2. Professional occupations,27,10,17
S01009211,3. Associate professional and technical occupations,49,26,23
S01009211,4. Administrative and secretarial occupations,46,11,35
S01009211,5. Skilled trades occupations,52,48,4
S01009211,6. Caring leisure and other service occupations,31,3,28
S01009211,7. Sales and customer service occupations,15,5,10
S01009211,8. Process plant and machine operatives,33,30,3
S01009211,9. Elementary occupations,36,19,17
S01009212,All people aged 16 to 74 in employment,359,184,175
S01009212,1. Managers directors and senior officials,23,13,10
S01009212,2. Professional occupations,17,4,13
S01009212,3. Associate professional and technical occupations,29,18,11
S01009212,4. Administrative and secretarial occupations,36,8,28
S01009212,5. Skilled trades occupations,61,54,7
S01009212,6. Caring leisure and other service occupations,49,7,42
S01009212,7. Sales and customer service occupations,40,10,30
S01009212,8. Process plant and machine operatives,47,40,7
S01009212,9. Elementary occupations,57,30,27
S01009213,All people aged 16 to 74 in employment,411,206,205
S01009213,1. Managers directors and senior officials,25,15,10
S01009213,2. Professional occupations,32,10,22
S01009213,3. Associate professional and technical occupations,38,17,21
S01009213,4. Administrative and secretarial occupations,43,9,34
S01009213,5. Skilled trades occupations,74,66,8
S01009213,6. Caring leisure and other service occupations,59,8,51
S01009213,7. Sales and customer service occupations,38,14,24
S01009213,8. Process plant and machine operatives,40,37,3
S01009213,9. Elementary occupations,62,30,32
S01009214,All people aged 16 to 74 in employment,519,260,259
S01009214,1. Managers directors and senior officials,42,25,17
S01009214,2. Professional occupations,86,37,49
S01009214,3. Associate professional and technical occupations,94,62,32
S01009214,4. Administrative and secretarial occupations,86,22,64
S01009214,5. Skilled trades occupations,49,46,3
S01009214,6. Caring leisure and other service occupations,43,8,35
S01009214,7. Sales and customer service occupations,45,6,39
S01009214,8. Process plant and machine operatives,29,27,2
S01009214,9. Elementary occupations,45,27,18
S01009215,All people aged 16 to 74 in employment,430,222,208
S01009215,1. Managers directors and senior officials,25,19,6
S01009215,2. Professional occupations,44,17,27
S01009215,3. Associate professional and technical occupations,42,22,20
S01009215,4. Administrative and secretarial occupations,50,9,41
S01009215,5. Skilled trades occupations,63,60,3
S01009215,6. Caring leisure and other service occupations,60,4,56
S01009215,7. Sales and customer service occupations,43,13,30
S01009215,8. Process plant and machine operatives,36,32,4
S01009215,9. Elementary occupations,67,46,21
S01009216,All people aged 16 to 74 in employment,448,232,216
S01009216,1. Managers directors and senior officials,27,16,11
S01009216,2. Professional occupations,32,11,21
S01009216,3. Associate professional and technical occupations,39,23,16
S01009216,4. Administrative and secretarial occupations,53,7,46
S01009216,5. Skilled trades occupations,78,72,6
S01009216,6. Caring leisure and other service occupations,42,9,33
S01009216,7. Sales and customer service occupations,64,18,46
S01009216,8. Process plant and machine operatives,56,47,9
S01009216,9. Elementary occupations,57,29,28
S01009217,All people aged 16 to 74 in employment,252,113,139
S01009217,1. Managers directors and senior officials,12,6,6
S01009217,2. Professional occupations,21,8,13
S01009217,3. Associate professional and technical occupations,17,12,5
S01009217,4. Administrative and secretarial occupations,26,4,22
S01009217,5. Skilled trades occupations,41,36,5
S01009217,6. Caring leisure and other service occupations,49,4,45
S01009217,7. Sales and customer service occupations,16,6,10
S01009217,8. Process plant and machine operatives,26,23,3
S01009217,9. Elementary occupations,44,14,30
S01009218,All people aged 16 to 74 in employment,375,190,185
S01009218,1. Managers directors and senior officials,28,15,13
S01009218,2. Professional occupations,39,21,18
S01009218,3. Associate professional and technical occupations,57,37,20
S01009218,4. Administrative and secretarial occupations,52,8,44
S01009218,5. Skilled trades occupations,59,51,8
S01009218,6. Caring leisure and other service occupations,36,1,35
S01009218,7. Sales and customer service occupations,38,8,30
S01009218,8. Process plant and machine operatives,28,25,3
S01009218,9. Elementary occupations,38,24,14
S01009219,All people aged 16 to 74 in employment,288,147,141
S01009219,1. Managers directors and senior officials,11,8,3
S01009219,2. Professional occupations,20,8,12
S01009219,3. Associate professional and technical occupations,33,20,13
S01009219,4. Administrative and secretarial occupations,35,4,31
S01009219,5. Skilled trades occupations,41,40,1
S01009219,6. Caring leisure and other service occupations,26,2,24
S01009219,7. Sales and customer service occupations,44,8,36
S01009219,8. Process plant and machine operatives,34,33,1
S01009219,9. Elementary occupations,44,24,20
S01009220,All people aged 16 to 74 in employment,221,103,118
S01009220,1. Managers directors and senior officials,14,9,5
S01009220,2. Professional occupations,16,6,10
S01009220,3. Associate professional and technical occupations,21,12,9
S01009220,4. Administrative and secretarial occupations,35,4,31
S01009220,5. Skilled trades occupations,20,19,1
S01009220,6. Caring leisure and other service occupations,21,2,19
S01009220,7. Sales and customer service occupations,35,10,25
S01009220,8. Process plant and machine operatives,22,18,4
S01009220,9. Elementary occupations,37,23,14
S01009221,All people aged 16 to 74 in employment,257,133,124
S01009221,1. Managers directors and senior officials,16,8,8
S01009221,2. Professional occupations,12,6,6
S01009221,3. Associate professional and technical occupations,18,12,6
S01009221,4. Administrative and secretarial occupations,30,4,26
S01009221,5. Skilled trades occupations,37,33,4
S01009221,6. Caring leisure and other service occupations,30,4,26
S01009221,7. Sales and customer service occupations,25,6,19
S01009221,8. Process plant and machine operatives,32,28,4
S01009221,9. Elementary occupations,57,32,25
S01009222,All people aged 16 to 74 in employment,235,111,124
S01009222,1. Managers directors and senior officials,6,4,2
S01009222,2. Professional occupations,16,5,11
S01009222,3. Associate professional and technical occupations,18,13,5
S01009222,4. Administrative and secretarial occupations,21,2,19
S01009222,5. Skilled trades occupations,30,28,2
S01009222,6. Caring leisure and other service occupations,31,6,25
S01009222,7. Sales and customer service occupations,28,2,26
S01009222,8. Process plant and machine operatives,35,30,5
S01009222,9. Elementary occupations,50,21,29
S01009223,All people aged 16 to 74 in employment,261,137,124
S01009223,1. Managers directors and senior officials,14,8,6
S01009223,2. Professional occupations,19,7,12
S01009223,3. Associate professional and technical occupations,30,17,13
S01009223,4. Administrative and secretarial occupations,31,7,24
S01009223,5. Skilled trades occupations,26,25,1
S01009223,6. Caring leisure and other service occupations,26,1,25
S01009223,7. Sales and customer service occupations,30,11,19
S01009223,8. Process plant and machine operatives,42,37,5
S01009223,9. Elementary occupations,43,24,19
S01009224,All people aged 16 to 74 in employment,284,140,144
S01009224,1. Managers directors and senior officials,8,7,1
S01009224,2. Professional occupations,15,6,9
S01009224,3. Associate professional and technical occupations,26,13,13
S01009224,4. Administrative and secretarial occupations,43,4,39
S01009224,5. Skilled trades occupations,35,33,2
S01009224,6. Caring leisure and other service occupations,28,2,26
S01009224,7. Sales and customer service occupations,28,6,22
S01009224,8. Process plant and machine operatives,47,41,6
S01009224,9. Elementary occupations,54,28,26
S01009225,All people aged 16 to 74 in employment,259,132,127
S01009225,1. Managers directors and senior officials,14,8,6
S01009225,2. Professional occupations,15,5,10
S01009225,3. Associate professional and technical occupations,25,11,14
S01009225,4. Administrative and secretarial occupations,26,5,21
S01009225,5. Skilled trades occupations,44,40,4
S01009225,6. Caring leisure and other service occupations,29,7,22
S01009225,7. Sales and customer service occupations,30,7,23
S01009225,8. Process plant and machine operatives,35,31,4
S01009225,9. Elementary occupations,41,18,23
S01009226,All people aged 16 to 74 in employment,401,199,202
S01009226,1. Managers directors and senior officials,19,10,9
S01009226,2. Professional occupations,30,12,18
S01009226,3. Associate professional and technical occupations,50,30,20
S01009226,4. Administrative and secretarial occupations,58,14,44
S01009226,5. Skilled trades occupations,42,39,3
S01009226,6. Caring leisure and other service occupations,48,6,42
S01009226,7. Sales and customer service occupations,31,4,27
S01009226,8. Process plant and machine operatives,52,45,7
S01009226,9. Elementary occupations,71,39,32
S01009227,All people aged 16 to 74 in employment,260,128,132
S01009227,1. Managers directors and senior officials,13,9,4
S01009227,2. Professional occupations,17,6,11
S01009227,3. Associate professional and technical occupations,21,10,11
S01009227,4. Administrative and secretarial occupations,42,8,34
S01009227,5. Skilled trades occupations,34,33,1
S01009227,6. Caring leisure and other service occupations,32,4,28
S01009227,7. Sales and customer service occupations,35,12,23
S01009227,8. Process plant and machine operatives,28,24,4
S01009227,9. Elementary occupations,38,22,16
S01009228,All people aged 16 to 74 in employment,236,136,100
S01009228,1. Managers directors and senior officials,7,4,3
S01009228,2. Professional occupations,10,5,5
S01009228,3. Associate professional and technical occupations,29,21,8
S01009228,4. Administrative and secretarial occupations,23,8,15
S01009228,5. Skilled trades occupations,27,24,3
S01009228,6. Caring leisure and other service occupations,28,5,23
S01009228,7. Sales and customer service occupations,28,7,21
S01009228,8. Process plant and machine operatives,43,40,3
S01009228,9. Elementary occupations,41,22,19
S01009229,All people aged 16 to 74 in employment,275,144,131
S01009229,1. Managers directors and senior officials,18,13,5
S01009229,2. Professional occupations,23,11,12
S01009229,3. Associate professional and technical occupations,39,23,16
S01009229,4. Administrative and secretarial occupations,48,10,38
S01009229,5. Skilled trades occupations,27,26,1
S01009229,6. Caring leisure and other service occupations,21,4,17
S01009229,7. Sales and customer service occupations,32,8,24
S01009229,8. Process plant and machine operatives,34,29,5
S01009229,9. Elementary occupations,33,20,13
S01009230,All people aged 16 to 74 in employment,347,183,164
S01009230,1. Managers directors and senior officials,23,17,6
S01009230,2. Professional occupations,35,11,24
S01009230,3. Associate professional and technical occupations,44,30,14
S01009230,4. Administrative and secretarial occupations,63,6,57
S01009230,5. Skilled trades occupations,43,42,1
S01009230,6. Caring leisure and other service occupations,30,6,24
S01009230,7. Sales and customer service occupations,34,15,19
S01009230,8. Process plant and machine operatives,39,31,8
S01009230,9. Elementary occupations,36,25,11
S01009231,All people aged 16 to 74 in employment,493,248,245
S01009231,1. Managers directors and senior officials,37,23,14
S01009231,2. Professional occupations,58,20,38
S01009231,3. Associate professional and technical occupations,72,47,25
S01009231,4. Administrative and secretarial occupations,88,9,79
S01009231,5. Skilled trades occupations,66,63,3
S01009231,6. Caring leisure and other service occupations,45,5,40
S01009231,7. Sales and customer service occupations,38,11,27
S01009231,8. Process plant and machine operatives,36,33,3
S01009231,9. Elementary occupations,53,37,16
S01009232,All people aged 16 to 74 in employment,221,113,108
S01009232,1. Managers directors and senior officials,13,6,7
S01009232,2. Professional occupations,13,5,8
S01009232,3. Associate professional and technical occupations,16,11,5
S01009232,4. Administrative and secretarial occupations,28,4,24
S01009232,5. Skilled trades occupations,23,20,3
S01009232,6. Caring leisure and other service occupations,21,3,18
S01009232,7. Sales and customer service occupations,31,8,23
S01009232,8. Process plant and machine operatives,32,27,5
S01009232,9. Elementary occupations,44,29,15
S01009233,All people aged 16 to 74 in employment,231,120,111
S01009233,1. Managers directors and senior officials,6,5,1
S01009233,2. Professional occupations,19,6,13
S01009233,3. Associate professional and technical occupations,28,15,13
S01009233,4. Administrative and secretarial occupations,24,3,21
S01009233,5. Skilled trades occupations,34,34,0
S01009233,6. Caring leisure and other service occupations,20,1,19
S01009233,7. Sales and customer service occupations,25,5,20
S01009233,8. Process plant and machine operatives,27,26,1
S01009233,9. Elementary occupations,48,25,23
S01009234,All people aged 16 to 74 in employment,394,202,192
S01009234,1. Managers directors and senior officials,13,7,6
S01009234,2. Professional occupations,17,10,7
S01009234,3. Associate professional and technical occupations,28,18,10
S01009234,4. Administrative and secretarial occupations,49,8,41
S01009234,5. Skilled trades occupations,45,38,7
S01009234,6. Caring leisure and other service occupations,35,5,30
S01009234,7. Sales and customer service occupations,50,14,36
S01009234,8. Process plant and machine operatives,64,55,9
S01009234,9. Elementary occupations,93,47,46
S01009235,All people aged 16 to 74 in employment,423,234,189
S01009235,1. Managers directors and senior officials,22,10,12
S01009235,2. Professional occupations,28,17,11
S01009235,3. Associate professional and technical occupations,39,23,16
S01009235,4. Administrative and secretarial occupations,47,12,35
S01009235,5. Skilled trades occupations,48,45,3
S01009235,6. Caring leisure and other service occupations,39,10,29
S01009235,7. Sales and customer service occupations,51,12,39
S01009235,8. Process plant and machine operatives,52,47,5
S01009235,9. Elementary occupations,97,58,39
S01009236,All people aged 16 to 74 in employment,215,104,111
S01009236,1. Managers directors and senior officials,17,11,6
S01009236,2. Professional occupations,31,13,18
S01009236,3. Associate professional and technical occupations,31,18,13
S01009236,4. Administrative and secretarial occupations,28,6,22
S01009236,5. Skilled trades occupations,20,19,1
S01009236,6. Caring leisure and other service occupations,20,3,17
S01009236,7. Sales and customer service occupations,22,4,18
S01009236,8. Process plant and machine operatives,16,15,1
S01009236,9. Elementary occupations,30,15,15
S01009237,All people aged 16 to 74 in employment,438,229,209
S01009237,1. Managers directors and senior officials,48,31,17
S01009237,2. Professional occupations,60,28,32
S01009237,3. Associate professional and technical occupations,79,46,33
S01009237,4. Administrative and secretarial occupations,63,9,54
S01009237,5. Skilled trades occupations,51,49,2
S01009237,6. Caring leisure and other service occupations,39,8,31
S01009237,7. Sales and customer service occupations,36,8,28
S01009237,8. Process plant and machine operatives,35,34,1
S01009237,9. Elementary occupations,27,16,11
S01009238,All people aged 16 to 74 in employment,308,152,156
S01009238,1. Managers directors and senior officials,21,14,7
S01009238,2. Professional occupations,18,11,7
S01009238,3. Associate professional and technical occupations,26,12,14
S01009238,4. Administrative and secretarial occupations,47,4,43
S01009238,5. Skilled trades occupations,32,30,2
S01009238,6. Caring leisure and other service occupations,24,3,21
S01009238,7. Sales and customer service occupations,40,10,30
S01009238,8. Process plant and machine operatives,47,40,7
S01009238,9. Elementary occupations,53,28,25
S01009239,All people aged 16 to 74 in employment,441,223,218
S01009239,1. Managers directors and senior officials,25,16,9
S01009239,2. Professional occupations,26,9,17
S01009239,3. Associate professional and technical occupations,42,29,13
S01009239,4. Administrative and secretarial occupations,47,4,43
S01009239,5. Skilled trades occupations,50,45,5
S01009239,6. Caring leisure and other service occupations,54,10,44
S01009239,7. Sales and customer service occupations,58,15,43
S01009239,8. Process plant and machine operatives,55,48,7
S01009239,9. Elementary occupations,84,47,37
S01009240,All people aged 16 to 74 in employment,254,132,122
S01009240,1. Managers directors and senior officials,8,5,3
S01009240,2. Professional occupations,15,5,10
S01009240,3. Associate professional and technical occupations,16,12,4
S01009240,4. Administrative and secretarial occupations,24,2,22
S01009240,5. Skilled trades occupations,30,28,2
S01009240,6. Caring leisure and other service occupations,26,3,23
S01009240,7. Sales and customer service occupations,39,14,25
S01009240,8. Process plant and machine operatives,45,35,10
S01009240,9. Elementary occupations,51,28,23
S01009241,All people aged 16 to 74 in employment,356,176,180
S01009241,1. Managers directors and senior officials,19,9,10
S01009241,2. Professional occupations,12,5,7
S01009241,3. Associate professional and technical occupations,41,20,21
S01009241,4. Administrative and secretarial occupations,40,3,37
S01009241,5. Skilled trades occupations,42,35,7
S01009241,6. Caring leisure and other service occupations,36,5,31
S01009241,7. Sales and customer service occupations,37,8,29
S01009241,8. Process plant and machine operatives,57,49,8
S01009241,9. Elementary occupations,72,42,30
S01009242,All people aged 16 to 74 in employment,369,190,179
S01009242,1. Managers directors and senior officials,24,18,6
S01009242,2. Professional occupations,33,15,18
S01009242,3. Associate professional and technical occupations,51,30,21
S01009242,4. Administrative and secretarial occupations,44,6,38
S01009242,5. Skilled trades occupations,51,46,5
S01009242,6. Caring leisure and other service occupations,41,6,35
S01009242,7. Sales and customer service occupations,43,13,30
S01009242,8. Process plant and machine operatives,42,37,5
S01009242,9. Elementary occupations,40,19,21
S01009243,All people aged 16 to 74 in employment,502,265,237
S01009243,1. Managers directors and senior officials,24,9,15
S01009243,2. Professional occupations,38,22,16
S01009243,3. Associate professional and technical occupations,57,30,27
S01009243,4. Administrative and secretarial occupations,63,17,46
S01009243,5. Skilled trades occupations,74,65,9
S01009243,6. Caring leisure and other service occupations,46,6,40
S01009243,7. Sales and customer service occupations,54,10,44
S01009243,8. Process plant and machine operatives,70,54,16
S01009243,9. Elementary occupations,76,52,24
S01009244,All people aged 16 to 74 in employment,421,225,196
S01009244,1. Managers directors and senior officials,38,26,12
S01009244,2. Professional occupations,51,25,26
S01009244,3. Associate professional and technical occupations,69,43,26
S01009244,4. Administrative and secretarial occupations,69,7,62
S01009244,5. Skilled trades occupations,57,55,2
S01009244,6. Caring leisure and other service occupations,29,5,24
S01009244,7. Sales and customer service occupations,26,9,17
S01009244,8. Process plant and machine operatives,50,41,9
S01009244,9. Elementary occupations,32,14,18
S01009245,All people aged 16 to 74 in employment,434,230,204
S01009245,1. Managers directors and senior officials,38,25,13
S01009245,2. Professional occupations,57,29,28
S01009245,3. Associate professional and technical occupations,69,42,27
S01009245,4. Administrative and secretarial occupations,71,15,56
S01009245,5. Skilled trades occupations,45,40,5
S01009245,6. Caring leisure and other service occupations,39,7,32
S01009245,7. Sales and customer service occupations,33,10,23
S01009245,8. Process plant and machine operatives,38,35,3
S01009245,9. Elementary occupations,44,27,17
S01009246,All people aged 16 to 74 in employment,384,203,181
S01009246,1. Managers directors and senior officials,19,5,14
S01009246,2. Professional occupations,19,5,14
S01009246,3. Associate professional and technical occupations,44,32,12
S01009246,4. Administrative and secretarial occupations,40,8,32
S01009246,5. Skilled trades occupations,57,55,2
S01009246,6. Caring leisure and other service occupations,37,7,30
S01009246,7. Sales and customer service occupations,37,7,30
S01009246,8. Process plant and machine operatives,72,54,18
S01009246,9. Elementary occupations,59,30,29
S01009247,All people aged 16 to 74 in employment,519,260,259
S01009247,1. Managers directors and senior officials,34,18,16
S01009247,2. Professional occupations,40,19,21
S01009247,3. Associate professional and technical occupations,41,27,14
S01009247,4. Administrative and secretarial occupations,51,11,40
S01009247,5. Skilled trades occupations,68,60,8
S01009247,6. Caring leisure and other service occupations,65,7,58
S01009247,7. Sales and customer service occupations,63,17,46
S01009247,8. Process plant and machine operatives,79,62,17
S01009247,9. Elementary occupations,78,39,39
S01009248,All people aged 16 to 74 in employment,335,158,177
S01009248,1. Managers directors and senior officials,25,11,14
S01009248,2. Professional occupations,38,15,23
S01009248,3. Associate professional and technical occupations,34,20,14
S01009248,4. Administrative and secretarial occupations,49,5,44
S01009248,5. Skilled trades occupations,43,43,0
S01009248,6. Caring leisure and other service occupations,36,4,32
S01009248,7. Sales and customer service occupations,37,10,27
S01009248,8. Process plant and machine operatives,41,33,8
S01009248,9. Elementary occupations,32,17,15
S01009249,All people aged 16 to 74 in employment,379,203,176
S01009249,1. Managers directors and senior officials,21,15,6
S01009249,2. Professional occupations,25,13,12
S01009249,3. Associate professional and technical occupations,35,22,13
S01009249,4. Administrative and secretarial occupations,30,6,24
S01009249,5. Skilled trades occupations,54,50,4
S01009249,6. Caring leisure and other service occupations,43,4,39
S01009249,7. Sales and customer service occupations,42,12,30
S01009249,8. Process plant and machine operatives,60,44,16
S01009249,9. Elementary occupations,69,37,32
S01009250,All people aged 16 to 74 in employment,305,139,166
S01009250,1. Managers directors and senior officials,20,11,9
S01009250,2. Professional occupations,20,8,12
S01009250,3. Associate professional and technical occupations,29,18,11
S01009250,4. Administrative and secretarial occupations,38,5,33
S01009250,5. Skilled trades occupations,45,39,6
S01009250,6. Caring leisure and other service occupations,26,2,24
S01009250,7. Sales and customer service occupations,27,4,23
S01009250,8. Process plant and machine operatives,44,32,12
S01009250,9. Elementary occupations,56,20,36
S01009251,All people aged 16 to 74 in employment,263,135,128
S01009251,1. Managers directors and senior officials,19,11,8
S01009251,2. Professional occupations,33,19,14
S01009251,3. Associate professional and technical occupations,35,25,10
S01009251,4. Administrative and secretarial occupations,32,5,27
S01009251,5. Skilled trades occupations,22,20,2
S01009251,6. Caring leisure and other service occupations,25,2,23
S01009251,7. Sales and customer service occupations,26,5,21
S01009251,8. Process plant and machine operatives,36,30,6
S01009251,9. Elementary occupations,35,18,17
S01009252,All people aged 16 to 74 in employment,283,140,143
S01009252,1. Managers directors and senior officials,34,24,10
S01009252,2. Professional occupations,54,26,28
S01009252,3. Associate professional and technical occupations,48,32,16
S01009252,4. Administrative and secretarial occupations,44,5,39
S01009252,5. Skilled trades occupations,26,25,1
S01009252,6. Caring leisure and other service occupations,20,3,17
S01009252,7. Sales and customer service occupations,24,5,19
S01009252,8. Process plant and machine operatives,14,14,0
S01009252,9. Elementary occupations,19,6,13
S01009253,All people aged 16 to 74 in employment,169,82,87
S01009253,1. Managers directors and senior officials,6,2,4
S01009253,2. Professional occupations,6,3,3
S01009253,3. Associate professional and technical occupations,18,11,7
S01009253,4. Administrative and secretarial occupations,20,2,18
S01009253,5. Skilled trades occupations,25,22,3
S01009253,6. Caring leisure and other service occupations,21,3,18
S01009253,7. Sales and customer service occupations,19,5,14
S01009253,8. Process plant and machine operatives,27,17,10
S01009253,9. Elementary occupations,27,17,10
S01009254,All people aged 16 to 74 in employment,315,156,159
S01009254,1. Managers directors and senior officials,16,9,7
S01009254,2. Professional occupations,21,12,9
S01009254,3. Associate professional and technical occupations,24,11,13
S01009254,4. Administrative and secretarial occupations,29,5,24
S01009254,5. Skilled trades occupations,37,35,2
S01009254,6. Caring leisure and other service occupations,33,5,28
S01009254,7. Sales and customer service occupations,22,5,17
S01009254,8. Process plant and machine operatives,69,44,25
S01009254,9. Elementary occupations,64,30,34
S01009255,All people aged 16 to 74 in employment,360,208,152
S01009255,1. Managers directors and senior officials,27,15,12
S01009255,2. Professional occupations,41,18,23
S01009255,3. Associate professional and technical occupations,39,22,17
S01009255,4. Administrative and secretarial occupations,37,17,20
S01009255,5. Skilled trades occupations,38,30,8
S01009255,6. Caring leisure and other service occupations,25,8,17
S01009255,7. Sales and customer service occupations,27,11,16
S01009255,8. Process plant and machine operatives,78,54,24
S01009255,9. Elementary occupations,48,33,15
S01009256,All people aged 16 to 74 in employment,219,117,102
S01009256,1. Managers directors and senior officials,30,21,9
S01009256,2. Professional occupations,29,10,19
S01009256,3. Associate professional and technical occupations,29,20,9
S01009256,4. Administrative and secretarial occupations,29,5,24
S01009256,5. Skilled trades occupations,28,26,2
S01009256,6. Caring leisure and other service occupations,20,4,16
S01009256,7. Sales and customer service occupations,13,5,8
S01009256,8. Process plant and machine operatives,25,18,7
S01009256,9. Elementary occupations,16,8,8
S01009257,All people aged 16 to 74 in employment,340,192,148
S01009257,1. Managers directors and senior officials,35,16,19
S01009257,2. Professional occupations,39,25,14
S01009257,3. Associate professional and technical occupations,49,27,22
S01009257,4. Administrative and secretarial occupations,29,5,24
S01009257,5. Skilled trades occupations,44,41,3
S01009257,6. Caring leisure and other service occupations,33,8,25
S01009257,7. Sales and customer service occupations,26,12,14
S01009257,8. Process plant and machine operatives,50,40,10
S01009257,9. Elementary occupations,35,18,17
S01009258,All people aged 16 to 74 in employment,322,177,145
S01009258,1. Managers directors and senior officials,32,19,13
S01009258,2. Professional occupations,61,31,30
S01009258,3. Associate professional and technical occupations,60,32,28
S01009258,4. Administrative and secretarial occupations,43,10,33
S01009258,5. Skilled trades occupations,50,46,4
S01009258,6. Caring leisure and other service occupations,19,4,15
S01009258,7. Sales and customer service occupations,9,4,5
S01009258,8. Process plant and machine operatives,23,19,4
S01009258,9. Elementary occupations,25,12,13
S01009259,All people aged 16 to 74 in employment,501,259,242
S01009259,1. Managers directors and senior officials,78,46,32
S01009259,2. Professional occupations,84,51,33
S01009259,3. Associate professional and technical occupations,87,44,43
S01009259,4. Administrative and secretarial occupations,53,6,47
S01009259,5. Skilled trades occupations,44,39,5
S01009259,6. Caring leisure and other service occupations,30,5,25
S01009259,7. Sales and customer service occupations,40,11,29
S01009259,8. Process plant and machine operatives,44,36,8
S01009259,9. Elementary occupations,41,21,20
S01009260,All people aged 16 to 74 in employment,645,329,316
S01009260,1. Managers directors and senior officials,53,29,24
S01009260,2. Professional occupations,75,29,46
S01009260,3. Associate professional and technical occupations,76,44,32
S01009260,4. Administrative and secretarial occupations,77,18,59
S01009260,5. Skilled trades occupations,72,72,0
S01009260,6. Caring leisure and other service occupations,79,13,66
S01009260,7. Sales and customer service occupations,38,14,24
S01009260,8. Process plant and machine operatives,101,69,32
S01009260,9. Elementary occupations,74,41,33
S01009261,All people aged 16 to 74 in employment,315,166,149
S01009261,1. Managers directors and senior officials,24,14,10
S01009261,2. Professional occupations,37,16,21
S01009261,3. Associate professional and technical occupations,23,16,7
S01009261,4. Administrative and secretarial occupations,33,7,26
S01009261,5. Skilled trades occupations,48,39,9
S01009261,6. Caring leisure and other service occupations,16,3,13
S01009261,7. Sales and customer service occupations,30,9,21
S01009261,8. Process plant and machine operatives,48,27,21
S01009261,9. Elementary occupations,56,35,21
S01009262,All people aged 16 to 74 in employment,230,113,117
S01009262,1. Managers directors and senior officials,9,6,3
S01009262,2. Professional occupations,11,5,6
S01009262,3. Associate professional and technical occupations,20,11,9
S01009262,4. Administrative and secretarial occupations,24,6,18
S01009262,5. Skilled trades occupations,23,20,3
S01009262,6. Caring leisure and other service occupations,24,2,22
S01009262,7. Sales and customer service occupations,14,4,10
S01009262,8. Process plant and machine operatives,49,33,16
S01009262,9. Elementary occupations,56,26,30
S01009263,All people aged 16 to 74 in employment,512,254,258
S01009263,1. Managers directors and senior officials,58,35,23
S01009263,2. Professional occupations,125,51,74
S01009263,3. Associate professional and technical occupations,102,56,46
S01009263,4. Administrative and secretarial occupations,58,12,46
S01009263,5. Skilled trades occupations,38,36,2
S01009263,6. Caring leisure and other service occupations,31,3,28
S01009263,7. Sales and customer service occupations,29,10,19
S01009263,8. Process plant and machine operatives,36,29,7
S01009263,9. Elementary occupations,35,22,13
S01009264,All people aged 16 to 74 in employment,262,132,130
S01009264,1. Managers directors and senior officials,26,13,13
S01009264,2. Professional occupations,33,15,18
S01009264,3. Associate professional and technical occupations,38,23,15
S01009264,4. Administrative and secretarial occupations,35,5,30
S01009264,5. Skilled trades occupations,28,25,3
S01009264,6. Caring leisure and other service occupations,20,1,19
S01009264,7. Sales and customer service occupations,27,11,16
S01009264,8. Process plant and machine operatives,28,27,1
S01009264,9. Elementary occupations,27,12,15
S01009265,All people aged 16 to 74 in employment,377,175,202
S01009265,1. Managers directors and senior officials,28,14,14
S01009265,2. Professional occupations,43,17,26
S01009265,3. Associate professional and technical occupations,47,27,20
S01009265,4. Administrative and secretarial occupations,39,6,33
S01009265,5. Skilled trades occupations,41,34,7
S01009265,6. Caring leisure and other service occupations,44,3,41
S01009265,7. Sales and customer service occupations,45,8,37
S01009265,8. Process plant and machine operatives,42,37,5
S01009265,9. Elementary occupations,48,29,19
S01009266,All people aged 16 to 74 in employment,363,192,171
S01009266,1. Managers directors and senior officials,30,17,13
S01009266,2. Professional occupations,34,18,16
S01009266,3. Associate professional and technical occupations,37,20,17
S01009266,4. Administrative and secretarial occupations,32,1,31
S01009266,5. Skilled trades occupations,53,53,0
S01009266,6. Caring leisure and other service occupations,44,4,40
S01009266,7. Sales and customer service occupations,31,7,24
S01009266,8. Process plant and machine operatives,53,51,2
S01009266,9. Elementary occupations,49,21,28
S01009267,All people aged 16 to 74 in employment,389,198,191
S01009267,1. Managers directors and senior officials,23,12,11
S01009267,2. Professional occupations,56,25,31
S01009267,3. Associate professional and technical occupations,47,29,18
S01009267,4. Administrative and secretarial occupations,40,11,29
S01009267,5. Skilled trades occupations,54,48,6
S01009267,6. Caring leisure and other service occupations,51,11,40
S01009267,7. Sales and customer service occupations,36,8,28
S01009267,8. Process plant and machine operatives,39,37,2
S01009267,9. Elementary occupations,43,17,26
S01009268,All people aged 16 to 74 in employment,462,237,225
S01009268,1. Managers directors and senior officials,42,22,20
S01009268,2. Professional occupations,51,21,30
S01009268,3. Associate professional and technical occupations,56,31,25
S01009268,4. Administrative and secretarial occupations,32,5,27
S01009268,5. Skilled trades occupations,70,65,5
S01009268,6. Caring leisure and other service occupations,57,9,48
S01009268,7. Sales and customer service occupations,47,11,36
S01009268,8. Process plant and machine operatives,49,42,7
S01009268,9. Elementary occupations,58,31,27
S01009269,All people aged 16 to 74 in employment,353,177,176
S01009269,1. Managers directors and senior officials,25,13,12
S01009269,2. Professional occupations,18,9,9
S01009269,3. Associate professional and technical occupations,30,17,13
S01009269,4. Administrative and secretarial occupations,25,6,19
S01009269,5. Skilled trades occupations,56,50,6
S01009269,6. Caring leisure and other service occupations,38,4,34
S01009269,7. Sales and customer service occupations,41,5,36
S01009269,8. Process plant and machine operatives,46,39,7
S01009269,9. Elementary occupations,74,34,40
S01009270,All people aged 16 to 74 in employment,239,126,113
S01009270,1. Managers directors and senior officials,13,7,6
S01009270,2. Professional occupations,11,6,5
S01009270,3. Associate professional and technical occupations,18,12,6
S01009270,4. Administrative and secretarial occupations,20,6,14
S01009270,5. Skilled trades occupations,44,40,4
S01009270,6. Caring leisure and other service occupations,32,5,27
S01009270,7. Sales and customer service occupations,31,5,26
S01009270,8. Process plant and machine operatives,25,22,3
S01009270,9. Elementary occupations,45,23,22
S01009271,All people aged 16 to 74 in employment,493,262,231
S01009271,1. Managers directors and senior officials,37,20,17
S01009271,2. Professional occupations,73,35,38
S01009271,3. Associate professional and technical occupations,91,53,38
S01009271,4. Administrative and secretarial occupations,58,8,50
S01009271,5. Skilled trades occupations,75,71,4
S01009271,6. Caring leisure and other service occupations,43,7,36
S01009271,7. Sales and customer service occupations,49,17,32
S01009271,8. Process plant and machine operatives,33,31,2
S01009271,9. Elementary occupations,34,20,14
S01009272,All people aged 16 to 74 in employment,317,162,155
S01009272,1. Managers directors and senior officials,8,1,7
S01009272,2. Professional occupations,16,6,10
S01009272,3. Associate professional and technical occupations,21,12,9
S01009272,4. Administrative and secretarial occupations,28,5,23
S01009272,5. Skilled trades occupations,53,49,4
S01009272,6. Caring leisure and other service occupations,47,6,41
S01009272,7. Sales and customer service occupations,42,10,32
S01009272,8. Process plant and machine operatives,38,36,2
S01009272,9. Elementary occupations,64,37,27
S01009273,All people aged 16 to 74 in employment,229,123,106
S01009273,1. Managers directors and senior officials,31,17,14
S01009273,2. Professional occupations,50,26,24
S01009273,3. Associate professional and technical occupations,31,23,8
S01009273,4. Administrative and secretarial occupations,32,5,27
S01009273,5. Skilled trades occupations,31,28,3
S01009273,6. Caring leisure and other service occupations,25,5,20
S01009273,7. Sales and customer service occupations,11,5,6
S01009273,8. Process plant and machine operatives,12,11,1
S01009273,9. Elementary occupations,6,3,3
S01009274,All people aged 16 to 74 in employment,277,145,132
S01009274,1. Managers directors and senior officials,23,15,8
S01009274,2. Professional occupations,52,22,30
S01009274,3. Associate professional and technical occupations,36,23,13
S01009274,4. Administrative and secretarial occupations,24,3,21
S01009274,5. Skilled trades occupations,35,31,4
S01009274,6. Caring leisure and other service occupations,36,5,31
S01009274,7. Sales and customer service occupations,20,6,14
S01009274,8. Process plant and machine operatives,22,22,0
S01009274,9. Elementary occupations,29,18,11
S01009275,All people aged 16 to 74 in employment,305,176,129
S01009275,1. Managers directors and senior officials,30,23,7
S01009275,2. Professional occupations,46,26,20
S01009275,3. Associate professional and technical occupations,41,20,21
S01009275,4. Administrative and secretarial occupations,20,4,16
S01009275,5. Skilled trades occupations,58,51,7
S01009275,6. Caring leisure and other service occupations,25,3,22
S01009275,7. Sales and customer service occupations,23,11,12
S01009275,8. Process plant and machine operatives,19,17,2
S01009275,9. Elementary occupations,43,21,22
S01009276,All people aged 16 to 74 in employment,415,215,200
S01009276,1. Managers directors and senior officials,43,27,16
S01009276,2. Professional occupations,65,30,35
S01009276,3. Associate professional and technical occupations,75,48,27
S01009276,4. Administrative and secretarial occupations,43,5,38
S01009276,5. Skilled trades occupations,47,46,1
S01009276,6. Caring leisure and other service occupations,43,5,38
S01009276,7. Sales and customer service occupations,37,8,29
S01009276,8. Process plant and machine operatives,33,29,4
S01009276,9. Elementary occupations,29,17,12
S01009277,All people aged 16 to 74 in employment,288,153,135
S01009277,1. Managers directors and senior officials,41,30,11
S01009277,2. Professional occupations,66,33,33
S01009277,3. Associate professional and technical occupations,36,19,17
S01009277,4. Administrative and secretarial occupations,38,6,32
S01009277,5. Skilled trades occupations,42,39,3
S01009277,6. Caring leisure and other service occupations,20,1,19
S01009277,7. Sales and customer service occupations,15,7,8
S01009277,8. Process plant and machine operatives,14,11,3
S01009277,9. Elementary occupations,16,7,9
S01009278,All people aged 16 to 74 in employment,300,153,147
S01009278,1. Managers directors and senior officials,40,18,22
S01009278,2. Professional occupations,76,32,44
S01009278,3. Associate professional and technical occupations,56,35,21
S01009278,4. Administrative and secretarial occupations,35,9,26
S01009278,5. Skilled trades occupations,36,33,3
S01009278,6. Caring leisure and other service occupations,11,2,9
S01009278,7. Sales and customer service occupations,18,6,12
S01009278,8. Process plant and machine operatives,8,8,0
S01009278,9. Elementary occupations,20,10,10
S01009279,All people aged 16 to 74 in employment,290,152,138
S01009279,1. Managers directors and senior officials,36,22,14
S01009279,2. Professional occupations,44,19,25
S01009279,3. Associate professional and technical occupations,46,24,22
S01009279,4. Administrative and secretarial occupations,23,1,22
S01009279,5. Skilled trades occupations,40,39,1
S01009279,6. Caring leisure and other service occupations,27,4,23
S01009279,7. Sales and customer service occupations,21,7,14
S01009279,8. Process plant and machine operatives,26,24,2
S01009279,9. Elementary occupations,27,12,15
S01009280,All people aged 16 to 74 in employment,290,153,137
S01009280,1. Managers directors and senior officials,12,9,3
S01009280,2. Professional occupations,8,3,5
S01009280,3. Associate professional and technical occupations,23,16,7
S01009280,4. Administrative and secretarial occupations,34,4,30
S01009280,5. Skilled trades occupations,50,44,6
S01009280,6. Caring leisure and other service occupations,36,2,34
S01009280,7. Sales and customer service occupations,39,13,26
S01009280,8. Process plant and machine operatives,45,39,6
S01009280,9. Elementary occupations,43,23,20
S01009281,All people aged 16 to 74 in employment,288,145,143
S01009281,1. Managers directors and senior officials,15,9,6
S01009281,2. Professional occupations,24,10,14
S01009281,3. Associate professional and technical occupations,25,15,10
S01009281,4. Administrative and secretarial occupations,28,1,27
S01009281,5. Skilled trades occupations,42,36,6
S01009281,6. Caring leisure and other service occupations,36,5,31
S01009281,7. Sales and customer service occupations,29,7,22
S01009281,8. Process plant and machine operatives,38,36,2
S01009281,9. Elementary occupations,51,26,25
S01009282,All people aged 16 to 74 in employment,353,186,167
S01009282,1. Managers directors and senior officials,39,24,15
S01009282,2. Professional occupations,84,40,44
S01009282,3. Associate professional and technical occupations,50,32,18
S01009282,4. Administrative and secretarial occupations,37,9,28
S01009282,5. Skilled trades occupations,47,40,7
S01009282,6. Caring leisure and other service occupations,34,7,27
S01009282,7. Sales and customer service occupations,18,6,12
S01009282,8. Process plant and machine operatives,15,13,2
S01009282,9. Elementary occupations,29,15,14
S01009283,All people aged 16 to 74 in employment,262,132,130
S01009283,1. Managers directors and senior officials,27,14,13
S01009283,2. Professional occupations,52,18,34
S01009283,3. Associate professional and technical occupations,36,25,11
S01009283,4. Administrative and secretarial occupations,25,6,19
S01009283,5. Skilled trades occupations,27,25,2
S01009283,6. Caring leisure and other service occupations,23,3,20
S01009283,7. Sales and customer service occupations,31,10,21
S01009283,8. Process plant and machine operatives,21,19,2
S01009283,9. Elementary occupations,20,12,8
S01009284,All people aged 16 to 74 in employment,457,224,233
S01009284,1. Managers directors and senior officials,60,35,25
S01009284,2. Professional occupations,96,44,52
S01009284,3. Associate professional and technical occupations,62,37,25
S01009284,4. Administrative and secretarial occupations,61,9,52
S01009284,5. Skilled trades occupations,49,45,4
S01009284,6. Caring leisure and other service occupations,33,6,27
S01009284,7. Sales and customer service occupations,47,14,33
S01009284,8. Process plant and machine operatives,20,18,2
S01009284,9. Elementary occupations,29,16,13
S01009285,All people aged 16 to 74 in employment,479,239,240
S01009285,1. Managers directors and senior officials,31,15,16
S01009285,2. Professional occupations,53,28,25
S01009285,3. Associate professional and technical occupations,73,49,24
S01009285,4. Administrative and secretarial occupations,65,14,51
S01009285,5. Skilled trades occupations,58,53,5
S01009285,6. Caring leisure and other service occupations,60,5,55
S01009285,7. Sales and customer service occupations,73,28,45
S01009285,8. Process plant and machine operatives,30,27,3
S01009285,9. Elementary occupations,36,20,16
S01009286,All people aged 16 to 74 in employment,388,203,185
S01009286,1. Managers directors and senior officials,43,32,11
S01009286,2. Professional occupations,69,29,40
S01009286,3. Associate professional and technical occupations,63,38,25
S01009286,4. Administrative and secretarial occupations,46,9,37
S01009286,5. Skilled trades occupations,46,43,3
S01009286,6. Caring leisure and other service occupations,35,8,27
S01009286,7. Sales and customer service occupations,34,9,25
S01009286,8. Process plant and machine operatives,21,20,1
S01009286,9. Elementary occupations,31,15,16
S01009287,All people aged 16 to 74 in employment,326,174,152
S01009287,1. Managers directors and senior officials,43,28,15
S01009287,2. Professional occupations,103,53,50
S01009287,3. Associate professional and technical occupations,54,36,18
S01009287,4. Administrative and secretarial occupations,42,10,32
S01009287,5. Skilled trades occupations,19,14,5
S01009287,6. Caring leisure and other service occupations,17,4,13
S01009287,7. Sales and customer service occupations,24,12,12
S01009287,8. Process plant and machine operatives,10,9,1
S01009287,9. Elementary occupations,14,8,6
S01009288,All people aged 16 to 74 in employment,355,186,169
S01009288,1. Managers directors and senior officials,64,46,18
S01009288,2. Professional occupations,101,51,50
S01009288,3. Associate professional and technical occupations,49,27,22
S01009288,4. Administrative and secretarial occupations,39,10,29
S01009288,5. Skilled trades occupations,28,19,9
S01009288,6. Caring leisure and other service occupations,19,1,18
S01009288,7. Sales and customer service occupations,19,6,13
S01009288,8. Process plant and machine operatives,11,9,2
S01009288,9. Elementary occupations,25,17,8
S01009289,All people aged 16 to 74 in employment,429,238,191
S01009289,1. Managers directors and senior officials,44,25,19
S01009289,2. Professional occupations,98,51,47
S01009289,3. Associate professional and technical occupations,62,40,22
S01009289,4. Administrative and secretarial occupations,73,23,50
S01009289,5. Skilled trades occupations,56,54,2
S01009289,6. Caring leisure and other service occupations,28,2,26
S01009289,7. Sales and customer service occupations,25,6,19
S01009289,8. Process plant and machine operatives,28,27,1
S01009289,9. Elementary occupations,15,10,5
S01009290,All people aged 16 to 74 in employment,283,150,133
S01009290,1. Managers directors and senior officials,37,26,11
S01009290,2. Professional occupations,68,35,33
S01009290,3. Associate professional and technical occupations,52,31,21
S01009290,4. Administrative and secretarial occupations,54,8,46
S01009290,5. Skilled trades occupations,26,25,1
S01009290,6. Caring leisure and other service occupations,13,3,10
S01009290,7. Sales and customer service occupations,13,4,9
S01009290,8. Process plant and machine operatives,9,9,0
S01009290,9. Elementary occupations,11,9,2
S01009291,All people aged 16 to 74 in employment,523,273,250
S01009291,1. Managers directors and senior officials,45,33,12
S01009291,2. Professional occupations,86,42,44
S01009291,3. Associate professional and technical occupations,77,51,26
S01009291,4. Administrative and secretarial occupations,93,21,72
S01009291,5. Skilled trades occupations,68,62,6
S01009291,6. Caring leisure and other service occupations,51,9,42
S01009291,7. Sales and customer service occupations,47,16,31
S01009291,8. Process plant and machine operatives,24,24,0
S01009291,9. Elementary occupations,32,15,17
S01009292,All people aged 16 to 74 in employment,237,118,119
S01009292,1. Managers directors and senior officials,11,8,3
S01009292,2. Professional occupations,13,7,6
S01009292,3. Associate professional and technical occupations,19,11,8
S01009292,4. Administrative and secretarial occupations,26,2,24
S01009292,5. Skilled trades occupations,39,37,2
S01009292,6. Caring leisure and other service occupations,31,6,25
S01009292,7. Sales and customer service occupations,30,6,24
S01009292,8. Process plant and machine operatives,21,19,2
S01009292,9. Elementary occupations,47,22,25
S01009293,All people aged 16 to 74 in employment,389,200,189
S01009293,1. Managers directors and senior officials,57,38,19
S01009293,2. Professional occupations,66,31,35
S01009293,3. Associate professional and technical occupations,46,34,12
S01009293,4. Administrative and secretarial occupations,51,9,42
S01009293,5. Skilled trades occupations,46,45,1
S01009293,6. Caring leisure and other service occupations,48,7,41
S01009293,7. Sales and customer service occupations,34,8,26
S01009293,8. Process plant and machine operatives,13,13,0
S01009293,9. Elementary occupations,28,15,13
S01009294,All people aged 16 to 74 in employment,258,127,131
S01009294,1. Managers directors and senior officials,39,25,14
S01009294,2. Professional occupations,65,30,35
S01009294,3. Associate professional and technical occupations,29,16,13
S01009294,4. Administrative and secretarial occupations,29,5,24
S01009294,5. Skilled trades occupations,33,32,1
S01009294,6. Caring leisure and other service occupations,27,1,26
S01009294,7. Sales and customer service occupations,19,4,15
S01009294,8. Process plant and machine operatives,8,8,0
S01009294,9. Elementary occupations,9,6,3
S01009295,All people aged 16 to 74 in employment,358,181,177
S01009295,1. Managers directors and senior officials,25,16,9
S01009295,2. Professional occupations,75,32,43
S01009295,3. Associate professional and technical occupations,51,27,24
S01009295,4. Administrative and secretarial occupations,58,9,49
S01009295,5. Skilled trades occupations,53,52,1
S01009295,6. Caring leisure and other service occupations,22,4,18
S01009295,7. Sales and customer service occupations,31,9,22
S01009295,8. Process plant and machine operatives,17,15,2
S01009295,9. Elementary occupations,26,17,9
S01009296,All people aged 16 to 74 in employment,303,161,142
S01009296,1. Managers directors and senior officials,25,18,7
S01009296,2. Professional occupations,44,14,30
S01009296,3. Associate professional and technical occupations,55,36,19
S01009296,4. Administrative and secretarial occupations,34,4,30
S01009296,5. Skilled trades occupations,40,40,0
S01009296,6. Caring leisure and other service occupations,19,3,16
S01009296,7. Sales and customer service occupations,37,10,27
S01009296,8. Process plant and machine operatives,23,20,3
S01009296,9. Elementary occupations,26,16,10
S01009297,All people aged 16 to 74 in employment,486,248,238
S01009297,1. Managers directors and senior officials,56,40,16
S01009297,2. Professional occupations,138,62,76
S01009297,3. Associate professional and technical occupations,68,43,25
S01009297,4. Administrative and secretarial occupations,57,11,46
S01009297,5. Skilled trades occupations,41,37,4
S01009297,6. Caring leisure and other service occupations,35,9,26
S01009297,7. Sales and customer service occupations,48,14,34
S01009297,8. Process plant and machine operatives,22,19,3
S01009297,9. Elementary occupations,21,13,8
S01009298,All people aged 16 to 74 in employment,442,216,226
S01009298,1. Managers directors and senior officials,24,13,11
S01009298,2. Professional occupations,63,32,31
S01009298,3. Associate professional and technical occupations,41,24,17
S01009298,4. Administrative and secretarial occupations,47,12,35
S01009298,5. Skilled trades occupations,45,44,1
S01009298,6. Caring leisure and other service occupations,62,13,49
S01009298,7. Sales and customer service occupations,61,11,50
S01009298,8. Process plant and machine operatives,37,29,8
S01009298,9. Elementary occupations,62,38,24
S01009299,All people aged 16 to 74 in employment,510,261,249
S01009299,1. Managers directors and senior officials,59,37,22
S01009299,2. Professional occupations,106,55,51
S01009299,3. Associate professional and technical occupations,89,55,34
S01009299,4. Administrative and secretarial occupations,58,14,44
S01009299,5. Skilled trades occupations,45,40,5
S01009299,6. Caring leisure and other service occupations,51,6,45
S01009299,7. Sales and customer service occupations,48,19,29
S01009299,8. Process plant and machine operatives,21,18,3
S01009299,9. Elementary occupations,33,17,16
S01009300,All people aged 16 to 74 in employment,281,138,143
S01009300,1. Managers directors and senior officials,17,10,7
S01009300,2. Professional occupations,54,25,29
S01009300,3. Associate professional and technical occupations,44,22,22
S01009300,4. Administrative and secretarial occupations,31,4,27
S01009300,5. Skilled trades occupations,39,34,5
S01009300,6. Caring leisure and other service occupations,28,9,19
S01009300,7. Sales and customer service occupations,34,10,24
S01009300,8. Process plant and machine operatives,9,7,2
S01009300,9. Elementary occupations,25,17,8
S01009301,All people aged 16 to 74 in employment,426,217,209
S01009301,1. Managers directors and senior officials,25,14,11
S01009301,2. Professional occupations,62,27,35
S01009301,3. Associate professional and technical occupations,59,29,30
S01009301,4. Administrative and secretarial occupations,48,11,37
S01009301,5. Skilled trades occupations,56,54,2
S01009301,6. Caring leisure and other service occupations,42,14,28
S01009301,7. Sales and customer service occupations,58,17,41
S01009301,8. Process plant and machine operatives,26,21,5
S01009301,9. Elementary occupations,50,30,20
S01009302,All people aged 16 to 74 in employment,370,174,196
S01009302,1. Managers directors and senior officials,14,5,9
S01009302,2. Professional occupations,41,16,25
S01009302,3. Associate professional and technical occupations,35,20,15
S01009302,4. Administrative and secretarial occupations,15,5,10
S01009302,5. Skilled trades occupations,40,33,7
S01009302,6. Caring leisure and other service occupations,53,11,42
S01009302,7. Sales and customer service occupations,67,17,50
S01009302,8. Process plant and machine operatives,41,34,7
S01009302,9. Elementary occupations,64,33,31
S01009303,All people aged 16 to 74 in employment,359,189,170
S01009303,1. Managers directors and senior officials,50,38,12
S01009303,2. Professional occupations,86,39,47
S01009303,3. Associate professional and technical occupations,63,36,27
S01009303,4. Administrative and secretarial occupations,41,14,27
S01009303,5. Skilled trades occupations,26,22,4
S01009303,6. Caring leisure and other service occupations,23,2,21
S01009303,7. Sales and customer service occupations,32,11,21
S01009303,8. Process plant and machine operatives,11,10,1
S01009303,9. Elementary occupations,27,17,10
S01009304,All people aged 16 to 74 in employment,471,240,231
S01009304,1. Managers directors and senior officials,37,23,14
S01009304,2. Professional occupations,58,28,30
S01009304,3. Associate professional and technical occupations,65,40,25
S01009304,4. Administrative and secretarial occupations,49,8,41
S01009304,5. Skilled trades occupations,59,54,5
S01009304,6. Caring leisure and other service occupations,59,6,53
S01009304,7. Sales and customer service occupations,56,15,41
S01009304,8. Process plant and machine operatives,35,33,2
S01009304,9. Elementary occupations,53,33,20
S01009305,All people aged 16 to 74 in employment,368,180,188
S01009305,1. Managers directors and senior officials,26,17,9
S01009305,2. Professional occupations,64,32,32
S01009305,3. Associate professional and technical occupations,71,41,30
S01009305,4. Administrative and secretarial occupations,48,5,43
S01009305,5. Skilled trades occupations,37,35,2
S01009305,6. Caring leisure and other service occupations,29,6,23
S01009305,7. Sales and customer service occupations,33,8,25
S01009305,8. Process plant and machine operatives,18,17,1
S01009305,9. Elementary occupations,42,19,23
S01009306,All people aged 16 to 74 in employment,570,281,289
S01009306,1. Managers directors and senior officials,40,29,11
S01009306,2. Professional occupations,102,42,60
S01009306,3. Associate professional and technical occupations,94,53,41
S01009306,4. Administrative and secretarial occupations,50,13,37
S01009306,5. Skilled trades occupations,67,63,4
S01009306,6. Caring leisure and other service occupations,61,11,50
S01009306,7. Sales and customer service occupations,64,21,43
S01009306,8. Process plant and machine operatives,33,27,6
S01009306,9. Elementary occupations,59,22,37
S01009307,All people aged 16 to 74 in employment,549,292,257
S01009307,1. Managers directors and senior officials,45,24,21
S01009307,2. Professional occupations,124,63,61
S01009307,3. Associate professional and technical occupations,110,61,49
S01009307,4. Administrative and secretarial occupations,54,13,41
S01009307,5. Skilled trades occupations,44,42,2
S01009307,6. Caring leisure and other service occupations,35,10,25
S01009307,7. Sales and customer service occupations,62,28,34
S01009307,8. Process plant and machine operatives,23,20,3
S01009307,9. Elementary occupations,52,31,21
S01009308,All people aged 16 to 74 in employment,283,152,131
S01009308,1. Managers directors and senior officials,31,15,16
S01009308,2. Professional occupations,59,28,31
S01009308,3. Associate professional and technical occupations,34,19,15
S01009308,4. Administrative and secretarial occupations,33,12,21
S01009308,5. Skilled trades occupations,25,23,2
S01009308,6. Caring leisure and other service occupations,26,8,18
S01009308,7. Sales and customer service occupations,28,16,12
S01009308,8. Process plant and machine operatives,14,13,1
S01009308,9. Elementary occupations,33,18,15
S01009309,All people aged 16 to 74 in employment,438,231,207
S01009309,1. Managers directors and senior officials,37,23,14
S01009309,2. Professional occupations,121,61,60
S01009309,3. Associate professional and technical occupations,61,30,31
S01009309,4. Administrative and secretarial occupations,53,16,37
S01009309,5. Skilled trades occupations,39,35,4
S01009309,6. Caring leisure and other service occupations,32,6,26
S01009309,7. Sales and customer service occupations,47,26,21
S01009309,8. Process plant and machine operatives,17,13,4
S01009309,9. Elementary occupations,31,21,10
S01009310,All people aged 16 to 74 in employment,466,242,224
S01009310,1. Managers directors and senior officials,52,32,20
S01009310,2. Professional occupations,115,55,60
S01009310,3. Associate professional and technical occupations,76,47,29
S01009310,4. Administrative and secretarial occupations,61,14,47
S01009310,5. Skilled trades occupations,51,45,6
S01009310,6. Caring leisure and other service occupations,27,5,22
S01009310,7. Sales and customer service occupations,36,8,28
S01009310,8. Process plant and machine operatives,21,16,5
S01009310,9. Elementary occupations,27,20,7
S01009311,All people aged 16 to 74 in employment,294,156,138
S01009311,1. Managers directors and senior officials,20,11,9
S01009311,2. Professional occupations,26,13,13
S01009311,3. Associate professional and technical occupations,29,15,14
S01009311,4. Administrative and secretarial occupations,22,5,17
S01009311,5. Skilled trades occupations,39,38,1
S01009311,6. Caring leisure and other service occupations,35,7,28
S01009311,7. Sales and customer service occupations,48,17,31
S01009311,8. Process plant and machine operatives,24,20,4
S01009311,9. Elementary occupations,51,30,21
S01009312,All people aged 16 to 74 in employment,397,201,196
S01009312,1. Managers directors and senior officials,37,22,15
S01009312,2. Professional occupations,81,34,47
S01009312,3. Associate professional and technical occupations,62,35,27
S01009312,4. Administrative and secretarial occupations,49,12,37
S01009312,5. Skilled trades occupations,37,33,4
S01009312,6. Caring leisure and other service occupations,37,8,29
S01009312,7. Sales and customer service occupations,42,21,21
S01009312,8. Process plant and machine operatives,19,17,2
S01009312,9. Elementary occupations,33,19,14
S01009313,All people aged 16 to 74 in employment,247,122,125
S01009313,1. Managers directors and senior officials,11,8,3
S01009313,2. Professional occupations,20,8,12
S01009313,3. Associate professional and technical occupations,37,22,15
S01009313,4. Administrative and secretarial occupations,34,6,28
S01009313,5. Skilled trades occupations,28,28,0
S01009313,6. Caring leisure and other service occupations,30,4,26
S01009313,7. Sales and customer service occupations,32,12,20
S01009313,8. Process plant and machine operatives,14,14,0
S01009313,9. Elementary occupations,41,20,21
S01009314,All people aged 16 to 74 in employment,333,167,166
S01009314,1. Managers directors and senior officials,29,20,9
S01009314,2. Professional occupations,75,36,39
S01009314,3. Associate professional and technical occupations,23,17,6
S01009314,4. Administrative and secretarial occupations,46,5,41
S01009314,5. Skilled trades occupations,29,26,3
S01009314,6. Caring leisure and other service occupations,32,10,22
S01009314,7. Sales and customer service occupations,47,15,32
S01009314,8. Process plant and machine operatives,21,18,3
S01009314,9. Elementary occupations,31,20,11
S01009315,All people aged 16 to 74 in employment,285,146,139
S01009315,1. Managers directors and senior officials,17,12,5
S01009315,2. Professional occupations,31,13,18
S01009315,3. Associate professional and technical occupations,23,15,8
S01009315,4. Administrative and secretarial occupations,32,7,25
S01009315,5. Skilled trades occupations,44,41,3
S01009315,6. Caring leisure and other service occupations,27,2,25
S01009315,7. Sales and customer service occupations,48,15,33
S01009315,8. Process plant and machine operatives,25,22,3
S01009315,9. Elementary occupations,38,19,19
S01009316,All people aged 16 to 74 in employment,405,213,192
S01009316,1. Managers directors and senior officials,50,29,21
S01009316,2. Professional occupations,128,71,57
S01009316,3. Associate professional and technical occupations,73,41,32
S01009316,4. Administrative and secretarial occupations,37,7,30
S01009316,5. Skilled trades occupations,25,23,2
S01009316,6. Caring leisure and other service occupations,24,6,18
S01009316,7. Sales and customer service occupations,30,12,18
S01009316,8. Process plant and machine operatives,13,12,1
S01009316,9. Elementary occupations,25,12,13
S01009317,All people aged 16 to 74 in employment,441,227,214
S01009317,1. Managers directors and senior officials,41,25,16
S01009317,2. Professional occupations,108,54,54
S01009317,3. Associate professional and technical occupations,52,26,26
S01009317,4. Administrative and secretarial occupations,58,17,41
S01009317,5. Skilled trades occupations,53,52,1
S01009317,6. Caring leisure and other service occupations,39,9,30
S01009317,7. Sales and customer service occupations,48,14,34
S01009317,8. Process plant and machine operatives,17,15,2
S01009317,9. Elementary occupations,25,15,10
S01009318,All people aged 16 to 74 in employment,341,163,178
S01009318,1. Managers directors and senior officials,39,26,13
S01009318,2. Professional occupations,100,41,59
S01009318,3. Associate professional and technical occupations,60,39,21
S01009318,4. Administrative and secretarial occupations,41,6,35
S01009318,5. Skilled trades occupations,17,16,1
S01009318,6. Caring leisure and other service occupations,26,5,21
S01009318,7. Sales and customer service occupations,28,10,18
S01009318,8. Process plant and machine operatives,12,11,1
S01009318,9. Elementary occupations,18,9,9
S01009319,All people aged 16 to 74 in employment,387,206,181
S01009319,1. Managers directors and senior officials,32,20,12
S01009319,2. Professional occupations,86,43,43
S01009319,3. Associate professional and technical occupations,76,52,24
S01009319,4. Administrative and secretarial occupations,60,10,50
S01009319,5. Skilled trades occupations,31,30,1
S01009319,6. Caring leisure and other service occupations,35,7,28
S01009319,7. Sales and customer service occupations,29,13,16
S01009319,8. Process plant and machine operatives,17,17,0
S01009319,9. Elementary occupations,21,14,7
S01009320,All people aged 16 to 74 in employment,318,159,159
S01009320,1. Managers directors and senior officials,24,19,5
S01009320,2. Professional occupations,65,33,32
S01009320,3. Associate professional and technical occupations,45,25,20
S01009320,4. Administrative and secretarial occupations,45,7,38
S01009320,5. Skilled trades occupations,41,37,4
S01009320,6. Caring leisure and other service occupations,34,5,29
S01009320,7. Sales and customer service occupations,24,8,16
S01009320,8. Process plant and machine operatives,15,15,0
S01009320,9. Elementary occupations,25,10,15
S01009321,All people aged 16 to 74 in employment,316,167,149
S01009321,1. Managers directors and senior officials,38,25,13
S01009321,2. Professional occupations,67,34,33
S01009321,3. Associate professional and technical occupations,57,34,23
S01009321,4. Administrative and secretarial occupations,36,7,29
S01009321,5. Skilled trades occupations,27,25,2
S01009321,6. Caring leisure and other service occupations,20,3,17
S01009321,7. Sales and customer service occupations,31,13,18
S01009321,8. Process plant and machine operatives,13,12,1
S01009321,9. Elementary occupations,27,14,13
S01009322,All people aged 16 to 74 in employment,384,200,184
S01009322,1. Managers directors and senior officials,30,17,13
S01009322,2. Professional occupations,58,28,30
S01009322,3. Associate professional and technical occupations,57,39,18
S01009322,4. Administrative and secretarial occupations,53,13,40
S01009322,5. Skilled trades occupations,47,44,3
S01009322,6. Caring leisure and other service occupations,35,5,30
S01009322,7. Sales and customer service occupations,35,8,27
S01009322,8. Process plant and machine operatives,35,30,5
S01009322,9. Elementary occupations,34,16,18
S01009323,All people aged 16 to 74 in employment,296,155,141
S01009323,1. Managers directors and senior officials,16,6,10
S01009323,2. Professional occupations,35,17,18
S01009323,3. Associate professional and technical occupations,42,28,14
S01009323,4. Administrative and secretarial occupations,40,7,33
S01009323,5. Skilled trades occupations,31,31,0
S01009323,6. Caring leisure and other service occupations,29,5,24
S01009323,7. Sales and customer service occupations,41,18,23
S01009323,8. Process plant and machine operatives,28,25,3
S01009323,9. Elementary occupations,34,18,16
S01009324,All people aged 16 to 74 in employment,272,133,139
S01009324,1. Managers directors and senior officials,11,6,5
S01009324,2. Professional occupations,29,10,19
S01009324,3. Associate professional and technical occupations,44,24,20
S01009324,4. Administrative and secretarial occupations,28,4,24
S01009324,5. Skilled trades occupations,39,35,4
S01009324,6. Caring leisure and other service occupations,29,4,25
S01009324,7. Sales and customer service occupations,33,9,24
S01009324,8. Process plant and machine operatives,28,26,2
S01009324,9. Elementary occupations,31,15,16
S01009325,All people aged 16 to 74 in employment,412,206,206
S01009325,1. Managers directors and senior officials,33,23,10
S01009325,2. Professional occupations,91,41,50
S01009325,3. Associate professional and technical occupations,83,47,36
S01009325,4. Administrative and secretarial occupations,56,7,49
S01009325,5. Skilled trades occupations,39,38,1
S01009325,6. Caring leisure and other service occupations,39,10,29
S01009325,7. Sales and customer service occupations,25,6,19
S01009325,8. Process plant and machine operatives,20,18,2
S01009325,9. Elementary occupations,26,16,10
S01009326,All people aged 16 to 74 in employment,306,147,159
S01009326,1. Managers directors and senior officials,29,23,6
S01009326,2. Professional occupations,60,31,29
S01009326,3. Associate professional and technical occupations,57,29,28
S01009326,4. Administrative and secretarial occupations,44,12,32
S01009326,5. Skilled trades occupations,29,24,5
S01009326,6. Caring leisure and other service occupations,27,3,24
S01009326,7. Sales and customer service occupations,25,6,19
S01009326,8. Process plant and machine operatives,9,8,1
S01009326,9. Elementary occupations,26,11,15
S01009327,All people aged 16 to 74 in employment,240,124,116
S01009327,1. Managers directors and senior officials,22,14,8
S01009327,2. Professional occupations,56,30,26
S01009327,3. Associate professional and technical occupations,39,24,15
S01009327,4. Administrative and secretarial occupations,23,4,19
S01009327,5. Skilled trades occupations,22,21,1
S01009327,6. Caring leisure and other service occupations,25,4,21
S01009327,7. Sales and customer service occupations,20,3,17
S01009327,8. Process plant and machine operatives,10,10,0
S01009327,9. Elementary occupations,23,14,9
S01009328,All people aged 16 to 74 in employment,421,223,198
S01009328,1. Managers directors and senior officials,50,32,18
S01009328,2. Professional occupations,109,57,52
S01009328,3. Associate professional and technical occupations,94,52,42
S01009328,4. Administrative and secretarial occupations,50,8,42
S01009328,5. Skilled trades occupations,40,38,2
S01009328,6. Caring leisure and other service occupations,19,1,18
S01009328,7. Sales and customer service occupations,31,13,18
S01009328,8. Process plant and machine operatives,14,13,1
S01009328,9. Elementary occupations,14,9,5
S01009329,All people aged 16 to 74 in employment,284,144,140
S01009329,1. Managers directors and senior officials,28,15,13
S01009329,2. Professional occupations,59,32,27
S01009329,3. Associate professional and technical occupations,64,39,25
S01009329,4. Administrative and secretarial occupations,37,6,31
S01009329,5. Skilled trades occupations,24,21,3
S01009329,6. Caring leisure and other service occupations,18,4,14
S01009329,7. Sales and customer service occupations,30,10,20
S01009329,8. Process plant and machine operatives,8,6,2
S01009329,9. Elementary occupations,16,11,5
S01009330,All people aged 16 to 74 in employment,252,123,129
S01009330,1. Managers directors and senior officials,24,16,8
S01009330,2. Professional occupations,44,16,28
S01009330,3. Associate professional and technical occupations,42,26,16
S01009330,4. Administrative and secretarial occupations,28,11,17
S01009330,5. Skilled trades occupations,20,20,0
S01009330,6. Caring leisure and other service occupations,23,5,18
S01009330,7. Sales and customer service occupations,32,6,26
S01009330,8. Process plant and machine operatives,12,9,3
S01009330,9. Elementary occupations,27,14,13
S01009331,All people aged 16 to 74 in employment,324,165,159
S01009331,1. Managers directors and senior officials,40,17,23
S01009331,2. Professional occupations,89,49,40
S01009331,3. Associate professional and technical occupations,51,38,13
S01009331,4. Administrative and secretarial occupations,46,9,37
S01009331,5. Skilled trades occupations,26,24,2
S01009331,6. Caring leisure and other service occupations,23,2,21
S01009331,7. Sales and customer service occupations,23,6,17
S01009331,8. Process plant and machine operatives,13,12,1
S01009331,9. Elementary occupations,13,8,5
S01009332,All people aged 16 to 74 in employment,451,230,221
S01009332,1. Managers directors and senior officials,49,38,11
S01009332,2. Professional occupations,105,40,65
S01009332,3. Associate professional and technical occupations,85,54,31
S01009332,4. Administrative and secretarial occupations,53,11,42
S01009332,5. Skilled trades occupations,36,36,0
S01009332,6. Caring leisure and other service occupations,45,8,37
S01009332,7. Sales and customer service occupations,33,11,22
S01009332,8. Process plant and machine operatives,19,17,2
S01009332,9. Elementary occupations,26,15,11
S01009333,All people aged 16 to 74 in employment,363,195,168
S01009333,1. Managers directors and senior officials,22,11,11
S01009333,2. Professional occupations,28,9,19
S01009333,3. Associate professional and technical occupations,41,28,13
S01009333,4. Administrative and secretarial occupations,33,11,22
S01009333,5. Skilled trades occupations,45,44,1
S01009333,6. Caring leisure and other service occupations,44,11,33
S01009333,7. Sales and customer service occupations,60,17,43
S01009333,8. Process plant and machine operatives,33,29,4
S01009333,9. Elementary occupations,57,35,22
S01009334,All people aged 16 to 74 in employment,238,119,119
S01009334,1. Managers directors and senior officials,14,8,6
S01009334,2. Professional occupations,18,8,10
S01009334,3. Associate professional and technical occupations,25,15,10
S01009334,4. Administrative and secretarial occupations,24,6,18
S01009334,5. Skilled trades occupations,29,28,1
S01009334,6. Caring leisure and other service occupations,41,6,35
S01009334,7. Sales and customer service occupations,22,9,13
S01009334,8. Process plant and machine operatives,26,18,8
S01009334,9. Elementary occupations,39,21,18
S01009335,All people aged 16 to 74 in employment,347,170,177
S01009335,1. Managers directors and senior officials,21,12,9
S01009335,2. Professional occupations,29,14,15
S01009335,3. Associate professional and technical occupations,25,14,11
S01009335,4. Administrative and secretarial occupations,46,10,36
S01009335,5. Skilled trades occupations,46,42,4
S01009335,6. Caring leisure and other service occupations,38,7,31
S01009335,7. Sales and customer service occupations,45,14,31
S01009335,8. Process plant and machine operatives,31,28,3
S01009335,9. Elementary occupations,66,29,37
S01009336,All people aged 16 to 74 in employment,235,125,110
S01009336,1. Managers directors and senior officials,10,5,5
S01009336,2. Professional occupations,11,7,4
S01009336,3. Associate professional and technical occupations,26,14,12
S01009336,4. Administrative and secretarial occupations,19,6,13
S01009336,5. Skilled trades occupations,34,32,2
S01009336,6. Caring leisure and other service occupations,33,6,27
S01009336,7. Sales and customer service occupations,43,15,28
S01009336,8. Process plant and machine operatives,18,18,0
S01009336,9. Elementary occupations,41,22,19
S01009337,All people aged 16 to 74 in employment,292,140,152
S01009337,1. Managers directors and senior officials,10,5,5
S01009337,2. Professional occupations,19,10,9
S01009337,3. Associate professional and technical occupations,35,17,18
S01009337,4. Administrative and secretarial occupations,33,7,26
S01009337,5. Skilled trades occupations,36,32,4
S01009337,6. Caring leisure and other service occupations,35,5,30
S01009337,7. Sales and customer service occupations,49,14,35
S01009337,8. Process plant and machine operatives,27,25,2
S01009337,9. Elementary occupations,48,25,23
S01009338,All people aged 16 to 74 in employment,271,130,141
S01009338,1. Managers directors and senior officials,14,10,4
S01009338,2. Professional occupations,15,6,9
S01009338,3. Associate professional and technical occupations,21,10,11
S01009338,4. Administrative and secretarial occupations,25,6,19
S01009338,5. Skilled trades occupations,24,21,3
S01009338,6. Caring leisure and other service occupations,22,7,15
S01009338,7. Sales and customer service occupations,56,18,38
S01009338,8. Process plant and machine operatives,33,24,9
S01009338,9. Elementary occupations,61,28,33
S01009339,All people aged 16 to 74 in employment,318,170,148
S01009339,1. Managers directors and senior officials,18,6,12
S01009339,2. Professional occupations,12,4,8
S01009339,3. Associate professional and technical occupations,25,15,10
S01009339,4. Administrative and secretarial occupations,22,4,18
S01009339,5. Skilled trades occupations,47,45,2
S01009339,6. Caring leisure and other service occupations,32,6,26
S01009339,7. Sales and customer service occupations,48,16,32
S01009339,8. Process plant and machine operatives,35,28,7
S01009339,9. Elementary occupations,79,46,33
S01009340,All people aged 16 to 74 in employment,266,123,143
S01009340,1. Managers directors and senior officials,7,4,3
S01009340,2. Professional occupations,16,6,10
S01009340,3. Associate professional and technical occupations,16,10,6
S01009340,4. Administrative and secretarial occupations,23,2,21
S01009340,5. Skilled trades occupations,36,33,3
S01009340,6. Caring leisure and other service occupations,45,10,35
S01009340,7. Sales and customer service occupations,29,9,20
S01009340,8. Process plant and machine operatives,32,26,6
S01009340,9. Elementary occupations,62,23,39
S01009341,All people aged 16 to 74 in employment,258,141,117
S01009341,1. Managers directors and senior officials,10,7,3
S01009341,2. Professional occupations,18,9,9
S01009341,3. Associate professional and technical occupations,16,14,2
S01009341,4. Administrative and secretarial occupations,20,3,17
S01009341,5. Skilled trades occupations,38,36,2
S01009341,6. Caring leisure and other service occupations,31,4,27
S01009341,7. Sales and customer service occupations,48,13,35
S01009341,8. Process plant and machine operatives,30,28,2
S01009341,9. Elementary occupations,47,27,20
S01009342,All people aged 16 to 74 in employment,349,179,170
S01009342,1. Managers directors and senior officials,23,13,10
S01009342,2. Professional occupations,31,17,14
S01009342,3. Associate professional and technical occupations,27,14,13
S01009342,4. Administrative and secretarial occupations,36,5,31
S01009342,5. Skilled trades occupations,50,43,7
S01009342,6. Caring leisure and other service occupations,43,7,36
S01009342,7. Sales and customer service occupations,59,22,37
S01009342,8. Process plant and machine operatives,27,23,4
S01009342,9. Elementary occupations,53,35,18
S01009343,All people aged 16 to 74 in employment,298,139,159
S01009343,1. Managers directors and senior officials,16,9,7
S01009343,2. Professional occupations,23,8,15
S01009343,3. Associate professional and technical occupations,37,19,18
S01009343,4. Administrative and secretarial occupations,43,7,36
S01009343,5. Skilled trades occupations,34,31,3
S01009343,6. Caring leisure and other service occupations,34,6,28
S01009343,7. Sales and customer service occupations,44,10,34
S01009343,8. Process plant and machine operatives,27,21,6
S01009343,9. Elementary occupations,40,28,12
S01009344,All people aged 16 to 74 in employment,276,132,144
S01009344,1. Managers directors and senior officials,15,4,11
S01009344,2. Professional occupations,14,9,5
S01009344,3. Associate professional and technical occupations,24,12,12
S01009344,4. Administrative and secretarial occupations,29,8,21
S01009344,5. Skilled trades occupations,38,36,2
S01009344,6. Caring leisure and other service occupations,37,5,32
S01009344,7. Sales and customer service occupations,44,13,31
S01009344,8. Process plant and machine operatives,28,27,1
S01009344,9. Elementary occupations,47,18,29
S01009345,All people aged 16 to 74 in employment,475,242,233
S01009345,1. Managers directors and senior officials,35,23,12
S01009345,2. Professional occupations,52,21,31
S01009345,3. Associate professional and technical occupations,50,32,18
S01009345,4. Administrative and secretarial occupations,53,8,45
S01009345,5. Skilled trades occupations,63,56,7
S01009345,6. Caring leisure and other service occupations,53,15,38
S01009345,7. Sales and customer service occupations,66,18,48
S01009345,8. Process plant and machine operatives,40,35,5
S01009345,9. Elementary occupations,63,34,29
S01009346,All people aged 16 to 74 in employment,402,215,187
S01009346,1. Managers directors and senior officials,59,34,25
S01009346,2. Professional occupations,103,53,50
S01009346,3. Associate professional and technical occupations,94,55,39
S01009346,4. Administrative and secretarial occupations,34,8,26
S01009346,5. Skilled trades occupations,34,32,2
S01009346,6. Caring leisure and other service occupations,24,3,21
S01009346,7. Sales and customer service occupations,27,7,20
S01009346,8. Process plant and machine operatives,15,15,0
S01009346,9. Elementary occupations,12,8,4
S01009347,All people aged 16 to 74 in employment,370,202,168
S01009347,1. Managers directors and senior officials,64,49,15
S01009347,2. Professional occupations,101,50,51
S01009347,3. Associate professional and technical occupations,82,54,28
S01009347,4. Administrative and secretarial occupations,36,7,29
S01009347,5. Skilled trades occupations,20,17,3
S01009347,6. Caring leisure and other service occupations,19,1,18
S01009347,7. Sales and customer service occupations,28,9,19
S01009347,8. Process plant and machine operatives,9,8,1
S01009347,9. Elementary occupations,11,7,4
S01009348,All people aged 16 to 74 in employment,293,155,138
S01009348,1. Managers directors and senior officials,30,18,12
S01009348,2. Professional occupations,66,38,28
S01009348,3. Associate professional and technical occupations,60,38,22
S01009348,4. Administrative and secretarial occupations,36,6,30
S01009348,5. Skilled trades occupations,28,28,0
S01009348,6. Caring leisure and other service occupations,20,4,16
S01009348,7. Sales and customer service occupations,30,9,21
S01009348,8. Process plant and machine operatives,9,8,1
S01009348,9. Elementary occupations,14,6,8
S01009349,All people aged 16 to 74 in employment,461,245,216
S01009349,1. Managers directors and senior officials,53,37,16
S01009349,2. Professional occupations,119,54,65
S01009349,3. Associate professional and technical occupations,97,57,40
S01009349,4. Administrative and secretarial occupations,64,15,49
S01009349,5. Skilled trades occupations,38,37,1
S01009349,6. Caring leisure and other service occupations,25,6,19
S01009349,7. Sales and customer service occupations,28,7,21
S01009349,8. Process plant and machine operatives,15,15,0
S01009349,9. Elementary occupations,22,17,5
S01009350,All people aged 16 to 74 in employment,349,181,168
S01009350,1. Managers directors and senior officials,49,29,20
S01009350,2. Professional occupations,54,30,24
S01009350,3. Associate professional and technical occupations,73,41,32
S01009350,4. Administrative and secretarial occupations,29,6,23
S01009350,5. Skilled trades occupations,25,23,2
S01009350,6. Caring leisure and other service occupations,27,6,21
S01009350,7. Sales and customer service occupations,42,7,35
S01009350,8. Process plant and machine operatives,22,22,0
S01009350,9. Elementary occupations,28,17,11
S01009351,All people aged 16 to 74 in employment,333,176,157
S01009351,1. Managers directors and senior officials,40,31,9
S01009351,2. Professional occupations,80,43,37
S01009351,3. Associate professional and technical occupations,59,37,22
S01009351,4. Administrative and secretarial occupations,42,9,33
S01009351,5. Skilled trades occupations,25,24,1
S01009351,6. Caring leisure and other service occupations,23,5,18
S01009351,7. Sales and customer service occupations,27,5,22
S01009351,8. Process plant and machine operatives,12,12,0
S01009351,9. Elementary occupations,25,10,15
S01009352,All people aged 16 to 74 in employment,475,247,228
S01009352,1. Managers directors and senior officials,67,43,24
S01009352,2. Professional occupations,145,69,76
S01009352,3. Associate professional and technical occupations,101,60,41
S01009352,4. Administrative and secretarial occupations,44,8,36
S01009352,5. Skilled trades occupations,31,31,0
S01009352,6. Caring leisure and other service occupations,28,7,21
S01009352,7. Sales and customer service occupations,25,6,19
S01009352,8. Process plant and machine operatives,17,14,3
S01009352,9. Elementary occupations,17,9,8
S01009353,All people aged 16 to 74 in employment,235,128,107
S01009353,1. Managers directors and senior officials,22,16,6
S01009353,2. Professional occupations,59,31,28
S01009353,3. Associate professional and technical occupations,48,28,20
S01009353,4. Administrative and secretarial occupations,26,6,20
S01009353,5. Skilled trades occupations,23,20,3
S01009353,6. Caring leisure and other service occupations,15,4,11
S01009353,7. Sales and customer service occupations,25,12,13
S01009353,8. Process plant and machine operatives,9,6,3
S01009353,9. Elementary occupations,8,5,3
S01009354,All people aged 16 to 74 in employment,514,271,243
S01009354,1. Managers directors and senior officials,63,42,21
S01009354,2. Professional occupations,134,70,64
S01009354,3. Associate professional and technical occupations,109,62,47
S01009354,4. Administrative and secretarial occupations,68,13,55
S01009354,5. Skilled trades occupations,41,39,2
S01009354,6. Caring leisure and other service occupations,21,3,18
S01009354,7. Sales and customer service occupations,41,14,27
S01009354,8. Process plant and machine operatives,17,17,0
S01009354,9. Elementary occupations,20,11,9
S01009355,All people aged 16 to 74 in employment,464,250,214
S01009355,1. Managers directors and senior officials,24,13,11
S01009355,2. Professional occupations,75,33,42
S01009355,3. Associate professional and technical occupations,65,46,19
S01009355,4. Administrative and secretarial occupations,71,16,55
S01009355,5. Skilled trades occupations,69,65,4
S01009355,6. Caring leisure and other service occupations,36,7,29
S01009355,7. Sales and customer service occupations,60,21,39
S01009355,8. Process plant and machine operatives,26,25,1
S01009355,9. Elementary occupations,38,24,14
S01009356,All people aged 16 to 74 in employment,508,268,240
S01009356,1. Managers directors and senior officials,44,28,16
S01009356,2. Professional occupations,95,48,47
S01009356,3. Associate professional and technical occupations,67,43,24
S01009356,4. Administrative and secretarial occupations,72,11,61
S01009356,5. Skilled trades occupations,58,56,2
S01009356,6. Caring leisure and other service occupations,46,14,32
S01009356,7. Sales and customer service occupations,57,23,34
S01009356,8. Process plant and machine operatives,28,27,1
S01009356,9. Elementary occupations,41,18,23
S01009357,All people aged 16 to 74 in employment,285,149,136
S01009357,1. Managers directors and senior officials,39,24,15
S01009357,2. Professional occupations,67,35,32
S01009357,3. Associate professional and technical occupations,53,33,20
S01009357,4. Administrative and secretarial occupations,32,3,29
S01009357,5. Skilled trades occupations,26,21,5
S01009357,6. Caring leisure and other service occupations,20,2,18
S01009357,7. Sales and customer service occupations,21,11,10
S01009357,8. Process plant and machine operatives,14,13,1
S01009357,9. Elementary occupations,13,7,6
S01009358,All people aged 16 to 74 in employment,378,205,173
S01009358,1. Managers directors and senior officials,56,43,13
S01009358,2. Professional occupations,130,68,62
S01009358,3. Associate professional and technical occupations,74,49,25
S01009358,4. Administrative and secretarial occupations,33,7,26
S01009358,5. Skilled trades occupations,18,13,5
S01009358,6. Caring leisure and other service occupations,15,0,15
S01009358,7. Sales and customer service occupations,26,9,17
S01009358,8. Process plant and machine operatives,10,8,2
S01009358,9. Elementary occupations,16,8,8
S01009359,All people aged 16 to 74 in employment,437,238,199
S01009359,1. Managers directors and senior officials,48,33,15
S01009359,2. Professional occupations,98,49,49
S01009359,3. Associate professional and technical occupations,98,60,38
S01009359,4. Administrative and secretarial occupations,46,13,33
S01009359,5. Skilled trades occupations,38,37,1
S01009359,6. Caring leisure and other service occupations,35,7,28
S01009359,7. Sales and customer service occupations,38,11,27
S01009359,8. Process plant and machine operatives,16,14,2
S01009359,9. Elementary occupations,20,14,6
S01009360,All people aged 16 to 74 in employment,439,222,217
S01009360,1. Managers directors and senior officials,43,27,16
S01009360,2. Professional occupations,86,47,39
S01009360,3. Associate professional and technical occupations,67,41,26
S01009360,4. Administrative and secretarial occupations,58,14,44
S01009360,5. Skilled trades occupations,42,37,5
S01009360,6. Caring leisure and other service occupations,39,10,29
S01009360,7. Sales and customer service occupations,46,14,32
S01009360,8. Process plant and machine operatives,18,16,2
S01009360,9. Elementary occupations,40,16,24
S01009361,All people aged 16 to 74 in employment,393,208,185
S01009361,1. Managers directors and senior officials,33,24,9
S01009361,2. Professional occupations,62,28,34
S01009361,3. Associate professional and technical occupations,69,45,24
S01009361,4. Administrative and secretarial occupations,43,8,35
S01009361,5. Skilled trades occupations,41,38,3
S01009361,6. Caring leisure and other service occupations,29,9,20
S01009361,7. Sales and customer service occupations,49,16,33
S01009361,8. Process plant and machine operatives,27,20,7
S01009361,9. Elementary occupations,40,20,20
S01009362,All people aged 16 to 74 in employment,543,292,251
S01009362,1. Managers directors and senior officials,35,23,12
S01009362,2. Professional occupations,85,45,40
S01009362,3. Associate professional and technical occupations,83,58,25
S01009362,4. Administrative and secretarial occupations,91,26,65
S01009362,5. Skilled trades occupations,60,55,5
S01009362,6. Caring leisure and other service occupations,45,6,39
S01009362,7. Sales and customer service occupations,64,18,46
S01009362,8. Process plant and machine operatives,35,32,3
S01009362,9. Elementary occupations,45,29,16
S01009363,All people aged 16 to 74 in employment,399,200,199
S01009363,1. Managers directors and senior officials,27,15,12
S01009363,2. Professional occupations,31,14,17
S01009363,3. Associate professional and technical occupations,38,27,11
S01009363,4. Administrative and secretarial occupations,66,14,52
S01009363,5. Skilled trades occupations,49,43,6
S01009363,6. Caring leisure and other service occupations,42,7,35
S01009363,7. Sales and customer service occupations,58,17,41
S01009363,8. Process plant and machine operatives,31,28,3
S01009363,9. Elementary occupations,57,35,22
S01009364,All people aged 16 to 74 in employment,486,251,235
S01009364,1. Managers directors and senior officials,28,15,13
S01009364,2. Professional occupations,47,20,27
S01009364,3. Associate professional and technical occupations,60,43,17
S01009364,4. Administrative and secretarial occupations,62,15,47
S01009364,5. Skilled trades occupations,70,64,6
S01009364,6. Caring leisure and other service occupations,50,10,40
S01009364,7. Sales and customer service occupations,71,19,52
S01009364,8. Process plant and machine operatives,40,36,4
S01009364,9. Elementary occupations,58,29,29
S01009365,All people aged 16 to 74 in employment,284,139,145
S01009365,1. Managers directors and senior officials,8,8,0
S01009365,2. Professional occupations,29,14,15
S01009365,3. Associate professional and technical occupations,35,21,14
S01009365,4. Administrative and secretarial occupations,32,2,30
S01009365,5. Skilled trades occupations,35,32,3
S01009365,6. Caring leisure and other service occupations,32,3,29
S01009365,7. Sales and customer service occupations,41,9,32
S01009365,8. Process plant and machine operatives,28,24,4
S01009365,9. Elementary occupations,44,26,18
S01009366,All people aged 16 to 74 in employment,335,171,164
S01009366,1. Managers directors and senior officials,27,10,17
S01009366,2. Professional occupations,25,13,12
S01009366,3. Associate professional and technical occupations,35,20,15
S01009366,4. Administrative and secretarial occupations,42,7,35
S01009366,5. Skilled trades occupations,47,44,3
S01009366,6. Caring leisure and other service occupations,31,4,27
S01009366,7. Sales and customer service occupations,38,10,28
S01009366,8. Process plant and machine operatives,35,30,5
S01009366,9. Elementary occupations,55,33,22
S01009367,All people aged 16 to 74 in employment,305,149,156
S01009367,1. Managers directors and senior officials,14,8,6
S01009367,2. Professional occupations,33,13,20
S01009367,3. Associate professional and technical occupations,38,19,19
S01009367,4. Administrative and secretarial occupations,43,9,34
S01009367,5. Skilled trades occupations,43,39,4
S01009367,6. Caring leisure and other service occupations,19,4,15
S01009367,7. Sales and customer service occupations,44,13,31
S01009367,8. Process plant and machine operatives,23,19,4
S01009367,9. Elementary occupations,48,25,23
S01009368,All people aged 16 to 74 in employment,278,150,128
S01009368,1. Managers directors and senior officials,15,9,6
S01009368,2. Professional occupations,17,10,7
S01009368,3. Associate professional and technical occupations,26,16,10
S01009368,4. Administrative and secretarial occupations,36,7,29
S01009368,5. Skilled trades occupations,37,36,1
S01009368,6. Caring leisure and other service occupations,32,3,29
S01009368,7. Sales and customer service occupations,35,12,23
S01009368,8. Process plant and machine operatives,38,31,7
S01009368,9. Elementary occupations,42,26,16
S01009369,All people aged 16 to 74 in employment,298,152,146
S01009369,1. Managers directors and senior officials,10,6,4
S01009369,2. Professional occupations,29,13,16
S01009369,3. Associate professional and technical occupations,35,20,15
S01009369,4. Administrative and secretarial occupations,32,4,28
S01009369,5. Skilled trades occupations,48,41,7
S01009369,6. Caring leisure and other service occupations,27,1,26
S01009369,7. Sales and customer service occupations,43,13,30
S01009369,8. Process plant and machine operatives,30,28,2
S01009369,9. Elementary occupations,44,26,18
S01009370,All people aged 16 to 74 in employment,415,214,201
S01009370,1. Managers directors and senior officials,27,15,12
S01009370,2. Professional occupations,47,25,22
S01009370,3. Associate professional and technical occupations,40,25,15
S01009370,4. Administrative and secretarial occupations,58,8,50
S01009370,5. Skilled trades occupations,61,57,4
S01009370,6. Caring leisure and other service occupations,53,10,43
S01009370,7. Sales and customer service occupations,44,14,30
S01009370,8. Process plant and machine operatives,28,25,3
S01009370,9. Elementary occupations,57,35,22
S01009371,All people aged 16 to 74 in employment,262,124,138
S01009371,1. Managers directors and senior officials,20,14,6
S01009371,2. Professional occupations,20,8,12
S01009371,3. Associate professional and technical occupations,35,21,14
S01009371,4. Administrative and secretarial occupations,26,5,21
S01009371,5. Skilled trades occupations,27,24,3
S01009371,6. Caring leisure and other service occupations,24,3,21
S01009371,7. Sales and customer service occupations,43,6,37
S01009371,8. Process plant and machine operatives,22,18,4
S01009371,9. Elementary occupations,45,25,20
S01009372,All people aged 16 to 74 in employment,266,130,136
S01009372,1. Managers directors and senior officials,17,8,9
S01009372,2. Professional occupations,22,11,11
S01009372,3. Associate professional and technical occupations,27,14,13
S01009372,4. Administrative and secretarial occupations,30,8,22
S01009372,5. Skilled trades occupations,37,34,3
S01009372,6. Caring leisure and other service occupations,25,5,20
S01009372,7. Sales and customer service occupations,46,14,32
S01009372,8. Process plant and machine operatives,30,20,10
S01009372,9. Elementary occupations,32,16,16
S01009373,All people aged 16 to 74 in employment,359,192,167
S01009373,1. Managers directors and senior officials,13,9,4
S01009373,2. Professional occupations,32,11,21
S01009373,3. Associate professional and technical occupations,41,28,13
S01009373,4. Administrative and secretarial occupations,35,6,29
S01009373,5. Skilled trades occupations,52,49,3
S01009373,6. Caring leisure and other service occupations,50,14,36
S01009373,7. Sales and customer service occupations,45,16,29
S01009373,8. Process plant and machine operatives,29,27,2
S01009373,9. Elementary occupations,62,32,30
S01009374,All people aged 16 to 74 in employment,393,202,191
S01009374,1. Managers directors and senior officials,33,17,16
S01009374,2. Professional occupations,30,16,14
S01009374,3. Associate professional and technical occupations,52,26,26
S01009374,4. Administrative and secretarial occupations,35,12,23
S01009374,5. Skilled trades occupations,52,48,4
S01009374,6. Caring leisure and other service occupations,40,7,33
S01009374,7. Sales and customer service occupations,67,16,51
S01009374,8. Process plant and machine operatives,28,25,3
S01009374,9. Elementary occupations,56,35,21
S01009375,All people aged 16 to 74 in employment,356,188,168
S01009375,1. Managers directors and senior officials,18,8,10
S01009375,2. Professional occupations,41,24,17
S01009375,3. Associate professional and technical occupations,27,18,9
S01009375,4. Administrative and secretarial occupations,34,5,29
S01009375,5. Skilled trades occupations,49,48,1
S01009375,6. Caring leisure and other service occupations,43,9,34
S01009375,7. Sales and customer service occupations,57,9,48
S01009375,8. Process plant and machine operatives,42,39,3
S01009375,9. Elementary occupations,45,28,17
S01009376,All people aged 16 to 74 in employment,262,139,123
S01009376,1. Managers directors and senior officials,16,12,4
S01009376,2. Professional occupations,12,5,7
S01009376,3. Associate professional and technical occupations,23,16,7
S01009376,4. Administrative and secretarial occupations,39,11,28
S01009376,5. Skilled trades occupations,26,22,4
S01009376,6. Caring leisure and other service occupations,33,6,27
S01009376,7. Sales and customer service occupations,39,11,28
S01009376,8. Process plant and machine operatives,33,29,4
S01009376,9. Elementary occupations,41,27,14
S01009377,All people aged 16 to 74 in employment,824,533,291
S01009377,1. Managers directors and senior officials,45,28,17
S01009377,2. Professional occupations,65,39,26
S01009377,3. Associate professional and technical occupations,366,299,67
S01009377,4. Administrative and secretarial occupations,58,9,49
S01009377,5. Skilled trades occupations,55,51,4
S01009377,6. Caring leisure and other service occupations,61,6,55
S01009377,7. Sales and customer service occupations,69,21,48
S01009377,8. Process plant and machine operatives,47,44,3
S01009377,9. Elementary occupations,58,36,22
S01009378,All people aged 16 to 74 in employment,502,256,246
S01009378,1. Managers directors and senior officials,22,16,6
S01009378,2. Professional occupations,50,24,26
S01009378,3. Associate professional and technical occupations,73,46,27
S01009378,4. Administrative and secretarial occupations,56,10,46
S01009378,5. Skilled trades occupations,51,49,2
S01009378,6. Caring leisure and other service occupations,57,8,49
S01009378,7. Sales and customer service occupations,66,14,52
S01009378,8. Process plant and machine operatives,59,55,4
S01009378,9. Elementary occupations,68,34,34
S01009379,All people aged 16 to 74 in employment,509,259,250
S01009379,1. Managers directors and senior officials,42,28,14
S01009379,2. Professional occupations,77,38,39
S01009379,3. Associate professional and technical occupations,79,51,28
S01009379,4. Administrative and secretarial occupations,75,9,66
S01009379,5. Skilled trades occupations,57,51,6
S01009379,6. Caring leisure and other service occupations,50,8,42
S01009379,7. Sales and customer service occupations,61,23,38
S01009379,8. Process plant and machine operatives,33,30,3
S01009379,9. Elementary occupations,35,21,14
S01009380,All people aged 16 to 74 in employment,315,168,147
S01009380,1. Managers directors and senior officials,30,17,13
S01009380,2. Professional occupations,19,5,14
S01009380,3. Associate professional and technical occupations,56,37,19
S01009380,4. Administrative and secretarial occupations,37,8,29
S01009380,5. Skilled trades occupations,47,44,3
S01009380,6. Caring leisure and other service occupations,30,6,24
S01009380,7. Sales and customer service occupations,42,13,29
S01009380,8. Process plant and machine operatives,17,15,2
S01009380,9. Elementary occupations,37,23,14
S01009381,All people aged 16 to 74 in employment,381,195,186
S01009381,1. Managers directors and senior officials,38,24,14
S01009381,2. Professional occupations,66,34,32
S01009381,3. Associate professional and technical occupations,57,32,25
S01009381,4. Administrative and secretarial occupations,50,7,43
S01009381,5. Skilled trades occupations,43,39,4
S01009381,6. Caring leisure and other service occupations,21,4,17
S01009381,7. Sales and customer service occupations,46,14,32
S01009381,8. Process plant and machine operatives,22,18,4
S01009381,9. Elementary occupations,38,23,15
S01009382,All people aged 16 to 74 in employment,367,197,170
S01009382,1. Managers directors and senior officials,23,13,10
S01009382,2. Professional occupations,41,19,22
S01009382,3. Associate professional and technical occupations,44,24,20
S01009382,4. Administrative and secretarial occupations,34,10,24
S01009382,5. Skilled trades occupations,41,38,3
S01009382,6. Caring leisure and other service occupations,26,8,18
S01009382,7. Sales and customer service occupations,47,15,32
S01009382,8. Process plant and machine operatives,42,36,6
S01009382,9. Elementary occupations,69,34,35
S01009383,All people aged 16 to 74 in employment,413,216,197
S01009383,1. Managers directors and senior officials,25,11,14
S01009383,2. Professional occupations,31,18,13
S01009383,3. Associate professional and technical occupations,60,33,27
S01009383,4. Administrative and secretarial occupations,42,11,31
S01009383,5. Skilled trades occupations,59,56,3
S01009383,6. Caring leisure and other service occupations,41,12,29
S01009383,7. Sales and customer service occupations,60,17,43
S01009383,8. Process plant and machine operatives,32,25,7
S01009383,9. Elementary occupations,63,33,30
S01009384,All people aged 16 to 74 in employment,287,156,131
S01009384,1. Managers directors and senior officials,47,30,17
S01009384,2. Professional occupations,92,47,45
S01009384,3. Associate professional and technical occupations,46,26,20
S01009384,4. Administrative and secretarial occupations,31,9,22
S01009384,5. Skilled trades occupations,19,17,2
S01009384,6. Caring leisure and other service occupations,10,4,6
S01009384,7. Sales and customer service occupations,19,6,13
S01009384,8. Process plant and machine operatives,14,13,1
S01009384,9. Elementary occupations,9,4,5
S01009385,All people aged 16 to 74 in employment,257,125,132
S01009385,1. Managers directors and senior officials,22,11,11
S01009385,2. Professional occupations,56,32,24
S01009385,3. Associate professional and technical occupations,45,26,19
S01009385,4. Administrative and secretarial occupations,31,6,25
S01009385,5. Skilled trades occupations,19,15,4
S01009385,6. Caring leisure and other service occupations,23,3,20
S01009385,7. Sales and customer service occupations,18,4,14
S01009385,8. Process plant and machine operatives,17,12,5
S01009385,9. Elementary occupations,26,16,10
S01009386,All people aged 16 to 74 in employment,298,141,157
S01009386,1. Managers directors and senior officials,22,13,9
S01009386,2. Professional occupations,26,7,19
S01009386,3. Associate professional and technical occupations,22,13,9
S01009386,4. Administrative and secretarial occupations,39,6,33
S01009386,5. Skilled trades occupations,37,35,2
S01009386,6. Caring leisure and other service occupations,33,10,23
S01009386,7. Sales and customer service occupations,45,10,35
S01009386,8. Process plant and machine operatives,24,23,1
S01009386,9. Elementary occupations,50,24,26
S01009387,All people aged 16 to 74 in employment,252,128,124
S01009387,1. Managers directors and senior officials,15,6,9
S01009387,2. Professional occupations,27,11,16
S01009387,3. Associate professional and technical occupations,22,10,12
S01009387,4. Administrative and secretarial occupations,27,5,22
S01009387,5. Skilled trades occupations,32,30,2
S01009387,6. Caring leisure and other service occupations,23,4,19
S01009387,7. Sales and customer service occupations,36,11,25
S01009387,8. Process plant and machine operatives,30,27,3
S01009387,9. Elementary occupations,40,24,16
S01009388,All people aged 16 to 74 in employment,349,183,166
S01009388,1. Managers directors and senior officials,21,18,3
S01009388,2. Professional occupations,39,18,21
S01009388,3. Associate professional and technical occupations,24,14,10
S01009388,4. Administrative and secretarial occupations,29,5,24
S01009388,5. Skilled trades occupations,40,35,5
S01009388,6. Caring leisure and other service occupations,40,9,31
S01009388,7. Sales and customer service occupations,50,16,34
S01009388,8. Process plant and machine operatives,46,43,3
S01009388,9. Elementary occupations,60,25,35
S01009389,All people aged 16 to 74 in employment,448,241,207
S01009389,1. Managers directors and senior officials,51,32,19
S01009389,2. Professional occupations,81,43,38
S01009389,3. Associate professional and technical occupations,64,35,29
S01009389,4. Administrative and secretarial occupations,49,11,38
S01009389,5. Skilled trades occupations,55,49,6
S01009389,6. Caring leisure and other service occupations,41,6,35
S01009389,7. Sales and customer service occupations,32,12,20
S01009389,8. Process plant and machine operatives,28,25,3
S01009389,9. Elementary occupations,47,28,19
S01009390,All people aged 16 to 74 in employment,428,226,202
S01009390,1. Managers directors and senior officials,62,42,20
S01009390,2. Professional occupations,116,62,54
S01009390,3. Associate professional and technical occupations,85,53,32
S01009390,4. Administrative and secretarial occupations,56,12,44
S01009390,5. Skilled trades occupations,22,22,0
S01009390,6. Caring leisure and other service occupations,22,0,22
S01009390,7. Sales and customer service occupations,34,14,20
S01009390,8. Process plant and machine operatives,15,12,3
S01009390,9. Elementary occupations,16,9,7
S01009391,All people aged 16 to 74 in employment,410,204,206
S01009391,1. Managers directors and senior officials,47,26,21
S01009391,2. Professional occupations,84,38,46
S01009391,3. Associate professional and technical occupations,83,47,36
S01009391,4. Administrative and secretarial occupations,55,15,40
S01009391,5. Skilled trades occupations,36,32,4
S01009391,6. Caring leisure and other service occupations,28,8,20
S01009391,7. Sales and customer service occupations,41,12,29
S01009391,8. Process plant and machine operatives,23,20,3
S01009391,9. Elementary occupations,13,6,7
S01009392,All people aged 16 to 74 in employment,302,166,136
S01009392,1. Managers directors and senior officials,33,20,13
S01009392,2. Professional occupations,72,40,32
S01009392,3. Associate professional and technical occupations,72,46,26
S01009392,4. Administrative and secretarial occupations,39,13,26
S01009392,5. Skilled trades occupations,22,21,1
S01009392,6. Caring leisure and other service occupations,21,2,19
S01009392,7. Sales and customer service occupations,24,9,15
S01009392,8. Process plant and machine operatives,9,9,0
S01009392,9. Elementary occupations,10,6,4
S01009393,All people aged 16 to 74 in employment,377,197,180
S01009393,1. Managers directors and senior officials,41,28,13
S01009393,2. Professional occupations,68,44,24
S01009393,3. Associate professional and technical occupations,58,34,24
S01009393,4. Administrative and secretarial occupations,52,7,45
S01009393,5. Skilled trades occupations,41,38,3
S01009393,6. Caring leisure and other service occupations,27,4,23
S01009393,7. Sales and customer service occupations,43,14,29
S01009393,8. Process plant and machine operatives,16,14,2
S01009393,9. Elementary occupations,31,14,17
S01009394,All people aged 16 to 74 in employment,472,254,218
S01009394,1. Managers directors and senior officials,47,32,15
S01009394,2. Professional occupations,115,64,51
S01009394,3. Associate professional and technical occupations,91,55,36
S01009394,4. Administrative and secretarial occupations,57,14,43
S01009394,5. Skilled trades occupations,40,36,4
S01009394,6. Caring leisure and other service occupations,30,5,25
S01009394,7. Sales and customer service occupations,36,9,27
S01009394,8. Process plant and machine operatives,22,20,2
S01009394,9. Elementary occupations,34,19,15
S01009395,All people aged 16 to 74 in employment,290,140,150
S01009395,1. Managers directors and senior officials,36,25,11
S01009395,2. Professional occupations,83,45,38
S01009395,3. Associate professional and technical occupations,43,21,22
S01009395,4. Administrative and secretarial occupations,43,7,36
S01009395,5. Skilled trades occupations,21,15,6
S01009395,6. Caring leisure and other service occupations,20,1,19
S01009395,7. Sales and customer service occupations,20,7,13
S01009395,8. Process plant and machine operatives,14,14,0
S01009395,9. Elementary occupations,10,5,5
S01009396,All people aged 16 to 74 in employment,328,190,138
S01009396,1. Managers directors and senior officials,44,37,7
S01009396,2. Professional occupations,96,51,45
S01009396,3. Associate professional and technical occupations,65,42,23
S01009396,4. Administrative and secretarial occupations,45,10,35
S01009396,5. Skilled trades occupations,23,22,1
S01009396,6. Caring leisure and other service occupations,16,5,11
S01009396,7. Sales and customer service occupations,19,6,13
S01009396,8. Process plant and machine operatives,11,10,1
S01009396,9. Elementary occupations,9,7,2
S01009397,All people aged 16 to 74 in employment,354,174,180
S01009397,1. Managers directors and senior officials,42,32,10
S01009397,2. Professional occupations,93,41,52
S01009397,3. Associate professional and technical occupations,47,30,17
S01009397,4. Administrative and secretarial occupations,53,12,41
S01009397,5. Skilled trades occupations,27,24,3
S01009397,6. Caring leisure and other service occupations,28,6,22
S01009397,7. Sales and customer service occupations,26,10,16
S01009397,8. Process plant and machine operatives,17,13,4
S01009397,9. Elementary occupations,21,6,15
S01009398,All people aged 16 to 74 in employment,371,192,179
S01009398,1. Managers directors and senior officials,36,26,10
S01009398,2. Professional occupations,53,25,28
S01009398,3. Associate professional and technical occupations,59,40,19
S01009398,4. Administrative and secretarial occupations,54,12,42
S01009398,5. Skilled trades occupations,31,29,2
S01009398,6. Caring leisure and other service occupations,50,6,44
S01009398,7. Sales and customer service occupations,40,13,27
S01009398,8. Process plant and machine operatives,26,24,2
S01009398,9. Elementary occupations,22,17,5
S01009399,All people aged 16 to 74 in employment,375,199,176
S01009399,1. Managers directors and senior officials,31,22,9
S01009399,2. Professional occupations,70,30,40
S01009399,3. Associate professional and technical occupations,68,42,26
S01009399,4. Administrative and secretarial occupations,53,11,42
S01009399,5. Skilled trades occupations,37,36,1
S01009399,6. Caring leisure and other service occupations,30,7,23
S01009399,7. Sales and customer service occupations,26,6,20
S01009399,8. Process plant and machine operatives,23,21,2
S01009399,9. Elementary occupations,37,24,13
S01009400,All people aged 16 to 74 in employment,253,133,120
S01009400,1. Managers directors and senior officials,20,10,10
S01009400,2. Professional occupations,29,15,14
S01009400,3. Associate professional and technical occupations,27,18,9
S01009400,4. Administrative and secretarial occupations,41,11,30
S01009400,5. Skilled trades occupations,30,27,3
S01009400,6. Caring leisure and other service occupations,21,3,18
S01009400,7. Sales and customer service occupations,27,10,17
S01009400,8. Process plant and machine operatives,22,18,4
S01009400,9. Elementary occupations,36,21,15
S01009401,All people aged 16 to 74 in employment,283,159,124
S01009401,1. Managers directors and senior officials,24,19,5
S01009401,2. Professional occupations,66,38,28
S01009401,3. Associate professional and technical occupations,32,23,9
S01009401,4. Administrative and secretarial occupations,40,12,28
S01009401,5. Skilled trades occupations,20,19,1
S01009401,6. Caring leisure and other service occupations,28,5,23
S01009401,7. Sales and customer service occupations,37,18,19
S01009401,8. Process plant and machine operatives,16,13,3
S01009401,9. Elementary occupations,20,12,8
S01009402,All people aged 16 to 74 in employment,418,224,194
S01009402,1. Managers directors and senior officials,46,31,15
S01009402,2. Professional occupations,84,41,43
S01009402,3. Associate professional and technical occupations,80,50,30
S01009402,4. Administrative and secretarial occupations,51,10,41
S01009402,5. Skilled trades occupations,40,38,2
S01009402,6. Caring leisure and other service occupations,34,6,28
S01009402,7. Sales and customer service occupations,38,17,21
S01009402,8. Process plant and machine operatives,20,19,1
S01009402,9. Elementary occupations,25,12,13
S01009403,All people aged 16 to 74 in employment,291,153,138
S01009403,1. Managers directors and senior officials,28,23,5
S01009403,2. Professional occupations,49,29,20
S01009403,3. Associate professional and technical occupations,45,27,18
S01009403,4. Administrative and secretarial occupations,29,8,21
S01009403,5. Skilled trades occupations,27,27,0
S01009403,6. Caring leisure and other service occupations,24,1,23
S01009403,7. Sales and customer service occupations,36,7,29
S01009403,8. Process plant and machine operatives,21,15,6
S01009403,9. Elementary occupations,32,16,16
S01009404,All people aged 16 to 74 in employment,233,115,118
S01009404,1. Managers directors and senior officials,18,7,11
S01009404,2. Professional occupations,25,9,16
S01009404,3. Associate professional and technical occupations,14,10,4
S01009404,4. Administrative and secretarial occupations,23,3,20
S01009404,5. Skilled trades occupations,40,36,4
S01009404,6. Caring leisure and other service occupations,24,4,20
S01009404,7. Sales and customer service occupations,20,5,15
S01009404,8. Process plant and machine operatives,23,21,2
S01009404,9. Elementary occupations,46,20,26
S01009405,All people aged 16 to 74 in employment,207,113,94
S01009405,1. Managers directors and senior officials,24,13,11
S01009405,2. Professional occupations,26,10,16
S01009405,3. Associate professional and technical occupations,33,18,15
S01009405,4. Administrative and secretarial occupations,21,1,20
S01009405,5. Skilled trades occupations,35,33,2
S01009405,6. Caring leisure and other service occupations,23,4,19
S01009405,7. Sales and customer service occupations,13,6,7
S01009405,8. Process plant and machine operatives,18,18,0
S01009405,9. Elementary occupations,14,10,4
S01009406,All people aged 16 to 74 in employment,449,220,229
S01009406,1. Managers directors and senior officials,38,15,23
S01009406,2. Professional occupations,52,16,36
S01009406,3. Associate professional and technical occupations,49,30,19
S01009406,4. Administrative and secretarial occupations,53,6,47
S01009406,5. Skilled trades occupations,69,63,6
S01009406,6. Caring leisure and other service occupations,54,12,42
S01009406,7. Sales and customer service occupations,41,10,31
S01009406,8. Process plant and machine operatives,42,40,2
S01009406,9. Elementary occupations,51,28,23
S01009407,All people aged 16 to 74 in employment,241,131,110
S01009407,1. Managers directors and senior officials,33,21,12
S01009407,2. Professional occupations,31,13,18
S01009407,3. Associate professional and technical occupations,26,17,9
S01009407,4. Administrative and secretarial occupations,23,3,20
S01009407,5. Skilled trades occupations,30,30,0
S01009407,6. Caring leisure and other service occupations,26,6,20
S01009407,7. Sales and customer service occupations,26,9,17
S01009407,8. Process plant and machine operatives,28,22,6
S01009407,9. Elementary occupations,18,10,8
S01009408,All people aged 16 to 74 in employment,424,228,196
S01009408,1. Managers directors and senior officials,46,28,18
S01009408,2. Professional occupations,72,31,41
S01009408,3. Associate professional and technical occupations,73,42,31
S01009408,4. Administrative and secretarial occupations,43,10,33
S01009408,5. Skilled trades occupations,68,63,5
S01009408,6. Caring leisure and other service occupations,35,3,32
S01009408,7. Sales and customer service occupations,29,9,20
S01009408,8. Process plant and machine operatives,31,25,6
S01009408,9. Elementary occupations,27,17,10
S01009409,All people aged 16 to 74 in employment,289,143,146
S01009409,1. Managers directors and senior officials,14,8,6
S01009409,2. Professional occupations,20,8,12
S01009409,3. Associate professional and technical occupations,30,18,12
S01009409,4. Administrative and secretarial occupations,30,3,27
S01009409,5. Skilled trades occupations,48,43,5
S01009409,6. Caring leisure and other service occupations,31,6,25
S01009409,7. Sales and customer service occupations,27,4,23
S01009409,8. Process plant and machine operatives,40,31,9
S01009409,9. Elementary occupations,49,22,27
S01009410,All people aged 16 to 74 in employment,408,201,207
S01009410,1. Managers directors and senior officials,17,11,6
S01009410,2. Professional occupations,21,9,12
S01009410,3. Associate professional and technical occupations,27,18,9
S01009410,4. Administrative and secretarial occupations,43,11,32
S01009410,5. Skilled trades occupations,63,57,6
S01009410,6. Caring leisure and other service occupations,56,10,46
S01009410,7. Sales and customer service occupations,61,11,50
S01009410,8. Process plant and machine operatives,52,47,5
S01009410,9. Elementary occupations,68,27,41
S01009411,All people aged 16 to 74 in employment,380,188,192
S01009411,1. Managers directors and senior officials,14,6,8
S01009411,2. Professional occupations,23,9,14
S01009411,3. Associate professional and technical occupations,23,13,10
S01009411,4. Administrative and secretarial occupations,29,5,24
S01009411,5. Skilled trades occupations,61,57,4
S01009411,6. Caring leisure and other service occupations,65,12,53
S01009411,7. Sales and customer service occupations,55,14,41
S01009411,8. Process plant and machine operatives,54,47,7
S01009411,9. Elementary occupations,56,25,31
S01009412,All people aged 16 to 74 in employment,396,212,184
S01009412,1. Managers directors and senior officials,16,11,5
S01009412,2. Professional occupations,22,9,13
S01009412,3. Associate professional and technical occupations,25,17,8
S01009412,4. Administrative and secretarial occupations,38,5,33
S01009412,5. Skilled trades occupations,61,52,9
S01009412,6. Caring leisure and other service occupations,47,7,40
S01009412,7. Sales and customer service occupations,57,20,37
S01009412,8. Process plant and machine operatives,51,46,5
S01009412,9. Elementary occupations,79,45,34
S01009413,All people aged 16 to 74 in employment,488,255,233
S01009413,1. Managers directors and senior officials,32,14,18
S01009413,2. Professional occupations,39,16,23
S01009413,3. Associate professional and technical occupations,57,30,27
S01009413,4. Administrative and secretarial occupations,53,9,44
S01009413,5. Skilled trades occupations,92,87,5
S01009413,6. Caring leisure and other service occupations,51,6,45
S01009413,7. Sales and customer service occupations,52,12,40
S01009413,8. Process plant and machine operatives,52,46,6
S01009413,9. Elementary occupations,60,35,25
S01009414,All people aged 16 to 74 in employment,299,142,157
S01009414,1. Managers directors and senior officials,20,10,10
S01009414,2. Professional occupations,25,8,17
S01009414,3. Associate professional and technical occupations,25,14,11
S01009414,4. Administrative and secretarial occupations,38,6,32
S01009414,5. Skilled trades occupations,45,43,2
S01009414,6. Caring leisure and other service occupations,37,5,32
S01009414,7. Sales and customer service occupations,36,6,30
S01009414,8. Process plant and machine operatives,28,24,4
S01009414,9. Elementary occupations,45,26,19
S01009415,All people aged 16 to 74 in employment,335,173,162
S01009415,1. Managers directors and senior officials,33,22,11
S01009415,2. Professional occupations,30,9,21
S01009415,3. Associate professional and technical occupations,29,16,13
S01009415,4. Administrative and secretarial occupations,38,6,32
S01009415,5. Skilled trades occupations,60,53,7
S01009415,6. Caring leisure and other service occupations,32,6,26
S01009415,7. Sales and customer service occupations,38,10,28
S01009415,8. Process plant and machine operatives,34,27,7
S01009415,9. Elementary occupations,41,24,17
S01009416,All people aged 16 to 74 in employment,297,156,141
S01009416,1. Managers directors and senior officials,28,24,4
S01009416,2. Professional occupations,27,11,16
S01009416,3. Associate professional and technical occupations,39,30,9
S01009416,4. Administrative and secretarial occupations,43,3,40
S01009416,5. Skilled trades occupations,40,37,3
S01009416,6. Caring leisure and other service occupations,37,4,33
S01009416,7. Sales and customer service occupations,42,17,25
S01009416,8. Process plant and machine operatives,28,23,5
S01009416,9. Elementary occupations,13,7,6
S01009417,All people aged 16 to 74 in employment,178,92,86
S01009417,1. Managers directors and senior officials,21,15,6
S01009417,2. Professional occupations,27,9,18
S01009417,3. Associate professional and technical occupations,25,15,10
S01009417,4. Administrative and secretarial occupations,24,5,19
S01009417,5. Skilled trades occupations,31,29,2
S01009417,6. Caring leisure and other service occupations,22,3,19
S01009417,7. Sales and customer service occupations,14,4,10
S01009417,8. Process plant and machine operatives,8,7,1
S01009417,9. Elementary occupations,6,5,1
S01009418,All people aged 16 to 74 in employment,508,274,234
S01009418,1. Managers directors and senior officials,29,13,16
S01009418,2. Professional occupations,36,17,19
S01009418,3. Associate professional and technical occupations,42,26,16
S01009418,4. Administrative and secretarial occupations,54,8,46
S01009418,5. Skilled trades occupations,84,79,5
S01009418,6. Caring leisure and other service occupations,59,14,45
S01009418,7. Sales and customer service occupations,53,10,43
S01009418,8. Process plant and machine operatives,78,67,11
S01009418,9. Elementary occupations,73,40,33
S01009419,All people aged 16 to 74 in employment,241,126,115
S01009419,1. Managers directors and senior officials,16,7,9
S01009419,2. Professional occupations,12,5,7
S01009419,3. Associate professional and technical occupations,27,16,11
S01009419,4. Administrative and secretarial occupations,36,8,28
S01009419,5. Skilled trades occupations,27,27,0
S01009419,6. Caring leisure and other service occupations,26,4,22
S01009419,7. Sales and customer service occupations,29,9,20
S01009419,8. Process plant and machine operatives,23,21,2
S01009419,9. Elementary occupations,45,29,16
S01009420,All people aged 16 to 74 in employment,230,115,115
S01009420,1. Managers directors and senior officials,7,3,4
S01009420,2. Professional occupations,10,4,6
S01009420,3. Associate professional and technical occupations,19,13,6
S01009420,4. Administrative and secretarial occupations,13,2,11
S01009420,5. Skilled trades occupations,24,23,1
S01009420,6. Caring leisure and other service occupations,35,4,31
S01009420,7. Sales and customer service occupations,33,10,23
S01009420,8. Process plant and machine operatives,37,30,7
S01009420,9. Elementary occupations,52,26,26
S01009421,All people aged 16 to 74 in employment,277,145,132
S01009421,1. Managers directors and senior officials,12,5,7
S01009421,2. Professional occupations,17,8,9
S01009421,3. Associate professional and technical occupations,17,11,6
S01009421,4. Administrative and secretarial occupations,25,3,22
S01009421,5. Skilled trades occupations,43,40,3
S01009421,6. Caring leisure and other service occupations,36,4,32
S01009421,7. Sales and customer service occupations,35,11,24
S01009421,8. Process plant and machine operatives,31,26,5
S01009421,9. Elementary occupations,61,37,24
S01009422,All people aged 16 to 74 in employment,366,186,180
S01009422,1. Managers directors and senior officials,19,7,12
S01009422,2. Professional occupations,27,11,16
S01009422,3. Associate professional and technical occupations,32,19,13
S01009422,4. Administrative and secretarial occupations,44,13,31
S01009422,5. Skilled trades occupations,50,49,1
S01009422,6. Caring leisure and other service occupations,45,7,38
S01009422,7. Sales and customer service occupations,51,12,39
S01009422,8. Process plant and machine operatives,41,30,11
S01009422,9. Elementary occupations,57,38,19
S01009423,All people aged 16 to 74 in employment,544,281,263
S01009423,1. Managers directors and senior officials,44,26,18
S01009423,2. Professional occupations,94,41,53
S01009423,3. Associate professional and technical occupations,106,70,36
S01009423,4. Administrative and secretarial occupations,63,13,50
S01009423,5. Skilled trades occupations,65,60,5
S01009423,6. Caring leisure and other service occupations,44,3,41
S01009423,7. Sales and customer service occupations,58,15,43
S01009423,8. Process plant and machine operatives,35,31,4
S01009423,9. Elementary occupations,35,22,13
S01009424,All people aged 16 to 74 in employment,279,143,136
S01009424,1. Managers directors and senior officials,31,18,13
S01009424,2. Professional occupations,43,19,24
S01009424,3. Associate professional and technical occupations,35,18,17
S01009424,4. Administrative and secretarial occupations,42,10,32
S01009424,5. Skilled trades occupations,33,32,1
S01009424,6. Caring leisure and other service occupations,20,1,19
S01009424,7. Sales and customer service occupations,26,4,22
S01009424,8. Process plant and machine operatives,27,27,0
S01009424,9. Elementary occupations,22,14,8
S01009425,All people aged 16 to 74 in employment,330,177,153
S01009425,1. Managers directors and senior officials,26,15,11
S01009425,2. Professional occupations,36,17,19
S01009425,3. Associate professional and technical occupations,48,30,18
S01009425,4. Administrative and secretarial occupations,31,4,27
S01009425,5. Skilled trades occupations,49,47,2
S01009425,6. Caring leisure and other service occupations,45,5,40
S01009425,7. Sales and customer service occupations,27,12,15
S01009425,8. Process plant and machine operatives,36,30,6
S01009425,9. Elementary occupations,32,17,15
S01009426,All people aged 16 to 74 in employment,310,157,153
S01009426,1. Managers directors and senior officials,21,16,5
S01009426,2. Professional occupations,17,9,8
S01009426,3. Associate professional and technical occupations,25,10,15
S01009426,4. Administrative and secretarial occupations,30,6,24
S01009426,5. Skilled trades occupations,49,45,4
S01009426,6. Caring leisure and other service occupations,50,8,42
S01009426,7. Sales and customer service occupations,37,11,26
S01009426,8. Process plant and machine operatives,34,28,6
S01009426,9. Elementary occupations,47,24,23
S01009427,All people aged 16 to 74 in employment,229,112,117
S01009427,1. Managers directors and senior officials,10,6,4
S01009427,2. Professional occupations,18,5,13
S01009427,3. Associate professional and technical occupations,27,11,16
S01009427,4. Administrative and secretarial occupations,23,7,16
S01009427,5. Skilled trades occupations,31,30,1
S01009427,6. Caring leisure and other service occupations,41,8,33
S01009427,7. Sales and customer service occupations,22,2,20
S01009427,8. Process plant and machine operatives,26,23,3
S01009427,9. Elementary occupations,31,20,11
S01009428,All people aged 16 to 74 in employment,229,112,117
S01009428,1. Managers directors and senior officials,10,4,6
S01009428,2. Professional occupations,23,9,14
S01009428,3. Associate professional and technical occupations,18,9,9
S01009428,4. Administrative and secretarial occupations,24,5,19
S01009428,5. Skilled trades occupations,41,36,5
S01009428,6. Caring leisure and other service occupations,28,8,20
S01009428,7. Sales and customer service occupations,26,5,21
S01009428,8. Process plant and machine operatives,24,20,4
S01009428,9. Elementary occupations,35,16,19
S01009429,All people aged 16 to 74 in employment,272,140,132
S01009429,1. Managers directors and senior officials,11,6,5
S01009429,2. Professional occupations,16,8,8
S01009429,3. Associate professional and technical occupations,25,16,9
S01009429,4. Administrative and secretarial occupations,20,4,16
S01009429,5. Skilled trades occupations,48,46,2
S01009429,6. Caring leisure and other service occupations,41,6,35
S01009429,7. Sales and customer service occupations,30,9,21
S01009429,8. Process plant and machine operatives,34,24,10
S01009429,9. Elementary occupations,47,21,26
S01009430,All people aged 16 to 74 in employment,296,137,159
S01009430,1. Managers directors and senior officials,20,15,5
S01009430,2. Professional occupations,19,10,9
S01009430,3. Associate professional and technical occupations,24,13,11
S01009430,4. Administrative and secretarial occupations,37,2,35
S01009430,5. Skilled trades occupations,32,29,3
S01009430,6. Caring leisure and other service occupations,52,14,38
S01009430,7. Sales and customer service occupations,39,10,29
S01009430,8. Process plant and machine operatives,26,19,7
S01009430,9. Elementary occupations,47,25,22
S01009431,All people aged 16 to 74 in employment,278,131,147
S01009431,1. Managers directors and senior officials,22,8,14
S01009431,2. Professional occupations,30,9,21
S01009431,3. Associate professional and technical occupations,34,19,15
S01009431,4. Administrative and secretarial occupations,24,4,20
S01009431,5. Skilled trades occupations,39,36,3
S01009431,6. Caring leisure and other service occupations,34,2,32
S01009431,7. Sales and customer service occupations,19,5,14
S01009431,8. Process plant and machine operatives,36,30,6
S01009431,9. Elementary occupations,40,18,22
S01009432,All people aged 16 to 74 in employment,306,146,160
S01009432,1. Managers directors and senior officials,10,5,5
S01009432,2. Professional occupations,7,1,6
S01009432,3. Associate professional and technical occupations,15,8,7
S01009432,4. Administrative and secretarial occupations,22,4,18
S01009432,5. Skilled trades occupations,51,45,6
S01009432,6. Caring leisure and other service occupations,62,11,51
S01009432,7. Sales and customer service occupations,39,7,32
S01009432,8. Process plant and machine operatives,45,35,10
S01009432,9. Elementary occupations,55,30,25
S01009433,All people aged 16 to 74 in employment,293,154,139
S01009433,1. Managers directors and senior officials,7,4,3
S01009433,2. Professional occupations,20,11,9
S01009433,3. Associate professional and technical occupations,18,8,10
S01009433,4. Administrative and secretarial occupations,20,3,17
S01009433,5. Skilled trades occupations,46,43,3
S01009433,6. Caring leisure and other service occupations,66,8,58
S01009433,7. Sales and customer service occupations,24,7,17
S01009433,8. Process plant and machine operatives,43,39,4
S01009433,9. Elementary occupations,49,31,18
S01009434,All people aged 16 to 74 in employment,208,108,100
S01009434,1. Managers directors and senior officials,12,7,5
S01009434,2. Professional occupations,9,2,7
S01009434,3. Associate professional and technical occupations,21,10,11
S01009434,4. Administrative and secretarial occupations,16,0,16
S01009434,5. Skilled trades occupations,31,26,5
S01009434,6. Caring leisure and other service occupations,35,9,26
S01009434,7. Sales and customer service occupations,17,7,10
S01009434,8. Process plant and machine operatives,35,26,9
S01009434,9. Elementary occupations,32,21,11
S01009435,All people aged 16 to 74 in employment,261,133,128
S01009435,1. Managers directors and senior officials,5,4,1
S01009435,2. Professional occupations,18,6,12
S01009435,3. Associate professional and technical occupations,28,16,12
S01009435,4. Administrative and secretarial occupations,15,3,12
S01009435,5. Skilled trades occupations,41,35,6
S01009435,6. Caring leisure and other service occupations,45,5,40
S01009435,7. Sales and customer service occupations,29,6,23
S01009435,8. Process plant and machine operatives,35,29,6
S01009435,9. Elementary occupations,45,29,16
S01009436,All people aged 16 to 74 in employment,303,157,146
S01009436,1. Managers directors and senior officials,21,12,9
S01009436,2. Professional occupations,28,11,17
S01009436,3. Associate professional and technical occupations,22,12,10
S01009436,4. Administrative and secretarial occupations,26,5,21
S01009436,5. Skilled trades occupations,38,37,1
S01009436,6. Caring leisure and other service occupations,39,4,35
S01009436,7. Sales and customer service occupations,45,13,32
S01009436,8. Process plant and machine operatives,46,38,8
S01009436,9. Elementary occupations,38,25,13
S01009437,All people aged 16 to 74 in employment,307,155,152
S01009437,1. Managers directors and senior officials,26,12,14
S01009437,2. Professional occupations,21,10,11
S01009437,3. Associate professional and technical occupations,22,11,11
S01009437,4. Administrative and secretarial occupations,30,2,28
S01009437,5. Skilled trades occupations,64,61,3
S01009437,6. Caring leisure and other service occupations,30,5,25
S01009437,7. Sales and customer service occupations,46,10,36
S01009437,8. Process plant and machine operatives,37,31,6
S01009437,9. Elementary occupations,31,13,18
S01009438,All people aged 16 to 74 in employment,339,166,173
S01009438,1. Managers directors and senior officials,15,10,5
S01009438,2. Professional occupations,26,8,18
S01009438,3. Associate professional and technical occupations,31,22,9
S01009438,4. Administrative and secretarial occupations,36,0,36
S01009438,5. Skilled trades occupations,56,48,8
S01009438,6. Caring leisure and other service occupations,32,1,31
S01009438,7. Sales and customer service occupations,46,12,34
S01009438,8. Process plant and machine operatives,50,36,14
S01009438,9. Elementary occupations,47,29,18
S01009439,All people aged 16 to 74 in employment,357,195,162
S01009439,1. Managers directors and senior officials,12,8,4
S01009439,2. Professional occupations,17,8,9
S01009439,3. Associate professional and technical occupations,29,17,12
S01009439,4. Administrative and secretarial occupations,33,5,28
S01009439,5. Skilled trades occupations,67,64,3
S01009439,6. Caring leisure and other service occupations,36,5,31
S01009439,7. Sales and customer service occupations,51,11,40
S01009439,8. Process plant and machine operatives,49,44,5
S01009439,9. Elementary occupations,63,33,30
S01009440,All people aged 16 to 74 in employment,255,123,132
S01009440,1. Managers directors and senior officials,12,8,4
S01009440,2. Professional occupations,20,10,10
S01009440,3. Associate professional and technical occupations,13,5,8
S01009440,4. Administrative and secretarial occupations,28,3,25
S01009440,5. Skilled trades occupations,45,43,2
S01009440,6. Caring leisure and other service occupations,33,2,31
S01009440,7. Sales and customer service occupations,39,12,27
S01009440,8. Process plant and machine operatives,33,28,5
S01009440,9. Elementary occupations,32,12,20
S01009441,All people aged 16 to 74 in employment,343,160,183
S01009441,1. Managers directors and senior officials,17,10,7
S01009441,2. Professional occupations,14,6,8
S01009441,3. Associate professional and technical occupations,15,10,5
S01009441,4. Administrative and secretarial occupations,37,4,33
S01009441,5. Skilled trades occupations,59,55,4
S01009441,6. Caring leisure and other service occupations,45,2,43
S01009441,7. Sales and customer service occupations,54,7,47
S01009441,8. Process plant and machine operatives,51,43,8
S01009441,9. Elementary occupations,51,23,28
S01009442,All people aged 16 to 74 in employment,290,154,136
S01009442,1. Managers directors and senior officials,23,13,10
S01009442,2. Professional occupations,44,17,27
S01009442,3. Associate professional and technical occupations,36,26,10
S01009442,4. Administrative and secretarial occupations,37,2,35
S01009442,5. Skilled trades occupations,61,54,7
S01009442,6. Caring leisure and other service occupations,21,5,16
S01009442,7. Sales and customer service occupations,22,3,19
S01009442,8. Process plant and machine operatives,25,22,3
S01009442,9. Elementary occupations,21,12,9
S01009443,All people aged 16 to 74 in employment,332,168,164
S01009443,1. Managers directors and senior officials,29,18,11
S01009443,2. Professional occupations,48,17,31
S01009443,3. Associate professional and technical occupations,37,23,14
S01009443,4. Administrative and secretarial occupations,34,2,32
S01009443,5. Skilled trades occupations,44,41,3
S01009443,6. Caring leisure and other service occupations,35,6,29
S01009443,7. Sales and customer service occupations,35,7,28
S01009443,8. Process plant and machine operatives,30,28,2
S01009443,9. Elementary occupations,40,26,14
S01009444,All people aged 16 to 74 in employment,455,244,211
S01009444,1. Managers directors and senior officials,35,23,12
S01009444,2. Professional occupations,61,34,27
S01009444,3. Associate professional and technical occupations,65,40,25
S01009444,4. Administrative and secretarial occupations,58,14,44
S01009444,5. Skilled trades occupations,59,55,4
S01009444,6. Caring leisure and other service occupations,57,12,45
S01009444,7. Sales and customer service occupations,69,25,44
S01009444,8. Process plant and machine operatives,33,29,4
S01009444,9. Elementary occupations,18,12,6
S01009445,All people aged 16 to 74 in employment,354,181,173
S01009445,1. Managers directors and senior officials,8,5,3
S01009445,2. Professional occupations,22,11,11
S01009445,3. Associate professional and technical occupations,36,20,16
S01009445,4. Administrative and secretarial occupations,34,3,31
S01009445,5. Skilled trades occupations,66,62,4
S01009445,6. Caring leisure and other service occupations,51,9,42
S01009445,7. Sales and customer service occupations,42,8,34
S01009445,8. Process plant and machine operatives,42,34,8
S01009445,9. Elementary occupations,53,29,24
S01009446,All people aged 16 to 74 in employment,322,160,162
S01009446,1. Managers directors and senior officials,15,9,6
S01009446,2. Professional occupations,18,8,10
S01009446,3. Associate professional and technical occupations,24,14,10
S01009446,4. Administrative and secretarial occupations,39,6,33
S01009446,5. Skilled trades occupations,43,41,2
S01009446,6. Caring leisure and other service occupations,58,15,43
S01009446,7. Sales and customer service occupations,41,9,32
S01009446,8. Process plant and machine operatives,36,32,4
S01009446,9. Elementary occupations,48,26,22
S01009447,All people aged 16 to 74 in employment,227,111,116
S01009447,1. Managers directors and senior officials,12,6,6
S01009447,2. Professional occupations,19,6,13
S01009447,3. Associate professional and technical occupations,17,10,7
S01009447,4. Administrative and secretarial occupations,22,4,18
S01009447,5. Skilled trades occupations,35,34,1
S01009447,6. Caring leisure and other service occupations,35,5,30
S01009447,7. Sales and customer service occupations,27,8,19
S01009447,8. Process plant and machine operatives,20,16,4
S01009447,9. Elementary occupations,40,22,18
S01009448,All people aged 16 to 74 in employment,424,216,208
S01009448,1. Managers directors and senior officials,37,19,18
S01009448,2. Professional occupations,43,20,23
S01009448,3. Associate professional and technical occupations,60,32,28
S01009448,4. Administrative and secretarial occupations,42,8,34
S01009448,5. Skilled trades occupations,69,63,6
S01009448,6. Caring leisure and other service occupations,46,8,38
S01009448,7. Sales and customer service occupations,44,11,33
S01009448,8. Process plant and machine operatives,32,27,5
S01009448,9. Elementary occupations,51,28,23
S01009449,All people aged 16 to 74 in employment,216,114,102
S01009449,1. Managers directors and senior officials,11,6,5
S01009449,2. Professional occupations,17,7,10
S01009449,3. Associate professional and technical occupations,21,13,8
S01009449,4. Administrative and secretarial occupations,30,3,27
S01009449,5. Skilled trades occupations,38,35,3
S01009449,6. Caring leisure and other service occupations,24,3,21
S01009449,7. Sales and customer service occupations,23,9,14
S01009449,8. Process plant and machine operatives,23,21,2
S01009449,9. Elementary occupations,29,17,12
S01009450,All people aged 16 to 74 in employment,235,112,123
S01009450,1. Managers directors and senior officials,10,4,6
S01009450,2. Professional occupations,10,3,7
S01009450,3. Associate professional and technical occupations,14,5,9
S01009450,4. Administrative and secretarial occupations,21,2,19
S01009450,5. Skilled trades occupations,24,23,1
S01009450,6. Caring leisure and other service occupations,36,3,33
S01009450,7. Sales and customer service occupations,25,7,18
S01009450,8. Process plant and machine operatives,43,35,8
S01009450,9. Elementary occupations,52,30,22
S01009451,All people aged 16 to 74 in employment,383,205,178
S01009451,1. Managers directors and senior officials,25,14,11
S01009451,2. Professional occupations,18,6,12
S01009451,3. Associate professional and technical occupations,24,15,9
S01009451,4. Administrative and secretarial occupations,28,6,22
S01009451,5. Skilled trades occupations,73,70,3
S01009451,6. Caring leisure and other service occupations,53,10,43
S01009451,7. Sales and customer service occupations,47,13,34
S01009451,8. Process plant and machine operatives,48,36,12
S01009451,9. Elementary occupations,67,35,32
S01009452,All people aged 16 to 74 in employment,204,115,89
S01009452,1. Managers directors and senior officials,10,6,4
S01009452,2. Professional occupations,16,9,7
S01009452,3. Associate professional and technical occupations,15,10,5
S01009452,4. Administrative and secretarial occupations,23,2,21
S01009452,5. Skilled trades occupations,39,37,2
S01009452,6. Caring leisure and other service occupations,25,5,20
S01009452,7. Sales and customer service occupations,25,9,16
S01009452,8. Process plant and machine operatives,29,25,4
S01009452,9. Elementary occupations,22,12,10
S01009453,All people aged 16 to 74 in employment,437,215,222
S01009453,1. Managers directors and senior officials,25,15,10
S01009453,2. Professional occupations,26,9,17
S01009453,3. Associate professional and technical occupations,34,15,19
S01009453,4. Administrative and secretarial occupations,53,8,45
S01009453,5. Skilled trades occupations,81,75,6
S01009453,6. Caring leisure and other service occupations,55,9,46
S01009453,7. Sales and customer service occupations,60,11,49
S01009453,8. Process plant and machine operatives,44,39,5
S01009453,9. Elementary occupations,59,34,25
S01009454,All people aged 16 to 74 in employment,420,227,193
S01009454,1. Managers directors and senior officials,43,23,20
S01009454,2. Professional occupations,142,80,62
S01009454,3. Associate professional and technical occupations,62,29,33
S01009454,4. Administrative and secretarial occupations,31,12,19
S01009454,5. Skilled trades occupations,40,34,6
S01009454,6. Caring leisure and other service occupations,29,6,23
S01009454,7. Sales and customer service occupations,25,9,16
S01009454,8. Process plant and machine operatives,17,16,1
S01009454,9. Elementary occupations,31,18,13
S01009455,All people aged 16 to 74 in employment,404,225,179
S01009455,1. Managers directors and senior officials,76,46,30
S01009455,2. Professional occupations,123,61,62
S01009455,3. Associate professional and technical occupations,57,30,27
S01009455,4. Administrative and secretarial occupations,37,14,23
S01009455,5. Skilled trades occupations,36,32,4
S01009455,6. Caring leisure and other service occupations,15,2,13
S01009455,7. Sales and customer service occupations,17,12,5
S01009455,8. Process plant and machine operatives,24,21,3
S01009455,9. Elementary occupations,19,7,12
S01009456,All people aged 16 to 74 in employment,305,161,144
S01009456,1. Managers directors and senior officials,30,19,11
S01009456,2. Professional occupations,26,11,15
S01009456,3. Associate professional and technical occupations,39,18,21
S01009456,4. Administrative and secretarial occupations,29,2,27
S01009456,5. Skilled trades occupations,52,50,2
S01009456,6. Caring leisure and other service occupations,39,7,32
S01009456,7. Sales and customer service occupations,23,10,13
S01009456,8. Process plant and machine operatives,34,28,6
S01009456,9. Elementary occupations,33,16,17
S01009457,All people aged 16 to 74 in employment,305,159,146
S01009457,1. Managers directors and senior officials,44,28,16
S01009457,2. Professional occupations,47,24,23
S01009457,3. Associate professional and technical occupations,43,21,22
S01009457,4. Administrative and secretarial occupations,32,4,28
S01009457,5. Skilled trades occupations,56,50,6
S01009457,6. Caring leisure and other service occupations,28,5,23
S01009457,7. Sales and customer service occupations,15,2,13
S01009457,8. Process plant and machine operatives,18,13,5
S01009457,9. Elementary occupations,22,12,10
S01009458,All people aged 16 to 74 in employment,294,142,152
S01009458,1. Managers directors and senior officials,33,19,14
S01009458,2. Professional occupations,48,19,29
S01009458,3. Associate professional and technical occupations,43,21,22
S01009458,4. Administrative and secretarial occupations,38,8,30
S01009458,5. Skilled trades occupations,31,30,1
S01009458,6. Caring leisure and other service occupations,29,5,24
S01009458,7. Sales and customer service occupations,32,9,23
S01009458,8. Process plant and machine operatives,21,20,1
S01009458,9. Elementary occupations,19,11,8
S01009459,All people aged 16 to 74 in employment,372,187,185
S01009459,1. Managers directors and senior officials,36,27,9
S01009459,2. Professional occupations,61,25,36
S01009459,3. Associate professional and technical occupations,47,32,15
S01009459,4. Administrative and secretarial occupations,35,2,33
S01009459,5. Skilled trades occupations,60,54,6
S01009459,6. Caring leisure and other service occupations,41,6,35
S01009459,7. Sales and customer service occupations,37,7,30
S01009459,8. Process plant and machine operatives,27,21,6
S01009459,9. Elementary occupations,28,13,15
S01009460,All people aged 16 to 74 in employment,323,160,163
S01009460,1. Managers directors and senior officials,25,14,11
S01009460,2. Professional occupations,25,6,19
S01009460,3. Associate professional and technical occupations,29,17,12
S01009460,4. Administrative and secretarial occupations,29,6,23
S01009460,5. Skilled trades occupations,44,39,5
S01009460,6. Caring leisure and other service occupations,43,9,34
S01009460,7. Sales and customer service occupations,42,13,29
S01009460,8. Process plant and machine operatives,24,24,0
S01009460,9. Elementary occupations,62,32,30
S01009461,All people aged 16 to 74 in employment,304,156,148
S01009461,1. Managers directors and senior officials,43,29,14
S01009461,2. Professional occupations,86,41,45
S01009461,3. Associate professional and technical occupations,54,33,21
S01009461,4. Administrative and secretarial occupations,34,10,24
S01009461,5. Skilled trades occupations,22,19,3
S01009461,6. Caring leisure and other service occupations,23,3,20
S01009461,7. Sales and customer service occupations,22,7,15
S01009461,8. Process plant and machine operatives,6,6,0
S01009461,9. Elementary occupations,14,8,6
S01009462,All people aged 16 to 74 in employment,304,167,137
S01009462,1. Managers directors and senior officials,30,18,12
S01009462,2. Professional occupations,41,23,18
S01009462,3. Associate professional and technical occupations,37,19,18
S01009462,4. Administrative and secretarial occupations,29,1,28
S01009462,5. Skilled trades occupations,51,50,1
S01009462,6. Caring leisure and other service occupations,30,4,26
S01009462,7. Sales and customer service occupations,26,10,16
S01009462,8. Process plant and machine operatives,30,29,1
S01009462,9. Elementary occupations,30,13,17
S01009463,All people aged 16 to 74 in employment,286,145,141
S01009463,1. Managers directors and senior officials,30,19,11
S01009463,2. Professional occupations,42,17,25
S01009463,3. Associate professional and technical occupations,33,20,13
S01009463,4. Administrative and secretarial occupations,38,7,31
S01009463,5. Skilled trades occupations,46,41,5
S01009463,6. Caring leisure and other service occupations,26,4,22
S01009463,7. Sales and customer service occupations,31,12,19
S01009463,8. Process plant and machine operatives,18,17,1
S01009463,9. Elementary occupations,22,8,14
S01009464,All people aged 16 to 74 in employment,430,232,198
S01009464,1. Managers directors and senior officials,35,20,15
S01009464,2. Professional occupations,63,24,39
S01009464,3. Associate professional and technical occupations,76,48,28
S01009464,4. Administrative and secretarial occupations,59,15,44
S01009464,5. Skilled trades occupations,75,71,4
S01009464,6. Caring leisure and other service occupations,30,6,24
S01009464,7. Sales and customer service occupations,34,10,24
S01009464,8. Process plant and machine operatives,20,18,2
S01009464,9. Elementary occupations,38,20,18
S01009465,All people aged 16 to 74 in employment,269,134,135
S01009465,1. Managers directors and senior officials,23,13,10
S01009465,2. Professional occupations,42,12,30
S01009465,3. Associate professional and technical occupations,31,19,12
S01009465,4. Administrative and secretarial occupations,29,2,27
S01009465,5. Skilled trades occupations,38,37,1
S01009465,6. Caring leisure and other service occupations,30,11,19
S01009465,7. Sales and customer service occupations,26,7,19
S01009465,8. Process plant and machine operatives,20,18,2
S01009465,9. Elementary occupations,30,15,15
S01009466,All people aged 16 to 74 in employment,272,135,137
S01009466,1. Managers directors and senior officials,35,20,15
S01009466,2. Professional occupations,74,36,38
S01009466,3. Associate professional and technical occupations,47,28,19
S01009466,4. Administrative and secretarial occupations,23,4,19
S01009466,5. Skilled trades occupations,32,25,7
S01009466,6. Caring leisure and other service occupations,14,1,13
S01009466,7. Sales and customer service occupations,16,3,13
S01009466,8. Process plant and machine operatives,10,9,1
S01009466,9. Elementary occupations,21,9,12
S01009467,All people aged 16 to 74 in employment,355,174,181
S01009467,1. Managers directors and senior officials,40,22,18
S01009467,2. Professional occupations,98,42,56
S01009467,3. Associate professional and technical occupations,60,30,30
S01009467,4. Administrative and secretarial occupations,43,8,35
S01009467,5. Skilled trades occupations,32,30,2
S01009467,6. Caring leisure and other service occupations,21,4,17
S01009467,7. Sales and customer service occupations,25,6,19
S01009467,8. Process plant and machine operatives,19,18,1
S01009467,9. Elementary occupations,17,14,3
S01009468,All people aged 16 to 74 in employment,330,172,158
S01009468,1. Managers directors and senior officials,25,16,9
S01009468,2. Professional occupations,33,14,19
S01009468,3. Associate professional and technical occupations,38,21,17
S01009468,4. Administrative and secretarial occupations,39,6,33
S01009468,5. Skilled trades occupations,48,43,5
S01009468,6. Caring leisure and other service occupations,37,9,28
S01009468,7. Sales and customer service occupations,34,5,29
S01009468,8. Process plant and machine operatives,32,32,0
S01009468,9. Elementary occupations,44,26,18
S01009469,All people aged 16 to 74 in employment,366,169,197
S01009469,1. Managers directors and senior officials,24,12,12
S01009469,2. Professional occupations,83,33,50
S01009469,3. Associate professional and technical occupations,50,32,18
S01009469,4. Administrative and secretarial occupations,60,11,49
S01009469,5. Skilled trades occupations,35,31,4
S01009469,6. Caring leisure and other service occupations,32,6,26
S01009469,7. Sales and customer service occupations,28,7,21
S01009469,8. Process plant and machine operatives,17,16,1
S01009469,9. Elementary occupations,37,21,16
S01009470,All people aged 16 to 74 in employment,214,103,111
S01009470,1. Managers directors and senior officials,20,13,7
S01009470,2. Professional occupations,34,14,20
S01009470,3. Associate professional and technical occupations,30,17,13
S01009470,4. Administrative and secretarial occupations,19,1,18
S01009470,5. Skilled trades occupations,27,23,4
S01009470,6. Caring leisure and other service occupations,21,3,18
S01009470,7. Sales and customer service occupations,25,7,18
S01009470,8. Process plant and machine operatives,20,17,3
S01009470,9. Elementary occupations,18,8,10
S01009471,All people aged 16 to 74 in employment,219,125,94
S01009471,1. Managers directors and senior officials,20,10,10
S01009471,2. Professional occupations,25,13,12
S01009471,3. Associate professional and technical occupations,20,10,10
S01009471,4. Administrative and secretarial occupations,17,6,11
S01009471,5. Skilled trades occupations,26,24,2
S01009471,6. Caring leisure and other service occupations,24,7,17
S01009471,7. Sales and customer service occupations,20,9,11
S01009471,8. Process plant and machine operatives,23,20,3
S01009471,9. Elementary occupations,44,26,18
S01009472,All people aged 16 to 74 in employment,360,191,169
S01009472,1. Managers directors and senior officials,50,32,18
S01009472,2. Professional occupations,74,36,38
S01009472,3. Associate professional and technical occupations,46,27,19
S01009472,4. Administrative and secretarial occupations,27,5,22
S01009472,5. Skilled trades occupations,43,38,5
S01009472,6. Caring leisure and other service occupations,34,8,26
S01009472,7. Sales and customer service occupations,35,16,19
S01009472,8. Process plant and machine operatives,14,11,3
S01009472,9. Elementary occupations,37,18,19
S01009473,All people aged 16 to 74 in employment,382,202,180
S01009473,1. Managers directors and senior officials,15,8,7
S01009473,2. Professional occupations,43,21,22
S01009473,3. Associate professional and technical occupations,34,22,12
S01009473,4. Administrative and secretarial occupations,21,1,20
S01009473,5. Skilled trades occupations,52,48,4
S01009473,6. Caring leisure and other service occupations,52,11,41
S01009473,7. Sales and customer service occupations,47,10,37
S01009473,8. Process plant and machine operatives,54,39,15
S01009473,9. Elementary occupations,64,42,22
S01009474,All people aged 16 to 74 in employment,381,218,163
S01009474,1. Managers directors and senior officials,30,18,12
S01009474,2. Professional occupations,57,27,30
S01009474,3. Associate professional and technical occupations,46,34,12
S01009474,4. Administrative and secretarial occupations,33,6,27
S01009474,5. Skilled trades occupations,53,48,5
S01009474,6. Caring leisure and other service occupations,39,9,30
S01009474,7. Sales and customer service occupations,45,19,26
S01009474,8. Process plant and machine operatives,33,30,3
S01009474,9. Elementary occupations,45,27,18
S01009475,All people aged 16 to 74 in employment,306,155,151
S01009475,1. Managers directors and senior officials,48,24,24
S01009475,2. Professional occupations,72,28,44
S01009475,3. Associate professional and technical occupations,55,37,18
S01009475,4. Administrative and secretarial occupations,34,5,29
S01009475,5. Skilled trades occupations,29,29,0
S01009475,6. Caring leisure and other service occupations,22,5,17
S01009475,7. Sales and customer service occupations,22,8,14
S01009475,8. Process plant and machine operatives,14,14,0
S01009475,9. Elementary occupations,10,5,5
S01009476,All people aged 16 to 74 in employment,269,142,127
S01009476,1. Managers directors and senior officials,42,32,10
S01009476,2. Professional occupations,72,35,37
S01009476,3. Associate professional and technical occupations,50,26,24
S01009476,4. Administrative and secretarial occupations,22,2,20
S01009476,5. Skilled trades occupations,27,23,4
S01009476,6. Caring leisure and other service occupations,15,2,13
S01009476,7. Sales and customer service occupations,18,4,14
S01009476,8. Process plant and machine operatives,9,9,0
S01009476,9. Elementary occupations,14,9,5
S01009477,All people aged 16 to 74 in employment,341,180,161
S01009477,1. Managers directors and senior officials,38,20,18
S01009477,2. Professional occupations,103,48,55
S01009477,3. Associate professional and technical occupations,42,26,16
S01009477,4. Administrative and secretarial occupations,25,7,18
S01009477,5. Skilled trades occupations,41,39,2
S01009477,6. Caring leisure and other service occupations,29,5,24
S01009477,7. Sales and customer service occupations,23,10,13
S01009477,8. Process plant and machine operatives,18,14,4
S01009477,9. Elementary occupations,22,11,11
S01009478,All people aged 16 to 74 in employment,464,256,208
S01009478,1. Managers directors and senior officials,33,17,16
S01009478,2. Professional occupations,85,37,48
S01009478,3. Associate professional and technical occupations,66,39,27
S01009478,4. Administrative and secretarial occupations,44,14,30
S01009478,5. Skilled trades occupations,46,42,4
S01009478,6. Caring leisure and other service occupations,46,11,35
S01009478,7. Sales and customer service occupations,47,23,24
S01009478,8. Process plant and machine operatives,36,30,6
S01009478,9. Elementary occupations,61,43,18
S01009479,All people aged 16 to 74 in employment,378,214,164
S01009479,1. Managers directors and senior officials,35,21,14
S01009479,2. Professional occupations,77,48,29
S01009479,3. Associate professional and technical occupations,51,24,27
S01009479,4. Administrative and secretarial occupations,34,10,24
S01009479,5. Skilled trades occupations,48,45,3
S01009479,6. Caring leisure and other service occupations,34,9,25
S01009479,7. Sales and customer service occupations,36,16,20
S01009479,8. Process plant and machine operatives,20,20,0
S01009479,9. Elementary occupations,43,21,22
S01009480,All people aged 16 to 74 in employment,399,206,193
S01009480,1. Managers directors and senior officials,53,33,20
S01009480,2. Professional occupations,115,52,63
S01009480,3. Associate professional and technical occupations,44,33,11
S01009480,4. Administrative and secretarial occupations,47,10,37
S01009480,5. Skilled trades occupations,21,18,3
S01009480,6. Caring leisure and other service occupations,33,7,26
S01009480,7. Sales and customer service occupations,37,16,21
S01009480,8. Process plant and machine operatives,26,22,4
S01009480,9. Elementary occupations,23,15,8
S01009481,All people aged 16 to 74 in employment,505,262,243
S01009481,1. Managers directors and senior officials,27,21,6
S01009481,2. Professional occupations,86,34,52
S01009481,3. Associate professional and technical occupations,61,39,22
S01009481,4. Administrative and secretarial occupations,62,15,47
S01009481,5. Skilled trades occupations,51,45,6
S01009481,6. Caring leisure and other service occupations,55,12,43
S01009481,7. Sales and customer service occupations,48,21,27
S01009481,8. Process plant and machine operatives,55,46,9
S01009481,9. Elementary occupations,60,29,31
S01009482,All people aged 16 to 74 in employment,332,178,154
S01009482,1. Managers directors and senior officials,28,19,9
S01009482,2. Professional occupations,46,23,23
S01009482,3. Associate professional and technical occupations,50,25,25
S01009482,4. Administrative and secretarial occupations,31,9,22
S01009482,5. Skilled trades occupations,46,43,3
S01009482,6. Caring leisure and other service occupations,31,6,25
S01009482,7. Sales and customer service occupations,37,11,26
S01009482,8. Process plant and machine operatives,30,24,6
S01009482,9. Elementary occupations,33,18,15
S01009483,All people aged 16 to 74 in employment,426,231,195
S01009483,1. Managers directors and senior officials,29,14,15
S01009483,2. Professional occupations,94,40,54
S01009483,3. Associate professional and technical occupations,57,38,19
S01009483,4. Administrative and secretarial occupations,47,17,30
S01009483,5. Skilled trades occupations,54,51,3
S01009483,6. Caring leisure and other service occupations,42,8,34
S01009483,7. Sales and customer service occupations,33,14,19
S01009483,8. Process plant and machine operatives,37,29,8
S01009483,9. Elementary occupations,33,20,13
S01009484,All people aged 16 to 74 in employment,312,155,157
S01009484,1. Managers directors and senior officials,24,12,12
S01009484,2. Professional occupations,59,23,36
S01009484,3. Associate professional and technical occupations,40,30,10
S01009484,4. Administrative and secretarial occupations,35,11,24
S01009484,5. Skilled trades occupations,33,29,4
S01009484,6. Caring leisure and other service occupations,41,7,34
S01009484,7. Sales and customer service occupations,30,13,17
S01009484,8. Process plant and machine operatives,23,18,5
S01009484,9. Elementary occupations,27,12,15
S01009485,All people aged 16 to 74 in employment,316,168,148
S01009485,1. Managers directors and senior officials,15,6,9
S01009485,2. Professional occupations,35,19,16
S01009485,3. Associate professional and technical occupations,25,17,8
S01009485,4. Administrative and secretarial occupations,30,6,24
S01009485,5. Skilled trades occupations,43,40,3
S01009485,6. Caring leisure and other service occupations,37,8,29
S01009485,7. Sales and customer service occupations,46,21,25
S01009485,8. Process plant and machine operatives,39,31,8
S01009485,9. Elementary occupations,46,20,26
S01009486,All people aged 16 to 74 in employment,279,141,138
S01009486,1. Managers directors and senior officials,34,27,7
S01009486,2. Professional occupations,50,27,23
S01009486,3. Associate professional and technical occupations,38,17,21
S01009486,4. Administrative and secretarial occupations,32,7,25
S01009486,5. Skilled trades occupations,29,26,3
S01009486,6. Caring leisure and other service occupations,28,4,24
S01009486,7. Sales and customer service occupations,22,4,18
S01009486,8. Process plant and machine operatives,15,12,3
S01009486,9. Elementary occupations,31,17,14
S01009487,All people aged 16 to 74 in employment,347,176,171
S01009487,1. Managers directors and senior officials,20,14,6
S01009487,2. Professional occupations,28,14,14
S01009487,3. Associate professional and technical occupations,37,24,13
S01009487,4. Administrative and secretarial occupations,49,10,39
S01009487,5. Skilled trades occupations,42,37,5
S01009487,6. Caring leisure and other service occupations,36,2,34
S01009487,7. Sales and customer service occupations,41,11,30
S01009487,8. Process plant and machine operatives,35,29,6
S01009487,9. Elementary occupations,59,35,24
S01009488,All people aged 16 to 74 in employment,317,162,155
S01009488,1. Managers directors and senior officials,22,13,9
S01009488,2. Professional occupations,26,9,17
S01009488,3. Associate professional and technical occupations,36,27,9
S01009488,4. Administrative and secretarial occupations,27,6,21
S01009488,5. Skilled trades occupations,38,33,5
S01009488,6. Caring leisure and other service occupations,45,10,35
S01009488,7. Sales and customer service occupations,46,15,31
S01009488,8. Process plant and machine operatives,26,22,4
S01009488,9. Elementary occupations,51,27,24
S01009489,All people aged 16 to 74 in employment,317,167,150
S01009489,1. Managers directors and senior officials,18,11,7
S01009489,2. Professional occupations,34,11,23
S01009489,3. Associate professional and technical occupations,26,15,11
S01009489,4. Administrative and secretarial occupations,24,2,22
S01009489,5. Skilled trades occupations,67,63,4
S01009489,6. Caring leisure and other service occupations,36,5,31
S01009489,7. Sales and customer service occupations,38,8,30
S01009489,8. Process plant and machine operatives,37,32,5
S01009489,9. Elementary occupations,37,20,17
S01009490,All people aged 16 to 74 in employment,323,159,164
S01009490,1. Managers directors and senior officials,10,4,6
S01009490,2. Professional occupations,16,8,8
S01009490,3. Associate professional and technical occupations,27,17,10
S01009490,4. Administrative and secretarial occupations,32,7,25
S01009490,5. Skilled trades occupations,55,51,4
S01009490,6. Caring leisure and other service occupations,46,6,40
S01009490,7. Sales and customer service occupations,43,8,35
S01009490,8. Process plant and machine operatives,34,25,9
S01009490,9. Elementary occupations,60,33,27
S01009491,All people aged 16 to 74 in employment,241,123,118
S01009491,1. Managers directors and senior officials,11,7,4
S01009491,2. Professional occupations,27,14,13
S01009491,3. Associate professional and technical occupations,24,14,10
S01009491,4. Administrative and secretarial occupations,33,6,27
S01009491,5. Skilled trades occupations,24,21,3
S01009491,6. Caring leisure and other service occupations,29,5,24
S01009491,7. Sales and customer service occupations,29,11,18
S01009491,8. Process plant and machine operatives,27,24,3
S01009491,9. Elementary occupations,37,21,16
S01009492,All people aged 16 to 74 in employment,338,179,159
S01009492,1. Managers directors and senior officials,12,5,7
S01009492,2. Professional occupations,16,6,10
S01009492,3. Associate professional and technical occupations,33,21,12
S01009492,4. Administrative and secretarial occupations,41,7,34
S01009492,5. Skilled trades occupations,62,60,2
S01009492,6. Caring leisure and other service occupations,42,6,36
S01009492,7. Sales and customer service occupations,42,11,31
S01009492,8. Process plant and machine operatives,35,31,4
S01009492,9. Elementary occupations,55,32,23
S01009493,All people aged 16 to 74 in employment,355,195,160
S01009493,1. Managers directors and senior officials,43,29,14
S01009493,2. Professional occupations,127,66,61
S01009493,3. Associate professional and technical occupations,52,41,11
S01009493,4. Administrative and secretarial occupations,36,2,34
S01009493,5. Skilled trades occupations,26,24,2
S01009493,6. Caring leisure and other service occupations,16,3,13
S01009493,7. Sales and customer service occupations,29,11,18
S01009493,8. Process plant and machine operatives,11,10,1
S01009493,9. Elementary occupations,15,9,6
S01009494,All people aged 16 to 74 in employment,527,271,256
S01009494,1. Managers directors and senior officials,59,42,17
S01009494,2. Professional occupations,108,35,73
S01009494,3. Associate professional and technical occupations,66,40,26
S01009494,4. Administrative and secretarial occupations,72,17,55
S01009494,5. Skilled trades occupations,72,68,4
S01009494,6. Caring leisure and other service occupations,56,9,47
S01009494,7. Sales and customer service occupations,34,13,21
S01009494,8. Process plant and machine operatives,31,27,4
S01009494,9. Elementary occupations,29,20,9
S01009495,All people aged 16 to 74 in employment,498,248,250
S01009495,1. Managers directors and senior officials,44,29,15
S01009495,2. Professional occupations,106,40,66
S01009495,3. Associate professional and technical occupations,58,35,23
S01009495,4. Administrative and secretarial occupations,66,13,53
S01009495,5. Skilled trades occupations,62,60,2
S01009495,6. Caring leisure and other service occupations,44,8,36
S01009495,7. Sales and customer service occupations,53,20,33
S01009495,8. Process plant and machine operatives,30,25,5
S01009495,9. Elementary occupations,35,18,17
S01009496,All people aged 16 to 74 in employment,373,183,190
S01009496,1. Managers directors and senior officials,16,9,7
S01009496,2. Professional occupations,23,12,11
S01009496,3. Associate professional and technical occupations,34,21,13
S01009496,4. Administrative and secretarial occupations,52,4,48
S01009496,5. Skilled trades occupations,57,53,4
S01009496,6. Caring leisure and other service occupations,46,10,36
S01009496,7. Sales and customer service occupations,47,15,32
S01009496,8. Process plant and machine operatives,38,32,6
S01009496,9. Elementary occupations,60,27,33
S01009497,All people aged 16 to 74 in employment,472,233,239
S01009497,1. Managers directors and senior officials,27,12,15
S01009497,2. Professional occupations,55,14,41
S01009497,3. Associate professional and technical occupations,60,40,20
S01009497,4. Administrative and secretarial occupations,56,11,45
S01009497,5. Skilled trades occupations,79,69,10
S01009497,6. Caring leisure and other service occupations,45,6,39
S01009497,7. Sales and customer service occupations,58,17,41
S01009497,8. Process plant and machine operatives,44,40,4
S01009497,9. Elementary occupations,48,24,24
S01009498,All people aged 16 to 74 in employment,309,166,143
S01009498,1. Managers directors and senior officials,29,20,9
S01009498,2. Professional occupations,59,25,34
S01009498,3. Associate professional and technical occupations,39,30,9
S01009498,4. Administrative and secretarial occupations,50,8,42
S01009498,5. Skilled trades occupations,40,37,3
S01009498,6. Caring leisure and other service occupations,23,4,19
S01009498,7. Sales and customer service occupations,28,11,17
S01009498,8. Process plant and machine operatives,17,16,1
S01009498,9. Elementary occupations,24,15,9
S01009499,All people aged 16 to 74 in employment,347,169,178
S01009499,1. Managers directors and senior officials,24,14,10
S01009499,2. Professional occupations,49,19,30
S01009499,3. Associate professional and technical occupations,37,19,18
S01009499,4. Administrative and secretarial occupations,37,7,30
S01009499,5. Skilled trades occupations,47,44,3
S01009499,6. Caring leisure and other service occupations,39,8,31
S01009499,7. Sales and customer service occupations,41,11,30
S01009499,8. Process plant and machine operatives,32,27,5
S01009499,9. Elementary occupations,41,20,21
S01009500,All people aged 16 to 74 in employment,314,162,152
S01009500,1. Managers directors and senior officials,14,7,7
S01009500,2. Professional occupations,19,8,11
S01009500,3. Associate professional and technical occupations,32,15,17
S01009500,4. Administrative and secretarial occupations,27,7,20
S01009500,5. Skilled trades occupations,48,44,4
S01009500,6. Caring leisure and other service occupations,39,6,33
S01009500,7. Sales and customer service occupations,51,20,31
S01009500,8. Process plant and machine operatives,36,33,3
S01009500,9. Elementary occupations,48,22,26
S01009501,All people aged 16 to 74 in employment,261,133,128
S01009501,1. Managers directors and senior officials,16,11,5
S01009501,2. Professional occupations,14,5,9
S01009501,3. Associate professional and technical occupations,24,15,9
S01009501,4. Administrative and secretarial occupations,23,3,20
S01009501,5. Skilled trades occupations,45,40,5
S01009501,6. Caring leisure and other service occupations,28,2,26
S01009501,7. Sales and customer service occupations,37,8,29
S01009501,8. Process plant and machine operatives,28,25,3
S01009501,9. Elementary occupations,46,24,22
S01009502,All people aged 16 to 74 in employment,382,185,197
S01009502,1. Managers directors and senior officials,17,8,9
S01009502,2. Professional occupations,16,5,11
S01009502,3. Associate professional and technical occupations,28,13,15
S01009502,4. Administrative and secretarial occupations,35,4,31
S01009502,5. Skilled trades occupations,58,53,5
S01009502,6. Caring leisure and other service occupations,55,5,50
S01009502,7. Sales and customer service occupations,53,18,35
S01009502,8. Process plant and machine operatives,38,34,4
S01009502,9. Elementary occupations,82,45,37
S01009503,All people aged 16 to 74 in employment,365,165,200
S01009503,1. Managers directors and senior officials,22,10,12
S01009503,2. Professional occupations,32,8,24
S01009503,3. Associate professional and technical occupations,29,18,11
S01009503,4. Administrative and secretarial occupations,32,6,26
S01009503,5. Skilled trades occupations,50,45,5
S01009503,6. Caring leisure and other service occupations,54,10,44
S01009503,7. Sales and customer service occupations,51,16,35
S01009503,8. Process plant and machine operatives,32,30,2
S01009503,9. Elementary occupations,63,22,41
S01009504,All people aged 16 to 74 in employment,275,136,139
S01009504,1. Managers directors and senior officials,15,9,6
S01009504,2. Professional occupations,15,7,8
S01009504,3. Associate professional and technical occupations,15,9,6
S01009504,4. Administrative and secretarial occupations,18,1,17
S01009504,5. Skilled trades occupations,35,34,1
S01009504,6. Caring leisure and other service occupations,32,3,29
S01009504,7. Sales and customer service occupations,43,12,31
S01009504,8. Process plant and machine operatives,40,34,6
S01009504,9. Elementary occupations,62,27,35
S01009505,All people aged 16 to 74 in employment,276,135,141
S01009505,1. Managers directors and senior officials,10,8,2
S01009505,2. Professional occupations,24,12,12
S01009505,3. Associate professional and technical occupations,14,8,6
S01009505,4. Administrative and secretarial occupations,26,8,18
S01009505,5. Skilled trades occupations,37,33,4
S01009505,6. Caring leisure and other service occupations,43,9,34
S01009505,7. Sales and customer service occupations,33,6,27
S01009505,8. Process plant and machine operatives,25,20,5
S01009505,9. Elementary occupations,64,31,33
S01009506,All people aged 16 to 74 in employment,294,148,146
S01009506,1. Managers directors and senior officials,17,8,9
S01009506,2. Professional occupations,16,10,6
S01009506,3. Associate professional and technical occupations,23,9,14
S01009506,4. Administrative and secretarial occupations,25,5,20
S01009506,5. Skilled trades occupations,34,32,2
S01009506,6. Caring leisure and other service occupations,32,1,31
S01009506,7. Sales and customer service occupations,50,13,37
S01009506,8. Process plant and machine operatives,31,28,3
S01009506,9. Elementary occupations,66,42,24
S01009507,All people aged 16 to 74 in employment,416,217,199
S01009507,1. Managers directors and senior officials,50,27,23
S01009507,2. Professional occupations,35,15,20
S01009507,3. Associate professional and technical occupations,46,32,14
S01009507,4. Administrative and secretarial occupations,56,8,48
S01009507,5. Skilled trades occupations,47,44,3
S01009507,6. Caring leisure and other service occupations,38,6,32
S01009507,7. Sales and customer service occupations,47,16,31
S01009507,8. Process plant and machine operatives,37,32,5
S01009507,9. Elementary occupations,60,37,23
S01009508,All people aged 16 to 74 in employment,329,153,176
S01009508,1. Managers directors and senior officials,11,6,5
S01009508,2. Professional occupations,16,6,10
S01009508,3. Associate professional and technical occupations,20,10,10
S01009508,4. Administrative and secretarial occupations,29,5,24
S01009508,5. Skilled trades occupations,51,46,5
S01009508,6. Caring leisure and other service occupations,44,6,38
S01009508,7. Sales and customer service occupations,48,9,39
S01009508,8. Process plant and machine operatives,43,37,6
S01009508,9. Elementary occupations,67,28,39
S01009509,All people aged 16 to 74 in employment,425,222,203
S01009509,1. Managers directors and senior officials,30,14,16
S01009509,2. Professional occupations,35,11,24
S01009509,3. Associate professional and technical occupations,30,22,8
S01009509,4. Administrative and secretarial occupations,42,14,28
S01009509,5. Skilled trades occupations,46,45,1
S01009509,6. Caring leisure and other service occupations,45,8,37
S01009509,7. Sales and customer service occupations,61,21,40
S01009509,8. Process plant and machine operatives,56,46,10
S01009509,9. Elementary occupations,80,41,39
S01009510,All people aged 16 to 74 in employment,333,161,172
S01009510,1. Managers directors and senior officials,23,10,13
S01009510,2. Professional occupations,54,17,37
S01009510,3. Associate professional and technical occupations,42,24,18
S01009510,4. Administrative and secretarial occupations,52,13,39
S01009510,5. Skilled trades occupations,52,50,2
S01009510,6. Caring leisure and other service occupations,28,5,23
S01009510,7. Sales and customer service occupations,31,9,22
S01009510,8. Process plant and machine operatives,27,24,3
S01009510,9. Elementary occupations,24,9,15
S01009511,All people aged 16 to 74 in employment,285,149,136
S01009511,1. Managers directors and senior officials,22,15,7
S01009511,2. Professional occupations,52,18,34
S01009511,3. Associate professional and technical occupations,42,31,11
S01009511,4. Administrative and secretarial occupations,33,8,25
S01009511,5. Skilled trades occupations,31,27,4
S01009511,6. Caring leisure and other service occupations,26,6,20
S01009511,7. Sales and customer service occupations,35,12,23
S01009511,8. Process plant and machine operatives,17,17,0
S01009511,9. Elementary occupations,27,15,12
S01009512,All people aged 16 to 74 in employment,398,210,188
S01009512,1. Managers directors and senior officials,19,10,9
S01009512,2. Professional occupations,60,27,33
S01009512,3. Associate professional and technical occupations,59,38,21
S01009512,4. Administrative and secretarial occupations,70,10,60
S01009512,5. Skilled trades occupations,53,52,1
S01009512,6. Caring leisure and other service occupations,34,11,23
S01009512,7. Sales and customer service occupations,41,16,25
S01009512,8. Process plant and machine operatives,26,22,4
S01009512,9. Elementary occupations,36,24,12
S01009513,All people aged 16 to 74 in employment,282,136,146
S01009513,1. Managers directors and senior officials,25,19,6
S01009513,2. Professional occupations,60,28,32
S01009513,3. Associate professional and technical occupations,39,22,17
S01009513,4. Administrative and secretarial occupations,41,9,32
S01009513,5. Skilled trades occupations,29,29,0
S01009513,6. Caring leisure and other service occupations,29,2,27
S01009513,7. Sales and customer service occupations,22,3,19
S01009513,8. Process plant and machine operatives,9,9,0
S01009513,9. Elementary occupations,28,15,13
S01009514,All people aged 16 to 74 in employment,404,197,207
S01009514,1. Managers directors and senior officials,27,13,14
S01009514,2. Professional occupations,73,33,40
S01009514,3. Associate professional and technical occupations,67,42,25
S01009514,4. Administrative and secretarial occupations,55,10,45
S01009514,5. Skilled trades occupations,46,43,3
S01009514,6. Caring leisure and other service occupations,37,7,30
S01009514,7. Sales and customer service occupations,44,10,34
S01009514,8. Process plant and machine operatives,23,22,1
S01009514,9. Elementary occupations,32,17,15
S01009515,All people aged 16 to 74 in employment,298,139,159
S01009515,1. Managers directors and senior officials,12,4,8
S01009515,2. Professional occupations,22,10,12
S01009515,3. Associate professional and technical occupations,20,11,9
S01009515,4. Administrative and secretarial occupations,42,9,33
S01009515,5. Skilled trades occupations,50,45,5
S01009515,6. Caring leisure and other service occupations,38,4,34
S01009515,7. Sales and customer service occupations,44,9,35
S01009515,8. Process plant and machine operatives,37,31,6
S01009515,9. Elementary occupations,33,16,17
S01009516,All people aged 16 to 74 in employment,356,167,189
S01009516,1. Managers directors and senior officials,33,19,14
S01009516,2. Professional occupations,36,12,24
S01009516,3. Associate professional and technical occupations,37,23,14
S01009516,4. Administrative and secretarial occupations,41,8,33
S01009516,5. Skilled trades occupations,51,44,7
S01009516,6. Caring leisure and other service occupations,42,3,39
S01009516,7. Sales and customer service occupations,44,12,32
S01009516,8. Process plant and machine operatives,26,23,3
S01009516,9. Elementary occupations,46,23,23
S01009517,All people aged 16 to 74 in employment,564,284,280
S01009517,1. Managers directors and senior officials,63,42,21
S01009517,2. Professional occupations,117,51,66
S01009517,3. Associate professional and technical occupations,113,64,49
S01009517,4. Administrative and secretarial occupations,58,9,49
S01009517,5. Skilled trades occupations,48,46,2
S01009517,6. Caring leisure and other service occupations,47,8,39
S01009517,7. Sales and customer service occupations,57,13,44
S01009517,8. Process plant and machine operatives,27,25,2
S01009517,9. Elementary occupations,34,26,8
S01009518,All people aged 16 to 74 in employment,568,283,285
S01009518,1. Managers directors and senior officials,67,48,19
S01009518,2. Professional occupations,120,36,84
S01009518,3. Associate professional and technical occupations,110,76,34
S01009518,4. Administrative and secretarial occupations,85,8,77
S01009518,5. Skilled trades occupations,70,66,4
S01009518,6. Caring leisure and other service occupations,36,7,29
S01009518,7. Sales and customer service occupations,44,16,28
S01009518,8. Process plant and machine operatives,20,18,2
S01009518,9. Elementary occupations,16,8,8
S01009519,All people aged 16 to 74 in employment,262,138,124
S01009519,1. Managers directors and senior officials,29,15,14
S01009519,2. Professional occupations,35,14,21
S01009519,3. Associate professional and technical occupations,23,17,6
S01009519,4. Administrative and secretarial occupations,32,3,29
S01009519,5. Skilled trades occupations,45,42,3
S01009519,6. Caring leisure and other service occupations,26,4,22
S01009519,7. Sales and customer service occupations,27,9,18
S01009519,8. Process plant and machine operatives,23,20,3
S01009519,9. Elementary occupations,22,14,8
S01009520,All people aged 16 to 74 in employment,431,225,206
S01009520,1. Managers directors and senior officials,55,38,17
S01009520,2. Professional occupations,66,29,37
S01009520,3. Associate professional and technical occupations,39,25,14
S01009520,4. Administrative and secretarial occupations,41,4,37
S01009520,5. Skilled trades occupations,54,48,6
S01009520,6. Caring leisure and other service occupations,43,8,35
S01009520,7. Sales and customer service occupations,53,21,32
S01009520,8. Process plant and machine operatives,38,31,7
S01009520,9. Elementary occupations,42,21,21
S01009521,All people aged 16 to 74 in employment,281,133,148
S01009521,1. Managers directors and senior officials,12,6,6
S01009521,2. Professional occupations,21,7,14
S01009521,3. Associate professional and technical occupations,14,6,8
S01009521,4. Administrative and secretarial occupations,23,2,21
S01009521,5. Skilled trades occupations,37,34,3
S01009521,6. Caring leisure and other service occupations,49,9,40
S01009521,7. Sales and customer service occupations,28,6,22
S01009521,8. Process plant and machine operatives,43,33,10
S01009521,9. Elementary occupations,54,30,24
S01009522,All people aged 16 to 74 in employment,416,198,218
S01009522,1. Managers directors and senior officials,24,11,13
S01009522,2. Professional occupations,40,15,25
S01009522,3. Associate professional and technical occupations,41,25,16
S01009522,4. Administrative and secretarial occupations,35,9,26
S01009522,5. Skilled trades occupations,55,48,7
S01009522,6. Caring leisure and other service occupations,41,8,33
S01009522,7. Sales and customer service occupations,63,16,47
S01009522,8. Process plant and machine operatives,39,32,7
S01009522,9. Elementary occupations,78,34,44
S01009523,All people aged 16 to 74 in employment,214,105,109
S01009523,1. Managers directors and senior officials,9,5,4
S01009523,2. Professional occupations,24,9,15
S01009523,3. Associate professional and technical occupations,16,8,8
S01009523,4. Administrative and secretarial occupations,17,7,10
S01009523,5. Skilled trades occupations,29,28,1
S01009523,6. Caring leisure and other service occupations,33,6,27
S01009523,7. Sales and customer service occupations,23,6,17
S01009523,8. Process plant and machine operatives,24,18,6
S01009523,9. Elementary occupations,39,18,21
S01009524,All people aged 16 to 74 in employment,266,137,129
S01009524,1. Managers directors and senior officials,14,5,9
S01009524,2. Professional occupations,40,16,24
S01009524,3. Associate professional and technical occupations,34,22,12
S01009524,4. Administrative and secretarial occupations,22,6,16
S01009524,5. Skilled trades occupations,22,21,1
S01009524,6. Caring leisure and other service occupations,29,4,25
S01009524,7. Sales and customer service occupations,26,11,15
S01009524,8. Process plant and machine operatives,44,33,11
S01009524,9. Elementary occupations,35,19,16
S01009525,All people aged 16 to 74 in employment,224,124,100
S01009525,1. Managers directors and senior officials,15,11,4
S01009525,2. Professional occupations,29,13,16
S01009525,3. Associate professional and technical occupations,19,12,7
S01009525,4. Administrative and secretarial occupations,22,7,15
S01009525,5. Skilled trades occupations,30,26,4
S01009525,6. Caring leisure and other service occupations,27,10,17
S01009525,7. Sales and customer service occupations,16,2,14
S01009525,8. Process plant and machine operatives,21,19,2
S01009525,9. Elementary occupations,45,24,21
S01009526,All people aged 16 to 74 in employment,402,219,183
S01009526,1. Managers directors and senior officials,28,19,9
S01009526,2. Professional occupations,100,45,55
S01009526,3. Associate professional and technical occupations,58,35,23
S01009526,4. Administrative and secretarial occupations,31,11,20
S01009526,5. Skilled trades occupations,44,43,1
S01009526,6. Caring leisure and other service occupations,40,7,33
S01009526,7. Sales and customer service occupations,32,12,20
S01009526,8. Process plant and machine operatives,35,26,9
S01009526,9. Elementary occupations,34,21,13
S01009527,All people aged 16 to 74 in employment,314,165,149
S01009527,1. Managers directors and senior officials,14,5,9
S01009527,2. Professional occupations,64,32,32
S01009527,3. Associate professional and technical occupations,38,22,16
S01009527,4. Administrative and secretarial occupations,28,5,23
S01009527,5. Skilled trades occupations,46,41,5
S01009527,6. Caring leisure and other service occupations,27,6,21
S01009527,7. Sales and customer service occupations,34,12,22
S01009527,8. Process plant and machine operatives,26,20,6
S01009527,9. Elementary occupations,37,22,15
S01009528,All people aged 16 to 74 in employment,185,92,93
S01009528,1. Managers directors and senior officials,17,10,7
S01009528,2. Professional occupations,34,14,20
S01009528,3. Associate professional and technical occupations,26,21,5
S01009528,4. Administrative and secretarial occupations,18,2,16
S01009528,5. Skilled trades occupations,25,18,7
S01009528,6. Caring leisure and other service occupations,14,4,10
S01009528,7. Sales and customer service occupations,12,1,11
S01009528,8. Process plant and machine operatives,21,14,7
S01009528,9. Elementary occupations,18,8,10
S01009529,All people aged 16 to 74 in employment,265,134,131
S01009529,1. Managers directors and senior officials,32,19,13
S01009529,2. Professional occupations,55,26,29
S01009529,3. Associate professional and technical occupations,27,13,14
S01009529,4. Administrative and secretarial occupations,38,9,29
S01009529,5. Skilled trades occupations,35,33,2
S01009529,6. Caring leisure and other service occupations,22,3,19
S01009529,7. Sales and customer service occupations,21,6,15
S01009529,8. Process plant and machine operatives,16,13,3
S01009529,9. Elementary occupations,19,12,7
S01009530,All people aged 16 to 74 in employment,298,153,145
S01009530,1. Managers directors and senior officials,30,21,9
S01009530,2. Professional occupations,57,23,34
S01009530,3. Associate professional and technical occupations,61,35,26
S01009530,4. Administrative and secretarial occupations,44,10,34
S01009530,5. Skilled trades occupations,26,26,0
S01009530,6. Caring leisure and other service occupations,31,7,24
S01009530,7. Sales and customer service occupations,20,10,10
S01009530,8. Process plant and machine operatives,15,13,2
S01009530,9. Elementary occupations,14,8,6
S01009531,All people aged 16 to 74 in employment,311,163,148
S01009531,1. Managers directors and senior officials,8,3,5
S01009531,2. Professional occupations,23,11,12
S01009531,3. Associate professional and technical occupations,18,10,8
S01009531,4. Administrative and secretarial occupations,32,3,29
S01009531,5. Skilled trades occupations,46,41,5
S01009531,6. Caring leisure and other service occupations,34,4,30
S01009531,7. Sales and customer service occupations,34,10,24
S01009531,8. Process plant and machine operatives,51,42,9
S01009531,9. Elementary occupations,65,39,26
S01009532,All people aged 16 to 74 in employment,274,138,136
S01009532,1. Managers directors and senior officials,14,8,6
S01009532,2. Professional occupations,16,7,9
S01009532,3. Associate professional and technical occupations,27,20,7
S01009532,4. Administrative and secretarial occupations,17,4,13
S01009532,5. Skilled trades occupations,43,35,8
S01009532,6. Caring leisure and other service occupations,37,6,31
S01009532,7. Sales and customer service occupations,44,16,28
S01009532,8. Process plant and machine operatives,30,25,5
S01009532,9. Elementary occupations,46,17,29
S01009533,All people aged 16 to 74 in employment,354,172,182
S01009533,1. Managers directors and senior officials,20,10,10
S01009533,2. Professional occupations,26,7,19
S01009533,3. Associate professional and technical occupations,29,16,13
S01009533,4. Administrative and secretarial occupations,39,7,32
S01009533,5. Skilled trades occupations,53,46,7
S01009533,6. Caring leisure and other service occupations,43,9,34
S01009533,7. Sales and customer service occupations,39,14,25
S01009533,8. Process plant and machine operatives,42,31,11
S01009533,9. Elementary occupations,63,32,31
S01009534,All people aged 16 to 74 in employment,286,153,133
S01009534,1. Managers directors and senior officials,15,9,6
S01009534,2. Professional occupations,25,8,17
S01009534,3. Associate professional and technical occupations,15,7,8
S01009534,4. Administrative and secretarial occupations,20,6,14
S01009534,5. Skilled trades occupations,37,35,2
S01009534,6. Caring leisure and other service occupations,35,6,29
S01009534,7. Sales and customer service occupations,46,18,28
S01009534,8. Process plant and machine operatives,26,25,1
S01009534,9. Elementary occupations,67,39,28
S01009535,All people aged 16 to 74 in employment,236,127,109
S01009535,1. Managers directors and senior officials,10,5,5
S01009535,2. Professional occupations,12,5,7
S01009535,3. Associate professional and technical occupations,20,12,8
S01009535,4. Administrative and secretarial occupations,26,10,16
S01009535,5. Skilled trades occupations,32,31,1
S01009535,6. Caring leisure and other service occupations,22,4,18
S01009535,7. Sales and customer service occupations,40,14,26
S01009535,8. Process plant and machine operatives,26,22,4
S01009535,9. Elementary occupations,48,24,24
S01009536,All people aged 16 to 74 in employment,223,109,114
S01009536,1. Managers directors and senior officials,24,14,10
S01009536,2. Professional occupations,21,5,16
S01009536,3. Associate professional and technical occupations,23,12,11
S01009536,4. Administrative and secretarial occupations,16,1,15
S01009536,5. Skilled trades occupations,30,29,1
S01009536,6. Caring leisure and other service occupations,29,3,26
S01009536,7. Sales and customer service occupations,16,1,15
S01009536,8. Process plant and machine operatives,24,23,1
S01009536,9. Elementary occupations,40,21,19
S01009537,All people aged 16 to 74 in employment,216,109,107
S01009537,1. Managers directors and senior officials,12,8,4
S01009537,2. Professional occupations,37,14,23
S01009537,3. Associate professional and technical occupations,23,11,12
S01009537,4. Administrative and secretarial occupations,19,2,17
S01009537,5. Skilled trades occupations,30,27,3
S01009537,6. Caring leisure and other service occupations,37,9,28
S01009537,7. Sales and customer service occupations,14,3,11
S01009537,8. Process plant and machine operatives,19,19,0
S01009537,9. Elementary occupations,25,16,9
S01009538,All people aged 16 to 74 in employment,327,169,158
S01009538,1. Managers directors and senior officials,35,19,16
S01009538,2. Professional occupations,45,19,26
S01009538,3. Associate professional and technical occupations,38,24,14
S01009538,4. Administrative and secretarial occupations,26,6,20
S01009538,5. Skilled trades occupations,41,38,3
S01009538,6. Caring leisure and other service occupations,43,8,35
S01009538,7. Sales and customer service occupations,33,13,20
S01009538,8. Process plant and machine operatives,25,23,2
S01009538,9. Elementary occupations,41,19,22
S01009539,All people aged 16 to 74 in employment,414,213,201
S01009539,1. Managers directors and senior officials,29,15,14
S01009539,2. Professional occupations,35,9,26
S01009539,3. Associate professional and technical occupations,41,27,14
S01009539,4. Administrative and secretarial occupations,53,8,45
S01009539,5. Skilled trades occupations,64,56,8
S01009539,6. Caring leisure and other service occupations,53,9,44
S01009539,7. Sales and customer service occupations,42,15,27
S01009539,8. Process plant and machine operatives,42,39,3
S01009539,9. Elementary occupations,55,35,20
S01009540,All people aged 16 to 74 in employment,374,200,174
S01009540,1. Managers directors and senior officials,15,8,7
S01009540,2. Professional occupations,40,13,27
S01009540,3. Associate professional and technical occupations,29,20,9
S01009540,4. Administrative and secretarial occupations,33,9,24
S01009540,5. Skilled trades occupations,60,56,4
S01009540,6. Caring leisure and other service occupations,48,8,40
S01009540,7. Sales and customer service occupations,36,3,33
S01009540,8. Process plant and machine operatives,51,44,7
S01009540,9. Elementary occupations,62,39,23
S01009541,All people aged 16 to 74 in employment,386,199,187
S01009541,1. Managers directors and senior officials,31,19,12
S01009541,2. Professional occupations,51,10,41
S01009541,3. Associate professional and technical occupations,59,35,24
S01009541,4. Administrative and secretarial occupations,33,5,28
S01009541,5. Skilled trades occupations,58,55,3
S01009541,6. Caring leisure and other service occupations,40,8,32
S01009541,7. Sales and customer service occupations,39,16,23
S01009541,8. Process plant and machine operatives,34,27,7
S01009541,9. Elementary occupations,41,24,17
S01009542,All people aged 16 to 74 in employment,298,139,159
S01009542,1. Managers directors and senior officials,8,7,1
S01009542,2. Professional occupations,19,5,14
S01009542,3. Associate professional and technical occupations,29,14,15
S01009542,4. Administrative and secretarial occupations,25,4,21
S01009542,5. Skilled trades occupations,37,34,3
S01009542,6. Caring leisure and other service occupations,48,4,44
S01009542,7. Sales and customer service occupations,43,13,30
S01009542,8. Process plant and machine operatives,42,38,4
S01009542,9. Elementary occupations,47,20,27
S01009543,All people aged 16 to 74 in employment,236,120,116
S01009543,1. Managers directors and senior officials,18,14,4
S01009543,2. Professional occupations,29,11,18
S01009543,3. Associate professional and technical occupations,26,16,10
S01009543,4. Administrative and secretarial occupations,23,7,16
S01009543,5. Skilled trades occupations,34,32,2
S01009543,6. Caring leisure and other service occupations,36,3,33
S01009543,7. Sales and customer service occupations,22,6,16
S01009543,8. Process plant and machine operatives,16,12,4
S01009543,9. Elementary occupations,32,19,13
S01009544,All people aged 16 to 74 in employment,412,210,202
S01009544,1. Managers directors and senior officials,22,14,8
S01009544,2. Professional occupations,60,32,28
S01009544,3. Associate professional and technical occupations,60,36,24
S01009544,4. Administrative and secretarial occupations,46,7,39
S01009544,5. Skilled trades occupations,54,50,4
S01009544,6. Caring leisure and other service occupations,49,5,44
S01009544,7. Sales and customer service occupations,36,10,26
S01009544,8. Process plant and machine operatives,45,37,8
S01009544,9. Elementary occupations,40,19,21
S01009545,All people aged 16 to 74 in employment,353,174,179
S01009545,1. Managers directors and senior officials,28,15,13
S01009545,2. Professional occupations,28,13,15
S01009545,3. Associate professional and technical occupations,35,21,14
S01009545,4. Administrative and secretarial occupations,41,5,36
S01009545,5. Skilled trades occupations,63,56,7
S01009545,6. Caring leisure and other service occupations,43,4,39
S01009545,7. Sales and customer service occupations,25,6,19
S01009545,8. Process plant and machine operatives,50,41,9
S01009545,9. Elementary occupations,40,13,27
S01009546,All people aged 16 to 74 in employment,512,265,247
S01009546,1. Managers directors and senior officials,27,17,10
S01009546,2. Professional occupations,51,18,33
S01009546,3. Associate professional and technical occupations,67,40,27
S01009546,4. Administrative and secretarial occupations,44,6,38
S01009546,5. Skilled trades occupations,83,76,7
S01009546,6. Caring leisure and other service occupations,61,5,56
S01009546,7. Sales and customer service occupations,45,11,34
S01009546,8. Process plant and machine operatives,78,67,11
S01009546,9. Elementary occupations,56,25,31
S01009547,All people aged 16 to 74 in employment,352,170,182
S01009547,1. Managers directors and senior officials,35,21,14
S01009547,2. Professional occupations,40,14,26
S01009547,3. Associate professional and technical occupations,23,16,7
S01009547,4. Administrative and secretarial occupations,35,5,30
S01009547,5. Skilled trades occupations,54,49,5
S01009547,6. Caring leisure and other service occupations,34,2,32
S01009547,7. Sales and customer service occupations,40,9,31
S01009547,8. Process plant and machine operatives,25,20,5
S01009547,9. Elementary occupations,66,34,32
S01009548,All people aged 16 to 74 in employment,317,156,161
S01009548,1. Managers directors and senior officials,28,19,9
S01009548,2. Professional occupations,33,12,21
S01009548,3. Associate professional and technical occupations,27,12,15
S01009548,4. Administrative and secretarial occupations,37,4,33
S01009548,5. Skilled trades occupations,48,42,6
S01009548,6. Caring leisure and other service occupations,40,8,32
S01009548,7. Sales and customer service occupations,33,11,22
S01009548,8. Process plant and machine operatives,34,29,5
S01009548,9. Elementary occupations,37,19,18
S01009549,All people aged 16 to 74 in employment,392,215,177
S01009549,1. Managers directors and senior officials,28,17,11
S01009549,2. Professional occupations,36,12,24
S01009549,3. Associate professional and technical occupations,42,22,20
S01009549,4. Administrative and secretarial occupations,43,11,32
S01009549,5. Skilled trades occupations,60,57,3
S01009549,6. Caring leisure and other service occupations,28,3,25
S01009549,7. Sales and customer service occupations,56,21,35
S01009549,8. Process plant and machine operatives,51,42,9
S01009549,9. Elementary occupations,48,30,18
S01009550,All people aged 16 to 74 in employment,254,124,130
S01009550,1. Managers directors and senior officials,21,16,5
S01009550,2. Professional occupations,38,12,26
S01009550,3. Associate professional and technical occupations,29,18,11
S01009550,4. Administrative and secretarial occupations,44,8,36
S01009550,5. Skilled trades occupations,32,29,3
S01009550,6. Caring leisure and other service occupations,24,4,20
S01009550,7. Sales and customer service occupations,23,9,14
S01009550,8. Process plant and machine operatives,17,13,4
S01009550,9. Elementary occupations,26,15,11
S01009551,All people aged 16 to 74 in employment,239,131,108
S01009551,1. Managers directors and senior officials,17,10,7
S01009551,2. Professional occupations,22,5,17
S01009551,3. Associate professional and technical occupations,28,18,10
S01009551,4. Administrative and secretarial occupations,35,10,25
S01009551,5. Skilled trades occupations,30,28,2
S01009551,6. Caring leisure and other service occupations,22,5,17
S01009551,7. Sales and customer service occupations,29,12,17
S01009551,8. Process plant and machine operatives,29,27,2
S01009551,9. Elementary occupations,27,16,11
S01009552,All people aged 16 to 74 in employment,432,224,208
S01009552,1. Managers directors and senior officials,43,27,16
S01009552,2. Professional occupations,38,16,22
S01009552,3. Associate professional and technical occupations,52,28,24
S01009552,4. Administrative and secretarial occupations,46,7,39
S01009552,5. Skilled trades occupations,67,62,5
S01009552,6. Caring leisure and other service occupations,39,3,36
S01009552,7. Sales and customer service occupations,42,11,31
S01009552,8. Process plant and machine operatives,52,43,9
S01009552,9. Elementary occupations,53,27,26
S01009553,All people aged 16 to 74 in employment,346,186,160
S01009553,1. Managers directors and senior officials,16,5,11
S01009553,2. Professional occupations,28,15,13
S01009553,3. Associate professional and technical occupations,29,17,12
S01009553,4. Administrative and secretarial occupations,20,2,18
S01009553,5. Skilled trades occupations,62,60,2
S01009553,6. Caring leisure and other service occupations,47,5,42
S01009553,7. Sales and customer service occupations,39,9,30
S01009553,8. Process plant and machine operatives,44,39,5
S01009553,9. Elementary occupations,61,34,27
S01009554,All people aged 16 to 74 in employment,294,159,135
S01009554,1. Managers directors and senior officials,27,14,13
S01009554,2. Professional occupations,29,14,15
S01009554,3. Associate professional and technical occupations,30,15,15
S01009554,4. Administrative and secretarial occupations,19,4,15
S01009554,5. Skilled trades occupations,50,42,8
S01009554,6. Caring leisure and other service occupations,40,11,29
S01009554,7. Sales and customer service occupations,27,9,18
S01009554,8. Process plant and machine operatives,32,25,7
S01009554,9. Elementary occupations,40,25,15
S01009555,All people aged 16 to 74 in employment,369,188,181
S01009555,1. Managers directors and senior officials,28,21,7
S01009555,2. Professional occupations,40,12,28
S01009555,3. Associate professional and technical occupations,45,27,18
S01009555,4. Administrative and secretarial occupations,44,4,40
S01009555,5. Skilled trades occupations,55,51,4
S01009555,6. Caring leisure and other service occupations,43,8,35
S01009555,7. Sales and customer service occupations,36,9,27
S01009555,8. Process plant and machine operatives,30,26,4
S01009555,9. Elementary occupations,48,30,18
S01009556,All people aged 16 to 74 in employment,361,178,183
S01009556,1. Managers directors and senior officials,23,11,12
S01009556,2. Professional occupations,25,12,13
S01009556,3. Associate professional and technical occupations,24,7,17
S01009556,4. Administrative and secretarial occupations,31,7,24
S01009556,5. Skilled trades occupations,47,42,5
S01009556,6. Caring leisure and other service occupations,47,9,38
S01009556,7. Sales and customer service occupations,36,13,23
S01009556,8. Process plant and machine operatives,60,43,17
S01009556,9. Elementary occupations,68,34,34
S01009557,All people aged 16 to 74 in employment,262,118,144
S01009557,1. Managers directors and senior officials,12,6,6
S01009557,2. Professional occupations,17,5,12
S01009557,3. Associate professional and technical occupations,33,16,17
S01009557,4. Administrative and secretarial occupations,23,2,21
S01009557,5. Skilled trades occupations,35,32,3
S01009557,6. Caring leisure and other service occupations,43,7,36
S01009557,7. Sales and customer service occupations,25,6,19
S01009557,8. Process plant and machine operatives,35,25,10
S01009557,9. Elementary occupations,39,19,20
S01009558,All people aged 16 to 74 in employment,252,126,126
S01009558,1. Managers directors and senior officials,8,2,6
S01009558,2. Professional occupations,13,4,9
S01009558,3. Associate professional and technical occupations,15,8,7
S01009558,4. Administrative and secretarial occupations,22,4,18
S01009558,5. Skilled trades occupations,29,24,5
S01009558,6. Caring leisure and other service occupations,30,3,27
S01009558,7. Sales and customer service occupations,35,13,22
S01009558,8. Process plant and machine operatives,51,42,9
S01009558,9. Elementary occupations,49,26,23
S01009559,All people aged 16 to 74 in employment,360,184,176
S01009559,1. Managers directors and senior officials,18,7,11
S01009559,2. Professional occupations,14,7,7
S01009559,3. Associate professional and technical occupations,20,11,9
S01009559,4. Administrative and secretarial occupations,36,6,30
S01009559,5. Skilled trades occupations,63,60,3
S01009559,6. Caring leisure and other service occupations,46,8,38
S01009559,7. Sales and customer service occupations,45,14,31
S01009559,8. Process plant and machine operatives,54,44,10
S01009559,9. Elementary occupations,64,27,37
S01009560,All people aged 16 to 74 in employment,294,142,152
S01009560,1. Managers directors and senior officials,21,12,9
S01009560,2. Professional occupations,26,10,16
S01009560,3. Associate professional and technical occupations,26,18,8
S01009560,4. Administrative and secretarial occupations,23,3,20
S01009560,5. Skilled trades occupations,39,36,3
S01009560,6. Caring leisure and other service occupations,41,6,35
S01009560,7. Sales and customer service occupations,43,8,35
S01009560,8. Process plant and machine operatives,40,26,14
S01009560,9. Elementary occupations,35,23,12
S01009561,All people aged 16 to 74 in employment,211,109,102
S01009561,1. Managers directors and senior officials,11,6,5
S01009561,2. Professional occupations,18,12,6
S01009561,3. Associate professional and technical occupations,16,11,5
S01009561,4. Administrative and secretarial occupations,23,3,20
S01009561,5. Skilled trades occupations,25,23,2
S01009561,6. Caring leisure and other service occupations,31,7,24
S01009561,7. Sales and customer service occupations,28,9,19
S01009561,8. Process plant and machine operatives,26,22,4
S01009561,9. Elementary occupations,33,16,17
S01009562,All people aged 16 to 74 in employment,332,184,148
S01009562,1. Managers directors and senior officials,21,10,11
S01009562,2. Professional occupations,33,16,17
S01009562,3. Associate professional and technical occupations,39,26,13
S01009562,4. Administrative and secretarial occupations,42,12,30
S01009562,5. Skilled trades occupations,49,44,5
S01009562,6. Caring leisure and other service occupations,32,11,21
S01009562,7. Sales and customer service occupations,35,12,23
S01009562,8. Process plant and machine operatives,42,34,8
S01009562,9. Elementary occupations,39,19,20
S01009563,All people aged 16 to 74 in employment,315,158,157
S01009563,1. Managers directors and senior officials,15,9,6
S01009563,2. Professional occupations,29,9,20
S01009563,3. Associate professional and technical occupations,24,10,14
S01009563,4. Administrative and secretarial occupations,39,6,33
S01009563,5. Skilled trades occupations,50,47,3
S01009563,6. Caring leisure and other service occupations,36,7,29
S01009563,7. Sales and customer service occupations,35,12,23
S01009563,8. Process plant and machine operatives,42,32,10
S01009563,9. Elementary occupations,45,26,19
S01009564,All people aged 16 to 74 in employment,278,135,143
S01009564,1. Managers directors and senior officials,15,10,5
S01009564,2. Professional occupations,34,11,23
S01009564,3. Associate professional and technical occupations,30,18,12
S01009564,4. Administrative and secretarial occupations,35,8,27
S01009564,5. Skilled trades occupations,45,40,5
S01009564,6. Caring leisure and other service occupations,33,4,29
S01009564,7. Sales and customer service occupations,28,9,19
S01009564,8. Process plant and machine operatives,28,24,4
S01009564,9. Elementary occupations,30,11,19
S01009565,All people aged 16 to 74 in employment,225,115,110
S01009565,1. Managers directors and senior officials,12,9,3
S01009565,2. Professional occupations,21,7,14
S01009565,3. Associate professional and technical occupations,24,14,10
S01009565,4. Administrative and secretarial occupations,26,3,23
S01009565,5. Skilled trades occupations,30,27,3
S01009565,6. Caring leisure and other service occupations,17,4,13
S01009565,7. Sales and customer service occupations,30,9,21
S01009565,8. Process plant and machine operatives,28,25,3
S01009565,9. Elementary occupations,37,17,20
S01009566,All people aged 16 to 74 in employment,529,275,254
S01009566,1. Managers directors and senior officials,31,23,8
S01009566,2. Professional occupations,53,17,36
S01009566,3. Associate professional and technical occupations,65,44,21
S01009566,4. Administrative and secretarial occupations,52,10,42
S01009566,5. Skilled trades occupations,82,74,8
S01009566,6. Caring leisure and other service occupations,55,12,43
S01009566,7. Sales and customer service occupations,64,17,47
S01009566,8. Process plant and machine operatives,66,49,17
S01009566,9. Elementary occupations,61,29,32
S01009567,All people aged 16 to 74 in employment,399,209,190
S01009567,1. Managers directors and senior officials,16,7,9
S01009567,2. Professional occupations,37,13,24
S01009567,3. Associate professional and technical occupations,50,33,17
S01009567,4. Administrative and secretarial occupations,38,8,30
S01009567,5. Skilled trades occupations,59,49,10
S01009567,6. Caring leisure and other service occupations,55,13,42
S01009567,7. Sales and customer service occupations,39,14,25
S01009567,8. Process plant and machine operatives,56,46,10
S01009567,9. Elementary occupations,49,26,23
S01009568,All people aged 16 to 74 in employment,305,155,150
S01009568,1. Managers directors and senior officials,15,11,4
S01009568,2. Professional occupations,27,10,17
S01009568,3. Associate professional and technical occupations,42,24,18
S01009568,4. Administrative and secretarial occupations,35,8,27
S01009568,5. Skilled trades occupations,50,39,11
S01009568,6. Caring leisure and other service occupations,35,8,27
S01009568,7. Sales and customer service occupations,34,11,23
S01009568,8. Process plant and machine operatives,43,30,13
S01009568,9. Elementary occupations,24,14,10
S01009569,All people aged 16 to 74 in employment,361,176,185
S01009569,1. Managers directors and senior officials,9,6,3
S01009569,2. Professional occupations,26,8,18
S01009569,3. Associate professional and technical occupations,34,19,15
S01009569,4. Administrative and secretarial occupations,46,9,37
S01009569,5. Skilled trades occupations,48,46,2
S01009569,6. Caring leisure and other service occupations,47,8,39
S01009569,7. Sales and customer service occupations,38,13,25
S01009569,8. Process plant and machine operatives,44,36,8
S01009569,9. Elementary occupations,69,31,38
S01009570,All people aged 16 to 74 in employment,237,118,119
S01009570,1. Managers directors and senior officials,15,6,9
S01009570,2. Professional occupations,17,5,12
S01009570,3. Associate professional and technical occupations,27,10,17
S01009570,4. Administrative and secretarial occupations,27,8,19
S01009570,5. Skilled trades occupations,35,33,2
S01009570,6. Caring leisure and other service occupations,27,4,23
S01009570,7. Sales and customer service occupations,19,5,14
S01009570,8. Process plant and machine operatives,41,33,8
S01009570,9. Elementary occupations,29,14,15
S01009571,All people aged 16 to 74 in employment,264,133,131
S01009571,1. Managers directors and senior officials,12,7,5
S01009571,2. Professional occupations,12,5,7
S01009571,3. Associate professional and technical occupations,29,19,10
S01009571,4. Administrative and secretarial occupations,30,7,23
S01009571,5. Skilled trades occupations,26,23,3
S01009571,6. Caring leisure and other service occupations,29,4,25
S01009571,7. Sales and customer service occupations,39,11,28
S01009571,8. Process plant and machine operatives,53,37,16
S01009571,9. Elementary occupations,34,20,14
S01009572,All people aged 16 to 74 in employment,413,218,195
S01009572,1. Managers directors and senior officials,29,20,9
S01009572,2. Professional occupations,21,11,10
S01009572,3. Associate professional and technical occupations,35,22,13
S01009572,4. Administrative and secretarial occupations,36,7,29
S01009572,5. Skilled trades occupations,51,43,8
S01009572,6. Caring leisure and other service occupations,48,7,41
S01009572,7. Sales and customer service occupations,49,17,32
S01009572,8. Process plant and machine operatives,78,54,24
S01009572,9. Elementary occupations,66,37,29
S01009573,All people aged 16 to 74 in employment,274,144,130
S01009573,1. Managers directors and senior officials,11,6,5
S01009573,2. Professional occupations,11,4,7
S01009573,3. Associate professional and technical occupations,27,11,16
S01009573,4. Administrative and secretarial occupations,27,5,22
S01009573,5. Skilled trades occupations,37,35,2
S01009573,6. Caring leisure and other service occupations,28,4,24
S01009573,7. Sales and customer service occupations,27,10,17
S01009573,8. Process plant and machine operatives,49,38,11
S01009573,9. Elementary occupations,57,31,26
S01009574,All people aged 16 to 74 in employment,441,226,215
S01009574,1. Managers directors and senior officials,22,17,5
S01009574,2. Professional occupations,32,8,24
S01009574,3. Associate professional and technical occupations,41,23,18
S01009574,4. Administrative and secretarial occupations,35,2,33
S01009574,5. Skilled trades occupations,67,59,8
S01009574,6. Caring leisure and other service occupations,62,11,51
S01009574,7. Sales and customer service occupations,44,15,29
S01009574,8. Process plant and machine operatives,51,45,6
S01009574,9. Elementary occupations,87,46,41
S01009575,All people aged 16 to 74 in employment,239,120,119
S01009575,1. Managers directors and senior officials,13,9,4
S01009575,2. Professional occupations,19,6,13
S01009575,3. Associate professional and technical occupations,29,17,12
S01009575,4. Administrative and secretarial occupations,37,10,27
S01009575,5. Skilled trades occupations,40,39,1
S01009575,6. Caring leisure and other service occupations,28,1,27
S01009575,7. Sales and customer service occupations,28,6,22
S01009575,8. Process plant and machine operatives,30,22,8
S01009575,9. Elementary occupations,15,10,5
S01009576,All people aged 16 to 74 in employment,288,155,133
S01009576,1. Managers directors and senior officials,29,22,7
S01009576,2. Professional occupations,46,20,26
S01009576,3. Associate professional and technical occupations,43,26,17
S01009576,4. Administrative and secretarial occupations,44,6,38
S01009576,5. Skilled trades occupations,48,45,3
S01009576,6. Caring leisure and other service occupations,22,3,19
S01009576,7. Sales and customer service occupations,22,10,12
S01009576,8. Process plant and machine operatives,22,19,3
S01009576,9. Elementary occupations,12,4,8
S01009577,All people aged 16 to 74 in employment,361,184,177
S01009577,1. Managers directors and senior officials,51,26,25
S01009577,2. Professional occupations,74,27,47
S01009577,3. Associate professional and technical occupations,34,20,14
S01009577,4. Administrative and secretarial occupations,43,9,34
S01009577,5. Skilled trades occupations,52,45,7
S01009577,6. Caring leisure and other service occupations,25,5,20
S01009577,7. Sales and customer service occupations,24,11,13
S01009577,8. Process plant and machine operatives,30,28,2
S01009577,9. Elementary occupations,28,13,15
S01009578,All people aged 16 to 74 in employment,374,195,179
S01009578,1. Managers directors and senior officials,26,12,14
S01009578,2. Professional occupations,36,19,17
S01009578,3. Associate professional and technical occupations,54,31,23
S01009578,4. Administrative and secretarial occupations,43,12,31
S01009578,5. Skilled trades occupations,61,55,6
S01009578,6. Caring leisure and other service occupations,46,7,39
S01009578,7. Sales and customer service occupations,43,11,32
S01009578,8. Process plant and machine operatives,32,28,4
S01009578,9. Elementary occupations,33,20,13
S01009579,All people aged 16 to 74 in employment,515,261,254
S01009579,1. Managers directors and senior officials,59,37,22
S01009579,2. Professional occupations,62,24,38
S01009579,3. Associate professional and technical occupations,81,44,37
S01009579,4. Administrative and secretarial occupations,57,9,48
S01009579,5. Skilled trades occupations,65,61,4
S01009579,6. Caring leisure and other service occupations,42,5,37
S01009579,7. Sales and customer service occupations,61,19,42
S01009579,8. Process plant and machine operatives,41,33,8
S01009579,9. Elementary occupations,47,29,18
S01009580,All people aged 16 to 74 in employment,551,296,255
S01009580,1. Managers directors and senior officials,46,30,16
S01009580,2. Professional occupations,75,29,46
S01009580,3. Associate professional and technical occupations,85,57,28
S01009580,4. Administrative and secretarial occupations,78,11,67
S01009580,5. Skilled trades occupations,68,65,3
S01009580,6. Caring leisure and other service occupations,54,11,43
S01009580,7. Sales and customer service occupations,46,24,22
S01009580,8. Process plant and machine operatives,49,42,7
S01009580,9. Elementary occupations,50,27,23
S01009581,All people aged 16 to 74 in employment,254,134,120
S01009581,1. Managers directors and senior officials,11,9,2
S01009581,2. Professional occupations,23,8,15
S01009581,3. Associate professional and technical occupations,39,22,17
S01009581,4. Administrative and secretarial occupations,31,5,26
S01009581,5. Skilled trades occupations,41,40,1
S01009581,6. Caring leisure and other service occupations,27,6,21
S01009581,7. Sales and customer service occupations,28,6,22
S01009581,8. Process plant and machine operatives,26,21,5
S01009581,9. Elementary occupations,28,17,11
S01009582,All people aged 16 to 74 in employment,254,130,124
S01009582,1. Managers directors and senior officials,12,5,7
S01009582,2. Professional occupations,24,14,10
S01009582,3. Associate professional and technical occupations,31,19,12
S01009582,4. Administrative and secretarial occupations,35,6,29
S01009582,5. Skilled trades occupations,35,31,4
S01009582,6. Caring leisure and other service occupations,25,2,23
S01009582,7. Sales and customer service occupations,29,13,16
S01009582,8. Process plant and machine operatives,30,24,6
S01009582,9. Elementary occupations,33,16,17
S01009583,All people aged 16 to 74 in employment,355,175,180
S01009583,1. Managers directors and senior officials,21,13,8
S01009583,2. Professional occupations,28,11,17
S01009583,3. Associate professional and technical occupations,33,21,12
S01009583,4. Administrative and secretarial occupations,44,8,36
S01009583,5. Skilled trades occupations,46,39,7
S01009583,6. Caring leisure and other service occupations,42,7,35
S01009583,7. Sales and customer service occupations,53,13,40
S01009583,8. Process plant and machine operatives,45,37,8
S01009583,9. Elementary occupations,43,26,17
S01009584,All people aged 16 to 74 in employment,240,137,103
S01009584,1. Managers directors and senior officials,17,12,5
S01009584,2. Professional occupations,48,24,24
S01009584,3. Associate professional and technical occupations,29,23,6
S01009584,4. Administrative and secretarial occupations,16,2,14
S01009584,5. Skilled trades occupations,34,31,3
S01009584,6. Caring leisure and other service occupations,20,1,19
S01009584,7. Sales and customer service occupations,28,13,15
S01009584,8. Process plant and machine operatives,28,18,10
S01009584,9. Elementary occupations,20,13,7
S01009585,All people aged 16 to 74 in employment,474,248,226
S01009585,1. Managers directors and senior officials,18,12,6
S01009585,2. Professional occupations,28,11,17
S01009585,3. Associate professional and technical occupations,63,38,25
S01009585,4. Administrative and secretarial occupations,61,11,50
S01009585,5. Skilled trades occupations,66,58,8
S01009585,6. Caring leisure and other service occupations,62,7,55
S01009585,7. Sales and customer service occupations,46,16,30
S01009585,8. Process plant and machine operatives,76,63,13
S01009585,9. Elementary occupations,54,32,22
S01009586,All people aged 16 to 74 in employment,262,148,114
S01009586,1. Managers directors and senior officials,24,16,8
S01009586,2. Professional occupations,12,6,6
S01009586,3. Associate professional and technical occupations,35,22,13
S01009586,4. Administrative and secretarial occupations,35,7,28
S01009586,5. Skilled trades occupations,42,39,3
S01009586,6. Caring leisure and other service occupations,28,4,24
S01009586,7. Sales and customer service occupations,26,8,18
S01009586,8. Process plant and machine operatives,28,25,3
S01009586,9. Elementary occupations,32,21,11
S01009587,All people aged 16 to 74 in employment,278,155,123
S01009587,1. Managers directors and senior officials,20,16,4
S01009587,2. Professional occupations,35,16,19
S01009587,3. Associate professional and technical occupations,35,22,13
S01009587,4. Administrative and secretarial occupations,30,9,21
S01009587,5. Skilled trades occupations,40,38,2
S01009587,6. Caring leisure and other service occupations,39,10,29
S01009587,7. Sales and customer service occupations,20,4,16
S01009587,8. Process plant and machine operatives,29,26,3
S01009587,9. Elementary occupations,30,14,16
S01009588,All people aged 16 to 74 in employment,451,237,214
S01009588,1. Managers directors and senior officials,18,7,11
S01009588,2. Professional occupations,41,16,25
S01009588,3. Associate professional and technical occupations,50,28,22
S01009588,4. Administrative and secretarial occupations,39,6,33
S01009588,5. Skilled trades occupations,70,64,6
S01009588,6. Caring leisure and other service occupations,58,8,50
S01009588,7. Sales and customer service occupations,44,13,31
S01009588,8. Process plant and machine operatives,65,58,7
S01009588,9. Elementary occupations,66,37,29
S01009589,All people aged 16 to 74 in employment,439,223,216
S01009589,1. Managers directors and senior officials,25,17,8
S01009589,2. Professional occupations,37,13,24
S01009589,3. Associate professional and technical occupations,41,26,15
S01009589,4. Administrative and secretarial occupations,46,11,35
S01009589,5. Skilled trades occupations,73,67,6
S01009589,6. Caring leisure and other service occupations,59,7,52
S01009589,7. Sales and customer service occupations,50,13,37
S01009589,8. Process plant and machine operatives,52,42,10
S01009589,9. Elementary occupations,56,27,29
S01009590,All people aged 16 to 74 in employment,365,187,178
S01009590,1. Managers directors and senior officials,43,25,18
S01009590,2. Professional occupations,76,24,52
S01009590,3. Associate professional and technical occupations,66,43,23
S01009590,4. Administrative and secretarial occupations,34,5,29
S01009590,5. Skilled trades occupations,36,33,3
S01009590,6. Caring leisure and other service occupations,31,9,22
S01009590,7. Sales and customer service occupations,29,13,16
S01009590,8. Process plant and machine operatives,35,29,6
S01009590,9. Elementary occupations,15,6,9
S01009591,All people aged 16 to 74 in employment,368,192,176
S01009591,1. Managers directors and senior officials,44,27,17
S01009591,2. Professional occupations,63,34,29
S01009591,3. Associate professional and technical occupations,43,25,18
S01009591,4. Administrative and secretarial occupations,49,7,42
S01009591,5. Skilled trades occupations,40,36,4
S01009591,6. Caring leisure and other service occupations,29,4,25
S01009591,7. Sales and customer service occupations,34,11,23
S01009591,8. Process plant and machine operatives,39,33,6
S01009591,9. Elementary occupations,27,15,12
S01009592,All people aged 16 to 74 in employment,263,143,120
S01009592,1. Managers directors and senior officials,31,22,9
S01009592,2. Professional occupations,61,28,33
S01009592,3. Associate professional and technical occupations,34,20,14
S01009592,4. Administrative and secretarial occupations,27,6,21
S01009592,5. Skilled trades occupations,26,26,0
S01009592,6. Caring leisure and other service occupations,18,4,14
S01009592,7. Sales and customer service occupations,27,8,19
S01009592,8. Process plant and machine operatives,17,17,0
S01009592,9. Elementary occupations,22,12,10
S01009593,All people aged 16 to 74 in employment,315,163,152
S01009593,1. Managers directors and senior officials,41,29,12
S01009593,2. Professional occupations,70,27,43
S01009593,3. Associate professional and technical occupations,43,30,13
S01009593,4. Administrative and secretarial occupations,42,4,38
S01009593,5. Skilled trades occupations,41,39,2
S01009593,6. Caring leisure and other service occupations,25,8,17
S01009593,7. Sales and customer service occupations,21,5,16
S01009593,8. Process plant and machine operatives,18,16,2
S01009593,9. Elementary occupations,14,5,9
S01009594,All people aged 16 to 74 in employment,374,188,186
S01009594,1. Managers directors and senior officials,24,18,6
S01009594,2. Professional occupations,69,30,39
S01009594,3. Associate professional and technical occupations,68,38,30
S01009594,4. Administrative and secretarial occupations,58,6,52
S01009594,5. Skilled trades occupations,37,32,5
S01009594,6. Caring leisure and other service occupations,30,7,23
S01009594,7. Sales and customer service occupations,26,10,16
S01009594,8. Process plant and machine operatives,38,31,7
S01009594,9. Elementary occupations,24,16,8
S01009595,All people aged 16 to 74 in employment,282,149,133
S01009595,1. Managers directors and senior officials,45,31,14
S01009595,2. Professional occupations,45,18,27
S01009595,3. Associate professional and technical occupations,57,36,21
S01009595,4. Administrative and secretarial occupations,37,4,33
S01009595,5. Skilled trades occupations,26,24,2
S01009595,6. Caring leisure and other service occupations,23,4,19
S01009595,7. Sales and customer service occupations,23,9,14
S01009595,8. Process plant and machine operatives,18,18,0
S01009595,9. Elementary occupations,8,5,3
S01009596,All people aged 16 to 74 in employment,383,191,192
S01009596,1. Managers directors and senior officials,22,15,7
S01009596,2. Professional occupations,30,11,19
S01009596,3. Associate professional and technical occupations,37,22,15
S01009596,4. Administrative and secretarial occupations,47,8,39
S01009596,5. Skilled trades occupations,50,45,5
S01009596,6. Caring leisure and other service occupations,54,10,44
S01009596,7. Sales and customer service occupations,45,10,35
S01009596,8. Process plant and machine operatives,48,39,9
S01009596,9. Elementary occupations,50,31,19
S01009597,All people aged 16 to 74 in employment,329,153,176
S01009597,1. Managers directors and senior officials,17,7,10
S01009597,2. Professional occupations,15,7,8
S01009597,3. Associate professional and technical occupations,32,17,15
S01009597,4. Administrative and secretarial occupations,32,6,26
S01009597,5. Skilled trades occupations,45,39,6
S01009597,6. Caring leisure and other service occupations,53,8,45
S01009597,7. Sales and customer service occupations,50,13,37
S01009597,8. Process plant and machine operatives,47,40,7
S01009597,9. Elementary occupations,38,16,22
S01009598,All people aged 16 to 74 in employment,254,126,128
S01009598,1. Managers directors and senior officials,11,7,4
S01009598,2. Professional occupations,18,5,13
S01009598,3. Associate professional and technical occupations,21,12,9
S01009598,4. Administrative and secretarial occupations,18,5,13
S01009598,5. Skilled trades occupations,39,35,4
S01009598,6. Caring leisure and other service occupations,42,4,38
S01009598,7. Sales and customer service occupations,40,16,24
S01009598,8. Process plant and machine operatives,27,21,6
S01009598,9. Elementary occupations,38,21,17
S01009599,All people aged 16 to 74 in employment,409,206,203
S01009599,1. Managers directors and senior officials,27,12,15
S01009599,2. Professional occupations,36,13,23
S01009599,3. Associate professional and technical occupations,53,33,20
S01009599,4. Administrative and secretarial occupations,44,6,38
S01009599,5. Skilled trades occupations,45,41,4
S01009599,6. Caring leisure and other service occupations,59,11,48
S01009599,7. Sales and customer service occupations,39,9,30
S01009599,8. Process plant and machine operatives,59,53,6
S01009599,9. Elementary occupations,47,28,19
S01009600,All people aged 16 to 74 in employment,240,116,124
S01009600,1. Managers directors and senior officials,13,9,4
S01009600,2. Professional occupations,20,9,11
S01009600,3. Associate professional and technical occupations,24,11,13
S01009600,4. Administrative and secretarial occupations,17,3,14
S01009600,5. Skilled trades occupations,34,28,6
S01009600,6. Caring leisure and other service occupations,33,4,29
S01009600,7. Sales and customer service occupations,29,8,21
S01009600,8. Process plant and machine operatives,27,23,4
S01009600,9. Elementary occupations,43,21,22
S01009601,All people aged 16 to 74 in employment,303,153,150
S01009601,1. Managers directors and senior officials,15,9,6
S01009601,2. Professional occupations,33,10,23
S01009601,3. Associate professional and technical occupations,33,19,14
S01009601,4. Administrative and secretarial occupations,29,6,23
S01009601,5. Skilled trades occupations,43,41,2
S01009601,6. Caring leisure and other service occupations,36,4,32
S01009601,7. Sales and customer service occupations,32,11,21
S01009601,8. Process plant and machine operatives,41,38,3
S01009601,9. Elementary occupations,41,15,26
S01009602,All people aged 16 to 74 in employment,448,229,219
S01009602,1. Managers directors and senior officials,43,36,7
S01009602,2. Professional occupations,91,36,55
S01009602,3. Associate professional and technical occupations,80,50,30
S01009602,4. Administrative and secretarial occupations,63,14,49
S01009602,5. Skilled trades occupations,38,36,2
S01009602,6. Caring leisure and other service occupations,31,7,24
S01009602,7. Sales and customer service occupations,38,9,29
S01009602,8. Process plant and machine operatives,37,26,11
S01009602,9. Elementary occupations,27,15,12
S01009603,All people aged 16 to 74 in employment,295,158,137
S01009603,1. Managers directors and senior officials,34,24,10
S01009603,2. Professional occupations,52,30,22
S01009603,3. Associate professional and technical occupations,43,26,17
S01009603,4. Administrative and secretarial occupations,55,16,39
S01009603,5. Skilled trades occupations,30,29,1
S01009603,6. Caring leisure and other service occupations,17,2,15
S01009603,7. Sales and customer service occupations,28,7,21
S01009603,8. Process plant and machine operatives,19,16,3
S01009603,9. Elementary occupations,17,8,9
S01009604,All people aged 16 to 74 in employment,429,228,201
S01009604,1. Managers directors and senior officials,27,12,15
S01009604,2. Professional occupations,50,22,28
S01009604,3. Associate professional and technical occupations,71,48,23
S01009604,4. Administrative and secretarial occupations,44,6,38
S01009604,5. Skilled trades occupations,60,55,5
S01009604,6. Caring leisure and other service occupations,44,8,36
S01009604,7. Sales and customer service occupations,40,14,26
S01009604,8. Process plant and machine operatives,47,38,9
S01009604,9. Elementary occupations,46,25,21
S01009605,All people aged 16 to 74 in employment,305,159,146
S01009605,1. Managers directors and senior officials,16,12,4
S01009605,2. Professional occupations,33,17,16
S01009605,3. Associate professional and technical occupations,31,17,14
S01009605,4. Administrative and secretarial occupations,41,8,33
S01009605,5. Skilled trades occupations,43,42,1
S01009605,6. Caring leisure and other service occupations,38,5,33
S01009605,7. Sales and customer service occupations,51,15,36
S01009605,8. Process plant and machine operatives,21,18,3
S01009605,9. Elementary occupations,31,25,6
S01009606,All people aged 16 to 74 in employment,319,160,159
S01009606,1. Managers directors and senior officials,41,22,19
S01009606,2. Professional occupations,74,32,42
S01009606,3. Associate professional and technical occupations,63,38,25
S01009606,4. Administrative and secretarial occupations,36,6,30
S01009606,5. Skilled trades occupations,26,24,2
S01009606,6. Caring leisure and other service occupations,24,5,19
S01009606,7. Sales and customer service occupations,14,8,6
S01009606,8. Process plant and machine operatives,16,16,0
S01009606,9. Elementary occupations,25,9,16
S01009607,All people aged 16 to 74 in employment,269,142,127
S01009607,1. Managers directors and senior officials,35,24,11
S01009607,2. Professional occupations,60,26,34
S01009607,3. Associate professional and technical occupations,36,24,12
S01009607,4. Administrative and secretarial occupations,39,4,35
S01009607,5. Skilled trades occupations,27,25,2
S01009607,6. Caring leisure and other service occupations,21,3,18
S01009607,7. Sales and customer service occupations,13,2,11
S01009607,8. Process plant and machine operatives,18,17,1
S01009607,9. Elementary occupations,20,17,3
S01009608,All people aged 16 to 74 in employment,286,143,143
S01009608,1. Managers directors and senior officials,19,16,3
S01009608,2. Professional occupations,43,12,31
S01009608,3. Associate professional and technical occupations,27,19,8
S01009608,4. Administrative and secretarial occupations,42,7,35
S01009608,5. Skilled trades occupations,45,40,5
S01009608,6. Caring leisure and other service occupations,29,3,26
S01009608,7. Sales and customer service occupations,15,5,10
S01009608,8. Process plant and machine operatives,42,33,9
S01009608,9. Elementary occupations,24,8,16
S01009609,All people aged 16 to 74 in employment,403,216,187
S01009609,1. Managers directors and senior officials,38,27,11
S01009609,2. Professional occupations,73,22,51
S01009609,3. Associate professional and technical occupations,63,41,22
S01009609,4. Administrative and secretarial occupations,50,9,41
S01009609,5. Skilled trades occupations,62,57,5
S01009609,6. Caring leisure and other service occupations,34,8,26
S01009609,7. Sales and customer service occupations,30,9,21
S01009609,8. Process plant and machine operatives,33,30,3
S01009609,9. Elementary occupations,20,13,7
S01009610,All people aged 16 to 74 in employment,464,239,225
S01009610,1. Managers directors and senior officials,28,18,10
S01009610,2. Professional occupations,61,26,35
S01009610,3. Associate professional and technical occupations,63,36,27
S01009610,4. Administrative and secretarial occupations,49,5,44
S01009610,5. Skilled trades occupations,68,66,2
S01009610,6. Caring leisure and other service occupations,43,4,39
S01009610,7. Sales and customer service occupations,49,13,36
S01009610,8. Process plant and machine operatives,44,37,7
S01009610,9. Elementary occupations,59,34,25
S01009611,All people aged 16 to 74 in employment,284,140,144
S01009611,1. Managers directors and senior officials,24,14,10
S01009611,2. Professional occupations,49,22,27
S01009611,3. Associate professional and technical occupations,43,25,18
S01009611,4. Administrative and secretarial occupations,31,5,26
S01009611,5. Skilled trades occupations,50,40,10
S01009611,6. Caring leisure and other service occupations,28,4,24
S01009611,7. Sales and customer service occupations,10,1,9
S01009611,8. Process plant and machine operatives,23,18,5
S01009611,9. Elementary occupations,26,11,15
S01009612,All people aged 16 to 74 in employment,311,162,149
S01009612,1. Managers directors and senior officials,18,10,8
S01009612,2. Professional occupations,33,11,22
S01009612,3. Associate professional and technical occupations,42,23,19
S01009612,4. Administrative and secretarial occupations,40,5,35
S01009612,5. Skilled trades occupations,46,42,4
S01009612,6. Caring leisure and other service occupations,27,5,22
S01009612,7. Sales and customer service occupations,24,13,11
S01009612,8. Process plant and machine operatives,40,32,8
S01009612,9. Elementary occupations,41,21,20
S01009613,All people aged 16 to 74 in employment,262,138,124
S01009613,1. Managers directors and senior officials,23,13,10
S01009613,2. Professional occupations,55,20,35
S01009613,3. Associate professional and technical occupations,48,32,16
S01009613,4. Administrative and secretarial occupations,24,4,20
S01009613,5. Skilled trades occupations,36,33,3
S01009613,6. Caring leisure and other service occupations,24,3,21
S01009613,7. Sales and customer service occupations,21,7,14
S01009613,8. Process plant and machine operatives,22,19,3
S01009613,9. Elementary occupations,9,7,2
S01009614,All people aged 16 to 74 in employment,264,138,126
S01009614,1. Managers directors and senior officials,30,20,10
S01009614,2. Professional occupations,34,12,22
S01009614,3. Associate professional and technical occupations,32,19,13
S01009614,4. Administrative and secretarial occupations,28,4,24
S01009614,5. Skilled trades occupations,43,38,5
S01009614,6. Caring leisure and other service occupations,24,3,21
S01009614,7. Sales and customer service occupations,27,9,18
S01009614,8. Process plant and machine operatives,19,16,3
S01009614,9. Elementary occupations,27,17,10
S01009615,All people aged 16 to 74 in employment,171,89,82
S01009615,1. Managers directors and senior officials,12,8,4
S01009615,2. Professional occupations,26,9,17
S01009615,3. Associate professional and technical occupations,21,17,4
S01009615,4. Administrative and secretarial occupations,24,3,21
S01009615,5. Skilled trades occupations,24,23,1
S01009615,6. Caring leisure and other service occupations,13,5,8
S01009615,7. Sales and customer service occupations,11,4,7
S01009615,8. Process plant and machine operatives,18,12,6
S01009615,9. Elementary occupations,22,8,14
S01009616,All people aged 16 to 74 in employment,369,190,179
S01009616,1. Managers directors and senior officials,26,13,13
S01009616,2. Professional occupations,45,18,27
S01009616,3. Associate professional and technical occupations,23,14,9
S01009616,4. Administrative and secretarial occupations,46,7,39
S01009616,5. Skilled trades occupations,70,67,3
S01009616,6. Caring leisure and other service occupations,36,3,33
S01009616,7. Sales and customer service occupations,39,9,30
S01009616,8. Process plant and machine operatives,48,37,11
S01009616,9. Elementary occupations,36,22,14
S01009617,All people aged 16 to 74 in employment,401,208,193
S01009617,1. Managers directors and senior officials,23,15,8
S01009617,2. Professional occupations,62,25,37
S01009617,3. Associate professional and technical occupations,53,30,23
S01009617,4. Administrative and secretarial occupations,31,5,26
S01009617,5. Skilled trades occupations,72,65,7
S01009617,6. Caring leisure and other service occupations,42,2,40
S01009617,7. Sales and customer service occupations,31,7,24
S01009617,8. Process plant and machine operatives,47,37,10
S01009617,9. Elementary occupations,40,22,18
S01009618,All people aged 16 to 74 in employment,320,166,154
S01009618,1. Managers directors and senior officials,13,8,5
S01009618,2. Professional occupations,18,8,10
S01009618,3. Associate professional and technical occupations,34,17,17
S01009618,4. Administrative and secretarial occupations,33,4,29
S01009618,5. Skilled trades occupations,58,53,5
S01009618,6. Caring leisure and other service occupations,44,2,42
S01009618,7. Sales and customer service occupations,26,4,22
S01009618,8. Process plant and machine operatives,50,42,8
S01009618,9. Elementary occupations,44,28,16
S01009619,All people aged 16 to 74 in employment,245,126,119
S01009619,1. Managers directors and senior officials,13,7,6
S01009619,2. Professional occupations,21,5,16
S01009619,3. Associate professional and technical occupations,33,20,13
S01009619,4. Administrative and secretarial occupations,23,5,18
S01009619,5. Skilled trades occupations,41,38,3
S01009619,6. Caring leisure and other service occupations,33,8,25
S01009619,7. Sales and customer service occupations,24,8,16
S01009619,8. Process plant and machine operatives,30,24,6
S01009619,9. Elementary occupations,27,11,16
S01009620,All people aged 16 to 74 in employment,303,154,149
S01009620,1. Managers directors and senior officials,12,6,6
S01009620,2. Professional occupations,23,6,17
S01009620,3. Associate professional and technical occupations,20,9,11
S01009620,4. Administrative and secretarial occupations,21,5,16
S01009620,5. Skilled trades occupations,53,46,7
S01009620,6. Caring leisure and other service occupations,56,11,45
S01009620,7. Sales and customer service occupations,24,4,20
S01009620,8. Process plant and machine operatives,48,36,12
S01009620,9. Elementary occupations,46,31,15
S01009621,All people aged 16 to 74 in employment,325,160,165
S01009621,1. Managers directors and senior officials,17,3,14
S01009621,2. Professional occupations,24,6,18
S01009621,3. Associate professional and technical occupations,36,28,8
S01009621,4. Administrative and secretarial occupations,32,3,29
S01009621,5. Skilled trades occupations,59,57,2
S01009621,6. Caring leisure and other service occupations,65,13,52
S01009621,7. Sales and customer service occupations,20,3,17
S01009621,8. Process plant and machine operatives,41,33,8
S01009621,9. Elementary occupations,31,14,17
S01009622,All people aged 16 to 74 in employment,268,141,127
S01009622,1. Managers directors and senior officials,12,6,6
S01009622,2. Professional occupations,14,5,9
S01009622,3. Associate professional and technical occupations,24,15,9
S01009622,4. Administrative and secretarial occupations,32,4,28
S01009622,5. Skilled trades occupations,37,33,4
S01009622,6. Caring leisure and other service occupations,38,8,30
S01009622,7. Sales and customer service occupations,27,14,13
S01009622,8. Process plant and machine operatives,37,31,6
S01009622,9. Elementary occupations,47,25,22
S01009623,All people aged 16 to 74 in employment,198,96,102
S01009623,1. Managers directors and senior officials,12,7,5
S01009623,2. Professional occupations,11,4,7
S01009623,3. Associate professional and technical occupations,13,2,11
S01009623,4. Administrative and secretarial occupations,17,4,13
S01009623,5. Skilled trades occupations,28,27,1
S01009623,6. Caring leisure and other service occupations,41,9,32
S01009623,7. Sales and customer service occupations,21,5,16
S01009623,8. Process plant and machine operatives,27,21,6
S01009623,9. Elementary occupations,28,17,11
S01009624,All people aged 16 to 74 in employment,366,178,188
S01009624,1. Managers directors and senior officials,19,8,11
S01009624,2. Professional occupations,24,7,17
S01009624,3. Associate professional and technical occupations,29,22,7
S01009624,4. Administrative and secretarial occupations,32,5,27
S01009624,5. Skilled trades occupations,49,49,0
S01009624,6. Caring leisure and other service occupations,52,7,45
S01009624,7. Sales and customer service occupations,35,10,25
S01009624,8. Process plant and machine operatives,59,47,12
S01009624,9. Elementary occupations,67,23,44
S01009625,All people aged 16 to 74 in employment,369,179,190
S01009625,1. Managers directors and senior officials,21,9,12
S01009625,2. Professional occupations,11,4,7
S01009625,3. Associate professional and technical occupations,17,8,9
S01009625,4. Administrative and secretarial occupations,28,3,25
S01009625,5. Skilled trades occupations,53,52,1
S01009625,6. Caring leisure and other service occupations,56,6,50
S01009625,7. Sales and customer service occupations,49,11,38
S01009625,8. Process plant and machine operatives,61,50,11
S01009625,9. Elementary occupations,73,36,37
S01009626,All people aged 16 to 74 in employment,190,91,99
S01009626,1. Managers directors and senior officials,5,2,3
S01009626,2. Professional occupations,11,4,7
S01009626,3. Associate professional and technical occupations,15,8,7
S01009626,4. Administrative and secretarial occupations,17,4,13
S01009626,5. Skilled trades occupations,22,20,2
S01009626,6. Caring leisure and other service occupations,30,5,25
S01009626,7. Sales and customer service occupations,28,8,20
S01009626,8. Process plant and machine operatives,24,18,6
S01009626,9. Elementary occupations,38,22,16
S01009627,All people aged 16 to 74 in employment,325,162,163
S01009627,1. Managers directors and senior officials,16,5,11
S01009627,2. Professional occupations,23,12,11
S01009627,3. Associate professional and technical occupations,29,19,10
S01009627,4. Administrative and secretarial occupations,25,4,21
S01009627,5. Skilled trades occupations,41,38,3
S01009627,6. Caring leisure and other service occupations,45,7,38
S01009627,7. Sales and customer service occupations,47,12,35
S01009627,8. Process plant and machine operatives,54,47,7
S01009627,9. Elementary occupations,45,18,27
S01009628,All people aged 16 to 74 in employment,155,81,74
S01009628,1. Managers directors and senior officials,5,2,3
S01009628,2. Professional occupations,7,1,6
S01009628,3. Associate professional and technical occupations,18,12,6
S01009628,4. Administrative and secretarial occupations,9,1,8
S01009628,5. Skilled trades occupations,17,16,1
S01009628,6. Caring leisure and other service occupations,23,4,19
S01009628,7. Sales and customer service occupations,12,4,8
S01009628,8. Process plant and machine operatives,24,22,2
S01009628,9. Elementary occupations,40,19,21
S01009629,All people aged 16 to 74 in employment,438,219,219
S01009629,1. Managers directors and senior officials,14,6,8
S01009629,2. Professional occupations,28,11,17
S01009629,3. Associate professional and technical occupations,25,11,14
S01009629,4. Administrative and secretarial occupations,35,9,26
S01009629,5. Skilled trades occupations,78,75,3
S01009629,6. Caring leisure and other service occupations,77,11,66
S01009629,7. Sales and customer service occupations,42,14,28
S01009629,8. Process plant and machine operatives,69,52,17
S01009629,9. Elementary occupations,70,30,40
S01009630,All people aged 16 to 74 in employment,291,134,157
S01009630,1. Managers directors and senior officials,12,4,8
S01009630,2. Professional occupations,13,5,8
S01009630,3. Associate professional and technical occupations,20,13,7
S01009630,4. Administrative and secretarial occupations,25,3,22
S01009630,5. Skilled trades occupations,50,48,2
S01009630,6. Caring leisure and other service occupations,44,6,38
S01009630,7. Sales and customer service occupations,38,10,28
S01009630,8. Process plant and machine operatives,39,28,11
S01009630,9. Elementary occupations,50,17,33
S01009631,All people aged 16 to 74 in employment,264,142,122
S01009631,1. Managers directors and senior officials,9,3,6
S01009631,2. Professional occupations,7,4,3
S01009631,3. Associate professional and technical occupations,14,9,5
S01009631,4. Administrative and secretarial occupations,21,1,20
S01009631,5. Skilled trades occupations,46,41,5
S01009631,6. Caring leisure and other service occupations,41,8,33
S01009631,7. Sales and customer service occupations,28,9,19
S01009631,8. Process plant and machine operatives,42,35,7
S01009631,9. Elementary occupations,56,32,24
S01009632,All people aged 16 to 74 in employment,175,86,89
S01009632,1. Managers directors and senior officials,11,8,3
S01009632,2. Professional occupations,7,2,5
S01009632,3. Associate professional and technical occupations,8,3,5
S01009632,4. Administrative and secretarial occupations,15,4,11
S01009632,5. Skilled trades occupations,29,28,1
S01009632,6. Caring leisure and other service occupations,24,1,23
S01009632,7. Sales and customer service occupations,18,1,17
S01009632,8. Process plant and machine operatives,21,17,4
S01009632,9. Elementary occupations,42,22,20
S01009633,All people aged 16 to 74 in employment,247,130,117
S01009633,1. Managers directors and senior officials,6,3,3
S01009633,2. Professional occupations,8,4,4
S01009633,3. Associate professional and technical occupations,13,9,4
S01009633,4. Administrative and secretarial occupations,20,2,18
S01009633,5. Skilled trades occupations,36,33,3
S01009633,6. Caring leisure and other service occupations,26,4,22
S01009633,7. Sales and customer service occupations,33,9,24
S01009633,8. Process plant and machine operatives,39,28,11
S01009633,9. Elementary occupations,66,38,28
S01009634,All people aged 16 to 74 in employment,160,79,81
S01009634,1. Managers directors and senior officials,5,3,2
S01009634,2. Professional occupations,10,4,6
S01009634,3. Associate professional and technical occupations,9,6,3
S01009634,4. Administrative and secretarial occupations,15,4,11
S01009634,5. Skilled trades occupations,27,25,2
S01009634,6. Caring leisure and other service occupations,22,2,20
S01009634,7. Sales and customer service occupations,17,3,14
S01009634,8. Process plant and machine operatives,21,16,5
S01009634,9. Elementary occupations,34,16,18
S01009635,All people aged 16 to 74 in employment,384,204,180
S01009635,1. Managers directors and senior officials,17,6,11
S01009635,2. Professional occupations,32,14,18
S01009635,3. Associate professional and technical occupations,25,18,7
S01009635,4. Administrative and secretarial occupations,34,8,26
S01009635,5. Skilled trades occupations,58,54,4
S01009635,6. Caring leisure and other service occupations,48,10,38
S01009635,7. Sales and customer service occupations,51,18,33
S01009635,8. Process plant and machine operatives,59,49,10
S01009635,9. Elementary occupations,60,27,33
S01009636,All people aged 16 to 74 in employment,329,170,159
S01009636,1. Managers directors and senior officials,14,8,6
S01009636,2. Professional occupations,14,4,10
S01009636,3. Associate professional and technical occupations,21,14,7
S01009636,4. Administrative and secretarial occupations,26,6,20
S01009636,5. Skilled trades occupations,56,50,6
S01009636,6. Caring leisure and other service occupations,54,7,47
S01009636,7. Sales and customer service occupations,34,13,21
S01009636,8. Process plant and machine operatives,50,36,14
S01009636,9. Elementary occupations,60,32,28
S01009637,All people aged 16 to 74 in employment,339,171,168
S01009637,1. Managers directors and senior officials,19,13,6
S01009637,2. Professional occupations,22,10,12
S01009637,3. Associate professional and technical occupations,26,14,12
S01009637,4. Administrative and secretarial occupations,47,4,43
S01009637,5. Skilled trades occupations,60,51,9
S01009637,6. Caring leisure and other service occupations,48,6,42
S01009637,7. Sales and customer service occupations,37,10,27
S01009637,8. Process plant and machine operatives,37,31,6
S01009637,9. Elementary occupations,43,32,11
S01009638,All people aged 16 to 74 in employment,230,122,108
S01009638,1. Managers directors and senior officials,15,6,9
S01009638,2. Professional occupations,18,10,8
S01009638,3. Associate professional and technical occupations,17,11,6
S01009638,4. Administrative and secretarial occupations,10,3,7
S01009638,5. Skilled trades occupations,35,32,3
S01009638,6. Caring leisure and other service occupations,40,6,34
S01009638,7. Sales and customer service occupations,27,7,20
S01009638,8. Process plant and machine operatives,29,23,6
S01009638,9. Elementary occupations,39,24,15
S01009639,All people aged 16 to 74 in employment,338,172,166
S01009639,1. Managers directors and senior officials,33,20,13
S01009639,2. Professional occupations,66,28,38
S01009639,3. Associate professional and technical occupations,55,32,23
S01009639,4. Administrative and secretarial occupations,49,11,38
S01009639,5. Skilled trades occupations,39,36,3
S01009639,6. Caring leisure and other service occupations,31,7,24
S01009639,7. Sales and customer service occupations,16,5,11
S01009639,8. Process plant and machine operatives,22,18,4
S01009639,9. Elementary occupations,27,15,12
S01009640,All people aged 16 to 74 in employment,214,105,109
S01009640,1. Managers directors and senior officials,4,1,3
S01009640,2. Professional occupations,17,8,9
S01009640,3. Associate professional and technical occupations,29,16,13
S01009640,4. Administrative and secretarial occupations,23,0,23
S01009640,5. Skilled trades occupations,29,25,4
S01009640,6. Caring leisure and other service occupations,32,10,22
S01009640,7. Sales and customer service occupations,24,6,18
S01009640,8. Process plant and machine operatives,31,25,6
S01009640,9. Elementary occupations,25,14,11
S01009641,All people aged 16 to 74 in employment,309,151,158
S01009641,1. Managers directors and senior officials,19,10,9
S01009641,2. Professional occupations,28,9,19
S01009641,3. Associate professional and technical occupations,36,20,16
S01009641,4. Administrative and secretarial occupations,38,15,23
S01009641,5. Skilled trades occupations,48,45,3
S01009641,6. Caring leisure and other service occupations,36,2,34
S01009641,7. Sales and customer service occupations,30,4,26
S01009641,8. Process plant and machine operatives,30,24,6
S01009641,9. Elementary occupations,44,22,22
S01009642,All people aged 16 to 74 in employment,464,216,248
S01009642,1. Managers directors and senior officials,30,18,12
S01009642,2. Professional occupations,56,15,41
S01009642,3. Associate professional and technical occupations,62,32,30
S01009642,4. Administrative and secretarial occupations,59,6,53
S01009642,5. Skilled trades occupations,65,58,7
S01009642,6. Caring leisure and other service occupations,61,8,53
S01009642,7. Sales and customer service occupations,42,12,30
S01009642,8. Process plant and machine operatives,46,41,5
S01009642,9. Elementary occupations,43,26,17
S01009643,All people aged 16 to 74 in employment,343,183,160
S01009643,1. Managers directors and senior officials,32,20,12
S01009643,2. Professional occupations,52,23,29
S01009643,3. Associate professional and technical occupations,50,34,16
S01009643,4. Administrative and secretarial occupations,36,8,28
S01009643,5. Skilled trades occupations,43,40,3
S01009643,6. Caring leisure and other service occupations,33,4,29
S01009643,7. Sales and customer service occupations,33,9,24
S01009643,8. Process plant and machine operatives,36,30,6
S01009643,9. Elementary occupations,28,15,13
S01009644,All people aged 16 to 74 in employment,343,178,165
S01009644,1. Managers directors and senior officials,19,12,7
S01009644,2. Professional occupations,40,20,20
S01009644,3. Associate professional and technical occupations,33,19,14
S01009644,4. Administrative and secretarial occupations,23,4,19
S01009644,5. Skilled trades occupations,44,42,2
S01009644,6. Caring leisure and other service occupations,47,7,40
S01009644,7. Sales and customer service occupations,46,16,30
S01009644,8. Process plant and machine operatives,51,40,11
S01009644,9. Elementary occupations,40,18,22
S01009645,All people aged 16 to 74 in employment,277,142,135
S01009645,1. Managers directors and senior officials,22,12,10
S01009645,2. Professional occupations,20,5,15
S01009645,3. Associate professional and technical occupations,20,16,4
S01009645,4. Administrative and secretarial occupations,32,4,28
S01009645,5. Skilled trades occupations,45,43,2
S01009645,6. Caring leisure and other service occupations,40,4,36
S01009645,7. Sales and customer service occupations,28,9,19
S01009645,8. Process plant and machine operatives,31,27,4
S01009645,9. Elementary occupations,39,22,17
S01009646,All people aged 16 to 74 in employment,244,124,120
S01009646,1. Managers directors and senior officials,9,4,5
S01009646,2. Professional occupations,22,7,15
S01009646,3. Associate professional and technical occupations,23,13,10
S01009646,4. Administrative and secretarial occupations,17,2,15
S01009646,5. Skilled trades occupations,36,29,7
S01009646,6. Caring leisure and other service occupations,28,2,26
S01009646,7. Sales and customer service occupations,26,7,19
S01009646,8. Process plant and machine operatives,51,42,9
S01009646,9. Elementary occupations,32,18,14
S01009647,All people aged 16 to 74 in employment,222,116,106
S01009647,1. Managers directors and senior officials,8,6,2
S01009647,2. Professional occupations,14,5,9
S01009647,3. Associate professional and technical occupations,25,13,12
S01009647,4. Administrative and secretarial occupations,28,2,26
S01009647,5. Skilled trades occupations,40,37,3
S01009647,6. Caring leisure and other service occupations,24,6,18
S01009647,7. Sales and customer service occupations,27,11,16
S01009647,8. Process plant and machine operatives,30,28,2
S01009647,9. Elementary occupations,26,8,18
S01009648,All people aged 16 to 74 in employment,377,186,191
S01009648,1. Managers directors and senior officials,14,8,6
S01009648,2. Professional occupations,33,12,21
S01009648,3. Associate professional and technical occupations,32,17,15
S01009648,4. Administrative and secretarial occupations,46,8,38
S01009648,5. Skilled trades occupations,70,67,3
S01009648,6. Caring leisure and other service occupations,52,6,46
S01009648,7. Sales and customer service occupations,33,8,25
S01009648,8. Process plant and machine operatives,47,36,11
S01009648,9. Elementary occupations,50,24,26
S01009649,All people aged 16 to 74 in employment,445,218,227
S01009649,1. Managers directors and senior officials,30,20,10
S01009649,2. Professional occupations,51,14,37
S01009649,3. Associate professional and technical occupations,60,36,24
S01009649,4. Administrative and secretarial occupations,60,11,49
S01009649,5. Skilled trades occupations,63,62,1
S01009649,6. Caring leisure and other service occupations,42,3,39
S01009649,7. Sales and customer service occupations,44,8,36
S01009649,8. Process plant and machine operatives,50,37,13
S01009649,9. Elementary occupations,45,27,18
S01009650,All people aged 16 to 74 in employment,345,187,158
S01009650,1. Managers directors and senior officials,39,23,16
S01009650,2. Professional occupations,45,21,24
S01009650,3. Associate professional and technical occupations,54,33,21
S01009650,4. Administrative and secretarial occupations,43,9,34
S01009650,5. Skilled trades occupations,53,51,2
S01009650,6. Caring leisure and other service occupations,28,5,23
S01009650,7. Sales and customer service occupations,28,11,17
S01009650,8. Process plant and machine operatives,24,17,7
S01009650,9. Elementary occupations,31,17,14
S01009651,All people aged 16 to 74 in employment,434,224,210
S01009651,1. Managers directors and senior officials,40,29,11
S01009651,2. Professional occupations,106,45,61
S01009651,3. Associate professional and technical occupations,58,33,25
S01009651,4. Administrative and secretarial occupations,40,5,35
S01009651,5. Skilled trades occupations,64,59,5
S01009651,6. Caring leisure and other service occupations,36,6,30
S01009651,7. Sales and customer service occupations,24,8,16
S01009651,8. Process plant and machine operatives,24,19,5
S01009651,9. Elementary occupations,42,20,22
S01009652,All people aged 16 to 74 in employment,314,169,145
S01009652,1. Managers directors and senior officials,48,29,19
S01009652,2. Professional occupations,93,54,39
S01009652,3. Associate professional and technical occupations,35,23,12
S01009652,4. Administrative and secretarial occupations,30,3,27
S01009652,5. Skilled trades occupations,32,30,2
S01009652,6. Caring leisure and other service occupations,28,6,22
S01009652,7. Sales and customer service occupations,20,8,12
S01009652,8. Process plant and machine operatives,8,7,1
S01009652,9. Elementary occupations,20,9,11
S01009653,All people aged 16 to 74 in employment,273,145,128
S01009653,1. Managers directors and senior officials,31,24,7
S01009653,2. Professional occupations,77,29,48
S01009653,3. Associate professional and technical occupations,33,18,15
S01009653,4. Administrative and secretarial occupations,31,8,23
S01009653,5. Skilled trades occupations,43,42,1
S01009653,6. Caring leisure and other service occupations,19,1,18
S01009653,7. Sales and customer service occupations,12,3,9
S01009653,8. Process plant and machine operatives,13,11,2
S01009653,9. Elementary occupations,14,9,5
S01009654,All people aged 16 to 74 in employment,246,121,125
S01009654,1. Managers directors and senior officials,25,12,13
S01009654,2. Professional occupations,45,17,28
S01009654,3. Associate professional and technical occupations,27,18,9
S01009654,4. Administrative and secretarial occupations,21,4,17
S01009654,5. Skilled trades occupations,39,33,6
S01009654,6. Caring leisure and other service occupations,32,4,28
S01009654,7. Sales and customer service occupations,8,3,5
S01009654,8. Process plant and machine operatives,15,14,1
S01009654,9. Elementary occupations,34,16,18
S01009655,All people aged 16 to 74 in employment,353,167,186
S01009655,1. Managers directors and senior officials,16,5,11
S01009655,2. Professional occupations,25,5,20
S01009655,3. Associate professional and technical occupations,23,11,12
S01009655,4. Administrative and secretarial occupations,12,3,9
S01009655,5. Skilled trades occupations,50,45,5
S01009655,6. Caring leisure and other service occupations,48,4,44
S01009655,7. Sales and customer service occupations,45,11,34
S01009655,8. Process plant and machine operatives,57,44,13
S01009655,9. Elementary occupations,77,39,38
S01009656,All people aged 16 to 74 in employment,226,112,114
S01009656,1. Managers directors and senior officials,14,10,4
S01009656,2. Professional occupations,19,4,15
S01009656,3. Associate professional and technical occupations,18,11,7
S01009656,4. Administrative and secretarial occupations,12,1,11
S01009656,5. Skilled trades occupations,30,27,3
S01009656,6. Caring leisure and other service occupations,33,3,30
S01009656,7. Sales and customer service occupations,23,6,17
S01009656,8. Process plant and machine operatives,40,30,10
S01009656,9. Elementary occupations,37,20,17
S01009657,All people aged 16 to 74 in employment,379,199,180
S01009657,1. Managers directors and senior officials,31,17,14
S01009657,2. Professional occupations,49,19,30
S01009657,3. Associate professional and technical occupations,39,29,10
S01009657,4. Administrative and secretarial occupations,44,2,42
S01009657,5. Skilled trades occupations,48,43,5
S01009657,6. Caring leisure and other service occupations,33,8,25
S01009657,7. Sales and customer service occupations,42,12,30
S01009657,8. Process plant and machine operatives,55,44,11
S01009657,9. Elementary occupations,38,25,13
S01009658,All people aged 16 to 74 in employment,344,172,172
S01009658,1. Managers directors and senior officials,16,7,9
S01009658,2. Professional occupations,23,8,15
S01009658,3. Associate professional and technical occupations,24,13,11
S01009658,4. Administrative and secretarial occupations,33,3,30
S01009658,5. Skilled trades occupations,53,52,1
S01009658,6. Caring leisure and other service occupations,55,5,50
S01009658,7. Sales and customer service occupations,27,7,20
S01009658,8. Process plant and machine operatives,57,49,8
S01009658,9. Elementary occupations,56,28,28
S01009659,All people aged 16 to 74 in employment,228,124,104
S01009659,1. Managers directors and senior officials,13,9,4
S01009659,2. Professional occupations,24,13,11
S01009659,3. Associate professional and technical occupations,21,12,9
S01009659,4. Administrative and secretarial occupations,23,4,19
S01009659,5. Skilled trades occupations,43,40,3
S01009659,6. Caring leisure and other service occupations,32,3,29
S01009659,7. Sales and customer service occupations,16,1,15
S01009659,8. Process plant and machine operatives,26,23,3
S01009659,9. Elementary occupations,30,19,11
S01009660,All people aged 16 to 74 in employment,468,233,235
S01009660,1. Managers directors and senior officials,33,22,11
S01009660,2. Professional occupations,38,16,22
S01009660,3. Associate professional and technical occupations,50,29,21
S01009660,4. Administrative and secretarial occupations,52,7,45
S01009660,5. Skilled trades occupations,70,68,2
S01009660,6. Caring leisure and other service occupations,65,9,56
S01009660,7. Sales and customer service occupations,47,11,36
S01009660,8. Process plant and machine operatives,56,40,16
S01009660,9. Elementary occupations,57,31,26
S01009661,All people aged 16 to 74 in employment,443,237,206
S01009661,1. Managers directors and senior officials,63,35,28
S01009661,2. Professional occupations,89,37,52
S01009661,3. Associate professional and technical occupations,52,23,29
S01009661,4. Administrative and secretarial occupations,39,5,34
S01009661,5. Skilled trades occupations,72,66,6
S01009661,6. Caring leisure and other service occupations,31,8,23
S01009661,7. Sales and customer service occupations,24,10,14
S01009661,8. Process plant and machine operatives,38,30,8
S01009661,9. Elementary occupations,35,23,12
S01009662,All people aged 16 to 74 in employment,371,204,167
S01009662,1. Managers directors and senior officials,36,26,10
S01009662,2. Professional occupations,65,25,40
S01009662,3. Associate professional and technical occupations,43,26,17
S01009662,4. Administrative and secretarial occupations,43,8,35
S01009662,5. Skilled trades occupations,66,56,10
S01009662,6. Caring leisure and other service occupations,22,3,19
S01009662,7. Sales and customer service occupations,19,5,14
S01009662,8. Process plant and machine operatives,32,29,3
S01009662,9. Elementary occupations,45,26,19
S01009663,All people aged 16 to 74 in employment,312,155,157
S01009663,1. Managers directors and senior officials,33,20,13
S01009663,2. Professional occupations,78,27,51
S01009663,3. Associate professional and technical occupations,43,27,16
S01009663,4. Administrative and secretarial occupations,28,7,21
S01009663,5. Skilled trades occupations,41,38,3
S01009663,6. Caring leisure and other service occupations,28,4,24
S01009663,7. Sales and customer service occupations,13,2,11
S01009663,8. Process plant and machine operatives,21,16,5
S01009663,9. Elementary occupations,27,14,13
S01009664,All people aged 16 to 74 in employment,463,239,224
S01009664,1. Managers directors and senior officials,47,34,13
S01009664,2. Professional occupations,118,54,64
S01009664,3. Associate professional and technical occupations,57,33,24
S01009664,4. Administrative and secretarial occupations,46,5,41
S01009664,5. Skilled trades occupations,61,55,6
S01009664,6. Caring leisure and other service occupations,39,3,36
S01009664,7. Sales and customer service occupations,28,6,22
S01009664,8. Process plant and machine operatives,33,31,2
S01009664,9. Elementary occupations,34,18,16
S01009665,All people aged 16 to 74 in employment,309,159,150
S01009665,1. Managers directors and senior officials,28,17,11
S01009665,2. Professional occupations,42,17,25
S01009665,3. Associate professional and technical occupations,32,19,13
S01009665,4. Administrative and secretarial occupations,30,5,25
S01009665,5. Skilled trades occupations,47,44,3
S01009665,6. Caring leisure and other service occupations,37,4,33
S01009665,7. Sales and customer service occupations,21,6,15
S01009665,8. Process plant and machine operatives,35,32,3
S01009665,9. Elementary occupations,37,15,22
S01009666,All people aged 16 to 74 in employment,362,198,164
S01009666,1. Managers directors and senior officials,26,21,5
S01009666,2. Professional occupations,65,24,41
S01009666,3. Associate professional and technical occupations,51,32,19
S01009666,4. Administrative and secretarial occupations,40,4,36
S01009666,5. Skilled trades occupations,71,65,6
S01009666,6. Caring leisure and other service occupations,34,3,31
S01009666,7. Sales and customer service occupations,23,8,15
S01009666,8. Process plant and machine operatives,26,25,1
S01009666,9. Elementary occupations,26,16,10
S01009667,All people aged 16 to 74 in employment,266,137,129
S01009667,1. Managers directors and senior officials,35,23,12
S01009667,2. Professional occupations,62,22,40
S01009667,3. Associate professional and technical occupations,32,19,13
S01009667,4. Administrative and secretarial occupations,28,2,26
S01009667,5. Skilled trades occupations,43,40,3
S01009667,6. Caring leisure and other service occupations,16,2,14
S01009667,7. Sales and customer service occupations,13,2,11
S01009667,8. Process plant and machine operatives,13,13,0
S01009667,9. Elementary occupations,24,14,10
S01009668,All people aged 16 to 74 in employment,308,157,151
S01009668,1. Managers directors and senior officials,31,19,12
S01009668,2. Professional occupations,68,28,40
S01009668,3. Associate professional and technical occupations,45,25,20
S01009668,4. Administrative and secretarial occupations,27,6,21
S01009668,5. Skilled trades occupations,39,36,3
S01009668,6. Caring leisure and other service occupations,28,5,23
S01009668,7. Sales and customer service occupations,22,5,17
S01009668,8. Process plant and machine operatives,22,18,4
S01009668,9. Elementary occupations,26,15,11
S01009669,All people aged 16 to 74 in employment,229,120,109
S01009669,1. Managers directors and senior officials,17,12,5
S01009669,2. Professional occupations,50,16,34
S01009669,3. Associate professional and technical occupations,26,12,14
S01009669,4. Administrative and secretarial occupations,21,2,19
S01009669,5. Skilled trades occupations,42,38,4
S01009669,6. Caring leisure and other service occupations,21,7,14
S01009669,7. Sales and customer service occupations,17,8,9
S01009669,8. Process plant and machine operatives,18,17,1
S01009669,9. Elementary occupations,17,8,9
S01009670,All people aged 16 to 74 in employment,395,201,194
S01009670,1. Managers directors and senior officials,53,35,18
S01009670,2. Professional occupations,104,43,61
S01009670,3. Associate professional and technical occupations,52,27,25
S01009670,4. Administrative and secretarial occupations,31,2,29
S01009670,5. Skilled trades occupations,42,37,5
S01009670,6. Caring leisure and other service occupations,27,3,24
S01009670,7. Sales and customer service occupations,22,9,13
S01009670,8. Process plant and machine operatives,30,29,1
S01009670,9. Elementary occupations,34,16,18
S01009671,All people aged 16 to 74 in employment,341,177,164
S01009671,1. Managers directors and senior officials,47,32,15
S01009671,2. Professional occupations,64,28,36
S01009671,3. Associate professional and technical occupations,46,27,19
S01009671,4. Administrative and secretarial occupations,30,5,25
S01009671,5. Skilled trades occupations,42,37,5
S01009671,6. Caring leisure and other service occupations,32,6,26
S01009671,7. Sales and customer service occupations,30,9,21
S01009671,8. Process plant and machine operatives,18,18,0
S01009671,9. Elementary occupations,32,15,17
S01009672,All people aged 16 to 74 in employment,381,202,179
S01009672,1. Managers directors and senior officials,25,15,10
S01009672,2. Professional occupations,44,19,25
S01009672,3. Associate professional and technical occupations,27,16,11
S01009672,4. Administrative and secretarial occupations,26,2,24
S01009672,5. Skilled trades occupations,67,65,2
S01009672,6. Caring leisure and other service occupations,69,7,62
S01009672,7. Sales and customer service occupations,29,11,18
S01009672,8. Process plant and machine operatives,44,41,3
S01009672,9. Elementary occupations,50,26,24
S01009673,All people aged 16 to 74 in employment,379,206,173
S01009673,1. Managers directors and senior officials,40,29,11
S01009673,2. Professional occupations,63,22,41
S01009673,3. Associate professional and technical occupations,49,32,17
S01009673,4. Administrative and secretarial occupations,35,8,27
S01009673,5. Skilled trades occupations,60,52,8
S01009673,6. Caring leisure and other service occupations,38,6,32
S01009673,7. Sales and customer service occupations,25,11,14
S01009673,8. Process plant and machine operatives,32,25,7
S01009673,9. Elementary occupations,37,21,16
S01009674,All people aged 16 to 74 in employment,429,238,191
S01009674,1. Managers directors and senior officials,58,42,16
S01009674,2. Professional occupations,93,35,58
S01009674,3. Associate professional and technical occupations,56,35,21
S01009674,4. Administrative and secretarial occupations,38,3,35
S01009674,5. Skilled trades occupations,78,73,5
S01009674,6. Caring leisure and other service occupations,29,2,27
S01009674,7. Sales and customer service occupations,25,12,13
S01009674,8. Process plant and machine operatives,26,23,3
S01009674,9. Elementary occupations,26,13,13
S01009675,All people aged 16 to 74 in employment,449,230,219
S01009675,1. Managers directors and senior officials,39,31,8
S01009675,2. Professional occupations,85,35,50
S01009675,3. Associate professional and technical occupations,75,38,37
S01009675,4. Administrative and secretarial occupations,42,9,33
S01009675,5. Skilled trades occupations,62,58,4
S01009675,6. Caring leisure and other service occupations,43,4,39
S01009675,7. Sales and customer service occupations,31,11,20
S01009675,8. Process plant and machine operatives,31,26,5
S01009675,9. Elementary occupations,41,18,23
S01009676,All people aged 16 to 74 in employment,410,215,195
S01009676,1. Managers directors and senior officials,52,37,15
S01009676,2. Professional occupations,71,32,39
S01009676,3. Associate professional and technical occupations,32,15,17
S01009676,4. Administrative and secretarial occupations,39,7,32
S01009676,5. Skilled trades occupations,76,68,8
S01009676,6. Caring leisure and other service occupations,48,6,42
S01009676,7. Sales and customer service occupations,30,5,25
S01009676,8. Process plant and machine operatives,33,31,2
S01009676,9. Elementary occupations,29,14,15
S01009677,All people aged 16 to 74 in employment,306,167,139
S01009677,1. Managers directors and senior officials,34,20,14
S01009677,2. Professional occupations,73,29,44
S01009677,3. Associate professional and technical occupations,31,20,11
S01009677,4. Administrative and secretarial occupations,30,7,23
S01009677,5. Skilled trades occupations,67,58,9
S01009677,6. Caring leisure and other service occupations,22,6,16
S01009677,7. Sales and customer service occupations,21,5,16
S01009677,8. Process plant and machine operatives,13,12,1
S01009677,9. Elementary occupations,15,10,5
S01009678,All people aged 16 to 74 in employment,294,152,142
S01009678,1. Managers directors and senior officials,17,8,9
S01009678,2. Professional occupations,25,13,12
S01009678,3. Associate professional and technical occupations,39,20,19
S01009678,4. Administrative and secretarial occupations,26,3,23
S01009678,5. Skilled trades occupations,53,49,4
S01009678,6. Caring leisure and other service occupations,37,4,33
S01009678,7. Sales and customer service occupations,21,2,19
S01009678,8. Process plant and machine operatives,36,32,4
S01009678,9. Elementary occupations,40,21,19
S01009679,All people aged 16 to 74 in employment,433,233,200
S01009679,1. Managers directors and senior officials,36,21,15
S01009679,2. Professional occupations,59,21,38
S01009679,3. Associate professional and technical occupations,53,32,21
S01009679,4. Administrative and secretarial occupations,52,11,41
S01009679,5. Skilled trades occupations,60,58,2
S01009679,6. Caring leisure and other service occupations,28,1,27
S01009679,7. Sales and customer service occupations,38,11,27
S01009679,8. Process plant and machine operatives,59,46,13
S01009679,9. Elementary occupations,48,32,16
S01009680,All people aged 16 to 74 in employment,402,215,187
S01009680,1. Managers directors and senior officials,28,18,10
S01009680,2. Professional occupations,55,21,34
S01009680,3. Associate professional and technical occupations,51,34,17
S01009680,4. Administrative and secretarial occupations,27,4,23
S01009680,5. Skilled trades occupations,66,57,9
S01009680,6. Caring leisure and other service occupations,40,3,37
S01009680,7. Sales and customer service occupations,41,10,31
S01009680,8. Process plant and machine operatives,43,36,7
S01009680,9. Elementary occupations,51,32,19
S01009681,All people aged 16 to 74 in employment,320,167,153
S01009681,1. Managers directors and senior officials,14,8,6
S01009681,2. Professional occupations,68,33,35
S01009681,3. Associate professional and technical occupations,29,19,10
S01009681,4. Administrative and secretarial occupations,31,6,25
S01009681,5. Skilled trades occupations,44,41,3
S01009681,6. Caring leisure and other service occupations,29,5,24
S01009681,7. Sales and customer service occupations,22,6,16
S01009681,8. Process plant and machine operatives,29,27,2
S01009681,9. Elementary occupations,54,22,32
S01009682,All people aged 16 to 74 in employment,304,159,145
S01009682,1. Managers directors and senior officials,32,25,7
S01009682,2. Professional occupations,65,25,40
S01009682,3. Associate professional and technical occupations,44,34,10
S01009682,4. Administrative and secretarial occupations,33,7,26
S01009682,5. Skilled trades occupations,26,26,0
S01009682,6. Caring leisure and other service occupations,38,8,30
S01009682,7. Sales and customer service occupations,27,6,21
S01009682,8. Process plant and machine operatives,18,17,1
S01009682,9. Elementary occupations,21,11,10
S01009683,All people aged 16 to 74 in employment,361,182,179
S01009683,1. Managers directors and senior officials,33,18,15
S01009683,2. Professional occupations,108,54,54
S01009683,3. Associate professional and technical occupations,43,27,16
S01009683,4. Administrative and secretarial occupations,39,10,29
S01009683,5. Skilled trades occupations,27,26,1
S01009683,6. Caring leisure and other service occupations,36,8,28
S01009683,7. Sales and customer service occupations,32,8,24
S01009683,8. Process plant and machine operatives,14,13,1
S01009683,9. Elementary occupations,29,18,11
S01009684,All people aged 16 to 74 in employment,561,301,260
S01009684,1. Managers directors and senior officials,68,39,29
S01009684,2. Professional occupations,144,68,76
S01009684,3. Associate professional and technical occupations,78,51,27
S01009684,4. Administrative and secretarial occupations,51,5,46
S01009684,5. Skilled trades occupations,78,72,6
S01009684,6. Caring leisure and other service occupations,44,9,35
S01009684,7. Sales and customer service occupations,28,11,17
S01009684,8. Process plant and machine operatives,25,22,3
S01009684,9. Elementary occupations,45,24,21
S01009685,All people aged 16 to 74 in employment,282,148,134
S01009685,1. Managers directors and senior officials,23,17,6
S01009685,2. Professional occupations,43,20,23
S01009685,3. Associate professional and technical occupations,26,13,13
S01009685,4. Administrative and secretarial occupations,22,1,21
S01009685,5. Skilled trades occupations,53,50,3
S01009685,6. Caring leisure and other service occupations,36,5,31
S01009685,7. Sales and customer service occupations,15,1,14
S01009685,8. Process plant and machine operatives,25,22,3
S01009685,9. Elementary occupations,39,19,20
S01009686,All people aged 16 to 74 in employment,526,256,270
S01009686,1. Managers directors and senior officials,38,24,14
S01009686,2. Professional occupations,101,48,53
S01009686,3. Associate professional and technical occupations,47,24,23
S01009686,4. Administrative and secretarial occupations,42,7,35
S01009686,5. Skilled trades occupations,71,68,3
S01009686,6. Caring leisure and other service occupations,63,12,51
S01009686,7. Sales and customer service occupations,60,15,45
S01009686,8. Process plant and machine operatives,33,29,4
S01009686,9. Elementary occupations,71,29,42
S01009687,All people aged 16 to 74 in employment,346,195,151
S01009687,1. Managers directors and senior officials,19,11,8
S01009687,2. Professional occupations,42,17,25
S01009687,3. Associate professional and technical occupations,62,54,8
S01009687,4. Administrative and secretarial occupations,33,7,26
S01009687,5. Skilled trades occupations,45,41,4
S01009687,6. Caring leisure and other service occupations,42,9,33
S01009687,7. Sales and customer service occupations,30,11,19
S01009687,8. Process plant and machine operatives,22,20,2
S01009687,9. Elementary occupations,51,25,26
S01009688,All people aged 16 to 74 in employment,359,177,182
S01009688,1. Managers directors and senior officials,17,6,11
S01009688,2. Professional occupations,29,11,18
S01009688,3. Associate professional and technical occupations,28,16,12
S01009688,4. Administrative and secretarial occupations,24,8,16
S01009688,5. Skilled trades occupations,49,42,7
S01009688,6. Caring leisure and other service occupations,54,15,39
S01009688,7. Sales and customer service occupations,42,12,30
S01009688,8. Process plant and machine operatives,42,36,6
S01009688,9. Elementary occupations,74,31,43
S01009689,All people aged 16 to 74 in employment,306,151,155
S01009689,1. Managers directors and senior officials,23,17,6
S01009689,2. Professional occupations,71,34,37
S01009689,3. Associate professional and technical occupations,30,18,12
S01009689,4. Administrative and secretarial occupations,21,4,17
S01009689,5. Skilled trades occupations,38,32,6
S01009689,6. Caring leisure and other service occupations,37,4,33
S01009689,7. Sales and customer service occupations,18,3,15
S01009689,8. Process plant and machine operatives,17,11,6
S01009689,9. Elementary occupations,51,28,23
S01009690,All people aged 16 to 74 in employment,354,172,182
S01009690,1. Managers directors and senior officials,27,14,13
S01009690,2. Professional occupations,75,35,40
S01009690,3. Associate professional and technical occupations,46,27,19
S01009690,4. Administrative and secretarial occupations,36,4,32
S01009690,5. Skilled trades occupations,37,35,2
S01009690,6. Caring leisure and other service occupations,43,9,34
S01009690,7. Sales and customer service occupations,23,2,21
S01009690,8. Process plant and machine operatives,29,28,1
S01009690,9. Elementary occupations,38,18,20
S01009691,All people aged 16 to 74 in employment,281,140,141
S01009691,1. Managers directors and senior officials,35,28,7
S01009691,2. Professional occupations,64,31,33
S01009691,3. Associate professional and technical occupations,41,23,18
S01009691,4. Administrative and secretarial occupations,30,6,24
S01009691,5. Skilled trades occupations,27,27,0
S01009691,6. Caring leisure and other service occupations,27,4,23
S01009691,7. Sales and customer service occupations,26,4,22
S01009691,8. Process plant and machine operatives,8,8,0
S01009691,9. Elementary occupations,23,9,14
S01009692,All people aged 16 to 74 in employment,451,235,216
S01009692,1. Managers directors and senior officials,46,31,15
S01009692,2. Professional occupations,93,37,56
S01009692,3. Associate professional and technical occupations,63,36,27
S01009692,4. Administrative and secretarial occupations,41,10,31
S01009692,5. Skilled trades occupations,52,46,6
S01009692,6. Caring leisure and other service occupations,43,5,38
S01009692,7. Sales and customer service occupations,38,16,22
S01009692,8. Process plant and machine operatives,30,27,3
S01009692,9. Elementary occupations,45,27,18
S01009693,All people aged 16 to 74 in employment,301,153,148
S01009693,1. Managers directors and senior officials,20,14,6
S01009693,2. Professional occupations,64,32,32
S01009693,3. Associate professional and technical occupations,42,34,8
S01009693,4. Administrative and secretarial occupations,42,2,40
S01009693,5. Skilled trades occupations,35,33,2
S01009693,6. Caring leisure and other service occupations,36,5,31
S01009693,7. Sales and customer service occupations,20,7,13
S01009693,8. Process plant and machine operatives,17,15,2
S01009693,9. Elementary occupations,25,11,14
S01009694,All people aged 16 to 74 in employment,428,213,215
S01009694,1. Managers directors and senior officials,35,25,10
S01009694,2. Professional occupations,101,46,55
S01009694,3. Associate professional and technical occupations,65,41,24
S01009694,4. Administrative and secretarial occupations,48,3,45
S01009694,5. Skilled trades occupations,41,38,3
S01009694,6. Caring leisure and other service occupations,42,8,34
S01009694,7. Sales and customer service occupations,29,8,21
S01009694,8. Process plant and machine operatives,26,22,4
S01009694,9. Elementary occupations,41,22,19
S01009695,All people aged 16 to 74 in employment,294,154,140
S01009695,1. Managers directors and senior officials,47,29,18
S01009695,2. Professional occupations,70,30,40
S01009695,3. Associate professional and technical occupations,35,19,16
S01009695,4. Administrative and secretarial occupations,28,5,23
S01009695,5. Skilled trades occupations,44,40,4
S01009695,6. Caring leisure and other service occupations,18,3,15
S01009695,7. Sales and customer service occupations,13,5,8
S01009695,8. Process plant and machine operatives,13,11,2
S01009695,9. Elementary occupations,26,12,14
S01009696,All people aged 16 to 74 in employment,461,229,232
S01009696,1. Managers directors and senior officials,65,46,19
S01009696,2. Professional occupations,120,46,74
S01009696,3. Associate professional and technical occupations,60,31,29
S01009696,4. Administrative and secretarial occupations,49,7,42
S01009696,5. Skilled trades occupations,54,47,7
S01009696,6. Caring leisure and other service occupations,42,5,37
S01009696,7. Sales and customer service occupations,24,10,14
S01009696,8. Process plant and machine operatives,20,20,0
S01009696,9. Elementary occupations,27,17,10
S01009697,All people aged 16 to 74 in employment,349,189,160
S01009697,1. Managers directors and senior officials,33,17,16
S01009697,2. Professional occupations,99,54,45
S01009697,3. Associate professional and technical occupations,49,24,25
S01009697,4. Administrative and secretarial occupations,36,6,30
S01009697,5. Skilled trades occupations,50,47,3
S01009697,6. Caring leisure and other service occupations,19,5,14
S01009697,7. Sales and customer service occupations,21,7,14
S01009697,8. Process plant and machine operatives,14,12,2
S01009697,9. Elementary occupations,28,17,11
S01009698,All people aged 16 to 74 in employment,307,160,147
S01009698,1. Managers directors and senior officials,42,27,15
S01009698,2. Professional occupations,73,29,44
S01009698,3. Associate professional and technical occupations,31,18,13
S01009698,4. Administrative and secretarial occupations,27,4,23
S01009698,5. Skilled trades occupations,50,43,7
S01009698,6. Caring leisure and other service occupations,22,6,16
S01009698,7. Sales and customer service occupations,13,2,11
S01009698,8. Process plant and machine operatives,12,10,2
S01009698,9. Elementary occupations,37,21,16
S01009699,All people aged 16 to 74 in employment,168,99,69
S01009699,1. Managers directors and senior officials,23,13,10
S01009699,2. Professional occupations,37,21,16
S01009699,3. Associate professional and technical occupations,12,5,7
S01009699,4. Administrative and secretarial occupations,13,3,10
S01009699,5. Skilled trades occupations,24,21,3
S01009699,6. Caring leisure and other service occupations,16,4,12
S01009699,7. Sales and customer service occupations,15,6,9
S01009699,8. Process plant and machine operatives,10,10,0
S01009699,9. Elementary occupations,18,16,2
S01009700,All people aged 16 to 74 in employment,302,153,149
S01009700,1. Managers directors and senior officials,31,15,16
S01009700,2. Professional occupations,39,19,20
S01009700,3. Associate professional and technical occupations,29,17,12
S01009700,4. Administrative and secretarial occupations,25,4,21
S01009700,5. Skilled trades occupations,71,57,14
S01009700,6. Caring leisure and other service occupations,30,3,27
S01009700,7. Sales and customer service occupations,18,4,14
S01009700,8. Process plant and machine operatives,15,14,1
S01009700,9. Elementary occupations,44,20,24
S01009701,All people aged 16 to 74 in employment,152,79,73
S01009701,1. Managers directors and senior officials,25,14,11
S01009701,2. Professional occupations,30,15,15
S01009701,3. Associate professional and technical occupations,22,12,10
S01009701,4. Administrative and secretarial occupations,14,5,9
S01009701,5. Skilled trades occupations,19,16,3
S01009701,6. Caring leisure and other service occupations,18,4,14
S01009701,7. Sales and customer service occupations,10,5,5
S01009701,8. Process plant and machine operatives,3,3,0
S01009701,9. Elementary occupations,11,5,6
S01009702,All people aged 16 to 74 in employment,316,183,133
S01009702,1. Managers directors and senior officials,35,24,11
S01009702,2. Professional occupations,75,36,39
S01009702,3. Associate professional and technical occupations,26,17,9
S01009702,4. Administrative and secretarial occupations,31,6,25
S01009702,5. Skilled trades occupations,65,60,5
S01009702,6. Caring leisure and other service occupations,24,3,21
S01009702,7. Sales and customer service occupations,12,4,8
S01009702,8. Process plant and machine operatives,10,9,1
S01009702,9. Elementary occupations,38,24,14
S01009703,All people aged 16 to 74 in employment,257,131,126
S01009703,1. Managers directors and senior officials,20,16,4
S01009703,2. Professional occupations,31,12,19
S01009703,3. Associate professional and technical occupations,24,14,10
S01009703,4. Administrative and secretarial occupations,30,2,28
S01009703,5. Skilled trades occupations,49,44,5
S01009703,6. Caring leisure and other service occupations,28,4,24
S01009703,7. Sales and customer service occupations,20,6,14
S01009703,8. Process plant and machine operatives,19,16,3
S01009703,9. Elementary occupations,36,17,19
S01009704,All people aged 16 to 74 in employment,448,231,217
S01009704,1. Managers directors and senior officials,49,34,15
S01009704,2. Professional occupations,79,38,41
S01009704,3. Associate professional and technical occupations,55,31,24
S01009704,4. Administrative and secretarial occupations,46,8,38
S01009704,5. Skilled trades occupations,68,64,4
S01009704,6. Caring leisure and other service occupations,45,1,44
S01009704,7. Sales and customer service occupations,32,6,26
S01009704,8. Process plant and machine operatives,26,24,2
S01009704,9. Elementary occupations,48,25,23
S01009705,All people aged 16 to 74 in employment,364,196,168
S01009705,1. Managers directors and senior officials,35,25,10
S01009705,2. Professional occupations,29,12,17
S01009705,3. Associate professional and technical occupations,38,20,18
S01009705,4. Administrative and secretarial occupations,25,5,20
S01009705,5. Skilled trades occupations,90,84,6
S01009705,6. Caring leisure and other service occupations,59,7,52
S01009705,7. Sales and customer service occupations,24,6,18
S01009705,8. Process plant and machine operatives,26,23,3
S01009705,9. Elementary occupations,38,14,24
S01009706,All people aged 16 to 74 in employment,286,156,130
S01009706,1. Managers directors and senior officials,31,18,13
S01009706,2. Professional occupations,43,20,23
S01009706,3. Associate professional and technical occupations,39,21,18
S01009706,4. Administrative and secretarial occupations,17,2,15
S01009706,5. Skilled trades occupations,60,55,5
S01009706,6. Caring leisure and other service occupations,31,4,27
S01009706,7. Sales and customer service occupations,19,4,15
S01009706,8. Process plant and machine operatives,19,19,0
S01009706,9. Elementary occupations,27,13,14
S01009707,All people aged 16 to 74 in employment,255,125,130
S01009707,1. Managers directors and senior officials,28,14,14
S01009707,2. Professional occupations,68,32,36
S01009707,3. Associate professional and technical occupations,30,17,13
S01009707,4. Administrative and secretarial occupations,26,2,24
S01009707,5. Skilled trades occupations,29,24,5
S01009707,6. Caring leisure and other service occupations,24,10,14
S01009707,7. Sales and customer service occupations,16,5,11
S01009707,8. Process plant and machine operatives,12,11,1
S01009707,9. Elementary occupations,22,10,12
S01009708,All people aged 16 to 74 in employment,264,140,124
S01009708,1. Managers directors and senior officials,26,16,10
S01009708,2. Professional occupations,55,27,28
S01009708,3. Associate professional and technical occupations,20,16,4
S01009708,4. Administrative and secretarial occupations,29,6,23
S01009708,5. Skilled trades occupations,47,40,7
S01009708,6. Caring leisure and other service occupations,28,3,25
S01009708,7. Sales and customer service occupations,16,3,13
S01009708,8. Process plant and machine operatives,16,16,0
S01009708,9. Elementary occupations,27,13,14
S01009709,All people aged 16 to 74 in employment,368,199,169
S01009709,1. Managers directors and senior officials,41,22,19
S01009709,2. Professional occupations,57,31,26
S01009709,3. Associate professional and technical occupations,33,20,13
S01009709,4. Administrative and secretarial occupations,40,6,34
S01009709,5. Skilled trades occupations,75,65,10
S01009709,6. Caring leisure and other service occupations,38,8,30
S01009709,7. Sales and customer service occupations,19,5,14
S01009709,8. Process plant and machine operatives,19,19,0
S01009709,9. Elementary occupations,46,23,23
S01009710,All people aged 16 to 74 in employment,282,154,128
S01009710,1. Managers directors and senior officials,31,21,10
S01009710,2. Professional occupations,47,23,24
S01009710,3. Associate professional and technical occupations,33,21,12
S01009710,4. Administrative and secretarial occupations,28,4,24
S01009710,5. Skilled trades occupations,52,47,5
S01009710,6. Caring leisure and other service occupations,27,7,20
S01009710,7. Sales and customer service occupations,18,4,14
S01009710,8. Process plant and machine operatives,19,18,1
S01009710,9. Elementary occupations,27,9,18
S01009711,All people aged 16 to 74 in employment,346,182,164
S01009711,1. Managers directors and senior officials,43,27,16
S01009711,2. Professional occupations,43,24,19
S01009711,3. Associate professional and technical occupations,27,17,10
S01009711,4. Administrative and secretarial occupations,32,4,28
S01009711,5. Skilled trades occupations,54,49,5
S01009711,6. Caring leisure and other service occupations,46,9,37
S01009711,7. Sales and customer service occupations,36,11,25
S01009711,8. Process plant and machine operatives,18,15,3
S01009711,9. Elementary occupations,47,26,21
S01009712,All people aged 16 to 74 in employment,267,145,122
S01009712,1. Managers directors and senior officials,27,17,10
S01009712,2. Professional occupations,52,23,29
S01009712,3. Associate professional and technical occupations,23,16,7
S01009712,4. Administrative and secretarial occupations,24,4,20
S01009712,5. Skilled trades occupations,49,46,3
S01009712,6. Caring leisure and other service occupations,30,3,27
S01009712,7. Sales and customer service occupations,17,6,11
S01009712,8. Process plant and machine operatives,15,15,0
S01009712,9. Elementary occupations,30,15,15
S01009713,All people aged 16 to 74 in employment,361,183,178
S01009713,1. Managers directors and senior officials,38,20,18
S01009713,2. Professional occupations,65,32,33
S01009713,3. Associate professional and technical occupations,36,14,22
S01009713,4. Administrative and secretarial occupations,37,3,34
S01009713,5. Skilled trades occupations,74,69,5
S01009713,6. Caring leisure and other service occupations,34,5,29
S01009713,7. Sales and customer service occupations,19,8,11
S01009713,8. Process plant and machine operatives,11,11,0
S01009713,9. Elementary occupations,47,21,26
S01009714,All people aged 16 to 74 in employment,384,213,171
S01009714,1. Managers directors and senior officials,60,34,26
S01009714,2. Professional occupations,81,49,32
S01009714,3. Associate professional and technical occupations,32,22,10
S01009714,4. Administrative and secretarial occupations,26,7,19
S01009714,5. Skilled trades occupations,53,47,6
S01009714,6. Caring leisure and other service occupations,39,9,30
S01009714,7. Sales and customer service occupations,39,17,22
S01009714,8. Process plant and machine operatives,19,16,3
S01009714,9. Elementary occupations,35,12,23
S01009715,All people aged 16 to 74 in employment,320,185,135
S01009715,1. Managers directors and senior officials,34,20,14
S01009715,2. Professional occupations,81,43,38
S01009715,3. Associate professional and technical occupations,17,9,8
S01009715,4. Administrative and secretarial occupations,31,5,26
S01009715,5. Skilled trades occupations,63,57,6
S01009715,6. Caring leisure and other service occupations,31,9,22
S01009715,7. Sales and customer service occupations,13,4,9
S01009715,8. Process plant and machine operatives,9,7,2
S01009715,9. Elementary occupations,41,31,10
S01009716,All people aged 16 to 74 in employment,283,148,135
S01009716,1. Managers directors and senior officials,30,17,13
S01009716,2. Professional occupations,88,47,41
S01009716,3. Associate professional and technical occupations,34,15,19
S01009716,4. Administrative and secretarial occupations,28,8,20
S01009716,5. Skilled trades occupations,22,21,1
S01009716,6. Caring leisure and other service occupations,26,9,17
S01009716,7. Sales and customer service occupations,16,8,8
S01009716,8. Process plant and machine operatives,7,7,0
S01009716,9. Elementary occupations,32,16,16
S01009717,All people aged 16 to 74 in employment,305,135,170
S01009717,1. Managers directors and senior officials,15,6,9
S01009717,2. Professional occupations,53,30,23
S01009717,3. Associate professional and technical occupations,25,11,14
S01009717,4. Administrative and secretarial occupations,22,5,17
S01009717,5. Skilled trades occupations,31,25,6
S01009717,6. Caring leisure and other service occupations,41,11,30
S01009717,7. Sales and customer service occupations,32,9,23
S01009717,8. Process plant and machine operatives,9,9,0
S01009717,9. Elementary occupations,77,29,48
S01009718,All people aged 16 to 74 in employment,319,158,161
S01009718,1. Managers directors and senior officials,15,8,7
S01009718,2. Professional occupations,61,30,31
S01009718,3. Associate professional and technical occupations,13,11,2
S01009718,4. Administrative and secretarial occupations,23,3,20
S01009718,5. Skilled trades occupations,37,34,3
S01009718,6. Caring leisure and other service occupations,34,5,29
S01009718,7. Sales and customer service occupations,31,11,20
S01009718,8. Process plant and machine operatives,20,19,1
S01009718,9. Elementary occupations,85,37,48
S01009719,All people aged 16 to 74 in employment,345,168,177
S01009719,1. Managers directors and senior officials,29,12,17
S01009719,2. Professional occupations,44,19,25
S01009719,3. Associate professional and technical occupations,24,12,12
S01009719,4. Administrative and secretarial occupations,25,3,22
S01009719,5. Skilled trades occupations,57,49,8
S01009719,6. Caring leisure and other service occupations,40,8,32
S01009719,7. Sales and customer service occupations,28,11,17
S01009719,8. Process plant and machine operatives,18,17,1
S01009719,9. Elementary occupations,80,37,43
S01009720,All people aged 16 to 74 in employment,341,177,164
S01009720,1. Managers directors and senior officials,14,10,4
S01009720,2. Professional occupations,53,27,26
S01009720,3. Associate professional and technical occupations,31,16,15
S01009720,4. Administrative and secretarial occupations,26,2,24
S01009720,5. Skilled trades occupations,51,44,7
S01009720,6. Caring leisure and other service occupations,50,21,29
S01009720,7. Sales and customer service occupations,20,6,14
S01009720,8. Process plant and machine operatives,16,15,1
S01009720,9. Elementary occupations,80,36,44
S01009721,All people aged 16 to 74 in employment,154,74,80
S01009721,1. Managers directors and senior officials,10,7,3
S01009721,2. Professional occupations,37,22,15
S01009721,3. Associate professional and technical occupations,12,9,3
S01009721,4. Administrative and secretarial occupations,15,6,9
S01009721,5. Skilled trades occupations,8,6,2
S01009721,6. Caring leisure and other service occupations,11,2,9
S01009721,7. Sales and customer service occupations,15,6,9
S01009721,8. Process plant and machine operatives,2,2,0
S01009721,9. Elementary occupations,44,14,30
S01009722,All people aged 16 to 74 in employment,269,129,140
S01009722,1. Managers directors and senior officials,29,14,15
S01009722,2. Professional occupations,71,40,31
S01009722,3. Associate professional and technical occupations,22,9,13
S01009722,4. Administrative and secretarial occupations,19,7,12
S01009722,5. Skilled trades occupations,6,5,1
S01009722,6. Caring leisure and other service occupations,27,14,13
S01009722,7. Sales and customer service occupations,19,6,13
S01009722,8. Process plant and machine operatives,7,7,0
S01009722,9. Elementary occupations,69,27,42
S01009723,All people aged 16 to 74 in employment,197,82,115
S01009723,1. Managers directors and senior officials,11,7,4
S01009723,2. Professional occupations,58,30,28
S01009723,3. Associate professional and technical occupations,28,13,15
S01009723,4. Administrative and secretarial occupations,20,3,17
S01009723,5. Skilled trades occupations,11,10,1
S01009723,6. Caring leisure and other service occupations,11,4,7
S01009723,7. Sales and customer service occupations,15,4,11
S01009723,8. Process plant and machine operatives,1,1,0
S01009723,9. Elementary occupations,42,10,32
S01009724,All people aged 16 to 74 in employment,360,181,179
S01009724,1. Managers directors and senior officials,16,9,7
S01009724,2. Professional occupations,90,47,43
S01009724,3. Associate professional and technical occupations,23,16,7
S01009724,4. Administrative and secretarial occupations,25,4,21
S01009724,5. Skilled trades occupations,36,31,5
S01009724,6. Caring leisure and other service occupations,50,16,34
S01009724,7. Sales and customer service occupations,18,3,15
S01009724,8. Process plant and machine operatives,14,14,0
S01009724,9. Elementary occupations,88,41,47
S01009725,All people aged 16 to 74 in employment,206,92,114
S01009725,1. Managers directors and senior officials,14,6,8
S01009725,2. Professional occupations,44,29,15
S01009725,3. Associate professional and technical occupations,11,6,5
S01009725,4. Administrative and secretarial occupations,16,6,10
S01009725,5. Skilled trades occupations,14,13,1
S01009725,6. Caring leisure and other service occupations,9,5,4
S01009725,7. Sales and customer service occupations,23,4,19
S01009725,8. Process plant and machine operatives,0,0,0
S01009725,9. Elementary occupations,75,23,52
S01009726,All people aged 16 to 74 in employment,220,98,122
S01009726,1. Managers directors and senior officials,40,19,21
S01009726,2. Professional occupations,38,21,17
S01009726,3. Associate professional and technical occupations,26,15,11
S01009726,4. Administrative and secretarial occupations,8,1,7
S01009726,5. Skilled trades occupations,9,6,3
S01009726,6. Caring leisure and other service occupations,11,4,7
S01009726,7. Sales and customer service occupations,22,7,15
S01009726,8. Process plant and machine operatives,3,3,0
S01009726,9. Elementary occupations,63,22,41
S01009727,All people aged 16 to 74 in employment,375,202,173
S01009727,1. Managers directors and senior officials,54,32,22
S01009727,2. Professional occupations,109,50,59
S01009727,3. Associate professional and technical occupations,41,26,15
S01009727,4. Administrative and secretarial occupations,32,7,25
S01009727,5. Skilled trades occupations,42,41,1
S01009727,6. Caring leisure and other service occupations,21,6,15
S01009727,7. Sales and customer service occupations,18,6,12
S01009727,8. Process plant and machine operatives,9,8,1
S01009727,9. Elementary occupations,49,26,23
S01009728,All people aged 16 to 74 in employment,353,188,165
S01009728,1. Managers directors and senior officials,49,31,18
S01009728,2. Professional occupations,125,66,59
S01009728,3. Associate professional and technical occupations,42,26,16
S01009728,4. Administrative and secretarial occupations,42,8,34
S01009728,5. Skilled trades occupations,28,25,3
S01009728,6. Caring leisure and other service occupations,16,2,14
S01009728,7. Sales and customer service occupations,11,3,8
S01009728,8. Process plant and machine operatives,10,9,1
S01009728,9. Elementary occupations,30,18,12
S01009729,All people aged 16 to 74 in employment,264,142,122
S01009729,1. Managers directors and senior officials,24,13,11
S01009729,2. Professional occupations,99,53,46
S01009729,3. Associate professional and technical occupations,30,14,16
S01009729,4. Administrative and secretarial occupations,28,9,19
S01009729,5. Skilled trades occupations,22,20,2
S01009729,6. Caring leisure and other service occupations,16,3,13
S01009729,7. Sales and customer service occupations,12,6,6
S01009729,8. Process plant and machine operatives,12,10,2
S01009729,9. Elementary occupations,21,14,7
S01009730,All people aged 16 to 74 in employment,256,134,122
S01009730,1. Managers directors and senior officials,19,9,10
S01009730,2. Professional occupations,53,33,20
S01009730,3. Associate professional and technical occupations,26,13,13
S01009730,4. Administrative and secretarial occupations,32,11,21
S01009730,5. Skilled trades occupations,24,22,2
S01009730,6. Caring leisure and other service occupations,29,9,20
S01009730,7. Sales and customer service occupations,18,7,11
S01009730,8. Process plant and machine operatives,13,11,2
S01009730,9. Elementary occupations,42,19,23
S01009731,All people aged 16 to 74 in employment,184,94,90
S01009731,1. Managers directors and senior officials,19,11,8
S01009731,2. Professional occupations,69,37,32
S01009731,3. Associate professional and technical occupations,25,15,10
S01009731,4. Administrative and secretarial occupations,24,8,16
S01009731,5. Skilled trades occupations,9,8,1
S01009731,6. Caring leisure and other service occupations,6,2,4
S01009731,7. Sales and customer service occupations,8,3,5
S01009731,8. Process plant and machine operatives,7,6,1
S01009731,9. Elementary occupations,17,4,13
S01009732,All people aged 16 to 74 in employment,259,126,133
S01009732,1. Managers directors and senior officials,27,21,6
S01009732,2. Professional occupations,84,39,45
S01009732,3. Associate professional and technical occupations,18,8,10
S01009732,4. Administrative and secretarial occupations,22,7,15
S01009732,5. Skilled trades occupations,17,15,2
S01009732,6. Caring leisure and other service occupations,14,4,10
S01009732,7. Sales and customer service occupations,22,6,16
S01009732,8. Process plant and machine operatives,9,7,2
S01009732,9. Elementary occupations,46,19,27
S01009733,All people aged 16 to 74 in employment,251,128,123
S01009733,1. Managers directors and senior officials,24,18,6
S01009733,2. Professional occupations,69,34,35
S01009733,3. Associate professional and technical occupations,28,14,14
S01009733,4. Administrative and secretarial occupations,25,3,22
S01009733,5. Skilled trades occupations,27,24,3
S01009733,6. Caring leisure and other service occupations,27,5,22
S01009733,7. Sales and customer service occupations,11,5,6
S01009733,8. Process plant and machine operatives,11,11,0
S01009733,9. Elementary occupations,29,14,15
S01009734,All people aged 16 to 74 in employment,441,224,217
S01009734,1. Managers directors and senior officials,67,41,26
S01009734,2. Professional occupations,123,56,67
S01009734,3. Associate professional and technical occupations,49,29,20
S01009734,4. Administrative and secretarial occupations,45,9,36
S01009734,5. Skilled trades occupations,57,47,10
S01009734,6. Caring leisure and other service occupations,29,4,25
S01009734,7. Sales and customer service occupations,18,4,14
S01009734,8. Process plant and machine operatives,8,8,0
S01009734,9. Elementary occupations,45,26,19
S01009735,All people aged 16 to 74 in employment,305,156,149
S01009735,1. Managers directors and senior officials,46,31,15
S01009735,2. Professional occupations,123,66,57
S01009735,3. Associate professional and technical occupations,40,28,12
S01009735,4. Administrative and secretarial occupations,28,5,23
S01009735,5. Skilled trades occupations,12,11,1
S01009735,6. Caring leisure and other service occupations,7,1,6
S01009735,7. Sales and customer service occupations,23,7,16
S01009735,8. Process plant and machine operatives,2,2,0
S01009735,9. Elementary occupations,24,5,19
S01009736,All people aged 16 to 74 in employment,303,125,178
S01009736,1. Managers directors and senior officials,22,13,9
S01009736,2. Professional occupations,66,35,31
S01009736,3. Associate professional and technical occupations,35,18,17
S01009736,4. Administrative and secretarial occupations,28,8,20
S01009736,5. Skilled trades occupations,8,8,0
S01009736,6. Caring leisure and other service occupations,16,7,9
S01009736,7. Sales and customer service occupations,39,10,29
S01009736,8. Process plant and machine operatives,2,2,0
S01009736,9. Elementary occupations,87,24,63
S01009737,All people aged 16 to 74 in employment,419,226,193
S01009737,1. Managers directors and senior officials,15,11,4
S01009737,2. Professional occupations,28,6,22
S01009737,3. Associate professional and technical occupations,169,129,40
S01009737,4. Administrative and secretarial occupations,35,4,31
S01009737,5. Skilled trades occupations,30,25,5
S01009737,6. Caring leisure and other service occupations,28,3,25
S01009737,7. Sales and customer service occupations,40,11,29
S01009737,8. Process plant and machine operatives,16,12,4
S01009737,9. Elementary occupations,58,25,33
S01009738,All people aged 16 to 74 in employment,248,130,118
S01009738,1. Managers directors and senior officials,29,16,13
S01009738,2. Professional occupations,32,7,25
S01009738,3. Associate professional and technical occupations,29,22,7
S01009738,4. Administrative and secretarial occupations,32,8,24
S01009738,5. Skilled trades occupations,33,32,1
S01009738,6. Caring leisure and other service occupations,23,9,14
S01009738,7. Sales and customer service occupations,17,4,13
S01009738,8. Process plant and machine operatives,20,18,2
S01009738,9. Elementary occupations,33,14,19
S01009739,All people aged 16 to 74 in employment,431,236,195
S01009739,1. Managers directors and senior officials,64,47,17
S01009739,2. Professional occupations,63,20,43
S01009739,3. Associate professional and technical occupations,127,97,30
S01009739,4. Administrative and secretarial occupations,44,8,36
S01009739,5. Skilled trades occupations,30,23,7
S01009739,6. Caring leisure and other service occupations,31,3,28
S01009739,7. Sales and customer service occupations,15,2,13
S01009739,8. Process plant and machine operatives,16,16,0
S01009739,9. Elementary occupations,41,20,21
S01009740,All people aged 16 to 74 in employment,249,125,124
S01009740,1. Managers directors and senior officials,28,15,13
S01009740,2. Professional occupations,22,6,16
S01009740,3. Associate professional and technical occupations,30,21,9
S01009740,4. Administrative and secretarial occupations,29,6,23
S01009740,5. Skilled trades occupations,37,30,7
S01009740,6. Caring leisure and other service occupations,26,7,19
S01009740,7. Sales and customer service occupations,22,7,15
S01009740,8. Process plant and machine operatives,11,10,1
S01009740,9. Elementary occupations,44,23,21
S01009741,All people aged 16 to 74 in employment,578,444,134
S01009741,1. Managers directors and senior officials,43,32,11
S01009741,2. Professional occupations,14,3,11
S01009741,3. Associate professional and technical occupations,437,380,57
S01009741,4. Administrative and secretarial occupations,11,2,9
S01009741,5. Skilled trades occupations,10,7,3
S01009741,6. Caring leisure and other service occupations,19,1,18
S01009741,7. Sales and customer service occupations,16,4,12
S01009741,8. Process plant and machine operatives,9,7,2
S01009741,9. Elementary occupations,19,8,11
S01009742,All people aged 16 to 74 in employment,249,138,111
S01009742,1. Managers directors and senior officials,33,22,11
S01009742,2. Professional occupations,80,39,41
S01009742,3. Associate professional and technical occupations,33,22,11
S01009742,4. Administrative and secretarial occupations,23,4,19
S01009742,5. Skilled trades occupations,28,23,5
S01009742,6. Caring leisure and other service occupations,19,5,14
S01009742,7. Sales and customer service occupations,8,5,3
S01009742,8. Process plant and machine operatives,6,6,0
S01009742,9. Elementary occupations,19,12,7
S01009743,All people aged 16 to 74 in employment,447,235,212
S01009743,1. Managers directors and senior officials,42,30,12
S01009743,2. Professional occupations,134,50,84
S01009743,3. Associate professional and technical occupations,48,30,18
S01009743,4. Administrative and secretarial occupations,42,7,35
S01009743,5. Skilled trades occupations,62,56,6
S01009743,6. Caring leisure and other service occupations,39,4,35
S01009743,7. Sales and customer service occupations,24,10,14
S01009743,8. Process plant and machine operatives,25,25,0
S01009743,9. Elementary occupations,31,23,8
S01009744,All people aged 16 to 74 in employment,345,174,171
S01009744,1. Managers directors and senior officials,42,24,18
S01009744,2. Professional occupations,71,32,39
S01009744,3. Associate professional and technical occupations,48,35,13
S01009744,4. Administrative and secretarial occupations,48,4,44
S01009744,5. Skilled trades occupations,40,37,3
S01009744,6. Caring leisure and other service occupations,19,3,16
S01009744,7. Sales and customer service occupations,21,6,15
S01009744,8. Process plant and machine operatives,23,21,2
S01009744,9. Elementary occupations,33,12,21
S01009745,All people aged 16 to 74 in employment,548,268,280
S01009745,1. Managers directors and senior officials,42,29,13
S01009745,2. Professional occupations,117,51,66
S01009745,3. Associate professional and technical occupations,100,59,41
S01009745,4. Administrative and secretarial occupations,65,9,56
S01009745,5. Skilled trades occupations,61,55,6
S01009745,6. Caring leisure and other service occupations,47,6,41
S01009745,7. Sales and customer service occupations,48,9,39
S01009745,8. Process plant and machine operatives,23,21,2
S01009745,9. Elementary occupations,45,29,16
S01009746,All people aged 16 to 74 in employment,291,154,137
S01009746,1. Managers directors and senior officials,25,14,11
S01009746,2. Professional occupations,78,37,41
S01009746,3. Associate professional and technical occupations,35,18,17
S01009746,4. Administrative and secretarial occupations,23,2,21
S01009746,5. Skilled trades occupations,56,49,7
S01009746,6. Caring leisure and other service occupations,25,8,17
S01009746,7. Sales and customer service occupations,8,0,8
S01009746,8. Process plant and machine operatives,16,13,3
S01009746,9. Elementary occupations,25,13,12
S01009747,All people aged 16 to 74 in employment,338,166,172
S01009747,1. Managers directors and senior officials,32,18,14
S01009747,2. Professional occupations,61,29,32
S01009747,3. Associate professional and technical occupations,53,29,24
S01009747,4. Administrative and secretarial occupations,44,9,35
S01009747,5. Skilled trades occupations,38,37,1
S01009747,6. Caring leisure and other service occupations,27,3,24
S01009747,7. Sales and customer service occupations,26,10,16
S01009747,8. Process plant and machine operatives,17,14,3
S01009747,9. Elementary occupations,40,17,23
S01009748,All people aged 16 to 74 in employment,346,170,176
S01009748,1. Managers directors and senior officials,34,20,14
S01009748,2. Professional occupations,90,42,48
S01009748,3. Associate professional and technical occupations,51,31,20
S01009748,4. Administrative and secretarial occupations,43,8,35
S01009748,5. Skilled trades occupations,33,27,6
S01009748,6. Caring leisure and other service occupations,21,0,21
S01009748,7. Sales and customer service occupations,24,10,14
S01009748,8. Process plant and machine operatives,15,14,1
S01009748,9. Elementary occupations,35,18,17
S01009749,All people aged 16 to 74 in employment,477,245,232
S01009749,1. Managers directors and senior officials,45,25,20
S01009749,2. Professional occupations,129,56,73
S01009749,3. Associate professional and technical occupations,70,38,32
S01009749,4. Administrative and secretarial occupations,40,11,29
S01009749,5. Skilled trades occupations,37,33,4
S01009749,6. Caring leisure and other service occupations,45,7,38
S01009749,7. Sales and customer service occupations,27,10,17
S01009749,8. Process plant and machine operatives,39,37,2
S01009749,9. Elementary occupations,45,28,17
S01009750,All people aged 16 to 74 in employment,330,169,161
S01009750,1. Managers directors and senior officials,14,6,8
S01009750,2. Professional occupations,57,24,33
S01009750,3. Associate professional and technical occupations,51,32,19
S01009750,4. Administrative and secretarial occupations,33,5,28
S01009750,5. Skilled trades occupations,44,38,6
S01009750,6. Caring leisure and other service occupations,37,7,30
S01009750,7. Sales and customer service occupations,27,8,19
S01009750,8. Process plant and machine operatives,28,28,0
S01009750,9. Elementary occupations,39,21,18
S01009751,All people aged 16 to 74 in employment,421,213,208
S01009751,1. Managers directors and senior officials,20,14,6
S01009751,2. Professional occupations,69,31,38
S01009751,3. Associate professional and technical occupations,51,28,23
S01009751,4. Administrative and secretarial occupations,46,8,38
S01009751,5. Skilled trades occupations,54,49,5
S01009751,6. Caring leisure and other service occupations,56,8,48
S01009751,7. Sales and customer service occupations,32,10,22
S01009751,8. Process plant and machine operatives,40,38,2
S01009751,9. Elementary occupations,53,27,26
S01009752,All people aged 16 to 74 in employment,297,147,150
S01009752,1. Managers directors and senior officials,28,19,9
S01009752,2. Professional occupations,138,71,67
S01009752,3. Associate professional and technical occupations,38,22,16
S01009752,4. Administrative and secretarial occupations,34,10,24
S01009752,5. Skilled trades occupations,9,9,0
S01009752,6. Caring leisure and other service occupations,19,1,18
S01009752,7. Sales and customer service occupations,18,8,10
S01009752,8. Process plant and machine operatives,3,3,0
S01009752,9. Elementary occupations,10,4,6
S01009753,All people aged 16 to 74 in employment,295,149,146
S01009753,1. Managers directors and senior officials,28,21,7
S01009753,2. Professional occupations,106,47,59
S01009753,3. Associate professional and technical occupations,54,26,28
S01009753,4. Administrative and secretarial occupations,28,7,21
S01009753,5. Skilled trades occupations,27,24,3
S01009753,6. Caring leisure and other service occupations,17,1,16
S01009753,7. Sales and customer service occupations,13,8,5
S01009753,8. Process plant and machine operatives,6,5,1
S01009753,9. Elementary occupations,16,10,6
S01009754,All people aged 16 to 74 in employment,372,188,184
S01009754,1. Managers directors and senior officials,28,20,8
S01009754,2. Professional occupations,128,60,68
S01009754,3. Associate professional and technical occupations,44,20,24
S01009754,4. Administrative and secretarial occupations,36,11,25
S01009754,5. Skilled trades occupations,33,30,3
S01009754,6. Caring leisure and other service occupations,38,7,31
S01009754,7. Sales and customer service occupations,23,8,15
S01009754,8. Process plant and machine operatives,18,17,1
S01009754,9. Elementary occupations,24,15,9
S01009755,All people aged 16 to 74 in employment,333,176,157
S01009755,1. Managers directors and senior officials,30,21,9
S01009755,2. Professional occupations,122,54,68
S01009755,3. Associate professional and technical occupations,48,28,20
S01009755,4. Administrative and secretarial occupations,26,7,19
S01009755,5. Skilled trades occupations,33,33,0
S01009755,6. Caring leisure and other service occupations,22,5,17
S01009755,7. Sales and customer service occupations,27,9,18
S01009755,8. Process plant and machine operatives,10,10,0
S01009755,9. Elementary occupations,15,9,6
S01009756,All people aged 16 to 74 in employment,359,172,187
S01009756,1. Managers directors and senior officials,35,24,11
S01009756,2. Professional occupations,137,58,79
S01009756,3. Associate professional and technical occupations,45,21,24
S01009756,4. Administrative and secretarial occupations,35,6,29
S01009756,5. Skilled trades occupations,22,20,2
S01009756,6. Caring leisure and other service occupations,22,2,20
S01009756,7. Sales and customer service occupations,17,6,11
S01009756,8. Process plant and machine operatives,24,22,2
S01009756,9. Elementary occupations,22,13,9
S01009757,All people aged 16 to 74 in employment,311,153,158
S01009757,1. Managers directors and senior officials,28,14,14
S01009757,2. Professional occupations,142,71,71
S01009757,3. Associate professional and technical occupations,47,20,27
S01009757,4. Administrative and secretarial occupations,22,4,18
S01009757,5. Skilled trades occupations,32,26,6
S01009757,6. Caring leisure and other service occupations,15,1,14
S01009757,7. Sales and customer service occupations,9,5,4
S01009757,8. Process plant and machine operatives,5,5,0
S01009757,9. Elementary occupations,11,7,4
S01009758,All people aged 16 to 74 in employment,332,160,172
S01009758,1. Managers directors and senior officials,20,15,5
S01009758,2. Professional occupations,50,19,31
S01009758,3. Associate professional and technical occupations,49,21,28
S01009758,4. Administrative and secretarial occupations,54,13,41
S01009758,5. Skilled trades occupations,36,34,2
S01009758,6. Caring leisure and other service occupations,30,5,25
S01009758,7. Sales and customer service occupations,40,12,28
S01009758,8. Process plant and machine operatives,21,20,1
S01009758,9. Elementary occupations,32,21,11
S01009759,All people aged 16 to 74 in employment,323,146,177
S01009759,1. Managers directors and senior officials,6,4,2
S01009759,2. Professional occupations,11,5,6
S01009759,3. Associate professional and technical occupations,19,6,13
S01009759,4. Administrative and secretarial occupations,20,7,13
S01009759,5. Skilled trades occupations,35,27,8
S01009759,6. Caring leisure and other service occupations,56,9,47
S01009759,7. Sales and customer service occupations,44,13,31
S01009759,8. Process plant and machine operatives,30,26,4
S01009759,9. Elementary occupations,102,49,53
S01009760,All people aged 16 to 74 in employment,318,150,168
S01009760,1. Managers directors and senior officials,5,3,2
S01009760,2. Professional occupations,17,10,7
S01009760,3. Associate professional and technical occupations,33,12,21
S01009760,4. Administrative and secretarial occupations,32,10,22
S01009760,5. Skilled trades occupations,38,34,4
S01009760,6. Caring leisure and other service occupations,36,4,32
S01009760,7. Sales and customer service occupations,41,11,30
S01009760,8. Process plant and machine operatives,41,33,8
S01009760,9. Elementary occupations,75,33,42
S01009761,All people aged 16 to 74 in employment,464,231,233
S01009761,1. Managers directors and senior officials,29,19,10
S01009761,2. Professional occupations,53,20,33
S01009761,3. Associate professional and technical occupations,49,26,23
S01009761,4. Administrative and secretarial occupations,70,13,57
S01009761,5. Skilled trades occupations,55,52,3
S01009761,6. Caring leisure and other service occupations,47,4,43
S01009761,7. Sales and customer service occupations,61,21,40
S01009761,8. Process plant and machine operatives,38,37,1
S01009761,9. Elementary occupations,62,39,23
S01009762,All people aged 16 to 74 in employment,350,167,183
S01009762,1. Managers directors and senior officials,11,10,1
S01009762,2. Professional occupations,11,4,7
S01009762,3. Associate professional and technical occupations,26,15,11
S01009762,4. Administrative and secretarial occupations,29,8,21
S01009762,5. Skilled trades occupations,42,39,3
S01009762,6. Caring leisure and other service occupations,59,10,49
S01009762,7. Sales and customer service occupations,45,10,35
S01009762,8. Process plant and machine operatives,38,32,6
S01009762,9. Elementary occupations,89,39,50
S01009763,All people aged 16 to 74 in employment,417,220,197
S01009763,1. Managers directors and senior officials,59,41,18
S01009763,2. Professional occupations,96,44,52
S01009763,3. Associate professional and technical occupations,66,42,24
S01009763,4. Administrative and secretarial occupations,49,10,39
S01009763,5. Skilled trades occupations,40,37,3
S01009763,6. Caring leisure and other service occupations,26,1,25
S01009763,7. Sales and customer service occupations,41,13,28
S01009763,8. Process plant and machine operatives,19,18,1
S01009763,9. Elementary occupations,21,14,7
S01009764,All people aged 16 to 74 in employment,276,122,154
S01009764,1. Managers directors and senior officials,16,12,4
S01009764,2. Professional occupations,23,9,14
S01009764,3. Associate professional and technical occupations,22,10,12
S01009764,4. Administrative and secretarial occupations,32,6,26
S01009764,5. Skilled trades occupations,33,29,4
S01009764,6. Caring leisure and other service occupations,52,9,43
S01009764,7. Sales and customer service occupations,39,13,26
S01009764,8. Process plant and machine operatives,22,19,3
S01009764,9. Elementary occupations,37,15,22
S01009765,All people aged 16 to 74 in employment,442,229,213
S01009765,1. Managers directors and senior officials,35,22,13
S01009765,2. Professional occupations,40,20,20
S01009765,3. Associate professional and technical occupations,40,27,13
S01009765,4. Administrative and secretarial occupations,67,16,51
S01009765,5. Skilled trades occupations,53,49,4
S01009765,6. Caring leisure and other service occupations,58,14,44
S01009765,7. Sales and customer service occupations,64,16,48
S01009765,8. Process plant and machine operatives,35,33,2
S01009765,9. Elementary occupations,50,32,18
S01009766,All people aged 16 to 74 in employment,338,173,165
S01009766,1. Managers directors and senior officials,18,11,7
S01009766,2. Professional occupations,35,16,19
S01009766,3. Associate professional and technical occupations,43,18,25
S01009766,4. Administrative and secretarial occupations,48,11,37
S01009766,5. Skilled trades occupations,48,45,3
S01009766,6. Caring leisure and other service occupations,41,7,34
S01009766,7. Sales and customer service occupations,36,11,25
S01009766,8. Process plant and machine operatives,37,35,2
S01009766,9. Elementary occupations,32,19,13
S01009767,All people aged 16 to 74 in employment,198,95,103
S01009767,1. Managers directors and senior officials,14,5,9
S01009767,2. Professional occupations,9,3,6
S01009767,3. Associate professional and technical occupations,20,7,13
S01009767,4. Administrative and secretarial occupations,18,1,17
S01009767,5. Skilled trades occupations,26,26,0
S01009767,6. Caring leisure and other service occupations,33,7,26
S01009767,7. Sales and customer service occupations,32,13,19
S01009767,8. Process plant and machine operatives,20,19,1
S01009767,9. Elementary occupations,26,14,12
S01009768,All people aged 16 to 74 in employment,294,140,154
S01009768,1. Managers directors and senior officials,23,10,13
S01009768,2. Professional occupations,37,19,18
S01009768,3. Associate professional and technical occupations,32,15,17
S01009768,4. Administrative and secretarial occupations,30,3,27
S01009768,5. Skilled trades occupations,38,35,3
S01009768,6. Caring leisure and other service occupations,31,4,27
S01009768,7. Sales and customer service occupations,51,15,36
S01009768,8. Process plant and machine operatives,21,20,1
S01009768,9. Elementary occupations,31,19,12
S01009769,All people aged 16 to 74 in employment,374,175,199
S01009769,1. Managers directors and senior officials,26,18,8
S01009769,2. Professional occupations,55,25,30
S01009769,3. Associate professional and technical occupations,64,28,36
S01009769,4. Administrative and secretarial occupations,45,13,32
S01009769,5. Skilled trades occupations,37,34,3
S01009769,6. Caring leisure and other service occupations,47,7,40
S01009769,7. Sales and customer service occupations,49,13,36
S01009769,8. Process plant and machine operatives,25,23,2
S01009769,9. Elementary occupations,26,14,12
S01009770,All people aged 16 to 74 in employment,353,186,167
S01009770,1. Managers directors and senior officials,30,17,13
S01009770,2. Professional occupations,37,18,19
S01009770,3. Associate professional and technical occupations,44,23,21
S01009770,4. Administrative and secretarial occupations,48,13,35
S01009770,5. Skilled trades occupations,49,47,2
S01009770,6. Caring leisure and other service occupations,32,5,27
S01009770,7. Sales and customer service occupations,58,20,38
S01009770,8. Process plant and machine operatives,27,24,3
S01009770,9. Elementary occupations,28,19,9
S01009771,All people aged 16 to 74 in employment,441,229,212
S01009771,1. Managers directors and senior officials,53,43,10
S01009771,2. Professional occupations,51,20,31
S01009771,3. Associate professional and technical occupations,56,26,30
S01009771,4. Administrative and secretarial occupations,74,15,59
S01009771,5. Skilled trades occupations,51,47,4
S01009771,6. Caring leisure and other service occupations,33,8,25
S01009771,7. Sales and customer service occupations,56,22,34
S01009771,8. Process plant and machine operatives,32,25,7
S01009771,9. Elementary occupations,35,23,12
S01009772,All people aged 16 to 74 in employment,354,172,182
S01009772,1. Managers directors and senior officials,26,13,13
S01009772,2. Professional occupations,43,16,27
S01009772,3. Associate professional and technical occupations,51,30,21
S01009772,4. Administrative and secretarial occupations,52,8,44
S01009772,5. Skilled trades occupations,39,36,3
S01009772,6. Caring leisure and other service occupations,50,8,42
S01009772,7. Sales and customer service occupations,40,15,25
S01009772,8. Process plant and machine operatives,25,25,0
S01009772,9. Elementary occupations,28,21,7
S01009773,All people aged 16 to 74 in employment,280,160,120
S01009773,1. Managers directors and senior officials,32,24,8
S01009773,2. Professional occupations,64,36,28
S01009773,3. Associate professional and technical occupations,35,19,16
S01009773,4. Administrative and secretarial occupations,29,6,23
S01009773,5. Skilled trades occupations,44,42,2
S01009773,6. Caring leisure and other service occupations,21,4,17
S01009773,7. Sales and customer service occupations,30,11,19
S01009773,8. Process plant and machine operatives,14,14,0
S01009773,9. Elementary occupations,11,4,7
S01009774,All people aged 16 to 74 in employment,264,140,124
S01009774,1. Managers directors and senior officials,33,24,9
S01009774,2. Professional occupations,59,30,29
S01009774,3. Associate professional and technical occupations,45,21,24
S01009774,4. Administrative and secretarial occupations,32,7,25
S01009774,5. Skilled trades occupations,27,24,3
S01009774,6. Caring leisure and other service occupations,15,2,13
S01009774,7. Sales and customer service occupations,28,11,17
S01009774,8. Process plant and machine operatives,14,13,1
S01009774,9. Elementary occupations,11,8,3
S01009775,All people aged 16 to 74 in employment,276,136,140
S01009775,1. Managers directors and senior officials,9,8,1
S01009775,2. Professional occupations,17,11,6
S01009775,3. Associate professional and technical occupations,19,10,9
S01009775,4. Administrative and secretarial occupations,26,5,21
S01009775,5. Skilled trades occupations,40,34,6
S01009775,6. Caring leisure and other service occupations,39,5,34
S01009775,7. Sales and customer service occupations,34,7,27
S01009775,8. Process plant and machine operatives,19,16,3
S01009775,9. Elementary occupations,73,40,33
S01009776,All people aged 16 to 74 in employment,206,80,126
S01009776,1. Managers directors and senior officials,12,5,7
S01009776,2. Professional occupations,5,2,3
S01009776,3. Associate professional and technical occupations,13,9,4
S01009776,4. Administrative and secretarial occupations,16,0,16
S01009776,5. Skilled trades occupations,24,23,1
S01009776,6. Caring leisure and other service occupations,34,6,28
S01009776,7. Sales and customer service occupations,41,5,36
S01009776,8. Process plant and machine operatives,13,13,0
S01009776,9. Elementary occupations,48,17,31
S01009777,All people aged 16 to 74 in employment,219,114,105
S01009777,1. Managers directors and senior officials,8,4,4
S01009777,2. Professional occupations,14,2,12
S01009777,3. Associate professional and technical occupations,18,8,10
S01009777,4. Administrative and secretarial occupations,30,13,17
S01009777,5. Skilled trades occupations,17,15,2
S01009777,6. Caring leisure and other service occupations,36,12,24
S01009777,7. Sales and customer service occupations,27,15,12
S01009777,8. Process plant and machine operatives,22,20,2
S01009777,9. Elementary occupations,47,25,22
S01009778,All people aged 16 to 74 in employment,248,119,129
S01009778,1. Managers directors and senior officials,8,5,3
S01009778,2. Professional occupations,16,4,12
S01009778,3. Associate professional and technical occupations,17,8,9
S01009778,4. Administrative and secretarial occupations,29,6,23
S01009778,5. Skilled trades occupations,34,32,2
S01009778,6. Caring leisure and other service occupations,38,10,28
S01009778,7. Sales and customer service occupations,31,7,24
S01009778,8. Process plant and machine operatives,33,28,5
S01009778,9. Elementary occupations,42,19,23
S01009779,All people aged 16 to 74 in employment,169,77,92
S01009779,1. Managers directors and senior officials,4,2,2
S01009779,2. Professional occupations,7,3,4
S01009779,3. Associate professional and technical occupations,18,10,8
S01009779,4. Administrative and secretarial occupations,18,3,15
S01009779,5. Skilled trades occupations,19,17,2
S01009779,6. Caring leisure and other service occupations,28,5,23
S01009779,7. Sales and customer service occupations,26,7,19
S01009779,8. Process plant and machine operatives,17,16,1
S01009779,9. Elementary occupations,32,14,18
S01009780,All people aged 16 to 74 in employment,203,87,116
S01009780,1. Managers directors and senior officials,6,2,4
S01009780,2. Professional occupations,7,3,4
S01009780,3. Associate professional and technical occupations,10,2,8
S01009780,4. Administrative and secretarial occupations,18,3,15
S01009780,5. Skilled trades occupations,17,13,4
S01009780,6. Caring leisure and other service occupations,37,7,30
S01009780,7. Sales and customer service occupations,25,8,17
S01009780,8. Process plant and machine operatives,18,18,0
S01009780,9. Elementary occupations,65,31,34
S01009781,All people aged 16 to 74 in employment,199,96,103
S01009781,1. Managers directors and senior officials,4,0,4
S01009781,2. Professional occupations,5,2,3
S01009781,3. Associate professional and technical occupations,16,9,7
S01009781,4. Administrative and secretarial occupations,18,8,10
S01009781,5. Skilled trades occupations,22,19,3
S01009781,6. Caring leisure and other service occupations,34,12,22
S01009781,7. Sales and customer service occupations,29,6,23
S01009781,8. Process plant and machine operatives,23,22,1
S01009781,9. Elementary occupations,48,18,30
S01009782,All people aged 16 to 74 in employment,262,141,121
S01009782,1. Managers directors and senior officials,20,9,11
S01009782,2. Professional occupations,28,16,12
S01009782,3. Associate professional and technical occupations,32,22,10
S01009782,4. Administrative and secretarial occupations,24,2,22
S01009782,5. Skilled trades occupations,30,30,0
S01009782,6. Caring leisure and other service occupations,31,3,28
S01009782,7. Sales and customer service occupations,40,15,25
S01009782,8. Process plant and machine operatives,28,26,2
S01009782,9. Elementary occupations,29,18,11
S01009783,All people aged 16 to 74 in employment,306,136,170
S01009783,1. Managers directors and senior officials,13,6,7
S01009783,2. Professional occupations,19,6,13
S01009783,3. Associate professional and technical occupations,23,12,11
S01009783,4. Administrative and secretarial occupations,33,5,28
S01009783,5. Skilled trades occupations,43,36,7
S01009783,6. Caring leisure and other service occupations,52,9,43
S01009783,7. Sales and customer service occupations,41,9,32
S01009783,8. Process plant and machine operatives,23,23,0
S01009783,9. Elementary occupations,59,30,29
S01009784,All people aged 16 to 74 in employment,251,114,137
S01009784,1. Managers directors and senior officials,5,3,2
S01009784,2. Professional occupations,12,5,7
S01009784,3. Associate professional and technical occupations,23,13,10
S01009784,4. Administrative and secretarial occupations,29,9,20
S01009784,5. Skilled trades occupations,24,22,2
S01009784,6. Caring leisure and other service occupations,46,9,37
S01009784,7. Sales and customer service occupations,38,14,24
S01009784,8. Process plant and machine operatives,17,13,4
S01009784,9. Elementary occupations,57,26,31
S01009785,All people aged 16 to 74 in employment,286,124,162
S01009785,1. Managers directors and senior officials,11,5,6
S01009785,2. Professional occupations,14,4,10
S01009785,3. Associate professional and technical occupations,17,5,12
S01009785,4. Administrative and secretarial occupations,36,5,31
S01009785,5. Skilled trades occupations,27,21,6
S01009785,6. Caring leisure and other service occupations,51,14,37
S01009785,7. Sales and customer service occupations,46,15,31
S01009785,8. Process plant and machine operatives,34,30,4
S01009785,9. Elementary occupations,50,25,25
S01009786,All people aged 16 to 74 in employment,317,145,172
S01009786,1. Managers directors and senior officials,13,6,7
S01009786,2. Professional occupations,11,4,7
S01009786,3. Associate professional and technical occupations,19,12,7
S01009786,4. Administrative and secretarial occupations,23,3,20
S01009786,5. Skilled trades occupations,36,32,4
S01009786,6. Caring leisure and other service occupations,62,8,54
S01009786,7. Sales and customer service occupations,51,15,36
S01009786,8. Process plant and machine operatives,27,24,3
S01009786,9. Elementary occupations,75,41,34
S01009787,All people aged 16 to 74 in employment,308,144,164
S01009787,1. Managers directors and senior officials,10,4,6
S01009787,2. Professional occupations,15,3,12
S01009787,3. Associate professional and technical occupations,28,17,11
S01009787,4. Administrative and secretarial occupations,43,17,26
S01009787,5. Skilled trades occupations,30,27,3
S01009787,6. Caring leisure and other service occupations,46,7,39
S01009787,7. Sales and customer service occupations,48,13,35
S01009787,8. Process plant and machine operatives,30,26,4
S01009787,9. Elementary occupations,58,30,28
S01009788,All people aged 16 to 74 in employment,334,164,170
S01009788,1. Managers directors and senior officials,15,5,10
S01009788,2. Professional occupations,19,6,13
S01009788,3. Associate professional and technical occupations,36,20,16
S01009788,4. Administrative and secretarial occupations,41,11,30
S01009788,5. Skilled trades occupations,34,34,0
S01009788,6. Caring leisure and other service occupations,53,10,43
S01009788,7. Sales and customer service occupations,39,8,31
S01009788,8. Process plant and machine operatives,41,40,1
S01009788,9. Elementary occupations,56,30,26
S01009789,All people aged 16 to 74 in employment,346,161,185
S01009789,1. Managers directors and senior officials,17,9,8
S01009789,2. Professional occupations,34,9,25
S01009789,3. Associate professional and technical occupations,26,10,16
S01009789,4. Administrative and secretarial occupations,45,9,36
S01009789,5. Skilled trades occupations,44,38,6
S01009789,6. Caring leisure and other service occupations,50,10,40
S01009789,7. Sales and customer service occupations,40,14,26
S01009789,8. Process plant and machine operatives,41,36,5
S01009789,9. Elementary occupations,49,26,23
S01009790,All people aged 16 to 74 in employment,285,138,147
S01009790,1. Managers directors and senior officials,8,1,7
S01009790,2. Professional occupations,18,6,12
S01009790,3. Associate professional and technical occupations,27,13,14
S01009790,4. Administrative and secretarial occupations,44,9,35
S01009790,5. Skilled trades occupations,40,39,1
S01009790,6. Caring leisure and other service occupations,46,9,37
S01009790,7. Sales and customer service occupations,30,12,18
S01009790,8. Process plant and machine operatives,31,24,7
S01009790,9. Elementary occupations,41,25,16
S01009791,All people aged 16 to 74 in employment,228,107,121
S01009791,1. Managers directors and senior officials,7,3,4
S01009791,2. Professional occupations,17,3,14
S01009791,3. Associate professional and technical occupations,15,10,5
S01009791,4. Administrative and secretarial occupations,21,1,20
S01009791,5. Skilled trades occupations,29,24,5
S01009791,6. Caring leisure and other service occupations,42,9,33
S01009791,7. Sales and customer service occupations,27,9,18
S01009791,8. Process plant and machine operatives,28,24,4
S01009791,9. Elementary occupations,42,24,18
S01009792,All people aged 16 to 74 in employment,527,279,248
S01009792,1. Managers directors and senior officials,76,51,25
S01009792,2. Professional occupations,114,56,58
S01009792,3. Associate professional and technical occupations,81,49,32
S01009792,4. Administrative and secretarial occupations,45,8,37
S01009792,5. Skilled trades occupations,49,44,5
S01009792,6. Caring leisure and other service occupations,31,3,28
S01009792,7. Sales and customer service occupations,70,28,42
S01009792,8. Process plant and machine operatives,31,25,6
S01009792,9. Elementary occupations,30,15,15
S01009793,All people aged 16 to 74 in employment,440,218,222
S01009793,1. Managers directors and senior officials,29,18,11
S01009793,2. Professional occupations,59,23,36
S01009793,3. Associate professional and technical occupations,53,23,30
S01009793,4. Administrative and secretarial occupations,70,17,53
S01009793,5. Skilled trades occupations,55,52,3
S01009793,6. Caring leisure and other service occupations,40,10,30
S01009793,7. Sales and customer service occupations,55,17,38
S01009793,8. Process plant and machine operatives,38,34,4
S01009793,9. Elementary occupations,41,24,17
S01009794,All people aged 16 to 74 in employment,338,164,174
S01009794,1. Managers directors and senior officials,25,12,13
S01009794,2. Professional occupations,73,29,44
S01009794,3. Associate professional and technical occupations,34,22,12
S01009794,4. Administrative and secretarial occupations,61,14,47
S01009794,5. Skilled trades occupations,39,36,3
S01009794,6. Caring leisure and other service occupations,35,6,29
S01009794,7. Sales and customer service occupations,34,16,18
S01009794,8. Process plant and machine operatives,15,14,1
S01009794,9. Elementary occupations,22,15,7
S01009795,All people aged 16 to 74 in employment,497,247,250
S01009795,1. Managers directors and senior officials,56,40,16
S01009795,2. Professional occupations,101,38,63
S01009795,3. Associate professional and technical occupations,67,39,28
S01009795,4. Administrative and secretarial occupations,77,14,63
S01009795,5. Skilled trades occupations,58,54,4
S01009795,6. Caring leisure and other service occupations,35,4,31
S01009795,7. Sales and customer service occupations,57,27,30
S01009795,8. Process plant and machine operatives,17,15,2
S01009795,9. Elementary occupations,29,16,13
S01009796,All people aged 16 to 74 in employment,399,208,191
S01009796,1. Managers directors and senior officials,52,35,17
S01009796,2. Professional occupations,75,34,41
S01009796,3. Associate professional and technical occupations,51,25,26
S01009796,4. Administrative and secretarial occupations,51,10,41
S01009796,5. Skilled trades occupations,52,45,7
S01009796,6. Caring leisure and other service occupations,33,5,28
S01009796,7. Sales and customer service occupations,38,17,21
S01009796,8. Process plant and machine operatives,19,19,0
S01009796,9. Elementary occupations,28,18,10
S01009797,All people aged 16 to 74 in employment,429,218,211
S01009797,1. Managers directors and senior officials,33,19,14
S01009797,2. Professional occupations,76,31,45
S01009797,3. Associate professional and technical occupations,63,34,29
S01009797,4. Administrative and secretarial occupations,60,10,50
S01009797,5. Skilled trades occupations,59,56,3
S01009797,6. Caring leisure and other service occupations,34,7,27
S01009797,7. Sales and customer service occupations,43,13,30
S01009797,8. Process plant and machine operatives,30,28,2
S01009797,9. Elementary occupations,31,20,11
S01009798,All people aged 16 to 74 in employment,421,206,215
S01009798,1. Managers directors and senior officials,36,26,10
S01009798,2. Professional occupations,80,35,45
S01009798,3. Associate professional and technical occupations,62,38,24
S01009798,4. Administrative and secretarial occupations,60,11,49
S01009798,5. Skilled trades occupations,45,42,3
S01009798,6. Caring leisure and other service occupations,52,6,46
S01009798,7. Sales and customer service occupations,32,5,27
S01009798,8. Process plant and machine operatives,23,22,1
S01009798,9. Elementary occupations,31,21,10
S01009799,All people aged 16 to 74 in employment,292,136,156
S01009799,1. Managers directors and senior officials,12,9,3
S01009799,2. Professional occupations,9,4,5
S01009799,3. Associate professional and technical occupations,19,16,3
S01009799,4. Administrative and secretarial occupations,41,6,35
S01009799,5. Skilled trades occupations,41,37,4
S01009799,6. Caring leisure and other service occupations,51,6,45
S01009799,7. Sales and customer service occupations,35,10,25
S01009799,8. Process plant and machine operatives,21,19,2
S01009799,9. Elementary occupations,63,29,34
S01009800,All people aged 16 to 74 in employment,465,211,254
S01009800,1. Managers directors and senior officials,19,10,9
S01009800,2. Professional occupations,33,16,17
S01009800,3. Associate professional and technical occupations,44,15,29
S01009800,4. Administrative and secretarial occupations,56,14,42
S01009800,5. Skilled trades occupations,48,41,7
S01009800,6. Caring leisure and other service occupations,78,14,64
S01009800,7. Sales and customer service occupations,61,21,40
S01009800,8. Process plant and machine operatives,57,51,6
S01009800,9. Elementary occupations,69,29,40
S01009801,All people aged 16 to 74 in employment,320,161,159
S01009801,1. Managers directors and senior officials,12,9,3
S01009801,2. Professional occupations,26,13,13
S01009801,3. Associate professional and technical occupations,21,12,9
S01009801,4. Administrative and secretarial occupations,33,6,27
S01009801,5. Skilled trades occupations,29,26,3
S01009801,6. Caring leisure and other service occupations,46,4,42
S01009801,7. Sales and customer service occupations,46,18,28
S01009801,8. Process plant and machine operatives,41,37,4
S01009801,9. Elementary occupations,66,36,30
S01009802,All people aged 16 to 74 in employment,450,213,237
S01009802,1. Managers directors and senior officials,24,12,12
S01009802,2. Professional occupations,39,13,26
S01009802,3. Associate professional and technical occupations,52,27,25
S01009802,4. Administrative and secretarial occupations,51,9,42
S01009802,5. Skilled trades occupations,58,51,7
S01009802,6. Caring leisure and other service occupations,56,9,47
S01009802,7. Sales and customer service occupations,62,18,44
S01009802,8. Process plant and machine operatives,53,48,5
S01009802,9. Elementary occupations,55,26,29
S01009803,All people aged 16 to 74 in employment,284,120,164
S01009803,1. Managers directors and senior officials,10,5,5
S01009803,2. Professional occupations,27,8,19
S01009803,3. Associate professional and technical occupations,29,12,17
S01009803,4. Administrative and secretarial occupations,41,5,36
S01009803,5. Skilled trades occupations,30,26,4
S01009803,6. Caring leisure and other service occupations,43,13,30
S01009803,7. Sales and customer service occupations,38,15,23
S01009803,8. Process plant and machine operatives,16,13,3
S01009803,9. Elementary occupations,50,23,27
S01009804,All people aged 16 to 74 in employment,269,132,137
S01009804,1. Managers directors and senior officials,26,12,14
S01009804,2. Professional occupations,77,35,42
S01009804,3. Associate professional and technical occupations,57,33,24
S01009804,4. Administrative and secretarial occupations,18,5,13
S01009804,5. Skilled trades occupations,19,18,1
S01009804,6. Caring leisure and other service occupations,29,4,25
S01009804,7. Sales and customer service occupations,21,8,13
S01009804,8. Process plant and machine operatives,14,12,2
S01009804,9. Elementary occupations,8,5,3
S01009805,All people aged 16 to 74 in employment,364,170,194
S01009805,1. Managers directors and senior officials,13,8,5
S01009805,2. Professional occupations,35,14,21
S01009805,3. Associate professional and technical occupations,33,21,12
S01009805,4. Administrative and secretarial occupations,55,13,42
S01009805,5. Skilled trades occupations,33,27,6
S01009805,6. Caring leisure and other service occupations,48,11,37
S01009805,7. Sales and customer service occupations,49,14,35
S01009805,8. Process plant and machine operatives,33,26,7
S01009805,9. Elementary occupations,65,36,29
S01009806,All people aged 16 to 74 in employment,356,166,190
S01009806,1. Managers directors and senior officials,13,9,4
S01009806,2. Professional occupations,36,11,25
S01009806,3. Associate professional and technical occupations,42,21,21
S01009806,4. Administrative and secretarial occupations,49,9,40
S01009806,5. Skilled trades occupations,35,33,2
S01009806,6. Caring leisure and other service occupations,65,21,44
S01009806,7. Sales and customer service occupations,39,13,26
S01009806,8. Process plant and machine operatives,31,27,4
S01009806,9. Elementary occupations,46,22,24
S01009807,All people aged 16 to 74 in employment,430,209,221
S01009807,1. Managers directors and senior officials,18,7,11
S01009807,2. Professional occupations,29,9,20
S01009807,3. Associate professional and technical occupations,37,17,20
S01009807,4. Administrative and secretarial occupations,54,9,45
S01009807,5. Skilled trades occupations,69,64,5
S01009807,6. Caring leisure and other service occupations,63,11,52
S01009807,7. Sales and customer service occupations,57,27,30
S01009807,8. Process plant and machine operatives,26,22,4
S01009807,9. Elementary occupations,77,43,34
S01009808,All people aged 16 to 74 in employment,314,154,160
S01009808,1. Managers directors and senior officials,7,3,4
S01009808,2. Professional occupations,20,4,16
S01009808,3. Associate professional and technical occupations,24,18,6
S01009808,4. Administrative and secretarial occupations,34,8,26
S01009808,5. Skilled trades occupations,39,35,4
S01009808,6. Caring leisure and other service occupations,46,7,39
S01009808,7. Sales and customer service occupations,46,16,30
S01009808,8. Process plant and machine operatives,30,27,3
S01009808,9. Elementary occupations,68,36,32
S01009809,All people aged 16 to 74 in employment,339,172,167
S01009809,1. Managers directors and senior officials,18,12,6
S01009809,2. Professional occupations,26,11,15
S01009809,3. Associate professional and technical occupations,44,23,21
S01009809,4. Administrative and secretarial occupations,57,14,43
S01009809,5. Skilled trades occupations,36,35,1
S01009809,6. Caring leisure and other service occupations,38,10,28
S01009809,7. Sales and customer service occupations,41,15,26
S01009809,8. Process plant and machine operatives,28,27,1
S01009809,9. Elementary occupations,51,25,26
S01009810,All people aged 16 to 74 in employment,293,132,161
S01009810,1. Managers directors and senior officials,10,4,6
S01009810,2. Professional occupations,28,8,20
S01009810,3. Associate professional and technical occupations,31,15,16
S01009810,4. Administrative and secretarial occupations,52,8,44
S01009810,5. Skilled trades occupations,44,37,7
S01009810,6. Caring leisure and other service occupations,32,3,29
S01009810,7. Sales and customer service occupations,35,18,17
S01009810,8. Process plant and machine operatives,20,17,3
S01009810,9. Elementary occupations,41,22,19
S01009811,All people aged 16 to 74 in employment,404,198,206
S01009811,1. Managers directors and senior officials,22,14,8
S01009811,2. Professional occupations,31,11,20
S01009811,3. Associate professional and technical occupations,39,18,21
S01009811,4. Administrative and secretarial occupations,49,11,38
S01009811,5. Skilled trades occupations,58,53,5
S01009811,6. Caring leisure and other service occupations,54,10,44
S01009811,7. Sales and customer service occupations,60,14,46
S01009811,8. Process plant and machine operatives,40,32,8
S01009811,9. Elementary occupations,51,35,16
S01009812,All people aged 16 to 74 in employment,293,152,141
S01009812,1. Managers directors and senior officials,9,6,3
S01009812,2. Professional occupations,32,16,16
S01009812,3. Associate professional and technical occupations,24,10,14
S01009812,4. Administrative and secretarial occupations,48,18,30
S01009812,5. Skilled trades occupations,40,38,2
S01009812,6. Caring leisure and other service occupations,45,12,33
S01009812,7. Sales and customer service occupations,33,9,24
S01009812,8. Process plant and machine operatives,18,16,2
S01009812,9. Elementary occupations,44,27,17
S01009813,All people aged 16 to 74 in employment,220,99,121
S01009813,1. Managers directors and senior officials,8,5,3
S01009813,2. Professional occupations,8,4,4
S01009813,3. Associate professional and technical occupations,16,8,8
S01009813,4. Administrative and secretarial occupations,23,7,16
S01009813,5. Skilled trades occupations,18,14,4
S01009813,6. Caring leisure and other service occupations,43,10,33
S01009813,7. Sales and customer service occupations,43,16,27
S01009813,8. Process plant and machine operatives,16,14,2
S01009813,9. Elementary occupations,45,21,24
S01009814,All people aged 16 to 74 in employment,360,190,170
S01009814,1. Managers directors and senior officials,21,11,10
S01009814,2. Professional occupations,68,30,38
S01009814,3. Associate professional and technical occupations,38,18,20
S01009814,4. Administrative and secretarial occupations,53,8,45
S01009814,5. Skilled trades occupations,42,40,2
S01009814,6. Caring leisure and other service occupations,32,11,21
S01009814,7. Sales and customer service occupations,37,17,20
S01009814,8. Process plant and machine operatives,26,23,3
S01009814,9. Elementary occupations,43,32,11
S01009815,All people aged 16 to 74 in employment,362,171,191
S01009815,1. Managers directors and senior officials,28,14,14
S01009815,2. Professional occupations,37,15,22
S01009815,3. Associate professional and technical occupations,60,34,26
S01009815,4. Administrative and secretarial occupations,55,12,43
S01009815,5. Skilled trades occupations,33,30,3
S01009815,6. Caring leisure and other service occupations,46,10,36
S01009815,7. Sales and customer service occupations,44,14,30
S01009815,8. Process plant and machine operatives,26,25,1
S01009815,9. Elementary occupations,33,17,16
S01009816,All people aged 16 to 74 in employment,393,184,209
S01009816,1. Managers directors and senior officials,9,5,4
S01009816,2. Professional occupations,59,19,40
S01009816,3. Associate professional and technical occupations,40,17,23
S01009816,4. Administrative and secretarial occupations,57,12,45
S01009816,5. Skilled trades occupations,49,44,5
S01009816,6. Caring leisure and other service occupations,46,6,40
S01009816,7. Sales and customer service occupations,51,19,32
S01009816,8. Process plant and machine operatives,41,39,2
S01009816,9. Elementary occupations,41,23,18
S01009817,All people aged 16 to 74 in employment,288,139,149
S01009817,1. Managers directors and senior officials,9,6,3
S01009817,2. Professional occupations,32,10,22
S01009817,3. Associate professional and technical occupations,31,21,10
S01009817,4. Administrative and secretarial occupations,38,6,32
S01009817,5. Skilled trades occupations,35,32,3
S01009817,6. Caring leisure and other service occupations,34,3,31
S01009817,7. Sales and customer service occupations,44,14,30
S01009817,8. Process plant and machine operatives,30,26,4
S01009817,9. Elementary occupations,35,21,14
S01009818,All people aged 16 to 74 in employment,407,201,206
S01009818,1. Managers directors and senior officials,34,21,13
S01009818,2. Professional occupations,96,42,54
S01009818,3. Associate professional and technical occupations,51,30,21
S01009818,4. Administrative and secretarial occupations,69,15,54
S01009818,5. Skilled trades occupations,45,43,2
S01009818,6. Caring leisure and other service occupations,29,2,27
S01009818,7. Sales and customer service occupations,39,16,23
S01009818,8. Process plant and machine operatives,17,13,4
S01009818,9. Elementary occupations,27,19,8
S01009819,All people aged 16 to 74 in employment,250,117,133
S01009819,1. Managers directors and senior officials,24,14,10
S01009819,2. Professional occupations,60,22,38
S01009819,3. Associate professional and technical occupations,29,13,16
S01009819,4. Administrative and secretarial occupations,31,5,26
S01009819,5. Skilled trades occupations,28,27,1
S01009819,6. Caring leisure and other service occupations,23,6,17
S01009819,7. Sales and customer service occupations,26,9,17
S01009819,8. Process plant and machine operatives,15,12,3
S01009819,9. Elementary occupations,14,9,5
S01009820,All people aged 16 to 74 in employment,428,217,211
S01009820,1. Managers directors and senior officials,28,16,12
S01009820,2. Professional occupations,66,24,42
S01009820,3. Associate professional and technical occupations,71,41,30
S01009820,4. Administrative and secretarial occupations,63,16,47
S01009820,5. Skilled trades occupations,50,46,4
S01009820,6. Caring leisure and other service occupations,39,6,33
S01009820,7. Sales and customer service occupations,45,19,26
S01009820,8. Process plant and machine operatives,32,27,5
S01009820,9. Elementary occupations,34,22,12
S01009821,All people aged 16 to 74 in employment,322,161,161
S01009821,1. Managers directors and senior officials,31,20,11
S01009821,2. Professional occupations,75,28,47
S01009821,3. Associate professional and technical occupations,35,12,23
S01009821,4. Administrative and secretarial occupations,33,11,22
S01009821,5. Skilled trades occupations,39,35,4
S01009821,6. Caring leisure and other service occupations,25,6,19
S01009821,7. Sales and customer service occupations,43,17,26
S01009821,8. Process plant and machine operatives,20,17,3
S01009821,9. Elementary occupations,21,15,6
S01009822,All people aged 16 to 74 in employment,208,105,103
S01009822,1. Managers directors and senior officials,9,7,2
S01009822,2. Professional occupations,22,4,18
S01009822,3. Associate professional and technical occupations,29,13,16
S01009822,4. Administrative and secretarial occupations,24,9,15
S01009822,5. Skilled trades occupations,27,25,2
S01009822,6. Caring leisure and other service occupations,17,5,12
S01009822,7. Sales and customer service occupations,28,11,17
S01009822,8. Process plant and machine operatives,22,17,5
S01009822,9. Elementary occupations,30,14,16
S01009823,All people aged 16 to 74 in employment,258,113,145
S01009823,1. Managers directors and senior officials,16,6,10
S01009823,2. Professional occupations,16,4,12
S01009823,3. Associate professional and technical occupations,21,11,10
S01009823,4. Administrative and secretarial occupations,30,2,28
S01009823,5. Skilled trades occupations,36,30,6
S01009823,6. Caring leisure and other service occupations,42,8,34
S01009823,7. Sales and customer service occupations,29,8,21
S01009823,8. Process plant and machine operatives,30,26,4
S01009823,9. Elementary occupations,38,18,20
S01009824,All people aged 16 to 74 in employment,366,181,185
S01009824,1. Managers directors and senior officials,24,11,13
S01009824,2. Professional occupations,34,11,23
S01009824,3. Associate professional and technical occupations,40,17,23
S01009824,4. Administrative and secretarial occupations,32,6,26
S01009824,5. Skilled trades occupations,56,52,4
S01009824,6. Caring leisure and other service occupations,46,9,37
S01009824,7. Sales and customer service occupations,36,10,26
S01009824,8. Process plant and machine operatives,45,41,4
S01009824,9. Elementary occupations,53,24,29
S01009825,All people aged 16 to 74 in employment,415,192,223
S01009825,1. Managers directors and senior officials,23,15,8
S01009825,2. Professional occupations,38,12,26
S01009825,3. Associate professional and technical occupations,41,24,17
S01009825,4. Administrative and secretarial occupations,52,7,45
S01009825,5. Skilled trades occupations,41,37,4
S01009825,6. Caring leisure and other service occupations,62,21,41
S01009825,7. Sales and customer service occupations,42,15,27
S01009825,8. Process plant and machine operatives,33,26,7
S01009825,9. Elementary occupations,83,35,48
S01009826,All people aged 16 to 74 in employment,215,100,115
S01009826,1. Managers directors and senior officials,10,4,6
S01009826,2. Professional occupations,11,4,7
S01009826,3. Associate professional and technical occupations,18,5,13
S01009826,4. Administrative and secretarial occupations,30,5,25
S01009826,5. Skilled trades occupations,24,24,0
S01009826,6. Caring leisure and other service occupations,27,6,21
S01009826,7. Sales and customer service occupations,26,8,18
S01009826,8. Process plant and machine operatives,34,28,6
S01009826,9. Elementary occupations,35,16,19
S01009827,All people aged 16 to 74 in employment,332,156,176
S01009827,1. Managers directors and senior officials,10,3,7
S01009827,2. Professional occupations,16,7,9
S01009827,3. Associate professional and technical occupations,22,12,10
S01009827,4. Administrative and secretarial occupations,37,5,32
S01009827,5. Skilled trades occupations,44,39,5
S01009827,6. Caring leisure and other service occupations,63,10,53
S01009827,7. Sales and customer service occupations,41,13,28
S01009827,8. Process plant and machine operatives,42,40,2
S01009827,9. Elementary occupations,57,27,30
S01009828,All people aged 16 to 74 in employment,241,108,133
S01009828,1. Managers directors and senior officials,7,0,7
S01009828,2. Professional occupations,20,13,7
S01009828,3. Associate professional and technical occupations,24,12,12
S01009828,4. Administrative and secretarial occupations,28,6,22
S01009828,5. Skilled trades occupations,30,27,3
S01009828,6. Caring leisure and other service occupations,32,3,29
S01009828,7. Sales and customer service occupations,40,9,31
S01009828,8. Process plant and machine operatives,20,16,4
S01009828,9. Elementary occupations,40,22,18
S01009829,All people aged 16 to 74 in employment,444,216,228
S01009829,1. Managers directors and senior officials,24,14,10
S01009829,2. Professional occupations,58,30,28
S01009829,3. Associate professional and technical occupations,59,29,30
S01009829,4. Administrative and secretarial occupations,75,15,60
S01009829,5. Skilled trades occupations,49,44,5
S01009829,6. Caring leisure and other service occupations,52,10,42
S01009829,7. Sales and customer service occupations,43,11,32
S01009829,8. Process plant and machine operatives,36,29,7
S01009829,9. Elementary occupations,48,34,14
S01009830,All people aged 16 to 74 in employment,362,177,185
S01009830,1. Managers directors and senior officials,17,10,7
S01009830,2. Professional occupations,26,14,12
S01009830,3. Associate professional and technical occupations,26,13,13
S01009830,4. Administrative and secretarial occupations,71,16,55
S01009830,5. Skilled trades occupations,42,40,2
S01009830,6. Caring leisure and other service occupations,40,9,31
S01009830,7. Sales and customer service occupations,52,18,34
S01009830,8. Process plant and machine operatives,40,38,2
S01009830,9. Elementary occupations,48,19,29
S01009831,All people aged 16 to 74 in employment,409,192,217
S01009831,1. Managers directors and senior officials,13,7,6
S01009831,2. Professional occupations,50,15,35
S01009831,3. Associate professional and technical occupations,47,33,14
S01009831,4. Administrative and secretarial occupations,77,17,60
S01009831,5. Skilled trades occupations,42,39,3
S01009831,6. Caring leisure and other service occupations,38,6,32
S01009831,7. Sales and customer service occupations,60,20,40
S01009831,8. Process plant and machine operatives,29,25,4
S01009831,9. Elementary occupations,53,30,23
S01009832,All people aged 16 to 74 in employment,468,220,248
S01009832,1. Managers directors and senior officials,18,9,9
S01009832,2. Professional occupations,70,29,41
S01009832,3. Associate professional and technical occupations,57,33,24
S01009832,4. Administrative and secretarial occupations,78,17,61
S01009832,5. Skilled trades occupations,51,48,3
S01009832,6. Caring leisure and other service occupations,51,14,37
S01009832,7. Sales and customer service occupations,55,11,44
S01009832,8. Process plant and machine operatives,40,37,3
S01009832,9. Elementary occupations,48,22,26
S01009833,All people aged 16 to 74 in employment,298,140,158
S01009833,1. Managers directors and senior officials,20,9,11
S01009833,2. Professional occupations,41,15,26
S01009833,3. Associate professional and technical occupations,46,21,25
S01009833,4. Administrative and secretarial occupations,34,5,29
S01009833,5. Skilled trades occupations,37,31,6
S01009833,6. Caring leisure and other service occupations,35,6,29
S01009833,7. Sales and customer service occupations,21,12,9
S01009833,8. Process plant and machine operatives,24,22,2
S01009833,9. Elementary occupations,40,19,21
S01009834,All people aged 16 to 74 in employment,395,167,228
S01009834,1. Managers directors and senior officials,29,14,15
S01009834,2. Professional occupations,31,12,19
S01009834,3. Associate professional and technical occupations,42,24,18
S01009834,4. Administrative and secretarial occupations,56,9,47
S01009834,5. Skilled trades occupations,53,50,3
S01009834,6. Caring leisure and other service occupations,51,10,41
S01009834,7. Sales and customer service occupations,45,5,40
S01009834,8. Process plant and machine operatives,22,20,2
S01009834,9. Elementary occupations,66,23,43
S01009835,All people aged 16 to 74 in employment,212,91,121
S01009835,1. Managers directors and senior officials,7,5,2
S01009835,2. Professional occupations,11,6,5
S01009835,3. Associate professional and technical occupations,9,4,5
S01009835,4. Administrative and secretarial occupations,24,4,20
S01009835,5. Skilled trades occupations,15,14,1
S01009835,6. Caring leisure and other service occupations,36,8,28
S01009835,7. Sales and customer service occupations,33,6,27
S01009835,8. Process plant and machine operatives,22,19,3
S01009835,9. Elementary occupations,55,25,30
S01009836,All people aged 16 to 74 in employment,451,231,220
S01009836,1. Managers directors and senior officials,34,20,14
S01009836,2. Professional occupations,50,20,30
S01009836,3. Associate professional and technical occupations,40,26,14
S01009836,4. Administrative and secretarial occupations,66,16,50
S01009836,5. Skilled trades occupations,69,63,6
S01009836,6. Caring leisure and other service occupations,48,5,43
S01009836,7. Sales and customer service occupations,41,16,25
S01009836,8. Process plant and machine operatives,34,31,3
S01009836,9. Elementary occupations,69,34,35
S01009837,All people aged 16 to 74 in employment,275,128,147
S01009837,1. Managers directors and senior officials,19,11,8
S01009837,2. Professional occupations,17,6,11
S01009837,3. Associate professional and technical occupations,17,8,9
S01009837,4. Administrative and secretarial occupations,34,4,30
S01009837,5. Skilled trades occupations,25,25,0
S01009837,6. Caring leisure and other service occupations,59,14,45
S01009837,7. Sales and customer service occupations,27,10,17
S01009837,8. Process plant and machine operatives,31,29,2
S01009837,9. Elementary occupations,46,21,25
S01009838,All people aged 16 to 74 in employment,319,146,173
S01009838,1. Managers directors and senior officials,18,7,11
S01009838,2. Professional occupations,40,16,24
S01009838,3. Associate professional and technical occupations,35,19,16
S01009838,4. Administrative and secretarial occupations,30,11,19
S01009838,5. Skilled trades occupations,32,25,7
S01009838,6. Caring leisure and other service occupations,51,18,33
S01009838,7. Sales and customer service occupations,32,8,24
S01009838,8. Process plant and machine operatives,23,18,5
S01009838,9. Elementary occupations,58,24,34
S01009839,All people aged 16 to 74 in employment,419,185,234
S01009839,1. Managers directors and senior officials,20,14,6
S01009839,2. Professional occupations,46,20,26
S01009839,3. Associate professional and technical occupations,46,18,28
S01009839,4. Administrative and secretarial occupations,51,15,36
S01009839,5. Skilled trades occupations,29,24,5
S01009839,6. Caring leisure and other service occupations,56,8,48
S01009839,7. Sales and customer service occupations,56,18,38
S01009839,8. Process plant and machine operatives,33,23,10
S01009839,9. Elementary occupations,82,45,37
S01009840,All people aged 16 to 74 in employment,386,184,202
S01009840,1. Managers directors and senior officials,14,8,6
S01009840,2. Professional occupations,34,18,16
S01009840,3. Associate professional and technical occupations,31,18,13
S01009840,4. Administrative and secretarial occupations,62,13,49
S01009840,5. Skilled trades occupations,47,42,5
S01009840,6. Caring leisure and other service occupations,52,4,48
S01009840,7. Sales and customer service occupations,38,11,27
S01009840,8. Process plant and machine operatives,37,33,4
S01009840,9. Elementary occupations,71,37,34
S01009841,All people aged 16 to 74 in employment,340,174,166
S01009841,1. Managers directors and senior officials,17,12,5
S01009841,2. Professional occupations,26,9,17
S01009841,3. Associate professional and technical occupations,36,15,21
S01009841,4. Administrative and secretarial occupations,36,13,23
S01009841,5. Skilled trades occupations,34,27,7
S01009841,6. Caring leisure and other service occupations,37,11,26
S01009841,7. Sales and customer service occupations,43,13,30
S01009841,8. Process plant and machine operatives,30,24,6
S01009841,9. Elementary occupations,81,50,31
S01009842,All people aged 16 to 74 in employment,257,122,135
S01009842,1. Managers directors and senior officials,12,6,6
S01009842,2. Professional occupations,26,11,15
S01009842,3. Associate professional and technical occupations,21,10,11
S01009842,4. Administrative and secretarial occupations,21,5,16
S01009842,5. Skilled trades occupations,21,19,2
S01009842,6. Caring leisure and other service occupations,28,5,23
S01009842,7. Sales and customer service occupations,29,9,20
S01009842,8. Process plant and machine operatives,31,27,4
S01009842,9. Elementary occupations,68,30,38
S01009843,All people aged 16 to 74 in employment,187,92,95
S01009843,1. Managers directors and senior officials,0,0,0
S01009843,2. Professional occupations,18,9,9
S01009843,3. Associate professional and technical occupations,18,8,10
S01009843,4. Administrative and secretarial occupations,20,6,14
S01009843,5. Skilled trades occupations,20,16,4
S01009843,6. Caring leisure and other service occupations,24,9,15
S01009843,7. Sales and customer service occupations,24,6,18
S01009843,8. Process plant and machine operatives,15,12,3
S01009843,9. Elementary occupations,48,26,22
S01009844,All people aged 16 to 74 in employment,184,106,78
S01009844,1. Managers directors and senior officials,8,3,5
S01009844,2. Professional occupations,15,5,10
S01009844,3. Associate professional and technical occupations,15,6,9
S01009844,4. Administrative and secretarial occupations,12,3,9
S01009844,5. Skilled trades occupations,33,27,6
S01009844,6. Caring leisure and other service occupations,11,4,7
S01009844,7. Sales and customer service occupations,22,9,13
S01009844,8. Process plant and machine operatives,10,10,0
S01009844,9. Elementary occupations,58,39,19
S01009845,All people aged 16 to 74 in employment,311,175,136
S01009845,1. Managers directors and senior officials,15,10,5
S01009845,2. Professional occupations,17,9,8
S01009845,3. Associate professional and technical occupations,25,8,17
S01009845,4. Administrative and secretarial occupations,29,15,14
S01009845,5. Skilled trades occupations,38,33,5
S01009845,6. Caring leisure and other service occupations,44,17,27
S01009845,7. Sales and customer service occupations,25,15,10
S01009845,8. Process plant and machine operatives,25,18,7
S01009845,9. Elementary occupations,93,50,43
S01009846,All people aged 16 to 74 in employment,362,176,186
S01009846,1. Managers directors and senior officials,11,5,6
S01009846,2. Professional occupations,31,9,22
S01009846,3. Associate professional and technical occupations,40,15,25
S01009846,4. Administrative and secretarial occupations,35,10,25
S01009846,5. Skilled trades occupations,53,46,7
S01009846,6. Caring leisure and other service occupations,43,8,35
S01009846,7. Sales and customer service occupations,34,13,21
S01009846,8. Process plant and machine operatives,24,20,4
S01009846,9. Elementary occupations,91,50,41
S01009847,All people aged 16 to 74 in employment,272,118,154
S01009847,1. Managers directors and senior officials,12,3,9
S01009847,2. Professional occupations,11,2,9
S01009847,3. Associate professional and technical occupations,24,13,11
S01009847,4. Administrative and secretarial occupations,34,8,26
S01009847,5. Skilled trades occupations,22,18,4
S01009847,6. Caring leisure and other service occupations,51,9,42
S01009847,7. Sales and customer service occupations,32,13,19
S01009847,8. Process plant and machine operatives,24,18,6
S01009847,9. Elementary occupations,62,34,28
S01009848,All people aged 16 to 74 in employment,345,160,185
S01009848,1. Managers directors and senior officials,10,6,4
S01009848,2. Professional occupations,24,13,11
S01009848,3. Associate professional and technical occupations,34,16,18
S01009848,4. Administrative and secretarial occupations,35,6,29
S01009848,5. Skilled trades occupations,48,43,5
S01009848,6. Caring leisure and other service occupations,49,8,41
S01009848,7. Sales and customer service occupations,39,8,31
S01009848,8. Process plant and machine operatives,28,27,1
S01009848,9. Elementary occupations,78,33,45
S01009849,All people aged 16 to 74 in employment,298,146,152
S01009849,1. Managers directors and senior officials,14,8,6
S01009849,2. Professional occupations,40,21,19
S01009849,3. Associate professional and technical occupations,30,14,16
S01009849,4. Administrative and secretarial occupations,44,13,31
S01009849,5. Skilled trades occupations,36,32,4
S01009849,6. Caring leisure and other service occupations,34,9,25
S01009849,7. Sales and customer service occupations,41,12,29
S01009849,8. Process plant and machine operatives,19,16,3
S01009849,9. Elementary occupations,40,21,19
S01009850,All people aged 16 to 74 in employment,393,209,184
S01009850,1. Managers directors and senior officials,17,11,6
S01009850,2. Professional occupations,44,18,26
S01009850,3. Associate professional and technical occupations,57,28,29
S01009850,4. Administrative and secretarial occupations,48,9,39
S01009850,5. Skilled trades occupations,50,45,5
S01009850,6. Caring leisure and other service occupations,51,18,33
S01009850,7. Sales and customer service occupations,46,21,25
S01009850,8. Process plant and machine operatives,30,27,3
S01009850,9. Elementary occupations,50,32,18
S01009851,All people aged 16 to 74 in employment,337,155,182
S01009851,1. Managers directors and senior officials,15,6,9
S01009851,2. Professional occupations,34,14,20
S01009851,3. Associate professional and technical occupations,37,21,16
S01009851,4. Administrative and secretarial occupations,44,7,37
S01009851,5. Skilled trades occupations,40,39,1
S01009851,6. Caring leisure and other service occupations,50,9,41
S01009851,7. Sales and customer service occupations,35,15,20
S01009851,8. Process plant and machine operatives,31,23,8
S01009851,9. Elementary occupations,51,21,30
S01009852,All people aged 16 to 74 in employment,237,116,121
S01009852,1. Managers directors and senior officials,24,14,10
S01009852,2. Professional occupations,31,13,18
S01009852,3. Associate professional and technical occupations,27,14,13
S01009852,4. Administrative and secretarial occupations,26,4,22
S01009852,5. Skilled trades occupations,21,21,0
S01009852,6. Caring leisure and other service occupations,33,7,26
S01009852,7. Sales and customer service occupations,29,11,18
S01009852,8. Process plant and machine operatives,15,13,2
S01009852,9. Elementary occupations,31,19,12
S01009853,All people aged 16 to 74 in employment,336,159,177
S01009853,1. Managers directors and senior officials,23,18,5
S01009853,2. Professional occupations,51,17,34
S01009853,3. Associate professional and technical occupations,29,16,13
S01009853,4. Administrative and secretarial occupations,49,12,37
S01009853,5. Skilled trades occupations,36,31,5
S01009853,6. Caring leisure and other service occupations,56,14,42
S01009853,7. Sales and customer service occupations,31,12,19
S01009853,8. Process plant and machine operatives,25,21,4
S01009853,9. Elementary occupations,36,18,18
S01009854,All people aged 16 to 74 in employment,386,170,216
S01009854,1. Managers directors and senior officials,23,8,15
S01009854,2. Professional occupations,47,17,30
S01009854,3. Associate professional and technical occupations,35,17,18
S01009854,4. Administrative and secretarial occupations,52,13,39
S01009854,5. Skilled trades occupations,36,35,1
S01009854,6. Caring leisure and other service occupations,44,7,37
S01009854,7. Sales and customer service occupations,55,16,39
S01009854,8. Process plant and machine operatives,37,34,3
S01009854,9. Elementary occupations,57,23,34
S01009855,All people aged 16 to 74 in employment,285,144,141
S01009855,1. Managers directors and senior officials,21,11,10
S01009855,2. Professional occupations,64,33,31
S01009855,3. Associate professional and technical occupations,22,11,11
S01009855,4. Administrative and secretarial occupations,40,7,33
S01009855,5. Skilled trades occupations,31,28,3
S01009855,6. Caring leisure and other service occupations,29,4,25
S01009855,7. Sales and customer service occupations,31,15,16
S01009855,8. Process plant and machine operatives,25,24,1
S01009855,9. Elementary occupations,22,11,11
S01009856,All people aged 16 to 74 in employment,244,111,133
S01009856,1. Managers directors and senior officials,10,3,7
S01009856,2. Professional occupations,43,13,30
S01009856,3. Associate professional and technical occupations,32,13,19
S01009856,4. Administrative and secretarial occupations,34,8,26
S01009856,5. Skilled trades occupations,22,21,1
S01009856,6. Caring leisure and other service occupations,25,5,20
S01009856,7. Sales and customer service occupations,38,16,22
S01009856,8. Process plant and machine operatives,21,21,0
S01009856,9. Elementary occupations,19,11,8
S01009857,All people aged 16 to 74 in employment,380,194,186
S01009857,1. Managers directors and senior officials,21,15,6
S01009857,2. Professional occupations,56,24,32
S01009857,3. Associate professional and technical occupations,57,35,22
S01009857,4. Administrative and secretarial occupations,47,13,34
S01009857,5. Skilled trades occupations,42,39,3
S01009857,6. Caring leisure and other service occupations,54,14,40
S01009857,7. Sales and customer service occupations,52,18,34
S01009857,8. Process plant and machine operatives,27,24,3
S01009857,9. Elementary occupations,24,12,12
S01009858,All people aged 16 to 74 in employment,341,160,181
S01009858,1. Managers directors and senior officials,12,7,5
S01009858,2. Professional occupations,39,12,27
S01009858,3. Associate professional and technical occupations,56,34,22
S01009858,4. Administrative and secretarial occupations,54,15,39
S01009858,5. Skilled trades occupations,28,28,0
S01009858,6. Caring leisure and other service occupations,46,10,36
S01009858,7. Sales and customer service occupations,48,14,34
S01009858,8. Process plant and machine operatives,26,23,3
S01009858,9. Elementary occupations,32,17,15
S01009859,All people aged 16 to 74 in employment,334,160,174
S01009859,1. Managers directors and senior officials,9,1,8
S01009859,2. Professional occupations,29,9,20
S01009859,3. Associate professional and technical occupations,30,17,13
S01009859,4. Administrative and secretarial occupations,38,14,24
S01009859,5. Skilled trades occupations,31,30,1
S01009859,6. Caring leisure and other service occupations,48,10,38
S01009859,7. Sales and customer service occupations,43,19,24
S01009859,8. Process plant and machine operatives,25,23,2
S01009859,9. Elementary occupations,81,37,44
S01009860,All people aged 16 to 74 in employment,282,129,153
S01009860,1. Managers directors and senior officials,8,4,4
S01009860,2. Professional occupations,21,9,12
S01009860,3. Associate professional and technical occupations,28,13,15
S01009860,4. Administrative and secretarial occupations,34,8,26
S01009860,5. Skilled trades occupations,24,23,1
S01009860,6. Caring leisure and other service occupations,37,8,29
S01009860,7. Sales and customer service occupations,42,16,26
S01009860,8. Process plant and machine operatives,22,17,5
S01009860,9. Elementary occupations,66,31,35
S01009861,All people aged 16 to 74 in employment,378,196,182
S01009861,1. Managers directors and senior officials,18,13,5
S01009861,2. Professional occupations,36,20,16
S01009861,3. Associate professional and technical occupations,55,30,25
S01009861,4. Administrative and secretarial occupations,40,12,28
S01009861,5. Skilled trades occupations,41,35,6
S01009861,6. Caring leisure and other service occupations,46,11,35
S01009861,7. Sales and customer service occupations,30,12,18
S01009861,8. Process plant and machine operatives,22,18,4
S01009861,9. Elementary occupations,90,45,45
S01009862,All people aged 16 to 74 in employment,452,229,223
S01009862,1. Managers directors and senior officials,19,15,4
S01009862,2. Professional occupations,40,19,21
S01009862,3. Associate professional and technical occupations,50,23,27
S01009862,4. Administrative and secretarial occupations,53,10,43
S01009862,5. Skilled trades occupations,38,31,7
S01009862,6. Caring leisure and other service occupations,56,16,40
S01009862,7. Sales and customer service occupations,59,25,34
S01009862,8. Process plant and machine operatives,36,32,4
S01009862,9. Elementary occupations,101,58,43
S01009863,All people aged 16 to 74 in employment,370,212,158
S01009863,1. Managers directors and senior officials,22,10,12
S01009863,2. Professional occupations,42,24,18
S01009863,3. Associate professional and technical occupations,36,20,16
S01009863,4. Administrative and secretarial occupations,41,11,30
S01009863,5. Skilled trades occupations,36,30,6
S01009863,6. Caring leisure and other service occupations,45,20,25
S01009863,7. Sales and customer service occupations,66,39,27
S01009863,8. Process plant and machine operatives,18,15,3
S01009863,9. Elementary occupations,64,43,21
S01009864,All people aged 16 to 74 in employment,278,164,114
S01009864,1. Managers directors and senior officials,12,9,3
S01009864,2. Professional occupations,54,30,24
S01009864,3. Associate professional and technical occupations,44,18,26
S01009864,4. Administrative and secretarial occupations,22,6,16
S01009864,5. Skilled trades occupations,28,25,3
S01009864,6. Caring leisure and other service occupations,21,8,13
S01009864,7. Sales and customer service occupations,20,9,11
S01009864,8. Process plant and machine operatives,16,14,2
S01009864,9. Elementary occupations,61,45,16
S01009865,All people aged 16 to 74 in employment,226,125,101
S01009865,1. Managers directors and senior officials,11,7,4
S01009865,2. Professional occupations,28,14,14
S01009865,3. Associate professional and technical occupations,27,13,14
S01009865,4. Administrative and secretarial occupations,33,9,24
S01009865,5. Skilled trades occupations,28,26,2
S01009865,6. Caring leisure and other service occupations,19,8,11
S01009865,7. Sales and customer service occupations,32,15,17
S01009865,8. Process plant and machine operatives,8,7,1
S01009865,9. Elementary occupations,40,26,14
S01009866,All people aged 16 to 74 in employment,460,231,229
S01009866,1. Managers directors and senior officials,28,22,6
S01009866,2. Professional occupations,63,27,36
S01009866,3. Associate professional and technical occupations,48,29,19
S01009866,4. Administrative and secretarial occupations,70,9,61
S01009866,5. Skilled trades occupations,64,55,9
S01009866,6. Caring leisure and other service occupations,41,6,35
S01009866,7. Sales and customer service occupations,57,20,37
S01009866,8. Process plant and machine operatives,38,34,4
S01009866,9. Elementary occupations,51,29,22
S01009867,All people aged 16 to 74 in employment,651,372,279
S01009867,1. Managers directors and senior officials,60,44,16
S01009867,2. Professional occupations,165,86,79
S01009867,3. Associate professional and technical occupations,126,73,53
S01009867,4. Administrative and secretarial occupations,84,35,49
S01009867,5. Skilled trades occupations,44,42,2
S01009867,6. Caring leisure and other service occupations,38,16,22
S01009867,7. Sales and customer service occupations,47,22,25
S01009867,8. Process plant and machine operatives,19,16,3
S01009867,9. Elementary occupations,68,38,30
S01009868,All people aged 16 to 74 in employment,380,220,160
S01009868,1. Managers directors and senior officials,17,10,7
S01009868,2. Professional occupations,70,34,36
S01009868,3. Associate professional and technical occupations,58,38,20
S01009868,4. Administrative and secretarial occupations,44,14,30
S01009868,5. Skilled trades occupations,35,32,3
S01009868,6. Caring leisure and other service occupations,20,6,14
S01009868,7. Sales and customer service occupations,45,22,23
S01009868,8. Process plant and machine operatives,20,18,2
S01009868,9. Elementary occupations,71,46,25
S01009869,All people aged 16 to 74 in employment,294,176,118
S01009869,1. Managers directors and senior officials,24,18,6
S01009869,2. Professional occupations,45,22,23
S01009869,3. Associate professional and technical occupations,41,25,16
S01009869,4. Administrative and secretarial occupations,32,11,21
S01009869,5. Skilled trades occupations,29,28,1
S01009869,6. Caring leisure and other service occupations,21,3,18
S01009869,7. Sales and customer service occupations,38,22,16
S01009869,8. Process plant and machine operatives,21,21,0
S01009869,9. Elementary occupations,43,26,17
S01009870,All people aged 16 to 74 in employment,268,169,99
S01009870,1. Managers directors and senior officials,19,10,9
S01009870,2. Professional occupations,38,22,16
S01009870,3. Associate professional and technical occupations,43,27,16
S01009870,4. Administrative and secretarial occupations,26,13,13
S01009870,5. Skilled trades occupations,18,16,2
S01009870,6. Caring leisure and other service occupations,16,6,10
S01009870,7. Sales and customer service occupations,39,24,15
S01009870,8. Process plant and machine operatives,14,13,1
S01009870,9. Elementary occupations,55,38,17
S01009871,All people aged 16 to 74 in employment,361,188,173
S01009871,1. Managers directors and senior officials,46,25,21
S01009871,2. Professional occupations,67,28,39
S01009871,3. Associate professional and technical occupations,49,25,24
S01009871,4. Administrative and secretarial occupations,38,12,26
S01009871,5. Skilled trades occupations,30,27,3
S01009871,6. Caring leisure and other service occupations,22,6,16
S01009871,7. Sales and customer service occupations,43,20,23
S01009871,8. Process plant and machine operatives,26,25,1
S01009871,9. Elementary occupations,40,20,20
S01009872,All people aged 16 to 74 in employment,359,211,148
S01009872,1. Managers directors and senior officials,20,12,8
S01009872,2. Professional occupations,61,37,24
S01009872,3. Associate professional and technical occupations,61,34,27
S01009872,4. Administrative and secretarial occupations,39,11,28
S01009872,5. Skilled trades occupations,36,34,2
S01009872,6. Caring leisure and other service occupations,21,8,13
S01009872,7. Sales and customer service occupations,61,42,19
S01009872,8. Process plant and machine operatives,12,10,2
S01009872,9. Elementary occupations,48,23,25
S01009873,All people aged 16 to 74 in employment,389,211,178
S01009873,1. Managers directors and senior officials,61,40,21
S01009873,2. Professional occupations,108,54,54
S01009873,3. Associate professional and technical occupations,44,28,16
S01009873,4. Administrative and secretarial occupations,40,11,29
S01009873,5. Skilled trades occupations,28,25,3
S01009873,6. Caring leisure and other service occupations,22,3,19
S01009873,7. Sales and customer service occupations,37,14,23
S01009873,8. Process plant and machine operatives,13,11,2
S01009873,9. Elementary occupations,36,25,11
S01009874,All people aged 16 to 74 in employment,440,225,215
S01009874,1. Managers directors and senior officials,53,35,18
S01009874,2. Professional occupations,89,49,40
S01009874,3. Associate professional and technical occupations,50,25,25
S01009874,4. Administrative and secretarial occupations,59,12,47
S01009874,5. Skilled trades occupations,38,32,6
S01009874,6. Caring leisure and other service occupations,39,12,27
S01009874,7. Sales and customer service occupations,44,12,32
S01009874,8. Process plant and machine operatives,23,19,4
S01009874,9. Elementary occupations,45,29,16
S01009875,All people aged 16 to 74 in employment,234,142,92
S01009875,1. Managers directors and senior officials,23,17,6
S01009875,2. Professional occupations,41,24,17
S01009875,3. Associate professional and technical occupations,37,17,20
S01009875,4. Administrative and secretarial occupations,19,11,8
S01009875,5. Skilled trades occupations,15,14,1
S01009875,6. Caring leisure and other service occupations,20,2,18
S01009875,7. Sales and customer service occupations,28,16,12
S01009875,8. Process plant and machine operatives,14,13,1
S01009875,9. Elementary occupations,37,28,9
S01009876,All people aged 16 to 74 in employment,216,110,106
S01009876,1. Managers directors and senior officials,9,5,4
S01009876,2. Professional occupations,25,16,9
S01009876,3. Associate professional and technical occupations,17,9,8
S01009876,4. Administrative and secretarial occupations,22,5,17
S01009876,5. Skilled trades occupations,16,16,0
S01009876,6. Caring leisure and other service occupations,23,3,20
S01009876,7. Sales and customer service occupations,51,18,33
S01009876,8. Process plant and machine operatives,14,13,1
S01009876,9. Elementary occupations,39,25,14
S01009877,All people aged 16 to 74 in employment,411,221,190
S01009877,1. Managers directors and senior officials,75,48,27
S01009877,2. Professional occupations,161,81,80
S01009877,3. Associate professional and technical occupations,65,36,29
S01009877,4. Administrative and secretarial occupations,28,9,19
S01009877,5. Skilled trades occupations,25,21,4
S01009877,6. Caring leisure and other service occupations,14,2,12
S01009877,7. Sales and customer service occupations,21,8,13
S01009877,8. Process plant and machine operatives,9,8,1
S01009877,9. Elementary occupations,13,8,5
S01009878,All people aged 16 to 74 in employment,258,177,81
S01009878,1. Managers directors and senior officials,24,21,3
S01009878,2. Professional occupations,46,26,20
S01009878,3. Associate professional and technical occupations,35,26,9
S01009878,4. Administrative and secretarial occupations,27,12,15
S01009878,5. Skilled trades occupations,29,25,4
S01009878,6. Caring leisure and other service occupations,16,4,12
S01009878,7. Sales and customer service occupations,35,22,13
S01009878,8. Process plant and machine operatives,19,19,0
S01009878,9. Elementary occupations,27,22,5
S01009879,All people aged 16 to 74 in employment,434,231,203
S01009879,1. Managers directors and senior officials,93,68,25
S01009879,2. Professional occupations,171,78,93
S01009879,3. Associate professional and technical occupations,71,38,33
S01009879,4. Administrative and secretarial occupations,24,3,21
S01009879,5. Skilled trades occupations,22,18,4
S01009879,6. Caring leisure and other service occupations,6,1,5
S01009879,7. Sales and customer service occupations,23,11,12
S01009879,8. Process plant and machine operatives,6,5,1
S01009879,9. Elementary occupations,18,9,9
S01009880,All people aged 16 to 74 in employment,309,183,126
S01009880,1. Managers directors and senior officials,51,39,12
S01009880,2. Professional occupations,95,51,44
S01009880,3. Associate professional and technical occupations,36,24,12
S01009880,4. Administrative and secretarial occupations,30,8,22
S01009880,5. Skilled trades occupations,14,12,2
S01009880,6. Caring leisure and other service occupations,12,3,9
S01009880,7. Sales and customer service occupations,54,31,23
S01009880,8. Process plant and machine operatives,9,8,1
S01009880,9. Elementary occupations,8,7,1
S01009881,All people aged 16 to 74 in employment,222,149,73
S01009881,1. Managers directors and senior officials,22,18,4
S01009881,2. Professional occupations,41,19,22
S01009881,3. Associate professional and technical occupations,26,20,6
S01009881,4. Administrative and secretarial occupations,21,12,9
S01009881,5. Skilled trades occupations,22,19,3
S01009881,6. Caring leisure and other service occupations,7,2,5
S01009881,7. Sales and customer service occupations,37,25,12
S01009881,8. Process plant and machine operatives,17,17,0
S01009881,9. Elementary occupations,29,17,12
S01009882,All people aged 16 to 74 in employment,691,403,288
S01009882,1. Managers directors and senior officials,59,40,19
S01009882,2. Professional occupations,200,108,92
S01009882,3. Associate professional and technical occupations,131,71,60
S01009882,4. Administrative and secretarial occupations,65,25,40
S01009882,5. Skilled trades occupations,53,49,4
S01009882,6. Caring leisure and other service occupations,30,8,22
S01009882,7. Sales and customer service occupations,69,40,29
S01009882,8. Process plant and machine operatives,21,20,1
S01009882,9. Elementary occupations,63,42,21
S01009883,All people aged 16 to 74 in employment,316,204,112
S01009883,1. Managers directors and senior officials,31,24,7
S01009883,2. Professional occupations,61,32,29
S01009883,3. Associate professional and technical occupations,49,24,25
S01009883,4. Administrative and secretarial occupations,26,13,13
S01009883,5. Skilled trades occupations,31,29,2
S01009883,6. Caring leisure and other service occupations,14,8,6
S01009883,7. Sales and customer service occupations,56,33,23
S01009883,8. Process plant and machine operatives,9,9,0
S01009883,9. Elementary occupations,39,32,7
S01009884,All people aged 16 to 74 in employment,380,226,154
S01009884,1. Managers directors and senior officials,36,24,12
S01009884,2. Professional occupations,100,44,56
S01009884,3. Associate professional and technical occupations,61,38,23
S01009884,4. Administrative and secretarial occupations,36,17,19
S01009884,5. Skilled trades occupations,32,28,4
S01009884,6. Caring leisure and other service occupations,20,8,12
S01009884,7. Sales and customer service occupations,39,22,17
S01009884,8. Process plant and machine operatives,11,11,0
S01009884,9. Elementary occupations,45,34,11
S01009885,All people aged 16 to 74 in employment,326,193,133
S01009885,1. Managers directors and senior officials,27,18,9
S01009885,2. Professional occupations,82,37,45
S01009885,3. Associate professional and technical occupations,74,43,31
S01009885,4. Administrative and secretarial occupations,22,8,14
S01009885,5. Skilled trades occupations,22,20,2
S01009885,6. Caring leisure and other service occupations,9,3,6
S01009885,7. Sales and customer service occupations,39,26,13
S01009885,8. Process plant and machine operatives,25,22,3
S01009885,9. Elementary occupations,26,16,10
S01009886,All people aged 16 to 74 in employment,291,179,112
S01009886,1. Managers directors and senior officials,30,19,11
S01009886,2. Professional occupations,74,42,32
S01009886,3. Associate professional and technical occupations,42,20,22
S01009886,4. Administrative and secretarial occupations,31,12,19
S01009886,5. Skilled trades occupations,19,19,0
S01009886,6. Caring leisure and other service occupations,10,2,8
S01009886,7. Sales and customer service occupations,47,31,16
S01009886,8. Process plant and machine operatives,11,11,0
S01009886,9. Elementary occupations,27,23,4
S01009887,All people aged 16 to 74 in employment,384,228,156
S01009887,1. Managers directors and senior officials,27,15,12
S01009887,2. Professional occupations,46,20,26
S01009887,3. Associate professional and technical occupations,62,36,26
S01009887,4. Administrative and secretarial occupations,35,8,27
S01009887,5. Skilled trades occupations,38,36,2
S01009887,6. Caring leisure and other service occupations,22,13,9
S01009887,7. Sales and customer service occupations,60,41,19
S01009887,8. Process plant and machine operatives,25,19,6
S01009887,9. Elementary occupations,69,40,29
S01009888,All people aged 16 to 74 in employment,279,181,98
S01009888,1. Managers directors and senior officials,15,14,1
S01009888,2. Professional occupations,41,20,21
S01009888,3. Associate professional and technical occupations,45,27,18
S01009888,4. Administrative and secretarial occupations,17,15,2
S01009888,5. Skilled trades occupations,28,27,1
S01009888,6. Caring leisure and other service occupations,20,3,17
S01009888,7. Sales and customer service occupations,48,25,23
S01009888,8. Process plant and machine operatives,22,20,2
S01009888,9. Elementary occupations,43,30,13
S01009889,All people aged 16 to 74 in employment,333,203,130
S01009889,1. Managers directors and senior officials,28,16,12
S01009889,2. Professional occupations,60,27,33
S01009889,3. Associate professional and technical occupations,44,26,18
S01009889,4. Administrative and secretarial occupations,27,8,19
S01009889,5. Skilled trades occupations,41,40,1
S01009889,6. Caring leisure and other service occupations,21,8,13
S01009889,7. Sales and customer service occupations,54,41,13
S01009889,8. Process plant and machine operatives,13,12,1
S01009889,9. Elementary occupations,45,25,20
S01009890,All people aged 16 to 74 in employment,207,123,84
S01009890,1. Managers directors and senior officials,10,6,4
S01009890,2. Professional occupations,26,12,14
S01009890,3. Associate professional and technical occupations,19,10,9
S01009890,4. Administrative and secretarial occupations,22,10,12
S01009890,5. Skilled trades occupations,17,17,0
S01009890,6. Caring leisure and other service occupations,18,7,11
S01009890,7. Sales and customer service occupations,29,18,11
S01009890,8. Process plant and machine operatives,16,15,1
S01009890,9. Elementary occupations,50,28,22
S01009891,All people aged 16 to 74 in employment,327,179,148
S01009891,1. Managers directors and senior officials,23,13,10
S01009891,2. Professional occupations,50,20,30
S01009891,3. Associate professional and technical occupations,56,35,21
S01009891,4. Administrative and secretarial occupations,51,22,29
S01009891,5. Skilled trades occupations,29,26,3
S01009891,6. Caring leisure and other service occupations,19,2,17
S01009891,7. Sales and customer service occupations,33,16,17
S01009891,8. Process plant and machine operatives,21,19,2
S01009891,9. Elementary occupations,45,26,19
S01009892,All people aged 16 to 74 in employment,332,179,153
S01009892,1. Managers directors and senior officials,23,15,8
S01009892,2. Professional occupations,44,20,24
S01009892,3. Associate professional and technical occupations,39,19,20
S01009892,4. Administrative and secretarial occupations,29,12,17
S01009892,5. Skilled trades occupations,29,22,7
S01009892,6. Caring leisure and other service occupations,36,10,26
S01009892,7. Sales and customer service occupations,33,14,19
S01009892,8. Process plant and machine operatives,29,25,4
S01009892,9. Elementary occupations,70,42,28
S01009893,All people aged 16 to 74 in employment,396,243,153
S01009893,1. Managers directors and senior officials,30,19,11
S01009893,2. Professional occupations,62,37,25
S01009893,3. Associate professional and technical occupations,61,28,33
S01009893,4. Administrative and secretarial occupations,51,28,23
S01009893,5. Skilled trades occupations,39,34,5
S01009893,6. Caring leisure and other service occupations,24,14,10
S01009893,7. Sales and customer service occupations,45,31,14
S01009893,8. Process plant and machine operatives,19,15,4
S01009893,9. Elementary occupations,65,37,28
S01009894,All people aged 16 to 74 in employment,302,174,128
S01009894,1. Managers directors and senior officials,17,11,6
S01009894,2. Professional occupations,39,21,18
S01009894,3. Associate professional and technical occupations,31,17,14
S01009894,4. Administrative and secretarial occupations,25,9,16
S01009894,5. Skilled trades occupations,31,30,1
S01009894,6. Caring leisure and other service occupations,30,8,22
S01009894,7. Sales and customer service occupations,44,29,15
S01009894,8. Process plant and machine operatives,23,17,6
S01009894,9. Elementary occupations,62,32,30
S01009895,All people aged 16 to 74 in employment,287,158,129
S01009895,1. Managers directors and senior officials,15,13,2
S01009895,2. Professional occupations,26,11,15
S01009895,3. Associate professional and technical occupations,33,14,19
S01009895,4. Administrative and secretarial occupations,43,16,27
S01009895,5. Skilled trades occupations,22,21,1
S01009895,6. Caring leisure and other service occupations,29,5,24
S01009895,7. Sales and customer service occupations,46,29,17
S01009895,8. Process plant and machine operatives,16,14,2
S01009895,9. Elementary occupations,57,35,22
S01009896,All people aged 16 to 74 in employment,328,184,144
S01009896,1. Managers directors and senior officials,20,14,6
S01009896,2. Professional occupations,36,11,25
S01009896,3. Associate professional and technical occupations,29,16,13
S01009896,4. Administrative and secretarial occupations,24,5,19
S01009896,5. Skilled trades occupations,48,43,5
S01009896,6. Caring leisure and other service occupations,39,9,30
S01009896,7. Sales and customer service occupations,38,20,18
S01009896,8. Process plant and machine operatives,31,28,3
S01009896,9. Elementary occupations,63,38,25
S01009897,All people aged 16 to 74 in employment,408,208,200
S01009897,1. Managers directors and senior officials,28,19,9
S01009897,2. Professional occupations,69,33,36
S01009897,3. Associate professional and technical occupations,54,29,25
S01009897,4. Administrative and secretarial occupations,46,12,34
S01009897,5. Skilled trades occupations,39,32,7
S01009897,6. Caring leisure and other service occupations,50,11,39
S01009897,7. Sales and customer service occupations,39,16,23
S01009897,8. Process plant and machine operatives,21,17,4
S01009897,9. Elementary occupations,62,39,23
S01009898,All people aged 16 to 74 in employment,195,112,83
S01009898,1. Managers directors and senior officials,16,13,3
S01009898,2. Professional occupations,19,11,8
S01009898,3. Associate professional and technical occupations,15,9,6
S01009898,4. Administrative and secretarial occupations,16,4,12
S01009898,5. Skilled trades occupations,29,26,3
S01009898,6. Caring leisure and other service occupations,28,6,22
S01009898,7. Sales and customer service occupations,29,13,16
S01009898,8. Process plant and machine operatives,16,13,3
S01009898,9. Elementary occupations,27,17,10
S01009899,All people aged 16 to 74 in employment,457,230,227
S01009899,1. Managers directors and senior officials,31,14,17
S01009899,2. Professional occupations,123,61,62
S01009899,3. Associate professional and technical occupations,87,42,45
S01009899,4. Administrative and secretarial occupations,59,17,42
S01009899,5. Skilled trades occupations,29,26,3
S01009899,6. Caring leisure and other service occupations,32,10,22
S01009899,7. Sales and customer service occupations,51,27,24
S01009899,8. Process plant and machine operatives,16,16,0
S01009899,9. Elementary occupations,29,17,12
S01009900,All people aged 16 to 74 in employment,600,266,334
S01009900,1. Managers directors and senior officials,51,24,27
S01009900,2. Professional occupations,186,74,112
S01009900,3. Associate professional and technical occupations,146,72,74
S01009900,4. Administrative and secretarial occupations,67,21,46
S01009900,5. Skilled trades occupations,29,24,5
S01009900,6. Caring leisure and other service occupations,36,7,29
S01009900,7. Sales and customer service occupations,44,16,28
S01009900,8. Process plant and machine operatives,15,15,0
S01009900,9. Elementary occupations,26,13,13
S01009901,All people aged 16 to 74 in employment,582,295,287
S01009901,1. Managers directors and senior officials,53,27,26
S01009901,2. Professional occupations,190,78,112
S01009901,3. Associate professional and technical occupations,130,75,55
S01009901,4. Administrative and secretarial occupations,47,23,24
S01009901,5. Skilled trades occupations,38,34,4
S01009901,6. Caring leisure and other service occupations,44,8,36
S01009901,7. Sales and customer service occupations,46,29,17
S01009901,8. Process plant and machine operatives,12,10,2
S01009901,9. Elementary occupations,22,11,11
S01009902,All people aged 16 to 74 in employment,337,181,156
S01009902,1. Managers directors and senior officials,27,13,14
S01009902,2. Professional occupations,67,26,41
S01009902,3. Associate professional and technical occupations,41,23,18
S01009902,4. Administrative and secretarial occupations,43,17,26
S01009902,5. Skilled trades occupations,40,38,2
S01009902,6. Caring leisure and other service occupations,30,8,22
S01009902,7. Sales and customer service occupations,38,17,21
S01009902,8. Process plant and machine operatives,18,17,1
S01009902,9. Elementary occupations,33,22,11
S01009903,All people aged 16 to 74 in employment,418,234,184
S01009903,1. Managers directors and senior officials,38,25,13
S01009903,2. Professional occupations,123,54,69
S01009903,3. Associate professional and technical occupations,83,53,30
S01009903,4. Administrative and secretarial occupations,25,6,19
S01009903,5. Skilled trades occupations,22,20,2
S01009903,6. Caring leisure and other service occupations,17,3,14
S01009903,7. Sales and customer service occupations,47,27,20
S01009903,8. Process plant and machine operatives,15,14,1
S01009903,9. Elementary occupations,48,32,16
S01009904,All people aged 16 to 74 in employment,469,231,238
S01009904,1. Managers directors and senior officials,42,24,18
S01009904,2. Professional occupations,154,68,86
S01009904,3. Associate professional and technical occupations,118,65,53
S01009904,4. Administrative and secretarial occupations,51,15,36
S01009904,5. Skilled trades occupations,13,11,2
S01009904,6. Caring leisure and other service occupations,20,4,16
S01009904,7. Sales and customer service occupations,29,14,15
S01009904,8. Process plant and machine operatives,14,12,2
S01009904,9. Elementary occupations,28,18,10
S01009905,All people aged 16 to 74 in employment,365,222,143
S01009905,1. Managers directors and senior officials,18,12,6
S01009905,2. Professional occupations,87,45,42
S01009905,3. Associate professional and technical occupations,74,42,32
S01009905,4. Administrative and secretarial occupations,35,18,17
S01009905,5. Skilled trades occupations,36,35,1
S01009905,6. Caring leisure and other service occupations,17,7,10
S01009905,7. Sales and customer service occupations,34,21,13
S01009905,8. Process plant and machine operatives,10,8,2
S01009905,9. Elementary occupations,54,34,20
S01009906,All people aged 16 to 74 in employment,370,202,168
S01009906,1. Managers directors and senior officials,26,14,12
S01009906,2. Professional occupations,90,51,39
S01009906,3. Associate professional and technical occupations,67,35,32
S01009906,4. Administrative and secretarial occupations,47,19,28
S01009906,5. Skilled trades occupations,29,27,2
S01009906,6. Caring leisure and other service occupations,18,6,12
S01009906,7. Sales and customer service occupations,35,14,21
S01009906,8. Process plant and machine operatives,15,14,1
S01009906,9. Elementary occupations,43,22,21
S01009907,All people aged 16 to 74 in employment,417,213,204
S01009907,1. Managers directors and senior officials,16,13,3
S01009907,2. Professional occupations,74,37,37
S01009907,3. Associate professional and technical occupations,85,25,60
S01009907,4. Administrative and secretarial occupations,58,23,35
S01009907,5. Skilled trades occupations,34,27,7
S01009907,6. Caring leisure and other service occupations,31,7,24
S01009907,7. Sales and customer service occupations,44,25,19
S01009907,8. Process plant and machine operatives,18,18,0
S01009907,9. Elementary occupations,57,38,19
S01009908,All people aged 16 to 74 in employment,632,340,292
S01009908,1. Managers directors and senior officials,63,35,28
S01009908,2. Professional occupations,203,104,99
S01009908,3. Associate professional and technical occupations,125,67,58
S01009908,4. Administrative and secretarial occupations,52,23,29
S01009908,5. Skilled trades occupations,34,27,7
S01009908,6. Caring leisure and other service occupations,32,10,22
S01009908,7. Sales and customer service occupations,58,24,34
S01009908,8. Process plant and machine operatives,16,16,0
S01009908,9. Elementary occupations,49,34,15
S01009909,All people aged 16 to 74 in employment,539,296,243
S01009909,1. Managers directors and senior officials,48,26,22
S01009909,2. Professional occupations,144,71,73
S01009909,3. Associate professional and technical occupations,110,64,46
S01009909,4. Administrative and secretarial occupations,57,25,32
S01009909,5. Skilled trades occupations,41,32,9
S01009909,6. Caring leisure and other service occupations,32,15,17
S01009909,7. Sales and customer service occupations,53,29,24
S01009909,8. Process plant and machine operatives,18,18,0
S01009909,9. Elementary occupations,36,16,20
S01009910,All people aged 16 to 74 in employment,347,189,158
S01009910,1. Managers directors and senior officials,32,21,11
S01009910,2. Professional occupations,97,41,56
S01009910,3. Associate professional and technical occupations,81,40,41
S01009910,4. Administrative and secretarial occupations,26,13,13
S01009910,5. Skilled trades occupations,8,7,1
S01009910,6. Caring leisure and other service occupations,22,13,9
S01009910,7. Sales and customer service occupations,40,24,16
S01009910,8. Process plant and machine operatives,13,12,1
S01009910,9. Elementary occupations,28,18,10
S01009911,All people aged 16 to 74 in employment,496,245,251
S01009911,1. Managers directors and senior officials,37,24,13
S01009911,2. Professional occupations,194,87,107
S01009911,3. Associate professional and technical occupations,91,54,37
S01009911,4. Administrative and secretarial occupations,53,14,39
S01009911,5. Skilled trades occupations,33,32,1
S01009911,6. Caring leisure and other service occupations,25,6,19
S01009911,7. Sales and customer service occupations,24,7,17
S01009911,8. Process plant and machine operatives,13,10,3
S01009911,9. Elementary occupations,26,11,15
S01009912,All people aged 16 to 74 in employment,420,227,193
S01009912,1. Managers directors and senior officials,71,46,25
S01009912,2. Professional occupations,161,80,81
S01009912,3. Associate professional and technical occupations,63,34,29
S01009912,4. Administrative and secretarial occupations,34,7,27
S01009912,5. Skilled trades occupations,24,19,5
S01009912,6. Caring leisure and other service occupations,17,6,11
S01009912,7. Sales and customer service occupations,28,16,12
S01009912,8. Process plant and machine operatives,10,10,0
S01009912,9. Elementary occupations,12,9,3
S01009913,All people aged 16 to 74 in employment,356,204,152
S01009913,1. Managers directors and senior officials,78,60,18
S01009913,2. Professional occupations,111,50,61
S01009913,3. Associate professional and technical occupations,38,27,11
S01009913,4. Administrative and secretarial occupations,39,14,25
S01009913,5. Skilled trades occupations,14,13,1
S01009913,6. Caring leisure and other service occupations,14,2,12
S01009913,7. Sales and customer service occupations,36,19,17
S01009913,8. Process plant and machine operatives,8,7,1
S01009913,9. Elementary occupations,18,12,6
S01009914,All people aged 16 to 74 in employment,487,268,219
S01009914,1. Managers directors and senior officials,95,69,26
S01009914,2. Professional occupations,168,79,89
S01009914,3. Associate professional and technical occupations,61,36,25
S01009914,4. Administrative and secretarial occupations,39,12,27
S01009914,5. Skilled trades occupations,16,13,3
S01009914,6. Caring leisure and other service occupations,23,9,14
S01009914,7. Sales and customer service occupations,42,20,22
S01009914,8. Process plant and machine operatives,15,13,2
S01009914,9. Elementary occupations,28,17,11
S01009915,All people aged 16 to 74 in employment,475,259,216
S01009915,1. Managers directors and senior officials,63,46,17
S01009915,2. Professional occupations,192,93,99
S01009915,3. Associate professional and technical occupations,75,45,30
S01009915,4. Administrative and secretarial occupations,44,17,27
S01009915,5. Skilled trades occupations,14,14,0
S01009915,6. Caring leisure and other service occupations,19,3,16
S01009915,7. Sales and customer service occupations,35,18,17
S01009915,8. Process plant and machine operatives,10,8,2
S01009915,9. Elementary occupations,23,15,8
S01009916,All people aged 16 to 74 in employment,390,225,165
S01009916,1. Managers directors and senior officials,68,48,20
S01009916,2. Professional occupations,105,49,56
S01009916,3. Associate professional and technical occupations,57,29,28
S01009916,4. Administrative and secretarial occupations,28,8,20
S01009916,5. Skilled trades occupations,34,32,2
S01009916,6. Caring leisure and other service occupations,16,2,14
S01009916,7. Sales and customer service occupations,47,30,17
S01009916,8. Process plant and machine operatives,20,19,1
S01009916,9. Elementary occupations,15,8,7
S01009917,All people aged 16 to 74 in employment,387,208,179
S01009917,1. Managers directors and senior officials,41,27,14
S01009917,2. Professional occupations,159,79,80
S01009917,3. Associate professional and technical occupations,73,40,33
S01009917,4. Administrative and secretarial occupations,39,13,26
S01009917,5. Skilled trades occupations,20,19,1
S01009917,6. Caring leisure and other service occupations,12,2,10
S01009917,7. Sales and customer service occupations,16,8,8
S01009917,8. Process plant and machine operatives,12,10,2
S01009917,9. Elementary occupations,15,10,5
S01009918,All people aged 16 to 74 in employment,354,175,179
S01009918,1. Managers directors and senior officials,28,21,7
S01009918,2. Professional occupations,152,65,87
S01009918,3. Associate professional and technical occupations,54,27,27
S01009918,4. Administrative and secretarial occupations,41,15,26
S01009918,5. Skilled trades occupations,18,17,1
S01009918,6. Caring leisure and other service occupations,21,7,14
S01009918,7. Sales and customer service occupations,22,10,12
S01009918,8. Process plant and machine operatives,7,7,0
S01009918,9. Elementary occupations,11,6,5
S01009919,All people aged 16 to 74 in employment,528,270,258
S01009919,1. Managers directors and senior officials,33,18,15
S01009919,2. Professional occupations,108,46,62
S01009919,3. Associate professional and technical occupations,102,48,54
S01009919,4. Administrative and secretarial occupations,62,22,40
S01009919,5. Skilled trades occupations,41,34,7
S01009919,6. Caring leisure and other service occupations,37,9,28
S01009919,7. Sales and customer service occupations,68,41,27
S01009919,8. Process plant and machine operatives,24,19,5
S01009919,9. Elementary occupations,53,33,20
S01009920,All people aged 16 to 74 in employment,596,291,305
S01009920,1. Managers directors and senior officials,38,17,21
S01009920,2. Professional occupations,217,98,119
S01009920,3. Associate professional and technical occupations,130,71,59
S01009920,4. Administrative and secretarial occupations,67,25,42
S01009920,5. Skilled trades occupations,31,29,2
S01009920,6. Caring leisure and other service occupations,22,4,18
S01009920,7. Sales and customer service occupations,48,21,27
S01009920,8. Process plant and machine operatives,16,15,1
S01009920,9. Elementary occupations,27,11,16
S01009921,All people aged 16 to 74 in employment,458,245,213
S01009921,1. Managers directors and senior officials,34,16,18
S01009921,2. Professional occupations,146,75,71
S01009921,3. Associate professional and technical occupations,97,57,40
S01009921,4. Administrative and secretarial occupations,62,28,34
S01009921,5. Skilled trades occupations,25,22,3
S01009921,6. Caring leisure and other service occupations,28,10,18
S01009921,7. Sales and customer service occupations,38,18,20
S01009921,8. Process plant and machine operatives,4,4,0
S01009921,9. Elementary occupations,24,15,9
S01009922,All people aged 16 to 74 in employment,705,357,348
S01009922,1. Managers directors and senior officials,67,46,21
S01009922,2. Professional occupations,258,123,135
S01009922,3. Associate professional and technical occupations,135,65,70
S01009922,4. Administrative and secretarial occupations,74,27,47
S01009922,5. Skilled trades occupations,31,29,2
S01009922,6. Caring leisure and other service occupations,27,4,23
S01009922,7. Sales and customer service occupations,63,29,34
S01009922,8. Process plant and machine operatives,12,11,1
S01009922,9. Elementary occupations,38,23,15
S01009923,All people aged 16 to 74 in employment,512,283,229
S01009923,1. Managers directors and senior officials,36,23,13
S01009923,2. Professional occupations,118,59,59
S01009923,3. Associate professional and technical occupations,107,63,44
S01009923,4. Administrative and secretarial occupations,68,26,42
S01009923,5. Skilled trades occupations,36,35,1
S01009923,6. Caring leisure and other service occupations,37,8,29
S01009923,7. Sales and customer service occupations,43,18,25
S01009923,8. Process plant and machine operatives,23,20,3
S01009923,9. Elementary occupations,44,31,13
S01009924,All people aged 16 to 74 in employment,619,317,302
S01009924,1. Managers directors and senior officials,55,38,17
S01009924,2. Professional occupations,176,77,99
S01009924,3. Associate professional and technical occupations,108,53,55
S01009924,4. Administrative and secretarial occupations,82,33,49
S01009924,5. Skilled trades occupations,40,35,5
S01009924,6. Caring leisure and other service occupations,40,17,23
S01009924,7. Sales and customer service occupations,77,37,40
S01009924,8. Process plant and machine operatives,15,15,0
S01009924,9. Elementary occupations,26,12,14
S01009925,All people aged 16 to 74 in employment,468,216,252
S01009925,1. Managers directors and senior officials,26,9,17
S01009925,2. Professional occupations,160,68,92
S01009925,3. Associate professional and technical occupations,107,56,51
S01009925,4. Administrative and secretarial occupations,57,21,36
S01009925,5. Skilled trades occupations,22,20,2
S01009925,6. Caring leisure and other service occupations,26,13,13
S01009925,7. Sales and customer service occupations,37,11,26
S01009925,8. Process plant and machine operatives,10,5,5
S01009925,9. Elementary occupations,23,13,10
S01009926,All people aged 16 to 74 in employment,430,229,201
S01009926,1. Managers directors and senior officials,36,23,13
S01009926,2. Professional occupations,129,61,68
S01009926,3. Associate professional and technical occupations,104,60,44
S01009926,4. Administrative and secretarial occupations,43,18,25
S01009926,5. Skilled trades occupations,15,13,2
S01009926,6. Caring leisure and other service occupations,26,9,17
S01009926,7. Sales and customer service occupations,39,18,21
S01009926,8. Process plant and machine operatives,8,8,0
S01009926,9. Elementary occupations,30,19,11
S01009927,All people aged 16 to 74 in employment,263,142,121
S01009927,1. Managers directors and senior officials,29,20,9
S01009927,2. Professional occupations,88,39,49
S01009927,3. Associate professional and technical occupations,38,22,16
S01009927,4. Administrative and secretarial occupations,22,10,12
S01009927,5. Skilled trades occupations,15,14,1
S01009927,6. Caring leisure and other service occupations,17,2,15
S01009927,7. Sales and customer service occupations,22,9,13
S01009927,8. Process plant and machine operatives,15,13,2
S01009927,9. Elementary occupations,17,13,4
S01009928,All people aged 16 to 74 in employment,524,263,261
S01009928,1. Managers directors and senior officials,77,45,32
S01009928,2. Professional occupations,220,102,118
S01009928,3. Associate professional and technical occupations,92,45,47
S01009928,4. Administrative and secretarial occupations,38,13,25
S01009928,5. Skilled trades occupations,26,24,2
S01009928,6. Caring leisure and other service occupations,22,6,16
S01009928,7. Sales and customer service occupations,25,13,12
S01009928,8. Process plant and machine operatives,11,9,2
S01009928,9. Elementary occupations,13,6,7
S01009929,All people aged 16 to 74 in employment,265,131,134
S01009929,1. Managers directors and senior officials,29,17,12
S01009929,2. Professional occupations,101,43,58
S01009929,3. Associate professional and technical occupations,52,29,23
S01009929,4. Administrative and secretarial occupations,25,9,16
S01009929,5. Skilled trades occupations,15,13,2
S01009929,6. Caring leisure and other service occupations,13,3,10
S01009929,7. Sales and customer service occupations,15,7,8
S01009929,8. Process plant and machine operatives,5,5,0
S01009929,9. Elementary occupations,10,5,5
S01009930,All people aged 16 to 74 in employment,559,283,276
S01009930,1. Managers directors and senior officials,45,27,18
S01009930,2. Professional occupations,173,74,99
S01009930,3. Associate professional and technical occupations,106,54,52
S01009930,4. Administrative and secretarial occupations,63,14,49
S01009930,5. Skilled trades occupations,39,34,5
S01009930,6. Caring leisure and other service occupations,40,15,25
S01009930,7. Sales and customer service occupations,44,24,20
S01009930,8. Process plant and machine operatives,16,16,0
S01009930,9. Elementary occupations,33,25,8
S01009931,All people aged 16 to 74 in employment,559,287,272
S01009931,1. Managers directors and senior officials,47,29,18
S01009931,2. Professional occupations,220,100,120
S01009931,3. Associate professional and technical occupations,107,60,47
S01009931,4. Administrative and secretarial occupations,66,23,43
S01009931,5. Skilled trades occupations,31,27,4
S01009931,6. Caring leisure and other service occupations,23,10,13
S01009931,7. Sales and customer service occupations,39,19,20
S01009931,8. Process plant and machine operatives,13,11,2
S01009931,9. Elementary occupations,13,8,5
S01009932,All people aged 16 to 74 in employment,435,220,215
S01009932,1. Managers directors and senior officials,25,11,14
S01009932,2. Professional occupations,147,70,77
S01009932,3. Associate professional and technical occupations,89,42,47
S01009932,4. Administrative and secretarial occupations,41,16,25
S01009932,5. Skilled trades occupations,32,27,5
S01009932,6. Caring leisure and other service occupations,21,9,12
S01009932,7. Sales and customer service occupations,39,14,25
S01009932,8. Process plant and machine operatives,16,15,1
S01009932,9. Elementary occupations,25,16,9
S01009933,All people aged 16 to 74 in employment,396,215,181
S01009933,1. Managers directors and senior officials,23,11,12
S01009933,2. Professional occupations,62,29,33
S01009933,3. Associate professional and technical occupations,78,42,36
S01009933,4. Administrative and secretarial occupations,31,11,20
S01009933,5. Skilled trades occupations,36,34,2
S01009933,6. Caring leisure and other service occupations,35,14,21
S01009933,7. Sales and customer service occupations,32,13,19
S01009933,8. Process plant and machine operatives,28,25,3
S01009933,9. Elementary occupations,71,36,35
S01009934,All people aged 16 to 74 in employment,508,246,262
S01009934,1. Managers directors and senior officials,55,33,22
S01009934,2. Professional occupations,156,72,84
S01009934,3. Associate professional and technical occupations,86,48,38
S01009934,4. Administrative and secretarial occupations,58,12,46
S01009934,5. Skilled trades occupations,33,29,4
S01009934,6. Caring leisure and other service occupations,35,11,24
S01009934,7. Sales and customer service occupations,47,20,27
S01009934,8. Process plant and machine operatives,11,11,0
S01009934,9. Elementary occupations,27,10,17
S01009935,All people aged 16 to 74 in employment,172,95,77
S01009935,1. Managers directors and senior officials,5,2,3
S01009935,2. Professional occupations,23,15,8
S01009935,3. Associate professional and technical occupations,22,12,10
S01009935,4. Administrative and secretarial occupations,22,5,17
S01009935,5. Skilled trades occupations,22,19,3
S01009935,6. Caring leisure and other service occupations,21,7,14
S01009935,7. Sales and customer service occupations,10,5,5
S01009935,8. Process plant and machine operatives,18,15,3
S01009935,9. Elementary occupations,29,15,14
S01009936,All people aged 16 to 74 in employment,299,174,125
S01009936,1. Managers directors and senior officials,24,16,8
S01009936,2. Professional occupations,59,26,33
S01009936,3. Associate professional and technical occupations,57,33,24
S01009936,4. Administrative and secretarial occupations,28,10,18
S01009936,5. Skilled trades occupations,20,14,6
S01009936,6. Caring leisure and other service occupations,23,8,15
S01009936,7. Sales and customer service occupations,34,19,15
S01009936,8. Process plant and machine operatives,17,17,0
S01009936,9. Elementary occupations,37,31,6
S01009937,All people aged 16 to 74 in employment,140,77,63
S01009937,1. Managers directors and senior officials,17,11,6
S01009937,2. Professional occupations,7,3,4
S01009937,3. Associate professional and technical occupations,11,6,5
S01009937,4. Administrative and secretarial occupations,13,6,7
S01009937,5. Skilled trades occupations,9,8,1
S01009937,6. Caring leisure and other service occupations,13,6,7
S01009937,7. Sales and customer service occupations,37,18,19
S01009937,8. Process plant and machine operatives,6,6,0
S01009937,9. Elementary occupations,27,13,14
S01009938,All people aged 16 to 74 in employment,315,171,144
S01009938,1. Managers directors and senior officials,12,6,6
S01009938,2. Professional occupations,50,30,20
S01009938,3. Associate professional and technical occupations,48,26,22
S01009938,4. Administrative and secretarial occupations,32,5,27
S01009938,5. Skilled trades occupations,40,34,6
S01009938,6. Caring leisure and other service occupations,31,4,27
S01009938,7. Sales and customer service occupations,31,11,20
S01009938,8. Process plant and machine operatives,24,23,1
S01009938,9. Elementary occupations,47,32,15
S01009939,All people aged 16 to 74 in employment,207,105,102
S01009939,1. Managers directors and senior officials,8,5,3
S01009939,2. Professional occupations,7,4,3
S01009939,3. Associate professional and technical occupations,7,2,5
S01009939,4. Administrative and secretarial occupations,16,4,12
S01009939,5. Skilled trades occupations,24,23,1
S01009939,6. Caring leisure and other service occupations,30,7,23
S01009939,7. Sales and customer service occupations,23,10,13
S01009939,8. Process plant and machine operatives,10,8,2
S01009939,9. Elementary occupations,82,42,40
S01009940,All people aged 16 to 74 in employment,263,124,139
S01009940,1. Managers directors and senior officials,9,4,5
S01009940,2. Professional occupations,11,4,7
S01009940,3. Associate professional and technical occupations,20,8,12
S01009940,4. Administrative and secretarial occupations,30,8,22
S01009940,5. Skilled trades occupations,33,29,4
S01009940,6. Caring leisure and other service occupations,43,9,34
S01009940,7. Sales and customer service occupations,32,9,23
S01009940,8. Process plant and machine operatives,27,25,2
S01009940,9. Elementary occupations,58,28,30
S01009941,All people aged 16 to 74 in employment,462,245,217
S01009941,1. Managers directors and senior officials,43,33,10
S01009941,2. Professional occupations,56,22,34
S01009941,3. Associate professional and technical occupations,56,31,25
S01009941,4. Administrative and secretarial occupations,70,16,54
S01009941,5. Skilled trades occupations,47,43,4
S01009941,6. Caring leisure and other service occupations,31,8,23
S01009941,7. Sales and customer service occupations,74,30,44
S01009941,8. Process plant and machine operatives,34,32,2
S01009941,9. Elementary occupations,51,30,21
S01009942,All people aged 16 to 74 in employment,368,177,191
S01009942,1. Managers directors and senior officials,16,11,5
S01009942,2. Professional occupations,20,6,14
S01009942,3. Associate professional and technical occupations,28,12,16
S01009942,4. Administrative and secretarial occupations,42,11,31
S01009942,5. Skilled trades occupations,23,19,4
S01009942,6. Caring leisure and other service occupations,44,10,34
S01009942,7. Sales and customer service occupations,40,11,29
S01009942,8. Process plant and machine operatives,44,43,1
S01009942,9. Elementary occupations,111,54,57
S01009943,All people aged 16 to 74 in employment,263,123,140
S01009943,1. Managers directors and senior officials,12,6,6
S01009943,2. Professional occupations,6,1,5
S01009943,3. Associate professional and technical occupations,18,9,9
S01009943,4. Administrative and secretarial occupations,32,9,23
S01009943,5. Skilled trades occupations,20,19,1
S01009943,6. Caring leisure and other service occupations,44,4,40
S01009943,7. Sales and customer service occupations,32,8,24
S01009943,8. Process plant and machine operatives,36,34,2
S01009943,9. Elementary occupations,63,33,30
S01009944,All people aged 16 to 74 in employment,341,168,173
S01009944,1. Managers directors and senior officials,14,8,6
S01009944,2. Professional occupations,47,20,27
S01009944,3. Associate professional and technical occupations,41,21,20
S01009944,4. Administrative and secretarial occupations,43,14,29
S01009944,5. Skilled trades occupations,30,30,0
S01009944,6. Caring leisure and other service occupations,46,9,37
S01009944,7. Sales and customer service occupations,55,23,32
S01009944,8. Process plant and machine operatives,26,24,2
S01009944,9. Elementary occupations,39,19,20
S01009945,All people aged 16 to 74 in employment,380,184,196
S01009945,1. Managers directors and senior officials,22,14,8
S01009945,2. Professional occupations,32,11,21
S01009945,3. Associate professional and technical occupations,58,28,30
S01009945,4. Administrative and secretarial occupations,54,16,38
S01009945,5. Skilled trades occupations,29,28,1
S01009945,6. Caring leisure and other service occupations,59,10,49
S01009945,7. Sales and customer service occupations,45,20,25
S01009945,8. Process plant and machine operatives,30,30,0
S01009945,9. Elementary occupations,51,27,24
S01009946,All people aged 16 to 74 in employment,339,175,164
S01009946,1. Managers directors and senior officials,27,18,9
S01009946,2. Professional occupations,35,10,25
S01009946,3. Associate professional and technical occupations,35,19,16
S01009946,4. Administrative and secretarial occupations,45,18,27
S01009946,5. Skilled trades occupations,31,28,3
S01009946,6. Caring leisure and other service occupations,53,12,41
S01009946,7. Sales and customer service occupations,41,18,23
S01009946,8. Process plant and machine operatives,31,28,3
S01009946,9. Elementary occupations,41,24,17
S01009947,All people aged 16 to 74 in employment,233,116,117
S01009947,1. Managers directors and senior officials,19,12,7
S01009947,2. Professional occupations,36,15,21
S01009947,3. Associate professional and technical occupations,29,11,18
S01009947,4. Administrative and secretarial occupations,19,4,15
S01009947,5. Skilled trades occupations,23,22,1
S01009947,6. Caring leisure and other service occupations,25,3,22
S01009947,7. Sales and customer service occupations,20,4,16
S01009947,8. Process plant and machine operatives,17,14,3
S01009947,9. Elementary occupations,45,31,14
S01009948,All people aged 16 to 74 in employment,273,132,141
S01009948,1. Managers directors and senior officials,11,4,7
S01009948,2. Professional occupations,26,7,19
S01009948,3. Associate professional and technical occupations,33,18,15
S01009948,4. Administrative and secretarial occupations,33,8,25
S01009948,5. Skilled trades occupations,35,32,3
S01009948,6. Caring leisure and other service occupations,32,6,26
S01009948,7. Sales and customer service occupations,47,21,26
S01009948,8. Process plant and machine operatives,20,18,2
S01009948,9. Elementary occupations,36,18,18
S01009949,All people aged 16 to 74 in employment,334,177,157
S01009949,1. Managers directors and senior officials,14,12,2
S01009949,2. Professional occupations,69,38,31
S01009949,3. Associate professional and technical occupations,32,17,15
S01009949,4. Administrative and secretarial occupations,45,12,33
S01009949,5. Skilled trades occupations,42,38,4
S01009949,6. Caring leisure and other service occupations,46,10,36
S01009949,7. Sales and customer service occupations,38,16,22
S01009949,8. Process plant and machine operatives,21,20,1
S01009949,9. Elementary occupations,27,14,13
S01009950,All people aged 16 to 74 in employment,365,197,168
S01009950,1. Managers directors and senior officials,57,36,21
S01009950,2. Professional occupations,142,65,77
S01009950,3. Associate professional and technical occupations,53,35,18
S01009950,4. Administrative and secretarial occupations,29,11,18
S01009950,5. Skilled trades occupations,24,20,4
S01009950,6. Caring leisure and other service occupations,12,4,8
S01009950,7. Sales and customer service occupations,26,12,14
S01009950,8. Process plant and machine operatives,7,6,1
S01009950,9. Elementary occupations,15,8,7
S01009951,All people aged 16 to 74 in employment,370,202,168
S01009951,1. Managers directors and senior officials,66,43,23
S01009951,2. Professional occupations,179,96,83
S01009951,3. Associate professional and technical occupations,31,16,15
S01009951,4. Administrative and secretarial occupations,25,5,20
S01009951,5. Skilled trades occupations,13,11,2
S01009951,6. Caring leisure and other service occupations,11,1,10
S01009951,7. Sales and customer service occupations,25,15,10
S01009951,8. Process plant and machine operatives,4,4,0
S01009951,9. Elementary occupations,16,11,5
S01009952,All people aged 16 to 74 in employment,351,180,171
S01009952,1. Managers directors and senior officials,42,29,13
S01009952,2. Professional occupations,133,60,73
S01009952,3. Associate professional and technical occupations,52,33,19
S01009952,4. Administrative and secretarial occupations,27,7,20
S01009952,5. Skilled trades occupations,15,15,0
S01009952,6. Caring leisure and other service occupations,22,2,20
S01009952,7. Sales and customer service occupations,28,8,20
S01009952,8. Process plant and machine operatives,14,14,0
S01009952,9. Elementary occupations,18,12,6
S01009953,All people aged 16 to 74 in employment,443,211,232
S01009953,1. Managers directors and senior officials,39,30,9
S01009953,2. Professional occupations,139,53,86
S01009953,3. Associate professional and technical occupations,63,29,34
S01009953,4. Administrative and secretarial occupations,50,13,37
S01009953,5. Skilled trades occupations,26,23,3
S01009953,6. Caring leisure and other service occupations,38,5,33
S01009953,7. Sales and customer service occupations,40,22,18
S01009953,8. Process plant and machine operatives,21,20,1
S01009953,9. Elementary occupations,27,16,11
S01009954,All people aged 16 to 74 in employment,292,159,133
S01009954,1. Managers directors and senior officials,41,34,7
S01009954,2. Professional occupations,64,32,32
S01009954,3. Associate professional and technical occupations,34,21,13
S01009954,4. Administrative and secretarial occupations,35,12,23
S01009954,5. Skilled trades occupations,20,17,3
S01009954,6. Caring leisure and other service occupations,16,1,15
S01009954,7. Sales and customer service occupations,51,19,32
S01009954,8. Process plant and machine operatives,17,16,1
S01009954,9. Elementary occupations,14,7,7
S01009955,All people aged 16 to 74 in employment,443,240,203
S01009955,1. Managers directors and senior officials,42,31,11
S01009955,2. Professional occupations,116,53,63
S01009955,3. Associate professional and technical occupations,66,30,36
S01009955,4. Administrative and secretarial occupations,57,27,30
S01009955,5. Skilled trades occupations,33,31,2
S01009955,6. Caring leisure and other service occupations,37,8,29
S01009955,7. Sales and customer service occupations,37,20,17
S01009955,8. Process plant and machine operatives,15,14,1
S01009955,9. Elementary occupations,40,26,14
S01009956,All people aged 16 to 74 in employment,315,155,160
S01009956,1. Managers directors and senior officials,26,18,8
S01009956,2. Professional occupations,60,23,37
S01009956,3. Associate professional and technical occupations,42,21,21
S01009956,4. Administrative and secretarial occupations,44,10,34
S01009956,5. Skilled trades occupations,25,25,0
S01009956,6. Caring leisure and other service occupations,26,5,21
S01009956,7. Sales and customer service occupations,38,13,25
S01009956,8. Process plant and machine operatives,21,19,2
S01009956,9. Elementary occupations,33,21,12
S01009957,All people aged 16 to 74 in employment,387,199,188
S01009957,1. Managers directors and senior officials,46,33,13
S01009957,2. Professional occupations,160,67,93
S01009957,3. Associate professional and technical occupations,63,34,29
S01009957,4. Administrative and secretarial occupations,39,12,27
S01009957,5. Skilled trades occupations,25,24,1
S01009957,6. Caring leisure and other service occupations,15,4,11
S01009957,7. Sales and customer service occupations,14,6,8
S01009957,8. Process plant and machine operatives,14,13,1
S01009957,9. Elementary occupations,11,6,5
S01009958,All people aged 16 to 74 in employment,521,257,264
S01009958,1. Managers directors and senior officials,52,31,21
S01009958,2. Professional occupations,178,82,96
S01009958,3. Associate professional and technical occupations,87,48,39
S01009958,4. Administrative and secretarial occupations,63,14,49
S01009958,5. Skilled trades occupations,31,26,5
S01009958,6. Caring leisure and other service occupations,31,8,23
S01009958,7. Sales and customer service occupations,37,19,18
S01009958,8. Process plant and machine operatives,21,18,3
S01009958,9. Elementary occupations,21,11,10
S01009959,All people aged 16 to 74 in employment,288,146,142
S01009959,1. Managers directors and senior officials,40,25,15
S01009959,2. Professional occupations,100,46,54
S01009959,3. Associate professional and technical occupations,37,17,20
S01009959,4. Administrative and secretarial occupations,32,6,26
S01009959,5. Skilled trades occupations,26,23,3
S01009959,6. Caring leisure and other service occupations,11,3,8
S01009959,7. Sales and customer service occupations,19,10,9
S01009959,8. Process plant and machine operatives,9,8,1
S01009959,9. Elementary occupations,14,8,6
S01009960,All people aged 16 to 74 in employment,400,205,195
S01009960,1. Managers directors and senior officials,50,30,20
S01009960,2. Professional occupations,142,66,76
S01009960,3. Associate professional and technical occupations,72,41,31
S01009960,4. Administrative and secretarial occupations,43,13,30
S01009960,5. Skilled trades occupations,24,23,1
S01009960,6. Caring leisure and other service occupations,19,4,15
S01009960,7. Sales and customer service occupations,29,12,17
S01009960,8. Process plant and machine operatives,6,6,0
S01009960,9. Elementary occupations,15,10,5
S01009961,All people aged 16 to 74 in employment,307,156,151
S01009961,1. Managers directors and senior officials,21,15,6
S01009961,2. Professional occupations,55,25,30
S01009961,3. Associate professional and technical occupations,46,27,19
S01009961,4. Administrative and secretarial occupations,47,12,35
S01009961,5. Skilled trades occupations,34,31,3
S01009961,6. Caring leisure and other service occupations,28,2,26
S01009961,7. Sales and customer service occupations,28,13,15
S01009961,8. Process plant and machine operatives,17,14,3
S01009961,9. Elementary occupations,31,17,14
S01009962,All people aged 16 to 74 in employment,573,299,274
S01009962,1. Managers directors and senior officials,33,17,16
S01009962,2. Professional occupations,128,60,68
S01009962,3. Associate professional and technical occupations,100,62,38
S01009962,4. Administrative and secretarial occupations,85,23,62
S01009962,5. Skilled trades occupations,58,54,4
S01009962,6. Caring leisure and other service occupations,41,9,32
S01009962,7. Sales and customer service occupations,60,25,35
S01009962,8. Process plant and machine operatives,30,25,5
S01009962,9. Elementary occupations,38,24,14
S01009963,All people aged 16 to 74 in employment,431,229,202
S01009963,1. Managers directors and senior officials,34,28,6
S01009963,2. Professional occupations,88,38,50
S01009963,3. Associate professional and technical occupations,56,26,30
S01009963,4. Administrative and secretarial occupations,65,20,45
S01009963,5. Skilled trades occupations,49,47,2
S01009963,6. Caring leisure and other service occupations,44,16,28
S01009963,7. Sales and customer service occupations,39,12,27
S01009963,8. Process plant and machine operatives,22,21,1
S01009963,9. Elementary occupations,34,21,13
S01009964,All people aged 16 to 74 in employment,488,258,230
S01009964,1. Managers directors and senior officials,50,28,22
S01009964,2. Professional occupations,144,69,75
S01009964,3. Associate professional and technical occupations,83,50,33
S01009964,4. Administrative and secretarial occupations,48,11,37
S01009964,5. Skilled trades occupations,28,27,1
S01009964,6. Caring leisure and other service occupations,32,8,24
S01009964,7. Sales and customer service occupations,49,24,25
S01009964,8. Process plant and machine operatives,20,20,0
S01009964,9. Elementary occupations,34,21,13
S01009965,All people aged 16 to 74 in employment,374,202,172
S01009965,1. Managers directors and senior officials,16,10,6
S01009965,2. Professional occupations,74,32,42
S01009965,3. Associate professional and technical occupations,48,24,24
S01009965,4. Administrative and secretarial occupations,46,9,37
S01009965,5. Skilled trades occupations,59,54,5
S01009965,6. Caring leisure and other service occupations,28,5,23
S01009965,7. Sales and customer service occupations,44,21,23
S01009965,8. Process plant and machine operatives,29,29,0
S01009965,9. Elementary occupations,30,18,12
S01009966,All people aged 16 to 74 in employment,404,202,202
S01009966,1. Managers directors and senior officials,30,23,7
S01009966,2. Professional occupations,58,21,37
S01009966,3. Associate professional and technical occupations,45,25,20
S01009966,4. Administrative and secretarial occupations,72,16,56
S01009966,5. Skilled trades occupations,59,56,3
S01009966,6. Caring leisure and other service occupations,30,4,26
S01009966,7. Sales and customer service occupations,48,16,32
S01009966,8. Process plant and machine operatives,21,21,0
S01009966,9. Elementary occupations,41,20,21
S01009967,All people aged 16 to 74 in employment,431,210,221
S01009967,1. Managers directors and senior officials,52,31,21
S01009967,2. Professional occupations,146,61,85
S01009967,3. Associate professional and technical occupations,78,42,36
S01009967,4. Administrative and secretarial occupations,53,15,38
S01009967,5. Skilled trades occupations,26,23,3
S01009967,6. Caring leisure and other service occupations,17,6,11
S01009967,7. Sales and customer service occupations,29,11,18
S01009967,8. Process plant and machine operatives,14,11,3
S01009967,9. Elementary occupations,16,10,6
S01009968,All people aged 16 to 74 in employment,324,171,153
S01009968,1. Managers directors and senior officials,18,10,8
S01009968,2. Professional occupations,45,15,30
S01009968,3. Associate professional and technical occupations,48,30,18
S01009968,4. Administrative and secretarial occupations,50,7,43
S01009968,5. Skilled trades occupations,40,40,0
S01009968,6. Caring leisure and other service occupations,36,9,27
S01009968,7. Sales and customer service occupations,33,14,19
S01009968,8. Process plant and machine operatives,31,30,1
S01009968,9. Elementary occupations,23,16,7
S01009969,All people aged 16 to 74 in employment,381,200,181
S01009969,1. Managers directors and senior officials,57,36,21
S01009969,2. Professional occupations,98,48,50
S01009969,3. Associate professional and technical occupations,63,38,25
S01009969,4. Administrative and secretarial occupations,52,12,40
S01009969,5. Skilled trades occupations,30,30,0
S01009969,6. Caring leisure and other service occupations,26,8,18
S01009969,7. Sales and customer service occupations,28,9,19
S01009969,8. Process plant and machine operatives,10,9,1
S01009969,9. Elementary occupations,17,10,7
S01009970,All people aged 16 to 74 in employment,296,133,163
S01009970,1. Managers directors and senior officials,13,5,8
S01009970,2. Professional occupations,14,3,11
S01009970,3. Associate professional and technical occupations,20,9,11
S01009970,4. Administrative and secretarial occupations,47,17,30
S01009970,5. Skilled trades occupations,26,25,1
S01009970,6. Caring leisure and other service occupations,44,9,35
S01009970,7. Sales and customer service occupations,46,14,32
S01009970,8. Process plant and machine operatives,30,27,3
S01009970,9. Elementary occupations,56,24,32
S01009971,All people aged 16 to 74 in employment,440,216,224
S01009971,1. Managers directors and senior officials,19,7,12
S01009971,2. Professional occupations,41,15,26
S01009971,3. Associate professional and technical occupations,48,19,29
S01009971,4. Administrative and secretarial occupations,44,11,33
S01009971,5. Skilled trades occupations,56,48,8
S01009971,6. Caring leisure and other service occupations,58,10,48
S01009971,7. Sales and customer service occupations,38,17,21
S01009971,8. Process plant and machine operatives,48,46,2
S01009971,9. Elementary occupations,88,43,45
S01009972,All people aged 16 to 74 in employment,368,187,181
S01009972,1. Managers directors and senior officials,44,28,16
S01009972,2. Professional occupations,52,21,31
S01009972,3. Associate professional and technical occupations,53,23,30
S01009972,4. Administrative and secretarial occupations,50,12,38
S01009972,5. Skilled trades occupations,43,41,2
S01009972,6. Caring leisure and other service occupations,40,9,31
S01009972,7. Sales and customer service occupations,25,10,15
S01009972,8. Process plant and machine operatives,29,29,0
S01009972,9. Elementary occupations,32,14,18
S01009973,All people aged 16 to 74 in employment,359,163,196
S01009973,1. Managers directors and senior officials,29,14,15
S01009973,2. Professional occupations,27,13,14
S01009973,3. Associate professional and technical occupations,36,11,25
S01009973,4. Administrative and secretarial occupations,48,12,36
S01009973,5. Skilled trades occupations,49,45,4
S01009973,6. Caring leisure and other service occupations,53,5,48
S01009973,7. Sales and customer service occupations,40,12,28
S01009973,8. Process plant and machine operatives,32,28,4
S01009973,9. Elementary occupations,45,23,22
S01009974,All people aged 16 to 74 in employment,193,76,117
S01009974,1. Managers directors and senior officials,5,2,3
S01009974,2. Professional occupations,5,1,4
S01009974,3. Associate professional and technical occupations,16,5,11
S01009974,4. Administrative and secretarial occupations,20,2,18
S01009974,5. Skilled trades occupations,20,19,1
S01009974,6. Caring leisure and other service occupations,40,7,33
S01009974,7. Sales and customer service occupations,29,11,18
S01009974,8. Process plant and machine operatives,16,13,3
S01009974,9. Elementary occupations,42,16,26
S01009975,All people aged 16 to 74 in employment,210,94,116
S01009975,1. Managers directors and senior officials,3,0,3
S01009975,2. Professional occupations,9,5,4
S01009975,3. Associate professional and technical occupations,15,5,10
S01009975,4. Administrative and secretarial occupations,19,5,14
S01009975,5. Skilled trades occupations,25,23,2
S01009975,6. Caring leisure and other service occupations,47,11,36
S01009975,7. Sales and customer service occupations,27,9,18
S01009975,8. Process plant and machine operatives,14,11,3
S01009975,9. Elementary occupations,51,25,26
S01009976,All people aged 16 to 74 in employment,183,82,101
S01009976,1. Managers directors and senior officials,4,2,2
S01009976,2. Professional occupations,1,0,1
S01009976,3. Associate professional and technical occupations,18,7,11
S01009976,4. Administrative and secretarial occupations,21,7,14
S01009976,5. Skilled trades occupations,31,26,5
S01009976,6. Caring leisure and other service occupations,34,9,25
S01009976,7. Sales and customer service occupations,24,4,20
S01009976,8. Process plant and machine operatives,19,17,2
S01009976,9. Elementary occupations,31,10,21
S01009977,All people aged 16 to 74 in employment,247,130,117
S01009977,1. Managers directors and senior officials,13,6,7
S01009977,2. Professional occupations,15,9,6
S01009977,3. Associate professional and technical occupations,22,6,16
S01009977,4. Administrative and secretarial occupations,25,7,18
S01009977,5. Skilled trades occupations,25,22,3
S01009977,6. Caring leisure and other service occupations,37,11,26
S01009977,7. Sales and customer service occupations,22,9,13
S01009977,8. Process plant and machine operatives,29,26,3
S01009977,9. Elementary occupations,59,34,25
S01009978,All people aged 16 to 74 in employment,362,160,202
S01009978,1. Managers directors and senior officials,17,8,9
S01009978,2. Professional occupations,20,4,16
S01009978,3. Associate professional and technical occupations,29,11,18
S01009978,4. Administrative and secretarial occupations,31,10,21
S01009978,5. Skilled trades occupations,45,41,4
S01009978,6. Caring leisure and other service occupations,50,6,44
S01009978,7. Sales and customer service occupations,57,12,45
S01009978,8. Process plant and machine operatives,35,32,3
S01009978,9. Elementary occupations,78,36,42
S01009979,All people aged 16 to 74 in employment,166,77,89
S01009979,1. Managers directors and senior officials,7,2,5
S01009979,2. Professional occupations,10,5,5
S01009979,3. Associate professional and technical occupations,10,2,8
S01009979,4. Administrative and secretarial occupations,16,2,14
S01009979,5. Skilled trades occupations,17,14,3
S01009979,6. Caring leisure and other service occupations,29,7,22
S01009979,7. Sales and customer service occupations,20,7,13
S01009979,8. Process plant and machine operatives,16,15,1
S01009979,9. Elementary occupations,41,23,18
S01009980,All people aged 16 to 74 in employment,172,80,92
S01009980,1. Managers directors and senior officials,2,2,0
S01009980,2. Professional occupations,4,2,2
S01009980,3. Associate professional and technical occupations,9,6,3
S01009980,4. Administrative and secretarial occupations,24,6,18
S01009980,5. Skilled trades occupations,18,15,3
S01009980,6. Caring leisure and other service occupations,27,6,21
S01009980,7. Sales and customer service occupations,26,9,17
S01009980,8. Process plant and machine operatives,16,14,2
S01009980,9. Elementary occupations,46,20,26
S01009981,All people aged 16 to 74 in employment,233,101,132
S01009981,1. Managers directors and senior officials,13,9,4
S01009981,2. Professional occupations,16,8,8
S01009981,3. Associate professional and technical occupations,21,11,10
S01009981,4. Administrative and secretarial occupations,20,3,17
S01009981,5. Skilled trades occupations,16,15,1
S01009981,6. Caring leisure and other service occupations,42,8,34
S01009981,7. Sales and customer service occupations,34,8,26
S01009981,8. Process plant and machine operatives,21,19,2
S01009981,9. Elementary occupations,50,20,30
S01009982,All people aged 16 to 74 in employment,429,200,229
S01009982,1. Managers directors and senior officials,23,14,9
S01009982,2. Professional occupations,41,14,27
S01009982,3. Associate professional and technical occupations,42,24,18
S01009982,4. Administrative and secretarial occupations,56,11,45
S01009982,5. Skilled trades occupations,58,52,6
S01009982,6. Caring leisure and other service occupations,56,8,48
S01009982,7. Sales and customer service occupations,43,6,37
S01009982,8. Process plant and machine operatives,25,24,1
S01009982,9. Elementary occupations,85,47,38
S01009983,All people aged 16 to 74 in employment,162,61,101
S01009983,1. Managers directors and senior officials,7,5,2
S01009983,2. Professional occupations,11,6,5
S01009983,3. Associate professional and technical occupations,10,4,6
S01009983,4. Administrative and secretarial occupations,11,2,9
S01009983,5. Skilled trades occupations,7,6,1
S01009983,6. Caring leisure and other service occupations,33,3,30
S01009983,7. Sales and customer service occupations,22,8,14
S01009983,8. Process plant and machine operatives,16,11,5
S01009983,9. Elementary occupations,45,16,29
S01009984,All people aged 16 to 74 in employment,333,162,171
S01009984,1. Managers directors and senior officials,10,4,6
S01009984,2. Professional occupations,15,7,8
S01009984,3. Associate professional and technical occupations,38,16,22
S01009984,4. Administrative and secretarial occupations,29,9,20
S01009984,5. Skilled trades occupations,43,39,4
S01009984,6. Caring leisure and other service occupations,51,7,44
S01009984,7. Sales and customer service occupations,52,17,35
S01009984,8. Process plant and machine operatives,40,39,1
S01009984,9. Elementary occupations,55,24,31
S01009985,All people aged 16 to 74 in employment,200,98,102
S01009985,1. Managers directors and senior officials,7,2,5
S01009985,2. Professional occupations,4,0,4
S01009985,3. Associate professional and technical occupations,10,4,6
S01009985,4. Administrative and secretarial occupations,17,6,11
S01009985,5. Skilled trades occupations,35,30,5
S01009985,6. Caring leisure and other service occupations,43,10,33
S01009985,7. Sales and customer service occupations,26,5,21
S01009985,8. Process plant and machine operatives,19,16,3
S01009985,9. Elementary occupations,39,25,14
S01009986,All people aged 16 to 74 in employment,152,65,87
S01009986,1. Managers directors and senior officials,4,2,2
S01009986,2. Professional occupations,11,5,6
S01009986,3. Associate professional and technical occupations,11,9,2
S01009986,4. Administrative and secretarial occupations,25,3,22
S01009986,5. Skilled trades occupations,13,12,1
S01009986,6. Caring leisure and other service occupations,22,4,18
S01009986,7. Sales and customer service occupations,21,8,13
S01009986,8. Process plant and machine operatives,12,11,1
S01009986,9. Elementary occupations,33,11,22
S01009987,All people aged 16 to 74 in employment,311,140,171
S01009987,1. Managers directors and senior officials,9,4,5
S01009987,2. Professional occupations,21,7,14
S01009987,3. Associate professional and technical occupations,23,13,10
S01009987,4. Administrative and secretarial occupations,45,8,37
S01009987,5. Skilled trades occupations,42,35,7
S01009987,6. Caring leisure and other service occupations,58,16,42
S01009987,7. Sales and customer service occupations,31,6,25
S01009987,8. Process plant and machine operatives,32,27,5
S01009987,9. Elementary occupations,50,24,26
S01009988,All people aged 16 to 74 in employment,149,63,86
S01009988,1. Managers directors and senior officials,1,0,1
S01009988,2. Professional occupations,10,5,5
S01009988,3. Associate professional and technical occupations,11,5,6
S01009988,4. Administrative and secretarial occupations,25,3,22
S01009988,5. Skilled trades occupations,13,12,1
S01009988,6. Caring leisure and other service occupations,20,2,18
S01009988,7. Sales and customer service occupations,22,6,16
S01009988,8. Process plant and machine operatives,12,12,0
S01009988,9. Elementary occupations,35,18,17
S01009989,All people aged 16 to 74 in employment,383,187,196
S01009989,1. Managers directors and senior officials,22,12,10
S01009989,2. Professional occupations,27,12,15
S01009989,3. Associate professional and technical occupations,45,27,18
S01009989,4. Administrative and secretarial occupations,59,12,47
S01009989,5. Skilled trades occupations,43,43,0
S01009989,6. Caring leisure and other service occupations,56,9,47
S01009989,7. Sales and customer service occupations,45,15,30
S01009989,8. Process plant and machine operatives,32,30,2
S01009989,9. Elementary occupations,54,27,27
S01009990,All people aged 16 to 74 in employment,364,164,200
S01009990,1. Managers directors and senior officials,13,5,8
S01009990,2. Professional occupations,30,11,19
S01009990,3. Associate professional and technical occupations,45,21,24
S01009990,4. Administrative and secretarial occupations,61,11,50
S01009990,5. Skilled trades occupations,47,42,5
S01009990,6. Caring leisure and other service occupations,49,7,42
S01009990,7. Sales and customer service occupations,50,20,30
S01009990,8. Process plant and machine operatives,30,28,2
S01009990,9. Elementary occupations,39,19,20
S01009991,All people aged 16 to 74 in employment,413,187,226
S01009991,1. Managers directors and senior officials,22,11,11
S01009991,2. Professional occupations,46,12,34
S01009991,3. Associate professional and technical occupations,50,23,27
S01009991,4. Administrative and secretarial occupations,55,14,41
S01009991,5. Skilled trades occupations,50,46,4
S01009991,6. Caring leisure and other service occupations,65,9,56
S01009991,7. Sales and customer service occupations,55,24,31
S01009991,8. Process plant and machine operatives,28,26,2
S01009991,9. Elementary occupations,42,22,20
S01009992,All people aged 16 to 74 in employment,217,90,127
S01009992,1. Managers directors and senior officials,6,4,2
S01009992,2. Professional occupations,14,4,10
S01009992,3. Associate professional and technical occupations,16,8,8
S01009992,4. Administrative and secretarial occupations,29,7,22
S01009992,5. Skilled trades occupations,23,20,3
S01009992,6. Caring leisure and other service occupations,51,8,43
S01009992,7. Sales and customer service occupations,31,11,20
S01009992,8. Process plant and machine operatives,16,15,1
S01009992,9. Elementary occupations,31,13,18
S01009993,All people aged 16 to 74 in employment,458,227,231
S01009993,1. Managers directors and senior officials,19,11,8
S01009993,2. Professional occupations,55,23,32
S01009993,3. Associate professional and technical occupations,60,33,27
S01009993,4. Administrative and secretarial occupations,73,16,57
S01009993,5. Skilled trades occupations,65,56,9
S01009993,6. Caring leisure and other service occupations,40,3,37
S01009993,7. Sales and customer service occupations,44,7,37
S01009993,8. Process plant and machine operatives,44,42,2
S01009993,9. Elementary occupations,58,36,22
S01009994,All people aged 16 to 74 in employment,356,173,183
S01009994,1. Managers directors and senior officials,21,13,8
S01009994,2. Professional occupations,37,12,25
S01009994,3. Associate professional and technical occupations,45,24,21
S01009994,4. Administrative and secretarial occupations,58,11,47
S01009994,5. Skilled trades occupations,43,39,4
S01009994,6. Caring leisure and other service occupations,42,12,30
S01009994,7. Sales and customer service occupations,34,8,26
S01009994,8. Process plant and machine operatives,28,27,1
S01009994,9. Elementary occupations,48,27,21
S01009995,All people aged 16 to 74 in employment,366,169,197
S01009995,1. Managers directors and senior officials,22,13,9
S01009995,2. Professional occupations,34,11,23
S01009995,3. Associate professional and technical occupations,39,19,20
S01009995,4. Administrative and secretarial occupations,74,14,60
S01009995,5. Skilled trades occupations,39,33,6
S01009995,6. Caring leisure and other service occupations,38,6,32
S01009995,7. Sales and customer service occupations,43,15,28
S01009995,8. Process plant and machine operatives,30,29,1
S01009995,9. Elementary occupations,47,29,18
S01009996,All people aged 16 to 74 in employment,355,160,195
S01009996,1. Managers directors and senior officials,19,12,7
S01009996,2. Professional occupations,34,9,25
S01009996,3. Associate professional and technical occupations,41,19,22
S01009996,4. Administrative and secretarial occupations,51,14,37
S01009996,5. Skilled trades occupations,49,44,5
S01009996,6. Caring leisure and other service occupations,41,9,32
S01009996,7. Sales and customer service occupations,53,9,44
S01009996,8. Process plant and machine operatives,28,27,1
S01009996,9. Elementary occupations,39,17,22
S01009997,All people aged 16 to 74 in employment,309,160,149
S01009997,1. Managers directors and senior officials,20,15,5
S01009997,2. Professional occupations,37,16,21
S01009997,3. Associate professional and technical occupations,40,23,17
S01009997,4. Administrative and secretarial occupations,52,17,35
S01009997,5. Skilled trades occupations,41,39,2
S01009997,6. Caring leisure and other service occupations,38,6,32
S01009997,7. Sales and customer service occupations,41,21,20
S01009997,8. Process plant and machine operatives,13,13,0
S01009997,9. Elementary occupations,27,10,17
S01009998,All people aged 16 to 74 in employment,266,141,125
S01009998,1. Managers directors and senior officials,38,24,14
S01009998,2. Professional occupations,43,24,19
S01009998,3. Associate professional and technical occupations,44,23,21
S01009998,4. Administrative and secretarial occupations,34,10,24
S01009998,5. Skilled trades occupations,36,31,5
S01009998,6. Caring leisure and other service occupations,22,4,18
S01009998,7. Sales and customer service occupations,23,9,14
S01009998,8. Process plant and machine operatives,12,11,1
S01009998,9. Elementary occupations,14,5,9
S01009999,All people aged 16 to 74 in employment,337,183,154
S01009999,1. Managers directors and senior officials,26,19,7
S01009999,2. Professional occupations,54,24,30
S01009999,3. Associate professional and technical occupations,40,19,21
S01009999,4. Administrative and secretarial occupations,54,15,39
S01009999,5. Skilled trades occupations,56,51,5
S01009999,6. Caring leisure and other service occupations,30,7,23
S01009999,7. Sales and customer service occupations,31,14,17
S01009999,8. Process plant and machine operatives,19,16,3
S01009999,9. Elementary occupations,27,18,9
S01010000,All people aged 16 to 74 in employment,325,163,162
S01010000,1. Managers directors and senior officials,18,10,8
S01010000,2. Professional occupations,44,21,23
S01010000,3. Associate professional and technical occupations,42,24,18
S01010000,4. Administrative and secretarial occupations,43,14,29
S01010000,5. Skilled trades occupations,37,35,2
S01010000,6. Caring leisure and other service occupations,48,7,41
S01010000,7. Sales and customer service occupations,34,11,23
S01010000,8. Process plant and machine operatives,21,21,0
S01010000,9. Elementary occupations,38,20,18
S01010001,All people aged 16 to 74 in employment,370,183,187
S01010001,1. Managers directors and senior officials,18,11,7
S01010001,2. Professional occupations,62,20,42
S01010001,3. Associate professional and technical occupations,47,27,20
S01010001,4. Administrative and secretarial occupations,57,11,46
S01010001,5. Skilled trades occupations,50,46,4
S01010001,6. Caring leisure and other service occupations,34,6,28
S01010001,7. Sales and customer service occupations,33,10,23
S01010001,8. Process plant and machine operatives,31,29,2
S01010001,9. Elementary occupations,38,23,15
S01010002,All people aged 16 to 74 in employment,399,187,212
S01010002,1. Managers directors and senior officials,20,11,9
S01010002,2. Professional occupations,47,12,35
S01010002,3. Associate professional and technical occupations,61,30,31
S01010002,4. Administrative and secretarial occupations,64,16,48
S01010002,5. Skilled trades occupations,39,36,3
S01010002,6. Caring leisure and other service occupations,36,6,30
S01010002,7. Sales and customer service occupations,57,25,32
S01010002,8. Process plant and machine operatives,25,24,1
S01010002,9. Elementary occupations,50,27,23
S01010003,All people aged 16 to 74 in employment,369,183,186
S01010003,1. Managers directors and senior officials,25,11,14
S01010003,2. Professional occupations,56,25,31
S01010003,3. Associate professional and technical occupations,41,21,20
S01010003,4. Administrative and secretarial occupations,58,16,42
S01010003,5. Skilled trades occupations,44,40,4
S01010003,6. Caring leisure and other service occupations,38,10,28
S01010003,7. Sales and customer service occupations,44,15,29
S01010003,8. Process plant and machine operatives,22,21,1
S01010003,9. Elementary occupations,41,24,17
S01010004,All people aged 16 to 74 in employment,351,172,179
S01010004,1. Managers directors and senior officials,32,19,13
S01010004,2. Professional occupations,102,34,68
S01010004,3. Associate professional and technical occupations,47,28,19
S01010004,4. Administrative and secretarial occupations,44,13,31
S01010004,5. Skilled trades occupations,32,31,1
S01010004,6. Caring leisure and other service occupations,22,5,17
S01010004,7. Sales and customer service occupations,30,12,18
S01010004,8. Process plant and machine operatives,19,17,2
S01010004,9. Elementary occupations,23,13,10
S01010005,All people aged 16 to 74 in employment,417,200,217
S01010005,1. Managers directors and senior officials,26,14,12
S01010005,2. Professional occupations,66,27,39
S01010005,3. Associate professional and technical occupations,75,25,50
S01010005,4. Administrative and secretarial occupations,64,21,43
S01010005,5. Skilled trades occupations,44,42,2
S01010005,6. Caring leisure and other service occupations,39,6,33
S01010005,7. Sales and customer service occupations,48,23,25
S01010005,8. Process plant and machine operatives,16,15,1
S01010005,9. Elementary occupations,39,27,12
S01010006,All people aged 16 to 74 in employment,515,245,270
S01010006,1. Managers directors and senior officials,27,11,16
S01010006,2. Professional occupations,122,51,71
S01010006,3. Associate professional and technical occupations,113,57,56
S01010006,4. Administrative and secretarial occupations,79,23,56
S01010006,5. Skilled trades occupations,40,38,2
S01010006,6. Caring leisure and other service occupations,34,13,21
S01010006,7. Sales and customer service occupations,43,13,30
S01010006,8. Process plant and machine operatives,17,16,1
S01010006,9. Elementary occupations,40,23,17
S01010007,All people aged 16 to 74 in employment,529,290,239
S01010007,1. Managers directors and senior officials,48,35,13
S01010007,2. Professional occupations,143,63,80
S01010007,3. Associate professional and technical occupations,86,49,37
S01010007,4. Administrative and secretarial occupations,71,23,48
S01010007,5. Skilled trades occupations,36,35,1
S01010007,6. Caring leisure and other service occupations,29,6,23
S01010007,7. Sales and customer service occupations,50,27,23
S01010007,8. Process plant and machine operatives,27,25,2
S01010007,9. Elementary occupations,39,27,12
S01010008,All people aged 16 to 74 in employment,385,184,201
S01010008,1. Managers directors and senior officials,30,14,16
S01010008,2. Professional occupations,111,45,66
S01010008,3. Associate professional and technical occupations,68,33,35
S01010008,4. Administrative and secretarial occupations,46,15,31
S01010008,5. Skilled trades occupations,27,26,1
S01010008,6. Caring leisure and other service occupations,34,8,26
S01010008,7. Sales and customer service occupations,31,15,16
S01010008,8. Process plant and machine operatives,18,18,0
S01010008,9. Elementary occupations,20,10,10
S01010009,All people aged 16 to 74 in employment,385,216,169
S01010009,1. Managers directors and senior officials,30,22,8
S01010009,2. Professional occupations,69,36,33
S01010009,3. Associate professional and technical occupations,76,37,39
S01010009,4. Administrative and secretarial occupations,47,19,28
S01010009,5. Skilled trades occupations,35,33,2
S01010009,6. Caring leisure and other service occupations,26,8,18
S01010009,7. Sales and customer service occupations,43,13,30
S01010009,8. Process plant and machine operatives,19,18,1
S01010009,9. Elementary occupations,40,30,10
S01010010,All people aged 16 to 74 in employment,539,272,267
S01010010,1. Managers directors and senior officials,51,37,14
S01010010,2. Professional occupations,162,77,85
S01010010,3. Associate professional and technical occupations,86,40,46
S01010010,4. Administrative and secretarial occupations,59,11,48
S01010010,5. Skilled trades occupations,35,34,1
S01010010,6. Caring leisure and other service occupations,37,6,31
S01010010,7. Sales and customer service occupations,43,16,27
S01010010,8. Process plant and machine operatives,29,28,1
S01010010,9. Elementary occupations,37,23,14
S01010011,All people aged 16 to 74 in employment,373,183,190
S01010011,1. Managers directors and senior officials,33,17,16
S01010011,2. Professional occupations,105,40,65
S01010011,3. Associate professional and technical occupations,77,39,38
S01010011,4. Administrative and secretarial occupations,41,15,26
S01010011,5. Skilled trades occupations,24,21,3
S01010011,6. Caring leisure and other service occupations,23,8,15
S01010011,7. Sales and customer service occupations,25,12,13
S01010011,8. Process plant and machine operatives,11,9,2
S01010011,9. Elementary occupations,34,22,12
S01010012,All people aged 16 to 74 in employment,402,185,217
S01010012,1. Managers directors and senior officials,28,17,11
S01010012,2. Professional occupations,62,25,37
S01010012,3. Associate professional and technical occupations,45,18,27
S01010012,4. Administrative and secretarial occupations,56,8,48
S01010012,5. Skilled trades occupations,49,46,3
S01010012,6. Caring leisure and other service occupations,44,4,40
S01010012,7. Sales and customer service occupations,50,20,30
S01010012,8. Process plant and machine operatives,26,25,1
S01010012,9. Elementary occupations,42,22,20
S01010013,All people aged 16 to 74 in employment,468,225,243
S01010013,1. Managers directors and senior officials,34,17,17
S01010013,2. Professional occupations,115,51,64
S01010013,3. Associate professional and technical occupations,89,46,43
S01010013,4. Administrative and secretarial occupations,60,13,47
S01010013,5. Skilled trades occupations,43,43,0
S01010013,6. Caring leisure and other service occupations,30,3,27
S01010013,7. Sales and customer service occupations,44,11,33
S01010013,8. Process plant and machine operatives,18,17,1
S01010013,9. Elementary occupations,35,24,11
S01010014,All people aged 16 to 74 in employment,567,307,260
S01010014,1. Managers directors and senior officials,53,26,27
S01010014,2. Professional occupations,168,89,79
S01010014,3. Associate professional and technical occupations,101,45,56
S01010014,4. Administrative and secretarial occupations,62,23,39
S01010014,5. Skilled trades occupations,43,40,3
S01010014,6. Caring leisure and other service occupations,28,12,16
S01010014,7. Sales and customer service occupations,47,22,25
S01010014,8. Process plant and machine operatives,20,18,2
S01010014,9. Elementary occupations,45,32,13
S01010015,All people aged 16 to 74 in employment,503,256,247
S01010015,1. Managers directors and senior officials,42,22,20
S01010015,2. Professional occupations,156,69,87
S01010015,3. Associate professional and technical occupations,98,61,37
S01010015,4. Administrative and secretarial occupations,52,16,36
S01010015,5. Skilled trades occupations,37,33,4
S01010015,6. Caring leisure and other service occupations,30,3,27
S01010015,7. Sales and customer service occupations,44,21,23
S01010015,8. Process plant and machine operatives,15,13,2
S01010015,9. Elementary occupations,29,18,11
S01010016,All people aged 16 to 74 in employment,295,152,143
S01010016,1. Managers directors and senior officials,15,7,8
S01010016,2. Professional occupations,20,7,13
S01010016,3. Associate professional and technical occupations,33,16,17
S01010016,4. Administrative and secretarial occupations,37,9,28
S01010016,5. Skilled trades occupations,52,48,4
S01010016,6. Caring leisure and other service occupations,36,10,26
S01010016,7. Sales and customer service occupations,44,12,32
S01010016,8. Process plant and machine operatives,28,25,3
S01010016,9. Elementary occupations,30,18,12
S01010017,All people aged 16 to 74 in employment,284,113,171
S01010017,1. Managers directors and senior officials,12,7,5
S01010017,2. Professional occupations,11,7,4
S01010017,3. Associate professional and technical occupations,16,3,13
S01010017,4. Administrative and secretarial occupations,38,9,29
S01010017,5. Skilled trades occupations,26,23,3
S01010017,6. Caring leisure and other service occupations,43,6,37
S01010017,7. Sales and customer service occupations,53,9,44
S01010017,8. Process plant and machine operatives,26,24,2
S01010017,9. Elementary occupations,59,25,34
S01010018,All people aged 16 to 74 in employment,388,192,196
S01010018,1. Managers directors and senior officials,18,11,7
S01010018,2. Professional occupations,38,18,20
S01010018,3. Associate professional and technical occupations,57,26,31
S01010018,4. Administrative and secretarial occupations,46,10,36
S01010018,5. Skilled trades occupations,43,38,5
S01010018,6. Caring leisure and other service occupations,35,7,28
S01010018,7. Sales and customer service occupations,59,21,38
S01010018,8. Process plant and machine operatives,25,22,3
S01010018,9. Elementary occupations,67,39,28
S01010019,All people aged 16 to 74 in employment,234,103,131
S01010019,1. Managers directors and senior officials,5,4,1
S01010019,2. Professional occupations,15,3,12
S01010019,3. Associate professional and technical occupations,19,6,13
S01010019,4. Administrative and secretarial occupations,31,9,22
S01010019,5. Skilled trades occupations,16,13,3
S01010019,6. Caring leisure and other service occupations,36,9,27
S01010019,7. Sales and customer service occupations,39,10,29
S01010019,8. Process plant and machine operatives,18,16,2
S01010019,9. Elementary occupations,55,33,22
S01010020,All people aged 16 to 74 in employment,321,151,170
S01010020,1. Managers directors and senior officials,19,11,8
S01010020,2. Professional occupations,26,8,18
S01010020,3. Associate professional and technical occupations,16,10,6
S01010020,4. Administrative and secretarial occupations,48,11,37
S01010020,5. Skilled trades occupations,31,27,4
S01010020,6. Caring leisure and other service occupations,40,6,34
S01010020,7. Sales and customer service occupations,51,13,38
S01010020,8. Process plant and machine operatives,39,36,3
S01010020,9. Elementary occupations,51,29,22
S01010021,All people aged 16 to 74 in employment,223,108,115
S01010021,1. Managers directors and senior officials,10,8,2
S01010021,2. Professional occupations,18,5,13
S01010021,3. Associate professional and technical occupations,15,5,10
S01010021,4. Administrative and secretarial occupations,16,6,10
S01010021,5. Skilled trades occupations,21,20,1
S01010021,6. Caring leisure and other service occupations,34,5,29
S01010021,7. Sales and customer service occupations,38,15,23
S01010021,8. Process plant and machine operatives,15,12,3
S01010021,9. Elementary occupations,56,32,24
S01010022,All people aged 16 to 74 in employment,347,188,159
S01010022,1. Managers directors and senior officials,17,14,3
S01010022,2. Professional occupations,42,26,16
S01010022,3. Associate professional and technical occupations,54,36,18
S01010022,4. Administrative and secretarial occupations,47,10,37
S01010022,5. Skilled trades occupations,33,30,3
S01010022,6. Caring leisure and other service occupations,53,13,40
S01010022,7. Sales and customer service occupations,29,14,15
S01010022,8. Process plant and machine operatives,28,25,3
S01010022,9. Elementary occupations,44,20,24
S01010023,All people aged 16 to 74 in employment,162,82,80
S01010023,1. Managers directors and senior officials,7,3,4
S01010023,2. Professional occupations,5,2,3
S01010023,3. Associate professional and technical occupations,19,6,13
S01010023,4. Administrative and secretarial occupations,19,6,13
S01010023,5. Skilled trades occupations,17,16,1
S01010023,6. Caring leisure and other service occupations,22,6,16
S01010023,7. Sales and customer service occupations,18,7,11
S01010023,8. Process plant and machine operatives,21,18,3
S01010023,9. Elementary occupations,34,18,16
S01010024,All people aged 16 to 74 in employment,312,157,155
S01010024,1. Managers directors and senior officials,14,6,8
S01010024,2. Professional occupations,49,29,20
S01010024,3. Associate professional and technical occupations,41,21,20
S01010024,4. Administrative and secretarial occupations,35,6,29
S01010024,5. Skilled trades occupations,30,29,1
S01010024,6. Caring leisure and other service occupations,36,8,28
S01010024,7. Sales and customer service occupations,36,16,20
S01010024,8. Process plant and machine operatives,23,19,4
S01010024,9. Elementary occupations,48,23,25
S01010025,All people aged 16 to 74 in employment,183,102,81
S01010025,1. Managers directors and senior officials,9,6,3
S01010025,2. Professional occupations,23,12,11
S01010025,3. Associate professional and technical occupations,30,12,18
S01010025,4. Administrative and secretarial occupations,13,4,9
S01010025,5. Skilled trades occupations,14,12,2
S01010025,6. Caring leisure and other service occupations,29,15,14
S01010025,7. Sales and customer service occupations,22,10,12
S01010025,8. Process plant and machine operatives,9,9,0
S01010025,9. Elementary occupations,34,22,12
S01010026,All people aged 16 to 74 in employment,412,217,195
S01010026,1. Managers directors and senior officials,31,13,18
S01010026,2. Professional occupations,76,41,35
S01010026,3. Associate professional and technical occupations,72,40,32
S01010026,4. Administrative and secretarial occupations,28,15,13
S01010026,5. Skilled trades occupations,33,30,3
S01010026,6. Caring leisure and other service occupations,37,4,33
S01010026,7. Sales and customer service occupations,40,16,24
S01010026,8. Process plant and machine operatives,30,27,3
S01010026,9. Elementary occupations,65,31,34
S01010027,All people aged 16 to 74 in employment,425,227,198
S01010027,1. Managers directors and senior officials,26,19,7
S01010027,2. Professional occupations,91,52,39
S01010027,3. Associate professional and technical occupations,88,44,44
S01010027,4. Administrative and secretarial occupations,56,14,42
S01010027,5. Skilled trades occupations,26,23,3
S01010027,6. Caring leisure and other service occupations,38,17,21
S01010027,7. Sales and customer service occupations,38,17,21
S01010027,8. Process plant and machine operatives,12,11,1
S01010027,9. Elementary occupations,50,30,20
S01010028,All people aged 16 to 74 in employment,242,114,128
S01010028,1. Managers directors and senior officials,10,3,7
S01010028,2. Professional occupations,50,25,25
S01010028,3. Associate professional and technical occupations,46,19,27
S01010028,4. Administrative and secretarial occupations,25,7,18
S01010028,5. Skilled trades occupations,15,13,2
S01010028,6. Caring leisure and other service occupations,21,6,15
S01010028,7. Sales and customer service occupations,22,12,10
S01010028,8. Process plant and machine operatives,12,10,2
S01010028,9. Elementary occupations,41,19,22
S01010029,All people aged 16 to 74 in employment,185,89,96
S01010029,1. Managers directors and senior officials,11,6,5
S01010029,2. Professional occupations,13,3,10
S01010029,3. Associate professional and technical occupations,20,11,9
S01010029,4. Administrative and secretarial occupations,20,5,15
S01010029,5. Skilled trades occupations,18,17,1
S01010029,6. Caring leisure and other service occupations,20,7,13
S01010029,7. Sales and customer service occupations,20,3,17
S01010029,8. Process plant and machine operatives,19,18,1
S01010029,9. Elementary occupations,44,19,25
S01010030,All people aged 16 to 74 in employment,454,246,208
S01010030,1. Managers directors and senior officials,33,19,14
S01010030,2. Professional occupations,133,73,60
S01010030,3. Associate professional and technical occupations,77,46,31
S01010030,4. Administrative and secretarial occupations,49,14,35
S01010030,5. Skilled trades occupations,40,36,4
S01010030,6. Caring leisure and other service occupations,26,7,19
S01010030,7. Sales and customer service occupations,33,16,17
S01010030,8. Process plant and machine operatives,15,14,1
S01010030,9. Elementary occupations,48,21,27
S01010031,All people aged 16 to 74 in employment,482,296,186
S01010031,1. Managers directors and senior officials,47,34,13
S01010031,2. Professional occupations,150,91,59
S01010031,3. Associate professional and technical occupations,90,55,35
S01010031,4. Administrative and secretarial occupations,38,17,21
S01010031,5. Skilled trades occupations,29,23,6
S01010031,6. Caring leisure and other service occupations,28,12,16
S01010031,7. Sales and customer service occupations,33,21,12
S01010031,8. Process plant and machine operatives,16,14,2
S01010031,9. Elementary occupations,51,29,22
S01010032,All people aged 16 to 74 in employment,394,258,136
S01010032,1. Managers directors and senior officials,26,20,6
S01010032,2. Professional occupations,97,61,36
S01010032,3. Associate professional and technical occupations,65,39,26
S01010032,4. Administrative and secretarial occupations,41,19,22
S01010032,5. Skilled trades occupations,27,25,2
S01010032,6. Caring leisure and other service occupations,11,2,9
S01010032,7. Sales and customer service occupations,44,21,23
S01010032,8. Process plant and machine operatives,16,16,0
S01010032,9. Elementary occupations,67,55,12
S01010033,All people aged 16 to 74 in employment,384,208,176
S01010033,1. Managers directors and senior officials,20,8,12
S01010033,2. Professional occupations,67,36,31
S01010033,3. Associate professional and technical occupations,52,30,22
S01010033,4. Administrative and secretarial occupations,46,14,32
S01010033,5. Skilled trades occupations,25,23,2
S01010033,6. Caring leisure and other service occupations,51,17,34
S01010033,7. Sales and customer service occupations,40,25,15
S01010033,8. Process plant and machine operatives,26,23,3
S01010033,9. Elementary occupations,57,32,25
S01010034,All people aged 16 to 74 in employment,367,216,151
S01010034,1. Managers directors and senior officials,18,10,8
S01010034,2. Professional occupations,50,27,23
S01010034,3. Associate professional and technical occupations,60,47,13
S01010034,4. Administrative and secretarial occupations,26,9,17
S01010034,5. Skilled trades occupations,43,32,11
S01010034,6. Caring leisure and other service occupations,29,11,18
S01010034,7. Sales and customer service occupations,46,25,21
S01010034,8. Process plant and machine operatives,18,17,1
S01010034,9. Elementary occupations,77,38,39
S01010035,All people aged 16 to 74 in employment,227,141,86
S01010035,1. Managers directors and senior officials,7,3,4
S01010035,2. Professional occupations,18,13,5
S01010035,3. Associate professional and technical occupations,23,14,9
S01010035,4. Administrative and secretarial occupations,21,9,12
S01010035,5. Skilled trades occupations,21,20,1
S01010035,6. Caring leisure and other service occupations,24,11,13
S01010035,7. Sales and customer service occupations,29,16,13
S01010035,8. Process plant and machine operatives,18,13,5
S01010035,9. Elementary occupations,66,42,24
S01010036,All people aged 16 to 74 in employment,492,305,187
S01010036,1. Managers directors and senior officials,41,29,12
S01010036,2. Professional occupations,77,50,27
S01010036,3. Associate professional and technical occupations,75,47,28
S01010036,4. Administrative and secretarial occupations,46,28,18
S01010036,5. Skilled trades occupations,18,16,2
S01010036,6. Caring leisure and other service occupations,29,14,15
S01010036,7. Sales and customer service occupations,82,43,39
S01010036,8. Process plant and machine operatives,21,19,2
S01010036,9. Elementary occupations,103,59,44
S01010037,All people aged 16 to 74 in employment,196,94,102
S01010037,1. Managers directors and senior officials,3,0,3
S01010037,2. Professional occupations,21,13,8
S01010037,3. Associate professional and technical occupations,21,8,13
S01010037,4. Administrative and secretarial occupations,21,7,14
S01010037,5. Skilled trades occupations,23,19,4
S01010037,6. Caring leisure and other service occupations,20,4,16
S01010037,7. Sales and customer service occupations,25,3,22
S01010037,8. Process plant and machine operatives,26,20,6
S01010037,9. Elementary occupations,36,20,16
S01010038,All people aged 16 to 74 in employment,397,198,199
S01010038,1. Managers directors and senior officials,18,9,9
S01010038,2. Professional occupations,47,18,29
S01010038,3. Associate professional and technical occupations,44,25,19
S01010038,4. Administrative and secretarial occupations,44,14,30
S01010038,5. Skilled trades occupations,40,34,6
S01010038,6. Caring leisure and other service occupations,51,16,35
S01010038,7. Sales and customer service occupations,37,20,17
S01010038,8. Process plant and machine operatives,25,24,1
S01010038,9. Elementary occupations,91,38,53
S01010039,All people aged 16 to 74 in employment,616,351,265
S01010039,1. Managers directors and senior officials,54,38,16
S01010039,2. Professional occupations,176,91,85
S01010039,3. Associate professional and technical occupations,121,81,40
S01010039,4. Administrative and secretarial occupations,59,35,24
S01010039,5. Skilled trades occupations,31,27,4
S01010039,6. Caring leisure and other service occupations,26,7,19
S01010039,7. Sales and customer service occupations,66,32,34
S01010039,8. Process plant and machine operatives,12,8,4
S01010039,9. Elementary occupations,71,32,39
S01010040,All people aged 16 to 74 in employment,434,246,188
S01010040,1. Managers directors and senior officials,46,28,18
S01010040,2. Professional occupations,96,49,47
S01010040,3. Associate professional and technical occupations,72,40,32
S01010040,4. Administrative and secretarial occupations,59,24,35
S01010040,5. Skilled trades occupations,36,30,6
S01010040,6. Caring leisure and other service occupations,27,16,11
S01010040,7. Sales and customer service occupations,40,18,22
S01010040,8. Process plant and machine operatives,20,18,2
S01010040,9. Elementary occupations,38,23,15
S01010041,All people aged 16 to 74 in employment,372,220,152
S01010041,1. Managers directors and senior officials,41,22,19
S01010041,2. Professional occupations,109,72,37
S01010041,3. Associate professional and technical occupations,62,31,31
S01010041,4. Administrative and secretarial occupations,24,10,14
S01010041,5. Skilled trades occupations,19,16,3
S01010041,6. Caring leisure and other service occupations,20,9,11
S01010041,7. Sales and customer service occupations,41,22,19
S01010041,8. Process plant and machine operatives,17,14,3
S01010041,9. Elementary occupations,39,24,15
S01010042,All people aged 16 to 74 in employment,627,337,290
S01010042,1. Managers directors and senior officials,58,36,22
S01010042,2. Professional occupations,98,57,41
S01010042,3. Associate professional and technical occupations,101,51,50
S01010042,4. Administrative and secretarial occupations,82,26,56
S01010042,5. Skilled trades occupations,43,39,4
S01010042,6. Caring leisure and other service occupations,42,12,30
S01010042,7. Sales and customer service occupations,75,29,46
S01010042,8. Process plant and machine operatives,39,32,7
S01010042,9. Elementary occupations,89,55,34
S01010043,All people aged 16 to 74 in employment,320,159,161
S01010043,1. Managers directors and senior officials,15,6,9
S01010043,2. Professional occupations,32,15,17
S01010043,3. Associate professional and technical occupations,42,25,17
S01010043,4. Administrative and secretarial occupations,33,12,21
S01010043,5. Skilled trades occupations,25,20,5
S01010043,6. Caring leisure and other service occupations,27,8,19
S01010043,7. Sales and customer service occupations,47,17,30
S01010043,8. Process plant and machine operatives,24,17,7
S01010043,9. Elementary occupations,75,39,36
S01010044,All people aged 16 to 74 in employment,522,257,265
S01010044,1. Managers directors and senior officials,28,15,13
S01010044,2. Professional occupations,79,37,42
S01010044,3. Associate professional and technical occupations,70,30,40
S01010044,4. Administrative and secretarial occupations,59,7,52
S01010044,5. Skilled trades occupations,61,54,7
S01010044,6. Caring leisure and other service occupations,38,13,25
S01010044,7. Sales and customer service occupations,57,21,36
S01010044,8. Process plant and machine operatives,48,38,10
S01010044,9. Elementary occupations,82,42,40
S01010045,All people aged 16 to 74 in employment,147,60,87
S01010045,1. Managers directors and senior officials,4,2,2
S01010045,2. Professional occupations,6,2,4
S01010045,3. Associate professional and technical occupations,9,5,4
S01010045,4. Administrative and secretarial occupations,19,6,13
S01010045,5. Skilled trades occupations,13,13,0
S01010045,6. Caring leisure and other service occupations,28,4,24
S01010045,7. Sales and customer service occupations,17,2,15
S01010045,8. Process plant and machine operatives,6,6,0
S01010045,9. Elementary occupations,45,20,25
S01010046,All people aged 16 to 74 in employment,301,150,151
S01010046,1. Managers directors and senior officials,16,7,9
S01010046,2. Professional occupations,28,10,18
S01010046,3. Associate professional and technical occupations,38,19,19
S01010046,4. Administrative and secretarial occupations,41,14,27
S01010046,5. Skilled trades occupations,38,31,7
S01010046,6. Caring leisure and other service occupations,29,4,25
S01010046,7. Sales and customer service occupations,37,17,20
S01010046,8. Process plant and machine operatives,27,22,5
S01010046,9. Elementary occupations,47,26,21
S01010047,All people aged 16 to 74 in employment,255,121,134
S01010047,1. Managers directors and senior officials,3,0,3
S01010047,2. Professional occupations,9,2,7
S01010047,3. Associate professional and technical occupations,13,8,5
S01010047,4. Administrative and secretarial occupations,30,6,24
S01010047,5. Skilled trades occupations,21,20,1
S01010047,6. Caring leisure and other service occupations,38,10,28
S01010047,7. Sales and customer service occupations,37,8,29
S01010047,8. Process plant and machine operatives,36,32,4
S01010047,9. Elementary occupations,68,35,33
S01010048,All people aged 16 to 74 in employment,323,156,167
S01010048,1. Managers directors and senior officials,6,2,4
S01010048,2. Professional occupations,15,9,6
S01010048,3. Associate professional and technical occupations,38,14,24
S01010048,4. Administrative and secretarial occupations,34,11,23
S01010048,5. Skilled trades occupations,39,37,2
S01010048,6. Caring leisure and other service occupations,41,9,32
S01010048,7. Sales and customer service occupations,32,11,21
S01010048,8. Process plant and machine operatives,35,21,14
S01010048,9. Elementary occupations,83,42,41
S01010049,All people aged 16 to 74 in employment,252,109,143
S01010049,1. Managers directors and senior officials,13,2,11
S01010049,2. Professional occupations,9,4,5
S01010049,3. Associate professional and technical occupations,9,4,5
S01010049,4. Administrative and secretarial occupations,18,6,12
S01010049,5. Skilled trades occupations,20,19,1
S01010049,6. Caring leisure and other service occupations,22,4,18
S01010049,7. Sales and customer service occupations,48,14,34
S01010049,8. Process plant and machine operatives,36,25,11
S01010049,9. Elementary occupations,77,31,46
S01010050,All people aged 16 to 74 in employment,302,150,152
S01010050,1. Managers directors and senior officials,10,4,6
S01010050,2. Professional occupations,25,16,9
S01010050,3. Associate professional and technical occupations,19,10,9
S01010050,4. Administrative and secretarial occupations,39,10,29
S01010050,5. Skilled trades occupations,34,28,6
S01010050,6. Caring leisure and other service occupations,33,5,28
S01010050,7. Sales and customer service occupations,33,14,19
S01010050,8. Process plant and machine operatives,26,20,6
S01010050,9. Elementary occupations,83,43,40
S01010051,All people aged 16 to 74 in employment,222,106,116
S01010051,1. Managers directors and senior officials,8,1,7
S01010051,2. Professional occupations,11,6,5
S01010051,3. Associate professional and technical occupations,10,8,2
S01010051,4. Administrative and secretarial occupations,21,3,18
S01010051,5. Skilled trades occupations,25,23,2
S01010051,6. Caring leisure and other service occupations,20,6,14
S01010051,7. Sales and customer service occupations,37,7,30
S01010051,8. Process plant and machine operatives,29,24,5
S01010051,9. Elementary occupations,61,28,33
S01010052,All people aged 16 to 74 in employment,247,146,101
S01010052,1. Managers directors and senior officials,6,4,2
S01010052,2. Professional occupations,24,15,9
S01010052,3. Associate professional and technical occupations,21,10,11
S01010052,4. Administrative and secretarial occupations,31,18,13
S01010052,5. Skilled trades occupations,21,20,1
S01010052,6. Caring leisure and other service occupations,26,6,20
S01010052,7. Sales and customer service occupations,27,8,19
S01010052,8. Process plant and machine operatives,34,30,4
S01010052,9. Elementary occupations,57,35,22
S01010053,All people aged 16 to 74 in employment,343,168,175
S01010053,1. Managers directors and senior officials,8,6,2
S01010053,2. Professional occupations,32,20,12
S01010053,3. Associate professional and technical occupations,29,14,15
S01010053,4. Administrative and secretarial occupations,29,12,17
S01010053,5. Skilled trades occupations,43,37,6
S01010053,6. Caring leisure and other service occupations,38,8,30
S01010053,7. Sales and customer service occupations,54,18,36
S01010053,8. Process plant and machine operatives,32,24,8
S01010053,9. Elementary occupations,78,29,49
S01010054,All people aged 16 to 74 in employment,148,60,88
S01010054,1. Managers directors and senior officials,7,1,6
S01010054,2. Professional occupations,4,1,3
S01010054,3. Associate professional and technical occupations,9,5,4
S01010054,4. Administrative and secretarial occupations,11,3,8
S01010054,5. Skilled trades occupations,15,14,1
S01010054,6. Caring leisure and other service occupations,29,5,24
S01010054,7. Sales and customer service occupations,16,3,13
S01010054,8. Process plant and machine operatives,13,8,5
S01010054,9. Elementary occupations,44,20,24
S01010055,All people aged 16 to 74 in employment,413,205,208
S01010055,1. Managers directors and senior officials,21,12,9
S01010055,2. Professional occupations,34,20,14
S01010055,3. Associate professional and technical occupations,40,23,17
S01010055,4. Administrative and secretarial occupations,51,10,41
S01010055,5. Skilled trades occupations,50,42,8
S01010055,6. Caring leisure and other service occupations,48,13,35
S01010055,7. Sales and customer service occupations,57,22,35
S01010055,8. Process plant and machine operatives,27,24,3
S01010055,9. Elementary occupations,85,39,46
S01010056,All people aged 16 to 74 in employment,170,78,92
S01010056,1. Managers directors and senior officials,1,0,1
S01010056,2. Professional occupations,9,4,5
S01010056,3. Associate professional and technical occupations,11,8,3
S01010056,4. Administrative and secretarial occupations,18,3,15
S01010056,5. Skilled trades occupations,22,19,3
S01010056,6. Caring leisure and other service occupations,22,4,18
S01010056,7. Sales and customer service occupations,25,6,19
S01010056,8. Process plant and machine operatives,29,20,9
S01010056,9. Elementary occupations,33,14,19
S01010057,All people aged 16 to 74 in employment,171,78,93
S01010057,1. Managers directors and senior officials,10,7,3
S01010057,2. Professional occupations,19,6,13
S01010057,3. Associate professional and technical occupations,19,11,8
S01010057,4. Administrative and secretarial occupations,11,3,8
S01010057,5. Skilled trades occupations,20,16,4
S01010057,6. Caring leisure and other service occupations,19,5,14
S01010057,7. Sales and customer service occupations,22,8,14
S01010057,8. Process plant and machine operatives,20,13,7
S01010057,9. Elementary occupations,31,9,22
S01010058,All people aged 16 to 74 in employment,313,157,156
S01010058,1. Managers directors and senior officials,22,10,12
S01010058,2. Professional occupations,17,9,8
S01010058,3. Associate professional and technical occupations,24,14,10
S01010058,4. Administrative and secretarial occupations,45,6,39
S01010058,5. Skilled trades occupations,37,35,2
S01010058,6. Caring leisure and other service occupations,34,6,28
S01010058,7. Sales and customer service occupations,32,14,18
S01010058,8. Process plant and machine operatives,36,28,8
S01010058,9. Elementary occupations,66,35,31
S01010059,All people aged 16 to 74 in employment,326,141,185
S01010059,1. Managers directors and senior officials,15,11,4
S01010059,2. Professional occupations,46,9,37
S01010059,3. Associate professional and technical occupations,45,20,25
S01010059,4. Administrative and secretarial occupations,46,11,35
S01010059,5. Skilled trades occupations,28,25,3
S01010059,6. Caring leisure and other service occupations,28,3,25
S01010059,7. Sales and customer service occupations,45,14,31
S01010059,8. Process plant and machine operatives,29,24,5
S01010059,9. Elementary occupations,44,24,20
S01010060,All people aged 16 to 74 in employment,385,198,187
S01010060,1. Managers directors and senior officials,20,6,14
S01010060,2. Professional occupations,34,15,19
S01010060,3. Associate professional and technical occupations,37,24,13
S01010060,4. Administrative and secretarial occupations,51,15,36
S01010060,5. Skilled trades occupations,48,42,6
S01010060,6. Caring leisure and other service occupations,38,10,28
S01010060,7. Sales and customer service occupations,44,12,32
S01010060,8. Process plant and machine operatives,41,35,6
S01010060,9. Elementary occupations,72,39,33
S01010061,All people aged 16 to 74 in employment,262,120,142
S01010061,1. Managers directors and senior officials,7,3,4
S01010061,2. Professional occupations,37,15,22
S01010061,3. Associate professional and technical occupations,42,19,23
S01010061,4. Administrative and secretarial occupations,41,5,36
S01010061,5. Skilled trades occupations,37,35,2
S01010061,6. Caring leisure and other service occupations,22,3,19
S01010061,7. Sales and customer service occupations,30,10,20
S01010061,8. Process plant and machine operatives,25,23,2
S01010061,9. Elementary occupations,21,7,14
S01010062,All people aged 16 to 74 in employment,272,135,137
S01010062,1. Managers directors and senior officials,11,3,8
S01010062,2. Professional occupations,30,14,16
S01010062,3. Associate professional and technical occupations,20,9,11
S01010062,4. Administrative and secretarial occupations,36,9,27
S01010062,5. Skilled trades occupations,31,28,3
S01010062,6. Caring leisure and other service occupations,33,4,29
S01010062,7. Sales and customer service occupations,34,13,21
S01010062,8. Process plant and machine operatives,33,29,4
S01010062,9. Elementary occupations,44,26,18
S01010063,All people aged 16 to 74 in employment,385,199,186
S01010063,1. Managers directors and senior officials,18,11,7
S01010063,2. Professional occupations,26,14,12
S01010063,3. Associate professional and technical occupations,37,17,20
S01010063,4. Administrative and secretarial occupations,40,12,28
S01010063,5. Skilled trades occupations,48,45,3
S01010063,6. Caring leisure and other service occupations,57,14,43
S01010063,7. Sales and customer service occupations,57,21,36
S01010063,8. Process plant and machine operatives,37,29,8
S01010063,9. Elementary occupations,65,36,29
S01010064,All people aged 16 to 74 in employment,231,104,127
S01010064,1. Managers directors and senior officials,10,5,5
S01010064,2. Professional occupations,11,4,7
S01010064,3. Associate professional and technical occupations,40,15,25
S01010064,4. Administrative and secretarial occupations,30,6,24
S01010064,5. Skilled trades occupations,33,30,3
S01010064,6. Caring leisure and other service occupations,25,3,22
S01010064,7. Sales and customer service occupations,26,6,20
S01010064,8. Process plant and machine operatives,23,18,5
S01010064,9. Elementary occupations,33,17,16
S01010065,All people aged 16 to 74 in employment,334,161,173
S01010065,1. Managers directors and senior officials,10,5,5
S01010065,2. Professional occupations,15,5,10
S01010065,3. Associate professional and technical occupations,37,21,16
S01010065,4. Administrative and secretarial occupations,36,7,29
S01010065,5. Skilled trades occupations,38,31,7
S01010065,6. Caring leisure and other service occupations,45,7,38
S01010065,7. Sales and customer service occupations,32,11,21
S01010065,8. Process plant and machine operatives,53,42,11
S01010065,9. Elementary occupations,68,32,36
S01010066,All people aged 16 to 74 in employment,246,112,134
S01010066,1. Managers directors and senior officials,3,2,1
S01010066,2. Professional occupations,9,4,5
S01010066,3. Associate professional and technical occupations,18,5,13
S01010066,4. Administrative and secretarial occupations,24,5,19
S01010066,5. Skilled trades occupations,27,24,3
S01010066,6. Caring leisure and other service occupations,29,3,26
S01010066,7. Sales and customer service occupations,37,13,24
S01010066,8. Process plant and machine operatives,39,31,8
S01010066,9. Elementary occupations,60,25,35
S01010067,All people aged 16 to 74 in employment,184,90,94
S01010067,1. Managers directors and senior officials,4,2,2
S01010067,2. Professional occupations,10,3,7
S01010067,3. Associate professional and technical occupations,17,8,9
S01010067,4. Administrative and secretarial occupations,16,5,11
S01010067,5. Skilled trades occupations,22,20,2
S01010067,6. Caring leisure and other service occupations,24,6,18
S01010067,7. Sales and customer service occupations,27,6,21
S01010067,8. Process plant and machine operatives,25,22,3
S01010067,9. Elementary occupations,39,18,21
S01010068,All people aged 16 to 74 in employment,284,165,119
S01010068,1. Managers directors and senior officials,17,13,4
S01010068,2. Professional occupations,32,17,15
S01010068,3. Associate professional and technical occupations,32,20,12
S01010068,4. Administrative and secretarial occupations,27,10,17
S01010068,5. Skilled trades occupations,36,35,1
S01010068,6. Caring leisure and other service occupations,35,9,26
S01010068,7. Sales and customer service occupations,36,11,25
S01010068,8. Process plant and machine operatives,25,23,2
S01010068,9. Elementary occupations,44,27,17
S01010069,All people aged 16 to 74 in employment,489,243,246
S01010069,1. Managers directors and senior officials,39,26,13
S01010069,2. Professional occupations,43,23,20
S01010069,3. Associate professional and technical occupations,61,31,30
S01010069,4. Administrative and secretarial occupations,72,12,60
S01010069,5. Skilled trades occupations,62,58,4
S01010069,6. Caring leisure and other service occupations,52,7,45
S01010069,7. Sales and customer service occupations,73,24,49
S01010069,8. Process plant and machine operatives,49,46,3
S01010069,9. Elementary occupations,38,16,22
S01010070,All people aged 16 to 74 in employment,416,207,209
S01010070,1. Managers directors and senior officials,38,22,16
S01010070,2. Professional occupations,39,17,22
S01010070,3. Associate professional and technical occupations,46,22,24
S01010070,4. Administrative and secretarial occupations,52,4,48
S01010070,5. Skilled trades occupations,67,65,2
S01010070,6. Caring leisure and other service occupations,36,5,31
S01010070,7. Sales and customer service occupations,59,13,46
S01010070,8. Process plant and machine operatives,40,38,2
S01010070,9. Elementary occupations,39,21,18
S01010071,All people aged 16 to 74 in employment,365,196,169
S01010071,1. Managers directors and senior officials,31,19,12
S01010071,2. Professional occupations,31,11,20
S01010071,3. Associate professional and technical occupations,43,21,22
S01010071,4. Administrative and secretarial occupations,60,16,44
S01010071,5. Skilled trades occupations,58,55,3
S01010071,6. Caring leisure and other service occupations,30,8,22
S01010071,7. Sales and customer service occupations,30,11,19
S01010071,8. Process plant and machine operatives,47,39,8
S01010071,9. Elementary occupations,35,16,19
S01010072,All people aged 16 to 74 in employment,387,196,191
S01010072,1. Managers directors and senior officials,26,15,11
S01010072,2. Professional occupations,40,18,22
S01010072,3. Associate professional and technical occupations,30,16,14
S01010072,4. Administrative and secretarial occupations,48,9,39
S01010072,5. Skilled trades occupations,44,39,5
S01010072,6. Caring leisure and other service occupations,50,9,41
S01010072,7. Sales and customer service occupations,47,11,36
S01010072,8. Process plant and machine operatives,55,49,6
S01010072,9. Elementary occupations,47,30,17
S01010073,All people aged 16 to 74 in employment,371,189,182
S01010073,1. Managers directors and senior officials,21,16,5
S01010073,2. Professional occupations,50,20,30
S01010073,3. Associate professional and technical occupations,35,23,12
S01010073,4. Administrative and secretarial occupations,60,10,50
S01010073,5. Skilled trades occupations,53,50,3
S01010073,6. Caring leisure and other service occupations,42,7,35
S01010073,7. Sales and customer service occupations,40,13,27
S01010073,8. Process plant and machine operatives,37,31,6
S01010073,9. Elementary occupations,33,19,14
S01010074,All people aged 16 to 74 in employment,360,197,163
S01010074,1. Managers directors and senior officials,36,24,12
S01010074,2. Professional occupations,56,26,30
S01010074,3. Associate professional and technical occupations,43,23,20
S01010074,4. Administrative and secretarial occupations,48,14,34
S01010074,5. Skilled trades occupations,42,41,1
S01010074,6. Caring leisure and other service occupations,34,5,29
S01010074,7. Sales and customer service occupations,45,21,24
S01010074,8. Process plant and machine operatives,29,26,3
S01010074,9. Elementary occupations,27,17,10
S01010075,All people aged 16 to 74 in employment,227,116,111
S01010075,1. Managers directors and senior officials,16,11,5
S01010075,2. Professional occupations,12,5,7
S01010075,3. Associate professional and technical occupations,12,5,7
S01010075,4. Administrative and secretarial occupations,32,3,29
S01010075,5. Skilled trades occupations,35,32,3
S01010075,6. Caring leisure and other service occupations,23,2,21
S01010075,7. Sales and customer service occupations,34,12,22
S01010075,8. Process plant and machine operatives,37,32,5
S01010075,9. Elementary occupations,26,14,12
S01010076,All people aged 16 to 74 in employment,300,153,147
S01010076,1. Managers directors and senior officials,14,5,9
S01010076,2. Professional occupations,18,7,11
S01010076,3. Associate professional and technical occupations,34,17,17
S01010076,4. Administrative and secretarial occupations,33,4,29
S01010076,5. Skilled trades occupations,41,37,4
S01010076,6. Caring leisure and other service occupations,33,9,24
S01010076,7. Sales and customer service occupations,35,8,27
S01010076,8. Process plant and machine operatives,40,35,5
S01010076,9. Elementary occupations,52,31,21
S01010077,All people aged 16 to 74 in employment,237,107,130
S01010077,1. Managers directors and senior officials,8,4,4
S01010077,2. Professional occupations,15,4,11
S01010077,3. Associate professional and technical occupations,19,5,14
S01010077,4. Administrative and secretarial occupations,32,9,23
S01010077,5. Skilled trades occupations,41,40,1
S01010077,6. Caring leisure and other service occupations,34,4,30
S01010077,7. Sales and customer service occupations,28,6,22
S01010077,8. Process plant and machine operatives,30,21,9
S01010077,9. Elementary occupations,30,14,16
S01010078,All people aged 16 to 74 in employment,343,184,159
S01010078,1. Managers directors and senior officials,38,27,11
S01010078,2. Professional occupations,45,20,25
S01010078,3. Associate professional and technical occupations,47,31,16
S01010078,4. Administrative and secretarial occupations,54,14,40
S01010078,5. Skilled trades occupations,37,32,5
S01010078,6. Caring leisure and other service occupations,28,9,19
S01010078,7. Sales and customer service occupations,37,12,25
S01010078,8. Process plant and machine operatives,22,20,2
S01010078,9. Elementary occupations,35,19,16
S01010079,All people aged 16 to 74 in employment,479,249,230
S01010079,1. Managers directors and senior officials,79,52,27
S01010079,2. Professional occupations,85,36,49
S01010079,3. Associate professional and technical occupations,62,34,28
S01010079,4. Administrative and secretarial occupations,64,13,51
S01010079,5. Skilled trades occupations,48,44,4
S01010079,6. Caring leisure and other service occupations,40,9,31
S01010079,7. Sales and customer service occupations,46,21,25
S01010079,8. Process plant and machine operatives,33,30,3
S01010079,9. Elementary occupations,22,10,12
S01010080,All people aged 16 to 74 in employment,307,168,139
S01010080,1. Managers directors and senior officials,29,14,15
S01010080,2. Professional occupations,61,29,32
S01010080,3. Associate professional and technical occupations,32,20,12
S01010080,4. Administrative and secretarial occupations,47,10,37
S01010080,5. Skilled trades occupations,40,37,3
S01010080,6. Caring leisure and other service occupations,20,6,14
S01010080,7. Sales and customer service occupations,25,10,15
S01010080,8. Process plant and machine operatives,31,29,2
S01010080,9. Elementary occupations,22,13,9
S01010081,All people aged 16 to 74 in employment,332,178,154
S01010081,1. Managers directors and senior officials,41,24,17
S01010081,2. Professional occupations,57,31,26
S01010081,3. Associate professional and technical occupations,33,18,15
S01010081,4. Administrative and secretarial occupations,49,13,36
S01010081,5. Skilled trades occupations,44,40,4
S01010081,6. Caring leisure and other service occupations,26,7,19
S01010081,7. Sales and customer service occupations,29,7,22
S01010081,8. Process plant and machine operatives,26,26,0
S01010081,9. Elementary occupations,27,12,15
S01010082,All people aged 16 to 74 in employment,431,211,220
S01010082,1. Managers directors and senior officials,53,30,23
S01010082,2. Professional occupations,73,26,47
S01010082,3. Associate professional and technical occupations,72,39,33
S01010082,4. Administrative and secretarial occupations,61,9,52
S01010082,5. Skilled trades occupations,57,56,1
S01010082,6. Caring leisure and other service occupations,27,4,23
S01010082,7. Sales and customer service occupations,40,11,29
S01010082,8. Process plant and machine operatives,27,24,3
S01010082,9. Elementary occupations,21,12,9
S01010083,All people aged 16 to 74 in employment,268,141,127
S01010083,1. Managers directors and senior officials,11,8,3
S01010083,2. Professional occupations,21,10,11
S01010083,3. Associate professional and technical occupations,21,8,13
S01010083,4. Administrative and secretarial occupations,45,13,32
S01010083,5. Skilled trades occupations,42,38,4
S01010083,6. Caring leisure and other service occupations,26,8,18
S01010083,7. Sales and customer service occupations,33,8,25
S01010083,8. Process plant and machine operatives,29,26,3
S01010083,9. Elementary occupations,40,22,18
S01010084,All people aged 16 to 74 in employment,350,172,178
S01010084,1. Managers directors and senior officials,12,7,5
S01010084,2. Professional occupations,11,1,10
S01010084,3. Associate professional and technical occupations,29,12,17
S01010084,4. Administrative and secretarial occupations,51,7,44
S01010084,5. Skilled trades occupations,64,56,8
S01010084,6. Caring leisure and other service occupations,44,6,38
S01010084,7. Sales and customer service occupations,38,12,26
S01010084,8. Process plant and machine operatives,38,34,4
S01010084,9. Elementary occupations,63,37,26
S01010085,All people aged 16 to 74 in employment,386,211,175
S01010085,1. Managers directors and senior officials,24,17,7
S01010085,2. Professional occupations,45,22,23
S01010085,3. Associate professional and technical occupations,60,34,26
S01010085,4. Administrative and secretarial occupations,62,16,46
S01010085,5. Skilled trades occupations,56,53,3
S01010085,6. Caring leisure and other service occupations,31,5,26
S01010085,7. Sales and customer service occupations,44,17,27
S01010085,8. Process plant and machine operatives,38,36,2
S01010085,9. Elementary occupations,26,11,15
S01010086,All people aged 16 to 74 in employment,339,165,174
S01010086,1. Managers directors and senior officials,20,13,7
S01010086,2. Professional occupations,13,6,7
S01010086,3. Associate professional and technical occupations,35,7,28
S01010086,4. Administrative and secretarial occupations,39,5,34
S01010086,5. Skilled trades occupations,47,41,6
S01010086,6. Caring leisure and other service occupations,38,8,30
S01010086,7. Sales and customer service occupations,39,11,28
S01010086,8. Process plant and machine operatives,44,38,6
S01010086,9. Elementary occupations,64,36,28
S01010087,All people aged 16 to 74 in employment,271,138,133
S01010087,1. Managers directors and senior officials,33,21,12
S01010087,2. Professional occupations,38,18,20
S01010087,3. Associate professional and technical occupations,35,19,16
S01010087,4. Administrative and secretarial occupations,39,6,33
S01010087,5. Skilled trades occupations,33,32,1
S01010087,6. Caring leisure and other service occupations,27,3,24
S01010087,7. Sales and customer service occupations,25,10,15
S01010087,8. Process plant and machine operatives,26,23,3
S01010087,9. Elementary occupations,15,6,9
S01010088,All people aged 16 to 74 in employment,505,257,248
S01010088,1. Managers directors and senior officials,55,35,20
S01010088,2. Professional occupations,122,52,70
S01010088,3. Associate professional and technical occupations,90,44,46
S01010088,4. Administrative and secretarial occupations,52,10,42
S01010088,5. Skilled trades occupations,55,52,3
S01010088,6. Caring leisure and other service occupations,31,9,22
S01010088,7. Sales and customer service occupations,44,14,30
S01010088,8. Process plant and machine operatives,27,23,4
S01010088,9. Elementary occupations,29,18,11
S01010089,All people aged 16 to 74 in employment,303,155,148
S01010089,1. Managers directors and senior officials,20,11,9
S01010089,2. Professional occupations,30,7,23
S01010089,3. Associate professional and technical occupations,32,22,10
S01010089,4. Administrative and secretarial occupations,45,10,35
S01010089,5. Skilled trades occupations,40,38,2
S01010089,6. Caring leisure and other service occupations,27,7,20
S01010089,7. Sales and customer service occupations,37,14,23
S01010089,8. Process plant and machine operatives,40,33,7
S01010089,9. Elementary occupations,32,13,19
S01010090,All people aged 16 to 74 in employment,584,284,300
S01010090,1. Managers directors and senior officials,42,20,22
S01010090,2. Professional occupations,70,29,41
S01010090,3. Associate professional and technical occupations,82,48,34
S01010090,4. Administrative and secretarial occupations,86,16,70
S01010090,5. Skilled trades occupations,76,70,6
S01010090,6. Caring leisure and other service occupations,66,12,54
S01010090,7. Sales and customer service occupations,64,18,46
S01010090,8. Process plant and machine operatives,53,52,1
S01010090,9. Elementary occupations,45,19,26
S01010091,All people aged 16 to 74 in employment,485,240,245
S01010091,1. Managers directors and senior officials,45,30,15
S01010091,2. Professional occupations,61,24,37
S01010091,3. Associate professional and technical occupations,74,43,31
S01010091,4. Administrative and secretarial occupations,65,14,51
S01010091,5. Skilled trades occupations,61,54,7
S01010091,6. Caring leisure and other service occupations,60,8,52
S01010091,7. Sales and customer service occupations,48,14,34
S01010091,8. Process plant and machine operatives,40,37,3
S01010091,9. Elementary occupations,31,16,15
S01010092,All people aged 16 to 74 in employment,312,151,161
S01010092,1. Managers directors and senior officials,17,8,9
S01010092,2. Professional occupations,31,14,17
S01010092,3. Associate professional and technical occupations,36,18,18
S01010092,4. Administrative and secretarial occupations,46,5,41
S01010092,5. Skilled trades occupations,34,31,3
S01010092,6. Caring leisure and other service occupations,31,12,19
S01010092,7. Sales and customer service occupations,35,8,27
S01010092,8. Process plant and machine operatives,35,31,4
S01010092,9. Elementary occupations,47,24,23
S01010093,All people aged 16 to 74 in employment,432,205,227
S01010093,1. Managers directors and senior officials,36,23,13
S01010093,2. Professional occupations,53,20,33
S01010093,3. Associate professional and technical occupations,39,18,21
S01010093,4. Administrative and secretarial occupations,71,11,60
S01010093,5. Skilled trades occupations,64,59,5
S01010093,6. Caring leisure and other service occupations,41,5,36
S01010093,7. Sales and customer service occupations,54,17,37
S01010093,8. Process plant and machine operatives,37,36,1
S01010093,9. Elementary occupations,37,16,21
S01010094,All people aged 16 to 74 in employment,340,165,175
S01010094,1. Managers directors and senior officials,17,10,7
S01010094,2. Professional occupations,53,26,27
S01010094,3. Associate professional and technical occupations,42,18,24
S01010094,4. Administrative and secretarial occupations,66,11,55
S01010094,5. Skilled trades occupations,47,42,5
S01010094,6. Caring leisure and other service occupations,22,4,18
S01010094,7. Sales and customer service occupations,39,17,22
S01010094,8. Process plant and machine operatives,29,26,3
S01010094,9. Elementary occupations,25,11,14
S01010095,All people aged 16 to 74 in employment,371,192,179
S01010095,1. Managers directors and senior officials,33,19,14
S01010095,2. Professional occupations,51,22,29
S01010095,3. Associate professional and technical occupations,53,29,24
S01010095,4. Administrative and secretarial occupations,57,14,43
S01010095,5. Skilled trades occupations,50,48,2
S01010095,6. Caring leisure and other service occupations,22,1,21
S01010095,7. Sales and customer service occupations,38,16,22
S01010095,8. Process plant and machine operatives,35,29,6
S01010095,9. Elementary occupations,32,14,18
S01010096,All people aged 16 to 74 in employment,391,186,205
S01010096,1. Managers directors and senior officials,32,25,7
S01010096,2. Professional occupations,60,19,41
S01010096,3. Associate professional and technical occupations,56,23,33
S01010096,4. Administrative and secretarial occupations,61,17,44
S01010096,5. Skilled trades occupations,45,43,2
S01010096,6. Caring leisure and other service occupations,27,3,24
S01010096,7. Sales and customer service occupations,55,18,37
S01010096,8. Process plant and machine operatives,25,23,2
S01010096,9. Elementary occupations,30,15,15
S01010097,All people aged 16 to 74 in employment,351,174,177
S01010097,1. Managers directors and senior officials,27,16,11
S01010097,2. Professional occupations,38,19,19
S01010097,3. Associate professional and technical occupations,40,24,16
S01010097,4. Administrative and secretarial occupations,59,12,47
S01010097,5. Skilled trades occupations,45,42,3
S01010097,6. Caring leisure and other service occupations,33,6,27
S01010097,7. Sales and customer service occupations,52,17,35
S01010097,8. Process plant and machine operatives,28,23,5
S01010097,9. Elementary occupations,29,15,14
S01010098,All people aged 16 to 74 in employment,368,191,177
S01010098,1. Managers directors and senior officials,25,18,7
S01010098,2. Professional occupations,53,18,35
S01010098,3. Associate professional and technical occupations,54,29,25
S01010098,4. Administrative and secretarial occupations,46,9,37
S01010098,5. Skilled trades occupations,40,38,2
S01010098,6. Caring leisure and other service occupations,34,9,25
S01010098,7. Sales and customer service occupations,52,20,32
S01010098,8. Process plant and machine operatives,35,33,2
S01010098,9. Elementary occupations,29,17,12
S01010099,All people aged 16 to 74 in employment,342,167,175
S01010099,1. Managers directors and senior officials,28,19,9
S01010099,2. Professional occupations,58,25,33
S01010099,3. Associate professional and technical occupations,37,16,21
S01010099,4. Administrative and secretarial occupations,65,13,52
S01010099,5. Skilled trades occupations,46,44,2
S01010099,6. Caring leisure and other service occupations,25,2,23
S01010099,7. Sales and customer service occupations,35,11,24
S01010099,8. Process plant and machine operatives,18,18,0
S01010099,9. Elementary occupations,30,19,11
S01010100,All people aged 16 to 74 in employment,421,210,211
S01010100,1. Managers directors and senior officials,33,24,9
S01010100,2. Professional occupations,52,18,34
S01010100,3. Associate professional and technical occupations,54,24,30
S01010100,4. Administrative and secretarial occupations,73,15,58
S01010100,5. Skilled trades occupations,58,56,2
S01010100,6. Caring leisure and other service occupations,34,3,31
S01010100,7. Sales and customer service occupations,43,16,27
S01010100,8. Process plant and machine operatives,35,31,4
S01010100,9. Elementary occupations,39,23,16
S01010101,All people aged 16 to 74 in employment,376,187,189
S01010101,1. Managers directors and senior officials,33,21,12
S01010101,2. Professional occupations,44,15,29
S01010101,3. Associate professional and technical occupations,42,22,20
S01010101,4. Administrative and secretarial occupations,63,13,50
S01010101,5. Skilled trades occupations,50,50,0
S01010101,6. Caring leisure and other service occupations,35,6,29
S01010101,7. Sales and customer service occupations,44,10,34
S01010101,8. Process plant and machine operatives,41,38,3
S01010101,9. Elementary occupations,24,12,12
S01010102,All people aged 16 to 74 in employment,559,268,291
S01010102,1. Managers directors and senior officials,50,33,17
S01010102,2. Professional occupations,100,49,51
S01010102,3. Associate professional and technical occupations,88,41,47
S01010102,4. Administrative and secretarial occupations,82,13,69
S01010102,5. Skilled trades occupations,61,56,5
S01010102,6. Caring leisure and other service occupations,48,9,39
S01010102,7. Sales and customer service occupations,73,21,52
S01010102,8. Process plant and machine operatives,32,30,2
S01010102,9. Elementary occupations,25,16,9
S01010103,All people aged 16 to 74 in employment,594,295,299
S01010103,1. Managers directors and senior officials,33,19,14
S01010103,2. Professional occupations,80,24,56
S01010103,3. Associate professional and technical occupations,72,33,39
S01010103,4. Administrative and secretarial occupations,94,19,75
S01010103,5. Skilled trades occupations,99,97,2
S01010103,6. Caring leisure and other service occupations,45,4,41
S01010103,7. Sales and customer service occupations,67,24,43
S01010103,8. Process plant and machine operatives,58,49,9
S01010103,9. Elementary occupations,46,26,20
S01010104,All people aged 16 to 74 in employment,434,223,211
S01010104,1. Managers directors and senior officials,47,28,19
S01010104,2. Professional occupations,63,30,33
S01010104,3. Associate professional and technical occupations,60,29,31
S01010104,4. Administrative and secretarial occupations,57,14,43
S01010104,5. Skilled trades occupations,55,52,3
S01010104,6. Caring leisure and other service occupations,37,5,32
S01010104,7. Sales and customer service occupations,47,15,32
S01010104,8. Process plant and machine operatives,37,35,2
S01010104,9. Elementary occupations,31,15,16
S01010105,All people aged 16 to 74 in employment,168,84,84
S01010105,1. Managers directors and senior officials,11,7,4
S01010105,2. Professional occupations,10,4,6
S01010105,3. Associate professional and technical occupations,17,9,8
S01010105,4. Administrative and secretarial occupations,14,5,9
S01010105,5. Skilled trades occupations,15,12,3
S01010105,6. Caring leisure and other service occupations,22,7,15
S01010105,7. Sales and customer service occupations,23,6,17
S01010105,8. Process plant and machine operatives,14,13,1
S01010105,9. Elementary occupations,42,21,21
S01010106,All people aged 16 to 74 in employment,150,71,79
S01010106,1. Managers directors and senior officials,8,3,5
S01010106,2. Professional occupations,8,1,7
S01010106,3. Associate professional and technical occupations,14,8,6
S01010106,4. Administrative and secretarial occupations,10,1,9
S01010106,5. Skilled trades occupations,17,15,2
S01010106,6. Caring leisure and other service occupations,17,2,15
S01010106,7. Sales and customer service occupations,17,5,12
S01010106,8. Process plant and machine operatives,23,19,4
S01010106,9. Elementary occupations,36,17,19
S01010107,All people aged 16 to 74 in employment,326,159,167
S01010107,1. Managers directors and senior officials,10,3,7
S01010107,2. Professional occupations,15,7,8
S01010107,3. Associate professional and technical occupations,22,12,10
S01010107,4. Administrative and secretarial occupations,32,5,27
S01010107,5. Skilled trades occupations,38,34,4
S01010107,6. Caring leisure and other service occupations,41,10,31
S01010107,7. Sales and customer service occupations,53,17,36
S01010107,8. Process plant and machine operatives,44,36,8
S01010107,9. Elementary occupations,71,35,36
S01010108,All people aged 16 to 74 in employment,331,157,174
S01010108,1. Managers directors and senior officials,13,9,4
S01010108,2. Professional occupations,17,11,6
S01010108,3. Associate professional and technical occupations,27,9,18
S01010108,4. Administrative and secretarial occupations,35,8,27
S01010108,5. Skilled trades occupations,43,37,6
S01010108,6. Caring leisure and other service occupations,49,5,44
S01010108,7. Sales and customer service occupations,34,11,23
S01010108,8. Process plant and machine operatives,50,40,10
S01010108,9. Elementary occupations,63,27,36
S01010109,All people aged 16 to 74 in employment,353,169,184
S01010109,1. Managers directors and senior officials,18,7,11
S01010109,2. Professional occupations,39,21,18
S01010109,3. Associate professional and technical occupations,32,13,19
S01010109,4. Administrative and secretarial occupations,41,7,34
S01010109,5. Skilled trades occupations,39,34,5
S01010109,6. Caring leisure and other service occupations,44,11,33
S01010109,7. Sales and customer service occupations,42,14,28
S01010109,8. Process plant and machine operatives,29,25,4
S01010109,9. Elementary occupations,69,37,32
S01010110,All people aged 16 to 74 in employment,264,115,149
S01010110,1. Managers directors and senior officials,9,2,7
S01010110,2. Professional occupations,11,5,6
S01010110,3. Associate professional and technical occupations,17,9,8
S01010110,4. Administrative and secretarial occupations,24,4,20
S01010110,5. Skilled trades occupations,35,27,8
S01010110,6. Caring leisure and other service occupations,35,9,26
S01010110,7. Sales and customer service occupations,39,10,29
S01010110,8. Process plant and machine operatives,23,18,5
S01010110,9. Elementary occupations,71,31,40
S01010111,All people aged 16 to 74 in employment,299,137,162
S01010111,1. Managers directors and senior officials,13,6,7
S01010111,2. Professional occupations,8,4,4
S01010111,3. Associate professional and technical occupations,30,11,19
S01010111,4. Administrative and secretarial occupations,24,5,19
S01010111,5. Skilled trades occupations,49,43,6
S01010111,6. Caring leisure and other service occupations,41,12,29
S01010111,7. Sales and customer service occupations,40,12,28
S01010111,8. Process plant and machine operatives,29,24,5
S01010111,9. Elementary occupations,65,20,45
S01010112,All people aged 16 to 74 in employment,311,138,173
S01010112,1. Managers directors and senior officials,12,5,7
S01010112,2. Professional occupations,12,4,8
S01010112,3. Associate professional and technical occupations,23,11,12
S01010112,4. Administrative and secretarial occupations,25,1,24
S01010112,5. Skilled trades occupations,34,33,1
S01010112,6. Caring leisure and other service occupations,42,9,33
S01010112,7. Sales and customer service occupations,54,13,41
S01010112,8. Process plant and machine operatives,27,23,4
S01010112,9. Elementary occupations,82,39,43
S01010113,All people aged 16 to 74 in employment,177,77,100
S01010113,1. Managers directors and senior officials,3,2,1
S01010113,2. Professional occupations,6,3,3
S01010113,3. Associate professional and technical occupations,18,8,10
S01010113,4. Administrative and secretarial occupations,26,5,21
S01010113,5. Skilled trades occupations,17,16,1
S01010113,6. Caring leisure and other service occupations,20,4,16
S01010113,7. Sales and customer service occupations,30,5,25
S01010113,8. Process plant and machine operatives,17,15,2
S01010113,9. Elementary occupations,40,19,21
S01010114,All people aged 16 to 74 in employment,225,106,119
S01010114,1. Managers directors and senior officials,3,3,0
S01010114,2. Professional occupations,5,3,2
S01010114,3. Associate professional and technical occupations,13,6,7
S01010114,4. Administrative and secretarial occupations,24,4,20
S01010114,5. Skilled trades occupations,21,20,1
S01010114,6. Caring leisure and other service occupations,36,12,24
S01010114,7. Sales and customer service occupations,34,13,21
S01010114,8. Process plant and machine operatives,27,22,5
S01010114,9. Elementary occupations,62,23,39
S01010115,All people aged 16 to 74 in employment,330,161,169
S01010115,1. Managers directors and senior officials,18,9,9
S01010115,2. Professional occupations,22,7,15
S01010115,3. Associate professional and technical occupations,31,16,15
S01010115,4. Administrative and secretarial occupations,40,7,33
S01010115,5. Skilled trades occupations,52,47,5
S01010115,6. Caring leisure and other service occupations,35,2,33
S01010115,7. Sales and customer service occupations,41,6,35
S01010115,8. Process plant and machine operatives,40,36,4
S01010115,9. Elementary occupations,51,31,20
S01010116,All people aged 16 to 74 in employment,572,280,292
S01010116,1. Managers directors and senior officials,44,22,22
S01010116,2. Professional occupations,51,25,26
S01010116,3. Associate professional and technical occupations,73,38,35
S01010116,4. Administrative and secretarial occupations,73,18,55
S01010116,5. Skilled trades occupations,70,65,5
S01010116,6. Caring leisure and other service occupations,56,8,48
S01010116,7. Sales and customer service occupations,75,20,55
S01010116,8. Process plant and machine operatives,53,49,4
S01010116,9. Elementary occupations,77,35,42
S01010117,All people aged 16 to 74 in employment,370,180,190
S01010117,1. Managers directors and senior officials,37,20,17
S01010117,2. Professional occupations,71,22,49
S01010117,3. Associate professional and technical occupations,55,27,28
S01010117,4. Administrative and secretarial occupations,48,12,36
S01010117,5. Skilled trades occupations,38,37,1
S01010117,6. Caring leisure and other service occupations,29,5,24
S01010117,7. Sales and customer service occupations,30,15,15
S01010117,8. Process plant and machine operatives,31,28,3
S01010117,9. Elementary occupations,31,14,17
S01010118,All people aged 16 to 74 in employment,171,75,96
S01010118,1. Managers directors and senior officials,5,1,4
S01010118,2. Professional occupations,8,6,2
S01010118,3. Associate professional and technical occupations,16,7,9
S01010118,4. Administrative and secretarial occupations,14,5,9
S01010118,5. Skilled trades occupations,13,13,0
S01010118,6. Caring leisure and other service occupations,33,9,24
S01010118,7. Sales and customer service occupations,22,3,19
S01010118,8. Process plant and machine operatives,14,11,3
S01010118,9. Elementary occupations,46,20,26
S01010119,All people aged 16 to 74 in employment,206,88,118
S01010119,1. Managers directors and senior officials,5,2,3
S01010119,2. Professional occupations,14,6,8
S01010119,3. Associate professional and technical occupations,18,11,7
S01010119,4. Administrative and secretarial occupations,13,0,13
S01010119,5. Skilled trades occupations,26,25,1
S01010119,6. Caring leisure and other service occupations,37,5,32
S01010119,7. Sales and customer service occupations,29,7,22
S01010119,8. Process plant and machine operatives,21,18,3
S01010119,9. Elementary occupations,43,14,29
S01010120,All people aged 16 to 74 in employment,317,149,168
S01010120,1. Managers directors and senior officials,9,5,4
S01010120,2. Professional occupations,10,2,8
S01010120,3. Associate professional and technical occupations,25,15,10
S01010120,4. Administrative and secretarial occupations,37,4,33
S01010120,5. Skilled trades occupations,35,34,1
S01010120,6. Caring leisure and other service occupations,34,9,25
S01010120,7. Sales and customer service occupations,50,13,37
S01010120,8. Process plant and machine operatives,32,26,6
S01010120,9. Elementary occupations,85,41,44
S01010121,All people aged 16 to 74 in employment,233,106,127
S01010121,1. Managers directors and senior officials,10,2,8
S01010121,2. Professional occupations,7,1,6
S01010121,3. Associate professional and technical occupations,15,11,4
S01010121,4. Administrative and secretarial occupations,20,4,16
S01010121,5. Skilled trades occupations,23,21,2
S01010121,6. Caring leisure and other service occupations,26,7,19
S01010121,7. Sales and customer service occupations,46,8,38
S01010121,8. Process plant and machine operatives,28,24,4
S01010121,9. Elementary occupations,58,28,30
S01010122,All people aged 16 to 74 in employment,119,65,54
S01010122,1. Managers directors and senior officials,3,1,2
S01010122,2. Professional occupations,4,3,1
S01010122,3. Associate professional and technical occupations,7,3,4
S01010122,4. Administrative and secretarial occupations,10,3,7
S01010122,5. Skilled trades occupations,19,17,2
S01010122,6. Caring leisure and other service occupations,14,6,8
S01010122,7. Sales and customer service occupations,13,6,7
S01010122,8. Process plant and machine operatives,16,15,1
S01010122,9. Elementary occupations,33,11,22
S01010123,All people aged 16 to 74 in employment,271,115,156
S01010123,1. Managers directors and senior officials,15,5,10
S01010123,2. Professional occupations,9,7,2
S01010123,3. Associate professional and technical occupations,17,9,8
S01010123,4. Administrative and secretarial occupations,31,4,27
S01010123,5. Skilled trades occupations,24,19,5
S01010123,6. Caring leisure and other service occupations,34,6,28
S01010123,7. Sales and customer service occupations,40,8,32
S01010123,8. Process plant and machine operatives,24,21,3
S01010123,9. Elementary occupations,77,36,41
S01010124,All people aged 16 to 74 in employment,330,151,179
S01010124,1. Managers directors and senior officials,13,5,8
S01010124,2. Professional occupations,20,8,12
S01010124,3. Associate professional and technical occupations,38,22,16
S01010124,4. Administrative and secretarial occupations,44,7,37
S01010124,5. Skilled trades occupations,44,37,7
S01010124,6. Caring leisure and other service occupations,48,6,42
S01010124,7. Sales and customer service occupations,47,15,32
S01010124,8. Process plant and machine operatives,36,34,2
S01010124,9. Elementary occupations,40,17,23
S01010125,All people aged 16 to 74 in employment,218,96,122
S01010125,1. Managers directors and senior officials,14,7,7
S01010125,2. Professional occupations,13,8,5
S01010125,3. Associate professional and technical occupations,17,4,13
S01010125,4. Administrative and secretarial occupations,28,6,22
S01010125,5. Skilled trades occupations,25,22,3
S01010125,6. Caring leisure and other service occupations,31,4,27
S01010125,7. Sales and customer service occupations,23,3,20
S01010125,8. Process plant and machine operatives,31,27,4
S01010125,9. Elementary occupations,36,15,21
S01010126,All people aged 16 to 74 in employment,359,175,184
S01010126,1. Managers directors and senior officials,26,9,17
S01010126,2. Professional occupations,31,11,20
S01010126,3. Associate professional and technical occupations,38,18,20
S01010126,4. Administrative and secretarial occupations,41,5,36
S01010126,5. Skilled trades occupations,57,50,7
S01010126,6. Caring leisure and other service occupations,35,3,32
S01010126,7. Sales and customer service occupations,32,8,24
S01010126,8. Process plant and machine operatives,47,44,3
S01010126,9. Elementary occupations,52,27,25
S01010127,All people aged 16 to 74 in employment,219,106,113
S01010127,1. Managers directors and senior officials,12,6,6
S01010127,2. Professional occupations,16,6,10
S01010127,3. Associate professional and technical occupations,14,9,5
S01010127,4. Administrative and secretarial occupations,33,7,26
S01010127,5. Skilled trades occupations,31,26,5
S01010127,6. Caring leisure and other service occupations,26,8,18
S01010127,7. Sales and customer service occupations,37,7,30
S01010127,8. Process plant and machine operatives,18,16,2
S01010127,9. Elementary occupations,32,21,11
S01010128,All people aged 16 to 74 in employment,137,56,81
S01010128,1. Managers directors and senior officials,7,2,5
S01010128,2. Professional occupations,7,2,5
S01010128,3. Associate professional and technical occupations,6,3,3
S01010128,4. Administrative and secretarial occupations,17,5,12
S01010128,5. Skilled trades occupations,16,14,2
S01010128,6. Caring leisure and other service occupations,22,3,19
S01010128,7. Sales and customer service occupations,20,3,17
S01010128,8. Process plant and machine operatives,11,9,2
S01010128,9. Elementary occupations,31,15,16
S01010129,All people aged 16 to 74 in employment,215,99,116
S01010129,1. Managers directors and senior officials,6,2,4
S01010129,2. Professional occupations,9,3,6
S01010129,3. Associate professional and technical occupations,14,6,8
S01010129,4. Administrative and secretarial occupations,16,7,9
S01010129,5. Skilled trades occupations,19,15,4
S01010129,6. Caring leisure and other service occupations,35,10,25
S01010129,7. Sales and customer service occupations,30,9,21
S01010129,8. Process plant and machine operatives,30,23,7
S01010129,9. Elementary occupations,56,24,32
S01010130,All people aged 16 to 74 in employment,134,59,75
S01010130,1. Managers directors and senior officials,7,5,2
S01010130,2. Professional occupations,6,3,3
S01010130,3. Associate professional and technical occupations,8,4,4
S01010130,4. Administrative and secretarial occupations,13,2,11
S01010130,5. Skilled trades occupations,15,13,2
S01010130,6. Caring leisure and other service occupations,19,3,16
S01010130,7. Sales and customer service occupations,21,4,17
S01010130,8. Process plant and machine operatives,11,6,5
S01010130,9. Elementary occupations,34,19,15
S01010131,All people aged 16 to 74 in employment,479,249,230
S01010131,1. Managers directors and senior officials,33,20,13
S01010131,2. Professional occupations,57,31,26
S01010131,3. Associate professional and technical occupations,51,22,29
S01010131,4. Administrative and secretarial occupations,75,20,55
S01010131,5. Skilled trades occupations,78,73,5
S01010131,6. Caring leisure and other service occupations,56,9,47
S01010131,7. Sales and customer service occupations,48,17,31
S01010131,8. Process plant and machine operatives,46,39,7
S01010131,9. Elementary occupations,35,18,17
S01010132,All people aged 16 to 74 in employment,294,134,160
S01010132,1. Managers directors and senior officials,7,4,3
S01010132,2. Professional occupations,16,5,11
S01010132,3. Associate professional and technical occupations,21,10,11
S01010132,4. Administrative and secretarial occupations,38,6,32
S01010132,5. Skilled trades occupations,41,35,6
S01010132,6. Caring leisure and other service occupations,36,4,32
S01010132,7. Sales and customer service occupations,36,11,25
S01010132,8. Process plant and machine operatives,35,26,9
S01010132,9. Elementary occupations,64,33,31
S01010133,All people aged 16 to 74 in employment,230,106,124
S01010133,1. Managers directors and senior officials,6,4,2
S01010133,2. Professional occupations,17,9,8
S01010133,3. Associate professional and technical occupations,21,10,11
S01010133,4. Administrative and secretarial occupations,28,5,23
S01010133,5. Skilled trades occupations,26,22,4
S01010133,6. Caring leisure and other service occupations,31,3,28
S01010133,7. Sales and customer service occupations,31,10,21
S01010133,8. Process plant and machine operatives,25,20,5
S01010133,9. Elementary occupations,45,23,22
S01010134,All people aged 16 to 74 in employment,376,181,195
S01010134,1. Managers directors and senior officials,17,13,4
S01010134,2. Professional occupations,30,8,22
S01010134,3. Associate professional and technical occupations,39,17,22
S01010134,4. Administrative and secretarial occupations,41,9,32
S01010134,5. Skilled trades occupations,41,38,3
S01010134,6. Caring leisure and other service occupations,47,8,39
S01010134,7. Sales and customer service occupations,46,13,33
S01010134,8. Process plant and machine operatives,44,37,7
S01010134,9. Elementary occupations,71,38,33
S01010135,All people aged 16 to 74 in employment,260,128,132
S01010135,1. Managers directors and senior officials,9,4,5
S01010135,2. Professional occupations,12,5,7
S01010135,3. Associate professional and technical occupations,17,10,7
S01010135,4. Administrative and secretarial occupations,29,7,22
S01010135,5. Skilled trades occupations,35,30,5
S01010135,6. Caring leisure and other service occupations,35,8,27
S01010135,7. Sales and customer service occupations,33,7,26
S01010135,8. Process plant and machine operatives,31,28,3
S01010135,9. Elementary occupations,59,29,30
S01010136,All people aged 16 to 74 in employment,367,185,182
S01010136,1. Managers directors and senior officials,19,10,9
S01010136,2. Professional occupations,32,12,20
S01010136,3. Associate professional and technical occupations,42,23,19
S01010136,4. Administrative and secretarial occupations,50,12,38
S01010136,5. Skilled trades occupations,45,43,2
S01010136,6. Caring leisure and other service occupations,47,15,32
S01010136,7. Sales and customer service occupations,50,21,29
S01010136,8. Process plant and machine operatives,33,25,8
S01010136,9. Elementary occupations,49,24,25
S01010137,All people aged 16 to 74 in employment,352,165,187
S01010137,1. Managers directors and senior officials,22,11,11
S01010137,2. Professional occupations,32,15,17
S01010137,3. Associate professional and technical occupations,47,19,28
S01010137,4. Administrative and secretarial occupations,46,7,39
S01010137,5. Skilled trades occupations,46,42,4
S01010137,6. Caring leisure and other service occupations,38,8,30
S01010137,7. Sales and customer service occupations,48,16,32
S01010137,8. Process plant and machine operatives,27,23,4
S01010137,9. Elementary occupations,46,24,22
S01010138,All people aged 16 to 74 in employment,254,137,117
S01010138,1. Managers directors and senior officials,14,9,5
S01010138,2. Professional occupations,15,7,8
S01010138,3. Associate professional and technical occupations,24,18,6
S01010138,4. Administrative and secretarial occupations,30,6,24
S01010138,5. Skilled trades occupations,26,24,2
S01010138,6. Caring leisure and other service occupations,33,6,27
S01010138,7. Sales and customer service occupations,32,17,15
S01010138,8. Process plant and machine operatives,33,27,6
S01010138,9. Elementary occupations,47,23,24
S01010139,All people aged 16 to 74 in employment,403,199,204
S01010139,1. Managers directors and senior officials,11,9,2
S01010139,2. Professional occupations,30,9,21
S01010139,3. Associate professional and technical occupations,38,17,21
S01010139,4. Administrative and secretarial occupations,56,10,46
S01010139,5. Skilled trades occupations,55,52,3
S01010139,6. Caring leisure and other service occupations,58,11,47
S01010139,7. Sales and customer service occupations,39,14,25
S01010139,8. Process plant and machine operatives,34,31,3
S01010139,9. Elementary occupations,82,46,36
S01010140,All people aged 16 to 74 in employment,407,204,203
S01010140,1. Managers directors and senior officials,25,13,12
S01010140,2. Professional occupations,46,27,19
S01010140,3. Associate professional and technical occupations,47,24,23
S01010140,4. Administrative and secretarial occupations,78,19,59
S01010140,5. Skilled trades occupations,44,39,5
S01010140,6. Caring leisure and other service occupations,30,6,24
S01010140,7. Sales and customer service occupations,53,16,37
S01010140,8. Process plant and machine operatives,32,31,1
S01010140,9. Elementary occupations,52,29,23
S01010141,All people aged 16 to 74 in employment,284,130,154
S01010141,1. Managers directors and senior officials,14,5,9
S01010141,2. Professional occupations,22,9,13
S01010141,3. Associate professional and technical occupations,23,12,11
S01010141,4. Administrative and secretarial occupations,29,5,24
S01010141,5. Skilled trades occupations,34,30,4
S01010141,6. Caring leisure and other service occupations,34,8,26
S01010141,7. Sales and customer service occupations,28,8,20
S01010141,8. Process plant and machine operatives,26,19,7
S01010141,9. Elementary occupations,74,34,40
S01010142,All people aged 16 to 74 in employment,257,119,138
S01010142,1. Managers directors and senior officials,17,8,9
S01010142,2. Professional occupations,12,3,9
S01010142,3. Associate professional and technical occupations,27,12,15
S01010142,4. Administrative and secretarial occupations,29,3,26
S01010142,5. Skilled trades occupations,42,39,3
S01010142,6. Caring leisure and other service occupations,35,5,30
S01010142,7. Sales and customer service occupations,35,7,28
S01010142,8. Process plant and machine operatives,24,21,3
S01010142,9. Elementary occupations,36,21,15
S01010143,All people aged 16 to 74 in employment,270,132,138
S01010143,1. Managers directors and senior officials,13,4,9
S01010143,2. Professional occupations,20,9,11
S01010143,3. Associate professional and technical occupations,22,13,9
S01010143,4. Administrative and secretarial occupations,25,6,19
S01010143,5. Skilled trades occupations,36,32,4
S01010143,6. Caring leisure and other service occupations,37,4,33
S01010143,7. Sales and customer service occupations,38,9,29
S01010143,8. Process plant and machine operatives,36,31,5
S01010143,9. Elementary occupations,43,24,19
S01010144,All people aged 16 to 74 in employment,330,169,161
S01010144,1. Managers directors and senior officials,18,8,10
S01010144,2. Professional occupations,25,9,16
S01010144,3. Associate professional and technical occupations,32,21,11
S01010144,4. Administrative and secretarial occupations,36,10,26
S01010144,5. Skilled trades occupations,35,32,3
S01010144,6. Caring leisure and other service occupations,44,12,32
S01010144,7. Sales and customer service occupations,44,20,24
S01010144,8. Process plant and machine operatives,45,32,13
S01010144,9. Elementary occupations,51,25,26
S01010145,All people aged 16 to 74 in employment,336,169,167
S01010145,1. Managers directors and senior officials,17,8,9
S01010145,2. Professional occupations,32,15,17
S01010145,3. Associate professional and technical occupations,24,11,13
S01010145,4. Administrative and secretarial occupations,44,6,38
S01010145,5. Skilled trades occupations,51,49,2
S01010145,6. Caring leisure and other service occupations,34,8,26
S01010145,7. Sales and customer service occupations,31,11,20
S01010145,8. Process plant and machine operatives,40,30,10
S01010145,9. Elementary occupations,63,31,32
S01010146,All people aged 16 to 74 in employment,304,146,158
S01010146,1. Managers directors and senior officials,12,4,8
S01010146,2. Professional occupations,16,6,10
S01010146,3. Associate professional and technical occupations,26,13,13
S01010146,4. Administrative and secretarial occupations,26,3,23
S01010146,5. Skilled trades occupations,40,38,2
S01010146,6. Caring leisure and other service occupations,44,12,32
S01010146,7. Sales and customer service occupations,40,6,34
S01010146,8. Process plant and machine operatives,46,36,10
S01010146,9. Elementary occupations,54,28,26
S01010147,All people aged 16 to 74 in employment,312,123,189
S01010147,1. Managers directors and senior officials,8,4,4
S01010147,2. Professional occupations,11,1,10
S01010147,3. Associate professional and technical occupations,24,10,14
S01010147,4. Administrative and secretarial occupations,36,5,31
S01010147,5. Skilled trades occupations,36,26,10
S01010147,6. Caring leisure and other service occupations,52,7,45
S01010147,7. Sales and customer service occupations,45,12,33
S01010147,8. Process plant and machine operatives,36,29,7
S01010147,9. Elementary occupations,64,29,35
S01010148,All people aged 16 to 74 in employment,249,110,139
S01010148,1. Managers directors and senior officials,9,3,6
S01010148,2. Professional occupations,13,6,7
S01010148,3. Associate professional and technical occupations,22,11,11
S01010148,4. Administrative and secretarial occupations,27,5,22
S01010148,5. Skilled trades occupations,23,20,3
S01010148,6. Caring leisure and other service occupations,39,10,29
S01010148,7. Sales and customer service occupations,32,9,23
S01010148,8. Process plant and machine operatives,27,25,2
S01010148,9. Elementary occupations,57,21,36
S01010149,All people aged 16 to 74 in employment,281,133,148
S01010149,1. Managers directors and senior officials,16,8,8
S01010149,2. Professional occupations,27,11,16
S01010149,3. Associate professional and technical occupations,47,23,24
S01010149,4. Administrative and secretarial occupations,29,4,25
S01010149,5. Skilled trades occupations,34,28,6
S01010149,6. Caring leisure and other service occupations,27,3,24
S01010149,7. Sales and customer service occupations,35,10,25
S01010149,8. Process plant and machine operatives,25,22,3
S01010149,9. Elementary occupations,41,24,17
S01010150,All people aged 16 to 74 in employment,200,103,97
S01010150,1. Managers directors and senior officials,5,3,2
S01010150,2. Professional occupations,13,7,6
S01010150,3. Associate professional and technical occupations,22,10,12
S01010150,4. Administrative and secretarial occupations,24,7,17
S01010150,5. Skilled trades occupations,25,18,7
S01010150,6. Caring leisure and other service occupations,28,6,22
S01010150,7. Sales and customer service occupations,16,4,12
S01010150,8. Process plant and machine operatives,25,22,3
S01010150,9. Elementary occupations,42,26,16
S01010151,All people aged 16 to 74 in employment,176,79,97
S01010151,1. Managers directors and senior officials,5,1,4
S01010151,2. Professional occupations,11,3,8
S01010151,3. Associate professional and technical occupations,17,9,8
S01010151,4. Administrative and secretarial occupations,22,2,20
S01010151,5. Skilled trades occupations,15,14,1
S01010151,6. Caring leisure and other service occupations,22,3,19
S01010151,7. Sales and customer service occupations,22,4,18
S01010151,8. Process plant and machine operatives,28,24,4
S01010151,9. Elementary occupations,34,19,15
S01010152,All people aged 16 to 74 in employment,338,163,175
S01010152,1. Managers directors and senior officials,11,4,7
S01010152,2. Professional occupations,15,6,9
S01010152,3. Associate professional and technical occupations,37,16,21
S01010152,4. Administrative and secretarial occupations,69,17,52
S01010152,5. Skilled trades occupations,34,29,5
S01010152,6. Caring leisure and other service occupations,41,11,30
S01010152,7. Sales and customer service occupations,34,16,18
S01010152,8. Process plant and machine operatives,33,30,3
S01010152,9. Elementary occupations,64,34,30
S01010153,All people aged 16 to 74 in employment,343,171,172
S01010153,1. Managers directors and senior officials,26,12,14
S01010153,2. Professional occupations,26,15,11
S01010153,3. Associate professional and technical occupations,32,20,12
S01010153,4. Administrative and secretarial occupations,42,12,30
S01010153,5. Skilled trades occupations,29,29,0
S01010153,6. Caring leisure and other service occupations,46,8,38
S01010153,7. Sales and customer service occupations,39,14,25
S01010153,8. Process plant and machine operatives,29,26,3
S01010153,9. Elementary occupations,74,35,39
S01010154,All people aged 16 to 74 in employment,284,131,153
S01010154,1. Managers directors and senior officials,8,4,4
S01010154,2. Professional occupations,19,6,13
S01010154,3. Associate professional and technical occupations,40,20,20
S01010154,4. Administrative and secretarial occupations,38,9,29
S01010154,5. Skilled trades occupations,30,27,3
S01010154,6. Caring leisure and other service occupations,38,5,33
S01010154,7. Sales and customer service occupations,26,5,21
S01010154,8. Process plant and machine operatives,34,29,5
S01010154,9. Elementary occupations,51,26,25
S01010155,All people aged 16 to 74 in employment,267,124,143
S01010155,1. Managers directors and senior officials,13,4,9
S01010155,2. Professional occupations,18,3,15
S01010155,3. Associate professional and technical occupations,17,8,9
S01010155,4. Administrative and secretarial occupations,40,14,26
S01010155,5. Skilled trades occupations,32,29,3
S01010155,6. Caring leisure and other service occupations,43,8,35
S01010155,7. Sales and customer service occupations,31,9,22
S01010155,8. Process plant and machine operatives,28,28,0
S01010155,9. Elementary occupations,45,21,24
S01010156,All people aged 16 to 74 in employment,186,98,88
S01010156,1. Managers directors and senior officials,7,3,4
S01010156,2. Professional occupations,12,7,5
S01010156,3. Associate professional and technical occupations,10,5,5
S01010156,4. Administrative and secretarial occupations,29,9,20
S01010156,5. Skilled trades occupations,20,20,0
S01010156,6. Caring leisure and other service occupations,24,6,18
S01010156,7. Sales and customer service occupations,21,8,13
S01010156,8. Process plant and machine operatives,19,14,5
S01010156,9. Elementary occupations,44,26,18
S01010157,All people aged 16 to 74 in employment,161,69,92
S01010157,1. Managers directors and senior officials,4,2,2
S01010157,2. Professional occupations,8,4,4
S01010157,3. Associate professional and technical occupations,8,3,5
S01010157,4. Administrative and secretarial occupations,16,3,13
S01010157,5. Skilled trades occupations,20,19,1
S01010157,6. Caring leisure and other service occupations,21,4,17
S01010157,7. Sales and customer service occupations,27,6,21
S01010157,8. Process plant and machine operatives,18,14,4
S01010157,9. Elementary occupations,39,14,25
S01010158,All people aged 16 to 74 in employment,343,161,182
S01010158,1. Managers directors and senior officials,6,2,4
S01010158,2. Professional occupations,28,7,21
S01010158,3. Associate professional and technical occupations,35,15,20
S01010158,4. Administrative and secretarial occupations,54,15,39
S01010158,5. Skilled trades occupations,47,40,7
S01010158,6. Caring leisure and other service occupations,52,8,44
S01010158,7. Sales and customer service occupations,30,12,18
S01010158,8. Process plant and machine operatives,41,37,4
S01010158,9. Elementary occupations,50,25,25
S01010159,All people aged 16 to 74 in employment,256,121,135
S01010159,1. Managers directors and senior officials,15,5,10
S01010159,2. Professional occupations,21,11,10
S01010159,3. Associate professional and technical occupations,27,13,14
S01010159,4. Administrative and secretarial occupations,20,6,14
S01010159,5. Skilled trades occupations,34,29,5
S01010159,6. Caring leisure and other service occupations,42,2,40
S01010159,7. Sales and customer service occupations,25,5,20
S01010159,8. Process plant and machine operatives,27,24,3
S01010159,9. Elementary occupations,45,26,19
S01010160,All people aged 16 to 74 in employment,204,111,93
S01010160,1. Managers directors and senior officials,1,0,1
S01010160,2. Professional occupations,11,4,7
S01010160,3. Associate professional and technical occupations,12,7,5
S01010160,4. Administrative and secretarial occupations,9,1,8
S01010160,5. Skilled trades occupations,34,33,1
S01010160,6. Caring leisure and other service occupations,24,4,20
S01010160,7. Sales and customer service occupations,13,7,6
S01010160,8. Process plant and machine operatives,27,24,3
S01010160,9. Elementary occupations,73,31,42
S01010161,All people aged 16 to 74 in employment,296,135,161
S01010161,1. Managers directors and senior officials,18,7,11
S01010161,2. Professional occupations,24,9,15
S01010161,3. Associate professional and technical occupations,22,13,9
S01010161,4. Administrative and secretarial occupations,36,5,31
S01010161,5. Skilled trades occupations,36,31,5
S01010161,6. Caring leisure and other service occupations,43,4,39
S01010161,7. Sales and customer service occupations,37,10,27
S01010161,8. Process plant and machine operatives,36,35,1
S01010161,9. Elementary occupations,44,21,23
S01010162,All people aged 16 to 74 in employment,218,81,137
S01010162,1. Managers directors and senior officials,8,2,6
S01010162,2. Professional occupations,11,2,9
S01010162,3. Associate professional and technical occupations,7,4,3
S01010162,4. Administrative and secretarial occupations,27,2,25
S01010162,5. Skilled trades occupations,23,21,2
S01010162,6. Caring leisure and other service occupations,37,8,29
S01010162,7. Sales and customer service occupations,33,7,26
S01010162,8. Process plant and machine operatives,21,19,2
S01010162,9. Elementary occupations,51,16,35
S01010163,All people aged 16 to 74 in employment,189,91,98
S01010163,1. Managers directors and senior officials,7,2,5
S01010163,2. Professional occupations,10,4,6
S01010163,3. Associate professional and technical occupations,19,9,10
S01010163,4. Administrative and secretarial occupations,25,6,19
S01010163,5. Skilled trades occupations,20,17,3
S01010163,6. Caring leisure and other service occupations,20,5,15
S01010163,7. Sales and customer service occupations,29,8,21
S01010163,8. Process plant and machine operatives,23,21,2
S01010163,9. Elementary occupations,36,19,17
S01010164,All people aged 16 to 74 in employment,266,122,144
S01010164,1. Managers directors and senior officials,16,10,6
S01010164,2. Professional occupations,12,5,7
S01010164,3. Associate professional and technical occupations,19,8,11
S01010164,4. Administrative and secretarial occupations,19,2,17
S01010164,5. Skilled trades occupations,34,33,1
S01010164,6. Caring leisure and other service occupations,43,8,35
S01010164,7. Sales and customer service occupations,33,7,26
S01010164,8. Process plant and machine operatives,33,29,4
S01010164,9. Elementary occupations,57,20,37
S01010165,All people aged 16 to 74 in employment,201,99,102
S01010165,1. Managers directors and senior officials,5,3,2
S01010165,2. Professional occupations,11,6,5
S01010165,3. Associate professional and technical occupations,13,5,8
S01010165,4. Administrative and secretarial occupations,14,3,11
S01010165,5. Skilled trades occupations,24,22,2
S01010165,6. Caring leisure and other service occupations,32,8,24
S01010165,7. Sales and customer service occupations,32,13,19
S01010165,8. Process plant and machine operatives,23,21,2
S01010165,9. Elementary occupations,47,18,29
S01010166,All people aged 16 to 74 in employment,272,129,143
S01010166,1. Managers directors and senior officials,11,4,7
S01010166,2. Professional occupations,10,2,8
S01010166,3. Associate professional and technical occupations,21,9,12
S01010166,4. Administrative and secretarial occupations,38,8,30
S01010166,5. Skilled trades occupations,34,30,4
S01010166,6. Caring leisure and other service occupations,39,8,31
S01010166,7. Sales and customer service occupations,32,11,21
S01010166,8. Process plant and machine operatives,31,28,3
S01010166,9. Elementary occupations,56,29,27
S01010167,All people aged 16 to 74 in employment,247,122,125
S01010167,1. Managers directors and senior officials,10,3,7
S01010167,2. Professional occupations,8,1,7
S01010167,3. Associate professional and technical occupations,10,4,6
S01010167,4. Administrative and secretarial occupations,30,6,24
S01010167,5. Skilled trades occupations,26,26,0
S01010167,6. Caring leisure and other service occupations,37,7,30
S01010167,7. Sales and customer service occupations,18,4,14
S01010167,8. Process plant and machine operatives,38,33,5
S01010167,9. Elementary occupations,70,38,32
S01010168,All people aged 16 to 74 in employment,220,94,126
S01010168,1. Managers directors and senior officials,8,4,4
S01010168,2. Professional occupations,14,4,10
S01010168,3. Associate professional and technical occupations,26,9,17
S01010168,4. Administrative and secretarial occupations,32,8,24
S01010168,5. Skilled trades occupations,27,26,1
S01010168,6. Caring leisure and other service occupations,29,4,25
S01010168,7. Sales and customer service occupations,33,5,28
S01010168,8. Process plant and machine operatives,20,20,0
S01010168,9. Elementary occupations,31,14,17
S01010169,All people aged 16 to 74 in employment,341,173,168
S01010169,1. Managers directors and senior officials,22,12,10
S01010169,2. Professional occupations,23,7,16
S01010169,3. Associate professional and technical occupations,37,20,17
S01010169,4. Administrative and secretarial occupations,34,8,26
S01010169,5. Skilled trades occupations,39,34,5
S01010169,6. Caring leisure and other service occupations,42,8,34
S01010169,7. Sales and customer service occupations,44,20,24
S01010169,8. Process plant and machine operatives,35,32,3
S01010169,9. Elementary occupations,65,32,33
S01010170,All people aged 16 to 74 in employment,217,107,110
S01010170,1. Managers directors and senior officials,4,2,2
S01010170,2. Professional occupations,10,2,8
S01010170,3. Associate professional and technical occupations,14,3,11
S01010170,4. Administrative and secretarial occupations,27,8,19
S01010170,5. Skilled trades occupations,30,30,0
S01010170,6. Caring leisure and other service occupations,27,6,21
S01010170,7. Sales and customer service occupations,32,7,25
S01010170,8. Process plant and machine operatives,28,27,1
S01010170,9. Elementary occupations,45,22,23
S01010171,All people aged 16 to 74 in employment,289,128,161
S01010171,1. Managers directors and senior officials,4,3,1
S01010171,2. Professional occupations,18,4,14
S01010171,3. Associate professional and technical occupations,10,5,5
S01010171,4. Administrative and secretarial occupations,32,3,29
S01010171,5. Skilled trades occupations,35,33,2
S01010171,6. Caring leisure and other service occupations,38,8,30
S01010171,7. Sales and customer service occupations,56,16,40
S01010171,8. Process plant and machine operatives,27,25,2
S01010171,9. Elementary occupations,69,31,38
S01010172,All people aged 16 to 74 in employment,235,116,119
S01010172,1. Managers directors and senior officials,11,2,9
S01010172,2. Professional occupations,31,14,17
S01010172,3. Associate professional and technical occupations,42,20,22
S01010172,4. Administrative and secretarial occupations,32,8,24
S01010172,5. Skilled trades occupations,23,23,0
S01010172,6. Caring leisure and other service occupations,24,8,16
S01010172,7. Sales and customer service occupations,18,6,12
S01010172,8. Process plant and machine operatives,27,24,3
S01010172,9. Elementary occupations,27,11,16
S01010173,All people aged 16 to 74 in employment,301,152,149
S01010173,1. Managers directors and senior officials,18,9,9
S01010173,2. Professional occupations,23,10,13
S01010173,3. Associate professional and technical occupations,25,13,12
S01010173,4. Administrative and secretarial occupations,34,5,29
S01010173,5. Skilled trades occupations,45,41,4
S01010173,6. Caring leisure and other service occupations,39,7,32
S01010173,7. Sales and customer service occupations,50,21,29
S01010173,8. Process plant and machine operatives,33,28,5
S01010173,9. Elementary occupations,34,18,16
S01010174,All people aged 16 to 74 in employment,326,200,126
S01010174,1. Managers directors and senior officials,15,8,7
S01010174,2. Professional occupations,18,8,10
S01010174,3. Associate professional and technical occupations,32,21,11
S01010174,4. Administrative and secretarial occupations,40,10,30
S01010174,5. Skilled trades occupations,66,65,1
S01010174,6. Caring leisure and other service occupations,30,9,21
S01010174,7. Sales and customer service occupations,39,15,24
S01010174,8. Process plant and machine operatives,31,30,1
S01010174,9. Elementary occupations,55,34,21
S01010175,All people aged 16 to 74 in employment,186,93,93
S01010175,1. Managers directors and senior officials,7,2,5
S01010175,2. Professional occupations,14,5,9
S01010175,3. Associate professional and technical occupations,19,14,5
S01010175,4. Administrative and secretarial occupations,23,2,21
S01010175,5. Skilled trades occupations,21,20,1
S01010175,6. Caring leisure and other service occupations,25,3,22
S01010175,7. Sales and customer service occupations,20,8,12
S01010175,8. Process plant and machine operatives,22,21,1
S01010175,9. Elementary occupations,35,18,17
S01010176,All people aged 16 to 74 in employment,250,128,122
S01010176,1. Managers directors and senior officials,21,8,13
S01010176,2. Professional occupations,22,7,15
S01010176,3. Associate professional and technical occupations,28,13,15
S01010176,4. Administrative and secretarial occupations,21,3,18
S01010176,5. Skilled trades occupations,33,33,0
S01010176,6. Caring leisure and other service occupations,34,9,25
S01010176,7. Sales and customer service occupations,29,9,20
S01010176,8. Process plant and machine operatives,22,20,2
S01010176,9. Elementary occupations,40,26,14
S01010177,All people aged 16 to 74 in employment,228,96,132
S01010177,1. Managers directors and senior officials,7,2,5
S01010177,2. Professional occupations,6,3,3
S01010177,3. Associate professional and technical occupations,18,10,8
S01010177,4. Administrative and secretarial occupations,28,6,22
S01010177,5. Skilled trades occupations,17,16,1
S01010177,6. Caring leisure and other service occupations,33,4,29
S01010177,7. Sales and customer service occupations,45,11,34
S01010177,8. Process plant and machine operatives,22,21,1
S01010177,9. Elementary occupations,52,23,29
S01010178,All people aged 16 to 74 in employment,317,140,177
S01010178,1. Managers directors and senior officials,13,6,7
S01010178,2. Professional occupations,6,2,4
S01010178,3. Associate professional and technical occupations,23,9,14
S01010178,4. Administrative and secretarial occupations,30,8,22
S01010178,5. Skilled trades occupations,29,23,6
S01010178,6. Caring leisure and other service occupations,63,12,51
S01010178,7. Sales and customer service occupations,51,18,33
S01010178,8. Process plant and machine operatives,34,33,1
S01010178,9. Elementary occupations,68,29,39
S01010179,All people aged 16 to 74 in employment,286,138,148
S01010179,1. Managers directors and senior officials,6,3,3
S01010179,2. Professional occupations,17,5,12
S01010179,3. Associate professional and technical occupations,14,9,5
S01010179,4. Administrative and secretarial occupations,20,7,13
S01010179,5. Skilled trades occupations,29,25,4
S01010179,6. Caring leisure and other service occupations,53,12,41
S01010179,7. Sales and customer service occupations,33,12,21
S01010179,8. Process plant and machine operatives,39,36,3
S01010179,9. Elementary occupations,75,29,46
S01010180,All people aged 16 to 74 in employment,256,119,137
S01010180,1. Managers directors and senior officials,13,7,6
S01010180,2. Professional occupations,31,14,17
S01010180,3. Associate professional and technical occupations,31,15,16
S01010180,4. Administrative and secretarial occupations,29,8,21
S01010180,5. Skilled trades occupations,35,30,5
S01010180,6. Caring leisure and other service occupations,26,4,22
S01010180,7. Sales and customer service occupations,22,6,16
S01010180,8. Process plant and machine operatives,21,16,5
S01010180,9. Elementary occupations,48,19,29
S01010181,All people aged 16 to 74 in employment,193,92,101
S01010181,1. Managers directors and senior officials,4,0,4
S01010181,2. Professional occupations,11,2,9
S01010181,3. Associate professional and technical occupations,17,13,4
S01010181,4. Administrative and secretarial occupations,24,3,21
S01010181,5. Skilled trades occupations,18,18,0
S01010181,6. Caring leisure and other service occupations,32,9,23
S01010181,7. Sales and customer service occupations,22,9,13
S01010181,8. Process plant and machine operatives,21,20,1
S01010181,9. Elementary occupations,44,18,26
S01010182,All people aged 16 to 74 in employment,385,200,185
S01010182,1. Managers directors and senior officials,33,26,7
S01010182,2. Professional occupations,49,21,28
S01010182,3. Associate professional and technical occupations,44,19,25
S01010182,4. Administrative and secretarial occupations,51,12,39
S01010182,5. Skilled trades occupations,45,38,7
S01010182,6. Caring leisure and other service occupations,39,4,35
S01010182,7. Sales and customer service occupations,43,17,26
S01010182,8. Process plant and machine operatives,44,42,2
S01010182,9. Elementary occupations,37,21,16
S01010183,All people aged 16 to 74 in employment,152,62,90
S01010183,1. Managers directors and senior officials,6,2,4
S01010183,2. Professional occupations,6,4,2
S01010183,3. Associate professional and technical occupations,14,6,8
S01010183,4. Administrative and secretarial occupations,18,5,13
S01010183,5. Skilled trades occupations,14,11,3
S01010183,6. Caring leisure and other service occupations,31,6,25
S01010183,7. Sales and customer service occupations,16,3,13
S01010183,8. Process plant and machine operatives,15,12,3
S01010183,9. Elementary occupations,32,13,19
S01010184,All people aged 16 to 74 in employment,222,94,128
S01010184,1. Managers directors and senior officials,7,1,6
S01010184,2. Professional occupations,11,2,9
S01010184,3. Associate professional and technical occupations,11,5,6
S01010184,4. Administrative and secretarial occupations,25,4,21
S01010184,5. Skilled trades occupations,36,32,4
S01010184,6. Caring leisure and other service occupations,41,7,34
S01010184,7. Sales and customer service occupations,23,4,19
S01010184,8. Process plant and machine operatives,19,16,3
S01010184,9. Elementary occupations,49,23,26
S01010185,All people aged 16 to 74 in employment,217,89,128
S01010185,1. Managers directors and senior officials,5,2,3
S01010185,2. Professional occupations,10,4,6
S01010185,3. Associate professional and technical occupations,15,7,8
S01010185,4. Administrative and secretarial occupations,15,1,14
S01010185,5. Skilled trades occupations,30,26,4
S01010185,6. Caring leisure and other service occupations,37,8,29
S01010185,7. Sales and customer service occupations,36,4,32
S01010185,8. Process plant and machine operatives,19,16,3
S01010185,9. Elementary occupations,50,21,29
S01010186,All people aged 16 to 74 in employment,343,167,176
S01010186,1. Managers directors and senior officials,20,14,6
S01010186,2. Professional occupations,37,13,24
S01010186,3. Associate professional and technical occupations,40,25,15
S01010186,4. Administrative and secretarial occupations,50,9,41
S01010186,5. Skilled trades occupations,41,36,5
S01010186,6. Caring leisure and other service occupations,31,1,30
S01010186,7. Sales and customer service occupations,45,11,34
S01010186,8. Process plant and machine operatives,35,33,2
S01010186,9. Elementary occupations,44,25,19
S01010187,All people aged 16 to 74 in employment,388,187,201
S01010187,1. Managers directors and senior officials,19,9,10
S01010187,2. Professional occupations,39,11,28
S01010187,3. Associate professional and technical occupations,50,28,22
S01010187,4. Administrative and secretarial occupations,65,12,53
S01010187,5. Skilled trades occupations,58,47,11
S01010187,6. Caring leisure and other service occupations,43,8,35
S01010187,7. Sales and customer service occupations,33,10,23
S01010187,8. Process plant and machine operatives,35,34,1
S01010187,9. Elementary occupations,46,28,18
S01010188,All people aged 16 to 74 in employment,401,206,195
S01010188,1. Managers directors and senior officials,38,26,12
S01010188,2. Professional occupations,75,29,46
S01010188,3. Associate professional and technical occupations,56,35,21
S01010188,4. Administrative and secretarial occupations,64,16,48
S01010188,5. Skilled trades occupations,36,34,2
S01010188,6. Caring leisure and other service occupations,32,6,26
S01010188,7. Sales and customer service occupations,38,16,22
S01010188,8. Process plant and machine operatives,35,32,3
S01010188,9. Elementary occupations,27,12,15
S01010189,All people aged 16 to 74 in employment,582,295,287
S01010189,1. Managers directors and senior officials,39,24,15
S01010189,2. Professional occupations,107,42,65
S01010189,3. Associate professional and technical occupations,86,43,43
S01010189,4. Administrative and secretarial occupations,88,22,66
S01010189,5. Skilled trades occupations,72,67,5
S01010189,6. Caring leisure and other service occupations,52,9,43
S01010189,7. Sales and customer service occupations,48,26,22
S01010189,8. Process plant and machine operatives,43,40,3
S01010189,9. Elementary occupations,47,22,25
S01010190,All people aged 16 to 74 in employment,449,233,216
S01010190,1. Managers directors and senior officials,73,60,13
S01010190,2. Professional occupations,107,43,64
S01010190,3. Associate professional and technical occupations,77,46,31
S01010190,4. Administrative and secretarial occupations,45,9,36
S01010190,5. Skilled trades occupations,41,34,7
S01010190,6. Caring leisure and other service occupations,21,4,17
S01010190,7. Sales and customer service occupations,42,10,32
S01010190,8. Process plant and machine operatives,16,16,0
S01010190,9. Elementary occupations,27,11,16
S01010191,All people aged 16 to 74 in employment,395,196,199
S01010191,1. Managers directors and senior officials,30,20,10
S01010191,2. Professional occupations,72,37,35
S01010191,3. Associate professional and technical occupations,68,26,42
S01010191,4. Administrative and secretarial occupations,53,12,41
S01010191,5. Skilled trades occupations,45,40,5
S01010191,6. Caring leisure and other service occupations,40,8,32
S01010191,7. Sales and customer service occupations,26,8,18
S01010191,8. Process plant and machine operatives,31,31,0
S01010191,9. Elementary occupations,30,14,16
S01010192,All people aged 16 to 74 in employment,480,249,231
S01010192,1. Managers directors and senior officials,47,35,12
S01010192,2. Professional occupations,78,36,42
S01010192,3. Associate professional and technical occupations,70,33,37
S01010192,4. Administrative and secretarial occupations,69,22,47
S01010192,5. Skilled trades occupations,60,49,11
S01010192,6. Caring leisure and other service occupations,34,2,32
S01010192,7. Sales and customer service occupations,59,24,35
S01010192,8. Process plant and machine operatives,36,28,8
S01010192,9. Elementary occupations,27,20,7
S01010193,All people aged 16 to 74 in employment,406,205,201
S01010193,1. Managers directors and senior officials,27,19,8
S01010193,2. Professional occupations,65,23,42
S01010193,3. Associate professional and technical occupations,62,38,24
S01010193,4. Administrative and secretarial occupations,51,5,46
S01010193,5. Skilled trades occupations,48,46,2
S01010193,6. Caring leisure and other service occupations,38,6,32
S01010193,7. Sales and customer service occupations,40,11,29
S01010193,8. Process plant and machine operatives,42,39,3
S01010193,9. Elementary occupations,33,18,15
S01010194,All people aged 16 to 74 in employment,243,109,134
S01010194,1. Managers directors and senior officials,8,3,5
S01010194,2. Professional occupations,14,7,7
S01010194,3. Associate professional and technical occupations,25,10,15
S01010194,4. Administrative and secretarial occupations,36,6,30
S01010194,5. Skilled trades occupations,30,29,1
S01010194,6. Caring leisure and other service occupations,30,5,25
S01010194,7. Sales and customer service occupations,28,5,23
S01010194,8. Process plant and machine operatives,15,14,1
S01010194,9. Elementary occupations,57,30,27
S01010195,All people aged 16 to 74 in employment,208,103,105
S01010195,1. Managers directors and senior officials,6,4,2
S01010195,2. Professional occupations,11,7,4
S01010195,3. Associate professional and technical occupations,20,8,12
S01010195,4. Administrative and secretarial occupations,32,4,28
S01010195,5. Skilled trades occupations,29,28,1
S01010195,6. Caring leisure and other service occupations,23,4,19
S01010195,7. Sales and customer service occupations,26,5,21
S01010195,8. Process plant and machine operatives,27,26,1
S01010195,9. Elementary occupations,34,17,17
S01010196,All people aged 16 to 74 in employment,251,119,132
S01010196,1. Managers directors and senior officials,7,2,5
S01010196,2. Professional occupations,16,7,9
S01010196,3. Associate professional and technical occupations,21,7,14
S01010196,4. Administrative and secretarial occupations,33,8,25
S01010196,5. Skilled trades occupations,32,32,0
S01010196,6. Caring leisure and other service occupations,38,2,36
S01010196,7. Sales and customer service occupations,25,10,15
S01010196,8. Process plant and machine operatives,26,25,1
S01010196,9. Elementary occupations,53,26,27
S01010197,All people aged 16 to 74 in employment,264,114,150
S01010197,1. Managers directors and senior officials,8,6,2
S01010197,2. Professional occupations,12,5,7
S01010197,3. Associate professional and technical occupations,18,6,12
S01010197,4. Administrative and secretarial occupations,31,5,26
S01010197,5. Skilled trades occupations,36,30,6
S01010197,6. Caring leisure and other service occupations,34,10,24
S01010197,7. Sales and customer service occupations,33,4,29
S01010197,8. Process plant and machine operatives,26,20,6
S01010197,9. Elementary occupations,66,28,38
S01010198,All people aged 16 to 74 in employment,341,156,185
S01010198,1. Managers directors and senior officials,17,7,10
S01010198,2. Professional occupations,21,9,12
S01010198,3. Associate professional and technical occupations,27,16,11
S01010198,4. Administrative and secretarial occupations,28,4,24
S01010198,5. Skilled trades occupations,36,33,3
S01010198,6. Caring leisure and other service occupations,54,8,46
S01010198,7. Sales and customer service occupations,48,13,35
S01010198,8. Process plant and machine operatives,29,27,2
S01010198,9. Elementary occupations,81,39,42
S01010199,All people aged 16 to 74 in employment,182,76,106
S01010199,1. Managers directors and senior officials,5,1,4
S01010199,2. Professional occupations,11,6,5
S01010199,3. Associate professional and technical occupations,13,6,7
S01010199,4. Administrative and secretarial occupations,20,2,18
S01010199,5. Skilled trades occupations,21,21,0
S01010199,6. Caring leisure and other service occupations,30,6,24
S01010199,7. Sales and customer service occupations,26,7,19
S01010199,8. Process plant and machine operatives,13,11,2
S01010199,9. Elementary occupations,43,16,27
S01010200,All people aged 16 to 74 in employment,259,123,136
S01010200,1. Managers directors and senior officials,7,3,4
S01010200,2. Professional occupations,16,8,8
S01010200,3. Associate professional and technical occupations,22,12,10
S01010200,4. Administrative and secretarial occupations,34,5,29
S01010200,5. Skilled trades occupations,37,34,3
S01010200,6. Caring leisure and other service occupations,35,3,32
S01010200,7. Sales and customer service occupations,35,13,22
S01010200,8. Process plant and machine operatives,27,25,2
S01010200,9. Elementary occupations,46,20,26
S01010201,All people aged 16 to 74 in employment,290,147,143
S01010201,1. Managers directors and senior officials,13,11,2
S01010201,2. Professional occupations,13,4,9
S01010201,3. Associate professional and technical occupations,22,5,17
S01010201,4. Administrative and secretarial occupations,43,6,37
S01010201,5. Skilled trades occupations,49,47,2
S01010201,6. Caring leisure and other service occupations,44,6,38
S01010201,7. Sales and customer service occupations,29,9,20
S01010201,8. Process plant and machine operatives,37,37,0
S01010201,9. Elementary occupations,40,22,18
S01010202,All people aged 16 to 74 in employment,201,92,109
S01010202,1. Managers directors and senior officials,10,3,7
S01010202,2. Professional occupations,13,8,5
S01010202,3. Associate professional and technical occupations,16,8,8
S01010202,4. Administrative and secretarial occupations,17,3,14
S01010202,5. Skilled trades occupations,21,20,1
S01010202,6. Caring leisure and other service occupations,33,4,29
S01010202,7. Sales and customer service occupations,23,4,19
S01010202,8. Process plant and machine operatives,13,13,0
S01010202,9. Elementary occupations,55,29,26
S01010203,All people aged 16 to 74 in employment,370,183,187
S01010203,1. Managers directors and senior officials,24,15,9
S01010203,2. Professional occupations,34,15,19
S01010203,3. Associate professional and technical occupations,49,25,24
S01010203,4. Administrative and secretarial occupations,56,8,48
S01010203,5. Skilled trades occupations,46,44,2
S01010203,6. Caring leisure and other service occupations,33,9,24
S01010203,7. Sales and customer service occupations,44,11,33
S01010203,8. Process plant and machine operatives,34,30,4
S01010203,9. Elementary occupations,50,26,24
S01010204,All people aged 16 to 74 in employment,253,97,156
S01010204,1. Managers directors and senior officials,5,1,4
S01010204,2. Professional occupations,16,7,9
S01010204,3. Associate professional and technical occupations,16,4,12
S01010204,4. Administrative and secretarial occupations,18,3,15
S01010204,5. Skilled trades occupations,25,21,4
S01010204,6. Caring leisure and other service occupations,49,10,39
S01010204,7. Sales and customer service occupations,28,5,23
S01010204,8. Process plant and machine operatives,17,16,1
S01010204,9. Elementary occupations,79,30,49
S01010205,All people aged 16 to 74 in employment,287,126,161
S01010205,1. Managers directors and senior officials,9,3,6
S01010205,2. Professional occupations,29,9,20
S01010205,3. Associate professional and technical occupations,35,19,16
S01010205,4. Administrative and secretarial occupations,30,7,23
S01010205,5. Skilled trades occupations,23,21,2
S01010205,6. Caring leisure and other service occupations,47,7,40
S01010205,7. Sales and customer service occupations,27,8,19
S01010205,8. Process plant and machine operatives,27,24,3
S01010205,9. Elementary occupations,60,28,32
S01010206,All people aged 16 to 74 in employment,43,25,18
S01010206,1. Managers directors and senior officials,3,2,1
S01010206,2. Professional occupations,3,2,1
S01010206,3. Associate professional and technical occupations,3,1,2
S01010206,4. Administrative and secretarial occupations,2,0,2
S01010206,5. Skilled trades occupations,7,7,0
S01010206,6. Caring leisure and other service occupations,4,2,2
S01010206,7. Sales and customer service occupations,2,1,1
S01010206,8. Process plant and machine operatives,2,1,1
S01010206,9. Elementary occupations,17,9,8
S01010207,All people aged 16 to 74 in employment,134,68,66
S01010207,1. Managers directors and senior officials,8,3,5
S01010207,2. Professional occupations,10,5,5
S01010207,3. Associate professional and technical occupations,7,2,5
S01010207,4. Administrative and secretarial occupations,9,2,7
S01010207,5. Skilled trades occupations,17,16,1
S01010207,6. Caring leisure and other service occupations,17,6,11
S01010207,7. Sales and customer service occupations,23,9,14
S01010207,8. Process plant and machine operatives,12,12,0
S01010207,9. Elementary occupations,31,13,18
S01010208,All people aged 16 to 74 in employment,471,236,235
S01010208,1. Managers directors and senior officials,28,14,14
S01010208,2. Professional occupations,46,27,19
S01010208,3. Associate professional and technical occupations,71,32,39
S01010208,4. Administrative and secretarial occupations,79,22,57
S01010208,5. Skilled trades occupations,49,40,9
S01010208,6. Caring leisure and other service occupations,47,5,42
S01010208,7. Sales and customer service occupations,43,16,27
S01010208,8. Process plant and machine operatives,35,32,3
S01010208,9. Elementary occupations,73,48,25
S01010209,All people aged 16 to 74 in employment,357,177,180
S01010209,1. Managers directors and senior officials,19,9,10
S01010209,2. Professional occupations,51,16,35
S01010209,3. Associate professional and technical occupations,38,20,18
S01010209,4. Administrative and secretarial occupations,31,7,24
S01010209,5. Skilled trades occupations,55,48,7
S01010209,6. Caring leisure and other service occupations,40,8,32
S01010209,7. Sales and customer service occupations,38,17,21
S01010209,8. Process plant and machine operatives,30,27,3
S01010209,9. Elementary occupations,55,25,30
S01010210,All people aged 16 to 74 in employment,349,157,192
S01010210,1. Managers directors and senior officials,16,10,6
S01010210,2. Professional occupations,50,19,31
S01010210,3. Associate professional and technical occupations,45,14,31
S01010210,4. Administrative and secretarial occupations,40,8,32
S01010210,5. Skilled trades occupations,41,36,5
S01010210,6. Caring leisure and other service occupations,37,10,27
S01010210,7. Sales and customer service occupations,43,11,32
S01010210,8. Process plant and machine operatives,29,28,1
S01010210,9. Elementary occupations,48,21,27
S01010211,All people aged 16 to 74 in employment,262,116,146
S01010211,1. Managers directors and senior officials,9,5,4
S01010211,2. Professional occupations,23,10,13
S01010211,3. Associate professional and technical occupations,19,11,8
S01010211,4. Administrative and secretarial occupations,40,10,30
S01010211,5. Skilled trades occupations,27,26,1
S01010211,6. Caring leisure and other service occupations,34,4,30
S01010211,7. Sales and customer service occupations,28,6,22
S01010211,8. Process plant and machine operatives,20,16,4
S01010211,9. Elementary occupations,62,28,34
S01010212,All people aged 16 to 74 in employment,342,167,175
S01010212,1. Managers directors and senior officials,8,4,4
S01010212,2. Professional occupations,22,11,11
S01010212,3. Associate professional and technical occupations,24,10,14
S01010212,4. Administrative and secretarial occupations,38,14,24
S01010212,5. Skilled trades occupations,40,34,6
S01010212,6. Caring leisure and other service occupations,49,11,38
S01010212,7. Sales and customer service occupations,47,11,36
S01010212,8. Process plant and machine operatives,26,24,2
S01010212,9. Elementary occupations,88,48,40
S01010213,All people aged 16 to 74 in employment,353,175,178
S01010213,1. Managers directors and senior officials,12,6,6
S01010213,2. Professional occupations,15,7,8
S01010213,3. Associate professional and technical occupations,32,15,17
S01010213,4. Administrative and secretarial occupations,50,11,39
S01010213,5. Skilled trades occupations,45,36,9
S01010213,6. Caring leisure and other service occupations,52,16,36
S01010213,7. Sales and customer service occupations,39,14,25
S01010213,8. Process plant and machine operatives,46,43,3
S01010213,9. Elementary occupations,62,27,35
S01010214,All people aged 16 to 74 in employment,440,210,230
S01010214,1. Managers directors and senior officials,26,9,17
S01010214,2. Professional occupations,41,19,22
S01010214,3. Associate professional and technical occupations,49,28,21
S01010214,4. Administrative and secretarial occupations,64,14,50
S01010214,5. Skilled trades occupations,49,41,8
S01010214,6. Caring leisure and other service occupations,54,7,47
S01010214,7. Sales and customer service occupations,51,16,35
S01010214,8. Process plant and machine operatives,48,42,6
S01010214,9. Elementary occupations,58,34,24
S01010215,All people aged 16 to 74 in employment,247,106,141
S01010215,1. Managers directors and senior officials,7,5,2
S01010215,2. Professional occupations,12,4,8
S01010215,3. Associate professional and technical occupations,12,4,8
S01010215,4. Administrative and secretarial occupations,28,5,23
S01010215,5. Skilled trades occupations,30,25,5
S01010215,6. Caring leisure and other service occupations,51,18,33
S01010215,7. Sales and customer service occupations,38,6,32
S01010215,8. Process plant and machine operatives,20,19,1
S01010215,9. Elementary occupations,49,20,29
S01010216,All people aged 16 to 74 in employment,215,108,107
S01010216,1. Managers directors and senior officials,7,0,7
S01010216,2. Professional occupations,16,5,11
S01010216,3. Associate professional and technical occupations,21,13,8
S01010216,4. Administrative and secretarial occupations,14,7,7
S01010216,5. Skilled trades occupations,19,18,1
S01010216,6. Caring leisure and other service occupations,39,7,32
S01010216,7. Sales and customer service occupations,27,11,16
S01010216,8. Process plant and machine operatives,13,13,0
S01010216,9. Elementary occupations,59,34,25
S01010217,All people aged 16 to 74 in employment,279,150,129
S01010217,1. Managers directors and senior officials,11,7,4
S01010217,2. Professional occupations,26,12,14
S01010217,3. Associate professional and technical occupations,34,14,20
S01010217,4. Administrative and secretarial occupations,35,12,23
S01010217,5. Skilled trades occupations,29,29,0
S01010217,6. Caring leisure and other service occupations,24,5,19
S01010217,7. Sales and customer service occupations,35,18,17
S01010217,8. Process plant and machine operatives,23,23,0
S01010217,9. Elementary occupations,62,30,32
S01010218,All people aged 16 to 74 in employment,452,234,218
S01010218,1. Managers directors and senior officials,17,7,10
S01010218,2. Professional occupations,50,15,35
S01010218,3. Associate professional and technical occupations,55,28,27
S01010218,4. Administrative and secretarial occupations,52,13,39
S01010218,5. Skilled trades occupations,43,42,1
S01010218,6. Caring leisure and other service occupations,59,19,40
S01010218,7. Sales and customer service occupations,54,21,33
S01010218,8. Process plant and machine operatives,42,37,5
S01010218,9. Elementary occupations,80,52,28
S01010219,All people aged 16 to 74 in employment,172,97,75
S01010219,1. Managers directors and senior officials,7,4,3
S01010219,2. Professional occupations,11,5,6
S01010219,3. Associate professional and technical occupations,9,5,4
S01010219,4. Administrative and secretarial occupations,12,9,3
S01010219,5. Skilled trades occupations,10,9,1
S01010219,6. Caring leisure and other service occupations,30,8,22
S01010219,7. Sales and customer service occupations,34,14,20
S01010219,8. Process plant and machine operatives,8,6,2
S01010219,9. Elementary occupations,51,37,14
S01010220,All people aged 16 to 74 in employment,339,200,139
S01010220,1. Managers directors and senior officials,30,24,6
S01010220,2. Professional occupations,99,52,47
S01010220,3. Associate professional and technical occupations,67,45,22
S01010220,4. Administrative and secretarial occupations,30,15,15
S01010220,5. Skilled trades occupations,20,16,4
S01010220,6. Caring leisure and other service occupations,18,7,11
S01010220,7. Sales and customer service occupations,39,19,20
S01010220,8. Process plant and machine operatives,12,12,0
S01010220,9. Elementary occupations,24,10,14
S01010221,All people aged 16 to 74 in employment,158,75,83
S01010221,1. Managers directors and senior officials,9,4,5
S01010221,2. Professional occupations,6,5,1
S01010221,3. Associate professional and technical occupations,11,4,7
S01010221,4. Administrative and secretarial occupations,17,5,12
S01010221,5. Skilled trades occupations,18,16,2
S01010221,6. Caring leisure and other service occupations,31,8,23
S01010221,7. Sales and customer service occupations,20,10,10
S01010221,8. Process plant and machine operatives,10,9,1
S01010221,9. Elementary occupations,36,14,22
S01010222,All people aged 16 to 74 in employment,234,128,106
S01010222,1. Managers directors and senior officials,11,9,2
S01010222,2. Professional occupations,20,10,10
S01010222,3. Associate professional and technical occupations,21,16,5
S01010222,4. Administrative and secretarial occupations,36,10,26
S01010222,5. Skilled trades occupations,45,39,6
S01010222,6. Caring leisure and other service occupations,29,7,22
S01010222,7. Sales and customer service occupations,24,4,20
S01010222,8. Process plant and machine operatives,15,15,0
S01010222,9. Elementary occupations,33,18,15
S01010223,All people aged 16 to 74 in employment,224,119,105
S01010223,1. Managers directors and senior officials,13,8,5
S01010223,2. Professional occupations,20,10,10
S01010223,3. Associate professional and technical occupations,19,10,9
S01010223,4. Administrative and secretarial occupations,22,7,15
S01010223,5. Skilled trades occupations,24,21,3
S01010223,6. Caring leisure and other service occupations,22,7,15
S01010223,7. Sales and customer service occupations,35,9,26
S01010223,8. Process plant and machine operatives,25,22,3
S01010223,9. Elementary occupations,44,25,19
S01010224,All people aged 16 to 74 in employment,318,146,172
S01010224,1. Managers directors and senior officials,11,6,5
S01010224,2. Professional occupations,25,12,13
S01010224,3. Associate professional and technical occupations,28,15,13
S01010224,4. Administrative and secretarial occupations,26,6,20
S01010224,5. Skilled trades occupations,28,23,5
S01010224,6. Caring leisure and other service occupations,51,6,45
S01010224,7. Sales and customer service occupations,41,20,21
S01010224,8. Process plant and machine operatives,24,22,2
S01010224,9. Elementary occupations,84,36,48
S01010225,All people aged 16 to 74 in employment,328,171,157
S01010225,1. Managers directors and senior officials,22,16,6
S01010225,2. Professional occupations,37,17,20
S01010225,3. Associate professional and technical occupations,43,22,21
S01010225,4. Administrative and secretarial occupations,36,8,28
S01010225,5. Skilled trades occupations,28,25,3
S01010225,6. Caring leisure and other service occupations,46,11,35
S01010225,7. Sales and customer service occupations,34,14,20
S01010225,8. Process plant and machine operatives,16,15,1
S01010225,9. Elementary occupations,66,43,23
S01010226,All people aged 16 to 74 in employment,239,129,110
S01010226,1. Managers directors and senior officials,12,7,5
S01010226,2. Professional occupations,24,9,15
S01010226,3. Associate professional and technical occupations,11,4,7
S01010226,4. Administrative and secretarial occupations,10,3,7
S01010226,5. Skilled trades occupations,26,25,1
S01010226,6. Caring leisure and other service occupations,29,7,22
S01010226,7. Sales and customer service occupations,30,15,15
S01010226,8. Process plant and machine operatives,13,12,1
S01010226,9. Elementary occupations,84,47,37
S01010227,All people aged 16 to 74 in employment,169,105,64
S01010227,1. Managers directors and senior officials,7,5,2
S01010227,2. Professional occupations,19,11,8
S01010227,3. Associate professional and technical occupations,7,5,2
S01010227,4. Administrative and secretarial occupations,10,3,7
S01010227,5. Skilled trades occupations,21,19,2
S01010227,6. Caring leisure and other service occupations,21,6,15
S01010227,7. Sales and customer service occupations,20,11,9
S01010227,8. Process plant and machine operatives,13,12,1
S01010227,9. Elementary occupations,51,33,18
S01010228,All people aged 16 to 74 in employment,217,92,125
S01010228,1. Managers directors and senior officials,6,3,3
S01010228,2. Professional occupations,7,2,5
S01010228,3. Associate professional and technical occupations,20,7,13
S01010228,4. Administrative and secretarial occupations,23,1,22
S01010228,5. Skilled trades occupations,24,23,1
S01010228,6. Caring leisure and other service occupations,32,9,23
S01010228,7. Sales and customer service occupations,31,5,26
S01010228,8. Process plant and machine operatives,21,20,1
S01010228,9. Elementary occupations,53,22,31
S01010229,All people aged 16 to 74 in employment,437,205,232
S01010229,1. Managers directors and senior officials,19,11,8
S01010229,2. Professional occupations,38,21,17
S01010229,3. Associate professional and technical occupations,34,15,19
S01010229,4. Administrative and secretarial occupations,52,10,42
S01010229,5. Skilled trades occupations,53,44,9
S01010229,6. Caring leisure and other service occupations,60,11,49
S01010229,7. Sales and customer service occupations,47,11,36
S01010229,8. Process plant and machine operatives,34,32,2
S01010229,9. Elementary occupations,100,50,50
S01010230,All people aged 16 to 74 in employment,324,205,119
S01010230,1. Managers directors and senior officials,8,4,4
S01010230,2. Professional occupations,28,17,11
S01010230,3. Associate professional and technical occupations,26,15,11
S01010230,4. Administrative and secretarial occupations,22,12,10
S01010230,5. Skilled trades occupations,17,16,1
S01010230,6. Caring leisure and other service occupations,41,11,30
S01010230,7. Sales and customer service occupations,31,17,14
S01010230,8. Process plant and machine operatives,20,17,3
S01010230,9. Elementary occupations,131,96,35
S01010231,All people aged 16 to 74 in employment,368,170,198
S01010231,1. Managers directors and senior officials,12,6,6
S01010231,2. Professional occupations,18,9,9
S01010231,3. Associate professional and technical occupations,24,10,14
S01010231,4. Administrative and secretarial occupations,49,14,35
S01010231,5. Skilled trades occupations,35,29,6
S01010231,6. Caring leisure and other service occupations,74,14,60
S01010231,7. Sales and customer service occupations,38,13,25
S01010231,8. Process plant and machine operatives,16,16,0
S01010231,9. Elementary occupations,102,59,43
S01010232,All people aged 16 to 74 in employment,392,194,198
S01010232,1. Managers directors and senior officials,16,13,3
S01010232,2. Professional occupations,24,12,12
S01010232,3. Associate professional and technical occupations,28,7,21
S01010232,4. Administrative and secretarial occupations,37,15,22
S01010232,5. Skilled trades occupations,31,26,5
S01010232,6. Caring leisure and other service occupations,54,12,42
S01010232,7. Sales and customer service occupations,50,17,33
S01010232,8. Process plant and machine operatives,25,23,2
S01010232,9. Elementary occupations,127,69,58
S01010233,All people aged 16 to 74 in employment,289,153,136
S01010233,1. Managers directors and senior officials,14,8,6
S01010233,2. Professional occupations,21,12,9
S01010233,3. Associate professional and technical occupations,24,12,12
S01010233,4. Administrative and secretarial occupations,26,9,17
S01010233,5. Skilled trades occupations,22,18,4
S01010233,6. Caring leisure and other service occupations,46,12,34
S01010233,7. Sales and customer service occupations,26,10,16
S01010233,8. Process plant and machine operatives,28,25,3
S01010233,9. Elementary occupations,82,47,35
S01010234,All people aged 16 to 74 in employment,515,269,246
S01010234,1. Managers directors and senior officials,33,19,14
S01010234,2. Professional occupations,134,64,70
S01010234,3. Associate professional and technical occupations,85,44,41
S01010234,4. Administrative and secretarial occupations,56,25,31
S01010234,5. Skilled trades occupations,34,29,5
S01010234,6. Caring leisure and other service occupations,37,11,26
S01010234,7. Sales and customer service occupations,49,19,30
S01010234,8. Process plant and machine operatives,25,22,3
S01010234,9. Elementary occupations,62,36,26
S01010235,All people aged 16 to 74 in employment,550,281,269
S01010235,1. Managers directors and senior officials,43,27,16
S01010235,2. Professional occupations,182,77,105
S01010235,3. Associate professional and technical occupations,93,52,41
S01010235,4. Administrative and secretarial occupations,46,20,26
S01010235,5. Skilled trades occupations,32,27,5
S01010235,6. Caring leisure and other service occupations,20,5,15
S01010235,7. Sales and customer service occupations,68,27,41
S01010235,8. Process plant and machine operatives,12,10,2
S01010235,9. Elementary occupations,54,36,18
S01010236,All people aged 16 to 74 in employment,410,211,199
S01010236,1. Managers directors and senior officials,23,11,12
S01010236,2. Professional occupations,104,52,52
S01010236,3. Associate professional and technical occupations,72,43,29
S01010236,4. Administrative and secretarial occupations,45,15,30
S01010236,5. Skilled trades occupations,40,34,6
S01010236,6. Caring leisure and other service occupations,31,7,24
S01010236,7. Sales and customer service occupations,43,18,25
S01010236,8. Process plant and machine operatives,9,9,0
S01010236,9. Elementary occupations,43,22,21
S01010237,All people aged 16 to 74 in employment,382,214,168
S01010237,1. Managers directors and senior officials,28,14,14
S01010237,2. Professional occupations,90,43,47
S01010237,3. Associate professional and technical occupations,76,45,31
S01010237,4. Administrative and secretarial occupations,40,14,26
S01010237,5. Skilled trades occupations,33,32,1
S01010237,6. Caring leisure and other service occupations,26,9,17
S01010237,7. Sales and customer service occupations,38,23,15
S01010237,8. Process plant and machine operatives,10,10,0
S01010237,9. Elementary occupations,41,24,17
S01010238,All people aged 16 to 74 in employment,474,247,227
S01010238,1. Managers directors and senior officials,33,17,16
S01010238,2. Professional occupations,94,49,45
S01010238,3. Associate professional and technical occupations,84,49,35
S01010238,4. Administrative and secretarial occupations,50,19,31
S01010238,5. Skilled trades occupations,36,31,5
S01010238,6. Caring leisure and other service occupations,39,11,28
S01010238,7. Sales and customer service occupations,59,25,34
S01010238,8. Process plant and machine operatives,19,18,1
S01010238,9. Elementary occupations,60,28,32
S01010239,All people aged 16 to 74 in employment,314,167,147
S01010239,1. Managers directors and senior officials,12,6,6
S01010239,2. Professional occupations,36,20,16
S01010239,3. Associate professional and technical occupations,26,16,10
S01010239,4. Administrative and secretarial occupations,38,12,26
S01010239,5. Skilled trades occupations,21,18,3
S01010239,6. Caring leisure and other service occupations,44,23,21
S01010239,7. Sales and customer service occupations,41,20,21
S01010239,8. Process plant and machine operatives,17,16,1
S01010239,9. Elementary occupations,79,36,43
S01010240,All people aged 16 to 74 in employment,358,161,197
S01010240,1. Managers directors and senior officials,22,13,9
S01010240,2. Professional occupations,58,24,34
S01010240,3. Associate professional and technical occupations,72,30,42
S01010240,4. Administrative and secretarial occupations,47,11,36
S01010240,5. Skilled trades occupations,22,21,1
S01010240,6. Caring leisure and other service occupations,31,8,23
S01010240,7. Sales and customer service occupations,37,14,23
S01010240,8. Process plant and machine operatives,16,14,2
S01010240,9. Elementary occupations,53,26,27
S01010241,All people aged 16 to 74 in employment,500,244,256
S01010241,1. Managers directors and senior officials,37,21,16
S01010241,2. Professional occupations,75,27,48
S01010241,3. Associate professional and technical occupations,79,38,41
S01010241,4. Administrative and secretarial occupations,76,30,46
S01010241,5. Skilled trades occupations,33,30,3
S01010241,6. Caring leisure and other service occupations,47,9,38
S01010241,7. Sales and customer service occupations,41,16,25
S01010241,8. Process plant and machine operatives,29,25,4
S01010241,9. Elementary occupations,83,48,35
S01010242,All people aged 16 to 74 in employment,368,186,182
S01010242,1. Managers directors and senior officials,18,11,7
S01010242,2. Professional occupations,46,22,24
S01010242,3. Associate professional and technical occupations,47,23,24
S01010242,4. Administrative and secretarial occupations,53,19,34
S01010242,5. Skilled trades occupations,26,18,8
S01010242,6. Caring leisure and other service occupations,37,14,23
S01010242,7. Sales and customer service occupations,58,25,33
S01010242,8. Process plant and machine operatives,26,24,2
S01010242,9. Elementary occupations,57,30,27
S01010243,All people aged 16 to 74 in employment,448,222,226
S01010243,1. Managers directors and senior officials,23,11,12
S01010243,2. Professional occupations,45,16,29
S01010243,3. Associate professional and technical occupations,52,24,28
S01010243,4. Administrative and secretarial occupations,73,32,41
S01010243,5. Skilled trades occupations,30,29,1
S01010243,6. Caring leisure and other service occupations,43,14,29
S01010243,7. Sales and customer service occupations,53,22,31
S01010243,8. Process plant and machine operatives,29,19,10
S01010243,9. Elementary occupations,100,55,45
S01010244,All people aged 16 to 74 in employment,238,122,116
S01010244,1. Managers directors and senior officials,16,7,9
S01010244,2. Professional occupations,26,9,17
S01010244,3. Associate professional and technical occupations,20,14,6
S01010244,4. Administrative and secretarial occupations,26,10,16
S01010244,5. Skilled trades occupations,25,21,4
S01010244,6. Caring leisure and other service occupations,29,8,21
S01010244,7. Sales and customer service occupations,34,11,23
S01010244,8. Process plant and machine operatives,14,13,1
S01010244,9. Elementary occupations,48,29,19
S01010245,All people aged 16 to 74 in employment,267,110,157
S01010245,1. Managers directors and senior officials,10,4,6
S01010245,2. Professional occupations,5,4,1
S01010245,3. Associate professional and technical occupations,11,4,7
S01010245,4. Administrative and secretarial occupations,12,3,9
S01010245,5. Skilled trades occupations,28,23,5
S01010245,6. Caring leisure and other service occupations,35,4,31
S01010245,7. Sales and customer service occupations,28,7,21
S01010245,8. Process plant and machine operatives,31,27,4
S01010245,9. Elementary occupations,107,34,73
S01010246,All people aged 16 to 74 in employment,304,158,146
S01010246,1. Managers directors and senior officials,11,6,5
S01010246,2. Professional occupations,18,9,9
S01010246,3. Associate professional and technical occupations,21,9,12
S01010246,4. Administrative and secretarial occupations,26,13,13
S01010246,5. Skilled trades occupations,35,34,1
S01010246,6. Caring leisure and other service occupations,40,6,34
S01010246,7. Sales and customer service occupations,39,10,29
S01010246,8. Process plant and machine operatives,26,24,2
S01010246,9. Elementary occupations,88,47,41
S01010247,All people aged 16 to 74 in employment,365,182,183
S01010247,1. Managers directors and senior officials,15,8,7
S01010247,2. Professional occupations,26,9,17
S01010247,3. Associate professional and technical occupations,47,20,27
S01010247,4. Administrative and secretarial occupations,51,11,40
S01010247,5. Skilled trades occupations,51,48,3
S01010247,6. Caring leisure and other service occupations,38,9,29
S01010247,7. Sales and customer service occupations,36,10,26
S01010247,8. Process plant and machine operatives,40,35,5
S01010247,9. Elementary occupations,61,32,29
S01010248,All people aged 16 to 74 in employment,515,253,262
S01010248,1. Managers directors and senior officials,35,20,15
S01010248,2. Professional occupations,159,72,87
S01010248,3. Associate professional and technical occupations,94,54,40
S01010248,4. Administrative and secretarial occupations,46,15,31
S01010248,5. Skilled trades occupations,30,25,5
S01010248,6. Caring leisure and other service occupations,32,12,20
S01010248,7. Sales and customer service occupations,58,22,36
S01010248,8. Process plant and machine operatives,14,12,2
S01010248,9. Elementary occupations,47,21,26
S01010249,All people aged 16 to 74 in employment,392,209,183
S01010249,1. Managers directors and senior officials,23,16,7
S01010249,2. Professional occupations,75,32,43
S01010249,3. Associate professional and technical occupations,63,32,31
S01010249,4. Administrative and secretarial occupations,44,19,25
S01010249,5. Skilled trades occupations,21,20,1
S01010249,6. Caring leisure and other service occupations,28,15,13
S01010249,7. Sales and customer service occupations,58,27,31
S01010249,8. Process plant and machine operatives,12,10,2
S01010249,9. Elementary occupations,68,38,30
S01010250,All people aged 16 to 74 in employment,476,242,234
S01010250,1. Managers directors and senior officials,32,18,14
S01010250,2. Professional occupations,135,60,75
S01010250,3. Associate professional and technical occupations,76,39,37
S01010250,4. Administrative and secretarial occupations,49,17,32
S01010250,5. Skilled trades occupations,26,22,4
S01010250,6. Caring leisure and other service occupations,26,13,13
S01010250,7. Sales and customer service occupations,65,27,38
S01010250,8. Process plant and machine operatives,16,12,4
S01010250,9. Elementary occupations,51,34,17
S01010251,All people aged 16 to 74 in employment,401,213,188
S01010251,1. Managers directors and senior officials,14,9,5
S01010251,2. Professional occupations,99,50,49
S01010251,3. Associate professional and technical occupations,81,47,34
S01010251,4. Administrative and secretarial occupations,52,21,31
S01010251,5. Skilled trades occupations,25,23,2
S01010251,6. Caring leisure and other service occupations,16,6,10
S01010251,7. Sales and customer service occupations,50,18,32
S01010251,8. Process plant and machine operatives,19,14,5
S01010251,9. Elementary occupations,45,25,20
S01010252,All people aged 16 to 74 in employment,353,186,167
S01010252,1. Managers directors and senior officials,19,14,5
S01010252,2. Professional occupations,88,47,41
S01010252,3. Associate professional and technical occupations,77,45,32
S01010252,4. Administrative and secretarial occupations,42,13,29
S01010252,5. Skilled trades occupations,21,20,1
S01010252,6. Caring leisure and other service occupations,18,2,16
S01010252,7. Sales and customer service occupations,46,24,22
S01010252,8. Process plant and machine operatives,8,5,3
S01010252,9. Elementary occupations,34,16,18
S01010253,All people aged 16 to 74 in employment,209,99,110
S01010253,1. Managers directors and senior officials,9,5,4
S01010253,2. Professional occupations,22,11,11
S01010253,3. Associate professional and technical occupations,25,14,11
S01010253,4. Administrative and secretarial occupations,25,4,21
S01010253,5. Skilled trades occupations,21,19,2
S01010253,6. Caring leisure and other service occupations,25,5,20
S01010253,7. Sales and customer service occupations,24,11,13
S01010253,8. Process plant and machine operatives,18,17,1
S01010253,9. Elementary occupations,40,13,27
S01010254,All people aged 16 to 74 in employment,471,235,236
S01010254,1. Managers directors and senior officials,20,9,11
S01010254,2. Professional occupations,57,32,25
S01010254,3. Associate professional and technical occupations,65,30,35
S01010254,4. Administrative and secretarial occupations,57,16,41
S01010254,5. Skilled trades occupations,52,44,8
S01010254,6. Caring leisure and other service occupations,53,18,35
S01010254,7. Sales and customer service occupations,80,30,50
S01010254,8. Process plant and machine operatives,25,22,3
S01010254,9. Elementary occupations,62,34,28
S01010255,All people aged 16 to 74 in employment,231,105,126
S01010255,1. Managers directors and senior officials,8,2,6
S01010255,2. Professional occupations,23,14,9
S01010255,3. Associate professional and technical occupations,31,20,11
S01010255,4. Administrative and secretarial occupations,27,8,19
S01010255,5. Skilled trades occupations,21,18,3
S01010255,6. Caring leisure and other service occupations,29,4,25
S01010255,7. Sales and customer service occupations,30,10,20
S01010255,8. Process plant and machine operatives,11,8,3
S01010255,9. Elementary occupations,51,21,30
S01010256,All people aged 16 to 74 in employment,329,149,180
S01010256,1. Managers directors and senior officials,10,3,7
S01010256,2. Professional occupations,28,11,17
S01010256,3. Associate professional and technical occupations,39,20,19
S01010256,4. Administrative and secretarial occupations,41,13,28
S01010256,5. Skilled trades occupations,28,24,4
S01010256,6. Caring leisure and other service occupations,53,14,39
S01010256,7. Sales and customer service occupations,42,14,28
S01010256,8. Process plant and machine operatives,33,29,4
S01010256,9. Elementary occupations,55,21,34
S01010257,All people aged 16 to 74 in employment,321,165,156
S01010257,1. Managers directors and senior officials,25,10,15
S01010257,2. Professional occupations,63,34,29
S01010257,3. Associate professional and technical occupations,56,29,27
S01010257,4. Administrative and secretarial occupations,33,20,13
S01010257,5. Skilled trades occupations,22,19,3
S01010257,6. Caring leisure and other service occupations,20,5,15
S01010257,7. Sales and customer service occupations,47,21,26
S01010257,8. Process plant and machine operatives,6,6,0
S01010257,9. Elementary occupations,49,21,28
S01010258,All people aged 16 to 74 in employment,464,237,227
S01010258,1. Managers directors and senior officials,25,18,7
S01010258,2. Professional occupations,127,67,60
S01010258,3. Associate professional and technical occupations,83,47,36
S01010258,4. Administrative and secretarial occupations,34,13,21
S01010258,5. Skilled trades occupations,14,12,2
S01010258,6. Caring leisure and other service occupations,21,6,15
S01010258,7. Sales and customer service occupations,96,39,57
S01010258,8. Process plant and machine operatives,3,2,1
S01010258,9. Elementary occupations,61,33,28
S01010259,All people aged 16 to 74 in employment,332,165,167
S01010259,1. Managers directors and senior officials,7,3,4
S01010259,2. Professional occupations,26,19,7
S01010259,3. Associate professional and technical occupations,37,18,19
S01010259,4. Administrative and secretarial occupations,21,8,13
S01010259,5. Skilled trades occupations,38,35,3
S01010259,6. Caring leisure and other service occupations,40,13,27
S01010259,7. Sales and customer service occupations,68,27,41
S01010259,8. Process plant and machine operatives,11,11,0
S01010259,9. Elementary occupations,84,31,53
S01010260,All people aged 16 to 74 in employment,659,371,288
S01010260,1. Managers directors and senior officials,52,34,18
S01010260,2. Professional occupations,162,106,56
S01010260,3. Associate professional and technical occupations,83,49,34
S01010260,4. Administrative and secretarial occupations,61,26,35
S01010260,5. Skilled trades occupations,31,30,1
S01010260,6. Caring leisure and other service occupations,30,11,19
S01010260,7. Sales and customer service occupations,124,44,80
S01010260,8. Process plant and machine operatives,19,15,4
S01010260,9. Elementary occupations,97,56,41
S01010261,All people aged 16 to 74 in employment,620,254,366
S01010261,1. Managers directors and senior officials,20,12,8
S01010261,2. Professional occupations,40,20,20
S01010261,3. Associate professional and technical occupations,50,18,32
S01010261,4. Administrative and secretarial occupations,38,15,23
S01010261,5. Skilled trades occupations,29,25,4
S01010261,6. Caring leisure and other service occupations,59,22,37
S01010261,7. Sales and customer service occupations,160,55,105
S01010261,8. Process plant and machine operatives,13,10,3
S01010261,9. Elementary occupations,211,77,134
S01010262,All people aged 16 to 74 in employment,259,134,125
S01010262,1. Managers directors and senior officials,13,5,8
S01010262,2. Professional occupations,21,11,10
S01010262,3. Associate professional and technical occupations,27,13,14
S01010262,4. Administrative and secretarial occupations,21,7,14
S01010262,5. Skilled trades occupations,26,25,1
S01010262,6. Caring leisure and other service occupations,30,14,16
S01010262,7. Sales and customer service occupations,42,19,23
S01010262,8. Process plant and machine operatives,16,15,1
S01010262,9. Elementary occupations,63,25,38
S01010263,All people aged 16 to 74 in employment,441,268,173
S01010263,1. Managers directors and senior officials,43,33,10
S01010263,2. Professional occupations,143,94,49
S01010263,3. Associate professional and technical occupations,86,47,39
S01010263,4. Administrative and secretarial occupations,40,15,25
S01010263,5. Skilled trades occupations,14,12,2
S01010263,6. Caring leisure and other service occupations,14,2,12
S01010263,7. Sales and customer service occupations,50,29,21
S01010263,8. Process plant and machine operatives,5,5,0
S01010263,9. Elementary occupations,46,31,15
S01010264,All people aged 16 to 74 in employment,470,249,221
S01010264,1. Managers directors and senior officials,42,29,13
S01010264,2. Professional occupations,143,80,63
S01010264,3. Associate professional and technical occupations,76,37,39
S01010264,4. Administrative and secretarial occupations,41,15,26
S01010264,5. Skilled trades occupations,21,17,4
S01010264,6. Caring leisure and other service occupations,26,10,16
S01010264,7. Sales and customer service occupations,58,22,36
S01010264,8. Process plant and machine operatives,7,7,0
S01010264,9. Elementary occupations,56,32,24
S01010265,All people aged 16 to 74 in employment,588,304,284
S01010265,1. Managers directors and senior officials,65,40,25
S01010265,2. Professional occupations,189,105,84
S01010265,3. Associate professional and technical occupations,124,67,57
S01010265,4. Administrative and secretarial occupations,49,20,29
S01010265,5. Skilled trades occupations,14,13,1
S01010265,6. Caring leisure and other service occupations,15,6,9
S01010265,7. Sales and customer service occupations,76,27,49
S01010265,8. Process plant and machine operatives,4,4,0
S01010265,9. Elementary occupations,52,22,30
S01010266,All people aged 16 to 74 in employment,251,135,116
S01010266,1. Managers directors and senior officials,31,14,17
S01010266,2. Professional occupations,71,36,35
S01010266,3. Associate professional and technical occupations,35,25,10
S01010266,4. Administrative and secretarial occupations,19,10,9
S01010266,5. Skilled trades occupations,12,11,1
S01010266,6. Caring leisure and other service occupations,11,4,7
S01010266,7. Sales and customer service occupations,31,13,18
S01010266,8. Process plant and machine operatives,4,3,1
S01010266,9. Elementary occupations,37,19,18
S01010267,All people aged 16 to 74 in employment,333,192,141
S01010267,1. Managers directors and senior officials,10,7,3
S01010267,2. Professional occupations,80,56,24
S01010267,3. Associate professional and technical occupations,55,33,22
S01010267,4. Administrative and secretarial occupations,24,12,12
S01010267,5. Skilled trades occupations,27,23,4
S01010267,6. Caring leisure and other service occupations,15,2,13
S01010267,7. Sales and customer service occupations,47,22,25
S01010267,8. Process plant and machine operatives,10,8,2
S01010267,9. Elementary occupations,65,29,36
S01010268,All people aged 16 to 74 in employment,390,196,194
S01010268,1. Managers directors and senior officials,20,13,7
S01010268,2. Professional occupations,103,52,51
S01010268,3. Associate professional and technical occupations,70,37,33
S01010268,4. Administrative and secretarial occupations,43,20,23
S01010268,5. Skilled trades occupations,16,11,5
S01010268,6. Caring leisure and other service occupations,13,6,7
S01010268,7. Sales and customer service occupations,55,20,35
S01010268,8. Process plant and machine operatives,9,8,1
S01010268,9. Elementary occupations,61,29,32
S01010269,All people aged 16 to 74 in employment,245,149,96
S01010269,1. Managers directors and senior officials,19,16,3
S01010269,2. Professional occupations,62,38,24
S01010269,3. Associate professional and technical occupations,37,22,15
S01010269,4. Administrative and secretarial occupations,26,17,9
S01010269,5. Skilled trades occupations,16,16,0
S01010269,6. Caring leisure and other service occupations,16,7,9
S01010269,7. Sales and customer service occupations,22,12,10
S01010269,8. Process plant and machine operatives,6,5,1
S01010269,9. Elementary occupations,41,16,25
S01010270,All people aged 16 to 74 in employment,381,223,158
S01010270,1. Managers directors and senior officials,26,19,7
S01010270,2. Professional occupations,85,44,41
S01010270,3. Associate professional and technical occupations,57,43,14
S01010270,4. Administrative and secretarial occupations,47,21,26
S01010270,5. Skilled trades occupations,21,20,1
S01010270,6. Caring leisure and other service occupations,18,9,9
S01010270,7. Sales and customer service occupations,37,18,19
S01010270,8. Process plant and machine operatives,19,17,2
S01010270,9. Elementary occupations,71,32,39
S01010271,All people aged 16 to 74 in employment,330,149,181
S01010271,1. Managers directors and senior officials,23,13,10
S01010271,2. Professional occupations,57,25,32
S01010271,3. Associate professional and technical occupations,41,22,19
S01010271,4. Administrative and secretarial occupations,28,14,14
S01010271,5. Skilled trades occupations,15,14,1
S01010271,6. Caring leisure and other service occupations,31,13,18
S01010271,7. Sales and customer service occupations,61,18,43
S01010271,8. Process plant and machine operatives,5,5,0
S01010271,9. Elementary occupations,69,25,44
S01010272,All people aged 16 to 74 in employment,437,276,161
S01010272,1. Managers directors and senior officials,34,22,12
S01010272,2. Professional occupations,119,84,35
S01010272,3. Associate professional and technical occupations,58,37,21
S01010272,4. Administrative and secretarial occupations,41,18,23
S01010272,5. Skilled trades occupations,25,22,3
S01010272,6. Caring leisure and other service occupations,33,22,11
S01010272,7. Sales and customer service occupations,53,21,32
S01010272,8. Process plant and machine operatives,17,15,2
S01010272,9. Elementary occupations,57,35,22
S01010273,All people aged 16 to 74 in employment,438,260,178
S01010273,1. Managers directors and senior officials,36,23,13
S01010273,2. Professional occupations,108,76,32
S01010273,3. Associate professional and technical occupations,95,66,29
S01010273,4. Administrative and secretarial occupations,44,24,20
S01010273,5. Skilled trades occupations,11,10,1
S01010273,6. Caring leisure and other service occupations,13,5,8
S01010273,7. Sales and customer service occupations,67,31,36
S01010273,8. Process plant and machine operatives,2,2,0
S01010273,9. Elementary occupations,62,23,39
S01010274,All people aged 16 to 74 in employment,355,234,121
S01010274,1. Managers directors and senior officials,34,25,9
S01010274,2. Professional occupations,112,73,39
S01010274,3. Associate professional and technical occupations,65,48,17
S01010274,4. Administrative and secretarial occupations,19,9,10
S01010274,5. Skilled trades occupations,17,15,2
S01010274,6. Caring leisure and other service occupations,20,12,8
S01010274,7. Sales and customer service occupations,45,21,24
S01010274,8. Process plant and machine operatives,5,4,1
S01010274,9. Elementary occupations,38,27,11
S01010275,All people aged 16 to 74 in employment,395,216,179
S01010275,1. Managers directors and senior officials,34,23,11
S01010275,2. Professional occupations,100,63,37
S01010275,3. Associate professional and technical occupations,82,46,36
S01010275,4. Administrative and secretarial occupations,38,18,20
S01010275,5. Skilled trades occupations,11,8,3
S01010275,6. Caring leisure and other service occupations,16,6,10
S01010275,7. Sales and customer service occupations,51,18,33
S01010275,8. Process plant and machine operatives,7,6,1
S01010275,9. Elementary occupations,56,28,28
S01010276,All people aged 16 to 74 in employment,661,413,248
S01010276,1. Managers directors and senior officials,94,68,26
S01010276,2. Professional occupations,236,150,86
S01010276,3. Associate professional and technical occupations,145,85,60
S01010276,4. Administrative and secretarial occupations,56,20,36
S01010276,5. Skilled trades occupations,23,23,0
S01010276,6. Caring leisure and other service occupations,18,5,13
S01010276,7. Sales and customer service occupations,42,25,17
S01010276,8. Process plant and machine operatives,17,17,0
S01010276,9. Elementary occupations,30,20,10
S01010277,All people aged 16 to 74 in employment,233,115,118
S01010277,1. Managers directors and senior officials,11,7,4
S01010277,2. Professional occupations,28,13,15
S01010277,3. Associate professional and technical occupations,33,22,11
S01010277,4. Administrative and secretarial occupations,25,9,16
S01010277,5. Skilled trades occupations,14,14,0
S01010277,6. Caring leisure and other service occupations,27,9,18
S01010277,7. Sales and customer service occupations,32,7,25
S01010277,8. Process plant and machine operatives,13,11,2
S01010277,9. Elementary occupations,50,23,27
S01010278,All people aged 16 to 74 in employment,273,144,129
S01010278,1. Managers directors and senior officials,12,9,3
S01010278,2. Professional occupations,37,16,21
S01010278,3. Associate professional and technical occupations,35,22,13
S01010278,4. Administrative and secretarial occupations,19,4,15
S01010278,5. Skilled trades occupations,38,35,3
S01010278,6. Caring leisure and other service occupations,33,10,23
S01010278,7. Sales and customer service occupations,31,13,18
S01010278,8. Process plant and machine operatives,19,18,1
S01010278,9. Elementary occupations,49,17,32
S01010279,All people aged 16 to 74 in employment,277,158,119
S01010279,1. Managers directors and senior officials,24,17,7
S01010279,2. Professional occupations,39,31,8
S01010279,3. Associate professional and technical occupations,42,21,21
S01010279,4. Administrative and secretarial occupations,29,12,17
S01010279,5. Skilled trades occupations,33,27,6
S01010279,6. Caring leisure and other service occupations,29,5,24
S01010279,7. Sales and customer service occupations,27,12,15
S01010279,8. Process plant and machine operatives,14,13,1
S01010279,9. Elementary occupations,40,20,20
S01010280,All people aged 16 to 74 in employment,476,276,200
S01010280,1. Managers directors and senior officials,38,25,13
S01010280,2. Professional occupations,111,67,44
S01010280,3. Associate professional and technical occupations,92,57,35
S01010280,4. Administrative and secretarial occupations,45,26,19
S01010280,5. Skilled trades occupations,18,13,5
S01010280,6. Caring leisure and other service occupations,31,11,20
S01010280,7. Sales and customer service occupations,65,35,30
S01010280,8. Process plant and machine operatives,9,9,0
S01010280,9. Elementary occupations,67,33,34
S01010281,All people aged 16 to 74 in employment,465,256,209
S01010281,1. Managers directors and senior officials,37,28,9
S01010281,2. Professional occupations,139,76,63
S01010281,3. Associate professional and technical occupations,78,50,28
S01010281,4. Administrative and secretarial occupations,37,14,23
S01010281,5. Skilled trades occupations,20,20,0
S01010281,6. Caring leisure and other service occupations,19,5,14
S01010281,7. Sales and customer service occupations,58,28,30
S01010281,8. Process plant and machine operatives,13,11,2
S01010281,9. Elementary occupations,64,24,40
S01010282,All people aged 16 to 74 in employment,496,273,223
S01010282,1. Managers directors and senior officials,29,15,14
S01010282,2. Professional occupations,153,79,74
S01010282,3. Associate professional and technical occupations,82,43,39
S01010282,4. Administrative and secretarial occupations,35,14,21
S01010282,5. Skilled trades occupations,52,48,4
S01010282,6. Caring leisure and other service occupations,25,10,15
S01010282,7. Sales and customer service occupations,38,20,18
S01010282,8. Process plant and machine operatives,14,12,2
S01010282,9. Elementary occupations,68,32,36
S01010283,All people aged 16 to 74 in employment,356,225,131
S01010283,1. Managers directors and senior officials,29,21,8
S01010283,2. Professional occupations,123,82,41
S01010283,3. Associate professional and technical occupations,63,46,17
S01010283,4. Administrative and secretarial occupations,25,11,14
S01010283,5. Skilled trades occupations,15,13,2
S01010283,6. Caring leisure and other service occupations,23,9,14
S01010283,7. Sales and customer service occupations,41,25,16
S01010283,8. Process plant and machine operatives,10,10,0
S01010283,9. Elementary occupations,27,8,19
S01010284,All people aged 16 to 74 in employment,654,312,342
S01010284,1. Managers directors and senior officials,32,23,9
S01010284,2. Professional occupations,259,115,144
S01010284,3. Associate professional and technical occupations,133,69,64
S01010284,4. Administrative and secretarial occupations,59,16,43
S01010284,5. Skilled trades occupations,27,23,4
S01010284,6. Caring leisure and other service occupations,29,10,19
S01010284,7. Sales and customer service occupations,55,23,32
S01010284,8. Process plant and machine operatives,13,11,2
S01010284,9. Elementary occupations,47,22,25
S01010285,All people aged 16 to 74 in employment,414,203,211
S01010285,1. Managers directors and senior officials,21,11,10
S01010285,2. Professional occupations,96,45,51
S01010285,3. Associate professional and technical occupations,78,36,42
S01010285,4. Administrative and secretarial occupations,30,11,19
S01010285,5. Skilled trades occupations,37,32,5
S01010285,6. Caring leisure and other service occupations,23,4,19
S01010285,7. Sales and customer service occupations,55,33,22
S01010285,8. Process plant and machine operatives,7,7,0
S01010285,9. Elementary occupations,67,24,43
S01010286,All people aged 16 to 74 in employment,495,270,225
S01010286,1. Managers directors and senior officials,33,23,10
S01010286,2. Professional occupations,145,79,66
S01010286,3. Associate professional and technical occupations,76,45,31
S01010286,4. Administrative and secretarial occupations,38,19,19
S01010286,5. Skilled trades occupations,15,13,2
S01010286,6. Caring leisure and other service occupations,50,21,29
S01010286,7. Sales and customer service occupations,49,18,31
S01010286,8. Process plant and machine operatives,17,12,5
S01010286,9. Elementary occupations,72,40,32
S01010287,All people aged 16 to 74 in employment,456,229,227
S01010287,1. Managers directors and senior officials,33,19,14
S01010287,2. Professional occupations,141,75,66
S01010287,3. Associate professional and technical occupations,79,41,38
S01010287,4. Administrative and secretarial occupations,33,12,21
S01010287,5. Skilled trades occupations,27,23,4
S01010287,6. Caring leisure and other service occupations,21,7,14
S01010287,7. Sales and customer service occupations,44,19,25
S01010287,8. Process plant and machine operatives,3,3,0
S01010287,9. Elementary occupations,75,30,45
S01010288,All people aged 16 to 74 in employment,456,245,211
S01010288,1. Managers directors and senior officials,45,35,10
S01010288,2. Professional occupations,157,83,74
S01010288,3. Associate professional and technical occupations,86,47,39
S01010288,4. Administrative and secretarial occupations,46,15,31
S01010288,5. Skilled trades occupations,15,13,2
S01010288,6. Caring leisure and other service occupations,9,3,6
S01010288,7. Sales and customer service occupations,36,12,24
S01010288,8. Process plant and machine operatives,7,7,0
S01010288,9. Elementary occupations,55,30,25
S01010289,All people aged 16 to 74 in employment,501,294,207
S01010289,1. Managers directors and senior officials,87,59,28
S01010289,2. Professional occupations,193,102,91
S01010289,3. Associate professional and technical occupations,119,71,48
S01010289,4. Administrative and secretarial occupations,26,12,14
S01010289,5. Skilled trades occupations,20,17,3
S01010289,6. Caring leisure and other service occupations,13,6,7
S01010289,7. Sales and customer service occupations,22,11,11
S01010289,8. Process plant and machine operatives,8,8,0
S01010289,9. Elementary occupations,13,8,5
S01010290,All people aged 16 to 74 in employment,280,160,120
S01010290,1. Managers directors and senior officials,24,14,10
S01010290,2. Professional occupations,79,40,39
S01010290,3. Associate professional and technical occupations,60,40,20
S01010290,4. Administrative and secretarial occupations,20,11,9
S01010290,5. Skilled trades occupations,12,8,4
S01010290,6. Caring leisure and other service occupations,8,2,6
S01010290,7. Sales and customer service occupations,30,14,16
S01010290,8. Process plant and machine operatives,9,8,1
S01010290,9. Elementary occupations,38,23,15
S01010291,All people aged 16 to 74 in employment,432,225,207
S01010291,1. Managers directors and senior officials,29,14,15
S01010291,2. Professional occupations,94,48,46
S01010291,3. Associate professional and technical occupations,85,55,30
S01010291,4. Administrative and secretarial occupations,46,13,33
S01010291,5. Skilled trades occupations,31,29,2
S01010291,6. Caring leisure and other service occupations,17,9,8
S01010291,7. Sales and customer service occupations,47,25,22
S01010291,8. Process plant and machine operatives,8,7,1
S01010291,9. Elementary occupations,75,25,50
S01010292,All people aged 16 to 74 in employment,483,242,241
S01010292,1. Managers directors and senior officials,29,16,13
S01010292,2. Professional occupations,162,90,72
S01010292,3. Associate professional and technical occupations,87,42,45
S01010292,4. Administrative and secretarial occupations,34,15,19
S01010292,5. Skilled trades occupations,18,15,3
S01010292,6. Caring leisure and other service occupations,30,14,16
S01010292,7. Sales and customer service occupations,59,18,41
S01010292,8. Process plant and machine operatives,4,3,1
S01010292,9. Elementary occupations,60,29,31
S01010293,All people aged 16 to 74 in employment,397,207,190
S01010293,1. Managers directors and senior officials,25,17,8
S01010293,2. Professional occupations,106,47,59
S01010293,3. Associate professional and technical occupations,55,29,26
S01010293,4. Administrative and secretarial occupations,32,13,19
S01010293,5. Skilled trades occupations,31,28,3
S01010293,6. Caring leisure and other service occupations,11,2,9
S01010293,7. Sales and customer service occupations,67,35,32
S01010293,8. Process plant and machine operatives,11,11,0
S01010293,9. Elementary occupations,59,25,34
S01010294,All people aged 16 to 74 in employment,302,144,158
S01010294,1. Managers directors and senior officials,15,8,7
S01010294,2. Professional occupations,74,32,42
S01010294,3. Associate professional and technical occupations,46,35,11
S01010294,4. Administrative and secretarial occupations,24,10,14
S01010294,5. Skilled trades occupations,22,21,1
S01010294,6. Caring leisure and other service occupations,14,0,14
S01010294,7. Sales and customer service occupations,41,11,30
S01010294,8. Process plant and machine operatives,9,7,2
S01010294,9. Elementary occupations,57,20,37
S01010295,All people aged 16 to 74 in employment,463,254,209
S01010295,1. Managers directors and senior officials,29,20,9
S01010295,2. Professional occupations,133,57,76
S01010295,3. Associate professional and technical occupations,73,48,25
S01010295,4. Administrative and secretarial occupations,29,9,20
S01010295,5. Skilled trades occupations,33,28,5
S01010295,6. Caring leisure and other service occupations,13,4,9
S01010295,7. Sales and customer service occupations,76,43,33
S01010295,8. Process plant and machine operatives,5,2,3
S01010295,9. Elementary occupations,72,43,29
S01010296,All people aged 16 to 74 in employment,287,155,132
S01010296,1. Managers directors and senior officials,21,17,4
S01010296,2. Professional occupations,63,30,33
S01010296,3. Associate professional and technical occupations,41,23,18
S01010296,4. Administrative and secretarial occupations,21,9,12
S01010296,5. Skilled trades occupations,23,18,5
S01010296,6. Caring leisure and other service occupations,13,4,9
S01010296,7. Sales and customer service occupations,50,17,33
S01010296,8. Process plant and machine operatives,10,9,1
S01010296,9. Elementary occupations,45,28,17
S01010297,All people aged 16 to 74 in employment,434,253,181
S01010297,1. Managers directors and senior officials,31,14,17
S01010297,2. Professional occupations,80,50,30
S01010297,3. Associate professional and technical occupations,64,29,35
S01010297,4. Administrative and secretarial occupations,48,14,34
S01010297,5. Skilled trades occupations,35,30,5
S01010297,6. Caring leisure and other service occupations,21,7,14
S01010297,7. Sales and customer service occupations,55,31,24
S01010297,8. Process plant and machine operatives,27,26,1
S01010297,9. Elementary occupations,73,52,21
S01010298,All people aged 16 to 74 in employment,376,175,201
S01010298,1. Managers directors and senior officials,16,8,8
S01010298,2. Professional occupations,84,42,42
S01010298,3. Associate professional and technical occupations,77,36,41
S01010298,4. Administrative and secretarial occupations,31,13,18
S01010298,5. Skilled trades occupations,27,21,6
S01010298,6. Caring leisure and other service occupations,35,8,27
S01010298,7. Sales and customer service occupations,34,17,17
S01010298,8. Process plant and machine operatives,8,6,2
S01010298,9. Elementary occupations,64,24,40
S01010299,All people aged 16 to 74 in employment,165,94,71
S01010299,1. Managers directors and senior officials,5,5,0
S01010299,2. Professional occupations,34,20,14
S01010299,3. Associate professional and technical occupations,25,14,11
S01010299,4. Administrative and secretarial occupations,11,5,6
S01010299,5. Skilled trades occupations,22,18,4
S01010299,6. Caring leisure and other service occupations,20,5,15
S01010299,7. Sales and customer service occupations,19,9,10
S01010299,8. Process plant and machine operatives,12,9,3
S01010299,9. Elementary occupations,17,9,8
S01010300,All people aged 16 to 74 in employment,394,212,182
S01010300,1. Managers directors and senior officials,21,13,8
S01010300,2. Professional occupations,78,37,41
S01010300,3. Associate professional and technical occupations,66,37,29
S01010300,4. Administrative and secretarial occupations,30,14,16
S01010300,5. Skilled trades occupations,26,20,6
S01010300,6. Caring leisure and other service occupations,40,12,28
S01010300,7. Sales and customer service occupations,66,36,30
S01010300,8. Process plant and machine operatives,10,10,0
S01010300,9. Elementary occupations,57,33,24
S01010301,All people aged 16 to 74 in employment,266,136,130
S01010301,1. Managers directors and senior officials,12,7,5
S01010301,2. Professional occupations,61,30,31
S01010301,3. Associate professional and technical occupations,39,20,19
S01010301,4. Administrative and secretarial occupations,18,8,10
S01010301,5. Skilled trades occupations,21,20,1
S01010301,6. Caring leisure and other service occupations,21,8,13
S01010301,7. Sales and customer service occupations,39,22,17
S01010301,8. Process plant and machine operatives,8,6,2
S01010301,9. Elementary occupations,47,15,32
S01010302,All people aged 16 to 74 in employment,171,100,71
S01010302,1. Managers directors and senior officials,6,4,2
S01010302,2. Professional occupations,27,12,15
S01010302,3. Associate professional and technical occupations,18,10,8
S01010302,4. Administrative and secretarial occupations,20,9,11
S01010302,5. Skilled trades occupations,22,22,0
S01010302,6. Caring leisure and other service occupations,16,8,8
S01010302,7. Sales and customer service occupations,22,11,11
S01010302,8. Process plant and machine operatives,7,7,0
S01010302,9. Elementary occupations,33,17,16
S01010303,All people aged 16 to 74 in employment,143,71,72
S01010303,1. Managers directors and senior officials,12,7,5
S01010303,2. Professional occupations,10,4,6
S01010303,3. Associate professional and technical occupations,15,4,11
S01010303,4. Administrative and secretarial occupations,13,5,8
S01010303,5. Skilled trades occupations,18,15,3
S01010303,6. Caring leisure and other service occupations,11,4,7
S01010303,7. Sales and customer service occupations,16,10,6
S01010303,8. Process plant and machine operatives,8,4,4
S01010303,9. Elementary occupations,40,18,22
S01010304,All people aged 16 to 74 in employment,214,113,101
S01010304,1. Managers directors and senior officials,7,6,1
S01010304,2. Professional occupations,38,20,18
S01010304,3. Associate professional and technical occupations,35,19,16
S01010304,4. Administrative and secretarial occupations,27,9,18
S01010304,5. Skilled trades occupations,16,15,1
S01010304,6. Caring leisure and other service occupations,18,3,15
S01010304,7. Sales and customer service occupations,32,15,17
S01010304,8. Process plant and machine operatives,8,5,3
S01010304,9. Elementary occupations,33,21,12
S01010305,All people aged 16 to 74 in employment,384,171,213
S01010305,1. Managers directors and senior officials,13,7,6
S01010305,2. Professional occupations,89,33,56
S01010305,3. Associate professional and technical occupations,71,36,35
S01010305,4. Administrative and secretarial occupations,36,13,23
S01010305,5. Skilled trades occupations,36,27,9
S01010305,6. Caring leisure and other service occupations,30,6,24
S01010305,7. Sales and customer service occupations,30,8,22
S01010305,8. Process plant and machine operatives,11,9,2
S01010305,9. Elementary occupations,68,32,36
S01010306,All people aged 16 to 74 in employment,412,207,205
S01010306,1. Managers directors and senior officials,22,9,13
S01010306,2. Professional occupations,143,66,77
S01010306,3. Associate professional and technical occupations,67,38,29
S01010306,4. Administrative and secretarial occupations,44,16,28
S01010306,5. Skilled trades occupations,24,22,2
S01010306,6. Caring leisure and other service occupations,23,10,13
S01010306,7. Sales and customer service occupations,37,20,17
S01010306,8. Process plant and machine operatives,15,12,3
S01010306,9. Elementary occupations,37,14,23
S01010307,All people aged 16 to 74 in employment,508,254,254
S01010307,1. Managers directors and senior officials,30,18,12
S01010307,2. Professional occupations,211,92,119
S01010307,3. Associate professional and technical occupations,105,62,43
S01010307,4. Administrative and secretarial occupations,46,18,28
S01010307,5. Skilled trades occupations,21,21,0
S01010307,6. Caring leisure and other service occupations,21,2,19
S01010307,7. Sales and customer service occupations,35,16,19
S01010307,8. Process plant and machine operatives,8,7,1
S01010307,9. Elementary occupations,31,18,13
S01010308,All people aged 16 to 74 in employment,536,269,267
S01010308,1. Managers directors and senior officials,32,19,13
S01010308,2. Professional occupations,224,113,111
S01010308,3. Associate professional and technical occupations,109,48,61
S01010308,4. Administrative and secretarial occupations,45,14,31
S01010308,5. Skilled trades occupations,23,19,4
S01010308,6. Caring leisure and other service occupations,20,6,14
S01010308,7. Sales and customer service occupations,36,20,16
S01010308,8. Process plant and machine operatives,12,12,0
S01010308,9. Elementary occupations,35,18,17
S01010309,All people aged 16 to 74 in employment,163,86,77
S01010309,1. Managers directors and senior officials,11,7,4
S01010309,2. Professional occupations,9,5,4
S01010309,3. Associate professional and technical occupations,11,5,6
S01010309,4. Administrative and secretarial occupations,13,2,11
S01010309,5. Skilled trades occupations,21,18,3
S01010309,6. Caring leisure and other service occupations,23,6,17
S01010309,7. Sales and customer service occupations,16,8,8
S01010309,8. Process plant and machine operatives,14,14,0
S01010309,9. Elementary occupations,45,21,24
S01010310,All people aged 16 to 74 in employment,267,133,134
S01010310,1. Managers directors and senior officials,9,3,6
S01010310,2. Professional occupations,13,7,6
S01010310,3. Associate professional and technical occupations,28,12,16
S01010310,4. Administrative and secretarial occupations,25,12,13
S01010310,5. Skilled trades occupations,42,40,2
S01010310,6. Caring leisure and other service occupations,30,6,24
S01010310,7. Sales and customer service occupations,45,17,28
S01010310,8. Process plant and machine operatives,15,11,4
S01010310,9. Elementary occupations,60,25,35
S01010311,All people aged 16 to 74 in employment,215,97,118
S01010311,1. Managers directors and senior officials,7,2,5
S01010311,2. Professional occupations,14,9,5
S01010311,3. Associate professional and technical occupations,16,9,7
S01010311,4. Administrative and secretarial occupations,27,5,22
S01010311,5. Skilled trades occupations,20,19,1
S01010311,6. Caring leisure and other service occupations,23,7,16
S01010311,7. Sales and customer service occupations,25,4,21
S01010311,8. Process plant and machine operatives,15,13,2
S01010311,9. Elementary occupations,68,29,39
S01010312,All people aged 16 to 74 in employment,257,131,126
S01010312,1. Managers directors and senior officials,8,2,6
S01010312,2. Professional occupations,11,8,3
S01010312,3. Associate professional and technical occupations,13,9,4
S01010312,4. Administrative and secretarial occupations,25,10,15
S01010312,5. Skilled trades occupations,29,23,6
S01010312,6. Caring leisure and other service occupations,49,8,41
S01010312,7. Sales and customer service occupations,34,11,23
S01010312,8. Process plant and machine operatives,30,28,2
S01010312,9. Elementary occupations,58,32,26
S01010313,All people aged 16 to 74 in employment,210,111,99
S01010313,1. Managers directors and senior officials,10,6,4
S01010313,2. Professional occupations,18,12,6
S01010313,3. Associate professional and technical occupations,13,7,6
S01010313,4. Administrative and secretarial occupations,17,2,15
S01010313,5. Skilled trades occupations,25,20,5
S01010313,6. Caring leisure and other service occupations,37,10,27
S01010313,7. Sales and customer service occupations,27,13,14
S01010313,8. Process plant and machine operatives,24,22,2
S01010313,9. Elementary occupations,39,19,20
S01010314,All people aged 16 to 74 in employment,438,222,216
S01010314,1. Managers directors and senior officials,12,7,5
S01010314,2. Professional occupations,62,28,34
S01010314,3. Associate professional and technical occupations,69,39,30
S01010314,4. Administrative and secretarial occupations,50,16,34
S01010314,5. Skilled trades occupations,28,24,4
S01010314,6. Caring leisure and other service occupations,60,13,47
S01010314,7. Sales and customer service occupations,53,20,33
S01010314,8. Process plant and machine operatives,26,25,1
S01010314,9. Elementary occupations,78,50,28
S01010315,All people aged 16 to 74 in employment,412,188,224
S01010315,1. Managers directors and senior officials,23,8,15
S01010315,2. Professional occupations,75,30,45
S01010315,3. Associate professional and technical occupations,51,24,27
S01010315,4. Administrative and secretarial occupations,45,9,36
S01010315,5. Skilled trades occupations,37,35,2
S01010315,6. Caring leisure and other service occupations,55,15,40
S01010315,7. Sales and customer service occupations,35,11,24
S01010315,8. Process plant and machine operatives,26,25,1
S01010315,9. Elementary occupations,65,31,34
S01010316,All people aged 16 to 74 in employment,210,88,122
S01010316,1. Managers directors and senior officials,11,7,4
S01010316,2. Professional occupations,37,12,25
S01010316,3. Associate professional and technical occupations,20,12,8
S01010316,4. Administrative and secretarial occupations,20,7,13
S01010316,5. Skilled trades occupations,14,12,2
S01010316,6. Caring leisure and other service occupations,41,6,35
S01010316,7. Sales and customer service occupations,22,8,14
S01010316,8. Process plant and machine operatives,6,5,1
S01010316,9. Elementary occupations,39,19,20
S01010317,All people aged 16 to 74 in employment,455,229,226
S01010317,1. Managers directors and senior officials,26,17,9
S01010317,2. Professional occupations,164,74,90
S01010317,3. Associate professional and technical occupations,101,55,46
S01010317,4. Administrative and secretarial occupations,42,14,28
S01010317,5. Skilled trades occupations,17,12,5
S01010317,6. Caring leisure and other service occupations,20,12,8
S01010317,7. Sales and customer service occupations,29,16,13
S01010317,8. Process plant and machine operatives,5,3,2
S01010317,9. Elementary occupations,51,26,25
S01010318,All people aged 16 to 74 in employment,432,204,228
S01010318,1. Managers directors and senior officials,33,22,11
S01010318,2. Professional occupations,48,27,21
S01010318,3. Associate professional and technical occupations,50,32,18
S01010318,4. Administrative and secretarial occupations,41,8,33
S01010318,5. Skilled trades occupations,15,13,2
S01010318,6. Caring leisure and other service occupations,37,19,18
S01010318,7. Sales and customer service occupations,94,27,67
S01010318,8. Process plant and machine operatives,14,11,3
S01010318,9. Elementary occupations,100,45,55
S01010319,All people aged 16 to 74 in employment,406,207,199
S01010319,1. Managers directors and senior officials,27,19,8
S01010319,2. Professional occupations,116,51,65
S01010319,3. Associate professional and technical occupations,64,39,25
S01010319,4. Administrative and secretarial occupations,50,12,38
S01010319,5. Skilled trades occupations,25,23,2
S01010319,6. Caring leisure and other service occupations,31,7,24
S01010319,7. Sales and customer service occupations,26,11,15
S01010319,8. Process plant and machine operatives,15,14,1
S01010319,9. Elementary occupations,52,31,21
S01010320,All people aged 16 to 74 in employment,317,164,153
S01010320,1. Managers directors and senior officials,20,13,7
S01010320,2. Professional occupations,93,47,46
S01010320,3. Associate professional and technical occupations,48,27,21
S01010320,4. Administrative and secretarial occupations,36,8,28
S01010320,5. Skilled trades occupations,22,19,3
S01010320,6. Caring leisure and other service occupations,23,8,15
S01010320,7. Sales and customer service occupations,32,15,17
S01010320,8. Process plant and machine operatives,7,6,1
S01010320,9. Elementary occupations,36,21,15
S01010321,All people aged 16 to 74 in employment,386,193,193
S01010321,1. Managers directors and senior officials,14,7,7
S01010321,2. Professional occupations,102,42,60
S01010321,3. Associate professional and technical occupations,56,29,27
S01010321,4. Administrative and secretarial occupations,40,18,22
S01010321,5. Skilled trades occupations,34,28,6
S01010321,6. Caring leisure and other service occupations,28,5,23
S01010321,7. Sales and customer service occupations,41,24,17
S01010321,8. Process plant and machine operatives,9,8,1
S01010321,9. Elementary occupations,62,32,30
S01010322,All people aged 16 to 74 in employment,646,313,333
S01010322,1. Managers directors and senior officials,34,18,16
S01010322,2. Professional occupations,281,135,146
S01010322,3. Associate professional and technical occupations,127,64,63
S01010322,4. Administrative and secretarial occupations,56,16,40
S01010322,5. Skilled trades occupations,32,24,8
S01010322,6. Caring leisure and other service occupations,22,8,14
S01010322,7. Sales and customer service occupations,38,19,19
S01010322,8. Process plant and machine operatives,9,8,1
S01010322,9. Elementary occupations,47,21,26
S01010323,All people aged 16 to 74 in employment,178,85,93
S01010323,1. Managers directors and senior officials,6,2,4
S01010323,2. Professional occupations,14,7,7
S01010323,3. Associate professional and technical occupations,13,2,11
S01010323,4. Administrative and secretarial occupations,11,2,9
S01010323,5. Skilled trades occupations,10,7,3
S01010323,6. Caring leisure and other service occupations,25,7,18
S01010323,7. Sales and customer service occupations,17,5,12
S01010323,8. Process plant and machine operatives,15,13,2
S01010323,9. Elementary occupations,67,40,27
S01010324,All people aged 16 to 74 in employment,256,125,131
S01010324,1. Managers directors and senior officials,10,5,5
S01010324,2. Professional occupations,5,3,2
S01010324,3. Associate professional and technical occupations,14,5,9
S01010324,4. Administrative and secretarial occupations,31,7,24
S01010324,5. Skilled trades occupations,25,21,4
S01010324,6. Caring leisure and other service occupations,40,11,29
S01010324,7. Sales and customer service occupations,32,12,20
S01010324,8. Process plant and machine operatives,27,24,3
S01010324,9. Elementary occupations,72,37,35
S01010325,All people aged 16 to 74 in employment,283,141,142
S01010325,1. Managers directors and senior officials,11,3,8
S01010325,2. Professional occupations,11,7,4
S01010325,3. Associate professional and technical occupations,29,11,18
S01010325,4. Administrative and secretarial occupations,31,7,24
S01010325,5. Skilled trades occupations,36,29,7
S01010325,6. Caring leisure and other service occupations,41,10,31
S01010325,7. Sales and customer service occupations,35,12,23
S01010325,8. Process plant and machine operatives,31,26,5
S01010325,9. Elementary occupations,58,36,22
S01010326,All people aged 16 to 74 in employment,262,104,158
S01010326,1. Managers directors and senior officials,12,6,6
S01010326,2. Professional occupations,14,6,8
S01010326,3. Associate professional and technical occupations,24,8,16
S01010326,4. Administrative and secretarial occupations,22,5,17
S01010326,5. Skilled trades occupations,27,23,4
S01010326,6. Caring leisure and other service occupations,46,12,34
S01010326,7. Sales and customer service occupations,30,4,26
S01010326,8. Process plant and machine operatives,22,18,4
S01010326,9. Elementary occupations,65,22,43
S01010327,All people aged 16 to 74 in employment,383,169,214
S01010327,1. Managers directors and senior officials,21,9,12
S01010327,2. Professional occupations,42,16,26
S01010327,3. Associate professional and technical occupations,36,15,21
S01010327,4. Administrative and secretarial occupations,41,7,34
S01010327,5. Skilled trades occupations,39,36,3
S01010327,6. Caring leisure and other service occupations,57,13,44
S01010327,7. Sales and customer service occupations,31,10,21
S01010327,8. Process plant and machine operatives,34,30,4
S01010327,9. Elementary occupations,82,33,49
S01010328,All people aged 16 to 74 in employment,407,198,209
S01010328,1. Managers directors and senior officials,21,5,16
S01010328,2. Professional occupations,38,16,22
S01010328,3. Associate professional and technical occupations,43,24,19
S01010328,4. Administrative and secretarial occupations,37,5,32
S01010328,5. Skilled trades occupations,69,59,10
S01010328,6. Caring leisure and other service occupations,58,10,48
S01010328,7. Sales and customer service occupations,45,15,30
S01010328,8. Process plant and machine operatives,41,40,1
S01010328,9. Elementary occupations,55,24,31
S01010329,All people aged 16 to 74 in employment,242,120,122
S01010329,1. Managers directors and senior officials,9,5,4
S01010329,2. Professional occupations,20,7,13
S01010329,3. Associate professional and technical occupations,29,13,16
S01010329,4. Administrative and secretarial occupations,30,7,23
S01010329,5. Skilled trades occupations,31,26,5
S01010329,6. Caring leisure and other service occupations,29,6,23
S01010329,7. Sales and customer service occupations,23,11,12
S01010329,8. Process plant and machine operatives,23,23,0
S01010329,9. Elementary occupations,48,22,26
S01010330,All people aged 16 to 74 in employment,203,98,105
S01010330,1. Managers directors and senior officials,6,2,4
S01010330,2. Professional occupations,11,6,5
S01010330,3. Associate professional and technical occupations,15,7,8
S01010330,4. Administrative and secretarial occupations,19,5,14
S01010330,5. Skilled trades occupations,32,32,0
S01010330,6. Caring leisure and other service occupations,27,2,25
S01010330,7. Sales and customer service occupations,28,6,22
S01010330,8. Process plant and machine operatives,24,21,3
S01010330,9. Elementary occupations,41,17,24
S01010331,All people aged 16 to 74 in employment,313,151,162
S01010331,1. Managers directors and senior officials,17,8,9
S01010331,2. Professional occupations,13,5,8
S01010331,3. Associate professional and technical occupations,27,13,14
S01010331,4. Administrative and secretarial occupations,35,10,25
S01010331,5. Skilled trades occupations,44,40,4
S01010331,6. Caring leisure and other service occupations,56,17,39
S01010331,7. Sales and customer service occupations,25,7,18
S01010331,8. Process plant and machine operatives,31,26,5
S01010331,9. Elementary occupations,65,25,40
S01010332,All people aged 16 to 74 in employment,236,99,137
S01010332,1. Managers directors and senior officials,11,4,7
S01010332,2. Professional occupations,11,2,9
S01010332,3. Associate professional and technical occupations,20,8,12
S01010332,4. Administrative and secretarial occupations,31,4,27
S01010332,5. Skilled trades occupations,28,25,3
S01010332,6. Caring leisure and other service occupations,26,4,22
S01010332,7. Sales and customer service occupations,43,12,31
S01010332,8. Process plant and machine operatives,25,24,1
S01010332,9. Elementary occupations,41,16,25
S01010333,All people aged 16 to 74 in employment,388,181,207
S01010333,1. Managers directors and senior officials,19,6,13
S01010333,2. Professional occupations,20,10,10
S01010333,3. Associate professional and technical occupations,34,9,25
S01010333,4. Administrative and secretarial occupations,46,7,39
S01010333,5. Skilled trades occupations,46,43,3
S01010333,6. Caring leisure and other service occupations,66,15,51
S01010333,7. Sales and customer service occupations,47,20,27
S01010333,8. Process plant and machine operatives,35,31,4
S01010333,9. Elementary occupations,75,40,35
S01010334,All people aged 16 to 74 in employment,412,185,227
S01010334,1. Managers directors and senior officials,14,7,7
S01010334,2. Professional occupations,33,6,27
S01010334,3. Associate professional and technical occupations,50,13,37
S01010334,4. Administrative and secretarial occupations,51,8,43
S01010334,5. Skilled trades occupations,62,57,5
S01010334,6. Caring leisure and other service occupations,56,10,46
S01010334,7. Sales and customer service occupations,38,11,27
S01010334,8. Process plant and machine operatives,47,39,8
S01010334,9. Elementary occupations,61,34,27
S01010335,All people aged 16 to 74 in employment,264,135,129
S01010335,1. Managers directors and senior officials,10,5,5
S01010335,2. Professional occupations,14,6,8
S01010335,3. Associate professional and technical occupations,21,8,13
S01010335,4. Administrative and secretarial occupations,34,15,19
S01010335,5. Skilled trades occupations,37,28,9
S01010335,6. Caring leisure and other service occupations,40,9,31
S01010335,7. Sales and customer service occupations,28,9,19
S01010335,8. Process plant and machine operatives,20,19,1
S01010335,9. Elementary occupations,60,36,24
S01010336,All people aged 16 to 74 in employment,188,73,115
S01010336,1. Managers directors and senior officials,7,3,4
S01010336,2. Professional occupations,10,7,3
S01010336,3. Associate professional and technical occupations,9,6,3
S01010336,4. Administrative and secretarial occupations,23,3,20
S01010336,5. Skilled trades occupations,12,11,1
S01010336,6. Caring leisure and other service occupations,30,6,24
S01010336,7. Sales and customer service occupations,37,10,27
S01010336,8. Process plant and machine operatives,13,13,0
S01010336,9. Elementary occupations,47,14,33
S01010337,All people aged 16 to 74 in employment,246,107,139
S01010337,1. Managers directors and senior officials,6,3,3
S01010337,2. Professional occupations,10,3,7
S01010337,3. Associate professional and technical occupations,11,6,5
S01010337,4. Administrative and secretarial occupations,34,9,25
S01010337,5. Skilled trades occupations,24,22,2
S01010337,6. Caring leisure and other service occupations,54,6,48
S01010337,7. Sales and customer service occupations,36,11,25
S01010337,8. Process plant and machine operatives,32,29,3
S01010337,9. Elementary occupations,39,18,21
S01010338,All people aged 16 to 74 in employment,223,99,124
S01010338,1. Managers directors and senior officials,3,1,2
S01010338,2. Professional occupations,14,6,8
S01010338,3. Associate professional and technical occupations,19,9,10
S01010338,4. Administrative and secretarial occupations,18,5,13
S01010338,5. Skilled trades occupations,27,25,2
S01010338,6. Caring leisure and other service occupations,44,4,40
S01010338,7. Sales and customer service occupations,25,6,19
S01010338,8. Process plant and machine operatives,20,18,2
S01010338,9. Elementary occupations,53,25,28
S01010339,All people aged 16 to 74 in employment,226,100,126
S01010339,1. Managers directors and senior officials,6,2,4
S01010339,2. Professional occupations,12,6,6
S01010339,3. Associate professional and technical occupations,23,8,15
S01010339,4. Administrative and secretarial occupations,24,5,19
S01010339,5. Skilled trades occupations,22,18,4
S01010339,6. Caring leisure and other service occupations,38,7,31
S01010339,7. Sales and customer service occupations,29,5,24
S01010339,8. Process plant and machine operatives,20,19,1
S01010339,9. Elementary occupations,52,30,22
S01010340,All people aged 16 to 74 in employment,305,144,161
S01010340,1. Managers directors and senior officials,14,6,8
S01010340,2. Professional occupations,15,6,9
S01010340,3. Associate professional and technical occupations,26,9,17
S01010340,4. Administrative and secretarial occupations,40,8,32
S01010340,5. Skilled trades occupations,28,25,3
S01010340,6. Caring leisure and other service occupations,52,18,34
S01010340,7. Sales and customer service occupations,37,14,23
S01010340,8. Process plant and machine operatives,16,15,1
S01010340,9. Elementary occupations,77,43,34
S01010341,All people aged 16 to 74 in employment,257,120,137
S01010341,1. Managers directors and senior officials,17,10,7
S01010341,2. Professional occupations,23,6,17
S01010341,3. Associate professional and technical occupations,26,15,11
S01010341,4. Administrative and secretarial occupations,33,2,31
S01010341,5. Skilled trades occupations,37,34,3
S01010341,6. Caring leisure and other service occupations,29,4,25
S01010341,7. Sales and customer service occupations,35,11,24
S01010341,8. Process plant and machine operatives,20,20,0
S01010341,9. Elementary occupations,37,18,19
S01010342,All people aged 16 to 74 in employment,384,190,194
S01010342,1. Managers directors and senior officials,23,16,7
S01010342,2. Professional occupations,34,10,24
S01010342,3. Associate professional and technical occupations,49,16,33
S01010342,4. Administrative and secretarial occupations,46,12,34
S01010342,5. Skilled trades occupations,59,55,4
S01010342,6. Caring leisure and other service occupations,55,8,47
S01010342,7. Sales and customer service occupations,35,10,25
S01010342,8. Process plant and machine operatives,41,40,1
S01010342,9. Elementary occupations,42,23,19
S01010343,All people aged 16 to 74 in employment,564,274,290
S01010343,1. Managers directors and senior officials,38,19,19
S01010343,2. Professional occupations,57,19,38
S01010343,3. Associate professional and technical occupations,74,31,43
S01010343,4. Administrative and secretarial occupations,109,21,88
S01010343,5. Skilled trades occupations,74,72,2
S01010343,6. Caring leisure and other service occupations,52,11,41
S01010343,7. Sales and customer service occupations,55,19,36
S01010343,8. Process plant and machine operatives,48,46,2
S01010343,9. Elementary occupations,57,36,21
S01010344,All people aged 16 to 74 in employment,232,115,117
S01010344,1. Managers directors and senior officials,6,1,5
S01010344,2. Professional occupations,13,5,8
S01010344,3. Associate professional and technical occupations,12,3,9
S01010344,4. Administrative and secretarial occupations,23,6,17
S01010344,5. Skilled trades occupations,26,23,3
S01010344,6. Caring leisure and other service occupations,31,5,26
S01010344,7. Sales and customer service occupations,36,10,26
S01010344,8. Process plant and machine operatives,25,22,3
S01010344,9. Elementary occupations,60,40,20
S01010345,All people aged 16 to 74 in employment,253,119,134
S01010345,1. Managers directors and senior officials,40,25,15
S01010345,2. Professional occupations,62,24,38
S01010345,3. Associate professional and technical occupations,41,19,22
S01010345,4. Administrative and secretarial occupations,25,4,21
S01010345,5. Skilled trades occupations,22,21,1
S01010345,6. Caring leisure and other service occupations,21,2,19
S01010345,7. Sales and customer service occupations,11,4,7
S01010345,8. Process plant and machine operatives,17,14,3
S01010345,9. Elementary occupations,14,6,8
S01010346,All people aged 16 to 74 in employment,559,273,286
S01010346,1. Managers directors and senior officials,42,28,14
S01010346,2. Professional occupations,113,42,71
S01010346,3. Associate professional and technical occupations,75,34,41
S01010346,4. Administrative and secretarial occupations,75,17,58
S01010346,5. Skilled trades occupations,60,58,2
S01010346,6. Caring leisure and other service occupations,56,15,41
S01010346,7. Sales and customer service occupations,47,18,29
S01010346,8. Process plant and machine operatives,34,32,2
S01010346,9. Elementary occupations,57,29,28
S01010347,All people aged 16 to 74 in employment,399,183,216
S01010347,1. Managers directors and senior officials,32,20,12
S01010347,2. Professional occupations,39,20,19
S01010347,3. Associate professional and technical occupations,38,14,24
S01010347,4. Administrative and secretarial occupations,38,9,29
S01010347,5. Skilled trades occupations,49,42,7
S01010347,6. Caring leisure and other service occupations,51,7,44
S01010347,7. Sales and customer service occupations,56,20,36
S01010347,8. Process plant and machine operatives,24,21,3
S01010347,9. Elementary occupations,72,30,42
S01010348,All people aged 16 to 74 in employment,430,198,232
S01010348,1. Managers directors and senior officials,18,10,8
S01010348,2. Professional occupations,40,14,26
S01010348,3. Associate professional and technical occupations,46,20,26
S01010348,4. Administrative and secretarial occupations,53,12,41
S01010348,5. Skilled trades occupations,54,49,5
S01010348,6. Caring leisure and other service occupations,57,13,44
S01010348,7. Sales and customer service occupations,69,25,44
S01010348,8. Process plant and machine operatives,29,25,4
S01010348,9. Elementary occupations,64,30,34
S01010349,All people aged 16 to 74 in employment,361,163,198
S01010349,1. Managers directors and senior officials,11,4,7
S01010349,2. Professional occupations,24,8,16
S01010349,3. Associate professional and technical occupations,40,21,19
S01010349,4. Administrative and secretarial occupations,42,4,38
S01010349,5. Skilled trades occupations,43,42,1
S01010349,6. Caring leisure and other service occupations,63,14,49
S01010349,7. Sales and customer service occupations,45,14,31
S01010349,8. Process plant and machine operatives,40,38,2
S01010349,9. Elementary occupations,53,18,35
S01010350,All people aged 16 to 74 in employment,312,137,175
S01010350,1. Managers directors and senior officials,18,10,8
S01010350,2. Professional occupations,13,5,8
S01010350,3. Associate professional and technical occupations,32,14,18
S01010350,4. Administrative and secretarial occupations,32,10,22
S01010350,5. Skilled trades occupations,31,28,3
S01010350,6. Caring leisure and other service occupations,63,13,50
S01010350,7. Sales and customer service occupations,31,4,27
S01010350,8. Process plant and machine operatives,26,23,3
S01010350,9. Elementary occupations,66,30,36
S01010351,All people aged 16 to 74 in employment,405,181,224
S01010351,1. Managers directors and senior officials,25,12,13
S01010351,2. Professional occupations,46,16,30
S01010351,3. Associate professional and technical occupations,50,22,28
S01010351,4. Administrative and secretarial occupations,49,11,38
S01010351,5. Skilled trades occupations,50,43,7
S01010351,6. Caring leisure and other service occupations,65,18,47
S01010351,7. Sales and customer service occupations,36,9,27
S01010351,8. Process plant and machine operatives,22,21,1
S01010351,9. Elementary occupations,62,29,33
S01010352,All people aged 16 to 74 in employment,192,87,105
S01010352,1. Managers directors and senior officials,8,3,5
S01010352,2. Professional occupations,17,4,13
S01010352,3. Associate professional and technical occupations,20,7,13
S01010352,4. Administrative and secretarial occupations,22,8,14
S01010352,5. Skilled trades occupations,16,13,3
S01010352,6. Caring leisure and other service occupations,27,8,19
S01010352,7. Sales and customer service occupations,21,5,16
S01010352,8. Process plant and machine operatives,19,16,3
S01010352,9. Elementary occupations,42,23,19
S01010353,All people aged 16 to 74 in employment,252,135,117
S01010353,1. Managers directors and senior officials,7,3,4
S01010353,2. Professional occupations,21,9,12
S01010353,3. Associate professional and technical occupations,18,10,8
S01010353,4. Administrative and secretarial occupations,21,4,17
S01010353,5. Skilled trades occupations,40,34,6
S01010353,6. Caring leisure and other service occupations,41,10,31
S01010353,7. Sales and customer service occupations,29,9,20
S01010353,8. Process plant and machine operatives,14,14,0
S01010353,9. Elementary occupations,61,42,19
S01010354,All people aged 16 to 74 in employment,289,135,154
S01010354,1. Managers directors and senior officials,14,8,6
S01010354,2. Professional occupations,35,18,17
S01010354,3. Associate professional and technical occupations,34,17,17
S01010354,4. Administrative and secretarial occupations,28,8,20
S01010354,5. Skilled trades occupations,25,19,6
S01010354,6. Caring leisure and other service occupations,34,5,29
S01010354,7. Sales and customer service occupations,50,17,33
S01010354,8. Process plant and machine operatives,13,13,0
S01010354,9. Elementary occupations,56,30,26
S01010355,All people aged 16 to 74 in employment,319,170,149
S01010355,1. Managers directors and senior officials,16,9,7
S01010355,2. Professional occupations,33,20,13
S01010355,3. Associate professional and technical occupations,38,20,18
S01010355,4. Administrative and secretarial occupations,38,10,28
S01010355,5. Skilled trades occupations,39,36,3
S01010355,6. Caring leisure and other service occupations,38,7,31
S01010355,7. Sales and customer service occupations,28,7,21
S01010355,8. Process plant and machine operatives,25,25,0
S01010355,9. Elementary occupations,64,36,28
S01010356,All people aged 16 to 74 in employment,369,179,190
S01010356,1. Managers directors and senior officials,18,16,2
S01010356,2. Professional occupations,50,18,32
S01010356,3. Associate professional and technical occupations,49,22,27
S01010356,4. Administrative and secretarial occupations,55,13,42
S01010356,5. Skilled trades occupations,45,38,7
S01010356,6. Caring leisure and other service occupations,34,8,26
S01010356,7. Sales and customer service occupations,37,10,27
S01010356,8. Process plant and machine operatives,33,32,1
S01010356,9. Elementary occupations,48,22,26
S01010357,All people aged 16 to 74 in employment,217,102,115
S01010357,1. Managers directors and senior officials,12,5,7
S01010357,2. Professional occupations,18,8,10
S01010357,3. Associate professional and technical occupations,25,12,13
S01010357,4. Administrative and secretarial occupations,30,7,23
S01010357,5. Skilled trades occupations,20,19,1
S01010357,6. Caring leisure and other service occupations,30,3,27
S01010357,7. Sales and customer service occupations,30,14,16
S01010357,8. Process plant and machine operatives,22,20,2
S01010357,9. Elementary occupations,30,14,16
S01010358,All people aged 16 to 74 in employment,282,139,143
S01010358,1. Managers directors and senior officials,9,4,5
S01010358,2. Professional occupations,22,12,10
S01010358,3. Associate professional and technical occupations,19,10,9
S01010358,4. Administrative and secretarial occupations,26,6,20
S01010358,5. Skilled trades occupations,31,28,3
S01010358,6. Caring leisure and other service occupations,49,3,46
S01010358,7. Sales and customer service occupations,41,21,20
S01010358,8. Process plant and machine operatives,19,17,2
S01010358,9. Elementary occupations,66,38,28
S01010359,All people aged 16 to 74 in employment,238,117,121
S01010359,1. Managers directors and senior officials,16,11,5
S01010359,2. Professional occupations,19,9,10
S01010359,3. Associate professional and technical occupations,10,6,4
S01010359,4. Administrative and secretarial occupations,26,5,21
S01010359,5. Skilled trades occupations,21,19,2
S01010359,6. Caring leisure and other service occupations,20,8,12
S01010359,7. Sales and customer service occupations,30,8,22
S01010359,8. Process plant and machine operatives,19,18,1
S01010359,9. Elementary occupations,77,33,44
S01010360,All people aged 16 to 74 in employment,210,106,104
S01010360,1. Managers directors and senior officials,6,4,2
S01010360,2. Professional occupations,36,12,24
S01010360,3. Associate professional and technical occupations,25,12,13
S01010360,4. Administrative and secretarial occupations,21,7,14
S01010360,5. Skilled trades occupations,21,19,2
S01010360,6. Caring leisure and other service occupations,24,7,17
S01010360,7. Sales and customer service occupations,20,8,12
S01010360,8. Process plant and machine operatives,12,12,0
S01010360,9. Elementary occupations,45,25,20
S01010361,All people aged 16 to 74 in employment,184,93,91
S01010361,1. Managers directors and senior officials,7,5,2
S01010361,2. Professional occupations,17,13,4
S01010361,3. Associate professional and technical occupations,11,6,5
S01010361,4. Administrative and secretarial occupations,20,2,18
S01010361,5. Skilled trades occupations,12,11,1
S01010361,6. Caring leisure and other service occupations,29,8,21
S01010361,7. Sales and customer service occupations,25,12,13
S01010361,8. Process plant and machine operatives,10,8,2
S01010361,9. Elementary occupations,53,28,25
S01010362,All people aged 16 to 74 in employment,261,157,104
S01010362,1. Managers directors and senior officials,5,3,2
S01010362,2. Professional occupations,29,12,17
S01010362,3. Associate professional and technical occupations,22,12,10
S01010362,4. Administrative and secretarial occupations,27,9,18
S01010362,5. Skilled trades occupations,18,17,1
S01010362,6. Caring leisure and other service occupations,29,9,20
S01010362,7. Sales and customer service occupations,34,19,15
S01010362,8. Process plant and machine operatives,32,32,0
S01010362,9. Elementary occupations,65,44,21
S01010363,All people aged 16 to 74 in employment,415,218,197
S01010363,1. Managers directors and senior officials,30,18,12
S01010363,2. Professional occupations,150,73,77
S01010363,3. Associate professional and technical occupations,72,42,30
S01010363,4. Administrative and secretarial occupations,38,10,28
S01010363,5. Skilled trades occupations,26,24,2
S01010363,6. Caring leisure and other service occupations,27,9,18
S01010363,7. Sales and customer service occupations,33,17,16
S01010363,8. Process plant and machine operatives,11,8,3
S01010363,9. Elementary occupations,28,17,11
S01010364,All people aged 16 to 74 in employment,461,245,216
S01010364,1. Managers directors and senior officials,54,39,15
S01010364,2. Professional occupations,158,73,85
S01010364,3. Associate professional and technical occupations,67,39,28
S01010364,4. Administrative and secretarial occupations,52,14,38
S01010364,5. Skilled trades occupations,32,32,0
S01010364,6. Caring leisure and other service occupations,19,3,16
S01010364,7. Sales and customer service occupations,29,12,17
S01010364,8. Process plant and machine operatives,16,13,3
S01010364,9. Elementary occupations,34,20,14
S01010365,All people aged 16 to 74 in employment,556,276,280
S01010365,1. Managers directors and senior officials,81,51,30
S01010365,2. Professional occupations,227,105,122
S01010365,3. Associate professional and technical occupations,94,49,45
S01010365,4. Administrative and secretarial occupations,45,12,33
S01010365,5. Skilled trades occupations,26,24,2
S01010365,6. Caring leisure and other service occupations,22,2,20
S01010365,7. Sales and customer service occupations,34,13,21
S01010365,8. Process plant and machine operatives,13,13,0
S01010365,9. Elementary occupations,14,7,7
S01010366,All people aged 16 to 74 in employment,578,291,287
S01010366,1. Managers directors and senior officials,50,28,22
S01010366,2. Professional occupations,226,107,119
S01010366,3. Associate professional and technical occupations,97,51,46
S01010366,4. Administrative and secretarial occupations,42,10,32
S01010366,5. Skilled trades occupations,39,32,7
S01010366,6. Caring leisure and other service occupations,29,9,20
S01010366,7. Sales and customer service occupations,32,15,17
S01010366,8. Process plant and machine operatives,21,19,2
S01010366,9. Elementary occupations,42,20,22
S01010367,All people aged 16 to 74 in employment,625,311,314
S01010367,1. Managers directors and senior officials,72,53,19
S01010367,2. Professional occupations,246,107,139
S01010367,3. Associate professional and technical occupations,92,49,43
S01010367,4. Administrative and secretarial occupations,33,10,23
S01010367,5. Skilled trades occupations,21,19,2
S01010367,6. Caring leisure and other service occupations,42,11,31
S01010367,7. Sales and customer service occupations,56,28,28
S01010367,8. Process plant and machine operatives,11,9,2
S01010367,9. Elementary occupations,52,25,27
S01010368,All people aged 16 to 74 in employment,388,196,192
S01010368,1. Managers directors and senior officials,57,38,19
S01010368,2. Professional occupations,166,77,89
S01010368,3. Associate professional and technical occupations,66,35,31
S01010368,4. Administrative and secretarial occupations,36,10,26
S01010368,5. Skilled trades occupations,10,8,2
S01010368,6. Caring leisure and other service occupations,9,3,6
S01010368,7. Sales and customer service occupations,23,9,14
S01010368,8. Process plant and machine operatives,6,6,0
S01010368,9. Elementary occupations,15,10,5
S01010369,All people aged 16 to 74 in employment,473,233,240
S01010369,1. Managers directors and senior officials,25,18,7
S01010369,2. Professional occupations,166,69,97
S01010369,3. Associate professional and technical occupations,88,47,41
S01010369,4. Administrative and secretarial occupations,39,12,27
S01010369,5. Skilled trades occupations,26,23,3
S01010369,6. Caring leisure and other service occupations,31,11,20
S01010369,7. Sales and customer service occupations,42,21,21
S01010369,8. Process plant and machine operatives,12,10,2
S01010369,9. Elementary occupations,44,22,22
S01010370,All people aged 16 to 74 in employment,433,227,206
S01010370,1. Managers directors and senior officials,43,27,16
S01010370,2. Professional occupations,192,98,94
S01010370,3. Associate professional and technical occupations,85,46,39
S01010370,4. Administrative and secretarial occupations,32,17,15
S01010370,5. Skilled trades occupations,17,14,3
S01010370,6. Caring leisure and other service occupations,11,2,9
S01010370,7. Sales and customer service occupations,21,6,15
S01010370,8. Process plant and machine operatives,8,7,1
S01010370,9. Elementary occupations,24,10,14
S01010371,All people aged 16 to 74 in employment,565,271,294
S01010371,1. Managers directors and senior officials,58,32,26
S01010371,2. Professional occupations,220,112,108
S01010371,3. Associate professional and technical occupations,125,57,68
S01010371,4. Administrative and secretarial occupations,53,22,31
S01010371,5. Skilled trades occupations,18,13,5
S01010371,6. Caring leisure and other service occupations,10,4,6
S01010371,7. Sales and customer service occupations,32,9,23
S01010371,8. Process plant and machine operatives,7,6,1
S01010371,9. Elementary occupations,42,16,26
S01010372,All people aged 16 to 74 in employment,315,155,160
S01010372,1. Managers directors and senior officials,23,14,9
S01010372,2. Professional occupations,132,61,71
S01010372,3. Associate professional and technical occupations,56,30,26
S01010372,4. Administrative and secretarial occupations,24,10,14
S01010372,5. Skilled trades occupations,17,13,4
S01010372,6. Caring leisure and other service occupations,13,2,11
S01010372,7. Sales and customer service occupations,21,10,11
S01010372,8. Process plant and machine operatives,6,6,0
S01010372,9. Elementary occupations,23,9,14
S01010373,All people aged 16 to 74 in employment,429,213,216
S01010373,1. Managers directors and senior officials,25,13,12
S01010373,2. Professional occupations,192,88,104
S01010373,3. Associate professional and technical occupations,78,38,40
S01010373,4. Administrative and secretarial occupations,32,8,24
S01010373,5. Skilled trades occupations,16,15,1
S01010373,6. Caring leisure and other service occupations,11,1,10
S01010373,7. Sales and customer service occupations,34,22,12
S01010373,8. Process plant and machine operatives,8,8,0
S01010373,9. Elementary occupations,33,20,13
S01010374,All people aged 16 to 74 in employment,523,247,276
S01010374,1. Managers directors and senior officials,51,27,24
S01010374,2. Professional occupations,225,100,125
S01010374,3. Associate professional and technical occupations,102,59,43
S01010374,4. Administrative and secretarial occupations,35,11,24
S01010374,5. Skilled trades occupations,24,19,5
S01010374,6. Caring leisure and other service occupations,11,1,10
S01010374,7. Sales and customer service occupations,35,15,20
S01010374,8. Process plant and machine operatives,6,5,1
S01010374,9. Elementary occupations,34,10,24
S01010375,All people aged 16 to 74 in employment,222,98,124
S01010375,1. Managers directors and senior officials,20,13,7
S01010375,2. Professional occupations,73,29,44
S01010375,3. Associate professional and technical occupations,29,14,15
S01010375,4. Administrative and secretarial occupations,14,6,8
S01010375,5. Skilled trades occupations,9,9,0
S01010375,6. Caring leisure and other service occupations,5,2,3
S01010375,7. Sales and customer service occupations,34,8,26
S01010375,8. Process plant and machine operatives,2,0,2
S01010375,9. Elementary occupations,36,17,19
S01010376,All people aged 16 to 74 in employment,348,190,158
S01010376,1. Managers directors and senior officials,33,19,14
S01010376,2. Professional occupations,109,51,58
S01010376,3. Associate professional and technical occupations,67,41,26
S01010376,4. Administrative and secretarial occupations,32,17,15
S01010376,5. Skilled trades occupations,9,8,1
S01010376,6. Caring leisure and other service occupations,13,3,10
S01010376,7. Sales and customer service occupations,30,16,14
S01010376,8. Process plant and machine operatives,5,5,0
S01010376,9. Elementary occupations,50,30,20
S01010377,All people aged 16 to 74 in employment,386,174,212
S01010377,1. Managers directors and senior officials,24,14,10
S01010377,2. Professional occupations,116,60,56
S01010377,3. Associate professional and technical occupations,68,32,36
S01010377,4. Administrative and secretarial occupations,27,12,15
S01010377,5. Skilled trades occupations,13,12,1
S01010377,6. Caring leisure and other service occupations,25,6,19
S01010377,7. Sales and customer service occupations,52,13,39
S01010377,8. Process plant and machine operatives,5,5,0
S01010377,9. Elementary occupations,56,20,36
S01010378,All people aged 16 to 74 in employment,297,123,174
S01010378,1. Managers directors and senior officials,17,11,6
S01010378,2. Professional occupations,106,43,63
S01010378,3. Associate professional and technical occupations,54,23,31
S01010378,4. Administrative and secretarial occupations,16,4,12
S01010378,5. Skilled trades occupations,6,6,0
S01010378,6. Caring leisure and other service occupations,14,5,9
S01010378,7. Sales and customer service occupations,36,8,28
S01010378,8. Process plant and machine operatives,3,3,0
S01010378,9. Elementary occupations,45,20,25
S01010379,All people aged 16 to 74 in employment,456,227,229
S01010379,1. Managers directors and senior officials,29,17,12
S01010379,2. Professional occupations,130,56,74
S01010379,3. Associate professional and technical occupations,76,52,24
S01010379,4. Administrative and secretarial occupations,24,11,13
S01010379,5. Skilled trades occupations,13,13,0
S01010379,6. Caring leisure and other service occupations,34,12,22
S01010379,7. Sales and customer service occupations,60,28,32
S01010379,8. Process plant and machine operatives,7,6,1
S01010379,9. Elementary occupations,83,32,51
S01010380,All people aged 16 to 74 in employment,533,238,295
S01010380,1. Managers directors and senior officials,42,21,21
S01010380,2. Professional occupations,208,88,120
S01010380,3. Associate professional and technical occupations,108,55,53
S01010380,4. Administrative and secretarial occupations,38,10,28
S01010380,5. Skilled trades occupations,20,15,5
S01010380,6. Caring leisure and other service occupations,19,4,15
S01010380,7. Sales and customer service occupations,44,19,25
S01010380,8. Process plant and machine operatives,9,7,2
S01010380,9. Elementary occupations,45,19,26
S01010381,All people aged 16 to 74 in employment,348,183,165
S01010381,1. Managers directors and senior officials,16,10,6
S01010381,2. Professional occupations,130,61,69
S01010381,3. Associate professional and technical occupations,53,30,23
S01010381,4. Administrative and secretarial occupations,33,20,13
S01010381,5. Skilled trades occupations,17,15,2
S01010381,6. Caring leisure and other service occupations,28,9,19
S01010381,7. Sales and customer service occupations,34,18,16
S01010381,8. Process plant and machine operatives,5,4,1
S01010381,9. Elementary occupations,32,16,16
S01010382,All people aged 16 to 74 in employment,500,253,247
S01010382,1. Managers directors and senior officials,34,24,10
S01010382,2. Professional occupations,174,80,94
S01010382,3. Associate professional and technical occupations,79,37,42
S01010382,4. Administrative and secretarial occupations,41,19,22
S01010382,5. Skilled trades occupations,28,26,2
S01010382,6. Caring leisure and other service occupations,26,8,18
S01010382,7. Sales and customer service occupations,48,19,29
S01010382,8. Process plant and machine operatives,8,7,1
S01010382,9. Elementary occupations,62,33,29
S01010383,All people aged 16 to 74 in employment,285,145,140
S01010383,1. Managers directors and senior officials,13,10,3
S01010383,2. Professional occupations,49,19,30
S01010383,3. Associate professional and technical occupations,51,28,23
S01010383,4. Administrative and secretarial occupations,34,11,23
S01010383,5. Skilled trades occupations,18,12,6
S01010383,6. Caring leisure and other service occupations,27,12,15
S01010383,7. Sales and customer service occupations,38,18,20
S01010383,8. Process plant and machine operatives,13,11,2
S01010383,9. Elementary occupations,42,24,18
S01010384,All people aged 16 to 74 in employment,497,244,253
S01010384,1. Managers directors and senior officials,38,23,15
S01010384,2. Professional occupations,189,95,94
S01010384,3. Associate professional and technical occupations,98,49,49
S01010384,4. Administrative and secretarial occupations,33,9,24
S01010384,5. Skilled trades occupations,25,21,4
S01010384,6. Caring leisure and other service occupations,20,7,13
S01010384,7. Sales and customer service occupations,46,11,35
S01010384,8. Process plant and machine operatives,7,6,1
S01010384,9. Elementary occupations,41,23,18
S01010385,All people aged 16 to 74 in employment,443,211,232
S01010385,1. Managers directors and senior officials,18,12,6
S01010385,2. Professional occupations,136,63,73
S01010385,3. Associate professional and technical occupations,95,52,43
S01010385,4. Administrative and secretarial occupations,51,13,38
S01010385,5. Skilled trades occupations,21,17,4
S01010385,6. Caring leisure and other service occupations,35,7,28
S01010385,7. Sales and customer service occupations,31,14,17
S01010385,8. Process plant and machine operatives,8,7,1
S01010385,9. Elementary occupations,48,26,22
S01010386,All people aged 16 to 74 in employment,409,209,200
S01010386,1. Managers directors and senior officials,20,12,8
S01010386,2. Professional occupations,94,38,56
S01010386,3. Associate professional and technical occupations,72,37,35
S01010386,4. Administrative and secretarial occupations,39,17,22
S01010386,5. Skilled trades occupations,30,24,6
S01010386,6. Caring leisure and other service occupations,37,11,26
S01010386,7. Sales and customer service occupations,39,19,20
S01010386,8. Process plant and machine operatives,14,13,1
S01010386,9. Elementary occupations,64,38,26
S01010387,All people aged 16 to 74 in employment,588,322,266
S01010387,1. Managers directors and senior officials,53,32,21
S01010387,2. Professional occupations,189,97,92
S01010387,3. Associate professional and technical occupations,96,61,35
S01010387,4. Administrative and secretarial occupations,40,19,21
S01010387,5. Skilled trades occupations,41,38,3
S01010387,6. Caring leisure and other service occupations,28,8,20
S01010387,7. Sales and customer service occupations,56,22,34
S01010387,8. Process plant and machine operatives,15,13,2
S01010387,9. Elementary occupations,70,32,38
S01010388,All people aged 16 to 74 in employment,489,237,252
S01010388,1. Managers directors and senior officials,14,10,4
S01010388,2. Professional occupations,109,54,55
S01010388,3. Associate professional and technical occupations,75,41,34
S01010388,4. Administrative and secretarial occupations,67,13,54
S01010388,5. Skilled trades occupations,40,34,6
S01010388,6. Caring leisure and other service occupations,53,15,38
S01010388,7. Sales and customer service occupations,46,16,30
S01010388,8. Process plant and machine operatives,25,23,2
S01010388,9. Elementary occupations,60,31,29
S01010389,All people aged 16 to 74 in employment,696,401,295
S01010389,1. Managers directors and senior officials,77,46,31
S01010389,2. Professional occupations,280,138,142
S01010389,3. Associate professional and technical occupations,148,112,36
S01010389,4. Administrative and secretarial occupations,42,12,30
S01010389,5. Skilled trades occupations,36,36,0
S01010389,6. Caring leisure and other service occupations,29,7,22
S01010389,7. Sales and customer service occupations,46,25,21
S01010389,8. Process plant and machine operatives,10,8,2
S01010389,9. Elementary occupations,28,17,11
S01010390,All people aged 16 to 74 in employment,721,355,366
S01010390,1. Managers directors and senior officials,49,25,24
S01010390,2. Professional occupations,232,99,133
S01010390,3. Associate professional and technical occupations,130,70,60
S01010390,4. Administrative and secretarial occupations,86,27,59
S01010390,5. Skilled trades occupations,40,33,7
S01010390,6. Caring leisure and other service occupations,52,15,37
S01010390,7. Sales and customer service occupations,62,33,29
S01010390,8. Process plant and machine operatives,15,13,2
S01010390,9. Elementary occupations,55,40,15
S01010391,All people aged 16 to 74 in employment,503,249,254
S01010391,1. Managers directors and senior officials,26,12,14
S01010391,2. Professional occupations,138,57,81
S01010391,3. Associate professional and technical occupations,95,54,41
S01010391,4. Administrative and secretarial occupations,44,11,33
S01010391,5. Skilled trades occupations,42,40,2
S01010391,6. Caring leisure and other service occupations,51,17,34
S01010391,7. Sales and customer service occupations,44,19,25
S01010391,8. Process plant and machine operatives,23,22,1
S01010391,9. Elementary occupations,40,17,23
S01010392,All people aged 16 to 74 in employment,489,298,191
S01010392,1. Managers directors and senior officials,81,55,26
S01010392,2. Professional occupations,173,98,75
S01010392,3. Associate professional and technical occupations,116,82,34
S01010392,4. Administrative and secretarial occupations,41,14,27
S01010392,5. Skilled trades occupations,23,20,3
S01010392,6. Caring leisure and other service occupations,12,4,8
S01010392,7. Sales and customer service occupations,23,11,12
S01010392,8. Process plant and machine operatives,3,2,1
S01010392,9. Elementary occupations,17,12,5
S01010393,All people aged 16 to 74 in employment,634,307,327
S01010393,1. Managers directors and senior officials,38,22,16
S01010393,2. Professional occupations,208,98,110
S01010393,3. Associate professional and technical occupations,133,72,61
S01010393,4. Administrative and secretarial occupations,61,19,42
S01010393,5. Skilled trades occupations,27,22,5
S01010393,6. Caring leisure and other service occupations,32,5,27
S01010393,7. Sales and customer service occupations,74,32,42
S01010393,8. Process plant and machine operatives,11,9,2
S01010393,9. Elementary occupations,50,28,22
S01010394,All people aged 16 to 74 in employment,309,149,160
S01010394,1. Managers directors and senior officials,17,9,8
S01010394,2. Professional occupations,70,30,40
S01010394,3. Associate professional and technical occupations,50,21,29
S01010394,4. Administrative and secretarial occupations,37,8,29
S01010394,5. Skilled trades occupations,22,21,1
S01010394,6. Caring leisure and other service occupations,31,9,22
S01010394,7. Sales and customer service occupations,26,8,18
S01010394,8. Process plant and machine operatives,20,19,1
S01010394,9. Elementary occupations,36,24,12
S01010395,All people aged 16 to 74 in employment,538,274,264
S01010395,1. Managers directors and senior officials,32,17,15
S01010395,2. Professional occupations,165,82,83
S01010395,3. Associate professional and technical occupations,99,49,50
S01010395,4. Administrative and secretarial occupations,62,18,44
S01010395,5. Skilled trades occupations,34,30,4
S01010395,6. Caring leisure and other service occupations,34,14,20
S01010395,7. Sales and customer service occupations,42,18,24
S01010395,8. Process plant and machine operatives,19,17,2
S01010395,9. Elementary occupations,51,29,22
S01010396,All people aged 16 to 74 in employment,533,266,267
S01010396,1. Managers directors and senior officials,37,23,14
S01010396,2. Professional occupations,187,97,90
S01010396,3. Associate professional and technical occupations,81,45,36
S01010396,4. Administrative and secretarial occupations,46,13,33
S01010396,5. Skilled trades occupations,32,27,5
S01010396,6. Caring leisure and other service occupations,34,10,24
S01010396,7. Sales and customer service occupations,47,16,31
S01010396,8. Process plant and machine operatives,8,7,1
S01010396,9. Elementary occupations,61,28,33
S01010397,All people aged 16 to 74 in employment,320,146,174
S01010397,1. Managers directors and senior officials,25,15,10
S01010397,2. Professional occupations,144,57,87
S01010397,3. Associate professional and technical occupations,48,25,23
S01010397,4. Administrative and secretarial occupations,22,4,18
S01010397,5. Skilled trades occupations,17,13,4
S01010397,6. Caring leisure and other service occupations,16,4,12
S01010397,7. Sales and customer service occupations,24,16,8
S01010397,8. Process plant and machine operatives,5,4,1
S01010397,9. Elementary occupations,19,8,11
S01010398,All people aged 16 to 74 in employment,648,313,335
S01010398,1. Managers directors and senior officials,54,30,24
S01010398,2. Professional occupations,272,123,149
S01010398,3. Associate professional and technical occupations,115,65,50
S01010398,4. Administrative and secretarial occupations,56,14,42
S01010398,5. Skilled trades occupations,37,32,5
S01010398,6. Caring leisure and other service occupations,29,6,23
S01010398,7. Sales and customer service occupations,47,22,25
S01010398,8. Process plant and machine operatives,9,9,0
S01010398,9. Elementary occupations,29,12,17
S01010399,All people aged 16 to 74 in employment,735,376,359
S01010399,1. Managers directors and senior officials,76,48,28
S01010399,2. Professional occupations,377,191,186
S01010399,3. Associate professional and technical occupations,124,61,63
S01010399,4. Administrative and secretarial occupations,46,20,26
S01010399,5. Skilled trades occupations,14,11,3
S01010399,6. Caring leisure and other service occupations,20,7,13
S01010399,7. Sales and customer service occupations,37,15,22
S01010399,8. Process plant and machine operatives,8,7,1
S01010399,9. Elementary occupations,33,16,17
S01010400,All people aged 16 to 74 in employment,629,313,316
S01010400,1. Managers directors and senior officials,67,34,33
S01010400,2. Professional occupations,301,137,164
S01010400,3. Associate professional and technical occupations,93,50,43
S01010400,4. Administrative and secretarial occupations,35,8,27
S01010400,5. Skilled trades occupations,24,24,0
S01010400,6. Caring leisure and other service occupations,20,7,13
S01010400,7. Sales and customer service occupations,34,17,17
S01010400,8. Process plant and machine operatives,6,6,0
S01010400,9. Elementary occupations,49,30,19
S01010401,All people aged 16 to 74 in employment,366,192,174
S01010401,1. Managers directors and senior officials,42,24,18
S01010401,2. Professional occupations,154,76,78
S01010401,3. Associate professional and technical occupations,65,38,27
S01010401,4. Administrative and secretarial occupations,28,10,18
S01010401,5. Skilled trades occupations,12,11,1
S01010401,6. Caring leisure and other service occupations,12,5,7
S01010401,7. Sales and customer service occupations,29,13,16
S01010401,8. Process plant and machine operatives,7,7,0
S01010401,9. Elementary occupations,17,8,9
S01010402,All people aged 16 to 74 in employment,627,315,312
S01010402,1. Managers directors and senior officials,79,41,38
S01010402,2. Professional occupations,308,145,163
S01010402,3. Associate professional and technical occupations,90,48,42
S01010402,4. Administrative and secretarial occupations,40,11,29
S01010402,5. Skilled trades occupations,15,12,3
S01010402,6. Caring leisure and other service occupations,16,10,6
S01010402,7. Sales and customer service occupations,46,24,22
S01010402,8. Process plant and machine operatives,4,4,0
S01010402,9. Elementary occupations,29,20,9
S01010403,All people aged 16 to 74 in employment,577,300,277
S01010403,1. Managers directors and senior officials,68,40,28
S01010403,2. Professional occupations,300,150,150
S01010403,3. Associate professional and technical occupations,103,54,49
S01010403,4. Administrative and secretarial occupations,35,12,23
S01010403,5. Skilled trades occupations,21,17,4
S01010403,6. Caring leisure and other service occupations,14,6,8
S01010403,7. Sales and customer service occupations,16,8,8
S01010403,8. Process plant and machine operatives,3,2,1
S01010403,9. Elementary occupations,17,11,6
S01010404,All people aged 16 to 74 in employment,447,236,211
S01010404,1. Managers directors and senior officials,65,47,18
S01010404,2. Professional occupations,184,91,93
S01010404,3. Associate professional and technical occupations,91,48,43
S01010404,4. Administrative and secretarial occupations,32,8,24
S01010404,5. Skilled trades occupations,12,11,1
S01010404,6. Caring leisure and other service occupations,14,3,11
S01010404,7. Sales and customer service occupations,20,9,11
S01010404,8. Process plant and machine operatives,9,8,1
S01010404,9. Elementary occupations,20,11,9
S01010405,All people aged 16 to 74 in employment,485,259,226
S01010405,1. Managers directors and senior officials,57,38,19
S01010405,2. Professional occupations,247,124,123
S01010405,3. Associate professional and technical occupations,86,50,36
S01010405,4. Administrative and secretarial occupations,29,16,13
S01010405,5. Skilled trades occupations,14,13,1
S01010405,6. Caring leisure and other service occupations,17,3,14
S01010405,7. Sales and customer service occupations,16,6,10
S01010405,8. Process plant and machine operatives,5,3,2
S01010405,9. Elementary occupations,14,6,8
S01010406,All people aged 16 to 74 in employment,495,260,235
S01010406,1. Managers directors and senior officials,59,33,26
S01010406,2. Professional occupations,199,93,106
S01010406,3. Associate professional and technical occupations,89,56,33
S01010406,4. Administrative and secretarial occupations,29,10,19
S01010406,5. Skilled trades occupations,18,15,3
S01010406,6. Caring leisure and other service occupations,21,8,13
S01010406,7. Sales and customer service occupations,32,17,15
S01010406,8. Process plant and machine operatives,9,6,3
S01010406,9. Elementary occupations,39,22,17
S01010407,All people aged 16 to 74 in employment,424,192,232
S01010407,1. Managers directors and senior officials,40,24,16
S01010407,2. Professional occupations,130,53,77
S01010407,3. Associate professional and technical occupations,70,38,32
S01010407,4. Administrative and secretarial occupations,26,10,16
S01010407,5. Skilled trades occupations,15,14,1
S01010407,6. Caring leisure and other service occupations,24,4,20
S01010407,7. Sales and customer service occupations,53,24,29
S01010407,8. Process plant and machine operatives,4,3,1
S01010407,9. Elementary occupations,62,22,40
S01010408,All people aged 16 to 74 in employment,233,123,110
S01010408,1. Managers directors and senior officials,31,17,14
S01010408,2. Professional occupations,78,38,40
S01010408,3. Associate professional and technical occupations,29,15,14
S01010408,4. Administrative and secretarial occupations,27,8,19
S01010408,5. Skilled trades occupations,17,16,1
S01010408,6. Caring leisure and other service occupations,14,4,10
S01010408,7. Sales and customer service occupations,15,10,5
S01010408,8. Process plant and machine operatives,7,7,0
S01010408,9. Elementary occupations,15,8,7
S01010409,All people aged 16 to 74 in employment,329,171,158
S01010409,1. Managers directors and senior officials,44,26,18
S01010409,2. Professional occupations,115,52,63
S01010409,3. Associate professional and technical occupations,56,33,23
S01010409,4. Administrative and secretarial occupations,32,12,20
S01010409,5. Skilled trades occupations,20,16,4
S01010409,6. Caring leisure and other service occupations,14,7,7
S01010409,7. Sales and customer service occupations,24,8,16
S01010409,8. Process plant and machine operatives,10,10,0
S01010409,9. Elementary occupations,14,7,7
S01010410,All people aged 16 to 74 in employment,302,154,148
S01010410,1. Managers directors and senior officials,38,27,11
S01010410,2. Professional occupations,133,60,73
S01010410,3. Associate professional and technical occupations,40,25,15
S01010410,4. Administrative and secretarial occupations,34,9,25
S01010410,5. Skilled trades occupations,12,12,0
S01010410,6. Caring leisure and other service occupations,8,2,6
S01010410,7. Sales and customer service occupations,18,7,11
S01010410,8. Process plant and machine operatives,10,7,3
S01010410,9. Elementary occupations,9,5,4
S01010411,All people aged 16 to 74 in employment,509,276,233
S01010411,1. Managers directors and senior officials,63,44,19
S01010411,2. Professional occupations,236,118,118
S01010411,3. Associate professional and technical occupations,81,46,35
S01010411,4. Administrative and secretarial occupations,47,14,33
S01010411,5. Skilled trades occupations,26,21,5
S01010411,6. Caring leisure and other service occupations,15,3,12
S01010411,7. Sales and customer service occupations,19,8,11
S01010411,8. Process plant and machine operatives,8,8,0
S01010411,9. Elementary occupations,14,14,0
S01010412,All people aged 16 to 74 in employment,490,267,223
S01010412,1. Managers directors and senior officials,60,41,19
S01010412,2. Professional occupations,217,107,110
S01010412,3. Associate professional and technical occupations,81,49,32
S01010412,4. Administrative and secretarial occupations,41,23,18
S01010412,5. Skilled trades occupations,10,9,1
S01010412,6. Caring leisure and other service occupations,19,4,15
S01010412,7. Sales and customer service occupations,23,10,13
S01010412,8. Process plant and machine operatives,5,4,1
S01010412,9. Elementary occupations,34,20,14
S01010413,All people aged 16 to 74 in employment,302,157,145
S01010413,1. Managers directors and senior officials,47,30,17
S01010413,2. Professional occupations,134,64,70
S01010413,3. Associate professional and technical occupations,42,22,20
S01010413,4. Administrative and secretarial occupations,24,7,17
S01010413,5. Skilled trades occupations,13,10,3
S01010413,6. Caring leisure and other service occupations,11,4,7
S01010413,7. Sales and customer service occupations,15,7,8
S01010413,8. Process plant and machine operatives,7,7,0
S01010413,9. Elementary occupations,9,6,3
S01010414,All people aged 16 to 74 in employment,512,263,249
S01010414,1. Managers directors and senior officials,59,37,22
S01010414,2. Professional occupations,205,104,101
S01010414,3. Associate professional and technical occupations,81,46,35
S01010414,4. Administrative and secretarial occupations,52,13,39
S01010414,5. Skilled trades occupations,20,18,2
S01010414,6. Caring leisure and other service occupations,33,6,27
S01010414,7. Sales and customer service occupations,27,15,12
S01010414,8. Process plant and machine operatives,9,9,0
S01010414,9. Elementary occupations,26,15,11
S01010415,All people aged 16 to 74 in employment,434,227,207
S01010415,1. Managers directors and senior officials,40,22,18
S01010415,2. Professional occupations,94,44,50
S01010415,3. Associate professional and technical occupations,64,41,23
S01010415,4. Administrative and secretarial occupations,51,15,36
S01010415,5. Skilled trades occupations,42,34,8
S01010415,6. Caring leisure and other service occupations,36,8,28
S01010415,7. Sales and customer service occupations,46,15,31
S01010415,8. Process plant and machine operatives,27,25,2
S01010415,9. Elementary occupations,34,23,11
S01010416,All people aged 16 to 74 in employment,355,187,168
S01010416,1. Managers directors and senior officials,49,31,18
S01010416,2. Professional occupations,149,67,82
S01010416,3. Associate professional and technical occupations,47,30,17
S01010416,4. Administrative and secretarial occupations,27,10,17
S01010416,5. Skilled trades occupations,15,12,3
S01010416,6. Caring leisure and other service occupations,21,8,13
S01010416,7. Sales and customer service occupations,17,7,10
S01010416,8. Process plant and machine operatives,12,10,2
S01010416,9. Elementary occupations,18,12,6
S01010417,All people aged 16 to 74 in employment,327,146,181
S01010417,1. Managers directors and senior officials,32,22,10
S01010417,2. Professional occupations,143,56,87
S01010417,3. Associate professional and technical occupations,51,27,24
S01010417,4. Administrative and secretarial occupations,36,6,30
S01010417,5. Skilled trades occupations,6,6,0
S01010417,6. Caring leisure and other service occupations,18,7,11
S01010417,7. Sales and customer service occupations,19,10,9
S01010417,8. Process plant and machine operatives,5,3,2
S01010417,9. Elementary occupations,17,9,8
S01010418,All people aged 16 to 74 in employment,657,308,349
S01010418,1. Managers directors and senior officials,59,29,30
S01010418,2. Professional occupations,323,145,178
S01010418,3. Associate professional and technical occupations,121,62,59
S01010418,4. Administrative and secretarial occupations,51,15,36
S01010418,5. Skilled trades occupations,24,23,1
S01010418,6. Caring leisure and other service occupations,24,3,21
S01010418,7. Sales and customer service occupations,37,20,17
S01010418,8. Process plant and machine operatives,3,3,0
S01010418,9. Elementary occupations,15,8,7
S01010419,All people aged 16 to 74 in employment,559,268,291
S01010419,1. Managers directors and senior officials,64,37,27
S01010419,2. Professional occupations,278,125,153
S01010419,3. Associate professional and technical occupations,93,45,48
S01010419,4. Administrative and secretarial occupations,44,12,32
S01010419,5. Skilled trades occupations,15,15,0
S01010419,6. Caring leisure and other service occupations,17,6,11
S01010419,7. Sales and customer service occupations,19,8,11
S01010419,8. Process plant and machine operatives,10,10,0
S01010419,9. Elementary occupations,19,10,9
S01010420,All people aged 16 to 74 in employment,314,166,148
S01010420,1. Managers directors and senior officials,31,21,10
S01010420,2. Professional occupations,114,56,58
S01010420,3. Associate professional and technical occupations,49,30,19
S01010420,4. Administrative and secretarial occupations,32,7,25
S01010420,5. Skilled trades occupations,15,13,2
S01010420,6. Caring leisure and other service occupations,12,1,11
S01010420,7. Sales and customer service occupations,21,10,11
S01010420,8. Process plant and machine operatives,15,13,2
S01010420,9. Elementary occupations,25,15,10
S01010421,All people aged 16 to 74 in employment,425,216,209
S01010421,1. Managers directors and senior officials,45,35,10
S01010421,2. Professional occupations,191,88,103
S01010421,3. Associate professional and technical occupations,57,31,26
S01010421,4. Administrative and secretarial occupations,43,11,32
S01010421,5. Skilled trades occupations,19,14,5
S01010421,6. Caring leisure and other service occupations,17,3,14
S01010421,7. Sales and customer service occupations,31,19,12
S01010421,8. Process plant and machine operatives,6,6,0
S01010421,9. Elementary occupations,16,9,7
S01010422,All people aged 16 to 74 in employment,509,246,263
S01010422,1. Managers directors and senior officials,55,32,23
S01010422,2. Professional occupations,186,74,112
S01010422,3. Associate professional and technical occupations,82,44,38
S01010422,4. Administrative and secretarial occupations,47,10,37
S01010422,5. Skilled trades occupations,33,32,1
S01010422,6. Caring leisure and other service occupations,25,7,18
S01010422,7. Sales and customer service occupations,34,19,15
S01010422,8. Process plant and machine operatives,12,10,2
S01010422,9. Elementary occupations,35,18,17
S01010423,All people aged 16 to 74 in employment,357,172,185
S01010423,1. Managers directors and senior officials,14,7,7
S01010423,2. Professional occupations,64,31,33
S01010423,3. Associate professional and technical occupations,49,30,19
S01010423,4. Administrative and secretarial occupations,39,15,24
S01010423,5. Skilled trades occupations,47,34,13
S01010423,6. Caring leisure and other service occupations,41,3,38
S01010423,7. Sales and customer service occupations,35,14,21
S01010423,8. Process plant and machine operatives,22,19,3
S01010423,9. Elementary occupations,46,19,27
S01010424,All people aged 16 to 74 in employment,339,168,171
S01010424,1. Managers directors and senior officials,15,6,9
S01010424,2. Professional occupations,59,27,32
S01010424,3. Associate professional and technical occupations,54,33,21
S01010424,4. Administrative and secretarial occupations,41,13,28
S01010424,5. Skilled trades occupations,28,25,3
S01010424,6. Caring leisure and other service occupations,40,10,30
S01010424,7. Sales and customer service occupations,41,14,27
S01010424,8. Process plant and machine operatives,17,16,1
S01010424,9. Elementary occupations,44,24,20
S01010425,All people aged 16 to 74 in employment,458,200,258
S01010425,1. Managers directors and senior officials,26,12,14
S01010425,2. Professional occupations,70,18,52
S01010425,3. Associate professional and technical occupations,66,30,36
S01010425,4. Administrative and secretarial occupations,41,12,29
S01010425,5. Skilled trades occupations,39,38,1
S01010425,6. Caring leisure and other service occupations,67,16,51
S01010425,7. Sales and customer service occupations,59,19,40
S01010425,8. Process plant and machine operatives,19,16,3
S01010425,9. Elementary occupations,71,39,32
S01010426,All people aged 16 to 74 in employment,345,172,173
S01010426,1. Managers directors and senior officials,17,10,7
S01010426,2. Professional occupations,77,33,44
S01010426,3. Associate professional and technical occupations,50,24,26
S01010426,4. Administrative and secretarial occupations,46,13,33
S01010426,5. Skilled trades occupations,28,27,1
S01010426,6. Caring leisure and other service occupations,38,8,30
S01010426,7. Sales and customer service occupations,36,19,17
S01010426,8. Process plant and machine operatives,16,15,1
S01010426,9. Elementary occupations,37,23,14
S01010427,All people aged 16 to 74 in employment,314,172,142
S01010427,1. Managers directors and senior officials,16,10,6
S01010427,2. Professional occupations,50,27,23
S01010427,3. Associate professional and technical occupations,30,15,15
S01010427,4. Administrative and secretarial occupations,32,7,25
S01010427,5. Skilled trades occupations,38,36,2
S01010427,6. Caring leisure and other service occupations,35,8,27
S01010427,7. Sales and customer service occupations,28,10,18
S01010427,8. Process plant and machine operatives,26,24,2
S01010427,9. Elementary occupations,59,35,24
S01010428,All people aged 16 to 74 in employment,340,173,167
S01010428,1. Managers directors and senior officials,27,18,9
S01010428,2. Professional occupations,118,59,59
S01010428,3. Associate professional and technical occupations,69,37,32
S01010428,4. Administrative and secretarial occupations,38,8,30
S01010428,5. Skilled trades occupations,23,20,3
S01010428,6. Caring leisure and other service occupations,17,4,13
S01010428,7. Sales and customer service occupations,20,9,11
S01010428,8. Process plant and machine operatives,9,7,2
S01010428,9. Elementary occupations,19,11,8
S01010429,All people aged 16 to 74 in employment,526,258,268
S01010429,1. Managers directors and senior officials,42,27,15
S01010429,2. Professional occupations,226,107,119
S01010429,3. Associate professional and technical occupations,92,48,44
S01010429,4. Administrative and secretarial occupations,43,10,33
S01010429,5. Skilled trades occupations,26,24,2
S01010429,6. Caring leisure and other service occupations,37,5,32
S01010429,7. Sales and customer service occupations,27,12,15
S01010429,8. Process plant and machine operatives,9,9,0
S01010429,9. Elementary occupations,24,16,8
S01010430,All people aged 16 to 74 in employment,327,160,167
S01010430,1. Managers directors and senior officials,17,7,10
S01010430,2. Professional occupations,23,4,19
S01010430,3. Associate professional and technical occupations,28,14,14
S01010430,4. Administrative and secretarial occupations,36,9,27
S01010430,5. Skilled trades occupations,38,35,3
S01010430,6. Caring leisure and other service occupations,35,12,23
S01010430,7. Sales and customer service occupations,39,11,28
S01010430,8. Process plant and machine operatives,34,31,3
S01010430,9. Elementary occupations,77,37,40
S01010431,All people aged 16 to 74 in employment,358,187,171
S01010431,1. Managers directors and senior officials,42,28,14
S01010431,2. Professional occupations,146,73,73
S01010431,3. Associate professional and technical occupations,61,31,30
S01010431,4. Administrative and secretarial occupations,30,8,22
S01010431,5. Skilled trades occupations,16,13,3
S01010431,6. Caring leisure and other service occupations,15,6,9
S01010431,7. Sales and customer service occupations,16,5,11
S01010431,8. Process plant and machine operatives,9,8,1
S01010431,9. Elementary occupations,23,15,8
S01010432,All people aged 16 to 74 in employment,391,194,197
S01010432,1. Managers directors and senior officials,21,12,9
S01010432,2. Professional occupations,44,13,31
S01010432,3. Associate professional and technical occupations,34,17,17
S01010432,4. Administrative and secretarial occupations,59,19,40
S01010432,5. Skilled trades occupations,52,46,6
S01010432,6. Caring leisure and other service occupations,52,14,38
S01010432,7. Sales and customer service occupations,45,22,23
S01010432,8. Process plant and machine operatives,16,15,1
S01010432,9. Elementary occupations,68,36,32
S01010433,All people aged 16 to 74 in employment,206,129,77
S01010433,1. Managers directors and senior officials,6,5,1
S01010433,2. Professional occupations,17,10,7
S01010433,3. Associate professional and technical occupations,4,2,2
S01010433,4. Administrative and secretarial occupations,13,3,10
S01010433,5. Skilled trades occupations,36,35,1
S01010433,6. Caring leisure and other service occupations,25,5,20
S01010433,7. Sales and customer service occupations,24,11,13
S01010433,8. Process plant and machine operatives,22,19,3
S01010433,9. Elementary occupations,59,39,20
S01010434,All people aged 16 to 74 in employment,235,117,118
S01010434,1. Managers directors and senior officials,11,5,6
S01010434,2. Professional occupations,25,11,14
S01010434,3. Associate professional and technical occupations,31,12,19
S01010434,4. Administrative and secretarial occupations,22,7,15
S01010434,5. Skilled trades occupations,32,32,0
S01010434,6. Caring leisure and other service occupations,29,4,25
S01010434,7. Sales and customer service occupations,20,6,14
S01010434,8. Process plant and machine operatives,19,18,1
S01010434,9. Elementary occupations,46,22,24
S01010435,All people aged 16 to 74 in employment,277,140,137
S01010435,1. Managers directors and senior officials,7,4,3
S01010435,2. Professional occupations,33,16,17
S01010435,3. Associate professional and technical occupations,29,17,12
S01010435,4. Administrative and secretarial occupations,46,10,36
S01010435,5. Skilled trades occupations,36,31,5
S01010435,6. Caring leisure and other service occupations,31,4,27
S01010435,7. Sales and customer service occupations,27,9,18
S01010435,8. Process plant and machine operatives,27,24,3
S01010435,9. Elementary occupations,41,25,16
S01010436,All people aged 16 to 74 in employment,329,160,169
S01010436,1. Managers directors and senior officials,23,8,15
S01010436,2. Professional occupations,50,15,35
S01010436,3. Associate professional and technical occupations,21,9,12
S01010436,4. Administrative and secretarial occupations,51,21,30
S01010436,5. Skilled trades occupations,33,32,1
S01010436,6. Caring leisure and other service occupations,32,9,23
S01010436,7. Sales and customer service occupations,39,13,26
S01010436,8. Process plant and machine operatives,21,20,1
S01010436,9. Elementary occupations,59,33,26
S01010437,All people aged 16 to 74 in employment,222,104,118
S01010437,1. Managers directors and senior officials,12,8,4
S01010437,2. Professional occupations,23,10,13
S01010437,3. Associate professional and technical occupations,18,8,10
S01010437,4. Administrative and secretarial occupations,27,4,23
S01010437,5. Skilled trades occupations,18,16,2
S01010437,6. Caring leisure and other service occupations,45,9,36
S01010437,7. Sales and customer service occupations,23,13,10
S01010437,8. Process plant and machine operatives,21,21,0
S01010437,9. Elementary occupations,35,15,20
S01010438,All people aged 16 to 74 in employment,327,146,181
S01010438,1. Managers directors and senior officials,15,8,7
S01010438,2. Professional occupations,52,16,36
S01010438,3. Associate professional and technical occupations,33,17,16
S01010438,4. Administrative and secretarial occupations,31,8,23
S01010438,5. Skilled trades occupations,38,36,2
S01010438,6. Caring leisure and other service occupations,49,11,38
S01010438,7. Sales and customer service occupations,35,9,26
S01010438,8. Process plant and machine operatives,24,20,4
S01010438,9. Elementary occupations,50,21,29
S01010439,All people aged 16 to 74 in employment,484,216,268
S01010439,1. Managers directors and senior officials,21,17,4
S01010439,2. Professional occupations,60,28,32
S01010439,3. Associate professional and technical occupations,61,21,40
S01010439,4. Administrative and secretarial occupations,65,10,55
S01010439,5. Skilled trades occupations,64,53,11
S01010439,6. Caring leisure and other service occupations,69,11,58
S01010439,7. Sales and customer service occupations,35,20,15
S01010439,8. Process plant and machine operatives,31,24,7
S01010439,9. Elementary occupations,78,32,46
S01010440,All people aged 16 to 74 in employment,238,105,133
S01010440,1. Managers directors and senior officials,12,7,5
S01010440,2. Professional occupations,34,10,24
S01010440,3. Associate professional and technical occupations,29,11,18
S01010440,4. Administrative and secretarial occupations,31,10,21
S01010440,5. Skilled trades occupations,25,21,4
S01010440,6. Caring leisure and other service occupations,40,10,30
S01010440,7. Sales and customer service occupations,20,7,13
S01010440,8. Process plant and machine operatives,13,12,1
S01010440,9. Elementary occupations,34,17,17
S01010441,All people aged 16 to 74 in employment,532,243,289
S01010441,1. Managers directors and senior officials,39,19,20
S01010441,2. Professional occupations,88,36,52
S01010441,3. Associate professional and technical occupations,100,47,53
S01010441,4. Administrative and secretarial occupations,76,19,57
S01010441,5. Skilled trades occupations,54,51,3
S01010441,6. Caring leisure and other service occupations,59,15,44
S01010441,7. Sales and customer service occupations,38,14,24
S01010441,8. Process plant and machine operatives,24,22,2
S01010441,9. Elementary occupations,54,20,34
S01010442,All people aged 16 to 74 in employment,392,172,220
S01010442,1. Managers directors and senior officials,21,8,13
S01010442,2. Professional occupations,43,18,25
S01010442,3. Associate professional and technical occupations,53,23,30
S01010442,4. Administrative and secretarial occupations,53,11,42
S01010442,5. Skilled trades occupations,44,39,5
S01010442,6. Caring leisure and other service occupations,46,5,41
S01010442,7. Sales and customer service occupations,48,14,34
S01010442,8. Process plant and machine operatives,12,11,1
S01010442,9. Elementary occupations,72,43,29
S01010443,All people aged 16 to 74 in employment,240,105,135
S01010443,1. Managers directors and senior officials,24,11,13
S01010443,2. Professional occupations,21,5,16
S01010443,3. Associate professional and technical occupations,19,11,8
S01010443,4. Administrative and secretarial occupations,26,6,20
S01010443,5. Skilled trades occupations,29,25,4
S01010443,6. Caring leisure and other service occupations,38,7,31
S01010443,7. Sales and customer service occupations,26,6,20
S01010443,8. Process plant and machine operatives,23,19,4
S01010443,9. Elementary occupations,34,15,19
S01010444,All people aged 16 to 74 in employment,262,122,140
S01010444,1. Managers directors and senior officials,11,5,6
S01010444,2. Professional occupations,22,6,16
S01010444,3. Associate professional and technical occupations,32,18,14
S01010444,4. Administrative and secretarial occupations,30,5,25
S01010444,5. Skilled trades occupations,29,26,3
S01010444,6. Caring leisure and other service occupations,50,10,40
S01010444,7. Sales and customer service occupations,28,11,17
S01010444,8. Process plant and machine operatives,22,20,2
S01010444,9. Elementary occupations,38,21,17
S01010445,All people aged 16 to 74 in employment,306,152,154
S01010445,1. Managers directors and senior officials,9,2,7
S01010445,2. Professional occupations,28,11,17
S01010445,3. Associate professional and technical occupations,39,19,20
S01010445,4. Administrative and secretarial occupations,38,7,31
S01010445,5. Skilled trades occupations,41,38,3
S01010445,6. Caring leisure and other service occupations,52,14,38
S01010445,7. Sales and customer service occupations,22,7,15
S01010445,8. Process plant and machine operatives,31,29,2
S01010445,9. Elementary occupations,46,25,21
S01010446,All people aged 16 to 74 in employment,403,206,197
S01010446,1. Managers directors and senior officials,29,20,9
S01010446,2. Professional occupations,49,24,25
S01010446,3. Associate professional and technical occupations,44,29,15
S01010446,4. Administrative and secretarial occupations,44,5,39
S01010446,5. Skilled trades occupations,63,58,5
S01010446,6. Caring leisure and other service occupations,51,8,43
S01010446,7. Sales and customer service occupations,47,11,36
S01010446,8. Process plant and machine operatives,34,31,3
S01010446,9. Elementary occupations,42,20,22
S01010447,All people aged 16 to 74 in employment,349,165,184
S01010447,1. Managers directors and senior officials,19,11,8
S01010447,2. Professional occupations,30,14,16
S01010447,3. Associate professional and technical occupations,31,16,15
S01010447,4. Administrative and secretarial occupations,47,5,42
S01010447,5. Skilled trades occupations,41,37,4
S01010447,6. Caring leisure and other service occupations,59,8,51
S01010447,7. Sales and customer service occupations,33,10,23
S01010447,8. Process plant and machine operatives,35,33,2
S01010447,9. Elementary occupations,54,31,23
S01010448,All people aged 16 to 74 in employment,400,199,201
S01010448,1. Managers directors and senior officials,39,21,18
S01010448,2. Professional occupations,52,27,25
S01010448,3. Associate professional and technical occupations,53,25,28
S01010448,4. Administrative and secretarial occupations,60,6,54
S01010448,5. Skilled trades occupations,40,40,0
S01010448,6. Caring leisure and other service occupations,48,16,32
S01010448,7. Sales and customer service occupations,46,19,27
S01010448,8. Process plant and machine operatives,25,24,1
S01010448,9. Elementary occupations,37,21,16
S01010449,All people aged 16 to 74 in employment,293,137,156
S01010449,1. Managers directors and senior officials,14,5,9
S01010449,2. Professional occupations,35,13,22
S01010449,3. Associate professional and technical occupations,37,18,19
S01010449,4. Administrative and secretarial occupations,34,8,26
S01010449,5. Skilled trades occupations,36,31,5
S01010449,6. Caring leisure and other service occupations,38,7,31
S01010449,7. Sales and customer service occupations,30,7,23
S01010449,8. Process plant and machine operatives,24,21,3
S01010449,9. Elementary occupations,45,27,18
S01010450,All people aged 16 to 74 in employment,318,155,163
S01010450,1. Managers directors and senior officials,16,7,9
S01010450,2. Professional occupations,39,11,28
S01010450,3. Associate professional and technical occupations,42,24,18
S01010450,4. Administrative and secretarial occupations,36,4,32
S01010450,5. Skilled trades occupations,43,41,2
S01010450,6. Caring leisure and other service occupations,46,8,38
S01010450,7. Sales and customer service occupations,31,11,20
S01010450,8. Process plant and machine operatives,25,25,0
S01010450,9. Elementary occupations,40,24,16
S01010451,All people aged 16 to 74 in employment,281,147,134
S01010451,1. Managers directors and senior officials,15,11,4
S01010451,2. Professional occupations,46,24,22
S01010451,3. Associate professional and technical occupations,31,15,16
S01010451,4. Administrative and secretarial occupations,24,3,21
S01010451,5. Skilled trades occupations,32,29,3
S01010451,6. Caring leisure and other service occupations,41,11,30
S01010451,7. Sales and customer service occupations,31,14,17
S01010451,8. Process plant and machine operatives,21,19,2
S01010451,9. Elementary occupations,40,21,19
S01010452,All people aged 16 to 74 in employment,328,163,165
S01010452,1. Managers directors and senior officials,15,11,4
S01010452,2. Professional occupations,44,20,24
S01010452,3. Associate professional and technical occupations,41,21,20
S01010452,4. Administrative and secretarial occupations,52,8,44
S01010452,5. Skilled trades occupations,43,41,2
S01010452,6. Caring leisure and other service occupations,43,10,33
S01010452,7. Sales and customer service occupations,30,13,17
S01010452,8. Process plant and machine operatives,20,19,1
S01010452,9. Elementary occupations,40,20,20
S01010453,All people aged 16 to 74 in employment,234,123,111
S01010453,1. Managers directors and senior officials,7,5,2
S01010453,2. Professional occupations,32,14,18
S01010453,3. Associate professional and technical occupations,24,13,11
S01010453,4. Administrative and secretarial occupations,27,14,13
S01010453,5. Skilled trades occupations,35,31,4
S01010453,6. Caring leisure and other service occupations,31,7,24
S01010453,7. Sales and customer service occupations,14,7,7
S01010453,8. Process plant and machine operatives,13,13,0
S01010453,9. Elementary occupations,51,19,32
S01010454,All people aged 16 to 74 in employment,328,152,176
S01010454,1. Managers directors and senior officials,18,9,9
S01010454,2. Professional occupations,40,14,26
S01010454,3. Associate professional and technical occupations,30,19,11
S01010454,4. Administrative and secretarial occupations,55,12,43
S01010454,5. Skilled trades occupations,41,38,3
S01010454,6. Caring leisure and other service occupations,45,7,38
S01010454,7. Sales and customer service occupations,27,7,20
S01010454,8. Process plant and machine operatives,32,31,1
S01010454,9. Elementary occupations,40,15,25
S01010455,All people aged 16 to 74 in employment,302,153,149
S01010455,1. Managers directors and senior officials,8,4,4
S01010455,2. Professional occupations,22,8,14
S01010455,3. Associate professional and technical occupations,31,16,15
S01010455,4. Administrative and secretarial occupations,50,7,43
S01010455,5. Skilled trades occupations,32,30,2
S01010455,6. Caring leisure and other service occupations,45,17,28
S01010455,7. Sales and customer service occupations,33,16,17
S01010455,8. Process plant and machine operatives,28,22,6
S01010455,9. Elementary occupations,53,33,20
S01010456,All people aged 16 to 74 in employment,228,107,121
S01010456,1. Managers directors and senior officials,13,5,8
S01010456,2. Professional occupations,29,9,20
S01010456,3. Associate professional and technical occupations,31,16,15
S01010456,4. Administrative and secretarial occupations,39,10,29
S01010456,5. Skilled trades occupations,31,27,4
S01010456,6. Caring leisure and other service occupations,32,6,26
S01010456,7. Sales and customer service occupations,13,4,9
S01010456,8. Process plant and machine operatives,20,17,3
S01010456,9. Elementary occupations,20,13,7
S01010457,All people aged 16 to 74 in employment,243,118,125
S01010457,1. Managers directors and senior officials,16,12,4
S01010457,2. Professional occupations,37,16,21
S01010457,3. Associate professional and technical occupations,28,16,12
S01010457,4. Administrative and secretarial occupations,37,6,31
S01010457,5. Skilled trades occupations,21,19,2
S01010457,6. Caring leisure and other service occupations,37,9,28
S01010457,7. Sales and customer service occupations,20,7,13
S01010457,8. Process plant and machine operatives,14,13,1
S01010457,9. Elementary occupations,33,20,13
S01010458,All people aged 16 to 74 in employment,252,120,132
S01010458,1. Managers directors and senior officials,17,11,6
S01010458,2. Professional occupations,25,12,13
S01010458,3. Associate professional and technical occupations,22,16,6
S01010458,4. Administrative and secretarial occupations,41,8,33
S01010458,5. Skilled trades occupations,28,26,2
S01010458,6. Caring leisure and other service occupations,50,11,39
S01010458,7. Sales and customer service occupations,22,8,14
S01010458,8. Process plant and machine operatives,9,9,0
S01010458,9. Elementary occupations,38,19,19
S01010459,All people aged 16 to 74 in employment,197,99,98
S01010459,1. Managers directors and senior officials,10,6,4
S01010459,2. Professional occupations,37,14,23
S01010459,3. Associate professional and technical occupations,23,13,10
S01010459,4. Administrative and secretarial occupations,25,5,20
S01010459,5. Skilled trades occupations,21,20,1
S01010459,6. Caring leisure and other service occupations,23,3,20
S01010459,7. Sales and customer service occupations,22,10,12
S01010459,8. Process plant and machine operatives,16,15,1
S01010459,9. Elementary occupations,20,13,7
S01010460,All people aged 16 to 74 in employment,384,199,185
S01010460,1. Managers directors and senior officials,49,34,15
S01010460,2. Professional occupations,146,66,80
S01010460,3. Associate professional and technical occupations,64,31,33
S01010460,4. Administrative and secretarial occupations,29,3,26
S01010460,5. Skilled trades occupations,30,29,1
S01010460,6. Caring leisure and other service occupations,13,2,11
S01010460,7. Sales and customer service occupations,16,5,11
S01010460,8. Process plant and machine operatives,15,15,0
S01010460,9. Elementary occupations,22,14,8
S01010461,All people aged 16 to 74 in employment,245,124,121
S01010461,1. Managers directors and senior officials,15,9,6
S01010461,2. Professional occupations,44,18,26
S01010461,3. Associate professional and technical occupations,28,15,13
S01010461,4. Administrative and secretarial occupations,29,7,22
S01010461,5. Skilled trades occupations,25,23,2
S01010461,6. Caring leisure and other service occupations,28,11,17
S01010461,7. Sales and customer service occupations,23,6,17
S01010461,8. Process plant and machine operatives,14,12,2
S01010461,9. Elementary occupations,39,23,16
S01010462,All people aged 16 to 74 in employment,187,105,82
S01010462,1. Managers directors and senior officials,4,2,2
S01010462,2. Professional occupations,11,3,8
S01010462,3. Associate professional and technical occupations,11,6,5
S01010462,4. Administrative and secretarial occupations,11,2,9
S01010462,5. Skilled trades occupations,26,24,2
S01010462,6. Caring leisure and other service occupations,20,4,16
S01010462,7. Sales and customer service occupations,20,12,8
S01010462,8. Process plant and machine operatives,15,14,1
S01010462,9. Elementary occupations,69,38,31
S01010463,All people aged 16 to 74 in employment,350,175,175
S01010463,1. Managers directors and senior officials,22,12,10
S01010463,2. Professional occupations,72,35,37
S01010463,3. Associate professional and technical occupations,51,21,30
S01010463,4. Administrative and secretarial occupations,32,5,27
S01010463,5. Skilled trades occupations,31,30,1
S01010463,6. Caring leisure and other service occupations,39,7,32
S01010463,7. Sales and customer service occupations,30,13,17
S01010463,8. Process plant and machine operatives,28,26,2
S01010463,9. Elementary occupations,45,26,19
S01010464,All people aged 16 to 74 in employment,237,114,123
S01010464,1. Managers directors and senior officials,10,7,3
S01010464,2. Professional occupations,45,13,32
S01010464,3. Associate professional and technical occupations,25,16,9
S01010464,4. Administrative and secretarial occupations,46,12,34
S01010464,5. Skilled trades occupations,23,22,1
S01010464,6. Caring leisure and other service occupations,27,5,22
S01010464,7. Sales and customer service occupations,28,9,19
S01010464,8. Process plant and machine operatives,20,20,0
S01010464,9. Elementary occupations,13,10,3
S01010465,All people aged 16 to 74 in employment,572,260,312
S01010465,1. Managers directors and senior officials,35,21,14
S01010465,2. Professional occupations,157,50,107
S01010465,3. Associate professional and technical occupations,109,58,51
S01010465,4. Administrative and secretarial occupations,67,22,45
S01010465,5. Skilled trades occupations,47,43,4
S01010465,6. Caring leisure and other service occupations,45,8,37
S01010465,7. Sales and customer service occupations,54,18,36
S01010465,8. Process plant and machine operatives,24,21,3
S01010465,9. Elementary occupations,34,19,15
S01010466,All people aged 16 to 74 in employment,531,257,274
S01010466,1. Managers directors and senior officials,55,31,24
S01010466,2. Professional occupations,162,63,99
S01010466,3. Associate professional and technical occupations,105,59,46
S01010466,4. Administrative and secretarial occupations,62,18,44
S01010466,5. Skilled trades occupations,30,29,1
S01010466,6. Caring leisure and other service occupations,40,12,28
S01010466,7. Sales and customer service occupations,31,13,18
S01010466,8. Process plant and machine operatives,13,11,2
S01010466,9. Elementary occupations,33,21,12
S01010467,All people aged 16 to 74 in employment,356,183,173
S01010467,1. Managers directors and senior officials,35,25,10
S01010467,2. Professional occupations,117,56,61
S01010467,3. Associate professional and technical occupations,61,40,21
S01010467,4. Administrative and secretarial occupations,44,8,36
S01010467,5. Skilled trades occupations,22,21,1
S01010467,6. Caring leisure and other service occupations,18,4,14
S01010467,7. Sales and customer service occupations,32,13,19
S01010467,8. Process plant and machine operatives,10,9,1
S01010467,9. Elementary occupations,17,7,10
S01010468,All people aged 16 to 74 in employment,492,235,257
S01010468,1. Managers directors and senior officials,44,34,10
S01010468,2. Professional occupations,161,76,85
S01010468,3. Associate professional and technical occupations,71,41,30
S01010468,4. Administrative and secretarial occupations,57,11,46
S01010468,5. Skilled trades occupations,24,19,5
S01010468,6. Caring leisure and other service occupations,30,7,23
S01010468,7. Sales and customer service occupations,54,24,30
S01010468,8. Process plant and machine operatives,12,10,2
S01010468,9. Elementary occupations,39,13,26
S01010469,All people aged 16 to 74 in employment,273,145,128
S01010469,1. Managers directors and senior officials,23,11,12
S01010469,2. Professional occupations,80,39,41
S01010469,3. Associate professional and technical occupations,46,23,23
S01010469,4. Administrative and secretarial occupations,29,14,15
S01010469,5. Skilled trades occupations,16,15,1
S01010469,6. Caring leisure and other service occupations,25,7,18
S01010469,7. Sales and customer service occupations,26,15,11
S01010469,8. Process plant and machine operatives,12,12,0
S01010469,9. Elementary occupations,16,9,7
S01010470,All people aged 16 to 74 in employment,332,159,173
S01010470,1. Managers directors and senior officials,28,17,11
S01010470,2. Professional occupations,53,22,31
S01010470,3. Associate professional and technical occupations,42,19,23
S01010470,4. Administrative and secretarial occupations,46,9,37
S01010470,5. Skilled trades occupations,42,36,6
S01010470,6. Caring leisure and other service occupations,39,9,30
S01010470,7. Sales and customer service occupations,31,11,20
S01010470,8. Process plant and machine operatives,17,16,1
S01010470,9. Elementary occupations,34,20,14
S01010471,All people aged 16 to 74 in employment,256,126,130
S01010471,1. Managers directors and senior officials,20,9,11
S01010471,2. Professional occupations,45,16,29
S01010471,3. Associate professional and technical occupations,24,14,10
S01010471,4. Administrative and secretarial occupations,27,7,20
S01010471,5. Skilled trades occupations,27,26,1
S01010471,6. Caring leisure and other service occupations,24,4,20
S01010471,7. Sales and customer service occupations,32,13,19
S01010471,8. Process plant and machine operatives,14,12,2
S01010471,9. Elementary occupations,43,25,18
S01010472,All people aged 16 to 74 in employment,322,152,170
S01010472,1. Managers directors and senior officials,23,11,12
S01010472,2. Professional occupations,115,47,68
S01010472,3. Associate professional and technical occupations,64,41,23
S01010472,4. Administrative and secretarial occupations,25,7,18
S01010472,5. Skilled trades occupations,15,14,1
S01010472,6. Caring leisure and other service occupations,24,4,20
S01010472,7. Sales and customer service occupations,17,5,12
S01010472,8. Process plant and machine operatives,19,15,4
S01010472,9. Elementary occupations,20,8,12
S01010473,All people aged 16 to 74 in employment,407,196,211
S01010473,1. Managers directors and senior officials,36,19,17
S01010473,2. Professional occupations,94,41,53
S01010473,3. Associate professional and technical occupations,67,35,32
S01010473,4. Administrative and secretarial occupations,57,14,43
S01010473,5. Skilled trades occupations,25,23,2
S01010473,6. Caring leisure and other service occupations,40,12,28
S01010473,7. Sales and customer service occupations,36,17,19
S01010473,8. Process plant and machine operatives,20,18,2
S01010473,9. Elementary occupations,32,17,15
S01010474,All people aged 16 to 74 in employment,432,231,201
S01010474,1. Managers directors and senior officials,23,16,7
S01010474,2. Professional occupations,131,56,75
S01010474,3. Associate professional and technical occupations,67,38,29
S01010474,4. Administrative and secretarial occupations,36,16,20
S01010474,5. Skilled trades occupations,40,38,2
S01010474,6. Caring leisure and other service occupations,33,8,25
S01010474,7. Sales and customer service occupations,39,20,19
S01010474,8. Process plant and machine operatives,15,14,1
S01010474,9. Elementary occupations,48,25,23
S01010475,All people aged 16 to 74 in employment,435,212,223
S01010475,1. Managers directors and senior officials,45,25,20
S01010475,2. Professional occupations,136,54,82
S01010475,3. Associate professional and technical occupations,91,52,39
S01010475,4. Administrative and secretarial occupations,48,12,36
S01010475,5. Skilled trades occupations,27,26,1
S01010475,6. Caring leisure and other service occupations,22,4,18
S01010475,7. Sales and customer service occupations,36,15,21
S01010475,8. Process plant and machine operatives,12,12,0
S01010475,9. Elementary occupations,18,12,6
S01010476,All people aged 16 to 74 in employment,458,216,242
S01010476,1. Managers directors and senior officials,37,19,18
S01010476,2. Professional occupations,120,50,70
S01010476,3. Associate professional and technical occupations,74,41,33
S01010476,4. Administrative and secretarial occupations,65,14,51
S01010476,5. Skilled trades occupations,42,38,4
S01010476,6. Caring leisure and other service occupations,33,7,26
S01010476,7. Sales and customer service occupations,34,10,24
S01010476,8. Process plant and machine operatives,14,13,1
S01010476,9. Elementary occupations,39,24,15
S01010477,All people aged 16 to 74 in employment,339,160,179
S01010477,1. Managers directors and senior officials,10,5,5
S01010477,2. Professional occupations,45,15,30
S01010477,3. Associate professional and technical occupations,47,22,25
S01010477,4. Administrative and secretarial occupations,60,15,45
S01010477,5. Skilled trades occupations,43,37,6
S01010477,6. Caring leisure and other service occupations,39,10,29
S01010477,7. Sales and customer service occupations,34,16,18
S01010477,8. Process plant and machine operatives,21,19,2
S01010477,9. Elementary occupations,40,21,19
S01010478,All people aged 16 to 74 in employment,416,211,205
S01010478,1. Managers directors and senior officials,19,14,5
S01010478,2. Professional occupations,41,15,26
S01010478,3. Associate professional and technical occupations,47,24,23
S01010478,4. Administrative and secretarial occupations,50,6,44
S01010478,5. Skilled trades occupations,37,34,3
S01010478,6. Caring leisure and other service occupations,59,17,42
S01010478,7. Sales and customer service occupations,64,29,35
S01010478,8. Process plant and machine operatives,33,32,1
S01010478,9. Elementary occupations,66,40,26
S01010479,All people aged 16 to 74 in employment,416,198,218
S01010479,1. Managers directors and senior officials,13,8,5
S01010479,2. Professional occupations,56,21,35
S01010479,3. Associate professional and technical occupations,48,20,28
S01010479,4. Administrative and secretarial occupations,54,15,39
S01010479,5. Skilled trades occupations,52,48,4
S01010479,6. Caring leisure and other service occupations,63,12,51
S01010479,7. Sales and customer service occupations,34,8,26
S01010479,8. Process plant and machine operatives,42,39,3
S01010479,9. Elementary occupations,54,27,27
S01010480,All people aged 16 to 74 in employment,234,123,111
S01010480,1. Managers directors and senior officials,19,14,5
S01010480,2. Professional occupations,39,17,22
S01010480,3. Associate professional and technical occupations,42,19,23
S01010480,4. Administrative and secretarial occupations,31,6,25
S01010480,5. Skilled trades occupations,25,23,2
S01010480,6. Caring leisure and other service occupations,23,7,16
S01010480,7. Sales and customer service occupations,17,9,8
S01010480,8. Process plant and machine operatives,17,17,0
S01010480,9. Elementary occupations,21,11,10
S01010481,All people aged 16 to 74 in employment,205,100,105
S01010481,1. Managers directors and senior officials,7,4,3
S01010481,2. Professional occupations,9,2,7
S01010481,3. Associate professional and technical occupations,18,7,11
S01010481,4. Administrative and secretarial occupations,20,8,12
S01010481,5. Skilled trades occupations,27,23,4
S01010481,6. Caring leisure and other service occupations,29,5,24
S01010481,7. Sales and customer service occupations,35,13,22
S01010481,8. Process plant and machine operatives,18,14,4
S01010481,9. Elementary occupations,42,24,18
S01010482,All people aged 16 to 74 in employment,323,155,168
S01010482,1. Managers directors and senior officials,22,14,8
S01010482,2. Professional occupations,46,15,31
S01010482,3. Associate professional and technical occupations,38,22,16
S01010482,4. Administrative and secretarial occupations,37,8,29
S01010482,5. Skilled trades occupations,32,31,1
S01010482,6. Caring leisure and other service occupations,32,7,25
S01010482,7. Sales and customer service occupations,36,10,26
S01010482,8. Process plant and machine operatives,33,29,4
S01010482,9. Elementary occupations,47,19,28
S01010483,All people aged 16 to 74 in employment,440,222,218
S01010483,1. Managers directors and senior officials,31,16,15
S01010483,2. Professional occupations,71,30,41
S01010483,3. Associate professional and technical occupations,66,31,35
S01010483,4. Administrative and secretarial occupations,49,12,37
S01010483,5. Skilled trades occupations,48,46,2
S01010483,6. Caring leisure and other service occupations,57,20,37
S01010483,7. Sales and customer service occupations,33,12,21
S01010483,8. Process plant and machine operatives,30,28,2
S01010483,9. Elementary occupations,55,27,28
S01010484,All people aged 16 to 74 in employment,246,115,131
S01010484,1. Managers directors and senior officials,9,5,4
S01010484,2. Professional occupations,31,10,21
S01010484,3. Associate professional and technical occupations,31,18,13
S01010484,4. Administrative and secretarial occupations,33,8,25
S01010484,5. Skilled trades occupations,36,35,1
S01010484,6. Caring leisure and other service occupations,35,5,30
S01010484,7. Sales and customer service occupations,24,4,20
S01010484,8. Process plant and machine operatives,14,13,1
S01010484,9. Elementary occupations,33,17,16
S01010485,All people aged 16 to 74 in employment,432,215,217
S01010485,1. Managers directors and senior officials,37,22,15
S01010485,2. Professional occupations,66,28,38
S01010485,3. Associate professional and technical occupations,54,29,25
S01010485,4. Administrative and secretarial occupations,61,10,51
S01010485,5. Skilled trades occupations,53,47,6
S01010485,6. Caring leisure and other service occupations,56,8,48
S01010485,7. Sales and customer service occupations,33,20,13
S01010485,8. Process plant and machine operatives,36,33,3
S01010485,9. Elementary occupations,36,18,18
S01010486,All people aged 16 to 74 in employment,495,250,245
S01010486,1. Managers directors and senior officials,41,30,11
S01010486,2. Professional occupations,77,30,47
S01010486,3. Associate professional and technical occupations,73,37,36
S01010486,4. Administrative and secretarial occupations,77,16,61
S01010486,5. Skilled trades occupations,72,68,4
S01010486,6. Caring leisure and other service occupations,46,10,36
S01010486,7. Sales and customer service occupations,38,9,29
S01010486,8. Process plant and machine operatives,35,33,2
S01010486,9. Elementary occupations,36,17,19
S01010487,All people aged 16 to 74 in employment,436,212,224
S01010487,1. Managers directors and senior officials,21,14,7
S01010487,2. Professional occupations,45,16,29
S01010487,3. Associate professional and technical occupations,47,23,24
S01010487,4. Administrative and secretarial occupations,68,12,56
S01010487,5. Skilled trades occupations,53,47,6
S01010487,6. Caring leisure and other service occupations,66,16,50
S01010487,7. Sales and customer service occupations,30,13,17
S01010487,8. Process plant and machine operatives,37,34,3
S01010487,9. Elementary occupations,69,37,32
S01010488,All people aged 16 to 74 in employment,281,136,145
S01010488,1. Managers directors and senior officials,8,2,6
S01010488,2. Professional occupations,14,7,7
S01010488,3. Associate professional and technical occupations,27,15,12
S01010488,4. Administrative and secretarial occupations,31,8,23
S01010488,5. Skilled trades occupations,36,32,4
S01010488,6. Caring leisure and other service occupations,43,7,36
S01010488,7. Sales and customer service occupations,37,17,20
S01010488,8. Process plant and machine operatives,21,16,5
S01010488,9. Elementary occupations,64,32,32
S01010489,All people aged 16 to 74 in employment,381,182,199
S01010489,1. Managers directors and senior officials,18,6,12
S01010489,2. Professional occupations,19,9,10
S01010489,3. Associate professional and technical occupations,44,22,22
S01010489,4. Administrative and secretarial occupations,52,14,38
S01010489,5. Skilled trades occupations,51,49,2
S01010489,6. Caring leisure and other service occupations,56,9,47
S01010489,7. Sales and customer service occupations,53,17,36
S01010489,8. Process plant and machine operatives,27,23,4
S01010489,9. Elementary occupations,61,33,28
S01010490,All people aged 16 to 74 in employment,224,98,126
S01010490,1. Managers directors and senior officials,11,5,6
S01010490,2. Professional occupations,21,11,10
S01010490,3. Associate professional and technical occupations,13,8,5
S01010490,4. Administrative and secretarial occupations,30,8,22
S01010490,5. Skilled trades occupations,23,22,1
S01010490,6. Caring leisure and other service occupations,30,1,29
S01010490,7. Sales and customer service occupations,37,12,25
S01010490,8. Process plant and machine operatives,16,14,2
S01010490,9. Elementary occupations,43,17,26
S01010491,All people aged 16 to 74 in employment,273,114,159
S01010491,1. Managers directors and senior officials,9,3,6
S01010491,2. Professional occupations,13,2,11
S01010491,3. Associate professional and technical occupations,19,13,6
S01010491,4. Administrative and secretarial occupations,25,4,21
S01010491,5. Skilled trades occupations,30,24,6
S01010491,6. Caring leisure and other service occupations,58,14,44
S01010491,7. Sales and customer service occupations,34,5,29
S01010491,8. Process plant and machine operatives,23,19,4
S01010491,9. Elementary occupations,62,30,32
S01010492,All people aged 16 to 74 in employment,137,59,78
S01010492,1. Managers directors and senior officials,10,5,5
S01010492,2. Professional occupations,6,3,3
S01010492,3. Associate professional and technical occupations,6,3,3
S01010492,4. Administrative and secretarial occupations,10,1,9
S01010492,5. Skilled trades occupations,14,14,0
S01010492,6. Caring leisure and other service occupations,22,4,18
S01010492,7. Sales and customer service occupations,15,2,13
S01010492,8. Process plant and machine operatives,13,11,2
S01010492,9. Elementary occupations,41,16,25
S01010493,All people aged 16 to 74 in employment,192,87,105
S01010493,1. Managers directors and senior officials,3,1,2
S01010493,2. Professional occupations,5,3,2
S01010493,3. Associate professional and technical occupations,11,5,6
S01010493,4. Administrative and secretarial occupations,21,4,17
S01010493,5. Skilled trades occupations,16,14,2
S01010493,6. Caring leisure and other service occupations,34,9,25
S01010493,7. Sales and customer service occupations,26,14,12
S01010493,8. Process plant and machine operatives,20,18,2
S01010493,9. Elementary occupations,56,19,37
S01010494,All people aged 16 to 74 in employment,268,127,141
S01010494,1. Managers directors and senior officials,11,3,8
S01010494,2. Professional occupations,26,6,20
S01010494,3. Associate professional and technical occupations,18,13,5
S01010494,4. Administrative and secretarial occupations,39,7,32
S01010494,5. Skilled trades occupations,38,36,2
S01010494,6. Caring leisure and other service occupations,38,5,33
S01010494,7. Sales and customer service occupations,19,6,13
S01010494,8. Process plant and machine operatives,33,29,4
S01010494,9. Elementary occupations,46,22,24
S01010495,All people aged 16 to 74 in employment,280,123,157
S01010495,1. Managers directors and senior officials,9,4,5
S01010495,2. Professional occupations,12,5,7
S01010495,3. Associate professional and technical occupations,15,8,7
S01010495,4. Administrative and secretarial occupations,26,6,20
S01010495,5. Skilled trades occupations,31,31,0
S01010495,6. Caring leisure and other service occupations,53,8,45
S01010495,7. Sales and customer service occupations,27,6,21
S01010495,8. Process plant and machine operatives,24,17,7
S01010495,9. Elementary occupations,83,38,45
S01010496,All people aged 16 to 74 in employment,261,109,152
S01010496,1. Managers directors and senior officials,6,3,3
S01010496,2. Professional occupations,14,5,9
S01010496,3. Associate professional and technical occupations,16,4,12
S01010496,4. Administrative and secretarial occupations,31,4,27
S01010496,5. Skilled trades occupations,36,29,7
S01010496,6. Caring leisure and other service occupations,45,11,34
S01010496,7. Sales and customer service occupations,27,12,15
S01010496,8. Process plant and machine operatives,27,23,4
S01010496,9. Elementary occupations,59,18,41
S01010497,All people aged 16 to 74 in employment,281,129,152
S01010497,1. Managers directors and senior officials,12,5,7
S01010497,2. Professional occupations,9,3,6
S01010497,3. Associate professional and technical occupations,29,16,13
S01010497,4. Administrative and secretarial occupations,38,7,31
S01010497,5. Skilled trades occupations,31,28,3
S01010497,6. Caring leisure and other service occupations,38,12,26
S01010497,7. Sales and customer service occupations,44,15,29
S01010497,8. Process plant and machine operatives,30,26,4
S01010497,9. Elementary occupations,50,17,33
S01010498,All people aged 16 to 74 in employment,274,110,164
S01010498,1. Managers directors and senior officials,8,0,8
S01010498,2. Professional occupations,14,7,7
S01010498,3. Associate professional and technical occupations,12,5,7
S01010498,4. Administrative and secretarial occupations,33,7,26
S01010498,5. Skilled trades occupations,25,21,4
S01010498,6. Caring leisure and other service occupations,43,6,37
S01010498,7. Sales and customer service occupations,39,11,28
S01010498,8. Process plant and machine operatives,27,24,3
S01010498,9. Elementary occupations,73,29,44
S01010499,All people aged 16 to 74 in employment,174,93,81
S01010499,1. Managers directors and senior officials,5,3,2
S01010499,2. Professional occupations,4,0,4
S01010499,3. Associate professional and technical occupations,8,5,3
S01010499,4. Administrative and secretarial occupations,13,6,7
S01010499,5. Skilled trades occupations,23,22,1
S01010499,6. Caring leisure and other service occupations,25,7,18
S01010499,7. Sales and customer service occupations,37,15,22
S01010499,8. Process plant and machine operatives,20,17,3
S01010499,9. Elementary occupations,39,18,21
S01010500,All people aged 16 to 74 in employment,336,146,190
S01010500,1. Managers directors and senior officials,20,13,7
S01010500,2. Professional occupations,24,8,16
S01010500,3. Associate professional and technical occupations,31,15,16
S01010500,4. Administrative and secretarial occupations,38,8,30
S01010500,5. Skilled trades occupations,34,31,3
S01010500,6. Caring leisure and other service occupations,48,8,40
S01010500,7. Sales and customer service occupations,41,12,29
S01010500,8. Process plant and machine operatives,23,20,3
S01010500,9. Elementary occupations,77,31,46
S01010501,All people aged 16 to 74 in employment,367,165,202
S01010501,1. Managers directors and senior officials,16,8,8
S01010501,2. Professional occupations,23,8,15
S01010501,3. Associate professional and technical occupations,31,12,19
S01010501,4. Administrative and secretarial occupations,47,10,37
S01010501,5. Skilled trades occupations,45,42,3
S01010501,6. Caring leisure and other service occupations,54,10,44
S01010501,7. Sales and customer service occupations,37,8,29
S01010501,8. Process plant and machine operatives,44,36,8
S01010501,9. Elementary occupations,70,31,39
S01010502,All people aged 16 to 74 in employment,394,184,210
S01010502,1. Managers directors and senior officials,15,8,7
S01010502,2. Professional occupations,22,6,16
S01010502,3. Associate professional and technical occupations,38,19,19
S01010502,4. Administrative and secretarial occupations,54,11,43
S01010502,5. Skilled trades occupations,51,42,9
S01010502,6. Caring leisure and other service occupations,53,15,38
S01010502,7. Sales and customer service occupations,42,10,32
S01010502,8. Process plant and machine operatives,46,41,5
S01010502,9. Elementary occupations,73,32,41
S01010503,All people aged 16 to 74 in employment,240,108,132
S01010503,1. Managers directors and senior officials,9,3,6
S01010503,2. Professional occupations,9,3,6
S01010503,3. Associate professional and technical occupations,14,3,11
S01010503,4. Administrative and secretarial occupations,35,11,24
S01010503,5. Skilled trades occupations,22,19,3
S01010503,6. Caring leisure and other service occupations,39,8,31
S01010503,7. Sales and customer service occupations,31,11,20
S01010503,8. Process plant and machine operatives,22,19,3
S01010503,9. Elementary occupations,59,31,28
S01010504,All people aged 16 to 74 in employment,258,135,123
S01010504,1. Managers directors and senior officials,49,25,24
S01010504,2. Professional occupations,35,10,25
S01010504,3. Associate professional and technical occupations,31,18,13
S01010504,4. Administrative and secretarial occupations,22,5,17
S01010504,5. Skilled trades occupations,55,44,11
S01010504,6. Caring leisure and other service occupations,21,4,17
S01010504,7. Sales and customer service occupations,4,1,3
S01010504,8. Process plant and machine operatives,12,11,1
S01010504,9. Elementary occupations,29,17,12
S01010505,All people aged 16 to 74 in employment,282,148,134
S01010505,1. Managers directors and senior officials,29,18,11
S01010505,2. Professional occupations,40,17,23
S01010505,3. Associate professional and technical occupations,25,9,16
S01010505,4. Administrative and secretarial occupations,16,0,16
S01010505,5. Skilled trades occupations,58,46,12
S01010505,6. Caring leisure and other service occupations,33,4,29
S01010505,7. Sales and customer service occupations,13,6,7
S01010505,8. Process plant and machine operatives,31,28,3
S01010505,9. Elementary occupations,37,20,17
S01010506,All people aged 16 to 74 in employment,442,233,209
S01010506,1. Managers directors and senior officials,72,32,40
S01010506,2. Professional occupations,58,17,41
S01010506,3. Associate professional and technical occupations,46,29,17
S01010506,4. Administrative and secretarial occupations,32,3,29
S01010506,5. Skilled trades occupations,107,93,14
S01010506,6. Caring leisure and other service occupations,45,5,40
S01010506,7. Sales and customer service occupations,13,3,10
S01010506,8. Process plant and machine operatives,33,31,2
S01010506,9. Elementary occupations,36,20,16
S01010507,All people aged 16 to 74 in employment,415,216,199
S01010507,1. Managers directors and senior officials,41,17,24
S01010507,2. Professional occupations,26,11,15
S01010507,3. Associate professional and technical occupations,40,28,12
S01010507,4. Administrative and secretarial occupations,32,6,26
S01010507,5. Skilled trades occupations,89,73,16
S01010507,6. Caring leisure and other service occupations,57,9,48
S01010507,7. Sales and customer service occupations,26,6,20
S01010507,8. Process plant and machine operatives,48,44,4
S01010507,9. Elementary occupations,56,22,34
S01010508,All people aged 16 to 74 in employment,495,262,233
S01010508,1. Managers directors and senior officials,57,28,29
S01010508,2. Professional occupations,65,25,40
S01010508,3. Associate professional and technical occupations,43,27,16
S01010508,4. Administrative and secretarial occupations,33,4,29
S01010508,5. Skilled trades occupations,75,65,10
S01010508,6. Caring leisure and other service occupations,58,14,44
S01010508,7. Sales and customer service occupations,24,3,21
S01010508,8. Process plant and machine operatives,61,55,6
S01010508,9. Elementary occupations,79,41,38
S01010509,All people aged 16 to 74 in employment,538,284,254
S01010509,1. Managers directors and senior officials,55,35,20
S01010509,2. Professional occupations,81,33,48
S01010509,3. Associate professional and technical occupations,59,33,26
S01010509,4. Administrative and secretarial occupations,51,4,47
S01010509,5. Skilled trades occupations,100,83,17
S01010509,6. Caring leisure and other service occupations,47,9,38
S01010509,7. Sales and customer service occupations,26,4,22
S01010509,8. Process plant and machine operatives,48,41,7
S01010509,9. Elementary occupations,71,42,29
S01010510,All people aged 16 to 74 in employment,383,196,187
S01010510,1. Managers directors and senior officials,35,22,13
S01010510,2. Professional occupations,60,20,40
S01010510,3. Associate professional and technical occupations,33,17,16
S01010510,4. Administrative and secretarial occupations,36,4,32
S01010510,5. Skilled trades occupations,56,51,5
S01010510,6. Caring leisure and other service occupations,47,11,36
S01010510,7. Sales and customer service occupations,36,10,26
S01010510,8. Process plant and machine operatives,40,38,2
S01010510,9. Elementary occupations,40,23,17
S01010511,All people aged 16 to 74 in employment,426,218,208
S01010511,1. Managers directors and senior officials,24,13,11
S01010511,2. Professional occupations,22,8,14
S01010511,3. Associate professional and technical occupations,18,8,10
S01010511,4. Administrative and secretarial occupations,44,4,40
S01010511,5. Skilled trades occupations,80,72,8
S01010511,6. Caring leisure and other service occupations,36,3,33
S01010511,7. Sales and customer service occupations,41,6,35
S01010511,8. Process plant and machine operatives,70,67,3
S01010511,9. Elementary occupations,91,37,54
S01010512,All people aged 16 to 74 in employment,269,136,133
S01010512,1. Managers directors and senior officials,23,17,6
S01010512,2. Professional occupations,29,8,21
S01010512,3. Associate professional and technical occupations,22,12,10
S01010512,4. Administrative and secretarial occupations,25,1,24
S01010512,5. Skilled trades occupations,44,41,3
S01010512,6. Caring leisure and other service occupations,28,5,23
S01010512,7. Sales and customer service occupations,34,7,27
S01010512,8. Process plant and machine operatives,32,28,4
S01010512,9. Elementary occupations,32,17,15
S01010513,All people aged 16 to 74 in employment,416,223,193
S01010513,1. Managers directors and senior officials,50,26,24
S01010513,2. Professional occupations,65,24,41
S01010513,3. Associate professional and technical occupations,45,29,16
S01010513,4. Administrative and secretarial occupations,38,2,36
S01010513,5. Skilled trades occupations,70,63,7
S01010513,6. Caring leisure and other service occupations,37,7,30
S01010513,7. Sales and customer service occupations,27,9,18
S01010513,8. Process plant and machine operatives,46,43,3
S01010513,9. Elementary occupations,38,20,18
S01010514,All people aged 16 to 74 in employment,360,179,181
S01010514,1. Managers directors and senior officials,19,10,9
S01010514,2. Professional occupations,25,8,17
S01010514,3. Associate professional and technical occupations,22,12,10
S01010514,4. Administrative and secretarial occupations,33,6,27
S01010514,5. Skilled trades occupations,56,53,3
S01010514,6. Caring leisure and other service occupations,39,3,36
S01010514,7. Sales and customer service occupations,50,13,37
S01010514,8. Process plant and machine operatives,42,42,0
S01010514,9. Elementary occupations,74,32,42
S01010515,All people aged 16 to 74 in employment,408,206,202
S01010515,1. Managers directors and senior officials,16,7,9
S01010515,2. Professional occupations,36,9,27
S01010515,3. Associate professional and technical occupations,19,12,7
S01010515,4. Administrative and secretarial occupations,30,6,24
S01010515,5. Skilled trades occupations,66,58,8
S01010515,6. Caring leisure and other service occupations,42,6,36
S01010515,7. Sales and customer service occupations,48,8,40
S01010515,8. Process plant and machine operatives,65,61,4
S01010515,9. Elementary occupations,86,39,47
S01010516,All people aged 16 to 74 in employment,329,174,155
S01010516,1. Managers directors and senior officials,90,46,44
S01010516,2. Professional occupations,39,10,29
S01010516,3. Associate professional and technical occupations,34,25,9
S01010516,4. Administrative and secretarial occupations,27,4,23
S01010516,5. Skilled trades occupations,47,44,3
S01010516,6. Caring leisure and other service occupations,19,4,15
S01010516,7. Sales and customer service occupations,16,4,12
S01010516,8. Process plant and machine operatives,11,10,1
S01010516,9. Elementary occupations,46,27,19
S01010517,All people aged 16 to 74 in employment,432,240,192
S01010517,1. Managers directors and senior officials,50,27,23
S01010517,2. Professional occupations,63,30,33
S01010517,3. Associate professional and technical occupations,36,25,11
S01010517,4. Administrative and secretarial occupations,34,1,33
S01010517,5. Skilled trades occupations,81,68,13
S01010517,6. Caring leisure and other service occupations,32,6,26
S01010517,7. Sales and customer service occupations,33,12,21
S01010517,8. Process plant and machine operatives,46,41,5
S01010517,9. Elementary occupations,57,30,27
S01010518,All people aged 16 to 74 in employment,368,209,159
S01010518,1. Managers directors and senior officials,37,23,14
S01010518,2. Professional occupations,38,17,21
S01010518,3. Associate professional and technical occupations,33,22,11
S01010518,4. Administrative and secretarial occupations,34,7,27
S01010518,5. Skilled trades occupations,70,62,8
S01010518,6. Caring leisure and other service occupations,34,6,28
S01010518,7. Sales and customer service occupations,29,8,21
S01010518,8. Process plant and machine operatives,44,37,7
S01010518,9. Elementary occupations,49,27,22
S01010519,All people aged 16 to 74 in employment,373,190,183
S01010519,1. Managers directors and senior officials,31,18,13
S01010519,2. Professional occupations,39,19,20
S01010519,3. Associate professional and technical occupations,30,17,13
S01010519,4. Administrative and secretarial occupations,35,1,34
S01010519,5. Skilled trades occupations,54,49,5
S01010519,6. Caring leisure and other service occupations,38,10,28
S01010519,7. Sales and customer service occupations,42,6,36
S01010519,8. Process plant and machine operatives,42,38,4
S01010519,9. Elementary occupations,62,32,30
S01010520,All people aged 16 to 74 in employment,495,255,240
S01010520,1. Managers directors and senior officials,41,25,16
S01010520,2. Professional occupations,60,25,35
S01010520,3. Associate professional and technical occupations,35,23,12
S01010520,4. Administrative and secretarial occupations,55,4,51
S01010520,5. Skilled trades occupations,87,77,10
S01010520,6. Caring leisure and other service occupations,60,12,48
S01010520,7. Sales and customer service occupations,49,11,38
S01010520,8. Process plant and machine operatives,47,46,1
S01010520,9. Elementary occupations,61,32,29
S01010521,All people aged 16 to 74 in employment,401,209,192
S01010521,1. Managers directors and senior officials,42,24,18
S01010521,2. Professional occupations,29,11,18
S01010521,3. Associate professional and technical occupations,43,25,18
S01010521,4. Administrative and secretarial occupations,31,1,30
S01010521,5. Skilled trades occupations,62,56,6
S01010521,6. Caring leisure and other service occupations,57,13,44
S01010521,7. Sales and customer service occupations,35,7,28
S01010521,8. Process plant and machine operatives,49,47,2
S01010521,9. Elementary occupations,53,25,28
S01010522,All people aged 16 to 74 in employment,303,162,141
S01010522,1. Managers directors and senior officials,36,13,23
S01010522,2. Professional occupations,25,12,13
S01010522,3. Associate professional and technical occupations,19,11,8
S01010522,4. Administrative and secretarial occupations,17,3,14
S01010522,5. Skilled trades occupations,54,49,5
S01010522,6. Caring leisure and other service occupations,29,4,25
S01010522,7. Sales and customer service occupations,30,10,20
S01010522,8. Process plant and machine operatives,30,27,3
S01010522,9. Elementary occupations,63,33,30
S01010523,All people aged 16 to 74 in employment,277,129,148
S01010523,1. Managers directors and senior officials,19,9,10
S01010523,2. Professional occupations,14,6,8
S01010523,3. Associate professional and technical occupations,12,5,7
S01010523,4. Administrative and secretarial occupations,15,6,9
S01010523,5. Skilled trades occupations,41,36,5
S01010523,6. Caring leisure and other service occupations,28,5,23
S01010523,7. Sales and customer service occupations,40,10,30
S01010523,8. Process plant and machine operatives,34,30,4
S01010523,9. Elementary occupations,74,22,52
S01010524,All people aged 16 to 74 in employment,288,152,136
S01010524,1. Managers directors and senior officials,58,30,28
S01010524,2. Professional occupations,51,17,34
S01010524,3. Associate professional and technical occupations,25,17,8
S01010524,4. Administrative and secretarial occupations,21,3,18
S01010524,5. Skilled trades occupations,51,47,4
S01010524,6. Caring leisure and other service occupations,24,5,19
S01010524,7. Sales and customer service occupations,14,1,13
S01010524,8. Process plant and machine operatives,20,19,1
S01010524,9. Elementary occupations,24,13,11
S01010525,All people aged 16 to 74 in employment,309,179,130
S01010525,1. Managers directors and senior officials,60,32,28
S01010525,2. Professional occupations,36,17,19
S01010525,3. Associate professional and technical occupations,29,21,8
S01010525,4. Administrative and secretarial occupations,23,4,19
S01010525,5. Skilled trades occupations,54,48,6
S01010525,6. Caring leisure and other service occupations,25,5,20
S01010525,7. Sales and customer service occupations,12,5,7
S01010525,8. Process plant and machine operatives,24,20,4
S01010525,9. Elementary occupations,46,27,19
S01010526,All people aged 16 to 74 in employment,413,225,188
S01010526,1. Managers directors and senior officials,57,25,32
S01010526,2. Professional occupations,63,30,33
S01010526,3. Associate professional and technical occupations,34,21,13
S01010526,4. Administrative and secretarial occupations,40,6,34
S01010526,5. Skilled trades occupations,74,68,6
S01010526,6. Caring leisure and other service occupations,46,10,36
S01010526,7. Sales and customer service occupations,22,7,15
S01010526,8. Process plant and machine operatives,34,34,0
S01010526,9. Elementary occupations,43,24,19
S01010527,All people aged 16 to 74 in employment,414,212,202
S01010527,1. Managers directors and senior officials,38,22,16
S01010527,2. Professional occupations,38,11,27
S01010527,3. Associate professional and technical occupations,34,20,14
S01010527,4. Administrative and secretarial occupations,41,7,34
S01010527,5. Skilled trades occupations,68,57,11
S01010527,6. Caring leisure and other service occupations,52,8,44
S01010527,7. Sales and customer service occupations,30,10,20
S01010527,8. Process plant and machine operatives,43,40,3
S01010527,9. Elementary occupations,70,37,33
S01010528,All people aged 16 to 74 in employment,328,189,139
S01010528,1. Managers directors and senior officials,44,28,16
S01010528,2. Professional occupations,57,26,31
S01010528,3. Associate professional and technical occupations,37,21,16
S01010528,4. Administrative and secretarial occupations,19,4,15
S01010528,5. Skilled trades occupations,63,58,5
S01010528,6. Caring leisure and other service occupations,23,8,15
S01010528,7. Sales and customer service occupations,25,7,18
S01010528,8. Process plant and machine operatives,16,11,5
S01010528,9. Elementary occupations,44,26,18
S01010529,All people aged 16 to 74 in employment,369,193,176
S01010529,1. Managers directors and senior officials,67,41,26
S01010529,2. Professional occupations,51,22,29
S01010529,3. Associate professional and technical occupations,29,18,11
S01010529,4. Administrative and secretarial occupations,31,1,30
S01010529,5. Skilled trades occupations,50,45,5
S01010529,6. Caring leisure and other service occupations,37,6,31
S01010529,7. Sales and customer service occupations,26,4,22
S01010529,8. Process plant and machine operatives,35,32,3
S01010529,9. Elementary occupations,43,24,19
S01010530,All people aged 16 to 74 in employment,354,187,167
S01010530,1. Managers directors and senior officials,85,48,37
S01010530,2. Professional occupations,40,16,24
S01010530,3. Associate professional and technical occupations,34,19,15
S01010530,4. Administrative and secretarial occupations,36,3,33
S01010530,5. Skilled trades occupations,54,49,5
S01010530,6. Caring leisure and other service occupations,25,1,24
S01010530,7. Sales and customer service occupations,18,6,12
S01010530,8. Process plant and machine operatives,20,18,2
S01010530,9. Elementary occupations,42,27,15
S01010531,All people aged 16 to 74 in employment,587,304,283
S01010531,1. Managers directors and senior officials,97,53,44
S01010531,2. Professional occupations,75,30,45
S01010531,3. Associate professional and technical occupations,50,33,17
S01010531,4. Administrative and secretarial occupations,57,8,49
S01010531,5. Skilled trades occupations,108,94,14
S01010531,6. Caring leisure and other service occupations,62,10,52
S01010531,7. Sales and customer service occupations,42,13,29
S01010531,8. Process plant and machine operatives,31,29,2
S01010531,9. Elementary occupations,65,34,31
S01010532,All people aged 16 to 74 in employment,279,154,125
S01010532,1. Managers directors and senior officials,38,19,19
S01010532,2. Professional occupations,40,19,21
S01010532,3. Associate professional and technical occupations,25,10,15
S01010532,4. Administrative and secretarial occupations,18,3,15
S01010532,5. Skilled trades occupations,64,55,9
S01010532,6. Caring leisure and other service occupations,32,9,23
S01010532,7. Sales and customer service occupations,8,2,6
S01010532,8. Process plant and machine operatives,20,18,2
S01010532,9. Elementary occupations,34,19,15
S01010533,All people aged 16 to 74 in employment,284,158,126
S01010533,1. Managers directors and senior officials,44,26,18
S01010533,2. Professional occupations,49,24,25
S01010533,3. Associate professional and technical occupations,24,12,12
S01010533,4. Administrative and secretarial occupations,25,4,21
S01010533,5. Skilled trades occupations,40,37,3
S01010533,6. Caring leisure and other service occupations,30,14,16
S01010533,7. Sales and customer service occupations,19,7,12
S01010533,8. Process plant and machine operatives,12,12,0
S01010533,9. Elementary occupations,41,22,19
S01010534,All people aged 16 to 74 in employment,448,223,225
S01010534,1. Managers directors and senior officials,47,29,18
S01010534,2. Professional occupations,64,26,38
S01010534,3. Associate professional and technical occupations,43,17,26
S01010534,4. Administrative and secretarial occupations,31,3,28
S01010534,5. Skilled trades occupations,73,64,9
S01010534,6. Caring leisure and other service occupations,68,18,50
S01010534,7. Sales and customer service occupations,37,9,28
S01010534,8. Process plant and machine operatives,35,35,0
S01010534,9. Elementary occupations,50,22,28
S01010535,All people aged 16 to 74 in employment,356,188,168
S01010535,1. Managers directors and senior officials,60,38,22
S01010535,2. Professional occupations,55,21,34
S01010535,3. Associate professional and technical occupations,54,29,25
S01010535,4. Administrative and secretarial occupations,30,3,27
S01010535,5. Skilled trades occupations,59,52,7
S01010535,6. Caring leisure and other service occupations,38,11,27
S01010535,7. Sales and customer service occupations,18,3,15
S01010535,8. Process plant and machine operatives,17,13,4
S01010535,9. Elementary occupations,25,18,7
S01010536,All people aged 16 to 74 in employment,449,226,223
S01010536,1. Managers directors and senior officials,60,32,28
S01010536,2. Professional occupations,30,14,16
S01010536,3. Associate professional and technical occupations,39,27,12
S01010536,4. Administrative and secretarial occupations,45,7,38
S01010536,5. Skilled trades occupations,75,64,11
S01010536,6. Caring leisure and other service occupations,47,8,39
S01010536,7. Sales and customer service occupations,40,12,28
S01010536,8. Process plant and machine operatives,29,27,2
S01010536,9. Elementary occupations,84,35,49
S01010537,All people aged 16 to 74 in employment,487,259,228
S01010537,1. Managers directors and senior officials,48,28,20
S01010537,2. Professional occupations,37,15,22
S01010537,3. Associate professional and technical occupations,42,28,14
S01010537,4. Administrative and secretarial occupations,40,6,34
S01010537,5. Skilled trades occupations,83,71,12
S01010537,6. Caring leisure and other service occupations,44,7,37
S01010537,7. Sales and customer service occupations,47,14,33
S01010537,8. Process plant and machine operatives,33,33,0
S01010537,9. Elementary occupations,113,57,56
S01010538,All people aged 16 to 74 in employment,442,220,222
S01010538,1. Managers directors and senior officials,45,26,19
S01010538,2. Professional occupations,49,19,30
S01010538,3. Associate professional and technical occupations,56,30,26
S01010538,4. Administrative and secretarial occupations,45,6,39
S01010538,5. Skilled trades occupations,56,50,6
S01010538,6. Caring leisure and other service occupations,45,7,38
S01010538,7. Sales and customer service occupations,48,16,32
S01010538,8. Process plant and machine operatives,38,36,2
S01010538,9. Elementary occupations,60,30,30
S01010539,All people aged 16 to 74 in employment,717,377,340
S01010539,1. Managers directors and senior officials,94,58,36
S01010539,2. Professional occupations,63,19,44
S01010539,3. Associate professional and technical occupations,101,66,35
S01010539,4. Administrative and secretarial occupations,67,11,56
S01010539,5. Skilled trades occupations,104,90,14
S01010539,6. Caring leisure and other service occupations,73,22,51
S01010539,7. Sales and customer service occupations,58,15,43
S01010539,8. Process plant and machine operatives,40,38,2
S01010539,9. Elementary occupations,117,58,59
S01010540,All people aged 16 to 74 in employment,322,164,158
S01010540,1. Managers directors and senior officials,39,23,16
S01010540,2. Professional occupations,58,21,37
S01010540,3. Associate professional and technical occupations,30,17,13
S01010540,4. Administrative and secretarial occupations,29,3,26
S01010540,5. Skilled trades occupations,61,53,8
S01010540,6. Caring leisure and other service occupations,40,5,35
S01010540,7. Sales and customer service occupations,12,6,6
S01010540,8. Process plant and machine operatives,17,15,2
S01010540,9. Elementary occupations,36,21,15
S01010541,All people aged 16 to 74 in employment,453,218,235
S01010541,1. Managers directors and senior officials,57,33,24
S01010541,2. Professional occupations,75,26,49
S01010541,3. Associate professional and technical occupations,62,33,29
S01010541,4. Administrative and secretarial occupations,39,7,32
S01010541,5. Skilled trades occupations,67,59,8
S01010541,6. Caring leisure and other service occupations,43,6,37
S01010541,7. Sales and customer service occupations,28,7,21
S01010541,8. Process plant and machine operatives,37,32,5
S01010541,9. Elementary occupations,45,15,30
S01010542,All people aged 16 to 74 in employment,456,248,208
S01010542,1. Managers directors and senior officials,52,24,28
S01010542,2. Professional occupations,65,28,37
S01010542,3. Associate professional and technical occupations,70,43,27
S01010542,4. Administrative and secretarial occupations,31,5,26
S01010542,5. Skilled trades occupations,83,75,8
S01010542,6. Caring leisure and other service occupations,48,12,36
S01010542,7. Sales and customer service occupations,25,7,18
S01010542,8. Process plant and machine operatives,28,25,3
S01010542,9. Elementary occupations,54,29,25
S01010543,All people aged 16 to 74 in employment,344,186,158
S01010543,1. Managers directors and senior officials,54,28,26
S01010543,2. Professional occupations,45,15,30
S01010543,3. Associate professional and technical occupations,31,20,11
S01010543,4. Administrative and secretarial occupations,26,4,22
S01010543,5. Skilled trades occupations,84,72,12
S01010543,6. Caring leisure and other service occupations,28,1,27
S01010543,7. Sales and customer service occupations,23,8,15
S01010543,8. Process plant and machine operatives,22,18,4
S01010543,9. Elementary occupations,31,20,11
S01010544,All people aged 16 to 74 in employment,426,219,207
S01010544,1. Managers directors and senior officials,27,10,17
S01010544,2. Professional occupations,41,17,24
S01010544,3. Associate professional and technical occupations,38,25,13
S01010544,4. Administrative and secretarial occupations,36,6,30
S01010544,5. Skilled trades occupations,83,77,6
S01010544,6. Caring leisure and other service occupations,44,4,40
S01010544,7. Sales and customer service occupations,35,7,28
S01010544,8. Process plant and machine operatives,53,47,6
S01010544,9. Elementary occupations,69,26,43
S01010545,All people aged 16 to 74 in employment,332,177,155
S01010545,1. Managers directors and senior officials,47,27,20
S01010545,2. Professional occupations,47,24,23
S01010545,3. Associate professional and technical occupations,44,24,20
S01010545,4. Administrative and secretarial occupations,29,2,27
S01010545,5. Skilled trades occupations,67,58,9
S01010545,6. Caring leisure and other service occupations,29,4,25
S01010545,7. Sales and customer service occupations,19,4,15
S01010545,8. Process plant and machine operatives,19,19,0
S01010545,9. Elementary occupations,31,15,16
S01010546,All people aged 16 to 74 in employment,372,195,177
S01010546,1. Managers directors and senior officials,42,20,22
S01010546,2. Professional occupations,53,22,31
S01010546,3. Associate professional and technical occupations,29,15,14
S01010546,4. Administrative and secretarial occupations,27,2,25
S01010546,5. Skilled trades occupations,81,67,14
S01010546,6. Caring leisure and other service occupations,34,6,28
S01010546,7. Sales and customer service occupations,29,10,19
S01010546,8. Process plant and machine operatives,29,23,6
S01010546,9. Elementary occupations,48,30,18
S01010547,All people aged 16 to 74 in employment,379,214,165
S01010547,1. Managers directors and senior officials,39,26,13
S01010547,2. Professional occupations,41,17,24
S01010547,3. Associate professional and technical occupations,43,24,19
S01010547,4. Administrative and secretarial occupations,27,2,25
S01010547,5. Skilled trades occupations,93,85,8
S01010547,6. Caring leisure and other service occupations,44,4,40
S01010547,7. Sales and customer service occupations,20,7,13
S01010547,8. Process plant and machine operatives,28,27,1
S01010547,9. Elementary occupations,44,22,22
S01010548,All people aged 16 to 74 in employment,296,157,139
S01010548,1. Managers directors and senior officials,37,17,20
S01010548,2. Professional occupations,41,22,19
S01010548,3. Associate professional and technical occupations,25,10,15
S01010548,4. Administrative and secretarial occupations,33,7,26
S01010548,5. Skilled trades occupations,67,56,11
S01010548,6. Caring leisure and other service occupations,26,5,21
S01010548,7. Sales and customer service occupations,28,11,17
S01010548,8. Process plant and machine operatives,19,17,2
S01010548,9. Elementary occupations,20,12,8
S01010549,All people aged 16 to 74 in employment,467,246,221
S01010549,1. Managers directors and senior officials,57,33,24
S01010549,2. Professional occupations,79,30,49
S01010549,3. Associate professional and technical occupations,83,60,23
S01010549,4. Administrative and secretarial occupations,52,9,43
S01010549,5. Skilled trades occupations,57,50,7
S01010549,6. Caring leisure and other service occupations,43,5,38
S01010549,7. Sales and customer service occupations,23,5,18
S01010549,8. Process plant and machine operatives,36,34,2
S01010549,9. Elementary occupations,37,20,17
S01010550,All people aged 16 to 74 in employment,280,148,132
S01010550,1. Managers directors and senior officials,26,17,9
S01010550,2. Professional occupations,46,22,24
S01010550,3. Associate professional and technical occupations,36,18,18
S01010550,4. Administrative and secretarial occupations,23,2,21
S01010550,5. Skilled trades occupations,48,44,4
S01010550,6. Caring leisure and other service occupations,33,7,26
S01010550,7. Sales and customer service occupations,17,4,13
S01010550,8. Process plant and machine operatives,23,20,3
S01010550,9. Elementary occupations,28,14,14
S01010551,All people aged 16 to 74 in employment,337,183,154
S01010551,1. Managers directors and senior officials,42,27,15
S01010551,2. Professional occupations,53,22,31
S01010551,3. Associate professional and technical occupations,43,23,20
S01010551,4. Administrative and secretarial occupations,36,3,33
S01010551,5. Skilled trades occupations,79,67,12
S01010551,6. Caring leisure and other service occupations,24,3,21
S01010551,7. Sales and customer service occupations,14,5,9
S01010551,8. Process plant and machine operatives,24,21,3
S01010551,9. Elementary occupations,22,12,10
S01010552,All people aged 16 to 74 in employment,407,225,182
S01010552,1. Managers directors and senior officials,43,30,13
S01010552,2. Professional occupations,78,35,43
S01010552,3. Associate professional and technical occupations,41,26,15
S01010552,4. Administrative and secretarial occupations,35,7,28
S01010552,5. Skilled trades occupations,63,56,7
S01010552,6. Caring leisure and other service occupations,39,6,33
S01010552,7. Sales and customer service occupations,26,11,15
S01010552,8. Process plant and machine operatives,34,32,2
S01010552,9. Elementary occupations,48,22,26
S01010553,All people aged 16 to 74 in employment,328,190,138
S01010553,1. Managers directors and senior officials,32,22,10
S01010553,2. Professional occupations,41,13,28
S01010553,3. Associate professional and technical occupations,51,36,15
S01010553,4. Administrative and secretarial occupations,32,3,29
S01010553,5. Skilled trades occupations,81,72,9
S01010553,6. Caring leisure and other service occupations,28,4,24
S01010553,7. Sales and customer service occupations,17,6,11
S01010553,8. Process plant and machine operatives,18,15,3
S01010553,9. Elementary occupations,28,19,9
S01010554,All people aged 16 to 74 in employment,378,199,179
S01010554,1. Managers directors and senior officials,28,17,11
S01010554,2. Professional occupations,63,25,38
S01010554,3. Associate professional and technical occupations,39,31,8
S01010554,4. Administrative and secretarial occupations,43,9,34
S01010554,5. Skilled trades occupations,59,54,5
S01010554,6. Caring leisure and other service occupations,50,5,45
S01010554,7. Sales and customer service occupations,26,11,15
S01010554,8. Process plant and machine operatives,32,31,1
S01010554,9. Elementary occupations,38,16,22
S01010555,All people aged 16 to 74 in employment,478,251,227
S01010555,1. Managers directors and senior officials,63,40,23
S01010555,2. Professional occupations,66,28,38
S01010555,3. Associate professional and technical occupations,56,35,21
S01010555,4. Administrative and secretarial occupations,33,5,28
S01010555,5. Skilled trades occupations,63,52,11
S01010555,6. Caring leisure and other service occupations,52,9,43
S01010555,7. Sales and customer service occupations,48,19,29
S01010555,8. Process plant and machine operatives,31,27,4
S01010555,9. Elementary occupations,66,36,30
S01010556,All people aged 16 to 74 in employment,366,183,183
S01010556,1. Managers directors and senior officials,27,12,15
S01010556,2. Professional occupations,29,13,16
S01010556,3. Associate professional and technical occupations,31,15,16
S01010556,4. Administrative and secretarial occupations,30,4,26
S01010556,5. Skilled trades occupations,53,46,7
S01010556,6. Caring leisure and other service occupations,47,6,41
S01010556,7. Sales and customer service occupations,38,9,29
S01010556,8. Process plant and machine operatives,51,48,3
S01010556,9. Elementary occupations,60,30,30
S01010557,All people aged 16 to 74 in employment,276,139,137
S01010557,1. Managers directors and senior officials,18,9,9
S01010557,2. Professional occupations,36,17,19
S01010557,3. Associate professional and technical occupations,33,22,11
S01010557,4. Administrative and secretarial occupations,26,3,23
S01010557,5. Skilled trades occupations,31,27,4
S01010557,6. Caring leisure and other service occupations,43,7,36
S01010557,7. Sales and customer service occupations,21,9,12
S01010557,8. Process plant and machine operatives,27,26,1
S01010557,9. Elementary occupations,41,19,22
S01010558,All people aged 16 to 74 in employment,312,167,145
S01010558,1. Managers directors and senior officials,32,25,7
S01010558,2. Professional occupations,43,18,25
S01010558,3. Associate professional and technical occupations,38,18,20
S01010558,4. Administrative and secretarial occupations,40,5,35
S01010558,5. Skilled trades occupations,47,42,5
S01010558,6. Caring leisure and other service occupations,34,8,26
S01010558,7. Sales and customer service occupations,13,2,11
S01010558,8. Process plant and machine operatives,36,33,3
S01010558,9. Elementary occupations,29,16,13
S01010559,All people aged 16 to 74 in employment,290,162,128
S01010559,1. Managers directors and senior officials,42,23,19
S01010559,2. Professional occupations,80,42,38
S01010559,3. Associate professional and technical occupations,45,30,15
S01010559,4. Administrative and secretarial occupations,25,6,19
S01010559,5. Skilled trades occupations,30,25,5
S01010559,6. Caring leisure and other service occupations,21,4,17
S01010559,7. Sales and customer service occupations,15,7,8
S01010559,8. Process plant and machine operatives,14,14,0
S01010559,9. Elementary occupations,18,11,7
S01010560,All people aged 16 to 74 in employment,331,159,172
S01010560,1. Managers directors and senior officials,39,26,13
S01010560,2. Professional occupations,79,31,48
S01010560,3. Associate professional and technical occupations,30,19,11
S01010560,4. Administrative and secretarial occupations,26,5,21
S01010560,5. Skilled trades occupations,37,35,2
S01010560,6. Caring leisure and other service occupations,47,7,40
S01010560,7. Sales and customer service occupations,32,8,24
S01010560,8. Process plant and machine operatives,16,15,1
S01010560,9. Elementary occupations,25,13,12
S01010561,All people aged 16 to 74 in employment,327,174,153
S01010561,1. Managers directors and senior officials,41,29,12
S01010561,2. Professional occupations,62,30,32
S01010561,3. Associate professional and technical occupations,52,30,22
S01010561,4. Administrative and secretarial occupations,34,5,29
S01010561,5. Skilled trades occupations,42,38,4
S01010561,6. Caring leisure and other service occupations,23,3,20
S01010561,7. Sales and customer service occupations,25,7,18
S01010561,8. Process plant and machine operatives,16,16,0
S01010561,9. Elementary occupations,32,16,16
S01010562,All people aged 16 to 74 in employment,391,194,197
S01010562,1. Managers directors and senior officials,29,14,15
S01010562,2. Professional occupations,48,17,31
S01010562,3. Associate professional and technical occupations,39,22,17
S01010562,4. Administrative and secretarial occupations,56,6,50
S01010562,5. Skilled trades occupations,74,67,7
S01010562,6. Caring leisure and other service occupations,44,5,39
S01010562,7. Sales and customer service occupations,38,14,24
S01010562,8. Process plant and machine operatives,30,29,1
S01010562,9. Elementary occupations,33,20,13
S01010563,All people aged 16 to 74 in employment,263,142,121
S01010563,1. Managers directors and senior officials,17,10,7
S01010563,2. Professional occupations,22,10,12
S01010563,3. Associate professional and technical occupations,29,16,13
S01010563,4. Administrative and secretarial occupations,20,3,17
S01010563,5. Skilled trades occupations,49,42,7
S01010563,6. Caring leisure and other service occupations,31,3,28
S01010563,7. Sales and customer service occupations,28,8,20
S01010563,8. Process plant and machine operatives,28,28,0
S01010563,9. Elementary occupations,39,22,17
S01010564,All people aged 16 to 74 in employment,214,124,90
S01010564,1. Managers directors and senior officials,11,7,4
S01010564,2. Professional occupations,18,8,10
S01010564,3. Associate professional and technical occupations,15,9,6
S01010564,4. Administrative and secretarial occupations,20,4,16
S01010564,5. Skilled trades occupations,43,39,4
S01010564,6. Caring leisure and other service occupations,20,6,14
S01010564,7. Sales and customer service occupations,22,5,17
S01010564,8. Process plant and machine operatives,35,31,4
S01010564,9. Elementary occupations,30,15,15
S01010565,All people aged 16 to 74 in employment,282,153,129
S01010565,1. Managers directors and senior officials,27,16,11
S01010565,2. Professional occupations,28,13,15
S01010565,3. Associate professional and technical occupations,34,21,13
S01010565,4. Administrative and secretarial occupations,26,2,24
S01010565,5. Skilled trades occupations,39,38,1
S01010565,6. Caring leisure and other service occupations,29,4,25
S01010565,7. Sales and customer service occupations,31,7,24
S01010565,8. Process plant and machine operatives,32,31,1
S01010565,9. Elementary occupations,36,21,15
S01010566,All people aged 16 to 74 in employment,586,315,271
S01010566,1. Managers directors and senior officials,78,47,31
S01010566,2. Professional occupations,104,39,65
S01010566,3. Associate professional and technical occupations,57,31,26
S01010566,4. Administrative and secretarial occupations,63,10,53
S01010566,5. Skilled trades occupations,127,113,14
S01010566,6. Caring leisure and other service occupations,49,8,41
S01010566,7. Sales and customer service occupations,35,9,26
S01010566,8. Process plant and machine operatives,34,32,2
S01010566,9. Elementary occupations,39,26,13
S01010567,All people aged 16 to 74 in employment,567,302,265
S01010567,1. Managers directors and senior officials,71,43,28
S01010567,2. Professional occupations,117,42,75
S01010567,3. Associate professional and technical occupations,73,44,29
S01010567,4. Administrative and secretarial occupations,63,11,52
S01010567,5. Skilled trades occupations,86,81,5
S01010567,6. Caring leisure and other service occupations,42,6,36
S01010567,7. Sales and customer service occupations,40,14,26
S01010567,8. Process plant and machine operatives,42,40,2
S01010567,9. Elementary occupations,33,21,12
S01010568,All people aged 16 to 74 in employment,529,277,252
S01010568,1. Managers directors and senior officials,48,36,12
S01010568,2. Professional occupations,102,45,57
S01010568,3. Associate professional and technical occupations,65,37,28
S01010568,4. Administrative and secretarial occupations,53,5,48
S01010568,5. Skilled trades occupations,71,63,8
S01010568,6. Caring leisure and other service occupations,43,7,36
S01010568,7. Sales and customer service occupations,42,12,30
S01010568,8. Process plant and machine operatives,44,43,1
S01010568,9. Elementary occupations,61,29,32
S01010569,All people aged 16 to 74 in employment,522,329,193
S01010569,1. Managers directors and senior officials,56,31,25
S01010569,2. Professional occupations,62,26,36
S01010569,3. Associate professional and technical occupations,154,128,26
S01010569,4. Administrative and secretarial occupations,48,12,36
S01010569,5. Skilled trades occupations,76,67,9
S01010569,6. Caring leisure and other service occupations,36,5,31
S01010569,7. Sales and customer service occupations,16,6,10
S01010569,8. Process plant and machine operatives,33,30,3
S01010569,9. Elementary occupations,41,24,17
S01010570,All people aged 16 to 74 in employment,515,263,252
S01010570,1. Managers directors and senior officials,23,11,12
S01010570,2. Professional occupations,67,28,39
S01010570,3. Associate professional and technical occupations,44,22,22
S01010570,4. Administrative and secretarial occupations,48,6,42
S01010570,5. Skilled trades occupations,70,60,10
S01010570,6. Caring leisure and other service occupations,59,9,50
S01010570,7. Sales and customer service occupations,57,14,43
S01010570,8. Process plant and machine operatives,61,58,3
S01010570,9. Elementary occupations,86,55,31
S01010571,All people aged 16 to 74 in employment,493,266,227
S01010571,1. Managers directors and senior officials,37,22,15
S01010571,2. Professional occupations,72,28,44
S01010571,3. Associate professional and technical occupations,65,38,27
S01010571,4. Administrative and secretarial occupations,52,7,45
S01010571,5. Skilled trades occupations,74,63,11
S01010571,6. Caring leisure and other service occupations,50,18,32
S01010571,7. Sales and customer service occupations,51,20,31
S01010571,8. Process plant and machine operatives,42,39,3
S01010571,9. Elementary occupations,50,31,19
S01010572,All people aged 16 to 74 in employment,410,207,203
S01010572,1. Managers directors and senior officials,28,17,11
S01010572,2. Professional occupations,49,19,30
S01010572,3. Associate professional and technical occupations,26,11,15
S01010572,4. Administrative and secretarial occupations,39,8,31
S01010572,5. Skilled trades occupations,64,57,7
S01010572,6. Caring leisure and other service occupations,43,5,38
S01010572,7. Sales and customer service occupations,46,10,36
S01010572,8. Process plant and machine operatives,49,44,5
S01010572,9. Elementary occupations,66,36,30
S01010573,All people aged 16 to 74 in employment,312,150,162
S01010573,1. Managers directors and senior officials,23,11,12
S01010573,2. Professional occupations,26,8,18
S01010573,3. Associate professional and technical occupations,21,7,14
S01010573,4. Administrative and secretarial occupations,31,6,25
S01010573,5. Skilled trades occupations,56,51,5
S01010573,6. Caring leisure and other service occupations,32,2,30
S01010573,7. Sales and customer service occupations,40,11,29
S01010573,8. Process plant and machine operatives,30,28,2
S01010573,9. Elementary occupations,53,26,27
S01010574,All people aged 16 to 74 in employment,313,160,153
S01010574,1. Managers directors and senior officials,28,21,7
S01010574,2. Professional occupations,60,28,32
S01010574,3. Associate professional and technical occupations,56,34,22
S01010574,4. Administrative and secretarial occupations,47,8,39
S01010574,5. Skilled trades occupations,33,30,3
S01010574,6. Caring leisure and other service occupations,23,2,21
S01010574,7. Sales and customer service occupations,28,9,19
S01010574,8. Process plant and machine operatives,20,19,1
S01010574,9. Elementary occupations,18,9,9
S01010575,All people aged 16 to 74 in employment,350,175,175
S01010575,1. Managers directors and senior officials,36,25,11
S01010575,2. Professional occupations,64,28,36
S01010575,3. Associate professional and technical occupations,43,26,17
S01010575,4. Administrative and secretarial occupations,64,9,55
S01010575,5. Skilled trades occupations,31,28,3
S01010575,6. Caring leisure and other service occupations,30,6,24
S01010575,7. Sales and customer service occupations,37,15,22
S01010575,8. Process plant and machine operatives,24,23,1
S01010575,9. Elementary occupations,21,15,6
S01010576,All people aged 16 to 74 in employment,425,212,213
S01010576,1. Managers directors and senior officials,44,24,20
S01010576,2. Professional occupations,86,36,50
S01010576,3. Associate professional and technical occupations,57,37,20
S01010576,4. Administrative and secretarial occupations,50,4,46
S01010576,5. Skilled trades occupations,51,46,5
S01010576,6. Caring leisure and other service occupations,43,5,38
S01010576,7. Sales and customer service occupations,39,14,25
S01010576,8. Process plant and machine operatives,31,30,1
S01010576,9. Elementary occupations,24,16,8
S01010577,All people aged 16 to 74 in employment,436,233,203
S01010577,1. Managers directors and senior officials,18,11,7
S01010577,2. Professional occupations,29,8,21
S01010577,3. Associate professional and technical occupations,37,23,14
S01010577,4. Administrative and secretarial occupations,39,7,32
S01010577,5. Skilled trades occupations,89,77,12
S01010577,6. Caring leisure and other service occupations,58,8,50
S01010577,7. Sales and customer service occupations,53,19,34
S01010577,8. Process plant and machine operatives,35,33,2
S01010577,9. Elementary occupations,78,47,31
S01010578,All people aged 16 to 74 in employment,335,160,175
S01010578,1. Managers directors and senior officials,24,15,9
S01010578,2. Professional occupations,30,12,18
S01010578,3. Associate professional and technical occupations,38,22,16
S01010578,4. Administrative and secretarial occupations,31,0,31
S01010578,5. Skilled trades occupations,53,46,7
S01010578,6. Caring leisure and other service occupations,37,5,32
S01010578,7. Sales and customer service occupations,47,15,32
S01010578,8. Process plant and machine operatives,27,25,2
S01010578,9. Elementary occupations,48,20,28
S01010579,All people aged 16 to 74 in employment,431,224,207
S01010579,1. Managers directors and senior officials,31,19,12
S01010579,2. Professional occupations,61,19,42
S01010579,3. Associate professional and technical occupations,54,29,25
S01010579,4. Administrative and secretarial occupations,48,7,41
S01010579,5. Skilled trades occupations,72,67,5
S01010579,6. Caring leisure and other service occupations,46,9,37
S01010579,7. Sales and customer service occupations,47,19,28
S01010579,8. Process plant and machine operatives,41,38,3
S01010579,9. Elementary occupations,31,17,14
S01010580,All people aged 16 to 74 in employment,321,176,145
S01010580,1. Managers directors and senior officials,23,16,7
S01010580,2. Professional occupations,47,22,25
S01010580,3. Associate professional and technical occupations,38,22,16
S01010580,4. Administrative and secretarial occupations,32,3,29
S01010580,5. Skilled trades occupations,43,39,4
S01010580,6. Caring leisure and other service occupations,38,9,29
S01010580,7. Sales and customer service occupations,35,18,17
S01010580,8. Process plant and machine operatives,28,28,0
S01010580,9. Elementary occupations,37,19,18
S01010581,All people aged 16 to 74 in employment,320,159,161
S01010581,1. Managers directors and senior officials,26,14,12
S01010581,2. Professional occupations,54,21,33
S01010581,3. Associate professional and technical occupations,50,28,22
S01010581,4. Administrative and secretarial occupations,37,12,25
S01010581,5. Skilled trades occupations,48,41,7
S01010581,6. Caring leisure and other service occupations,25,2,23
S01010581,7. Sales and customer service occupations,34,12,22
S01010581,8. Process plant and machine operatives,20,16,4
S01010581,9. Elementary occupations,26,13,13
S01010582,All people aged 16 to 74 in employment,255,136,119
S01010582,1. Managers directors and senior officials,27,20,7
S01010582,2. Professional occupations,50,21,29
S01010582,3. Associate professional and technical occupations,33,23,10
S01010582,4. Administrative and secretarial occupations,32,6,26
S01010582,5. Skilled trades occupations,38,35,3
S01010582,6. Caring leisure and other service occupations,21,2,19
S01010582,7. Sales and customer service occupations,18,5,13
S01010582,8. Process plant and machine operatives,15,13,2
S01010582,9. Elementary occupations,21,11,10
S01010583,All people aged 16 to 74 in employment,563,276,287
S01010583,1. Managers directors and senior officials,41,30,11
S01010583,2. Professional occupations,81,31,50
S01010583,3. Associate professional and technical occupations,89,56,33
S01010583,4. Administrative and secretarial occupations,103,17,86
S01010583,5. Skilled trades occupations,62,56,6
S01010583,6. Caring leisure and other service occupations,52,4,48
S01010583,7. Sales and customer service occupations,55,20,35
S01010583,8. Process plant and machine operatives,39,37,2
S01010583,9. Elementary occupations,41,25,16
S01010584,All people aged 16 to 74 in employment,439,214,225
S01010584,1. Managers directors and senior officials,46,33,13
S01010584,2. Professional occupations,89,31,58
S01010584,3. Associate professional and technical occupations,54,32,22
S01010584,4. Administrative and secretarial occupations,52,9,43
S01010584,5. Skilled trades occupations,65,57,8
S01010584,6. Caring leisure and other service occupations,39,2,37
S01010584,7. Sales and customer service occupations,44,15,29
S01010584,8. Process plant and machine operatives,27,22,5
S01010584,9. Elementary occupations,23,13,10
S01010585,All people aged 16 to 74 in employment,512,248,264
S01010585,1. Managers directors and senior officials,56,32,24
S01010585,2. Professional occupations,95,38,57
S01010585,3. Associate professional and technical occupations,81,45,36
S01010585,4. Administrative and secretarial occupations,63,11,52
S01010585,5. Skilled trades occupations,52,49,3
S01010585,6. Caring leisure and other service occupations,48,8,40
S01010585,7. Sales and customer service occupations,51,16,35
S01010585,8. Process plant and machine operatives,38,33,5
S01010585,9. Elementary occupations,28,16,12
S01010586,All people aged 16 to 74 in employment,430,211,219
S01010586,1. Managers directors and senior officials,52,37,15
S01010586,2. Professional occupations,105,47,58
S01010586,3. Associate professional and technical occupations,53,34,19
S01010586,4. Administrative and secretarial occupations,50,5,45
S01010586,5. Skilled trades occupations,45,40,5
S01010586,6. Caring leisure and other service occupations,42,4,38
S01010586,7. Sales and customer service occupations,38,9,29
S01010586,8. Process plant and machine operatives,17,15,2
S01010586,9. Elementary occupations,28,20,8
S01010587,All people aged 16 to 74 in employment,367,181,186
S01010587,1. Managers directors and senior officials,30,21,9
S01010587,2. Professional occupations,80,31,49
S01010587,3. Associate professional and technical occupations,64,32,32
S01010587,4. Administrative and secretarial occupations,39,2,37
S01010587,5. Skilled trades occupations,41,38,3
S01010587,6. Caring leisure and other service occupations,31,1,30
S01010587,7. Sales and customer service occupations,25,9,16
S01010587,8. Process plant and machine operatives,28,28,0
S01010587,9. Elementary occupations,29,19,10
S01010588,All people aged 16 to 74 in employment,321,170,151
S01010588,1. Managers directors and senior officials,33,25,8
S01010588,2. Professional occupations,72,35,37
S01010588,3. Associate professional and technical occupations,39,27,12
S01010588,4. Administrative and secretarial occupations,47,5,42
S01010588,5. Skilled trades occupations,27,24,3
S01010588,6. Caring leisure and other service occupations,26,5,21
S01010588,7. Sales and customer service occupations,28,9,19
S01010588,8. Process plant and machine operatives,23,22,1
S01010588,9. Elementary occupations,26,18,8
S01010589,All people aged 16 to 74 in employment,364,183,181
S01010589,1. Managers directors and senior officials,16,9,7
S01010589,2. Professional occupations,44,20,24
S01010589,3. Associate professional and technical occupations,44,22,22
S01010589,4. Administrative and secretarial occupations,44,9,35
S01010589,5. Skilled trades occupations,41,34,7
S01010589,6. Caring leisure and other service occupations,36,4,32
S01010589,7. Sales and customer service occupations,39,12,27
S01010589,8. Process plant and machine operatives,39,33,6
S01010589,9. Elementary occupations,61,40,21
S01010590,All people aged 16 to 74 in employment,465,249,216
S01010590,1. Managers directors and senior officials,73,53,20
S01010590,2. Professional occupations,112,51,61
S01010590,3. Associate professional and technical occupations,74,49,25
S01010590,4. Administrative and secretarial occupations,59,4,55
S01010590,5. Skilled trades occupations,37,35,2
S01010590,6. Caring leisure and other service occupations,43,12,31
S01010590,7. Sales and customer service occupations,26,11,15
S01010590,8. Process plant and machine operatives,22,21,1
S01010590,9. Elementary occupations,19,13,6
S01010591,All people aged 16 to 74 in employment,444,220,224
S01010591,1. Managers directors and senior officials,35,24,11
S01010591,2. Professional occupations,81,36,45
S01010591,3. Associate professional and technical occupations,69,36,33
S01010591,4. Administrative and secretarial occupations,54,3,51
S01010591,5. Skilled trades occupations,56,50,6
S01010591,6. Caring leisure and other service occupations,32,8,24
S01010591,7. Sales and customer service occupations,56,16,40
S01010591,8. Process plant and machine operatives,29,27,2
S01010591,9. Elementary occupations,32,20,12
S01010592,All people aged 16 to 74 in employment,307,150,157
S01010592,1. Managers directors and senior officials,17,8,9
S01010592,2. Professional occupations,48,20,28
S01010592,3. Associate professional and technical occupations,45,24,21
S01010592,4. Administrative and secretarial occupations,34,4,30
S01010592,5. Skilled trades occupations,42,37,5
S01010592,6. Caring leisure and other service occupations,41,6,35
S01010592,7. Sales and customer service occupations,28,11,17
S01010592,8. Process plant and machine operatives,25,23,2
S01010592,9. Elementary occupations,27,17,10
S01010593,All people aged 16 to 74 in employment,344,177,167
S01010593,1. Managers directors and senior officials,48,36,12
S01010593,2. Professional occupations,67,25,42
S01010593,3. Associate professional and technical occupations,51,32,19
S01010593,4. Administrative and secretarial occupations,55,7,48
S01010593,5. Skilled trades occupations,39,37,2
S01010593,6. Caring leisure and other service occupations,23,3,20
S01010593,7. Sales and customer service occupations,19,8,11
S01010593,8. Process plant and machine operatives,16,16,0
S01010593,9. Elementary occupations,26,13,13
S01010594,All people aged 16 to 74 in employment,393,196,197
S01010594,1. Managers directors and senior officials,33,23,10
S01010594,2. Professional occupations,60,18,42
S01010594,3. Associate professional and technical occupations,73,45,28
S01010594,4. Administrative and secretarial occupations,51,5,46
S01010594,5. Skilled trades occupations,48,43,5
S01010594,6. Caring leisure and other service occupations,42,6,36
S01010594,7. Sales and customer service occupations,28,10,18
S01010594,8. Process plant and machine operatives,30,29,1
S01010594,9. Elementary occupations,28,17,11
S01010595,All people aged 16 to 74 in employment,458,227,231
S01010595,1. Managers directors and senior officials,47,27,20
S01010595,2. Professional occupations,97,41,56
S01010595,3. Associate professional and technical occupations,94,53,41
S01010595,4. Administrative and secretarial occupations,40,4,36
S01010595,5. Skilled trades occupations,52,47,5
S01010595,6. Caring leisure and other service occupations,47,7,40
S01010595,7. Sales and customer service occupations,36,10,26
S01010595,8. Process plant and machine operatives,22,21,1
S01010595,9. Elementary occupations,23,17,6
S01010596,All people aged 16 to 74 in employment,465,250,215
S01010596,1. Managers directors and senior officials,71,47,24
S01010596,2. Professional occupations,87,32,55
S01010596,3. Associate professional and technical occupations,58,32,26
S01010596,4. Administrative and secretarial occupations,59,9,50
S01010596,5. Skilled trades occupations,68,64,4
S01010596,6. Caring leisure and other service occupations,31,6,25
S01010596,7. Sales and customer service occupations,30,11,19
S01010596,8. Process plant and machine operatives,28,27,1
S01010596,9. Elementary occupations,33,22,11
S01010597,All people aged 16 to 74 in employment,391,191,200
S01010597,1. Managers directors and senior officials,43,30,13
S01010597,2. Professional occupations,74,31,43
S01010597,3. Associate professional and technical occupations,68,36,32
S01010597,4. Administrative and secretarial occupations,48,7,41
S01010597,5. Skilled trades occupations,49,45,4
S01010597,6. Caring leisure and other service occupations,37,2,35
S01010597,7. Sales and customer service occupations,25,8,17
S01010597,8. Process plant and machine operatives,26,23,3
S01010597,9. Elementary occupations,21,9,12
S01010598,All people aged 16 to 74 in employment,600,318,282
S01010598,1. Managers directors and senior officials,55,35,20
S01010598,2. Professional occupations,124,57,67
S01010598,3. Associate professional and technical occupations,124,80,44
S01010598,4. Administrative and secretarial occupations,65,10,55
S01010598,5. Skilled trades occupations,66,59,7
S01010598,6. Caring leisure and other service occupations,43,6,37
S01010598,7. Sales and customer service occupations,46,20,26
S01010598,8. Process plant and machine operatives,33,30,3
S01010598,9. Elementary occupations,44,21,23
S01010599,All people aged 16 to 74 in employment,330,157,173
S01010599,1. Managers directors and senior officials,33,21,12
S01010599,2. Professional occupations,79,36,43
S01010599,3. Associate professional and technical occupations,48,25,23
S01010599,4. Administrative and secretarial occupations,40,3,37
S01010599,5. Skilled trades occupations,31,29,2
S01010599,6. Caring leisure and other service occupations,37,7,30
S01010599,7. Sales and customer service occupations,21,2,19
S01010599,8. Process plant and machine operatives,20,20,0
S01010599,9. Elementary occupations,21,14,7
S01010600,All people aged 16 to 74 in employment,473,259,214
S01010600,1. Managers directors and senior officials,56,40,16
S01010600,2. Professional occupations,84,41,43
S01010600,3. Associate professional and technical occupations,78,52,26
S01010600,4. Administrative and secretarial occupations,51,6,45
S01010600,5. Skilled trades occupations,61,58,3
S01010600,6. Caring leisure and other service occupations,42,6,36
S01010600,7. Sales and customer service occupations,42,10,32
S01010600,8. Process plant and machine operatives,24,21,3
S01010600,9. Elementary occupations,35,25,10
S01010601,All people aged 16 to 74 in employment,289,147,142
S01010601,1. Managers directors and senior officials,23,15,8
S01010601,2. Professional occupations,66,26,40
S01010601,3. Associate professional and technical occupations,41,28,13
S01010601,4. Administrative and secretarial occupations,28,4,24
S01010601,5. Skilled trades occupations,41,38,3
S01010601,6. Caring leisure and other service occupations,38,6,32
S01010601,7. Sales and customer service occupations,15,5,10
S01010601,8. Process plant and machine operatives,16,14,2
S01010601,9. Elementary occupations,21,11,10
S01010602,All people aged 16 to 74 in employment,318,160,158
S01010602,1. Managers directors and senior officials,19,12,7
S01010602,2. Professional occupations,54,15,39
S01010602,3. Associate professional and technical occupations,54,32,22
S01010602,4. Administrative and secretarial occupations,34,2,32
S01010602,5. Skilled trades occupations,44,39,5
S01010602,6. Caring leisure and other service occupations,31,5,26
S01010602,7. Sales and customer service occupations,22,6,16
S01010602,8. Process plant and machine operatives,33,31,2
S01010602,9. Elementary occupations,27,18,9
S01010603,All people aged 16 to 74 in employment,431,226,205
S01010603,1. Managers directors and senior officials,42,25,17
S01010603,2. Professional occupations,86,41,45
S01010603,3. Associate professional and technical occupations,57,34,23
S01010603,4. Administrative and secretarial occupations,69,13,56
S01010603,5. Skilled trades occupations,47,44,3
S01010603,6. Caring leisure and other service occupations,34,6,28
S01010603,7. Sales and customer service occupations,36,14,22
S01010603,8. Process plant and machine operatives,29,28,1
S01010603,9. Elementary occupations,31,21,10
S01010604,All people aged 16 to 74 in employment,246,132,114
S01010604,1. Managers directors and senior officials,30,24,6
S01010604,2. Professional occupations,64,29,35
S01010604,3. Associate professional and technical occupations,29,18,11
S01010604,4. Administrative and secretarial occupations,29,3,26
S01010604,5. Skilled trades occupations,25,23,2
S01010604,6. Caring leisure and other service occupations,19,3,16
S01010604,7. Sales and customer service occupations,23,10,13
S01010604,8. Process plant and machine operatives,13,12,1
S01010604,9. Elementary occupations,14,10,4
S01010605,All people aged 16 to 74 in employment,454,238,216
S01010605,1. Managers directors and senior officials,44,29,15
S01010605,2. Professional occupations,87,38,49
S01010605,3. Associate professional and technical occupations,54,34,20
S01010605,4. Administrative and secretarial occupations,56,10,46
S01010605,5. Skilled trades occupations,66,59,7
S01010605,6. Caring leisure and other service occupations,46,7,39
S01010605,7. Sales and customer service occupations,39,13,26
S01010605,8. Process plant and machine operatives,29,27,2
S01010605,9. Elementary occupations,33,21,12
S01010606,All people aged 16 to 74 in employment,390,192,198
S01010606,1. Managers directors and senior officials,24,16,8
S01010606,2. Professional occupations,41,10,31
S01010606,3. Associate professional and technical occupations,27,12,15
S01010606,4. Administrative and secretarial occupations,39,4,35
S01010606,5. Skilled trades occupations,66,60,6
S01010606,6. Caring leisure and other service occupations,46,8,38
S01010606,7. Sales and customer service occupations,46,13,33
S01010606,8. Process plant and machine operatives,54,48,6
S01010606,9. Elementary occupations,47,21,26
S01010607,All people aged 16 to 74 in employment,447,237,210
S01010607,1. Managers directors and senior officials,65,46,19
S01010607,2. Professional occupations,90,36,54
S01010607,3. Associate professional and technical occupations,75,43,32
S01010607,4. Administrative and secretarial occupations,45,8,37
S01010607,5. Skilled trades occupations,33,31,2
S01010607,6. Caring leisure and other service occupations,44,14,30
S01010607,7. Sales and customer service occupations,32,11,21
S01010607,8. Process plant and machine operatives,23,22,1
S01010607,9. Elementary occupations,40,26,14
S01010608,All people aged 16 to 74 in employment,284,143,141
S01010608,1. Managers directors and senior officials,19,12,7
S01010608,2. Professional occupations,21,14,7
S01010608,3. Associate professional and technical occupations,19,10,9
S01010608,4. Administrative and secretarial occupations,27,1,26
S01010608,5. Skilled trades occupations,37,29,8
S01010608,6. Caring leisure and other service occupations,41,4,37
S01010608,7. Sales and customer service occupations,39,12,27
S01010608,8. Process plant and machine operatives,30,29,1
S01010608,9. Elementary occupations,51,32,19
S01010609,All people aged 16 to 74 in employment,293,150,143
S01010609,1. Managers directors and senior officials,12,5,7
S01010609,2. Professional occupations,21,9,12
S01010609,3. Associate professional and technical occupations,20,11,9
S01010609,4. Administrative and secretarial occupations,17,1,16
S01010609,5. Skilled trades occupations,36,33,3
S01010609,6. Caring leisure and other service occupations,46,11,35
S01010609,7. Sales and customer service occupations,42,16,26
S01010609,8. Process plant and machine operatives,34,32,2
S01010609,9. Elementary occupations,65,32,33
S01010610,All people aged 16 to 74 in employment,328,161,167
S01010610,1. Managers directors and senior officials,44,29,15
S01010610,2. Professional occupations,66,30,36
S01010610,3. Associate professional and technical occupations,43,22,21
S01010610,4. Administrative and secretarial occupations,41,3,38
S01010610,5. Skilled trades occupations,32,29,3
S01010610,6. Caring leisure and other service occupations,37,9,28
S01010610,7. Sales and customer service occupations,20,6,14
S01010610,8. Process plant and machine operatives,16,14,2
S01010610,9. Elementary occupations,29,19,10
S01010611,All people aged 16 to 74 in employment,514,266,248
S01010611,1. Managers directors and senior officials,24,13,11
S01010611,2. Professional occupations,56,21,35
S01010611,3. Associate professional and technical occupations,43,25,18
S01010611,4. Administrative and secretarial occupations,48,6,42
S01010611,5. Skilled trades occupations,77,64,13
S01010611,6. Caring leisure and other service occupations,66,10,56
S01010611,7. Sales and customer service occupations,60,26,34
S01010611,8. Process plant and machine operatives,55,51,4
S01010611,9. Elementary occupations,85,50,35
S01010612,All people aged 16 to 74 in employment,400,203,197
S01010612,1. Managers directors and senior officials,23,13,10
S01010612,2. Professional occupations,50,19,31
S01010612,3. Associate professional and technical occupations,43,26,17
S01010612,4. Administrative and secretarial occupations,44,3,41
S01010612,5. Skilled trades occupations,48,46,2
S01010612,6. Caring leisure and other service occupations,44,13,31
S01010612,7. Sales and customer service occupations,53,15,38
S01010612,8. Process plant and machine operatives,38,38,0
S01010612,9. Elementary occupations,57,30,27
S01010613,All people aged 16 to 74 in employment,326,154,172
S01010613,1. Managers directors and senior officials,19,14,5
S01010613,2. Professional occupations,55,19,36
S01010613,3. Associate professional and technical occupations,46,29,17
S01010613,4. Administrative and secretarial occupations,41,10,31
S01010613,5. Skilled trades occupations,33,27,6
S01010613,6. Caring leisure and other service occupations,36,4,32
S01010613,7. Sales and customer service occupations,28,7,21
S01010613,8. Process plant and machine operatives,25,24,1
S01010613,9. Elementary occupations,43,20,23
S01010614,All people aged 16 to 74 in employment,260,130,130
S01010614,1. Managers directors and senior officials,12,10,2
S01010614,2. Professional occupations,10,3,7
S01010614,3. Associate professional and technical occupations,17,8,9
S01010614,4. Administrative and secretarial occupations,18,3,15
S01010614,5. Skilled trades occupations,44,35,9
S01010614,6. Caring leisure and other service occupations,26,2,24
S01010614,7. Sales and customer service occupations,44,16,28
S01010614,8. Process plant and machine operatives,29,27,2
S01010614,9. Elementary occupations,60,26,34
S01010615,All people aged 16 to 74 in employment,496,258,238
S01010615,1. Managers directors and senior officials,41,28,13
S01010615,2. Professional occupations,97,39,58
S01010615,3. Associate professional and technical occupations,66,44,22
S01010615,4. Administrative and secretarial occupations,62,17,45
S01010615,5. Skilled trades occupations,49,44,5
S01010615,6. Caring leisure and other service occupations,39,4,35
S01010615,7. Sales and customer service occupations,53,20,33
S01010615,8. Process plant and machine operatives,35,32,3
S01010615,9. Elementary occupations,54,30,24
S01010616,All people aged 16 to 74 in employment,475,241,234
S01010616,1. Managers directors and senior officials,28,20,8
S01010616,2. Professional occupations,82,28,54
S01010616,3. Associate professional and technical occupations,68,45,23
S01010616,4. Administrative and secretarial occupations,62,12,50
S01010616,5. Skilled trades occupations,66,57,9
S01010616,6. Caring leisure and other service occupations,54,7,47
S01010616,7. Sales and customer service occupations,47,17,30
S01010616,8. Process plant and machine operatives,31,31,0
S01010616,9. Elementary occupations,37,24,13
S01010617,All people aged 16 to 74 in employment,527,260,267
S01010617,1. Managers directors and senior officials,31,21,10
S01010617,2. Professional occupations,79,32,47
S01010617,3. Associate professional and technical occupations,81,48,33
S01010617,4. Administrative and secretarial occupations,62,12,50
S01010617,5. Skilled trades occupations,54,47,7
S01010617,6. Caring leisure and other service occupations,73,8,65
S01010617,7. Sales and customer service occupations,57,21,36
S01010617,8. Process plant and machine operatives,40,38,2
S01010617,9. Elementary occupations,50,33,17
S01010618,All people aged 16 to 74 in employment,479,241,238
S01010618,1. Managers directors and senior officials,34,23,11
S01010618,2. Professional occupations,63,22,41
S01010618,3. Associate professional and technical occupations,68,44,24
S01010618,4. Administrative and secretarial occupations,69,13,56
S01010618,5. Skilled trades occupations,62,56,6
S01010618,6. Caring leisure and other service occupations,50,7,43
S01010618,7. Sales and customer service occupations,50,19,31
S01010618,8. Process plant and machine operatives,34,34,0
S01010618,9. Elementary occupations,49,23,26
S01010619,All people aged 16 to 74 in employment,371,198,173
S01010619,1. Managers directors and senior officials,29,17,12
S01010619,2. Professional occupations,40,23,17
S01010619,3. Associate professional and technical occupations,31,15,16
S01010619,4. Administrative and secretarial occupations,33,6,27
S01010619,5. Skilled trades occupations,47,45,2
S01010619,6. Caring leisure and other service occupations,45,5,40
S01010619,7. Sales and customer service occupations,36,7,29
S01010619,8. Process plant and machine operatives,31,29,2
S01010619,9. Elementary occupations,79,51,28
S01010620,All people aged 16 to 74 in employment,360,199,161
S01010620,1. Managers directors and senior officials,25,20,5
S01010620,2. Professional occupations,63,29,34
S01010620,3. Associate professional and technical occupations,31,16,15
S01010620,4. Administrative and secretarial occupations,32,13,19
S01010620,5. Skilled trades occupations,43,38,5
S01010620,6. Caring leisure and other service occupations,40,8,32
S01010620,7. Sales and customer service occupations,29,15,14
S01010620,8. Process plant and machine operatives,21,17,4
S01010620,9. Elementary occupations,76,43,33
S01010621,All people aged 16 to 74 in employment,505,290,215
S01010621,1. Managers directors and senior officials,56,32,24
S01010621,2. Professional occupations,110,61,49
S01010621,3. Associate professional and technical occupations,62,36,26
S01010621,4. Administrative and secretarial occupations,41,7,34
S01010621,5. Skilled trades occupations,58,49,9
S01010621,6. Caring leisure and other service occupations,48,10,38
S01010621,7. Sales and customer service occupations,39,23,16
S01010621,8. Process plant and machine operatives,33,29,4
S01010621,9. Elementary occupations,58,43,15
S01010622,All people aged 16 to 74 in employment,313,147,166
S01010622,1. Managers directors and senior officials,16,10,6
S01010622,2. Professional occupations,28,6,22
S01010622,3. Associate professional and technical occupations,30,19,11
S01010622,4. Administrative and secretarial occupations,31,6,25
S01010622,5. Skilled trades occupations,36,33,3
S01010622,6. Caring leisure and other service occupations,44,6,38
S01010622,7. Sales and customer service occupations,44,10,34
S01010622,8. Process plant and machine operatives,34,32,2
S01010622,9. Elementary occupations,50,25,25
S01010623,All people aged 16 to 74 in employment,390,229,161
S01010623,1. Managers directors and senior officials,34,23,11
S01010623,2. Professional occupations,33,14,19
S01010623,3. Associate professional and technical occupations,149,135,14
S01010623,4. Administrative and secretarial occupations,28,4,24
S01010623,5. Skilled trades occupations,25,20,5
S01010623,6. Caring leisure and other service occupations,40,2,38
S01010623,7. Sales and customer service occupations,31,3,28
S01010623,8. Process plant and machine operatives,8,7,1
S01010623,9. Elementary occupations,42,21,21
S01010624,All people aged 16 to 74 in employment,341,178,163
S01010624,1. Managers directors and senior officials,21,9,12
S01010624,2. Professional occupations,82,42,40
S01010624,3. Associate professional and technical occupations,28,16,12
S01010624,4. Administrative and secretarial occupations,34,8,26
S01010624,5. Skilled trades occupations,45,42,3
S01010624,6. Caring leisure and other service occupations,30,7,23
S01010624,7. Sales and customer service occupations,28,8,20
S01010624,8. Process plant and machine operatives,16,14,2
S01010624,9. Elementary occupations,57,32,25
S01010625,All people aged 16 to 74 in employment,379,205,174
S01010625,1. Managers directors and senior officials,54,31,23
S01010625,2. Professional occupations,99,49,50
S01010625,3. Associate professional and technical occupations,46,35,11
S01010625,4. Administrative and secretarial occupations,46,7,39
S01010625,5. Skilled trades occupations,38,35,3
S01010625,6. Caring leisure and other service occupations,30,3,27
S01010625,7. Sales and customer service occupations,26,14,12
S01010625,8. Process plant and machine operatives,13,12,1
S01010625,9. Elementary occupations,27,19,8
S01010626,All people aged 16 to 74 in employment,389,198,191
S01010626,1. Managers directors and senior officials,48,30,18
S01010626,2. Professional occupations,126,51,75
S01010626,3. Associate professional and technical occupations,48,32,16
S01010626,4. Administrative and secretarial occupations,30,9,21
S01010626,5. Skilled trades occupations,34,31,3
S01010626,6. Caring leisure and other service occupations,31,4,27
S01010626,7. Sales and customer service occupations,28,10,18
S01010626,8. Process plant and machine operatives,19,18,1
S01010626,9. Elementary occupations,25,13,12
S01010627,All people aged 16 to 74 in employment,462,255,207
S01010627,1. Managers directors and senior officials,69,41,28
S01010627,2. Professional occupations,101,51,50
S01010627,3. Associate professional and technical occupations,39,26,13
S01010627,4. Administrative and secretarial occupations,36,7,29
S01010627,5. Skilled trades occupations,44,38,6
S01010627,6. Caring leisure and other service occupations,40,9,31
S01010627,7. Sales and customer service occupations,46,17,29
S01010627,8. Process plant and machine operatives,27,26,1
S01010627,9. Elementary occupations,60,40,20
S01010628,All people aged 16 to 74 in employment,549,290,259
S01010628,1. Managers directors and senior officials,56,26,30
S01010628,2. Professional occupations,111,41,70
S01010628,3. Associate professional and technical occupations,66,46,20
S01010628,4. Administrative and secretarial occupations,48,11,37
S01010628,5. Skilled trades occupations,52,45,7
S01010628,6. Caring leisure and other service occupations,45,13,32
S01010628,7. Sales and customer service occupations,49,20,29
S01010628,8. Process plant and machine operatives,36,31,5
S01010628,9. Elementary occupations,86,57,29
S01010629,All people aged 16 to 74 in employment,432,221,211
S01010629,1. Managers directors and senior officials,47,29,18
S01010629,2. Professional occupations,124,60,64
S01010629,3. Associate professional and technical occupations,50,25,25
S01010629,4. Administrative and secretarial occupations,38,6,32
S01010629,5. Skilled trades occupations,45,45,0
S01010629,6. Caring leisure and other service occupations,37,6,31
S01010629,7. Sales and customer service occupations,33,12,21
S01010629,8. Process plant and machine operatives,14,11,3
S01010629,9. Elementary occupations,44,27,17
S01010630,All people aged 16 to 74 in employment,298,132,166
S01010630,1. Managers directors and senior officials,26,13,13
S01010630,2. Professional occupations,45,17,28
S01010630,3. Associate professional and technical occupations,28,12,16
S01010630,4. Administrative and secretarial occupations,39,6,33
S01010630,5. Skilled trades occupations,30,27,3
S01010630,6. Caring leisure and other service occupations,34,6,28
S01010630,7. Sales and customer service occupations,26,7,19
S01010630,8. Process plant and machine operatives,20,19,1
S01010630,9. Elementary occupations,50,25,25
S01010631,All people aged 16 to 74 in employment,348,183,165
S01010631,1. Managers directors and senior officials,19,9,10
S01010631,2. Professional occupations,70,34,36
S01010631,3. Associate professional and technical occupations,57,37,20
S01010631,4. Administrative and secretarial occupations,38,12,26
S01010631,5. Skilled trades occupations,26,26,0
S01010631,6. Caring leisure and other service occupations,36,10,26
S01010631,7. Sales and customer service occupations,33,12,21
S01010631,8. Process plant and machine operatives,18,16,2
S01010631,9. Elementary occupations,51,27,24
S01010632,All people aged 16 to 74 in employment,422,216,206
S01010632,1. Managers directors and senior officials,29,17,12
S01010632,2. Professional occupations,47,22,25
S01010632,3. Associate professional and technical occupations,39,18,21
S01010632,4. Administrative and secretarial occupations,48,10,38
S01010632,5. Skilled trades occupations,58,55,3
S01010632,6. Caring leisure and other service occupations,61,10,51
S01010632,7. Sales and customer service occupations,46,17,29
S01010632,8. Process plant and machine operatives,29,27,2
S01010632,9. Elementary occupations,65,40,25
S01010633,All people aged 16 to 74 in employment,427,230,197
S01010633,1. Managers directors and senior officials,17,10,7
S01010633,2. Professional occupations,26,12,14
S01010633,3. Associate professional and technical occupations,30,14,16
S01010633,4. Administrative and secretarial occupations,34,7,27
S01010633,5. Skilled trades occupations,72,64,8
S01010633,6. Caring leisure and other service occupations,50,8,42
S01010633,7. Sales and customer service occupations,62,19,43
S01010633,8. Process plant and machine operatives,46,42,4
S01010633,9. Elementary occupations,90,54,36
S01010634,All people aged 16 to 74 in employment,321,165,156
S01010634,1. Managers directors and senior officials,19,11,8
S01010634,2. Professional occupations,15,6,9
S01010634,3. Associate professional and technical occupations,31,20,11
S01010634,4. Administrative and secretarial occupations,28,3,25
S01010634,5. Skilled trades occupations,39,29,10
S01010634,6. Caring leisure and other service occupations,39,7,32
S01010634,7. Sales and customer service occupations,33,7,26
S01010634,8. Process plant and machine operatives,43,39,4
S01010634,9. Elementary occupations,74,43,31
S01010635,All people aged 16 to 74 in employment,365,193,172
S01010635,1. Managers directors and senior officials,19,14,5
S01010635,2. Professional occupations,23,11,12
S01010635,3. Associate professional and technical occupations,42,21,21
S01010635,4. Administrative and secretarial occupations,34,7,27
S01010635,5. Skilled trades occupations,54,50,4
S01010635,6. Caring leisure and other service occupations,45,10,35
S01010635,7. Sales and customer service occupations,36,9,27
S01010635,8. Process plant and machine operatives,44,37,7
S01010635,9. Elementary occupations,68,34,34
S01010636,All people aged 16 to 74 in employment,447,237,210
S01010636,1. Managers directors and senior officials,56,29,27
S01010636,2. Professional occupations,84,33,51
S01010636,3. Associate professional and technical occupations,46,30,16
S01010636,4. Administrative and secretarial occupations,44,10,34
S01010636,5. Skilled trades occupations,68,65,3
S01010636,6. Caring leisure and other service occupations,45,9,36
S01010636,7. Sales and customer service occupations,39,15,24
S01010636,8. Process plant and machine operatives,23,23,0
S01010636,9. Elementary occupations,42,23,19
S01010637,All people aged 16 to 74 in employment,301,163,138
S01010637,1. Managers directors and senior officials,28,12,16
S01010637,2. Professional occupations,43,24,19
S01010637,3. Associate professional and technical occupations,23,14,9
S01010637,4. Administrative and secretarial occupations,24,7,17
S01010637,5. Skilled trades occupations,46,41,5
S01010637,6. Caring leisure and other service occupations,32,9,23
S01010637,7. Sales and customer service occupations,32,13,19
S01010637,8. Process plant and machine operatives,17,14,3
S01010637,9. Elementary occupations,56,29,27
S01010638,All people aged 16 to 74 in employment,362,181,181
S01010638,1. Managers directors and senior officials,23,11,12
S01010638,2. Professional occupations,54,19,35
S01010638,3. Associate professional and technical occupations,37,18,19
S01010638,4. Administrative and secretarial occupations,32,6,26
S01010638,5. Skilled trades occupations,53,51,2
S01010638,6. Caring leisure and other service occupations,36,4,32
S01010638,7. Sales and customer service occupations,33,11,22
S01010638,8. Process plant and machine operatives,32,31,1
S01010638,9. Elementary occupations,62,30,32
S01010639,All people aged 16 to 74 in employment,557,289,268
S01010639,1. Managers directors and senior officials,35,14,21
S01010639,2. Professional occupations,54,19,35
S01010639,3. Associate professional and technical occupations,44,24,20
S01010639,4. Administrative and secretarial occupations,53,17,36
S01010639,5. Skilled trades occupations,86,70,16
S01010639,6. Caring leisure and other service occupations,59,13,46
S01010639,7. Sales and customer service occupations,78,31,47
S01010639,8. Process plant and machine operatives,47,45,2
S01010639,9. Elementary occupations,101,56,45
S01010640,All people aged 16 to 74 in employment,506,262,244
S01010640,1. Managers directors and senior officials,60,27,33
S01010640,2. Professional occupations,71,37,34
S01010640,3. Associate professional and technical occupations,51,24,27
S01010640,4. Administrative and secretarial occupations,39,10,29
S01010640,5. Skilled trades occupations,68,65,3
S01010640,6. Caring leisure and other service occupations,62,13,49
S01010640,7. Sales and customer service occupations,49,14,35
S01010640,8. Process plant and machine operatives,33,27,6
S01010640,9. Elementary occupations,73,45,28
S01010641,All people aged 16 to 74 in employment,421,221,200
S01010641,1. Managers directors and senior officials,24,9,15
S01010641,2. Professional occupations,44,23,21
S01010641,3. Associate professional and technical occupations,34,20,14
S01010641,4. Administrative and secretarial occupations,40,8,32
S01010641,5. Skilled trades occupations,42,39,3
S01010641,6. Caring leisure and other service occupations,61,9,52
S01010641,7. Sales and customer service occupations,51,19,32
S01010641,8. Process plant and machine operatives,46,41,5
S01010641,9. Elementary occupations,79,53,26
S01010642,All people aged 16 to 74 in employment,394,185,209
S01010642,1. Managers directors and senior officials,15,8,7
S01010642,2. Professional occupations,23,9,14
S01010642,3. Associate professional and technical occupations,19,10,9
S01010642,4. Administrative and secretarial occupations,35,5,30
S01010642,5. Skilled trades occupations,55,49,6
S01010642,6. Caring leisure and other service occupations,57,8,49
S01010642,7. Sales and customer service occupations,61,15,46
S01010642,8. Process plant and machine operatives,39,35,4
S01010642,9. Elementary occupations,90,46,44
S01010643,All people aged 16 to 74 in employment,296,149,147
S01010643,1. Managers directors and senior officials,11,7,4
S01010643,2. Professional occupations,11,2,9
S01010643,3. Associate professional and technical occupations,25,14,11
S01010643,4. Administrative and secretarial occupations,20,8,12
S01010643,5. Skilled trades occupations,41,29,12
S01010643,6. Caring leisure and other service occupations,29,5,24
S01010643,7. Sales and customer service occupations,42,13,29
S01010643,8. Process plant and machine operatives,30,28,2
S01010643,9. Elementary occupations,87,43,44
S01010644,All people aged 16 to 74 in employment,239,119,120
S01010644,1. Managers directors and senior officials,8,4,4
S01010644,2. Professional occupations,8,3,5
S01010644,3. Associate professional and technical occupations,8,5,3
S01010644,4. Administrative and secretarial occupations,14,3,11
S01010644,5. Skilled trades occupations,34,32,2
S01010644,6. Caring leisure and other service occupations,28,2,26
S01010644,7. Sales and customer service occupations,53,16,37
S01010644,8. Process plant and machine operatives,29,25,4
S01010644,9. Elementary occupations,57,29,28
S01010645,All people aged 16 to 74 in employment,350,184,166
S01010645,1. Managers directors and senior officials,18,14,4
S01010645,2. Professional occupations,54,19,35
S01010645,3. Associate professional and technical occupations,43,23,20
S01010645,4. Administrative and secretarial occupations,43,7,36
S01010645,5. Skilled trades occupations,57,52,5
S01010645,6. Caring leisure and other service occupations,39,7,32
S01010645,7. Sales and customer service occupations,30,10,20
S01010645,8. Process plant and machine operatives,27,27,0
S01010645,9. Elementary occupations,39,25,14
S01010646,All people aged 16 to 74 in employment,369,188,181
S01010646,1. Managers directors and senior officials,26,20,6
S01010646,2. Professional occupations,64,27,37
S01010646,3. Associate professional and technical occupations,52,30,22
S01010646,4. Administrative and secretarial occupations,52,8,44
S01010646,5. Skilled trades occupations,59,53,6
S01010646,6. Caring leisure and other service occupations,41,3,38
S01010646,7. Sales and customer service occupations,24,10,14
S01010646,8. Process plant and machine operatives,23,18,5
S01010646,9. Elementary occupations,28,19,9
S01010647,All people aged 16 to 74 in employment,388,208,180
S01010647,1. Managers directors and senior officials,29,19,10
S01010647,2. Professional occupations,67,21,46
S01010647,3. Associate professional and technical occupations,33,23,10
S01010647,4. Administrative and secretarial occupations,55,10,45
S01010647,5. Skilled trades occupations,52,48,4
S01010647,6. Caring leisure and other service occupations,34,10,24
S01010647,7. Sales and customer service occupations,44,17,27
S01010647,8. Process plant and machine operatives,36,35,1
S01010647,9. Elementary occupations,38,25,13
S01010648,All people aged 16 to 74 in employment,362,184,178
S01010648,1. Managers directors and senior officials,30,20,10
S01010648,2. Professional occupations,50,20,30
S01010648,3. Associate professional and technical occupations,29,16,13
S01010648,4. Administrative and secretarial occupations,47,10,37
S01010648,5. Skilled trades occupations,46,43,3
S01010648,6. Caring leisure and other service occupations,52,12,40
S01010648,7. Sales and customer service occupations,45,14,31
S01010648,8. Process plant and machine operatives,30,27,3
S01010648,9. Elementary occupations,33,22,11
S01010649,All people aged 16 to 74 in employment,303,163,140
S01010649,1. Managers directors and senior officials,24,17,7
S01010649,2. Professional occupations,50,19,31
S01010649,3. Associate professional and technical occupations,37,24,13
S01010649,4. Administrative and secretarial occupations,39,7,32
S01010649,5. Skilled trades occupations,33,33,0
S01010649,6. Caring leisure and other service occupations,30,4,26
S01010649,7. Sales and customer service occupations,27,11,16
S01010649,8. Process plant and machine operatives,31,29,2
S01010649,9. Elementary occupations,32,19,13
S01010650,All people aged 16 to 74 in employment,248,121,127
S01010650,1. Managers directors and senior officials,19,8,11
S01010650,2. Professional occupations,24,9,15
S01010650,3. Associate professional and technical occupations,42,21,21
S01010650,4. Administrative and secretarial occupations,27,6,21
S01010650,5. Skilled trades occupations,33,30,3
S01010650,6. Caring leisure and other service occupations,34,4,30
S01010650,7. Sales and customer service occupations,19,7,12
S01010650,8. Process plant and machine operatives,24,19,5
S01010650,9. Elementary occupations,26,17,9
S01010651,All people aged 16 to 74 in employment,350,185,165
S01010651,1. Managers directors and senior officials,18,10,8
S01010651,2. Professional occupations,21,4,17
S01010651,3. Associate professional and technical occupations,36,16,20
S01010651,4. Administrative and secretarial occupations,41,8,33
S01010651,5. Skilled trades occupations,59,53,6
S01010651,6. Caring leisure and other service occupations,44,7,37
S01010651,7. Sales and customer service occupations,39,18,21
S01010651,8. Process plant and machine operatives,37,35,2
S01010651,9. Elementary occupations,55,34,21
S01010652,All people aged 16 to 74 in employment,376,188,188
S01010652,1. Managers directors and senior officials,26,18,8
S01010652,2. Professional occupations,68,32,36
S01010652,3. Associate professional and technical occupations,59,26,33
S01010652,4. Administrative and secretarial occupations,39,6,33
S01010652,5. Skilled trades occupations,41,38,3
S01010652,6. Caring leisure and other service occupations,52,9,43
S01010652,7. Sales and customer service occupations,33,13,20
S01010652,8. Process plant and machine operatives,34,33,1
S01010652,9. Elementary occupations,24,13,11
S01010653,All people aged 16 to 74 in employment,357,183,174
S01010653,1. Managers directors and senior officials,27,15,12
S01010653,2. Professional occupations,43,13,30
S01010653,3. Associate professional and technical occupations,42,24,18
S01010653,4. Administrative and secretarial occupations,50,11,39
S01010653,5. Skilled trades occupations,56,50,6
S01010653,6. Caring leisure and other service occupations,39,7,32
S01010653,7. Sales and customer service occupations,23,6,17
S01010653,8. Process plant and machine operatives,39,36,3
S01010653,9. Elementary occupations,38,21,17
S01010654,All people aged 16 to 74 in employment,408,202,206
S01010654,1. Managers directors and senior officials,16,7,9
S01010654,2. Professional occupations,34,14,20
S01010654,3. Associate professional and technical occupations,34,13,21
S01010654,4. Administrative and secretarial occupations,58,13,45
S01010654,5. Skilled trades occupations,63,56,7
S01010654,6. Caring leisure and other service occupations,66,9,57
S01010654,7. Sales and customer service occupations,39,13,26
S01010654,8. Process plant and machine operatives,42,39,3
S01010654,9. Elementary occupations,56,38,18
S01010655,All people aged 16 to 74 in employment,466,249,217
S01010655,1. Managers directors and senior officials,55,38,17
S01010655,2. Professional occupations,85,39,46
S01010655,3. Associate professional and technical occupations,59,28,31
S01010655,4. Administrative and secretarial occupations,50,4,46
S01010655,5. Skilled trades occupations,87,71,16
S01010655,6. Caring leisure and other service occupations,42,10,32
S01010655,7. Sales and customer service occupations,15,5,10
S01010655,8. Process plant and machine operatives,30,28,2
S01010655,9. Elementary occupations,43,26,17
S01010656,All people aged 16 to 74 in employment,218,119,99
S01010656,1. Managers directors and senior officials,15,9,6
S01010656,2. Professional occupations,28,13,15
S01010656,3. Associate professional and technical occupations,24,18,6
S01010656,4. Administrative and secretarial occupations,32,6,26
S01010656,5. Skilled trades occupations,34,30,4
S01010656,6. Caring leisure and other service occupations,13,1,12
S01010656,7. Sales and customer service occupations,25,8,17
S01010656,8. Process plant and machine operatives,18,17,1
S01010656,9. Elementary occupations,29,17,12
S01010657,All people aged 16 to 74 in employment,352,196,156
S01010657,1. Managers directors and senior officials,40,23,17
S01010657,2. Professional occupations,62,29,33
S01010657,3. Associate professional and technical occupations,45,26,19
S01010657,4. Administrative and secretarial occupations,48,11,37
S01010657,5. Skilled trades occupations,69,64,5
S01010657,6. Caring leisure and other service occupations,21,1,20
S01010657,7. Sales and customer service occupations,18,7,11
S01010657,8. Process plant and machine operatives,24,22,2
S01010657,9. Elementary occupations,25,13,12
S01010658,All people aged 16 to 74 in employment,375,194,181
S01010658,1. Managers directors and senior officials,35,28,7
S01010658,2. Professional occupations,89,34,55
S01010658,3. Associate professional and technical occupations,40,23,17
S01010658,4. Administrative and secretarial occupations,37,5,32
S01010658,5. Skilled trades occupations,56,46,10
S01010658,6. Caring leisure and other service occupations,33,7,26
S01010658,7. Sales and customer service occupations,28,8,20
S01010658,8. Process plant and machine operatives,22,22,0
S01010658,9. Elementary occupations,35,21,14
S01010659,All people aged 16 to 74 in employment,332,178,154
S01010659,1. Managers directors and senior officials,39,26,13
S01010659,2. Professional occupations,68,31,37
S01010659,3. Associate professional and technical occupations,36,17,19
S01010659,4. Administrative and secretarial occupations,37,4,33
S01010659,5. Skilled trades occupations,65,57,8
S01010659,6. Caring leisure and other service occupations,23,5,18
S01010659,7. Sales and customer service occupations,28,14,14
S01010659,8. Process plant and machine operatives,16,15,1
S01010659,9. Elementary occupations,20,9,11
S01010660,All people aged 16 to 74 in employment,294,161,133
S01010660,1. Managers directors and senior officials,25,15,10
S01010660,2. Professional occupations,37,13,24
S01010660,3. Associate professional and technical occupations,38,24,14
S01010660,4. Administrative and secretarial occupations,23,4,19
S01010660,5. Skilled trades occupations,60,52,8
S01010660,6. Caring leisure and other service occupations,18,3,15
S01010660,7. Sales and customer service occupations,38,13,25
S01010660,8. Process plant and machine operatives,27,25,2
S01010660,9. Elementary occupations,28,12,16
S01010661,All people aged 16 to 74 in employment,325,173,152
S01010661,1. Managers directors and senior officials,37,25,12
S01010661,2. Professional occupations,38,15,23
S01010661,3. Associate professional and technical occupations,37,16,21
S01010661,4. Administrative and secretarial occupations,43,8,35
S01010661,5. Skilled trades occupations,66,63,3
S01010661,6. Caring leisure and other service occupations,21,1,20
S01010661,7. Sales and customer service occupations,21,4,17
S01010661,8. Process plant and machine operatives,20,19,1
S01010661,9. Elementary occupations,42,22,20
S01010662,All people aged 16 to 74 in employment,398,201,197
S01010662,1. Managers directors and senior officials,44,23,21
S01010662,2. Professional occupations,80,34,46
S01010662,3. Associate professional and technical occupations,39,23,16
S01010662,4. Administrative and secretarial occupations,46,5,41
S01010662,5. Skilled trades occupations,66,60,6
S01010662,6. Caring leisure and other service occupations,46,6,40
S01010662,7. Sales and customer service occupations,30,13,17
S01010662,8. Process plant and machine operatives,29,27,2
S01010662,9. Elementary occupations,18,10,8
S01010663,All people aged 16 to 74 in employment,479,270,209
S01010663,1. Managers directors and senior officials,62,42,20
S01010663,2. Professional occupations,98,43,55
S01010663,3. Associate professional and technical occupations,37,24,13
S01010663,4. Administrative and secretarial occupations,53,6,47
S01010663,5. Skilled trades occupations,98,86,12
S01010663,6. Caring leisure and other service occupations,39,6,33
S01010663,7. Sales and customer service occupations,19,9,10
S01010663,8. Process plant and machine operatives,32,29,3
S01010663,9. Elementary occupations,41,25,16
S01010664,All people aged 16 to 74 in employment,434,220,214
S01010664,1. Managers directors and senior officials,51,29,22
S01010664,2. Professional occupations,101,39,62
S01010664,3. Associate professional and technical occupations,57,29,28
S01010664,4. Administrative and secretarial occupations,34,5,29
S01010664,5. Skilled trades occupations,89,70,19
S01010664,6. Caring leisure and other service occupations,33,7,26
S01010664,7. Sales and customer service occupations,14,6,8
S01010664,8. Process plant and machine operatives,18,17,1
S01010664,9. Elementary occupations,37,18,19
S01010665,All people aged 16 to 74 in employment,436,234,202
S01010665,1. Managers directors and senior officials,58,34,24
S01010665,2. Professional occupations,68,31,37
S01010665,3. Associate professional and technical occupations,58,31,27
S01010665,4. Administrative and secretarial occupations,39,5,34
S01010665,5. Skilled trades occupations,79,68,11
S01010665,6. Caring leisure and other service occupations,46,11,35
S01010665,7. Sales and customer service occupations,16,2,14
S01010665,8. Process plant and machine operatives,28,27,1
S01010665,9. Elementary occupations,44,25,19
S01010666,All people aged 16 to 74 in employment,447,220,227
S01010666,1. Managers directors and senior officials,49,27,22
S01010666,2. Professional occupations,52,24,28
S01010666,3. Associate professional and technical occupations,58,29,29
S01010666,4. Administrative and secretarial occupations,36,7,29
S01010666,5. Skilled trades occupations,74,62,12
S01010666,6. Caring leisure and other service occupations,57,11,46
S01010666,7. Sales and customer service occupations,41,10,31
S01010666,8. Process plant and machine operatives,29,23,6
S01010666,9. Elementary occupations,51,27,24
S01010667,All people aged 16 to 74 in employment,383,201,182
S01010667,1. Managers directors and senior officials,59,32,27
S01010667,2. Professional occupations,93,41,52
S01010667,3. Associate professional and technical occupations,29,17,12
S01010667,4. Administrative and secretarial occupations,26,6,20
S01010667,5. Skilled trades occupations,58,47,11
S01010667,6. Caring leisure and other service occupations,26,4,22
S01010667,7. Sales and customer service occupations,28,16,12
S01010667,8. Process plant and machine operatives,20,18,2
S01010667,9. Elementary occupations,44,20,24
S01010668,All people aged 16 to 74 in employment,542,302,240
S01010668,1. Managers directors and senior officials,100,56,44
S01010668,2. Professional occupations,55,21,34
S01010668,3. Associate professional and technical occupations,50,35,15
S01010668,4. Administrative and secretarial occupations,33,3,30
S01010668,5. Skilled trades occupations,111,98,13
S01010668,6. Caring leisure and other service occupations,49,7,42
S01010668,7. Sales and customer service occupations,33,7,26
S01010668,8. Process plant and machine operatives,46,46,0
S01010668,9. Elementary occupations,65,29,36
S01010669,All people aged 16 to 74 in employment,278,173,105
S01010669,1. Managers directors and senior officials,37,20,17
S01010669,2. Professional occupations,35,15,20
S01010669,3. Associate professional and technical occupations,33,23,10
S01010669,4. Administrative and secretarial occupations,16,0,16
S01010669,5. Skilled trades occupations,76,68,8
S01010669,6. Caring leisure and other service occupations,18,2,16
S01010669,7. Sales and customer service occupations,13,5,8
S01010669,8. Process plant and machine operatives,34,32,2
S01010669,9. Elementary occupations,16,8,8
S01010670,All people aged 16 to 74 in employment,354,193,161
S01010670,1. Managers directors and senior officials,53,31,22
S01010670,2. Professional occupations,43,24,19
S01010670,3. Associate professional and technical occupations,29,16,13
S01010670,4. Administrative and secretarial occupations,28,1,27
S01010670,5. Skilled trades occupations,69,60,9
S01010670,6. Caring leisure and other service occupations,45,10,35
S01010670,7. Sales and customer service occupations,21,5,16
S01010670,8. Process plant and machine operatives,36,33,3
S01010670,9. Elementary occupations,30,13,17
S01010671,All people aged 16 to 74 in employment,358,184,174
S01010671,1. Managers directors and senior officials,38,20,18
S01010671,2. Professional occupations,62,26,36
S01010671,3. Associate professional and technical occupations,36,21,15
S01010671,4. Administrative and secretarial occupations,27,1,26
S01010671,5. Skilled trades occupations,75,62,13
S01010671,6. Caring leisure and other service occupations,37,6,31
S01010671,7. Sales and customer service occupations,17,4,13
S01010671,8. Process plant and machine operatives,20,17,3
S01010671,9. Elementary occupations,46,27,19
S01010672,All people aged 16 to 74 in employment,299,161,138
S01010672,1. Managers directors and senior officials,29,18,11
S01010672,2. Professional occupations,28,10,18
S01010672,3. Associate professional and technical occupations,18,8,10
S01010672,4. Administrative and secretarial occupations,20,4,16
S01010672,5. Skilled trades occupations,72,58,14
S01010672,6. Caring leisure and other service occupations,35,8,27
S01010672,7. Sales and customer service occupations,28,10,18
S01010672,8. Process plant and machine operatives,27,25,2
S01010672,9. Elementary occupations,42,20,22
S01010673,All people aged 16 to 74 in employment,453,237,216
S01010673,1. Managers directors and senior officials,61,31,30
S01010673,2. Professional occupations,77,33,44
S01010673,3. Associate professional and technical occupations,53,31,22
S01010673,4. Administrative and secretarial occupations,29,4,25
S01010673,5. Skilled trades occupations,77,65,12
S01010673,6. Caring leisure and other service occupations,45,8,37
S01010673,7. Sales and customer service occupations,36,9,27
S01010673,8. Process plant and machine operatives,30,29,1
S01010673,9. Elementary occupations,45,27,18
S01010674,All people aged 16 to 74 in employment,485,272,213
S01010674,1. Managers directors and senior officials,62,35,27
S01010674,2. Professional occupations,72,29,43
S01010674,3. Associate professional and technical occupations,46,26,20
S01010674,4. Administrative and secretarial occupations,37,5,32
S01010674,5. Skilled trades occupations,113,97,16
S01010674,6. Caring leisure and other service occupations,45,13,32
S01010674,7. Sales and customer service occupations,27,7,20
S01010674,8. Process plant and machine operatives,35,31,4
S01010674,9. Elementary occupations,48,29,19
S01010675,All people aged 16 to 74 in employment,303,168,135
S01010675,1. Managers directors and senior officials,39,16,23
S01010675,2. Professional occupations,49,16,33
S01010675,3. Associate professional and technical occupations,19,11,8
S01010675,4. Administrative and secretarial occupations,21,4,17
S01010675,5. Skilled trades occupations,67,59,8
S01010675,6. Caring leisure and other service occupations,30,6,24
S01010675,7. Sales and customer service occupations,8,3,5
S01010675,8. Process plant and machine operatives,35,34,1
S01010675,9. Elementary occupations,35,19,16
S01010676,All people aged 16 to 74 in employment,442,233,209
S01010676,1. Managers directors and senior officials,64,32,32
S01010676,2. Professional occupations,87,39,48
S01010676,3. Associate professional and technical occupations,54,26,28
S01010676,4. Administrative and secretarial occupations,37,7,30
S01010676,5. Skilled trades occupations,72,60,12
S01010676,6. Caring leisure and other service occupations,40,9,31
S01010676,7. Sales and customer service occupations,19,11,8
S01010676,8. Process plant and machine operatives,23,19,4
S01010676,9. Elementary occupations,46,30,16
S01010677,All people aged 16 to 74 in employment,226,116,110
S01010677,1. Managers directors and senior officials,30,17,13
S01010677,2. Professional occupations,45,19,26
S01010677,3. Associate professional and technical occupations,19,11,8
S01010677,4. Administrative and secretarial occupations,9,2,7
S01010677,5. Skilled trades occupations,40,35,5
S01010677,6. Caring leisure and other service occupations,19,1,18
S01010677,7. Sales and customer service occupations,23,5,18
S01010677,8. Process plant and machine operatives,15,13,2
S01010677,9. Elementary occupations,26,13,13
S01010678,All people aged 16 to 74 in employment,309,168,141
S01010678,1. Managers directors and senior officials,32,16,16
S01010678,2. Professional occupations,46,22,24
S01010678,3. Associate professional and technical occupations,23,12,11
S01010678,4. Administrative and secretarial occupations,28,5,23
S01010678,5. Skilled trades occupations,73,70,3
S01010678,6. Caring leisure and other service occupations,43,1,42
S01010678,7. Sales and customer service occupations,8,4,4
S01010678,8. Process plant and machine operatives,26,26,0
S01010678,9. Elementary occupations,30,12,18
S01010679,All people aged 16 to 74 in employment,280,141,139
S01010679,1. Managers directors and senior officials,45,25,20
S01010679,2. Professional occupations,37,14,23
S01010679,3. Associate professional and technical occupations,28,19,9
S01010679,4. Administrative and secretarial occupations,23,6,17
S01010679,5. Skilled trades occupations,36,32,4
S01010679,6. Caring leisure and other service occupations,27,3,24
S01010679,7. Sales and customer service occupations,30,11,19
S01010679,8. Process plant and machine operatives,15,14,1
S01010679,9. Elementary occupations,39,17,22
S01010680,All people aged 16 to 74 in employment,314,162,152
S01010680,1. Managers directors and senior officials,31,14,17
S01010680,2. Professional occupations,41,22,19
S01010680,3. Associate professional and technical occupations,30,21,9
S01010680,4. Administrative and secretarial occupations,34,5,29
S01010680,5. Skilled trades occupations,45,42,3
S01010680,6. Caring leisure and other service occupations,44,9,35
S01010680,7. Sales and customer service occupations,30,9,21
S01010680,8. Process plant and machine operatives,14,13,1
S01010680,9. Elementary occupations,45,27,18
S01010681,All people aged 16 to 74 in employment,520,252,268
S01010681,1. Managers directors and senior officials,50,31,19
S01010681,2. Professional occupations,58,18,40
S01010681,3. Associate professional and technical occupations,39,19,20
S01010681,4. Administrative and secretarial occupations,67,12,55
S01010681,5. Skilled trades occupations,96,82,14
S01010681,6. Caring leisure and other service occupations,71,13,58
S01010681,7. Sales and customer service occupations,41,14,27
S01010681,8. Process plant and machine operatives,25,24,1
S01010681,9. Elementary occupations,73,39,34
S01010682,All people aged 16 to 74 in employment,500,257,243
S01010682,1. Managers directors and senior officials,71,39,32
S01010682,2. Professional occupations,75,38,37
S01010682,3. Associate professional and technical occupations,41,21,20
S01010682,4. Administrative and secretarial occupations,49,8,41
S01010682,5. Skilled trades occupations,104,90,14
S01010682,6. Caring leisure and other service occupations,59,5,54
S01010682,7. Sales and customer service occupations,24,6,18
S01010682,8. Process plant and machine operatives,34,32,2
S01010682,9. Elementary occupations,43,18,25
S01010683,All people aged 16 to 74 in employment,456,245,211
S01010683,1. Managers directors and senior officials,50,28,22
S01010683,2. Professional occupations,62,21,41
S01010683,3. Associate professional and technical occupations,46,27,19
S01010683,4. Administrative and secretarial occupations,41,9,32
S01010683,5. Skilled trades occupations,103,93,10
S01010683,6. Caring leisure and other service occupations,48,5,43
S01010683,7. Sales and customer service occupations,27,11,16
S01010683,8. Process plant and machine operatives,30,27,3
S01010683,9. Elementary occupations,49,24,25
S01010684,All people aged 16 to 74 in employment,385,207,178
S01010684,1. Managers directors and senior officials,57,29,28
S01010684,2. Professional occupations,56,16,40
S01010684,3. Associate professional and technical occupations,32,23,9
S01010684,4. Administrative and secretarial occupations,30,5,25
S01010684,5. Skilled trades occupations,97,82,15
S01010684,6. Caring leisure and other service occupations,33,5,28
S01010684,7. Sales and customer service occupations,17,5,12
S01010684,8. Process plant and machine operatives,23,20,3
S01010684,9. Elementary occupations,40,22,18
S01010685,All people aged 16 to 74 in employment,280,150,130
S01010685,1. Managers directors and senior officials,35,19,16
S01010685,2. Professional occupations,38,20,18
S01010685,3. Associate professional and technical occupations,29,15,14
S01010685,4. Administrative and secretarial occupations,27,2,25
S01010685,5. Skilled trades occupations,67,51,16
S01010685,6. Caring leisure and other service occupations,24,5,19
S01010685,7. Sales and customer service occupations,10,2,8
S01010685,8. Process plant and machine operatives,19,18,1
S01010685,9. Elementary occupations,31,18,13
S01010686,All people aged 16 to 74 in employment,344,186,158
S01010686,1. Managers directors and senior officials,34,17,17
S01010686,2. Professional occupations,50,20,30
S01010686,3. Associate professional and technical occupations,27,16,11
S01010686,4. Administrative and secretarial occupations,26,4,22
S01010686,5. Skilled trades occupations,92,75,17
S01010686,6. Caring leisure and other service occupations,41,5,36
S01010686,7. Sales and customer service occupations,10,1,9
S01010686,8. Process plant and machine operatives,29,29,0
S01010686,9. Elementary occupations,35,19,16
S01010687,All people aged 16 to 74 in employment,384,196,188
S01010687,1. Managers directors and senior officials,63,38,25
S01010687,2. Professional occupations,60,21,39
S01010687,3. Associate professional and technical occupations,37,22,15
S01010687,4. Administrative and secretarial occupations,32,5,27
S01010687,5. Skilled trades occupations,76,65,11
S01010687,6. Caring leisure and other service occupations,44,6,38
S01010687,7. Sales and customer service occupations,20,8,12
S01010687,8. Process plant and machine operatives,16,16,0
S01010687,9. Elementary occupations,36,15,21
S01010688,All people aged 16 to 74 in employment,372,209,163
S01010688,1. Managers directors and senior officials,62,36,26
S01010688,2. Professional occupations,44,19,25
S01010688,3. Associate professional and technical occupations,33,14,19
S01010688,4. Administrative and secretarial occupations,22,7,15
S01010688,5. Skilled trades occupations,97,79,18
S01010688,6. Caring leisure and other service occupations,33,3,30
S01010688,7. Sales and customer service occupations,8,3,5
S01010688,8. Process plant and machine operatives,28,24,4
S01010688,9. Elementary occupations,45,24,21
S01010689,All people aged 16 to 74 in employment,335,185,150
S01010689,1. Managers directors and senior officials,56,30,26
S01010689,2. Professional occupations,45,25,20
S01010689,3. Associate professional and technical occupations,34,25,9
S01010689,4. Administrative and secretarial occupations,24,6,18
S01010689,5. Skilled trades occupations,83,65,18
S01010689,6. Caring leisure and other service occupations,37,5,32
S01010689,7. Sales and customer service occupations,19,4,15
S01010689,8. Process plant and machine operatives,14,12,2
S01010689,9. Elementary occupations,23,13,10
S01010690,All people aged 16 to 74 in employment,334,184,150
S01010690,1. Managers directors and senior officials,48,26,22
S01010690,2. Professional occupations,35,15,20
S01010690,3. Associate professional and technical occupations,27,16,11
S01010690,4. Administrative and secretarial occupations,33,12,21
S01010690,5. Skilled trades occupations,64,53,11
S01010690,6. Caring leisure and other service occupations,33,9,24
S01010690,7. Sales and customer service occupations,23,3,20
S01010690,8. Process plant and machine operatives,19,18,1
S01010690,9. Elementary occupations,52,32,20
S01010691,All people aged 16 to 74 in employment,388,200,188
S01010691,1. Managers directors and senior officials,47,22,25
S01010691,2. Professional occupations,60,27,33
S01010691,3. Associate professional and technical occupations,35,20,15
S01010691,4. Administrative and secretarial occupations,33,5,28
S01010691,5. Skilled trades occupations,99,81,18
S01010691,6. Caring leisure and other service occupations,43,6,37
S01010691,7. Sales and customer service occupations,17,2,15
S01010691,8. Process plant and machine operatives,24,20,4
S01010691,9. Elementary occupations,30,17,13
S01010692,All people aged 16 to 74 in employment,406,210,196
S01010692,1. Managers directors and senior officials,52,28,24
S01010692,2. Professional occupations,43,19,24
S01010692,3. Associate professional and technical occupations,28,21,7
S01010692,4. Administrative and secretarial occupations,32,3,29
S01010692,5. Skilled trades occupations,78,66,12
S01010692,6. Caring leisure and other service occupations,46,11,35
S01010692,7. Sales and customer service occupations,47,11,36
S01010692,8. Process plant and machine operatives,32,28,4
S01010692,9. Elementary occupations,48,23,25
S01010693,All people aged 16 to 74 in employment,249,134,115
S01010693,1. Managers directors and senior officials,35,19,16
S01010693,2. Professional occupations,43,14,29
S01010693,3. Associate professional and technical occupations,23,10,13
S01010693,4. Administrative and secretarial occupations,27,5,22
S01010693,5. Skilled trades occupations,64,56,8
S01010693,6. Caring leisure and other service occupations,14,3,11
S01010693,7. Sales and customer service occupations,8,3,5
S01010693,8. Process plant and machine operatives,16,14,2
S01010693,9. Elementary occupations,19,10,9
S01010694,All people aged 16 to 74 in employment,239,128,111
S01010694,1. Managers directors and senior officials,26,7,19
S01010694,2. Professional occupations,32,14,18
S01010694,3. Associate professional and technical occupations,20,15,5
S01010694,4. Administrative and secretarial occupations,20,5,15
S01010694,5. Skilled trades occupations,59,56,3
S01010694,6. Caring leisure and other service occupations,22,3,19
S01010694,7. Sales and customer service occupations,11,2,9
S01010694,8. Process plant and machine operatives,14,12,2
S01010694,9. Elementary occupations,35,14,21
S01010695,All people aged 16 to 74 in employment,380,200,180
S01010695,1. Managers directors and senior officials,36,24,12
S01010695,2. Professional occupations,75,29,46
S01010695,3. Associate professional and technical occupations,28,17,11
S01010695,4. Administrative and secretarial occupations,48,10,38
S01010695,5. Skilled trades occupations,81,73,8
S01010695,6. Caring leisure and other service occupations,35,3,32
S01010695,7. Sales and customer service occupations,25,7,18
S01010695,8. Process plant and machine operatives,31,25,6
S01010695,9. Elementary occupations,21,12,9
S01010696,All people aged 16 to 74 in employment,519,284,235
S01010696,1. Managers directors and senior officials,52,27,25
S01010696,2. Professional occupations,88,45,43
S01010696,3. Associate professional and technical occupations,44,21,23
S01010696,4. Administrative and secretarial occupations,48,12,36
S01010696,5. Skilled trades occupations,96,87,9
S01010696,6. Caring leisure and other service occupations,56,12,44
S01010696,7. Sales and customer service occupations,34,8,26
S01010696,8. Process plant and machine operatives,37,33,4
S01010696,9. Elementary occupations,64,39,25
S01010697,All people aged 16 to 74 in employment,526,284,242
S01010697,1. Managers directors and senior officials,42,26,16
S01010697,2. Professional occupations,116,46,70
S01010697,3. Associate professional and technical occupations,45,23,22
S01010697,4. Administrative and secretarial occupations,46,5,41
S01010697,5. Skilled trades occupations,107,98,9
S01010697,6. Caring leisure and other service occupations,36,2,34
S01010697,7. Sales and customer service occupations,35,11,24
S01010697,8. Process plant and machine operatives,46,44,2
S01010697,9. Elementary occupations,53,29,24
S01010698,All people aged 16 to 74 in employment,350,176,174
S01010698,1. Managers directors and senior officials,46,28,18
S01010698,2. Professional occupations,43,18,25
S01010698,3. Associate professional and technical occupations,29,14,15
S01010698,4. Administrative and secretarial occupations,37,1,36
S01010698,5. Skilled trades occupations,65,56,9
S01010698,6. Caring leisure and other service occupations,39,7,32
S01010698,7. Sales and customer service occupations,15,1,14
S01010698,8. Process plant and machine operatives,31,27,4
S01010698,9. Elementary occupations,45,24,21
S01010699,All people aged 16 to 74 in employment,334,181,153
S01010699,1. Managers directors and senior officials,30,19,11
S01010699,2. Professional occupations,51,22,29
S01010699,3. Associate professional and technical occupations,44,21,23
S01010699,4. Administrative and secretarial occupations,31,3,28
S01010699,5. Skilled trades occupations,70,62,8
S01010699,6. Caring leisure and other service occupations,37,8,29
S01010699,7. Sales and customer service occupations,19,3,16
S01010699,8. Process plant and machine operatives,30,28,2
S01010699,9. Elementary occupations,22,15,7
S01010700,All people aged 16 to 74 in employment,324,171,153
S01010700,1. Managers directors and senior officials,31,23,8
S01010700,2. Professional occupations,60,33,27
S01010700,3. Associate professional and technical occupations,52,27,25
S01010700,4. Administrative and secretarial occupations,32,5,27
S01010700,5. Skilled trades occupations,40,38,2
S01010700,6. Caring leisure and other service occupations,29,2,27
S01010700,7. Sales and customer service occupations,23,3,20
S01010700,8. Process plant and machine operatives,26,24,2
S01010700,9. Elementary occupations,31,16,15
S01010701,All people aged 16 to 74 in employment,549,301,248
S01010701,1. Managers directors and senior officials,36,21,15
S01010701,2. Professional occupations,88,45,43
S01010701,3. Associate professional and technical occupations,77,51,26
S01010701,4. Administrative and secretarial occupations,42,1,41
S01010701,5. Skilled trades occupations,92,83,9
S01010701,6. Caring leisure and other service occupations,57,12,45
S01010701,7. Sales and customer service occupations,58,15,43
S01010701,8. Process plant and machine operatives,55,52,3
S01010701,9. Elementary occupations,44,21,23
S01010702,All people aged 16 to 74 in employment,511,278,233
S01010702,1. Managers directors and senior officials,63,45,18
S01010702,2. Professional occupations,79,29,50
S01010702,3. Associate professional and technical occupations,65,37,28
S01010702,4. Administrative and secretarial occupations,66,12,54
S01010702,5. Skilled trades occupations,81,67,14
S01010702,6. Caring leisure and other service occupations,52,7,45
S01010702,7. Sales and customer service occupations,16,9,7
S01010702,8. Process plant and machine operatives,44,42,2
S01010702,9. Elementary occupations,45,30,15
S01010703,All people aged 16 to 74 in employment,448,248,200
S01010703,1. Managers directors and senior officials,50,31,19
S01010703,2. Professional occupations,69,29,40
S01010703,3. Associate professional and technical occupations,58,38,20
S01010703,4. Administrative and secretarial occupations,51,5,46
S01010703,5. Skilled trades occupations,100,89,11
S01010703,6. Caring leisure and other service occupations,38,2,36
S01010703,7. Sales and customer service occupations,13,5,8
S01010703,8. Process plant and machine operatives,33,28,5
S01010703,9. Elementary occupations,36,21,15
S01010704,All people aged 16 to 74 in employment,299,162,137
S01010704,1. Managers directors and senior officials,22,15,7
S01010704,2. Professional occupations,31,14,17
S01010704,3. Associate professional and technical occupations,32,21,11
S01010704,4. Administrative and secretarial occupations,30,3,27
S01010704,5. Skilled trades occupations,46,45,1
S01010704,6. Caring leisure and other service occupations,30,2,28
S01010704,7. Sales and customer service occupations,33,4,29
S01010704,8. Process plant and machine operatives,34,32,2
S01010704,9. Elementary occupations,41,26,15
S01010705,All people aged 16 to 74 in employment,547,291,256
S01010705,1. Managers directors and senior officials,45,24,21
S01010705,2. Professional occupations,85,37,48
S01010705,3. Associate professional and technical occupations,57,25,32
S01010705,4. Administrative and secretarial occupations,48,6,42
S01010705,5. Skilled trades occupations,111,105,6
S01010705,6. Caring leisure and other service occupations,54,4,50
S01010705,7. Sales and customer service occupations,45,12,33
S01010705,8. Process plant and machine operatives,57,54,3
S01010705,9. Elementary occupations,45,24,21
S01010706,All people aged 16 to 74 in employment,315,182,133
S01010706,1. Managers directors and senior officials,29,17,12
S01010706,2. Professional occupations,34,14,20
S01010706,3. Associate professional and technical occupations,30,19,11
S01010706,4. Administrative and secretarial occupations,32,3,29
S01010706,5. Skilled trades occupations,62,56,6
S01010706,6. Caring leisure and other service occupations,30,8,22
S01010706,7. Sales and customer service occupations,30,11,19
S01010706,8. Process plant and machine operatives,36,35,1
S01010706,9. Elementary occupations,32,19,13
S01010707,All people aged 16 to 74 in employment,377,209,168
S01010707,1. Managers directors and senior officials,32,22,10
S01010707,2. Professional occupations,70,35,35
S01010707,3. Associate professional and technical occupations,34,19,15
S01010707,4. Administrative and secretarial occupations,47,5,42
S01010707,5. Skilled trades occupations,80,67,13
S01010707,6. Caring leisure and other service occupations,32,5,27
S01010707,7. Sales and customer service occupations,23,8,15
S01010707,8. Process plant and machine operatives,33,31,2
S01010707,9. Elementary occupations,26,17,9
S01010708,All people aged 16 to 74 in employment,289,151,138
S01010708,1. Managers directors and senior officials,20,10,10
S01010708,2. Professional occupations,46,21,25
S01010708,3. Associate professional and technical occupations,28,15,13
S01010708,4. Administrative and secretarial occupations,31,5,26
S01010708,5. Skilled trades occupations,58,58,0
S01010708,6. Caring leisure and other service occupations,28,6,22
S01010708,7. Sales and customer service occupations,37,10,27
S01010708,8. Process plant and machine operatives,21,19,2
S01010708,9. Elementary occupations,20,7,13
S01010709,All people aged 16 to 74 in employment,402,206,196
S01010709,1. Managers directors and senior officials,35,20,15
S01010709,2. Professional occupations,60,25,35
S01010709,3. Associate professional and technical occupations,49,31,18
S01010709,4. Administrative and secretarial occupations,50,7,43
S01010709,5. Skilled trades occupations,55,50,5
S01010709,6. Caring leisure and other service occupations,49,6,43
S01010709,7. Sales and customer service occupations,34,10,24
S01010709,8. Process plant and machine operatives,41,41,0
S01010709,9. Elementary occupations,29,16,13
S01010710,All people aged 16 to 74 in employment,341,174,167
S01010710,1. Managers directors and senior officials,14,7,7
S01010710,2. Professional occupations,27,10,17
S01010710,3. Associate professional and technical occupations,28,16,12
S01010710,4. Administrative and secretarial occupations,29,3,26
S01010710,5. Skilled trades occupations,62,58,4
S01010710,6. Caring leisure and other service occupations,47,7,40
S01010710,7. Sales and customer service occupations,47,17,30
S01010710,8. Process plant and machine operatives,31,30,1
S01010710,9. Elementary occupations,56,26,30
S01010711,All people aged 16 to 74 in employment,383,200,183
S01010711,1. Managers directors and senior officials,47,34,13
S01010711,2. Professional occupations,98,44,54
S01010711,3. Associate professional and technical occupations,58,39,19
S01010711,4. Administrative and secretarial occupations,37,2,35
S01010711,5. Skilled trades occupations,44,42,2
S01010711,6. Caring leisure and other service occupations,38,5,33
S01010711,7. Sales and customer service occupations,28,11,17
S01010711,8. Process plant and machine operatives,14,14,0
S01010711,9. Elementary occupations,19,9,10
S01010712,All people aged 16 to 74 in employment,356,186,170
S01010712,1. Managers directors and senior officials,19,14,5
S01010712,2. Professional occupations,26,10,16
S01010712,3. Associate professional and technical occupations,26,15,11
S01010712,4. Administrative and secretarial occupations,37,8,29
S01010712,5. Skilled trades occupations,60,56,4
S01010712,6. Caring leisure and other service occupations,46,4,42
S01010712,7. Sales and customer service occupations,57,14,43
S01010712,8. Process plant and machine operatives,40,36,4
S01010712,9. Elementary occupations,45,29,16
S01010713,All people aged 16 to 74 in employment,421,206,215
S01010713,1. Managers directors and senior officials,18,11,7
S01010713,2. Professional occupations,32,10,22
S01010713,3. Associate professional and technical occupations,35,21,14
S01010713,4. Administrative and secretarial occupations,36,3,33
S01010713,5. Skilled trades occupations,83,66,17
S01010713,6. Caring leisure and other service occupations,52,8,44
S01010713,7. Sales and customer service occupations,55,16,39
S01010713,8. Process plant and machine operatives,63,52,11
S01010713,9. Elementary occupations,47,19,28
S01010714,All people aged 16 to 74 in employment,310,153,157
S01010714,1. Managers directors and senior officials,21,13,8
S01010714,2. Professional occupations,27,7,20
S01010714,3. Associate professional and technical occupations,24,12,12
S01010714,4. Administrative and secretarial occupations,29,7,22
S01010714,5. Skilled trades occupations,66,60,6
S01010714,6. Caring leisure and other service occupations,25,2,23
S01010714,7. Sales and customer service occupations,43,8,35
S01010714,8. Process plant and machine operatives,33,28,5
S01010714,9. Elementary occupations,42,16,26
S01010715,All people aged 16 to 74 in employment,337,158,179
S01010715,1. Managers directors and senior officials,20,6,14
S01010715,2. Professional occupations,30,16,14
S01010715,3. Associate professional and technical occupations,32,15,17
S01010715,4. Administrative and secretarial occupations,39,8,31
S01010715,5. Skilled trades occupations,47,39,8
S01010715,6. Caring leisure and other service occupations,40,10,30
S01010715,7. Sales and customer service occupations,50,14,36
S01010715,8. Process plant and machine operatives,26,22,4
S01010715,9. Elementary occupations,53,28,25
S01010716,All people aged 16 to 74 in employment,451,236,215
S01010716,1. Managers directors and senior officials,31,24,7
S01010716,2. Professional occupations,56,28,28
S01010716,3. Associate professional and technical occupations,42,28,14
S01010716,4. Administrative and secretarial occupations,49,4,45
S01010716,5. Skilled trades occupations,75,66,9
S01010716,6. Caring leisure and other service occupations,50,9,41
S01010716,7. Sales and customer service occupations,51,18,33
S01010716,8. Process plant and machine operatives,42,30,12
S01010716,9. Elementary occupations,55,29,26
S01010717,All people aged 16 to 74 in employment,314,162,152
S01010717,1. Managers directors and senior officials,32,23,9
S01010717,2. Professional occupations,56,22,34
S01010717,3. Associate professional and technical occupations,29,22,7
S01010717,4. Administrative and secretarial occupations,49,6,43
S01010717,5. Skilled trades occupations,39,36,3
S01010717,6. Caring leisure and other service occupations,34,5,29
S01010717,7. Sales and customer service occupations,36,16,20
S01010717,8. Process plant and machine operatives,16,15,1
S01010717,9. Elementary occupations,23,17,6
S01010718,All people aged 16 to 74 in employment,498,262,236
S01010718,1. Managers directors and senior officials,47,30,17
S01010718,2. Professional occupations,69,29,40
S01010718,3. Associate professional and technical occupations,65,47,18
S01010718,4. Administrative and secretarial occupations,61,6,55
S01010718,5. Skilled trades occupations,70,64,6
S01010718,6. Caring leisure and other service occupations,40,3,37
S01010718,7. Sales and customer service occupations,51,17,34
S01010718,8. Process plant and machine operatives,47,45,2
S01010718,9. Elementary occupations,48,21,27
S01010719,All people aged 16 to 74 in employment,316,167,149
S01010719,1. Managers directors and senior officials,25,19,6
S01010719,2. Professional occupations,71,30,41
S01010719,3. Associate professional and technical occupations,29,16,13
S01010719,4. Administrative and secretarial occupations,32,2,30
S01010719,5. Skilled trades occupations,51,46,5
S01010719,6. Caring leisure and other service occupations,29,9,20
S01010719,7. Sales and customer service occupations,23,8,15
S01010719,8. Process plant and machine operatives,22,21,1
S01010719,9. Elementary occupations,34,16,18
S01010720,All people aged 16 to 74 in employment,323,167,156
S01010720,1. Managers directors and senior officials,39,25,14
S01010720,2. Professional occupations,75,40,35
S01010720,3. Associate professional and technical occupations,36,21,15
S01010720,4. Administrative and secretarial occupations,34,8,26
S01010720,5. Skilled trades occupations,45,39,6
S01010720,6. Caring leisure and other service occupations,37,6,31
S01010720,7. Sales and customer service occupations,19,6,13
S01010720,8. Process plant and machine operatives,12,12,0
S01010720,9. Elementary occupations,26,10,16
S01010721,All people aged 16 to 74 in employment,318,165,153
S01010721,1. Managers directors and senior officials,42,21,21
S01010721,2. Professional occupations,70,40,30
S01010721,3. Associate professional and technical occupations,39,21,18
S01010721,4. Administrative and secretarial occupations,46,11,35
S01010721,5. Skilled trades occupations,37,32,5
S01010721,6. Caring leisure and other service occupations,26,6,20
S01010721,7. Sales and customer service occupations,12,4,8
S01010721,8. Process plant and machine operatives,20,18,2
S01010721,9. Elementary occupations,26,12,14
S01010722,All people aged 16 to 74 in employment,406,201,205
S01010722,1. Managers directors and senior officials,40,25,15
S01010722,2. Professional occupations,83,32,51
S01010722,3. Associate professional and technical occupations,46,23,23
S01010722,4. Administrative and secretarial occupations,36,9,27
S01010722,5. Skilled trades occupations,68,55,13
S01010722,6. Caring leisure and other service occupations,29,3,26
S01010722,7. Sales and customer service occupations,35,8,27
S01010722,8. Process plant and machine operatives,37,30,7
S01010722,9. Elementary occupations,32,16,16
S01010723,All people aged 16 to 74 in employment,484,252,232
S01010723,1. Managers directors and senior officials,62,39,23
S01010723,2. Professional occupations,114,41,73
S01010723,3. Associate professional and technical occupations,50,35,15
S01010723,4. Administrative and secretarial occupations,37,1,36
S01010723,5. Skilled trades occupations,91,80,11
S01010723,6. Caring leisure and other service occupations,36,4,32
S01010723,7. Sales and customer service occupations,27,9,18
S01010723,8. Process plant and machine operatives,21,20,1
S01010723,9. Elementary occupations,46,23,23
S01010724,All people aged 16 to 74 in employment,471,249,222
S01010724,1. Managers directors and senior officials,51,37,14
S01010724,2. Professional occupations,86,31,55
S01010724,3. Associate professional and technical occupations,44,27,17
S01010724,4. Administrative and secretarial occupations,48,2,46
S01010724,5. Skilled trades occupations,90,76,14
S01010724,6. Caring leisure and other service occupations,40,7,33
S01010724,7. Sales and customer service occupations,27,7,20
S01010724,8. Process plant and machine operatives,45,41,4
S01010724,9. Elementary occupations,40,21,19
S01010725,All people aged 16 to 74 in employment,394,204,190
S01010725,1. Managers directors and senior officials,58,34,24
S01010725,2. Professional occupations,88,36,52
S01010725,3. Associate professional and technical occupations,44,26,18
S01010725,4. Administrative and secretarial occupations,42,7,35
S01010725,5. Skilled trades occupations,64,58,6
S01010725,6. Caring leisure and other service occupations,24,4,20
S01010725,7. Sales and customer service occupations,31,9,22
S01010725,8. Process plant and machine operatives,21,17,4
S01010725,9. Elementary occupations,22,13,9
S01010726,All people aged 16 to 74 in employment,432,214,218
S01010726,1. Managers directors and senior officials,42,22,20
S01010726,2. Professional occupations,81,31,50
S01010726,3. Associate professional and technical occupations,65,39,26
S01010726,4. Administrative and secretarial occupations,48,7,41
S01010726,5. Skilled trades occupations,70,64,6
S01010726,6. Caring leisure and other service occupations,36,7,29
S01010726,7. Sales and customer service occupations,35,10,25
S01010726,8. Process plant and machine operatives,18,15,3
S01010726,9. Elementary occupations,37,19,18
S01010727,All people aged 16 to 74 in employment,308,172,136
S01010727,1. Managers directors and senior officials,35,25,10
S01010727,2. Professional occupations,76,32,44
S01010727,3. Associate professional and technical occupations,29,20,9
S01010727,4. Administrative and secretarial occupations,34,7,27
S01010727,5. Skilled trades occupations,57,54,3
S01010727,6. Caring leisure and other service occupations,19,3,16
S01010727,7. Sales and customer service occupations,19,4,15
S01010727,8. Process plant and machine operatives,15,14,1
S01010727,9. Elementary occupations,24,13,11
S01010728,All people aged 16 to 74 in employment,254,122,132
S01010728,1. Managers directors and senior officials,36,27,9
S01010728,2. Professional occupations,66,24,42
S01010728,3. Associate professional and technical occupations,28,11,17
S01010728,4. Administrative and secretarial occupations,32,8,24
S01010728,5. Skilled trades occupations,32,25,7
S01010728,6. Caring leisure and other service occupations,20,5,15
S01010728,7. Sales and customer service occupations,15,4,11
S01010728,8. Process plant and machine operatives,11,10,1
S01010728,9. Elementary occupations,14,8,6
S01010729,All people aged 16 to 74 in employment,403,221,182
S01010729,1. Managers directors and senior officials,40,21,19
S01010729,2. Professional occupations,66,29,37
S01010729,3. Associate professional and technical occupations,47,24,23
S01010729,4. Administrative and secretarial occupations,43,4,39
S01010729,5. Skilled trades occupations,97,89,8
S01010729,6. Caring leisure and other service occupations,32,3,29
S01010729,7. Sales and customer service occupations,28,10,18
S01010729,8. Process plant and machine operatives,23,22,1
S01010729,9. Elementary occupations,27,19,8
S01010730,All people aged 16 to 74 in employment,454,244,210
S01010730,1. Managers directors and senior officials,43,24,19
S01010730,2. Professional occupations,98,35,63
S01010730,3. Associate professional and technical occupations,51,34,17
S01010730,4. Administrative and secretarial occupations,42,5,37
S01010730,5. Skilled trades occupations,87,78,9
S01010730,6. Caring leisure and other service occupations,37,5,32
S01010730,7. Sales and customer service occupations,21,5,16
S01010730,8. Process plant and machine operatives,38,35,3
S01010730,9. Elementary occupations,37,23,14
S01010731,All people aged 16 to 74 in employment,442,222,220
S01010731,1. Managers directors and senior officials,47,24,23
S01010731,2. Professional occupations,79,30,49
S01010731,3. Associate professional and technical occupations,56,33,23
S01010731,4. Administrative and secretarial occupations,39,10,29
S01010731,5. Skilled trades occupations,64,52,12
S01010731,6. Caring leisure and other service occupations,35,3,32
S01010731,7. Sales and customer service occupations,35,10,25
S01010731,8. Process plant and machine operatives,36,30,6
S01010731,9. Elementary occupations,51,30,21
S01010732,All people aged 16 to 74 in employment,354,166,188
S01010732,1. Managers directors and senior officials,17,10,7
S01010732,2. Professional occupations,23,10,13
S01010732,3. Associate professional and technical occupations,20,11,9
S01010732,4. Administrative and secretarial occupations,25,3,22
S01010732,5. Skilled trades occupations,60,52,8
S01010732,6. Caring leisure and other service occupations,59,6,53
S01010732,7. Sales and customer service occupations,58,11,47
S01010732,8. Process plant and machine operatives,39,35,4
S01010732,9. Elementary occupations,53,28,25
S01010733,All people aged 16 to 74 in employment,233,120,113
S01010733,1. Managers directors and senior officials,16,9,7
S01010733,2. Professional occupations,12,5,7
S01010733,3. Associate professional and technical occupations,20,9,11
S01010733,4. Administrative and secretarial occupations,17,3,14
S01010733,5. Skilled trades occupations,29,24,5
S01010733,6. Caring leisure and other service occupations,28,8,20
S01010733,7. Sales and customer service occupations,30,7,23
S01010733,8. Process plant and machine operatives,32,28,4
S01010733,9. Elementary occupations,49,27,22
S01010734,All people aged 16 to 74 in employment,383,202,181
S01010734,1. Managers directors and senior officials,22,12,10
S01010734,2. Professional occupations,33,18,15
S01010734,3. Associate professional and technical occupations,31,20,11
S01010734,4. Administrative and secretarial occupations,30,9,21
S01010734,5. Skilled trades occupations,64,60,4
S01010734,6. Caring leisure and other service occupations,43,6,37
S01010734,7. Sales and customer service occupations,48,6,42
S01010734,8. Process plant and machine operatives,57,49,8
S01010734,9. Elementary occupations,55,22,33
S01010735,All people aged 16 to 74 in employment,253,140,113
S01010735,1. Managers directors and senior officials,12,6,6
S01010735,2. Professional occupations,22,9,13
S01010735,3. Associate professional and technical occupations,26,12,14
S01010735,4. Administrative and secretarial occupations,10,0,10
S01010735,5. Skilled trades occupations,47,39,8
S01010735,6. Caring leisure and other service occupations,24,6,18
S01010735,7. Sales and customer service occupations,28,12,16
S01010735,8. Process plant and machine operatives,31,28,3
S01010735,9. Elementary occupations,53,28,25
S01010736,All people aged 16 to 74 in employment,250,142,108
S01010736,1. Managers directors and senior officials,24,16,8
S01010736,2. Professional occupations,39,22,17
S01010736,3. Associate professional and technical occupations,27,16,11
S01010736,4. Administrative and secretarial occupations,21,4,17
S01010736,5. Skilled trades occupations,46,43,3
S01010736,6. Caring leisure and other service occupations,27,3,24
S01010736,7. Sales and customer service occupations,27,6,21
S01010736,8. Process plant and machine operatives,25,22,3
S01010736,9. Elementary occupations,14,10,4
S01010737,All people aged 16 to 74 in employment,472,247,225
S01010737,1. Managers directors and senior officials,42,21,21
S01010737,2. Professional occupations,66,29,37
S01010737,3. Associate professional and technical occupations,47,29,18
S01010737,4. Administrative and secretarial occupations,39,3,36
S01010737,5. Skilled trades occupations,69,60,9
S01010737,6. Caring leisure and other service occupations,49,8,41
S01010737,7. Sales and customer service occupations,42,8,34
S01010737,8. Process plant and machine operatives,61,54,7
S01010737,9. Elementary occupations,57,35,22
S01010738,All people aged 16 to 74 in employment,263,127,136
S01010738,1. Managers directors and senior officials,19,8,11
S01010738,2. Professional occupations,13,4,9
S01010738,3. Associate professional and technical occupations,16,8,8
S01010738,4. Administrative and secretarial occupations,18,1,17
S01010738,5. Skilled trades occupations,51,47,4
S01010738,6. Caring leisure and other service occupations,39,5,34
S01010738,7. Sales and customer service occupations,27,3,24
S01010738,8. Process plant and machine operatives,36,30,6
S01010738,9. Elementary occupations,44,21,23
S01010739,All people aged 16 to 74 in employment,415,214,201
S01010739,1. Managers directors and senior officials,16,8,8
S01010739,2. Professional occupations,54,26,28
S01010739,3. Associate professional and technical occupations,44,27,17
S01010739,4. Administrative and secretarial occupations,38,4,34
S01010739,5. Skilled trades occupations,58,47,11
S01010739,6. Caring leisure and other service occupations,37,8,29
S01010739,7. Sales and customer service occupations,49,11,38
S01010739,8. Process plant and machine operatives,62,53,9
S01010739,9. Elementary occupations,57,30,27
S01010740,All people aged 16 to 74 in employment,187,96,91
S01010740,1. Managers directors and senior officials,5,3,2
S01010740,2. Professional occupations,13,2,11
S01010740,3. Associate professional and technical occupations,19,13,6
S01010740,4. Administrative and secretarial occupations,14,1,13
S01010740,5. Skilled trades occupations,25,23,2
S01010740,6. Caring leisure and other service occupations,28,3,25
S01010740,7. Sales and customer service occupations,28,8,20
S01010740,8. Process plant and machine operatives,22,20,2
S01010740,9. Elementary occupations,33,23,10
S01010741,All people aged 16 to 74 in employment,261,135,126
S01010741,1. Managers directors and senior officials,22,16,6
S01010741,2. Professional occupations,31,12,19
S01010741,3. Associate professional and technical occupations,22,10,12
S01010741,4. Administrative and secretarial occupations,29,2,27
S01010741,5. Skilled trades occupations,49,43,6
S01010741,6. Caring leisure and other service occupations,35,7,28
S01010741,7. Sales and customer service occupations,22,5,17
S01010741,8. Process plant and machine operatives,27,25,2
S01010741,9. Elementary occupations,24,15,9
S01010742,All people aged 16 to 74 in employment,334,171,163
S01010742,1. Managers directors and senior officials,17,10,7
S01010742,2. Professional occupations,19,12,7
S01010742,3. Associate professional and technical occupations,30,14,16
S01010742,4. Administrative and secretarial occupations,23,2,21
S01010742,5. Skilled trades occupations,54,49,5
S01010742,6. Caring leisure and other service occupations,54,3,51
S01010742,7. Sales and customer service occupations,30,5,25
S01010742,8. Process plant and machine operatives,58,54,4
S01010742,9. Elementary occupations,49,22,27
S01010743,All people aged 16 to 74 in employment,280,148,132
S01010743,1. Managers directors and senior officials,12,6,6
S01010743,2. Professional occupations,24,15,9
S01010743,3. Associate professional and technical occupations,33,18,15
S01010743,4. Administrative and secretarial occupations,23,5,18
S01010743,5. Skilled trades occupations,29,28,1
S01010743,6. Caring leisure and other service occupations,38,6,32
S01010743,7. Sales and customer service occupations,29,8,21
S01010743,8. Process plant and machine operatives,45,36,9
S01010743,9. Elementary occupations,47,26,21
S01010744,All people aged 16 to 74 in employment,515,269,246
S01010744,1. Managers directors and senior officials,39,23,16
S01010744,2. Professional occupations,57,26,31
S01010744,3. Associate professional and technical occupations,65,40,25
S01010744,4. Administrative and secretarial occupations,43,4,39
S01010744,5. Skilled trades occupations,87,76,11
S01010744,6. Caring leisure and other service occupations,67,5,62
S01010744,7. Sales and customer service occupations,32,6,26
S01010744,8. Process plant and machine operatives,71,66,5
S01010744,9. Elementary occupations,54,23,31
S01010745,All people aged 16 to 74 in employment,284,151,133
S01010745,1. Managers directors and senior officials,19,11,8
S01010745,2. Professional occupations,35,13,22
S01010745,3. Associate professional and technical occupations,25,15,10
S01010745,4. Administrative and secretarial occupations,23,2,21
S01010745,5. Skilled trades occupations,50,43,7
S01010745,6. Caring leisure and other service occupations,39,7,32
S01010745,7. Sales and customer service occupations,21,7,14
S01010745,8. Process plant and machine operatives,38,34,4
S01010745,9. Elementary occupations,34,19,15
S01010746,All people aged 16 to 74 in employment,512,268,244
S01010746,1. Managers directors and senior officials,50,27,23
S01010746,2. Professional occupations,73,23,50
S01010746,3. Associate professional and technical occupations,46,24,22
S01010746,4. Administrative and secretarial occupations,56,9,47
S01010746,5. Skilled trades occupations,104,91,13
S01010746,6. Caring leisure and other service occupations,46,3,43
S01010746,7. Sales and customer service occupations,36,15,21
S01010746,8. Process plant and machine operatives,43,38,5
S01010746,9. Elementary occupations,58,38,20
S01010747,All people aged 16 to 74 in employment,378,197,181
S01010747,1. Managers directors and senior officials,23,18,5
S01010747,2. Professional occupations,43,18,25
S01010747,3. Associate professional and technical occupations,40,23,17
S01010747,4. Administrative and secretarial occupations,31,3,28
S01010747,5. Skilled trades occupations,67,63,4
S01010747,6. Caring leisure and other service occupations,46,5,41
S01010747,7. Sales and customer service occupations,45,13,32
S01010747,8. Process plant and machine operatives,36,31,5
S01010747,9. Elementary occupations,47,23,24
S01010748,All people aged 16 to 74 in employment,295,158,137
S01010748,1. Managers directors and senior officials,31,14,17
S01010748,2. Professional occupations,35,18,17
S01010748,3. Associate professional and technical occupations,29,16,13
S01010748,4. Administrative and secretarial occupations,40,4,36
S01010748,5. Skilled trades occupations,64,61,3
S01010748,6. Caring leisure and other service occupations,23,1,22
S01010748,7. Sales and customer service occupations,11,2,9
S01010748,8. Process plant and machine operatives,23,20,3
S01010748,9. Elementary occupations,39,22,17
S01010749,All people aged 16 to 74 in employment,294,161,133
S01010749,1. Managers directors and senior officials,27,13,14
S01010749,2. Professional occupations,34,10,24
S01010749,3. Associate professional and technical occupations,27,18,9
S01010749,4. Administrative and secretarial occupations,21,2,19
S01010749,5. Skilled trades occupations,84,74,10
S01010749,6. Caring leisure and other service occupations,34,4,30
S01010749,7. Sales and customer service occupations,19,4,15
S01010749,8. Process plant and machine operatives,20,20,0
S01010749,9. Elementary occupations,28,16,12
S01010750,All people aged 16 to 74 in employment,280,153,127
S01010750,1. Managers directors and senior officials,28,16,12
S01010750,2. Professional occupations,43,15,28
S01010750,3. Associate professional and technical occupations,36,26,10
S01010750,4. Administrative and secretarial occupations,27,2,25
S01010750,5. Skilled trades occupations,65,59,6
S01010750,6. Caring leisure and other service occupations,22,4,18
S01010750,7. Sales and customer service occupations,13,3,10
S01010750,8. Process plant and machine operatives,14,14,0
S01010750,9. Elementary occupations,32,14,18
S01010751,All people aged 16 to 74 in employment,281,141,140
S01010751,1. Managers directors and senior officials,14,5,9
S01010751,2. Professional occupations,19,9,10
S01010751,3. Associate professional and technical occupations,23,17,6
S01010751,4. Administrative and secretarial occupations,24,1,23
S01010751,5. Skilled trades occupations,65,60,5
S01010751,6. Caring leisure and other service occupations,39,4,35
S01010751,7. Sales and customer service occupations,38,11,27
S01010751,8. Process plant and machine operatives,23,21,2
S01010751,9. Elementary occupations,36,13,23
S01010752,All people aged 16 to 74 in employment,334,162,172
S01010752,1. Managers directors and senior officials,22,15,7
S01010752,2. Professional occupations,36,6,30
S01010752,3. Associate professional and technical occupations,30,19,11
S01010752,4. Administrative and secretarial occupations,35,3,32
S01010752,5. Skilled trades occupations,56,53,3
S01010752,6. Caring leisure and other service occupations,36,3,33
S01010752,7. Sales and customer service occupations,45,8,37
S01010752,8. Process plant and machine operatives,41,38,3
S01010752,9. Elementary occupations,33,17,16
S01010753,All people aged 16 to 74 in employment,449,244,205
S01010753,1. Managers directors and senior officials,28,17,11
S01010753,2. Professional occupations,58,26,32
S01010753,3. Associate professional and technical occupations,46,35,11
S01010753,4. Administrative and secretarial occupations,43,2,41
S01010753,5. Skilled trades occupations,81,73,8
S01010753,6. Caring leisure and other service occupations,48,8,40
S01010753,7. Sales and customer service occupations,50,13,37
S01010753,8. Process plant and machine operatives,43,41,2
S01010753,9. Elementary occupations,52,29,23
S01010754,All people aged 16 to 74 in employment,290,153,137
S01010754,1. Managers directors and senior officials,30,20,10
S01010754,2. Professional occupations,39,18,21
S01010754,3. Associate professional and technical occupations,27,19,8
S01010754,4. Administrative and secretarial occupations,20,2,18
S01010754,5. Skilled trades occupations,42,39,3
S01010754,6. Caring leisure and other service occupations,36,4,32
S01010754,7. Sales and customer service occupations,29,9,20
S01010754,8. Process plant and machine operatives,28,24,4
S01010754,9. Elementary occupations,39,18,21
S01010755,All people aged 16 to 74 in employment,304,157,147
S01010755,1. Managers directors and senior officials,22,16,6
S01010755,2. Professional occupations,31,14,17
S01010755,3. Associate professional and technical occupations,22,12,10
S01010755,4. Administrative and secretarial occupations,33,5,28
S01010755,5. Skilled trades occupations,68,61,7
S01010755,6. Caring leisure and other service occupations,35,4,31
S01010755,7. Sales and customer service occupations,35,5,30
S01010755,8. Process plant and machine operatives,25,24,1
S01010755,9. Elementary occupations,33,16,17
S01010756,All people aged 16 to 74 in employment,332,181,151
S01010756,1. Managers directors and senior officials,27,20,7
S01010756,2. Professional occupations,55,22,33
S01010756,3. Associate professional and technical occupations,39,27,12
S01010756,4. Administrative and secretarial occupations,49,11,38
S01010756,5. Skilled trades occupations,51,46,5
S01010756,6. Caring leisure and other service occupations,30,3,27
S01010756,7. Sales and customer service occupations,29,11,18
S01010756,8. Process plant and machine operatives,26,24,2
S01010756,9. Elementary occupations,26,17,9
S01010757,All people aged 16 to 74 in employment,349,192,157
S01010757,1. Managers directors and senior officials,40,31,9
S01010757,2. Professional occupations,33,14,19
S01010757,3. Associate professional and technical occupations,29,19,10
S01010757,4. Administrative and secretarial occupations,46,4,42
S01010757,5. Skilled trades occupations,90,75,15
S01010757,6. Caring leisure and other service occupations,37,2,35
S01010757,7. Sales and customer service occupations,12,2,10
S01010757,8. Process plant and machine operatives,28,28,0
S01010757,9. Elementary occupations,34,17,17
S01010758,All people aged 16 to 74 in employment,296,166,130
S01010758,1. Managers directors and senior officials,36,24,12
S01010758,2. Professional occupations,37,16,21
S01010758,3. Associate professional and technical occupations,24,14,10
S01010758,4. Administrative and secretarial occupations,30,6,24
S01010758,5. Skilled trades occupations,66,60,6
S01010758,6. Caring leisure and other service occupations,34,5,29
S01010758,7. Sales and customer service occupations,10,5,5
S01010758,8. Process plant and machine operatives,18,17,1
S01010758,9. Elementary occupations,41,19,22
S01010759,All people aged 16 to 74 in employment,291,146,145
S01010759,1. Managers directors and senior officials,22,10,12
S01010759,2. Professional occupations,37,15,22
S01010759,3. Associate professional and technical occupations,24,15,9
S01010759,4. Administrative and secretarial occupations,23,3,20
S01010759,5. Skilled trades occupations,77,68,9
S01010759,6. Caring leisure and other service occupations,43,4,39
S01010759,7. Sales and customer service occupations,12,3,9
S01010759,8. Process plant and machine operatives,14,13,1
S01010759,9. Elementary occupations,39,15,24
S01010760,All people aged 16 to 74 in employment,223,115,108
S01010760,1. Managers directors and senior officials,33,18,15
S01010760,2. Professional occupations,52,25,27
S01010760,3. Associate professional and technical occupations,17,13,4
S01010760,4. Administrative and secretarial occupations,19,1,18
S01010760,5. Skilled trades occupations,37,36,1
S01010760,6. Caring leisure and other service occupations,26,6,20
S01010760,7. Sales and customer service occupations,11,2,9
S01010760,8. Process plant and machine operatives,7,6,1
S01010760,9. Elementary occupations,21,8,13
S01010761,All people aged 16 to 74 in employment,272,146,126
S01010761,1. Managers directors and senior officials,30,19,11
S01010761,2. Professional occupations,41,19,22
S01010761,3. Associate professional and technical occupations,23,9,14
S01010761,4. Administrative and secretarial occupations,21,3,18
S01010761,5. Skilled trades occupations,61,48,13
S01010761,6. Caring leisure and other service occupations,33,2,31
S01010761,7. Sales and customer service occupations,8,0,8
S01010761,8. Process plant and machine operatives,27,26,1
S01010761,9. Elementary occupations,28,20,8
S01010762,All people aged 16 to 74 in employment,271,148,123
S01010762,1. Managers directors and senior officials,33,19,14
S01010762,2. Professional occupations,37,19,18
S01010762,3. Associate professional and technical occupations,34,16,18
S01010762,4. Administrative and secretarial occupations,29,2,27
S01010762,5. Skilled trades occupations,53,49,4
S01010762,6. Caring leisure and other service occupations,26,5,21
S01010762,7. Sales and customer service occupations,17,6,11
S01010762,8. Process plant and machine operatives,20,19,1
S01010762,9. Elementary occupations,22,13,9
S01010763,All people aged 16 to 74 in employment,307,170,137
S01010763,1. Managers directors and senior officials,38,21,17
S01010763,2. Professional occupations,45,22,23
S01010763,3. Associate professional and technical occupations,30,16,14
S01010763,4. Administrative and secretarial occupations,23,2,21
S01010763,5. Skilled trades occupations,73,57,16
S01010763,6. Caring leisure and other service occupations,27,4,23
S01010763,7. Sales and customer service occupations,11,3,8
S01010763,8. Process plant and machine operatives,27,24,3
S01010763,9. Elementary occupations,33,21,12
S01010764,All people aged 16 to 74 in employment,265,145,120
S01010764,1. Managers directors and senior officials,20,9,11
S01010764,2. Professional occupations,42,21,21
S01010764,3. Associate professional and technical occupations,25,13,12
S01010764,4. Administrative and secretarial occupations,17,4,13
S01010764,5. Skilled trades occupations,66,56,10
S01010764,6. Caring leisure and other service occupations,31,2,29
S01010764,7. Sales and customer service occupations,16,7,9
S01010764,8. Process plant and machine operatives,21,17,4
S01010764,9. Elementary occupations,27,16,11
S01010765,All people aged 16 to 74 in employment,452,243,209
S01010765,1. Managers directors and senior officials,49,24,25
S01010765,2. Professional occupations,54,22,32
S01010765,3. Associate professional and technical occupations,41,30,11
S01010765,4. Administrative and secretarial occupations,28,2,26
S01010765,5. Skilled trades occupations,84,66,18
S01010765,6. Caring leisure and other service occupations,56,12,44
S01010765,7. Sales and customer service occupations,25,3,22
S01010765,8. Process plant and machine operatives,46,43,3
S01010765,9. Elementary occupations,69,41,28
S01010766,All people aged 16 to 74 in employment,314,157,157
S01010766,1. Managers directors and senior officials,24,14,10
S01010766,2. Professional occupations,44,17,27
S01010766,3. Associate professional and technical occupations,27,14,13
S01010766,4. Administrative and secretarial occupations,24,2,22
S01010766,5. Skilled trades occupations,80,65,15
S01010766,6. Caring leisure and other service occupations,47,10,37
S01010766,7. Sales and customer service occupations,21,3,18
S01010766,8. Process plant and machine operatives,18,18,0
S01010766,9. Elementary occupations,29,14,15
S01010767,All people aged 16 to 74 in employment,286,140,146
S01010767,1. Managers directors and senior officials,22,11,11
S01010767,2. Professional occupations,25,10,15
S01010767,3. Associate professional and technical occupations,20,12,8
S01010767,4. Administrative and secretarial occupations,30,7,23
S01010767,5. Skilled trades occupations,53,48,5
S01010767,6. Caring leisure and other service occupations,36,5,31
S01010767,7. Sales and customer service occupations,29,5,24
S01010767,8. Process plant and machine operatives,29,27,2
S01010767,9. Elementary occupations,42,15,27
S01010768,All people aged 16 to 74 in employment,232,117,115
S01010768,1. Managers directors and senior officials,15,7,8
S01010768,2. Professional occupations,23,9,14
S01010768,3. Associate professional and technical occupations,12,7,5
S01010768,4. Administrative and secretarial occupations,26,5,21
S01010768,5. Skilled trades occupations,45,40,5
S01010768,6. Caring leisure and other service occupations,33,2,31
S01010768,7. Sales and customer service occupations,26,6,20
S01010768,8. Process plant and machine operatives,26,24,2
S01010768,9. Elementary occupations,26,17,9
S01010769,All people aged 16 to 74 in employment,224,118,106
S01010769,1. Managers directors and senior officials,25,16,9
S01010769,2. Professional occupations,33,8,25
S01010769,3. Associate professional and technical occupations,32,16,16
S01010769,4. Administrative and secretarial occupations,23,3,20
S01010769,5. Skilled trades occupations,55,46,9
S01010769,6. Caring leisure and other service occupations,19,1,18
S01010769,7. Sales and customer service occupations,5,1,4
S01010769,8. Process plant and machine operatives,19,17,2
S01010769,9. Elementary occupations,13,10,3
S01010770,All people aged 16 to 74 in employment,428,219,209
S01010770,1. Managers directors and senior officials,39,26,13
S01010770,2. Professional occupations,45,19,26
S01010770,3. Associate professional and technical occupations,34,20,14
S01010770,4. Administrative and secretarial occupations,39,6,33
S01010770,5. Skilled trades occupations,99,84,15
S01010770,6. Caring leisure and other service occupations,59,7,52
S01010770,7. Sales and customer service occupations,28,6,22
S01010770,8. Process plant and machine operatives,31,27,4
S01010770,9. Elementary occupations,54,24,30
S01010771,All people aged 16 to 74 in employment,337,183,154
S01010771,1. Managers directors and senior officials,38,20,18
S01010771,2. Professional occupations,27,10,17
S01010771,3. Associate professional and technical occupations,23,12,11
S01010771,4. Administrative and secretarial occupations,23,2,21
S01010771,5. Skilled trades occupations,91,79,12
S01010771,6. Caring leisure and other service occupations,46,3,43
S01010771,7. Sales and customer service occupations,20,4,16
S01010771,8. Process plant and machine operatives,30,26,4
S01010771,9. Elementary occupations,39,27,12
S01010772,All people aged 16 to 74 in employment,333,176,157
S01010772,1. Managers directors and senior officials,28,14,14
S01010772,2. Professional occupations,43,11,32
S01010772,3. Associate professional and technical occupations,32,18,14
S01010772,4. Administrative and secretarial occupations,24,1,23
S01010772,5. Skilled trades occupations,98,79,19
S01010772,6. Caring leisure and other service occupations,38,3,35
S01010772,7. Sales and customer service occupations,9,2,7
S01010772,8. Process plant and machine operatives,30,29,1
S01010772,9. Elementary occupations,31,19,12
S01010773,All people aged 16 to 74 in employment,381,202,179
S01010773,1. Managers directors and senior officials,35,24,11
S01010773,2. Professional occupations,44,19,25
S01010773,3. Associate professional and technical occupations,32,16,16
S01010773,4. Administrative and secretarial occupations,38,5,33
S01010773,5. Skilled trades occupations,97,83,14
S01010773,6. Caring leisure and other service occupations,45,2,43
S01010773,7. Sales and customer service occupations,24,9,15
S01010773,8. Process plant and machine operatives,33,30,3
S01010773,9. Elementary occupations,33,14,19
S01010774,All people aged 16 to 74 in employment,314,164,150
S01010774,1. Managers directors and senior officials,23,13,10
S01010774,2. Professional occupations,46,19,27
S01010774,3. Associate professional and technical occupations,35,18,17
S01010774,4. Administrative and secretarial occupations,18,4,14
S01010774,5. Skilled trades occupations,65,56,9
S01010774,6. Caring leisure and other service occupations,45,6,39
S01010774,7. Sales and customer service occupations,24,9,15
S01010774,8. Process plant and machine operatives,26,24,2
S01010774,9. Elementary occupations,32,15,17
S01010775,All people aged 16 to 74 in employment,377,194,183
S01010775,1. Managers directors and senior officials,25,17,8
S01010775,2. Professional occupations,44,12,32
S01010775,3. Associate professional and technical occupations,37,23,14
S01010775,4. Administrative and secretarial occupations,52,4,48
S01010775,5. Skilled trades occupations,77,70,7
S01010775,6. Caring leisure and other service occupations,44,5,39
S01010775,7. Sales and customer service occupations,27,5,22
S01010775,8. Process plant and machine operatives,36,36,0
S01010775,9. Elementary occupations,35,22,13
S01010776,All people aged 16 to 74 in employment,259,135,124
S01010776,1. Managers directors and senior officials,14,8,6
S01010776,2. Professional occupations,35,12,23
S01010776,3. Associate professional and technical occupations,30,22,8
S01010776,4. Administrative and secretarial occupations,21,2,19
S01010776,5. Skilled trades occupations,51,43,8
S01010776,6. Caring leisure and other service occupations,30,5,25
S01010776,7. Sales and customer service occupations,26,9,17
S01010776,8. Process plant and machine operatives,22,20,2
S01010776,9. Elementary occupations,30,14,16
S01010777,All people aged 16 to 74 in employment,227,112,115
S01010777,1. Managers directors and senior officials,14,8,6
S01010777,2. Professional occupations,17,10,7
S01010777,3. Associate professional and technical occupations,18,9,9
S01010777,4. Administrative and secretarial occupations,16,1,15
S01010777,5. Skilled trades occupations,35,32,3
S01010777,6. Caring leisure and other service occupations,33,5,28
S01010777,7. Sales and customer service occupations,33,12,21
S01010777,8. Process plant and machine operatives,18,17,1
S01010777,9. Elementary occupations,43,18,25
S01010778,All people aged 16 to 74 in employment,193,107,86
S01010778,1. Managers directors and senior officials,9,4,5
S01010778,2. Professional occupations,19,6,13
S01010778,3. Associate professional and technical occupations,14,7,7
S01010778,4. Administrative and secretarial occupations,9,0,9
S01010778,5. Skilled trades occupations,40,39,1
S01010778,6. Caring leisure and other service occupations,21,2,19
S01010778,7. Sales and customer service occupations,23,6,17
S01010778,8. Process plant and machine operatives,21,21,0
S01010778,9. Elementary occupations,37,22,15
S01010779,All people aged 16 to 74 in employment,304,162,142
S01010779,1. Managers directors and senior officials,21,13,8
S01010779,2. Professional occupations,36,19,17
S01010779,3. Associate professional and technical occupations,26,16,10
S01010779,4. Administrative and secretarial occupations,28,4,24
S01010779,5. Skilled trades occupations,44,36,8
S01010779,6. Caring leisure and other service occupations,36,5,31
S01010779,7. Sales and customer service occupations,34,17,17
S01010779,8. Process plant and machine operatives,28,25,3
S01010779,9. Elementary occupations,51,27,24
S01010780,All people aged 16 to 74 in employment,259,127,132
S01010780,1. Managers directors and senior officials,13,5,8
S01010780,2. Professional occupations,33,12,21
S01010780,3. Associate professional and technical occupations,25,13,12
S01010780,4. Administrative and secretarial occupations,25,2,23
S01010780,5. Skilled trades occupations,49,45,4
S01010780,6. Caring leisure and other service occupations,25,1,24
S01010780,7. Sales and customer service occupations,26,8,18
S01010780,8. Process plant and machine operatives,21,19,2
S01010780,9. Elementary occupations,42,22,20
S01010781,All people aged 16 to 74 in employment,409,221,188
S01010781,1. Managers directors and senior officials,41,27,14
S01010781,2. Professional occupations,65,27,38
S01010781,3. Associate professional and technical occupations,54,36,18
S01010781,4. Administrative and secretarial occupations,41,8,33
S01010781,5. Skilled trades occupations,63,57,6
S01010781,6. Caring leisure and other service occupations,39,5,34
S01010781,7. Sales and customer service occupations,33,12,21
S01010781,8. Process plant and machine operatives,27,26,1
S01010781,9. Elementary occupations,46,23,23
S01010782,All people aged 16 to 74 in employment,245,144,101
S01010782,1. Managers directors and senior officials,30,20,10
S01010782,2. Professional occupations,28,17,11
S01010782,3. Associate professional and technical occupations,21,14,7
S01010782,4. Administrative and secretarial occupations,24,6,18
S01010782,5. Skilled trades occupations,45,40,5
S01010782,6. Caring leisure and other service occupations,22,2,20
S01010782,7. Sales and customer service occupations,20,5,15
S01010782,8. Process plant and machine operatives,23,21,2
S01010782,9. Elementary occupations,32,19,13
S01010783,All people aged 16 to 74 in employment,241,140,101
S01010783,1. Managers directors and senior officials,7,4,3
S01010783,2. Professional occupations,18,9,9
S01010783,3. Associate professional and technical occupations,14,10,4
S01010783,4. Administrative and secretarial occupations,23,4,19
S01010783,5. Skilled trades occupations,60,54,6
S01010783,6. Caring leisure and other service occupations,17,3,14
S01010783,7. Sales and customer service occupations,32,11,21
S01010783,8. Process plant and machine operatives,37,32,5
S01010783,9. Elementary occupations,33,13,20
S01010784,All people aged 16 to 74 in employment,319,153,166
S01010784,1. Managers directors and senior officials,14,6,8
S01010784,2. Professional occupations,25,12,13
S01010784,3. Associate professional and technical occupations,19,10,9
S01010784,4. Administrative and secretarial occupations,24,4,20
S01010784,5. Skilled trades occupations,54,45,9
S01010784,6. Caring leisure and other service occupations,43,7,36
S01010784,7. Sales and customer service occupations,40,10,30
S01010784,8. Process plant and machine operatives,25,23,2
S01010784,9. Elementary occupations,75,36,39
S01010785,All people aged 16 to 74 in employment,359,202,157
S01010785,1. Managers directors and senior officials,32,21,11
S01010785,2. Professional occupations,64,27,37
S01010785,3. Associate professional and technical occupations,40,27,13
S01010785,4. Administrative and secretarial occupations,44,15,29
S01010785,5. Skilled trades occupations,60,57,3
S01010785,6. Caring leisure and other service occupations,26,5,21
S01010785,7. Sales and customer service occupations,35,9,26
S01010785,8. Process plant and machine operatives,28,25,3
S01010785,9. Elementary occupations,30,16,14
S01010786,All people aged 16 to 74 in employment,347,183,164
S01010786,1. Managers directors and senior officials,23,13,10
S01010786,2. Professional occupations,44,24,20
S01010786,3. Associate professional and technical occupations,40,28,12
S01010786,4. Administrative and secretarial occupations,47,8,39
S01010786,5. Skilled trades occupations,51,45,6
S01010786,6. Caring leisure and other service occupations,46,6,40
S01010786,7. Sales and customer service occupations,29,6,23
S01010786,8. Process plant and machine operatives,34,33,1
S01010786,9. Elementary occupations,33,20,13
S01010787,All people aged 16 to 74 in employment,446,257,189
S01010787,1. Managers directors and senior officials,41,19,22
S01010787,2. Professional occupations,59,25,34
S01010787,3. Associate professional and technical occupations,57,37,20
S01010787,4. Administrative and secretarial occupations,36,8,28
S01010787,5. Skilled trades occupations,110,96,14
S01010787,6. Caring leisure and other service occupations,39,4,35
S01010787,7. Sales and customer service occupations,32,11,21
S01010787,8. Process plant and machine operatives,32,30,2
S01010787,9. Elementary occupations,40,27,13
S01010788,All people aged 16 to 74 in employment,345,180,165
S01010788,1. Managers directors and senior officials,16,12,4
S01010788,2. Professional occupations,46,23,23
S01010788,3. Associate professional and technical occupations,34,21,13
S01010788,4. Administrative and secretarial occupations,43,3,40
S01010788,5. Skilled trades occupations,67,57,10
S01010788,6. Caring leisure and other service occupations,32,5,27
S01010788,7. Sales and customer service occupations,38,9,29
S01010788,8. Process plant and machine operatives,36,31,5
S01010788,9. Elementary occupations,33,19,14
S01010789,All people aged 16 to 74 in employment,352,190,162
S01010789,1. Managers directors and senior officials,21,11,10
S01010789,2. Professional occupations,43,17,26
S01010789,3. Associate professional and technical occupations,26,15,11
S01010789,4. Administrative and secretarial occupations,26,3,23
S01010789,5. Skilled trades occupations,97,86,11
S01010789,6. Caring leisure and other service occupations,38,3,35
S01010789,7. Sales and customer service occupations,25,5,20
S01010789,8. Process plant and machine operatives,25,24,1
S01010789,9. Elementary occupations,51,26,25
S01010790,All people aged 16 to 74 in employment,336,200,136
S01010790,1. Managers directors and senior officials,26,17,9
S01010790,2. Professional occupations,39,17,22
S01010790,3. Associate professional and technical occupations,33,24,9
S01010790,4. Administrative and secretarial occupations,34,1,33
S01010790,5. Skilled trades occupations,94,86,8
S01010790,6. Caring leisure and other service occupations,21,3,18
S01010790,7. Sales and customer service occupations,27,6,21
S01010790,8. Process plant and machine operatives,35,32,3
S01010790,9. Elementary occupations,27,14,13
S01010791,All people aged 16 to 74 in employment,394,215,179
S01010791,1. Managers directors and senior officials,51,30,21
S01010791,2. Professional occupations,60,33,27
S01010791,3. Associate professional and technical occupations,51,32,19
S01010791,4. Administrative and secretarial occupations,42,4,38
S01010791,5. Skilled trades occupations,74,61,13
S01010791,6. Caring leisure and other service occupations,31,3,28
S01010791,7. Sales and customer service occupations,21,9,12
S01010791,8. Process plant and machine operatives,31,27,4
S01010791,9. Elementary occupations,33,16,17
S01010792,All people aged 16 to 74 in employment,292,174,118
S01010792,1. Managers directors and senior officials,10,6,4
S01010792,2. Professional occupations,39,24,15
S01010792,3. Associate professional and technical occupations,27,15,12
S01010792,4. Administrative and secretarial occupations,23,3,20
S01010792,5. Skilled trades occupations,53,51,2
S01010792,6. Caring leisure and other service occupations,30,3,27
S01010792,7. Sales and customer service occupations,26,7,19
S01010792,8. Process plant and machine operatives,43,40,3
S01010792,9. Elementary occupations,41,25,16
S01010793,All people aged 16 to 74 in employment,337,187,150
S01010793,1. Managers directors and senior officials,26,20,6
S01010793,2. Professional occupations,52,19,33
S01010793,3. Associate professional and technical occupations,39,23,16
S01010793,4. Administrative and secretarial occupations,27,2,25
S01010793,5. Skilled trades occupations,70,61,9
S01010793,6. Caring leisure and other service occupations,29,3,26
S01010793,7. Sales and customer service occupations,19,5,14
S01010793,8. Process plant and machine operatives,39,29,10
S01010793,9. Elementary occupations,36,25,11
S01010794,All people aged 16 to 74 in employment,283,154,129
S01010794,1. Managers directors and senior officials,33,15,18
S01010794,2. Professional occupations,43,24,19
S01010794,3. Associate professional and technical occupations,40,28,12
S01010794,4. Administrative and secretarial occupations,26,5,21
S01010794,5. Skilled trades occupations,57,51,6
S01010794,6. Caring leisure and other service occupations,21,3,18
S01010794,7. Sales and customer service occupations,26,3,23
S01010794,8. Process plant and machine operatives,15,15,0
S01010794,9. Elementary occupations,22,10,12
S01010795,All people aged 16 to 74 in employment,443,240,203
S01010795,1. Managers directors and senior officials,33,21,12
S01010795,2. Professional occupations,70,32,38
S01010795,3. Associate professional and technical occupations,54,39,15
S01010795,4. Administrative and secretarial occupations,41,8,33
S01010795,5. Skilled trades occupations,87,76,11
S01010795,6. Caring leisure and other service occupations,48,4,44
S01010795,7. Sales and customer service occupations,34,11,23
S01010795,8. Process plant and machine operatives,37,29,8
S01010795,9. Elementary occupations,39,20,19
S01010796,All people aged 16 to 74 in employment,444,243,201
S01010796,1. Managers directors and senior officials,30,19,11
S01010796,2. Professional occupations,97,43,54
S01010796,3. Associate professional and technical occupations,46,21,25
S01010796,4. Administrative and secretarial occupations,41,7,34
S01010796,5. Skilled trades occupations,125,105,20
S01010796,6. Caring leisure and other service occupations,37,6,31
S01010796,7. Sales and customer service occupations,13,5,8
S01010796,8. Process plant and machine operatives,27,23,4
S01010796,9. Elementary occupations,28,14,14
S01010797,All people aged 16 to 74 in employment,429,234,195
S01010797,1. Managers directors and senior officials,42,25,17
S01010797,2. Professional occupations,81,39,42
S01010797,3. Associate professional and technical occupations,57,29,28
S01010797,4. Administrative and secretarial occupations,36,5,31
S01010797,5. Skilled trades occupations,98,87,11
S01010797,6. Caring leisure and other service occupations,32,5,27
S01010797,7. Sales and customer service occupations,21,2,19
S01010797,8. Process plant and machine operatives,28,26,2
S01010797,9. Elementary occupations,34,16,18
S01010798,All people aged 16 to 74 in employment,325,180,145
S01010798,1. Managers directors and senior officials,23,16,7
S01010798,2. Professional occupations,51,26,25
S01010798,3. Associate professional and technical occupations,43,27,16
S01010798,4. Administrative and secretarial occupations,30,3,27
S01010798,5. Skilled trades occupations,72,60,12
S01010798,6. Caring leisure and other service occupations,33,5,28
S01010798,7. Sales and customer service occupations,18,3,15
S01010798,8. Process plant and machine operatives,26,24,2
S01010798,9. Elementary occupations,29,16,13
S01010799,All people aged 16 to 74 in employment,421,219,202
S01010799,1. Managers directors and senior officials,27,16,11
S01010799,2. Professional occupations,88,45,43
S01010799,3. Associate professional and technical occupations,63,37,26
S01010799,4. Administrative and secretarial occupations,41,7,34
S01010799,5. Skilled trades occupations,59,55,4
S01010799,6. Caring leisure and other service occupations,34,3,31
S01010799,7. Sales and customer service occupations,38,10,28
S01010799,8. Process plant and machine operatives,27,24,3
S01010799,9. Elementary occupations,44,22,22
S01010800,All people aged 16 to 74 in employment,358,188,170
S01010800,1. Managers directors and senior officials,16,10,6
S01010800,2. Professional occupations,13,8,5
S01010800,3. Associate professional and technical occupations,36,17,19
S01010800,4. Administrative and secretarial occupations,34,4,30
S01010800,5. Skilled trades occupations,65,56,9
S01010800,6. Caring leisure and other service occupations,39,3,36
S01010800,7. Sales and customer service occupations,49,13,36
S01010800,8. Process plant and machine operatives,43,41,2
S01010800,9. Elementary occupations,63,36,27
S01010801,All people aged 16 to 74 in employment,326,165,161
S01010801,1. Managers directors and senior officials,18,9,9
S01010801,2. Professional occupations,35,16,19
S01010801,3. Associate professional and technical occupations,44,30,14
S01010801,4. Administrative and secretarial occupations,24,7,17
S01010801,5. Skilled trades occupations,51,42,9
S01010801,6. Caring leisure and other service occupations,43,4,39
S01010801,7. Sales and customer service occupations,37,9,28
S01010801,8. Process plant and machine operatives,28,25,3
S01010801,9. Elementary occupations,46,23,23
S01010802,All people aged 16 to 74 in employment,293,151,142
S01010802,1. Managers directors and senior officials,15,7,8
S01010802,2. Professional occupations,47,23,24
S01010802,3. Associate professional and technical occupations,44,28,16
S01010802,4. Administrative and secretarial occupations,23,2,21
S01010802,5. Skilled trades occupations,53,44,9
S01010802,6. Caring leisure and other service occupations,26,2,24
S01010802,7. Sales and customer service occupations,25,6,19
S01010802,8. Process plant and machine operatives,28,26,2
S01010802,9. Elementary occupations,32,13,19
S01010803,All people aged 16 to 74 in employment,253,128,125
S01010803,1. Managers directors and senior officials,21,8,13
S01010803,2. Professional occupations,29,16,13
S01010803,3. Associate professional and technical occupations,39,24,15
S01010803,4. Administrative and secretarial occupations,15,3,12
S01010803,5. Skilled trades occupations,41,33,8
S01010803,6. Caring leisure and other service occupations,25,2,23
S01010803,7. Sales and customer service occupations,33,8,25
S01010803,8. Process plant and machine operatives,25,24,1
S01010803,9. Elementary occupations,25,10,15
S01010804,All people aged 16 to 74 in employment,284,151,133
S01010804,1. Managers directors and senior officials,23,13,10
S01010804,2. Professional occupations,53,31,22
S01010804,3. Associate professional and technical occupations,50,33,17
S01010804,4. Administrative and secretarial occupations,32,6,26
S01010804,5. Skilled trades occupations,47,40,7
S01010804,6. Caring leisure and other service occupations,25,2,23
S01010804,7. Sales and customer service occupations,21,5,16
S01010804,8. Process plant and machine operatives,7,7,0
S01010804,9. Elementary occupations,26,14,12
S01010805,All people aged 16 to 74 in employment,417,224,193
S01010805,1. Managers directors and senior officials,42,24,18
S01010805,2. Professional occupations,65,31,34
S01010805,3. Associate professional and technical occupations,55,32,23
S01010805,4. Administrative and secretarial occupations,35,9,26
S01010805,5. Skilled trades occupations,64,57,7
S01010805,6. Caring leisure and other service occupations,39,5,34
S01010805,7. Sales and customer service occupations,45,17,28
S01010805,8. Process plant and machine operatives,33,32,1
S01010805,9. Elementary occupations,39,17,22
S01010806,All people aged 16 to 74 in employment,393,195,198
S01010806,1. Managers directors and senior officials,21,10,11
S01010806,2. Professional occupations,49,22,27
S01010806,3. Associate professional and technical occupations,49,31,18
S01010806,4. Administrative and secretarial occupations,31,4,27
S01010806,5. Skilled trades occupations,55,51,4
S01010806,6. Caring leisure and other service occupations,52,8,44
S01010806,7. Sales and customer service occupations,35,5,30
S01010806,8. Process plant and machine operatives,40,35,5
S01010806,9. Elementary occupations,61,29,32
S01010807,All people aged 16 to 74 in employment,276,149,127
S01010807,1. Managers directors and senior officials,19,9,10
S01010807,2. Professional occupations,29,17,12
S01010807,3. Associate professional and technical occupations,46,26,20
S01010807,4. Administrative and secretarial occupations,24,3,21
S01010807,5. Skilled trades occupations,49,45,4
S01010807,6. Caring leisure and other service occupations,27,1,26
S01010807,7. Sales and customer service occupations,26,6,20
S01010807,8. Process plant and machine operatives,31,28,3
S01010807,9. Elementary occupations,25,14,11
S01010808,All people aged 16 to 74 in employment,260,134,126
S01010808,1. Managers directors and senior officials,23,18,5
S01010808,2. Professional occupations,57,27,30
S01010808,3. Associate professional and technical occupations,42,22,20
S01010808,4. Administrative and secretarial occupations,23,4,19
S01010808,5. Skilled trades occupations,29,26,3
S01010808,6. Caring leisure and other service occupations,22,3,19
S01010808,7. Sales and customer service occupations,22,5,17
S01010808,8. Process plant and machine operatives,19,17,2
S01010808,9. Elementary occupations,23,12,11
S01010809,All people aged 16 to 74 in employment,410,224,186
S01010809,1. Managers directors and senior officials,41,24,17
S01010809,2. Professional occupations,73,40,33
S01010809,3. Associate professional and technical occupations,68,41,27
S01010809,4. Administrative and secretarial occupations,38,5,33
S01010809,5. Skilled trades occupations,63,56,7
S01010809,6. Caring leisure and other service occupations,28,9,19
S01010809,7. Sales and customer service occupations,34,6,28
S01010809,8. Process plant and machine operatives,29,26,3
S01010809,9. Elementary occupations,36,17,19
S01010810,All people aged 16 to 74 in employment,198,107,91
S01010810,1. Managers directors and senior officials,34,17,17
S01010810,2. Professional occupations,29,10,19
S01010810,3. Associate professional and technical occupations,20,9,11
S01010810,4. Administrative and secretarial occupations,13,1,12
S01010810,5. Skilled trades occupations,43,39,4
S01010810,6. Caring leisure and other service occupations,19,4,15
S01010810,7. Sales and customer service occupations,5,3,2
S01010810,8. Process plant and machine operatives,16,14,2
S01010810,9. Elementary occupations,19,10,9
S01010811,All people aged 16 to 74 in employment,432,244,188
S01010811,1. Managers directors and senior officials,49,27,22
S01010811,2. Professional occupations,74,41,33
S01010811,3. Associate professional and technical occupations,45,30,15
S01010811,4. Administrative and secretarial occupations,29,3,26
S01010811,5. Skilled trades occupations,93,74,19
S01010811,6. Caring leisure and other service occupations,56,5,51
S01010811,7. Sales and customer service occupations,11,3,8
S01010811,8. Process plant and machine operatives,40,38,2
S01010811,9. Elementary occupations,35,23,12
S01010812,All people aged 16 to 74 in employment,236,130,106
S01010812,1. Managers directors and senior officials,25,15,10
S01010812,2. Professional occupations,27,6,21
S01010812,3. Associate professional and technical occupations,21,11,10
S01010812,4. Administrative and secretarial occupations,16,5,11
S01010812,5. Skilled trades occupations,63,53,10
S01010812,6. Caring leisure and other service occupations,26,3,23
S01010812,7. Sales and customer service occupations,5,3,2
S01010812,8. Process plant and machine operatives,25,21,4
S01010812,9. Elementary occupations,28,13,15
S01010813,All people aged 16 to 74 in employment,271,150,121
S01010813,1. Managers directors and senior officials,42,22,20
S01010813,2. Professional occupations,13,2,11
S01010813,3. Associate professional and technical occupations,22,10,12
S01010813,4. Administrative and secretarial occupations,21,5,16
S01010813,5. Skilled trades occupations,78,63,15
S01010813,6. Caring leisure and other service occupations,30,6,24
S01010813,7. Sales and customer service occupations,12,2,10
S01010813,8. Process plant and machine operatives,17,15,2
S01010813,9. Elementary occupations,36,25,11
S01010814,All people aged 16 to 74 in employment,319,177,142
S01010814,1. Managers directors and senior officials,50,20,30
S01010814,2. Professional occupations,46,17,29
S01010814,3. Associate professional and technical occupations,26,20,6
S01010814,4. Administrative and secretarial occupations,22,3,19
S01010814,5. Skilled trades occupations,89,70,19
S01010814,6. Caring leisure and other service occupations,23,2,21
S01010814,7. Sales and customer service occupations,4,3,1
S01010814,8. Process plant and machine operatives,26,23,3
S01010814,9. Elementary occupations,33,19,14
S01010815,All people aged 16 to 74 in employment,240,138,102
S01010815,1. Managers directors and senior officials,29,20,9
S01010815,2. Professional occupations,33,17,16
S01010815,3. Associate professional and technical occupations,24,13,11
S01010815,4. Administrative and secretarial occupations,22,2,20
S01010815,5. Skilled trades occupations,55,52,3
S01010815,6. Caring leisure and other service occupations,33,5,28
S01010815,7. Sales and customer service occupations,5,2,3
S01010815,8. Process plant and machine operatives,16,15,1
S01010815,9. Elementary occupations,23,12,11
S01010816,All people aged 16 to 74 in employment,248,132,116
S01010816,1. Managers directors and senior officials,57,42,15
S01010816,2. Professional occupations,82,43,39
S01010816,3. Associate professional and technical occupations,34,17,17
S01010816,4. Administrative and secretarial occupations,21,5,16
S01010816,5. Skilled trades occupations,16,14,2
S01010816,6. Caring leisure and other service occupations,18,1,17
S01010816,7. Sales and customer service occupations,10,5,5
S01010816,8. Process plant and machine operatives,6,5,1
S01010816,9. Elementary occupations,4,0,4
S01010817,All people aged 16 to 74 in employment,408,210,198
S01010817,1. Managers directors and senior officials,65,44,21
S01010817,2. Professional occupations,141,71,70
S01010817,3. Associate professional and technical occupations,60,36,24
S01010817,4. Administrative and secretarial occupations,43,10,33
S01010817,5. Skilled trades occupations,23,17,6
S01010817,6. Caring leisure and other service occupations,29,2,27
S01010817,7. Sales and customer service occupations,16,9,7
S01010817,8. Process plant and machine operatives,15,12,3
S01010817,9. Elementary occupations,16,9,7
S01010818,All people aged 16 to 74 in employment,459,245,214
S01010818,1. Managers directors and senior officials,62,46,16
S01010818,2. Professional occupations,142,69,73
S01010818,3. Associate professional and technical occupations,86,56,30
S01010818,4. Administrative and secretarial occupations,42,6,36
S01010818,5. Skilled trades occupations,33,30,3
S01010818,6. Caring leisure and other service occupations,33,8,25
S01010818,7. Sales and customer service occupations,25,5,20
S01010818,8. Process plant and machine operatives,20,18,2
S01010818,9. Elementary occupations,16,7,9
S01010819,All people aged 16 to 74 in employment,358,181,177
S01010819,1. Managers directors and senior officials,38,26,12
S01010819,2. Professional occupations,73,30,43
S01010819,3. Associate professional and technical occupations,52,29,23
S01010819,4. Administrative and secretarial occupations,36,3,33
S01010819,5. Skilled trades occupations,39,36,3
S01010819,6. Caring leisure and other service occupations,43,9,34
S01010819,7. Sales and customer service occupations,31,18,13
S01010819,8. Process plant and machine operatives,21,18,3
S01010819,9. Elementary occupations,25,12,13
S01010820,All people aged 16 to 74 in employment,260,130,130
S01010820,1. Managers directors and senior officials,40,28,12
S01010820,2. Professional occupations,69,33,36
S01010820,3. Associate professional and technical occupations,28,12,16
S01010820,4. Administrative and secretarial occupations,29,5,24
S01010820,5. Skilled trades occupations,33,26,7
S01010820,6. Caring leisure and other service occupations,23,5,18
S01010820,7. Sales and customer service occupations,16,7,9
S01010820,8. Process plant and machine operatives,9,7,2
S01010820,9. Elementary occupations,13,7,6
S01010821,All people aged 16 to 74 in employment,256,130,126
S01010821,1. Managers directors and senior officials,46,34,12
S01010821,2. Professional occupations,73,31,42
S01010821,3. Associate professional and technical occupations,46,25,21
S01010821,4. Administrative and secretarial occupations,13,3,10
S01010821,5. Skilled trades occupations,23,21,2
S01010821,6. Caring leisure and other service occupations,22,3,19
S01010821,7. Sales and customer service occupations,13,3,10
S01010821,8. Process plant and machine operatives,4,4,0
S01010821,9. Elementary occupations,16,6,10
S01010822,All people aged 16 to 74 in employment,350,180,170
S01010822,1. Managers directors and senior officials,52,34,18
S01010822,2. Professional occupations,105,56,49
S01010822,3. Associate professional and technical occupations,70,34,36
S01010822,4. Administrative and secretarial occupations,21,2,19
S01010822,5. Skilled trades occupations,32,27,5
S01010822,6. Caring leisure and other service occupations,31,6,25
S01010822,7. Sales and customer service occupations,13,6,7
S01010822,8. Process plant and machine operatives,5,3,2
S01010822,9. Elementary occupations,21,12,9
S01010823,All people aged 16 to 74 in employment,236,112,124
S01010823,1. Managers directors and senior officials,16,10,6
S01010823,2. Professional occupations,25,12,13
S01010823,3. Associate professional and technical occupations,37,18,19
S01010823,4. Administrative and secretarial occupations,31,5,26
S01010823,5. Skilled trades occupations,32,30,2
S01010823,6. Caring leisure and other service occupations,28,8,20
S01010823,7. Sales and customer service occupations,30,6,24
S01010823,8. Process plant and machine operatives,14,12,2
S01010823,9. Elementary occupations,23,11,12
S01010824,All people aged 16 to 74 in employment,403,207,196
S01010824,1. Managers directors and senior officials,38,23,15
S01010824,2. Professional occupations,84,38,46
S01010824,3. Associate professional and technical occupations,87,51,36
S01010824,4. Administrative and secretarial occupations,54,12,42
S01010824,5. Skilled trades occupations,38,34,4
S01010824,6. Caring leisure and other service occupations,32,5,27
S01010824,7. Sales and customer service occupations,24,13,11
S01010824,8. Process plant and machine operatives,22,19,3
S01010824,9. Elementary occupations,24,12,12
S01010825,All people aged 16 to 74 in employment,191,95,96
S01010825,1. Managers directors and senior officials,18,12,6
S01010825,2. Professional occupations,44,18,26
S01010825,3. Associate professional and technical occupations,39,22,17
S01010825,4. Administrative and secretarial occupations,22,2,20
S01010825,5. Skilled trades occupations,18,17,1
S01010825,6. Caring leisure and other service occupations,8,2,6
S01010825,7. Sales and customer service occupations,11,3,8
S01010825,8. Process plant and machine operatives,12,12,0
S01010825,9. Elementary occupations,19,7,12
S01010826,All people aged 16 to 74 in employment,350,181,169
S01010826,1. Managers directors and senior officials,44,29,15
S01010826,2. Professional occupations,81,38,43
S01010826,3. Associate professional and technical occupations,52,38,14
S01010826,4. Administrative and secretarial occupations,42,7,35
S01010826,5. Skilled trades occupations,35,30,5
S01010826,6. Caring leisure and other service occupations,25,7,18
S01010826,7. Sales and customer service occupations,36,12,24
S01010826,8. Process plant and machine operatives,16,15,1
S01010826,9. Elementary occupations,19,5,14
S01010827,All people aged 16 to 74 in employment,343,163,180
S01010827,1. Managers directors and senior officials,32,22,10
S01010827,2. Professional occupations,46,20,26
S01010827,3. Associate professional and technical occupations,53,29,24
S01010827,4. Administrative and secretarial occupations,64,10,54
S01010827,5. Skilled trades occupations,38,35,3
S01010827,6. Caring leisure and other service occupations,31,6,25
S01010827,7. Sales and customer service occupations,33,13,20
S01010827,8. Process plant and machine operatives,16,16,0
S01010827,9. Elementary occupations,30,12,18
S01010828,All people aged 16 to 74 in employment,699,351,348
S01010828,1. Managers directors and senior officials,78,51,27
S01010828,2. Professional occupations,145,76,69
S01010828,3. Associate professional and technical occupations,131,76,55
S01010828,4. Administrative and secretarial occupations,90,21,69
S01010828,5. Skilled trades occupations,57,54,3
S01010828,6. Caring leisure and other service occupations,73,14,59
S01010828,7. Sales and customer service occupations,57,16,41
S01010828,8. Process plant and machine operatives,28,28,0
S01010828,9. Elementary occupations,40,15,25
S01010829,All people aged 16 to 74 in employment,455,238,217
S01010829,1. Managers directors and senior officials,46,31,15
S01010829,2. Professional occupations,104,47,57
S01010829,3. Associate professional and technical occupations,80,56,24
S01010829,4. Administrative and secretarial occupations,59,14,45
S01010829,5. Skilled trades occupations,37,36,1
S01010829,6. Caring leisure and other service occupations,34,3,31
S01010829,7. Sales and customer service occupations,41,11,30
S01010829,8. Process plant and machine operatives,27,26,1
S01010829,9. Elementary occupations,27,14,13
S01010830,All people aged 16 to 74 in employment,296,153,143
S01010830,1. Managers directors and senior officials,18,13,5
S01010830,2. Professional occupations,50,23,27
S01010830,3. Associate professional and technical occupations,45,31,14
S01010830,4. Administrative and secretarial occupations,45,8,37
S01010830,5. Skilled trades occupations,31,30,1
S01010830,6. Caring leisure and other service occupations,22,5,17
S01010830,7. Sales and customer service occupations,29,10,19
S01010830,8. Process plant and machine operatives,22,19,3
S01010830,9. Elementary occupations,34,14,20
S01010831,All people aged 16 to 74 in employment,353,178,175
S01010831,1. Managers directors and senior officials,37,22,15
S01010831,2. Professional occupations,60,30,30
S01010831,3. Associate professional and technical occupations,70,48,22
S01010831,4. Administrative and secretarial occupations,39,10,29
S01010831,5. Skilled trades occupations,36,34,2
S01010831,6. Caring leisure and other service occupations,30,1,29
S01010831,7. Sales and customer service occupations,29,3,26
S01010831,8. Process plant and machine operatives,23,17,6
S01010831,9. Elementary occupations,29,13,16
S01010832,All people aged 16 to 74 in employment,428,210,218
S01010832,1. Managers directors and senior officials,29,14,15
S01010832,2. Professional occupations,56,17,39
S01010832,3. Associate professional and technical occupations,59,28,31
S01010832,4. Administrative and secretarial occupations,50,11,39
S01010832,5. Skilled trades occupations,58,53,5
S01010832,6. Caring leisure and other service occupations,58,14,44
S01010832,7. Sales and customer service occupations,42,19,23
S01010832,8. Process plant and machine operatives,24,23,1
S01010832,9. Elementary occupations,52,31,21
S01010833,All people aged 16 to 74 in employment,505,270,235
S01010833,1. Managers directors and senior officials,55,38,17
S01010833,2. Professional occupations,144,73,71
S01010833,3. Associate professional and technical occupations,81,52,29
S01010833,4. Administrative and secretarial occupations,53,6,47
S01010833,5. Skilled trades occupations,42,39,3
S01010833,6. Caring leisure and other service occupations,28,5,23
S01010833,7. Sales and customer service occupations,38,16,22
S01010833,8. Process plant and machine operatives,27,23,4
S01010833,9. Elementary occupations,37,18,19
S01010834,All people aged 16 to 74 in employment,441,227,214
S01010834,1. Managers directors and senior officials,43,24,19
S01010834,2. Professional occupations,119,59,60
S01010834,3. Associate professional and technical occupations,82,50,32
S01010834,4. Administrative and secretarial occupations,67,14,53
S01010834,5. Skilled trades occupations,42,36,6
S01010834,6. Caring leisure and other service occupations,30,12,18
S01010834,7. Sales and customer service occupations,27,12,15
S01010834,8. Process plant and machine operatives,9,9,0
S01010834,9. Elementary occupations,22,11,11
S01010835,All people aged 16 to 74 in employment,314,160,154
S01010835,1. Managers directors and senior officials,34,22,12
S01010835,2. Professional occupations,77,37,40
S01010835,3. Associate professional and technical occupations,55,35,20
S01010835,4. Administrative and secretarial occupations,46,10,36
S01010835,5. Skilled trades occupations,20,20,0
S01010835,6. Caring leisure and other service occupations,24,6,18
S01010835,7. Sales and customer service occupations,19,7,12
S01010835,8. Process plant and machine operatives,13,9,4
S01010835,9. Elementary occupations,26,14,12
S01010836,All people aged 16 to 74 in employment,391,200,191
S01010836,1. Managers directors and senior officials,36,23,13
S01010836,2. Professional occupations,113,51,62
S01010836,3. Associate professional and technical occupations,62,39,23
S01010836,4. Administrative and secretarial occupations,40,7,33
S01010836,5. Skilled trades occupations,40,35,5
S01010836,6. Caring leisure and other service occupations,29,3,26
S01010836,7. Sales and customer service occupations,27,8,19
S01010836,8. Process plant and machine operatives,16,13,3
S01010836,9. Elementary occupations,28,21,7
S01010837,All people aged 16 to 74 in employment,288,141,147
S01010837,1. Managers directors and senior officials,18,13,5
S01010837,2. Professional occupations,40,12,28
S01010837,3. Associate professional and technical occupations,39,23,16
S01010837,4. Administrative and secretarial occupations,47,14,33
S01010837,5. Skilled trades occupations,28,28,0
S01010837,6. Caring leisure and other service occupations,28,5,23
S01010837,7. Sales and customer service occupations,34,12,22
S01010837,8. Process plant and machine operatives,18,18,0
S01010837,9. Elementary occupations,36,16,20
S01010838,All people aged 16 to 74 in employment,417,209,208
S01010838,1. Managers directors and senior officials,24,17,7
S01010838,2. Professional occupations,59,17,42
S01010838,3. Associate professional and technical occupations,54,35,19
S01010838,4. Administrative and secretarial occupations,43,8,35
S01010838,5. Skilled trades occupations,46,44,2
S01010838,6. Caring leisure and other service occupations,47,7,40
S01010838,7. Sales and customer service occupations,57,22,35
S01010838,8. Process plant and machine operatives,42,35,7
S01010838,9. Elementary occupations,45,24,21
S01010839,All people aged 16 to 74 in employment,312,156,156
S01010839,1. Managers directors and senior officials,26,19,7
S01010839,2. Professional occupations,54,25,29
S01010839,3. Associate professional and technical occupations,44,31,13
S01010839,4. Administrative and secretarial occupations,53,9,44
S01010839,5. Skilled trades occupations,31,30,1
S01010839,6. Caring leisure and other service occupations,33,4,29
S01010839,7. Sales and customer service occupations,31,11,20
S01010839,8. Process plant and machine operatives,16,14,2
S01010839,9. Elementary occupations,24,13,11
S01010840,All people aged 16 to 74 in employment,229,120,109
S01010840,1. Managers directors and senior officials,19,14,5
S01010840,2. Professional occupations,46,15,31
S01010840,3. Associate professional and technical occupations,45,32,13
S01010840,4. Administrative and secretarial occupations,20,7,13
S01010840,5. Skilled trades occupations,24,22,2
S01010840,6. Caring leisure and other service occupations,18,1,17
S01010840,7. Sales and customer service occupations,28,11,17
S01010840,8. Process plant and machine operatives,10,8,2
S01010840,9. Elementary occupations,19,10,9
S01010841,All people aged 16 to 74 in employment,380,200,180
S01010841,1. Managers directors and senior officials,33,18,15
S01010841,2. Professional occupations,87,43,44
S01010841,3. Associate professional and technical occupations,60,39,21
S01010841,4. Administrative and secretarial occupations,50,16,34
S01010841,5. Skilled trades occupations,40,36,4
S01010841,6. Caring leisure and other service occupations,39,13,26
S01010841,7. Sales and customer service occupations,37,12,25
S01010841,8. Process plant and machine operatives,17,12,5
S01010841,9. Elementary occupations,17,11,6
S01010842,All people aged 16 to 74 in employment,321,166,155
S01010842,1. Managers directors and senior officials,14,5,9
S01010842,2. Professional occupations,53,29,24
S01010842,3. Associate professional and technical occupations,46,28,18
S01010842,4. Administrative and secretarial occupations,40,7,33
S01010842,5. Skilled trades occupations,34,28,6
S01010842,6. Caring leisure and other service occupations,31,8,23
S01010842,7. Sales and customer service occupations,45,21,24
S01010842,8. Process plant and machine operatives,22,17,5
S01010842,9. Elementary occupations,36,23,13
S01010843,All people aged 16 to 74 in employment,273,136,137
S01010843,1. Managers directors and senior officials,21,7,14
S01010843,2. Professional occupations,42,11,31
S01010843,3. Associate professional and technical occupations,39,23,16
S01010843,4. Administrative and secretarial occupations,34,7,27
S01010843,5. Skilled trades occupations,38,38,0
S01010843,6. Caring leisure and other service occupations,26,5,21
S01010843,7. Sales and customer service occupations,32,15,17
S01010843,8. Process plant and machine operatives,20,19,1
S01010843,9. Elementary occupations,21,11,10
S01010844,All people aged 16 to 74 in employment,332,170,162
S01010844,1. Managers directors and senior officials,25,16,9
S01010844,2. Professional occupations,74,38,36
S01010844,3. Associate professional and technical occupations,55,35,20
S01010844,4. Administrative and secretarial occupations,52,11,41
S01010844,5. Skilled trades occupations,41,38,3
S01010844,6. Caring leisure and other service occupations,29,1,28
S01010844,7. Sales and customer service occupations,25,10,15
S01010844,8. Process plant and machine operatives,4,3,1
S01010844,9. Elementary occupations,27,18,9
S01010845,All people aged 16 to 74 in employment,290,152,138
S01010845,1. Managers directors and senior officials,18,12,6
S01010845,2. Professional occupations,49,20,29
S01010845,3. Associate professional and technical occupations,49,33,16
S01010845,4. Administrative and secretarial occupations,39,6,33
S01010845,5. Skilled trades occupations,32,27,5
S01010845,6. Caring leisure and other service occupations,25,6,19
S01010845,7. Sales and customer service occupations,29,13,16
S01010845,8. Process plant and machine operatives,18,17,1
S01010845,9. Elementary occupations,31,18,13
S01010846,All people aged 16 to 74 in employment,380,186,194
S01010846,1. Managers directors and senior officials,20,14,6
S01010846,2. Professional occupations,32,13,19
S01010846,3. Associate professional and technical occupations,36,18,18
S01010846,4. Administrative and secretarial occupations,33,7,26
S01010846,5. Skilled trades occupations,57,53,4
S01010846,6. Caring leisure and other service occupations,53,8,45
S01010846,7. Sales and customer service occupations,51,21,30
S01010846,8. Process plant and machine operatives,31,25,6
S01010846,9. Elementary occupations,67,27,40
S01010847,All people aged 16 to 74 in employment,369,179,190
S01010847,1. Managers directors and senior officials,25,12,13
S01010847,2. Professional occupations,76,24,52
S01010847,3. Associate professional and technical occupations,59,38,21
S01010847,4. Administrative and secretarial occupations,58,12,46
S01010847,5. Skilled trades occupations,41,39,2
S01010847,6. Caring leisure and other service occupations,29,6,23
S01010847,7. Sales and customer service occupations,30,8,22
S01010847,8. Process plant and machine operatives,26,25,1
S01010847,9. Elementary occupations,25,15,10
S01010848,All people aged 16 to 74 in employment,270,139,131
S01010848,1. Managers directors and senior officials,6,4,2
S01010848,2. Professional occupations,20,8,12
S01010848,3. Associate professional and technical occupations,22,11,11
S01010848,4. Administrative and secretarial occupations,20,9,11
S01010848,5. Skilled trades occupations,28,27,1
S01010848,6. Caring leisure and other service occupations,46,10,36
S01010848,7. Sales and customer service occupations,31,8,23
S01010848,8. Process plant and machine operatives,28,25,3
S01010848,9. Elementary occupations,69,37,32
S01010849,All people aged 16 to 74 in employment,366,163,203
S01010849,1. Managers directors and senior officials,11,7,4
S01010849,2. Professional occupations,25,9,16
S01010849,3. Associate professional and technical occupations,33,19,14
S01010849,4. Administrative and secretarial occupations,34,4,30
S01010849,5. Skilled trades occupations,47,41,6
S01010849,6. Caring leisure and other service occupations,48,9,39
S01010849,7. Sales and customer service occupations,43,9,34
S01010849,8. Process plant and machine operatives,37,28,9
S01010849,9. Elementary occupations,88,37,51
S01010850,All people aged 16 to 74 in employment,296,138,158
S01010850,1. Managers directors and senior officials,9,4,5
S01010850,2. Professional occupations,15,3,12
S01010850,3. Associate professional and technical occupations,23,16,7
S01010850,4. Administrative and secretarial occupations,17,2,15
S01010850,5. Skilled trades occupations,39,33,6
S01010850,6. Caring leisure and other service occupations,38,4,34
S01010850,7. Sales and customer service occupations,42,14,28
S01010850,8. Process plant and machine operatives,38,28,10
S01010850,9. Elementary occupations,75,34,41
S01010851,All people aged 16 to 74 in employment,332,143,189
S01010851,1. Managers directors and senior officials,14,7,7
S01010851,2. Professional occupations,25,6,19
S01010851,3. Associate professional and technical occupations,35,18,17
S01010851,4. Administrative and secretarial occupations,36,10,26
S01010851,5. Skilled trades occupations,22,22,0
S01010851,6. Caring leisure and other service occupations,42,9,33
S01010851,7. Sales and customer service occupations,48,15,33
S01010851,8. Process plant and machine operatives,35,26,9
S01010851,9. Elementary occupations,75,30,45
S01010852,All people aged 16 to 74 in employment,334,163,171
S01010852,1. Managers directors and senior officials,12,5,7
S01010852,2. Professional occupations,24,9,15
S01010852,3. Associate professional and technical occupations,26,17,9
S01010852,4. Administrative and secretarial occupations,43,14,29
S01010852,5. Skilled trades occupations,46,43,3
S01010852,6. Caring leisure and other service occupations,38,8,30
S01010852,7. Sales and customer service occupations,45,14,31
S01010852,8. Process plant and machine operatives,36,32,4
S01010852,9. Elementary occupations,64,21,43
S01010853,All people aged 16 to 74 in employment,420,202,218
S01010853,1. Managers directors and senior officials,24,13,11
S01010853,2. Professional occupations,38,15,23
S01010853,3. Associate professional and technical occupations,40,26,14
S01010853,4. Administrative and secretarial occupations,51,9,42
S01010853,5. Skilled trades occupations,48,44,4
S01010853,6. Caring leisure and other service occupations,54,9,45
S01010853,7. Sales and customer service occupations,55,21,34
S01010853,8. Process plant and machine operatives,44,36,8
S01010853,9. Elementary occupations,66,29,37
S01010854,All people aged 16 to 74 in employment,379,174,205
S01010854,1. Managers directors and senior officials,12,6,6
S01010854,2. Professional occupations,31,15,16
S01010854,3. Associate professional and technical occupations,33,19,14
S01010854,4. Administrative and secretarial occupations,36,11,25
S01010854,5. Skilled trades occupations,43,39,4
S01010854,6. Caring leisure and other service occupations,65,14,51
S01010854,7. Sales and customer service occupations,48,13,35
S01010854,8. Process plant and machine operatives,29,25,4
S01010854,9. Elementary occupations,82,32,50
S01010855,All people aged 16 to 74 in employment,242,118,124
S01010855,1. Managers directors and senior officials,7,3,4
S01010855,2. Professional occupations,12,3,9
S01010855,3. Associate professional and technical occupations,12,6,6
S01010855,4. Administrative and secretarial occupations,21,6,15
S01010855,5. Skilled trades occupations,32,30,2
S01010855,6. Caring leisure and other service occupations,44,7,37
S01010855,7. Sales and customer service occupations,43,19,24
S01010855,8. Process plant and machine operatives,23,20,3
S01010855,9. Elementary occupations,48,24,24
S01010856,All people aged 16 to 74 in employment,333,170,163
S01010856,1. Managers directors and senior officials,15,9,6
S01010856,2. Professional occupations,31,7,24
S01010856,3. Associate professional and technical occupations,27,15,12
S01010856,4. Administrative and secretarial occupations,35,10,25
S01010856,5. Skilled trades occupations,40,37,3
S01010856,6. Caring leisure and other service occupations,47,8,39
S01010856,7. Sales and customer service occupations,34,16,18
S01010856,8. Process plant and machine operatives,35,33,2
S01010856,9. Elementary occupations,69,35,34
S01010857,All people aged 16 to 74 in employment,425,194,231
S01010857,1. Managers directors and senior officials,14,8,6
S01010857,2. Professional occupations,66,31,35
S01010857,3. Associate professional and technical occupations,52,32,20
S01010857,4. Administrative and secretarial occupations,64,18,46
S01010857,5. Skilled trades occupations,51,47,4
S01010857,6. Caring leisure and other service occupations,59,9,50
S01010857,7. Sales and customer service occupations,50,9,41
S01010857,8. Process plant and machine operatives,29,23,6
S01010857,9. Elementary occupations,40,17,23
S01010858,All people aged 16 to 74 in employment,303,156,147
S01010858,1. Managers directors and senior officials,6,4,2
S01010858,2. Professional occupations,28,8,20
S01010858,3. Associate professional and technical occupations,29,18,11
S01010858,4. Administrative and secretarial occupations,21,3,18
S01010858,5. Skilled trades occupations,42,41,1
S01010858,6. Caring leisure and other service occupations,50,9,41
S01010858,7. Sales and customer service occupations,43,13,30
S01010858,8. Process plant and machine operatives,25,21,4
S01010858,9. Elementary occupations,59,39,20
S01010859,All people aged 16 to 74 in employment,287,146,141
S01010859,1. Managers directors and senior officials,13,7,6
S01010859,2. Professional occupations,20,5,15
S01010859,3. Associate professional and technical occupations,24,17,7
S01010859,4. Administrative and secretarial occupations,18,7,11
S01010859,5. Skilled trades occupations,36,34,2
S01010859,6. Caring leisure and other service occupations,47,9,38
S01010859,7. Sales and customer service occupations,44,18,26
S01010859,8. Process plant and machine operatives,29,26,3
S01010859,9. Elementary occupations,56,23,33
S01010860,All people aged 16 to 74 in employment,279,124,155
S01010860,1. Managers directors and senior officials,13,6,7
S01010860,2. Professional occupations,26,8,18
S01010860,3. Associate professional and technical occupations,25,15,10
S01010860,4. Administrative and secretarial occupations,33,5,28
S01010860,5. Skilled trades occupations,32,28,4
S01010860,6. Caring leisure and other service occupations,34,0,34
S01010860,7. Sales and customer service occupations,41,16,25
S01010860,8. Process plant and machine operatives,25,19,6
S01010860,9. Elementary occupations,50,27,23
S01010861,All people aged 16 to 74 in employment,244,120,124
S01010861,1. Managers directors and senior officials,17,14,3
S01010861,2. Professional occupations,21,5,16
S01010861,3. Associate professional and technical occupations,24,17,7
S01010861,4. Administrative and secretarial occupations,27,2,25
S01010861,5. Skilled trades occupations,18,16,2
S01010861,6. Caring leisure and other service occupations,36,9,27
S01010861,7. Sales and customer service occupations,29,13,16
S01010861,8. Process plant and machine operatives,18,15,3
S01010861,9. Elementary occupations,54,29,25
S01010862,All people aged 16 to 74 in employment,176,90,86
S01010862,1. Managers directors and senior officials,8,5,3
S01010862,2. Professional occupations,14,6,8
S01010862,3. Associate professional and technical occupations,9,8,1
S01010862,4. Administrative and secretarial occupations,13,5,8
S01010862,5. Skilled trades occupations,14,14,0
S01010862,6. Caring leisure and other service occupations,32,5,27
S01010862,7. Sales and customer service occupations,29,11,18
S01010862,8. Process plant and machine operatives,13,12,1
S01010862,9. Elementary occupations,44,24,20
S01010863,All people aged 16 to 74 in employment,345,174,171
S01010863,1. Managers directors and senior officials,30,20,10
S01010863,2. Professional occupations,78,36,42
S01010863,3. Associate professional and technical occupations,53,38,15
S01010863,4. Administrative and secretarial occupations,40,9,31
S01010863,5. Skilled trades occupations,21,21,0
S01010863,6. Caring leisure and other service occupations,33,11,22
S01010863,7. Sales and customer service occupations,41,12,29
S01010863,8. Process plant and machine operatives,13,10,3
S01010863,9. Elementary occupations,36,17,19
S01010864,All people aged 16 to 74 in employment,290,149,141
S01010864,1. Managers directors and senior officials,23,16,7
S01010864,2. Professional occupations,93,33,60
S01010864,3. Associate professional and technical occupations,39,25,14
S01010864,4. Administrative and secretarial occupations,42,11,31
S01010864,5. Skilled trades occupations,28,28,0
S01010864,6. Caring leisure and other service occupations,16,5,11
S01010864,7. Sales and customer service occupations,18,7,11
S01010864,8. Process plant and machine operatives,11,10,1
S01010864,9. Elementary occupations,20,14,6
S01010865,All people aged 16 to 74 in employment,301,159,142
S01010865,1. Managers directors and senior officials,37,23,14
S01010865,2. Professional occupations,95,55,40
S01010865,3. Associate professional and technical occupations,42,27,15
S01010865,4. Administrative and secretarial occupations,36,6,30
S01010865,5. Skilled trades occupations,24,22,2
S01010865,6. Caring leisure and other service occupations,27,4,23
S01010865,7. Sales and customer service occupations,17,10,7
S01010865,8. Process plant and machine operatives,3,3,0
S01010865,9. Elementary occupations,20,9,11
S01010866,All people aged 16 to 74 in employment,267,141,126
S01010866,1. Managers directors and senior officials,30,20,10
S01010866,2. Professional occupations,76,39,37
S01010866,3. Associate professional and technical occupations,50,28,22
S01010866,4. Administrative and secretarial occupations,28,6,22
S01010866,5. Skilled trades occupations,20,19,1
S01010866,6. Caring leisure and other service occupations,19,2,17
S01010866,7. Sales and customer service occupations,20,10,10
S01010866,8. Process plant and machine operatives,7,6,1
S01010866,9. Elementary occupations,17,11,6
S01010867,All people aged 16 to 74 in employment,297,156,141
S01010867,1. Managers directors and senior officials,46,28,18
S01010867,2. Professional occupations,70,32,38
S01010867,3. Associate professional and technical occupations,45,24,21
S01010867,4. Administrative and secretarial occupations,25,6,19
S01010867,5. Skilled trades occupations,23,22,1
S01010867,6. Caring leisure and other service occupations,26,10,16
S01010867,7. Sales and customer service occupations,27,11,16
S01010867,8. Process plant and machine operatives,12,9,3
S01010867,9. Elementary occupations,23,14,9
S01010868,All people aged 16 to 74 in employment,337,162,175
S01010868,1. Managers directors and senior officials,22,13,9
S01010868,2. Professional occupations,88,40,48
S01010868,3. Associate professional and technical occupations,59,31,28
S01010868,4. Administrative and secretarial occupations,43,13,30
S01010868,5. Skilled trades occupations,23,22,1
S01010868,6. Caring leisure and other service occupations,24,6,18
S01010868,7. Sales and customer service occupations,41,13,28
S01010868,8. Process plant and machine operatives,8,6,2
S01010868,9. Elementary occupations,29,18,11
S01010869,All people aged 16 to 74 in employment,374,188,186
S01010869,1. Managers directors and senior officials,40,32,8
S01010869,2. Professional occupations,108,48,60
S01010869,3. Associate professional and technical occupations,45,24,21
S01010869,4. Administrative and secretarial occupations,56,11,45
S01010869,5. Skilled trades occupations,34,34,0
S01010869,6. Caring leisure and other service occupations,34,12,22
S01010869,7. Sales and customer service occupations,31,13,18
S01010869,8. Process plant and machine operatives,8,8,0
S01010869,9. Elementary occupations,18,6,12
S01010870,All people aged 16 to 74 in employment,381,186,195
S01010870,1. Managers directors and senior officials,30,20,10
S01010870,2. Professional occupations,85,36,49
S01010870,3. Associate professional and technical occupations,65,42,23
S01010870,4. Administrative and secretarial occupations,50,13,37
S01010870,5. Skilled trades occupations,26,21,5
S01010870,6. Caring leisure and other service occupations,30,4,26
S01010870,7. Sales and customer service occupations,56,23,33
S01010870,8. Process plant and machine operatives,17,13,4
S01010870,9. Elementary occupations,22,14,8
S01010871,All people aged 16 to 74 in employment,424,211,213
S01010871,1. Managers directors and senior officials,41,21,20
S01010871,2. Professional occupations,100,34,66
S01010871,3. Associate professional and technical occupations,63,42,21
S01010871,4. Administrative and secretarial occupations,49,10,39
S01010871,5. Skilled trades occupations,39,38,1
S01010871,6. Caring leisure and other service occupations,39,7,32
S01010871,7. Sales and customer service occupations,37,16,21
S01010871,8. Process plant and machine operatives,21,18,3
S01010871,9. Elementary occupations,35,25,10
S01010872,All people aged 16 to 74 in employment,353,174,179
S01010872,1. Managers directors and senior officials,22,13,9
S01010872,2. Professional occupations,58,22,36
S01010872,3. Associate professional and technical occupations,44,29,15
S01010872,4. Administrative and secretarial occupations,52,7,45
S01010872,5. Skilled trades occupations,41,37,4
S01010872,6. Caring leisure and other service occupations,39,7,32
S01010872,7. Sales and customer service occupations,32,9,23
S01010872,8. Process plant and machine operatives,27,25,2
S01010872,9. Elementary occupations,38,25,13
S01010873,All people aged 16 to 74 in employment,175,85,90
S01010873,1. Managers directors and senior officials,6,3,3
S01010873,2. Professional occupations,11,4,7
S01010873,3. Associate professional and technical occupations,24,18,6
S01010873,4. Administrative and secretarial occupations,16,4,12
S01010873,5. Skilled trades occupations,14,14,0
S01010873,6. Caring leisure and other service occupations,26,6,20
S01010873,7. Sales and customer service occupations,26,7,19
S01010873,8. Process plant and machine operatives,18,16,2
S01010873,9. Elementary occupations,34,13,21
S01010874,All people aged 16 to 74 in employment,403,203,200
S01010874,1. Managers directors and senior officials,28,18,10
S01010874,2. Professional occupations,99,37,62
S01010874,3. Associate professional and technical occupations,59,38,21
S01010874,4. Administrative and secretarial occupations,55,19,36
S01010874,5. Skilled trades occupations,41,38,3
S01010874,6. Caring leisure and other service occupations,36,9,27
S01010874,7. Sales and customer service occupations,41,16,25
S01010874,8. Process plant and machine operatives,16,14,2
S01010874,9. Elementary occupations,28,14,14
S01010875,All people aged 16 to 74 in employment,273,132,141
S01010875,1. Managers directors and senior officials,21,9,12
S01010875,2. Professional occupations,43,18,25
S01010875,3. Associate professional and technical occupations,42,28,14
S01010875,4. Administrative and secretarial occupations,27,6,21
S01010875,5. Skilled trades occupations,24,22,2
S01010875,6. Caring leisure and other service occupations,32,7,25
S01010875,7. Sales and customer service occupations,39,9,30
S01010875,8. Process plant and machine operatives,10,8,2
S01010875,9. Elementary occupations,35,25,10
S01010876,All people aged 16 to 74 in employment,328,144,184
S01010876,1. Managers directors and senior officials,18,10,8
S01010876,2. Professional occupations,44,15,29
S01010876,3. Associate professional and technical occupations,44,21,23
S01010876,4. Administrative and secretarial occupations,43,14,29
S01010876,5. Skilled trades occupations,36,33,3
S01010876,6. Caring leisure and other service occupations,33,7,26
S01010876,7. Sales and customer service occupations,57,18,39
S01010876,8. Process plant and machine operatives,18,13,5
S01010876,9. Elementary occupations,35,13,22
S01010877,All people aged 16 to 74 in employment,425,209,216
S01010877,1. Managers directors and senior officials,24,17,7
S01010877,2. Professional occupations,72,37,35
S01010877,3. Associate professional and technical occupations,69,37,32
S01010877,4. Administrative and secretarial occupations,64,17,47
S01010877,5. Skilled trades occupations,32,30,2
S01010877,6. Caring leisure and other service occupations,45,5,40
S01010877,7. Sales and customer service occupations,52,19,33
S01010877,8. Process plant and machine operatives,25,23,2
S01010877,9. Elementary occupations,42,24,18
S01010878,All people aged 16 to 74 in employment,424,236,188
S01010878,1. Managers directors and senior officials,21,13,8
S01010878,2. Professional occupations,36,16,20
S01010878,3. Associate professional and technical occupations,66,40,26
S01010878,4. Administrative and secretarial occupations,49,18,31
S01010878,5. Skilled trades occupations,63,61,2
S01010878,6. Caring leisure and other service occupations,57,14,43
S01010878,7. Sales and customer service occupations,46,18,28
S01010878,8. Process plant and machine operatives,30,25,5
S01010878,9. Elementary occupations,56,31,25
S01010879,All people aged 16 to 74 in employment,447,219,228
S01010879,1. Managers directors and senior officials,29,14,15
S01010879,2. Professional occupations,48,14,34
S01010879,3. Associate professional and technical occupations,61,37,24
S01010879,4. Administrative and secretarial occupations,62,15,47
S01010879,5. Skilled trades occupations,70,64,6
S01010879,6. Caring leisure and other service occupations,52,10,42
S01010879,7. Sales and customer service occupations,42,15,27
S01010879,8. Process plant and machine operatives,29,26,3
S01010879,9. Elementary occupations,54,24,30
S01010880,All people aged 16 to 74 in employment,218,100,118
S01010880,1. Managers directors and senior officials,3,0,3
S01010880,2. Professional occupations,20,4,16
S01010880,3. Associate professional and technical occupations,27,14,13
S01010880,4. Administrative and secretarial occupations,24,3,21
S01010880,5. Skilled trades occupations,33,30,3
S01010880,6. Caring leisure and other service occupations,28,10,18
S01010880,7. Sales and customer service occupations,21,3,18
S01010880,8. Process plant and machine operatives,20,18,2
S01010880,9. Elementary occupations,42,18,24
S01010881,All people aged 16 to 74 in employment,267,131,136
S01010881,1. Managers directors and senior officials,9,6,3
S01010881,2. Professional occupations,34,13,21
S01010881,3. Associate professional and technical occupations,39,22,17
S01010881,4. Administrative and secretarial occupations,31,10,21
S01010881,5. Skilled trades occupations,29,27,2
S01010881,6. Caring leisure and other service occupations,40,9,31
S01010881,7. Sales and customer service occupations,31,11,20
S01010881,8. Process plant and machine operatives,19,15,4
S01010881,9. Elementary occupations,35,18,17
S01010882,All people aged 16 to 74 in employment,298,149,149
S01010882,1. Managers directors and senior officials,16,9,7
S01010882,2. Professional occupations,29,9,20
S01010882,3. Associate professional and technical occupations,42,23,19
S01010882,4. Administrative and secretarial occupations,32,9,23
S01010882,5. Skilled trades occupations,37,35,2
S01010882,6. Caring leisure and other service occupations,43,9,34
S01010882,7. Sales and customer service occupations,41,16,25
S01010882,8. Process plant and machine operatives,26,21,5
S01010882,9. Elementary occupations,32,18,14
S01010883,All people aged 16 to 74 in employment,464,236,228
S01010883,1. Managers directors and senior officials,26,21,5
S01010883,2. Professional occupations,69,29,40
S01010883,3. Associate professional and technical occupations,63,44,19
S01010883,4. Administrative and secretarial occupations,60,20,40
S01010883,5. Skilled trades occupations,64,59,5
S01010883,6. Caring leisure and other service occupations,60,9,51
S01010883,7. Sales and customer service occupations,63,18,45
S01010883,8. Process plant and machine operatives,21,17,4
S01010883,9. Elementary occupations,38,19,19
S01010884,All people aged 16 to 74 in employment,236,116,120
S01010884,1. Managers directors and senior officials,7,3,4
S01010884,2. Professional occupations,20,6,14
S01010884,3. Associate professional and technical occupations,17,10,7
S01010884,4. Administrative and secretarial occupations,31,7,24
S01010884,5. Skilled trades occupations,26,24,2
S01010884,6. Caring leisure and other service occupations,37,6,31
S01010884,7. Sales and customer service occupations,20,7,13
S01010884,8. Process plant and machine operatives,33,26,7
S01010884,9. Elementary occupations,45,27,18
S01010885,All people aged 16 to 74 in employment,333,154,179
S01010885,1. Managers directors and senior officials,14,8,6
S01010885,2. Professional occupations,35,14,21
S01010885,3. Associate professional and technical occupations,51,28,23
S01010885,4. Administrative and secretarial occupations,32,7,25
S01010885,5. Skilled trades occupations,36,30,6
S01010885,6. Caring leisure and other service occupations,41,7,34
S01010885,7. Sales and customer service occupations,54,17,37
S01010885,8. Process plant and machine operatives,23,16,7
S01010885,9. Elementary occupations,47,27,20
S01010886,All people aged 16 to 74 in employment,209,101,108
S01010886,1. Managers directors and senior officials,6,4,2
S01010886,2. Professional occupations,25,13,12
S01010886,3. Associate professional and technical occupations,23,10,13
S01010886,4. Administrative and secretarial occupations,32,11,21
S01010886,5. Skilled trades occupations,34,32,2
S01010886,6. Caring leisure and other service occupations,25,4,21
S01010886,7. Sales and customer service occupations,31,7,24
S01010886,8. Process plant and machine operatives,16,14,2
S01010886,9. Elementary occupations,17,6,11
S01010887,All people aged 16 to 74 in employment,249,126,123
S01010887,1. Managers directors and senior officials,8,6,2
S01010887,2. Professional occupations,24,8,16
S01010887,3. Associate professional and technical occupations,26,15,11
S01010887,4. Administrative and secretarial occupations,22,8,14
S01010887,5. Skilled trades occupations,30,27,3
S01010887,6. Caring leisure and other service occupations,36,10,26
S01010887,7. Sales and customer service occupations,37,8,29
S01010887,8. Process plant and machine operatives,19,16,3
S01010887,9. Elementary occupations,47,28,19
S01010888,All people aged 16 to 74 in employment,342,164,178
S01010888,1. Managers directors and senior officials,8,4,4
S01010888,2. Professional occupations,37,15,22
S01010888,3. Associate professional and technical occupations,42,19,23
S01010888,4. Administrative and secretarial occupations,37,10,27
S01010888,5. Skilled trades occupations,40,39,1
S01010888,6. Caring leisure and other service occupations,54,9,45
S01010888,7. Sales and customer service occupations,44,16,28
S01010888,8. Process plant and machine operatives,28,25,3
S01010888,9. Elementary occupations,52,27,25
S01010889,All people aged 16 to 74 in employment,214,110,104
S01010889,1. Managers directors and senior officials,8,5,3
S01010889,2. Professional occupations,26,11,15
S01010889,3. Associate professional and technical occupations,16,7,9
S01010889,4. Administrative and secretarial occupations,22,4,18
S01010889,5. Skilled trades occupations,23,20,3
S01010889,6. Caring leisure and other service occupations,26,5,21
S01010889,7. Sales and customer service occupations,26,11,15
S01010889,8. Process plant and machine operatives,27,22,5
S01010889,9. Elementary occupations,40,25,15
S01010890,All people aged 16 to 74 in employment,227,103,124
S01010890,1. Managers directors and senior officials,13,7,6
S01010890,2. Professional occupations,16,5,11
S01010890,3. Associate professional and technical occupations,24,10,14
S01010890,4. Administrative and secretarial occupations,22,11,11
S01010890,5. Skilled trades occupations,18,15,3
S01010890,6. Caring leisure and other service occupations,34,6,28
S01010890,7. Sales and customer service occupations,35,14,21
S01010890,8. Process plant and machine operatives,22,17,5
S01010890,9. Elementary occupations,43,18,25
S01010891,All people aged 16 to 74 in employment,107,58,49
S01010891,1. Managers directors and senior officials,3,2,1
S01010891,2. Professional occupations,7,3,4
S01010891,3. Associate professional and technical occupations,13,7,6
S01010891,4. Administrative and secretarial occupations,8,3,5
S01010891,5. Skilled trades occupations,13,11,2
S01010891,6. Caring leisure and other service occupations,10,2,8
S01010891,7. Sales and customer service occupations,15,6,9
S01010891,8. Process plant and machine operatives,9,7,2
S01010891,9. Elementary occupations,29,17,12
S01010892,All people aged 16 to 74 in employment,311,151,160
S01010892,1. Managers directors and senior officials,13,6,7
S01010892,2. Professional occupations,30,15,15
S01010892,3. Associate professional and technical occupations,35,9,26
S01010892,4. Administrative and secretarial occupations,44,18,26
S01010892,5. Skilled trades occupations,38,36,2
S01010892,6. Caring leisure and other service occupations,39,4,35
S01010892,7. Sales and customer service occupations,41,20,21
S01010892,8. Process plant and machine operatives,21,16,5
S01010892,9. Elementary occupations,50,27,23
S01010893,All people aged 16 to 74 in employment,169,80,89
S01010893,1. Managers directors and senior officials,6,1,5
S01010893,2. Professional occupations,11,3,8
S01010893,3. Associate professional and technical occupations,8,7,1
S01010893,4. Administrative and secretarial occupations,17,3,14
S01010893,5. Skilled trades occupations,15,12,3
S01010893,6. Caring leisure and other service occupations,27,8,19
S01010893,7. Sales and customer service occupations,33,7,26
S01010893,8. Process plant and machine operatives,23,18,5
S01010893,9. Elementary occupations,29,21,8
S01010894,All people aged 16 to 74 in employment,289,135,154
S01010894,1. Managers directors and senior officials,14,9,5
S01010894,2. Professional occupations,44,21,23
S01010894,3. Associate professional and technical occupations,41,24,17
S01010894,4. Administrative and secretarial occupations,41,12,29
S01010894,5. Skilled trades occupations,33,32,1
S01010894,6. Caring leisure and other service occupations,31,3,28
S01010894,7. Sales and customer service occupations,44,10,34
S01010894,8. Process plant and machine operatives,19,14,5
S01010894,9. Elementary occupations,22,10,12
S01010895,All people aged 16 to 74 in employment,134,62,72
S01010895,1. Managers directors and senior officials,4,3,1
S01010895,2. Professional occupations,21,7,14
S01010895,3. Associate professional and technical occupations,15,9,6
S01010895,4. Administrative and secretarial occupations,25,6,19
S01010895,5. Skilled trades occupations,11,10,1
S01010895,6. Caring leisure and other service occupations,11,2,9
S01010895,7. Sales and customer service occupations,11,7,4
S01010895,8. Process plant and machine operatives,8,3,5
S01010895,9. Elementary occupations,28,15,13
S01010896,All people aged 16 to 74 in employment,240,115,125
S01010896,1. Managers directors and senior officials,11,5,6
S01010896,2. Professional occupations,10,7,3
S01010896,3. Associate professional and technical occupations,28,14,14
S01010896,4. Administrative and secretarial occupations,24,4,20
S01010896,5. Skilled trades occupations,30,24,6
S01010896,6. Caring leisure and other service occupations,29,6,23
S01010896,7. Sales and customer service occupations,33,9,24
S01010896,8. Process plant and machine operatives,28,24,4
S01010896,9. Elementary occupations,47,22,25
S01010897,All people aged 16 to 74 in employment,307,156,151
S01010897,1. Managers directors and senior officials,9,3,6
S01010897,2. Professional occupations,26,14,12
S01010897,3. Associate professional and technical occupations,26,12,14
S01010897,4. Administrative and secretarial occupations,27,10,17
S01010897,5. Skilled trades occupations,27,26,1
S01010897,6. Caring leisure and other service occupations,37,5,32
S01010897,7. Sales and customer service occupations,41,19,22
S01010897,8. Process plant and machine operatives,30,26,4
S01010897,9. Elementary occupations,84,41,43
S01010898,All people aged 16 to 74 in employment,244,130,114
S01010898,1. Managers directors and senior officials,5,2,3
S01010898,2. Professional occupations,10,4,6
S01010898,3. Associate professional and technical occupations,25,13,12
S01010898,4. Administrative and secretarial occupations,17,7,10
S01010898,5. Skilled trades occupations,36,32,4
S01010898,6. Caring leisure and other service occupations,48,8,40
S01010898,7. Sales and customer service occupations,24,6,18
S01010898,8. Process plant and machine operatives,32,27,5
S01010898,9. Elementary occupations,47,31,16
S01010899,All people aged 16 to 74 in employment,309,159,150
S01010899,1. Managers directors and senior officials,14,7,7
S01010899,2. Professional occupations,38,11,27
S01010899,3. Associate professional and technical occupations,30,15,15
S01010899,4. Administrative and secretarial occupations,29,9,20
S01010899,5. Skilled trades occupations,43,41,2
S01010899,6. Caring leisure and other service occupations,43,8,35
S01010899,7. Sales and customer service occupations,29,14,15
S01010899,8. Process plant and machine operatives,25,23,2
S01010899,9. Elementary occupations,58,31,27
S01010900,All people aged 16 to 74 in employment,260,118,142
S01010900,1. Managers directors and senior officials,11,5,6
S01010900,2. Professional occupations,21,11,10
S01010900,3. Associate professional and technical occupations,25,12,13
S01010900,4. Administrative and secretarial occupations,26,7,19
S01010900,5. Skilled trades occupations,34,30,4
S01010900,6. Caring leisure and other service occupations,43,7,36
S01010900,7. Sales and customer service occupations,36,11,25
S01010900,8. Process plant and machine operatives,20,16,4
S01010900,9. Elementary occupations,44,19,25
S01010901,All people aged 16 to 74 in employment,150,63,87
S01010901,1. Managers directors and senior officials,2,1,1
S01010901,2. Professional occupations,5,0,5
S01010901,3. Associate professional and technical occupations,14,6,8
S01010901,4. Administrative and secretarial occupations,10,5,5
S01010901,5. Skilled trades occupations,17,14,3
S01010901,6. Caring leisure and other service occupations,25,7,18
S01010901,7. Sales and customer service occupations,21,4,17
S01010901,8. Process plant and machine operatives,14,10,4
S01010901,9. Elementary occupations,42,16,26
S01010902,All people aged 16 to 74 in employment,409,200,209
S01010902,1. Managers directors and senior officials,23,14,9
S01010902,2. Professional occupations,43,16,27
S01010902,3. Associate professional and technical occupations,39,25,14
S01010902,4. Administrative and secretarial occupations,45,15,30
S01010902,5. Skilled trades occupations,52,49,3
S01010902,6. Caring leisure and other service occupations,55,9,46
S01010902,7. Sales and customer service occupations,48,15,33
S01010902,8. Process plant and machine operatives,31,25,6
S01010902,9. Elementary occupations,73,32,41
S01010903,All people aged 16 to 74 in employment,265,120,145
S01010903,1. Managers directors and senior officials,8,4,4
S01010903,2. Professional occupations,12,4,8
S01010903,3. Associate professional and technical occupations,22,9,13
S01010903,4. Administrative and secretarial occupations,23,4,19
S01010903,5. Skilled trades occupations,28,25,3
S01010903,6. Caring leisure and other service occupations,49,13,36
S01010903,7. Sales and customer service occupations,38,8,30
S01010903,8. Process plant and machine operatives,19,15,4
S01010903,9. Elementary occupations,66,38,28
S01010904,All people aged 16 to 74 in employment,207,100,107
S01010904,1. Managers directors and senior officials,4,2,2
S01010904,2. Professional occupations,12,6,6
S01010904,3. Associate professional and technical occupations,19,10,9
S01010904,4. Administrative and secretarial occupations,24,4,20
S01010904,5. Skilled trades occupations,26,24,2
S01010904,6. Caring leisure and other service occupations,31,6,25
S01010904,7. Sales and customer service occupations,29,8,21
S01010904,8. Process plant and machine operatives,24,20,4
S01010904,9. Elementary occupations,38,20,18
S01010905,All people aged 16 to 74 in employment,299,146,153
S01010905,1. Managers directors and senior officials,19,12,7
S01010905,2. Professional occupations,40,16,24
S01010905,3. Associate professional and technical occupations,45,29,16
S01010905,4. Administrative and secretarial occupations,40,8,32
S01010905,5. Skilled trades occupations,37,35,2
S01010905,6. Caring leisure and other service occupations,37,5,32
S01010905,7. Sales and customer service occupations,32,7,25
S01010905,8. Process plant and machine operatives,22,20,2
S01010905,9. Elementary occupations,27,14,13
S01010906,All people aged 16 to 74 in employment,443,220,223
S01010906,1. Managers directors and senior officials,25,12,13
S01010906,2. Professional occupations,39,12,27
S01010906,3. Associate professional and technical occupations,52,24,28
S01010906,4. Administrative and secretarial occupations,35,7,28
S01010906,5. Skilled trades occupations,64,59,5
S01010906,6. Caring leisure and other service occupations,64,14,50
S01010906,7. Sales and customer service occupations,45,15,30
S01010906,8. Process plant and machine operatives,45,37,8
S01010906,9. Elementary occupations,74,40,34
S01010907,All people aged 16 to 74 in employment,317,157,160
S01010907,1. Managers directors and senior officials,31,22,9
S01010907,2. Professional occupations,69,26,43
S01010907,3. Associate professional and technical occupations,46,21,25
S01010907,4. Administrative and secretarial occupations,34,8,26
S01010907,5. Skilled trades occupations,27,26,1
S01010907,6. Caring leisure and other service occupations,32,9,23
S01010907,7. Sales and customer service occupations,32,13,19
S01010907,8. Process plant and machine operatives,21,15,6
S01010907,9. Elementary occupations,25,17,8
S01010908,All people aged 16 to 74 in employment,277,143,134
S01010908,1. Managers directors and senior officials,20,12,8
S01010908,2. Professional occupations,46,24,22
S01010908,3. Associate professional and technical occupations,25,19,6
S01010908,4. Administrative and secretarial occupations,27,10,17
S01010908,5. Skilled trades occupations,31,29,2
S01010908,6. Caring leisure and other service occupations,28,6,22
S01010908,7. Sales and customer service occupations,42,14,28
S01010908,8. Process plant and machine operatives,23,15,8
S01010908,9. Elementary occupations,35,14,21
S01010909,All people aged 16 to 74 in employment,349,176,173
S01010909,1. Managers directors and senior officials,26,13,13
S01010909,2. Professional occupations,61,25,36
S01010909,3. Associate professional and technical occupations,45,29,16
S01010909,4. Administrative and secretarial occupations,53,12,41
S01010909,5. Skilled trades occupations,39,37,2
S01010909,6. Caring leisure and other service occupations,27,4,23
S01010909,7. Sales and customer service occupations,44,15,29
S01010909,8. Process plant and machine operatives,28,25,3
S01010909,9. Elementary occupations,26,16,10
S01010910,All people aged 16 to 74 in employment,179,85,94
S01010910,1. Managers directors and senior officials,6,3,3
S01010910,2. Professional occupations,11,3,8
S01010910,3. Associate professional and technical occupations,23,13,10
S01010910,4. Administrative and secretarial occupations,23,5,18
S01010910,5. Skilled trades occupations,15,12,3
S01010910,6. Caring leisure and other service occupations,27,5,22
S01010910,7. Sales and customer service occupations,32,15,17
S01010910,8. Process plant and machine operatives,16,12,4
S01010910,9. Elementary occupations,26,17,9
S01010911,All people aged 16 to 74 in employment,173,90,83
S01010911,1. Managers directors and senior officials,6,5,1
S01010911,2. Professional occupations,20,10,10
S01010911,3. Associate professional and technical occupations,21,12,9
S01010911,4. Administrative and secretarial occupations,22,3,19
S01010911,5. Skilled trades occupations,17,16,1
S01010911,6. Caring leisure and other service occupations,28,7,21
S01010911,7. Sales and customer service occupations,15,4,11
S01010911,8. Process plant and machine operatives,13,12,1
S01010911,9. Elementary occupations,31,21,10
S01010912,All people aged 16 to 74 in employment,196,92,104
S01010912,1. Managers directors and senior officials,12,7,5
S01010912,2. Professional occupations,21,10,11
S01010912,3. Associate professional and technical occupations,22,9,13
S01010912,4. Administrative and secretarial occupations,14,0,14
S01010912,5. Skilled trades occupations,30,27,3
S01010912,6. Caring leisure and other service occupations,18,5,13
S01010912,7. Sales and customer service occupations,26,5,21
S01010912,8. Process plant and machine operatives,22,18,4
S01010912,9. Elementary occupations,31,11,20
S01010913,All people aged 16 to 74 in employment,328,176,152
S01010913,1. Managers directors and senior officials,18,13,5
S01010913,2. Professional occupations,44,21,23
S01010913,3. Associate professional and technical occupations,41,24,17
S01010913,4. Administrative and secretarial occupations,40,10,30
S01010913,5. Skilled trades occupations,44,42,2
S01010913,6. Caring leisure and other service occupations,29,6,23
S01010913,7. Sales and customer service occupations,53,17,36
S01010913,8. Process plant and machine operatives,33,27,6
S01010913,9. Elementary occupations,26,16,10
S01010914,All people aged 16 to 74 in employment,376,179,197
S01010914,1. Managers directors and senior officials,16,6,10
S01010914,2. Professional occupations,27,8,19
S01010914,3. Associate professional and technical occupations,55,32,23
S01010914,4. Administrative and secretarial occupations,60,10,50
S01010914,5. Skilled trades occupations,46,40,6
S01010914,6. Caring leisure and other service occupations,37,6,31
S01010914,7. Sales and customer service occupations,47,13,34
S01010914,8. Process plant and machine operatives,42,34,8
S01010914,9. Elementary occupations,46,30,16
S01010915,All people aged 16 to 74 in employment,389,189,200
S01010915,1. Managers directors and senior officials,21,12,9
S01010915,2. Professional occupations,38,14,24
S01010915,3. Associate professional and technical occupations,43,26,17
S01010915,4. Administrative and secretarial occupations,46,7,39
S01010915,5. Skilled trades occupations,55,52,3
S01010915,6. Caring leisure and other service occupations,42,10,32
S01010915,7. Sales and customer service occupations,50,13,37
S01010915,8. Process plant and machine operatives,48,37,11
S01010915,9. Elementary occupations,46,18,28
S01010916,All people aged 16 to 74 in employment,178,93,85
S01010916,1. Managers directors and senior officials,10,8,2
S01010916,2. Professional occupations,9,2,7
S01010916,3. Associate professional and technical occupations,16,9,7
S01010916,4. Administrative and secretarial occupations,15,1,14
S01010916,5. Skilled trades occupations,25,25,0
S01010916,6. Caring leisure and other service occupations,27,8,19
S01010916,7. Sales and customer service occupations,24,9,15
S01010916,8. Process plant and machine operatives,19,12,7
S01010916,9. Elementary occupations,33,19,14
S01010917,All people aged 16 to 74 in employment,309,159,150
S01010917,1. Managers directors and senior officials,20,9,11
S01010917,2. Professional occupations,32,13,19
S01010917,3. Associate professional and technical occupations,28,16,12
S01010917,4. Administrative and secretarial occupations,47,11,36
S01010917,5. Skilled trades occupations,48,45,3
S01010917,6. Caring leisure and other service occupations,36,8,28
S01010917,7. Sales and customer service occupations,29,11,18
S01010917,8. Process plant and machine operatives,30,23,7
S01010917,9. Elementary occupations,39,23,16
S01010918,All people aged 16 to 74 in employment,277,134,143
S01010918,1. Managers directors and senior officials,10,7,3
S01010918,2. Professional occupations,22,7,15
S01010918,3. Associate professional and technical occupations,25,13,12
S01010918,4. Administrative and secretarial occupations,33,12,21
S01010918,5. Skilled trades occupations,43,38,5
S01010918,6. Caring leisure and other service occupations,36,8,28
S01010918,7. Sales and customer service occupations,40,7,33
S01010918,8. Process plant and machine operatives,32,22,10
S01010918,9. Elementary occupations,36,20,16
S01010919,All people aged 16 to 74 in employment,325,157,168
S01010919,1. Managers directors and senior officials,9,3,6
S01010919,2. Professional occupations,25,7,18
S01010919,3. Associate professional and technical occupations,32,23,9
S01010919,4. Administrative and secretarial occupations,35,4,31
S01010919,5. Skilled trades occupations,39,34,5
S01010919,6. Caring leisure and other service occupations,54,10,44
S01010919,7. Sales and customer service occupations,35,15,20
S01010919,8. Process plant and machine operatives,48,34,14
S01010919,9. Elementary occupations,48,27,21
S01010920,All people aged 16 to 74 in employment,197,90,107
S01010920,1. Managers directors and senior officials,16,8,8
S01010920,2. Professional occupations,15,8,7
S01010920,3. Associate professional and technical occupations,16,7,9
S01010920,4. Administrative and secretarial occupations,15,3,12
S01010920,5. Skilled trades occupations,27,24,3
S01010920,6. Caring leisure and other service occupations,22,3,19
S01010920,7. Sales and customer service occupations,24,7,17
S01010920,8. Process plant and machine operatives,15,9,6
S01010920,9. Elementary occupations,47,21,26
S01010921,All people aged 16 to 74 in employment,248,128,120
S01010921,1. Managers directors and senior officials,3,3,0
S01010921,2. Professional occupations,13,4,9
S01010921,3. Associate professional and technical occupations,22,14,8
S01010921,4. Administrative and secretarial occupations,25,6,19
S01010921,5. Skilled trades occupations,30,29,1
S01010921,6. Caring leisure and other service occupations,36,4,32
S01010921,7. Sales and customer service occupations,31,13,18
S01010921,8. Process plant and machine operatives,38,30,8
S01010921,9. Elementary occupations,50,25,25
S01010922,All people aged 16 to 74 in employment,301,145,156
S01010922,1. Managers directors and senior officials,12,5,7
S01010922,2. Professional occupations,16,10,6
S01010922,3. Associate professional and technical occupations,28,14,14
S01010922,4. Administrative and secretarial occupations,19,3,16
S01010922,5. Skilled trades occupations,36,31,5
S01010922,6. Caring leisure and other service occupations,55,10,45
S01010922,7. Sales and customer service occupations,40,18,22
S01010922,8. Process plant and machine operatives,36,29,7
S01010922,9. Elementary occupations,59,25,34
S01010923,All people aged 16 to 74 in employment,345,157,188
S01010923,1. Managers directors and senior officials,14,6,8
S01010923,2. Professional occupations,21,9,12
S01010923,3. Associate professional and technical occupations,31,13,18
S01010923,4. Administrative and secretarial occupations,49,9,40
S01010923,5. Skilled trades occupations,54,46,8
S01010923,6. Caring leisure and other service occupations,57,8,49
S01010923,7. Sales and customer service occupations,39,12,27
S01010923,8. Process plant and machine operatives,39,33,6
S01010923,9. Elementary occupations,41,21,20
S01010924,All people aged 16 to 74 in employment,270,141,129
S01010924,1. Managers directors and senior officials,12,6,6
S01010924,2. Professional occupations,13,5,8
S01010924,3. Associate professional and technical occupations,20,10,10
S01010924,4. Administrative and secretarial occupations,27,8,19
S01010924,5. Skilled trades occupations,38,33,5
S01010924,6. Caring leisure and other service occupations,36,5,31
S01010924,7. Sales and customer service occupations,34,10,24
S01010924,8. Process plant and machine operatives,41,33,8
S01010924,9. Elementary occupations,49,31,18
S01010925,All people aged 16 to 74 in employment,311,156,155
S01010925,1. Managers directors and senior officials,8,4,4
S01010925,2. Professional occupations,20,5,15
S01010925,3. Associate professional and technical occupations,27,18,9
S01010925,4. Administrative and secretarial occupations,24,6,18
S01010925,5. Skilled trades occupations,36,32,4
S01010925,6. Caring leisure and other service occupations,47,12,35
S01010925,7. Sales and customer service occupations,57,24,33
S01010925,8. Process plant and machine operatives,35,26,9
S01010925,9. Elementary occupations,57,29,28
S01010926,All people aged 16 to 74 in employment,313,147,166
S01010926,1. Managers directors and senior officials,12,4,8
S01010926,2. Professional occupations,13,6,7
S01010926,3. Associate professional and technical occupations,19,8,11
S01010926,4. Administrative and secretarial occupations,44,10,34
S01010926,5. Skilled trades occupations,42,37,5
S01010926,6. Caring leisure and other service occupations,52,14,38
S01010926,7. Sales and customer service occupations,42,12,30
S01010926,8. Process plant and machine operatives,37,32,5
S01010926,9. Elementary occupations,52,24,28
S01010927,All people aged 16 to 74 in employment,232,116,116
S01010927,1. Managers directors and senior officials,13,6,7
S01010927,2. Professional occupations,17,7,10
S01010927,3. Associate professional and technical occupations,16,9,7
S01010927,4. Administrative and secretarial occupations,28,8,20
S01010927,5. Skilled trades occupations,39,31,8
S01010927,6. Caring leisure and other service occupations,29,6,23
S01010927,7. Sales and customer service occupations,23,6,17
S01010927,8. Process plant and machine operatives,29,22,7
S01010927,9. Elementary occupations,38,21,17
S01010928,All people aged 16 to 74 in employment,259,131,128
S01010928,1. Managers directors and senior officials,10,7,3
S01010928,2. Professional occupations,10,4,6
S01010928,3. Associate professional and technical occupations,21,11,10
S01010928,4. Administrative and secretarial occupations,22,5,17
S01010928,5. Skilled trades occupations,34,32,2
S01010928,6. Caring leisure and other service occupations,37,5,32
S01010928,7. Sales and customer service occupations,36,11,25
S01010928,8. Process plant and machine operatives,35,26,9
S01010928,9. Elementary occupations,54,30,24
S01010929,All people aged 16 to 74 in employment,227,101,126
S01010929,1. Managers directors and senior officials,10,3,7
S01010929,2. Professional occupations,7,3,4
S01010929,3. Associate professional and technical occupations,13,4,9
S01010929,4. Administrative and secretarial occupations,18,5,13
S01010929,5. Skilled trades occupations,34,32,2
S01010929,6. Caring leisure and other service occupations,32,6,26
S01010929,7. Sales and customer service occupations,32,5,27
S01010929,8. Process plant and machine operatives,26,20,6
S01010929,9. Elementary occupations,55,23,32
S01010930,All people aged 16 to 74 in employment,520,269,251
S01010930,1. Managers directors and senior officials,67,46,21
S01010930,2. Professional occupations,149,72,77
S01010930,3. Associate professional and technical occupations,83,41,42
S01010930,4. Administrative and secretarial occupations,48,8,40
S01010930,5. Skilled trades occupations,59,54,5
S01010930,6. Caring leisure and other service occupations,39,5,34
S01010930,7. Sales and customer service occupations,19,7,12
S01010930,8. Process plant and machine operatives,20,20,0
S01010930,9. Elementary occupations,36,16,20
S01010931,All people aged 16 to 74 in employment,217,116,101
S01010931,1. Managers directors and senior officials,26,13,13
S01010931,2. Professional occupations,48,22,26
S01010931,3. Associate professional and technical occupations,28,12,16
S01010931,4. Administrative and secretarial occupations,20,2,18
S01010931,5. Skilled trades occupations,42,35,7
S01010931,6. Caring leisure and other service occupations,12,3,9
S01010931,7. Sales and customer service occupations,13,5,8
S01010931,8. Process plant and machine operatives,13,12,1
S01010931,9. Elementary occupations,15,12,3
S01010932,All people aged 16 to 74 in employment,265,130,135
S01010932,1. Managers directors and senior officials,24,16,8
S01010932,2. Professional occupations,36,16,20
S01010932,3. Associate professional and technical occupations,18,13,5
S01010932,4. Administrative and secretarial occupations,36,8,28
S01010932,5. Skilled trades occupations,37,33,4
S01010932,6. Caring leisure and other service occupations,42,4,38
S01010932,7. Sales and customer service occupations,19,7,12
S01010932,8. Process plant and machine operatives,26,21,5
S01010932,9. Elementary occupations,27,12,15
S01010933,All people aged 16 to 74 in employment,399,217,182
S01010933,1. Managers directors and senior officials,55,33,22
S01010933,2. Professional occupations,99,45,54
S01010933,3. Associate professional and technical occupations,68,41,27
S01010933,4. Administrative and secretarial occupations,43,6,37
S01010933,5. Skilled trades occupations,46,43,3
S01010933,6. Caring leisure and other service occupations,20,5,15
S01010933,7. Sales and customer service occupations,25,13,12
S01010933,8. Process plant and machine operatives,19,18,1
S01010933,9. Elementary occupations,24,13,11
S01010934,All people aged 16 to 74 in employment,549,287,262
S01010934,1. Managers directors and senior officials,59,33,26
S01010934,2. Professional occupations,128,59,69
S01010934,3. Associate professional and technical occupations,86,56,30
S01010934,4. Administrative and secretarial occupations,67,13,54
S01010934,5. Skilled trades occupations,50,46,4
S01010934,6. Caring leisure and other service occupations,46,6,40
S01010934,7. Sales and customer service occupations,53,30,23
S01010934,8. Process plant and machine operatives,29,26,3
S01010934,9. Elementary occupations,31,18,13
S01010935,All people aged 16 to 74 in employment,259,137,122
S01010935,1. Managers directors and senior officials,26,16,10
S01010935,2. Professional occupations,60,29,31
S01010935,3. Associate professional and technical occupations,32,18,14
S01010935,4. Administrative and secretarial occupations,38,10,28
S01010935,5. Skilled trades occupations,23,17,6
S01010935,6. Caring leisure and other service occupations,23,5,18
S01010935,7. Sales and customer service occupations,17,10,7
S01010935,8. Process plant and machine operatives,18,18,0
S01010935,9. Elementary occupations,22,14,8
S01010936,All people aged 16 to 74 in employment,352,171,181
S01010936,1. Managers directors and senior officials,20,9,11
S01010936,2. Professional occupations,55,31,24
S01010936,3. Associate professional and technical occupations,55,33,22
S01010936,4. Administrative and secretarial occupations,65,8,57
S01010936,5. Skilled trades occupations,43,34,9
S01010936,6. Caring leisure and other service occupations,30,4,26
S01010936,7. Sales and customer service occupations,37,18,19
S01010936,8. Process plant and machine operatives,15,14,1
S01010936,9. Elementary occupations,32,20,12
S01010937,All people aged 16 to 74 in employment,412,202,210
S01010937,1. Managers directors and senior officials,46,27,19
S01010937,2. Professional occupations,50,21,29
S01010937,3. Associate professional and technical occupations,54,33,21
S01010937,4. Administrative and secretarial occupations,70,13,57
S01010937,5. Skilled trades occupations,59,54,5
S01010937,6. Caring leisure and other service occupations,40,4,36
S01010937,7. Sales and customer service occupations,46,13,33
S01010937,8. Process plant and machine operatives,22,21,1
S01010937,9. Elementary occupations,25,16,9
S01010938,All people aged 16 to 74 in employment,327,161,166
S01010938,1. Managers directors and senior officials,18,10,8
S01010938,2. Professional occupations,21,8,13
S01010938,3. Associate professional and technical occupations,32,18,14
S01010938,4. Administrative and secretarial occupations,34,6,28
S01010938,5. Skilled trades occupations,46,41,5
S01010938,6. Caring leisure and other service occupations,46,2,44
S01010938,7. Sales and customer service occupations,47,16,31
S01010938,8. Process plant and machine operatives,25,24,1
S01010938,9. Elementary occupations,58,36,22
S01010939,All people aged 16 to 74 in employment,267,151,116
S01010939,1. Managers directors and senior officials,11,5,6
S01010939,2. Professional occupations,43,25,18
S01010939,3. Associate professional and technical occupations,27,20,7
S01010939,4. Administrative and secretarial occupations,35,11,24
S01010939,5. Skilled trades occupations,42,41,1
S01010939,6. Caring leisure and other service occupations,36,8,28
S01010939,7. Sales and customer service occupations,31,10,21
S01010939,8. Process plant and machine operatives,20,19,1
S01010939,9. Elementary occupations,22,12,10
S01010940,All people aged 16 to 74 in employment,369,185,184
S01010940,1. Managers directors and senior officials,34,19,15
S01010940,2. Professional occupations,74,35,39
S01010940,3. Associate professional and technical occupations,58,34,24
S01010940,4. Administrative and secretarial occupations,62,16,46
S01010940,5. Skilled trades occupations,27,26,1
S01010940,6. Caring leisure and other service occupations,38,7,31
S01010940,7. Sales and customer service occupations,30,10,20
S01010940,8. Process plant and machine operatives,14,14,0
S01010940,9. Elementary occupations,32,24,8
S01010941,All people aged 16 to 74 in employment,453,237,216
S01010941,1. Managers directors and senior officials,33,20,13
S01010941,2. Professional occupations,90,40,50
S01010941,3. Associate professional and technical occupations,76,54,22
S01010941,4. Administrative and secretarial occupations,78,17,61
S01010941,5. Skilled trades occupations,53,48,5
S01010941,6. Caring leisure and other service occupations,34,6,28
S01010941,7. Sales and customer service occupations,41,15,26
S01010941,8. Process plant and machine operatives,23,22,1
S01010941,9. Elementary occupations,25,15,10
S01010942,All people aged 16 to 74 in employment,336,180,156
S01010942,1. Managers directors and senior officials,24,14,10
S01010942,2. Professional occupations,68,34,34
S01010942,3. Associate professional and technical occupations,55,35,20
S01010942,4. Administrative and secretarial occupations,49,17,32
S01010942,5. Skilled trades occupations,35,30,5
S01010942,6. Caring leisure and other service occupations,36,5,31
S01010942,7. Sales and customer service occupations,36,19,17
S01010942,8. Process plant and machine operatives,11,11,0
S01010942,9. Elementary occupations,22,15,7
S01010943,All people aged 16 to 74 in employment,304,145,159
S01010943,1. Managers directors and senior officials,14,5,9
S01010943,2. Professional occupations,35,14,21
S01010943,3. Associate professional and technical occupations,39,20,19
S01010943,4. Administrative and secretarial occupations,36,8,28
S01010943,5. Skilled trades occupations,42,39,3
S01010943,6. Caring leisure and other service occupations,41,5,36
S01010943,7. Sales and customer service occupations,36,13,23
S01010943,8. Process plant and machine operatives,21,21,0
S01010943,9. Elementary occupations,40,20,20
S01010944,All people aged 16 to 74 in employment,267,131,136
S01010944,1. Managers directors and senior officials,9,4,5
S01010944,2. Professional occupations,22,12,10
S01010944,3. Associate professional and technical occupations,30,12,18
S01010944,4. Administrative and secretarial occupations,29,7,22
S01010944,5. Skilled trades occupations,36,31,5
S01010944,6. Caring leisure and other service occupations,35,9,26
S01010944,7. Sales and customer service occupations,29,10,19
S01010944,8. Process plant and machine operatives,24,23,1
S01010944,9. Elementary occupations,53,23,30
S01010945,All people aged 16 to 74 in employment,288,133,155
S01010945,1. Managers directors and senior officials,17,8,9
S01010945,2. Professional occupations,21,9,12
S01010945,3. Associate professional and technical occupations,27,17,10
S01010945,4. Administrative and secretarial occupations,50,13,37
S01010945,5. Skilled trades occupations,29,26,3
S01010945,6. Caring leisure and other service occupations,31,5,26
S01010945,7. Sales and customer service occupations,31,8,23
S01010945,8. Process plant and machine operatives,22,21,1
S01010945,9. Elementary occupations,60,26,34
S01010946,All people aged 16 to 74 in employment,407,210,197
S01010946,1. Managers directors and senior officials,22,13,9
S01010946,2. Professional occupations,28,11,17
S01010946,3. Associate professional and technical occupations,40,19,21
S01010946,4. Administrative and secretarial occupations,51,13,38
S01010946,5. Skilled trades occupations,67,61,6
S01010946,6. Caring leisure and other service occupations,63,9,54
S01010946,7. Sales and customer service occupations,44,15,29
S01010946,8. Process plant and machine operatives,35,34,1
S01010946,9. Elementary occupations,57,35,22
S01010947,All people aged 16 to 74 in employment,248,130,118
S01010947,1. Managers directors and senior officials,12,7,5
S01010947,2. Professional occupations,20,8,12
S01010947,3. Associate professional and technical occupations,22,14,8
S01010947,4. Administrative and secretarial occupations,32,7,25
S01010947,5. Skilled trades occupations,38,33,5
S01010947,6. Caring leisure and other service occupations,31,4,27
S01010947,7. Sales and customer service occupations,36,12,24
S01010947,8. Process plant and machine operatives,21,20,1
S01010947,9. Elementary occupations,36,25,11
S01010948,All people aged 16 to 74 in employment,325,169,156
S01010948,1. Managers directors and senior officials,23,12,11
S01010948,2. Professional occupations,30,11,19
S01010948,3. Associate professional and technical occupations,32,19,13
S01010948,4. Administrative and secretarial occupations,47,13,34
S01010948,5. Skilled trades occupations,40,39,1
S01010948,6. Caring leisure and other service occupations,38,7,31
S01010948,7. Sales and customer service occupations,36,15,21
S01010948,8. Process plant and machine operatives,25,20,5
S01010948,9. Elementary occupations,54,33,21
S01010949,All people aged 16 to 74 in employment,509,252,257
S01010949,1. Managers directors and senior officials,36,25,11
S01010949,2. Professional occupations,99,40,59
S01010949,3. Associate professional and technical occupations,79,54,25
S01010949,4. Administrative and secretarial occupations,89,18,71
S01010949,5. Skilled trades occupations,58,48,10
S01010949,6. Caring leisure and other service occupations,42,8,34
S01010949,7. Sales and customer service occupations,49,18,31
S01010949,8. Process plant and machine operatives,22,21,1
S01010949,9. Elementary occupations,35,20,15
S01010950,All people aged 16 to 74 in employment,380,193,187
S01010950,1. Managers directors and senior officials,30,20,10
S01010950,2. Professional occupations,47,23,24
S01010950,3. Associate professional and technical occupations,48,25,23
S01010950,4. Administrative and secretarial occupations,49,10,39
S01010950,5. Skilled trades occupations,62,52,10
S01010950,6. Caring leisure and other service occupations,42,9,33
S01010950,7. Sales and customer service occupations,31,6,25
S01010950,8. Process plant and machine operatives,22,20,2
S01010950,9. Elementary occupations,49,28,21
S01010951,All people aged 16 to 74 in employment,324,166,158
S01010951,1. Managers directors and senior officials,21,11,10
S01010951,2. Professional occupations,37,18,19
S01010951,3. Associate professional and technical occupations,32,20,12
S01010951,4. Administrative and secretarial occupations,42,6,36
S01010951,5. Skilled trades occupations,55,45,10
S01010951,6. Caring leisure and other service occupations,39,3,36
S01010951,7. Sales and customer service occupations,33,10,23
S01010951,8. Process plant and machine operatives,28,27,1
S01010951,9. Elementary occupations,37,26,11
S01010952,All people aged 16 to 74 in employment,300,160,140
S01010952,1. Managers directors and senior officials,24,12,12
S01010952,2. Professional occupations,45,22,23
S01010952,3. Associate professional and technical occupations,28,20,8
S01010952,4. Administrative and secretarial occupations,40,14,26
S01010952,5. Skilled trades occupations,46,42,4
S01010952,6. Caring leisure and other service occupations,35,4,31
S01010952,7. Sales and customer service occupations,34,8,26
S01010952,8. Process plant and machine operatives,21,21,0
S01010952,9. Elementary occupations,27,17,10
S01010953,All people aged 16 to 74 in employment,316,160,156
S01010953,1. Managers directors and senior officials,13,8,5
S01010953,2. Professional occupations,38,18,20
S01010953,3. Associate professional and technical occupations,37,24,13
S01010953,4. Administrative and secretarial occupations,49,11,38
S01010953,5. Skilled trades occupations,53,47,6
S01010953,6. Caring leisure and other service occupations,32,3,29
S01010953,7. Sales and customer service occupations,39,16,23
S01010953,8. Process plant and machine operatives,19,16,3
S01010953,9. Elementary occupations,36,17,19
S01010954,All people aged 16 to 74 in employment,393,232,161
S01010954,1. Managers directors and senior officials,26,17,9
S01010954,2. Professional occupations,31,13,18
S01010954,3. Associate professional and technical occupations,126,96,30
S01010954,4. Administrative and secretarial occupations,56,14,42
S01010954,5. Skilled trades occupations,41,32,9
S01010954,6. Caring leisure and other service occupations,31,3,28
S01010954,7. Sales and customer service occupations,31,10,21
S01010954,8. Process plant and machine operatives,29,29,0
S01010954,9. Elementary occupations,22,18,4
S01010955,All people aged 16 to 74 in employment,479,282,197
S01010955,1. Managers directors and senior officials,43,32,11
S01010955,2. Professional occupations,79,44,35
S01010955,3. Associate professional and technical occupations,155,118,37
S01010955,4. Administrative and secretarial occupations,46,9,37
S01010955,5. Skilled trades occupations,33,28,5
S01010955,6. Caring leisure and other service occupations,43,5,38
S01010955,7. Sales and customer service occupations,35,12,23
S01010955,8. Process plant and machine operatives,19,19,0
S01010955,9. Elementary occupations,26,15,11
S01010956,All people aged 16 to 74 in employment,382,201,181
S01010956,1. Managers directors and senior officials,42,29,13
S01010956,2. Professional occupations,86,46,40
S01010956,3. Associate professional and technical occupations,61,29,32
S01010956,4. Administrative and secretarial occupations,26,4,22
S01010956,5. Skilled trades occupations,60,51,9
S01010956,6. Caring leisure and other service occupations,34,5,29
S01010956,7. Sales and customer service occupations,18,4,14
S01010956,8. Process plant and machine operatives,17,15,2
S01010956,9. Elementary occupations,38,18,20
S01010957,All people aged 16 to 74 in employment,303,151,152
S01010957,1. Managers directors and senior officials,26,17,9
S01010957,2. Professional occupations,65,34,31
S01010957,3. Associate professional and technical occupations,38,30,8
S01010957,4. Administrative and secretarial occupations,51,12,39
S01010957,5. Skilled trades occupations,27,25,2
S01010957,6. Caring leisure and other service occupations,31,5,26
S01010957,7. Sales and customer service occupations,30,6,24
S01010957,8. Process plant and machine operatives,17,16,1
S01010957,9. Elementary occupations,18,6,12
S01010958,All people aged 16 to 74 in employment,231,122,109
S01010958,1. Managers directors and senior officials,20,11,9
S01010958,2. Professional occupations,42,15,27
S01010958,3. Associate professional and technical occupations,39,22,17
S01010958,4. Administrative and secretarial occupations,22,7,15
S01010958,5. Skilled trades occupations,30,28,2
S01010958,6. Caring leisure and other service occupations,24,7,17
S01010958,7. Sales and customer service occupations,22,7,15
S01010958,8. Process plant and machine operatives,14,13,1
S01010958,9. Elementary occupations,18,12,6
S01010959,All people aged 16 to 74 in employment,299,136,163
S01010959,1. Managers directors and senior officials,27,19,8
S01010959,2. Professional occupations,58,22,36
S01010959,3. Associate professional and technical occupations,46,21,25
S01010959,4. Administrative and secretarial occupations,37,5,32
S01010959,5. Skilled trades occupations,28,26,2
S01010959,6. Caring leisure and other service occupations,36,7,29
S01010959,7. Sales and customer service occupations,27,12,15
S01010959,8. Process plant and machine operatives,16,13,3
S01010959,9. Elementary occupations,24,11,13
S01010960,All people aged 16 to 74 in employment,524,267,257
S01010960,1. Managers directors and senior officials,38,23,15
S01010960,2. Professional occupations,71,33,38
S01010960,3. Associate professional and technical occupations,47,27,20
S01010960,4. Administrative and secretarial occupations,60,9,51
S01010960,5. Skilled trades occupations,85,78,7
S01010960,6. Caring leisure and other service occupations,68,6,62
S01010960,7. Sales and customer service occupations,47,15,32
S01010960,8. Process plant and machine operatives,37,34,3
S01010960,9. Elementary occupations,71,42,29
S01010961,All people aged 16 to 74 in employment,270,138,132
S01010961,1. Managers directors and senior officials,15,6,9
S01010961,2. Professional occupations,32,11,21
S01010961,3. Associate professional and technical occupations,27,17,10
S01010961,4. Administrative and secretarial occupations,38,12,26
S01010961,5. Skilled trades occupations,32,31,1
S01010961,6. Caring leisure and other service occupations,28,5,23
S01010961,7. Sales and customer service occupations,37,15,22
S01010961,8. Process plant and machine operatives,18,17,1
S01010961,9. Elementary occupations,43,24,19
S01010962,All people aged 16 to 74 in employment,262,135,127
S01010962,1. Managers directors and senior officials,21,11,10
S01010962,2. Professional occupations,26,11,15
S01010962,3. Associate professional and technical occupations,23,15,8
S01010962,4. Administrative and secretarial occupations,30,5,25
S01010962,5. Skilled trades occupations,29,27,2
S01010962,6. Caring leisure and other service occupations,29,3,26
S01010962,7. Sales and customer service occupations,26,8,18
S01010962,8. Process plant and machine operatives,23,21,2
S01010962,9. Elementary occupations,55,34,21
S01010963,All people aged 16 to 74 in employment,513,249,264
S01010963,1. Managers directors and senior officials,52,34,18
S01010963,2. Professional occupations,77,37,40
S01010963,3. Associate professional and technical occupations,64,27,37
S01010963,4. Administrative and secretarial occupations,90,11,79
S01010963,5. Skilled trades occupations,57,52,5
S01010963,6. Caring leisure and other service occupations,45,11,34
S01010963,7. Sales and customer service occupations,51,17,34
S01010963,8. Process plant and machine operatives,44,39,5
S01010963,9. Elementary occupations,33,21,12
S01010964,All people aged 16 to 74 in employment,255,129,126
S01010964,1. Managers directors and senior officials,11,6,5
S01010964,2. Professional occupations,30,12,18
S01010964,3. Associate professional and technical occupations,22,14,8
S01010964,4. Administrative and secretarial occupations,37,4,33
S01010964,5. Skilled trades occupations,45,40,5
S01010964,6. Caring leisure and other service occupations,27,3,24
S01010964,7. Sales and customer service occupations,27,12,15
S01010964,8. Process plant and machine operatives,17,17,0
S01010964,9. Elementary occupations,39,21,18
S01010965,All people aged 16 to 74 in employment,243,122,121
S01010965,1. Managers directors and senior officials,16,11,5
S01010965,2. Professional occupations,18,9,9
S01010965,3. Associate professional and technical occupations,20,10,10
S01010965,4. Administrative and secretarial occupations,26,5,21
S01010965,5. Skilled trades occupations,42,37,5
S01010965,6. Caring leisure and other service occupations,22,2,20
S01010965,7. Sales and customer service occupations,33,12,21
S01010965,8. Process plant and machine operatives,20,20,0
S01010965,9. Elementary occupations,46,16,30
S01010966,All people aged 16 to 74 in employment,333,166,167
S01010966,1. Managers directors and senior officials,19,13,6
S01010966,2. Professional occupations,29,12,17
S01010966,3. Associate professional and technical occupations,33,16,17
S01010966,4. Administrative and secretarial occupations,41,4,37
S01010966,5. Skilled trades occupations,53,45,8
S01010966,6. Caring leisure and other service occupations,40,7,33
S01010966,7. Sales and customer service occupations,39,12,27
S01010966,8. Process plant and machine operatives,30,26,4
S01010966,9. Elementary occupations,49,31,18
S01010967,All people aged 16 to 74 in employment,311,151,160
S01010967,1. Managers directors and senior officials,9,2,7
S01010967,2. Professional occupations,36,12,24
S01010967,3. Associate professional and technical occupations,25,19,6
S01010967,4. Administrative and secretarial occupations,40,12,28
S01010967,5. Skilled trades occupations,46,36,10
S01010967,6. Caring leisure and other service occupations,42,4,38
S01010967,7. Sales and customer service occupations,37,13,24
S01010967,8. Process plant and machine operatives,28,28,0
S01010967,9. Elementary occupations,48,25,23
S01010968,All people aged 16 to 74 in employment,341,170,171
S01010968,1. Managers directors and senior officials,16,12,4
S01010968,2. Professional occupations,37,13,24
S01010968,3. Associate professional and technical occupations,42,27,15
S01010968,4. Administrative and secretarial occupations,57,10,47
S01010968,5. Skilled trades occupations,44,41,3
S01010968,6. Caring leisure and other service occupations,45,8,37
S01010968,7. Sales and customer service occupations,39,12,27
S01010968,8. Process plant and machine operatives,24,23,1
S01010968,9. Elementary occupations,37,24,13
S01010969,All people aged 16 to 74 in employment,274,134,140
S01010969,1. Managers directors and senior officials,16,9,7
S01010969,2. Professional occupations,46,24,22
S01010969,3. Associate professional and technical occupations,34,21,13
S01010969,4. Administrative and secretarial occupations,52,7,45
S01010969,5. Skilled trades occupations,38,33,5
S01010969,6. Caring leisure and other service occupations,31,1,30
S01010969,7. Sales and customer service occupations,16,7,9
S01010969,8. Process plant and machine operatives,20,17,3
S01010969,9. Elementary occupations,21,15,6
S01010970,All people aged 16 to 74 in employment,477,259,218
S01010970,1. Managers directors and senior officials,34,20,14
S01010970,2. Professional occupations,73,39,34
S01010970,3. Associate professional and technical occupations,58,36,22
S01010970,4. Administrative and secretarial occupations,65,12,53
S01010970,5. Skilled trades occupations,71,67,4
S01010970,6. Caring leisure and other service occupations,46,4,42
S01010970,7. Sales and customer service occupations,34,14,20
S01010970,8. Process plant and machine operatives,41,40,1
S01010970,9. Elementary occupations,55,27,28
S01010971,All people aged 16 to 74 in employment,559,283,276
S01010971,1. Managers directors and senior officials,41,29,12
S01010971,2. Professional occupations,84,37,47
S01010971,3. Associate professional and technical occupations,72,40,32
S01010971,4. Administrative and secretarial occupations,87,17,70
S01010971,5. Skilled trades occupations,79,74,5
S01010971,6. Caring leisure and other service occupations,65,15,50
S01010971,7. Sales and customer service occupations,42,13,29
S01010971,8. Process plant and machine operatives,31,29,2
S01010971,9. Elementary occupations,58,29,29
S01010972,All people aged 16 to 74 in employment,376,196,180
S01010972,1. Managers directors and senior officials,17,9,8
S01010972,2. Professional occupations,25,9,16
S01010972,3. Associate professional and technical occupations,24,12,12
S01010972,4. Administrative and secretarial occupations,33,8,25
S01010972,5. Skilled trades occupations,75,68,7
S01010972,6. Caring leisure and other service occupations,64,9,55
S01010972,7. Sales and customer service occupations,53,18,35
S01010972,8. Process plant and machine operatives,31,31,0
S01010972,9. Elementary occupations,54,32,22
S01010973,All people aged 16 to 74 in employment,247,131,116
S01010973,1. Managers directors and senior officials,10,7,3
S01010973,2. Professional occupations,18,10,8
S01010973,3. Associate professional and technical occupations,19,12,7
S01010973,4. Administrative and secretarial occupations,47,10,37
S01010973,5. Skilled trades occupations,45,42,3
S01010973,6. Caring leisure and other service occupations,33,7,26
S01010973,7. Sales and customer service occupations,31,5,26
S01010973,8. Process plant and machine operatives,26,24,2
S01010973,9. Elementary occupations,18,14,4
S01010974,All people aged 16 to 74 in employment,342,177,165
S01010974,1. Managers directors and senior officials,15,9,6
S01010974,2. Professional occupations,20,10,10
S01010974,3. Associate professional and technical occupations,20,16,4
S01010974,4. Administrative and secretarial occupations,41,10,31
S01010974,5. Skilled trades occupations,48,44,4
S01010974,6. Caring leisure and other service occupations,55,5,50
S01010974,7. Sales and customer service occupations,32,8,24
S01010974,8. Process plant and machine operatives,36,33,3
S01010974,9. Elementary occupations,75,42,33
S01010975,All people aged 16 to 74 in employment,203,107,96
S01010975,1. Managers directors and senior officials,9,7,2
S01010975,2. Professional occupations,9,5,4
S01010975,3. Associate professional and technical occupations,12,7,5
S01010975,4. Administrative and secretarial occupations,23,7,16
S01010975,5. Skilled trades occupations,38,34,4
S01010975,6. Caring leisure and other service occupations,37,3,34
S01010975,7. Sales and customer service occupations,20,6,14
S01010975,8. Process plant and machine operatives,27,25,2
S01010975,9. Elementary occupations,28,13,15
S01010976,All people aged 16 to 74 in employment,267,134,133
S01010976,1. Managers directors and senior officials,17,8,9
S01010976,2. Professional occupations,21,9,12
S01010976,3. Associate professional and technical occupations,33,19,14
S01010976,4. Administrative and secretarial occupations,41,10,31
S01010976,5. Skilled trades occupations,37,35,2
S01010976,6. Caring leisure and other service occupations,40,6,34
S01010976,7. Sales and customer service occupations,25,7,18
S01010976,8. Process plant and machine operatives,28,27,1
S01010976,9. Elementary occupations,25,13,12
S01010977,All people aged 16 to 74 in employment,370,175,195
S01010977,1. Managers directors and senior officials,19,6,13
S01010977,2. Professional occupations,48,21,27
S01010977,3. Associate professional and technical occupations,42,27,15
S01010977,4. Administrative and secretarial occupations,55,13,42
S01010977,5. Skilled trades occupations,52,50,2
S01010977,6. Caring leisure and other service occupations,53,8,45
S01010977,7. Sales and customer service occupations,38,12,26
S01010977,8. Process plant and machine operatives,21,19,2
S01010977,9. Elementary occupations,42,19,23
S01010978,All people aged 16 to 74 in employment,335,168,167
S01010978,1. Managers directors and senior officials,16,11,5
S01010978,2. Professional occupations,30,11,19
S01010978,3. Associate professional and technical occupations,26,15,11
S01010978,4. Administrative and secretarial occupations,45,10,35
S01010978,5. Skilled trades occupations,54,50,4
S01010978,6. Caring leisure and other service occupations,61,12,49
S01010978,7. Sales and customer service occupations,36,13,23
S01010978,8. Process plant and machine operatives,24,22,2
S01010978,9. Elementary occupations,43,24,19
S01010979,All people aged 16 to 74 in employment,392,184,208
S01010979,1. Managers directors and senior officials,17,12,5
S01010979,2. Professional occupations,32,13,19
S01010979,3. Associate professional and technical occupations,32,16,16
S01010979,4. Administrative and secretarial occupations,49,11,38
S01010979,5. Skilled trades occupations,58,50,8
S01010979,6. Caring leisure and other service occupations,81,11,70
S01010979,7. Sales and customer service occupations,41,15,26
S01010979,8. Process plant and machine operatives,38,36,2
S01010979,9. Elementary occupations,44,20,24
S01010980,All people aged 16 to 74 in employment,342,158,184
S01010980,1. Managers directors and senior officials,20,12,8
S01010980,2. Professional occupations,41,19,22
S01010980,3. Associate professional and technical occupations,44,23,21
S01010980,4. Administrative and secretarial occupations,48,8,40
S01010980,5. Skilled trades occupations,42,39,3
S01010980,6. Caring leisure and other service occupations,48,8,40
S01010980,7. Sales and customer service occupations,36,7,29
S01010980,8. Process plant and machine operatives,29,27,2
S01010980,9. Elementary occupations,34,15,19
S01010981,All people aged 16 to 74 in employment,312,146,166
S01010981,1. Managers directors and senior officials,25,15,10
S01010981,2. Professional occupations,36,11,25
S01010981,3. Associate professional and technical occupations,22,11,11
S01010981,4. Administrative and secretarial occupations,38,7,31
S01010981,5. Skilled trades occupations,56,50,6
S01010981,6. Caring leisure and other service occupations,40,6,34
S01010981,7. Sales and customer service occupations,41,12,29
S01010981,8. Process plant and machine operatives,21,18,3
S01010981,9. Elementary occupations,33,16,17
S01010982,All people aged 16 to 74 in employment,566,310,256
S01010982,1. Managers directors and senior officials,65,44,21
S01010982,2. Professional occupations,159,89,70
S01010982,3. Associate professional and technical occupations,74,38,36
S01010982,4. Administrative and secretarial occupations,62,17,45
S01010982,5. Skilled trades occupations,68,63,5
S01010982,6. Caring leisure and other service occupations,48,8,40
S01010982,7. Sales and customer service occupations,27,6,21
S01010982,8. Process plant and machine operatives,26,23,3
S01010982,9. Elementary occupations,37,22,15
S01010983,All people aged 16 to 74 in employment,388,201,187
S01010983,1. Managers directors and senior officials,27,18,9
S01010983,2. Professional occupations,63,28,35
S01010983,3. Associate professional and technical occupations,42,29,13
S01010983,4. Administrative and secretarial occupations,65,11,54
S01010983,5. Skilled trades occupations,45,44,1
S01010983,6. Caring leisure and other service occupations,49,9,40
S01010983,7. Sales and customer service occupations,30,14,16
S01010983,8. Process plant and machine operatives,32,31,1
S01010983,9. Elementary occupations,35,17,18
S01010984,All people aged 16 to 74 in employment,269,140,129
S01010984,1. Managers directors and senior officials,31,23,8
S01010984,2. Professional occupations,35,14,21
S01010984,3. Associate professional and technical occupations,40,26,14
S01010984,4. Administrative and secretarial occupations,37,8,29
S01010984,5. Skilled trades occupations,30,27,3
S01010984,6. Caring leisure and other service occupations,31,2,29
S01010984,7. Sales and customer service occupations,24,9,15
S01010984,8. Process plant and machine operatives,19,19,0
S01010984,9. Elementary occupations,22,12,10
S01010985,All people aged 16 to 74 in employment,302,153,149
S01010985,1. Managers directors and senior officials,11,5,6
S01010985,2. Professional occupations,34,12,22
S01010985,3. Associate professional and technical occupations,31,20,11
S01010985,4. Administrative and secretarial occupations,53,7,46
S01010985,5. Skilled trades occupations,56,55,1
S01010985,6. Caring leisure and other service occupations,35,5,30
S01010985,7. Sales and customer service occupations,25,8,17
S01010985,8. Process plant and machine operatives,22,20,2
S01010985,9. Elementary occupations,35,21,14
S01010986,All people aged 16 to 74 in employment,304,160,144
S01010986,1. Managers directors and senior officials,38,21,17
S01010986,2. Professional occupations,45,26,19
S01010986,3. Associate professional and technical occupations,60,34,26
S01010986,4. Administrative and secretarial occupations,45,8,37
S01010986,5. Skilled trades occupations,35,34,1
S01010986,6. Caring leisure and other service occupations,25,3,22
S01010986,7. Sales and customer service occupations,28,11,17
S01010986,8. Process plant and machine operatives,14,14,0
S01010986,9. Elementary occupations,14,9,5
S01010987,All people aged 16 to 74 in employment,349,184,165
S01010987,1. Managers directors and senior officials,39,31,8
S01010987,2. Professional occupations,73,30,43
S01010987,3. Associate professional and technical occupations,73,48,25
S01010987,4. Administrative and secretarial occupations,52,9,43
S01010987,5. Skilled trades occupations,33,30,3
S01010987,6. Caring leisure and other service occupations,21,4,17
S01010987,7. Sales and customer service occupations,23,10,13
S01010987,8. Process plant and machine operatives,21,17,4
S01010987,9. Elementary occupations,14,5,9
S01010988,All people aged 16 to 74 in employment,348,173,175
S01010988,1. Managers directors and senior officials,51,37,14
S01010988,2. Professional occupations,64,29,35
S01010988,3. Associate professional and technical occupations,50,36,14
S01010988,4. Administrative and secretarial occupations,55,5,50
S01010988,5. Skilled trades occupations,21,19,2
S01010988,6. Caring leisure and other service occupations,23,1,22
S01010988,7. Sales and customer service occupations,39,13,26
S01010988,8. Process plant and machine operatives,22,20,2
S01010988,9. Elementary occupations,23,13,10
S01010989,All people aged 16 to 74 in employment,625,312,313
S01010989,1. Managers directors and senior officials,53,41,12
S01010989,2. Professional occupations,129,55,74
S01010989,3. Associate professional and technical occupations,129,80,49
S01010989,4. Administrative and secretarial occupations,99,18,81
S01010989,5. Skilled trades occupations,65,65,0
S01010989,6. Caring leisure and other service occupations,59,8,51
S01010989,7. Sales and customer service occupations,56,22,34
S01010989,8. Process plant and machine operatives,17,14,3
S01010989,9. Elementary occupations,18,9,9
S01010990,All people aged 16 to 74 in employment,378,187,191
S01010990,1. Managers directors and senior officials,18,8,10
S01010990,2. Professional occupations,33,18,15
S01010990,3. Associate professional and technical occupations,34,22,12
S01010990,4. Administrative and secretarial occupations,55,10,45
S01010990,5. Skilled trades occupations,65,60,5
S01010990,6. Caring leisure and other service occupations,71,8,63
S01010990,7. Sales and customer service occupations,48,20,28
S01010990,8. Process plant and machine operatives,23,23,0
S01010990,9. Elementary occupations,31,18,13
S01010991,All people aged 16 to 74 in employment,291,144,147
S01010991,1. Managers directors and senior officials,28,20,8
S01010991,2. Professional occupations,45,22,23
S01010991,3. Associate professional and technical occupations,42,21,21
S01010991,4. Administrative and secretarial occupations,47,10,37
S01010991,5. Skilled trades occupations,35,32,3
S01010991,6. Caring leisure and other service occupations,35,5,30
S01010991,7. Sales and customer service occupations,21,6,15
S01010991,8. Process plant and machine operatives,16,13,3
S01010991,9. Elementary occupations,22,15,7
S01010992,All people aged 16 to 74 in employment,316,167,149
S01010992,1. Managers directors and senior officials,47,30,17
S01010992,2. Professional occupations,98,46,52
S01010992,3. Associate professional and technical occupations,65,37,28
S01010992,4. Administrative and secretarial occupations,25,2,23
S01010992,5. Skilled trades occupations,28,28,0
S01010992,6. Caring leisure and other service occupations,19,3,16
S01010992,7. Sales and customer service occupations,17,6,11
S01010992,8. Process plant and machine operatives,8,7,1
S01010992,9. Elementary occupations,9,8,1
S01010993,All people aged 16 to 74 in employment,336,167,169
S01010993,1. Managers directors and senior officials,34,17,17
S01010993,2. Professional occupations,43,22,21
S01010993,3. Associate professional and technical occupations,58,37,21
S01010993,4. Administrative and secretarial occupations,57,9,48
S01010993,5. Skilled trades occupations,47,42,5
S01010993,6. Caring leisure and other service occupations,27,2,25
S01010993,7. Sales and customer service occupations,30,11,19
S01010993,8. Process plant and machine operatives,13,11,2
S01010993,9. Elementary occupations,27,16,11
S01010994,All people aged 16 to 74 in employment,536,275,261
S01010994,1. Managers directors and senior officials,63,42,21
S01010994,2. Professional occupations,157,79,78
S01010994,3. Associate professional and technical occupations,95,50,45
S01010994,4. Administrative and secretarial occupations,70,23,47
S01010994,5. Skilled trades occupations,36,32,4
S01010994,6. Caring leisure and other service occupations,39,6,33
S01010994,7. Sales and customer service occupations,36,13,23
S01010994,8. Process plant and machine operatives,17,17,0
S01010994,9. Elementary occupations,23,13,10
S01010995,All people aged 16 to 74 in employment,406,194,212
S01010995,1. Managers directors and senior officials,26,19,7
S01010995,2. Professional occupations,59,20,39
S01010995,3. Associate professional and technical occupations,65,40,25
S01010995,4. Administrative and secretarial occupations,78,13,65
S01010995,5. Skilled trades occupations,45,45,0
S01010995,6. Caring leisure and other service occupations,30,3,27
S01010995,7. Sales and customer service occupations,52,15,37
S01010995,8. Process plant and machine operatives,26,24,2
S01010995,9. Elementary occupations,25,15,10
S01010996,All people aged 16 to 74 in employment,320,165,155
S01010996,1. Managers directors and senior officials,40,30,10
S01010996,2. Professional occupations,90,42,48
S01010996,3. Associate professional and technical occupations,47,27,20
S01010996,4. Administrative and secretarial occupations,44,11,33
S01010996,5. Skilled trades occupations,25,24,1
S01010996,6. Caring leisure and other service occupations,26,6,20
S01010996,7. Sales and customer service occupations,21,5,16
S01010996,8. Process plant and machine operatives,15,14,1
S01010996,9. Elementary occupations,12,6,6
S01010997,All people aged 16 to 74 in employment,289,154,135
S01010997,1. Managers directors and senior officials,34,22,12
S01010997,2. Professional occupations,78,40,38
S01010997,3. Associate professional and technical occupations,53,33,20
S01010997,4. Administrative and secretarial occupations,44,7,37
S01010997,5. Skilled trades occupations,26,25,1
S01010997,6. Caring leisure and other service occupations,21,4,17
S01010997,7. Sales and customer service occupations,16,8,8
S01010997,8. Process plant and machine operatives,10,9,1
S01010997,9. Elementary occupations,7,6,1
S01010998,All people aged 16 to 74 in employment,289,148,141
S01010998,1. Managers directors and senior officials,55,33,22
S01010998,2. Professional occupations,98,50,48
S01010998,3. Associate professional and technical occupations,34,14,20
S01010998,4. Administrative and secretarial occupations,27,3,24
S01010998,5. Skilled trades occupations,20,19,1
S01010998,6. Caring leisure and other service occupations,11,4,7
S01010998,7. Sales and customer service occupations,21,6,15
S01010998,8. Process plant and machine operatives,11,10,1
S01010998,9. Elementary occupations,12,9,3
S01010999,All people aged 16 to 74 in employment,381,198,183
S01010999,1. Managers directors and senior officials,59,36,23
S01010999,2. Professional occupations,111,53,58
S01010999,3. Associate professional and technical occupations,51,25,26
S01010999,4. Administrative and secretarial occupations,47,12,35
S01010999,5. Skilled trades occupations,29,26,3
S01010999,6. Caring leisure and other service occupations,33,11,22
S01010999,7. Sales and customer service occupations,22,10,12
S01010999,8. Process plant and machine operatives,10,10,0
S01010999,9. Elementary occupations,19,15,4
S01011000,All people aged 16 to 74 in employment,439,234,205
S01011000,1. Managers directors and senior officials,50,32,18
S01011000,2. Professional occupations,74,38,36
S01011000,3. Associate professional and technical occupations,52,30,22
S01011000,4. Administrative and secretarial occupations,51,11,40
S01011000,5. Skilled trades occupations,53,48,5
S01011000,6. Caring leisure and other service occupations,46,7,39
S01011000,7. Sales and customer service occupations,42,15,27
S01011000,8. Process plant and machine operatives,29,27,2
S01011000,9. Elementary occupations,42,26,16
S01011001,All people aged 16 to 74 in employment,315,162,153
S01011001,1. Managers directors and senior officials,14,8,6
S01011001,2. Professional occupations,22,9,13
S01011001,3. Associate professional and technical occupations,25,14,11
S01011001,4. Administrative and secretarial occupations,55,12,43
S01011001,5. Skilled trades occupations,45,42,3
S01011001,6. Caring leisure and other service occupations,43,9,34
S01011001,7. Sales and customer service occupations,34,11,23
S01011001,8. Process plant and machine operatives,32,32,0
S01011001,9. Elementary occupations,45,25,20
S01011002,All people aged 16 to 74 in employment,331,166,165
S01011002,1. Managers directors and senior officials,13,7,6
S01011002,2. Professional occupations,25,9,16
S01011002,3. Associate professional and technical occupations,33,14,19
S01011002,4. Administrative and secretarial occupations,41,6,35
S01011002,5. Skilled trades occupations,51,48,3
S01011002,6. Caring leisure and other service occupations,40,8,32
S01011002,7. Sales and customer service occupations,27,7,20
S01011002,8. Process plant and machine operatives,28,26,2
S01011002,9. Elementary occupations,73,41,32
S01011003,All people aged 16 to 74 in employment,321,156,165
S01011003,1. Managers directors and senior officials,23,11,12
S01011003,2. Professional occupations,17,5,12
S01011003,3. Associate professional and technical occupations,23,14,9
S01011003,4. Administrative and secretarial occupations,44,6,38
S01011003,5. Skilled trades occupations,55,48,7
S01011003,6. Caring leisure and other service occupations,47,7,40
S01011003,7. Sales and customer service occupations,34,8,26
S01011003,8. Process plant and machine operatives,25,25,0
S01011003,9. Elementary occupations,53,32,21
S01011004,All people aged 16 to 74 in employment,340,166,174
S01011004,1. Managers directors and senior officials,31,18,13
S01011004,2. Professional occupations,60,33,27
S01011004,3. Associate professional and technical occupations,33,19,14
S01011004,4. Administrative and secretarial occupations,55,7,48
S01011004,5. Skilled trades occupations,40,36,4
S01011004,6. Caring leisure and other service occupations,35,5,30
S01011004,7. Sales and customer service occupations,31,11,20
S01011004,8. Process plant and machine operatives,21,18,3
S01011004,9. Elementary occupations,34,19,15
S01011005,All people aged 16 to 74 in employment,295,152,143
S01011005,1. Managers directors and senior officials,11,7,4
S01011005,2. Professional occupations,29,10,19
S01011005,3. Associate professional and technical occupations,37,25,12
S01011005,4. Administrative and secretarial occupations,46,12,34
S01011005,5. Skilled trades occupations,47,42,5
S01011005,6. Caring leisure and other service occupations,39,10,29
S01011005,7. Sales and customer service occupations,33,9,24
S01011005,8. Process plant and machine operatives,22,20,2
S01011005,9. Elementary occupations,31,17,14
S01011006,All people aged 16 to 74 in employment,554,282,272
S01011006,1. Managers directors and senior officials,56,31,25
S01011006,2. Professional occupations,67,28,39
S01011006,3. Associate professional and technical occupations,88,44,44
S01011006,4. Administrative and secretarial occupations,71,11,60
S01011006,5. Skilled trades occupations,78,73,5
S01011006,6. Caring leisure and other service occupations,62,13,49
S01011006,7. Sales and customer service occupations,44,18,26
S01011006,8. Process plant and machine operatives,32,31,1
S01011006,9. Elementary occupations,56,33,23
S01011007,All people aged 16 to 74 in employment,305,153,152
S01011007,1. Managers directors and senior officials,13,8,5
S01011007,2. Professional occupations,16,10,6
S01011007,3. Associate professional and technical occupations,15,4,11
S01011007,4. Administrative and secretarial occupations,37,8,29
S01011007,5. Skilled trades occupations,70,57,13
S01011007,6. Caring leisure and other service occupations,43,4,39
S01011007,7. Sales and customer service occupations,32,11,21
S01011007,8. Process plant and machine operatives,23,22,1
S01011007,9. Elementary occupations,56,29,27
S01011008,All people aged 16 to 74 in employment,361,188,173
S01011008,1. Managers directors and senior officials,20,11,9
S01011008,2. Professional occupations,24,14,10
S01011008,3. Associate professional and technical occupations,20,12,8
S01011008,4. Administrative and secretarial occupations,54,9,45
S01011008,5. Skilled trades occupations,70,62,8
S01011008,6. Caring leisure and other service occupations,42,11,31
S01011008,7. Sales and customer service occupations,36,12,24
S01011008,8. Process plant and machine operatives,29,28,1
S01011008,9. Elementary occupations,66,29,37
S01011009,All people aged 16 to 74 in employment,281,130,151
S01011009,1. Managers directors and senior officials,18,8,10
S01011009,2. Professional occupations,8,1,7
S01011009,3. Associate professional and technical occupations,19,12,7
S01011009,4. Administrative and secretarial occupations,43,6,37
S01011009,5. Skilled trades occupations,46,41,5
S01011009,6. Caring leisure and other service occupations,38,6,32
S01011009,7. Sales and customer service occupations,26,7,19
S01011009,8. Process plant and machine operatives,28,24,4
S01011009,9. Elementary occupations,55,25,30
S01011010,All people aged 16 to 74 in employment,264,138,126
S01011010,1. Managers directors and senior officials,15,7,8
S01011010,2. Professional occupations,38,13,25
S01011010,3. Associate professional and technical occupations,26,17,9
S01011010,4. Administrative and secretarial occupations,37,11,26
S01011010,5. Skilled trades occupations,32,31,1
S01011010,6. Caring leisure and other service occupations,34,9,25
S01011010,7. Sales and customer service occupations,22,6,16
S01011010,8. Process plant and machine operatives,20,19,1
S01011010,9. Elementary occupations,40,25,15
S01011011,All people aged 16 to 74 in employment,314,156,158
S01011011,1. Managers directors and senior officials,18,12,6
S01011011,2. Professional occupations,23,14,9
S01011011,3. Associate professional and technical occupations,28,12,16
S01011011,4. Administrative and secretarial occupations,47,7,40
S01011011,5. Skilled trades occupations,47,41,6
S01011011,6. Caring leisure and other service occupations,43,10,33
S01011011,7. Sales and customer service occupations,34,11,23
S01011011,8. Process plant and machine operatives,23,21,2
S01011011,9. Elementary occupations,51,28,23
S01011012,All people aged 16 to 74 in employment,273,132,141
S01011012,1. Managers directors and senior officials,11,4,7
S01011012,2. Professional occupations,24,12,12
S01011012,3. Associate professional and technical occupations,18,6,12
S01011012,4. Administrative and secretarial occupations,18,4,14
S01011012,5. Skilled trades occupations,50,42,8
S01011012,6. Caring leisure and other service occupations,39,5,34
S01011012,7. Sales and customer service occupations,29,6,23
S01011012,8. Process plant and machine operatives,32,27,5
S01011012,9. Elementary occupations,52,26,26
S01011013,All people aged 16 to 74 in employment,367,186,181
S01011013,1. Managers directors and senior officials,17,12,5
S01011013,2. Professional occupations,22,11,11
S01011013,3. Associate professional and technical occupations,35,16,19
S01011013,4. Administrative and secretarial occupations,45,12,33
S01011013,5. Skilled trades occupations,61,52,9
S01011013,6. Caring leisure and other service occupations,67,8,59
S01011013,7. Sales and customer service occupations,30,9,21
S01011013,8. Process plant and machine operatives,30,29,1
S01011013,9. Elementary occupations,60,37,23
S01011014,All people aged 16 to 74 in employment,458,231,227
S01011014,1. Managers directors and senior officials,29,20,9
S01011014,2. Professional occupations,45,20,25
S01011014,3. Associate professional and technical occupations,52,28,24
S01011014,4. Administrative and secretarial occupations,76,17,59
S01011014,5. Skilled trades occupations,59,54,5
S01011014,6. Caring leisure and other service occupations,64,11,53
S01011014,7. Sales and customer service occupations,54,21,33
S01011014,8. Process plant and machine operatives,35,32,3
S01011014,9. Elementary occupations,44,28,16
S01011015,All people aged 16 to 74 in employment,241,119,122
S01011015,1. Managers directors and senior officials,17,8,9
S01011015,2. Professional occupations,25,9,16
S01011015,3. Associate professional and technical occupations,34,16,18
S01011015,4. Administrative and secretarial occupations,31,10,21
S01011015,5. Skilled trades occupations,32,30,2
S01011015,6. Caring leisure and other service occupations,35,6,29
S01011015,7. Sales and customer service occupations,22,9,13
S01011015,8. Process plant and machine operatives,16,16,0
S01011015,9. Elementary occupations,29,15,14
S01011016,All people aged 16 to 74 in employment,495,257,238
S01011016,1. Managers directors and senior officials,60,38,22
S01011016,2. Professional occupations,89,41,48
S01011016,3. Associate professional and technical occupations,80,51,29
S01011016,4. Administrative and secretarial occupations,71,15,56
S01011016,5. Skilled trades occupations,67,58,9
S01011016,6. Caring leisure and other service occupations,39,7,32
S01011016,7. Sales and customer service occupations,40,11,29
S01011016,8. Process plant and machine operatives,26,23,3
S01011016,9. Elementary occupations,23,13,10
S01011017,All people aged 16 to 74 in employment,438,216,222
S01011017,1. Managers directors and senior officials,53,26,27
S01011017,2. Professional occupations,106,52,54
S01011017,3. Associate professional and technical occupations,54,26,28
S01011017,4. Administrative and secretarial occupations,56,9,47
S01011017,5. Skilled trades occupations,57,51,6
S01011017,6. Caring leisure and other service occupations,42,6,36
S01011017,7. Sales and customer service occupations,24,11,13
S01011017,8. Process plant and machine operatives,24,22,2
S01011017,9. Elementary occupations,22,13,9
S01011018,All people aged 16 to 74 in employment,423,225,198
S01011018,1. Managers directors and senior officials,28,15,13
S01011018,2. Professional occupations,56,20,36
S01011018,3. Associate professional and technical occupations,58,33,25
S01011018,4. Administrative and secretarial occupations,43,5,38
S01011018,5. Skilled trades occupations,84,74,10
S01011018,6. Caring leisure and other service occupations,31,8,23
S01011018,7. Sales and customer service occupations,42,19,23
S01011018,8. Process plant and machine operatives,30,27,3
S01011018,9. Elementary occupations,51,24,27
S01011019,All people aged 16 to 74 in employment,530,279,251
S01011019,1. Managers directors and senior officials,58,40,18
S01011019,2. Professional occupations,105,50,55
S01011019,3. Associate professional and technical occupations,64,32,32
S01011019,4. Administrative and secretarial occupations,53,10,43
S01011019,5. Skilled trades occupations,83,71,12
S01011019,6. Caring leisure and other service occupations,50,6,44
S01011019,7. Sales and customer service occupations,38,15,23
S01011019,8. Process plant and machine operatives,30,28,2
S01011019,9. Elementary occupations,49,27,22
S01011020,All people aged 16 to 74 in employment,255,136,119
S01011020,1. Managers directors and senior officials,29,19,10
S01011020,2. Professional occupations,64,33,31
S01011020,3. Associate professional and technical occupations,34,15,19
S01011020,4. Administrative and secretarial occupations,34,2,32
S01011020,5. Skilled trades occupations,46,40,6
S01011020,6. Caring leisure and other service occupations,11,0,11
S01011020,7. Sales and customer service occupations,13,8,5
S01011020,8. Process plant and machine operatives,14,11,3
S01011020,9. Elementary occupations,10,8,2
S01011021,All people aged 16 to 74 in employment,395,201,194
S01011021,1. Managers directors and senior officials,25,12,13
S01011021,2. Professional occupations,30,8,22
S01011021,3. Associate professional and technical occupations,36,22,14
S01011021,4. Administrative and secretarial occupations,50,5,45
S01011021,5. Skilled trades occupations,66,59,7
S01011021,6. Caring leisure and other service occupations,53,13,40
S01011021,7. Sales and customer service occupations,33,13,20
S01011021,8. Process plant and machine operatives,39,37,2
S01011021,9. Elementary occupations,63,32,31
S01011022,All people aged 16 to 74 in employment,269,134,135
S01011022,1. Managers directors and senior officials,8,3,5
S01011022,2. Professional occupations,15,6,9
S01011022,3. Associate professional and technical occupations,13,10,3
S01011022,4. Administrative and secretarial occupations,28,3,25
S01011022,5. Skilled trades occupations,38,34,4
S01011022,6. Caring leisure and other service occupations,33,8,25
S01011022,7. Sales and customer service occupations,36,11,25
S01011022,8. Process plant and machine operatives,30,28,2
S01011022,9. Elementary occupations,68,31,37
S01011023,All people aged 16 to 74 in employment,409,206,203
S01011023,1. Managers directors and senior officials,25,16,9
S01011023,2. Professional occupations,44,16,28
S01011023,3. Associate professional and technical occupations,28,15,13
S01011023,4. Administrative and secretarial occupations,52,9,43
S01011023,5. Skilled trades occupations,68,62,6
S01011023,6. Caring leisure and other service occupations,56,9,47
S01011023,7. Sales and customer service occupations,38,12,26
S01011023,8. Process plant and machine operatives,41,36,5
S01011023,9. Elementary occupations,57,31,26
S01011024,All people aged 16 to 74 in employment,321,152,169
S01011024,1. Managers directors and senior officials,20,10,10
S01011024,2. Professional occupations,16,10,6
S01011024,3. Associate professional and technical occupations,24,15,9
S01011024,4. Administrative and secretarial occupations,35,4,31
S01011024,5. Skilled trades occupations,60,49,11
S01011024,6. Caring leisure and other service occupations,54,7,47
S01011024,7. Sales and customer service occupations,35,12,23
S01011024,8. Process plant and machine operatives,25,24,1
S01011024,9. Elementary occupations,52,21,31
S01011025,All people aged 16 to 74 in employment,351,171,180
S01011025,1. Managers directors and senior officials,15,6,9
S01011025,2. Professional occupations,17,5,12
S01011025,3. Associate professional and technical occupations,16,8,8
S01011025,4. Administrative and secretarial occupations,54,13,41
S01011025,5. Skilled trades occupations,50,43,7
S01011025,6. Caring leisure and other service occupations,47,6,41
S01011025,7. Sales and customer service occupations,43,17,26
S01011025,8. Process plant and machine operatives,42,38,4
S01011025,9. Elementary occupations,67,35,32
S01011026,All people aged 16 to 74 in employment,265,137,128
S01011026,1. Managers directors and senior officials,11,6,5
S01011026,2. Professional occupations,11,5,6
S01011026,3. Associate professional and technical occupations,12,7,5
S01011026,4. Administrative and secretarial occupations,33,5,28
S01011026,5. Skilled trades occupations,48,46,2
S01011026,6. Caring leisure and other service occupations,45,12,33
S01011026,7. Sales and customer service occupations,32,11,21
S01011026,8. Process plant and machine operatives,26,22,4
S01011026,9. Elementary occupations,47,23,24
S01011027,All people aged 16 to 74 in employment,386,198,188
S01011027,1. Managers directors and senior officials,12,9,3
S01011027,2. Professional occupations,23,11,12
S01011027,3. Associate professional and technical occupations,23,14,9
S01011027,4. Administrative and secretarial occupations,46,8,38
S01011027,5. Skilled trades occupations,49,45,4
S01011027,6. Caring leisure and other service occupations,60,8,52
S01011027,7. Sales and customer service occupations,37,11,26
S01011027,8. Process plant and machine operatives,46,45,1
S01011027,9. Elementary occupations,90,47,43
S01011028,All people aged 16 to 74 in employment,371,185,186
S01011028,1. Managers directors and senior officials,14,6,8
S01011028,2. Professional occupations,26,9,17
S01011028,3. Associate professional and technical occupations,18,10,8
S01011028,4. Administrative and secretarial occupations,39,12,27
S01011028,5. Skilled trades occupations,55,47,8
S01011028,6. Caring leisure and other service occupations,56,6,50
S01011028,7. Sales and customer service occupations,39,12,27
S01011028,8. Process plant and machine operatives,48,44,4
S01011028,9. Elementary occupations,76,39,37
S01011029,All people aged 16 to 74 in employment,297,153,144
S01011029,1. Managers directors and senior officials,16,9,7
S01011029,2. Professional occupations,21,13,8
S01011029,3. Associate professional and technical occupations,30,17,13
S01011029,4. Administrative and secretarial occupations,36,6,30
S01011029,5. Skilled trades occupations,53,48,5
S01011029,6. Caring leisure and other service occupations,44,6,38
S01011029,7. Sales and customer service occupations,33,12,21
S01011029,8. Process plant and machine operatives,24,23,1
S01011029,9. Elementary occupations,40,19,21
S01011030,All people aged 16 to 74 in employment,552,284,268
S01011030,1. Managers directors and senior officials,33,20,13
S01011030,2. Professional occupations,63,26,37
S01011030,3. Associate professional and technical occupations,56,36,20
S01011030,4. Administrative and secretarial occupations,102,20,82
S01011030,5. Skilled trades occupations,82,76,6
S01011030,6. Caring leisure and other service occupations,61,12,49
S01011030,7. Sales and customer service occupations,49,13,36
S01011030,8. Process plant and machine operatives,51,46,5
S01011030,9. Elementary occupations,55,35,20
S01011031,All people aged 16 to 74 in employment,309,143,166
S01011031,1. Managers directors and senior officials,9,6,3
S01011031,2. Professional occupations,23,8,15
S01011031,3. Associate professional and technical occupations,17,8,9
S01011031,4. Administrative and secretarial occupations,40,5,35
S01011031,5. Skilled trades occupations,52,43,9
S01011031,6. Caring leisure and other service occupations,56,11,45
S01011031,7. Sales and customer service occupations,20,8,12
S01011031,8. Process plant and machine operatives,28,24,4
S01011031,9. Elementary occupations,64,30,34
S01011032,All people aged 16 to 74 in employment,355,180,175
S01011032,1. Managers directors and senior officials,21,13,8
S01011032,2. Professional occupations,22,10,12
S01011032,3. Associate professional and technical occupations,34,20,14
S01011032,4. Administrative and secretarial occupations,48,10,38
S01011032,5. Skilled trades occupations,49,46,3
S01011032,6. Caring leisure and other service occupations,60,15,45
S01011032,7. Sales and customer service occupations,38,6,32
S01011032,8. Process plant and machine operatives,29,24,5
S01011032,9. Elementary occupations,54,36,18
S01011033,All people aged 16 to 74 in employment,360,186,174
S01011033,1. Managers directors and senior officials,20,16,4
S01011033,2. Professional occupations,50,21,29
S01011033,3. Associate professional and technical occupations,42,19,23
S01011033,4. Administrative and secretarial occupations,55,11,44
S01011033,5. Skilled trades occupations,54,50,4
S01011033,6. Caring leisure and other service occupations,48,10,38
S01011033,7. Sales and customer service occupations,28,13,15
S01011033,8. Process plant and machine operatives,30,27,3
S01011033,9. Elementary occupations,33,19,14
S01011034,All people aged 16 to 74 in employment,299,138,161
S01011034,1. Managers directors and senior officials,24,11,13
S01011034,2. Professional occupations,33,11,22
S01011034,3. Associate professional and technical occupations,42,27,15
S01011034,4. Administrative and secretarial occupations,23,0,23
S01011034,5. Skilled trades occupations,37,34,3
S01011034,6. Caring leisure and other service occupations,53,7,46
S01011034,7. Sales and customer service occupations,36,13,23
S01011034,8. Process plant and machine operatives,16,15,1
S01011034,9. Elementary occupations,35,20,15
S01011035,All people aged 16 to 74 in employment,311,155,156
S01011035,1. Managers directors and senior officials,20,11,9
S01011035,2. Professional occupations,29,9,20
S01011035,3. Associate professional and technical occupations,28,14,14
S01011035,4. Administrative and secretarial occupations,36,6,30
S01011035,5. Skilled trades occupations,44,40,4
S01011035,6. Caring leisure and other service occupations,38,6,32
S01011035,7. Sales and customer service occupations,39,15,24
S01011035,8. Process plant and machine operatives,23,19,4
S01011035,9. Elementary occupations,54,35,19
S01011036,All people aged 16 to 74 in employment,341,177,164
S01011036,1. Managers directors and senior officials,35,20,15
S01011036,2. Professional occupations,42,18,24
S01011036,3. Associate professional and technical occupations,47,30,17
S01011036,4. Administrative and secretarial occupations,48,8,40
S01011036,5. Skilled trades occupations,35,32,3
S01011036,6. Caring leisure and other service occupations,29,5,24
S01011036,7. Sales and customer service occupations,43,15,28
S01011036,8. Process plant and machine operatives,34,32,2
S01011036,9. Elementary occupations,28,17,11
S01011037,All people aged 16 to 74 in employment,415,211,204
S01011037,1. Managers directors and senior officials,38,20,18
S01011037,2. Professional occupations,35,14,21
S01011037,3. Associate professional and technical occupations,35,19,16
S01011037,4. Administrative and secretarial occupations,46,8,38
S01011037,5. Skilled trades occupations,56,47,9
S01011037,6. Caring leisure and other service occupations,63,15,48
S01011037,7. Sales and customer service occupations,55,23,32
S01011037,8. Process plant and machine operatives,34,33,1
S01011037,9. Elementary occupations,53,32,21
S01011038,All people aged 16 to 74 in employment,348,174,174
S01011038,1. Managers directors and senior officials,12,7,5
S01011038,2. Professional occupations,16,8,8
S01011038,3. Associate professional and technical occupations,10,6,4
S01011038,4. Administrative and secretarial occupations,37,10,27
S01011038,5. Skilled trades occupations,68,58,10
S01011038,6. Caring leisure and other service occupations,67,13,54
S01011038,7. Sales and customer service occupations,38,8,30
S01011038,8. Process plant and machine operatives,30,28,2
S01011038,9. Elementary occupations,70,36,34
S01011039,All people aged 16 to 74 in employment,400,220,180
S01011039,1. Managers directors and senior officials,17,12,5
S01011039,2. Professional occupations,44,22,22
S01011039,3. Associate professional and technical occupations,51,29,22
S01011039,4. Administrative and secretarial occupations,61,15,46
S01011039,5. Skilled trades occupations,52,50,2
S01011039,6. Caring leisure and other service occupations,52,9,43
S01011039,7. Sales and customer service occupations,35,11,24
S01011039,8. Process plant and machine operatives,41,40,1
S01011039,9. Elementary occupations,47,32,15
S01011040,All people aged 16 to 74 in employment,308,153,155
S01011040,1. Managers directors and senior officials,21,8,13
S01011040,2. Professional occupations,23,9,14
S01011040,3. Associate professional and technical occupations,17,13,4
S01011040,4. Administrative and secretarial occupations,38,8,30
S01011040,5. Skilled trades occupations,67,61,6
S01011040,6. Caring leisure and other service occupations,45,4,41
S01011040,7. Sales and customer service occupations,28,8,20
S01011040,8. Process plant and machine operatives,17,13,4
S01011040,9. Elementary occupations,52,29,23
S01011041,All people aged 16 to 74 in employment,278,130,148
S01011041,1. Managers directors and senior officials,13,8,5
S01011041,2. Professional occupations,26,9,17
S01011041,3. Associate professional and technical occupations,23,12,11
S01011041,4. Administrative and secretarial occupations,29,3,26
S01011041,5. Skilled trades occupations,41,37,4
S01011041,6. Caring leisure and other service occupations,40,6,34
S01011041,7. Sales and customer service occupations,37,11,26
S01011041,8. Process plant and machine operatives,16,15,1
S01011041,9. Elementary occupations,53,29,24
S01011042,All people aged 16 to 74 in employment,430,212,218
S01011042,1. Managers directors and senior officials,46,30,16
S01011042,2. Professional occupations,62,29,33
S01011042,3. Associate professional and technical occupations,45,21,24
S01011042,4. Administrative and secretarial occupations,74,15,59
S01011042,5. Skilled trades occupations,66,60,6
S01011042,6. Caring leisure and other service occupations,43,5,38
S01011042,7. Sales and customer service occupations,36,9,27
S01011042,8. Process plant and machine operatives,27,24,3
S01011042,9. Elementary occupations,31,19,12
S01011043,All people aged 16 to 74 in employment,302,158,144
S01011043,1. Managers directors and senior officials,23,12,11
S01011043,2. Professional occupations,37,12,25
S01011043,3. Associate professional and technical occupations,18,11,7
S01011043,4. Administrative and secretarial occupations,31,6,25
S01011043,5. Skilled trades occupations,45,41,4
S01011043,6. Caring leisure and other service occupations,51,10,41
S01011043,7. Sales and customer service occupations,20,9,11
S01011043,8. Process plant and machine operatives,40,38,2
S01011043,9. Elementary occupations,37,19,18
S01011044,All people aged 16 to 74 in employment,309,147,162
S01011044,1. Managers directors and senior officials,21,12,9
S01011044,2. Professional occupations,26,10,16
S01011044,3. Associate professional and technical occupations,40,20,20
S01011044,4. Administrative and secretarial occupations,40,8,32
S01011044,5. Skilled trades occupations,39,35,4
S01011044,6. Caring leisure and other service occupations,41,6,35
S01011044,7. Sales and customer service occupations,28,8,20
S01011044,8. Process plant and machine operatives,34,30,4
S01011044,9. Elementary occupations,40,18,22
S01011045,All people aged 16 to 74 in employment,386,211,175
S01011045,1. Managers directors and senior officials,35,20,15
S01011045,2. Professional occupations,34,18,16
S01011045,3. Associate professional and technical occupations,45,30,15
S01011045,4. Administrative and secretarial occupations,42,2,40
S01011045,5. Skilled trades occupations,80,64,16
S01011045,6. Caring leisure and other service occupations,37,5,32
S01011045,7. Sales and customer service occupations,18,4,14
S01011045,8. Process plant and machine operatives,45,40,5
S01011045,9. Elementary occupations,50,28,22
S01011046,All people aged 16 to 74 in employment,458,268,190
S01011046,1. Managers directors and senior officials,52,29,23
S01011046,2. Professional occupations,35,12,23
S01011046,3. Associate professional and technical occupations,45,32,13
S01011046,4. Administrative and secretarial occupations,41,3,38
S01011046,5. Skilled trades occupations,111,94,17
S01011046,6. Caring leisure and other service occupations,38,3,35
S01011046,7. Sales and customer service occupations,25,10,15
S01011046,8. Process plant and machine operatives,53,47,6
S01011046,9. Elementary occupations,58,38,20
S01011047,All people aged 16 to 74 in employment,465,253,212
S01011047,1. Managers directors and senior officials,35,27,8
S01011047,2. Professional occupations,57,18,39
S01011047,3. Associate professional and technical occupations,42,24,18
S01011047,4. Administrative and secretarial occupations,45,11,34
S01011047,5. Skilled trades occupations,114,98,16
S01011047,6. Caring leisure and other service occupations,34,2,32
S01011047,7. Sales and customer service occupations,22,3,19
S01011047,8. Process plant and machine operatives,58,53,5
S01011047,9. Elementary occupations,58,17,41
S01011048,All people aged 16 to 74 in employment,470,244,226
S01011048,1. Managers directors and senior officials,36,18,18
S01011048,2. Professional occupations,44,16,28
S01011048,3. Associate professional and technical occupations,38,22,16
S01011048,4. Administrative and secretarial occupations,32,3,29
S01011048,5. Skilled trades occupations,94,89,5
S01011048,6. Caring leisure and other service occupations,57,7,50
S01011048,7. Sales and customer service occupations,24,3,21
S01011048,8. Process plant and machine operatives,65,53,12
S01011048,9. Elementary occupations,80,33,47
S01011049,All people aged 16 to 74 in employment,351,195,156
S01011049,1. Managers directors and senior officials,9,4,5
S01011049,2. Professional occupations,31,11,20
S01011049,3. Associate professional and technical occupations,26,15,11
S01011049,4. Administrative and secretarial occupations,24,1,23
S01011049,5. Skilled trades occupations,54,51,3
S01011049,6. Caring leisure and other service occupations,37,5,32
S01011049,7. Sales and customer service occupations,21,5,16
S01011049,8. Process plant and machine operatives,79,70,9
S01011049,9. Elementary occupations,70,33,37
S01011050,All people aged 16 to 74 in employment,411,231,180
S01011050,1. Managers directors and senior officials,34,20,14
S01011050,2. Professional occupations,43,18,25
S01011050,3. Associate professional and technical occupations,52,31,21
S01011050,4. Administrative and secretarial occupations,23,3,20
S01011050,5. Skilled trades occupations,84,75,9
S01011050,6. Caring leisure and other service occupations,51,3,48
S01011050,7. Sales and customer service occupations,20,5,15
S01011050,8. Process plant and machine operatives,52,48,4
S01011050,9. Elementary occupations,52,28,24
S01011051,All people aged 16 to 74 in employment,476,254,222
S01011051,1. Managers directors and senior officials,47,29,18
S01011051,2. Professional occupations,57,25,32
S01011051,3. Associate professional and technical occupations,37,22,15
S01011051,4. Administrative and secretarial occupations,38,5,33
S01011051,5. Skilled trades occupations,91,79,12
S01011051,6. Caring leisure and other service occupations,51,6,45
S01011051,7. Sales and customer service occupations,21,1,20
S01011051,8. Process plant and machine operatives,66,57,9
S01011051,9. Elementary occupations,68,30,38
S01011052,All people aged 16 to 74 in employment,370,188,182
S01011052,1. Managers directors and senior officials,37,22,15
S01011052,2. Professional occupations,53,20,33
S01011052,3. Associate professional and technical occupations,31,15,16
S01011052,4. Administrative and secretarial occupations,20,3,17
S01011052,5. Skilled trades occupations,61,57,4
S01011052,6. Caring leisure and other service occupations,40,4,36
S01011052,7. Sales and customer service occupations,19,7,12
S01011052,8. Process plant and machine operatives,53,40,13
S01011052,9. Elementary occupations,56,20,36
S01011053,All people aged 16 to 74 in employment,293,161,132
S01011053,1. Managers directors and senior officials,18,9,9
S01011053,2. Professional occupations,27,6,21
S01011053,3. Associate professional and technical occupations,19,9,10
S01011053,4. Administrative and secretarial occupations,26,3,23
S01011053,5. Skilled trades occupations,55,50,5
S01011053,6. Caring leisure and other service occupations,29,7,22
S01011053,7. Sales and customer service occupations,14,2,12
S01011053,8. Process plant and machine operatives,37,31,6
S01011053,9. Elementary occupations,68,44,24
S01011054,All people aged 16 to 74 in employment,279,148,131
S01011054,1. Managers directors and senior officials,27,19,8
S01011054,2. Professional occupations,35,14,21
S01011054,3. Associate professional and technical occupations,25,15,10
S01011054,4. Administrative and secretarial occupations,26,4,22
S01011054,5. Skilled trades occupations,48,43,5
S01011054,6. Caring leisure and other service occupations,31,4,27
S01011054,7. Sales and customer service occupations,14,4,10
S01011054,8. Process plant and machine operatives,36,29,7
S01011054,9. Elementary occupations,37,16,21
S01011055,All people aged 16 to 74 in employment,297,171,126
S01011055,1. Managers directors and senior officials,18,13,5
S01011055,2. Professional occupations,47,18,29
S01011055,3. Associate professional and technical occupations,28,13,15
S01011055,4. Administrative and secretarial occupations,25,3,22
S01011055,5. Skilled trades occupations,64,60,4
S01011055,6. Caring leisure and other service occupations,40,7,33
S01011055,7. Sales and customer service occupations,4,0,4
S01011055,8. Process plant and machine operatives,37,35,2
S01011055,9. Elementary occupations,34,22,12
S01011056,All people aged 16 to 74 in employment,372,209,163
S01011056,1. Managers directors and senior officials,30,16,14
S01011056,2. Professional occupations,49,20,29
S01011056,3. Associate professional and technical occupations,34,21,13
S01011056,4. Administrative and secretarial occupations,23,2,21
S01011056,5. Skilled trades occupations,95,83,12
S01011056,6. Caring leisure and other service occupations,37,3,34
S01011056,7. Sales and customer service occupations,18,3,15
S01011056,8. Process plant and machine operatives,43,33,10
S01011056,9. Elementary occupations,43,28,15
S01011057,All people aged 16 to 74 in employment,313,180,133
S01011057,1. Managers directors and senior officials,20,12,8
S01011057,2. Professional occupations,20,8,12
S01011057,3. Associate professional and technical occupations,27,13,14
S01011057,4. Administrative and secretarial occupations,28,4,24
S01011057,5. Skilled trades occupations,82,70,12
S01011057,6. Caring leisure and other service occupations,23,1,22
S01011057,7. Sales and customer service occupations,21,9,12
S01011057,8. Process plant and machine operatives,48,39,9
S01011057,9. Elementary occupations,44,24,20
S01011058,All people aged 16 to 74 in employment,348,187,161
S01011058,1. Managers directors and senior officials,25,14,11
S01011058,2. Professional occupations,44,12,32
S01011058,3. Associate professional and technical occupations,42,24,18
S01011058,4. Administrative and secretarial occupations,30,6,24
S01011058,5. Skilled trades occupations,89,75,14
S01011058,6. Caring leisure and other service occupations,24,1,23
S01011058,7. Sales and customer service occupations,30,6,24
S01011058,8. Process plant and machine operatives,34,31,3
S01011058,9. Elementary occupations,30,18,12
S01011059,All people aged 16 to 74 in employment,323,183,140
S01011059,1. Managers directors and senior officials,23,15,8
S01011059,2. Professional occupations,38,16,22
S01011059,3. Associate professional and technical occupations,32,21,11
S01011059,4. Administrative and secretarial occupations,32,3,29
S01011059,5. Skilled trades occupations,80,73,7
S01011059,6. Caring leisure and other service occupations,20,0,20
S01011059,7. Sales and customer service occupations,21,6,15
S01011059,8. Process plant and machine operatives,42,35,7
S01011059,9. Elementary occupations,35,14,21
S01011060,All people aged 16 to 74 in employment,394,215,179
S01011060,1. Managers directors and senior officials,26,20,6
S01011060,2. Professional occupations,47,23,24
S01011060,3. Associate professional and technical occupations,32,21,11
S01011060,4. Administrative and secretarial occupations,43,2,41
S01011060,5. Skilled trades occupations,75,66,9
S01011060,6. Caring leisure and other service occupations,43,5,38
S01011060,7. Sales and customer service occupations,34,10,24
S01011060,8. Process plant and machine operatives,42,39,3
S01011060,9. Elementary occupations,52,29,23
S01011061,All people aged 16 to 74 in employment,425,219,206
S01011061,1. Managers directors and senior officials,16,8,8
S01011061,2. Professional occupations,19,6,13
S01011061,3. Associate professional and technical occupations,23,14,9
S01011061,4. Administrative and secretarial occupations,31,3,28
S01011061,5. Skilled trades occupations,79,67,12
S01011061,6. Caring leisure and other service occupations,51,2,49
S01011061,7. Sales and customer service occupations,49,11,38
S01011061,8. Process plant and machine operatives,86,76,10
S01011061,9. Elementary occupations,71,32,39
S01011062,All people aged 16 to 74 in employment,486,271,215
S01011062,1. Managers directors and senior officials,34,19,15
S01011062,2. Professional occupations,36,19,17
S01011062,3. Associate professional and technical occupations,30,18,12
S01011062,4. Administrative and secretarial occupations,48,7,41
S01011062,5. Skilled trades occupations,116,106,10
S01011062,6. Caring leisure and other service occupations,53,7,46
S01011062,7. Sales and customer service occupations,45,9,36
S01011062,8. Process plant and machine operatives,55,48,7
S01011062,9. Elementary occupations,69,38,31
S01011063,All people aged 16 to 74 in employment,462,230,232
S01011063,1. Managers directors and senior officials,18,10,8
S01011063,2. Professional occupations,36,16,20
S01011063,3. Associate professional and technical occupations,28,17,11
S01011063,4. Administrative and secretarial occupations,37,6,31
S01011063,5. Skilled trades occupations,92,84,8
S01011063,6. Caring leisure and other service occupations,63,7,56
S01011063,7. Sales and customer service occupations,54,9,45
S01011063,8. Process plant and machine operatives,64,48,16
S01011063,9. Elementary occupations,70,33,37
S01011064,All people aged 16 to 74 in employment,517,279,238
S01011064,1. Managers directors and senior officials,50,26,24
S01011064,2. Professional occupations,43,15,28
S01011064,3. Associate professional and technical occupations,34,17,17
S01011064,4. Administrative and secretarial occupations,55,5,50
S01011064,5. Skilled trades occupations,102,93,9
S01011064,6. Caring leisure and other service occupations,45,4,41
S01011064,7. Sales and customer service occupations,39,8,31
S01011064,8. Process plant and machine operatives,58,52,6
S01011064,9. Elementary occupations,91,59,32
S01011065,All people aged 16 to 74 in employment,327,188,139
S01011065,1. Managers directors and senior officials,33,24,9
S01011065,2. Professional occupations,38,15,23
S01011065,3. Associate professional and technical occupations,33,21,12
S01011065,4. Administrative and secretarial occupations,29,4,25
S01011065,5. Skilled trades occupations,59,59,0
S01011065,6. Caring leisure and other service occupations,35,4,31
S01011065,7. Sales and customer service occupations,22,10,12
S01011065,8. Process plant and machine operatives,37,32,5
S01011065,9. Elementary occupations,41,19,22
S01011066,All people aged 16 to 74 in employment,231,121,110
S01011066,1. Managers directors and senior officials,25,15,10
S01011066,2. Professional occupations,33,16,17
S01011066,3. Associate professional and technical occupations,16,9,7
S01011066,4. Administrative and secretarial occupations,27,4,23
S01011066,5. Skilled trades occupations,46,42,4
S01011066,6. Caring leisure and other service occupations,22,1,21
S01011066,7. Sales and customer service occupations,16,4,12
S01011066,8. Process plant and machine operatives,19,15,4
S01011066,9. Elementary occupations,27,15,12
S01011067,All people aged 16 to 74 in employment,236,134,102
S01011067,1. Managers directors and senior officials,20,9,11
S01011067,2. Professional occupations,27,12,15
S01011067,3. Associate professional and technical occupations,23,15,8
S01011067,4. Administrative and secretarial occupations,15,1,14
S01011067,5. Skilled trades occupations,58,55,3
S01011067,6. Caring leisure and other service occupations,31,5,26
S01011067,7. Sales and customer service occupations,14,3,11
S01011067,8. Process plant and machine operatives,29,27,2
S01011067,9. Elementary occupations,19,7,12
S01011068,All people aged 16 to 74 in employment,242,129,113
S01011068,1. Managers directors and senior officials,16,9,7
S01011068,2. Professional occupations,16,4,12
S01011068,3. Associate professional and technical occupations,23,19,4
S01011068,4. Administrative and secretarial occupations,20,3,17
S01011068,5. Skilled trades occupations,40,40,0
S01011068,6. Caring leisure and other service occupations,37,5,32
S01011068,7. Sales and customer service occupations,20,3,17
S01011068,8. Process plant and machine operatives,35,32,3
S01011068,9. Elementary occupations,35,14,21
S01011069,All people aged 16 to 74 in employment,244,138,106
S01011069,1. Managers directors and senior officials,19,14,5
S01011069,2. Professional occupations,29,11,18
S01011069,3. Associate professional and technical occupations,25,18,7
S01011069,4. Administrative and secretarial occupations,14,4,10
S01011069,5. Skilled trades occupations,46,42,4
S01011069,6. Caring leisure and other service occupations,29,2,27
S01011069,7. Sales and customer service occupations,21,5,16
S01011069,8. Process plant and machine operatives,30,29,1
S01011069,9. Elementary occupations,31,13,18
S01011070,All people aged 16 to 74 in employment,310,177,133
S01011070,1. Managers directors and senior officials,17,8,9
S01011070,2. Professional occupations,36,19,17
S01011070,3. Associate professional and technical occupations,36,25,11
S01011070,4. Administrative and secretarial occupations,27,4,23
S01011070,5. Skilled trades occupations,63,60,3
S01011070,6. Caring leisure and other service occupations,34,6,28
S01011070,7. Sales and customer service occupations,26,8,18
S01011070,8. Process plant and machine operatives,38,33,5
S01011070,9. Elementary occupations,33,14,19
S01011071,All people aged 16 to 74 in employment,388,221,167
S01011071,1. Managers directors and senior officials,37,23,14
S01011071,2. Professional occupations,44,20,24
S01011071,3. Associate professional and technical occupations,40,30,10
S01011071,4. Administrative and secretarial occupations,43,9,34
S01011071,5. Skilled trades occupations,79,75,4
S01011071,6. Caring leisure and other service occupations,37,2,35
S01011071,7. Sales and customer service occupations,28,8,20
S01011071,8. Process plant and machine operatives,42,38,4
S01011071,9. Elementary occupations,38,16,22
S01011072,All people aged 16 to 74 in employment,516,271,245
S01011072,1. Managers directors and senior officials,45,27,18
S01011072,2. Professional occupations,47,13,34
S01011072,3. Associate professional and technical occupations,62,44,18
S01011072,4. Administrative and secretarial occupations,49,1,48
S01011072,5. Skilled trades occupations,97,83,14
S01011072,6. Caring leisure and other service occupations,59,4,55
S01011072,7. Sales and customer service occupations,32,7,25
S01011072,8. Process plant and machine operatives,72,63,9
S01011072,9. Elementary occupations,53,29,24
S01011073,All people aged 16 to 74 in employment,354,200,154
S01011073,1. Managers directors and senior officials,20,12,8
S01011073,2. Professional occupations,29,13,16
S01011073,3. Associate professional and technical occupations,38,27,11
S01011073,4. Administrative and secretarial occupations,28,8,20
S01011073,5. Skilled trades occupations,66,61,5
S01011073,6. Caring leisure and other service occupations,46,8,38
S01011073,7. Sales and customer service occupations,33,8,25
S01011073,8. Process plant and machine operatives,44,37,7
S01011073,9. Elementary occupations,50,26,24
S01011074,All people aged 16 to 74 in employment,320,176,144
S01011074,1. Managers directors and senior officials,10,6,4
S01011074,2. Professional occupations,33,13,20
S01011074,3. Associate professional and technical occupations,30,26,4
S01011074,4. Administrative and secretarial occupations,29,8,21
S01011074,5. Skilled trades occupations,60,58,2
S01011074,6. Caring leisure and other service occupations,43,2,41
S01011074,7. Sales and customer service occupations,32,5,27
S01011074,8. Process plant and machine operatives,49,42,7
S01011074,9. Elementary occupations,34,16,18
S01011075,All people aged 16 to 74 in employment,313,159,154
S01011075,1. Managers directors and senior officials,18,12,6
S01011075,2. Professional occupations,6,1,5
S01011075,3. Associate professional and technical occupations,12,8,4
S01011075,4. Administrative and secretarial occupations,20,3,17
S01011075,5. Skilled trades occupations,62,54,8
S01011075,6. Caring leisure and other service occupations,33,5,28
S01011075,7. Sales and customer service occupations,36,7,29
S01011075,8. Process plant and machine operatives,67,48,19
S01011075,9. Elementary occupations,59,21,38
S01011076,All people aged 16 to 74 in employment,331,183,148
S01011076,1. Managers directors and senior officials,20,11,9
S01011076,2. Professional occupations,16,8,8
S01011076,3. Associate professional and technical occupations,26,19,7
S01011076,4. Administrative and secretarial occupations,24,3,21
S01011076,5. Skilled trades occupations,60,53,7
S01011076,6. Caring leisure and other service occupations,49,4,45
S01011076,7. Sales and customer service occupations,31,9,22
S01011076,8. Process plant and machine operatives,61,54,7
S01011076,9. Elementary occupations,44,22,22
S01011077,All people aged 16 to 74 in employment,300,138,162
S01011077,1. Managers directors and senior officials,6,4,2
S01011077,2. Professional occupations,12,4,8
S01011077,3. Associate professional and technical occupations,23,12,11
S01011077,4. Administrative and secretarial occupations,21,5,16
S01011077,5. Skilled trades occupations,57,48,9
S01011077,6. Caring leisure and other service occupations,43,6,37
S01011077,7. Sales and customer service occupations,24,1,23
S01011077,8. Process plant and machine operatives,39,30,9
S01011077,9. Elementary occupations,75,28,47
S01011078,All people aged 16 to 74 in employment,532,290,242
S01011078,1. Managers directors and senior officials,53,33,20
S01011078,2. Professional occupations,59,23,36
S01011078,3. Associate professional and technical occupations,46,33,13
S01011078,4. Administrative and secretarial occupations,39,6,33
S01011078,5. Skilled trades occupations,91,82,9
S01011078,6. Caring leisure and other service occupations,59,8,51
S01011078,7. Sales and customer service occupations,48,12,36
S01011078,8. Process plant and machine operatives,76,65,11
S01011078,9. Elementary occupations,61,28,33
S01011079,All people aged 16 to 74 in employment,541,311,230
S01011079,1. Managers directors and senior officials,41,27,14
S01011079,2. Professional occupations,45,14,31
S01011079,3. Associate professional and technical occupations,42,37,5
S01011079,4. Administrative and secretarial occupations,38,3,35
S01011079,5. Skilled trades occupations,119,98,21
S01011079,6. Caring leisure and other service occupations,46,3,43
S01011079,7. Sales and customer service occupations,38,7,31
S01011079,8. Process plant and machine operatives,92,81,11
S01011079,9. Elementary occupations,80,41,39
S01011080,All people aged 16 to 74 in employment,468,256,212
S01011080,1. Managers directors and senior officials,24,16,8
S01011080,2. Professional occupations,44,19,25
S01011080,3. Associate professional and technical occupations,35,21,14
S01011080,4. Administrative and secretarial occupations,48,10,38
S01011080,5. Skilled trades occupations,78,71,7
S01011080,6. Caring leisure and other service occupations,51,4,47
S01011080,7. Sales and customer service occupations,41,5,36
S01011080,8. Process plant and machine operatives,94,79,15
S01011080,9. Elementary occupations,53,31,22
S01011081,All people aged 16 to 74 in employment,380,208,172
S01011081,1. Managers directors and senior officials,15,9,6
S01011081,2. Professional occupations,25,10,15
S01011081,3. Associate professional and technical occupations,29,22,7
S01011081,4. Administrative and secretarial occupations,21,8,13
S01011081,5. Skilled trades occupations,70,61,9
S01011081,6. Caring leisure and other service occupations,48,4,44
S01011081,7. Sales and customer service occupations,46,6,40
S01011081,8. Process plant and machine operatives,59,56,3
S01011081,9. Elementary occupations,67,32,35
S01011082,All people aged 16 to 74 in employment,212,111,101
S01011082,1. Managers directors and senior officials,8,4,4
S01011082,2. Professional occupations,10,4,6
S01011082,3. Associate professional and technical occupations,14,11,3
S01011082,4. Administrative and secretarial occupations,9,0,9
S01011082,5. Skilled trades occupations,40,35,5
S01011082,6. Caring leisure and other service occupations,24,2,22
S01011082,7. Sales and customer service occupations,22,2,20
S01011082,8. Process plant and machine operatives,38,32,6
S01011082,9. Elementary occupations,47,21,26
S01011083,All people aged 16 to 74 in employment,370,209,161
S01011083,1. Managers directors and senior officials,19,11,8
S01011083,2. Professional occupations,47,18,29
S01011083,3. Associate professional and technical occupations,35,25,10
S01011083,4. Administrative and secretarial occupations,22,5,17
S01011083,5. Skilled trades occupations,77,69,8
S01011083,6. Caring leisure and other service occupations,43,5,38
S01011083,7. Sales and customer service occupations,36,9,27
S01011083,8. Process plant and machine operatives,47,40,7
S01011083,9. Elementary occupations,44,27,17
S01011084,All people aged 16 to 74 in employment,372,203,169
S01011084,1. Managers directors and senior officials,33,19,14
S01011084,2. Professional occupations,52,24,28
S01011084,3. Associate professional and technical occupations,51,28,23
S01011084,4. Administrative and secretarial occupations,26,4,22
S01011084,5. Skilled trades occupations,68,62,6
S01011084,6. Caring leisure and other service occupations,50,7,43
S01011084,7. Sales and customer service occupations,22,5,17
S01011084,8. Process plant and machine operatives,34,31,3
S01011084,9. Elementary occupations,36,23,13
S01011085,All people aged 16 to 74 in employment,442,219,223
S01011085,1. Managers directors and senior officials,37,23,14
S01011085,2. Professional occupations,88,36,52
S01011085,3. Associate professional and technical occupations,48,31,17
S01011085,4. Administrative and secretarial occupations,61,9,52
S01011085,5. Skilled trades occupations,56,49,7
S01011085,6. Caring leisure and other service occupations,37,2,35
S01011085,7. Sales and customer service occupations,25,9,16
S01011085,8. Process plant and machine operatives,42,36,6
S01011085,9. Elementary occupations,48,24,24
S01011086,All people aged 16 to 74 in employment,311,187,124
S01011086,1. Managers directors and senior officials,30,19,11
S01011086,2. Professional occupations,41,14,27
S01011086,3. Associate professional and technical occupations,33,26,7
S01011086,4. Administrative and secretarial occupations,32,9,23
S01011086,5. Skilled trades occupations,63,58,5
S01011086,6. Caring leisure and other service occupations,28,5,23
S01011086,7. Sales and customer service occupations,20,9,11
S01011086,8. Process plant and machine operatives,33,32,1
S01011086,9. Elementary occupations,31,15,16
S01011087,All people aged 16 to 74 in employment,286,149,137
S01011087,1. Managers directors and senior officials,21,14,7
S01011087,2. Professional occupations,18,5,13
S01011087,3. Associate professional and technical occupations,39,15,24
S01011087,4. Administrative and secretarial occupations,20,2,18
S01011087,5. Skilled trades occupations,50,46,4
S01011087,6. Caring leisure and other service occupations,20,1,19
S01011087,7. Sales and customer service occupations,28,8,20
S01011087,8. Process plant and machine operatives,43,31,12
S01011087,9. Elementary occupations,47,27,20
S01011088,All people aged 16 to 74 in employment,457,235,222
S01011088,1. Managers directors and senior officials,42,25,17
S01011088,2. Professional occupations,79,29,50
S01011088,3. Associate professional and technical occupations,65,40,25
S01011088,4. Administrative and secretarial occupations,43,8,35
S01011088,5. Skilled trades occupations,72,62,10
S01011088,6. Caring leisure and other service occupations,37,6,31
S01011088,7. Sales and customer service occupations,31,8,23
S01011088,8. Process plant and machine operatives,39,33,6
S01011088,9. Elementary occupations,49,24,25
S01011089,All people aged 16 to 74 in employment,276,138,138
S01011089,1. Managers directors and senior officials,14,8,6
S01011089,2. Professional occupations,30,10,20
S01011089,3. Associate professional and technical occupations,24,16,8
S01011089,4. Administrative and secretarial occupations,15,2,13
S01011089,5. Skilled trades occupations,36,35,1
S01011089,6. Caring leisure and other service occupations,41,4,37
S01011089,7. Sales and customer service occupations,32,6,26
S01011089,8. Process plant and machine operatives,33,32,1
S01011089,9. Elementary occupations,51,25,26
S01011090,All people aged 16 to 74 in employment,369,206,163
S01011090,1. Managers directors and senior officials,29,20,9
S01011090,2. Professional occupations,48,13,35
S01011090,3. Associate professional and technical occupations,39,25,14
S01011090,4. Administrative and secretarial occupations,41,7,34
S01011090,5. Skilled trades occupations,87,79,8
S01011090,6. Caring leisure and other service occupations,25,3,22
S01011090,7. Sales and customer service occupations,24,5,19
S01011090,8. Process plant and machine operatives,40,36,4
S01011090,9. Elementary occupations,36,18,18
S01011091,All people aged 16 to 74 in employment,360,203,157
S01011091,1. Managers directors and senior officials,37,23,14
S01011091,2. Professional occupations,47,21,26
S01011091,3. Associate professional and technical occupations,44,29,15
S01011091,4. Administrative and secretarial occupations,39,8,31
S01011091,5. Skilled trades occupations,72,63,9
S01011091,6. Caring leisure and other service occupations,37,6,31
S01011091,7. Sales and customer service occupations,17,5,12
S01011091,8. Process plant and machine operatives,34,27,7
S01011091,9. Elementary occupations,33,21,12
S01011092,All people aged 16 to 74 in employment,186,90,96
S01011092,1. Managers directors and senior officials,12,5,7
S01011092,2. Professional occupations,18,8,10
S01011092,3. Associate professional and technical occupations,19,9,10
S01011092,4. Administrative and secretarial occupations,15,3,12
S01011092,5. Skilled trades occupations,24,23,1
S01011092,6. Caring leisure and other service occupations,29,3,26
S01011092,7. Sales and customer service occupations,17,3,14
S01011092,8. Process plant and machine operatives,12,12,0
S01011092,9. Elementary occupations,40,24,16
S01011093,All people aged 16 to 74 in employment,336,185,151
S01011093,1. Managers directors and senior officials,42,23,19
S01011093,2. Professional occupations,62,25,37
S01011093,3. Associate professional and technical occupations,30,21,9
S01011093,4. Administrative and secretarial occupations,31,2,29
S01011093,5. Skilled trades occupations,60,51,9
S01011093,6. Caring leisure and other service occupations,26,2,24
S01011093,7. Sales and customer service occupations,22,7,15
S01011093,8. Process plant and machine operatives,38,36,2
S01011093,9. Elementary occupations,25,18,7
S01011094,All people aged 16 to 74 in employment,275,148,127
S01011094,1. Managers directors and senior officials,41,22,19
S01011094,2. Professional occupations,45,14,31
S01011094,3. Associate professional and technical occupations,51,32,19
S01011094,4. Administrative and secretarial occupations,23,6,17
S01011094,5. Skilled trades occupations,37,35,2
S01011094,6. Caring leisure and other service occupations,21,2,19
S01011094,7. Sales and customer service occupations,12,2,10
S01011094,8. Process plant and machine operatives,26,24,2
S01011094,9. Elementary occupations,19,11,8
S01011095,All people aged 16 to 74 in employment,436,245,191
S01011095,1. Managers directors and senior officials,58,41,17
S01011095,2. Professional occupations,73,25,48
S01011095,3. Associate professional and technical occupations,57,37,20
S01011095,4. Administrative and secretarial occupations,40,8,32
S01011095,5. Skilled trades occupations,77,70,7
S01011095,6. Caring leisure and other service occupations,31,3,28
S01011095,7. Sales and customer service occupations,27,9,18
S01011095,8. Process plant and machine operatives,28,24,4
S01011095,9. Elementary occupations,45,28,17
S01011096,All people aged 16 to 74 in employment,315,166,149
S01011096,1. Managers directors and senior officials,30,20,10
S01011096,2. Professional occupations,50,19,31
S01011096,3. Associate professional and technical occupations,57,36,21
S01011096,4. Administrative and secretarial occupations,21,0,21
S01011096,5. Skilled trades occupations,53,49,4
S01011096,6. Caring leisure and other service occupations,30,4,26
S01011096,7. Sales and customer service occupations,24,7,17
S01011096,8. Process plant and machine operatives,16,12,4
S01011096,9. Elementary occupations,34,19,15
S01011097,All people aged 16 to 74 in employment,376,204,172
S01011097,1. Managers directors and senior officials,25,17,8
S01011097,2. Professional occupations,65,26,39
S01011097,3. Associate professional and technical occupations,58,40,18
S01011097,4. Administrative and secretarial occupations,36,4,32
S01011097,5. Skilled trades occupations,69,60,9
S01011097,6. Caring leisure and other service occupations,36,2,34
S01011097,7. Sales and customer service occupations,20,4,16
S01011097,8. Process plant and machine operatives,27,26,1
S01011097,9. Elementary occupations,40,25,15
S01011098,All people aged 16 to 74 in employment,402,216,186
S01011098,1. Managers directors and senior officials,30,16,14
S01011098,2. Professional occupations,46,17,29
S01011098,3. Associate professional and technical occupations,61,43,18
S01011098,4. Administrative and secretarial occupations,36,5,31
S01011098,5. Skilled trades occupations,64,61,3
S01011098,6. Caring leisure and other service occupations,43,8,35
S01011098,7. Sales and customer service occupations,41,8,33
S01011098,8. Process plant and machine operatives,39,34,5
S01011098,9. Elementary occupations,42,24,18
S01011099,All people aged 16 to 74 in employment,411,218,193
S01011099,1. Managers directors and senior officials,20,11,9
S01011099,2. Professional occupations,20,6,14
S01011099,3. Associate professional and technical occupations,41,29,12
S01011099,4. Administrative and secretarial occupations,28,3,25
S01011099,5. Skilled trades occupations,85,78,7
S01011099,6. Caring leisure and other service occupations,39,4,35
S01011099,7. Sales and customer service occupations,38,7,31
S01011099,8. Process plant and machine operatives,51,36,15
S01011099,9. Elementary occupations,89,44,45
S01011100,All people aged 16 to 74 in employment,209,115,94
S01011100,1. Managers directors and senior officials,7,3,4
S01011100,2. Professional occupations,26,8,18
S01011100,3. Associate professional and technical occupations,22,15,7
S01011100,4. Administrative and secretarial occupations,18,2,16
S01011100,5. Skilled trades occupations,43,42,1
S01011100,6. Caring leisure and other service occupations,22,4,18
S01011100,7. Sales and customer service occupations,23,10,13
S01011100,8. Process plant and machine operatives,20,20,0
S01011100,9. Elementary occupations,28,11,17
S01011101,All people aged 16 to 74 in employment,272,144,128
S01011101,1. Managers directors and senior officials,10,5,5
S01011101,2. Professional occupations,8,2,6
S01011101,3. Associate professional and technical occupations,17,10,7
S01011101,4. Administrative and secretarial occupations,13,2,11
S01011101,5. Skilled trades occupations,48,42,6
S01011101,6. Caring leisure and other service occupations,33,4,29
S01011101,7. Sales and customer service occupations,31,8,23
S01011101,8. Process plant and machine operatives,49,39,10
S01011101,9. Elementary occupations,63,32,31
S01011102,All people aged 16 to 74 in employment,301,151,150
S01011102,1. Managers directors and senior officials,10,5,5
S01011102,2. Professional occupations,24,8,16
S01011102,3. Associate professional and technical occupations,32,21,11
S01011102,4. Administrative and secretarial occupations,15,1,14
S01011102,5. Skilled trades occupations,38,35,3
S01011102,6. Caring leisure and other service occupations,36,9,27
S01011102,7. Sales and customer service occupations,26,5,21
S01011102,8. Process plant and machine operatives,48,36,12
S01011102,9. Elementary occupations,72,31,41
S01011103,All people aged 16 to 74 in employment,276,143,133
S01011103,1. Managers directors and senior officials,22,12,10
S01011103,2. Professional occupations,29,8,21
S01011103,3. Associate professional and technical occupations,30,22,8
S01011103,4. Administrative and secretarial occupations,16,4,12
S01011103,5. Skilled trades occupations,29,25,4
S01011103,6. Caring leisure and other service occupations,24,2,22
S01011103,7. Sales and customer service occupations,35,15,20
S01011103,8. Process plant and machine operatives,28,23,5
S01011103,9. Elementary occupations,63,32,31
S01011104,All people aged 16 to 74 in employment,280,144,136
S01011104,1. Managers directors and senior officials,24,14,10
S01011104,2. Professional occupations,55,29,26
S01011104,3. Associate professional and technical occupations,51,26,25
S01011104,4. Administrative and secretarial occupations,21,5,16
S01011104,5. Skilled trades occupations,23,21,2
S01011104,6. Caring leisure and other service occupations,21,3,18
S01011104,7. Sales and customer service occupations,21,8,13
S01011104,8. Process plant and machine operatives,25,18,7
S01011104,9. Elementary occupations,39,20,19
S01011105,All people aged 16 to 74 in employment,408,203,205
S01011105,1. Managers directors and senior officials,30,15,15
S01011105,2. Professional occupations,34,12,22
S01011105,3. Associate professional and technical occupations,50,31,19
S01011105,4. Administrative and secretarial occupations,25,7,18
S01011105,5. Skilled trades occupations,57,53,4
S01011105,6. Caring leisure and other service occupations,50,6,44
S01011105,7. Sales and customer service occupations,28,7,21
S01011105,8. Process plant and machine operatives,57,46,11
S01011105,9. Elementary occupations,77,26,51
S01011106,All people aged 16 to 74 in employment,451,248,203
S01011106,1. Managers directors and senior officials,16,8,8
S01011106,2. Professional occupations,19,5,14
S01011106,3. Associate professional and technical occupations,162,132,30
S01011106,4. Administrative and secretarial occupations,25,1,24
S01011106,5. Skilled trades occupations,50,43,7
S01011106,6. Caring leisure and other service occupations,49,4,45
S01011106,7. Sales and customer service occupations,43,5,38
S01011106,8. Process plant and machine operatives,34,26,8
S01011106,9. Elementary occupations,53,24,29
S01011107,All people aged 16 to 74 in employment,488,246,242
S01011107,1. Managers directors and senior officials,36,23,13
S01011107,2. Professional occupations,47,22,25
S01011107,3. Associate professional and technical occupations,81,63,18
S01011107,4. Administrative and secretarial occupations,43,0,43
S01011107,5. Skilled trades occupations,58,51,7
S01011107,6. Caring leisure and other service occupations,43,1,42
S01011107,7. Sales and customer service occupations,48,11,37
S01011107,8. Process plant and machine operatives,61,42,19
S01011107,9. Elementary occupations,71,33,38
S01011108,All people aged 16 to 74 in employment,299,154,145
S01011108,1. Managers directors and senior officials,20,15,5
S01011108,2. Professional occupations,21,8,13
S01011108,3. Associate professional and technical occupations,43,30,13
S01011108,4. Administrative and secretarial occupations,20,1,19
S01011108,5. Skilled trades occupations,56,48,8
S01011108,6. Caring leisure and other service occupations,41,5,36
S01011108,7. Sales and customer service occupations,32,9,23
S01011108,8. Process plant and machine operatives,33,25,8
S01011108,9. Elementary occupations,33,13,20
S01011109,All people aged 16 to 74 in employment,434,225,209
S01011109,1. Managers directors and senior officials,25,16,9
S01011109,2. Professional occupations,35,11,24
S01011109,3. Associate professional and technical occupations,43,34,9
S01011109,4. Administrative and secretarial occupations,51,6,45
S01011109,5. Skilled trades occupations,80,71,9
S01011109,6. Caring leisure and other service occupations,39,4,35
S01011109,7. Sales and customer service occupations,38,9,29
S01011109,8. Process plant and machine operatives,54,44,10
S01011109,9. Elementary occupations,69,30,39
S01011110,All people aged 16 to 74 in employment,369,188,181
S01011110,1. Managers directors and senior officials,21,12,9
S01011110,2. Professional occupations,23,10,13
S01011110,3. Associate professional and technical occupations,30,24,6
S01011110,4. Administrative and secretarial occupations,37,2,35
S01011110,5. Skilled trades occupations,61,59,2
S01011110,6. Caring leisure and other service occupations,43,4,39
S01011110,7. Sales and customer service occupations,47,8,39
S01011110,8. Process plant and machine operatives,41,33,8
S01011110,9. Elementary occupations,66,36,30
S01011111,All people aged 16 to 74 in employment,422,213,209
S01011111,1. Managers directors and senior officials,21,13,8
S01011111,2. Professional occupations,19,5,14
S01011111,3. Associate professional and technical occupations,33,23,10
S01011111,4. Administrative and secretarial occupations,37,8,29
S01011111,5. Skilled trades occupations,74,67,7
S01011111,6. Caring leisure and other service occupations,38,5,33
S01011111,7. Sales and customer service occupations,46,10,36
S01011111,8. Process plant and machine operatives,65,49,16
S01011111,9. Elementary occupations,89,33,56
S01011112,All people aged 16 to 74 in employment,514,258,256
S01011112,1. Managers directors and senior officials,42,26,16
S01011112,2. Professional occupations,56,19,37
S01011112,3. Associate professional and technical occupations,82,56,26
S01011112,4. Administrative and secretarial occupations,57,4,53
S01011112,5. Skilled trades occupations,82,77,5
S01011112,6. Caring leisure and other service occupations,56,5,51
S01011112,7. Sales and customer service occupations,44,7,37
S01011112,8. Process plant and machine operatives,49,42,7
S01011112,9. Elementary occupations,46,22,24
S01011113,All people aged 16 to 74 in employment,486,252,234
S01011113,1. Managers directors and senior officials,28,17,11
S01011113,2. Professional occupations,45,14,31
S01011113,3. Associate professional and technical occupations,51,32,19
S01011113,4. Administrative and secretarial occupations,50,6,44
S01011113,5. Skilled trades occupations,79,77,2
S01011113,6. Caring leisure and other service occupations,51,9,42
S01011113,7. Sales and customer service occupations,53,13,40
S01011113,8. Process plant and machine operatives,54,44,10
S01011113,9. Elementary occupations,75,40,35
S01011114,All people aged 16 to 74 in employment,403,216,187
S01011114,1. Managers directors and senior officials,23,14,9
S01011114,2. Professional occupations,39,15,24
S01011114,3. Associate professional and technical occupations,58,39,19
S01011114,4. Administrative and secretarial occupations,43,6,37
S01011114,5. Skilled trades occupations,77,72,5
S01011114,6. Caring leisure and other service occupations,47,6,41
S01011114,7. Sales and customer service occupations,39,11,28
S01011114,8. Process plant and machine operatives,40,35,5
S01011114,9. Elementary occupations,37,18,19
S01011115,All people aged 16 to 74 in employment,461,240,221
S01011115,1. Managers directors and senior officials,21,11,10
S01011115,2. Professional occupations,20,4,16
S01011115,3. Associate professional and technical occupations,41,23,18
S01011115,4. Administrative and secretarial occupations,36,4,32
S01011115,5. Skilled trades occupations,81,77,4
S01011115,6. Caring leisure and other service occupations,47,7,40
S01011115,7. Sales and customer service occupations,52,7,45
S01011115,8. Process plant and machine operatives,73,64,9
S01011115,9. Elementary occupations,90,43,47
S01011116,All people aged 16 to 74 in employment,333,179,154
S01011116,1. Managers directors and senior officials,17,10,7
S01011116,2. Professional occupations,31,13,18
S01011116,3. Associate professional and technical occupations,42,34,8
S01011116,4. Administrative and secretarial occupations,33,4,29
S01011116,5. Skilled trades occupations,63,57,6
S01011116,6. Caring leisure and other service occupations,30,3,27
S01011116,7. Sales and customer service occupations,48,15,33
S01011116,8. Process plant and machine operatives,29,24,5
S01011116,9. Elementary occupations,40,19,21
S01011117,All people aged 16 to 74 in employment,371,207,164
S01011117,1. Managers directors and senior officials,48,25,23
S01011117,2. Professional occupations,81,37,44
S01011117,3. Associate professional and technical occupations,49,38,11
S01011117,4. Administrative and secretarial occupations,27,7,20
S01011117,5. Skilled trades occupations,51,49,2
S01011117,6. Caring leisure and other service occupations,32,6,26
S01011117,7. Sales and customer service occupations,26,8,18
S01011117,8. Process plant and machine operatives,21,17,4
S01011117,9. Elementary occupations,36,20,16
S01011118,All people aged 16 to 74 in employment,413,209,204
S01011118,1. Managers directors and senior officials,47,29,18
S01011118,2. Professional occupations,115,51,64
S01011118,3. Associate professional and technical occupations,49,32,17
S01011118,4. Administrative and secretarial occupations,34,4,30
S01011118,5. Skilled trades occupations,47,42,5
S01011118,6. Caring leisure and other service occupations,29,7,22
S01011118,7. Sales and customer service occupations,23,7,16
S01011118,8. Process plant and machine operatives,28,23,5
S01011118,9. Elementary occupations,41,14,27
S01011119,All people aged 16 to 74 in employment,427,229,198
S01011119,1. Managers directors and senior officials,51,39,12
S01011119,2. Professional occupations,97,42,55
S01011119,3. Associate professional and technical occupations,64,43,21
S01011119,4. Administrative and secretarial occupations,55,9,46
S01011119,5. Skilled trades occupations,50,40,10
S01011119,6. Caring leisure and other service occupations,23,5,18
S01011119,7. Sales and customer service occupations,24,8,16
S01011119,8. Process plant and machine operatives,32,23,9
S01011119,9. Elementary occupations,31,20,11
S01011120,All people aged 16 to 74 in employment,297,156,141
S01011120,1. Managers directors and senior officials,40,30,10
S01011120,2. Professional occupations,82,34,48
S01011120,3. Associate professional and technical occupations,43,29,14
S01011120,4. Administrative and secretarial occupations,27,5,22
S01011120,5. Skilled trades occupations,29,24,5
S01011120,6. Caring leisure and other service occupations,23,3,20
S01011120,7. Sales and customer service occupations,25,9,16
S01011120,8. Process plant and machine operatives,13,13,0
S01011120,9. Elementary occupations,15,9,6
S01011121,All people aged 16 to 74 in employment,290,155,135
S01011121,1. Managers directors and senior officials,16,8,8
S01011121,2. Professional occupations,36,16,20
S01011121,3. Associate professional and technical occupations,24,19,5
S01011121,4. Administrative and secretarial occupations,25,5,20
S01011121,5. Skilled trades occupations,44,41,3
S01011121,6. Caring leisure and other service occupations,26,4,22
S01011121,7. Sales and customer service occupations,39,12,27
S01011121,8. Process plant and machine operatives,43,34,9
S01011121,9. Elementary occupations,37,16,21
S01011122,All people aged 16 to 74 in employment,337,174,163
S01011122,1. Managers directors and senior officials,14,9,5
S01011122,2. Professional occupations,56,19,37
S01011122,3. Associate professional and technical occupations,43,30,13
S01011122,4. Administrative and secretarial occupations,31,6,25
S01011122,5. Skilled trades occupations,58,48,10
S01011122,6. Caring leisure and other service occupations,25,3,22
S01011122,7. Sales and customer service occupations,31,8,23
S01011122,8. Process plant and machine operatives,38,32,6
S01011122,9. Elementary occupations,41,19,22
S01011123,All people aged 16 to 74 in employment,565,306,259
S01011123,1. Managers directors and senior officials,26,19,7
S01011123,2. Professional occupations,31,12,19
S01011123,3. Associate professional and technical occupations,54,35,19
S01011123,4. Administrative and secretarial occupations,50,7,43
S01011123,5. Skilled trades occupations,110,101,9
S01011123,6. Caring leisure and other service occupations,52,8,44
S01011123,7. Sales and customer service occupations,73,12,61
S01011123,8. Process plant and machine operatives,73,65,8
S01011123,9. Elementary occupations,96,47,49
S01011124,All people aged 16 to 74 in employment,345,175,170
S01011124,1. Managers directors and senior officials,22,15,7
S01011124,2. Professional occupations,30,11,19
S01011124,3. Associate professional and technical occupations,47,33,14
S01011124,4. Administrative and secretarial occupations,32,2,30
S01011124,5. Skilled trades occupations,61,58,3
S01011124,6. Caring leisure and other service occupations,35,2,33
S01011124,7. Sales and customer service occupations,39,10,29
S01011124,8. Process plant and machine operatives,35,27,8
S01011124,9. Elementary occupations,44,17,27
S01011125,All people aged 16 to 74 in employment,268,133,135
S01011125,1. Managers directors and senior officials,12,8,4
S01011125,2. Professional occupations,26,10,16
S01011125,3. Associate professional and technical occupations,14,11,3
S01011125,4. Administrative and secretarial occupations,18,0,18
S01011125,5. Skilled trades occupations,48,44,4
S01011125,6. Caring leisure and other service occupations,36,2,34
S01011125,7. Sales and customer service occupations,31,5,26
S01011125,8. Process plant and machine operatives,30,26,4
S01011125,9. Elementary occupations,53,27,26
S01011126,All people aged 16 to 74 in employment,250,134,116
S01011126,1. Managers directors and senior officials,10,5,5
S01011126,2. Professional occupations,16,3,13
S01011126,3. Associate professional and technical occupations,65,55,10
S01011126,4. Administrative and secretarial occupations,22,4,18
S01011126,5. Skilled trades occupations,25,23,2
S01011126,6. Caring leisure and other service occupations,32,3,29
S01011126,7. Sales and customer service occupations,26,6,20
S01011126,8. Process plant and machine operatives,26,22,4
S01011126,9. Elementary occupations,28,13,15
S01011127,All people aged 16 to 74 in employment,241,153,88
S01011127,1. Managers directors and senior officials,6,5,1
S01011127,2. Professional occupations,10,1,9
S01011127,3. Associate professional and technical occupations,143,130,13
S01011127,4. Administrative and secretarial occupations,20,2,18
S01011127,5. Skilled trades occupations,5,3,2
S01011127,6. Caring leisure and other service occupations,19,1,18
S01011127,7. Sales and customer service occupations,19,5,14
S01011127,8. Process plant and machine operatives,4,3,1
S01011127,9. Elementary occupations,15,3,12
S01011128,All people aged 16 to 74 in employment,362,191,171
S01011128,1. Managers directors and senior officials,28,13,15
S01011128,2. Professional occupations,34,11,23
S01011128,3. Associate professional and technical occupations,60,47,13
S01011128,4. Administrative and secretarial occupations,41,11,30
S01011128,5. Skilled trades occupations,56,52,4
S01011128,6. Caring leisure and other service occupations,31,5,26
S01011128,7. Sales and customer service occupations,35,9,26
S01011128,8. Process plant and machine operatives,32,25,7
S01011128,9. Elementary occupations,45,18,27
S01011129,All people aged 16 to 74 in employment,489,263,226
S01011129,1. Managers directors and senior officials,116,93,23
S01011129,2. Professional occupations,68,16,52
S01011129,3. Associate professional and technical occupations,96,63,33
S01011129,4. Administrative and secretarial occupations,33,4,29
S01011129,5. Skilled trades occupations,44,37,7
S01011129,6. Caring leisure and other service occupations,40,2,38
S01011129,7. Sales and customer service occupations,33,6,27
S01011129,8. Process plant and machine operatives,29,28,1
S01011129,9. Elementary occupations,30,14,16
S01011130,All people aged 16 to 74 in employment,273,151,122
S01011130,1. Managers directors and senior officials,16,12,4
S01011130,2. Professional occupations,30,11,19
S01011130,3. Associate professional and technical occupations,45,31,14
S01011130,4. Administrative and secretarial occupations,36,9,27
S01011130,5. Skilled trades occupations,37,34,3
S01011130,6. Caring leisure and other service occupations,25,7,18
S01011130,7. Sales and customer service occupations,26,9,17
S01011130,8. Process plant and machine operatives,19,15,4
S01011130,9. Elementary occupations,39,23,16
S01011131,All people aged 16 to 74 in employment,352,202,150
S01011131,1. Managers directors and senior officials,25,18,7
S01011131,2. Professional occupations,45,19,26
S01011131,3. Associate professional and technical occupations,87,55,32
S01011131,4. Administrative and secretarial occupations,33,5,28
S01011131,5. Skilled trades occupations,40,38,2
S01011131,6. Caring leisure and other service occupations,32,5,27
S01011131,7. Sales and customer service occupations,24,9,15
S01011131,8. Process plant and machine operatives,29,27,2
S01011131,9. Elementary occupations,37,26,11
S01011132,All people aged 16 to 74 in employment,465,262,203
S01011132,1. Managers directors and senior officials,45,28,17
S01011132,2. Professional occupations,61,23,38
S01011132,3. Associate professional and technical occupations,93,69,24
S01011132,4. Administrative and secretarial occupations,43,6,37
S01011132,5. Skilled trades occupations,62,59,3
S01011132,6. Caring leisure and other service occupations,58,14,44
S01011132,7. Sales and customer service occupations,42,19,23
S01011132,8. Process plant and machine operatives,23,21,2
S01011132,9. Elementary occupations,38,23,15
S01011133,All people aged 16 to 74 in employment,219,120,99
S01011133,1. Managers directors and senior officials,11,8,3
S01011133,2. Professional occupations,23,11,12
S01011133,3. Associate professional and technical occupations,29,19,10
S01011133,4. Administrative and secretarial occupations,16,3,13
S01011133,5. Skilled trades occupations,37,33,4
S01011133,6. Caring leisure and other service occupations,31,3,28
S01011133,7. Sales and customer service occupations,13,4,9
S01011133,8. Process plant and machine operatives,25,24,1
S01011133,9. Elementary occupations,34,15,19
S01011134,All people aged 16 to 74 in employment,400,231,169
S01011134,1. Managers directors and senior officials,27,17,10
S01011134,2. Professional occupations,36,12,24
S01011134,3. Associate professional and technical occupations,90,67,23
S01011134,4. Administrative and secretarial occupations,47,7,40
S01011134,5. Skilled trades occupations,59,56,3
S01011134,6. Caring leisure and other service occupations,23,2,21
S01011134,7. Sales and customer service occupations,32,16,16
S01011134,8. Process plant and machine operatives,33,29,4
S01011134,9. Elementary occupations,53,25,28
S01011135,All people aged 16 to 74 in employment,379,199,180
S01011135,1. Managers directors and senior officials,10,2,8
S01011135,2. Professional occupations,30,13,17
S01011135,3. Associate professional and technical occupations,50,37,13
S01011135,4. Administrative and secretarial occupations,28,6,22
S01011135,5. Skilled trades occupations,71,69,2
S01011135,6. Caring leisure and other service occupations,44,12,32
S01011135,7. Sales and customer service occupations,38,6,32
S01011135,8. Process plant and machine operatives,38,32,6
S01011135,9. Elementary occupations,70,22,48
S01011136,All people aged 16 to 74 in employment,326,172,154
S01011136,1. Managers directors and senior officials,25,15,10
S01011136,2. Professional occupations,40,18,22
S01011136,3. Associate professional and technical occupations,63,44,19
S01011136,4. Administrative and secretarial occupations,25,0,25
S01011136,5. Skilled trades occupations,47,44,3
S01011136,6. Caring leisure and other service occupations,41,5,36
S01011136,7. Sales and customer service occupations,20,7,13
S01011136,8. Process plant and machine operatives,28,23,5
S01011136,9. Elementary occupations,37,16,21
S01011137,All people aged 16 to 74 in employment,240,119,121
S01011137,1. Managers directors and senior officials,20,16,4
S01011137,2. Professional occupations,23,2,21
S01011137,3. Associate professional and technical occupations,49,30,19
S01011137,4. Administrative and secretarial occupations,17,1,16
S01011137,5. Skilled trades occupations,31,30,1
S01011137,6. Caring leisure and other service occupations,32,5,27
S01011137,7. Sales and customer service occupations,16,3,13
S01011137,8. Process plant and machine operatives,27,26,1
S01011137,9. Elementary occupations,25,6,19
S01011138,All people aged 16 to 74 in employment,335,183,152
S01011138,1. Managers directors and senior officials,10,9,1
S01011138,2. Professional occupations,14,4,10
S01011138,3. Associate professional and technical occupations,70,55,15
S01011138,4. Administrative and secretarial occupations,19,4,15
S01011138,5. Skilled trades occupations,42,41,1
S01011138,6. Caring leisure and other service occupations,54,8,46
S01011138,7. Sales and customer service occupations,38,6,32
S01011138,8. Process plant and machine operatives,31,28,3
S01011138,9. Elementary occupations,57,28,29
S01011139,All people aged 16 to 74 in employment,977,722,255
S01011139,1. Managers directors and senior officials,88,63,25
S01011139,2. Professional occupations,40,8,32
S01011139,3. Associate professional and technical occupations,616,553,63
S01011139,4. Administrative and secretarial occupations,40,5,35
S01011139,5. Skilled trades occupations,59,47,12
S01011139,6. Caring leisure and other service occupations,42,7,35
S01011139,7. Sales and customer service occupations,38,10,28
S01011139,8. Process plant and machine operatives,26,18,8
S01011139,9. Elementary occupations,28,11,17
S01011140,All people aged 16 to 74 in employment,278,144,134
S01011140,1. Managers directors and senior officials,8,4,4
S01011140,2. Professional occupations,16,8,8
S01011140,3. Associate professional and technical occupations,48,32,16
S01011140,4. Administrative and secretarial occupations,33,6,27
S01011140,5. Skilled trades occupations,50,47,3
S01011140,6. Caring leisure and other service occupations,30,5,25
S01011140,7. Sales and customer service occupations,21,4,17
S01011140,8. Process plant and machine operatives,31,25,6
S01011140,9. Elementary occupations,41,13,28
S01011141,All people aged 16 to 74 in employment,280,140,140
S01011141,1. Managers directors and senior officials,7,4,3
S01011141,2. Professional occupations,17,9,8
S01011141,3. Associate professional and technical occupations,39,30,9
S01011141,4. Administrative and secretarial occupations,32,5,27
S01011141,5. Skilled trades occupations,45,39,6
S01011141,6. Caring leisure and other service occupations,38,0,38
S01011141,7. Sales and customer service occupations,28,7,21
S01011141,8. Process plant and machine operatives,24,20,4
S01011141,9. Elementary occupations,50,26,24
S01011142,All people aged 16 to 74 in employment,435,231,204
S01011142,1. Managers directors and senior officials,46,25,21
S01011142,2. Professional occupations,98,45,53
S01011142,3. Associate professional and technical occupations,68,45,23
S01011142,4. Administrative and secretarial occupations,32,7,25
S01011142,5. Skilled trades occupations,53,47,6
S01011142,6. Caring leisure and other service occupations,53,8,45
S01011142,7. Sales and customer service occupations,26,12,14
S01011142,8. Process plant and machine operatives,26,24,2
S01011142,9. Elementary occupations,33,18,15
S01011143,All people aged 16 to 74 in employment,460,232,228
S01011143,1. Managers directors and senior officials,39,25,14
S01011143,2. Professional occupations,61,21,40
S01011143,3. Associate professional and technical occupations,84,58,26
S01011143,4. Administrative and secretarial occupations,49,7,42
S01011143,5. Skilled trades occupations,58,51,7
S01011143,6. Caring leisure and other service occupations,50,10,40
S01011143,7. Sales and customer service occupations,43,11,32
S01011143,8. Process plant and machine operatives,33,27,6
S01011143,9. Elementary occupations,43,22,21
S01011144,All people aged 16 to 74 in employment,370,200,170
S01011144,1. Managers directors and senior officials,28,21,7
S01011144,2. Professional occupations,60,20,40
S01011144,3. Associate professional and technical occupations,62,48,14
S01011144,4. Administrative and secretarial occupations,33,5,28
S01011144,5. Skilled trades occupations,52,48,4
S01011144,6. Caring leisure and other service occupations,54,11,43
S01011144,7. Sales and customer service occupations,17,6,11
S01011144,8. Process plant and machine operatives,28,24,4
S01011144,9. Elementary occupations,36,17,19
S01011145,All people aged 16 to 74 in employment,336,174,162
S01011145,1. Managers directors and senior officials,34,26,8
S01011145,2. Professional occupations,61,22,39
S01011145,3. Associate professional and technical occupations,65,39,26
S01011145,4. Administrative and secretarial occupations,28,2,26
S01011145,5. Skilled trades occupations,48,44,4
S01011145,6. Caring leisure and other service occupations,36,8,28
S01011145,7. Sales and customer service occupations,17,3,14
S01011145,8. Process plant and machine operatives,25,24,1
S01011145,9. Elementary occupations,22,6,16
S01011146,All people aged 16 to 74 in employment,345,182,163
S01011146,1. Managers directors and senior officials,37,23,14
S01011146,2. Professional occupations,46,12,34
S01011146,3. Associate professional and technical occupations,44,38,6
S01011146,4. Administrative and secretarial occupations,30,4,26
S01011146,5. Skilled trades occupations,48,44,4
S01011146,6. Caring leisure and other service occupations,35,7,28
S01011146,7. Sales and customer service occupations,27,5,22
S01011146,8. Process plant and machine operatives,39,36,3
S01011146,9. Elementary occupations,39,13,26
S01011147,All people aged 16 to 74 in employment,531,297,234
S01011147,1. Managers directors and senior officials,32,18,14
S01011147,2. Professional occupations,66,31,35
S01011147,3. Associate professional and technical occupations,95,75,20
S01011147,4. Administrative and secretarial occupations,42,3,39
S01011147,5. Skilled trades occupations,96,84,12
S01011147,6. Caring leisure and other service occupations,50,6,44
S01011147,7. Sales and customer service occupations,41,13,28
S01011147,8. Process plant and machine operatives,48,42,6
S01011147,9. Elementary occupations,61,25,36
S01011148,All people aged 16 to 74 in employment,419,240,179
S01011148,1. Managers directors and senior officials,48,35,13
S01011148,2. Professional occupations,78,40,38
S01011148,3. Associate professional and technical occupations,54,29,25
S01011148,4. Administrative and secretarial occupations,32,5,27
S01011148,5. Skilled trades occupations,79,68,11
S01011148,6. Caring leisure and other service occupations,34,2,32
S01011148,7. Sales and customer service occupations,20,8,12
S01011148,8. Process plant and machine operatives,24,21,3
S01011148,9. Elementary occupations,50,32,18
S01011149,All people aged 16 to 74 in employment,545,354,191
S01011149,1. Managers directors and senior officials,57,36,21
S01011149,2. Professional occupations,62,25,37
S01011149,3. Associate professional and technical occupations,295,227,68
S01011149,4. Administrative and secretarial occupations,18,4,14
S01011149,5. Skilled trades occupations,49,39,10
S01011149,6. Caring leisure and other service occupations,16,1,15
S01011149,7. Sales and customer service occupations,15,4,11
S01011149,8. Process plant and machine operatives,12,10,2
S01011149,9. Elementary occupations,21,8,13
S01011150,All people aged 16 to 74 in employment,247,137,110
S01011150,1. Managers directors and senior officials,29,20,9
S01011150,2. Professional occupations,27,10,17
S01011150,3. Associate professional and technical occupations,77,48,29
S01011150,4. Administrative and secretarial occupations,10,1,9
S01011150,5. Skilled trades occupations,24,19,5
S01011150,6. Caring leisure and other service occupations,23,6,17
S01011150,7. Sales and customer service occupations,13,3,10
S01011150,8. Process plant and machine operatives,15,15,0
S01011150,9. Elementary occupations,29,15,14
S01011151,All people aged 16 to 74 in employment,275,159,116
S01011151,1. Managers directors and senior officials,22,11,11
S01011151,2. Professional occupations,25,12,13
S01011151,3. Associate professional and technical occupations,114,83,31
S01011151,4. Administrative and secretarial occupations,22,4,18
S01011151,5. Skilled trades occupations,26,23,3
S01011151,6. Caring leisure and other service occupations,19,2,17
S01011151,7. Sales and customer service occupations,13,5,8
S01011151,8. Process plant and machine operatives,9,9,0
S01011151,9. Elementary occupations,25,10,15
S01011152,All people aged 16 to 74 in employment,332,172,160
S01011152,1. Managers directors and senior officials,34,23,11
S01011152,2. Professional occupations,75,31,44
S01011152,3. Associate professional and technical occupations,72,46,26
S01011152,4. Administrative and secretarial occupations,24,3,21
S01011152,5. Skilled trades occupations,44,37,7
S01011152,6. Caring leisure and other service occupations,27,5,22
S01011152,7. Sales and customer service occupations,17,3,14
S01011152,8. Process plant and machine operatives,13,10,3
S01011152,9. Elementary occupations,26,14,12
S01011153,All people aged 16 to 74 in employment,385,211,174
S01011153,1. Managers directors and senior officials,31,22,9
S01011153,2. Professional occupations,56,17,39
S01011153,3. Associate professional and technical occupations,54,38,16
S01011153,4. Administrative and secretarial occupations,26,3,23
S01011153,5. Skilled trades occupations,66,58,8
S01011153,6. Caring leisure and other service occupations,46,12,34
S01011153,7. Sales and customer service occupations,27,7,20
S01011153,8. Process plant and machine operatives,33,30,3
S01011153,9. Elementary occupations,46,24,22
S01011154,All people aged 16 to 74 in employment,248,141,107
S01011154,1. Managers directors and senior officials,13,9,4
S01011154,2. Professional occupations,32,16,16
S01011154,3. Associate professional and technical occupations,29,23,6
S01011154,4. Administrative and secretarial occupations,25,5,20
S01011154,5. Skilled trades occupations,35,32,3
S01011154,6. Caring leisure and other service occupations,26,6,20
S01011154,7. Sales and customer service occupations,15,4,11
S01011154,8. Process plant and machine operatives,27,24,3
S01011154,9. Elementary occupations,46,22,24
S01011155,All people aged 16 to 74 in employment,274,148,126
S01011155,1. Managers directors and senior officials,18,11,7
S01011155,2. Professional occupations,46,22,24
S01011155,3. Associate professional and technical occupations,35,21,14
S01011155,4. Administrative and secretarial occupations,23,8,15
S01011155,5. Skilled trades occupations,49,43,6
S01011155,6. Caring leisure and other service occupations,18,2,16
S01011155,7. Sales and customer service occupations,28,5,23
S01011155,8. Process plant and machine operatives,18,17,1
S01011155,9. Elementary occupations,39,19,20
S01011156,All people aged 16 to 74 in employment,307,156,151
S01011156,1. Managers directors and senior officials,18,9,9
S01011156,2. Professional occupations,38,14,24
S01011156,3. Associate professional and technical occupations,47,35,12
S01011156,4. Administrative and secretarial occupations,28,4,24
S01011156,5. Skilled trades occupations,46,42,4
S01011156,6. Caring leisure and other service occupations,34,3,31
S01011156,7. Sales and customer service occupations,38,11,27
S01011156,8. Process plant and machine operatives,26,21,5
S01011156,9. Elementary occupations,32,17,15
S01011157,All people aged 16 to 74 in employment,304,160,144
S01011157,1. Managers directors and senior officials,22,12,10
S01011157,2. Professional occupations,36,11,25
S01011157,3. Associate professional and technical occupations,51,41,10
S01011157,4. Administrative and secretarial occupations,37,8,29
S01011157,5. Skilled trades occupations,56,45,11
S01011157,6. Caring leisure and other service occupations,30,2,28
S01011157,7. Sales and customer service occupations,22,4,18
S01011157,8. Process plant and machine operatives,17,17,0
S01011157,9. Elementary occupations,33,20,13
S01011158,All people aged 16 to 74 in employment,228,121,107
S01011158,1. Managers directors and senior officials,24,16,8
S01011158,2. Professional occupations,72,39,33
S01011158,3. Associate professional and technical occupations,33,20,13
S01011158,4. Administrative and secretarial occupations,18,1,17
S01011158,5. Skilled trades occupations,20,17,3
S01011158,6. Caring leisure and other service occupations,11,0,11
S01011158,7. Sales and customer service occupations,22,10,12
S01011158,8. Process plant and machine operatives,9,8,1
S01011158,9. Elementary occupations,19,10,9
S01011159,All people aged 16 to 74 in employment,222,113,109
S01011159,1. Managers directors and senior officials,10,7,3
S01011159,2. Professional occupations,19,5,14
S01011159,3. Associate professional and technical occupations,30,25,5
S01011159,4. Administrative and secretarial occupations,14,0,14
S01011159,5. Skilled trades occupations,29,23,6
S01011159,6. Caring leisure and other service occupations,23,4,19
S01011159,7. Sales and customer service occupations,28,7,21
S01011159,8. Process plant and machine operatives,27,27,0
S01011159,9. Elementary occupations,42,15,27
S01011160,All people aged 16 to 74 in employment,479,255,224
S01011160,1. Managers directors and senior officials,33,19,14
S01011160,2. Professional occupations,43,14,29
S01011160,3. Associate professional and technical occupations,72,57,15
S01011160,4. Administrative and secretarial occupations,38,2,36
S01011160,5. Skilled trades occupations,78,73,5
S01011160,6. Caring leisure and other service occupations,61,8,53
S01011160,7. Sales and customer service occupations,48,18,30
S01011160,8. Process plant and machine operatives,32,30,2
S01011160,9. Elementary occupations,74,34,40
S01011161,All people aged 16 to 74 in employment,301,155,146
S01011161,1. Managers directors and senior officials,10,7,3
S01011161,2. Professional occupations,14,4,10
S01011161,3. Associate professional and technical occupations,28,18,10
S01011161,4. Administrative and secretarial occupations,20,3,17
S01011161,5. Skilled trades occupations,48,47,1
S01011161,6. Caring leisure and other service occupations,39,4,35
S01011161,7. Sales and customer service occupations,45,5,40
S01011161,8. Process plant and machine operatives,43,41,2
S01011161,9. Elementary occupations,54,26,28
S01011162,All people aged 16 to 74 in employment,200,111,89
S01011162,1. Managers directors and senior officials,12,7,5
S01011162,2. Professional occupations,22,10,12
S01011162,3. Associate professional and technical occupations,27,16,11
S01011162,4. Administrative and secretarial occupations,16,3,13
S01011162,5. Skilled trades occupations,21,20,1
S01011162,6. Caring leisure and other service occupations,23,3,20
S01011162,7. Sales and customer service occupations,24,13,11
S01011162,8. Process plant and machine operatives,22,21,1
S01011162,9. Elementary occupations,33,18,15
S01011163,All people aged 16 to 74 in employment,406,209,197
S01011163,1. Managers directors and senior officials,15,8,7
S01011163,2. Professional occupations,14,4,10
S01011163,3. Associate professional and technical occupations,35,22,13
S01011163,4. Administrative and secretarial occupations,33,7,26
S01011163,5. Skilled trades occupations,75,64,11
S01011163,6. Caring leisure and other service occupations,40,6,34
S01011163,7. Sales and customer service occupations,61,17,44
S01011163,8. Process plant and machine operatives,44,41,3
S01011163,9. Elementary occupations,89,40,49
S01011164,All people aged 16 to 74 in employment,341,171,170
S01011164,1. Managers directors and senior officials,25,15,10
S01011164,2. Professional occupations,54,17,37
S01011164,3. Associate professional and technical occupations,61,47,14
S01011164,4. Administrative and secretarial occupations,41,4,37
S01011164,5. Skilled trades occupations,37,35,2
S01011164,6. Caring leisure and other service occupations,32,5,27
S01011164,7. Sales and customer service occupations,34,11,23
S01011164,8. Process plant and machine operatives,24,23,1
S01011164,9. Elementary occupations,33,14,19
S01011165,All people aged 16 to 74 in employment,311,167,144
S01011165,1. Managers directors and senior officials,13,6,7
S01011165,2. Professional occupations,25,11,14
S01011165,3. Associate professional and technical occupations,26,16,10
S01011165,4. Administrative and secretarial occupations,33,10,23
S01011165,5. Skilled trades occupations,46,43,3
S01011165,6. Caring leisure and other service occupations,41,6,35
S01011165,7. Sales and customer service occupations,44,13,31
S01011165,8. Process plant and machine operatives,34,29,5
S01011165,9. Elementary occupations,49,33,16
S01011166,All people aged 16 to 74 in employment,235,122,113
S01011166,1. Managers directors and senior officials,18,11,7
S01011166,2. Professional occupations,40,15,25
S01011166,3. Associate professional and technical occupations,31,23,8
S01011166,4. Administrative and secretarial occupations,25,4,21
S01011166,5. Skilled trades occupations,34,31,3
S01011166,6. Caring leisure and other service occupations,24,6,18
S01011166,7. Sales and customer service occupations,28,8,20
S01011166,8. Process plant and machine operatives,16,15,1
S01011166,9. Elementary occupations,19,9,10
S01011167,All people aged 16 to 74 in employment,358,189,169
S01011167,1. Managers directors and senior officials,35,28,7
S01011167,2. Professional occupations,93,39,54
S01011167,3. Associate professional and technical occupations,53,28,25
S01011167,4. Administrative and secretarial occupations,38,4,34
S01011167,5. Skilled trades occupations,52,45,7
S01011167,6. Caring leisure and other service occupations,23,3,20
S01011167,7. Sales and customer service occupations,13,4,9
S01011167,8. Process plant and machine operatives,26,26,0
S01011167,9. Elementary occupations,25,12,13
S01011168,All people aged 16 to 74 in employment,429,243,186
S01011168,1. Managers directors and senior officials,55,33,22
S01011168,2. Professional occupations,56,22,34
S01011168,3. Associate professional and technical occupations,54,38,16
S01011168,4. Administrative and secretarial occupations,37,2,35
S01011168,5. Skilled trades occupations,106,88,18
S01011168,6. Caring leisure and other service occupations,27,5,22
S01011168,7. Sales and customer service occupations,27,7,20
S01011168,8. Process plant and machine operatives,29,26,3
S01011168,9. Elementary occupations,38,22,16
S01011169,All people aged 16 to 74 in employment,522,279,243
S01011169,1. Managers directors and senior officials,47,28,19
S01011169,2. Professional occupations,78,28,50
S01011169,3. Associate professional and technical occupations,113,84,29
S01011169,4. Administrative and secretarial occupations,56,11,45
S01011169,5. Skilled trades occupations,70,66,4
S01011169,6. Caring leisure and other service occupations,49,4,45
S01011169,7. Sales and customer service occupations,41,15,26
S01011169,8. Process plant and machine operatives,20,19,1
S01011169,9. Elementary occupations,48,24,24
S01011170,All people aged 16 to 74 in employment,432,236,196
S01011170,1. Managers directors and senior officials,58,38,20
S01011170,2. Professional occupations,74,29,45
S01011170,3. Associate professional and technical occupations,72,43,29
S01011170,4. Administrative and secretarial occupations,30,5,25
S01011170,5. Skilled trades occupations,67,61,6
S01011170,6. Caring leisure and other service occupations,33,6,27
S01011170,7. Sales and customer service occupations,32,8,24
S01011170,8. Process plant and machine operatives,21,21,0
S01011170,9. Elementary occupations,45,25,20
S01011171,All people aged 16 to 74 in employment,463,240,223
S01011171,1. Managers directors and senior officials,68,41,27
S01011171,2. Professional occupations,62,16,46
S01011171,3. Associate professional and technical occupations,37,26,11
S01011171,4. Administrative and secretarial occupations,42,3,39
S01011171,5. Skilled trades occupations,104,91,13
S01011171,6. Caring leisure and other service occupations,48,9,39
S01011171,7. Sales and customer service occupations,23,7,16
S01011171,8. Process plant and machine operatives,30,23,7
S01011171,9. Elementary occupations,49,24,25
S01011172,All people aged 16 to 74 in employment,351,184,167
S01011172,1. Managers directors and senior officials,33,12,21
S01011172,2. Professional occupations,44,18,26
S01011172,3. Associate professional and technical occupations,35,17,18
S01011172,4. Administrative and secretarial occupations,30,7,23
S01011172,5. Skilled trades occupations,90,76,14
S01011172,6. Caring leisure and other service occupations,25,2,23
S01011172,7. Sales and customer service occupations,19,5,14
S01011172,8. Process plant and machine operatives,28,24,4
S01011172,9. Elementary occupations,47,23,24
S01011173,All people aged 16 to 74 in employment,236,122,114
S01011173,1. Managers directors and senior officials,36,16,20
S01011173,2. Professional occupations,30,17,13
S01011173,3. Associate professional and technical occupations,23,8,15
S01011173,4. Administrative and secretarial occupations,24,5,19
S01011173,5. Skilled trades occupations,50,41,9
S01011173,6. Caring leisure and other service occupations,32,6,26
S01011173,7. Sales and customer service occupations,7,3,4
S01011173,8. Process plant and machine operatives,15,13,2
S01011173,9. Elementary occupations,19,13,6
S01011174,All people aged 16 to 74 in employment,186,101,85
S01011174,1. Managers directors and senior officials,23,14,9
S01011174,2. Professional occupations,18,10,8
S01011174,3. Associate professional and technical occupations,20,8,12
S01011174,4. Administrative and secretarial occupations,14,3,11
S01011174,5. Skilled trades occupations,44,36,8
S01011174,6. Caring leisure and other service occupations,25,6,19
S01011174,7. Sales and customer service occupations,8,1,7
S01011174,8. Process plant and machine operatives,11,10,1
S01011174,9. Elementary occupations,23,13,10
S01011175,All people aged 16 to 74 in employment,217,101,116
S01011175,1. Managers directors and senior officials,16,7,9
S01011175,2. Professional occupations,28,12,16
S01011175,3. Associate professional and technical occupations,10,4,6
S01011175,4. Administrative and secretarial occupations,20,1,19
S01011175,5. Skilled trades occupations,40,36,4
S01011175,6. Caring leisure and other service occupations,34,5,29
S01011175,7. Sales and customer service occupations,16,5,11
S01011175,8. Process plant and machine operatives,17,15,2
S01011175,9. Elementary occupations,36,16,20
S01011176,All people aged 16 to 74 in employment,225,116,109
S01011176,1. Managers directors and senior officials,34,14,20
S01011176,2. Professional occupations,29,8,21
S01011176,3. Associate professional and technical occupations,19,10,9
S01011176,4. Administrative and secretarial occupations,33,6,27
S01011176,5. Skilled trades occupations,48,45,3
S01011176,6. Caring leisure and other service occupations,11,2,9
S01011176,7. Sales and customer service occupations,12,3,9
S01011176,8. Process plant and machine operatives,15,13,2
S01011176,9. Elementary occupations,24,15,9
S01011177,All people aged 16 to 74 in employment,423,214,209
S01011177,1. Managers directors and senior officials,57,33,24
S01011177,2. Professional occupations,46,16,30
S01011177,3. Associate professional and technical occupations,33,18,15
S01011177,4. Administrative and secretarial occupations,30,6,24
S01011177,5. Skilled trades occupations,65,57,8
S01011177,6. Caring leisure and other service occupations,54,7,47
S01011177,7. Sales and customer service occupations,32,11,21
S01011177,8. Process plant and machine operatives,36,32,4
S01011177,9. Elementary occupations,70,34,36
S01011178,All people aged 16 to 74 in employment,218,113,105
S01011178,1. Managers directors and senior officials,27,15,12
S01011178,2. Professional occupations,25,8,17
S01011178,3. Associate professional and technical occupations,40,30,10
S01011178,4. Administrative and secretarial occupations,19,3,16
S01011178,5. Skilled trades occupations,27,23,4
S01011178,6. Caring leisure and other service occupations,20,4,16
S01011178,7. Sales and customer service occupations,16,3,13
S01011178,8. Process plant and machine operatives,19,17,2
S01011178,9. Elementary occupations,25,10,15
S01011179,All people aged 16 to 74 in employment,281,133,148
S01011179,1. Managers directors and senior officials,13,7,6
S01011179,2. Professional occupations,19,8,11
S01011179,3. Associate professional and technical occupations,22,11,11
S01011179,4. Administrative and secretarial occupations,23,4,19
S01011179,5. Skilled trades occupations,41,38,3
S01011179,6. Caring leisure and other service occupations,33,4,29
S01011179,7. Sales and customer service occupations,28,6,22
S01011179,8. Process plant and machine operatives,32,27,5
S01011179,9. Elementary occupations,70,28,42
S01011180,All people aged 16 to 74 in employment,220,105,115
S01011180,1. Managers directors and senior officials,9,3,6
S01011180,2. Professional occupations,14,6,8
S01011180,3. Associate professional and technical occupations,15,8,7
S01011180,4. Administrative and secretarial occupations,15,1,14
S01011180,5. Skilled trades occupations,33,29,4
S01011180,6. Caring leisure and other service occupations,34,5,29
S01011180,7. Sales and customer service occupations,22,8,14
S01011180,8. Process plant and machine operatives,30,28,2
S01011180,9. Elementary occupations,48,17,31
S01011181,All people aged 16 to 74 in employment,254,141,113
S01011181,1. Managers directors and senior officials,29,17,12
S01011181,2. Professional occupations,46,16,30
S01011181,3. Associate professional and technical occupations,25,14,11
S01011181,4. Administrative and secretarial occupations,20,2,18
S01011181,5. Skilled trades occupations,59,52,7
S01011181,6. Caring leisure and other service occupations,17,4,13
S01011181,7. Sales and customer service occupations,14,8,6
S01011181,8. Process plant and machine operatives,18,16,2
S01011181,9. Elementary occupations,26,12,14
S01011182,All people aged 16 to 74 in employment,219,120,99
S01011182,1. Managers directors and senior officials,29,20,9
S01011182,2. Professional occupations,36,15,21
S01011182,3. Associate professional and technical occupations,31,13,18
S01011182,4. Administrative and secretarial occupations,18,4,14
S01011182,5. Skilled trades occupations,42,39,3
S01011182,6. Caring leisure and other service occupations,9,1,8
S01011182,7. Sales and customer service occupations,13,4,9
S01011182,8. Process plant and machine operatives,16,14,2
S01011182,9. Elementary occupations,25,10,15
S01011183,All people aged 16 to 74 in employment,265,134,131
S01011183,1. Managers directors and senior officials,28,18,10
S01011183,2. Professional occupations,45,16,29
S01011183,3. Associate professional and technical occupations,28,16,12
S01011183,4. Administrative and secretarial occupations,26,3,23
S01011183,5. Skilled trades occupations,37,34,3
S01011183,6. Caring leisure and other service occupations,26,5,21
S01011183,7. Sales and customer service occupations,26,6,20
S01011183,8. Process plant and machine operatives,24,21,3
S01011183,9. Elementary occupations,25,15,10
S01011184,All people aged 16 to 74 in employment,428,217,211
S01011184,1. Managers directors and senior officials,45,30,15
S01011184,2. Professional occupations,75,29,46
S01011184,3. Associate professional and technical occupations,79,50,29
S01011184,4. Administrative and secretarial occupations,59,11,48
S01011184,5. Skilled trades occupations,44,42,2
S01011184,6. Caring leisure and other service occupations,34,6,28
S01011184,7. Sales and customer service occupations,43,12,31
S01011184,8. Process plant and machine operatives,25,24,1
S01011184,9. Elementary occupations,24,13,11
S01011185,All people aged 16 to 74 in employment,320,163,157
S01011185,1. Managers directors and senior officials,22,16,6
S01011185,2. Professional occupations,51,18,33
S01011185,3. Associate professional and technical occupations,44,24,20
S01011185,4. Administrative and secretarial occupations,46,12,34
S01011185,5. Skilled trades occupations,41,37,4
S01011185,6. Caring leisure and other service occupations,26,4,22
S01011185,7. Sales and customer service occupations,30,6,24
S01011185,8. Process plant and machine operatives,24,21,3
S01011185,9. Elementary occupations,36,25,11
S01011186,All people aged 16 to 74 in employment,387,194,193
S01011186,1. Managers directors and senior officials,20,10,10
S01011186,2. Professional occupations,57,33,24
S01011186,3. Associate professional and technical occupations,53,26,27
S01011186,4. Administrative and secretarial occupations,61,7,54
S01011186,5. Skilled trades occupations,44,40,4
S01011186,6. Caring leisure and other service occupations,37,6,31
S01011186,7. Sales and customer service occupations,32,14,18
S01011186,8. Process plant and machine operatives,39,35,4
S01011186,9. Elementary occupations,44,23,21
S01011187,All people aged 16 to 74 in employment,346,173,173
S01011187,1. Managers directors and senior officials,21,11,10
S01011187,2. Professional occupations,61,27,34
S01011187,3. Associate professional and technical occupations,50,32,18
S01011187,4. Administrative and secretarial occupations,45,4,41
S01011187,5. Skilled trades occupations,43,42,1
S01011187,6. Caring leisure and other service occupations,29,4,25
S01011187,7. Sales and customer service occupations,42,8,34
S01011187,8. Process plant and machine operatives,29,27,2
S01011187,9. Elementary occupations,26,18,8
S01011188,All people aged 16 to 74 in employment,422,227,195
S01011188,1. Managers directors and senior officials,20,11,9
S01011188,2. Professional occupations,35,14,21
S01011188,3. Associate professional and technical occupations,55,37,18
S01011188,4. Administrative and secretarial occupations,43,6,37
S01011188,5. Skilled trades occupations,62,56,6
S01011188,6. Caring leisure and other service occupations,53,10,43
S01011188,7. Sales and customer service occupations,47,17,30
S01011188,8. Process plant and machine operatives,44,38,6
S01011188,9. Elementary occupations,63,38,25
S01011189,All people aged 16 to 74 in employment,400,197,203
S01011189,1. Managers directors and senior officials,36,20,16
S01011189,2. Professional occupations,53,22,31
S01011189,3. Associate professional and technical occupations,57,34,23
S01011189,4. Administrative and secretarial occupations,44,7,37
S01011189,5. Skilled trades occupations,61,59,2
S01011189,6. Caring leisure and other service occupations,47,8,39
S01011189,7. Sales and customer service occupations,44,15,29
S01011189,8. Process plant and machine operatives,23,21,2
S01011189,9. Elementary occupations,35,11,24
S01011190,All people aged 16 to 74 in employment,264,134,130
S01011190,1. Managers directors and senior officials,12,8,4
S01011190,2. Professional occupations,19,7,12
S01011190,3. Associate professional and technical occupations,32,22,10
S01011190,4. Administrative and secretarial occupations,31,5,26
S01011190,5. Skilled trades occupations,43,37,6
S01011190,6. Caring leisure and other service occupations,24,3,21
S01011190,7. Sales and customer service occupations,31,10,21
S01011190,8. Process plant and machine operatives,34,27,7
S01011190,9. Elementary occupations,38,15,23
S01011191,All people aged 16 to 74 in employment,240,113,127
S01011191,1. Managers directors and senior officials,15,9,6
S01011191,2. Professional occupations,21,7,14
S01011191,3. Associate professional and technical occupations,15,9,6
S01011191,4. Administrative and secretarial occupations,24,3,21
S01011191,5. Skilled trades occupations,37,34,3
S01011191,6. Caring leisure and other service occupations,41,6,35
S01011191,7. Sales and customer service occupations,28,8,20
S01011191,8. Process plant and machine operatives,22,19,3
S01011191,9. Elementary occupations,37,18,19
S01011192,All people aged 16 to 74 in employment,335,170,165
S01011192,1. Managers directors and senior officials,15,8,7
S01011192,2. Professional occupations,27,4,23
S01011192,3. Associate professional and technical occupations,25,13,12
S01011192,4. Administrative and secretarial occupations,38,5,33
S01011192,5. Skilled trades occupations,46,43,3
S01011192,6. Caring leisure and other service occupations,44,12,32
S01011192,7. Sales and customer service occupations,34,7,27
S01011192,8. Process plant and machine operatives,54,53,1
S01011192,9. Elementary occupations,52,25,27
S01011193,All people aged 16 to 74 in employment,287,146,141
S01011193,1. Managers directors and senior officials,19,12,7
S01011193,2. Professional occupations,22,9,13
S01011193,3. Associate professional and technical occupations,27,15,12
S01011193,4. Administrative and secretarial occupations,25,1,24
S01011193,5. Skilled trades occupations,36,31,5
S01011193,6. Caring leisure and other service occupations,41,7,34
S01011193,7. Sales and customer service occupations,31,13,18
S01011193,8. Process plant and machine operatives,28,28,0
S01011193,9. Elementary occupations,58,30,28
S01011194,All people aged 16 to 74 in employment,275,132,143
S01011194,1. Managers directors and senior officials,20,5,15
S01011194,2. Professional occupations,16,8,8
S01011194,3. Associate professional and technical occupations,24,11,13
S01011194,4. Administrative and secretarial occupations,25,5,20
S01011194,5. Skilled trades occupations,38,34,4
S01011194,6. Caring leisure and other service occupations,37,7,30
S01011194,7. Sales and customer service occupations,33,9,24
S01011194,8. Process plant and machine operatives,23,23,0
S01011194,9. Elementary occupations,59,30,29
S01011195,All people aged 16 to 74 in employment,352,171,181
S01011195,1. Managers directors and senior officials,12,6,6
S01011195,2. Professional occupations,22,8,14
S01011195,3. Associate professional and technical occupations,36,21,15
S01011195,4. Administrative and secretarial occupations,43,14,29
S01011195,5. Skilled trades occupations,42,37,5
S01011195,6. Caring leisure and other service occupations,54,12,42
S01011195,7. Sales and customer service occupations,45,12,33
S01011195,8. Process plant and machine operatives,49,42,7
S01011195,9. Elementary occupations,49,19,30
S01011196,All people aged 16 to 74 in employment,357,177,180
S01011196,1. Managers directors and senior officials,18,12,6
S01011196,2. Professional occupations,27,10,17
S01011196,3. Associate professional and technical occupations,29,16,13
S01011196,4. Administrative and secretarial occupations,41,7,34
S01011196,5. Skilled trades occupations,46,43,3
S01011196,6. Caring leisure and other service occupations,44,11,33
S01011196,7. Sales and customer service occupations,47,10,37
S01011196,8. Process plant and machine operatives,46,38,8
S01011196,9. Elementary occupations,59,30,29
S01011197,All people aged 16 to 74 in employment,314,158,156
S01011197,1. Managers directors and senior officials,15,8,7
S01011197,2. Professional occupations,26,12,14
S01011197,3. Associate professional and technical occupations,23,17,6
S01011197,4. Administrative and secretarial occupations,31,2,29
S01011197,5. Skilled trades occupations,38,35,3
S01011197,6. Caring leisure and other service occupations,44,8,36
S01011197,7. Sales and customer service occupations,39,12,27
S01011197,8. Process plant and machine operatives,42,37,5
S01011197,9. Elementary occupations,56,27,29
S01011198,All people aged 16 to 74 in employment,264,125,139
S01011198,1. Managers directors and senior officials,12,2,10
S01011198,2. Professional occupations,16,2,14
S01011198,3. Associate professional and technical occupations,29,16,13
S01011198,4. Administrative and secretarial occupations,22,5,17
S01011198,5. Skilled trades occupations,40,38,2
S01011198,6. Caring leisure and other service occupations,39,5,34
S01011198,7. Sales and customer service occupations,31,6,25
S01011198,8. Process plant and machine operatives,38,35,3
S01011198,9. Elementary occupations,37,16,21
S01011199,All people aged 16 to 74 in employment,367,177,190
S01011199,1. Managers directors and senior officials,23,12,11
S01011199,2. Professional occupations,26,12,14
S01011199,3. Associate professional and technical occupations,44,23,21
S01011199,4. Administrative and secretarial occupations,44,7,37
S01011199,5. Skilled trades occupations,51,44,7
S01011199,6. Caring leisure and other service occupations,56,6,50
S01011199,7. Sales and customer service occupations,42,17,25
S01011199,8. Process plant and machine operatives,43,38,5
S01011199,9. Elementary occupations,38,18,20
S01011200,All people aged 16 to 74 in employment,355,188,167
S01011200,1. Managers directors and senior officials,16,9,7
S01011200,2. Professional occupations,43,13,30
S01011200,3. Associate professional and technical occupations,39,23,16
S01011200,4. Administrative and secretarial occupations,40,11,29
S01011200,5. Skilled trades occupations,55,50,5
S01011200,6. Caring leisure and other service occupations,44,7,37
S01011200,7. Sales and customer service occupations,35,12,23
S01011200,8. Process plant and machine operatives,45,42,3
S01011200,9. Elementary occupations,38,21,17
S01011201,All people aged 16 to 74 in employment,297,157,140
S01011201,1. Managers directors and senior officials,23,14,9
S01011201,2. Professional occupations,30,10,20
S01011201,3. Associate professional and technical occupations,33,25,8
S01011201,4. Administrative and secretarial occupations,35,8,27
S01011201,5. Skilled trades occupations,37,35,2
S01011201,6. Caring leisure and other service occupations,41,4,37
S01011201,7. Sales and customer service occupations,33,8,25
S01011201,8. Process plant and machine operatives,38,35,3
S01011201,9. Elementary occupations,27,18,9
S01011202,All people aged 16 to 74 in employment,377,167,210
S01011202,1. Managers directors and senior officials,22,8,14
S01011202,2. Professional occupations,33,13,20
S01011202,3. Associate professional and technical occupations,44,17,27
S01011202,4. Administrative and secretarial occupations,37,4,33
S01011202,5. Skilled trades occupations,56,48,8
S01011202,6. Caring leisure and other service occupations,47,4,43
S01011202,7. Sales and customer service occupations,46,17,29
S01011202,8. Process plant and machine operatives,40,38,2
S01011202,9. Elementary occupations,52,18,34
S01011203,All people aged 16 to 74 in employment,381,175,206
S01011203,1. Managers directors and senior officials,28,17,11
S01011203,2. Professional occupations,45,18,27
S01011203,3. Associate professional and technical occupations,36,16,20
S01011203,4. Administrative and secretarial occupations,47,5,42
S01011203,5. Skilled trades occupations,55,49,6
S01011203,6. Caring leisure and other service occupations,54,13,41
S01011203,7. Sales and customer service occupations,46,9,37
S01011203,8. Process plant and machine operatives,36,31,5
S01011203,9. Elementary occupations,34,17,17
S01011204,All people aged 16 to 74 in employment,296,143,153
S01011204,1. Managers directors and senior officials,29,19,10
S01011204,2. Professional occupations,52,26,26
S01011204,3. Associate professional and technical occupations,49,29,20
S01011204,4. Administrative and secretarial occupations,35,7,28
S01011204,5. Skilled trades occupations,32,26,6
S01011204,6. Caring leisure and other service occupations,31,4,27
S01011204,7. Sales and customer service occupations,30,7,23
S01011204,8. Process plant and machine operatives,18,14,4
S01011204,9. Elementary occupations,20,11,9
S01011205,All people aged 16 to 74 in employment,392,199,193
S01011205,1. Managers directors and senior officials,43,25,18
S01011205,2. Professional occupations,69,28,41
S01011205,3. Associate professional and technical occupations,77,48,29
S01011205,4. Administrative and secretarial occupations,39,5,34
S01011205,5. Skilled trades occupations,39,38,1
S01011205,6. Caring leisure and other service occupations,29,2,27
S01011205,7. Sales and customer service occupations,37,9,28
S01011205,8. Process plant and machine operatives,30,27,3
S01011205,9. Elementary occupations,29,17,12
S01011206,All people aged 16 to 74 in employment,397,205,192
S01011206,1. Managers directors and senior officials,34,21,13
S01011206,2. Professional occupations,75,26,49
S01011206,3. Associate professional and technical occupations,56,38,18
S01011206,4. Administrative and secretarial occupations,50,7,43
S01011206,5. Skilled trades occupations,54,51,3
S01011206,6. Caring leisure and other service occupations,33,5,28
S01011206,7. Sales and customer service occupations,34,10,24
S01011206,8. Process plant and machine operatives,28,28,0
S01011206,9. Elementary occupations,33,19,14
S01011207,All people aged 16 to 74 in employment,353,182,171
S01011207,1. Managers directors and senior officials,27,14,13
S01011207,2. Professional occupations,57,25,32
S01011207,3. Associate professional and technical occupations,42,22,20
S01011207,4. Administrative and secretarial occupations,39,4,35
S01011207,5. Skilled trades occupations,41,40,1
S01011207,6. Caring leisure and other service occupations,41,9,32
S01011207,7. Sales and customer service occupations,34,11,23
S01011207,8. Process plant and machine operatives,42,39,3
S01011207,9. Elementary occupations,30,18,12
S01011208,All people aged 16 to 74 in employment,523,261,262
S01011208,1. Managers directors and senior officials,56,39,17
S01011208,2. Professional occupations,86,39,47
S01011208,3. Associate professional and technical occupations,71,37,34
S01011208,4. Administrative and secretarial occupations,65,13,52
S01011208,5. Skilled trades occupations,57,54,3
S01011208,6. Caring leisure and other service occupations,48,5,43
S01011208,7. Sales and customer service occupations,59,17,42
S01011208,8. Process plant and machine operatives,43,38,5
S01011208,9. Elementary occupations,38,19,19
S01011209,All people aged 16 to 74 in employment,276,137,139
S01011209,1. Managers directors and senior officials,17,11,6
S01011209,2. Professional occupations,25,11,14
S01011209,3. Associate professional and technical occupations,30,18,12
S01011209,4. Administrative and secretarial occupations,34,6,28
S01011209,5. Skilled trades occupations,43,40,3
S01011209,6. Caring leisure and other service occupations,34,5,29
S01011209,7. Sales and customer service occupations,26,12,14
S01011209,8. Process plant and machine operatives,27,21,6
S01011209,9. Elementary occupations,40,13,27
S01011210,All people aged 16 to 74 in employment,368,200,168
S01011210,1. Managers directors and senior officials,68,44,24
S01011210,2. Professional occupations,78,39,39
S01011210,3. Associate professional and technical occupations,59,33,26
S01011210,4. Administrative and secretarial occupations,23,5,18
S01011210,5. Skilled trades occupations,31,28,3
S01011210,6. Caring leisure and other service occupations,23,3,20
S01011210,7. Sales and customer service occupations,40,18,22
S01011210,8. Process plant and machine operatives,22,19,3
S01011210,9. Elementary occupations,24,11,13
S01011211,All people aged 16 to 74 in employment,380,185,195
S01011211,1. Managers directors and senior officials,35,24,11
S01011211,2. Professional occupations,69,21,48
S01011211,3. Associate professional and technical occupations,63,42,21
S01011211,4. Administrative and secretarial occupations,46,8,38
S01011211,5. Skilled trades occupations,45,40,5
S01011211,6. Caring leisure and other service occupations,31,5,26
S01011211,7. Sales and customer service occupations,44,12,32
S01011211,8. Process plant and machine operatives,26,24,2
S01011211,9. Elementary occupations,21,9,12
S01011212,All people aged 16 to 74 in employment,226,107,119
S01011212,1. Managers directors and senior officials,9,5,4
S01011212,2. Professional occupations,8,4,4
S01011212,3. Associate professional and technical occupations,15,7,8
S01011212,4. Administrative and secretarial occupations,20,4,16
S01011212,5. Skilled trades occupations,37,33,4
S01011212,6. Caring leisure and other service occupations,32,3,29
S01011212,7. Sales and customer service occupations,26,5,21
S01011212,8. Process plant and machine operatives,27,25,2
S01011212,9. Elementary occupations,52,21,31
S01011213,All people aged 16 to 74 in employment,417,195,222
S01011213,1. Managers directors and senior officials,23,16,7
S01011213,2. Professional occupations,38,13,25
S01011213,3. Associate professional and technical occupations,28,15,13
S01011213,4. Administrative and secretarial occupations,45,9,36
S01011213,5. Skilled trades occupations,47,41,6
S01011213,6. Caring leisure and other service occupations,52,10,42
S01011213,7. Sales and customer service occupations,52,16,36
S01011213,8. Process plant and machine operatives,53,43,10
S01011213,9. Elementary occupations,79,32,47
S01011214,All people aged 16 to 74 in employment,312,149,163
S01011214,1. Managers directors and senior officials,13,4,9
S01011214,2. Professional occupations,15,6,9
S01011214,3. Associate professional and technical occupations,32,17,15
S01011214,4. Administrative and secretarial occupations,36,5,31
S01011214,5. Skilled trades occupations,37,31,6
S01011214,6. Caring leisure and other service occupations,37,9,28
S01011214,7. Sales and customer service occupations,34,11,23
S01011214,8. Process plant and machine operatives,31,27,4
S01011214,9. Elementary occupations,77,39,38
S01011215,All people aged 16 to 74 in employment,201,93,108
S01011215,1. Managers directors and senior officials,10,7,3
S01011215,2. Professional occupations,8,3,5
S01011215,3. Associate professional and technical occupations,20,13,7
S01011215,4. Administrative and secretarial occupations,15,1,14
S01011215,5. Skilled trades occupations,27,21,6
S01011215,6. Caring leisure and other service occupations,46,9,37
S01011215,7. Sales and customer service occupations,23,8,15
S01011215,8. Process plant and machine operatives,18,17,1
S01011215,9. Elementary occupations,34,14,20
S01011216,All people aged 16 to 74 in employment,183,86,97
S01011216,1. Managers directors and senior officials,7,5,2
S01011216,2. Professional occupations,11,2,9
S01011216,3. Associate professional and technical occupations,19,11,8
S01011216,4. Administrative and secretarial occupations,23,3,20
S01011216,5. Skilled trades occupations,27,23,4
S01011216,6. Caring leisure and other service occupations,28,3,25
S01011216,7. Sales and customer service occupations,19,6,13
S01011216,8. Process plant and machine operatives,20,16,4
S01011216,9. Elementary occupations,29,17,12
S01011217,All people aged 16 to 74 in employment,295,139,156
S01011217,1. Managers directors and senior officials,12,7,5
S01011217,2. Professional occupations,19,7,12
S01011217,3. Associate professional and technical occupations,31,22,9
S01011217,4. Administrative and secretarial occupations,38,9,29
S01011217,5. Skilled trades occupations,30,27,3
S01011217,6. Caring leisure and other service occupations,46,2,44
S01011217,7. Sales and customer service occupations,37,11,26
S01011217,8. Process plant and machine operatives,27,24,3
S01011217,9. Elementary occupations,55,30,25
S01011218,All people aged 16 to 74 in employment,214,104,110
S01011218,1. Managers directors and senior officials,6,4,2
S01011218,2. Professional occupations,12,6,6
S01011218,3. Associate professional and technical occupations,20,9,11
S01011218,4. Administrative and secretarial occupations,21,4,17
S01011218,5. Skilled trades occupations,26,23,3
S01011218,6. Caring leisure and other service occupations,30,6,24
S01011218,7. Sales and customer service occupations,28,10,18
S01011218,8. Process plant and machine operatives,19,15,4
S01011218,9. Elementary occupations,52,27,25
S01011219,All people aged 16 to 74 in employment,317,151,166
S01011219,1. Managers directors and senior officials,13,8,5
S01011219,2. Professional occupations,15,10,5
S01011219,3. Associate professional and technical occupations,24,11,13
S01011219,4. Administrative and secretarial occupations,28,5,23
S01011219,5. Skilled trades occupations,46,40,6
S01011219,6. Caring leisure and other service occupations,38,1,37
S01011219,7. Sales and customer service occupations,47,8,39
S01011219,8. Process plant and machine operatives,39,35,4
S01011219,9. Elementary occupations,67,33,34
S01011220,All people aged 16 to 74 in employment,365,181,184
S01011220,1. Managers directors and senior officials,13,7,6
S01011220,2. Professional occupations,31,10,21
S01011220,3. Associate professional and technical occupations,33,18,15
S01011220,4. Administrative and secretarial occupations,29,5,24
S01011220,5. Skilled trades occupations,52,48,4
S01011220,6. Caring leisure and other service occupations,44,4,40
S01011220,7. Sales and customer service occupations,53,9,44
S01011220,8. Process plant and machine operatives,45,42,3
S01011220,9. Elementary occupations,65,38,27
S01011221,All people aged 16 to 74 in employment,428,207,221
S01011221,1. Managers directors and senior officials,13,8,5
S01011221,2. Professional occupations,38,15,23
S01011221,3. Associate professional and technical occupations,32,17,15
S01011221,4. Administrative and secretarial occupations,50,5,45
S01011221,5. Skilled trades occupations,67,60,7
S01011221,6. Caring leisure and other service occupations,56,8,48
S01011221,7. Sales and customer service occupations,52,15,37
S01011221,8. Process plant and machine operatives,43,41,2
S01011221,9. Elementary occupations,77,38,39
S01011222,All people aged 16 to 74 in employment,275,141,134
S01011222,1. Managers directors and senior officials,16,9,7
S01011222,2. Professional occupations,16,10,6
S01011222,3. Associate professional and technical occupations,32,18,14
S01011222,4. Administrative and secretarial occupations,34,6,28
S01011222,5. Skilled trades occupations,40,37,3
S01011222,6. Caring leisure and other service occupations,31,8,23
S01011222,7. Sales and customer service occupations,23,5,18
S01011222,8. Process plant and machine operatives,29,24,5
S01011222,9. Elementary occupations,54,24,30
S01011223,All people aged 16 to 74 in employment,366,176,190
S01011223,1. Managers directors and senior officials,16,5,11
S01011223,2. Professional occupations,40,14,26
S01011223,3. Associate professional and technical occupations,48,30,18
S01011223,4. Administrative and secretarial occupations,38,7,31
S01011223,5. Skilled trades occupations,43,42,1
S01011223,6. Caring leisure and other service occupations,62,9,53
S01011223,7. Sales and customer service occupations,40,9,31
S01011223,8. Process plant and machine operatives,38,37,1
S01011223,9. Elementary occupations,41,23,18
S01011224,All people aged 16 to 74 in employment,268,144,124
S01011224,1. Managers directors and senior officials,26,13,13
S01011224,2. Professional occupations,20,14,6
S01011224,3. Associate professional and technical occupations,18,10,8
S01011224,4. Administrative and secretarial occupations,24,4,20
S01011224,5. Skilled trades occupations,43,39,4
S01011224,6. Caring leisure and other service occupations,36,9,27
S01011224,7. Sales and customer service occupations,33,9,24
S01011224,8. Process plant and machine operatives,29,26,3
S01011224,9. Elementary occupations,39,20,19
S01011225,All people aged 16 to 74 in employment,253,126,127
S01011225,1. Managers directors and senior officials,19,13,6
S01011225,2. Professional occupations,28,11,17
S01011225,3. Associate professional and technical occupations,20,17,3
S01011225,4. Administrative and secretarial occupations,18,6,12
S01011225,5. Skilled trades occupations,28,27,1
S01011225,6. Caring leisure and other service occupations,44,6,38
S01011225,7. Sales and customer service occupations,37,12,25
S01011225,8. Process plant and machine operatives,19,17,2
S01011225,9. Elementary occupations,40,17,23
S01011226,All people aged 16 to 74 in employment,411,206,205
S01011226,1. Managers directors and senior officials,30,18,12
S01011226,2. Professional occupations,69,27,42
S01011226,3. Associate professional and technical occupations,57,40,17
S01011226,4. Administrative and secretarial occupations,52,9,43
S01011226,5. Skilled trades occupations,50,48,2
S01011226,6. Caring leisure and other service occupations,44,6,38
S01011226,7. Sales and customer service occupations,40,10,30
S01011226,8. Process plant and machine operatives,33,30,3
S01011226,9. Elementary occupations,36,18,18
S01011227,All people aged 16 to 74 in employment,320,171,149
S01011227,1. Managers directors and senior officials,20,11,9
S01011227,2. Professional occupations,53,20,33
S01011227,3. Associate professional and technical occupations,55,35,20
S01011227,4. Administrative and secretarial occupations,29,7,22
S01011227,5. Skilled trades occupations,46,39,7
S01011227,6. Caring leisure and other service occupations,29,5,24
S01011227,7. Sales and customer service occupations,28,11,17
S01011227,8. Process plant and machine operatives,27,22,5
S01011227,9. Elementary occupations,33,21,12
S01011228,All people aged 16 to 74 in employment,308,161,147
S01011228,1. Managers directors and senior officials,19,11,8
S01011228,2. Professional occupations,31,11,20
S01011228,3. Associate professional and technical occupations,44,26,18
S01011228,4. Administrative and secretarial occupations,36,6,30
S01011228,5. Skilled trades occupations,53,47,6
S01011228,6. Caring leisure and other service occupations,32,8,24
S01011228,7. Sales and customer service occupations,33,17,16
S01011228,8. Process plant and machine operatives,14,12,2
S01011228,9. Elementary occupations,46,23,23
S01011229,All people aged 16 to 74 in employment,166,78,88
S01011229,1. Managers directors and senior officials,13,6,7
S01011229,2. Professional occupations,16,7,9
S01011229,3. Associate professional and technical occupations,25,13,12
S01011229,4. Administrative and secretarial occupations,17,6,11
S01011229,5. Skilled trades occupations,22,19,3
S01011229,6. Caring leisure and other service occupations,17,2,15
S01011229,7. Sales and customer service occupations,20,3,17
S01011229,8. Process plant and machine operatives,9,7,2
S01011229,9. Elementary occupations,27,15,12
S01011230,All people aged 16 to 74 in employment,261,129,132
S01011230,1. Managers directors and senior officials,5,4,1
S01011230,2. Professional occupations,19,7,12
S01011230,3. Associate professional and technical occupations,23,11,12
S01011230,4. Administrative and secretarial occupations,20,3,17
S01011230,5. Skilled trades occupations,24,23,1
S01011230,6. Caring leisure and other service occupations,38,4,34
S01011230,7. Sales and customer service occupations,29,8,21
S01011230,8. Process plant and machine operatives,35,32,3
S01011230,9. Elementary occupations,68,37,31
S01011231,All people aged 16 to 74 in employment,207,104,103
S01011231,1. Managers directors and senior officials,11,6,5
S01011231,2. Professional occupations,9,4,5
S01011231,3. Associate professional and technical occupations,20,10,10
S01011231,4. Administrative and secretarial occupations,17,3,14
S01011231,5. Skilled trades occupations,25,23,2
S01011231,6. Caring leisure and other service occupations,26,6,20
S01011231,7. Sales and customer service occupations,38,11,27
S01011231,8. Process plant and machine operatives,19,17,2
S01011231,9. Elementary occupations,42,24,18
S01011232,All people aged 16 to 74 in employment,446,233,213
S01011232,1. Managers directors and senior officials,41,28,13
S01011232,2. Professional occupations,59,26,33
S01011232,3. Associate professional and technical occupations,69,31,38
S01011232,4. Administrative and secretarial occupations,39,3,36
S01011232,5. Skilled trades occupations,47,40,7
S01011232,6. Caring leisure and other service occupations,39,7,32
S01011232,7. Sales and customer service occupations,40,13,27
S01011232,8. Process plant and machine operatives,57,52,5
S01011232,9. Elementary occupations,55,33,22
S01011233,All people aged 16 to 74 in employment,119,57,62
S01011233,1. Managers directors and senior officials,9,5,4
S01011233,2. Professional occupations,19,5,14
S01011233,3. Associate professional and technical occupations,14,9,5
S01011233,4. Administrative and secretarial occupations,15,5,10
S01011233,5. Skilled trades occupations,18,17,1
S01011233,6. Caring leisure and other service occupations,14,2,12
S01011233,7. Sales and customer service occupations,15,3,12
S01011233,8. Process plant and machine operatives,8,8,0
S01011233,9. Elementary occupations,7,3,4
S01011234,All people aged 16 to 74 in employment,364,176,188
S01011234,1. Managers directors and senior officials,17,9,8
S01011234,2. Professional occupations,36,12,24
S01011234,3. Associate professional and technical occupations,31,17,14
S01011234,4. Administrative and secretarial occupations,37,5,32
S01011234,5. Skilled trades occupations,48,48,0
S01011234,6. Caring leisure and other service occupations,49,5,44
S01011234,7. Sales and customer service occupations,34,10,24
S01011234,8. Process plant and machine operatives,48,41,7
S01011234,9. Elementary occupations,64,29,35
S01011235,All people aged 16 to 74 in employment,121,58,63
S01011235,1. Managers directors and senior officials,6,2,4
S01011235,2. Professional occupations,10,4,6
S01011235,3. Associate professional and technical occupations,11,6,5
S01011235,4. Administrative and secretarial occupations,16,2,14
S01011235,5. Skilled trades occupations,15,15,0
S01011235,6. Caring leisure and other service occupations,22,2,20
S01011235,7. Sales and customer service occupations,8,1,7
S01011235,8. Process plant and machine operatives,17,16,1
S01011235,9. Elementary occupations,16,10,6
S01011236,All people aged 16 to 74 in employment,236,117,119
S01011236,1. Managers directors and senior officials,13,4,9
S01011236,2. Professional occupations,24,10,14
S01011236,3. Associate professional and technical occupations,26,15,11
S01011236,4. Administrative and secretarial occupations,22,3,19
S01011236,5. Skilled trades occupations,32,30,2
S01011236,6. Caring leisure and other service occupations,37,12,25
S01011236,7. Sales and customer service occupations,22,2,20
S01011236,8. Process plant and machine operatives,23,21,2
S01011236,9. Elementary occupations,37,20,17
S01011237,All people aged 16 to 74 in employment,277,137,140
S01011237,1. Managers directors and senior officials,11,7,4
S01011237,2. Professional occupations,25,12,13
S01011237,3. Associate professional and technical occupations,32,21,11
S01011237,4. Administrative and secretarial occupations,26,6,20
S01011237,5. Skilled trades occupations,43,41,2
S01011237,6. Caring leisure and other service occupations,42,7,35
S01011237,7. Sales and customer service occupations,40,12,28
S01011237,8. Process plant and machine operatives,17,15,2
S01011237,9. Elementary occupations,41,16,25
S01011238,All people aged 16 to 74 in employment,216,101,115
S01011238,1. Managers directors and senior officials,11,5,6
S01011238,2. Professional occupations,18,4,14
S01011238,3. Associate professional and technical occupations,25,12,13
S01011238,4. Administrative and secretarial occupations,19,2,17
S01011238,5. Skilled trades occupations,32,30,2
S01011238,6. Caring leisure and other service occupations,22,5,17
S01011238,7. Sales and customer service occupations,25,7,18
S01011238,8. Process plant and machine operatives,17,17,0
S01011238,9. Elementary occupations,47,19,28
S01011239,All people aged 16 to 74 in employment,253,136,117
S01011239,1. Managers directors and senior officials,16,9,7
S01011239,2. Professional occupations,15,6,9
S01011239,3. Associate professional and technical occupations,24,18,6
S01011239,4. Administrative and secretarial occupations,29,11,18
S01011239,5. Skilled trades occupations,31,28,3
S01011239,6. Caring leisure and other service occupations,41,9,32
S01011239,7. Sales and customer service occupations,24,11,13
S01011239,8. Process plant and machine operatives,28,24,4
S01011239,9. Elementary occupations,45,20,25
S01011240,All people aged 16 to 74 in employment,248,118,130
S01011240,1. Managers directors and senior officials,15,9,6
S01011240,2. Professional occupations,30,11,19
S01011240,3. Associate professional and technical occupations,24,13,11
S01011240,4. Administrative and secretarial occupations,33,7,26
S01011240,5. Skilled trades occupations,30,26,4
S01011240,6. Caring leisure and other service occupations,38,9,29
S01011240,7. Sales and customer service occupations,17,7,10
S01011240,8. Process plant and machine operatives,22,17,5
S01011240,9. Elementary occupations,39,19,20
S01011241,All people aged 16 to 74 in employment,406,223,183
S01011241,1. Managers directors and senior officials,34,15,19
S01011241,2. Professional occupations,72,31,41
S01011241,3. Associate professional and technical occupations,37,24,13
S01011241,4. Administrative and secretarial occupations,30,5,25
S01011241,5. Skilled trades occupations,66,61,5
S01011241,6. Caring leisure and other service occupations,56,16,40
S01011241,7. Sales and customer service occupations,39,13,26
S01011241,8. Process plant and machine operatives,37,36,1
S01011241,9. Elementary occupations,35,22,13
S01011242,All people aged 16 to 74 in employment,298,142,156
S01011242,1. Managers directors and senior officials,16,9,7
S01011242,2. Professional occupations,44,23,21
S01011242,3. Associate professional and technical occupations,34,15,19
S01011242,4. Administrative and secretarial occupations,34,8,26
S01011242,5. Skilled trades occupations,47,44,3
S01011242,6. Caring leisure and other service occupations,40,5,35
S01011242,7. Sales and customer service occupations,34,9,25
S01011242,8. Process plant and machine operatives,14,13,1
S01011242,9. Elementary occupations,35,16,19
S01011243,All people aged 16 to 74 in employment,283,123,160
S01011243,1. Managers directors and senior officials,15,7,8
S01011243,2. Professional occupations,33,6,27
S01011243,3. Associate professional and technical occupations,21,11,10
S01011243,4. Administrative and secretarial occupations,25,8,17
S01011243,5. Skilled trades occupations,40,35,5
S01011243,6. Caring leisure and other service occupations,43,4,39
S01011243,7. Sales and customer service occupations,31,6,25
S01011243,8. Process plant and machine operatives,32,27,5
S01011243,9. Elementary occupations,43,19,24
S01011244,All people aged 16 to 74 in employment,246,118,128
S01011244,1. Managers directors and senior officials,11,10,1
S01011244,2. Professional occupations,16,8,8
S01011244,3. Associate professional and technical occupations,20,13,7
S01011244,4. Administrative and secretarial occupations,30,3,27
S01011244,5. Skilled trades occupations,28,26,2
S01011244,6. Caring leisure and other service occupations,52,10,42
S01011244,7. Sales and customer service occupations,29,14,15
S01011244,8. Process plant and machine operatives,24,21,3
S01011244,9. Elementary occupations,36,13,23
S01011245,All people aged 16 to 74 in employment,305,130,175
S01011245,1. Managers directors and senior officials,21,11,10
S01011245,2. Professional occupations,18,8,10
S01011245,3. Associate professional and technical occupations,31,10,21
S01011245,4. Administrative and secretarial occupations,32,6,26
S01011245,5. Skilled trades occupations,36,33,3
S01011245,6. Caring leisure and other service occupations,68,10,58
S01011245,7. Sales and customer service occupations,23,7,16
S01011245,8. Process plant and machine operatives,27,25,2
S01011245,9. Elementary occupations,49,20,29
S01011246,All people aged 16 to 74 in employment,415,201,214
S01011246,1. Managers directors and senior officials,44,27,17
S01011246,2. Professional occupations,65,27,38
S01011246,3. Associate professional and technical occupations,58,32,26
S01011246,4. Administrative and secretarial occupations,42,14,28
S01011246,5. Skilled trades occupations,44,34,10
S01011246,6. Caring leisure and other service occupations,56,12,44
S01011246,7. Sales and customer service occupations,34,11,23
S01011246,8. Process plant and machine operatives,29,24,5
S01011246,9. Elementary occupations,43,20,23
S01011247,All people aged 16 to 74 in employment,340,173,167
S01011247,1. Managers directors and senior officials,24,17,7
S01011247,2. Professional occupations,82,37,45
S01011247,3. Associate professional and technical occupations,42,25,17
S01011247,4. Administrative and secretarial occupations,39,7,32
S01011247,5. Skilled trades occupations,39,37,2
S01011247,6. Caring leisure and other service occupations,41,4,37
S01011247,7. Sales and customer service occupations,20,10,10
S01011247,8. Process plant and machine operatives,25,22,3
S01011247,9. Elementary occupations,28,14,14
S01011248,All people aged 16 to 74 in employment,386,179,207
S01011248,1. Managers directors and senior officials,31,17,14
S01011248,2. Professional occupations,55,25,30
S01011248,3. Associate professional and technical occupations,39,23,16
S01011248,4. Administrative and secretarial occupations,52,12,40
S01011248,5. Skilled trades occupations,43,36,7
S01011248,6. Caring leisure and other service occupations,54,7,47
S01011248,7. Sales and customer service occupations,43,12,31
S01011248,8. Process plant and machine operatives,27,26,1
S01011248,9. Elementary occupations,42,21,21
S01011249,All people aged 16 to 74 in employment,368,180,188
S01011249,1. Managers directors and senior officials,25,15,10
S01011249,2. Professional occupations,61,27,34
S01011249,3. Associate professional and technical occupations,56,34,22
S01011249,4. Administrative and secretarial occupations,47,5,42
S01011249,5. Skilled trades occupations,42,41,1
S01011249,6. Caring leisure and other service occupations,42,5,37
S01011249,7. Sales and customer service occupations,39,15,24
S01011249,8. Process plant and machine operatives,26,23,3
S01011249,9. Elementary occupations,30,15,15
S01011250,All people aged 16 to 74 in employment,422,187,235
S01011250,1. Managers directors and senior officials,20,12,8
S01011250,2. Professional occupations,37,17,20
S01011250,3. Associate professional and technical occupations,35,22,13
S01011250,4. Administrative and secretarial occupations,37,3,34
S01011250,5. Skilled trades occupations,51,42,9
S01011250,6. Caring leisure and other service occupations,87,10,77
S01011250,7. Sales and customer service occupations,50,15,35
S01011250,8. Process plant and machine operatives,41,37,4
S01011250,9. Elementary occupations,64,29,35
S01011251,All people aged 16 to 74 in employment,365,170,195
S01011251,1. Managers directors and senior officials,20,13,7
S01011251,2. Professional occupations,29,6,23
S01011251,3. Associate professional and technical occupations,35,20,15
S01011251,4. Administrative and secretarial occupations,25,1,24
S01011251,5. Skilled trades occupations,58,47,11
S01011251,6. Caring leisure and other service occupations,64,16,48
S01011251,7. Sales and customer service occupations,34,4,30
S01011251,8. Process plant and machine operatives,39,34,5
S01011251,9. Elementary occupations,61,29,32
S01011252,All people aged 16 to 74 in employment,307,142,165
S01011252,1. Managers directors and senior officials,19,10,9
S01011252,2. Professional occupations,13,6,7
S01011252,3. Associate professional and technical occupations,20,8,12
S01011252,4. Administrative and secretarial occupations,25,8,17
S01011252,5. Skilled trades occupations,27,21,6
S01011252,6. Caring leisure and other service occupations,68,11,57
S01011252,7. Sales and customer service occupations,40,13,27
S01011252,8. Process plant and machine operatives,37,34,3
S01011252,9. Elementary occupations,58,31,27
S01011253,All people aged 16 to 74 in employment,324,147,177
S01011253,1. Managers directors and senior officials,14,5,9
S01011253,2. Professional occupations,16,6,10
S01011253,3. Associate professional and technical occupations,19,12,7
S01011253,4. Administrative and secretarial occupations,24,4,20
S01011253,5. Skilled trades occupations,45,36,9
S01011253,6. Caring leisure and other service occupations,55,10,45
S01011253,7. Sales and customer service occupations,41,8,33
S01011253,8. Process plant and machine operatives,33,29,4
S01011253,9. Elementary occupations,77,37,40
S01011254,All people aged 16 to 74 in employment,527,275,252
S01011254,1. Managers directors and senior officials,43,28,15
S01011254,2. Professional occupations,79,42,37
S01011254,3. Associate professional and technical occupations,75,53,22
S01011254,4. Administrative and secretarial occupations,74,11,63
S01011254,5. Skilled trades occupations,60,58,2
S01011254,6. Caring leisure and other service occupations,59,7,52
S01011254,7. Sales and customer service occupations,56,18,38
S01011254,8. Process plant and machine operatives,42,37,5
S01011254,9. Elementary occupations,39,21,18
S01011255,All people aged 16 to 74 in employment,423,218,205
S01011255,1. Managers directors and senior officials,30,19,11
S01011255,2. Professional occupations,94,35,59
S01011255,3. Associate professional and technical occupations,88,52,36
S01011255,4. Administrative and secretarial occupations,43,5,38
S01011255,5. Skilled trades occupations,49,49,0
S01011255,6. Caring leisure and other service occupations,32,7,25
S01011255,7. Sales and customer service occupations,43,18,25
S01011255,8. Process plant and machine operatives,22,20,2
S01011255,9. Elementary occupations,22,13,9
S01011256,All people aged 16 to 74 in employment,249,122,127
S01011256,1. Managers directors and senior officials,32,20,12
S01011256,2. Professional occupations,41,16,25
S01011256,3. Associate professional and technical occupations,27,14,13
S01011256,4. Administrative and secretarial occupations,37,3,34
S01011256,5. Skilled trades occupations,40,38,2
S01011256,6. Caring leisure and other service occupations,17,2,15
S01011256,7. Sales and customer service occupations,19,2,17
S01011256,8. Process plant and machine operatives,19,18,1
S01011256,9. Elementary occupations,17,9,8
S01011257,All people aged 16 to 74 in employment,160,82,78
S01011257,1. Managers directors and senior officials,19,10,9
S01011257,2. Professional occupations,32,13,19
S01011257,3. Associate professional and technical occupations,23,15,8
S01011257,4. Administrative and secretarial occupations,20,5,15
S01011257,5. Skilled trades occupations,16,12,4
S01011257,6. Caring leisure and other service occupations,15,1,14
S01011257,7. Sales and customer service occupations,10,5,5
S01011257,8. Process plant and machine operatives,11,10,1
S01011257,9. Elementary occupations,14,11,3
S01011258,All people aged 16 to 74 in employment,267,137,130
S01011258,1. Managers directors and senior officials,21,14,7
S01011258,2. Professional occupations,55,17,38
S01011258,3. Associate professional and technical occupations,48,33,15
S01011258,4. Administrative and secretarial occupations,27,7,20
S01011258,5. Skilled trades occupations,36,33,3
S01011258,6. Caring leisure and other service occupations,27,1,26
S01011258,7. Sales and customer service occupations,19,7,12
S01011258,8. Process plant and machine operatives,14,13,1
S01011258,9. Elementary occupations,20,12,8
S01011259,All people aged 16 to 74 in employment,313,165,148
S01011259,1. Managers directors and senior officials,24,17,7
S01011259,2. Professional occupations,44,21,23
S01011259,3. Associate professional and technical occupations,40,21,19
S01011259,4. Administrative and secretarial occupations,39,13,26
S01011259,5. Skilled trades occupations,39,35,4
S01011259,6. Caring leisure and other service occupations,44,9,35
S01011259,7. Sales and customer service occupations,34,8,26
S01011259,8. Process plant and machine operatives,25,24,1
S01011259,9. Elementary occupations,24,17,7
S01011260,All people aged 16 to 74 in employment,302,150,152
S01011260,1. Managers directors and senior officials,18,14,4
S01011260,2. Professional occupations,62,30,32
S01011260,3. Associate professional and technical occupations,48,25,23
S01011260,4. Administrative and secretarial occupations,36,7,29
S01011260,5. Skilled trades occupations,32,30,2
S01011260,6. Caring leisure and other service occupations,32,12,20
S01011260,7. Sales and customer service occupations,29,4,25
S01011260,8. Process plant and machine operatives,20,18,2
S01011260,9. Elementary occupations,25,10,15
S01011261,All people aged 16 to 74 in employment,268,134,134
S01011261,1. Managers directors and senior officials,12,6,6
S01011261,2. Professional occupations,13,5,8
S01011261,3. Associate professional and technical occupations,26,17,9
S01011261,4. Administrative and secretarial occupations,17,4,13
S01011261,5. Skilled trades occupations,41,37,4
S01011261,6. Caring leisure and other service occupations,50,8,42
S01011261,7. Sales and customer service occupations,27,8,19
S01011261,8. Process plant and machine operatives,35,31,4
S01011261,9. Elementary occupations,47,18,29
S01011262,All people aged 16 to 74 in employment,205,99,106
S01011262,1. Managers directors and senior officials,10,7,3
S01011262,2. Professional occupations,15,4,11
S01011262,3. Associate professional and technical occupations,27,13,14
S01011262,4. Administrative and secretarial occupations,23,4,19
S01011262,5. Skilled trades occupations,32,31,1
S01011262,6. Caring leisure and other service occupations,35,6,29
S01011262,7. Sales and customer service occupations,30,11,19
S01011262,8. Process plant and machine operatives,13,11,2
S01011262,9. Elementary occupations,20,12,8
S01011263,All people aged 16 to 74 in employment,524,260,264
S01011263,1. Managers directors and senior officials,32,15,17
S01011263,2. Professional occupations,69,32,37
S01011263,3. Associate professional and technical occupations,68,37,31
S01011263,4. Administrative and secretarial occupations,73,11,62
S01011263,5. Skilled trades occupations,57,57,0
S01011263,6. Caring leisure and other service occupations,71,17,54
S01011263,7. Sales and customer service occupations,51,17,34
S01011263,8. Process plant and machine operatives,49,46,3
S01011263,9. Elementary occupations,54,28,26
S01011264,All people aged 16 to 74 in employment,267,127,140
S01011264,1. Managers directors and senior officials,16,8,8
S01011264,2. Professional occupations,16,3,13
S01011264,3. Associate professional and technical occupations,22,10,12
S01011264,4. Administrative and secretarial occupations,19,3,16
S01011264,5. Skilled trades occupations,38,36,2
S01011264,6. Caring leisure and other service occupations,39,6,33
S01011264,7. Sales and customer service occupations,35,10,25
S01011264,8. Process plant and machine operatives,28,28,0
S01011264,9. Elementary occupations,54,23,31
S01011265,All people aged 16 to 74 in employment,376,162,214
S01011265,1. Managers directors and senior officials,15,4,11
S01011265,2. Professional occupations,16,7,9
S01011265,3. Associate professional and technical occupations,28,12,16
S01011265,4. Administrative and secretarial occupations,38,11,27
S01011265,5. Skilled trades occupations,51,49,2
S01011265,6. Caring leisure and other service occupations,58,8,50
S01011265,7. Sales and customer service occupations,58,11,47
S01011265,8. Process plant and machine operatives,44,36,8
S01011265,9. Elementary occupations,68,24,44
S01011266,All people aged 16 to 74 in employment,378,183,195
S01011266,1. Managers directors and senior officials,15,8,7
S01011266,2. Professional occupations,31,12,19
S01011266,3. Associate professional and technical occupations,42,22,20
S01011266,4. Administrative and secretarial occupations,33,6,27
S01011266,5. Skilled trades occupations,55,53,2
S01011266,6. Caring leisure and other service occupations,47,8,39
S01011266,7. Sales and customer service occupations,53,14,39
S01011266,8. Process plant and machine operatives,44,38,6
S01011266,9. Elementary occupations,58,22,36
S01011267,All people aged 16 to 74 in employment,246,121,125
S01011267,1. Managers directors and senior officials,16,10,6
S01011267,2. Professional occupations,43,12,31
S01011267,3. Associate professional and technical occupations,36,21,15
S01011267,4. Administrative and secretarial occupations,18,3,15
S01011267,5. Skilled trades occupations,32,30,2
S01011267,6. Caring leisure and other service occupations,28,8,20
S01011267,7. Sales and customer service occupations,27,6,21
S01011267,8. Process plant and machine operatives,18,16,2
S01011267,9. Elementary occupations,28,15,13
S01011268,All people aged 16 to 74 in employment,160,89,71
S01011268,1. Managers directors and senior officials,8,5,3
S01011268,2. Professional occupations,28,10,18
S01011268,3. Associate professional and technical occupations,19,15,4
S01011268,4. Administrative and secretarial occupations,17,3,14
S01011268,5. Skilled trades occupations,29,27,2
S01011268,6. Caring leisure and other service occupations,13,3,10
S01011268,7. Sales and customer service occupations,15,5,10
S01011268,8. Process plant and machine operatives,11,9,2
S01011268,9. Elementary occupations,20,12,8
S01011269,All people aged 16 to 74 in employment,187,87,100
S01011269,1. Managers directors and senior officials,7,5,2
S01011269,2. Professional occupations,22,10,12
S01011269,3. Associate professional and technical occupations,22,10,12
S01011269,4. Administrative and secretarial occupations,24,5,19
S01011269,5. Skilled trades occupations,26,23,3
S01011269,6. Caring leisure and other service occupations,26,3,23
S01011269,7. Sales and customer service occupations,16,3,13
S01011269,8. Process plant and machine operatives,18,14,4
S01011269,9. Elementary occupations,26,14,12
S01011270,All people aged 16 to 74 in employment,284,137,147
S01011270,1. Managers directors and senior officials,10,8,2
S01011270,2. Professional occupations,19,7,12
S01011270,3. Associate professional and technical occupations,27,11,16
S01011270,4. Administrative and secretarial occupations,28,3,25
S01011270,5. Skilled trades occupations,43,40,3
S01011270,6. Caring leisure and other service occupations,53,14,39
S01011270,7. Sales and customer service occupations,32,8,24
S01011270,8. Process plant and machine operatives,34,26,8
S01011270,9. Elementary occupations,38,20,18
S01011271,All people aged 16 to 74 in employment,297,146,151
S01011271,1. Managers directors and senior officials,19,9,10
S01011271,2. Professional occupations,26,12,14
S01011271,3. Associate professional and technical occupations,26,13,13
S01011271,4. Administrative and secretarial occupations,20,5,15
S01011271,5. Skilled trades occupations,52,45,7
S01011271,6. Caring leisure and other service occupations,49,10,39
S01011271,7. Sales and customer service occupations,42,11,31
S01011271,8. Process plant and machine operatives,26,26,0
S01011271,9. Elementary occupations,37,15,22
S01011272,All people aged 16 to 74 in employment,289,140,149
S01011272,1. Managers directors and senior officials,12,7,5
S01011272,2. Professional occupations,33,12,21
S01011272,3. Associate professional and technical occupations,18,11,7
S01011272,4. Administrative and secretarial occupations,30,7,23
S01011272,5. Skilled trades occupations,51,49,2
S01011272,6. Caring leisure and other service occupations,32,3,29
S01011272,7. Sales and customer service occupations,29,5,24
S01011272,8. Process plant and machine operatives,36,31,5
S01011272,9. Elementary occupations,48,15,33
S01011273,All people aged 16 to 74 in employment,319,145,174
S01011273,1. Managers directors and senior officials,11,4,7
S01011273,2. Professional occupations,16,6,10
S01011273,3. Associate professional and technical occupations,39,22,17
S01011273,4. Administrative and secretarial occupations,29,4,25
S01011273,5. Skilled trades occupations,46,40,6
S01011273,6. Caring leisure and other service occupations,44,7,37
S01011273,7. Sales and customer service occupations,49,14,35
S01011273,8. Process plant and machine operatives,33,29,4
S01011273,9. Elementary occupations,52,19,33
S01011274,All people aged 16 to 74 in employment,351,179,172
S01011274,1. Managers directors and senior officials,16,5,11
S01011274,2. Professional occupations,19,12,7
S01011274,3. Associate professional and technical occupations,39,21,18
S01011274,4. Administrative and secretarial occupations,36,6,30
S01011274,5. Skilled trades occupations,58,56,2
S01011274,6. Caring leisure and other service occupations,41,8,33
S01011274,7. Sales and customer service occupations,44,13,31
S01011274,8. Process plant and machine operatives,41,35,6
S01011274,9. Elementary occupations,57,23,34
S01011275,All people aged 16 to 74 in employment,231,117,114
S01011275,1. Managers directors and senior officials,12,8,4
S01011275,2. Professional occupations,7,3,4
S01011275,3. Associate professional and technical occupations,18,7,11
S01011275,4. Administrative and secretarial occupations,18,6,12
S01011275,5. Skilled trades occupations,30,29,1
S01011275,6. Caring leisure and other service occupations,40,4,36
S01011275,7. Sales and customer service occupations,37,12,25
S01011275,8. Process plant and machine operatives,29,26,3
S01011275,9. Elementary occupations,40,22,18
S01011276,All people aged 16 to 74 in employment,370,196,174
S01011276,1. Managers directors and senior officials,14,8,6
S01011276,2. Professional occupations,28,13,15
S01011276,3. Associate professional and technical occupations,38,23,15
S01011276,4. Administrative and secretarial occupations,37,12,25
S01011276,5. Skilled trades occupations,62,59,3
S01011276,6. Caring leisure and other service occupations,61,8,53
S01011276,7. Sales and customer service occupations,34,15,19
S01011276,8. Process plant and machine operatives,41,35,6
S01011276,9. Elementary occupations,55,23,32
S01011277,All people aged 16 to 74 in employment,371,190,181
S01011277,1. Managers directors and senior officials,30,17,13
S01011277,2. Professional occupations,52,20,32
S01011277,3. Associate professional and technical occupations,50,30,20
S01011277,4. Administrative and secretarial occupations,45,8,37
S01011277,5. Skilled trades occupations,44,40,4
S01011277,6. Caring leisure and other service occupations,40,9,31
S01011277,7. Sales and customer service occupations,42,10,32
S01011277,8. Process plant and machine operatives,35,32,3
S01011277,9. Elementary occupations,33,24,9
S01011278,All people aged 16 to 74 in employment,307,154,153
S01011278,1. Managers directors and senior officials,14,8,6
S01011278,2. Professional occupations,44,15,29
S01011278,3. Associate professional and technical occupations,45,31,14
S01011278,4. Administrative and secretarial occupations,52,8,44
S01011278,5. Skilled trades occupations,48,43,5
S01011278,6. Caring leisure and other service occupations,31,7,24
S01011278,7. Sales and customer service occupations,30,9,21
S01011278,8. Process plant and machine operatives,26,25,1
S01011278,9. Elementary occupations,17,8,9
S01011279,All people aged 16 to 74 in employment,322,162,160
S01011279,1. Managers directors and senior officials,24,19,5
S01011279,2. Professional occupations,52,20,32
S01011279,3. Associate professional and technical occupations,47,27,20
S01011279,4. Administrative and secretarial occupations,50,7,43
S01011279,5. Skilled trades occupations,46,44,2
S01011279,6. Caring leisure and other service occupations,30,5,25
S01011279,7. Sales and customer service occupations,33,10,23
S01011279,8. Process plant and machine operatives,16,16,0
S01011279,9. Elementary occupations,24,14,10
S01011280,All people aged 16 to 74 in employment,283,151,132
S01011280,1. Managers directors and senior officials,29,22,7
S01011280,2. Professional occupations,54,19,35
S01011280,3. Associate professional and technical occupations,33,22,11
S01011280,4. Administrative and secretarial occupations,34,5,29
S01011280,5. Skilled trades occupations,30,28,2
S01011280,6. Caring leisure and other service occupations,28,12,16
S01011280,7. Sales and customer service occupations,32,9,23
S01011280,8. Process plant and machine operatives,22,21,1
S01011280,9. Elementary occupations,21,13,8
S01011281,All people aged 16 to 74 in employment,346,177,169
S01011281,1. Managers directors and senior officials,35,23,12
S01011281,2. Professional occupations,65,28,37
S01011281,3. Associate professional and technical occupations,64,32,32
S01011281,4. Administrative and secretarial occupations,41,8,33
S01011281,5. Skilled trades occupations,39,39,0
S01011281,6. Caring leisure and other service occupations,30,4,26
S01011281,7. Sales and customer service occupations,23,9,14
S01011281,8. Process plant and machine operatives,22,21,1
S01011281,9. Elementary occupations,27,13,14
S01011282,All people aged 16 to 74 in employment,495,242,253
S01011282,1. Managers directors and senior officials,37,21,16
S01011282,2. Professional occupations,87,28,59
S01011282,3. Associate professional and technical occupations,86,48,38
S01011282,4. Administrative and secretarial occupations,69,13,56
S01011282,5. Skilled trades occupations,64,59,5
S01011282,6. Caring leisure and other service occupations,50,10,40
S01011282,7. Sales and customer service occupations,41,15,26
S01011282,8. Process plant and machine operatives,39,36,3
S01011282,9. Elementary occupations,22,12,10
S01011283,All people aged 16 to 74 in employment,426,229,197
S01011283,1. Managers directors and senior officials,42,25,17
S01011283,2. Professional occupations,96,40,56
S01011283,3. Associate professional and technical occupations,61,35,26
S01011283,4. Administrative and secretarial occupations,63,16,47
S01011283,5. Skilled trades occupations,55,52,3
S01011283,6. Caring leisure and other service occupations,22,3,19
S01011283,7. Sales and customer service occupations,30,12,18
S01011283,8. Process plant and machine operatives,34,32,2
S01011283,9. Elementary occupations,23,14,9
S01011284,All people aged 16 to 74 in employment,348,177,171
S01011284,1. Managers directors and senior officials,52,34,18
S01011284,2. Professional occupations,74,26,48
S01011284,3. Associate professional and technical occupations,57,33,24
S01011284,4. Administrative and secretarial occupations,46,6,40
S01011284,5. Skilled trades occupations,43,40,3
S01011284,6. Caring leisure and other service occupations,19,3,16
S01011284,7. Sales and customer service occupations,18,5,13
S01011284,8. Process plant and machine operatives,20,17,3
S01011284,9. Elementary occupations,19,13,6
S01011285,All people aged 16 to 74 in employment,307,133,174
S01011285,1. Managers directors and senior officials,10,4,6
S01011285,2. Professional occupations,28,6,22
S01011285,3. Associate professional and technical occupations,27,16,11
S01011285,4. Administrative and secretarial occupations,29,7,22
S01011285,5. Skilled trades occupations,35,31,4
S01011285,6. Caring leisure and other service occupations,51,4,47
S01011285,7. Sales and customer service occupations,47,14,33
S01011285,8. Process plant and machine operatives,27,24,3
S01011285,9. Elementary occupations,53,27,26
S01011286,All people aged 16 to 74 in employment,289,140,149
S01011286,1. Managers directors and senior officials,16,10,6
S01011286,2. Professional occupations,22,7,15
S01011286,3. Associate professional and technical occupations,28,21,7
S01011286,4. Administrative and secretarial occupations,37,5,32
S01011286,5. Skilled trades occupations,40,36,4
S01011286,6. Caring leisure and other service occupations,41,6,35
S01011286,7. Sales and customer service occupations,31,7,24
S01011286,8. Process plant and machine operatives,27,27,0
S01011286,9. Elementary occupations,47,21,26
S01011287,All people aged 16 to 74 in employment,330,150,180
S01011287,1. Managers directors and senior officials,20,11,9
S01011287,2. Professional occupations,32,6,26
S01011287,3. Associate professional and technical occupations,25,17,8
S01011287,4. Administrative and secretarial occupations,30,3,27
S01011287,5. Skilled trades occupations,35,33,2
S01011287,6. Caring leisure and other service occupations,56,6,50
S01011287,7. Sales and customer service occupations,42,14,28
S01011287,8. Process plant and machine operatives,38,32,6
S01011287,9. Elementary occupations,52,28,24
S01011288,All people aged 16 to 74 in employment,323,144,179
S01011288,1. Managers directors and senior officials,19,8,11
S01011288,2. Professional occupations,19,7,12
S01011288,3. Associate professional and technical occupations,29,11,18
S01011288,4. Administrative and secretarial occupations,33,2,31
S01011288,5. Skilled trades occupations,39,37,2
S01011288,6. Caring leisure and other service occupations,41,2,39
S01011288,7. Sales and customer service occupations,53,14,39
S01011288,8. Process plant and machine operatives,33,32,1
S01011288,9. Elementary occupations,57,31,26
S01011289,All people aged 16 to 74 in employment,378,173,205
S01011289,1. Managers directors and senior officials,16,10,6
S01011289,2. Professional occupations,23,5,18
S01011289,3. Associate professional and technical occupations,31,13,18
S01011289,4. Administrative and secretarial occupations,38,9,29
S01011289,5. Skilled trades occupations,58,52,6
S01011289,6. Caring leisure and other service occupations,70,11,59
S01011289,7. Sales and customer service occupations,43,12,31
S01011289,8. Process plant and machine operatives,45,37,8
S01011289,9. Elementary occupations,54,24,30
S01011290,All people aged 16 to 74 in employment,443,230,213
S01011290,1. Managers directors and senior officials,23,15,8
S01011290,2. Professional occupations,47,20,27
S01011290,3. Associate professional and technical occupations,35,21,14
S01011290,4. Administrative and secretarial occupations,39,11,28
S01011290,5. Skilled trades occupations,68,64,4
S01011290,6. Caring leisure and other service occupations,63,8,55
S01011290,7. Sales and customer service occupations,38,11,27
S01011290,8. Process plant and machine operatives,59,50,9
S01011290,9. Elementary occupations,71,30,41
S01011291,All people aged 16 to 74 in employment,329,166,163
S01011291,1. Managers directors and senior officials,22,10,12
S01011291,2. Professional occupations,35,13,22
S01011291,3. Associate professional and technical occupations,42,24,18
S01011291,4. Administrative and secretarial occupations,35,6,29
S01011291,5. Skilled trades occupations,38,36,2
S01011291,6. Caring leisure and other service occupations,34,6,28
S01011291,7. Sales and customer service occupations,41,12,29
S01011291,8. Process plant and machine operatives,32,30,2
S01011291,9. Elementary occupations,50,29,21
S01011292,All people aged 16 to 74 in employment,239,121,118
S01011292,1. Managers directors and senior officials,6,5,1
S01011292,2. Professional occupations,16,8,8
S01011292,3. Associate professional and technical occupations,13,9,4
S01011292,4. Administrative and secretarial occupations,14,3,11
S01011292,5. Skilled trades occupations,38,35,3
S01011292,6. Caring leisure and other service occupations,41,3,38
S01011292,7. Sales and customer service occupations,32,11,21
S01011292,8. Process plant and machine operatives,34,25,9
S01011292,9. Elementary occupations,45,22,23
S01011293,All people aged 16 to 74 in employment,295,139,156
S01011293,1. Managers directors and senior officials,10,5,5
S01011293,2. Professional occupations,16,4,12
S01011293,3. Associate professional and technical occupations,30,12,18
S01011293,4. Administrative and secretarial occupations,20,5,15
S01011293,5. Skilled trades occupations,44,35,9
S01011293,6. Caring leisure and other service occupations,39,4,35
S01011293,7. Sales and customer service occupations,27,9,18
S01011293,8. Process plant and machine operatives,41,37,4
S01011293,9. Elementary occupations,68,28,40
S01011294,All people aged 16 to 74 in employment,275,137,138
S01011294,1. Managers directors and senior officials,21,12,9
S01011294,2. Professional occupations,32,10,22
S01011294,3. Associate professional and technical occupations,22,9,13
S01011294,4. Administrative and secretarial occupations,26,9,17
S01011294,5. Skilled trades occupations,44,41,3
S01011294,6. Caring leisure and other service occupations,39,6,33
S01011294,7. Sales and customer service occupations,18,4,14
S01011294,8. Process plant and machine operatives,34,31,3
S01011294,9. Elementary occupations,39,15,24
S01011295,All people aged 16 to 74 in employment,435,218,217
S01011295,1. Managers directors and senior officials,36,23,13
S01011295,2. Professional occupations,90,35,55
S01011295,3. Associate professional and technical occupations,61,33,28
S01011295,4. Administrative and secretarial occupations,60,19,41
S01011295,5. Skilled trades occupations,51,45,6
S01011295,6. Caring leisure and other service occupations,34,6,28
S01011295,7. Sales and customer service occupations,36,8,28
S01011295,8. Process plant and machine operatives,36,32,4
S01011295,9. Elementary occupations,31,17,14
S01011296,All people aged 16 to 74 in employment,220,95,125
S01011296,1. Managers directors and senior officials,15,7,8
S01011296,2. Professional occupations,31,11,20
S01011296,3. Associate professional and technical occupations,24,13,11
S01011296,4. Administrative and secretarial occupations,22,2,20
S01011296,5. Skilled trades occupations,22,21,1
S01011296,6. Caring leisure and other service occupations,34,4,30
S01011296,7. Sales and customer service occupations,23,9,14
S01011296,8. Process plant and machine operatives,20,18,2
S01011296,9. Elementary occupations,29,10,19
S01011297,All people aged 16 to 74 in employment,362,172,190
S01011297,1. Managers directors and senior officials,15,5,10
S01011297,2. Professional occupations,19,9,10
S01011297,3. Associate professional and technical occupations,22,9,13
S01011297,4. Administrative and secretarial occupations,36,8,28
S01011297,5. Skilled trades occupations,50,44,6
S01011297,6. Caring leisure and other service occupations,52,9,43
S01011297,7. Sales and customer service occupations,65,20,45
S01011297,8. Process plant and machine operatives,38,35,3
S01011297,9. Elementary occupations,65,33,32
S01011298,All people aged 16 to 74 in employment,230,120,110
S01011298,1. Managers directors and senior officials,10,6,4
S01011298,2. Professional occupations,17,6,11
S01011298,3. Associate professional and technical occupations,23,16,7
S01011298,4. Administrative and secretarial occupations,23,5,18
S01011298,5. Skilled trades occupations,25,23,2
S01011298,6. Caring leisure and other service occupations,29,3,26
S01011298,7. Sales and customer service occupations,35,15,20
S01011298,8. Process plant and machine operatives,33,28,5
S01011298,9. Elementary occupations,35,18,17
S01011299,All people aged 16 to 74 in employment,267,150,117
S01011299,1. Managers directors and senior officials,32,19,13
S01011299,2. Professional occupations,36,15,21
S01011299,3. Associate professional and technical occupations,30,12,18
S01011299,4. Administrative and secretarial occupations,26,3,23
S01011299,5. Skilled trades occupations,59,55,4
S01011299,6. Caring leisure and other service occupations,18,4,14
S01011299,7. Sales and customer service occupations,19,8,11
S01011299,8. Process plant and machine operatives,22,20,2
S01011299,9. Elementary occupations,25,14,11
S01011300,All people aged 16 to 74 in employment,359,181,178
S01011300,1. Managers directors and senior officials,12,5,7
S01011300,2. Professional occupations,22,12,10
S01011300,3. Associate professional and technical occupations,35,20,15
S01011300,4. Administrative and secretarial occupations,41,11,30
S01011300,5. Skilled trades occupations,54,51,3
S01011300,6. Caring leisure and other service occupations,48,7,41
S01011300,7. Sales and customer service occupations,26,7,19
S01011300,8. Process plant and machine operatives,52,38,14
S01011300,9. Elementary occupations,69,30,39
S01011301,All people aged 16 to 74 in employment,329,174,155
S01011301,1. Managers directors and senior officials,30,18,12
S01011301,2. Professional occupations,58,20,38
S01011301,3. Associate professional and technical occupations,47,32,15
S01011301,4. Administrative and secretarial occupations,48,13,35
S01011301,5. Skilled trades occupations,47,42,5
S01011301,6. Caring leisure and other service occupations,27,6,21
S01011301,7. Sales and customer service occupations,19,6,13
S01011301,8. Process plant and machine operatives,28,26,2
S01011301,9. Elementary occupations,25,11,14
S01011302,All people aged 16 to 74 in employment,293,149,144
S01011302,1. Managers directors and senior officials,22,15,7
S01011302,2. Professional occupations,21,9,12
S01011302,3. Associate professional and technical occupations,26,11,15
S01011302,4. Administrative and secretarial occupations,36,9,27
S01011302,5. Skilled trades occupations,43,36,7
S01011302,6. Caring leisure and other service occupations,46,9,37
S01011302,7. Sales and customer service occupations,20,6,14
S01011302,8. Process plant and machine operatives,36,29,7
S01011302,9. Elementary occupations,43,25,18
S01011303,All people aged 16 to 74 in employment,523,273,250
S01011303,1. Managers directors and senior officials,44,23,21
S01011303,2. Professional occupations,83,34,49
S01011303,3. Associate professional and technical occupations,86,46,40
S01011303,4. Administrative and secretarial occupations,67,6,61
S01011303,5. Skilled trades occupations,75,75,0
S01011303,6. Caring leisure and other service occupations,39,8,31
S01011303,7. Sales and customer service occupations,37,16,21
S01011303,8. Process plant and machine operatives,44,38,6
S01011303,9. Elementary occupations,48,27,21
S01011304,All people aged 16 to 74 in employment,280,148,132
S01011304,1. Managers directors and senior officials,19,12,7
S01011304,2. Professional occupations,24,10,14
S01011304,3. Associate professional and technical occupations,24,13,11
S01011304,4. Administrative and secretarial occupations,26,5,21
S01011304,5. Skilled trades occupations,37,33,4
S01011304,6. Caring leisure and other service occupations,37,6,31
S01011304,7. Sales and customer service occupations,30,9,21
S01011304,8. Process plant and machine operatives,44,37,7
S01011304,9. Elementary occupations,39,23,16
S01011305,All people aged 16 to 74 in employment,365,192,173
S01011305,1. Managers directors and senior officials,24,15,9
S01011305,2. Professional occupations,56,19,37
S01011305,3. Associate professional and technical occupations,53,32,21
S01011305,4. Administrative and secretarial occupations,25,2,23
S01011305,5. Skilled trades occupations,46,43,3
S01011305,6. Caring leisure and other service occupations,35,9,26
S01011305,7. Sales and customer service occupations,37,11,26
S01011305,8. Process plant and machine operatives,41,37,4
S01011305,9. Elementary occupations,48,24,24
S01011306,All people aged 16 to 74 in employment,201,102,99
S01011306,1. Managers directors and senior officials,24,15,9
S01011306,2. Professional occupations,27,12,15
S01011306,3. Associate professional and technical occupations,16,12,4
S01011306,4. Administrative and secretarial occupations,23,2,21
S01011306,5. Skilled trades occupations,27,24,3
S01011306,6. Caring leisure and other service occupations,21,2,19
S01011306,7. Sales and customer service occupations,15,8,7
S01011306,8. Process plant and machine operatives,22,17,5
S01011306,9. Elementary occupations,26,10,16
S01011307,All people aged 16 to 74 in employment,219,133,86
S01011307,1. Managers directors and senior officials,27,16,11
S01011307,2. Professional occupations,32,13,19
S01011307,3. Associate professional and technical occupations,26,17,9
S01011307,4. Administrative and secretarial occupations,22,5,17
S01011307,5. Skilled trades occupations,55,49,6
S01011307,6. Caring leisure and other service occupations,18,4,14
S01011307,7. Sales and customer service occupations,11,3,8
S01011307,8. Process plant and machine operatives,16,16,0
S01011307,9. Elementary occupations,12,10,2
S01011308,All people aged 16 to 74 in employment,221,118,103
S01011308,1. Managers directors and senior officials,39,23,16
S01011308,2. Professional occupations,51,22,29
S01011308,3. Associate professional and technical occupations,33,14,19
S01011308,4. Administrative and secretarial occupations,12,1,11
S01011308,5. Skilled trades occupations,40,36,4
S01011308,6. Caring leisure and other service occupations,11,1,10
S01011308,7. Sales and customer service occupations,10,3,7
S01011308,8. Process plant and machine operatives,17,13,4
S01011308,9. Elementary occupations,8,5,3
S01011309,All people aged 16 to 74 in employment,311,162,149
S01011309,1. Managers directors and senior officials,43,35,8
S01011309,2. Professional occupations,90,47,43
S01011309,3. Associate professional and technical occupations,54,29,25
S01011309,4. Administrative and secretarial occupations,35,0,35
S01011309,5. Skilled trades occupations,26,22,4
S01011309,6. Caring leisure and other service occupations,22,3,19
S01011309,7. Sales and customer service occupations,17,8,9
S01011309,8. Process plant and machine operatives,11,11,0
S01011309,9. Elementary occupations,13,7,6
S01011310,All people aged 16 to 74 in employment,297,158,139
S01011310,1. Managers directors and senior officials,20,10,10
S01011310,2. Professional occupations,53,25,28
S01011310,3. Associate professional and technical occupations,56,39,17
S01011310,4. Administrative and secretarial occupations,28,2,26
S01011310,5. Skilled trades occupations,38,35,3
S01011310,6. Caring leisure and other service occupations,29,5,24
S01011310,7. Sales and customer service occupations,20,7,13
S01011310,8. Process plant and machine operatives,23,21,2
S01011310,9. Elementary occupations,30,14,16
S01011311,All people aged 16 to 74 in employment,333,162,171
S01011311,1. Managers directors and senior officials,56,33,23
S01011311,2. Professional occupations,71,23,48
S01011311,3. Associate professional and technical occupations,56,29,27
S01011311,4. Administrative and secretarial occupations,39,9,30
S01011311,5. Skilled trades occupations,34,32,2
S01011311,6. Caring leisure and other service occupations,17,1,16
S01011311,7. Sales and customer service occupations,21,9,12
S01011311,8. Process plant and machine operatives,17,17,0
S01011311,9. Elementary occupations,22,9,13
S01011312,All people aged 16 to 74 in employment,476,256,220
S01011312,1. Managers directors and senior officials,85,61,24
S01011312,2. Professional occupations,125,59,66
S01011312,3. Associate professional and technical occupations,76,39,37
S01011312,4. Administrative and secretarial occupations,58,11,47
S01011312,5. Skilled trades occupations,51,49,2
S01011312,6. Caring leisure and other service occupations,27,5,22
S01011312,7. Sales and customer service occupations,23,10,13
S01011312,8. Process plant and machine operatives,17,16,1
S01011312,9. Elementary occupations,14,6,8
S01011313,All people aged 16 to 74 in employment,328,162,166
S01011313,1. Managers directors and senior officials,33,21,12
S01011313,2. Professional occupations,55,20,35
S01011313,3. Associate professional and technical occupations,61,35,26
S01011313,4. Administrative and secretarial occupations,39,9,30
S01011313,5. Skilled trades occupations,32,30,2
S01011313,6. Caring leisure and other service occupations,28,3,25
S01011313,7. Sales and customer service occupations,24,7,17
S01011313,8. Process plant and machine operatives,23,22,1
S01011313,9. Elementary occupations,33,15,18
S01011314,All people aged 16 to 74 in employment,515,275,240
S01011314,1. Managers directors and senior officials,49,31,18
S01011314,2. Professional occupations,130,57,73
S01011314,3. Associate professional and technical occupations,74,46,28
S01011314,4. Administrative and secretarial occupations,56,13,43
S01011314,5. Skilled trades occupations,60,56,4
S01011314,6. Caring leisure and other service occupations,45,5,40
S01011314,7. Sales and customer service occupations,27,14,13
S01011314,8. Process plant and machine operatives,28,28,0
S01011314,9. Elementary occupations,46,25,21
S01011315,All people aged 16 to 74 in employment,170,79,91
S01011315,1. Managers directors and senior officials,9,7,2
S01011315,2. Professional occupations,28,14,14
S01011315,3. Associate professional and technical occupations,18,6,12
S01011315,4. Administrative and secretarial occupations,6,1,5
S01011315,5. Skilled trades occupations,23,20,3
S01011315,6. Caring leisure and other service occupations,25,4,21
S01011315,7. Sales and customer service occupations,13,2,11
S01011315,8. Process plant and machine operatives,15,14,1
S01011315,9. Elementary occupations,33,11,22
S01011316,All people aged 16 to 74 in employment,290,131,159
S01011316,1. Managers directors and senior officials,18,8,10
S01011316,2. Professional occupations,32,15,17
S01011316,3. Associate professional and technical occupations,30,18,12
S01011316,4. Administrative and secretarial occupations,33,3,30
S01011316,5. Skilled trades occupations,45,40,5
S01011316,6. Caring leisure and other service occupations,40,5,35
S01011316,7. Sales and customer service occupations,23,5,18
S01011316,8. Process plant and machine operatives,25,24,1
S01011316,9. Elementary occupations,44,13,31
S01011317,All people aged 16 to 74 in employment,260,130,130
S01011317,1. Managers directors and senior officials,42,22,20
S01011317,2. Professional occupations,57,26,31
S01011317,3. Associate professional and technical occupations,37,22,15
S01011317,4. Administrative and secretarial occupations,36,7,29
S01011317,5. Skilled trades occupations,36,33,3
S01011317,6. Caring leisure and other service occupations,16,3,13
S01011317,7. Sales and customer service occupations,12,2,10
S01011317,8. Process plant and machine operatives,9,8,1
S01011317,9. Elementary occupations,15,7,8
S01011318,All people aged 16 to 74 in employment,355,196,159
S01011318,1. Managers directors and senior officials,48,27,21
S01011318,2. Professional occupations,72,41,31
S01011318,3. Associate professional and technical occupations,58,37,21
S01011318,4. Administrative and secretarial occupations,37,15,22
S01011318,5. Skilled trades occupations,33,31,2
S01011318,6. Caring leisure and other service occupations,30,5,25
S01011318,7. Sales and customer service occupations,27,9,18
S01011318,8. Process plant and machine operatives,17,16,1
S01011318,9. Elementary occupations,33,15,18
S01011319,All people aged 16 to 74 in employment,318,166,152
S01011319,1. Managers directors and senior officials,30,23,7
S01011319,2. Professional occupations,73,30,43
S01011319,3. Associate professional and technical occupations,46,29,17
S01011319,4. Administrative and secretarial occupations,41,6,35
S01011319,5. Skilled trades occupations,39,38,1
S01011319,6. Caring leisure and other service occupations,25,7,18
S01011319,7. Sales and customer service occupations,29,7,22
S01011319,8. Process plant and machine operatives,13,12,1
S01011319,9. Elementary occupations,22,14,8
S01011320,All people aged 16 to 74 in employment,211,109,102
S01011320,1. Managers directors and senior officials,18,9,9
S01011320,2. Professional occupations,20,10,10
S01011320,3. Associate professional and technical occupations,31,20,11
S01011320,4. Administrative and secretarial occupations,30,6,24
S01011320,5. Skilled trades occupations,23,21,2
S01011320,6. Caring leisure and other service occupations,28,5,23
S01011320,7. Sales and customer service occupations,22,8,14
S01011320,8. Process plant and machine operatives,17,17,0
S01011320,9. Elementary occupations,22,13,9
S01011321,All people aged 16 to 74 in employment,326,155,171
S01011321,1. Managers directors and senior officials,19,12,7
S01011321,2. Professional occupations,56,25,31
S01011321,3. Associate professional and technical occupations,36,19,17
S01011321,4. Administrative and secretarial occupations,35,11,24
S01011321,5. Skilled trades occupations,43,40,3
S01011321,6. Caring leisure and other service occupations,44,9,35
S01011321,7. Sales and customer service occupations,35,5,30
S01011321,8. Process plant and machine operatives,16,16,0
S01011321,9. Elementary occupations,42,18,24
S01011322,All people aged 16 to 74 in employment,296,147,149
S01011322,1. Managers directors and senior officials,17,10,7
S01011322,2. Professional occupations,44,20,24
S01011322,3. Associate professional and technical occupations,50,34,16
S01011322,4. Administrative and secretarial occupations,30,8,22
S01011322,5. Skilled trades occupations,49,43,6
S01011322,6. Caring leisure and other service occupations,37,2,35
S01011322,7. Sales and customer service occupations,20,4,16
S01011322,8. Process plant and machine operatives,8,8,0
S01011322,9. Elementary occupations,41,18,23
S01011323,All people aged 16 to 74 in employment,412,200,212
S01011323,1. Managers directors and senior officials,24,13,11
S01011323,2. Professional occupations,47,27,20
S01011323,3. Associate professional and technical occupations,44,30,14
S01011323,4. Administrative and secretarial occupations,39,1,38
S01011323,5. Skilled trades occupations,63,59,4
S01011323,6. Caring leisure and other service occupations,63,13,50
S01011323,7. Sales and customer service occupations,41,8,33
S01011323,8. Process plant and machine operatives,31,31,0
S01011323,9. Elementary occupations,60,18,42
S01011324,All people aged 16 to 74 in employment,187,98,89
S01011324,1. Managers directors and senior officials,19,13,6
S01011324,2. Professional occupations,30,15,15
S01011324,3. Associate professional and technical occupations,15,9,6
S01011324,4. Administrative and secretarial occupations,26,6,20
S01011324,5. Skilled trades occupations,21,20,1
S01011324,6. Caring leisure and other service occupations,16,3,13
S01011324,7. Sales and customer service occupations,26,12,14
S01011324,8. Process plant and machine operatives,9,8,1
S01011324,9. Elementary occupations,25,12,13
S01011325,All people aged 16 to 74 in employment,293,146,147
S01011325,1. Managers directors and senior officials,21,14,7
S01011325,2. Professional occupations,31,11,20
S01011325,3. Associate professional and technical occupations,24,12,12
S01011325,4. Administrative and secretarial occupations,25,6,19
S01011325,5. Skilled trades occupations,39,36,3
S01011325,6. Caring leisure and other service occupations,52,10,42
S01011325,7. Sales and customer service occupations,32,14,18
S01011325,8. Process plant and machine operatives,19,17,2
S01011325,9. Elementary occupations,50,26,24
S01011326,All people aged 16 to 74 in employment,272,137,135
S01011326,1. Managers directors and senior officials,27,16,11
S01011326,2. Professional occupations,34,15,19
S01011326,3. Associate professional and technical occupations,29,16,13
S01011326,4. Administrative and secretarial occupations,19,6,13
S01011326,5. Skilled trades occupations,25,24,1
S01011326,6. Caring leisure and other service occupations,41,13,28
S01011326,7. Sales and customer service occupations,40,14,26
S01011326,8. Process plant and machine operatives,16,12,4
S01011326,9. Elementary occupations,41,21,20
S01011327,All people aged 16 to 74 in employment,233,113,120
S01011327,1. Managers directors and senior officials,23,13,10
S01011327,2. Professional occupations,31,20,11
S01011327,3. Associate professional and technical occupations,20,9,11
S01011327,4. Administrative and secretarial occupations,27,6,21
S01011327,5. Skilled trades occupations,37,31,6
S01011327,6. Caring leisure and other service occupations,41,11,30
S01011327,7. Sales and customer service occupations,10,4,6
S01011327,8. Process plant and machine operatives,7,6,1
S01011327,9. Elementary occupations,37,13,24
S01011328,All people aged 16 to 74 in employment,277,140,137
S01011328,1. Managers directors and senior officials,38,22,16
S01011328,2. Professional occupations,38,18,20
S01011328,3. Associate professional and technical occupations,26,13,13
S01011328,4. Administrative and secretarial occupations,22,3,19
S01011328,5. Skilled trades occupations,49,44,5
S01011328,6. Caring leisure and other service occupations,41,10,31
S01011328,7. Sales and customer service occupations,17,5,12
S01011328,8. Process plant and machine operatives,10,9,1
S01011328,9. Elementary occupations,36,16,20
S01011329,All people aged 16 to 74 in employment,339,180,159
S01011329,1. Managers directors and senior officials,29,17,12
S01011329,2. Professional occupations,60,22,38
S01011329,3. Associate professional and technical occupations,36,26,10
S01011329,4. Administrative and secretarial occupations,41,10,31
S01011329,5. Skilled trades occupations,34,32,2
S01011329,6. Caring leisure and other service occupations,30,5,25
S01011329,7. Sales and customer service occupations,29,12,17
S01011329,8. Process plant and machine operatives,39,38,1
S01011329,9. Elementary occupations,41,18,23
S01011330,All people aged 16 to 74 in employment,311,152,159
S01011330,1. Managers directors and senior officials,29,20,9
S01011330,2. Professional occupations,67,32,35
S01011330,3. Associate professional and technical occupations,40,25,15
S01011330,4. Administrative and secretarial occupations,46,5,41
S01011330,5. Skilled trades occupations,29,25,4
S01011330,6. Caring leisure and other service occupations,35,6,29
S01011330,7. Sales and customer service occupations,19,6,13
S01011330,8. Process plant and machine operatives,23,20,3
S01011330,9. Elementary occupations,23,13,10
S01011331,All people aged 16 to 74 in employment,265,137,128
S01011331,1. Managers directors and senior officials,33,19,14
S01011331,2. Professional occupations,74,34,40
S01011331,3. Associate professional and technical occupations,40,23,17
S01011331,4. Administrative and secretarial occupations,33,7,26
S01011331,5. Skilled trades occupations,23,21,2
S01011331,6. Caring leisure and other service occupations,16,2,14
S01011331,7. Sales and customer service occupations,18,7,11
S01011331,8. Process plant and machine operatives,14,13,1
S01011331,9. Elementary occupations,14,11,3
S01011332,All people aged 16 to 74 in employment,374,191,183
S01011332,1. Managers directors and senior officials,39,21,18
S01011332,2. Professional occupations,87,49,38
S01011332,3. Associate professional and technical occupations,71,39,32
S01011332,4. Administrative and secretarial occupations,40,5,35
S01011332,5. Skilled trades occupations,36,32,4
S01011332,6. Caring leisure and other service occupations,38,5,33
S01011332,7. Sales and customer service occupations,26,11,15
S01011332,8. Process plant and machine operatives,18,18,0
S01011332,9. Elementary occupations,19,11,8
S01011333,All people aged 16 to 74 in employment,260,143,117
S01011333,1. Managers directors and senior officials,40,30,10
S01011333,2. Professional occupations,86,44,42
S01011333,3. Associate professional and technical occupations,40,28,12
S01011333,4. Administrative and secretarial occupations,27,4,23
S01011333,5. Skilled trades occupations,16,15,1
S01011333,6. Caring leisure and other service occupations,11,1,10
S01011333,7. Sales and customer service occupations,21,6,15
S01011333,8. Process plant and machine operatives,8,8,0
S01011333,9. Elementary occupations,11,7,4
S01011334,All people aged 16 to 74 in employment,384,207,177
S01011334,1. Managers directors and senior officials,54,33,21
S01011334,2. Professional occupations,76,24,52
S01011334,3. Associate professional and technical occupations,47,27,20
S01011334,4. Administrative and secretarial occupations,36,9,27
S01011334,5. Skilled trades occupations,77,67,10
S01011334,6. Caring leisure and other service occupations,31,3,28
S01011334,7. Sales and customer service occupations,16,9,7
S01011334,8. Process plant and machine operatives,21,19,2
S01011334,9. Elementary occupations,26,16,10
S01011335,All people aged 16 to 74 in employment,384,202,182
S01011335,1. Managers directors and senior officials,51,36,15
S01011335,2. Professional occupations,111,51,60
S01011335,3. Associate professional and technical occupations,49,36,13
S01011335,4. Administrative and secretarial occupations,49,12,37
S01011335,5. Skilled trades occupations,37,29,8
S01011335,6. Caring leisure and other service occupations,22,2,20
S01011335,7. Sales and customer service occupations,28,12,16
S01011335,8. Process plant and machine operatives,15,12,3
S01011335,9. Elementary occupations,22,12,10
S01011336,All people aged 16 to 74 in employment,262,136,126
S01011336,1. Managers directors and senior officials,21,13,8
S01011336,2. Professional occupations,41,21,20
S01011336,3. Associate professional and technical occupations,31,16,15
S01011336,4. Administrative and secretarial occupations,26,8,18
S01011336,5. Skilled trades occupations,33,32,1
S01011336,6. Caring leisure and other service occupations,29,3,26
S01011336,7. Sales and customer service occupations,35,15,20
S01011336,8. Process plant and machine operatives,21,18,3
S01011336,9. Elementary occupations,25,10,15
S01011337,All people aged 16 to 74 in employment,316,179,137
S01011337,1. Managers directors and senior officials,55,36,19
S01011337,2. Professional occupations,80,45,35
S01011337,3. Associate professional and technical occupations,54,35,19
S01011337,4. Administrative and secretarial occupations,37,4,33
S01011337,5. Skilled trades occupations,29,26,3
S01011337,6. Caring leisure and other service occupations,10,3,7
S01011337,7. Sales and customer service occupations,16,6,10
S01011337,8. Process plant and machine operatives,13,11,2
S01011337,9. Elementary occupations,22,13,9
S01011338,All people aged 16 to 74 in employment,295,146,149
S01011338,1. Managers directors and senior officials,21,12,9
S01011338,2. Professional occupations,45,16,29
S01011338,3. Associate professional and technical occupations,36,23,13
S01011338,4. Administrative and secretarial occupations,26,6,20
S01011338,5. Skilled trades occupations,33,29,4
S01011338,6. Caring leisure and other service occupations,37,3,34
S01011338,7. Sales and customer service occupations,25,8,17
S01011338,8. Process plant and machine operatives,34,25,9
S01011338,9. Elementary occupations,38,24,14
S01011339,All people aged 16 to 74 in employment,229,107,122
S01011339,1. Managers directors and senior officials,6,3,3
S01011339,2. Professional occupations,18,5,13
S01011339,3. Associate professional and technical occupations,21,9,12
S01011339,4. Administrative and secretarial occupations,22,4,18
S01011339,5. Skilled trades occupations,34,29,5
S01011339,6. Caring leisure and other service occupations,39,6,33
S01011339,7. Sales and customer service occupations,25,7,18
S01011339,8. Process plant and machine operatives,35,29,6
S01011339,9. Elementary occupations,29,15,14
S01011340,All people aged 16 to 74 in employment,272,133,139
S01011340,1. Managers directors and senior officials,14,8,6
S01011340,2. Professional occupations,18,8,10
S01011340,3. Associate professional and technical occupations,13,5,8
S01011340,4. Administrative and secretarial occupations,31,6,25
S01011340,5. Skilled trades occupations,39,36,3
S01011340,6. Caring leisure and other service occupations,55,12,43
S01011340,7. Sales and customer service occupations,30,6,24
S01011340,8. Process plant and machine operatives,27,26,1
S01011340,9. Elementary occupations,45,26,19
S01011341,All people aged 16 to 74 in employment,332,173,159
S01011341,1. Managers directors and senior officials,20,16,4
S01011341,2. Professional occupations,53,20,33
S01011341,3. Associate professional and technical occupations,31,15,16
S01011341,4. Administrative and secretarial occupations,44,6,38
S01011341,5. Skilled trades occupations,51,46,5
S01011341,6. Caring leisure and other service occupations,48,12,36
S01011341,7. Sales and customer service occupations,25,11,14
S01011341,8. Process plant and machine operatives,24,23,1
S01011341,9. Elementary occupations,36,24,12
S01011342,All people aged 16 to 74 in employment,333,172,161
S01011342,1. Managers directors and senior officials,34,19,15
S01011342,2. Professional occupations,47,19,28
S01011342,3. Associate professional and technical occupations,34,22,12
S01011342,4. Administrative and secretarial occupations,55,9,46
S01011342,5. Skilled trades occupations,48,45,3
S01011342,6. Caring leisure and other service occupations,29,6,23
S01011342,7. Sales and customer service occupations,26,5,21
S01011342,8. Process plant and machine operatives,34,28,6
S01011342,9. Elementary occupations,26,19,7
S01011343,All people aged 16 to 74 in employment,326,168,158
S01011343,1. Managers directors and senior officials,15,5,10
S01011343,2. Professional occupations,19,12,7
S01011343,3. Associate professional and technical occupations,34,19,15
S01011343,4. Administrative and secretarial occupations,33,6,27
S01011343,5. Skilled trades occupations,45,44,1
S01011343,6. Caring leisure and other service occupations,59,11,48
S01011343,7. Sales and customer service occupations,25,6,19
S01011343,8. Process plant and machine operatives,54,44,10
S01011343,9. Elementary occupations,42,21,21
S01011344,All people aged 16 to 74 in employment,323,162,161
S01011344,1. Managers directors and senior officials,11,7,4
S01011344,2. Professional occupations,20,9,11
S01011344,3. Associate professional and technical occupations,20,14,6
S01011344,4. Administrative and secretarial occupations,24,4,20
S01011344,5. Skilled trades occupations,54,48,6
S01011344,6. Caring leisure and other service occupations,45,7,38
S01011344,7. Sales and customer service occupations,39,8,31
S01011344,8. Process plant and machine operatives,52,38,14
S01011344,9. Elementary occupations,58,27,31
S01011345,All people aged 16 to 74 in employment,309,139,170
S01011345,1. Managers directors and senior officials,17,8,9
S01011345,2. Professional occupations,16,5,11
S01011345,3. Associate professional and technical occupations,24,12,12
S01011345,4. Administrative and secretarial occupations,20,3,17
S01011345,5. Skilled trades occupations,42,36,6
S01011345,6. Caring leisure and other service occupations,52,7,45
S01011345,7. Sales and customer service occupations,36,6,30
S01011345,8. Process plant and machine operatives,40,27,13
S01011345,9. Elementary occupations,62,35,27
S01011346,All people aged 16 to 74 in employment,291,144,147
S01011346,1. Managers directors and senior officials,14,7,7
S01011346,2. Professional occupations,13,7,6
S01011346,3. Associate professional and technical occupations,29,11,18
S01011346,4. Administrative and secretarial occupations,30,5,25
S01011346,5. Skilled trades occupations,41,36,5
S01011346,6. Caring leisure and other service occupations,46,7,39
S01011346,7. Sales and customer service occupations,29,10,19
S01011346,8. Process plant and machine operatives,36,30,6
S01011346,9. Elementary occupations,53,31,22
S01011347,All people aged 16 to 74 in employment,432,231,201
S01011347,1. Managers directors and senior officials,26,11,15
S01011347,2. Professional occupations,40,20,20
S01011347,3. Associate professional and technical occupations,47,25,22
S01011347,4. Administrative and secretarial occupations,44,12,32
S01011347,5. Skilled trades occupations,63,60,3
S01011347,6. Caring leisure and other service occupations,61,15,46
S01011347,7. Sales and customer service occupations,61,21,40
S01011347,8. Process plant and machine operatives,50,44,6
S01011347,9. Elementary occupations,40,23,17
S01011348,All people aged 16 to 74 in employment,373,181,192
S01011348,1. Managers directors and senior officials,24,16,8
S01011348,2. Professional occupations,51,18,33
S01011348,3. Associate professional and technical occupations,42,18,24
S01011348,4. Administrative and secretarial occupations,47,13,34
S01011348,5. Skilled trades occupations,49,43,6
S01011348,6. Caring leisure and other service occupations,40,7,33
S01011348,7. Sales and customer service occupations,41,14,27
S01011348,8. Process plant and machine operatives,46,35,11
S01011348,9. Elementary occupations,33,17,16
S01011349,All people aged 16 to 74 in employment,555,281,274
S01011349,1. Managers directors and senior officials,48,32,16
S01011349,2. Professional occupations,82,32,50
S01011349,3. Associate professional and technical occupations,78,43,35
S01011349,4. Administrative and secretarial occupations,84,21,63
S01011349,5. Skilled trades occupations,62,58,4
S01011349,6. Caring leisure and other service occupations,55,4,51
S01011349,7. Sales and customer service occupations,41,12,29
S01011349,8. Process plant and machine operatives,53,50,3
S01011349,9. Elementary occupations,52,29,23
S01011350,All people aged 16 to 74 in employment,318,165,153
S01011350,1. Managers directors and senior officials,35,21,14
S01011350,2. Professional occupations,64,30,34
S01011350,3. Associate professional and technical occupations,43,25,18
S01011350,4. Administrative and secretarial occupations,52,11,41
S01011350,5. Skilled trades occupations,31,29,2
S01011350,6. Caring leisure and other service occupations,24,4,20
S01011350,7. Sales and customer service occupations,30,13,17
S01011350,8. Process plant and machine operatives,24,22,2
S01011350,9. Elementary occupations,15,10,5
S01011351,All people aged 16 to 74 in employment,265,130,135
S01011351,1. Managers directors and senior officials,7,3,4
S01011351,2. Professional occupations,15,6,9
S01011351,3. Associate professional and technical occupations,23,11,12
S01011351,4. Administrative and secretarial occupations,36,5,31
S01011351,5. Skilled trades occupations,43,40,3
S01011351,6. Caring leisure and other service occupations,32,3,29
S01011351,7. Sales and customer service occupations,33,10,23
S01011351,8. Process plant and machine operatives,29,26,3
S01011351,9. Elementary occupations,47,26,21
S01011352,All people aged 16 to 74 in employment,301,145,156
S01011352,1. Managers directors and senior officials,21,13,8
S01011352,2. Professional occupations,47,17,30
S01011352,3. Associate professional and technical occupations,30,15,15
S01011352,4. Administrative and secretarial occupations,38,5,33
S01011352,5. Skilled trades occupations,40,35,5
S01011352,6. Caring leisure and other service occupations,42,6,36
S01011352,7. Sales and customer service occupations,21,5,16
S01011352,8. Process plant and machine operatives,27,24,3
S01011352,9. Elementary occupations,35,25,10
S01011353,All people aged 16 to 74 in employment,296,146,150
S01011353,1. Managers directors and senior officials,19,10,9
S01011353,2. Professional occupations,28,13,15
S01011353,3. Associate professional and technical occupations,27,17,10
S01011353,4. Administrative and secretarial occupations,34,6,28
S01011353,5. Skilled trades occupations,55,48,7
S01011353,6. Caring leisure and other service occupations,38,4,34
S01011353,7. Sales and customer service occupations,23,4,19
S01011353,8. Process plant and machine operatives,29,24,5
S01011353,9. Elementary occupations,43,20,23
S01011354,All people aged 16 to 74 in employment,339,163,176
S01011354,1. Managers directors and senior officials,21,15,6
S01011354,2. Professional occupations,59,24,35
S01011354,3. Associate professional and technical occupations,38,26,12
S01011354,4. Administrative and secretarial occupations,50,5,45
S01011354,5. Skilled trades occupations,51,46,5
S01011354,6. Caring leisure and other service occupations,28,2,26
S01011354,7. Sales and customer service occupations,35,3,32
S01011354,8. Process plant and machine operatives,25,24,1
S01011354,9. Elementary occupations,32,18,14
S01011355,All people aged 16 to 74 in employment,440,232,208
S01011355,1. Managers directors and senior officials,28,18,10
S01011355,2. Professional occupations,42,18,24
S01011355,3. Associate professional and technical occupations,52,33,19
S01011355,4. Administrative and secretarial occupations,63,15,48
S01011355,5. Skilled trades occupations,68,62,6
S01011355,6. Caring leisure and other service occupations,56,9,47
S01011355,7. Sales and customer service occupations,40,9,31
S01011355,8. Process plant and machine operatives,48,43,5
S01011355,9. Elementary occupations,43,25,18
S01011356,All people aged 16 to 74 in employment,519,279,240
S01011356,1. Managers directors and senior officials,64,33,31
S01011356,2. Professional occupations,110,43,67
S01011356,3. Associate professional and technical occupations,65,35,30
S01011356,4. Administrative and secretarial occupations,47,6,41
S01011356,5. Skilled trades occupations,108,85,23
S01011356,6. Caring leisure and other service occupations,36,11,25
S01011356,7. Sales and customer service occupations,20,8,12
S01011356,8. Process plant and machine operatives,44,40,4
S01011356,9. Elementary occupations,25,18,7
S01011357,All people aged 16 to 74 in employment,386,201,185
S01011357,1. Managers directors and senior officials,36,26,10
S01011357,2. Professional occupations,56,19,37
S01011357,3. Associate professional and technical occupations,40,27,13
S01011357,4. Administrative and secretarial occupations,53,7,46
S01011357,5. Skilled trades occupations,62,61,1
S01011357,6. Caring leisure and other service occupations,51,10,41
S01011357,7. Sales and customer service occupations,27,9,18
S01011357,8. Process plant and machine operatives,30,25,5
S01011357,9. Elementary occupations,31,17,14
S01011358,All people aged 16 to 74 in employment,333,157,176
S01011358,1. Managers directors and senior officials,21,12,9
S01011358,2. Professional occupations,69,24,45
S01011358,3. Associate professional and technical occupations,60,40,20
S01011358,4. Administrative and secretarial occupations,57,10,47
S01011358,5. Skilled trades occupations,27,26,1
S01011358,6. Caring leisure and other service occupations,26,6,20
S01011358,7. Sales and customer service occupations,34,10,24
S01011358,8. Process plant and machine operatives,22,21,1
S01011358,9. Elementary occupations,17,8,9
S01011359,All people aged 16 to 74 in employment,298,165,133
S01011359,1. Managers directors and senior officials,18,15,3
S01011359,2. Professional occupations,37,16,21
S01011359,3. Associate professional and technical occupations,34,18,16
S01011359,4. Administrative and secretarial occupations,25,7,18
S01011359,5. Skilled trades occupations,43,40,3
S01011359,6. Caring leisure and other service occupations,35,3,32
S01011359,7. Sales and customer service occupations,23,6,17
S01011359,8. Process plant and machine operatives,38,35,3
S01011359,9. Elementary occupations,45,25,20
S01011360,All people aged 16 to 74 in employment,318,160,158
S01011360,1. Managers directors and senior officials,12,8,4
S01011360,2. Professional occupations,23,7,16
S01011360,3. Associate professional and technical occupations,23,11,12
S01011360,4. Administrative and secretarial occupations,25,3,22
S01011360,5. Skilled trades occupations,35,28,7
S01011360,6. Caring leisure and other service occupations,41,9,32
S01011360,7. Sales and customer service occupations,36,11,25
S01011360,8. Process plant and machine operatives,38,33,5
S01011360,9. Elementary occupations,85,50,35
S01011361,All people aged 16 to 74 in employment,193,120,73
S01011361,1. Managers directors and senior officials,8,3,5
S01011361,2. Professional occupations,9,4,5
S01011361,3. Associate professional and technical occupations,7,3,4
S01011361,4. Administrative and secretarial occupations,9,5,4
S01011361,5. Skilled trades occupations,32,30,2
S01011361,6. Caring leisure and other service occupations,18,5,13
S01011361,7. Sales and customer service occupations,17,4,13
S01011361,8. Process plant and machine operatives,41,32,9
S01011361,9. Elementary occupations,52,34,18
S01011362,All people aged 16 to 74 in employment,322,168,154
S01011362,1. Managers directors and senior officials,41,28,13
S01011362,2. Professional occupations,48,21,27
S01011362,3. Associate professional and technical occupations,35,21,14
S01011362,4. Administrative and secretarial occupations,54,8,46
S01011362,5. Skilled trades occupations,44,43,1
S01011362,6. Caring leisure and other service occupations,26,4,22
S01011362,7. Sales and customer service occupations,28,9,19
S01011362,8. Process plant and machine operatives,28,25,3
S01011362,9. Elementary occupations,18,9,9
S01011363,All people aged 16 to 74 in employment,358,181,177
S01011363,1. Managers directors and senior officials,34,20,14
S01011363,2. Professional occupations,52,20,32
S01011363,3. Associate professional and technical occupations,47,26,21
S01011363,4. Administrative and secretarial occupations,45,8,37
S01011363,5. Skilled trades occupations,52,49,3
S01011363,6. Caring leisure and other service occupations,30,2,28
S01011363,7. Sales and customer service occupations,38,12,26
S01011363,8. Process plant and machine operatives,26,26,0
S01011363,9. Elementary occupations,34,18,16
S01011364,All people aged 16 to 74 in employment,326,161,165
S01011364,1. Managers directors and senior officials,24,12,12
S01011364,2. Professional occupations,47,17,30
S01011364,3. Associate professional and technical occupations,42,21,21
S01011364,4. Administrative and secretarial occupations,35,7,28
S01011364,5. Skilled trades occupations,30,28,2
S01011364,6. Caring leisure and other service occupations,31,5,26
S01011364,7. Sales and customer service occupations,39,11,28
S01011364,8. Process plant and machine operatives,45,39,6
S01011364,9. Elementary occupations,33,21,12
S01011365,All people aged 16 to 74 in employment,343,168,175
S01011365,1. Managers directors and senior officials,38,28,10
S01011365,2. Professional occupations,64,18,46
S01011365,3. Associate professional and technical occupations,56,36,20
S01011365,4. Administrative and secretarial occupations,61,13,48
S01011365,5. Skilled trades occupations,35,34,1
S01011365,6. Caring leisure and other service occupations,28,4,24
S01011365,7. Sales and customer service occupations,20,4,16
S01011365,8. Process plant and machine operatives,24,22,2
S01011365,9. Elementary occupations,17,9,8
S01011366,All people aged 16 to 74 in employment,189,90,99
S01011366,1. Managers directors and senior officials,10,4,6
S01011366,2. Professional occupations,19,4,15
S01011366,3. Associate professional and technical occupations,31,15,16
S01011366,4. Administrative and secretarial occupations,26,3,23
S01011366,5. Skilled trades occupations,35,34,1
S01011366,6. Caring leisure and other service occupations,13,2,11
S01011366,7. Sales and customer service occupations,21,5,16
S01011366,8. Process plant and machine operatives,10,9,1
S01011366,9. Elementary occupations,24,14,10
S01011367,All people aged 16 to 74 in employment,360,177,183
S01011367,1. Managers directors and senior officials,11,4,7
S01011367,2. Professional occupations,39,13,26
S01011367,3. Associate professional and technical occupations,34,18,16
S01011367,4. Administrative and secretarial occupations,38,6,32
S01011367,5. Skilled trades occupations,57,52,5
S01011367,6. Caring leisure and other service occupations,40,7,33
S01011367,7. Sales and customer service occupations,50,12,38
S01011367,8. Process plant and machine operatives,39,34,5
S01011367,9. Elementary occupations,52,31,21
S01011368,All people aged 16 to 74 in employment,528,270,258
S01011368,1. Managers directors and senior officials,47,30,17
S01011368,2. Professional occupations,109,39,70
S01011368,3. Associate professional and technical occupations,97,58,39
S01011368,4. Administrative and secretarial occupations,80,22,58
S01011368,5. Skilled trades occupations,61,59,2
S01011368,6. Caring leisure and other service occupations,35,7,28
S01011368,7. Sales and customer service occupations,46,17,29
S01011368,8. Process plant and machine operatives,24,22,2
S01011368,9. Elementary occupations,29,16,13
S01011369,All people aged 16 to 74 in employment,354,194,160
S01011369,1. Managers directors and senior officials,13,8,5
S01011369,2. Professional occupations,30,14,16
S01011369,3. Associate professional and technical occupations,42,23,19
S01011369,4. Administrative and secretarial occupations,43,10,33
S01011369,5. Skilled trades occupations,61,59,2
S01011369,6. Caring leisure and other service occupations,45,14,31
S01011369,7. Sales and customer service occupations,43,14,29
S01011369,8. Process plant and machine operatives,28,24,4
S01011369,9. Elementary occupations,49,28,21
S01011370,All people aged 16 to 74 in employment,466,235,231
S01011370,1. Managers directors and senior officials,40,27,13
S01011370,2. Professional occupations,88,40,48
S01011370,3. Associate professional and technical occupations,86,46,40
S01011370,4. Administrative and secretarial occupations,72,14,58
S01011370,5. Skilled trades occupations,46,45,1
S01011370,6. Caring leisure and other service occupations,39,9,30
S01011370,7. Sales and customer service occupations,34,12,22
S01011370,8. Process plant and machine operatives,26,23,3
S01011370,9. Elementary occupations,35,19,16
S01011371,All people aged 16 to 74 in employment,397,204,193
S01011371,1. Managers directors and senior officials,17,8,9
S01011371,2. Professional occupations,35,14,21
S01011371,3. Associate professional and technical occupations,44,27,17
S01011371,4. Administrative and secretarial occupations,46,10,36
S01011371,5. Skilled trades occupations,37,34,3
S01011371,6. Caring leisure and other service occupations,50,13,37
S01011371,7. Sales and customer service occupations,47,16,31
S01011371,8. Process plant and machine operatives,42,35,7
S01011371,9. Elementary occupations,79,47,32
S01011372,All people aged 16 to 74 in employment,257,151,106
S01011372,1. Managers directors and senior officials,12,5,7
S01011372,2. Professional occupations,11,3,8
S01011372,3. Associate professional and technical occupations,21,10,11
S01011372,4. Administrative and secretarial occupations,22,7,15
S01011372,5. Skilled trades occupations,32,30,2
S01011372,6. Caring leisure and other service occupations,25,14,11
S01011372,7. Sales and customer service occupations,27,10,17
S01011372,8. Process plant and machine operatives,41,34,7
S01011372,9. Elementary occupations,66,38,28
S01011373,All people aged 16 to 74 in employment,252,130,122
S01011373,1. Managers directors and senior officials,15,10,5
S01011373,2. Professional occupations,22,7,15
S01011373,3. Associate professional and technical occupations,24,13,11
S01011373,4. Administrative and secretarial occupations,26,4,22
S01011373,5. Skilled trades occupations,27,24,3
S01011373,6. Caring leisure and other service occupations,30,8,22
S01011373,7. Sales and customer service occupations,31,8,23
S01011373,8. Process plant and machine operatives,25,23,2
S01011373,9. Elementary occupations,52,33,19
S01011374,All people aged 16 to 74 in employment,392,193,199
S01011374,1. Managers directors and senior officials,32,17,15
S01011374,2. Professional occupations,55,22,33
S01011374,3. Associate professional and technical occupations,50,29,21
S01011374,4. Administrative and secretarial occupations,69,12,57
S01011374,5. Skilled trades occupations,42,39,3
S01011374,6. Caring leisure and other service occupations,33,10,23
S01011374,7. Sales and customer service occupations,49,19,30
S01011374,8. Process plant and machine operatives,25,22,3
S01011374,9. Elementary occupations,37,23,14
S01011375,All people aged 16 to 74 in employment,310,165,145
S01011375,1. Managers directors and senior officials,22,16,6
S01011375,2. Professional occupations,49,20,29
S01011375,3. Associate professional and technical occupations,32,22,10
S01011375,4. Administrative and secretarial occupations,46,11,35
S01011375,5. Skilled trades occupations,32,29,3
S01011375,6. Caring leisure and other service occupations,37,12,25
S01011375,7. Sales and customer service occupations,32,12,20
S01011375,8. Process plant and machine operatives,30,27,3
S01011375,9. Elementary occupations,30,16,14
S01011376,All people aged 16 to 74 in employment,205,104,101
S01011376,1. Managers directors and senior officials,8,6,2
S01011376,2. Professional occupations,19,6,13
S01011376,3. Associate professional and technical occupations,18,9,9
S01011376,4. Administrative and secretarial occupations,31,12,19
S01011376,5. Skilled trades occupations,19,18,1
S01011376,6. Caring leisure and other service occupations,28,9,19
S01011376,7. Sales and customer service occupations,18,6,12
S01011376,8. Process plant and machine operatives,15,14,1
S01011376,9. Elementary occupations,49,24,25
S01011377,All people aged 16 to 74 in employment,317,157,160
S01011377,1. Managers directors and senior officials,32,21,11
S01011377,2. Professional occupations,95,43,52
S01011377,3. Associate professional and technical occupations,53,35,18
S01011377,4. Administrative and secretarial occupations,43,10,33
S01011377,5. Skilled trades occupations,18,18,0
S01011377,6. Caring leisure and other service occupations,25,3,22
S01011377,7. Sales and customer service occupations,29,15,14
S01011377,8. Process plant and machine operatives,10,7,3
S01011377,9. Elementary occupations,12,5,7
S01011378,All people aged 16 to 74 in employment,354,184,170
S01011378,1. Managers directors and senior officials,29,15,14
S01011378,2. Professional occupations,66,24,42
S01011378,3. Associate professional and technical occupations,34,24,10
S01011378,4. Administrative and secretarial occupations,56,12,44
S01011378,5. Skilled trades occupations,48,45,3
S01011378,6. Caring leisure and other service occupations,38,13,25
S01011378,7. Sales and customer service occupations,33,11,22
S01011378,8. Process plant and machine operatives,23,21,2
S01011378,9. Elementary occupations,27,19,8
S01011379,All people aged 16 to 74 in employment,526,275,251
S01011379,1. Managers directors and senior officials,48,37,11
S01011379,2. Professional occupations,122,54,68
S01011379,3. Associate professional and technical occupations,101,64,37
S01011379,4. Administrative and secretarial occupations,88,23,65
S01011379,5. Skilled trades occupations,34,28,6
S01011379,6. Caring leisure and other service occupations,31,5,26
S01011379,7. Sales and customer service occupations,51,25,26
S01011379,8. Process plant and machine operatives,28,25,3
S01011379,9. Elementary occupations,23,14,9
S01011380,All people aged 16 to 74 in employment,341,173,168
S01011380,1. Managers directors and senior officials,29,21,8
S01011380,2. Professional occupations,50,20,30
S01011380,3. Associate professional and technical occupations,31,15,16
S01011380,4. Administrative and secretarial occupations,66,15,51
S01011380,5. Skilled trades occupations,39,36,3
S01011380,6. Caring leisure and other service occupations,25,3,22
S01011380,7. Sales and customer service occupations,28,12,16
S01011380,8. Process plant and machine operatives,34,27,7
S01011380,9. Elementary occupations,39,24,15
S01011381,All people aged 16 to 74 in employment,307,159,148
S01011381,1. Managers directors and senior officials,31,19,12
S01011381,2. Professional occupations,55,19,36
S01011381,3. Associate professional and technical occupations,54,38,16
S01011381,4. Administrative and secretarial occupations,44,10,34
S01011381,5. Skilled trades occupations,26,24,2
S01011381,6. Caring leisure and other service occupations,23,9,14
S01011381,7. Sales and customer service occupations,29,11,18
S01011381,8. Process plant and machine operatives,17,13,4
S01011381,9. Elementary occupations,28,16,12
S01011382,All people aged 16 to 74 in employment,270,144,126
S01011382,1. Managers directors and senior officials,29,15,14
S01011382,2. Professional occupations,31,11,20
S01011382,3. Associate professional and technical occupations,28,16,12
S01011382,4. Administrative and secretarial occupations,22,5,17
S01011382,5. Skilled trades occupations,43,40,3
S01011382,6. Caring leisure and other service occupations,22,5,17
S01011382,7. Sales and customer service occupations,25,5,20
S01011382,8. Process plant and machine operatives,29,26,3
S01011382,9. Elementary occupations,41,21,20
S01011383,All people aged 16 to 74 in employment,232,113,119
S01011383,1. Managers directors and senior officials,10,6,4
S01011383,2. Professional occupations,11,4,7
S01011383,3. Associate professional and technical occupations,20,14,6
S01011383,4. Administrative and secretarial occupations,28,7,21
S01011383,5. Skilled trades occupations,28,28,0
S01011383,6. Caring leisure and other service occupations,37,1,36
S01011383,7. Sales and customer service occupations,22,4,18
S01011383,8. Process plant and machine operatives,22,21,1
S01011383,9. Elementary occupations,54,28,26
S01011384,All people aged 16 to 74 in employment,206,98,108
S01011384,1. Managers directors and senior officials,4,3,1
S01011384,2. Professional occupations,11,3,8
S01011384,3. Associate professional and technical occupations,12,10,2
S01011384,4. Administrative and secretarial occupations,18,1,17
S01011384,5. Skilled trades occupations,33,30,3
S01011384,6. Caring leisure and other service occupations,29,1,28
S01011384,7. Sales and customer service occupations,23,8,15
S01011384,8. Process plant and machine operatives,30,26,4
S01011384,9. Elementary occupations,46,16,30
S01011385,All people aged 16 to 74 in employment,357,181,176
S01011385,1. Managers directors and senior officials,13,9,4
S01011385,2. Professional occupations,24,6,18
S01011385,3. Associate professional and technical occupations,24,11,13
S01011385,4. Administrative and secretarial occupations,25,5,20
S01011385,5. Skilled trades occupations,41,40,1
S01011385,6. Caring leisure and other service occupations,64,18,46
S01011385,7. Sales and customer service occupations,37,15,22
S01011385,8. Process plant and machine operatives,41,39,2
S01011385,9. Elementary occupations,88,38,50
S01011386,All people aged 16 to 74 in employment,206,96,110
S01011386,1. Managers directors and senior officials,12,6,6
S01011386,2. Professional occupations,10,3,7
S01011386,3. Associate professional and technical occupations,6,4,2
S01011386,4. Administrative and secretarial occupations,11,1,10
S01011386,5. Skilled trades occupations,19,16,3
S01011386,6. Caring leisure and other service occupations,35,7,28
S01011386,7. Sales and customer service occupations,23,7,16
S01011386,8. Process plant and machine operatives,27,26,1
S01011386,9. Elementary occupations,63,26,37
S01011387,All people aged 16 to 74 in employment,302,150,152
S01011387,1. Managers directors and senior officials,14,7,7
S01011387,2. Professional occupations,49,24,25
S01011387,3. Associate professional and technical occupations,15,9,6
S01011387,4. Administrative and secretarial occupations,28,2,26
S01011387,5. Skilled trades occupations,43,40,3
S01011387,6. Caring leisure and other service occupations,33,9,24
S01011387,7. Sales and customer service occupations,35,5,30
S01011387,8. Process plant and machine operatives,36,32,4
S01011387,9. Elementary occupations,49,22,27
S01011388,All people aged 16 to 74 in employment,605,313,292
S01011388,1. Managers directors and senior officials,45,31,14
S01011388,2. Professional occupations,112,34,78
S01011388,3. Associate professional and technical occupations,86,57,29
S01011388,4. Administrative and secretarial occupations,81,12,69
S01011388,5. Skilled trades occupations,82,80,2
S01011388,6. Caring leisure and other service occupations,63,16,47
S01011388,7. Sales and customer service occupations,51,15,36
S01011388,8. Process plant and machine operatives,46,44,2
S01011388,9. Elementary occupations,39,24,15
S01011389,All people aged 16 to 74 in employment,355,160,195
S01011389,1. Managers directors and senior officials,25,16,9
S01011389,2. Professional occupations,44,13,31
S01011389,3. Associate professional and technical occupations,38,22,16
S01011389,4. Administrative and secretarial occupations,49,9,40
S01011389,5. Skilled trades occupations,42,39,3
S01011389,6. Caring leisure and other service occupations,34,1,33
S01011389,7. Sales and customer service occupations,43,12,31
S01011389,8. Process plant and machine operatives,27,24,3
S01011389,9. Elementary occupations,53,24,29
S01011390,All people aged 16 to 74 in employment,328,173,155
S01011390,1. Managers directors and senior officials,21,12,9
S01011390,2. Professional occupations,26,9,17
S01011390,3. Associate professional and technical occupations,21,14,7
S01011390,4. Administrative and secretarial occupations,30,5,25
S01011390,5. Skilled trades occupations,46,42,4
S01011390,6. Caring leisure and other service occupations,45,10,35
S01011390,7. Sales and customer service occupations,31,6,25
S01011390,8. Process plant and machine operatives,39,38,1
S01011390,9. Elementary occupations,69,37,32
S01011391,All people aged 16 to 74 in employment,284,147,137
S01011391,1. Managers directors and senior officials,12,6,6
S01011391,2. Professional occupations,16,4,12
S01011391,3. Associate professional and technical occupations,21,12,9
S01011391,4. Administrative and secretarial occupations,25,8,17
S01011391,5. Skilled trades occupations,42,41,1
S01011391,6. Caring leisure and other service occupations,47,8,39
S01011391,7. Sales and customer service occupations,46,19,27
S01011391,8. Process plant and machine operatives,25,23,2
S01011391,9. Elementary occupations,50,26,24
S01011392,All people aged 16 to 74 in employment,282,140,142
S01011392,1. Managers directors and senior officials,6,4,2
S01011392,2. Professional occupations,20,7,13
S01011392,3. Associate professional and technical occupations,15,8,7
S01011392,4. Administrative and secretarial occupations,18,2,16
S01011392,5. Skilled trades occupations,43,39,4
S01011392,6. Caring leisure and other service occupations,47,10,37
S01011392,7. Sales and customer service occupations,34,8,26
S01011392,8. Process plant and machine operatives,36,30,6
S01011392,9. Elementary occupations,63,32,31
S01011393,All people aged 16 to 74 in employment,355,186,169
S01011393,1. Managers directors and senior officials,31,19,12
S01011393,2. Professional occupations,27,10,17
S01011393,3. Associate professional and technical occupations,31,12,19
S01011393,4. Administrative and secretarial occupations,54,10,44
S01011393,5. Skilled trades occupations,61,58,3
S01011393,6. Caring leisure and other service occupations,33,6,27
S01011393,7. Sales and customer service occupations,38,10,28
S01011393,8. Process plant and machine operatives,37,35,2
S01011393,9. Elementary occupations,43,26,17
S01011394,All people aged 16 to 74 in employment,320,163,157
S01011394,1. Managers directors and senior officials,39,25,14
S01011394,2. Professional occupations,73,35,38
S01011394,3. Associate professional and technical occupations,57,35,22
S01011394,4. Administrative and secretarial occupations,42,9,33
S01011394,5. Skilled trades occupations,23,22,1
S01011394,6. Caring leisure and other service occupations,22,1,21
S01011394,7. Sales and customer service occupations,22,5,17
S01011394,8. Process plant and machine operatives,22,19,3
S01011394,9. Elementary occupations,20,12,8
S01011395,All people aged 16 to 74 in employment,324,153,171
S01011395,1. Managers directors and senior officials,15,6,9
S01011395,2. Professional occupations,32,14,18
S01011395,3. Associate professional and technical occupations,44,18,26
S01011395,4. Administrative and secretarial occupations,35,6,29
S01011395,5. Skilled trades occupations,46,43,3
S01011395,6. Caring leisure and other service occupations,42,6,36
S01011395,7. Sales and customer service occupations,42,13,29
S01011395,8. Process plant and machine operatives,26,23,3
S01011395,9. Elementary occupations,42,24,18
S01011396,All people aged 16 to 74 in employment,315,153,162
S01011396,1. Managers directors and senior officials,21,13,8
S01011396,2. Professional occupations,43,14,29
S01011396,3. Associate professional and technical occupations,39,26,13
S01011396,4. Administrative and secretarial occupations,36,6,30
S01011396,5. Skilled trades occupations,38,37,1
S01011396,6. Caring leisure and other service occupations,42,8,34
S01011396,7. Sales and customer service occupations,37,11,26
S01011396,8. Process plant and machine operatives,26,21,5
S01011396,9. Elementary occupations,33,17,16
S01011397,All people aged 16 to 74 in employment,308,152,156
S01011397,1. Managers directors and senior officials,26,14,12
S01011397,2. Professional occupations,32,13,19
S01011397,3. Associate professional and technical occupations,44,18,26
S01011397,4. Administrative and secretarial occupations,35,7,28
S01011397,5. Skilled trades occupations,47,42,5
S01011397,6. Caring leisure and other service occupations,26,6,20
S01011397,7. Sales and customer service occupations,39,11,28
S01011397,8. Process plant and machine operatives,23,21,2
S01011397,9. Elementary occupations,36,20,16
S01011398,All people aged 16 to 74 in employment,280,134,146
S01011398,1. Managers directors and senior officials,11,6,5
S01011398,2. Professional occupations,31,5,26
S01011398,3. Associate professional and technical occupations,18,11,7
S01011398,4. Administrative and secretarial occupations,32,8,24
S01011398,5. Skilled trades occupations,35,31,4
S01011398,6. Caring leisure and other service occupations,38,3,35
S01011398,7. Sales and customer service occupations,32,7,25
S01011398,8. Process plant and machine operatives,45,37,8
S01011398,9. Elementary occupations,38,26,12
S01011399,All people aged 16 to 74 in employment,218,105,113
S01011399,1. Managers directors and senior officials,5,3,2
S01011399,2. Professional occupations,13,2,11
S01011399,3. Associate professional and technical occupations,17,9,8
S01011399,4. Administrative and secretarial occupations,21,9,12
S01011399,5. Skilled trades occupations,27,24,3
S01011399,6. Caring leisure and other service occupations,39,5,34
S01011399,7. Sales and customer service occupations,32,7,25
S01011399,8. Process plant and machine operatives,25,23,2
S01011399,9. Elementary occupations,39,23,16
S01011400,All people aged 16 to 74 in employment,362,178,184
S01011400,1. Managers directors and senior officials,36,22,14
S01011400,2. Professional occupations,69,23,46
S01011400,3. Associate professional and technical occupations,40,27,13
S01011400,4. Administrative and secretarial occupations,49,8,41
S01011400,5. Skilled trades occupations,38,37,1
S01011400,6. Caring leisure and other service occupations,39,9,30
S01011400,7. Sales and customer service occupations,43,16,27
S01011400,8. Process plant and machine operatives,21,20,1
S01011400,9. Elementary occupations,27,16,11
S01011401,All people aged 16 to 74 in employment,283,150,133
S01011401,1. Managers directors and senior officials,32,25,7
S01011401,2. Professional occupations,53,21,32
S01011401,3. Associate professional and technical occupations,35,21,14
S01011401,4. Administrative and secretarial occupations,40,8,32
S01011401,5. Skilled trades occupations,34,32,2
S01011401,6. Caring leisure and other service occupations,24,6,18
S01011401,7. Sales and customer service occupations,27,9,18
S01011401,8. Process plant and machine operatives,18,14,4
S01011401,9. Elementary occupations,20,14,6
S01011402,All people aged 16 to 74 in employment,357,165,192
S01011402,1. Managers directors and senior officials,18,9,9
S01011402,2. Professional occupations,57,20,37
S01011402,3. Associate professional and technical occupations,37,19,18
S01011402,4. Administrative and secretarial occupations,52,11,41
S01011402,5. Skilled trades occupations,54,50,4
S01011402,6. Caring leisure and other service occupations,37,9,28
S01011402,7. Sales and customer service occupations,40,8,32
S01011402,8. Process plant and machine operatives,26,19,7
S01011402,9. Elementary occupations,36,20,16
S01011403,All people aged 16 to 74 in employment,279,147,132
S01011403,1. Managers directors and senior officials,30,20,10
S01011403,2. Professional occupations,33,12,21
S01011403,3. Associate professional and technical occupations,28,16,12
S01011403,4. Administrative and secretarial occupations,35,8,27
S01011403,5. Skilled trades occupations,39,37,2
S01011403,6. Caring leisure and other service occupations,26,5,21
S01011403,7. Sales and customer service occupations,36,12,24
S01011403,8. Process plant and machine operatives,25,23,2
S01011403,9. Elementary occupations,27,14,13
S01011404,All people aged 16 to 74 in employment,385,187,198
S01011404,1. Managers directors and senior officials,26,12,14
S01011404,2. Professional occupations,41,16,25
S01011404,3. Associate professional and technical occupations,50,29,21
S01011404,4. Administrative and secretarial occupations,54,7,47
S01011404,5. Skilled trades occupations,55,50,5
S01011404,6. Caring leisure and other service occupations,57,11,46
S01011404,7. Sales and customer service occupations,38,13,25
S01011404,8. Process plant and machine operatives,32,30,2
S01011404,9. Elementary occupations,32,19,13
S01011405,All people aged 16 to 74 in employment,274,144,130
S01011405,1. Managers directors and senior officials,25,12,13
S01011405,2. Professional occupations,37,16,21
S01011405,3. Associate professional and technical occupations,39,28,11
S01011405,4. Administrative and secretarial occupations,43,5,38
S01011405,5. Skilled trades occupations,30,30,0
S01011405,6. Caring leisure and other service occupations,26,7,19
S01011405,7. Sales and customer service occupations,26,8,18
S01011405,8. Process plant and machine operatives,26,24,2
S01011405,9. Elementary occupations,22,14,8
S01011406,All people aged 16 to 74 in employment,302,139,163
S01011406,1. Managers directors and senior officials,23,7,16
S01011406,2. Professional occupations,25,7,18
S01011406,3. Associate professional and technical occupations,36,16,20
S01011406,4. Administrative and secretarial occupations,38,8,30
S01011406,5. Skilled trades occupations,34,31,3
S01011406,6. Caring leisure and other service occupations,30,3,27
S01011406,7. Sales and customer service occupations,32,12,20
S01011406,8. Process plant and machine operatives,25,22,3
S01011406,9. Elementary occupations,59,33,26
S01011407,All people aged 16 to 74 in employment,519,274,245
S01011407,1. Managers directors and senior officials,37,22,15
S01011407,2. Professional occupations,61,19,42
S01011407,3. Associate professional and technical occupations,71,45,26
S01011407,4. Administrative and secretarial occupations,74,9,65
S01011407,5. Skilled trades occupations,69,64,5
S01011407,6. Caring leisure and other service occupations,40,9,31
S01011407,7. Sales and customer service occupations,58,21,37
S01011407,8. Process plant and machine operatives,64,61,3
S01011407,9. Elementary occupations,45,24,21
S01011408,All people aged 16 to 74 in employment,365,179,186
S01011408,1. Managers directors and senior officials,14,6,8
S01011408,2. Professional occupations,21,8,13
S01011408,3. Associate professional and technical occupations,30,17,13
S01011408,4. Administrative and secretarial occupations,48,8,40
S01011408,5. Skilled trades occupations,40,37,3
S01011408,6. Caring leisure and other service occupations,54,13,41
S01011408,7. Sales and customer service occupations,47,13,34
S01011408,8. Process plant and machine operatives,41,37,4
S01011408,9. Elementary occupations,70,40,30
S01011409,All people aged 16 to 74 in employment,343,163,180
S01011409,1. Managers directors and senior officials,14,8,6
S01011409,2. Professional occupations,40,14,26
S01011409,3. Associate professional and technical occupations,23,13,10
S01011409,4. Administrative and secretarial occupations,45,12,33
S01011409,5. Skilled trades occupations,49,40,9
S01011409,6. Caring leisure and other service occupations,42,5,37
S01011409,7. Sales and customer service occupations,39,9,30
S01011409,8. Process plant and machine operatives,34,31,3
S01011409,9. Elementary occupations,57,31,26
S01011410,All people aged 16 to 74 in employment,299,141,158
S01011410,1. Managers directors and senior officials,11,7,4
S01011410,2. Professional occupations,24,8,16
S01011410,3. Associate professional and technical occupations,32,14,18
S01011410,4. Administrative and secretarial occupations,44,6,38
S01011410,5. Skilled trades occupations,43,39,4
S01011410,6. Caring leisure and other service occupations,44,8,36
S01011410,7. Sales and customer service occupations,31,9,22
S01011410,8. Process plant and machine operatives,34,30,4
S01011410,9. Elementary occupations,36,20,16
S01011411,All people aged 16 to 74 in employment,307,159,148
S01011411,1. Managers directors and senior officials,11,7,4
S01011411,2. Professional occupations,34,13,21
S01011411,3. Associate professional and technical occupations,20,10,10
S01011411,4. Administrative and secretarial occupations,42,8,34
S01011411,5. Skilled trades occupations,49,48,1
S01011411,6. Caring leisure and other service occupations,36,8,28
S01011411,7. Sales and customer service occupations,37,10,27
S01011411,8. Process plant and machine operatives,35,35,0
S01011411,9. Elementary occupations,43,20,23
S01011412,All people aged 16 to 74 in employment,437,226,211
S01011412,1. Managers directors and senior officials,49,37,12
S01011412,2. Professional occupations,88,28,60
S01011412,3. Associate professional and technical occupations,60,36,24
S01011412,4. Administrative and secretarial occupations,64,19,45
S01011412,5. Skilled trades occupations,45,42,3
S01011412,6. Caring leisure and other service occupations,39,10,29
S01011412,7. Sales and customer service occupations,52,17,35
S01011412,8. Process plant and machine operatives,28,26,2
S01011412,9. Elementary occupations,12,11,1
S01011413,All people aged 16 to 74 in employment,332,178,154
S01011413,1. Managers directors and senior officials,18,15,3
S01011413,2. Professional occupations,57,18,39
S01011413,3. Associate professional and technical occupations,49,31,18
S01011413,4. Administrative and secretarial occupations,63,12,51
S01011413,5. Skilled trades occupations,50,49,1
S01011413,6. Caring leisure and other service occupations,23,3,20
S01011413,7. Sales and customer service occupations,23,9,14
S01011413,8. Process plant and machine operatives,25,25,0
S01011413,9. Elementary occupations,24,16,8
S01011414,All people aged 16 to 74 in employment,351,185,166
S01011414,1. Managers directors and senior officials,18,12,6
S01011414,2. Professional occupations,42,15,27
S01011414,3. Associate professional and technical occupations,34,18,16
S01011414,4. Administrative and secretarial occupations,50,14,36
S01011414,5. Skilled trades occupations,48,46,2
S01011414,6. Caring leisure and other service occupations,49,11,38
S01011414,7. Sales and customer service occupations,36,12,24
S01011414,8. Process plant and machine operatives,35,32,3
S01011414,9. Elementary occupations,39,25,14
S01011415,All people aged 16 to 74 in employment,440,219,221
S01011415,1. Managers directors and senior officials,30,17,13
S01011415,2. Professional occupations,71,24,47
S01011415,3. Associate professional and technical occupations,54,28,26
S01011415,4. Administrative and secretarial occupations,58,8,50
S01011415,5. Skilled trades occupations,70,67,3
S01011415,6. Caring leisure and other service occupations,46,11,35
S01011415,7. Sales and customer service occupations,46,14,32
S01011415,8. Process plant and machine operatives,32,32,0
S01011415,9. Elementary occupations,33,18,15
S01011416,All people aged 16 to 74 in employment,355,176,179
S01011416,1. Managers directors and senior officials,23,15,8
S01011416,2. Professional occupations,54,18,36
S01011416,3. Associate professional and technical occupations,57,34,23
S01011416,4. Administrative and secretarial occupations,63,13,50
S01011416,5. Skilled trades occupations,46,45,1
S01011416,6. Caring leisure and other service occupations,31,5,26
S01011416,7. Sales and customer service occupations,39,13,26
S01011416,8. Process plant and machine operatives,23,23,0
S01011416,9. Elementary occupations,19,10,9
S01011417,All people aged 16 to 74 in employment,353,187,166
S01011417,1. Managers directors and senior officials,19,10,9
S01011417,2. Professional occupations,36,15,21
S01011417,3. Associate professional and technical occupations,42,30,12
S01011417,4. Administrative and secretarial occupations,48,6,42
S01011417,5. Skilled trades occupations,48,45,3
S01011417,6. Caring leisure and other service occupations,50,17,33
S01011417,7. Sales and customer service occupations,42,17,25
S01011417,8. Process plant and machine operatives,27,26,1
S01011417,9. Elementary occupations,41,21,20
S01011418,All people aged 16 to 74 in employment,229,120,109
S01011418,1. Managers directors and senior officials,14,9,5
S01011418,2. Professional occupations,11,5,6
S01011418,3. Associate professional and technical occupations,22,17,5
S01011418,4. Administrative and secretarial occupations,25,4,21
S01011418,5. Skilled trades occupations,27,26,1
S01011418,6. Caring leisure and other service occupations,40,5,35
S01011418,7. Sales and customer service occupations,26,6,20
S01011418,8. Process plant and machine operatives,29,24,5
S01011418,9. Elementary occupations,35,24,11
S01011419,All people aged 16 to 74 in employment,255,139,116
S01011419,1. Managers directors and senior officials,15,9,6
S01011419,2. Professional occupations,24,14,10
S01011419,3. Associate professional and technical occupations,16,10,6
S01011419,4. Administrative and secretarial occupations,36,6,30
S01011419,5. Skilled trades occupations,41,37,4
S01011419,6. Caring leisure and other service occupations,36,6,30
S01011419,7. Sales and customer service occupations,26,8,18
S01011419,8. Process plant and machine operatives,29,28,1
S01011419,9. Elementary occupations,32,21,11
S01011420,All people aged 16 to 74 in employment,183,93,90
S01011420,1. Managers directors and senior officials,5,1,4
S01011420,2. Professional occupations,18,9,9
S01011420,3. Associate professional and technical occupations,13,8,5
S01011420,4. Administrative and secretarial occupations,21,8,13
S01011420,5. Skilled trades occupations,19,16,3
S01011420,6. Caring leisure and other service occupations,21,3,18
S01011420,7. Sales and customer service occupations,23,5,18
S01011420,8. Process plant and machine operatives,35,30,5
S01011420,9. Elementary occupations,28,13,15
S01011421,All people aged 16 to 74 in employment,318,157,161
S01011421,1. Managers directors and senior officials,38,22,16
S01011421,2. Professional occupations,54,20,34
S01011421,3. Associate professional and technical occupations,39,21,18
S01011421,4. Administrative and secretarial occupations,48,7,41
S01011421,5. Skilled trades occupations,35,34,1
S01011421,6. Caring leisure and other service occupations,28,4,24
S01011421,7. Sales and customer service occupations,31,11,20
S01011421,8. Process plant and machine operatives,24,23,1
S01011421,9. Elementary occupations,21,15,6
S01011422,All people aged 16 to 74 in employment,268,135,133
S01011422,1. Managers directors and senior officials,12,5,7
S01011422,2. Professional occupations,30,12,18
S01011422,3. Associate professional and technical occupations,22,10,12
S01011422,4. Administrative and secretarial occupations,21,4,17
S01011422,5. Skilled trades occupations,36,30,6
S01011422,6. Caring leisure and other service occupations,44,9,35
S01011422,7. Sales and customer service occupations,31,12,19
S01011422,8. Process plant and machine operatives,31,28,3
S01011422,9. Elementary occupations,41,25,16
S01011423,All people aged 16 to 74 in employment,171,97,74
S01011423,1. Managers directors and senior officials,9,6,3
S01011423,2. Professional occupations,25,10,15
S01011423,3. Associate professional and technical occupations,20,16,4
S01011423,4. Administrative and secretarial occupations,13,5,8
S01011423,5. Skilled trades occupations,19,19,0
S01011423,6. Caring leisure and other service occupations,23,4,19
S01011423,7. Sales and customer service occupations,12,3,9
S01011423,8. Process plant and machine operatives,19,19,0
S01011423,9. Elementary occupations,31,15,16
S01011424,All people aged 16 to 74 in employment,264,137,127
S01011424,1. Managers directors and senior officials,15,8,7
S01011424,2. Professional occupations,30,14,16
S01011424,3. Associate professional and technical occupations,14,5,9
S01011424,4. Administrative and secretarial occupations,23,4,19
S01011424,5. Skilled trades occupations,39,36,3
S01011424,6. Caring leisure and other service occupations,38,6,32
S01011424,7. Sales and customer service occupations,25,7,18
S01011424,8. Process plant and machine operatives,39,35,4
S01011424,9. Elementary occupations,41,22,19
S01011425,All people aged 16 to 74 in employment,334,172,162
S01011425,1. Managers directors and senior officials,22,14,8
S01011425,2. Professional occupations,49,19,30
S01011425,3. Associate professional and technical occupations,33,18,15
S01011425,4. Administrative and secretarial occupations,37,6,31
S01011425,5. Skilled trades occupations,46,41,5
S01011425,6. Caring leisure and other service occupations,33,4,29
S01011425,7. Sales and customer service occupations,33,11,22
S01011425,8. Process plant and machine operatives,44,41,3
S01011425,9. Elementary occupations,37,18,19
S01011426,All people aged 16 to 74 in employment,539,285,254
S01011426,1. Managers directors and senior officials,64,44,20
S01011426,2. Professional occupations,117,44,73
S01011426,3. Associate professional and technical occupations,79,42,37
S01011426,4. Administrative and secretarial occupations,52,4,48
S01011426,5. Skilled trades occupations,75,73,2
S01011426,6. Caring leisure and other service occupations,41,7,34
S01011426,7. Sales and customer service occupations,39,16,23
S01011426,8. Process plant and machine operatives,33,31,2
S01011426,9. Elementary occupations,39,24,15
S01011427,All people aged 16 to 74 in employment,293,167,126
S01011427,1. Managers directors and senior officials,20,13,7
S01011427,2. Professional occupations,42,21,21
S01011427,3. Associate professional and technical occupations,23,13,10
S01011427,4. Administrative and secretarial occupations,28,7,21
S01011427,5. Skilled trades occupations,44,43,1
S01011427,6. Caring leisure and other service occupations,32,8,24
S01011427,7. Sales and customer service occupations,29,8,21
S01011427,8. Process plant and machine operatives,36,32,4
S01011427,9. Elementary occupations,39,22,17
S01011428,All people aged 16 to 74 in employment,237,135,102
S01011428,1. Managers directors and senior officials,10,7,3
S01011428,2. Professional occupations,27,10,17
S01011428,3. Associate professional and technical occupations,23,13,10
S01011428,4. Administrative and secretarial occupations,26,5,21
S01011428,5. Skilled trades occupations,43,40,3
S01011428,6. Caring leisure and other service occupations,26,3,23
S01011428,7. Sales and customer service occupations,21,7,14
S01011428,8. Process plant and machine operatives,38,34,4
S01011428,9. Elementary occupations,23,16,7
S01011429,All people aged 16 to 74 in employment,471,295,176
S01011429,1. Managers directors and senior officials,40,29,11
S01011429,2. Professional occupations,73,24,49
S01011429,3. Associate professional and technical occupations,54,34,20
S01011429,4. Administrative and secretarial occupations,31,8,23
S01011429,5. Skilled trades occupations,73,68,5
S01011429,6. Caring leisure and other service occupations,42,9,33
S01011429,7. Sales and customer service occupations,31,11,20
S01011429,8. Process plant and machine operatives,47,38,9
S01011429,9. Elementary occupations,80,74,6
S01011430,All people aged 16 to 74 in employment,479,240,239
S01011430,1. Managers directors and senior officials,41,25,16
S01011430,2. Professional occupations,62,25,37
S01011430,3. Associate professional and technical occupations,61,34,27
S01011430,4. Administrative and secretarial occupations,73,15,58
S01011430,5. Skilled trades occupations,60,58,2
S01011430,6. Caring leisure and other service occupations,49,6,43
S01011430,7. Sales and customer service occupations,44,11,33
S01011430,8. Process plant and machine operatives,53,46,7
S01011430,9. Elementary occupations,36,20,16
S01011431,All people aged 16 to 74 in employment,471,252,219
S01011431,1. Managers directors and senior officials,26,18,8
S01011431,2. Professional occupations,38,14,24
S01011431,3. Associate professional and technical occupations,41,22,19
S01011431,4. Administrative and secretarial occupations,47,8,39
S01011431,5. Skilled trades occupations,77,71,6
S01011431,6. Caring leisure and other service occupations,60,13,47
S01011431,7. Sales and customer service occupations,50,14,36
S01011431,8. Process plant and machine operatives,63,54,9
S01011431,9. Elementary occupations,69,38,31
S01011432,All people aged 16 to 74 in employment,482,247,235
S01011432,1. Managers directors and senior officials,17,9,8
S01011432,2. Professional occupations,40,18,22
S01011432,3. Associate professional and technical occupations,51,31,20
S01011432,4. Administrative and secretarial occupations,64,14,50
S01011432,5. Skilled trades occupations,63,55,8
S01011432,6. Caring leisure and other service occupations,60,12,48
S01011432,7. Sales and customer service occupations,48,11,37
S01011432,8. Process plant and machine operatives,62,52,10
S01011432,9. Elementary occupations,77,45,32
S01011433,All people aged 16 to 74 in employment,349,170,179
S01011433,1. Managers directors and senior officials,9,5,4
S01011433,2. Professional occupations,15,4,11
S01011433,3. Associate professional and technical occupations,22,11,11
S01011433,4. Administrative and secretarial occupations,27,3,24
S01011433,5. Skilled trades occupations,50,42,8
S01011433,6. Caring leisure and other service occupations,50,7,43
S01011433,7. Sales and customer service occupations,34,7,27
S01011433,8. Process plant and machine operatives,75,54,21
S01011433,9. Elementary occupations,67,37,30
S01011434,All people aged 16 to 74 in employment,272,140,132
S01011434,1. Managers directors and senior officials,21,14,7
S01011434,2. Professional occupations,23,7,16
S01011434,3. Associate professional and technical occupations,34,21,13
S01011434,4. Administrative and secretarial occupations,35,5,30
S01011434,5. Skilled trades occupations,45,40,5
S01011434,6. Caring leisure and other service occupations,36,13,23
S01011434,7. Sales and customer service occupations,20,4,16
S01011434,8. Process plant and machine operatives,23,17,6
S01011434,9. Elementary occupations,35,19,16
S01011435,All people aged 16 to 74 in employment,500,253,247
S01011435,1. Managers directors and senior officials,36,26,10
S01011435,2. Professional occupations,103,39,64
S01011435,3. Associate professional and technical occupations,66,37,29
S01011435,4. Administrative and secretarial occupations,66,11,55
S01011435,5. Skilled trades occupations,60,60,0
S01011435,6. Caring leisure and other service occupations,44,6,38
S01011435,7. Sales and customer service occupations,45,15,30
S01011435,8. Process plant and machine operatives,42,37,5
S01011435,9. Elementary occupations,38,22,16
S01011436,All people aged 16 to 74 in employment,316,159,157
S01011436,1. Managers directors and senior officials,11,3,8
S01011436,2. Professional occupations,34,9,25
S01011436,3. Associate professional and technical occupations,26,12,14
S01011436,4. Administrative and secretarial occupations,31,3,28
S01011436,5. Skilled trades occupations,53,45,8
S01011436,6. Caring leisure and other service occupations,31,7,24
S01011436,7. Sales and customer service occupations,33,10,23
S01011436,8. Process plant and machine operatives,51,38,13
S01011436,9. Elementary occupations,46,32,14
S01011437,All people aged 16 to 74 in employment,311,163,148
S01011437,1. Managers directors and senior officials,14,9,5
S01011437,2. Professional occupations,29,12,17
S01011437,3. Associate professional and technical occupations,28,13,15
S01011437,4. Administrative and secretarial occupations,36,7,29
S01011437,5. Skilled trades occupations,49,48,1
S01011437,6. Caring leisure and other service occupations,34,6,28
S01011437,7. Sales and customer service occupations,27,6,21
S01011437,8. Process plant and machine operatives,53,39,14
S01011437,9. Elementary occupations,41,23,18
S01011438,All people aged 16 to 74 in employment,209,107,102
S01011438,1. Managers directors and senior officials,5,2,3
S01011438,2. Professional occupations,5,1,4
S01011438,3. Associate professional and technical occupations,10,6,4
S01011438,4. Administrative and secretarial occupations,21,3,18
S01011438,5. Skilled trades occupations,25,23,2
S01011438,6. Caring leisure and other service occupations,24,5,19
S01011438,7. Sales and customer service occupations,33,7,26
S01011438,8. Process plant and machine operatives,39,29,10
S01011438,9. Elementary occupations,47,31,16
S01011439,All people aged 16 to 74 in employment,395,213,182
S01011439,1. Managers directors and senior officials,20,8,12
S01011439,2. Professional occupations,35,12,23
S01011439,3. Associate professional and technical occupations,42,24,18
S01011439,4. Administrative and secretarial occupations,34,10,24
S01011439,5. Skilled trades occupations,47,43,4
S01011439,6. Caring leisure and other service occupations,59,15,44
S01011439,7. Sales and customer service occupations,38,10,28
S01011439,8. Process plant and machine operatives,59,51,8
S01011439,9. Elementary occupations,61,40,21
S01011440,All people aged 16 to 74 in employment,260,137,123
S01011440,1. Managers directors and senior officials,6,5,1
S01011440,2. Professional occupations,12,4,8
S01011440,3. Associate professional and technical occupations,19,11,8
S01011440,4. Administrative and secretarial occupations,25,7,18
S01011440,5. Skilled trades occupations,36,34,2
S01011440,6. Caring leisure and other service occupations,23,6,17
S01011440,7. Sales and customer service occupations,37,7,30
S01011440,8. Process plant and machine operatives,53,37,16
S01011440,9. Elementary occupations,49,26,23
S01011441,All people aged 16 to 74 in employment,354,182,172
S01011441,1. Managers directors and senior officials,21,12,9
S01011441,2. Professional occupations,21,7,14
S01011441,3. Associate professional and technical occupations,18,8,10
S01011441,4. Administrative and secretarial occupations,42,4,38
S01011441,5. Skilled trades occupations,53,46,7
S01011441,6. Caring leisure and other service occupations,24,6,18
S01011441,7. Sales and customer service occupations,45,9,36
S01011441,8. Process plant and machine operatives,65,46,19
S01011441,9. Elementary occupations,65,44,21
S01011442,All people aged 16 to 74 in employment,280,143,137
S01011442,1. Managers directors and senior officials,15,10,5
S01011442,2. Professional occupations,11,4,7
S01011442,3. Associate professional and technical occupations,23,11,12
S01011442,4. Administrative and secretarial occupations,38,4,34
S01011442,5. Skilled trades occupations,35,32,3
S01011442,6. Caring leisure and other service occupations,25,3,22
S01011442,7. Sales and customer service occupations,32,5,27
S01011442,8. Process plant and machine operatives,49,39,10
S01011442,9. Elementary occupations,52,35,17
S01011443,All people aged 16 to 74 in employment,254,131,123
S01011443,1. Managers directors and senior officials,19,6,13
S01011443,2. Professional occupations,16,4,12
S01011443,3. Associate professional and technical occupations,19,15,4
S01011443,4. Administrative and secretarial occupations,17,0,17
S01011443,5. Skilled trades occupations,24,22,2
S01011443,6. Caring leisure and other service occupations,22,5,17
S01011443,7. Sales and customer service occupations,38,10,28
S01011443,8. Process plant and machine operatives,51,40,11
S01011443,9. Elementary occupations,48,29,19
S01011444,All people aged 16 to 74 in employment,289,151,138
S01011444,1. Managers directors and senior officials,8,7,1
S01011444,2. Professional occupations,23,5,18
S01011444,3. Associate professional and technical occupations,27,12,15
S01011444,4. Administrative and secretarial occupations,26,4,22
S01011444,5. Skilled trades occupations,40,34,6
S01011444,6. Caring leisure and other service occupations,32,4,28
S01011444,7. Sales and customer service occupations,30,11,19
S01011444,8. Process plant and machine operatives,55,49,6
S01011444,9. Elementary occupations,48,25,23
S01011445,All people aged 16 to 74 in employment,252,132,120
S01011445,1. Managers directors and senior officials,19,12,7
S01011445,2. Professional occupations,48,21,27
S01011445,3. Associate professional and technical occupations,29,15,14
S01011445,4. Administrative and secretarial occupations,27,5,22
S01011445,5. Skilled trades occupations,29,26,3
S01011445,6. Caring leisure and other service occupations,22,1,21
S01011445,7. Sales and customer service occupations,14,3,11
S01011445,8. Process plant and machine operatives,36,34,2
S01011445,9. Elementary occupations,28,15,13
S01011446,All people aged 16 to 74 in employment,254,136,118
S01011446,1. Managers directors and senior officials,28,13,15
S01011446,2. Professional occupations,33,13,20
S01011446,3. Associate professional and technical occupations,19,13,6
S01011446,4. Administrative and secretarial occupations,36,4,32
S01011446,5. Skilled trades occupations,41,37,4
S01011446,6. Caring leisure and other service occupations,15,5,10
S01011446,7. Sales and customer service occupations,27,4,23
S01011446,8. Process plant and machine operatives,33,30,3
S01011446,9. Elementary occupations,22,17,5
S01011447,All people aged 16 to 74 in employment,385,186,199
S01011447,1. Managers directors and senior officials,21,13,8
S01011447,2. Professional occupations,30,10,20
S01011447,3. Associate professional and technical occupations,40,21,19
S01011447,4. Administrative and secretarial occupations,46,7,39
S01011447,5. Skilled trades occupations,42,42,0
S01011447,6. Caring leisure and other service occupations,64,4,60
S01011447,7. Sales and customer service occupations,40,12,28
S01011447,8. Process plant and machine operatives,54,49,5
S01011447,9. Elementary occupations,48,28,20
S01011448,All people aged 16 to 74 in employment,475,255,220
S01011448,1. Managers directors and senior officials,32,20,12
S01011448,2. Professional occupations,74,35,39
S01011448,3. Associate professional and technical occupations,47,25,22
S01011448,4. Administrative and secretarial occupations,53,14,39
S01011448,5. Skilled trades occupations,73,71,2
S01011448,6. Caring leisure and other service occupations,51,15,36
S01011448,7. Sales and customer service occupations,58,14,44
S01011448,8. Process plant and machine operatives,42,38,4
S01011448,9. Elementary occupations,45,23,22
S01011449,All people aged 16 to 74 in employment,225,132,93
S01011449,1. Managers directors and senior officials,10,4,6
S01011449,2. Professional occupations,18,9,9
S01011449,3. Associate professional and technical occupations,21,12,9
S01011449,4. Administrative and secretarial occupations,26,5,21
S01011449,5. Skilled trades occupations,36,34,2
S01011449,6. Caring leisure and other service occupations,29,6,23
S01011449,7. Sales and customer service occupations,12,3,9
S01011449,8. Process plant and machine operatives,32,29,3
S01011449,9. Elementary occupations,41,30,11
S01011450,All people aged 16 to 74 in employment,315,169,146
S01011450,1. Managers directors and senior officials,43,34,9
S01011450,2. Professional occupations,64,28,36
S01011450,3. Associate professional and technical occupations,43,22,21
S01011450,4. Administrative and secretarial occupations,44,6,38
S01011450,5. Skilled trades occupations,27,25,2
S01011450,6. Caring leisure and other service occupations,19,4,15
S01011450,7. Sales and customer service occupations,25,14,11
S01011450,8. Process plant and machine operatives,20,15,5
S01011450,9. Elementary occupations,30,21,9
S01011451,All people aged 16 to 74 in employment,387,212,175
S01011451,1. Managers directors and senior officials,80,53,27
S01011451,2. Professional occupations,72,34,38
S01011451,3. Associate professional and technical occupations,40,22,18
S01011451,4. Administrative and secretarial occupations,41,10,31
S01011451,5. Skilled trades occupations,42,40,2
S01011451,6. Caring leisure and other service occupations,26,4,22
S01011451,7. Sales and customer service occupations,38,13,25
S01011451,8. Process plant and machine operatives,22,20,2
S01011451,9. Elementary occupations,26,16,10
S01011452,All people aged 16 to 74 in employment,517,284,233
S01011452,1. Managers directors and senior officials,47,29,18
S01011452,2. Professional occupations,69,31,38
S01011452,3. Associate professional and technical occupations,64,35,29
S01011452,4. Administrative and secretarial occupations,78,19,59
S01011452,5. Skilled trades occupations,74,70,4
S01011452,6. Caring leisure and other service occupations,52,11,41
S01011452,7. Sales and customer service occupations,48,23,25
S01011452,8. Process plant and machine operatives,46,42,4
S01011452,9. Elementary occupations,39,24,15
S01011453,All people aged 16 to 74 in employment,320,174,146
S01011453,1. Managers directors and senior officials,19,15,4
S01011453,2. Professional occupations,45,14,31
S01011453,3. Associate professional and technical occupations,24,15,9
S01011453,4. Administrative and secretarial occupations,38,9,29
S01011453,5. Skilled trades occupations,45,42,3
S01011453,6. Caring leisure and other service occupations,30,15,15
S01011453,7. Sales and customer service occupations,44,11,33
S01011453,8. Process plant and machine operatives,41,37,4
S01011453,9. Elementary occupations,34,16,18
S01011454,All people aged 16 to 74 in employment,343,164,179
S01011454,1. Managers directors and senior officials,15,8,7
S01011454,2. Professional occupations,31,12,19
S01011454,3. Associate professional and technical occupations,26,13,13
S01011454,4. Administrative and secretarial occupations,35,3,32
S01011454,5. Skilled trades occupations,47,46,1
S01011454,6. Caring leisure and other service occupations,45,9,36
S01011454,7. Sales and customer service occupations,64,14,50
S01011454,8. Process plant and machine operatives,44,37,7
S01011454,9. Elementary occupations,36,22,14
S01011455,All people aged 16 to 74 in employment,300,144,156
S01011455,1. Managers directors and senior officials,8,6,2
S01011455,2. Professional occupations,25,7,18
S01011455,3. Associate professional and technical occupations,21,9,12
S01011455,4. Administrative and secretarial occupations,33,2,31
S01011455,5. Skilled trades occupations,37,32,5
S01011455,6. Caring leisure and other service occupations,26,4,22
S01011455,7. Sales and customer service occupations,40,6,34
S01011455,8. Process plant and machine operatives,45,40,5
S01011455,9. Elementary occupations,65,38,27
S01011456,All people aged 16 to 74 in employment,341,169,172
S01011456,1. Managers directors and senior officials,18,11,7
S01011456,2. Professional occupations,28,10,18
S01011456,3. Associate professional and technical occupations,32,9,23
S01011456,4. Administrative and secretarial occupations,28,6,22
S01011456,5. Skilled trades occupations,48,47,1
S01011456,6. Caring leisure and other service occupations,43,9,34
S01011456,7. Sales and customer service occupations,42,10,32
S01011456,8. Process plant and machine operatives,40,37,3
S01011456,9. Elementary occupations,62,30,32
S01011457,All people aged 16 to 74 in employment,411,206,205
S01011457,1. Managers directors and senior officials,8,5,3
S01011457,2. Professional occupations,33,15,18
S01011457,3. Associate professional and technical occupations,30,14,16
S01011457,4. Administrative and secretarial occupations,50,10,40
S01011457,5. Skilled trades occupations,53,49,4
S01011457,6. Caring leisure and other service occupations,57,15,42
S01011457,7. Sales and customer service occupations,53,13,40
S01011457,8. Process plant and machine operatives,42,35,7
S01011457,9. Elementary occupations,85,50,35
S01011458,All people aged 16 to 74 in employment,658,331,327
S01011458,1. Managers directors and senior officials,39,25,14
S01011458,2. Professional occupations,121,44,77
S01011458,3. Associate professional and technical occupations,77,49,28
S01011458,4. Administrative and secretarial occupations,83,12,71
S01011458,5. Skilled trades occupations,75,73,2
S01011458,6. Caring leisure and other service occupations,53,9,44
S01011458,7. Sales and customer service occupations,97,33,64
S01011458,8. Process plant and machine operatives,62,53,9
S01011458,9. Elementary occupations,51,33,18
S01011459,All people aged 16 to 74 in employment,561,273,288
S01011459,1. Managers directors and senior officials,46,28,18
S01011459,2. Professional occupations,77,30,47
S01011459,3. Associate professional and technical occupations,93,57,36
S01011459,4. Administrative and secretarial occupations,84,9,75
S01011459,5. Skilled trades occupations,57,53,4
S01011459,6. Caring leisure and other service occupations,54,9,45
S01011459,7. Sales and customer service occupations,71,27,44
S01011459,8. Process plant and machine operatives,40,35,5
S01011459,9. Elementary occupations,39,25,14
S01011460,All people aged 16 to 74 in employment,339,168,171
S01011460,1. Managers directors and senior officials,17,14,3
S01011460,2. Professional occupations,56,21,35
S01011460,3. Associate professional and technical occupations,32,19,13
S01011460,4. Administrative and secretarial occupations,42,6,36
S01011460,5. Skilled trades occupations,42,37,5
S01011460,6. Caring leisure and other service occupations,30,3,27
S01011460,7. Sales and customer service occupations,34,7,27
S01011460,8. Process plant and machine operatives,40,35,5
S01011460,9. Elementary occupations,46,26,20
S01011461,All people aged 16 to 74 in employment,340,168,172
S01011461,1. Managers directors and senior officials,16,7,9
S01011461,2. Professional occupations,21,7,14
S01011461,3. Associate professional and technical occupations,27,14,13
S01011461,4. Administrative and secretarial occupations,43,13,30
S01011461,5. Skilled trades occupations,49,43,6
S01011461,6. Caring leisure and other service occupations,42,8,34
S01011461,7. Sales and customer service occupations,49,15,34
S01011461,8. Process plant and machine operatives,43,34,9
S01011461,9. Elementary occupations,50,27,23
S01011462,All people aged 16 to 74 in employment,464,252,212
S01011462,1. Managers directors and senior officials,33,23,10
S01011462,2. Professional occupations,77,35,42
S01011462,3. Associate professional and technical occupations,61,42,19
S01011462,4. Administrative and secretarial occupations,53,11,42
S01011462,5. Skilled trades occupations,50,46,4
S01011462,6. Caring leisure and other service occupations,51,12,39
S01011462,7. Sales and customer service occupations,51,22,29
S01011462,8. Process plant and machine operatives,31,22,9
S01011462,9. Elementary occupations,57,39,18
S01011463,All people aged 16 to 74 in employment,340,181,159
S01011463,1. Managers directors and senior officials,21,13,8
S01011463,2. Professional occupations,46,13,33
S01011463,3. Associate professional and technical occupations,39,27,12
S01011463,4. Administrative and secretarial occupations,49,14,35
S01011463,5. Skilled trades occupations,42,38,4
S01011463,6. Caring leisure and other service occupations,34,7,27
S01011463,7. Sales and customer service occupations,33,13,20
S01011463,8. Process plant and machine operatives,40,36,4
S01011463,9. Elementary occupations,36,20,16
S01011464,All people aged 16 to 74 in employment,344,190,154
S01011464,1. Managers directors and senior officials,43,29,14
S01011464,2. Professional occupations,84,36,48
S01011464,3. Associate professional and technical occupations,53,30,23
S01011464,4. Administrative and secretarial occupations,40,9,31
S01011464,5. Skilled trades occupations,40,39,1
S01011464,6. Caring leisure and other service occupations,19,2,17
S01011464,7. Sales and customer service occupations,26,11,15
S01011464,8. Process plant and machine operatives,24,23,1
S01011464,9. Elementary occupations,15,11,4
S01011465,All people aged 16 to 74 in employment,198,110,88
S01011465,1. Managers directors and senior officials,6,3,3
S01011465,2. Professional occupations,8,3,5
S01011465,3. Associate professional and technical occupations,23,15,8
S01011465,4. Administrative and secretarial occupations,24,12,12
S01011465,5. Skilled trades occupations,26,25,1
S01011465,6. Caring leisure and other service occupations,20,6,14
S01011465,7. Sales and customer service occupations,28,4,24
S01011465,8. Process plant and machine operatives,25,22,3
S01011465,9. Elementary occupations,38,20,18
S01011466,All people aged 16 to 74 in employment,238,116,122
S01011466,1. Managers directors and senior officials,16,8,8
S01011466,2. Professional occupations,20,13,7
S01011466,3. Associate professional and technical occupations,26,10,16
S01011466,4. Administrative and secretarial occupations,24,4,20
S01011466,5. Skilled trades occupations,15,15,0
S01011466,6. Caring leisure and other service occupations,22,4,18
S01011466,7. Sales and customer service occupations,36,14,22
S01011466,8. Process plant and machine operatives,31,24,7
S01011466,9. Elementary occupations,48,24,24
S01011467,All people aged 16 to 74 in employment,261,135,126
S01011467,1. Managers directors and senior officials,22,14,8
S01011467,2. Professional occupations,44,20,24
S01011467,3. Associate professional and technical occupations,25,15,10
S01011467,4. Administrative and secretarial occupations,40,11,29
S01011467,5. Skilled trades occupations,21,19,2
S01011467,6. Caring leisure and other service occupations,21,5,16
S01011467,7. Sales and customer service occupations,32,11,21
S01011467,8. Process plant and machine operatives,22,20,2
S01011467,9. Elementary occupations,34,20,14
S01011468,All people aged 16 to 74 in employment,519,275,244
S01011468,1. Managers directors and senior officials,87,66,21
S01011468,2. Professional occupations,105,39,66
S01011468,3. Associate professional and technical occupations,85,43,42
S01011468,4. Administrative and secretarial occupations,53,6,47
S01011468,5. Skilled trades occupations,49,47,2
S01011468,6. Caring leisure and other service occupations,38,10,28
S01011468,7. Sales and customer service occupations,55,27,28
S01011468,8. Process plant and machine operatives,25,23,2
S01011468,9. Elementary occupations,22,14,8
S01011469,All people aged 16 to 74 in employment,353,184,169
S01011469,1. Managers directors and senior officials,22,11,11
S01011469,2. Professional occupations,35,17,18
S01011469,3. Associate professional and technical occupations,23,14,9
S01011469,4. Administrative and secretarial occupations,31,8,23
S01011469,5. Skilled trades occupations,44,39,5
S01011469,6. Caring leisure and other service occupations,42,8,34
S01011469,7. Sales and customer service occupations,46,17,29
S01011469,8. Process plant and machine operatives,49,40,9
S01011469,9. Elementary occupations,61,30,31
S01011470,All people aged 16 to 74 in employment,499,250,249
S01011470,1. Managers directors and senior officials,41,25,16
S01011470,2. Professional occupations,61,19,42
S01011470,3. Associate professional and technical occupations,55,30,25
S01011470,4. Administrative and secretarial occupations,69,20,49
S01011470,5. Skilled trades occupations,54,50,4
S01011470,6. Caring leisure and other service occupations,50,4,46
S01011470,7. Sales and customer service occupations,49,14,35
S01011470,8. Process plant and machine operatives,60,50,10
S01011470,9. Elementary occupations,60,38,22
S01011471,All people aged 16 to 74 in employment,390,203,187
S01011471,1. Managers directors and senior officials,29,18,11
S01011471,2. Professional occupations,56,28,28
S01011471,3. Associate professional and technical occupations,48,23,25
S01011471,4. Administrative and secretarial occupations,63,12,51
S01011471,5. Skilled trades occupations,46,45,1
S01011471,6. Caring leisure and other service occupations,35,9,26
S01011471,7. Sales and customer service occupations,40,13,27
S01011471,8. Process plant and machine operatives,30,29,1
S01011471,9. Elementary occupations,43,26,17
S01011472,All people aged 16 to 74 in employment,341,182,159
S01011472,1. Managers directors and senior officials,14,6,8
S01011472,2. Professional occupations,30,12,18
S01011472,3. Associate professional and technical occupations,42,23,19
S01011472,4. Administrative and secretarial occupations,41,9,32
S01011472,5. Skilled trades occupations,42,41,1
S01011472,6. Caring leisure and other service occupations,34,9,25
S01011472,7. Sales and customer service occupations,40,11,29
S01011472,8. Process plant and machine operatives,44,34,10
S01011472,9. Elementary occupations,54,37,17
S01011473,All people aged 16 to 74 in employment,218,117,101
S01011473,1. Managers directors and senior officials,3,1,2
S01011473,2. Professional occupations,17,11,6
S01011473,3. Associate professional and technical occupations,19,12,7
S01011473,4. Administrative and secretarial occupations,26,5,21
S01011473,5. Skilled trades occupations,26,23,3
S01011473,6. Caring leisure and other service occupations,23,4,19
S01011473,7. Sales and customer service occupations,31,10,21
S01011473,8. Process plant and machine operatives,27,23,4
S01011473,9. Elementary occupations,46,28,18
S01011474,All people aged 16 to 74 in employment,282,157,125
S01011474,1. Managers directors and senior officials,16,10,6
S01011474,2. Professional occupations,23,10,13
S01011474,3. Associate professional and technical occupations,32,20,12
S01011474,4. Administrative and secretarial occupations,41,12,29
S01011474,5. Skilled trades occupations,39,34,5
S01011474,6. Caring leisure and other service occupations,27,6,21
S01011474,7. Sales and customer service occupations,29,10,19
S01011474,8. Process plant and machine operatives,30,28,2
S01011474,9. Elementary occupations,45,27,18
S01011475,All people aged 16 to 74 in employment,191,99,92
S01011475,1. Managers directors and senior officials,5,4,1
S01011475,2. Professional occupations,19,8,11
S01011475,3. Associate professional and technical occupations,19,12,7
S01011475,4. Administrative and secretarial occupations,23,6,17
S01011475,5. Skilled trades occupations,20,17,3
S01011475,6. Caring leisure and other service occupations,30,12,18
S01011475,7. Sales and customer service occupations,23,4,19
S01011475,8. Process plant and machine operatives,21,19,2
S01011475,9. Elementary occupations,31,17,14
S01011476,All people aged 16 to 74 in employment,273,130,143
S01011476,1. Managers directors and senior officials,27,15,12
S01011476,2. Professional occupations,59,23,36
S01011476,3. Associate professional and technical occupations,40,24,16
S01011476,4. Administrative and secretarial occupations,50,14,36
S01011476,5. Skilled trades occupations,23,21,2
S01011476,6. Caring leisure and other service occupations,15,4,11
S01011476,7. Sales and customer service occupations,25,4,21
S01011476,8. Process plant and machine operatives,15,15,0
S01011476,9. Elementary occupations,19,10,9
S01011477,All people aged 16 to 74 in employment,423,217,206
S01011477,1. Managers directors and senior officials,38,28,10
S01011477,2. Professional occupations,85,40,45
S01011477,3. Associate professional and technical occupations,76,44,32
S01011477,4. Administrative and secretarial occupations,78,6,72
S01011477,5. Skilled trades occupations,40,38,2
S01011477,6. Caring leisure and other service occupations,26,10,16
S01011477,7. Sales and customer service occupations,42,19,23
S01011477,8. Process plant and machine operatives,17,17,0
S01011477,9. Elementary occupations,21,15,6
S01011478,All people aged 16 to 74 in employment,565,300,265
S01011478,1. Managers directors and senior officials,70,53,17
S01011478,2. Professional occupations,152,73,79
S01011478,3. Associate professional and technical occupations,88,56,32
S01011478,4. Administrative and secretarial occupations,78,17,61
S01011478,5. Skilled trades occupations,58,52,6
S01011478,6. Caring leisure and other service occupations,25,3,22
S01011478,7. Sales and customer service occupations,48,18,30
S01011478,8. Process plant and machine operatives,20,16,4
S01011478,9. Elementary occupations,26,12,14
S01011479,All people aged 16 to 74 in employment,405,202,203
S01011479,1. Managers directors and senior officials,34,21,13
S01011479,2. Professional occupations,95,37,58
S01011479,3. Associate professional and technical occupations,69,50,19
S01011479,4. Administrative and secretarial occupations,61,12,49
S01011479,5. Skilled trades occupations,31,29,2
S01011479,6. Caring leisure and other service occupations,32,7,25
S01011479,7. Sales and customer service occupations,43,15,28
S01011479,8. Process plant and machine operatives,23,21,2
S01011479,9. Elementary occupations,17,10,7
S01011480,All people aged 16 to 74 in employment,538,283,255
S01011480,1. Managers directors and senior officials,60,41,19
S01011480,2. Professional occupations,168,73,95
S01011480,3. Associate professional and technical occupations,89,53,36
S01011480,4. Administrative and secretarial occupations,52,17,35
S01011480,5. Skilled trades occupations,39,36,3
S01011480,6. Caring leisure and other service occupations,32,10,22
S01011480,7. Sales and customer service occupations,55,23,32
S01011480,8. Process plant and machine operatives,18,17,1
S01011480,9. Elementary occupations,25,13,12
S01011481,All people aged 16 to 74 in employment,446,225,221
S01011481,1. Managers directors and senior officials,38,24,14
S01011481,2. Professional occupations,80,36,44
S01011481,3. Associate professional and technical occupations,82,49,33
S01011481,4. Administrative and secretarial occupations,56,4,52
S01011481,5. Skilled trades occupations,37,35,2
S01011481,6. Caring leisure and other service occupations,35,7,28
S01011481,7. Sales and customer service occupations,43,13,30
S01011481,8. Process plant and machine operatives,39,36,3
S01011481,9. Elementary occupations,36,21,15
S01011482,All people aged 16 to 74 in employment,368,186,182
S01011482,1. Managers directors and senior officials,23,10,13
S01011482,2. Professional occupations,53,23,30
S01011482,3. Associate professional and technical occupations,47,31,16
S01011482,4. Administrative and secretarial occupations,53,17,36
S01011482,5. Skilled trades occupations,45,42,3
S01011482,6. Caring leisure and other service occupations,37,9,28
S01011482,7. Sales and customer service occupations,36,8,28
S01011482,8. Process plant and machine operatives,31,26,5
S01011482,9. Elementary occupations,43,20,23
S01011483,All people aged 16 to 74 in employment,291,150,141
S01011483,1. Managers directors and senior officials,28,17,11
S01011483,2. Professional occupations,76,29,47
S01011483,3. Associate professional and technical occupations,43,28,15
S01011483,4. Administrative and secretarial occupations,45,13,32
S01011483,5. Skilled trades occupations,27,25,2
S01011483,6. Caring leisure and other service occupations,14,2,12
S01011483,7. Sales and customer service occupations,25,8,17
S01011483,8. Process plant and machine operatives,19,18,1
S01011483,9. Elementary occupations,14,10,4
S01011484,All people aged 16 to 74 in employment,353,177,176
S01011484,1. Managers directors and senior officials,15,8,7
S01011484,2. Professional occupations,26,11,15
S01011484,3. Associate professional and technical occupations,34,20,14
S01011484,4. Administrative and secretarial occupations,34,6,28
S01011484,5. Skilled trades occupations,44,40,4
S01011484,6. Caring leisure and other service occupations,59,17,42
S01011484,7. Sales and customer service occupations,44,12,32
S01011484,8. Process plant and machine operatives,30,27,3
S01011484,9. Elementary occupations,67,36,31
S01011485,All people aged 16 to 74 in employment,340,168,172
S01011485,1. Managers directors and senior officials,15,6,9
S01011485,2. Professional occupations,23,9,14
S01011485,3. Associate professional and technical occupations,20,12,8
S01011485,4. Administrative and secretarial occupations,37,12,25
S01011485,5. Skilled trades occupations,37,32,5
S01011485,6. Caring leisure and other service occupations,62,14,48
S01011485,7. Sales and customer service occupations,48,17,31
S01011485,8. Process plant and machine operatives,35,33,2
S01011485,9. Elementary occupations,63,33,30
S01011486,All people aged 16 to 74 in employment,181,94,87
S01011486,1. Managers directors and senior officials,11,6,5
S01011486,2. Professional occupations,8,4,4
S01011486,3. Associate professional and technical occupations,16,10,6
S01011486,4. Administrative and secretarial occupations,17,3,14
S01011486,5. Skilled trades occupations,18,16,2
S01011486,6. Caring leisure and other service occupations,21,4,17
S01011486,7. Sales and customer service occupations,22,7,15
S01011486,8. Process plant and machine operatives,28,25,3
S01011486,9. Elementary occupations,40,19,21
S01011487,All people aged 16 to 74 in employment,487,233,254
S01011487,1. Managers directors and senior officials,23,15,8
S01011487,2. Professional occupations,39,19,20
S01011487,3. Associate professional and technical occupations,44,23,21
S01011487,4. Administrative and secretarial occupations,55,6,49
S01011487,5. Skilled trades occupations,57,54,3
S01011487,6. Caring leisure and other service occupations,79,18,61
S01011487,7. Sales and customer service occupations,74,20,54
S01011487,8. Process plant and machine operatives,47,45,2
S01011487,9. Elementary occupations,69,33,36
S01011488,All people aged 16 to 74 in employment,239,123,116
S01011488,1. Managers directors and senior officials,11,4,7
S01011488,2. Professional occupations,17,9,8
S01011488,3. Associate professional and technical occupations,16,8,8
S01011488,4. Administrative and secretarial occupations,22,3,19
S01011488,5. Skilled trades occupations,29,28,1
S01011488,6. Caring leisure and other service occupations,32,6,26
S01011488,7. Sales and customer service occupations,28,9,19
S01011488,8. Process plant and machine operatives,28,21,7
S01011488,9. Elementary occupations,56,35,21
S01011489,All people aged 16 to 74 in employment,425,217,208
S01011489,1. Managers directors and senior officials,44,30,14
S01011489,2. Professional occupations,56,22,34
S01011489,3. Associate professional and technical occupations,60,31,29
S01011489,4. Administrative and secretarial occupations,53,13,40
S01011489,5. Skilled trades occupations,44,42,2
S01011489,6. Caring leisure and other service occupations,42,7,35
S01011489,7. Sales and customer service occupations,52,16,36
S01011489,8. Process plant and machine operatives,39,37,2
S01011489,9. Elementary occupations,35,19,16
S01011490,All people aged 16 to 74 in employment,477,228,249
S01011490,1. Managers directors and senior officials,25,13,12
S01011490,2. Professional occupations,60,19,41
S01011490,3. Associate professional and technical occupations,52,31,21
S01011490,4. Administrative and secretarial occupations,74,17,57
S01011490,5. Skilled trades occupations,57,54,3
S01011490,6. Caring leisure and other service occupations,52,6,46
S01011490,7. Sales and customer service occupations,38,7,31
S01011490,8. Process plant and machine operatives,57,45,12
S01011490,9. Elementary occupations,62,36,26
S01011491,All people aged 16 to 74 in employment,210,99,111
S01011491,1. Managers directors and senior officials,7,6,1
S01011491,2. Professional occupations,14,4,10
S01011491,3. Associate professional and technical occupations,18,10,8
S01011491,4. Administrative and secretarial occupations,19,1,18
S01011491,5. Skilled trades occupations,23,21,2
S01011491,6. Caring leisure and other service occupations,34,7,27
S01011491,7. Sales and customer service occupations,25,6,19
S01011491,8. Process plant and machine operatives,33,28,5
S01011491,9. Elementary occupations,37,16,21
S01011492,All people aged 16 to 74 in employment,334,189,145
S01011492,1. Managers directors and senior officials,13,6,7
S01011492,2. Professional occupations,31,15,16
S01011492,3. Associate professional and technical occupations,26,17,9
S01011492,4. Administrative and secretarial occupations,32,8,24
S01011492,5. Skilled trades occupations,48,46,2
S01011492,6. Caring leisure and other service occupations,33,8,25
S01011492,7. Sales and customer service occupations,34,15,19
S01011492,8. Process plant and machine operatives,39,30,9
S01011492,9. Elementary occupations,78,44,34
S01011493,All people aged 16 to 74 in employment,328,163,165
S01011493,1. Managers directors and senior officials,31,20,11
S01011493,2. Professional occupations,61,19,42
S01011493,3. Associate professional and technical occupations,51,28,23
S01011493,4. Administrative and secretarial occupations,56,9,47
S01011493,5. Skilled trades occupations,42,40,2
S01011493,6. Caring leisure and other service occupations,20,5,15
S01011493,7. Sales and customer service occupations,32,13,19
S01011493,8. Process plant and machine operatives,20,19,1
S01011493,9. Elementary occupations,15,10,5
S01011494,All people aged 16 to 74 in employment,338,167,171
S01011494,1. Managers directors and senior officials,13,5,8
S01011494,2. Professional occupations,30,16,14
S01011494,3. Associate professional and technical occupations,37,20,17
S01011494,4. Administrative and secretarial occupations,50,6,44
S01011494,5. Skilled trades occupations,24,22,2
S01011494,6. Caring leisure and other service occupations,34,10,24
S01011494,7. Sales and customer service occupations,36,7,29
S01011494,8. Process plant and machine operatives,48,39,9
S01011494,9. Elementary occupations,66,42,24
S01011495,All people aged 16 to 74 in employment,328,165,163
S01011495,1. Managers directors and senior officials,24,13,11
S01011495,2. Professional occupations,24,6,18
S01011495,3. Associate professional and technical occupations,25,19,6
S01011495,4. Administrative and secretarial occupations,43,12,31
S01011495,5. Skilled trades occupations,45,44,1
S01011495,6. Caring leisure and other service occupations,46,12,34
S01011495,7. Sales and customer service occupations,45,9,36
S01011495,8. Process plant and machine operatives,29,25,4
S01011495,9. Elementary occupations,47,25,22
S01011496,All people aged 16 to 74 in employment,259,134,125
S01011496,1. Managers directors and senior officials,10,5,5
S01011496,2. Professional occupations,16,8,8
S01011496,3. Associate professional and technical occupations,11,6,5
S01011496,4. Administrative and secretarial occupations,17,1,16
S01011496,5. Skilled trades occupations,31,28,3
S01011496,6. Caring leisure and other service occupations,46,7,39
S01011496,7. Sales and customer service occupations,19,8,11
S01011496,8. Process plant and machine operatives,51,41,10
S01011496,9. Elementary occupations,58,30,28
S01011497,All people aged 16 to 74 in employment,358,193,165
S01011497,1. Managers directors and senior officials,36,22,14
S01011497,2. Professional occupations,53,23,30
S01011497,3. Associate professional and technical occupations,44,28,16
S01011497,4. Administrative and secretarial occupations,58,8,50
S01011497,5. Skilled trades occupations,38,38,0
S01011497,6. Caring leisure and other service occupations,25,8,17
S01011497,7. Sales and customer service occupations,43,19,24
S01011497,8. Process plant and machine operatives,33,28,5
S01011497,9. Elementary occupations,28,19,9
S01011498,All people aged 16 to 74 in employment,421,228,193
S01011498,1. Managers directors and senior officials,28,21,7
S01011498,2. Professional occupations,59,28,31
S01011498,3. Associate professional and technical occupations,58,40,18
S01011498,4. Administrative and secretarial occupations,74,15,59
S01011498,5. Skilled trades occupations,52,45,7
S01011498,6. Caring leisure and other service occupations,29,5,24
S01011498,7. Sales and customer service occupations,35,7,28
S01011498,8. Process plant and machine operatives,49,44,5
S01011498,9. Elementary occupations,37,23,14
S01011499,All people aged 16 to 74 in employment,451,237,214
S01011499,1. Managers directors and senior officials,35,24,11
S01011499,2. Professional occupations,49,24,25
S01011499,3. Associate professional and technical occupations,54,30,24
S01011499,4. Administrative and secretarial occupations,60,10,50
S01011499,5. Skilled trades occupations,61,59,2
S01011499,6. Caring leisure and other service occupations,36,3,33
S01011499,7. Sales and customer service occupations,67,27,40
S01011499,8. Process plant and machine operatives,41,36,5
S01011499,9. Elementary occupations,48,24,24
S01011500,All people aged 16 to 74 in employment,259,133,126
S01011500,1. Managers directors and senior officials,19,14,5
S01011500,2. Professional occupations,20,4,16
S01011500,3. Associate professional and technical occupations,30,18,12
S01011500,4. Administrative and secretarial occupations,41,10,31
S01011500,5. Skilled trades occupations,39,35,4
S01011500,6. Caring leisure and other service occupations,16,2,14
S01011500,7. Sales and customer service occupations,30,7,23
S01011500,8. Process plant and machine operatives,30,23,7
S01011500,9. Elementary occupations,34,20,14
S01011501,All people aged 16 to 74 in employment,267,127,140
S01011501,1. Managers directors and senior officials,12,6,6
S01011501,2. Professional occupations,17,5,12
S01011501,3. Associate professional and technical occupations,11,9,2
S01011501,4. Administrative and secretarial occupations,20,1,19
S01011501,5. Skilled trades occupations,35,29,6
S01011501,6. Caring leisure and other service occupations,41,8,33
S01011501,7. Sales and customer service occupations,29,7,22
S01011501,8. Process plant and machine operatives,40,32,8
S01011501,9. Elementary occupations,62,30,32
S01011502,All people aged 16 to 74 in employment,353,183,170
S01011502,1. Managers directors and senior officials,26,16,10
S01011502,2. Professional occupations,18,10,8
S01011502,3. Associate professional and technical occupations,24,10,14
S01011502,4. Administrative and secretarial occupations,38,9,29
S01011502,5. Skilled trades occupations,52,46,6
S01011502,6. Caring leisure and other service occupations,43,8,35
S01011502,7. Sales and customer service occupations,40,9,31
S01011502,8. Process plant and machine operatives,46,37,9
S01011502,9. Elementary occupations,66,38,28
S01011503,All people aged 16 to 74 in employment,284,145,139
S01011503,1. Managers directors and senior officials,15,11,4
S01011503,2. Professional occupations,27,7,20
S01011503,3. Associate professional and technical occupations,18,14,4
S01011503,4. Administrative and secretarial occupations,34,9,25
S01011503,5. Skilled trades occupations,29,28,1
S01011503,6. Caring leisure and other service occupations,29,2,27
S01011503,7. Sales and customer service occupations,33,5,28
S01011503,8. Process plant and machine operatives,45,39,6
S01011503,9. Elementary occupations,54,30,24
S01011504,All people aged 16 to 74 in employment,255,141,114
S01011504,1. Managers directors and senior officials,16,10,6
S01011504,2. Professional occupations,30,12,18
S01011504,3. Associate professional and technical occupations,23,20,3
S01011504,4. Administrative and secretarial occupations,31,6,25
S01011504,5. Skilled trades occupations,36,32,4
S01011504,6. Caring leisure and other service occupations,24,4,20
S01011504,7. Sales and customer service occupations,26,9,17
S01011504,8. Process plant and machine operatives,32,28,4
S01011504,9. Elementary occupations,37,20,17
S01011505,All people aged 16 to 74 in employment,300,156,144
S01011505,1. Managers directors and senior officials,19,12,7
S01011505,2. Professional occupations,33,21,12
S01011505,3. Associate professional and technical occupations,28,11,17
S01011505,4. Administrative and secretarial occupations,34,8,26
S01011505,5. Skilled trades occupations,32,30,2
S01011505,6. Caring leisure and other service occupations,26,1,25
S01011505,7. Sales and customer service occupations,45,14,31
S01011505,8. Process plant and machine operatives,32,30,2
S01011505,9. Elementary occupations,51,29,22
S01011506,All people aged 16 to 74 in employment,220,108,112
S01011506,1. Managers directors and senior officials,14,10,4
S01011506,2. Professional occupations,31,10,21
S01011506,3. Associate professional and technical occupations,27,13,14
S01011506,4. Administrative and secretarial occupations,22,4,18
S01011506,5. Skilled trades occupations,23,20,3
S01011506,6. Caring leisure and other service occupations,21,3,18
S01011506,7. Sales and customer service occupations,29,8,21
S01011506,8. Process plant and machine operatives,27,23,4
S01011506,9. Elementary occupations,26,17,9
S01011507,All people aged 16 to 74 in employment,278,144,134
S01011507,1. Managers directors and senior officials,18,9,9
S01011507,2. Professional occupations,29,12,17
S01011507,3. Associate professional and technical occupations,21,13,8
S01011507,4. Administrative and secretarial occupations,27,5,22
S01011507,5. Skilled trades occupations,37,34,3
S01011507,6. Caring leisure and other service occupations,23,6,17
S01011507,7. Sales and customer service occupations,35,8,27
S01011507,8. Process plant and machine operatives,38,27,11
S01011507,9. Elementary occupations,50,30,20
S01011508,All people aged 16 to 74 in employment,528,278,250
S01011508,1. Managers directors and senior officials,38,23,15
S01011508,2. Professional occupations,73,26,47
S01011508,3. Associate professional and technical occupations,72,43,29
S01011508,4. Administrative and secretarial occupations,65,8,57
S01011508,5. Skilled trades occupations,55,48,7
S01011508,6. Caring leisure and other service occupations,28,7,21
S01011508,7. Sales and customer service occupations,49,15,34
S01011508,8. Process plant and machine operatives,62,56,6
S01011508,9. Elementary occupations,86,52,34
S01011509,All people aged 16 to 74 in employment,320,178,142
S01011509,1. Managers directors and senior officials,18,12,6
S01011509,2. Professional occupations,31,14,17
S01011509,3. Associate professional and technical occupations,32,20,12
S01011509,4. Administrative and secretarial occupations,37,4,33
S01011509,5. Skilled trades occupations,45,43,2
S01011509,6. Caring leisure and other service occupations,32,4,28
S01011509,7. Sales and customer service occupations,29,10,19
S01011509,8. Process plant and machine operatives,53,44,9
S01011509,9. Elementary occupations,43,27,16
S01011510,All people aged 16 to 74 in employment,431,206,225
S01011510,1. Managers directors and senior officials,28,19,9
S01011510,2. Professional occupations,38,11,27
S01011510,3. Associate professional and technical occupations,35,20,15
S01011510,4. Administrative and secretarial occupations,63,10,53
S01011510,5. Skilled trades occupations,47,45,2
S01011510,6. Caring leisure and other service occupations,59,12,47
S01011510,7. Sales and customer service occupations,43,10,33
S01011510,8. Process plant and machine operatives,63,48,15
S01011510,9. Elementary occupations,55,31,24
S01011511,All people aged 16 to 74 in employment,211,101,110
S01011511,1. Managers directors and senior officials,4,2,2
S01011511,2. Professional occupations,12,3,9
S01011511,3. Associate professional and technical occupations,15,10,5
S01011511,4. Administrative and secretarial occupations,21,4,17
S01011511,5. Skilled trades occupations,15,13,2
S01011511,6. Caring leisure and other service occupations,31,6,25
S01011511,7. Sales and customer service occupations,31,4,27
S01011511,8. Process plant and machine operatives,24,19,5
S01011511,9. Elementary occupations,58,40,18
S01011512,All people aged 16 to 74 in employment,310,150,160
S01011512,1. Managers directors and senior officials,6,4,2
S01011512,2. Professional occupations,19,6,13
S01011512,3. Associate professional and technical occupations,32,18,14
S01011512,4. Administrative and secretarial occupations,35,5,30
S01011512,5. Skilled trades occupations,31,28,3
S01011512,6. Caring leisure and other service occupations,35,4,31
S01011512,7. Sales and customer service occupations,39,12,27
S01011512,8. Process plant and machine operatives,46,36,10
S01011512,9. Elementary occupations,67,37,30
S01011513,All people aged 16 to 74 in employment,305,150,155
S01011513,1. Managers directors and senior officials,14,5,9
S01011513,2. Professional occupations,20,5,15
S01011513,3. Associate professional and technical occupations,24,14,10
S01011513,4. Administrative and secretarial occupations,21,4,17
S01011513,5. Skilled trades occupations,43,37,6
S01011513,6. Caring leisure and other service occupations,44,7,37
S01011513,7. Sales and customer service occupations,40,13,27
S01011513,8. Process plant and machine operatives,44,37,7
S01011513,9. Elementary occupations,55,28,27
S01011514,All people aged 16 to 74 in employment,396,197,199
S01011514,1. Managers directors and senior officials,21,11,10
S01011514,2. Professional occupations,17,5,12
S01011514,3. Associate professional and technical occupations,25,10,15
S01011514,4. Administrative and secretarial occupations,38,15,23
S01011514,5. Skilled trades occupations,48,43,5
S01011514,6. Caring leisure and other service occupations,48,6,42
S01011514,7. Sales and customer service occupations,49,12,37
S01011514,8. Process plant and machine operatives,65,49,16
S01011514,9. Elementary occupations,85,46,39
S01011515,All people aged 16 to 74 in employment,312,151,161
S01011515,1. Managers directors and senior officials,20,12,8
S01011515,2. Professional occupations,31,5,26
S01011515,3. Associate professional and technical occupations,33,16,17
S01011515,4. Administrative and secretarial occupations,51,11,40
S01011515,5. Skilled trades occupations,40,38,2
S01011515,6. Caring leisure and other service occupations,29,7,22
S01011515,7. Sales and customer service occupations,33,6,27
S01011515,8. Process plant and machine operatives,39,28,11
S01011515,9. Elementary occupations,36,28,8
S01011516,All people aged 16 to 74 in employment,532,279,253
S01011516,1. Managers directors and senior officials,50,29,21
S01011516,2. Professional occupations,85,33,52
S01011516,3. Associate professional and technical occupations,66,38,28
S01011516,4. Administrative and secretarial occupations,81,21,60
S01011516,5. Skilled trades occupations,64,61,3
S01011516,6. Caring leisure and other service occupations,46,9,37
S01011516,7. Sales and customer service occupations,51,17,34
S01011516,8. Process plant and machine operatives,51,41,10
S01011516,9. Elementary occupations,38,30,8
S01011517,All people aged 16 to 74 in employment,259,132,127
S01011517,1. Managers directors and senior officials,22,12,10
S01011517,2. Professional occupations,25,10,15
S01011517,3. Associate professional and technical occupations,20,13,7
S01011517,4. Administrative and secretarial occupations,30,8,22
S01011517,5. Skilled trades occupations,32,29,3
S01011517,6. Caring leisure and other service occupations,32,5,27
S01011517,7. Sales and customer service occupations,24,7,17
S01011517,8. Process plant and machine operatives,33,27,6
S01011517,9. Elementary occupations,41,21,20
S01011518,All people aged 16 to 74 in employment,242,141,101
S01011518,1. Managers directors and senior officials,10,7,3
S01011518,2. Professional occupations,10,5,5
S01011518,3. Associate professional and technical occupations,16,7,9
S01011518,4. Administrative and secretarial occupations,20,8,12
S01011518,5. Skilled trades occupations,44,43,1
S01011518,6. Caring leisure and other service occupations,36,6,30
S01011518,7. Sales and customer service occupations,23,7,16
S01011518,8. Process plant and machine operatives,31,24,7
S01011518,9. Elementary occupations,52,34,18
S01011519,All people aged 16 to 74 in employment,347,184,163
S01011519,1. Managers directors and senior officials,23,16,7
S01011519,2. Professional occupations,19,6,13
S01011519,3. Associate professional and technical occupations,27,16,11
S01011519,4. Administrative and secretarial occupations,28,7,21
S01011519,5. Skilled trades occupations,35,31,4
S01011519,6. Caring leisure and other service occupations,35,7,28
S01011519,7. Sales and customer service occupations,43,9,34
S01011519,8. Process plant and machine operatives,61,47,14
S01011519,9. Elementary occupations,76,45,31
S01011520,All people aged 16 to 74 in employment,218,103,115
S01011520,1. Managers directors and senior officials,9,4,5
S01011520,2. Professional occupations,12,4,8
S01011520,3. Associate professional and technical occupations,11,5,6
S01011520,4. Administrative and secretarial occupations,22,4,18
S01011520,5. Skilled trades occupations,28,25,3
S01011520,6. Caring leisure and other service occupations,18,5,13
S01011520,7. Sales and customer service occupations,29,7,22
S01011520,8. Process plant and machine operatives,25,18,7
S01011520,9. Elementary occupations,64,31,33
S01011521,All people aged 16 to 74 in employment,386,207,179
S01011521,1. Managers directors and senior officials,25,19,6
S01011521,2. Professional occupations,36,10,26
S01011521,3. Associate professional and technical occupations,38,23,15
S01011521,4. Administrative and secretarial occupations,57,20,37
S01011521,5. Skilled trades occupations,40,36,4
S01011521,6. Caring leisure and other service occupations,39,9,30
S01011521,7. Sales and customer service occupations,39,15,24
S01011521,8. Process plant and machine operatives,39,33,6
S01011521,9. Elementary occupations,73,42,31
S01011522,All people aged 16 to 74 in employment,403,200,203
S01011522,1. Managers directors and senior officials,15,8,7
S01011522,2. Professional occupations,38,13,25
S01011522,3. Associate professional and technical occupations,47,26,21
S01011522,4. Administrative and secretarial occupations,47,12,35
S01011522,5. Skilled trades occupations,42,37,5
S01011522,6. Caring leisure and other service occupations,46,6,40
S01011522,7. Sales and customer service occupations,50,16,34
S01011522,8. Process plant and machine operatives,52,45,7
S01011522,9. Elementary occupations,66,37,29
S01011523,All people aged 16 to 74 in employment,368,203,165
S01011523,1. Managers directors and senior officials,18,11,7
S01011523,2. Professional occupations,30,13,17
S01011523,3. Associate professional and technical occupations,26,11,15
S01011523,4. Administrative and secretarial occupations,30,5,25
S01011523,5. Skilled trades occupations,54,50,4
S01011523,6. Caring leisure and other service occupations,36,7,29
S01011523,7. Sales and customer service occupations,40,13,27
S01011523,8. Process plant and machine operatives,54,43,11
S01011523,9. Elementary occupations,80,50,30
S01011524,All people aged 16 to 74 in employment,529,272,257
S01011524,1. Managers directors and senior officials,41,22,19
S01011524,2. Professional occupations,63,28,35
S01011524,3. Associate professional and technical occupations,60,37,23
S01011524,4. Administrative and secretarial occupations,87,17,70
S01011524,5. Skilled trades occupations,62,59,3
S01011524,6. Caring leisure and other service occupations,50,11,39
S01011524,7. Sales and customer service occupations,55,16,39
S01011524,8. Process plant and machine operatives,55,47,8
S01011524,9. Elementary occupations,56,35,21
S01011525,All people aged 16 to 74 in employment,483,245,238
S01011525,1. Managers directors and senior officials,40,27,13
S01011525,2. Professional occupations,65,27,38
S01011525,3. Associate professional and technical occupations,49,23,26
S01011525,4. Administrative and secretarial occupations,64,13,51
S01011525,5. Skilled trades occupations,61,55,6
S01011525,6. Caring leisure and other service occupations,44,7,37
S01011525,7. Sales and customer service occupations,55,14,41
S01011525,8. Process plant and machine operatives,54,47,7
S01011525,9. Elementary occupations,51,32,19
S01011526,All people aged 16 to 74 in employment,489,267,222
S01011526,1. Managers directors and senior officials,32,22,10
S01011526,2. Professional occupations,51,26,25
S01011526,3. Associate professional and technical occupations,41,27,14
S01011526,4. Administrative and secretarial occupations,68,15,53
S01011526,5. Skilled trades occupations,79,75,4
S01011526,6. Caring leisure and other service occupations,39,5,34
S01011526,7. Sales and customer service occupations,55,15,40
S01011526,8. Process plant and machine operatives,56,44,12
S01011526,9. Elementary occupations,68,38,30
S01011527,All people aged 16 to 74 in employment,337,179,158
S01011527,1. Managers directors and senior officials,36,29,7
S01011527,2. Professional occupations,33,15,18
S01011527,3. Associate professional and technical occupations,36,17,19
S01011527,4. Administrative and secretarial occupations,56,8,48
S01011527,5. Skilled trades occupations,38,37,1
S01011527,6. Caring leisure and other service occupations,26,3,23
S01011527,7. Sales and customer service occupations,44,13,31
S01011527,8. Process plant and machine operatives,34,32,2
S01011527,9. Elementary occupations,34,25,9
S01011528,All people aged 16 to 74 in employment,415,207,208
S01011528,1. Managers directors and senior officials,26,18,8
S01011528,2. Professional occupations,36,14,22
S01011528,3. Associate professional and technical occupations,42,19,23
S01011528,4. Administrative and secretarial occupations,42,13,29
S01011528,5. Skilled trades occupations,45,40,5
S01011528,6. Caring leisure and other service occupations,53,10,43
S01011528,7. Sales and customer service occupations,55,19,36
S01011528,8. Process plant and machine operatives,46,35,11
S01011528,9. Elementary occupations,70,39,31
S01011529,All people aged 16 to 74 in employment,196,88,108
S01011529,1. Managers directors and senior officials,12,8,4
S01011529,2. Professional occupations,13,6,7
S01011529,3. Associate professional and technical occupations,13,5,8
S01011529,4. Administrative and secretarial occupations,24,5,19
S01011529,5. Skilled trades occupations,18,14,4
S01011529,6. Caring leisure and other service occupations,31,7,24
S01011529,7. Sales and customer service occupations,26,10,16
S01011529,8. Process plant and machine operatives,26,19,7
S01011529,9. Elementary occupations,33,14,19
S01011530,All people aged 16 to 74 in employment,435,211,224
S01011530,1. Managers directors and senior officials,23,11,12
S01011530,2. Professional occupations,41,15,26
S01011530,3. Associate professional and technical occupations,31,15,16
S01011530,4. Administrative and secretarial occupations,51,6,45
S01011530,5. Skilled trades occupations,49,42,7
S01011530,6. Caring leisure and other service occupations,46,10,36
S01011530,7. Sales and customer service occupations,52,13,39
S01011530,8. Process plant and machine operatives,68,52,16
S01011530,9. Elementary occupations,74,47,27
S01011531,All people aged 16 to 74 in employment,573,301,272
S01011531,1. Managers directors and senior officials,67,48,19
S01011531,2. Professional occupations,115,43,72
S01011531,3. Associate professional and technical occupations,81,46,35
S01011531,4. Administrative and secretarial occupations,72,23,49
S01011531,5. Skilled trades occupations,63,55,8
S01011531,6. Caring leisure and other service occupations,36,5,31
S01011531,7. Sales and customer service occupations,55,21,34
S01011531,8. Process plant and machine operatives,50,42,8
S01011531,9. Elementary occupations,34,18,16
S01011532,All people aged 16 to 74 in employment,352,183,169
S01011532,1. Managers directors and senior officials,39,22,17
S01011532,2. Professional occupations,58,18,40
S01011532,3. Associate professional and technical occupations,63,36,27
S01011532,4. Administrative and secretarial occupations,38,8,30
S01011532,5. Skilled trades occupations,50,48,2
S01011532,6. Caring leisure and other service occupations,24,3,21
S01011532,7. Sales and customer service occupations,26,7,19
S01011532,8. Process plant and machine operatives,27,24,3
S01011532,9. Elementary occupations,27,17,10
S01011533,All people aged 16 to 74 in employment,239,118,121
S01011533,1. Managers directors and senior officials,16,11,5
S01011533,2. Professional occupations,15,6,9
S01011533,3. Associate professional and technical occupations,19,9,10
S01011533,4. Administrative and secretarial occupations,23,2,21
S01011533,5. Skilled trades occupations,41,38,3
S01011533,6. Caring leisure and other service occupations,18,0,18
S01011533,7. Sales and customer service occupations,25,8,17
S01011533,8. Process plant and machine operatives,38,22,16
S01011533,9. Elementary occupations,44,22,22
S01011534,All people aged 16 to 74 in employment,336,183,153
S01011534,1. Managers directors and senior officials,16,13,3
S01011534,2. Professional occupations,42,23,19
S01011534,3. Associate professional and technical occupations,43,25,18
S01011534,4. Administrative and secretarial occupations,52,12,40
S01011534,5. Skilled trades occupations,29,26,3
S01011534,6. Caring leisure and other service occupations,32,8,24
S01011534,7. Sales and customer service occupations,46,15,31
S01011534,8. Process plant and machine operatives,39,34,5
S01011534,9. Elementary occupations,37,27,10
S01011535,All people aged 16 to 74 in employment,284,135,149
S01011535,1. Managers directors and senior officials,14,6,8
S01011535,2. Professional occupations,20,9,11
S01011535,3. Associate professional and technical occupations,29,11,18
S01011535,4. Administrative and secretarial occupations,32,2,30
S01011535,5. Skilled trades occupations,31,27,4
S01011535,6. Caring leisure and other service occupations,25,4,21
S01011535,7. Sales and customer service occupations,34,8,26
S01011535,8. Process plant and machine operatives,47,40,7
S01011535,9. Elementary occupations,52,28,24
S01011536,All people aged 16 to 74 in employment,397,206,191
S01011536,1. Managers directors and senior officials,35,24,11
S01011536,2. Professional occupations,88,35,53
S01011536,3. Associate professional and technical occupations,66,40,26
S01011536,4. Administrative and secretarial occupations,60,17,43
S01011536,5. Skilled trades occupations,36,34,2
S01011536,6. Caring leisure and other service occupations,25,7,18
S01011536,7. Sales and customer service occupations,39,17,22
S01011536,8. Process plant and machine operatives,20,14,6
S01011536,9. Elementary occupations,28,18,10
S01011537,All people aged 16 to 74 in employment,338,162,176
S01011537,1. Managers directors and senior officials,33,19,14
S01011537,2. Professional occupations,50,21,29
S01011537,3. Associate professional and technical occupations,62,23,39
S01011537,4. Administrative and secretarial occupations,50,12,38
S01011537,5. Skilled trades occupations,39,37,2
S01011537,6. Caring leisure and other service occupations,24,4,20
S01011537,7. Sales and customer service occupations,31,11,20
S01011537,8. Process plant and machine operatives,36,28,8
S01011537,9. Elementary occupations,13,7,6
S01011538,All people aged 16 to 74 in employment,367,187,180
S01011538,1. Managers directors and senior officials,48,33,15
S01011538,2. Professional occupations,93,43,50
S01011538,3. Associate professional and technical occupations,46,23,23
S01011538,4. Administrative and secretarial occupations,48,7,41
S01011538,5. Skilled trades occupations,30,27,3
S01011538,6. Caring leisure and other service occupations,15,2,13
S01011538,7. Sales and customer service occupations,38,12,26
S01011538,8. Process plant and machine operatives,31,28,3
S01011538,9. Elementary occupations,18,12,6
S01011539,All people aged 16 to 74 in employment,309,161,148
S01011539,1. Managers directors and senior officials,20,10,10
S01011539,2. Professional occupations,25,10,15
S01011539,3. Associate professional and technical occupations,20,8,12
S01011539,4. Administrative and secretarial occupations,32,10,22
S01011539,5. Skilled trades occupations,37,36,1
S01011539,6. Caring leisure and other service occupations,31,5,26
S01011539,7. Sales and customer service occupations,41,10,31
S01011539,8. Process plant and machine operatives,46,34,12
S01011539,9. Elementary occupations,57,38,19
S01011540,All people aged 16 to 74 in employment,517,251,266
S01011540,1. Managers directors and senior officials,36,26,10
S01011540,2. Professional occupations,42,16,26
S01011540,3. Associate professional and technical occupations,55,22,33
S01011540,4. Administrative and secretarial occupations,56,5,51
S01011540,5. Skilled trades occupations,58,50,8
S01011540,6. Caring leisure and other service occupations,43,5,38
S01011540,7. Sales and customer service occupations,69,23,46
S01011540,8. Process plant and machine operatives,79,61,18
S01011540,9. Elementary occupations,79,43,36
S01011541,All people aged 16 to 74 in employment,407,204,203
S01011541,1. Managers directors and senior officials,21,10,11
S01011541,2. Professional occupations,18,4,14
S01011541,3. Associate professional and technical occupations,28,16,12
S01011541,4. Administrative and secretarial occupations,34,3,31
S01011541,5. Skilled trades occupations,47,41,6
S01011541,6. Caring leisure and other service occupations,31,7,24
S01011541,7. Sales and customer service occupations,51,12,39
S01011541,8. Process plant and machine operatives,78,60,18
S01011541,9. Elementary occupations,99,51,48
S01011542,All people aged 16 to 74 in employment,413,209,204
S01011542,1. Managers directors and senior officials,23,12,11
S01011542,2. Professional occupations,19,7,12
S01011542,3. Associate professional and technical occupations,31,14,17
S01011542,4. Administrative and secretarial occupations,34,8,26
S01011542,5. Skilled trades occupations,49,43,6
S01011542,6. Caring leisure and other service occupations,44,7,37
S01011542,7. Sales and customer service occupations,57,20,37
S01011542,8. Process plant and machine operatives,84,62,22
S01011542,9. Elementary occupations,72,36,36
S01011543,All people aged 16 to 74 in employment,328,163,165
S01011543,1. Managers directors and senior officials,11,4,7
S01011543,2. Professional occupations,14,5,9
S01011543,3. Associate professional and technical occupations,18,8,10
S01011543,4. Administrative and secretarial occupations,29,13,16
S01011543,5. Skilled trades occupations,38,32,6
S01011543,6. Caring leisure and other service occupations,40,3,37
S01011543,7. Sales and customer service occupations,47,10,37
S01011543,8. Process plant and machine operatives,68,54,14
S01011543,9. Elementary occupations,63,34,29
S01011544,All people aged 16 to 74 in employment,283,150,133
S01011544,1. Managers directors and senior officials,14,9,5
S01011544,2. Professional occupations,16,7,9
S01011544,3. Associate professional and technical occupations,23,9,14
S01011544,4. Administrative and secretarial occupations,24,5,19
S01011544,5. Skilled trades occupations,39,34,5
S01011544,6. Caring leisure and other service occupations,31,4,27
S01011544,7. Sales and customer service occupations,32,11,21
S01011544,8. Process plant and machine operatives,51,40,11
S01011544,9. Elementary occupations,53,31,22
S01011545,All people aged 16 to 74 in employment,262,132,130
S01011545,1. Managers directors and senior officials,10,5,5
S01011545,2. Professional occupations,16,5,11
S01011545,3. Associate professional and technical occupations,17,10,7
S01011545,4. Administrative and secretarial occupations,22,5,17
S01011545,5. Skilled trades occupations,37,33,4
S01011545,6. Caring leisure and other service occupations,26,3,23
S01011545,7. Sales and customer service occupations,40,11,29
S01011545,8. Process plant and machine operatives,48,38,10
S01011545,9. Elementary occupations,46,22,24
S01011546,All people aged 16 to 74 in employment,437,216,221
S01011546,1. Managers directors and senior officials,51,34,17
S01011546,2. Professional occupations,80,40,40
S01011546,3. Associate professional and technical occupations,67,36,31
S01011546,4. Administrative and secretarial occupations,60,9,51
S01011546,5. Skilled trades occupations,43,39,4
S01011546,6. Caring leisure and other service occupations,30,9,21
S01011546,7. Sales and customer service occupations,55,14,41
S01011546,8. Process plant and machine operatives,23,22,1
S01011546,9. Elementary occupations,28,13,15
S01011547,All people aged 16 to 74 in employment,335,157,178
S01011547,1. Managers directors and senior officials,34,26,8
S01011547,2. Professional occupations,59,23,36
S01011547,3. Associate professional and technical occupations,70,36,34
S01011547,4. Administrative and secretarial occupations,43,3,40
S01011547,5. Skilled trades occupations,23,23,0
S01011547,6. Caring leisure and other service occupations,21,4,17
S01011547,7. Sales and customer service occupations,41,8,33
S01011547,8. Process plant and machine operatives,25,21,4
S01011547,9. Elementary occupations,19,13,6
S01011548,All people aged 16 to 74 in employment,339,161,178
S01011548,1. Managers directors and senior officials,32,21,11
S01011548,2. Professional occupations,28,10,18
S01011548,3. Associate professional and technical occupations,35,18,17
S01011548,4. Administrative and secretarial occupations,59,10,49
S01011548,5. Skilled trades occupations,30,28,2
S01011548,6. Caring leisure and other service occupations,32,5,27
S01011548,7. Sales and customer service occupations,35,9,26
S01011548,8. Process plant and machine operatives,43,32,11
S01011548,9. Elementary occupations,45,28,17
S01011549,All people aged 16 to 74 in employment,403,208,195
S01011549,1. Managers directors and senior officials,36,22,14
S01011549,2. Professional occupations,67,31,36
S01011549,3. Associate professional and technical occupations,52,28,24
S01011549,4. Administrative and secretarial occupations,60,14,46
S01011549,5. Skilled trades occupations,42,37,5
S01011549,6. Caring leisure and other service occupations,28,5,23
S01011549,7. Sales and customer service occupations,55,25,30
S01011549,8. Process plant and machine operatives,34,27,7
S01011549,9. Elementary occupations,29,19,10
S01011550,All people aged 16 to 74 in employment,381,191,190
S01011550,1. Managers directors and senior officials,29,20,9
S01011550,2. Professional occupations,82,37,45
S01011550,3. Associate professional and technical occupations,69,40,29
S01011550,4. Administrative and secretarial occupations,55,8,47
S01011550,5. Skilled trades occupations,37,34,3
S01011550,6. Caring leisure and other service occupations,27,7,20
S01011550,7. Sales and customer service occupations,53,23,30
S01011550,8. Process plant and machine operatives,13,13,0
S01011550,9. Elementary occupations,16,9,7
S01011551,All people aged 16 to 74 in employment,259,138,121
S01011551,1. Managers directors and senior officials,18,9,9
S01011551,2. Professional occupations,27,14,13
S01011551,3. Associate professional and technical occupations,36,23,13
S01011551,4. Administrative and secretarial occupations,32,10,22
S01011551,5. Skilled trades occupations,27,25,2
S01011551,6. Caring leisure and other service occupations,30,5,25
S01011551,7. Sales and customer service occupations,35,11,24
S01011551,8. Process plant and machine operatives,32,28,4
S01011551,9. Elementary occupations,22,13,9
S01011552,All people aged 16 to 74 in employment,393,177,216
S01011552,1. Managers directors and senior officials,27,14,13
S01011552,2. Professional occupations,49,21,28
S01011552,3. Associate professional and technical occupations,51,29,22
S01011552,4. Administrative and secretarial occupations,62,10,52
S01011552,5. Skilled trades occupations,52,50,2
S01011552,6. Caring leisure and other service occupations,45,5,40
S01011552,7. Sales and customer service occupations,50,12,38
S01011552,8. Process plant and machine operatives,30,22,8
S01011552,9. Elementary occupations,27,14,13
S01011553,All people aged 16 to 74 in employment,475,237,238
S01011553,1. Managers directors and senior officials,76,51,25
S01011553,2. Professional occupations,130,51,79
S01011553,3. Associate professional and technical occupations,67,36,31
S01011553,4. Administrative and secretarial occupations,39,7,32
S01011553,5. Skilled trades occupations,46,43,3
S01011553,6. Caring leisure and other service occupations,30,6,24
S01011553,7. Sales and customer service occupations,42,11,31
S01011553,8. Process plant and machine operatives,18,16,2
S01011553,9. Elementary occupations,27,16,11
S01011554,All people aged 16 to 74 in employment,388,188,200
S01011554,1. Managers directors and senior officials,30,22,8
S01011554,2. Professional occupations,29,12,17
S01011554,3. Associate professional and technical occupations,35,14,21
S01011554,4. Administrative and secretarial occupations,46,9,37
S01011554,5. Skilled trades occupations,42,38,4
S01011554,6. Caring leisure and other service occupations,54,10,44
S01011554,7. Sales and customer service occupations,38,11,27
S01011554,8. Process plant and machine operatives,45,39,6
S01011554,9. Elementary occupations,69,33,36
S01011555,All people aged 16 to 74 in employment,269,127,142
S01011555,1. Managers directors and senior officials,8,4,4
S01011555,2. Professional occupations,12,3,9
S01011555,3. Associate professional and technical occupations,15,9,6
S01011555,4. Administrative and secretarial occupations,32,3,29
S01011555,5. Skilled trades occupations,34,32,2
S01011555,6. Caring leisure and other service occupations,30,5,25
S01011555,7. Sales and customer service occupations,41,9,32
S01011555,8. Process plant and machine operatives,30,27,3
S01011555,9. Elementary occupations,67,35,32
S01011556,All people aged 16 to 74 in employment,212,102,110
S01011556,1. Managers directors and senior officials,14,7,7
S01011556,2. Professional occupations,11,5,6
S01011556,3. Associate professional and technical occupations,19,10,9
S01011556,4. Administrative and secretarial occupations,33,7,26
S01011556,5. Skilled trades occupations,21,16,5
S01011556,6. Caring leisure and other service occupations,22,2,20
S01011556,7. Sales and customer service occupations,20,3,17
S01011556,8. Process plant and machine operatives,36,30,6
S01011556,9. Elementary occupations,36,22,14
S01011557,All people aged 16 to 74 in employment,350,179,171
S01011557,1. Managers directors and senior officials,22,10,12
S01011557,2. Professional occupations,18,6,12
S01011557,3. Associate professional and technical occupations,34,19,15
S01011557,4. Administrative and secretarial occupations,33,8,25
S01011557,5. Skilled trades occupations,43,42,1
S01011557,6. Caring leisure and other service occupations,43,9,34
S01011557,7. Sales and customer service occupations,44,8,36
S01011557,8. Process plant and machine operatives,60,50,10
S01011557,9. Elementary occupations,53,27,26
S01011558,All people aged 16 to 74 in employment,273,132,141
S01011558,1. Managers directors and senior officials,16,9,7
S01011558,2. Professional occupations,6,4,2
S01011558,3. Associate professional and technical occupations,18,14,4
S01011558,4. Administrative and secretarial occupations,28,3,25
S01011558,5. Skilled trades occupations,38,35,3
S01011558,6. Caring leisure and other service occupations,46,5,41
S01011558,7. Sales and customer service occupations,44,7,37
S01011558,8. Process plant and machine operatives,34,34,0
S01011558,9. Elementary occupations,43,21,22
S01011559,All people aged 16 to 74 in employment,252,128,124
S01011559,1. Managers directors and senior officials,9,1,8
S01011559,2. Professional occupations,15,7,8
S01011559,3. Associate professional and technical occupations,12,3,9
S01011559,4. Administrative and secretarial occupations,31,9,22
S01011559,5. Skilled trades occupations,35,35,0
S01011559,6. Caring leisure and other service occupations,39,4,35
S01011559,7. Sales and customer service occupations,29,9,20
S01011559,8. Process plant and machine operatives,36,31,5
S01011559,9. Elementary occupations,46,29,17
S01011560,All people aged 16 to 74 in employment,343,178,165
S01011560,1. Managers directors and senior officials,24,15,9
S01011560,2. Professional occupations,22,6,16
S01011560,3. Associate professional and technical occupations,22,10,12
S01011560,4. Administrative and secretarial occupations,40,10,30
S01011560,5. Skilled trades occupations,33,31,2
S01011560,6. Caring leisure and other service occupations,49,14,35
S01011560,7. Sales and customer service occupations,38,8,30
S01011560,8. Process plant and machine operatives,61,50,11
S01011560,9. Elementary occupations,54,34,20
S01011561,All people aged 16 to 74 in employment,325,148,177
S01011561,1. Managers directors and senior officials,9,4,5
S01011561,2. Professional occupations,22,6,16
S01011561,3. Associate professional and technical occupations,27,9,18
S01011561,4. Administrative and secretarial occupations,41,6,35
S01011561,5. Skilled trades occupations,38,35,3
S01011561,6. Caring leisure and other service occupations,43,9,34
S01011561,7. Sales and customer service occupations,41,12,29
S01011561,8. Process plant and machine operatives,42,37,5
S01011561,9. Elementary occupations,62,30,32
S01011562,All people aged 16 to 74 in employment,263,122,141
S01011562,1. Managers directors and senior officials,14,8,6
S01011562,2. Professional occupations,18,6,12
S01011562,3. Associate professional and technical occupations,21,7,14
S01011562,4. Administrative and secretarial occupations,29,8,21
S01011562,5. Skilled trades occupations,37,31,6
S01011562,6. Caring leisure and other service occupations,34,6,28
S01011562,7. Sales and customer service occupations,39,10,29
S01011562,8. Process plant and machine operatives,27,24,3
S01011562,9. Elementary occupations,44,22,22
S01011563,All people aged 16 to 74 in employment,304,140,164
S01011563,1. Managers directors and senior officials,22,10,12
S01011563,2. Professional occupations,21,6,15
S01011563,3. Associate professional and technical occupations,26,8,18
S01011563,4. Administrative and secretarial occupations,28,8,20
S01011563,5. Skilled trades occupations,30,28,2
S01011563,6. Caring leisure and other service occupations,39,7,32
S01011563,7. Sales and customer service occupations,55,17,38
S01011563,8. Process plant and machine operatives,32,29,3
S01011563,9. Elementary occupations,51,27,24
S01011564,All people aged 16 to 74 in employment,483,236,247
S01011564,1. Managers directors and senior officials,22,15,7
S01011564,2. Professional occupations,53,16,37
S01011564,3. Associate professional and technical occupations,35,22,13
S01011564,4. Administrative and secretarial occupations,74,11,63
S01011564,5. Skilled trades occupations,73,67,6
S01011564,6. Caring leisure and other service occupations,35,5,30
S01011564,7. Sales and customer service occupations,65,19,46
S01011564,8. Process plant and machine operatives,59,48,11
S01011564,9. Elementary occupations,67,33,34
S01011565,All people aged 16 to 74 in employment,467,233,234
S01011565,1. Managers directors and senior officials,27,13,14
S01011565,2. Professional occupations,31,13,18
S01011565,3. Associate professional and technical occupations,39,25,14
S01011565,4. Administrative and secretarial occupations,64,6,58
S01011565,5. Skilled trades occupations,68,64,4
S01011565,6. Caring leisure and other service occupations,62,10,52
S01011565,7. Sales and customer service occupations,52,12,40
S01011565,8. Process plant and machine operatives,54,50,4
S01011565,9. Elementary occupations,70,40,30
S01011566,All people aged 16 to 74 in employment,384,186,198
S01011566,1. Managers directors and senior officials,16,9,7
S01011566,2. Professional occupations,27,8,19
S01011566,3. Associate professional and technical occupations,21,13,8
S01011566,4. Administrative and secretarial occupations,52,9,43
S01011566,5. Skilled trades occupations,48,42,6
S01011566,6. Caring leisure and other service occupations,41,10,31
S01011566,7. Sales and customer service occupations,64,18,46
S01011566,8. Process plant and machine operatives,52,44,8
S01011566,9. Elementary occupations,63,33,30
S01011567,All people aged 16 to 74 in employment,404,200,204
S01011567,1. Managers directors and senior officials,22,11,11
S01011567,2. Professional occupations,28,13,15
S01011567,3. Associate professional and technical occupations,24,11,13
S01011567,4. Administrative and secretarial occupations,55,15,40
S01011567,5. Skilled trades occupations,40,38,2
S01011567,6. Caring leisure and other service occupations,48,10,38
S01011567,7. Sales and customer service occupations,56,16,40
S01011567,8. Process plant and machine operatives,63,54,9
S01011567,9. Elementary occupations,68,32,36
S01011568,All people aged 16 to 74 in employment,403,203,200
S01011568,1. Managers directors and senior officials,33,20,13
S01011568,2. Professional occupations,46,13,33
S01011568,3. Associate professional and technical occupations,47,28,19
S01011568,4. Administrative and secretarial occupations,56,9,47
S01011568,5. Skilled trades occupations,44,42,2
S01011568,6. Caring leisure and other service occupations,41,11,30
S01011568,7. Sales and customer service occupations,29,7,22
S01011568,8. Process plant and machine operatives,50,43,7
S01011568,9. Elementary occupations,57,30,27
S01011569,All people aged 16 to 74 in employment,445,224,221
S01011569,1. Managers directors and senior officials,27,16,11
S01011569,2. Professional occupations,54,19,35
S01011569,3. Associate professional and technical occupations,42,28,14
S01011569,4. Administrative and secretarial occupations,64,12,52
S01011569,5. Skilled trades occupations,62,61,1
S01011569,6. Caring leisure and other service occupations,52,8,44
S01011569,7. Sales and customer service occupations,46,11,35
S01011569,8. Process plant and machine operatives,48,42,6
S01011569,9. Elementary occupations,50,27,23
S01011570,All people aged 16 to 74 in employment,308,146,162
S01011570,1. Managers directors and senior officials,17,10,7
S01011570,2. Professional occupations,21,3,18
S01011570,3. Associate professional and technical occupations,26,16,10
S01011570,4. Administrative and secretarial occupations,33,9,24
S01011570,5. Skilled trades occupations,34,27,7
S01011570,6. Caring leisure and other service occupations,40,9,31
S01011570,7. Sales and customer service occupations,39,9,30
S01011570,8. Process plant and machine operatives,40,32,8
S01011570,9. Elementary occupations,58,31,27
S01011571,All people aged 16 to 74 in employment,280,148,132
S01011571,1. Managers directors and senior officials,10,5,5
S01011571,2. Professional occupations,23,7,16
S01011571,3. Associate professional and technical occupations,29,16,13
S01011571,4. Administrative and secretarial occupations,20,5,15
S01011571,5. Skilled trades occupations,39,37,2
S01011571,6. Caring leisure and other service occupations,32,6,26
S01011571,7. Sales and customer service occupations,38,10,28
S01011571,8. Process plant and machine operatives,44,39,5
S01011571,9. Elementary occupations,45,23,22
S01011572,All people aged 16 to 74 in employment,273,143,130
S01011572,1. Managers directors and senior officials,16,8,8
S01011572,2. Professional occupations,34,14,20
S01011572,3. Associate professional and technical occupations,32,23,9
S01011572,4. Administrative and secretarial occupations,32,5,27
S01011572,5. Skilled trades occupations,31,29,2
S01011572,6. Caring leisure and other service occupations,25,6,19
S01011572,7. Sales and customer service occupations,39,14,25
S01011572,8. Process plant and machine operatives,36,26,10
S01011572,9. Elementary occupations,28,18,10
S01011573,All people aged 16 to 74 in employment,557,294,263
S01011573,1. Managers directors and senior officials,55,41,14
S01011573,2. Professional occupations,93,35,58
S01011573,3. Associate professional and technical occupations,65,37,28
S01011573,4. Administrative and secretarial occupations,77,13,64
S01011573,5. Skilled trades occupations,58,56,2
S01011573,6. Caring leisure and other service occupations,47,10,37
S01011573,7. Sales and customer service occupations,47,16,31
S01011573,8. Process plant and machine operatives,62,54,8
S01011573,9. Elementary occupations,53,32,21
S01011574,All people aged 16 to 74 in employment,402,203,199
S01011574,1. Managers directors and senior officials,26,17,9
S01011574,2. Professional occupations,39,11,28
S01011574,3. Associate professional and technical occupations,42,31,11
S01011574,4. Administrative and secretarial occupations,64,10,54
S01011574,5. Skilled trades occupations,59,57,2
S01011574,6. Caring leisure and other service occupations,40,9,31
S01011574,7. Sales and customer service occupations,46,6,40
S01011574,8. Process plant and machine operatives,45,41,4
S01011574,9. Elementary occupations,41,21,20
S01011575,All people aged 16 to 74 in employment,216,108,108
S01011575,1. Managers directors and senior officials,17,10,7
S01011575,2. Professional occupations,28,5,23
S01011575,3. Associate professional and technical occupations,19,15,4
S01011575,4. Administrative and secretarial occupations,21,2,19
S01011575,5. Skilled trades occupations,27,25,2
S01011575,6. Caring leisure and other service occupations,17,3,14
S01011575,7. Sales and customer service occupations,27,11,16
S01011575,8. Process plant and machine operatives,26,18,8
S01011575,9. Elementary occupations,34,19,15
S01011576,All people aged 16 to 74 in employment,256,141,115
S01011576,1. Managers directors and senior officials,6,4,2
S01011576,2. Professional occupations,9,4,5
S01011576,3. Associate professional and technical occupations,20,9,11
S01011576,4. Administrative and secretarial occupations,20,9,11
S01011576,5. Skilled trades occupations,28,26,2
S01011576,6. Caring leisure and other service occupations,38,9,29
S01011576,7. Sales and customer service occupations,32,10,22
S01011576,8. Process plant and machine operatives,40,35,5
S01011576,9. Elementary occupations,63,35,28
S01011577,All people aged 16 to 74 in employment,351,174,177
S01011577,1. Managers directors and senior officials,21,14,7
S01011577,2. Professional occupations,59,21,38
S01011577,3. Associate professional and technical occupations,41,22,19
S01011577,4. Administrative and secretarial occupations,37,6,31
S01011577,5. Skilled trades occupations,36,36,0
S01011577,6. Caring leisure and other service occupations,41,10,31
S01011577,7. Sales and customer service occupations,42,9,33
S01011577,8. Process plant and machine operatives,44,38,6
S01011577,9. Elementary occupations,30,18,12
S01011578,All people aged 16 to 74 in employment,380,177,203
S01011578,1. Managers directors and senior officials,20,14,6
S01011578,2. Professional occupations,34,13,21
S01011578,3. Associate professional and technical occupations,42,24,18
S01011578,4. Administrative and secretarial occupations,49,7,42
S01011578,5. Skilled trades occupations,42,40,2
S01011578,6. Caring leisure and other service occupations,35,7,28
S01011578,7. Sales and customer service occupations,71,14,57
S01011578,8. Process plant and machine operatives,41,37,4
S01011578,9. Elementary occupations,46,21,25
S01011579,All people aged 16 to 74 in employment,560,294,266
S01011579,1. Managers directors and senior officials,65,44,21
S01011579,2. Professional occupations,138,66,72
S01011579,3. Associate professional and technical occupations,88,46,42
S01011579,4. Administrative and secretarial occupations,78,18,60
S01011579,5. Skilled trades occupations,57,53,4
S01011579,6. Caring leisure and other service occupations,37,9,28
S01011579,7. Sales and customer service occupations,46,22,24
S01011579,8. Process plant and machine operatives,22,19,3
S01011579,9. Elementary occupations,29,17,12
S01011580,All people aged 16 to 74 in employment,331,164,167
S01011580,1. Managers directors and senior officials,21,12,9
S01011580,2. Professional occupations,42,15,27
S01011580,3. Associate professional and technical occupations,41,28,13
S01011580,4. Administrative and secretarial occupations,36,7,29
S01011580,5. Skilled trades occupations,50,46,4
S01011580,6. Caring leisure and other service occupations,35,6,29
S01011580,7. Sales and customer service occupations,45,11,34
S01011580,8. Process plant and machine operatives,24,19,5
S01011580,9. Elementary occupations,37,20,17
S01011581,All people aged 16 to 74 in employment,287,142,145
S01011581,1. Managers directors and senior officials,15,10,5
S01011581,2. Professional occupations,37,14,23
S01011581,3. Associate professional and technical occupations,26,13,13
S01011581,4. Administrative and secretarial occupations,31,5,26
S01011581,5. Skilled trades occupations,24,23,1
S01011581,6. Caring leisure and other service occupations,40,12,28
S01011581,7. Sales and customer service occupations,38,7,31
S01011581,8. Process plant and machine operatives,33,28,5
S01011581,9. Elementary occupations,43,30,13
S01011582,All people aged 16 to 74 in employment,614,303,311
S01011582,1. Managers directors and senior officials,61,35,26
S01011582,2. Professional occupations,158,71,87
S01011582,3. Associate professional and technical occupations,78,38,40
S01011582,4. Administrative and secretarial occupations,75,13,62
S01011582,5. Skilled trades occupations,68,64,4
S01011582,6. Caring leisure and other service occupations,48,11,37
S01011582,7. Sales and customer service occupations,58,21,37
S01011582,8. Process plant and machine operatives,23,22,1
S01011582,9. Elementary occupations,45,28,17
S01011583,All people aged 16 to 74 in employment,335,162,173
S01011583,1. Managers directors and senior officials,22,15,7
S01011583,2. Professional occupations,54,12,42
S01011583,3. Associate professional and technical occupations,37,18,19
S01011583,4. Administrative and secretarial occupations,30,5,25
S01011583,5. Skilled trades occupations,38,36,2
S01011583,6. Caring leisure and other service occupations,37,10,27
S01011583,7. Sales and customer service occupations,40,10,30
S01011583,8. Process plant and machine operatives,34,29,5
S01011583,9. Elementary occupations,43,27,16
S01011584,All people aged 16 to 74 in employment,324,176,148
S01011584,1. Managers directors and senior officials,8,4,4
S01011584,2. Professional occupations,26,9,17
S01011584,3. Associate professional and technical occupations,23,12,11
S01011584,4. Administrative and secretarial occupations,48,20,28
S01011584,5. Skilled trades occupations,44,42,2
S01011584,6. Caring leisure and other service occupations,46,17,29
S01011584,7. Sales and customer service occupations,39,8,31
S01011584,8. Process plant and machine operatives,38,33,5
S01011584,9. Elementary occupations,52,31,21
S01011585,All people aged 16 to 74 in employment,323,147,176
S01011585,1. Managers directors and senior officials,13,5,8
S01011585,2. Professional occupations,25,4,21
S01011585,3. Associate professional and technical occupations,31,19,12
S01011585,4. Administrative and secretarial occupations,43,8,35
S01011585,5. Skilled trades occupations,52,48,4
S01011585,6. Caring leisure and other service occupations,35,5,30
S01011585,7. Sales and customer service occupations,39,6,33
S01011585,8. Process plant and machine operatives,35,33,2
S01011585,9. Elementary occupations,50,19,31
S01011586,All people aged 16 to 74 in employment,257,135,122
S01011586,1. Managers directors and senior officials,17,8,9
S01011586,2. Professional occupations,19,6,13
S01011586,3. Associate professional and technical occupations,21,15,6
S01011586,4. Administrative and secretarial occupations,27,5,22
S01011586,5. Skilled trades occupations,38,33,5
S01011586,6. Caring leisure and other service occupations,30,3,27
S01011586,7. Sales and customer service occupations,27,7,20
S01011586,8. Process plant and machine operatives,38,33,5
S01011586,9. Elementary occupations,40,25,15
S01011587,All people aged 16 to 74 in employment,248,115,133
S01011587,1. Managers directors and senior officials,11,7,4
S01011587,2. Professional occupations,17,6,11
S01011587,3. Associate professional and technical occupations,22,13,9
S01011587,4. Administrative and secretarial occupations,33,9,24
S01011587,5. Skilled trades occupations,25,23,2
S01011587,6. Caring leisure and other service occupations,36,7,29
S01011587,7. Sales and customer service occupations,41,8,33
S01011587,8. Process plant and machine operatives,32,27,5
S01011587,9. Elementary occupations,31,15,16
S01011588,All people aged 16 to 74 in employment,330,171,159
S01011588,1. Managers directors and senior officials,19,11,8
S01011588,2. Professional occupations,24,7,17
S01011588,3. Associate professional and technical occupations,17,6,11
S01011588,4. Administrative and secretarial occupations,40,12,28
S01011588,5. Skilled trades occupations,57,51,6
S01011588,6. Caring leisure and other service occupations,37,6,31
S01011588,7. Sales and customer service occupations,41,8,33
S01011588,8. Process plant and machine operatives,59,50,9
S01011588,9. Elementary occupations,36,20,16
S01011589,All people aged 16 to 74 in employment,389,210,179
S01011589,1. Managers directors and senior officials,22,15,7
S01011589,2. Professional occupations,32,12,20
S01011589,3. Associate professional and technical occupations,33,14,19
S01011589,4. Administrative and secretarial occupations,55,13,42
S01011589,5. Skilled trades occupations,50,47,3
S01011589,6. Caring leisure and other service occupations,46,20,26
S01011589,7. Sales and customer service occupations,51,16,35
S01011589,8. Process plant and machine operatives,47,42,5
S01011589,9. Elementary occupations,53,31,22
S01011590,All people aged 16 to 74 in employment,296,151,145
S01011590,1. Managers directors and senior officials,11,8,3
S01011590,2. Professional occupations,26,11,15
S01011590,3. Associate professional and technical occupations,21,13,8
S01011590,4. Administrative and secretarial occupations,36,6,30
S01011590,5. Skilled trades occupations,37,34,3
S01011590,6. Caring leisure and other service occupations,31,3,28
S01011590,7. Sales and customer service occupations,38,9,29
S01011590,8. Process plant and machine operatives,52,44,8
S01011590,9. Elementary occupations,44,23,21
S01011591,All people aged 16 to 74 in employment,247,131,116
S01011591,1. Managers directors and senior officials,12,8,4
S01011591,2. Professional occupations,16,5,11
S01011591,3. Associate professional and technical occupations,22,12,10
S01011591,4. Administrative and secretarial occupations,21,3,18
S01011591,5. Skilled trades occupations,36,32,4
S01011591,6. Caring leisure and other service occupations,24,9,15
S01011591,7. Sales and customer service occupations,31,1,30
S01011591,8. Process plant and machine operatives,40,38,2
S01011591,9. Elementary occupations,45,23,22
S01011592,All people aged 16 to 74 in employment,279,123,156
S01011592,1. Managers directors and senior officials,16,7,9
S01011592,2. Professional occupations,18,6,12
S01011592,3. Associate professional and technical occupations,27,13,14
S01011592,4. Administrative and secretarial occupations,34,7,27
S01011592,5. Skilled trades occupations,34,31,3
S01011592,6. Caring leisure and other service occupations,32,7,25
S01011592,7. Sales and customer service occupations,50,12,38
S01011592,8. Process plant and machine operatives,30,25,5
S01011592,9. Elementary occupations,38,15,23
S01011593,All people aged 16 to 74 in employment,339,169,170
S01011593,1. Managers directors and senior officials,24,18,6
S01011593,2. Professional occupations,43,15,28
S01011593,3. Associate professional and technical occupations,40,22,18
S01011593,4. Administrative and secretarial occupations,55,9,46
S01011593,5. Skilled trades occupations,33,33,0
S01011593,6. Caring leisure and other service occupations,40,6,34
S01011593,7. Sales and customer service occupations,31,13,18
S01011593,8. Process plant and machine operatives,43,39,4
S01011593,9. Elementary occupations,30,14,16
S01011594,All people aged 16 to 74 in employment,212,111,101
S01011594,1. Managers directors and senior officials,17,12,5
S01011594,2. Professional occupations,24,6,18
S01011594,3. Associate professional and technical occupations,18,9,9
S01011594,4. Administrative and secretarial occupations,25,6,19
S01011594,5. Skilled trades occupations,30,26,4
S01011594,6. Caring leisure and other service occupations,19,5,14
S01011594,7. Sales and customer service occupations,26,7,19
S01011594,8. Process plant and machine operatives,33,30,3
S01011594,9. Elementary occupations,20,10,10
S01011595,All people aged 16 to 74 in employment,344,191,153
S01011595,1. Managers directors and senior officials,27,19,8
S01011595,2. Professional occupations,69,32,37
S01011595,3. Associate professional and technical occupations,59,37,22
S01011595,4. Administrative and secretarial occupations,54,18,36
S01011595,5. Skilled trades occupations,44,40,4
S01011595,6. Caring leisure and other service occupations,17,3,14
S01011595,7. Sales and customer service occupations,27,8,19
S01011595,8. Process plant and machine operatives,18,17,1
S01011595,9. Elementary occupations,29,17,12
S01011596,All people aged 16 to 74 in employment,514,254,260
S01011596,1. Managers directors and senior officials,49,31,18
S01011596,2. Professional occupations,89,33,56
S01011596,3. Associate professional and technical occupations,60,31,29
S01011596,4. Administrative and secretarial occupations,70,17,53
S01011596,5. Skilled trades occupations,55,50,5
S01011596,6. Caring leisure and other service occupations,45,15,30
S01011596,7. Sales and customer service occupations,48,15,33
S01011596,8. Process plant and machine operatives,37,32,5
S01011596,9. Elementary occupations,61,30,31
S01011597,All people aged 16 to 74 in employment,323,165,158
S01011597,1. Managers directors and senior officials,22,14,8
S01011597,2. Professional occupations,42,18,24
S01011597,3. Associate professional and technical occupations,46,24,22
S01011597,4. Administrative and secretarial occupations,43,8,35
S01011597,5. Skilled trades occupations,45,43,2
S01011597,6. Caring leisure and other service occupations,35,10,25
S01011597,7. Sales and customer service occupations,32,9,23
S01011597,8. Process plant and machine operatives,27,22,5
S01011597,9. Elementary occupations,31,17,14
S01011598,All people aged 16 to 74 in employment,265,158,107
S01011598,1. Managers directors and senior officials,10,9,1
S01011598,2. Professional occupations,12,7,5
S01011598,3. Associate professional and technical occupations,19,11,8
S01011598,4. Administrative and secretarial occupations,29,7,22
S01011598,5. Skilled trades occupations,30,27,3
S01011598,6. Caring leisure and other service occupations,27,7,20
S01011598,7. Sales and customer service occupations,33,16,17
S01011598,8. Process plant and machine operatives,39,31,8
S01011598,9. Elementary occupations,66,43,23
S01011599,All people aged 16 to 74 in employment,360,187,173
S01011599,1. Managers directors and senior officials,16,10,6
S01011599,2. Professional occupations,41,16,25
S01011599,3. Associate professional and technical occupations,40,20,20
S01011599,4. Administrative and secretarial occupations,39,13,26
S01011599,5. Skilled trades occupations,42,33,9
S01011599,6. Caring leisure and other service occupations,36,10,26
S01011599,7. Sales and customer service occupations,44,16,28
S01011599,8. Process plant and machine operatives,40,35,5
S01011599,9. Elementary occupations,62,34,28
S01011600,All people aged 16 to 74 in employment,334,173,161
S01011600,1. Managers directors and senior officials,19,13,6
S01011600,2. Professional occupations,30,13,17
S01011600,3. Associate professional and technical occupations,21,11,10
S01011600,4. Administrative and secretarial occupations,53,14,39
S01011600,5. Skilled trades occupations,42,39,3
S01011600,6. Caring leisure and other service occupations,38,9,29
S01011600,7. Sales and customer service occupations,39,11,28
S01011600,8. Process plant and machine operatives,45,40,5
S01011600,9. Elementary occupations,47,23,24
S01011601,All people aged 16 to 74 in employment,494,243,251
S01011601,1. Managers directors and senior officials,41,29,12
S01011601,2. Professional occupations,75,28,47
S01011601,3. Associate professional and technical occupations,60,31,29
S01011601,4. Administrative and secretarial occupations,75,17,58
S01011601,5. Skilled trades occupations,59,59,0
S01011601,6. Caring leisure and other service occupations,52,8,44
S01011601,7. Sales and customer service occupations,46,12,34
S01011601,8. Process plant and machine operatives,49,41,8
S01011601,9. Elementary occupations,37,18,19
S01011602,All people aged 16 to 74 in employment,263,133,130
S01011602,1. Managers directors and senior officials,14,8,6
S01011602,2. Professional occupations,30,12,18
S01011602,3. Associate professional and technical occupations,27,16,11
S01011602,4. Administrative and secretarial occupations,23,3,20
S01011602,5. Skilled trades occupations,35,30,5
S01011602,6. Caring leisure and other service occupations,27,8,19
S01011602,7. Sales and customer service occupations,32,10,22
S01011602,8. Process plant and machine operatives,42,29,13
S01011602,9. Elementary occupations,33,17,16
S01011603,All people aged 16 to 74 in employment,284,147,137
S01011603,1. Managers directors and senior officials,16,11,5
S01011603,2. Professional occupations,21,9,12
S01011603,3. Associate professional and technical occupations,18,10,8
S01011603,4. Administrative and secretarial occupations,36,7,29
S01011603,5. Skilled trades occupations,27,26,1
S01011603,6. Caring leisure and other service occupations,39,4,35
S01011603,7. Sales and customer service occupations,36,10,26
S01011603,8. Process plant and machine operatives,41,38,3
S01011603,9. Elementary occupations,50,32,18
S01011604,All people aged 16 to 74 in employment,263,138,125
S01011604,1. Managers directors and senior officials,13,10,3
S01011604,2. Professional occupations,11,7,4
S01011604,3. Associate professional and technical occupations,21,10,11
S01011604,4. Administrative and secretarial occupations,27,3,24
S01011604,5. Skilled trades occupations,37,33,4
S01011604,6. Caring leisure and other service occupations,31,4,27
S01011604,7. Sales and customer service occupations,35,12,23
S01011604,8. Process plant and machine operatives,42,37,5
S01011604,9. Elementary occupations,46,22,24
S01011605,All people aged 16 to 74 in employment,373,187,186
S01011605,1. Managers directors and senior officials,19,11,8
S01011605,2. Professional occupations,32,5,27
S01011605,3. Associate professional and technical occupations,38,19,19
S01011605,4. Administrative and secretarial occupations,44,7,37
S01011605,5. Skilled trades occupations,61,55,6
S01011605,6. Caring leisure and other service occupations,34,9,25
S01011605,7. Sales and customer service occupations,55,16,39
S01011605,8. Process plant and machine operatives,53,45,8
S01011605,9. Elementary occupations,37,20,17
S01011606,All people aged 16 to 74 in employment,602,311,291
S01011606,1. Managers directors and senior officials,53,32,21
S01011606,2. Professional occupations,103,35,68
S01011606,3. Associate professional and technical occupations,97,54,43
S01011606,4. Administrative and secretarial occupations,86,19,67
S01011606,5. Skilled trades occupations,84,80,4
S01011606,6. Caring leisure and other service occupations,34,11,23
S01011606,7. Sales and customer service occupations,61,16,45
S01011606,8. Process plant and machine operatives,41,39,2
S01011606,9. Elementary occupations,43,25,18
S01011607,All people aged 16 to 74 in employment,336,177,159
S01011607,1. Managers directors and senior officials,35,26,9
S01011607,2. Professional occupations,45,24,21
S01011607,3. Associate professional and technical occupations,43,22,21
S01011607,4. Administrative and secretarial occupations,59,11,48
S01011607,5. Skilled trades occupations,46,44,2
S01011607,6. Caring leisure and other service occupations,29,5,24
S01011607,7. Sales and customer service occupations,26,9,17
S01011607,8. Process plant and machine operatives,31,24,7
S01011607,9. Elementary occupations,22,12,10
S01011608,All people aged 16 to 74 in employment,567,291,276
S01011608,1. Managers directors and senior officials,52,33,19
S01011608,2. Professional occupations,72,19,53
S01011608,3. Associate professional and technical occupations,79,50,29
S01011608,4. Administrative and secretarial occupations,87,11,76
S01011608,5. Skilled trades occupations,88,87,1
S01011608,6. Caring leisure and other service occupations,48,7,41
S01011608,7. Sales and customer service occupations,63,19,44
S01011608,8. Process plant and machine operatives,51,45,6
S01011608,9. Elementary occupations,27,20,7
S01011609,All people aged 16 to 74 in employment,356,166,190
S01011609,1. Managers directors and senior officials,10,7,3
S01011609,2. Professional occupations,26,10,16
S01011609,3. Associate professional and technical occupations,24,9,15
S01011609,4. Administrative and secretarial occupations,14,2,12
S01011609,5. Skilled trades occupations,50,45,5
S01011609,6. Caring leisure and other service occupations,44,6,38
S01011609,7. Sales and customer service occupations,56,6,50
S01011609,8. Process plant and machine operatives,47,34,13
S01011609,9. Elementary occupations,85,47,38
S01011610,All people aged 16 to 74 in employment,340,169,171
S01011610,1. Managers directors and senior officials,9,4,5
S01011610,2. Professional occupations,21,9,12
S01011610,3. Associate professional and technical occupations,26,12,14
S01011610,4. Administrative and secretarial occupations,31,8,23
S01011610,5. Skilled trades occupations,44,40,4
S01011610,6. Caring leisure and other service occupations,35,10,25
S01011610,7. Sales and customer service occupations,51,18,33
S01011610,8. Process plant and machine operatives,36,31,5
S01011610,9. Elementary occupations,87,37,50
S01011611,All people aged 16 to 74 in employment,357,177,180
S01011611,1. Managers directors and senior officials,29,18,11
S01011611,2. Professional occupations,47,18,29
S01011611,3. Associate professional and technical occupations,47,25,22
S01011611,4. Administrative and secretarial occupations,54,12,42
S01011611,5. Skilled trades occupations,45,44,1
S01011611,6. Caring leisure and other service occupations,35,4,31
S01011611,7. Sales and customer service occupations,37,10,27
S01011611,8. Process plant and machine operatives,37,31,6
S01011611,9. Elementary occupations,26,15,11
S01011612,All people aged 16 to 74 in employment,393,197,196
S01011612,1. Managers directors and senior officials,66,39,27
S01011612,2. Professional occupations,87,37,50
S01011612,3. Associate professional and technical occupations,74,41,33
S01011612,4. Administrative and secretarial occupations,41,7,34
S01011612,5. Skilled trades occupations,35,35,0
S01011612,6. Caring leisure and other service occupations,23,6,17
S01011612,7. Sales and customer service occupations,29,6,23
S01011612,8. Process plant and machine operatives,22,17,5
S01011612,9. Elementary occupations,16,9,7
S01011613,All people aged 16 to 74 in employment,488,252,236
S01011613,1. Managers directors and senior officials,54,37,17
S01011613,2. Professional occupations,90,31,59
S01011613,3. Associate professional and technical occupations,58,41,17
S01011613,4. Administrative and secretarial occupations,82,15,67
S01011613,5. Skilled trades occupations,53,51,2
S01011613,6. Caring leisure and other service occupations,35,4,31
S01011613,7. Sales and customer service occupations,44,18,26
S01011613,8. Process plant and machine operatives,51,45,6
S01011613,9. Elementary occupations,21,10,11
S01011614,All people aged 16 to 74 in employment,238,127,111
S01011614,1. Managers directors and senior officials,21,16,5
S01011614,2. Professional occupations,39,15,24
S01011614,3. Associate professional and technical occupations,22,14,8
S01011614,4. Administrative and secretarial occupations,40,5,35
S01011614,5. Skilled trades occupations,44,41,3
S01011614,6. Caring leisure and other service occupations,17,4,13
S01011614,7. Sales and customer service occupations,18,8,10
S01011614,8. Process plant and machine operatives,22,17,5
S01011614,9. Elementary occupations,15,7,8
S01011615,All people aged 16 to 74 in employment,291,150,141
S01011615,1. Managers directors and senior officials,15,8,7
S01011615,2. Professional occupations,27,13,14
S01011615,3. Associate professional and technical occupations,33,16,17
S01011615,4. Administrative and secretarial occupations,33,6,27
S01011615,5. Skilled trades occupations,45,44,1
S01011615,6. Caring leisure and other service occupations,37,6,31
S01011615,7. Sales and customer service occupations,26,4,22
S01011615,8. Process plant and machine operatives,39,33,6
S01011615,9. Elementary occupations,36,20,16
S01011616,All people aged 16 to 74 in employment,149,79,70
S01011616,1. Managers directors and senior officials,7,5,2
S01011616,2. Professional occupations,14,7,7
S01011616,3. Associate professional and technical occupations,15,6,9
S01011616,4. Administrative and secretarial occupations,19,5,14
S01011616,5. Skilled trades occupations,20,20,0
S01011616,6. Caring leisure and other service occupations,24,5,19
S01011616,7. Sales and customer service occupations,11,3,8
S01011616,8. Process plant and machine operatives,19,16,3
S01011616,9. Elementary occupations,20,12,8
S01011617,All people aged 16 to 74 in employment,365,168,197
S01011617,1. Managers directors and senior officials,13,9,4
S01011617,2. Professional occupations,18,5,13
S01011617,3. Associate professional and technical occupations,23,12,11
S01011617,4. Administrative and secretarial occupations,53,8,45
S01011617,5. Skilled trades occupations,36,30,6
S01011617,6. Caring leisure and other service occupations,52,7,45
S01011617,7. Sales and customer service occupations,48,13,35
S01011617,8. Process plant and machine operatives,69,63,6
S01011617,9. Elementary occupations,53,21,32
S01011618,All people aged 16 to 74 in employment,259,126,133
S01011618,1. Managers directors and senior officials,11,6,5
S01011618,2. Professional occupations,23,9,14
S01011618,3. Associate professional and technical occupations,19,10,9
S01011618,4. Administrative and secretarial occupations,30,4,26
S01011618,5. Skilled trades occupations,28,25,3
S01011618,6. Caring leisure and other service occupations,34,6,28
S01011618,7. Sales and customer service occupations,32,8,24
S01011618,8. Process plant and machine operatives,43,37,6
S01011618,9. Elementary occupations,39,21,18
S01011619,All people aged 16 to 74 in employment,601,315,286
S01011619,1. Managers directors and senior officials,57,37,20
S01011619,2. Professional occupations,92,45,47
S01011619,3. Associate professional and technical occupations,97,54,43
S01011619,4. Administrative and secretarial occupations,92,17,75
S01011619,5. Skilled trades occupations,60,56,4
S01011619,6. Caring leisure and other service occupations,50,11,39
S01011619,7. Sales and customer service occupations,55,18,37
S01011619,8. Process plant and machine operatives,65,58,7
S01011619,9. Elementary occupations,33,19,14
S01011620,All people aged 16 to 74 in employment,664,345,319
S01011620,1. Managers directors and senior officials,69,45,24
S01011620,2. Professional occupations,126,50,76
S01011620,3. Associate professional and technical occupations,118,72,46
S01011620,4. Administrative and secretarial occupations,76,11,65
S01011620,5. Skilled trades occupations,68,64,4
S01011620,6. Caring leisure and other service occupations,53,7,46
S01011620,7. Sales and customer service occupations,58,23,35
S01011620,8. Process plant and machine operatives,61,53,8
S01011620,9. Elementary occupations,35,20,15
S01011621,All people aged 16 to 74 in employment,379,189,190
S01011621,1. Managers directors and senior officials,30,19,11
S01011621,2. Professional occupations,41,14,27
S01011621,3. Associate professional and technical occupations,44,19,25
S01011621,4. Administrative and secretarial occupations,57,9,48
S01011621,5. Skilled trades occupations,50,48,2
S01011621,6. Caring leisure and other service occupations,35,7,28
S01011621,7. Sales and customer service occupations,49,18,31
S01011621,8. Process plant and machine operatives,41,35,6
S01011621,9. Elementary occupations,32,20,12
S01011622,All people aged 16 to 74 in employment,363,199,164
S01011622,1. Managers directors and senior officials,44,35,9
S01011622,2. Professional occupations,73,31,42
S01011622,3. Associate professional and technical occupations,63,38,25
S01011622,4. Administrative and secretarial occupations,51,9,42
S01011622,5. Skilled trades occupations,40,36,4
S01011622,6. Caring leisure and other service occupations,27,8,19
S01011622,7. Sales and customer service occupations,20,8,12
S01011622,8. Process plant and machine operatives,24,22,2
S01011622,9. Elementary occupations,21,12,9
S01011623,All people aged 16 to 74 in employment,298,149,149
S01011623,1. Managers directors and senior officials,22,13,9
S01011623,2. Professional occupations,31,12,19
S01011623,3. Associate professional and technical occupations,23,11,12
S01011623,4. Administrative and secretarial occupations,42,6,36
S01011623,5. Skilled trades occupations,35,33,2
S01011623,6. Caring leisure and other service occupations,30,4,26
S01011623,7. Sales and customer service occupations,43,15,28
S01011623,8. Process plant and machine operatives,34,27,7
S01011623,9. Elementary occupations,38,28,10
S01011624,All people aged 16 to 74 in employment,378,186,192
S01011624,1. Managers directors and senior officials,37,23,14
S01011624,2. Professional occupations,49,18,31
S01011624,3. Associate professional and technical occupations,47,28,19
S01011624,4. Administrative and secretarial occupations,54,9,45
S01011624,5. Skilled trades occupations,39,38,1
S01011624,6. Caring leisure and other service occupations,40,5,35
S01011624,7. Sales and customer service occupations,47,16,31
S01011624,8. Process plant and machine operatives,37,34,3
S01011624,9. Elementary occupations,28,15,13
S01011625,All people aged 16 to 74 in employment,267,135,132
S01011625,1. Managers directors and senior officials,11,7,4
S01011625,2. Professional occupations,19,6,13
S01011625,3. Associate professional and technical occupations,29,17,12
S01011625,4. Administrative and secretarial occupations,33,8,25
S01011625,5. Skilled trades occupations,33,29,4
S01011625,6. Caring leisure and other service occupations,24,5,19
S01011625,7. Sales and customer service occupations,45,8,37
S01011625,8. Process plant and machine operatives,41,36,5
S01011625,9. Elementary occupations,32,19,13
S01011626,All people aged 16 to 74 in employment,484,257,227
S01011626,1. Managers directors and senior officials,41,31,10
S01011626,2. Professional occupations,87,29,58
S01011626,3. Associate professional and technical occupations,77,45,32
S01011626,4. Administrative and secretarial occupations,54,9,45
S01011626,5. Skilled trades occupations,61,59,2
S01011626,6. Caring leisure and other service occupations,41,6,35
S01011626,7. Sales and customer service occupations,59,22,37
S01011626,8. Process plant and machine operatives,44,40,4
S01011626,9. Elementary occupations,20,16,4
S01011627,All people aged 16 to 74 in employment,430,217,213
S01011627,1. Managers directors and senior officials,46,26,20
S01011627,2. Professional occupations,75,28,47
S01011627,3. Associate professional and technical occupations,66,36,30
S01011627,4. Administrative and secretarial occupations,64,10,54
S01011627,5. Skilled trades occupations,49,45,4
S01011627,6. Caring leisure and other service occupations,30,5,25
S01011627,7. Sales and customer service occupations,41,17,24
S01011627,8. Process plant and machine operatives,38,34,4
S01011627,9. Elementary occupations,21,16,5
S01011628,All people aged 16 to 74 in employment,555,288,267
S01011628,1. Managers directors and senior officials,43,25,18
S01011628,2. Professional occupations,83,37,46
S01011628,3. Associate professional and technical occupations,80,42,38
S01011628,4. Administrative and secretarial occupations,85,19,66
S01011628,5. Skilled trades occupations,71,68,3
S01011628,6. Caring leisure and other service occupations,52,7,45
S01011628,7. Sales and customer service occupations,56,22,34
S01011628,8. Process plant and machine operatives,41,40,1
S01011628,9. Elementary occupations,44,28,16
S01011629,All people aged 16 to 74 in employment,250,132,118
S01011629,1. Managers directors and senior officials,13,8,5
S01011629,2. Professional occupations,13,2,11
S01011629,3. Associate professional and technical occupations,18,12,6
S01011629,4. Administrative and secretarial occupations,32,7,25
S01011629,5. Skilled trades occupations,33,33,0
S01011629,6. Caring leisure and other service occupations,24,5,19
S01011629,7. Sales and customer service occupations,39,12,27
S01011629,8. Process plant and machine operatives,31,26,5
S01011629,9. Elementary occupations,47,27,20
S01011630,All people aged 16 to 74 in employment,275,138,137
S01011630,1. Managers directors and senior officials,17,9,8
S01011630,2. Professional occupations,19,7,12
S01011630,3. Associate professional and technical occupations,23,12,11
S01011630,4. Administrative and secretarial occupations,40,3,37
S01011630,5. Skilled trades occupations,46,42,4
S01011630,6. Caring leisure and other service occupations,30,3,27
S01011630,7. Sales and customer service occupations,29,10,19
S01011630,8. Process plant and machine operatives,44,37,7
S01011630,9. Elementary occupations,27,15,12
S01011631,All people aged 16 to 74 in employment,225,123,102
S01011631,1. Managers directors and senior officials,7,5,2
S01011631,2. Professional occupations,6,3,3
S01011631,3. Associate professional and technical occupations,9,6,3
S01011631,4. Administrative and secretarial occupations,19,6,13
S01011631,5. Skilled trades occupations,35,31,4
S01011631,6. Caring leisure and other service occupations,21,9,12
S01011631,7. Sales and customer service occupations,42,9,33
S01011631,8. Process plant and machine operatives,40,34,6
S01011631,9. Elementary occupations,46,20,26
S01011632,All people aged 16 to 74 in employment,333,159,174
S01011632,1. Managers directors and senior officials,17,10,7
S01011632,2. Professional occupations,23,8,15
S01011632,3. Associate professional and technical occupations,20,11,9
S01011632,4. Administrative and secretarial occupations,30,7,23
S01011632,5. Skilled trades occupations,32,30,2
S01011632,6. Caring leisure and other service occupations,53,3,50
S01011632,7. Sales and customer service occupations,39,14,25
S01011632,8. Process plant and machine operatives,59,44,15
S01011632,9. Elementary occupations,60,32,28
S01011633,All people aged 16 to 74 in employment,279,147,132
S01011633,1. Managers directors and senior officials,10,6,4
S01011633,2. Professional occupations,21,7,14
S01011633,3. Associate professional and technical occupations,20,9,11
S01011633,4. Administrative and secretarial occupations,33,8,25
S01011633,5. Skilled trades occupations,43,43,0
S01011633,6. Caring leisure and other service occupations,25,2,23
S01011633,7. Sales and customer service occupations,30,5,25
S01011633,8. Process plant and machine operatives,40,33,7
S01011633,9. Elementary occupations,57,34,23
S01011634,All people aged 16 to 74 in employment,212,105,107
S01011634,1. Managers directors and senior officials,9,6,3
S01011634,2. Professional occupations,11,2,9
S01011634,3. Associate professional and technical occupations,24,13,11
S01011634,4. Administrative and secretarial occupations,25,4,21
S01011634,5. Skilled trades occupations,21,20,1
S01011634,6. Caring leisure and other service occupations,24,3,21
S01011634,7. Sales and customer service occupations,29,9,20
S01011634,8. Process plant and machine operatives,33,30,3
S01011634,9. Elementary occupations,36,18,18
S01011635,All people aged 16 to 74 in employment,282,151,131
S01011635,1. Managers directors and senior officials,13,6,7
S01011635,2. Professional occupations,18,6,12
S01011635,3. Associate professional and technical occupations,22,13,9
S01011635,4. Administrative and secretarial occupations,26,5,21
S01011635,5. Skilled trades occupations,37,31,6
S01011635,6. Caring leisure and other service occupations,44,10,34
S01011635,7. Sales and customer service occupations,30,10,20
S01011635,8. Process plant and machine operatives,55,50,5
S01011635,9. Elementary occupations,37,20,17
S01011636,All people aged 16 to 74 in employment,279,143,136
S01011636,1. Managers directors and senior officials,8,5,3
S01011636,2. Professional occupations,13,3,10
S01011636,3. Associate professional and technical occupations,15,8,7
S01011636,4. Administrative and secretarial occupations,29,12,17
S01011636,5. Skilled trades occupations,37,32,5
S01011636,6. Caring leisure and other service occupations,37,4,33
S01011636,7. Sales and customer service occupations,43,14,29
S01011636,8. Process plant and machine operatives,36,30,6
S01011636,9. Elementary occupations,61,35,26
S01011637,All people aged 16 to 74 in employment,291,139,152
S01011637,1. Managers directors and senior officials,19,13,6
S01011637,2. Professional occupations,27,11,16
S01011637,3. Associate professional and technical occupations,23,7,16
S01011637,4. Administrative and secretarial occupations,42,14,28
S01011637,5. Skilled trades occupations,35,31,4
S01011637,6. Caring leisure and other service occupations,37,6,31
S01011637,7. Sales and customer service occupations,29,10,19
S01011637,8. Process plant and machine operatives,36,28,8
S01011637,9. Elementary occupations,43,19,24
S01011638,All people aged 16 to 74 in employment,223,103,120
S01011638,1. Managers directors and senior officials,16,9,7
S01011638,2. Professional occupations,29,9,20
S01011638,3. Associate professional and technical occupations,19,14,5
S01011638,4. Administrative and secretarial occupations,35,4,31
S01011638,5. Skilled trades occupations,26,21,5
S01011638,6. Caring leisure and other service occupations,26,4,22
S01011638,7. Sales and customer service occupations,17,6,11
S01011638,8. Process plant and machine operatives,27,23,4
S01011638,9. Elementary occupations,28,13,15
S01011639,All people aged 16 to 74 in employment,227,116,111
S01011639,1. Managers directors and senior officials,8,5,3
S01011639,2. Professional occupations,16,7,9
S01011639,3. Associate professional and technical occupations,24,14,10
S01011639,4. Administrative and secretarial occupations,22,7,15
S01011639,5. Skilled trades occupations,33,31,2
S01011639,6. Caring leisure and other service occupations,30,9,21
S01011639,7. Sales and customer service occupations,41,12,29
S01011639,8. Process plant and machine operatives,21,18,3
S01011639,9. Elementary occupations,32,13,19
S01011640,All people aged 16 to 74 in employment,288,154,134
S01011640,1. Managers directors and senior officials,15,9,6
S01011640,2. Professional occupations,17,3,14
S01011640,3. Associate professional and technical occupations,22,14,8
S01011640,4. Administrative and secretarial occupations,24,3,21
S01011640,5. Skilled trades occupations,45,41,4
S01011640,6. Caring leisure and other service occupations,35,8,27
S01011640,7. Sales and customer service occupations,43,12,31
S01011640,8. Process plant and machine operatives,39,37,2
S01011640,9. Elementary occupations,48,27,21
S01011641,All people aged 16 to 74 in employment,249,131,118
S01011641,1. Managers directors and senior officials,13,10,3
S01011641,2. Professional occupations,49,21,28
S01011641,3. Associate professional and technical occupations,35,22,13
S01011641,4. Administrative and secretarial occupations,44,10,34
S01011641,5. Skilled trades occupations,24,23,1
S01011641,6. Caring leisure and other service occupations,25,7,18
S01011641,7. Sales and customer service occupations,19,7,12
S01011641,8. Process plant and machine operatives,18,17,1
S01011641,9. Elementary occupations,22,14,8
S01011642,All people aged 16 to 74 in employment,402,202,200
S01011642,1. Managers directors and senior officials,38,25,13
S01011642,2. Professional occupations,57,24,33
S01011642,3. Associate professional and technical occupations,47,23,24
S01011642,4. Administrative and secretarial occupations,55,11,44
S01011642,5. Skilled trades occupations,57,54,3
S01011642,6. Caring leisure and other service occupations,33,4,29
S01011642,7. Sales and customer service occupations,40,10,30
S01011642,8. Process plant and machine operatives,32,20,12
S01011642,9. Elementary occupations,43,31,12
S01011643,All people aged 16 to 74 in employment,307,168,139
S01011643,1. Managers directors and senior officials,32,24,8
S01011643,2. Professional occupations,64,30,34
S01011643,3. Associate professional and technical occupations,49,24,25
S01011643,4. Administrative and secretarial occupations,25,2,23
S01011643,5. Skilled trades occupations,37,36,1
S01011643,6. Caring leisure and other service occupations,25,7,18
S01011643,7. Sales and customer service occupations,18,8,10
S01011643,8. Process plant and machine operatives,31,23,8
S01011643,9. Elementary occupations,26,14,12
S01011644,All people aged 16 to 74 in employment,319,166,153
S01011644,1. Managers directors and senior officials,25,18,7
S01011644,2. Professional occupations,51,23,28
S01011644,3. Associate professional and technical occupations,41,26,15
S01011644,4. Administrative and secretarial occupations,36,3,33
S01011644,5. Skilled trades occupations,31,29,2
S01011644,6. Caring leisure and other service occupations,44,6,38
S01011644,7. Sales and customer service occupations,35,14,21
S01011644,8. Process plant and machine operatives,32,28,4
S01011644,9. Elementary occupations,24,19,5
S01011645,All people aged 16 to 74 in employment,228,108,120
S01011645,1. Managers directors and senior officials,7,6,1
S01011645,2. Professional occupations,31,8,23
S01011645,3. Associate professional and technical occupations,24,14,10
S01011645,4. Administrative and secretarial occupations,29,9,20
S01011645,5. Skilled trades occupations,25,21,4
S01011645,6. Caring leisure and other service occupations,32,8,24
S01011645,7. Sales and customer service occupations,31,5,26
S01011645,8. Process plant and machine operatives,25,21,4
S01011645,9. Elementary occupations,24,16,8
S01011646,All people aged 16 to 74 in employment,352,185,167
S01011646,1. Managers directors and senior officials,49,34,15
S01011646,2. Professional occupations,72,30,42
S01011646,3. Associate professional and technical occupations,44,32,12
S01011646,4. Administrative and secretarial occupations,54,11,43
S01011646,5. Skilled trades occupations,31,27,4
S01011646,6. Caring leisure and other service occupations,22,3,19
S01011646,7. Sales and customer service occupations,41,15,26
S01011646,8. Process plant and machine operatives,23,21,2
S01011646,9. Elementary occupations,16,12,4
S01011647,All people aged 16 to 74 in employment,496,250,246
S01011647,1. Managers directors and senior officials,51,32,19
S01011647,2. Professional occupations,92,37,55
S01011647,3. Associate professional and technical occupations,62,34,28
S01011647,4. Administrative and secretarial occupations,79,16,63
S01011647,5. Skilled trades occupations,51,49,2
S01011647,6. Caring leisure and other service occupations,36,8,28
S01011647,7. Sales and customer service occupations,58,21,37
S01011647,8. Process plant and machine operatives,33,33,0
S01011647,9. Elementary occupations,34,20,14
S01011648,All people aged 16 to 74 in employment,365,190,175
S01011648,1. Managers directors and senior officials,35,18,17
S01011648,2. Professional occupations,79,28,51
S01011648,3. Associate professional and technical occupations,63,38,25
S01011648,4. Administrative and secretarial occupations,39,8,31
S01011648,5. Skilled trades occupations,44,44,0
S01011648,6. Caring leisure and other service occupations,23,5,18
S01011648,7. Sales and customer service occupations,29,12,17
S01011648,8. Process plant and machine operatives,27,23,4
S01011648,9. Elementary occupations,26,14,12
S01011649,All people aged 16 to 74 in employment,237,125,112
S01011649,1. Managers directors and senior officials,15,10,5
S01011649,2. Professional occupations,31,8,23
S01011649,3. Associate professional and technical occupations,21,15,6
S01011649,4. Administrative and secretarial occupations,32,8,24
S01011649,5. Skilled trades occupations,28,27,1
S01011649,6. Caring leisure and other service occupations,21,6,15
S01011649,7. Sales and customer service occupations,30,12,18
S01011649,8. Process plant and machine operatives,28,22,6
S01011649,9. Elementary occupations,31,17,14
S01011650,All people aged 16 to 74 in employment,331,171,160
S01011650,1. Managers directors and senior officials,37,25,12
S01011650,2. Professional occupations,72,29,43
S01011650,3. Associate professional and technical occupations,43,26,17
S01011650,4. Administrative and secretarial occupations,42,10,32
S01011650,5. Skilled trades occupations,27,24,3
S01011650,6. Caring leisure and other service occupations,25,6,19
S01011650,7. Sales and customer service occupations,35,12,23
S01011650,8. Process plant and machine operatives,25,21,4
S01011650,9. Elementary occupations,25,18,7
S01011651,All people aged 16 to 74 in employment,442,238,204
S01011651,1. Managers directors and senior officials,27,19,8
S01011651,2. Professional occupations,72,33,39
S01011651,3. Associate professional and technical occupations,67,39,28
S01011651,4. Administrative and secretarial occupations,55,10,45
S01011651,5. Skilled trades occupations,57,55,2
S01011651,6. Caring leisure and other service occupations,42,10,32
S01011651,7. Sales and customer service occupations,40,9,31
S01011651,8. Process plant and machine operatives,37,30,7
S01011651,9. Elementary occupations,45,33,12
S01011652,All people aged 16 to 74 in employment,419,218,201
S01011652,1. Managers directors and senior officials,27,18,9
S01011652,2. Professional occupations,79,32,47
S01011652,3. Associate professional and technical occupations,50,29,21
S01011652,4. Administrative and secretarial occupations,57,16,41
S01011652,5. Skilled trades occupations,47,45,2
S01011652,6. Caring leisure and other service occupations,32,9,23
S01011652,7. Sales and customer service occupations,61,18,43
S01011652,8. Process plant and machine operatives,34,29,5
S01011652,9. Elementary occupations,32,22,10
S01011653,All people aged 16 to 74 in employment,373,184,189
S01011653,1. Managers directors and senior officials,27,11,16
S01011653,2. Professional occupations,24,5,19
S01011653,3. Associate professional and technical occupations,27,17,10
S01011653,4. Administrative and secretarial occupations,36,5,31
S01011653,5. Skilled trades occupations,45,44,1
S01011653,6. Caring leisure and other service occupations,54,16,38
S01011653,7. Sales and customer service occupations,48,11,37
S01011653,8. Process plant and machine operatives,55,47,8
S01011653,9. Elementary occupations,57,28,29
S01011654,All people aged 16 to 74 in employment,401,206,195
S01011654,1. Managers directors and senior officials,36,21,15
S01011654,2. Professional occupations,70,30,40
S01011654,3. Associate professional and technical occupations,51,24,27
S01011654,4. Administrative and secretarial occupations,37,9,28
S01011654,5. Skilled trades occupations,37,32,5
S01011654,6. Caring leisure and other service occupations,43,10,33
S01011654,7. Sales and customer service occupations,38,16,22
S01011654,8. Process plant and machine operatives,47,38,9
S01011654,9. Elementary occupations,42,26,16
S01011655,All people aged 16 to 74 in employment,341,173,168
S01011655,1. Managers directors and senior officials,13,3,10
S01011655,2. Professional occupations,21,8,13
S01011655,3. Associate professional and technical occupations,35,22,13
S01011655,4. Administrative and secretarial occupations,30,4,26
S01011655,5. Skilled trades occupations,49,44,5
S01011655,6. Caring leisure and other service occupations,38,5,33
S01011655,7. Sales and customer service occupations,40,10,30
S01011655,8. Process plant and machine operatives,47,41,6
S01011655,9. Elementary occupations,68,36,32
S01011656,All people aged 16 to 74 in employment,232,117,115
S01011656,1. Managers directors and senior officials,9,5,4
S01011656,2. Professional occupations,14,4,10
S01011656,3. Associate professional and technical occupations,15,8,7
S01011656,4. Administrative and secretarial occupations,28,6,22
S01011656,5. Skilled trades occupations,24,21,3
S01011656,6. Caring leisure and other service occupations,23,3,20
S01011656,7. Sales and customer service occupations,32,10,22
S01011656,8. Process plant and machine operatives,38,33,5
S01011656,9. Elementary occupations,49,27,22
S01011657,All people aged 16 to 74 in employment,204,104,100
S01011657,1. Managers directors and senior officials,6,3,3
S01011657,2. Professional occupations,29,11,18
S01011657,3. Associate professional and technical occupations,12,6,6
S01011657,4. Administrative and secretarial occupations,22,8,14
S01011657,5. Skilled trades occupations,26,24,2
S01011657,6. Caring leisure and other service occupations,26,4,22
S01011657,7. Sales and customer service occupations,22,7,15
S01011657,8. Process plant and machine operatives,23,18,5
S01011657,9. Elementary occupations,38,23,15
S01011658,All people aged 16 to 74 in employment,297,170,127
S01011658,1. Managers directors and senior officials,9,6,3
S01011658,2. Professional occupations,17,5,12
S01011658,3. Associate professional and technical occupations,21,8,13
S01011658,4. Administrative and secretarial occupations,23,3,20
S01011658,5. Skilled trades occupations,42,42,0
S01011658,6. Caring leisure and other service occupations,43,10,33
S01011658,7. Sales and customer service occupations,43,13,30
S01011658,8. Process plant and machine operatives,53,48,5
S01011658,9. Elementary occupations,46,35,11
S01011659,All people aged 16 to 74 in employment,321,159,162
S01011659,1. Managers directors and senior officials,22,10,12
S01011659,2. Professional occupations,26,12,14
S01011659,3. Associate professional and technical occupations,16,8,8
S01011659,4. Administrative and secretarial occupations,34,5,29
S01011659,5. Skilled trades occupations,48,44,4
S01011659,6. Caring leisure and other service occupations,36,8,28
S01011659,7. Sales and customer service occupations,46,11,35
S01011659,8. Process plant and machine operatives,39,33,6
S01011659,9. Elementary occupations,54,28,26
S01011660,All people aged 16 to 74 in employment,483,249,234
S01011660,1. Managers directors and senior officials,32,23,9
S01011660,2. Professional occupations,69,31,38
S01011660,3. Associate professional and technical occupations,47,29,18
S01011660,4. Administrative and secretarial occupations,63,6,57
S01011660,5. Skilled trades occupations,60,56,4
S01011660,6. Caring leisure and other service occupations,55,13,42
S01011660,7. Sales and customer service occupations,52,18,34
S01011660,8. Process plant and machine operatives,52,44,8
S01011660,9. Elementary occupations,53,29,24
S01011661,All people aged 16 to 74 in employment,237,123,114
S01011661,1. Managers directors and senior officials,8,7,1
S01011661,2. Professional occupations,18,5,13
S01011661,3. Associate professional and technical occupations,18,11,7
S01011661,4. Administrative and secretarial occupations,33,6,27
S01011661,5. Skilled trades occupations,43,37,6
S01011661,6. Caring leisure and other service occupations,23,2,21
S01011661,7. Sales and customer service occupations,28,10,18
S01011661,8. Process plant and machine operatives,34,31,3
S01011661,9. Elementary occupations,32,14,18
S01011662,All people aged 16 to 74 in employment,367,196,171
S01011662,1. Managers directors and senior officials,30,25,5
S01011662,2. Professional occupations,61,22,39
S01011662,3. Associate professional and technical occupations,57,36,21
S01011662,4. Administrative and secretarial occupations,52,10,42
S01011662,5. Skilled trades occupations,49,48,1
S01011662,6. Caring leisure and other service occupations,28,7,21
S01011662,7. Sales and customer service occupations,34,8,26
S01011662,8. Process plant and machine operatives,33,31,2
S01011662,9. Elementary occupations,23,9,14
S01011663,All people aged 16 to 74 in employment,405,198,207
S01011663,1. Managers directors and senior officials,12,7,5
S01011663,2. Professional occupations,33,13,20
S01011663,3. Associate professional and technical occupations,37,16,21
S01011663,4. Administrative and secretarial occupations,31,1,30
S01011663,5. Skilled trades occupations,55,52,3
S01011663,6. Caring leisure and other service occupations,45,5,40
S01011663,7. Sales and customer service occupations,56,19,37
S01011663,8. Process plant and machine operatives,65,51,14
S01011663,9. Elementary occupations,71,34,37
S01011664,All people aged 16 to 74 in employment,375,197,178
S01011664,1. Managers directors and senior officials,14,12,2
S01011664,2. Professional occupations,25,4,21
S01011664,3. Associate professional and technical occupations,23,11,12
S01011664,4. Administrative and secretarial occupations,39,5,34
S01011664,5. Skilled trades occupations,56,50,6
S01011664,6. Caring leisure and other service occupations,56,12,44
S01011664,7. Sales and customer service occupations,33,11,22
S01011664,8. Process plant and machine operatives,53,45,8
S01011664,9. Elementary occupations,76,47,29
S01011665,All people aged 16 to 74 in employment,354,189,165
S01011665,1. Managers directors and senior officials,20,9,11
S01011665,2. Professional occupations,44,13,31
S01011665,3. Associate professional and technical occupations,38,25,13
S01011665,4. Administrative and secretarial occupations,33,7,26
S01011665,5. Skilled trades occupations,38,36,2
S01011665,6. Caring leisure and other service occupations,41,13,28
S01011665,7. Sales and customer service occupations,51,21,30
S01011665,8. Process plant and machine operatives,43,38,5
S01011665,9. Elementary occupations,46,27,19
S01011666,All people aged 16 to 74 in employment,313,157,156
S01011666,1. Managers directors and senior officials,17,8,9
S01011666,2. Professional occupations,29,13,16
S01011666,3. Associate professional and technical occupations,34,22,12
S01011666,4. Administrative and secretarial occupations,37,7,30
S01011666,5. Skilled trades occupations,34,32,2
S01011666,6. Caring leisure and other service occupations,34,7,27
S01011666,7. Sales and customer service occupations,44,15,29
S01011666,8. Process plant and machine operatives,30,29,1
S01011666,9. Elementary occupations,54,24,30
S01011667,All people aged 16 to 74 in employment,326,180,146
S01011667,1. Managers directors and senior officials,24,21,3
S01011667,2. Professional occupations,40,17,23
S01011667,3. Associate professional and technical occupations,36,23,13
S01011667,4. Administrative and secretarial occupations,30,7,23
S01011667,5. Skilled trades occupations,36,31,5
S01011667,6. Caring leisure and other service occupations,31,9,22
S01011667,7. Sales and customer service occupations,44,13,31
S01011667,8. Process plant and machine operatives,43,36,7
S01011667,9. Elementary occupations,42,23,19
S01011668,All people aged 16 to 74 in employment,406,210,196
S01011668,1. Managers directors and senior officials,19,12,7
S01011668,2. Professional occupations,23,9,14
S01011668,3. Associate professional and technical occupations,32,14,18
S01011668,4. Administrative and secretarial occupations,38,11,27
S01011668,5. Skilled trades occupations,42,40,2
S01011668,6. Caring leisure and other service occupations,37,6,31
S01011668,7. Sales and customer service occupations,48,16,32
S01011668,8. Process plant and machine operatives,68,54,14
S01011668,9. Elementary occupations,99,48,51
S01011669,All people aged 16 to 74 in employment,285,149,136
S01011669,1. Managers directors and senior officials,28,22,6
S01011669,2. Professional occupations,53,21,32
S01011669,3. Associate professional and technical occupations,32,16,16
S01011669,4. Administrative and secretarial occupations,38,12,26
S01011669,5. Skilled trades occupations,28,28,0
S01011669,6. Caring leisure and other service occupations,24,6,18
S01011669,7. Sales and customer service occupations,33,9,24
S01011669,8. Process plant and machine operatives,18,17,1
S01011669,9. Elementary occupations,31,18,13
S01011670,All people aged 16 to 74 in employment,239,120,119
S01011670,1. Managers directors and senior officials,4,4,0
S01011670,2. Professional occupations,20,6,14
S01011670,3. Associate professional and technical occupations,18,11,7
S01011670,4. Administrative and secretarial occupations,30,3,27
S01011670,5. Skilled trades occupations,25,22,3
S01011670,6. Caring leisure and other service occupations,25,8,17
S01011670,7. Sales and customer service occupations,39,9,30
S01011670,8. Process plant and machine operatives,39,36,3
S01011670,9. Elementary occupations,39,21,18
S01011671,All people aged 16 to 74 in employment,305,162,143
S01011671,1. Managers directors and senior officials,22,16,6
S01011671,2. Professional occupations,48,24,24
S01011671,3. Associate professional and technical occupations,41,19,22
S01011671,4. Administrative and secretarial occupations,39,13,26
S01011671,5. Skilled trades occupations,27,26,1
S01011671,6. Caring leisure and other service occupations,27,8,19
S01011671,7. Sales and customer service occupations,37,9,28
S01011671,8. Process plant and machine operatives,33,28,5
S01011671,9. Elementary occupations,31,19,12
S01011672,All people aged 16 to 74 in employment,235,117,118
S01011672,1. Managers directors and senior officials,11,6,5
S01011672,2. Professional occupations,36,10,26
S01011672,3. Associate professional and technical occupations,23,11,12
S01011672,4. Administrative and secretarial occupations,39,9,30
S01011672,5. Skilled trades occupations,29,28,1
S01011672,6. Caring leisure and other service occupations,15,3,12
S01011672,7. Sales and customer service occupations,26,6,20
S01011672,8. Process plant and machine operatives,27,26,1
S01011672,9. Elementary occupations,29,18,11
S01011673,All people aged 16 to 74 in employment,298,154,144
S01011673,1. Managers directors and senior officials,11,7,4
S01011673,2. Professional occupations,23,10,13
S01011673,3. Associate professional and technical occupations,15,8,7
S01011673,4. Administrative and secretarial occupations,33,2,31
S01011673,5. Skilled trades occupations,44,39,5
S01011673,6. Caring leisure and other service occupations,27,5,22
S01011673,7. Sales and customer service occupations,52,18,34
S01011673,8. Process plant and machine operatives,40,37,3
S01011673,9. Elementary occupations,53,28,25
S01011674,All people aged 16 to 74 in employment,496,254,242
S01011674,1. Managers directors and senior officials,28,19,9
S01011674,2. Professional occupations,75,27,48
S01011674,3. Associate professional and technical occupations,66,41,25
S01011674,4. Administrative and secretarial occupations,74,13,61
S01011674,5. Skilled trades occupations,54,53,1
S01011674,6. Caring leisure and other service occupations,53,11,42
S01011674,7. Sales and customer service occupations,54,19,35
S01011674,8. Process plant and machine operatives,49,43,6
S01011674,9. Elementary occupations,43,28,15
S01011675,All people aged 16 to 74 in employment,389,200,189
S01011675,1. Managers directors and senior officials,27,20,7
S01011675,2. Professional occupations,39,18,21
S01011675,3. Associate professional and technical occupations,30,14,16
S01011675,4. Administrative and secretarial occupations,43,5,38
S01011675,5. Skilled trades occupations,50,45,5
S01011675,6. Caring leisure and other service occupations,37,5,32
S01011675,7. Sales and customer service occupations,40,8,32
S01011675,8. Process plant and machine operatives,68,59,9
S01011675,9. Elementary occupations,55,26,29
S01011676,All people aged 16 to 74 in employment,271,138,133
S01011676,1. Managers directors and senior officials,5,3,2
S01011676,2. Professional occupations,22,7,15
S01011676,3. Associate professional and technical occupations,17,11,6
S01011676,4. Administrative and secretarial occupations,25,4,21
S01011676,5. Skilled trades occupations,28,23,5
S01011676,6. Caring leisure and other service occupations,35,6,29
S01011676,7. Sales and customer service occupations,37,7,30
S01011676,8. Process plant and machine operatives,34,30,4
S01011676,9. Elementary occupations,68,47,21
S01011677,All people aged 16 to 74 in employment,306,155,151
S01011677,1. Managers directors and senior officials,21,17,4
S01011677,2. Professional occupations,50,12,38
S01011677,3. Associate professional and technical occupations,52,33,19
S01011677,4. Administrative and secretarial occupations,22,4,18
S01011677,5. Skilled trades occupations,38,36,2
S01011677,6. Caring leisure and other service occupations,28,4,24
S01011677,7. Sales and customer service occupations,45,18,27
S01011677,8. Process plant and machine operatives,17,11,6
S01011677,9. Elementary occupations,33,20,13
S01011678,All people aged 16 to 74 in employment,168,81,87
S01011678,1. Managers directors and senior officials,9,4,5
S01011678,2. Professional occupations,18,7,11
S01011678,3. Associate professional and technical occupations,8,5,3
S01011678,4. Administrative and secretarial occupations,16,2,14
S01011678,5. Skilled trades occupations,17,16,1
S01011678,6. Caring leisure and other service occupations,23,4,19
S01011678,7. Sales and customer service occupations,21,7,14
S01011678,8. Process plant and machine operatives,28,24,4
S01011678,9. Elementary occupations,28,12,16
S01011679,All people aged 16 to 74 in employment,324,166,158
S01011679,1. Managers directors and senior officials,26,15,11
S01011679,2. Professional occupations,45,15,30
S01011679,3. Associate professional and technical occupations,50,27,23
S01011679,4. Administrative and secretarial occupations,39,9,30
S01011679,5. Skilled trades occupations,38,36,2
S01011679,6. Caring leisure and other service occupations,23,3,20
S01011679,7. Sales and customer service occupations,37,8,29
S01011679,8. Process plant and machine operatives,34,29,5
S01011679,9. Elementary occupations,32,24,8
S01011680,All people aged 16 to 74 in employment,413,235,178
S01011680,1. Managers directors and senior officials,24,16,8
S01011680,2. Professional occupations,28,9,19
S01011680,3. Associate professional and technical occupations,35,17,18
S01011680,4. Administrative and secretarial occupations,44,12,32
S01011680,5. Skilled trades occupations,60,57,3
S01011680,6. Caring leisure and other service occupations,54,10,44
S01011680,7. Sales and customer service occupations,38,14,24
S01011680,8. Process plant and machine operatives,78,71,7
S01011680,9. Elementary occupations,52,29,23
S01011681,All people aged 16 to 74 in employment,392,194,198
S01011681,1. Managers directors and senior officials,27,20,7
S01011681,2. Professional occupations,51,14,37
S01011681,3. Associate professional and technical occupations,26,10,16
S01011681,4. Administrative and secretarial occupations,41,7,34
S01011681,5. Skilled trades occupations,50,43,7
S01011681,6. Caring leisure and other service occupations,48,8,40
S01011681,7. Sales and customer service occupations,39,10,29
S01011681,8. Process plant and machine operatives,61,54,7
S01011681,9. Elementary occupations,49,28,21
S01011682,All people aged 16 to 74 in employment,223,128,95
S01011682,1. Managers directors and senior officials,25,16,9
S01011682,2. Professional occupations,31,11,20
S01011682,3. Associate professional and technical occupations,25,12,13
S01011682,4. Administrative and secretarial occupations,17,3,14
S01011682,5. Skilled trades occupations,56,48,8
S01011682,6. Caring leisure and other service occupations,17,1,16
S01011682,7. Sales and customer service occupations,12,4,8
S01011682,8. Process plant and machine operatives,25,24,1
S01011682,9. Elementary occupations,15,9,6
S01011683,All people aged 16 to 74 in employment,356,200,156
S01011683,1. Managers directors and senior officials,16,8,8
S01011683,2. Professional occupations,24,11,13
S01011683,3. Associate professional and technical occupations,31,15,16
S01011683,4. Administrative and secretarial occupations,38,9,29
S01011683,5. Skilled trades occupations,77,70,7
S01011683,6. Caring leisure and other service occupations,40,3,37
S01011683,7. Sales and customer service occupations,31,9,22
S01011683,8. Process plant and machine operatives,50,45,5
S01011683,9. Elementary occupations,49,30,19
S01011684,All people aged 16 to 74 in employment,241,134,107
S01011684,1. Managers directors and senior officials,22,19,3
S01011684,2. Professional occupations,24,14,10
S01011684,3. Associate professional and technical occupations,20,10,10
S01011684,4. Administrative and secretarial occupations,34,4,30
S01011684,5. Skilled trades occupations,28,28,0
S01011684,6. Caring leisure and other service occupations,20,2,18
S01011684,7. Sales and customer service occupations,24,9,15
S01011684,8. Process plant and machine operatives,40,35,5
S01011684,9. Elementary occupations,29,13,16
S01011685,All people aged 16 to 74 in employment,471,242,229
S01011685,1. Managers directors and senior officials,52,39,13
S01011685,2. Professional occupations,67,20,47
S01011685,3. Associate professional and technical occupations,78,43,35
S01011685,4. Administrative and secretarial occupations,68,12,56
S01011685,5. Skilled trades occupations,50,47,3
S01011685,6. Caring leisure and other service occupations,34,4,30
S01011685,7. Sales and customer service occupations,41,15,26
S01011685,8. Process plant and machine operatives,52,44,8
S01011685,9. Elementary occupations,29,18,11
S01011686,All people aged 16 to 74 in employment,472,245,227
S01011686,1. Managers directors and senior officials,42,25,17
S01011686,2. Professional occupations,76,27,49
S01011686,3. Associate professional and technical occupations,58,32,26
S01011686,4. Administrative and secretarial occupations,67,9,58
S01011686,5. Skilled trades occupations,72,69,3
S01011686,6. Caring leisure and other service occupations,30,1,29
S01011686,7. Sales and customer service occupations,41,13,28
S01011686,8. Process plant and machine operatives,58,53,5
S01011686,9. Elementary occupations,28,16,12
S01011687,All people aged 16 to 74 in employment,382,215,167
S01011687,1. Managers directors and senior officials,23,18,5
S01011687,2. Professional occupations,37,14,23
S01011687,3. Associate professional and technical occupations,42,29,13
S01011687,4. Administrative and secretarial occupations,49,11,38
S01011687,5. Skilled trades occupations,53,52,1
S01011687,6. Caring leisure and other service occupations,46,10,36
S01011687,7. Sales and customer service occupations,42,12,30
S01011687,8. Process plant and machine operatives,49,44,5
S01011687,9. Elementary occupations,41,25,16
S01011688,All people aged 16 to 74 in employment,425,232,193
S01011688,1. Managers directors and senior officials,41,30,11
S01011688,2. Professional occupations,65,27,38
S01011688,3. Associate professional and technical occupations,55,33,22
S01011688,4. Administrative and secretarial occupations,58,9,49
S01011688,5. Skilled trades occupations,63,60,3
S01011688,6. Caring leisure and other service occupations,32,9,23
S01011688,7. Sales and customer service occupations,37,12,25
S01011688,8. Process plant and machine operatives,36,30,6
S01011688,9. Elementary occupations,38,22,16
S01011689,All people aged 16 to 74 in employment,374,196,178
S01011689,1. Managers directors and senior officials,49,34,15
S01011689,2. Professional occupations,78,34,44
S01011689,3. Associate professional and technical occupations,50,23,27
S01011689,4. Administrative and secretarial occupations,49,7,42
S01011689,5. Skilled trades occupations,57,50,7
S01011689,6. Caring leisure and other service occupations,20,5,15
S01011689,7. Sales and customer service occupations,19,5,14
S01011689,8. Process plant and machine operatives,26,21,5
S01011689,9. Elementary occupations,26,17,9
S01011690,All people aged 16 to 74 in employment,523,264,259
S01011690,1. Managers directors and senior officials,54,37,17
S01011690,2. Professional occupations,76,33,43
S01011690,3. Associate professional and technical occupations,82,40,42
S01011690,4. Administrative and secretarial occupations,55,9,46
S01011690,5. Skilled trades occupations,69,66,3
S01011690,6. Caring leisure and other service occupations,55,7,48
S01011690,7. Sales and customer service occupations,48,10,38
S01011690,8. Process plant and machine operatives,44,40,4
S01011690,9. Elementary occupations,40,22,18
S01011691,All people aged 16 to 74 in employment,315,161,154
S01011691,1. Managers directors and senior officials,31,22,9
S01011691,2. Professional occupations,49,19,30
S01011691,3. Associate professional and technical occupations,47,26,21
S01011691,4. Administrative and secretarial occupations,36,7,29
S01011691,5. Skilled trades occupations,31,30,1
S01011691,6. Caring leisure and other service occupations,32,5,27
S01011691,7. Sales and customer service occupations,32,10,22
S01011691,8. Process plant and machine operatives,36,32,4
S01011691,9. Elementary occupations,21,10,11
S01011692,All people aged 16 to 74 in employment,442,237,205
S01011692,1. Managers directors and senior officials,27,19,8
S01011692,2. Professional occupations,31,14,17
S01011692,3. Associate professional and technical occupations,28,17,11
S01011692,4. Administrative and secretarial occupations,56,14,42
S01011692,5. Skilled trades occupations,58,50,8
S01011692,6. Caring leisure and other service occupations,53,12,41
S01011692,7. Sales and customer service occupations,48,11,37
S01011692,8. Process plant and machine operatives,65,58,7
S01011692,9. Elementary occupations,76,42,34
S01011693,All people aged 16 to 74 in employment,442,223,219
S01011693,1. Managers directors and senior officials,41,27,14
S01011693,2. Professional occupations,93,31,62
S01011693,3. Associate professional and technical occupations,52,31,21
S01011693,4. Administrative and secretarial occupations,59,17,42
S01011693,5. Skilled trades occupations,49,49,0
S01011693,6. Caring leisure and other service occupations,38,8,30
S01011693,7. Sales and customer service occupations,36,8,28
S01011693,8. Process plant and machine operatives,39,35,4
S01011693,9. Elementary occupations,35,17,18
S01011694,All people aged 16 to 74 in employment,300,150,150
S01011694,1. Managers directors and senior officials,37,21,16
S01011694,2. Professional occupations,59,22,37
S01011694,3. Associate professional and technical occupations,50,23,27
S01011694,4. Administrative and secretarial occupations,41,14,27
S01011694,5. Skilled trades occupations,29,28,1
S01011694,6. Caring leisure and other service occupations,17,1,16
S01011694,7. Sales and customer service occupations,26,7,19
S01011694,8. Process plant and machine operatives,26,24,2
S01011694,9. Elementary occupations,15,10,5
S01011695,All people aged 16 to 74 in employment,528,269,259
S01011695,1. Managers directors and senior officials,65,36,29
S01011695,2. Professional occupations,93,36,57
S01011695,3. Associate professional and technical occupations,90,48,42
S01011695,4. Administrative and secretarial occupations,70,8,62
S01011695,5. Skilled trades occupations,76,72,4
S01011695,6. Caring leisure and other service occupations,32,7,25
S01011695,7. Sales and customer service occupations,35,10,25
S01011695,8. Process plant and machine operatives,39,35,4
S01011695,9. Elementary occupations,28,17,11
S01011696,All people aged 16 to 74 in employment,607,315,292
S01011696,1. Managers directors and senior officials,103,67,36
S01011696,2. Professional occupations,163,68,95
S01011696,3. Associate professional and technical occupations,112,73,39
S01011696,4. Administrative and secretarial occupations,65,9,56
S01011696,5. Skilled trades occupations,48,44,4
S01011696,6. Caring leisure and other service occupations,27,9,18
S01011696,7. Sales and customer service occupations,39,10,29
S01011696,8. Process plant and machine operatives,30,26,4
S01011696,9. Elementary occupations,20,9,11
S01011697,All people aged 16 to 74 in employment,537,261,276
S01011697,1. Managers directors and senior officials,62,43,19
S01011697,2. Professional occupations,107,50,57
S01011697,3. Associate professional and technical occupations,94,53,41
S01011697,4. Administrative and secretarial occupations,85,11,74
S01011697,5. Skilled trades occupations,48,43,5
S01011697,6. Caring leisure and other service occupations,28,4,24
S01011697,7. Sales and customer service occupations,52,16,36
S01011697,8. Process plant and machine operatives,30,27,3
S01011697,9. Elementary occupations,31,14,17
S01011698,All people aged 16 to 74 in employment,303,148,155
S01011698,1. Managers directors and senior officials,18,5,13
S01011698,2. Professional occupations,22,10,12
S01011698,3. Associate professional and technical occupations,39,22,17
S01011698,4. Administrative and secretarial occupations,41,4,37
S01011698,5. Skilled trades occupations,43,39,4
S01011698,6. Caring leisure and other service occupations,30,4,26
S01011698,7. Sales and customer service occupations,33,11,22
S01011698,8. Process plant and machine operatives,39,33,6
S01011698,9. Elementary occupations,38,20,18
S01011699,All people aged 16 to 74 in employment,480,245,235
S01011699,1. Managers directors and senior officials,49,32,17
S01011699,2. Professional occupations,74,30,44
S01011699,3. Associate professional and technical occupations,73,41,32
S01011699,4. Administrative and secretarial occupations,90,15,75
S01011699,5. Skilled trades occupations,56,54,2
S01011699,6. Caring leisure and other service occupations,33,10,23
S01011699,7. Sales and customer service occupations,48,21,27
S01011699,8. Process plant and machine operatives,22,21,1
S01011699,9. Elementary occupations,35,21,14
S01011700,All people aged 16 to 74 in employment,352,177,175
S01011700,1. Managers directors and senior officials,35,24,11
S01011700,2. Professional occupations,49,15,34
S01011700,3. Associate professional and technical occupations,39,21,18
S01011700,4. Administrative and secretarial occupations,52,13,39
S01011700,5. Skilled trades occupations,43,42,1
S01011700,6. Caring leisure and other service occupations,43,7,36
S01011700,7. Sales and customer service occupations,35,11,24
S01011700,8. Process plant and machine operatives,28,28,0
S01011700,9. Elementary occupations,28,16,12
S01011701,All people aged 16 to 74 in employment,550,298,252
S01011701,1. Managers directors and senior officials,57,38,19
S01011701,2. Professional occupations,132,65,67
S01011701,3. Associate professional and technical occupations,97,55,42
S01011701,4. Administrative and secretarial occupations,66,13,53
S01011701,5. Skilled trades occupations,55,55,0
S01011701,6. Caring leisure and other service occupations,44,12,32
S01011701,7. Sales and customer service occupations,42,15,27
S01011701,8. Process plant and machine operatives,27,26,1
S01011701,9. Elementary occupations,30,19,11
S01011702,All people aged 16 to 74 in employment,340,166,174
S01011702,1. Managers directors and senior officials,32,16,16
S01011702,2. Professional occupations,71,24,47
S01011702,3. Associate professional and technical occupations,43,26,17
S01011702,4. Administrative and secretarial occupations,37,8,29
S01011702,5. Skilled trades occupations,35,31,4
S01011702,6. Caring leisure and other service occupations,33,6,27
S01011702,7. Sales and customer service occupations,36,17,19
S01011702,8. Process plant and machine operatives,27,25,2
S01011702,9. Elementary occupations,26,13,13
S01011703,All people aged 16 to 74 in employment,323,171,152
S01011703,1. Managers directors and senior officials,38,27,11
S01011703,2. Professional occupations,84,40,44
S01011703,3. Associate professional and technical occupations,37,21,16
S01011703,4. Administrative and secretarial occupations,34,7,27
S01011703,5. Skilled trades occupations,43,39,4
S01011703,6. Caring leisure and other service occupations,22,3,19
S01011703,7. Sales and customer service occupations,33,11,22
S01011703,8. Process plant and machine operatives,18,17,1
S01011703,9. Elementary occupations,14,6,8
S01011704,All people aged 16 to 74 in employment,400,202,198
S01011704,1. Managers directors and senior officials,34,26,8
S01011704,2. Professional occupations,89,41,48
S01011704,3. Associate professional and technical occupations,70,45,25
S01011704,4. Administrative and secretarial occupations,55,5,50
S01011704,5. Skilled trades occupations,38,33,5
S01011704,6. Caring leisure and other service occupations,31,5,26
S01011704,7. Sales and customer service occupations,35,14,21
S01011704,8. Process plant and machine operatives,22,20,2
S01011704,9. Elementary occupations,26,13,13
S01011705,All people aged 16 to 74 in employment,343,164,179
S01011705,1. Managers directors and senior officials,26,18,8
S01011705,2. Professional occupations,40,13,27
S01011705,3. Associate professional and technical occupations,46,21,25
S01011705,4. Administrative and secretarial occupations,39,4,35
S01011705,5. Skilled trades occupations,49,47,2
S01011705,6. Caring leisure and other service occupations,39,2,37
S01011705,7. Sales and customer service occupations,28,9,19
S01011705,8. Process plant and machine operatives,42,37,5
S01011705,9. Elementary occupations,34,13,21
S01011706,All people aged 16 to 74 in employment,462,246,216
S01011706,1. Managers directors and senior officials,31,19,12
S01011706,2. Professional occupations,60,19,41
S01011706,3. Associate professional and technical occupations,46,25,21
S01011706,4. Administrative and secretarial occupations,63,15,48
S01011706,5. Skilled trades occupations,61,56,5
S01011706,6. Caring leisure and other service occupations,45,11,34
S01011706,7. Sales and customer service occupations,63,27,36
S01011706,8. Process plant and machine operatives,46,43,3
S01011706,9. Elementary occupations,47,31,16
S01011707,All people aged 16 to 74 in employment,345,171,174
S01011707,1. Managers directors and senior officials,30,18,12
S01011707,2. Professional occupations,66,27,39
S01011707,3. Associate professional and technical occupations,59,39,20
S01011707,4. Administrative and secretarial occupations,50,6,44
S01011707,5. Skilled trades occupations,37,33,4
S01011707,6. Caring leisure and other service occupations,37,4,33
S01011707,7. Sales and customer service occupations,27,11,16
S01011707,8. Process plant and machine operatives,21,17,4
S01011707,9. Elementary occupations,18,16,2
S01011708,All people aged 16 to 74 in employment,416,190,226
S01011708,1. Managers directors and senior officials,26,21,5
S01011708,2. Professional occupations,45,15,30
S01011708,3. Associate professional and technical occupations,45,19,26
S01011708,4. Administrative and secretarial occupations,55,12,43
S01011708,5. Skilled trades occupations,40,35,5
S01011708,6. Caring leisure and other service occupations,51,5,46
S01011708,7. Sales and customer service occupations,60,17,43
S01011708,8. Process plant and machine operatives,44,37,7
S01011708,9. Elementary occupations,50,29,21
S01011709,All people aged 16 to 74 in employment,456,215,241
S01011709,1. Managers directors and senior officials,40,20,20
S01011709,2. Professional occupations,78,36,42
S01011709,3. Associate professional and technical occupations,41,16,25
S01011709,4. Administrative and secretarial occupations,55,13,42
S01011709,5. Skilled trades occupations,59,54,5
S01011709,6. Caring leisure and other service occupations,43,10,33
S01011709,7. Sales and customer service occupations,49,10,39
S01011709,8. Process plant and machine operatives,41,38,3
S01011709,9. Elementary occupations,50,18,32
S01011710,All people aged 16 to 74 in employment,263,121,142
S01011710,1. Managers directors and senior officials,8,6,2
S01011710,2. Professional occupations,16,4,12
S01011710,3. Associate professional and technical occupations,19,5,14
S01011710,4. Administrative and secretarial occupations,29,5,24
S01011710,5. Skilled trades occupations,39,37,2
S01011710,6. Caring leisure and other service occupations,32,5,27
S01011710,7. Sales and customer service occupations,34,5,29
S01011710,8. Process plant and machine operatives,33,27,6
S01011710,9. Elementary occupations,53,27,26
S01011711,All people aged 16 to 74 in employment,267,136,131
S01011711,1. Managers directors and senior officials,6,4,2
S01011711,2. Professional occupations,15,7,8
S01011711,3. Associate professional and technical occupations,24,12,12
S01011711,4. Administrative and secretarial occupations,31,8,23
S01011711,5. Skilled trades occupations,33,32,1
S01011711,6. Caring leisure and other service occupations,27,2,25
S01011711,7. Sales and customer service occupations,51,15,36
S01011711,8. Process plant and machine operatives,26,22,4
S01011711,9. Elementary occupations,54,34,20
S01011712,All people aged 16 to 74 in employment,280,128,152
S01011712,1. Managers directors and senior officials,16,7,9
S01011712,2. Professional occupations,33,13,20
S01011712,3. Associate professional and technical occupations,33,16,17
S01011712,4. Administrative and secretarial occupations,35,12,23
S01011712,5. Skilled trades occupations,36,35,1
S01011712,6. Caring leisure and other service occupations,31,2,29
S01011712,7. Sales and customer service occupations,42,7,35
S01011712,8. Process plant and machine operatives,30,27,3
S01011712,9. Elementary occupations,24,9,15
S01011713,All people aged 16 to 74 in employment,456,233,223
S01011713,1. Managers directors and senior officials,30,18,12
S01011713,2. Professional occupations,61,26,35
S01011713,3. Associate professional and technical occupations,51,27,24
S01011713,4. Administrative and secretarial occupations,68,12,56
S01011713,5. Skilled trades occupations,63,60,3
S01011713,6. Caring leisure and other service occupations,50,9,41
S01011713,7. Sales and customer service occupations,33,11,22
S01011713,8. Process plant and machine operatives,45,38,7
S01011713,9. Elementary occupations,55,32,23
S01011714,All people aged 16 to 74 in employment,331,163,168
S01011714,1. Managers directors and senior officials,20,10,10
S01011714,2. Professional occupations,50,18,32
S01011714,3. Associate professional and technical occupations,53,32,21
S01011714,4. Administrative and secretarial occupations,46,9,37
S01011714,5. Skilled trades occupations,49,45,4
S01011714,6. Caring leisure and other service occupations,26,4,22
S01011714,7. Sales and customer service occupations,32,7,25
S01011714,8. Process plant and machine operatives,32,25,7
S01011714,9. Elementary occupations,23,13,10
S01011715,All people aged 16 to 74 in employment,259,126,133
S01011715,1. Managers directors and senior officials,12,7,5
S01011715,2. Professional occupations,33,14,19
S01011715,3. Associate professional and technical occupations,29,16,13
S01011715,4. Administrative and secretarial occupations,25,1,24
S01011715,5. Skilled trades occupations,29,26,3
S01011715,6. Caring leisure and other service occupations,27,5,22
S01011715,7. Sales and customer service occupations,33,10,23
S01011715,8. Process plant and machine operatives,36,32,4
S01011715,9. Elementary occupations,35,15,20
S01011716,All people aged 16 to 74 in employment,514,260,254
S01011716,1. Managers directors and senior officials,52,33,19
S01011716,2. Professional occupations,71,21,50
S01011716,3. Associate professional and technical occupations,85,51,34
S01011716,4. Administrative and secretarial occupations,78,11,67
S01011716,5. Skilled trades occupations,62,58,4
S01011716,6. Caring leisure and other service occupations,43,12,31
S01011716,7. Sales and customer service occupations,47,15,32
S01011716,8. Process plant and machine operatives,49,45,4
S01011716,9. Elementary occupations,27,14,13
S01011717,All people aged 16 to 74 in employment,384,199,185
S01011717,1. Managers directors and senior officials,30,25,5
S01011717,2. Professional occupations,53,18,35
S01011717,3. Associate professional and technical occupations,44,31,13
S01011717,4. Administrative and secretarial occupations,65,9,56
S01011717,5. Skilled trades occupations,49,46,3
S01011717,6. Caring leisure and other service occupations,37,7,30
S01011717,7. Sales and customer service occupations,43,12,31
S01011717,8. Process plant and machine operatives,34,31,3
S01011717,9. Elementary occupations,29,20,9
S01011718,All people aged 16 to 74 in employment,473,234,239
S01011718,1. Managers directors and senior officials,46,28,18
S01011718,2. Professional occupations,106,37,69
S01011718,3. Associate professional and technical occupations,82,45,37
S01011718,4. Administrative and secretarial occupations,62,11,51
S01011718,5. Skilled trades occupations,63,59,4
S01011718,6. Caring leisure and other service occupations,30,3,27
S01011718,7. Sales and customer service occupations,26,8,18
S01011718,8. Process plant and machine operatives,40,37,3
S01011718,9. Elementary occupations,18,6,12
S01011719,All people aged 16 to 74 in employment,431,217,214
S01011719,1. Managers directors and senior officials,53,33,20
S01011719,2. Professional occupations,74,27,47
S01011719,3. Associate professional and technical occupations,52,35,17
S01011719,4. Administrative and secretarial occupations,81,17,64
S01011719,5. Skilled trades occupations,48,47,1
S01011719,6. Caring leisure and other service occupations,26,3,23
S01011719,7. Sales and customer service occupations,44,15,29
S01011719,8. Process plant and machine operatives,24,23,1
S01011719,9. Elementary occupations,29,17,12
S01011720,All people aged 16 to 74 in employment,299,156,143
S01011720,1. Managers directors and senior officials,39,29,10
S01011720,2. Professional occupations,50,24,26
S01011720,3. Associate professional and technical occupations,47,25,22
S01011720,4. Administrative and secretarial occupations,55,7,48
S01011720,5. Skilled trades occupations,32,30,2
S01011720,6. Caring leisure and other service occupations,11,1,10
S01011720,7. Sales and customer service occupations,29,11,18
S01011720,8. Process plant and machine operatives,17,17,0
S01011720,9. Elementary occupations,19,12,7
S01011721,All people aged 16 to 74 in employment,324,163,161
S01011721,1. Managers directors and senior officials,14,5,9
S01011721,2. Professional occupations,29,11,18
S01011721,3. Associate professional and technical occupations,32,22,10
S01011721,4. Administrative and secretarial occupations,55,11,44
S01011721,5. Skilled trades occupations,37,34,3
S01011721,6. Caring leisure and other service occupations,39,9,30
S01011721,7. Sales and customer service occupations,29,5,24
S01011721,8. Process plant and machine operatives,35,30,5
S01011721,9. Elementary occupations,54,36,18
S01011722,All people aged 16 to 74 in employment,289,150,139
S01011722,1. Managers directors and senior officials,17,11,6
S01011722,2. Professional occupations,32,12,20
S01011722,3. Associate professional and technical occupations,30,19,11
S01011722,4. Administrative and secretarial occupations,46,9,37
S01011722,5. Skilled trades occupations,41,39,2
S01011722,6. Caring leisure and other service occupations,25,2,23
S01011722,7. Sales and customer service occupations,34,12,22
S01011722,8. Process plant and machine operatives,28,25,3
S01011722,9. Elementary occupations,36,21,15
S01011723,All people aged 16 to 74 in employment,451,235,216
S01011723,1. Managers directors and senior officials,32,20,12
S01011723,2. Professional occupations,65,24,41
S01011723,3. Associate professional and technical occupations,51,28,23
S01011723,4. Administrative and secretarial occupations,67,13,54
S01011723,5. Skilled trades occupations,52,46,6
S01011723,6. Caring leisure and other service occupations,40,10,30
S01011723,7. Sales and customer service occupations,32,8,24
S01011723,8. Process plant and machine operatives,53,50,3
S01011723,9. Elementary occupations,59,36,23
S01011724,All people aged 16 to 74 in employment,393,189,204
S01011724,1. Managers directors and senior officials,35,19,16
S01011724,2. Professional occupations,62,25,37
S01011724,3. Associate professional and technical occupations,49,29,20
S01011724,4. Administrative and secretarial occupations,60,7,53
S01011724,5. Skilled trades occupations,51,46,5
S01011724,6. Caring leisure and other service occupations,38,7,31
S01011724,7. Sales and customer service occupations,40,12,28
S01011724,8. Process plant and machine operatives,29,27,2
S01011724,9. Elementary occupations,29,17,12
S01011725,All people aged 16 to 74 in employment,404,219,185
S01011725,1. Managers directors and senior officials,45,28,17
S01011725,2. Professional occupations,73,36,37
S01011725,3. Associate professional and technical occupations,53,28,25
S01011725,4. Administrative and secretarial occupations,68,20,48
S01011725,5. Skilled trades occupations,47,44,3
S01011725,6. Caring leisure and other service occupations,29,3,26
S01011725,7. Sales and customer service occupations,32,13,19
S01011725,8. Process plant and machine operatives,27,25,2
S01011725,9. Elementary occupations,30,22,8
S01011726,All people aged 16 to 74 in employment,328,165,163
S01011726,1. Managers directors and senior officials,25,15,10
S01011726,2. Professional occupations,48,23,25
S01011726,3. Associate professional and technical occupations,62,35,27
S01011726,4. Administrative and secretarial occupations,57,11,46
S01011726,5. Skilled trades occupations,33,32,1
S01011726,6. Caring leisure and other service occupations,28,6,22
S01011726,7. Sales and customer service occupations,30,7,23
S01011726,8. Process plant and machine operatives,29,27,2
S01011726,9. Elementary occupations,16,9,7
S01011727,All people aged 16 to 74 in employment,456,243,213
S01011727,1. Managers directors and senior officials,69,50,19
S01011727,2. Professional occupations,98,54,44
S01011727,3. Associate professional and technical occupations,84,42,42
S01011727,4. Administrative and secretarial occupations,41,6,35
S01011727,5. Skilled trades occupations,52,46,6
S01011727,6. Caring leisure and other service occupations,35,5,30
S01011727,7. Sales and customer service occupations,35,10,25
S01011727,8. Process plant and machine operatives,23,20,3
S01011727,9. Elementary occupations,19,10,9
S01011728,All people aged 16 to 74 in employment,492,249,243
S01011728,1. Managers directors and senior officials,39,20,19
S01011728,2. Professional occupations,48,24,24
S01011728,3. Associate professional and technical occupations,35,16,19
S01011728,4. Administrative and secretarial occupations,81,19,62
S01011728,5. Skilled trades occupations,68,66,2
S01011728,6. Caring leisure and other service occupations,42,3,39
S01011728,7. Sales and customer service occupations,63,14,49
S01011728,8. Process plant and machine operatives,56,52,4
S01011728,9. Elementary occupations,60,35,25
S01011729,All people aged 16 to 74 in employment,285,137,148
S01011729,1. Managers directors and senior officials,17,9,8
S01011729,2. Professional occupations,32,11,21
S01011729,3. Associate professional and technical occupations,34,22,12
S01011729,4. Administrative and secretarial occupations,38,11,27
S01011729,5. Skilled trades occupations,30,26,4
S01011729,6. Caring leisure and other service occupations,29,4,25
S01011729,7. Sales and customer service occupations,34,11,23
S01011729,8. Process plant and machine operatives,28,26,2
S01011729,9. Elementary occupations,43,17,26
S01011730,All people aged 16 to 74 in employment,459,246,213
S01011730,1. Managers directors and senior officials,34,21,13
S01011730,2. Professional occupations,69,22,47
S01011730,3. Associate professional and technical occupations,57,29,28
S01011730,4. Administrative and secretarial occupations,80,25,55
S01011730,5. Skilled trades occupations,60,58,2
S01011730,6. Caring leisure and other service occupations,30,4,26
S01011730,7. Sales and customer service occupations,33,14,19
S01011730,8. Process plant and machine operatives,48,45,3
S01011730,9. Elementary occupations,48,28,20
S01011731,All people aged 16 to 74 in employment,404,202,202
S01011731,1. Managers directors and senior officials,15,8,7
S01011731,2. Professional occupations,42,15,27
S01011731,3. Associate professional and technical occupations,33,14,19
S01011731,4. Administrative and secretarial occupations,63,15,48
S01011731,5. Skilled trades occupations,42,40,2
S01011731,6. Caring leisure and other service occupations,44,7,37
S01011731,7. Sales and customer service occupations,46,13,33
S01011731,8. Process plant and machine operatives,60,54,6
S01011731,9. Elementary occupations,59,36,23
S01011732,All people aged 16 to 74 in employment,454,228,226
S01011732,1. Managers directors and senior officials,39,29,10
S01011732,2. Professional occupations,82,33,49
S01011732,3. Associate professional and technical occupations,72,46,26
S01011732,4. Administrative and secretarial occupations,90,20,70
S01011732,5. Skilled trades occupations,43,40,3
S01011732,6. Caring leisure and other service occupations,31,7,24
S01011732,7. Sales and customer service occupations,34,9,25
S01011732,8. Process plant and machine operatives,33,25,8
S01011732,9. Elementary occupations,30,19,11
S01011733,All people aged 16 to 74 in employment,409,215,194
S01011733,1. Managers directors and senior officials,17,9,8
S01011733,2. Professional occupations,47,18,29
S01011733,3. Associate professional and technical occupations,44,28,16
S01011733,4. Administrative and secretarial occupations,70,16,54
S01011733,5. Skilled trades occupations,52,48,4
S01011733,6. Caring leisure and other service occupations,48,9,39
S01011733,7. Sales and customer service occupations,39,14,25
S01011733,8. Process plant and machine operatives,40,34,6
S01011733,9. Elementary occupations,52,39,13
S01011734,All people aged 16 to 74 in employment,380,205,175
S01011734,1. Managers directors and senior officials,28,19,9
S01011734,2. Professional occupations,59,27,32
S01011734,3. Associate professional and technical occupations,38,24,14
S01011734,4. Administrative and secretarial occupations,63,17,46
S01011734,5. Skilled trades occupations,49,47,2
S01011734,6. Caring leisure and other service occupations,39,7,32
S01011734,7. Sales and customer service occupations,35,13,22
S01011734,8. Process plant and machine operatives,23,20,3
S01011734,9. Elementary occupations,46,31,15
S01011735,All people aged 16 to 74 in employment,359,191,168
S01011735,1. Managers directors and senior officials,30,21,9
S01011735,2. Professional occupations,63,31,32
S01011735,3. Associate professional and technical occupations,53,31,22
S01011735,4. Administrative and secretarial occupations,62,12,50
S01011735,5. Skilled trades occupations,46,42,4
S01011735,6. Caring leisure and other service occupations,31,9,22
S01011735,7. Sales and customer service occupations,28,8,20
S01011735,8. Process plant and machine operatives,19,17,2
S01011735,9. Elementary occupations,27,20,7
S01011736,All people aged 16 to 74 in employment,368,178,190
S01011736,1. Managers directors and senior officials,21,14,7
S01011736,2. Professional occupations,38,11,27
S01011736,3. Associate professional and technical occupations,35,18,17
S01011736,4. Administrative and secretarial occupations,64,17,47
S01011736,5. Skilled trades occupations,38,37,1
S01011736,6. Caring leisure and other service occupations,46,9,37
S01011736,7. Sales and customer service occupations,39,12,27
S01011736,8. Process plant and machine operatives,34,30,4
S01011736,9. Elementary occupations,53,30,23
S01011737,All people aged 16 to 74 in employment,283,143,140
S01011737,1. Managers directors and senior officials,14,9,5
S01011737,2. Professional occupations,28,11,17
S01011737,3. Associate professional and technical occupations,31,18,13
S01011737,4. Administrative and secretarial occupations,39,12,27
S01011737,5. Skilled trades occupations,32,31,1
S01011737,6. Caring leisure and other service occupations,29,5,24
S01011737,7. Sales and customer service occupations,39,17,22
S01011737,8. Process plant and machine operatives,26,18,8
S01011737,9. Elementary occupations,45,22,23
S01011738,All people aged 16 to 74 in employment,476,250,226
S01011738,1. Managers directors and senior officials,39,24,15
S01011738,2. Professional occupations,48,20,28
S01011738,3. Associate professional and technical occupations,50,33,17
S01011738,4. Administrative and secretarial occupations,74,20,54
S01011738,5. Skilled trades occupations,53,47,6
S01011738,6. Caring leisure and other service occupations,47,8,39
S01011738,7. Sales and customer service occupations,36,9,27
S01011738,8. Process plant and machine operatives,63,46,17
S01011738,9. Elementary occupations,66,43,23
S01011739,All people aged 16 to 74 in employment,238,126,112
S01011739,1. Managers directors and senior officials,8,3,5
S01011739,2. Professional occupations,19,7,12
S01011739,3. Associate professional and technical occupations,10,7,3
S01011739,4. Administrative and secretarial occupations,41,16,25
S01011739,5. Skilled trades occupations,26,26,0
S01011739,6. Caring leisure and other service occupations,26,4,22
S01011739,7. Sales and customer service occupations,29,9,20
S01011739,8. Process plant and machine operatives,31,26,5
S01011739,9. Elementary occupations,48,28,20
S01011740,All people aged 16 to 74 in employment,283,140,143
S01011740,1. Managers directors and senior officials,22,14,8
S01011740,2. Professional occupations,25,7,18
S01011740,3. Associate professional and technical occupations,20,11,9
S01011740,4. Administrative and secretarial occupations,31,7,24
S01011740,5. Skilled trades occupations,26,24,2
S01011740,6. Caring leisure and other service occupations,38,8,30
S01011740,7. Sales and customer service occupations,37,10,27
S01011740,8. Process plant and machine operatives,30,25,5
S01011740,9. Elementary occupations,54,34,20
S01011741,All people aged 16 to 74 in employment,292,161,131
S01011741,1. Managers directors and senior officials,7,5,2
S01011741,2. Professional occupations,18,11,7
S01011741,3. Associate professional and technical occupations,24,17,7
S01011741,4. Administrative and secretarial occupations,53,14,39
S01011741,5. Skilled trades occupations,40,39,1
S01011741,6. Caring leisure and other service occupations,27,4,23
S01011741,7. Sales and customer service occupations,41,12,29
S01011741,8. Process plant and machine operatives,34,29,5
S01011741,9. Elementary occupations,48,30,18
S01011742,All people aged 16 to 74 in employment,347,170,177
S01011742,1. Managers directors and senior officials,19,15,4
S01011742,2. Professional occupations,41,16,25
S01011742,3. Associate professional and technical occupations,33,19,14
S01011742,4. Administrative and secretarial occupations,54,11,43
S01011742,5. Skilled trades occupations,36,34,2
S01011742,6. Caring leisure and other service occupations,39,9,30
S01011742,7. Sales and customer service occupations,50,11,39
S01011742,8. Process plant and machine operatives,36,34,2
S01011742,9. Elementary occupations,39,21,18
S01011743,All people aged 16 to 74 in employment,397,191,206
S01011743,1. Managers directors and senior officials,16,9,7
S01011743,2. Professional occupations,45,16,29
S01011743,3. Associate professional and technical occupations,50,28,22
S01011743,4. Administrative and secretarial occupations,69,16,53
S01011743,5. Skilled trades occupations,53,48,5
S01011743,6. Caring leisure and other service occupations,30,4,26
S01011743,7. Sales and customer service occupations,43,9,34
S01011743,8. Process plant and machine operatives,38,35,3
S01011743,9. Elementary occupations,53,26,27
S01011744,All people aged 16 to 74 in employment,364,185,179
S01011744,1. Managers directors and senior officials,24,16,8
S01011744,2. Professional occupations,38,18,20
S01011744,3. Associate professional and technical occupations,50,20,30
S01011744,4. Administrative and secretarial occupations,53,12,41
S01011744,5. Skilled trades occupations,36,32,4
S01011744,6. Caring leisure and other service occupations,37,11,26
S01011744,7. Sales and customer service occupations,37,8,29
S01011744,8. Process plant and machine operatives,36,35,1
S01011744,9. Elementary occupations,53,33,20
S01011745,All people aged 16 to 74 in employment,270,139,131
S01011745,1. Managers directors and senior officials,19,13,6
S01011745,2. Professional occupations,20,5,15
S01011745,3. Associate professional and technical occupations,27,15,12
S01011745,4. Administrative and secretarial occupations,42,7,35
S01011745,5. Skilled trades occupations,32,31,1
S01011745,6. Caring leisure and other service occupations,31,8,23
S01011745,7. Sales and customer service occupations,22,9,13
S01011745,8. Process plant and machine operatives,19,18,1
S01011745,9. Elementary occupations,58,33,25
S01011746,All people aged 16 to 74 in employment,230,106,124
S01011746,1. Managers directors and senior officials,8,5,3
S01011746,2. Professional occupations,8,2,6
S01011746,3. Associate professional and technical occupations,14,8,6
S01011746,4. Administrative and secretarial occupations,23,6,17
S01011746,5. Skilled trades occupations,27,23,4
S01011746,6. Caring leisure and other service occupations,32,4,28
S01011746,7. Sales and customer service occupations,28,5,23
S01011746,8. Process plant and machine operatives,31,23,8
S01011746,9. Elementary occupations,59,30,29
S01011747,All people aged 16 to 74 in employment,374,188,186
S01011747,1. Managers directors and senior officials,21,11,10
S01011747,2. Professional occupations,16,9,7
S01011747,3. Associate professional and technical occupations,21,12,9
S01011747,4. Administrative and secretarial occupations,46,8,38
S01011747,5. Skilled trades occupations,41,36,5
S01011747,6. Caring leisure and other service occupations,55,16,39
S01011747,7. Sales and customer service occupations,41,12,29
S01011747,8. Process plant and machine operatives,48,34,14
S01011747,9. Elementary occupations,85,50,35
S01011748,All people aged 16 to 74 in employment,370,182,188
S01011748,1. Managers directors and senior officials,8,5,3
S01011748,2. Professional occupations,16,5,11
S01011748,3. Associate professional and technical occupations,35,14,21
S01011748,4. Administrative and secretarial occupations,41,12,29
S01011748,5. Skilled trades occupations,40,34,6
S01011748,6. Caring leisure and other service occupations,57,13,44
S01011748,7. Sales and customer service occupations,52,15,37
S01011748,8. Process plant and machine operatives,37,32,5
S01011748,9. Elementary occupations,84,52,32
S01011749,All people aged 16 to 74 in employment,295,175,120
S01011749,1. Managers directors and senior officials,11,7,4
S01011749,2. Professional occupations,10,5,5
S01011749,3. Associate professional and technical occupations,34,25,9
S01011749,4. Administrative and secretarial occupations,37,10,27
S01011749,5. Skilled trades occupations,33,33,0
S01011749,6. Caring leisure and other service occupations,30,14,16
S01011749,7. Sales and customer service occupations,39,16,23
S01011749,8. Process plant and machine operatives,33,27,6
S01011749,9. Elementary occupations,68,38,30
S01011750,All people aged 16 to 74 in employment,369,193,176
S01011750,1. Managers directors and senior officials,24,9,15
S01011750,2. Professional occupations,36,14,22
S01011750,3. Associate professional and technical occupations,37,20,17
S01011750,4. Administrative and secretarial occupations,52,10,42
S01011750,5. Skilled trades occupations,38,32,6
S01011750,6. Caring leisure and other service occupations,37,5,32
S01011750,7. Sales and customer service occupations,37,17,20
S01011750,8. Process plant and machine operatives,41,38,3
S01011750,9. Elementary occupations,67,48,19
S01011751,All people aged 16 to 74 in employment,454,240,214
S01011751,1. Managers directors and senior officials,16,12,4
S01011751,2. Professional occupations,24,12,12
S01011751,3. Associate professional and technical occupations,48,28,20
S01011751,4. Administrative and secretarial occupations,45,14,31
S01011751,5. Skilled trades occupations,48,45,3
S01011751,6. Caring leisure and other service occupations,62,10,52
S01011751,7. Sales and customer service occupations,55,20,35
S01011751,8. Process plant and machine operatives,56,46,10
S01011751,9. Elementary occupations,100,53,47
S01011752,All people aged 16 to 74 in employment,486,238,248
S01011752,1. Managers directors and senior officials,28,11,17
S01011752,2. Professional occupations,49,16,33
S01011752,3. Associate professional and technical occupations,66,31,35
S01011752,4. Administrative and secretarial occupations,72,18,54
S01011752,5. Skilled trades occupations,64,60,4
S01011752,6. Caring leisure and other service occupations,40,9,31
S01011752,7. Sales and customer service occupations,58,16,42
S01011752,8. Process plant and machine operatives,50,46,4
S01011752,9. Elementary occupations,59,31,28
S01011753,All people aged 16 to 74 in employment,372,188,184
S01011753,1. Managers directors and senior officials,29,21,8
S01011753,2. Professional occupations,66,27,39
S01011753,3. Associate professional and technical occupations,40,20,20
S01011753,4. Administrative and secretarial occupations,55,10,45
S01011753,5. Skilled trades occupations,41,38,3
S01011753,6. Caring leisure and other service occupations,31,10,21
S01011753,7. Sales and customer service occupations,37,15,22
S01011753,8. Process plant and machine operatives,18,16,2
S01011753,9. Elementary occupations,55,31,24
S01011754,All people aged 16 to 74 in employment,330,158,172
S01011754,1. Managers directors and senior officials,14,9,5
S01011754,2. Professional occupations,26,9,17
S01011754,3. Associate professional and technical occupations,24,11,13
S01011754,4. Administrative and secretarial occupations,51,9,42
S01011754,5. Skilled trades occupations,48,43,5
S01011754,6. Caring leisure and other service occupations,42,3,39
S01011754,7. Sales and customer service occupations,41,15,26
S01011754,8. Process plant and machine operatives,40,33,7
S01011754,9. Elementary occupations,44,26,18
S01011755,All people aged 16 to 74 in employment,481,261,220
S01011755,1. Managers directors and senior officials,28,10,18
S01011755,2. Professional occupations,30,13,17
S01011755,3. Associate professional and technical occupations,61,39,22
S01011755,4. Administrative and secretarial occupations,64,23,41
S01011755,5. Skilled trades occupations,58,53,5
S01011755,6. Caring leisure and other service occupations,59,12,47
S01011755,7. Sales and customer service occupations,58,18,40
S01011755,8. Process plant and machine operatives,54,48,6
S01011755,9. Elementary occupations,69,45,24
S01011756,All people aged 16 to 74 in employment,467,224,243
S01011756,1. Managers directors and senior officials,19,10,9
S01011756,2. Professional occupations,37,12,25
S01011756,3. Associate professional and technical occupations,49,27,22
S01011756,4. Administrative and secretarial occupations,76,15,61
S01011756,5. Skilled trades occupations,55,52,3
S01011756,6. Caring leisure and other service occupations,56,12,44
S01011756,7. Sales and customer service occupations,55,13,42
S01011756,8. Process plant and machine operatives,36,32,4
S01011756,9. Elementary occupations,84,51,33
S01011757,All people aged 16 to 74 in employment,315,153,162
S01011757,1. Managers directors and senior officials,12,6,6
S01011757,2. Professional occupations,21,9,12
S01011757,3. Associate professional and technical occupations,26,16,10
S01011757,4. Administrative and secretarial occupations,51,11,40
S01011757,5. Skilled trades occupations,45,42,3
S01011757,6. Caring leisure and other service occupations,35,10,25
S01011757,7. Sales and customer service occupations,43,8,35
S01011757,8. Process plant and machine operatives,39,29,10
S01011757,9. Elementary occupations,43,22,21
S01011758,All people aged 16 to 74 in employment,313,159,154
S01011758,1. Managers directors and senior officials,21,14,7
S01011758,2. Professional occupations,14,6,8
S01011758,3. Associate professional and technical occupations,32,21,11
S01011758,4. Administrative and secretarial occupations,52,13,39
S01011758,5. Skilled trades occupations,32,29,3
S01011758,6. Caring leisure and other service occupations,36,10,26
S01011758,7. Sales and customer service occupations,42,11,31
S01011758,8. Process plant and machine operatives,31,29,2
S01011758,9. Elementary occupations,53,26,27
S01011759,All people aged 16 to 74 in employment,368,183,185
S01011759,1. Managers directors and senior officials,10,4,6
S01011759,2. Professional occupations,35,15,20
S01011759,3. Associate professional and technical occupations,26,12,14
S01011759,4. Administrative and secretarial occupations,72,18,54
S01011759,5. Skilled trades occupations,34,34,0
S01011759,6. Caring leisure and other service occupations,40,8,32
S01011759,7. Sales and customer service occupations,41,11,30
S01011759,8. Process plant and machine operatives,59,48,11
S01011759,9. Elementary occupations,51,33,18
S01011760,All people aged 16 to 74 in employment,428,220,208
S01011760,1. Managers directors and senior officials,15,9,6
S01011760,2. Professional occupations,26,9,17
S01011760,3. Associate professional and technical occupations,46,27,19
S01011760,4. Administrative and secretarial occupations,87,20,67
S01011760,5. Skilled trades occupations,46,43,3
S01011760,6. Caring leisure and other service occupations,38,12,26
S01011760,7. Sales and customer service occupations,51,16,35
S01011760,8. Process plant and machine operatives,51,46,5
S01011760,9. Elementary occupations,68,38,30
S01011761,All people aged 16 to 74 in employment,317,168,149
S01011761,1. Managers directors and senior officials,19,10,9
S01011761,2. Professional occupations,35,12,23
S01011761,3. Associate professional and technical occupations,33,20,13
S01011761,4. Administrative and secretarial occupations,38,4,34
S01011761,5. Skilled trades occupations,32,28,4
S01011761,6. Caring leisure and other service occupations,32,6,26
S01011761,7. Sales and customer service occupations,33,12,21
S01011761,8. Process plant and machine operatives,35,33,2
S01011761,9. Elementary occupations,60,43,17
S01011762,All people aged 16 to 74 in employment,294,155,139
S01011762,1. Managers directors and senior officials,17,13,4
S01011762,2. Professional occupations,21,8,13
S01011762,3. Associate professional and technical occupations,34,22,12
S01011762,4. Administrative and secretarial occupations,33,7,26
S01011762,5. Skilled trades occupations,34,32,2
S01011762,6. Caring leisure and other service occupations,36,4,32
S01011762,7. Sales and customer service occupations,44,18,26
S01011762,8. Process plant and machine operatives,28,25,3
S01011762,9. Elementary occupations,47,26,21
S01011763,All people aged 16 to 74 in employment,386,195,191
S01011763,1. Managers directors and senior officials,29,19,10
S01011763,2. Professional occupations,29,8,21
S01011763,3. Associate professional and technical occupations,39,23,16
S01011763,4. Administrative and secretarial occupations,66,17,49
S01011763,5. Skilled trades occupations,50,47,3
S01011763,6. Caring leisure and other service occupations,40,10,30
S01011763,7. Sales and customer service occupations,43,8,35
S01011763,8. Process plant and machine operatives,36,32,4
S01011763,9. Elementary occupations,54,31,23
S01011764,All people aged 16 to 74 in employment,206,103,103
S01011764,1. Managers directors and senior officials,11,7,4
S01011764,2. Professional occupations,18,9,9
S01011764,3. Associate professional and technical occupations,20,10,10
S01011764,4. Administrative and secretarial occupations,27,4,23
S01011764,5. Skilled trades occupations,23,21,2
S01011764,6. Caring leisure and other service occupations,22,1,21
S01011764,7. Sales and customer service occupations,28,9,19
S01011764,8. Process plant and machine operatives,23,21,2
S01011764,9. Elementary occupations,34,21,13
S01011765,All people aged 16 to 74 in employment,597,288,309
S01011765,1. Managers directors and senior officials,56,35,21
S01011765,2. Professional occupations,89,38,51
S01011765,3. Associate professional and technical occupations,94,47,47
S01011765,4. Administrative and secretarial occupations,101,18,83
S01011765,5. Skilled trades occupations,70,67,3
S01011765,6. Caring leisure and other service occupations,48,8,40
S01011765,7. Sales and customer service occupations,47,14,33
S01011765,8. Process plant and machine operatives,38,32,6
S01011765,9. Elementary occupations,54,29,25
S01011766,All people aged 16 to 74 in employment,282,140,142
S01011766,1. Managers directors and senior officials,34,18,16
S01011766,2. Professional occupations,46,15,31
S01011766,3. Associate professional and technical occupations,36,24,12
S01011766,4. Administrative and secretarial occupations,35,3,32
S01011766,5. Skilled trades occupations,39,36,3
S01011766,6. Caring leisure and other service occupations,19,4,15
S01011766,7. Sales and customer service occupations,31,8,23
S01011766,8. Process plant and machine operatives,23,19,4
S01011766,9. Elementary occupations,19,13,6
S01011767,All people aged 16 to 74 in employment,391,204,187
S01011767,1. Managers directors and senior officials,29,17,12
S01011767,2. Professional occupations,41,14,27
S01011767,3. Associate professional and technical occupations,30,21,9
S01011767,4. Administrative and secretarial occupations,57,8,49
S01011767,5. Skilled trades occupations,44,39,5
S01011767,6. Caring leisure and other service occupations,44,11,33
S01011767,7. Sales and customer service occupations,43,16,27
S01011767,8. Process plant and machine operatives,47,42,5
S01011767,9. Elementary occupations,56,36,20
S01011768,All people aged 16 to 74 in employment,334,157,177
S01011768,1. Managers directors and senior officials,12,9,3
S01011768,2. Professional occupations,24,9,15
S01011768,3. Associate professional and technical occupations,33,15,18
S01011768,4. Administrative and secretarial occupations,50,8,42
S01011768,5. Skilled trades occupations,39,35,4
S01011768,6. Caring leisure and other service occupations,39,5,34
S01011768,7. Sales and customer service occupations,31,10,21
S01011768,8. Process plant and machine operatives,33,25,8
S01011768,9. Elementary occupations,73,41,32
S01011769,All people aged 16 to 74 in employment,266,141,125
S01011769,1. Managers directors and senior officials,11,5,6
S01011769,2. Professional occupations,22,13,9
S01011769,3. Associate professional and technical occupations,28,12,16
S01011769,4. Administrative and secretarial occupations,35,11,24
S01011769,5. Skilled trades occupations,34,32,2
S01011769,6. Caring leisure and other service occupations,35,11,24
S01011769,7. Sales and customer service occupations,27,7,20
S01011769,8. Process plant and machine operatives,30,24,6
S01011769,9. Elementary occupations,44,26,18
S01011770,All people aged 16 to 74 in employment,357,201,156
S01011770,1. Managers directors and senior officials,15,8,7
S01011770,2. Professional occupations,31,13,18
S01011770,3. Associate professional and technical occupations,31,16,15
S01011770,4. Administrative and secretarial occupations,63,22,41
S01011770,5. Skilled trades occupations,43,40,3
S01011770,6. Caring leisure and other service occupations,35,8,27
S01011770,7. Sales and customer service occupations,30,13,17
S01011770,8. Process plant and machine operatives,43,40,3
S01011770,9. Elementary occupations,66,41,25
S01011771,All people aged 16 to 74 in employment,401,199,202
S01011771,1. Managers directors and senior officials,40,30,10
S01011771,2. Professional occupations,69,27,42
S01011771,3. Associate professional and technical occupations,65,35,30
S01011771,4. Administrative and secretarial occupations,63,7,56
S01011771,5. Skilled trades occupations,40,39,1
S01011771,6. Caring leisure and other service occupations,28,3,25
S01011771,7. Sales and customer service occupations,45,25,20
S01011771,8. Process plant and machine operatives,21,16,5
S01011771,9. Elementary occupations,30,17,13
S01011772,All people aged 16 to 74 in employment,587,315,272
S01011772,1. Managers directors and senior officials,113,81,32
S01011772,2. Professional occupations,133,58,75
S01011772,3. Associate professional and technical occupations,93,58,35
S01011772,4. Administrative and secretarial occupations,73,16,57
S01011772,5. Skilled trades occupations,41,39,2
S01011772,6. Caring leisure and other service occupations,33,6,27
S01011772,7. Sales and customer service occupations,43,19,24
S01011772,8. Process plant and machine operatives,20,19,1
S01011772,9. Elementary occupations,38,19,19
S01011773,All people aged 16 to 74 in employment,371,186,185
S01011773,1. Managers directors and senior officials,39,25,14
S01011773,2. Professional occupations,72,30,42
S01011773,3. Associate professional and technical occupations,53,34,19
S01011773,4. Administrative and secretarial occupations,52,8,44
S01011773,5. Skilled trades occupations,36,33,3
S01011773,6. Caring leisure and other service occupations,28,5,23
S01011773,7. Sales and customer service occupations,41,12,29
S01011773,8. Process plant and machine operatives,33,30,3
S01011773,9. Elementary occupations,17,9,8
S01011774,All people aged 16 to 74 in employment,492,243,249
S01011774,1. Managers directors and senior officials,44,29,15
S01011774,2. Professional occupations,84,37,47
S01011774,3. Associate professional and technical occupations,92,52,40
S01011774,4. Administrative and secretarial occupations,78,16,62
S01011774,5. Skilled trades occupations,53,48,5
S01011774,6. Caring leisure and other service occupations,30,4,26
S01011774,7. Sales and customer service occupations,44,15,29
S01011774,8. Process plant and machine operatives,26,23,3
S01011774,9. Elementary occupations,41,19,22
S01011775,All people aged 16 to 74 in employment,383,196,187
S01011775,1. Managers directors and senior officials,60,38,22
S01011775,2. Professional occupations,86,42,44
S01011775,3. Associate professional and technical occupations,68,39,29
S01011775,4. Administrative and secretarial occupations,43,7,36
S01011775,5. Skilled trades occupations,32,29,3
S01011775,6. Caring leisure and other service occupations,20,2,18
S01011775,7. Sales and customer service occupations,36,10,26
S01011775,8. Process plant and machine operatives,16,16,0
S01011775,9. Elementary occupations,22,13,9
S01011776,All people aged 16 to 74 in employment,588,305,283
S01011776,1. Managers directors and senior officials,86,64,22
S01011776,2. Professional occupations,158,69,89
S01011776,3. Associate professional and technical occupations,87,54,33
S01011776,4. Administrative and secretarial occupations,76,13,63
S01011776,5. Skilled trades occupations,45,43,2
S01011776,6. Caring leisure and other service occupations,41,8,33
S01011776,7. Sales and customer service occupations,47,17,30
S01011776,8. Process plant and machine operatives,26,23,3
S01011776,9. Elementary occupations,22,14,8
S01011777,All people aged 16 to 74 in employment,349,181,168
S01011777,1. Managers directors and senior officials,37,26,11
S01011777,2. Professional occupations,75,40,35
S01011777,3. Associate professional and technical occupations,75,45,30
S01011777,4. Administrative and secretarial occupations,58,13,45
S01011777,5. Skilled trades occupations,28,26,2
S01011777,6. Caring leisure and other service occupations,23,4,19
S01011777,7. Sales and customer service occupations,24,3,21
S01011777,8. Process plant and machine operatives,14,13,1
S01011777,9. Elementary occupations,15,11,4
S01011778,All people aged 16 to 74 in employment,363,186,177
S01011778,1. Managers directors and senior officials,37,23,14
S01011778,2. Professional occupations,92,38,54
S01011778,3. Associate professional and technical occupations,67,42,25
S01011778,4. Administrative and secretarial occupations,58,15,43
S01011778,5. Skilled trades occupations,31,28,3
S01011778,6. Caring leisure and other service occupations,18,3,15
S01011778,7. Sales and customer service occupations,28,12,16
S01011778,8. Process plant and machine operatives,12,11,1
S01011778,9. Elementary occupations,20,14,6
S01011779,All people aged 16 to 74 in employment,417,217,200
S01011779,1. Managers directors and senior officials,48,31,17
S01011779,2. Professional occupations,97,36,61
S01011779,3. Associate professional and technical occupations,59,37,22
S01011779,4. Administrative and secretarial occupations,57,17,40
S01011779,5. Skilled trades occupations,51,47,4
S01011779,6. Caring leisure and other service occupations,26,3,23
S01011779,7. Sales and customer service occupations,35,12,23
S01011779,8. Process plant and machine operatives,23,20,3
S01011779,9. Elementary occupations,21,14,7
S01011780,All people aged 16 to 74 in employment,520,286,234
S01011780,1. Managers directors and senior officials,81,60,21
S01011780,2. Professional occupations,116,49,67
S01011780,3. Associate professional and technical occupations,80,49,31
S01011780,4. Administrative and secretarial occupations,62,17,45
S01011780,5. Skilled trades occupations,36,34,2
S01011780,6. Caring leisure and other service occupations,26,6,20
S01011780,7. Sales and customer service occupations,49,17,32
S01011780,8. Process plant and machine operatives,35,33,2
S01011780,9. Elementary occupations,35,21,14
S01011781,All people aged 16 to 74 in employment,308,165,143
S01011781,1. Managers directors and senior officials,31,27,4
S01011781,2. Professional occupations,67,28,39
S01011781,3. Associate professional and technical occupations,45,30,15
S01011781,4. Administrative and secretarial occupations,49,3,46
S01011781,5. Skilled trades occupations,19,19,0
S01011781,6. Caring leisure and other service occupations,23,8,15
S01011781,7. Sales and customer service occupations,26,12,14
S01011781,8. Process plant and machine operatives,25,23,2
S01011781,9. Elementary occupations,23,15,8
S01011782,All people aged 16 to 74 in employment,382,202,180
S01011782,1. Managers directors and senior officials,41,28,13
S01011782,2. Professional occupations,73,38,35
S01011782,3. Associate professional and technical occupations,61,34,27
S01011782,4. Administrative and secretarial occupations,53,12,41
S01011782,5. Skilled trades occupations,38,38,0
S01011782,6. Caring leisure and other service occupations,34,5,29
S01011782,7. Sales and customer service occupations,39,12,27
S01011782,8. Process plant and machine operatives,24,24,0
S01011782,9. Elementary occupations,19,11,8
S01011783,All people aged 16 to 74 in employment,321,171,150
S01011783,1. Managers directors and senior officials,30,19,11
S01011783,2. Professional occupations,72,28,44
S01011783,3. Associate professional and technical occupations,45,32,13
S01011783,4. Administrative and secretarial occupations,46,14,32
S01011783,5. Skilled trades occupations,35,29,6
S01011783,6. Caring leisure and other service occupations,16,0,16
S01011783,7. Sales and customer service occupations,34,16,18
S01011783,8. Process plant and machine operatives,24,18,6
S01011783,9. Elementary occupations,19,15,4
S01011784,All people aged 16 to 74 in employment,381,177,204
S01011784,1. Managers directors and senior officials,20,11,9
S01011784,2. Professional occupations,38,12,26
S01011784,3. Associate professional and technical occupations,34,15,19
S01011784,4. Administrative and secretarial occupations,60,15,45
S01011784,5. Skilled trades occupations,40,38,2
S01011784,6. Caring leisure and other service occupations,41,5,36
S01011784,7. Sales and customer service occupations,54,19,35
S01011784,8. Process plant and machine operatives,37,34,3
S01011784,9. Elementary occupations,57,28,29
S01011785,All people aged 16 to 74 in employment,421,209,212
S01011785,1. Managers directors and senior officials,24,15,9
S01011785,2. Professional occupations,48,23,25
S01011785,3. Associate professional and technical occupations,51,33,18
S01011785,4. Administrative and secretarial occupations,74,15,59
S01011785,5. Skilled trades occupations,51,47,4
S01011785,6. Caring leisure and other service occupations,42,7,35
S01011785,7. Sales and customer service occupations,42,9,33
S01011785,8. Process plant and machine operatives,34,31,3
S01011785,9. Elementary occupations,55,29,26
S01011786,All people aged 16 to 74 in employment,230,120,110
S01011786,1. Managers directors and senior officials,26,16,10
S01011786,2. Professional occupations,56,21,35
S01011786,3. Associate professional and technical occupations,53,30,23
S01011786,4. Administrative and secretarial occupations,22,4,18
S01011786,5. Skilled trades occupations,26,25,1
S01011786,6. Caring leisure and other service occupations,7,0,7
S01011786,7. Sales and customer service occupations,24,13,11
S01011786,8. Process plant and machine operatives,8,8,0
S01011786,9. Elementary occupations,8,3,5
S01011787,All people aged 16 to 74 in employment,395,207,188
S01011787,1. Managers directors and senior officials,17,15,2
S01011787,2. Professional occupations,42,20,22
S01011787,3. Associate professional and technical occupations,27,14,13
S01011787,4. Administrative and secretarial occupations,47,6,41
S01011787,5. Skilled trades occupations,71,63,8
S01011787,6. Caring leisure and other service occupations,37,4,33
S01011787,7. Sales and customer service occupations,50,11,39
S01011787,8. Process plant and machine operatives,49,43,6
S01011787,9. Elementary occupations,55,31,24
S01011788,All people aged 16 to 74 in employment,361,200,161
S01011788,1. Managers directors and senior officials,103,71,32
S01011788,2. Professional occupations,97,47,50
S01011788,3. Associate professional and technical occupations,40,20,20
S01011788,4. Administrative and secretarial occupations,36,11,25
S01011788,5. Skilled trades occupations,26,26,0
S01011788,6. Caring leisure and other service occupations,16,3,13
S01011788,7. Sales and customer service occupations,26,9,17
S01011788,8. Process plant and machine operatives,6,6,0
S01011788,9. Elementary occupations,11,7,4
S01011789,All people aged 16 to 74 in employment,318,162,156
S01011789,1. Managers directors and senior officials,27,21,6
S01011789,2. Professional occupations,43,12,31
S01011789,3. Associate professional and technical occupations,32,19,13
S01011789,4. Administrative and secretarial occupations,39,4,35
S01011789,5. Skilled trades occupations,57,51,6
S01011789,6. Caring leisure and other service occupations,38,5,33
S01011789,7. Sales and customer service occupations,18,5,13
S01011789,8. Process plant and machine operatives,32,26,6
S01011789,9. Elementary occupations,32,19,13
S01011790,All people aged 16 to 74 in employment,446,221,225
S01011790,1. Managers directors and senior officials,33,22,11
S01011790,2. Professional occupations,54,21,33
S01011790,3. Associate professional and technical occupations,45,24,21
S01011790,4. Administrative and secretarial occupations,50,4,46
S01011790,5. Skilled trades occupations,71,64,7
S01011790,6. Caring leisure and other service occupations,48,4,44
S01011790,7. Sales and customer service occupations,43,11,32
S01011790,8. Process plant and machine operatives,49,42,7
S01011790,9. Elementary occupations,53,29,24
S01011791,All people aged 16 to 74 in employment,319,162,157
S01011791,1. Managers directors and senior officials,12,10,2
S01011791,2. Professional occupations,29,10,19
S01011791,3. Associate professional and technical occupations,23,12,11
S01011791,4. Administrative and secretarial occupations,38,5,33
S01011791,5. Skilled trades occupations,62,58,4
S01011791,6. Caring leisure and other service occupations,43,5,38
S01011791,7. Sales and customer service occupations,26,6,20
S01011791,8. Process plant and machine operatives,32,29,3
S01011791,9. Elementary occupations,54,27,27
S01011792,All people aged 16 to 74 in employment,356,195,161
S01011792,1. Managers directors and senior officials,25,19,6
S01011792,2. Professional occupations,56,20,36
S01011792,3. Associate professional and technical occupations,45,29,16
S01011792,4. Administrative and secretarial occupations,49,9,40
S01011792,5. Skilled trades occupations,49,47,2
S01011792,6. Caring leisure and other service occupations,28,5,23
S01011792,7. Sales and customer service occupations,23,10,13
S01011792,8. Process plant and machine operatives,33,30,3
S01011792,9. Elementary occupations,48,26,22
S01011793,All people aged 16 to 74 in employment,335,168,167
S01011793,1. Managers directors and senior officials,34,21,13
S01011793,2. Professional occupations,68,23,45
S01011793,3. Associate professional and technical occupations,36,23,13
S01011793,4. Administrative and secretarial occupations,44,6,38
S01011793,5. Skilled trades occupations,51,46,5
S01011793,6. Caring leisure and other service occupations,30,5,25
S01011793,7. Sales and customer service occupations,19,9,10
S01011793,8. Process plant and machine operatives,26,20,6
S01011793,9. Elementary occupations,27,15,12
S01011794,All people aged 16 to 74 in employment,380,181,199
S01011794,1. Managers directors and senior officials,24,15,9
S01011794,2. Professional occupations,34,9,25
S01011794,3. Associate professional and technical occupations,37,20,17
S01011794,4. Administrative and secretarial occupations,61,11,50
S01011794,5. Skilled trades occupations,53,51,2
S01011794,6. Caring leisure and other service occupations,44,4,40
S01011794,7. Sales and customer service occupations,35,12,23
S01011794,8. Process plant and machine operatives,38,35,3
S01011794,9. Elementary occupations,54,24,30
S01011795,All people aged 16 to 74 in employment,269,154,115
S01011795,1. Managers directors and senior officials,10,8,2
S01011795,2. Professional occupations,25,11,14
S01011795,3. Associate professional and technical occupations,25,17,8
S01011795,4. Administrative and secretarial occupations,33,9,24
S01011795,5. Skilled trades occupations,42,38,4
S01011795,6. Caring leisure and other service occupations,35,9,26
S01011795,7. Sales and customer service occupations,27,11,16
S01011795,8. Process plant and machine operatives,36,29,7
S01011795,9. Elementary occupations,36,22,14
S01011796,All people aged 16 to 74 in employment,321,156,165
S01011796,1. Managers directors and senior officials,15,8,7
S01011796,2. Professional occupations,32,15,17
S01011796,3. Associate professional and technical occupations,26,9,17
S01011796,4. Administrative and secretarial occupations,36,8,28
S01011796,5. Skilled trades occupations,43,41,2
S01011796,6. Caring leisure and other service occupations,37,6,31
S01011796,7. Sales and customer service occupations,40,9,31
S01011796,8. Process plant and machine operatives,38,27,11
S01011796,9. Elementary occupations,54,33,21
S01011797,All people aged 16 to 74 in employment,573,296,277
S01011797,1. Managers directors and senior officials,53,42,11
S01011797,2. Professional occupations,88,35,53
S01011797,3. Associate professional and technical occupations,94,54,40
S01011797,4. Administrative and secretarial occupations,90,9,81
S01011797,5. Skilled trades occupations,71,68,3
S01011797,6. Caring leisure and other service occupations,49,15,34
S01011797,7. Sales and customer service occupations,42,17,25
S01011797,8. Process plant and machine operatives,43,39,4
S01011797,9. Elementary occupations,43,17,26
S01011798,All people aged 16 to 74 in employment,241,121,120
S01011798,1. Managers directors and senior officials,12,6,6
S01011798,2. Professional occupations,21,7,14
S01011798,3. Associate professional and technical occupations,23,10,13
S01011798,4. Administrative and secretarial occupations,24,8,16
S01011798,5. Skilled trades occupations,38,37,1
S01011798,6. Caring leisure and other service occupations,25,1,24
S01011798,7. Sales and customer service occupations,33,13,20
S01011798,8. Process plant and machine operatives,28,22,6
S01011798,9. Elementary occupations,37,17,20
S01011799,All people aged 16 to 74 in employment,443,233,210
S01011799,1. Managers directors and senior officials,34,23,11
S01011799,2. Professional occupations,64,24,40
S01011799,3. Associate professional and technical occupations,50,27,23
S01011799,4. Administrative and secretarial occupations,58,11,47
S01011799,5. Skilled trades occupations,71,70,1
S01011799,6. Caring leisure and other service occupations,39,3,36
S01011799,7. Sales and customer service occupations,43,16,27
S01011799,8. Process plant and machine operatives,42,38,4
S01011799,9. Elementary occupations,42,21,21
S01011800,All people aged 16 to 74 in employment,254,141,113
S01011800,1. Managers directors and senior officials,10,7,3
S01011800,2. Professional occupations,17,6,11
S01011800,3. Associate professional and technical occupations,21,13,8
S01011800,4. Administrative and secretarial occupations,31,2,29
S01011800,5. Skilled trades occupations,49,43,6
S01011800,6. Caring leisure and other service occupations,21,3,18
S01011800,7. Sales and customer service occupations,23,6,17
S01011800,8. Process plant and machine operatives,39,33,6
S01011800,9. Elementary occupations,43,28,15
S01011801,All people aged 16 to 74 in employment,227,113,114
S01011801,1. Managers directors and senior officials,10,7,3
S01011801,2. Professional occupations,17,8,9
S01011801,3. Associate professional and technical occupations,21,9,12
S01011801,4. Administrative and secretarial occupations,36,4,32
S01011801,5. Skilled trades occupations,32,32,0
S01011801,6. Caring leisure and other service occupations,24,5,19
S01011801,7. Sales and customer service occupations,24,9,15
S01011801,8. Process plant and machine operatives,17,16,1
S01011801,9. Elementary occupations,46,23,23
S01011802,All people aged 16 to 74 in employment,288,152,136
S01011802,1. Managers directors and senior officials,25,14,11
S01011802,2. Professional occupations,26,14,12
S01011802,3. Associate professional and technical occupations,27,16,11
S01011802,4. Administrative and secretarial occupations,36,6,30
S01011802,5. Skilled trades occupations,47,45,2
S01011802,6. Caring leisure and other service occupations,41,4,37
S01011802,7. Sales and customer service occupations,20,4,16
S01011802,8. Process plant and machine operatives,28,24,4
S01011802,9. Elementary occupations,38,25,13
S01011803,All people aged 16 to 74 in employment,259,124,135
S01011803,1. Managers directors and senior officials,11,8,3
S01011803,2. Professional occupations,19,9,10
S01011803,3. Associate professional and technical occupations,23,9,14
S01011803,4. Administrative and secretarial occupations,28,5,23
S01011803,5. Skilled trades occupations,45,42,3
S01011803,6. Caring leisure and other service occupations,31,1,30
S01011803,7. Sales and customer service occupations,34,5,29
S01011803,8. Process plant and machine operatives,35,28,7
S01011803,9. Elementary occupations,33,17,16
S01011804,All people aged 16 to 74 in employment,374,191,183
S01011804,1. Managers directors and senior officials,29,14,15
S01011804,2. Professional occupations,51,14,37
S01011804,3. Associate professional and technical occupations,34,26,8
S01011804,4. Administrative and secretarial occupations,25,2,23
S01011804,5. Skilled trades occupations,49,49,0
S01011804,6. Caring leisure and other service occupations,41,8,33
S01011804,7. Sales and customer service occupations,32,7,25
S01011804,8. Process plant and machine operatives,38,35,3
S01011804,9. Elementary occupations,75,36,39
S01011805,All people aged 16 to 74 in employment,280,144,136
S01011805,1. Managers directors and senior officials,17,10,7
S01011805,2. Professional occupations,44,15,29
S01011805,3. Associate professional and technical occupations,40,22,18
S01011805,4. Administrative and secretarial occupations,23,5,18
S01011805,5. Skilled trades occupations,52,44,8
S01011805,6. Caring leisure and other service occupations,27,9,18
S01011805,7. Sales and customer service occupations,15,5,10
S01011805,8. Process plant and machine operatives,19,14,5
S01011805,9. Elementary occupations,43,20,23
S01011806,All people aged 16 to 74 in employment,377,199,178
S01011806,1. Managers directors and senior officials,45,24,21
S01011806,2. Professional occupations,43,13,30
S01011806,3. Associate professional and technical occupations,41,30,11
S01011806,4. Administrative and secretarial occupations,34,6,28
S01011806,5. Skilled trades occupations,70,64,6
S01011806,6. Caring leisure and other service occupations,37,6,31
S01011806,7. Sales and customer service occupations,21,3,18
S01011806,8. Process plant and machine operatives,35,31,4
S01011806,9. Elementary occupations,51,22,29
S01011807,All people aged 16 to 74 in employment,610,325,285
S01011807,1. Managers directors and senior officials,45,18,27
S01011807,2. Professional occupations,94,37,57
S01011807,3. Associate professional and technical occupations,56,26,30
S01011807,4. Administrative and secretarial occupations,51,8,43
S01011807,5. Skilled trades occupations,177,150,27
S01011807,6. Caring leisure and other service occupations,54,11,43
S01011807,7. Sales and customer service occupations,33,10,23
S01011807,8. Process plant and machine operatives,39,34,5
S01011807,9. Elementary occupations,61,31,30
S01011808,All people aged 16 to 74 in employment,330,174,156
S01011808,1. Managers directors and senior officials,31,18,13
S01011808,2. Professional occupations,43,13,30
S01011808,3. Associate professional and technical occupations,32,18,14
S01011808,4. Administrative and secretarial occupations,26,3,23
S01011808,5. Skilled trades occupations,70,62,8
S01011808,6. Caring leisure and other service occupations,31,4,27
S01011808,7. Sales and customer service occupations,30,11,19
S01011808,8. Process plant and machine operatives,21,20,1
S01011808,9. Elementary occupations,46,25,21
S01011809,All people aged 16 to 74 in employment,402,217,185
S01011809,1. Managers directors and senior officials,43,19,24
S01011809,2. Professional occupations,70,29,41
S01011809,3. Associate professional and technical occupations,30,22,8
S01011809,4. Administrative and secretarial occupations,40,5,35
S01011809,5. Skilled trades occupations,81,68,13
S01011809,6. Caring leisure and other service occupations,29,2,27
S01011809,7. Sales and customer service occupations,25,9,16
S01011809,8. Process plant and machine operatives,33,30,3
S01011809,9. Elementary occupations,51,33,18
S01011810,All people aged 16 to 74 in employment,496,266,230
S01011810,1. Managers directors and senior officials,33,17,16
S01011810,2. Professional occupations,68,25,43
S01011810,3. Associate professional and technical occupations,35,21,14
S01011810,4. Administrative and secretarial occupations,47,8,39
S01011810,5. Skilled trades occupations,133,110,23
S01011810,6. Caring leisure and other service occupations,62,11,51
S01011810,7. Sales and customer service occupations,23,6,17
S01011810,8. Process plant and machine operatives,40,36,4
S01011810,9. Elementary occupations,55,32,23
S01011811,All people aged 16 to 74 in employment,554,302,252
S01011811,1. Managers directors and senior officials,40,17,23
S01011811,2. Professional occupations,69,27,42
S01011811,3. Associate professional and technical occupations,45,29,16
S01011811,4. Administrative and secretarial occupations,48,2,46
S01011811,5. Skilled trades occupations,156,134,22
S01011811,6. Caring leisure and other service occupations,50,5,45
S01011811,7. Sales and customer service occupations,33,12,21
S01011811,8. Process plant and machine operatives,56,50,6
S01011811,9. Elementary occupations,57,26,31
S01011812,All people aged 16 to 74 in employment,349,187,162
S01011812,1. Managers directors and senior officials,28,15,13
S01011812,2. Professional occupations,61,28,33
S01011812,3. Associate professional and technical occupations,43,24,19
S01011812,4. Administrative and secretarial occupations,32,5,27
S01011812,5. Skilled trades occupations,89,71,18
S01011812,6. Caring leisure and other service occupations,31,3,28
S01011812,7. Sales and customer service occupations,7,2,5
S01011812,8. Process plant and machine operatives,15,14,1
S01011812,9. Elementary occupations,43,25,18
S01011813,All people aged 16 to 74 in employment,427,230,197
S01011813,1. Managers directors and senior officials,32,12,20
S01011813,2. Professional occupations,63,21,42
S01011813,3. Associate professional and technical occupations,29,18,11
S01011813,4. Administrative and secretarial occupations,45,5,40
S01011813,5. Skilled trades occupations,110,100,10
S01011813,6. Caring leisure and other service occupations,39,4,35
S01011813,7. Sales and customer service occupations,29,7,22
S01011813,8. Process plant and machine operatives,40,40,0
S01011813,9. Elementary occupations,40,23,17
S01011814,All people aged 16 to 74 in employment,403,218,185
S01011814,1. Managers directors and senior officials,27,16,11
S01011814,2. Professional occupations,62,21,41
S01011814,3. Associate professional and technical occupations,43,29,14
S01011814,4. Administrative and secretarial occupations,29,4,25
S01011814,5. Skilled trades occupations,93,79,14
S01011814,6. Caring leisure and other service occupations,45,11,34
S01011814,7. Sales and customer service occupations,19,5,14
S01011814,8. Process plant and machine operatives,30,25,5
S01011814,9. Elementary occupations,55,28,27
S01011815,All people aged 16 to 74 in employment,441,220,221
S01011815,1. Managers directors and senior officials,27,14,13
S01011815,2. Professional occupations,62,16,46
S01011815,3. Associate professional and technical occupations,52,34,18
S01011815,4. Administrative and secretarial occupations,48,3,45
S01011815,5. Skilled trades occupations,91,75,16
S01011815,6. Caring leisure and other service occupations,50,7,43
S01011815,7. Sales and customer service occupations,27,11,16
S01011815,8. Process plant and machine operatives,34,29,5
S01011815,9. Elementary occupations,50,31,19
S01011816,All people aged 16 to 74 in employment,351,185,166
S01011816,1. Managers directors and senior officials,60,36,24
S01011816,2. Professional occupations,57,21,36
S01011816,3. Associate professional and technical occupations,43,28,15
S01011816,4. Administrative and secretarial occupations,30,5,25
S01011816,5. Skilled trades occupations,46,44,2
S01011816,6. Caring leisure and other service occupations,28,3,25
S01011816,7. Sales and customer service occupations,31,8,23
S01011816,8. Process plant and machine operatives,31,29,2
S01011816,9. Elementary occupations,25,11,14
S01011817,All people aged 16 to 74 in employment,430,234,196
S01011817,1. Managers directors and senior officials,56,32,24
S01011817,2. Professional occupations,54,16,38
S01011817,3. Associate professional and technical occupations,33,20,13
S01011817,4. Administrative and secretarial occupations,37,4,33
S01011817,5. Skilled trades occupations,103,97,6
S01011817,6. Caring leisure and other service occupations,41,6,35
S01011817,7. Sales and customer service occupations,28,7,21
S01011817,8. Process plant and machine operatives,41,39,2
S01011817,9. Elementary occupations,37,13,24
S01011818,All people aged 16 to 74 in employment,607,306,301
S01011818,1. Managers directors and senior officials,38,23,15
S01011818,2. Professional occupations,66,24,42
S01011818,3. Associate professional and technical occupations,76,47,29
S01011818,4. Administrative and secretarial occupations,70,8,62
S01011818,5. Skilled trades occupations,100,94,6
S01011818,6. Caring leisure and other service occupations,60,13,47
S01011818,7. Sales and customer service occupations,64,16,48
S01011818,8. Process plant and machine operatives,51,48,3
S01011818,9. Elementary occupations,82,33,49
S01011819,All people aged 16 to 74 in employment,466,247,219
S01011819,1. Managers directors and senior officials,22,17,5
S01011819,2. Professional occupations,37,15,22
S01011819,3. Associate professional and technical occupations,40,25,15
S01011819,4. Administrative and secretarial occupations,50,7,43
S01011819,5. Skilled trades occupations,88,77,11
S01011819,6. Caring leisure and other service occupations,61,8,53
S01011819,7. Sales and customer service occupations,45,22,23
S01011819,8. Process plant and machine operatives,44,39,5
S01011819,9. Elementary occupations,79,37,42
S01011820,All people aged 16 to 74 in employment,372,192,180
S01011820,1. Managers directors and senior officials,24,17,7
S01011820,2. Professional occupations,55,16,39
S01011820,3. Associate professional and technical occupations,43,25,18
S01011820,4. Administrative and secretarial occupations,42,6,36
S01011820,5. Skilled trades occupations,67,63,4
S01011820,6. Caring leisure and other service occupations,40,6,34
S01011820,7. Sales and customer service occupations,27,9,18
S01011820,8. Process plant and machine operatives,26,24,2
S01011820,9. Elementary occupations,48,26,22
S01011821,All people aged 16 to 74 in employment,220,113,107
S01011821,1. Managers directors and senior officials,19,10,9
S01011821,2. Professional occupations,19,4,15
S01011821,3. Associate professional and technical occupations,14,9,5
S01011821,4. Administrative and secretarial occupations,24,2,22
S01011821,5. Skilled trades occupations,38,36,2
S01011821,6. Caring leisure and other service occupations,23,4,19
S01011821,7. Sales and customer service occupations,25,9,16
S01011821,8. Process plant and machine operatives,23,23,0
S01011821,9. Elementary occupations,35,16,19
S01011822,All people aged 16 to 74 in employment,404,214,190
S01011822,1. Managers directors and senior officials,28,14,14
S01011822,2. Professional occupations,34,18,16
S01011822,3. Associate professional and technical occupations,31,15,16
S01011822,4. Administrative and secretarial occupations,33,4,29
S01011822,5. Skilled trades occupations,90,78,12
S01011822,6. Caring leisure and other service occupations,50,7,43
S01011822,7. Sales and customer service occupations,39,15,24
S01011822,8. Process plant and machine operatives,27,24,3
S01011822,9. Elementary occupations,72,39,33
S01011823,All people aged 16 to 74 in employment,326,153,173
S01011823,1. Managers directors and senior officials,27,16,11
S01011823,2. Professional occupations,33,14,19
S01011823,3. Associate professional and technical occupations,33,20,13
S01011823,4. Administrative and secretarial occupations,31,6,25
S01011823,5. Skilled trades occupations,47,38,9
S01011823,6. Caring leisure and other service occupations,36,3,33
S01011823,7. Sales and customer service occupations,37,13,24
S01011823,8. Process plant and machine operatives,22,19,3
S01011823,9. Elementary occupations,60,24,36
S01011824,All people aged 16 to 74 in employment,379,202,177
S01011824,1. Managers directors and senior officials,16,9,7
S01011824,2. Professional occupations,26,10,16
S01011824,3. Associate professional and technical occupations,31,23,8
S01011824,4. Administrative and secretarial occupations,31,2,29
S01011824,5. Skilled trades occupations,80,74,6
S01011824,6. Caring leisure and other service occupations,48,6,42
S01011824,7. Sales and customer service occupations,34,8,26
S01011824,8. Process plant and machine operatives,31,28,3
S01011824,9. Elementary occupations,82,42,40
S01011825,All people aged 16 to 74 in employment,285,145,140
S01011825,1. Managers directors and senior officials,24,10,14
S01011825,2. Professional occupations,39,17,22
S01011825,3. Associate professional and technical occupations,29,21,8
S01011825,4. Administrative and secretarial occupations,23,5,18
S01011825,5. Skilled trades occupations,36,33,3
S01011825,6. Caring leisure and other service occupations,49,12,37
S01011825,7. Sales and customer service occupations,30,11,19
S01011825,8. Process plant and machine operatives,22,22,0
S01011825,9. Elementary occupations,33,14,19
S01011826,All people aged 16 to 74 in employment,371,189,182
S01011826,1. Managers directors and senior officials,32,17,15
S01011826,2. Professional occupations,58,19,39
S01011826,3. Associate professional and technical occupations,25,16,9
S01011826,4. Administrative and secretarial occupations,36,3,33
S01011826,5. Skilled trades occupations,70,62,8
S01011826,6. Caring leisure and other service occupations,39,7,32
S01011826,7. Sales and customer service occupations,32,10,22
S01011826,8. Process plant and machine operatives,26,23,3
S01011826,9. Elementary occupations,53,32,21
S01011827,All people aged 16 to 74 in employment,217,121,96
S01011827,1. Managers directors and senior officials,23,13,10
S01011827,2. Professional occupations,13,3,10
S01011827,3. Associate professional and technical occupations,24,13,11
S01011827,4. Administrative and secretarial occupations,11,1,10
S01011827,5. Skilled trades occupations,61,52,9
S01011827,6. Caring leisure and other service occupations,26,3,23
S01011827,7. Sales and customer service occupations,10,2,8
S01011827,8. Process plant and machine operatives,19,17,2
S01011827,9. Elementary occupations,30,17,13
S01011828,All people aged 16 to 74 in employment,486,267,219
S01011828,1. Managers directors and senior officials,37,17,20
S01011828,2. Professional occupations,66,32,34
S01011828,3. Associate professional and technical occupations,37,21,16
S01011828,4. Administrative and secretarial occupations,35,7,28
S01011828,5. Skilled trades occupations,127,107,20
S01011828,6. Caring leisure and other service occupations,68,11,57
S01011828,7. Sales and customer service occupations,26,4,22
S01011828,8. Process plant and machine operatives,37,34,3
S01011828,9. Elementary occupations,53,34,19
S01011829,All people aged 16 to 74 in employment,241,131,110
S01011829,1. Managers directors and senior officials,21,14,7
S01011829,2. Professional occupations,39,14,25
S01011829,3. Associate professional and technical occupations,24,11,13
S01011829,4. Administrative and secretarial occupations,24,7,17
S01011829,5. Skilled trades occupations,53,45,8
S01011829,6. Caring leisure and other service occupations,24,2,22
S01011829,7. Sales and customer service occupations,12,4,8
S01011829,8. Process plant and machine operatives,28,24,4
S01011829,9. Elementary occupations,16,10,6
S01011830,All people aged 16 to 74 in employment,287,165,122
S01011830,1. Managers directors and senior officials,19,11,8
S01011830,2. Professional occupations,29,8,21
S01011830,3. Associate professional and technical occupations,29,19,10
S01011830,4. Administrative and secretarial occupations,15,2,13
S01011830,5. Skilled trades occupations,103,81,22
S01011830,6. Caring leisure and other service occupations,30,7,23
S01011830,7. Sales and customer service occupations,6,1,5
S01011830,8. Process plant and machine operatives,20,17,3
S01011830,9. Elementary occupations,36,19,17
S01011831,All people aged 16 to 74 in employment,393,219,174
S01011831,1. Managers directors and senior officials,29,18,11
S01011831,2. Professional occupations,53,22,31
S01011831,3. Associate professional and technical occupations,28,17,11
S01011831,4. Administrative and secretarial occupations,21,1,20
S01011831,5. Skilled trades occupations,125,97,28
S01011831,6. Caring leisure and other service occupations,47,11,36
S01011831,7. Sales and customer service occupations,9,3,6
S01011831,8. Process plant and machine operatives,18,16,2
S01011831,9. Elementary occupations,63,34,29
S01011832,All people aged 16 to 74 in employment,441,243,198
S01011832,1. Managers directors and senior officials,41,19,22
S01011832,2. Professional occupations,35,13,22
S01011832,3. Associate professional and technical occupations,42,24,18
S01011832,4. Administrative and secretarial occupations,20,5,15
S01011832,5. Skilled trades occupations,134,119,15
S01011832,6. Caring leisure and other service occupations,53,6,47
S01011832,7. Sales and customer service occupations,23,2,21
S01011832,8. Process plant and machine operatives,28,20,8
S01011832,9. Elementary occupations,65,35,30
S01011833,All people aged 16 to 74 in employment,459,238,221
S01011833,1. Managers directors and senior officials,74,51,23
S01011833,2. Professional occupations,117,47,70
S01011833,3. Associate professional and technical occupations,67,44,23
S01011833,4. Administrative and secretarial occupations,46,3,43
S01011833,5. Skilled trades occupations,54,47,7
S01011833,6. Caring leisure and other service occupations,27,3,24
S01011833,7. Sales and customer service occupations,20,9,11
S01011833,8. Process plant and machine operatives,16,14,2
S01011833,9. Elementary occupations,38,20,18
S01011834,All people aged 16 to 74 in employment,254,136,118
S01011834,1. Managers directors and senior officials,43,32,11
S01011834,2. Professional occupations,76,35,41
S01011834,3. Associate professional and technical occupations,36,26,10
S01011834,4. Administrative and secretarial occupations,31,3,28
S01011834,5. Skilled trades occupations,22,21,1
S01011834,6. Caring leisure and other service occupations,12,1,11
S01011834,7. Sales and customer service occupations,13,3,10
S01011834,8. Process plant and machine operatives,5,5,0
S01011834,9. Elementary occupations,16,10,6
S01011835,All people aged 16 to 74 in employment,379,196,183
S01011835,1. Managers directors and senior officials,67,39,28
S01011835,2. Professional occupations,94,44,50
S01011835,3. Associate professional and technical occupations,60,37,23
S01011835,4. Administrative and secretarial occupations,40,8,32
S01011835,5. Skilled trades occupations,49,39,10
S01011835,6. Caring leisure and other service occupations,21,4,17
S01011835,7. Sales and customer service occupations,20,9,11
S01011835,8. Process plant and machine operatives,5,4,1
S01011835,9. Elementary occupations,23,12,11
S01011836,All people aged 16 to 74 in employment,379,204,175
S01011836,1. Managers directors and senior officials,59,41,18
S01011836,2. Professional occupations,87,41,46
S01011836,3. Associate professional and technical occupations,60,38,22
S01011836,4. Administrative and secretarial occupations,46,10,36
S01011836,5. Skilled trades occupations,49,42,7
S01011836,6. Caring leisure and other service occupations,24,4,20
S01011836,7. Sales and customer service occupations,18,5,13
S01011836,8. Process plant and machine operatives,17,16,1
S01011836,9. Elementary occupations,19,7,12
S01011837,All people aged 16 to 74 in employment,329,175,154
S01011837,1. Managers directors and senior officials,61,40,21
S01011837,2. Professional occupations,72,33,39
S01011837,3. Associate professional and technical occupations,54,31,23
S01011837,4. Administrative and secretarial occupations,29,3,26
S01011837,5. Skilled trades occupations,40,34,6
S01011837,6. Caring leisure and other service occupations,18,3,15
S01011837,7. Sales and customer service occupations,16,8,8
S01011837,8. Process plant and machine operatives,18,13,5
S01011837,9. Elementary occupations,21,10,11
S01011838,All people aged 16 to 74 in employment,413,229,184
S01011838,1. Managers directors and senior officials,64,39,25
S01011838,2. Professional occupations,102,52,50
S01011838,3. Associate professional and technical occupations,60,37,23
S01011838,4. Administrative and secretarial occupations,46,14,32
S01011838,5. Skilled trades occupations,31,29,2
S01011838,6. Caring leisure and other service occupations,24,2,22
S01011838,7. Sales and customer service occupations,21,12,9
S01011838,8. Process plant and machine operatives,21,19,2
S01011838,9. Elementary occupations,44,25,19
S01011839,All people aged 16 to 74 in employment,494,259,235
S01011839,1. Managers directors and senior officials,62,46,16
S01011839,2. Professional occupations,101,42,59
S01011839,3. Associate professional and technical occupations,71,45,26
S01011839,4. Administrative and secretarial occupations,54,10,44
S01011839,5. Skilled trades occupations,58,53,5
S01011839,6. Caring leisure and other service occupations,38,7,31
S01011839,7. Sales and customer service occupations,40,17,23
S01011839,8. Process plant and machine operatives,24,21,3
S01011839,9. Elementary occupations,46,18,28
S01011840,All people aged 16 to 74 in employment,517,258,259
S01011840,1. Managers directors and senior officials,61,42,19
S01011840,2. Professional occupations,103,42,61
S01011840,3. Associate professional and technical occupations,60,33,27
S01011840,4. Administrative and secretarial occupations,59,9,50
S01011840,5. Skilled trades occupations,59,51,8
S01011840,6. Caring leisure and other service occupations,36,7,29
S01011840,7. Sales and customer service occupations,42,18,24
S01011840,8. Process plant and machine operatives,33,30,3
S01011840,9. Elementary occupations,64,26,38
S01011841,All people aged 16 to 74 in employment,452,228,224
S01011841,1. Managers directors and senior officials,44,26,18
S01011841,2. Professional occupations,94,34,60
S01011841,3. Associate professional and technical occupations,76,45,31
S01011841,4. Administrative and secretarial occupations,38,6,32
S01011841,5. Skilled trades occupations,50,46,4
S01011841,6. Caring leisure and other service occupations,40,6,34
S01011841,7. Sales and customer service occupations,34,15,19
S01011841,8. Process plant and machine operatives,26,25,1
S01011841,9. Elementary occupations,50,25,25
S01011842,All people aged 16 to 74 in employment,446,222,224
S01011842,1. Managers directors and senior officials,31,17,14
S01011842,2. Professional occupations,66,30,36
S01011842,3. Associate professional and technical occupations,46,23,23
S01011842,4. Administrative and secretarial occupations,36,9,27
S01011842,5. Skilled trades occupations,68,63,5
S01011842,6. Caring leisure and other service occupations,48,4,44
S01011842,7. Sales and customer service occupations,44,13,31
S01011842,8. Process plant and machine operatives,39,31,8
S01011842,9. Elementary occupations,68,32,36
S01011843,All people aged 16 to 74 in employment,508,276,232
S01011843,1. Managers directors and senior officials,86,57,29
S01011843,2. Professional occupations,129,59,70
S01011843,3. Associate professional and technical occupations,58,31,27
S01011843,4. Administrative and secretarial occupations,38,6,32
S01011843,5. Skilled trades occupations,87,73,14
S01011843,6. Caring leisure and other service occupations,28,3,25
S01011843,7. Sales and customer service occupations,28,9,19
S01011843,8. Process plant and machine operatives,20,19,1
S01011843,9. Elementary occupations,34,19,15
S01011844,All people aged 16 to 74 in employment,349,183,166
S01011844,1. Managers directors and senior officials,55,43,12
S01011844,2. Professional occupations,107,53,54
S01011844,3. Associate professional and technical occupations,56,31,25
S01011844,4. Administrative and secretarial occupations,30,5,25
S01011844,5. Skilled trades occupations,28,24,4
S01011844,6. Caring leisure and other service occupations,24,2,22
S01011844,7. Sales and customer service occupations,15,4,11
S01011844,8. Process plant and machine operatives,7,5,2
S01011844,9. Elementary occupations,27,16,11
S01011845,All people aged 16 to 74 in employment,412,199,213
S01011845,1. Managers directors and senior officials,39,27,12
S01011845,2. Professional occupations,62,27,35
S01011845,3. Associate professional and technical occupations,60,28,32
S01011845,4. Administrative and secretarial occupations,52,5,47
S01011845,5. Skilled trades occupations,57,52,5
S01011845,6. Caring leisure and other service occupations,36,7,29
S01011845,7. Sales and customer service occupations,30,9,21
S01011845,8. Process plant and machine operatives,30,28,2
S01011845,9. Elementary occupations,46,16,30
S01011846,All people aged 16 to 74 in employment,457,230,227
S01011846,1. Managers directors and senior officials,67,45,22
S01011846,2. Professional occupations,100,47,53
S01011846,3. Associate professional and technical occupations,63,30,33
S01011846,4. Administrative and secretarial occupations,49,4,45
S01011846,5. Skilled trades occupations,51,47,4
S01011846,6. Caring leisure and other service occupations,22,3,19
S01011846,7. Sales and customer service occupations,30,8,22
S01011846,8. Process plant and machine operatives,26,22,4
S01011846,9. Elementary occupations,49,24,25
S01011847,All people aged 16 to 74 in employment,222,122,100
S01011847,1. Managers directors and senior officials,43,28,15
S01011847,2. Professional occupations,59,33,26
S01011847,3. Associate professional and technical occupations,30,16,14
S01011847,4. Administrative and secretarial occupations,20,4,16
S01011847,5. Skilled trades occupations,25,22,3
S01011847,6. Caring leisure and other service occupations,11,2,9
S01011847,7. Sales and customer service occupations,13,3,10
S01011847,8. Process plant and machine operatives,8,8,0
S01011847,9. Elementary occupations,13,6,7
S01011848,All people aged 16 to 74 in employment,384,195,189
S01011848,1. Managers directors and senior officials,30,16,14
S01011848,2. Professional occupations,89,39,50
S01011848,3. Associate professional and technical occupations,54,32,22
S01011848,4. Administrative and secretarial occupations,40,7,33
S01011848,5. Skilled trades occupations,53,44,9
S01011848,6. Caring leisure and other service occupations,34,3,31
S01011848,7. Sales and customer service occupations,19,8,11
S01011848,8. Process plant and machine operatives,26,24,2
S01011848,9. Elementary occupations,39,22,17
S01011849,All people aged 16 to 74 in employment,448,230,218
S01011849,1. Managers directors and senior officials,53,31,22
S01011849,2. Professional occupations,71,30,41
S01011849,3. Associate professional and technical occupations,57,23,34
S01011849,4. Administrative and secretarial occupations,41,6,35
S01011849,5. Skilled trades occupations,64,61,3
S01011849,6. Caring leisure and other service occupations,50,10,40
S01011849,7. Sales and customer service occupations,33,13,20
S01011849,8. Process plant and machine operatives,39,36,3
S01011849,9. Elementary occupations,40,20,20
S01011850,All people aged 16 to 74 in employment,361,195,166
S01011850,1. Managers directors and senior officials,72,50,22
S01011850,2. Professional occupations,43,17,26
S01011850,3. Associate professional and technical occupations,43,19,24
S01011850,4. Administrative and secretarial occupations,40,6,34
S01011850,5. Skilled trades occupations,58,51,7
S01011850,6. Caring leisure and other service occupations,28,8,20
S01011850,7. Sales and customer service occupations,15,4,11
S01011850,8. Process plant and machine operatives,12,12,0
S01011850,9. Elementary occupations,50,28,22
S01011851,All people aged 16 to 74 in employment,442,221,221
S01011851,1. Managers directors and senior officials,51,31,20
S01011851,2. Professional occupations,56,23,33
S01011851,3. Associate professional and technical occupations,61,30,31
S01011851,4. Administrative and secretarial occupations,33,3,30
S01011851,5. Skilled trades occupations,74,63,11
S01011851,6. Caring leisure and other service occupations,41,4,37
S01011851,7. Sales and customer service occupations,33,5,28
S01011851,8. Process plant and machine operatives,42,40,2
S01011851,9. Elementary occupations,51,22,29
S01011852,All people aged 16 to 74 in employment,488,259,229
S01011852,1. Managers directors and senior officials,51,25,26
S01011852,2. Professional occupations,57,27,30
S01011852,3. Associate professional and technical occupations,54,30,24
S01011852,4. Administrative and secretarial occupations,41,6,35
S01011852,5. Skilled trades occupations,88,78,10
S01011852,6. Caring leisure and other service occupations,51,14,37
S01011852,7. Sales and customer service occupations,36,8,28
S01011852,8. Process plant and machine operatives,35,31,4
S01011852,9. Elementary occupations,75,40,35
S01011853,All people aged 16 to 74 in employment,378,201,177
S01011853,1. Managers directors and senior officials,48,33,15
S01011853,2. Professional occupations,50,21,29
S01011853,3. Associate professional and technical occupations,51,26,25
S01011853,4. Administrative and secretarial occupations,42,8,34
S01011853,5. Skilled trades occupations,59,54,5
S01011853,6. Caring leisure and other service occupations,38,5,33
S01011853,7. Sales and customer service occupations,26,10,16
S01011853,8. Process plant and machine operatives,24,22,2
S01011853,9. Elementary occupations,40,22,18
S01011854,All people aged 16 to 74 in employment,377,195,182
S01011854,1. Managers directors and senior officials,42,31,11
S01011854,2. Professional occupations,50,19,31
S01011854,3. Associate professional and technical occupations,46,24,22
S01011854,4. Administrative and secretarial occupations,35,7,28
S01011854,5. Skilled trades occupations,44,42,2
S01011854,6. Caring leisure and other service occupations,57,13,44
S01011854,7. Sales and customer service occupations,34,11,23
S01011854,8. Process plant and machine operatives,26,25,1
S01011854,9. Elementary occupations,43,23,20
S01011855,All people aged 16 to 74 in employment,419,205,214
S01011855,1. Managers directors and senior officials,27,13,14
S01011855,2. Professional occupations,31,15,16
S01011855,3. Associate professional and technical occupations,38,14,24
S01011855,4. Administrative and secretarial occupations,37,4,33
S01011855,5. Skilled trades occupations,82,70,12
S01011855,6. Caring leisure and other service occupations,59,9,50
S01011855,7. Sales and customer service occupations,32,10,22
S01011855,8. Process plant and machine operatives,36,35,1
S01011855,9. Elementary occupations,77,35,42
S01011856,All people aged 16 to 74 in employment,281,149,132
S01011856,1. Managers directors and senior officials,63,39,24
S01011856,2. Professional occupations,57,27,30
S01011856,3. Associate professional and technical occupations,46,29,17
S01011856,4. Administrative and secretarial occupations,31,6,25
S01011856,5. Skilled trades occupations,28,25,3
S01011856,6. Caring leisure and other service occupations,18,1,17
S01011856,7. Sales and customer service occupations,17,10,7
S01011856,8. Process plant and machine operatives,5,5,0
S01011856,9. Elementary occupations,16,7,9
S01011857,All people aged 16 to 74 in employment,346,186,160
S01011857,1. Managers directors and senior officials,51,37,14
S01011857,2. Professional occupations,62,29,33
S01011857,3. Associate professional and technical occupations,41,17,24
S01011857,4. Administrative and secretarial occupations,28,3,25
S01011857,5. Skilled trades occupations,62,54,8
S01011857,6. Caring leisure and other service occupations,29,3,26
S01011857,7. Sales and customer service occupations,15,4,11
S01011857,8. Process plant and machine operatives,18,18,0
S01011857,9. Elementary occupations,40,21,19
S01011858,All people aged 16 to 74 in employment,335,173,162
S01011858,1. Managers directors and senior officials,52,31,21
S01011858,2. Professional occupations,69,31,38
S01011858,3. Associate professional and technical occupations,41,24,17
S01011858,4. Administrative and secretarial occupations,26,3,23
S01011858,5. Skilled trades occupations,56,52,4
S01011858,6. Caring leisure and other service occupations,38,6,32
S01011858,7. Sales and customer service occupations,16,4,12
S01011858,8. Process plant and machine operatives,8,7,1
S01011858,9. Elementary occupations,29,15,14
S01011859,All people aged 16 to 74 in employment,323,169,154
S01011859,1. Managers directors and senior officials,35,23,12
S01011859,2. Professional occupations,41,23,18
S01011859,3. Associate professional and technical occupations,27,11,16
S01011859,4. Administrative and secretarial occupations,29,8,21
S01011859,5. Skilled trades occupations,61,54,7
S01011859,6. Caring leisure and other service occupations,52,4,48
S01011859,7. Sales and customer service occupations,21,3,18
S01011859,8. Process plant and machine operatives,24,23,1
S01011859,9. Elementary occupations,33,20,13
S01011860,All people aged 16 to 74 in employment,392,223,169
S01011860,1. Managers directors and senior officials,62,38,24
S01011860,2. Professional occupations,42,21,21
S01011860,3. Associate professional and technical occupations,33,21,12
S01011860,4. Administrative and secretarial occupations,33,6,27
S01011860,5. Skilled trades occupations,68,61,7
S01011860,6. Caring leisure and other service occupations,31,6,25
S01011860,7. Sales and customer service occupations,18,7,11
S01011860,8. Process plant and machine operatives,16,14,2
S01011860,9. Elementary occupations,89,49,40
S01011861,All people aged 16 to 74 in employment,375,213,162
S01011861,1. Managers directors and senior officials,67,46,21
S01011861,2. Professional occupations,60,30,30
S01011861,3. Associate professional and technical occupations,37,19,18
S01011861,4. Administrative and secretarial occupations,32,7,25
S01011861,5. Skilled trades occupations,75,63,12
S01011861,6. Caring leisure and other service occupations,31,3,28
S01011861,7. Sales and customer service occupations,18,5,13
S01011861,8. Process plant and machine operatives,16,15,1
S01011861,9. Elementary occupations,39,25,14
S01011862,All people aged 16 to 74 in employment,404,222,182
S01011862,1. Managers directors and senior officials,50,35,15
S01011862,2. Professional occupations,83,39,44
S01011862,3. Associate professional and technical occupations,62,38,24
S01011862,4. Administrative and secretarial occupations,45,12,33
S01011862,5. Skilled trades occupations,43,40,3
S01011862,6. Caring leisure and other service occupations,44,11,33
S01011862,7. Sales and customer service occupations,26,9,17
S01011862,8. Process plant and machine operatives,17,16,1
S01011862,9. Elementary occupations,34,22,12
S01011863,All people aged 16 to 74 in employment,339,178,161
S01011863,1. Managers directors and senior officials,61,39,22
S01011863,2. Professional occupations,84,40,44
S01011863,3. Associate professional and technical occupations,48,21,27
S01011863,4. Administrative and secretarial occupations,23,5,18
S01011863,5. Skilled trades occupations,34,32,2
S01011863,6. Caring leisure and other service occupations,25,6,19
S01011863,7. Sales and customer service occupations,22,8,14
S01011863,8. Process plant and machine operatives,12,12,0
S01011863,9. Elementary occupations,30,15,15
S01011864,All people aged 16 to 74 in employment,336,174,162
S01011864,1. Managers directors and senior officials,49,26,23
S01011864,2. Professional occupations,65,25,40
S01011864,3. Associate professional and technical occupations,41,23,18
S01011864,4. Administrative and secretarial occupations,32,4,28
S01011864,5. Skilled trades occupations,46,46,0
S01011864,6. Caring leisure and other service occupations,31,6,25
S01011864,7. Sales and customer service occupations,23,9,14
S01011864,8. Process plant and machine operatives,16,14,2
S01011864,9. Elementary occupations,33,21,12
S01011865,All people aged 16 to 74 in employment,274,136,138
S01011865,1. Managers directors and senior officials,25,15,10
S01011865,2. Professional occupations,34,14,20
S01011865,3. Associate professional and technical occupations,38,26,12
S01011865,4. Administrative and secretarial occupations,32,5,27
S01011865,5. Skilled trades occupations,49,44,5
S01011865,6. Caring leisure and other service occupations,31,4,27
S01011865,7. Sales and customer service occupations,18,4,14
S01011865,8. Process plant and machine operatives,15,12,3
S01011865,9. Elementary occupations,32,12,20
S01011866,All people aged 16 to 74 in employment,381,200,181
S01011866,1. Managers directors and senior officials,27,18,9
S01011866,2. Professional occupations,48,24,24
S01011866,3. Associate professional and technical occupations,46,28,18
S01011866,4. Administrative and secretarial occupations,34,3,31
S01011866,5. Skilled trades occupations,63,54,9
S01011866,6. Caring leisure and other service occupations,47,8,39
S01011866,7. Sales and customer service occupations,26,7,19
S01011866,8. Process plant and machine operatives,31,30,1
S01011866,9. Elementary occupations,59,28,31
S01011867,All people aged 16 to 74 in employment,468,232,236
S01011867,1. Managers directors and senior officials,38,23,15
S01011867,2. Professional occupations,42,17,25
S01011867,3. Associate professional and technical occupations,38,21,17
S01011867,4. Administrative and secretarial occupations,40,6,34
S01011867,5. Skilled trades occupations,79,74,5
S01011867,6. Caring leisure and other service occupations,68,10,58
S01011867,7. Sales and customer service occupations,40,7,33
S01011867,8. Process plant and machine operatives,38,35,3
S01011867,9. Elementary occupations,85,39,46
S01011868,All people aged 16 to 74 in employment,422,213,209
S01011868,1. Managers directors and senior officials,44,32,12
S01011868,2. Professional occupations,70,32,38
S01011868,3. Associate professional and technical occupations,37,24,13
S01011868,4. Administrative and secretarial occupations,42,8,34
S01011868,5. Skilled trades occupations,61,56,5
S01011868,6. Caring leisure and other service occupations,49,6,43
S01011868,7. Sales and customer service occupations,51,13,38
S01011868,8. Process plant and machine operatives,19,19,0
S01011868,9. Elementary occupations,49,23,26
S01011869,All people aged 16 to 74 in employment,430,223,207
S01011869,1. Managers directors and senior officials,47,25,22
S01011869,2. Professional occupations,75,34,41
S01011869,3. Associate professional and technical occupations,43,23,20
S01011869,4. Administrative and secretarial occupations,31,4,27
S01011869,5. Skilled trades occupations,67,60,7
S01011869,6. Caring leisure and other service occupations,63,21,42
S01011869,7. Sales and customer service occupations,34,9,25
S01011869,8. Process plant and machine operatives,22,21,1
S01011869,9. Elementary occupations,48,26,22
S01011870,All people aged 16 to 74 in employment,315,161,154
S01011870,1. Managers directors and senior officials,17,14,3
S01011870,2. Professional occupations,40,20,20
S01011870,3. Associate professional and technical occupations,33,17,16
S01011870,4. Administrative and secretarial occupations,25,1,24
S01011870,5. Skilled trades occupations,58,49,9
S01011870,6. Caring leisure and other service occupations,34,5,29
S01011870,7. Sales and customer service occupations,30,7,23
S01011870,8. Process plant and machine operatives,27,24,3
S01011870,9. Elementary occupations,51,24,27
S01011871,All people aged 16 to 74 in employment,567,296,271
S01011871,1. Managers directors and senior officials,76,53,23
S01011871,2. Professional occupations,95,43,52
S01011871,3. Associate professional and technical occupations,81,36,45
S01011871,4. Administrative and secretarial occupations,44,3,41
S01011871,5. Skilled trades occupations,104,92,12
S01011871,6. Caring leisure and other service occupations,57,2,55
S01011871,7. Sales and customer service occupations,28,10,18
S01011871,8. Process plant and machine operatives,26,26,0
S01011871,9. Elementary occupations,56,31,25
S01011872,All people aged 16 to 74 in employment,476,254,222
S01011872,1. Managers directors and senior officials,76,53,23
S01011872,2. Professional occupations,97,48,49
S01011872,3. Associate professional and technical occupations,63,31,32
S01011872,4. Administrative and secretarial occupations,52,9,43
S01011872,5. Skilled trades occupations,74,62,12
S01011872,6. Caring leisure and other service occupations,29,4,25
S01011872,7. Sales and customer service occupations,31,8,23
S01011872,8. Process plant and machine operatives,24,23,1
S01011872,9. Elementary occupations,30,16,14
S01011873,All people aged 16 to 74 in employment,441,225,216
S01011873,1. Managers directors and senior officials,51,31,20
S01011873,2. Professional occupations,83,36,47
S01011873,3. Associate professional and technical occupations,66,39,27
S01011873,4. Administrative and secretarial occupations,63,8,55
S01011873,5. Skilled trades occupations,63,59,4
S01011873,6. Caring leisure and other service occupations,32,8,24
S01011873,7. Sales and customer service occupations,26,9,17
S01011873,8. Process plant and machine operatives,17,16,1
S01011873,9. Elementary occupations,40,19,21
S01011874,All people aged 16 to 74 in employment,368,189,179
S01011874,1. Managers directors and senior officials,44,23,21
S01011874,2. Professional occupations,50,16,34
S01011874,3. Associate professional and technical occupations,55,35,20
S01011874,4. Administrative and secretarial occupations,49,5,44
S01011874,5. Skilled trades occupations,52,47,5
S01011874,6. Caring leisure and other service occupations,27,4,23
S01011874,7. Sales and customer service occupations,31,13,18
S01011874,8. Process plant and machine operatives,27,26,1
S01011874,9. Elementary occupations,33,20,13
S01011875,All people aged 16 to 74 in employment,297,147,150
S01011875,1. Managers directors and senior officials,14,8,6
S01011875,2. Professional occupations,43,14,29
S01011875,3. Associate professional and technical occupations,43,23,20
S01011875,4. Administrative and secretarial occupations,42,6,36
S01011875,5. Skilled trades occupations,41,37,4
S01011875,6. Caring leisure and other service occupations,20,2,18
S01011875,7. Sales and customer service occupations,25,6,19
S01011875,8. Process plant and machine operatives,31,27,4
S01011875,9. Elementary occupations,38,24,14
S01011876,All people aged 16 to 74 in employment,495,261,234
S01011876,1. Managers directors and senior officials,73,50,23
S01011876,2. Professional occupations,112,41,71
S01011876,3. Associate professional and technical occupations,55,30,25
S01011876,4. Administrative and secretarial occupations,51,7,44
S01011876,5. Skilled trades occupations,84,74,10
S01011876,6. Caring leisure and other service occupations,32,6,26
S01011876,7. Sales and customer service occupations,33,10,23
S01011876,8. Process plant and machine operatives,26,25,1
S01011876,9. Elementary occupations,29,18,11
S01011877,All people aged 16 to 74 in employment,284,153,131
S01011877,1. Managers directors and senior officials,24,11,13
S01011877,2. Professional occupations,42,20,22
S01011877,3. Associate professional and technical occupations,40,19,21
S01011877,4. Administrative and secretarial occupations,21,5,16
S01011877,5. Skilled trades occupations,59,50,9
S01011877,6. Caring leisure and other service occupations,19,8,11
S01011877,7. Sales and customer service occupations,26,6,20
S01011877,8. Process plant and machine operatives,20,18,2
S01011877,9. Elementary occupations,33,16,17
S01011878,All people aged 16 to 74 in employment,517,271,246
S01011878,1. Managers directors and senior officials,55,38,17
S01011878,2. Professional occupations,143,64,79
S01011878,3. Associate professional and technical occupations,64,31,33
S01011878,4. Administrative and secretarial occupations,47,6,41
S01011878,5. Skilled trades occupations,80,70,10
S01011878,6. Caring leisure and other service occupations,44,9,35
S01011878,7. Sales and customer service occupations,27,10,17
S01011878,8. Process plant and machine operatives,22,20,2
S01011878,9. Elementary occupations,35,23,12
S01011879,All people aged 16 to 74 in employment,274,145,129
S01011879,1. Managers directors and senior officials,51,38,13
S01011879,2. Professional occupations,68,26,42
S01011879,3. Associate professional and technical occupations,34,22,12
S01011879,4. Administrative and secretarial occupations,24,7,17
S01011879,5. Skilled trades occupations,34,27,7
S01011879,6. Caring leisure and other service occupations,17,2,15
S01011879,7. Sales and customer service occupations,18,5,13
S01011879,8. Process plant and machine operatives,10,10,0
S01011879,9. Elementary occupations,18,8,10
S01011880,All people aged 16 to 74 in employment,299,167,132
S01011880,1. Managers directors and senior officials,35,21,14
S01011880,2. Professional occupations,57,26,31
S01011880,3. Associate professional and technical occupations,43,30,13
S01011880,4. Administrative and secretarial occupations,15,4,11
S01011880,5. Skilled trades occupations,56,47,9
S01011880,6. Caring leisure and other service occupations,25,3,22
S01011880,7. Sales and customer service occupations,20,4,16
S01011880,8. Process plant and machine operatives,15,13,2
S01011880,9. Elementary occupations,33,19,14
S01011881,All people aged 16 to 74 in employment,417,201,216
S01011881,1. Managers directors and senior officials,36,19,17
S01011881,2. Professional occupations,68,31,37
S01011881,3. Associate professional and technical occupations,57,35,22
S01011881,4. Administrative and secretarial occupations,46,10,36
S01011881,5. Skilled trades occupations,58,52,6
S01011881,6. Caring leisure and other service occupations,44,4,40
S01011881,7. Sales and customer service occupations,30,8,22
S01011881,8. Process plant and machine operatives,25,22,3
S01011881,9. Elementary occupations,53,20,33
S01011882,All people aged 16 to 74 in employment,449,226,223
S01011882,1. Managers directors and senior officials,28,17,11
S01011882,2. Professional occupations,57,22,35
S01011882,3. Associate professional and technical occupations,55,39,16
S01011882,4. Administrative and secretarial occupations,53,7,46
S01011882,5. Skilled trades occupations,58,56,2
S01011882,6. Caring leisure and other service occupations,44,4,40
S01011882,7. Sales and customer service occupations,57,14,43
S01011882,8. Process plant and machine operatives,37,36,1
S01011882,9. Elementary occupations,60,31,29
S01011883,All people aged 16 to 74 in employment,561,272,289
S01011883,1. Managers directors and senior officials,54,40,14
S01011883,2. Professional occupations,141,61,80
S01011883,3. Associate professional and technical occupations,62,36,26
S01011883,4. Administrative and secretarial occupations,74,12,62
S01011883,5. Skilled trades occupations,57,49,8
S01011883,6. Caring leisure and other service occupations,45,4,41
S01011883,7. Sales and customer service occupations,44,13,31
S01011883,8. Process plant and machine operatives,30,29,1
S01011883,9. Elementary occupations,54,28,26
S01011884,All people aged 16 to 74 in employment,233,127,106
S01011884,1. Managers directors and senior officials,38,26,12
S01011884,2. Professional occupations,41,17,24
S01011884,3. Associate professional and technical occupations,34,15,19
S01011884,4. Administrative and secretarial occupations,21,3,18
S01011884,5. Skilled trades occupations,41,37,4
S01011884,6. Caring leisure and other service occupations,13,3,10
S01011884,7. Sales and customer service occupations,16,6,10
S01011884,8. Process plant and machine operatives,15,14,1
S01011884,9. Elementary occupations,14,6,8
S01011885,All people aged 16 to 74 in employment,378,203,175
S01011885,1. Managers directors and senior officials,36,21,15
S01011885,2. Professional occupations,107,54,53
S01011885,3. Associate professional and technical occupations,69,36,33
S01011885,4. Administrative and secretarial occupations,41,9,32
S01011885,5. Skilled trades occupations,48,44,4
S01011885,6. Caring leisure and other service occupations,15,3,12
S01011885,7. Sales and customer service occupations,25,10,15
S01011885,8. Process plant and machine operatives,15,14,1
S01011885,9. Elementary occupations,22,12,10
S01011886,All people aged 16 to 74 in employment,437,223,214
S01011886,1. Managers directors and senior officials,45,30,15
S01011886,2. Professional occupations,89,44,45
S01011886,3. Associate professional and technical occupations,54,29,25
S01011886,4. Administrative and secretarial occupations,43,8,35
S01011886,5. Skilled trades occupations,41,40,1
S01011886,6. Caring leisure and other service occupations,39,4,35
S01011886,7. Sales and customer service occupations,50,16,34
S01011886,8. Process plant and machine operatives,33,31,2
S01011886,9. Elementary occupations,43,21,22
S01011887,All people aged 16 to 74 in employment,289,151,138
S01011887,1. Managers directors and senior officials,19,6,13
S01011887,2. Professional occupations,46,18,28
S01011887,3. Associate professional and technical occupations,30,21,9
S01011887,4. Administrative and secretarial occupations,31,4,27
S01011887,5. Skilled trades occupations,52,44,8
S01011887,6. Caring leisure and other service occupations,24,8,16
S01011887,7. Sales and customer service occupations,33,13,20
S01011887,8. Process plant and machine operatives,20,19,1
S01011887,9. Elementary occupations,34,18,16
S01011888,All people aged 16 to 74 in employment,421,197,224
S01011888,1. Managers directors and senior officials,32,14,18
S01011888,2. Professional occupations,34,14,20
S01011888,3. Associate professional and technical occupations,52,24,28
S01011888,4. Administrative and secretarial occupations,40,8,32
S01011888,5. Skilled trades occupations,51,46,5
S01011888,6. Caring leisure and other service occupations,39,7,32
S01011888,7. Sales and customer service occupations,65,15,50
S01011888,8. Process plant and machine operatives,41,40,1
S01011888,9. Elementary occupations,67,29,38
S01011889,All people aged 16 to 74 in employment,405,214,191
S01011889,1. Managers directors and senior officials,50,38,12
S01011889,2. Professional occupations,87,41,46
S01011889,3. Associate professional and technical occupations,59,32,27
S01011889,4. Administrative and secretarial occupations,48,9,39
S01011889,5. Skilled trades occupations,42,38,4
S01011889,6. Caring leisure and other service occupations,33,4,29
S01011889,7. Sales and customer service occupations,31,13,18
S01011889,8. Process plant and machine operatives,23,22,1
S01011889,9. Elementary occupations,32,17,15
S01011890,All people aged 16 to 74 in employment,376,184,192
S01011890,1. Managers directors and senior officials,33,22,11
S01011890,2. Professional occupations,81,35,46
S01011890,3. Associate professional and technical occupations,48,27,21
S01011890,4. Administrative and secretarial occupations,46,8,38
S01011890,5. Skilled trades occupations,41,34,7
S01011890,6. Caring leisure and other service occupations,35,4,31
S01011890,7. Sales and customer service occupations,35,15,20
S01011890,8. Process plant and machine operatives,17,16,1
S01011890,9. Elementary occupations,40,23,17
S01011891,All people aged 16 to 74 in employment,372,211,161
S01011891,1. Managers directors and senior officials,20,13,7
S01011891,2. Professional occupations,39,12,27
S01011891,3. Associate professional and technical occupations,38,22,16
S01011891,4. Administrative and secretarial occupations,26,7,19
S01011891,5. Skilled trades occupations,63,58,5
S01011891,6. Caring leisure and other service occupations,49,13,36
S01011891,7. Sales and customer service occupations,53,18,35
S01011891,8. Process plant and machine operatives,27,26,1
S01011891,9. Elementary occupations,57,42,15
S01011892,All people aged 16 to 74 in employment,621,315,306
S01011892,1. Managers directors and senior officials,52,31,21
S01011892,2. Professional occupations,140,57,83
S01011892,3. Associate professional and technical occupations,85,46,39
S01011892,4. Administrative and secretarial occupations,77,15,62
S01011892,5. Skilled trades occupations,56,54,2
S01011892,6. Caring leisure and other service occupations,36,12,24
S01011892,7. Sales and customer service occupations,79,33,46
S01011892,8. Process plant and machine operatives,34,32,2
S01011892,9. Elementary occupations,62,35,27
S01011893,All people aged 16 to 74 in employment,504,258,246
S01011893,1. Managers directors and senior officials,30,21,9
S01011893,2. Professional occupations,94,43,51
S01011893,3. Associate professional and technical occupations,63,37,26
S01011893,4. Administrative and secretarial occupations,79,17,62
S01011893,5. Skilled trades occupations,58,55,3
S01011893,6. Caring leisure and other service occupations,41,12,29
S01011893,7. Sales and customer service occupations,65,24,41
S01011893,8. Process plant and machine operatives,18,15,3
S01011893,9. Elementary occupations,56,34,22
S01011894,All people aged 16 to 74 in employment,349,184,165
S01011894,1. Managers directors and senior officials,27,16,11
S01011894,2. Professional occupations,50,20,30
S01011894,3. Associate professional and technical occupations,39,22,17
S01011894,4. Administrative and secretarial occupations,37,7,30
S01011894,5. Skilled trades occupations,42,39,3
S01011894,6. Caring leisure and other service occupations,33,9,24
S01011894,7. Sales and customer service occupations,48,17,31
S01011894,8. Process plant and machine operatives,31,24,7
S01011894,9. Elementary occupations,42,30,12
S01011895,All people aged 16 to 74 in employment,273,146,127
S01011895,1. Managers directors and senior officials,34,23,11
S01011895,2. Professional occupations,78,37,41
S01011895,3. Associate professional and technical occupations,45,26,19
S01011895,4. Administrative and secretarial occupations,34,7,27
S01011895,5. Skilled trades occupations,26,24,2
S01011895,6. Caring leisure and other service occupations,15,3,12
S01011895,7. Sales and customer service occupations,19,8,11
S01011895,8. Process plant and machine operatives,7,7,0
S01011895,9. Elementary occupations,15,11,4
S01011896,All people aged 16 to 74 in employment,430,217,213
S01011896,1. Managers directors and senior officials,35,23,12
S01011896,2. Professional occupations,115,47,68
S01011896,3. Associate professional and technical occupations,65,37,28
S01011896,4. Administrative and secretarial occupations,54,9,45
S01011896,5. Skilled trades occupations,41,38,3
S01011896,6. Caring leisure and other service occupations,27,5,22
S01011896,7. Sales and customer service occupations,45,25,20
S01011896,8. Process plant and machine operatives,17,17,0
S01011896,9. Elementary occupations,31,16,15
S01011897,All people aged 16 to 74 in employment,476,229,247
S01011897,1. Managers directors and senior officials,60,41,19
S01011897,2. Professional occupations,117,52,65
S01011897,3. Associate professional and technical occupations,54,28,26
S01011897,4. Administrative and secretarial occupations,78,9,69
S01011897,5. Skilled trades occupations,44,42,2
S01011897,6. Caring leisure and other service occupations,36,5,31
S01011897,7. Sales and customer service occupations,31,10,21
S01011897,8. Process plant and machine operatives,30,28,2
S01011897,9. Elementary occupations,26,14,12
S01011898,All people aged 16 to 74 in employment,358,170,188
S01011898,1. Managers directors and senior officials,43,36,7
S01011898,2. Professional occupations,112,45,67
S01011898,3. Associate professional and technical occupations,60,38,22
S01011898,4. Administrative and secretarial occupations,40,7,33
S01011898,5. Skilled trades occupations,22,20,2
S01011898,6. Caring leisure and other service occupations,21,1,20
S01011898,7. Sales and customer service occupations,39,11,28
S01011898,8. Process plant and machine operatives,9,9,0
S01011898,9. Elementary occupations,12,3,9
S01011899,All people aged 16 to 74 in employment,379,182,197
S01011899,1. Managers directors and senior officials,20,14,6
S01011899,2. Professional occupations,66,22,44
S01011899,3. Associate professional and technical occupations,70,47,23
S01011899,4. Administrative and secretarial occupations,59,8,51
S01011899,5. Skilled trades occupations,41,37,4
S01011899,6. Caring leisure and other service occupations,32,7,25
S01011899,7. Sales and customer service occupations,37,8,29
S01011899,8. Process plant and machine operatives,26,26,0
S01011899,9. Elementary occupations,28,13,15
S01011900,All people aged 16 to 74 in employment,387,203,184
S01011900,1. Managers directors and senior officials,46,38,8
S01011900,2. Professional occupations,78,31,47
S01011900,3. Associate professional and technical occupations,79,51,28
S01011900,4. Administrative and secretarial occupations,55,12,43
S01011900,5. Skilled trades occupations,31,29,2
S01011900,6. Caring leisure and other service occupations,31,6,25
S01011900,7. Sales and customer service occupations,39,15,24
S01011900,8. Process plant and machine operatives,5,5,0
S01011900,9. Elementary occupations,23,16,7
S01011901,All people aged 16 to 74 in employment,447,230,217
S01011901,1. Managers directors and senior officials,55,44,11
S01011901,2. Professional occupations,101,44,57
S01011901,3. Associate professional and technical occupations,58,34,24
S01011901,4. Administrative and secretarial occupations,53,12,41
S01011901,5. Skilled trades occupations,44,40,4
S01011901,6. Caring leisure and other service occupations,38,6,32
S01011901,7. Sales and customer service occupations,38,10,28
S01011901,8. Process plant and machine operatives,24,22,2
S01011901,9. Elementary occupations,36,18,18
S01011902,All people aged 16 to 74 in employment,516,264,252
S01011902,1. Managers directors and senior officials,46,35,11
S01011902,2. Professional occupations,117,52,65
S01011902,3. Associate professional and technical occupations,90,58,32
S01011902,4. Administrative and secretarial occupations,71,9,62
S01011902,5. Skilled trades occupations,49,48,1
S01011902,6. Caring leisure and other service occupations,35,5,30
S01011902,7. Sales and customer service occupations,51,16,35
S01011902,8. Process plant and machine operatives,20,20,0
S01011902,9. Elementary occupations,37,21,16
S01011903,All people aged 16 to 74 in employment,370,196,174
S01011903,1. Managers directors and senior officials,49,32,17
S01011903,2. Professional occupations,72,34,38
S01011903,3. Associate professional and technical occupations,68,43,25
S01011903,4. Administrative and secretarial occupations,58,7,51
S01011903,5. Skilled trades occupations,39,35,4
S01011903,6. Caring leisure and other service occupations,25,8,17
S01011903,7. Sales and customer service occupations,28,11,17
S01011903,8. Process plant and machine operatives,14,13,1
S01011903,9. Elementary occupations,17,13,4
S01011904,All people aged 16 to 74 in employment,383,188,195
S01011904,1. Managers directors and senior officials,51,32,19
S01011904,2. Professional occupations,75,30,45
S01011904,3. Associate professional and technical occupations,64,44,20
S01011904,4. Administrative and secretarial occupations,57,13,44
S01011904,5. Skilled trades occupations,29,27,2
S01011904,6. Caring leisure and other service occupations,25,2,23
S01011904,7. Sales and customer service occupations,36,9,27
S01011904,8. Process plant and machine operatives,17,16,1
S01011904,9. Elementary occupations,29,15,14
S01011905,All people aged 16 to 74 in employment,421,217,204
S01011905,1. Managers directors and senior officials,59,44,15
S01011905,2. Professional occupations,98,44,54
S01011905,3. Associate professional and technical occupations,54,36,18
S01011905,4. Administrative and secretarial occupations,68,12,56
S01011905,5. Skilled trades occupations,36,33,3
S01011905,6. Caring leisure and other service occupations,34,3,31
S01011905,7. Sales and customer service occupations,31,14,17
S01011905,8. Process plant and machine operatives,14,14,0
S01011905,9. Elementary occupations,27,17,10
S01011906,All people aged 16 to 74 in employment,228,119,109
S01011906,1. Managers directors and senior officials,21,14,7
S01011906,2. Professional occupations,34,12,22
S01011906,3. Associate professional and technical occupations,44,26,18
S01011906,4. Administrative and secretarial occupations,34,10,24
S01011906,5. Skilled trades occupations,19,18,1
S01011906,6. Caring leisure and other service occupations,17,3,14
S01011906,7. Sales and customer service occupations,28,13,15
S01011906,8. Process plant and machine operatives,13,12,1
S01011906,9. Elementary occupations,18,11,7
S01011907,All people aged 16 to 74 in employment,447,229,218
S01011907,1. Managers directors and senior officials,28,21,7
S01011907,2. Professional occupations,74,25,49
S01011907,3. Associate professional and technical occupations,64,32,32
S01011907,4. Administrative and secretarial occupations,59,22,37
S01011907,5. Skilled trades occupations,59,51,8
S01011907,6. Caring leisure and other service occupations,33,4,29
S01011907,7. Sales and customer service occupations,64,25,39
S01011907,8. Process plant and machine operatives,24,24,0
S01011907,9. Elementary occupations,42,25,17
S01011908,All people aged 16 to 74 in employment,227,116,111
S01011908,1. Managers directors and senior officials,12,8,4
S01011908,2. Professional occupations,37,11,26
S01011908,3. Associate professional and technical occupations,48,33,15
S01011908,4. Administrative and secretarial occupations,21,5,16
S01011908,5. Skilled trades occupations,25,23,2
S01011908,6. Caring leisure and other service occupations,21,4,17
S01011908,7. Sales and customer service occupations,28,8,20
S01011908,8. Process plant and machine operatives,10,10,0
S01011908,9. Elementary occupations,25,14,11
S01011909,All people aged 16 to 74 in employment,682,334,348
S01011909,1. Managers directors and senior officials,68,37,31
S01011909,2. Professional occupations,97,34,63
S01011909,3. Associate professional and technical occupations,112,58,54
S01011909,4. Administrative and secretarial occupations,76,15,61
S01011909,5. Skilled trades occupations,78,72,6
S01011909,6. Caring leisure and other service occupations,61,13,48
S01011909,7. Sales and customer service occupations,81,30,51
S01011909,8. Process plant and machine operatives,43,40,3
S01011909,9. Elementary occupations,66,35,31
S01011910,All people aged 16 to 74 in employment,404,200,204
S01011910,1. Managers directors and senior officials,20,9,11
S01011910,2. Professional occupations,19,8,11
S01011910,3. Associate professional and technical occupations,33,21,12
S01011910,4. Administrative and secretarial occupations,31,4,27
S01011910,5. Skilled trades occupations,56,50,6
S01011910,6. Caring leisure and other service occupations,49,13,36
S01011910,7. Sales and customer service occupations,72,18,54
S01011910,8. Process plant and machine operatives,30,26,4
S01011910,9. Elementary occupations,94,51,43
S01011911,All people aged 16 to 74 in employment,317,151,166
S01011911,1. Managers directors and senior officials,14,7,7
S01011911,2. Professional occupations,26,9,17
S01011911,3. Associate professional and technical occupations,33,17,16
S01011911,4. Administrative and secretarial occupations,36,7,29
S01011911,5. Skilled trades occupations,49,43,6
S01011911,6. Caring leisure and other service occupations,32,8,24
S01011911,7. Sales and customer service occupations,51,10,41
S01011911,8. Process plant and machine operatives,25,22,3
S01011911,9. Elementary occupations,51,28,23
S01011912,All people aged 16 to 74 in employment,365,178,187
S01011912,1. Managers directors and senior officials,13,8,5
S01011912,2. Professional occupations,20,7,13
S01011912,3. Associate professional and technical occupations,36,20,16
S01011912,4. Administrative and secretarial occupations,41,5,36
S01011912,5. Skilled trades occupations,62,55,7
S01011912,6. Caring leisure and other service occupations,53,6,47
S01011912,7. Sales and customer service occupations,51,18,33
S01011912,8. Process plant and machine operatives,35,32,3
S01011912,9. Elementary occupations,54,27,27
S01011913,All people aged 16 to 74 in employment,345,162,183
S01011913,1. Managers directors and senior officials,21,13,8
S01011913,2. Professional occupations,23,12,11
S01011913,3. Associate professional and technical occupations,27,14,13
S01011913,4. Administrative and secretarial occupations,27,5,22
S01011913,5. Skilled trades occupations,39,37,2
S01011913,6. Caring leisure and other service occupations,33,6,27
S01011913,7. Sales and customer service occupations,64,10,54
S01011913,8. Process plant and machine operatives,39,33,6
S01011913,9. Elementary occupations,72,32,40
S01011914,All people aged 16 to 74 in employment,377,185,192
S01011914,1. Managers directors and senior officials,15,10,5
S01011914,2. Professional occupations,14,7,7
S01011914,3. Associate professional and technical occupations,35,13,22
S01011914,4. Administrative and secretarial occupations,35,8,27
S01011914,5. Skilled trades occupations,55,51,4
S01011914,6. Caring leisure and other service occupations,45,9,36
S01011914,7. Sales and customer service occupations,61,12,49
S01011914,8. Process plant and machine operatives,35,33,2
S01011914,9. Elementary occupations,82,42,40
S01011915,All people aged 16 to 74 in employment,388,203,185
S01011915,1. Managers directors and senior officials,19,16,3
S01011915,2. Professional occupations,29,12,17
S01011915,3. Associate professional and technical occupations,32,16,16
S01011915,4. Administrative and secretarial occupations,35,6,29
S01011915,5. Skilled trades occupations,57,53,4
S01011915,6. Caring leisure and other service occupations,45,8,37
S01011915,7. Sales and customer service occupations,65,17,48
S01011915,8. Process plant and machine operatives,43,39,4
S01011915,9. Elementary occupations,63,36,27
S01011916,All people aged 16 to 74 in employment,270,125,145
S01011916,1. Managers directors and senior officials,11,4,7
S01011916,2. Professional occupations,23,8,15
S01011916,3. Associate professional and technical occupations,15,9,6
S01011916,4. Administrative and secretarial occupations,23,1,22
S01011916,5. Skilled trades occupations,44,38,6
S01011916,6. Caring leisure and other service occupations,37,8,29
S01011916,7. Sales and customer service occupations,39,11,28
S01011916,8. Process plant and machine operatives,19,19,0
S01011916,9. Elementary occupations,59,27,32
S01011917,All people aged 16 to 74 in employment,247,110,137
S01011917,1. Managers directors and senior officials,9,6,3
S01011917,2. Professional occupations,10,2,8
S01011917,3. Associate professional and technical occupations,28,11,17
S01011917,4. Administrative and secretarial occupations,26,1,25
S01011917,5. Skilled trades occupations,36,31,5
S01011917,6. Caring leisure and other service occupations,38,9,29
S01011917,7. Sales and customer service occupations,38,10,28
S01011917,8. Process plant and machine operatives,20,20,0
S01011917,9. Elementary occupations,42,20,22
S01011918,All people aged 16 to 74 in employment,317,139,178
S01011918,1. Managers directors and senior officials,11,6,5
S01011918,2. Professional occupations,21,8,13
S01011918,3. Associate professional and technical occupations,25,10,15
S01011918,4. Administrative and secretarial occupations,20,5,15
S01011918,5. Skilled trades occupations,40,36,4
S01011918,6. Caring leisure and other service occupations,36,7,29
S01011918,7. Sales and customer service occupations,50,9,41
S01011918,8. Process plant and machine operatives,27,23,4
S01011918,9. Elementary occupations,87,35,52
S01011919,All people aged 16 to 74 in employment,475,238,237
S01011919,1. Managers directors and senior officials,26,13,13
S01011919,2. Professional occupations,44,21,23
S01011919,3. Associate professional and technical occupations,44,24,20
S01011919,4. Administrative and secretarial occupations,36,4,32
S01011919,5. Skilled trades occupations,75,65,10
S01011919,6. Caring leisure and other service occupations,55,6,49
S01011919,7. Sales and customer service occupations,65,24,41
S01011919,8. Process plant and machine operatives,43,37,6
S01011919,9. Elementary occupations,87,44,43
S01011920,All people aged 16 to 74 in employment,325,157,168
S01011920,1. Managers directors and senior officials,13,8,5
S01011920,2. Professional occupations,23,7,16
S01011920,3. Associate professional and technical occupations,28,13,15
S01011920,4. Administrative and secretarial occupations,22,5,17
S01011920,5. Skilled trades occupations,44,42,2
S01011920,6. Caring leisure and other service occupations,46,6,40
S01011920,7. Sales and customer service occupations,58,17,41
S01011920,8. Process plant and machine operatives,27,24,3
S01011920,9. Elementary occupations,64,35,29
S01011921,All people aged 16 to 74 in employment,276,137,139
S01011921,1. Managers directors and senior officials,5,3,2
S01011921,2. Professional occupations,20,5,15
S01011921,3. Associate professional and technical occupations,27,12,15
S01011921,4. Administrative and secretarial occupations,32,9,23
S01011921,5. Skilled trades occupations,39,35,4
S01011921,6. Caring leisure and other service occupations,24,3,21
S01011921,7. Sales and customer service occupations,44,11,33
S01011921,8. Process plant and machine operatives,32,28,4
S01011921,9. Elementary occupations,53,31,22
S01011922,All people aged 16 to 74 in employment,382,195,187
S01011922,1. Managers directors and senior officials,13,10,3
S01011922,2. Professional occupations,15,11,4
S01011922,3. Associate professional and technical occupations,25,13,12
S01011922,4. Administrative and secretarial occupations,41,5,36
S01011922,5. Skilled trades occupations,48,46,2
S01011922,6. Caring leisure and other service occupations,48,11,37
S01011922,7. Sales and customer service occupations,65,21,44
S01011922,8. Process plant and machine operatives,44,37,7
S01011922,9. Elementary occupations,83,41,42
S01011923,All people aged 16 to 74 in employment,405,205,200
S01011923,1. Managers directors and senior officials,26,18,8
S01011923,2. Professional occupations,18,5,13
S01011923,3. Associate professional and technical occupations,44,28,16
S01011923,4. Administrative and secretarial occupations,45,9,36
S01011923,5. Skilled trades occupations,55,53,2
S01011923,6. Caring leisure and other service occupations,56,10,46
S01011923,7. Sales and customer service occupations,49,12,37
S01011923,8. Process plant and machine operatives,29,27,2
S01011923,9. Elementary occupations,83,43,40
S01011924,All people aged 16 to 74 in employment,217,111,106
S01011924,1. Managers directors and senior officials,14,10,4
S01011924,2. Professional occupations,10,6,4
S01011924,3. Associate professional and technical occupations,20,7,13
S01011924,4. Administrative and secretarial occupations,23,4,19
S01011924,5. Skilled trades occupations,34,32,2
S01011924,6. Caring leisure and other service occupations,28,5,23
S01011924,7. Sales and customer service occupations,33,9,24
S01011924,8. Process plant and machine operatives,16,16,0
S01011924,9. Elementary occupations,39,22,17
S01011925,All people aged 16 to 74 in employment,445,229,216
S01011925,1. Managers directors and senior officials,58,43,15
S01011925,2. Professional occupations,65,27,38
S01011925,3. Associate professional and technical occupations,66,33,33
S01011925,4. Administrative and secretarial occupations,49,9,40
S01011925,5. Skilled trades occupations,56,52,4
S01011925,6. Caring leisure and other service occupations,39,6,33
S01011925,7. Sales and customer service occupations,58,18,40
S01011925,8. Process plant and machine operatives,20,20,0
S01011925,9. Elementary occupations,34,21,13
S01011926,All people aged 16 to 74 in employment,326,159,167
S01011926,1. Managers directors and senior officials,16,9,7
S01011926,2. Professional occupations,15,7,8
S01011926,3. Associate professional and technical occupations,30,13,17
S01011926,4. Administrative and secretarial occupations,43,8,35
S01011926,5. Skilled trades occupations,52,49,3
S01011926,6. Caring leisure and other service occupations,29,6,23
S01011926,7. Sales and customer service occupations,53,12,41
S01011926,8. Process plant and machine operatives,27,24,3
S01011926,9. Elementary occupations,61,31,30
S01011927,All people aged 16 to 74 in employment,292,132,160
S01011927,1. Managers directors and senior officials,11,6,5
S01011927,2. Professional occupations,19,6,13
S01011927,3. Associate professional and technical occupations,17,11,6
S01011927,4. Administrative and secretarial occupations,37,8,29
S01011927,5. Skilled trades occupations,31,29,2
S01011927,6. Caring leisure and other service occupations,43,6,37
S01011927,7. Sales and customer service occupations,58,14,44
S01011927,8. Process plant and machine operatives,22,20,2
S01011927,9. Elementary occupations,54,32,22
S01011928,All people aged 16 to 74 in employment,360,179,181
S01011928,1. Managers directors and senior officials,17,9,8
S01011928,2. Professional occupations,26,11,15
S01011928,3. Associate professional and technical occupations,35,16,19
S01011928,4. Administrative and secretarial occupations,35,3,32
S01011928,5. Skilled trades occupations,59,55,4
S01011928,6. Caring leisure and other service occupations,47,7,40
S01011928,7. Sales and customer service occupations,46,12,34
S01011928,8. Process plant and machine operatives,28,25,3
S01011928,9. Elementary occupations,67,41,26
S01011929,All people aged 16 to 74 in employment,354,173,181
S01011929,1. Managers directors and senior officials,16,9,7
S01011929,2. Professional occupations,16,4,12
S01011929,3. Associate professional and technical occupations,31,12,19
S01011929,4. Administrative and secretarial occupations,43,7,36
S01011929,5. Skilled trades occupations,50,46,4
S01011929,6. Caring leisure and other service occupations,31,7,24
S01011929,7. Sales and customer service occupations,67,22,45
S01011929,8. Process plant and machine operatives,31,31,0
S01011929,9. Elementary occupations,69,35,34
S01011930,All people aged 16 to 74 in employment,318,155,163
S01011930,1. Managers directors and senior officials,18,11,7
S01011930,2. Professional occupations,13,3,10
S01011930,3. Associate professional and technical occupations,36,20,16
S01011930,4. Administrative and secretarial occupations,38,3,35
S01011930,5. Skilled trades occupations,46,39,7
S01011930,6. Caring leisure and other service occupations,36,11,25
S01011930,7. Sales and customer service occupations,46,13,33
S01011930,8. Process plant and machine operatives,26,25,1
S01011930,9. Elementary occupations,59,30,29
S01011931,All people aged 16 to 74 in employment,274,144,130
S01011931,1. Managers directors and senior officials,15,11,4
S01011931,2. Professional occupations,19,6,13
S01011931,3. Associate professional and technical occupations,26,18,8
S01011931,4. Administrative and secretarial occupations,14,4,10
S01011931,5. Skilled trades occupations,31,29,2
S01011931,6. Caring leisure and other service occupations,30,8,22
S01011931,7. Sales and customer service occupations,40,9,31
S01011931,8. Process plant and machine operatives,25,22,3
S01011931,9. Elementary occupations,74,37,37
S01011932,All people aged 16 to 74 in employment,373,186,187
S01011932,1. Managers directors and senior officials,25,12,13
S01011932,2. Professional occupations,48,23,25
S01011932,3. Associate professional and technical occupations,50,22,28
S01011932,4. Administrative and secretarial occupations,45,10,35
S01011932,5. Skilled trades occupations,47,44,3
S01011932,6. Caring leisure and other service occupations,27,6,21
S01011932,7. Sales and customer service occupations,50,14,36
S01011932,8. Process plant and machine operatives,23,19,4
S01011932,9. Elementary occupations,58,36,22
S01011933,All people aged 16 to 74 in employment,368,200,168
S01011933,1. Managers directors and senior officials,17,8,9
S01011933,2. Professional occupations,39,20,19
S01011933,3. Associate professional and technical occupations,39,22,17
S01011933,4. Administrative and secretarial occupations,34,10,24
S01011933,5. Skilled trades occupations,49,46,3
S01011933,6. Caring leisure and other service occupations,37,6,31
S01011933,7. Sales and customer service occupations,57,21,36
S01011933,8. Process plant and machine operatives,39,35,4
S01011933,9. Elementary occupations,57,32,25
S01011934,All people aged 16 to 74 in employment,533,292,241
S01011934,1. Managers directors and senior officials,46,30,16
S01011934,2. Professional occupations,70,35,35
S01011934,3. Associate professional and technical occupations,71,38,33
S01011934,4. Administrative and secretarial occupations,57,10,47
S01011934,5. Skilled trades occupations,63,58,5
S01011934,6. Caring leisure and other service occupations,41,7,34
S01011934,7. Sales and customer service occupations,56,30,26
S01011934,8. Process plant and machine operatives,40,38,2
S01011934,9. Elementary occupations,89,46,43
S01011935,All people aged 16 to 74 in employment,502,282,220
S01011935,1. Managers directors and senior officials,25,12,13
S01011935,2. Professional occupations,46,26,20
S01011935,3. Associate professional and technical occupations,52,35,17
S01011935,4. Administrative and secretarial occupations,39,10,29
S01011935,5. Skilled trades occupations,67,57,10
S01011935,6. Caring leisure and other service occupations,41,13,28
S01011935,7. Sales and customer service occupations,61,31,30
S01011935,8. Process plant and machine operatives,32,30,2
S01011935,9. Elementary occupations,139,68,71
S01011936,All people aged 16 to 74 in employment,398,200,198
S01011936,1. Managers directors and senior officials,42,15,27
S01011936,2. Professional occupations,83,39,44
S01011936,3. Associate professional and technical occupations,58,31,27
S01011936,4. Administrative and secretarial occupations,33,9,24
S01011936,5. Skilled trades occupations,32,27,5
S01011936,6. Caring leisure and other service occupations,28,6,22
S01011936,7. Sales and customer service occupations,52,26,26
S01011936,8. Process plant and machine operatives,19,17,2
S01011936,9. Elementary occupations,51,30,21
S01011937,All people aged 16 to 74 in employment,394,218,176
S01011937,1. Managers directors and senior officials,36,19,17
S01011937,2. Professional occupations,70,39,31
S01011937,3. Associate professional and technical occupations,44,30,14
S01011937,4. Administrative and secretarial occupations,33,9,24
S01011937,5. Skilled trades occupations,31,27,4
S01011937,6. Caring leisure and other service occupations,36,6,30
S01011937,7. Sales and customer service occupations,62,28,34
S01011937,8. Process plant and machine operatives,25,21,4
S01011937,9. Elementary occupations,57,39,18
S01011938,All people aged 16 to 74 in employment,385,192,193
S01011938,1. Managers directors and senior officials,48,27,21
S01011938,2. Professional occupations,73,37,36
S01011938,3. Associate professional and technical occupations,51,27,24
S01011938,4. Administrative and secretarial occupations,37,6,31
S01011938,5. Skilled trades occupations,42,41,1
S01011938,6. Caring leisure and other service occupations,28,11,17
S01011938,7. Sales and customer service occupations,38,11,27
S01011938,8. Process plant and machine operatives,17,15,2
S01011938,9. Elementary occupations,51,17,34
S01011939,All people aged 16 to 74 in employment,417,229,188
S01011939,1. Managers directors and senior officials,30,18,12
S01011939,2. Professional occupations,54,21,33
S01011939,3. Associate professional and technical occupations,43,25,18
S01011939,4. Administrative and secretarial occupations,35,8,27
S01011939,5. Skilled trades occupations,46,44,2
S01011939,6. Caring leisure and other service occupations,45,12,33
S01011939,7. Sales and customer service occupations,60,25,35
S01011939,8. Process plant and machine operatives,26,25,1
S01011939,9. Elementary occupations,78,51,27
S01011940,All people aged 16 to 74 in employment,240,137,103
S01011940,1. Managers directors and senior officials,21,8,13
S01011940,2. Professional occupations,27,16,11
S01011940,3. Associate professional and technical occupations,21,14,7
S01011940,4. Administrative and secretarial occupations,19,5,14
S01011940,5. Skilled trades occupations,37,30,7
S01011940,6. Caring leisure and other service occupations,18,4,14
S01011940,7. Sales and customer service occupations,33,17,16
S01011940,8. Process plant and machine operatives,18,16,2
S01011940,9. Elementary occupations,46,27,19
S01011941,All people aged 16 to 74 in employment,472,268,204
S01011941,1. Managers directors and senior officials,29,12,17
S01011941,2. Professional occupations,74,48,26
S01011941,3. Associate professional and technical occupations,41,26,15
S01011941,4. Administrative and secretarial occupations,42,11,31
S01011941,5. Skilled trades occupations,60,52,8
S01011941,6. Caring leisure and other service occupations,50,18,32
S01011941,7. Sales and customer service occupations,73,30,43
S01011941,8. Process plant and machine operatives,18,16,2
S01011941,9. Elementary occupations,85,55,30
S01011942,All people aged 16 to 74 in employment,470,268,202
S01011942,1. Managers directors and senior officials,27,15,12
S01011942,2. Professional occupations,45,22,23
S01011942,3. Associate professional and technical occupations,49,26,23
S01011942,4. Administrative and secretarial occupations,34,16,18
S01011942,5. Skilled trades occupations,65,56,9
S01011942,6. Caring leisure and other service occupations,33,6,27
S01011942,7. Sales and customer service occupations,80,41,39
S01011942,8. Process plant and machine operatives,28,25,3
S01011942,9. Elementary occupations,109,61,48
S01011943,All people aged 16 to 74 in employment,577,300,277
S01011943,1. Managers directors and senior officials,43,25,18
S01011943,2. Professional occupations,60,30,30
S01011943,3. Associate professional and technical occupations,65,33,32
S01011943,4. Administrative and secretarial occupations,52,14,38
S01011943,5. Skilled trades occupations,71,61,10
S01011943,6. Caring leisure and other service occupations,54,12,42
S01011943,7. Sales and customer service occupations,91,38,53
S01011943,8. Process plant and machine operatives,20,20,0
S01011943,9. Elementary occupations,121,67,54
S01011944,All people aged 16 to 74 in employment,207,108,99
S01011944,1. Managers directors and senior officials,28,20,8
S01011944,2. Professional occupations,56,26,30
S01011944,3. Associate professional and technical occupations,28,19,9
S01011944,4. Administrative and secretarial occupations,20,2,18
S01011944,5. Skilled trades occupations,24,20,4
S01011944,6. Caring leisure and other service occupations,17,4,13
S01011944,7. Sales and customer service occupations,13,2,11
S01011944,8. Process plant and machine operatives,10,10,0
S01011944,9. Elementary occupations,11,5,6
S01011945,All people aged 16 to 74 in employment,347,192,155
S01011945,1. Managers directors and senior officials,53,37,16
S01011945,2. Professional occupations,120,63,57
S01011945,3. Associate professional and technical occupations,47,27,20
S01011945,4. Administrative and secretarial occupations,33,6,27
S01011945,5. Skilled trades occupations,27,26,1
S01011945,6. Caring leisure and other service occupations,21,7,14
S01011945,7. Sales and customer service occupations,20,7,13
S01011945,8. Process plant and machine operatives,10,8,2
S01011945,9. Elementary occupations,16,11,5
S01011946,All people aged 16 to 74 in employment,323,169,154
S01011946,1. Managers directors and senior officials,31,23,8
S01011946,2. Professional occupations,59,29,30
S01011946,3. Associate professional and technical occupations,29,9,20
S01011946,4. Administrative and secretarial occupations,34,7,27
S01011946,5. Skilled trades occupations,39,36,3
S01011946,6. Caring leisure and other service occupations,29,10,19
S01011946,7. Sales and customer service occupations,32,13,19
S01011946,8. Process plant and machine operatives,16,14,2
S01011946,9. Elementary occupations,54,28,26
S01011947,All people aged 16 to 74 in employment,216,113,103
S01011947,1. Managers directors and senior officials,14,9,5
S01011947,2. Professional occupations,34,15,19
S01011947,3. Associate professional and technical occupations,28,19,9
S01011947,4. Administrative and secretarial occupations,28,4,24
S01011947,5. Skilled trades occupations,25,25,0
S01011947,6. Caring leisure and other service occupations,20,3,17
S01011947,7. Sales and customer service occupations,32,11,21
S01011947,8. Process plant and machine operatives,17,17,0
S01011947,9. Elementary occupations,18,10,8
S01011948,All people aged 16 to 74 in employment,484,245,239
S01011948,1. Managers directors and senior officials,64,34,30
S01011948,2. Professional occupations,124,57,67
S01011948,3. Associate professional and technical occupations,76,46,30
S01011948,4. Administrative and secretarial occupations,40,6,34
S01011948,5. Skilled trades occupations,45,36,9
S01011948,6. Caring leisure and other service occupations,26,5,21
S01011948,7. Sales and customer service occupations,41,11,30
S01011948,8. Process plant and machine operatives,27,26,1
S01011948,9. Elementary occupations,41,24,17
S01011949,All people aged 16 to 74 in employment,303,156,147
S01011949,1. Managers directors and senior officials,44,37,7
S01011949,2. Professional occupations,59,25,34
S01011949,3. Associate professional and technical occupations,50,34,16
S01011949,4. Administrative and secretarial occupations,44,7,37
S01011949,5. Skilled trades occupations,28,27,1
S01011949,6. Caring leisure and other service occupations,27,5,22
S01011949,7. Sales and customer service occupations,27,5,22
S01011949,8. Process plant and machine operatives,9,8,1
S01011949,9. Elementary occupations,15,8,7
S01011950,All people aged 16 to 74 in employment,307,151,156
S01011950,1. Managers directors and senior officials,22,13,9
S01011950,2. Professional occupations,52,27,25
S01011950,3. Associate professional and technical occupations,55,28,27
S01011950,4. Administrative and secretarial occupations,41,9,32
S01011950,5. Skilled trades occupations,34,31,3
S01011950,6. Caring leisure and other service occupations,30,4,26
S01011950,7. Sales and customer service occupations,24,10,14
S01011950,8. Process plant and machine operatives,16,14,2
S01011950,9. Elementary occupations,33,15,18
S01011951,All people aged 16 to 74 in employment,323,166,157
S01011951,1. Managers directors and senior officials,27,20,7
S01011951,2. Professional occupations,30,13,17
S01011951,3. Associate professional and technical occupations,58,26,32
S01011951,4. Administrative and secretarial occupations,38,10,28
S01011951,5. Skilled trades occupations,50,46,4
S01011951,6. Caring leisure and other service occupations,29,1,28
S01011951,7. Sales and customer service occupations,35,13,22
S01011951,8. Process plant and machine operatives,24,22,2
S01011951,9. Elementary occupations,32,15,17
S01011952,All people aged 16 to 74 in employment,234,121,113
S01011952,1. Managers directors and senior officials,30,25,5
S01011952,2. Professional occupations,52,22,30
S01011952,3. Associate professional and technical occupations,43,25,18
S01011952,4. Administrative and secretarial occupations,33,6,27
S01011952,5. Skilled trades occupations,22,19,3
S01011952,6. Caring leisure and other service occupations,19,3,16
S01011952,7. Sales and customer service occupations,17,7,10
S01011952,8. Process plant and machine operatives,11,10,1
S01011952,9. Elementary occupations,7,4,3
S01011953,All people aged 16 to 74 in employment,360,193,167
S01011953,1. Managers directors and senior officials,38,26,12
S01011953,2. Professional occupations,83,33,50
S01011953,3. Associate professional and technical occupations,54,29,25
S01011953,4. Administrative and secretarial occupations,39,10,29
S01011953,5. Skilled trades occupations,43,40,3
S01011953,6. Caring leisure and other service occupations,21,5,16
S01011953,7. Sales and customer service occupations,34,14,20
S01011953,8. Process plant and machine operatives,17,16,1
S01011953,9. Elementary occupations,31,20,11
S01011954,All people aged 16 to 74 in employment,228,117,111
S01011954,1. Managers directors and senior officials,14,11,3
S01011954,2. Professional occupations,24,9,15
S01011954,3. Associate professional and technical occupations,26,17,9
S01011954,4. Administrative and secretarial occupations,39,10,29
S01011954,5. Skilled trades occupations,35,32,3
S01011954,6. Caring leisure and other service occupations,31,6,25
S01011954,7. Sales and customer service occupations,23,6,17
S01011954,8. Process plant and machine operatives,11,10,1
S01011954,9. Elementary occupations,25,16,9
S01011955,All people aged 16 to 74 in employment,460,219,241
S01011955,1. Managers directors and senior officials,38,16,22
S01011955,2. Professional occupations,65,29,36
S01011955,3. Associate professional and technical occupations,57,28,29
S01011955,4. Administrative and secretarial occupations,54,9,45
S01011955,5. Skilled trades occupations,63,58,5
S01011955,6. Caring leisure and other service occupations,43,5,38
S01011955,7. Sales and customer service occupations,57,17,40
S01011955,8. Process plant and machine operatives,39,36,3
S01011955,9. Elementary occupations,44,21,23
S01011956,All people aged 16 to 74 in employment,528,273,255
S01011956,1. Managers directors and senior officials,68,47,21
S01011956,2. Professional occupations,123,55,68
S01011956,3. Associate professional and technical occupations,80,48,32
S01011956,4. Administrative and secretarial occupations,59,13,46
S01011956,5. Skilled trades occupations,56,51,5
S01011956,6. Caring leisure and other service occupations,47,9,38
S01011956,7. Sales and customer service occupations,44,14,30
S01011956,8. Process plant and machine operatives,21,19,2
S01011956,9. Elementary occupations,30,17,13
S01011957,All people aged 16 to 74 in employment,499,300,199
S01011957,1. Managers directors and senior officials,58,42,16
S01011957,2. Professional occupations,77,33,44
S01011957,3. Associate professional and technical occupations,59,40,19
S01011957,4. Administrative and secretarial occupations,37,7,30
S01011957,5. Skilled trades occupations,62,53,9
S01011957,6. Caring leisure and other service occupations,39,8,31
S01011957,7. Sales and customer service occupations,37,16,21
S01011957,8. Process plant and machine operatives,23,18,5
S01011957,9. Elementary occupations,107,83,24
S01011958,All people aged 16 to 74 in employment,545,305,240
S01011958,1. Managers directors and senior officials,64,40,24
S01011958,2. Professional occupations,96,48,48
S01011958,3. Associate professional and technical occupations,55,27,28
S01011958,4. Administrative and secretarial occupations,47,6,41
S01011958,5. Skilled trades occupations,100,91,9
S01011958,6. Caring leisure and other service occupations,42,3,39
S01011958,7. Sales and customer service occupations,40,10,30
S01011958,8. Process plant and machine operatives,43,41,2
S01011958,9. Elementary occupations,58,39,19
S01011959,All people aged 16 to 74 in employment,428,213,215
S01011959,1. Managers directors and senior officials,46,30,16
S01011959,2. Professional occupations,76,32,44
S01011959,3. Associate professional and technical occupations,47,24,23
S01011959,4. Administrative and secretarial occupations,32,3,29
S01011959,5. Skilled trades occupations,69,58,11
S01011959,6. Caring leisure and other service occupations,33,2,31
S01011959,7. Sales and customer service occupations,41,6,35
S01011959,8. Process plant and machine operatives,35,31,4
S01011959,9. Elementary occupations,49,27,22
S01011960,All people aged 16 to 74 in employment,466,242,224
S01011960,1. Managers directors and senior officials,58,40,18
S01011960,2. Professional occupations,135,56,79
S01011960,3. Associate professional and technical occupations,66,42,24
S01011960,4. Administrative and secretarial occupations,35,3,32
S01011960,5. Skilled trades occupations,53,46,7
S01011960,6. Caring leisure and other service occupations,29,4,25
S01011960,7. Sales and customer service occupations,37,10,27
S01011960,8. Process plant and machine operatives,22,22,0
S01011960,9. Elementary occupations,31,19,12
S01011961,All people aged 16 to 74 in employment,409,202,207
S01011961,1. Managers directors and senior officials,33,18,15
S01011961,2. Professional occupations,84,27,57
S01011961,3. Associate professional and technical occupations,63,36,27
S01011961,4. Administrative and secretarial occupations,46,7,39
S01011961,5. Skilled trades occupations,51,48,3
S01011961,6. Caring leisure and other service occupations,32,6,26
S01011961,7. Sales and customer service occupations,33,16,17
S01011961,8. Process plant and machine operatives,29,25,4
S01011961,9. Elementary occupations,38,19,19
S01011962,All people aged 16 to 74 in employment,366,196,170
S01011962,1. Managers directors and senior officials,56,37,19
S01011962,2. Professional occupations,102,39,63
S01011962,3. Associate professional and technical occupations,55,32,23
S01011962,4. Administrative and secretarial occupations,20,2,18
S01011962,5. Skilled trades occupations,54,48,6
S01011962,6. Caring leisure and other service occupations,21,4,17
S01011962,7. Sales and customer service occupations,21,9,12
S01011962,8. Process plant and machine operatives,11,9,2
S01011962,9. Elementary occupations,26,16,10
S01011963,All people aged 16 to 74 in employment,247,125,122
S01011963,1. Managers directors and senior officials,20,13,7
S01011963,2. Professional occupations,59,21,38
S01011963,3. Associate professional and technical occupations,43,26,17
S01011963,4. Administrative and secretarial occupations,22,6,16
S01011963,5. Skilled trades occupations,33,29,4
S01011963,6. Caring leisure and other service occupations,19,3,16
S01011963,7. Sales and customer service occupations,19,7,12
S01011963,8. Process plant and machine operatives,14,12,2
S01011963,9. Elementary occupations,18,8,10
S01011964,All people aged 16 to 74 in employment,522,271,251
S01011964,1. Managers directors and senior officials,58,36,22
S01011964,2. Professional occupations,130,61,69
S01011964,3. Associate professional and technical occupations,62,33,29
S01011964,4. Administrative and secretarial occupations,46,6,40
S01011964,5. Skilled trades occupations,67,60,7
S01011964,6. Caring leisure and other service occupations,35,7,28
S01011964,7. Sales and customer service occupations,52,14,38
S01011964,8. Process plant and machine operatives,30,25,5
S01011964,9. Elementary occupations,42,29,13
S01011965,All people aged 16 to 74 in employment,327,157,170
S01011965,1. Managers directors and senior officials,35,22,13
S01011965,2. Professional occupations,82,31,51
S01011965,3. Associate professional and technical occupations,46,22,24
S01011965,4. Administrative and secretarial occupations,39,8,31
S01011965,5. Skilled trades occupations,32,31,1
S01011965,6. Caring leisure and other service occupations,31,8,23
S01011965,7. Sales and customer service occupations,22,6,16
S01011965,8. Process plant and machine operatives,19,19,0
S01011965,9. Elementary occupations,21,10,11
S01011966,All people aged 16 to 74 in employment,390,199,191
S01011966,1. Managers directors and senior officials,43,31,12
S01011966,2. Professional occupations,109,49,60
S01011966,3. Associate professional and technical occupations,58,30,28
S01011966,4. Administrative and secretarial occupations,43,11,32
S01011966,5. Skilled trades occupations,39,36,3
S01011966,6. Caring leisure and other service occupations,27,3,24
S01011966,7. Sales and customer service occupations,30,11,19
S01011966,8. Process plant and machine operatives,17,16,1
S01011966,9. Elementary occupations,24,12,12
S01011967,All people aged 16 to 74 in employment,563,301,262
S01011967,1. Managers directors and senior officials,84,47,37
S01011967,2. Professional occupations,156,61,95
S01011967,3. Associate professional and technical occupations,58,34,24
S01011967,4. Administrative and secretarial occupations,47,9,38
S01011967,5. Skilled trades occupations,80,73,7
S01011967,6. Caring leisure and other service occupations,30,9,21
S01011967,7. Sales and customer service occupations,30,7,23
S01011967,8. Process plant and machine operatives,36,36,0
S01011967,9. Elementary occupations,42,25,17
S01011968,All people aged 16 to 74 in employment,509,251,258
S01011968,1. Managers directors and senior officials,36,27,9
S01011968,2. Professional occupations,134,52,82
S01011968,3. Associate professional and technical occupations,83,50,33
S01011968,4. Administrative and secretarial occupations,55,6,49
S01011968,5. Skilled trades occupations,53,46,7
S01011968,6. Caring leisure and other service occupations,47,10,37
S01011968,7. Sales and customer service occupations,45,19,26
S01011968,8. Process plant and machine operatives,29,25,4
S01011968,9. Elementary occupations,27,16,11
S01011969,All people aged 16 to 74 in employment,494,266,228
S01011969,1. Managers directors and senior officials,29,19,10
S01011969,2. Professional occupations,56,24,32
S01011969,3. Associate professional and technical occupations,56,24,32
S01011969,4. Administrative and secretarial occupations,42,5,37
S01011969,5. Skilled trades occupations,90,80,10
S01011969,6. Caring leisure and other service occupations,49,6,43
S01011969,7. Sales and customer service occupations,42,17,25
S01011969,8. Process plant and machine operatives,62,50,12
S01011969,9. Elementary occupations,68,41,27
S01011970,All people aged 16 to 74 in employment,489,250,239
S01011970,1. Managers directors and senior officials,21,11,10
S01011970,2. Professional occupations,28,9,19
S01011970,3. Associate professional and technical occupations,27,14,13
S01011970,4. Administrative and secretarial occupations,45,6,39
S01011970,5. Skilled trades occupations,96,78,18
S01011970,6. Caring leisure and other service occupations,41,2,39
S01011970,7. Sales and customer service occupations,42,6,36
S01011970,8. Process plant and machine operatives,103,74,29
S01011970,9. Elementary occupations,86,50,36
S01011971,All people aged 16 to 74 in employment,278,153,125
S01011971,1. Managers directors and senior officials,25,16,9
S01011971,2. Professional occupations,42,17,25
S01011971,3. Associate professional and technical occupations,39,20,19
S01011971,4. Administrative and secretarial occupations,31,3,28
S01011971,5. Skilled trades occupations,50,48,2
S01011971,6. Caring leisure and other service occupations,26,7,19
S01011971,7. Sales and customer service occupations,21,7,14
S01011971,8. Process plant and machine operatives,20,20,0
S01011971,9. Elementary occupations,24,15,9
S01011972,All people aged 16 to 74 in employment,589,318,271
S01011972,1. Managers directors and senior officials,62,44,18
S01011972,2. Professional occupations,95,37,58
S01011972,3. Associate professional and technical occupations,71,42,29
S01011972,4. Administrative and secretarial occupations,56,6,50
S01011972,5. Skilled trades occupations,111,101,10
S01011972,6. Caring leisure and other service occupations,49,10,39
S01011972,7. Sales and customer service occupations,36,7,29
S01011972,8. Process plant and machine operatives,35,33,2
S01011972,9. Elementary occupations,74,38,36
S01011973,All people aged 16 to 74 in employment,322,171,151
S01011973,1. Managers directors and senior officials,49,33,16
S01011973,2. Professional occupations,63,27,36
S01011973,3. Associate professional and technical occupations,28,12,16
S01011973,4. Administrative and secretarial occupations,28,1,27
S01011973,5. Skilled trades occupations,54,47,7
S01011973,6. Caring leisure and other service occupations,25,1,24
S01011973,7. Sales and customer service occupations,20,6,14
S01011973,8. Process plant and machine operatives,22,21,1
S01011973,9. Elementary occupations,33,23,10
S01011974,All people aged 16 to 74 in employment,411,230,181
S01011974,1. Managers directors and senior officials,47,33,14
S01011974,2. Professional occupations,60,28,32
S01011974,3. Associate professional and technical occupations,65,31,34
S01011974,4. Administrative and secretarial occupations,39,3,36
S01011974,5. Skilled trades occupations,54,49,5
S01011974,6. Caring leisure and other service occupations,30,3,27
S01011974,7. Sales and customer service occupations,26,13,13
S01011974,8. Process plant and machine operatives,34,29,5
S01011974,9. Elementary occupations,56,41,15
S01011975,All people aged 16 to 74 in employment,225,123,102
S01011975,1. Managers directors and senior officials,18,10,8
S01011975,2. Professional occupations,44,17,27
S01011975,3. Associate professional and technical occupations,20,15,5
S01011975,4. Administrative and secretarial occupations,18,2,16
S01011975,5. Skilled trades occupations,52,44,8
S01011975,6. Caring leisure and other service occupations,19,1,18
S01011975,7. Sales and customer service occupations,16,5,11
S01011975,8. Process plant and machine operatives,13,13,0
S01011975,9. Elementary occupations,25,16,9
S01011976,All people aged 16 to 74 in employment,370,189,181
S01011976,1. Managers directors and senior officials,31,16,15
S01011976,2. Professional occupations,63,29,34
S01011976,3. Associate professional and technical occupations,46,20,26
S01011976,4. Administrative and secretarial occupations,38,5,33
S01011976,5. Skilled trades occupations,64,60,4
S01011976,6. Caring leisure and other service occupations,28,8,20
S01011976,7. Sales and customer service occupations,26,3,23
S01011976,8. Process plant and machine operatives,33,27,6
S01011976,9. Elementary occupations,41,21,20
S01011977,All people aged 16 to 74 in employment,548,298,250
S01011977,1. Managers directors and senior officials,44,27,17
S01011977,2. Professional occupations,79,28,51
S01011977,3. Associate professional and technical occupations,67,38,29
S01011977,4. Administrative and secretarial occupations,41,7,34
S01011977,5. Skilled trades occupations,106,93,13
S01011977,6. Caring leisure and other service occupations,48,9,39
S01011977,7. Sales and customer service occupations,41,13,28
S01011977,8. Process plant and machine operatives,47,43,4
S01011977,9. Elementary occupations,75,40,35
S01011978,All people aged 16 to 74 in employment,280,137,143
S01011978,1. Managers directors and senior officials,19,9,10
S01011978,2. Professional occupations,38,16,22
S01011978,3. Associate professional and technical occupations,29,13,16
S01011978,4. Administrative and secretarial occupations,21,2,19
S01011978,5. Skilled trades occupations,47,46,1
S01011978,6. Caring leisure and other service occupations,26,3,23
S01011978,7. Sales and customer service occupations,29,3,26
S01011978,8. Process plant and machine operatives,25,22,3
S01011978,9. Elementary occupations,46,23,23
S01011979,All people aged 16 to 74 in employment,523,295,228
S01011979,1. Managers directors and senior officials,65,45,20
S01011979,2. Professional occupations,93,36,57
S01011979,3. Associate professional and technical occupations,79,50,29
S01011979,4. Administrative and secretarial occupations,53,8,45
S01011979,5. Skilled trades occupations,68,65,3
S01011979,6. Caring leisure and other service occupations,34,5,29
S01011979,7. Sales and customer service occupations,32,12,20
S01011979,8. Process plant and machine operatives,32,28,4
S01011979,9. Elementary occupations,67,46,21
S01011980,All people aged 16 to 74 in employment,206,116,90
S01011980,1. Managers directors and senior officials,29,17,12
S01011980,2. Professional occupations,29,11,18
S01011980,3. Associate professional and technical occupations,14,9,5
S01011980,4. Administrative and secretarial occupations,21,5,16
S01011980,5. Skilled trades occupations,45,41,4
S01011980,6. Caring leisure and other service occupations,16,3,13
S01011980,7. Sales and customer service occupations,14,5,9
S01011980,8. Process plant and machine operatives,17,16,1
S01011980,9. Elementary occupations,21,9,12
S01011981,All people aged 16 to 74 in employment,515,281,234
S01011981,1. Managers directors and senior officials,59,31,28
S01011981,2. Professional occupations,62,32,30
S01011981,3. Associate professional and technical occupations,62,34,28
S01011981,4. Administrative and secretarial occupations,49,8,41
S01011981,5. Skilled trades occupations,113,91,22
S01011981,6. Caring leisure and other service occupations,47,9,38
S01011981,7. Sales and customer service occupations,41,14,27
S01011981,8. Process plant and machine operatives,23,22,1
S01011981,9. Elementary occupations,59,40,19
S01011982,All people aged 16 to 74 in employment,515,289,226
S01011982,1. Managers directors and senior officials,84,59,25
S01011982,2. Professional occupations,69,28,41
S01011982,3. Associate professional and technical occupations,55,34,21
S01011982,4. Administrative and secretarial occupations,41,5,36
S01011982,5. Skilled trades occupations,103,89,14
S01011982,6. Caring leisure and other service occupations,40,4,36
S01011982,7. Sales and customer service occupations,31,11,20
S01011982,8. Process plant and machine operatives,31,29,2
S01011982,9. Elementary occupations,61,30,31
S01011983,All people aged 16 to 74 in employment,363,194,169
S01011983,1. Managers directors and senior officials,47,18,29
S01011983,2. Professional occupations,49,22,27
S01011983,3. Associate professional and technical occupations,30,15,15
S01011983,4. Administrative and secretarial occupations,29,4,25
S01011983,5. Skilled trades occupations,90,79,11
S01011983,6. Caring leisure and other service occupations,31,5,26
S01011983,7. Sales and customer service occupations,25,10,15
S01011983,8. Process plant and machine operatives,24,22,2
S01011983,9. Elementary occupations,38,19,19
S01011984,All people aged 16 to 74 in employment,294,151,143
S01011984,1. Managers directors and senior officials,24,13,11
S01011984,2. Professional occupations,30,11,19
S01011984,3. Associate professional and technical occupations,28,12,16
S01011984,4. Administrative and secretarial occupations,23,4,19
S01011984,5. Skilled trades occupations,43,40,3
S01011984,6. Caring leisure and other service occupations,34,12,22
S01011984,7. Sales and customer service occupations,24,6,18
S01011984,8. Process plant and machine operatives,38,29,9
S01011984,9. Elementary occupations,50,24,26
S01011985,All people aged 16 to 74 in employment,368,185,183
S01011985,1. Managers directors and senior officials,39,23,16
S01011985,2. Professional occupations,45,16,29
S01011985,3. Associate professional and technical occupations,34,20,14
S01011985,4. Administrative and secretarial occupations,28,3,25
S01011985,5. Skilled trades occupations,67,61,6
S01011985,6. Caring leisure and other service occupations,47,5,42
S01011985,7. Sales and customer service occupations,35,11,24
S01011985,8. Process plant and machine operatives,26,23,3
S01011985,9. Elementary occupations,47,23,24
S01011986,All people aged 16 to 74 in employment,277,134,143
S01011986,1. Managers directors and senior officials,23,11,12
S01011986,2. Professional occupations,24,8,16
S01011986,3. Associate professional and technical occupations,27,11,16
S01011986,4. Administrative and secretarial occupations,20,4,16
S01011986,5. Skilled trades occupations,51,45,6
S01011986,6. Caring leisure and other service occupations,28,3,25
S01011986,7. Sales and customer service occupations,21,2,19
S01011986,8. Process plant and machine operatives,27,20,7
S01011986,9. Elementary occupations,56,30,26
S01011987,All people aged 16 to 74 in employment,439,216,223
S01011987,1. Managers directors and senior officials,40,26,14
S01011987,2. Professional occupations,41,13,28
S01011987,3. Associate professional and technical occupations,52,24,28
S01011987,4. Administrative and secretarial occupations,41,8,33
S01011987,5. Skilled trades occupations,66,58,8
S01011987,6. Caring leisure and other service occupations,53,12,41
S01011987,7. Sales and customer service occupations,47,12,35
S01011987,8. Process plant and machine operatives,41,35,6
S01011987,9. Elementary occupations,58,28,30
S01011988,All people aged 16 to 74 in employment,288,157,131
S01011988,1. Managers directors and senior officials,35,25,10
S01011988,2. Professional occupations,53,24,29
S01011988,3. Associate professional and technical occupations,37,25,12
S01011988,4. Administrative and secretarial occupations,29,2,27
S01011988,5. Skilled trades occupations,43,41,2
S01011988,6. Caring leisure and other service occupations,20,2,18
S01011988,7. Sales and customer service occupations,35,13,22
S01011988,8. Process plant and machine operatives,13,12,1
S01011988,9. Elementary occupations,23,13,10
S01011989,All people aged 16 to 74 in employment,416,206,210
S01011989,1. Managers directors and senior officials,26,15,11
S01011989,2. Professional occupations,58,21,37
S01011989,3. Associate professional and technical occupations,39,26,13
S01011989,4. Administrative and secretarial occupations,52,9,43
S01011989,5. Skilled trades occupations,65,57,8
S01011989,6. Caring leisure and other service occupations,42,5,37
S01011989,7. Sales and customer service occupations,41,15,26
S01011989,8. Process plant and machine operatives,48,42,6
S01011989,9. Elementary occupations,45,16,29
S01011990,All people aged 16 to 74 in employment,312,163,149
S01011990,1. Managers directors and senior officials,28,20,8
S01011990,2. Professional occupations,41,21,20
S01011990,3. Associate professional and technical occupations,48,31,17
S01011990,4. Administrative and secretarial occupations,52,6,46
S01011990,5. Skilled trades occupations,39,35,4
S01011990,6. Caring leisure and other service occupations,25,5,20
S01011990,7. Sales and customer service occupations,18,5,13
S01011990,8. Process plant and machine operatives,28,25,3
S01011990,9. Elementary occupations,33,15,18
S01011991,All people aged 16 to 74 in employment,354,181,173
S01011991,1. Managers directors and senior officials,32,20,12
S01011991,2. Professional occupations,36,14,22
S01011991,3. Associate professional and technical occupations,34,16,18
S01011991,4. Administrative and secretarial occupations,20,2,18
S01011991,5. Skilled trades occupations,47,41,6
S01011991,6. Caring leisure and other service occupations,51,8,43
S01011991,7. Sales and customer service occupations,39,14,25
S01011991,8. Process plant and machine operatives,34,32,2
S01011991,9. Elementary occupations,61,34,27
S01011992,All people aged 16 to 74 in employment,434,226,208
S01011992,1. Managers directors and senior officials,41,29,12
S01011992,2. Professional occupations,86,38,48
S01011992,3. Associate professional and technical occupations,51,26,25
S01011992,4. Administrative and secretarial occupations,51,8,43
S01011992,5. Skilled trades occupations,69,61,8
S01011992,6. Caring leisure and other service occupations,39,7,32
S01011992,7. Sales and customer service occupations,40,15,25
S01011992,8. Process plant and machine operatives,22,20,2
S01011992,9. Elementary occupations,35,22,13
S01011993,All people aged 16 to 74 in employment,415,202,213
S01011993,1. Managers directors and senior officials,29,12,17
S01011993,2. Professional occupations,34,15,19
S01011993,3. Associate professional and technical occupations,28,17,11
S01011993,4. Administrative and secretarial occupations,41,9,32
S01011993,5. Skilled trades occupations,65,57,8
S01011993,6. Caring leisure and other service occupations,61,7,54
S01011993,7. Sales and customer service occupations,39,11,28
S01011993,8. Process plant and machine operatives,36,34,2
S01011993,9. Elementary occupations,82,40,42
S01011994,All people aged 16 to 74 in employment,255,129,126
S01011994,1. Managers directors and senior officials,42,26,16
S01011994,2. Professional occupations,71,33,38
S01011994,3. Associate professional and technical occupations,36,20,16
S01011994,4. Administrative and secretarial occupations,26,5,21
S01011994,5. Skilled trades occupations,26,22,4
S01011994,6. Caring leisure and other service occupations,14,0,14
S01011994,7. Sales and customer service occupations,10,4,6
S01011994,8. Process plant and machine operatives,14,12,2
S01011994,9. Elementary occupations,16,7,9
S01011995,All people aged 16 to 74 in employment,453,255,198
S01011995,1. Managers directors and senior officials,70,52,18
S01011995,2. Professional occupations,84,35,49
S01011995,3. Associate professional and technical occupations,51,31,20
S01011995,4. Administrative and secretarial occupations,48,2,46
S01011995,5. Skilled trades occupations,79,74,5
S01011995,6. Caring leisure and other service occupations,29,6,23
S01011995,7. Sales and customer service occupations,28,5,23
S01011995,8. Process plant and machine operatives,18,18,0
S01011995,9. Elementary occupations,46,32,14
S01011996,All people aged 16 to 74 in employment,269,139,130
S01011996,1. Managers directors and senior officials,27,19,8
S01011996,2. Professional occupations,24,8,16
S01011996,3. Associate professional and technical occupations,39,20,19
S01011996,4. Administrative and secretarial occupations,21,4,17
S01011996,5. Skilled trades occupations,40,36,4
S01011996,6. Caring leisure and other service occupations,27,4,23
S01011996,7. Sales and customer service occupations,38,15,23
S01011996,8. Process plant and machine operatives,17,16,1
S01011996,9. Elementary occupations,36,17,19
S01011997,All people aged 16 to 74 in employment,469,233,236
S01011997,1. Managers directors and senior officials,40,24,16
S01011997,2. Professional occupations,72,25,47
S01011997,3. Associate professional and technical occupations,59,33,26
S01011997,4. Administrative and secretarial occupations,51,12,39
S01011997,5. Skilled trades occupations,73,61,12
S01011997,6. Caring leisure and other service occupations,42,10,32
S01011997,7. Sales and customer service occupations,36,10,26
S01011997,8. Process plant and machine operatives,34,30,4
S01011997,9. Elementary occupations,62,28,34
S01011998,All people aged 16 to 74 in employment,246,132,114
S01011998,1. Managers directors and senior officials,33,27,6
S01011998,2. Professional occupations,39,19,20
S01011998,3. Associate professional and technical occupations,46,28,18
S01011998,4. Administrative and secretarial occupations,31,2,29
S01011998,5. Skilled trades occupations,28,25,3
S01011998,6. Caring leisure and other service occupations,14,2,12
S01011998,7. Sales and customer service occupations,26,5,21
S01011998,8. Process plant and machine operatives,18,17,1
S01011998,9. Elementary occupations,11,7,4
S01011999,All people aged 16 to 74 in employment,359,182,177
S01011999,1. Managers directors and senior officials,36,23,13
S01011999,2. Professional occupations,38,15,23
S01011999,3. Associate professional and technical occupations,44,26,18
S01011999,4. Administrative and secretarial occupations,30,3,27
S01011999,5. Skilled trades occupations,77,62,15
S01011999,6. Caring leisure and other service occupations,38,5,33
S01011999,7. Sales and customer service occupations,33,5,28
S01011999,8. Process plant and machine operatives,33,27,6
S01011999,9. Elementary occupations,30,16,14
S01012000,All people aged 16 to 74 in employment,248,128,120
S01012000,1. Managers directors and senior officials,21,14,7
S01012000,2. Professional occupations,31,16,15
S01012000,3. Associate professional and technical occupations,39,22,17
S01012000,4. Administrative and secretarial occupations,35,5,30
S01012000,5. Skilled trades occupations,42,36,6
S01012000,6. Caring leisure and other service occupations,19,0,19
S01012000,7. Sales and customer service occupations,18,4,14
S01012000,8. Process plant and machine operatives,18,17,1
S01012000,9. Elementary occupations,25,14,11
S01012001,All people aged 16 to 74 in employment,335,180,155
S01012001,1. Managers directors and senior officials,39,21,18
S01012001,2. Professional occupations,32,15,17
S01012001,3. Associate professional and technical occupations,29,10,19
S01012001,4. Administrative and secretarial occupations,42,12,30
S01012001,5. Skilled trades occupations,68,61,7
S01012001,6. Caring leisure and other service occupations,25,4,21
S01012001,7. Sales and customer service occupations,31,8,23
S01012001,8. Process plant and machine operatives,33,29,4
S01012001,9. Elementary occupations,36,20,16
S01012002,All people aged 16 to 74 in employment,249,131,118
S01012002,1. Managers directors and senior officials,22,14,8
S01012002,2. Professional occupations,30,10,20
S01012002,3. Associate professional and technical occupations,28,18,10
S01012002,4. Administrative and secretarial occupations,29,5,24
S01012002,5. Skilled trades occupations,45,43,2
S01012002,6. Caring leisure and other service occupations,27,2,25
S01012002,7. Sales and customer service occupations,24,6,18
S01012002,8. Process plant and machine operatives,20,20,0
S01012002,9. Elementary occupations,24,13,11
S01012003,All people aged 16 to 74 in employment,286,151,135
S01012003,1. Managers directors and senior officials,24,14,10
S01012003,2. Professional occupations,37,14,23
S01012003,3. Associate professional and technical occupations,34,21,13
S01012003,4. Administrative and secretarial occupations,22,3,19
S01012003,5. Skilled trades occupations,46,43,3
S01012003,6. Caring leisure and other service occupations,32,4,28
S01012003,7. Sales and customer service occupations,37,15,22
S01012003,8. Process plant and machine operatives,25,21,4
S01012003,9. Elementary occupations,29,16,13
S01012004,All people aged 16 to 74 in employment,427,219,208
S01012004,1. Managers directors and senior officials,47,31,16
S01012004,2. Professional occupations,62,25,37
S01012004,3. Associate professional and technical occupations,60,37,23
S01012004,4. Administrative and secretarial occupations,45,5,40
S01012004,5. Skilled trades occupations,48,43,5
S01012004,6. Caring leisure and other service occupations,46,10,36
S01012004,7. Sales and customer service occupations,48,12,36
S01012004,8. Process plant and machine operatives,33,32,1
S01012004,9. Elementary occupations,38,24,14
S01012005,All people aged 16 to 74 in employment,471,236,235
S01012005,1. Managers directors and senior officials,49,31,18
S01012005,2. Professional occupations,68,34,34
S01012005,3. Associate professional and technical occupations,83,45,38
S01012005,4. Administrative and secretarial occupations,65,7,58
S01012005,5. Skilled trades occupations,60,56,4
S01012005,6. Caring leisure and other service occupations,33,6,27
S01012005,7. Sales and customer service occupations,53,18,35
S01012005,8. Process plant and machine operatives,23,21,2
S01012005,9. Elementary occupations,37,18,19
S01012006,All people aged 16 to 74 in employment,399,222,177
S01012006,1. Managers directors and senior officials,49,32,17
S01012006,2. Professional occupations,120,52,68
S01012006,3. Associate professional and technical occupations,38,22,16
S01012006,4. Administrative and secretarial occupations,24,3,21
S01012006,5. Skilled trades occupations,76,70,6
S01012006,6. Caring leisure and other service occupations,27,6,21
S01012006,7. Sales and customer service occupations,14,6,8
S01012006,8. Process plant and machine operatives,13,12,1
S01012006,9. Elementary occupations,38,19,19
S01012007,All people aged 16 to 74 in employment,386,205,181
S01012007,1. Managers directors and senior officials,60,32,28
S01012007,2. Professional occupations,63,30,33
S01012007,3. Associate professional and technical occupations,44,28,16
S01012007,4. Administrative and secretarial occupations,29,6,23
S01012007,5. Skilled trades occupations,46,39,7
S01012007,6. Caring leisure and other service occupations,44,13,31
S01012007,7. Sales and customer service occupations,30,13,17
S01012007,8. Process plant and machine operatives,20,18,2
S01012007,9. Elementary occupations,50,26,24
S01012008,All people aged 16 to 74 in employment,503,251,252
S01012008,1. Managers directors and senior officials,60,34,26
S01012008,2. Professional occupations,99,46,53
S01012008,3. Associate professional and technical occupations,62,31,31
S01012008,4. Administrative and secretarial occupations,29,2,27
S01012008,5. Skilled trades occupations,78,66,12
S01012008,6. Caring leisure and other service occupations,50,15,35
S01012008,7. Sales and customer service occupations,43,8,35
S01012008,8. Process plant and machine operatives,22,19,3
S01012008,9. Elementary occupations,60,30,30
S01012009,All people aged 16 to 74 in employment,430,222,208
S01012009,1. Managers directors and senior officials,47,30,17
S01012009,2. Professional occupations,53,27,26
S01012009,3. Associate professional and technical occupations,74,33,41
S01012009,4. Administrative and secretarial occupations,27,5,22
S01012009,5. Skilled trades occupations,67,50,17
S01012009,6. Caring leisure and other service occupations,39,6,33
S01012009,7. Sales and customer service occupations,33,12,21
S01012009,8. Process plant and machine operatives,27,27,0
S01012009,9. Elementary occupations,63,32,31
S01012010,All people aged 16 to 74 in employment,609,309,300
S01012010,1. Managers directors and senior officials,110,58,52
S01012010,2. Professional occupations,94,39,55
S01012010,3. Associate professional and technical occupations,46,21,25
S01012010,4. Administrative and secretarial occupations,36,7,29
S01012010,5. Skilled trades occupations,88,78,10
S01012010,6. Caring leisure and other service occupations,47,9,38
S01012010,7. Sales and customer service occupations,44,13,31
S01012010,8. Process plant and machine operatives,31,26,5
S01012010,9. Elementary occupations,113,58,55
S01012011,All people aged 16 to 74 in employment,587,284,303
S01012011,1. Managers directors and senior officials,79,37,42
S01012011,2. Professional occupations,46,16,30
S01012011,3. Associate professional and technical occupations,50,29,21
S01012011,4. Administrative and secretarial occupations,40,5,35
S01012011,5. Skilled trades occupations,114,94,20
S01012011,6. Caring leisure and other service occupations,53,10,43
S01012011,7. Sales and customer service occupations,69,23,46
S01012011,8. Process plant and machine operatives,25,23,2
S01012011,9. Elementary occupations,111,47,64
S01012012,All people aged 16 to 74 in employment,285,146,139
S01012012,1. Managers directors and senior officials,65,39,26
S01012012,2. Professional occupations,42,20,22
S01012012,3. Associate professional and technical occupations,21,12,9
S01012012,4. Administrative and secretarial occupations,20,2,18
S01012012,5. Skilled trades occupations,48,40,8
S01012012,6. Caring leisure and other service occupations,22,1,21
S01012012,7. Sales and customer service occupations,24,5,19
S01012012,8. Process plant and machine operatives,16,15,1
S01012012,9. Elementary occupations,27,12,15
S01012013,All people aged 16 to 74 in employment,397,202,195
S01012013,1. Managers directors and senior officials,69,35,34
S01012013,2. Professional occupations,47,20,27
S01012013,3. Associate professional and technical occupations,35,14,21
S01012013,4. Administrative and secretarial occupations,39,4,35
S01012013,5. Skilled trades occupations,83,69,14
S01012013,6. Caring leisure and other service occupations,28,7,21
S01012013,7. Sales and customer service occupations,27,9,18
S01012013,8. Process plant and machine operatives,19,18,1
S01012013,9. Elementary occupations,50,26,24
S01012014,All people aged 16 to 74 in employment,433,228,205
S01012014,1. Managers directors and senior officials,36,20,16
S01012014,2. Professional occupations,44,21,23
S01012014,3. Associate professional and technical occupations,38,12,26
S01012014,4. Administrative and secretarial occupations,31,3,28
S01012014,5. Skilled trades occupations,74,61,13
S01012014,6. Caring leisure and other service occupations,47,19,28
S01012014,7. Sales and customer service occupations,31,9,22
S01012014,8. Process plant and machine operatives,33,29,4
S01012014,9. Elementary occupations,99,54,45
S01012015,All people aged 16 to 74 in employment,457,236,221
S01012015,1. Managers directors and senior officials,60,29,31
S01012015,2. Professional occupations,49,16,33
S01012015,3. Associate professional and technical occupations,45,25,20
S01012015,4. Administrative and secretarial occupations,36,3,33
S01012015,5. Skilled trades occupations,78,66,12
S01012015,6. Caring leisure and other service occupations,39,13,26
S01012015,7. Sales and customer service occupations,45,14,31
S01012015,8. Process plant and machine operatives,39,37,2
S01012015,9. Elementary occupations,66,33,33
S01012016,All people aged 16 to 74 in employment,480,261,219
S01012016,1. Managers directors and senior officials,56,32,24
S01012016,2. Professional occupations,57,26,31
S01012016,3. Associate professional and technical occupations,41,23,18
S01012016,4. Administrative and secretarial occupations,46,6,40
S01012016,5. Skilled trades occupations,89,82,7
S01012016,6. Caring leisure and other service occupations,39,8,31
S01012016,7. Sales and customer service occupations,28,8,20
S01012016,8. Process plant and machine operatives,36,29,7
S01012016,9. Elementary occupations,88,47,41
S01012017,All people aged 16 to 74 in employment,250,139,111
S01012017,1. Managers directors and senior officials,48,27,21
S01012017,2. Professional occupations,43,26,17
S01012017,3. Associate professional and technical occupations,34,16,18
S01012017,4. Administrative and secretarial occupations,15,0,15
S01012017,5. Skilled trades occupations,48,42,6
S01012017,6. Caring leisure and other service occupations,20,3,17
S01012017,7. Sales and customer service occupations,7,4,3
S01012017,8. Process plant and machine operatives,10,9,1
S01012017,9. Elementary occupations,25,12,13
S01012018,All people aged 16 to 74 in employment,455,260,195
S01012018,1. Managers directors and senior officials,62,38,24
S01012018,2. Professional occupations,65,37,28
S01012018,3. Associate professional and technical occupations,51,27,24
S01012018,4. Administrative and secretarial occupations,31,4,27
S01012018,5. Skilled trades occupations,89,75,14
S01012018,6. Caring leisure and other service occupations,50,9,41
S01012018,7. Sales and customer service occupations,16,6,10
S01012018,8. Process plant and machine operatives,22,19,3
S01012018,9. Elementary occupations,69,45,24
S01012019,All people aged 16 to 74 in employment,432,216,216
S01012019,1. Managers directors and senior officials,52,30,22
S01012019,2. Professional occupations,108,45,63
S01012019,3. Associate professional and technical occupations,97,52,45
S01012019,4. Administrative and secretarial occupations,43,11,32
S01012019,5. Skilled trades occupations,41,36,5
S01012019,6. Caring leisure and other service occupations,32,5,27
S01012019,7. Sales and customer service occupations,24,11,13
S01012019,8. Process plant and machine operatives,14,13,1
S01012019,9. Elementary occupations,21,13,8
S01012020,All people aged 16 to 74 in employment,301,155,146
S01012020,1. Managers directors and senior officials,28,17,11
S01012020,2. Professional occupations,87,39,48
S01012020,3. Associate professional and technical occupations,43,26,17
S01012020,4. Administrative and secretarial occupations,31,4,27
S01012020,5. Skilled trades occupations,30,28,2
S01012020,6. Caring leisure and other service occupations,26,6,20
S01012020,7. Sales and customer service occupations,15,7,8
S01012020,8. Process plant and machine operatives,17,14,3
S01012020,9. Elementary occupations,24,14,10
S01012021,All people aged 16 to 74 in employment,284,143,141
S01012021,1. Managers directors and senior officials,37,28,9
S01012021,2. Professional occupations,68,33,35
S01012021,3. Associate professional and technical occupations,37,21,16
S01012021,4. Administrative and secretarial occupations,33,5,28
S01012021,5. Skilled trades occupations,25,21,4
S01012021,6. Caring leisure and other service occupations,34,7,27
S01012021,7. Sales and customer service occupations,20,5,15
S01012021,8. Process plant and machine operatives,16,15,1
S01012021,9. Elementary occupations,14,8,6
S01012022,All people aged 16 to 74 in employment,343,162,181
S01012022,1. Managers directors and senior officials,29,18,11
S01012022,2. Professional occupations,64,22,42
S01012022,3. Associate professional and technical occupations,44,21,23
S01012022,4. Administrative and secretarial occupations,36,9,27
S01012022,5. Skilled trades occupations,50,43,7
S01012022,6. Caring leisure and other service occupations,37,4,33
S01012022,7. Sales and customer service occupations,23,5,18
S01012022,8. Process plant and machine operatives,34,31,3
S01012022,9. Elementary occupations,26,9,17
S01012023,All people aged 16 to 74 in employment,292,150,142
S01012023,1. Managers directors and senior officials,44,23,21
S01012023,2. Professional occupations,69,28,41
S01012023,3. Associate professional and technical occupations,47,22,25
S01012023,4. Administrative and secretarial occupations,33,7,26
S01012023,5. Skilled trades occupations,53,47,6
S01012023,6. Caring leisure and other service occupations,15,0,15
S01012023,7. Sales and customer service occupations,8,4,4
S01012023,8. Process plant and machine operatives,10,10,0
S01012023,9. Elementary occupations,13,9,4
S01012024,All people aged 16 to 74 in employment,462,226,236
S01012024,1. Managers directors and senior officials,35,21,14
S01012024,2. Professional occupations,109,50,59
S01012024,3. Associate professional and technical occupations,78,38,40
S01012024,4. Administrative and secretarial occupations,63,10,53
S01012024,5. Skilled trades occupations,40,39,1
S01012024,6. Caring leisure and other service occupations,43,13,30
S01012024,7. Sales and customer service occupations,24,4,20
S01012024,8. Process plant and machine operatives,43,39,4
S01012024,9. Elementary occupations,27,12,15
S01012025,All people aged 16 to 74 in employment,359,184,175
S01012025,1. Managers directors and senior officials,35,21,14
S01012025,2. Professional occupations,55,21,34
S01012025,3. Associate professional and technical occupations,45,29,16
S01012025,4. Administrative and secretarial occupations,41,4,37
S01012025,5. Skilled trades occupations,49,46,3
S01012025,6. Caring leisure and other service occupations,53,6,47
S01012025,7. Sales and customer service occupations,26,12,14
S01012025,8. Process plant and machine operatives,25,24,1
S01012025,9. Elementary occupations,30,21,9
S01012026,All people aged 16 to 74 in employment,356,176,180
S01012026,1. Managers directors and senior officials,54,36,18
S01012026,2. Professional occupations,84,38,46
S01012026,3. Associate professional and technical occupations,66,37,29
S01012026,4. Administrative and secretarial occupations,45,5,40
S01012026,5. Skilled trades occupations,24,22,2
S01012026,6. Caring leisure and other service occupations,25,4,21
S01012026,7. Sales and customer service occupations,27,10,17
S01012026,8. Process plant and machine operatives,18,16,2
S01012026,9. Elementary occupations,13,8,5
S01012027,All people aged 16 to 74 in employment,445,230,215
S01012027,1. Managers directors and senior officials,60,41,19
S01012027,2. Professional occupations,104,43,61
S01012027,3. Associate professional and technical occupations,76,37,39
S01012027,4. Administrative and secretarial occupations,39,8,31
S01012027,5. Skilled trades occupations,58,55,3
S01012027,6. Caring leisure and other service occupations,30,7,23
S01012027,7. Sales and customer service occupations,38,14,24
S01012027,8. Process plant and machine operatives,18,11,7
S01012027,9. Elementary occupations,22,14,8
S01012028,All people aged 16 to 74 in employment,462,242,220
S01012028,1. Managers directors and senior officials,88,58,30
S01012028,2. Professional occupations,122,59,63
S01012028,3. Associate professional and technical occupations,74,41,33
S01012028,4. Administrative and secretarial occupations,54,12,42
S01012028,5. Skilled trades occupations,29,27,2
S01012028,6. Caring leisure and other service occupations,24,7,17
S01012028,7. Sales and customer service occupations,35,14,21
S01012028,8. Process plant and machine operatives,16,15,1
S01012028,9. Elementary occupations,20,9,11
S01012029,All people aged 16 to 74 in employment,544,271,273
S01012029,1. Managers directors and senior officials,69,39,30
S01012029,2. Professional occupations,94,40,54
S01012029,3. Associate professional and technical occupations,67,45,22
S01012029,4. Administrative and secretarial occupations,67,8,59
S01012029,5. Skilled trades occupations,72,64,8
S01012029,6. Caring leisure and other service occupations,45,3,42
S01012029,7. Sales and customer service occupations,58,19,39
S01012029,8. Process plant and machine operatives,39,38,1
S01012029,9. Elementary occupations,33,15,18
S01012030,All people aged 16 to 74 in employment,375,196,179
S01012030,1. Managers directors and senior officials,37,28,9
S01012030,2. Professional occupations,78,30,48
S01012030,3. Associate professional and technical occupations,66,31,35
S01012030,4. Administrative and secretarial occupations,29,6,23
S01012030,5. Skilled trades occupations,55,48,7
S01012030,6. Caring leisure and other service occupations,32,7,25
S01012030,7. Sales and customer service occupations,29,13,16
S01012030,8. Process plant and machine operatives,17,14,3
S01012030,9. Elementary occupations,32,19,13
S01012031,All people aged 16 to 74 in employment,256,124,132
S01012031,1. Managers directors and senior officials,52,30,22
S01012031,2. Professional occupations,78,30,48
S01012031,3. Associate professional and technical occupations,38,20,18
S01012031,4. Administrative and secretarial occupations,26,5,21
S01012031,5. Skilled trades occupations,21,19,2
S01012031,6. Caring leisure and other service occupations,6,0,6
S01012031,7. Sales and customer service occupations,21,10,11
S01012031,8. Process plant and machine operatives,7,6,1
S01012031,9. Elementary occupations,7,4,3
S01012032,All people aged 16 to 74 in employment,192,99,93
S01012032,1. Managers directors and senior officials,24,14,10
S01012032,2. Professional occupations,54,21,33
S01012032,3. Associate professional and technical occupations,26,14,12
S01012032,4. Administrative and secretarial occupations,14,2,12
S01012032,5. Skilled trades occupations,32,26,6
S01012032,6. Caring leisure and other service occupations,12,4,8
S01012032,7. Sales and customer service occupations,11,3,8
S01012032,8. Process plant and machine operatives,9,7,2
S01012032,9. Elementary occupations,10,8,2
S01012033,All people aged 16 to 74 in employment,388,200,188
S01012033,1. Managers directors and senior officials,31,21,10
S01012033,2. Professional occupations,86,36,50
S01012033,3. Associate professional and technical occupations,43,25,18
S01012033,4. Administrative and secretarial occupations,43,8,35
S01012033,5. Skilled trades occupations,55,52,3
S01012033,6. Caring leisure and other service occupations,39,3,36
S01012033,7. Sales and customer service occupations,37,17,20
S01012033,8. Process plant and machine operatives,23,22,1
S01012033,9. Elementary occupations,31,16,15
S01012034,All people aged 16 to 74 in employment,383,201,182
S01012034,1. Managers directors and senior officials,37,26,11
S01012034,2. Professional occupations,73,30,43
S01012034,3. Associate professional and technical occupations,58,36,22
S01012034,4. Administrative and secretarial occupations,34,9,25
S01012034,5. Skilled trades occupations,40,35,5
S01012034,6. Caring leisure and other service occupations,43,8,35
S01012034,7. Sales and customer service occupations,34,10,24
S01012034,8. Process plant and machine operatives,28,26,2
S01012034,9. Elementary occupations,36,21,15
S01012035,All people aged 16 to 74 in employment,429,233,196
S01012035,1. Managers directors and senior officials,31,23,8
S01012035,2. Professional occupations,104,54,50
S01012035,3. Associate professional and technical occupations,71,38,33
S01012035,4. Administrative and secretarial occupations,57,18,39
S01012035,5. Skilled trades occupations,50,45,5
S01012035,6. Caring leisure and other service occupations,34,5,29
S01012035,7. Sales and customer service occupations,35,12,23
S01012035,8. Process plant and machine operatives,18,17,1
S01012035,9. Elementary occupations,29,21,8
S01012036,All people aged 16 to 74 in employment,401,207,194
S01012036,1. Managers directors and senior officials,38,25,13
S01012036,2. Professional occupations,86,34,52
S01012036,3. Associate professional and technical occupations,73,37,36
S01012036,4. Administrative and secretarial occupations,47,13,34
S01012036,5. Skilled trades occupations,41,38,3
S01012036,6. Caring leisure and other service occupations,24,3,21
S01012036,7. Sales and customer service occupations,35,16,19
S01012036,8. Process plant and machine operatives,21,20,1
S01012036,9. Elementary occupations,36,21,15
S01012037,All people aged 16 to 74 in employment,377,190,187
S01012037,1. Managers directors and senior officials,17,11,6
S01012037,2. Professional occupations,36,14,22
S01012037,3. Associate professional and technical occupations,45,24,21
S01012037,4. Administrative and secretarial occupations,38,7,31
S01012037,5. Skilled trades occupations,34,28,6
S01012037,6. Caring leisure and other service occupations,47,3,44
S01012037,7. Sales and customer service occupations,50,17,33
S01012037,8. Process plant and machine operatives,65,60,5
S01012037,9. Elementary occupations,45,26,19
S01012038,All people aged 16 to 74 in employment,285,132,153
S01012038,1. Managers directors and senior officials,9,7,2
S01012038,2. Professional occupations,20,9,11
S01012038,3. Associate professional and technical occupations,9,4,5
S01012038,4. Administrative and secretarial occupations,22,6,16
S01012038,5. Skilled trades occupations,40,37,3
S01012038,6. Caring leisure and other service occupations,41,4,37
S01012038,7. Sales and customer service occupations,29,7,22
S01012038,8. Process plant and machine operatives,36,27,9
S01012038,9. Elementary occupations,79,31,48
S01012039,All people aged 16 to 74 in employment,390,200,190
S01012039,1. Managers directors and senior officials,27,15,12
S01012039,2. Professional occupations,24,11,13
S01012039,3. Associate professional and technical occupations,31,18,13
S01012039,4. Administrative and secretarial occupations,44,10,34
S01012039,5. Skilled trades occupations,62,57,5
S01012039,6. Caring leisure and other service occupations,56,9,47
S01012039,7. Sales and customer service occupations,35,11,24
S01012039,8. Process plant and machine operatives,45,38,7
S01012039,9. Elementary occupations,66,31,35
S01012040,All people aged 16 to 74 in employment,364,198,166
S01012040,1. Managers directors and senior officials,40,26,14
S01012040,2. Professional occupations,48,21,27
S01012040,3. Associate professional and technical occupations,64,41,23
S01012040,4. Administrative and secretarial occupations,56,12,44
S01012040,5. Skilled trades occupations,46,44,2
S01012040,6. Caring leisure and other service occupations,42,7,35
S01012040,7. Sales and customer service occupations,28,14,14
S01012040,8. Process plant and machine operatives,18,17,1
S01012040,9. Elementary occupations,22,16,6
S01012041,All people aged 16 to 74 in employment,397,206,191
S01012041,1. Managers directors and senior officials,25,16,9
S01012041,2. Professional occupations,33,9,24
S01012041,3. Associate professional and technical occupations,52,31,21
S01012041,4. Administrative and secretarial occupations,48,13,35
S01012041,5. Skilled trades occupations,49,43,6
S01012041,6. Caring leisure and other service occupations,64,22,42
S01012041,7. Sales and customer service occupations,33,8,25
S01012041,8. Process plant and machine operatives,41,35,6
S01012041,9. Elementary occupations,52,29,23
S01012042,All people aged 16 to 74 in employment,417,202,215
S01012042,1. Managers directors and senior officials,21,12,9
S01012042,2. Professional occupations,31,9,22
S01012042,3. Associate professional and technical occupations,41,26,15
S01012042,4. Administrative and secretarial occupations,56,11,45
S01012042,5. Skilled trades occupations,59,54,5
S01012042,6. Caring leisure and other service occupations,60,7,53
S01012042,7. Sales and customer service occupations,50,18,32
S01012042,8. Process plant and machine operatives,41,36,5
S01012042,9. Elementary occupations,58,29,29
S01012043,All people aged 16 to 74 in employment,363,183,180
S01012043,1. Managers directors and senior officials,21,14,7
S01012043,2. Professional occupations,35,13,22
S01012043,3. Associate professional and technical occupations,34,24,10
S01012043,4. Administrative and secretarial occupations,30,5,25
S01012043,5. Skilled trades occupations,41,32,9
S01012043,6. Caring leisure and other service occupations,46,8,38
S01012043,7. Sales and customer service occupations,49,18,31
S01012043,8. Process plant and machine operatives,43,34,9
S01012043,9. Elementary occupations,64,35,29
S01012044,All people aged 16 to 74 in employment,301,144,157
S01012044,1. Managers directors and senior officials,15,9,6
S01012044,2. Professional occupations,38,18,20
S01012044,3. Associate professional and technical occupations,31,13,18
S01012044,4. Administrative and secretarial occupations,27,5,22
S01012044,5. Skilled trades occupations,34,30,4
S01012044,6. Caring leisure and other service occupations,38,8,30
S01012044,7. Sales and customer service occupations,37,9,28
S01012044,8. Process plant and machine operatives,36,24,12
S01012044,9. Elementary occupations,45,28,17
S01012045,All people aged 16 to 74 in employment,490,265,225
S01012045,1. Managers directors and senior officials,49,35,14
S01012045,2. Professional occupations,59,29,30
S01012045,3. Associate professional and technical occupations,56,41,15
S01012045,4. Administrative and secretarial occupations,62,9,53
S01012045,5. Skilled trades occupations,57,53,4
S01012045,6. Caring leisure and other service occupations,51,12,39
S01012045,7. Sales and customer service occupations,54,17,37
S01012045,8. Process plant and machine operatives,51,43,8
S01012045,9. Elementary occupations,51,26,25
S01012046,All people aged 16 to 74 in employment,244,106,138
S01012046,1. Managers directors and senior officials,8,3,5
S01012046,2. Professional occupations,21,9,12
S01012046,3. Associate professional and technical occupations,19,10,9
S01012046,4. Administrative and secretarial occupations,29,5,24
S01012046,5. Skilled trades occupations,32,28,4
S01012046,6. Caring leisure and other service occupations,37,3,34
S01012046,7. Sales and customer service occupations,39,10,29
S01012046,8. Process plant and machine operatives,23,20,3
S01012046,9. Elementary occupations,36,18,18
S01012047,All people aged 16 to 74 in employment,350,165,185
S01012047,1. Managers directors and senior officials,32,13,19
S01012047,2. Professional occupations,32,8,24
S01012047,3. Associate professional and technical occupations,29,17,12
S01012047,4. Administrative and secretarial occupations,39,10,29
S01012047,5. Skilled trades occupations,43,37,6
S01012047,6. Caring leisure and other service occupations,40,8,32
S01012047,7. Sales and customer service occupations,41,11,30
S01012047,8. Process plant and machine operatives,40,33,7
S01012047,9. Elementary occupations,54,28,26
S01012048,All people aged 16 to 74 in employment,266,135,131
S01012048,1. Managers directors and senior officials,11,10,1
S01012048,2. Professional occupations,22,11,11
S01012048,3. Associate professional and technical occupations,27,10,17
S01012048,4. Administrative and secretarial occupations,51,13,38
S01012048,5. Skilled trades occupations,27,26,1
S01012048,6. Caring leisure and other service occupations,39,10,29
S01012048,7. Sales and customer service occupations,33,13,20
S01012048,8. Process plant and machine operatives,30,28,2
S01012048,9. Elementary occupations,26,14,12
S01012049,All people aged 16 to 74 in employment,333,159,174
S01012049,1. Managers directors and senior officials,23,12,11
S01012049,2. Professional occupations,42,20,22
S01012049,3. Associate professional and technical occupations,45,24,21
S01012049,4. Administrative and secretarial occupations,54,9,45
S01012049,5. Skilled trades occupations,35,32,3
S01012049,6. Caring leisure and other service occupations,31,4,27
S01012049,7. Sales and customer service occupations,38,10,28
S01012049,8. Process plant and machine operatives,31,27,4
S01012049,9. Elementary occupations,34,21,13
S01012050,All people aged 16 to 74 in employment,541,271,270
S01012050,1. Managers directors and senior officials,40,29,11
S01012050,2. Professional occupations,61,22,39
S01012050,3. Associate professional and technical occupations,88,45,43
S01012050,4. Administrative and secretarial occupations,94,16,78
S01012050,5. Skilled trades occupations,63,63,0
S01012050,6. Caring leisure and other service occupations,57,15,42
S01012050,7. Sales and customer service occupations,52,19,33
S01012050,8. Process plant and machine operatives,51,44,7
S01012050,9. Elementary occupations,35,18,17
S01012051,All people aged 16 to 74 in employment,228,118,110
S01012051,1. Managers directors and senior officials,20,13,7
S01012051,2. Professional occupations,42,23,19
S01012051,3. Associate professional and technical occupations,39,19,20
S01012051,4. Administrative and secretarial occupations,31,4,27
S01012051,5. Skilled trades occupations,31,26,5
S01012051,6. Caring leisure and other service occupations,24,6,18
S01012051,7. Sales and customer service occupations,11,2,9
S01012051,8. Process plant and machine operatives,12,12,0
S01012051,9. Elementary occupations,18,13,5
S01012052,All people aged 16 to 74 in employment,424,224,200
S01012052,1. Managers directors and senior officials,23,10,13
S01012052,2. Professional occupations,39,22,17
S01012052,3. Associate professional and technical occupations,55,35,20
S01012052,4. Administrative and secretarial occupations,59,10,49
S01012052,5. Skilled trades occupations,51,46,5
S01012052,6. Caring leisure and other service occupations,50,14,36
S01012052,7. Sales and customer service occupations,52,22,30
S01012052,8. Process plant and machine operatives,43,38,5
S01012052,9. Elementary occupations,52,27,25
S01012053,All people aged 16 to 74 in employment,369,167,202
S01012053,1. Managers directors and senior officials,22,10,12
S01012053,2. Professional occupations,30,13,17
S01012053,3. Associate professional and technical occupations,34,15,19
S01012053,4. Administrative and secretarial occupations,46,11,35
S01012053,5. Skilled trades occupations,50,45,5
S01012053,6. Caring leisure and other service occupations,56,9,47
S01012053,7. Sales and customer service occupations,48,8,40
S01012053,8. Process plant and machine operatives,32,27,5
S01012053,9. Elementary occupations,51,29,22
S01012054,All people aged 16 to 74 in employment,328,159,169
S01012054,1. Managers directors and senior officials,15,9,6
S01012054,2. Professional occupations,20,13,7
S01012054,3. Associate professional and technical occupations,25,10,15
S01012054,4. Administrative and secretarial occupations,24,4,20
S01012054,5. Skilled trades occupations,38,33,5
S01012054,6. Caring leisure and other service occupations,53,6,47
S01012054,7. Sales and customer service occupations,41,11,30
S01012054,8. Process plant and machine operatives,39,31,8
S01012054,9. Elementary occupations,73,42,31
S01012055,All people aged 16 to 74 in employment,359,182,177
S01012055,1. Managers directors and senior officials,18,8,10
S01012055,2. Professional occupations,32,14,18
S01012055,3. Associate professional and technical occupations,28,10,18
S01012055,4. Administrative and secretarial occupations,34,10,24
S01012055,5. Skilled trades occupations,50,47,3
S01012055,6. Caring leisure and other service occupations,55,4,51
S01012055,7. Sales and customer service occupations,37,8,29
S01012055,8. Process plant and machine operatives,47,43,4
S01012055,9. Elementary occupations,58,38,20
S01012056,All people aged 16 to 74 in employment,362,182,180
S01012056,1. Managers directors and senior officials,27,19,8
S01012056,2. Professional occupations,67,30,37
S01012056,3. Associate professional and technical occupations,52,26,26
S01012056,4. Administrative and secretarial occupations,52,12,40
S01012056,5. Skilled trades occupations,53,51,2
S01012056,6. Caring leisure and other service occupations,35,5,30
S01012056,7. Sales and customer service occupations,29,9,20
S01012056,8. Process plant and machine operatives,18,15,3
S01012056,9. Elementary occupations,29,15,14
S01012057,All people aged 16 to 74 in employment,390,200,190
S01012057,1. Managers directors and senior officials,46,22,24
S01012057,2. Professional occupations,71,28,43
S01012057,3. Associate professional and technical occupations,73,48,25
S01012057,4. Administrative and secretarial occupations,57,20,37
S01012057,5. Skilled trades occupations,39,37,2
S01012057,6. Caring leisure and other service occupations,36,8,28
S01012057,7. Sales and customer service occupations,33,8,25
S01012057,8. Process plant and machine operatives,15,15,0
S01012057,9. Elementary occupations,20,14,6
S01012058,All people aged 16 to 74 in employment,361,181,180
S01012058,1. Managers directors and senior officials,37,22,15
S01012058,2. Professional occupations,72,26,46
S01012058,3. Associate professional and technical occupations,56,39,17
S01012058,4. Administrative and secretarial occupations,43,7,36
S01012058,5. Skilled trades occupations,33,32,1
S01012058,6. Caring leisure and other service occupations,34,8,26
S01012058,7. Sales and customer service occupations,45,16,29
S01012058,8. Process plant and machine operatives,20,18,2
S01012058,9. Elementary occupations,21,13,8
S01012059,All people aged 16 to 74 in employment,365,172,193
S01012059,1. Managers directors and senior officials,19,12,7
S01012059,2. Professional occupations,30,9,21
S01012059,3. Associate professional and technical occupations,20,10,10
S01012059,4. Administrative and secretarial occupations,41,8,33
S01012059,5. Skilled trades occupations,48,42,6
S01012059,6. Caring leisure and other service occupations,63,11,52
S01012059,7. Sales and customer service occupations,46,12,34
S01012059,8. Process plant and machine operatives,50,44,6
S01012059,9. Elementary occupations,48,24,24
S01012060,All people aged 16 to 74 in employment,364,187,177
S01012060,1. Managers directors and senior officials,29,21,8
S01012060,2. Professional occupations,46,19,27
S01012060,3. Associate professional and technical occupations,54,30,24
S01012060,4. Administrative and secretarial occupations,43,9,34
S01012060,5. Skilled trades occupations,36,32,4
S01012060,6. Caring leisure and other service occupations,46,10,36
S01012060,7. Sales and customer service occupations,38,16,22
S01012060,8. Process plant and machine operatives,29,28,1
S01012060,9. Elementary occupations,43,22,21
S01012061,All people aged 16 to 74 in employment,480,245,235
S01012061,1. Managers directors and senior officials,53,41,12
S01012061,2. Professional occupations,110,47,63
S01012061,3. Associate professional and technical occupations,76,39,37
S01012061,4. Administrative and secretarial occupations,59,10,49
S01012061,5. Skilled trades occupations,44,43,1
S01012061,6. Caring leisure and other service occupations,35,7,28
S01012061,7. Sales and customer service occupations,35,16,19
S01012061,8. Process plant and machine operatives,25,20,5
S01012061,9. Elementary occupations,43,22,21
S01012062,All people aged 16 to 74 in employment,486,252,234
S01012062,1. Managers directors and senior officials,53,34,19
S01012062,2. Professional occupations,68,26,42
S01012062,3. Associate professional and technical occupations,69,36,33
S01012062,4. Administrative and secretarial occupations,62,11,51
S01012062,5. Skilled trades occupations,55,53,2
S01012062,6. Caring leisure and other service occupations,42,8,34
S01012062,7. Sales and customer service occupations,59,22,37
S01012062,8. Process plant and machine operatives,45,44,1
S01012062,9. Elementary occupations,33,18,15
S01012063,All people aged 16 to 74 in employment,288,138,150
S01012063,1. Managers directors and senior officials,22,15,7
S01012063,2. Professional occupations,40,16,24
S01012063,3. Associate professional and technical occupations,32,16,16
S01012063,4. Administrative and secretarial occupations,39,7,32
S01012063,5. Skilled trades occupations,34,32,2
S01012063,6. Caring leisure and other service occupations,24,3,21
S01012063,7. Sales and customer service occupations,29,6,23
S01012063,8. Process plant and machine operatives,36,25,11
S01012063,9. Elementary occupations,32,18,14
S01012064,All people aged 16 to 74 in employment,194,87,107
S01012064,1. Managers directors and senior officials,10,7,3
S01012064,2. Professional occupations,21,7,14
S01012064,3. Associate professional and technical occupations,17,10,7
S01012064,4. Administrative and secretarial occupations,20,5,15
S01012064,5. Skilled trades occupations,18,16,2
S01012064,6. Caring leisure and other service occupations,15,2,13
S01012064,7. Sales and customer service occupations,19,1,18
S01012064,8. Process plant and machine operatives,24,20,4
S01012064,9. Elementary occupations,50,19,31
S01012065,All people aged 16 to 74 in employment,158,67,91
S01012065,1. Managers directors and senior officials,5,3,2
S01012065,2. Professional occupations,7,4,3
S01012065,3. Associate professional and technical occupations,9,4,5
S01012065,4. Administrative and secretarial occupations,8,4,4
S01012065,5. Skilled trades occupations,14,12,2
S01012065,6. Caring leisure and other service occupations,25,1,24
S01012065,7. Sales and customer service occupations,25,6,19
S01012065,8. Process plant and machine operatives,10,9,1
S01012065,9. Elementary occupations,55,24,31
S01012066,All people aged 16 to 74 in employment,360,170,190
S01012066,1. Managers directors and senior officials,26,13,13
S01012066,2. Professional occupations,14,7,7
S01012066,3. Associate professional and technical occupations,33,18,15
S01012066,4. Administrative and secretarial occupations,31,4,27
S01012066,5. Skilled trades occupations,38,34,4
S01012066,6. Caring leisure and other service occupations,50,10,40
S01012066,7. Sales and customer service occupations,48,15,33
S01012066,8. Process plant and machine operatives,40,32,8
S01012066,9. Elementary occupations,80,37,43
S01012067,All people aged 16 to 74 in employment,180,87,93
S01012067,1. Managers directors and senior officials,6,5,1
S01012067,2. Professional occupations,6,3,3
S01012067,3. Associate professional and technical occupations,14,7,7
S01012067,4. Administrative and secretarial occupations,10,3,7
S01012067,5. Skilled trades occupations,20,17,3
S01012067,6. Caring leisure and other service occupations,36,5,31
S01012067,7. Sales and customer service occupations,17,2,15
S01012067,8. Process plant and machine operatives,26,22,4
S01012067,9. Elementary occupations,45,23,22
S01012068,All people aged 16 to 74 in employment,127,51,76
S01012068,1. Managers directors and senior officials,5,3,2
S01012068,2. Professional occupations,2,1,1
S01012068,3. Associate professional and technical occupations,3,0,3
S01012068,4. Administrative and secretarial occupations,5,1,4
S01012068,5. Skilled trades occupations,11,9,2
S01012068,6. Caring leisure and other service occupations,32,5,27
S01012068,7. Sales and customer service occupations,18,6,12
S01012068,8. Process plant and machine operatives,18,15,3
S01012068,9. Elementary occupations,33,11,22
S01012069,All people aged 16 to 74 in employment,179,81,98
S01012069,1. Managers directors and senior officials,17,8,9
S01012069,2. Professional occupations,19,6,13
S01012069,3. Associate professional and technical occupations,18,13,5
S01012069,4. Administrative and secretarial occupations,19,1,18
S01012069,5. Skilled trades occupations,17,14,3
S01012069,6. Caring leisure and other service occupations,23,5,18
S01012069,7. Sales and customer service occupations,24,9,15
S01012069,8. Process plant and machine operatives,10,9,1
S01012069,9. Elementary occupations,32,16,16
S01012070,All people aged 16 to 74 in employment,250,131,119
S01012070,1. Managers directors and senior officials,16,9,7
S01012070,2. Professional occupations,18,10,8
S01012070,3. Associate professional and technical occupations,9,5,4
S01012070,4. Administrative and secretarial occupations,21,4,17
S01012070,5. Skilled trades occupations,40,37,3
S01012070,6. Caring leisure and other service occupations,26,3,23
S01012070,7. Sales and customer service occupations,35,17,18
S01012070,8. Process plant and machine operatives,15,12,3
S01012070,9. Elementary occupations,70,34,36
S01012071,All people aged 16 to 74 in employment,425,223,202
S01012071,1. Managers directors and senior officials,26,16,10
S01012071,2. Professional occupations,31,12,19
S01012071,3. Associate professional and technical occupations,48,30,18
S01012071,4. Administrative and secretarial occupations,53,15,38
S01012071,5. Skilled trades occupations,37,35,2
S01012071,6. Caring leisure and other service occupations,45,11,34
S01012071,7. Sales and customer service occupations,49,20,29
S01012071,8. Process plant and machine operatives,44,33,11
S01012071,9. Elementary occupations,92,51,41
S01012072,All people aged 16 to 74 in employment,435,229,206
S01012072,1. Managers directors and senior officials,22,17,5
S01012072,2. Professional occupations,57,25,32
S01012072,3. Associate professional and technical occupations,54,28,26
S01012072,4. Administrative and secretarial occupations,40,12,28
S01012072,5. Skilled trades occupations,52,42,10
S01012072,6. Caring leisure and other service occupations,44,15,29
S01012072,7. Sales and customer service occupations,47,15,32
S01012072,8. Process plant and machine operatives,37,32,5
S01012072,9. Elementary occupations,82,43,39
S01012073,All people aged 16 to 74 in employment,380,187,193
S01012073,1. Managers directors and senior officials,29,19,10
S01012073,2. Professional occupations,75,31,44
S01012073,3. Associate professional and technical occupations,68,37,31
S01012073,4. Administrative and secretarial occupations,39,6,33
S01012073,5. Skilled trades occupations,44,43,1
S01012073,6. Caring leisure and other service occupations,32,7,25
S01012073,7. Sales and customer service occupations,38,10,28
S01012073,8. Process plant and machine operatives,22,19,3
S01012073,9. Elementary occupations,33,15,18
S01012074,All people aged 16 to 74 in employment,415,210,205
S01012074,1. Managers directors and senior officials,52,27,25
S01012074,2. Professional occupations,76,31,45
S01012074,3. Associate professional and technical occupations,72,43,29
S01012074,4. Administrative and secretarial occupations,61,10,51
S01012074,5. Skilled trades occupations,49,47,2
S01012074,6. Caring leisure and other service occupations,26,6,20
S01012074,7. Sales and customer service occupations,37,17,20
S01012074,8. Process plant and machine operatives,14,13,1
S01012074,9. Elementary occupations,28,16,12
S01012075,All people aged 16 to 74 in employment,447,213,234
S01012075,1. Managers directors and senior officials,52,30,22
S01012075,2. Professional occupations,65,24,41
S01012075,3. Associate professional and technical occupations,65,35,30
S01012075,4. Administrative and secretarial occupations,85,18,67
S01012075,5. Skilled trades occupations,52,45,7
S01012075,6. Caring leisure and other service occupations,40,6,34
S01012075,7. Sales and customer service occupations,31,11,20
S01012075,8. Process plant and machine operatives,32,29,3
S01012075,9. Elementary occupations,25,15,10
S01012076,All people aged 16 to 74 in employment,363,182,181
S01012076,1. Managers directors and senior officials,24,15,9
S01012076,2. Professional occupations,49,21,28
S01012076,3. Associate professional and technical occupations,56,33,23
S01012076,4. Administrative and secretarial occupations,58,10,48
S01012076,5. Skilled trades occupations,35,33,2
S01012076,6. Caring leisure and other service occupations,43,11,32
S01012076,7. Sales and customer service occupations,34,15,19
S01012076,8. Process plant and machine operatives,22,19,3
S01012076,9. Elementary occupations,42,25,17
S01012077,All people aged 16 to 74 in employment,342,172,170
S01012077,1. Managers directors and senior officials,13,8,5
S01012077,2. Professional occupations,34,13,21
S01012077,3. Associate professional and technical occupations,37,25,12
S01012077,4. Administrative and secretarial occupations,48,12,36
S01012077,5. Skilled trades occupations,31,29,2
S01012077,6. Caring leisure and other service occupations,54,11,43
S01012077,7. Sales and customer service occupations,39,16,23
S01012077,8. Process plant and machine operatives,33,29,4
S01012077,9. Elementary occupations,53,29,24
S01012078,All people aged 16 to 74 in employment,473,248,225
S01012078,1. Managers directors and senior officials,38,24,14
S01012078,2. Professional occupations,64,28,36
S01012078,3. Associate professional and technical occupations,61,41,20
S01012078,4. Administrative and secretarial occupations,61,13,48
S01012078,5. Skilled trades occupations,54,50,4
S01012078,6. Caring leisure and other service occupations,48,6,42
S01012078,7. Sales and customer service occupations,64,24,40
S01012078,8. Process plant and machine operatives,42,39,3
S01012078,9. Elementary occupations,41,23,18
S01012079,All people aged 16 to 74 in employment,384,176,208
S01012079,1. Managers directors and senior officials,26,13,13
S01012079,2. Professional occupations,36,10,26
S01012079,3. Associate professional and technical occupations,21,10,11
S01012079,4. Administrative and secretarial occupations,53,10,43
S01012079,5. Skilled trades occupations,46,43,3
S01012079,6. Caring leisure and other service occupations,60,10,50
S01012079,7. Sales and customer service occupations,35,9,26
S01012079,8. Process plant and machine operatives,37,34,3
S01012079,9. Elementary occupations,70,37,33
S01012080,All people aged 16 to 74 in employment,312,143,169
S01012080,1. Managers directors and senior officials,14,5,9
S01012080,2. Professional occupations,24,12,12
S01012080,3. Associate professional and technical occupations,29,16,13
S01012080,4. Administrative and secretarial occupations,33,5,28
S01012080,5. Skilled trades occupations,30,28,2
S01012080,6. Caring leisure and other service occupations,53,8,45
S01012080,7. Sales and customer service occupations,36,9,27
S01012080,8. Process plant and machine operatives,40,36,4
S01012080,9. Elementary occupations,53,24,29
S01012081,All people aged 16 to 74 in employment,287,138,149
S01012081,1. Managers directors and senior officials,10,1,9
S01012081,2. Professional occupations,21,10,11
S01012081,3. Associate professional and technical occupations,13,7,6
S01012081,4. Administrative and secretarial occupations,28,8,20
S01012081,5. Skilled trades occupations,36,33,3
S01012081,6. Caring leisure and other service occupations,43,8,35
S01012081,7. Sales and customer service occupations,34,8,26
S01012081,8. Process plant and machine operatives,42,36,6
S01012081,9. Elementary occupations,60,27,33
S01012082,All people aged 16 to 74 in employment,242,120,122
S01012082,1. Managers directors and senior officials,11,4,7
S01012082,2. Professional occupations,14,7,7
S01012082,3. Associate professional and technical occupations,24,12,12
S01012082,4. Administrative and secretarial occupations,30,7,23
S01012082,5. Skilled trades occupations,26,23,3
S01012082,6. Caring leisure and other service occupations,45,8,37
S01012082,7. Sales and customer service occupations,23,9,14
S01012082,8. Process plant and machine operatives,32,31,1
S01012082,9. Elementary occupations,37,19,18
S01012083,All people aged 16 to 74 in employment,268,140,128
S01012083,1. Managers directors and senior officials,19,7,12
S01012083,2. Professional occupations,20,8,12
S01012083,3. Associate professional and technical occupations,32,21,11
S01012083,4. Administrative and secretarial occupations,36,11,25
S01012083,5. Skilled trades occupations,31,28,3
S01012083,6. Caring leisure and other service occupations,37,3,34
S01012083,7. Sales and customer service occupations,24,8,16
S01012083,8. Process plant and machine operatives,17,16,1
S01012083,9. Elementary occupations,52,38,14
S01012084,All people aged 16 to 74 in employment,312,156,156
S01012084,1. Managers directors and senior officials,21,11,10
S01012084,2. Professional occupations,41,15,26
S01012084,3. Associate professional and technical occupations,35,17,18
S01012084,4. Administrative and secretarial occupations,44,11,33
S01012084,5. Skilled trades occupations,45,45,0
S01012084,6. Caring leisure and other service occupations,40,7,33
S01012084,7. Sales and customer service occupations,26,10,16
S01012084,8. Process plant and machine operatives,30,27,3
S01012084,9. Elementary occupations,30,13,17
S01012085,All people aged 16 to 74 in employment,363,191,172
S01012085,1. Managers directors and senior officials,26,15,11
S01012085,2. Professional occupations,47,24,23
S01012085,3. Associate professional and technical occupations,44,28,16
S01012085,4. Administrative and secretarial occupations,62,10,52
S01012085,5. Skilled trades occupations,50,46,4
S01012085,6. Caring leisure and other service occupations,39,11,28
S01012085,7. Sales and customer service occupations,31,12,19
S01012085,8. Process plant and machine operatives,21,19,2
S01012085,9. Elementary occupations,43,26,17
S01012086,All people aged 16 to 74 in employment,386,187,199
S01012086,1. Managers directors and senior officials,23,11,12
S01012086,2. Professional occupations,25,9,16
S01012086,3. Associate professional and technical occupations,38,20,18
S01012086,4. Administrative and secretarial occupations,50,9,41
S01012086,5. Skilled trades occupations,53,47,6
S01012086,6. Caring leisure and other service occupations,55,8,47
S01012086,7. Sales and customer service occupations,52,20,32
S01012086,8. Process plant and machine operatives,32,29,3
S01012086,9. Elementary occupations,58,34,24
S01012087,All people aged 16 to 74 in employment,310,148,162
S01012087,1. Managers directors and senior officials,27,19,8
S01012087,2. Professional occupations,32,8,24
S01012087,3. Associate professional and technical occupations,32,16,16
S01012087,4. Administrative and secretarial occupations,35,14,21
S01012087,5. Skilled trades occupations,32,28,4
S01012087,6. Caring leisure and other service occupations,47,12,35
S01012087,7. Sales and customer service occupations,35,8,27
S01012087,8. Process plant and machine operatives,28,26,2
S01012087,9. Elementary occupations,42,17,25
S01012088,All people aged 16 to 74 in employment,389,193,196
S01012088,1. Managers directors and senior officials,44,26,18
S01012088,2. Professional occupations,76,29,47
S01012088,3. Associate professional and technical occupations,56,32,24
S01012088,4. Administrative and secretarial occupations,45,6,39
S01012088,5. Skilled trades occupations,48,46,2
S01012088,6. Caring leisure and other service occupations,29,4,25
S01012088,7. Sales and customer service occupations,36,8,28
S01012088,8. Process plant and machine operatives,30,28,2
S01012088,9. Elementary occupations,25,14,11
S01012089,All people aged 16 to 74 in employment,450,213,237
S01012089,1. Managers directors and senior officials,39,26,13
S01012089,2. Professional occupations,91,32,59
S01012089,3. Associate professional and technical occupations,84,48,36
S01012089,4. Administrative and secretarial occupations,72,13,59
S01012089,5. Skilled trades occupations,39,37,2
S01012089,6. Caring leisure and other service occupations,46,10,36
S01012089,7. Sales and customer service occupations,28,11,17
S01012089,8. Process plant and machine operatives,22,21,1
S01012089,9. Elementary occupations,29,15,14
S01012090,All people aged 16 to 74 in employment,444,238,206
S01012090,1. Managers directors and senior officials,47,33,14
S01012090,2. Professional occupations,112,48,64
S01012090,3. Associate professional and technical occupations,74,45,29
S01012090,4. Administrative and secretarial occupations,64,16,48
S01012090,5. Skilled trades occupations,42,39,3
S01012090,6. Caring leisure and other service occupations,25,8,17
S01012090,7. Sales and customer service occupations,38,16,22
S01012090,8. Process plant and machine operatives,25,25,0
S01012090,9. Elementary occupations,17,8,9
S01012091,All people aged 16 to 74 in employment,311,152,159
S01012091,1. Managers directors and senior officials,23,12,11
S01012091,2. Professional occupations,46,23,23
S01012091,3. Associate professional and technical occupations,41,20,21
S01012091,4. Administrative and secretarial occupations,44,10,34
S01012091,5. Skilled trades occupations,37,35,2
S01012091,6. Caring leisure and other service occupations,34,5,29
S01012091,7. Sales and customer service occupations,40,13,27
S01012091,8. Process plant and machine operatives,17,13,4
S01012091,9. Elementary occupations,29,21,8
S01012092,All people aged 16 to 74 in employment,289,148,141
S01012092,1. Managers directors and senior officials,29,18,11
S01012092,2. Professional occupations,42,16,26
S01012092,3. Associate professional and technical occupations,33,18,15
S01012092,4. Administrative and secretarial occupations,46,8,38
S01012092,5. Skilled trades occupations,29,27,2
S01012092,6. Caring leisure and other service occupations,32,8,24
S01012092,7. Sales and customer service occupations,30,11,19
S01012092,8. Process plant and machine operatives,24,22,2
S01012092,9. Elementary occupations,24,20,4
S01012093,All people aged 16 to 74 in employment,282,145,137
S01012093,1. Managers directors and senior officials,28,16,12
S01012093,2. Professional occupations,60,31,29
S01012093,3. Associate professional and technical occupations,36,22,14
S01012093,4. Administrative and secretarial occupations,34,8,26
S01012093,5. Skilled trades occupations,25,24,1
S01012093,6. Caring leisure and other service occupations,32,5,27
S01012093,7. Sales and customer service occupations,25,9,16
S01012093,8. Process plant and machine operatives,21,16,5
S01012093,9. Elementary occupations,21,14,7
S01012094,All people aged 16 to 74 in employment,396,201,195
S01012094,1. Managers directors and senior officials,47,30,17
S01012094,2. Professional occupations,115,56,59
S01012094,3. Associate professional and technical occupations,57,36,21
S01012094,4. Administrative and secretarial occupations,57,7,50
S01012094,5. Skilled trades occupations,30,26,4
S01012094,6. Caring leisure and other service occupations,28,5,23
S01012094,7. Sales and customer service occupations,32,15,17
S01012094,8. Process plant and machine operatives,17,15,2
S01012094,9. Elementary occupations,13,11,2
S01012095,All people aged 16 to 74 in employment,561,272,289
S01012095,1. Managers directors and senior officials,46,26,20
S01012095,2. Professional occupations,80,23,57
S01012095,3. Associate professional and technical occupations,71,43,28
S01012095,4. Administrative and secretarial occupations,68,14,54
S01012095,5. Skilled trades occupations,67,62,5
S01012095,6. Caring leisure and other service occupations,68,17,51
S01012095,7. Sales and customer service occupations,56,15,41
S01012095,8. Process plant and machine operatives,47,45,2
S01012095,9. Elementary occupations,58,27,31
S01012096,All people aged 16 to 74 in employment,369,171,198
S01012096,1. Managers directors and senior officials,14,7,7
S01012096,2. Professional occupations,21,7,14
S01012096,3. Associate professional and technical occupations,40,25,15
S01012096,4. Administrative and secretarial occupations,40,11,29
S01012096,5. Skilled trades occupations,56,49,7
S01012096,6. Caring leisure and other service occupations,59,7,52
S01012096,7. Sales and customer service occupations,52,11,41
S01012096,8. Process plant and machine operatives,36,33,3
S01012096,9. Elementary occupations,51,21,30
S01012097,All people aged 16 to 74 in employment,300,148,152
S01012097,1. Managers directors and senior officials,17,11,6
S01012097,2. Professional occupations,24,5,19
S01012097,3. Associate professional and technical occupations,21,8,13
S01012097,4. Administrative and secretarial occupations,35,5,30
S01012097,5. Skilled trades occupations,37,35,2
S01012097,6. Caring leisure and other service occupations,49,9,40
S01012097,7. Sales and customer service occupations,30,11,19
S01012097,8. Process plant and machine operatives,38,36,2
S01012097,9. Elementary occupations,49,28,21
S01012098,All people aged 16 to 74 in employment,286,146,140
S01012098,1. Managers directors and senior officials,16,9,7
S01012098,2. Professional occupations,13,5,8
S01012098,3. Associate professional and technical occupations,20,12,8
S01012098,4. Administrative and secretarial occupations,35,3,32
S01012098,5. Skilled trades occupations,39,34,5
S01012098,6. Caring leisure and other service occupations,40,9,31
S01012098,7. Sales and customer service occupations,37,15,22
S01012098,8. Process plant and machine operatives,32,31,1
S01012098,9. Elementary occupations,54,28,26
S01012099,All people aged 16 to 74 in employment,324,150,174
S01012099,1. Managers directors and senior officials,17,8,9
S01012099,2. Professional occupations,18,2,16
S01012099,3. Associate professional and technical occupations,18,9,9
S01012099,4. Administrative and secretarial occupations,30,6,24
S01012099,5. Skilled trades occupations,36,34,2
S01012099,6. Caring leisure and other service occupations,55,9,46
S01012099,7. Sales and customer service occupations,37,13,24
S01012099,8. Process plant and machine operatives,48,40,8
S01012099,9. Elementary occupations,65,29,36
S01012100,All people aged 16 to 74 in employment,455,207,248
S01012100,1. Managers directors and senior officials,33,20,13
S01012100,2. Professional occupations,41,10,31
S01012100,3. Associate professional and technical occupations,37,20,17
S01012100,4. Administrative and secretarial occupations,56,10,46
S01012100,5. Skilled trades occupations,44,43,1
S01012100,6. Caring leisure and other service occupations,73,13,60
S01012100,7. Sales and customer service occupations,56,19,37
S01012100,8. Process plant and machine operatives,43,40,3
S01012100,9. Elementary occupations,72,32,40
S01012101,All people aged 16 to 74 in employment,410,200,210
S01012101,1. Managers directors and senior officials,35,24,11
S01012101,2. Professional occupations,99,48,51
S01012101,3. Associate professional and technical occupations,59,28,31
S01012101,4. Administrative and secretarial occupations,41,6,35
S01012101,5. Skilled trades occupations,30,29,1
S01012101,6. Caring leisure and other service occupations,44,4,40
S01012101,7. Sales and customer service occupations,49,19,30
S01012101,8. Process plant and machine operatives,27,25,2
S01012101,9. Elementary occupations,26,17,9
S01012102,All people aged 16 to 74 in employment,269,112,157
S01012102,1. Managers directors and senior officials,14,7,7
S01012102,2. Professional occupations,35,13,22
S01012102,3. Associate professional and technical occupations,18,8,10
S01012102,4. Administrative and secretarial occupations,40,11,29
S01012102,5. Skilled trades occupations,27,23,4
S01012102,6. Caring leisure and other service occupations,29,3,26
S01012102,7. Sales and customer service occupations,40,9,31
S01012102,8. Process plant and machine operatives,25,20,5
S01012102,9. Elementary occupations,41,18,23
S01012103,All people aged 16 to 74 in employment,517,251,266
S01012103,1. Managers directors and senior officials,30,16,14
S01012103,2. Professional occupations,93,39,54
S01012103,3. Associate professional and technical occupations,51,26,25
S01012103,4. Administrative and secretarial occupations,89,15,74
S01012103,5. Skilled trades occupations,60,58,2
S01012103,6. Caring leisure and other service occupations,54,8,46
S01012103,7. Sales and customer service occupations,55,19,36
S01012103,8. Process plant and machine operatives,36,34,2
S01012103,9. Elementary occupations,49,36,13
S01012104,All people aged 16 to 74 in employment,509,270,239
S01012104,1. Managers directors and senior officials,89,68,21
S01012104,2. Professional occupations,120,51,69
S01012104,3. Associate professional and technical occupations,67,43,24
S01012104,4. Administrative and secretarial occupations,50,8,42
S01012104,5. Skilled trades occupations,42,42,0
S01012104,6. Caring leisure and other service occupations,50,8,42
S01012104,7. Sales and customer service occupations,39,11,28
S01012104,8. Process plant and machine operatives,27,24,3
S01012104,9. Elementary occupations,25,15,10
S01012105,All people aged 16 to 74 in employment,599,291,308
S01012105,1. Managers directors and senior officials,60,44,16
S01012105,2. Professional occupations,127,52,75
S01012105,3. Associate professional and technical occupations,91,50,41
S01012105,4. Administrative and secretarial occupations,81,12,69
S01012105,5. Skilled trades occupations,60,51,9
S01012105,6. Caring leisure and other service occupations,52,8,44
S01012105,7. Sales and customer service occupations,40,14,26
S01012105,8. Process plant and machine operatives,34,29,5
S01012105,9. Elementary occupations,54,31,23
S01012106,All people aged 16 to 74 in employment,618,311,307
S01012106,1. Managers directors and senior officials,75,49,26
S01012106,2. Professional occupations,139,64,75
S01012106,3. Associate professional and technical occupations,100,58,42
S01012106,4. Administrative and secretarial occupations,100,20,80
S01012106,5. Skilled trades occupations,65,63,2
S01012106,6. Caring leisure and other service occupations,44,7,37
S01012106,7. Sales and customer service occupations,41,14,27
S01012106,8. Process plant and machine operatives,29,26,3
S01012106,9. Elementary occupations,25,10,15
S01012107,All people aged 16 to 74 in employment,320,166,154
S01012107,1. Managers directors and senior officials,41,29,12
S01012107,2. Professional occupations,93,45,48
S01012107,3. Associate professional and technical occupations,57,27,30
S01012107,4. Administrative and secretarial occupations,34,7,27
S01012107,5. Skilled trades occupations,22,18,4
S01012107,6. Caring leisure and other service occupations,14,3,11
S01012107,7. Sales and customer service occupations,25,10,15
S01012107,8. Process plant and machine operatives,16,15,1
S01012107,9. Elementary occupations,18,12,6
S01012108,All people aged 16 to 74 in employment,319,153,166
S01012108,1. Managers directors and senior officials,21,9,12
S01012108,2. Professional occupations,47,20,27
S01012108,3. Associate professional and technical occupations,43,26,17
S01012108,4. Administrative and secretarial occupations,28,3,25
S01012108,5. Skilled trades occupations,23,21,2
S01012108,6. Caring leisure and other service occupations,31,5,26
S01012108,7. Sales and customer service occupations,40,11,29
S01012108,8. Process plant and machine operatives,41,36,5
S01012108,9. Elementary occupations,45,22,23
S01012109,All people aged 16 to 74 in employment,425,208,217
S01012109,1. Managers directors and senior officials,18,10,8
S01012109,2. Professional occupations,65,29,36
S01012109,3. Associate professional and technical occupations,44,20,24
S01012109,4. Administrative and secretarial occupations,53,10,43
S01012109,5. Skilled trades occupations,53,49,4
S01012109,6. Caring leisure and other service occupations,46,12,34
S01012109,7. Sales and customer service occupations,52,13,39
S01012109,8. Process plant and machine operatives,34,29,5
S01012109,9. Elementary occupations,60,36,24
S01012110,All people aged 16 to 74 in employment,310,152,158
S01012110,1. Managers directors and senior officials,20,13,7
S01012110,2. Professional occupations,50,22,28
S01012110,3. Associate professional and technical occupations,49,32,17
S01012110,4. Administrative and secretarial occupations,45,13,32
S01012110,5. Skilled trades occupations,21,16,5
S01012110,6. Caring leisure and other service occupations,43,13,30
S01012110,7. Sales and customer service occupations,25,10,15
S01012110,8. Process plant and machine operatives,19,16,3
S01012110,9. Elementary occupations,38,17,21
S01012111,All people aged 16 to 74 in employment,236,123,113
S01012111,1. Managers directors and senior officials,13,9,4
S01012111,2. Professional occupations,28,10,18
S01012111,3. Associate professional and technical occupations,26,16,10
S01012111,4. Administrative and secretarial occupations,28,10,18
S01012111,5. Skilled trades occupations,34,32,2
S01012111,6. Caring leisure and other service occupations,32,7,25
S01012111,7. Sales and customer service occupations,27,8,19
S01012111,8. Process plant and machine operatives,15,15,0
S01012111,9. Elementary occupations,33,16,17
S01012112,All people aged 16 to 74 in employment,306,147,159
S01012112,1. Managers directors and senior officials,22,14,8
S01012112,2. Professional occupations,45,18,27
S01012112,3. Associate professional and technical occupations,37,21,16
S01012112,4. Administrative and secretarial occupations,44,4,40
S01012112,5. Skilled trades occupations,26,23,3
S01012112,6. Caring leisure and other service occupations,41,10,31
S01012112,7. Sales and customer service occupations,32,13,19
S01012112,8. Process plant and machine operatives,23,20,3
S01012112,9. Elementary occupations,36,24,12
S01012113,All people aged 16 to 74 in employment,447,229,218
S01012113,1. Managers directors and senior officials,31,22,9
S01012113,2. Professional occupations,63,19,44
S01012113,3. Associate professional and technical occupations,54,28,26
S01012113,4. Administrative and secretarial occupations,66,15,51
S01012113,5. Skilled trades occupations,43,42,1
S01012113,6. Caring leisure and other service occupations,45,12,33
S01012113,7. Sales and customer service occupations,48,18,30
S01012113,8. Process plant and machine operatives,42,41,1
S01012113,9. Elementary occupations,55,32,23
S01012114,All people aged 16 to 74 in employment,425,197,228
S01012114,1. Managers directors and senior officials,56,36,20
S01012114,2. Professional occupations,109,49,60
S01012114,3. Associate professional and technical occupations,59,29,30
S01012114,4. Administrative and secretarial occupations,56,12,44
S01012114,5. Skilled trades occupations,27,23,4
S01012114,6. Caring leisure and other service occupations,25,2,23
S01012114,7. Sales and customer service occupations,44,12,32
S01012114,8. Process plant and machine operatives,20,19,1
S01012114,9. Elementary occupations,29,15,14
S01012115,All people aged 16 to 74 in employment,235,105,130
S01012115,1. Managers directors and senior officials,10,5,5
S01012115,2. Professional occupations,20,7,13
S01012115,3. Associate professional and technical occupations,24,13,11
S01012115,4. Administrative and secretarial occupations,40,9,31
S01012115,5. Skilled trades occupations,25,21,4
S01012115,6. Caring leisure and other service occupations,36,8,28
S01012115,7. Sales and customer service occupations,20,7,13
S01012115,8. Process plant and machine operatives,25,18,7
S01012115,9. Elementary occupations,35,17,18
S01012116,All people aged 16 to 74 in employment,276,135,141
S01012116,1. Managers directors and senior officials,14,9,5
S01012116,2. Professional occupations,23,6,17
S01012116,3. Associate professional and technical occupations,34,13,21
S01012116,4. Administrative and secretarial occupations,37,8,29
S01012116,5. Skilled trades occupations,28,27,1
S01012116,6. Caring leisure and other service occupations,45,10,35
S01012116,7. Sales and customer service occupations,24,11,13
S01012116,8. Process plant and machine operatives,33,29,4
S01012116,9. Elementary occupations,38,22,16
S01012117,All people aged 16 to 74 in employment,472,237,235
S01012117,1. Managers directors and senior officials,57,39,18
S01012117,2. Professional occupations,97,34,63
S01012117,3. Associate professional and technical occupations,81,44,37
S01012117,4. Administrative and secretarial occupations,72,9,63
S01012117,5. Skilled trades occupations,47,46,1
S01012117,6. Caring leisure and other service occupations,36,15,21
S01012117,7. Sales and customer service occupations,28,10,18
S01012117,8. Process plant and machine operatives,34,31,3
S01012117,9. Elementary occupations,20,9,11
S01012118,All people aged 16 to 74 in employment,380,184,196
S01012118,1. Managers directors and senior officials,39,22,17
S01012118,2. Professional occupations,72,25,47
S01012118,3. Associate professional and technical occupations,54,31,23
S01012118,4. Administrative and secretarial occupations,58,12,46
S01012118,5. Skilled trades occupations,46,40,6
S01012118,6. Caring leisure and other service occupations,41,7,34
S01012118,7. Sales and customer service occupations,29,13,16
S01012118,8. Process plant and machine operatives,21,20,1
S01012118,9. Elementary occupations,20,14,6
S01012119,All people aged 16 to 74 in employment,453,236,217
S01012119,1. Managers directors and senior officials,33,21,12
S01012119,2. Professional occupations,79,35,44
S01012119,3. Associate professional and technical occupations,69,37,32
S01012119,4. Administrative and secretarial occupations,65,16,49
S01012119,5. Skilled trades occupations,62,58,4
S01012119,6. Caring leisure and other service occupations,39,8,31
S01012119,7. Sales and customer service occupations,38,12,26
S01012119,8. Process plant and machine operatives,35,30,5
S01012119,9. Elementary occupations,33,19,14
S01012120,All people aged 16 to 74 in employment,256,124,132
S01012120,1. Managers directors and senior officials,12,6,6
S01012120,2. Professional occupations,28,10,18
S01012120,3. Associate professional and technical occupations,29,14,15
S01012120,4. Administrative and secretarial occupations,26,4,22
S01012120,5. Skilled trades occupations,24,21,3
S01012120,6. Caring leisure and other service occupations,40,12,28
S01012120,7. Sales and customer service occupations,31,11,20
S01012120,8. Process plant and machine operatives,27,24,3
S01012120,9. Elementary occupations,39,22,17
S01012121,All people aged 16 to 74 in employment,370,188,182
S01012121,1. Managers directors and senior officials,14,7,7
S01012121,2. Professional occupations,33,8,25
S01012121,3. Associate professional and technical occupations,33,21,12
S01012121,4. Administrative and secretarial occupations,37,11,26
S01012121,5. Skilled trades occupations,46,44,2
S01012121,6. Caring leisure and other service occupations,55,14,41
S01012121,7. Sales and customer service occupations,52,23,29
S01012121,8. Process plant and machine operatives,33,29,4
S01012121,9. Elementary occupations,67,31,36
S01012122,All people aged 16 to 74 in employment,370,179,191
S01012122,1. Managers directors and senior officials,12,4,8
S01012122,2. Professional occupations,35,14,21
S01012122,3. Associate professional and technical occupations,33,16,17
S01012122,4. Administrative and secretarial occupations,37,10,27
S01012122,5. Skilled trades occupations,41,40,1
S01012122,6. Caring leisure and other service occupations,53,9,44
S01012122,7. Sales and customer service occupations,43,8,35
S01012122,8. Process plant and machine operatives,44,42,2
S01012122,9. Elementary occupations,72,36,36
S01012123,All people aged 16 to 74 in employment,270,134,136
S01012123,1. Managers directors and senior officials,23,15,8
S01012123,2. Professional occupations,37,16,21
S01012123,3. Associate professional and technical occupations,38,16,22
S01012123,4. Administrative and secretarial occupations,28,9,19
S01012123,5. Skilled trades occupations,25,21,4
S01012123,6. Caring leisure and other service occupations,28,6,22
S01012123,7. Sales and customer service occupations,37,14,23
S01012123,8. Process plant and machine operatives,24,20,4
S01012123,9. Elementary occupations,30,17,13
S01012124,All people aged 16 to 74 in employment,302,145,157
S01012124,1. Managers directors and senior officials,14,9,5
S01012124,2. Professional occupations,43,19,24
S01012124,3. Associate professional and technical occupations,49,24,25
S01012124,4. Administrative and secretarial occupations,52,11,41
S01012124,5. Skilled trades occupations,30,28,2
S01012124,6. Caring leisure and other service occupations,34,10,24
S01012124,7. Sales and customer service occupations,32,10,22
S01012124,8. Process plant and machine operatives,20,14,6
S01012124,9. Elementary occupations,28,20,8
S01012125,All people aged 16 to 74 in employment,325,162,163
S01012125,1. Managers directors and senior officials,11,8,3
S01012125,2. Professional occupations,33,9,24
S01012125,3. Associate professional and technical occupations,49,30,19
S01012125,4. Administrative and secretarial occupations,35,5,30
S01012125,5. Skilled trades occupations,41,35,6
S01012125,6. Caring leisure and other service occupations,40,6,34
S01012125,7. Sales and customer service occupations,41,20,21
S01012125,8. Process plant and machine operatives,27,23,4
S01012125,9. Elementary occupations,48,26,22
S01012126,All people aged 16 to 74 in employment,471,253,218
S01012126,1. Managers directors and senior officials,45,25,20
S01012126,2. Professional occupations,96,46,50
S01012126,3. Associate professional and technical occupations,92,48,44
S01012126,4. Administrative and secretarial occupations,49,16,33
S01012126,5. Skilled trades occupations,54,48,6
S01012126,6. Caring leisure and other service occupations,32,11,21
S01012126,7. Sales and customer service occupations,53,23,30
S01012126,8. Process plant and machine operatives,23,20,3
S01012126,9. Elementary occupations,27,16,11
S01012127,All people aged 16 to 74 in employment,421,238,183
S01012127,1. Managers directors and senior officials,23,16,7
S01012127,2. Professional occupations,63,39,24
S01012127,3. Associate professional and technical occupations,50,31,19
S01012127,4. Administrative and secretarial occupations,61,23,38
S01012127,5. Skilled trades occupations,47,43,4
S01012127,6. Caring leisure and other service occupations,50,10,40
S01012127,7. Sales and customer service occupations,38,17,21
S01012127,8. Process plant and machine operatives,23,19,4
S01012127,9. Elementary occupations,66,40,26
S01012128,All people aged 16 to 74 in employment,276,152,124
S01012128,1. Managers directors and senior officials,23,13,10
S01012128,2. Professional occupations,36,21,15
S01012128,3. Associate professional and technical occupations,46,28,18
S01012128,4. Administrative and secretarial occupations,23,7,16
S01012128,5. Skilled trades occupations,35,31,4
S01012128,6. Caring leisure and other service occupations,28,6,22
S01012128,7. Sales and customer service occupations,24,6,18
S01012128,8. Process plant and machine operatives,24,21,3
S01012128,9. Elementary occupations,37,19,18
S01012129,All people aged 16 to 74 in employment,346,184,162
S01012129,1. Managers directors and senior officials,19,8,11
S01012129,2. Professional occupations,52,30,22
S01012129,3. Associate professional and technical occupations,45,29,16
S01012129,4. Administrative and secretarial occupations,51,11,40
S01012129,5. Skilled trades occupations,35,33,2
S01012129,6. Caring leisure and other service occupations,46,17,29
S01012129,7. Sales and customer service occupations,27,5,22
S01012129,8. Process plant and machine operatives,30,24,6
S01012129,9. Elementary occupations,41,27,14
S01012130,All people aged 16 to 74 in employment,433,218,215
S01012130,1. Managers directors and senior officials,34,17,17
S01012130,2. Professional occupations,66,25,41
S01012130,3. Associate professional and technical occupations,60,31,29
S01012130,4. Administrative and secretarial occupations,70,14,56
S01012130,5. Skilled trades occupations,46,44,2
S01012130,6. Caring leisure and other service occupations,37,11,26
S01012130,7. Sales and customer service occupations,33,11,22
S01012130,8. Process plant and machine operatives,36,32,4
S01012130,9. Elementary occupations,51,33,18
S01012131,All people aged 16 to 74 in employment,477,252,225
S01012131,1. Managers directors and senior officials,29,20,9
S01012131,2. Professional occupations,61,33,28
S01012131,3. Associate professional and technical occupations,64,31,33
S01012131,4. Administrative and secretarial occupations,55,13,42
S01012131,5. Skilled trades occupations,45,35,10
S01012131,6. Caring leisure and other service occupations,50,14,36
S01012131,7. Sales and customer service occupations,69,30,39
S01012131,8. Process plant and machine operatives,30,28,2
S01012131,9. Elementary occupations,74,48,26
S01012132,All people aged 16 to 74 in employment,312,149,163
S01012132,1. Managers directors and senior officials,29,16,13
S01012132,2. Professional occupations,53,19,34
S01012132,3. Associate professional and technical occupations,26,12,14
S01012132,4. Administrative and secretarial occupations,36,10,26
S01012132,5. Skilled trades occupations,20,15,5
S01012132,6. Caring leisure and other service occupations,32,10,22
S01012132,7. Sales and customer service occupations,47,24,23
S01012132,8. Process plant and machine operatives,24,18,6
S01012132,9. Elementary occupations,45,25,20
S01012133,All people aged 16 to 74 in employment,416,221,195
S01012133,1. Managers directors and senior officials,34,22,12
S01012133,2. Professional occupations,81,37,44
S01012133,3. Associate professional and technical occupations,63,39,24
S01012133,4. Administrative and secretarial occupations,53,17,36
S01012133,5. Skilled trades occupations,35,33,2
S01012133,6. Caring leisure and other service occupations,39,13,26
S01012133,7. Sales and customer service occupations,30,9,21
S01012133,8. Process plant and machine operatives,22,15,7
S01012133,9. Elementary occupations,59,36,23
S01012134,All people aged 16 to 74 in employment,559,278,281
S01012134,1. Managers directors and senior officials,46,26,20
S01012134,2. Professional occupations,137,63,74
S01012134,3. Associate professional and technical occupations,106,60,46
S01012134,4. Administrative and secretarial occupations,68,23,45
S01012134,5. Skilled trades occupations,44,38,6
S01012134,6. Caring leisure and other service occupations,33,6,27
S01012134,7. Sales and customer service occupations,59,22,37
S01012134,8. Process plant and machine operatives,20,19,1
S01012134,9. Elementary occupations,46,21,25
S01012135,All people aged 16 to 74 in employment,357,172,185
S01012135,1. Managers directors and senior officials,13,10,3
S01012135,2. Professional occupations,30,14,16
S01012135,3. Associate professional and technical occupations,35,22,13
S01012135,4. Administrative and secretarial occupations,48,9,39
S01012135,5. Skilled trades occupations,38,33,5
S01012135,6. Caring leisure and other service occupations,54,9,45
S01012135,7. Sales and customer service occupations,53,20,33
S01012135,8. Process plant and machine operatives,26,21,5
S01012135,9. Elementary occupations,60,34,26
S01012136,All people aged 16 to 74 in employment,394,198,196
S01012136,1. Managers directors and senior officials,13,5,8
S01012136,2. Professional occupations,45,24,21
S01012136,3. Associate professional and technical occupations,53,25,28
S01012136,4. Administrative and secretarial occupations,50,12,38
S01012136,5. Skilled trades occupations,32,27,5
S01012136,6. Caring leisure and other service occupations,32,8,24
S01012136,7. Sales and customer service occupations,67,26,41
S01012136,8. Process plant and machine operatives,35,33,2
S01012136,9. Elementary occupations,67,38,29
S01012137,All people aged 16 to 74 in employment,267,136,131
S01012137,1. Managers directors and senior officials,19,8,11
S01012137,2. Professional occupations,37,10,27
S01012137,3. Associate professional and technical occupations,40,18,22
S01012137,4. Administrative and secretarial occupations,38,14,24
S01012137,5. Skilled trades occupations,23,20,3
S01012137,6. Caring leisure and other service occupations,20,5,15
S01012137,7. Sales and customer service occupations,32,19,13
S01012137,8. Process plant and machine operatives,24,24,0
S01012137,9. Elementary occupations,34,18,16
S01012138,All people aged 16 to 74 in employment,451,229,222
S01012138,1. Managers directors and senior officials,33,25,8
S01012138,2. Professional occupations,106,44,62
S01012138,3. Associate professional and technical occupations,71,38,33
S01012138,4. Administrative and secretarial occupations,67,16,51
S01012138,5. Skilled trades occupations,42,38,4
S01012138,6. Caring leisure and other service occupations,38,6,32
S01012138,7. Sales and customer service occupations,32,17,15
S01012138,8. Process plant and machine operatives,20,19,1
S01012138,9. Elementary occupations,42,26,16
S01012139,All people aged 16 to 74 in employment,427,210,217
S01012139,1. Managers directors and senior officials,33,22,11
S01012139,2. Professional occupations,64,29,35
S01012139,3. Associate professional and technical occupations,72,41,31
S01012139,4. Administrative and secretarial occupations,76,16,60
S01012139,5. Skilled trades occupations,43,41,2
S01012139,6. Caring leisure and other service occupations,37,5,32
S01012139,7. Sales and customer service occupations,33,11,22
S01012139,8. Process plant and machine operatives,32,26,6
S01012139,9. Elementary occupations,37,19,18
S01012140,All people aged 16 to 74 in employment,272,134,138
S01012140,1. Managers directors and senior officials,22,12,10
S01012140,2. Professional occupations,86,38,48
S01012140,3. Associate professional and technical occupations,46,27,19
S01012140,4. Administrative and secretarial occupations,34,4,30
S01012140,5. Skilled trades occupations,19,17,2
S01012140,6. Caring leisure and other service occupations,23,8,15
S01012140,7. Sales and customer service occupations,21,10,11
S01012140,8. Process plant and machine operatives,12,12,0
S01012140,9. Elementary occupations,9,6,3
S01012141,All people aged 16 to 74 in employment,487,238,249
S01012141,1. Managers directors and senior officials,44,27,17
S01012141,2. Professional occupations,115,44,71
S01012141,3. Associate professional and technical occupations,79,47,32
S01012141,4. Administrative and secretarial occupations,78,15,63
S01012141,5. Skilled trades occupations,44,44,0
S01012141,6. Caring leisure and other service occupations,35,6,29
S01012141,7. Sales and customer service occupations,43,20,23
S01012141,8. Process plant and machine operatives,25,20,5
S01012141,9. Elementary occupations,24,15,9
S01012142,All people aged 16 to 74 in employment,438,235,203
S01012142,1. Managers directors and senior officials,54,41,13
S01012142,2. Professional occupations,100,41,59
S01012142,3. Associate professional and technical occupations,58,28,30
S01012142,4. Administrative and secretarial occupations,56,18,38
S01012142,5. Skilled trades occupations,51,50,1
S01012142,6. Caring leisure and other service occupations,30,6,24
S01012142,7. Sales and customer service occupations,43,15,28
S01012142,8. Process plant and machine operatives,30,25,5
S01012142,9. Elementary occupations,16,11,5
S01012143,All people aged 16 to 74 in employment,405,218,187
S01012143,1. Managers directors and senior officials,53,35,18
S01012143,2. Professional occupations,118,55,63
S01012143,3. Associate professional and technical occupations,57,34,23
S01012143,4. Administrative and secretarial occupations,52,16,36
S01012143,5. Skilled trades occupations,34,34,0
S01012143,6. Caring leisure and other service occupations,18,7,11
S01012143,7. Sales and customer service occupations,41,15,26
S01012143,8. Process plant and machine operatives,13,12,1
S01012143,9. Elementary occupations,19,10,9
S01012144,All people aged 16 to 74 in employment,496,265,231
S01012144,1. Managers directors and senior officials,49,31,18
S01012144,2. Professional occupations,106,51,55
S01012144,3. Associate professional and technical occupations,80,45,35
S01012144,4. Administrative and secretarial occupations,66,14,52
S01012144,5. Skilled trades occupations,63,62,1
S01012144,6. Caring leisure and other service occupations,36,9,27
S01012144,7. Sales and customer service occupations,37,13,24
S01012144,8. Process plant and machine operatives,30,28,2
S01012144,9. Elementary occupations,29,12,17
S01012145,All people aged 16 to 74 in employment,490,246,244
S01012145,1. Managers directors and senior officials,37,26,11
S01012145,2. Professional occupations,166,72,94
S01012145,3. Associate professional and technical occupations,70,43,27
S01012145,4. Administrative and secretarial occupations,64,20,44
S01012145,5. Skilled trades occupations,33,31,2
S01012145,6. Caring leisure and other service occupations,26,2,24
S01012145,7. Sales and customer service occupations,56,23,33
S01012145,8. Process plant and machine operatives,21,20,1
S01012145,9. Elementary occupations,17,9,8
S01012146,All people aged 16 to 74 in employment,393,196,197
S01012146,1. Managers directors and senior officials,22,11,11
S01012146,2. Professional occupations,44,25,19
S01012146,3. Associate professional and technical occupations,32,13,19
S01012146,4. Administrative and secretarial occupations,43,16,27
S01012146,5. Skilled trades occupations,46,39,7
S01012146,6. Caring leisure and other service occupations,60,13,47
S01012146,7. Sales and customer service occupations,40,14,26
S01012146,8. Process plant and machine operatives,42,32,10
S01012146,9. Elementary occupations,64,33,31
S01012147,All people aged 16 to 74 in employment,282,132,150
S01012147,1. Managers directors and senior officials,15,7,8
S01012147,2. Professional occupations,19,8,11
S01012147,3. Associate professional and technical occupations,25,16,9
S01012147,4. Administrative and secretarial occupations,41,8,33
S01012147,5. Skilled trades occupations,31,28,3
S01012147,6. Caring leisure and other service occupations,37,5,32
S01012147,7. Sales and customer service occupations,37,11,26
S01012147,8. Process plant and machine operatives,26,22,4
S01012147,9. Elementary occupations,51,27,24
S01012148,All people aged 16 to 74 in employment,264,114,150
S01012148,1. Managers directors and senior officials,13,7,6
S01012148,2. Professional occupations,20,4,16
S01012148,3. Associate professional and technical occupations,20,11,9
S01012148,4. Administrative and secretarial occupations,27,6,21
S01012148,5. Skilled trades occupations,30,25,5
S01012148,6. Caring leisure and other service occupations,48,9,39
S01012148,7. Sales and customer service occupations,24,6,18
S01012148,8. Process plant and machine operatives,35,32,3
S01012148,9. Elementary occupations,47,14,33
S01012149,All people aged 16 to 74 in employment,393,218,175
S01012149,1. Managers directors and senior officials,35,29,6
S01012149,2. Professional occupations,54,33,21
S01012149,3. Associate professional and technical occupations,54,30,24
S01012149,4. Administrative and secretarial occupations,49,10,39
S01012149,5. Skilled trades occupations,39,38,1
S01012149,6. Caring leisure and other service occupations,32,5,27
S01012149,7. Sales and customer service occupations,41,15,26
S01012149,8. Process plant and machine operatives,33,28,5
S01012149,9. Elementary occupations,56,30,26
S01012150,All people aged 16 to 74 in employment,290,148,142
S01012150,1. Managers directors and senior officials,18,10,8
S01012150,2. Professional occupations,24,7,17
S01012150,3. Associate professional and technical occupations,21,15,6
S01012150,4. Administrative and secretarial occupations,39,9,30
S01012150,5. Skilled trades occupations,45,42,3
S01012150,6. Caring leisure and other service occupations,44,12,32
S01012150,7. Sales and customer service occupations,27,7,20
S01012150,8. Process plant and machine operatives,24,23,1
S01012150,9. Elementary occupations,48,23,25
S01012151,All people aged 16 to 74 in employment,293,147,146
S01012151,1. Managers directors and senior officials,15,12,3
S01012151,2. Professional occupations,25,10,15
S01012151,3. Associate professional and technical occupations,27,18,9
S01012151,4. Administrative and secretarial occupations,33,5,28
S01012151,5. Skilled trades occupations,38,34,4
S01012151,6. Caring leisure and other service occupations,41,6,35
S01012151,7. Sales and customer service occupations,26,5,21
S01012151,8. Process plant and machine operatives,32,28,4
S01012151,9. Elementary occupations,56,29,27
S01012152,All people aged 16 to 74 in employment,286,152,134
S01012152,1. Managers directors and senior officials,14,9,5
S01012152,2. Professional occupations,24,11,13
S01012152,3. Associate professional and technical occupations,17,11,6
S01012152,4. Administrative and secretarial occupations,29,7,22
S01012152,5. Skilled trades occupations,35,28,7
S01012152,6. Caring leisure and other service occupations,29,8,21
S01012152,7. Sales and customer service occupations,47,23,24
S01012152,8. Process plant and machine operatives,34,28,6
S01012152,9. Elementary occupations,57,27,30
S01012153,All people aged 16 to 74 in employment,245,125,120
S01012153,1. Managers directors and senior officials,16,11,5
S01012153,2. Professional occupations,26,12,14
S01012153,3. Associate professional and technical occupations,22,11,11
S01012153,4. Administrative and secretarial occupations,28,8,20
S01012153,5. Skilled trades occupations,26,23,3
S01012153,6. Caring leisure and other service occupations,36,6,30
S01012153,7. Sales and customer service occupations,30,16,14
S01012153,8. Process plant and machine operatives,23,20,3
S01012153,9. Elementary occupations,38,18,20
S01012154,All people aged 16 to 74 in employment,336,174,162
S01012154,1. Managers directors and senior officials,13,6,7
S01012154,2. Professional occupations,34,19,15
S01012154,3. Associate professional and technical occupations,42,19,23
S01012154,4. Administrative and secretarial occupations,41,14,27
S01012154,5. Skilled trades occupations,42,35,7
S01012154,6. Caring leisure and other service occupations,37,8,29
S01012154,7. Sales and customer service occupations,32,11,21
S01012154,8. Process plant and machine operatives,37,31,6
S01012154,9. Elementary occupations,58,31,27
S01012155,All people aged 16 to 74 in employment,259,135,124
S01012155,1. Managers directors and senior officials,17,13,4
S01012155,2. Professional occupations,25,8,17
S01012155,3. Associate professional and technical occupations,29,16,13
S01012155,4. Administrative and secretarial occupations,21,7,14
S01012155,5. Skilled trades occupations,20,20,0
S01012155,6. Caring leisure and other service occupations,30,7,23
S01012155,7. Sales and customer service occupations,37,18,19
S01012155,8. Process plant and machine operatives,26,19,7
S01012155,9. Elementary occupations,54,27,27
S01012156,All people aged 16 to 74 in employment,242,118,124
S01012156,1. Managers directors and senior officials,15,9,6
S01012156,2. Professional occupations,21,11,10
S01012156,3. Associate professional and technical occupations,23,9,14
S01012156,4. Administrative and secretarial occupations,19,4,15
S01012156,5. Skilled trades occupations,36,29,7
S01012156,6. Caring leisure and other service occupations,28,2,26
S01012156,7. Sales and customer service occupations,27,9,18
S01012156,8. Process plant and machine operatives,20,16,4
S01012156,9. Elementary occupations,53,29,24
S01012157,All people aged 16 to 74 in employment,492,244,248
S01012157,1. Managers directors and senior officials,35,19,16
S01012157,2. Professional occupations,60,28,32
S01012157,3. Associate professional and technical occupations,73,39,34
S01012157,4. Administrative and secretarial occupations,61,13,48
S01012157,5. Skilled trades occupations,55,49,6
S01012157,6. Caring leisure and other service occupations,44,9,35
S01012157,7. Sales and customer service occupations,43,14,29
S01012157,8. Process plant and machine operatives,45,37,8
S01012157,9. Elementary occupations,76,36,40
S01012158,All people aged 16 to 74 in employment,614,319,295
S01012158,1. Managers directors and senior officials,47,27,20
S01012158,2. Professional occupations,100,38,62
S01012158,3. Associate professional and technical occupations,116,63,53
S01012158,4. Administrative and secretarial occupations,65,19,46
S01012158,5. Skilled trades occupations,74,70,4
S01012158,6. Caring leisure and other service occupations,56,14,42
S01012158,7. Sales and customer service occupations,57,21,36
S01012158,8. Process plant and machine operatives,43,40,3
S01012158,9. Elementary occupations,56,27,29
S01012159,All people aged 16 to 74 in employment,253,125,128
S01012159,1. Managers directors and senior officials,8,6,2
S01012159,2. Professional occupations,38,18,20
S01012159,3. Associate professional and technical occupations,33,17,16
S01012159,4. Administrative and secretarial occupations,44,7,37
S01012159,5. Skilled trades occupations,37,35,2
S01012159,6. Caring leisure and other service occupations,33,10,23
S01012159,7. Sales and customer service occupations,19,2,17
S01012159,8. Process plant and machine operatives,28,22,6
S01012159,9. Elementary occupations,13,8,5
S01012160,All people aged 16 to 74 in employment,355,161,194
S01012160,1. Managers directors and senior officials,23,11,12
S01012160,2. Professional occupations,55,21,34
S01012160,3. Associate professional and technical occupations,36,24,12
S01012160,4. Administrative and secretarial occupations,72,11,61
S01012160,5. Skilled trades occupations,45,40,5
S01012160,6. Caring leisure and other service occupations,33,10,23
S01012160,7. Sales and customer service occupations,33,12,21
S01012160,8. Process plant and machine operatives,21,18,3
S01012160,9. Elementary occupations,37,14,23
S01012161,All people aged 16 to 74 in employment,188,76,112
S01012161,1. Managers directors and senior officials,11,6,5
S01012161,2. Professional occupations,15,6,9
S01012161,3. Associate professional and technical occupations,25,12,13
S01012161,4. Administrative and secretarial occupations,11,0,11
S01012161,5. Skilled trades occupations,19,16,3
S01012161,6. Caring leisure and other service occupations,25,2,23
S01012161,7. Sales and customer service occupations,31,11,20
S01012161,8. Process plant and machine operatives,14,12,2
S01012161,9. Elementary occupations,37,11,26
S01012162,All people aged 16 to 74 in employment,409,191,218
S01012162,1. Managers directors and senior officials,29,18,11
S01012162,2. Professional occupations,46,14,32
S01012162,3. Associate professional and technical occupations,47,27,20
S01012162,4. Administrative and secretarial occupations,51,11,40
S01012162,5. Skilled trades occupations,52,45,7
S01012162,6. Caring leisure and other service occupations,44,10,34
S01012162,7. Sales and customer service occupations,47,13,34
S01012162,8. Process plant and machine operatives,32,28,4
S01012162,9. Elementary occupations,61,25,36
S01012163,All people aged 16 to 74 in employment,350,173,177
S01012163,1. Managers directors and senior officials,17,12,5
S01012163,2. Professional occupations,50,17,33
S01012163,3. Associate professional and technical occupations,47,26,21
S01012163,4. Administrative and secretarial occupations,41,8,33
S01012163,5. Skilled trades occupations,49,42,7
S01012163,6. Caring leisure and other service occupations,38,13,25
S01012163,7. Sales and customer service occupations,39,11,28
S01012163,8. Process plant and machine operatives,30,20,10
S01012163,9. Elementary occupations,39,24,15
S01012164,All people aged 16 to 74 in employment,657,327,330
S01012164,1. Managers directors and senior officials,58,39,19
S01012164,2. Professional occupations,91,34,57
S01012164,3. Associate professional and technical occupations,110,63,47
S01012164,4. Administrative and secretarial occupations,100,17,83
S01012164,5. Skilled trades occupations,89,80,9
S01012164,6. Caring leisure and other service occupations,56,7,49
S01012164,7. Sales and customer service occupations,66,24,42
S01012164,8. Process plant and machine operatives,42,38,4
S01012164,9. Elementary occupations,45,25,20
S01012165,All people aged 16 to 74 in employment,368,180,188
S01012165,1. Managers directors and senior officials,15,10,5
S01012165,2. Professional occupations,25,10,15
S01012165,3. Associate professional and technical occupations,24,12,12
S01012165,4. Administrative and secretarial occupations,38,5,33
S01012165,5. Skilled trades occupations,51,44,7
S01012165,6. Caring leisure and other service occupations,49,11,38
S01012165,7. Sales and customer service occupations,52,19,33
S01012165,8. Process plant and machine operatives,40,32,8
S01012165,9. Elementary occupations,74,37,37
S01012166,All people aged 16 to 74 in employment,313,148,165
S01012166,1. Managers directors and senior officials,21,13,8
S01012166,2. Professional occupations,16,3,13
S01012166,3. Associate professional and technical occupations,26,10,16
S01012166,4. Administrative and secretarial occupations,36,6,30
S01012166,5. Skilled trades occupations,44,42,2
S01012166,6. Caring leisure and other service occupations,45,8,37
S01012166,7. Sales and customer service occupations,46,13,33
S01012166,8. Process plant and machine operatives,31,30,1
S01012166,9. Elementary occupations,48,23,25
S01012167,All people aged 16 to 74 in employment,405,208,197
S01012167,1. Managers directors and senior officials,14,6,8
S01012167,2. Professional occupations,43,20,23
S01012167,3. Associate professional and technical occupations,47,26,21
S01012167,4. Administrative and secretarial occupations,55,10,45
S01012167,5. Skilled trades occupations,58,55,3
S01012167,6. Caring leisure and other service occupations,51,17,34
S01012167,7. Sales and customer service occupations,52,16,36
S01012167,8. Process plant and machine operatives,35,28,7
S01012167,9. Elementary occupations,50,30,20
S01012168,All people aged 16 to 74 in employment,400,206,194
S01012168,1. Managers directors and senior officials,32,20,12
S01012168,2. Professional occupations,57,23,34
S01012168,3. Associate professional and technical occupations,55,34,21
S01012168,4. Administrative and secretarial occupations,73,20,53
S01012168,5. Skilled trades occupations,55,49,6
S01012168,6. Caring leisure and other service occupations,33,8,25
S01012168,7. Sales and customer service occupations,42,12,30
S01012168,8. Process plant and machine operatives,27,23,4
S01012168,9. Elementary occupations,26,17,9
S01012169,All people aged 16 to 74 in employment,369,185,184
S01012169,1. Managers directors and senior officials,26,15,11
S01012169,2. Professional occupations,41,16,25
S01012169,3. Associate professional and technical occupations,40,22,18
S01012169,4. Administrative and secretarial occupations,62,11,51
S01012169,5. Skilled trades occupations,55,53,2
S01012169,6. Caring leisure and other service occupations,39,9,30
S01012169,7. Sales and customer service occupations,44,17,27
S01012169,8. Process plant and machine operatives,23,18,5
S01012169,9. Elementary occupations,39,24,15
S01012170,All people aged 16 to 74 in employment,419,205,214
S01012170,1. Managers directors and senior officials,31,14,17
S01012170,2. Professional occupations,32,15,17
S01012170,3. Associate professional and technical occupations,50,24,26
S01012170,4. Administrative and secretarial occupations,50,16,34
S01012170,5. Skilled trades occupations,52,44,8
S01012170,6. Caring leisure and other service occupations,55,7,48
S01012170,7. Sales and customer service occupations,56,16,40
S01012170,8. Process plant and machine operatives,45,40,5
S01012170,9. Elementary occupations,48,29,19
S01012171,All people aged 16 to 74 in employment,477,223,254
S01012171,1. Managers directors and senior officials,20,11,9
S01012171,2. Professional occupations,34,15,19
S01012171,3. Associate professional and technical occupations,53,27,26
S01012171,4. Administrative and secretarial occupations,56,8,48
S01012171,5. Skilled trades occupations,52,48,4
S01012171,6. Caring leisure and other service occupations,66,9,57
S01012171,7. Sales and customer service occupations,62,21,41
S01012171,8. Process plant and machine operatives,43,36,7
S01012171,9. Elementary occupations,91,48,43
S01012172,All people aged 16 to 74 in employment,317,150,167
S01012172,1. Managers directors and senior officials,11,6,5
S01012172,2. Professional occupations,20,3,17
S01012172,3. Associate professional and technical occupations,23,12,11
S01012172,4. Administrative and secretarial occupations,43,5,38
S01012172,5. Skilled trades occupations,37,34,3
S01012172,6. Caring leisure and other service occupations,26,6,20
S01012172,7. Sales and customer service occupations,61,20,41
S01012172,8. Process plant and machine operatives,33,30,3
S01012172,9. Elementary occupations,63,34,29
S01012173,All people aged 16 to 74 in employment,298,151,147
S01012173,1. Managers directors and senior officials,19,12,7
S01012173,2. Professional occupations,68,24,44
S01012173,3. Associate professional and technical occupations,40,23,17
S01012173,4. Administrative and secretarial occupations,48,12,36
S01012173,5. Skilled trades occupations,36,35,1
S01012173,6. Caring leisure and other service occupations,20,5,15
S01012173,7. Sales and customer service occupations,34,16,18
S01012173,8. Process plant and machine operatives,16,14,2
S01012173,9. Elementary occupations,17,10,7
S01012174,All people aged 16 to 74 in employment,539,269,270
S01012174,1. Managers directors and senior officials,49,29,20
S01012174,2. Professional occupations,84,38,46
S01012174,3. Associate professional and technical occupations,86,46,40
S01012174,4. Administrative and secretarial occupations,80,16,64
S01012174,5. Skilled trades occupations,53,50,3
S01012174,6. Caring leisure and other service occupations,35,3,32
S01012174,7. Sales and customer service occupations,73,31,42
S01012174,8. Process plant and machine operatives,30,29,1
S01012174,9. Elementary occupations,49,27,22
S01012175,All people aged 16 to 74 in employment,473,252,221
S01012175,1. Managers directors and senior officials,33,27,6
S01012175,2. Professional occupations,85,32,53
S01012175,3. Associate professional and technical occupations,73,44,29
S01012175,4. Administrative and secretarial occupations,69,18,51
S01012175,5. Skilled trades occupations,51,51,0
S01012175,6. Caring leisure and other service occupations,41,9,32
S01012175,7. Sales and customer service occupations,46,17,29
S01012175,8. Process plant and machine operatives,36,31,5
S01012175,9. Elementary occupations,39,23,16
S01012176,All people aged 16 to 74 in employment,480,245,235
S01012176,1. Managers directors and senior officials,30,20,10
S01012176,2. Professional occupations,58,22,36
S01012176,3. Associate professional and technical occupations,54,40,14
S01012176,4. Administrative and secretarial occupations,66,7,59
S01012176,5. Skilled trades occupations,65,63,2
S01012176,6. Caring leisure and other service occupations,45,4,41
S01012176,7. Sales and customer service occupations,70,27,43
S01012176,8. Process plant and machine operatives,36,30,6
S01012176,9. Elementary occupations,56,32,24
S01012177,All people aged 16 to 74 in employment,327,173,154
S01012177,1. Managers directors and senior officials,20,15,5
S01012177,2. Professional occupations,55,33,22
S01012177,3. Associate professional and technical occupations,40,27,13
S01012177,4. Administrative and secretarial occupations,61,10,51
S01012177,5. Skilled trades occupations,39,38,1
S01012177,6. Caring leisure and other service occupations,22,3,19
S01012177,7. Sales and customer service occupations,42,15,27
S01012177,8. Process plant and machine operatives,22,19,3
S01012177,9. Elementary occupations,26,13,13
S01012178,All people aged 16 to 74 in employment,291,145,146
S01012178,1. Managers directors and senior officials,25,20,5
S01012178,2. Professional occupations,40,16,24
S01012178,3. Associate professional and technical occupations,38,21,17
S01012178,4. Administrative and secretarial occupations,55,9,46
S01012178,5. Skilled trades occupations,39,39,0
S01012178,6. Caring leisure and other service occupations,23,2,21
S01012178,7. Sales and customer service occupations,33,9,24
S01012178,8. Process plant and machine operatives,18,18,0
S01012178,9. Elementary occupations,20,11,9
S01012179,All people aged 16 to 74 in employment,264,125,139
S01012179,1. Managers directors and senior officials,17,9,8
S01012179,2. Professional occupations,35,15,20
S01012179,3. Associate professional and technical occupations,36,24,12
S01012179,4. Administrative and secretarial occupations,38,5,33
S01012179,5. Skilled trades occupations,48,42,6
S01012179,6. Caring leisure and other service occupations,22,4,18
S01012179,7. Sales and customer service occupations,28,7,21
S01012179,8. Process plant and machine operatives,7,6,1
S01012179,9. Elementary occupations,33,13,20
S01012180,All people aged 16 to 74 in employment,224,104,120
S01012180,1. Managers directors and senior officials,21,12,9
S01012180,2. Professional occupations,37,13,24
S01012180,3. Associate professional and technical occupations,23,14,9
S01012180,4. Administrative and secretarial occupations,33,5,28
S01012180,5. Skilled trades occupations,21,20,1
S01012180,6. Caring leisure and other service occupations,29,6,23
S01012180,7. Sales and customer service occupations,25,8,17
S01012180,8. Process plant and machine operatives,18,16,2
S01012180,9. Elementary occupations,17,10,7
S01012181,All people aged 16 to 74 in employment,330,170,160
S01012181,1. Managers directors and senior officials,30,19,11
S01012181,2. Professional occupations,57,21,36
S01012181,3. Associate professional and technical occupations,37,24,13
S01012181,4. Administrative and secretarial occupations,52,8,44
S01012181,5. Skilled trades occupations,40,37,3
S01012181,6. Caring leisure and other service occupations,22,4,18
S01012181,7. Sales and customer service occupations,31,10,21
S01012181,8. Process plant and machine operatives,28,25,3
S01012181,9. Elementary occupations,33,22,11
S01012182,All people aged 16 to 74 in employment,655,342,313
S01012182,1. Managers directors and senior officials,60,41,19
S01012182,2. Professional occupations,124,57,67
S01012182,3. Associate professional and technical occupations,107,60,47
S01012182,4. Administrative and secretarial occupations,91,19,72
S01012182,5. Skilled trades occupations,86,79,7
S01012182,6. Caring leisure and other service occupations,31,4,27
S01012182,7. Sales and customer service occupations,76,25,51
S01012182,8. Process plant and machine operatives,46,40,6
S01012182,9. Elementary occupations,34,17,17
S01012183,All people aged 16 to 74 in employment,363,193,170
S01012183,1. Managers directors and senior officials,28,14,14
S01012183,2. Professional occupations,51,26,25
S01012183,3. Associate professional and technical occupations,48,26,22
S01012183,4. Administrative and secretarial occupations,39,7,32
S01012183,5. Skilled trades occupations,48,47,1
S01012183,6. Caring leisure and other service occupations,35,5,30
S01012183,7. Sales and customer service occupations,38,11,27
S01012183,8. Process plant and machine operatives,31,28,3
S01012183,9. Elementary occupations,45,29,16
S01012184,All people aged 16 to 74 in employment,332,176,156
S01012184,1. Managers directors and senior officials,31,18,13
S01012184,2. Professional occupations,77,36,41
S01012184,3. Associate professional and technical occupations,84,49,35
S01012184,4. Administrative and secretarial occupations,28,5,23
S01012184,5. Skilled trades occupations,32,31,1
S01012184,6. Caring leisure and other service occupations,23,8,15
S01012184,7. Sales and customer service occupations,20,5,15
S01012184,8. Process plant and machine operatives,11,9,2
S01012184,9. Elementary occupations,26,15,11
S01012185,All people aged 16 to 74 in employment,360,204,156
S01012185,1. Managers directors and senior officials,23,15,8
S01012185,2. Professional occupations,39,22,17
S01012185,3. Associate professional and technical occupations,46,24,22
S01012185,4. Administrative and secretarial occupations,57,21,36
S01012185,5. Skilled trades occupations,43,42,1
S01012185,6. Caring leisure and other service occupations,36,14,22
S01012185,7. Sales and customer service occupations,35,9,26
S01012185,8. Process plant and machine operatives,38,33,5
S01012185,9. Elementary occupations,43,24,19
S01012186,All people aged 16 to 74 in employment,274,136,138
S01012186,1. Managers directors and senior officials,24,14,10
S01012186,2. Professional occupations,26,9,17
S01012186,3. Associate professional and technical occupations,39,19,20
S01012186,4. Administrative and secretarial occupations,33,4,29
S01012186,5. Skilled trades occupations,44,39,5
S01012186,6. Caring leisure and other service occupations,24,6,18
S01012186,7. Sales and customer service occupations,28,9,19
S01012186,8. Process plant and machine operatives,18,17,1
S01012186,9. Elementary occupations,38,19,19
S01012187,All people aged 16 to 74 in employment,296,149,147
S01012187,1. Managers directors and senior officials,15,7,8
S01012187,2. Professional occupations,19,9,10
S01012187,3. Associate professional and technical occupations,22,15,7
S01012187,4. Administrative and secretarial occupations,45,11,34
S01012187,5. Skilled trades occupations,32,29,3
S01012187,6. Caring leisure and other service occupations,48,15,33
S01012187,7. Sales and customer service occupations,40,14,26
S01012187,8. Process plant and machine operatives,30,24,6
S01012187,9. Elementary occupations,45,25,20
S01012188,All people aged 16 to 74 in employment,261,122,139
S01012188,1. Managers directors and senior officials,22,13,9
S01012188,2. Professional occupations,36,9,27
S01012188,3. Associate professional and technical occupations,26,14,12
S01012188,4. Administrative and secretarial occupations,37,6,31
S01012188,5. Skilled trades occupations,38,34,4
S01012188,6. Caring leisure and other service occupations,30,5,25
S01012188,7. Sales and customer service occupations,36,10,26
S01012188,8. Process plant and machine operatives,18,18,0
S01012188,9. Elementary occupations,18,13,5
S01012189,All people aged 16 to 74 in employment,311,161,150
S01012189,1. Managers directors and senior officials,31,21,10
S01012189,2. Professional occupations,52,19,33
S01012189,3. Associate professional and technical occupations,50,33,17
S01012189,4. Administrative and secretarial occupations,44,7,37
S01012189,5. Skilled trades occupations,36,33,3
S01012189,6. Caring leisure and other service occupations,27,4,23
S01012189,7. Sales and customer service occupations,19,8,11
S01012189,8. Process plant and machine operatives,23,20,3
S01012189,9. Elementary occupations,29,16,13
S01012190,All people aged 16 to 74 in employment,322,150,172
S01012190,1. Managers directors and senior officials,33,21,12
S01012190,2. Professional occupations,64,28,36
S01012190,3. Associate professional and technical occupations,55,29,26
S01012190,4. Administrative and secretarial occupations,39,6,33
S01012190,5. Skilled trades occupations,23,21,2
S01012190,6. Caring leisure and other service occupations,33,2,31
S01012190,7. Sales and customer service occupations,35,12,23
S01012190,8. Process plant and machine operatives,19,17,2
S01012190,9. Elementary occupations,21,14,7
S01012191,All people aged 16 to 74 in employment,482,255,227
S01012191,1. Managers directors and senior officials,54,41,13
S01012191,2. Professional occupations,76,35,41
S01012191,3. Associate professional and technical occupations,78,55,23
S01012191,4. Administrative and secretarial occupations,68,13,55
S01012191,5. Skilled trades occupations,51,51,0
S01012191,6. Caring leisure and other service occupations,50,3,47
S01012191,7. Sales and customer service occupations,54,19,35
S01012191,8. Process plant and machine operatives,32,27,5
S01012191,9. Elementary occupations,19,11,8
S01012192,All people aged 16 to 74 in employment,266,136,130
S01012192,1. Managers directors and senior officials,31,22,9
S01012192,2. Professional occupations,43,18,25
S01012192,3. Associate professional and technical occupations,43,23,20
S01012192,4. Administrative and secretarial occupations,34,3,31
S01012192,5. Skilled trades occupations,34,31,3
S01012192,6. Caring leisure and other service occupations,17,4,13
S01012192,7. Sales and customer service occupations,31,14,17
S01012192,8. Process plant and machine operatives,14,13,1
S01012192,9. Elementary occupations,19,8,11
S01012193,All people aged 16 to 74 in employment,354,192,162
S01012193,1. Managers directors and senior officials,50,35,15
S01012193,2. Professional occupations,66,34,32
S01012193,3. Associate professional and technical occupations,61,39,22
S01012193,4. Administrative and secretarial occupations,44,6,38
S01012193,5. Skilled trades occupations,35,34,1
S01012193,6. Caring leisure and other service occupations,21,3,18
S01012193,7. Sales and customer service occupations,42,16,26
S01012193,8. Process plant and machine operatives,21,19,2
S01012193,9. Elementary occupations,14,6,8
S01012194,All people aged 16 to 74 in employment,325,160,165
S01012194,1. Managers directors and senior officials,36,20,16
S01012194,2. Professional occupations,63,29,34
S01012194,3. Associate professional and technical occupations,65,42,23
S01012194,4. Administrative and secretarial occupations,44,5,39
S01012194,5. Skilled trades occupations,23,23,0
S01012194,6. Caring leisure and other service occupations,21,2,19
S01012194,7. Sales and customer service occupations,46,17,29
S01012194,8. Process plant and machine operatives,14,13,1
S01012194,9. Elementary occupations,13,9,4
S01012195,All people aged 16 to 74 in employment,613,311,302
S01012195,1. Managers directors and senior officials,45,30,15
S01012195,2. Professional occupations,98,38,60
S01012195,3. Associate professional and technical occupations,105,59,46
S01012195,4. Administrative and secretarial occupations,101,22,79
S01012195,5. Skilled trades occupations,69,65,4
S01012195,6. Caring leisure and other service occupations,46,3,43
S01012195,7. Sales and customer service occupations,63,24,39
S01012195,8. Process plant and machine operatives,43,39,4
S01012195,9. Elementary occupations,43,31,12
S01012196,All people aged 16 to 74 in employment,338,163,175
S01012196,1. Managers directors and senior officials,34,26,8
S01012196,2. Professional occupations,69,31,38
S01012196,3. Associate professional and technical occupations,50,32,18
S01012196,4. Administrative and secretarial occupations,52,8,44
S01012196,5. Skilled trades occupations,24,21,3
S01012196,6. Caring leisure and other service occupations,34,7,27
S01012196,7. Sales and customer service occupations,34,14,20
S01012196,8. Process plant and machine operatives,15,13,2
S01012196,9. Elementary occupations,26,11,15
S01012197,All people aged 16 to 74 in employment,314,150,164
S01012197,1. Managers directors and senior officials,20,13,7
S01012197,2. Professional occupations,40,15,25
S01012197,3. Associate professional and technical occupations,34,19,15
S01012197,4. Administrative and secretarial occupations,47,7,40
S01012197,5. Skilled trades occupations,41,38,3
S01012197,6. Caring leisure and other service occupations,39,3,36
S01012197,7. Sales and customer service occupations,43,16,27
S01012197,8. Process plant and machine operatives,22,20,2
S01012197,9. Elementary occupations,28,19,9
S01012198,All people aged 16 to 74 in employment,436,205,231
S01012198,1. Managers directors and senior officials,33,17,16
S01012198,2. Professional occupations,54,19,35
S01012198,3. Associate professional and technical occupations,76,37,39
S01012198,4. Administrative and secretarial occupations,60,13,47
S01012198,5. Skilled trades occupations,42,38,4
S01012198,6. Caring leisure and other service occupations,48,12,36
S01012198,7. Sales and customer service occupations,54,17,37
S01012198,8. Process plant and machine operatives,38,36,2
S01012198,9. Elementary occupations,31,16,15
S01012199,All people aged 16 to 74 in employment,351,185,166
S01012199,1. Managers directors and senior officials,18,12,6
S01012199,2. Professional occupations,35,19,16
S01012199,3. Associate professional and technical occupations,48,35,13
S01012199,4. Administrative and secretarial occupations,56,9,47
S01012199,5. Skilled trades occupations,45,42,3
S01012199,6. Caring leisure and other service occupations,28,7,21
S01012199,7. Sales and customer service occupations,50,17,33
S01012199,8. Process plant and machine operatives,29,23,6
S01012199,9. Elementary occupations,42,21,21
S01012200,All people aged 16 to 74 in employment,292,135,157
S01012200,1. Managers directors and senior officials,16,9,7
S01012200,2. Professional occupations,42,13,29
S01012200,3. Associate professional and technical occupations,33,20,13
S01012200,4. Administrative and secretarial occupations,45,9,36
S01012200,5. Skilled trades occupations,34,32,2
S01012200,6. Caring leisure and other service occupations,30,2,28
S01012200,7. Sales and customer service occupations,43,13,30
S01012200,8. Process plant and machine operatives,23,20,3
S01012200,9. Elementary occupations,26,17,9
S01012201,All people aged 16 to 74 in employment,359,176,183
S01012201,1. Managers directors and senior officials,24,15,9
S01012201,2. Professional occupations,33,13,20
S01012201,3. Associate professional and technical occupations,45,31,14
S01012201,4. Administrative and secretarial occupations,53,9,44
S01012201,5. Skilled trades occupations,39,34,5
S01012201,6. Caring leisure and other service occupations,37,4,33
S01012201,7. Sales and customer service occupations,44,11,33
S01012201,8. Process plant and machine operatives,45,38,7
S01012201,9. Elementary occupations,39,21,18
S01012202,All people aged 16 to 74 in employment,297,149,148
S01012202,1. Managers directors and senior officials,21,13,8
S01012202,2. Professional occupations,53,24,29
S01012202,3. Associate professional and technical occupations,40,22,18
S01012202,4. Administrative and secretarial occupations,30,3,27
S01012202,5. Skilled trades occupations,36,34,2
S01012202,6. Caring leisure and other service occupations,36,8,28
S01012202,7. Sales and customer service occupations,26,10,16
S01012202,8. Process plant and machine operatives,18,13,5
S01012202,9. Elementary occupations,37,22,15
S01012203,All people aged 16 to 74 in employment,415,208,207
S01012203,1. Managers directors and senior officials,51,35,16
S01012203,2. Professional occupations,75,29,46
S01012203,3. Associate professional and technical occupations,62,41,21
S01012203,4. Administrative and secretarial occupations,69,10,59
S01012203,5. Skilled trades occupations,42,40,2
S01012203,6. Caring leisure and other service occupations,31,4,27
S01012203,7. Sales and customer service occupations,38,17,21
S01012203,8. Process plant and machine operatives,25,23,2
S01012203,9. Elementary occupations,22,9,13
S01012204,All people aged 16 to 74 in employment,486,254,232
S01012204,1. Managers directors and senior officials,31,21,10
S01012204,2. Professional occupations,91,32,59
S01012204,3. Associate professional and technical occupations,80,56,24
S01012204,4. Administrative and secretarial occupations,69,12,57
S01012204,5. Skilled trades occupations,58,56,2
S01012204,6. Caring leisure and other service occupations,50,10,40
S01012204,7. Sales and customer service occupations,56,23,33
S01012204,8. Process plant and machine operatives,28,26,2
S01012204,9. Elementary occupations,23,18,5
S01012205,All people aged 16 to 74 in employment,402,207,195
S01012205,1. Managers directors and senior officials,34,24,10
S01012205,2. Professional occupations,93,45,48
S01012205,3. Associate professional and technical occupations,65,37,28
S01012205,4. Administrative and secretarial occupations,57,16,41
S01012205,5. Skilled trades occupations,43,41,2
S01012205,6. Caring leisure and other service occupations,38,5,33
S01012205,7. Sales and customer service occupations,36,13,23
S01012205,8. Process plant and machine operatives,19,17,2
S01012205,9. Elementary occupations,17,9,8
S01012206,All people aged 16 to 74 in employment,502,252,250
S01012206,1. Managers directors and senior officials,26,17,9
S01012206,2. Professional occupations,85,35,50
S01012206,3. Associate professional and technical occupations,72,53,19
S01012206,4. Administrative and secretarial occupations,63,10,53
S01012206,5. Skilled trades occupations,57,57,0
S01012206,6. Caring leisure and other service occupations,57,10,47
S01012206,7. Sales and customer service occupations,60,22,38
S01012206,8. Process plant and machine operatives,28,22,6
S01012206,9. Elementary occupations,54,26,28
S01012207,All people aged 16 to 74 in employment,400,198,202
S01012207,1. Managers directors and senior officials,30,19,11
S01012207,2. Professional occupations,32,10,22
S01012207,3. Associate professional and technical occupations,45,22,23
S01012207,4. Administrative and secretarial occupations,62,10,52
S01012207,5. Skilled trades occupations,50,47,3
S01012207,6. Caring leisure and other service occupations,55,13,42
S01012207,7. Sales and customer service occupations,43,15,28
S01012207,8. Process plant and machine operatives,38,28,10
S01012207,9. Elementary occupations,45,34,11
S01012208,All people aged 16 to 74 in employment,465,255,210
S01012208,1. Managers directors and senior officials,21,13,8
S01012208,2. Professional occupations,41,21,20
S01012208,3. Associate professional and technical occupations,73,43,30
S01012208,4. Administrative and secretarial occupations,43,9,34
S01012208,5. Skilled trades occupations,66,58,8
S01012208,6. Caring leisure and other service occupations,55,8,47
S01012208,7. Sales and customer service occupations,55,21,34
S01012208,8. Process plant and machine operatives,41,36,5
S01012208,9. Elementary occupations,70,46,24
S01012209,All people aged 16 to 74 in employment,334,177,157
S01012209,1. Managers directors and senior officials,20,11,9
S01012209,2. Professional occupations,41,19,22
S01012209,3. Associate professional and technical occupations,44,31,13
S01012209,4. Administrative and secretarial occupations,40,5,35
S01012209,5. Skilled trades occupations,43,41,2
S01012209,6. Caring leisure and other service occupations,32,5,27
S01012209,7. Sales and customer service occupations,44,17,27
S01012209,8. Process plant and machine operatives,25,18,7
S01012209,9. Elementary occupations,45,30,15
S01012210,All people aged 16 to 74 in employment,318,148,170
S01012210,1. Managers directors and senior officials,21,14,7
S01012210,2. Professional occupations,31,13,18
S01012210,3. Associate professional and technical occupations,37,22,15
S01012210,4. Administrative and secretarial occupations,46,7,39
S01012210,5. Skilled trades occupations,35,31,4
S01012210,6. Caring leisure and other service occupations,43,5,38
S01012210,7. Sales and customer service occupations,46,13,33
S01012210,8. Process plant and machine operatives,21,19,2
S01012210,9. Elementary occupations,38,24,14
S01012211,All people aged 16 to 74 in employment,439,219,220
S01012211,1. Managers directors and senior officials,36,24,12
S01012211,2. Professional occupations,73,27,46
S01012211,3. Associate professional and technical occupations,65,35,30
S01012211,4. Administrative and secretarial occupations,57,14,43
S01012211,5. Skilled trades occupations,52,46,6
S01012211,6. Caring leisure and other service occupations,44,12,32
S01012211,7. Sales and customer service occupations,44,17,27
S01012211,8. Process plant and machine operatives,28,26,2
S01012211,9. Elementary occupations,40,18,22
S01012212,All people aged 16 to 74 in employment,381,201,180
S01012212,1. Managers directors and senior officials,37,24,13
S01012212,2. Professional occupations,89,41,48
S01012212,3. Associate professional and technical occupations,61,42,19
S01012212,4. Administrative and secretarial occupations,71,14,57
S01012212,5. Skilled trades occupations,25,25,0
S01012212,6. Caring leisure and other service occupations,31,10,21
S01012212,7. Sales and customer service occupations,28,16,12
S01012212,8. Process plant and machine operatives,19,17,2
S01012212,9. Elementary occupations,20,12,8
S01012213,All people aged 16 to 74 in employment,436,230,206
S01012213,1. Managers directors and senior officials,38,28,10
S01012213,2. Professional occupations,82,44,38
S01012213,3. Associate professional and technical occupations,76,47,29
S01012213,4. Administrative and secretarial occupations,77,9,68
S01012213,5. Skilled trades occupations,34,31,3
S01012213,6. Caring leisure and other service occupations,32,8,24
S01012213,7. Sales and customer service occupations,38,20,18
S01012213,8. Process plant and machine operatives,26,25,1
S01012213,9. Elementary occupations,33,18,15
S01012214,All people aged 16 to 74 in employment,329,177,152
S01012214,1. Managers directors and senior officials,40,27,13
S01012214,2. Professional occupations,80,38,42
S01012214,3. Associate professional and technical occupations,49,38,11
S01012214,4. Administrative and secretarial occupations,53,10,43
S01012214,5. Skilled trades occupations,33,30,3
S01012214,6. Caring leisure and other service occupations,22,5,17
S01012214,7. Sales and customer service occupations,29,11,18
S01012214,8. Process plant and machine operatives,10,9,1
S01012214,9. Elementary occupations,13,9,4
S01012215,All people aged 16 to 74 in employment,481,264,217
S01012215,1. Managers directors and senior officials,39,30,9
S01012215,2. Professional occupations,119,52,67
S01012215,3. Associate professional and technical occupations,94,66,28
S01012215,4. Administrative and secretarial occupations,77,23,54
S01012215,5. Skilled trades occupations,37,34,3
S01012215,6. Caring leisure and other service occupations,31,5,26
S01012215,7. Sales and customer service occupations,40,21,19
S01012215,8. Process plant and machine operatives,19,15,4
S01012215,9. Elementary occupations,25,18,7
S01012216,All people aged 16 to 74 in employment,391,198,193
S01012216,1. Managers directors and senior officials,46,34,12
S01012216,2. Professional occupations,109,51,58
S01012216,3. Associate professional and technical occupations,60,33,27
S01012216,4. Administrative and secretarial occupations,41,10,31
S01012216,5. Skilled trades occupations,26,23,3
S01012216,6. Caring leisure and other service occupations,26,3,23
S01012216,7. Sales and customer service occupations,36,10,26
S01012216,8. Process plant and machine operatives,19,17,2
S01012216,9. Elementary occupations,28,17,11
S01012217,All people aged 16 to 74 in employment,227,97,130
S01012217,1. Managers directors and senior officials,8,3,5
S01012217,2. Professional occupations,9,4,5
S01012217,3. Associate professional and technical occupations,26,5,21
S01012217,4. Administrative and secretarial occupations,27,5,22
S01012217,5. Skilled trades occupations,31,25,6
S01012217,6. Caring leisure and other service occupations,29,5,24
S01012217,7. Sales and customer service occupations,23,7,16
S01012217,8. Process plant and machine operatives,22,18,4
S01012217,9. Elementary occupations,52,25,27
S01012218,All people aged 16 to 74 in employment,175,82,93
S01012218,1. Managers directors and senior officials,8,5,3
S01012218,2. Professional occupations,6,2,4
S01012218,3. Associate professional and technical occupations,11,4,7
S01012218,4. Administrative and secretarial occupations,15,0,15
S01012218,5. Skilled trades occupations,25,22,3
S01012218,6. Caring leisure and other service occupations,22,7,15
S01012218,7. Sales and customer service occupations,29,8,21
S01012218,8. Process plant and machine operatives,24,19,5
S01012218,9. Elementary occupations,35,15,20
S01012219,All people aged 16 to 74 in employment,311,150,161
S01012219,1. Managers directors and senior officials,14,6,8
S01012219,2. Professional occupations,23,8,15
S01012219,3. Associate professional and technical occupations,28,15,13
S01012219,4. Administrative and secretarial occupations,43,8,35
S01012219,5. Skilled trades occupations,44,38,6
S01012219,6. Caring leisure and other service occupations,44,8,36
S01012219,7. Sales and customer service occupations,30,8,22
S01012219,8. Process plant and machine operatives,33,31,2
S01012219,9. Elementary occupations,52,28,24
S01012220,All people aged 16 to 74 in employment,233,119,114
S01012220,1. Managers directors and senior officials,8,3,5
S01012220,2. Professional occupations,15,5,10
S01012220,3. Associate professional and technical occupations,21,8,13
S01012220,4. Administrative and secretarial occupations,20,4,16
S01012220,5. Skilled trades occupations,26,25,1
S01012220,6. Caring leisure and other service occupations,30,9,21
S01012220,7. Sales and customer service occupations,41,14,27
S01012220,8. Process plant and machine operatives,34,32,2
S01012220,9. Elementary occupations,38,19,19
S01012221,All people aged 16 to 74 in employment,253,120,133
S01012221,1. Managers directors and senior officials,9,3,6
S01012221,2. Professional occupations,24,7,17
S01012221,3. Associate professional and technical occupations,25,12,13
S01012221,4. Administrative and secretarial occupations,31,6,25
S01012221,5. Skilled trades occupations,31,28,3
S01012221,6. Caring leisure and other service occupations,36,5,31
S01012221,7. Sales and customer service occupations,21,6,15
S01012221,8. Process plant and machine operatives,38,32,6
S01012221,9. Elementary occupations,38,21,17
S01012222,All people aged 16 to 74 in employment,343,179,164
S01012222,1. Managers directors and senior officials,20,14,6
S01012222,2. Professional occupations,22,7,15
S01012222,3. Associate professional and technical occupations,16,13,3
S01012222,4. Administrative and secretarial occupations,47,4,43
S01012222,5. Skilled trades occupations,59,52,7
S01012222,6. Caring leisure and other service occupations,48,13,35
S01012222,7. Sales and customer service occupations,36,14,22
S01012222,8. Process plant and machine operatives,44,38,6
S01012222,9. Elementary occupations,51,24,27
S01012223,All people aged 16 to 74 in employment,284,148,136
S01012223,1. Managers directors and senior officials,14,7,7
S01012223,2. Professional occupations,21,8,13
S01012223,3. Associate professional and technical occupations,24,15,9
S01012223,4. Administrative and secretarial occupations,33,6,27
S01012223,5. Skilled trades occupations,30,28,2
S01012223,6. Caring leisure and other service occupations,47,11,36
S01012223,7. Sales and customer service occupations,29,8,21
S01012223,8. Process plant and machine operatives,43,40,3
S01012223,9. Elementary occupations,43,25,18
S01012224,All people aged 16 to 74 in employment,358,177,181
S01012224,1. Managers directors and senior officials,16,8,8
S01012224,2. Professional occupations,30,14,16
S01012224,3. Associate professional and technical occupations,33,11,22
S01012224,4. Administrative and secretarial occupations,49,9,40
S01012224,5. Skilled trades occupations,48,45,3
S01012224,6. Caring leisure and other service occupations,40,5,35
S01012224,7. Sales and customer service occupations,46,16,30
S01012224,8. Process plant and machine operatives,42,36,6
S01012224,9. Elementary occupations,54,33,21
S01012225,All people aged 16 to 74 in employment,462,222,240
S01012225,1. Managers directors and senior officials,31,17,14
S01012225,2. Professional occupations,27,12,15
S01012225,3. Associate professional and technical occupations,45,27,18
S01012225,4. Administrative and secretarial occupations,58,8,50
S01012225,5. Skilled trades occupations,69,66,3
S01012225,6. Caring leisure and other service occupations,69,16,53
S01012225,7. Sales and customer service occupations,48,7,41
S01012225,8. Process plant and machine operatives,49,43,6
S01012225,9. Elementary occupations,66,26,40
S01012226,All people aged 16 to 74 in employment,352,161,191
S01012226,1. Managers directors and senior officials,17,13,4
S01012226,2. Professional occupations,38,13,25
S01012226,3. Associate professional and technical occupations,36,15,21
S01012226,4. Administrative and secretarial occupations,49,7,42
S01012226,5. Skilled trades occupations,50,43,7
S01012226,6. Caring leisure and other service occupations,43,5,38
S01012226,7. Sales and customer service occupations,43,11,32
S01012226,8. Process plant and machine operatives,37,30,7
S01012226,9. Elementary occupations,39,24,15
S01012227,All people aged 16 to 74 in employment,316,155,161
S01012227,1. Managers directors and senior officials,14,12,2
S01012227,2. Professional occupations,29,10,19
S01012227,3. Associate professional and technical occupations,31,17,14
S01012227,4. Administrative and secretarial occupations,45,4,41
S01012227,5. Skilled trades occupations,63,59,4
S01012227,6. Caring leisure and other service occupations,35,4,31
S01012227,7. Sales and customer service occupations,38,8,30
S01012227,8. Process plant and machine operatives,25,22,3
S01012227,9. Elementary occupations,36,19,17
S01012228,All people aged 16 to 74 in employment,341,168,173
S01012228,1. Managers directors and senior officials,20,10,10
S01012228,2. Professional occupations,35,18,17
S01012228,3. Associate professional and technical occupations,19,11,8
S01012228,4. Administrative and secretarial occupations,55,12,43
S01012228,5. Skilled trades occupations,48,46,2
S01012228,6. Caring leisure and other service occupations,41,7,34
S01012228,7. Sales and customer service occupations,44,10,34
S01012228,8. Process plant and machine operatives,34,30,4
S01012228,9. Elementary occupations,45,24,21
S01012229,All people aged 16 to 74 in employment,398,191,207
S01012229,1. Managers directors and senior officials,43,30,13
S01012229,2. Professional occupations,93,37,56
S01012229,3. Associate professional and technical occupations,70,38,32
S01012229,4. Administrative and secretarial occupations,59,13,46
S01012229,5. Skilled trades occupations,29,27,2
S01012229,6. Caring leisure and other service occupations,29,8,21
S01012229,7. Sales and customer service occupations,33,10,23
S01012229,8. Process plant and machine operatives,22,17,5
S01012229,9. Elementary occupations,20,11,9
S01012230,All people aged 16 to 74 in employment,494,240,254
S01012230,1. Managers directors and senior officials,56,33,23
S01012230,2. Professional occupations,111,55,56
S01012230,3. Associate professional and technical occupations,87,52,35
S01012230,4. Administrative and secretarial occupations,71,10,61
S01012230,5. Skilled trades occupations,38,38,0
S01012230,6. Caring leisure and other service occupations,39,5,34
S01012230,7. Sales and customer service occupations,42,13,29
S01012230,8. Process plant and machine operatives,24,20,4
S01012230,9. Elementary occupations,26,14,12
S01012231,All people aged 16 to 74 in employment,437,228,209
S01012231,1. Managers directors and senior officials,51,34,17
S01012231,2. Professional occupations,123,56,67
S01012231,3. Associate professional and technical occupations,78,49,29
S01012231,4. Administrative and secretarial occupations,44,7,37
S01012231,5. Skilled trades occupations,34,32,2
S01012231,6. Caring leisure and other service occupations,28,3,25
S01012231,7. Sales and customer service occupations,39,16,23
S01012231,8. Process plant and machine operatives,20,18,2
S01012231,9. Elementary occupations,20,13,7
S01012232,All people aged 16 to 74 in employment,451,230,221
S01012232,1. Managers directors and senior officials,48,33,15
S01012232,2. Professional occupations,123,56,67
S01012232,3. Associate professional and technical occupations,85,52,33
S01012232,4. Administrative and secretarial occupations,57,6,51
S01012232,5. Skilled trades occupations,37,36,1
S01012232,6. Caring leisure and other service occupations,32,5,27
S01012232,7. Sales and customer service occupations,39,15,24
S01012232,8. Process plant and machine operatives,17,16,1
S01012232,9. Elementary occupations,13,11,2
S01012233,All people aged 16 to 74 in employment,477,245,232
S01012233,1. Managers directors and senior officials,55,38,17
S01012233,2. Professional occupations,121,56,65
S01012233,3. Associate professional and technical occupations,80,51,29
S01012233,4. Administrative and secretarial occupations,62,16,46
S01012233,5. Skilled trades occupations,41,35,6
S01012233,6. Caring leisure and other service occupations,38,5,33
S01012233,7. Sales and customer service occupations,45,17,28
S01012233,8. Process plant and machine operatives,14,12,2
S01012233,9. Elementary occupations,21,15,6
S01012234,All people aged 16 to 74 in employment,580,294,286
S01012234,1. Managers directors and senior officials,82,64,18
S01012234,2. Professional occupations,150,72,78
S01012234,3. Associate professional and technical occupations,98,46,52
S01012234,4. Administrative and secretarial occupations,76,10,66
S01012234,5. Skilled trades occupations,53,49,4
S01012234,6. Caring leisure and other service occupations,37,6,31
S01012234,7. Sales and customer service occupations,37,14,23
S01012234,8. Process plant and machine operatives,16,15,1
S01012234,9. Elementary occupations,31,18,13
S01012235,All people aged 16 to 74 in employment,207,113,94
S01012235,1. Managers directors and senior officials,32,26,6
S01012235,2. Professional occupations,55,33,22
S01012235,3. Associate professional and technical occupations,21,16,5
S01012235,4. Administrative and secretarial occupations,47,7,40
S01012235,5. Skilled trades occupations,10,10,0
S01012235,6. Caring leisure and other service occupations,6,0,6
S01012235,7. Sales and customer service occupations,17,9,8
S01012235,8. Process plant and machine operatives,6,5,1
S01012235,9. Elementary occupations,13,7,6
S01012236,All people aged 16 to 74 in employment,291,134,157
S01012236,1. Managers directors and senior officials,27,21,6
S01012236,2. Professional occupations,60,25,35
S01012236,3. Associate professional and technical occupations,41,23,18
S01012236,4. Administrative and secretarial occupations,42,3,39
S01012236,5. Skilled trades occupations,34,33,1
S01012236,6. Caring leisure and other service occupations,32,5,27
S01012236,7. Sales and customer service occupations,18,4,14
S01012236,8. Process plant and machine operatives,16,10,6
S01012236,9. Elementary occupations,21,10,11
S01012237,All people aged 16 to 74 in employment,365,193,172
S01012237,1. Managers directors and senior officials,68,48,20
S01012237,2. Professional occupations,124,59,65
S01012237,3. Associate professional and technical occupations,56,34,22
S01012237,4. Administrative and secretarial occupations,39,8,31
S01012237,5. Skilled trades occupations,22,19,3
S01012237,6. Caring leisure and other service occupations,19,1,18
S01012237,7. Sales and customer service occupations,16,9,7
S01012237,8. Process plant and machine operatives,6,5,1
S01012237,9. Elementary occupations,15,10,5
S01012238,All people aged 16 to 74 in employment,279,146,133
S01012238,1. Managers directors and senior officials,27,18,9
S01012238,2. Professional occupations,50,24,26
S01012238,3. Associate professional and technical occupations,46,21,25
S01012238,4. Administrative and secretarial occupations,25,5,20
S01012238,5. Skilled trades occupations,37,32,5
S01012238,6. Caring leisure and other service occupations,19,1,18
S01012238,7. Sales and customer service occupations,34,13,21
S01012238,8. Process plant and machine operatives,20,19,1
S01012238,9. Elementary occupations,21,13,8
S01012239,All people aged 16 to 74 in employment,250,130,120
S01012239,1. Managers directors and senior officials,17,12,5
S01012239,2. Professional occupations,34,12,22
S01012239,3. Associate professional and technical occupations,25,11,14
S01012239,4. Administrative and secretarial occupations,22,7,15
S01012239,5. Skilled trades occupations,43,40,3
S01012239,6. Caring leisure and other service occupations,30,2,28
S01012239,7. Sales and customer service occupations,24,9,15
S01012239,8. Process plant and machine operatives,26,24,2
S01012239,9. Elementary occupations,29,13,16
S01012240,All people aged 16 to 74 in employment,352,180,172
S01012240,1. Managers directors and senior officials,36,24,12
S01012240,2. Professional occupations,57,19,38
S01012240,3. Associate professional and technical occupations,55,35,20
S01012240,4. Administrative and secretarial occupations,30,5,25
S01012240,5. Skilled trades occupations,51,46,5
S01012240,6. Caring leisure and other service occupations,36,5,31
S01012240,7. Sales and customer service occupations,34,14,20
S01012240,8. Process plant and machine operatives,22,17,5
S01012240,9. Elementary occupations,31,15,16
S01012241,All people aged 16 to 74 in employment,256,144,112
S01012241,1. Managers directors and senior officials,36,27,9
S01012241,2. Professional occupations,111,58,53
S01012241,3. Associate professional and technical occupations,36,20,16
S01012241,4. Administrative and secretarial occupations,20,5,15
S01012241,5. Skilled trades occupations,21,17,4
S01012241,6. Caring leisure and other service occupations,8,2,6
S01012241,7. Sales and customer service occupations,11,5,6
S01012241,8. Process plant and machine operatives,9,8,1
S01012241,9. Elementary occupations,4,2,2
S01012242,All people aged 16 to 74 in employment,379,200,179
S01012242,1. Managers directors and senior officials,49,38,11
S01012242,2. Professional occupations,127,65,62
S01012242,3. Associate professional and technical occupations,58,33,25
S01012242,4. Administrative and secretarial occupations,44,9,35
S01012242,5. Skilled trades occupations,28,26,2
S01012242,6. Caring leisure and other service occupations,19,1,18
S01012242,7. Sales and customer service occupations,28,9,19
S01012242,8. Process plant and machine operatives,10,10,0
S01012242,9. Elementary occupations,16,9,7
S01012243,All people aged 16 to 74 in employment,292,157,135
S01012243,1. Managers directors and senior officials,35,27,8
S01012243,2. Professional occupations,79,41,38
S01012243,3. Associate professional and technical occupations,43,26,17
S01012243,4. Administrative and secretarial occupations,34,6,28
S01012243,5. Skilled trades occupations,27,24,3
S01012243,6. Caring leisure and other service occupations,20,4,16
S01012243,7. Sales and customer service occupations,23,10,13
S01012243,8. Process plant and machine operatives,15,12,3
S01012243,9. Elementary occupations,16,7,9
S01012244,All people aged 16 to 74 in employment,500,260,240
S01012244,1. Managers directors and senior officials,88,52,36
S01012244,2. Professional occupations,150,75,75
S01012244,3. Associate professional and technical occupations,75,41,34
S01012244,4. Administrative and secretarial occupations,38,8,30
S01012244,5. Skilled trades occupations,49,40,9
S01012244,6. Caring leisure and other service occupations,41,10,31
S01012244,7. Sales and customer service occupations,9,4,5
S01012244,8. Process plant and machine operatives,16,15,1
S01012244,9. Elementary occupations,34,15,19
S01012245,All people aged 16 to 74 in employment,331,167,164
S01012245,1. Managers directors and senior officials,41,28,13
S01012245,2. Professional occupations,103,51,52
S01012245,3. Associate professional and technical occupations,40,23,17
S01012245,4. Administrative and secretarial occupations,31,4,27
S01012245,5. Skilled trades occupations,35,30,5
S01012245,6. Caring leisure and other service occupations,23,3,20
S01012245,7. Sales and customer service occupations,26,8,18
S01012245,8. Process plant and machine operatives,7,7,0
S01012245,9. Elementary occupations,25,13,12
S01012246,All people aged 16 to 74 in employment,392,202,190
S01012246,1. Managers directors and senior officials,64,44,20
S01012246,2. Professional occupations,126,65,61
S01012246,3. Associate professional and technical occupations,55,26,29
S01012246,4. Administrative and secretarial occupations,31,6,25
S01012246,5. Skilled trades occupations,38,33,5
S01012246,6. Caring leisure and other service occupations,29,4,25
S01012246,7. Sales and customer service occupations,15,4,11
S01012246,8. Process plant and machine operatives,9,9,0
S01012246,9. Elementary occupations,25,11,14
S01012247,All people aged 16 to 74 in employment,395,197,198
S01012247,1. Managers directors and senior officials,55,33,22
S01012247,2. Professional occupations,120,49,71
S01012247,3. Associate professional and technical occupations,41,25,16
S01012247,4. Administrative and secretarial occupations,36,0,36
S01012247,5. Skilled trades occupations,53,45,8
S01012247,6. Caring leisure and other service occupations,29,9,20
S01012247,7. Sales and customer service occupations,14,6,8
S01012247,8. Process plant and machine operatives,8,8,0
S01012247,9. Elementary occupations,39,22,17
S01012248,All people aged 16 to 74 in employment,445,238,207
S01012248,1. Managers directors and senior officials,48,30,18
S01012248,2. Professional occupations,101,51,50
S01012248,3. Associate professional and technical occupations,54,30,24
S01012248,4. Administrative and secretarial occupations,29,3,26
S01012248,5. Skilled trades occupations,86,67,19
S01012248,6. Caring leisure and other service occupations,41,5,36
S01012248,7. Sales and customer service occupations,14,5,9
S01012248,8. Process plant and machine operatives,25,22,3
S01012248,9. Elementary occupations,47,25,22
S01012249,All people aged 16 to 74 in employment,461,259,202
S01012249,1. Managers directors and senior officials,56,38,18
S01012249,2. Professional occupations,106,55,51
S01012249,3. Associate professional and technical occupations,48,26,22
S01012249,4. Administrative and secretarial occupations,28,5,23
S01012249,5. Skilled trades occupations,82,71,11
S01012249,6. Caring leisure and other service occupations,42,5,37
S01012249,7. Sales and customer service occupations,19,2,17
S01012249,8. Process plant and machine operatives,23,22,1
S01012249,9. Elementary occupations,57,35,22
S01012250,All people aged 16 to 74 in employment,380,202,178
S01012250,1. Managers directors and senior officials,65,35,30
S01012250,2. Professional occupations,63,25,38
S01012250,3. Associate professional and technical occupations,40,23,17
S01012250,4. Administrative and secretarial occupations,31,7,24
S01012250,5. Skilled trades occupations,70,58,12
S01012250,6. Caring leisure and other service occupations,31,1,30
S01012250,7. Sales and customer service occupations,10,2,8
S01012250,8. Process plant and machine operatives,22,22,0
S01012250,9. Elementary occupations,48,29,19
S01012251,All people aged 16 to 74 in employment,449,239,210
S01012251,1. Managers directors and senior officials,23,14,9
S01012251,2. Professional occupations,66,28,38
S01012251,3. Associate professional and technical occupations,34,23,11
S01012251,4. Administrative and secretarial occupations,30,3,27
S01012251,5. Skilled trades occupations,90,80,10
S01012251,6. Caring leisure and other service occupations,65,12,53
S01012251,7. Sales and customer service occupations,45,14,31
S01012251,8. Process plant and machine operatives,31,29,2
S01012251,9. Elementary occupations,65,36,29
S01012252,All people aged 16 to 74 in employment,356,168,188
S01012252,1. Managers directors and senior officials,33,17,16
S01012252,2. Professional occupations,58,21,37
S01012252,3. Associate professional and technical occupations,30,15,15
S01012252,4. Administrative and secretarial occupations,33,8,25
S01012252,5. Skilled trades occupations,48,42,6
S01012252,6. Caring leisure and other service occupations,51,8,43
S01012252,7. Sales and customer service occupations,31,7,24
S01012252,8. Process plant and machine operatives,17,17,0
S01012252,9. Elementary occupations,55,33,22
S01012253,All people aged 16 to 74 in employment,441,212,229
S01012253,1. Managers directors and senior officials,32,20,12
S01012253,2. Professional occupations,80,31,49
S01012253,3. Associate professional and technical occupations,47,23,24
S01012253,4. Administrative and secretarial occupations,38,6,32
S01012253,5. Skilled trades occupations,61,56,5
S01012253,6. Caring leisure and other service occupations,52,12,40
S01012253,7. Sales and customer service occupations,33,6,27
S01012253,8. Process plant and machine operatives,20,17,3
S01012253,9. Elementary occupations,78,41,37
S01012254,All people aged 16 to 74 in employment,433,213,220
S01012254,1. Managers directors and senior officials,36,22,14
S01012254,2. Professional occupations,87,40,47
S01012254,3. Associate professional and technical occupations,54,33,21
S01012254,4. Administrative and secretarial occupations,38,6,32
S01012254,5. Skilled trades occupations,65,59,6
S01012254,6. Caring leisure and other service occupations,51,9,42
S01012254,7. Sales and customer service occupations,38,6,32
S01012254,8. Process plant and machine operatives,17,15,2
S01012254,9. Elementary occupations,47,23,24
S01012255,All people aged 16 to 74 in employment,404,216,188
S01012255,1. Managers directors and senior officials,55,37,18
S01012255,2. Professional occupations,96,44,52
S01012255,3. Associate professional and technical occupations,42,19,23
S01012255,4. Administrative and secretarial occupations,26,6,20
S01012255,5. Skilled trades occupations,57,49,8
S01012255,6. Caring leisure and other service occupations,30,9,21
S01012255,7. Sales and customer service occupations,22,10,12
S01012255,8. Process plant and machine operatives,9,9,0
S01012255,9. Elementary occupations,67,33,34
S01012256,All people aged 16 to 74 in employment,431,230,201
S01012256,1. Managers directors and senior officials,46,30,16
S01012256,2. Professional occupations,93,51,42
S01012256,3. Associate professional and technical occupations,71,53,18
S01012256,4. Administrative and secretarial occupations,44,5,39
S01012256,5. Skilled trades occupations,44,39,5
S01012256,6. Caring leisure and other service occupations,42,8,34
S01012256,7. Sales and customer service occupations,38,13,25
S01012256,8. Process plant and machine operatives,13,13,0
S01012256,9. Elementary occupations,40,18,22
S01012257,All people aged 16 to 74 in employment,469,234,235
S01012257,1. Managers directors and senior officials,37,24,13
S01012257,2. Professional occupations,78,34,44
S01012257,3. Associate professional and technical occupations,52,29,23
S01012257,4. Administrative and secretarial occupations,49,9,40
S01012257,5. Skilled trades occupations,56,48,8
S01012257,6. Caring leisure and other service occupations,64,14,50
S01012257,7. Sales and customer service occupations,27,3,24
S01012257,8. Process plant and machine operatives,28,27,1
S01012257,9. Elementary occupations,78,46,32
S01012258,All people aged 16 to 74 in employment,318,165,153
S01012258,1. Managers directors and senior officials,41,30,11
S01012258,2. Professional occupations,117,60,57
S01012258,3. Associate professional and technical occupations,53,25,28
S01012258,4. Administrative and secretarial occupations,23,3,20
S01012258,5. Skilled trades occupations,18,16,2
S01012258,6. Caring leisure and other service occupations,19,4,15
S01012258,7. Sales and customer service occupations,17,5,12
S01012258,8. Process plant and machine operatives,9,8,1
S01012258,9. Elementary occupations,21,14,7
S01012259,All people aged 16 to 74 in employment,257,130,127
S01012259,1. Managers directors and senior officials,34,18,16
S01012259,2. Professional occupations,79,39,40
S01012259,3. Associate professional and technical occupations,41,20,21
S01012259,4. Administrative and secretarial occupations,23,5,18
S01012259,5. Skilled trades occupations,28,24,4
S01012259,6. Caring leisure and other service occupations,16,4,12
S01012259,7. Sales and customer service occupations,14,4,10
S01012259,8. Process plant and machine operatives,6,6,0
S01012259,9. Elementary occupations,16,10,6
S01012260,All people aged 16 to 74 in employment,372,204,168
S01012260,1. Managers directors and senior officials,49,36,13
S01012260,2. Professional occupations,71,35,36
S01012260,3. Associate professional and technical occupations,44,23,21
S01012260,4. Administrative and secretarial occupations,28,7,21
S01012260,5. Skilled trades occupations,46,40,6
S01012260,6. Caring leisure and other service occupations,36,4,32
S01012260,7. Sales and customer service occupations,30,11,19
S01012260,8. Process plant and machine operatives,18,17,1
S01012260,9. Elementary occupations,50,31,19
S01012261,All people aged 16 to 74 in employment,438,220,218
S01012261,1. Managers directors and senior officials,77,51,26
S01012261,2. Professional occupations,114,54,60
S01012261,3. Associate professional and technical occupations,62,38,24
S01012261,4. Administrative and secretarial occupations,57,14,43
S01012261,5. Skilled trades occupations,34,28,6
S01012261,6. Caring leisure and other service occupations,33,3,30
S01012261,7. Sales and customer service occupations,29,8,21
S01012261,8. Process plant and machine operatives,8,8,0
S01012261,9. Elementary occupations,24,16,8
S01012262,All people aged 16 to 74 in employment,431,239,192
S01012262,1. Managers directors and senior officials,75,46,29
S01012262,2. Professional occupations,82,39,43
S01012262,3. Associate professional and technical occupations,65,36,29
S01012262,4. Administrative and secretarial occupations,33,5,28
S01012262,5. Skilled trades occupations,74,64,10
S01012262,6. Caring leisure and other service occupations,36,7,29
S01012262,7. Sales and customer service occupations,19,6,13
S01012262,8. Process plant and machine operatives,14,11,3
S01012262,9. Elementary occupations,33,25,8
S01012263,All people aged 16 to 74 in employment,366,197,169
S01012263,1. Managers directors and senior officials,36,22,14
S01012263,2. Professional occupations,33,16,17
S01012263,3. Associate professional and technical occupations,40,20,20
S01012263,4. Administrative and secretarial occupations,30,8,22
S01012263,5. Skilled trades occupations,67,56,11
S01012263,6. Caring leisure and other service occupations,40,7,33
S01012263,7. Sales and customer service occupations,44,18,26
S01012263,8. Process plant and machine operatives,26,19,7
S01012263,9. Elementary occupations,50,31,19
S01012264,All people aged 16 to 74 in employment,206,110,96
S01012264,1. Managers directors and senior officials,24,14,10
S01012264,2. Professional occupations,53,23,30
S01012264,3. Associate professional and technical occupations,30,18,12
S01012264,4. Administrative and secretarial occupations,14,4,10
S01012264,5. Skilled trades occupations,27,27,0
S01012264,6. Caring leisure and other service occupations,18,3,15
S01012264,7. Sales and customer service occupations,17,4,13
S01012264,8. Process plant and machine operatives,7,7,0
S01012264,9. Elementary occupations,16,10,6
S01012265,All people aged 16 to 74 in employment,363,189,174
S01012265,1. Managers directors and senior officials,21,11,10
S01012265,2. Professional occupations,27,8,19
S01012265,3. Associate professional and technical occupations,39,23,16
S01012265,4. Administrative and secretarial occupations,33,4,29
S01012265,5. Skilled trades occupations,62,58,4
S01012265,6. Caring leisure and other service occupations,54,11,43
S01012265,7. Sales and customer service occupations,33,10,23
S01012265,8. Process plant and machine operatives,30,25,5
S01012265,9. Elementary occupations,64,39,25
S01012266,All people aged 16 to 74 in employment,489,238,251
S01012266,1. Managers directors and senior officials,41,23,18
S01012266,2. Professional occupations,105,41,64
S01012266,3. Associate professional and technical occupations,67,38,29
S01012266,4. Administrative and secretarial occupations,44,7,37
S01012266,5. Skilled trades occupations,83,76,7
S01012266,6. Caring leisure and other service occupations,59,9,50
S01012266,7. Sales and customer service occupations,31,10,21
S01012266,8. Process plant and machine operatives,19,13,6
S01012266,9. Elementary occupations,40,21,19
S01012267,All people aged 16 to 74 in employment,358,190,168
S01012267,1. Managers directors and senior officials,53,33,20
S01012267,2. Professional occupations,82,35,47
S01012267,3. Associate professional and technical occupations,45,27,18
S01012267,4. Administrative and secretarial occupations,28,5,23
S01012267,5. Skilled trades occupations,55,49,6
S01012267,6. Caring leisure and other service occupations,33,3,30
S01012267,7. Sales and customer service occupations,19,6,13
S01012267,8. Process plant and machine operatives,15,14,1
S01012267,9. Elementary occupations,28,18,10
S01012268,All people aged 16 to 74 in employment,341,180,161
S01012268,1. Managers directors and senior officials,58,32,26
S01012268,2. Professional occupations,63,27,36
S01012268,3. Associate professional and technical occupations,41,21,20
S01012268,4. Administrative and secretarial occupations,27,4,23
S01012268,5. Skilled trades occupations,66,56,10
S01012268,6. Caring leisure and other service occupations,26,4,22
S01012268,7. Sales and customer service occupations,13,2,11
S01012268,8. Process plant and machine operatives,14,12,2
S01012268,9. Elementary occupations,33,22,11
S01012269,All people aged 16 to 74 in employment,493,257,236
S01012269,1. Managers directors and senior officials,46,32,14
S01012269,2. Professional occupations,76,29,47
S01012269,3. Associate professional and technical occupations,55,30,25
S01012269,4. Administrative and secretarial occupations,57,7,50
S01012269,5. Skilled trades occupations,86,79,7
S01012269,6. Caring leisure and other service occupations,51,9,42
S01012269,7. Sales and customer service occupations,35,12,23
S01012269,8. Process plant and machine operatives,36,33,3
S01012269,9. Elementary occupations,51,26,25
S01012270,All people aged 16 to 74 in employment,372,189,183
S01012270,1. Managers directors and senior officials,21,11,10
S01012270,2. Professional occupations,50,14,36
S01012270,3. Associate professional and technical occupations,39,22,17
S01012270,4. Administrative and secretarial occupations,35,8,27
S01012270,5. Skilled trades occupations,62,59,3
S01012270,6. Caring leisure and other service occupations,48,8,40
S01012270,7. Sales and customer service occupations,32,9,23
S01012270,8. Process plant and machine operatives,32,27,5
S01012270,9. Elementary occupations,53,31,22
S01012271,All people aged 16 to 74 in employment,573,315,258
S01012271,1. Managers directors and senior officials,77,50,27
S01012271,2. Professional occupations,111,40,71
S01012271,3. Associate professional and technical occupations,73,44,29
S01012271,4. Administrative and secretarial occupations,59,7,52
S01012271,5. Skilled trades occupations,113,101,12
S01012271,6. Caring leisure and other service occupations,42,7,35
S01012271,7. Sales and customer service occupations,31,14,17
S01012271,8. Process plant and machine operatives,25,21,4
S01012271,9. Elementary occupations,42,31,11
S01012272,All people aged 16 to 74 in employment,365,194,171
S01012272,1. Managers directors and senior officials,42,29,13
S01012272,2. Professional occupations,94,46,48
S01012272,3. Associate professional and technical occupations,58,38,20
S01012272,4. Administrative and secretarial occupations,40,8,32
S01012272,5. Skilled trades occupations,30,26,4
S01012272,6. Caring leisure and other service occupations,36,8,28
S01012272,7. Sales and customer service occupations,21,10,11
S01012272,8. Process plant and machine operatives,18,17,1
S01012272,9. Elementary occupations,26,12,14
S01012273,All people aged 16 to 74 in employment,359,185,174
S01012273,1. Managers directors and senior officials,43,28,15
S01012273,2. Professional occupations,82,38,44
S01012273,3. Associate professional and technical occupations,47,26,21
S01012273,4. Administrative and secretarial occupations,41,8,33
S01012273,5. Skilled trades occupations,36,35,1
S01012273,6. Caring leisure and other service occupations,32,3,29
S01012273,7. Sales and customer service occupations,29,14,15
S01012273,8. Process plant and machine operatives,18,16,2
S01012273,9. Elementary occupations,31,17,14
S01012274,All people aged 16 to 74 in employment,513,257,256
S01012274,1. Managers directors and senior officials,41,24,17
S01012274,2. Professional occupations,85,32,53
S01012274,3. Associate professional and technical occupations,63,35,28
S01012274,4. Administrative and secretarial occupations,59,13,46
S01012274,5. Skilled trades occupations,69,62,7
S01012274,6. Caring leisure and other service occupations,53,9,44
S01012274,7. Sales and customer service occupations,47,20,27
S01012274,8. Process plant and machine operatives,32,28,4
S01012274,9. Elementary occupations,64,34,30
S01012275,All people aged 16 to 74 in employment,463,231,232
S01012275,1. Managers directors and senior officials,37,20,17
S01012275,2. Professional occupations,46,24,22
S01012275,3. Associate professional and technical occupations,47,26,21
S01012275,4. Administrative and secretarial occupations,42,12,30
S01012275,5. Skilled trades occupations,60,51,9
S01012275,6. Caring leisure and other service occupations,39,6,33
S01012275,7. Sales and customer service occupations,78,23,55
S01012275,8. Process plant and machine operatives,49,40,9
S01012275,9. Elementary occupations,65,29,36
S01012276,All people aged 16 to 74 in employment,484,248,236
S01012276,1. Managers directors and senior officials,37,26,11
S01012276,2. Professional occupations,76,25,51
S01012276,3. Associate professional and technical occupations,68,41,27
S01012276,4. Administrative and secretarial occupations,64,19,45
S01012276,5. Skilled trades occupations,58,52,6
S01012276,6. Caring leisure and other service occupations,49,7,42
S01012276,7. Sales and customer service occupations,57,29,28
S01012276,8. Process plant and machine operatives,33,29,4
S01012276,9. Elementary occupations,42,20,22
S01012277,All people aged 16 to 74 in employment,546,276,270
S01012277,1. Managers directors and senior officials,49,31,18
S01012277,2. Professional occupations,66,16,50
S01012277,3. Associate professional and technical occupations,71,39,32
S01012277,4. Administrative and secretarial occupations,47,5,42
S01012277,5. Skilled trades occupations,75,70,5
S01012277,6. Caring leisure and other service occupations,65,10,55
S01012277,7. Sales and customer service occupations,72,26,46
S01012277,8. Process plant and machine operatives,44,40,4
S01012277,9. Elementary occupations,57,39,18
S01012278,All people aged 16 to 74 in employment,333,169,164
S01012278,1. Managers directors and senior officials,28,18,10
S01012278,2. Professional occupations,56,23,33
S01012278,3. Associate professional and technical occupations,34,23,11
S01012278,4. Administrative and secretarial occupations,29,7,22
S01012278,5. Skilled trades occupations,37,35,2
S01012278,6. Caring leisure and other service occupations,32,6,26
S01012278,7. Sales and customer service occupations,48,10,38
S01012278,8. Process plant and machine operatives,27,24,3
S01012278,9. Elementary occupations,42,23,19
S01012279,All people aged 16 to 74 in employment,393,211,182
S01012279,1. Managers directors and senior officials,36,25,11
S01012279,2. Professional occupations,42,17,25
S01012279,3. Associate professional and technical occupations,53,29,24
S01012279,4. Administrative and secretarial occupations,35,12,23
S01012279,5. Skilled trades occupations,59,53,6
S01012279,6. Caring leisure and other service occupations,36,8,28
S01012279,7. Sales and customer service occupations,48,12,36
S01012279,8. Process plant and machine operatives,36,31,5
S01012279,9. Elementary occupations,48,24,24
S01012280,All people aged 16 to 74 in employment,467,242,225
S01012280,1. Managers directors and senior officials,26,12,14
S01012280,2. Professional occupations,48,25,23
S01012280,3. Associate professional and technical occupations,32,23,9
S01012280,4. Administrative and secretarial occupations,51,7,44
S01012280,5. Skilled trades occupations,71,63,8
S01012280,6. Caring leisure and other service occupations,52,9,43
S01012280,7. Sales and customer service occupations,66,19,47
S01012280,8. Process plant and machine operatives,42,38,4
S01012280,9. Elementary occupations,79,46,33
S01012281,All people aged 16 to 74 in employment,395,207,188
S01012281,1. Managers directors and senior officials,30,19,11
S01012281,2. Professional occupations,41,10,31
S01012281,3. Associate professional and technical occupations,39,30,9
S01012281,4. Administrative and secretarial occupations,41,9,32
S01012281,5. Skilled trades occupations,73,70,3
S01012281,6. Caring leisure and other service occupations,49,8,41
S01012281,7. Sales and customer service occupations,53,15,38
S01012281,8. Process plant and machine operatives,25,22,3
S01012281,9. Elementary occupations,44,24,20
S01012282,All people aged 16 to 74 in employment,454,209,245
S01012282,1. Managers directors and senior officials,46,30,16
S01012282,2. Professional occupations,91,36,55
S01012282,3. Associate professional and technical occupations,50,31,19
S01012282,4. Administrative and secretarial occupations,54,7,47
S01012282,5. Skilled trades occupations,47,45,2
S01012282,6. Caring leisure and other service occupations,38,12,26
S01012282,7. Sales and customer service occupations,58,8,50
S01012282,8. Process plant and machine operatives,22,19,3
S01012282,9. Elementary occupations,48,21,27
S01012283,All people aged 16 to 74 in employment,434,222,212
S01012283,1. Managers directors and senior officials,62,49,13
S01012283,2. Professional occupations,75,28,47
S01012283,3. Associate professional and technical occupations,47,27,20
S01012283,4. Administrative and secretarial occupations,50,10,40
S01012283,5. Skilled trades occupations,48,44,4
S01012283,6. Caring leisure and other service occupations,49,7,42
S01012283,7. Sales and customer service occupations,42,18,24
S01012283,8. Process plant and machine operatives,19,15,4
S01012283,9. Elementary occupations,42,24,18
S01012284,All people aged 16 to 74 in employment,345,177,168
S01012284,1. Managers directors and senior officials,30,14,16
S01012284,2. Professional occupations,42,18,24
S01012284,3. Associate professional and technical occupations,28,17,11
S01012284,4. Administrative and secretarial occupations,40,18,22
S01012284,5. Skilled trades occupations,40,37,3
S01012284,6. Caring leisure and other service occupations,44,9,35
S01012284,7. Sales and customer service occupations,40,15,25
S01012284,8. Process plant and machine operatives,18,17,1
S01012284,9. Elementary occupations,63,32,31
S01012285,All people aged 16 to 74 in employment,257,132,125
S01012285,1. Managers directors and senior officials,18,11,7
S01012285,2. Professional occupations,59,25,34
S01012285,3. Associate professional and technical occupations,28,18,10
S01012285,4. Administrative and secretarial occupations,31,6,25
S01012285,5. Skilled trades occupations,30,29,1
S01012285,6. Caring leisure and other service occupations,22,4,18
S01012285,7. Sales and customer service occupations,28,6,22
S01012285,8. Process plant and machine operatives,23,20,3
S01012285,9. Elementary occupations,18,13,5
S01012286,All people aged 16 to 74 in employment,459,227,232
S01012286,1. Managers directors and senior officials,24,15,9
S01012286,2. Professional occupations,45,15,30
S01012286,3. Associate professional and technical occupations,52,27,25
S01012286,4. Administrative and secretarial occupations,34,8,26
S01012286,5. Skilled trades occupations,54,51,3
S01012286,6. Caring leisure and other service occupations,64,16,48
S01012286,7. Sales and customer service occupations,59,15,44
S01012286,8. Process plant and machine operatives,46,36,10
S01012286,9. Elementary occupations,81,44,37
S01012287,All people aged 16 to 74 in employment,373,186,187
S01012287,1. Managers directors and senior officials,15,7,8
S01012287,2. Professional occupations,21,8,13
S01012287,3. Associate professional and technical occupations,26,15,11
S01012287,4. Administrative and secretarial occupations,27,12,15
S01012287,5. Skilled trades occupations,48,42,6
S01012287,6. Caring leisure and other service occupations,40,7,33
S01012287,7. Sales and customer service occupations,65,19,46
S01012287,8. Process plant and machine operatives,44,35,9
S01012287,9. Elementary occupations,87,41,46
S01012288,All people aged 16 to 74 in employment,313,170,143
S01012288,1. Managers directors and senior officials,19,9,10
S01012288,2. Professional occupations,15,7,8
S01012288,3. Associate professional and technical occupations,14,10,4
S01012288,4. Administrative and secretarial occupations,19,4,15
S01012288,5. Skilled trades occupations,53,48,5
S01012288,6. Caring leisure and other service occupations,44,11,33
S01012288,7. Sales and customer service occupations,36,14,22
S01012288,8. Process plant and machine operatives,47,38,9
S01012288,9. Elementary occupations,66,29,37
S01012289,All people aged 16 to 74 in employment,357,178,179
S01012289,1. Managers directors and senior officials,52,33,19
S01012289,2. Professional occupations,126,53,73
S01012289,3. Associate professional and technical occupations,55,29,26
S01012289,4. Administrative and secretarial occupations,23,4,19
S01012289,5. Skilled trades occupations,36,33,3
S01012289,6. Caring leisure and other service occupations,20,4,16
S01012289,7. Sales and customer service occupations,10,3,7
S01012289,8. Process plant and machine operatives,6,3,3
S01012289,9. Elementary occupations,29,16,13
S01012290,All people aged 16 to 74 in employment,251,117,134
S01012290,1. Managers directors and senior officials,23,14,9
S01012290,2. Professional occupations,48,12,36
S01012290,3. Associate professional and technical occupations,24,13,11
S01012290,4. Administrative and secretarial occupations,22,1,21
S01012290,5. Skilled trades occupations,35,33,2
S01012290,6. Caring leisure and other service occupations,36,9,27
S01012290,7. Sales and customer service occupations,18,5,13
S01012290,8. Process plant and machine operatives,19,19,0
S01012290,9. Elementary occupations,26,11,15
S01012291,All people aged 16 to 74 in employment,477,229,248
S01012291,1. Managers directors and senior officials,51,29,22
S01012291,2. Professional occupations,138,51,87
S01012291,3. Associate professional and technical occupations,54,30,24
S01012291,4. Administrative and secretarial occupations,52,12,40
S01012291,5. Skilled trades occupations,51,47,4
S01012291,6. Caring leisure and other service occupations,36,5,31
S01012291,7. Sales and customer service occupations,29,10,19
S01012291,8. Process plant and machine operatives,23,21,2
S01012291,9. Elementary occupations,43,24,19
S01012292,All people aged 16 to 74 in employment,297,148,149
S01012292,1. Managers directors and senior officials,57,36,21
S01012292,2. Professional occupations,86,44,42
S01012292,3. Associate professional and technical occupations,36,20,16
S01012292,4. Administrative and secretarial occupations,31,4,27
S01012292,5. Skilled trades occupations,25,21,4
S01012292,6. Caring leisure and other service occupations,18,2,16
S01012292,7. Sales and customer service occupations,17,4,13
S01012292,8. Process plant and machine operatives,9,9,0
S01012292,9. Elementary occupations,18,8,10
S01012293,All people aged 16 to 74 in employment,227,111,116
S01012293,1. Managers directors and senior officials,23,13,10
S01012293,2. Professional occupations,50,20,30
S01012293,3. Associate professional and technical occupations,33,20,13
S01012293,4. Administrative and secretarial occupations,29,9,20
S01012293,5. Skilled trades occupations,22,20,2
S01012293,6. Caring leisure and other service occupations,22,4,18
S01012293,7. Sales and customer service occupations,16,3,13
S01012293,8. Process plant and machine operatives,10,9,1
S01012293,9. Elementary occupations,22,13,9
S01012294,All people aged 16 to 74 in employment,455,214,241
S01012294,1. Managers directors and senior officials,24,18,6
S01012294,2. Professional occupations,54,21,33
S01012294,3. Associate professional and technical occupations,55,33,22
S01012294,4. Administrative and secretarial occupations,68,12,56
S01012294,5. Skilled trades occupations,58,54,4
S01012294,6. Caring leisure and other service occupations,58,12,46
S01012294,7. Sales and customer service occupations,54,15,39
S01012294,8. Process plant and machine operatives,30,22,8
S01012294,9. Elementary occupations,54,27,27
S01012295,All people aged 16 to 74 in employment,399,187,212
S01012295,1. Managers directors and senior officials,34,22,12
S01012295,2. Professional occupations,76,31,45
S01012295,3. Associate professional and technical occupations,54,32,22
S01012295,4. Administrative and secretarial occupations,69,13,56
S01012295,5. Skilled trades occupations,53,50,3
S01012295,6. Caring leisure and other service occupations,36,2,34
S01012295,7. Sales and customer service occupations,29,9,20
S01012295,8. Process plant and machine operatives,21,14,7
S01012295,9. Elementary occupations,27,14,13
S01012296,All people aged 16 to 74 in employment,476,241,235
S01012296,1. Managers directors and senior officials,66,44,22
S01012296,2. Professional occupations,115,44,71
S01012296,3. Associate professional and technical occupations,64,40,24
S01012296,4. Administrative and secretarial occupations,45,9,36
S01012296,5. Skilled trades occupations,54,48,6
S01012296,6. Caring leisure and other service occupations,44,3,41
S01012296,7. Sales and customer service occupations,28,10,18
S01012296,8. Process plant and machine operatives,21,17,4
S01012296,9. Elementary occupations,39,26,13
S01012297,All people aged 16 to 74 in employment,324,175,149
S01012297,1. Managers directors and senior officials,54,31,23
S01012297,2. Professional occupations,73,31,42
S01012297,3. Associate professional and technical occupations,37,19,18
S01012297,4. Administrative and secretarial occupations,31,3,28
S01012297,5. Skilled trades occupations,68,55,13
S01012297,6. Caring leisure and other service occupations,9,0,9
S01012297,7. Sales and customer service occupations,9,3,6
S01012297,8. Process plant and machine operatives,15,13,2
S01012297,9. Elementary occupations,28,20,8
S01012298,All people aged 16 to 74 in employment,416,221,195
S01012298,1. Managers directors and senior officials,41,24,17
S01012298,2. Professional occupations,91,37,54
S01012298,3. Associate professional and technical occupations,54,36,18
S01012298,4. Administrative and secretarial occupations,41,6,35
S01012298,5. Skilled trades occupations,73,67,6
S01012298,6. Caring leisure and other service occupations,33,3,30
S01012298,7. Sales and customer service occupations,25,7,18
S01012298,8. Process plant and machine operatives,30,29,1
S01012298,9. Elementary occupations,28,12,16
S01012299,All people aged 16 to 74 in employment,352,179,173
S01012299,1. Managers directors and senior officials,38,23,15
S01012299,2. Professional occupations,85,35,50
S01012299,3. Associate professional and technical occupations,37,16,21
S01012299,4. Administrative and secretarial occupations,34,2,32
S01012299,5. Skilled trades occupations,69,53,16
S01012299,6. Caring leisure and other service occupations,24,7,17
S01012299,7. Sales and customer service occupations,12,4,8
S01012299,8. Process plant and machine operatives,14,13,1
S01012299,9. Elementary occupations,39,26,13
S01012300,All people aged 16 to 74 in employment,299,160,139
S01012300,1. Managers directors and senior officials,40,31,9
S01012300,2. Professional occupations,30,11,19
S01012300,3. Associate professional and technical occupations,30,12,18
S01012300,4. Administrative and secretarial occupations,24,4,20
S01012300,5. Skilled trades occupations,58,47,11
S01012300,6. Caring leisure and other service occupations,32,3,29
S01012300,7. Sales and customer service occupations,20,5,15
S01012300,8. Process plant and machine operatives,26,21,5
S01012300,9. Elementary occupations,39,26,13
S01012301,All people aged 16 to 74 in employment,477,262,215
S01012301,1. Managers directors and senior officials,52,30,22
S01012301,2. Professional occupations,81,37,44
S01012301,3. Associate professional and technical occupations,42,25,17
S01012301,4. Administrative and secretarial occupations,41,6,35
S01012301,5. Skilled trades occupations,97,84,13
S01012301,6. Caring leisure and other service occupations,57,8,49
S01012301,7. Sales and customer service occupations,14,4,10
S01012301,8. Process plant and machine operatives,45,40,5
S01012301,9. Elementary occupations,48,28,20
S01012302,All people aged 16 to 74 in employment,291,161,130
S01012302,1. Managers directors and senior officials,32,21,11
S01012302,2. Professional occupations,46,24,22
S01012302,3. Associate professional and technical occupations,31,12,19
S01012302,4. Administrative and secretarial occupations,29,3,26
S01012302,5. Skilled trades occupations,62,52,10
S01012302,6. Caring leisure and other service occupations,27,5,22
S01012302,7. Sales and customer service occupations,6,4,2
S01012302,8. Process plant and machine operatives,21,16,5
S01012302,9. Elementary occupations,37,24,13
S01012303,All people aged 16 to 74 in employment,468,254,214
S01012303,1. Managers directors and senior officials,58,37,21
S01012303,2. Professional occupations,92,36,56
S01012303,3. Associate professional and technical occupations,58,27,31
S01012303,4. Administrative and secretarial occupations,48,4,44
S01012303,5. Skilled trades occupations,88,76,12
S01012303,6. Caring leisure and other service occupations,31,7,24
S01012303,7. Sales and customer service occupations,14,5,9
S01012303,8. Process plant and machine operatives,24,20,4
S01012303,9. Elementary occupations,55,42,13
S01012304,All people aged 16 to 74 in employment,489,278,211
S01012304,1. Managers directors and senior officials,47,30,17
S01012304,2. Professional occupations,75,37,38
S01012304,3. Associate professional and technical occupations,44,24,20
S01012304,4. Administrative and secretarial occupations,44,5,39
S01012304,5. Skilled trades occupations,98,83,15
S01012304,6. Caring leisure and other service occupations,44,6,38
S01012304,7. Sales and customer service occupations,23,6,17
S01012304,8. Process plant and machine operatives,47,41,6
S01012304,9. Elementary occupations,67,46,21
S01012305,All people aged 16 to 74 in employment,302,167,135
S01012305,1. Managers directors and senior officials,35,22,13
S01012305,2. Professional occupations,46,23,23
S01012305,3. Associate professional and technical occupations,33,21,12
S01012305,4. Administrative and secretarial occupations,32,8,24
S01012305,5. Skilled trades occupations,47,44,3
S01012305,6. Caring leisure and other service occupations,29,4,25
S01012305,7. Sales and customer service occupations,18,2,16
S01012305,8. Process plant and machine operatives,32,24,8
S01012305,9. Elementary occupations,30,19,11
S01012306,All people aged 16 to 74 in employment,243,133,110
S01012306,1. Managers directors and senior officials,28,19,9
S01012306,2. Professional occupations,25,11,14
S01012306,3. Associate professional and technical occupations,11,8,3
S01012306,4. Administrative and secretarial occupations,17,1,16
S01012306,5. Skilled trades occupations,41,33,8
S01012306,6. Caring leisure and other service occupations,20,2,18
S01012306,7. Sales and customer service occupations,17,2,15
S01012306,8. Process plant and machine operatives,38,31,7
S01012306,9. Elementary occupations,46,26,20
S01012307,All people aged 16 to 74 in employment,291,166,125
S01012307,1. Managers directors and senior officials,27,22,5
S01012307,2. Professional occupations,38,17,21
S01012307,3. Associate professional and technical occupations,30,16,14
S01012307,4. Administrative and secretarial occupations,22,4,18
S01012307,5. Skilled trades occupations,48,42,6
S01012307,6. Caring leisure and other service occupations,24,2,22
S01012307,7. Sales and customer service occupations,12,2,10
S01012307,8. Process plant and machine operatives,38,31,7
S01012307,9. Elementary occupations,52,30,22
S01012308,All people aged 16 to 74 in employment,431,226,205
S01012308,1. Managers directors and senior officials,25,15,10
S01012308,2. Professional occupations,48,17,31
S01012308,3. Associate professional and technical occupations,38,22,16
S01012308,4. Administrative and secretarial occupations,40,7,33
S01012308,5. Skilled trades occupations,69,63,6
S01012308,6. Caring leisure and other service occupations,59,10,49
S01012308,7. Sales and customer service occupations,28,8,20
S01012308,8. Process plant and machine operatives,63,49,14
S01012308,9. Elementary occupations,61,35,26
S01012309,All people aged 16 to 74 in employment,254,127,127
S01012309,1. Managers directors and senior officials,22,16,6
S01012309,2. Professional occupations,36,16,20
S01012309,3. Associate professional and technical occupations,20,14,6
S01012309,4. Administrative and secretarial occupations,19,5,14
S01012309,5. Skilled trades occupations,42,35,7
S01012309,6. Caring leisure and other service occupations,32,3,29
S01012309,7. Sales and customer service occupations,18,4,14
S01012309,8. Process plant and machine operatives,18,16,2
S01012309,9. Elementary occupations,47,18,29
S01012310,All people aged 16 to 74 in employment,450,246,204
S01012310,1. Managers directors and senior officials,54,36,18
S01012310,2. Professional occupations,69,25,44
S01012310,3. Associate professional and technical occupations,51,32,19
S01012310,4. Administrative and secretarial occupations,32,1,31
S01012310,5. Skilled trades occupations,80,67,13
S01012310,6. Caring leisure and other service occupations,40,8,32
S01012310,7. Sales and customer service occupations,27,7,20
S01012310,8. Process plant and machine operatives,45,41,4
S01012310,9. Elementary occupations,52,29,23
S01012311,All people aged 16 to 74 in employment,227,125,102
S01012311,1. Managers directors and senior officials,31,20,11
S01012311,2. Professional occupations,34,11,23
S01012311,3. Associate professional and technical occupations,33,20,13
S01012311,4. Administrative and secretarial occupations,20,2,18
S01012311,5. Skilled trades occupations,39,35,4
S01012311,6. Caring leisure and other service occupations,17,4,13
S01012311,7. Sales and customer service occupations,12,4,8
S01012311,8. Process plant and machine operatives,21,18,3
S01012311,9. Elementary occupations,20,11,9
S01012312,All people aged 16 to 74 in employment,514,292,222
S01012312,1. Managers directors and senior officials,45,24,21
S01012312,2. Professional occupations,70,27,43
S01012312,3. Associate professional and technical occupations,53,38,15
S01012312,4. Administrative and secretarial occupations,47,7,40
S01012312,5. Skilled trades occupations,121,100,21
S01012312,6. Caring leisure and other service occupations,42,5,37
S01012312,7. Sales and customer service occupations,25,12,13
S01012312,8. Process plant and machine operatives,59,52,7
S01012312,9. Elementary occupations,52,27,25
S01012313,All people aged 16 to 74 in employment,396,214,182
S01012313,1. Managers directors and senior officials,45,31,14
S01012313,2. Professional occupations,60,24,36
S01012313,3. Associate professional and technical occupations,35,22,13
S01012313,4. Administrative and secretarial occupations,39,4,35
S01012313,5. Skilled trades occupations,80,61,19
S01012313,6. Caring leisure and other service occupations,37,6,31
S01012313,7. Sales and customer service occupations,16,4,12
S01012313,8. Process plant and machine operatives,39,37,2
S01012313,9. Elementary occupations,45,25,20
S01012314,All people aged 16 to 74 in employment,378,182,196
S01012314,1. Managers directors and senior officials,29,19,10
S01012314,2. Professional occupations,24,7,17
S01012314,3. Associate professional and technical occupations,18,13,5
S01012314,4. Administrative and secretarial occupations,25,3,22
S01012314,5. Skilled trades occupations,69,59,10
S01012314,6. Caring leisure and other service occupations,61,6,55
S01012314,7. Sales and customer service occupations,41,9,32
S01012314,8. Process plant and machine operatives,53,42,11
S01012314,9. Elementary occupations,58,24,34
S01012315,All people aged 16 to 74 in employment,299,161,138
S01012315,1. Managers directors and senior officials,31,23,8
S01012315,2. Professional occupations,26,9,17
S01012315,3. Associate professional and technical occupations,35,21,14
S01012315,4. Administrative and secretarial occupations,18,3,15
S01012315,5. Skilled trades occupations,59,48,11
S01012315,6. Caring leisure and other service occupations,41,8,33
S01012315,7. Sales and customer service occupations,24,9,15
S01012315,8. Process plant and machine operatives,30,22,8
S01012315,9. Elementary occupations,35,18,17
S01012316,All people aged 16 to 74 in employment,263,142,121
S01012316,1. Managers directors and senior officials,17,9,8
S01012316,2. Professional occupations,19,4,15
S01012316,3. Associate professional and technical occupations,18,12,6
S01012316,4. Administrative and secretarial occupations,11,0,11
S01012316,5. Skilled trades occupations,57,54,3
S01012316,6. Caring leisure and other service occupations,32,2,30
S01012316,7. Sales and customer service occupations,18,3,15
S01012316,8. Process plant and machine operatives,46,39,7
S01012316,9. Elementary occupations,45,19,26
S01012317,All people aged 16 to 74 in employment,238,124,114
S01012317,1. Managers directors and senior officials,29,22,7
S01012317,2. Professional occupations,26,7,19
S01012317,3. Associate professional and technical occupations,36,22,14
S01012317,4. Administrative and secretarial occupations,20,2,18
S01012317,5. Skilled trades occupations,37,31,6
S01012317,6. Caring leisure and other service occupations,23,2,21
S01012317,7. Sales and customer service occupations,21,6,15
S01012317,8. Process plant and machine operatives,21,18,3
S01012317,9. Elementary occupations,25,14,11
S01012318,All people aged 16 to 74 in employment,378,207,171
S01012318,1. Managers directors and senior officials,21,19,2
S01012318,2. Professional occupations,27,7,20
S01012318,3. Associate professional and technical occupations,29,21,8
S01012318,4. Administrative and secretarial occupations,17,2,15
S01012318,5. Skilled trades occupations,86,75,11
S01012318,6. Caring leisure and other service occupations,40,6,34
S01012318,7. Sales and customer service occupations,42,4,38
S01012318,8. Process plant and machine operatives,51,43,8
S01012318,9. Elementary occupations,65,30,35
S01012319,All people aged 16 to 74 in employment,414,230,184
S01012319,1. Managers directors and senior officials,35,20,15
S01012319,2. Professional occupations,64,23,41
S01012319,3. Associate professional and technical occupations,33,21,12
S01012319,4. Administrative and secretarial occupations,32,6,26
S01012319,5. Skilled trades occupations,89,74,15
S01012319,6. Caring leisure and other service occupations,34,3,31
S01012319,7. Sales and customer service occupations,16,7,9
S01012319,8. Process plant and machine operatives,45,38,7
S01012319,9. Elementary occupations,66,38,28
S01012320,All people aged 16 to 74 in employment,325,178,147
S01012320,1. Managers directors and senior officials,20,14,6
S01012320,2. Professional occupations,21,9,12
S01012320,3. Associate professional and technical occupations,27,17,10
S01012320,4. Administrative and secretarial occupations,25,4,21
S01012320,5. Skilled trades occupations,46,41,5
S01012320,6. Caring leisure and other service occupations,36,3,33
S01012320,7. Sales and customer service occupations,20,4,16
S01012320,8. Process plant and machine operatives,64,52,12
S01012320,9. Elementary occupations,66,34,32
S01012321,All people aged 16 to 74 in employment,316,171,145
S01012321,1. Managers directors and senior officials,28,22,6
S01012321,2. Professional occupations,36,15,21
S01012321,3. Associate professional and technical occupations,38,23,15
S01012321,4. Administrative and secretarial occupations,24,2,22
S01012321,5. Skilled trades occupations,41,37,4
S01012321,6. Caring leisure and other service occupations,32,4,28
S01012321,7. Sales and customer service occupations,23,5,18
S01012321,8. Process plant and machine operatives,58,49,9
S01012321,9. Elementary occupations,36,14,22
S01012322,All people aged 16 to 74 in employment,479,242,237
S01012322,1. Managers directors and senior officials,67,37,30
S01012322,2. Professional occupations,75,32,43
S01012322,3. Associate professional and technical occupations,66,34,32
S01012322,4. Administrative and secretarial occupations,55,9,46
S01012322,5. Skilled trades occupations,74,64,10
S01012322,6. Caring leisure and other service occupations,40,6,34
S01012322,7. Sales and customer service occupations,28,9,19
S01012322,8. Process plant and machine operatives,31,23,8
S01012322,9. Elementary occupations,43,28,15
S01012323,All people aged 16 to 74 in employment,406,235,171
S01012323,1. Managers directors and senior officials,54,35,19
S01012323,2. Professional occupations,69,33,36
S01012323,3. Associate professional and technical occupations,36,24,12
S01012323,4. Administrative and secretarial occupations,39,4,35
S01012323,5. Skilled trades occupations,84,72,12
S01012323,6. Caring leisure and other service occupations,34,7,27
S01012323,7. Sales and customer service occupations,22,12,10
S01012323,8. Process plant and machine operatives,29,24,5
S01012323,9. Elementary occupations,39,24,15
S01012324,All people aged 16 to 74 in employment,378,205,173
S01012324,1. Managers directors and senior officials,55,31,24
S01012324,2. Professional occupations,42,22,20
S01012324,3. Associate professional and technical occupations,39,20,19
S01012324,4. Administrative and secretarial occupations,22,2,20
S01012324,5. Skilled trades occupations,84,74,10
S01012324,6. Caring leisure and other service occupations,46,5,41
S01012324,7. Sales and customer service occupations,22,7,15
S01012324,8. Process plant and machine operatives,19,16,3
S01012324,9. Elementary occupations,49,28,21
S01012325,All people aged 16 to 74 in employment,197,102,95
S01012325,1. Managers directors and senior officials,17,10,7
S01012325,2. Professional occupations,17,10,7
S01012325,3. Associate professional and technical occupations,21,10,11
S01012325,4. Administrative and secretarial occupations,19,5,14
S01012325,5. Skilled trades occupations,28,22,6
S01012325,6. Caring leisure and other service occupations,17,5,12
S01012325,7. Sales and customer service occupations,24,12,12
S01012325,8. Process plant and machine operatives,30,19,11
S01012325,9. Elementary occupations,24,9,15
S01012326,All people aged 16 to 74 in employment,231,132,99
S01012326,1. Managers directors and senior officials,17,11,6
S01012326,2. Professional occupations,24,11,13
S01012326,3. Associate professional and technical occupations,16,11,5
S01012326,4. Administrative and secretarial occupations,25,3,22
S01012326,5. Skilled trades occupations,43,41,2
S01012326,6. Caring leisure and other service occupations,25,5,20
S01012326,7. Sales and customer service occupations,21,8,13
S01012326,8. Process plant and machine operatives,30,20,10
S01012326,9. Elementary occupations,30,22,8
S01012327,All people aged 16 to 74 in employment,359,187,172
S01012327,1. Managers directors and senior officials,25,17,8
S01012327,2. Professional occupations,29,12,17
S01012327,3. Associate professional and technical occupations,28,19,9
S01012327,4. Administrative and secretarial occupations,31,4,27
S01012327,5. Skilled trades occupations,78,69,9
S01012327,6. Caring leisure and other service occupations,53,8,45
S01012327,7. Sales and customer service occupations,32,11,21
S01012327,8. Process plant and machine operatives,33,25,8
S01012327,9. Elementary occupations,50,22,28
S01012328,All people aged 16 to 74 in employment,210,120,90
S01012328,1. Managers directors and senior officials,20,14,6
S01012328,2. Professional occupations,30,12,18
S01012328,3. Associate professional and technical occupations,38,26,12
S01012328,4. Administrative and secretarial occupations,22,1,21
S01012328,5. Skilled trades occupations,35,31,4
S01012328,6. Caring leisure and other service occupations,14,2,12
S01012328,7. Sales and customer service occupations,8,4,4
S01012328,8. Process plant and machine operatives,17,15,2
S01012328,9. Elementary occupations,26,15,11
S01012329,All people aged 16 to 74 in employment,383,206,177
S01012329,1. Managers directors and senior officials,36,23,13
S01012329,2. Professional occupations,52,18,34
S01012329,3. Associate professional and technical occupations,25,12,13
S01012329,4. Administrative and secretarial occupations,31,3,28
S01012329,5. Skilled trades occupations,113,93,20
S01012329,6. Caring leisure and other service occupations,34,6,28
S01012329,7. Sales and customer service occupations,16,3,13
S01012329,8. Process plant and machine operatives,24,19,5
S01012329,9. Elementary occupations,52,29,23
S01012330,All people aged 16 to 74 in employment,268,135,133
S01012330,1. Managers directors and senior officials,37,26,11
S01012330,2. Professional occupations,45,16,29
S01012330,3. Associate professional and technical occupations,23,16,7
S01012330,4. Administrative and secretarial occupations,34,5,29
S01012330,5. Skilled trades occupations,40,36,4
S01012330,6. Caring leisure and other service occupations,34,5,29
S01012330,7. Sales and customer service occupations,15,4,11
S01012330,8. Process plant and machine operatives,19,15,4
S01012330,9. Elementary occupations,21,12,9
S01012331,All people aged 16 to 74 in employment,341,169,172
S01012331,1. Managers directors and senior officials,37,25,12
S01012331,2. Professional occupations,70,18,52
S01012331,3. Associate professional and technical occupations,47,26,21
S01012331,4. Administrative and secretarial occupations,33,9,24
S01012331,5. Skilled trades occupations,51,49,2
S01012331,6. Caring leisure and other service occupations,18,1,17
S01012331,7. Sales and customer service occupations,25,5,20
S01012331,8. Process plant and machine operatives,21,17,4
S01012331,9. Elementary occupations,39,19,20
S01012332,All people aged 16 to 74 in employment,528,283,245
S01012332,1. Managers directors and senior officials,64,42,22
S01012332,2. Professional occupations,73,31,42
S01012332,3. Associate professional and technical occupations,60,35,25
S01012332,4. Administrative and secretarial occupations,50,4,46
S01012332,5. Skilled trades occupations,121,101,20
S01012332,6. Caring leisure and other service occupations,46,11,35
S01012332,7. Sales and customer service occupations,23,7,16
S01012332,8. Process plant and machine operatives,30,24,6
S01012332,9. Elementary occupations,61,28,33
S01012333,All people aged 16 to 74 in employment,470,246,224
S01012333,1. Managers directors and senior officials,54,30,24
S01012333,2. Professional occupations,65,19,46
S01012333,3. Associate professional and technical occupations,43,21,22
S01012333,4. Administrative and secretarial occupations,51,9,42
S01012333,5. Skilled trades occupations,101,89,12
S01012333,6. Caring leisure and other service occupations,39,6,33
S01012333,7. Sales and customer service occupations,30,9,21
S01012333,8. Process plant and machine operatives,41,35,6
S01012333,9. Elementary occupations,46,28,18
S01012334,All people aged 16 to 74 in employment,369,196,173
S01012334,1. Managers directors and senior officials,25,12,13
S01012334,2. Professional occupations,20,10,10
S01012334,3. Associate professional and technical occupations,34,23,11
S01012334,4. Administrative and secretarial occupations,32,4,28
S01012334,5. Skilled trades occupations,82,75,7
S01012334,6. Caring leisure and other service occupations,42,5,37
S01012334,7. Sales and customer service occupations,34,6,28
S01012334,8. Process plant and machine operatives,43,34,9
S01012334,9. Elementary occupations,57,27,30
S01012335,All people aged 16 to 74 in employment,564,283,281
S01012335,1. Managers directors and senior officials,44,30,14
S01012335,2. Professional occupations,60,17,43
S01012335,3. Associate professional and technical occupations,51,26,25
S01012335,4. Administrative and secretarial occupations,49,6,43
S01012335,5. Skilled trades occupations,106,99,7
S01012335,6. Caring leisure and other service occupations,75,11,64
S01012335,7. Sales and customer service occupations,53,12,41
S01012335,8. Process plant and machine operatives,49,43,6
S01012335,9. Elementary occupations,77,39,38
S01012336,All people aged 16 to 74 in employment,287,142,145
S01012336,1. Managers directors and senior officials,11,4,7
S01012336,2. Professional occupations,17,6,11
S01012336,3. Associate professional and technical occupations,26,15,11
S01012336,4. Administrative and secretarial occupations,17,3,14
S01012336,5. Skilled trades occupations,57,49,8
S01012336,6. Caring leisure and other service occupations,41,3,38
S01012336,7. Sales and customer service occupations,27,4,23
S01012336,8. Process plant and machine operatives,47,35,12
S01012336,9. Elementary occupations,44,23,21
S01012337,All people aged 16 to 74 in employment,354,178,176
S01012337,1. Managers directors and senior officials,18,8,10
S01012337,2. Professional occupations,27,9,18
S01012337,3. Associate professional and technical occupations,29,18,11
S01012337,4. Administrative and secretarial occupations,30,5,25
S01012337,5. Skilled trades occupations,70,63,7
S01012337,6. Caring leisure and other service occupations,54,5,49
S01012337,7. Sales and customer service occupations,31,10,21
S01012337,8. Process plant and machine operatives,45,37,8
S01012337,9. Elementary occupations,50,23,27
S01012338,All people aged 16 to 74 in employment,321,174,147
S01012338,1. Managers directors and senior officials,33,20,13
S01012338,2. Professional occupations,50,22,28
S01012338,3. Associate professional and technical occupations,33,21,12
S01012338,4. Administrative and secretarial occupations,29,3,26
S01012338,5. Skilled trades occupations,56,43,13
S01012338,6. Caring leisure and other service occupations,24,9,15
S01012338,7. Sales and customer service occupations,23,7,16
S01012338,8. Process plant and machine operatives,27,21,6
S01012338,9. Elementary occupations,46,28,18
S01012339,All people aged 16 to 74 in employment,269,140,129
S01012339,1. Managers directors and senior officials,30,17,13
S01012339,2. Professional occupations,51,18,33
S01012339,3. Associate professional and technical occupations,22,16,6
S01012339,4. Administrative and secretarial occupations,24,2,22
S01012339,5. Skilled trades occupations,45,38,7
S01012339,6. Caring leisure and other service occupations,27,3,24
S01012339,7. Sales and customer service occupations,16,7,9
S01012339,8. Process plant and machine operatives,16,15,1
S01012339,9. Elementary occupations,38,24,14
S01012340,All people aged 16 to 74 in employment,451,220,231
S01012340,1. Managers directors and senior officials,40,26,14
S01012340,2. Professional occupations,60,20,40
S01012340,3. Associate professional and technical occupations,43,27,16
S01012340,4. Administrative and secretarial occupations,44,11,33
S01012340,5. Skilled trades occupations,61,57,4
S01012340,6. Caring leisure and other service occupations,50,7,43
S01012340,7. Sales and customer service occupations,44,9,35
S01012340,8. Process plant and machine operatives,40,32,8
S01012340,9. Elementary occupations,69,31,38
S01012341,All people aged 16 to 74 in employment,543,285,258
S01012341,1. Managers directors and senior officials,73,48,25
S01012341,2. Professional occupations,66,27,39
S01012341,3. Associate professional and technical occupations,50,26,24
S01012341,4. Administrative and secretarial occupations,59,10,49
S01012341,5. Skilled trades occupations,130,104,26
S01012341,6. Caring leisure and other service occupations,53,10,43
S01012341,7. Sales and customer service occupations,23,4,19
S01012341,8. Process plant and machine operatives,28,19,9
S01012341,9. Elementary occupations,61,37,24
S01012342,All people aged 16 to 74 in employment,444,224,220
S01012342,1. Managers directors and senior officials,41,26,15
S01012342,2. Professional occupations,65,22,43
S01012342,3. Associate professional and technical occupations,49,27,22
S01012342,4. Administrative and secretarial occupations,44,6,38
S01012342,5. Skilled trades occupations,85,75,10
S01012342,6. Caring leisure and other service occupations,49,6,43
S01012342,7. Sales and customer service occupations,28,6,22
S01012342,8. Process plant and machine operatives,36,30,6
S01012342,9. Elementary occupations,47,26,21
S01012343,All people aged 16 to 74 in employment,510,281,229
S01012343,1. Managers directors and senior officials,68,39,29
S01012343,2. Professional occupations,73,31,42
S01012343,3. Associate professional and technical occupations,58,33,25
S01012343,4. Administrative and secretarial occupations,53,9,44
S01012343,5. Skilled trades occupations,110,94,16
S01012343,6. Caring leisure and other service occupations,41,9,32
S01012343,7. Sales and customer service occupations,25,6,19
S01012343,8. Process plant and machine operatives,22,20,2
S01012343,9. Elementary occupations,60,40,20
S01012344,All people aged 16 to 74 in employment,300,147,153
S01012344,1. Managers directors and senior officials,18,8,10
S01012344,2. Professional occupations,35,12,23
S01012344,3. Associate professional and technical occupations,26,16,10
S01012344,4. Administrative and secretarial occupations,36,4,32
S01012344,5. Skilled trades occupations,42,39,3
S01012344,6. Caring leisure and other service occupations,40,6,34
S01012344,7. Sales and customer service occupations,24,6,18
S01012344,8. Process plant and machine operatives,35,32,3
S01012344,9. Elementary occupations,44,24,20
S01012345,All people aged 16 to 74 in employment,359,191,168
S01012345,1. Managers directors and senior officials,38,24,14
S01012345,2. Professional occupations,48,17,31
S01012345,3. Associate professional and technical occupations,31,19,12
S01012345,4. Administrative and secretarial occupations,46,7,39
S01012345,5. Skilled trades occupations,66,59,7
S01012345,6. Caring leisure and other service occupations,36,7,29
S01012345,7. Sales and customer service occupations,21,8,13
S01012345,8. Process plant and machine operatives,33,30,3
S01012345,9. Elementary occupations,40,20,20
S01012346,All people aged 16 to 74 in employment,409,232,177
S01012346,1. Managers directors and senior officials,52,34,18
S01012346,2. Professional occupations,75,28,47
S01012346,3. Associate professional and technical occupations,40,26,14
S01012346,4. Administrative and secretarial occupations,35,7,28
S01012346,5. Skilled trades occupations,88,78,10
S01012346,6. Caring leisure and other service occupations,34,5,29
S01012346,7. Sales and customer service occupations,14,7,7
S01012346,8. Process plant and machine operatives,28,25,3
S01012346,9. Elementary occupations,43,22,21
S01012347,All people aged 16 to 74 in employment,359,179,180
S01012347,1. Managers directors and senior officials,37,24,13
S01012347,2. Professional occupations,54,24,30
S01012347,3. Associate professional and technical occupations,39,19,20
S01012347,4. Administrative and secretarial occupations,55,14,41
S01012347,5. Skilled trades occupations,49,46,3
S01012347,6. Caring leisure and other service occupations,32,3,29
S01012347,7. Sales and customer service occupations,24,6,18
S01012347,8. Process plant and machine operatives,28,23,5
S01012347,9. Elementary occupations,41,20,21
S01012348,All people aged 16 to 74 in employment,317,150,167
S01012348,1. Managers directors and senior officials,35,18,17
S01012348,2. Professional occupations,74,34,40
S01012348,3. Associate professional and technical occupations,52,27,25
S01012348,4. Administrative and secretarial occupations,38,5,33
S01012348,5. Skilled trades occupations,37,31,6
S01012348,6. Caring leisure and other service occupations,29,4,25
S01012348,7. Sales and customer service occupations,11,4,7
S01012348,8. Process plant and machine operatives,20,18,2
S01012348,9. Elementary occupations,21,9,12
S01012349,All people aged 16 to 74 in employment,430,217,213
S01012349,1. Managers directors and senior officials,28,18,10
S01012349,2. Professional occupations,22,6,16
S01012349,3. Associate professional and technical occupations,23,11,12
S01012349,4. Administrative and secretarial occupations,36,3,33
S01012349,5. Skilled trades occupations,82,73,9
S01012349,6. Caring leisure and other service occupations,53,3,50
S01012349,7. Sales and customer service occupations,38,5,33
S01012349,8. Process plant and machine operatives,70,54,16
S01012349,9. Elementary occupations,78,44,34
S01012350,All people aged 16 to 74 in employment,332,176,156
S01012350,1. Managers directors and senior officials,36,24,12
S01012350,2. Professional occupations,28,10,18
S01012350,3. Associate professional and technical occupations,29,21,8
S01012350,4. Administrative and secretarial occupations,30,5,25
S01012350,5. Skilled trades occupations,52,49,3
S01012350,6. Caring leisure and other service occupations,41,2,39
S01012350,7. Sales and customer service occupations,29,4,25
S01012350,8. Process plant and machine operatives,40,34,6
S01012350,9. Elementary occupations,47,27,20
S01012351,All people aged 16 to 74 in employment,403,203,200
S01012351,1. Managers directors and senior officials,28,15,13
S01012351,2. Professional occupations,31,14,17
S01012351,3. Associate professional and technical occupations,27,12,15
S01012351,4. Administrative and secretarial occupations,35,3,32
S01012351,5. Skilled trades occupations,82,73,9
S01012351,6. Caring leisure and other service occupations,53,7,46
S01012351,7. Sales and customer service occupations,37,5,32
S01012351,8. Process plant and machine operatives,50,40,10
S01012351,9. Elementary occupations,60,34,26
S01012352,All people aged 16 to 74 in employment,342,181,161
S01012352,1. Managers directors and senior officials,43,29,14
S01012352,2. Professional occupations,46,19,27
S01012352,3. Associate professional and technical occupations,22,12,10
S01012352,4. Administrative and secretarial occupations,33,4,29
S01012352,5. Skilled trades occupations,49,45,4
S01012352,6. Caring leisure and other service occupations,43,8,35
S01012352,7. Sales and customer service occupations,20,4,16
S01012352,8. Process plant and machine operatives,41,32,9
S01012352,9. Elementary occupations,45,28,17
S01012353,All people aged 16 to 74 in employment,366,189,177
S01012353,1. Managers directors and senior officials,36,24,12
S01012353,2. Professional occupations,52,19,33
S01012353,3. Associate professional and technical occupations,31,14,17
S01012353,4. Administrative and secretarial occupations,35,11,24
S01012353,5. Skilled trades occupations,51,48,3
S01012353,6. Caring leisure and other service occupations,48,15,33
S01012353,7. Sales and customer service occupations,33,12,21
S01012353,8. Process plant and machine operatives,35,26,9
S01012353,9. Elementary occupations,45,20,25
S01012354,All people aged 16 to 74 in employment,335,181,154
S01012354,1. Managers directors and senior officials,32,18,14
S01012354,2. Professional occupations,30,10,20
S01012354,3. Associate professional and technical occupations,37,22,15
S01012354,4. Administrative and secretarial occupations,21,4,17
S01012354,5. Skilled trades occupations,66,57,9
S01012354,6. Caring leisure and other service occupations,40,7,33
S01012354,7. Sales and customer service occupations,17,5,12
S01012354,8. Process plant and machine operatives,36,28,8
S01012354,9. Elementary occupations,56,30,26
S01012355,All people aged 16 to 74 in employment,487,278,209
S01012355,1. Managers directors and senior officials,48,28,20
S01012355,2. Professional occupations,64,29,35
S01012355,3. Associate professional and technical occupations,64,38,26
S01012355,4. Administrative and secretarial occupations,39,6,33
S01012355,5. Skilled trades occupations,132,107,25
S01012355,6. Caring leisure and other service occupations,39,6,33
S01012355,7. Sales and customer service occupations,20,8,12
S01012355,8. Process plant and machine operatives,18,12,6
S01012355,9. Elementary occupations,63,44,19
S01012356,All people aged 16 to 74 in employment,296,144,152
S01012356,1. Managers directors and senior officials,29,16,13
S01012356,2. Professional occupations,40,14,26
S01012356,3. Associate professional and technical occupations,32,17,15
S01012356,4. Administrative and secretarial occupations,36,3,33
S01012356,5. Skilled trades occupations,57,50,7
S01012356,6. Caring leisure and other service occupations,20,1,19
S01012356,7. Sales and customer service occupations,18,5,13
S01012356,8. Process plant and machine operatives,28,17,11
S01012356,9. Elementary occupations,36,21,15
S01012357,All people aged 16 to 74 in employment,439,224,215
S01012357,1. Managers directors and senior officials,50,37,13
S01012357,2. Professional occupations,74,23,51
S01012357,3. Associate professional and technical occupations,44,32,12
S01012357,4. Administrative and secretarial occupations,47,6,41
S01012357,5. Skilled trades occupations,81,68,13
S01012357,6. Caring leisure and other service occupations,45,3,42
S01012357,7. Sales and customer service occupations,29,11,18
S01012357,8. Process plant and machine operatives,29,19,10
S01012357,9. Elementary occupations,40,25,15
S01012358,All people aged 16 to 74 in employment,389,210,179
S01012358,1. Managers directors and senior officials,48,32,16
S01012358,2. Professional occupations,52,21,31
S01012358,3. Associate professional and technical occupations,34,19,15
S01012358,4. Administrative and secretarial occupations,31,3,28
S01012358,5. Skilled trades occupations,103,79,24
S01012358,6. Caring leisure and other service occupations,38,5,33
S01012358,7. Sales and customer service occupations,17,1,16
S01012358,8. Process plant and machine operatives,26,19,7
S01012358,9. Elementary occupations,40,31,9
S01012359,All people aged 16 to 74 in employment,313,160,153
S01012359,1. Managers directors and senior officials,15,9,6
S01012359,2. Professional occupations,15,4,11
S01012359,3. Associate professional and technical occupations,23,17,6
S01012359,4. Administrative and secretarial occupations,21,1,20
S01012359,5. Skilled trades occupations,51,41,10
S01012359,6. Caring leisure and other service occupations,48,7,41
S01012359,7. Sales and customer service occupations,32,11,21
S01012359,8. Process plant and machine operatives,55,39,16
S01012359,9. Elementary occupations,53,31,22
S01012360,All people aged 16 to 74 in employment,316,159,157
S01012360,1. Managers directors and senior officials,22,12,10
S01012360,2. Professional occupations,17,12,5
S01012360,3. Associate professional and technical occupations,11,8,3
S01012360,4. Administrative and secretarial occupations,14,4,10
S01012360,5. Skilled trades occupations,46,35,11
S01012360,6. Caring leisure and other service occupations,45,5,40
S01012360,7. Sales and customer service occupations,38,8,30
S01012360,8. Process plant and machine operatives,56,33,23
S01012360,9. Elementary occupations,67,42,25
S01012361,All people aged 16 to 74 in employment,237,118,119
S01012361,1. Managers directors and senior officials,9,4,5
S01012361,2. Professional occupations,14,5,9
S01012361,3. Associate professional and technical occupations,14,8,6
S01012361,4. Administrative and secretarial occupations,6,0,6
S01012361,5. Skilled trades occupations,52,42,10
S01012361,6. Caring leisure and other service occupations,35,6,29
S01012361,7. Sales and customer service occupations,34,10,24
S01012361,8. Process plant and machine operatives,34,17,17
S01012361,9. Elementary occupations,39,26,13
S01012362,All people aged 16 to 74 in employment,308,150,158
S01012362,1. Managers directors and senior officials,13,6,7
S01012362,2. Professional occupations,16,6,10
S01012362,3. Associate professional and technical occupations,17,9,8
S01012362,4. Administrative and secretarial occupations,17,3,14
S01012362,5. Skilled trades occupations,37,31,6
S01012362,6. Caring leisure and other service occupations,34,3,31
S01012362,7. Sales and customer service occupations,33,13,20
S01012362,8. Process plant and machine operatives,67,40,27
S01012362,9. Elementary occupations,74,39,35
S01012363,All people aged 16 to 74 in employment,400,222,178
S01012363,1. Managers directors and senior officials,32,22,10
S01012363,2. Professional occupations,43,23,20
S01012363,3. Associate professional and technical occupations,33,18,15
S01012363,4. Administrative and secretarial occupations,31,3,28
S01012363,5. Skilled trades occupations,73,57,16
S01012363,6. Caring leisure and other service occupations,43,9,34
S01012363,7. Sales and customer service occupations,41,16,25
S01012363,8. Process plant and machine operatives,61,46,15
S01012363,9. Elementary occupations,43,28,15
S01012364,All people aged 16 to 74 in employment,318,165,153
S01012364,1. Managers directors and senior officials,29,17,12
S01012364,2. Professional occupations,27,9,18
S01012364,3. Associate professional and technical occupations,32,17,15
S01012364,4. Administrative and secretarial occupations,27,5,22
S01012364,5. Skilled trades occupations,51,43,8
S01012364,6. Caring leisure and other service occupations,36,9,27
S01012364,7. Sales and customer service occupations,33,11,22
S01012364,8. Process plant and machine operatives,50,32,18
S01012364,9. Elementary occupations,33,22,11
S01012365,All people aged 16 to 74 in employment,492,258,234
S01012365,1. Managers directors and senior officials,37,26,11
S01012365,2. Professional occupations,68,18,50
S01012365,3. Associate professional and technical occupations,41,23,18
S01012365,4. Administrative and secretarial occupations,56,7,49
S01012365,5. Skilled trades occupations,102,92,10
S01012365,6. Caring leisure and other service occupations,44,7,37
S01012365,7. Sales and customer service occupations,47,17,30
S01012365,8. Process plant and machine operatives,50,37,13
S01012365,9. Elementary occupations,47,31,16
S01012366,All people aged 16 to 74 in employment,433,220,213
S01012366,1. Managers directors and senior officials,49,25,24
S01012366,2. Professional occupations,46,14,32
S01012366,3. Associate professional and technical occupations,32,16,16
S01012366,4. Administrative and secretarial occupations,44,9,35
S01012366,5. Skilled trades occupations,66,61,5
S01012366,6. Caring leisure and other service occupations,39,6,33
S01012366,7. Sales and customer service occupations,51,16,35
S01012366,8. Process plant and machine operatives,43,28,15
S01012366,9. Elementary occupations,63,45,18
S01012367,All people aged 16 to 74 in employment,442,242,200
S01012367,1. Managers directors and senior officials,36,25,11
S01012367,2. Professional occupations,43,21,22
S01012367,3. Associate professional and technical occupations,55,35,20
S01012367,4. Administrative and secretarial occupations,57,10,47
S01012367,5. Skilled trades occupations,70,60,10
S01012367,6. Caring leisure and other service occupations,54,12,42
S01012367,7. Sales and customer service occupations,30,13,17
S01012367,8. Process plant and machine operatives,60,43,17
S01012367,9. Elementary occupations,37,23,14
S01012368,All people aged 16 to 74 in employment,275,139,136
S01012368,1. Managers directors and senior officials,37,29,8
S01012368,2. Professional occupations,40,13,27
S01012368,3. Associate professional and technical occupations,28,14,14
S01012368,4. Administrative and secretarial occupations,36,4,32
S01012368,5. Skilled trades occupations,36,30,6
S01012368,6. Caring leisure and other service occupations,32,5,27
S01012368,7. Sales and customer service occupations,20,10,10
S01012368,8. Process plant and machine operatives,22,18,4
S01012368,9. Elementary occupations,24,16,8
S01012369,All people aged 16 to 74 in employment,417,213,204
S01012369,1. Managers directors and senior officials,42,34,8
S01012369,2. Professional occupations,60,21,39
S01012369,3. Associate professional and technical occupations,35,24,11
S01012369,4. Administrative and secretarial occupations,43,4,39
S01012369,5. Skilled trades occupations,75,63,12
S01012369,6. Caring leisure and other service occupations,44,5,39
S01012369,7. Sales and customer service occupations,40,14,26
S01012369,8. Process plant and machine operatives,50,31,19
S01012369,9. Elementary occupations,28,17,11
S01012370,All people aged 16 to 74 in employment,445,235,210
S01012370,1. Managers directors and senior officials,23,18,5
S01012370,2. Professional occupations,52,19,33
S01012370,3. Associate professional and technical occupations,39,26,13
S01012370,4. Administrative and secretarial occupations,30,7,23
S01012370,5. Skilled trades occupations,79,64,15
S01012370,6. Caring leisure and other service occupations,62,10,52
S01012370,7. Sales and customer service occupations,37,11,26
S01012370,8. Process plant and machine operatives,56,34,22
S01012370,9. Elementary occupations,67,46,21
S01012371,All people aged 16 to 74 in employment,410,215,195
S01012371,1. Managers directors and senior officials,27,14,13
S01012371,2. Professional occupations,37,12,25
S01012371,3. Associate professional and technical occupations,41,25,16
S01012371,4. Administrative and secretarial occupations,35,5,30
S01012371,5. Skilled trades occupations,72,55,17
S01012371,6. Caring leisure and other service occupations,58,14,44
S01012371,7. Sales and customer service occupations,36,17,19
S01012371,8. Process plant and machine operatives,43,31,12
S01012371,9. Elementary occupations,61,42,19
S01012372,All people aged 16 to 74 in employment,343,186,157
S01012372,1. Managers directors and senior officials,17,12,5
S01012372,2. Professional occupations,25,8,17
S01012372,3. Associate professional and technical occupations,21,13,8
S01012372,4. Administrative and secretarial occupations,30,5,25
S01012372,5. Skilled trades occupations,66,56,10
S01012372,6. Caring leisure and other service occupations,40,7,33
S01012372,7. Sales and customer service occupations,45,15,30
S01012372,8. Process plant and machine operatives,57,35,22
S01012372,9. Elementary occupations,42,35,7
S01012373,All people aged 16 to 74 in employment,460,238,222
S01012373,1. Managers directors and senior officials,32,25,7
S01012373,2. Professional occupations,45,13,32
S01012373,3. Associate professional and technical occupations,50,31,19
S01012373,4. Administrative and secretarial occupations,52,11,41
S01012373,5. Skilled trades occupations,62,56,6
S01012373,6. Caring leisure and other service occupations,61,14,47
S01012373,7. Sales and customer service occupations,43,14,29
S01012373,8. Process plant and machine operatives,65,42,23
S01012373,9. Elementary occupations,50,32,18
S01012374,All people aged 16 to 74 in employment,466,234,232
S01012374,1. Managers directors and senior officials,27,19,8
S01012374,2. Professional occupations,38,12,26
S01012374,3. Associate professional and technical occupations,33,19,14
S01012374,4. Administrative and secretarial occupations,42,7,35
S01012374,5. Skilled trades occupations,67,59,8
S01012374,6. Caring leisure and other service occupations,79,14,65
S01012374,7. Sales and customer service occupations,46,18,28
S01012374,8. Process plant and machine operatives,73,48,25
S01012374,9. Elementary occupations,61,38,23
S01012375,All people aged 16 to 74 in employment,434,214,220
S01012375,1. Managers directors and senior officials,26,18,8
S01012375,2. Professional occupations,32,8,24
S01012375,3. Associate professional and technical occupations,39,28,11
S01012375,4. Administrative and secretarial occupations,38,5,33
S01012375,5. Skilled trades occupations,64,53,11
S01012375,6. Caring leisure and other service occupations,45,9,36
S01012375,7. Sales and customer service occupations,47,10,37
S01012375,8. Process plant and machine operatives,82,47,35
S01012375,9. Elementary occupations,61,36,25
S01012376,All people aged 16 to 74 in employment,499,243,256
S01012376,1. Managers directors and senior officials,57,35,22
S01012376,2. Professional occupations,104,41,63
S01012376,3. Associate professional and technical occupations,51,24,27
S01012376,4. Administrative and secretarial occupations,42,6,36
S01012376,5. Skilled trades occupations,97,74,23
S01012376,6. Caring leisure and other service occupations,41,11,30
S01012376,7. Sales and customer service occupations,26,5,21
S01012376,8. Process plant and machine operatives,25,25,0
S01012376,9. Elementary occupations,56,22,34
S01012377,All people aged 16 to 74 in employment,367,199,168
S01012377,1. Managers directors and senior officials,33,24,9
S01012377,2. Professional occupations,84,42,42
S01012377,3. Associate professional and technical occupations,49,29,20
S01012377,4. Administrative and secretarial occupations,32,6,26
S01012377,5. Skilled trades occupations,64,49,15
S01012377,6. Caring leisure and other service occupations,35,5,30
S01012377,7. Sales and customer service occupations,23,8,15
S01012377,8. Process plant and machine operatives,14,13,1
S01012377,9. Elementary occupations,33,23,10
S01012378,All people aged 16 to 74 in employment,295,161,134
S01012378,1. Managers directors and senior officials,36,22,14
S01012378,2. Professional occupations,38,16,22
S01012378,3. Associate professional and technical occupations,31,15,16
S01012378,4. Administrative and secretarial occupations,24,6,18
S01012378,5. Skilled trades occupations,71,55,16
S01012378,6. Caring leisure and other service occupations,25,7,18
S01012378,7. Sales and customer service occupations,15,2,13
S01012378,8. Process plant and machine operatives,17,14,3
S01012378,9. Elementary occupations,38,24,14
S01012379,All people aged 16 to 74 in employment,241,128,113
S01012379,1. Managers directors and senior officials,31,19,12
S01012379,2. Professional occupations,36,12,24
S01012379,3. Associate professional and technical occupations,37,18,19
S01012379,4. Administrative and secretarial occupations,20,5,15
S01012379,5. Skilled trades occupations,50,43,7
S01012379,6. Caring leisure and other service occupations,15,3,12
S01012379,7. Sales and customer service occupations,10,3,7
S01012379,8. Process plant and machine operatives,13,9,4
S01012379,9. Elementary occupations,29,16,13
S01012380,All people aged 16 to 74 in employment,453,223,230
S01012380,1. Managers directors and senior officials,33,13,20
S01012380,2. Professional occupations,61,26,35
S01012380,3. Associate professional and technical occupations,36,18,18
S01012380,4. Administrative and secretarial occupations,41,6,35
S01012380,5. Skilled trades occupations,73,63,10
S01012380,6. Caring leisure and other service occupations,60,7,53
S01012380,7. Sales and customer service occupations,49,18,31
S01012380,8. Process plant and machine operatives,41,34,7
S01012380,9. Elementary occupations,59,38,21
S01012381,All people aged 16 to 74 in employment,348,180,168
S01012381,1. Managers directors and senior officials,26,14,12
S01012381,2. Professional occupations,42,16,26
S01012381,3. Associate professional and technical occupations,32,18,14
S01012381,4. Administrative and secretarial occupations,40,9,31
S01012381,5. Skilled trades occupations,48,39,9
S01012381,6. Caring leisure and other service occupations,37,6,31
S01012381,7. Sales and customer service occupations,45,17,28
S01012381,8. Process plant and machine operatives,31,31,0
S01012381,9. Elementary occupations,47,30,17
S01012382,All people aged 16 to 74 in employment,503,260,243
S01012382,1. Managers directors and senior officials,40,24,16
S01012382,2. Professional occupations,101,38,63
S01012382,3. Associate professional and technical occupations,65,45,20
S01012382,4. Administrative and secretarial occupations,71,15,56
S01012382,5. Skilled trades occupations,71,65,6
S01012382,6. Caring leisure and other service occupations,49,8,41
S01012382,7. Sales and customer service occupations,40,14,26
S01012382,8. Process plant and machine operatives,25,24,1
S01012382,9. Elementary occupations,41,27,14
S01012383,All people aged 16 to 74 in employment,390,199,191
S01012383,1. Managers directors and senior officials,32,18,14
S01012383,2. Professional occupations,51,25,26
S01012383,3. Associate professional and technical occupations,35,16,19
S01012383,4. Administrative and secretarial occupations,59,8,51
S01012383,5. Skilled trades occupations,57,54,3
S01012383,6. Caring leisure and other service occupations,41,5,36
S01012383,7. Sales and customer service occupations,35,12,23
S01012383,8. Process plant and machine operatives,42,39,3
S01012383,9. Elementary occupations,38,22,16
S01012384,All people aged 16 to 74 in employment,248,134,114
S01012384,1. Managers directors and senior officials,23,15,8
S01012384,2. Professional occupations,42,20,22
S01012384,3. Associate professional and technical occupations,30,20,10
S01012384,4. Administrative and secretarial occupations,27,3,24
S01012384,5. Skilled trades occupations,37,34,3
S01012384,6. Caring leisure and other service occupations,21,3,18
S01012384,7. Sales and customer service occupations,30,11,19
S01012384,8. Process plant and machine operatives,18,15,3
S01012384,9. Elementary occupations,20,13,7
S01012385,All people aged 16 to 74 in employment,397,207,190
S01012385,1. Managers directors and senior officials,34,24,10
S01012385,2. Professional occupations,85,41,44
S01012385,3. Associate professional and technical occupations,44,21,23
S01012385,4. Administrative and secretarial occupations,39,7,32
S01012385,5. Skilled trades occupations,56,53,3
S01012385,6. Caring leisure and other service occupations,45,9,36
S01012385,7. Sales and customer service occupations,34,14,20
S01012385,8. Process plant and machine operatives,21,18,3
S01012385,9. Elementary occupations,39,20,19
S01012386,All people aged 16 to 74 in employment,432,224,208
S01012386,1. Managers directors and senior officials,24,16,8
S01012386,2. Professional occupations,42,12,30
S01012386,3. Associate professional and technical occupations,31,18,13
S01012386,4. Administrative and secretarial occupations,42,17,25
S01012386,5. Skilled trades occupations,65,62,3
S01012386,6. Caring leisure and other service occupations,64,11,53
S01012386,7. Sales and customer service occupations,56,20,36
S01012386,8. Process plant and machine operatives,43,35,8
S01012386,9. Elementary occupations,65,33,32
S01012387,All people aged 16 to 74 in employment,527,278,249
S01012387,1. Managers directors and senior officials,37,25,12
S01012387,2. Professional occupations,66,27,39
S01012387,3. Associate professional and technical occupations,61,36,25
S01012387,4. Administrative and secretarial occupations,43,10,33
S01012387,5. Skilled trades occupations,100,88,12
S01012387,6. Caring leisure and other service occupations,79,16,63
S01012387,7. Sales and customer service occupations,37,9,28
S01012387,8. Process plant and machine operatives,51,43,8
S01012387,9. Elementary occupations,53,24,29
S01012388,All people aged 16 to 74 in employment,407,215,192
S01012388,1. Managers directors and senior officials,33,19,14
S01012388,2. Professional occupations,87,43,44
S01012388,3. Associate professional and technical occupations,51,29,22
S01012388,4. Administrative and secretarial occupations,28,7,21
S01012388,5. Skilled trades occupations,72,64,8
S01012388,6. Caring leisure and other service occupations,43,11,32
S01012388,7. Sales and customer service occupations,27,3,24
S01012388,8. Process plant and machine operatives,30,24,6
S01012388,9. Elementary occupations,36,15,21
S01012389,All people aged 16 to 74 in employment,487,256,231
S01012389,1. Managers directors and senior officials,42,28,14
S01012389,2. Professional occupations,65,23,42
S01012389,3. Associate professional and technical occupations,65,38,27
S01012389,4. Administrative and secretarial occupations,41,6,35
S01012389,5. Skilled trades occupations,86,77,9
S01012389,6. Caring leisure and other service occupations,60,13,47
S01012389,7. Sales and customer service occupations,33,8,25
S01012389,8. Process plant and machine operatives,38,35,3
S01012389,9. Elementary occupations,57,28,29
S01012390,All people aged 16 to 74 in employment,445,239,206
S01012390,1. Managers directors and senior officials,30,12,18
S01012390,2. Professional occupations,71,31,40
S01012390,3. Associate professional and technical occupations,41,23,18
S01012390,4. Administrative and secretarial occupations,46,4,42
S01012390,5. Skilled trades occupations,92,88,4
S01012390,6. Caring leisure and other service occupations,58,8,50
S01012390,7. Sales and customer service occupations,27,10,17
S01012390,8. Process plant and machine operatives,36,34,2
S01012390,9. Elementary occupations,44,29,15
S01012391,All people aged 16 to 74 in employment,595,309,286
S01012391,1. Managers directors and senior officials,58,33,25
S01012391,2. Professional occupations,102,45,57
S01012391,3. Associate professional and technical occupations,77,50,27
S01012391,4. Administrative and secretarial occupations,72,14,58
S01012391,5. Skilled trades occupations,91,86,5
S01012391,6. Caring leisure and other service occupations,76,17,59
S01012391,7. Sales and customer service occupations,31,6,25
S01012391,8. Process plant and machine operatives,47,43,4
S01012391,9. Elementary occupations,41,15,26
S01012392,All people aged 16 to 74 in employment,432,224,208
S01012392,1. Managers directors and senior officials,44,29,15
S01012392,2. Professional occupations,65,27,38
S01012392,3. Associate professional and technical occupations,52,32,20
S01012392,4. Administrative and secretarial occupations,47,5,42
S01012392,5. Skilled trades occupations,66,63,3
S01012392,6. Caring leisure and other service occupations,58,9,49
S01012392,7. Sales and customer service occupations,36,16,20
S01012392,8. Process plant and machine operatives,22,21,1
S01012392,9. Elementary occupations,42,22,20
S01012393,All people aged 16 to 74 in employment,530,277,253
S01012393,1. Managers directors and senior officials,48,29,19
S01012393,2. Professional occupations,57,24,33
S01012393,3. Associate professional and technical occupations,69,44,25
S01012393,4. Administrative and secretarial occupations,59,8,51
S01012393,5. Skilled trades occupations,88,83,5
S01012393,6. Caring leisure and other service occupations,69,10,59
S01012393,7. Sales and customer service occupations,33,10,23
S01012393,8. Process plant and machine operatives,42,40,2
S01012393,9. Elementary occupations,65,29,36
S01012394,All people aged 16 to 74 in employment,342,167,175
S01012394,1. Managers directors and senior officials,20,10,10
S01012394,2. Professional occupations,29,13,16
S01012394,3. Associate professional and technical occupations,33,23,10
S01012394,4. Administrative and secretarial occupations,29,3,26
S01012394,5. Skilled trades occupations,46,39,7
S01012394,6. Caring leisure and other service occupations,44,9,35
S01012394,7. Sales and customer service occupations,37,9,28
S01012394,8. Process plant and machine operatives,31,30,1
S01012394,9. Elementary occupations,73,31,42
S01012395,All people aged 16 to 74 in employment,343,177,166
S01012395,1. Managers directors and senior officials,20,15,5
S01012395,2. Professional occupations,46,13,33
S01012395,3. Associate professional and technical occupations,37,27,10
S01012395,4. Administrative and secretarial occupations,32,3,29
S01012395,5. Skilled trades occupations,44,38,6
S01012395,6. Caring leisure and other service occupations,56,14,42
S01012395,7. Sales and customer service occupations,23,8,15
S01012395,8. Process plant and machine operatives,38,37,1
S01012395,9. Elementary occupations,47,22,25
S01012396,All people aged 16 to 74 in employment,338,181,157
S01012396,1. Managers directors and senior officials,25,13,12
S01012396,2. Professional occupations,49,18,31
S01012396,3. Associate professional and technical occupations,37,28,9
S01012396,4. Administrative and secretarial occupations,35,4,31
S01012396,5. Skilled trades occupations,61,57,4
S01012396,6. Caring leisure and other service occupations,48,12,36
S01012396,7. Sales and customer service occupations,17,6,11
S01012396,8. Process plant and machine operatives,30,26,4
S01012396,9. Elementary occupations,36,17,19
S01012397,All people aged 16 to 74 in employment,455,240,215
S01012397,1. Managers directors and senior officials,34,24,10
S01012397,2. Professional occupations,71,26,45
S01012397,3. Associate professional and technical occupations,56,35,21
S01012397,4. Administrative and secretarial occupations,40,7,33
S01012397,5. Skilled trades occupations,72,59,13
S01012397,6. Caring leisure and other service occupations,52,6,46
S01012397,7. Sales and customer service occupations,28,9,19
S01012397,8. Process plant and machine operatives,54,48,6
S01012397,9. Elementary occupations,48,26,22
S01012398,All people aged 16 to 74 in employment,540,299,241
S01012398,1. Managers directors and senior officials,46,31,15
S01012398,2. Professional occupations,84,41,43
S01012398,3. Associate professional and technical occupations,61,40,21
S01012398,4. Administrative and secretarial occupations,55,13,42
S01012398,5. Skilled trades occupations,97,87,10
S01012398,6. Caring leisure and other service occupations,54,11,43
S01012398,7. Sales and customer service occupations,43,13,30
S01012398,8. Process plant and machine operatives,25,22,3
S01012398,9. Elementary occupations,75,41,34
S01012399,All people aged 16 to 74 in employment,341,175,166
S01012399,1. Managers directors and senior officials,16,7,9
S01012399,2. Professional occupations,32,13,19
S01012399,3. Associate professional and technical occupations,26,18,8
S01012399,4. Administrative and secretarial occupations,35,9,26
S01012399,5. Skilled trades occupations,57,50,7
S01012399,6. Caring leisure and other service occupations,50,7,43
S01012399,7. Sales and customer service occupations,27,12,15
S01012399,8. Process plant and machine operatives,27,24,3
S01012399,9. Elementary occupations,71,35,36
S01012400,All people aged 16 to 74 in employment,359,199,160
S01012400,1. Managers directors and senior officials,18,12,6
S01012400,2. Professional occupations,19,8,11
S01012400,3. Associate professional and technical occupations,32,23,9
S01012400,4. Administrative and secretarial occupations,24,2,22
S01012400,5. Skilled trades occupations,75,64,11
S01012400,6. Caring leisure and other service occupations,56,13,43
S01012400,7. Sales and customer service occupations,35,8,27
S01012400,8. Process plant and machine operatives,49,44,5
S01012400,9. Elementary occupations,51,25,26
S01012401,All people aged 16 to 74 in employment,468,257,211
S01012401,1. Managers directors and senior officials,29,21,8
S01012401,2. Professional occupations,43,13,30
S01012401,3. Associate professional and technical occupations,30,21,9
S01012401,4. Administrative and secretarial occupations,57,14,43
S01012401,5. Skilled trades occupations,93,81,12
S01012401,6. Caring leisure and other service occupations,61,12,49
S01012401,7. Sales and customer service occupations,22,5,17
S01012401,8. Process plant and machine operatives,50,44,6
S01012401,9. Elementary occupations,83,46,37
S01012402,All people aged 16 to 74 in employment,278,145,133
S01012402,1. Managers directors and senior officials,26,13,13
S01012402,2. Professional occupations,32,14,18
S01012402,3. Associate professional and technical occupations,30,18,12
S01012402,4. Administrative and secretarial occupations,28,1,27
S01012402,5. Skilled trades occupations,54,48,6
S01012402,6. Caring leisure and other service occupations,44,5,39
S01012402,7. Sales and customer service occupations,8,1,7
S01012402,8. Process plant and machine operatives,34,34,0
S01012402,9. Elementary occupations,22,11,11
S01012403,All people aged 16 to 74 in employment,650,340,310
S01012403,1. Managers directors and senior officials,40,26,14
S01012403,2. Professional occupations,103,38,65
S01012403,3. Associate professional and technical occupations,61,41,20
S01012403,4. Administrative and secretarial occupations,67,9,58
S01012403,5. Skilled trades occupations,145,126,19
S01012403,6. Caring leisure and other service occupations,85,7,78
S01012403,7. Sales and customer service occupations,32,12,20
S01012403,8. Process plant and machine operatives,48,43,5
S01012403,9. Elementary occupations,69,38,31
S01012404,All people aged 16 to 74 in employment,558,300,258
S01012404,1. Managers directors and senior officials,41,29,12
S01012404,2. Professional occupations,65,25,40
S01012404,3. Associate professional and technical occupations,51,26,25
S01012404,4. Administrative and secretarial occupations,59,11,48
S01012404,5. Skilled trades occupations,125,104,21
S01012404,6. Caring leisure and other service occupations,73,13,60
S01012404,7. Sales and customer service occupations,30,8,22
S01012404,8. Process plant and machine operatives,61,54,7
S01012404,9. Elementary occupations,53,30,23
S01012405,All people aged 16 to 74 in employment,426,222,204
S01012405,1. Managers directors and senior officials,45,32,13
S01012405,2. Professional occupations,64,22,42
S01012405,3. Associate professional and technical occupations,52,34,18
S01012405,4. Administrative and secretarial occupations,48,2,46
S01012405,5. Skilled trades occupations,72,68,4
S01012405,6. Caring leisure and other service occupations,53,2,51
S01012405,7. Sales and customer service occupations,18,5,13
S01012405,8. Process plant and machine operatives,46,43,3
S01012405,9. Elementary occupations,28,14,14
S01012406,All people aged 16 to 74 in employment,338,185,153
S01012406,1. Managers directors and senior officials,21,14,7
S01012406,2. Professional occupations,50,18,32
S01012406,3. Associate professional and technical occupations,34,23,11
S01012406,4. Administrative and secretarial occupations,35,4,31
S01012406,5. Skilled trades occupations,72,67,5
S01012406,6. Caring leisure and other service occupations,36,5,31
S01012406,7. Sales and customer service occupations,21,3,18
S01012406,8. Process plant and machine operatives,28,26,2
S01012406,9. Elementary occupations,41,25,16
S01012407,All people aged 16 to 74 in employment,460,245,215
S01012407,1. Managers directors and senior officials,34,24,10
S01012407,2. Professional occupations,68,25,43
S01012407,3. Associate professional and technical occupations,41,28,13
S01012407,4. Administrative and secretarial occupations,41,6,35
S01012407,5. Skilled trades occupations,102,93,9
S01012407,6. Caring leisure and other service occupations,62,6,56
S01012407,7. Sales and customer service occupations,31,6,25
S01012407,8. Process plant and machine operatives,35,32,3
S01012407,9. Elementary occupations,46,25,21
S01012408,All people aged 16 to 74 in employment,352,187,165
S01012408,1. Managers directors and senior officials,29,14,15
S01012408,2. Professional occupations,44,20,24
S01012408,3. Associate professional and technical occupations,30,21,9
S01012408,4. Administrative and secretarial occupations,46,2,44
S01012408,5. Skilled trades occupations,76,65,11
S01012408,6. Caring leisure and other service occupations,37,6,31
S01012408,7. Sales and customer service occupations,14,2,12
S01012408,8. Process plant and machine operatives,41,38,3
S01012408,9. Elementary occupations,35,19,16
S01012409,All people aged 16 to 74 in employment,377,204,173
S01012409,1. Managers directors and senior officials,22,15,7
S01012409,2. Professional occupations,47,16,31
S01012409,3. Associate professional and technical occupations,34,22,12
S01012409,4. Administrative and secretarial occupations,28,4,24
S01012409,5. Skilled trades occupations,98,86,12
S01012409,6. Caring leisure and other service occupations,52,7,45
S01012409,7. Sales and customer service occupations,17,1,16
S01012409,8. Process plant and machine operatives,40,27,13
S01012409,9. Elementary occupations,39,26,13
S01012410,All people aged 16 to 74 in employment,629,336,293
S01012410,1. Managers directors and senior officials,54,33,21
S01012410,2. Professional occupations,80,42,38
S01012410,3. Associate professional and technical occupations,71,52,19
S01012410,4. Administrative and secretarial occupations,51,6,45
S01012410,5. Skilled trades occupations,106,90,16
S01012410,6. Caring leisure and other service occupations,81,7,74
S01012410,7. Sales and customer service occupations,28,5,23
S01012410,8. Process plant and machine operatives,68,64,4
S01012410,9. Elementary occupations,90,37,53
S01012411,All people aged 16 to 74 in employment,539,300,239
S01012411,1. Managers directors and senior officials,23,17,6
S01012411,2. Professional occupations,48,17,31
S01012411,3. Associate professional and technical occupations,55,40,15
S01012411,4. Administrative and secretarial occupations,49,2,47
S01012411,5. Skilled trades occupations,102,84,18
S01012411,6. Caring leisure and other service occupations,70,13,57
S01012411,7. Sales and customer service occupations,24,12,12
S01012411,8. Process plant and machine operatives,79,74,5
S01012411,9. Elementary occupations,89,41,48
S01012412,All people aged 16 to 74 in employment,364,189,175
S01012412,1. Managers directors and senior officials,14,7,7
S01012412,2. Professional occupations,46,20,26
S01012412,3. Associate professional and technical occupations,28,16,12
S01012412,4. Administrative and secretarial occupations,36,6,30
S01012412,5. Skilled trades occupations,78,65,13
S01012412,6. Caring leisure and other service occupations,39,2,37
S01012412,7. Sales and customer service occupations,28,5,23
S01012412,8. Process plant and machine operatives,40,38,2
S01012412,9. Elementary occupations,55,30,25
S01012413,All people aged 16 to 74 in employment,482,264,218
S01012413,1. Managers directors and senior officials,32,21,11
S01012413,2. Professional occupations,60,21,39
S01012413,3. Associate professional and technical occupations,56,40,16
S01012413,4. Administrative and secretarial occupations,31,2,29
S01012413,5. Skilled trades occupations,101,85,16
S01012413,6. Caring leisure and other service occupations,62,6,56
S01012413,7. Sales and customer service occupations,19,3,16
S01012413,8. Process plant and machine operatives,65,55,10
S01012413,9. Elementary occupations,56,31,25
S01012414,All people aged 16 to 74 in employment,344,187,157
S01012414,1. Managers directors and senior officials,20,12,8
S01012414,2. Professional occupations,43,15,28
S01012414,3. Associate professional and technical occupations,23,12,11
S01012414,4. Administrative and secretarial occupations,22,2,20
S01012414,5. Skilled trades occupations,90,75,15
S01012414,6. Caring leisure and other service occupations,58,8,50
S01012414,7. Sales and customer service occupations,11,1,10
S01012414,8. Process plant and machine operatives,39,38,1
S01012414,9. Elementary occupations,38,24,14
S01012415,All people aged 16 to 74 in employment,274,154,120
S01012415,1. Managers directors and senior officials,11,7,4
S01012415,2. Professional occupations,28,5,23
S01012415,3. Associate professional and technical occupations,24,18,6
S01012415,4. Administrative and secretarial occupations,19,3,16
S01012415,5. Skilled trades occupations,83,75,8
S01012415,6. Caring leisure and other service occupations,36,4,32
S01012415,7. Sales and customer service occupations,15,1,14
S01012415,8. Process plant and machine operatives,34,31,3
S01012415,9. Elementary occupations,24,10,14
S01012416,All people aged 16 to 74 in employment,281,156,125
S01012416,1. Managers directors and senior officials,10,5,5
S01012416,2. Professional occupations,36,10,26
S01012416,3. Associate professional and technical occupations,30,21,9
S01012416,4. Administrative and secretarial occupations,19,4,15
S01012416,5. Skilled trades occupations,78,73,5
S01012416,6. Caring leisure and other service occupations,36,2,34
S01012416,7. Sales and customer service occupations,12,3,9
S01012416,8. Process plant and machine operatives,32,24,8
S01012416,9. Elementary occupations,28,14,14
S01012417,All people aged 16 to 74 in employment,262,136,126
S01012417,1. Managers directors and senior officials,17,10,7
S01012417,2. Professional occupations,24,8,16
S01012417,3. Associate professional and technical occupations,13,6,7
S01012417,4. Administrative and secretarial occupations,33,5,28
S01012417,5. Skilled trades occupations,56,51,5
S01012417,6. Caring leisure and other service occupations,28,5,23
S01012417,7. Sales and customer service occupations,16,2,14
S01012417,8. Process plant and machine operatives,22,17,5
S01012417,9. Elementary occupations,53,32,21
S01012418,All people aged 16 to 74 in employment,373,214,159
S01012418,1. Managers directors and senior officials,38,23,15
S01012418,2. Professional occupations,28,12,16
S01012418,3. Associate professional and technical occupations,19,10,9
S01012418,4. Administrative and secretarial occupations,38,3,35
S01012418,5. Skilled trades occupations,106,90,16
S01012418,6. Caring leisure and other service occupations,30,5,25
S01012418,7. Sales and customer service occupations,25,3,22
S01012418,8. Process plant and machine operatives,34,33,1
S01012418,9. Elementary occupations,55,35,20
S01012419,All people aged 16 to 74 in employment,342,194,148
S01012419,1. Managers directors and senior officials,28,15,13
S01012419,2. Professional occupations,44,20,24
S01012419,3. Associate professional and technical occupations,33,15,18
S01012419,4. Administrative and secretarial occupations,29,4,25
S01012419,5. Skilled trades occupations,96,82,14
S01012419,6. Caring leisure and other service occupations,33,5,28
S01012419,7. Sales and customer service occupations,13,6,7
S01012419,8. Process plant and machine operatives,23,20,3
S01012419,9. Elementary occupations,43,27,16
S01012420,All people aged 16 to 74 in employment,382,199,183
S01012420,1. Managers directors and senior officials,22,13,9
S01012420,2. Professional occupations,27,13,14
S01012420,3. Associate professional and technical occupations,21,12,9
S01012420,4. Administrative and secretarial occupations,35,1,34
S01012420,5. Skilled trades occupations,71,61,10
S01012420,6. Caring leisure and other service occupations,50,11,39
S01012420,7. Sales and customer service occupations,24,3,21
S01012420,8. Process plant and machine operatives,70,49,21
S01012420,9. Elementary occupations,62,36,26
S01012421,All people aged 16 to 74 in employment,351,182,169
S01012421,1. Managers directors and senior officials,38,14,24
S01012421,2. Professional occupations,39,14,25
S01012421,3. Associate professional and technical occupations,23,16,7
S01012421,4. Administrative and secretarial occupations,34,4,30
S01012421,5. Skilled trades occupations,88,75,13
S01012421,6. Caring leisure and other service occupations,37,7,30
S01012421,7. Sales and customer service occupations,16,3,13
S01012421,8. Process plant and machine operatives,25,24,1
S01012421,9. Elementary occupations,51,25,26
S01012422,All people aged 16 to 74 in employment,405,217,188
S01012422,1. Managers directors and senior officials,51,33,18
S01012422,2. Professional occupations,50,21,29
S01012422,3. Associate professional and technical occupations,33,19,14
S01012422,4. Administrative and secretarial occupations,41,1,40
S01012422,5. Skilled trades occupations,94,82,12
S01012422,6. Caring leisure and other service occupations,44,8,36
S01012422,7. Sales and customer service occupations,18,4,14
S01012422,8. Process plant and machine operatives,32,28,4
S01012422,9. Elementary occupations,42,21,21
S01012423,All people aged 16 to 74 in employment,391,201,190
S01012423,1. Managers directors and senior officials,34,17,17
S01012423,2. Professional occupations,50,17,33
S01012423,3. Associate professional and technical occupations,39,26,13
S01012423,4. Administrative and secretarial occupations,41,3,38
S01012423,5. Skilled trades occupations,89,74,15
S01012423,6. Caring leisure and other service occupations,49,9,40
S01012423,7. Sales and customer service occupations,17,8,9
S01012423,8. Process plant and machine operatives,28,24,4
S01012423,9. Elementary occupations,44,23,21
S01012424,All people aged 16 to 74 in employment,423,200,223
S01012424,1. Managers directors and senior officials,18,7,11
S01012424,2. Professional occupations,34,12,22
S01012424,3. Associate professional and technical occupations,34,19,15
S01012424,4. Administrative and secretarial occupations,40,2,38
S01012424,5. Skilled trades occupations,55,51,4
S01012424,6. Caring leisure and other service occupations,59,6,53
S01012424,7. Sales and customer service occupations,32,7,25
S01012424,8. Process plant and machine operatives,80,62,18
S01012424,9. Elementary occupations,71,34,37
S01012425,All people aged 16 to 74 in employment,190,92,98
S01012425,1. Managers directors and senior officials,6,4,2
S01012425,2. Professional occupations,11,2,9
S01012425,3. Associate professional and technical occupations,15,8,7
S01012425,4. Administrative and secretarial occupations,12,1,11
S01012425,5. Skilled trades occupations,28,27,1
S01012425,6. Caring leisure and other service occupations,22,1,21
S01012425,7. Sales and customer service occupations,19,5,14
S01012425,8. Process plant and machine operatives,30,22,8
S01012425,9. Elementary occupations,47,22,25
S01012426,All people aged 16 to 74 in employment,168,75,93
S01012426,1. Managers directors and senior officials,2,1,1
S01012426,2. Professional occupations,6,0,6
S01012426,3. Associate professional and technical occupations,11,6,5
S01012426,4. Administrative and secretarial occupations,15,1,14
S01012426,5. Skilled trades occupations,25,21,4
S01012426,6. Caring leisure and other service occupations,30,6,24
S01012426,7. Sales and customer service occupations,15,1,14
S01012426,8. Process plant and machine operatives,27,22,5
S01012426,9. Elementary occupations,37,17,20
S01012427,All people aged 16 to 74 in employment,248,121,127
S01012427,1. Managers directors and senior officials,11,4,7
S01012427,2. Professional occupations,14,4,10
S01012427,3. Associate professional and technical occupations,10,7,3
S01012427,4. Administrative and secretarial occupations,16,1,15
S01012427,5. Skilled trades occupations,28,26,2
S01012427,6. Caring leisure and other service occupations,39,6,33
S01012427,7. Sales and customer service occupations,30,8,22
S01012427,8. Process plant and machine operatives,43,37,6
S01012427,9. Elementary occupations,57,28,29
S01012428,All people aged 16 to 74 in employment,292,142,150
S01012428,1. Managers directors and senior officials,13,8,5
S01012428,2. Professional occupations,21,7,14
S01012428,3. Associate professional and technical occupations,19,13,6
S01012428,4. Administrative and secretarial occupations,30,5,25
S01012428,5. Skilled trades occupations,42,37,5
S01012428,6. Caring leisure and other service occupations,55,11,44
S01012428,7. Sales and customer service occupations,25,6,19
S01012428,8. Process plant and machine operatives,44,35,9
S01012428,9. Elementary occupations,43,20,23
S01012429,All people aged 16 to 74 in employment,204,101,103
S01012429,1. Managers directors and senior officials,15,7,8
S01012429,2. Professional occupations,22,4,18
S01012429,3. Associate professional and technical occupations,19,12,7
S01012429,4. Administrative and secretarial occupations,23,5,18
S01012429,5. Skilled trades occupations,34,29,5
S01012429,6. Caring leisure and other service occupations,35,10,25
S01012429,7. Sales and customer service occupations,15,4,11
S01012429,8. Process plant and machine operatives,21,18,3
S01012429,9. Elementary occupations,20,12,8
S01012430,All people aged 16 to 74 in employment,249,116,133
S01012430,1. Managers directors and senior officials,17,9,8
S01012430,2. Professional occupations,36,8,28
S01012430,3. Associate professional and technical occupations,24,15,9
S01012430,4. Administrative and secretarial occupations,29,5,24
S01012430,5. Skilled trades occupations,25,24,1
S01012430,6. Caring leisure and other service occupations,30,7,23
S01012430,7. Sales and customer service occupations,20,5,15
S01012430,8. Process plant and machine operatives,26,24,2
S01012430,9. Elementary occupations,42,19,23
S01012431,All people aged 16 to 74 in employment,376,191,185
S01012431,1. Managers directors and senior officials,40,24,16
S01012431,2. Professional occupations,61,27,34
S01012431,3. Associate professional and technical occupations,41,21,20
S01012431,4. Administrative and secretarial occupations,28,3,25
S01012431,5. Skilled trades occupations,47,42,5
S01012431,6. Caring leisure and other service occupations,61,14,47
S01012431,7. Sales and customer service occupations,26,6,20
S01012431,8. Process plant and machine operatives,33,29,4
S01012431,9. Elementary occupations,39,25,14
S01012432,All people aged 16 to 74 in employment,252,123,129
S01012432,1. Managers directors and senior officials,17,7,10
S01012432,2. Professional occupations,32,9,23
S01012432,3. Associate professional and technical occupations,22,14,8
S01012432,4. Administrative and secretarial occupations,29,7,22
S01012432,5. Skilled trades occupations,36,32,4
S01012432,6. Caring leisure and other service occupations,33,9,24
S01012432,7. Sales and customer service occupations,23,5,18
S01012432,8. Process plant and machine operatives,27,25,2
S01012432,9. Elementary occupations,33,15,18
S01012433,All people aged 16 to 74 in employment,235,128,107
S01012433,1. Managers directors and senior officials,12,8,4
S01012433,2. Professional occupations,19,8,11
S01012433,3. Associate professional and technical occupations,20,11,9
S01012433,4. Administrative and secretarial occupations,24,2,22
S01012433,5. Skilled trades occupations,34,26,8
S01012433,6. Caring leisure and other service occupations,36,6,30
S01012433,7. Sales and customer service occupations,16,5,11
S01012433,8. Process plant and machine operatives,35,31,4
S01012433,9. Elementary occupations,39,31,8
S01012434,All people aged 16 to 74 in employment,309,154,155
S01012434,1. Managers directors and senior officials,24,14,10
S01012434,2. Professional occupations,25,9,16
S01012434,3. Associate professional and technical occupations,33,20,13
S01012434,4. Administrative and secretarial occupations,26,3,23
S01012434,5. Skilled trades occupations,55,47,8
S01012434,6. Caring leisure and other service occupations,54,11,43
S01012434,7. Sales and customer service occupations,25,7,18
S01012434,8. Process plant and machine operatives,29,24,5
S01012434,9. Elementary occupations,38,19,19
S01012435,All people aged 16 to 74 in employment,285,140,145
S01012435,1. Managers directors and senior officials,21,6,15
S01012435,2. Professional occupations,23,11,12
S01012435,3. Associate professional and technical occupations,20,13,7
S01012435,4. Administrative and secretarial occupations,28,4,24
S01012435,5. Skilled trades occupations,41,37,4
S01012435,6. Caring leisure and other service occupations,51,7,44
S01012435,7. Sales and customer service occupations,33,9,24
S01012435,8. Process plant and machine operatives,27,23,4
S01012435,9. Elementary occupations,41,30,11
S01012436,All people aged 16 to 74 in employment,299,154,145
S01012436,1. Managers directors and senior officials,15,8,7
S01012436,2. Professional occupations,24,9,15
S01012436,3. Associate professional and technical occupations,26,14,12
S01012436,4. Administrative and secretarial occupations,24,4,20
S01012436,5. Skilled trades occupations,59,56,3
S01012436,6. Caring leisure and other service occupations,46,6,40
S01012436,7. Sales and customer service occupations,21,3,18
S01012436,8. Process plant and machine operatives,31,26,5
S01012436,9. Elementary occupations,53,28,25
S01012437,All people aged 16 to 74 in employment,335,167,168
S01012437,1. Managers directors and senior officials,19,10,9
S01012437,2. Professional occupations,22,10,12
S01012437,3. Associate professional and technical occupations,31,14,17
S01012437,4. Administrative and secretarial occupations,33,4,29
S01012437,5. Skilled trades occupations,59,55,4
S01012437,6. Caring leisure and other service occupations,52,9,43
S01012437,7. Sales and customer service occupations,29,7,22
S01012437,8. Process plant and machine operatives,43,36,7
S01012437,9. Elementary occupations,47,22,25
S01012438,All people aged 16 to 74 in employment,310,162,148
S01012438,1. Managers directors and senior officials,28,18,10
S01012438,2. Professional occupations,43,11,32
S01012438,3. Associate professional and technical occupations,32,21,11
S01012438,4. Administrative and secretarial occupations,32,4,28
S01012438,5. Skilled trades occupations,57,50,7
S01012438,6. Caring leisure and other service occupations,31,5,26
S01012438,7. Sales and customer service occupations,17,6,11
S01012438,8. Process plant and machine operatives,26,24,2
S01012438,9. Elementary occupations,44,23,21
S01012439,All people aged 16 to 74 in employment,299,150,149
S01012439,1. Managers directors and senior officials,13,9,4
S01012439,2. Professional occupations,33,15,18
S01012439,3. Associate professional and technical occupations,37,20,17
S01012439,4. Administrative and secretarial occupations,39,3,36
S01012439,5. Skilled trades occupations,56,54,2
S01012439,6. Caring leisure and other service occupations,28,2,26
S01012439,7. Sales and customer service occupations,32,8,24
S01012439,8. Process plant and machine operatives,26,25,1
S01012439,9. Elementary occupations,35,14,21
S01012440,All people aged 16 to 74 in employment,267,140,127
S01012440,1. Managers directors and senior officials,26,13,13
S01012440,2. Professional occupations,46,18,28
S01012440,3. Associate professional and technical occupations,38,22,16
S01012440,4. Administrative and secretarial occupations,28,3,25
S01012440,5. Skilled trades occupations,46,44,2
S01012440,6. Caring leisure and other service occupations,22,2,20
S01012440,7. Sales and customer service occupations,16,5,11
S01012440,8. Process plant and machine operatives,17,14,3
S01012440,9. Elementary occupations,28,19,9
S01012441,All people aged 16 to 74 in employment,458,230,228
S01012441,1. Managers directors and senior officials,40,24,16
S01012441,2. Professional occupations,85,31,54
S01012441,3. Associate professional and technical occupations,49,19,30
S01012441,4. Administrative and secretarial occupations,45,4,41
S01012441,5. Skilled trades occupations,97,87,10
S01012441,6. Caring leisure and other service occupations,51,8,43
S01012441,7. Sales and customer service occupations,18,7,11
S01012441,8. Process plant and machine operatives,26,25,1
S01012441,9. Elementary occupations,47,25,22
S01012442,All people aged 16 to 74 in employment,484,250,234
S01012442,1. Managers directors and senior officials,62,42,20
S01012442,2. Professional occupations,99,40,59
S01012442,3. Associate professional and technical occupations,69,43,26
S01012442,4. Administrative and secretarial occupations,46,3,43
S01012442,5. Skilled trades occupations,72,61,11
S01012442,6. Caring leisure and other service occupations,36,7,29
S01012442,7. Sales and customer service occupations,38,12,26
S01012442,8. Process plant and machine operatives,27,25,2
S01012442,9. Elementary occupations,35,17,18
S01012443,All people aged 16 to 74 in employment,398,211,187
S01012443,1. Managers directors and senior officials,50,37,13
S01012443,2. Professional occupations,57,22,35
S01012443,3. Associate professional and technical occupations,51,28,23
S01012443,4. Administrative and secretarial occupations,38,6,32
S01012443,5. Skilled trades occupations,69,61,8
S01012443,6. Caring leisure and other service occupations,41,9,32
S01012443,7. Sales and customer service occupations,19,3,16
S01012443,8. Process plant and machine operatives,25,22,3
S01012443,9. Elementary occupations,48,23,25
S01012444,All people aged 16 to 74 in employment,329,173,156
S01012444,1. Managers directors and senior officials,45,29,16
S01012444,2. Professional occupations,83,37,46
S01012444,3. Associate professional and technical occupations,45,30,15
S01012444,4. Administrative and secretarial occupations,37,13,24
S01012444,5. Skilled trades occupations,27,24,3
S01012444,6. Caring leisure and other service occupations,36,9,27
S01012444,7. Sales and customer service occupations,14,8,6
S01012444,8. Process plant and machine operatives,13,11,2
S01012444,9. Elementary occupations,29,12,17
S01012445,All people aged 16 to 74 in employment,262,146,116
S01012445,1. Managers directors and senior officials,37,27,10
S01012445,2. Professional occupations,78,40,38
S01012445,3. Associate professional and technical occupations,36,17,19
S01012445,4. Administrative and secretarial occupations,25,5,20
S01012445,5. Skilled trades occupations,26,25,1
S01012445,6. Caring leisure and other service occupations,17,6,11
S01012445,7. Sales and customer service occupations,13,7,6
S01012445,8. Process plant and machine operatives,12,11,1
S01012445,9. Elementary occupations,18,8,10
S01012446,All people aged 16 to 74 in employment,232,110,122
S01012446,1. Managers directors and senior officials,14,8,6
S01012446,2. Professional occupations,32,12,20
S01012446,3. Associate professional and technical occupations,22,13,9
S01012446,4. Administrative and secretarial occupations,28,1,27
S01012446,5. Skilled trades occupations,37,35,2
S01012446,6. Caring leisure and other service occupations,24,4,20
S01012446,7. Sales and customer service occupations,25,4,21
S01012446,8. Process plant and machine operatives,18,18,0
S01012446,9. Elementary occupations,32,15,17
S01012447,All people aged 16 to 74 in employment,446,215,231
S01012447,1. Managers directors and senior officials,46,25,21
S01012447,2. Professional occupations,83,33,50
S01012447,3. Associate professional and technical occupations,63,44,19
S01012447,4. Administrative and secretarial occupations,64,6,58
S01012447,5. Skilled trades occupations,54,51,3
S01012447,6. Caring leisure and other service occupations,40,7,33
S01012447,7. Sales and customer service occupations,36,11,25
S01012447,8. Process plant and machine operatives,22,21,1
S01012447,9. Elementary occupations,38,17,21
S01012448,All people aged 16 to 74 in employment,440,223,217
S01012448,1. Managers directors and senior officials,55,38,17
S01012448,2. Professional occupations,90,33,57
S01012448,3. Associate professional and technical occupations,71,46,25
S01012448,4. Administrative and secretarial occupations,56,6,50
S01012448,5. Skilled trades occupations,64,59,5
S01012448,6. Caring leisure and other service occupations,34,4,30
S01012448,7. Sales and customer service occupations,41,15,26
S01012448,8. Process plant and machine operatives,12,11,1
S01012448,9. Elementary occupations,17,11,6
S01012449,All people aged 16 to 74 in employment,309,148,161
S01012449,1. Managers directors and senior officials,19,9,10
S01012449,2. Professional occupations,45,18,27
S01012449,3. Associate professional and technical occupations,34,22,12
S01012449,4. Administrative and secretarial occupations,35,9,26
S01012449,5. Skilled trades occupations,36,33,3
S01012449,6. Caring leisure and other service occupations,46,4,42
S01012449,7. Sales and customer service occupations,32,8,24
S01012449,8. Process plant and machine operatives,29,25,4
S01012449,9. Elementary occupations,33,20,13
S01012450,All people aged 16 to 74 in employment,426,232,194
S01012450,1. Managers directors and senior officials,55,33,22
S01012450,2. Professional occupations,80,39,41
S01012450,3. Associate professional and technical occupations,63,39,24
S01012450,4. Administrative and secretarial occupations,33,4,29
S01012450,5. Skilled trades occupations,64,57,7
S01012450,6. Caring leisure and other service occupations,40,7,33
S01012450,7. Sales and customer service occupations,28,9,19
S01012450,8. Process plant and machine operatives,33,31,2
S01012450,9. Elementary occupations,30,13,17
S01012451,All people aged 16 to 74 in employment,311,157,154
S01012451,1. Managers directors and senior officials,44,29,15
S01012451,2. Professional occupations,80,43,37
S01012451,3. Associate professional and technical occupations,66,40,26
S01012451,4. Administrative and secretarial occupations,37,7,30
S01012451,5. Skilled trades occupations,16,13,3
S01012451,6. Caring leisure and other service occupations,17,5,12
S01012451,7. Sales and customer service occupations,26,4,22
S01012451,8. Process plant and machine operatives,6,6,0
S01012451,9. Elementary occupations,19,10,9
S01012452,All people aged 16 to 74 in employment,256,120,136
S01012452,1. Managers directors and senior officials,25,15,10
S01012452,2. Professional occupations,58,22,36
S01012452,3. Associate professional and technical occupations,35,15,20
S01012452,4. Administrative and secretarial occupations,38,10,28
S01012452,5. Skilled trades occupations,33,30,3
S01012452,6. Caring leisure and other service occupations,18,3,15
S01012452,7. Sales and customer service occupations,18,7,11
S01012452,8. Process plant and machine operatives,6,5,1
S01012452,9. Elementary occupations,25,13,12
S01012453,All people aged 16 to 74 in employment,371,210,161
S01012453,1. Managers directors and senior officials,89,72,17
S01012453,2. Professional occupations,105,46,59
S01012453,3. Associate professional and technical occupations,65,44,21
S01012453,4. Administrative and secretarial occupations,34,6,28
S01012453,5. Skilled trades occupations,20,16,4
S01012453,6. Caring leisure and other service occupations,14,2,12
S01012453,7. Sales and customer service occupations,19,11,8
S01012453,8. Process plant and machine operatives,7,6,1
S01012453,9. Elementary occupations,18,7,11
S01012454,All people aged 16 to 74 in employment,269,127,142
S01012454,1. Managers directors and senior officials,36,26,10
S01012454,2. Professional occupations,70,28,42
S01012454,3. Associate professional and technical occupations,42,32,10
S01012454,4. Administrative and secretarial occupations,40,5,35
S01012454,5. Skilled trades occupations,15,12,3
S01012454,6. Caring leisure and other service occupations,28,5,23
S01012454,7. Sales and customer service occupations,18,6,12
S01012454,8. Process plant and machine operatives,9,6,3
S01012454,9. Elementary occupations,11,7,4
S01012455,All people aged 16 to 74 in employment,242,139,103
S01012455,1. Managers directors and senior officials,38,32,6
S01012455,2. Professional occupations,71,30,41
S01012455,3. Associate professional and technical occupations,38,27,11
S01012455,4. Administrative and secretarial occupations,26,6,20
S01012455,5. Skilled trades occupations,19,16,3
S01012455,6. Caring leisure and other service occupations,12,2,10
S01012455,7. Sales and customer service occupations,14,8,6
S01012455,8. Process plant and machine operatives,4,3,1
S01012455,9. Elementary occupations,20,15,5
S01012456,All people aged 16 to 74 in employment,297,159,138
S01012456,1. Managers directors and senior officials,44,31,13
S01012456,2. Professional occupations,87,36,51
S01012456,3. Associate professional and technical occupations,47,32,15
S01012456,4. Administrative and secretarial occupations,31,11,20
S01012456,5. Skilled trades occupations,26,24,2
S01012456,6. Caring leisure and other service occupations,18,1,17
S01012456,7. Sales and customer service occupations,21,7,14
S01012456,8. Process plant and machine operatives,7,7,0
S01012456,9. Elementary occupations,16,10,6
S01012457,All people aged 16 to 74 in employment,315,171,144
S01012457,1. Managers directors and senior officials,44,34,10
S01012457,2. Professional occupations,101,46,55
S01012457,3. Associate professional and technical occupations,59,41,18
S01012457,4. Administrative and secretarial occupations,39,10,29
S01012457,5. Skilled trades occupations,16,13,3
S01012457,6. Caring leisure and other service occupations,19,5,14
S01012457,7. Sales and customer service occupations,16,5,11
S01012457,8. Process plant and machine operatives,8,7,1
S01012457,9. Elementary occupations,13,10,3
S01012458,All people aged 16 to 74 in employment,332,172,160
S01012458,1. Managers directors and senior officials,48,35,13
S01012458,2. Professional occupations,109,55,54
S01012458,3. Associate professional and technical occupations,61,35,26
S01012458,4. Administrative and secretarial occupations,32,4,28
S01012458,5. Skilled trades occupations,25,22,3
S01012458,6. Caring leisure and other service occupations,24,5,19
S01012458,7. Sales and customer service occupations,18,7,11
S01012458,8. Process plant and machine operatives,3,3,0
S01012458,9. Elementary occupations,12,6,6
S01012459,All people aged 16 to 74 in employment,387,194,193
S01012459,1. Managers directors and senior officials,36,29,7
S01012459,2. Professional occupations,85,28,57
S01012459,3. Associate professional and technical occupations,56,39,17
S01012459,4. Administrative and secretarial occupations,57,13,44
S01012459,5. Skilled trades occupations,46,43,3
S01012459,6. Caring leisure and other service occupations,34,6,28
S01012459,7. Sales and customer service occupations,30,9,21
S01012459,8. Process plant and machine operatives,22,19,3
S01012459,9. Elementary occupations,21,8,13
S01012460,All people aged 16 to 74 in employment,233,112,121
S01012460,1. Managers directors and senior officials,23,16,7
S01012460,2. Professional occupations,50,23,27
S01012460,3. Associate professional and technical occupations,34,25,9
S01012460,4. Administrative and secretarial occupations,39,2,37
S01012460,5. Skilled trades occupations,22,22,0
S01012460,6. Caring leisure and other service occupations,23,3,20
S01012460,7. Sales and customer service occupations,17,5,12
S01012460,8. Process plant and machine operatives,11,10,1
S01012460,9. Elementary occupations,14,6,8
S01012461,All people aged 16 to 74 in employment,259,124,135
S01012461,1. Managers directors and senior officials,11,4,7
S01012461,2. Professional occupations,46,21,25
S01012461,3. Associate professional and technical occupations,31,18,13
S01012461,4. Administrative and secretarial occupations,28,3,25
S01012461,5. Skilled trades occupations,40,36,4
S01012461,6. Caring leisure and other service occupations,29,5,24
S01012461,7. Sales and customer service occupations,32,10,22
S01012461,8. Process plant and machine operatives,17,15,2
S01012461,9. Elementary occupations,25,12,13
S01012462,All people aged 16 to 74 in employment,314,147,167
S01012462,1. Managers directors and senior officials,24,12,12
S01012462,2. Professional occupations,39,16,23
S01012462,3. Associate professional and technical occupations,26,15,11
S01012462,4. Administrative and secretarial occupations,25,1,24
S01012462,5. Skilled trades occupations,39,35,4
S01012462,6. Caring leisure and other service occupations,41,5,36
S01012462,7. Sales and customer service occupations,34,9,25
S01012462,8. Process plant and machine operatives,29,25,4
S01012462,9. Elementary occupations,57,29,28
S01012463,All people aged 16 to 74 in employment,255,129,126
S01012463,1. Managers directors and senior officials,14,9,5
S01012463,2. Professional occupations,25,9,16
S01012463,3. Associate professional and technical occupations,27,18,9
S01012463,4. Administrative and secretarial occupations,22,8,14
S01012463,5. Skilled trades occupations,33,32,1
S01012463,6. Caring leisure and other service occupations,43,7,36
S01012463,7. Sales and customer service occupations,41,16,25
S01012463,8. Process plant and machine operatives,18,18,0
S01012463,9. Elementary occupations,32,12,20
S01012464,All people aged 16 to 74 in employment,290,141,149
S01012464,1. Managers directors and senior officials,16,11,5
S01012464,2. Professional occupations,22,9,13
S01012464,3. Associate professional and technical occupations,23,18,5
S01012464,4. Administrative and secretarial occupations,26,7,19
S01012464,5. Skilled trades occupations,37,33,4
S01012464,6. Caring leisure and other service occupations,45,8,37
S01012464,7. Sales and customer service occupations,45,8,37
S01012464,8. Process plant and machine operatives,22,22,0
S01012464,9. Elementary occupations,54,25,29
S01012465,All people aged 16 to 74 in employment,313,165,148
S01012465,1. Managers directors and senior officials,18,12,6
S01012465,2. Professional occupations,21,8,13
S01012465,3. Associate professional and technical occupations,26,11,15
S01012465,4. Administrative and secretarial occupations,28,11,17
S01012465,5. Skilled trades occupations,46,44,2
S01012465,6. Caring leisure and other service occupations,50,8,42
S01012465,7. Sales and customer service occupations,39,10,29
S01012465,8. Process plant and machine operatives,32,31,1
S01012465,9. Elementary occupations,53,30,23
S01012466,All people aged 16 to 74 in employment,332,170,162
S01012466,1. Managers directors and senior officials,27,16,11
S01012466,2. Professional occupations,53,19,34
S01012466,3. Associate professional and technical occupations,52,33,19
S01012466,4. Administrative and secretarial occupations,33,8,25
S01012466,5. Skilled trades occupations,33,31,2
S01012466,6. Caring leisure and other service occupations,31,4,27
S01012466,7. Sales and customer service occupations,31,11,20
S01012466,8. Process plant and machine operatives,23,22,1
S01012466,9. Elementary occupations,49,26,23
S01012467,All people aged 16 to 74 in employment,304,150,154
S01012467,1. Managers directors and senior officials,24,14,10
S01012467,2. Professional occupations,43,14,29
S01012467,3. Associate professional and technical occupations,43,21,22
S01012467,4. Administrative and secretarial occupations,34,12,22
S01012467,5. Skilled trades occupations,41,39,2
S01012467,6. Caring leisure and other service occupations,41,11,30
S01012467,7. Sales and customer service occupations,38,9,29
S01012467,8. Process plant and machine operatives,11,10,1
S01012467,9. Elementary occupations,29,20,9
S01012468,All people aged 16 to 74 in employment,349,182,167
S01012468,1. Managers directors and senior officials,26,15,11
S01012468,2. Professional occupations,43,15,28
S01012468,3. Associate professional and technical occupations,42,24,18
S01012468,4. Administrative and secretarial occupations,46,7,39
S01012468,5. Skilled trades occupations,62,61,1
S01012468,6. Caring leisure and other service occupations,37,12,25
S01012468,7. Sales and customer service occupations,33,10,23
S01012468,8. Process plant and machine operatives,20,20,0
S01012468,9. Elementary occupations,40,18,22
S01012469,All people aged 16 to 74 in employment,344,174,170
S01012469,1. Managers directors and senior officials,58,41,17
S01012469,2. Professional occupations,111,51,60
S01012469,3. Associate professional and technical occupations,55,32,23
S01012469,4. Administrative and secretarial occupations,46,9,37
S01012469,5. Skilled trades occupations,24,22,2
S01012469,6. Caring leisure and other service occupations,16,1,15
S01012469,7. Sales and customer service occupations,15,6,9
S01012469,8. Process plant and machine operatives,6,6,0
S01012469,9. Elementary occupations,13,6,7
S01012470,All people aged 16 to 74 in employment,407,197,210
S01012470,1. Managers directors and senior officials,25,17,8
S01012470,2. Professional occupations,67,30,37
S01012470,3. Associate professional and technical occupations,43,23,20
S01012470,4. Administrative and secretarial occupations,49,13,36
S01012470,5. Skilled trades occupations,54,46,8
S01012470,6. Caring leisure and other service occupations,64,18,46
S01012470,7. Sales and customer service occupations,40,12,28
S01012470,8. Process plant and machine operatives,28,26,2
S01012470,9. Elementary occupations,37,12,25
S01012471,All people aged 16 to 74 in employment,373,195,178
S01012471,1. Managers directors and senior officials,65,49,16
S01012471,2. Professional occupations,95,47,48
S01012471,3. Associate professional and technical occupations,63,37,26
S01012471,4. Administrative and secretarial occupations,41,6,35
S01012471,5. Skilled trades occupations,28,25,3
S01012471,6. Caring leisure and other service occupations,21,4,17
S01012471,7. Sales and customer service occupations,26,10,16
S01012471,8. Process plant and machine operatives,8,6,2
S01012471,9. Elementary occupations,26,11,15
S01012472,All people aged 16 to 74 in employment,281,137,144
S01012472,1. Managers directors and senior officials,18,9,9
S01012472,2. Professional occupations,81,37,44
S01012472,3. Associate professional and technical occupations,47,22,25
S01012472,4. Administrative and secretarial occupations,31,9,22
S01012472,5. Skilled trades occupations,29,27,2
S01012472,6. Caring leisure and other service occupations,25,4,21
S01012472,7. Sales and customer service occupations,22,7,15
S01012472,8. Process plant and machine operatives,14,12,2
S01012472,9. Elementary occupations,14,10,4
S01012473,All people aged 16 to 74 in employment,272,144,128
S01012473,1. Managers directors and senior officials,25,16,9
S01012473,2. Professional occupations,61,33,28
S01012473,3. Associate professional and technical occupations,40,27,13
S01012473,4. Administrative and secretarial occupations,39,8,31
S01012473,5. Skilled trades occupations,32,29,3
S01012473,6. Caring leisure and other service occupations,22,4,18
S01012473,7. Sales and customer service occupations,21,5,16
S01012473,8. Process plant and machine operatives,16,12,4
S01012473,9. Elementary occupations,16,10,6
S01012474,All people aged 16 to 74 in employment,295,143,152
S01012474,1. Managers directors and senior officials,20,12,8
S01012474,2. Professional occupations,60,24,36
S01012474,3. Associate professional and technical occupations,40,25,15
S01012474,4. Administrative and secretarial occupations,36,6,30
S01012474,5. Skilled trades occupations,30,25,5
S01012474,6. Caring leisure and other service occupations,33,7,26
S01012474,7. Sales and customer service occupations,25,11,14
S01012474,8. Process plant and machine operatives,16,13,3
S01012474,9. Elementary occupations,35,20,15
S01012475,All people aged 16 to 74 in employment,270,142,128
S01012475,1. Managers directors and senior officials,15,11,4
S01012475,2. Professional occupations,65,24,41
S01012475,3. Associate professional and technical occupations,33,22,11
S01012475,4. Administrative and secretarial occupations,44,11,33
S01012475,5. Skilled trades occupations,32,31,1
S01012475,6. Caring leisure and other service occupations,23,3,20
S01012475,7. Sales and customer service occupations,19,12,7
S01012475,8. Process plant and machine operatives,17,16,1
S01012475,9. Elementary occupations,22,12,10
S01012476,All people aged 16 to 74 in employment,405,185,220
S01012476,1. Managers directors and senior officials,21,11,10
S01012476,2. Professional occupations,43,12,31
S01012476,3. Associate professional and technical occupations,39,22,17
S01012476,4. Administrative and secretarial occupations,59,11,48
S01012476,5. Skilled trades occupations,58,54,4
S01012476,6. Caring leisure and other service occupations,51,9,42
S01012476,7. Sales and customer service occupations,56,15,41
S01012476,8. Process plant and machine operatives,32,27,5
S01012476,9. Elementary occupations,46,24,22
S01012477,All people aged 16 to 74 in employment,353,174,179
S01012477,1. Managers directors and senior officials,28,18,10
S01012477,2. Professional occupations,65,27,38
S01012477,3. Associate professional and technical occupations,51,36,15
S01012477,4. Administrative and secretarial occupations,48,7,41
S01012477,5. Skilled trades occupations,35,34,1
S01012477,6. Caring leisure and other service occupations,41,7,34
S01012477,7. Sales and customer service occupations,43,10,33
S01012477,8. Process plant and machine operatives,20,19,1
S01012477,9. Elementary occupations,22,16,6
S01012478,All people aged 16 to 74 in employment,409,200,209
S01012478,1. Managers directors and senior officials,28,20,8
S01012478,2. Professional occupations,51,19,32
S01012478,3. Associate professional and technical occupations,36,21,15
S01012478,4. Administrative and secretarial occupations,53,11,42
S01012478,5. Skilled trades occupations,50,48,2
S01012478,6. Caring leisure and other service occupations,51,10,41
S01012478,7. Sales and customer service occupations,53,18,35
S01012478,8. Process plant and machine operatives,28,25,3
S01012478,9. Elementary occupations,59,28,31
S01012479,All people aged 16 to 74 in employment,392,196,196
S01012479,1. Managers directors and senior officials,39,23,16
S01012479,2. Professional occupations,66,31,35
S01012479,3. Associate professional and technical occupations,62,36,26
S01012479,4. Administrative and secretarial occupations,47,7,40
S01012479,5. Skilled trades occupations,52,47,5
S01012479,6. Caring leisure and other service occupations,32,4,28
S01012479,7. Sales and customer service occupations,38,11,27
S01012479,8. Process plant and machine operatives,20,19,1
S01012479,9. Elementary occupations,36,18,18
S01012480,All people aged 16 to 74 in employment,284,174,110
S01012480,1. Managers directors and senior officials,34,24,10
S01012480,2. Professional occupations,55,29,26
S01012480,3. Associate professional and technical occupations,51,39,12
S01012480,4. Administrative and secretarial occupations,21,6,15
S01012480,5. Skilled trades occupations,27,24,3
S01012480,6. Caring leisure and other service occupations,20,4,16
S01012480,7. Sales and customer service occupations,28,13,15
S01012480,8. Process plant and machine operatives,13,12,1
S01012480,9. Elementary occupations,35,23,12
S01012481,All people aged 16 to 74 in employment,411,211,200
S01012481,1. Managers directors and senior officials,44,29,15
S01012481,2. Professional occupations,66,27,39
S01012481,3. Associate professional and technical occupations,58,32,26
S01012481,4. Administrative and secretarial occupations,50,12,38
S01012481,5. Skilled trades occupations,48,44,4
S01012481,6. Caring leisure and other service occupations,37,10,27
S01012481,7. Sales and customer service occupations,47,14,33
S01012481,8. Process plant and machine operatives,15,14,1
S01012481,9. Elementary occupations,46,29,17
S01012482,All people aged 16 to 74 in employment,310,161,149
S01012482,1. Managers directors and senior officials,53,27,26
S01012482,2. Professional occupations,63,32,31
S01012482,3. Associate professional and technical occupations,35,26,9
S01012482,4. Administrative and secretarial occupations,29,8,21
S01012482,5. Skilled trades occupations,22,15,7
S01012482,6. Caring leisure and other service occupations,28,9,19
S01012482,7. Sales and customer service occupations,25,8,17
S01012482,8. Process plant and machine operatives,19,17,2
S01012482,9. Elementary occupations,36,19,17
S01012483,All people aged 16 to 74 in employment,377,195,182
S01012483,1. Managers directors and senior officials,42,22,20
S01012483,2. Professional occupations,46,17,29
S01012483,3. Associate professional and technical occupations,37,24,13
S01012483,4. Administrative and secretarial occupations,34,15,19
S01012483,5. Skilled trades occupations,48,43,5
S01012483,6. Caring leisure and other service occupations,47,13,34
S01012483,7. Sales and customer service occupations,48,14,34
S01012483,8. Process plant and machine operatives,19,17,2
S01012483,9. Elementary occupations,56,30,26
S01012484,All people aged 16 to 74 in employment,348,181,167
S01012484,1. Managers directors and senior officials,62,43,19
S01012484,2. Professional occupations,96,43,53
S01012484,3. Associate professional and technical occupations,52,28,24
S01012484,4. Administrative and secretarial occupations,39,9,30
S01012484,5. Skilled trades occupations,29,28,1
S01012484,6. Caring leisure and other service occupations,19,6,13
S01012484,7. Sales and customer service occupations,20,4,16
S01012484,8. Process plant and machine operatives,8,7,1
S01012484,9. Elementary occupations,23,13,10
S01012485,All people aged 16 to 74 in employment,363,192,171
S01012485,1. Managers directors and senior officials,62,40,22
S01012485,2. Professional occupations,108,48,60
S01012485,3. Associate professional and technical occupations,57,39,18
S01012485,4. Administrative and secretarial occupations,44,11,33
S01012485,5. Skilled trades occupations,36,32,4
S01012485,6. Caring leisure and other service occupations,13,2,11
S01012485,7. Sales and customer service occupations,21,8,13
S01012485,8. Process plant and machine operatives,4,3,1
S01012485,9. Elementary occupations,18,9,9
S01012486,All people aged 16 to 74 in employment,195,92,103
S01012486,1. Managers directors and senior officials,30,18,12
S01012486,2. Professional occupations,59,28,31
S01012486,3. Associate professional and technical occupations,25,13,12
S01012486,4. Administrative and secretarial occupations,23,1,22
S01012486,5. Skilled trades occupations,10,8,2
S01012486,6. Caring leisure and other service occupations,15,3,12
S01012486,7. Sales and customer service occupations,13,6,7
S01012486,8. Process plant and machine operatives,8,6,2
S01012486,9. Elementary occupations,12,9,3
S01012487,All people aged 16 to 74 in employment,303,157,146
S01012487,1. Managers directors and senior officials,28,15,13
S01012487,2. Professional occupations,46,16,30
S01012487,3. Associate professional and technical occupations,35,22,13
S01012487,4. Administrative and secretarial occupations,29,8,21
S01012487,5. Skilled trades occupations,33,31,2
S01012487,6. Caring leisure and other service occupations,38,5,33
S01012487,7. Sales and customer service occupations,24,10,14
S01012487,8. Process plant and machine operatives,19,18,1
S01012487,9. Elementary occupations,51,32,19
S01012488,All people aged 16 to 74 in employment,435,220,215
S01012488,1. Managers directors and senior officials,35,20,15
S01012488,2. Professional occupations,57,18,39
S01012488,3. Associate professional and technical occupations,53,29,24
S01012488,4. Administrative and secretarial occupations,56,11,45
S01012488,5. Skilled trades occupations,54,52,2
S01012488,6. Caring leisure and other service occupations,54,12,42
S01012488,7. Sales and customer service occupations,45,23,22
S01012488,8. Process plant and machine operatives,31,28,3
S01012488,9. Elementary occupations,50,27,23
S01012489,All people aged 16 to 74 in employment,417,204,213
S01012489,1. Managers directors and senior officials,18,11,7
S01012489,2. Professional occupations,39,13,26
S01012489,3. Associate professional and technical occupations,39,26,13
S01012489,4. Administrative and secretarial occupations,31,12,19
S01012489,5. Skilled trades occupations,53,43,10
S01012489,6. Caring leisure and other service occupations,59,11,48
S01012489,7. Sales and customer service occupations,48,19,29
S01012489,8. Process plant and machine operatives,27,24,3
S01012489,9. Elementary occupations,103,45,58
S01012490,All people aged 16 to 74 in employment,416,215,201
S01012490,1. Managers directors and senior officials,33,18,15
S01012490,2. Professional occupations,43,21,22
S01012490,3. Associate professional and technical occupations,46,29,17
S01012490,4. Administrative and secretarial occupations,37,9,28
S01012490,5. Skilled trades occupations,68,63,5
S01012490,6. Caring leisure and other service occupations,64,10,54
S01012490,7. Sales and customer service occupations,38,5,33
S01012490,8. Process plant and machine operatives,26,24,2
S01012490,9. Elementary occupations,61,36,25
S01012491,All people aged 16 to 74 in employment,169,76,93
S01012491,1. Managers directors and senior officials,10,5,5
S01012491,2. Professional occupations,11,7,4
S01012491,3. Associate professional and technical occupations,8,3,5
S01012491,4. Administrative and secretarial occupations,13,4,9
S01012491,5. Skilled trades occupations,24,21,3
S01012491,6. Caring leisure and other service occupations,28,3,25
S01012491,7. Sales and customer service occupations,20,4,16
S01012491,8. Process plant and machine operatives,15,14,1
S01012491,9. Elementary occupations,40,15,25
S01012492,All people aged 16 to 74 in employment,252,137,115
S01012492,1. Managers directors and senior officials,16,7,9
S01012492,2. Professional occupations,18,5,13
S01012492,3. Associate professional and technical occupations,18,11,7
S01012492,4. Administrative and secretarial occupations,19,8,11
S01012492,5. Skilled trades occupations,45,42,3
S01012492,6. Caring leisure and other service occupations,26,8,18
S01012492,7. Sales and customer service occupations,41,14,27
S01012492,8. Process plant and machine operatives,16,13,3
S01012492,9. Elementary occupations,53,29,24
S01012493,All people aged 16 to 74 in employment,210,116,94
S01012493,1. Managers directors and senior officials,16,9,7
S01012493,2. Professional occupations,45,25,20
S01012493,3. Associate professional and technical occupations,40,23,17
S01012493,4. Administrative and secretarial occupations,22,6,16
S01012493,5. Skilled trades occupations,17,17,0
S01012493,6. Caring leisure and other service occupations,21,7,14
S01012493,7. Sales and customer service occupations,14,2,12
S01012493,8. Process plant and machine operatives,13,13,0
S01012493,9. Elementary occupations,22,14,8
S01012494,All people aged 16 to 74 in employment,410,203,207
S01012494,1. Managers directors and senior officials,24,17,7
S01012494,2. Professional occupations,28,10,18
S01012494,3. Associate professional and technical occupations,40,27,13
S01012494,4. Administrative and secretarial occupations,40,7,33
S01012494,5. Skilled trades occupations,48,47,1
S01012494,6. Caring leisure and other service occupations,68,13,55
S01012494,7. Sales and customer service occupations,58,20,38
S01012494,8. Process plant and machine operatives,32,31,1
S01012494,9. Elementary occupations,72,31,41
S01012495,All people aged 16 to 74 in employment,428,210,218
S01012495,1. Managers directors and senior officials,24,11,13
S01012495,2. Professional occupations,21,7,14
S01012495,3. Associate professional and technical occupations,28,22,6
S01012495,4. Administrative and secretarial occupations,57,10,47
S01012495,5. Skilled trades occupations,55,52,3
S01012495,6. Caring leisure and other service occupations,78,14,64
S01012495,7. Sales and customer service occupations,66,29,37
S01012495,8. Process plant and machine operatives,32,29,3
S01012495,9. Elementary occupations,67,36,31
S01012496,All people aged 16 to 74 in employment,321,151,170
S01012496,1. Managers directors and senior officials,17,6,11
S01012496,2. Professional occupations,17,5,12
S01012496,3. Associate professional and technical occupations,25,13,12
S01012496,4. Administrative and secretarial occupations,19,6,13
S01012496,5. Skilled trades occupations,43,37,6
S01012496,6. Caring leisure and other service occupations,55,16,39
S01012496,7. Sales and customer service occupations,44,7,37
S01012496,8. Process plant and machine operatives,29,28,1
S01012496,9. Elementary occupations,72,33,39
S01012497,All people aged 16 to 74 in employment,190,87,103
S01012497,1. Managers directors and senior officials,7,2,5
S01012497,2. Professional occupations,6,1,5
S01012497,3. Associate professional and technical occupations,10,7,3
S01012497,4. Administrative and secretarial occupations,18,4,14
S01012497,5. Skilled trades occupations,30,28,2
S01012497,6. Caring leisure and other service occupations,35,9,26
S01012497,7. Sales and customer service occupations,27,4,23
S01012497,8. Process plant and machine operatives,16,15,1
S01012497,9. Elementary occupations,41,17,24
S01012498,All people aged 16 to 74 in employment,275,129,146
S01012498,1. Managers directors and senior officials,18,9,9
S01012498,2. Professional occupations,12,4,8
S01012498,3. Associate professional and technical occupations,13,6,7
S01012498,4. Administrative and secretarial occupations,19,4,15
S01012498,5. Skilled trades occupations,36,32,4
S01012498,6. Caring leisure and other service occupations,48,7,41
S01012498,7. Sales and customer service occupations,39,8,31
S01012498,8. Process plant and machine operatives,33,33,0
S01012498,9. Elementary occupations,57,26,31
S01012499,All people aged 16 to 74 in employment,277,122,155
S01012499,1. Managers directors and senior officials,17,8,9
S01012499,2. Professional occupations,20,7,13
S01012499,3. Associate professional and technical occupations,16,12,4
S01012499,4. Administrative and secretarial occupations,17,2,15
S01012499,5. Skilled trades occupations,38,37,1
S01012499,6. Caring leisure and other service occupations,62,4,58
S01012499,7. Sales and customer service occupations,32,12,20
S01012499,8. Process plant and machine operatives,23,22,1
S01012499,9. Elementary occupations,52,18,34
S01012500,All people aged 16 to 74 in employment,183,82,101
S01012500,1. Managers directors and senior officials,5,4,1
S01012500,2. Professional occupations,6,1,5
S01012500,3. Associate professional and technical occupations,16,14,2
S01012500,4. Administrative and secretarial occupations,17,1,16
S01012500,5. Skilled trades occupations,27,24,3
S01012500,6. Caring leisure and other service occupations,28,4,24
S01012500,7. Sales and customer service occupations,24,3,21
S01012500,8. Process plant and machine operatives,11,10,1
S01012500,9. Elementary occupations,49,21,28
S01012501,All people aged 16 to 74 in employment,200,98,102
S01012501,1. Managers directors and senior officials,9,5,4
S01012501,2. Professional occupations,7,2,5
S01012501,3. Associate professional and technical occupations,7,3,4
S01012501,4. Administrative and secretarial occupations,9,2,7
S01012501,5. Skilled trades occupations,32,30,2
S01012501,6. Caring leisure and other service occupations,33,1,32
S01012501,7. Sales and customer service occupations,25,7,18
S01012501,8. Process plant and machine operatives,24,21,3
S01012501,9. Elementary occupations,54,27,27
S01012502,All people aged 16 to 74 in employment,258,108,150
S01012502,1. Managers directors and senior officials,15,8,7
S01012502,2. Professional occupations,12,5,7
S01012502,3. Associate professional and technical occupations,19,10,9
S01012502,4. Administrative and secretarial occupations,11,3,8
S01012502,5. Skilled trades occupations,37,32,5
S01012502,6. Caring leisure and other service occupations,47,3,44
S01012502,7. Sales and customer service occupations,34,7,27
S01012502,8. Process plant and machine operatives,24,20,4
S01012502,9. Elementary occupations,59,20,39
S01012503,All people aged 16 to 74 in employment,239,113,126
S01012503,1. Managers directors and senior officials,7,2,5
S01012503,2. Professional occupations,16,4,12
S01012503,3. Associate professional and technical occupations,14,7,7
S01012503,4. Administrative and secretarial occupations,22,4,18
S01012503,5. Skilled trades occupations,40,40,0
S01012503,6. Caring leisure and other service occupations,29,6,23
S01012503,7. Sales and customer service occupations,32,11,21
S01012503,8. Process plant and machine operatives,19,18,1
S01012503,9. Elementary occupations,60,21,39
S01012504,All people aged 16 to 74 in employment,240,114,126
S01012504,1. Managers directors and senior officials,12,7,5
S01012504,2. Professional occupations,12,5,7
S01012504,3. Associate professional and technical occupations,22,9,13
S01012504,4. Administrative and secretarial occupations,25,5,20
S01012504,5. Skilled trades occupations,34,31,3
S01012504,6. Caring leisure and other service occupations,41,5,36
S01012504,7. Sales and customer service occupations,32,11,21
S01012504,8. Process plant and machine operatives,26,26,0
S01012504,9. Elementary occupations,36,15,21
S01012505,All people aged 16 to 74 in employment,431,206,225
S01012505,1. Managers directors and senior officials,35,18,17
S01012505,2. Professional occupations,30,13,17
S01012505,3. Associate professional and technical occupations,38,18,20
S01012505,4. Administrative and secretarial occupations,49,11,38
S01012505,5. Skilled trades occupations,68,62,6
S01012505,6. Caring leisure and other service occupations,63,9,54
S01012505,7. Sales and customer service occupations,57,15,42
S01012505,8. Process plant and machine operatives,31,30,1
S01012505,9. Elementary occupations,60,30,30
S01012506,All people aged 16 to 74 in employment,214,113,101
S01012506,1. Managers directors and senior officials,20,13,7
S01012506,2. Professional occupations,38,16,22
S01012506,3. Associate professional and technical occupations,31,16,15
S01012506,4. Administrative and secretarial occupations,19,4,15
S01012506,5. Skilled trades occupations,22,22,0
S01012506,6. Caring leisure and other service occupations,26,8,18
S01012506,7. Sales and customer service occupations,28,10,18
S01012506,8. Process plant and machine operatives,12,12,0
S01012506,9. Elementary occupations,18,12,6
S01012507,All people aged 16 to 74 in employment,424,200,224
S01012507,1. Managers directors and senior officials,25,14,11
S01012507,2. Professional occupations,56,21,35
S01012507,3. Associate professional and technical occupations,55,26,29
S01012507,4. Administrative and secretarial occupations,54,13,41
S01012507,5. Skilled trades occupations,56,51,5
S01012507,6. Caring leisure and other service occupations,65,9,56
S01012507,7. Sales and customer service occupations,42,17,25
S01012507,8. Process plant and machine operatives,23,20,3
S01012507,9. Elementary occupations,48,29,19
S01012508,All people aged 16 to 74 in employment,369,183,186
S01012508,1. Managers directors and senior officials,33,21,12
S01012508,2. Professional occupations,57,21,36
S01012508,3. Associate professional and technical occupations,37,17,20
S01012508,4. Administrative and secretarial occupations,39,7,32
S01012508,5. Skilled trades occupations,47,41,6
S01012508,6. Caring leisure and other service occupations,47,7,40
S01012508,7. Sales and customer service occupations,43,17,26
S01012508,8. Process plant and machine operatives,25,23,2
S01012508,9. Elementary occupations,41,29,12
S01012509,All people aged 16 to 74 in employment,269,135,134
S01012509,1. Managers directors and senior officials,27,17,10
S01012509,2. Professional occupations,47,18,29
S01012509,3. Associate professional and technical occupations,31,22,9
S01012509,4. Administrative and secretarial occupations,30,7,23
S01012509,5. Skilled trades occupations,36,32,4
S01012509,6. Caring leisure and other service occupations,24,6,18
S01012509,7. Sales and customer service occupations,29,7,22
S01012509,8. Process plant and machine operatives,16,15,1
S01012509,9. Elementary occupations,29,11,18
S01012510,All people aged 16 to 74 in employment,454,226,228
S01012510,1. Managers directors and senior officials,28,16,12
S01012510,2. Professional occupations,65,28,37
S01012510,3. Associate professional and technical occupations,62,37,25
S01012510,4. Administrative and secretarial occupations,57,12,45
S01012510,5. Skilled trades occupations,60,58,2
S01012510,6. Caring leisure and other service occupations,75,14,61
S01012510,7. Sales and customer service occupations,43,11,32
S01012510,8. Process plant and machine operatives,36,35,1
S01012510,9. Elementary occupations,28,15,13
S01012511,All people aged 16 to 74 in employment,343,163,180
S01012511,1. Managers directors and senior officials,17,11,6
S01012511,2. Professional occupations,42,18,24
S01012511,3. Associate professional and technical occupations,48,27,21
S01012511,4. Administrative and secretarial occupations,48,14,34
S01012511,5. Skilled trades occupations,37,32,5
S01012511,6. Caring leisure and other service occupations,46,6,40
S01012511,7. Sales and customer service occupations,35,8,27
S01012511,8. Process plant and machine operatives,27,27,0
S01012511,9. Elementary occupations,43,20,23
S01012512,All people aged 16 to 74 in employment,285,142,143
S01012512,1. Managers directors and senior officials,36,25,11
S01012512,2. Professional occupations,46,20,26
S01012512,3. Associate professional and technical occupations,21,10,11
S01012512,4. Administrative and secretarial occupations,38,8,30
S01012512,5. Skilled trades occupations,32,31,1
S01012512,6. Caring leisure and other service occupations,27,2,25
S01012512,7. Sales and customer service occupations,29,10,19
S01012512,8. Process plant and machine operatives,20,20,0
S01012512,9. Elementary occupations,36,16,20
S01012513,All people aged 16 to 74 in employment,313,151,162
S01012513,1. Managers directors and senior officials,24,18,6
S01012513,2. Professional occupations,64,21,43
S01012513,3. Associate professional and technical occupations,37,24,13
S01012513,4. Administrative and secretarial occupations,45,8,37
S01012513,5. Skilled trades occupations,34,30,4
S01012513,6. Caring leisure and other service occupations,33,7,26
S01012513,7. Sales and customer service occupations,42,19,23
S01012513,8. Process plant and machine operatives,12,12,0
S01012513,9. Elementary occupations,22,12,10
S01012514,All people aged 16 to 74 in employment,590,288,302
S01012514,1. Managers directors and senior officials,48,32,16
S01012514,2. Professional occupations,119,43,76
S01012514,3. Associate professional and technical occupations,91,57,34
S01012514,4. Administrative and secretarial occupations,85,15,70
S01012514,5. Skilled trades occupations,59,53,6
S01012514,6. Caring leisure and other service occupations,56,7,49
S01012514,7. Sales and customer service occupations,53,22,31
S01012514,8. Process plant and machine operatives,39,36,3
S01012514,9. Elementary occupations,40,23,17
S01012515,All people aged 16 to 74 in employment,249,114,135
S01012515,1. Managers directors and senior officials,19,12,7
S01012515,2. Professional occupations,27,6,21
S01012515,3. Associate professional and technical occupations,26,14,12
S01012515,4. Administrative and secretarial occupations,24,2,22
S01012515,5. Skilled trades occupations,36,33,3
S01012515,6. Caring leisure and other service occupations,33,3,30
S01012515,7. Sales and customer service occupations,32,14,18
S01012515,8. Process plant and machine operatives,10,9,1
S01012515,9. Elementary occupations,42,21,21
S01012516,All people aged 16 to 74 in employment,270,127,143
S01012516,1. Managers directors and senior officials,21,17,4
S01012516,2. Professional occupations,40,15,25
S01012516,3. Associate professional and technical occupations,32,16,16
S01012516,4. Administrative and secretarial occupations,34,3,31
S01012516,5. Skilled trades occupations,43,41,2
S01012516,6. Caring leisure and other service occupations,37,5,32
S01012516,7. Sales and customer service occupations,22,7,15
S01012516,8. Process plant and machine operatives,12,10,2
S01012516,9. Elementary occupations,29,13,16
S01012517,All people aged 16 to 74 in employment,411,206,205
S01012517,1. Managers directors and senior officials,36,20,16
S01012517,2. Professional occupations,51,21,30
S01012517,3. Associate professional and technical occupations,53,38,15
S01012517,4. Administrative and secretarial occupations,51,9,42
S01012517,5. Skilled trades occupations,47,42,5
S01012517,6. Caring leisure and other service occupations,41,10,31
S01012517,7. Sales and customer service occupations,56,15,41
S01012517,8. Process plant and machine operatives,32,29,3
S01012517,9. Elementary occupations,44,22,22
S01012518,All people aged 16 to 74 in employment,268,137,131
S01012518,1. Managers directors and senior officials,36,22,14
S01012518,2. Professional occupations,57,26,31
S01012518,3. Associate professional and technical occupations,42,27,15
S01012518,4. Administrative and secretarial occupations,36,8,28
S01012518,5. Skilled trades occupations,25,22,3
S01012518,6. Caring leisure and other service occupations,18,6,12
S01012518,7. Sales and customer service occupations,22,7,15
S01012518,8. Process plant and machine operatives,9,9,0
S01012518,9. Elementary occupations,23,10,13
S01012519,All people aged 16 to 74 in employment,243,126,117
S01012519,1. Managers directors and senior officials,28,17,11
S01012519,2. Professional occupations,42,16,26
S01012519,3. Associate professional and technical occupations,26,14,12
S01012519,4. Administrative and secretarial occupations,39,11,28
S01012519,5. Skilled trades occupations,32,32,0
S01012519,6. Caring leisure and other service occupations,13,1,12
S01012519,7. Sales and customer service occupations,20,8,12
S01012519,8. Process plant and machine operatives,14,14,0
S01012519,9. Elementary occupations,29,13,16
S01012520,All people aged 16 to 74 in employment,364,193,171
S01012520,1. Managers directors and senior officials,48,31,17
S01012520,2. Professional occupations,106,41,65
S01012520,3. Associate professional and technical occupations,48,26,22
S01012520,4. Administrative and secretarial occupations,39,13,26
S01012520,5. Skilled trades occupations,39,35,4
S01012520,6. Caring leisure and other service occupations,27,5,22
S01012520,7. Sales and customer service occupations,28,18,10
S01012520,8. Process plant and machine operatives,14,13,1
S01012520,9. Elementary occupations,15,11,4
S01012521,All people aged 16 to 74 in employment,246,133,113
S01012521,1. Managers directors and senior officials,32,18,14
S01012521,2. Professional occupations,63,26,37
S01012521,3. Associate professional and technical occupations,26,16,10
S01012521,4. Administrative and secretarial occupations,27,7,20
S01012521,5. Skilled trades occupations,28,26,2
S01012521,6. Caring leisure and other service occupations,26,9,17
S01012521,7. Sales and customer service occupations,21,11,10
S01012521,8. Process plant and machine operatives,8,8,0
S01012521,9. Elementary occupations,15,12,3
S01012522,All people aged 16 to 74 in employment,400,215,185
S01012522,1. Managers directors and senior officials,63,40,23
S01012522,2. Professional occupations,84,37,47
S01012522,3. Associate professional and technical occupations,72,48,24
S01012522,4. Administrative and secretarial occupations,40,8,32
S01012522,5. Skilled trades occupations,49,43,6
S01012522,6. Caring leisure and other service occupations,26,5,21
S01012522,7. Sales and customer service occupations,30,9,21
S01012522,8. Process plant and machine operatives,14,13,1
S01012522,9. Elementary occupations,22,12,10
S01012523,All people aged 16 to 74 in employment,423,216,207
S01012523,1. Managers directors and senior officials,42,24,18
S01012523,2. Professional occupations,88,44,44
S01012523,3. Associate professional and technical occupations,73,45,28
S01012523,4. Administrative and secretarial occupations,45,11,34
S01012523,5. Skilled trades occupations,41,36,5
S01012523,6. Caring leisure and other service occupations,53,7,46
S01012523,7. Sales and customer service occupations,32,15,17
S01012523,8. Process plant and machine operatives,20,18,2
S01012523,9. Elementary occupations,29,16,13
S01012524,All people aged 16 to 74 in employment,383,201,182
S01012524,1. Managers directors and senior officials,39,28,11
S01012524,2. Professional occupations,78,34,44
S01012524,3. Associate professional and technical occupations,71,46,25
S01012524,4. Administrative and secretarial occupations,54,12,42
S01012524,5. Skilled trades occupations,35,32,3
S01012524,6. Caring leisure and other service occupations,26,4,22
S01012524,7. Sales and customer service occupations,32,12,20
S01012524,8. Process plant and machine operatives,25,21,4
S01012524,9. Elementary occupations,23,12,11
S01012525,All people aged 16 to 74 in employment,383,198,185
S01012525,1. Managers directors and senior officials,37,23,14
S01012525,2. Professional occupations,79,36,43
S01012525,3. Associate professional and technical occupations,64,46,18
S01012525,4. Administrative and secretarial occupations,55,10,45
S01012525,5. Skilled trades occupations,46,42,4
S01012525,6. Caring leisure and other service occupations,30,5,25
S01012525,7. Sales and customer service occupations,33,17,16
S01012525,8. Process plant and machine operatives,9,7,2
S01012525,9. Elementary occupations,30,12,18
S01012526,All people aged 16 to 74 in employment,350,186,164
S01012526,1. Managers directors and senior officials,38,28,10
S01012526,2. Professional occupations,106,47,59
S01012526,3. Associate professional and technical occupations,61,35,26
S01012526,4. Administrative and secretarial occupations,44,9,35
S01012526,5. Skilled trades occupations,25,24,1
S01012526,6. Caring leisure and other service occupations,25,7,18
S01012526,7. Sales and customer service occupations,22,12,10
S01012526,8. Process plant and machine operatives,10,10,0
S01012526,9. Elementary occupations,19,14,5
S01012527,All people aged 16 to 74 in employment,279,151,128
S01012527,1. Managers directors and senior officials,28,19,9
S01012527,2. Professional occupations,54,20,34
S01012527,3. Associate professional and technical occupations,35,22,13
S01012527,4. Administrative and secretarial occupations,29,9,20
S01012527,5. Skilled trades occupations,40,38,2
S01012527,6. Caring leisure and other service occupations,21,5,16
S01012527,7. Sales and customer service occupations,27,7,20
S01012527,8. Process plant and machine operatives,17,17,0
S01012527,9. Elementary occupations,28,14,14
S01012528,All people aged 16 to 74 in employment,404,195,209
S01012528,1. Managers directors and senior officials,23,7,16
S01012528,2. Professional occupations,44,15,29
S01012528,3. Associate professional and technical occupations,41,24,17
S01012528,4. Administrative and secretarial occupations,42,5,37
S01012528,5. Skilled trades occupations,56,51,5
S01012528,6. Caring leisure and other service occupations,45,12,33
S01012528,7. Sales and customer service occupations,45,12,33
S01012528,8. Process plant and machine operatives,42,38,4
S01012528,9. Elementary occupations,66,31,35
S01012529,All people aged 16 to 74 in employment,343,159,184
S01012529,1. Managers directors and senior officials,26,14,12
S01012529,2. Professional occupations,58,18,40
S01012529,3. Associate professional and technical occupations,49,28,21
S01012529,4. Administrative and secretarial occupations,28,6,22
S01012529,5. Skilled trades occupations,48,44,4
S01012529,6. Caring leisure and other service occupations,34,3,31
S01012529,7. Sales and customer service occupations,43,13,30
S01012529,8. Process plant and machine operatives,15,15,0
S01012529,9. Elementary occupations,42,18,24
S01012530,All people aged 16 to 74 in employment,385,200,185
S01012530,1. Managers directors and senior officials,30,17,13
S01012530,2. Professional occupations,62,23,39
S01012530,3. Associate professional and technical occupations,63,40,23
S01012530,4. Administrative and secretarial occupations,57,9,48
S01012530,5. Skilled trades occupations,56,53,3
S01012530,6. Caring leisure and other service occupations,28,3,25
S01012530,7. Sales and customer service occupations,27,9,18
S01012530,8. Process plant and machine operatives,36,31,5
S01012530,9. Elementary occupations,26,15,11
S01012531,All people aged 16 to 74 in employment,378,197,181
S01012531,1. Managers directors and senior officials,48,25,23
S01012531,2. Professional occupations,74,35,39
S01012531,3. Associate professional and technical occupations,53,31,22
S01012531,4. Administrative and secretarial occupations,41,7,34
S01012531,5. Skilled trades occupations,47,42,5
S01012531,6. Caring leisure and other service occupations,32,4,28
S01012531,7. Sales and customer service occupations,28,13,15
S01012531,8. Process plant and machine operatives,23,22,1
S01012531,9. Elementary occupations,32,18,14
S01012532,All people aged 16 to 74 in employment,383,197,186
S01012532,1. Managers directors and senior officials,32,17,15
S01012532,2. Professional occupations,52,18,34
S01012532,3. Associate professional and technical occupations,46,27,19
S01012532,4. Administrative and secretarial occupations,38,6,32
S01012532,5. Skilled trades occupations,67,60,7
S01012532,6. Caring leisure and other service occupations,55,13,42
S01012532,7. Sales and customer service occupations,21,5,16
S01012532,8. Process plant and machine operatives,31,27,4
S01012532,9. Elementary occupations,41,24,17
S01012533,All people aged 16 to 74 in employment,273,150,123
S01012533,1. Managers directors and senior officials,28,17,11
S01012533,2. Professional occupations,37,20,17
S01012533,3. Associate professional and technical occupations,46,31,15
S01012533,4. Administrative and secretarial occupations,31,6,25
S01012533,5. Skilled trades occupations,36,35,1
S01012533,6. Caring leisure and other service occupations,27,3,24
S01012533,7. Sales and customer service occupations,22,11,11
S01012533,8. Process plant and machine operatives,11,11,0
S01012533,9. Elementary occupations,35,16,19
S01012534,All people aged 16 to 74 in employment,266,134,132
S01012534,1. Managers directors and senior officials,19,11,8
S01012534,2. Professional occupations,34,11,23
S01012534,3. Associate professional and technical occupations,31,20,11
S01012534,4. Administrative and secretarial occupations,34,7,27
S01012534,5. Skilled trades occupations,43,40,3
S01012534,6. Caring leisure and other service occupations,25,7,18
S01012534,7. Sales and customer service occupations,34,11,23
S01012534,8. Process plant and machine operatives,19,17,2
S01012534,9. Elementary occupations,27,10,17
S01012535,All people aged 16 to 74 in employment,400,207,193
S01012535,1. Managers directors and senior officials,22,13,9
S01012535,2. Professional occupations,33,11,22
S01012535,3. Associate professional and technical occupations,32,17,15
S01012535,4. Administrative and secretarial occupations,35,7,28
S01012535,5. Skilled trades occupations,73,67,6
S01012535,6. Caring leisure and other service occupations,55,8,47
S01012535,7. Sales and customer service occupations,41,12,29
S01012535,8. Process plant and machine operatives,38,37,1
S01012535,9. Elementary occupations,71,35,36
S01012536,All people aged 16 to 74 in employment,358,175,183
S01012536,1. Managers directors and senior officials,28,14,14
S01012536,2. Professional occupations,30,10,20
S01012536,3. Associate professional and technical occupations,26,18,8
S01012536,4. Administrative and secretarial occupations,40,7,33
S01012536,5. Skilled trades occupations,45,43,2
S01012536,6. Caring leisure and other service occupations,52,7,45
S01012536,7. Sales and customer service occupations,35,9,26
S01012536,8. Process plant and machine operatives,37,35,2
S01012536,9. Elementary occupations,65,32,33
S01012537,All people aged 16 to 74 in employment,329,171,158
S01012537,1. Managers directors and senior officials,22,12,10
S01012537,2. Professional occupations,17,6,11
S01012537,3. Associate professional and technical occupations,20,12,8
S01012537,4. Administrative and secretarial occupations,39,7,32
S01012537,5. Skilled trades occupations,49,45,4
S01012537,6. Caring leisure and other service occupations,44,8,36
S01012537,7. Sales and customer service occupations,43,11,32
S01012537,8. Process plant and machine operatives,32,29,3
S01012537,9. Elementary occupations,63,41,22
S01012538,All people aged 16 to 74 in employment,466,223,243
S01012538,1. Managers directors and senior officials,42,27,15
S01012538,2. Professional occupations,34,11,23
S01012538,3. Associate professional and technical occupations,43,28,15
S01012538,4. Administrative and secretarial occupations,55,8,47
S01012538,5. Skilled trades occupations,72,65,7
S01012538,6. Caring leisure and other service occupations,76,7,69
S01012538,7. Sales and customer service occupations,51,18,33
S01012538,8. Process plant and machine operatives,36,32,4
S01012538,9. Elementary occupations,57,27,30
S01012539,All people aged 16 to 74 in employment,340,188,152
S01012539,1. Managers directors and senior officials,27,21,6
S01012539,2. Professional occupations,27,9,18
S01012539,3. Associate professional and technical occupations,29,18,11
S01012539,4. Administrative and secretarial occupations,39,5,34
S01012539,5. Skilled trades occupations,72,64,8
S01012539,6. Caring leisure and other service occupations,31,4,27
S01012539,7. Sales and customer service occupations,40,16,24
S01012539,8. Process plant and machine operatives,23,21,2
S01012539,9. Elementary occupations,52,30,22
S01012540,All people aged 16 to 74 in employment,286,145,141
S01012540,1. Managers directors and senior officials,11,6,5
S01012540,2. Professional occupations,20,8,12
S01012540,3. Associate professional and technical occupations,18,10,8
S01012540,4. Administrative and secretarial occupations,25,3,22
S01012540,5. Skilled trades occupations,50,45,5
S01012540,6. Caring leisure and other service occupations,41,9,32
S01012540,7. Sales and customer service occupations,29,5,24
S01012540,8. Process plant and machine operatives,35,33,2
S01012540,9. Elementary occupations,57,26,31
S01012541,All people aged 16 to 74 in employment,557,278,279
S01012541,1. Managers directors and senior officials,39,27,12
S01012541,2. Professional occupations,74,28,46
S01012541,3. Associate professional and technical occupations,46,17,29
S01012541,4. Administrative and secretarial occupations,53,9,44
S01012541,5. Skilled trades occupations,132,116,16
S01012541,6. Caring leisure and other service occupations,61,9,52
S01012541,7. Sales and customer service occupations,47,9,38
S01012541,8. Process plant and machine operatives,41,37,4
S01012541,9. Elementary occupations,64,26,38
S01012542,All people aged 16 to 74 in employment,390,199,191
S01012542,1. Managers directors and senior officials,40,22,18
S01012542,2. Professional occupations,86,34,52
S01012542,3. Associate professional and technical occupations,56,35,21
S01012542,4. Administrative and secretarial occupations,30,6,24
S01012542,5. Skilled trades occupations,47,42,5
S01012542,6. Caring leisure and other service occupations,40,7,33
S01012542,7. Sales and customer service occupations,34,16,18
S01012542,8. Process plant and machine operatives,21,20,1
S01012542,9. Elementary occupations,36,17,19
S01012543,All people aged 16 to 74 in employment,352,179,173
S01012543,1. Managers directors and senior officials,41,25,16
S01012543,2. Professional occupations,67,27,40
S01012543,3. Associate professional and technical occupations,52,31,21
S01012543,4. Administrative and secretarial occupations,38,3,35
S01012543,5. Skilled trades occupations,56,50,6
S01012543,6. Caring leisure and other service occupations,26,3,23
S01012543,7. Sales and customer service occupations,23,10,13
S01012543,8. Process plant and machine operatives,19,17,2
S01012543,9. Elementary occupations,30,13,17
S01012544,All people aged 16 to 74 in employment,373,179,194
S01012544,1. Managers directors and senior officials,32,20,12
S01012544,2. Professional occupations,74,29,45
S01012544,3. Associate professional and technical occupations,48,25,23
S01012544,4. Administrative and secretarial occupations,29,6,23
S01012544,5. Skilled trades occupations,60,53,7
S01012544,6. Caring leisure and other service occupations,34,5,29
S01012544,7. Sales and customer service occupations,35,9,26
S01012544,8. Process plant and machine operatives,23,20,3
S01012544,9. Elementary occupations,38,12,26
S01012545,All people aged 16 to 74 in employment,213,102,111
S01012545,1. Managers directors and senior officials,19,12,7
S01012545,2. Professional occupations,23,9,14
S01012545,3. Associate professional and technical occupations,27,13,14
S01012545,4. Administrative and secretarial occupations,10,3,7
S01012545,5. Skilled trades occupations,26,23,3
S01012545,6. Caring leisure and other service occupations,28,4,24
S01012545,7. Sales and customer service occupations,17,4,13
S01012545,8. Process plant and machine operatives,22,20,2
S01012545,9. Elementary occupations,41,14,27
S01012546,All people aged 16 to 74 in employment,375,192,183
S01012546,1. Managers directors and senior officials,28,14,14
S01012546,2. Professional occupations,48,17,31
S01012546,3. Associate professional and technical occupations,49,24,25
S01012546,4. Administrative and secretarial occupations,44,9,35
S01012546,5. Skilled trades occupations,71,65,6
S01012546,6. Caring leisure and other service occupations,38,7,31
S01012546,7. Sales and customer service occupations,33,10,23
S01012546,8. Process plant and machine operatives,30,28,2
S01012546,9. Elementary occupations,34,18,16
S01012547,All people aged 16 to 74 in employment,301,168,133
S01012547,1. Managers directors and senior officials,32,24,8
S01012547,2. Professional occupations,73,34,39
S01012547,3. Associate professional and technical occupations,38,27,11
S01012547,4. Administrative and secretarial occupations,30,6,24
S01012547,5. Skilled trades occupations,33,33,0
S01012547,6. Caring leisure and other service occupations,24,5,19
S01012547,7. Sales and customer service occupations,27,10,17
S01012547,8. Process plant and machine operatives,9,9,0
S01012547,9. Elementary occupations,35,20,15
S01012548,All people aged 16 to 74 in employment,371,195,176
S01012548,1. Managers directors and senior officials,41,28,13
S01012548,2. Professional occupations,78,32,46
S01012548,3. Associate professional and technical occupations,54,34,20
S01012548,4. Administrative and secretarial occupations,45,5,40
S01012548,5. Skilled trades occupations,52,46,6
S01012548,6. Caring leisure and other service occupations,23,4,19
S01012548,7. Sales and customer service occupations,26,8,18
S01012548,8. Process plant and machine operatives,21,20,1
S01012548,9. Elementary occupations,31,18,13
S01012549,All people aged 16 to 74 in employment,243,116,127
S01012549,1. Managers directors and senior officials,16,10,6
S01012549,2. Professional occupations,21,8,13
S01012549,3. Associate professional and technical occupations,26,17,9
S01012549,4. Administrative and secretarial occupations,24,5,19
S01012549,5. Skilled trades occupations,38,34,4
S01012549,6. Caring leisure and other service occupations,36,4,32
S01012549,7. Sales and customer service occupations,29,6,23
S01012549,8. Process plant and machine operatives,19,17,2
S01012549,9. Elementary occupations,34,15,19
S01012550,All people aged 16 to 74 in employment,377,186,191
S01012550,1. Managers directors and senior officials,23,15,8
S01012550,2. Professional occupations,61,24,37
S01012550,3. Associate professional and technical occupations,46,32,14
S01012550,4. Administrative and secretarial occupations,33,5,28
S01012550,5. Skilled trades occupations,40,37,3
S01012550,6. Caring leisure and other service occupations,44,7,37
S01012550,7. Sales and customer service occupations,54,17,37
S01012550,8. Process plant and machine operatives,31,28,3
S01012550,9. Elementary occupations,45,21,24
S01012551,All people aged 16 to 74 in employment,452,236,216
S01012551,1. Managers directors and senior officials,31,23,8
S01012551,2. Professional occupations,88,36,52
S01012551,3. Associate professional and technical occupations,70,49,21
S01012551,4. Administrative and secretarial occupations,74,14,60
S01012551,5. Skilled trades occupations,51,48,3
S01012551,6. Caring leisure and other service occupations,41,10,31
S01012551,7. Sales and customer service occupations,39,17,22
S01012551,8. Process plant and machine operatives,18,15,3
S01012551,9. Elementary occupations,40,24,16
S01012552,All people aged 16 to 74 in employment,460,242,218
S01012552,1. Managers directors and senior officials,53,34,19
S01012552,2. Professional occupations,113,52,61
S01012552,3. Associate professional and technical occupations,94,64,30
S01012552,4. Administrative and secretarial occupations,51,12,39
S01012552,5. Skilled trades occupations,36,34,2
S01012552,6. Caring leisure and other service occupations,32,5,27
S01012552,7. Sales and customer service occupations,36,12,24
S01012552,8. Process plant and machine operatives,17,17,0
S01012552,9. Elementary occupations,28,12,16
S01012553,All people aged 16 to 74 in employment,464,235,229
S01012553,1. Managers directors and senior officials,45,26,19
S01012553,2. Professional occupations,94,48,46
S01012553,3. Associate professional and technical occupations,88,53,35
S01012553,4. Administrative and secretarial occupations,60,15,45
S01012553,5. Skilled trades occupations,49,44,5
S01012553,6. Caring leisure and other service occupations,40,8,32
S01012553,7. Sales and customer service occupations,46,14,32
S01012553,8. Process plant and machine operatives,12,12,0
S01012553,9. Elementary occupations,30,15,15
S01012554,All people aged 16 to 74 in employment,234,109,125
S01012554,1. Managers directors and senior officials,18,11,7
S01012554,2. Professional occupations,38,16,22
S01012554,3. Associate professional and technical occupations,36,23,13
S01012554,4. Administrative and secretarial occupations,30,4,26
S01012554,5. Skilled trades occupations,25,24,1
S01012554,6. Caring leisure and other service occupations,28,4,24
S01012554,7. Sales and customer service occupations,26,9,17
S01012554,8. Process plant and machine operatives,14,11,3
S01012554,9. Elementary occupations,19,7,12
S01012555,All people aged 16 to 74 in employment,277,143,134
S01012555,1. Managers directors and senior officials,23,18,5
S01012555,2. Professional occupations,55,20,35
S01012555,3. Associate professional and technical occupations,42,24,18
S01012555,4. Administrative and secretarial occupations,42,7,35
S01012555,5. Skilled trades occupations,32,30,2
S01012555,6. Caring leisure and other service occupations,19,4,15
S01012555,7. Sales and customer service occupations,21,11,10
S01012555,8. Process plant and machine operatives,18,15,3
S01012555,9. Elementary occupations,25,14,11
S01012556,All people aged 16 to 74 in employment,280,138,142
S01012556,1. Managers directors and senior officials,31,22,9
S01012556,2. Professional occupations,64,24,40
S01012556,3. Associate professional and technical occupations,50,30,20
S01012556,4. Administrative and secretarial occupations,27,6,21
S01012556,5. Skilled trades occupations,28,25,3
S01012556,6. Caring leisure and other service occupations,23,4,19
S01012556,7. Sales and customer service occupations,32,10,22
S01012556,8. Process plant and machine operatives,8,8,0
S01012556,9. Elementary occupations,17,9,8
S01012557,All people aged 16 to 74 in employment,262,138,124
S01012557,1. Managers directors and senior officials,32,23,9
S01012557,2. Professional occupations,75,30,45
S01012557,3. Associate professional and technical occupations,38,29,9
S01012557,4. Administrative and secretarial occupations,25,5,20
S01012557,5. Skilled trades occupations,27,24,3
S01012557,6. Caring leisure and other service occupations,20,2,18
S01012557,7. Sales and customer service occupations,17,4,13
S01012557,8. Process plant and machine operatives,12,12,0
S01012557,9. Elementary occupations,16,9,7
S01012558,All people aged 16 to 74 in employment,277,147,130
S01012558,1. Managers directors and senior officials,18,10,8
S01012558,2. Professional occupations,30,19,11
S01012558,3. Associate professional and technical occupations,35,19,16
S01012558,4. Administrative and secretarial occupations,23,4,19
S01012558,5. Skilled trades occupations,41,39,2
S01012558,6. Caring leisure and other service occupations,31,4,27
S01012558,7. Sales and customer service occupations,43,18,25
S01012558,8. Process plant and machine operatives,13,12,1
S01012558,9. Elementary occupations,43,22,21
S01012559,All people aged 16 to 74 in employment,292,149,143
S01012559,1. Managers directors and senior officials,32,13,19
S01012559,2. Professional occupations,26,5,21
S01012559,3. Associate professional and technical occupations,36,29,7
S01012559,4. Administrative and secretarial occupations,26,5,21
S01012559,5. Skilled trades occupations,46,42,4
S01012559,6. Caring leisure and other service occupations,33,3,30
S01012559,7. Sales and customer service occupations,27,12,15
S01012559,8. Process plant and machine operatives,21,18,3
S01012559,9. Elementary occupations,45,22,23
S01012560,All people aged 16 to 74 in employment,214,96,118
S01012560,1. Managers directors and senior officials,15,10,5
S01012560,2. Professional occupations,38,14,24
S01012560,3. Associate professional and technical occupations,35,17,18
S01012560,4. Administrative and secretarial occupations,24,2,22
S01012560,5. Skilled trades occupations,23,20,3
S01012560,6. Caring leisure and other service occupations,24,3,21
S01012560,7. Sales and customer service occupations,21,8,13
S01012560,8. Process plant and machine operatives,15,14,1
S01012560,9. Elementary occupations,19,8,11
S01012561,All people aged 16 to 74 in employment,317,155,162
S01012561,1. Managers directors and senior officials,25,12,13
S01012561,2. Professional occupations,57,18,39
S01012561,3. Associate professional and technical occupations,56,36,20
S01012561,4. Administrative and secretarial occupations,34,9,25
S01012561,5. Skilled trades occupations,31,28,3
S01012561,6. Caring leisure and other service occupations,32,7,25
S01012561,7. Sales and customer service occupations,29,9,20
S01012561,8. Process plant and machine operatives,21,19,2
S01012561,9. Elementary occupations,32,17,15
S01012562,All people aged 16 to 74 in employment,336,175,161
S01012562,1. Managers directors and senior officials,27,16,11
S01012562,2. Professional occupations,50,19,31
S01012562,3. Associate professional and technical occupations,41,25,16
S01012562,4. Administrative and secretarial occupations,38,8,30
S01012562,5. Skilled trades occupations,40,39,1
S01012562,6. Caring leisure and other service occupations,33,5,28
S01012562,7. Sales and customer service occupations,38,16,22
S01012562,8. Process plant and machine operatives,23,23,0
S01012562,9. Elementary occupations,46,24,22
S01012563,All people aged 16 to 74 in employment,247,136,111
S01012563,1. Managers directors and senior officials,37,26,11
S01012563,2. Professional occupations,72,33,39
S01012563,3. Associate professional and technical occupations,36,29,7
S01012563,4. Administrative and secretarial occupations,36,8,28
S01012563,5. Skilled trades occupations,16,16,0
S01012563,6. Caring leisure and other service occupations,11,2,9
S01012563,7. Sales and customer service occupations,18,9,9
S01012563,8. Process plant and machine operatives,7,7,0
S01012563,9. Elementary occupations,14,6,8
S01012564,All people aged 16 to 74 in employment,354,181,173
S01012564,1. Managers directors and senior officials,50,30,20
S01012564,2. Professional occupations,94,41,53
S01012564,3. Associate professional and technical occupations,60,37,23
S01012564,4. Administrative and secretarial occupations,33,5,28
S01012564,5. Skilled trades occupations,29,28,1
S01012564,6. Caring leisure and other service occupations,25,5,20
S01012564,7. Sales and customer service occupations,23,12,11
S01012564,8. Process plant and machine operatives,12,9,3
S01012564,9. Elementary occupations,28,14,14
S01012565,All people aged 16 to 74 in employment,320,167,153
S01012565,1. Managers directors and senior officials,46,34,12
S01012565,2. Professional occupations,95,42,53
S01012565,3. Associate professional and technical occupations,41,22,19
S01012565,4. Administrative and secretarial occupations,31,8,23
S01012565,5. Skilled trades occupations,32,29,3
S01012565,6. Caring leisure and other service occupations,23,6,17
S01012565,7. Sales and customer service occupations,21,9,12
S01012565,8. Process plant and machine operatives,8,8,0
S01012565,9. Elementary occupations,23,9,14
S01012566,All people aged 16 to 74 in employment,349,175,174
S01012566,1. Managers directors and senior officials,46,25,21
S01012566,2. Professional occupations,71,29,42
S01012566,3. Associate professional and technical occupations,49,25,24
S01012566,4. Administrative and secretarial occupations,24,6,18
S01012566,5. Skilled trades occupations,38,33,5
S01012566,6. Caring leisure and other service occupations,37,6,31
S01012566,7. Sales and customer service occupations,27,8,19
S01012566,8. Process plant and machine operatives,20,19,1
S01012566,9. Elementary occupations,37,24,13
S01012567,All people aged 16 to 74 in employment,471,244,227
S01012567,1. Managers directors and senior officials,44,24,20
S01012567,2. Professional occupations,84,35,49
S01012567,3. Associate professional and technical occupations,59,29,30
S01012567,4. Administrative and secretarial occupations,38,8,30
S01012567,5. Skilled trades occupations,75,66,9
S01012567,6. Caring leisure and other service occupations,51,14,37
S01012567,7. Sales and customer service occupations,45,15,30
S01012567,8. Process plant and machine operatives,35,30,5
S01012567,9. Elementary occupations,40,23,17
S01012568,All people aged 16 to 74 in employment,233,121,112
S01012568,1. Managers directors and senior officials,39,29,10
S01012568,2. Professional occupations,81,32,49
S01012568,3. Associate professional and technical occupations,36,17,19
S01012568,4. Administrative and secretarial occupations,19,9,10
S01012568,5. Skilled trades occupations,15,12,3
S01012568,6. Caring leisure and other service occupations,13,5,8
S01012568,7. Sales and customer service occupations,12,8,4
S01012568,8. Process plant and machine operatives,7,6,1
S01012568,9. Elementary occupations,11,3,8
S01012569,All people aged 16 to 74 in employment,323,175,148
S01012569,1. Managers directors and senior officials,63,39,24
S01012569,2. Professional occupations,96,49,47
S01012569,3. Associate professional and technical occupations,57,37,20
S01012569,4. Administrative and secretarial occupations,25,7,18
S01012569,5. Skilled trades occupations,13,12,1
S01012569,6. Caring leisure and other service occupations,22,6,16
S01012569,7. Sales and customer service occupations,16,7,9
S01012569,8. Process plant and machine operatives,7,5,2
S01012569,9. Elementary occupations,24,13,11
S01012570,All people aged 16 to 74 in employment,240,136,104
S01012570,1. Managers directors and senior officials,23,10,13
S01012570,2. Professional occupations,34,14,20
S01012570,3. Associate professional and technical occupations,26,20,6
S01012570,4. Administrative and secretarial occupations,17,5,12
S01012570,5. Skilled trades occupations,60,51,9
S01012570,6. Caring leisure and other service occupations,18,2,16
S01012570,7. Sales and customer service occupations,15,3,12
S01012570,8. Process plant and machine operatives,23,20,3
S01012570,9. Elementary occupations,24,11,13
S01012571,All people aged 16 to 74 in employment,403,223,180
S01012571,1. Managers directors and senior officials,35,20,15
S01012571,2. Professional occupations,60,24,36
S01012571,3. Associate professional and technical occupations,31,18,13
S01012571,4. Administrative and secretarial occupations,44,10,34
S01012571,5. Skilled trades occupations,90,76,14
S01012571,6. Caring leisure and other service occupations,34,3,31
S01012571,7. Sales and customer service occupations,21,3,18
S01012571,8. Process plant and machine operatives,45,43,2
S01012571,9. Elementary occupations,43,26,17
S01012572,All people aged 16 to 74 in employment,264,152,112
S01012572,1. Managers directors and senior officials,23,15,8
S01012572,2. Professional occupations,40,19,21
S01012572,3. Associate professional and technical occupations,24,17,7
S01012572,4. Administrative and secretarial occupations,24,0,24
S01012572,5. Skilled trades occupations,59,55,4
S01012572,6. Caring leisure and other service occupations,24,5,19
S01012572,7. Sales and customer service occupations,15,4,11
S01012572,8. Process plant and machine operatives,20,17,3
S01012572,9. Elementary occupations,35,20,15
S01012573,All people aged 16 to 74 in employment,442,244,198
S01012573,1. Managers directors and senior officials,58,36,22
S01012573,2. Professional occupations,99,46,53
S01012573,3. Associate professional and technical occupations,44,26,18
S01012573,4. Administrative and secretarial occupations,46,10,36
S01012573,5. Skilled trades occupations,80,70,10
S01012573,6. Caring leisure and other service occupations,40,9,31
S01012573,7. Sales and customer service occupations,26,9,17
S01012573,8. Process plant and machine operatives,23,23,0
S01012573,9. Elementary occupations,26,15,11
S01012574,All people aged 16 to 74 in employment,449,232,217
S01012574,1. Managers directors and senior officials,65,42,23
S01012574,2. Professional occupations,92,31,61
S01012574,3. Associate professional and technical occupations,46,25,21
S01012574,4. Administrative and secretarial occupations,49,10,39
S01012574,5. Skilled trades occupations,85,77,8
S01012574,6. Caring leisure and other service occupations,32,6,26
S01012574,7. Sales and customer service occupations,22,6,16
S01012574,8. Process plant and machine operatives,26,22,4
S01012574,9. Elementary occupations,32,13,19
S01012575,All people aged 16 to 74 in employment,330,168,162
S01012575,1. Managers directors and senior officials,37,23,14
S01012575,2. Professional occupations,64,27,37
S01012575,3. Associate professional and technical occupations,35,22,13
S01012575,4. Administrative and secretarial occupations,32,3,29
S01012575,5. Skilled trades occupations,58,49,9
S01012575,6. Caring leisure and other service occupations,38,5,33
S01012575,7. Sales and customer service occupations,19,5,14
S01012575,8. Process plant and machine operatives,17,16,1
S01012575,9. Elementary occupations,30,18,12
S01012576,All people aged 16 to 74 in employment,383,195,188
S01012576,1. Managers directors and senior officials,51,32,19
S01012576,2. Professional occupations,81,37,44
S01012576,3. Associate professional and technical occupations,55,31,24
S01012576,4. Administrative and secretarial occupations,30,7,23
S01012576,5. Skilled trades occupations,56,46,10
S01012576,6. Caring leisure and other service occupations,34,6,28
S01012576,7. Sales and customer service occupations,26,6,20
S01012576,8. Process plant and machine operatives,21,17,4
S01012576,9. Elementary occupations,29,13,16
S01012577,All people aged 16 to 74 in employment,404,217,187
S01012577,1. Managers directors and senior officials,35,28,7
S01012577,2. Professional occupations,75,33,42
S01012577,3. Associate professional and technical occupations,39,21,18
S01012577,4. Administrative and secretarial occupations,27,5,22
S01012577,5. Skilled trades occupations,82,68,14
S01012577,6. Caring leisure and other service occupations,42,5,37
S01012577,7. Sales and customer service occupations,26,4,22
S01012577,8. Process plant and machine operatives,32,29,3
S01012577,9. Elementary occupations,46,24,22
S01012578,All people aged 16 to 74 in employment,411,209,202
S01012578,1. Managers directors and senior officials,53,31,22
S01012578,2. Professional occupations,81,35,46
S01012578,3. Associate professional and technical occupations,43,23,20
S01012578,4. Administrative and secretarial occupations,32,4,28
S01012578,5. Skilled trades occupations,75,63,12
S01012578,6. Caring leisure and other service occupations,27,0,27
S01012578,7. Sales and customer service occupations,38,12,26
S01012578,8. Process plant and machine operatives,27,25,2
S01012578,9. Elementary occupations,35,16,19
S01012579,All people aged 16 to 74 in employment,342,183,159
S01012579,1. Managers directors and senior officials,30,19,11
S01012579,2. Professional occupations,71,32,39
S01012579,3. Associate professional and technical occupations,39,24,15
S01012579,4. Administrative and secretarial occupations,33,6,27
S01012579,5. Skilled trades occupations,57,50,7
S01012579,6. Caring leisure and other service occupations,25,0,25
S01012579,7. Sales and customer service occupations,19,4,15
S01012579,8. Process plant and machine operatives,26,25,1
S01012579,9. Elementary occupations,42,23,19
S01012580,All people aged 16 to 74 in employment,418,228,190
S01012580,1. Managers directors and senior officials,56,28,28
S01012580,2. Professional occupations,96,44,52
S01012580,3. Associate professional and technical occupations,54,30,24
S01012580,4. Administrative and secretarial occupations,28,4,24
S01012580,5. Skilled trades occupations,76,64,12
S01012580,6. Caring leisure and other service occupations,34,11,23
S01012580,7. Sales and customer service occupations,14,8,6
S01012580,8. Process plant and machine operatives,23,20,3
S01012580,9. Elementary occupations,37,19,18
S01012581,All people aged 16 to 74 in employment,321,165,156
S01012581,1. Managers directors and senior officials,8,4,4
S01012581,2. Professional occupations,34,13,21
S01012581,3. Associate professional and technical occupations,29,18,11
S01012581,4. Administrative and secretarial occupations,35,11,24
S01012581,5. Skilled trades occupations,56,47,9
S01012581,6. Caring leisure and other service occupations,57,6,51
S01012581,7. Sales and customer service occupations,17,4,13
S01012581,8. Process plant and machine operatives,42,42,0
S01012581,9. Elementary occupations,43,20,23
S01012582,All people aged 16 to 74 in employment,494,251,243
S01012582,1. Managers directors and senior officials,63,41,22
S01012582,2. Professional occupations,85,32,53
S01012582,3. Associate professional and technical occupations,71,39,32
S01012582,4. Administrative and secretarial occupations,51,5,46
S01012582,5. Skilled trades occupations,82,76,6
S01012582,6. Caring leisure and other service occupations,51,9,42
S01012582,7. Sales and customer service occupations,31,9,22
S01012582,8. Process plant and machine operatives,27,25,2
S01012582,9. Elementary occupations,33,15,18
S01012583,All people aged 16 to 74 in employment,348,183,165
S01012583,1. Managers directors and senior officials,22,10,12
S01012583,2. Professional occupations,45,13,32
S01012583,3. Associate professional and technical occupations,36,19,17
S01012583,4. Administrative and secretarial occupations,32,7,25
S01012583,5. Skilled trades occupations,55,54,1
S01012583,6. Caring leisure and other service occupations,41,8,33
S01012583,7. Sales and customer service occupations,38,9,29
S01012583,8. Process plant and machine operatives,48,44,4
S01012583,9. Elementary occupations,31,19,12
S01012584,All people aged 16 to 74 in employment,368,177,191
S01012584,1. Managers directors and senior officials,27,10,17
S01012584,2. Professional occupations,63,23,40
S01012584,3. Associate professional and technical occupations,44,28,16
S01012584,4. Administrative and secretarial occupations,35,2,33
S01012584,5. Skilled trades occupations,59,51,8
S01012584,6. Caring leisure and other service occupations,29,3,26
S01012584,7. Sales and customer service occupations,35,8,27
S01012584,8. Process plant and machine operatives,41,36,5
S01012584,9. Elementary occupations,35,16,19
S01012585,All people aged 16 to 74 in employment,390,221,169
S01012585,1. Managers directors and senior officials,28,18,10
S01012585,2. Professional occupations,36,19,17
S01012585,3. Associate professional and technical occupations,41,20,21
S01012585,4. Administrative and secretarial occupations,31,8,23
S01012585,5. Skilled trades occupations,70,63,7
S01012585,6. Caring leisure and other service occupations,55,9,46
S01012585,7. Sales and customer service occupations,21,2,19
S01012585,8. Process plant and machine operatives,56,48,8
S01012585,9. Elementary occupations,52,34,18
S01012586,All people aged 16 to 74 in employment,458,249,209
S01012586,1. Managers directors and senior officials,48,26,22
S01012586,2. Professional occupations,88,45,43
S01012586,3. Associate professional and technical occupations,60,36,24
S01012586,4. Administrative and secretarial occupations,39,5,34
S01012586,5. Skilled trades occupations,73,64,9
S01012586,6. Caring leisure and other service occupations,43,9,34
S01012586,7. Sales and customer service occupations,29,12,17
S01012586,8. Process plant and machine operatives,39,35,4
S01012586,9. Elementary occupations,39,17,22
S01012587,All people aged 16 to 74 in employment,461,245,216
S01012587,1. Managers directors and senior officials,60,40,20
S01012587,2. Professional occupations,82,36,46
S01012587,3. Associate professional and technical occupations,50,25,25
S01012587,4. Administrative and secretarial occupations,48,4,44
S01012587,5. Skilled trades occupations,88,78,10
S01012587,6. Caring leisure and other service occupations,32,1,31
S01012587,7. Sales and customer service occupations,28,7,21
S01012587,8. Process plant and machine operatives,43,36,7
S01012587,9. Elementary occupations,30,18,12
S01012588,All people aged 16 to 74 in employment,338,179,159
S01012588,1. Managers directors and senior officials,41,23,18
S01012588,2. Professional occupations,60,24,36
S01012588,3. Associate professional and technical occupations,38,19,19
S01012588,4. Administrative and secretarial occupations,28,5,23
S01012588,5. Skilled trades occupations,61,54,7
S01012588,6. Caring leisure and other service occupations,36,6,30
S01012588,7. Sales and customer service occupations,15,1,14
S01012588,8. Process plant and machine operatives,33,32,1
S01012588,9. Elementary occupations,26,15,11
S01012589,All people aged 16 to 74 in employment,337,171,166
S01012589,1. Managers directors and senior officials,18,10,8
S01012589,2. Professional occupations,26,10,16
S01012589,3. Associate professional and technical occupations,31,20,11
S01012589,4. Administrative and secretarial occupations,43,6,37
S01012589,5. Skilled trades occupations,58,54,4
S01012589,6. Caring leisure and other service occupations,30,4,26
S01012589,7. Sales and customer service occupations,41,5,36
S01012589,8. Process plant and machine operatives,41,36,5
S01012589,9. Elementary occupations,49,26,23
S01012590,All people aged 16 to 74 in employment,342,194,148
S01012590,1. Managers directors and senior officials,23,15,8
S01012590,2. Professional occupations,36,20,16
S01012590,3. Associate professional and technical occupations,32,16,16
S01012590,4. Administrative and secretarial occupations,30,5,25
S01012590,5. Skilled trades occupations,42,38,4
S01012590,6. Caring leisure and other service occupations,35,3,32
S01012590,7. Sales and customer service occupations,33,8,25
S01012590,8. Process plant and machine operatives,54,51,3
S01012590,9. Elementary occupations,57,38,19
S01012591,All people aged 16 to 74 in employment,273,150,123
S01012591,1. Managers directors and senior officials,15,8,7
S01012591,2. Professional occupations,17,9,8
S01012591,3. Associate professional and technical occupations,31,13,18
S01012591,4. Administrative and secretarial occupations,25,4,21
S01012591,5. Skilled trades occupations,42,36,6
S01012591,6. Caring leisure and other service occupations,31,11,20
S01012591,7. Sales and customer service occupations,33,4,29
S01012591,8. Process plant and machine operatives,45,41,4
S01012591,9. Elementary occupations,34,24,10
S01012592,All people aged 16 to 74 in employment,298,165,133
S01012592,1. Managers directors and senior officials,48,37,11
S01012592,2. Professional occupations,67,27,40
S01012592,3. Associate professional and technical occupations,42,25,17
S01012592,4. Administrative and secretarial occupations,32,4,28
S01012592,5. Skilled trades occupations,40,37,3
S01012592,6. Caring leisure and other service occupations,20,4,16
S01012592,7. Sales and customer service occupations,24,11,13
S01012592,8. Process plant and machine operatives,12,12,0
S01012592,9. Elementary occupations,13,8,5
S01012593,All people aged 16 to 74 in employment,471,245,226
S01012593,1. Managers directors and senior officials,38,30,8
S01012593,2. Professional occupations,108,39,69
S01012593,3. Associate professional and technical occupations,76,42,34
S01012593,4. Administrative and secretarial occupations,62,9,53
S01012593,5. Skilled trades occupations,56,53,3
S01012593,6. Caring leisure and other service occupations,36,8,28
S01012593,7. Sales and customer service occupations,28,11,17
S01012593,8. Process plant and machine operatives,38,35,3
S01012593,9. Elementary occupations,29,18,11
S01012594,All people aged 16 to 74 in employment,212,105,107
S01012594,1. Managers directors and senior officials,14,9,5
S01012594,2. Professional occupations,36,9,27
S01012594,3. Associate professional and technical occupations,32,18,14
S01012594,4. Administrative and secretarial occupations,28,6,22
S01012594,5. Skilled trades occupations,33,31,2
S01012594,6. Caring leisure and other service occupations,18,1,17
S01012594,7. Sales and customer service occupations,12,3,9
S01012594,8. Process plant and machine operatives,20,18,2
S01012594,9. Elementary occupations,19,10,9
S01012595,All people aged 16 to 74 in employment,297,154,143
S01012595,1. Managers directors and senior officials,18,13,5
S01012595,2. Professional occupations,42,16,26
S01012595,3. Associate professional and technical occupations,33,20,13
S01012595,4. Administrative and secretarial occupations,37,8,29
S01012595,5. Skilled trades occupations,34,31,3
S01012595,6. Caring leisure and other service occupations,34,5,29
S01012595,7. Sales and customer service occupations,34,10,24
S01012595,8. Process plant and machine operatives,31,31,0
S01012595,9. Elementary occupations,34,20,14
S01012596,All people aged 16 to 74 in employment,336,171,165
S01012596,1. Managers directors and senior officials,24,16,8
S01012596,2. Professional occupations,32,9,23
S01012596,3. Associate professional and technical occupations,33,21,12
S01012596,4. Administrative and secretarial occupations,42,8,34
S01012596,5. Skilled trades occupations,45,41,4
S01012596,6. Caring leisure and other service occupations,44,5,39
S01012596,7. Sales and customer service occupations,27,8,19
S01012596,8. Process plant and machine operatives,42,38,4
S01012596,9. Elementary occupations,47,25,22
S01012597,All people aged 16 to 74 in employment,250,126,124
S01012597,1. Managers directors and senior officials,22,12,10
S01012597,2. Professional occupations,48,16,32
S01012597,3. Associate professional and technical occupations,44,23,21
S01012597,4. Administrative and secretarial occupations,25,3,22
S01012597,5. Skilled trades occupations,35,35,0
S01012597,6. Caring leisure and other service occupations,25,4,21
S01012597,7. Sales and customer service occupations,17,5,12
S01012597,8. Process plant and machine operatives,21,20,1
S01012597,9. Elementary occupations,13,8,5
S01012598,All people aged 16 to 74 in employment,388,202,186
S01012598,1. Managers directors and senior officials,33,22,11
S01012598,2. Professional occupations,109,43,66
S01012598,3. Associate professional and technical occupations,66,41,25
S01012598,4. Administrative and secretarial occupations,42,13,29
S01012598,5. Skilled trades occupations,35,33,2
S01012598,6. Caring leisure and other service occupations,31,7,24
S01012598,7. Sales and customer service occupations,31,13,18
S01012598,8. Process plant and machine operatives,21,19,2
S01012598,9. Elementary occupations,20,11,9
S01012599,All people aged 16 to 74 in employment,317,173,144
S01012599,1. Managers directors and senior officials,31,22,9
S01012599,2. Professional occupations,68,33,35
S01012599,3. Associate professional and technical occupations,55,29,26
S01012599,4. Administrative and secretarial occupations,37,6,31
S01012599,5. Skilled trades occupations,35,33,2
S01012599,6. Caring leisure and other service occupations,23,5,18
S01012599,7. Sales and customer service occupations,26,13,13
S01012599,8. Process plant and machine operatives,23,21,2
S01012599,9. Elementary occupations,19,11,8
S01012600,All people aged 16 to 74 in employment,398,206,192
S01012600,1. Managers directors and senior officials,33,23,10
S01012600,2. Professional occupations,86,35,51
S01012600,3. Associate professional and technical occupations,65,38,27
S01012600,4. Administrative and secretarial occupations,67,17,50
S01012600,5. Skilled trades occupations,42,41,1
S01012600,6. Caring leisure and other service occupations,30,3,27
S01012600,7. Sales and customer service occupations,32,11,21
S01012600,8. Process plant and machine operatives,25,25,0
S01012600,9. Elementary occupations,18,13,5
S01012601,All people aged 16 to 74 in employment,520,269,251
S01012601,1. Managers directors and senior officials,46,31,15
S01012601,2. Professional occupations,112,48,64
S01012601,3. Associate professional and technical occupations,85,52,33
S01012601,4. Administrative and secretarial occupations,68,16,52
S01012601,5. Skilled trades occupations,45,39,6
S01012601,6. Caring leisure and other service occupations,52,8,44
S01012601,7. Sales and customer service occupations,45,23,22
S01012601,8. Process plant and machine operatives,37,35,2
S01012601,9. Elementary occupations,30,17,13
S01012602,All people aged 16 to 74 in employment,244,125,119
S01012602,1. Managers directors and senior officials,23,12,11
S01012602,2. Professional occupations,41,15,26
S01012602,3. Associate professional and technical occupations,28,20,8
S01012602,4. Administrative and secretarial occupations,25,3,22
S01012602,5. Skilled trades occupations,38,33,5
S01012602,6. Caring leisure and other service occupations,21,3,18
S01012602,7. Sales and customer service occupations,22,4,18
S01012602,8. Process plant and machine operatives,24,21,3
S01012602,9. Elementary occupations,22,14,8
S01012603,All people aged 16 to 74 in employment,300,153,147
S01012603,1. Managers directors and senior officials,22,13,9
S01012603,2. Professional occupations,38,17,21
S01012603,3. Associate professional and technical occupations,31,20,11
S01012603,4. Administrative and secretarial occupations,37,4,33
S01012603,5. Skilled trades occupations,32,30,2
S01012603,6. Caring leisure and other service occupations,44,9,35
S01012603,7. Sales and customer service occupations,21,4,17
S01012603,8. Process plant and machine operatives,38,37,1
S01012603,9. Elementary occupations,37,19,18
S01012604,All people aged 16 to 74 in employment,296,154,142
S01012604,1. Managers directors and senior officials,25,14,11
S01012604,2. Professional occupations,40,16,24
S01012604,3. Associate professional and technical occupations,27,14,13
S01012604,4. Administrative and secretarial occupations,32,7,25
S01012604,5. Skilled trades occupations,29,26,3
S01012604,6. Caring leisure and other service occupations,32,6,26
S01012604,7. Sales and customer service occupations,31,9,22
S01012604,8. Process plant and machine operatives,41,40,1
S01012604,9. Elementary occupations,39,22,17
S01012605,All people aged 16 to 74 in employment,211,99,112
S01012605,1. Managers directors and senior officials,11,6,5
S01012605,2. Professional occupations,33,5,28
S01012605,3. Associate professional and technical occupations,23,16,7
S01012605,4. Administrative and secretarial occupations,23,3,20
S01012605,5. Skilled trades occupations,24,22,2
S01012605,6. Caring leisure and other service occupations,27,5,22
S01012605,7. Sales and customer service occupations,19,8,11
S01012605,8. Process plant and machine operatives,22,18,4
S01012605,9. Elementary occupations,29,16,13
S01012606,All people aged 16 to 74 in employment,485,253,232
S01012606,1. Managers directors and senior officials,56,40,16
S01012606,2. Professional occupations,140,56,84
S01012606,3. Associate professional and technical occupations,93,53,40
S01012606,4. Administrative and secretarial occupations,51,9,42
S01012606,5. Skilled trades occupations,47,45,2
S01012606,6. Caring leisure and other service occupations,30,4,26
S01012606,7. Sales and customer service occupations,31,14,17
S01012606,8. Process plant and machine operatives,20,20,0
S01012606,9. Elementary occupations,17,12,5
S01012607,All people aged 16 to 74 in employment,386,206,180
S01012607,1. Managers directors and senior officials,34,24,10
S01012607,2. Professional occupations,67,28,39
S01012607,3. Associate professional and technical occupations,52,28,24
S01012607,4. Administrative and secretarial occupations,34,7,27
S01012607,5. Skilled trades occupations,61,54,7
S01012607,6. Caring leisure and other service occupations,39,8,31
S01012607,7. Sales and customer service occupations,40,13,27
S01012607,8. Process plant and machine operatives,37,31,6
S01012607,9. Elementary occupations,22,13,9
S01012608,All people aged 16 to 74 in employment,390,192,198
S01012608,1. Managers directors and senior officials,20,12,8
S01012608,2. Professional occupations,45,11,34
S01012608,3. Associate professional and technical occupations,49,29,20
S01012608,4. Administrative and secretarial occupations,45,8,37
S01012608,5. Skilled trades occupations,57,51,6
S01012608,6. Caring leisure and other service occupations,37,5,32
S01012608,7. Sales and customer service occupations,36,10,26
S01012608,8. Process plant and machine operatives,45,40,5
S01012608,9. Elementary occupations,56,26,30
S01012609,All people aged 16 to 74 in employment,360,175,185
S01012609,1. Managers directors and senior officials,12,6,6
S01012609,2. Professional occupations,34,14,20
S01012609,3. Associate professional and technical occupations,22,14,8
S01012609,4. Administrative and secretarial occupations,39,2,37
S01012609,5. Skilled trades occupations,53,47,6
S01012609,6. Caring leisure and other service occupations,55,12,43
S01012609,7. Sales and customer service occupations,36,11,25
S01012609,8. Process plant and machine operatives,46,41,5
S01012609,9. Elementary occupations,63,28,35
S01012610,All people aged 16 to 74 in employment,385,192,193
S01012610,1. Managers directors and senior officials,25,11,14
S01012610,2. Professional occupations,45,14,31
S01012610,3. Associate professional and technical occupations,36,19,17
S01012610,4. Administrative and secretarial occupations,33,7,26
S01012610,5. Skilled trades occupations,51,46,5
S01012610,6. Caring leisure and other service occupations,53,10,43
S01012610,7. Sales and customer service occupations,42,15,27
S01012610,8. Process plant and machine operatives,47,40,7
S01012610,9. Elementary occupations,53,30,23
S01012611,All people aged 16 to 74 in employment,405,211,194
S01012611,1. Managers directors and senior officials,23,15,8
S01012611,2. Professional occupations,81,32,49
S01012611,3. Associate professional and technical occupations,59,34,25
S01012611,4. Administrative and secretarial occupations,41,10,31
S01012611,5. Skilled trades occupations,44,43,1
S01012611,6. Caring leisure and other service occupations,51,8,43
S01012611,7. Sales and customer service occupations,38,13,25
S01012611,8. Process plant and machine operatives,35,34,1
S01012611,9. Elementary occupations,33,22,11
S01012612,All people aged 16 to 74 in employment,296,163,133
S01012612,1. Managers directors and senior officials,21,15,6
S01012612,2. Professional occupations,32,14,18
S01012612,3. Associate professional and technical occupations,36,21,15
S01012612,4. Administrative and secretarial occupations,39,7,32
S01012612,5. Skilled trades occupations,36,32,4
S01012612,6. Caring leisure and other service occupations,34,7,27
S01012612,7. Sales and customer service occupations,33,18,15
S01012612,8. Process plant and machine operatives,32,30,2
S01012612,9. Elementary occupations,33,19,14
S01012613,All people aged 16 to 74 in employment,322,168,154
S01012613,1. Managers directors and senior officials,24,16,8
S01012613,2. Professional occupations,44,15,29
S01012613,3. Associate professional and technical occupations,27,18,9
S01012613,4. Administrative and secretarial occupations,34,4,30
S01012613,5. Skilled trades occupations,50,45,5
S01012613,6. Caring leisure and other service occupations,42,11,31
S01012613,7. Sales and customer service occupations,26,8,18
S01012613,8. Process plant and machine operatives,32,29,3
S01012613,9. Elementary occupations,43,22,21
S01012614,All people aged 16 to 74 in employment,494,248,246
S01012614,1. Managers directors and senior officials,35,20,15
S01012614,2. Professional occupations,88,35,53
S01012614,3. Associate professional and technical occupations,69,45,24
S01012614,4. Administrative and secretarial occupations,66,18,48
S01012614,5. Skilled trades occupations,45,43,2
S01012614,6. Caring leisure and other service occupations,59,10,49
S01012614,7. Sales and customer service occupations,49,20,29
S01012614,8. Process plant and machine operatives,42,37,5
S01012614,9. Elementary occupations,41,20,21
S01012615,All people aged 16 to 74 in employment,333,178,155
S01012615,1. Managers directors and senior officials,56,39,17
S01012615,2. Professional occupations,71,35,36
S01012615,3. Associate professional and technical occupations,51,30,21
S01012615,4. Administrative and secretarial occupations,35,4,31
S01012615,5. Skilled trades occupations,42,37,5
S01012615,6. Caring leisure and other service occupations,23,5,18
S01012615,7. Sales and customer service occupations,20,7,13
S01012615,8. Process plant and machine operatives,16,15,1
S01012615,9. Elementary occupations,19,6,13
S01012616,All people aged 16 to 74 in employment,452,243,209
S01012616,1. Managers directors and senior officials,54,37,17
S01012616,2. Professional occupations,90,40,50
S01012616,3. Associate professional and technical occupations,61,38,23
S01012616,4. Administrative and secretarial occupations,40,2,38
S01012616,5. Skilled trades occupations,62,60,2
S01012616,6. Caring leisure and other service occupations,41,8,33
S01012616,7. Sales and customer service occupations,41,15,26
S01012616,8. Process plant and machine operatives,25,23,2
S01012616,9. Elementary occupations,38,20,18
S01012617,All people aged 16 to 74 in employment,227,116,111
S01012617,1. Managers directors and senior officials,31,19,12
S01012617,2. Professional occupations,52,15,37
S01012617,3. Associate professional and technical occupations,21,11,10
S01012617,4. Administrative and secretarial occupations,34,6,28
S01012617,5. Skilled trades occupations,34,33,1
S01012617,6. Caring leisure and other service occupations,10,2,8
S01012617,7. Sales and customer service occupations,18,7,11
S01012617,8. Process plant and machine operatives,14,13,1
S01012617,9. Elementary occupations,13,10,3
S01012618,All people aged 16 to 74 in employment,292,158,134
S01012618,1. Managers directors and senior officials,27,19,8
S01012618,2. Professional occupations,58,23,35
S01012618,3. Associate professional and technical occupations,29,13,16
S01012618,4. Administrative and secretarial occupations,27,6,21
S01012618,5. Skilled trades occupations,51,46,5
S01012618,6. Caring leisure and other service occupations,25,2,23
S01012618,7. Sales and customer service occupations,26,7,19
S01012618,8. Process plant and machine operatives,27,25,2
S01012618,9. Elementary occupations,22,17,5
S01012619,All people aged 16 to 74 in employment,225,110,115
S01012619,1. Managers directors and senior officials,22,12,10
S01012619,2. Professional occupations,31,12,19
S01012619,3. Associate professional and technical occupations,26,14,12
S01012619,4. Administrative and secretarial occupations,27,3,24
S01012619,5. Skilled trades occupations,26,22,4
S01012619,6. Caring leisure and other service occupations,22,3,19
S01012619,7. Sales and customer service occupations,23,8,15
S01012619,8. Process plant and machine operatives,11,11,0
S01012619,9. Elementary occupations,37,25,12
S01012620,All people aged 16 to 74 in employment,369,191,178
S01012620,1. Managers directors and senior officials,38,32,6
S01012620,2. Professional occupations,111,50,61
S01012620,3. Associate professional and technical occupations,49,23,26
S01012620,4. Administrative and secretarial occupations,43,17,26
S01012620,5. Skilled trades occupations,35,32,3
S01012620,6. Caring leisure and other service occupations,34,11,23
S01012620,7. Sales and customer service occupations,25,4,21
S01012620,8. Process plant and machine operatives,14,13,1
S01012620,9. Elementary occupations,20,9,11
S01012621,All people aged 16 to 74 in employment,257,126,131
S01012621,1. Managers directors and senior officials,31,15,16
S01012621,2. Professional occupations,60,27,33
S01012621,3. Associate professional and technical occupations,33,19,14
S01012621,4. Administrative and secretarial occupations,30,6,24
S01012621,5. Skilled trades occupations,25,22,3
S01012621,6. Caring leisure and other service occupations,19,0,19
S01012621,7. Sales and customer service occupations,23,10,13
S01012621,8. Process plant and machine operatives,20,19,1
S01012621,9. Elementary occupations,16,8,8
S01012622,All people aged 16 to 74 in employment,345,176,169
S01012622,1. Managers directors and senior officials,20,12,8
S01012622,2. Professional occupations,57,29,28
S01012622,3. Associate professional and technical occupations,41,27,14
S01012622,4. Administrative and secretarial occupations,45,9,36
S01012622,5. Skilled trades occupations,53,48,5
S01012622,6. Caring leisure and other service occupations,38,2,36
S01012622,7. Sales and customer service occupations,29,7,22
S01012622,8. Process plant and machine operatives,34,31,3
S01012622,9. Elementary occupations,28,11,17
S01012623,All people aged 16 to 74 in employment,301,155,146
S01012623,1. Managers directors and senior officials,15,11,4
S01012623,2. Professional occupations,35,16,19
S01012623,3. Associate professional and technical occupations,25,18,7
S01012623,4. Administrative and secretarial occupations,30,5,25
S01012623,5. Skilled trades occupations,46,43,3
S01012623,6. Caring leisure and other service occupations,62,12,50
S01012623,7. Sales and customer service occupations,24,8,16
S01012623,8. Process plant and machine operatives,21,20,1
S01012623,9. Elementary occupations,43,22,21
S01012624,All people aged 16 to 74 in employment,331,170,161
S01012624,1. Managers directors and senior officials,23,11,12
S01012624,2. Professional occupations,30,10,20
S01012624,3. Associate professional and technical occupations,46,24,22
S01012624,4. Administrative and secretarial occupations,34,6,28
S01012624,5. Skilled trades occupations,61,59,2
S01012624,6. Caring leisure and other service occupations,39,10,29
S01012624,7. Sales and customer service occupations,35,6,29
S01012624,8. Process plant and machine operatives,27,27,0
S01012624,9. Elementary occupations,36,17,19
S01012625,All people aged 16 to 74 in employment,259,116,143
S01012625,1. Managers directors and senior officials,13,4,9
S01012625,2. Professional occupations,36,13,23
S01012625,3. Associate professional and technical occupations,24,11,13
S01012625,4. Administrative and secretarial occupations,30,4,26
S01012625,5. Skilled trades occupations,42,38,4
S01012625,6. Caring leisure and other service occupations,28,4,24
S01012625,7. Sales and customer service occupations,35,11,24
S01012625,8. Process plant and machine operatives,28,24,4
S01012625,9. Elementary occupations,23,7,16
S01012626,All people aged 16 to 74 in employment,249,126,123
S01012626,1. Managers directors and senior officials,11,8,3
S01012626,2. Professional occupations,50,22,28
S01012626,3. Associate professional and technical occupations,37,24,13
S01012626,4. Administrative and secretarial occupations,29,4,25
S01012626,5. Skilled trades occupations,41,39,2
S01012626,6. Caring leisure and other service occupations,24,6,18
S01012626,7. Sales and customer service occupations,24,4,20
S01012626,8. Process plant and machine operatives,7,5,2
S01012626,9. Elementary occupations,26,14,12
S01012627,All people aged 16 to 74 in employment,238,120,118
S01012627,1. Managers directors and senior officials,24,14,10
S01012627,2. Professional occupations,42,19,23
S01012627,3. Associate professional and technical occupations,26,13,13
S01012627,4. Administrative and secretarial occupations,21,4,17
S01012627,5. Skilled trades occupations,28,26,2
S01012627,6. Caring leisure and other service occupations,29,7,22
S01012627,7. Sales and customer service occupations,26,11,15
S01012627,8. Process plant and machine operatives,16,15,1
S01012627,9. Elementary occupations,26,11,15
S01012628,All people aged 16 to 74 in employment,480,255,225
S01012628,1. Managers directors and senior officials,68,40,28
S01012628,2. Professional occupations,132,62,70
S01012628,3. Associate professional and technical occupations,83,55,28
S01012628,4. Administrative and secretarial occupations,42,7,35
S01012628,5. Skilled trades occupations,49,45,4
S01012628,6. Caring leisure and other service occupations,37,8,29
S01012628,7. Sales and customer service occupations,28,6,22
S01012628,8. Process plant and machine operatives,18,18,0
S01012628,9. Elementary occupations,23,14,9
S01012629,All people aged 16 to 74 in employment,250,124,126
S01012629,1. Managers directors and senior officials,37,26,11
S01012629,2. Professional occupations,77,30,47
S01012629,3. Associate professional and technical occupations,42,26,16
S01012629,4. Administrative and secretarial occupations,27,4,23
S01012629,5. Skilled trades occupations,16,15,1
S01012629,6. Caring leisure and other service occupations,16,5,11
S01012629,7. Sales and customer service occupations,10,3,7
S01012629,8. Process plant and machine operatives,10,8,2
S01012629,9. Elementary occupations,15,7,8
S01012630,All people aged 16 to 74 in employment,354,200,154
S01012630,1. Managers directors and senior officials,39,23,16
S01012630,2. Professional occupations,60,28,32
S01012630,3. Associate professional and technical occupations,43,27,16
S01012630,4. Administrative and secretarial occupations,34,10,24
S01012630,5. Skilled trades occupations,39,37,2
S01012630,6. Caring leisure and other service occupations,36,8,28
S01012630,7. Sales and customer service occupations,33,15,18
S01012630,8. Process plant and machine operatives,29,28,1
S01012630,9. Elementary occupations,41,24,17
S01012631,All people aged 16 to 74 in employment,426,207,219
S01012631,1. Managers directors and senior officials,31,19,12
S01012631,2. Professional occupations,67,22,45
S01012631,3. Associate professional and technical occupations,45,28,17
S01012631,4. Administrative and secretarial occupations,39,13,26
S01012631,5. Skilled trades occupations,59,47,12
S01012631,6. Caring leisure and other service occupations,52,6,46
S01012631,7. Sales and customer service occupations,42,11,31
S01012631,8. Process plant and machine operatives,34,30,4
S01012631,9. Elementary occupations,57,31,26
S01012632,All people aged 16 to 74 in employment,375,208,167
S01012632,1. Managers directors and senior officials,45,29,16
S01012632,2. Professional occupations,64,24,40
S01012632,3. Associate professional and technical occupations,46,27,19
S01012632,4. Administrative and secretarial occupations,39,9,30
S01012632,5. Skilled trades occupations,66,58,8
S01012632,6. Caring leisure and other service occupations,46,12,34
S01012632,7. Sales and customer service occupations,14,4,10
S01012632,8. Process plant and machine operatives,29,28,1
S01012632,9. Elementary occupations,26,17,9
S01012633,All people aged 16 to 74 in employment,336,177,159
S01012633,1. Managers directors and senior officials,48,32,16
S01012633,2. Professional occupations,67,26,41
S01012633,3. Associate professional and technical occupations,36,21,15
S01012633,4. Administrative and secretarial occupations,33,9,24
S01012633,5. Skilled trades occupations,50,45,5
S01012633,6. Caring leisure and other service occupations,37,7,30
S01012633,7. Sales and customer service occupations,23,8,15
S01012633,8. Process plant and machine operatives,15,13,2
S01012633,9. Elementary occupations,27,16,11
S01012634,All people aged 16 to 74 in employment,299,148,151
S01012634,1. Managers directors and senior officials,26,18,8
S01012634,2. Professional occupations,33,12,21
S01012634,3. Associate professional and technical occupations,24,16,8
S01012634,4. Administrative and secretarial occupations,35,5,30
S01012634,5. Skilled trades occupations,58,50,8
S01012634,6. Caring leisure and other service occupations,37,5,32
S01012634,7. Sales and customer service occupations,34,7,27
S01012634,8. Process plant and machine operatives,26,23,3
S01012634,9. Elementary occupations,26,12,14
S01012635,All people aged 16 to 74 in employment,537,282,255
S01012635,1. Managers directors and senior officials,70,48,22
S01012635,2. Professional occupations,106,48,58
S01012635,3. Associate professional and technical occupations,83,50,33
S01012635,4. Administrative and secretarial occupations,46,4,42
S01012635,5. Skilled trades occupations,62,54,8
S01012635,6. Caring leisure and other service occupations,63,8,55
S01012635,7. Sales and customer service occupations,30,12,18
S01012635,8. Process plant and machine operatives,33,31,2
S01012635,9. Elementary occupations,44,27,17
S01012636,All people aged 16 to 74 in employment,346,178,168
S01012636,1. Managers directors and senior officials,40,31,9
S01012636,2. Professional occupations,68,26,42
S01012636,3. Associate professional and technical occupations,41,29,12
S01012636,4. Administrative and secretarial occupations,36,3,33
S01012636,5. Skilled trades occupations,61,51,10
S01012636,6. Caring leisure and other service occupations,30,2,28
S01012636,7. Sales and customer service occupations,23,4,19
S01012636,8. Process plant and machine operatives,25,22,3
S01012636,9. Elementary occupations,22,10,12
S01012637,All people aged 16 to 74 in employment,339,176,163
S01012637,1. Managers directors and senior officials,12,6,6
S01012637,2. Professional occupations,23,11,12
S01012637,3. Associate professional and technical occupations,23,9,14
S01012637,4. Administrative and secretarial occupations,32,3,29
S01012637,5. Skilled trades occupations,53,41,12
S01012637,6. Caring leisure and other service occupations,48,10,38
S01012637,7. Sales and customer service occupations,28,7,21
S01012637,8. Process plant and machine operatives,71,67,4
S01012637,9. Elementary occupations,49,22,27
S01012638,All people aged 16 to 74 in employment,373,189,184
S01012638,1. Managers directors and senior officials,24,14,10
S01012638,2. Professional occupations,46,18,28
S01012638,3. Associate professional and technical occupations,43,20,23
S01012638,4. Administrative and secretarial occupations,48,8,40
S01012638,5. Skilled trades occupations,43,38,5
S01012638,6. Caring leisure and other service occupations,34,6,28
S01012638,7. Sales and customer service occupations,26,6,20
S01012638,8. Process plant and machine operatives,67,59,8
S01012638,9. Elementary occupations,42,20,22
S01012639,All people aged 16 to 74 in employment,385,205,180
S01012639,1. Managers directors and senior officials,16,13,3
S01012639,2. Professional occupations,25,11,14
S01012639,3. Associate professional and technical occupations,39,25,14
S01012639,4. Administrative and secretarial occupations,32,4,28
S01012639,5. Skilled trades occupations,65,63,2
S01012639,6. Caring leisure and other service occupations,71,12,59
S01012639,7. Sales and customer service occupations,35,9,26
S01012639,8. Process plant and machine operatives,49,44,5
S01012639,9. Elementary occupations,53,24,29
S01012640,All people aged 16 to 74 in employment,331,178,153
S01012640,1. Managers directors and senior officials,22,14,8
S01012640,2. Professional occupations,19,8,11
S01012640,3. Associate professional and technical occupations,17,10,7
S01012640,4. Administrative and secretarial occupations,27,5,22
S01012640,5. Skilled trades occupations,64,56,8
S01012640,6. Caring leisure and other service occupations,52,3,49
S01012640,7. Sales and customer service occupations,29,7,22
S01012640,8. Process plant and machine operatives,45,42,3
S01012640,9. Elementary occupations,56,33,23
S01012641,All people aged 16 to 74 in employment,398,204,194
S01012641,1. Managers directors and senior officials,27,16,11
S01012641,2. Professional occupations,52,16,36
S01012641,3. Associate professional and technical occupations,28,17,11
S01012641,4. Administrative and secretarial occupations,28,2,26
S01012641,5. Skilled trades occupations,64,58,6
S01012641,6. Caring leisure and other service occupations,63,8,55
S01012641,7. Sales and customer service occupations,38,11,27
S01012641,8. Process plant and machine operatives,46,43,3
S01012641,9. Elementary occupations,52,33,19
S01012642,All people aged 16 to 74 in employment,294,141,153
S01012642,1. Managers directors and senior officials,6,3,3
S01012642,2. Professional occupations,16,4,12
S01012642,3. Associate professional and technical occupations,15,9,6
S01012642,4. Administrative and secretarial occupations,24,5,19
S01012642,5. Skilled trades occupations,45,40,5
S01012642,6. Caring leisure and other service occupations,69,7,62
S01012642,7. Sales and customer service occupations,26,10,16
S01012642,8. Process plant and machine operatives,42,33,9
S01012642,9. Elementary occupations,51,30,21
S01012643,All people aged 16 to 74 in employment,203,103,100
S01012643,1. Managers directors and senior officials,9,5,4
S01012643,2. Professional occupations,15,5,10
S01012643,3. Associate professional and technical occupations,8,2,6
S01012643,4. Administrative and secretarial occupations,21,3,18
S01012643,5. Skilled trades occupations,27,24,3
S01012643,6. Caring leisure and other service occupations,32,8,24
S01012643,7. Sales and customer service occupations,22,9,13
S01012643,8. Process plant and machine operatives,37,34,3
S01012643,9. Elementary occupations,32,13,19
S01012644,All people aged 16 to 74 in employment,291,139,152
S01012644,1. Managers directors and senior officials,13,9,4
S01012644,2. Professional occupations,37,16,21
S01012644,3. Associate professional and technical occupations,26,10,16
S01012644,4. Administrative and secretarial occupations,23,5,18
S01012644,5. Skilled trades occupations,45,35,10
S01012644,6. Caring leisure and other service occupations,50,14,36
S01012644,7. Sales and customer service occupations,32,5,27
S01012644,8. Process plant and machine operatives,35,29,6
S01012644,9. Elementary occupations,30,16,14
S01012645,All people aged 16 to 74 in employment,380,205,175
S01012645,1. Managers directors and senior officials,43,24,19
S01012645,2. Professional occupations,55,22,33
S01012645,3. Associate professional and technical occupations,54,37,17
S01012645,4. Administrative and secretarial occupations,39,7,32
S01012645,5. Skilled trades occupations,62,58,4
S01012645,6. Caring leisure and other service occupations,37,5,32
S01012645,7. Sales and customer service occupations,22,2,20
S01012645,8. Process plant and machine operatives,42,37,5
S01012645,9. Elementary occupations,26,13,13
S01012646,All people aged 16 to 74 in employment,497,260,237
S01012646,1. Managers directors and senior officials,41,27,14
S01012646,2. Professional occupations,83,29,54
S01012646,3. Associate professional and technical occupations,69,43,26
S01012646,4. Administrative and secretarial occupations,56,6,50
S01012646,5. Skilled trades occupations,74,71,3
S01012646,6. Caring leisure and other service occupations,44,4,40
S01012646,7. Sales and customer service occupations,42,15,27
S01012646,8. Process plant and machine operatives,44,43,1
S01012646,9. Elementary occupations,44,22,22
S01012647,All people aged 16 to 74 in employment,422,226,196
S01012647,1. Managers directors and senior officials,42,28,14
S01012647,2. Professional occupations,83,33,50
S01012647,3. Associate professional and technical occupations,75,43,32
S01012647,4. Administrative and secretarial occupations,52,10,42
S01012647,5. Skilled trades occupations,55,48,7
S01012647,6. Caring leisure and other service occupations,27,9,18
S01012647,7. Sales and customer service occupations,36,11,25
S01012647,8. Process plant and machine operatives,30,28,2
S01012647,9. Elementary occupations,22,16,6
S01012648,All people aged 16 to 74 in employment,231,116,115
S01012648,1. Managers directors and senior officials,19,7,12
S01012648,2. Professional occupations,12,6,6
S01012648,3. Associate professional and technical occupations,21,14,7
S01012648,4. Administrative and secretarial occupations,19,2,17
S01012648,5. Skilled trades occupations,38,34,4
S01012648,6. Caring leisure and other service occupations,39,6,33
S01012648,7. Sales and customer service occupations,32,8,24
S01012648,8. Process plant and machine operatives,22,21,1
S01012648,9. Elementary occupations,29,18,11
S01012649,All people aged 16 to 74 in employment,306,156,150
S01012649,1. Managers directors and senior officials,29,20,9
S01012649,2. Professional occupations,43,21,22
S01012649,3. Associate professional and technical occupations,30,19,11
S01012649,4. Administrative and secretarial occupations,33,7,26
S01012649,5. Skilled trades occupations,35,34,1
S01012649,6. Caring leisure and other service occupations,38,3,35
S01012649,7. Sales and customer service occupations,35,10,25
S01012649,8. Process plant and machine operatives,30,26,4
S01012649,9. Elementary occupations,33,16,17
S01012650,All people aged 16 to 74 in employment,303,165,138
S01012650,1. Managers directors and senior officials,35,23,12
S01012650,2. Professional occupations,56,27,29
S01012650,3. Associate professional and technical occupations,38,21,17
S01012650,4. Administrative and secretarial occupations,34,8,26
S01012650,5. Skilled trades occupations,44,40,4
S01012650,6. Caring leisure and other service occupations,24,2,22
S01012650,7. Sales and customer service occupations,27,8,19
S01012650,8. Process plant and machine operatives,19,18,1
S01012650,9. Elementary occupations,26,18,8
S01012651,All people aged 16 to 74 in employment,262,112,150
S01012651,1. Managers directors and senior officials,5,0,5
S01012651,2. Professional occupations,19,4,15
S01012651,3. Associate professional and technical occupations,21,8,13
S01012651,4. Administrative and secretarial occupations,27,3,24
S01012651,5. Skilled trades occupations,46,41,5
S01012651,6. Caring leisure and other service occupations,37,2,35
S01012651,7. Sales and customer service occupations,30,1,29
S01012651,8. Process plant and machine operatives,37,33,4
S01012651,9. Elementary occupations,40,20,20
S01012652,All people aged 16 to 74 in employment,577,313,264
S01012652,1. Managers directors and senior officials,56,34,22
S01012652,2. Professional occupations,94,39,55
S01012652,3. Associate professional and technical occupations,100,59,41
S01012652,4. Administrative and secretarial occupations,72,11,61
S01012652,5. Skilled trades occupations,77,72,5
S01012652,6. Caring leisure and other service occupations,48,9,39
S01012652,7. Sales and customer service occupations,54,28,26
S01012652,8. Process plant and machine operatives,45,43,2
S01012652,9. Elementary occupations,31,18,13
S01012653,All people aged 16 to 74 in employment,407,209,198
S01012653,1. Managers directors and senior officials,33,17,16
S01012653,2. Professional occupations,48,15,33
S01012653,3. Associate professional and technical occupations,35,23,12
S01012653,4. Administrative and secretarial occupations,42,10,32
S01012653,5. Skilled trades occupations,75,68,7
S01012653,6. Caring leisure and other service occupations,40,4,36
S01012653,7. Sales and customer service occupations,44,13,31
S01012653,8. Process plant and machine operatives,43,39,4
S01012653,9. Elementary occupations,47,20,27
S01012654,All people aged 16 to 74 in employment,404,205,199
S01012654,1. Managers directors and senior officials,46,34,12
S01012654,2. Professional occupations,67,23,44
S01012654,3. Associate professional and technical occupations,53,36,17
S01012654,4. Administrative and secretarial occupations,65,8,57
S01012654,5. Skilled trades occupations,58,50,8
S01012654,6. Caring leisure and other service occupations,26,4,22
S01012654,7. Sales and customer service occupations,43,17,26
S01012654,8. Process plant and machine operatives,25,22,3
S01012654,9. Elementary occupations,21,11,10
S01012655,All people aged 16 to 74 in employment,493,257,236
S01012655,1. Managers directors and senior officials,54,38,16
S01012655,2. Professional occupations,47,16,31
S01012655,3. Associate professional and technical occupations,47,27,20
S01012655,4. Administrative and secretarial occupations,64,12,52
S01012655,5. Skilled trades occupations,69,62,7
S01012655,6. Caring leisure and other service occupations,56,8,48
S01012655,7. Sales and customer service occupations,47,15,32
S01012655,8. Process plant and machine operatives,51,38,13
S01012655,9. Elementary occupations,58,41,17
S01012656,All people aged 16 to 74 in employment,346,164,182
S01012656,1. Managers directors and senior officials,16,6,10
S01012656,2. Professional occupations,31,14,17
S01012656,3. Associate professional and technical occupations,32,17,15
S01012656,4. Administrative and secretarial occupations,46,9,37
S01012656,5. Skilled trades occupations,53,46,7
S01012656,6. Caring leisure and other service occupations,40,9,31
S01012656,7. Sales and customer service occupations,44,5,39
S01012656,8. Process plant and machine operatives,45,37,8
S01012656,9. Elementary occupations,39,21,18
S01012657,All people aged 16 to 74 in employment,235,119,116
S01012657,1. Managers directors and senior officials,9,7,2
S01012657,2. Professional occupations,22,11,11
S01012657,3. Associate professional and technical occupations,25,14,11
S01012657,4. Administrative and secretarial occupations,44,11,33
S01012657,5. Skilled trades occupations,31,29,2
S01012657,6. Caring leisure and other service occupations,25,5,20
S01012657,7. Sales and customer service occupations,25,4,21
S01012657,8. Process plant and machine operatives,26,23,3
S01012657,9. Elementary occupations,28,15,13
S01012658,All people aged 16 to 74 in employment,485,245,240
S01012658,1. Managers directors and senior officials,41,28,13
S01012658,2. Professional occupations,76,36,40
S01012658,3. Associate professional and technical occupations,65,37,28
S01012658,4. Administrative and secretarial occupations,70,11,59
S01012658,5. Skilled trades occupations,75,73,2
S01012658,6. Caring leisure and other service occupations,49,5,44
S01012658,7. Sales and customer service occupations,51,16,35
S01012658,8. Process plant and machine operatives,24,18,6
S01012658,9. Elementary occupations,34,21,13
S01012659,All people aged 16 to 74 in employment,590,290,300
S01012659,1. Managers directors and senior officials,62,41,21
S01012659,2. Professional occupations,129,48,81
S01012659,3. Associate professional and technical occupations,101,66,35
S01012659,4. Administrative and secretarial occupations,73,12,61
S01012659,5. Skilled trades occupations,59,52,7
S01012659,6. Caring leisure and other service occupations,49,7,42
S01012659,7. Sales and customer service occupations,55,17,38
S01012659,8. Process plant and machine operatives,38,34,4
S01012659,9. Elementary occupations,24,13,11
S01012660,All people aged 16 to 74 in employment,329,162,167
S01012660,1. Managers directors and senior officials,23,14,9
S01012660,2. Professional occupations,53,21,32
S01012660,3. Associate professional and technical occupations,39,18,21
S01012660,4. Administrative and secretarial occupations,35,6,29
S01012660,5. Skilled trades occupations,48,44,4
S01012660,6. Caring leisure and other service occupations,29,2,27
S01012660,7. Sales and customer service occupations,30,12,18
S01012660,8. Process plant and machine operatives,33,28,5
S01012660,9. Elementary occupations,39,17,22
S01012661,All people aged 16 to 74 in employment,407,208,199
S01012661,1. Managers directors and senior officials,42,25,17
S01012661,2. Professional occupations,54,24,30
S01012661,3. Associate professional and technical occupations,53,32,21
S01012661,4. Administrative and secretarial occupations,54,8,46
S01012661,5. Skilled trades occupations,73,66,7
S01012661,6. Caring leisure and other service occupations,40,5,35
S01012661,7. Sales and customer service occupations,39,12,27
S01012661,8. Process plant and machine operatives,23,17,6
S01012661,9. Elementary occupations,29,19,10
S01012662,All people aged 16 to 74 in employment,312,152,160
S01012662,1. Managers directors and senior officials,21,17,4
S01012662,2. Professional occupations,25,12,13
S01012662,3. Associate professional and technical occupations,33,15,18
S01012662,4. Administrative and secretarial occupations,40,5,35
S01012662,5. Skilled trades occupations,44,39,5
S01012662,6. Caring leisure and other service occupations,42,7,35
S01012662,7. Sales and customer service occupations,31,7,24
S01012662,8. Process plant and machine operatives,36,30,6
S01012662,9. Elementary occupations,40,20,20
S01012663,All people aged 16 to 74 in employment,335,163,172
S01012663,1. Managers directors and senior officials,28,14,14
S01012663,2. Professional occupations,38,16,22
S01012663,3. Associate professional and technical occupations,52,28,24
S01012663,4. Administrative and secretarial occupations,40,3,37
S01012663,5. Skilled trades occupations,47,42,5
S01012663,6. Caring leisure and other service occupations,36,7,29
S01012663,7. Sales and customer service occupations,34,7,27
S01012663,8. Process plant and machine operatives,31,27,4
S01012663,9. Elementary occupations,29,19,10
S01012664,All people aged 16 to 74 in employment,474,252,222
S01012664,1. Managers directors and senior officials,32,21,11
S01012664,2. Professional occupations,56,20,36
S01012664,3. Associate professional and technical occupations,49,27,22
S01012664,4. Administrative and secretarial occupations,54,7,47
S01012664,5. Skilled trades occupations,79,74,5
S01012664,6. Caring leisure and other service occupations,50,7,43
S01012664,7. Sales and customer service occupations,55,17,38
S01012664,8. Process plant and machine operatives,62,54,8
S01012664,9. Elementary occupations,37,25,12
S01012665,All people aged 16 to 74 in employment,262,133,129
S01012665,1. Managers directors and senior officials,18,7,11
S01012665,2. Professional occupations,11,6,5
S01012665,3. Associate professional and technical occupations,24,11,13
S01012665,4. Administrative and secretarial occupations,24,5,19
S01012665,5. Skilled trades occupations,39,37,2
S01012665,6. Caring leisure and other service occupations,40,5,35
S01012665,7. Sales and customer service occupations,29,10,19
S01012665,8. Process plant and machine operatives,38,29,9
S01012665,9. Elementary occupations,39,23,16
S01012666,All people aged 16 to 74 in employment,253,118,135
S01012666,1. Managers directors and senior officials,17,12,5
S01012666,2. Professional occupations,16,4,12
S01012666,3. Associate professional and technical occupations,15,5,10
S01012666,4. Administrative and secretarial occupations,33,6,27
S01012666,5. Skilled trades occupations,34,31,3
S01012666,6. Caring leisure and other service occupations,31,2,29
S01012666,7. Sales and customer service occupations,23,6,17
S01012666,8. Process plant and machine operatives,33,27,6
S01012666,9. Elementary occupations,51,25,26
S01012667,All people aged 16 to 74 in employment,222,107,115
S01012667,1. Managers directors and senior officials,10,5,5
S01012667,2. Professional occupations,14,5,9
S01012667,3. Associate professional and technical occupations,21,14,7
S01012667,4. Administrative and secretarial occupations,29,6,23
S01012667,5. Skilled trades occupations,46,40,6
S01012667,6. Caring leisure and other service occupations,31,2,29
S01012667,7. Sales and customer service occupations,21,3,18
S01012667,8. Process plant and machine operatives,24,18,6
S01012667,9. Elementary occupations,26,14,12
S01012668,All people aged 16 to 74 in employment,315,155,160
S01012668,1. Managers directors and senior officials,23,14,9
S01012668,2. Professional occupations,21,8,13
S01012668,3. Associate professional and technical occupations,27,14,13
S01012668,4. Administrative and secretarial occupations,50,7,43
S01012668,5. Skilled trades occupations,47,42,5
S01012668,6. Caring leisure and other service occupations,35,4,31
S01012668,7. Sales and customer service occupations,30,9,21
S01012668,8. Process plant and machine operatives,49,41,8
S01012668,9. Elementary occupations,33,16,17
S01012669,All people aged 16 to 74 in employment,364,181,183
S01012669,1. Managers directors and senior officials,34,25,9
S01012669,2. Professional occupations,46,14,32
S01012669,3. Associate professional and technical occupations,49,29,20
S01012669,4. Administrative and secretarial occupations,70,17,53
S01012669,5. Skilled trades occupations,41,40,1
S01012669,6. Caring leisure and other service occupations,37,9,28
S01012669,7. Sales and customer service occupations,35,8,27
S01012669,8. Process plant and machine operatives,29,25,4
S01012669,9. Elementary occupations,23,14,9
S01012670,All people aged 16 to 74 in employment,342,171,171
S01012670,1. Managers directors and senior officials,18,13,5
S01012670,2. Professional occupations,58,23,35
S01012670,3. Associate professional and technical occupations,43,28,15
S01012670,4. Administrative and secretarial occupations,50,13,37
S01012670,5. Skilled trades occupations,44,42,2
S01012670,6. Caring leisure and other service occupations,39,6,33
S01012670,7. Sales and customer service occupations,37,10,27
S01012670,8. Process plant and machine operatives,26,23,3
S01012670,9. Elementary occupations,27,13,14
S01012671,All people aged 16 to 74 in employment,438,224,214
S01012671,1. Managers directors and senior officials,30,19,11
S01012671,2. Professional occupations,25,11,14
S01012671,3. Associate professional and technical occupations,38,20,18
S01012671,4. Administrative and secretarial occupations,49,8,41
S01012671,5. Skilled trades occupations,66,62,4
S01012671,6. Caring leisure and other service occupations,59,10,49
S01012671,7. Sales and customer service occupations,48,11,37
S01012671,8. Process plant and machine operatives,61,50,11
S01012671,9. Elementary occupations,62,33,29
S01012672,All people aged 16 to 74 in employment,247,128,119
S01012672,1. Managers directors and senior officials,8,7,1
S01012672,2. Professional occupations,17,5,12
S01012672,3. Associate professional and technical occupations,15,5,10
S01012672,4. Administrative and secretarial occupations,28,7,21
S01012672,5. Skilled trades occupations,47,40,7
S01012672,6. Caring leisure and other service occupations,27,3,24
S01012672,7. Sales and customer service occupations,32,8,24
S01012672,8. Process plant and machine operatives,42,34,8
S01012672,9. Elementary occupations,31,19,12
S01012673,All people aged 16 to 74 in employment,248,115,133
S01012673,1. Managers directors and senior officials,8,3,5
S01012673,2. Professional occupations,9,5,4
S01012673,3. Associate professional and technical occupations,15,7,8
S01012673,4. Administrative and secretarial occupations,27,1,26
S01012673,5. Skilled trades occupations,42,39,3
S01012673,6. Caring leisure and other service occupations,35,6,29
S01012673,7. Sales and customer service occupations,23,4,19
S01012673,8. Process plant and machine operatives,35,26,9
S01012673,9. Elementary occupations,54,24,30
S01012674,All people aged 16 to 74 in employment,190,91,99
S01012674,1. Managers directors and senior officials,10,5,5
S01012674,2. Professional occupations,9,2,7
S01012674,3. Associate professional and technical occupations,17,9,8
S01012674,4. Administrative and secretarial occupations,17,5,12
S01012674,5. Skilled trades occupations,24,22,2
S01012674,6. Caring leisure and other service occupations,26,2,24
S01012674,7. Sales and customer service occupations,23,5,18
S01012674,8. Process plant and machine operatives,23,20,3
S01012674,9. Elementary occupations,41,21,20
S01012675,All people aged 16 to 74 in employment,330,172,158
S01012675,1. Managers directors and senior officials,17,9,8
S01012675,2. Professional occupations,27,13,14
S01012675,3. Associate professional and technical occupations,21,10,11
S01012675,4. Administrative and secretarial occupations,38,10,28
S01012675,5. Skilled trades occupations,53,48,5
S01012675,6. Caring leisure and other service occupations,44,5,39
S01012675,7. Sales and customer service occupations,33,12,21
S01012675,8. Process plant and machine operatives,45,37,8
S01012675,9. Elementary occupations,52,28,24
S01012676,All people aged 16 to 74 in employment,395,202,193
S01012676,1. Managers directors and senior officials,18,9,9
S01012676,2. Professional occupations,33,14,19
S01012676,3. Associate professional and technical occupations,36,22,14
S01012676,4. Administrative and secretarial occupations,46,11,35
S01012676,5. Skilled trades occupations,54,48,6
S01012676,6. Caring leisure and other service occupations,62,12,50
S01012676,7. Sales and customer service occupations,44,11,33
S01012676,8. Process plant and machine operatives,53,49,4
S01012676,9. Elementary occupations,49,26,23
S01012677,All people aged 16 to 74 in employment,243,120,123
S01012677,1. Managers directors and senior officials,12,8,4
S01012677,2. Professional occupations,14,2,12
S01012677,3. Associate professional and technical occupations,27,17,10
S01012677,4. Administrative and secretarial occupations,19,5,14
S01012677,5. Skilled trades occupations,47,44,3
S01012677,6. Caring leisure and other service occupations,36,3,33
S01012677,7. Sales and customer service occupations,27,4,23
S01012677,8. Process plant and machine operatives,23,21,2
S01012677,9. Elementary occupations,38,16,22
S01012678,All people aged 16 to 74 in employment,416,193,223
S01012678,1. Managers directors and senior officials,33,18,15
S01012678,2. Professional occupations,69,21,48
S01012678,3. Associate professional and technical occupations,54,29,25
S01012678,4. Administrative and secretarial occupations,53,5,48
S01012678,5. Skilled trades occupations,64,63,1
S01012678,6. Caring leisure and other service occupations,43,6,37
S01012678,7. Sales and customer service occupations,36,8,28
S01012678,8. Process plant and machine operatives,32,27,5
S01012678,9. Elementary occupations,32,16,16
S01012679,All people aged 16 to 74 in employment,370,196,174
S01012679,1. Managers directors and senior officials,35,21,14
S01012679,2. Professional occupations,56,21,35
S01012679,3. Associate professional and technical occupations,37,22,15
S01012679,4. Administrative and secretarial occupations,35,1,34
S01012679,5. Skilled trades occupations,47,46,1
S01012679,6. Caring leisure and other service occupations,37,8,29
S01012679,7. Sales and customer service occupations,33,9,24
S01012679,8. Process plant and machine operatives,45,39,6
S01012679,9. Elementary occupations,45,29,16
S01012680,All people aged 16 to 74 in employment,309,159,150
S01012680,1. Managers directors and senior officials,28,21,7
S01012680,2. Professional occupations,62,23,39
S01012680,3. Associate professional and technical occupations,48,27,21
S01012680,4. Administrative and secretarial occupations,33,7,26
S01012680,5. Skilled trades occupations,38,35,3
S01012680,6. Caring leisure and other service occupations,32,4,28
S01012680,7. Sales and customer service occupations,28,11,17
S01012680,8. Process plant and machine operatives,26,23,3
S01012680,9. Elementary occupations,14,8,6
S01012681,All people aged 16 to 74 in employment,329,160,169
S01012681,1. Managers directors and senior officials,29,15,14
S01012681,2. Professional occupations,43,12,31
S01012681,3. Associate professional and technical occupations,44,21,23
S01012681,4. Administrative and secretarial occupations,46,12,34
S01012681,5. Skilled trades occupations,61,52,9
S01012681,6. Caring leisure and other service occupations,33,4,29
S01012681,7. Sales and customer service occupations,21,8,13
S01012681,8. Process plant and machine operatives,24,21,3
S01012681,9. Elementary occupations,28,15,13
S01012682,All people aged 16 to 74 in employment,337,167,170
S01012682,1. Managers directors and senior officials,34,22,12
S01012682,2. Professional occupations,58,29,29
S01012682,3. Associate professional and technical occupations,48,26,22
S01012682,4. Administrative and secretarial occupations,48,5,43
S01012682,5. Skilled trades occupations,49,43,6
S01012682,6. Caring leisure and other service occupations,32,4,28
S01012682,7. Sales and customer service occupations,29,10,19
S01012682,8. Process plant and machine operatives,19,16,3
S01012682,9. Elementary occupations,20,12,8
S01012683,All people aged 16 to 74 in employment,356,182,174
S01012683,1. Managers directors and senior officials,23,15,8
S01012683,2. Professional occupations,45,19,26
S01012683,3. Associate professional and technical occupations,43,20,23
S01012683,4. Administrative and secretarial occupations,39,7,32
S01012683,5. Skilled trades occupations,47,44,3
S01012683,6. Caring leisure and other service occupations,42,5,37
S01012683,7. Sales and customer service occupations,43,11,32
S01012683,8. Process plant and machine operatives,36,34,2
S01012683,9. Elementary occupations,38,27,11
S01012684,All people aged 16 to 74 in employment,270,134,136
S01012684,1. Managers directors and senior officials,31,23,8
S01012684,2. Professional occupations,60,21,39
S01012684,3. Associate professional and technical occupations,38,22,16
S01012684,4. Administrative and secretarial occupations,36,8,28
S01012684,5. Skilled trades occupations,32,30,2
S01012684,6. Caring leisure and other service occupations,25,4,21
S01012684,7. Sales and customer service occupations,17,7,10
S01012684,8. Process plant and machine operatives,14,13,1
S01012684,9. Elementary occupations,17,6,11
S01012685,All people aged 16 to 74 in employment,371,187,184
S01012685,1. Managers directors and senior officials,32,24,8
S01012685,2. Professional occupations,42,15,27
S01012685,3. Associate professional and technical occupations,39,23,16
S01012685,4. Administrative and secretarial occupations,43,5,38
S01012685,5. Skilled trades occupations,66,60,6
S01012685,6. Caring leisure and other service occupations,51,4,47
S01012685,7. Sales and customer service occupations,28,9,19
S01012685,8. Process plant and machine operatives,29,27,2
S01012685,9. Elementary occupations,41,20,21
S01012686,All people aged 16 to 74 in employment,497,275,222
S01012686,1. Managers directors and senior officials,56,35,21
S01012686,2. Professional occupations,133,58,75
S01012686,3. Associate professional and technical occupations,69,52,17
S01012686,4. Administrative and secretarial occupations,62,9,53
S01012686,5. Skilled trades occupations,63,58,5
S01012686,6. Caring leisure and other service occupations,31,8,23
S01012686,7. Sales and customer service occupations,38,21,17
S01012686,8. Process plant and machine operatives,19,17,2
S01012686,9. Elementary occupations,26,17,9
S01012687,All people aged 16 to 74 in employment,211,104,107
S01012687,1. Managers directors and senior officials,35,24,11
S01012687,2. Professional occupations,54,24,30
S01012687,3. Associate professional and technical occupations,38,24,14
S01012687,4. Administrative and secretarial occupations,31,3,28
S01012687,5. Skilled trades occupations,12,12,0
S01012687,6. Caring leisure and other service occupations,15,2,13
S01012687,7. Sales and customer service occupations,5,2,3
S01012687,8. Process plant and machine operatives,6,4,2
S01012687,9. Elementary occupations,15,9,6
S01012688,All people aged 16 to 74 in employment,374,201,173
S01012688,1. Managers directors and senior officials,35,26,9
S01012688,2. Professional occupations,94,45,49
S01012688,3. Associate professional and technical occupations,60,31,29
S01012688,4. Administrative and secretarial occupations,47,8,39
S01012688,5. Skilled trades occupations,38,36,2
S01012688,6. Caring leisure and other service occupations,29,7,22
S01012688,7. Sales and customer service occupations,31,17,14
S01012688,8. Process plant and machine operatives,23,21,2
S01012688,9. Elementary occupations,17,10,7
S01012689,All people aged 16 to 74 in employment,233,119,114
S01012689,1. Managers directors and senior officials,38,26,12
S01012689,2. Professional occupations,63,25,38
S01012689,3. Associate professional and technical occupations,29,19,10
S01012689,4. Administrative and secretarial occupations,17,2,15
S01012689,5. Skilled trades occupations,31,27,4
S01012689,6. Caring leisure and other service occupations,20,3,17
S01012689,7. Sales and customer service occupations,13,5,8
S01012689,8. Process plant and machine operatives,10,8,2
S01012689,9. Elementary occupations,12,4,8
S01012690,All people aged 16 to 74 in employment,261,141,120
S01012690,1. Managers directors and senior officials,13,9,4
S01012690,2. Professional occupations,66,25,41
S01012690,3. Associate professional and technical occupations,31,25,6
S01012690,4. Administrative and secretarial occupations,34,7,27
S01012690,5. Skilled trades occupations,32,30,2
S01012690,6. Caring leisure and other service occupations,28,8,20
S01012690,7. Sales and customer service occupations,21,8,13
S01012690,8. Process plant and machine operatives,15,15,0
S01012690,9. Elementary occupations,21,14,7
S01012691,All people aged 16 to 74 in employment,360,184,176
S01012691,1. Managers directors and senior officials,51,41,10
S01012691,2. Professional occupations,121,54,67
S01012691,3. Associate professional and technical occupations,67,34,33
S01012691,4. Administrative and secretarial occupations,34,7,27
S01012691,5. Skilled trades occupations,20,20,0
S01012691,6. Caring leisure and other service occupations,13,1,12
S01012691,7. Sales and customer service occupations,25,8,17
S01012691,8. Process plant and machine operatives,11,11,0
S01012691,9. Elementary occupations,18,8,10
S01012692,All people aged 16 to 74 in employment,339,167,172
S01012692,1. Managers directors and senior officials,29,18,11
S01012692,2. Professional occupations,72,29,43
S01012692,3. Associate professional and technical occupations,46,31,15
S01012692,4. Administrative and secretarial occupations,42,8,34
S01012692,5. Skilled trades occupations,48,41,7
S01012692,6. Caring leisure and other service occupations,39,8,31
S01012692,7. Sales and customer service occupations,23,10,13
S01012692,8. Process plant and machine operatives,14,14,0
S01012692,9. Elementary occupations,26,8,18
S01012693,All people aged 16 to 74 in employment,473,246,227
S01012693,1. Managers directors and senior officials,82,60,22
S01012693,2. Professional occupations,132,61,71
S01012693,3. Associate professional and technical occupations,74,45,29
S01012693,4. Administrative and secretarial occupations,56,14,42
S01012693,5. Skilled trades occupations,33,31,2
S01012693,6. Caring leisure and other service occupations,35,4,31
S01012693,7. Sales and customer service occupations,29,13,16
S01012693,8. Process plant and machine operatives,10,10,0
S01012693,9. Elementary occupations,22,8,14
S01012694,All people aged 16 to 74 in employment,228,112,116
S01012694,1. Managers directors and senior officials,18,10,8
S01012694,2. Professional occupations,43,17,26
S01012694,3. Associate professional and technical occupations,34,24,10
S01012694,4. Administrative and secretarial occupations,31,9,22
S01012694,5. Skilled trades occupations,22,21,1
S01012694,6. Caring leisure and other service occupations,23,3,20
S01012694,7. Sales and customer service occupations,25,10,15
S01012694,8. Process plant and machine operatives,11,8,3
S01012694,9. Elementary occupations,21,10,11
S01012695,All people aged 16 to 74 in employment,412,228,184
S01012695,1. Managers directors and senior officials,57,34,23
S01012695,2. Professional occupations,66,35,31
S01012695,3. Associate professional and technical occupations,37,21,16
S01012695,4. Administrative and secretarial occupations,43,7,36
S01012695,5. Skilled trades occupations,71,63,8
S01012695,6. Caring leisure and other service occupations,39,6,33
S01012695,7. Sales and customer service occupations,28,11,17
S01012695,8. Process plant and machine operatives,36,34,2
S01012695,9. Elementary occupations,35,17,18
S01012696,All people aged 16 to 74 in employment,415,231,184
S01012696,1. Managers directors and senior officials,52,36,16
S01012696,2. Professional occupations,74,38,36
S01012696,3. Associate professional and technical occupations,54,26,28
S01012696,4. Administrative and secretarial occupations,49,12,37
S01012696,5. Skilled trades occupations,80,70,10
S01012696,6. Caring leisure and other service occupations,25,5,20
S01012696,7. Sales and customer service occupations,26,8,18
S01012696,8. Process plant and machine operatives,22,19,3
S01012696,9. Elementary occupations,33,17,16
S01012697,All people aged 16 to 74 in employment,265,141,124
S01012697,1. Managers directors and senior officials,26,17,9
S01012697,2. Professional occupations,65,29,36
S01012697,3. Associate professional and technical occupations,27,14,13
S01012697,4. Administrative and secretarial occupations,22,4,18
S01012697,5. Skilled trades occupations,54,41,13
S01012697,6. Caring leisure and other service occupations,19,4,15
S01012697,7. Sales and customer service occupations,13,5,8
S01012697,8. Process plant and machine operatives,17,14,3
S01012697,9. Elementary occupations,22,13,9
S01012698,All people aged 16 to 74 in employment,397,206,191
S01012698,1. Managers directors and senior officials,45,26,19
S01012698,2. Professional occupations,79,42,37
S01012698,3. Associate professional and technical occupations,50,28,22
S01012698,4. Administrative and secretarial occupations,43,5,38
S01012698,5. Skilled trades occupations,64,56,8
S01012698,6. Caring leisure and other service occupations,36,4,32
S01012698,7. Sales and customer service occupations,29,8,21
S01012698,8. Process plant and machine operatives,22,21,1
S01012698,9. Elementary occupations,29,16,13
S01012699,All people aged 16 to 74 in employment,548,274,274
S01012699,1. Managers directors and senior officials,63,41,22
S01012699,2. Professional occupations,105,47,58
S01012699,3. Associate professional and technical occupations,67,31,36
S01012699,4. Administrative and secretarial occupations,66,11,55
S01012699,5. Skilled trades occupations,103,92,11
S01012699,6. Caring leisure and other service occupations,47,4,43
S01012699,7. Sales and customer service occupations,42,12,30
S01012699,8. Process plant and machine operatives,22,20,2
S01012699,9. Elementary occupations,33,16,17
S01012700,All people aged 16 to 74 in employment,403,207,196
S01012700,1. Managers directors and senior officials,55,35,20
S01012700,2. Professional occupations,72,33,39
S01012700,3. Associate professional and technical occupations,49,23,26
S01012700,4. Administrative and secretarial occupations,41,6,35
S01012700,5. Skilled trades occupations,62,56,6
S01012700,6. Caring leisure and other service occupations,37,6,31
S01012700,7. Sales and customer service occupations,39,13,26
S01012700,8. Process plant and machine operatives,29,22,7
S01012700,9. Elementary occupations,19,13,6
S01012701,All people aged 16 to 74 in employment,264,139,125
S01012701,1. Managers directors and senior officials,25,16,9
S01012701,2. Professional occupations,55,27,28
S01012701,3. Associate professional and technical occupations,37,21,16
S01012701,4. Administrative and secretarial occupations,40,5,35
S01012701,5. Skilled trades occupations,34,33,1
S01012701,6. Caring leisure and other service occupations,14,4,10
S01012701,7. Sales and customer service occupations,26,11,15
S01012701,8. Process plant and machine operatives,12,10,2
S01012701,9. Elementary occupations,21,12,9
S01012702,All people aged 16 to 74 in employment,315,159,156
S01012702,1. Managers directors and senior officials,50,34,16
S01012702,2. Professional occupations,79,30,49
S01012702,3. Associate professional and technical occupations,36,20,16
S01012702,4. Administrative and secretarial occupations,31,11,20
S01012702,5. Skilled trades occupations,36,34,2
S01012702,6. Caring leisure and other service occupations,29,5,24
S01012702,7. Sales and customer service occupations,27,7,20
S01012702,8. Process plant and machine operatives,14,12,2
S01012702,9. Elementary occupations,13,6,7
S01012703,All people aged 16 to 74 in employment,361,178,183
S01012703,1. Managers directors and senior officials,32,24,8
S01012703,2. Professional occupations,49,28,21
S01012703,3. Associate professional and technical occupations,67,41,26
S01012703,4. Administrative and secretarial occupations,52,5,47
S01012703,5. Skilled trades occupations,38,37,1
S01012703,6. Caring leisure and other service occupations,29,3,26
S01012703,7. Sales and customer service occupations,45,13,32
S01012703,8. Process plant and machine operatives,17,12,5
S01012703,9. Elementary occupations,32,15,17
S01012704,All people aged 16 to 74 in employment,338,166,172
S01012704,1. Managers directors and senior officials,19,13,6
S01012704,2. Professional occupations,21,5,16
S01012704,3. Associate professional and technical occupations,18,10,8
S01012704,4. Administrative and secretarial occupations,46,17,29
S01012704,5. Skilled trades occupations,47,45,2
S01012704,6. Caring leisure and other service occupations,46,6,40
S01012704,7. Sales and customer service occupations,34,5,29
S01012704,8. Process plant and machine operatives,49,40,9
S01012704,9. Elementary occupations,58,25,33
S01012705,All people aged 16 to 74 in employment,458,224,234
S01012705,1. Managers directors and senior officials,56,40,16
S01012705,2. Professional occupations,90,38,52
S01012705,3. Associate professional and technical occupations,77,48,29
S01012705,4. Administrative and secretarial occupations,70,8,62
S01012705,5. Skilled trades occupations,54,51,3
S01012705,6. Caring leisure and other service occupations,29,2,27
S01012705,7. Sales and customer service occupations,46,13,33
S01012705,8. Process plant and machine operatives,17,17,0
S01012705,9. Elementary occupations,19,7,12
S01012706,All people aged 16 to 74 in employment,308,166,142
S01012706,1. Managers directors and senior officials,14,6,8
S01012706,2. Professional occupations,26,9,17
S01012706,3. Associate professional and technical occupations,22,16,6
S01012706,4. Administrative and secretarial occupations,27,5,22
S01012706,5. Skilled trades occupations,50,47,3
S01012706,6. Caring leisure and other service occupations,30,4,26
S01012706,7. Sales and customer service occupations,36,11,25
S01012706,8. Process plant and machine operatives,39,31,8
S01012706,9. Elementary occupations,64,37,27
S01012707,All people aged 16 to 74 in employment,514,259,255
S01012707,1. Managers directors and senior officials,42,27,15
S01012707,2. Professional occupations,138,67,71
S01012707,3. Associate professional and technical occupations,70,45,25
S01012707,4. Administrative and secretarial occupations,77,11,66
S01012707,5. Skilled trades occupations,45,42,3
S01012707,6. Caring leisure and other service occupations,35,1,34
S01012707,7. Sales and customer service occupations,54,23,31
S01012707,8. Process plant and machine operatives,26,24,2
S01012707,9. Elementary occupations,27,19,8
S01012708,All people aged 16 to 74 in employment,299,148,151
S01012708,1. Managers directors and senior officials,18,7,11
S01012708,2. Professional occupations,28,14,14
S01012708,3. Associate professional and technical occupations,30,17,13
S01012708,4. Administrative and secretarial occupations,34,8,26
S01012708,5. Skilled trades occupations,39,37,2
S01012708,6. Caring leisure and other service occupations,26,5,21
S01012708,7. Sales and customer service occupations,43,10,33
S01012708,8. Process plant and machine operatives,35,31,4
S01012708,9. Elementary occupations,46,19,27
S01012709,All people aged 16 to 74 in employment,217,98,119
S01012709,1. Managers directors and senior officials,8,4,4
S01012709,2. Professional occupations,39,12,27
S01012709,3. Associate professional and technical occupations,26,16,10
S01012709,4. Administrative and secretarial occupations,33,9,24
S01012709,5. Skilled trades occupations,23,22,1
S01012709,6. Caring leisure and other service occupations,12,2,10
S01012709,7. Sales and customer service occupations,26,5,21
S01012709,8. Process plant and machine operatives,21,18,3
S01012709,9. Elementary occupations,29,10,19
S01012710,All people aged 16 to 74 in employment,336,175,161
S01012710,1. Managers directors and senior officials,31,23,8
S01012710,2. Professional occupations,41,18,23
S01012710,3. Associate professional and technical occupations,40,23,17
S01012710,4. Administrative and secretarial occupations,38,13,25
S01012710,5. Skilled trades occupations,45,41,4
S01012710,6. Caring leisure and other service occupations,29,4,25
S01012710,7. Sales and customer service occupations,46,14,32
S01012710,8. Process plant and machine operatives,24,20,4
S01012710,9. Elementary occupations,42,19,23
S01012711,All people aged 16 to 74 in employment,332,158,174
S01012711,1. Managers directors and senior officials,20,11,9
S01012711,2. Professional occupations,42,17,25
S01012711,3. Associate professional and technical occupations,37,20,17
S01012711,4. Administrative and secretarial occupations,38,6,32
S01012711,5. Skilled trades occupations,43,39,4
S01012711,6. Caring leisure and other service occupations,36,8,28
S01012711,7. Sales and customer service occupations,29,9,20
S01012711,8. Process plant and machine operatives,32,22,10
S01012711,9. Elementary occupations,55,26,29
S01012712,All people aged 16 to 74 in employment,367,191,176
S01012712,1. Managers directors and senior officials,26,22,4
S01012712,2. Professional occupations,107,42,65
S01012712,3. Associate professional and technical occupations,58,40,18
S01012712,4. Administrative and secretarial occupations,50,14,36
S01012712,5. Skilled trades occupations,43,42,1
S01012712,6. Caring leisure and other service occupations,26,0,26
S01012712,7. Sales and customer service occupations,32,12,20
S01012712,8. Process plant and machine operatives,12,11,1
S01012712,9. Elementary occupations,13,8,5
S01012713,All people aged 16 to 74 in employment,327,167,160
S01012713,1. Managers directors and senior officials,38,24,14
S01012713,2. Professional occupations,71,30,41
S01012713,3. Associate professional and technical occupations,49,20,29
S01012713,4. Administrative and secretarial occupations,43,14,29
S01012713,5. Skilled trades occupations,33,31,2
S01012713,6. Caring leisure and other service occupations,18,4,14
S01012713,7. Sales and customer service occupations,26,6,20
S01012713,8. Process plant and machine operatives,17,15,2
S01012713,9. Elementary occupations,32,23,9
S01012714,All people aged 16 to 74 in employment,267,138,129
S01012714,1. Managers directors and senior officials,30,23,7
S01012714,2. Professional occupations,60,28,32
S01012714,3. Associate professional and technical occupations,41,25,16
S01012714,4. Administrative and secretarial occupations,42,8,34
S01012714,5. Skilled trades occupations,25,25,0
S01012714,6. Caring leisure and other service occupations,23,1,22
S01012714,7. Sales and customer service occupations,20,9,11
S01012714,8. Process plant and machine operatives,14,12,2
S01012714,9. Elementary occupations,12,7,5
S01012715,All people aged 16 to 74 in employment,333,171,162
S01012715,1. Managers directors and senior officials,22,14,8
S01012715,2. Professional occupations,68,27,41
S01012715,3. Associate professional and technical occupations,42,24,18
S01012715,4. Administrative and secretarial occupations,43,13,30
S01012715,5. Skilled trades occupations,48,41,7
S01012715,6. Caring leisure and other service occupations,30,9,21
S01012715,7. Sales and customer service occupations,27,13,14
S01012715,8. Process plant and machine operatives,24,17,7
S01012715,9. Elementary occupations,29,13,16
S01012716,All people aged 16 to 74 in employment,371,198,173
S01012716,1. Managers directors and senior officials,56,38,18
S01012716,2. Professional occupations,121,62,59
S01012716,3. Associate professional and technical occupations,47,28,19
S01012716,4. Administrative and secretarial occupations,44,9,35
S01012716,5. Skilled trades occupations,23,22,1
S01012716,6. Caring leisure and other service occupations,17,3,14
S01012716,7. Sales and customer service occupations,25,9,16
S01012716,8. Process plant and machine operatives,18,14,4
S01012716,9. Elementary occupations,20,13,7
S01012717,All people aged 16 to 74 in employment,433,221,212
S01012717,1. Managers directors and senior officials,42,26,16
S01012717,2. Professional occupations,82,40,42
S01012717,3. Associate professional and technical occupations,54,30,24
S01012717,4. Administrative and secretarial occupations,70,20,50
S01012717,5. Skilled trades occupations,45,41,4
S01012717,6. Caring leisure and other service occupations,31,4,27
S01012717,7. Sales and customer service occupations,40,18,22
S01012717,8. Process plant and machine operatives,34,21,13
S01012717,9. Elementary occupations,35,21,14
S01012718,All people aged 16 to 74 in employment,469,255,214
S01012718,1. Managers directors and senior officials,75,50,25
S01012718,2. Professional occupations,108,55,53
S01012718,3. Associate professional and technical occupations,77,39,38
S01012718,4. Administrative and secretarial occupations,66,17,49
S01012718,5. Skilled trades occupations,40,36,4
S01012718,6. Caring leisure and other service occupations,25,10,15
S01012718,7. Sales and customer service occupations,28,10,18
S01012718,8. Process plant and machine operatives,30,23,7
S01012718,9. Elementary occupations,20,15,5
S01012719,All people aged 16 to 74 in employment,407,224,183
S01012719,1. Managers directors and senior officials,42,26,16
S01012719,2. Professional occupations,82,41,41
S01012719,3. Associate professional and technical occupations,62,39,23
S01012719,4. Administrative and secretarial occupations,62,19,43
S01012719,5. Skilled trades occupations,52,47,5
S01012719,6. Caring leisure and other service occupations,16,0,16
S01012719,7. Sales and customer service occupations,45,17,28
S01012719,8. Process plant and machine operatives,17,15,2
S01012719,9. Elementary occupations,29,20,9
S01012720,All people aged 16 to 74 in employment,318,170,148
S01012720,1. Managers directors and senior officials,28,18,10
S01012720,2. Professional occupations,72,35,37
S01012720,3. Associate professional and technical occupations,46,30,16
S01012720,4. Administrative and secretarial occupations,40,10,30
S01012720,5. Skilled trades occupations,28,27,1
S01012720,6. Caring leisure and other service occupations,28,5,23
S01012720,7. Sales and customer service occupations,32,15,17
S01012720,8. Process plant and machine operatives,21,14,7
S01012720,9. Elementary occupations,23,16,7
S01012721,All people aged 16 to 74 in employment,306,160,146
S01012721,1. Managers directors and senior officials,19,11,8
S01012721,2. Professional occupations,38,17,21
S01012721,3. Associate professional and technical occupations,36,24,12
S01012721,4. Administrative and secretarial occupations,55,10,45
S01012721,5. Skilled trades occupations,34,34,0
S01012721,6. Caring leisure and other service occupations,28,3,25
S01012721,7. Sales and customer service occupations,33,11,22
S01012721,8. Process plant and machine operatives,33,27,6
S01012721,9. Elementary occupations,30,23,7
S01012722,All people aged 16 to 74 in employment,275,136,139
S01012722,1. Managers directors and senior officials,13,6,7
S01012722,2. Professional occupations,27,11,16
S01012722,3. Associate professional and technical occupations,22,11,11
S01012722,4. Administrative and secretarial occupations,35,9,26
S01012722,5. Skilled trades occupations,44,40,4
S01012722,6. Caring leisure and other service occupations,43,9,34
S01012722,7. Sales and customer service occupations,29,7,22
S01012722,8. Process plant and machine operatives,28,22,6
S01012722,9. Elementary occupations,34,21,13
S01012723,All people aged 16 to 74 in employment,290,138,152
S01012723,1. Managers directors and senior officials,19,9,10
S01012723,2. Professional occupations,21,12,9
S01012723,3. Associate professional and technical occupations,28,14,14
S01012723,4. Administrative and secretarial occupations,38,7,31
S01012723,5. Skilled trades occupations,33,31,2
S01012723,6. Caring leisure and other service occupations,22,5,17
S01012723,7. Sales and customer service occupations,38,8,30
S01012723,8. Process plant and machine operatives,38,27,11
S01012723,9. Elementary occupations,53,25,28
S01012724,All people aged 16 to 74 in employment,359,192,167
S01012724,1. Managers directors and senior officials,24,14,10
S01012724,2. Professional occupations,71,38,33
S01012724,3. Associate professional and technical occupations,48,29,19
S01012724,4. Administrative and secretarial occupations,41,10,31
S01012724,5. Skilled trades occupations,45,39,6
S01012724,6. Caring leisure and other service occupations,29,5,24
S01012724,7. Sales and customer service occupations,35,9,26
S01012724,8. Process plant and machine operatives,31,27,4
S01012724,9. Elementary occupations,35,21,14
S01012725,All people aged 16 to 74 in employment,473,256,217
S01012725,1. Managers directors and senior officials,46,30,16
S01012725,2. Professional occupations,96,49,47
S01012725,3. Associate professional and technical occupations,66,44,22
S01012725,4. Administrative and secretarial occupations,66,17,49
S01012725,5. Skilled trades occupations,46,42,4
S01012725,6. Caring leisure and other service occupations,39,9,30
S01012725,7. Sales and customer service occupations,42,18,24
S01012725,8. Process plant and machine operatives,29,25,4
S01012725,9. Elementary occupations,43,22,21
S01012726,All people aged 16 to 74 in employment,249,126,123
S01012726,1. Managers directors and senior officials,16,10,6
S01012726,2. Professional occupations,24,10,14
S01012726,3. Associate professional and technical occupations,20,14,6
S01012726,4. Administrative and secretarial occupations,37,8,29
S01012726,5. Skilled trades occupations,31,27,4
S01012726,6. Caring leisure and other service occupations,23,3,20
S01012726,7. Sales and customer service occupations,33,10,23
S01012726,8. Process plant and machine operatives,36,31,5
S01012726,9. Elementary occupations,29,13,16
S01012727,All people aged 16 to 74 in employment,272,135,137
S01012727,1. Managers directors and senior officials,20,9,11
S01012727,2. Professional occupations,23,8,15
S01012727,3. Associate professional and technical occupations,21,12,9
S01012727,4. Administrative and secretarial occupations,24,7,17
S01012727,5. Skilled trades occupations,49,42,7
S01012727,6. Caring leisure and other service occupations,27,6,21
S01012727,7. Sales and customer service occupations,42,9,33
S01012727,8. Process plant and machine operatives,29,23,6
S01012727,9. Elementary occupations,37,19,18
S01012728,All people aged 16 to 74 in employment,285,140,145
S01012728,1. Managers directors and senior officials,13,6,7
S01012728,2. Professional occupations,12,5,7
S01012728,3. Associate professional and technical occupations,24,12,12
S01012728,4. Administrative and secretarial occupations,32,9,23
S01012728,5. Skilled trades occupations,36,32,4
S01012728,6. Caring leisure and other service occupations,44,8,36
S01012728,7. Sales and customer service occupations,28,13,15
S01012728,8. Process plant and machine operatives,40,31,9
S01012728,9. Elementary occupations,56,24,32
S01012729,All people aged 16 to 74 in employment,433,208,225
S01012729,1. Managers directors and senior officials,31,17,14
S01012729,2. Professional occupations,72,29,43
S01012729,3. Associate professional and technical occupations,53,24,29
S01012729,4. Administrative and secretarial occupations,54,8,46
S01012729,5. Skilled trades occupations,62,57,5
S01012729,6. Caring leisure and other service occupations,36,9,27
S01012729,7. Sales and customer service occupations,55,13,42
S01012729,8. Process plant and machine operatives,42,36,6
S01012729,9. Elementary occupations,28,15,13
S01012730,All people aged 16 to 74 in employment,256,122,134
S01012730,1. Managers directors and senior officials,10,4,6
S01012730,2. Professional occupations,16,4,12
S01012730,3. Associate professional and technical occupations,19,14,5
S01012730,4. Administrative and secretarial occupations,37,4,33
S01012730,5. Skilled trades occupations,30,27,3
S01012730,6. Caring leisure and other service occupations,30,1,29
S01012730,7. Sales and customer service occupations,32,15,17
S01012730,8. Process plant and machine operatives,38,32,6
S01012730,9. Elementary occupations,44,21,23
S01012731,All people aged 16 to 74 in employment,348,181,167
S01012731,1. Managers directors and senior officials,11,6,5
S01012731,2. Professional occupations,31,14,17
S01012731,3. Associate professional and technical occupations,34,20,14
S01012731,4. Administrative and secretarial occupations,42,11,31
S01012731,5. Skilled trades occupations,43,39,4
S01012731,6. Caring leisure and other service occupations,42,5,37
S01012731,7. Sales and customer service occupations,41,15,26
S01012731,8. Process plant and machine operatives,46,36,10
S01012731,9. Elementary occupations,58,35,23
S01012732,All people aged 16 to 74 in employment,310,148,162
S01012732,1. Managers directors and senior officials,16,7,9
S01012732,2. Professional occupations,28,14,14
S01012732,3. Associate professional and technical occupations,25,11,14
S01012732,4. Administrative and secretarial occupations,28,5,23
S01012732,5. Skilled trades occupations,42,41,1
S01012732,6. Caring leisure and other service occupations,43,7,36
S01012732,7. Sales and customer service occupations,42,10,32
S01012732,8. Process plant and machine operatives,43,35,8
S01012732,9. Elementary occupations,43,18,25
S01012733,All people aged 16 to 74 in employment,631,322,309
S01012733,1. Managers directors and senior officials,99,65,34
S01012733,2. Professional occupations,138,57,81
S01012733,3. Associate professional and technical occupations,109,59,50
S01012733,4. Administrative and secretarial occupations,77,18,59
S01012733,5. Skilled trades occupations,62,59,3
S01012733,6. Caring leisure and other service occupations,37,7,30
S01012733,7. Sales and customer service occupations,56,16,40
S01012733,8. Process plant and machine operatives,33,28,5
S01012733,9. Elementary occupations,20,13,7
S01012734,All people aged 16 to 74 in employment,343,169,174
S01012734,1. Managers directors and senior officials,54,28,26
S01012734,2. Professional occupations,90,39,51
S01012734,3. Associate professional and technical occupations,68,39,29
S01012734,4. Administrative and secretarial occupations,43,7,36
S01012734,5. Skilled trades occupations,36,36,0
S01012734,6. Caring leisure and other service occupations,10,0,10
S01012734,7. Sales and customer service occupations,24,5,19
S01012734,8. Process plant and machine operatives,15,12,3
S01012734,9. Elementary occupations,3,3,0
S01012735,All people aged 16 to 74 in employment,208,112,96
S01012735,1. Managers directors and senior officials,12,8,4
S01012735,2. Professional occupations,20,10,10
S01012735,3. Associate professional and technical occupations,18,8,10
S01012735,4. Administrative and secretarial occupations,32,10,22
S01012735,5. Skilled trades occupations,35,31,4
S01012735,6. Caring leisure and other service occupations,18,6,12
S01012735,7. Sales and customer service occupations,21,5,16
S01012735,8. Process plant and machine operatives,27,22,5
S01012735,9. Elementary occupations,25,12,13
S01012736,All people aged 16 to 74 in employment,485,253,232
S01012736,1. Managers directors and senior officials,31,17,14
S01012736,2. Professional occupations,62,23,39
S01012736,3. Associate professional and technical occupations,63,44,19
S01012736,4. Administrative and secretarial occupations,65,13,52
S01012736,5. Skilled trades occupations,55,51,4
S01012736,6. Caring leisure and other service occupations,58,15,43
S01012736,7. Sales and customer service occupations,55,17,38
S01012736,8. Process plant and machine operatives,49,41,8
S01012736,9. Elementary occupations,47,32,15
S01012737,All people aged 16 to 74 in employment,449,233,216
S01012737,1. Managers directors and senior officials,33,15,18
S01012737,2. Professional occupations,72,30,42
S01012737,3. Associate professional and technical occupations,67,42,25
S01012737,4. Administrative and secretarial occupations,68,15,53
S01012737,5. Skilled trades occupations,46,42,4
S01012737,6. Caring leisure and other service occupations,47,8,39
S01012737,7. Sales and customer service occupations,45,18,27
S01012737,8. Process plant and machine operatives,28,28,0
S01012737,9. Elementary occupations,43,35,8
S01012738,All people aged 16 to 74 in employment,296,138,158
S01012738,1. Managers directors and senior officials,19,12,7
S01012738,2. Professional occupations,23,6,17
S01012738,3. Associate professional and technical occupations,34,13,21
S01012738,4. Administrative and secretarial occupations,35,9,26
S01012738,5. Skilled trades occupations,34,28,6
S01012738,6. Caring leisure and other service occupations,24,1,23
S01012738,7. Sales and customer service occupations,37,15,22
S01012738,8. Process plant and machine operatives,47,34,13
S01012738,9. Elementary occupations,43,20,23
S01012739,All people aged 16 to 74 in employment,501,266,235
S01012739,1. Managers directors and senior officials,77,53,24
S01012739,2. Professional occupations,119,58,61
S01012739,3. Associate professional and technical occupations,93,59,34
S01012739,4. Administrative and secretarial occupations,70,12,58
S01012739,5. Skilled trades occupations,45,38,7
S01012739,6. Caring leisure and other service occupations,26,6,20
S01012739,7. Sales and customer service occupations,35,11,24
S01012739,8. Process plant and machine operatives,19,18,1
S01012739,9. Elementary occupations,17,11,6
S01012740,All people aged 16 to 74 in employment,501,253,248
S01012740,1. Managers directors and senior officials,75,50,25
S01012740,2. Professional occupations,96,38,58
S01012740,3. Associate professional and technical occupations,92,44,48
S01012740,4. Administrative and secretarial occupations,55,12,43
S01012740,5. Skilled trades occupations,50,44,6
S01012740,6. Caring leisure and other service occupations,30,4,26
S01012740,7. Sales and customer service occupations,46,15,31
S01012740,8. Process plant and machine operatives,34,31,3
S01012740,9. Elementary occupations,23,15,8
S01012741,All people aged 16 to 74 in employment,370,188,182
S01012741,1. Managers directors and senior officials,47,30,17
S01012741,2. Professional occupations,65,26,39
S01012741,3. Associate professional and technical occupations,62,36,26
S01012741,4. Administrative and secretarial occupations,68,13,55
S01012741,5. Skilled trades occupations,43,41,2
S01012741,6. Caring leisure and other service occupations,22,2,20
S01012741,7. Sales and customer service occupations,27,17,10
S01012741,8. Process plant and machine operatives,20,16,4
S01012741,9. Elementary occupations,16,7,9
S01012742,All people aged 16 to 74 in employment,387,204,183
S01012742,1. Managers directors and senior officials,35,30,5
S01012742,2. Professional occupations,85,35,50
S01012742,3. Associate professional and technical occupations,57,37,20
S01012742,4. Administrative and secretarial occupations,77,14,63
S01012742,5. Skilled trades occupations,38,36,2
S01012742,6. Caring leisure and other service occupations,30,4,26
S01012742,7. Sales and customer service occupations,36,24,12
S01012742,8. Process plant and machine operatives,20,19,1
S01012742,9. Elementary occupations,9,5,4
S01012743,All people aged 16 to 74 in employment,321,160,161
S01012743,1. Managers directors and senior officials,28,21,7
S01012743,2. Professional occupations,56,23,33
S01012743,3. Associate professional and technical occupations,46,25,21
S01012743,4. Administrative and secretarial occupations,57,12,45
S01012743,5. Skilled trades occupations,39,37,2
S01012743,6. Caring leisure and other service occupations,21,3,18
S01012743,7. Sales and customer service occupations,38,10,28
S01012743,8. Process plant and machine operatives,19,19,0
S01012743,9. Elementary occupations,17,10,7
S01012744,All people aged 16 to 74 in employment,428,218,210
S01012744,1. Managers directors and senior officials,30,20,10
S01012744,2. Professional occupations,78,36,42
S01012744,3. Associate professional and technical occupations,78,45,33
S01012744,4. Administrative and secretarial occupations,79,11,68
S01012744,5. Skilled trades occupations,53,51,2
S01012744,6. Caring leisure and other service occupations,23,5,18
S01012744,7. Sales and customer service occupations,38,14,24
S01012744,8. Process plant and machine operatives,27,24,3
S01012744,9. Elementary occupations,22,12,10
S01012745,All people aged 16 to 74 in employment,356,175,181
S01012745,1. Managers directors and senior officials,33,22,11
S01012745,2. Professional occupations,66,24,42
S01012745,3. Associate professional and technical occupations,62,34,28
S01012745,4. Administrative and secretarial occupations,48,8,40
S01012745,5. Skilled trades occupations,34,30,4
S01012745,6. Caring leisure and other service occupations,24,3,21
S01012745,7. Sales and customer service occupations,35,8,27
S01012745,8. Process plant and machine operatives,26,24,2
S01012745,9. Elementary occupations,28,22,6
S01012746,All people aged 16 to 74 in employment,450,238,212
S01012746,1. Managers directors and senior officials,51,31,20
S01012746,2. Professional occupations,57,26,31
S01012746,3. Associate professional and technical occupations,74,46,28
S01012746,4. Administrative and secretarial occupations,64,13,51
S01012746,5. Skilled trades occupations,49,45,4
S01012746,6. Caring leisure and other service occupations,32,4,28
S01012746,7. Sales and customer service occupations,40,9,31
S01012746,8. Process plant and machine operatives,48,41,7
S01012746,9. Elementary occupations,35,23,12
S01012747,All people aged 16 to 74 in employment,379,188,191
S01012747,1. Managers directors and senior officials,22,11,11
S01012747,2. Professional occupations,47,22,25
S01012747,3. Associate professional and technical occupations,48,28,20
S01012747,4. Administrative and secretarial occupations,48,11,37
S01012747,5. Skilled trades occupations,29,28,1
S01012747,6. Caring leisure and other service occupations,40,8,32
S01012747,7. Sales and customer service occupations,41,13,28
S01012747,8. Process plant and machine operatives,50,43,7
S01012747,9. Elementary occupations,54,24,30
S01012748,All people aged 16 to 74 in employment,313,153,160
S01012748,1. Managers directors and senior officials,13,5,8
S01012748,2. Professional occupations,10,4,6
S01012748,3. Associate professional and technical occupations,30,13,17
S01012748,4. Administrative and secretarial occupations,35,5,30
S01012748,5. Skilled trades occupations,35,27,8
S01012748,6. Caring leisure and other service occupations,27,7,20
S01012748,7. Sales and customer service occupations,39,13,26
S01012748,8. Process plant and machine operatives,53,40,13
S01012748,9. Elementary occupations,71,39,32
S01012749,All people aged 16 to 74 in employment,345,175,170
S01012749,1. Managers directors and senior officials,13,4,9
S01012749,2. Professional occupations,21,7,14
S01012749,3. Associate professional and technical occupations,34,21,13
S01012749,4. Administrative and secretarial occupations,29,9,20
S01012749,5. Skilled trades occupations,57,52,5
S01012749,6. Caring leisure and other service occupations,38,3,35
S01012749,7. Sales and customer service occupations,40,10,30
S01012749,8. Process plant and machine operatives,56,44,12
S01012749,9. Elementary occupations,57,25,32
S01012750,All people aged 16 to 74 in employment,338,166,172
S01012750,1. Managers directors and senior officials,17,7,10
S01012750,2. Professional occupations,10,4,6
S01012750,3. Associate professional and technical occupations,24,18,6
S01012750,4. Administrative and secretarial occupations,30,7,23
S01012750,5. Skilled trades occupations,43,38,5
S01012750,6. Caring leisure and other service occupations,38,10,28
S01012750,7. Sales and customer service occupations,53,10,43
S01012750,8. Process plant and machine operatives,52,36,16
S01012750,9. Elementary occupations,71,36,35
S01012751,All people aged 16 to 74 in employment,332,171,161
S01012751,1. Managers directors and senior officials,17,10,7
S01012751,2. Professional occupations,23,11,12
S01012751,3. Associate professional and technical occupations,31,12,19
S01012751,4. Administrative and secretarial occupations,43,9,34
S01012751,5. Skilled trades occupations,51,49,2
S01012751,6. Caring leisure and other service occupations,34,9,25
S01012751,7. Sales and customer service occupations,48,14,34
S01012751,8. Process plant and machine operatives,45,40,5
S01012751,9. Elementary occupations,40,17,23
S01012752,All people aged 16 to 74 in employment,404,205,199
S01012752,1. Managers directors and senior officials,36,19,17
S01012752,2. Professional occupations,46,20,26
S01012752,3. Associate professional and technical occupations,57,39,18
S01012752,4. Administrative and secretarial occupations,47,8,39
S01012752,5. Skilled trades occupations,47,44,3
S01012752,6. Caring leisure and other service occupations,45,8,37
S01012752,7. Sales and customer service occupations,47,11,36
S01012752,8. Process plant and machine operatives,40,34,6
S01012752,9. Elementary occupations,39,22,17
S01012753,All people aged 16 to 74 in employment,196,86,110
S01012753,1. Managers directors and senior officials,16,7,9
S01012753,2. Professional occupations,14,4,10
S01012753,3. Associate professional and technical occupations,11,7,4
S01012753,4. Administrative and secretarial occupations,26,7,19
S01012753,5. Skilled trades occupations,22,22,0
S01012753,6. Caring leisure and other service occupations,24,4,20
S01012753,7. Sales and customer service occupations,22,6,16
S01012753,8. Process plant and machine operatives,18,12,6
S01012753,9. Elementary occupations,43,17,26
S01012754,All people aged 16 to 74 in employment,243,127,116
S01012754,1. Managers directors and senior officials,16,9,7
S01012754,2. Professional occupations,24,7,17
S01012754,3. Associate professional and technical occupations,25,16,9
S01012754,4. Administrative and secretarial occupations,27,6,21
S01012754,5. Skilled trades occupations,32,28,4
S01012754,6. Caring leisure and other service occupations,16,1,15
S01012754,7. Sales and customer service occupations,30,9,21
S01012754,8. Process plant and machine operatives,44,38,6
S01012754,9. Elementary occupations,29,13,16
S01012755,All people aged 16 to 74 in employment,172,68,104
S01012755,1. Managers directors and senior officials,13,8,5
S01012755,2. Professional occupations,14,5,9
S01012755,3. Associate professional and technical occupations,18,13,5
S01012755,4. Administrative and secretarial occupations,22,2,20
S01012755,5. Skilled trades occupations,15,11,4
S01012755,6. Caring leisure and other service occupations,20,2,18
S01012755,7. Sales and customer service occupations,32,10,22
S01012755,8. Process plant and machine operatives,17,10,7
S01012755,9. Elementary occupations,21,7,14
S01012756,All people aged 16 to 74 in employment,202,106,96
S01012756,1. Managers directors and senior officials,10,6,4
S01012756,2. Professional occupations,20,9,11
S01012756,3. Associate professional and technical occupations,22,15,7
S01012756,4. Administrative and secretarial occupations,35,4,31
S01012756,5. Skilled trades occupations,27,23,4
S01012756,6. Caring leisure and other service occupations,19,4,15
S01012756,7. Sales and customer service occupations,22,9,13
S01012756,8. Process plant and machine operatives,26,22,4
S01012756,9. Elementary occupations,21,14,7
S01012757,All people aged 16 to 74 in employment,210,104,106
S01012757,1. Managers directors and senior officials,9,3,6
S01012757,2. Professional occupations,17,8,9
S01012757,3. Associate professional and technical occupations,16,8,8
S01012757,4. Administrative and secretarial occupations,24,7,17
S01012757,5. Skilled trades occupations,30,30,0
S01012757,6. Caring leisure and other service occupations,24,2,22
S01012757,7. Sales and customer service occupations,23,6,17
S01012757,8. Process plant and machine operatives,30,23,7
S01012757,9. Elementary occupations,37,17,20
S01012758,All people aged 16 to 74 in employment,265,125,140
S01012758,1. Managers directors and senior officials,23,13,10
S01012758,2. Professional occupations,34,15,19
S01012758,3. Associate professional and technical occupations,27,15,12
S01012758,4. Administrative and secretarial occupations,39,7,32
S01012758,5. Skilled trades occupations,26,24,2
S01012758,6. Caring leisure and other service occupations,39,11,28
S01012758,7. Sales and customer service occupations,23,7,16
S01012758,8. Process plant and machine operatives,30,26,4
S01012758,9. Elementary occupations,24,7,17
S01012759,All people aged 16 to 74 in employment,302,139,163
S01012759,1. Managers directors and senior officials,15,7,8
S01012759,2. Professional occupations,13,5,8
S01012759,3. Associate professional and technical occupations,35,16,19
S01012759,4. Administrative and secretarial occupations,36,6,30
S01012759,5. Skilled trades occupations,38,34,4
S01012759,6. Caring leisure and other service occupations,35,2,33
S01012759,7. Sales and customer service occupations,34,6,28
S01012759,8. Process plant and machine operatives,46,38,8
S01012759,9. Elementary occupations,50,25,25
S01012760,All people aged 16 to 74 in employment,364,177,187
S01012760,1. Managers directors and senior officials,19,15,4
S01012760,2. Professional occupations,30,7,23
S01012760,3. Associate professional and technical occupations,40,23,17
S01012760,4. Administrative and secretarial occupations,46,5,41
S01012760,5. Skilled trades occupations,44,38,6
S01012760,6. Caring leisure and other service occupations,41,4,37
S01012760,7. Sales and customer service occupations,52,15,37
S01012760,8. Process plant and machine operatives,43,38,5
S01012760,9. Elementary occupations,49,32,17
S01012761,All people aged 16 to 74 in employment,375,189,186
S01012761,1. Managers directors and senior officials,21,15,6
S01012761,2. Professional occupations,44,13,31
S01012761,3. Associate professional and technical occupations,40,21,19
S01012761,4. Administrative and secretarial occupations,62,19,43
S01012761,5. Skilled trades occupations,58,54,4
S01012761,6. Caring leisure and other service occupations,36,8,28
S01012761,7. Sales and customer service occupations,38,7,31
S01012761,8. Process plant and machine operatives,37,31,6
S01012761,9. Elementary occupations,39,21,18
S01012762,All people aged 16 to 74 in employment,353,177,176
S01012762,1. Managers directors and senior officials,20,13,7
S01012762,2. Professional occupations,35,11,24
S01012762,3. Associate professional and technical occupations,27,12,15
S01012762,4. Administrative and secretarial occupations,64,10,54
S01012762,5. Skilled trades occupations,50,49,1
S01012762,6. Caring leisure and other service occupations,37,9,28
S01012762,7. Sales and customer service occupations,45,17,28
S01012762,8. Process plant and machine operatives,41,33,8
S01012762,9. Elementary occupations,34,23,11
S01012763,All people aged 16 to 74 in employment,194,93,101
S01012763,1. Managers directors and senior officials,8,7,1
S01012763,2. Professional occupations,16,6,10
S01012763,3. Associate professional and technical occupations,12,9,3
S01012763,4. Administrative and secretarial occupations,27,5,22
S01012763,5. Skilled trades occupations,27,25,2
S01012763,6. Caring leisure and other service occupations,21,3,18
S01012763,7. Sales and customer service occupations,27,3,24
S01012763,8. Process plant and machine operatives,29,20,9
S01012763,9. Elementary occupations,27,15,12
S01012764,All people aged 16 to 74 in employment,330,169,161
S01012764,1. Managers directors and senior officials,16,9,7
S01012764,2. Professional occupations,35,14,21
S01012764,3. Associate professional and technical occupations,35,17,18
S01012764,4. Administrative and secretarial occupations,45,9,36
S01012764,5. Skilled trades occupations,48,45,3
S01012764,6. Caring leisure and other service occupations,37,4,33
S01012764,7. Sales and customer service occupations,38,14,24
S01012764,8. Process plant and machine operatives,37,31,6
S01012764,9. Elementary occupations,39,26,13
S01012765,All people aged 16 to 74 in employment,345,167,178
S01012765,1. Managers directors and senior officials,29,21,8
S01012765,2. Professional occupations,34,15,19
S01012765,3. Associate professional and technical occupations,43,25,18
S01012765,4. Administrative and secretarial occupations,44,11,33
S01012765,5. Skilled trades occupations,40,38,2
S01012765,6. Caring leisure and other service occupations,47,3,44
S01012765,7. Sales and customer service occupations,37,10,27
S01012765,8. Process plant and machine operatives,33,32,1
S01012765,9. Elementary occupations,38,12,26
S01012766,All people aged 16 to 74 in employment,430,213,217
S01012766,1. Managers directors and senior officials,24,9,15
S01012766,2. Professional occupations,45,20,25
S01012766,3. Associate professional and technical occupations,50,28,22
S01012766,4. Administrative and secretarial occupations,48,5,43
S01012766,5. Skilled trades occupations,66,63,3
S01012766,6. Caring leisure and other service occupations,43,6,37
S01012766,7. Sales and customer service occupations,56,17,39
S01012766,8. Process plant and machine operatives,42,36,6
S01012766,9. Elementary occupations,56,29,27
S01012767,All people aged 16 to 74 in employment,309,163,146
S01012767,1. Managers directors and senior officials,18,8,10
S01012767,2. Professional occupations,30,11,19
S01012767,3. Associate professional and technical occupations,44,21,23
S01012767,4. Administrative and secretarial occupations,49,16,33
S01012767,5. Skilled trades occupations,50,48,2
S01012767,6. Caring leisure and other service occupations,33,6,27
S01012767,7. Sales and customer service occupations,37,11,26
S01012767,8. Process plant and machine operatives,29,28,1
S01012767,9. Elementary occupations,19,14,5
S01012768,All people aged 16 to 74 in employment,415,209,206
S01012768,1. Managers directors and senior officials,21,14,7
S01012768,2. Professional occupations,56,23,33
S01012768,3. Associate professional and technical occupations,56,30,26
S01012768,4. Administrative and secretarial occupations,70,16,54
S01012768,5. Skilled trades occupations,60,57,3
S01012768,6. Caring leisure and other service occupations,36,3,33
S01012768,7. Sales and customer service occupations,58,19,39
S01012768,8. Process plant and machine operatives,35,33,2
S01012768,9. Elementary occupations,23,14,9
S01012769,All people aged 16 to 74 in employment,245,131,114
S01012769,1. Managers directors and senior officials,36,26,10
S01012769,2. Professional occupations,41,18,23
S01012769,3. Associate professional and technical occupations,32,16,16
S01012769,4. Administrative and secretarial occupations,38,4,34
S01012769,5. Skilled trades occupations,35,35,0
S01012769,6. Caring leisure and other service occupations,19,5,14
S01012769,7. Sales and customer service occupations,21,10,11
S01012769,8. Process plant and machine operatives,12,10,2
S01012769,9. Elementary occupations,11,7,4
S01012770,All people aged 16 to 74 in employment,393,196,197
S01012770,1. Managers directors and senior officials,16,10,6
S01012770,2. Professional occupations,46,20,26
S01012770,3. Associate professional and technical occupations,45,28,17
S01012770,4. Administrative and secretarial occupations,65,12,53
S01012770,5. Skilled trades occupations,46,44,2
S01012770,6. Caring leisure and other service occupations,43,8,35
S01012770,7. Sales and customer service occupations,48,13,35
S01012770,8. Process plant and machine operatives,41,33,8
S01012770,9. Elementary occupations,43,28,15
S01012771,All people aged 16 to 74 in employment,335,163,172
S01012771,1. Managers directors and senior officials,24,17,7
S01012771,2. Professional occupations,59,20,39
S01012771,3. Associate professional and technical occupations,36,20,16
S01012771,4. Administrative and secretarial occupations,43,6,37
S01012771,5. Skilled trades occupations,25,23,2
S01012771,6. Caring leisure and other service occupations,33,6,27
S01012771,7. Sales and customer service occupations,42,13,29
S01012771,8. Process plant and machine operatives,36,34,2
S01012771,9. Elementary occupations,37,24,13
S01012772,All people aged 16 to 74 in employment,293,144,149
S01012772,1. Managers directors and senior officials,16,12,4
S01012772,2. Professional occupations,13,3,10
S01012772,3. Associate professional and technical occupations,14,6,8
S01012772,4. Administrative and secretarial occupations,28,8,20
S01012772,5. Skilled trades occupations,33,32,1
S01012772,6. Caring leisure and other service occupations,46,5,41
S01012772,7. Sales and customer service occupations,46,11,35
S01012772,8. Process plant and machine operatives,43,39,4
S01012772,9. Elementary occupations,54,28,26
S01012773,All people aged 16 to 74 in employment,394,219,175
S01012773,1. Managers directors and senior officials,29,16,13
S01012773,2. Professional occupations,41,16,25
S01012773,3. Associate professional and technical occupations,44,28,16
S01012773,4. Administrative and secretarial occupations,48,10,38
S01012773,5. Skilled trades occupations,64,59,5
S01012773,6. Caring leisure and other service occupations,42,10,32
S01012773,7. Sales and customer service occupations,43,16,27
S01012773,8. Process plant and machine operatives,41,38,3
S01012773,9. Elementary occupations,42,26,16
S01012774,All people aged 16 to 74 in employment,459,229,230
S01012774,1. Managers directors and senior officials,34,20,14
S01012774,2. Professional occupations,48,17,31
S01012774,3. Associate professional and technical occupations,52,25,27
S01012774,4. Administrative and secretarial occupations,54,9,45
S01012774,5. Skilled trades occupations,60,55,5
S01012774,6. Caring leisure and other service occupations,58,14,44
S01012774,7. Sales and customer service occupations,53,17,36
S01012774,8. Process plant and machine operatives,59,50,9
S01012774,9. Elementary occupations,41,22,19
S01012775,All people aged 16 to 74 in employment,201,110,91
S01012775,1. Managers directors and senior officials,14,10,4
S01012775,2. Professional occupations,23,11,12
S01012775,3. Associate professional and technical occupations,26,11,15
S01012775,4. Administrative and secretarial occupations,20,4,16
S01012775,5. Skilled trades occupations,31,29,2
S01012775,6. Caring leisure and other service occupations,18,2,16
S01012775,7. Sales and customer service occupations,23,5,18
S01012775,8. Process plant and machine operatives,21,18,3
S01012775,9. Elementary occupations,25,20,5
S01012776,All people aged 16 to 74 in employment,348,180,168
S01012776,1. Managers directors and senior officials,14,10,4
S01012776,2. Professional occupations,21,11,10
S01012776,3. Associate professional and technical occupations,28,14,14
S01012776,4. Administrative and secretarial occupations,44,10,34
S01012776,5. Skilled trades occupations,49,45,4
S01012776,6. Caring leisure and other service occupations,38,7,31
S01012776,7. Sales and customer service occupations,49,16,33
S01012776,8. Process plant and machine operatives,47,38,9
S01012776,9. Elementary occupations,58,29,29
S01012777,All people aged 16 to 74 in employment,536,255,281
S01012777,1. Managers directors and senior officials,58,40,18
S01012777,2. Professional occupations,70,25,45
S01012777,3. Associate professional and technical occupations,70,35,35
S01012777,4. Administrative and secretarial occupations,69,17,52
S01012777,5. Skilled trades occupations,58,55,3
S01012777,6. Caring leisure and other service occupations,56,9,47
S01012777,7. Sales and customer service occupations,73,19,54
S01012777,8. Process plant and machine operatives,51,40,11
S01012777,9. Elementary occupations,31,15,16
S01012778,All people aged 16 to 74 in employment,335,152,183
S01012778,1. Managers directors and senior officials,23,14,9
S01012778,2. Professional occupations,40,12,28
S01012778,3. Associate professional and technical occupations,53,27,26
S01012778,4. Administrative and secretarial occupations,53,10,43
S01012778,5. Skilled trades occupations,30,27,3
S01012778,6. Caring leisure and other service occupations,40,4,36
S01012778,7. Sales and customer service occupations,25,6,19
S01012778,8. Process plant and machine operatives,35,32,3
S01012778,9. Elementary occupations,36,20,16
S01012779,All people aged 16 to 74 in employment,209,101,108
S01012779,1. Managers directors and senior officials,18,11,7
S01012779,2. Professional occupations,19,6,13
S01012779,3. Associate professional and technical occupations,14,9,5
S01012779,4. Administrative and secretarial occupations,29,8,21
S01012779,5. Skilled trades occupations,21,20,1
S01012779,6. Caring leisure and other service occupations,20,2,18
S01012779,7. Sales and customer service occupations,29,10,19
S01012779,8. Process plant and machine operatives,29,26,3
S01012779,9. Elementary occupations,30,9,21
S01012780,All people aged 16 to 74 in employment,286,132,154
S01012780,1. Managers directors and senior officials,14,10,4
S01012780,2. Professional occupations,25,9,16
S01012780,3. Associate professional and technical occupations,23,9,14
S01012780,4. Administrative and secretarial occupations,36,10,26
S01012780,5. Skilled trades occupations,27,24,3
S01012780,6. Caring leisure and other service occupations,33,6,27
S01012780,7. Sales and customer service occupations,42,7,35
S01012780,8. Process plant and machine operatives,36,27,9
S01012780,9. Elementary occupations,50,30,20
S01012781,All people aged 16 to 74 in employment,337,177,160
S01012781,1. Managers directors and senior officials,19,13,6
S01012781,2. Professional occupations,47,16,31
S01012781,3. Associate professional and technical occupations,59,32,27
S01012781,4. Administrative and secretarial occupations,51,12,39
S01012781,5. Skilled trades occupations,46,42,4
S01012781,6. Caring leisure and other service occupations,24,5,19
S01012781,7. Sales and customer service occupations,38,17,21
S01012781,8. Process plant and machine operatives,30,27,3
S01012781,9. Elementary occupations,23,13,10
S01012782,All people aged 16 to 74 in employment,247,120,127
S01012782,1. Managers directors and senior officials,8,2,6
S01012782,2. Professional occupations,5,3,2
S01012782,3. Associate professional and technical occupations,16,11,5
S01012782,4. Administrative and secretarial occupations,30,8,22
S01012782,5. Skilled trades occupations,35,34,1
S01012782,6. Caring leisure and other service occupations,29,3,26
S01012782,7. Sales and customer service occupations,40,14,26
S01012782,8. Process plant and machine operatives,35,25,10
S01012782,9. Elementary occupations,49,20,29
S01012783,All people aged 16 to 74 in employment,290,133,157
S01012783,1. Managers directors and senior officials,10,5,5
S01012783,2. Professional occupations,16,3,13
S01012783,3. Associate professional and technical occupations,21,7,14
S01012783,4. Administrative and secretarial occupations,37,8,29
S01012783,5. Skilled trades occupations,40,33,7
S01012783,6. Caring leisure and other service occupations,30,3,27
S01012783,7. Sales and customer service occupations,43,16,27
S01012783,8. Process plant and machine operatives,42,32,10
S01012783,9. Elementary occupations,51,26,25
S01012784,All people aged 16 to 74 in employment,361,184,177
S01012784,1. Managers directors and senior officials,17,12,5
S01012784,2. Professional occupations,26,10,16
S01012784,3. Associate professional and technical occupations,46,22,24
S01012784,4. Administrative and secretarial occupations,50,15,35
S01012784,5. Skilled trades occupations,43,40,3
S01012784,6. Caring leisure and other service occupations,48,14,34
S01012784,7. Sales and customer service occupations,37,11,26
S01012784,8. Process plant and machine operatives,45,31,14
S01012784,9. Elementary occupations,49,29,20
S01012785,All people aged 16 to 74 in employment,280,136,144
S01012785,1. Managers directors and senior officials,16,7,9
S01012785,2. Professional occupations,15,5,10
S01012785,3. Associate professional and technical occupations,21,13,8
S01012785,4. Administrative and secretarial occupations,37,8,29
S01012785,5. Skilled trades occupations,35,30,5
S01012785,6. Caring leisure and other service occupations,31,7,24
S01012785,7. Sales and customer service occupations,26,6,20
S01012785,8. Process plant and machine operatives,47,33,14
S01012785,9. Elementary occupations,52,27,25
S01012786,All people aged 16 to 74 in employment,257,128,129
S01012786,1. Managers directors and senior officials,8,3,5
S01012786,2. Professional occupations,13,6,7
S01012786,3. Associate professional and technical occupations,28,16,12
S01012786,4. Administrative and secretarial occupations,28,9,19
S01012786,5. Skilled trades occupations,32,29,3
S01012786,6. Caring leisure and other service occupations,25,5,20
S01012786,7. Sales and customer service occupations,28,11,17
S01012786,8. Process plant and machine operatives,44,21,23
S01012786,9. Elementary occupations,51,28,23
S01012787,All people aged 16 to 74 in employment,317,151,166
S01012787,1. Managers directors and senior officials,28,18,10
S01012787,2. Professional occupations,61,24,37
S01012787,3. Associate professional and technical occupations,44,25,19
S01012787,4. Administrative and secretarial occupations,37,9,28
S01012787,5. Skilled trades occupations,32,26,6
S01012787,6. Caring leisure and other service occupations,24,3,21
S01012787,7. Sales and customer service occupations,39,12,27
S01012787,8. Process plant and machine operatives,29,19,10
S01012787,9. Elementary occupations,23,15,8
S01012788,All people aged 16 to 74 in employment,247,134,113
S01012788,1. Managers directors and senior officials,11,3,8
S01012788,2. Professional occupations,18,8,10
S01012788,3. Associate professional and technical occupations,23,12,11
S01012788,4. Administrative and secretarial occupations,22,5,17
S01012788,5. Skilled trades occupations,34,34,0
S01012788,6. Caring leisure and other service occupations,25,4,21
S01012788,7. Sales and customer service occupations,24,6,18
S01012788,8. Process plant and machine operatives,42,36,6
S01012788,9. Elementary occupations,48,26,22
S01012789,All people aged 16 to 74 in employment,354,183,171
S01012789,1. Managers directors and senior officials,24,18,6
S01012789,2. Professional occupations,54,23,31
S01012789,3. Associate professional and technical occupations,53,27,26
S01012789,4. Administrative and secretarial occupations,58,12,46
S01012789,5. Skilled trades occupations,44,43,1
S01012789,6. Caring leisure and other service occupations,26,6,20
S01012789,7. Sales and customer service occupations,42,12,30
S01012789,8. Process plant and machine operatives,29,27,2
S01012789,9. Elementary occupations,24,15,9
S01012790,All people aged 16 to 74 in employment,356,174,182
S01012790,1. Managers directors and senior officials,29,19,10
S01012790,2. Professional occupations,105,47,58
S01012790,3. Associate professional and technical occupations,66,35,31
S01012790,4. Administrative and secretarial occupations,49,10,39
S01012790,5. Skilled trades occupations,18,18,0
S01012790,6. Caring leisure and other service occupations,18,3,15
S01012790,7. Sales and customer service occupations,36,11,25
S01012790,8. Process plant and machine operatives,22,22,0
S01012790,9. Elementary occupations,13,9,4
S01012791,All people aged 16 to 74 in employment,317,163,154
S01012791,1. Managers directors and senior officials,32,26,6
S01012791,2. Professional occupations,83,38,45
S01012791,3. Associate professional and technical occupations,44,25,19
S01012791,4. Administrative and secretarial occupations,44,10,34
S01012791,5. Skilled trades occupations,31,28,3
S01012791,6. Caring leisure and other service occupations,20,1,19
S01012791,7. Sales and customer service occupations,31,12,19
S01012791,8. Process plant and machine operatives,14,13,1
S01012791,9. Elementary occupations,18,10,8
S01012792,All people aged 16 to 74 in employment,424,200,224
S01012792,1. Managers directors and senior officials,27,14,13
S01012792,2. Professional occupations,63,30,33
S01012792,3. Associate professional and technical occupations,68,35,33
S01012792,4. Administrative and secretarial occupations,63,9,54
S01012792,5. Skilled trades occupations,47,44,3
S01012792,6. Caring leisure and other service occupations,56,13,43
S01012792,7. Sales and customer service occupations,31,12,19
S01012792,8. Process plant and machine operatives,29,21,8
S01012792,9. Elementary occupations,40,22,18
S01012793,All people aged 16 to 74 in employment,287,154,133
S01012793,1. Managers directors and senior officials,22,12,10
S01012793,2. Professional occupations,28,17,11
S01012793,3. Associate professional and technical occupations,28,15,13
S01012793,4. Administrative and secretarial occupations,27,5,22
S01012793,5. Skilled trades occupations,26,24,2
S01012793,6. Caring leisure and other service occupations,27,7,20
S01012793,7. Sales and customer service occupations,38,19,19
S01012793,8. Process plant and machine operatives,41,30,11
S01012793,9. Elementary occupations,50,25,25
S01012794,All people aged 16 to 74 in employment,337,187,150
S01012794,1. Managers directors and senior officials,56,38,18
S01012794,2. Professional occupations,74,34,40
S01012794,3. Associate professional and technical occupations,65,40,25
S01012794,4. Administrative and secretarial occupations,41,11,30
S01012794,5. Skilled trades occupations,27,25,2
S01012794,6. Caring leisure and other service occupations,18,5,13
S01012794,7. Sales and customer service occupations,17,6,11
S01012794,8. Process plant and machine operatives,15,14,1
S01012794,9. Elementary occupations,24,14,10
S01012795,All people aged 16 to 74 in employment,418,207,211
S01012795,1. Managers directors and senior officials,30,16,14
S01012795,2. Professional occupations,25,8,17
S01012795,3. Associate professional and technical occupations,24,18,6
S01012795,4. Administrative and secretarial occupations,34,10,24
S01012795,5. Skilled trades occupations,51,47,4
S01012795,6. Caring leisure and other service occupations,62,11,51
S01012795,7. Sales and customer service occupations,60,16,44
S01012795,8. Process plant and machine operatives,63,45,18
S01012795,9. Elementary occupations,69,36,33
S01012796,All people aged 16 to 74 in employment,402,211,191
S01012796,1. Managers directors and senior officials,33,20,13
S01012796,2. Professional occupations,45,17,28
S01012796,3. Associate professional and technical occupations,44,25,19
S01012796,4. Administrative and secretarial occupations,54,11,43
S01012796,5. Skilled trades occupations,51,46,5
S01012796,6. Caring leisure and other service occupations,35,5,30
S01012796,7. Sales and customer service occupations,39,16,23
S01012796,8. Process plant and machine operatives,47,37,10
S01012796,9. Elementary occupations,54,34,20
S01012797,All people aged 16 to 74 in employment,334,155,179
S01012797,1. Managers directors and senior officials,25,17,8
S01012797,2. Professional occupations,30,14,16
S01012797,3. Associate professional and technical occupations,45,20,25
S01012797,4. Administrative and secretarial occupations,27,7,20
S01012797,5. Skilled trades occupations,37,33,4
S01012797,6. Caring leisure and other service occupations,34,4,30
S01012797,7. Sales and customer service occupations,44,12,32
S01012797,8. Process plant and machine operatives,38,28,10
S01012797,9. Elementary occupations,54,20,34
S01012798,All people aged 16 to 74 in employment,340,179,161
S01012798,1. Managers directors and senior officials,88,52,36
S01012798,2. Professional occupations,79,41,38
S01012798,3. Associate professional and technical occupations,45,21,24
S01012798,4. Administrative and secretarial occupations,36,8,28
S01012798,5. Skilled trades occupations,17,16,1
S01012798,6. Caring leisure and other service occupations,14,2,12
S01012798,7. Sales and customer service occupations,26,11,15
S01012798,8. Process plant and machine operatives,19,17,2
S01012798,9. Elementary occupations,16,11,5
S01012799,All people aged 16 to 74 in employment,373,206,167
S01012799,1. Managers directors and senior officials,80,55,25
S01012799,2. Professional occupations,113,59,54
S01012799,3. Associate professional and technical occupations,60,35,25
S01012799,4. Administrative and secretarial occupations,40,11,29
S01012799,5. Skilled trades occupations,21,19,2
S01012799,6. Caring leisure and other service occupations,10,2,8
S01012799,7. Sales and customer service occupations,28,8,20
S01012799,8. Process plant and machine operatives,8,7,1
S01012799,9. Elementary occupations,13,10,3
S01012800,All people aged 16 to 74 in employment,449,236,213
S01012800,1. Managers directors and senior officials,93,65,28
S01012800,2. Professional occupations,127,64,63
S01012800,3. Associate professional and technical occupations,69,32,37
S01012800,4. Administrative and secretarial occupations,42,12,30
S01012800,5. Skilled trades occupations,29,27,2
S01012800,6. Caring leisure and other service occupations,19,4,15
S01012800,7. Sales and customer service occupations,36,13,23
S01012800,8. Process plant and machine operatives,14,12,2
S01012800,9. Elementary occupations,20,7,13
S01012801,All people aged 16 to 74 in employment,185,93,92
S01012801,1. Managers directors and senior officials,42,28,14
S01012801,2. Professional occupations,55,26,29
S01012801,3. Associate professional and technical occupations,33,19,14
S01012801,4. Administrative and secretarial occupations,16,0,16
S01012801,5. Skilled trades occupations,6,6,0
S01012801,6. Caring leisure and other service occupations,2,0,2
S01012801,7. Sales and customer service occupations,15,4,11
S01012801,8. Process plant and machine operatives,9,7,2
S01012801,9. Elementary occupations,7,3,4
S01012802,All people aged 16 to 74 in employment,314,165,149
S01012802,1. Managers directors and senior officials,80,56,24
S01012802,2. Professional occupations,90,40,50
S01012802,3. Associate professional and technical occupations,32,17,15
S01012802,4. Administrative and secretarial occupations,35,8,27
S01012802,5. Skilled trades occupations,20,19,1
S01012802,6. Caring leisure and other service occupations,14,3,11
S01012802,7. Sales and customer service occupations,17,7,10
S01012802,8. Process plant and machine operatives,9,8,1
S01012802,9. Elementary occupations,17,7,10
S01012803,All people aged 16 to 74 in employment,366,187,179
S01012803,1. Managers directors and senior officials,35,22,13
S01012803,2. Professional occupations,89,39,50
S01012803,3. Associate professional and technical occupations,56,33,23
S01012803,4. Administrative and secretarial occupations,47,8,39
S01012803,5. Skilled trades occupations,37,35,2
S01012803,6. Caring leisure and other service occupations,25,3,22
S01012803,7. Sales and customer service occupations,43,21,22
S01012803,8. Process plant and machine operatives,17,16,1
S01012803,9. Elementary occupations,17,10,7
S01012804,All people aged 16 to 74 in employment,354,173,181
S01012804,1. Managers directors and senior officials,18,11,7
S01012804,2. Professional occupations,54,19,35
S01012804,3. Associate professional and technical occupations,43,18,25
S01012804,4. Administrative and secretarial occupations,39,9,30
S01012804,5. Skilled trades occupations,48,45,3
S01012804,6. Caring leisure and other service occupations,36,9,27
S01012804,7. Sales and customer service occupations,40,12,28
S01012804,8. Process plant and machine operatives,32,28,4
S01012804,9. Elementary occupations,44,22,22
S01012805,All people aged 16 to 74 in employment,426,203,223
S01012805,1. Managers directors and senior officials,25,12,13
S01012805,2. Professional occupations,49,18,31
S01012805,3. Associate professional and technical occupations,55,27,28
S01012805,4. Administrative and secretarial occupations,51,12,39
S01012805,5. Skilled trades occupations,48,47,1
S01012805,6. Caring leisure and other service occupations,40,6,34
S01012805,7. Sales and customer service occupations,64,20,44
S01012805,8. Process plant and machine operatives,39,31,8
S01012805,9. Elementary occupations,55,30,25
S01012806,All people aged 16 to 74 in employment,349,188,161
S01012806,1. Managers directors and senior officials,32,21,11
S01012806,2. Professional occupations,77,32,45
S01012806,3. Associate professional and technical occupations,48,28,20
S01012806,4. Administrative and secretarial occupations,38,12,26
S01012806,5. Skilled trades occupations,36,30,6
S01012806,6. Caring leisure and other service occupations,26,6,20
S01012806,7. Sales and customer service occupations,38,16,22
S01012806,8. Process plant and machine operatives,26,23,3
S01012806,9. Elementary occupations,28,20,8
S01012807,All people aged 16 to 74 in employment,319,167,152
S01012807,1. Managers directors and senior officials,79,54,25
S01012807,2. Professional occupations,89,39,50
S01012807,3. Associate professional and technical occupations,41,21,20
S01012807,4. Administrative and secretarial occupations,33,9,24
S01012807,5. Skilled trades occupations,17,17,0
S01012807,6. Caring leisure and other service occupations,16,2,14
S01012807,7. Sales and customer service occupations,28,13,15
S01012807,8. Process plant and machine operatives,9,8,1
S01012807,9. Elementary occupations,7,4,3
S01012808,All people aged 16 to 74 in employment,506,258,248
S01012808,1. Managers directors and senior officials,75,49,26
S01012808,2. Professional occupations,133,54,79
S01012808,3. Associate professional and technical occupations,74,42,32
S01012808,4. Administrative and secretarial occupations,50,12,38
S01012808,5. Skilled trades occupations,49,46,3
S01012808,6. Caring leisure and other service occupations,19,2,17
S01012808,7. Sales and customer service occupations,47,14,33
S01012808,8. Process plant and machine operatives,28,22,6
S01012808,9. Elementary occupations,31,17,14
S01012809,All people aged 16 to 74 in employment,322,171,151
S01012809,1. Managers directors and senior officials,38,26,12
S01012809,2. Professional occupations,84,35,49
S01012809,3. Associate professional and technical occupations,50,30,20
S01012809,4. Administrative and secretarial occupations,32,10,22
S01012809,5. Skilled trades occupations,29,26,3
S01012809,6. Caring leisure and other service occupations,23,6,17
S01012809,7. Sales and customer service occupations,32,13,19
S01012809,8. Process plant and machine operatives,12,10,2
S01012809,9. Elementary occupations,22,15,7
S01012810,All people aged 16 to 74 in employment,374,181,193
S01012810,1. Managers directors and senior officials,33,16,17
S01012810,2. Professional occupations,46,21,25
S01012810,3. Associate professional and technical occupations,41,22,19
S01012810,4. Administrative and secretarial occupations,37,5,32
S01012810,5. Skilled trades occupations,39,36,3
S01012810,6. Caring leisure and other service occupations,33,3,30
S01012810,7. Sales and customer service occupations,45,10,35
S01012810,8. Process plant and machine operatives,54,44,10
S01012810,9. Elementary occupations,46,24,22
S01012811,All people aged 16 to 74 in employment,354,190,164
S01012811,1. Managers directors and senior officials,34,19,15
S01012811,2. Professional occupations,71,33,38
S01012811,3. Associate professional and technical occupations,52,30,22
S01012811,4. Administrative and secretarial occupations,40,10,30
S01012811,5. Skilled trades occupations,34,31,3
S01012811,6. Caring leisure and other service occupations,23,4,19
S01012811,7. Sales and customer service occupations,37,18,19
S01012811,8. Process plant and machine operatives,27,21,6
S01012811,9. Elementary occupations,36,24,12
S01012812,All people aged 16 to 74 in employment,382,186,196
S01012812,1. Managers directors and senior officials,30,21,9
S01012812,2. Professional occupations,67,22,45
S01012812,3. Associate professional and technical occupations,57,29,28
S01012812,4. Administrative and secretarial occupations,46,9,37
S01012812,5. Skilled trades occupations,39,39,0
S01012812,6. Caring leisure and other service occupations,37,10,27
S01012812,7. Sales and customer service occupations,34,9,25
S01012812,8. Process plant and machine operatives,45,33,12
S01012812,9. Elementary occupations,27,14,13
S01012813,All people aged 16 to 74 in employment,437,228,209
S01012813,1. Managers directors and senior officials,69,50,19
S01012813,2. Professional occupations,127,65,62
S01012813,3. Associate professional and technical occupations,56,28,28
S01012813,4. Administrative and secretarial occupations,62,18,44
S01012813,5. Skilled trades occupations,25,24,1
S01012813,6. Caring leisure and other service occupations,20,2,18
S01012813,7. Sales and customer service occupations,41,14,27
S01012813,8. Process plant and machine operatives,20,18,2
S01012813,9. Elementary occupations,17,9,8
S01012814,All people aged 16 to 74 in employment,487,254,233
S01012814,1. Managers directors and senior officials,42,28,14
S01012814,2. Professional occupations,78,43,35
S01012814,3. Associate professional and technical occupations,86,40,46
S01012814,4. Administrative and secretarial occupations,74,14,60
S01012814,5. Skilled trades occupations,57,53,4
S01012814,6. Caring leisure and other service occupations,42,10,32
S01012814,7. Sales and customer service occupations,43,16,27
S01012814,8. Process plant and machine operatives,40,36,4
S01012814,9. Elementary occupations,25,14,11
S01012815,All people aged 16 to 74 in employment,515,258,257
S01012815,1. Managers directors and senior officials,56,40,16
S01012815,2. Professional occupations,100,42,58
S01012815,3. Associate professional and technical occupations,89,46,43
S01012815,4. Administrative and secretarial occupations,69,8,61
S01012815,5. Skilled trades occupations,57,54,3
S01012815,6. Caring leisure and other service occupations,39,10,29
S01012815,7. Sales and customer service occupations,42,13,29
S01012815,8. Process plant and machine operatives,35,31,4
S01012815,9. Elementary occupations,28,14,14
S01012816,All people aged 16 to 74 in employment,315,162,153
S01012816,1. Managers directors and senior officials,31,19,12
S01012816,2. Professional occupations,50,18,32
S01012816,3. Associate professional and technical occupations,59,36,23
S01012816,4. Administrative and secretarial occupations,37,8,29
S01012816,5. Skilled trades occupations,41,38,3
S01012816,6. Caring leisure and other service occupations,27,2,25
S01012816,7. Sales and customer service occupations,36,11,25
S01012816,8. Process plant and machine operatives,18,18,0
S01012816,9. Elementary occupations,16,12,4
S01012817,All people aged 16 to 74 in employment,324,166,158
S01012817,1. Managers directors and senior officials,20,9,11
S01012817,2. Professional occupations,70,31,39
S01012817,3. Associate professional and technical occupations,64,46,18
S01012817,4. Administrative and secretarial occupations,48,8,40
S01012817,5. Skilled trades occupations,30,30,0
S01012817,6. Caring leisure and other service occupations,27,4,23
S01012817,7. Sales and customer service occupations,33,11,22
S01012817,8. Process plant and machine operatives,18,17,1
S01012817,9. Elementary occupations,14,10,4
S01012818,All people aged 16 to 74 in employment,446,225,221
S01012818,1. Managers directors and senior officials,47,34,13
S01012818,2. Professional occupations,81,31,50
S01012818,3. Associate professional and technical occupations,79,46,33
S01012818,4. Administrative and secretarial occupations,61,10,51
S01012818,5. Skilled trades occupations,51,49,2
S01012818,6. Caring leisure and other service occupations,35,6,29
S01012818,7. Sales and customer service occupations,38,10,28
S01012818,8. Process plant and machine operatives,27,25,2
S01012818,9. Elementary occupations,27,14,13
S01012819,All people aged 16 to 74 in employment,274,135,139
S01012819,1. Managers directors and senior officials,16,9,7
S01012819,2. Professional occupations,22,10,12
S01012819,3. Associate professional and technical occupations,28,11,17
S01012819,4. Administrative and secretarial occupations,38,12,26
S01012819,5. Skilled trades occupations,35,35,0
S01012819,6. Caring leisure and other service occupations,34,5,29
S01012819,7. Sales and customer service occupations,35,9,26
S01012819,8. Process plant and machine operatives,25,23,2
S01012819,9. Elementary occupations,41,21,20
S01012820,All people aged 16 to 74 in employment,620,311,309
S01012820,1. Managers directors and senior officials,60,34,26
S01012820,2. Professional occupations,93,42,51
S01012820,3. Associate professional and technical occupations,105,55,50
S01012820,4. Administrative and secretarial occupations,79,14,65
S01012820,5. Skilled trades occupations,60,55,5
S01012820,6. Caring leisure and other service occupations,63,11,52
S01012820,7. Sales and customer service occupations,61,23,38
S01012820,8. Process plant and machine operatives,54,49,5
S01012820,9. Elementary occupations,45,28,17
S01012821,All people aged 16 to 74 in employment,423,225,198
S01012821,1. Managers directors and senior officials,39,26,13
S01012821,2. Professional occupations,78,33,45
S01012821,3. Associate professional and technical occupations,61,39,22
S01012821,4. Administrative and secretarial occupations,50,11,39
S01012821,5. Skilled trades occupations,46,45,1
S01012821,6. Caring leisure and other service occupations,38,5,33
S01012821,7. Sales and customer service occupations,47,18,29
S01012821,8. Process plant and machine operatives,42,32,10
S01012821,9. Elementary occupations,22,16,6
S01012822,All people aged 16 to 74 in employment,169,73,96
S01012822,1. Managers directors and senior officials,5,1,4
S01012822,2. Professional occupations,15,11,4
S01012822,3. Associate professional and technical occupations,13,1,12
S01012822,4. Administrative and secretarial occupations,23,7,16
S01012822,5. Skilled trades occupations,13,10,3
S01012822,6. Caring leisure and other service occupations,20,3,17
S01012822,7. Sales and customer service occupations,24,5,19
S01012822,8. Process plant and machine operatives,28,25,3
S01012822,9. Elementary occupations,28,10,18
S01012823,All people aged 16 to 74 in employment,493,255,238
S01012823,1. Managers directors and senior officials,34,21,13
S01012823,2. Professional occupations,62,24,38
S01012823,3. Associate professional and technical occupations,66,34,32
S01012823,4. Administrative and secretarial occupations,77,13,64
S01012823,5. Skilled trades occupations,60,58,2
S01012823,6. Caring leisure and other service occupations,48,12,36
S01012823,7. Sales and customer service occupations,56,19,37
S01012823,8. Process plant and machine operatives,46,41,5
S01012823,9. Elementary occupations,44,33,11
S01012824,All people aged 16 to 74 in employment,346,160,186
S01012824,1. Managers directors and senior officials,25,14,11
S01012824,2. Professional occupations,45,13,32
S01012824,3. Associate professional and technical occupations,42,23,19
S01012824,4. Administrative and secretarial occupations,56,11,45
S01012824,5. Skilled trades occupations,47,39,8
S01012824,6. Caring leisure and other service occupations,27,5,22
S01012824,7. Sales and customer service occupations,34,8,26
S01012824,8. Process plant and machine operatives,36,32,4
S01012824,9. Elementary occupations,34,15,19
S01012825,All people aged 16 to 74 in employment,212,116,96
S01012825,1. Managers directors and senior officials,10,6,4
S01012825,2. Professional occupations,19,8,11
S01012825,3. Associate professional and technical occupations,34,17,17
S01012825,4. Administrative and secretarial occupations,25,7,18
S01012825,5. Skilled trades occupations,35,31,4
S01012825,6. Caring leisure and other service occupations,22,4,18
S01012825,7. Sales and customer service occupations,20,6,14
S01012825,8. Process plant and machine operatives,19,19,0
S01012825,9. Elementary occupations,28,18,10
S01012826,All people aged 16 to 74 in employment,222,90,132
S01012826,1. Managers directors and senior officials,11,8,3
S01012826,2. Professional occupations,16,9,7
S01012826,3. Associate professional and technical occupations,18,7,11
S01012826,4. Administrative and secretarial occupations,24,6,18
S01012826,5. Skilled trades occupations,23,19,4
S01012826,6. Caring leisure and other service occupations,26,7,19
S01012826,7. Sales and customer service occupations,30,2,28
S01012826,8. Process plant and machine operatives,28,21,7
S01012826,9. Elementary occupations,46,11,35
S01012827,All people aged 16 to 74 in employment,384,205,179
S01012827,1. Managers directors and senior officials,49,40,9
S01012827,2. Professional occupations,45,21,24
S01012827,3. Associate professional and technical occupations,69,36,33
S01012827,4. Administrative and secretarial occupations,47,7,40
S01012827,5. Skilled trades occupations,51,45,6
S01012827,6. Caring leisure and other service occupations,32,5,27
S01012827,7. Sales and customer service occupations,38,11,27
S01012827,8. Process plant and machine operatives,26,24,2
S01012827,9. Elementary occupations,27,16,11
S01012828,All people aged 16 to 74 in employment,388,202,186
S01012828,1. Managers directors and senior officials,27,19,8
S01012828,2. Professional occupations,55,23,32
S01012828,3. Associate professional and technical occupations,82,46,36
S01012828,4. Administrative and secretarial occupations,66,12,54
S01012828,5. Skilled trades occupations,50,45,5
S01012828,6. Caring leisure and other service occupations,31,5,26
S01012828,7. Sales and customer service occupations,28,10,18
S01012828,8. Process plant and machine operatives,28,26,2
S01012828,9. Elementary occupations,21,16,5
S01012829,All people aged 16 to 74 in employment,336,161,175
S01012829,1. Managers directors and senior officials,13,7,6
S01012829,2. Professional occupations,17,9,8
S01012829,3. Associate professional and technical occupations,31,13,18
S01012829,4. Administrative and secretarial occupations,33,5,28
S01012829,5. Skilled trades occupations,48,44,4
S01012829,6. Caring leisure and other service occupations,41,6,35
S01012829,7. Sales and customer service occupations,44,8,36
S01012829,8. Process plant and machine operatives,46,39,7
S01012829,9. Elementary occupations,63,30,33
S01012830,All people aged 16 to 74 in employment,301,153,148
S01012830,1. Managers directors and senior officials,21,10,11
S01012830,2. Professional occupations,29,10,19
S01012830,3. Associate professional and technical occupations,44,23,21
S01012830,4. Administrative and secretarial occupations,42,9,33
S01012830,5. Skilled trades occupations,47,45,2
S01012830,6. Caring leisure and other service occupations,20,2,18
S01012830,7. Sales and customer service occupations,37,12,25
S01012830,8. Process plant and machine operatives,35,27,8
S01012830,9. Elementary occupations,26,15,11
S01012831,All people aged 16 to 74 in employment,234,128,106
S01012831,1. Managers directors and senior officials,20,13,7
S01012831,2. Professional occupations,17,11,6
S01012831,3. Associate professional and technical occupations,29,14,15
S01012831,4. Administrative and secretarial occupations,31,3,28
S01012831,5. Skilled trades occupations,28,28,0
S01012831,6. Caring leisure and other service occupations,27,7,20
S01012831,7. Sales and customer service occupations,22,7,15
S01012831,8. Process plant and machine operatives,24,21,3
S01012831,9. Elementary occupations,36,24,12
S01012832,All people aged 16 to 74 in employment,259,119,140
S01012832,1. Managers directors and senior officials,21,11,10
S01012832,2. Professional occupations,31,17,14
S01012832,3. Associate professional and technical occupations,28,13,15
S01012832,4. Administrative and secretarial occupations,35,6,29
S01012832,5. Skilled trades occupations,22,20,2
S01012832,6. Caring leisure and other service occupations,29,5,24
S01012832,7. Sales and customer service occupations,24,8,16
S01012832,8. Process plant and machine operatives,29,24,5
S01012832,9. Elementary occupations,40,15,25
S01012833,All people aged 16 to 74 in employment,260,109,151
S01012833,1. Managers directors and senior officials,6,2,4
S01012833,2. Professional occupations,31,10,21
S01012833,3. Associate professional and technical occupations,22,9,13
S01012833,4. Administrative and secretarial occupations,26,5,21
S01012833,5. Skilled trades occupations,27,22,5
S01012833,6. Caring leisure and other service occupations,38,8,30
S01012833,7. Sales and customer service occupations,39,5,34
S01012833,8. Process plant and machine operatives,32,26,6
S01012833,9. Elementary occupations,39,22,17
S01012834,All people aged 16 to 74 in employment,284,142,142
S01012834,1. Managers directors and senior officials,21,12,9
S01012834,2. Professional occupations,34,13,21
S01012834,3. Associate professional and technical occupations,35,20,15
S01012834,4. Administrative and secretarial occupations,38,5,33
S01012834,5. Skilled trades occupations,38,36,2
S01012834,6. Caring leisure and other service occupations,31,7,24
S01012834,7. Sales and customer service occupations,21,5,16
S01012834,8. Process plant and machine operatives,33,29,4
S01012834,9. Elementary occupations,33,15,18
S01012835,All people aged 16 to 74 in employment,394,195,199
S01012835,1. Managers directors and senior officials,30,18,12
S01012835,2. Professional occupations,76,31,45
S01012835,3. Associate professional and technical occupations,56,32,24
S01012835,4. Administrative and secretarial occupations,59,14,45
S01012835,5. Skilled trades occupations,31,28,3
S01012835,6. Caring leisure and other service occupations,34,5,29
S01012835,7. Sales and customer service occupations,32,11,21
S01012835,8. Process plant and machine operatives,43,38,5
S01012835,9. Elementary occupations,33,18,15
S01012836,All people aged 16 to 74 in employment,393,194,199
S01012836,1. Managers directors and senior officials,49,32,17
S01012836,2. Professional occupations,71,31,40
S01012836,3. Associate professional and technical occupations,64,29,35
S01012836,4. Administrative and secretarial occupations,53,8,45
S01012836,5. Skilled trades occupations,45,43,2
S01012836,6. Caring leisure and other service occupations,35,8,27
S01012836,7. Sales and customer service occupations,32,9,23
S01012836,8. Process plant and machine operatives,18,18,0
S01012836,9. Elementary occupations,26,16,10
S01012837,All people aged 16 to 74 in employment,256,131,125
S01012837,1. Managers directors and senior officials,6,5,1
S01012837,2. Professional occupations,9,3,6
S01012837,3. Associate professional and technical occupations,22,12,10
S01012837,4. Administrative and secretarial occupations,31,4,27
S01012837,5. Skilled trades occupations,35,32,3
S01012837,6. Caring leisure and other service occupations,29,4,25
S01012837,7. Sales and customer service occupations,45,18,27
S01012837,8. Process plant and machine operatives,31,24,7
S01012837,9. Elementary occupations,48,29,19
S01012838,All people aged 16 to 74 in employment,301,151,150
S01012838,1. Managers directors and senior officials,11,5,6
S01012838,2. Professional occupations,25,10,15
S01012838,3. Associate professional and technical occupations,22,12,10
S01012838,4. Administrative and secretarial occupations,25,6,19
S01012838,5. Skilled trades occupations,39,34,5
S01012838,6. Caring leisure and other service occupations,34,5,29
S01012838,7. Sales and customer service occupations,45,18,27
S01012838,8. Process plant and machine operatives,34,27,7
S01012838,9. Elementary occupations,66,34,32
S01012839,All people aged 16 to 74 in employment,408,200,208
S01012839,1. Managers directors and senior officials,41,25,16
S01012839,2. Professional occupations,60,28,32
S01012839,3. Associate professional and technical occupations,42,18,24
S01012839,4. Administrative and secretarial occupations,67,13,54
S01012839,5. Skilled trades occupations,44,41,3
S01012839,6. Caring leisure and other service occupations,30,4,26
S01012839,7. Sales and customer service occupations,45,15,30
S01012839,8. Process plant and machine operatives,32,30,2
S01012839,9. Elementary occupations,47,26,21
S01012840,All people aged 16 to 74 in employment,461,243,218
S01012840,1. Managers directors and senior officials,66,51,15
S01012840,2. Professional occupations,99,46,53
S01012840,3. Associate professional and technical occupations,65,31,34
S01012840,4. Administrative and secretarial occupations,71,15,56
S01012840,5. Skilled trades occupations,45,45,0
S01012840,6. Caring leisure and other service occupations,31,8,23
S01012840,7. Sales and customer service occupations,40,20,20
S01012840,8. Process plant and machine operatives,17,13,4
S01012840,9. Elementary occupations,27,14,13
S01012841,All people aged 16 to 74 in employment,338,179,159
S01012841,1. Managers directors and senior officials,21,12,9
S01012841,2. Professional occupations,70,27,43
S01012841,3. Associate professional and technical occupations,40,18,22
S01012841,4. Administrative and secretarial occupations,51,15,36
S01012841,5. Skilled trades occupations,49,45,4
S01012841,6. Caring leisure and other service occupations,27,8,19
S01012841,7. Sales and customer service occupations,27,11,16
S01012841,8. Process plant and machine operatives,30,29,1
S01012841,9. Elementary occupations,23,14,9
S01012842,All people aged 16 to 74 in employment,300,146,154
S01012842,1. Managers directors and senior officials,27,9,18
S01012842,2. Professional occupations,57,28,29
S01012842,3. Associate professional and technical occupations,37,24,13
S01012842,4. Administrative and secretarial occupations,38,8,30
S01012842,5. Skilled trades occupations,32,31,1
S01012842,6. Caring leisure and other service occupations,21,5,16
S01012842,7. Sales and customer service occupations,36,10,26
S01012842,8. Process plant and machine operatives,22,19,3
S01012842,9. Elementary occupations,30,12,18
S01012843,All people aged 16 to 74 in employment,491,252,239
S01012843,1. Managers directors and senior officials,55,41,14
S01012843,2. Professional occupations,152,69,83
S01012843,3. Associate professional and technical occupations,75,36,39
S01012843,4. Administrative and secretarial occupations,56,19,37
S01012843,5. Skilled trades occupations,36,34,2
S01012843,6. Caring leisure and other service occupations,36,9,27
S01012843,7. Sales and customer service occupations,36,11,25
S01012843,8. Process plant and machine operatives,22,21,1
S01012843,9. Elementary occupations,23,12,11
S01012844,All people aged 16 to 74 in employment,371,198,173
S01012844,1. Managers directors and senior officials,53,38,15
S01012844,2. Professional occupations,117,58,59
S01012844,3. Associate professional and technical occupations,64,35,29
S01012844,4. Administrative and secretarial occupations,38,8,30
S01012844,5. Skilled trades occupations,25,20,5
S01012844,6. Caring leisure and other service occupations,19,6,13
S01012844,7. Sales and customer service occupations,24,12,12
S01012844,8. Process plant and machine operatives,11,8,3
S01012844,9. Elementary occupations,20,13,7
S01012845,All people aged 16 to 74 in employment,331,162,169
S01012845,1. Managers directors and senior officials,39,28,11
S01012845,2. Professional occupations,103,45,58
S01012845,3. Associate professional and technical occupations,47,24,23
S01012845,4. Administrative and secretarial occupations,32,6,26
S01012845,5. Skilled trades occupations,27,26,1
S01012845,6. Caring leisure and other service occupations,27,2,25
S01012845,7. Sales and customer service occupations,31,14,17
S01012845,8. Process plant and machine operatives,9,8,1
S01012845,9. Elementary occupations,16,9,7
S01012846,All people aged 16 to 74 in employment,359,191,168
S01012846,1. Managers directors and senior officials,29,21,8
S01012846,2. Professional occupations,41,20,21
S01012846,3. Associate professional and technical occupations,49,23,26
S01012846,4. Administrative and secretarial occupations,57,12,45
S01012846,5. Skilled trades occupations,35,31,4
S01012846,6. Caring leisure and other service occupations,35,6,29
S01012846,7. Sales and customer service occupations,31,11,20
S01012846,8. Process plant and machine operatives,45,43,2
S01012846,9. Elementary occupations,37,24,13
S01012847,All people aged 16 to 74 in employment,265,126,139
S01012847,1. Managers directors and senior officials,15,9,6
S01012847,2. Professional occupations,32,10,22
S01012847,3. Associate professional and technical occupations,39,16,23
S01012847,4. Administrative and secretarial occupations,45,4,41
S01012847,5. Skilled trades occupations,47,46,1
S01012847,6. Caring leisure and other service occupations,23,5,18
S01012847,7. Sales and customer service occupations,25,9,16
S01012847,8. Process plant and machine operatives,19,18,1
S01012847,9. Elementary occupations,20,9,11
S01012848,All people aged 16 to 74 in employment,383,205,178
S01012848,1. Managers directors and senior officials,47,30,17
S01012848,2. Professional occupations,69,28,41
S01012848,3. Associate professional and technical occupations,65,39,26
S01012848,4. Administrative and secretarial occupations,43,11,32
S01012848,5. Skilled trades occupations,43,40,3
S01012848,6. Caring leisure and other service occupations,26,2,24
S01012848,7. Sales and customer service occupations,37,12,25
S01012848,8. Process plant and machine operatives,28,27,1
S01012848,9. Elementary occupations,25,16,9
S01012849,All people aged 16 to 74 in employment,351,168,183
S01012849,1. Managers directors and senior officials,23,9,14
S01012849,2. Professional occupations,43,17,26
S01012849,3. Associate professional and technical occupations,38,24,14
S01012849,4. Administrative and secretarial occupations,52,18,34
S01012849,5. Skilled trades occupations,54,51,3
S01012849,6. Caring leisure and other service occupations,41,6,35
S01012849,7. Sales and customer service occupations,39,11,28
S01012849,8. Process plant and machine operatives,31,24,7
S01012849,9. Elementary occupations,30,8,22
S01012850,All people aged 16 to 74 in employment,305,157,148
S01012850,1. Managers directors and senior officials,14,5,9
S01012850,2. Professional occupations,19,8,11
S01012850,3. Associate professional and technical occupations,33,22,11
S01012850,4. Administrative and secretarial occupations,48,9,39
S01012850,5. Skilled trades occupations,33,30,3
S01012850,6. Caring leisure and other service occupations,34,6,28
S01012850,7. Sales and customer service occupations,35,11,24
S01012850,8. Process plant and machine operatives,38,33,5
S01012850,9. Elementary occupations,51,33,18
S01012851,All people aged 16 to 74 in employment,366,174,192
S01012851,1. Managers directors and senior officials,25,13,12
S01012851,2. Professional occupations,61,30,31
S01012851,3. Associate professional and technical occupations,43,20,23
S01012851,4. Administrative and secretarial occupations,51,5,46
S01012851,5. Skilled trades occupations,49,43,6
S01012851,6. Caring leisure and other service occupations,37,4,33
S01012851,7. Sales and customer service occupations,39,12,27
S01012851,8. Process plant and machine operatives,26,26,0
S01012851,9. Elementary occupations,35,21,14
S01012852,All people aged 16 to 74 in employment,360,179,181
S01012852,1. Managers directors and senior officials,30,20,10
S01012852,2. Professional occupations,94,36,58
S01012852,3. Associate professional and technical occupations,51,28,23
S01012852,4. Administrative and secretarial occupations,60,14,46
S01012852,5. Skilled trades occupations,37,35,2
S01012852,6. Caring leisure and other service occupations,21,3,18
S01012852,7. Sales and customer service occupations,30,11,19
S01012852,8. Process plant and machine operatives,24,21,3
S01012852,9. Elementary occupations,13,11,2
S01012853,All people aged 16 to 74 in employment,382,194,188
S01012853,1. Managers directors and senior officials,41,20,21
S01012853,2. Professional occupations,70,27,43
S01012853,3. Associate professional and technical occupations,50,32,18
S01012853,4. Administrative and secretarial occupations,54,10,44
S01012853,5. Skilled trades occupations,45,45,0
S01012853,6. Caring leisure and other service occupations,29,3,26
S01012853,7. Sales and customer service occupations,36,15,21
S01012853,8. Process plant and machine operatives,30,28,2
S01012853,9. Elementary occupations,27,14,13
S01012854,All people aged 16 to 74 in employment,489,236,253
S01012854,1. Managers directors and senior officials,32,19,13
S01012854,2. Professional occupations,127,58,69
S01012854,3. Associate professional and technical occupations,75,33,42
S01012854,4. Administrative and secretarial occupations,68,21,47
S01012854,5. Skilled trades occupations,41,38,3
S01012854,6. Caring leisure and other service occupations,44,10,34
S01012854,7. Sales and customer service occupations,59,30,29
S01012854,8. Process plant and machine operatives,16,13,3
S01012854,9. Elementary occupations,27,14,13
S01012855,All people aged 16 to 74 in employment,396,194,202
S01012855,1. Managers directors and senior officials,33,19,14
S01012855,2. Professional occupations,89,41,48
S01012855,3. Associate professional and technical occupations,79,38,41
S01012855,4. Administrative and secretarial occupations,42,9,33
S01012855,5. Skilled trades occupations,38,36,2
S01012855,6. Caring leisure and other service occupations,38,5,33
S01012855,7. Sales and customer service occupations,39,16,23
S01012855,8. Process plant and machine operatives,13,11,2
S01012855,9. Elementary occupations,25,19,6
S01012856,All people aged 16 to 74 in employment,296,162,134
S01012856,1. Managers directors and senior officials,20,16,4
S01012856,2. Professional occupations,33,16,17
S01012856,3. Associate professional and technical occupations,43,24,19
S01012856,4. Administrative and secretarial occupations,32,5,27
S01012856,5. Skilled trades occupations,31,29,2
S01012856,6. Caring leisure and other service occupations,35,8,27
S01012856,7. Sales and customer service occupations,38,17,21
S01012856,8. Process plant and machine operatives,37,32,5
S01012856,9. Elementary occupations,27,15,12
S01012857,All people aged 16 to 74 in employment,306,147,159
S01012857,1. Managers directors and senior officials,24,16,8
S01012857,2. Professional occupations,30,13,17
S01012857,3. Associate professional and technical occupations,26,11,15
S01012857,4. Administrative and secretarial occupations,56,9,47
S01012857,5. Skilled trades occupations,38,36,2
S01012857,6. Caring leisure and other service occupations,34,7,27
S01012857,7. Sales and customer service occupations,34,11,23
S01012857,8. Process plant and machine operatives,36,28,8
S01012857,9. Elementary occupations,28,16,12
S01012858,All people aged 16 to 74 in employment,335,171,164
S01012858,1. Managers directors and senior officials,19,12,7
S01012858,2. Professional occupations,41,20,21
S01012858,3. Associate professional and technical occupations,40,22,18
S01012858,4. Administrative and secretarial occupations,45,12,33
S01012858,5. Skilled trades occupations,34,33,1
S01012858,6. Caring leisure and other service occupations,47,8,39
S01012858,7. Sales and customer service occupations,38,11,27
S01012858,8. Process plant and machine operatives,26,25,1
S01012858,9. Elementary occupations,45,28,17
S01012859,All people aged 16 to 74 in employment,501,246,255
S01012859,1. Managers directors and senior officials,26,11,15
S01012859,2. Professional occupations,51,27,24
S01012859,3. Associate professional and technical occupations,68,30,38
S01012859,4. Administrative and secretarial occupations,69,14,55
S01012859,5. Skilled trades occupations,69,62,7
S01012859,6. Caring leisure and other service occupations,59,13,46
S01012859,7. Sales and customer service occupations,53,17,36
S01012859,8. Process plant and machine operatives,43,42,1
S01012859,9. Elementary occupations,63,30,33
S01012860,All people aged 16 to 74 in employment,380,179,201
S01012860,1. Managers directors and senior officials,39,22,17
S01012860,2. Professional occupations,74,28,46
S01012860,3. Associate professional and technical occupations,41,21,20
S01012860,4. Administrative and secretarial occupations,64,14,50
S01012860,5. Skilled trades occupations,39,37,2
S01012860,6. Caring leisure and other service occupations,36,7,29
S01012860,7. Sales and customer service occupations,38,14,24
S01012860,8. Process plant and machine operatives,19,18,1
S01012860,9. Elementary occupations,30,18,12
S01012861,All people aged 16 to 74 in employment,375,177,198
S01012861,1. Managers directors and senior officials,33,17,16
S01012861,2. Professional occupations,69,31,38
S01012861,3. Associate professional and technical occupations,58,22,36
S01012861,4. Administrative and secretarial occupations,44,8,36
S01012861,5. Skilled trades occupations,40,38,2
S01012861,6. Caring leisure and other service occupations,39,6,33
S01012861,7. Sales and customer service occupations,37,11,26
S01012861,8. Process plant and machine operatives,26,24,2
S01012861,9. Elementary occupations,29,20,9
S01012862,All people aged 16 to 74 in employment,241,128,113
S01012862,1. Managers directors and senior officials,10,7,3
S01012862,2. Professional occupations,12,1,11
S01012862,3. Associate professional and technical occupations,28,13,15
S01012862,4. Administrative and secretarial occupations,31,6,25
S01012862,5. Skilled trades occupations,30,29,1
S01012862,6. Caring leisure and other service occupations,31,7,24
S01012862,7. Sales and customer service occupations,32,13,19
S01012862,8. Process plant and machine operatives,29,27,2
S01012862,9. Elementary occupations,38,25,13
S01012863,All people aged 16 to 74 in employment,290,161,129
S01012863,1. Managers directors and senior officials,18,7,11
S01012863,2. Professional occupations,37,15,22
S01012863,3. Associate professional and technical occupations,31,20,11
S01012863,4. Administrative and secretarial occupations,37,9,28
S01012863,5. Skilled trades occupations,30,27,3
S01012863,6. Caring leisure and other service occupations,30,10,20
S01012863,7. Sales and customer service occupations,31,21,10
S01012863,8. Process plant and machine operatives,24,22,2
S01012863,9. Elementary occupations,52,30,22
S01012864,All people aged 16 to 74 in employment,347,163,184
S01012864,1. Managers directors and senior officials,18,9,9
S01012864,2. Professional occupations,33,19,14
S01012864,3. Associate professional and technical occupations,37,21,16
S01012864,4. Administrative and secretarial occupations,62,12,50
S01012864,5. Skilled trades occupations,43,38,5
S01012864,6. Caring leisure and other service occupations,34,5,29
S01012864,7. Sales and customer service occupations,39,10,29
S01012864,8. Process plant and machine operatives,25,21,4
S01012864,9. Elementary occupations,56,28,28
S01012865,All people aged 16 to 74 in employment,325,162,163
S01012865,1. Managers directors and senior officials,18,13,5
S01012865,2. Professional occupations,39,15,24
S01012865,3. Associate professional and technical occupations,38,20,18
S01012865,4. Administrative and secretarial occupations,58,11,47
S01012865,5. Skilled trades occupations,34,33,1
S01012865,6. Caring leisure and other service occupations,36,7,29
S01012865,7. Sales and customer service occupations,38,13,25
S01012865,8. Process plant and machine operatives,31,27,4
S01012865,9. Elementary occupations,33,23,10
S01012866,All people aged 16 to 74 in employment,367,164,203
S01012866,1. Managers directors and senior officials,23,9,14
S01012866,2. Professional occupations,42,17,25
S01012866,3. Associate professional and technical occupations,40,19,21
S01012866,4. Administrative and secretarial occupations,56,9,47
S01012866,5. Skilled trades occupations,44,39,5
S01012866,6. Caring leisure and other service occupations,43,4,39
S01012866,7. Sales and customer service occupations,37,9,28
S01012866,8. Process plant and machine operatives,31,26,5
S01012866,9. Elementary occupations,51,32,19
S01012867,All people aged 16 to 74 in employment,260,125,135
S01012867,1. Managers directors and senior officials,17,9,8
S01012867,2. Professional occupations,14,1,13
S01012867,3. Associate professional and technical occupations,14,6,8
S01012867,4. Administrative and secretarial occupations,29,9,20
S01012867,5. Skilled trades occupations,38,37,1
S01012867,6. Caring leisure and other service occupations,41,4,37
S01012867,7. Sales and customer service occupations,28,9,19
S01012867,8. Process plant and machine operatives,21,19,2
S01012867,9. Elementary occupations,58,31,27
S01012868,All people aged 16 to 74 in employment,251,133,118
S01012868,1. Managers directors and senior officials,7,3,4
S01012868,2. Professional occupations,15,6,9
S01012868,3. Associate professional and technical occupations,29,16,13
S01012868,4. Administrative and secretarial occupations,35,8,27
S01012868,5. Skilled trades occupations,36,33,3
S01012868,6. Caring leisure and other service occupations,37,8,29
S01012868,7. Sales and customer service occupations,34,14,20
S01012868,8. Process plant and machine operatives,16,14,2
S01012868,9. Elementary occupations,42,31,11
S01012869,All people aged 16 to 74 in employment,195,85,110
S01012869,1. Managers directors and senior officials,8,5,3
S01012869,2. Professional occupations,5,1,4
S01012869,3. Associate professional and technical occupations,9,7,2
S01012869,4. Administrative and secretarial occupations,16,3,13
S01012869,5. Skilled trades occupations,27,23,4
S01012869,6. Caring leisure and other service occupations,26,2,24
S01012869,7. Sales and customer service occupations,29,12,17
S01012869,8. Process plant and machine operatives,14,10,4
S01012869,9. Elementary occupations,61,22,39
S01012870,All people aged 16 to 74 in employment,444,224,220
S01012870,1. Managers directors and senior officials,29,20,9
S01012870,2. Professional occupations,49,19,30
S01012870,3. Associate professional and technical occupations,60,27,33
S01012870,4. Administrative and secretarial occupations,75,12,63
S01012870,5. Skilled trades occupations,56,54,2
S01012870,6. Caring leisure and other service occupations,41,11,30
S01012870,7. Sales and customer service occupations,51,19,32
S01012870,8. Process plant and machine operatives,39,38,1
S01012870,9. Elementary occupations,44,24,20
S01012871,All people aged 16 to 74 in employment,394,201,193
S01012871,1. Managers directors and senior officials,27,15,12
S01012871,2. Professional occupations,61,24,37
S01012871,3. Associate professional and technical occupations,50,25,25
S01012871,4. Administrative and secretarial occupations,62,18,44
S01012871,5. Skilled trades occupations,54,51,3
S01012871,6. Caring leisure and other service occupations,44,11,33
S01012871,7. Sales and customer service occupations,34,12,22
S01012871,8. Process plant and machine operatives,31,28,3
S01012871,9. Elementary occupations,31,17,14
S01012872,All people aged 16 to 74 in employment,380,197,183
S01012872,1. Managers directors and senior officials,25,10,15
S01012872,2. Professional occupations,44,23,21
S01012872,3. Associate professional and technical occupations,30,9,21
S01012872,4. Administrative and secretarial occupations,67,16,51
S01012872,5. Skilled trades occupations,46,46,0
S01012872,6. Caring leisure and other service occupations,46,8,38
S01012872,7. Sales and customer service occupations,50,26,24
S01012872,8. Process plant and machine operatives,26,25,1
S01012872,9. Elementary occupations,46,34,12
S01012873,All people aged 16 to 74 in employment,434,204,230
S01012873,1. Managers directors and senior officials,29,11,18
S01012873,2. Professional occupations,52,24,28
S01012873,3. Associate professional and technical occupations,48,23,25
S01012873,4. Administrative and secretarial occupations,84,17,67
S01012873,5. Skilled trades occupations,53,49,4
S01012873,6. Caring leisure and other service occupations,48,5,43
S01012873,7. Sales and customer service occupations,52,24,28
S01012873,8. Process plant and machine operatives,26,25,1
S01012873,9. Elementary occupations,42,26,16
S01012874,All people aged 16 to 74 in employment,327,159,168
S01012874,1. Managers directors and senior officials,16,10,6
S01012874,2. Professional occupations,31,12,19
S01012874,3. Associate professional and technical occupations,33,20,13
S01012874,4. Administrative and secretarial occupations,41,10,31
S01012874,5. Skilled trades occupations,29,27,2
S01012874,6. Caring leisure and other service occupations,54,13,41
S01012874,7. Sales and customer service occupations,46,15,31
S01012874,8. Process plant and machine operatives,36,32,4
S01012874,9. Elementary occupations,41,20,21
S01012875,All people aged 16 to 74 in employment,270,142,128
S01012875,1. Managers directors and senior officials,17,9,8
S01012875,2. Professional occupations,32,13,19
S01012875,3. Associate professional and technical occupations,24,13,11
S01012875,4. Administrative and secretarial occupations,39,7,32
S01012875,5. Skilled trades occupations,40,37,3
S01012875,6. Caring leisure and other service occupations,26,8,18
S01012875,7. Sales and customer service occupations,27,13,14
S01012875,8. Process plant and machine operatives,24,23,1
S01012875,9. Elementary occupations,41,19,22
S01012876,All people aged 16 to 74 in employment,316,142,174
S01012876,1. Managers directors and senior officials,16,8,8
S01012876,2. Professional occupations,21,7,14
S01012876,3. Associate professional and technical occupations,27,11,16
S01012876,4. Administrative and secretarial occupations,44,9,35
S01012876,5. Skilled trades occupations,39,36,3
S01012876,6. Caring leisure and other service occupations,51,6,45
S01012876,7. Sales and customer service occupations,41,11,30
S01012876,8. Process plant and machine operatives,33,27,6
S01012876,9. Elementary occupations,44,27,17
S01012877,All people aged 16 to 74 in employment,318,153,165
S01012877,1. Managers directors and senior officials,13,6,7
S01012877,2. Professional occupations,12,4,8
S01012877,3. Associate professional and technical occupations,31,14,17
S01012877,4. Administrative and secretarial occupations,54,13,41
S01012877,5. Skilled trades occupations,40,37,3
S01012877,6. Caring leisure and other service occupations,44,8,36
S01012877,7. Sales and customer service occupations,39,15,24
S01012877,8. Process plant and machine operatives,33,29,4
S01012877,9. Elementary occupations,52,27,25
S01012878,All people aged 16 to 74 in employment,522,261,261
S01012878,1. Managers directors and senior officials,57,36,21
S01012878,2. Professional occupations,83,37,46
S01012878,3. Associate professional and technical occupations,92,54,38
S01012878,4. Administrative and secretarial occupations,90,16,74
S01012878,5. Skilled trades occupations,62,59,3
S01012878,6. Caring leisure and other service occupations,34,4,30
S01012878,7. Sales and customer service occupations,50,14,36
S01012878,8. Process plant and machine operatives,25,25,0
S01012878,9. Elementary occupations,29,16,13
S01012879,All people aged 16 to 74 in employment,354,168,186
S01012879,1. Managers directors and senior officials,26,16,10
S01012879,2. Professional occupations,92,35,57
S01012879,3. Associate professional and technical occupations,62,32,30
S01012879,4. Administrative and secretarial occupations,47,10,37
S01012879,5. Skilled trades occupations,29,26,3
S01012879,6. Caring leisure and other service occupations,28,6,22
S01012879,7. Sales and customer service occupations,26,9,17
S01012879,8. Process plant and machine operatives,20,19,1
S01012879,9. Elementary occupations,24,15,9
S01012880,All people aged 16 to 74 in employment,443,231,212
S01012880,1. Managers directors and senior officials,53,40,13
S01012880,2. Professional occupations,139,67,72
S01012880,3. Associate professional and technical occupations,67,32,35
S01012880,4. Administrative and secretarial occupations,56,13,43
S01012880,5. Skilled trades occupations,34,32,2
S01012880,6. Caring leisure and other service occupations,24,6,18
S01012880,7. Sales and customer service occupations,41,19,22
S01012880,8. Process plant and machine operatives,14,13,1
S01012880,9. Elementary occupations,15,9,6
S01012881,All people aged 16 to 74 in employment,380,191,189
S01012881,1. Managers directors and senior officials,37,27,10
S01012881,2. Professional occupations,110,45,65
S01012881,3. Associate professional and technical occupations,54,32,22
S01012881,4. Administrative and secretarial occupations,46,7,39
S01012881,5. Skilled trades occupations,34,33,1
S01012881,6. Caring leisure and other service occupations,26,6,20
S01012881,7. Sales and customer service occupations,36,15,21
S01012881,8. Process plant and machine operatives,16,14,2
S01012881,9. Elementary occupations,21,12,9
S01012882,All people aged 16 to 74 in employment,252,124,128
S01012882,1. Managers directors and senior officials,13,8,5
S01012882,2. Professional occupations,16,10,6
S01012882,3. Associate professional and technical occupations,26,15,11
S01012882,4. Administrative and secretarial occupations,30,5,25
S01012882,5. Skilled trades occupations,27,26,1
S01012882,6. Caring leisure and other service occupations,33,7,26
S01012882,7. Sales and customer service occupations,44,13,31
S01012882,8. Process plant and machine operatives,21,19,2
S01012882,9. Elementary occupations,42,21,21
S01012883,All people aged 16 to 74 in employment,185,92,93
S01012883,1. Managers directors and senior officials,6,2,4
S01012883,2. Professional occupations,17,10,7
S01012883,3. Associate professional and technical occupations,24,6,18
S01012883,4. Administrative and secretarial occupations,21,8,13
S01012883,5. Skilled trades occupations,14,13,1
S01012883,6. Caring leisure and other service occupations,26,7,19
S01012883,7. Sales and customer service occupations,17,4,13
S01012883,8. Process plant and machine operatives,20,18,2
S01012883,9. Elementary occupations,40,24,16
S01012884,All people aged 16 to 74 in employment,199,101,98
S01012884,1. Managers directors and senior officials,24,13,11
S01012884,2. Professional occupations,54,23,31
S01012884,3. Associate professional and technical occupations,21,10,11
S01012884,4. Administrative and secretarial occupations,20,6,14
S01012884,5. Skilled trades occupations,16,16,0
S01012884,6. Caring leisure and other service occupations,18,6,12
S01012884,7. Sales and customer service occupations,20,7,13
S01012884,8. Process plant and machine operatives,12,12,0
S01012884,9. Elementary occupations,14,8,6
S01012885,All people aged 16 to 74 in employment,195,102,93
S01012885,1. Managers directors and senior officials,2,1,1
S01012885,2. Professional occupations,9,5,4
S01012885,3. Associate professional and technical occupations,16,6,10
S01012885,4. Administrative and secretarial occupations,23,7,16
S01012885,5. Skilled trades occupations,22,19,3
S01012885,6. Caring leisure and other service occupations,32,8,24
S01012885,7. Sales and customer service occupations,31,10,21
S01012885,8. Process plant and machine operatives,30,26,4
S01012885,9. Elementary occupations,30,20,10
S01012886,All people aged 16 to 74 in employment,390,200,190
S01012886,1. Managers directors and senior officials,44,27,17
S01012886,2. Professional occupations,98,46,52
S01012886,3. Associate professional and technical occupations,55,31,24
S01012886,4. Administrative and secretarial occupations,52,14,38
S01012886,5. Skilled trades occupations,24,23,1
S01012886,6. Caring leisure and other service occupations,31,9,22
S01012886,7. Sales and customer service occupations,35,12,23
S01012886,8. Process plant and machine operatives,21,19,2
S01012886,9. Elementary occupations,30,19,11
S01012887,All people aged 16 to 74 in employment,358,177,181
S01012887,1. Managers directors and senior officials,35,19,16
S01012887,2. Professional occupations,90,37,53
S01012887,3. Associate professional and technical occupations,61,36,25
S01012887,4. Administrative and secretarial occupations,55,14,41
S01012887,5. Skilled trades occupations,30,28,2
S01012887,6. Caring leisure and other service occupations,14,3,11
S01012887,7. Sales and customer service occupations,32,12,20
S01012887,8. Process plant and machine operatives,18,16,2
S01012887,9. Elementary occupations,23,12,11
S01012888,All people aged 16 to 74 in employment,374,188,186
S01012888,1. Managers directors and senior officials,36,25,11
S01012888,2. Professional occupations,131,63,68
S01012888,3. Associate professional and technical occupations,58,30,28
S01012888,4. Administrative and secretarial occupations,37,7,30
S01012888,5. Skilled trades occupations,38,34,4
S01012888,6. Caring leisure and other service occupations,21,2,19
S01012888,7. Sales and customer service occupations,20,6,14
S01012888,8. Process plant and machine operatives,13,10,3
S01012888,9. Elementary occupations,20,11,9
S01012889,All people aged 16 to 74 in employment,487,238,249
S01012889,1. Managers directors and senior officials,58,34,24
S01012889,2. Professional occupations,96,43,53
S01012889,3. Associate professional and technical occupations,85,40,45
S01012889,4. Administrative and secretarial occupations,58,8,50
S01012889,5. Skilled trades occupations,55,54,1
S01012889,6. Caring leisure and other service occupations,37,7,30
S01012889,7. Sales and customer service occupations,30,8,22
S01012889,8. Process plant and machine operatives,31,26,5
S01012889,9. Elementary occupations,37,18,19
S01012890,All people aged 16 to 74 in employment,278,139,139
S01012890,1. Managers directors and senior officials,23,12,11
S01012890,2. Professional occupations,29,11,18
S01012890,3. Associate professional and technical occupations,28,16,12
S01012890,4. Administrative and secretarial occupations,24,4,20
S01012890,5. Skilled trades occupations,34,29,5
S01012890,6. Caring leisure and other service occupations,37,10,27
S01012890,7. Sales and customer service occupations,37,13,24
S01012890,8. Process plant and machine operatives,30,28,2
S01012890,9. Elementary occupations,36,16,20
S01012891,All people aged 16 to 74 in employment,243,115,128
S01012891,1. Managers directors and senior officials,9,3,6
S01012891,2. Professional occupations,24,10,14
S01012891,3. Associate professional and technical occupations,26,11,15
S01012891,4. Administrative and secretarial occupations,32,6,26
S01012891,5. Skilled trades occupations,39,33,6
S01012891,6. Caring leisure and other service occupations,26,6,20
S01012891,7. Sales and customer service occupations,29,8,21
S01012891,8. Process plant and machine operatives,25,21,4
S01012891,9. Elementary occupations,33,17,16
S01012892,All people aged 16 to 74 in employment,440,209,231
S01012892,1. Managers directors and senior officials,16,6,10
S01012892,2. Professional occupations,37,13,24
S01012892,3. Associate professional and technical occupations,31,15,16
S01012892,4. Administrative and secretarial occupations,60,14,46
S01012892,5. Skilled trades occupations,54,48,6
S01012892,6. Caring leisure and other service occupations,51,9,42
S01012892,7. Sales and customer service occupations,58,22,36
S01012892,8. Process plant and machine operatives,52,44,8
S01012892,9. Elementary occupations,81,38,43
S01012893,All people aged 16 to 74 in employment,287,127,160
S01012893,1. Managers directors and senior officials,9,4,5
S01012893,2. Professional occupations,11,3,8
S01012893,3. Associate professional and technical occupations,20,9,11
S01012893,4. Administrative and secretarial occupations,42,5,37
S01012893,5. Skilled trades occupations,41,36,5
S01012893,6. Caring leisure and other service occupations,47,6,41
S01012893,7. Sales and customer service occupations,37,9,28
S01012893,8. Process plant and machine operatives,29,28,1
S01012893,9. Elementary occupations,51,27,24
S01012894,All people aged 16 to 74 in employment,418,210,208
S01012894,1. Managers directors and senior officials,62,43,19
S01012894,2. Professional occupations,84,38,46
S01012894,3. Associate professional and technical occupations,70,41,29
S01012894,4. Administrative and secretarial occupations,39,4,35
S01012894,5. Skilled trades occupations,40,36,4
S01012894,6. Caring leisure and other service occupations,28,3,25
S01012894,7. Sales and customer service occupations,43,9,34
S01012894,8. Process plant and machine operatives,15,15,0
S01012894,9. Elementary occupations,37,21,16
S01012895,All people aged 16 to 74 in employment,305,163,142
S01012895,1. Managers directors and senior officials,47,32,15
S01012895,2. Professional occupations,51,18,33
S01012895,3. Associate professional and technical occupations,45,24,21
S01012895,4. Administrative and secretarial occupations,32,7,25
S01012895,5. Skilled trades occupations,50,41,9
S01012895,6. Caring leisure and other service occupations,24,6,18
S01012895,7. Sales and customer service occupations,22,10,12
S01012895,8. Process plant and machine operatives,19,18,1
S01012895,9. Elementary occupations,15,7,8
S01012896,All people aged 16 to 74 in employment,367,194,173
S01012896,1. Managers directors and senior officials,13,10,3
S01012896,2. Professional occupations,42,22,20
S01012896,3. Associate professional and technical occupations,55,36,19
S01012896,4. Administrative and secretarial occupations,60,9,51
S01012896,5. Skilled trades occupations,34,31,3
S01012896,6. Caring leisure and other service occupations,39,8,31
S01012896,7. Sales and customer service occupations,37,16,21
S01012896,8. Process plant and machine operatives,35,31,4
S01012896,9. Elementary occupations,52,31,21
S01012897,All people aged 16 to 74 in employment,337,165,172
S01012897,1. Managers directors and senior officials,26,20,6
S01012897,2. Professional occupations,67,26,41
S01012897,3. Associate professional and technical occupations,55,34,21
S01012897,4. Administrative and secretarial occupations,46,9,37
S01012897,5. Skilled trades occupations,37,35,2
S01012897,6. Caring leisure and other service occupations,28,3,25
S01012897,7. Sales and customer service occupations,39,11,28
S01012897,8. Process plant and machine operatives,23,19,4
S01012897,9. Elementary occupations,16,8,8
S01012898,All people aged 16 to 74 in employment,333,168,165
S01012898,1. Managers directors and senior officials,46,29,17
S01012898,2. Professional occupations,74,34,40
S01012898,3. Associate professional and technical occupations,52,31,21
S01012898,4. Administrative and secretarial occupations,34,4,30
S01012898,5. Skilled trades occupations,34,31,3
S01012898,6. Caring leisure and other service occupations,27,6,21
S01012898,7. Sales and customer service occupations,35,13,22
S01012898,8. Process plant and machine operatives,13,12,1
S01012898,9. Elementary occupations,18,8,10
S01012899,All people aged 16 to 74 in employment,242,127,115
S01012899,1. Managers directors and senior officials,14,5,9
S01012899,2. Professional occupations,16,8,8
S01012899,3. Associate professional and technical occupations,23,15,8
S01012899,4. Administrative and secretarial occupations,20,6,14
S01012899,5. Skilled trades occupations,29,28,1
S01012899,6. Caring leisure and other service occupations,34,5,29
S01012899,7. Sales and customer service occupations,39,9,30
S01012899,8. Process plant and machine operatives,32,30,2
S01012899,9. Elementary occupations,35,21,14
S01012900,All people aged 16 to 74 in employment,303,166,137
S01012900,1. Managers directors and senior officials,40,26,14
S01012900,2. Professional occupations,60,32,28
S01012900,3. Associate professional and technical occupations,44,26,18
S01012900,4. Administrative and secretarial occupations,48,6,42
S01012900,5. Skilled trades occupations,42,40,2
S01012900,6. Caring leisure and other service occupations,17,2,15
S01012900,7. Sales and customer service occupations,21,11,10
S01012900,8. Process plant and machine operatives,14,13,1
S01012900,9. Elementary occupations,17,10,7
S01012901,All people aged 16 to 74 in employment,341,168,173
S01012901,1. Managers directors and senior officials,29,12,17
S01012901,2. Professional occupations,39,15,24
S01012901,3. Associate professional and technical occupations,44,24,20
S01012901,4. Administrative and secretarial occupations,55,13,42
S01012901,5. Skilled trades occupations,28,28,0
S01012901,6. Caring leisure and other service occupations,35,11,24
S01012901,7. Sales and customer service occupations,40,12,28
S01012901,8. Process plant and machine operatives,31,29,2
S01012901,9. Elementary occupations,40,24,16
S01012902,All people aged 16 to 74 in employment,380,196,184
S01012902,1. Managers directors and senior officials,23,14,9
S01012902,2. Professional occupations,61,24,37
S01012902,3. Associate professional and technical occupations,59,30,29
S01012902,4. Administrative and secretarial occupations,57,17,40
S01012902,5. Skilled trades occupations,31,28,3
S01012902,6. Caring leisure and other service occupations,25,4,21
S01012902,7. Sales and customer service occupations,45,17,28
S01012902,8. Process plant and machine operatives,35,33,2
S01012902,9. Elementary occupations,44,29,15
S01012903,All people aged 16 to 74 in employment,399,188,211
S01012903,1. Managers directors and senior officials,21,8,13
S01012903,2. Professional occupations,38,12,26
S01012903,3. Associate professional and technical occupations,39,22,17
S01012903,4. Administrative and secretarial occupations,69,21,48
S01012903,5. Skilled trades occupations,50,45,5
S01012903,6. Caring leisure and other service occupations,46,11,35
S01012903,7. Sales and customer service occupations,58,14,44
S01012903,8. Process plant and machine operatives,36,34,2
S01012903,9. Elementary occupations,42,21,21
S01012904,All people aged 16 to 74 in employment,373,186,187
S01012904,1. Managers directors and senior officials,20,7,13
S01012904,2. Professional occupations,35,15,20
S01012904,3. Associate professional and technical occupations,42,32,10
S01012904,4. Administrative and secretarial occupations,67,14,53
S01012904,5. Skilled trades occupations,41,39,2
S01012904,6. Caring leisure and other service occupations,44,9,35
S01012904,7. Sales and customer service occupations,45,14,31
S01012904,8. Process plant and machine operatives,37,36,1
S01012904,9. Elementary occupations,42,20,22
S01012905,All people aged 16 to 74 in employment,291,135,156
S01012905,1. Managers directors and senior officials,16,5,11
S01012905,2. Professional occupations,21,5,16
S01012905,3. Associate professional and technical occupations,33,14,19
S01012905,4. Administrative and secretarial occupations,36,12,24
S01012905,5. Skilled trades occupations,36,34,2
S01012905,6. Caring leisure and other service occupations,37,6,31
S01012905,7. Sales and customer service occupations,46,16,30
S01012905,8. Process plant and machine operatives,29,25,4
S01012905,9. Elementary occupations,37,18,19
S01012906,All people aged 16 to 74 in employment,496,250,246
S01012906,1. Managers directors and senior officials,36,17,19
S01012906,2. Professional occupations,67,27,40
S01012906,3. Associate professional and technical occupations,96,55,41
S01012906,4. Administrative and secretarial occupations,70,16,54
S01012906,5. Skilled trades occupations,64,59,5
S01012906,6. Caring leisure and other service occupations,37,7,30
S01012906,7. Sales and customer service occupations,57,18,39
S01012906,8. Process plant and machine operatives,34,29,5
S01012906,9. Elementary occupations,35,22,13
S01012907,All people aged 16 to 74 in employment,392,198,194
S01012907,1. Managers directors and senior officials,24,9,15
S01012907,2. Professional occupations,39,13,26
S01012907,3. Associate professional and technical occupations,46,25,21
S01012907,4. Administrative and secretarial occupations,77,30,47
S01012907,5. Skilled trades occupations,41,40,1
S01012907,6. Caring leisure and other service occupations,41,4,37
S01012907,7. Sales and customer service occupations,43,14,29
S01012907,8. Process plant and machine operatives,39,33,6
S01012907,9. Elementary occupations,42,30,12
S01012908,All people aged 16 to 74 in employment,298,145,153
S01012908,1. Managers directors and senior officials,18,11,7
S01012908,2. Professional occupations,31,11,20
S01012908,3. Associate professional and technical occupations,41,25,16
S01012908,4. Administrative and secretarial occupations,55,11,44
S01012908,5. Skilled trades occupations,34,30,4
S01012908,6. Caring leisure and other service occupations,24,1,23
S01012908,7. Sales and customer service occupations,33,14,19
S01012908,8. Process plant and machine operatives,27,24,3
S01012908,9. Elementary occupations,35,18,17
S01012909,All people aged 16 to 74 in employment,262,140,122
S01012909,1. Managers directors and senior officials,19,10,9
S01012909,2. Professional occupations,34,18,16
S01012909,3. Associate professional and technical occupations,35,20,15
S01012909,4. Administrative and secretarial occupations,33,7,26
S01012909,5. Skilled trades occupations,22,22,0
S01012909,6. Caring leisure and other service occupations,27,5,22
S01012909,7. Sales and customer service occupations,39,15,24
S01012909,8. Process plant and machine operatives,24,23,1
S01012909,9. Elementary occupations,29,20,9
S01012910,All people aged 16 to 74 in employment,364,204,160
S01012910,1. Managers directors and senior officials,20,13,7
S01012910,2. Professional occupations,40,14,26
S01012910,3. Associate professional and technical occupations,44,35,9
S01012910,4. Administrative and secretarial occupations,55,17,38
S01012910,5. Skilled trades occupations,37,34,3
S01012910,6. Caring leisure and other service occupations,40,12,28
S01012910,7. Sales and customer service occupations,38,11,27
S01012910,8. Process plant and machine operatives,39,37,2
S01012910,9. Elementary occupations,51,31,20
S01012911,All people aged 16 to 74 in employment,342,178,164
S01012911,1. Managers directors and senior officials,24,15,9
S01012911,2. Professional occupations,52,24,28
S01012911,3. Associate professional and technical occupations,35,20,15
S01012911,4. Administrative and secretarial occupations,51,10,41
S01012911,5. Skilled trades occupations,46,43,3
S01012911,6. Caring leisure and other service occupations,46,11,35
S01012911,7. Sales and customer service occupations,34,13,21
S01012911,8. Process plant and machine operatives,24,23,1
S01012911,9. Elementary occupations,30,19,11
S01012912,All people aged 16 to 74 in employment,288,138,150
S01012912,1. Managers directors and senior officials,22,13,9
S01012912,2. Professional occupations,34,7,27
S01012912,3. Associate professional and technical occupations,38,24,14
S01012912,4. Administrative and secretarial occupations,42,7,35
S01012912,5. Skilled trades occupations,29,27,2
S01012912,6. Caring leisure and other service occupations,31,2,29
S01012912,7. Sales and customer service occupations,34,12,22
S01012912,8. Process plant and machine operatives,28,26,2
S01012912,9. Elementary occupations,30,20,10
S01012913,All people aged 16 to 74 in employment,405,205,200
S01012913,1. Managers directors and senior officials,11,8,3
S01012913,2. Professional occupations,63,28,35
S01012913,3. Associate professional and technical occupations,59,32,27
S01012913,4. Administrative and secretarial occupations,63,14,49
S01012913,5. Skilled trades occupations,53,49,4
S01012913,6. Caring leisure and other service occupations,44,11,33
S01012913,7. Sales and customer service occupations,49,15,34
S01012913,8. Process plant and machine operatives,28,27,1
S01012913,9. Elementary occupations,35,21,14
S01012914,All people aged 16 to 74 in employment,417,227,190
S01012914,1. Managers directors and senior officials,33,21,12
S01012914,2. Professional occupations,78,37,41
S01012914,3. Associate professional and technical occupations,59,40,19
S01012914,4. Administrative and secretarial occupations,48,15,33
S01012914,5. Skilled trades occupations,46,44,2
S01012914,6. Caring leisure and other service occupations,39,6,33
S01012914,7. Sales and customer service occupations,33,9,24
S01012914,8. Process plant and machine operatives,37,33,4
S01012914,9. Elementary occupations,44,22,22
S01012915,All people aged 16 to 74 in employment,556,284,272
S01012915,1. Managers directors and senior officials,58,45,13
S01012915,2. Professional occupations,87,38,49
S01012915,3. Associate professional and technical occupations,93,41,52
S01012915,4. Administrative and secretarial occupations,82,18,64
S01012915,5. Skilled trades occupations,59,58,1
S01012915,6. Caring leisure and other service occupations,39,6,33
S01012915,7. Sales and customer service occupations,52,16,36
S01012915,8. Process plant and machine operatives,35,33,2
S01012915,9. Elementary occupations,51,29,22
S01012916,All people aged 16 to 74 in employment,300,162,138
S01012916,1. Managers directors and senior officials,28,18,10
S01012916,2. Professional occupations,51,25,26
S01012916,3. Associate professional and technical occupations,43,23,20
S01012916,4. Administrative and secretarial occupations,42,8,34
S01012916,5. Skilled trades occupations,32,31,1
S01012916,6. Caring leisure and other service occupations,22,6,16
S01012916,7. Sales and customer service occupations,33,13,20
S01012916,8. Process plant and machine operatives,22,21,1
S01012916,9. Elementary occupations,27,17,10
S01012917,All people aged 16 to 74 in employment,374,186,188
S01012917,1. Managers directors and senior officials,27,20,7
S01012917,2. Professional occupations,66,33,33
S01012917,3. Associate professional and technical occupations,58,35,23
S01012917,4. Administrative and secretarial occupations,62,8,54
S01012917,5. Skilled trades occupations,41,39,2
S01012917,6. Caring leisure and other service occupations,33,6,27
S01012917,7. Sales and customer service occupations,45,13,32
S01012917,8. Process plant and machine operatives,18,18,0
S01012917,9. Elementary occupations,24,14,10
S01012918,All people aged 16 to 74 in employment,259,138,121
S01012918,1. Managers directors and senior officials,12,6,6
S01012918,2. Professional occupations,37,16,21
S01012918,3. Associate professional and technical occupations,30,15,15
S01012918,4. Administrative and secretarial occupations,35,13,22
S01012918,5. Skilled trades occupations,31,30,1
S01012918,6. Caring leisure and other service occupations,36,8,28
S01012918,7. Sales and customer service occupations,29,10,19
S01012918,8. Process plant and machine operatives,25,20,5
S01012918,9. Elementary occupations,24,20,4
S01012919,All people aged 16 to 74 in employment,202,106,96
S01012919,1. Managers directors and senior officials,8,6,2
S01012919,2. Professional occupations,20,9,11
S01012919,3. Associate professional and technical occupations,34,18,16
S01012919,4. Administrative and secretarial occupations,35,6,29
S01012919,5. Skilled trades occupations,25,23,2
S01012919,6. Caring leisure and other service occupations,14,4,10
S01012919,7. Sales and customer service occupations,13,1,12
S01012919,8. Process plant and machine operatives,29,25,4
S01012919,9. Elementary occupations,24,14,10
S01012920,All people aged 16 to 74 in employment,263,137,126
S01012920,1. Managers directors and senior officials,28,19,9
S01012920,2. Professional occupations,74,31,43
S01012920,3. Associate professional and technical occupations,37,28,9
S01012920,4. Administrative and secretarial occupations,36,11,25
S01012920,5. Skilled trades occupations,25,22,3
S01012920,6. Caring leisure and other service occupations,18,2,16
S01012920,7. Sales and customer service occupations,24,6,18
S01012920,8. Process plant and machine operatives,8,8,0
S01012920,9. Elementary occupations,13,10,3
S01012921,All people aged 16 to 74 in employment,336,157,179
S01012921,1. Managers directors and senior officials,19,9,10
S01012921,2. Professional occupations,31,14,17
S01012921,3. Associate professional and technical occupations,40,22,18
S01012921,4. Administrative and secretarial occupations,58,6,52
S01012921,5. Skilled trades occupations,30,29,1
S01012921,6. Caring leisure and other service occupations,45,9,36
S01012921,7. Sales and customer service occupations,36,12,24
S01012921,8. Process plant and machine operatives,37,33,4
S01012921,9. Elementary occupations,40,23,17
S01012922,All people aged 16 to 74 in employment,499,246,253
S01012922,1. Managers directors and senior officials,39,24,15
S01012922,2. Professional occupations,88,41,47
S01012922,3. Associate professional and technical occupations,68,37,31
S01012922,4. Administrative and secretarial occupations,78,16,62
S01012922,5. Skilled trades occupations,52,50,2
S01012922,6. Caring leisure and other service occupations,47,8,39
S01012922,7. Sales and customer service occupations,46,10,36
S01012922,8. Process plant and machine operatives,30,27,3
S01012922,9. Elementary occupations,51,33,18
S01012923,All people aged 16 to 74 in employment,368,177,191
S01012923,1. Managers directors and senior officials,24,13,11
S01012923,2. Professional occupations,53,21,32
S01012923,3. Associate professional and technical occupations,49,26,23
S01012923,4. Administrative and secretarial occupations,54,12,42
S01012923,5. Skilled trades occupations,38,36,2
S01012923,6. Caring leisure and other service occupations,41,11,30
S01012923,7. Sales and customer service occupations,43,11,32
S01012923,8. Process plant and machine operatives,31,27,4
S01012923,9. Elementary occupations,35,20,15
S01012924,All people aged 16 to 74 in employment,268,146,122
S01012924,1. Managers directors and senior officials,26,17,9
S01012924,2. Professional occupations,20,11,9
S01012924,3. Associate professional and technical occupations,47,23,24
S01012924,4. Administrative and secretarial occupations,48,17,31
S01012924,5. Skilled trades occupations,39,37,2
S01012924,6. Caring leisure and other service occupations,23,6,17
S01012924,7. Sales and customer service occupations,16,8,8
S01012924,8. Process plant and machine operatives,17,13,4
S01012924,9. Elementary occupations,32,14,18
S01012925,All people aged 16 to 74 in employment,258,144,114
S01012925,1. Managers directors and senior officials,24,18,6
S01012925,2. Professional occupations,46,25,21
S01012925,3. Associate professional and technical occupations,37,26,11
S01012925,4. Administrative and secretarial occupations,44,9,35
S01012925,5. Skilled trades occupations,28,27,1
S01012925,6. Caring leisure and other service occupations,21,3,18
S01012925,7. Sales and customer service occupations,24,10,14
S01012925,8. Process plant and machine operatives,16,15,1
S01012925,9. Elementary occupations,18,11,7
S01012926,All people aged 16 to 74 in employment,387,196,191
S01012926,1. Managers directors and senior officials,25,17,8
S01012926,2. Professional occupations,58,18,40
S01012926,3. Associate professional and technical occupations,52,28,24
S01012926,4. Administrative and secretarial occupations,65,18,47
S01012926,5. Skilled trades occupations,46,43,3
S01012926,6. Caring leisure and other service occupations,35,6,29
S01012926,7. Sales and customer service occupations,39,15,24
S01012926,8. Process plant and machine operatives,35,31,4
S01012926,9. Elementary occupations,32,20,12
S01012927,All people aged 16 to 74 in employment,376,188,188
S01012927,1. Managers directors and senior officials,21,13,8
S01012927,2. Professional occupations,56,21,35
S01012927,3. Associate professional and technical occupations,50,27,23
S01012927,4. Administrative and secretarial occupations,62,12,50
S01012927,5. Skilled trades occupations,39,34,5
S01012927,6. Caring leisure and other service occupations,32,5,27
S01012927,7. Sales and customer service occupations,36,17,19
S01012927,8. Process plant and machine operatives,29,23,6
S01012927,9. Elementary occupations,51,36,15
S01012928,All people aged 16 to 74 in employment,408,215,193
S01012928,1. Managers directors and senior officials,37,28,9
S01012928,2. Professional occupations,59,29,30
S01012928,3. Associate professional and technical occupations,52,35,17
S01012928,4. Administrative and secretarial occupations,76,17,59
S01012928,5. Skilled trades occupations,32,31,1
S01012928,6. Caring leisure and other service occupations,39,8,31
S01012928,7. Sales and customer service occupations,40,15,25
S01012928,8. Process plant and machine operatives,29,27,2
S01012928,9. Elementary occupations,44,25,19
S01012929,All people aged 16 to 74 in employment,347,176,171
S01012929,1. Managers directors and senior officials,26,13,13
S01012929,2. Professional occupations,49,17,32
S01012929,3. Associate professional and technical occupations,41,23,18
S01012929,4. Administrative and secretarial occupations,65,19,46
S01012929,5. Skilled trades occupations,33,33,0
S01012929,6. Caring leisure and other service occupations,26,5,21
S01012929,7. Sales and customer service occupations,38,13,25
S01012929,8. Process plant and machine operatives,42,39,3
S01012929,9. Elementary occupations,27,14,13
S01012930,All people aged 16 to 74 in employment,376,211,165
S01012930,1. Managers directors and senior officials,33,21,12
S01012930,2. Professional occupations,76,32,44
S01012930,3. Associate professional and technical occupations,57,40,17
S01012930,4. Administrative and secretarial occupations,53,18,35
S01012930,5. Skilled trades occupations,39,34,5
S01012930,6. Caring leisure and other service occupations,25,7,18
S01012930,7. Sales and customer service occupations,37,11,26
S01012930,8. Process plant and machine operatives,28,27,1
S01012930,9. Elementary occupations,28,21,7
S01012931,All people aged 16 to 74 in employment,416,210,206
S01012931,1. Managers directors and senior officials,29,21,8
S01012931,2. Professional occupations,60,23,37
S01012931,3. Associate professional and technical occupations,58,36,22
S01012931,4. Administrative and secretarial occupations,80,19,61
S01012931,5. Skilled trades occupations,41,40,1
S01012931,6. Caring leisure and other service occupations,41,12,29
S01012931,7. Sales and customer service occupations,48,17,31
S01012931,8. Process plant and machine operatives,28,26,2
S01012931,9. Elementary occupations,31,16,15
S01012932,All people aged 16 to 74 in employment,263,134,129
S01012932,1. Managers directors and senior officials,32,19,13
S01012932,2. Professional occupations,58,24,34
S01012932,3. Associate professional and technical occupations,39,18,21
S01012932,4. Administrative and secretarial occupations,33,6,27
S01012932,5. Skilled trades occupations,35,34,1
S01012932,6. Caring leisure and other service occupations,14,3,11
S01012932,7. Sales and customer service occupations,19,5,14
S01012932,8. Process plant and machine operatives,20,19,1
S01012932,9. Elementary occupations,13,6,7
S01012933,All people aged 16 to 74 in employment,397,206,191
S01012933,1. Managers directors and senior officials,24,18,6
S01012933,2. Professional occupations,51,24,27
S01012933,3. Associate professional and technical occupations,62,31,31
S01012933,4. Administrative and secretarial occupations,61,17,44
S01012933,5. Skilled trades occupations,48,45,3
S01012933,6. Caring leisure and other service occupations,46,6,40
S01012933,7. Sales and customer service occupations,38,11,27
S01012933,8. Process plant and machine operatives,39,37,2
S01012933,9. Elementary occupations,28,17,11
S01012934,All people aged 16 to 74 in employment,295,154,141
S01012934,1. Managers directors and senior officials,13,6,7
S01012934,2. Professional occupations,44,18,26
S01012934,3. Associate professional and technical occupations,43,28,15
S01012934,4. Administrative and secretarial occupations,49,12,37
S01012934,5. Skilled trades occupations,33,31,2
S01012934,6. Caring leisure and other service occupations,29,7,22
S01012934,7. Sales and customer service occupations,35,11,24
S01012934,8. Process plant and machine operatives,25,22,3
S01012934,9. Elementary occupations,24,19,5
S01012935,All people aged 16 to 74 in employment,425,212,213
S01012935,1. Managers directors and senior officials,29,17,12
S01012935,2. Professional occupations,69,32,37
S01012935,3. Associate professional and technical occupations,51,26,25
S01012935,4. Administrative and secretarial occupations,78,16,62
S01012935,5. Skilled trades occupations,38,34,4
S01012935,6. Caring leisure and other service occupations,30,6,24
S01012935,7. Sales and customer service occupations,49,21,28
S01012935,8. Process plant and machine operatives,48,45,3
S01012935,9. Elementary occupations,33,15,18
S01012936,All people aged 16 to 74 in employment,356,181,175
S01012936,1. Managers directors and senior officials,24,11,13
S01012936,2. Professional occupations,62,26,36
S01012936,3. Associate professional and technical occupations,52,31,21
S01012936,4. Administrative and secretarial occupations,47,5,42
S01012936,5. Skilled trades occupations,49,44,5
S01012936,6. Caring leisure and other service occupations,22,3,19
S01012936,7. Sales and customer service occupations,34,16,18
S01012936,8. Process plant and machine operatives,36,28,8
S01012936,9. Elementary occupations,30,17,13
S01012937,All people aged 16 to 74 in employment,346,180,166
S01012937,1. Managers directors and senior officials,32,22,10
S01012937,2. Professional occupations,60,30,30
S01012937,3. Associate professional and technical occupations,51,28,23
S01012937,4. Administrative and secretarial occupations,56,17,39
S01012937,5. Skilled trades occupations,44,38,6
S01012937,6. Caring leisure and other service occupations,22,4,18
S01012937,7. Sales and customer service occupations,36,8,28
S01012937,8. Process plant and machine operatives,20,16,4
S01012937,9. Elementary occupations,25,17,8
S01012938,All people aged 16 to 74 in employment,319,163,156
S01012938,1. Managers directors and senior officials,31,23,8
S01012938,2. Professional occupations,101,47,54
S01012938,3. Associate professional and technical occupations,57,38,19
S01012938,4. Administrative and secretarial occupations,36,6,30
S01012938,5. Skilled trades occupations,15,13,2
S01012938,6. Caring leisure and other service occupations,18,3,15
S01012938,7. Sales and customer service occupations,32,14,18
S01012938,8. Process plant and machine operatives,10,9,1
S01012938,9. Elementary occupations,19,10,9
S01012939,All people aged 16 to 74 in employment,341,178,163
S01012939,1. Managers directors and senior officials,30,22,8
S01012939,2. Professional occupations,59,32,27
S01012939,3. Associate professional and technical occupations,77,45,32
S01012939,4. Administrative and secretarial occupations,47,8,39
S01012939,5. Skilled trades occupations,29,29,0
S01012939,6. Caring leisure and other service occupations,22,2,20
S01012939,7. Sales and customer service occupations,42,14,28
S01012939,8. Process plant and machine operatives,11,10,1
S01012939,9. Elementary occupations,24,16,8
S01012940,All people aged 16 to 74 in employment,421,215,206
S01012940,1. Managers directors and senior officials,40,28,12
S01012940,2. Professional occupations,108,45,63
S01012940,3. Associate professional and technical occupations,62,38,24
S01012940,4. Administrative and secretarial occupations,67,17,50
S01012940,5. Skilled trades occupations,38,36,2
S01012940,6. Caring leisure and other service occupations,29,9,20
S01012940,7. Sales and customer service occupations,38,15,23
S01012940,8. Process plant and machine operatives,21,20,1
S01012940,9. Elementary occupations,18,7,11
S01012941,All people aged 16 to 74 in employment,440,237,203
S01012941,1. Managers directors and senior officials,61,45,16
S01012941,2. Professional occupations,122,62,60
S01012941,3. Associate professional and technical occupations,65,45,20
S01012941,4. Administrative and secretarial occupations,63,20,43
S01012941,5. Skilled trades occupations,21,21,0
S01012941,6. Caring leisure and other service occupations,29,4,25
S01012941,7. Sales and customer service occupations,53,18,35
S01012941,8. Process plant and machine operatives,18,17,1
S01012941,9. Elementary occupations,8,5,3
S01012942,All people aged 16 to 74 in employment,346,163,183
S01012942,1. Managers directors and senior officials,14,7,7
S01012942,2. Professional occupations,41,16,25
S01012942,3. Associate professional and technical occupations,40,29,11
S01012942,4. Administrative and secretarial occupations,52,10,42
S01012942,5. Skilled trades occupations,35,32,3
S01012942,6. Caring leisure and other service occupations,39,2,37
S01012942,7. Sales and customer service occupations,40,10,30
S01012942,8. Process plant and machine operatives,35,31,4
S01012942,9. Elementary occupations,50,26,24
S01012943,All people aged 16 to 74 in employment,391,200,191
S01012943,1. Managers directors and senior officials,38,20,18
S01012943,2. Professional occupations,80,34,46
S01012943,3. Associate professional and technical occupations,55,41,14
S01012943,4. Administrative and secretarial occupations,47,12,35
S01012943,5. Skilled trades occupations,42,41,1
S01012943,6. Caring leisure and other service occupations,29,5,24
S01012943,7. Sales and customer service occupations,46,9,37
S01012943,8. Process plant and machine operatives,27,22,5
S01012943,9. Elementary occupations,27,16,11
S01012944,All people aged 16 to 74 in employment,250,123,127
S01012944,1. Managers directors and senior officials,25,19,6
S01012944,2. Professional occupations,74,30,44
S01012944,3. Associate professional and technical occupations,40,27,13
S01012944,4. Administrative and secretarial occupations,46,10,36
S01012944,5. Skilled trades occupations,20,18,2
S01012944,6. Caring leisure and other service occupations,12,1,11
S01012944,7. Sales and customer service occupations,19,9,10
S01012944,8. Process plant and machine operatives,6,6,0
S01012944,9. Elementary occupations,8,3,5
S01012945,All people aged 16 to 74 in employment,402,211,191
S01012945,1. Managers directors and senior officials,63,45,18
S01012945,2. Professional occupations,103,52,51
S01012945,3. Associate professional and technical occupations,69,40,29
S01012945,4. Administrative and secretarial occupations,54,9,45
S01012945,5. Skilled trades occupations,35,30,5
S01012945,6. Caring leisure and other service occupations,15,0,15
S01012945,7. Sales and customer service occupations,35,17,18
S01012945,8. Process plant and machine operatives,13,11,2
S01012945,9. Elementary occupations,15,7,8
S01012946,All people aged 16 to 74 in employment,501,254,247
S01012946,1. Managers directors and senior officials,49,33,16
S01012946,2. Professional occupations,90,37,53
S01012946,3. Associate professional and technical occupations,98,59,39
S01012946,4. Administrative and secretarial occupations,97,25,72
S01012946,5. Skilled trades occupations,52,46,6
S01012946,6. Caring leisure and other service occupations,37,3,34
S01012946,7. Sales and customer service occupations,32,13,19
S01012946,8. Process plant and machine operatives,28,26,2
S01012946,9. Elementary occupations,18,12,6
S01012947,All people aged 16 to 74 in employment,261,137,124
S01012947,1. Managers directors and senior officials,48,33,15
S01012947,2. Professional occupations,72,38,34
S01012947,3. Associate professional and technical occupations,32,15,17
S01012947,4. Administrative and secretarial occupations,36,7,29
S01012947,5. Skilled trades occupations,18,16,2
S01012947,6. Caring leisure and other service occupations,5,0,5
S01012947,7. Sales and customer service occupations,19,7,12
S01012947,8. Process plant and machine operatives,12,9,3
S01012947,9. Elementary occupations,19,12,7
S01012948,All people aged 16 to 74 in employment,402,179,223
S01012948,1. Managers directors and senior officials,40,28,12
S01012948,2. Professional occupations,66,28,38
S01012948,3. Associate professional and technical occupations,57,29,28
S01012948,4. Administrative and secretarial occupations,72,10,62
S01012948,5. Skilled trades occupations,32,30,2
S01012948,6. Caring leisure and other service occupations,33,3,30
S01012948,7. Sales and customer service occupations,45,10,35
S01012948,8. Process plant and machine operatives,34,29,5
S01012948,9. Elementary occupations,23,12,11
S01012949,All people aged 16 to 74 in employment,408,211,197
S01012949,1. Managers directors and senior officials,29,20,9
S01012949,2. Professional occupations,77,33,44
S01012949,3. Associate professional and technical occupations,61,33,28
S01012949,4. Administrative and secretarial occupations,75,19,56
S01012949,5. Skilled trades occupations,49,46,3
S01012949,6. Caring leisure and other service occupations,23,2,21
S01012949,7. Sales and customer service occupations,35,16,19
S01012949,8. Process plant and machine operatives,29,25,4
S01012949,9. Elementary occupations,30,17,13
S01012950,All people aged 16 to 74 in employment,517,275,242
S01012950,1. Managers directors and senior officials,65,43,22
S01012950,2. Professional occupations,116,55,61
S01012950,3. Associate professional and technical occupations,95,62,33
S01012950,4. Administrative and secretarial occupations,87,17,70
S01012950,5. Skilled trades occupations,35,33,2
S01012950,6. Caring leisure and other service occupations,25,2,23
S01012950,7. Sales and customer service occupations,47,23,24
S01012950,8. Process plant and machine operatives,29,27,2
S01012950,9. Elementary occupations,18,13,5
S01012951,All people aged 16 to 74 in employment,543,289,254
S01012951,1. Managers directors and senior officials,112,75,37
S01012951,2. Professional occupations,146,67,79
S01012951,3. Associate professional and technical occupations,106,68,38
S01012951,4. Administrative and secretarial occupations,54,8,46
S01012951,5. Skilled trades occupations,30,28,2
S01012951,6. Caring leisure and other service occupations,21,2,19
S01012951,7. Sales and customer service occupations,42,13,29
S01012951,8. Process plant and machine operatives,17,17,0
S01012951,9. Elementary occupations,15,11,4
S01012952,All people aged 16 to 74 in employment,290,177,113
S01012952,1. Managers directors and senior officials,91,64,27
S01012952,2. Professional occupations,66,42,24
S01012952,3. Associate professional and technical occupations,44,27,17
S01012952,4. Administrative and secretarial occupations,24,1,23
S01012952,5. Skilled trades occupations,25,23,2
S01012952,6. Caring leisure and other service occupations,4,0,4
S01012952,7. Sales and customer service occupations,17,7,10
S01012952,8. Process plant and machine operatives,7,6,1
S01012952,9. Elementary occupations,12,7,5
S01012953,All people aged 16 to 74 in employment,401,217,184
S01012953,1. Managers directors and senior officials,42,31,11
S01012953,2. Professional occupations,69,29,40
S01012953,3. Associate professional and technical occupations,54,30,24
S01012953,4. Administrative and secretarial occupations,78,28,50
S01012953,5. Skilled trades occupations,39,39,0
S01012953,6. Caring leisure and other service occupations,29,11,18
S01012953,7. Sales and customer service occupations,45,16,29
S01012953,8. Process plant and machine operatives,19,19,0
S01012953,9. Elementary occupations,26,14,12
S01012954,All people aged 16 to 74 in employment,285,151,134
S01012954,1. Managers directors and senior officials,13,8,5
S01012954,2. Professional occupations,46,24,22
S01012954,3. Associate professional and technical occupations,44,29,15
S01012954,4. Administrative and secretarial occupations,49,8,41
S01012954,5. Skilled trades occupations,26,25,1
S01012954,6. Caring leisure and other service occupations,22,4,18
S01012954,7. Sales and customer service occupations,36,14,22
S01012954,8. Process plant and machine operatives,28,25,3
S01012954,9. Elementary occupations,21,14,7
S01012955,All people aged 16 to 74 in employment,502,273,229
S01012955,1. Managers directors and senior officials,79,60,19
S01012955,2. Professional occupations,131,71,60
S01012955,3. Associate professional and technical occupations,77,37,40
S01012955,4. Administrative and secretarial occupations,68,16,52
S01012955,5. Skilled trades occupations,42,41,1
S01012955,6. Caring leisure and other service occupations,21,2,19
S01012955,7. Sales and customer service occupations,37,14,23
S01012955,8. Process plant and machine operatives,17,14,3
S01012955,9. Elementary occupations,30,18,12
S01012956,All people aged 16 to 74 in employment,390,199,191
S01012956,1. Managers directors and senior officials,29,19,10
S01012956,2. Professional occupations,50,21,29
S01012956,3. Associate professional and technical occupations,41,18,23
S01012956,4. Administrative and secretarial occupations,61,17,44
S01012956,5. Skilled trades occupations,53,51,2
S01012956,6. Caring leisure and other service occupations,31,6,25
S01012956,7. Sales and customer service occupations,49,15,34
S01012956,8. Process plant and machine operatives,30,27,3
S01012956,9. Elementary occupations,46,25,21
S01012957,All people aged 16 to 74 in employment,306,152,154
S01012957,1. Managers directors and senior officials,15,11,4
S01012957,2. Professional occupations,36,14,22
S01012957,3. Associate professional and technical occupations,33,19,14
S01012957,4. Administrative and secretarial occupations,50,6,44
S01012957,5. Skilled trades occupations,35,33,2
S01012957,6. Caring leisure and other service occupations,30,11,19
S01012957,7. Sales and customer service occupations,36,13,23
S01012957,8. Process plant and machine operatives,25,23,2
S01012957,9. Elementary occupations,46,22,24
S01012958,All people aged 16 to 74 in employment,294,152,142
S01012958,1. Managers directors and senior officials,13,4,9
S01012958,2. Professional occupations,45,23,22
S01012958,3. Associate professional and technical occupations,40,23,17
S01012958,4. Administrative and secretarial occupations,55,13,42
S01012958,5. Skilled trades occupations,38,36,2
S01012958,6. Caring leisure and other service occupations,26,3,23
S01012958,7. Sales and customer service occupations,20,7,13
S01012958,8. Process plant and machine operatives,28,25,3
S01012958,9. Elementary occupations,29,18,11
S01012959,All people aged 16 to 74 in employment,353,178,175
S01012959,1. Managers directors and senior officials,27,19,8
S01012959,2. Professional occupations,53,21,32
S01012959,3. Associate professional and technical occupations,58,35,23
S01012959,4. Administrative and secretarial occupations,51,12,39
S01012959,5. Skilled trades occupations,32,31,1
S01012959,6. Caring leisure and other service occupations,33,4,29
S01012959,7. Sales and customer service occupations,37,12,25
S01012959,8. Process plant and machine operatives,32,30,2
S01012959,9. Elementary occupations,30,14,16
S01012960,All people aged 16 to 74 in employment,310,149,161
S01012960,1. Managers directors and senior officials,32,22,10
S01012960,2. Professional occupations,52,24,28
S01012960,3. Associate professional and technical occupations,41,25,16
S01012960,4. Administrative and secretarial occupations,51,6,45
S01012960,5. Skilled trades occupations,27,25,2
S01012960,6. Caring leisure and other service occupations,30,7,23
S01012960,7. Sales and customer service occupations,30,12,18
S01012960,8. Process plant and machine operatives,18,17,1
S01012960,9. Elementary occupations,29,11,18
S01012961,All people aged 16 to 74 in employment,300,148,152
S01012961,1. Managers directors and senior officials,46,29,17
S01012961,2. Professional occupations,46,20,26
S01012961,3. Associate professional and technical occupations,47,30,17
S01012961,4. Administrative and secretarial occupations,49,8,41
S01012961,5. Skilled trades occupations,24,22,2
S01012961,6. Caring leisure and other service occupations,12,1,11
S01012961,7. Sales and customer service occupations,35,7,28
S01012961,8. Process plant and machine operatives,21,21,0
S01012961,9. Elementary occupations,20,10,10
S01012962,All people aged 16 to 74 in employment,375,189,186
S01012962,1. Managers directors and senior officials,33,26,7
S01012962,2. Professional occupations,78,30,48
S01012962,3. Associate professional and technical occupations,53,33,20
S01012962,4. Administrative and secretarial occupations,79,18,61
S01012962,5. Skilled trades occupations,51,45,6
S01012962,6. Caring leisure and other service occupations,19,3,16
S01012962,7. Sales and customer service occupations,35,13,22
S01012962,8. Process plant and machine operatives,12,12,0
S01012962,9. Elementary occupations,15,9,6
S01012963,All people aged 16 to 74 in employment,464,237,227
S01012963,1. Managers directors and senior officials,58,38,20
S01012963,2. Professional occupations,91,43,48
S01012963,3. Associate professional and technical occupations,86,48,38
S01012963,4. Administrative and secretarial occupations,64,11,53
S01012963,5. Skilled trades occupations,45,42,3
S01012963,6. Caring leisure and other service occupations,32,5,27
S01012963,7. Sales and customer service occupations,48,22,26
S01012963,8. Process plant and machine operatives,15,14,1
S01012963,9. Elementary occupations,25,14,11
S01012964,All people aged 16 to 74 in employment,365,188,177
S01012964,1. Managers directors and senior officials,46,33,13
S01012964,2. Professional occupations,79,32,47
S01012964,3. Associate professional and technical occupations,69,38,31
S01012964,4. Administrative and secretarial occupations,37,5,32
S01012964,5. Skilled trades occupations,43,42,1
S01012964,6. Caring leisure and other service occupations,20,1,19
S01012964,7. Sales and customer service occupations,34,11,23
S01012964,8. Process plant and machine operatives,15,14,1
S01012964,9. Elementary occupations,22,12,10
S01012965,All people aged 16 to 74 in employment,324,176,148
S01012965,1. Managers directors and senior officials,32,20,12
S01012965,2. Professional occupations,65,34,31
S01012965,3. Associate professional and technical occupations,60,32,28
S01012965,4. Administrative and secretarial occupations,38,5,33
S01012965,5. Skilled trades occupations,37,34,3
S01012965,6. Caring leisure and other service occupations,21,4,17
S01012965,7. Sales and customer service occupations,28,15,13
S01012965,8. Process plant and machine operatives,18,16,2
S01012965,9. Elementary occupations,25,16,9
S01012966,All people aged 16 to 74 in employment,395,195,200
S01012966,1. Managers directors and senior officials,34,21,13
S01012966,2. Professional occupations,66,26,40
S01012966,3. Associate professional and technical occupations,54,33,21
S01012966,4. Administrative and secretarial occupations,50,12,38
S01012966,5. Skilled trades occupations,43,42,1
S01012966,6. Caring leisure and other service occupations,37,7,30
S01012966,7. Sales and customer service occupations,40,11,29
S01012966,8. Process plant and machine operatives,26,23,3
S01012966,9. Elementary occupations,45,20,25
S01012967,All people aged 16 to 74 in employment,263,132,131
S01012967,1. Managers directors and senior officials,14,8,6
S01012967,2. Professional occupations,21,13,8
S01012967,3. Associate professional and technical occupations,28,19,9
S01012967,4. Administrative and secretarial occupations,37,10,27
S01012967,5. Skilled trades occupations,28,22,6
S01012967,6. Caring leisure and other service occupations,32,6,26
S01012967,7. Sales and customer service occupations,29,10,19
S01012967,8. Process plant and machine operatives,27,23,4
S01012967,9. Elementary occupations,47,21,26
S01012968,All people aged 16 to 74 in employment,332,171,161
S01012968,1. Managers directors and senior officials,16,11,5
S01012968,2. Professional occupations,22,12,10
S01012968,3. Associate professional and technical occupations,31,20,11
S01012968,4. Administrative and secretarial occupations,43,8,35
S01012968,5. Skilled trades occupations,42,38,4
S01012968,6. Caring leisure and other service occupations,38,4,34
S01012968,7. Sales and customer service occupations,54,13,41
S01012968,8. Process plant and machine operatives,37,36,1
S01012968,9. Elementary occupations,49,29,20
S01012969,All people aged 16 to 74 in employment,322,160,162
S01012969,1. Managers directors and senior officials,18,12,6
S01012969,2. Professional occupations,30,15,15
S01012969,3. Associate professional and technical occupations,36,17,19
S01012969,4. Administrative and secretarial occupations,53,14,39
S01012969,5. Skilled trades occupations,28,27,1
S01012969,6. Caring leisure and other service occupations,34,5,29
S01012969,7. Sales and customer service occupations,33,8,25
S01012969,8. Process plant and machine operatives,41,39,2
S01012969,9. Elementary occupations,49,23,26
S01012970,All people aged 16 to 74 in employment,309,163,146
S01012970,1. Managers directors and senior officials,28,19,9
S01012970,2. Professional occupations,28,11,17
S01012970,3. Associate professional and technical occupations,28,19,9
S01012970,4. Administrative and secretarial occupations,36,5,31
S01012970,5. Skilled trades occupations,40,35,5
S01012970,6. Caring leisure and other service occupations,34,7,27
S01012970,7. Sales and customer service occupations,38,13,25
S01012970,8. Process plant and machine operatives,39,35,4
S01012970,9. Elementary occupations,38,19,19
S01012971,All people aged 16 to 74 in employment,376,189,187
S01012971,1. Managers directors and senior officials,19,13,6
S01012971,2. Professional occupations,38,23,15
S01012971,3. Associate professional and technical occupations,33,20,13
S01012971,4. Administrative and secretarial occupations,41,4,37
S01012971,5. Skilled trades occupations,50,42,8
S01012971,6. Caring leisure and other service occupations,47,7,40
S01012971,7. Sales and customer service occupations,59,19,40
S01012971,8. Process plant and machine operatives,41,39,2
S01012971,9. Elementary occupations,48,22,26
S01012972,All people aged 16 to 74 in employment,364,187,177
S01012972,1. Managers directors and senior officials,19,13,6
S01012972,2. Professional occupations,23,10,13
S01012972,3. Associate professional and technical occupations,24,10,14
S01012972,4. Administrative and secretarial occupations,50,13,37
S01012972,5. Skilled trades occupations,50,47,3
S01012972,6. Caring leisure and other service occupations,53,11,42
S01012972,7. Sales and customer service occupations,49,11,38
S01012972,8. Process plant and machine operatives,47,44,3
S01012972,9. Elementary occupations,49,28,21
S01012973,All people aged 16 to 74 in employment,389,201,188
S01012973,1. Managers directors and senior officials,23,15,8
S01012973,2. Professional occupations,33,13,20
S01012973,3. Associate professional and technical occupations,42,29,13
S01012973,4. Administrative and secretarial occupations,59,19,40
S01012973,5. Skilled trades occupations,46,38,8
S01012973,6. Caring leisure and other service occupations,45,7,38
S01012973,7. Sales and customer service occupations,46,9,37
S01012973,8. Process plant and machine operatives,49,45,4
S01012973,9. Elementary occupations,46,26,20
S01012974,All people aged 16 to 74 in employment,403,210,193
S01012974,1. Managers directors and senior officials,25,13,12
S01012974,2. Professional occupations,43,23,20
S01012974,3. Associate professional and technical occupations,49,24,25
S01012974,4. Administrative and secretarial occupations,51,19,32
S01012974,5. Skilled trades occupations,52,46,6
S01012974,6. Caring leisure and other service occupations,45,9,36
S01012974,7. Sales and customer service occupations,32,10,22
S01012974,8. Process plant and machine operatives,40,34,6
S01012974,9. Elementary occupations,66,32,34
S01012975,All people aged 16 to 74 in employment,268,133,135
S01012975,1. Managers directors and senior officials,16,11,5
S01012975,2. Professional occupations,19,5,14
S01012975,3. Associate professional and technical occupations,19,11,8
S01012975,4. Administrative and secretarial occupations,43,12,31
S01012975,5. Skilled trades occupations,36,29,7
S01012975,6. Caring leisure and other service occupations,28,6,22
S01012975,7. Sales and customer service occupations,34,9,25
S01012975,8. Process plant and machine operatives,32,27,5
S01012975,9. Elementary occupations,41,23,18
S01012976,All people aged 16 to 74 in employment,238,123,115
S01012976,1. Managers directors and senior officials,17,10,7
S01012976,2. Professional occupations,23,14,9
S01012976,3. Associate professional and technical occupations,23,8,15
S01012976,4. Administrative and secretarial occupations,30,8,22
S01012976,5. Skilled trades occupations,26,22,4
S01012976,6. Caring leisure and other service occupations,28,9,19
S01012976,7. Sales and customer service occupations,32,6,26
S01012976,8. Process plant and machine operatives,27,26,1
S01012976,9. Elementary occupations,32,20,12
S01012977,All people aged 16 to 74 in employment,349,179,170
S01012977,1. Managers directors and senior officials,13,5,8
S01012977,2. Professional occupations,34,11,23
S01012977,3. Associate professional and technical occupations,28,16,12
S01012977,4. Administrative and secretarial occupations,33,6,27
S01012977,5. Skilled trades occupations,47,42,5
S01012977,6. Caring leisure and other service occupations,54,8,46
S01012977,7. Sales and customer service occupations,45,18,27
S01012977,8. Process plant and machine operatives,42,39,3
S01012977,9. Elementary occupations,53,34,19
S01012978,All people aged 16 to 74 in employment,372,185,187
S01012978,1. Managers directors and senior officials,25,15,10
S01012978,2. Professional occupations,32,10,22
S01012978,3. Associate professional and technical occupations,30,16,14
S01012978,4. Administrative and secretarial occupations,42,10,32
S01012978,5. Skilled trades occupations,49,46,3
S01012978,6. Caring leisure and other service occupations,57,9,48
S01012978,7. Sales and customer service occupations,42,14,28
S01012978,8. Process plant and machine operatives,37,36,1
S01012978,9. Elementary occupations,58,29,29
S01012979,All people aged 16 to 74 in employment,332,175,157
S01012979,1. Managers directors and senior officials,30,17,13
S01012979,2. Professional occupations,34,12,22
S01012979,3. Associate professional and technical occupations,40,28,12
S01012979,4. Administrative and secretarial occupations,33,7,26
S01012979,5. Skilled trades occupations,44,43,1
S01012979,6. Caring leisure and other service occupations,32,3,29
S01012979,7. Sales and customer service occupations,40,14,26
S01012979,8. Process plant and machine operatives,36,33,3
S01012979,9. Elementary occupations,43,18,25
S01012980,All people aged 16 to 74 in employment,329,162,167
S01012980,1. Managers directors and senior officials,16,7,9
S01012980,2. Professional occupations,28,11,17
S01012980,3. Associate professional and technical occupations,47,30,17
S01012980,4. Administrative and secretarial occupations,43,15,28
S01012980,5. Skilled trades occupations,35,31,4
S01012980,6. Caring leisure and other service occupations,31,6,25
S01012980,7. Sales and customer service occupations,44,11,33
S01012980,8. Process plant and machine operatives,35,31,4
S01012980,9. Elementary occupations,50,20,30
S01012981,All people aged 16 to 74 in employment,406,213,193
S01012981,1. Managers directors and senior officials,26,19,7
S01012981,2. Professional occupations,44,18,26
S01012981,3. Associate professional and technical occupations,43,26,17
S01012981,4. Administrative and secretarial occupations,58,13,45
S01012981,5. Skilled trades occupations,54,47,7
S01012981,6. Caring leisure and other service occupations,52,9,43
S01012981,7. Sales and customer service occupations,43,23,20
S01012981,8. Process plant and machine operatives,29,25,4
S01012981,9. Elementary occupations,57,33,24
S01012982,All people aged 16 to 74 in employment,421,201,220
S01012982,1. Managers directors and senior officials,18,12,6
S01012982,2. Professional occupations,39,13,26
S01012982,3. Associate professional and technical occupations,42,21,21
S01012982,4. Administrative and secretarial occupations,72,16,56
S01012982,5. Skilled trades occupations,45,40,5
S01012982,6. Caring leisure and other service occupations,47,11,36
S01012982,7. Sales and customer service occupations,65,22,43
S01012982,8. Process plant and machine operatives,38,33,5
S01012982,9. Elementary occupations,55,33,22
S01012983,All people aged 16 to 74 in employment,367,185,182
S01012983,1. Managers directors and senior officials,29,17,12
S01012983,2. Professional occupations,51,20,31
S01012983,3. Associate professional and technical occupations,49,32,17
S01012983,4. Administrative and secretarial occupations,72,20,52
S01012983,5. Skilled trades occupations,35,34,1
S01012983,6. Caring leisure and other service occupations,32,6,26
S01012983,7. Sales and customer service occupations,45,14,31
S01012983,8. Process plant and machine operatives,26,23,3
S01012983,9. Elementary occupations,28,19,9
S01012984,All people aged 16 to 74 in employment,342,171,171
S01012984,1. Managers directors and senior officials,24,17,7
S01012984,2. Professional occupations,39,20,19
S01012984,3. Associate professional and technical occupations,47,23,24
S01012984,4. Administrative and secretarial occupations,61,15,46
S01012984,5. Skilled trades occupations,38,36,2
S01012984,6. Caring leisure and other service occupations,35,6,29
S01012984,7. Sales and customer service occupations,38,12,26
S01012984,8. Process plant and machine operatives,24,21,3
S01012984,9. Elementary occupations,36,21,15
S01012985,All people aged 16 to 74 in employment,394,211,183
S01012985,1. Managers directors and senior officials,20,9,11
S01012985,2. Professional occupations,43,16,27
S01012985,3. Associate professional and technical occupations,40,27,13
S01012985,4. Administrative and secretarial occupations,62,16,46
S01012985,5. Skilled trades occupations,65,57,8
S01012985,6. Caring leisure and other service occupations,37,9,28
S01012985,7. Sales and customer service occupations,38,16,22
S01012985,8. Process plant and machine operatives,40,37,3
S01012985,9. Elementary occupations,49,24,25
S01012986,All people aged 16 to 74 in employment,369,193,176
S01012986,1. Managers directors and senior officials,16,12,4
S01012986,2. Professional occupations,45,19,26
S01012986,3. Associate professional and technical occupations,39,27,12
S01012986,4. Administrative and secretarial occupations,67,19,48
S01012986,5. Skilled trades occupations,49,44,5
S01012986,6. Caring leisure and other service occupations,42,4,38
S01012986,7. Sales and customer service occupations,39,10,29
S01012986,8. Process plant and machine operatives,28,26,2
S01012986,9. Elementary occupations,44,32,12
S01012987,All people aged 16 to 74 in employment,352,169,183
S01012987,1. Managers directors and senior officials,22,12,10
S01012987,2. Professional occupations,29,15,14
S01012987,3. Associate professional and technical occupations,42,17,25
S01012987,4. Administrative and secretarial occupations,52,11,41
S01012987,5. Skilled trades occupations,45,41,4
S01012987,6. Caring leisure and other service occupations,54,6,48
S01012987,7. Sales and customer service occupations,35,14,21
S01012987,8. Process plant and machine operatives,34,33,1
S01012987,9. Elementary occupations,39,20,19
S01012988,All people aged 16 to 74 in employment,388,199,189
S01012988,1. Managers directors and senior officials,26,12,14
S01012988,2. Professional occupations,42,18,24
S01012988,3. Associate professional and technical occupations,46,23,23
S01012988,4. Administrative and secretarial occupations,60,16,44
S01012988,5. Skilled trades occupations,48,46,2
S01012988,6. Caring leisure and other service occupations,52,15,37
S01012988,7. Sales and customer service occupations,36,11,25
S01012988,8. Process plant and machine operatives,42,38,4
S01012988,9. Elementary occupations,36,20,16
S01012989,All people aged 16 to 74 in employment,445,222,223
S01012989,1. Managers directors and senior officials,25,12,13
S01012989,2. Professional occupations,45,18,27
S01012989,3. Associate professional and technical occupations,69,39,30
S01012989,4. Administrative and secretarial occupations,72,13,59
S01012989,5. Skilled trades occupations,64,60,4
S01012989,6. Caring leisure and other service occupations,36,7,29
S01012989,7. Sales and customer service occupations,56,22,34
S01012989,8. Process plant and machine operatives,31,25,6
S01012989,9. Elementary occupations,47,26,21
S01012990,All people aged 16 to 74 in employment,279,132,147
S01012990,1. Managers directors and senior officials,18,10,8
S01012990,2. Professional occupations,22,10,12
S01012990,3. Associate professional and technical occupations,22,14,8
S01012990,4. Administrative and secretarial occupations,51,15,36
S01012990,5. Skilled trades occupations,33,28,5
S01012990,6. Caring leisure and other service occupations,29,3,26
S01012990,7. Sales and customer service occupations,33,3,30
S01012990,8. Process plant and machine operatives,27,23,4
S01012990,9. Elementary occupations,44,26,18
S01012991,All people aged 16 to 74 in employment,365,177,188
S01012991,1. Managers directors and senior officials,22,11,11
S01012991,2. Professional occupations,50,24,26
S01012991,3. Associate professional and technical occupations,37,23,14
S01012991,4. Administrative and secretarial occupations,52,7,45
S01012991,5. Skilled trades occupations,39,36,3
S01012991,6. Caring leisure and other service occupations,34,5,29
S01012991,7. Sales and customer service occupations,42,12,30
S01012991,8. Process plant and machine operatives,25,25,0
S01012991,9. Elementary occupations,64,34,30
S01012992,All people aged 16 to 74 in employment,358,177,181
S01012992,1. Managers directors and senior officials,22,9,13
S01012992,2. Professional occupations,50,19,31
S01012992,3. Associate professional and technical occupations,37,19,18
S01012992,4. Administrative and secretarial occupations,58,17,41
S01012992,5. Skilled trades occupations,33,31,2
S01012992,6. Caring leisure and other service occupations,39,11,28
S01012992,7. Sales and customer service occupations,41,15,26
S01012992,8. Process plant and machine operatives,33,30,3
S01012992,9. Elementary occupations,45,26,19
S01012993,All people aged 16 to 74 in employment,302,141,161
S01012993,1. Managers directors and senior officials,19,11,8
S01012993,2. Professional occupations,30,10,20
S01012993,3. Associate professional and technical occupations,45,22,23
S01012993,4. Administrative and secretarial occupations,50,13,37
S01012993,5. Skilled trades occupations,30,28,2
S01012993,6. Caring leisure and other service occupations,30,5,25
S01012993,7. Sales and customer service occupations,31,6,25
S01012993,8. Process plant and machine operatives,30,25,5
S01012993,9. Elementary occupations,37,21,16
S01012994,All people aged 16 to 74 in employment,417,227,190
S01012994,1. Managers directors and senior officials,24,19,5
S01012994,2. Professional occupations,50,24,26
S01012994,3. Associate professional and technical occupations,46,28,18
S01012994,4. Administrative and secretarial occupations,64,19,45
S01012994,5. Skilled trades occupations,43,37,6
S01012994,6. Caring leisure and other service occupations,37,6,31
S01012994,7. Sales and customer service occupations,46,21,25
S01012994,8. Process plant and machine operatives,37,34,3
S01012994,9. Elementary occupations,70,39,31
S01012995,All people aged 16 to 74 in employment,471,239,232
S01012995,1. Managers directors and senior officials,28,15,13
S01012995,2. Professional occupations,62,29,33
S01012995,3. Associate professional and technical occupations,73,40,33
S01012995,4. Administrative and secretarial occupations,81,15,66
S01012995,5. Skilled trades occupations,63,63,0
S01012995,6. Caring leisure and other service occupations,45,7,38
S01012995,7. Sales and customer service occupations,35,15,20
S01012995,8. Process plant and machine operatives,31,28,3
S01012995,9. Elementary occupations,53,27,26
S01012996,All people aged 16 to 74 in employment,388,191,197
S01012996,1. Managers directors and senior officials,17,10,7
S01012996,2. Professional occupations,28,9,19
S01012996,3. Associate professional and technical occupations,52,28,24
S01012996,4. Administrative and secretarial occupations,52,10,42
S01012996,5. Skilled trades occupations,63,58,5
S01012996,6. Caring leisure and other service occupations,46,7,39
S01012996,7. Sales and customer service occupations,44,18,26
S01012996,8. Process plant and machine operatives,33,25,8
S01012996,9. Elementary occupations,53,26,27
S01012997,All people aged 16 to 74 in employment,207,107,100
S01012997,1. Managers directors and senior officials,11,8,3
S01012997,2. Professional occupations,30,14,16
S01012997,3. Associate professional and technical occupations,28,17,11
S01012997,4. Administrative and secretarial occupations,33,6,27
S01012997,5. Skilled trades occupations,25,21,4
S01012997,6. Caring leisure and other service occupations,21,7,14
S01012997,7. Sales and customer service occupations,22,8,14
S01012997,8. Process plant and machine operatives,16,14,2
S01012997,9. Elementary occupations,21,12,9
S01012998,All people aged 16 to 74 in employment,561,277,284
S01012998,1. Managers directors and senior officials,61,36,25
S01012998,2. Professional occupations,82,35,47
S01012998,3. Associate professional and technical occupations,71,42,29
S01012998,4. Administrative and secretarial occupations,79,12,67
S01012998,5. Skilled trades occupations,55,52,3
S01012998,6. Caring leisure and other service occupations,43,3,40
S01012998,7. Sales and customer service occupations,53,18,35
S01012998,8. Process plant and machine operatives,45,39,6
S01012998,9. Elementary occupations,72,40,32
S01012999,All people aged 16 to 74 in employment,237,122,115
S01012999,1. Managers directors and senior officials,16,11,5
S01012999,2. Professional occupations,21,8,13
S01012999,3. Associate professional and technical occupations,24,16,8
S01012999,4. Administrative and secretarial occupations,24,4,20
S01012999,5. Skilled trades occupations,30,27,3
S01012999,6. Caring leisure and other service occupations,31,4,27
S01012999,7. Sales and customer service occupations,25,8,17
S01012999,8. Process plant and machine operatives,24,21,3
S01012999,9. Elementary occupations,42,23,19
S01013000,All people aged 16 to 74 in employment,313,158,155
S01013000,1. Managers directors and senior officials,9,6,3
S01013000,2. Professional occupations,34,14,20
S01013000,3. Associate professional and technical occupations,32,16,16
S01013000,4. Administrative and secretarial occupations,49,7,42
S01013000,5. Skilled trades occupations,43,43,0
S01013000,6. Caring leisure and other service occupations,28,6,22
S01013000,7. Sales and customer service occupations,35,16,19
S01013000,8. Process plant and machine operatives,33,28,5
S01013000,9. Elementary occupations,50,22,28
S01013001,All people aged 16 to 74 in employment,196,104,92
S01013001,1. Managers directors and senior officials,41,25,16
S01013001,2. Professional occupations,52,27,25
S01013001,3. Associate professional and technical occupations,19,10,9
S01013001,4. Administrative and secretarial occupations,19,3,16
S01013001,5. Skilled trades occupations,26,21,5
S01013001,6. Caring leisure and other service occupations,8,1,7
S01013001,7. Sales and customer service occupations,6,2,4
S01013001,8. Process plant and machine operatives,4,4,0
S01013001,9. Elementary occupations,21,11,10
S01013002,All people aged 16 to 74 in employment,252,144,108
S01013002,1. Managers directors and senior officials,42,26,16
S01013002,2. Professional occupations,72,37,35
S01013002,3. Associate professional and technical occupations,32,21,11
S01013002,4. Administrative and secretarial occupations,18,2,16
S01013002,5. Skilled trades occupations,38,32,6
S01013002,6. Caring leisure and other service occupations,16,5,11
S01013002,7. Sales and customer service occupations,5,2,3
S01013002,8. Process plant and machine operatives,5,5,0
S01013002,9. Elementary occupations,24,14,10
S01013003,All people aged 16 to 74 in employment,287,150,137
S01013003,1. Managers directors and senior officials,41,33,8
S01013003,2. Professional occupations,103,52,51
S01013003,3. Associate professional and technical occupations,46,26,20
S01013003,4. Administrative and secretarial occupations,30,9,21
S01013003,5. Skilled trades occupations,17,15,2
S01013003,6. Caring leisure and other service occupations,13,1,12
S01013003,7. Sales and customer service occupations,22,7,15
S01013003,8. Process plant and machine operatives,2,2,0
S01013003,9. Elementary occupations,13,5,8
S01013004,All people aged 16 to 74 in employment,322,162,160
S01013004,1. Managers directors and senior officials,45,31,14
S01013004,2. Professional occupations,104,48,56
S01013004,3. Associate professional and technical occupations,50,32,18
S01013004,4. Administrative and secretarial occupations,21,2,19
S01013004,5. Skilled trades occupations,28,27,1
S01013004,6. Caring leisure and other service occupations,25,2,23
S01013004,7. Sales and customer service occupations,14,0,14
S01013004,8. Process plant and machine operatives,13,11,2
S01013004,9. Elementary occupations,22,9,13
S01013005,All people aged 16 to 74 in employment,336,169,167
S01013005,1. Managers directors and senior officials,51,34,17
S01013005,2. Professional occupations,107,45,62
S01013005,3. Associate professional and technical occupations,57,30,27
S01013005,4. Administrative and secretarial occupations,29,5,24
S01013005,5. Skilled trades occupations,39,37,2
S01013005,6. Caring leisure and other service occupations,17,2,15
S01013005,7. Sales and customer service occupations,8,1,7
S01013005,8. Process plant and machine operatives,9,8,1
S01013005,9. Elementary occupations,19,7,12
S01013006,All people aged 16 to 74 in employment,307,169,138
S01013006,1. Managers directors and senior officials,68,42,26
S01013006,2. Professional occupations,101,60,41
S01013006,3. Associate professional and technical occupations,56,27,29
S01013006,4. Administrative and secretarial occupations,21,1,20
S01013006,5. Skilled trades occupations,19,19,0
S01013006,6. Caring leisure and other service occupations,13,2,11
S01013006,7. Sales and customer service occupations,9,4,5
S01013006,8. Process plant and machine operatives,9,9,0
S01013006,9. Elementary occupations,11,5,6
S01013007,All people aged 16 to 74 in employment,399,199,200
S01013007,1. Managers directors and senior officials,48,34,14
S01013007,2. Professional occupations,135,58,77
S01013007,3. Associate professional and technical occupations,68,36,32
S01013007,4. Administrative and secretarial occupations,34,6,28
S01013007,5. Skilled trades occupations,29,27,2
S01013007,6. Caring leisure and other service occupations,23,8,15
S01013007,7. Sales and customer service occupations,19,6,13
S01013007,8. Process plant and machine operatives,17,16,1
S01013007,9. Elementary occupations,26,8,18
S01013008,All people aged 16 to 74 in employment,339,177,162
S01013008,1. Managers directors and senior officials,57,44,13
S01013008,2. Professional occupations,99,40,59
S01013008,3. Associate professional and technical occupations,43,23,20
S01013008,4. Administrative and secretarial occupations,23,2,21
S01013008,5. Skilled trades occupations,37,33,4
S01013008,6. Caring leisure and other service occupations,29,5,24
S01013008,7. Sales and customer service occupations,14,7,7
S01013008,8. Process plant and machine operatives,10,9,1
S01013008,9. Elementary occupations,27,14,13
S01013009,All people aged 16 to 74 in employment,272,128,144
S01013009,1. Managers directors and senior officials,30,20,10
S01013009,2. Professional occupations,49,23,26
S01013009,3. Associate professional and technical occupations,41,23,18
S01013009,4. Administrative and secretarial occupations,30,2,28
S01013009,5. Skilled trades occupations,37,32,5
S01013009,6. Caring leisure and other service occupations,31,4,27
S01013009,7. Sales and customer service occupations,21,9,12
S01013009,8. Process plant and machine operatives,11,10,1
S01013009,9. Elementary occupations,22,5,17
S01013010,All people aged 16 to 74 in employment,312,164,148
S01013010,1. Managers directors and senior officials,63,36,27
S01013010,2. Professional occupations,75,35,40
S01013010,3. Associate professional and technical occupations,45,22,23
S01013010,4. Administrative and secretarial occupations,23,2,21
S01013010,5. Skilled trades occupations,42,37,5
S01013010,6. Caring leisure and other service occupations,20,4,16
S01013010,7. Sales and customer service occupations,12,6,6
S01013010,8. Process plant and machine operatives,18,17,1
S01013010,9. Elementary occupations,14,5,9
S01013011,All people aged 16 to 74 in employment,344,168,176
S01013011,1. Managers directors and senior officials,42,25,17
S01013011,2. Professional occupations,99,40,59
S01013011,3. Associate professional and technical occupations,52,29,23
S01013011,4. Administrative and secretarial occupations,24,5,19
S01013011,5. Skilled trades occupations,37,34,3
S01013011,6. Caring leisure and other service occupations,30,5,25
S01013011,7. Sales and customer service occupations,15,5,10
S01013011,8. Process plant and machine operatives,15,14,1
S01013011,9. Elementary occupations,30,11,19
S01013012,All people aged 16 to 74 in employment,305,143,162
S01013012,1. Managers directors and senior officials,21,9,12
S01013012,2. Professional occupations,60,27,33
S01013012,3. Associate professional and technical occupations,32,16,16
S01013012,4. Administrative and secretarial occupations,26,6,20
S01013012,5. Skilled trades occupations,49,41,8
S01013012,6. Caring leisure and other service occupations,43,6,37
S01013012,7. Sales and customer service occupations,15,3,12
S01013012,8. Process plant and machine operatives,22,20,2
S01013012,9. Elementary occupations,37,15,22
S01013013,All people aged 16 to 74 in employment,360,186,174
S01013013,1. Managers directors and senior officials,38,23,15
S01013013,2. Professional occupations,95,46,49
S01013013,3. Associate professional and technical occupations,48,26,22
S01013013,4. Administrative and secretarial occupations,24,3,21
S01013013,5. Skilled trades occupations,46,41,5
S01013013,6. Caring leisure and other service occupations,39,9,30
S01013013,7. Sales and customer service occupations,22,8,14
S01013013,8. Process plant and machine operatives,13,10,3
S01013013,9. Elementary occupations,35,20,15
S01013014,All people aged 16 to 74 in employment,336,178,158
S01013014,1. Managers directors and senior officials,36,21,15
S01013014,2. Professional occupations,52,18,34
S01013014,3. Associate professional and technical occupations,49,28,21
S01013014,4. Administrative and secretarial occupations,27,4,23
S01013014,5. Skilled trades occupations,74,64,10
S01013014,6. Caring leisure and other service occupations,29,2,27
S01013014,7. Sales and customer service occupations,15,4,11
S01013014,8. Process plant and machine operatives,24,23,1
S01013014,9. Elementary occupations,30,14,16
S01013015,All people aged 16 to 74 in employment,392,203,189
S01013015,1. Managers directors and senior officials,51,34,17
S01013015,2. Professional occupations,88,40,48
S01013015,3. Associate professional and technical occupations,46,22,24
S01013015,4. Administrative and secretarial occupations,35,4,31
S01013015,5. Skilled trades occupations,76,61,15
S01013015,6. Caring leisure and other service occupations,24,3,21
S01013015,7. Sales and customer service occupations,12,1,11
S01013015,8. Process plant and machine operatives,22,21,1
S01013015,9. Elementary occupations,38,17,21
S01013016,All people aged 16 to 74 in employment,324,170,154
S01013016,1. Managers directors and senior officials,46,30,16
S01013016,2. Professional occupations,99,49,50
S01013016,3. Associate professional and technical occupations,35,14,21
S01013016,4. Administrative and secretarial occupations,26,4,22
S01013016,5. Skilled trades occupations,55,50,5
S01013016,6. Caring leisure and other service occupations,17,0,17
S01013016,7. Sales and customer service occupations,11,3,8
S01013016,8. Process plant and machine operatives,12,11,1
S01013016,9. Elementary occupations,23,9,14
S01013017,All people aged 16 to 74 in employment,377,190,187
S01013017,1. Managers directors and senior officials,54,39,15
S01013017,2. Professional occupations,91,41,50
S01013017,3. Associate professional and technical occupations,55,29,26
S01013017,4. Administrative and secretarial occupations,37,11,26
S01013017,5. Skilled trades occupations,35,28,7
S01013017,6. Caring leisure and other service occupations,36,2,34
S01013017,7. Sales and customer service occupations,25,9,16
S01013017,8. Process plant and machine operatives,20,17,3
S01013017,9. Elementary occupations,24,14,10
S01013018,All people aged 16 to 74 in employment,468,238,230
S01013018,1. Managers directors and senior officials,63,42,21
S01013018,2. Professional occupations,134,64,70
S01013018,3. Associate professional and technical occupations,61,29,32
S01013018,4. Administrative and secretarial occupations,43,7,36
S01013018,5. Skilled trades occupations,57,48,9
S01013018,6. Caring leisure and other service occupations,29,5,24
S01013018,7. Sales and customer service occupations,29,12,17
S01013018,8. Process plant and machine operatives,17,14,3
S01013018,9. Elementary occupations,35,17,18
S01013019,All people aged 16 to 74 in employment,460,234,226
S01013019,1. Managers directors and senior officials,71,48,23
S01013019,2. Professional occupations,126,59,67
S01013019,3. Associate professional and technical occupations,112,64,48
S01013019,4. Administrative and secretarial occupations,44,8,36
S01013019,5. Skilled trades occupations,37,32,5
S01013019,6. Caring leisure and other service occupations,20,4,16
S01013019,7. Sales and customer service occupations,28,6,22
S01013019,8. Process plant and machine operatives,6,5,1
S01013019,9. Elementary occupations,16,8,8
S01013020,All people aged 16 to 74 in employment,238,115,123
S01013020,1. Managers directors and senior officials,17,11,6
S01013020,2. Professional occupations,42,15,27
S01013020,3. Associate professional and technical occupations,19,10,9
S01013020,4. Administrative and secretarial occupations,31,5,26
S01013020,5. Skilled trades occupations,23,23,0
S01013020,6. Caring leisure and other service occupations,25,4,21
S01013020,7. Sales and customer service occupations,22,9,13
S01013020,8. Process plant and machine operatives,28,25,3
S01013020,9. Elementary occupations,31,13,18
S01013021,All people aged 16 to 74 in employment,243,125,118
S01013021,1. Managers directors and senior officials,14,11,3
S01013021,2. Professional occupations,35,12,23
S01013021,3. Associate professional and technical occupations,22,14,8
S01013021,4. Administrative and secretarial occupations,29,5,24
S01013021,5. Skilled trades occupations,34,29,5
S01013021,6. Caring leisure and other service occupations,27,4,23
S01013021,7. Sales and customer service occupations,23,9,14
S01013021,8. Process plant and machine operatives,30,29,1
S01013021,9. Elementary occupations,29,12,17
S01013022,All people aged 16 to 74 in employment,210,102,108
S01013022,1. Managers directors and senior officials,17,10,7
S01013022,2. Professional occupations,40,11,29
S01013022,3. Associate professional and technical occupations,39,29,10
S01013022,4. Administrative and secretarial occupations,24,3,21
S01013022,5. Skilled trades occupations,18,17,1
S01013022,6. Caring leisure and other service occupations,21,4,17
S01013022,7. Sales and customer service occupations,16,3,13
S01013022,8. Process plant and machine operatives,11,10,1
S01013022,9. Elementary occupations,24,15,9
S01013023,All people aged 16 to 74 in employment,401,197,204
S01013023,1. Managers directors and senior officials,58,45,13
S01013023,2. Professional occupations,135,51,84
S01013023,3. Associate professional and technical occupations,68,40,28
S01013023,4. Administrative and secretarial occupations,43,9,34
S01013023,5. Skilled trades occupations,19,17,2
S01013023,6. Caring leisure and other service occupations,14,1,13
S01013023,7. Sales and customer service occupations,27,12,15
S01013023,8. Process plant and machine operatives,15,15,0
S01013023,9. Elementary occupations,22,7,15
S01013024,All people aged 16 to 74 in employment,241,124,117
S01013024,1. Managers directors and senior officials,30,18,12
S01013024,2. Professional occupations,58,19,39
S01013024,3. Associate professional and technical occupations,43,34,9
S01013024,4. Administrative and secretarial occupations,28,6,22
S01013024,5. Skilled trades occupations,19,19,0
S01013024,6. Caring leisure and other service occupations,25,4,21
S01013024,7. Sales and customer service occupations,17,9,8
S01013024,8. Process plant and machine operatives,7,6,1
S01013024,9. Elementary occupations,14,9,5
S01013025,All people aged 16 to 74 in employment,282,144,138
S01013025,1. Managers directors and senior officials,44,26,18
S01013025,2. Professional occupations,61,20,41
S01013025,3. Associate professional and technical occupations,28,12,16
S01013025,4. Administrative and secretarial occupations,18,2,16
S01013025,5. Skilled trades occupations,64,54,10
S01013025,6. Caring leisure and other service occupations,16,4,12
S01013025,7. Sales and customer service occupations,15,3,12
S01013025,8. Process plant and machine operatives,17,15,2
S01013025,9. Elementary occupations,19,8,11
S01013026,All people aged 16 to 74 in employment,506,254,252
S01013026,1. Managers directors and senior officials,32,19,13
S01013026,2. Professional occupations,82,31,51
S01013026,3. Associate professional and technical occupations,65,44,21
S01013026,4. Administrative and secretarial occupations,59,10,49
S01013026,5. Skilled trades occupations,57,52,5
S01013026,6. Caring leisure and other service occupations,71,9,62
S01013026,7. Sales and customer service occupations,41,13,28
S01013026,8. Process plant and machine operatives,48,48,0
S01013026,9. Elementary occupations,51,28,23
S01013027,All people aged 16 to 74 in employment,390,182,208
S01013027,1. Managers directors and senior officials,26,15,11
S01013027,2. Professional occupations,19,5,14
S01013027,3. Associate professional and technical occupations,19,9,10
S01013027,4. Administrative and secretarial occupations,36,4,32
S01013027,5. Skilled trades occupations,61,50,11
S01013027,6. Caring leisure and other service occupations,60,9,51
S01013027,7. Sales and customer service occupations,34,7,27
S01013027,8. Process plant and machine operatives,56,49,7
S01013027,9. Elementary occupations,79,34,45
S01013028,All people aged 16 to 74 in employment,266,154,112
S01013028,1. Managers directors and senior officials,26,17,9
S01013028,2. Professional occupations,46,19,27
S01013028,3. Associate professional and technical occupations,25,14,11
S01013028,4. Administrative and secretarial occupations,26,1,25
S01013028,5. Skilled trades occupations,48,46,2
S01013028,6. Caring leisure and other service occupations,13,1,12
S01013028,7. Sales and customer service occupations,13,5,8
S01013028,8. Process plant and machine operatives,25,23,2
S01013028,9. Elementary occupations,44,28,16
S01013029,All people aged 16 to 74 in employment,251,126,125
S01013029,1. Managers directors and senior officials,15,13,2
S01013029,2. Professional occupations,16,8,8
S01013029,3. Associate professional and technical occupations,19,6,13
S01013029,4. Administrative and secretarial occupations,19,2,17
S01013029,5. Skilled trades occupations,22,19,3
S01013029,6. Caring leisure and other service occupations,37,8,29
S01013029,7. Sales and customer service occupations,25,8,17
S01013029,8. Process plant and machine operatives,33,30,3
S01013029,9. Elementary occupations,65,32,33
S01013030,All people aged 16 to 74 in employment,273,140,133
S01013030,1. Managers directors and senior officials,8,4,4
S01013030,2. Professional occupations,20,7,13
S01013030,3. Associate professional and technical occupations,17,10,7
S01013030,4. Administrative and secretarial occupations,19,4,15
S01013030,5. Skilled trades occupations,55,51,4
S01013030,6. Caring leisure and other service occupations,33,5,28
S01013030,7. Sales and customer service occupations,22,5,17
S01013030,8. Process plant and machine operatives,38,36,2
S01013030,9. Elementary occupations,61,18,43
S01013031,All people aged 16 to 74 in employment,300,144,156
S01013031,1. Managers directors and senior officials,9,3,6
S01013031,2. Professional occupations,11,4,7
S01013031,3. Associate professional and technical occupations,14,3,11
S01013031,4. Administrative and secretarial occupations,25,4,21
S01013031,5. Skilled trades occupations,53,49,4
S01013031,6. Caring leisure and other service occupations,43,3,40
S01013031,7. Sales and customer service occupations,26,5,21
S01013031,8. Process plant and machine operatives,42,40,2
S01013031,9. Elementary occupations,77,33,44
S01013032,All people aged 16 to 74 in employment,461,241,220
S01013032,1. Managers directors and senior officials,48,24,24
S01013032,2. Professional occupations,57,25,32
S01013032,3. Associate professional and technical occupations,55,33,22
S01013032,4. Administrative and secretarial occupations,44,9,35
S01013032,5. Skilled trades occupations,77,69,8
S01013032,6. Caring leisure and other service occupations,39,3,36
S01013032,7. Sales and customer service occupations,45,6,39
S01013032,8. Process plant and machine operatives,54,52,2
S01013032,9. Elementary occupations,42,20,22
S01013033,All people aged 16 to 74 in employment,373,187,186
S01013033,1. Managers directors and senior officials,30,12,18
S01013033,2. Professional occupations,26,9,17
S01013033,3. Associate professional and technical occupations,54,31,23
S01013033,4. Administrative and secretarial occupations,45,3,42
S01013033,5. Skilled trades occupations,52,50,2
S01013033,6. Caring leisure and other service occupations,39,5,34
S01013033,7. Sales and customer service occupations,40,12,28
S01013033,8. Process plant and machine operatives,45,42,3
S01013033,9. Elementary occupations,42,23,19
S01013034,All people aged 16 to 74 in employment,335,159,176
S01013034,1. Managers directors and senior officials,10,5,5
S01013034,2. Professional occupations,20,9,11
S01013034,3. Associate professional and technical occupations,29,17,12
S01013034,4. Administrative and secretarial occupations,28,3,25
S01013034,5. Skilled trades occupations,52,46,6
S01013034,6. Caring leisure and other service occupations,44,3,41
S01013034,7. Sales and customer service occupations,41,9,32
S01013034,8. Process plant and machine operatives,48,39,9
S01013034,9. Elementary occupations,63,28,35
S01013035,All people aged 16 to 74 in employment,293,141,152
S01013035,1. Managers directors and senior officials,11,1,10
S01013035,2. Professional occupations,11,2,9
S01013035,3. Associate professional and technical occupations,21,13,8
S01013035,4. Administrative and secretarial occupations,20,2,18
S01013035,5. Skilled trades occupations,43,40,3
S01013035,6. Caring leisure and other service occupations,28,3,25
S01013035,7. Sales and customer service occupations,38,9,29
S01013035,8. Process plant and machine operatives,50,42,8
S01013035,9. Elementary occupations,71,29,42
S01013036,All people aged 16 to 74 in employment,344,166,178
S01013036,1. Managers directors and senior officials,16,6,10
S01013036,2. Professional occupations,11,4,7
S01013036,3. Associate professional and technical occupations,18,9,9
S01013036,4. Administrative and secretarial occupations,22,5,17
S01013036,5. Skilled trades occupations,45,39,6
S01013036,6. Caring leisure and other service occupations,42,5,37
S01013036,7. Sales and customer service occupations,37,10,27
S01013036,8. Process plant and machine operatives,46,40,6
S01013036,9. Elementary occupations,107,48,59
S01013037,All people aged 16 to 74 in employment,397,200,197
S01013037,1. Managers directors and senior officials,40,26,14
S01013037,2. Professional occupations,50,24,26
S01013037,3. Associate professional and technical occupations,59,33,26
S01013037,4. Administrative and secretarial occupations,65,10,55
S01013037,5. Skilled trades occupations,48,42,6
S01013037,6. Caring leisure and other service occupations,32,4,28
S01013037,7. Sales and customer service occupations,43,16,27
S01013037,8. Process plant and machine operatives,24,22,2
S01013037,9. Elementary occupations,36,23,13
S01013038,All people aged 16 to 74 in employment,460,232,228
S01013038,1. Managers directors and senior officials,26,14,12
S01013038,2. Professional occupations,66,24,42
S01013038,3. Associate professional and technical occupations,38,24,14
S01013038,4. Administrative and secretarial occupations,36,10,26
S01013038,5. Skilled trades occupations,63,60,3
S01013038,6. Caring leisure and other service occupations,58,13,45
S01013038,7. Sales and customer service occupations,54,13,41
S01013038,8. Process plant and machine operatives,37,33,4
S01013038,9. Elementary occupations,82,41,41
S01013039,All people aged 16 to 74 in employment,324,158,166
S01013039,1. Managers directors and senior officials,27,20,7
S01013039,2. Professional occupations,61,28,33
S01013039,3. Associate professional and technical occupations,46,25,21
S01013039,4. Administrative and secretarial occupations,47,12,35
S01013039,5. Skilled trades occupations,33,31,2
S01013039,6. Caring leisure and other service occupations,24,4,20
S01013039,7. Sales and customer service occupations,45,10,35
S01013039,8. Process plant and machine operatives,19,18,1
S01013039,9. Elementary occupations,22,10,12
S01013040,All people aged 16 to 74 in employment,287,150,137
S01013040,1. Managers directors and senior officials,21,11,10
S01013040,2. Professional occupations,35,17,18
S01013040,3. Associate professional and technical occupations,37,23,14
S01013040,4. Administrative and secretarial occupations,30,6,24
S01013040,5. Skilled trades occupations,43,41,2
S01013040,6. Caring leisure and other service occupations,31,7,24
S01013040,7. Sales and customer service occupations,35,5,30
S01013040,8. Process plant and machine operatives,23,22,1
S01013040,9. Elementary occupations,32,18,14
S01013041,All people aged 16 to 74 in employment,326,177,149
S01013041,1. Managers directors and senior officials,31,25,6
S01013041,2. Professional occupations,43,18,25
S01013041,3. Associate professional and technical occupations,37,18,19
S01013041,4. Administrative and secretarial occupations,41,9,32
S01013041,5. Skilled trades occupations,48,46,2
S01013041,6. Caring leisure and other service occupations,35,9,26
S01013041,7. Sales and customer service occupations,33,9,24
S01013041,8. Process plant and machine operatives,24,23,1
S01013041,9. Elementary occupations,34,20,14
S01013042,All people aged 16 to 74 in employment,448,218,230
S01013042,1. Managers directors and senior officials,54,35,19
S01013042,2. Professional occupations,65,29,36
S01013042,3. Associate professional and technical occupations,65,30,35
S01013042,4. Administrative and secretarial occupations,51,5,46
S01013042,5. Skilled trades occupations,68,60,8
S01013042,6. Caring leisure and other service occupations,32,3,29
S01013042,7. Sales and customer service occupations,36,6,30
S01013042,8. Process plant and machine operatives,22,20,2
S01013042,9. Elementary occupations,55,30,25
S01013043,All people aged 16 to 74 in employment,295,149,146
S01013043,1. Managers directors and senior officials,19,11,8
S01013043,2. Professional occupations,15,5,10
S01013043,3. Associate professional and technical occupations,33,19,14
S01013043,4. Administrative and secretarial occupations,20,3,17
S01013043,5. Skilled trades occupations,33,32,1
S01013043,6. Caring leisure and other service occupations,50,6,44
S01013043,7. Sales and customer service occupations,31,9,22
S01013043,8. Process plant and machine operatives,44,42,2
S01013043,9. Elementary occupations,50,22,28
S01013044,All people aged 16 to 74 in employment,362,186,176
S01013044,1. Managers directors and senior officials,18,10,8
S01013044,2. Professional occupations,23,8,15
S01013044,3. Associate professional and technical occupations,39,27,12
S01013044,4. Administrative and secretarial occupations,31,5,26
S01013044,5. Skilled trades occupations,62,58,4
S01013044,6. Caring leisure and other service occupations,49,8,41
S01013044,7. Sales and customer service occupations,40,10,30
S01013044,8. Process plant and machine operatives,35,33,2
S01013044,9. Elementary occupations,65,27,38
S01013045,All people aged 16 to 74 in employment,346,177,169
S01013045,1. Managers directors and senior officials,29,14,15
S01013045,2. Professional occupations,47,20,27
S01013045,3. Associate professional and technical occupations,46,27,19
S01013045,4. Administrative and secretarial occupations,42,3,39
S01013045,5. Skilled trades occupations,49,49,0
S01013045,6. Caring leisure and other service occupations,31,5,26
S01013045,7. Sales and customer service occupations,37,12,25
S01013045,8. Process plant and machine operatives,31,31,0
S01013045,9. Elementary occupations,34,16,18
S01013046,All people aged 16 to 74 in employment,234,111,123
S01013046,1. Managers directors and senior officials,17,13,4
S01013046,2. Professional occupations,14,4,10
S01013046,3. Associate professional and technical occupations,16,11,5
S01013046,4. Administrative and secretarial occupations,27,4,23
S01013046,5. Skilled trades occupations,26,26,0
S01013046,6. Caring leisure and other service occupations,39,4,35
S01013046,7. Sales and customer service occupations,30,5,25
S01013046,8. Process plant and machine operatives,26,24,2
S01013046,9. Elementary occupations,39,20,19
S01013047,All people aged 16 to 74 in employment,538,271,267
S01013047,1. Managers directors and senior officials,65,38,27
S01013047,2. Professional occupations,105,51,54
S01013047,3. Associate professional and technical occupations,82,45,37
S01013047,4. Administrative and secretarial occupations,80,14,66
S01013047,5. Skilled trades occupations,66,58,8
S01013047,6. Caring leisure and other service occupations,30,4,26
S01013047,7. Sales and customer service occupations,50,16,34
S01013047,8. Process plant and machine operatives,32,28,4
S01013047,9. Elementary occupations,28,17,11
S01013048,All people aged 16 to 74 in employment,510,266,244
S01013048,1. Managers directors and senior officials,62,35,27
S01013048,2. Professional occupations,74,29,45
S01013048,3. Associate professional and technical occupations,71,37,34
S01013048,4. Administrative and secretarial occupations,82,23,59
S01013048,5. Skilled trades occupations,59,57,2
S01013048,6. Caring leisure and other service occupations,42,11,31
S01013048,7. Sales and customer service occupations,44,16,28
S01013048,8. Process plant and machine operatives,31,31,0
S01013048,9. Elementary occupations,45,27,18
S01013049,All people aged 16 to 74 in employment,440,225,215
S01013049,1. Managers directors and senior officials,38,24,14
S01013049,2. Professional occupations,93,42,51
S01013049,3. Associate professional and technical occupations,57,36,21
S01013049,4. Administrative and secretarial occupations,66,16,50
S01013049,5. Skilled trades occupations,55,45,10
S01013049,6. Caring leisure and other service occupations,36,9,27
S01013049,7. Sales and customer service occupations,40,11,29
S01013049,8. Process plant and machine operatives,20,20,0
S01013049,9. Elementary occupations,35,22,13
S01013050,All people aged 16 to 74 in employment,328,161,167
S01013050,1. Managers directors and senior officials,24,11,13
S01013050,2. Professional occupations,43,18,25
S01013050,3. Associate professional and technical occupations,38,25,13
S01013050,4. Administrative and secretarial occupations,41,5,36
S01013050,5. Skilled trades occupations,44,40,4
S01013050,6. Caring leisure and other service occupations,38,4,34
S01013050,7. Sales and customer service occupations,34,9,25
S01013050,8. Process plant and machine operatives,32,30,2
S01013050,9. Elementary occupations,34,19,15
S01013051,All people aged 16 to 74 in employment,416,209,207
S01013051,1. Managers directors and senior officials,17,8,9
S01013051,2. Professional occupations,31,14,17
S01013051,3. Associate professional and technical occupations,39,23,16
S01013051,4. Administrative and secretarial occupations,56,7,49
S01013051,5. Skilled trades occupations,64,59,5
S01013051,6. Caring leisure and other service occupations,57,9,48
S01013051,7. Sales and customer service occupations,44,13,31
S01013051,8. Process plant and machine operatives,48,46,2
S01013051,9. Elementary occupations,60,30,30
S01013052,All people aged 16 to 74 in employment,320,150,170
S01013052,1. Managers directors and senior officials,16,10,6
S01013052,2. Professional occupations,39,13,26
S01013052,3. Associate professional and technical occupations,35,12,23
S01013052,4. Administrative and secretarial occupations,36,5,31
S01013052,5. Skilled trades occupations,49,47,2
S01013052,6. Caring leisure and other service occupations,35,9,26
S01013052,7. Sales and customer service occupations,43,6,37
S01013052,8. Process plant and machine operatives,24,23,1
S01013052,9. Elementary occupations,43,25,18
S01013053,All people aged 16 to 74 in employment,261,123,138
S01013053,1. Managers directors and senior officials,17,10,7
S01013053,2. Professional occupations,29,11,18
S01013053,3. Associate professional and technical occupations,22,10,12
S01013053,4. Administrative and secretarial occupations,30,3,27
S01013053,5. Skilled trades occupations,29,26,3
S01013053,6. Caring leisure and other service occupations,34,6,28
S01013053,7. Sales and customer service occupations,27,8,19
S01013053,8. Process plant and machine operatives,29,27,2
S01013053,9. Elementary occupations,44,22,22
S01013054,All people aged 16 to 74 in employment,332,167,165
S01013054,1. Managers directors and senior officials,28,18,10
S01013054,2. Professional occupations,47,22,25
S01013054,3. Associate professional and technical occupations,42,24,18
S01013054,4. Administrative and secretarial occupations,41,3,38
S01013054,5. Skilled trades occupations,39,35,4
S01013054,6. Caring leisure and other service occupations,40,9,31
S01013054,7. Sales and customer service occupations,20,7,13
S01013054,8. Process plant and machine operatives,35,33,2
S01013054,9. Elementary occupations,40,16,24
S01013055,All people aged 16 to 74 in employment,306,156,150
S01013055,1. Managers directors and senior officials,18,11,7
S01013055,2. Professional occupations,30,11,19
S01013055,3. Associate professional and technical occupations,25,11,14
S01013055,4. Administrative and secretarial occupations,28,5,23
S01013055,5. Skilled trades occupations,48,47,1
S01013055,6. Caring leisure and other service occupations,40,6,34
S01013055,7. Sales and customer service occupations,36,13,23
S01013055,8. Process plant and machine operatives,34,30,4
S01013055,9. Elementary occupations,47,22,25
S01013056,All people aged 16 to 74 in employment,421,202,219
S01013056,1. Managers directors and senior officials,31,18,13
S01013056,2. Professional occupations,46,22,24
S01013056,3. Associate professional and technical occupations,33,14,19
S01013056,4. Administrative and secretarial occupations,46,5,41
S01013056,5. Skilled trades occupations,66,58,8
S01013056,6. Caring leisure and other service occupations,45,6,39
S01013056,7. Sales and customer service occupations,46,8,38
S01013056,8. Process plant and machine operatives,35,34,1
S01013056,9. Elementary occupations,73,37,36
S01013057,All people aged 16 to 74 in employment,313,139,174
S01013057,1. Managers directors and senior officials,10,7,3
S01013057,2. Professional occupations,25,5,20
S01013057,3. Associate professional and technical occupations,27,11,16
S01013057,4. Administrative and secretarial occupations,30,3,27
S01013057,5. Skilled trades occupations,48,44,4
S01013057,6. Caring leisure and other service occupations,48,6,42
S01013057,7. Sales and customer service occupations,49,14,35
S01013057,8. Process plant and machine operatives,19,18,1
S01013057,9. Elementary occupations,57,31,26
S01013058,All people aged 16 to 74 in employment,338,168,170
S01013058,1. Managers directors and senior officials,47,27,20
S01013058,2. Professional occupations,82,28,54
S01013058,3. Associate professional and technical occupations,67,38,29
S01013058,4. Administrative and secretarial occupations,32,7,25
S01013058,5. Skilled trades occupations,32,30,2
S01013058,6. Caring leisure and other service occupations,23,3,20
S01013058,7. Sales and customer service occupations,19,8,11
S01013058,8. Process plant and machine operatives,17,14,3
S01013058,9. Elementary occupations,19,13,6
S01013059,All people aged 16 to 74 in employment,307,171,136
S01013059,1. Managers directors and senior officials,40,31,9
S01013059,2. Professional occupations,98,50,48
S01013059,3. Associate professional and technical occupations,46,29,17
S01013059,4. Administrative and secretarial occupations,35,8,27
S01013059,5. Skilled trades occupations,19,18,1
S01013059,6. Caring leisure and other service occupations,20,5,15
S01013059,7. Sales and customer service occupations,21,8,13
S01013059,8. Process plant and machine operatives,12,11,1
S01013059,9. Elementary occupations,16,11,5
S01013060,All people aged 16 to 74 in employment,236,130,106
S01013060,1. Managers directors and senior officials,32,21,11
S01013060,2. Professional occupations,77,44,33
S01013060,3. Associate professional and technical occupations,38,20,18
S01013060,4. Administrative and secretarial occupations,23,7,16
S01013060,5. Skilled trades occupations,13,10,3
S01013060,6. Caring leisure and other service occupations,17,7,10
S01013060,7. Sales and customer service occupations,16,6,10
S01013060,8. Process plant and machine operatives,8,7,1
S01013060,9. Elementary occupations,12,8,4
S01013061,All people aged 16 to 74 in employment,339,169,170
S01013061,1. Managers directors and senior officials,37,26,11
S01013061,2. Professional occupations,114,49,65
S01013061,3. Associate professional and technical occupations,51,34,17
S01013061,4. Administrative and secretarial occupations,46,12,34
S01013061,5. Skilled trades occupations,27,25,2
S01013061,6. Caring leisure and other service occupations,19,1,18
S01013061,7. Sales and customer service occupations,23,4,19
S01013061,8. Process plant and machine operatives,10,10,0
S01013061,9. Elementary occupations,12,8,4
S01013062,All people aged 16 to 74 in employment,374,201,173
S01013062,1. Managers directors and senior officials,64,47,17
S01013062,2. Professional occupations,131,57,74
S01013062,3. Associate professional and technical occupations,72,48,24
S01013062,4. Administrative and secretarial occupations,30,6,24
S01013062,5. Skilled trades occupations,21,18,3
S01013062,6. Caring leisure and other service occupations,15,2,13
S01013062,7. Sales and customer service occupations,14,6,8
S01013062,8. Process plant and machine operatives,9,9,0
S01013062,9. Elementary occupations,18,8,10
S01013063,All people aged 16 to 74 in employment,367,193,174
S01013063,1. Managers directors and senior officials,64,41,23
S01013063,2. Professional occupations,159,82,77
S01013063,3. Associate professional and technical occupations,48,29,19
S01013063,4. Administrative and secretarial occupations,27,8,19
S01013063,5. Skilled trades occupations,13,12,1
S01013063,6. Caring leisure and other service occupations,7,1,6
S01013063,7. Sales and customer service occupations,20,5,15
S01013063,8. Process plant and machine operatives,5,3,2
S01013063,9. Elementary occupations,24,12,12
S01013064,All people aged 16 to 74 in employment,379,194,185
S01013064,1. Managers directors and senior officials,31,15,16
S01013064,2. Professional occupations,38,17,21
S01013064,3. Associate professional and technical occupations,38,24,14
S01013064,4. Administrative and secretarial occupations,36,4,32
S01013064,5. Skilled trades occupations,63,58,5
S01013064,6. Caring leisure and other service occupations,48,13,35
S01013064,7. Sales and customer service occupations,54,16,38
S01013064,8. Process plant and machine operatives,32,29,3
S01013064,9. Elementary occupations,39,18,21
S01013065,All people aged 16 to 74 in employment,391,204,187
S01013065,1. Managers directors and senior officials,22,14,8
S01013065,2. Professional occupations,46,20,26
S01013065,3. Associate professional and technical occupations,51,30,21
S01013065,4. Administrative and secretarial occupations,46,10,36
S01013065,5. Skilled trades occupations,29,25,4
S01013065,6. Caring leisure and other service occupations,43,17,26
S01013065,7. Sales and customer service occupations,56,23,33
S01013065,8. Process plant and machine operatives,36,34,2
S01013065,9. Elementary occupations,62,31,31
S01013066,All people aged 16 to 74 in employment,365,185,180
S01013066,1. Managers directors and senior officials,41,19,22
S01013066,2. Professional occupations,65,24,41
S01013066,3. Associate professional and technical occupations,41,25,16
S01013066,4. Administrative and secretarial occupations,44,13,31
S01013066,5. Skilled trades occupations,42,41,1
S01013066,6. Caring leisure and other service occupations,30,8,22
S01013066,7. Sales and customer service occupations,45,16,29
S01013066,8. Process plant and machine operatives,25,21,4
S01013066,9. Elementary occupations,32,18,14
S01013067,All people aged 16 to 74 in employment,424,206,218
S01013067,1. Managers directors and senior officials,33,20,13
S01013067,2. Professional occupations,61,32,29
S01013067,3. Associate professional and technical occupations,49,28,21
S01013067,4. Administrative and secretarial occupations,24,6,18
S01013067,5. Skilled trades occupations,41,38,3
S01013067,6. Caring leisure and other service occupations,34,9,25
S01013067,7. Sales and customer service occupations,67,22,45
S01013067,8. Process plant and machine operatives,17,15,2
S01013067,9. Elementary occupations,98,36,62
S01013068,All people aged 16 to 74 in employment,338,161,177
S01013068,1. Managers directors and senior officials,19,10,9
S01013068,2. Professional occupations,59,28,31
S01013068,3. Associate professional and technical occupations,27,14,13
S01013068,4. Administrative and secretarial occupations,31,6,25
S01013068,5. Skilled trades occupations,39,32,7
S01013068,6. Caring leisure and other service occupations,33,12,21
S01013068,7. Sales and customer service occupations,54,20,34
S01013068,8. Process plant and machine operatives,12,10,2
S01013068,9. Elementary occupations,64,29,35
S01013069,All people aged 16 to 74 in employment,356,156,200
S01013069,1. Managers directors and senior officials,29,16,13
S01013069,2. Professional occupations,58,25,33
S01013069,3. Associate professional and technical occupations,36,17,19
S01013069,4. Administrative and secretarial occupations,19,7,12
S01013069,5. Skilled trades occupations,32,26,6
S01013069,6. Caring leisure and other service occupations,34,10,24
S01013069,7. Sales and customer service occupations,64,18,46
S01013069,8. Process plant and machine operatives,12,11,1
S01013069,9. Elementary occupations,72,26,46
S01013070,All people aged 16 to 74 in employment,264,130,134
S01013070,1. Managers directors and senior officials,15,7,8
S01013070,2. Professional occupations,28,15,13
S01013070,3. Associate professional and technical occupations,28,14,14
S01013070,4. Administrative and secretarial occupations,21,8,13
S01013070,5. Skilled trades occupations,20,17,3
S01013070,6. Caring leisure and other service occupations,39,20,19
S01013070,7. Sales and customer service occupations,43,13,30
S01013070,8. Process plant and machine operatives,18,16,2
S01013070,9. Elementary occupations,52,20,32
S01013071,All people aged 16 to 74 in employment,468,197,271
S01013071,1. Managers directors and senior officials,21,9,12
S01013071,2. Professional occupations,62,23,39
S01013071,3. Associate professional and technical occupations,42,20,22
S01013071,4. Administrative and secretarial occupations,30,10,20
S01013071,5. Skilled trades occupations,41,36,5
S01013071,6. Caring leisure and other service occupations,55,20,35
S01013071,7. Sales and customer service occupations,96,32,64
S01013071,8. Process plant and machine operatives,16,14,2
S01013071,9. Elementary occupations,105,33,72
S01013072,All people aged 16 to 74 in employment,204,99,105
S01013072,1. Managers directors and senior officials,8,3,5
S01013072,2. Professional occupations,7,4,3
S01013072,3. Associate professional and technical occupations,8,6,2
S01013072,4. Administrative and secretarial occupations,13,3,10
S01013072,5. Skilled trades occupations,28,26,2
S01013072,6. Caring leisure and other service occupations,32,5,27
S01013072,7. Sales and customer service occupations,29,8,21
S01013072,8. Process plant and machine operatives,27,24,3
S01013072,9. Elementary occupations,52,20,32
S01013073,All people aged 16 to 74 in employment,344,153,191
S01013073,1. Managers directors and senior officials,19,10,9
S01013073,2. Professional occupations,46,19,27
S01013073,3. Associate professional and technical occupations,56,30,26
S01013073,4. Administrative and secretarial occupations,19,4,15
S01013073,5. Skilled trades occupations,29,24,5
S01013073,6. Caring leisure and other service occupations,33,7,26
S01013073,7. Sales and customer service occupations,42,9,33
S01013073,8. Process plant and machine operatives,30,26,4
S01013073,9. Elementary occupations,70,24,46
S01013074,All people aged 16 to 74 in employment,248,120,128
S01013074,1. Managers directors and senior officials,7,4,3
S01013074,2. Professional occupations,11,6,5
S01013074,3. Associate professional and technical occupations,14,4,10
S01013074,4. Administrative and secretarial occupations,11,3,8
S01013074,5. Skilled trades occupations,44,38,6
S01013074,6. Caring leisure and other service occupations,25,7,18
S01013074,7. Sales and customer service occupations,33,7,26
S01013074,8. Process plant and machine operatives,25,22,3
S01013074,9. Elementary occupations,78,29,49
S01013075,All people aged 16 to 74 in employment,294,157,137
S01013075,1. Managers directors and senior officials,17,10,7
S01013075,2. Professional occupations,31,15,16
S01013075,3. Associate professional and technical occupations,19,13,6
S01013075,4. Administrative and secretarial occupations,25,5,20
S01013075,5. Skilled trades occupations,35,32,3
S01013075,6. Caring leisure and other service occupations,29,6,23
S01013075,7. Sales and customer service occupations,47,21,26
S01013075,8. Process plant and machine operatives,36,36,0
S01013075,9. Elementary occupations,55,19,36
S01013076,All people aged 16 to 74 in employment,321,168,153
S01013076,1. Managers directors and senior officials,26,16,10
S01013076,2. Professional occupations,58,24,34
S01013076,3. Associate professional and technical occupations,35,24,11
S01013076,4. Administrative and secretarial occupations,26,6,20
S01013076,5. Skilled trades occupations,34,31,3
S01013076,6. Caring leisure and other service occupations,26,8,18
S01013076,7. Sales and customer service occupations,56,19,37
S01013076,8. Process plant and machine operatives,14,14,0
S01013076,9. Elementary occupations,46,26,20
S01013077,All people aged 16 to 74 in employment,260,121,139
S01013077,1. Managers directors and senior officials,12,5,7
S01013077,2. Professional occupations,21,8,13
S01013077,3. Associate professional and technical occupations,23,14,9
S01013077,4. Administrative and secretarial occupations,32,8,24
S01013077,5. Skilled trades occupations,28,26,2
S01013077,6. Caring leisure and other service occupations,31,6,25
S01013077,7. Sales and customer service occupations,28,4,24
S01013077,8. Process plant and machine operatives,23,22,1
S01013077,9. Elementary occupations,62,28,34
S01013078,All people aged 16 to 74 in employment,221,110,111
S01013078,1. Managers directors and senior officials,8,6,2
S01013078,2. Professional occupations,10,6,4
S01013078,3. Associate professional and technical occupations,15,8,7
S01013078,4. Administrative and secretarial occupations,17,5,12
S01013078,5. Skilled trades occupations,32,31,1
S01013078,6. Caring leisure and other service occupations,27,2,25
S01013078,7. Sales and customer service occupations,34,8,26
S01013078,8. Process plant and machine operatives,20,19,1
S01013078,9. Elementary occupations,58,25,33
S01013079,All people aged 16 to 74 in employment,599,295,304
S01013079,1. Managers directors and senior officials,64,41,23
S01013079,2. Professional occupations,144,71,73
S01013079,3. Associate professional and technical occupations,118,66,52
S01013079,4. Administrative and secretarial occupations,57,9,48
S01013079,5. Skilled trades occupations,47,41,6
S01013079,6. Caring leisure and other service occupations,50,8,42
S01013079,7. Sales and customer service occupations,48,13,35
S01013079,8. Process plant and machine operatives,22,21,1
S01013079,9. Elementary occupations,49,25,24
S01013080,All people aged 16 to 74 in employment,407,215,192
S01013080,1. Managers directors and senior officials,60,40,20
S01013080,2. Professional occupations,112,51,61
S01013080,3. Associate professional and technical occupations,58,30,28
S01013080,4. Administrative and secretarial occupations,33,6,27
S01013080,5. Skilled trades occupations,34,32,2
S01013080,6. Caring leisure and other service occupations,24,9,15
S01013080,7. Sales and customer service occupations,37,17,20
S01013080,8. Process plant and machine operatives,15,12,3
S01013080,9. Elementary occupations,34,18,16
S01013081,All people aged 16 to 74 in employment,326,172,154
S01013081,1. Managers directors and senior officials,34,18,16
S01013081,2. Professional occupations,91,48,43
S01013081,3. Associate professional and technical occupations,51,31,20
S01013081,4. Administrative and secretarial occupations,37,7,30
S01013081,5. Skilled trades occupations,30,29,1
S01013081,6. Caring leisure and other service occupations,24,6,18
S01013081,7. Sales and customer service occupations,25,11,14
S01013081,8. Process plant and machine operatives,12,12,0
S01013081,9. Elementary occupations,22,10,12
S01013082,All people aged 16 to 74 in employment,434,220,214
S01013082,1. Managers directors and senior officials,40,24,16
S01013082,2. Professional occupations,94,42,52
S01013082,3. Associate professional and technical occupations,58,34,24
S01013082,4. Administrative and secretarial occupations,68,19,49
S01013082,5. Skilled trades occupations,57,56,1
S01013082,6. Caring leisure and other service occupations,34,5,29
S01013082,7. Sales and customer service occupations,37,8,29
S01013082,8. Process plant and machine operatives,16,14,2
S01013082,9. Elementary occupations,30,18,12
S01013083,All people aged 16 to 74 in employment,725,320,405
S01013083,1. Managers directors and senior officials,34,24,10
S01013083,2. Professional occupations,78,37,41
S01013083,3. Associate professional and technical occupations,87,57,30
S01013083,4. Administrative and secretarial occupations,52,11,41
S01013083,5. Skilled trades occupations,24,20,4
S01013083,6. Caring leisure and other service occupations,44,13,31
S01013083,7. Sales and customer service occupations,221,71,150
S01013083,8. Process plant and machine operatives,15,11,4
S01013083,9. Elementary occupations,170,76,94
S01013084,All people aged 16 to 74 in employment,352,191,161
S01013084,1. Managers directors and senior officials,40,26,14
S01013084,2. Professional occupations,85,48,37
S01013084,3. Associate professional and technical occupations,60,38,22
S01013084,4. Administrative and secretarial occupations,64,13,51
S01013084,5. Skilled trades occupations,27,27,0
S01013084,6. Caring leisure and other service occupations,22,5,17
S01013084,7. Sales and customer service occupations,22,12,10
S01013084,8. Process plant and machine operatives,8,8,0
S01013084,9. Elementary occupations,24,14,10
S01013085,All people aged 16 to 74 in employment,204,105,99
S01013085,1. Managers directors and senior officials,21,17,4
S01013085,2. Professional occupations,42,16,26
S01013085,3. Associate professional and technical occupations,18,11,7
S01013085,4. Administrative and secretarial occupations,20,2,18
S01013085,5. Skilled trades occupations,20,19,1
S01013085,6. Caring leisure and other service occupations,16,2,14
S01013085,7. Sales and customer service occupations,26,9,17
S01013085,8. Process plant and machine operatives,17,17,0
S01013085,9. Elementary occupations,24,12,12
S01013086,All people aged 16 to 74 in employment,444,227,217
S01013086,1. Managers directors and senior officials,54,35,19
S01013086,2. Professional occupations,141,70,71
S01013086,3. Associate professional and technical occupations,61,31,30
S01013086,4. Administrative and secretarial occupations,41,8,33
S01013086,5. Skilled trades occupations,31,29,2
S01013086,6. Caring leisure and other service occupations,28,11,17
S01013086,7. Sales and customer service occupations,33,13,20
S01013086,8. Process plant and machine operatives,21,18,3
S01013086,9. Elementary occupations,34,12,22
S01013087,All people aged 16 to 74 in employment,349,183,166
S01013087,1. Managers directors and senior officials,71,53,18
S01013087,2. Professional occupations,132,64,68
S01013087,3. Associate professional and technical occupations,49,25,24
S01013087,4. Administrative and secretarial occupations,32,3,29
S01013087,5. Skilled trades occupations,19,17,2
S01013087,6. Caring leisure and other service occupations,18,2,16
S01013087,7. Sales and customer service occupations,13,9,4
S01013087,8. Process plant and machine operatives,0,0,0
S01013087,9. Elementary occupations,15,10,5
S01013088,All people aged 16 to 74 in employment,425,238,187
S01013088,1. Managers directors and senior officials,95,68,27
S01013088,2. Professional occupations,135,63,72
S01013088,3. Associate professional and technical occupations,77,44,33
S01013088,4. Administrative and secretarial occupations,40,13,27
S01013088,5. Skilled trades occupations,20,19,1
S01013088,6. Caring leisure and other service occupations,18,4,14
S01013088,7. Sales and customer service occupations,13,5,8
S01013088,8. Process plant and machine operatives,11,11,0
S01013088,9. Elementary occupations,16,11,5
S01013089,All people aged 16 to 74 in employment,338,180,158
S01013089,1. Managers directors and senior officials,30,19,11
S01013089,2. Professional occupations,67,37,30
S01013089,3. Associate professional and technical occupations,34,19,15
S01013089,4. Administrative and secretarial occupations,55,17,38
S01013089,5. Skilled trades occupations,39,36,3
S01013089,6. Caring leisure and other service occupations,24,2,22
S01013089,7. Sales and customer service occupations,33,10,23
S01013089,8. Process plant and machine operatives,21,20,1
S01013089,9. Elementary occupations,35,20,15
S01013090,All people aged 16 to 74 in employment,426,222,204
S01013090,1. Managers directors and senior officials,35,18,17
S01013090,2. Professional occupations,103,53,50
S01013090,3. Associate professional and technical occupations,58,33,25
S01013090,4. Administrative and secretarial occupations,43,12,31
S01013090,5. Skilled trades occupations,36,32,4
S01013090,6. Caring leisure and other service occupations,45,21,24
S01013090,7. Sales and customer service occupations,44,16,28
S01013090,8. Process plant and machine operatives,12,10,2
S01013090,9. Elementary occupations,50,27,23
S01013091,All people aged 16 to 74 in employment,285,149,136
S01013091,1. Managers directors and senior officials,27,20,7
S01013091,2. Professional occupations,71,31,40
S01013091,3. Associate professional and technical occupations,46,29,17
S01013091,4. Administrative and secretarial occupations,20,6,14
S01013091,5. Skilled trades occupations,29,22,7
S01013091,6. Caring leisure and other service occupations,14,4,10
S01013091,7. Sales and customer service occupations,40,17,23
S01013091,8. Process plant and machine operatives,10,10,0
S01013091,9. Elementary occupations,28,10,18
S01013092,All people aged 16 to 74 in employment,441,220,221
S01013092,1. Managers directors and senior officials,43,23,20
S01013092,2. Professional occupations,104,44,60
S01013092,3. Associate professional and technical occupations,70,36,34
S01013092,4. Administrative and secretarial occupations,35,12,23
S01013092,5. Skilled trades occupations,51,44,7
S01013092,6. Caring leisure and other service occupations,31,4,27
S01013092,7. Sales and customer service occupations,39,12,27
S01013092,8. Process plant and machine operatives,30,27,3
S01013092,9. Elementary occupations,38,18,20
S01013093,All people aged 16 to 74 in employment,229,130,99
S01013093,1. Managers directors and senior officials,43,22,21
S01013093,2. Professional occupations,66,34,32
S01013093,3. Associate professional and technical occupations,37,23,14
S01013093,4. Administrative and secretarial occupations,22,7,15
S01013093,5. Skilled trades occupations,26,24,2
S01013093,6. Caring leisure and other service occupations,7,4,3
S01013093,7. Sales and customer service occupations,8,4,4
S01013093,8. Process plant and machine operatives,6,6,0
S01013093,9. Elementary occupations,14,6,8
S01013094,All people aged 16 to 74 in employment,274,142,132
S01013094,1. Managers directors and senior officials,37,25,12
S01013094,2. Professional occupations,98,49,49
S01013094,3. Associate professional and technical occupations,46,27,19
S01013094,4. Administrative and secretarial occupations,34,8,26
S01013094,5. Skilled trades occupations,12,10,2
S01013094,6. Caring leisure and other service occupations,17,4,13
S01013094,7. Sales and customer service occupations,10,5,5
S01013094,8. Process plant and machine operatives,8,8,0
S01013094,9. Elementary occupations,12,6,6
S01013095,All people aged 16 to 74 in employment,415,232,183
S01013095,1. Managers directors and senior officials,88,68,20
S01013095,2. Professional occupations,157,84,73
S01013095,3. Associate professional and technical occupations,52,27,25
S01013095,4. Administrative and secretarial occupations,33,6,27
S01013095,5. Skilled trades occupations,20,18,2
S01013095,6. Caring leisure and other service occupations,23,4,19
S01013095,7. Sales and customer service occupations,9,4,5
S01013095,8. Process plant and machine operatives,10,9,1
S01013095,9. Elementary occupations,23,12,11
S01013096,All people aged 16 to 74 in employment,240,115,125
S01013096,1. Managers directors and senior officials,20,12,8
S01013096,2. Professional occupations,50,22,28
S01013096,3. Associate professional and technical occupations,25,12,13
S01013096,4. Administrative and secretarial occupations,25,4,21
S01013096,5. Skilled trades occupations,24,24,0
S01013096,6. Caring leisure and other service occupations,34,8,26
S01013096,7. Sales and customer service occupations,10,2,8
S01013096,8. Process plant and machine operatives,13,13,0
S01013096,9. Elementary occupations,39,18,21
S01013097,All people aged 16 to 74 in employment,342,175,167
S01013097,1. Managers directors and senior officials,55,32,23
S01013097,2. Professional occupations,105,51,54
S01013097,3. Associate professional and technical occupations,48,26,22
S01013097,4. Administrative and secretarial occupations,30,6,24
S01013097,5. Skilled trades occupations,40,31,9
S01013097,6. Caring leisure and other service occupations,18,4,14
S01013097,7. Sales and customer service occupations,10,3,7
S01013097,8. Process plant and machine operatives,17,15,2
S01013097,9. Elementary occupations,19,7,12
S01013098,All people aged 16 to 74 in employment,323,178,145
S01013098,1. Managers directors and senior officials,79,60,19
S01013098,2. Professional occupations,113,61,52
S01013098,3. Associate professional and technical occupations,55,32,23
S01013098,4. Administrative and secretarial occupations,22,3,19
S01013098,5. Skilled trades occupations,13,10,3
S01013098,6. Caring leisure and other service occupations,13,0,13
S01013098,7. Sales and customer service occupations,13,4,9
S01013098,8. Process plant and machine operatives,3,1,2
S01013098,9. Elementary occupations,12,7,5
S01013099,All people aged 16 to 74 in employment,419,212,207
S01013099,1. Managers directors and senior officials,46,23,23
S01013099,2. Professional occupations,122,53,69
S01013099,3. Associate professional and technical occupations,76,42,34
S01013099,4. Administrative and secretarial occupations,35,8,27
S01013099,5. Skilled trades occupations,45,35,10
S01013099,6. Caring leisure and other service occupations,25,10,15
S01013099,7. Sales and customer service occupations,30,15,15
S01013099,8. Process plant and machine operatives,7,7,0
S01013099,9. Elementary occupations,33,19,14
S01013100,All people aged 16 to 74 in employment,235,133,102
S01013100,1. Managers directors and senior officials,43,36,7
S01013100,2. Professional occupations,100,49,51
S01013100,3. Associate professional and technical occupations,39,25,14
S01013100,4. Administrative and secretarial occupations,19,2,17
S01013100,5. Skilled trades occupations,11,10,1
S01013100,6. Caring leisure and other service occupations,7,1,6
S01013100,7. Sales and customer service occupations,8,4,4
S01013100,8. Process plant and machine operatives,3,3,0
S01013100,9. Elementary occupations,5,3,2
S01013101,All people aged 16 to 74 in employment,427,206,221
S01013101,1. Managers directors and senior officials,25,15,10
S01013101,2. Professional occupations,74,27,47
S01013101,3. Associate professional and technical occupations,56,32,24
S01013101,4. Administrative and secretarial occupations,40,3,37
S01013101,5. Skilled trades occupations,56,51,5
S01013101,6. Caring leisure and other service occupations,45,5,40
S01013101,7. Sales and customer service occupations,47,18,29
S01013101,8. Process plant and machine operatives,27,24,3
S01013101,9. Elementary occupations,57,31,26
S01013102,All people aged 16 to 74 in employment,255,128,127
S01013102,1. Managers directors and senior officials,30,24,6
S01013102,2. Professional occupations,85,39,46
S01013102,3. Associate professional and technical occupations,39,24,15
S01013102,4. Administrative and secretarial occupations,27,2,25
S01013102,5. Skilled trades occupations,17,15,2
S01013102,6. Caring leisure and other service occupations,20,3,17
S01013102,7. Sales and customer service occupations,11,4,7
S01013102,8. Process plant and machine operatives,10,10,0
S01013102,9. Elementary occupations,16,7,9
S01013103,All people aged 16 to 74 in employment,432,212,220
S01013103,1. Managers directors and senior officials,63,44,19
S01013103,2. Professional occupations,130,55,75
S01013103,3. Associate professional and technical occupations,62,36,26
S01013103,4. Administrative and secretarial occupations,47,11,36
S01013103,5. Skilled trades occupations,37,33,4
S01013103,6. Caring leisure and other service occupations,33,1,32
S01013103,7. Sales and customer service occupations,28,10,18
S01013103,8. Process plant and machine operatives,11,11,0
S01013103,9. Elementary occupations,21,11,10
S01013104,All people aged 16 to 74 in employment,474,244,230
S01013104,1. Managers directors and senior officials,73,46,27
S01013104,2. Professional occupations,125,61,64
S01013104,3. Associate professional and technical occupations,92,56,36
S01013104,4. Administrative and secretarial occupations,46,11,35
S01013104,5. Skilled trades occupations,30,29,1
S01013104,6. Caring leisure and other service occupations,40,8,32
S01013104,7. Sales and customer service occupations,23,7,16
S01013104,8. Process plant and machine operatives,20,19,1
S01013104,9. Elementary occupations,25,7,18
S01013105,All people aged 16 to 74 in employment,418,220,198
S01013105,1. Managers directors and senior officials,83,59,24
S01013105,2. Professional occupations,141,76,65
S01013105,3. Associate professional and technical occupations,60,25,35
S01013105,4. Administrative and secretarial occupations,40,9,31
S01013105,5. Skilled trades occupations,18,16,2
S01013105,6. Caring leisure and other service occupations,29,6,23
S01013105,7. Sales and customer service occupations,18,8,10
S01013105,8. Process plant and machine operatives,13,12,1
S01013105,9. Elementary occupations,16,9,7
S01013106,All people aged 16 to 74 in employment,406,217,189
S01013106,1. Managers directors and senior officials,38,27,11
S01013106,2. Professional occupations,86,41,45
S01013106,3. Associate professional and technical occupations,45,22,23
S01013106,4. Administrative and secretarial occupations,32,6,26
S01013106,5. Skilled trades occupations,75,68,7
S01013106,6. Caring leisure and other service occupations,30,7,23
S01013106,7. Sales and customer service occupations,35,6,29
S01013106,8. Process plant and machine operatives,20,19,1
S01013106,9. Elementary occupations,45,21,24
S01013107,All people aged 16 to 74 in employment,337,177,160
S01013107,1. Managers directors and senior officials,56,35,21
S01013107,2. Professional occupations,99,46,53
S01013107,3. Associate professional and technical occupations,45,24,21
S01013107,4. Administrative and secretarial occupations,38,11,27
S01013107,5. Skilled trades occupations,34,29,5
S01013107,6. Caring leisure and other service occupations,10,0,10
S01013107,7. Sales and customer service occupations,26,11,15
S01013107,8. Process plant and machine operatives,10,8,2
S01013107,9. Elementary occupations,19,13,6
S01013108,All people aged 16 to 74 in employment,256,131,125
S01013108,1. Managers directors and senior officials,35,23,12
S01013108,2. Professional occupations,53,18,35
S01013108,3. Associate professional and technical occupations,20,13,7
S01013108,4. Administrative and secretarial occupations,21,6,15
S01013108,5. Skilled trades occupations,36,30,6
S01013108,6. Caring leisure and other service occupations,26,4,22
S01013108,7. Sales and customer service occupations,20,6,14
S01013108,8. Process plant and machine operatives,16,15,1
S01013108,9. Elementary occupations,29,16,13
S01013109,All people aged 16 to 74 in employment,572,308,264
S01013109,1. Managers directors and senior officials,63,42,21
S01013109,2. Professional occupations,129,54,75
S01013109,3. Associate professional and technical occupations,59,31,28
S01013109,4. Administrative and secretarial occupations,45,5,40
S01013109,5. Skilled trades occupations,110,96,14
S01013109,6. Caring leisure and other service occupations,47,7,40
S01013109,7. Sales and customer service occupations,35,9,26
S01013109,8. Process plant and machine operatives,31,29,2
S01013109,9. Elementary occupations,53,35,18
S01013110,All people aged 16 to 74 in employment,299,176,123
S01013110,1. Managers directors and senior officials,38,28,10
S01013110,2. Professional occupations,59,31,28
S01013110,3. Associate professional and technical occupations,34,24,10
S01013110,4. Administrative and secretarial occupations,29,1,28
S01013110,5. Skilled trades occupations,64,58,6
S01013110,6. Caring leisure and other service occupations,17,1,16
S01013110,7. Sales and customer service occupations,16,4,12
S01013110,8. Process plant and machine operatives,20,20,0
S01013110,9. Elementary occupations,22,9,13
S01013111,All people aged 16 to 74 in employment,225,113,112
S01013111,1. Managers directors and senior officials,25,15,10
S01013111,2. Professional occupations,56,20,36
S01013111,3. Associate professional and technical occupations,43,25,18
S01013111,4. Administrative and secretarial occupations,20,6,14
S01013111,5. Skilled trades occupations,30,25,5
S01013111,6. Caring leisure and other service occupations,21,3,18
S01013111,7. Sales and customer service occupations,5,1,4
S01013111,8. Process plant and machine operatives,7,7,0
S01013111,9. Elementary occupations,18,11,7
S01013112,All people aged 16 to 74 in employment,310,162,148
S01013112,1. Managers directors and senior officials,40,28,12
S01013112,2. Professional occupations,50,22,28
S01013112,3. Associate professional and technical occupations,35,24,11
S01013112,4. Administrative and secretarial occupations,39,8,31
S01013112,5. Skilled trades occupations,41,36,5
S01013112,6. Caring leisure and other service occupations,32,6,26
S01013112,7. Sales and customer service occupations,20,7,13
S01013112,8. Process plant and machine operatives,24,20,4
S01013112,9. Elementary occupations,29,11,18
S01013113,All people aged 16 to 74 in employment,348,168,180
S01013113,1. Managers directors and senior officials,39,21,18
S01013113,2. Professional occupations,34,7,27
S01013113,3. Associate professional and technical occupations,22,18,4
S01013113,4. Administrative and secretarial occupations,28,4,24
S01013113,5. Skilled trades occupations,61,53,8
S01013113,6. Caring leisure and other service occupations,40,6,34
S01013113,7. Sales and customer service occupations,34,3,31
S01013113,8. Process plant and machine operatives,30,27,3
S01013113,9. Elementary occupations,60,29,31
S01013114,All people aged 16 to 74 in employment,417,225,192
S01013114,1. Managers directors and senior officials,60,40,20
S01013114,2. Professional occupations,79,35,44
S01013114,3. Associate professional and technical occupations,52,37,15
S01013114,4. Administrative and secretarial occupations,25,2,23
S01013114,5. Skilled trades occupations,64,57,7
S01013114,6. Caring leisure and other service occupations,38,4,34
S01013114,7. Sales and customer service occupations,22,5,17
S01013114,8. Process plant and machine operatives,17,15,2
S01013114,9. Elementary occupations,60,30,30
S01013115,All people aged 16 to 74 in employment,306,159,147
S01013115,1. Managers directors and senior officials,42,19,23
S01013115,2. Professional occupations,43,19,24
S01013115,3. Associate professional and technical occupations,25,15,10
S01013115,4. Administrative and secretarial occupations,27,5,22
S01013115,5. Skilled trades occupations,54,51,3
S01013115,6. Caring leisure and other service occupations,32,11,21
S01013115,7. Sales and customer service occupations,30,8,22
S01013115,8. Process plant and machine operatives,14,13,1
S01013115,9. Elementary occupations,39,18,21
S01013116,All people aged 16 to 74 in employment,339,175,164
S01013116,1. Managers directors and senior officials,59,40,19
S01013116,2. Professional occupations,84,38,46
S01013116,3. Associate professional and technical occupations,47,26,21
S01013116,4. Administrative and secretarial occupations,36,8,28
S01013116,5. Skilled trades occupations,26,23,3
S01013116,6. Caring leisure and other service occupations,20,2,18
S01013116,7. Sales and customer service occupations,23,8,15
S01013116,8. Process plant and machine operatives,15,11,4
S01013116,9. Elementary occupations,29,19,10
S01013117,All people aged 16 to 74 in employment,358,191,167
S01013117,1. Managers directors and senior officials,44,21,23
S01013117,2. Professional occupations,37,17,20
S01013117,3. Associate professional and technical occupations,56,31,25
S01013117,4. Administrative and secretarial occupations,27,4,23
S01013117,5. Skilled trades occupations,65,59,6
S01013117,6. Caring leisure and other service occupations,33,7,26
S01013117,7. Sales and customer service occupations,24,3,21
S01013117,8. Process plant and machine operatives,19,18,1
S01013117,9. Elementary occupations,53,31,22
S01013118,All people aged 16 to 74 in employment,313,169,144
S01013118,1. Managers directors and senior officials,46,25,21
S01013118,2. Professional occupations,54,23,31
S01013118,3. Associate professional and technical occupations,47,29,18
S01013118,4. Administrative and secretarial occupations,19,3,16
S01013118,5. Skilled trades occupations,37,30,7
S01013118,6. Caring leisure and other service occupations,25,9,16
S01013118,7. Sales and customer service occupations,10,3,7
S01013118,8. Process plant and machine operatives,14,14,0
S01013118,9. Elementary occupations,61,33,28
S01013119,All people aged 16 to 74 in employment,393,201,192
S01013119,1. Managers directors and senior officials,87,52,35
S01013119,2. Professional occupations,55,22,33
S01013119,3. Associate professional and technical occupations,40,22,18
S01013119,4. Administrative and secretarial occupations,29,4,25
S01013119,5. Skilled trades occupations,60,48,12
S01013119,6. Caring leisure and other service occupations,30,6,24
S01013119,7. Sales and customer service occupations,17,4,13
S01013119,8. Process plant and machine operatives,25,22,3
S01013119,9. Elementary occupations,50,21,29
S01013120,All people aged 16 to 74 in employment,531,280,251
S01013120,1. Managers directors and senior officials,92,41,51
S01013120,2. Professional occupations,62,34,28
S01013120,3. Associate professional and technical occupations,51,32,19
S01013120,4. Administrative and secretarial occupations,33,7,26
S01013120,5. Skilled trades occupations,105,89,16
S01013120,6. Caring leisure and other service occupations,53,6,47
S01013120,7. Sales and customer service occupations,40,12,28
S01013120,8. Process plant and machine operatives,32,31,1
S01013120,9. Elementary occupations,63,28,35
S01013121,All people aged 16 to 74 in employment,226,115,111
S01013121,1. Managers directors and senior officials,53,27,26
S01013121,2. Professional occupations,15,8,7
S01013121,3. Associate professional and technical occupations,15,7,8
S01013121,4. Administrative and secretarial occupations,19,3,16
S01013121,5. Skilled trades occupations,35,28,7
S01013121,6. Caring leisure and other service occupations,12,2,10
S01013121,7. Sales and customer service occupations,15,6,9
S01013121,8. Process plant and machine operatives,11,9,2
S01013121,9. Elementary occupations,51,25,26
S01013122,All people aged 16 to 74 in employment,218,107,111
S01013122,1. Managers directors and senior officials,8,5,3
S01013122,2. Professional occupations,18,5,13
S01013122,3. Associate professional and technical occupations,18,10,8
S01013122,4. Administrative and secretarial occupations,23,4,19
S01013122,5. Skilled trades occupations,21,20,1
S01013122,6. Caring leisure and other service occupations,28,6,22
S01013122,7. Sales and customer service occupations,32,9,23
S01013122,8. Process plant and machine operatives,27,27,0
S01013122,9. Elementary occupations,43,21,22
S01013123,All people aged 16 to 74 in employment,331,149,182
S01013123,1. Managers directors and senior officials,18,11,7
S01013123,2. Professional occupations,30,11,19
S01013123,3. Associate professional and technical occupations,48,22,26
S01013123,4. Administrative and secretarial occupations,58,8,50
S01013123,5. Skilled trades occupations,41,37,4
S01013123,6. Caring leisure and other service occupations,41,6,35
S01013123,7. Sales and customer service occupations,34,9,25
S01013123,8. Process plant and machine operatives,25,22,3
S01013123,9. Elementary occupations,36,23,13
S01013124,All people aged 16 to 74 in employment,332,155,177
S01013124,1. Managers directors and senior officials,26,16,10
S01013124,2. Professional occupations,34,11,23
S01013124,3. Associate professional and technical occupations,28,14,14
S01013124,4. Administrative and secretarial occupations,62,12,50
S01013124,5. Skilled trades occupations,34,31,3
S01013124,6. Caring leisure and other service occupations,65,21,44
S01013124,7. Sales and customer service occupations,31,12,19
S01013124,8. Process plant and machine operatives,29,27,2
S01013124,9. Elementary occupations,23,11,12
S01013125,All people aged 16 to 74 in employment,321,166,155
S01013125,1. Managers directors and senior officials,25,15,10
S01013125,2. Professional occupations,37,14,23
S01013125,3. Associate professional and technical occupations,42,23,19
S01013125,4. Administrative and secretarial occupations,58,14,44
S01013125,5. Skilled trades occupations,46,45,1
S01013125,6. Caring leisure and other service occupations,39,11,28
S01013125,7. Sales and customer service occupations,26,10,16
S01013125,8. Process plant and machine operatives,19,18,1
S01013125,9. Elementary occupations,29,16,13
S01013126,All people aged 16 to 74 in employment,264,121,143
S01013126,1. Managers directors and senior officials,14,7,7
S01013126,2. Professional occupations,19,11,8
S01013126,3. Associate professional and technical occupations,18,6,12
S01013126,4. Administrative and secretarial occupations,36,5,31
S01013126,5. Skilled trades occupations,29,28,1
S01013126,6. Caring leisure and other service occupations,43,12,31
S01013126,7. Sales and customer service occupations,40,12,28
S01013126,8. Process plant and machine operatives,26,25,1
S01013126,9. Elementary occupations,39,15,24
S01013127,All people aged 16 to 74 in employment,270,122,148
S01013127,1. Managers directors and senior officials,12,8,4
S01013127,2. Professional occupations,17,3,14
S01013127,3. Associate professional and technical occupations,21,10,11
S01013127,4. Administrative and secretarial occupations,32,1,31
S01013127,5. Skilled trades occupations,41,39,2
S01013127,6. Caring leisure and other service occupations,40,7,33
S01013127,7. Sales and customer service occupations,35,16,19
S01013127,8. Process plant and machine operatives,26,23,3
S01013127,9. Elementary occupations,46,15,31
S01013128,All people aged 16 to 74 in employment,321,144,177
S01013128,1. Managers directors and senior officials,23,9,14
S01013128,2. Professional occupations,29,10,19
S01013128,3. Associate professional and technical occupations,40,22,18
S01013128,4. Administrative and secretarial occupations,50,4,46
S01013128,5. Skilled trades occupations,18,18,0
S01013128,6. Caring leisure and other service occupations,50,11,39
S01013128,7. Sales and customer service occupations,39,14,25
S01013128,8. Process plant and machine operatives,31,27,4
S01013128,9. Elementary occupations,41,29,12
S01013129,All people aged 16 to 74 in employment,514,259,255
S01013129,1. Managers directors and senior officials,32,20,12
S01013129,2. Professional occupations,72,27,45
S01013129,3. Associate professional and technical occupations,62,38,24
S01013129,4. Administrative and secretarial occupations,80,25,55
S01013129,5. Skilled trades occupations,66,57,9
S01013129,6. Caring leisure and other service occupations,58,17,41
S01013129,7. Sales and customer service occupations,62,20,42
S01013129,8. Process plant and machine operatives,33,29,4
S01013129,9. Elementary occupations,49,26,23
S01013130,All people aged 16 to 74 in employment,269,117,152
S01013130,1. Managers directors and senior officials,20,7,13
S01013130,2. Professional occupations,35,16,19
S01013130,3. Associate professional and technical occupations,35,15,20
S01013130,4. Administrative and secretarial occupations,41,6,35
S01013130,5. Skilled trades occupations,27,21,6
S01013130,6. Caring leisure and other service occupations,29,5,24
S01013130,7. Sales and customer service occupations,29,11,18
S01013130,8. Process plant and machine operatives,15,14,1
S01013130,9. Elementary occupations,38,22,16
S01013131,All people aged 16 to 74 in employment,304,135,169
S01013131,1. Managers directors and senior officials,19,13,6
S01013131,2. Professional occupations,19,7,12
S01013131,3. Associate professional and technical occupations,35,21,14
S01013131,4. Administrative and secretarial occupations,50,9,41
S01013131,5. Skilled trades occupations,41,38,3
S01013131,6. Caring leisure and other service occupations,38,2,36
S01013131,7. Sales and customer service occupations,46,10,36
S01013131,8. Process plant and machine operatives,21,18,3
S01013131,9. Elementary occupations,35,17,18
S01013132,All people aged 16 to 74 in employment,239,107,132
S01013132,1. Managers directors and senior officials,9,1,8
S01013132,2. Professional occupations,24,7,17
S01013132,3. Associate professional and technical occupations,16,8,8
S01013132,4. Administrative and secretarial occupations,29,3,26
S01013132,5. Skilled trades occupations,36,31,5
S01013132,6. Caring leisure and other service occupations,23,4,19
S01013132,7. Sales and customer service occupations,36,11,25
S01013132,8. Process plant and machine operatives,24,23,1
S01013132,9. Elementary occupations,42,19,23
S01013133,All people aged 16 to 74 in employment,329,160,169
S01013133,1. Managers directors and senior officials,20,12,8
S01013133,2. Professional occupations,40,22,18
S01013133,3. Associate professional and technical occupations,43,18,25
S01013133,4. Administrative and secretarial occupations,51,13,38
S01013133,5. Skilled trades occupations,32,30,2
S01013133,6. Caring leisure and other service occupations,50,13,37
S01013133,7. Sales and customer service occupations,36,10,26
S01013133,8. Process plant and machine operatives,24,20,4
S01013133,9. Elementary occupations,33,22,11
S01013134,All people aged 16 to 74 in employment,382,195,187
S01013134,1. Managers directors and senior officials,36,23,13
S01013134,2. Professional occupations,56,18,38
S01013134,3. Associate professional and technical occupations,46,31,15
S01013134,4. Administrative and secretarial occupations,47,10,37
S01013134,5. Skilled trades occupations,40,38,2
S01013134,6. Caring leisure and other service occupations,52,15,37
S01013134,7. Sales and customer service occupations,29,11,18
S01013134,8. Process plant and machine operatives,28,21,7
S01013134,9. Elementary occupations,48,28,20
S01013135,All people aged 16 to 74 in employment,289,122,167
S01013135,1. Managers directors and senior officials,12,9,3
S01013135,2. Professional occupations,15,7,8
S01013135,3. Associate professional and technical occupations,21,9,12
S01013135,4. Administrative and secretarial occupations,45,4,41
S01013135,5. Skilled trades occupations,31,24,7
S01013135,6. Caring leisure and other service occupations,54,11,43
S01013135,7. Sales and customer service occupations,36,10,26
S01013135,8. Process plant and machine operatives,25,24,1
S01013135,9. Elementary occupations,50,24,26
S01013136,All people aged 16 to 74 in employment,389,215,174
S01013136,1. Managers directors and senior officials,23,13,10
S01013136,2. Professional occupations,23,11,12
S01013136,3. Associate professional and technical occupations,37,22,15
S01013136,4. Administrative and secretarial occupations,48,13,35
S01013136,5. Skilled trades occupations,72,68,4
S01013136,6. Caring leisure and other service occupations,48,8,40
S01013136,7. Sales and customer service occupations,53,18,35
S01013136,8. Process plant and machine operatives,32,30,2
S01013136,9. Elementary occupations,53,32,21
S01013137,All people aged 16 to 74 in employment,303,152,151
S01013137,1. Managers directors and senior officials,13,4,9
S01013137,2. Professional occupations,21,6,15
S01013137,3. Associate professional and technical occupations,34,21,13
S01013137,4. Administrative and secretarial occupations,40,11,29
S01013137,5. Skilled trades occupations,48,45,3
S01013137,6. Caring leisure and other service occupations,37,7,30
S01013137,7. Sales and customer service occupations,35,7,28
S01013137,8. Process plant and machine operatives,36,29,7
S01013137,9. Elementary occupations,39,22,17
S01013138,All people aged 16 to 74 in employment,250,114,136
S01013138,1. Managers directors and senior officials,7,1,6
S01013138,2. Professional occupations,20,6,14
S01013138,3. Associate professional and technical occupations,17,7,10
S01013138,4. Administrative and secretarial occupations,34,7,27
S01013138,5. Skilled trades occupations,33,30,3
S01013138,6. Caring leisure and other service occupations,35,5,30
S01013138,7. Sales and customer service occupations,41,10,31
S01013138,8. Process plant and machine operatives,24,23,1
S01013138,9. Elementary occupations,39,25,14
S01013139,All people aged 16 to 74 in employment,300,137,163
S01013139,1. Managers directors and senior officials,10,6,4
S01013139,2. Professional occupations,28,16,12
S01013139,3. Associate professional and technical occupations,25,12,13
S01013139,4. Administrative and secretarial occupations,38,8,30
S01013139,5. Skilled trades occupations,39,36,3
S01013139,6. Caring leisure and other service occupations,54,8,46
S01013139,7. Sales and customer service occupations,42,13,29
S01013139,8. Process plant and machine operatives,20,17,3
S01013139,9. Elementary occupations,44,21,23
S01013140,All people aged 16 to 74 in employment,300,137,163
S01013140,1. Managers directors and senior officials,12,5,7
S01013140,2. Professional occupations,28,15,13
S01013140,3. Associate professional and technical occupations,27,12,15
S01013140,4. Administrative and secretarial occupations,35,11,24
S01013140,5. Skilled trades occupations,30,24,6
S01013140,6. Caring leisure and other service occupations,55,14,41
S01013140,7. Sales and customer service occupations,44,8,36
S01013140,8. Process plant and machine operatives,30,23,7
S01013140,9. Elementary occupations,39,25,14
S01013141,All people aged 16 to 74 in employment,249,119,130
S01013141,1. Managers directors and senior officials,12,7,5
S01013141,2. Professional occupations,22,6,16
S01013141,3. Associate professional and technical occupations,22,10,12
S01013141,4. Administrative and secretarial occupations,37,8,29
S01013141,5. Skilled trades occupations,29,29,0
S01013141,6. Caring leisure and other service occupations,28,4,24
S01013141,7. Sales and customer service occupations,35,10,25
S01013141,8. Process plant and machine operatives,26,21,5
S01013141,9. Elementary occupations,38,24,14
S01013142,All people aged 16 to 74 in employment,256,110,146
S01013142,1. Managers directors and senior officials,15,5,10
S01013142,2. Professional occupations,10,3,7
S01013142,3. Associate professional and technical occupations,31,9,22
S01013142,4. Administrative and secretarial occupations,31,7,24
S01013142,5. Skilled trades occupations,29,26,3
S01013142,6. Caring leisure and other service occupations,31,4,27
S01013142,7. Sales and customer service occupations,42,12,30
S01013142,8. Process plant and machine operatives,26,21,5
S01013142,9. Elementary occupations,41,23,18
S01013143,All people aged 16 to 74 in employment,384,181,203
S01013143,1. Managers directors and senior officials,22,13,9
S01013143,2. Professional occupations,38,13,25
S01013143,3. Associate professional and technical occupations,53,30,23
S01013143,4. Administrative and secretarial occupations,62,16,46
S01013143,5. Skilled trades occupations,47,43,4
S01013143,6. Caring leisure and other service occupations,54,5,49
S01013143,7. Sales and customer service occupations,37,14,23
S01013143,8. Process plant and machine operatives,23,22,1
S01013143,9. Elementary occupations,48,25,23
S01013144,All people aged 16 to 74 in employment,377,188,189
S01013144,1. Managers directors and senior officials,10,3,7
S01013144,2. Professional occupations,32,10,22
S01013144,3. Associate professional and technical occupations,57,35,22
S01013144,4. Administrative and secretarial occupations,66,18,48
S01013144,5. Skilled trades occupations,47,44,3
S01013144,6. Caring leisure and other service occupations,51,10,41
S01013144,7. Sales and customer service occupations,41,16,25
S01013144,8. Process plant and machine operatives,31,28,3
S01013144,9. Elementary occupations,42,24,18
S01013145,All people aged 16 to 74 in employment,297,152,145
S01013145,1. Managers directors and senior officials,24,11,13
S01013145,2. Professional occupations,36,13,23
S01013145,3. Associate professional and technical occupations,40,25,15
S01013145,4. Administrative and secretarial occupations,36,12,24
S01013145,5. Skilled trades occupations,31,31,0
S01013145,6. Caring leisure and other service occupations,37,6,31
S01013145,7. Sales and customer service occupations,40,14,26
S01013145,8. Process plant and machine operatives,19,18,1
S01013145,9. Elementary occupations,34,22,12
S01013146,All people aged 16 to 74 in employment,190,93,97
S01013146,1. Managers directors and senior officials,10,5,5
S01013146,2. Professional occupations,25,9,16
S01013146,3. Associate professional and technical occupations,21,9,12
S01013146,4. Administrative and secretarial occupations,26,7,19
S01013146,5. Skilled trades occupations,26,25,1
S01013146,6. Caring leisure and other service occupations,24,7,17
S01013146,7. Sales and customer service occupations,19,6,13
S01013146,8. Process plant and machine operatives,16,13,3
S01013146,9. Elementary occupations,23,12,11
S01013147,All people aged 16 to 74 in employment,337,176,161
S01013147,1. Managers directors and senior officials,12,10,2
S01013147,2. Professional occupations,46,21,25
S01013147,3. Associate professional and technical occupations,36,23,13
S01013147,4. Administrative and secretarial occupations,59,9,50
S01013147,5. Skilled trades occupations,50,45,5
S01013147,6. Caring leisure and other service occupations,39,10,29
S01013147,7. Sales and customer service occupations,30,9,21
S01013147,8. Process plant and machine operatives,33,31,2
S01013147,9. Elementary occupations,32,18,14
S01013148,All people aged 16 to 74 in employment,384,179,205
S01013148,1. Managers directors and senior officials,23,16,7
S01013148,2. Professional occupations,50,15,35
S01013148,3. Associate professional and technical occupations,58,35,23
S01013148,4. Administrative and secretarial occupations,66,9,57
S01013148,5. Skilled trades occupations,48,45,3
S01013148,6. Caring leisure and other service occupations,50,6,44
S01013148,7. Sales and customer service occupations,29,9,20
S01013148,8. Process plant and machine operatives,30,29,1
S01013148,9. Elementary occupations,30,15,15
S01013149,All people aged 16 to 74 in employment,414,201,213
S01013149,1. Managers directors and senior officials,30,22,8
S01013149,2. Professional occupations,48,18,30
S01013149,3. Associate professional and technical occupations,64,39,25
S01013149,4. Administrative and secretarial occupations,65,11,54
S01013149,5. Skilled trades occupations,54,47,7
S01013149,6. Caring leisure and other service occupations,56,12,44
S01013149,7. Sales and customer service occupations,34,10,24
S01013149,8. Process plant and machine operatives,29,24,5
S01013149,9. Elementary occupations,34,18,16
S01013150,All people aged 16 to 74 in employment,377,177,200
S01013150,1. Managers directors and senior officials,17,10,7
S01013150,2. Professional occupations,50,17,33
S01013150,3. Associate professional and technical occupations,42,28,14
S01013150,4. Administrative and secretarial occupations,65,11,54
S01013150,5. Skilled trades occupations,56,53,3
S01013150,6. Caring leisure and other service occupations,49,7,42
S01013150,7. Sales and customer service occupations,37,6,31
S01013150,8. Process plant and machine operatives,26,25,1
S01013150,9. Elementary occupations,35,20,15
S01013151,All people aged 16 to 74 in employment,299,152,147
S01013151,1. Managers directors and senior officials,30,20,10
S01013151,2. Professional occupations,49,19,30
S01013151,3. Associate professional and technical occupations,42,21,21
S01013151,4. Administrative and secretarial occupations,53,9,44
S01013151,5. Skilled trades occupations,44,41,3
S01013151,6. Caring leisure and other service occupations,17,4,13
S01013151,7. Sales and customer service occupations,28,10,18
S01013151,8. Process plant and machine operatives,17,16,1
S01013151,9. Elementary occupations,19,12,7
S01013152,All people aged 16 to 74 in employment,424,214,210
S01013152,1. Managers directors and senior officials,26,19,7
S01013152,2. Professional occupations,50,24,26
S01013152,3. Associate professional and technical occupations,54,31,23
S01013152,4. Administrative and secretarial occupations,66,18,48
S01013152,5. Skilled trades occupations,60,51,9
S01013152,6. Caring leisure and other service occupations,59,11,48
S01013152,7. Sales and customer service occupations,32,5,27
S01013152,8. Process plant and machine operatives,30,27,3
S01013152,9. Elementary occupations,47,28,19
S01013153,All people aged 16 to 74 in employment,311,156,155
S01013153,1. Managers directors and senior officials,13,8,5
S01013153,2. Professional occupations,24,11,13
S01013153,3. Associate professional and technical occupations,19,10,9
S01013153,4. Administrative and secretarial occupations,46,10,36
S01013153,5. Skilled trades occupations,46,44,2
S01013153,6. Caring leisure and other service occupations,49,17,32
S01013153,7. Sales and customer service occupations,48,13,35
S01013153,8. Process plant and machine operatives,21,20,1
S01013153,9. Elementary occupations,45,23,22
S01013154,All people aged 16 to 74 in employment,428,193,235
S01013154,1. Managers directors and senior officials,24,11,13
S01013154,2. Professional occupations,37,13,24
S01013154,3. Associate professional and technical occupations,35,17,18
S01013154,4. Administrative and secretarial occupations,51,11,40
S01013154,5. Skilled trades occupations,47,43,4
S01013154,6. Caring leisure and other service occupations,60,13,47
S01013154,7. Sales and customer service occupations,73,21,52
S01013154,8. Process plant and machine operatives,30,29,1
S01013154,9. Elementary occupations,71,35,36
S01013155,All people aged 16 to 74 in employment,362,166,196
S01013155,1. Managers directors and senior officials,17,11,6
S01013155,2. Professional occupations,25,8,17
S01013155,3. Associate professional and technical occupations,35,20,15
S01013155,4. Administrative and secretarial occupations,44,10,34
S01013155,5. Skilled trades occupations,34,30,4
S01013155,6. Caring leisure and other service occupations,62,18,44
S01013155,7. Sales and customer service occupations,49,16,33
S01013155,8. Process plant and machine operatives,27,22,5
S01013155,9. Elementary occupations,69,31,38
S01013156,All people aged 16 to 74 in employment,336,159,177
S01013156,1. Managers directors and senior officials,16,8,8
S01013156,2. Professional occupations,15,3,12
S01013156,3. Associate professional and technical occupations,37,21,16
S01013156,4. Administrative and secretarial occupations,36,7,29
S01013156,5. Skilled trades occupations,49,46,3
S01013156,6. Caring leisure and other service occupations,54,8,46
S01013156,7. Sales and customer service occupations,47,10,37
S01013156,8. Process plant and machine operatives,31,23,8
S01013156,9. Elementary occupations,51,33,18
S01013157,All people aged 16 to 74 in employment,372,173,199
S01013157,1. Managers directors and senior officials,12,6,6
S01013157,2. Professional occupations,21,5,16
S01013157,3. Associate professional and technical occupations,32,12,20
S01013157,4. Administrative and secretarial occupations,52,14,38
S01013157,5. Skilled trades occupations,45,43,2
S01013157,6. Caring leisure and other service occupations,66,16,50
S01013157,7. Sales and customer service occupations,52,18,34
S01013157,8. Process plant and machine operatives,33,32,1
S01013157,9. Elementary occupations,59,27,32
S01013158,All people aged 16 to 74 in employment,293,152,141
S01013158,1. Managers directors and senior officials,23,10,13
S01013158,2. Professional occupations,49,22,27
S01013158,3. Associate professional and technical occupations,53,36,17
S01013158,4. Administrative and secretarial occupations,51,12,39
S01013158,5. Skilled trades occupations,40,38,2
S01013158,6. Caring leisure and other service occupations,23,3,20
S01013158,7. Sales and customer service occupations,28,13,15
S01013158,8. Process plant and machine operatives,8,8,0
S01013158,9. Elementary occupations,18,10,8
S01013159,All people aged 16 to 74 in employment,367,192,175
S01013159,1. Managers directors and senior officials,28,22,6
S01013159,2. Professional occupations,54,18,36
S01013159,3. Associate professional and technical occupations,53,28,25
S01013159,4. Administrative and secretarial occupations,61,12,49
S01013159,5. Skilled trades occupations,46,42,4
S01013159,6. Caring leisure and other service occupations,28,9,19
S01013159,7. Sales and customer service occupations,37,12,25
S01013159,8. Process plant and machine operatives,26,24,2
S01013159,9. Elementary occupations,34,25,9
S01013160,All people aged 16 to 74 in employment,396,191,205
S01013160,1. Managers directors and senior officials,32,22,10
S01013160,2. Professional occupations,60,23,37
S01013160,3. Associate professional and technical occupations,59,40,19
S01013160,4. Administrative and secretarial occupations,84,9,75
S01013160,5. Skilled trades occupations,48,47,1
S01013160,6. Caring leisure and other service occupations,30,2,28
S01013160,7. Sales and customer service occupations,37,11,26
S01013160,8. Process plant and machine operatives,21,21,0
S01013160,9. Elementary occupations,25,16,9
S01013161,All people aged 16 to 74 in employment,506,260,246
S01013161,1. Managers directors and senior officials,28,19,9
S01013161,2. Professional occupations,61,21,40
S01013161,3. Associate professional and technical occupations,67,40,27
S01013161,4. Administrative and secretarial occupations,74,19,55
S01013161,5. Skilled trades occupations,74,73,1
S01013161,6. Caring leisure and other service occupations,65,7,58
S01013161,7. Sales and customer service occupations,47,13,34
S01013161,8. Process plant and machine operatives,42,38,4
S01013161,9. Elementary occupations,48,30,18
S01013162,All people aged 16 to 74 in employment,339,170,169
S01013162,1. Managers directors and senior officials,17,6,11
S01013162,2. Professional occupations,32,15,17
S01013162,3. Associate professional and technical occupations,44,15,29
S01013162,4. Administrative and secretarial occupations,47,7,40
S01013162,5. Skilled trades occupations,53,46,7
S01013162,6. Caring leisure and other service occupations,50,15,35
S01013162,7. Sales and customer service occupations,30,14,16
S01013162,8. Process plant and machine operatives,25,23,2
S01013162,9. Elementary occupations,41,29,12
S01013163,All people aged 16 to 74 in employment,401,208,193
S01013163,1. Managers directors and senior officials,26,14,12
S01013163,2. Professional occupations,60,23,37
S01013163,3. Associate professional and technical occupations,51,38,13
S01013163,4. Administrative and secretarial occupations,67,12,55
S01013163,5. Skilled trades occupations,63,61,2
S01013163,6. Caring leisure and other service occupations,39,8,31
S01013163,7. Sales and customer service occupations,40,9,31
S01013163,8. Process plant and machine operatives,26,25,1
S01013163,9. Elementary occupations,29,18,11
S01013164,All people aged 16 to 74 in employment,448,243,205
S01013164,1. Managers directors and senior officials,37,19,18
S01013164,2. Professional occupations,72,34,38
S01013164,3. Associate professional and technical occupations,57,39,18
S01013164,4. Administrative and secretarial occupations,63,8,55
S01013164,5. Skilled trades occupations,51,49,2
S01013164,6. Caring leisure and other service occupations,47,16,31
S01013164,7. Sales and customer service occupations,41,19,22
S01013164,8. Process plant and machine operatives,37,35,2
S01013164,9. Elementary occupations,43,24,19
S01013165,All people aged 16 to 74 in employment,405,201,204
S01013165,1. Managers directors and senior officials,24,15,9
S01013165,2. Professional occupations,64,28,36
S01013165,3. Associate professional and technical occupations,58,31,27
S01013165,4. Administrative and secretarial occupations,68,13,55
S01013165,5. Skilled trades occupations,64,60,4
S01013165,6. Caring leisure and other service occupations,47,9,38
S01013165,7. Sales and customer service occupations,44,19,25
S01013165,8. Process plant and machine operatives,14,13,1
S01013165,9. Elementary occupations,22,13,9
S01013166,All people aged 16 to 74 in employment,246,134,112
S01013166,1. Managers directors and senior officials,9,4,5
S01013166,2. Professional occupations,13,6,7
S01013166,3. Associate professional and technical occupations,16,10,6
S01013166,4. Administrative and secretarial occupations,37,11,26
S01013166,5. Skilled trades occupations,34,31,3
S01013166,6. Caring leisure and other service occupations,37,7,30
S01013166,7. Sales and customer service occupations,25,12,13
S01013166,8. Process plant and machine operatives,25,23,2
S01013166,9. Elementary occupations,50,30,20
S01013167,All people aged 16 to 74 in employment,253,134,119
S01013167,1. Managers directors and senior officials,9,3,6
S01013167,2. Professional occupations,18,7,11
S01013167,3. Associate professional and technical occupations,22,9,13
S01013167,4. Administrative and secretarial occupations,26,9,17
S01013167,5. Skilled trades occupations,40,38,2
S01013167,6. Caring leisure and other service occupations,34,6,28
S01013167,7. Sales and customer service occupations,35,15,20
S01013167,8. Process plant and machine operatives,27,24,3
S01013167,9. Elementary occupations,42,23,19
S01013168,All people aged 16 to 74 in employment,344,172,172
S01013168,1. Managers directors and senior officials,11,7,4
S01013168,2. Professional occupations,13,4,9
S01013168,3. Associate professional and technical occupations,36,24,12
S01013168,4. Administrative and secretarial occupations,42,6,36
S01013168,5. Skilled trades occupations,48,45,3
S01013168,6. Caring leisure and other service occupations,50,11,39
S01013168,7. Sales and customer service occupations,50,15,35
S01013168,8. Process plant and machine operatives,22,20,2
S01013168,9. Elementary occupations,72,40,32
S01013169,All people aged 16 to 74 in employment,321,166,155
S01013169,1. Managers directors and senior officials,12,8,4
S01013169,2. Professional occupations,26,6,20
S01013169,3. Associate professional and technical occupations,37,24,13
S01013169,4. Administrative and secretarial occupations,47,3,44
S01013169,5. Skilled trades occupations,50,49,1
S01013169,6. Caring leisure and other service occupations,45,11,34
S01013169,7. Sales and customer service occupations,39,11,28
S01013169,8. Process plant and machine operatives,31,30,1
S01013169,9. Elementary occupations,34,24,10
S01013170,All people aged 16 to 74 in employment,199,109,90
S01013170,1. Managers directors and senior officials,8,4,4
S01013170,2. Professional occupations,10,4,6
S01013170,3. Associate professional and technical occupations,19,14,5
S01013170,4. Administrative and secretarial occupations,36,9,27
S01013170,5. Skilled trades occupations,34,31,3
S01013170,6. Caring leisure and other service occupations,25,5,20
S01013170,7. Sales and customer service occupations,17,5,12
S01013170,8. Process plant and machine operatives,23,22,1
S01013170,9. Elementary occupations,27,15,12
S01013171,All people aged 16 to 74 in employment,334,160,174
S01013171,1. Managers directors and senior officials,19,9,10
S01013171,2. Professional occupations,60,29,31
S01013171,3. Associate professional and technical occupations,55,33,22
S01013171,4. Administrative and secretarial occupations,59,11,48
S01013171,5. Skilled trades occupations,40,39,1
S01013171,6. Caring leisure and other service occupations,26,5,21
S01013171,7. Sales and customer service occupations,29,1,28
S01013171,8. Process plant and machine operatives,24,22,2
S01013171,9. Elementary occupations,22,11,11
S01013172,All people aged 16 to 74 in employment,348,157,191
S01013172,1. Managers directors and senior officials,24,15,9
S01013172,2. Professional occupations,32,15,17
S01013172,3. Associate professional and technical occupations,45,25,20
S01013172,4. Administrative and secretarial occupations,68,13,55
S01013172,5. Skilled trades occupations,43,37,6
S01013172,6. Caring leisure and other service occupations,43,5,38
S01013172,7. Sales and customer service occupations,47,12,35
S01013172,8. Process plant and machine operatives,23,22,1
S01013172,9. Elementary occupations,23,13,10
S01013173,All people aged 16 to 74 in employment,436,214,222
S01013173,1. Managers directors and senior officials,37,24,13
S01013173,2. Professional occupations,58,25,33
S01013173,3. Associate professional and technical occupations,54,34,20
S01013173,4. Administrative and secretarial occupations,71,10,61
S01013173,5. Skilled trades occupations,44,41,3
S01013173,6. Caring leisure and other service occupations,61,15,46
S01013173,7. Sales and customer service occupations,39,15,24
S01013173,8. Process plant and machine operatives,40,34,6
S01013173,9. Elementary occupations,32,16,16
S01013174,All people aged 16 to 74 in employment,458,233,225
S01013174,1. Managers directors and senior officials,36,28,8
S01013174,2. Professional occupations,101,45,56
S01013174,3. Associate professional and technical occupations,69,41,28
S01013174,4. Administrative and secretarial occupations,60,7,53
S01013174,5. Skilled trades occupations,65,62,3
S01013174,6. Caring leisure and other service occupations,43,6,37
S01013174,7. Sales and customer service occupations,40,7,33
S01013174,8. Process plant and machine operatives,24,23,1
S01013174,9. Elementary occupations,20,14,6
S01013175,All people aged 16 to 74 in employment,452,221,231
S01013175,1. Managers directors and senior officials,45,28,17
S01013175,2. Professional occupations,99,39,60
S01013175,3. Associate professional and technical occupations,65,34,31
S01013175,4. Administrative and secretarial occupations,62,10,52
S01013175,5. Skilled trades occupations,53,49,4
S01013175,6. Caring leisure and other service occupations,49,13,36
S01013175,7. Sales and customer service occupations,35,14,21
S01013175,8. Process plant and machine operatives,25,21,4
S01013175,9. Elementary occupations,19,13,6
S01013176,All people aged 16 to 74 in employment,371,183,188
S01013176,1. Managers directors and senior officials,37,24,13
S01013176,2. Professional occupations,52,25,27
S01013176,3. Associate professional and technical occupations,56,35,21
S01013176,4. Administrative and secretarial occupations,65,13,52
S01013176,5. Skilled trades occupations,40,37,3
S01013176,6. Caring leisure and other service occupations,40,5,35
S01013176,7. Sales and customer service occupations,31,9,22
S01013176,8. Process plant and machine operatives,21,21,0
S01013176,9. Elementary occupations,29,14,15
S01013177,All people aged 16 to 74 in employment,336,176,160
S01013177,1. Managers directors and senior officials,26,13,13
S01013177,2. Professional occupations,61,27,34
S01013177,3. Associate professional and technical occupations,52,28,24
S01013177,4. Administrative and secretarial occupations,57,15,42
S01013177,5. Skilled trades occupations,42,42,0
S01013177,6. Caring leisure and other service occupations,22,3,19
S01013177,7. Sales and customer service occupations,27,12,15
S01013177,8. Process plant and machine operatives,27,24,3
S01013177,9. Elementary occupations,22,12,10
S01013178,All people aged 16 to 74 in employment,380,184,196
S01013178,1. Managers directors and senior officials,27,16,11
S01013178,2. Professional occupations,63,25,38
S01013178,3. Associate professional and technical occupations,54,26,28
S01013178,4. Administrative and secretarial occupations,56,14,42
S01013178,5. Skilled trades occupations,53,51,2
S01013178,6. Caring leisure and other service occupations,49,9,40
S01013178,7. Sales and customer service occupations,33,13,20
S01013178,8. Process plant and machine operatives,16,13,3
S01013178,9. Elementary occupations,29,17,12
S01013179,All people aged 16 to 74 in employment,409,204,205
S01013179,1. Managers directors and senior officials,40,24,16
S01013179,2. Professional occupations,48,18,30
S01013179,3. Associate professional and technical occupations,46,28,18
S01013179,4. Administrative and secretarial occupations,57,12,45
S01013179,5. Skilled trades occupations,50,46,4
S01013179,6. Caring leisure and other service occupations,50,13,37
S01013179,7. Sales and customer service occupations,42,12,30
S01013179,8. Process plant and machine operatives,34,30,4
S01013179,9. Elementary occupations,42,21,21
S01013180,All people aged 16 to 74 in employment,253,125,128
S01013180,1. Managers directors and senior officials,20,8,12
S01013180,2. Professional occupations,36,15,21
S01013180,3. Associate professional and technical occupations,36,20,16
S01013180,4. Administrative and secretarial occupations,48,8,40
S01013180,5. Skilled trades occupations,31,29,2
S01013180,6. Caring leisure and other service occupations,13,2,11
S01013180,7. Sales and customer service occupations,25,13,12
S01013180,8. Process plant and machine operatives,15,13,2
S01013180,9. Elementary occupations,29,17,12
S01013181,All people aged 16 to 74 in employment,363,180,183
S01013181,1. Managers directors and senior officials,25,14,11
S01013181,2. Professional occupations,48,17,31
S01013181,3. Associate professional and technical occupations,45,20,25
S01013181,4. Administrative and secretarial occupations,61,11,50
S01013181,5. Skilled trades occupations,46,45,1
S01013181,6. Caring leisure and other service occupations,37,9,28
S01013181,7. Sales and customer service occupations,27,10,17
S01013181,8. Process plant and machine operatives,36,31,5
S01013181,9. Elementary occupations,38,23,15
S01013182,All people aged 16 to 74 in employment,310,163,147
S01013182,1. Managers directors and senior officials,16,8,8
S01013182,2. Professional occupations,35,14,21
S01013182,3. Associate professional and technical occupations,31,20,11
S01013182,4. Administrative and secretarial occupations,35,11,24
S01013182,5. Skilled trades occupations,36,32,4
S01013182,6. Caring leisure and other service occupations,44,12,32
S01013182,7. Sales and customer service occupations,29,9,20
S01013182,8. Process plant and machine operatives,34,29,5
S01013182,9. Elementary occupations,50,28,22
S01013183,All people aged 16 to 74 in employment,458,249,209
S01013183,1. Managers directors and senior officials,26,13,13
S01013183,2. Professional occupations,82,38,44
S01013183,3. Associate professional and technical occupations,88,60,28
S01013183,4. Administrative and secretarial occupations,72,17,55
S01013183,5. Skilled trades occupations,55,52,3
S01013183,6. Caring leisure and other service occupations,44,9,35
S01013183,7. Sales and customer service occupations,29,12,17
S01013183,8. Process plant and machine operatives,27,24,3
S01013183,9. Elementary occupations,35,24,11
S01013184,All people aged 16 to 74 in employment,213,101,112
S01013184,1. Managers directors and senior officials,4,2,2
S01013184,2. Professional occupations,8,2,6
S01013184,3. Associate professional and technical occupations,14,11,3
S01013184,4. Administrative and secretarial occupations,27,7,20
S01013184,5. Skilled trades occupations,24,17,7
S01013184,6. Caring leisure and other service occupations,52,10,42
S01013184,7. Sales and customer service occupations,21,9,12
S01013184,8. Process plant and machine operatives,19,17,2
S01013184,9. Elementary occupations,44,26,18
S01013185,All people aged 16 to 74 in employment,323,151,172
S01013185,1. Managers directors and senior officials,19,12,7
S01013185,2. Professional occupations,27,13,14
S01013185,3. Associate professional and technical occupations,29,12,17
S01013185,4. Administrative and secretarial occupations,42,9,33
S01013185,5. Skilled trades occupations,39,33,6
S01013185,6. Caring leisure and other service occupations,55,9,46
S01013185,7. Sales and customer service occupations,42,16,26
S01013185,8. Process plant and machine operatives,26,22,4
S01013185,9. Elementary occupations,44,25,19
S01013186,All people aged 16 to 74 in employment,293,139,154
S01013186,1. Managers directors and senior officials,12,7,5
S01013186,2. Professional occupations,7,4,3
S01013186,3. Associate professional and technical occupations,21,13,8
S01013186,4. Administrative and secretarial occupations,42,8,34
S01013186,5. Skilled trades occupations,42,37,5
S01013186,6. Caring leisure and other service occupations,45,8,37
S01013186,7. Sales and customer service occupations,39,10,29
S01013186,8. Process plant and machine operatives,33,26,7
S01013186,9. Elementary occupations,52,26,26
S01013187,All people aged 16 to 74 in employment,352,168,184
S01013187,1. Managers directors and senior officials,18,6,12
S01013187,2. Professional occupations,38,14,24
S01013187,3. Associate professional and technical occupations,47,29,18
S01013187,4. Administrative and secretarial occupations,45,12,33
S01013187,5. Skilled trades occupations,44,39,5
S01013187,6. Caring leisure and other service occupations,49,9,40
S01013187,7. Sales and customer service occupations,31,11,20
S01013187,8. Process plant and machine operatives,33,23,10
S01013187,9. Elementary occupations,47,25,22
S01013188,All people aged 16 to 74 in employment,469,235,234
S01013188,1. Managers directors and senior officials,22,8,14
S01013188,2. Professional occupations,62,27,35
S01013188,3. Associate professional and technical occupations,77,44,33
S01013188,4. Administrative and secretarial occupations,55,11,44
S01013188,5. Skilled trades occupations,53,49,4
S01013188,6. Caring leisure and other service occupations,53,14,39
S01013188,7. Sales and customer service occupations,53,11,42
S01013188,8. Process plant and machine operatives,40,36,4
S01013188,9. Elementary occupations,54,35,19
S01013189,All people aged 16 to 74 in employment,318,160,158
S01013189,1. Managers directors and senior officials,18,11,7
S01013189,2. Professional occupations,56,20,36
S01013189,3. Associate professional and technical occupations,35,22,13
S01013189,4. Administrative and secretarial occupations,38,10,28
S01013189,5. Skilled trades occupations,40,39,1
S01013189,6. Caring leisure and other service occupations,30,9,21
S01013189,7. Sales and customer service occupations,45,17,28
S01013189,8. Process plant and machine operatives,16,11,5
S01013189,9. Elementary occupations,40,21,19
S01013190,All people aged 16 to 74 in employment,378,189,189
S01013190,1. Managers directors and senior officials,27,11,16
S01013190,2. Professional occupations,52,16,36
S01013190,3. Associate professional and technical occupations,55,36,19
S01013190,4. Administrative and secretarial occupations,44,10,34
S01013190,5. Skilled trades occupations,39,36,3
S01013190,6. Caring leisure and other service occupations,44,13,31
S01013190,7. Sales and customer service occupations,32,12,20
S01013190,8. Process plant and machine operatives,35,32,3
S01013190,9. Elementary occupations,50,23,27
S01013191,All people aged 16 to 74 in employment,587,298,289
S01013191,1. Managers directors and senior officials,53,34,19
S01013191,2. Professional occupations,122,56,66
S01013191,3. Associate professional and technical occupations,108,63,45
S01013191,4. Administrative and secretarial occupations,85,12,73
S01013191,5. Skilled trades occupations,62,59,3
S01013191,6. Caring leisure and other service occupations,34,5,29
S01013191,7. Sales and customer service occupations,39,10,29
S01013191,8. Process plant and machine operatives,35,32,3
S01013191,9. Elementary occupations,49,27,22
S01013192,All people aged 16 to 74 in employment,447,219,228
S01013192,1. Managers directors and senior officials,32,17,15
S01013192,2. Professional occupations,87,35,52
S01013192,3. Associate professional and technical occupations,78,50,28
S01013192,4. Administrative and secretarial occupations,65,8,57
S01013192,5. Skilled trades occupations,43,40,3
S01013192,6. Caring leisure and other service occupations,40,9,31
S01013192,7. Sales and customer service occupations,41,16,25
S01013192,8. Process plant and machine operatives,27,23,4
S01013192,9. Elementary occupations,34,21,13
S01013193,All people aged 16 to 74 in employment,362,184,178
S01013193,1. Managers directors and senior officials,22,14,8
S01013193,2. Professional occupations,47,19,28
S01013193,3. Associate professional and technical occupations,66,37,29
S01013193,4. Administrative and secretarial occupations,62,11,51
S01013193,5. Skilled trades occupations,47,43,4
S01013193,6. Caring leisure and other service occupations,41,9,32
S01013193,7. Sales and customer service occupations,22,11,11
S01013193,8. Process plant and machine operatives,25,24,1
S01013193,9. Elementary occupations,30,16,14
S01013194,All people aged 16 to 74 in employment,328,177,151
S01013194,1. Managers directors and senior officials,23,13,10
S01013194,2. Professional occupations,41,21,20
S01013194,3. Associate professional and technical occupations,43,27,16
S01013194,4. Administrative and secretarial occupations,45,17,28
S01013194,5. Skilled trades occupations,44,42,2
S01013194,6. Caring leisure and other service occupations,40,7,33
S01013194,7. Sales and customer service occupations,39,13,26
S01013194,8. Process plant and machine operatives,23,18,5
S01013194,9. Elementary occupations,30,19,11
S01013195,All people aged 16 to 74 in employment,525,280,245
S01013195,1. Managers directors and senior officials,33,16,17
S01013195,2. Professional occupations,82,50,32
S01013195,3. Associate professional and technical occupations,75,43,32
S01013195,4. Administrative and secretarial occupations,71,20,51
S01013195,5. Skilled trades occupations,63,57,6
S01013195,6. Caring leisure and other service occupations,50,9,41
S01013195,7. Sales and customer service occupations,57,18,39
S01013195,8. Process plant and machine operatives,39,33,6
S01013195,9. Elementary occupations,55,34,21
S01013196,All people aged 16 to 74 in employment,389,210,179
S01013196,1. Managers directors and senior officials,26,13,13
S01013196,2. Professional occupations,61,25,36
S01013196,3. Associate professional and technical occupations,63,40,23
S01013196,4. Administrative and secretarial occupations,49,10,39
S01013196,5. Skilled trades occupations,48,46,2
S01013196,6. Caring leisure and other service occupations,43,12,31
S01013196,7. Sales and customer service occupations,34,18,16
S01013196,8. Process plant and machine operatives,30,21,9
S01013196,9. Elementary occupations,35,25,10
S01013197,All people aged 16 to 74 in employment,255,134,121
S01013197,1. Managers directors and senior officials,24,16,8
S01013197,2. Professional occupations,45,21,24
S01013197,3. Associate professional and technical occupations,40,24,16
S01013197,4. Administrative and secretarial occupations,42,11,31
S01013197,5. Skilled trades occupations,25,24,1
S01013197,6. Caring leisure and other service occupations,30,7,23
S01013197,7. Sales and customer service occupations,15,6,9
S01013197,8. Process plant and machine operatives,14,14,0
S01013197,9. Elementary occupations,20,11,9
S01013198,All people aged 16 to 74 in employment,340,170,170
S01013198,1. Managers directors and senior officials,24,14,10
S01013198,2. Professional occupations,32,13,19
S01013198,3. Associate professional and technical occupations,37,21,16
S01013198,4. Administrative and secretarial occupations,52,8,44
S01013198,5. Skilled trades occupations,44,42,2
S01013198,6. Caring leisure and other service occupations,50,13,37
S01013198,7. Sales and customer service occupations,29,13,16
S01013198,8. Process plant and machine operatives,32,25,7
S01013198,9. Elementary occupations,40,21,19
S01013199,All people aged 16 to 74 in employment,403,204,199
S01013199,1. Managers directors and senior officials,32,18,14
S01013199,2. Professional occupations,97,39,58
S01013199,3. Associate professional and technical occupations,70,43,27
S01013199,4. Administrative and secretarial occupations,50,14,36
S01013199,5. Skilled trades occupations,34,31,3
S01013199,6. Caring leisure and other service occupations,41,11,30
S01013199,7. Sales and customer service occupations,23,9,14
S01013199,8. Process plant and machine operatives,23,19,4
S01013199,9. Elementary occupations,33,20,13
S01013200,All people aged 16 to 74 in employment,306,151,155
S01013200,1. Managers directors and senior officials,18,12,6
S01013200,2. Professional occupations,46,16,30
S01013200,3. Associate professional and technical occupations,59,36,23
S01013200,4. Administrative and secretarial occupations,36,10,26
S01013200,5. Skilled trades occupations,28,23,5
S01013200,6. Caring leisure and other service occupations,31,8,23
S01013200,7. Sales and customer service occupations,41,15,26
S01013200,8. Process plant and machine operatives,17,14,3
S01013200,9. Elementary occupations,30,17,13
S01013201,All people aged 16 to 74 in employment,262,134,128
S01013201,1. Managers directors and senior officials,6,4,2
S01013201,2. Professional occupations,27,13,14
S01013201,3. Associate professional and technical occupations,42,24,18
S01013201,4. Administrative and secretarial occupations,28,10,18
S01013201,5. Skilled trades occupations,21,20,1
S01013201,6. Caring leisure and other service occupations,35,7,28
S01013201,7. Sales and customer service occupations,21,6,15
S01013201,8. Process plant and machine operatives,25,25,0
S01013201,9. Elementary occupations,57,25,32
S01013202,All people aged 16 to 74 in employment,205,103,102
S01013202,1. Managers directors and senior officials,7,3,4
S01013202,2. Professional occupations,25,10,15
S01013202,3. Associate professional and technical occupations,22,12,10
S01013202,4. Administrative and secretarial occupations,19,7,12
S01013202,5. Skilled trades occupations,17,14,3
S01013202,6. Caring leisure and other service occupations,34,9,25
S01013202,7. Sales and customer service occupations,24,9,15
S01013202,8. Process plant and machine operatives,16,15,1
S01013202,9. Elementary occupations,41,24,17
S01013203,All people aged 16 to 74 in employment,299,155,144
S01013203,1. Managers directors and senior officials,10,5,5
S01013203,2. Professional occupations,39,13,26
S01013203,3. Associate professional and technical occupations,30,19,11
S01013203,4. Administrative and secretarial occupations,38,12,26
S01013203,5. Skilled trades occupations,35,33,2
S01013203,6. Caring leisure and other service occupations,38,3,35
S01013203,7. Sales and customer service occupations,30,10,20
S01013203,8. Process plant and machine operatives,30,29,1
S01013203,9. Elementary occupations,49,31,18
S01013204,All people aged 16 to 74 in employment,422,209,213
S01013204,1. Managers directors and senior officials,19,10,9
S01013204,2. Professional occupations,63,33,30
S01013204,3. Associate professional and technical occupations,74,43,31
S01013204,4. Administrative and secretarial occupations,57,9,48
S01013204,5. Skilled trades occupations,37,36,1
S01013204,6. Caring leisure and other service occupations,51,6,45
S01013204,7. Sales and customer service occupations,30,9,21
S01013204,8. Process plant and machine operatives,39,32,7
S01013204,9. Elementary occupations,52,31,21
S01013205,All people aged 16 to 74 in employment,216,109,107
S01013205,1. Managers directors and senior officials,7,3,4
S01013205,2. Professional occupations,14,5,9
S01013205,3. Associate professional and technical occupations,22,10,12
S01013205,4. Administrative and secretarial occupations,22,9,13
S01013205,5. Skilled trades occupations,30,23,7
S01013205,6. Caring leisure and other service occupations,28,4,24
S01013205,7. Sales and customer service occupations,26,6,20
S01013205,8. Process plant and machine operatives,27,21,6
S01013205,9. Elementary occupations,40,28,12
S01013206,All people aged 16 to 74 in employment,255,133,122
S01013206,1. Managers directors and senior officials,14,6,8
S01013206,2. Professional occupations,25,10,15
S01013206,3. Associate professional and technical occupations,15,10,5
S01013206,4. Administrative and secretarial occupations,25,4,21
S01013206,5. Skilled trades occupations,34,30,4
S01013206,6. Caring leisure and other service occupations,40,12,28
S01013206,7. Sales and customer service occupations,17,6,11
S01013206,8. Process plant and machine operatives,34,26,8
S01013206,9. Elementary occupations,51,29,22
S01013207,All people aged 16 to 74 in employment,350,160,190
S01013207,1. Managers directors and senior officials,16,4,12
S01013207,2. Professional occupations,37,12,25
S01013207,3. Associate professional and technical occupations,39,19,20
S01013207,4. Administrative and secretarial occupations,59,13,46
S01013207,5. Skilled trades occupations,46,40,6
S01013207,6. Caring leisure and other service occupations,38,8,30
S01013207,7. Sales and customer service occupations,30,7,23
S01013207,8. Process plant and machine operatives,34,28,6
S01013207,9. Elementary occupations,51,29,22
S01013208,All people aged 16 to 74 in employment,389,193,196
S01013208,1. Managers directors and senior officials,21,8,13
S01013208,2. Professional occupations,34,13,21
S01013208,3. Associate professional and technical occupations,49,29,20
S01013208,4. Administrative and secretarial occupations,37,7,30
S01013208,5. Skilled trades occupations,43,34,9
S01013208,6. Caring leisure and other service occupations,60,13,47
S01013208,7. Sales and customer service occupations,37,13,24
S01013208,8. Process plant and machine operatives,47,42,5
S01013208,9. Elementary occupations,61,34,27
S01013209,All people aged 16 to 74 in employment,384,188,196
S01013209,1. Managers directors and senior officials,18,11,7
S01013209,2. Professional occupations,42,13,29
S01013209,3. Associate professional and technical occupations,51,25,26
S01013209,4. Administrative and secretarial occupations,65,16,49
S01013209,5. Skilled trades occupations,58,50,8
S01013209,6. Caring leisure and other service occupations,48,14,34
S01013209,7. Sales and customer service occupations,38,11,27
S01013209,8. Process plant and machine operatives,29,25,4
S01013209,9. Elementary occupations,35,23,12
S01013210,All people aged 16 to 74 in employment,317,165,152
S01013210,1. Managers directors and senior officials,23,12,11
S01013210,2. Professional occupations,45,22,23
S01013210,3. Associate professional and technical occupations,46,25,21
S01013210,4. Administrative and secretarial occupations,48,6,42
S01013210,5. Skilled trades occupations,48,47,1
S01013210,6. Caring leisure and other service occupations,28,6,22
S01013210,7. Sales and customer service occupations,31,11,20
S01013210,8. Process plant and machine operatives,19,15,4
S01013210,9. Elementary occupations,29,21,8
S01013211,All people aged 16 to 74 in employment,461,224,237
S01013211,1. Managers directors and senior officials,28,11,17
S01013211,2. Professional occupations,44,24,20
S01013211,3. Associate professional and technical occupations,50,28,22
S01013211,4. Administrative and secretarial occupations,70,16,54
S01013211,5. Skilled trades occupations,56,53,3
S01013211,6. Caring leisure and other service occupations,56,15,41
S01013211,7. Sales and customer service occupations,52,9,43
S01013211,8. Process plant and machine operatives,43,34,9
S01013211,9. Elementary occupations,62,34,28
S01013212,All people aged 16 to 74 in employment,380,201,179
S01013212,1. Managers directors and senior officials,20,9,11
S01013212,2. Professional occupations,61,27,34
S01013212,3. Associate professional and technical occupations,47,35,12
S01013212,4. Administrative and secretarial occupations,59,9,50
S01013212,5. Skilled trades occupations,54,52,2
S01013212,6. Caring leisure and other service occupations,40,9,31
S01013212,7. Sales and customer service occupations,32,12,20
S01013212,8. Process plant and machine operatives,27,26,1
S01013212,9. Elementary occupations,40,22,18
S01013213,All people aged 16 to 74 in employment,338,169,169
S01013213,1. Managers directors and senior officials,24,19,5
S01013213,2. Professional occupations,41,20,21
S01013213,3. Associate professional and technical occupations,59,33,26
S01013213,4. Administrative and secretarial occupations,49,6,43
S01013213,5. Skilled trades occupations,51,47,4
S01013213,6. Caring leisure and other service occupations,34,7,27
S01013213,7. Sales and customer service occupations,25,6,19
S01013213,8. Process plant and machine operatives,17,14,3
S01013213,9. Elementary occupations,38,17,21
S01013214,All people aged 16 to 74 in employment,273,143,130
S01013214,1. Managers directors and senior officials,16,8,8
S01013214,2. Professional occupations,32,13,19
S01013214,3. Associate professional and technical occupations,53,33,20
S01013214,4. Administrative and secretarial occupations,37,6,31
S01013214,5. Skilled trades occupations,36,34,2
S01013214,6. Caring leisure and other service occupations,23,4,19
S01013214,7. Sales and customer service occupations,23,7,16
S01013214,8. Process plant and machine operatives,27,23,4
S01013214,9. Elementary occupations,26,15,11
S01013215,All people aged 16 to 74 in employment,439,222,217
S01013215,1. Managers directors and senior officials,25,16,9
S01013215,2. Professional occupations,41,11,30
S01013215,3. Associate professional and technical occupations,48,28,20
S01013215,4. Administrative and secretarial occupations,64,15,49
S01013215,5. Skilled trades occupations,59,56,3
S01013215,6. Caring leisure and other service occupations,62,12,50
S01013215,7. Sales and customer service occupations,40,13,27
S01013215,8. Process plant and machine operatives,41,37,4
S01013215,9. Elementary occupations,59,34,25
S01013216,All people aged 16 to 74 in employment,265,132,133
S01013216,1. Managers directors and senior officials,16,11,5
S01013216,2. Professional occupations,7,3,4
S01013216,3. Associate professional and technical occupations,25,17,8
S01013216,4. Administrative and secretarial occupations,34,5,29
S01013216,5. Skilled trades occupations,34,30,4
S01013216,6. Caring leisure and other service occupations,39,7,32
S01013216,7. Sales and customer service occupations,29,8,21
S01013216,8. Process plant and machine operatives,25,21,4
S01013216,9. Elementary occupations,56,30,26
S01013217,All people aged 16 to 74 in employment,333,164,169
S01013217,1. Managers directors and senior officials,15,9,6
S01013217,2. Professional occupations,23,10,13
S01013217,3. Associate professional and technical occupations,32,25,7
S01013217,4. Administrative and secretarial occupations,47,9,38
S01013217,5. Skilled trades occupations,34,30,4
S01013217,6. Caring leisure and other service occupations,44,10,34
S01013217,7. Sales and customer service occupations,43,11,32
S01013217,8. Process plant and machine operatives,42,36,6
S01013217,9. Elementary occupations,53,24,29
S01013218,All people aged 16 to 74 in employment,239,113,126
S01013218,1. Managers directors and senior officials,11,4,7
S01013218,2. Professional occupations,9,3,6
S01013218,3. Associate professional and technical occupations,20,11,9
S01013218,4. Administrative and secretarial occupations,24,4,20
S01013218,5. Skilled trades occupations,17,17,0
S01013218,6. Caring leisure and other service occupations,41,7,34
S01013218,7. Sales and customer service occupations,32,11,21
S01013218,8. Process plant and machine operatives,40,35,5
S01013218,9. Elementary occupations,45,21,24
S01013219,All people aged 16 to 74 in employment,230,111,119
S01013219,1. Managers directors and senior officials,6,4,2
S01013219,2. Professional occupations,15,6,9
S01013219,3. Associate professional and technical occupations,24,18,6
S01013219,4. Administrative and secretarial occupations,18,3,15
S01013219,5. Skilled trades occupations,20,17,3
S01013219,6. Caring leisure and other service occupations,35,5,30
S01013219,7. Sales and customer service occupations,34,5,29
S01013219,8. Process plant and machine operatives,29,26,3
S01013219,9. Elementary occupations,49,27,22
S01013220,All people aged 16 to 74 in employment,248,129,119
S01013220,1. Managers directors and senior officials,8,3,5
S01013220,2. Professional occupations,11,5,6
S01013220,3. Associate professional and technical occupations,24,13,11
S01013220,4. Administrative and secretarial occupations,32,8,24
S01013220,5. Skilled trades occupations,43,38,5
S01013220,6. Caring leisure and other service occupations,37,6,31
S01013220,7. Sales and customer service occupations,26,9,17
S01013220,8. Process plant and machine operatives,24,21,3
S01013220,9. Elementary occupations,43,26,17
S01013221,All people aged 16 to 74 in employment,395,193,202
S01013221,1. Managers directors and senior officials,14,8,6
S01013221,2. Professional occupations,24,13,11
S01013221,3. Associate professional and technical occupations,35,18,17
S01013221,4. Administrative and secretarial occupations,61,8,53
S01013221,5. Skilled trades occupations,57,49,8
S01013221,6. Caring leisure and other service occupations,55,9,46
S01013221,7. Sales and customer service occupations,45,13,32
S01013221,8. Process plant and machine operatives,42,38,4
S01013221,9. Elementary occupations,62,37,25
S01013222,All people aged 16 to 74 in employment,216,99,117
S01013222,1. Managers directors and senior officials,15,7,8
S01013222,2. Professional occupations,20,9,11
S01013222,3. Associate professional and technical occupations,18,10,8
S01013222,4. Administrative and secretarial occupations,20,1,19
S01013222,5. Skilled trades occupations,24,21,3
S01013222,6. Caring leisure and other service occupations,33,9,24
S01013222,7. Sales and customer service occupations,27,6,21
S01013222,8. Process plant and machine operatives,19,17,2
S01013222,9. Elementary occupations,40,19,21
S01013223,All people aged 16 to 74 in employment,443,226,217
S01013223,1. Managers directors and senior officials,39,20,19
S01013223,2. Professional occupations,53,21,32
S01013223,3. Associate professional and technical occupations,70,46,24
S01013223,4. Administrative and secretarial occupations,58,7,51
S01013223,5. Skilled trades occupations,70,67,3
S01013223,6. Caring leisure and other service occupations,37,10,27
S01013223,7. Sales and customer service occupations,36,9,27
S01013223,8. Process plant and machine operatives,34,26,8
S01013223,9. Elementary occupations,46,20,26
S01013224,All people aged 16 to 74 in employment,415,204,211
S01013224,1. Managers directors and senior officials,24,16,8
S01013224,2. Professional occupations,39,17,22
S01013224,3. Associate professional and technical occupations,53,27,26
S01013224,4. Administrative and secretarial occupations,43,13,30
S01013224,5. Skilled trades occupations,53,51,2
S01013224,6. Caring leisure and other service occupations,68,14,54
S01013224,7. Sales and customer service occupations,45,13,32
S01013224,8. Process plant and machine operatives,37,26,11
S01013224,9. Elementary occupations,53,27,26
S01013225,All people aged 16 to 74 in employment,328,159,169
S01013225,1. Managers directors and senior officials,16,8,8
S01013225,2. Professional occupations,35,12,23
S01013225,3. Associate professional and technical occupations,38,26,12
S01013225,4. Administrative and secretarial occupations,30,8,22
S01013225,5. Skilled trades occupations,38,36,2
S01013225,6. Caring leisure and other service occupations,42,5,37
S01013225,7. Sales and customer service occupations,31,8,23
S01013225,8. Process plant and machine operatives,30,25,5
S01013225,9. Elementary occupations,68,31,37
S01013226,All people aged 16 to 74 in employment,287,138,149
S01013226,1. Managers directors and senior officials,29,15,14
S01013226,2. Professional occupations,33,15,18
S01013226,3. Associate professional and technical occupations,40,27,13
S01013226,4. Administrative and secretarial occupations,43,2,41
S01013226,5. Skilled trades occupations,25,24,1
S01013226,6. Caring leisure and other service occupations,35,10,25
S01013226,7. Sales and customer service occupations,20,2,18
S01013226,8. Process plant and machine operatives,28,23,5
S01013226,9. Elementary occupations,34,20,14
S01013227,All people aged 16 to 74 in employment,258,131,127
S01013227,1. Managers directors and senior officials,17,8,9
S01013227,2. Professional occupations,15,4,11
S01013227,3. Associate professional and technical occupations,35,23,12
S01013227,4. Administrative and secretarial occupations,34,9,25
S01013227,5. Skilled trades occupations,38,33,5
S01013227,6. Caring leisure and other service occupations,29,2,27
S01013227,7. Sales and customer service occupations,19,6,13
S01013227,8. Process plant and machine operatives,26,19,7
S01013227,9. Elementary occupations,45,27,18
S01013228,All people aged 16 to 74 in employment,357,186,171
S01013228,1. Managers directors and senior officials,21,11,10
S01013228,2. Professional occupations,38,22,16
S01013228,3. Associate professional and technical occupations,44,22,22
S01013228,4. Administrative and secretarial occupations,45,5,40
S01013228,5. Skilled trades occupations,48,46,2
S01013228,6. Caring leisure and other service occupations,43,8,35
S01013228,7. Sales and customer service occupations,32,11,21
S01013228,8. Process plant and machine operatives,32,29,3
S01013228,9. Elementary occupations,54,32,22
S01013229,All people aged 16 to 74 in employment,337,159,178
S01013229,1. Managers directors and senior officials,16,9,7
S01013229,2. Professional occupations,34,14,20
S01013229,3. Associate professional and technical occupations,36,21,15
S01013229,4. Administrative and secretarial occupations,46,12,34
S01013229,5. Skilled trades occupations,42,37,5
S01013229,6. Caring leisure and other service occupations,49,12,37
S01013229,7. Sales and customer service occupations,28,9,19
S01013229,8. Process plant and machine operatives,27,25,2
S01013229,9. Elementary occupations,59,20,39
S01013230,All people aged 16 to 74 in employment,282,143,139
S01013230,1. Managers directors and senior officials,8,2,6
S01013230,2. Professional occupations,29,9,20
S01013230,3. Associate professional and technical occupations,31,22,9
S01013230,4. Administrative and secretarial occupations,42,9,33
S01013230,5. Skilled trades occupations,46,43,3
S01013230,6. Caring leisure and other service occupations,35,5,30
S01013230,7. Sales and customer service occupations,20,7,13
S01013230,8. Process plant and machine operatives,25,20,5
S01013230,9. Elementary occupations,46,26,20
S01013231,All people aged 16 to 74 in employment,350,163,187
S01013231,1. Managers directors and senior officials,15,6,9
S01013231,2. Professional occupations,36,9,27
S01013231,3. Associate professional and technical occupations,40,22,18
S01013231,4. Administrative and secretarial occupations,46,10,36
S01013231,5. Skilled trades occupations,36,35,1
S01013231,6. Caring leisure and other service occupations,57,11,46
S01013231,7. Sales and customer service occupations,35,10,25
S01013231,8. Process plant and machine operatives,35,33,2
S01013231,9. Elementary occupations,50,27,23
S01013232,All people aged 16 to 74 in employment,295,151,144
S01013232,1. Managers directors and senior officials,14,10,4
S01013232,2. Professional occupations,23,7,16
S01013232,3. Associate professional and technical occupations,41,18,23
S01013232,4. Administrative and secretarial occupations,40,9,31
S01013232,5. Skilled trades occupations,37,36,1
S01013232,6. Caring leisure and other service occupations,34,9,25
S01013232,7. Sales and customer service occupations,24,6,18
S01013232,8. Process plant and machine operatives,30,28,2
S01013232,9. Elementary occupations,52,28,24
S01013233,All people aged 16 to 74 in employment,292,162,130
S01013233,1. Managers directors and senior officials,21,15,6
S01013233,2. Professional occupations,35,17,18
S01013233,3. Associate professional and technical occupations,43,28,15
S01013233,4. Administrative and secretarial occupations,41,11,30
S01013233,5. Skilled trades occupations,44,40,4
S01013233,6. Caring leisure and other service occupations,31,11,20
S01013233,7. Sales and customer service occupations,25,5,20
S01013233,8. Process plant and machine operatives,19,15,4
S01013233,9. Elementary occupations,33,20,13
S01013234,All people aged 16 to 74 in employment,235,123,112
S01013234,1. Managers directors and senior officials,32,22,10
S01013234,2. Professional occupations,46,18,28
S01013234,3. Associate professional and technical occupations,48,29,19
S01013234,4. Administrative and secretarial occupations,33,6,27
S01013234,5. Skilled trades occupations,20,19,1
S01013234,6. Caring leisure and other service occupations,13,2,11
S01013234,7. Sales and customer service occupations,24,10,14
S01013234,8. Process plant and machine operatives,8,8,0
S01013234,9. Elementary occupations,11,9,2
S01013235,All people aged 16 to 74 in employment,396,219,177
S01013235,1. Managers directors and senior officials,24,15,9
S01013235,2. Professional occupations,47,21,26
S01013235,3. Associate professional and technical occupations,59,32,27
S01013235,4. Administrative and secretarial occupations,60,15,45
S01013235,5. Skilled trades occupations,60,58,2
S01013235,6. Caring leisure and other service occupations,48,9,39
S01013235,7. Sales and customer service occupations,29,13,16
S01013235,8. Process plant and machine operatives,38,35,3
S01013235,9. Elementary occupations,31,21,10
S01013236,All people aged 16 to 74 in employment,396,202,194
S01013236,1. Managers directors and senior officials,37,24,13
S01013236,2. Professional occupations,55,26,29
S01013236,3. Associate professional and technical occupations,57,30,27
S01013236,4. Administrative and secretarial occupations,55,3,52
S01013236,5. Skilled trades occupations,49,46,3
S01013236,6. Caring leisure and other service occupations,51,12,39
S01013236,7. Sales and customer service occupations,30,13,17
S01013236,8. Process plant and machine operatives,29,27,2
S01013236,9. Elementary occupations,33,21,12
S01013237,All people aged 16 to 74 in employment,429,235,194
S01013237,1. Managers directors and senior officials,36,25,11
S01013237,2. Professional occupations,63,23,40
S01013237,3. Associate professional and technical occupations,67,44,23
S01013237,4. Administrative and secretarial occupations,63,17,46
S01013237,5. Skilled trades occupations,61,55,6
S01013237,6. Caring leisure and other service occupations,32,9,23
S01013237,7. Sales and customer service occupations,40,15,25
S01013237,8. Process plant and machine operatives,30,25,5
S01013237,9. Elementary occupations,37,22,15
S01013238,All people aged 16 to 74 in employment,258,126,132
S01013238,1. Managers directors and senior officials,11,10,1
S01013238,2. Professional occupations,23,10,13
S01013238,3. Associate professional and technical occupations,25,13,12
S01013238,4. Administrative and secretarial occupations,28,5,23
S01013238,5. Skilled trades occupations,41,38,3
S01013238,6. Caring leisure and other service occupations,36,5,31
S01013238,7. Sales and customer service occupations,25,6,19
S01013238,8. Process plant and machine operatives,15,13,2
S01013238,9. Elementary occupations,54,26,28
S01013239,All people aged 16 to 74 in employment,336,170,166
S01013239,1. Managers directors and senior officials,15,8,7
S01013239,2. Professional occupations,20,6,14
S01013239,3. Associate professional and technical occupations,44,31,13
S01013239,4. Administrative and secretarial occupations,31,8,23
S01013239,5. Skilled trades occupations,34,34,0
S01013239,6. Caring leisure and other service occupations,54,9,45
S01013239,7. Sales and customer service occupations,30,11,19
S01013239,8. Process plant and machine operatives,41,30,11
S01013239,9. Elementary occupations,67,33,34
S01013240,All people aged 16 to 74 in employment,204,101,103
S01013240,1. Managers directors and senior officials,15,5,10
S01013240,2. Professional occupations,15,4,11
S01013240,3. Associate professional and technical occupations,14,7,7
S01013240,4. Administrative and secretarial occupations,11,6,5
S01013240,5. Skilled trades occupations,19,15,4
S01013240,6. Caring leisure and other service occupations,32,8,24
S01013240,7. Sales and customer service occupations,23,8,15
S01013240,8. Process plant and machine operatives,23,21,2
S01013240,9. Elementary occupations,52,27,25
S01013241,All people aged 16 to 74 in employment,455,243,212
S01013241,1. Managers directors and senior officials,46,25,21
S01013241,2. Professional occupations,85,39,46
S01013241,3. Associate professional and technical occupations,85,52,33
S01013241,4. Administrative and secretarial occupations,57,7,50
S01013241,5. Skilled trades occupations,58,54,4
S01013241,6. Caring leisure and other service occupations,35,7,28
S01013241,7. Sales and customer service occupations,36,17,19
S01013241,8. Process plant and machine operatives,25,21,4
S01013241,9. Elementary occupations,28,21,7
S01013242,All people aged 16 to 74 in employment,299,158,141
S01013242,1. Managers directors and senior officials,45,30,15
S01013242,2. Professional occupations,56,24,32
S01013242,3. Associate professional and technical occupations,29,22,7
S01013242,4. Administrative and secretarial occupations,30,5,25
S01013242,5. Skilled trades occupations,49,40,9
S01013242,6. Caring leisure and other service occupations,25,1,24
S01013242,7. Sales and customer service occupations,17,2,15
S01013242,8. Process plant and machine operatives,23,22,1
S01013242,9. Elementary occupations,25,12,13
S01013243,All people aged 16 to 74 in employment,329,165,164
S01013243,1. Managers directors and senior officials,14,4,10
S01013243,2. Professional occupations,31,16,15
S01013243,3. Associate professional and technical occupations,34,22,12
S01013243,4. Administrative and secretarial occupations,34,3,31
S01013243,5. Skilled trades occupations,44,39,5
S01013243,6. Caring leisure and other service occupations,33,7,26
S01013243,7. Sales and customer service occupations,41,8,33
S01013243,8. Process plant and machine operatives,57,50,7
S01013243,9. Elementary occupations,41,16,25
S01013244,All people aged 16 to 74 in employment,284,147,137
S01013244,1. Managers directors and senior officials,20,11,9
S01013244,2. Professional occupations,26,16,10
S01013244,3. Associate professional and technical occupations,19,13,6
S01013244,4. Administrative and secretarial occupations,29,8,21
S01013244,5. Skilled trades occupations,34,30,4
S01013244,6. Caring leisure and other service occupations,40,5,35
S01013244,7. Sales and customer service occupations,40,11,29
S01013244,8. Process plant and machine operatives,44,35,9
S01013244,9. Elementary occupations,32,18,14
S01013245,All people aged 16 to 74 in employment,505,261,244
S01013245,1. Managers directors and senior officials,44,32,12
S01013245,2. Professional occupations,51,24,27
S01013245,3. Associate professional and technical occupations,60,35,25
S01013245,4. Administrative and secretarial occupations,66,11,55
S01013245,5. Skilled trades occupations,81,73,8
S01013245,6. Caring leisure and other service occupations,45,5,40
S01013245,7. Sales and customer service occupations,49,11,38
S01013245,8. Process plant and machine operatives,63,52,11
S01013245,9. Elementary occupations,46,18,28
S01013246,All people aged 16 to 74 in employment,240,127,113
S01013246,1. Managers directors and senior officials,22,13,9
S01013246,2. Professional occupations,26,12,14
S01013246,3. Associate professional and technical occupations,22,13,9
S01013246,4. Administrative and secretarial occupations,29,10,19
S01013246,5. Skilled trades occupations,36,34,2
S01013246,6. Caring leisure and other service occupations,19,2,17
S01013246,7. Sales and customer service occupations,23,4,19
S01013246,8. Process plant and machine operatives,39,29,10
S01013246,9. Elementary occupations,24,10,14
S01013247,All people aged 16 to 74 in employment,318,154,164
S01013247,1. Managers directors and senior officials,16,11,5
S01013247,2. Professional occupations,23,5,18
S01013247,3. Associate professional and technical occupations,25,13,12
S01013247,4. Administrative and secretarial occupations,31,7,24
S01013247,5. Skilled trades occupations,62,55,7
S01013247,6. Caring leisure and other service occupations,36,4,32
S01013247,7. Sales and customer service occupations,35,4,31
S01013247,8. Process plant and machine operatives,41,31,10
S01013247,9. Elementary occupations,49,24,25
S01013248,All people aged 16 to 74 in employment,265,129,136
S01013248,1. Managers directors and senior officials,8,4,4
S01013248,2. Professional occupations,11,2,9
S01013248,3. Associate professional and technical occupations,26,16,10
S01013248,4. Administrative and secretarial occupations,30,8,22
S01013248,5. Skilled trades occupations,31,28,3
S01013248,6. Caring leisure and other service occupations,29,2,27
S01013248,7. Sales and customer service occupations,39,15,24
S01013248,8. Process plant and machine operatives,41,31,10
S01013248,9. Elementary occupations,50,23,27
S01013249,All people aged 16 to 74 in employment,225,113,112
S01013249,1. Managers directors and senior officials,11,5,6
S01013249,2. Professional occupations,14,3,11
S01013249,3. Associate professional and technical occupations,28,13,15
S01013249,4. Administrative and secretarial occupations,27,8,19
S01013249,5. Skilled trades occupations,24,21,3
S01013249,6. Caring leisure and other service occupations,21,6,15
S01013249,7. Sales and customer service occupations,27,7,20
S01013249,8. Process plant and machine operatives,39,32,7
S01013249,9. Elementary occupations,34,18,16
S01013250,All people aged 16 to 74 in employment,471,252,219
S01013250,1. Managers directors and senior officials,53,31,22
S01013250,2. Professional occupations,89,36,53
S01013250,3. Associate professional and technical occupations,59,30,29
S01013250,4. Administrative and secretarial occupations,33,6,27
S01013250,5. Skilled trades occupations,82,71,11
S01013250,6. Caring leisure and other service occupations,30,8,22
S01013250,7. Sales and customer service occupations,41,12,29
S01013250,8. Process plant and machine operatives,38,30,8
S01013250,9. Elementary occupations,46,28,18
S01013251,All people aged 16 to 74 in employment,291,162,129
S01013251,1. Managers directors and senior officials,15,13,2
S01013251,2. Professional occupations,23,6,17
S01013251,3. Associate professional and technical occupations,29,16,13
S01013251,4. Administrative and secretarial occupations,21,4,17
S01013251,5. Skilled trades occupations,44,43,1
S01013251,6. Caring leisure and other service occupations,25,3,22
S01013251,7. Sales and customer service occupations,34,12,22
S01013251,8. Process plant and machine operatives,36,32,4
S01013251,9. Elementary occupations,64,33,31
S01013252,All people aged 16 to 74 in employment,314,170,144
S01013252,1. Managers directors and senior officials,25,11,14
S01013252,2. Professional occupations,28,12,16
S01013252,3. Associate professional and technical occupations,32,17,15
S01013252,4. Administrative and secretarial occupations,22,3,19
S01013252,5. Skilled trades occupations,48,46,2
S01013252,6. Caring leisure and other service occupations,22,3,19
S01013252,7. Sales and customer service occupations,41,15,26
S01013252,8. Process plant and machine operatives,49,38,11
S01013252,9. Elementary occupations,47,25,22
S01013253,All people aged 16 to 74 in employment,342,187,155
S01013253,1. Managers directors and senior officials,14,10,4
S01013253,2. Professional occupations,40,17,23
S01013253,3. Associate professional and technical occupations,36,19,17
S01013253,4. Administrative and secretarial occupations,34,5,29
S01013253,5. Skilled trades occupations,47,44,3
S01013253,6. Caring leisure and other service occupations,30,3,27
S01013253,7. Sales and customer service occupations,39,16,23
S01013253,8. Process plant and machine operatives,39,35,4
S01013253,9. Elementary occupations,63,38,25
S01013254,All people aged 16 to 74 in employment,263,139,124
S01013254,1. Managers directors and senior officials,16,10,6
S01013254,2. Professional occupations,18,11,7
S01013254,3. Associate professional and technical occupations,18,8,10
S01013254,4. Administrative and secretarial occupations,23,4,19
S01013254,5. Skilled trades occupations,41,38,3
S01013254,6. Caring leisure and other service occupations,21,2,19
S01013254,7. Sales and customer service occupations,35,2,33
S01013254,8. Process plant and machine operatives,34,26,8
S01013254,9. Elementary occupations,57,38,19
S01013255,All people aged 16 to 74 in employment,453,253,200
S01013255,1. Managers directors and senior officials,32,21,11
S01013255,2. Professional occupations,39,18,21
S01013255,3. Associate professional and technical occupations,41,20,21
S01013255,4. Administrative and secretarial occupations,42,3,39
S01013255,5. Skilled trades occupations,80,74,6
S01013255,6. Caring leisure and other service occupations,35,5,30
S01013255,7. Sales and customer service occupations,48,10,38
S01013255,8. Process plant and machine operatives,62,55,7
S01013255,9. Elementary occupations,74,47,27
S01013256,All people aged 16 to 74 in employment,349,177,172
S01013256,1. Managers directors and senior officials,38,21,17
S01013256,2. Professional occupations,59,25,34
S01013256,3. Associate professional and technical occupations,35,20,15
S01013256,4. Administrative and secretarial occupations,48,11,37
S01013256,5. Skilled trades occupations,47,41,6
S01013256,6. Caring leisure and other service occupations,28,7,21
S01013256,7. Sales and customer service occupations,34,6,28
S01013256,8. Process plant and machine operatives,36,31,5
S01013256,9. Elementary occupations,24,15,9
S01013257,All people aged 16 to 74 in employment,362,189,173
S01013257,1. Managers directors and senior officials,24,15,9
S01013257,2. Professional occupations,46,22,24
S01013257,3. Associate professional and technical occupations,50,20,30
S01013257,4. Administrative and secretarial occupations,39,5,34
S01013257,5. Skilled trades occupations,64,59,5
S01013257,6. Caring leisure and other service occupations,31,7,24
S01013257,7. Sales and customer service occupations,44,19,25
S01013257,8. Process plant and machine operatives,32,28,4
S01013257,9. Elementary occupations,32,14,18
S01013258,All people aged 16 to 74 in employment,391,208,183
S01013258,1. Managers directors and senior officials,34,25,9
S01013258,2. Professional occupations,66,31,35
S01013258,3. Associate professional and technical occupations,42,23,19
S01013258,4. Administrative and secretarial occupations,62,14,48
S01013258,5. Skilled trades occupations,46,42,4
S01013258,6. Caring leisure and other service occupations,32,10,22
S01013258,7. Sales and customer service occupations,49,18,31
S01013258,8. Process plant and machine operatives,28,27,1
S01013258,9. Elementary occupations,32,18,14
S01013259,All people aged 16 to 74 in employment,398,204,194
S01013259,1. Managers directors and senior officials,30,18,12
S01013259,2. Professional occupations,36,15,21
S01013259,3. Associate professional and technical occupations,49,28,21
S01013259,4. Administrative and secretarial occupations,47,13,34
S01013259,5. Skilled trades occupations,60,50,10
S01013259,6. Caring leisure and other service occupations,34,5,29
S01013259,7. Sales and customer service occupations,49,12,37
S01013259,8. Process plant and machine operatives,49,46,3
S01013259,9. Elementary occupations,44,17,27
S01013260,All people aged 16 to 74 in employment,385,187,198
S01013260,1. Managers directors and senior officials,21,8,13
S01013260,2. Professional occupations,27,11,16
S01013260,3. Associate professional and technical occupations,39,18,21
S01013260,4. Administrative and secretarial occupations,49,11,38
S01013260,5. Skilled trades occupations,46,41,5
S01013260,6. Caring leisure and other service occupations,37,6,31
S01013260,7. Sales and customer service occupations,33,10,23
S01013260,8. Process plant and machine operatives,55,44,11
S01013260,9. Elementary occupations,78,38,40
S01013261,All people aged 16 to 74 in employment,355,186,169
S01013261,1. Managers directors and senior officials,11,6,5
S01013261,2. Professional occupations,21,11,10
S01013261,3. Associate professional and technical occupations,21,12,9
S01013261,4. Administrative and secretarial occupations,47,7,40
S01013261,5. Skilled trades occupations,60,49,11
S01013261,6. Caring leisure and other service occupations,37,7,30
S01013261,7. Sales and customer service occupations,42,10,32
S01013261,8. Process plant and machine operatives,61,49,12
S01013261,9. Elementary occupations,55,35,20
S01013262,All people aged 16 to 74 in employment,289,145,144
S01013262,1. Managers directors and senior officials,10,6,4
S01013262,2. Professional occupations,20,10,10
S01013262,3. Associate professional and technical occupations,22,11,11
S01013262,4. Administrative and secretarial occupations,38,6,32
S01013262,5. Skilled trades occupations,52,50,2
S01013262,6. Caring leisure and other service occupations,31,3,28
S01013262,7. Sales and customer service occupations,34,9,25
S01013262,8. Process plant and machine operatives,35,24,11
S01013262,9. Elementary occupations,47,26,21
S01013263,All people aged 16 to 74 in employment,283,159,124
S01013263,1. Managers directors and senior officials,54,42,12
S01013263,2. Professional occupations,76,42,34
S01013263,3. Associate professional and technical occupations,41,26,15
S01013263,4. Administrative and secretarial occupations,28,6,22
S01013263,5. Skilled trades occupations,19,19,0
S01013263,6. Caring leisure and other service occupations,22,1,21
S01013263,7. Sales and customer service occupations,15,5,10
S01013263,8. Process plant and machine operatives,13,11,2
S01013263,9. Elementary occupations,15,7,8
S01013264,All people aged 16 to 74 in employment,292,152,140
S01013264,1. Managers directors and senior officials,33,23,10
S01013264,2. Professional occupations,73,37,36
S01013264,3. Associate professional and technical occupations,48,27,21
S01013264,4. Administrative and secretarial occupations,46,15,31
S01013264,5. Skilled trades occupations,22,21,1
S01013264,6. Caring leisure and other service occupations,13,0,13
S01013264,7. Sales and customer service occupations,34,11,23
S01013264,8. Process plant and machine operatives,9,9,0
S01013264,9. Elementary occupations,14,9,5
S01013265,All people aged 16 to 74 in employment,381,200,181
S01013265,1. Managers directors and senior officials,76,51,25
S01013265,2. Professional occupations,100,58,42
S01013265,3. Associate professional and technical occupations,66,32,34
S01013265,4. Administrative and secretarial occupations,41,9,32
S01013265,5. Skilled trades occupations,22,19,3
S01013265,6. Caring leisure and other service occupations,17,3,14
S01013265,7. Sales and customer service occupations,29,7,22
S01013265,8. Process plant and machine operatives,14,11,3
S01013265,9. Elementary occupations,16,10,6
S01013266,All people aged 16 to 74 in employment,333,168,165
S01013266,1. Managers directors and senior officials,34,23,11
S01013266,2. Professional occupations,83,43,40
S01013266,3. Associate professional and technical occupations,51,29,22
S01013266,4. Administrative and secretarial occupations,53,10,43
S01013266,5. Skilled trades occupations,26,24,2
S01013266,6. Caring leisure and other service occupations,18,4,14
S01013266,7. Sales and customer service occupations,37,13,24
S01013266,8. Process plant and machine operatives,16,13,3
S01013266,9. Elementary occupations,15,9,6
S01013267,All people aged 16 to 74 in employment,245,115,130
S01013267,1. Managers directors and senior officials,19,12,7
S01013267,2. Professional occupations,33,18,15
S01013267,3. Associate professional and technical occupations,31,18,13
S01013267,4. Administrative and secretarial occupations,34,5,29
S01013267,5. Skilled trades occupations,27,22,5
S01013267,6. Caring leisure and other service occupations,13,0,13
S01013267,7. Sales and customer service occupations,39,9,30
S01013267,8. Process plant and machine operatives,23,19,4
S01013267,9. Elementary occupations,26,12,14
S01013268,All people aged 16 to 74 in employment,423,214,209
S01013268,1. Managers directors and senior officials,30,16,14
S01013268,2. Professional occupations,38,19,19
S01013268,3. Associate professional and technical occupations,55,27,28
S01013268,4. Administrative and secretarial occupations,54,9,45
S01013268,5. Skilled trades occupations,57,52,5
S01013268,6. Caring leisure and other service occupations,41,10,31
S01013268,7. Sales and customer service occupations,66,18,48
S01013268,8. Process plant and machine operatives,35,31,4
S01013268,9. Elementary occupations,47,32,15
S01013269,All people aged 16 to 74 in employment,570,297,273
S01013269,1. Managers directors and senior officials,67,43,24
S01013269,2. Professional occupations,122,64,58
S01013269,3. Associate professional and technical occupations,99,57,42
S01013269,4. Administrative and secretarial occupations,81,14,67
S01013269,5. Skilled trades occupations,44,41,3
S01013269,6. Caring leisure and other service occupations,28,5,23
S01013269,7. Sales and customer service occupations,59,15,44
S01013269,8. Process plant and machine operatives,35,33,2
S01013269,9. Elementary occupations,35,25,10
S01013270,All people aged 16 to 74 in employment,468,234,234
S01013270,1. Managers directors and senior officials,74,52,22
S01013270,2. Professional occupations,117,57,60
S01013270,3. Associate professional and technical occupations,80,49,31
S01013270,4. Administrative and secretarial occupations,70,16,54
S01013270,5. Skilled trades occupations,32,29,3
S01013270,6. Caring leisure and other service occupations,30,3,27
S01013270,7. Sales and customer service occupations,35,5,30
S01013270,8. Process plant and machine operatives,14,13,1
S01013270,9. Elementary occupations,16,10,6
S01013271,All people aged 16 to 74 in employment,293,163,130
S01013271,1. Managers directors and senior officials,48,29,19
S01013271,2. Professional occupations,97,55,42
S01013271,3. Associate professional and technical occupations,51,29,22
S01013271,4. Administrative and secretarial occupations,41,11,30
S01013271,5. Skilled trades occupations,14,14,0
S01013271,6. Caring leisure and other service occupations,15,4,11
S01013271,7. Sales and customer service occupations,11,8,3
S01013271,8. Process plant and machine operatives,7,7,0
S01013271,9. Elementary occupations,9,6,3
S01013272,All people aged 16 to 74 in employment,421,224,197
S01013272,1. Managers directors and senior officials,79,56,23
S01013272,2. Professional occupations,115,57,58
S01013272,3. Associate professional and technical occupations,66,41,25
S01013272,4. Administrative and secretarial occupations,52,12,40
S01013272,5. Skilled trades occupations,25,22,3
S01013272,6. Caring leisure and other service occupations,19,5,14
S01013272,7. Sales and customer service occupations,31,9,22
S01013272,8. Process plant and machine operatives,16,13,3
S01013272,9. Elementary occupations,18,9,9
S01013273,All people aged 16 to 74 in employment,536,288,248
S01013273,1. Managers directors and senior officials,86,56,30
S01013273,2. Professional occupations,131,67,64
S01013273,3. Associate professional and technical occupations,87,56,31
S01013273,4. Administrative and secretarial occupations,72,17,55
S01013273,5. Skilled trades occupations,39,37,2
S01013273,6. Caring leisure and other service occupations,24,2,22
S01013273,7. Sales and customer service occupations,44,14,30
S01013273,8. Process plant and machine operatives,35,30,5
S01013273,9. Elementary occupations,18,9,9
S01013274,All people aged 16 to 74 in employment,449,249,200
S01013274,1. Managers directors and senior officials,56,40,16
S01013274,2. Professional occupations,68,26,42
S01013274,3. Associate professional and technical occupations,72,48,24
S01013274,4. Administrative and secretarial occupations,63,16,47
S01013274,5. Skilled trades occupations,47,42,5
S01013274,6. Caring leisure and other service occupations,35,4,31
S01013274,7. Sales and customer service occupations,42,17,25
S01013274,8. Process plant and machine operatives,29,24,5
S01013274,9. Elementary occupations,37,32,5
S01013275,All people aged 16 to 74 in employment,369,195,174
S01013275,1. Managers directors and senior officials,33,25,8
S01013275,2. Professional occupations,63,30,33
S01013275,3. Associate professional and technical occupations,41,23,18
S01013275,4. Administrative and secretarial occupations,55,8,47
S01013275,5. Skilled trades occupations,38,33,5
S01013275,6. Caring leisure and other service occupations,27,1,26
S01013275,7. Sales and customer service occupations,50,22,28
S01013275,8. Process plant and machine operatives,34,33,1
S01013275,9. Elementary occupations,28,20,8
S01013276,All people aged 16 to 74 in employment,378,203,175
S01013276,1. Managers directors and senior officials,38,26,12
S01013276,2. Professional occupations,45,26,19
S01013276,3. Associate professional and technical occupations,47,28,19
S01013276,4. Administrative and secretarial occupations,71,13,58
S01013276,5. Skilled trades occupations,41,39,2
S01013276,6. Caring leisure and other service occupations,20,3,17
S01013276,7. Sales and customer service occupations,62,22,40
S01013276,8. Process plant and machine operatives,28,27,1
S01013276,9. Elementary occupations,26,19,7
S01013277,All people aged 16 to 74 in employment,451,228,223
S01013277,1. Managers directors and senior officials,27,17,10
S01013277,2. Professional occupations,38,19,19
S01013277,3. Associate professional and technical occupations,42,18,24
S01013277,4. Administrative and secretarial occupations,46,8,38
S01013277,5. Skilled trades occupations,67,59,8
S01013277,6. Caring leisure and other service occupations,44,8,36
S01013277,7. Sales and customer service occupations,67,24,43
S01013277,8. Process plant and machine operatives,41,34,7
S01013277,9. Elementary occupations,79,41,38
S01013278,All people aged 16 to 74 in employment,352,169,183
S01013278,1. Managers directors and senior officials,14,11,3
S01013278,2. Professional occupations,21,9,12
S01013278,3. Associate professional and technical occupations,28,11,17
S01013278,4. Administrative and secretarial occupations,53,17,36
S01013278,5. Skilled trades occupations,32,29,3
S01013278,6. Caring leisure and other service occupations,36,9,27
S01013278,7. Sales and customer service occupations,58,8,50
S01013278,8. Process plant and machine operatives,43,39,4
S01013278,9. Elementary occupations,67,36,31
S01013279,All people aged 16 to 74 in employment,311,148,163
S01013279,1. Managers directors and senior officials,18,11,7
S01013279,2. Professional occupations,18,6,12
S01013279,3. Associate professional and technical occupations,29,15,14
S01013279,4. Administrative and secretarial occupations,36,6,30
S01013279,5. Skilled trades occupations,26,23,3
S01013279,6. Caring leisure and other service occupations,32,5,27
S01013279,7. Sales and customer service occupations,48,21,27
S01013279,8. Process plant and machine operatives,35,29,6
S01013279,9. Elementary occupations,69,32,37
S01013280,All people aged 16 to 74 in employment,272,144,128
S01013280,1. Managers directors and senior officials,17,13,4
S01013280,2. Professional occupations,33,16,17
S01013280,3. Associate professional and technical occupations,29,20,9
S01013280,4. Administrative and secretarial occupations,37,12,25
S01013280,5. Skilled trades occupations,30,25,5
S01013280,6. Caring leisure and other service occupations,24,6,18
S01013280,7. Sales and customer service occupations,41,11,30
S01013280,8. Process plant and machine operatives,26,23,3
S01013280,9. Elementary occupations,35,18,17
S01013281,All people aged 16 to 74 in employment,417,205,212
S01013281,1. Managers directors and senior officials,13,4,9
S01013281,2. Professional occupations,34,17,17
S01013281,3. Associate professional and technical occupations,49,32,17
S01013281,4. Administrative and secretarial occupations,51,7,44
S01013281,5. Skilled trades occupations,53,47,6
S01013281,6. Caring leisure and other service occupations,35,8,27
S01013281,7. Sales and customer service occupations,64,20,44
S01013281,8. Process plant and machine operatives,43,34,9
S01013281,9. Elementary occupations,75,36,39
S01013282,All people aged 16 to 74 in employment,384,181,203
S01013282,1. Managers directors and senior officials,18,8,10
S01013282,2. Professional occupations,17,7,10
S01013282,3. Associate professional and technical occupations,35,21,14
S01013282,4. Administrative and secretarial occupations,54,18,36
S01013282,5. Skilled trades occupations,44,33,11
S01013282,6. Caring leisure and other service occupations,39,4,35
S01013282,7. Sales and customer service occupations,65,14,51
S01013282,8. Process plant and machine operatives,40,36,4
S01013282,9. Elementary occupations,72,40,32
S01013283,All people aged 16 to 74 in employment,386,220,166
S01013283,1. Managers directors and senior officials,15,9,6
S01013283,2. Professional occupations,71,50,21
S01013283,3. Associate professional and technical occupations,46,25,21
S01013283,4. Administrative and secretarial occupations,38,9,29
S01013283,5. Skilled trades occupations,44,39,5
S01013283,6. Caring leisure and other service occupations,25,6,19
S01013283,7. Sales and customer service occupations,49,19,30
S01013283,8. Process plant and machine operatives,36,28,8
S01013283,9. Elementary occupations,62,35,27
S01013284,All people aged 16 to 74 in employment,419,208,211
S01013284,1. Managers directors and senior officials,23,17,6
S01013284,2. Professional occupations,69,28,41
S01013284,3. Associate professional and technical occupations,61,32,29
S01013284,4. Administrative and secretarial occupations,74,21,53
S01013284,5. Skilled trades occupations,39,37,2
S01013284,6. Caring leisure and other service occupations,36,6,30
S01013284,7. Sales and customer service occupations,56,19,37
S01013284,8. Process plant and machine operatives,31,30,1
S01013284,9. Elementary occupations,30,18,12
S01013285,All people aged 16 to 74 in employment,395,190,205
S01013285,1. Managers directors and senior officials,29,16,13
S01013285,2. Professional occupations,66,25,41
S01013285,3. Associate professional and technical occupations,56,29,27
S01013285,4. Administrative and secretarial occupations,65,17,48
S01013285,5. Skilled trades occupations,38,33,5
S01013285,6. Caring leisure and other service occupations,24,1,23
S01013285,7. Sales and customer service occupations,52,19,33
S01013285,8. Process plant and machine operatives,28,28,0
S01013285,9. Elementary occupations,37,22,15
S01013286,All people aged 16 to 74 in employment,408,204,204
S01013286,1. Managers directors and senior officials,24,13,11
S01013286,2. Professional occupations,71,24,47
S01013286,3. Associate professional and technical occupations,61,38,23
S01013286,4. Administrative and secretarial occupations,65,15,50
S01013286,5. Skilled trades occupations,48,46,2
S01013286,6. Caring leisure and other service occupations,27,2,25
S01013286,7. Sales and customer service occupations,52,20,32
S01013286,8. Process plant and machine operatives,28,26,2
S01013286,9. Elementary occupations,32,20,12
S01013287,All people aged 16 to 74 in employment,492,261,231
S01013287,1. Managers directors and senior officials,44,28,16
S01013287,2. Professional occupations,116,63,53
S01013287,3. Associate professional and technical occupations,89,46,43
S01013287,4. Administrative and secretarial occupations,75,18,57
S01013287,5. Skilled trades occupations,35,33,2
S01013287,6. Caring leisure and other service occupations,26,2,24
S01013287,7. Sales and customer service occupations,44,23,21
S01013287,8. Process plant and machine operatives,26,25,1
S01013287,9. Elementary occupations,37,23,14
S01013288,All people aged 16 to 74 in employment,309,157,152
S01013288,1. Managers directors and senior officials,30,22,8
S01013288,2. Professional occupations,68,36,32
S01013288,3. Associate professional and technical occupations,36,22,14
S01013288,4. Administrative and secretarial occupations,48,11,37
S01013288,5. Skilled trades occupations,24,20,4
S01013288,6. Caring leisure and other service occupations,26,6,20
S01013288,7. Sales and customer service occupations,31,10,21
S01013288,8. Process plant and machine operatives,20,18,2
S01013288,9. Elementary occupations,26,12,14
S01013289,All people aged 16 to 74 in employment,395,202,193
S01013289,1. Managers directors and senior officials,65,44,21
S01013289,2. Professional occupations,86,35,51
S01013289,3. Associate professional and technical occupations,53,26,27
S01013289,4. Administrative and secretarial occupations,48,10,38
S01013289,5. Skilled trades occupations,48,44,4
S01013289,6. Caring leisure and other service occupations,31,4,27
S01013289,7. Sales and customer service occupations,20,7,13
S01013289,8. Process plant and machine operatives,15,15,0
S01013289,9. Elementary occupations,29,17,12
S01013290,All people aged 16 to 74 in employment,491,244,247
S01013290,1. Managers directors and senior officials,37,20,17
S01013290,2. Professional occupations,89,41,48
S01013290,3. Associate professional and technical occupations,69,36,33
S01013290,4. Administrative and secretarial occupations,50,12,38
S01013290,5. Skilled trades occupations,52,48,4
S01013290,6. Caring leisure and other service occupations,50,6,44
S01013290,7. Sales and customer service occupations,56,12,44
S01013290,8. Process plant and machine operatives,37,34,3
S01013290,9. Elementary occupations,51,35,16
S01013291,All people aged 16 to 74 in employment,419,218,201
S01013291,1. Managers directors and senior officials,33,20,13
S01013291,2. Professional occupations,51,23,28
S01013291,3. Associate professional and technical occupations,64,39,25
S01013291,4. Administrative and secretarial occupations,55,14,41
S01013291,5. Skilled trades occupations,46,41,5
S01013291,6. Caring leisure and other service occupations,40,5,35
S01013291,7. Sales and customer service occupations,38,12,26
S01013291,8. Process plant and machine operatives,37,36,1
S01013291,9. Elementary occupations,55,28,27
S01013292,All people aged 16 to 74 in employment,438,229,209
S01013292,1. Managers directors and senior officials,44,25,19
S01013292,2. Professional occupations,56,23,33
S01013292,3. Associate professional and technical occupations,50,30,20
S01013292,4. Administrative and secretarial occupations,68,19,49
S01013292,5. Skilled trades occupations,53,49,4
S01013292,6. Caring leisure and other service occupations,38,5,33
S01013292,7. Sales and customer service occupations,48,18,30
S01013292,8. Process plant and machine operatives,40,37,3
S01013292,9. Elementary occupations,41,23,18
S01013293,All people aged 16 to 74 in employment,411,208,203
S01013293,1. Managers directors and senior officials,33,21,12
S01013293,2. Professional occupations,74,36,38
S01013293,3. Associate professional and technical occupations,58,29,29
S01013293,4. Administrative and secretarial occupations,63,12,51
S01013293,5. Skilled trades occupations,46,43,3
S01013293,6. Caring leisure and other service occupations,41,4,37
S01013293,7. Sales and customer service occupations,38,14,24
S01013293,8. Process plant and machine operatives,29,28,1
S01013293,9. Elementary occupations,29,21,8
S01013294,All people aged 16 to 74 in employment,418,210,208
S01013294,1. Managers directors and senior officials,28,16,12
S01013294,2. Professional occupations,61,33,28
S01013294,3. Associate professional and technical occupations,53,29,24
S01013294,4. Administrative and secretarial occupations,74,23,51
S01013294,5. Skilled trades occupations,48,47,1
S01013294,6. Caring leisure and other service occupations,51,7,44
S01013294,7. Sales and customer service occupations,42,12,30
S01013294,8. Process plant and machine operatives,25,23,2
S01013294,9. Elementary occupations,36,20,16
S01013295,All people aged 16 to 74 in employment,460,223,237
S01013295,1. Managers directors and senior officials,29,17,12
S01013295,2. Professional occupations,64,33,31
S01013295,3. Associate professional and technical occupations,49,24,25
S01013295,4. Administrative and secretarial occupations,82,18,64
S01013295,5. Skilled trades occupations,62,54,8
S01013295,6. Caring leisure and other service occupations,48,5,43
S01013295,7. Sales and customer service occupations,57,18,39
S01013295,8. Process plant and machine operatives,33,29,4
S01013295,9. Elementary occupations,36,25,11
S01013296,All people aged 16 to 74 in employment,318,158,160
S01013296,1. Managers directors and senior officials,17,12,5
S01013296,2. Professional occupations,27,13,14
S01013296,3. Associate professional and technical occupations,16,11,5
S01013296,4. Administrative and secretarial occupations,39,7,32
S01013296,5. Skilled trades occupations,39,35,4
S01013296,6. Caring leisure and other service occupations,37,4,33
S01013296,7. Sales and customer service occupations,41,10,31
S01013296,8. Process plant and machine operatives,37,33,4
S01013296,9. Elementary occupations,65,33,32
S01013297,All people aged 16 to 74 in employment,348,177,171
S01013297,1. Managers directors and senior officials,17,12,5
S01013297,2. Professional occupations,31,9,22
S01013297,3. Associate professional and technical occupations,35,22,13
S01013297,4. Administrative and secretarial occupations,60,10,50
S01013297,5. Skilled trades occupations,43,41,2
S01013297,6. Caring leisure and other service occupations,35,9,26
S01013297,7. Sales and customer service occupations,42,11,31
S01013297,8. Process plant and machine operatives,41,40,1
S01013297,9. Elementary occupations,44,23,21
S01013298,All people aged 16 to 74 in employment,323,171,152
S01013298,1. Managers directors and senior officials,32,22,10
S01013298,2. Professional occupations,40,18,22
S01013298,3. Associate professional and technical occupations,37,25,12
S01013298,4. Administrative and secretarial occupations,51,6,45
S01013298,5. Skilled trades occupations,41,35,6
S01013298,6. Caring leisure and other service occupations,24,6,18
S01013298,7. Sales and customer service occupations,35,17,18
S01013298,8. Process plant and machine operatives,25,23,2
S01013298,9. Elementary occupations,38,19,19
S01013299,All people aged 16 to 74 in employment,520,243,277
S01013299,1. Managers directors and senior officials,37,25,12
S01013299,2. Professional occupations,58,24,34
S01013299,3. Associate professional and technical occupations,71,37,34
S01013299,4. Administrative and secretarial occupations,82,12,70
S01013299,5. Skilled trades occupations,54,51,3
S01013299,6. Caring leisure and other service occupations,44,4,40
S01013299,7. Sales and customer service occupations,56,14,42
S01013299,8. Process plant and machine operatives,53,39,14
S01013299,9. Elementary occupations,65,37,28
S01013300,All people aged 16 to 74 in employment,269,149,120
S01013300,1. Managers directors and senior officials,21,18,3
S01013300,2. Professional occupations,30,14,16
S01013300,3. Associate professional and technical occupations,28,23,5
S01013300,4. Administrative and secretarial occupations,23,1,22
S01013300,5. Skilled trades occupations,42,36,6
S01013300,6. Caring leisure and other service occupations,31,3,28
S01013300,7. Sales and customer service occupations,28,7,21
S01013300,8. Process plant and machine operatives,25,22,3
S01013300,9. Elementary occupations,41,25,16
S01013301,All people aged 16 to 74 in employment,235,121,114
S01013301,1. Managers directors and senior officials,16,10,6
S01013301,2. Professional occupations,19,7,12
S01013301,3. Associate professional and technical occupations,17,10,7
S01013301,4. Administrative and secretarial occupations,32,3,29
S01013301,5. Skilled trades occupations,30,26,4
S01013301,6. Caring leisure and other service occupations,33,9,24
S01013301,7. Sales and customer service occupations,17,6,11
S01013301,8. Process plant and machine operatives,32,26,6
S01013301,9. Elementary occupations,39,24,15
S01013302,All people aged 16 to 74 in employment,333,181,152
S01013302,1. Managers directors and senior officials,30,20,10
S01013302,2. Professional occupations,50,25,25
S01013302,3. Associate professional and technical occupations,42,24,18
S01013302,4. Administrative and secretarial occupations,50,10,40
S01013302,5. Skilled trades occupations,47,45,2
S01013302,6. Caring leisure and other service occupations,21,6,15
S01013302,7. Sales and customer service occupations,33,12,21
S01013302,8. Process plant and machine operatives,31,23,8
S01013302,9. Elementary occupations,29,16,13
S01013303,All people aged 16 to 74 in employment,428,225,203
S01013303,1. Managers directors and senior officials,31,17,14
S01013303,2. Professional occupations,55,21,34
S01013303,3. Associate professional and technical occupations,53,30,23
S01013303,4. Administrative and secretarial occupations,43,11,32
S01013303,5. Skilled trades occupations,35,31,4
S01013303,6. Caring leisure and other service occupations,33,5,28
S01013303,7. Sales and customer service occupations,55,22,33
S01013303,8. Process plant and machine operatives,48,43,5
S01013303,9. Elementary occupations,75,45,30
S01013304,All people aged 16 to 74 in employment,434,233,201
S01013304,1. Managers directors and senior officials,15,4,11
S01013304,2. Professional occupations,18,10,8
S01013304,3. Associate professional and technical occupations,39,14,25
S01013304,4. Administrative and secretarial occupations,41,14,27
S01013304,5. Skilled trades occupations,54,46,8
S01013304,6. Caring leisure and other service occupations,37,8,29
S01013304,7. Sales and customer service occupations,59,16,43
S01013304,8. Process plant and machine operatives,76,62,14
S01013304,9. Elementary occupations,95,59,36
S01013305,All people aged 16 to 74 in employment,474,247,227
S01013305,1. Managers directors and senior officials,24,14,10
S01013305,2. Professional occupations,25,12,13
S01013305,3. Associate professional and technical occupations,46,22,24
S01013305,4. Administrative and secretarial occupations,50,18,32
S01013305,5. Skilled trades occupations,49,40,9
S01013305,6. Caring leisure and other service occupations,40,2,38
S01013305,7. Sales and customer service occupations,62,21,41
S01013305,8. Process plant and machine operatives,80,65,15
S01013305,9. Elementary occupations,98,53,45
S01013306,All people aged 16 to 74 in employment,377,207,170
S01013306,1. Managers directors and senior officials,20,13,7
S01013306,2. Professional occupations,9,5,4
S01013306,3. Associate professional and technical occupations,28,17,11
S01013306,4. Administrative and secretarial occupations,34,9,25
S01013306,5. Skilled trades occupations,35,31,4
S01013306,6. Caring leisure and other service occupations,34,4,30
S01013306,7. Sales and customer service occupations,49,15,34
S01013306,8. Process plant and machine operatives,55,52,3
S01013306,9. Elementary occupations,113,61,52
S01013307,All people aged 16 to 74 in employment,460,245,215
S01013307,1. Managers directors and senior officials,22,8,14
S01013307,2. Professional occupations,23,8,15
S01013307,3. Associate professional and technical occupations,35,15,20
S01013307,4. Administrative and secretarial occupations,35,8,27
S01013307,5. Skilled trades occupations,43,40,3
S01013307,6. Caring leisure and other service occupations,31,5,26
S01013307,7. Sales and customer service occupations,54,22,32
S01013307,8. Process plant and machine operatives,92,71,21
S01013307,9. Elementary occupations,125,68,57
S01013308,All people aged 16 to 74 in employment,367,169,198
S01013308,1. Managers directors and senior officials,15,8,7
S01013308,2. Professional occupations,18,8,10
S01013308,3. Associate professional and technical occupations,19,12,7
S01013308,4. Administrative and secretarial occupations,36,10,26
S01013308,5. Skilled trades occupations,35,29,6
S01013308,6. Caring leisure and other service occupations,39,4,35
S01013308,7. Sales and customer service occupations,69,18,51
S01013308,8. Process plant and machine operatives,62,46,16
S01013308,9. Elementary occupations,74,34,40
S01013309,All people aged 16 to 74 in employment,349,191,158
S01013309,1. Managers directors and senior officials,32,15,17
S01013309,2. Professional occupations,72,45,27
S01013309,3. Associate professional and technical occupations,52,37,15
S01013309,4. Administrative and secretarial occupations,51,16,35
S01013309,5. Skilled trades occupations,22,18,4
S01013309,6. Caring leisure and other service occupations,28,9,19
S01013309,7. Sales and customer service occupations,39,17,22
S01013309,8. Process plant and machine operatives,11,9,2
S01013309,9. Elementary occupations,42,25,17
S01013310,All people aged 16 to 74 in employment,317,164,153
S01013310,1. Managers directors and senior officials,16,12,4
S01013310,2. Professional occupations,25,13,12
S01013310,3. Associate professional and technical occupations,38,20,18
S01013310,4. Administrative and secretarial occupations,38,15,23
S01013310,5. Skilled trades occupations,44,41,3
S01013310,6. Caring leisure and other service occupations,26,3,23
S01013310,7. Sales and customer service occupations,37,6,31
S01013310,8. Process plant and machine operatives,35,30,5
S01013310,9. Elementary occupations,58,24,34
S01013311,All people aged 16 to 74 in employment,372,187,185
S01013311,1. Managers directors and senior officials,14,7,7
S01013311,2. Professional occupations,24,14,10
S01013311,3. Associate professional and technical occupations,31,19,12
S01013311,4. Administrative and secretarial occupations,41,8,33
S01013311,5. Skilled trades occupations,36,33,3
S01013311,6. Caring leisure and other service occupations,40,7,33
S01013311,7. Sales and customer service occupations,62,15,47
S01013311,8. Process plant and machine operatives,48,38,10
S01013311,9. Elementary occupations,76,46,30
S01013312,All people aged 16 to 74 in employment,471,259,212
S01013312,1. Managers directors and senior officials,22,12,10
S01013312,2. Professional occupations,30,13,17
S01013312,3. Associate professional and technical occupations,53,32,21
S01013312,4. Administrative and secretarial occupations,49,12,37
S01013312,5. Skilled trades occupations,54,47,7
S01013312,6. Caring leisure and other service occupations,43,12,31
S01013312,7. Sales and customer service occupations,60,23,37
S01013312,8. Process plant and machine operatives,58,49,9
S01013312,9. Elementary occupations,102,59,43
S01013313,All people aged 16 to 74 in employment,307,152,155
S01013313,1. Managers directors and senior officials,22,15,7
S01013313,2. Professional occupations,16,5,11
S01013313,3. Associate professional and technical occupations,29,18,11
S01013313,4. Administrative and secretarial occupations,31,10,21
S01013313,5. Skilled trades occupations,27,24,3
S01013313,6. Caring leisure and other service occupations,30,2,28
S01013313,7. Sales and customer service occupations,38,8,30
S01013313,8. Process plant and machine operatives,41,33,8
S01013313,9. Elementary occupations,73,37,36
S01013314,All people aged 16 to 74 in employment,307,148,159
S01013314,1. Managers directors and senior officials,11,7,4
S01013314,2. Professional occupations,28,14,14
S01013314,3. Associate professional and technical occupations,33,14,19
S01013314,4. Administrative and secretarial occupations,34,9,25
S01013314,5. Skilled trades occupations,46,41,5
S01013314,6. Caring leisure and other service occupations,20,4,16
S01013314,7. Sales and customer service occupations,52,13,39
S01013314,8. Process plant and machine operatives,30,21,9
S01013314,9. Elementary occupations,53,25,28
S01013315,All people aged 16 to 74 in employment,309,163,146
S01013315,1. Managers directors and senior officials,52,32,20
S01013315,2. Professional occupations,78,37,41
S01013315,3. Associate professional and technical occupations,56,34,22
S01013315,4. Administrative and secretarial occupations,30,8,22
S01013315,5. Skilled trades occupations,20,20,0
S01013315,6. Caring leisure and other service occupations,15,1,14
S01013315,7. Sales and customer service occupations,22,9,13
S01013315,8. Process plant and machine operatives,22,14,8
S01013315,9. Elementary occupations,14,8,6
S01013316,All people aged 16 to 74 in employment,319,161,158
S01013316,1. Managers directors and senior officials,36,25,11
S01013316,2. Professional occupations,64,30,34
S01013316,3. Associate professional and technical occupations,50,29,21
S01013316,4. Administrative and secretarial occupations,48,12,36
S01013316,5. Skilled trades occupations,23,20,3
S01013316,6. Caring leisure and other service occupations,19,2,17
S01013316,7. Sales and customer service occupations,38,10,28
S01013316,8. Process plant and machine operatives,24,20,4
S01013316,9. Elementary occupations,17,13,4
S01013317,All people aged 16 to 74 in employment,298,162,136
S01013317,1. Managers directors and senior officials,20,15,5
S01013317,2. Professional occupations,41,21,20
S01013317,3. Associate professional and technical occupations,36,22,14
S01013317,4. Administrative and secretarial occupations,47,14,33
S01013317,5. Skilled trades occupations,31,28,3
S01013317,6. Caring leisure and other service occupations,27,4,23
S01013317,7. Sales and customer service occupations,37,16,21
S01013317,8. Process plant and machine operatives,29,24,5
S01013317,9. Elementary occupations,30,18,12
S01013318,All people aged 16 to 74 in employment,356,184,172
S01013318,1. Managers directors and senior officials,35,24,11
S01013318,2. Professional occupations,70,33,37
S01013318,3. Associate professional and technical occupations,63,29,34
S01013318,4. Administrative and secretarial occupations,39,9,30
S01013318,5. Skilled trades occupations,29,25,4
S01013318,6. Caring leisure and other service occupations,23,5,18
S01013318,7. Sales and customer service occupations,28,10,18
S01013318,8. Process plant and machine operatives,32,28,4
S01013318,9. Elementary occupations,37,21,16
S01013319,All people aged 16 to 74 in employment,310,164,146
S01013319,1. Managers directors and senior officials,35,26,9
S01013319,2. Professional occupations,57,30,27
S01013319,3. Associate professional and technical occupations,54,27,27
S01013319,4. Administrative and secretarial occupations,38,9,29
S01013319,5. Skilled trades occupations,26,21,5
S01013319,6. Caring leisure and other service occupations,29,5,24
S01013319,7. Sales and customer service occupations,30,12,18
S01013319,8. Process plant and machine operatives,17,14,3
S01013319,9. Elementary occupations,24,20,4
S01013320,All people aged 16 to 74 in employment,604,309,295
S01013320,1. Managers directors and senior officials,61,43,18
S01013320,2. Professional occupations,131,65,66
S01013320,3. Associate professional and technical occupations,110,61,49
S01013320,4. Administrative and secretarial occupations,70,14,56
S01013320,5. Skilled trades occupations,36,33,3
S01013320,6. Caring leisure and other service occupations,46,6,40
S01013320,7. Sales and customer service occupations,56,18,38
S01013320,8. Process plant and machine operatives,51,44,7
S01013320,9. Elementary occupations,43,25,18
S01013321,All people aged 16 to 74 in employment,203,104,99
S01013321,1. Managers directors and senior officials,11,6,5
S01013321,2. Professional occupations,18,7,11
S01013321,3. Associate professional and technical occupations,25,14,11
S01013321,4. Administrative and secretarial occupations,45,14,31
S01013321,5. Skilled trades occupations,17,14,3
S01013321,6. Caring leisure and other service occupations,12,1,11
S01013321,7. Sales and customer service occupations,24,9,15
S01013321,8. Process plant and machine operatives,23,20,3
S01013321,9. Elementary occupations,28,19,9
S01013322,All people aged 16 to 74 in employment,388,194,194
S01013322,1. Managers directors and senior officials,25,15,10
S01013322,2. Professional occupations,37,20,17
S01013322,3. Associate professional and technical occupations,42,29,13
S01013322,4. Administrative and secretarial occupations,58,7,51
S01013322,5. Skilled trades occupations,30,28,2
S01013322,6. Caring leisure and other service occupations,42,6,36
S01013322,7. Sales and customer service occupations,59,22,37
S01013322,8. Process plant and machine operatives,39,35,4
S01013322,9. Elementary occupations,56,32,24
S01013323,All people aged 16 to 74 in employment,457,229,228
S01013323,1. Managers directors and senior officials,35,21,14
S01013323,2. Professional occupations,41,17,24
S01013323,3. Associate professional and technical occupations,53,29,24
S01013323,4. Administrative and secretarial occupations,54,11,43
S01013323,5. Skilled trades occupations,36,36,0
S01013323,6. Caring leisure and other service occupations,44,10,34
S01013323,7. Sales and customer service occupations,61,16,45
S01013323,8. Process plant and machine operatives,55,50,5
S01013323,9. Elementary occupations,78,39,39
S01013324,All people aged 16 to 74 in employment,280,150,130
S01013324,1. Managers directors and senior officials,17,11,6
S01013324,2. Professional occupations,18,9,9
S01013324,3. Associate professional and technical occupations,24,14,10
S01013324,4. Administrative and secretarial occupations,28,7,21
S01013324,5. Skilled trades occupations,25,23,2
S01013324,6. Caring leisure and other service occupations,24,5,19
S01013324,7. Sales and customer service occupations,43,12,31
S01013324,8. Process plant and machine operatives,39,33,6
S01013324,9. Elementary occupations,62,36,26
S01013325,All people aged 16 to 74 in employment,344,150,194
S01013325,1. Managers directors and senior officials,22,15,7
S01013325,2. Professional occupations,31,17,14
S01013325,3. Associate professional and technical occupations,49,23,26
S01013325,4. Administrative and secretarial occupations,33,4,29
S01013325,5. Skilled trades occupations,34,29,5
S01013325,6. Caring leisure and other service occupations,32,3,29
S01013325,7. Sales and customer service occupations,49,6,43
S01013325,8. Process plant and machine operatives,32,22,10
S01013325,9. Elementary occupations,62,31,31
S01013326,All people aged 16 to 74 in employment,240,120,120
S01013326,1. Managers directors and senior officials,8,6,2
S01013326,2. Professional occupations,14,7,7
S01013326,3. Associate professional and technical occupations,14,9,5
S01013326,4. Administrative and secretarial occupations,24,6,18
S01013326,5. Skilled trades occupations,22,20,2
S01013326,6. Caring leisure and other service occupations,27,3,24
S01013326,7. Sales and customer service occupations,31,11,20
S01013326,8. Process plant and machine operatives,32,23,9
S01013326,9. Elementary occupations,68,35,33
S01013327,All people aged 16 to 74 in employment,329,160,169
S01013327,1. Managers directors and senior officials,8,6,2
S01013327,2. Professional occupations,9,5,4
S01013327,3. Associate professional and technical occupations,21,9,12
S01013327,4. Administrative and secretarial occupations,38,8,30
S01013327,5. Skilled trades occupations,37,33,4
S01013327,6. Caring leisure and other service occupations,38,2,36
S01013327,7. Sales and customer service occupations,57,14,43
S01013327,8. Process plant and machine operatives,50,44,6
S01013327,9. Elementary occupations,71,39,32
S01013328,All people aged 16 to 74 in employment,287,149,138
S01013328,1. Managers directors and senior officials,12,5,7
S01013328,2. Professional occupations,16,8,8
S01013328,3. Associate professional and technical occupations,21,12,9
S01013328,4. Administrative and secretarial occupations,18,4,14
S01013328,5. Skilled trades occupations,31,25,6
S01013328,6. Caring leisure and other service occupations,34,7,27
S01013328,7. Sales and customer service occupations,50,17,33
S01013328,8. Process plant and machine operatives,34,28,6
S01013328,9. Elementary occupations,71,43,28
S01013329,All people aged 16 to 74 in employment,243,120,123
S01013329,1. Managers directors and senior officials,15,7,8
S01013329,2. Professional occupations,18,8,10
S01013329,3. Associate professional and technical occupations,22,12,10
S01013329,4. Administrative and secretarial occupations,30,9,21
S01013329,5. Skilled trades occupations,18,13,5
S01013329,6. Caring leisure and other service occupations,24,2,22
S01013329,7. Sales and customer service occupations,32,10,22
S01013329,8. Process plant and machine operatives,38,34,4
S01013329,9. Elementary occupations,46,25,21
S01013330,All people aged 16 to 74 in employment,664,359,305
S01013330,1. Managers directors and senior officials,59,38,21
S01013330,2. Professional occupations,102,59,43
S01013330,3. Associate professional and technical occupations,114,62,52
S01013330,4. Administrative and secretarial occupations,81,17,64
S01013330,5. Skilled trades occupations,64,59,5
S01013330,6. Caring leisure and other service occupations,39,5,34
S01013330,7. Sales and customer service occupations,83,29,54
S01013330,8. Process plant and machine operatives,58,54,4
S01013330,9. Elementary occupations,64,36,28
S01013331,All people aged 16 to 74 in employment,374,202,172
S01013331,1. Managers directors and senior officials,33,24,9
S01013331,2. Professional occupations,53,29,24
S01013331,3. Associate professional and technical occupations,48,32,16
S01013331,4. Administrative and secretarial occupations,64,19,45
S01013331,5. Skilled trades occupations,25,22,3
S01013331,6. Caring leisure and other service occupations,23,3,20
S01013331,7. Sales and customer service occupations,49,14,35
S01013331,8. Process plant and machine operatives,39,32,7
S01013331,9. Elementary occupations,40,27,13
S01013332,All people aged 16 to 74 in employment,328,163,165
S01013332,1. Managers directors and senior officials,16,11,5
S01013332,2. Professional occupations,29,10,19
S01013332,3. Associate professional and technical occupations,28,20,8
S01013332,4. Administrative and secretarial occupations,43,11,32
S01013332,5. Skilled trades occupations,43,38,5
S01013332,6. Caring leisure and other service occupations,33,1,32
S01013332,7. Sales and customer service occupations,51,13,38
S01013332,8. Process plant and machine operatives,34,31,3
S01013332,9. Elementary occupations,51,28,23
S01013333,All people aged 16 to 74 in employment,445,245,200
S01013333,1. Managers directors and senior officials,33,22,11
S01013333,2. Professional occupations,59,28,31
S01013333,3. Associate professional and technical occupations,70,41,29
S01013333,4. Administrative and secretarial occupations,64,16,48
S01013333,5. Skilled trades occupations,39,35,4
S01013333,6. Caring leisure and other service occupations,28,6,22
S01013333,7. Sales and customer service occupations,60,20,40
S01013333,8. Process plant and machine operatives,56,54,2
S01013333,9. Elementary occupations,36,23,13
S01013334,All people aged 16 to 74 in employment,350,176,174
S01013334,1. Managers directors and senior officials,14,6,8
S01013334,2. Professional occupations,22,16,6
S01013334,3. Associate professional and technical occupations,41,18,23
S01013334,4. Administrative and secretarial occupations,36,10,26
S01013334,5. Skilled trades occupations,43,38,5
S01013334,6. Caring leisure and other service occupations,33,3,30
S01013334,7. Sales and customer service occupations,48,15,33
S01013334,8. Process plant and machine operatives,44,36,8
S01013334,9. Elementary occupations,69,34,35
S01013335,All people aged 16 to 74 in employment,318,167,151
S01013335,1. Managers directors and senior officials,16,10,6
S01013335,2. Professional occupations,16,4,12
S01013335,3. Associate professional and technical occupations,21,15,6
S01013335,4. Administrative and secretarial occupations,32,10,22
S01013335,5. Skilled trades occupations,37,33,4
S01013335,6. Caring leisure and other service occupations,31,7,24
S01013335,7. Sales and customer service occupations,60,17,43
S01013335,8. Process plant and machine operatives,35,32,3
S01013335,9. Elementary occupations,70,39,31
S01013336,All people aged 16 to 74 in employment,372,183,189
S01013336,1. Managers directors and senior officials,14,7,7
S01013336,2. Professional occupations,24,10,14
S01013336,3. Associate professional and technical occupations,27,18,9
S01013336,4. Administrative and secretarial occupations,32,5,27
S01013336,5. Skilled trades occupations,40,36,4
S01013336,6. Caring leisure and other service occupations,34,7,27
S01013336,7. Sales and customer service occupations,50,15,35
S01013336,8. Process plant and machine operatives,56,39,17
S01013336,9. Elementary occupations,95,46,49
S01013337,All people aged 16 to 74 in employment,495,265,230
S01013337,1. Managers directors and senior officials,42,32,10
S01013337,2. Professional occupations,67,22,45
S01013337,3. Associate professional and technical occupations,52,32,20
S01013337,4. Administrative and secretarial occupations,63,13,50
S01013337,5. Skilled trades occupations,57,50,7
S01013337,6. Caring leisure and other service occupations,34,9,25
S01013337,7. Sales and customer service occupations,52,12,40
S01013337,8. Process plant and machine operatives,62,54,8
S01013337,9. Elementary occupations,66,41,25
S01013338,All people aged 16 to 74 in employment,298,164,134
S01013338,1. Managers directors and senior officials,52,36,16
S01013338,2. Professional occupations,69,37,32
S01013338,3. Associate professional and technical occupations,46,29,17
S01013338,4. Administrative and secretarial occupations,35,9,26
S01013338,5. Skilled trades occupations,20,19,1
S01013338,6. Caring leisure and other service occupations,19,3,16
S01013338,7. Sales and customer service occupations,31,12,19
S01013338,8. Process plant and machine operatives,10,8,2
S01013338,9. Elementary occupations,16,11,5
S01013339,All people aged 16 to 74 in employment,330,163,167
S01013339,1. Managers directors and senior officials,30,22,8
S01013339,2. Professional occupations,58,29,29
S01013339,3. Associate professional and technical occupations,53,24,29
S01013339,4. Administrative and secretarial occupations,51,10,41
S01013339,5. Skilled trades occupations,32,29,3
S01013339,6. Caring leisure and other service occupations,24,5,19
S01013339,7. Sales and customer service occupations,38,14,24
S01013339,8. Process plant and machine operatives,20,15,5
S01013339,9. Elementary occupations,24,15,9
S01013340,All people aged 16 to 74 in employment,450,227,223
S01013340,1. Managers directors and senior officials,53,29,24
S01013340,2. Professional occupations,80,44,36
S01013340,3. Associate professional and technical occupations,65,44,21
S01013340,4. Administrative and secretarial occupations,67,15,52
S01013340,5. Skilled trades occupations,43,41,2
S01013340,6. Caring leisure and other service occupations,26,1,25
S01013340,7. Sales and customer service occupations,55,15,40
S01013340,8. Process plant and machine operatives,23,18,5
S01013340,9. Elementary occupations,38,20,18
S01013341,All people aged 16 to 74 in employment,516,285,231
S01013341,1. Managers directors and senior officials,117,79,38
S01013341,2. Professional occupations,103,54,49
S01013341,3. Associate professional and technical occupations,102,64,38
S01013341,4. Administrative and secretarial occupations,55,9,46
S01013341,5. Skilled trades occupations,26,25,1
S01013341,6. Caring leisure and other service occupations,29,2,27
S01013341,7. Sales and customer service occupations,37,17,20
S01013341,8. Process plant and machine operatives,25,23,2
S01013341,9. Elementary occupations,22,12,10
S01013342,All people aged 16 to 74 in employment,294,163,131
S01013342,1. Managers directors and senior officials,21,16,5
S01013342,2. Professional occupations,12,6,6
S01013342,3. Associate professional and technical occupations,23,16,7
S01013342,4. Administrative and secretarial occupations,34,7,27
S01013342,5. Skilled trades occupations,28,28,0
S01013342,6. Caring leisure and other service occupations,33,3,30
S01013342,7. Sales and customer service occupations,42,12,30
S01013342,8. Process plant and machine operatives,40,35,5
S01013342,9. Elementary occupations,61,40,21
S01013343,All people aged 16 to 74 in employment,348,181,167
S01013343,1. Managers directors and senior officials,28,18,10
S01013343,2. Professional occupations,26,14,12
S01013343,3. Associate professional and technical occupations,36,16,20
S01013343,4. Administrative and secretarial occupations,51,15,36
S01013343,5. Skilled trades occupations,33,30,3
S01013343,6. Caring leisure and other service occupations,37,9,28
S01013343,7. Sales and customer service occupations,55,17,38
S01013343,8. Process plant and machine operatives,45,40,5
S01013343,9. Elementary occupations,37,22,15
S01013344,All people aged 16 to 74 in employment,311,164,147
S01013344,1. Managers directors and senior officials,15,11,4
S01013344,2. Professional occupations,21,8,13
S01013344,3. Associate professional and technical occupations,32,17,15
S01013344,4. Administrative and secretarial occupations,31,8,23
S01013344,5. Skilled trades occupations,41,38,3
S01013344,6. Caring leisure and other service occupations,35,5,30
S01013344,7. Sales and customer service occupations,46,9,37
S01013344,8. Process plant and machine operatives,41,37,4
S01013344,9. Elementary occupations,49,31,18
S01013345,All people aged 16 to 74 in employment,365,205,160
S01013345,1. Managers directors and senior officials,11,6,5
S01013345,2. Professional occupations,28,11,17
S01013345,3. Associate professional and technical occupations,32,22,10
S01013345,4. Administrative and secretarial occupations,40,10,30
S01013345,5. Skilled trades occupations,38,33,5
S01013345,6. Caring leisure and other service occupations,24,3,21
S01013345,7. Sales and customer service occupations,46,19,27
S01013345,8. Process plant and machine operatives,56,50,6
S01013345,9. Elementary occupations,90,51,39
S01013346,All people aged 16 to 74 in employment,471,242,229
S01013346,1. Managers directors and senior officials,55,41,14
S01013346,2. Professional occupations,91,42,49
S01013346,3. Associate professional and technical occupations,53,37,16
S01013346,4. Administrative and secretarial occupations,68,12,56
S01013346,5. Skilled trades occupations,37,33,4
S01013346,6. Caring leisure and other service occupations,42,5,37
S01013346,7. Sales and customer service occupations,60,24,36
S01013346,8. Process plant and machine operatives,30,26,4
S01013346,9. Elementary occupations,35,22,13
S01013347,All people aged 16 to 74 in employment,421,216,205
S01013347,1. Managers directors and senior officials,36,25,11
S01013347,2. Professional occupations,60,27,33
S01013347,3. Associate professional and technical occupations,59,36,23
S01013347,4. Administrative and secretarial occupations,68,12,56
S01013347,5. Skilled trades occupations,42,33,9
S01013347,6. Caring leisure and other service occupations,28,8,20
S01013347,7. Sales and customer service occupations,45,17,28
S01013347,8. Process plant and machine operatives,43,40,3
S01013347,9. Elementary occupations,40,18,22
S01013348,All people aged 16 to 74 in employment,274,140,134
S01013348,1. Managers directors and senior officials,30,17,13
S01013348,2. Professional occupations,52,32,20
S01013348,3. Associate professional and technical occupations,44,26,18
S01013348,4. Administrative and secretarial occupations,43,7,36
S01013348,5. Skilled trades occupations,23,22,1
S01013348,6. Caring leisure and other service occupations,21,5,16
S01013348,7. Sales and customer service occupations,29,6,23
S01013348,8. Process plant and machine operatives,22,20,2
S01013348,9. Elementary occupations,10,5,5
S01013349,All people aged 16 to 74 in employment,475,267,208
S01013349,1. Managers directors and senior officials,39,30,9
S01013349,2. Professional occupations,83,54,29
S01013349,3. Associate professional and technical occupations,52,30,22
S01013349,4. Administrative and secretarial occupations,52,18,34
S01013349,5. Skilled trades occupations,38,36,2
S01013349,6. Caring leisure and other service occupations,34,3,31
S01013349,7. Sales and customer service occupations,68,23,45
S01013349,8. Process plant and machine operatives,24,20,4
S01013349,9. Elementary occupations,85,53,32
S01013350,All people aged 16 to 74 in employment,355,185,170
S01013350,1. Managers directors and senior officials,29,18,11
S01013350,2. Professional occupations,19,10,9
S01013350,3. Associate professional and technical occupations,27,14,13
S01013350,4. Administrative and secretarial occupations,51,13,38
S01013350,5. Skilled trades occupations,55,48,7
S01013350,6. Caring leisure and other service occupations,30,3,27
S01013350,7. Sales and customer service occupations,49,18,31
S01013350,8. Process plant and machine operatives,36,28,8
S01013350,9. Elementary occupations,59,33,26
S01013351,All people aged 16 to 74 in employment,415,207,208
S01013351,1. Managers directors and senior officials,34,16,18
S01013351,2. Professional occupations,36,15,21
S01013351,3. Associate professional and technical occupations,31,19,12
S01013351,4. Administrative and secretarial occupations,61,12,49
S01013351,5. Skilled trades occupations,47,44,3
S01013351,6. Caring leisure and other service occupations,37,9,28
S01013351,7. Sales and customer service occupations,56,14,42
S01013351,8. Process plant and machine operatives,42,30,12
S01013351,9. Elementary occupations,71,48,23
S01013352,All people aged 16 to 74 in employment,466,236,230
S01013352,1. Managers directors and senior officials,19,7,12
S01013352,2. Professional occupations,36,10,26
S01013352,3. Associate professional and technical occupations,46,25,21
S01013352,4. Administrative and secretarial occupations,69,20,49
S01013352,5. Skilled trades occupations,59,48,11
S01013352,6. Caring leisure and other service occupations,37,8,29
S01013352,7. Sales and customer service occupations,67,23,44
S01013352,8. Process plant and machine operatives,58,52,6
S01013352,9. Elementary occupations,75,43,32
S01013353,All people aged 16 to 74 in employment,311,156,155
S01013353,1. Managers directors and senior officials,12,4,8
S01013353,2. Professional occupations,13,7,6
S01013353,3. Associate professional and technical occupations,36,23,13
S01013353,4. Administrative and secretarial occupations,43,7,36
S01013353,5. Skilled trades occupations,36,34,2
S01013353,6. Caring leisure and other service occupations,40,8,32
S01013353,7. Sales and customer service occupations,37,9,28
S01013353,8. Process plant and machine operatives,38,31,7
S01013353,9. Elementary occupations,56,33,23
S01013354,All people aged 16 to 74 in employment,400,201,199
S01013354,1. Managers directors and senior officials,45,27,18
S01013354,2. Professional occupations,54,18,36
S01013354,3. Associate professional and technical occupations,39,17,22
S01013354,4. Administrative and secretarial occupations,51,11,40
S01013354,5. Skilled trades occupations,52,50,2
S01013354,6. Caring leisure and other service occupations,42,9,33
S01013354,7. Sales and customer service occupations,38,14,24
S01013354,8. Process plant and machine operatives,45,36,9
S01013354,9. Elementary occupations,34,19,15
S01013355,All people aged 16 to 74 in employment,319,162,157
S01013355,1. Managers directors and senior officials,22,14,8
S01013355,2. Professional occupations,46,19,27
S01013355,3. Associate professional and technical occupations,39,22,17
S01013355,4. Administrative and secretarial occupations,50,8,42
S01013355,5. Skilled trades occupations,43,40,3
S01013355,6. Caring leisure and other service occupations,19,3,16
S01013355,7. Sales and customer service occupations,21,4,17
S01013355,8. Process plant and machine operatives,33,27,6
S01013355,9. Elementary occupations,46,25,21
S01013356,All people aged 16 to 74 in employment,326,161,165
S01013356,1. Managers directors and senior officials,24,12,12
S01013356,2. Professional occupations,22,8,14
S01013356,3. Associate professional and technical occupations,31,17,14
S01013356,4. Administrative and secretarial occupations,30,6,24
S01013356,5. Skilled trades occupations,34,26,8
S01013356,6. Caring leisure and other service occupations,25,5,20
S01013356,7. Sales and customer service occupations,41,7,34
S01013356,8. Process plant and machine operatives,64,54,10
S01013356,9. Elementary occupations,55,26,29
S01013357,All people aged 16 to 74 in employment,426,218,208
S01013357,1. Managers directors and senior officials,34,28,6
S01013357,2. Professional occupations,56,20,36
S01013357,3. Associate professional and technical occupations,57,29,28
S01013357,4. Administrative and secretarial occupations,57,8,49
S01013357,5. Skilled trades occupations,61,57,4
S01013357,6. Caring leisure and other service occupations,37,4,33
S01013357,7. Sales and customer service occupations,40,14,26
S01013357,8. Process plant and machine operatives,36,32,4
S01013357,9. Elementary occupations,48,26,22
S01013358,All people aged 16 to 74 in employment,397,205,192
S01013358,1. Managers directors and senior officials,34,18,16
S01013358,2. Professional occupations,38,18,20
S01013358,3. Associate professional and technical occupations,41,23,18
S01013358,4. Administrative and secretarial occupations,47,10,37
S01013358,5. Skilled trades occupations,55,49,6
S01013358,6. Caring leisure and other service occupations,39,6,33
S01013358,7. Sales and customer service occupations,41,13,28
S01013358,8. Process plant and machine operatives,55,44,11
S01013358,9. Elementary occupations,47,24,23
S01013359,All people aged 16 to 74 in employment,267,130,137
S01013359,1. Managers directors and senior officials,20,8,12
S01013359,2. Professional occupations,14,6,8
S01013359,3. Associate professional and technical occupations,25,8,17
S01013359,4. Administrative and secretarial occupations,21,3,18
S01013359,5. Skilled trades occupations,34,33,1
S01013359,6. Caring leisure and other service occupations,19,2,17
S01013359,7. Sales and customer service occupations,38,11,27
S01013359,8. Process plant and machine operatives,39,32,7
S01013359,9. Elementary occupations,57,27,30
S01013360,All people aged 16 to 74 in employment,294,147,147
S01013360,1. Managers directors and senior officials,22,11,11
S01013360,2. Professional occupations,20,10,10
S01013360,3. Associate professional and technical occupations,21,11,10
S01013360,4. Administrative and secretarial occupations,35,6,29
S01013360,5. Skilled trades occupations,37,35,2
S01013360,6. Caring leisure and other service occupations,24,4,20
S01013360,7. Sales and customer service occupations,42,12,30
S01013360,8. Process plant and machine operatives,37,28,9
S01013360,9. Elementary occupations,56,30,26
S01013361,All people aged 16 to 74 in employment,255,117,138
S01013361,1. Managers directors and senior officials,20,8,12
S01013361,2. Professional occupations,7,3,4
S01013361,3. Associate professional and technical occupations,20,9,11
S01013361,4. Administrative and secretarial occupations,35,13,22
S01013361,5. Skilled trades occupations,33,27,6
S01013361,6. Caring leisure and other service occupations,25,1,24
S01013361,7. Sales and customer service occupations,37,4,33
S01013361,8. Process plant and machine operatives,37,31,6
S01013361,9. Elementary occupations,41,21,20
S01013362,All people aged 16 to 74 in employment,199,98,101
S01013362,1. Managers directors and senior officials,11,9,2
S01013362,2. Professional occupations,6,2,4
S01013362,3. Associate professional and technical occupations,25,11,14
S01013362,4. Administrative and secretarial occupations,28,7,21
S01013362,5. Skilled trades occupations,21,18,3
S01013362,6. Caring leisure and other service occupations,17,1,16
S01013362,7. Sales and customer service occupations,20,0,20
S01013362,8. Process plant and machine operatives,38,31,7
S01013362,9. Elementary occupations,33,19,14
S01013363,All people aged 16 to 74 in employment,297,162,135
S01013363,1. Managers directors and senior officials,12,9,3
S01013363,2. Professional occupations,10,4,6
S01013363,3. Associate professional and technical occupations,23,14,9
S01013363,4. Administrative and secretarial occupations,32,4,28
S01013363,5. Skilled trades occupations,40,34,6
S01013363,6. Caring leisure and other service occupations,24,6,18
S01013363,7. Sales and customer service occupations,44,12,32
S01013363,8. Process plant and machine operatives,49,44,5
S01013363,9. Elementary occupations,63,35,28
S01013364,All people aged 16 to 74 in employment,460,251,209
S01013364,1. Managers directors and senior officials,42,27,15
S01013364,2. Professional occupations,59,30,29
S01013364,3. Associate professional and technical occupations,62,33,29
S01013364,4. Administrative and secretarial occupations,37,10,27
S01013364,5. Skilled trades occupations,58,51,7
S01013364,6. Caring leisure and other service occupations,47,7,40
S01013364,7. Sales and customer service occupations,44,16,28
S01013364,8. Process plant and machine operatives,62,49,13
S01013364,9. Elementary occupations,49,28,21
S01013365,All people aged 16 to 74 in employment,449,223,226
S01013365,1. Managers directors and senior officials,43,25,18
S01013365,2. Professional occupations,57,22,35
S01013365,3. Associate professional and technical occupations,50,23,27
S01013365,4. Administrative and secretarial occupations,63,9,54
S01013365,5. Skilled trades occupations,71,62,9
S01013365,6. Caring leisure and other service occupations,26,6,20
S01013365,7. Sales and customer service occupations,46,13,33
S01013365,8. Process plant and machine operatives,46,40,6
S01013365,9. Elementary occupations,47,23,24
S01013366,All people aged 16 to 74 in employment,507,258,249
S01013366,1. Managers directors and senior officials,43,34,9
S01013366,2. Professional occupations,55,22,33
S01013366,3. Associate professional and technical occupations,77,47,30
S01013366,4. Administrative and secretarial occupations,85,17,68
S01013366,5. Skilled trades occupations,68,62,6
S01013366,6. Caring leisure and other service occupations,43,7,36
S01013366,7. Sales and customer service occupations,52,18,34
S01013366,8. Process plant and machine operatives,41,34,7
S01013366,9. Elementary occupations,43,17,26
S01013367,All people aged 16 to 74 in employment,348,184,164
S01013367,1. Managers directors and senior officials,48,27,21
S01013367,2. Professional occupations,57,30,27
S01013367,3. Associate professional and technical occupations,49,32,17
S01013367,4. Administrative and secretarial occupations,45,6,39
S01013367,5. Skilled trades occupations,38,37,1
S01013367,6. Caring leisure and other service occupations,22,2,20
S01013367,7. Sales and customer service occupations,31,12,19
S01013367,8. Process plant and machine operatives,29,24,5
S01013367,9. Elementary occupations,29,14,15
S01013368,All people aged 16 to 74 in employment,368,192,176
S01013368,1. Managers directors and senior officials,39,23,16
S01013368,2. Professional occupations,26,11,15
S01013368,3. Associate professional and technical occupations,42,25,17
S01013368,4. Administrative and secretarial occupations,40,8,32
S01013368,5. Skilled trades occupations,51,47,4
S01013368,6. Caring leisure and other service occupations,33,6,27
S01013368,7. Sales and customer service occupations,44,15,29
S01013368,8. Process plant and machine operatives,52,43,9
S01013368,9. Elementary occupations,41,14,27
S01013369,All people aged 16 to 74 in employment,346,178,168
S01013369,1. Managers directors and senior officials,17,10,7
S01013369,2. Professional occupations,19,12,7
S01013369,3. Associate professional and technical occupations,35,20,15
S01013369,4. Administrative and secretarial occupations,34,4,30
S01013369,5. Skilled trades occupations,49,41,8
S01013369,6. Caring leisure and other service occupations,29,2,27
S01013369,7. Sales and customer service occupations,37,11,26
S01013369,8. Process plant and machine operatives,52,42,10
S01013369,9. Elementary occupations,74,36,38
S01013370,All people aged 16 to 74 in employment,231,123,108
S01013370,1. Managers directors and senior officials,13,6,7
S01013370,2. Professional occupations,20,11,9
S01013370,3. Associate professional and technical occupations,26,11,15
S01013370,4. Administrative and secretarial occupations,16,5,11
S01013370,5. Skilled trades occupations,32,28,4
S01013370,6. Caring leisure and other service occupations,27,4,23
S01013370,7. Sales and customer service occupations,24,9,15
S01013370,8. Process plant and machine operatives,30,25,5
S01013370,9. Elementary occupations,43,24,19
S01013371,All people aged 16 to 74 in employment,246,131,115
S01013371,1. Managers directors and senior officials,13,8,5
S01013371,2. Professional occupations,16,10,6
S01013371,3. Associate professional and technical occupations,21,14,7
S01013371,4. Administrative and secretarial occupations,32,9,23
S01013371,5. Skilled trades occupations,32,29,3
S01013371,6. Caring leisure and other service occupations,29,6,23
S01013371,7. Sales and customer service occupations,34,9,25
S01013371,8. Process plant and machine operatives,29,24,5
S01013371,9. Elementary occupations,40,22,18
S01013372,All people aged 16 to 74 in employment,416,206,210
S01013372,1. Managers directors and senior officials,16,7,9
S01013372,2. Professional occupations,13,4,9
S01013372,3. Associate professional and technical occupations,32,21,11
S01013372,4. Administrative and secretarial occupations,44,12,32
S01013372,5. Skilled trades occupations,49,44,5
S01013372,6. Caring leisure and other service occupations,41,0,41
S01013372,7. Sales and customer service occupations,65,21,44
S01013372,8. Process plant and machine operatives,72,62,10
S01013372,9. Elementary occupations,84,35,49
S01013373,All people aged 16 to 74 in employment,379,199,180
S01013373,1. Managers directors and senior officials,24,15,9
S01013373,2. Professional occupations,29,9,20
S01013373,3. Associate professional and technical occupations,31,14,17
S01013373,4. Administrative and secretarial occupations,40,9,31
S01013373,5. Skilled trades occupations,56,49,7
S01013373,6. Caring leisure and other service occupations,41,5,36
S01013373,7. Sales and customer service occupations,42,13,29
S01013373,8. Process plant and machine operatives,48,42,6
S01013373,9. Elementary occupations,68,43,25
S01013374,All people aged 16 to 74 in employment,332,156,176
S01013374,1. Managers directors and senior officials,13,9,4
S01013374,2. Professional occupations,16,7,9
S01013374,3. Associate professional and technical occupations,17,5,12
S01013374,4. Administrative and secretarial occupations,38,5,33
S01013374,5. Skilled trades occupations,52,47,5
S01013374,6. Caring leisure and other service occupations,35,5,30
S01013374,7. Sales and customer service occupations,46,9,37
S01013374,8. Process plant and machine operatives,44,38,6
S01013374,9. Elementary occupations,71,31,40
S01013375,All people aged 16 to 74 in employment,263,130,133
S01013375,1. Managers directors and senior officials,13,5,8
S01013375,2. Professional occupations,13,8,5
S01013375,3. Associate professional and technical occupations,19,7,12
S01013375,4. Administrative and secretarial occupations,35,4,31
S01013375,5. Skilled trades occupations,34,25,9
S01013375,6. Caring leisure and other service occupations,20,6,14
S01013375,7. Sales and customer service occupations,31,7,24
S01013375,8. Process plant and machine operatives,56,40,16
S01013375,9. Elementary occupations,42,28,14
S01013376,All people aged 16 to 74 in employment,248,132,116
S01013376,1. Managers directors and senior officials,9,4,5
S01013376,2. Professional occupations,15,9,6
S01013376,3. Associate professional and technical occupations,22,10,12
S01013376,4. Administrative and secretarial occupations,31,4,27
S01013376,5. Skilled trades occupations,34,32,2
S01013376,6. Caring leisure and other service occupations,29,8,21
S01013376,7. Sales and customer service occupations,24,6,18
S01013376,8. Process plant and machine operatives,31,26,5
S01013376,9. Elementary occupations,53,33,20
S01013377,All people aged 16 to 74 in employment,308,169,139
S01013377,1. Managers directors and senior officials,15,9,6
S01013377,2. Professional occupations,26,11,15
S01013377,3. Associate professional and technical occupations,19,11,8
S01013377,4. Administrative and secretarial occupations,32,6,26
S01013377,5. Skilled trades occupations,46,41,5
S01013377,6. Caring leisure and other service occupations,29,5,24
S01013377,7. Sales and customer service occupations,33,9,24
S01013377,8. Process plant and machine operatives,58,48,10
S01013377,9. Elementary occupations,50,29,21
S01013378,All people aged 16 to 74 in employment,461,233,228
S01013378,1. Managers directors and senior officials,39,24,15
S01013378,2. Professional occupations,49,14,35
S01013378,3. Associate professional and technical occupations,42,29,13
S01013378,4. Administrative and secretarial occupations,58,5,53
S01013378,5. Skilled trades occupations,54,49,5
S01013378,6. Caring leisure and other service occupations,36,7,29
S01013378,7. Sales and customer service occupations,57,22,35
S01013378,8. Process plant and machine operatives,58,51,7
S01013378,9. Elementary occupations,68,32,36
S01013379,All people aged 16 to 74 in employment,433,217,216
S01013379,1. Managers directors and senior officials,22,9,13
S01013379,2. Professional occupations,45,22,23
S01013379,3. Associate professional and technical occupations,46,29,17
S01013379,4. Administrative and secretarial occupations,57,11,46
S01013379,5. Skilled trades occupations,51,45,6
S01013379,6. Caring leisure and other service occupations,36,4,32
S01013379,7. Sales and customer service occupations,58,12,46
S01013379,8. Process plant and machine operatives,59,48,11
S01013379,9. Elementary occupations,59,37,22
S01013380,All people aged 16 to 74 in employment,53,32,21
S01013380,1. Managers directors and senior officials,5,4,1
S01013380,2. Professional occupations,6,3,3
S01013380,3. Associate professional and technical occupations,3,1,2
S01013380,4. Administrative and secretarial occupations,7,2,5
S01013380,5. Skilled trades occupations,15,14,1
S01013380,6. Caring leisure and other service occupations,2,0,2
S01013380,7. Sales and customer service occupations,5,2,3
S01013380,8. Process plant and machine operatives,4,4,0
S01013380,9. Elementary occupations,6,2,4
S01013381,All people aged 16 to 74 in employment,226,127,99
S01013381,1. Managers directors and senior officials,15,10,5
S01013381,2. Professional occupations,20,10,10
S01013381,3. Associate professional and technical occupations,19,11,8
S01013381,4. Administrative and secretarial occupations,21,2,19
S01013381,5. Skilled trades occupations,35,33,2
S01013381,6. Caring leisure and other service occupations,22,7,15
S01013381,7. Sales and customer service occupations,16,3,13
S01013381,8. Process plant and machine operatives,36,25,11
S01013381,9. Elementary occupations,42,26,16
S01013382,All people aged 16 to 74 in employment,304,170,134
S01013382,1. Managers directors and senior officials,30,23,7
S01013382,2. Professional occupations,17,9,8
S01013382,3. Associate professional and technical occupations,33,20,13
S01013382,4. Administrative and secretarial occupations,32,4,28
S01013382,5. Skilled trades occupations,45,40,5
S01013382,6. Caring leisure and other service occupations,21,3,18
S01013382,7. Sales and customer service occupations,33,10,23
S01013382,8. Process plant and machine operatives,52,37,15
S01013382,9. Elementary occupations,41,24,17
S01013383,All people aged 16 to 74 in employment,282,151,131
S01013383,1. Managers directors and senior officials,15,9,6
S01013383,2. Professional occupations,15,6,9
S01013383,3. Associate professional and technical occupations,38,21,17
S01013383,4. Administrative and secretarial occupations,41,11,30
S01013383,5. Skilled trades occupations,35,30,5
S01013383,6. Caring leisure and other service occupations,26,4,22
S01013383,7. Sales and customer service occupations,23,6,17
S01013383,8. Process plant and machine operatives,43,38,5
S01013383,9. Elementary occupations,46,26,20
S01013384,All people aged 16 to 74 in employment,330,166,164
S01013384,1. Managers directors and senior officials,24,12,12
S01013384,2. Professional occupations,28,16,12
S01013384,3. Associate professional and technical occupations,31,11,20
S01013384,4. Administrative and secretarial occupations,42,6,36
S01013384,5. Skilled trades occupations,49,41,8
S01013384,6. Caring leisure and other service occupations,24,6,18
S01013384,7. Sales and customer service occupations,40,8,32
S01013384,8. Process plant and machine operatives,43,39,4
S01013384,9. Elementary occupations,49,27,22
S01013385,All people aged 16 to 74 in employment,260,137,123
S01013385,1. Managers directors and senior officials,25,16,9
S01013385,2. Professional occupations,30,12,18
S01013385,3. Associate professional and technical occupations,34,19,15
S01013385,4. Administrative and secretarial occupations,31,6,25
S01013385,5. Skilled trades occupations,38,36,2
S01013385,6. Caring leisure and other service occupations,31,2,29
S01013385,7. Sales and customer service occupations,24,12,12
S01013385,8. Process plant and machine operatives,26,22,4
S01013385,9. Elementary occupations,21,12,9
S01013386,All people aged 16 to 74 in employment,464,234,230
S01013386,1. Managers directors and senior officials,34,19,15
S01013386,2. Professional occupations,61,28,33
S01013386,3. Associate professional and technical occupations,93,51,42
S01013386,4. Administrative and secretarial occupations,63,12,51
S01013386,5. Skilled trades occupations,58,54,4
S01013386,6. Caring leisure and other service occupations,39,4,35
S01013386,7. Sales and customer service occupations,47,15,32
S01013386,8. Process plant and machine operatives,41,35,6
S01013386,9. Elementary occupations,28,16,12
S01013387,All people aged 16 to 74 in employment,234,125,109
S01013387,1. Managers directors and senior officials,15,7,8
S01013387,2. Professional occupations,18,13,5
S01013387,3. Associate professional and technical occupations,21,11,10
S01013387,4. Administrative and secretarial occupations,20,6,14
S01013387,5. Skilled trades occupations,39,34,5
S01013387,6. Caring leisure and other service occupations,26,6,20
S01013387,7. Sales and customer service occupations,31,6,25
S01013387,8. Process plant and machine operatives,33,28,5
S01013387,9. Elementary occupations,31,14,17
S01013388,All people aged 16 to 74 in employment,319,164,155
S01013388,1. Managers directors and senior officials,19,9,10
S01013388,2. Professional occupations,23,12,11
S01013388,3. Associate professional and technical occupations,43,24,19
S01013388,4. Administrative and secretarial occupations,47,8,39
S01013388,5. Skilled trades occupations,38,37,1
S01013388,6. Caring leisure and other service occupations,27,4,23
S01013388,7. Sales and customer service occupations,38,10,28
S01013388,8. Process plant and machine operatives,44,36,8
S01013388,9. Elementary occupations,40,24,16
S01013389,All people aged 16 to 74 in employment,411,209,202
S01013389,1. Managers directors and senior officials,16,11,5
S01013389,2. Professional occupations,35,18,17
S01013389,3. Associate professional and technical occupations,52,30,22
S01013389,4. Administrative and secretarial occupations,51,4,47
S01013389,5. Skilled trades occupations,58,52,6
S01013389,6. Caring leisure and other service occupations,41,5,36
S01013389,7. Sales and customer service occupations,51,11,40
S01013389,8. Process plant and machine operatives,49,39,10
S01013389,9. Elementary occupations,58,39,19
S01013390,All people aged 16 to 74 in employment,228,123,105
S01013390,1. Managers directors and senior officials,8,5,3
S01013390,2. Professional occupations,21,11,10
S01013390,3. Associate professional and technical occupations,14,6,8
S01013390,4. Administrative and secretarial occupations,30,6,24
S01013390,5. Skilled trades occupations,31,28,3
S01013390,6. Caring leisure and other service occupations,19,5,14
S01013390,7. Sales and customer service occupations,28,3,25
S01013390,8. Process plant and machine operatives,40,33,7
S01013390,9. Elementary occupations,37,26,11
S01013391,All people aged 16 to 74 in employment,212,104,108
S01013391,1. Managers directors and senior officials,19,15,4
S01013391,2. Professional occupations,20,7,13
S01013391,3. Associate professional and technical occupations,28,13,15
S01013391,4. Administrative and secretarial occupations,24,2,22
S01013391,5. Skilled trades occupations,32,28,4
S01013391,6. Caring leisure and other service occupations,17,2,15
S01013391,7. Sales and customer service occupations,22,6,16
S01013391,8. Process plant and machine operatives,22,16,6
S01013391,9. Elementary occupations,28,15,13
S01013392,All people aged 16 to 74 in employment,475,243,232
S01013392,1. Managers directors and senior officials,43,29,14
S01013392,2. Professional occupations,77,31,46
S01013392,3. Associate professional and technical occupations,66,36,30
S01013392,4. Administrative and secretarial occupations,79,15,64
S01013392,5. Skilled trades occupations,63,58,5
S01013392,6. Caring leisure and other service occupations,28,5,23
S01013392,7. Sales and customer service occupations,50,16,34
S01013392,8. Process plant and machine operatives,45,38,7
S01013392,9. Elementary occupations,24,15,9
S01013393,All people aged 16 to 74 in employment,306,161,145
S01013393,1. Managers directors and senior officials,19,11,8
S01013393,2. Professional occupations,33,15,18
S01013393,3. Associate professional and technical occupations,40,19,21
S01013393,4. Administrative and secretarial occupations,35,11,24
S01013393,5. Skilled trades occupations,50,43,7
S01013393,6. Caring leisure and other service occupations,23,2,21
S01013393,7. Sales and customer service occupations,36,9,27
S01013393,8. Process plant and machine operatives,30,26,4
S01013393,9. Elementary occupations,40,25,15
S01013394,All people aged 16 to 74 in employment,278,147,131
S01013394,1. Managers directors and senior officials,18,14,4
S01013394,2. Professional occupations,20,6,14
S01013394,3. Associate professional and technical occupations,22,11,11
S01013394,4. Administrative and secretarial occupations,28,3,25
S01013394,5. Skilled trades occupations,34,27,7
S01013394,6. Caring leisure and other service occupations,41,6,35
S01013394,7. Sales and customer service occupations,28,8,20
S01013394,8. Process plant and machine operatives,44,40,4
S01013394,9. Elementary occupations,43,32,11
S01013395,All people aged 16 to 74 in employment,238,118,120
S01013395,1. Managers directors and senior officials,14,8,6
S01013395,2. Professional occupations,11,5,6
S01013395,3. Associate professional and technical occupations,25,12,13
S01013395,4. Administrative and secretarial occupations,11,2,9
S01013395,5. Skilled trades occupations,31,28,3
S01013395,6. Caring leisure and other service occupations,21,3,18
S01013395,7. Sales and customer service occupations,28,8,20
S01013395,8. Process plant and machine operatives,32,23,9
S01013395,9. Elementary occupations,65,29,36
S01013396,All people aged 16 to 74 in employment,439,228,211
S01013396,1. Managers directors and senior officials,49,32,17
S01013396,2. Professional occupations,77,37,40
S01013396,3. Associate professional and technical occupations,57,34,23
S01013396,4. Administrative and secretarial occupations,80,19,61
S01013396,5. Skilled trades occupations,56,49,7
S01013396,6. Caring leisure and other service occupations,36,5,31
S01013396,7. Sales and customer service occupations,29,10,19
S01013396,8. Process plant and machine operatives,26,23,3
S01013396,9. Elementary occupations,29,19,10
S01013397,All people aged 16 to 74 in employment,443,231,212
S01013397,1. Managers directors and senior officials,33,21,12
S01013397,2. Professional occupations,46,18,28
S01013397,3. Associate professional and technical occupations,52,24,28
S01013397,4. Administrative and secretarial occupations,49,9,40
S01013397,5. Skilled trades occupations,76,71,5
S01013397,6. Caring leisure and other service occupations,50,9,41
S01013397,7. Sales and customer service occupations,34,14,20
S01013397,8. Process plant and machine operatives,49,35,14
S01013397,9. Elementary occupations,54,30,24
S01013398,All people aged 16 to 74 in employment,350,184,166
S01013398,1. Managers directors and senior officials,33,25,8
S01013398,2. Professional occupations,70,33,37
S01013398,3. Associate professional and technical occupations,47,29,18
S01013398,4. Administrative and secretarial occupations,42,6,36
S01013398,5. Skilled trades occupations,42,41,1
S01013398,6. Caring leisure and other service occupations,32,4,28
S01013398,7. Sales and customer service occupations,30,4,26
S01013398,8. Process plant and machine operatives,28,23,5
S01013398,9. Elementary occupations,26,19,7
S01013399,All people aged 16 to 74 in employment,598,301,297
S01013399,1. Managers directors and senior officials,57,40,17
S01013399,2. Professional occupations,88,32,56
S01013399,3. Associate professional and technical occupations,89,45,44
S01013399,4. Administrative and secretarial occupations,72,18,54
S01013399,5. Skilled trades occupations,68,61,7
S01013399,6. Caring leisure and other service occupations,44,6,38
S01013399,7. Sales and customer service occupations,72,22,50
S01013399,8. Process plant and machine operatives,60,46,14
S01013399,9. Elementary occupations,48,31,17
S01013400,All people aged 16 to 74 in employment,345,186,159
S01013400,1. Managers directors and senior officials,27,19,8
S01013400,2. Professional occupations,29,13,16
S01013400,3. Associate professional and technical occupations,39,15,24
S01013400,4. Administrative and secretarial occupations,48,14,34
S01013400,5. Skilled trades occupations,56,54,2
S01013400,6. Caring leisure and other service occupations,28,1,27
S01013400,7. Sales and customer service occupations,27,7,20
S01013400,8. Process plant and machine operatives,50,41,9
S01013400,9. Elementary occupations,41,22,19
S01013401,All people aged 16 to 74 in employment,504,258,246
S01013401,1. Managers directors and senior officials,64,38,26
S01013401,2. Professional occupations,103,53,50
S01013401,3. Associate professional and technical occupations,90,58,32
S01013401,4. Administrative and secretarial occupations,55,10,45
S01013401,5. Skilled trades occupations,52,48,4
S01013401,6. Caring leisure and other service occupations,28,3,25
S01013401,7. Sales and customer service occupations,42,6,36
S01013401,8. Process plant and machine operatives,37,29,8
S01013401,9. Elementary occupations,33,13,20
S01013402,All people aged 16 to 74 in employment,668,347,321
S01013402,1. Managers directors and senior officials,70,41,29
S01013402,2. Professional occupations,174,87,87
S01013402,3. Associate professional and technical occupations,122,72,50
S01013402,4. Administrative and secretarial occupations,81,20,61
S01013402,5. Skilled trades occupations,58,51,7
S01013402,6. Caring leisure and other service occupations,37,3,34
S01013402,7. Sales and customer service occupations,46,19,27
S01013402,8. Process plant and machine operatives,35,28,7
S01013402,9. Elementary occupations,45,26,19
S01013403,All people aged 16 to 74 in employment,525,271,254
S01013403,1. Managers directors and senior officials,65,39,26
S01013403,2. Professional occupations,99,45,54
S01013403,3. Associate professional and technical occupations,101,65,36
S01013403,4. Administrative and secretarial occupations,73,19,54
S01013403,5. Skilled trades occupations,37,33,4
S01013403,6. Caring leisure and other service occupations,33,11,22
S01013403,7. Sales and customer service occupations,47,12,35
S01013403,8. Process plant and machine operatives,29,26,3
S01013403,9. Elementary occupations,41,21,20
S01013404,All people aged 16 to 74 in employment,317,156,161
S01013404,1. Managers directors and senior officials,34,24,10
S01013404,2. Professional occupations,64,29,35
S01013404,3. Associate professional and technical occupations,64,39,25
S01013404,4. Administrative and secretarial occupations,32,7,25
S01013404,5. Skilled trades occupations,16,14,2
S01013404,6. Caring leisure and other service occupations,18,2,16
S01013404,7. Sales and customer service occupations,46,11,35
S01013404,8. Process plant and machine operatives,14,13,1
S01013404,9. Elementary occupations,29,17,12
S01013405,All people aged 16 to 74 in employment,301,152,149
S01013405,1. Managers directors and senior officials,23,16,7
S01013405,2. Professional occupations,30,14,16
S01013405,3. Associate professional and technical occupations,29,14,15
S01013405,4. Administrative and secretarial occupations,33,10,23
S01013405,5. Skilled trades occupations,39,36,3
S01013405,6. Caring leisure and other service occupations,31,2,29
S01013405,7. Sales and customer service occupations,35,8,27
S01013405,8. Process plant and machine operatives,36,26,10
S01013405,9. Elementary occupations,45,26,19
S01013406,All people aged 16 to 74 in employment,267,126,141
S01013406,1. Managers directors and senior officials,18,13,5
S01013406,2. Professional occupations,13,2,11
S01013406,3. Associate professional and technical occupations,22,8,14
S01013406,4. Administrative and secretarial occupations,30,9,21
S01013406,5. Skilled trades occupations,27,23,4
S01013406,6. Caring leisure and other service occupations,31,4,27
S01013406,7. Sales and customer service occupations,26,6,20
S01013406,8. Process plant and machine operatives,39,33,6
S01013406,9. Elementary occupations,61,28,33
S01013407,All people aged 16 to 74 in employment,241,132,109
S01013407,1. Managers directors and senior officials,15,8,7
S01013407,2. Professional occupations,16,6,10
S01013407,3. Associate professional and technical occupations,16,9,7
S01013407,4. Administrative and secretarial occupations,28,5,23
S01013407,5. Skilled trades occupations,36,31,5
S01013407,6. Caring leisure and other service occupations,12,0,12
S01013407,7. Sales and customer service occupations,24,5,19
S01013407,8. Process plant and machine operatives,40,33,7
S01013407,9. Elementary occupations,54,35,19
S01013408,All people aged 16 to 74 in employment,259,131,128
S01013408,1. Managers directors and senior officials,6,0,6
S01013408,2. Professional occupations,15,11,4
S01013408,3. Associate professional and technical occupations,22,10,12
S01013408,4. Administrative and secretarial occupations,34,1,33
S01013408,5. Skilled trades occupations,29,20,9
S01013408,6. Caring leisure and other service occupations,17,4,13
S01013408,7. Sales and customer service occupations,38,11,27
S01013408,8. Process plant and machine operatives,32,27,5
S01013408,9. Elementary occupations,66,47,19
S01013409,All people aged 16 to 74 in employment,553,288,265
S01013409,1. Managers directors and senior officials,49,36,13
S01013409,2. Professional occupations,53,18,35
S01013409,3. Associate professional and technical occupations,72,41,31
S01013409,4. Administrative and secretarial occupations,68,17,51
S01013409,5. Skilled trades occupations,56,48,8
S01013409,6. Caring leisure and other service occupations,31,3,28
S01013409,7. Sales and customer service occupations,83,25,58
S01013409,8. Process plant and machine operatives,61,50,11
S01013409,9. Elementary occupations,80,50,30
S01013410,All people aged 16 to 74 in employment,275,137,138
S01013410,1. Managers directors and senior officials,9,5,4
S01013410,2. Professional occupations,10,3,7
S01013410,3. Associate professional and technical occupations,20,11,9
S01013410,4. Administrative and secretarial occupations,36,9,27
S01013410,5. Skilled trades occupations,24,21,3
S01013410,6. Caring leisure and other service occupations,23,7,16
S01013410,7. Sales and customer service occupations,49,18,31
S01013410,8. Process plant and machine operatives,35,29,6
S01013410,9. Elementary occupations,69,34,35
S01013411,All people aged 16 to 74 in employment,392,209,183
S01013411,1. Managers directors and senior officials,27,22,5
S01013411,2. Professional occupations,70,31,39
S01013411,3. Associate professional and technical occupations,46,27,19
S01013411,4. Administrative and secretarial occupations,49,18,31
S01013411,5. Skilled trades occupations,36,34,2
S01013411,6. Caring leisure and other service occupations,32,4,28
S01013411,7. Sales and customer service occupations,44,20,24
S01013411,8. Process plant and machine operatives,32,26,6
S01013411,9. Elementary occupations,56,27,29
S01013412,All people aged 16 to 74 in employment,395,198,197
S01013412,1. Managers directors and senior officials,32,16,16
S01013412,2. Professional occupations,54,28,26
S01013412,3. Associate professional and technical occupations,47,23,24
S01013412,4. Administrative and secretarial occupations,69,21,48
S01013412,5. Skilled trades occupations,45,43,2
S01013412,6. Caring leisure and other service occupations,20,2,18
S01013412,7. Sales and customer service occupations,60,15,45
S01013412,8. Process plant and machine operatives,30,27,3
S01013412,9. Elementary occupations,38,23,15
S01013413,All people aged 16 to 74 in employment,390,202,188
S01013413,1. Managers directors and senior officials,57,35,22
S01013413,2. Professional occupations,93,44,49
S01013413,3. Associate professional and technical occupations,58,29,29
S01013413,4. Administrative and secretarial occupations,39,10,29
S01013413,5. Skilled trades occupations,41,35,6
S01013413,6. Caring leisure and other service occupations,21,3,18
S01013413,7. Sales and customer service occupations,37,13,24
S01013413,8. Process plant and machine operatives,26,24,2
S01013413,9. Elementary occupations,18,9,9
S01013414,All people aged 16 to 74 in employment,376,196,180
S01013414,1. Managers directors and senior officials,32,15,17
S01013414,2. Professional occupations,64,30,34
S01013414,3. Associate professional and technical occupations,41,25,16
S01013414,4. Administrative and secretarial occupations,41,6,35
S01013414,5. Skilled trades occupations,49,45,4
S01013414,6. Caring leisure and other service occupations,24,6,18
S01013414,7. Sales and customer service occupations,31,7,24
S01013414,8. Process plant and machine operatives,30,22,8
S01013414,9. Elementary occupations,64,40,24
S01013415,All people aged 16 to 74 in employment,247,124,123
S01013415,1. Managers directors and senior officials,13,7,6
S01013415,2. Professional occupations,15,10,5
S01013415,3. Associate professional and technical occupations,23,10,13
S01013415,4. Administrative and secretarial occupations,35,12,23
S01013415,5. Skilled trades occupations,27,25,2
S01013415,6. Caring leisure and other service occupations,21,2,19
S01013415,7. Sales and customer service occupations,48,13,35
S01013415,8. Process plant and machine operatives,28,25,3
S01013415,9. Elementary occupations,37,20,17
S01013416,All people aged 16 to 74 in employment,268,142,126
S01013416,1. Managers directors and senior officials,12,4,8
S01013416,2. Professional occupations,18,8,10
S01013416,3. Associate professional and technical occupations,27,9,18
S01013416,4. Administrative and secretarial occupations,27,6,21
S01013416,5. Skilled trades occupations,35,33,2
S01013416,6. Caring leisure and other service occupations,25,4,21
S01013416,7. Sales and customer service occupations,40,13,27
S01013416,8. Process plant and machine operatives,38,33,5
S01013416,9. Elementary occupations,46,32,14
S01013417,All people aged 16 to 74 in employment,430,224,206
S01013417,1. Managers directors and senior officials,28,18,10
S01013417,2. Professional occupations,56,21,35
S01013417,3. Associate professional and technical occupations,57,28,29
S01013417,4. Administrative and secretarial occupations,52,12,40
S01013417,5. Skilled trades occupations,39,35,4
S01013417,6. Caring leisure and other service occupations,35,7,28
S01013417,7. Sales and customer service occupations,48,17,31
S01013417,8. Process plant and machine operatives,51,42,9
S01013417,9. Elementary occupations,64,44,20
S01013418,All people aged 16 to 74 in employment,313,170,143
S01013418,1. Managers directors and senior officials,26,14,12
S01013418,2. Professional occupations,48,23,25
S01013418,3. Associate professional and technical occupations,45,29,16
S01013418,4. Administrative and secretarial occupations,31,7,24
S01013418,5. Skilled trades occupations,40,39,1
S01013418,6. Caring leisure and other service occupations,25,4,21
S01013418,7. Sales and customer service occupations,38,12,26
S01013418,8. Process plant and machine operatives,28,24,4
S01013418,9. Elementary occupations,32,18,14
S01013419,All people aged 16 to 74 in employment,255,128,127
S01013419,1. Managers directors and senior officials,29,17,12
S01013419,2. Professional occupations,45,24,21
S01013419,3. Associate professional and technical occupations,39,24,15
S01013419,4. Administrative and secretarial occupations,42,7,35
S01013419,5. Skilled trades occupations,27,23,4
S01013419,6. Caring leisure and other service occupations,15,2,13
S01013419,7. Sales and customer service occupations,28,8,20
S01013419,8. Process plant and machine operatives,16,13,3
S01013419,9. Elementary occupations,14,10,4
S01013420,All people aged 16 to 74 in employment,311,154,157
S01013420,1. Managers directors and senior officials,17,9,8
S01013420,2. Professional occupations,33,16,17
S01013420,3. Associate professional and technical occupations,34,23,11
S01013420,4. Administrative and secretarial occupations,67,18,49
S01013420,5. Skilled trades occupations,35,29,6
S01013420,6. Caring leisure and other service occupations,21,2,19
S01013420,7. Sales and customer service occupations,45,11,34
S01013420,8. Process plant and machine operatives,31,29,2
S01013420,9. Elementary occupations,28,17,11
S01013421,All people aged 16 to 74 in employment,463,233,230
S01013421,1. Managers directors and senior officials,55,37,18
S01013421,2. Professional occupations,88,48,40
S01013421,3. Associate professional and technical occupations,70,40,30
S01013421,4. Administrative and secretarial occupations,65,9,56
S01013421,5. Skilled trades occupations,54,49,5
S01013421,6. Caring leisure and other service occupations,37,2,35
S01013421,7. Sales and customer service occupations,33,11,22
S01013421,8. Process plant and machine operatives,31,22,9
S01013421,9. Elementary occupations,30,15,15
S01013422,All people aged 16 to 74 in employment,367,179,188
S01013422,1. Managers directors and senior officials,16,11,5
S01013422,2. Professional occupations,32,14,18
S01013422,3. Associate professional and technical occupations,34,19,15
S01013422,4. Administrative and secretarial occupations,59,13,46
S01013422,5. Skilled trades occupations,47,43,4
S01013422,6. Caring leisure and other service occupations,37,5,32
S01013422,7. Sales and customer service occupations,55,14,41
S01013422,8. Process plant and machine operatives,37,28,9
S01013422,9. Elementary occupations,50,32,18
S01013423,All people aged 16 to 74 in employment,422,211,211
S01013423,1. Managers directors and senior officials,44,32,12
S01013423,2. Professional occupations,52,25,27
S01013423,3. Associate professional and technical occupations,57,28,29
S01013423,4. Administrative and secretarial occupations,61,12,49
S01013423,5. Skilled trades occupations,43,40,3
S01013423,6. Caring leisure and other service occupations,39,7,32
S01013423,7. Sales and customer service occupations,39,9,30
S01013423,8. Process plant and machine operatives,37,32,5
S01013423,9. Elementary occupations,50,26,24
S01013424,All people aged 16 to 74 in employment,274,141,133
S01013424,1. Managers directors and senior officials,24,18,6
S01013424,2. Professional occupations,52,26,26
S01013424,3. Associate professional and technical occupations,37,17,20
S01013424,4. Administrative and secretarial occupations,45,5,40
S01013424,5. Skilled trades occupations,34,32,2
S01013424,6. Caring leisure and other service occupations,14,0,14
S01013424,7. Sales and customer service occupations,30,12,18
S01013424,8. Process plant and machine operatives,24,21,3
S01013424,9. Elementary occupations,14,10,4
S01013425,All people aged 16 to 74 in employment,217,113,104
S01013425,1. Managers directors and senior officials,21,16,5
S01013425,2. Professional occupations,32,15,17
S01013425,3. Associate professional and technical occupations,36,17,19
S01013425,4. Administrative and secretarial occupations,29,6,23
S01013425,5. Skilled trades occupations,20,20,0
S01013425,6. Caring leisure and other service occupations,21,2,19
S01013425,7. Sales and customer service occupations,21,7,14
S01013425,8. Process plant and machine operatives,20,19,1
S01013425,9. Elementary occupations,17,11,6
S01013426,All people aged 16 to 74 in employment,363,180,183
S01013426,1. Managers directors and senior officials,32,16,16
S01013426,2. Professional occupations,24,10,14
S01013426,3. Associate professional and technical occupations,29,15,14
S01013426,4. Administrative and secretarial occupations,55,7,48
S01013426,5. Skilled trades occupations,42,40,2
S01013426,6. Caring leisure and other service occupations,36,4,32
S01013426,7. Sales and customer service occupations,37,12,25
S01013426,8. Process plant and machine operatives,48,42,6
S01013426,9. Elementary occupations,60,34,26
S01013427,All people aged 16 to 74 in employment,273,143,130
S01013427,1. Managers directors and senior officials,59,42,17
S01013427,2. Professional occupations,69,28,41
S01013427,3. Associate professional and technical occupations,36,18,18
S01013427,4. Administrative and secretarial occupations,29,6,23
S01013427,5. Skilled trades occupations,25,22,3
S01013427,6. Caring leisure and other service occupations,16,2,14
S01013427,7. Sales and customer service occupations,14,6,8
S01013427,8. Process plant and machine operatives,14,14,0
S01013427,9. Elementary occupations,11,5,6
S01013428,All people aged 16 to 74 in employment,428,235,193
S01013428,1. Managers directors and senior officials,28,14,14
S01013428,2. Professional occupations,37,18,19
S01013428,3. Associate professional and technical occupations,39,28,11
S01013428,4. Administrative and secretarial occupations,36,8,28
S01013428,5. Skilled trades occupations,57,52,5
S01013428,6. Caring leisure and other service occupations,41,7,34
S01013428,7. Sales and customer service occupations,66,21,45
S01013428,8. Process plant and machine operatives,44,36,8
S01013428,9. Elementary occupations,80,51,29
S01013429,All people aged 16 to 74 in employment,351,181,170
S01013429,1. Managers directors and senior officials,23,13,10
S01013429,2. Professional occupations,36,18,18
S01013429,3. Associate professional and technical occupations,44,21,23
S01013429,4. Administrative and secretarial occupations,40,7,33
S01013429,5. Skilled trades occupations,46,45,1
S01013429,6. Caring leisure and other service occupations,40,5,35
S01013429,7. Sales and customer service occupations,40,13,27
S01013429,8. Process plant and machine operatives,41,35,6
S01013429,9. Elementary occupations,41,24,17
S01013430,All people aged 16 to 74 in employment,370,190,180
S01013430,1. Managers directors and senior officials,28,15,13
S01013430,2. Professional occupations,36,13,23
S01013430,3. Associate professional and technical occupations,43,24,19
S01013430,4. Administrative and secretarial occupations,43,5,38
S01013430,5. Skilled trades occupations,56,50,6
S01013430,6. Caring leisure and other service occupations,41,7,34
S01013430,7. Sales and customer service occupations,37,10,27
S01013430,8. Process plant and machine operatives,46,39,7
S01013430,9. Elementary occupations,40,27,13
S01013431,All people aged 16 to 74 in employment,314,161,153
S01013431,1. Managers directors and senior officials,20,11,9
S01013431,2. Professional occupations,32,14,18
S01013431,3. Associate professional and technical occupations,36,22,14
S01013431,4. Administrative and secretarial occupations,26,8,18
S01013431,5. Skilled trades occupations,43,35,8
S01013431,6. Caring leisure and other service occupations,33,2,31
S01013431,7. Sales and customer service occupations,28,5,23
S01013431,8. Process plant and machine operatives,43,33,10
S01013431,9. Elementary occupations,53,31,22
S01013432,All people aged 16 to 74 in employment,365,181,184
S01013432,1. Managers directors and senior officials,43,25,18
S01013432,2. Professional occupations,50,17,33
S01013432,3. Associate professional and technical occupations,44,21,23
S01013432,4. Administrative and secretarial occupations,32,5,27
S01013432,5. Skilled trades occupations,45,43,2
S01013432,6. Caring leisure and other service occupations,32,8,24
S01013432,7. Sales and customer service occupations,32,5,27
S01013432,8. Process plant and machine operatives,42,40,2
S01013432,9. Elementary occupations,45,17,28
S01013433,All people aged 16 to 74 in employment,375,189,186
S01013433,1. Managers directors and senior officials,60,44,16
S01013433,2. Professional occupations,84,37,47
S01013433,3. Associate professional and technical occupations,50,27,23
S01013433,4. Administrative and secretarial occupations,45,5,40
S01013433,5. Skilled trades occupations,36,32,4
S01013433,6. Caring leisure and other service occupations,30,4,26
S01013433,7. Sales and customer service occupations,20,9,11
S01013433,8. Process plant and machine operatives,16,15,1
S01013433,9. Elementary occupations,34,16,18
S01013434,All people aged 16 to 74 in employment,297,160,137
S01013434,1. Managers directors and senior officials,54,35,19
S01013434,2. Professional occupations,88,40,48
S01013434,3. Associate professional and technical occupations,51,31,20
S01013434,4. Administrative and secretarial occupations,18,3,15
S01013434,5. Skilled trades occupations,33,28,5
S01013434,6. Caring leisure and other service occupations,15,3,12
S01013434,7. Sales and customer service occupations,14,4,10
S01013434,8. Process plant and machine operatives,13,12,1
S01013434,9. Elementary occupations,11,4,7
S01013435,All people aged 16 to 74 in employment,368,192,176
S01013435,1. Managers directors and senior officials,57,40,17
S01013435,2. Professional occupations,133,70,63
S01013435,3. Associate professional and technical occupations,56,28,28
S01013435,4. Administrative and secretarial occupations,36,9,27
S01013435,5. Skilled trades occupations,23,19,4
S01013435,6. Caring leisure and other service occupations,18,3,15
S01013435,7. Sales and customer service occupations,23,7,16
S01013435,8. Process plant and machine operatives,6,5,1
S01013435,9. Elementary occupations,16,11,5
S01013436,All people aged 16 to 74 in employment,432,210,222
S01013436,1. Managers directors and senior officials,38,29,9
S01013436,2. Professional occupations,80,35,45
S01013436,3. Associate professional and technical occupations,45,22,23
S01013436,4. Administrative and secretarial occupations,54,5,49
S01013436,5. Skilled trades occupations,44,35,9
S01013436,6. Caring leisure and other service occupations,38,6,32
S01013436,7. Sales and customer service occupations,38,13,25
S01013436,8. Process plant and machine operatives,39,38,1
S01013436,9. Elementary occupations,56,27,29
S01013437,All people aged 16 to 74 in employment,373,192,181
S01013437,1. Managers directors and senior officials,32,19,13
S01013437,2. Professional occupations,71,36,35
S01013437,3. Associate professional and technical occupations,42,21,21
S01013437,4. Administrative and secretarial occupations,55,18,37
S01013437,5. Skilled trades occupations,41,36,5
S01013437,6. Caring leisure and other service occupations,29,7,22
S01013437,7. Sales and customer service occupations,38,12,26
S01013437,8. Process plant and machine operatives,27,25,2
S01013437,9. Elementary occupations,38,18,20
S01013438,All people aged 16 to 74 in employment,260,127,133
S01013438,1. Managers directors and senior officials,22,13,9
S01013438,2. Professional occupations,38,14,24
S01013438,3. Associate professional and technical occupations,31,18,13
S01013438,4. Administrative and secretarial occupations,28,6,22
S01013438,5. Skilled trades occupations,41,37,4
S01013438,6. Caring leisure and other service occupations,23,2,21
S01013438,7. Sales and customer service occupations,30,5,25
S01013438,8. Process plant and machine operatives,15,15,0
S01013438,9. Elementary occupations,32,17,15
S01013439,All people aged 16 to 74 in employment,416,211,205
S01013439,1. Managers directors and senior officials,56,40,16
S01013439,2. Professional occupations,151,67,84
S01013439,3. Associate professional and technical occupations,62,46,16
S01013439,4. Administrative and secretarial occupations,63,11,52
S01013439,5. Skilled trades occupations,17,16,1
S01013439,6. Caring leisure and other service occupations,19,4,15
S01013439,7. Sales and customer service occupations,22,8,14
S01013439,8. Process plant and machine operatives,10,10,0
S01013439,9. Elementary occupations,16,9,7
S01013440,All people aged 16 to 74 in employment,486,254,232
S01013440,1. Managers directors and senior officials,57,38,19
S01013440,2. Professional occupations,188,101,87
S01013440,3. Associate professional and technical occupations,71,45,26
S01013440,4. Administrative and secretarial occupations,63,12,51
S01013440,5. Skilled trades occupations,23,21,2
S01013440,6. Caring leisure and other service occupations,21,3,18
S01013440,7. Sales and customer service occupations,27,11,16
S01013440,8. Process plant and machine operatives,16,15,1
S01013440,9. Elementary occupations,20,8,12
S01013441,All people aged 16 to 74 in employment,389,210,179
S01013441,1. Managers directors and senior officials,54,34,20
S01013441,2. Professional occupations,140,72,68
S01013441,3. Associate professional and technical occupations,62,32,30
S01013441,4. Administrative and secretarial occupations,37,9,28
S01013441,5. Skilled trades occupations,20,17,3
S01013441,6. Caring leisure and other service occupations,12,4,8
S01013441,7. Sales and customer service occupations,29,14,15
S01013441,8. Process plant and machine operatives,16,15,1
S01013441,9. Elementary occupations,19,13,6
S01013442,All people aged 16 to 74 in employment,438,215,223
S01013442,1. Managers directors and senior officials,41,25,16
S01013442,2. Professional occupations,105,43,62
S01013442,3. Associate professional and technical occupations,68,40,28
S01013442,4. Administrative and secretarial occupations,55,9,46
S01013442,5. Skilled trades occupations,40,36,4
S01013442,6. Caring leisure and other service occupations,32,4,28
S01013442,7. Sales and customer service occupations,39,15,24
S01013442,8. Process plant and machine operatives,29,27,2
S01013442,9. Elementary occupations,29,16,13
S01013443,All people aged 16 to 74 in employment,323,168,155
S01013443,1. Managers directors and senior officials,40,29,11
S01013443,2. Professional occupations,100,47,53
S01013443,3. Associate professional and technical occupations,50,27,23
S01013443,4. Administrative and secretarial occupations,32,7,25
S01013443,5. Skilled trades occupations,19,15,4
S01013443,6. Caring leisure and other service occupations,24,10,14
S01013443,7. Sales and customer service occupations,16,6,10
S01013443,8. Process plant and machine operatives,20,16,4
S01013443,9. Elementary occupations,22,11,11
S01013444,All people aged 16 to 74 in employment,469,228,241
S01013444,1. Managers directors and senior officials,55,33,22
S01013444,2. Professional occupations,119,57,62
S01013444,3. Associate professional and technical occupations,76,43,33
S01013444,4. Administrative and secretarial occupations,41,12,29
S01013444,5. Skilled trades occupations,47,33,14
S01013444,6. Caring leisure and other service occupations,26,2,24
S01013444,7. Sales and customer service occupations,41,11,30
S01013444,8. Process plant and machine operatives,22,18,4
S01013444,9. Elementary occupations,42,19,23
S01013445,All people aged 16 to 74 in employment,288,155,133
S01013445,1. Managers directors and senior officials,52,36,16
S01013445,2. Professional occupations,101,53,48
S01013445,3. Associate professional and technical occupations,35,23,12
S01013445,4. Administrative and secretarial occupations,38,8,30
S01013445,5. Skilled trades occupations,18,18,0
S01013445,6. Caring leisure and other service occupations,11,1,10
S01013445,7. Sales and customer service occupations,17,5,12
S01013445,8. Process plant and machine operatives,6,6,0
S01013445,9. Elementary occupations,10,5,5
S01013446,All people aged 16 to 74 in employment,330,170,160
S01013446,1. Managers directors and senior officials,22,15,7
S01013446,2. Professional occupations,40,24,16
S01013446,3. Associate professional and technical occupations,46,27,19
S01013446,4. Administrative and secretarial occupations,48,3,45
S01013446,5. Skilled trades occupations,47,44,3
S01013446,6. Caring leisure and other service occupations,29,5,24
S01013446,7. Sales and customer service occupations,27,9,18
S01013446,8. Process plant and machine operatives,29,25,4
S01013446,9. Elementary occupations,42,18,24
S01013447,All people aged 16 to 74 in employment,340,179,161
S01013447,1. Managers directors and senior officials,58,39,19
S01013447,2. Professional occupations,122,64,58
S01013447,3. Associate professional and technical occupations,51,32,19
S01013447,4. Administrative and secretarial occupations,45,12,33
S01013447,5. Skilled trades occupations,20,18,2
S01013447,6. Caring leisure and other service occupations,8,1,7
S01013447,7. Sales and customer service occupations,22,7,15
S01013447,8. Process plant and machine operatives,2,2,0
S01013447,9. Elementary occupations,12,4,8
S01013448,All people aged 16 to 74 in employment,368,194,174
S01013448,1. Managers directors and senior officials,51,36,15
S01013448,2. Professional occupations,120,62,58
S01013448,3. Associate professional and technical occupations,60,42,18
S01013448,4. Administrative and secretarial occupations,41,10,31
S01013448,5. Skilled trades occupations,24,20,4
S01013448,6. Caring leisure and other service occupations,22,2,20
S01013448,7. Sales and customer service occupations,21,4,17
S01013448,8. Process plant and machine operatives,10,10,0
S01013448,9. Elementary occupations,19,8,11
S01013449,All people aged 16 to 74 in employment,373,184,189
S01013449,1. Managers directors and senior officials,42,28,14
S01013449,2. Professional occupations,104,49,55
S01013449,3. Associate professional and technical occupations,53,35,18
S01013449,4. Administrative and secretarial occupations,56,13,43
S01013449,5. Skilled trades occupations,21,21,0
S01013449,6. Caring leisure and other service occupations,33,5,28
S01013449,7. Sales and customer service occupations,31,15,16
S01013449,8. Process plant and machine operatives,9,8,1
S01013449,9. Elementary occupations,24,10,14
S01013450,All people aged 16 to 74 in employment,347,176,171
S01013450,1. Managers directors and senior officials,31,23,8
S01013450,2. Professional occupations,93,45,48
S01013450,3. Associate professional and technical occupations,51,28,23
S01013450,4. Administrative and secretarial occupations,56,16,40
S01013450,5. Skilled trades occupations,24,22,2
S01013450,6. Caring leisure and other service occupations,27,4,23
S01013450,7. Sales and customer service occupations,32,9,23
S01013450,8. Process plant and machine operatives,20,20,0
S01013450,9. Elementary occupations,13,9,4
S01013451,All people aged 16 to 74 in employment,499,259,240
S01013451,1. Managers directors and senior officials,59,41,18
S01013451,2. Professional occupations,149,76,73
S01013451,3. Associate professional and technical occupations,104,60,44
S01013451,4. Administrative and secretarial occupations,50,9,41
S01013451,5. Skilled trades occupations,30,27,3
S01013451,6. Caring leisure and other service occupations,34,6,28
S01013451,7. Sales and customer service occupations,37,17,20
S01013451,8. Process plant and machine operatives,16,14,2
S01013451,9. Elementary occupations,20,9,11
S01013452,All people aged 16 to 74 in employment,417,221,196
S01013452,1. Managers directors and senior officials,55,42,13
S01013452,2. Professional occupations,115,49,66
S01013452,3. Associate professional and technical occupations,79,55,24
S01013452,4. Administrative and secretarial occupations,41,9,32
S01013452,5. Skilled trades occupations,33,31,2
S01013452,6. Caring leisure and other service occupations,27,2,25
S01013452,7. Sales and customer service occupations,26,5,21
S01013452,8. Process plant and machine operatives,18,18,0
S01013452,9. Elementary occupations,23,10,13
S01013453,All people aged 16 to 74 in employment,318,163,155
S01013453,1. Managers directors and senior officials,20,8,12
S01013453,2. Professional occupations,28,13,15
S01013453,3. Associate professional and technical occupations,23,9,14
S01013453,4. Administrative and secretarial occupations,27,8,19
S01013453,5. Skilled trades occupations,47,45,2
S01013453,6. Caring leisure and other service occupations,36,8,28
S01013453,7. Sales and customer service occupations,33,7,26
S01013453,8. Process plant and machine operatives,49,41,8
S01013453,9. Elementary occupations,55,24,31
S01013454,All people aged 16 to 74 in employment,410,218,192
S01013454,1. Managers directors and senior officials,65,41,24
S01013454,2. Professional occupations,85,41,44
S01013454,3. Associate professional and technical occupations,66,37,29
S01013454,4. Administrative and secretarial occupations,48,5,43
S01013454,5. Skilled trades occupations,47,42,5
S01013454,6. Caring leisure and other service occupations,21,1,20
S01013454,7. Sales and customer service occupations,23,5,18
S01013454,8. Process plant and machine operatives,30,30,0
S01013454,9. Elementary occupations,25,16,9
S01013455,All people aged 16 to 74 in employment,286,152,134
S01013455,1. Managers directors and senior officials,37,25,12
S01013455,2. Professional occupations,47,21,26
S01013455,3. Associate professional and technical occupations,40,14,26
S01013455,4. Administrative and secretarial occupations,35,12,23
S01013455,5. Skilled trades occupations,45,41,4
S01013455,6. Caring leisure and other service occupations,22,2,20
S01013455,7. Sales and customer service occupations,17,6,11
S01013455,8. Process plant and machine operatives,15,13,2
S01013455,9. Elementary occupations,28,18,10
S01013456,All people aged 16 to 74 in employment,365,182,183
S01013456,1. Managers directors and senior officials,34,20,14
S01013456,2. Professional occupations,54,23,31
S01013456,3. Associate professional and technical occupations,32,13,19
S01013456,4. Administrative and secretarial occupations,52,7,45
S01013456,5. Skilled trades occupations,47,46,1
S01013456,6. Caring leisure and other service occupations,29,3,26
S01013456,7. Sales and customer service occupations,40,15,25
S01013456,8. Process plant and machine operatives,37,31,6
S01013456,9. Elementary occupations,40,24,16
S01013457,All people aged 16 to 74 in employment,404,201,203
S01013457,1. Managers directors and senior officials,13,5,8
S01013457,2. Professional occupations,16,5,11
S01013457,3. Associate professional and technical occupations,35,18,17
S01013457,4. Administrative and secretarial occupations,40,7,33
S01013457,5. Skilled trades occupations,57,52,5
S01013457,6. Caring leisure and other service occupations,58,8,50
S01013457,7. Sales and customer service occupations,48,13,35
S01013457,8. Process plant and machine operatives,54,51,3
S01013457,9. Elementary occupations,83,42,41
S01013458,All people aged 16 to 74 in employment,380,207,173
S01013458,1. Managers directors and senior officials,27,18,9
S01013458,2. Professional occupations,35,14,21
S01013458,3. Associate professional and technical occupations,53,33,20
S01013458,4. Administrative and secretarial occupations,54,7,47
S01013458,5. Skilled trades occupations,45,41,4
S01013458,6. Caring leisure and other service occupations,31,8,23
S01013458,7. Sales and customer service occupations,34,7,27
S01013458,8. Process plant and machine operatives,40,35,5
S01013458,9. Elementary occupations,61,44,17
S01013459,All people aged 16 to 74 in employment,393,210,183
S01013459,1. Managers directors and senior officials,31,20,11
S01013459,2. Professional occupations,50,21,29
S01013459,3. Associate professional and technical occupations,31,13,18
S01013459,4. Administrative and secretarial occupations,62,15,47
S01013459,5. Skilled trades occupations,51,49,2
S01013459,6. Caring leisure and other service occupations,29,5,24
S01013459,7. Sales and customer service occupations,38,14,24
S01013459,8. Process plant and machine operatives,41,37,4
S01013459,9. Elementary occupations,60,36,24
S01013460,All people aged 16 to 74 in employment,375,185,190
S01013460,1. Managers directors and senior officials,13,8,5
S01013460,2. Professional occupations,36,15,21
S01013460,3. Associate professional and technical occupations,27,16,11
S01013460,4. Administrative and secretarial occupations,52,7,45
S01013460,5. Skilled trades occupations,50,47,3
S01013460,6. Caring leisure and other service occupations,42,8,34
S01013460,7. Sales and customer service occupations,46,11,35
S01013460,8. Process plant and machine operatives,39,32,7
S01013460,9. Elementary occupations,70,41,29
S01013461,All people aged 16 to 74 in employment,571,297,274
S01013461,1. Managers directors and senior officials,45,24,21
S01013461,2. Professional occupations,82,42,40
S01013461,3. Associate professional and technical occupations,64,40,24
S01013461,4. Administrative and secretarial occupations,70,17,53
S01013461,5. Skilled trades occupations,63,57,6
S01013461,6. Caring leisure and other service occupations,40,2,38
S01013461,7. Sales and customer service occupations,56,17,39
S01013461,8. Process plant and machine operatives,57,50,7
S01013461,9. Elementary occupations,94,48,46
S01013462,All people aged 16 to 74 in employment,515,262,253
S01013462,1. Managers directors and senior officials,43,25,18
S01013462,2. Professional occupations,74,27,47
S01013462,3. Associate professional and technical occupations,75,40,35
S01013462,4. Administrative and secretarial occupations,68,12,56
S01013462,5. Skilled trades occupations,67,62,5
S01013462,6. Caring leisure and other service occupations,44,8,36
S01013462,7. Sales and customer service occupations,50,21,29
S01013462,8. Process plant and machine operatives,47,43,4
S01013462,9. Elementary occupations,47,24,23
S01013463,All people aged 16 to 74 in employment,273,137,136
S01013463,1. Managers directors and senior officials,15,10,5
S01013463,2. Professional occupations,34,17,17
S01013463,3. Associate professional and technical occupations,26,15,11
S01013463,4. Administrative and secretarial occupations,39,11,28
S01013463,5. Skilled trades occupations,30,26,4
S01013463,6. Caring leisure and other service occupations,28,2,26
S01013463,7. Sales and customer service occupations,37,15,22
S01013463,8. Process plant and machine operatives,26,23,3
S01013463,9. Elementary occupations,38,18,20
S01013464,All people aged 16 to 74 in employment,362,179,183
S01013464,1. Managers directors and senior officials,31,20,11
S01013464,2. Professional occupations,58,19,39
S01013464,3. Associate professional and technical occupations,47,26,21
S01013464,4. Administrative and secretarial occupations,47,6,41
S01013464,5. Skilled trades occupations,40,34,6
S01013464,6. Caring leisure and other service occupations,33,7,26
S01013464,7. Sales and customer service occupations,26,11,15
S01013464,8. Process plant and machine operatives,32,27,5
S01013464,9. Elementary occupations,48,29,19
S01013465,All people aged 16 to 74 in employment,316,179,137
S01013465,1. Managers directors and senior officials,24,13,11
S01013465,2. Professional occupations,32,17,15
S01013465,3. Associate professional and technical occupations,38,22,16
S01013465,4. Administrative and secretarial occupations,51,16,35
S01013465,5. Skilled trades occupations,44,42,2
S01013465,6. Caring leisure and other service occupations,36,6,30
S01013465,7. Sales and customer service occupations,30,14,16
S01013465,8. Process plant and machine operatives,26,25,1
S01013465,9. Elementary occupations,35,24,11
S01013466,All people aged 16 to 74 in employment,174,104,70
S01013466,1. Managers directors and senior officials,17,8,9
S01013466,2. Professional occupations,25,11,14
S01013466,3. Associate professional and technical occupations,21,12,9
S01013466,4. Administrative and secretarial occupations,18,5,13
S01013466,5. Skilled trades occupations,31,31,0
S01013466,6. Caring leisure and other service occupations,12,4,8
S01013466,7. Sales and customer service occupations,9,4,5
S01013466,8. Process plant and machine operatives,14,13,1
S01013466,9. Elementary occupations,27,16,11
S01013467,All people aged 16 to 74 in employment,505,258,247
S01013467,1. Managers directors and senior officials,50,27,23
S01013467,2. Professional occupations,104,50,54
S01013467,3. Associate professional and technical occupations,83,48,35
S01013467,4. Administrative and secretarial occupations,72,12,60
S01013467,5. Skilled trades occupations,48,43,5
S01013467,6. Caring leisure and other service occupations,27,6,21
S01013467,7. Sales and customer service occupations,39,10,29
S01013467,8. Process plant and machine operatives,49,45,4
S01013467,9. Elementary occupations,33,17,16
S01013468,All people aged 16 to 74 in employment,308,152,156
S01013468,1. Managers directors and senior officials,33,19,14
S01013468,2. Professional occupations,40,18,22
S01013468,3. Associate professional and technical occupations,43,25,18
S01013468,4. Administrative and secretarial occupations,42,9,33
S01013468,5. Skilled trades occupations,36,36,0
S01013468,6. Caring leisure and other service occupations,31,8,23
S01013468,7. Sales and customer service occupations,34,6,28
S01013468,8. Process plant and machine operatives,24,19,5
S01013468,9. Elementary occupations,25,12,13
S01013469,All people aged 16 to 74 in employment,387,196,191
S01013469,1. Managers directors and senior officials,31,23,8
S01013469,2. Professional occupations,66,27,39
S01013469,3. Associate professional and technical occupations,46,31,15
S01013469,4. Administrative and secretarial occupations,55,10,45
S01013469,5. Skilled trades occupations,40,38,2
S01013469,6. Caring leisure and other service occupations,44,8,36
S01013469,7. Sales and customer service occupations,35,11,24
S01013469,8. Process plant and machine operatives,38,32,6
S01013469,9. Elementary occupations,32,16,16
S01013470,All people aged 16 to 74 in employment,342,173,169
S01013470,1. Managers directors and senior officials,20,10,10
S01013470,2. Professional occupations,14,7,7
S01013470,3. Associate professional and technical occupations,15,6,9
S01013470,4. Administrative and secretarial occupations,31,6,25
S01013470,5. Skilled trades occupations,51,46,5
S01013470,6. Caring leisure and other service occupations,41,1,40
S01013470,7. Sales and customer service occupations,35,8,27
S01013470,8. Process plant and machine operatives,51,41,10
S01013470,9. Elementary occupations,84,48,36
S01013471,All people aged 16 to 74 in employment,455,228,227
S01013471,1. Managers directors and senior officials,24,16,8
S01013471,2. Professional occupations,26,10,16
S01013471,3. Associate professional and technical occupations,28,13,15
S01013471,4. Administrative and secretarial occupations,59,17,42
S01013471,5. Skilled trades occupations,65,58,7
S01013471,6. Caring leisure and other service occupations,61,8,53
S01013471,7. Sales and customer service occupations,53,21,32
S01013471,8. Process plant and machine operatives,61,46,15
S01013471,9. Elementary occupations,78,39,39
S01013472,All people aged 16 to 74 in employment,356,189,167
S01013472,1. Managers directors and senior officials,55,37,18
S01013472,2. Professional occupations,62,31,31
S01013472,3. Associate professional and technical occupations,66,35,31
S01013472,4. Administrative and secretarial occupations,41,5,36
S01013472,5. Skilled trades occupations,38,36,2
S01013472,6. Caring leisure and other service occupations,23,4,19
S01013472,7. Sales and customer service occupations,26,9,17
S01013472,8. Process plant and machine operatives,17,15,2
S01013472,9. Elementary occupations,28,17,11
S01013473,All people aged 16 to 74 in employment,381,198,183
S01013473,1. Managers directors and senior officials,53,30,23
S01013473,2. Professional occupations,78,39,39
S01013473,3. Associate professional and technical occupations,83,48,35
S01013473,4. Administrative and secretarial occupations,55,15,40
S01013473,5. Skilled trades occupations,29,26,3
S01013473,6. Caring leisure and other service occupations,18,3,15
S01013473,7. Sales and customer service occupations,23,9,14
S01013473,8. Process plant and machine operatives,22,20,2
S01013473,9. Elementary occupations,20,8,12
S01013474,All people aged 16 to 74 in employment,349,175,174
S01013474,1. Managers directors and senior officials,25,17,8
S01013474,2. Professional occupations,62,31,31
S01013474,3. Associate professional and technical occupations,66,43,23
S01013474,4. Administrative and secretarial occupations,57,12,45
S01013474,5. Skilled trades occupations,34,32,2
S01013474,6. Caring leisure and other service occupations,30,1,29
S01013474,7. Sales and customer service occupations,28,8,20
S01013474,8. Process plant and machine operatives,17,15,2
S01013474,9. Elementary occupations,30,16,14
S01013475,All people aged 16 to 74 in employment,323,176,147
S01013475,1. Managers directors and senior officials,26,17,9
S01013475,2. Professional occupations,37,17,20
S01013475,3. Associate professional and technical occupations,54,37,17
S01013475,4. Administrative and secretarial occupations,40,7,33
S01013475,5. Skilled trades occupations,35,32,3
S01013475,6. Caring leisure and other service occupations,25,4,21
S01013475,7. Sales and customer service occupations,38,13,25
S01013475,8. Process plant and machine operatives,30,26,4
S01013475,9. Elementary occupations,38,23,15
S01013476,All people aged 16 to 74 in employment,318,158,160
S01013476,1. Managers directors and senior officials,27,23,4
S01013476,2. Professional occupations,34,14,20
S01013476,3. Associate professional and technical occupations,30,15,15
S01013476,4. Administrative and secretarial occupations,50,10,40
S01013476,5. Skilled trades occupations,36,35,1
S01013476,6. Caring leisure and other service occupations,34,5,29
S01013476,7. Sales and customer service occupations,38,12,26
S01013476,8. Process plant and machine operatives,32,24,8
S01013476,9. Elementary occupations,37,20,17
S01013477,All people aged 16 to 74 in employment,286,156,130
S01013477,1. Managers directors and senior officials,18,11,7
S01013477,2. Professional occupations,30,11,19
S01013477,3. Associate professional and technical occupations,30,13,17
S01013477,4. Administrative and secretarial occupations,32,6,26
S01013477,5. Skilled trades occupations,51,48,3
S01013477,6. Caring leisure and other service occupations,16,2,14
S01013477,7. Sales and customer service occupations,27,8,19
S01013477,8. Process plant and machine operatives,31,25,6
S01013477,9. Elementary occupations,51,32,19
S01013478,All people aged 16 to 74 in employment,459,240,219
S01013478,1. Managers directors and senior officials,29,20,9
S01013478,2. Professional occupations,71,32,39
S01013478,3. Associate professional and technical occupations,68,42,26
S01013478,4. Administrative and secretarial occupations,63,17,46
S01013478,5. Skilled trades occupations,50,50,0
S01013478,6. Caring leisure and other service occupations,38,5,33
S01013478,7. Sales and customer service occupations,55,15,40
S01013478,8. Process plant and machine operatives,47,40,7
S01013478,9. Elementary occupations,38,19,19
S01013479,All people aged 16 to 74 in employment,364,181,183
S01013479,1. Managers directors and senior officials,18,13,5
S01013479,2. Professional occupations,20,10,10
S01013479,3. Associate professional and technical occupations,39,17,22
S01013479,4. Administrative and secretarial occupations,46,13,33
S01013479,5. Skilled trades occupations,60,52,8
S01013479,6. Caring leisure and other service occupations,28,3,25
S01013479,7. Sales and customer service occupations,48,7,41
S01013479,8. Process plant and machine operatives,41,33,8
S01013479,9. Elementary occupations,64,33,31
S01013480,All people aged 16 to 74 in employment,294,151,143
S01013480,1. Managers directors and senior officials,16,8,8
S01013480,2. Professional occupations,18,8,10
S01013480,3. Associate professional and technical occupations,10,4,6
S01013480,4. Administrative and secretarial occupations,27,5,22
S01013480,5. Skilled trades occupations,41,39,2
S01013480,6. Caring leisure and other service occupations,27,2,25
S01013480,7. Sales and customer service occupations,31,5,26
S01013480,8. Process plant and machine operatives,71,57,14
S01013480,9. Elementary occupations,53,23,30
S01013481,All people aged 16 to 74 in employment,222,119,103
S01013481,1. Managers directors and senior officials,20,13,7
S01013481,2. Professional occupations,26,9,17
S01013481,3. Associate professional and technical occupations,36,24,12
S01013481,4. Administrative and secretarial occupations,26,4,22
S01013481,5. Skilled trades occupations,40,34,6
S01013481,6. Caring leisure and other service occupations,16,4,12
S01013481,7. Sales and customer service occupations,13,4,9
S01013481,8. Process plant and machine operatives,23,15,8
S01013481,9. Elementary occupations,22,12,10
