,,All people aged 16 to 74 not in employment,Males,Females
S92000003,All people aged 16 to 74 not in employment,1453635,644646,808989
S92000003,A B D E. Agriculture energy and water,42188,30620,11568
S92000003,C. Manufacturing,148519,82609,65910
S92000003,F. Construction,95626,85468,10158
S92000003,G I. Distribution hotels and restaurants,254589,111839,142750
S92000003,H J. Transport and communication,128811,46713,82098
S92000003,K L M N. Financial real estate professional and administrative activities,147273,62783,84490
S92000003,O P Q. Public administration education and health,319499,80914,238585
S92000003,R S T U. Other,57221,19836,37385
S92000003,Never worked,259909,123864,136045
S01006506,All people aged 16 to 74 not in employment,185,79,106
S01006506,A B D E. Agriculture energy and water,9,9,0
S01006506,C. Manufacturing,13,8,5
S01006506,F. Construction,9,7,2
S01006506,G I. Distribution hotels and restaurants,21,7,14
S01006506,H J. Transport and communication,13,5,8
S01006506,K L M N. Financial real estate professional and administrative activities,22,13,9
S01006506,O P Q. Public administration education and health,58,11,47
S01006506,R S T U. Other,5,1,4
S01006506,Never worked,35,18,17
S01006507,All people aged 16 to 74 not in employment,179,72,107
S01006507,A B D E. Agriculture energy and water,10,8,2
S01006507,C. Manufacturing,15,9,6
S01006507,F. Construction,7,6,1
S01006507,G I. Distribution hotels and restaurants,40,18,22
S01006507,H J. Transport and communication,8,4,4
S01006507,K L M N. Financial real estate professional and administrative activities,13,8,5
S01006507,O P Q. Public administration education and health,41,4,37
S01006507,R S T U. Other,12,2,10
S01006507,Never worked,33,13,20
S01006508,All people aged 16 to 74 not in employment,105,44,61
S01006508,A B D E. Agriculture energy and water,7,6,1
S01006508,C. Manufacturing,6,5,1
S01006508,F. Construction,8,7,1
S01006508,G I. Distribution hotels and restaurants,18,9,9
S01006508,H J. Transport and communication,9,4,5
S01006508,K L M N. Financial real estate professional and administrative activities,10,1,9
S01006508,O P Q. Public administration education and health,33,6,27
S01006508,R S T U. Other,3,1,2
S01006508,Never worked,11,5,6
S01006509,All people aged 16 to 74 not in employment,115,49,66
S01006509,A B D E. Agriculture energy and water,5,4,1
S01006509,C. Manufacturing,8,7,1
S01006509,F. Construction,6,5,1
S01006509,G I. Distribution hotels and restaurants,33,11,22
S01006509,H J. Transport and communication,9,3,6
S01006509,K L M N. Financial real estate professional and administrative activities,10,5,5
S01006509,O P Q. Public administration education and health,25,5,20
S01006509,R S T U. Other,5,3,2
S01006509,Never worked,14,6,8
S01006510,All people aged 16 to 74 not in employment,164,65,99
S01006510,A B D E. Agriculture energy and water,3,2,1
S01006510,C. Manufacturing,6,4,2
S01006510,F. Construction,12,11,1
S01006510,G I. Distribution hotels and restaurants,36,17,19
S01006510,H J. Transport and communication,14,3,11
S01006510,K L M N. Financial real estate professional and administrative activities,14,7,7
S01006510,O P Q. Public administration education and health,48,5,43
S01006510,R S T U. Other,5,2,3
S01006510,Never worked,26,14,12
S01006511,All people aged 16 to 74 not in employment,203,92,111
S01006511,A B D E. Agriculture energy and water,12,8,4
S01006511,C. Manufacturing,17,9,8
S01006511,F. Construction,12,11,1
S01006511,G I. Distribution hotels and restaurants,45,23,22
S01006511,H J. Transport and communication,12,2,10
S01006511,K L M N. Financial real estate professional and administrative activities,16,10,6
S01006511,O P Q. Public administration education and health,60,13,47
S01006511,R S T U. Other,7,2,5
S01006511,Never worked,22,14,8
S01006512,All people aged 16 to 74 not in employment,92,38,54
S01006512,A B D E. Agriculture energy and water,7,2,5
S01006512,C. Manufacturing,4,1,3
S01006512,F. Construction,1,1,0
S01006512,G I. Distribution hotels and restaurants,11,5,6
S01006512,H J. Transport and communication,5,2,3
S01006512,K L M N. Financial real estate professional and administrative activities,13,5,8
S01006512,O P Q. Public administration education and health,23,2,21
S01006512,R S T U. Other,2,1,1
S01006512,Never worked,26,19,7
S01006513,All people aged 16 to 74 not in employment,142,46,96
S01006513,A B D E. Agriculture energy and water,8,7,1
S01006513,C. Manufacturing,6,2,4
S01006513,F. Construction,7,5,2
S01006513,G I. Distribution hotels and restaurants,17,5,12
S01006513,H J. Transport and communication,6,1,5
S01006513,K L M N. Financial real estate professional and administrative activities,16,4,12
S01006513,O P Q. Public administration education and health,56,12,44
S01006513,R S T U. Other,6,0,6
S01006513,Never worked,20,10,10
S01006514,All people aged 16 to 74 not in employment,229,79,150
S01006514,A B D E. Agriculture energy and water,12,5,7
S01006514,C. Manufacturing,9,2,7
S01006514,F. Construction,5,0,5
S01006514,G I. Distribution hotels and restaurants,20,4,16
S01006514,H J. Transport and communication,13,6,7
S01006514,K L M N. Financial real estate professional and administrative activities,23,10,13
S01006514,O P Q. Public administration education and health,92,24,68
S01006514,R S T U. Other,3,0,3
S01006514,Never worked,52,28,24
S01006515,All people aged 16 to 74 not in employment,167,59,108
S01006515,A B D E. Agriculture energy and water,11,5,6
S01006515,C. Manufacturing,2,1,1
S01006515,F. Construction,7,2,5
S01006515,G I. Distribution hotels and restaurants,34,15,19
S01006515,H J. Transport and communication,11,4,7
S01006515,K L M N. Financial real estate professional and administrative activities,21,6,15
S01006515,O P Q. Public administration education and health,46,8,38
S01006515,R S T U. Other,2,2,0
S01006515,Never worked,33,16,17
S01006516,All people aged 16 to 74 not in employment,147,50,97
S01006516,A B D E. Agriculture energy and water,6,5,1
S01006516,C. Manufacturing,8,3,5
S01006516,F. Construction,1,1,0
S01006516,G I. Distribution hotels and restaurants,17,5,12
S01006516,H J. Transport and communication,12,2,10
S01006516,K L M N. Financial real estate professional and administrative activities,23,7,16
S01006516,O P Q. Public administration education and health,49,9,40
S01006516,R S T U. Other,5,0,5
S01006516,Never worked,26,18,8
S01006517,All people aged 16 to 74 not in employment,216,74,142
S01006517,A B D E. Agriculture energy and water,17,10,7
S01006517,C. Manufacturing,12,5,7
S01006517,F. Construction,5,5,0
S01006517,G I. Distribution hotels and restaurants,31,11,20
S01006517,H J. Transport and communication,13,4,9
S01006517,K L M N. Financial real estate professional and administrative activities,32,7,25
S01006517,O P Q. Public administration education and health,62,6,56
S01006517,R S T U. Other,3,1,2
S01006517,Never worked,41,25,16
S01006518,All people aged 16 to 74 not in employment,158,52,106
S01006518,A B D E. Agriculture energy and water,9,6,3
S01006518,C. Manufacturing,9,3,6
S01006518,F. Construction,7,3,4
S01006518,G I. Distribution hotels and restaurants,23,8,15
S01006518,H J. Transport and communication,8,0,8
S01006518,K L M N. Financial real estate professional and administrative activities,20,12,8
S01006518,O P Q. Public administration education and health,57,9,48
S01006518,R S T U. Other,5,1,4
S01006518,Never worked,20,10,10
S01006519,All people aged 16 to 74 not in employment,196,70,126
S01006519,A B D E. Agriculture energy and water,8,5,3
S01006519,C. Manufacturing,9,5,4
S01006519,F. Construction,4,2,2
S01006519,G I. Distribution hotels and restaurants,28,9,19
S01006519,H J. Transport and communication,8,2,6
S01006519,K L M N. Financial real estate professional and administrative activities,30,12,18
S01006519,O P Q. Public administration education and health,63,12,51
S01006519,R S T U. Other,3,0,3
S01006519,Never worked,43,23,20
S01006520,All people aged 16 to 74 not in employment,156,49,107
S01006520,A B D E. Agriculture energy and water,8,6,2
S01006520,C. Manufacturing,5,1,4
S01006520,F. Construction,5,2,3
S01006520,G I. Distribution hotels and restaurants,16,5,11
S01006520,H J. Transport and communication,6,3,3
S01006520,K L M N. Financial real estate professional and administrative activities,33,11,22
S01006520,O P Q. Public administration education and health,46,3,43
S01006520,R S T U. Other,2,0,2
S01006520,Never worked,35,18,17
S01006521,All people aged 16 to 74 not in employment,157,40,117
S01006521,A B D E. Agriculture energy and water,13,6,7
S01006521,C. Manufacturing,10,5,5
S01006521,F. Construction,3,3,0
S01006521,G I. Distribution hotels and restaurants,19,3,16
S01006521,H J. Transport and communication,10,2,8
S01006521,K L M N. Financial real estate professional and administrative activities,19,6,13
S01006521,O P Q. Public administration education and health,58,7,51
S01006521,R S T U. Other,5,0,5
S01006521,Never worked,20,8,12
S01006522,All people aged 16 to 74 not in employment,110,35,75
S01006522,A B D E. Agriculture energy and water,7,5,2
S01006522,C. Manufacturing,6,2,4
S01006522,F. Construction,1,0,1
S01006522,G I. Distribution hotels and restaurants,9,3,6
S01006522,H J. Transport and communication,3,0,3
S01006522,K L M N. Financial real estate professional and administrative activities,17,6,11
S01006522,O P Q. Public administration education and health,51,10,41
S01006522,R S T U. Other,3,1,2
S01006522,Never worked,13,8,5
S01006523,All people aged 16 to 74 not in employment,201,73,128
S01006523,A B D E. Agriculture energy and water,7,4,3
S01006523,C. Manufacturing,7,4,3
S01006523,F. Construction,7,6,1
S01006523,G I. Distribution hotels and restaurants,21,8,13
S01006523,H J. Transport and communication,17,9,8
S01006523,K L M N. Financial real estate professional and administrative activities,36,16,20
S01006523,O P Q. Public administration education and health,79,16,63
S01006523,R S T U. Other,7,0,7
S01006523,Never worked,20,10,10
S01006524,All people aged 16 to 74 not in employment,239,95,144
S01006524,A B D E. Agriculture energy and water,5,5,0
S01006524,C. Manufacturing,7,4,3
S01006524,F. Construction,5,4,1
S01006524,G I. Distribution hotels and restaurants,22,12,10
S01006524,H J. Transport and communication,6,3,3
S01006524,K L M N. Financial real estate professional and administrative activities,30,11,19
S01006524,O P Q. Public administration education and health,70,8,62
S01006524,R S T U. Other,3,1,2
S01006524,Never worked,91,47,44
S01006525,All people aged 16 to 74 not in employment,196,72,124
S01006525,A B D E. Agriculture energy and water,10,6,4
S01006525,C. Manufacturing,3,2,1
S01006525,F. Construction,10,8,2
S01006525,G I. Distribution hotels and restaurants,30,12,18
S01006525,H J. Transport and communication,10,6,4
S01006525,K L M N. Financial real estate professional and administrative activities,28,11,17
S01006525,O P Q. Public administration education and health,73,16,57
S01006525,R S T U. Other,8,1,7
S01006525,Never worked,24,10,14
S01006526,All people aged 16 to 74 not in employment,234,96,138
S01006526,A B D E. Agriculture energy and water,2,2,0
S01006526,C. Manufacturing,16,8,8
S01006526,F. Construction,4,4,0
S01006526,G I. Distribution hotels and restaurants,59,27,32
S01006526,H J. Transport and communication,28,11,17
S01006526,K L M N. Financial real estate professional and administrative activities,23,8,15
S01006526,O P Q. Public administration education and health,48,8,40
S01006526,R S T U. Other,7,2,5
S01006526,Never worked,47,26,21
S01006527,All people aged 16 to 74 not in employment,181,68,113
S01006527,A B D E. Agriculture energy and water,4,3,1
S01006527,C. Manufacturing,13,8,5
S01006527,F. Construction,5,5,0
S01006527,G I. Distribution hotels and restaurants,41,19,22
S01006527,H J. Transport and communication,21,9,12
S01006527,K L M N. Financial real estate professional and administrative activities,18,3,15
S01006527,O P Q. Public administration education and health,36,5,31
S01006527,R S T U. Other,13,2,11
S01006527,Never worked,30,14,16
S01006528,All people aged 16 to 74 not in employment,319,137,182
S01006528,A B D E. Agriculture energy and water,11,6,5
S01006528,C. Manufacturing,16,14,2
S01006528,F. Construction,20,19,1
S01006528,G I. Distribution hotels and restaurants,70,34,36
S01006528,H J. Transport and communication,24,6,18
S01006528,K L M N. Financial real estate professional and administrative activities,28,10,18
S01006528,O P Q. Public administration education and health,67,13,54
S01006528,R S T U. Other,13,3,10
S01006528,Never worked,70,32,38
S01006529,All people aged 16 to 74 not in employment,224,96,128
S01006529,A B D E. Agriculture energy and water,9,2,7
S01006529,C. Manufacturing,5,1,4
S01006529,F. Construction,13,12,1
S01006529,G I. Distribution hotels and restaurants,47,22,25
S01006529,H J. Transport and communication,27,11,16
S01006529,K L M N. Financial real estate professional and administrative activities,29,13,16
S01006529,O P Q. Public administration education and health,41,8,33
S01006529,R S T U. Other,12,7,5
S01006529,Never worked,41,20,21
S01006530,All people aged 16 to 74 not in employment,227,95,132
S01006530,A B D E. Agriculture energy and water,10,7,3
S01006530,C. Manufacturing,12,7,5
S01006530,F. Construction,14,14,0
S01006530,G I. Distribution hotels and restaurants,52,14,38
S01006530,H J. Transport and communication,21,6,15
S01006530,K L M N. Financial real estate professional and administrative activities,20,10,10
S01006530,O P Q. Public administration education and health,49,10,39
S01006530,R S T U. Other,4,2,2
S01006530,Never worked,45,25,20
S01006531,All people aged 16 to 74 not in employment,285,122,163
S01006531,A B D E. Agriculture energy and water,8,7,1
S01006531,C. Manufacturing,20,11,9
S01006531,F. Construction,21,20,1
S01006531,G I. Distribution hotels and restaurants,56,18,38
S01006531,H J. Transport and communication,34,12,22
S01006531,K L M N. Financial real estate professional and administrative activities,30,14,16
S01006531,O P Q. Public administration education and health,53,13,40
S01006531,R S T U. Other,5,0,5
S01006531,Never worked,58,27,31
S01006532,All people aged 16 to 74 not in employment,166,81,85
S01006532,A B D E. Agriculture energy and water,4,2,2
S01006532,C. Manufacturing,7,4,3
S01006532,F. Construction,11,8,3
S01006532,G I. Distribution hotels and restaurants,37,22,15
S01006532,H J. Transport and communication,21,9,12
S01006532,K L M N. Financial real estate professional and administrative activities,24,11,13
S01006532,O P Q. Public administration education and health,37,9,28
S01006532,R S T U. Other,2,2,0
S01006532,Never worked,23,14,9
S01006533,All people aged 16 to 74 not in employment,138,45,93
S01006533,A B D E. Agriculture energy and water,11,4,7
S01006533,C. Manufacturing,4,0,4
S01006533,F. Construction,5,3,2
S01006533,G I. Distribution hotels and restaurants,19,7,12
S01006533,H J. Transport and communication,7,2,5
S01006533,K L M N. Financial real estate professional and administrative activities,23,12,11
S01006533,O P Q. Public administration education and health,45,11,34
S01006533,R S T U. Other,6,1,5
S01006533,Never worked,18,5,13
S01006534,All people aged 16 to 74 not in employment,169,57,112
S01006534,A B D E. Agriculture energy and water,13,6,7
S01006534,C. Manufacturing,8,6,2
S01006534,F. Construction,2,1,1
S01006534,G I. Distribution hotels and restaurants,26,10,16
S01006534,H J. Transport and communication,12,5,7
S01006534,K L M N. Financial real estate professional and administrative activities,29,6,23
S01006534,O P Q. Public administration education and health,53,15,38
S01006534,R S T U. Other,4,0,4
S01006534,Never worked,22,8,14
S01006535,All people aged 16 to 74 not in employment,192,88,104
S01006535,A B D E. Agriculture energy and water,12,9,3
S01006535,C. Manufacturing,10,5,5
S01006535,F. Construction,10,9,1
S01006535,G I. Distribution hotels and restaurants,28,10,18
S01006535,H J. Transport and communication,8,4,4
S01006535,K L M N. Financial real estate professional and administrative activities,23,7,16
S01006535,O P Q. Public administration education and health,59,21,38
S01006535,R S T U. Other,12,8,4
S01006535,Never worked,30,15,15
S01006536,All people aged 16 to 74 not in employment,151,62,89
S01006536,A B D E. Agriculture energy and water,7,5,2
S01006536,C. Manufacturing,7,5,2
S01006536,F. Construction,3,1,2
S01006536,G I. Distribution hotels and restaurants,24,10,14
S01006536,H J. Transport and communication,14,7,7
S01006536,K L M N. Financial real estate professional and administrative activities,19,7,12
S01006536,O P Q. Public administration education and health,41,12,29
S01006536,R S T U. Other,8,4,4
S01006536,Never worked,28,11,17
S01006537,All people aged 16 to 74 not in employment,180,67,113
S01006537,A B D E. Agriculture energy and water,5,3,2
S01006537,C. Manufacturing,13,8,5
S01006537,F. Construction,9,7,2
S01006537,G I. Distribution hotels and restaurants,24,9,15
S01006537,H J. Transport and communication,11,6,5
S01006537,K L M N. Financial real estate professional and administrative activities,27,8,19
S01006537,O P Q. Public administration education and health,71,16,55
S01006537,R S T U. Other,5,2,3
S01006537,Never worked,15,8,7
S01006538,All people aged 16 to 74 not in employment,119,45,74
S01006538,A B D E. Agriculture energy and water,6,3,3
S01006538,C. Manufacturing,5,1,4
S01006538,F. Construction,2,2,0
S01006538,G I. Distribution hotels and restaurants,17,10,7
S01006538,H J. Transport and communication,11,5,6
S01006538,K L M N. Financial real estate professional and administrative activities,21,7,14
S01006538,O P Q. Public administration education and health,42,9,33
S01006538,R S T U. Other,2,2,0
S01006538,Never worked,13,6,7
S01006539,All people aged 16 to 74 not in employment,151,49,102
S01006539,A B D E. Agriculture energy and water,11,6,5
S01006539,C. Manufacturing,5,0,5
S01006539,F. Construction,9,7,2
S01006539,G I. Distribution hotels and restaurants,23,5,18
S01006539,H J. Transport and communication,3,0,3
S01006539,K L M N. Financial real estate professional and administrative activities,14,7,7
S01006539,O P Q. Public administration education and health,67,18,49
S01006539,R S T U. Other,5,1,4
S01006539,Never worked,14,5,9
S01006540,All people aged 16 to 74 not in employment,188,77,111
S01006540,A B D E. Agriculture energy and water,10,3,7
S01006540,C. Manufacturing,7,6,1
S01006540,F. Construction,11,10,1
S01006540,G I. Distribution hotels and restaurants,30,13,17
S01006540,H J. Transport and communication,13,3,10
S01006540,K L M N. Financial real estate professional and administrative activities,26,11,15
S01006540,O P Q. Public administration education and health,65,16,49
S01006540,R S T U. Other,3,1,2
S01006540,Never worked,23,14,9
S01006541,All people aged 16 to 74 not in employment,147,53,94
S01006541,A B D E. Agriculture energy and water,9,3,6
S01006541,C. Manufacturing,7,4,3
S01006541,F. Construction,6,5,1
S01006541,G I. Distribution hotels and restaurants,33,12,21
S01006541,H J. Transport and communication,11,6,5
S01006541,K L M N. Financial real estate professional and administrative activities,16,6,10
S01006541,O P Q. Public administration education and health,53,9,44
S01006541,R S T U. Other,5,4,1
S01006541,Never worked,7,4,3
S01006542,All people aged 16 to 74 not in employment,237,81,156
S01006542,A B D E. Agriculture energy and water,12,7,5
S01006542,C. Manufacturing,13,4,9
S01006542,F. Construction,12,8,4
S01006542,G I. Distribution hotels and restaurants,35,12,23
S01006542,H J. Transport and communication,6,2,4
S01006542,K L M N. Financial real estate professional and administrative activities,35,12,23
S01006542,O P Q. Public administration education and health,88,19,69
S01006542,R S T U. Other,5,3,2
S01006542,Never worked,31,14,17
S01006543,All people aged 16 to 74 not in employment,155,51,104
S01006543,A B D E. Agriculture energy and water,8,5,3
S01006543,C. Manufacturing,9,3,6
S01006543,F. Construction,8,7,1
S01006543,G I. Distribution hotels and restaurants,18,3,15
S01006543,H J. Transport and communication,7,3,4
S01006543,K L M N. Financial real estate professional and administrative activities,27,11,16
S01006543,O P Q. Public administration education and health,60,13,47
S01006543,R S T U. Other,5,3,2
S01006543,Never worked,13,3,10
S01006544,All people aged 16 to 74 not in employment,177,64,113
S01006544,A B D E. Agriculture energy and water,13,9,4
S01006544,C. Manufacturing,5,2,3
S01006544,F. Construction,2,2,0
S01006544,G I. Distribution hotels and restaurants,31,11,20
S01006544,H J. Transport and communication,9,1,8
S01006544,K L M N. Financial real estate professional and administrative activities,32,15,17
S01006544,O P Q. Public administration education and health,52,8,44
S01006544,R S T U. Other,4,1,3
S01006544,Never worked,29,15,14
S01006545,All people aged 16 to 74 not in employment,201,84,117
S01006545,A B D E. Agriculture energy and water,7,5,2
S01006545,C. Manufacturing,11,6,5
S01006545,F. Construction,4,3,1
S01006545,G I. Distribution hotels and restaurants,29,8,21
S01006545,H J. Transport and communication,19,7,12
S01006545,K L M N. Financial real estate professional and administrative activities,27,14,13
S01006545,O P Q. Public administration education and health,70,23,47
S01006545,R S T U. Other,8,3,5
S01006545,Never worked,26,15,11
S01006546,All people aged 16 to 74 not in employment,155,55,100
S01006546,A B D E. Agriculture energy and water,11,6,5
S01006546,C. Manufacturing,4,3,1
S01006546,F. Construction,2,1,1
S01006546,G I. Distribution hotels and restaurants,25,12,13
S01006546,H J. Transport and communication,4,2,2
S01006546,K L M N. Financial real estate professional and administrative activities,23,9,14
S01006546,O P Q. Public administration education and health,53,9,44
S01006546,R S T U. Other,8,2,6
S01006546,Never worked,25,11,14
S01006547,All people aged 16 to 74 not in employment,223,77,146
S01006547,A B D E. Agriculture energy and water,7,3,4
S01006547,C. Manufacturing,12,6,6
S01006547,F. Construction,21,17,4
S01006547,G I. Distribution hotels and restaurants,40,14,26
S01006547,H J. Transport and communication,11,4,7
S01006547,K L M N. Financial real estate professional and administrative activities,33,13,20
S01006547,O P Q. Public administration education and health,72,11,61
S01006547,R S T U. Other,6,2,4
S01006547,Never worked,21,7,14
S01006548,All people aged 16 to 74 not in employment,164,61,103
S01006548,A B D E. Agriculture energy and water,2,0,2
S01006548,C. Manufacturing,10,7,3
S01006548,F. Construction,4,4,0
S01006548,G I. Distribution hotels and restaurants,18,5,13
S01006548,H J. Transport and communication,5,4,1
S01006548,K L M N. Financial real estate professional and administrative activities,33,13,20
S01006548,O P Q. Public administration education and health,76,23,53
S01006548,R S T U. Other,2,1,1
S01006548,Never worked,14,4,10
S01006549,All people aged 16 to 74 not in employment,208,74,134
S01006549,A B D E. Agriculture energy and water,6,3,3
S01006549,C. Manufacturing,11,5,6
S01006549,F. Construction,6,3,3
S01006549,G I. Distribution hotels and restaurants,26,11,15
S01006549,H J. Transport and communication,15,5,10
S01006549,K L M N. Financial real estate professional and administrative activities,32,14,18
S01006549,O P Q. Public administration education and health,80,19,61
S01006549,R S T U. Other,7,2,5
S01006549,Never worked,25,12,13
S01006550,All people aged 16 to 74 not in employment,230,91,139
S01006550,A B D E. Agriculture energy and water,16,7,9
S01006550,C. Manufacturing,11,6,5
S01006550,F. Construction,8,6,2
S01006550,G I. Distribution hotels and restaurants,25,8,17
S01006550,H J. Transport and communication,14,6,8
S01006550,K L M N. Financial real estate professional and administrative activities,45,23,22
S01006550,O P Q. Public administration education and health,83,24,59
S01006550,R S T U. Other,2,2,0
S01006550,Never worked,26,9,17
S01006551,All people aged 16 to 74 not in employment,177,84,93
S01006551,A B D E. Agriculture energy and water,6,5,1
S01006551,C. Manufacturing,10,9,1
S01006551,F. Construction,12,12,0
S01006551,G I. Distribution hotels and restaurants,44,20,24
S01006551,H J. Transport and communication,20,12,8
S01006551,K L M N. Financial real estate professional and administrative activities,16,4,12
S01006551,O P Q. Public administration education and health,43,7,36
S01006551,R S T U. Other,8,4,4
S01006551,Never worked,18,11,7
S01006552,All people aged 16 to 74 not in employment,179,65,114
S01006552,A B D E. Agriculture energy and water,6,4,2
S01006552,C. Manufacturing,3,2,1
S01006552,F. Construction,2,2,0
S01006552,G I. Distribution hotels and restaurants,22,9,13
S01006552,H J. Transport and communication,6,2,4
S01006552,K L M N. Financial real estate professional and administrative activities,24,11,13
S01006552,O P Q. Public administration education and health,83,16,67
S01006552,R S T U. Other,5,2,3
S01006552,Never worked,28,17,11
S01006553,All people aged 16 to 74 not in employment,202,81,121
S01006553,A B D E. Agriculture energy and water,6,4,2
S01006553,C. Manufacturing,20,10,10
S01006553,F. Construction,11,11,0
S01006553,G I. Distribution hotels and restaurants,37,16,21
S01006553,H J. Transport and communication,14,4,10
S01006553,K L M N. Financial real estate professional and administrative activities,21,13,8
S01006553,O P Q. Public administration education and health,73,15,58
S01006553,R S T U. Other,3,0,3
S01006553,Never worked,17,8,9
S01006554,All people aged 16 to 74 not in employment,146,62,84
S01006554,A B D E. Agriculture energy and water,5,3,2
S01006554,C. Manufacturing,9,6,3
S01006554,F. Construction,7,5,2
S01006554,G I. Distribution hotels and restaurants,30,11,19
S01006554,H J. Transport and communication,14,10,4
S01006554,K L M N. Financial real estate professional and administrative activities,8,3,5
S01006554,O P Q. Public administration education and health,54,15,39
S01006554,R S T U. Other,4,1,3
S01006554,Never worked,15,8,7
S01006555,All people aged 16 to 74 not in employment,166,68,98
S01006555,A B D E. Agriculture energy and water,3,2,1
S01006555,C. Manufacturing,9,5,4
S01006555,F. Construction,10,9,1
S01006555,G I. Distribution hotels and restaurants,42,19,23
S01006555,H J. Transport and communication,11,6,5
S01006555,K L M N. Financial real estate professional and administrative activities,10,2,8
S01006555,O P Q. Public administration education and health,43,8,35
S01006555,R S T U. Other,11,4,7
S01006555,Never worked,27,13,14
S01006556,All people aged 16 to 74 not in employment,186,72,114
S01006556,A B D E. Agriculture energy and water,2,2,0
S01006556,C. Manufacturing,13,6,7
S01006556,F. Construction,9,9,0
S01006556,G I. Distribution hotels and restaurants,44,21,23
S01006556,H J. Transport and communication,15,4,11
S01006556,K L M N. Financial real estate professional and administrative activities,18,6,12
S01006556,O P Q. Public administration education and health,47,6,41
S01006556,R S T U. Other,12,5,7
S01006556,Never worked,26,13,13
S01006557,All people aged 16 to 74 not in employment,166,77,89
S01006557,A B D E. Agriculture energy and water,4,4,0
S01006557,C. Manufacturing,15,9,6
S01006557,F. Construction,8,7,1
S01006557,G I. Distribution hotels and restaurants,31,21,10
S01006557,H J. Transport and communication,14,7,7
S01006557,K L M N. Financial real estate professional and administrative activities,23,10,13
S01006557,O P Q. Public administration education and health,47,7,40
S01006557,R S T U. Other,5,2,3
S01006557,Never worked,19,10,9
S01006558,All people aged 16 to 74 not in employment,102,39,63
S01006558,A B D E. Agriculture energy and water,4,4,0
S01006558,C. Manufacturing,2,2,0
S01006558,F. Construction,2,2,0
S01006558,G I. Distribution hotels and restaurants,10,1,9
S01006558,H J. Transport and communication,8,3,5
S01006558,K L M N. Financial real estate professional and administrative activities,15,6,9
S01006558,O P Q. Public administration education and health,42,10,32
S01006558,R S T U. Other,5,2,3
S01006558,Never worked,14,9,5
S01006559,All people aged 16 to 74 not in employment,147,60,87
S01006559,A B D E. Agriculture energy and water,11,5,6
S01006559,C. Manufacturing,4,2,2
S01006559,F. Construction,4,2,2
S01006559,G I. Distribution hotels and restaurants,12,8,4
S01006559,H J. Transport and communication,14,6,8
S01006559,K L M N. Financial real estate professional and administrative activities,11,5,6
S01006559,O P Q. Public administration education and health,37,7,30
S01006559,R S T U. Other,5,1,4
S01006559,Never worked,49,24,25
S01006560,All people aged 16 to 74 not in employment,189,79,110
S01006560,A B D E. Agriculture energy and water,11,7,4
S01006560,C. Manufacturing,5,3,2
S01006560,F. Construction,2,1,1
S01006560,G I. Distribution hotels and restaurants,26,14,12
S01006560,H J. Transport and communication,12,5,7
S01006560,K L M N. Financial real estate professional and administrative activities,20,10,10
S01006560,O P Q. Public administration education and health,76,21,55
S01006560,R S T U. Other,4,2,2
S01006560,Never worked,33,16,17
S01006561,All people aged 16 to 74 not in employment,160,65,95
S01006561,A B D E. Agriculture energy and water,9,3,6
S01006561,C. Manufacturing,4,2,2
S01006561,F. Construction,3,2,1
S01006561,G I. Distribution hotels and restaurants,19,11,8
S01006561,H J. Transport and communication,12,5,7
S01006561,K L M N. Financial real estate professional and administrative activities,22,9,13
S01006561,O P Q. Public administration education and health,59,12,47
S01006561,R S T U. Other,5,5,0
S01006561,Never worked,27,16,11
S01006562,All people aged 16 to 74 not in employment,179,78,101
S01006562,A B D E. Agriculture energy and water,9,7,2
S01006562,C. Manufacturing,2,1,1
S01006562,F. Construction,8,8,0
S01006562,G I. Distribution hotels and restaurants,30,17,13
S01006562,H J. Transport and communication,15,10,5
S01006562,K L M N. Financial real estate professional and administrative activities,26,10,16
S01006562,O P Q. Public administration education and health,53,9,44
S01006562,R S T U. Other,8,2,6
S01006562,Never worked,28,14,14
S01006563,All people aged 16 to 74 not in employment,194,75,119
S01006563,A B D E. Agriculture energy and water,4,1,3
S01006563,C. Manufacturing,7,6,1
S01006563,F. Construction,8,8,0
S01006563,G I. Distribution hotels and restaurants,28,9,19
S01006563,H J. Transport and communication,12,6,6
S01006563,K L M N. Financial real estate professional and administrative activities,20,7,13
S01006563,O P Q. Public administration education and health,82,23,59
S01006563,R S T U. Other,4,1,3
S01006563,Never worked,29,14,15
S01006564,All people aged 16 to 74 not in employment,233,105,128
S01006564,A B D E. Agriculture energy and water,11,8,3
S01006564,C. Manufacturing,11,1,10
S01006564,F. Construction,9,6,3
S01006564,G I. Distribution hotels and restaurants,45,21,24
S01006564,H J. Transport and communication,25,11,14
S01006564,K L M N. Financial real estate professional and administrative activities,21,4,17
S01006564,O P Q. Public administration education and health,41,11,30
S01006564,R S T U. Other,10,6,4
S01006564,Never worked,60,37,23
S01006565,All people aged 16 to 74 not in employment,317,149,168
S01006565,A B D E. Agriculture energy and water,8,8,0
S01006565,C. Manufacturing,20,14,6
S01006565,F. Construction,8,8,0
S01006565,G I. Distribution hotels and restaurants,77,34,43
S01006565,H J. Transport and communication,64,28,36
S01006565,K L M N. Financial real estate professional and administrative activities,23,9,14
S01006565,O P Q. Public administration education and health,45,15,30
S01006565,R S T U. Other,13,3,10
S01006565,Never worked,59,30,29
S01006566,All people aged 16 to 74 not in employment,179,73,106
S01006566,A B D E. Agriculture energy and water,4,3,1
S01006566,C. Manufacturing,8,4,4
S01006566,F. Construction,10,9,1
S01006566,G I. Distribution hotels and restaurants,18,5,13
S01006566,H J. Transport and communication,26,11,15
S01006566,K L M N. Financial real estate professional and administrative activities,17,5,12
S01006566,O P Q. Public administration education and health,54,14,40
S01006566,R S T U. Other,13,9,4
S01006566,Never worked,29,13,16
S01006567,All people aged 16 to 74 not in employment,235,116,119
S01006567,A B D E. Agriculture energy and water,10,8,2
S01006567,C. Manufacturing,20,12,8
S01006567,F. Construction,11,10,1
S01006567,G I. Distribution hotels and restaurants,28,16,12
S01006567,H J. Transport and communication,37,18,19
S01006567,K L M N. Financial real estate professional and administrative activities,21,10,11
S01006567,O P Q. Public administration education and health,50,13,37
S01006567,R S T U. Other,6,2,4
S01006567,Never worked,52,27,25
S01006568,All people aged 16 to 74 not in employment,157,80,77
S01006568,A B D E. Agriculture energy and water,6,5,1
S01006568,C. Manufacturing,5,4,1
S01006568,F. Construction,4,3,1
S01006568,G I. Distribution hotels and restaurants,30,16,14
S01006568,H J. Transport and communication,20,8,12
S01006568,K L M N. Financial real estate professional and administrative activities,18,10,8
S01006568,O P Q. Public administration education and health,32,11,21
S01006568,R S T U. Other,9,5,4
S01006568,Never worked,33,18,15
S01006569,All people aged 16 to 74 not in employment,119,44,75
S01006569,A B D E. Agriculture energy and water,3,2,1
S01006569,C. Manufacturing,6,3,3
S01006569,F. Construction,4,4,0
S01006569,G I. Distribution hotels and restaurants,14,7,7
S01006569,H J. Transport and communication,12,3,9
S01006569,K L M N. Financial real estate professional and administrative activities,16,6,10
S01006569,O P Q. Public administration education and health,32,9,23
S01006569,R S T U. Other,4,2,2
S01006569,Never worked,28,8,20
S01006570,All people aged 16 to 74 not in employment,164,63,101
S01006570,A B D E. Agriculture energy and water,7,3,4
S01006570,C. Manufacturing,7,6,1
S01006570,F. Construction,5,4,1
S01006570,G I. Distribution hotels and restaurants,22,6,16
S01006570,H J. Transport and communication,10,2,8
S01006570,K L M N. Financial real estate professional and administrative activities,26,7,19
S01006570,O P Q. Public administration education and health,53,16,37
S01006570,R S T U. Other,3,1,2
S01006570,Never worked,31,18,13
S01006571,All people aged 16 to 74 not in employment,172,61,111
S01006571,A B D E. Agriculture energy and water,11,6,5
S01006571,C. Manufacturing,5,2,3
S01006571,F. Construction,4,3,1
S01006571,G I. Distribution hotels and restaurants,27,14,13
S01006571,H J. Transport and communication,16,8,8
S01006571,K L M N. Financial real estate professional and administrative activities,27,9,18
S01006571,O P Q. Public administration education and health,58,11,47
S01006571,R S T U. Other,3,2,1
S01006571,Never worked,21,6,15
S01006572,All people aged 16 to 74 not in employment,190,61,129
S01006572,A B D E. Agriculture energy and water,10,4,6
S01006572,C. Manufacturing,4,3,1
S01006572,F. Construction,5,3,2
S01006572,G I. Distribution hotels and restaurants,29,9,20
S01006572,H J. Transport and communication,9,1,8
S01006572,K L M N. Financial real estate professional and administrative activities,41,16,25
S01006572,O P Q. Public administration education and health,50,6,44
S01006572,R S T U. Other,9,2,7
S01006572,Never worked,33,17,16
S01006573,All people aged 16 to 74 not in employment,144,54,90
S01006573,A B D E. Agriculture energy and water,12,5,7
S01006573,C. Manufacturing,0,0,0
S01006573,F. Construction,1,1,0
S01006573,G I. Distribution hotels and restaurants,19,12,7
S01006573,H J. Transport and communication,12,9,3
S01006573,K L M N. Financial real estate professional and administrative activities,28,8,20
S01006573,O P Q. Public administration education and health,46,7,39
S01006573,R S T U. Other,6,4,2
S01006573,Never worked,20,8,12
S01006574,All people aged 16 to 74 not in employment,231,86,145
S01006574,A B D E. Agriculture energy and water,18,8,10
S01006574,C. Manufacturing,9,4,5
S01006574,F. Construction,3,2,1
S01006574,G I. Distribution hotels and restaurants,27,9,18
S01006574,H J. Transport and communication,15,7,8
S01006574,K L M N. Financial real estate professional and administrative activities,32,13,19
S01006574,O P Q. Public administration education and health,76,15,61
S01006574,R S T U. Other,4,2,2
S01006574,Never worked,47,26,21
S01006575,All people aged 16 to 74 not in employment,190,85,105
S01006575,A B D E. Agriculture energy and water,7,5,2
S01006575,C. Manufacturing,8,4,4
S01006575,F. Construction,13,11,2
S01006575,G I. Distribution hotels and restaurants,26,15,11
S01006575,H J. Transport and communication,7,3,4
S01006575,K L M N. Financial real estate professional and administrative activities,24,11,13
S01006575,O P Q. Public administration education and health,62,20,42
S01006575,R S T U. Other,9,1,8
S01006575,Never worked,34,15,19
S01006576,All people aged 16 to 74 not in employment,109,42,67
S01006576,A B D E. Agriculture energy and water,9,5,4
S01006576,C. Manufacturing,2,1,1
S01006576,F. Construction,3,3,0
S01006576,G I. Distribution hotels and restaurants,18,7,11
S01006576,H J. Transport and communication,13,4,9
S01006576,K L M N. Financial real estate professional and administrative activities,14,8,6
S01006576,O P Q. Public administration education and health,28,4,24
S01006576,R S T U. Other,6,0,6
S01006576,Never worked,16,10,6
S01006577,All people aged 16 to 74 not in employment,141,51,90
S01006577,A B D E. Agriculture energy and water,8,5,3
S01006577,C. Manufacturing,5,2,3
S01006577,F. Construction,4,4,0
S01006577,G I. Distribution hotels and restaurants,24,10,14
S01006577,H J. Transport and communication,12,4,8
S01006577,K L M N. Financial real estate professional and administrative activities,11,6,5
S01006577,O P Q. Public administration education and health,46,9,37
S01006577,R S T U. Other,5,1,4
S01006577,Never worked,26,10,16
S01006578,All people aged 16 to 74 not in employment,210,94,116
S01006578,A B D E. Agriculture energy and water,12,8,4
S01006578,C. Manufacturing,6,4,2
S01006578,F. Construction,9,5,4
S01006578,G I. Distribution hotels and restaurants,34,18,16
S01006578,H J. Transport and communication,38,21,17
S01006578,K L M N. Financial real estate professional and administrative activities,29,9,20
S01006578,O P Q. Public administration education and health,36,10,26
S01006578,R S T U. Other,7,2,5
S01006578,Never worked,39,17,22
S01006579,All people aged 16 to 74 not in employment,173,74,99
S01006579,A B D E. Agriculture energy and water,6,3,3
S01006579,C. Manufacturing,5,3,2
S01006579,F. Construction,1,1,0
S01006579,G I. Distribution hotels and restaurants,38,20,18
S01006579,H J. Transport and communication,29,12,17
S01006579,K L M N. Financial real estate professional and administrative activities,23,8,15
S01006579,O P Q. Public administration education and health,36,5,31
S01006579,R S T U. Other,9,5,4
S01006579,Never worked,26,17,9
S01006580,All people aged 16 to 74 not in employment,123,60,63
S01006580,A B D E. Agriculture energy and water,8,4,4
S01006580,C. Manufacturing,3,2,1
S01006580,F. Construction,9,8,1
S01006580,G I. Distribution hotels and restaurants,19,7,12
S01006580,H J. Transport and communication,10,6,4
S01006580,K L M N. Financial real estate professional and administrative activities,8,5,3
S01006580,O P Q. Public administration education and health,36,12,24
S01006580,R S T U. Other,6,1,5
S01006580,Never worked,24,15,9
S01006581,All people aged 16 to 74 not in employment,192,70,122
S01006581,A B D E. Agriculture energy and water,10,6,4
S01006581,C. Manufacturing,11,8,3
S01006581,F. Construction,7,5,2
S01006581,G I. Distribution hotels and restaurants,23,7,16
S01006581,H J. Transport and communication,7,2,5
S01006581,K L M N. Financial real estate professional and administrative activities,40,12,28
S01006581,O P Q. Public administration education and health,61,10,51
S01006581,R S T U. Other,3,0,3
S01006581,Never worked,30,20,10
S01006582,All people aged 16 to 74 not in employment,187,105,82
S01006582,A B D E. Agriculture energy and water,14,8,6
S01006582,C. Manufacturing,9,9,0
S01006582,F. Construction,8,8,0
S01006582,G I. Distribution hotels and restaurants,39,18,21
S01006582,H J. Transport and communication,27,15,12
S01006582,K L M N. Financial real estate professional and administrative activities,23,14,9
S01006582,O P Q. Public administration education and health,29,11,18
S01006582,R S T U. Other,7,3,4
S01006582,Never worked,31,19,12
S01006583,All people aged 16 to 74 not in employment,159,63,96
S01006583,A B D E. Agriculture energy and water,3,2,1
S01006583,C. Manufacturing,8,6,2
S01006583,F. Construction,5,4,1
S01006583,G I. Distribution hotels and restaurants,34,11,23
S01006583,H J. Transport and communication,29,7,22
S01006583,K L M N. Financial real estate professional and administrative activities,18,10,8
S01006583,O P Q. Public administration education and health,24,5,19
S01006583,R S T U. Other,12,4,8
S01006583,Never worked,26,14,12
S01006584,All people aged 16 to 74 not in employment,122,44,78
S01006584,A B D E. Agriculture energy and water,5,1,4
S01006584,C. Manufacturing,4,4,0
S01006584,F. Construction,5,4,1
S01006584,G I. Distribution hotels and restaurants,33,12,21
S01006584,H J. Transport and communication,18,4,14
S01006584,K L M N. Financial real estate professional and administrative activities,12,4,8
S01006584,O P Q. Public administration education and health,17,3,14
S01006584,R S T U. Other,6,2,4
S01006584,Never worked,22,10,12
S01006585,All people aged 16 to 74 not in employment,222,117,105
S01006585,A B D E. Agriculture energy and water,11,10,1
S01006585,C. Manufacturing,14,10,4
S01006585,F. Construction,15,14,1
S01006585,G I. Distribution hotels and restaurants,51,29,22
S01006585,H J. Transport and communication,32,17,15
S01006585,K L M N. Financial real estate professional and administrative activities,27,12,15
S01006585,O P Q. Public administration education and health,32,6,26
S01006585,R S T U. Other,4,1,3
S01006585,Never worked,36,18,18
S01006586,All people aged 16 to 74 not in employment,281,158,123
S01006586,A B D E. Agriculture energy and water,7,6,1
S01006586,C. Manufacturing,7,4,3
S01006586,F. Construction,17,17,0
S01006586,G I. Distribution hotels and restaurants,72,40,32
S01006586,H J. Transport and communication,44,20,24
S01006586,K L M N. Financial real estate professional and administrative activities,29,14,15
S01006586,O P Q. Public administration education and health,45,18,27
S01006586,R S T U. Other,10,5,5
S01006586,Never worked,50,34,16
S01006587,All people aged 16 to 74 not in employment,131,59,72
S01006587,A B D E. Agriculture energy and water,2,2,0
S01006587,C. Manufacturing,6,4,2
S01006587,F. Construction,3,3,0
S01006587,G I. Distribution hotels and restaurants,51,27,24
S01006587,H J. Transport and communication,17,3,14
S01006587,K L M N. Financial real estate professional and administrative activities,12,5,7
S01006587,O P Q. Public administration education and health,19,5,14
S01006587,R S T U. Other,1,0,1
S01006587,Never worked,20,10,10
S01006588,All people aged 16 to 74 not in employment,127,70,57
S01006588,A B D E. Agriculture energy and water,1,0,1
S01006588,C. Manufacturing,3,2,1
S01006588,F. Construction,3,1,2
S01006588,G I. Distribution hotels and restaurants,24,10,14
S01006588,H J. Transport and communication,23,14,9
S01006588,K L M N. Financial real estate professional and administrative activities,14,10,4
S01006588,O P Q. Public administration education and health,17,8,9
S01006588,R S T U. Other,5,1,4
S01006588,Never worked,37,24,13
S01006589,All people aged 16 to 74 not in employment,186,111,75
S01006589,A B D E. Agriculture energy and water,9,8,1
S01006589,C. Manufacturing,10,5,5
S01006589,F. Construction,15,15,0
S01006589,G I. Distribution hotels and restaurants,36,22,14
S01006589,H J. Transport and communication,37,25,12
S01006589,K L M N. Financial real estate professional and administrative activities,16,16,0
S01006589,O P Q. Public administration education and health,27,7,20
S01006589,R S T U. Other,5,1,4
S01006589,Never worked,31,12,19
S01006590,All people aged 16 to 74 not in employment,164,84,80
S01006590,A B D E. Agriculture energy and water,7,6,1
S01006590,C. Manufacturing,5,1,4
S01006590,F. Construction,7,7,0
S01006590,G I. Distribution hotels and restaurants,30,18,12
S01006590,H J. Transport and communication,20,10,10
S01006590,K L M N. Financial real estate professional and administrative activities,23,13,10
S01006590,O P Q. Public administration education and health,17,5,12
S01006590,R S T U. Other,6,2,4
S01006590,Never worked,49,22,27
S01006591,All people aged 16 to 74 not in employment,119,56,63
S01006591,A B D E. Agriculture energy and water,4,3,1
S01006591,C. Manufacturing,6,3,3
S01006591,F. Construction,7,7,0
S01006591,G I. Distribution hotels and restaurants,28,12,16
S01006591,H J. Transport and communication,18,8,10
S01006591,K L M N. Financial real estate professional and administrative activities,9,5,4
S01006591,O P Q. Public administration education and health,18,4,14
S01006591,R S T U. Other,3,1,2
S01006591,Never worked,26,13,13
S01006592,All people aged 16 to 74 not in employment,88,36,52
S01006592,A B D E. Agriculture energy and water,3,0,3
S01006592,C. Manufacturing,5,3,2
S01006592,F. Construction,2,1,1
S01006592,G I. Distribution hotels and restaurants,14,8,6
S01006592,H J. Transport and communication,11,4,7
S01006592,K L M N. Financial real estate professional and administrative activities,12,6,6
S01006592,O P Q. Public administration education and health,20,4,16
S01006592,R S T U. Other,3,0,3
S01006592,Never worked,18,10,8
S01006593,All people aged 16 to 74 not in employment,127,63,64
S01006593,A B D E. Agriculture energy and water,4,3,1
S01006593,C. Manufacturing,7,4,3
S01006593,F. Construction,5,5,0
S01006593,G I. Distribution hotels and restaurants,22,11,11
S01006593,H J. Transport and communication,19,7,12
S01006593,K L M N. Financial real estate professional and administrative activities,14,8,6
S01006593,O P Q. Public administration education and health,24,7,17
S01006593,R S T U. Other,1,0,1
S01006593,Never worked,31,18,13
S01006594,All people aged 16 to 74 not in employment,110,45,65
S01006594,A B D E. Agriculture energy and water,5,3,2
S01006594,C. Manufacturing,7,4,3
S01006594,F. Construction,6,5,1
S01006594,G I. Distribution hotels and restaurants,25,12,13
S01006594,H J. Transport and communication,12,4,8
S01006594,K L M N. Financial real estate professional and administrative activities,18,6,12
S01006594,O P Q. Public administration education and health,27,7,20
S01006594,R S T U. Other,5,2,3
S01006594,Never worked,5,2,3
S01006595,All people aged 16 to 74 not in employment,143,49,94
S01006595,A B D E. Agriculture energy and water,12,9,3
S01006595,C. Manufacturing,12,7,5
S01006595,F. Construction,4,3,1
S01006595,G I. Distribution hotels and restaurants,30,13,17
S01006595,H J. Transport and communication,10,0,10
S01006595,K L M N. Financial real estate professional and administrative activities,23,5,18
S01006595,O P Q. Public administration education and health,22,3,19
S01006595,R S T U. Other,9,3,6
S01006595,Never worked,21,6,15
S01006596,All people aged 16 to 74 not in employment,102,41,61
S01006596,A B D E. Agriculture energy and water,5,3,2
S01006596,C. Manufacturing,4,2,2
S01006596,F. Construction,3,3,0
S01006596,G I. Distribution hotels and restaurants,21,10,11
S01006596,H J. Transport and communication,10,5,5
S01006596,K L M N. Financial real estate professional and administrative activities,13,4,9
S01006596,O P Q. Public administration education and health,31,10,21
S01006596,R S T U. Other,2,2,0
S01006596,Never worked,13,2,11
S01006597,All people aged 16 to 74 not in employment,80,44,36
S01006597,A B D E. Agriculture energy and water,6,6,0
S01006597,C. Manufacturing,2,2,0
S01006597,F. Construction,5,5,0
S01006597,G I. Distribution hotels and restaurants,20,10,10
S01006597,H J. Transport and communication,10,4,6
S01006597,K L M N. Financial real estate professional and administrative activities,6,3,3
S01006597,O P Q. Public administration education and health,13,5,8
S01006597,R S T U. Other,4,2,2
S01006597,Never worked,14,7,7
S01006598,All people aged 16 to 74 not in employment,194,64,130
S01006598,A B D E. Agriculture energy and water,14,9,5
S01006598,C. Manufacturing,15,4,11
S01006598,F. Construction,5,4,1
S01006598,G I. Distribution hotels and restaurants,28,10,18
S01006598,H J. Transport and communication,13,5,8
S01006598,K L M N. Financial real estate professional and administrative activities,26,10,16
S01006598,O P Q. Public administration education and health,65,12,53
S01006598,R S T U. Other,6,4,2
S01006598,Never worked,22,6,16
S01006599,All people aged 16 to 74 not in employment,198,80,118
S01006599,A B D E. Agriculture energy and water,10,6,4
S01006599,C. Manufacturing,21,8,13
S01006599,F. Construction,10,9,1
S01006599,G I. Distribution hotels and restaurants,47,19,28
S01006599,H J. Transport and communication,21,7,14
S01006599,K L M N. Financial real estate professional and administrative activities,26,13,13
S01006599,O P Q. Public administration education and health,31,5,26
S01006599,R S T U. Other,10,2,8
S01006599,Never worked,22,11,11
S01006600,All people aged 16 to 74 not in employment,195,78,117
S01006600,A B D E. Agriculture energy and water,10,4,6
S01006600,C. Manufacturing,20,10,10
S01006600,F. Construction,9,6,3
S01006600,G I. Distribution hotels and restaurants,40,14,26
S01006600,H J. Transport and communication,9,4,5
S01006600,K L M N. Financial real estate professional and administrative activities,24,12,12
S01006600,O P Q. Public administration education and health,47,10,37
S01006600,R S T U. Other,12,7,5
S01006600,Never worked,24,11,13
S01006601,All people aged 16 to 74 not in employment,203,93,110
S01006601,A B D E. Agriculture energy and water,5,5,0
S01006601,C. Manufacturing,12,10,2
S01006601,F. Construction,12,11,1
S01006601,G I. Distribution hotels and restaurants,40,13,27
S01006601,H J. Transport and communication,19,10,9
S01006601,K L M N. Financial real estate professional and administrative activities,27,10,17
S01006601,O P Q. Public administration education and health,50,17,33
S01006601,R S T U. Other,7,1,6
S01006601,Never worked,31,16,15
S01006602,All people aged 16 to 74 not in employment,173,68,105
S01006602,A B D E. Agriculture energy and water,7,6,1
S01006602,C. Manufacturing,11,10,1
S01006602,F. Construction,2,2,0
S01006602,G I. Distribution hotels and restaurants,30,9,21
S01006602,H J. Transport and communication,12,1,11
S01006602,K L M N. Financial real estate professional and administrative activities,15,7,8
S01006602,O P Q. Public administration education and health,55,17,38
S01006602,R S T U. Other,6,3,3
S01006602,Never worked,35,13,22
S01006603,All people aged 16 to 74 not in employment,234,89,145
S01006603,A B D E. Agriculture energy and water,9,7,2
S01006603,C. Manufacturing,18,9,9
S01006603,F. Construction,14,14,0
S01006603,G I. Distribution hotels and restaurants,60,24,36
S01006603,H J. Transport and communication,16,4,12
S01006603,K L M N. Financial real estate professional and administrative activities,22,6,16
S01006603,O P Q. Public administration education and health,48,14,34
S01006603,R S T U. Other,9,0,9
S01006603,Never worked,38,11,27
S01006604,All people aged 16 to 74 not in employment,183,73,110
S01006604,A B D E. Agriculture energy and water,7,6,1
S01006604,C. Manufacturing,16,10,6
S01006604,F. Construction,9,9,0
S01006604,G I. Distribution hotels and restaurants,52,21,31
S01006604,H J. Transport and communication,17,4,13
S01006604,K L M N. Financial real estate professional and administrative activities,18,4,14
S01006604,O P Q. Public administration education and health,40,6,34
S01006604,R S T U. Other,4,1,3
S01006604,Never worked,20,12,8
S01006605,All people aged 16 to 74 not in employment,184,72,112
S01006605,A B D E. Agriculture energy and water,3,2,1
S01006605,C. Manufacturing,18,12,6
S01006605,F. Construction,10,10,0
S01006605,G I. Distribution hotels and restaurants,49,20,29
S01006605,H J. Transport and communication,23,7,16
S01006605,K L M N. Financial real estate professional and administrative activities,24,9,15
S01006605,O P Q. Public administration education and health,30,4,26
S01006605,R S T U. Other,7,2,5
S01006605,Never worked,20,6,14
S01006606,All people aged 16 to 74 not in employment,215,83,132
S01006606,A B D E. Agriculture energy and water,6,3,3
S01006606,C. Manufacturing,13,8,5
S01006606,F. Construction,9,7,2
S01006606,G I. Distribution hotels and restaurants,42,15,27
S01006606,H J. Transport and communication,13,10,3
S01006606,K L M N. Financial real estate professional and administrative activities,25,7,18
S01006606,O P Q. Public administration education and health,73,16,57
S01006606,R S T U. Other,6,4,2
S01006606,Never worked,28,13,15
S01006607,All people aged 16 to 74 not in employment,202,83,119
S01006607,A B D E. Agriculture energy and water,9,6,3
S01006607,C. Manufacturing,15,8,7
S01006607,F. Construction,13,11,2
S01006607,G I. Distribution hotels and restaurants,46,25,21
S01006607,H J. Transport and communication,20,4,16
S01006607,K L M N. Financial real estate professional and administrative activities,21,5,16
S01006607,O P Q. Public administration education and health,44,12,32
S01006607,R S T U. Other,9,3,6
S01006607,Never worked,25,9,16
S01006608,All people aged 16 to 74 not in employment,171,67,104
S01006608,A B D E. Agriculture energy and water,7,6,1
S01006608,C. Manufacturing,6,2,4
S01006608,F. Construction,8,6,2
S01006608,G I. Distribution hotels and restaurants,46,19,27
S01006608,H J. Transport and communication,17,6,11
S01006608,K L M N. Financial real estate professional and administrative activities,23,10,13
S01006608,O P Q. Public administration education and health,42,11,31
S01006608,R S T U. Other,7,2,5
S01006608,Never worked,15,5,10
S01006609,All people aged 16 to 74 not in employment,242,92,150
S01006609,A B D E. Agriculture energy and water,9,5,4
S01006609,C. Manufacturing,20,9,11
S01006609,F. Construction,12,12,0
S01006609,G I. Distribution hotels and restaurants,56,31,25
S01006609,H J. Transport and communication,30,8,22
S01006609,K L M N. Financial real estate professional and administrative activities,25,9,16
S01006609,O P Q. Public administration education and health,64,10,54
S01006609,R S T U. Other,4,1,3
S01006609,Never worked,22,7,15
S01006610,All people aged 16 to 74 not in employment,97,34,63
S01006610,A B D E. Agriculture energy and water,4,2,2
S01006610,C. Manufacturing,6,1,5
S01006610,F. Construction,10,9,1
S01006610,G I. Distribution hotels and restaurants,25,7,18
S01006610,H J. Transport and communication,6,1,5
S01006610,K L M N. Financial real estate professional and administrative activities,10,3,7
S01006610,O P Q. Public administration education and health,19,5,14
S01006610,R S T U. Other,2,0,2
S01006610,Never worked,15,6,9
S01006611,All people aged 16 to 74 not in employment,217,88,129
S01006611,A B D E. Agriculture energy and water,8,3,5
S01006611,C. Manufacturing,20,14,6
S01006611,F. Construction,14,12,2
S01006611,G I. Distribution hotels and restaurants,53,23,30
S01006611,H J. Transport and communication,21,7,14
S01006611,K L M N. Financial real estate professional and administrative activities,17,6,11
S01006611,O P Q. Public administration education and health,43,7,36
S01006611,R S T U. Other,10,3,7
S01006611,Never worked,31,13,18
S01006612,All people aged 16 to 74 not in employment,180,85,95
S01006612,A B D E. Agriculture energy and water,8,7,1
S01006612,C. Manufacturing,10,3,7
S01006612,F. Construction,10,10,0
S01006612,G I. Distribution hotels and restaurants,49,22,27
S01006612,H J. Transport and communication,21,10,11
S01006612,K L M N. Financial real estate professional and administrative activities,17,10,7
S01006612,O P Q. Public administration education and health,34,10,24
S01006612,R S T U. Other,8,3,5
S01006612,Never worked,23,10,13
S01006613,All people aged 16 to 74 not in employment,70,27,43
S01006613,A B D E. Agriculture energy and water,4,2,2
S01006613,C. Manufacturing,3,1,2
S01006613,F. Construction,2,1,1
S01006613,G I. Distribution hotels and restaurants,16,10,6
S01006613,H J. Transport and communication,6,0,6
S01006613,K L M N. Financial real estate professional and administrative activities,11,4,7
S01006613,O P Q. Public administration education and health,17,2,15
S01006613,R S T U. Other,1,1,0
S01006613,Never worked,10,6,4
S01006614,All people aged 16 to 74 not in employment,76,29,47
S01006614,A B D E. Agriculture energy and water,5,3,2
S01006614,C. Manufacturing,3,1,2
S01006614,F. Construction,3,3,0
S01006614,G I. Distribution hotels and restaurants,12,6,6
S01006614,H J. Transport and communication,7,2,5
S01006614,K L M N. Financial real estate professional and administrative activities,11,4,7
S01006614,O P Q. Public administration education and health,18,2,16
S01006614,R S T U. Other,5,1,4
S01006614,Never worked,12,7,5
S01006615,All people aged 16 to 74 not in employment,98,26,72
S01006615,A B D E. Agriculture energy and water,11,4,7
S01006615,C. Manufacturing,4,1,3
S01006615,F. Construction,2,2,0
S01006615,G I. Distribution hotels and restaurants,27,6,21
S01006615,H J. Transport and communication,7,2,5
S01006615,K L M N. Financial real estate professional and administrative activities,15,2,13
S01006615,O P Q. Public administration education and health,20,5,15
S01006615,R S T U. Other,0,0,0
S01006615,Never worked,12,4,8
S01006616,All people aged 16 to 74 not in employment,82,30,52
S01006616,A B D E. Agriculture energy and water,6,4,2
S01006616,C. Manufacturing,6,3,3
S01006616,F. Construction,2,1,1
S01006616,G I. Distribution hotels and restaurants,28,10,18
S01006616,H J. Transport and communication,6,2,4
S01006616,K L M N. Financial real estate professional and administrative activities,7,2,5
S01006616,O P Q. Public administration education and health,11,2,9
S01006616,R S T U. Other,3,1,2
S01006616,Never worked,13,5,8
S01006617,All people aged 16 to 74 not in employment,122,45,77
S01006617,A B D E. Agriculture energy and water,8,5,3
S01006617,C. Manufacturing,9,5,4
S01006617,F. Construction,5,4,1
S01006617,G I. Distribution hotels and restaurants,30,13,17
S01006617,H J. Transport and communication,10,2,8
S01006617,K L M N. Financial real estate professional and administrative activities,13,5,8
S01006617,O P Q. Public administration education and health,27,3,24
S01006617,R S T U. Other,8,2,6
S01006617,Never worked,12,6,6
S01006618,All people aged 16 to 74 not in employment,109,43,66
S01006618,A B D E. Agriculture energy and water,10,9,1
S01006618,C. Manufacturing,6,2,4
S01006618,F. Construction,5,3,2
S01006618,G I. Distribution hotels and restaurants,34,15,19
S01006618,H J. Transport and communication,4,1,3
S01006618,K L M N. Financial real estate professional and administrative activities,11,2,9
S01006618,O P Q. Public administration education and health,24,4,20
S01006618,R S T U. Other,3,0,3
S01006618,Never worked,12,7,5
S01006619,All people aged 16 to 74 not in employment,172,69,103
S01006619,A B D E. Agriculture energy and water,8,5,3
S01006619,C. Manufacturing,13,6,7
S01006619,F. Construction,6,5,1
S01006619,G I. Distribution hotels and restaurants,38,15,23
S01006619,H J. Transport and communication,10,4,6
S01006619,K L M N. Financial real estate professional and administrative activities,32,14,18
S01006619,O P Q. Public administration education and health,37,9,28
S01006619,R S T U. Other,8,0,8
S01006619,Never worked,20,11,9
S01006620,All people aged 16 to 74 not in employment,146,47,99
S01006620,A B D E. Agriculture energy and water,5,2,3
S01006620,C. Manufacturing,12,4,8
S01006620,F. Construction,9,9,0
S01006620,G I. Distribution hotels and restaurants,43,13,30
S01006620,H J. Transport and communication,14,3,11
S01006620,K L M N. Financial real estate professional and administrative activities,18,6,12
S01006620,O P Q. Public administration education and health,29,3,26
S01006620,R S T U. Other,5,2,3
S01006620,Never worked,11,5,6
S01006621,All people aged 16 to 74 not in employment,100,35,65
S01006621,A B D E. Agriculture energy and water,3,3,0
S01006621,C. Manufacturing,4,1,3
S01006621,F. Construction,5,5,0
S01006621,G I. Distribution hotels and restaurants,29,15,14
S01006621,H J. Transport and communication,16,1,15
S01006621,K L M N. Financial real estate professional and administrative activities,10,5,5
S01006621,O P Q. Public administration education and health,19,0,19
S01006621,R S T U. Other,6,2,4
S01006621,Never worked,8,3,5
S01006622,All people aged 16 to 74 not in employment,81,28,53
S01006622,A B D E. Agriculture energy and water,2,1,1
S01006622,C. Manufacturing,6,2,4
S01006622,F. Construction,2,2,0
S01006622,G I. Distribution hotels and restaurants,15,8,7
S01006622,H J. Transport and communication,7,2,5
S01006622,K L M N. Financial real estate professional and administrative activities,8,0,8
S01006622,O P Q. Public administration education and health,20,1,19
S01006622,R S T U. Other,3,0,3
S01006622,Never worked,18,12,6
S01006623,All people aged 16 to 74 not in employment,166,79,87
S01006623,A B D E. Agriculture energy and water,7,7,0
S01006623,C. Manufacturing,17,8,9
S01006623,F. Construction,13,12,1
S01006623,G I. Distribution hotels and restaurants,31,17,14
S01006623,H J. Transport and communication,17,7,10
S01006623,K L M N. Financial real estate professional and administrative activities,14,6,8
S01006623,O P Q. Public administration education and health,35,6,29
S01006623,R S T U. Other,8,4,4
S01006623,Never worked,24,12,12
S01006624,All people aged 16 to 74 not in employment,318,211,107
S01006624,A B D E. Agriculture energy and water,12,11,1
S01006624,C. Manufacturing,18,15,3
S01006624,F. Construction,50,49,1
S01006624,G I. Distribution hotels and restaurants,72,45,27
S01006624,H J. Transport and communication,40,25,15
S01006624,K L M N. Financial real estate professional and administrative activities,32,22,10
S01006624,O P Q. Public administration education and health,34,6,28
S01006624,R S T U. Other,14,9,5
S01006624,Never worked,46,29,17
S01006625,All people aged 16 to 74 not in employment,141,65,76
S01006625,A B D E. Agriculture energy and water,6,4,2
S01006625,C. Manufacturing,18,13,5
S01006625,F. Construction,7,6,1
S01006625,G I. Distribution hotels and restaurants,27,14,13
S01006625,H J. Transport and communication,17,7,10
S01006625,K L M N. Financial real estate professional and administrative activities,13,5,8
S01006625,O P Q. Public administration education and health,29,5,24
S01006625,R S T U. Other,4,1,3
S01006625,Never worked,20,10,10
S01006626,All people aged 16 to 74 not in employment,164,65,99
S01006626,A B D E. Agriculture energy and water,3,3,0
S01006626,C. Manufacturing,12,7,5
S01006626,F. Construction,11,11,0
S01006626,G I. Distribution hotels and restaurants,39,17,22
S01006626,H J. Transport and communication,14,4,10
S01006626,K L M N. Financial real estate professional and administrative activities,23,8,15
S01006626,O P Q. Public administration education and health,36,7,29
S01006626,R S T U. Other,6,1,5
S01006626,Never worked,20,7,13
S01006627,All people aged 16 to 74 not in employment,189,94,95
S01006627,A B D E. Agriculture energy and water,16,11,5
S01006627,C. Manufacturing,23,16,7
S01006627,F. Construction,15,14,1
S01006627,G I. Distribution hotels and restaurants,31,19,12
S01006627,H J. Transport and communication,24,9,15
S01006627,K L M N. Financial real estate professional and administrative activities,27,13,14
S01006627,O P Q. Public administration education and health,24,4,20
S01006627,R S T U. Other,13,5,8
S01006627,Never worked,16,3,13
S01006628,All people aged 16 to 74 not in employment,224,124,100
S01006628,A B D E. Agriculture energy and water,9,5,4
S01006628,C. Manufacturing,20,8,12
S01006628,F. Construction,17,16,1
S01006628,G I. Distribution hotels and restaurants,73,43,30
S01006628,H J. Transport and communication,25,14,11
S01006628,K L M N. Financial real estate professional and administrative activities,24,15,9
S01006628,O P Q. Public administration education and health,22,7,15
S01006628,R S T U. Other,10,4,6
S01006628,Never worked,24,12,12
S01006629,All people aged 16 to 74 not in employment,208,80,128
S01006629,A B D E. Agriculture energy and water,4,3,1
S01006629,C. Manufacturing,22,13,9
S01006629,F. Construction,12,11,1
S01006629,G I. Distribution hotels and restaurants,42,14,28
S01006629,H J. Transport and communication,23,7,16
S01006629,K L M N. Financial real estate professional and administrative activities,23,5,18
S01006629,O P Q. Public administration education and health,31,8,23
S01006629,R S T U. Other,9,2,7
S01006629,Never worked,42,17,25
S01006630,All people aged 16 to 74 not in employment,176,77,99
S01006630,A B D E. Agriculture energy and water,3,3,0
S01006630,C. Manufacturing,25,13,12
S01006630,F. Construction,9,9,0
S01006630,G I. Distribution hotels and restaurants,28,14,14
S01006630,H J. Transport and communication,13,2,11
S01006630,K L M N. Financial real estate professional and administrative activities,19,10,9
S01006630,O P Q. Public administration education and health,38,10,28
S01006630,R S T U. Other,7,3,4
S01006630,Never worked,34,13,21
S01006631,All people aged 16 to 74 not in employment,222,105,117
S01006631,A B D E. Agriculture energy and water,9,8,1
S01006631,C. Manufacturing,15,12,3
S01006631,F. Construction,11,9,2
S01006631,G I. Distribution hotels and restaurants,47,27,20
S01006631,H J. Transport and communication,23,6,17
S01006631,K L M N. Financial real estate professional and administrative activities,32,17,15
S01006631,O P Q. Public administration education and health,39,9,30
S01006631,R S T U. Other,6,4,2
S01006631,Never worked,40,13,27
S01006632,All people aged 16 to 74 not in employment,216,94,122
S01006632,A B D E. Agriculture energy and water,8,7,1
S01006632,C. Manufacturing,20,5,15
S01006632,F. Construction,17,15,2
S01006632,G I. Distribution hotels and restaurants,43,24,19
S01006632,H J. Transport and communication,23,8,15
S01006632,K L M N. Financial real estate professional and administrative activities,18,8,10
S01006632,O P Q. Public administration education and health,32,4,28
S01006632,R S T U. Other,10,5,5
S01006632,Never worked,45,18,27
S01006633,All people aged 16 to 74 not in employment,195,78,117
S01006633,A B D E. Agriculture energy and water,7,7,0
S01006633,C. Manufacturing,15,11,4
S01006633,F. Construction,11,11,0
S01006633,G I. Distribution hotels and restaurants,50,21,29
S01006633,H J. Transport and communication,13,1,12
S01006633,K L M N. Financial real estate professional and administrative activities,17,3,14
S01006633,O P Q. Public administration education and health,26,5,21
S01006633,R S T U. Other,8,4,4
S01006633,Never worked,48,15,33
S01006634,All people aged 16 to 74 not in employment,174,81,93
S01006634,A B D E. Agriculture energy and water,5,5,0
S01006634,C. Manufacturing,17,7,10
S01006634,F. Construction,10,10,0
S01006634,G I. Distribution hotels and restaurants,26,10,16
S01006634,H J. Transport and communication,14,5,9
S01006634,K L M N. Financial real estate professional and administrative activities,17,9,8
S01006634,O P Q. Public administration education and health,31,7,24
S01006634,R S T U. Other,5,1,4
S01006634,Never worked,49,27,22
S01006635,All people aged 16 to 74 not in employment,158,69,89
S01006635,A B D E. Agriculture energy and water,4,4,0
S01006635,C. Manufacturing,21,12,9
S01006635,F. Construction,8,7,1
S01006635,G I. Distribution hotels and restaurants,38,18,20
S01006635,H J. Transport and communication,15,4,11
S01006635,K L M N. Financial real estate professional and administrative activities,11,7,4
S01006635,O P Q. Public administration education and health,34,7,27
S01006635,R S T U. Other,6,0,6
S01006635,Never worked,21,10,11
S01006636,All people aged 16 to 74 not in employment,229,95,134
S01006636,A B D E. Agriculture energy and water,6,4,2
S01006636,C. Manufacturing,35,17,18
S01006636,F. Construction,16,16,0
S01006636,G I. Distribution hotels and restaurants,50,22,28
S01006636,H J. Transport and communication,26,6,20
S01006636,K L M N. Financial real estate professional and administrative activities,24,9,15
S01006636,O P Q. Public administration education and health,24,3,21
S01006636,R S T U. Other,8,2,6
S01006636,Never worked,40,16,24
S01006637,All people aged 16 to 74 not in employment,192,107,85
S01006637,A B D E. Agriculture energy and water,10,6,4
S01006637,C. Manufacturing,20,15,5
S01006637,F. Construction,12,12,0
S01006637,G I. Distribution hotels and restaurants,33,11,22
S01006637,H J. Transport and communication,33,23,10
S01006637,K L M N. Financial real estate professional and administrative activities,18,8,10
S01006637,O P Q. Public administration education and health,25,10,15
S01006637,R S T U. Other,4,1,3
S01006637,Never worked,37,21,16
S01006638,All people aged 16 to 74 not in employment,237,133,104
S01006638,A B D E. Agriculture energy and water,12,10,2
S01006638,C. Manufacturing,11,10,1
S01006638,F. Construction,9,9,0
S01006638,G I. Distribution hotels and restaurants,56,30,26
S01006638,H J. Transport and communication,35,21,14
S01006638,K L M N. Financial real estate professional and administrative activities,18,11,7
S01006638,O P Q. Public administration education and health,38,13,25
S01006638,R S T U. Other,14,11,3
S01006638,Never worked,44,18,26
S01006639,All people aged 16 to 74 not in employment,281,151,130
S01006639,A B D E. Agriculture energy and water,3,3,0
S01006639,C. Manufacturing,21,13,8
S01006639,F. Construction,14,12,2
S01006639,G I. Distribution hotels and restaurants,67,35,32
S01006639,H J. Transport and communication,44,27,17
S01006639,K L M N. Financial real estate professional and administrative activities,24,13,11
S01006639,O P Q. Public administration education and health,56,17,39
S01006639,R S T U. Other,7,3,4
S01006639,Never worked,45,28,17
S01006640,All people aged 16 to 74 not in employment,207,88,119
S01006640,A B D E. Agriculture energy and water,8,3,5
S01006640,C. Manufacturing,13,5,8
S01006640,F. Construction,8,8,0
S01006640,G I. Distribution hotels and restaurants,37,15,22
S01006640,H J. Transport and communication,30,16,14
S01006640,K L M N. Financial real estate professional and administrative activities,22,9,13
S01006640,O P Q. Public administration education and health,22,7,15
S01006640,R S T U. Other,8,2,6
S01006640,Never worked,59,23,36
S01006641,All people aged 16 to 74 not in employment,265,140,125
S01006641,A B D E. Agriculture energy and water,7,6,1
S01006641,C. Manufacturing,18,14,4
S01006641,F. Construction,9,9,0
S01006641,G I. Distribution hotels and restaurants,38,22,16
S01006641,H J. Transport and communication,40,19,21
S01006641,K L M N. Financial real estate professional and administrative activities,35,24,11
S01006641,O P Q. Public administration education and health,33,9,24
S01006641,R S T U. Other,11,4,7
S01006641,Never worked,74,33,41
S01006642,All people aged 16 to 74 not in employment,670,363,307
S01006642,A B D E. Agriculture energy and water,14,12,2
S01006642,C. Manufacturing,28,17,11
S01006642,F. Construction,14,12,2
S01006642,G I. Distribution hotels and restaurants,139,70,69
S01006642,H J. Transport and communication,103,50,53
S01006642,K L M N. Financial real estate professional and administrative activities,60,31,29
S01006642,O P Q. Public administration education and health,85,31,54
S01006642,R S T U. Other,25,13,12
S01006642,Never worked,202,127,75
S01006643,All people aged 16 to 74 not in employment,204,90,114
S01006643,A B D E. Agriculture energy and water,4,3,1
S01006643,C. Manufacturing,9,6,3
S01006643,F. Construction,4,4,0
S01006643,G I. Distribution hotels and restaurants,45,18,27
S01006643,H J. Transport and communication,38,16,22
S01006643,K L M N. Financial real estate professional and administrative activities,25,14,11
S01006643,O P Q. Public administration education and health,25,5,20
S01006643,R S T U. Other,6,3,3
S01006643,Never worked,48,21,27
S01006644,All people aged 16 to 74 not in employment,296,131,165
S01006644,A B D E. Agriculture energy and water,5,3,2
S01006644,C. Manufacturing,9,4,5
S01006644,F. Construction,9,9,0
S01006644,G I. Distribution hotels and restaurants,58,22,36
S01006644,H J. Transport and communication,53,25,28
S01006644,K L M N. Financial real estate professional and administrative activities,28,15,13
S01006644,O P Q. Public administration education and health,47,14,33
S01006644,R S T U. Other,17,3,14
S01006644,Never worked,70,36,34
S01006645,All people aged 16 to 74 not in employment,200,93,107
S01006645,A B D E. Agriculture energy and water,9,7,2
S01006645,C. Manufacturing,13,9,4
S01006645,F. Construction,16,12,4
S01006645,G I. Distribution hotels and restaurants,53,27,26
S01006645,H J. Transport and communication,24,5,19
S01006645,K L M N. Financial real estate professional and administrative activities,23,12,11
S01006645,O P Q. Public administration education and health,29,7,22
S01006645,R S T U. Other,12,3,9
S01006645,Never worked,21,11,10
S01006646,All people aged 16 to 74 not in employment,510,302,208
S01006646,A B D E. Agriculture energy and water,4,4,0
S01006646,C. Manufacturing,12,6,6
S01006646,F. Construction,10,10,0
S01006646,G I. Distribution hotels and restaurants,112,67,45
S01006646,H J. Transport and communication,72,31,41
S01006646,K L M N. Financial real estate professional and administrative activities,55,32,23
S01006646,O P Q. Public administration education and health,51,25,26
S01006646,R S T U. Other,30,22,8
S01006646,Never worked,164,105,59
S01006647,All people aged 16 to 74 not in employment,185,83,102
S01006647,A B D E. Agriculture energy and water,5,4,1
S01006647,C. Manufacturing,4,2,2
S01006647,F. Construction,12,12,0
S01006647,G I. Distribution hotels and restaurants,42,25,17
S01006647,H J. Transport and communication,38,15,23
S01006647,K L M N. Financial real estate professional and administrative activities,18,6,12
S01006647,O P Q. Public administration education and health,29,7,22
S01006647,R S T U. Other,8,3,5
S01006647,Never worked,29,9,20
S01006648,All people aged 16 to 74 not in employment,789,354,435
S01006648,A B D E. Agriculture energy and water,15,9,6
S01006648,C. Manufacturing,33,26,7
S01006648,F. Construction,20,19,1
S01006648,G I. Distribution hotels and restaurants,208,90,118
S01006648,H J. Transport and communication,149,56,93
S01006648,K L M N. Financial real estate professional and administrative activities,75,44,31
S01006648,O P Q. Public administration education and health,85,17,68
S01006648,R S T U. Other,41,14,27
S01006648,Never worked,163,79,84
S01006649,All people aged 16 to 74 not in employment,259,117,142
S01006649,A B D E. Agriculture energy and water,9,9,0
S01006649,C. Manufacturing,14,7,7
S01006649,F. Construction,9,7,2
S01006649,G I. Distribution hotels and restaurants,54,31,23
S01006649,H J. Transport and communication,42,19,23
S01006649,K L M N. Financial real estate professional and administrative activities,25,12,13
S01006649,O P Q. Public administration education and health,50,14,36
S01006649,R S T U. Other,11,8,3
S01006649,Never worked,45,10,35
S01006650,All people aged 16 to 74 not in employment,261,134,127
S01006650,A B D E. Agriculture energy and water,8,6,2
S01006650,C. Manufacturing,10,8,2
S01006650,F. Construction,4,4,0
S01006650,G I. Distribution hotels and restaurants,47,21,26
S01006650,H J. Transport and communication,60,30,30
S01006650,K L M N. Financial real estate professional and administrative activities,19,9,10
S01006650,O P Q. Public administration education and health,54,26,28
S01006650,R S T U. Other,16,6,10
S01006650,Never worked,43,24,19
S01006651,All people aged 16 to 74 not in employment,228,131,97
S01006651,A B D E. Agriculture energy and water,6,3,3
S01006651,C. Manufacturing,14,7,7
S01006651,F. Construction,7,7,0
S01006651,G I. Distribution hotels and restaurants,44,32,12
S01006651,H J. Transport and communication,30,12,18
S01006651,K L M N. Financial real estate professional and administrative activities,21,14,7
S01006651,O P Q. Public administration education and health,35,11,24
S01006651,R S T U. Other,12,7,5
S01006651,Never worked,59,38,21
S01006652,All people aged 16 to 74 not in employment,140,66,74
S01006652,A B D E. Agriculture energy and water,9,5,4
S01006652,C. Manufacturing,5,5,0
S01006652,F. Construction,2,2,0
S01006652,G I. Distribution hotels and restaurants,35,17,18
S01006652,H J. Transport and communication,19,6,13
S01006652,K L M N. Financial real estate professional and administrative activities,14,4,10
S01006652,O P Q. Public administration education and health,21,8,13
S01006652,R S T U. Other,8,5,3
S01006652,Never worked,27,14,13
S01006653,All people aged 16 to 74 not in employment,144,65,79
S01006653,A B D E. Agriculture energy and water,7,6,1
S01006653,C. Manufacturing,8,6,2
S01006653,F. Construction,1,1,0
S01006653,G I. Distribution hotels and restaurants,26,12,14
S01006653,H J. Transport and communication,18,11,7
S01006653,K L M N. Financial real estate professional and administrative activities,14,3,11
S01006653,O P Q. Public administration education and health,37,15,22
S01006653,R S T U. Other,4,2,2
S01006653,Never worked,29,9,20
S01006654,All people aged 16 to 74 not in employment,264,125,139
S01006654,A B D E. Agriculture energy and water,9,6,3
S01006654,C. Manufacturing,21,14,7
S01006654,F. Construction,20,17,3
S01006654,G I. Distribution hotels and restaurants,53,28,25
S01006654,H J. Transport and communication,41,18,23
S01006654,K L M N. Financial real estate professional and administrative activities,22,5,17
S01006654,O P Q. Public administration education and health,50,12,38
S01006654,R S T U. Other,6,0,6
S01006654,Never worked,42,25,17
S01006655,All people aged 16 to 74 not in employment,242,139,103
S01006655,A B D E. Agriculture energy and water,12,10,2
S01006655,C. Manufacturing,22,13,9
S01006655,F. Construction,8,6,2
S01006655,G I. Distribution hotels and restaurants,37,22,15
S01006655,H J. Transport and communication,20,13,7
S01006655,K L M N. Financial real estate professional and administrative activities,22,7,15
S01006655,O P Q. Public administration education and health,44,18,26
S01006655,R S T U. Other,14,5,9
S01006655,Never worked,63,45,18
S01006656,All people aged 16 to 74 not in employment,224,89,135
S01006656,A B D E. Agriculture energy and water,6,4,2
S01006656,C. Manufacturing,20,15,5
S01006656,F. Construction,4,2,2
S01006656,G I. Distribution hotels and restaurants,37,17,20
S01006656,H J. Transport and communication,23,10,13
S01006656,K L M N. Financial real estate professional and administrative activities,25,9,16
S01006656,O P Q. Public administration education and health,49,11,38
S01006656,R S T U. Other,7,1,6
S01006656,Never worked,53,20,33
S01006657,All people aged 16 to 74 not in employment,148,70,78
S01006657,A B D E. Agriculture energy and water,4,2,2
S01006657,C. Manufacturing,8,6,2
S01006657,F. Construction,1,1,0
S01006657,G I. Distribution hotels and restaurants,26,16,10
S01006657,H J. Transport and communication,26,11,15
S01006657,K L M N. Financial real estate professional and administrative activities,19,6,13
S01006657,O P Q. Public administration education and health,32,10,22
S01006657,R S T U. Other,7,5,2
S01006657,Never worked,25,13,12
S01006658,All people aged 16 to 74 not in employment,307,154,153
S01006658,A B D E. Agriculture energy and water,10,8,2
S01006658,C. Manufacturing,13,6,7
S01006658,F. Construction,17,16,1
S01006658,G I. Distribution hotels and restaurants,58,26,32
S01006658,H J. Transport and communication,54,25,29
S01006658,K L M N. Financial real estate professional and administrative activities,36,21,15
S01006658,O P Q. Public administration education and health,39,11,28
S01006658,R S T U. Other,12,6,6
S01006658,Never worked,68,35,33
S01006659,All people aged 16 to 74 not in employment,236,111,125
S01006659,A B D E. Agriculture energy and water,7,6,1
S01006659,C. Manufacturing,6,3,3
S01006659,F. Construction,7,5,2
S01006659,G I. Distribution hotels and restaurants,55,29,26
S01006659,H J. Transport and communication,34,18,16
S01006659,K L M N. Financial real estate professional and administrative activities,17,10,7
S01006659,O P Q. Public administration education and health,51,17,34
S01006659,R S T U. Other,17,4,13
S01006659,Never worked,42,19,23
S01006660,All people aged 16 to 74 not in employment,166,84,82
S01006660,A B D E. Agriculture energy and water,3,0,3
S01006660,C. Manufacturing,9,6,3
S01006660,F. Construction,3,3,0
S01006660,G I. Distribution hotels and restaurants,30,15,15
S01006660,H J. Transport and communication,27,15,12
S01006660,K L M N. Financial real estate professional and administrative activities,19,14,5
S01006660,O P Q. Public administration education and health,25,7,18
S01006660,R S T U. Other,9,7,2
S01006660,Never worked,41,17,24
S01006661,All people aged 16 to 74 not in employment,233,105,128
S01006661,A B D E. Agriculture energy and water,3,2,1
S01006661,C. Manufacturing,9,6,3
S01006661,F. Construction,5,5,0
S01006661,G I. Distribution hotels and restaurants,51,23,28
S01006661,H J. Transport and communication,44,16,28
S01006661,K L M N. Financial real estate professional and administrative activities,19,13,6
S01006661,O P Q. Public administration education and health,39,6,33
S01006661,R S T U. Other,17,8,9
S01006661,Never worked,46,26,20
S01006662,All people aged 16 to 74 not in employment,399,199,200
S01006662,A B D E. Agriculture energy and water,15,12,3
S01006662,C. Manufacturing,13,8,5
S01006662,F. Construction,11,8,3
S01006662,G I. Distribution hotels and restaurants,50,20,30
S01006662,H J. Transport and communication,66,33,33
S01006662,K L M N. Financial real estate professional and administrative activities,45,24,21
S01006662,O P Q. Public administration education and health,58,21,37
S01006662,R S T U. Other,24,14,10
S01006662,Never worked,117,59,58
S01006663,All people aged 16 to 74 not in employment,226,111,115
S01006663,A B D E. Agriculture energy and water,6,5,1
S01006663,C. Manufacturing,3,3,0
S01006663,F. Construction,4,4,0
S01006663,G I. Distribution hotels and restaurants,32,12,20
S01006663,H J. Transport and communication,62,30,32
S01006663,K L M N. Financial real estate professional and administrative activities,28,15,13
S01006663,O P Q. Public administration education and health,33,12,21
S01006663,R S T U. Other,8,3,5
S01006663,Never worked,50,27,23
S01006664,All people aged 16 to 74 not in employment,169,77,92
S01006664,A B D E. Agriculture energy and water,4,3,1
S01006664,C. Manufacturing,8,6,2
S01006664,F. Construction,4,4,0
S01006664,G I. Distribution hotels and restaurants,37,13,24
S01006664,H J. Transport and communication,21,5,16
S01006664,K L M N. Financial real estate professional and administrative activities,14,8,6
S01006664,O P Q. Public administration education and health,32,8,24
S01006664,R S T U. Other,12,7,5
S01006664,Never worked,37,23,14
S01006665,All people aged 16 to 74 not in employment,288,128,160
S01006665,A B D E. Agriculture energy and water,4,4,0
S01006665,C. Manufacturing,7,5,2
S01006665,F. Construction,2,1,1
S01006665,G I. Distribution hotels and restaurants,48,18,30
S01006665,H J. Transport and communication,55,21,34
S01006665,K L M N. Financial real estate professional and administrative activities,29,17,12
S01006665,O P Q. Public administration education and health,42,13,29
S01006665,R S T U. Other,14,7,7
S01006665,Never worked,87,42,45
S01006666,All people aged 16 to 74 not in employment,284,141,143
S01006666,A B D E. Agriculture energy and water,11,7,4
S01006666,C. Manufacturing,24,14,10
S01006666,F. Construction,19,16,3
S01006666,G I. Distribution hotels and restaurants,48,30,18
S01006666,H J. Transport and communication,42,19,23
S01006666,K L M N. Financial real estate professional and administrative activities,29,11,18
S01006666,O P Q. Public administration education and health,54,15,39
S01006666,R S T U. Other,8,3,5
S01006666,Never worked,49,26,23
S01006667,All people aged 16 to 74 not in employment,272,153,119
S01006667,A B D E. Agriculture energy and water,8,7,1
S01006667,C. Manufacturing,21,15,6
S01006667,F. Construction,20,20,0
S01006667,G I. Distribution hotels and restaurants,49,25,24
S01006667,H J. Transport and communication,31,19,12
S01006667,K L M N. Financial real estate professional and administrative activities,23,17,6
S01006667,O P Q. Public administration education and health,61,24,37
S01006667,R S T U. Other,7,1,6
S01006667,Never worked,52,25,27
S01006668,All people aged 16 to 74 not in employment,347,155,192
S01006668,A B D E. Agriculture energy and water,14,10,4
S01006668,C. Manufacturing,7,4,3
S01006668,F. Construction,5,5,0
S01006668,G I. Distribution hotels and restaurants,73,28,45
S01006668,H J. Transport and communication,73,29,44
S01006668,K L M N. Financial real estate professional and administrative activities,21,11,10
S01006668,O P Q. Public administration education and health,45,12,33
S01006668,R S T U. Other,14,7,7
S01006668,Never worked,95,49,46
S01006669,All people aged 16 to 74 not in employment,682,354,328
S01006669,A B D E. Agriculture energy and water,17,17,0
S01006669,C. Manufacturing,24,13,11
S01006669,F. Construction,23,23,0
S01006669,G I. Distribution hotels and restaurants,129,71,58
S01006669,H J. Transport and communication,81,44,37
S01006669,K L M N. Financial real estate professional and administrative activities,67,38,29
S01006669,O P Q. Public administration education and health,114,39,75
S01006669,R S T U. Other,30,11,19
S01006669,Never worked,197,98,99
S01006670,All people aged 16 to 74 not in employment,375,162,213
S01006670,A B D E. Agriculture energy and water,7,5,2
S01006670,C. Manufacturing,19,10,9
S01006670,F. Construction,13,12,1
S01006670,G I. Distribution hotels and restaurants,73,30,43
S01006670,H J. Transport and communication,69,25,44
S01006670,K L M N. Financial real estate professional and administrative activities,40,23,17
S01006670,O P Q. Public administration education and health,51,13,38
S01006670,R S T U. Other,17,5,12
S01006670,Never worked,86,39,47
S01006671,All people aged 16 to 74 not in employment,1723,766,957
S01006671,A B D E. Agriculture energy and water,22,13,9
S01006671,C. Manufacturing,38,25,13
S01006671,F. Construction,19,17,2
S01006671,G I. Distribution hotels and restaurants,308,125,183
S01006671,H J. Transport and communication,311,116,195
S01006671,K L M N. Financial real estate professional and administrative activities,168,86,82
S01006671,O P Q. Public administration education and health,196,81,115
S01006671,R S T U. Other,78,34,44
S01006671,Never worked,583,269,314
S01006672,All people aged 16 to 74 not in employment,275,127,148
S01006672,A B D E. Agriculture energy and water,8,5,3
S01006672,C. Manufacturing,16,10,6
S01006672,F. Construction,11,9,2
S01006672,G I. Distribution hotels and restaurants,40,19,21
S01006672,H J. Transport and communication,43,17,26
S01006672,K L M N. Financial real estate professional and administrative activities,18,7,11
S01006672,O P Q. Public administration education and health,62,20,42
S01006672,R S T U. Other,12,1,11
S01006672,Never worked,65,39,26
S01006673,All people aged 16 to 74 not in employment,303,144,159
S01006673,A B D E. Agriculture energy and water,5,4,1
S01006673,C. Manufacturing,19,12,7
S01006673,F. Construction,12,11,1
S01006673,G I. Distribution hotels and restaurants,53,24,29
S01006673,H J. Transport and communication,45,15,30
S01006673,K L M N. Financial real estate professional and administrative activities,37,17,20
S01006673,O P Q. Public administration education and health,46,16,30
S01006673,R S T U. Other,15,5,10
S01006673,Never worked,71,40,31
S01006674,All people aged 16 to 74 not in employment,263,107,156
S01006674,A B D E. Agriculture energy and water,5,3,2
S01006674,C. Manufacturing,22,16,6
S01006674,F. Construction,21,18,3
S01006674,G I. Distribution hotels and restaurants,58,22,36
S01006674,H J. Transport and communication,28,12,16
S01006674,K L M N. Financial real estate professional and administrative activities,33,16,17
S01006674,O P Q. Public administration education and health,56,6,50
S01006674,R S T U. Other,7,3,4
S01006674,Never worked,33,11,22
S01006675,All people aged 16 to 74 not in employment,193,84,109
S01006675,A B D E. Agriculture energy and water,3,3,0
S01006675,C. Manufacturing,13,8,5
S01006675,F. Construction,6,6,0
S01006675,G I. Distribution hotels and restaurants,36,13,23
S01006675,H J. Transport and communication,26,10,16
S01006675,K L M N. Financial real estate professional and administrative activities,29,14,15
S01006675,O P Q. Public administration education and health,31,5,26
S01006675,R S T U. Other,4,1,3
S01006675,Never worked,45,24,21
S01006676,All people aged 16 to 74 not in employment,227,112,115
S01006676,A B D E. Agriculture energy and water,5,3,2
S01006676,C. Manufacturing,22,13,9
S01006676,F. Construction,15,15,0
S01006676,G I. Distribution hotels and restaurants,44,24,20
S01006676,H J. Transport and communication,21,7,14
S01006676,K L M N. Financial real estate professional and administrative activities,25,12,13
S01006676,O P Q. Public administration education and health,47,15,32
S01006676,R S T U. Other,11,2,9
S01006676,Never worked,37,21,16
S01006677,All people aged 16 to 74 not in employment,232,120,112
S01006677,A B D E. Agriculture energy and water,8,7,1
S01006677,C. Manufacturing,20,15,5
S01006677,F. Construction,14,14,0
S01006677,G I. Distribution hotels and restaurants,55,29,26
S01006677,H J. Transport and communication,26,16,10
S01006677,K L M N. Financial real estate professional and administrative activities,23,15,8
S01006677,O P Q. Public administration education and health,42,5,37
S01006677,R S T U. Other,5,2,3
S01006677,Never worked,39,17,22
S01006678,All people aged 16 to 74 not in employment,345,180,165
S01006678,A B D E. Agriculture energy and water,17,15,2
S01006678,C. Manufacturing,32,21,11
S01006678,F. Construction,25,25,0
S01006678,G I. Distribution hotels and restaurants,74,44,30
S01006678,H J. Transport and communication,45,11,34
S01006678,K L M N. Financial real estate professional and administrative activities,35,18,17
S01006678,O P Q. Public administration education and health,51,10,41
S01006678,R S T U. Other,7,3,4
S01006678,Never worked,59,33,26
S01006679,All people aged 16 to 74 not in employment,167,63,104
S01006679,A B D E. Agriculture energy and water,8,6,2
S01006679,C. Manufacturing,8,5,3
S01006679,F. Construction,6,5,1
S01006679,G I. Distribution hotels and restaurants,50,20,30
S01006679,H J. Transport and communication,15,5,10
S01006679,K L M N. Financial real estate professional and administrative activities,17,5,12
S01006679,O P Q. Public administration education and health,47,9,38
S01006679,R S T U. Other,7,3,4
S01006679,Never worked,9,5,4
S01006680,All people aged 16 to 74 not in employment,216,92,124
S01006680,A B D E. Agriculture energy and water,2,1,1
S01006680,C. Manufacturing,20,8,12
S01006680,F. Construction,19,17,2
S01006680,G I. Distribution hotels and restaurants,47,24,23
S01006680,H J. Transport and communication,34,11,23
S01006680,K L M N. Financial real estate professional and administrative activities,28,10,18
S01006680,O P Q. Public administration education and health,24,5,19
S01006680,R S T U. Other,3,1,2
S01006680,Never worked,39,15,24
S01006681,All people aged 16 to 74 not in employment,173,75,98
S01006681,A B D E. Agriculture energy and water,2,1,1
S01006681,C. Manufacturing,27,17,10
S01006681,F. Construction,7,6,1
S01006681,G I. Distribution hotels and restaurants,46,18,28
S01006681,H J. Transport and communication,24,7,17
S01006681,K L M N. Financial real estate professional and administrative activities,18,11,7
S01006681,O P Q. Public administration education and health,25,6,19
S01006681,R S T U. Other,8,1,7
S01006681,Never worked,16,8,8
S01006682,All people aged 16 to 74 not in employment,228,97,131
S01006682,A B D E. Agriculture energy and water,8,8,0
S01006682,C. Manufacturing,11,5,6
S01006682,F. Construction,15,13,2
S01006682,G I. Distribution hotels and restaurants,34,20,14
S01006682,H J. Transport and communication,25,10,15
S01006682,K L M N. Financial real estate professional and administrative activities,26,10,16
S01006682,O P Q. Public administration education and health,45,8,37
S01006682,R S T U. Other,12,3,9
S01006682,Never worked,52,20,32
S01006683,All people aged 16 to 74 not in employment,231,122,109
S01006683,A B D E. Agriculture energy and water,7,6,1
S01006683,C. Manufacturing,19,6,13
S01006683,F. Construction,12,12,0
S01006683,G I. Distribution hotels and restaurants,37,21,16
S01006683,H J. Transport and communication,30,14,16
S01006683,K L M N. Financial real estate professional and administrative activities,21,10,11
S01006683,O P Q. Public administration education and health,47,20,27
S01006683,R S T U. Other,9,4,5
S01006683,Never worked,49,29,20
S01006684,All people aged 16 to 74 not in employment,207,113,94
S01006684,A B D E. Agriculture energy and water,9,8,1
S01006684,C. Manufacturing,17,13,4
S01006684,F. Construction,18,18,0
S01006684,G I. Distribution hotels and restaurants,46,21,25
S01006684,H J. Transport and communication,24,7,17
S01006684,K L M N. Financial real estate professional and administrative activities,23,11,12
S01006684,O P Q. Public administration education and health,31,9,22
S01006684,R S T U. Other,8,4,4
S01006684,Never worked,31,22,9
S01006685,All people aged 16 to 74 not in employment,190,84,106
S01006685,A B D E. Agriculture energy and water,6,5,1
S01006685,C. Manufacturing,15,9,6
S01006685,F. Construction,14,12,2
S01006685,G I. Distribution hotels and restaurants,50,17,33
S01006685,H J. Transport and communication,25,11,14
S01006685,K L M N. Financial real estate professional and administrative activities,22,8,14
S01006685,O P Q. Public administration education and health,32,10,22
S01006685,R S T U. Other,5,2,3
S01006685,Never worked,21,10,11
S01006686,All people aged 16 to 74 not in employment,146,63,83
S01006686,A B D E. Agriculture energy and water,5,4,1
S01006686,C. Manufacturing,13,8,5
S01006686,F. Construction,10,9,1
S01006686,G I. Distribution hotels and restaurants,35,13,22
S01006686,H J. Transport and communication,13,4,9
S01006686,K L M N. Financial real estate professional and administrative activities,14,6,8
S01006686,O P Q. Public administration education and health,36,8,28
S01006686,R S T U. Other,3,1,2
S01006686,Never worked,17,10,7
S01006687,All people aged 16 to 74 not in employment,209,75,134
S01006687,A B D E. Agriculture energy and water,5,5,0
S01006687,C. Manufacturing,19,8,11
S01006687,F. Construction,14,14,0
S01006687,G I. Distribution hotels and restaurants,48,18,30
S01006687,H J. Transport and communication,24,3,21
S01006687,K L M N. Financial real estate professional and administrative activities,16,7,9
S01006687,O P Q. Public administration education and health,47,4,43
S01006687,R S T U. Other,4,0,4
S01006687,Never worked,32,16,16
S01006688,All people aged 16 to 74 not in employment,263,103,160
S01006688,A B D E. Agriculture energy and water,8,4,4
S01006688,C. Manufacturing,22,19,3
S01006688,F. Construction,14,10,4
S01006688,G I. Distribution hotels and restaurants,63,25,38
S01006688,H J. Transport and communication,19,7,12
S01006688,K L M N. Financial real estate professional and administrative activities,31,8,23
S01006688,O P Q. Public administration education and health,79,21,58
S01006688,R S T U. Other,4,0,4
S01006688,Never worked,23,9,14
S01006689,All people aged 16 to 74 not in employment,141,56,85
S01006689,A B D E. Agriculture energy and water,2,0,2
S01006689,C. Manufacturing,5,2,3
S01006689,F. Construction,3,1,2
S01006689,G I. Distribution hotels and restaurants,23,10,13
S01006689,H J. Transport and communication,20,8,12
S01006689,K L M N. Financial real estate professional and administrative activities,18,5,13
S01006689,O P Q. Public administration education and health,38,7,31
S01006689,R S T U. Other,4,2,2
S01006689,Never worked,28,21,7
S01006690,All people aged 16 to 74 not in employment,152,71,81
S01006690,A B D E. Agriculture energy and water,6,2,4
S01006690,C. Manufacturing,9,5,4
S01006690,F. Construction,3,3,0
S01006690,G I. Distribution hotels and restaurants,32,19,13
S01006690,H J. Transport and communication,19,11,8
S01006690,K L M N. Financial real estate professional and administrative activities,15,1,14
S01006690,O P Q. Public administration education and health,38,12,26
S01006690,R S T U. Other,1,1,0
S01006690,Never worked,29,17,12
S01006691,All people aged 16 to 74 not in employment,134,60,74
S01006691,A B D E. Agriculture energy and water,3,1,2
S01006691,C. Manufacturing,6,4,2
S01006691,F. Construction,6,3,3
S01006691,G I. Distribution hotels and restaurants,26,10,16
S01006691,H J. Transport and communication,13,9,4
S01006691,K L M N. Financial real estate professional and administrative activities,14,6,8
S01006691,O P Q. Public administration education and health,35,11,24
S01006691,R S T U. Other,5,2,3
S01006691,Never worked,26,14,12
S01006692,All people aged 16 to 74 not in employment,213,98,115
S01006692,A B D E. Agriculture energy and water,7,4,3
S01006692,C. Manufacturing,10,7,3
S01006692,F. Construction,14,13,1
S01006692,G I. Distribution hotels and restaurants,27,13,14
S01006692,H J. Transport and communication,17,8,9
S01006692,K L M N. Financial real estate professional and administrative activities,21,9,12
S01006692,O P Q. Public administration education and health,71,20,51
S01006692,R S T U. Other,12,6,6
S01006692,Never worked,34,18,16
S01006693,All people aged 16 to 74 not in employment,215,98,117
S01006693,A B D E. Agriculture energy and water,11,9,2
S01006693,C. Manufacturing,11,8,3
S01006693,F. Construction,6,6,0
S01006693,G I. Distribution hotels and restaurants,40,24,16
S01006693,H J. Transport and communication,15,6,9
S01006693,K L M N. Financial real estate professional and administrative activities,29,9,20
S01006693,O P Q. Public administration education and health,43,9,34
S01006693,R S T U. Other,8,2,6
S01006693,Never worked,52,25,27
S01006694,All people aged 16 to 74 not in employment,231,90,141
S01006694,A B D E. Agriculture energy and water,11,7,4
S01006694,C. Manufacturing,17,8,9
S01006694,F. Construction,17,15,2
S01006694,G I. Distribution hotels and restaurants,64,29,35
S01006694,H J. Transport and communication,16,4,12
S01006694,K L M N. Financial real estate professional and administrative activities,26,9,17
S01006694,O P Q. Public administration education and health,57,9,48
S01006694,R S T U. Other,7,2,5
S01006694,Never worked,16,7,9
S01006695,All people aged 16 to 74 not in employment,174,68,106
S01006695,A B D E. Agriculture energy and water,9,9,0
S01006695,C. Manufacturing,13,7,6
S01006695,F. Construction,10,9,1
S01006695,G I. Distribution hotels and restaurants,29,11,18
S01006695,H J. Transport and communication,13,5,8
S01006695,K L M N. Financial real estate professional and administrative activities,21,4,17
S01006695,O P Q. Public administration education and health,58,13,45
S01006695,R S T U. Other,4,3,1
S01006695,Never worked,17,7,10
S01006696,All people aged 16 to 74 not in employment,212,91,121
S01006696,A B D E. Agriculture energy and water,11,9,2
S01006696,C. Manufacturing,16,11,5
S01006696,F. Construction,8,7,1
S01006696,G I. Distribution hotels and restaurants,53,27,26
S01006696,H J. Transport and communication,20,6,14
S01006696,K L M N. Financial real estate professional and administrative activities,8,3,5
S01006696,O P Q. Public administration education and health,52,10,42
S01006696,R S T U. Other,7,3,4
S01006696,Never worked,37,15,22
S01006697,All people aged 16 to 74 not in employment,218,77,141
S01006697,A B D E. Agriculture energy and water,3,3,0
S01006697,C. Manufacturing,19,12,7
S01006697,F. Construction,10,10,0
S01006697,G I. Distribution hotels and restaurants,49,22,27
S01006697,H J. Transport and communication,17,4,13
S01006697,K L M N. Financial real estate professional and administrative activities,18,6,12
S01006697,O P Q. Public administration education and health,58,4,54
S01006697,R S T U. Other,4,3,1
S01006697,Never worked,40,13,27
S01006698,All people aged 16 to 74 not in employment,193,85,108
S01006698,A B D E. Agriculture energy and water,9,9,0
S01006698,C. Manufacturing,19,12,7
S01006698,F. Construction,10,10,0
S01006698,G I. Distribution hotels and restaurants,40,17,23
S01006698,H J. Transport and communication,14,4,10
S01006698,K L M N. Financial real estate professional and administrative activities,19,10,9
S01006698,O P Q. Public administration education and health,47,9,38
S01006698,R S T U. Other,9,5,4
S01006698,Never worked,26,9,17
S01006699,All people aged 16 to 74 not in employment,109,47,62
S01006699,A B D E. Agriculture energy and water,1,1,0
S01006699,C. Manufacturing,7,3,4
S01006699,F. Construction,5,5,0
S01006699,G I. Distribution hotels and restaurants,19,10,9
S01006699,H J. Transport and communication,14,9,5
S01006699,K L M N. Financial real estate professional and administrative activities,11,4,7
S01006699,O P Q. Public administration education and health,33,9,24
S01006699,R S T U. Other,2,0,2
S01006699,Never worked,17,6,11
S01006700,All people aged 16 to 74 not in employment,239,106,133
S01006700,A B D E. Agriculture energy and water,7,5,2
S01006700,C. Manufacturing,12,7,5
S01006700,F. Construction,13,12,1
S01006700,G I. Distribution hotels and restaurants,47,27,20
S01006700,H J. Transport and communication,31,14,17
S01006700,K L M N. Financial real estate professional and administrative activities,21,10,11
S01006700,O P Q. Public administration education and health,60,14,46
S01006700,R S T U. Other,7,2,5
S01006700,Never worked,41,15,26
S01006701,All people aged 16 to 74 not in employment,176,73,103
S01006701,A B D E. Agriculture energy and water,10,9,1
S01006701,C. Manufacturing,12,7,5
S01006701,F. Construction,11,10,1
S01006701,G I. Distribution hotels and restaurants,48,21,27
S01006701,H J. Transport and communication,18,7,11
S01006701,K L M N. Financial real estate professional and administrative activities,17,5,12
S01006701,O P Q. Public administration education and health,29,5,24
S01006701,R S T U. Other,4,0,4
S01006701,Never worked,27,9,18
S01006702,All people aged 16 to 74 not in employment,161,56,105
S01006702,A B D E. Agriculture energy and water,3,2,1
S01006702,C. Manufacturing,11,5,6
S01006702,F. Construction,7,7,0
S01006702,G I. Distribution hotels and restaurants,43,20,23
S01006702,H J. Transport and communication,15,4,11
S01006702,K L M N. Financial real estate professional and administrative activities,19,6,13
S01006702,O P Q. Public administration education and health,44,6,38
S01006702,R S T U. Other,7,2,5
S01006702,Never worked,12,4,8
S01006703,All people aged 16 to 74 not in employment,147,49,98
S01006703,A B D E. Agriculture energy and water,2,1,1
S01006703,C. Manufacturing,13,8,5
S01006703,F. Construction,10,8,2
S01006703,G I. Distribution hotels and restaurants,31,9,22
S01006703,H J. Transport and communication,13,2,11
S01006703,K L M N. Financial real estate professional and administrative activities,17,5,12
S01006703,O P Q. Public administration education and health,29,5,24
S01006703,R S T U. Other,7,2,5
S01006703,Never worked,25,9,16
S01006704,All people aged 16 to 74 not in employment,174,79,95
S01006704,A B D E. Agriculture energy and water,5,5,0
S01006704,C. Manufacturing,18,12,6
S01006704,F. Construction,13,12,1
S01006704,G I. Distribution hotels and restaurants,33,12,21
S01006704,H J. Transport and communication,12,5,7
S01006704,K L M N. Financial real estate professional and administrative activities,21,14,7
S01006704,O P Q. Public administration education and health,38,4,34
S01006704,R S T U. Other,5,3,2
S01006704,Never worked,29,12,17
S01006705,All people aged 16 to 74 not in employment,191,77,114
S01006705,A B D E. Agriculture energy and water,4,3,1
S01006705,C. Manufacturing,23,13,10
S01006705,F. Construction,14,14,0
S01006705,G I. Distribution hotels and restaurants,42,19,23
S01006705,H J. Transport and communication,16,8,8
S01006705,K L M N. Financial real estate professional and administrative activities,13,2,11
S01006705,O P Q. Public administration education and health,53,10,43
S01006705,R S T U. Other,5,1,4
S01006705,Never worked,21,7,14
S01006706,All people aged 16 to 74 not in employment,130,49,81
S01006706,A B D E. Agriculture energy and water,2,2,0
S01006706,C. Manufacturing,13,7,6
S01006706,F. Construction,6,6,0
S01006706,G I. Distribution hotels and restaurants,35,13,22
S01006706,H J. Transport and communication,8,2,6
S01006706,K L M N. Financial real estate professional and administrative activities,11,4,7
S01006706,O P Q. Public administration education and health,24,1,23
S01006706,R S T U. Other,4,0,4
S01006706,Never worked,27,14,13
S01006707,All people aged 16 to 74 not in employment,175,75,100
S01006707,A B D E. Agriculture energy and water,7,5,2
S01006707,C. Manufacturing,10,6,4
S01006707,F. Construction,11,10,1
S01006707,G I. Distribution hotels and restaurants,44,23,21
S01006707,H J. Transport and communication,24,6,18
S01006707,K L M N. Financial real estate professional and administrative activities,12,4,8
S01006707,O P Q. Public administration education and health,27,4,23
S01006707,R S T U. Other,5,0,5
S01006707,Never worked,35,17,18
S01006708,All people aged 16 to 74 not in employment,175,64,111
S01006708,A B D E. Agriculture energy and water,4,3,1
S01006708,C. Manufacturing,20,14,6
S01006708,F. Construction,13,13,0
S01006708,G I. Distribution hotels and restaurants,37,11,26
S01006708,H J. Transport and communication,20,3,17
S01006708,K L M N. Financial real estate professional and administrative activities,9,5,4
S01006708,O P Q. Public administration education and health,46,6,40
S01006708,R S T U. Other,7,2,5
S01006708,Never worked,19,7,12
S01006709,All people aged 16 to 74 not in employment,207,81,126
S01006709,A B D E. Agriculture energy and water,6,6,0
S01006709,C. Manufacturing,21,12,9
S01006709,F. Construction,13,11,2
S01006709,G I. Distribution hotels and restaurants,36,16,20
S01006709,H J. Transport and communication,21,6,15
S01006709,K L M N. Financial real estate professional and administrative activities,18,9,9
S01006709,O P Q. Public administration education and health,55,11,44
S01006709,R S T U. Other,11,1,10
S01006709,Never worked,26,9,17
S01006710,All people aged 16 to 74 not in employment,193,71,122
S01006710,A B D E. Agriculture energy and water,6,3,3
S01006710,C. Manufacturing,13,7,6
S01006710,F. Construction,14,14,0
S01006710,G I. Distribution hotels and restaurants,45,17,28
S01006710,H J. Transport and communication,22,5,17
S01006710,K L M N. Financial real estate professional and administrative activities,20,10,10
S01006710,O P Q. Public administration education and health,45,6,39
S01006710,R S T U. Other,9,0,9
S01006710,Never worked,19,9,10
S01006711,All people aged 16 to 74 not in employment,226,97,129
S01006711,A B D E. Agriculture energy and water,7,7,0
S01006711,C. Manufacturing,14,7,7
S01006711,F. Construction,17,17,0
S01006711,G I. Distribution hotels and restaurants,56,28,28
S01006711,H J. Transport and communication,20,8,12
S01006711,K L M N. Financial real estate professional and administrative activities,21,7,14
S01006711,O P Q. Public administration education and health,64,11,53
S01006711,R S T U. Other,6,1,5
S01006711,Never worked,21,11,10
S01006712,All people aged 16 to 74 not in employment,130,57,73
S01006712,A B D E. Agriculture energy and water,3,3,0
S01006712,C. Manufacturing,10,7,3
S01006712,F. Construction,13,12,1
S01006712,G I. Distribution hotels and restaurants,34,18,16
S01006712,H J. Transport and communication,10,4,6
S01006712,K L M N. Financial real estate professional and administrative activities,15,4,11
S01006712,O P Q. Public administration education and health,27,2,25
S01006712,R S T U. Other,7,1,6
S01006712,Never worked,11,6,5
S01006713,All people aged 16 to 74 not in employment,213,88,125
S01006713,A B D E. Agriculture energy and water,9,4,5
S01006713,C. Manufacturing,18,12,6
S01006713,F. Construction,15,14,1
S01006713,G I. Distribution hotels and restaurants,45,22,23
S01006713,H J. Transport and communication,18,4,14
S01006713,K L M N. Financial real estate professional and administrative activities,19,7,12
S01006713,O P Q. Public administration education and health,41,6,35
S01006713,R S T U. Other,10,2,8
S01006713,Never worked,38,17,21
S01006714,All people aged 16 to 74 not in employment,171,77,94
S01006714,A B D E. Agriculture energy and water,8,5,3
S01006714,C. Manufacturing,7,4,3
S01006714,F. Construction,18,16,2
S01006714,G I. Distribution hotels and restaurants,25,10,15
S01006714,H J. Transport and communication,14,8,6
S01006714,K L M N. Financial real estate professional and administrative activities,23,11,12
S01006714,O P Q. Public administration education and health,43,12,31
S01006714,R S T U. Other,6,0,6
S01006714,Never worked,27,11,16
S01006715,All people aged 16 to 74 not in employment,150,54,96
S01006715,A B D E. Agriculture energy and water,1,1,0
S01006715,C. Manufacturing,11,8,3
S01006715,F. Construction,8,8,0
S01006715,G I. Distribution hotels and restaurants,35,15,20
S01006715,H J. Transport and communication,15,1,14
S01006715,K L M N. Financial real estate professional and administrative activities,17,8,9
S01006715,O P Q. Public administration education and health,24,5,19
S01006715,R S T U. Other,11,2,9
S01006715,Never worked,28,6,22
S01006716,All people aged 16 to 74 not in employment,161,64,97
S01006716,A B D E. Agriculture energy and water,5,1,4
S01006716,C. Manufacturing,10,7,3
S01006716,F. Construction,13,13,0
S01006716,G I. Distribution hotels and restaurants,47,17,30
S01006716,H J. Transport and communication,16,5,11
S01006716,K L M N. Financial real estate professional and administrative activities,14,6,8
S01006716,O P Q. Public administration education and health,27,3,24
S01006716,R S T U. Other,3,0,3
S01006716,Never worked,26,12,14
S01006717,All people aged 16 to 74 not in employment,226,91,135
S01006717,A B D E. Agriculture energy and water,7,3,4
S01006717,C. Manufacturing,13,9,4
S01006717,F. Construction,21,21,0
S01006717,G I. Distribution hotels and restaurants,53,22,31
S01006717,H J. Transport and communication,14,3,11
S01006717,K L M N. Financial real estate professional and administrative activities,26,7,19
S01006717,O P Q. Public administration education and health,50,8,42
S01006717,R S T U. Other,5,1,4
S01006717,Never worked,37,17,20
S01006718,All people aged 16 to 74 not in employment,161,68,93
S01006718,A B D E. Agriculture energy and water,5,5,0
S01006718,C. Manufacturing,11,4,7
S01006718,F. Construction,10,9,1
S01006718,G I. Distribution hotels and restaurants,30,17,13
S01006718,H J. Transport and communication,15,2,13
S01006718,K L M N. Financial real estate professional and administrative activities,18,6,12
S01006718,O P Q. Public administration education and health,34,5,29
S01006718,R S T U. Other,3,1,2
S01006718,Never worked,35,19,16
S01006719,All people aged 16 to 74 not in employment,232,89,143
S01006719,A B D E. Agriculture energy and water,6,5,1
S01006719,C. Manufacturing,14,7,7
S01006719,F. Construction,14,14,0
S01006719,G I. Distribution hotels and restaurants,54,22,32
S01006719,H J. Transport and communication,17,3,14
S01006719,K L M N. Financial real estate professional and administrative activities,21,10,11
S01006719,O P Q. Public administration education and health,56,11,45
S01006719,R S T U. Other,12,4,8
S01006719,Never worked,38,13,25
S01006720,All people aged 16 to 74 not in employment,135,52,83
S01006720,A B D E. Agriculture energy and water,3,2,1
S01006720,C. Manufacturing,5,3,2
S01006720,F. Construction,11,10,1
S01006720,G I. Distribution hotels and restaurants,34,12,22
S01006720,H J. Transport and communication,14,3,11
S01006720,K L M N. Financial real estate professional and administrative activities,20,7,13
S01006720,O P Q. Public administration education and health,25,4,21
S01006720,R S T U. Other,5,0,5
S01006720,Never worked,18,11,7
S01006721,All people aged 16 to 74 not in employment,233,88,145
S01006721,A B D E. Agriculture energy and water,7,6,1
S01006721,C. Manufacturing,18,8,10
S01006721,F. Construction,13,12,1
S01006721,G I. Distribution hotels and restaurants,45,18,27
S01006721,H J. Transport and communication,20,7,13
S01006721,K L M N. Financial real estate professional and administrative activities,26,8,18
S01006721,O P Q. Public administration education and health,57,13,44
S01006721,R S T U. Other,10,4,6
S01006721,Never worked,37,12,25
S01006722,All people aged 16 to 74 not in employment,213,93,120
S01006722,A B D E. Agriculture energy and water,11,9,2
S01006722,C. Manufacturing,15,9,6
S01006722,F. Construction,9,8,1
S01006722,G I. Distribution hotels and restaurants,47,19,28
S01006722,H J. Transport and communication,20,8,12
S01006722,K L M N. Financial real estate professional and administrative activities,26,12,14
S01006722,O P Q. Public administration education and health,38,4,34
S01006722,R S T U. Other,9,3,6
S01006722,Never worked,38,21,17
S01006723,All people aged 16 to 74 not in employment,181,80,101
S01006723,A B D E. Agriculture energy and water,4,3,1
S01006723,C. Manufacturing,9,5,4
S01006723,F. Construction,12,10,2
S01006723,G I. Distribution hotels and restaurants,44,21,23
S01006723,H J. Transport and communication,12,4,8
S01006723,K L M N. Financial real estate professional and administrative activities,19,5,14
S01006723,O P Q. Public administration education and health,36,10,26
S01006723,R S T U. Other,7,2,5
S01006723,Never worked,38,20,18
S01006724,All people aged 16 to 74 not in employment,274,96,178
S01006724,A B D E. Agriculture energy and water,1,1,0
S01006724,C. Manufacturing,16,7,9
S01006724,F. Construction,8,8,0
S01006724,G I. Distribution hotels and restaurants,50,22,28
S01006724,H J. Transport and communication,32,6,26
S01006724,K L M N. Financial real estate professional and administrative activities,39,13,26
S01006724,O P Q. Public administration education and health,33,8,25
S01006724,R S T U. Other,20,1,19
S01006724,Never worked,75,30,45
S01006725,All people aged 16 to 74 not in employment,165,63,102
S01006725,A B D E. Agriculture energy and water,4,3,1
S01006725,C. Manufacturing,9,2,7
S01006725,F. Construction,12,11,1
S01006725,G I. Distribution hotels and restaurants,42,20,22
S01006725,H J. Transport and communication,21,7,14
S01006725,K L M N. Financial real estate professional and administrative activities,13,4,9
S01006725,O P Q. Public administration education and health,32,7,25
S01006725,R S T U. Other,7,0,7
S01006725,Never worked,25,9,16
S01006726,All people aged 16 to 74 not in employment,360,142,218
S01006726,A B D E. Agriculture energy and water,11,8,3
S01006726,C. Manufacturing,27,12,15
S01006726,F. Construction,15,14,1
S01006726,G I. Distribution hotels and restaurants,71,27,44
S01006726,H J. Transport and communication,36,12,24
S01006726,K L M N. Financial real estate professional and administrative activities,51,16,35
S01006726,O P Q. Public administration education and health,50,11,39
S01006726,R S T U. Other,12,4,8
S01006726,Never worked,87,38,49
S01006727,All people aged 16 to 74 not in employment,291,128,163
S01006727,A B D E. Agriculture energy and water,6,5,1
S01006727,C. Manufacturing,25,16,9
S01006727,F. Construction,22,21,1
S01006727,G I. Distribution hotels and restaurants,47,19,28
S01006727,H J. Transport and communication,28,6,22
S01006727,K L M N. Financial real estate professional and administrative activities,43,16,27
S01006727,O P Q. Public administration education and health,39,9,30
S01006727,R S T U. Other,10,3,7
S01006727,Never worked,71,33,38
S01006728,All people aged 16 to 74 not in employment,175,56,119
S01006728,A B D E. Agriculture energy and water,3,1,2
S01006728,C. Manufacturing,10,5,5
S01006728,F. Construction,4,1,3
S01006728,G I. Distribution hotels and restaurants,46,17,29
S01006728,H J. Transport and communication,14,4,10
S01006728,K L M N. Financial real estate professional and administrative activities,14,4,10
S01006728,O P Q. Public administration education and health,44,5,39
S01006728,R S T U. Other,9,2,7
S01006728,Never worked,31,17,14
S01006729,All people aged 16 to 74 not in employment,236,98,138
S01006729,A B D E. Agriculture energy and water,9,4,5
S01006729,C. Manufacturing,19,12,7
S01006729,F. Construction,21,17,4
S01006729,G I. Distribution hotels and restaurants,47,24,23
S01006729,H J. Transport and communication,19,4,15
S01006729,K L M N. Financial real estate professional and administrative activities,25,8,17
S01006729,O P Q. Public administration education and health,35,6,29
S01006729,R S T U. Other,8,2,6
S01006729,Never worked,53,21,32
S01006730,All people aged 16 to 74 not in employment,158,74,84
S01006730,A B D E. Agriculture energy and water,4,3,1
S01006730,C. Manufacturing,14,9,5
S01006730,F. Construction,13,11,2
S01006730,G I. Distribution hotels and restaurants,31,15,16
S01006730,H J. Transport and communication,11,6,5
S01006730,K L M N. Financial real estate professional and administrative activities,13,4,9
S01006730,O P Q. Public administration education and health,39,7,32
S01006730,R S T U. Other,7,3,4
S01006730,Never worked,26,16,10
S01006731,All people aged 16 to 74 not in employment,177,75,102
S01006731,A B D E. Agriculture energy and water,4,4,0
S01006731,C. Manufacturing,14,7,7
S01006731,F. Construction,7,7,0
S01006731,G I. Distribution hotels and restaurants,42,24,18
S01006731,H J. Transport and communication,12,3,9
S01006731,K L M N. Financial real estate professional and administrative activities,28,11,17
S01006731,O P Q. Public administration education and health,32,5,27
S01006731,R S T U. Other,10,2,8
S01006731,Never worked,28,12,16
S01006732,All people aged 16 to 74 not in employment,253,96,157
S01006732,A B D E. Agriculture energy and water,28,16,12
S01006732,C. Manufacturing,15,6,9
S01006732,F. Construction,9,9,0
S01006732,G I. Distribution hotels and restaurants,35,14,21
S01006732,H J. Transport and communication,21,6,15
S01006732,K L M N. Financial real estate professional and administrative activities,22,9,13
S01006732,O P Q. Public administration education and health,68,14,54
S01006732,R S T U. Other,4,0,4
S01006732,Never worked,51,22,29
S01006733,All people aged 16 to 74 not in employment,160,48,112
S01006733,A B D E. Agriculture energy and water,12,5,7
S01006733,C. Manufacturing,5,3,2
S01006733,F. Construction,5,3,2
S01006733,G I. Distribution hotels and restaurants,26,7,19
S01006733,H J. Transport and communication,11,2,9
S01006733,K L M N. Financial real estate professional and administrative activities,25,7,18
S01006733,O P Q. Public administration education and health,47,7,40
S01006733,R S T U. Other,4,0,4
S01006733,Never worked,25,14,11
S01006734,All people aged 16 to 74 not in employment,166,43,123
S01006734,A B D E. Agriculture energy and water,7,3,4
S01006734,C. Manufacturing,10,5,5
S01006734,F. Construction,2,2,0
S01006734,G I. Distribution hotels and restaurants,32,8,24
S01006734,H J. Transport and communication,9,1,8
S01006734,K L M N. Financial real estate professional and administrative activities,19,3,16
S01006734,O P Q. Public administration education and health,38,5,33
S01006734,R S T U. Other,12,1,11
S01006734,Never worked,37,15,22
S01006735,All people aged 16 to 74 not in employment,143,37,106
S01006735,A B D E. Agriculture energy and water,10,7,3
S01006735,C. Manufacturing,5,4,1
S01006735,F. Construction,4,1,3
S01006735,G I. Distribution hotels and restaurants,22,5,17
S01006735,H J. Transport and communication,10,3,7
S01006735,K L M N. Financial real estate professional and administrative activities,28,4,24
S01006735,O P Q. Public administration education and health,50,6,44
S01006735,R S T U. Other,3,1,2
S01006735,Never worked,11,6,5
S01006736,All people aged 16 to 74 not in employment,109,38,71
S01006736,A B D E. Agriculture energy and water,9,5,4
S01006736,C. Manufacturing,6,3,3
S01006736,F. Construction,3,3,0
S01006736,G I. Distribution hotels and restaurants,24,7,17
S01006736,H J. Transport and communication,6,4,2
S01006736,K L M N. Financial real estate professional and administrative activities,17,6,11
S01006736,O P Q. Public administration education and health,26,4,22
S01006736,R S T U. Other,6,1,5
S01006736,Never worked,12,5,7
S01006737,All people aged 16 to 74 not in employment,157,51,106
S01006737,A B D E. Agriculture energy and water,6,3,3
S01006737,C. Manufacturing,7,2,5
S01006737,F. Construction,6,4,2
S01006737,G I. Distribution hotels and restaurants,24,11,13
S01006737,H J. Transport and communication,12,5,7
S01006737,K L M N. Financial real estate professional and administrative activities,17,4,13
S01006737,O P Q. Public administration education and health,56,13,43
S01006737,R S T U. Other,8,2,6
S01006737,Never worked,21,7,14
S01006738,All people aged 16 to 74 not in employment,107,45,62
S01006738,A B D E. Agriculture energy and water,8,7,1
S01006738,C. Manufacturing,7,4,3
S01006738,F. Construction,6,5,1
S01006738,G I. Distribution hotels and restaurants,21,7,14
S01006738,H J. Transport and communication,18,5,13
S01006738,K L M N. Financial real estate professional and administrative activities,11,4,7
S01006738,O P Q. Public administration education and health,20,6,14
S01006738,R S T U. Other,2,1,1
S01006738,Never worked,14,6,8
S01006739,All people aged 16 to 74 not in employment,100,41,59
S01006739,A B D E. Agriculture energy and water,9,6,3
S01006739,C. Manufacturing,15,8,7
S01006739,F. Construction,8,6,2
S01006739,G I. Distribution hotels and restaurants,20,7,13
S01006739,H J. Transport and communication,7,2,5
S01006739,K L M N. Financial real estate professional and administrative activities,7,2,5
S01006739,O P Q. Public administration education and health,23,6,17
S01006739,R S T U. Other,4,2,2
S01006739,Never worked,7,2,5
S01006740,All people aged 16 to 74 not in employment,165,72,93
S01006740,A B D E. Agriculture energy and water,9,8,1
S01006740,C. Manufacturing,19,9,10
S01006740,F. Construction,12,10,2
S01006740,G I. Distribution hotels and restaurants,38,17,21
S01006740,H J. Transport and communication,12,1,11
S01006740,K L M N. Financial real estate professional and administrative activities,17,7,10
S01006740,O P Q. Public administration education and health,29,5,24
S01006740,R S T U. Other,10,1,9
S01006740,Never worked,19,14,5
S01006741,All people aged 16 to 74 not in employment,179,68,111
S01006741,A B D E. Agriculture energy and water,10,4,6
S01006741,C. Manufacturing,25,17,8
S01006741,F. Construction,10,9,1
S01006741,G I. Distribution hotels and restaurants,36,14,22
S01006741,H J. Transport and communication,15,5,10
S01006741,K L M N. Financial real estate professional and administrative activities,17,7,10
S01006741,O P Q. Public administration education and health,55,9,46
S01006741,R S T U. Other,3,1,2
S01006741,Never worked,8,2,6
S01006742,All people aged 16 to 74 not in employment,120,47,73
S01006742,A B D E. Agriculture energy and water,7,5,2
S01006742,C. Manufacturing,16,11,5
S01006742,F. Construction,3,3,0
S01006742,G I. Distribution hotels and restaurants,29,14,15
S01006742,H J. Transport and communication,12,1,11
S01006742,K L M N. Financial real estate professional and administrative activities,10,6,4
S01006742,O P Q. Public administration education and health,34,2,32
S01006742,R S T U. Other,3,1,2
S01006742,Never worked,6,4,2
S01006743,All people aged 16 to 74 not in employment,101,39,62
S01006743,A B D E. Agriculture energy and water,6,3,3
S01006743,C. Manufacturing,15,9,6
S01006743,F. Construction,5,2,3
S01006743,G I. Distribution hotels and restaurants,17,6,11
S01006743,H J. Transport and communication,7,2,5
S01006743,K L M N. Financial real estate professional and administrative activities,13,5,8
S01006743,O P Q. Public administration education and health,21,3,18
S01006743,R S T U. Other,7,5,2
S01006743,Never worked,10,4,6
S01006744,All people aged 16 to 74 not in employment,114,46,68
S01006744,A B D E. Agriculture energy and water,5,4,1
S01006744,C. Manufacturing,11,8,3
S01006744,F. Construction,9,9,0
S01006744,G I. Distribution hotels and restaurants,23,11,12
S01006744,H J. Transport and communication,11,0,11
S01006744,K L M N. Financial real estate professional and administrative activities,12,1,11
S01006744,O P Q. Public administration education and health,28,7,21
S01006744,R S T U. Other,4,0,4
S01006744,Never worked,11,6,5
S01006745,All people aged 16 to 74 not in employment,193,74,119
S01006745,A B D E. Agriculture energy and water,9,7,2
S01006745,C. Manufacturing,25,18,7
S01006745,F. Construction,10,9,1
S01006745,G I. Distribution hotels and restaurants,43,15,28
S01006745,H J. Transport and communication,10,3,7
S01006745,K L M N. Financial real estate professional and administrative activities,23,7,16
S01006745,O P Q. Public administration education and health,42,6,36
S01006745,R S T U. Other,7,1,6
S01006745,Never worked,24,8,16
S01006746,All people aged 16 to 74 not in employment,166,73,93
S01006746,A B D E. Agriculture energy and water,6,4,2
S01006746,C. Manufacturing,22,12,10
S01006746,F. Construction,12,11,1
S01006746,G I. Distribution hotels and restaurants,38,15,23
S01006746,H J. Transport and communication,12,4,8
S01006746,K L M N. Financial real estate professional and administrative activities,12,8,4
S01006746,O P Q. Public administration education and health,28,8,20
S01006746,R S T U. Other,11,2,9
S01006746,Never worked,25,9,16
S01006747,All people aged 16 to 74 not in employment,211,91,120
S01006747,A B D E. Agriculture energy and water,5,1,4
S01006747,C. Manufacturing,24,17,7
S01006747,F. Construction,11,10,1
S01006747,G I. Distribution hotels and restaurants,39,19,20
S01006747,H J. Transport and communication,16,7,9
S01006747,K L M N. Financial real estate professional and administrative activities,29,12,17
S01006747,O P Q. Public administration education and health,70,17,53
S01006747,R S T U. Other,3,0,3
S01006747,Never worked,14,8,6
S01006748,All people aged 16 to 74 not in employment,219,85,134
S01006748,A B D E. Agriculture energy and water,8,4,4
S01006748,C. Manufacturing,23,12,11
S01006748,F. Construction,15,13,2
S01006748,G I. Distribution hotels and restaurants,52,16,36
S01006748,H J. Transport and communication,18,6,12
S01006748,K L M N. Financial real estate professional and administrative activities,29,12,17
S01006748,O P Q. Public administration education and health,50,16,34
S01006748,R S T U. Other,7,1,6
S01006748,Never worked,17,5,12
S01006749,All people aged 16 to 74 not in employment,189,75,114
S01006749,A B D E. Agriculture energy and water,9,6,3
S01006749,C. Manufacturing,18,13,5
S01006749,F. Construction,7,7,0
S01006749,G I. Distribution hotels and restaurants,40,17,23
S01006749,H J. Transport and communication,29,10,19
S01006749,K L M N. Financial real estate professional and administrative activities,30,8,22
S01006749,O P Q. Public administration education and health,30,4,26
S01006749,R S T U. Other,9,3,6
S01006749,Never worked,17,7,10
S01006750,All people aged 16 to 74 not in employment,185,82,103
S01006750,A B D E. Agriculture energy and water,4,3,1
S01006750,C. Manufacturing,17,13,4
S01006750,F. Construction,14,14,0
S01006750,G I. Distribution hotels and restaurants,45,19,26
S01006750,H J. Transport and communication,13,2,11
S01006750,K L M N. Financial real estate professional and administrative activities,14,6,8
S01006750,O P Q. Public administration education and health,38,11,27
S01006750,R S T U. Other,5,1,4
S01006750,Never worked,35,13,22
S01006751,All people aged 16 to 74 not in employment,108,37,71
S01006751,A B D E. Agriculture energy and water,3,2,1
S01006751,C. Manufacturing,12,3,9
S01006751,F. Construction,7,6,1
S01006751,G I. Distribution hotels and restaurants,22,8,14
S01006751,H J. Transport and communication,8,1,7
S01006751,K L M N. Financial real estate professional and administrative activities,8,3,5
S01006751,O P Q. Public administration education and health,27,5,22
S01006751,R S T U. Other,4,0,4
S01006751,Never worked,17,9,8
S01006752,All people aged 16 to 74 not in employment,174,69,105
S01006752,A B D E. Agriculture energy and water,8,4,4
S01006752,C. Manufacturing,21,11,10
S01006752,F. Construction,11,10,1
S01006752,G I. Distribution hotels and restaurants,38,21,17
S01006752,H J. Transport and communication,20,6,14
S01006752,K L M N. Financial real estate professional and administrative activities,20,6,14
S01006752,O P Q. Public administration education and health,39,6,33
S01006752,R S T U. Other,4,0,4
S01006752,Never worked,13,5,8
S01006753,All people aged 16 to 74 not in employment,208,87,121
S01006753,A B D E. Agriculture energy and water,6,5,1
S01006753,C. Manufacturing,31,16,15
S01006753,F. Construction,9,7,2
S01006753,G I. Distribution hotels and restaurants,36,21,15
S01006753,H J. Transport and communication,21,3,18
S01006753,K L M N. Financial real estate professional and administrative activities,23,10,13
S01006753,O P Q. Public administration education and health,56,12,44
S01006753,R S T U. Other,6,1,5
S01006753,Never worked,20,12,8
S01006754,All people aged 16 to 74 not in employment,252,92,160
S01006754,A B D E. Agriculture energy and water,10,8,2
S01006754,C. Manufacturing,16,8,8
S01006754,F. Construction,7,4,3
S01006754,G I. Distribution hotels and restaurants,56,19,37
S01006754,H J. Transport and communication,17,8,9
S01006754,K L M N. Financial real estate professional and administrative activities,27,11,16
S01006754,O P Q. Public administration education and health,94,21,73
S01006754,R S T U. Other,7,1,6
S01006754,Never worked,18,12,6
S01006755,All people aged 16 to 74 not in employment,108,45,63
S01006755,A B D E. Agriculture energy and water,4,4,0
S01006755,C. Manufacturing,15,9,6
S01006755,F. Construction,4,4,0
S01006755,G I. Distribution hotels and restaurants,22,10,12
S01006755,H J. Transport and communication,11,6,5
S01006755,K L M N. Financial real estate professional and administrative activities,15,2,13
S01006755,O P Q. Public administration education and health,19,3,16
S01006755,R S T U. Other,1,1,0
S01006755,Never worked,17,6,11
S01006756,All people aged 16 to 74 not in employment,109,40,69
S01006756,A B D E. Agriculture energy and water,6,4,2
S01006756,C. Manufacturing,9,2,7
S01006756,F. Construction,3,3,0
S01006756,G I. Distribution hotels and restaurants,20,7,13
S01006756,H J. Transport and communication,7,4,3
S01006756,K L M N. Financial real estate professional and administrative activities,13,3,10
S01006756,O P Q. Public administration education and health,23,8,15
S01006756,R S T U. Other,6,0,6
S01006756,Never worked,22,9,13
S01006757,All people aged 16 to 74 not in employment,130,52,78
S01006757,A B D E. Agriculture energy and water,3,3,0
S01006757,C. Manufacturing,9,4,5
S01006757,F. Construction,8,7,1
S01006757,G I. Distribution hotels and restaurants,25,13,12
S01006757,H J. Transport and communication,8,4,4
S01006757,K L M N. Financial real estate professional and administrative activities,8,0,8
S01006757,O P Q. Public administration education and health,41,12,29
S01006757,R S T U. Other,4,1,3
S01006757,Never worked,24,8,16
S01006758,All people aged 16 to 74 not in employment,116,47,69
S01006758,A B D E. Agriculture energy and water,5,2,3
S01006758,C. Manufacturing,7,5,2
S01006758,F. Construction,4,4,0
S01006758,G I. Distribution hotels and restaurants,31,13,18
S01006758,H J. Transport and communication,12,4,8
S01006758,K L M N. Financial real estate professional and administrative activities,11,7,4
S01006758,O P Q. Public administration education and health,35,7,28
S01006758,R S T U. Other,3,1,2
S01006758,Never worked,8,4,4
S01006759,All people aged 16 to 74 not in employment,118,35,83
S01006759,A B D E. Agriculture energy and water,6,3,3
S01006759,C. Manufacturing,9,5,4
S01006759,F. Construction,3,3,0
S01006759,G I. Distribution hotels and restaurants,34,13,21
S01006759,H J. Transport and communication,14,1,13
S01006759,K L M N. Financial real estate professional and administrative activities,9,2,7
S01006759,O P Q. Public administration education and health,25,1,24
S01006759,R S T U. Other,4,1,3
S01006759,Never worked,14,6,8
S01006760,All people aged 16 to 74 not in employment,71,27,44
S01006760,A B D E. Agriculture energy and water,3,1,2
S01006760,C. Manufacturing,5,2,3
S01006760,F. Construction,2,1,1
S01006760,G I. Distribution hotels and restaurants,17,6,11
S01006760,H J. Transport and communication,8,5,3
S01006760,K L M N. Financial real estate professional and administrative activities,7,2,5
S01006760,O P Q. Public administration education and health,18,6,12
S01006760,R S T U. Other,3,0,3
S01006760,Never worked,8,4,4
S01006761,All people aged 16 to 74 not in employment,145,48,97
S01006761,A B D E. Agriculture energy and water,8,5,3
S01006761,C. Manufacturing,15,10,5
S01006761,F. Construction,8,7,1
S01006761,G I. Distribution hotels and restaurants,35,9,26
S01006761,H J. Transport and communication,10,1,9
S01006761,K L M N. Financial real estate professional and administrative activities,14,5,9
S01006761,O P Q. Public administration education and health,45,6,39
S01006761,R S T U. Other,1,0,1
S01006761,Never worked,9,5,4
S01006762,All people aged 16 to 74 not in employment,189,60,129
S01006762,A B D E. Agriculture energy and water,6,4,2
S01006762,C. Manufacturing,16,9,7
S01006762,F. Construction,5,5,0
S01006762,G I. Distribution hotels and restaurants,39,11,28
S01006762,H J. Transport and communication,19,6,13
S01006762,K L M N. Financial real estate professional and administrative activities,19,7,12
S01006762,O P Q. Public administration education and health,65,10,55
S01006762,R S T U. Other,8,2,6
S01006762,Never worked,12,6,6
S01006763,All people aged 16 to 74 not in employment,93,31,62
S01006763,A B D E. Agriculture energy and water,3,1,2
S01006763,C. Manufacturing,3,2,1
S01006763,F. Construction,6,4,2
S01006763,G I. Distribution hotels and restaurants,18,7,11
S01006763,H J. Transport and communication,9,2,7
S01006763,K L M N. Financial real estate professional and administrative activities,13,2,11
S01006763,O P Q. Public administration education and health,8,3,5
S01006763,R S T U. Other,3,1,2
S01006763,Never worked,30,9,21
S01006764,All people aged 16 to 74 not in employment,113,36,77
S01006764,A B D E. Agriculture energy and water,3,0,3
S01006764,C. Manufacturing,6,4,2
S01006764,F. Construction,2,2,0
S01006764,G I. Distribution hotels and restaurants,39,15,24
S01006764,H J. Transport and communication,4,1,3
S01006764,K L M N. Financial real estate professional and administrative activities,19,5,14
S01006764,O P Q. Public administration education and health,23,2,21
S01006764,R S T U. Other,4,1,3
S01006764,Never worked,13,6,7
S01006765,All people aged 16 to 74 not in employment,83,36,47
S01006765,A B D E. Agriculture energy and water,1,1,0
S01006765,C. Manufacturing,7,6,1
S01006765,F. Construction,1,1,0
S01006765,G I. Distribution hotels and restaurants,19,7,12
S01006765,H J. Transport and communication,6,2,4
S01006765,K L M N. Financial real estate professional and administrative activities,13,5,8
S01006765,O P Q. Public administration education and health,22,8,14
S01006765,R S T U. Other,3,0,3
S01006765,Never worked,11,6,5
S01006766,All people aged 16 to 74 not in employment,102,42,60
S01006766,A B D E. Agriculture energy and water,3,1,2
S01006766,C. Manufacturing,6,2,4
S01006766,F. Construction,4,2,2
S01006766,G I. Distribution hotels and restaurants,22,10,12
S01006766,H J. Transport and communication,8,2,6
S01006766,K L M N. Financial real estate professional and administrative activities,9,4,5
S01006766,O P Q. Public administration education and health,24,6,18
S01006766,R S T U. Other,2,2,0
S01006766,Never worked,24,13,11
S01006767,All people aged 16 to 74 not in employment,120,41,79
S01006767,A B D E. Agriculture energy and water,3,1,2
S01006767,C. Manufacturing,8,5,3
S01006767,F. Construction,6,6,0
S01006767,G I. Distribution hotels and restaurants,26,8,18
S01006767,H J. Transport and communication,9,3,6
S01006767,K L M N. Financial real estate professional and administrative activities,15,1,14
S01006767,O P Q. Public administration education and health,34,7,27
S01006767,R S T U. Other,2,0,2
S01006767,Never worked,17,10,7
S01006768,All people aged 16 to 74 not in employment,114,47,67
S01006768,A B D E. Agriculture energy and water,6,2,4
S01006768,C. Manufacturing,12,8,4
S01006768,F. Construction,4,4,0
S01006768,G I. Distribution hotels and restaurants,12,4,8
S01006768,H J. Transport and communication,9,3,6
S01006768,K L M N. Financial real estate professional and administrative activities,15,8,7
S01006768,O P Q. Public administration education and health,22,4,18
S01006768,R S T U. Other,9,2,7
S01006768,Never worked,25,12,13
S01006769,All people aged 16 to 74 not in employment,181,67,114
S01006769,A B D E. Agriculture energy and water,7,6,1
S01006769,C. Manufacturing,13,5,8
S01006769,F. Construction,7,5,2
S01006769,G I. Distribution hotels and restaurants,41,19,22
S01006769,H J. Transport and communication,16,7,9
S01006769,K L M N. Financial real estate professional and administrative activities,21,7,14
S01006769,O P Q. Public administration education and health,47,5,42
S01006769,R S T U. Other,7,3,4
S01006769,Never worked,22,10,12
S01006770,All people aged 16 to 74 not in employment,147,58,89
S01006770,A B D E. Agriculture energy and water,6,4,2
S01006770,C. Manufacturing,13,7,6
S01006770,F. Construction,4,2,2
S01006770,G I. Distribution hotels and restaurants,30,12,18
S01006770,H J. Transport and communication,8,3,5
S01006770,K L M N. Financial real estate professional and administrative activities,13,5,8
S01006770,O P Q. Public administration education and health,50,15,35
S01006770,R S T U. Other,6,1,5
S01006770,Never worked,17,9,8
S01006771,All people aged 16 to 74 not in employment,84,34,50
S01006771,A B D E. Agriculture energy and water,0,0,0
S01006771,C. Manufacturing,1,1,0
S01006771,F. Construction,0,0,0
S01006771,G I. Distribution hotels and restaurants,16,10,6
S01006771,H J. Transport and communication,9,3,6
S01006771,K L M N. Financial real estate professional and administrative activities,8,1,7
S01006771,O P Q. Public administration education and health,28,9,19
S01006771,R S T U. Other,2,1,1
S01006771,Never worked,20,9,11
S01006772,All people aged 16 to 74 not in employment,138,59,79
S01006772,A B D E. Agriculture energy and water,6,6,0
S01006772,C. Manufacturing,8,6,2
S01006772,F. Construction,6,3,3
S01006772,G I. Distribution hotels and restaurants,29,7,22
S01006772,H J. Transport and communication,11,4,7
S01006772,K L M N. Financial real estate professional and administrative activities,16,8,8
S01006772,O P Q. Public administration education and health,41,8,33
S01006772,R S T U. Other,4,2,2
S01006772,Never worked,17,15,2
S01006773,All people aged 16 to 74 not in employment,122,48,74
S01006773,A B D E. Agriculture energy and water,4,2,2
S01006773,C. Manufacturing,3,1,2
S01006773,F. Construction,2,2,0
S01006773,G I. Distribution hotels and restaurants,26,11,15
S01006773,H J. Transport and communication,8,4,4
S01006773,K L M N. Financial real estate professional and administrative activities,15,4,11
S01006773,O P Q. Public administration education and health,39,10,29
S01006773,R S T U. Other,4,2,2
S01006773,Never worked,21,12,9
S01006774,All people aged 16 to 74 not in employment,114,44,70
S01006774,A B D E. Agriculture energy and water,4,3,1
S01006774,C. Manufacturing,5,3,2
S01006774,F. Construction,4,3,1
S01006774,G I. Distribution hotels and restaurants,24,12,12
S01006774,H J. Transport and communication,10,2,8
S01006774,K L M N. Financial real estate professional and administrative activities,12,7,5
S01006774,O P Q. Public administration education and health,37,6,31
S01006774,R S T U. Other,2,0,2
S01006774,Never worked,16,8,8
S01006775,All people aged 16 to 74 not in employment,136,63,73
S01006775,A B D E. Agriculture energy and water,4,2,2
S01006775,C. Manufacturing,10,9,1
S01006775,F. Construction,11,8,3
S01006775,G I. Distribution hotels and restaurants,31,17,14
S01006775,H J. Transport and communication,12,5,7
S01006775,K L M N. Financial real estate professional and administrative activities,6,3,3
S01006775,O P Q. Public administration education and health,39,6,33
S01006775,R S T U. Other,5,2,3
S01006775,Never worked,18,11,7
S01006776,All people aged 16 to 74 not in employment,103,42,61
S01006776,A B D E. Agriculture energy and water,4,3,1
S01006776,C. Manufacturing,6,4,2
S01006776,F. Construction,5,4,1
S01006776,G I. Distribution hotels and restaurants,33,18,15
S01006776,H J. Transport and communication,11,1,10
S01006776,K L M N. Financial real estate professional and administrative activities,10,5,5
S01006776,O P Q. Public administration education and health,22,3,19
S01006776,R S T U. Other,2,1,1
S01006776,Never worked,10,3,7
S01006777,All people aged 16 to 74 not in employment,146,55,91
S01006777,A B D E. Agriculture energy and water,6,6,0
S01006777,C. Manufacturing,4,1,3
S01006777,F. Construction,15,9,6
S01006777,G I. Distribution hotels and restaurants,28,6,22
S01006777,H J. Transport and communication,13,6,7
S01006777,K L M N. Financial real estate professional and administrative activities,17,4,13
S01006777,O P Q. Public administration education and health,53,19,34
S01006777,R S T U. Other,7,1,6
S01006777,Never worked,3,3,0
S01006778,All people aged 16 to 74 not in employment,157,59,98
S01006778,A B D E. Agriculture energy and water,3,3,0
S01006778,C. Manufacturing,6,0,6
S01006778,F. Construction,8,7,1
S01006778,G I. Distribution hotels and restaurants,31,16,15
S01006778,H J. Transport and communication,14,1,13
S01006778,K L M N. Financial real estate professional and administrative activities,23,10,13
S01006778,O P Q. Public administration education and health,55,15,40
S01006778,R S T U. Other,4,2,2
S01006778,Never worked,13,5,8
S01006779,All people aged 16 to 74 not in employment,127,45,82
S01006779,A B D E. Agriculture energy and water,4,3,1
S01006779,C. Manufacturing,8,6,2
S01006779,F. Construction,6,6,0
S01006779,G I. Distribution hotels and restaurants,34,10,24
S01006779,H J. Transport and communication,13,5,8
S01006779,K L M N. Financial real estate professional and administrative activities,14,6,8
S01006779,O P Q. Public administration education and health,34,5,29
S01006779,R S T U. Other,2,0,2
S01006779,Never worked,12,4,8
S01006780,All people aged 16 to 74 not in employment,142,64,78
S01006780,A B D E. Agriculture energy and water,5,5,0
S01006780,C. Manufacturing,6,5,1
S01006780,F. Construction,7,6,1
S01006780,G I. Distribution hotels and restaurants,38,18,20
S01006780,H J. Transport and communication,22,8,14
S01006780,K L M N. Financial real estate professional and administrative activities,13,6,7
S01006780,O P Q. Public administration education and health,31,6,25
S01006780,R S T U. Other,1,1,0
S01006780,Never worked,19,9,10
S01006781,All people aged 16 to 74 not in employment,182,75,107
S01006781,A B D E. Agriculture energy and water,15,10,5
S01006781,C. Manufacturing,9,7,2
S01006781,F. Construction,9,9,0
S01006781,G I. Distribution hotels and restaurants,39,17,22
S01006781,H J. Transport and communication,13,3,10
S01006781,K L M N. Financial real estate professional and administrative activities,19,8,11
S01006781,O P Q. Public administration education and health,55,10,45
S01006781,R S T U. Other,7,3,4
S01006781,Never worked,16,8,8
S01006782,All people aged 16 to 74 not in employment,138,46,92
S01006782,A B D E. Agriculture energy and water,4,1,3
S01006782,C. Manufacturing,5,3,2
S01006782,F. Construction,1,1,0
S01006782,G I. Distribution hotels and restaurants,25,6,19
S01006782,H J. Transport and communication,13,5,8
S01006782,K L M N. Financial real estate professional and administrative activities,19,7,12
S01006782,O P Q. Public administration education and health,46,12,34
S01006782,R S T U. Other,4,1,3
S01006782,Never worked,21,10,11
S01006783,All people aged 16 to 74 not in employment,185,74,111
S01006783,A B D E. Agriculture energy and water,6,6,0
S01006783,C. Manufacturing,10,5,5
S01006783,F. Construction,9,6,3
S01006783,G I. Distribution hotels and restaurants,40,17,23
S01006783,H J. Transport and communication,14,4,10
S01006783,K L M N. Financial real estate professional and administrative activities,26,11,15
S01006783,O P Q. Public administration education and health,54,13,41
S01006783,R S T U. Other,14,6,8
S01006783,Never worked,12,6,6
S01006784,All people aged 16 to 74 not in employment,127,55,72
S01006784,A B D E. Agriculture energy and water,9,7,2
S01006784,C. Manufacturing,15,11,4
S01006784,F. Construction,3,3,0
S01006784,G I. Distribution hotels and restaurants,23,13,10
S01006784,H J. Transport and communication,12,3,9
S01006784,K L M N. Financial real estate professional and administrative activities,11,4,7
S01006784,O P Q. Public administration education and health,40,8,32
S01006784,R S T U. Other,4,0,4
S01006784,Never worked,10,6,4
S01006785,All people aged 16 to 74 not in employment,106,36,70
S01006785,A B D E. Agriculture energy and water,2,2,0
S01006785,C. Manufacturing,4,2,2
S01006785,F. Construction,3,2,1
S01006785,G I. Distribution hotels and restaurants,33,14,19
S01006785,H J. Transport and communication,7,3,4
S01006785,K L M N. Financial real estate professional and administrative activities,12,6,6
S01006785,O P Q. Public administration education and health,31,3,28
S01006785,R S T U. Other,2,0,2
S01006785,Never worked,12,4,8
S01006786,All people aged 16 to 74 not in employment,163,57,106
S01006786,A B D E. Agriculture energy and water,8,6,2
S01006786,C. Manufacturing,10,7,3
S01006786,F. Construction,10,6,4
S01006786,G I. Distribution hotels and restaurants,35,12,23
S01006786,H J. Transport and communication,17,5,12
S01006786,K L M N. Financial real estate professional and administrative activities,16,5,11
S01006786,O P Q. Public administration education and health,37,6,31
S01006786,R S T U. Other,6,1,5
S01006786,Never worked,24,9,15
S01006787,All people aged 16 to 74 not in employment,161,67,94
S01006787,A B D E. Agriculture energy and water,8,7,1
S01006787,C. Manufacturing,12,6,6
S01006787,F. Construction,11,9,2
S01006787,G I. Distribution hotels and restaurants,42,12,30
S01006787,H J. Transport and communication,11,3,8
S01006787,K L M N. Financial real estate professional and administrative activities,19,10,9
S01006787,O P Q. Public administration education and health,35,8,27
S01006787,R S T U. Other,5,2,3
S01006787,Never worked,18,10,8
S01006788,All people aged 16 to 74 not in employment,135,61,74
S01006788,A B D E. Agriculture energy and water,8,5,3
S01006788,C. Manufacturing,11,8,3
S01006788,F. Construction,2,1,1
S01006788,G I. Distribution hotels and restaurants,30,12,18
S01006788,H J. Transport and communication,10,2,8
S01006788,K L M N. Financial real estate professional and administrative activities,9,2,7
S01006788,O P Q. Public administration education and health,22,3,19
S01006788,R S T U. Other,3,2,1
S01006788,Never worked,40,26,14
S01006789,All people aged 16 to 74 not in employment,148,63,85
S01006789,A B D E. Agriculture energy and water,6,4,2
S01006789,C. Manufacturing,10,7,3
S01006789,F. Construction,10,7,3
S01006789,G I. Distribution hotels and restaurants,34,12,22
S01006789,H J. Transport and communication,18,5,13
S01006789,K L M N. Financial real estate professional and administrative activities,21,11,10
S01006789,O P Q. Public administration education and health,38,12,26
S01006789,R S T U. Other,2,1,1
S01006789,Never worked,9,4,5
S01006790,All people aged 16 to 74 not in employment,207,81,126
S01006790,A B D E. Agriculture energy and water,5,2,3
S01006790,C. Manufacturing,5,3,2
S01006790,F. Construction,7,7,0
S01006790,G I. Distribution hotels and restaurants,46,17,29
S01006790,H J. Transport and communication,30,14,16
S01006790,K L M N. Financial real estate professional and administrative activities,28,14,14
S01006790,O P Q. Public administration education and health,68,14,54
S01006790,R S T U. Other,8,4,4
S01006790,Never worked,10,6,4
S01006791,All people aged 16 to 74 not in employment,116,48,68
S01006791,A B D E. Agriculture energy and water,9,6,3
S01006791,C. Manufacturing,8,6,2
S01006791,F. Construction,4,4,0
S01006791,G I. Distribution hotels and restaurants,14,5,9
S01006791,H J. Transport and communication,16,5,11
S01006791,K L M N. Financial real estate professional and administrative activities,8,3,5
S01006791,O P Q. Public administration education and health,37,9,28
S01006791,R S T U. Other,6,2,4
S01006791,Never worked,14,8,6
S01006792,All people aged 16 to 74 not in employment,108,44,64
S01006792,A B D E. Agriculture energy and water,8,4,4
S01006792,C. Manufacturing,8,4,4
S01006792,F. Construction,6,6,0
S01006792,G I. Distribution hotels and restaurants,12,4,8
S01006792,H J. Transport and communication,9,3,6
S01006792,K L M N. Financial real estate professional and administrative activities,17,9,8
S01006792,O P Q. Public administration education and health,33,8,25
S01006792,R S T U. Other,5,1,4
S01006792,Never worked,10,5,5
S01006793,All people aged 16 to 74 not in employment,99,40,59
S01006793,A B D E. Agriculture energy and water,7,7,0
S01006793,C. Manufacturing,7,4,3
S01006793,F. Construction,4,4,0
S01006793,G I. Distribution hotels and restaurants,14,3,11
S01006793,H J. Transport and communication,15,2,13
S01006793,K L M N. Financial real estate professional and administrative activities,21,11,10
S01006793,O P Q. Public administration education and health,22,6,16
S01006793,R S T U. Other,4,2,2
S01006793,Never worked,5,1,4
S01006794,All people aged 16 to 74 not in employment,165,69,96
S01006794,A B D E. Agriculture energy and water,10,9,1
S01006794,C. Manufacturing,7,3,4
S01006794,F. Construction,13,13,0
S01006794,G I. Distribution hotels and restaurants,22,12,10
S01006794,H J. Transport and communication,20,5,15
S01006794,K L M N. Financial real estate professional and administrative activities,16,8,8
S01006794,O P Q. Public administration education and health,63,14,49
S01006794,R S T U. Other,5,1,4
S01006794,Never worked,9,4,5
S01006795,All people aged 16 to 74 not in employment,185,63,122
S01006795,A B D E. Agriculture energy and water,17,12,5
S01006795,C. Manufacturing,7,4,3
S01006795,F. Construction,8,6,2
S01006795,G I. Distribution hotels and restaurants,31,13,18
S01006795,H J. Transport and communication,18,4,14
S01006795,K L M N. Financial real estate professional and administrative activities,29,11,18
S01006795,O P Q. Public administration education and health,53,8,45
S01006795,R S T U. Other,6,1,5
S01006795,Never worked,16,4,12
S01006796,All people aged 16 to 74 not in employment,121,39,82
S01006796,A B D E. Agriculture energy and water,9,4,5
S01006796,C. Manufacturing,0,0,0
S01006796,F. Construction,6,5,1
S01006796,G I. Distribution hotels and restaurants,21,6,15
S01006796,H J. Transport and communication,8,3,5
S01006796,K L M N. Financial real estate professional and administrative activities,27,9,18
S01006796,O P Q. Public administration education and health,31,4,27
S01006796,R S T U. Other,5,1,4
S01006796,Never worked,14,7,7
S01006797,All people aged 16 to 74 not in employment,122,42,80
S01006797,A B D E. Agriculture energy and water,5,3,2
S01006797,C. Manufacturing,4,3,1
S01006797,F. Construction,7,6,1
S01006797,G I. Distribution hotels and restaurants,21,7,14
S01006797,H J. Transport and communication,9,1,8
S01006797,K L M N. Financial real estate professional and administrative activities,17,9,8
S01006797,O P Q. Public administration education and health,36,5,31
S01006797,R S T U. Other,3,2,1
S01006797,Never worked,20,6,14
S01006798,All people aged 16 to 74 not in employment,98,26,72
S01006798,A B D E. Agriculture energy and water,6,4,2
S01006798,C. Manufacturing,4,1,3
S01006798,F. Construction,7,7,0
S01006798,G I. Distribution hotels and restaurants,21,1,20
S01006798,H J. Transport and communication,8,0,8
S01006798,K L M N. Financial real estate professional and administrative activities,8,0,8
S01006798,O P Q. Public administration education and health,29,8,21
S01006798,R S T U. Other,5,3,2
S01006798,Never worked,10,2,8
S01006799,All people aged 16 to 74 not in employment,178,71,107
S01006799,A B D E. Agriculture energy and water,8,8,0
S01006799,C. Manufacturing,8,5,3
S01006799,F. Construction,14,10,4
S01006799,G I. Distribution hotels and restaurants,32,17,15
S01006799,H J. Transport and communication,19,2,17
S01006799,K L M N. Financial real estate professional and administrative activities,16,5,11
S01006799,O P Q. Public administration education and health,57,12,45
S01006799,R S T U. Other,3,1,2
S01006799,Never worked,21,11,10
S01006800,All people aged 16 to 74 not in employment,201,72,129
S01006800,A B D E. Agriculture energy and water,12,8,4
S01006800,C. Manufacturing,13,11,2
S01006800,F. Construction,7,6,1
S01006800,G I. Distribution hotels and restaurants,29,7,22
S01006800,H J. Transport and communication,10,6,4
S01006800,K L M N. Financial real estate professional and administrative activities,39,18,21
S01006800,O P Q. Public administration education and health,67,9,58
S01006800,R S T U. Other,5,2,3
S01006800,Never worked,19,5,14
S01006801,All people aged 16 to 74 not in employment,195,78,117
S01006801,A B D E. Agriculture energy and water,17,13,4
S01006801,C. Manufacturing,11,7,4
S01006801,F. Construction,5,5,0
S01006801,G I. Distribution hotels and restaurants,35,11,24
S01006801,H J. Transport and communication,11,1,10
S01006801,K L M N. Financial real estate professional and administrative activities,24,10,14
S01006801,O P Q. Public administration education and health,58,18,40
S01006801,R S T U. Other,8,1,7
S01006801,Never worked,26,12,14
S01006802,All people aged 16 to 74 not in employment,143,53,90
S01006802,A B D E. Agriculture energy and water,15,12,3
S01006802,C. Manufacturing,14,5,9
S01006802,F. Construction,7,6,1
S01006802,G I. Distribution hotels and restaurants,25,8,17
S01006802,H J. Transport and communication,16,3,13
S01006802,K L M N. Financial real estate professional and administrative activities,20,10,10
S01006802,O P Q. Public administration education and health,30,4,26
S01006802,R S T U. Other,5,1,4
S01006802,Never worked,11,4,7
S01006803,All people aged 16 to 74 not in employment,139,47,92
S01006803,A B D E. Agriculture energy and water,12,6,6
S01006803,C. Manufacturing,13,5,8
S01006803,F. Construction,7,5,2
S01006803,G I. Distribution hotels and restaurants,27,8,19
S01006803,H J. Transport and communication,17,5,12
S01006803,K L M N. Financial real estate professional and administrative activities,13,5,8
S01006803,O P Q. Public administration education and health,34,6,28
S01006803,R S T U. Other,3,0,3
S01006803,Never worked,13,7,6
S01006804,All people aged 16 to 74 not in employment,133,44,89
S01006804,A B D E. Agriculture energy and water,12,5,7
S01006804,C. Manufacturing,11,7,4
S01006804,F. Construction,11,8,3
S01006804,G I. Distribution hotels and restaurants,22,4,18
S01006804,H J. Transport and communication,7,1,6
S01006804,K L M N. Financial real estate professional and administrative activities,21,10,11
S01006804,O P Q. Public administration education and health,34,4,30
S01006804,R S T U. Other,7,1,6
S01006804,Never worked,8,4,4
S01006805,All people aged 16 to 74 not in employment,204,78,126
S01006805,A B D E. Agriculture energy and water,17,13,4
S01006805,C. Manufacturing,10,5,5
S01006805,F. Construction,13,10,3
S01006805,G I. Distribution hotels and restaurants,26,12,14
S01006805,H J. Transport and communication,14,3,11
S01006805,K L M N. Financial real estate professional and administrative activities,17,7,10
S01006805,O P Q. Public administration education and health,60,7,53
S01006805,R S T U. Other,8,1,7
S01006805,Never worked,39,20,19
S01006806,All people aged 16 to 74 not in employment,214,78,136
S01006806,A B D E. Agriculture energy and water,17,12,5
S01006806,C. Manufacturing,18,9,9
S01006806,F. Construction,10,8,2
S01006806,G I. Distribution hotels and restaurants,40,16,24
S01006806,H J. Transport and communication,18,3,15
S01006806,K L M N. Financial real estate professional and administrative activities,19,9,10
S01006806,O P Q. Public administration education and health,66,13,53
S01006806,R S T U. Other,3,1,2
S01006806,Never worked,23,7,16
S01006807,All people aged 16 to 74 not in employment,129,55,74
S01006807,A B D E. Agriculture energy and water,15,8,7
S01006807,C. Manufacturing,8,3,5
S01006807,F. Construction,4,3,1
S01006807,G I. Distribution hotels and restaurants,29,17,12
S01006807,H J. Transport and communication,12,1,11
S01006807,K L M N. Financial real estate professional and administrative activities,12,4,8
S01006807,O P Q. Public administration education and health,28,10,18
S01006807,R S T U. Other,9,2,7
S01006807,Never worked,12,7,5
S01006808,All people aged 16 to 74 not in employment,141,44,97
S01006808,A B D E. Agriculture energy and water,6,2,4
S01006808,C. Manufacturing,12,5,7
S01006808,F. Construction,7,6,1
S01006808,G I. Distribution hotels and restaurants,24,9,15
S01006808,H J. Transport and communication,7,2,5
S01006808,K L M N. Financial real estate professional and administrative activities,10,1,9
S01006808,O P Q. Public administration education and health,54,10,44
S01006808,R S T U. Other,4,2,2
S01006808,Never worked,17,7,10
S01006809,All people aged 16 to 74 not in employment,207,83,124
S01006809,A B D E. Agriculture energy and water,17,14,3
S01006809,C. Manufacturing,12,5,7
S01006809,F. Construction,10,9,1
S01006809,G I. Distribution hotels and restaurants,33,13,20
S01006809,H J. Transport and communication,26,3,23
S01006809,K L M N. Financial real estate professional and administrative activities,14,7,7
S01006809,O P Q. Public administration education and health,65,16,49
S01006809,R S T U. Other,14,5,9
S01006809,Never worked,16,11,5
S01006810,All people aged 16 to 74 not in employment,215,83,132
S01006810,A B D E. Agriculture energy and water,9,5,4
S01006810,C. Manufacturing,22,13,9
S01006810,F. Construction,10,9,1
S01006810,G I. Distribution hotels and restaurants,39,14,25
S01006810,H J. Transport and communication,24,9,15
S01006810,K L M N. Financial real estate professional and administrative activities,15,6,9
S01006810,O P Q. Public administration education and health,62,11,51
S01006810,R S T U. Other,5,0,5
S01006810,Never worked,29,16,13
S01006811,All people aged 16 to 74 not in employment,206,81,125
S01006811,A B D E. Agriculture energy and water,17,12,5
S01006811,C. Manufacturing,21,11,10
S01006811,F. Construction,6,6,0
S01006811,G I. Distribution hotels and restaurants,29,11,18
S01006811,H J. Transport and communication,14,4,10
S01006811,K L M N. Financial real estate professional and administrative activities,21,4,17
S01006811,O P Q. Public administration education and health,63,15,48
S01006811,R S T U. Other,6,2,4
S01006811,Never worked,29,16,13
S01006812,All people aged 16 to 74 not in employment,134,50,84
S01006812,A B D E. Agriculture energy and water,8,6,2
S01006812,C. Manufacturing,10,3,7
S01006812,F. Construction,3,3,0
S01006812,G I. Distribution hotels and restaurants,22,6,16
S01006812,H J. Transport and communication,14,6,8
S01006812,K L M N. Financial real estate professional and administrative activities,6,0,6
S01006812,O P Q. Public administration education and health,45,9,36
S01006812,R S T U. Other,4,1,3
S01006812,Never worked,22,16,6
S01006813,All people aged 16 to 74 not in employment,157,59,98
S01006813,A B D E. Agriculture energy and water,10,8,2
S01006813,C. Manufacturing,17,8,9
S01006813,F. Construction,6,4,2
S01006813,G I. Distribution hotels and restaurants,34,16,18
S01006813,H J. Transport and communication,11,2,9
S01006813,K L M N. Financial real estate professional and administrative activities,10,4,6
S01006813,O P Q. Public administration education and health,43,6,37
S01006813,R S T U. Other,5,0,5
S01006813,Never worked,21,11,10
S01006814,All people aged 16 to 74 not in employment,177,58,119
S01006814,A B D E. Agriculture energy and water,13,8,5
S01006814,C. Manufacturing,11,5,6
S01006814,F. Construction,3,1,2
S01006814,G I. Distribution hotels and restaurants,18,7,11
S01006814,H J. Transport and communication,19,6,13
S01006814,K L M N. Financial real estate professional and administrative activities,17,5,12
S01006814,O P Q. Public administration education and health,54,7,47
S01006814,R S T U. Other,4,2,2
S01006814,Never worked,38,17,21
S01006815,All people aged 16 to 74 not in employment,118,49,69
S01006815,A B D E. Agriculture energy and water,9,8,1
S01006815,C. Manufacturing,18,11,7
S01006815,F. Construction,8,7,1
S01006815,G I. Distribution hotels and restaurants,20,8,12
S01006815,H J. Transport and communication,6,0,6
S01006815,K L M N. Financial real estate professional and administrative activities,13,4,9
S01006815,O P Q. Public administration education and health,26,3,23
S01006815,R S T U. Other,7,4,3
S01006815,Never worked,11,4,7
S01006816,All people aged 16 to 74 not in employment,161,63,98
S01006816,A B D E. Agriculture energy and water,13,12,1
S01006816,C. Manufacturing,11,4,7
S01006816,F. Construction,7,7,0
S01006816,G I. Distribution hotels and restaurants,27,8,19
S01006816,H J. Transport and communication,14,2,12
S01006816,K L M N. Financial real estate professional and administrative activities,20,7,13
S01006816,O P Q. Public administration education and health,42,13,29
S01006816,R S T U. Other,8,0,8
S01006816,Never worked,19,10,9
S01006817,All people aged 16 to 74 not in employment,124,46,78
S01006817,A B D E. Agriculture energy and water,9,6,3
S01006817,C. Manufacturing,10,5,5
S01006817,F. Construction,5,5,0
S01006817,G I. Distribution hotels and restaurants,28,11,17
S01006817,H J. Transport and communication,9,4,5
S01006817,K L M N. Financial real estate professional and administrative activities,17,2,15
S01006817,O P Q. Public administration education and health,36,6,30
S01006817,R S T U. Other,0,0,0
S01006817,Never worked,10,7,3
S01006818,All people aged 16 to 74 not in employment,130,50,80
S01006818,A B D E. Agriculture energy and water,17,11,6
S01006818,C. Manufacturing,9,2,7
S01006818,F. Construction,4,2,2
S01006818,G I. Distribution hotels and restaurants,21,8,13
S01006818,H J. Transport and communication,9,3,6
S01006818,K L M N. Financial real estate professional and administrative activities,10,5,5
S01006818,O P Q. Public administration education and health,36,7,29
S01006818,R S T U. Other,6,3,3
S01006818,Never worked,18,9,9
S01006819,All people aged 16 to 74 not in employment,131,48,83
S01006819,A B D E. Agriculture energy and water,13,8,5
S01006819,C. Manufacturing,9,4,5
S01006819,F. Construction,3,3,0
S01006819,G I. Distribution hotels and restaurants,19,6,13
S01006819,H J. Transport and communication,3,1,2
S01006819,K L M N. Financial real estate professional and administrative activities,15,7,8
S01006819,O P Q. Public administration education and health,27,6,21
S01006819,R S T U. Other,9,1,8
S01006819,Never worked,33,12,21
S01006820,All people aged 16 to 74 not in employment,97,43,54
S01006820,A B D E. Agriculture energy and water,4,3,1
S01006820,C. Manufacturing,3,2,1
S01006820,F. Construction,2,1,1
S01006820,G I. Distribution hotels and restaurants,24,14,10
S01006820,H J. Transport and communication,7,4,3
S01006820,K L M N. Financial real estate professional and administrative activities,6,1,5
S01006820,O P Q. Public administration education and health,33,11,22
S01006820,R S T U. Other,4,0,4
S01006820,Never worked,14,7,7
S01006821,All people aged 16 to 74 not in employment,106,35,71
S01006821,A B D E. Agriculture energy and water,9,3,6
S01006821,C. Manufacturing,8,6,2
S01006821,F. Construction,4,2,2
S01006821,G I. Distribution hotels and restaurants,18,8,10
S01006821,H J. Transport and communication,5,2,3
S01006821,K L M N. Financial real estate professional and administrative activities,12,4,8
S01006821,O P Q. Public administration education and health,35,6,29
S01006821,R S T U. Other,4,0,4
S01006821,Never worked,11,4,7
S01006822,All people aged 16 to 74 not in employment,133,44,89
S01006822,A B D E. Agriculture energy and water,10,2,8
S01006822,C. Manufacturing,14,8,6
S01006822,F. Construction,3,1,2
S01006822,G I. Distribution hotels and restaurants,30,8,22
S01006822,H J. Transport and communication,4,1,3
S01006822,K L M N. Financial real estate professional and administrative activities,17,7,10
S01006822,O P Q. Public administration education and health,24,4,20
S01006822,R S T U. Other,6,0,6
S01006822,Never worked,25,13,12
S01006823,All people aged 16 to 74 not in employment,167,62,105
S01006823,A B D E. Agriculture energy and water,7,6,1
S01006823,C. Manufacturing,9,3,6
S01006823,F. Construction,4,3,1
S01006823,G I. Distribution hotels and restaurants,30,12,18
S01006823,H J. Transport and communication,14,4,10
S01006823,K L M N. Financial real estate professional and administrative activities,27,12,15
S01006823,O P Q. Public administration education and health,46,5,41
S01006823,R S T U. Other,5,2,3
S01006823,Never worked,25,15,10
S01006824,All people aged 16 to 74 not in employment,187,70,117
S01006824,A B D E. Agriculture energy and water,2,2,0
S01006824,C. Manufacturing,12,4,8
S01006824,F. Construction,16,15,1
S01006824,G I. Distribution hotels and restaurants,51,18,33
S01006824,H J. Transport and communication,15,1,14
S01006824,K L M N. Financial real estate professional and administrative activities,14,5,9
S01006824,O P Q. Public administration education and health,31,7,24
S01006824,R S T U. Other,2,0,2
S01006824,Never worked,44,18,26
S01006825,All people aged 16 to 74 not in employment,171,56,115
S01006825,A B D E. Agriculture energy and water,9,7,2
S01006825,C. Manufacturing,14,6,8
S01006825,F. Construction,9,9,0
S01006825,G I. Distribution hotels and restaurants,32,7,25
S01006825,H J. Transport and communication,14,3,11
S01006825,K L M N. Financial real estate professional and administrative activities,12,2,10
S01006825,O P Q. Public administration education and health,56,9,47
S01006825,R S T U. Other,10,2,8
S01006825,Never worked,15,11,4
S01006826,All people aged 16 to 74 not in employment,191,67,124
S01006826,A B D E. Agriculture energy and water,9,5,4
S01006826,C. Manufacturing,11,6,5
S01006826,F. Construction,9,6,3
S01006826,G I. Distribution hotels and restaurants,32,10,22
S01006826,H J. Transport and communication,21,6,15
S01006826,K L M N. Financial real estate professional and administrative activities,20,8,12
S01006826,O P Q. Public administration education and health,49,8,41
S01006826,R S T U. Other,6,1,5
S01006826,Never worked,34,17,17
S01006827,All people aged 16 to 74 not in employment,206,73,133
S01006827,A B D E. Agriculture energy and water,13,9,4
S01006827,C. Manufacturing,11,1,10
S01006827,F. Construction,14,12,2
S01006827,G I. Distribution hotels and restaurants,40,18,22
S01006827,H J. Transport and communication,16,7,9
S01006827,K L M N. Financial real estate professional and administrative activities,26,7,19
S01006827,O P Q. Public administration education and health,50,7,43
S01006827,R S T U. Other,11,2,9
S01006827,Never worked,25,10,15
S01006828,All people aged 16 to 74 not in employment,198,78,120
S01006828,A B D E. Agriculture energy and water,14,11,3
S01006828,C. Manufacturing,9,6,3
S01006828,F. Construction,15,11,4
S01006828,G I. Distribution hotels and restaurants,39,16,23
S01006828,H J. Transport and communication,13,3,10
S01006828,K L M N. Financial real estate professional and administrative activities,22,8,14
S01006828,O P Q. Public administration education and health,55,11,44
S01006828,R S T U. Other,13,4,9
S01006828,Never worked,18,8,10
S01006829,All people aged 16 to 74 not in employment,48,13,35
S01006829,A B D E. Agriculture energy and water,2,2,0
S01006829,C. Manufacturing,3,2,1
S01006829,F. Construction,0,0,0
S01006829,G I. Distribution hotels and restaurants,5,2,3
S01006829,H J. Transport and communication,1,1,0
S01006829,K L M N. Financial real estate professional and administrative activities,9,1,8
S01006829,O P Q. Public administration education and health,16,2,14
S01006829,R S T U. Other,3,1,2
S01006829,Never worked,9,2,7
S01006830,All people aged 16 to 74 not in employment,168,60,108
S01006830,A B D E. Agriculture energy and water,8,4,4
S01006830,C. Manufacturing,9,0,9
S01006830,F. Construction,8,5,3
S01006830,G I. Distribution hotels and restaurants,31,12,19
S01006830,H J. Transport and communication,15,7,8
S01006830,K L M N. Financial real estate professional and administrative activities,13,7,6
S01006830,O P Q. Public administration education and health,52,11,41
S01006830,R S T U. Other,6,2,4
S01006830,Never worked,26,12,14
S01006831,All people aged 16 to 74 not in employment,156,70,86
S01006831,A B D E. Agriculture energy and water,11,9,2
S01006831,C. Manufacturing,13,7,6
S01006831,F. Construction,6,6,0
S01006831,G I. Distribution hotels and restaurants,19,8,11
S01006831,H J. Transport and communication,12,1,11
S01006831,K L M N. Financial real estate professional and administrative activities,15,9,6
S01006831,O P Q. Public administration education and health,61,21,40
S01006831,R S T U. Other,4,2,2
S01006831,Never worked,15,7,8
S01006832,All people aged 16 to 74 not in employment,239,81,158
S01006832,A B D E. Agriculture energy and water,12,7,5
S01006832,C. Manufacturing,8,6,2
S01006832,F. Construction,8,7,1
S01006832,G I. Distribution hotels and restaurants,42,18,24
S01006832,H J. Transport and communication,30,12,18
S01006832,K L M N. Financial real estate professional and administrative activities,21,9,12
S01006832,O P Q. Public administration education and health,83,10,73
S01006832,R S T U. Other,7,1,6
S01006832,Never worked,28,11,17
S01006833,All people aged 16 to 74 not in employment,99,33,66
S01006833,A B D E. Agriculture energy and water,9,6,3
S01006833,C. Manufacturing,4,1,3
S01006833,F. Construction,8,5,3
S01006833,G I. Distribution hotels and restaurants,13,4,9
S01006833,H J. Transport and communication,13,5,8
S01006833,K L M N. Financial real estate professional and administrative activities,11,3,8
S01006833,O P Q. Public administration education and health,33,6,27
S01006833,R S T U. Other,2,0,2
S01006833,Never worked,6,3,3
S01006834,All people aged 16 to 74 not in employment,69,21,48
S01006834,A B D E. Agriculture energy and water,4,3,1
S01006834,C. Manufacturing,3,3,0
S01006834,F. Construction,1,1,0
S01006834,G I. Distribution hotels and restaurants,10,3,7
S01006834,H J. Transport and communication,5,1,4
S01006834,K L M N. Financial real estate professional and administrative activities,8,1,7
S01006834,O P Q. Public administration education and health,14,0,14
S01006834,R S T U. Other,3,1,2
S01006834,Never worked,21,8,13
S01006835,All people aged 16 to 74 not in employment,180,74,106
S01006835,A B D E. Agriculture energy and water,13,10,3
S01006835,C. Manufacturing,13,9,4
S01006835,F. Construction,10,10,0
S01006835,G I. Distribution hotels and restaurants,36,11,25
S01006835,H J. Transport and communication,13,5,8
S01006835,K L M N. Financial real estate professional and administrative activities,17,8,9
S01006835,O P Q. Public administration education and health,51,10,41
S01006835,R S T U. Other,6,0,6
S01006835,Never worked,21,11,10
S01006836,All people aged 16 to 74 not in employment,72,21,51
S01006836,A B D E. Agriculture energy and water,2,1,1
S01006836,C. Manufacturing,4,2,2
S01006836,F. Construction,3,2,1
S01006836,G I. Distribution hotels and restaurants,11,5,6
S01006836,H J. Transport and communication,6,1,5
S01006836,K L M N. Financial real estate professional and administrative activities,12,3,9
S01006836,O P Q. Public administration education and health,20,2,18
S01006836,R S T U. Other,3,0,3
S01006836,Never worked,11,5,6
S01006837,All people aged 16 to 74 not in employment,130,46,84
S01006837,A B D E. Agriculture energy and water,3,3,0
S01006837,C. Manufacturing,8,4,4
S01006837,F. Construction,8,4,4
S01006837,G I. Distribution hotels and restaurants,24,11,13
S01006837,H J. Transport and communication,7,2,5
S01006837,K L M N. Financial real estate professional and administrative activities,10,4,6
S01006837,O P Q. Public administration education and health,45,9,36
S01006837,R S T U. Other,7,2,5
S01006837,Never worked,18,7,11
S01006838,All people aged 16 to 74 not in employment,115,40,75
S01006838,A B D E. Agriculture energy and water,5,3,2
S01006838,C. Manufacturing,10,4,6
S01006838,F. Construction,5,5,0
S01006838,G I. Distribution hotels and restaurants,22,6,16
S01006838,H J. Transport and communication,8,2,6
S01006838,K L M N. Financial real estate professional and administrative activities,10,5,5
S01006838,O P Q. Public administration education and health,28,3,25
S01006838,R S T U. Other,8,1,7
S01006838,Never worked,19,11,8
S01006839,All people aged 16 to 74 not in employment,198,78,120
S01006839,A B D E. Agriculture energy and water,8,7,1
S01006839,C. Manufacturing,23,14,9
S01006839,F. Construction,7,6,1
S01006839,G I. Distribution hotels and restaurants,39,12,27
S01006839,H J. Transport and communication,13,6,7
S01006839,K L M N. Financial real estate professional and administrative activities,18,9,9
S01006839,O P Q. Public administration education and health,66,14,52
S01006839,R S T U. Other,6,2,4
S01006839,Never worked,18,8,10
S01006840,All people aged 16 to 74 not in employment,185,75,110
S01006840,A B D E. Agriculture energy and water,10,6,4
S01006840,C. Manufacturing,6,4,2
S01006840,F. Construction,10,10,0
S01006840,G I. Distribution hotels and restaurants,40,17,23
S01006840,H J. Transport and communication,8,3,5
S01006840,K L M N. Financial real estate professional and administrative activities,31,12,19
S01006840,O P Q. Public administration education and health,57,14,43
S01006840,R S T U. Other,3,0,3
S01006840,Never worked,20,9,11
S01006841,All people aged 16 to 74 not in employment,154,54,100
S01006841,A B D E. Agriculture energy and water,11,3,8
S01006841,C. Manufacturing,10,5,5
S01006841,F. Construction,4,2,2
S01006841,G I. Distribution hotels and restaurants,32,16,16
S01006841,H J. Transport and communication,12,3,9
S01006841,K L M N. Financial real estate professional and administrative activities,20,5,15
S01006841,O P Q. Public administration education and health,41,9,32
S01006841,R S T U. Other,8,0,8
S01006841,Never worked,16,11,5
S01006842,All people aged 16 to 74 not in employment,146,56,90
S01006842,A B D E. Agriculture energy and water,6,2,4
S01006842,C. Manufacturing,12,6,6
S01006842,F. Construction,8,7,1
S01006842,G I. Distribution hotels and restaurants,32,13,19
S01006842,H J. Transport and communication,11,3,8
S01006842,K L M N. Financial real estate professional and administrative activities,18,7,11
S01006842,O P Q. Public administration education and health,38,9,29
S01006842,R S T U. Other,4,2,2
S01006842,Never worked,17,7,10
S01006843,All people aged 16 to 74 not in employment,128,49,79
S01006843,A B D E. Agriculture energy and water,9,5,4
S01006843,C. Manufacturing,6,4,2
S01006843,F. Construction,6,4,2
S01006843,G I. Distribution hotels and restaurants,35,14,21
S01006843,H J. Transport and communication,9,1,8
S01006843,K L M N. Financial real estate professional and administrative activities,11,1,10
S01006843,O P Q. Public administration education and health,32,10,22
S01006843,R S T U. Other,5,3,2
S01006843,Never worked,15,7,8
S01006844,All people aged 16 to 74 not in employment,106,35,71
S01006844,A B D E. Agriculture energy and water,4,2,2
S01006844,C. Manufacturing,9,6,3
S01006844,F. Construction,4,4,0
S01006844,G I. Distribution hotels and restaurants,26,6,20
S01006844,H J. Transport and communication,8,3,5
S01006844,K L M N. Financial real estate professional and administrative activities,12,2,10
S01006844,O P Q. Public administration education and health,27,3,24
S01006844,R S T U. Other,3,1,2
S01006844,Never worked,13,8,5
S01006845,All people aged 16 to 74 not in employment,148,60,88
S01006845,A B D E. Agriculture energy and water,7,3,4
S01006845,C. Manufacturing,10,4,6
S01006845,F. Construction,7,5,2
S01006845,G I. Distribution hotels and restaurants,29,12,17
S01006845,H J. Transport and communication,13,4,9
S01006845,K L M N. Financial real estate professional and administrative activities,24,7,17
S01006845,O P Q. Public administration education and health,23,3,20
S01006845,R S T U. Other,4,1,3
S01006845,Never worked,31,21,10
S01006846,All people aged 16 to 74 not in employment,93,38,55
S01006846,A B D E. Agriculture energy and water,2,2,0
S01006846,C. Manufacturing,4,2,2
S01006846,F. Construction,5,4,1
S01006846,G I. Distribution hotels and restaurants,26,10,16
S01006846,H J. Transport and communication,7,1,6
S01006846,K L M N. Financial real estate professional and administrative activities,6,1,5
S01006846,O P Q. Public administration education and health,22,4,18
S01006846,R S T U. Other,6,2,4
S01006846,Never worked,15,12,3
S01006847,All people aged 16 to 74 not in employment,105,48,57
S01006847,A B D E. Agriculture energy and water,1,1,0
S01006847,C. Manufacturing,7,2,5
S01006847,F. Construction,3,3,0
S01006847,G I. Distribution hotels and restaurants,20,9,11
S01006847,H J. Transport and communication,9,4,5
S01006847,K L M N. Financial real estate professional and administrative activities,15,6,9
S01006847,O P Q. Public administration education and health,21,7,14
S01006847,R S T U. Other,4,1,3
S01006847,Never worked,25,15,10
S01006848,All people aged 16 to 74 not in employment,251,92,159
S01006848,A B D E. Agriculture energy and water,10,5,5
S01006848,C. Manufacturing,10,5,5
S01006848,F. Construction,13,10,3
S01006848,G I. Distribution hotels and restaurants,44,18,26
S01006848,H J. Transport and communication,21,4,17
S01006848,K L M N. Financial real estate professional and administrative activities,29,7,22
S01006848,O P Q. Public administration education and health,53,6,47
S01006848,R S T U. Other,10,2,8
S01006848,Never worked,61,35,26
S01006849,All people aged 16 to 74 not in employment,109,37,72
S01006849,A B D E. Agriculture energy and water,4,3,1
S01006849,C. Manufacturing,3,2,1
S01006849,F. Construction,6,3,3
S01006849,G I. Distribution hotels and restaurants,31,13,18
S01006849,H J. Transport and communication,9,2,7
S01006849,K L M N. Financial real estate professional and administrative activities,6,1,5
S01006849,O P Q. Public administration education and health,24,3,21
S01006849,R S T U. Other,8,1,7
S01006849,Never worked,18,9,9
S01006850,All people aged 16 to 74 not in employment,141,47,94
S01006850,A B D E. Agriculture energy and water,4,3,1
S01006850,C. Manufacturing,7,5,2
S01006850,F. Construction,3,3,0
S01006850,G I. Distribution hotels and restaurants,41,13,28
S01006850,H J. Transport and communication,13,5,8
S01006850,K L M N. Financial real estate professional and administrative activities,13,1,12
S01006850,O P Q. Public administration education and health,26,7,19
S01006850,R S T U. Other,9,1,8
S01006850,Never worked,25,9,16
S01006851,All people aged 16 to 74 not in employment,165,70,95
S01006851,A B D E. Agriculture energy and water,11,6,5
S01006851,C. Manufacturing,12,8,4
S01006851,F. Construction,7,5,2
S01006851,G I. Distribution hotels and restaurants,44,24,20
S01006851,H J. Transport and communication,12,4,8
S01006851,K L M N. Financial real estate professional and administrative activities,17,5,12
S01006851,O P Q. Public administration education and health,36,5,31
S01006851,R S T U. Other,4,1,3
S01006851,Never worked,22,12,10
S01006852,All people aged 16 to 74 not in employment,129,59,70
S01006852,A B D E. Agriculture energy and water,13,9,4
S01006852,C. Manufacturing,9,6,3
S01006852,F. Construction,8,6,2
S01006852,G I. Distribution hotels and restaurants,12,6,6
S01006852,H J. Transport and communication,13,4,9
S01006852,K L M N. Financial real estate professional and administrative activities,15,6,9
S01006852,O P Q. Public administration education and health,44,14,30
S01006852,R S T U. Other,3,0,3
S01006852,Never worked,12,8,4
S01006853,All people aged 16 to 74 not in employment,166,56,110
S01006853,A B D E. Agriculture energy and water,15,8,7
S01006853,C. Manufacturing,7,3,4
S01006853,F. Construction,7,5,2
S01006853,G I. Distribution hotels and restaurants,18,5,13
S01006853,H J. Transport and communication,14,3,11
S01006853,K L M N. Financial real estate professional and administrative activities,19,7,12
S01006853,O P Q. Public administration education and health,48,10,38
S01006853,R S T U. Other,9,0,9
S01006853,Never worked,29,15,14
S01006854,All people aged 16 to 74 not in employment,209,73,136
S01006854,A B D E. Agriculture energy and water,15,8,7
S01006854,C. Manufacturing,16,9,7
S01006854,F. Construction,6,6,0
S01006854,G I. Distribution hotels and restaurants,38,16,22
S01006854,H J. Transport and communication,17,3,14
S01006854,K L M N. Financial real estate professional and administrative activities,29,5,24
S01006854,O P Q. Public administration education and health,52,13,39
S01006854,R S T U. Other,16,2,14
S01006854,Never worked,20,11,9
S01006855,All people aged 16 to 74 not in employment,145,41,104
S01006855,A B D E. Agriculture energy and water,18,8,10
S01006855,C. Manufacturing,7,5,2
S01006855,F. Construction,4,4,0
S01006855,G I. Distribution hotels and restaurants,26,6,20
S01006855,H J. Transport and communication,9,1,8
S01006855,K L M N. Financial real estate professional and administrative activities,20,3,17
S01006855,O P Q. Public administration education and health,43,7,36
S01006855,R S T U. Other,5,2,3
S01006855,Never worked,13,5,8
S01006856,All people aged 16 to 74 not in employment,110,45,65
S01006856,A B D E. Agriculture energy and water,11,6,5
S01006856,C. Manufacturing,6,4,2
S01006856,F. Construction,6,6,0
S01006856,G I. Distribution hotels and restaurants,16,4,12
S01006856,H J. Transport and communication,9,2,7
S01006856,K L M N. Financial real estate professional and administrative activities,12,7,5
S01006856,O P Q. Public administration education and health,35,7,28
S01006856,R S T U. Other,4,2,2
S01006856,Never worked,11,7,4
S01006857,All people aged 16 to 74 not in employment,173,69,104
S01006857,A B D E. Agriculture energy and water,16,10,6
S01006857,C. Manufacturing,8,5,3
S01006857,F. Construction,8,8,0
S01006857,G I. Distribution hotels and restaurants,24,8,16
S01006857,H J. Transport and communication,13,2,11
S01006857,K L M N. Financial real estate professional and administrative activities,20,12,8
S01006857,O P Q. Public administration education and health,48,8,40
S01006857,R S T U. Other,17,4,13
S01006857,Never worked,19,12,7
S01006858,All people aged 16 to 74 not in employment,129,54,75
S01006858,A B D E. Agriculture energy and water,11,7,4
S01006858,C. Manufacturing,8,7,1
S01006858,F. Construction,6,5,1
S01006858,G I. Distribution hotels and restaurants,20,6,14
S01006858,H J. Transport and communication,5,1,4
S01006858,K L M N. Financial real estate professional and administrative activities,20,10,10
S01006858,O P Q. Public administration education and health,38,7,31
S01006858,R S T U. Other,4,1,3
S01006858,Never worked,17,10,7
S01006859,All people aged 16 to 74 not in employment,223,80,143
S01006859,A B D E. Agriculture energy and water,11,7,4
S01006859,C. Manufacturing,10,7,3
S01006859,F. Construction,6,6,0
S01006859,G I. Distribution hotels and restaurants,41,18,23
S01006859,H J. Transport and communication,14,2,12
S01006859,K L M N. Financial real estate professional and administrative activities,29,10,19
S01006859,O P Q. Public administration education and health,65,12,53
S01006859,R S T U. Other,13,3,10
S01006859,Never worked,34,15,19
S01006860,All people aged 16 to 74 not in employment,102,37,65
S01006860,A B D E. Agriculture energy and water,4,4,0
S01006860,C. Manufacturing,5,5,0
S01006860,F. Construction,11,9,2
S01006860,G I. Distribution hotels and restaurants,17,3,14
S01006860,H J. Transport and communication,9,3,6
S01006860,K L M N. Financial real estate professional and administrative activities,11,4,7
S01006860,O P Q. Public administration education and health,31,4,27
S01006860,R S T U. Other,3,1,2
S01006860,Never worked,11,4,7
S01006861,All people aged 16 to 74 not in employment,90,21,69
S01006861,A B D E. Agriculture energy and water,4,1,3
S01006861,C. Manufacturing,2,1,1
S01006861,F. Construction,3,0,3
S01006861,G I. Distribution hotels and restaurants,14,4,10
S01006861,H J. Transport and communication,7,2,5
S01006861,K L M N. Financial real estate professional and administrative activities,12,1,11
S01006861,O P Q. Public administration education and health,23,2,21
S01006861,R S T U. Other,6,0,6
S01006861,Never worked,19,10,9
S01006862,All people aged 16 to 74 not in employment,137,47,90
S01006862,A B D E. Agriculture energy and water,13,9,4
S01006862,C. Manufacturing,7,5,2
S01006862,F. Construction,7,7,0
S01006862,G I. Distribution hotels and restaurants,22,7,15
S01006862,H J. Transport and communication,10,3,7
S01006862,K L M N. Financial real estate professional and administrative activities,24,10,14
S01006862,O P Q. Public administration education and health,41,2,39
S01006862,R S T U. Other,6,2,4
S01006862,Never worked,7,2,5
S01006863,All people aged 16 to 74 not in employment,140,50,90
S01006863,A B D E. Agriculture energy and water,8,8,0
S01006863,C. Manufacturing,8,4,4
S01006863,F. Construction,8,5,3
S01006863,G I. Distribution hotels and restaurants,27,11,16
S01006863,H J. Transport and communication,9,2,7
S01006863,K L M N. Financial real estate professional and administrative activities,18,6,12
S01006863,O P Q. Public administration education and health,41,5,36
S01006863,R S T U. Other,7,2,5
S01006863,Never worked,14,7,7
S01006864,All people aged 16 to 74 not in employment,75,25,50
S01006864,A B D E. Agriculture energy and water,3,2,1
S01006864,C. Manufacturing,3,1,2
S01006864,F. Construction,3,3,0
S01006864,G I. Distribution hotels and restaurants,16,1,15
S01006864,H J. Transport and communication,7,3,4
S01006864,K L M N. Financial real estate professional and administrative activities,9,4,5
S01006864,O P Q. Public administration education and health,16,3,13
S01006864,R S T U. Other,3,0,3
S01006864,Never worked,15,8,7
S01006865,All people aged 16 to 74 not in employment,214,83,131
S01006865,A B D E. Agriculture energy and water,14,9,5
S01006865,C. Manufacturing,15,9,6
S01006865,F. Construction,5,4,1
S01006865,G I. Distribution hotels and restaurants,34,8,26
S01006865,H J. Transport and communication,13,5,8
S01006865,K L M N. Financial real estate professional and administrative activities,37,19,18
S01006865,O P Q. Public administration education and health,64,15,49
S01006865,R S T U. Other,12,4,8
S01006865,Never worked,20,10,10
S01006866,All people aged 16 to 74 not in employment,158,64,94
S01006866,A B D E. Agriculture energy and water,5,5,0
S01006866,C. Manufacturing,9,6,3
S01006866,F. Construction,3,3,0
S01006866,G I. Distribution hotels and restaurants,15,7,8
S01006866,H J. Transport and communication,6,4,2
S01006866,K L M N. Financial real estate professional and administrative activities,34,17,17
S01006866,O P Q. Public administration education and health,63,13,50
S01006866,R S T U. Other,6,1,5
S01006866,Never worked,17,8,9
S01006867,All people aged 16 to 74 not in employment,207,84,123
S01006867,A B D E. Agriculture energy and water,16,11,5
S01006867,C. Manufacturing,14,9,5
S01006867,F. Construction,6,5,1
S01006867,G I. Distribution hotels and restaurants,34,14,20
S01006867,H J. Transport and communication,6,3,3
S01006867,K L M N. Financial real estate professional and administrative activities,31,11,20
S01006867,O P Q. Public administration education and health,71,17,54
S01006867,R S T U. Other,7,3,4
S01006867,Never worked,22,11,11
S01006868,All people aged 16 to 74 not in employment,181,59,122
S01006868,A B D E. Agriculture energy and water,13,8,5
S01006868,C. Manufacturing,6,4,2
S01006868,F. Construction,9,8,1
S01006868,G I. Distribution hotels and restaurants,32,9,23
S01006868,H J. Transport and communication,15,2,13
S01006868,K L M N. Financial real estate professional and administrative activities,30,15,15
S01006868,O P Q. Public administration education and health,48,6,42
S01006868,R S T U. Other,9,1,8
S01006868,Never worked,19,6,13
S01006869,All people aged 16 to 74 not in employment,119,49,70
S01006869,A B D E. Agriculture energy and water,8,6,2
S01006869,C. Manufacturing,10,4,6
S01006869,F. Construction,5,5,0
S01006869,G I. Distribution hotels and restaurants,18,7,11
S01006869,H J. Transport and communication,9,3,6
S01006869,K L M N. Financial real estate professional and administrative activities,14,9,5
S01006869,O P Q. Public administration education and health,31,6,25
S01006869,R S T U. Other,4,1,3
S01006869,Never worked,20,8,12
S01006870,All people aged 16 to 74 not in employment,112,45,67
S01006870,A B D E. Agriculture energy and water,7,3,4
S01006870,C. Manufacturing,3,1,2
S01006870,F. Construction,1,1,0
S01006870,G I. Distribution hotels and restaurants,18,8,10
S01006870,H J. Transport and communication,9,0,9
S01006870,K L M N. Financial real estate professional and administrative activities,21,14,7
S01006870,O P Q. Public administration education and health,39,11,28
S01006870,R S T U. Other,4,0,4
S01006870,Never worked,10,7,3
S01006871,All people aged 16 to 74 not in employment,138,46,92
S01006871,A B D E. Agriculture energy and water,13,6,7
S01006871,C. Manufacturing,7,5,2
S01006871,F. Construction,6,5,1
S01006871,G I. Distribution hotels and restaurants,24,8,16
S01006871,H J. Transport and communication,8,2,6
S01006871,K L M N. Financial real estate professional and administrative activities,14,6,8
S01006871,O P Q. Public administration education and health,43,6,37
S01006871,R S T U. Other,5,2,3
S01006871,Never worked,18,6,12
S01006872,All people aged 16 to 74 not in employment,131,44,87
S01006872,A B D E. Agriculture energy and water,13,9,4
S01006872,C. Manufacturing,7,4,3
S01006872,F. Construction,6,6,0
S01006872,G I. Distribution hotels and restaurants,16,5,11
S01006872,H J. Transport and communication,11,2,9
S01006872,K L M N. Financial real estate professional and administrative activities,20,9,11
S01006872,O P Q. Public administration education and health,47,6,41
S01006872,R S T U. Other,3,0,3
S01006872,Never worked,8,3,5
S01006873,All people aged 16 to 74 not in employment,220,83,137
S01006873,A B D E. Agriculture energy and water,11,7,4
S01006873,C. Manufacturing,15,9,6
S01006873,F. Construction,10,9,1
S01006873,G I. Distribution hotels and restaurants,25,10,15
S01006873,H J. Transport and communication,22,7,15
S01006873,K L M N. Financial real estate professional and administrative activities,33,17,16
S01006873,O P Q. Public administration education and health,67,5,62
S01006873,R S T U. Other,8,3,5
S01006873,Never worked,29,16,13
S01006874,All people aged 16 to 74 not in employment,111,40,71
S01006874,A B D E. Agriculture energy and water,9,3,6
S01006874,C. Manufacturing,8,5,3
S01006874,F. Construction,8,7,1
S01006874,G I. Distribution hotels and restaurants,10,0,10
S01006874,H J. Transport and communication,5,1,4
S01006874,K L M N. Financial real estate professional and administrative activities,10,4,6
S01006874,O P Q. Public administration education and health,40,9,31
S01006874,R S T U. Other,5,1,4
S01006874,Never worked,16,10,6
S01006875,All people aged 16 to 74 not in employment,168,59,109
S01006875,A B D E. Agriculture energy and water,8,8,0
S01006875,C. Manufacturing,6,3,3
S01006875,F. Construction,9,9,0
S01006875,G I. Distribution hotels and restaurants,21,13,8
S01006875,H J. Transport and communication,20,3,17
S01006875,K L M N. Financial real estate professional and administrative activities,23,8,15
S01006875,O P Q. Public administration education and health,57,8,49
S01006875,R S T U. Other,11,0,11
S01006875,Never worked,13,7,6
S01006876,All people aged 16 to 74 not in employment,164,65,99
S01006876,A B D E. Agriculture energy and water,14,12,2
S01006876,C. Manufacturing,11,1,10
S01006876,F. Construction,6,5,1
S01006876,G I. Distribution hotels and restaurants,24,11,13
S01006876,H J. Transport and communication,16,8,8
S01006876,K L M N. Financial real estate professional and administrative activities,16,4,12
S01006876,O P Q. Public administration education and health,49,13,36
S01006876,R S T U. Other,9,1,8
S01006876,Never worked,19,10,9
S01006877,All people aged 16 to 74 not in employment,171,73,98
S01006877,A B D E. Agriculture energy and water,12,9,3
S01006877,C. Manufacturing,10,6,4
S01006877,F. Construction,7,6,1
S01006877,G I. Distribution hotels and restaurants,30,13,17
S01006877,H J. Transport and communication,9,2,7
S01006877,K L M N. Financial real estate professional and administrative activities,27,11,16
S01006877,O P Q. Public administration education and health,46,10,36
S01006877,R S T U. Other,8,6,2
S01006877,Never worked,22,10,12
S01006878,All people aged 16 to 74 not in employment,140,51,89
S01006878,A B D E. Agriculture energy and water,12,6,6
S01006878,C. Manufacturing,9,6,3
S01006878,F. Construction,10,8,2
S01006878,G I. Distribution hotels and restaurants,21,8,13
S01006878,H J. Transport and communication,7,0,7
S01006878,K L M N. Financial real estate professional and administrative activities,18,9,9
S01006878,O P Q. Public administration education and health,39,3,36
S01006878,R S T U. Other,10,5,5
S01006878,Never worked,14,6,8
S01006879,All people aged 16 to 74 not in employment,148,56,92
S01006879,A B D E. Agriculture energy and water,14,9,5
S01006879,C. Manufacturing,12,8,4
S01006879,F. Construction,6,4,2
S01006879,G I. Distribution hotels and restaurants,20,10,10
S01006879,H J. Transport and communication,13,4,9
S01006879,K L M N. Financial real estate professional and administrative activities,11,3,8
S01006879,O P Q. Public administration education and health,45,11,34
S01006879,R S T U. Other,7,1,6
S01006879,Never worked,20,6,14
S01006880,All people aged 16 to 74 not in employment,90,30,60
S01006880,A B D E. Agriculture energy and water,8,6,2
S01006880,C. Manufacturing,5,1,4
S01006880,F. Construction,4,4,0
S01006880,G I. Distribution hotels and restaurants,17,6,11
S01006880,H J. Transport and communication,6,0,6
S01006880,K L M N. Financial real estate professional and administrative activities,12,5,7
S01006880,O P Q. Public administration education and health,25,3,22
S01006880,R S T U. Other,7,2,5
S01006880,Never worked,6,3,3
S01006881,All people aged 16 to 74 not in employment,103,43,60
S01006881,A B D E. Agriculture energy and water,6,6,0
S01006881,C. Manufacturing,6,3,3
S01006881,F. Construction,5,5,0
S01006881,G I. Distribution hotels and restaurants,13,6,7
S01006881,H J. Transport and communication,7,1,6
S01006881,K L M N. Financial real estate professional and administrative activities,20,8,12
S01006881,O P Q. Public administration education and health,36,9,27
S01006881,R S T U. Other,4,2,2
S01006881,Never worked,6,3,3
S01006882,All people aged 16 to 74 not in employment,79,31,48
S01006882,A B D E. Agriculture energy and water,6,5,1
S01006882,C. Manufacturing,4,2,2
S01006882,F. Construction,4,4,0
S01006882,G I. Distribution hotels and restaurants,23,8,15
S01006882,H J. Transport and communication,9,2,7
S01006882,K L M N. Financial real estate professional and administrative activities,5,1,4
S01006882,O P Q. Public administration education and health,18,5,13
S01006882,R S T U. Other,5,2,3
S01006882,Never worked,5,2,3
S01006883,All people aged 16 to 74 not in employment,89,33,56
S01006883,A B D E. Agriculture energy and water,7,5,2
S01006883,C. Manufacturing,5,4,1
S01006883,F. Construction,6,6,0
S01006883,G I. Distribution hotels and restaurants,23,6,17
S01006883,H J. Transport and communication,4,1,3
S01006883,K L M N. Financial real estate professional and administrative activities,10,4,6
S01006883,O P Q. Public administration education and health,26,3,23
S01006883,R S T U. Other,1,0,1
S01006883,Never worked,7,4,3
S01006884,All people aged 16 to 74 not in employment,169,61,108
S01006884,A B D E. Agriculture energy and water,14,9,5
S01006884,C. Manufacturing,11,6,5
S01006884,F. Construction,8,6,2
S01006884,G I. Distribution hotels and restaurants,45,17,28
S01006884,H J. Transport and communication,4,1,3
S01006884,K L M N. Financial real estate professional and administrative activities,19,8,11
S01006884,O P Q. Public administration education and health,41,3,38
S01006884,R S T U. Other,6,0,6
S01006884,Never worked,21,11,10
S01006885,All people aged 16 to 74 not in employment,115,48,67
S01006885,A B D E. Agriculture energy and water,8,7,1
S01006885,C. Manufacturing,8,4,4
S01006885,F. Construction,5,3,2
S01006885,G I. Distribution hotels and restaurants,20,9,11
S01006885,H J. Transport and communication,6,1,5
S01006885,K L M N. Financial real estate professional and administrative activities,12,5,7
S01006885,O P Q. Public administration education and health,35,8,27
S01006885,R S T U. Other,5,1,4
S01006885,Never worked,16,10,6
S01006886,All people aged 16 to 74 not in employment,169,68,101
S01006886,A B D E. Agriculture energy and water,11,10,1
S01006886,C. Manufacturing,14,9,5
S01006886,F. Construction,9,5,4
S01006886,G I. Distribution hotels and restaurants,27,10,17
S01006886,H J. Transport and communication,12,4,8
S01006886,K L M N. Financial real estate professional and administrative activities,13,4,9
S01006886,O P Q. Public administration education and health,51,10,41
S01006886,R S T U. Other,10,4,6
S01006886,Never worked,22,12,10
S01006887,All people aged 16 to 74 not in employment,103,35,68
S01006887,A B D E. Agriculture energy and water,10,5,5
S01006887,C. Manufacturing,5,5,0
S01006887,F. Construction,3,2,1
S01006887,G I. Distribution hotels and restaurants,22,5,17
S01006887,H J. Transport and communication,6,3,3
S01006887,K L M N. Financial real estate professional and administrative activities,9,3,6
S01006887,O P Q. Public administration education and health,31,7,24
S01006887,R S T U. Other,7,2,5
S01006887,Never worked,10,3,7
S01006888,All people aged 16 to 74 not in employment,159,60,99
S01006888,A B D E. Agriculture energy and water,15,9,6
S01006888,C. Manufacturing,10,5,5
S01006888,F. Construction,6,5,1
S01006888,G I. Distribution hotels and restaurants,15,5,10
S01006888,H J. Transport and communication,14,5,9
S01006888,K L M N. Financial real estate professional and administrative activities,15,6,9
S01006888,O P Q. Public administration education and health,45,10,35
S01006888,R S T U. Other,12,2,10
S01006888,Never worked,27,13,14
S01006889,All people aged 16 to 74 not in employment,213,71,142
S01006889,A B D E. Agriculture energy and water,8,7,1
S01006889,C. Manufacturing,22,12,10
S01006889,F. Construction,12,10,2
S01006889,G I. Distribution hotels and restaurants,38,14,24
S01006889,H J. Transport and communication,24,5,19
S01006889,K L M N. Financial real estate professional and administrative activities,27,10,17
S01006889,O P Q. Public administration education and health,47,4,43
S01006889,R S T U. Other,5,1,4
S01006889,Never worked,30,8,22
S01006890,All people aged 16 to 74 not in employment,128,46,82
S01006890,A B D E. Agriculture energy and water,11,8,3
S01006890,C. Manufacturing,9,7,2
S01006890,F. Construction,3,3,0
S01006890,G I. Distribution hotels and restaurants,34,11,23
S01006890,H J. Transport and communication,6,1,5
S01006890,K L M N. Financial real estate professional and administrative activities,14,5,9
S01006890,O P Q. Public administration education and health,34,4,30
S01006890,R S T U. Other,4,0,4
S01006890,Never worked,13,7,6
S01006891,All people aged 16 to 74 not in employment,175,65,110
S01006891,A B D E. Agriculture energy and water,11,8,3
S01006891,C. Manufacturing,14,7,7
S01006891,F. Construction,7,6,1
S01006891,G I. Distribution hotels and restaurants,40,16,24
S01006891,H J. Transport and communication,12,5,7
S01006891,K L M N. Financial real estate professional and administrative activities,18,6,12
S01006891,O P Q. Public administration education and health,47,8,39
S01006891,R S T U. Other,9,1,8
S01006891,Never worked,17,8,9
S01006892,All people aged 16 to 74 not in employment,129,46,83
S01006892,A B D E. Agriculture energy and water,14,11,3
S01006892,C. Manufacturing,14,6,8
S01006892,F. Construction,8,4,4
S01006892,G I. Distribution hotels and restaurants,30,8,22
S01006892,H J. Transport and communication,7,0,7
S01006892,K L M N. Financial real estate professional and administrative activities,16,5,11
S01006892,O P Q. Public administration education and health,24,7,17
S01006892,R S T U. Other,5,2,3
S01006892,Never worked,11,3,8
S01006893,All people aged 16 to 74 not in employment,118,50,68
S01006893,A B D E. Agriculture energy and water,6,3,3
S01006893,C. Manufacturing,13,9,4
S01006893,F. Construction,11,9,2
S01006893,G I. Distribution hotels and restaurants,25,8,17
S01006893,H J. Transport and communication,8,4,4
S01006893,K L M N. Financial real estate professional and administrative activities,8,3,5
S01006893,O P Q. Public administration education and health,23,2,21
S01006893,R S T U. Other,2,0,2
S01006893,Never worked,22,12,10
S01006894,All people aged 16 to 74 not in employment,241,91,150
S01006894,A B D E. Agriculture energy and water,7,4,3
S01006894,C. Manufacturing,20,12,8
S01006894,F. Construction,11,11,0
S01006894,G I. Distribution hotels and restaurants,63,19,44
S01006894,H J. Transport and communication,13,3,10
S01006894,K L M N. Financial real estate professional and administrative activities,16,9,7
S01006894,O P Q. Public administration education and health,71,14,57
S01006894,R S T U. Other,8,3,5
S01006894,Never worked,32,16,16
S01006895,All people aged 16 to 74 not in employment,101,37,64
S01006895,A B D E. Agriculture energy and water,4,3,1
S01006895,C. Manufacturing,14,9,5
S01006895,F. Construction,9,9,0
S01006895,G I. Distribution hotels and restaurants,20,3,17
S01006895,H J. Transport and communication,12,1,11
S01006895,K L M N. Financial real estate professional and administrative activities,6,4,2
S01006895,O P Q. Public administration education and health,18,5,13
S01006895,R S T U. Other,6,0,6
S01006895,Never worked,12,3,9
S01006896,All people aged 16 to 74 not in employment,159,60,99
S01006896,A B D E. Agriculture energy and water,12,11,1
S01006896,C. Manufacturing,20,12,8
S01006896,F. Construction,9,7,2
S01006896,G I. Distribution hotels and restaurants,24,8,16
S01006896,H J. Transport and communication,13,2,11
S01006896,K L M N. Financial real estate professional and administrative activities,13,2,11
S01006896,O P Q. Public administration education and health,46,9,37
S01006896,R S T U. Other,5,2,3
S01006896,Never worked,17,7,10
S01006897,All people aged 16 to 74 not in employment,144,56,88
S01006897,A B D E. Agriculture energy and water,6,3,3
S01006897,C. Manufacturing,17,14,3
S01006897,F. Construction,5,4,1
S01006897,G I. Distribution hotels and restaurants,38,10,28
S01006897,H J. Transport and communication,8,4,4
S01006897,K L M N. Financial real estate professional and administrative activities,10,3,7
S01006897,O P Q. Public administration education and health,36,8,28
S01006897,R S T U. Other,9,1,8
S01006897,Never worked,15,9,6
S01006898,All people aged 16 to 74 not in employment,129,42,87
S01006898,A B D E. Agriculture energy and water,7,3,4
S01006898,C. Manufacturing,14,9,5
S01006898,F. Construction,5,3,2
S01006898,G I. Distribution hotels and restaurants,30,12,18
S01006898,H J. Transport and communication,9,0,9
S01006898,K L M N. Financial real estate professional and administrative activities,9,3,6
S01006898,O P Q. Public administration education and health,33,7,26
S01006898,R S T U. Other,4,0,4
S01006898,Never worked,18,5,13
S01006899,All people aged 16 to 74 not in employment,77,22,55
S01006899,A B D E. Agriculture energy and water,5,5,0
S01006899,C. Manufacturing,10,4,6
S01006899,F. Construction,3,2,1
S01006899,G I. Distribution hotels and restaurants,14,4,10
S01006899,H J. Transport and communication,5,0,5
S01006899,K L M N. Financial real estate professional and administrative activities,5,2,3
S01006899,O P Q. Public administration education and health,19,0,19
S01006899,R S T U. Other,1,0,1
S01006899,Never worked,15,5,10
S01006900,All people aged 16 to 74 not in employment,94,34,60
S01006900,A B D E. Agriculture energy and water,4,2,2
S01006900,C. Manufacturing,6,2,4
S01006900,F. Construction,5,4,1
S01006900,G I. Distribution hotels and restaurants,23,5,18
S01006900,H J. Transport and communication,6,4,2
S01006900,K L M N. Financial real estate professional and administrative activities,4,1,3
S01006900,O P Q. Public administration education and health,25,3,22
S01006900,R S T U. Other,1,0,1
S01006900,Never worked,20,13,7
S01006901,All people aged 16 to 74 not in employment,115,44,71
S01006901,A B D E. Agriculture energy and water,9,7,2
S01006901,C. Manufacturing,11,4,7
S01006901,F. Construction,9,8,1
S01006901,G I. Distribution hotels and restaurants,26,10,16
S01006901,H J. Transport and communication,10,3,7
S01006901,K L M N. Financial real estate professional and administrative activities,8,2,6
S01006901,O P Q. Public administration education and health,25,5,20
S01006901,R S T U. Other,5,1,4
S01006901,Never worked,12,4,8
S01006902,All people aged 16 to 74 not in employment,131,50,81
S01006902,A B D E. Agriculture energy and water,8,5,3
S01006902,C. Manufacturing,10,3,7
S01006902,F. Construction,11,10,1
S01006902,G I. Distribution hotels and restaurants,35,11,24
S01006902,H J. Transport and communication,6,1,5
S01006902,K L M N. Financial real estate professional and administrative activities,12,4,8
S01006902,O P Q. Public administration education and health,30,7,23
S01006902,R S T U. Other,3,1,2
S01006902,Never worked,16,8,8
S01006903,All people aged 16 to 74 not in employment,162,61,101
S01006903,A B D E. Agriculture energy and water,4,4,0
S01006903,C. Manufacturing,15,7,8
S01006903,F. Construction,9,7,2
S01006903,G I. Distribution hotels and restaurants,42,16,26
S01006903,H J. Transport and communication,11,1,10
S01006903,K L M N. Financial real estate professional and administrative activities,12,6,6
S01006903,O P Q. Public administration education and health,38,7,31
S01006903,R S T U. Other,4,1,3
S01006903,Never worked,27,12,15
S01006904,All people aged 16 to 74 not in employment,130,43,87
S01006904,A B D E. Agriculture energy and water,1,1,0
S01006904,C. Manufacturing,12,6,6
S01006904,F. Construction,8,7,1
S01006904,G I. Distribution hotels and restaurants,25,8,17
S01006904,H J. Transport and communication,9,1,8
S01006904,K L M N. Financial real estate professional and administrative activities,19,12,7
S01006904,O P Q. Public administration education and health,41,2,39
S01006904,R S T U. Other,3,1,2
S01006904,Never worked,12,5,7
S01006905,All people aged 16 to 74 not in employment,207,81,126
S01006905,A B D E. Agriculture energy and water,12,6,6
S01006905,C. Manufacturing,20,15,5
S01006905,F. Construction,13,11,2
S01006905,G I. Distribution hotels and restaurants,48,16,32
S01006905,H J. Transport and communication,14,2,12
S01006905,K L M N. Financial real estate professional and administrative activities,18,10,8
S01006905,O P Q. Public administration education and health,55,11,44
S01006905,R S T U. Other,6,1,5
S01006905,Never worked,21,9,12
S01006906,All people aged 16 to 74 not in employment,197,83,114
S01006906,A B D E. Agriculture energy and water,10,8,2
S01006906,C. Manufacturing,21,12,9
S01006906,F. Construction,28,24,4
S01006906,G I. Distribution hotels and restaurants,43,14,29
S01006906,H J. Transport and communication,7,0,7
S01006906,K L M N. Financial real estate professional and administrative activities,21,5,16
S01006906,O P Q. Public administration education and health,42,10,32
S01006906,R S T U. Other,10,3,7
S01006906,Never worked,15,7,8
S01006907,All people aged 16 to 74 not in employment,105,45,60
S01006907,A B D E. Agriculture energy and water,6,4,2
S01006907,C. Manufacturing,7,4,3
S01006907,F. Construction,5,4,1
S01006907,G I. Distribution hotels and restaurants,21,11,10
S01006907,H J. Transport and communication,11,2,9
S01006907,K L M N. Financial real estate professional and administrative activities,9,4,5
S01006907,O P Q. Public administration education and health,22,5,17
S01006907,R S T U. Other,2,0,2
S01006907,Never worked,22,11,11
S01006908,All people aged 16 to 74 not in employment,172,57,115
S01006908,A B D E. Agriculture energy and water,12,7,5
S01006908,C. Manufacturing,11,6,5
S01006908,F. Construction,13,11,2
S01006908,G I. Distribution hotels and restaurants,46,15,31
S01006908,H J. Transport and communication,20,5,15
S01006908,K L M N. Financial real estate professional and administrative activities,11,3,8
S01006908,O P Q. Public administration education and health,43,6,37
S01006908,R S T U. Other,2,0,2
S01006908,Never worked,14,4,10
S01006909,All people aged 16 to 74 not in employment,109,32,77
S01006909,A B D E. Agriculture energy and water,6,3,3
S01006909,C. Manufacturing,4,1,3
S01006909,F. Construction,5,4,1
S01006909,G I. Distribution hotels and restaurants,23,7,16
S01006909,H J. Transport and communication,10,2,8
S01006909,K L M N. Financial real estate professional and administrative activities,15,4,11
S01006909,O P Q. Public administration education and health,30,2,28
S01006909,R S T U. Other,4,1,3
S01006909,Never worked,12,8,4
S01006910,All people aged 16 to 74 not in employment,139,59,80
S01006910,A B D E. Agriculture energy and water,13,9,4
S01006910,C. Manufacturing,11,6,5
S01006910,F. Construction,8,5,3
S01006910,G I. Distribution hotels and restaurants,29,10,19
S01006910,H J. Transport and communication,5,3,2
S01006910,K L M N. Financial real estate professional and administrative activities,15,4,11
S01006910,O P Q. Public administration education and health,29,5,24
S01006910,R S T U. Other,4,2,2
S01006910,Never worked,25,15,10
S01006911,All people aged 16 to 74 not in employment,62,18,44
S01006911,A B D E. Agriculture energy and water,1,1,0
S01006911,C. Manufacturing,7,3,4
S01006911,F. Construction,2,1,1
S01006911,G I. Distribution hotels and restaurants,16,6,10
S01006911,H J. Transport and communication,5,1,4
S01006911,K L M N. Financial real estate professional and administrative activities,5,0,5
S01006911,O P Q. Public administration education and health,10,0,10
S01006911,R S T U. Other,3,0,3
S01006911,Never worked,13,6,7
S01006912,All people aged 16 to 74 not in employment,91,39,52
S01006912,A B D E. Agriculture energy and water,9,8,1
S01006912,C. Manufacturing,6,3,3
S01006912,F. Construction,6,5,1
S01006912,G I. Distribution hotels and restaurants,17,7,10
S01006912,H J. Transport and communication,3,2,1
S01006912,K L M N. Financial real estate professional and administrative activities,9,4,5
S01006912,O P Q. Public administration education and health,24,3,21
S01006912,R S T U. Other,3,2,1
S01006912,Never worked,14,5,9
S01006913,All people aged 16 to 74 not in employment,59,20,39
S01006913,A B D E. Agriculture energy and water,1,0,1
S01006913,C. Manufacturing,6,2,4
S01006913,F. Construction,4,2,2
S01006913,G I. Distribution hotels and restaurants,8,2,6
S01006913,H J. Transport and communication,1,1,0
S01006913,K L M N. Financial real estate professional and administrative activities,10,1,9
S01006913,O P Q. Public administration education and health,17,3,14
S01006913,R S T U. Other,1,0,1
S01006913,Never worked,11,9,2
S01006914,All people aged 16 to 74 not in employment,105,31,74
S01006914,A B D E. Agriculture energy and water,10,3,7
S01006914,C. Manufacturing,9,3,6
S01006914,F. Construction,4,4,0
S01006914,G I. Distribution hotels and restaurants,12,3,9
S01006914,H J. Transport and communication,9,2,7
S01006914,K L M N. Financial real estate professional and administrative activities,11,2,9
S01006914,O P Q. Public administration education and health,30,4,26
S01006914,R S T U. Other,6,3,3
S01006914,Never worked,14,7,7
S01006915,All people aged 16 to 74 not in employment,135,41,94
S01006915,A B D E. Agriculture energy and water,11,5,6
S01006915,C. Manufacturing,12,6,6
S01006915,F. Construction,6,5,1
S01006915,G I. Distribution hotels and restaurants,24,7,17
S01006915,H J. Transport and communication,7,1,6
S01006915,K L M N. Financial real estate professional and administrative activities,12,5,7
S01006915,O P Q. Public administration education and health,40,6,34
S01006915,R S T U. Other,6,1,5
S01006915,Never worked,17,5,12
S01006916,All people aged 16 to 74 not in employment,94,29,65
S01006916,A B D E. Agriculture energy and water,5,2,3
S01006916,C. Manufacturing,6,3,3
S01006916,F. Construction,5,2,3
S01006916,G I. Distribution hotels and restaurants,23,6,17
S01006916,H J. Transport and communication,10,4,6
S01006916,K L M N. Financial real estate professional and administrative activities,6,2,4
S01006916,O P Q. Public administration education and health,25,6,19
S01006916,R S T U. Other,3,1,2
S01006916,Never worked,11,3,8
S01006917,All people aged 16 to 74 not in employment,85,20,65
S01006917,A B D E. Agriculture energy and water,5,2,3
S01006917,C. Manufacturing,10,3,7
S01006917,F. Construction,4,2,2
S01006917,G I. Distribution hotels and restaurants,11,3,8
S01006917,H J. Transport and communication,5,2,3
S01006917,K L M N. Financial real estate professional and administrative activities,13,0,13
S01006917,O P Q. Public administration education and health,28,4,24
S01006917,R S T U. Other,4,1,3
S01006917,Never worked,5,3,2
S01006918,All people aged 16 to 74 not in employment,90,35,55
S01006918,A B D E. Agriculture energy and water,6,4,2
S01006918,C. Manufacturing,8,4,4
S01006918,F. Construction,7,5,2
S01006918,G I. Distribution hotels and restaurants,21,7,14
S01006918,H J. Transport and communication,7,3,4
S01006918,K L M N. Financial real estate professional and administrative activities,12,4,8
S01006918,O P Q. Public administration education and health,15,4,11
S01006918,R S T U. Other,7,1,6
S01006918,Never worked,7,3,4
S01006919,All people aged 16 to 74 not in employment,121,44,77
S01006919,A B D E. Agriculture energy and water,5,3,2
S01006919,C. Manufacturing,9,7,2
S01006919,F. Construction,5,4,1
S01006919,G I. Distribution hotels and restaurants,22,8,14
S01006919,H J. Transport and communication,4,1,3
S01006919,K L M N. Financial real estate professional and administrative activities,16,6,10
S01006919,O P Q. Public administration education and health,43,7,36
S01006919,R S T U. Other,3,2,1
S01006919,Never worked,14,6,8
S01006920,All people aged 16 to 74 not in employment,92,38,54
S01006920,A B D E. Agriculture energy and water,9,6,3
S01006920,C. Manufacturing,9,7,2
S01006920,F. Construction,6,3,3
S01006920,G I. Distribution hotels and restaurants,19,7,12
S01006920,H J. Transport and communication,5,1,4
S01006920,K L M N. Financial real estate professional and administrative activities,12,3,9
S01006920,O P Q. Public administration education and health,23,8,15
S01006920,R S T U. Other,6,1,5
S01006920,Never worked,3,2,1
S01006921,All people aged 16 to 74 not in employment,85,27,58
S01006921,A B D E. Agriculture energy and water,5,3,2
S01006921,C. Manufacturing,4,3,1
S01006921,F. Construction,4,2,2
S01006921,G I. Distribution hotels and restaurants,16,0,16
S01006921,H J. Transport and communication,3,0,3
S01006921,K L M N. Financial real estate professional and administrative activities,14,6,8
S01006921,O P Q. Public administration education and health,21,6,15
S01006921,R S T U. Other,3,2,1
S01006921,Never worked,15,5,10
S01006922,All people aged 16 to 74 not in employment,116,44,72
S01006922,A B D E. Agriculture energy and water,6,5,1
S01006922,C. Manufacturing,13,7,6
S01006922,F. Construction,3,2,1
S01006922,G I. Distribution hotels and restaurants,23,8,15
S01006922,H J. Transport and communication,5,1,4
S01006922,K L M N. Financial real estate professional and administrative activities,14,7,7
S01006922,O P Q. Public administration education and health,35,3,32
S01006922,R S T U. Other,4,0,4
S01006922,Never worked,13,11,2
S01006923,All people aged 16 to 74 not in employment,159,55,104
S01006923,A B D E. Agriculture energy and water,21,15,6
S01006923,C. Manufacturing,11,7,4
S01006923,F. Construction,3,3,0
S01006923,G I. Distribution hotels and restaurants,27,8,19
S01006923,H J. Transport and communication,8,0,8
S01006923,K L M N. Financial real estate professional and administrative activities,17,5,12
S01006923,O P Q. Public administration education and health,54,11,43
S01006923,R S T U. Other,3,2,1
S01006923,Never worked,15,4,11
S01006924,All people aged 16 to 74 not in employment,88,21,67
S01006924,A B D E. Agriculture energy and water,7,4,3
S01006924,C. Manufacturing,5,3,2
S01006924,F. Construction,3,2,1
S01006924,G I. Distribution hotels and restaurants,19,3,16
S01006924,H J. Transport and communication,5,0,5
S01006924,K L M N. Financial real estate professional and administrative activities,11,2,9
S01006924,O P Q. Public administration education and health,25,4,21
S01006924,R S T U. Other,2,0,2
S01006924,Never worked,11,3,8
S01006925,All people aged 16 to 74 not in employment,99,43,56
S01006925,A B D E. Agriculture energy and water,11,10,1
S01006925,C. Manufacturing,6,3,3
S01006925,F. Construction,7,5,2
S01006925,G I. Distribution hotels and restaurants,12,5,7
S01006925,H J. Transport and communication,5,3,2
S01006925,K L M N. Financial real estate professional and administrative activities,8,3,5
S01006925,O P Q. Public administration education and health,35,7,28
S01006925,R S T U. Other,6,1,5
S01006925,Never worked,9,6,3
S01006926,All people aged 16 to 74 not in employment,102,33,69
S01006926,A B D E. Agriculture energy and water,7,4,3
S01006926,C. Manufacturing,8,5,3
S01006926,F. Construction,3,2,1
S01006926,G I. Distribution hotels and restaurants,18,7,11
S01006926,H J. Transport and communication,9,1,8
S01006926,K L M N. Financial real estate professional and administrative activities,16,4,12
S01006926,O P Q. Public administration education and health,32,7,25
S01006926,R S T U. Other,4,0,4
S01006926,Never worked,5,3,2
S01006927,All people aged 16 to 74 not in employment,89,23,66
S01006927,A B D E. Agriculture energy and water,5,1,4
S01006927,C. Manufacturing,5,2,3
S01006927,F. Construction,4,3,1
S01006927,G I. Distribution hotels and restaurants,12,4,8
S01006927,H J. Transport and communication,10,1,9
S01006927,K L M N. Financial real estate professional and administrative activities,16,4,12
S01006927,O P Q. Public administration education and health,20,0,20
S01006927,R S T U. Other,8,1,7
S01006927,Never worked,9,7,2
S01006928,All people aged 16 to 74 not in employment,153,50,103
S01006928,A B D E. Agriculture energy and water,11,9,2
S01006928,C. Manufacturing,12,3,9
S01006928,F. Construction,8,5,3
S01006928,G I. Distribution hotels and restaurants,31,12,19
S01006928,H J. Transport and communication,11,4,7
S01006928,K L M N. Financial real estate professional and administrative activities,11,4,7
S01006928,O P Q. Public administration education and health,38,3,35
S01006928,R S T U. Other,10,0,10
S01006928,Never worked,21,10,11
S01006929,All people aged 16 to 74 not in employment,156,52,104
S01006929,A B D E. Agriculture energy and water,8,6,2
S01006929,C. Manufacturing,7,3,4
S01006929,F. Construction,5,3,2
S01006929,G I. Distribution hotels and restaurants,18,4,14
S01006929,H J. Transport and communication,10,4,6
S01006929,K L M N. Financial real estate professional and administrative activities,28,12,16
S01006929,O P Q. Public administration education and health,55,8,47
S01006929,R S T U. Other,1,0,1
S01006929,Never worked,24,12,12
S01006930,All people aged 16 to 74 not in employment,190,67,123
S01006930,A B D E. Agriculture energy and water,3,3,0
S01006930,C. Manufacturing,18,11,7
S01006930,F. Construction,7,3,4
S01006930,G I. Distribution hotels and restaurants,25,13,12
S01006930,H J. Transport and communication,8,4,4
S01006930,K L M N. Financial real estate professional and administrative activities,38,12,26
S01006930,O P Q. Public administration education and health,58,9,49
S01006930,R S T U. Other,5,1,4
S01006930,Never worked,28,11,17
S01006931,All people aged 16 to 74 not in employment,70,24,46
S01006931,A B D E. Agriculture energy and water,6,6,0
S01006931,C. Manufacturing,3,1,2
S01006931,F. Construction,2,2,0
S01006931,G I. Distribution hotels and restaurants,10,1,9
S01006931,H J. Transport and communication,4,2,2
S01006931,K L M N. Financial real estate professional and administrative activities,9,2,7
S01006931,O P Q. Public administration education and health,19,1,18
S01006931,R S T U. Other,4,2,2
S01006931,Never worked,13,7,6
S01006932,All people aged 16 to 74 not in employment,94,28,66
S01006932,A B D E. Agriculture energy and water,7,1,6
S01006932,C. Manufacturing,3,1,2
S01006932,F. Construction,3,3,0
S01006932,G I. Distribution hotels and restaurants,26,7,19
S01006932,H J. Transport and communication,7,3,4
S01006932,K L M N. Financial real estate professional and administrative activities,12,4,8
S01006932,O P Q. Public administration education and health,19,1,18
S01006932,R S T U. Other,3,0,3
S01006932,Never worked,14,8,6
S01006933,All people aged 16 to 74 not in employment,86,36,50
S01006933,A B D E. Agriculture energy and water,4,1,3
S01006933,C. Manufacturing,5,4,1
S01006933,F. Construction,5,4,1
S01006933,G I. Distribution hotels and restaurants,12,4,8
S01006933,H J. Transport and communication,3,3,0
S01006933,K L M N. Financial real estate professional and administrative activities,16,8,8
S01006933,O P Q. Public administration education and health,22,3,19
S01006933,R S T U. Other,3,1,2
S01006933,Never worked,16,8,8
S01006934,All people aged 16 to 74 not in employment,135,41,94
S01006934,A B D E. Agriculture energy and water,13,10,3
S01006934,C. Manufacturing,4,2,2
S01006934,F. Construction,7,3,4
S01006934,G I. Distribution hotels and restaurants,16,7,9
S01006934,H J. Transport and communication,8,2,6
S01006934,K L M N. Financial real estate professional and administrative activities,16,6,10
S01006934,O P Q. Public administration education and health,38,4,34
S01006934,R S T U. Other,4,0,4
S01006934,Never worked,29,7,22
S01006935,All people aged 16 to 74 not in employment,143,57,86
S01006935,A B D E. Agriculture energy and water,5,3,2
S01006935,C. Manufacturing,7,6,1
S01006935,F. Construction,6,6,0
S01006935,G I. Distribution hotels and restaurants,26,11,15
S01006935,H J. Transport and communication,12,4,8
S01006935,K L M N. Financial real estate professional and administrative activities,18,4,14
S01006935,O P Q. Public administration education and health,50,16,34
S01006935,R S T U. Other,5,2,3
S01006935,Never worked,14,5,9
S01006936,All people aged 16 to 74 not in employment,141,51,90
S01006936,A B D E. Agriculture energy and water,6,4,2
S01006936,C. Manufacturing,4,3,1
S01006936,F. Construction,5,4,1
S01006936,G I. Distribution hotels and restaurants,37,16,21
S01006936,H J. Transport and communication,5,1,4
S01006936,K L M N. Financial real estate professional and administrative activities,18,7,11
S01006936,O P Q. Public administration education and health,50,11,39
S01006936,R S T U. Other,1,0,1
S01006936,Never worked,15,5,10
S01006937,All people aged 16 to 74 not in employment,124,45,79
S01006937,A B D E. Agriculture energy and water,6,5,1
S01006937,C. Manufacturing,9,5,4
S01006937,F. Construction,5,4,1
S01006937,G I. Distribution hotels and restaurants,27,11,16
S01006937,H J. Transport and communication,12,5,7
S01006937,K L M N. Financial real estate professional and administrative activities,12,2,10
S01006937,O P Q. Public administration education and health,34,3,31
S01006937,R S T U. Other,5,1,4
S01006937,Never worked,14,9,5
S01006938,All people aged 16 to 74 not in employment,82,35,47
S01006938,A B D E. Agriculture energy and water,8,7,1
S01006938,C. Manufacturing,6,2,4
S01006938,F. Construction,1,0,1
S01006938,G I. Distribution hotels and restaurants,21,10,11
S01006938,H J. Transport and communication,10,4,6
S01006938,K L M N. Financial real estate professional and administrative activities,12,7,5
S01006938,O P Q. Public administration education and health,17,2,15
S01006938,R S T U. Other,3,1,2
S01006938,Never worked,4,2,2
S01006939,All people aged 16 to 74 not in employment,116,42,74
S01006939,A B D E. Agriculture energy and water,5,4,1
S01006939,C. Manufacturing,4,1,3
S01006939,F. Construction,3,1,2
S01006939,G I. Distribution hotels and restaurants,18,10,8
S01006939,H J. Transport and communication,8,5,3
S01006939,K L M N. Financial real estate professional and administrative activities,20,6,14
S01006939,O P Q. Public administration education and health,47,12,35
S01006939,R S T U. Other,2,0,2
S01006939,Never worked,9,3,6
S01006940,All people aged 16 to 74 not in employment,192,73,119
S01006940,A B D E. Agriculture energy and water,12,8,4
S01006940,C. Manufacturing,18,13,5
S01006940,F. Construction,5,5,0
S01006940,G I. Distribution hotels and restaurants,34,11,23
S01006940,H J. Transport and communication,15,7,8
S01006940,K L M N. Financial real estate professional and administrative activities,29,12,17
S01006940,O P Q. Public administration education and health,41,6,35
S01006940,R S T U. Other,8,1,7
S01006940,Never worked,30,10,20
S01006941,All people aged 16 to 74 not in employment,122,45,77
S01006941,A B D E. Agriculture energy and water,6,4,2
S01006941,C. Manufacturing,5,5,0
S01006941,F. Construction,6,5,1
S01006941,G I. Distribution hotels and restaurants,24,12,12
S01006941,H J. Transport and communication,8,1,7
S01006941,K L M N. Financial real estate professional and administrative activities,6,1,5
S01006941,O P Q. Public administration education and health,38,3,35
S01006941,R S T U. Other,4,0,4
S01006941,Never worked,25,14,11
S01006942,All people aged 16 to 74 not in employment,187,58,129
S01006942,A B D E. Agriculture energy and water,9,8,1
S01006942,C. Manufacturing,8,6,2
S01006942,F. Construction,8,8,0
S01006942,G I. Distribution hotels and restaurants,41,11,30
S01006942,H J. Transport and communication,9,2,7
S01006942,K L M N. Financial real estate professional and administrative activities,24,6,18
S01006942,O P Q. Public administration education and health,54,3,51
S01006942,R S T U. Other,11,3,8
S01006942,Never worked,23,11,12
S01006943,All people aged 16 to 74 not in employment,81,19,62
S01006943,A B D E. Agriculture energy and water,5,2,3
S01006943,C. Manufacturing,4,2,2
S01006943,F. Construction,0,0,0
S01006943,G I. Distribution hotels and restaurants,21,4,17
S01006943,H J. Transport and communication,5,2,3
S01006943,K L M N. Financial real estate professional and administrative activities,10,1,9
S01006943,O P Q. Public administration education and health,24,2,22
S01006943,R S T U. Other,1,0,1
S01006943,Never worked,11,6,5
S01006944,All people aged 16 to 74 not in employment,79,22,57
S01006944,A B D E. Agriculture energy and water,7,4,3
S01006944,C. Manufacturing,6,2,4
S01006944,F. Construction,2,2,0
S01006944,G I. Distribution hotels and restaurants,14,1,13
S01006944,H J. Transport and communication,5,0,5
S01006944,K L M N. Financial real estate professional and administrative activities,7,3,4
S01006944,O P Q. Public administration education and health,16,1,15
S01006944,R S T U. Other,4,0,4
S01006944,Never worked,18,9,9
S01006945,All people aged 16 to 74 not in employment,112,43,69
S01006945,A B D E. Agriculture energy and water,3,3,0
S01006945,C. Manufacturing,8,4,4
S01006945,F. Construction,4,2,2
S01006945,G I. Distribution hotels and restaurants,18,8,10
S01006945,H J. Transport and communication,6,3,3
S01006945,K L M N. Financial real estate professional and administrative activities,12,6,6
S01006945,O P Q. Public administration education and health,42,8,34
S01006945,R S T U. Other,5,2,3
S01006945,Never worked,14,7,7
S01006946,All people aged 16 to 74 not in employment,131,45,86
S01006946,A B D E. Agriculture energy and water,11,9,2
S01006946,C. Manufacturing,11,7,4
S01006946,F. Construction,7,4,3
S01006946,G I. Distribution hotels and restaurants,20,7,13
S01006946,H J. Transport and communication,10,2,8
S01006946,K L M N. Financial real estate professional and administrative activities,11,1,10
S01006946,O P Q. Public administration education and health,43,7,36
S01006946,R S T U. Other,3,0,3
S01006946,Never worked,15,8,7
S01006947,All people aged 16 to 74 not in employment,80,29,51
S01006947,A B D E. Agriculture energy and water,2,2,0
S01006947,C. Manufacturing,7,5,2
S01006947,F. Construction,2,2,0
S01006947,G I. Distribution hotels and restaurants,15,6,9
S01006947,H J. Transport and communication,7,1,6
S01006947,K L M N. Financial real estate professional and administrative activities,6,3,3
S01006947,O P Q. Public administration education and health,21,3,18
S01006947,R S T U. Other,3,0,3
S01006947,Never worked,17,7,10
S01006948,All people aged 16 to 74 not in employment,176,58,118
S01006948,A B D E. Agriculture energy and water,13,10,3
S01006948,C. Manufacturing,12,6,6
S01006948,F. Construction,7,6,1
S01006948,G I. Distribution hotels and restaurants,27,9,18
S01006948,H J. Transport and communication,9,2,7
S01006948,K L M N. Financial real estate professional and administrative activities,22,6,16
S01006948,O P Q. Public administration education and health,64,11,53
S01006948,R S T U. Other,8,2,6
S01006948,Never worked,14,6,8
S01006949,All people aged 16 to 74 not in employment,111,40,71
S01006949,A B D E. Agriculture energy and water,10,7,3
S01006949,C. Manufacturing,9,4,5
S01006949,F. Construction,4,3,1
S01006949,G I. Distribution hotels and restaurants,28,12,16
S01006949,H J. Transport and communication,7,2,5
S01006949,K L M N. Financial real estate professional and administrative activities,14,5,9
S01006949,O P Q. Public administration education and health,21,4,17
S01006949,R S T U. Other,1,0,1
S01006949,Never worked,17,3,14
S01006950,All people aged 16 to 74 not in employment,49,14,35
S01006950,A B D E. Agriculture energy and water,0,0,0
S01006950,C. Manufacturing,4,3,1
S01006950,F. Construction,3,2,1
S01006950,G I. Distribution hotels and restaurants,7,0,7
S01006950,H J. Transport and communication,10,4,6
S01006950,K L M N. Financial real estate professional and administrative activities,9,2,7
S01006950,O P Q. Public administration education and health,10,0,10
S01006950,R S T U. Other,1,0,1
S01006950,Never worked,5,3,2
S01006951,All people aged 16 to 74 not in employment,69,27,42
S01006951,A B D E. Agriculture energy and water,5,4,1
S01006951,C. Manufacturing,7,2,5
S01006951,F. Construction,3,3,0
S01006951,G I. Distribution hotels and restaurants,13,7,6
S01006951,H J. Transport and communication,3,0,3
S01006951,K L M N. Financial real estate professional and administrative activities,12,5,7
S01006951,O P Q. Public administration education and health,13,3,10
S01006951,R S T U. Other,6,0,6
S01006951,Never worked,7,3,4
S01006952,All people aged 16 to 74 not in employment,194,69,125
S01006952,A B D E. Agriculture energy and water,15,8,7
S01006952,C. Manufacturing,18,7,11
S01006952,F. Construction,11,8,3
S01006952,G I. Distribution hotels and restaurants,42,17,25
S01006952,H J. Transport and communication,10,1,9
S01006952,K L M N. Financial real estate professional and administrative activities,23,9,14
S01006952,O P Q. Public administration education and health,49,8,41
S01006952,R S T U. Other,10,1,9
S01006952,Never worked,16,10,6
S01006953,All people aged 16 to 74 not in employment,127,43,84
S01006953,A B D E. Agriculture energy and water,9,4,5
S01006953,C. Manufacturing,4,2,2
S01006953,F. Construction,7,5,2
S01006953,G I. Distribution hotels and restaurants,36,13,23
S01006953,H J. Transport and communication,7,1,6
S01006953,K L M N. Financial real estate professional and administrative activities,17,5,12
S01006953,O P Q. Public administration education and health,31,5,26
S01006953,R S T U. Other,3,1,2
S01006953,Never worked,13,7,6
S01006954,All people aged 16 to 74 not in employment,130,55,75
S01006954,A B D E. Agriculture energy and water,5,2,3
S01006954,C. Manufacturing,9,5,4
S01006954,F. Construction,10,7,3
S01006954,G I. Distribution hotels and restaurants,26,12,14
S01006954,H J. Transport and communication,13,4,9
S01006954,K L M N. Financial real estate professional and administrative activities,14,5,9
S01006954,O P Q. Public administration education and health,36,10,26
S01006954,R S T U. Other,4,2,2
S01006954,Never worked,13,8,5
S01006955,All people aged 16 to 74 not in employment,104,39,65
S01006955,A B D E. Agriculture energy and water,5,5,0
S01006955,C. Manufacturing,5,4,1
S01006955,F. Construction,5,4,1
S01006955,G I. Distribution hotels and restaurants,23,6,17
S01006955,H J. Transport and communication,6,3,3
S01006955,K L M N. Financial real estate professional and administrative activities,16,7,9
S01006955,O P Q. Public administration education and health,28,6,22
S01006955,R S T U. Other,7,1,6
S01006955,Never worked,9,3,6
S01006956,All people aged 16 to 74 not in employment,151,56,95
S01006956,A B D E. Agriculture energy and water,3,2,1
S01006956,C. Manufacturing,15,7,8
S01006956,F. Construction,9,9,0
S01006956,G I. Distribution hotels and restaurants,18,8,10
S01006956,H J. Transport and communication,17,1,16
S01006956,K L M N. Financial real estate professional and administrative activities,21,4,17
S01006956,O P Q. Public administration education and health,38,8,30
S01006956,R S T U. Other,10,4,6
S01006956,Never worked,20,13,7
S01006957,All people aged 16 to 74 not in employment,160,46,114
S01006957,A B D E. Agriculture energy and water,7,3,4
S01006957,C. Manufacturing,4,2,2
S01006957,F. Construction,10,5,5
S01006957,G I. Distribution hotels and restaurants,35,9,26
S01006957,H J. Transport and communication,13,3,10
S01006957,K L M N. Financial real estate professional and administrative activities,16,4,12
S01006957,O P Q. Public administration education and health,42,7,35
S01006957,R S T U. Other,4,0,4
S01006957,Never worked,29,13,16
S01006958,All people aged 16 to 74 not in employment,221,80,141
S01006958,A B D E. Agriculture energy and water,16,11,5
S01006958,C. Manufacturing,13,5,8
S01006958,F. Construction,11,8,3
S01006958,G I. Distribution hotels and restaurants,45,13,32
S01006958,H J. Transport and communication,8,1,7
S01006958,K L M N. Financial real estate professional and administrative activities,16,5,11
S01006958,O P Q. Public administration education and health,85,25,60
S01006958,R S T U. Other,8,2,6
S01006958,Never worked,19,10,9
S01006959,All people aged 16 to 74 not in employment,164,59,105
S01006959,A B D E. Agriculture energy and water,14,10,4
S01006959,C. Manufacturing,6,0,6
S01006959,F. Construction,11,11,0
S01006959,G I. Distribution hotels and restaurants,38,14,24
S01006959,H J. Transport and communication,16,3,13
S01006959,K L M N. Financial real estate professional and administrative activities,17,7,10
S01006959,O P Q. Public administration education and health,32,5,27
S01006959,R S T U. Other,9,2,7
S01006959,Never worked,21,7,14
S01006960,All people aged 16 to 74 not in employment,118,29,89
S01006960,A B D E. Agriculture energy and water,11,4,7
S01006960,C. Manufacturing,5,0,5
S01006960,F. Construction,2,1,1
S01006960,G I. Distribution hotels and restaurants,18,4,14
S01006960,H J. Transport and communication,14,3,11
S01006960,K L M N. Financial real estate professional and administrative activities,11,0,11
S01006960,O P Q. Public administration education and health,26,4,22
S01006960,R S T U. Other,7,2,5
S01006960,Never worked,24,11,13
S01006961,All people aged 16 to 74 not in employment,101,32,69
S01006961,A B D E. Agriculture energy and water,7,2,5
S01006961,C. Manufacturing,7,4,3
S01006961,F. Construction,1,0,1
S01006961,G I. Distribution hotels and restaurants,22,5,17
S01006961,H J. Transport and communication,9,4,5
S01006961,K L M N. Financial real estate professional and administrative activities,11,2,9
S01006961,O P Q. Public administration education and health,17,1,16
S01006961,R S T U. Other,3,1,2
S01006961,Never worked,24,13,11
S01006962,All people aged 16 to 74 not in employment,193,66,127
S01006962,A B D E. Agriculture energy and water,8,7,1
S01006962,C. Manufacturing,14,7,7
S01006962,F. Construction,12,10,2
S01006962,G I. Distribution hotels and restaurants,45,15,30
S01006962,H J. Transport and communication,14,3,11
S01006962,K L M N. Financial real estate professional and administrative activities,21,6,15
S01006962,O P Q. Public administration education and health,51,10,41
S01006962,R S T U. Other,8,0,8
S01006962,Never worked,20,8,12
S01006963,All people aged 16 to 74 not in employment,165,65,100
S01006963,A B D E. Agriculture energy and water,4,4,0
S01006963,C. Manufacturing,11,5,6
S01006963,F. Construction,17,15,2
S01006963,G I. Distribution hotels and restaurants,25,10,15
S01006963,H J. Transport and communication,13,3,10
S01006963,K L M N. Financial real estate professional and administrative activities,12,4,8
S01006963,O P Q. Public administration education and health,48,8,40
S01006963,R S T U. Other,5,1,4
S01006963,Never worked,30,15,15
S01006964,All people aged 16 to 74 not in employment,137,56,81
S01006964,A B D E. Agriculture energy and water,4,4,0
S01006964,C. Manufacturing,12,7,5
S01006964,F. Construction,11,8,3
S01006964,G I. Distribution hotels and restaurants,29,13,16
S01006964,H J. Transport and communication,14,6,8
S01006964,K L M N. Financial real estate professional and administrative activities,10,2,8
S01006964,O P Q. Public administration education and health,39,8,31
S01006964,R S T U. Other,4,1,3
S01006964,Never worked,14,7,7
S01006965,All people aged 16 to 74 not in employment,134,51,83
S01006965,A B D E. Agriculture energy and water,9,9,0
S01006965,C. Manufacturing,10,4,6
S01006965,F. Construction,8,6,2
S01006965,G I. Distribution hotels and restaurants,27,9,18
S01006965,H J. Transport and communication,10,5,5
S01006965,K L M N. Financial real estate professional and administrative activities,8,3,5
S01006965,O P Q. Public administration education and health,43,10,33
S01006965,R S T U. Other,6,0,6
S01006965,Never worked,13,5,8
S01006966,All people aged 16 to 74 not in employment,120,56,64
S01006966,A B D E. Agriculture energy and water,7,5,2
S01006966,C. Manufacturing,10,6,4
S01006966,F. Construction,10,9,1
S01006966,G I. Distribution hotels and restaurants,24,13,11
S01006966,H J. Transport and communication,7,1,6
S01006966,K L M N. Financial real estate professional and administrative activities,10,4,6
S01006966,O P Q. Public administration education and health,29,6,23
S01006966,R S T U. Other,5,3,2
S01006966,Never worked,18,9,9
S01006967,All people aged 16 to 74 not in employment,104,40,64
S01006967,A B D E. Agriculture energy and water,5,4,1
S01006967,C. Manufacturing,5,3,2
S01006967,F. Construction,10,9,1
S01006967,G I. Distribution hotels and restaurants,24,7,17
S01006967,H J. Transport and communication,7,0,7
S01006967,K L M N. Financial real estate professional and administrative activities,8,3,5
S01006967,O P Q. Public administration education and health,26,4,22
S01006967,R S T U. Other,4,1,3
S01006967,Never worked,15,9,6
S01006968,All people aged 16 to 74 not in employment,94,32,62
S01006968,A B D E. Agriculture energy and water,5,4,1
S01006968,C. Manufacturing,5,4,1
S01006968,F. Construction,4,3,1
S01006968,G I. Distribution hotels and restaurants,12,5,7
S01006968,H J. Transport and communication,11,2,9
S01006968,K L M N. Financial real estate professional and administrative activities,12,5,7
S01006968,O P Q. Public administration education and health,34,1,33
S01006968,R S T U. Other,3,2,1
S01006968,Never worked,8,6,2
S01006969,All people aged 16 to 74 not in employment,186,65,121
S01006969,A B D E. Agriculture energy and water,6,3,3
S01006969,C. Manufacturing,14,8,6
S01006969,F. Construction,18,15,3
S01006969,G I. Distribution hotels and restaurants,38,12,26
S01006969,H J. Transport and communication,16,3,13
S01006969,K L M N. Financial real estate professional and administrative activities,11,4,7
S01006969,O P Q. Public administration education and health,57,10,47
S01006969,R S T U. Other,9,3,6
S01006969,Never worked,17,7,10
S01006970,All people aged 16 to 74 not in employment,116,36,80
S01006970,A B D E. Agriculture energy and water,7,5,2
S01006970,C. Manufacturing,8,4,4
S01006970,F. Construction,2,1,1
S01006970,G I. Distribution hotels and restaurants,21,4,17
S01006970,H J. Transport and communication,6,1,5
S01006970,K L M N. Financial real estate professional and administrative activities,14,3,11
S01006970,O P Q. Public administration education and health,31,8,23
S01006970,R S T U. Other,2,0,2
S01006970,Never worked,25,10,15
S01006971,All people aged 16 to 74 not in employment,129,44,85
S01006971,A B D E. Agriculture energy and water,5,4,1
S01006971,C. Manufacturing,13,7,6
S01006971,F. Construction,11,8,3
S01006971,G I. Distribution hotels and restaurants,30,11,19
S01006971,H J. Transport and communication,11,0,11
S01006971,K L M N. Financial real estate professional and administrative activities,12,3,9
S01006971,O P Q. Public administration education and health,28,3,25
S01006971,R S T U. Other,4,1,3
S01006971,Never worked,15,7,8
S01006972,All people aged 16 to 74 not in employment,97,42,55
S01006972,A B D E. Agriculture energy and water,5,3,2
S01006972,C. Manufacturing,5,2,3
S01006972,F. Construction,3,1,2
S01006972,G I. Distribution hotels and restaurants,19,8,11
S01006972,H J. Transport and communication,6,5,1
S01006972,K L M N. Financial real estate professional and administrative activities,12,4,8
S01006972,O P Q. Public administration education and health,31,8,23
S01006972,R S T U. Other,2,1,1
S01006972,Never worked,14,10,4
S01006973,All people aged 16 to 74 not in employment,133,52,81
S01006973,A B D E. Agriculture energy and water,5,4,1
S01006973,C. Manufacturing,9,5,4
S01006973,F. Construction,10,9,1
S01006973,G I. Distribution hotels and restaurants,39,13,26
S01006973,H J. Transport and communication,7,2,5
S01006973,K L M N. Financial real estate professional and administrative activities,15,9,6
S01006973,O P Q. Public administration education and health,38,6,32
S01006973,R S T U. Other,2,2,0
S01006973,Never worked,8,2,6
S01006974,All people aged 16 to 74 not in employment,181,58,123
S01006974,A B D E. Agriculture energy and water,11,7,4
S01006974,C. Manufacturing,8,2,6
S01006974,F. Construction,10,9,1
S01006974,G I. Distribution hotels and restaurants,28,8,20
S01006974,H J. Transport and communication,10,4,6
S01006974,K L M N. Financial real estate professional and administrative activities,21,11,10
S01006974,O P Q. Public administration education and health,70,8,62
S01006974,R S T U. Other,4,3,1
S01006974,Never worked,19,6,13
S01006975,All people aged 16 to 74 not in employment,156,59,97
S01006975,A B D E. Agriculture energy and water,9,7,2
S01006975,C. Manufacturing,10,6,4
S01006975,F. Construction,8,7,1
S01006975,G I. Distribution hotels and restaurants,26,9,17
S01006975,H J. Transport and communication,12,3,9
S01006975,K L M N. Financial real estate professional and administrative activities,18,6,12
S01006975,O P Q. Public administration education and health,42,10,32
S01006975,R S T U. Other,14,4,10
S01006975,Never worked,17,7,10
S01006976,All people aged 16 to 74 not in employment,78,29,49
S01006976,A B D E. Agriculture energy and water,4,2,2
S01006976,C. Manufacturing,6,3,3
S01006976,F. Construction,5,4,1
S01006976,G I. Distribution hotels and restaurants,20,7,13
S01006976,H J. Transport and communication,2,0,2
S01006976,K L M N. Financial real estate professional and administrative activities,17,9,8
S01006976,O P Q. Public administration education and health,13,0,13
S01006976,R S T U. Other,2,0,2
S01006976,Never worked,9,4,5
S01006977,All people aged 16 to 74 not in employment,137,46,91
S01006977,A B D E. Agriculture energy and water,4,2,2
S01006977,C. Manufacturing,7,4,3
S01006977,F. Construction,10,8,2
S01006977,G I. Distribution hotels and restaurants,30,8,22
S01006977,H J. Transport and communication,8,2,6
S01006977,K L M N. Financial real estate professional and administrative activities,20,7,13
S01006977,O P Q. Public administration education and health,35,3,32
S01006977,R S T U. Other,7,2,5
S01006977,Never worked,16,10,6
S01006978,All people aged 16 to 74 not in employment,185,73,112
S01006978,A B D E. Agriculture energy and water,15,8,7
S01006978,C. Manufacturing,16,11,5
S01006978,F. Construction,10,10,0
S01006978,G I. Distribution hotels and restaurants,29,11,18
S01006978,H J. Transport and communication,14,2,12
S01006978,K L M N. Financial real estate professional and administrative activities,19,7,12
S01006978,O P Q. Public administration education and health,47,10,37
S01006978,R S T U. Other,6,2,4
S01006978,Never worked,29,12,17
S01006979,All people aged 16 to 74 not in employment,175,67,108
S01006979,A B D E. Agriculture energy and water,8,6,2
S01006979,C. Manufacturing,14,4,10
S01006979,F. Construction,10,9,1
S01006979,G I. Distribution hotels and restaurants,39,15,24
S01006979,H J. Transport and communication,18,7,11
S01006979,K L M N. Financial real estate professional and administrative activities,14,6,8
S01006979,O P Q. Public administration education and health,50,10,40
S01006979,R S T U. Other,5,1,4
S01006979,Never worked,17,9,8
S01006980,All people aged 16 to 74 not in employment,169,63,106
S01006980,A B D E. Agriculture energy and water,13,8,5
S01006980,C. Manufacturing,12,6,6
S01006980,F. Construction,6,5,1
S01006980,G I. Distribution hotels and restaurants,29,12,17
S01006980,H J. Transport and communication,9,4,5
S01006980,K L M N. Financial real estate professional and administrative activities,25,10,15
S01006980,O P Q. Public administration education and health,41,6,35
S01006980,R S T U. Other,4,0,4
S01006980,Never worked,30,12,18
S01006981,All people aged 16 to 74 not in employment,134,46,88
S01006981,A B D E. Agriculture energy and water,14,7,7
S01006981,C. Manufacturing,10,3,7
S01006981,F. Construction,9,9,0
S01006981,G I. Distribution hotels and restaurants,26,5,21
S01006981,H J. Transport and communication,11,2,9
S01006981,K L M N. Financial real estate professional and administrative activities,9,6,3
S01006981,O P Q. Public administration education and health,28,1,27
S01006981,R S T U. Other,3,2,1
S01006981,Never worked,24,11,13
S01006982,All people aged 16 to 74 not in employment,131,42,89
S01006982,A B D E. Agriculture energy and water,6,1,5
S01006982,C. Manufacturing,5,4,1
S01006982,F. Construction,4,2,2
S01006982,G I. Distribution hotels and restaurants,35,10,25
S01006982,H J. Transport and communication,18,6,12
S01006982,K L M N. Financial real estate professional and administrative activities,17,6,11
S01006982,O P Q. Public administration education and health,27,6,21
S01006982,R S T U. Other,7,1,6
S01006982,Never worked,12,6,6
S01006983,All people aged 16 to 74 not in employment,134,52,82
S01006983,A B D E. Agriculture energy and water,4,3,1
S01006983,C. Manufacturing,10,7,3
S01006983,F. Construction,6,6,0
S01006983,G I. Distribution hotels and restaurants,34,10,24
S01006983,H J. Transport and communication,9,5,4
S01006983,K L M N. Financial real estate professional and administrative activities,7,2,5
S01006983,O P Q. Public administration education and health,34,5,29
S01006983,R S T U. Other,11,4,7
S01006983,Never worked,19,10,9
S01006984,All people aged 16 to 74 not in employment,118,40,78
S01006984,A B D E. Agriculture energy and water,10,5,5
S01006984,C. Manufacturing,7,4,3
S01006984,F. Construction,4,3,1
S01006984,G I. Distribution hotels and restaurants,22,10,12
S01006984,H J. Transport and communication,10,2,8
S01006984,K L M N. Financial real estate professional and administrative activities,15,3,12
S01006984,O P Q. Public administration education and health,31,5,26
S01006984,R S T U. Other,4,1,3
S01006984,Never worked,15,7,8
S01006985,All people aged 16 to 74 not in employment,200,81,119
S01006985,A B D E. Agriculture energy and water,18,11,7
S01006985,C. Manufacturing,15,10,5
S01006985,F. Construction,12,10,2
S01006985,G I. Distribution hotels and restaurants,33,14,19
S01006985,H J. Transport and communication,16,5,11
S01006985,K L M N. Financial real estate professional and administrative activities,23,8,15
S01006985,O P Q. Public administration education and health,49,7,42
S01006985,R S T U. Other,4,0,4
S01006985,Never worked,30,16,14
S01006986,All people aged 16 to 74 not in employment,104,36,68
S01006986,A B D E. Agriculture energy and water,4,3,1
S01006986,C. Manufacturing,11,4,7
S01006986,F. Construction,10,6,4
S01006986,G I. Distribution hotels and restaurants,22,8,14
S01006986,H J. Transport and communication,10,0,10
S01006986,K L M N. Financial real estate professional and administrative activities,4,1,3
S01006986,O P Q. Public administration education and health,17,3,14
S01006986,R S T U. Other,4,0,4
S01006986,Never worked,22,11,11
S01006987,All people aged 16 to 74 not in employment,149,53,96
S01006987,A B D E. Agriculture energy and water,13,7,6
S01006987,C. Manufacturing,9,5,4
S01006987,F. Construction,12,10,2
S01006987,G I. Distribution hotels and restaurants,21,5,16
S01006987,H J. Transport and communication,20,8,12
S01006987,K L M N. Financial real estate professional and administrative activities,13,3,10
S01006987,O P Q. Public administration education and health,40,7,33
S01006987,R S T U. Other,6,1,5
S01006987,Never worked,15,7,8
S01006988,All people aged 16 to 74 not in employment,97,37,60
S01006988,A B D E. Agriculture energy and water,4,2,2
S01006988,C. Manufacturing,7,1,6
S01006988,F. Construction,6,6,0
S01006988,G I. Distribution hotels and restaurants,20,8,12
S01006988,H J. Transport and communication,7,2,5
S01006988,K L M N. Financial real estate professional and administrative activities,5,3,2
S01006988,O P Q. Public administration education and health,25,3,22
S01006988,R S T U. Other,1,0,1
S01006988,Never worked,22,12,10
S01006989,All people aged 16 to 74 not in employment,180,57,123
S01006989,A B D E. Agriculture energy and water,9,5,4
S01006989,C. Manufacturing,11,3,8
S01006989,F. Construction,10,8,2
S01006989,G I. Distribution hotels and restaurants,29,14,15
S01006989,H J. Transport and communication,13,1,12
S01006989,K L M N. Financial real estate professional and administrative activities,26,5,21
S01006989,O P Q. Public administration education and health,49,7,42
S01006989,R S T U. Other,9,0,9
S01006989,Never worked,24,14,10
S01006990,All people aged 16 to 74 not in employment,123,44,79
S01006990,A B D E. Agriculture energy and water,6,4,2
S01006990,C. Manufacturing,8,5,3
S01006990,F. Construction,3,1,2
S01006990,G I. Distribution hotels and restaurants,14,5,9
S01006990,H J. Transport and communication,10,4,6
S01006990,K L M N. Financial real estate professional and administrative activities,14,4,10
S01006990,O P Q. Public administration education and health,36,5,31
S01006990,R S T U. Other,7,0,7
S01006990,Never worked,25,16,9
S01006991,All people aged 16 to 74 not in employment,101,35,66
S01006991,A B D E. Agriculture energy and water,7,6,1
S01006991,C. Manufacturing,10,5,5
S01006991,F. Construction,4,4,0
S01006991,G I. Distribution hotels and restaurants,18,6,12
S01006991,H J. Transport and communication,6,1,5
S01006991,K L M N. Financial real estate professional and administrative activities,11,4,7
S01006991,O P Q. Public administration education and health,25,4,21
S01006991,R S T U. Other,5,0,5
S01006991,Never worked,15,5,10
S01006992,All people aged 16 to 74 not in employment,131,50,81
S01006992,A B D E. Agriculture energy and water,14,9,5
S01006992,C. Manufacturing,9,6,3
S01006992,F. Construction,5,4,1
S01006992,G I. Distribution hotels and restaurants,18,7,11
S01006992,H J. Transport and communication,11,2,9
S01006992,K L M N. Financial real estate professional and administrative activities,23,8,15
S01006992,O P Q. Public administration education and health,27,5,22
S01006992,R S T U. Other,3,0,3
S01006992,Never worked,21,9,12
S01006993,All people aged 16 to 74 not in employment,101,28,73
S01006993,A B D E. Agriculture energy and water,10,4,6
S01006993,C. Manufacturing,9,4,5
S01006993,F. Construction,7,4,3
S01006993,G I. Distribution hotels and restaurants,14,3,11
S01006993,H J. Transport and communication,4,0,4
S01006993,K L M N. Financial real estate professional and administrative activities,8,4,4
S01006993,O P Q. Public administration education and health,30,4,26
S01006993,R S T U. Other,5,1,4
S01006993,Never worked,14,4,10
S01006994,All people aged 16 to 74 not in employment,122,55,67
S01006994,A B D E. Agriculture energy and water,12,8,4
S01006994,C. Manufacturing,7,4,3
S01006994,F. Construction,6,6,0
S01006994,G I. Distribution hotels and restaurants,18,7,11
S01006994,H J. Transport and communication,9,5,4
S01006994,K L M N. Financial real estate professional and administrative activities,17,5,12
S01006994,O P Q. Public administration education and health,34,8,26
S01006994,R S T U. Other,2,0,2
S01006994,Never worked,17,12,5
S01006995,All people aged 16 to 74 not in employment,134,38,96
S01006995,A B D E. Agriculture energy and water,12,8,4
S01006995,C. Manufacturing,11,6,5
S01006995,F. Construction,6,4,2
S01006995,G I. Distribution hotels and restaurants,20,3,17
S01006995,H J. Transport and communication,5,1,4
S01006995,K L M N. Financial real estate professional and administrative activities,20,6,14
S01006995,O P Q. Public administration education and health,36,4,32
S01006995,R S T U. Other,5,0,5
S01006995,Never worked,19,6,13
S01006996,All people aged 16 to 74 not in employment,127,41,86
S01006996,A B D E. Agriculture energy and water,12,5,7
S01006996,C. Manufacturing,15,7,8
S01006996,F. Construction,5,5,0
S01006996,G I. Distribution hotels and restaurants,27,7,20
S01006996,H J. Transport and communication,12,2,10
S01006996,K L M N. Financial real estate professional and administrative activities,12,4,8
S01006996,O P Q. Public administration education and health,21,2,19
S01006996,R S T U. Other,9,0,9
S01006996,Never worked,14,9,5
S01006997,All people aged 16 to 74 not in employment,109,39,70
S01006997,A B D E. Agriculture energy and water,5,2,3
S01006997,C. Manufacturing,6,4,2
S01006997,F. Construction,7,5,2
S01006997,G I. Distribution hotels and restaurants,25,10,15
S01006997,H J. Transport and communication,6,1,5
S01006997,K L M N. Financial real estate professional and administrative activities,7,1,6
S01006997,O P Q. Public administration education and health,32,6,26
S01006997,R S T U. Other,5,1,4
S01006997,Never worked,16,9,7
S01006998,All people aged 16 to 74 not in employment,186,73,113
S01006998,A B D E. Agriculture energy and water,16,10,6
S01006998,C. Manufacturing,15,9,6
S01006998,F. Construction,10,8,2
S01006998,G I. Distribution hotels and restaurants,34,13,21
S01006998,H J. Transport and communication,9,3,6
S01006998,K L M N. Financial real estate professional and administrative activities,23,8,15
S01006998,O P Q. Public administration education and health,52,7,45
S01006998,R S T U. Other,6,1,5
S01006998,Never worked,21,14,7
S01006999,All people aged 16 to 74 not in employment,151,63,88
S01006999,A B D E. Agriculture energy and water,19,14,5
S01006999,C. Manufacturing,18,9,9
S01006999,F. Construction,5,3,2
S01006999,G I. Distribution hotels and restaurants,18,7,11
S01006999,H J. Transport and communication,10,5,5
S01006999,K L M N. Financial real estate professional and administrative activities,18,6,12
S01006999,O P Q. Public administration education and health,40,8,32
S01006999,R S T U. Other,5,2,3
S01006999,Never worked,18,9,9
S01007000,All people aged 16 to 74 not in employment,187,69,118
S01007000,A B D E. Agriculture energy and water,13,10,3
S01007000,C. Manufacturing,13,9,4
S01007000,F. Construction,18,16,2
S01007000,G I. Distribution hotels and restaurants,38,14,24
S01007000,H J. Transport and communication,17,2,15
S01007000,K L M N. Financial real estate professional and administrative activities,11,3,8
S01007000,O P Q. Public administration education and health,51,4,47
S01007000,R S T U. Other,4,2,2
S01007000,Never worked,22,9,13
S01007001,All people aged 16 to 74 not in employment,203,82,121
S01007001,A B D E. Agriculture energy and water,18,13,5
S01007001,C. Manufacturing,15,9,6
S01007001,F. Construction,12,10,2
S01007001,G I. Distribution hotels and restaurants,36,14,22
S01007001,H J. Transport and communication,23,4,19
S01007001,K L M N. Financial real estate professional and administrative activities,20,8,12
S01007001,O P Q. Public administration education and health,46,8,38
S01007001,R S T U. Other,10,4,6
S01007001,Never worked,23,12,11
S01007002,All people aged 16 to 74 not in employment,120,52,68
S01007002,A B D E. Agriculture energy and water,3,2,1
S01007002,C. Manufacturing,9,7,2
S01007002,F. Construction,5,4,1
S01007002,G I. Distribution hotels and restaurants,26,12,14
S01007002,H J. Transport and communication,8,3,5
S01007002,K L M N. Financial real estate professional and administrative activities,16,5,11
S01007002,O P Q. Public administration education and health,26,6,20
S01007002,R S T U. Other,2,0,2
S01007002,Never worked,25,13,12
S01007003,All people aged 16 to 74 not in employment,90,31,59
S01007003,A B D E. Agriculture energy and water,8,4,4
S01007003,C. Manufacturing,12,8,4
S01007003,F. Construction,7,3,4
S01007003,G I. Distribution hotels and restaurants,11,1,10
S01007003,H J. Transport and communication,5,1,4
S01007003,K L M N. Financial real estate professional and administrative activities,6,4,2
S01007003,O P Q. Public administration education and health,31,5,26
S01007003,R S T U. Other,3,0,3
S01007003,Never worked,7,5,2
S01007004,All people aged 16 to 74 not in employment,139,60,79
S01007004,A B D E. Agriculture energy and water,9,5,4
S01007004,C. Manufacturing,12,10,2
S01007004,F. Construction,7,6,1
S01007004,G I. Distribution hotels and restaurants,26,9,17
S01007004,H J. Transport and communication,11,6,5
S01007004,K L M N. Financial real estate professional and administrative activities,15,9,6
S01007004,O P Q. Public administration education and health,32,3,29
S01007004,R S T U. Other,6,0,6
S01007004,Never worked,21,12,9
S01007005,All people aged 16 to 74 not in employment,165,61,104
S01007005,A B D E. Agriculture energy and water,9,6,3
S01007005,C. Manufacturing,12,6,6
S01007005,F. Construction,3,2,1
S01007005,G I. Distribution hotels and restaurants,30,9,21
S01007005,H J. Transport and communication,13,4,9
S01007005,K L M N. Financial real estate professional and administrative activities,16,8,8
S01007005,O P Q. Public administration education and health,44,8,36
S01007005,R S T U. Other,12,3,9
S01007005,Never worked,26,15,11
S01007006,All people aged 16 to 74 not in employment,222,86,136
S01007006,A B D E. Agriculture energy and water,15,11,4
S01007006,C. Manufacturing,25,17,8
S01007006,F. Construction,15,13,2
S01007006,G I. Distribution hotels and restaurants,44,15,29
S01007006,H J. Transport and communication,18,2,16
S01007006,K L M N. Financial real estate professional and administrative activities,24,6,18
S01007006,O P Q. Public administration education and health,50,9,41
S01007006,R S T U. Other,10,4,6
S01007006,Never worked,21,9,12
S01007007,All people aged 16 to 74 not in employment,184,69,115
S01007007,A B D E. Agriculture energy and water,11,8,3
S01007007,C. Manufacturing,26,12,14
S01007007,F. Construction,9,8,1
S01007007,G I. Distribution hotels and restaurants,25,9,16
S01007007,H J. Transport and communication,14,5,9
S01007007,K L M N. Financial real estate professional and administrative activities,13,6,7
S01007007,O P Q. Public administration education and health,51,7,44
S01007007,R S T U. Other,5,0,5
S01007007,Never worked,30,14,16
S01007008,All people aged 16 to 74 not in employment,222,96,126
S01007008,A B D E. Agriculture energy and water,12,8,4
S01007008,C. Manufacturing,14,10,4
S01007008,F. Construction,12,11,1
S01007008,G I. Distribution hotels and restaurants,43,20,23
S01007008,H J. Transport and communication,17,5,12
S01007008,K L M N. Financial real estate professional and administrative activities,19,4,15
S01007008,O P Q. Public administration education and health,54,11,43
S01007008,R S T U. Other,6,4,2
S01007008,Never worked,45,23,22
S01007009,All people aged 16 to 74 not in employment,249,115,134
S01007009,A B D E. Agriculture energy and water,17,14,3
S01007009,C. Manufacturing,19,12,7
S01007009,F. Construction,19,18,1
S01007009,G I. Distribution hotels and restaurants,52,22,30
S01007009,H J. Transport and communication,22,10,12
S01007009,K L M N. Financial real estate professional and administrative activities,26,9,17
S01007009,O P Q. Public administration education and health,55,13,42
S01007009,R S T U. Other,10,3,7
S01007009,Never worked,29,14,15
S01007010,All people aged 16 to 74 not in employment,180,70,110
S01007010,A B D E. Agriculture energy and water,11,9,2
S01007010,C. Manufacturing,16,9,7
S01007010,F. Construction,14,14,0
S01007010,G I. Distribution hotels and restaurants,39,18,21
S01007010,H J. Transport and communication,11,3,8
S01007010,K L M N. Financial real estate professional and administrative activities,12,3,9
S01007010,O P Q. Public administration education and health,55,6,49
S01007010,R S T U. Other,6,1,5
S01007010,Never worked,16,7,9
S01007011,All people aged 16 to 74 not in employment,194,87,107
S01007011,A B D E. Agriculture energy and water,22,14,8
S01007011,C. Manufacturing,20,6,14
S01007011,F. Construction,21,18,3
S01007011,G I. Distribution hotels and restaurants,42,25,17
S01007011,H J. Transport and communication,7,3,4
S01007011,K L M N. Financial real estate professional and administrative activities,14,2,12
S01007011,O P Q. Public administration education and health,38,7,31
S01007011,R S T U. Other,7,2,5
S01007011,Never worked,23,10,13
S01007012,All people aged 16 to 74 not in employment,202,87,115
S01007012,A B D E. Agriculture energy and water,15,7,8
S01007012,C. Manufacturing,31,14,17
S01007012,F. Construction,14,14,0
S01007012,G I. Distribution hotels and restaurants,43,17,26
S01007012,H J. Transport and communication,16,9,7
S01007012,K L M N. Financial real estate professional and administrative activities,12,4,8
S01007012,O P Q. Public administration education and health,36,5,31
S01007012,R S T U. Other,5,2,3
S01007012,Never worked,30,15,15
S01007013,All people aged 16 to 74 not in employment,117,40,77
S01007013,A B D E. Agriculture energy and water,13,7,6
S01007013,C. Manufacturing,7,5,2
S01007013,F. Construction,5,3,2
S01007013,G I. Distribution hotels and restaurants,17,2,15
S01007013,H J. Transport and communication,8,2,6
S01007013,K L M N. Financial real estate professional and administrative activities,14,6,8
S01007013,O P Q. Public administration education and health,31,7,24
S01007013,R S T U. Other,4,0,4
S01007013,Never worked,18,8,10
S01007014,All people aged 16 to 74 not in employment,165,58,107
S01007014,A B D E. Agriculture energy and water,18,13,5
S01007014,C. Manufacturing,14,5,9
S01007014,F. Construction,11,9,2
S01007014,G I. Distribution hotels and restaurants,25,4,21
S01007014,H J. Transport and communication,10,2,8
S01007014,K L M N. Financial real estate professional and administrative activities,14,4,10
S01007014,O P Q. Public administration education and health,41,7,34
S01007014,R S T U. Other,7,0,7
S01007014,Never worked,25,14,11
S01007015,All people aged 16 to 74 not in employment,123,45,78
S01007015,A B D E. Agriculture energy and water,11,5,6
S01007015,C. Manufacturing,17,7,10
S01007015,F. Construction,0,0,0
S01007015,G I. Distribution hotels and restaurants,30,9,21
S01007015,H J. Transport and communication,11,2,9
S01007015,K L M N. Financial real estate professional and administrative activities,7,4,3
S01007015,O P Q. Public administration education and health,24,5,19
S01007015,R S T U. Other,4,0,4
S01007015,Never worked,19,13,6
S01007016,All people aged 16 to 74 not in employment,115,34,81
S01007016,A B D E. Agriculture energy and water,12,6,6
S01007016,C. Manufacturing,8,4,4
S01007016,F. Construction,6,4,2
S01007016,G I. Distribution hotels and restaurants,9,5,4
S01007016,H J. Transport and communication,8,0,8
S01007016,K L M N. Financial real estate professional and administrative activities,13,1,12
S01007016,O P Q. Public administration education and health,34,4,30
S01007016,R S T U. Other,6,1,5
S01007016,Never worked,19,9,10
S01007017,All people aged 16 to 74 not in employment,211,78,133
S01007017,A B D E. Agriculture energy and water,11,8,3
S01007017,C. Manufacturing,30,14,16
S01007017,F. Construction,16,13,3
S01007017,G I. Distribution hotels and restaurants,52,20,32
S01007017,H J. Transport and communication,13,0,13
S01007017,K L M N. Financial real estate professional and administrative activities,19,5,14
S01007017,O P Q. Public administration education and health,39,8,31
S01007017,R S T U. Other,3,0,3
S01007017,Never worked,28,10,18
S01007018,All people aged 16 to 74 not in employment,212,87,125
S01007018,A B D E. Agriculture energy and water,17,11,6
S01007018,C. Manufacturing,31,17,14
S01007018,F. Construction,9,7,2
S01007018,G I. Distribution hotels and restaurants,49,22,27
S01007018,H J. Transport and communication,17,3,14
S01007018,K L M N. Financial real estate professional and administrative activities,18,8,10
S01007018,O P Q. Public administration education and health,42,7,35
S01007018,R S T U. Other,9,1,8
S01007018,Never worked,20,11,9
S01007019,All people aged 16 to 74 not in employment,168,64,104
S01007019,A B D E. Agriculture energy and water,13,10,3
S01007019,C. Manufacturing,35,12,23
S01007019,F. Construction,6,5,1
S01007019,G I. Distribution hotels and restaurants,26,11,15
S01007019,H J. Transport and communication,13,3,10
S01007019,K L M N. Financial real estate professional and administrative activities,14,6,8
S01007019,O P Q. Public administration education and health,36,7,29
S01007019,R S T U. Other,3,0,3
S01007019,Never worked,22,10,12
S01007020,All people aged 16 to 74 not in employment,171,64,107
S01007020,A B D E. Agriculture energy and water,8,6,2
S01007020,C. Manufacturing,18,11,7
S01007020,F. Construction,14,11,3
S01007020,G I. Distribution hotels and restaurants,28,8,20
S01007020,H J. Transport and communication,17,2,15
S01007020,K L M N. Financial real estate professional and administrative activities,9,5,4
S01007020,O P Q. Public administration education and health,41,6,35
S01007020,R S T U. Other,7,2,5
S01007020,Never worked,29,13,16
S01007021,All people aged 16 to 74 not in employment,212,88,124
S01007021,A B D E. Agriculture energy and water,17,11,6
S01007021,C. Manufacturing,22,9,13
S01007021,F. Construction,20,19,1
S01007021,G I. Distribution hotels and restaurants,55,20,35
S01007021,H J. Transport and communication,9,1,8
S01007021,K L M N. Financial real estate professional and administrative activities,12,4,8
S01007021,O P Q. Public administration education and health,45,8,37
S01007021,R S T U. Other,8,4,4
S01007021,Never worked,24,12,12
S01007022,All people aged 16 to 74 not in employment,133,54,79
S01007022,A B D E. Agriculture energy and water,11,8,3
S01007022,C. Manufacturing,13,3,10
S01007022,F. Construction,7,6,1
S01007022,G I. Distribution hotels and restaurants,29,11,18
S01007022,H J. Transport and communication,10,3,7
S01007022,K L M N. Financial real estate professional and administrative activities,8,1,7
S01007022,O P Q. Public administration education and health,34,7,27
S01007022,R S T U. Other,3,2,1
S01007022,Never worked,18,13,5
S01007023,All people aged 16 to 74 not in employment,124,47,77
S01007023,A B D E. Agriculture energy and water,7,2,5
S01007023,C. Manufacturing,14,2,12
S01007023,F. Construction,11,9,2
S01007023,G I. Distribution hotels and restaurants,20,8,12
S01007023,H J. Transport and communication,9,5,4
S01007023,K L M N. Financial real estate professional and administrative activities,12,7,5
S01007023,O P Q. Public administration education and health,28,5,23
S01007023,R S T U. Other,6,1,5
S01007023,Never worked,17,8,9
S01007024,All people aged 16 to 74 not in employment,247,105,142
S01007024,A B D E. Agriculture energy and water,24,13,11
S01007024,C. Manufacturing,22,15,7
S01007024,F. Construction,13,11,2
S01007024,G I. Distribution hotels and restaurants,41,17,24
S01007024,H J. Transport and communication,9,3,6
S01007024,K L M N. Financial real estate professional and administrative activities,20,9,11
S01007024,O P Q. Public administration education and health,72,18,54
S01007024,R S T U. Other,9,4,5
S01007024,Never worked,37,15,22
S01007025,All people aged 16 to 74 not in employment,224,93,131
S01007025,A B D E. Agriculture energy and water,16,13,3
S01007025,C. Manufacturing,22,11,11
S01007025,F. Construction,14,13,1
S01007025,G I. Distribution hotels and restaurants,43,19,24
S01007025,H J. Transport and communication,17,2,15
S01007025,K L M N. Financial real estate professional and administrative activities,16,6,10
S01007025,O P Q. Public administration education and health,65,16,49
S01007025,R S T U. Other,6,0,6
S01007025,Never worked,25,13,12
S01007026,All people aged 16 to 74 not in employment,251,109,142
S01007026,A B D E. Agriculture energy and water,13,11,2
S01007026,C. Manufacturing,25,16,9
S01007026,F. Construction,13,12,1
S01007026,G I. Distribution hotels and restaurants,47,18,29
S01007026,H J. Transport and communication,24,8,16
S01007026,K L M N. Financial real estate professional and administrative activities,18,7,11
S01007026,O P Q. Public administration education and health,67,18,49
S01007026,R S T U. Other,16,4,12
S01007026,Never worked,28,15,13
S01007027,All people aged 16 to 74 not in employment,267,105,162
S01007027,A B D E. Agriculture energy and water,26,21,5
S01007027,C. Manufacturing,23,10,13
S01007027,F. Construction,15,15,0
S01007027,G I. Distribution hotels and restaurants,53,20,33
S01007027,H J. Transport and communication,18,4,14
S01007027,K L M N. Financial real estate professional and administrative activities,17,5,12
S01007027,O P Q. Public administration education and health,69,10,59
S01007027,R S T U. Other,9,2,7
S01007027,Never worked,37,18,19
S01007028,All people aged 16 to 74 not in employment,177,76,101
S01007028,A B D E. Agriculture energy and water,9,6,3
S01007028,C. Manufacturing,17,10,7
S01007028,F. Construction,13,11,2
S01007028,G I. Distribution hotels and restaurants,31,14,17
S01007028,H J. Transport and communication,14,2,12
S01007028,K L M N. Financial real estate professional and administrative activities,15,8,7
S01007028,O P Q. Public administration education and health,39,7,32
S01007028,R S T U. Other,13,3,10
S01007028,Never worked,26,15,11
S01007029,All people aged 16 to 74 not in employment,136,52,84
S01007029,A B D E. Agriculture energy and water,10,5,5
S01007029,C. Manufacturing,14,8,6
S01007029,F. Construction,7,6,1
S01007029,G I. Distribution hotels and restaurants,30,14,16
S01007029,H J. Transport and communication,8,2,6
S01007029,K L M N. Financial real estate professional and administrative activities,9,2,7
S01007029,O P Q. Public administration education and health,34,5,29
S01007029,R S T U. Other,6,3,3
S01007029,Never worked,18,7,11
S01007030,All people aged 16 to 74 not in employment,214,82,132
S01007030,A B D E. Agriculture energy and water,16,9,7
S01007030,C. Manufacturing,23,12,11
S01007030,F. Construction,20,18,2
S01007030,G I. Distribution hotels and restaurants,52,18,34
S01007030,H J. Transport and communication,7,1,6
S01007030,K L M N. Financial real estate professional and administrative activities,23,9,14
S01007030,O P Q. Public administration education and health,53,11,42
S01007030,R S T U. Other,6,0,6
S01007030,Never worked,14,4,10
S01007031,All people aged 16 to 74 not in employment,164,71,93
S01007031,A B D E. Agriculture energy and water,6,6,0
S01007031,C. Manufacturing,21,13,8
S01007031,F. Construction,7,5,2
S01007031,G I. Distribution hotels and restaurants,26,14,12
S01007031,H J. Transport and communication,18,3,15
S01007031,K L M N. Financial real estate professional and administrative activities,15,8,7
S01007031,O P Q. Public administration education and health,40,8,32
S01007031,R S T U. Other,7,3,4
S01007031,Never worked,24,11,13
S01007032,All people aged 16 to 74 not in employment,283,135,148
S01007032,A B D E. Agriculture energy and water,17,11,6
S01007032,C. Manufacturing,29,19,10
S01007032,F. Construction,22,20,2
S01007032,G I. Distribution hotels and restaurants,41,19,22
S01007032,H J. Transport and communication,25,6,19
S01007032,K L M N. Financial real estate professional and administrative activities,17,9,8
S01007032,O P Q. Public administration education and health,64,17,47
S01007032,R S T U. Other,8,2,6
S01007032,Never worked,60,32,28
S01007033,All people aged 16 to 74 not in employment,192,71,121
S01007033,A B D E. Agriculture energy and water,10,7,3
S01007033,C. Manufacturing,19,9,10
S01007033,F. Construction,10,10,0
S01007033,G I. Distribution hotels and restaurants,24,7,17
S01007033,H J. Transport and communication,16,4,12
S01007033,K L M N. Financial real estate professional and administrative activities,14,4,10
S01007033,O P Q. Public administration education and health,62,17,45
S01007033,R S T U. Other,5,1,4
S01007033,Never worked,32,12,20
S01007034,All people aged 16 to 74 not in employment,141,52,89
S01007034,A B D E. Agriculture energy and water,7,5,2
S01007034,C. Manufacturing,22,9,13
S01007034,F. Construction,6,6,0
S01007034,G I. Distribution hotels and restaurants,26,6,20
S01007034,H J. Transport and communication,5,2,3
S01007034,K L M N. Financial real estate professional and administrative activities,14,6,8
S01007034,O P Q. Public administration education and health,30,4,26
S01007034,R S T U. Other,2,0,2
S01007034,Never worked,29,14,15
S01007035,All people aged 16 to 74 not in employment,222,85,137
S01007035,A B D E. Agriculture energy and water,16,15,1
S01007035,C. Manufacturing,34,16,18
S01007035,F. Construction,14,13,1
S01007035,G I. Distribution hotels and restaurants,39,16,23
S01007035,H J. Transport and communication,9,1,8
S01007035,K L M N. Financial real estate professional and administrative activities,16,5,11
S01007035,O P Q. Public administration education and health,63,4,59
S01007035,R S T U. Other,8,3,5
S01007035,Never worked,23,12,11
S01007036,All people aged 16 to 74 not in employment,225,95,130
S01007036,A B D E. Agriculture energy and water,14,11,3
S01007036,C. Manufacturing,15,9,6
S01007036,F. Construction,10,9,1
S01007036,G I. Distribution hotels and restaurants,37,14,23
S01007036,H J. Transport and communication,14,2,12
S01007036,K L M N. Financial real estate professional and administrative activities,18,8,10
S01007036,O P Q. Public administration education and health,65,16,49
S01007036,R S T U. Other,8,2,6
S01007036,Never worked,44,24,20
S01007037,All people aged 16 to 74 not in employment,243,96,147
S01007037,A B D E. Agriculture energy and water,19,17,2
S01007037,C. Manufacturing,27,13,14
S01007037,F. Construction,17,15,2
S01007037,G I. Distribution hotels and restaurants,40,15,25
S01007037,H J. Transport and communication,16,3,13
S01007037,K L M N. Financial real estate professional and administrative activities,19,10,9
S01007037,O P Q. Public administration education and health,63,5,58
S01007037,R S T U. Other,11,2,9
S01007037,Never worked,31,16,15
S01007038,All people aged 16 to 74 not in employment,178,64,114
S01007038,A B D E. Agriculture energy and water,9,6,3
S01007038,C. Manufacturing,15,9,6
S01007038,F. Construction,10,10,0
S01007038,G I. Distribution hotels and restaurants,41,15,26
S01007038,H J. Transport and communication,12,0,12
S01007038,K L M N. Financial real estate professional and administrative activities,13,5,8
S01007038,O P Q. Public administration education and health,36,4,32
S01007038,R S T U. Other,8,3,5
S01007038,Never worked,34,12,22
S01007039,All people aged 16 to 74 not in employment,230,98,132
S01007039,A B D E. Agriculture energy and water,18,14,4
S01007039,C. Manufacturing,22,9,13
S01007039,F. Construction,14,14,0
S01007039,G I. Distribution hotels and restaurants,48,25,23
S01007039,H J. Transport and communication,19,3,16
S01007039,K L M N. Financial real estate professional and administrative activities,16,8,8
S01007039,O P Q. Public administration education and health,48,6,42
S01007039,R S T U. Other,6,2,4
S01007039,Never worked,39,17,22
S01007040,All people aged 16 to 74 not in employment,167,69,98
S01007040,A B D E. Agriculture energy and water,8,6,2
S01007040,C. Manufacturing,18,12,6
S01007040,F. Construction,13,12,1
S01007040,G I. Distribution hotels and restaurants,42,19,23
S01007040,H J. Transport and communication,6,2,4
S01007040,K L M N. Financial real estate professional and administrative activities,10,3,7
S01007040,O P Q. Public administration education and health,42,5,37
S01007040,R S T U. Other,5,0,5
S01007040,Never worked,23,10,13
S01007041,All people aged 16 to 74 not in employment,185,76,109
S01007041,A B D E. Agriculture energy and water,8,6,2
S01007041,C. Manufacturing,17,11,6
S01007041,F. Construction,13,13,0
S01007041,G I. Distribution hotels and restaurants,34,13,21
S01007041,H J. Transport and communication,16,6,10
S01007041,K L M N. Financial real estate professional and administrative activities,7,0,7
S01007041,O P Q. Public administration education and health,41,7,34
S01007041,R S T U. Other,7,0,7
S01007041,Never worked,42,20,22
S01007042,All people aged 16 to 74 not in employment,170,64,106
S01007042,A B D E. Agriculture energy and water,12,7,5
S01007042,C. Manufacturing,18,4,14
S01007042,F. Construction,9,7,2
S01007042,G I. Distribution hotels and restaurants,36,14,22
S01007042,H J. Transport and communication,9,0,9
S01007042,K L M N. Financial real estate professional and administrative activities,7,3,4
S01007042,O P Q. Public administration education and health,44,13,31
S01007042,R S T U. Other,5,2,3
S01007042,Never worked,30,14,16
S01007043,All people aged 16 to 74 not in employment,186,73,113
S01007043,A B D E. Agriculture energy and water,13,9,4
S01007043,C. Manufacturing,31,12,19
S01007043,F. Construction,10,10,0
S01007043,G I. Distribution hotels and restaurants,27,8,19
S01007043,H J. Transport and communication,12,3,9
S01007043,K L M N. Financial real estate professional and administrative activities,15,5,10
S01007043,O P Q. Public administration education and health,47,13,34
S01007043,R S T U. Other,6,1,5
S01007043,Never worked,25,12,13
S01007044,All people aged 16 to 74 not in employment,194,75,119
S01007044,A B D E. Agriculture energy and water,25,21,4
S01007044,C. Manufacturing,18,12,6
S01007044,F. Construction,8,7,1
S01007044,G I. Distribution hotels and restaurants,45,11,34
S01007044,H J. Transport and communication,17,6,11
S01007044,K L M N. Financial real estate professional and administrative activities,9,1,8
S01007044,O P Q. Public administration education and health,37,7,30
S01007044,R S T U. Other,6,0,6
S01007044,Never worked,29,10,19
S01007045,All people aged 16 to 74 not in employment,207,84,123
S01007045,A B D E. Agriculture energy and water,14,8,6
S01007045,C. Manufacturing,22,11,11
S01007045,F. Construction,11,10,1
S01007045,G I. Distribution hotels and restaurants,39,22,17
S01007045,H J. Transport and communication,19,2,17
S01007045,K L M N. Financial real estate professional and administrative activities,17,8,9
S01007045,O P Q. Public administration education and health,47,10,37
S01007045,R S T U. Other,15,3,12
S01007045,Never worked,23,10,13
S01007046,All people aged 16 to 74 not in employment,150,59,91
S01007046,A B D E. Agriculture energy and water,10,8,2
S01007046,C. Manufacturing,16,6,10
S01007046,F. Construction,4,4,0
S01007046,G I. Distribution hotels and restaurants,28,15,13
S01007046,H J. Transport and communication,8,4,4
S01007046,K L M N. Financial real estate professional and administrative activities,18,8,10
S01007046,O P Q. Public administration education and health,33,6,27
S01007046,R S T U. Other,6,1,5
S01007046,Never worked,27,7,20
S01007047,All people aged 16 to 74 not in employment,160,54,106
S01007047,A B D E. Agriculture energy and water,12,7,5
S01007047,C. Manufacturing,20,9,11
S01007047,F. Construction,3,3,0
S01007047,G I. Distribution hotels and restaurants,41,13,28
S01007047,H J. Transport and communication,9,2,7
S01007047,K L M N. Financial real estate professional and administrative activities,12,2,10
S01007047,O P Q. Public administration education and health,32,7,25
S01007047,R S T U. Other,8,3,5
S01007047,Never worked,23,8,15
S01007048,All people aged 16 to 74 not in employment,221,88,133
S01007048,A B D E. Agriculture energy and water,23,15,8
S01007048,C. Manufacturing,19,9,10
S01007048,F. Construction,13,12,1
S01007048,G I. Distribution hotels and restaurants,45,17,28
S01007048,H J. Transport and communication,15,3,12
S01007048,K L M N. Financial real estate professional and administrative activities,18,5,13
S01007048,O P Q. Public administration education and health,42,6,36
S01007048,R S T U. Other,8,3,5
S01007048,Never worked,38,18,20
S01007049,All people aged 16 to 74 not in employment,239,99,140
S01007049,A B D E. Agriculture energy and water,17,12,5
S01007049,C. Manufacturing,33,14,19
S01007049,F. Construction,24,23,1
S01007049,G I. Distribution hotels and restaurants,49,24,25
S01007049,H J. Transport and communication,20,5,15
S01007049,K L M N. Financial real estate professional and administrative activities,13,6,7
S01007049,O P Q. Public administration education and health,56,9,47
S01007049,R S T U. Other,7,1,6
S01007049,Never worked,20,5,15
S01007050,All people aged 16 to 74 not in employment,159,68,91
S01007050,A B D E. Agriculture energy and water,6,3,3
S01007050,C. Manufacturing,11,4,7
S01007050,F. Construction,12,10,2
S01007050,G I. Distribution hotels and restaurants,29,14,15
S01007050,H J. Transport and communication,13,5,8
S01007050,K L M N. Financial real estate professional and administrative activities,19,6,13
S01007050,O P Q. Public administration education and health,34,7,27
S01007050,R S T U. Other,6,1,5
S01007050,Never worked,29,18,11
S01007051,All people aged 16 to 74 not in employment,148,57,91
S01007051,A B D E. Agriculture energy and water,17,9,8
S01007051,C. Manufacturing,12,5,7
S01007051,F. Construction,12,10,2
S01007051,G I. Distribution hotels and restaurants,23,8,15
S01007051,H J. Transport and communication,9,2,7
S01007051,K L M N. Financial real estate professional and administrative activities,9,6,3
S01007051,O P Q. Public administration education and health,32,6,26
S01007051,R S T U. Other,6,1,5
S01007051,Never worked,28,10,18
S01007052,All people aged 16 to 74 not in employment,139,48,91
S01007052,A B D E. Agriculture energy and water,12,10,2
S01007052,C. Manufacturing,14,4,10
S01007052,F. Construction,5,4,1
S01007052,G I. Distribution hotels and restaurants,30,7,23
S01007052,H J. Transport and communication,9,1,8
S01007052,K L M N. Financial real estate professional and administrative activities,12,8,4
S01007052,O P Q. Public administration education and health,31,3,28
S01007052,R S T U. Other,6,1,5
S01007052,Never worked,20,10,10
S01007053,All people aged 16 to 74 not in employment,120,46,74
S01007053,A B D E. Agriculture energy and water,6,3,3
S01007053,C. Manufacturing,9,5,4
S01007053,F. Construction,7,6,1
S01007053,G I. Distribution hotels and restaurants,19,9,10
S01007053,H J. Transport and communication,7,4,3
S01007053,K L M N. Financial real estate professional and administrative activities,17,9,8
S01007053,O P Q. Public administration education and health,39,6,33
S01007053,R S T U. Other,5,1,4
S01007053,Never worked,11,3,8
S01007054,All people aged 16 to 74 not in employment,216,89,127
S01007054,A B D E. Agriculture energy and water,19,15,4
S01007054,C. Manufacturing,26,10,16
S01007054,F. Construction,24,18,6
S01007054,G I. Distribution hotels and restaurants,34,17,17
S01007054,H J. Transport and communication,24,3,21
S01007054,K L M N. Financial real estate professional and administrative activities,12,6,6
S01007054,O P Q. Public administration education and health,41,10,31
S01007054,R S T U. Other,9,1,8
S01007054,Never worked,27,9,18
S01007055,All people aged 16 to 74 not in employment,97,34,63
S01007055,A B D E. Agriculture energy and water,7,4,3
S01007055,C. Manufacturing,7,5,2
S01007055,F. Construction,4,3,1
S01007055,G I. Distribution hotels and restaurants,23,9,14
S01007055,H J. Transport and communication,10,3,7
S01007055,K L M N. Financial real estate professional and administrative activities,3,2,1
S01007055,O P Q. Public administration education and health,26,3,23
S01007055,R S T U. Other,4,2,2
S01007055,Never worked,13,3,10
S01007056,All people aged 16 to 74 not in employment,126,48,78
S01007056,A B D E. Agriculture energy and water,16,10,6
S01007056,C. Manufacturing,15,5,10
S01007056,F. Construction,7,6,1
S01007056,G I. Distribution hotels and restaurants,20,4,16
S01007056,H J. Transport and communication,7,2,5
S01007056,K L M N. Financial real estate professional and administrative activities,6,1,5
S01007056,O P Q. Public administration education and health,27,4,23
S01007056,R S T U. Other,5,0,5
S01007056,Never worked,23,16,7
S01007057,All people aged 16 to 74 not in employment,146,54,92
S01007057,A B D E. Agriculture energy and water,18,16,2
S01007057,C. Manufacturing,12,7,5
S01007057,F. Construction,6,4,2
S01007057,G I. Distribution hotels and restaurants,24,7,17
S01007057,H J. Transport and communication,13,4,9
S01007057,K L M N. Financial real estate professional and administrative activities,18,3,15
S01007057,O P Q. Public administration education and health,40,7,33
S01007057,R S T U. Other,3,1,2
S01007057,Never worked,12,5,7
S01007058,All people aged 16 to 74 not in employment,144,58,86
S01007058,A B D E. Agriculture energy and water,5,5,0
S01007058,C. Manufacturing,21,9,12
S01007058,F. Construction,14,13,1
S01007058,G I. Distribution hotels and restaurants,30,10,20
S01007058,H J. Transport and communication,14,3,11
S01007058,K L M N. Financial real estate professional and administrative activities,8,4,4
S01007058,O P Q. Public administration education and health,34,5,29
S01007058,R S T U. Other,8,4,4
S01007058,Never worked,10,5,5
S01007059,All people aged 16 to 74 not in employment,238,86,152
S01007059,A B D E. Agriculture energy and water,10,8,2
S01007059,C. Manufacturing,23,6,17
S01007059,F. Construction,21,19,2
S01007059,G I. Distribution hotels and restaurants,48,14,34
S01007059,H J. Transport and communication,21,5,16
S01007059,K L M N. Financial real estate professional and administrative activities,17,6,11
S01007059,O P Q. Public administration education and health,44,5,39
S01007059,R S T U. Other,10,2,8
S01007059,Never worked,44,21,23
S01007060,All people aged 16 to 74 not in employment,183,75,108
S01007060,A B D E. Agriculture energy and water,10,8,2
S01007060,C. Manufacturing,35,14,21
S01007060,F. Construction,7,6,1
S01007060,G I. Distribution hotels and restaurants,37,11,26
S01007060,H J. Transport and communication,18,1,17
S01007060,K L M N. Financial real estate professional and administrative activities,13,10,3
S01007060,O P Q. Public administration education and health,22,3,19
S01007060,R S T U. Other,10,3,7
S01007060,Never worked,31,19,12
S01007061,All people aged 16 to 74 not in employment,157,59,98
S01007061,A B D E. Agriculture energy and water,11,5,6
S01007061,C. Manufacturing,13,6,7
S01007061,F. Construction,11,8,3
S01007061,G I. Distribution hotels and restaurants,29,11,18
S01007061,H J. Transport and communication,10,1,9
S01007061,K L M N. Financial real estate professional and administrative activities,17,7,10
S01007061,O P Q. Public administration education and health,41,10,31
S01007061,R S T U. Other,1,0,1
S01007061,Never worked,24,11,13
S01007062,All people aged 16 to 74 not in employment,134,59,75
S01007062,A B D E. Agriculture energy and water,19,11,8
S01007062,C. Manufacturing,9,1,8
S01007062,F. Construction,2,2,0
S01007062,G I. Distribution hotels and restaurants,22,9,13
S01007062,H J. Transport and communication,14,3,11
S01007062,K L M N. Financial real estate professional and administrative activities,7,3,4
S01007062,O P Q. Public administration education and health,30,8,22
S01007062,R S T U. Other,7,3,4
S01007062,Never worked,24,19,5
S01007063,All people aged 16 to 74 not in employment,147,51,96
S01007063,A B D E. Agriculture energy and water,9,6,3
S01007063,C. Manufacturing,19,8,11
S01007063,F. Construction,8,8,0
S01007063,G I. Distribution hotels and restaurants,25,7,18
S01007063,H J. Transport and communication,7,3,4
S01007063,K L M N. Financial real estate professional and administrative activities,10,4,6
S01007063,O P Q. Public administration education and health,47,8,39
S01007063,R S T U. Other,2,1,1
S01007063,Never worked,20,6,14
S01007064,All people aged 16 to 74 not in employment,123,52,71
S01007064,A B D E. Agriculture energy and water,11,7,4
S01007064,C. Manufacturing,16,6,10
S01007064,F. Construction,5,5,0
S01007064,G I. Distribution hotels and restaurants,19,8,11
S01007064,H J. Transport and communication,11,4,7
S01007064,K L M N. Financial real estate professional and administrative activities,11,4,7
S01007064,O P Q. Public administration education and health,27,6,21
S01007064,R S T U. Other,5,1,4
S01007064,Never worked,18,11,7
S01007065,All people aged 16 to 74 not in employment,126,48,78
S01007065,A B D E. Agriculture energy and water,7,5,2
S01007065,C. Manufacturing,13,5,8
S01007065,F. Construction,3,2,1
S01007065,G I. Distribution hotels and restaurants,24,5,19
S01007065,H J. Transport and communication,6,1,5
S01007065,K L M N. Financial real estate professional and administrative activities,11,4,7
S01007065,O P Q. Public administration education and health,41,12,29
S01007065,R S T U. Other,5,2,3
S01007065,Never worked,16,12,4
S01007066,All people aged 16 to 74 not in employment,141,54,87
S01007066,A B D E. Agriculture energy and water,7,6,1
S01007066,C. Manufacturing,16,8,8
S01007066,F. Construction,9,9,0
S01007066,G I. Distribution hotels and restaurants,28,7,21
S01007066,H J. Transport and communication,14,1,13
S01007066,K L M N. Financial real estate professional and administrative activities,9,6,3
S01007066,O P Q. Public administration education and health,33,5,28
S01007066,R S T U. Other,7,1,6
S01007066,Never worked,18,11,7
S01007067,All people aged 16 to 74 not in employment,132,51,81
S01007067,A B D E. Agriculture energy and water,12,8,4
S01007067,C. Manufacturing,5,1,4
S01007067,F. Construction,5,5,0
S01007067,G I. Distribution hotels and restaurants,30,12,18
S01007067,H J. Transport and communication,12,5,7
S01007067,K L M N. Financial real estate professional and administrative activities,17,8,9
S01007067,O P Q. Public administration education and health,35,8,27
S01007067,R S T U. Other,6,1,5
S01007067,Never worked,10,3,7
S01007068,All people aged 16 to 74 not in employment,186,58,128
S01007068,A B D E. Agriculture energy and water,13,7,6
S01007068,C. Manufacturing,16,7,9
S01007068,F. Construction,16,11,5
S01007068,G I. Distribution hotels and restaurants,37,16,21
S01007068,H J. Transport and communication,20,4,16
S01007068,K L M N. Financial real estate professional and administrative activities,18,2,16
S01007068,O P Q. Public administration education and health,39,3,36
S01007068,R S T U. Other,8,2,6
S01007068,Never worked,19,6,13
S01007069,All people aged 16 to 74 not in employment,189,69,120
S01007069,A B D E. Agriculture energy and water,15,12,3
S01007069,C. Manufacturing,21,9,12
S01007069,F. Construction,12,11,1
S01007069,G I. Distribution hotels and restaurants,38,14,24
S01007069,H J. Transport and communication,15,2,13
S01007069,K L M N. Financial real estate professional and administrative activities,14,7,7
S01007069,O P Q. Public administration education and health,46,4,42
S01007069,R S T U. Other,4,1,3
S01007069,Never worked,24,9,15
S01007070,All people aged 16 to 74 not in employment,131,59,72
S01007070,A B D E. Agriculture energy and water,8,7,1
S01007070,C. Manufacturing,23,12,11
S01007070,F. Construction,12,11,1
S01007070,G I. Distribution hotels and restaurants,18,9,9
S01007070,H J. Transport and communication,16,3,13
S01007070,K L M N. Financial real estate professional and administrative activities,5,3,2
S01007070,O P Q. Public administration education and health,28,6,22
S01007070,R S T U. Other,10,3,7
S01007070,Never worked,11,5,6
S01007071,All people aged 16 to 74 not in employment,161,60,101
S01007071,A B D E. Agriculture energy and water,5,5,0
S01007071,C. Manufacturing,25,8,17
S01007071,F. Construction,7,6,1
S01007071,G I. Distribution hotels and restaurants,31,10,21
S01007071,H J. Transport and communication,9,4,5
S01007071,K L M N. Financial real estate professional and administrative activities,15,5,10
S01007071,O P Q. Public administration education and health,48,9,39
S01007071,R S T U. Other,2,1,1
S01007071,Never worked,19,12,7
S01007072,All people aged 16 to 74 not in employment,112,39,73
S01007072,A B D E. Agriculture energy and water,7,5,2
S01007072,C. Manufacturing,16,6,10
S01007072,F. Construction,4,3,1
S01007072,G I. Distribution hotels and restaurants,27,7,20
S01007072,H J. Transport and communication,10,2,8
S01007072,K L M N. Financial real estate professional and administrative activities,10,5,5
S01007072,O P Q. Public administration education and health,22,3,19
S01007072,R S T U. Other,6,2,4
S01007072,Never worked,10,6,4
S01007073,All people aged 16 to 74 not in employment,338,206,132
S01007073,A B D E. Agriculture energy and water,17,16,1
S01007073,C. Manufacturing,33,16,17
S01007073,F. Construction,25,23,2
S01007073,G I. Distribution hotels and restaurants,76,39,37
S01007073,H J. Transport and communication,27,20,7
S01007073,K L M N. Financial real estate professional and administrative activities,40,30,10
S01007073,O P Q. Public administration education and health,71,33,38
S01007073,R S T U. Other,8,5,3
S01007073,Never worked,41,24,17
S01007074,All people aged 16 to 74 not in employment,155,58,97
S01007074,A B D E. Agriculture energy and water,5,3,2
S01007074,C. Manufacturing,22,14,8
S01007074,F. Construction,11,8,3
S01007074,G I. Distribution hotels and restaurants,39,15,24
S01007074,H J. Transport and communication,28,3,25
S01007074,K L M N. Financial real estate professional and administrative activities,14,6,8
S01007074,O P Q. Public administration education and health,21,2,19
S01007074,R S T U. Other,2,1,1
S01007074,Never worked,13,6,7
S01007075,All people aged 16 to 74 not in employment,160,52,108
S01007075,A B D E. Agriculture energy and water,9,6,3
S01007075,C. Manufacturing,31,9,22
S01007075,F. Construction,8,7,1
S01007075,G I. Distribution hotels and restaurants,35,12,23
S01007075,H J. Transport and communication,15,4,11
S01007075,K L M N. Financial real estate professional and administrative activities,5,1,4
S01007075,O P Q. Public administration education and health,37,8,29
S01007075,R S T U. Other,2,0,2
S01007075,Never worked,18,5,13
S01007076,All people aged 16 to 74 not in employment,166,64,102
S01007076,A B D E. Agriculture energy and water,3,3,0
S01007076,C. Manufacturing,22,8,14
S01007076,F. Construction,11,9,2
S01007076,G I. Distribution hotels and restaurants,40,15,25
S01007076,H J. Transport and communication,19,2,17
S01007076,K L M N. Financial real estate professional and administrative activities,11,4,7
S01007076,O P Q. Public administration education and health,32,7,25
S01007076,R S T U. Other,5,2,3
S01007076,Never worked,23,14,9
S01007077,All people aged 16 to 74 not in employment,165,63,102
S01007077,A B D E. Agriculture energy and water,10,9,1
S01007077,C. Manufacturing,30,13,17
S01007077,F. Construction,7,5,2
S01007077,G I. Distribution hotels and restaurants,42,13,29
S01007077,H J. Transport and communication,12,3,9
S01007077,K L M N. Financial real estate professional and administrative activities,15,6,9
S01007077,O P Q. Public administration education and health,23,5,18
S01007077,R S T U. Other,5,2,3
S01007077,Never worked,21,7,14
S01007078,All people aged 16 to 74 not in employment,248,99,149
S01007078,A B D E. Agriculture energy and water,16,13,3
S01007078,C. Manufacturing,51,18,33
S01007078,F. Construction,19,14,5
S01007078,G I. Distribution hotels and restaurants,54,15,39
S01007078,H J. Transport and communication,16,5,11
S01007078,K L M N. Financial real estate professional and administrative activities,17,6,11
S01007078,O P Q. Public administration education and health,40,12,28
S01007078,R S T U. Other,3,1,2
S01007078,Never worked,32,15,17
S01007079,All people aged 16 to 74 not in employment,277,106,171
S01007079,A B D E. Agriculture energy and water,18,11,7
S01007079,C. Manufacturing,45,23,22
S01007079,F. Construction,11,11,0
S01007079,G I. Distribution hotels and restaurants,69,25,44
S01007079,H J. Transport and communication,16,3,13
S01007079,K L M N. Financial real estate professional and administrative activities,22,12,10
S01007079,O P Q. Public administration education and health,55,6,49
S01007079,R S T U. Other,5,1,4
S01007079,Never worked,36,14,22
S01007080,All people aged 16 to 74 not in employment,208,86,122
S01007080,A B D E. Agriculture energy and water,11,10,1
S01007080,C. Manufacturing,44,15,29
S01007080,F. Construction,15,14,1
S01007080,G I. Distribution hotels and restaurants,54,16,38
S01007080,H J. Transport and communication,14,6,8
S01007080,K L M N. Financial real estate professional and administrative activities,10,4,6
S01007080,O P Q. Public administration education and health,33,7,26
S01007080,R S T U. Other,3,0,3
S01007080,Never worked,24,14,10
S01007081,All people aged 16 to 74 not in employment,226,84,142
S01007081,A B D E. Agriculture energy and water,17,10,7
S01007081,C. Manufacturing,42,19,23
S01007081,F. Construction,17,15,2
S01007081,G I. Distribution hotels and restaurants,34,11,23
S01007081,H J. Transport and communication,24,3,21
S01007081,K L M N. Financial real estate professional and administrative activities,19,10,9
S01007081,O P Q. Public administration education and health,32,3,29
S01007081,R S T U. Other,7,0,7
S01007081,Never worked,34,13,21
S01007082,All people aged 16 to 74 not in employment,135,56,79
S01007082,A B D E. Agriculture energy and water,9,7,2
S01007082,C. Manufacturing,27,10,17
S01007082,F. Construction,8,7,1
S01007082,G I. Distribution hotels and restaurants,21,13,8
S01007082,H J. Transport and communication,9,0,9
S01007082,K L M N. Financial real estate professional and administrative activities,5,2,3
S01007082,O P Q. Public administration education and health,28,4,24
S01007082,R S T U. Other,1,0,1
S01007082,Never worked,27,13,14
S01007083,All people aged 16 to 74 not in employment,304,128,176
S01007083,A B D E. Agriculture energy and water,21,16,5
S01007083,C. Manufacturing,59,29,30
S01007083,F. Construction,12,11,1
S01007083,G I. Distribution hotels and restaurants,50,20,30
S01007083,H J. Transport and communication,27,8,19
S01007083,K L M N. Financial real estate professional and administrative activities,18,7,11
S01007083,O P Q. Public administration education and health,40,5,35
S01007083,R S T U. Other,17,4,13
S01007083,Never worked,60,28,32
S01007084,All people aged 16 to 74 not in employment,145,54,91
S01007084,A B D E. Agriculture energy and water,8,7,1
S01007084,C. Manufacturing,18,4,14
S01007084,F. Construction,6,5,1
S01007084,G I. Distribution hotels and restaurants,43,15,28
S01007084,H J. Transport and communication,8,4,4
S01007084,K L M N. Financial real estate professional and administrative activities,17,9,8
S01007084,O P Q. Public administration education and health,25,4,21
S01007084,R S T U. Other,9,3,6
S01007084,Never worked,11,3,8
S01007085,All people aged 16 to 74 not in employment,193,83,110
S01007085,A B D E. Agriculture energy and water,18,16,2
S01007085,C. Manufacturing,30,14,16
S01007085,F. Construction,15,15,0
S01007085,G I. Distribution hotels and restaurants,22,8,14
S01007085,H J. Transport and communication,20,5,15
S01007085,K L M N. Financial real estate professional and administrative activities,13,6,7
S01007085,O P Q. Public administration education and health,37,7,30
S01007085,R S T U. Other,9,0,9
S01007085,Never worked,29,12,17
S01007086,All people aged 16 to 74 not in employment,301,142,159
S01007086,A B D E. Agriculture energy and water,19,17,2
S01007086,C. Manufacturing,51,28,23
S01007086,F. Construction,27,22,5
S01007086,G I. Distribution hotels and restaurants,49,22,27
S01007086,H J. Transport and communication,28,6,22
S01007086,K L M N. Financial real estate professional and administrative activities,13,7,6
S01007086,O P Q. Public administration education and health,37,12,25
S01007086,R S T U. Other,10,4,6
S01007086,Never worked,67,24,43
S01007087,All people aged 16 to 74 not in employment,213,95,118
S01007087,A B D E. Agriculture energy and water,18,13,5
S01007087,C. Manufacturing,36,16,20
S01007087,F. Construction,18,15,3
S01007087,G I. Distribution hotels and restaurants,31,16,15
S01007087,H J. Transport and communication,20,5,15
S01007087,K L M N. Financial real estate professional and administrative activities,13,2,11
S01007087,O P Q. Public administration education and health,27,7,20
S01007087,R S T U. Other,4,0,4
S01007087,Never worked,46,21,25
S01007088,All people aged 16 to 74 not in employment,180,76,104
S01007088,A B D E. Agriculture energy and water,8,7,1
S01007088,C. Manufacturing,36,17,19
S01007088,F. Construction,10,8,2
S01007088,G I. Distribution hotels and restaurants,33,10,23
S01007088,H J. Transport and communication,16,2,14
S01007088,K L M N. Financial real estate professional and administrative activities,20,10,10
S01007088,O P Q. Public administration education and health,19,4,15
S01007088,R S T U. Other,4,1,3
S01007088,Never worked,34,17,17
S01007089,All people aged 16 to 74 not in employment,130,47,83
S01007089,A B D E. Agriculture energy and water,16,14,2
S01007089,C. Manufacturing,16,6,10
S01007089,F. Construction,5,4,1
S01007089,G I. Distribution hotels and restaurants,30,10,20
S01007089,H J. Transport and communication,8,3,5
S01007089,K L M N. Financial real estate professional and administrative activities,12,3,9
S01007089,O P Q. Public administration education and health,26,4,22
S01007089,R S T U. Other,5,0,5
S01007089,Never worked,12,3,9
S01007090,All people aged 16 to 74 not in employment,82,37,45
S01007090,A B D E. Agriculture energy and water,4,4,0
S01007090,C. Manufacturing,15,10,5
S01007090,F. Construction,7,7,0
S01007090,G I. Distribution hotels and restaurants,14,4,10
S01007090,H J. Transport and communication,6,3,3
S01007090,K L M N. Financial real estate professional and administrative activities,7,2,5
S01007090,O P Q. Public administration education and health,15,3,12
S01007090,R S T U. Other,2,0,2
S01007090,Never worked,12,4,8
S01007091,All people aged 16 to 74 not in employment,160,54,106
S01007091,A B D E. Agriculture energy and water,6,3,3
S01007091,C. Manufacturing,24,7,17
S01007091,F. Construction,14,13,1
S01007091,G I. Distribution hotels and restaurants,26,8,18
S01007091,H J. Transport and communication,10,0,10
S01007091,K L M N. Financial real estate professional and administrative activities,8,2,6
S01007091,O P Q. Public administration education and health,27,3,24
S01007091,R S T U. Other,10,1,9
S01007091,Never worked,35,17,18
S01007092,All people aged 16 to 74 not in employment,160,64,96
S01007092,A B D E. Agriculture energy and water,9,8,1
S01007092,C. Manufacturing,25,11,14
S01007092,F. Construction,11,9,2
S01007092,G I. Distribution hotels and restaurants,46,17,29
S01007092,H J. Transport and communication,5,1,4
S01007092,K L M N. Financial real estate professional and administrative activities,13,6,7
S01007092,O P Q. Public administration education and health,27,2,25
S01007092,R S T U. Other,5,4,1
S01007092,Never worked,19,6,13
S01007093,All people aged 16 to 74 not in employment,212,85,127
S01007093,A B D E. Agriculture energy and water,20,17,3
S01007093,C. Manufacturing,30,13,17
S01007093,F. Construction,9,7,2
S01007093,G I. Distribution hotels and restaurants,51,15,36
S01007093,H J. Transport and communication,12,6,6
S01007093,K L M N. Financial real estate professional and administrative activities,15,6,9
S01007093,O P Q. Public administration education and health,51,10,41
S01007093,R S T U. Other,6,1,5
S01007093,Never worked,18,10,8
S01007094,All people aged 16 to 74 not in employment,195,74,121
S01007094,A B D E. Agriculture energy and water,19,14,5
S01007094,C. Manufacturing,27,13,14
S01007094,F. Construction,10,9,1
S01007094,G I. Distribution hotels and restaurants,33,12,21
S01007094,H J. Transport and communication,19,6,13
S01007094,K L M N. Financial real estate professional and administrative activities,15,6,9
S01007094,O P Q. Public administration education and health,48,7,41
S01007094,R S T U. Other,5,1,4
S01007094,Never worked,19,6,13
S01007095,All people aged 16 to 74 not in employment,128,49,79
S01007095,A B D E. Agriculture energy and water,15,12,3
S01007095,C. Manufacturing,16,6,10
S01007095,F. Construction,3,2,1
S01007095,G I. Distribution hotels and restaurants,15,4,11
S01007095,H J. Transport and communication,5,2,3
S01007095,K L M N. Financial real estate professional and administrative activities,11,1,10
S01007095,O P Q. Public administration education and health,32,8,24
S01007095,R S T U. Other,3,0,3
S01007095,Never worked,28,14,14
S01007096,All people aged 16 to 74 not in employment,138,51,87
S01007096,A B D E. Agriculture energy and water,7,5,2
S01007096,C. Manufacturing,11,4,7
S01007096,F. Construction,8,6,2
S01007096,G I. Distribution hotels and restaurants,23,8,15
S01007096,H J. Transport and communication,8,1,7
S01007096,K L M N. Financial real estate professional and administrative activities,17,6,11
S01007096,O P Q. Public administration education and health,44,9,35
S01007096,R S T U. Other,4,2,2
S01007096,Never worked,16,10,6
S01007097,All people aged 16 to 74 not in employment,91,27,64
S01007097,A B D E. Agriculture energy and water,6,5,1
S01007097,C. Manufacturing,9,0,9
S01007097,F. Construction,6,4,2
S01007097,G I. Distribution hotels and restaurants,20,9,11
S01007097,H J. Transport and communication,7,2,5
S01007097,K L M N. Financial real estate professional and administrative activities,8,0,8
S01007097,O P Q. Public administration education and health,17,3,14
S01007097,R S T U. Other,4,0,4
S01007097,Never worked,14,4,10
S01007098,All people aged 16 to 74 not in employment,170,56,114
S01007098,A B D E. Agriculture energy and water,21,14,7
S01007098,C. Manufacturing,11,4,7
S01007098,F. Construction,4,2,2
S01007098,G I. Distribution hotels and restaurants,31,11,20
S01007098,H J. Transport and communication,6,5,1
S01007098,K L M N. Financial real estate professional and administrative activities,14,4,10
S01007098,O P Q. Public administration education and health,49,7,42
S01007098,R S T U. Other,13,0,13
S01007098,Never worked,21,9,12
S01007099,All people aged 16 to 74 not in employment,162,60,102
S01007099,A B D E. Agriculture energy and water,6,5,1
S01007099,C. Manufacturing,22,5,17
S01007099,F. Construction,10,9,1
S01007099,G I. Distribution hotels and restaurants,34,14,20
S01007099,H J. Transport and communication,9,4,5
S01007099,K L M N. Financial real estate professional and administrative activities,17,9,8
S01007099,O P Q. Public administration education and health,41,7,34
S01007099,R S T U. Other,4,0,4
S01007099,Never worked,19,7,12
S01007100,All people aged 16 to 74 not in employment,172,66,106
S01007100,A B D E. Agriculture energy and water,10,9,1
S01007100,C. Manufacturing,14,7,7
S01007100,F. Construction,6,6,0
S01007100,G I. Distribution hotels and restaurants,32,13,19
S01007100,H J. Transport and communication,19,5,14
S01007100,K L M N. Financial real estate professional and administrative activities,16,6,10
S01007100,O P Q. Public administration education and health,38,3,35
S01007100,R S T U. Other,9,1,8
S01007100,Never worked,28,16,12
S01007101,All people aged 16 to 74 not in employment,218,78,140
S01007101,A B D E. Agriculture energy and water,10,9,1
S01007101,C. Manufacturing,30,14,16
S01007101,F. Construction,16,13,3
S01007101,G I. Distribution hotels and restaurants,46,21,25
S01007101,H J. Transport and communication,27,4,23
S01007101,K L M N. Financial real estate professional and administrative activities,15,5,10
S01007101,O P Q. Public administration education and health,38,3,35
S01007101,R S T U. Other,8,0,8
S01007101,Never worked,28,9,19
S01007102,All people aged 16 to 74 not in employment,186,82,104
S01007102,A B D E. Agriculture energy and water,11,8,3
S01007102,C. Manufacturing,20,10,10
S01007102,F. Construction,15,14,1
S01007102,G I. Distribution hotels and restaurants,35,21,14
S01007102,H J. Transport and communication,19,2,17
S01007102,K L M N. Financial real estate professional and administrative activities,12,5,7
S01007102,O P Q. Public administration education and health,42,9,33
S01007102,R S T U. Other,5,1,4
S01007102,Never worked,27,12,15
S01007103,All people aged 16 to 74 not in employment,189,76,113
S01007103,A B D E. Agriculture energy and water,18,18,0
S01007103,C. Manufacturing,36,15,21
S01007103,F. Construction,7,6,1
S01007103,G I. Distribution hotels and restaurants,42,16,26
S01007103,H J. Transport and communication,16,2,14
S01007103,K L M N. Financial real estate professional and administrative activities,8,2,6
S01007103,O P Q. Public administration education and health,32,6,26
S01007103,R S T U. Other,4,0,4
S01007103,Never worked,26,11,15
S01007104,All people aged 16 to 74 not in employment,137,56,81
S01007104,A B D E. Agriculture energy and water,14,8,6
S01007104,C. Manufacturing,19,12,7
S01007104,F. Construction,6,6,0
S01007104,G I. Distribution hotels and restaurants,28,8,20
S01007104,H J. Transport and communication,5,1,4
S01007104,K L M N. Financial real estate professional and administrative activities,16,9,7
S01007104,O P Q. Public administration education and health,28,3,25
S01007104,R S T U. Other,8,4,4
S01007104,Never worked,13,5,8
S01007105,All people aged 16 to 74 not in employment,138,49,89
S01007105,A B D E. Agriculture energy and water,15,13,2
S01007105,C. Manufacturing,29,13,16
S01007105,F. Construction,6,6,0
S01007105,G I. Distribution hotels and restaurants,31,4,27
S01007105,H J. Transport and communication,11,3,8
S01007105,K L M N. Financial real estate professional and administrative activities,7,3,4
S01007105,O P Q. Public administration education and health,20,4,16
S01007105,R S T U. Other,6,1,5
S01007105,Never worked,13,2,11
S01007106,All people aged 16 to 74 not in employment,217,90,127
S01007106,A B D E. Agriculture energy and water,24,19,5
S01007106,C. Manufacturing,40,18,22
S01007106,F. Construction,8,8,0
S01007106,G I. Distribution hotels and restaurants,46,17,29
S01007106,H J. Transport and communication,19,8,11
S01007106,K L M N. Financial real estate professional and administrative activities,14,7,7
S01007106,O P Q. Public administration education and health,36,5,31
S01007106,R S T U. Other,7,1,6
S01007106,Never worked,23,7,16
S01007107,All people aged 16 to 74 not in employment,147,50,97
S01007107,A B D E. Agriculture energy and water,11,6,5
S01007107,C. Manufacturing,9,3,6
S01007107,F. Construction,5,4,1
S01007107,G I. Distribution hotels and restaurants,21,8,13
S01007107,H J. Transport and communication,17,6,11
S01007107,K L M N. Financial real estate professional and administrative activities,14,6,8
S01007107,O P Q. Public administration education and health,42,9,33
S01007107,R S T U. Other,9,1,8
S01007107,Never worked,19,7,12
S01007108,All people aged 16 to 74 not in employment,132,56,76
S01007108,A B D E. Agriculture energy and water,15,13,2
S01007108,C. Manufacturing,22,11,11
S01007108,F. Construction,3,3,0
S01007108,G I. Distribution hotels and restaurants,18,6,12
S01007108,H J. Transport and communication,12,2,10
S01007108,K L M N. Financial real estate professional and administrative activities,11,4,7
S01007108,O P Q. Public administration education and health,35,10,25
S01007108,R S T U. Other,1,1,0
S01007108,Never worked,15,6,9
S01007109,All people aged 16 to 74 not in employment,238,93,145
S01007109,A B D E. Agriculture energy and water,5,4,1
S01007109,C. Manufacturing,54,24,30
S01007109,F. Construction,17,14,3
S01007109,G I. Distribution hotels and restaurants,54,22,32
S01007109,H J. Transport and communication,20,4,16
S01007109,K L M N. Financial real estate professional and administrative activities,15,8,7
S01007109,O P Q. Public administration education and health,39,4,35
S01007109,R S T U. Other,8,2,6
S01007109,Never worked,26,11,15
S01007110,All people aged 16 to 74 not in employment,189,69,120
S01007110,A B D E. Agriculture energy and water,11,9,2
S01007110,C. Manufacturing,40,15,25
S01007110,F. Construction,6,6,0
S01007110,G I. Distribution hotels and restaurants,40,12,28
S01007110,H J. Transport and communication,15,3,12
S01007110,K L M N. Financial real estate professional and administrative activities,13,6,7
S01007110,O P Q. Public administration education and health,33,8,25
S01007110,R S T U. Other,9,3,6
S01007110,Never worked,22,7,15
S01007111,All people aged 16 to 74 not in employment,144,58,86
S01007111,A B D E. Agriculture energy and water,7,7,0
S01007111,C. Manufacturing,30,14,16
S01007111,F. Construction,3,3,0
S01007111,G I. Distribution hotels and restaurants,34,13,21
S01007111,H J. Transport and communication,10,3,7
S01007111,K L M N. Financial real estate professional and administrative activities,9,4,5
S01007111,O P Q. Public administration education and health,25,3,22
S01007111,R S T U. Other,3,1,2
S01007111,Never worked,23,10,13
S01007112,All people aged 16 to 74 not in employment,150,58,92
S01007112,A B D E. Agriculture energy and water,12,10,2
S01007112,C. Manufacturing,37,14,23
S01007112,F. Construction,3,3,0
S01007112,G I. Distribution hotels and restaurants,37,14,23
S01007112,H J. Transport and communication,5,0,5
S01007112,K L M N. Financial real estate professional and administrative activities,10,3,7
S01007112,O P Q. Public administration education and health,20,4,16
S01007112,R S T U. Other,7,2,5
S01007112,Never worked,19,8,11
S01007113,All people aged 16 to 74 not in employment,145,63,82
S01007113,A B D E. Agriculture energy and water,6,2,4
S01007113,C. Manufacturing,27,16,11
S01007113,F. Construction,6,5,1
S01007113,G I. Distribution hotels and restaurants,23,12,11
S01007113,H J. Transport and communication,12,5,7
S01007113,K L M N. Financial real estate professional and administrative activities,8,5,3
S01007113,O P Q. Public administration education and health,42,10,32
S01007113,R S T U. Other,3,1,2
S01007113,Never worked,18,7,11
S01007114,All people aged 16 to 74 not in employment,205,82,123
S01007114,A B D E. Agriculture energy and water,9,9,0
S01007114,C. Manufacturing,30,16,14
S01007114,F. Construction,8,7,1
S01007114,G I. Distribution hotels and restaurants,43,8,35
S01007114,H J. Transport and communication,19,6,13
S01007114,K L M N. Financial real estate professional and administrative activities,17,8,9
S01007114,O P Q. Public administration education and health,49,14,35
S01007114,R S T U. Other,9,1,8
S01007114,Never worked,21,13,8
S01007115,All people aged 16 to 74 not in employment,180,74,106
S01007115,A B D E. Agriculture energy and water,14,14,0
S01007115,C. Manufacturing,32,9,23
S01007115,F. Construction,7,7,0
S01007115,G I. Distribution hotels and restaurants,38,11,27
S01007115,H J. Transport and communication,8,2,6
S01007115,K L M N. Financial real estate professional and administrative activities,8,5,3
S01007115,O P Q. Public administration education and health,35,11,24
S01007115,R S T U. Other,8,3,5
S01007115,Never worked,30,12,18
S01007116,All people aged 16 to 74 not in employment,185,66,119
S01007116,A B D E. Agriculture energy and water,14,12,2
S01007116,C. Manufacturing,27,12,15
S01007116,F. Construction,9,8,1
S01007116,G I. Distribution hotels and restaurants,40,9,31
S01007116,H J. Transport and communication,12,3,9
S01007116,K L M N. Financial real estate professional and administrative activities,15,4,11
S01007116,O P Q. Public administration education and health,26,1,25
S01007116,R S T U. Other,7,0,7
S01007116,Never worked,35,17,18
S01007117,All people aged 16 to 74 not in employment,118,43,75
S01007117,A B D E. Agriculture energy and water,11,11,0
S01007117,C. Manufacturing,24,11,13
S01007117,F. Construction,1,1,0
S01007117,G I. Distribution hotels and restaurants,22,6,16
S01007117,H J. Transport and communication,4,1,3
S01007117,K L M N. Financial real estate professional and administrative activities,6,1,5
S01007117,O P Q. Public administration education and health,32,6,26
S01007117,R S T U. Other,2,0,2
S01007117,Never worked,16,6,10
S01007118,All people aged 16 to 74 not in employment,182,73,109
S01007118,A B D E. Agriculture energy and water,5,4,1
S01007118,C. Manufacturing,45,17,28
S01007118,F. Construction,8,8,0
S01007118,G I. Distribution hotels and restaurants,29,6,23
S01007118,H J. Transport and communication,16,3,13
S01007118,K L M N. Financial real estate professional and administrative activities,11,6,5
S01007118,O P Q. Public administration education and health,33,7,26
S01007118,R S T U. Other,4,2,2
S01007118,Never worked,31,20,11
S01007119,All people aged 16 to 74 not in employment,231,94,137
S01007119,A B D E. Agriculture energy and water,26,20,6
S01007119,C. Manufacturing,62,28,34
S01007119,F. Construction,9,9,0
S01007119,G I. Distribution hotels and restaurants,37,9,28
S01007119,H J. Transport and communication,24,5,19
S01007119,K L M N. Financial real estate professional and administrative activities,13,5,8
S01007119,O P Q. Public administration education and health,28,5,23
S01007119,R S T U. Other,4,2,2
S01007119,Never worked,28,11,17
S01007120,All people aged 16 to 74 not in employment,323,128,195
S01007120,A B D E. Agriculture energy and water,29,25,4
S01007120,C. Manufacturing,84,38,46
S01007120,F. Construction,12,12,0
S01007120,G I. Distribution hotels and restaurants,54,16,38
S01007120,H J. Transport and communication,29,4,25
S01007120,K L M N. Financial real estate professional and administrative activities,15,9,6
S01007120,O P Q. Public administration education and health,48,11,37
S01007120,R S T U. Other,9,1,8
S01007120,Never worked,43,12,31
S01007121,All people aged 16 to 74 not in employment,145,71,74
S01007121,A B D E. Agriculture energy and water,15,9,6
S01007121,C. Manufacturing,30,19,11
S01007121,F. Construction,10,10,0
S01007121,G I. Distribution hotels and restaurants,30,11,19
S01007121,H J. Transport and communication,8,4,4
S01007121,K L M N. Financial real estate professional and administrative activities,10,3,7
S01007121,O P Q. Public administration education and health,20,3,17
S01007121,R S T U. Other,9,4,5
S01007121,Never worked,13,8,5
S01007122,All people aged 16 to 74 not in employment,154,61,93
S01007122,A B D E. Agriculture energy and water,13,10,3
S01007122,C. Manufacturing,27,11,16
S01007122,F. Construction,9,6,3
S01007122,G I. Distribution hotels and restaurants,43,16,27
S01007122,H J. Transport and communication,11,3,8
S01007122,K L M N. Financial real estate professional and administrative activities,3,1,2
S01007122,O P Q. Public administration education and health,26,7,19
S01007122,R S T U. Other,4,1,3
S01007122,Never worked,18,6,12
S01007123,All people aged 16 to 74 not in employment,158,64,94
S01007123,A B D E. Agriculture energy and water,16,14,2
S01007123,C. Manufacturing,41,16,25
S01007123,F. Construction,7,7,0
S01007123,G I. Distribution hotels and restaurants,23,5,18
S01007123,H J. Transport and communication,9,1,8
S01007123,K L M N. Financial real estate professional and administrative activities,3,1,2
S01007123,O P Q. Public administration education and health,28,3,25
S01007123,R S T U. Other,8,4,4
S01007123,Never worked,23,13,10
S01007124,All people aged 16 to 74 not in employment,193,64,129
S01007124,A B D E. Agriculture energy and water,17,11,6
S01007124,C. Manufacturing,51,20,31
S01007124,F. Construction,6,5,1
S01007124,G I. Distribution hotels and restaurants,38,9,29
S01007124,H J. Transport and communication,12,3,9
S01007124,K L M N. Financial real estate professional and administrative activities,10,2,8
S01007124,O P Q. Public administration education and health,35,2,33
S01007124,R S T U. Other,5,1,4
S01007124,Never worked,19,11,8
S01007125,All people aged 16 to 74 not in employment,240,95,145
S01007125,A B D E. Agriculture energy and water,19,17,2
S01007125,C. Manufacturing,55,25,30
S01007125,F. Construction,15,13,2
S01007125,G I. Distribution hotels and restaurants,43,8,35
S01007125,H J. Transport and communication,15,4,11
S01007125,K L M N. Financial real estate professional and administrative activities,15,7,8
S01007125,O P Q. Public administration education and health,33,6,27
S01007125,R S T U. Other,7,0,7
S01007125,Never worked,38,15,23
S01007126,All people aged 16 to 74 not in employment,274,120,154
S01007126,A B D E. Agriculture energy and water,19,17,2
S01007126,C. Manufacturing,83,39,44
S01007126,F. Construction,10,10,0
S01007126,G I. Distribution hotels and restaurants,31,16,15
S01007126,H J. Transport and communication,16,5,11
S01007126,K L M N. Financial real estate professional and administrative activities,13,4,9
S01007126,O P Q. Public administration education and health,31,5,26
S01007126,R S T U. Other,8,1,7
S01007126,Never worked,63,23,40
S01007127,All people aged 16 to 74 not in employment,241,114,127
S01007127,A B D E. Agriculture energy and water,22,20,2
S01007127,C. Manufacturing,70,33,37
S01007127,F. Construction,16,16,0
S01007127,G I. Distribution hotels and restaurants,37,18,19
S01007127,H J. Transport and communication,17,4,13
S01007127,K L M N. Financial real estate professional and administrative activities,13,5,8
S01007127,O P Q. Public administration education and health,26,3,23
S01007127,R S T U. Other,8,0,8
S01007127,Never worked,32,15,17
S01007128,All people aged 16 to 74 not in employment,263,104,159
S01007128,A B D E. Agriculture energy and water,19,14,5
S01007128,C. Manufacturing,74,27,47
S01007128,F. Construction,21,21,0
S01007128,G I. Distribution hotels and restaurants,45,18,27
S01007128,H J. Transport and communication,14,2,12
S01007128,K L M N. Financial real estate professional and administrative activities,13,8,5
S01007128,O P Q. Public administration education and health,48,5,43
S01007128,R S T U. Other,5,1,4
S01007128,Never worked,24,8,16
S01007129,All people aged 16 to 74 not in employment,195,79,116
S01007129,A B D E. Agriculture energy and water,8,6,2
S01007129,C. Manufacturing,17,9,8
S01007129,F. Construction,7,6,1
S01007129,G I. Distribution hotels and restaurants,24,8,16
S01007129,H J. Transport and communication,14,6,8
S01007129,K L M N. Financial real estate professional and administrative activities,20,11,9
S01007129,O P Q. Public administration education and health,75,21,54
S01007129,R S T U. Other,6,2,4
S01007129,Never worked,24,10,14
S01007130,All people aged 16 to 74 not in employment,144,64,80
S01007130,A B D E. Agriculture energy and water,4,3,1
S01007130,C. Manufacturing,15,9,6
S01007130,F. Construction,7,6,1
S01007130,G I. Distribution hotels and restaurants,18,10,8
S01007130,H J. Transport and communication,13,5,8
S01007130,K L M N. Financial real estate professional and administrative activities,19,6,13
S01007130,O P Q. Public administration education and health,50,14,36
S01007130,R S T U. Other,6,3,3
S01007130,Never worked,12,8,4
S01007131,All people aged 16 to 74 not in employment,175,72,103
S01007131,A B D E. Agriculture energy and water,3,1,2
S01007131,C. Manufacturing,20,8,12
S01007131,F. Construction,13,8,5
S01007131,G I. Distribution hotels and restaurants,24,12,12
S01007131,H J. Transport and communication,13,8,5
S01007131,K L M N. Financial real estate professional and administrative activities,17,10,7
S01007131,O P Q. Public administration education and health,61,15,46
S01007131,R S T U. Other,8,3,5
S01007131,Never worked,16,7,9
S01007132,All people aged 16 to 74 not in employment,155,65,90
S01007132,A B D E. Agriculture energy and water,2,1,1
S01007132,C. Manufacturing,14,5,9
S01007132,F. Construction,13,12,1
S01007132,G I. Distribution hotels and restaurants,31,12,19
S01007132,H J. Transport and communication,10,5,5
S01007132,K L M N. Financial real estate professional and administrative activities,9,3,6
S01007132,O P Q. Public administration education and health,57,17,40
S01007132,R S T U. Other,1,0,1
S01007132,Never worked,18,10,8
S01007133,All people aged 16 to 74 not in employment,144,64,80
S01007133,A B D E. Agriculture energy and water,11,6,5
S01007133,C. Manufacturing,13,8,5
S01007133,F. Construction,5,4,1
S01007133,G I. Distribution hotels and restaurants,14,6,8
S01007133,H J. Transport and communication,5,2,3
S01007133,K L M N. Financial real estate professional and administrative activities,18,6,12
S01007133,O P Q. Public administration education and health,42,11,31
S01007133,R S T U. Other,8,5,3
S01007133,Never worked,28,16,12
S01007134,All people aged 16 to 74 not in employment,151,69,82
S01007134,A B D E. Agriculture energy and water,5,4,1
S01007134,C. Manufacturing,18,14,4
S01007134,F. Construction,15,12,3
S01007134,G I. Distribution hotels and restaurants,22,13,9
S01007134,H J. Transport and communication,11,2,9
S01007134,K L M N. Financial real estate professional and administrative activities,20,3,17
S01007134,O P Q. Public administration education and health,37,9,28
S01007134,R S T U. Other,3,1,2
S01007134,Never worked,20,11,9
S01007135,All people aged 16 to 74 not in employment,114,49,65
S01007135,A B D E. Agriculture energy and water,2,2,0
S01007135,C. Manufacturing,10,6,4
S01007135,F. Construction,10,6,4
S01007135,G I. Distribution hotels and restaurants,13,5,8
S01007135,H J. Transport and communication,5,3,2
S01007135,K L M N. Financial real estate professional and administrative activities,9,1,8
S01007135,O P Q. Public administration education and health,47,14,33
S01007135,R S T U. Other,3,1,2
S01007135,Never worked,15,11,4
S01007136,All people aged 16 to 74 not in employment,104,48,56
S01007136,A B D E. Agriculture energy and water,7,2,5
S01007136,C. Manufacturing,9,6,3
S01007136,F. Construction,2,2,0
S01007136,G I. Distribution hotels and restaurants,11,6,5
S01007136,H J. Transport and communication,6,3,3
S01007136,K L M N. Financial real estate professional and administrative activities,10,2,8
S01007136,O P Q. Public administration education and health,30,11,19
S01007136,R S T U. Other,8,2,6
S01007136,Never worked,21,14,7
S01007137,All people aged 16 to 74 not in employment,96,40,56
S01007137,A B D E. Agriculture energy and water,4,3,1
S01007137,C. Manufacturing,9,3,6
S01007137,F. Construction,7,5,2
S01007137,G I. Distribution hotels and restaurants,16,7,9
S01007137,H J. Transport and communication,6,2,4
S01007137,K L M N. Financial real estate professional and administrative activities,4,2,2
S01007137,O P Q. Public administration education and health,24,3,21
S01007137,R S T U. Other,7,3,4
S01007137,Never worked,19,12,7
S01007138,All people aged 16 to 74 not in employment,123,54,69
S01007138,A B D E. Agriculture energy and water,3,2,1
S01007138,C. Manufacturing,15,7,8
S01007138,F. Construction,10,6,4
S01007138,G I. Distribution hotels and restaurants,17,8,9
S01007138,H J. Transport and communication,7,4,3
S01007138,K L M N. Financial real estate professional and administrative activities,7,3,4
S01007138,O P Q. Public administration education and health,40,11,29
S01007138,R S T U. Other,10,7,3
S01007138,Never worked,14,6,8
S01007139,All people aged 16 to 74 not in employment,184,81,103
S01007139,A B D E. Agriculture energy and water,9,5,4
S01007139,C. Manufacturing,23,15,8
S01007139,F. Construction,13,9,4
S01007139,G I. Distribution hotels and restaurants,43,19,24
S01007139,H J. Transport and communication,15,7,8
S01007139,K L M N. Financial real estate professional and administrative activities,13,4,9
S01007139,O P Q. Public administration education and health,39,10,29
S01007139,R S T U. Other,10,1,9
S01007139,Never worked,19,11,8
S01007140,All people aged 16 to 74 not in employment,287,122,165
S01007140,A B D E. Agriculture energy and water,19,12,7
S01007140,C. Manufacturing,16,9,7
S01007140,F. Construction,11,11,0
S01007140,G I. Distribution hotels and restaurants,56,28,28
S01007140,H J. Transport and communication,31,10,21
S01007140,K L M N. Financial real estate professional and administrative activities,26,10,16
S01007140,O P Q. Public administration education and health,82,22,60
S01007140,R S T U. Other,7,1,6
S01007140,Never worked,39,19,20
S01007141,All people aged 16 to 74 not in employment,149,66,83
S01007141,A B D E. Agriculture energy and water,7,5,2
S01007141,C. Manufacturing,14,9,5
S01007141,F. Construction,5,4,1
S01007141,G I. Distribution hotels and restaurants,28,11,17
S01007141,H J. Transport and communication,11,5,6
S01007141,K L M N. Financial real estate professional and administrative activities,12,5,7
S01007141,O P Q. Public administration education and health,45,10,35
S01007141,R S T U. Other,6,4,2
S01007141,Never worked,21,13,8
S01007142,All people aged 16 to 74 not in employment,98,53,45
S01007142,A B D E. Agriculture energy and water,3,3,0
S01007142,C. Manufacturing,8,6,2
S01007142,F. Construction,5,5,0
S01007142,G I. Distribution hotels and restaurants,12,8,4
S01007142,H J. Transport and communication,6,2,4
S01007142,K L M N. Financial real estate professional and administrative activities,2,1,1
S01007142,O P Q. Public administration education and health,19,3,16
S01007142,R S T U. Other,0,0,0
S01007142,Never worked,43,25,18
S01007143,All people aged 16 to 74 not in employment,63,21,42
S01007143,A B D E. Agriculture energy and water,4,2,2
S01007143,C. Manufacturing,5,3,2
S01007143,F. Construction,2,2,0
S01007143,G I. Distribution hotels and restaurants,8,4,4
S01007143,H J. Transport and communication,4,3,1
S01007143,K L M N. Financial real estate professional and administrative activities,6,1,5
S01007143,O P Q. Public administration education and health,23,4,19
S01007143,R S T U. Other,1,0,1
S01007143,Never worked,10,2,8
S01007144,All people aged 16 to 74 not in employment,200,89,111
S01007144,A B D E. Agriculture energy and water,12,9,3
S01007144,C. Manufacturing,23,16,7
S01007144,F. Construction,14,12,2
S01007144,G I. Distribution hotels and restaurants,39,22,17
S01007144,H J. Transport and communication,17,6,11
S01007144,K L M N. Financial real estate professional and administrative activities,15,4,11
S01007144,O P Q. Public administration education and health,48,12,36
S01007144,R S T U. Other,9,1,8
S01007144,Never worked,23,7,16
S01007145,All people aged 16 to 74 not in employment,243,102,141
S01007145,A B D E. Agriculture energy and water,7,5,2
S01007145,C. Manufacturing,23,15,8
S01007145,F. Construction,13,12,1
S01007145,G I. Distribution hotels and restaurants,36,21,15
S01007145,H J. Transport and communication,16,5,11
S01007145,K L M N. Financial real estate professional and administrative activities,26,8,18
S01007145,O P Q. Public administration education and health,93,25,68
S01007145,R S T U. Other,6,1,5
S01007145,Never worked,23,10,13
S01007146,All people aged 16 to 74 not in employment,188,84,104
S01007146,A B D E. Agriculture energy and water,2,2,0
S01007146,C. Manufacturing,21,16,5
S01007146,F. Construction,10,10,0
S01007146,G I. Distribution hotels and restaurants,29,10,19
S01007146,H J. Transport and communication,16,6,10
S01007146,K L M N. Financial real estate professional and administrative activities,17,8,9
S01007146,O P Q. Public administration education and health,68,18,50
S01007146,R S T U. Other,5,3,2
S01007146,Never worked,20,11,9
S01007147,All people aged 16 to 74 not in employment,190,83,107
S01007147,A B D E. Agriculture energy and water,3,2,1
S01007147,C. Manufacturing,19,14,5
S01007147,F. Construction,5,5,0
S01007147,G I. Distribution hotels and restaurants,22,8,14
S01007147,H J. Transport and communication,13,7,6
S01007147,K L M N. Financial real estate professional and administrative activities,21,10,11
S01007147,O P Q. Public administration education and health,75,19,56
S01007147,R S T U. Other,10,4,6
S01007147,Never worked,22,14,8
S01007148,All people aged 16 to 74 not in employment,142,73,69
S01007148,A B D E. Agriculture energy and water,3,2,1
S01007148,C. Manufacturing,18,14,4
S01007148,F. Construction,4,3,1
S01007148,G I. Distribution hotels and restaurants,20,8,12
S01007148,H J. Transport and communication,17,9,8
S01007148,K L M N. Financial real estate professional and administrative activities,18,9,9
S01007148,O P Q. Public administration education and health,41,14,27
S01007148,R S T U. Other,1,0,1
S01007148,Never worked,20,14,6
S01007149,All people aged 16 to 74 not in employment,169,72,97
S01007149,A B D E. Agriculture energy and water,3,2,1
S01007149,C. Manufacturing,19,13,6
S01007149,F. Construction,8,7,1
S01007149,G I. Distribution hotels and restaurants,22,9,13
S01007149,H J. Transport and communication,11,4,7
S01007149,K L M N. Financial real estate professional and administrative activities,24,15,9
S01007149,O P Q. Public administration education and health,66,18,48
S01007149,R S T U. Other,6,1,5
S01007149,Never worked,10,3,7
S01007150,All people aged 16 to 74 not in employment,220,92,128
S01007150,A B D E. Agriculture energy and water,3,2,1
S01007150,C. Manufacturing,23,18,5
S01007150,F. Construction,6,3,3
S01007150,G I. Distribution hotels and restaurants,33,10,23
S01007150,H J. Transport and communication,14,8,6
S01007150,K L M N. Financial real estate professional and administrative activities,28,16,12
S01007150,O P Q. Public administration education and health,88,23,65
S01007150,R S T U. Other,5,2,3
S01007150,Never worked,20,10,10
S01007151,All people aged 16 to 74 not in employment,198,87,111
S01007151,A B D E. Agriculture energy and water,5,3,2
S01007151,C. Manufacturing,18,13,5
S01007151,F. Construction,8,6,2
S01007151,G I. Distribution hotels and restaurants,32,14,18
S01007151,H J. Transport and communication,10,8,2
S01007151,K L M N. Financial real estate professional and administrative activities,26,6,20
S01007151,O P Q. Public administration education and health,55,15,40
S01007151,R S T U. Other,9,3,6
S01007151,Never worked,35,19,16
S01007152,All people aged 16 to 74 not in employment,144,66,78
S01007152,A B D E. Agriculture energy and water,1,1,0
S01007152,C. Manufacturing,13,10,3
S01007152,F. Construction,16,13,3
S01007152,G I. Distribution hotels and restaurants,21,4,17
S01007152,H J. Transport and communication,13,7,6
S01007152,K L M N. Financial real estate professional and administrative activities,10,6,4
S01007152,O P Q. Public administration education and health,50,17,33
S01007152,R S T U. Other,6,1,5
S01007152,Never worked,14,7,7
S01007153,All people aged 16 to 74 not in employment,163,77,86
S01007153,A B D E. Agriculture energy and water,3,3,0
S01007153,C. Manufacturing,21,15,6
S01007153,F. Construction,6,5,1
S01007153,G I. Distribution hotels and restaurants,22,12,10
S01007153,H J. Transport and communication,14,5,9
S01007153,K L M N. Financial real estate professional and administrative activities,14,6,8
S01007153,O P Q. Public administration education and health,62,21,41
S01007153,R S T U. Other,7,2,5
S01007153,Never worked,14,8,6
S01007154,All people aged 16 to 74 not in employment,185,83,102
S01007154,A B D E. Agriculture energy and water,4,4,0
S01007154,C. Manufacturing,22,13,9
S01007154,F. Construction,8,7,1
S01007154,G I. Distribution hotels and restaurants,26,10,16
S01007154,H J. Transport and communication,18,8,10
S01007154,K L M N. Financial real estate professional and administrative activities,21,8,13
S01007154,O P Q. Public administration education and health,65,22,43
S01007154,R S T U. Other,5,3,2
S01007154,Never worked,16,8,8
S01007155,All people aged 16 to 74 not in employment,156,59,97
S01007155,A B D E. Agriculture energy and water,6,4,2
S01007155,C. Manufacturing,12,8,4
S01007155,F. Construction,4,4,0
S01007155,G I. Distribution hotels and restaurants,26,11,15
S01007155,H J. Transport and communication,11,5,6
S01007155,K L M N. Financial real estate professional and administrative activities,15,5,10
S01007155,O P Q. Public administration education and health,58,13,45
S01007155,R S T U. Other,9,2,7
S01007155,Never worked,15,7,8
S01007156,All people aged 16 to 74 not in employment,191,74,117
S01007156,A B D E. Agriculture energy and water,3,1,2
S01007156,C. Manufacturing,27,13,14
S01007156,F. Construction,12,12,0
S01007156,G I. Distribution hotels and restaurants,34,10,24
S01007156,H J. Transport and communication,19,7,12
S01007156,K L M N. Financial real estate professional and administrative activities,12,3,9
S01007156,O P Q. Public administration education and health,47,13,34
S01007156,R S T U. Other,10,1,9
S01007156,Never worked,27,14,13
S01007157,All people aged 16 to 74 not in employment,130,56,74
S01007157,A B D E. Agriculture energy and water,3,3,0
S01007157,C. Manufacturing,10,7,3
S01007157,F. Construction,6,6,0
S01007157,G I. Distribution hotels and restaurants,28,13,15
S01007157,H J. Transport and communication,14,3,11
S01007157,K L M N. Financial real estate professional and administrative activities,9,2,7
S01007157,O P Q. Public administration education and health,33,12,21
S01007157,R S T U. Other,10,2,8
S01007157,Never worked,17,8,9
S01007158,All people aged 16 to 74 not in employment,195,85,110
S01007158,A B D E. Agriculture energy and water,2,2,0
S01007158,C. Manufacturing,17,11,6
S01007158,F. Construction,18,18,0
S01007158,G I. Distribution hotels and restaurants,37,12,25
S01007158,H J. Transport and communication,14,3,11
S01007158,K L M N. Financial real estate professional and administrative activities,21,9,12
S01007158,O P Q. Public administration education and health,51,13,38
S01007158,R S T U. Other,10,6,4
S01007158,Never worked,25,11,14
S01007159,All people aged 16 to 74 not in employment,225,93,132
S01007159,A B D E. Agriculture energy and water,10,7,3
S01007159,C. Manufacturing,22,10,12
S01007159,F. Construction,11,11,0
S01007159,G I. Distribution hotels and restaurants,38,15,23
S01007159,H J. Transport and communication,25,9,16
S01007159,K L M N. Financial real estate professional and administrative activities,26,12,14
S01007159,O P Q. Public administration education and health,58,13,45
S01007159,R S T U. Other,12,5,7
S01007159,Never worked,23,11,12
S01007160,All people aged 16 to 74 not in employment,261,108,153
S01007160,A B D E. Agriculture energy and water,11,6,5
S01007160,C. Manufacturing,39,24,15
S01007160,F. Construction,18,14,4
S01007160,G I. Distribution hotels and restaurants,41,16,25
S01007160,H J. Transport and communication,14,3,11
S01007160,K L M N. Financial real estate professional and administrative activities,23,8,15
S01007160,O P Q. Public administration education and health,61,8,53
S01007160,R S T U. Other,12,5,7
S01007160,Never worked,42,24,18
S01007161,All people aged 16 to 74 not in employment,197,84,113
S01007161,A B D E. Agriculture energy and water,9,6,3
S01007161,C. Manufacturing,13,8,5
S01007161,F. Construction,15,12,3
S01007161,G I. Distribution hotels and restaurants,30,12,18
S01007161,H J. Transport and communication,18,9,9
S01007161,K L M N. Financial real estate professional and administrative activities,21,10,11
S01007161,O P Q. Public administration education and health,50,9,41
S01007161,R S T U. Other,7,3,4
S01007161,Never worked,34,15,19
S01007162,All people aged 16 to 74 not in employment,128,54,74
S01007162,A B D E. Agriculture energy and water,4,4,0
S01007162,C. Manufacturing,14,6,8
S01007162,F. Construction,6,6,0
S01007162,G I. Distribution hotels and restaurants,20,10,10
S01007162,H J. Transport and communication,12,4,8
S01007162,K L M N. Financial real estate professional and administrative activities,23,11,12
S01007162,O P Q. Public administration education and health,33,7,26
S01007162,R S T U. Other,5,2,3
S01007162,Never worked,11,4,7
S01007163,All people aged 16 to 74 not in employment,254,114,140
S01007163,A B D E. Agriculture energy and water,12,9,3
S01007163,C. Manufacturing,29,16,13
S01007163,F. Construction,15,12,3
S01007163,G I. Distribution hotels and restaurants,45,13,32
S01007163,H J. Transport and communication,23,18,5
S01007163,K L M N. Financial real estate professional and administrative activities,21,12,9
S01007163,O P Q. Public administration education and health,67,17,50
S01007163,R S T U. Other,14,6,8
S01007163,Never worked,28,11,17
S01007164,All people aged 16 to 74 not in employment,159,76,83
S01007164,A B D E. Agriculture energy and water,4,4,0
S01007164,C. Manufacturing,15,10,5
S01007164,F. Construction,9,7,2
S01007164,G I. Distribution hotels and restaurants,26,9,17
S01007164,H J. Transport and communication,13,6,7
S01007164,K L M N. Financial real estate professional and administrative activities,13,6,7
S01007164,O P Q. Public administration education and health,43,16,27
S01007164,R S T U. Other,12,5,7
S01007164,Never worked,24,13,11
S01007165,All people aged 16 to 74 not in employment,194,78,116
S01007165,A B D E. Agriculture energy and water,6,4,2
S01007165,C. Manufacturing,18,10,8
S01007165,F. Construction,11,11,0
S01007165,G I. Distribution hotels and restaurants,28,11,17
S01007165,H J. Transport and communication,14,5,9
S01007165,K L M N. Financial real estate professional and administrative activities,19,5,14
S01007165,O P Q. Public administration education and health,64,17,47
S01007165,R S T U. Other,7,1,6
S01007165,Never worked,27,14,13
S01007166,All people aged 16 to 74 not in employment,184,76,108
S01007166,A B D E. Agriculture energy and water,7,4,3
S01007166,C. Manufacturing,20,9,11
S01007166,F. Construction,8,8,0
S01007166,G I. Distribution hotels and restaurants,33,10,23
S01007166,H J. Transport and communication,19,8,11
S01007166,K L M N. Financial real estate professional and administrative activities,21,10,11
S01007166,O P Q. Public administration education and health,54,16,38
S01007166,R S T U. Other,6,3,3
S01007166,Never worked,16,8,8
S01007167,All people aged 16 to 74 not in employment,216,91,125
S01007167,A B D E. Agriculture energy and water,7,6,1
S01007167,C. Manufacturing,20,13,7
S01007167,F. Construction,14,8,6
S01007167,G I. Distribution hotels and restaurants,33,10,23
S01007167,H J. Transport and communication,11,7,4
S01007167,K L M N. Financial real estate professional and administrative activities,27,13,14
S01007167,O P Q. Public administration education and health,73,22,51
S01007167,R S T U. Other,9,1,8
S01007167,Never worked,22,11,11
S01007168,All people aged 16 to 74 not in employment,246,99,147
S01007168,A B D E. Agriculture energy and water,7,5,2
S01007168,C. Manufacturing,31,18,13
S01007168,F. Construction,11,10,1
S01007168,G I. Distribution hotels and restaurants,42,11,31
S01007168,H J. Transport and communication,23,12,11
S01007168,K L M N. Financial real estate professional and administrative activities,21,10,11
S01007168,O P Q. Public administration education and health,75,23,52
S01007168,R S T U. Other,11,3,8
S01007168,Never worked,25,7,18
S01007169,All people aged 16 to 74 not in employment,184,77,107
S01007169,A B D E. Agriculture energy and water,5,4,1
S01007169,C. Manufacturing,20,10,10
S01007169,F. Construction,12,11,1
S01007169,G I. Distribution hotels and restaurants,29,7,22
S01007169,H J. Transport and communication,11,4,7
S01007169,K L M N. Financial real estate professional and administrative activities,14,6,8
S01007169,O P Q. Public administration education and health,49,13,36
S01007169,R S T U. Other,7,3,4
S01007169,Never worked,37,19,18
S01007170,All people aged 16 to 74 not in employment,162,79,83
S01007170,A B D E. Agriculture energy and water,10,6,4
S01007170,C. Manufacturing,14,10,4
S01007170,F. Construction,17,12,5
S01007170,G I. Distribution hotels and restaurants,16,10,6
S01007170,H J. Transport and communication,12,6,6
S01007170,K L M N. Financial real estate professional and administrative activities,13,7,6
S01007170,O P Q. Public administration education and health,51,16,35
S01007170,R S T U. Other,9,4,5
S01007170,Never worked,20,8,12
S01007171,All people aged 16 to 74 not in employment,173,76,97
S01007171,A B D E. Agriculture energy and water,20,9,11
S01007171,C. Manufacturing,27,18,9
S01007171,F. Construction,13,11,2
S01007171,G I. Distribution hotels and restaurants,28,10,18
S01007171,H J. Transport and communication,9,5,4
S01007171,K L M N. Financial real estate professional and administrative activities,21,6,15
S01007171,O P Q. Public administration education and health,28,7,21
S01007171,R S T U. Other,4,1,3
S01007171,Never worked,23,9,14
S01007172,All people aged 16 to 74 not in employment,259,107,152
S01007172,A B D E. Agriculture energy and water,19,10,9
S01007172,C. Manufacturing,31,16,15
S01007172,F. Construction,16,12,4
S01007172,G I. Distribution hotels and restaurants,33,14,19
S01007172,H J. Transport and communication,18,5,13
S01007172,K L M N. Financial real estate professional and administrative activities,29,13,16
S01007172,O P Q. Public administration education and health,70,19,51
S01007172,R S T U. Other,11,4,7
S01007172,Never worked,32,14,18
S01007173,All people aged 16 to 74 not in employment,159,64,95
S01007173,A B D E. Agriculture energy and water,6,4,2
S01007173,C. Manufacturing,15,9,6
S01007173,F. Construction,7,4,3
S01007173,G I. Distribution hotels and restaurants,32,8,24
S01007173,H J. Transport and communication,15,6,9
S01007173,K L M N. Financial real estate professional and administrative activities,6,2,4
S01007173,O P Q. Public administration education and health,43,11,32
S01007173,R S T U. Other,6,1,5
S01007173,Never worked,29,19,10
S01007174,All people aged 16 to 74 not in employment,186,77,109
S01007174,A B D E. Agriculture energy and water,11,7,4
S01007174,C. Manufacturing,19,10,9
S01007174,F. Construction,14,12,2
S01007174,G I. Distribution hotels and restaurants,37,14,23
S01007174,H J. Transport and communication,14,5,9
S01007174,K L M N. Financial real estate professional and administrative activities,10,5,5
S01007174,O P Q. Public administration education and health,32,4,28
S01007174,R S T U. Other,4,0,4
S01007174,Never worked,45,20,25
S01007175,All people aged 16 to 74 not in employment,170,66,104
S01007175,A B D E. Agriculture energy and water,5,2,3
S01007175,C. Manufacturing,23,11,12
S01007175,F. Construction,9,9,0
S01007175,G I. Distribution hotels and restaurants,41,19,22
S01007175,H J. Transport and communication,7,2,5
S01007175,K L M N. Financial real estate professional and administrative activities,16,5,11
S01007175,O P Q. Public administration education and health,37,8,29
S01007175,R S T U. Other,13,4,9
S01007175,Never worked,19,6,13
S01007176,All people aged 16 to 74 not in employment,182,74,108
S01007176,A B D E. Agriculture energy and water,7,6,1
S01007176,C. Manufacturing,26,17,9
S01007176,F. Construction,14,11,3
S01007176,G I. Distribution hotels and restaurants,32,8,24
S01007176,H J. Transport and communication,24,5,19
S01007176,K L M N. Financial real estate professional and administrative activities,11,3,8
S01007176,O P Q. Public administration education and health,45,12,33
S01007176,R S T U. Other,4,0,4
S01007176,Never worked,19,12,7
S01007177,All people aged 16 to 74 not in employment,206,91,115
S01007177,A B D E. Agriculture energy and water,11,9,2
S01007177,C. Manufacturing,33,20,13
S01007177,F. Construction,15,14,1
S01007177,G I. Distribution hotels and restaurants,33,12,21
S01007177,H J. Transport and communication,24,10,14
S01007177,K L M N. Financial real estate professional and administrative activities,17,4,13
S01007177,O P Q. Public administration education and health,39,11,28
S01007177,R S T U. Other,5,1,4
S01007177,Never worked,29,10,19
S01007178,All people aged 16 to 74 not in employment,316,142,174
S01007178,A B D E. Agriculture energy and water,10,6,4
S01007178,C. Manufacturing,53,28,25
S01007178,F. Construction,30,28,2
S01007178,G I. Distribution hotels and restaurants,57,24,33
S01007178,H J. Transport and communication,27,8,19
S01007178,K L M N. Financial real estate professional and administrative activities,22,9,13
S01007178,O P Q. Public administration education and health,52,8,44
S01007178,R S T U. Other,9,4,5
S01007178,Never worked,56,27,29
S01007179,All people aged 16 to 74 not in employment,266,107,159
S01007179,A B D E. Agriculture energy and water,10,6,4
S01007179,C. Manufacturing,39,27,12
S01007179,F. Construction,11,4,7
S01007179,G I. Distribution hotels and restaurants,54,22,32
S01007179,H J. Transport and communication,15,3,12
S01007179,K L M N. Financial real estate professional and administrative activities,28,12,16
S01007179,O P Q. Public administration education and health,68,16,52
S01007179,R S T U. Other,15,7,8
S01007179,Never worked,26,10,16
S01007180,All people aged 16 to 74 not in employment,212,91,121
S01007180,A B D E. Agriculture energy and water,7,6,1
S01007180,C. Manufacturing,34,21,13
S01007180,F. Construction,17,13,4
S01007180,G I. Distribution hotels and restaurants,39,13,26
S01007180,H J. Transport and communication,13,3,10
S01007180,K L M N. Financial real estate professional and administrative activities,27,9,18
S01007180,O P Q. Public administration education and health,52,10,42
S01007180,R S T U. Other,2,2,0
S01007180,Never worked,21,14,7
S01007181,All people aged 16 to 74 not in employment,258,116,142
S01007181,A B D E. Agriculture energy and water,12,8,4
S01007181,C. Manufacturing,15,7,8
S01007181,F. Construction,17,14,3
S01007181,G I. Distribution hotels and restaurants,33,13,20
S01007181,H J. Transport and communication,14,9,5
S01007181,K L M N. Financial real estate professional and administrative activities,24,8,16
S01007181,O P Q. Public administration education and health,69,23,46
S01007181,R S T U. Other,17,4,13
S01007181,Never worked,57,30,27
S01007182,All people aged 16 to 74 not in employment,284,111,173
S01007182,A B D E. Agriculture energy and water,9,7,2
S01007182,C. Manufacturing,33,16,17
S01007182,F. Construction,15,13,2
S01007182,G I. Distribution hotels and restaurants,43,18,25
S01007182,H J. Transport and communication,25,9,16
S01007182,K L M N. Financial real estate professional and administrative activities,27,10,17
S01007182,O P Q. Public administration education and health,84,22,62
S01007182,R S T U. Other,13,3,10
S01007182,Never worked,35,13,22
S01007183,All people aged 16 to 74 not in employment,300,122,178
S01007183,A B D E. Agriculture energy and water,10,6,4
S01007183,C. Manufacturing,36,19,17
S01007183,F. Construction,23,21,2
S01007183,G I. Distribution hotels and restaurants,50,18,32
S01007183,H J. Transport and communication,27,9,18
S01007183,K L M N. Financial real estate professional and administrative activities,24,9,15
S01007183,O P Q. Public administration education and health,77,18,59
S01007183,R S T U. Other,18,5,13
S01007183,Never worked,35,17,18
S01007184,All people aged 16 to 74 not in employment,325,155,170
S01007184,A B D E. Agriculture energy and water,9,7,2
S01007184,C. Manufacturing,38,18,20
S01007184,F. Construction,35,32,3
S01007184,G I. Distribution hotels and restaurants,50,23,27
S01007184,H J. Transport and communication,29,11,18
S01007184,K L M N. Financial real estate professional and administrative activities,34,26,8
S01007184,O P Q. Public administration education and health,70,14,56
S01007184,R S T U. Other,20,8,12
S01007184,Never worked,40,16,24
S01007185,All people aged 16 to 74 not in employment,263,115,148
S01007185,A B D E. Agriculture energy and water,9,9,0
S01007185,C. Manufacturing,37,22,15
S01007185,F. Construction,21,18,3
S01007185,G I. Distribution hotels and restaurants,40,18,22
S01007185,H J. Transport and communication,28,5,23
S01007185,K L M N. Financial real estate professional and administrative activities,20,7,13
S01007185,O P Q. Public administration education and health,41,12,29
S01007185,R S T U. Other,11,2,9
S01007185,Never worked,56,22,34
S01007186,All people aged 16 to 74 not in employment,207,96,111
S01007186,A B D E. Agriculture energy and water,15,14,1
S01007186,C. Manufacturing,26,13,13
S01007186,F. Construction,14,11,3
S01007186,G I. Distribution hotels and restaurants,28,7,21
S01007186,H J. Transport and communication,24,7,17
S01007186,K L M N. Financial real estate professional and administrative activities,18,6,12
S01007186,O P Q. Public administration education and health,28,8,20
S01007186,R S T U. Other,7,3,4
S01007186,Never worked,47,27,20
S01007187,All people aged 16 to 74 not in employment,247,122,125
S01007187,A B D E. Agriculture energy and water,7,4,3
S01007187,C. Manufacturing,48,29,19
S01007187,F. Construction,25,23,2
S01007187,G I. Distribution hotels and restaurants,38,19,19
S01007187,H J. Transport and communication,26,6,20
S01007187,K L M N. Financial real estate professional and administrative activities,17,9,8
S01007187,O P Q. Public administration education and health,44,14,30
S01007187,R S T U. Other,14,6,8
S01007187,Never worked,28,12,16
S01007188,All people aged 16 to 74 not in employment,152,75,77
S01007188,A B D E. Agriculture energy and water,5,5,0
S01007188,C. Manufacturing,25,14,11
S01007188,F. Construction,18,17,1
S01007188,G I. Distribution hotels and restaurants,22,8,14
S01007188,H J. Transport and communication,14,6,8
S01007188,K L M N. Financial real estate professional and administrative activities,7,3,4
S01007188,O P Q. Public administration education and health,34,5,29
S01007188,R S T U. Other,2,1,1
S01007188,Never worked,25,16,9
S01007189,All people aged 16 to 74 not in employment,230,105,125
S01007189,A B D E. Agriculture energy and water,11,7,4
S01007189,C. Manufacturing,30,18,12
S01007189,F. Construction,16,15,1
S01007189,G I. Distribution hotels and restaurants,43,17,26
S01007189,H J. Transport and communication,24,9,15
S01007189,K L M N. Financial real estate professional and administrative activities,19,8,11
S01007189,O P Q. Public administration education and health,41,11,30
S01007189,R S T U. Other,7,5,2
S01007189,Never worked,39,15,24
S01007190,All people aged 16 to 74 not in employment,249,112,137
S01007190,A B D E. Agriculture energy and water,17,13,4
S01007190,C. Manufacturing,35,19,16
S01007190,F. Construction,16,15,1
S01007190,G I. Distribution hotels and restaurants,59,24,35
S01007190,H J. Transport and communication,17,7,10
S01007190,K L M N. Financial real estate professional and administrative activities,18,2,16
S01007190,O P Q. Public administration education and health,43,11,32
S01007190,R S T U. Other,9,4,5
S01007190,Never worked,35,17,18
S01007191,All people aged 16 to 74 not in employment,155,73,82
S01007191,A B D E. Agriculture energy and water,7,6,1
S01007191,C. Manufacturing,22,12,10
S01007191,F. Construction,13,13,0
S01007191,G I. Distribution hotels and restaurants,30,7,23
S01007191,H J. Transport and communication,14,7,7
S01007191,K L M N. Financial real estate professional and administrative activities,12,4,8
S01007191,O P Q. Public administration education and health,25,4,21
S01007191,R S T U. Other,5,3,2
S01007191,Never worked,27,17,10
S01007192,All people aged 16 to 74 not in employment,182,81,101
S01007192,A B D E. Agriculture energy and water,9,8,1
S01007192,C. Manufacturing,23,12,11
S01007192,F. Construction,11,10,1
S01007192,G I. Distribution hotels and restaurants,35,13,22
S01007192,H J. Transport and communication,17,2,15
S01007192,K L M N. Financial real estate professional and administrative activities,7,2,5
S01007192,O P Q. Public administration education and health,31,10,21
S01007192,R S T U. Other,8,2,6
S01007192,Never worked,41,22,19
S01007193,All people aged 16 to 74 not in employment,221,94,127
S01007193,A B D E. Agriculture energy and water,8,6,2
S01007193,C. Manufacturing,34,12,22
S01007193,F. Construction,32,31,1
S01007193,G I. Distribution hotels and restaurants,34,11,23
S01007193,H J. Transport and communication,23,4,19
S01007193,K L M N. Financial real estate professional and administrative activities,8,3,5
S01007193,O P Q. Public administration education and health,38,6,32
S01007193,R S T U. Other,5,1,4
S01007193,Never worked,39,20,19
S01007194,All people aged 16 to 74 not in employment,209,94,115
S01007194,A B D E. Agriculture energy and water,10,6,4
S01007194,C. Manufacturing,31,19,12
S01007194,F. Construction,15,15,0
S01007194,G I. Distribution hotels and restaurants,33,12,21
S01007194,H J. Transport and communication,20,4,16
S01007194,K L M N. Financial real estate professional and administrative activities,18,7,11
S01007194,O P Q. Public administration education and health,35,8,27
S01007194,R S T U. Other,3,3,0
S01007194,Never worked,44,20,24
S01007195,All people aged 16 to 74 not in employment,180,82,98
S01007195,A B D E. Agriculture energy and water,11,6,5
S01007195,C. Manufacturing,21,11,10
S01007195,F. Construction,14,13,1
S01007195,G I. Distribution hotels and restaurants,27,10,17
S01007195,H J. Transport and communication,17,6,11
S01007195,K L M N. Financial real estate professional and administrative activities,16,10,6
S01007195,O P Q. Public administration education and health,33,5,28
S01007195,R S T U. Other,5,3,2
S01007195,Never worked,36,18,18
S01007196,All people aged 16 to 74 not in employment,207,78,129
S01007196,A B D E. Agriculture energy and water,8,8,0
S01007196,C. Manufacturing,28,12,16
S01007196,F. Construction,13,13,0
S01007196,G I. Distribution hotels and restaurants,40,10,30
S01007196,H J. Transport and communication,20,3,17
S01007196,K L M N. Financial real estate professional and administrative activities,16,7,9
S01007196,O P Q. Public administration education and health,44,10,34
S01007196,R S T U. Other,6,1,5
S01007196,Never worked,32,14,18
S01007197,All people aged 16 to 74 not in employment,202,86,116
S01007197,A B D E. Agriculture energy and water,7,3,4
S01007197,C. Manufacturing,26,11,15
S01007197,F. Construction,14,13,1
S01007197,G I. Distribution hotels and restaurants,47,21,26
S01007197,H J. Transport and communication,23,11,12
S01007197,K L M N. Financial real estate professional and administrative activities,17,8,9
S01007197,O P Q. Public administration education and health,20,2,18
S01007197,R S T U. Other,10,2,8
S01007197,Never worked,38,15,23
S01007198,All people aged 16 to 74 not in employment,158,60,98
S01007198,A B D E. Agriculture energy and water,7,6,1
S01007198,C. Manufacturing,23,14,9
S01007198,F. Construction,6,6,0
S01007198,G I. Distribution hotels and restaurants,21,7,14
S01007198,H J. Transport and communication,11,1,10
S01007198,K L M N. Financial real estate professional and administrative activities,18,5,13
S01007198,O P Q. Public administration education and health,23,4,19
S01007198,R S T U. Other,11,4,7
S01007198,Never worked,38,13,25
S01007199,All people aged 16 to 74 not in employment,276,130,146
S01007199,A B D E. Agriculture energy and water,9,9,0
S01007199,C. Manufacturing,27,17,10
S01007199,F. Construction,17,17,0
S01007199,G I. Distribution hotels and restaurants,53,20,33
S01007199,H J. Transport and communication,27,9,18
S01007199,K L M N. Financial real estate professional and administrative activities,22,8,14
S01007199,O P Q. Public administration education and health,44,8,36
S01007199,R S T U. Other,5,4,1
S01007199,Never worked,72,38,34
S01007200,All people aged 16 to 74 not in employment,227,106,121
S01007200,A B D E. Agriculture energy and water,12,9,3
S01007200,C. Manufacturing,33,21,12
S01007200,F. Construction,22,20,2
S01007200,G I. Distribution hotels and restaurants,47,16,31
S01007200,H J. Transport and communication,17,7,10
S01007200,K L M N. Financial real estate professional and administrative activities,10,6,4
S01007200,O P Q. Public administration education and health,40,4,36
S01007200,R S T U. Other,8,1,7
S01007200,Never worked,38,22,16
S01007201,All people aged 16 to 74 not in employment,236,101,135
S01007201,A B D E. Agriculture energy and water,14,12,2
S01007201,C. Manufacturing,39,17,22
S01007201,F. Construction,16,16,0
S01007201,G I. Distribution hotels and restaurants,49,14,35
S01007201,H J. Transport and communication,19,4,15
S01007201,K L M N. Financial real estate professional and administrative activities,12,8,4
S01007201,O P Q. Public administration education and health,45,11,34
S01007201,R S T U. Other,9,3,6
S01007201,Never worked,33,16,17
S01007202,All people aged 16 to 74 not in employment,238,97,141
S01007202,A B D E. Agriculture energy and water,9,7,2
S01007202,C. Manufacturing,37,22,15
S01007202,F. Construction,17,15,2
S01007202,G I. Distribution hotels and restaurants,60,16,44
S01007202,H J. Transport and communication,8,2,6
S01007202,K L M N. Financial real estate professional and administrative activities,17,6,11
S01007202,O P Q. Public administration education and health,45,10,35
S01007202,R S T U. Other,12,2,10
S01007202,Never worked,33,17,16
S01007203,All people aged 16 to 74 not in employment,167,72,95
S01007203,A B D E. Agriculture energy and water,7,3,4
S01007203,C. Manufacturing,28,14,14
S01007203,F. Construction,19,18,1
S01007203,G I. Distribution hotels and restaurants,26,8,18
S01007203,H J. Transport and communication,15,2,13
S01007203,K L M N. Financial real estate professional and administrative activities,19,8,11
S01007203,O P Q. Public administration education and health,29,8,21
S01007203,R S T U. Other,6,2,4
S01007203,Never worked,18,9,9
S01007204,All people aged 16 to 74 not in employment,267,112,155
S01007204,A B D E. Agriculture energy and water,11,6,5
S01007204,C. Manufacturing,20,10,10
S01007204,F. Construction,14,11,3
S01007204,G I. Distribution hotels and restaurants,41,20,21
S01007204,H J. Transport and communication,18,6,12
S01007204,K L M N. Financial real estate professional and administrative activities,18,10,8
S01007204,O P Q. Public administration education and health,87,24,63
S01007204,R S T U. Other,10,5,5
S01007204,Never worked,48,20,28
S01007205,All people aged 16 to 74 not in employment,211,94,117
S01007205,A B D E. Agriculture energy and water,12,8,4
S01007205,C. Manufacturing,17,7,10
S01007205,F. Construction,7,6,1
S01007205,G I. Distribution hotels and restaurants,41,16,25
S01007205,H J. Transport and communication,19,5,14
S01007205,K L M N. Financial real estate professional and administrative activities,13,5,8
S01007205,O P Q. Public administration education and health,54,18,36
S01007205,R S T U. Other,8,5,3
S01007205,Never worked,40,24,16
S01007206,All people aged 16 to 74 not in employment,103,39,64
S01007206,A B D E. Agriculture energy and water,4,2,2
S01007206,C. Manufacturing,11,4,7
S01007206,F. Construction,13,12,1
S01007206,G I. Distribution hotels and restaurants,13,6,7
S01007206,H J. Transport and communication,3,0,3
S01007206,K L M N. Financial real estate professional and administrative activities,13,4,9
S01007206,O P Q. Public administration education and health,31,7,24
S01007206,R S T U. Other,4,0,4
S01007206,Never worked,11,4,7
S01007207,All people aged 16 to 74 not in employment,234,101,133
S01007207,A B D E. Agriculture energy and water,13,11,2
S01007207,C. Manufacturing,32,25,7
S01007207,F. Construction,18,18,0
S01007207,G I. Distribution hotels and restaurants,41,16,25
S01007207,H J. Transport and communication,18,5,13
S01007207,K L M N. Financial real estate professional and administrative activities,20,5,15
S01007207,O P Q. Public administration education and health,57,10,47
S01007207,R S T U. Other,10,4,6
S01007207,Never worked,25,7,18
S01007208,All people aged 16 to 74 not in employment,291,127,164
S01007208,A B D E. Agriculture energy and water,21,12,9
S01007208,C. Manufacturing,32,20,12
S01007208,F. Construction,20,20,0
S01007208,G I. Distribution hotels and restaurants,58,22,36
S01007208,H J. Transport and communication,31,9,22
S01007208,K L M N. Financial real estate professional and administrative activities,29,12,17
S01007208,O P Q. Public administration education and health,47,15,32
S01007208,R S T U. Other,18,2,16
S01007208,Never worked,35,15,20
S01007209,All people aged 16 to 74 not in employment,201,79,122
S01007209,A B D E. Agriculture energy and water,10,9,1
S01007209,C. Manufacturing,18,9,9
S01007209,F. Construction,8,8,0
S01007209,G I. Distribution hotels and restaurants,44,15,29
S01007209,H J. Transport and communication,14,5,9
S01007209,K L M N. Financial real estate professional and administrative activities,21,6,15
S01007209,O P Q. Public administration education and health,38,14,24
S01007209,R S T U. Other,9,0,9
S01007209,Never worked,39,13,26
S01007210,All people aged 16 to 74 not in employment,193,71,122
S01007210,A B D E. Agriculture energy and water,6,3,3
S01007210,C. Manufacturing,27,14,13
S01007210,F. Construction,14,14,0
S01007210,G I. Distribution hotels and restaurants,29,9,20
S01007210,H J. Transport and communication,31,8,23
S01007210,K L M N. Financial real estate professional and administrative activities,14,4,10
S01007210,O P Q. Public administration education and health,29,6,23
S01007210,R S T U. Other,6,0,6
S01007210,Never worked,37,13,24
S01007211,All people aged 16 to 74 not in employment,313,157,156
S01007211,A B D E. Agriculture energy and water,20,16,4
S01007211,C. Manufacturing,36,27,9
S01007211,F. Construction,22,20,2
S01007211,G I. Distribution hotels and restaurants,74,30,44
S01007211,H J. Transport and communication,27,8,19
S01007211,K L M N. Financial real estate professional and administrative activities,21,8,13
S01007211,O P Q. Public administration education and health,51,16,35
S01007211,R S T U. Other,14,5,9
S01007211,Never worked,48,27,21
S01007212,All people aged 16 to 74 not in employment,146,58,88
S01007212,A B D E. Agriculture energy and water,3,0,3
S01007212,C. Manufacturing,14,8,6
S01007212,F. Construction,7,7,0
S01007212,G I. Distribution hotels and restaurants,24,13,11
S01007212,H J. Transport and communication,18,1,17
S01007212,K L M N. Financial real estate professional and administrative activities,15,6,9
S01007212,O P Q. Public administration education and health,37,10,27
S01007212,R S T U. Other,7,3,4
S01007212,Never worked,21,10,11
S01007213,All people aged 16 to 74 not in employment,250,110,140
S01007213,A B D E. Agriculture energy and water,9,7,2
S01007213,C. Manufacturing,30,19,11
S01007213,F. Construction,12,9,3
S01007213,G I. Distribution hotels and restaurants,54,21,33
S01007213,H J. Transport and communication,22,11,11
S01007213,K L M N. Financial real estate professional and administrative activities,21,9,12
S01007213,O P Q. Public administration education and health,59,14,45
S01007213,R S T U. Other,14,3,11
S01007213,Never worked,29,17,12
S01007214,All people aged 16 to 74 not in employment,223,106,117
S01007214,A B D E. Agriculture energy and water,5,4,1
S01007214,C. Manufacturing,30,18,12
S01007214,F. Construction,20,20,0
S01007214,G I. Distribution hotels and restaurants,39,20,19
S01007214,H J. Transport and communication,13,7,6
S01007214,K L M N. Financial real estate professional and administrative activities,29,13,16
S01007214,O P Q. Public administration education and health,46,10,36
S01007214,R S T U. Other,10,1,9
S01007214,Never worked,31,13,18
S01007215,All people aged 16 to 74 not in employment,198,101,97
S01007215,A B D E. Agriculture energy and water,9,7,2
S01007215,C. Manufacturing,22,16,6
S01007215,F. Construction,13,12,1
S01007215,G I. Distribution hotels and restaurants,35,15,20
S01007215,H J. Transport and communication,17,10,7
S01007215,K L M N. Financial real estate professional and administrative activities,24,9,15
S01007215,O P Q. Public administration education and health,35,12,23
S01007215,R S T U. Other,12,4,8
S01007215,Never worked,31,16,15
S01007216,All people aged 16 to 74 not in employment,175,69,106
S01007216,A B D E. Agriculture energy and water,7,5,2
S01007216,C. Manufacturing,23,14,9
S01007216,F. Construction,6,5,1
S01007216,G I. Distribution hotels and restaurants,36,13,23
S01007216,H J. Transport and communication,9,3,6
S01007216,K L M N. Financial real estate professional and administrative activities,13,6,7
S01007216,O P Q. Public administration education and health,55,14,41
S01007216,R S T U. Other,3,1,2
S01007216,Never worked,23,8,15
S01007217,All people aged 16 to 74 not in employment,270,114,156
S01007217,A B D E. Agriculture energy and water,12,8,4
S01007217,C. Manufacturing,32,20,12
S01007217,F. Construction,13,12,1
S01007217,G I. Distribution hotels and restaurants,62,26,36
S01007217,H J. Transport and communication,24,7,17
S01007217,K L M N. Financial real estate professional and administrative activities,19,13,6
S01007217,O P Q. Public administration education and health,54,8,46
S01007217,R S T U. Other,9,2,7
S01007217,Never worked,45,18,27
S01007218,All people aged 16 to 74 not in employment,223,85,138
S01007218,A B D E. Agriculture energy and water,9,6,3
S01007218,C. Manufacturing,28,19,9
S01007218,F. Construction,8,6,2
S01007218,G I. Distribution hotels and restaurants,43,11,32
S01007218,H J. Transport and communication,12,4,8
S01007218,K L M N. Financial real estate professional and administrative activities,24,12,12
S01007218,O P Q. Public administration education and health,72,17,55
S01007218,R S T U. Other,8,2,6
S01007218,Never worked,19,8,11
S01007219,All people aged 16 to 74 not in employment,238,110,128
S01007219,A B D E. Agriculture energy and water,7,6,1
S01007219,C. Manufacturing,26,18,8
S01007219,F. Construction,23,20,3
S01007219,G I. Distribution hotels and restaurants,51,20,31
S01007219,H J. Transport and communication,18,7,11
S01007219,K L M N. Financial real estate professional and administrative activities,22,12,10
S01007219,O P Q. Public administration education and health,41,9,32
S01007219,R S T U. Other,15,1,14
S01007219,Never worked,35,17,18
S01007220,All people aged 16 to 74 not in employment,174,79,95
S01007220,A B D E. Agriculture energy and water,12,11,1
S01007220,C. Manufacturing,20,13,7
S01007220,F. Construction,6,6,0
S01007220,G I. Distribution hotels and restaurants,37,17,20
S01007220,H J. Transport and communication,12,6,6
S01007220,K L M N. Financial real estate professional and administrative activities,13,5,8
S01007220,O P Q. Public administration education and health,32,4,28
S01007220,R S T U. Other,9,2,7
S01007220,Never worked,33,15,18
S01007221,All people aged 16 to 74 not in employment,163,59,104
S01007221,A B D E. Agriculture energy and water,7,4,3
S01007221,C. Manufacturing,18,8,10
S01007221,F. Construction,9,8,1
S01007221,G I. Distribution hotels and restaurants,33,11,22
S01007221,H J. Transport and communication,8,3,5
S01007221,K L M N. Financial real estate professional and administrative activities,17,6,11
S01007221,O P Q. Public administration education and health,35,3,32
S01007221,R S T U. Other,13,5,8
S01007221,Never worked,23,11,12
S01007222,All people aged 16 to 74 not in employment,215,83,132
S01007222,A B D E. Agriculture energy and water,13,9,4
S01007222,C. Manufacturing,33,19,14
S01007222,F. Construction,12,8,4
S01007222,G I. Distribution hotels and restaurants,46,18,28
S01007222,H J. Transport and communication,14,1,13
S01007222,K L M N. Financial real estate professional and administrative activities,10,3,7
S01007222,O P Q. Public administration education and health,41,9,32
S01007222,R S T U. Other,9,2,7
S01007222,Never worked,37,14,23
S01007223,All people aged 16 to 74 not in employment,99,36,63
S01007223,A B D E. Agriculture energy and water,4,3,1
S01007223,C. Manufacturing,5,2,3
S01007223,F. Construction,5,2,3
S01007223,G I. Distribution hotels and restaurants,21,10,11
S01007223,H J. Transport and communication,6,2,4
S01007223,K L M N. Financial real estate professional and administrative activities,10,4,6
S01007223,O P Q. Public administration education and health,36,6,30
S01007223,R S T U. Other,2,1,1
S01007223,Never worked,10,6,4
S01007224,All people aged 16 to 74 not in employment,146,55,91
S01007224,A B D E. Agriculture energy and water,10,4,6
S01007224,C. Manufacturing,12,9,3
S01007224,F. Construction,8,4,4
S01007224,G I. Distribution hotels and restaurants,23,9,14
S01007224,H J. Transport and communication,4,0,4
S01007224,K L M N. Financial real estate professional and administrative activities,18,9,9
S01007224,O P Q. Public administration education and health,54,11,43
S01007224,R S T U. Other,7,4,3
S01007224,Never worked,10,5,5
S01007225,All people aged 16 to 74 not in employment,204,80,124
S01007225,A B D E. Agriculture energy and water,12,10,2
S01007225,C. Manufacturing,17,13,4
S01007225,F. Construction,10,8,2
S01007225,G I. Distribution hotels and restaurants,33,16,17
S01007225,H J. Transport and communication,18,3,15
S01007225,K L M N. Financial real estate professional and administrative activities,20,7,13
S01007225,O P Q. Public administration education and health,52,11,41
S01007225,R S T U. Other,12,3,9
S01007225,Never worked,30,9,21
S01007226,All people aged 16 to 74 not in employment,188,71,117
S01007226,A B D E. Agriculture energy and water,18,13,5
S01007226,C. Manufacturing,18,8,10
S01007226,F. Construction,6,6,0
S01007226,G I. Distribution hotels and restaurants,22,6,16
S01007226,H J. Transport and communication,13,2,11
S01007226,K L M N. Financial real estate professional and administrative activities,14,6,8
S01007226,O P Q. Public administration education and health,52,7,45
S01007226,R S T U. Other,8,5,3
S01007226,Never worked,37,18,19
S01007227,All people aged 16 to 74 not in employment,249,121,128
S01007227,A B D E. Agriculture energy and water,11,9,2
S01007227,C. Manufacturing,43,27,16
S01007227,F. Construction,19,17,2
S01007227,G I. Distribution hotels and restaurants,45,22,23
S01007227,H J. Transport and communication,13,6,7
S01007227,K L M N. Financial real estate professional and administrative activities,24,10,14
S01007227,O P Q. Public administration education and health,63,15,48
S01007227,R S T U. Other,8,3,5
S01007227,Never worked,23,12,11
S01007228,All people aged 16 to 74 not in employment,156,64,92
S01007228,A B D E. Agriculture energy and water,16,10,6
S01007228,C. Manufacturing,8,4,4
S01007228,F. Construction,10,7,3
S01007228,G I. Distribution hotels and restaurants,19,8,11
S01007228,H J. Transport and communication,13,5,8
S01007228,K L M N. Financial real estate professional and administrative activities,12,7,5
S01007228,O P Q. Public administration education and health,49,7,42
S01007228,R S T U. Other,5,4,1
S01007228,Never worked,24,12,12
S01007229,All people aged 16 to 74 not in employment,239,88,151
S01007229,A B D E. Agriculture energy and water,14,7,7
S01007229,C. Manufacturing,21,10,11
S01007229,F. Construction,13,9,4
S01007229,G I. Distribution hotels and restaurants,34,18,16
S01007229,H J. Transport and communication,23,4,19
S01007229,K L M N. Financial real estate professional and administrative activities,24,8,16
S01007229,O P Q. Public administration education and health,60,14,46
S01007229,R S T U. Other,6,1,5
S01007229,Never worked,44,17,27
S01007230,All people aged 16 to 74 not in employment,222,103,119
S01007230,A B D E. Agriculture energy and water,17,11,6
S01007230,C. Manufacturing,25,18,7
S01007230,F. Construction,15,14,1
S01007230,G I. Distribution hotels and restaurants,39,12,27
S01007230,H J. Transport and communication,16,3,13
S01007230,K L M N. Financial real estate professional and administrative activities,12,3,9
S01007230,O P Q. Public administration education and health,36,9,27
S01007230,R S T U. Other,7,7,0
S01007230,Never worked,55,26,29
S01007231,All people aged 16 to 74 not in employment,219,87,132
S01007231,A B D E. Agriculture energy and water,15,13,2
S01007231,C. Manufacturing,28,14,14
S01007231,F. Construction,7,5,2
S01007231,G I. Distribution hotels and restaurants,43,20,23
S01007231,H J. Transport and communication,29,9,20
S01007231,K L M N. Financial real estate professional and administrative activities,14,7,7
S01007231,O P Q. Public administration education and health,40,5,35
S01007231,R S T U. Other,5,2,3
S01007231,Never worked,38,12,26
S01007232,All people aged 16 to 74 not in employment,230,113,117
S01007232,A B D E. Agriculture energy and water,9,8,1
S01007232,C. Manufacturing,41,28,13
S01007232,F. Construction,13,12,1
S01007232,G I. Distribution hotels and restaurants,40,15,25
S01007232,H J. Transport and communication,25,13,12
S01007232,K L M N. Financial real estate professional and administrative activities,19,10,9
S01007232,O P Q. Public administration education and health,32,6,26
S01007232,R S T U. Other,6,4,2
S01007232,Never worked,45,17,28
S01007233,All people aged 16 to 74 not in employment,209,81,128
S01007233,A B D E. Agriculture energy and water,11,9,2
S01007233,C. Manufacturing,21,12,9
S01007233,F. Construction,10,10,0
S01007233,G I. Distribution hotels and restaurants,43,17,26
S01007233,H J. Transport and communication,18,3,15
S01007233,K L M N. Financial real estate professional and administrative activities,11,4,7
S01007233,O P Q. Public administration education and health,50,12,38
S01007233,R S T U. Other,9,1,8
S01007233,Never worked,36,13,23
S01007234,All people aged 16 to 74 not in employment,161,69,92
S01007234,A B D E. Agriculture energy and water,4,4,0
S01007234,C. Manufacturing,18,10,8
S01007234,F. Construction,16,14,2
S01007234,G I. Distribution hotels and restaurants,31,11,20
S01007234,H J. Transport and communication,15,3,12
S01007234,K L M N. Financial real estate professional and administrative activities,5,2,3
S01007234,O P Q. Public administration education and health,36,10,26
S01007234,R S T U. Other,5,2,3
S01007234,Never worked,31,13,18
S01007235,All people aged 16 to 74 not in employment,212,90,122
S01007235,A B D E. Agriculture energy and water,9,7,2
S01007235,C. Manufacturing,33,19,14
S01007235,F. Construction,17,15,2
S01007235,G I. Distribution hotels and restaurants,40,16,24
S01007235,H J. Transport and communication,15,6,9
S01007235,K L M N. Financial real estate professional and administrative activities,19,8,11
S01007235,O P Q. Public administration education and health,56,10,46
S01007235,R S T U. Other,6,2,4
S01007235,Never worked,17,7,10
S01007236,All people aged 16 to 74 not in employment,140,62,78
S01007236,A B D E. Agriculture energy and water,8,6,2
S01007236,C. Manufacturing,16,11,5
S01007236,F. Construction,5,5,0
S01007236,G I. Distribution hotels and restaurants,26,8,18
S01007236,H J. Transport and communication,18,4,14
S01007236,K L M N. Financial real estate professional and administrative activities,11,4,7
S01007236,O P Q. Public administration education and health,32,10,22
S01007236,R S T U. Other,4,1,3
S01007236,Never worked,20,13,7
S01007237,All people aged 16 to 74 not in employment,168,57,111
S01007237,A B D E. Agriculture energy and water,7,4,3
S01007237,C. Manufacturing,16,11,5
S01007237,F. Construction,5,4,1
S01007237,G I. Distribution hotels and restaurants,32,10,22
S01007237,H J. Transport and communication,11,1,10
S01007237,K L M N. Financial real estate professional and administrative activities,13,1,12
S01007237,O P Q. Public administration education and health,54,13,41
S01007237,R S T U. Other,9,3,6
S01007237,Never worked,21,10,11
S01007238,All people aged 16 to 74 not in employment,237,98,139
S01007238,A B D E. Agriculture energy and water,20,14,6
S01007238,C. Manufacturing,25,16,9
S01007238,F. Construction,15,13,2
S01007238,G I. Distribution hotels and restaurants,55,22,33
S01007238,H J. Transport and communication,13,6,7
S01007238,K L M N. Financial real estate professional and administrative activities,5,0,5
S01007238,O P Q. Public administration education and health,53,6,47
S01007238,R S T U. Other,20,6,14
S01007238,Never worked,31,15,16
S01007239,All people aged 16 to 74 not in employment,242,92,150
S01007239,A B D E. Agriculture energy and water,9,6,3
S01007239,C. Manufacturing,17,10,7
S01007239,F. Construction,12,10,2
S01007239,G I. Distribution hotels and restaurants,40,21,19
S01007239,H J. Transport and communication,13,3,10
S01007239,K L M N. Financial real estate professional and administrative activities,31,11,20
S01007239,O P Q. Public administration education and health,78,15,63
S01007239,R S T U. Other,9,5,4
S01007239,Never worked,33,11,22
S01007240,All people aged 16 to 74 not in employment,149,61,88
S01007240,A B D E. Agriculture energy and water,6,5,1
S01007240,C. Manufacturing,12,7,5
S01007240,F. Construction,12,8,4
S01007240,G I. Distribution hotels and restaurants,23,11,12
S01007240,H J. Transport and communication,10,3,7
S01007240,K L M N. Financial real estate professional and administrative activities,15,5,10
S01007240,O P Q. Public administration education and health,46,10,36
S01007240,R S T U. Other,7,4,3
S01007240,Never worked,18,8,10
S01007241,All people aged 16 to 74 not in employment,128,54,74
S01007241,A B D E. Agriculture energy and water,8,5,3
S01007241,C. Manufacturing,13,7,6
S01007241,F. Construction,5,4,1
S01007241,G I. Distribution hotels and restaurants,15,6,9
S01007241,H J. Transport and communication,13,4,9
S01007241,K L M N. Financial real estate professional and administrative activities,16,7,9
S01007241,O P Q. Public administration education and health,32,8,24
S01007241,R S T U. Other,5,0,5
S01007241,Never worked,21,13,8
S01007242,All people aged 16 to 74 not in employment,261,107,154
S01007242,A B D E. Agriculture energy and water,11,6,5
S01007242,C. Manufacturing,32,20,12
S01007242,F. Construction,15,13,2
S01007242,G I. Distribution hotels and restaurants,35,15,20
S01007242,H J. Transport and communication,22,9,13
S01007242,K L M N. Financial real estate professional and administrative activities,33,11,22
S01007242,O P Q. Public administration education and health,71,20,51
S01007242,R S T U. Other,15,4,11
S01007242,Never worked,27,9,18
S01007243,All people aged 16 to 74 not in employment,169,70,99
S01007243,A B D E. Agriculture energy and water,12,7,5
S01007243,C. Manufacturing,14,5,9
S01007243,F. Construction,10,8,2
S01007243,G I. Distribution hotels and restaurants,31,14,17
S01007243,H J. Transport and communication,15,5,10
S01007243,K L M N. Financial real estate professional and administrative activities,14,6,8
S01007243,O P Q. Public administration education and health,45,9,36
S01007243,R S T U. Other,4,2,2
S01007243,Never worked,24,14,10
S01007244,All people aged 16 to 74 not in employment,217,95,122
S01007244,A B D E. Agriculture energy and water,15,8,7
S01007244,C. Manufacturing,23,12,11
S01007244,F. Construction,15,12,3
S01007244,G I. Distribution hotels and restaurants,41,16,25
S01007244,H J. Transport and communication,22,9,13
S01007244,K L M N. Financial real estate professional and administrative activities,21,12,9
S01007244,O P Q. Public administration education and health,54,18,36
S01007244,R S T U. Other,7,1,6
S01007244,Never worked,19,7,12
S01007245,All people aged 16 to 74 not in employment,151,55,96
S01007245,A B D E. Agriculture energy and water,10,6,4
S01007245,C. Manufacturing,15,7,8
S01007245,F. Construction,10,7,3
S01007245,G I. Distribution hotels and restaurants,29,8,21
S01007245,H J. Transport and communication,21,7,14
S01007245,K L M N. Financial real estate professional and administrative activities,13,4,9
S01007245,O P Q. Public administration education and health,38,11,27
S01007245,R S T U. Other,1,0,1
S01007245,Never worked,14,5,9
S01007246,All people aged 16 to 74 not in employment,140,59,81
S01007246,A B D E. Agriculture energy and water,8,7,1
S01007246,C. Manufacturing,20,11,9
S01007246,F. Construction,10,7,3
S01007246,G I. Distribution hotels and restaurants,24,9,15
S01007246,H J. Transport and communication,12,3,9
S01007246,K L M N. Financial real estate professional and administrative activities,8,2,6
S01007246,O P Q. Public administration education and health,37,9,28
S01007246,R S T U. Other,1,0,1
S01007246,Never worked,20,11,9
S01007247,All people aged 16 to 74 not in employment,148,71,77
S01007247,A B D E. Agriculture energy and water,9,6,3
S01007247,C. Manufacturing,19,9,10
S01007247,F. Construction,8,6,2
S01007247,G I. Distribution hotels and restaurants,22,14,8
S01007247,H J. Transport and communication,12,3,9
S01007247,K L M N. Financial real estate professional and administrative activities,18,8,10
S01007247,O P Q. Public administration education and health,38,16,22
S01007247,R S T U. Other,6,0,6
S01007247,Never worked,16,9,7
S01007248,All people aged 16 to 74 not in employment,217,90,127
S01007248,A B D E. Agriculture energy and water,3,3,0
S01007248,C. Manufacturing,26,14,12
S01007248,F. Construction,12,10,2
S01007248,G I. Distribution hotels and restaurants,33,13,20
S01007248,H J. Transport and communication,8,4,4
S01007248,K L M N. Financial real estate professional and administrative activities,17,4,13
S01007248,O P Q. Public administration education and health,84,27,57
S01007248,R S T U. Other,7,2,5
S01007248,Never worked,27,13,14
S01007249,All people aged 16 to 74 not in employment,120,53,67
S01007249,A B D E. Agriculture energy and water,8,6,2
S01007249,C. Manufacturing,12,6,6
S01007249,F. Construction,11,9,2
S01007249,G I. Distribution hotels and restaurants,22,10,12
S01007249,H J. Transport and communication,6,2,4
S01007249,K L M N. Financial real estate professional and administrative activities,14,4,10
S01007249,O P Q. Public administration education and health,30,10,20
S01007249,R S T U. Other,5,1,4
S01007249,Never worked,12,5,7
S01007250,All people aged 16 to 74 not in employment,171,79,92
S01007250,A B D E. Agriculture energy and water,7,3,4
S01007250,C. Manufacturing,14,9,5
S01007250,F. Construction,16,14,2
S01007250,G I. Distribution hotels and restaurants,28,15,13
S01007250,H J. Transport and communication,12,4,8
S01007250,K L M N. Financial real estate professional and administrative activities,14,6,8
S01007250,O P Q. Public administration education and health,41,10,31
S01007250,R S T U. Other,10,3,7
S01007250,Never worked,29,15,14
S01007251,All people aged 16 to 74 not in employment,110,47,63
S01007251,A B D E. Agriculture energy and water,3,3,0
S01007251,C. Manufacturing,15,9,6
S01007251,F. Construction,6,6,0
S01007251,G I. Distribution hotels and restaurants,26,12,14
S01007251,H J. Transport and communication,10,4,6
S01007251,K L M N. Financial real estate professional and administrative activities,9,3,6
S01007251,O P Q. Public administration education and health,23,2,21
S01007251,R S T U. Other,3,1,2
S01007251,Never worked,15,7,8
S01007252,All people aged 16 to 74 not in employment,187,66,121
S01007252,A B D E. Agriculture energy and water,7,5,2
S01007252,C. Manufacturing,18,9,9
S01007252,F. Construction,13,11,2
S01007252,G I. Distribution hotels and restaurants,39,10,29
S01007252,H J. Transport and communication,16,5,11
S01007252,K L M N. Financial real estate professional and administrative activities,5,1,4
S01007252,O P Q. Public administration education and health,49,8,41
S01007252,R S T U. Other,6,1,5
S01007252,Never worked,34,16,18
S01007253,All people aged 16 to 74 not in employment,218,100,118
S01007253,A B D E. Agriculture energy and water,8,5,3
S01007253,C. Manufacturing,30,19,11
S01007253,F. Construction,23,21,2
S01007253,G I. Distribution hotels and restaurants,37,15,22
S01007253,H J. Transport and communication,16,6,10
S01007253,K L M N. Financial real estate professional and administrative activities,24,10,14
S01007253,O P Q. Public administration education and health,54,12,42
S01007253,R S T U. Other,5,1,4
S01007253,Never worked,21,11,10
S01007254,All people aged 16 to 74 not in employment,231,95,136
S01007254,A B D E. Agriculture energy and water,12,6,6
S01007254,C. Manufacturing,32,13,19
S01007254,F. Construction,19,19,0
S01007254,G I. Distribution hotels and restaurants,37,13,24
S01007254,H J. Transport and communication,14,4,10
S01007254,K L M N. Financial real estate professional and administrative activities,16,5,11
S01007254,O P Q. Public administration education and health,38,4,34
S01007254,R S T U. Other,4,2,2
S01007254,Never worked,59,29,30
S01007255,All people aged 16 to 74 not in employment,224,97,127
S01007255,A B D E. Agriculture energy and water,9,5,4
S01007255,C. Manufacturing,29,15,14
S01007255,F. Construction,17,16,1
S01007255,G I. Distribution hotels and restaurants,33,13,20
S01007255,H J. Transport and communication,25,6,19
S01007255,K L M N. Financial real estate professional and administrative activities,22,9,13
S01007255,O P Q. Public administration education and health,39,10,29
S01007255,R S T U. Other,13,5,8
S01007255,Never worked,37,18,19
S01007256,All people aged 16 to 74 not in employment,172,73,99
S01007256,A B D E. Agriculture energy and water,6,5,1
S01007256,C. Manufacturing,23,13,10
S01007256,F. Construction,10,9,1
S01007256,G I. Distribution hotels and restaurants,34,15,19
S01007256,H J. Transport and communication,12,3,9
S01007256,K L M N. Financial real estate professional and administrative activities,11,6,5
S01007256,O P Q. Public administration education and health,49,9,40
S01007256,R S T U. Other,3,0,3
S01007256,Never worked,24,13,11
S01007257,All people aged 16 to 74 not in employment,169,70,99
S01007257,A B D E. Agriculture energy and water,10,8,2
S01007257,C. Manufacturing,22,13,9
S01007257,F. Construction,15,15,0
S01007257,G I. Distribution hotels and restaurants,23,7,16
S01007257,H J. Transport and communication,10,3,7
S01007257,K L M N. Financial real estate professional and administrative activities,20,6,14
S01007257,O P Q. Public administration education and health,29,2,27
S01007257,R S T U. Other,8,2,6
S01007257,Never worked,32,14,18
S01007258,All people aged 16 to 74 not in employment,237,105,132
S01007258,A B D E. Agriculture energy and water,15,13,2
S01007258,C. Manufacturing,28,15,13
S01007258,F. Construction,15,10,5
S01007258,G I. Distribution hotels and restaurants,40,17,23
S01007258,H J. Transport and communication,13,6,7
S01007258,K L M N. Financial real estate professional and administrative activities,12,3,9
S01007258,O P Q. Public administration education and health,62,15,47
S01007258,R S T U. Other,8,4,4
S01007258,Never worked,44,22,22
S01007259,All people aged 16 to 74 not in employment,221,93,128
S01007259,A B D E. Agriculture energy and water,6,5,1
S01007259,C. Manufacturing,32,19,13
S01007259,F. Construction,17,14,3
S01007259,G I. Distribution hotels and restaurants,56,22,34
S01007259,H J. Transport and communication,14,3,11
S01007259,K L M N. Financial real estate professional and administrative activities,17,5,12
S01007259,O P Q. Public administration education and health,42,9,33
S01007259,R S T U. Other,4,0,4
S01007259,Never worked,33,16,17
S01007260,All people aged 16 to 74 not in employment,254,109,145
S01007260,A B D E. Agriculture energy and water,9,6,3
S01007260,C. Manufacturing,43,25,18
S01007260,F. Construction,22,20,2
S01007260,G I. Distribution hotels and restaurants,49,18,31
S01007260,H J. Transport and communication,19,3,16
S01007260,K L M N. Financial real estate professional and administrative activities,14,4,10
S01007260,O P Q. Public administration education and health,31,4,27
S01007260,R S T U. Other,12,5,7
S01007260,Never worked,55,24,31
S01007261,All people aged 16 to 74 not in employment,229,101,128
S01007261,A B D E. Agriculture energy and water,11,9,2
S01007261,C. Manufacturing,44,25,19
S01007261,F. Construction,18,14,4
S01007261,G I. Distribution hotels and restaurants,44,14,30
S01007261,H J. Transport and communication,14,4,10
S01007261,K L M N. Financial real estate professional and administrative activities,19,6,13
S01007261,O P Q. Public administration education and health,48,17,31
S01007261,R S T U. Other,9,1,8
S01007261,Never worked,22,11,11
S01007262,All people aged 16 to 74 not in employment,190,86,104
S01007262,A B D E. Agriculture energy and water,5,4,1
S01007262,C. Manufacturing,33,19,14
S01007262,F. Construction,20,20,0
S01007262,G I. Distribution hotels and restaurants,37,12,25
S01007262,H J. Transport and communication,11,5,6
S01007262,K L M N. Financial real estate professional and administrative activities,15,4,11
S01007262,O P Q. Public administration education and health,34,6,28
S01007262,R S T U. Other,5,1,4
S01007262,Never worked,30,15,15
S01007263,All people aged 16 to 74 not in employment,211,78,133
S01007263,A B D E. Agriculture energy and water,5,2,3
S01007263,C. Manufacturing,43,16,27
S01007263,F. Construction,14,13,1
S01007263,G I. Distribution hotels and restaurants,53,17,36
S01007263,H J. Transport and communication,11,3,8
S01007263,K L M N. Financial real estate professional and administrative activities,16,2,14
S01007263,O P Q. Public administration education and health,39,8,31
S01007263,R S T U. Other,8,3,5
S01007263,Never worked,22,14,8
S01007264,All people aged 16 to 74 not in employment,194,76,118
S01007264,A B D E. Agriculture energy and water,6,3,3
S01007264,C. Manufacturing,26,12,14
S01007264,F. Construction,13,11,2
S01007264,G I. Distribution hotels and restaurants,34,15,19
S01007264,H J. Transport and communication,10,2,8
S01007264,K L M N. Financial real estate professional and administrative activities,15,5,10
S01007264,O P Q. Public administration education and health,55,13,42
S01007264,R S T U. Other,9,3,6
S01007264,Never worked,26,12,14
S01007265,All people aged 16 to 74 not in employment,242,103,139
S01007265,A B D E. Agriculture energy and water,17,12,5
S01007265,C. Manufacturing,45,16,29
S01007265,F. Construction,20,18,2
S01007265,G I. Distribution hotels and restaurants,42,19,23
S01007265,H J. Transport and communication,12,5,7
S01007265,K L M N. Financial real estate professional and administrative activities,15,5,10
S01007265,O P Q. Public administration education and health,46,8,38
S01007265,R S T U. Other,9,1,8
S01007265,Never worked,36,19,17
S01007266,All people aged 16 to 74 not in employment,144,57,87
S01007266,A B D E. Agriculture energy and water,9,7,2
S01007266,C. Manufacturing,16,11,5
S01007266,F. Construction,6,6,0
S01007266,G I. Distribution hotels and restaurants,23,10,13
S01007266,H J. Transport and communication,14,6,8
S01007266,K L M N. Financial real estate professional and administrative activities,14,7,7
S01007266,O P Q. Public administration education and health,42,6,36
S01007266,R S T U. Other,1,0,1
S01007266,Never worked,19,4,15
S01007267,All people aged 16 to 74 not in employment,112,43,69
S01007267,A B D E. Agriculture energy and water,5,4,1
S01007267,C. Manufacturing,9,3,6
S01007267,F. Construction,7,5,2
S01007267,G I. Distribution hotels and restaurants,17,5,12
S01007267,H J. Transport and communication,9,5,4
S01007267,K L M N. Financial real estate professional and administrative activities,16,6,10
S01007267,O P Q. Public administration education and health,29,8,21
S01007267,R S T U. Other,4,1,3
S01007267,Never worked,16,6,10
S01007268,All people aged 16 to 74 not in employment,149,70,79
S01007268,A B D E. Agriculture energy and water,8,7,1
S01007268,C. Manufacturing,10,8,2
S01007268,F. Construction,13,10,3
S01007268,G I. Distribution hotels and restaurants,17,9,8
S01007268,H J. Transport and communication,12,3,9
S01007268,K L M N. Financial real estate professional and administrative activities,14,5,9
S01007268,O P Q. Public administration education and health,42,10,32
S01007268,R S T U. Other,4,2,2
S01007268,Never worked,29,16,13
S01007269,All people aged 16 to 74 not in employment,146,66,80
S01007269,A B D E. Agriculture energy and water,10,7,3
S01007269,C. Manufacturing,17,7,10
S01007269,F. Construction,12,11,1
S01007269,G I. Distribution hotels and restaurants,25,10,15
S01007269,H J. Transport and communication,10,4,6
S01007269,K L M N. Financial real estate professional and administrative activities,13,4,9
S01007269,O P Q. Public administration education and health,34,10,24
S01007269,R S T U. Other,4,1,3
S01007269,Never worked,21,12,9
S01007270,All people aged 16 to 74 not in employment,81,31,50
S01007270,A B D E. Agriculture energy and water,13,3,10
S01007270,C. Manufacturing,0,0,0
S01007270,F. Construction,8,8,0
S01007270,G I. Distribution hotels and restaurants,7,4,3
S01007270,H J. Transport and communication,5,0,5
S01007270,K L M N. Financial real estate professional and administrative activities,3,0,3
S01007270,O P Q. Public administration education and health,25,5,20
S01007270,R S T U. Other,5,4,1
S01007270,Never worked,15,7,8
S01007271,All people aged 16 to 74 not in employment,246,107,139
S01007271,A B D E. Agriculture energy and water,11,9,2
S01007271,C. Manufacturing,27,14,13
S01007271,F. Construction,27,24,3
S01007271,G I. Distribution hotels and restaurants,41,17,24
S01007271,H J. Transport and communication,23,4,19
S01007271,K L M N. Financial real estate professional and administrative activities,26,10,16
S01007271,O P Q. Public administration education and health,51,9,42
S01007271,R S T U. Other,11,4,7
S01007271,Never worked,29,16,13
S01007272,All people aged 16 to 74 not in employment,236,101,135
S01007272,A B D E. Agriculture energy and water,10,9,1
S01007272,C. Manufacturing,39,17,22
S01007272,F. Construction,23,22,1
S01007272,G I. Distribution hotels and restaurants,41,13,28
S01007272,H J. Transport and communication,15,4,11
S01007272,K L M N. Financial real estate professional and administrative activities,18,7,11
S01007272,O P Q. Public administration education and health,40,7,33
S01007272,R S T U. Other,14,5,9
S01007272,Never worked,36,17,19
S01007273,All people aged 16 to 74 not in employment,177,78,99
S01007273,A B D E. Agriculture energy and water,8,5,3
S01007273,C. Manufacturing,20,10,10
S01007273,F. Construction,15,14,1
S01007273,G I. Distribution hotels and restaurants,35,15,20
S01007273,H J. Transport and communication,6,2,4
S01007273,K L M N. Financial real estate professional and administrative activities,12,6,6
S01007273,O P Q. Public administration education and health,44,10,34
S01007273,R S T U. Other,6,1,5
S01007273,Never worked,31,15,16
S01007274,All people aged 16 to 74 not in employment,212,110,102
S01007274,A B D E. Agriculture energy and water,14,11,3
S01007274,C. Manufacturing,27,17,10
S01007274,F. Construction,21,19,2
S01007274,G I. Distribution hotels and restaurants,31,14,17
S01007274,H J. Transport and communication,22,12,10
S01007274,K L M N. Financial real estate professional and administrative activities,15,8,7
S01007274,O P Q. Public administration education and health,48,15,33
S01007274,R S T U. Other,6,1,5
S01007274,Never worked,28,13,15
S01007275,All people aged 16 to 74 not in employment,150,67,83
S01007275,A B D E. Agriculture energy and water,3,1,2
S01007275,C. Manufacturing,18,10,8
S01007275,F. Construction,7,5,2
S01007275,G I. Distribution hotels and restaurants,28,13,15
S01007275,H J. Transport and communication,10,6,4
S01007275,K L M N. Financial real estate professional and administrative activities,11,4,7
S01007275,O P Q. Public administration education and health,47,16,31
S01007275,R S T U. Other,6,0,6
S01007275,Never worked,20,12,8
S01007276,All people aged 16 to 74 not in employment,217,83,134
S01007276,A B D E. Agriculture energy and water,5,5,0
S01007276,C. Manufacturing,17,8,9
S01007276,F. Construction,12,10,2
S01007276,G I. Distribution hotels and restaurants,33,9,24
S01007276,H J. Transport and communication,10,3,7
S01007276,K L M N. Financial real estate professional and administrative activities,17,3,14
S01007276,O P Q. Public administration education and health,75,23,52
S01007276,R S T U. Other,8,3,5
S01007276,Never worked,40,19,21
S01007277,All people aged 16 to 74 not in employment,203,89,114
S01007277,A B D E. Agriculture energy and water,8,6,2
S01007277,C. Manufacturing,22,12,10
S01007277,F. Construction,11,9,2
S01007277,G I. Distribution hotels and restaurants,35,15,20
S01007277,H J. Transport and communication,7,3,4
S01007277,K L M N. Financial real estate professional and administrative activities,14,7,7
S01007277,O P Q. Public administration education and health,65,19,46
S01007277,R S T U. Other,7,1,6
S01007277,Never worked,34,17,17
S01007278,All people aged 16 to 74 not in employment,129,47,82
S01007278,A B D E. Agriculture energy and water,4,2,2
S01007278,C. Manufacturing,11,6,5
S01007278,F. Construction,12,7,5
S01007278,G I. Distribution hotels and restaurants,19,8,11
S01007278,H J. Transport and communication,5,3,2
S01007278,K L M N. Financial real estate professional and administrative activities,10,1,9
S01007278,O P Q. Public administration education and health,38,7,31
S01007278,R S T U. Other,8,2,6
S01007278,Never worked,22,11,11
S01007279,All people aged 16 to 74 not in employment,117,49,68
S01007279,A B D E. Agriculture energy and water,15,8,7
S01007279,C. Manufacturing,6,3,3
S01007279,F. Construction,6,5,1
S01007279,G I. Distribution hotels and restaurants,12,4,8
S01007279,H J. Transport and communication,5,1,4
S01007279,K L M N. Financial real estate professional and administrative activities,17,8,9
S01007279,O P Q. Public administration education and health,33,12,21
S01007279,R S T U. Other,4,1,3
S01007279,Never worked,19,7,12
S01007280,All people aged 16 to 74 not in employment,145,58,87
S01007280,A B D E. Agriculture energy and water,9,6,3
S01007280,C. Manufacturing,14,6,8
S01007280,F. Construction,8,6,2
S01007280,G I. Distribution hotels and restaurants,22,10,12
S01007280,H J. Transport and communication,16,3,13
S01007280,K L M N. Financial real estate professional and administrative activities,15,6,9
S01007280,O P Q. Public administration education and health,38,13,25
S01007280,R S T U. Other,10,4,6
S01007280,Never worked,13,4,9
S01007281,All people aged 16 to 74 not in employment,265,158,107
S01007281,A B D E. Agriculture energy and water,15,12,3
S01007281,C. Manufacturing,23,15,8
S01007281,F. Construction,28,25,3
S01007281,G I. Distribution hotels and restaurants,51,37,14
S01007281,H J. Transport and communication,23,12,11
S01007281,K L M N. Financial real estate professional and administrative activities,23,15,8
S01007281,O P Q. Public administration education and health,50,13,37
S01007281,R S T U. Other,11,4,7
S01007281,Never worked,41,25,16
S01007282,All people aged 16 to 74 not in employment,111,44,67
S01007282,A B D E. Agriculture energy and water,7,6,1
S01007282,C. Manufacturing,17,6,11
S01007282,F. Construction,2,2,0
S01007282,G I. Distribution hotels and restaurants,13,5,8
S01007282,H J. Transport and communication,10,3,7
S01007282,K L M N. Financial real estate professional and administrative activities,8,5,3
S01007282,O P Q. Public administration education and health,23,2,21
S01007282,R S T U. Other,9,5,4
S01007282,Never worked,22,10,12
S01007283,All people aged 16 to 74 not in employment,298,108,190
S01007283,A B D E. Agriculture energy and water,19,16,3
S01007283,C. Manufacturing,27,15,12
S01007283,F. Construction,14,11,3
S01007283,G I. Distribution hotels and restaurants,46,16,30
S01007283,H J. Transport and communication,28,4,24
S01007283,K L M N. Financial real estate professional and administrative activities,38,16,22
S01007283,O P Q. Public administration education and health,88,18,70
S01007283,R S T U. Other,16,4,12
S01007283,Never worked,22,8,14
S01007284,All people aged 16 to 74 not in employment,195,76,119
S01007284,A B D E. Agriculture energy and water,12,9,3
S01007284,C. Manufacturing,3,2,1
S01007284,F. Construction,16,15,1
S01007284,G I. Distribution hotels and restaurants,23,10,13
S01007284,H J. Transport and communication,29,11,18
S01007284,K L M N. Financial real estate professional and administrative activities,21,8,13
S01007284,O P Q. Public administration education and health,53,9,44
S01007284,R S T U. Other,11,3,8
S01007284,Never worked,27,9,18
S01007285,All people aged 16 to 74 not in employment,207,86,121
S01007285,A B D E. Agriculture energy and water,14,9,5
S01007285,C. Manufacturing,10,6,4
S01007285,F. Construction,4,4,0
S01007285,G I. Distribution hotels and restaurants,35,19,16
S01007285,H J. Transport and communication,35,14,21
S01007285,K L M N. Financial real estate professional and administrative activities,17,5,12
S01007285,O P Q. Public administration education and health,69,19,50
S01007285,R S T U. Other,6,2,4
S01007285,Never worked,17,8,9
S01007286,All people aged 16 to 74 not in employment,217,81,136
S01007286,A B D E. Agriculture energy and water,13,5,8
S01007286,C. Manufacturing,9,6,3
S01007286,F. Construction,5,5,0
S01007286,G I. Distribution hotels and restaurants,47,23,24
S01007286,H J. Transport and communication,36,9,27
S01007286,K L M N. Financial real estate professional and administrative activities,19,8,11
S01007286,O P Q. Public administration education and health,62,16,46
S01007286,R S T U. Other,10,4,6
S01007286,Never worked,16,5,11
S01007287,All people aged 16 to 74 not in employment,134,43,91
S01007287,A B D E. Agriculture energy and water,4,4,0
S01007287,C. Manufacturing,11,5,6
S01007287,F. Construction,8,6,2
S01007287,G I. Distribution hotels and restaurants,20,6,14
S01007287,H J. Transport and communication,27,4,23
S01007287,K L M N. Financial real estate professional and administrative activities,11,4,7
S01007287,O P Q. Public administration education and health,40,9,31
S01007287,R S T U. Other,5,3,2
S01007287,Never worked,8,2,6
S01007288,All people aged 16 to 74 not in employment,136,54,82
S01007288,A B D E. Agriculture energy and water,4,2,2
S01007288,C. Manufacturing,7,5,2
S01007288,F. Construction,5,5,0
S01007288,G I. Distribution hotels and restaurants,24,11,13
S01007288,H J. Transport and communication,17,6,11
S01007288,K L M N. Financial real estate professional and administrative activities,20,8,12
S01007288,O P Q. Public administration education and health,41,14,27
S01007288,R S T U. Other,6,0,6
S01007288,Never worked,12,3,9
S01007289,All people aged 16 to 74 not in employment,179,82,97
S01007289,A B D E. Agriculture energy and water,3,3,0
S01007289,C. Manufacturing,6,2,4
S01007289,F. Construction,10,8,2
S01007289,G I. Distribution hotels and restaurants,46,27,19
S01007289,H J. Transport and communication,16,10,6
S01007289,K L M N. Financial real estate professional and administrative activities,19,12,7
S01007289,O P Q. Public administration education and health,55,7,48
S01007289,R S T U. Other,7,3,4
S01007289,Never worked,17,10,7
S01007290,All people aged 16 to 74 not in employment,145,63,82
S01007290,A B D E. Agriculture energy and water,6,6,0
S01007290,C. Manufacturing,1,0,1
S01007290,F. Construction,9,7,2
S01007290,G I. Distribution hotels and restaurants,33,13,20
S01007290,H J. Transport and communication,29,9,20
S01007290,K L M N. Financial real estate professional and administrative activities,7,4,3
S01007290,O P Q. Public administration education and health,28,5,23
S01007290,R S T U. Other,5,3,2
S01007290,Never worked,27,16,11
S01007291,All people aged 16 to 74 not in employment,166,64,102
S01007291,A B D E. Agriculture energy and water,5,4,1
S01007291,C. Manufacturing,8,7,1
S01007291,F. Construction,15,13,2
S01007291,G I. Distribution hotels and restaurants,37,16,21
S01007291,H J. Transport and communication,32,8,24
S01007291,K L M N. Financial real estate professional and administrative activities,9,3,6
S01007291,O P Q. Public administration education and health,32,5,27
S01007291,R S T U. Other,6,0,6
S01007291,Never worked,22,8,14
S01007292,All people aged 16 to 74 not in employment,170,71,99
S01007292,A B D E. Agriculture energy and water,6,4,2
S01007292,C. Manufacturing,6,5,1
S01007292,F. Construction,11,10,1
S01007292,G I. Distribution hotels and restaurants,35,14,21
S01007292,H J. Transport and communication,20,5,15
S01007292,K L M N. Financial real estate professional and administrative activities,17,6,11
S01007292,O P Q. Public administration education and health,50,13,37
S01007292,R S T U. Other,6,2,4
S01007292,Never worked,19,12,7
S01007293,All people aged 16 to 74 not in employment,141,53,88
S01007293,A B D E. Agriculture energy and water,8,8,0
S01007293,C. Manufacturing,4,3,1
S01007293,F. Construction,12,12,0
S01007293,G I. Distribution hotels and restaurants,39,15,24
S01007293,H J. Transport and communication,30,6,24
S01007293,K L M N. Financial real estate professional and administrative activities,5,1,4
S01007293,O P Q. Public administration education and health,19,0,19
S01007293,R S T U. Other,6,1,5
S01007293,Never worked,18,7,11
S01007294,All people aged 16 to 74 not in employment,207,95,112
S01007294,A B D E. Agriculture energy and water,10,10,0
S01007294,C. Manufacturing,9,5,4
S01007294,F. Construction,11,11,0
S01007294,G I. Distribution hotels and restaurants,41,25,16
S01007294,H J. Transport and communication,40,12,28
S01007294,K L M N. Financial real estate professional and administrative activities,5,0,5
S01007294,O P Q. Public administration education and health,55,9,46
S01007294,R S T U. Other,5,2,3
S01007294,Never worked,31,21,10
S01007295,All people aged 16 to 74 not in employment,143,64,79
S01007295,A B D E. Agriculture energy and water,6,5,1
S01007295,C. Manufacturing,1,1,0
S01007295,F. Construction,9,8,1
S01007295,G I. Distribution hotels and restaurants,28,10,18
S01007295,H J. Transport and communication,29,8,21
S01007295,K L M N. Financial real estate professional and administrative activities,18,9,9
S01007295,O P Q. Public administration education and health,22,6,16
S01007295,R S T U. Other,4,2,2
S01007295,Never worked,26,15,11
S01007296,All people aged 16 to 74 not in employment,145,72,73
S01007296,A B D E. Agriculture energy and water,12,10,2
S01007296,C. Manufacturing,2,2,0
S01007296,F. Construction,8,8,0
S01007296,G I. Distribution hotels and restaurants,30,18,12
S01007296,H J. Transport and communication,23,6,17
S01007296,K L M N. Financial real estate professional and administrative activities,18,11,7
S01007296,O P Q. Public administration education and health,31,5,26
S01007296,R S T U. Other,6,2,4
S01007296,Never worked,15,10,5
S01007297,All people aged 16 to 74 not in employment,186,83,103
S01007297,A B D E. Agriculture energy and water,9,8,1
S01007297,C. Manufacturing,3,3,0
S01007297,F. Construction,13,13,0
S01007297,G I. Distribution hotels and restaurants,40,19,21
S01007297,H J. Transport and communication,25,11,14
S01007297,K L M N. Financial real estate professional and administrative activities,25,12,13
S01007297,O P Q. Public administration education and health,46,6,40
S01007297,R S T U. Other,7,1,6
S01007297,Never worked,18,10,8
S01007298,All people aged 16 to 74 not in employment,116,45,71
S01007298,A B D E. Agriculture energy and water,3,3,0
S01007298,C. Manufacturing,8,3,5
S01007298,F. Construction,8,8,0
S01007298,G I. Distribution hotels and restaurants,32,11,21
S01007298,H J. Transport and communication,11,2,9
S01007298,K L M N. Financial real estate professional and administrative activities,10,6,4
S01007298,O P Q. Public administration education and health,30,8,22
S01007298,R S T U. Other,4,0,4
S01007298,Never worked,10,4,6
S01007299,All people aged 16 to 74 not in employment,167,69,98
S01007299,A B D E. Agriculture energy and water,8,6,2
S01007299,C. Manufacturing,7,3,4
S01007299,F. Construction,9,9,0
S01007299,G I. Distribution hotels and restaurants,35,12,23
S01007299,H J. Transport and communication,37,9,28
S01007299,K L M N. Financial real estate professional and administrative activities,12,5,7
S01007299,O P Q. Public administration education and health,32,10,22
S01007299,R S T U. Other,9,5,4
S01007299,Never worked,18,10,8
S01007300,All people aged 16 to 74 not in employment,105,43,62
S01007300,A B D E. Agriculture energy and water,3,2,1
S01007300,C. Manufacturing,2,2,0
S01007300,F. Construction,4,4,0
S01007300,G I. Distribution hotels and restaurants,32,12,20
S01007300,H J. Transport and communication,21,8,13
S01007300,K L M N. Financial real estate professional and administrative activities,10,6,4
S01007300,O P Q. Public administration education and health,21,3,18
S01007300,R S T U. Other,2,1,1
S01007300,Never worked,10,5,5
S01007301,All people aged 16 to 74 not in employment,162,71,91
S01007301,A B D E. Agriculture energy and water,7,5,2
S01007301,C. Manufacturing,12,7,5
S01007301,F. Construction,3,3,0
S01007301,G I. Distribution hotels and restaurants,22,9,13
S01007301,H J. Transport and communication,20,8,12
S01007301,K L M N. Financial real estate professional and administrative activities,29,15,14
S01007301,O P Q. Public administration education and health,48,15,33
S01007301,R S T U. Other,9,3,6
S01007301,Never worked,12,6,6
S01007302,All people aged 16 to 74 not in employment,147,66,81
S01007302,A B D E. Agriculture energy and water,10,8,2
S01007302,C. Manufacturing,8,7,1
S01007302,F. Construction,12,11,1
S01007302,G I. Distribution hotels and restaurants,38,11,27
S01007302,H J. Transport and communication,16,5,11
S01007302,K L M N. Financial real estate professional and administrative activities,13,7,6
S01007302,O P Q. Public administration education and health,31,9,22
S01007302,R S T U. Other,4,0,4
S01007302,Never worked,15,8,7
S01007303,All people aged 16 to 74 not in employment,201,82,119
S01007303,A B D E. Agriculture energy and water,11,9,2
S01007303,C. Manufacturing,10,6,4
S01007303,F. Construction,7,5,2
S01007303,G I. Distribution hotels and restaurants,34,14,20
S01007303,H J. Transport and communication,34,14,20
S01007303,K L M N. Financial real estate professional and administrative activities,21,8,13
S01007303,O P Q. Public administration education and health,54,15,39
S01007303,R S T U. Other,7,2,5
S01007303,Never worked,23,9,14
S01007304,All people aged 16 to 74 not in employment,175,76,99
S01007304,A B D E. Agriculture energy and water,17,8,9
S01007304,C. Manufacturing,11,10,1
S01007304,F. Construction,9,9,0
S01007304,G I. Distribution hotels and restaurants,20,10,10
S01007304,H J. Transport and communication,24,6,18
S01007304,K L M N. Financial real estate professional and administrative activities,16,7,9
S01007304,O P Q. Public administration education and health,53,14,39
S01007304,R S T U. Other,8,3,5
S01007304,Never worked,17,9,8
S01007305,All people aged 16 to 74 not in employment,151,55,96
S01007305,A B D E. Agriculture energy and water,4,4,0
S01007305,C. Manufacturing,8,6,2
S01007305,F. Construction,8,8,0
S01007305,G I. Distribution hotels and restaurants,19,7,12
S01007305,H J. Transport and communication,15,5,10
S01007305,K L M N. Financial real estate professional and administrative activities,25,7,18
S01007305,O P Q. Public administration education and health,50,8,42
S01007305,R S T U. Other,4,1,3
S01007305,Never worked,18,9,9
S01007306,All people aged 16 to 74 not in employment,184,71,113
S01007306,A B D E. Agriculture energy and water,16,12,4
S01007306,C. Manufacturing,9,4,5
S01007306,F. Construction,8,7,1
S01007306,G I. Distribution hotels and restaurants,36,13,23
S01007306,H J. Transport and communication,18,5,13
S01007306,K L M N. Financial real estate professional and administrative activities,18,11,7
S01007306,O P Q. Public administration education and health,53,14,39
S01007306,R S T U. Other,9,1,8
S01007306,Never worked,17,4,13
S01007307,All people aged 16 to 74 not in employment,187,86,101
S01007307,A B D E. Agriculture energy and water,13,9,4
S01007307,C. Manufacturing,9,7,2
S01007307,F. Construction,11,11,0
S01007307,G I. Distribution hotels and restaurants,27,9,18
S01007307,H J. Transport and communication,20,6,14
S01007307,K L M N. Financial real estate professional and administrative activities,23,10,13
S01007307,O P Q. Public administration education and health,56,19,37
S01007307,R S T U. Other,13,6,7
S01007307,Never worked,15,9,6
S01007308,All people aged 16 to 74 not in employment,216,95,121
S01007308,A B D E. Agriculture energy and water,17,13,4
S01007308,C. Manufacturing,13,9,4
S01007308,F. Construction,10,8,2
S01007308,G I. Distribution hotels and restaurants,33,15,18
S01007308,H J. Transport and communication,34,10,24
S01007308,K L M N. Financial real estate professional and administrative activities,22,4,18
S01007308,O P Q. Public administration education and health,55,20,35
S01007308,R S T U. Other,12,7,5
S01007308,Never worked,20,9,11
S01007309,All people aged 16 to 74 not in employment,161,70,91
S01007309,A B D E. Agriculture energy and water,14,10,4
S01007309,C. Manufacturing,5,5,0
S01007309,F. Construction,9,9,0
S01007309,G I. Distribution hotels and restaurants,28,9,19
S01007309,H J. Transport and communication,17,4,13
S01007309,K L M N. Financial real estate professional and administrative activities,21,12,9
S01007309,O P Q. Public administration education and health,48,13,35
S01007309,R S T U. Other,4,1,3
S01007309,Never worked,15,7,8
S01007310,All people aged 16 to 74 not in employment,252,98,154
S01007310,A B D E. Agriculture energy and water,12,9,3
S01007310,C. Manufacturing,9,5,4
S01007310,F. Construction,13,12,1
S01007310,G I. Distribution hotels and restaurants,36,20,16
S01007310,H J. Transport and communication,39,6,33
S01007310,K L M N. Financial real estate professional and administrative activities,30,10,20
S01007310,O P Q. Public administration education and health,77,17,60
S01007310,R S T U. Other,10,5,5
S01007310,Never worked,26,14,12
S01007311,All people aged 16 to 74 not in employment,145,66,79
S01007311,A B D E. Agriculture energy and water,9,6,3
S01007311,C. Manufacturing,11,8,3
S01007311,F. Construction,12,11,1
S01007311,G I. Distribution hotels and restaurants,35,10,25
S01007311,H J. Transport and communication,24,10,14
S01007311,K L M N. Financial real estate professional and administrative activities,9,4,5
S01007311,O P Q. Public administration education and health,30,9,21
S01007311,R S T U. Other,5,3,2
S01007311,Never worked,10,5,5
S01007312,All people aged 16 to 74 not in employment,199,76,123
S01007312,A B D E. Agriculture energy and water,16,10,6
S01007312,C. Manufacturing,7,5,2
S01007312,F. Construction,11,8,3
S01007312,G I. Distribution hotels and restaurants,22,7,15
S01007312,H J. Transport and communication,22,5,17
S01007312,K L M N. Financial real estate professional and administrative activities,19,7,12
S01007312,O P Q. Public administration education and health,80,23,57
S01007312,R S T U. Other,7,5,2
S01007312,Never worked,15,6,9
S01007313,All people aged 16 to 74 not in employment,244,104,140
S01007313,A B D E. Agriculture energy and water,10,8,2
S01007313,C. Manufacturing,19,11,8
S01007313,F. Construction,10,9,1
S01007313,G I. Distribution hotels and restaurants,31,12,19
S01007313,H J. Transport and communication,34,9,25
S01007313,K L M N. Financial real estate professional and administrative activities,23,13,10
S01007313,O P Q. Public administration education and health,86,29,57
S01007313,R S T U. Other,12,4,8
S01007313,Never worked,19,9,10
S01007314,All people aged 16 to 74 not in employment,122,51,71
S01007314,A B D E. Agriculture energy and water,8,7,1
S01007314,C. Manufacturing,4,3,1
S01007314,F. Construction,4,3,1
S01007314,G I. Distribution hotels and restaurants,21,12,9
S01007314,H J. Transport and communication,15,6,9
S01007314,K L M N. Financial real estate professional and administrative activities,11,3,8
S01007314,O P Q. Public administration education and health,36,8,28
S01007314,R S T U. Other,2,1,1
S01007314,Never worked,21,8,13
S01007315,All people aged 16 to 74 not in employment,197,78,119
S01007315,A B D E. Agriculture energy and water,11,6,5
S01007315,C. Manufacturing,9,7,2
S01007315,F. Construction,11,10,1
S01007315,G I. Distribution hotels and restaurants,27,12,15
S01007315,H J. Transport and communication,20,5,15
S01007315,K L M N. Financial real estate professional and administrative activities,14,7,7
S01007315,O P Q. Public administration education and health,69,14,55
S01007315,R S T U. Other,13,5,8
S01007315,Never worked,23,12,11
S01007316,All people aged 16 to 74 not in employment,256,120,136
S01007316,A B D E. Agriculture energy and water,17,14,3
S01007316,C. Manufacturing,9,6,3
S01007316,F. Construction,16,13,3
S01007316,G I. Distribution hotels and restaurants,32,17,15
S01007316,H J. Transport and communication,20,9,11
S01007316,K L M N. Financial real estate professional and administrative activities,17,7,10
S01007316,O P Q. Public administration education and health,87,22,65
S01007316,R S T U. Other,17,7,10
S01007316,Never worked,41,25,16
S01007317,All people aged 16 to 74 not in employment,136,59,77
S01007317,A B D E. Agriculture energy and water,5,5,0
S01007317,C. Manufacturing,2,1,1
S01007317,F. Construction,12,8,4
S01007317,G I. Distribution hotels and restaurants,16,9,7
S01007317,H J. Transport and communication,9,1,8
S01007317,K L M N. Financial real estate professional and administrative activities,11,6,5
S01007317,O P Q. Public administration education and health,42,13,29
S01007317,R S T U. Other,3,2,1
S01007317,Never worked,36,14,22
S01007318,All people aged 16 to 74 not in employment,144,62,82
S01007318,A B D E. Agriculture energy and water,8,2,6
S01007318,C. Manufacturing,11,9,2
S01007318,F. Construction,16,15,1
S01007318,G I. Distribution hotels and restaurants,20,10,10
S01007318,H J. Transport and communication,11,2,9
S01007318,K L M N. Financial real estate professional and administrative activities,13,5,8
S01007318,O P Q. Public administration education and health,47,8,39
S01007318,R S T U. Other,7,5,2
S01007318,Never worked,11,6,5
S01007319,All people aged 16 to 74 not in employment,173,79,94
S01007319,A B D E. Agriculture energy and water,11,9,2
S01007319,C. Manufacturing,5,2,3
S01007319,F. Construction,15,14,1
S01007319,G I. Distribution hotels and restaurants,32,15,17
S01007319,H J. Transport and communication,22,7,15
S01007319,K L M N. Financial real estate professional and administrative activities,14,7,7
S01007319,O P Q. Public administration education and health,54,18,36
S01007319,R S T U. Other,7,1,6
S01007319,Never worked,13,6,7
S01007320,All people aged 16 to 74 not in employment,184,75,109
S01007320,A B D E. Agriculture energy and water,11,6,5
S01007320,C. Manufacturing,14,7,7
S01007320,F. Construction,7,6,1
S01007320,G I. Distribution hotels and restaurants,26,12,14
S01007320,H J. Transport and communication,22,6,16
S01007320,K L M N. Financial real estate professional and administrative activities,20,8,12
S01007320,O P Q. Public administration education and health,51,12,39
S01007320,R S T U. Other,7,2,5
S01007320,Never worked,26,16,10
S01007321,All people aged 16 to 74 not in employment,172,79,93
S01007321,A B D E. Agriculture energy and water,17,13,4
S01007321,C. Manufacturing,10,5,5
S01007321,F. Construction,8,7,1
S01007321,G I. Distribution hotels and restaurants,37,20,17
S01007321,H J. Transport and communication,10,2,8
S01007321,K L M N. Financial real estate professional and administrative activities,22,15,7
S01007321,O P Q. Public administration education and health,55,12,43
S01007321,R S T U. Other,1,1,0
S01007321,Never worked,12,4,8
S01007322,All people aged 16 to 74 not in employment,189,70,119
S01007322,A B D E. Agriculture energy and water,26,21,5
S01007322,C. Manufacturing,9,5,4
S01007322,F. Construction,11,10,1
S01007322,G I. Distribution hotels and restaurants,28,6,22
S01007322,H J. Transport and communication,40,9,31
S01007322,K L M N. Financial real estate professional and administrative activities,8,3,5
S01007322,O P Q. Public administration education and health,38,3,35
S01007322,R S T U. Other,6,0,6
S01007322,Never worked,23,13,10
S01007323,All people aged 16 to 74 not in employment,87,35,52
S01007323,A B D E. Agriculture energy and water,8,7,1
S01007323,C. Manufacturing,8,5,3
S01007323,F. Construction,3,3,0
S01007323,G I. Distribution hotels and restaurants,18,10,8
S01007323,H J. Transport and communication,16,3,13
S01007323,K L M N. Financial real estate professional and administrative activities,5,0,5
S01007323,O P Q. Public administration education and health,23,5,18
S01007323,R S T U. Other,0,0,0
S01007323,Never worked,6,2,4
S01007324,All people aged 16 to 74 not in employment,90,34,56
S01007324,A B D E. Agriculture energy and water,3,2,1
S01007324,C. Manufacturing,5,3,2
S01007324,F. Construction,5,5,0
S01007324,G I. Distribution hotels and restaurants,10,5,5
S01007324,H J. Transport and communication,19,3,16
S01007324,K L M N. Financial real estate professional and administrative activities,10,5,5
S01007324,O P Q. Public administration education and health,25,5,20
S01007324,R S T U. Other,3,1,2
S01007324,Never worked,10,5,5
S01007325,All people aged 16 to 74 not in employment,210,85,125
S01007325,A B D E. Agriculture energy and water,10,8,2
S01007325,C. Manufacturing,16,8,8
S01007325,F. Construction,10,10,0
S01007325,G I. Distribution hotels and restaurants,31,15,16
S01007325,H J. Transport and communication,30,5,25
S01007325,K L M N. Financial real estate professional and administrative activities,26,14,12
S01007325,O P Q. Public administration education and health,61,14,47
S01007325,R S T U. Other,6,1,5
S01007325,Never worked,20,10,10
S01007326,All people aged 16 to 74 not in employment,207,94,113
S01007326,A B D E. Agriculture energy and water,13,10,3
S01007326,C. Manufacturing,27,21,6
S01007326,F. Construction,15,14,1
S01007326,G I. Distribution hotels and restaurants,27,15,12
S01007326,H J. Transport and communication,28,5,23
S01007326,K L M N. Financial real estate professional and administrative activities,15,9,6
S01007326,O P Q. Public administration education and health,55,10,45
S01007326,R S T U. Other,6,2,4
S01007326,Never worked,21,8,13
S01007327,All people aged 16 to 74 not in employment,196,83,113
S01007327,A B D E. Agriculture energy and water,15,11,4
S01007327,C. Manufacturing,17,11,6
S01007327,F. Construction,18,16,2
S01007327,G I. Distribution hotels and restaurants,29,8,21
S01007327,H J. Transport and communication,22,5,17
S01007327,K L M N. Financial real estate professional and administrative activities,9,6,3
S01007327,O P Q. Public administration education and health,53,8,45
S01007327,R S T U. Other,5,2,3
S01007327,Never worked,28,16,12
S01007328,All people aged 16 to 74 not in employment,216,93,123
S01007328,A B D E. Agriculture energy and water,10,8,2
S01007328,C. Manufacturing,25,17,8
S01007328,F. Construction,19,18,1
S01007328,G I. Distribution hotels and restaurants,38,12,26
S01007328,H J. Transport and communication,34,8,26
S01007328,K L M N. Financial real estate professional and administrative activities,13,3,10
S01007328,O P Q. Public administration education and health,38,12,26
S01007328,R S T U. Other,2,1,1
S01007328,Never worked,37,14,23
S01007329,All people aged 16 to 74 not in employment,167,66,101
S01007329,A B D E. Agriculture energy and water,20,13,7
S01007329,C. Manufacturing,9,5,4
S01007329,F. Construction,4,3,1
S01007329,G I. Distribution hotels and restaurants,28,11,17
S01007329,H J. Transport and communication,16,5,11
S01007329,K L M N. Financial real estate professional and administrative activities,14,3,11
S01007329,O P Q. Public administration education and health,47,16,31
S01007329,R S T U. Other,5,0,5
S01007329,Never worked,24,10,14
S01007330,All people aged 16 to 74 not in employment,232,110,122
S01007330,A B D E. Agriculture energy and water,32,25,7
S01007330,C. Manufacturing,11,10,1
S01007330,F. Construction,21,19,2
S01007330,G I. Distribution hotels and restaurants,24,9,15
S01007330,H J. Transport and communication,28,5,23
S01007330,K L M N. Financial real estate professional and administrative activities,19,9,10
S01007330,O P Q. Public administration education and health,77,24,53
S01007330,R S T U. Other,5,0,5
S01007330,Never worked,15,9,6
S01007331,All people aged 16 to 74 not in employment,221,105,116
S01007331,A B D E. Agriculture energy and water,14,11,3
S01007331,C. Manufacturing,16,7,9
S01007331,F. Construction,19,16,3
S01007331,G I. Distribution hotels and restaurants,44,18,26
S01007331,H J. Transport and communication,24,8,16
S01007331,K L M N. Financial real estate professional and administrative activities,17,7,10
S01007331,O P Q. Public administration education and health,49,18,31
S01007331,R S T U. Other,9,4,5
S01007331,Never worked,29,16,13
S01007332,All people aged 16 to 74 not in employment,146,66,80
S01007332,A B D E. Agriculture energy and water,15,10,5
S01007332,C. Manufacturing,12,6,6
S01007332,F. Construction,9,7,2
S01007332,G I. Distribution hotels and restaurants,24,10,14
S01007332,H J. Transport and communication,13,4,9
S01007332,K L M N. Financial real estate professional and administrative activities,10,5,5
S01007332,O P Q. Public administration education and health,32,11,21
S01007332,R S T U. Other,4,1,3
S01007332,Never worked,27,12,15
S01007333,All people aged 16 to 74 not in employment,211,87,124
S01007333,A B D E. Agriculture energy and water,15,9,6
S01007333,C. Manufacturing,18,11,7
S01007333,F. Construction,16,11,5
S01007333,G I. Distribution hotels and restaurants,34,13,21
S01007333,H J. Transport and communication,11,3,8
S01007333,K L M N. Financial real estate professional and administrative activities,18,4,14
S01007333,O P Q. Public administration education and health,66,19,47
S01007333,R S T U. Other,10,4,6
S01007333,Never worked,23,13,10
S01007334,All people aged 16 to 74 not in employment,234,106,128
S01007334,A B D E. Agriculture energy and water,16,15,1
S01007334,C. Manufacturing,15,8,7
S01007334,F. Construction,27,23,4
S01007334,G I. Distribution hotels and restaurants,36,14,22
S01007334,H J. Transport and communication,30,12,18
S01007334,K L M N. Financial real estate professional and administrative activities,18,6,12
S01007334,O P Q. Public administration education and health,43,12,31
S01007334,R S T U. Other,12,3,9
S01007334,Never worked,37,13,24
S01007335,All people aged 16 to 74 not in employment,246,103,143
S01007335,A B D E. Agriculture energy and water,22,18,4
S01007335,C. Manufacturing,26,11,15
S01007335,F. Construction,23,19,4
S01007335,G I. Distribution hotels and restaurants,52,19,33
S01007335,H J. Transport and communication,26,7,19
S01007335,K L M N. Financial real estate professional and administrative activities,10,1,9
S01007335,O P Q. Public administration education and health,43,14,29
S01007335,R S T U. Other,7,2,5
S01007335,Never worked,37,12,25
S01007336,All people aged 16 to 74 not in employment,173,99,74
S01007336,A B D E. Agriculture energy and water,18,17,1
S01007336,C. Manufacturing,13,8,5
S01007336,F. Construction,12,11,1
S01007336,G I. Distribution hotels and restaurants,28,11,17
S01007336,H J. Transport and communication,21,13,8
S01007336,K L M N. Financial real estate professional and administrative activities,15,5,10
S01007336,O P Q. Public administration education and health,22,10,12
S01007336,R S T U. Other,10,6,4
S01007336,Never worked,34,18,16
S01007337,All people aged 16 to 74 not in employment,194,86,108
S01007337,A B D E. Agriculture energy and water,12,9,3
S01007337,C. Manufacturing,20,8,12
S01007337,F. Construction,8,7,1
S01007337,G I. Distribution hotels and restaurants,43,17,26
S01007337,H J. Transport and communication,23,8,15
S01007337,K L M N. Financial real estate professional and administrative activities,18,10,8
S01007337,O P Q. Public administration education and health,41,16,25
S01007337,R S T U. Other,11,4,7
S01007337,Never worked,18,7,11
S01007338,All people aged 16 to 74 not in employment,192,80,112
S01007338,A B D E. Agriculture energy and water,12,8,4
S01007338,C. Manufacturing,24,14,10
S01007338,F. Construction,13,13,0
S01007338,G I. Distribution hotels and restaurants,30,11,19
S01007338,H J. Transport and communication,14,5,9
S01007338,K L M N. Financial real estate professional and administrative activities,14,5,9
S01007338,O P Q. Public administration education and health,44,5,39
S01007338,R S T U. Other,8,2,6
S01007338,Never worked,33,17,16
S01007339,All people aged 16 to 74 not in employment,159,73,86
S01007339,A B D E. Agriculture energy and water,12,9,3
S01007339,C. Manufacturing,15,8,7
S01007339,F. Construction,7,7,0
S01007339,G I. Distribution hotels and restaurants,24,13,11
S01007339,H J. Transport and communication,9,2,7
S01007339,K L M N. Financial real estate professional and administrative activities,21,10,11
S01007339,O P Q. Public administration education and health,49,10,39
S01007339,R S T U. Other,5,4,1
S01007339,Never worked,17,10,7
S01007340,All people aged 16 to 74 not in employment,166,79,87
S01007340,A B D E. Agriculture energy and water,8,5,3
S01007340,C. Manufacturing,14,8,6
S01007340,F. Construction,7,7,0
S01007340,G I. Distribution hotels and restaurants,29,15,14
S01007340,H J. Transport and communication,12,6,6
S01007340,K L M N. Financial real estate professional and administrative activities,18,10,8
S01007340,O P Q. Public administration education and health,47,13,34
S01007340,R S T U. Other,13,6,7
S01007340,Never worked,18,9,9
S01007341,All people aged 16 to 74 not in employment,266,120,146
S01007341,A B D E. Agriculture energy and water,6,3,3
S01007341,C. Manufacturing,16,7,9
S01007341,F. Construction,18,17,1
S01007341,G I. Distribution hotels and restaurants,50,29,21
S01007341,H J. Transport and communication,32,13,19
S01007341,K L M N. Financial real estate professional and administrative activities,26,9,17
S01007341,O P Q. Public administration education and health,81,26,55
S01007341,R S T U. Other,9,4,5
S01007341,Never worked,28,12,16
S01007342,All people aged 16 to 74 not in employment,253,102,151
S01007342,A B D E. Agriculture energy and water,7,6,1
S01007342,C. Manufacturing,14,10,4
S01007342,F. Construction,14,13,1
S01007342,G I. Distribution hotels and restaurants,35,13,22
S01007342,H J. Transport and communication,35,10,25
S01007342,K L M N. Financial real estate professional and administrative activities,32,11,21
S01007342,O P Q. Public administration education and health,73,23,50
S01007342,R S T U. Other,15,6,9
S01007342,Never worked,28,10,18
S01007343,All people aged 16 to 74 not in employment,164,71,93
S01007343,A B D E. Agriculture energy and water,6,3,3
S01007343,C. Manufacturing,16,9,7
S01007343,F. Construction,6,6,0
S01007343,G I. Distribution hotels and restaurants,22,12,10
S01007343,H J. Transport and communication,24,6,18
S01007343,K L M N. Financial real estate professional and administrative activities,18,11,7
S01007343,O P Q. Public administration education and health,49,14,35
S01007343,R S T U. Other,5,3,2
S01007343,Never worked,18,7,11
S01007344,All people aged 16 to 74 not in employment,136,60,76
S01007344,A B D E. Agriculture energy and water,4,3,1
S01007344,C. Manufacturing,5,3,2
S01007344,F. Construction,14,13,1
S01007344,G I. Distribution hotels and restaurants,22,10,12
S01007344,H J. Transport and communication,13,7,6
S01007344,K L M N. Financial real estate professional and administrative activities,9,3,6
S01007344,O P Q. Public administration education and health,42,9,33
S01007344,R S T U. Other,6,4,2
S01007344,Never worked,21,8,13
S01007345,All people aged 16 to 74 not in employment,175,76,99
S01007345,A B D E. Agriculture energy and water,5,5,0
S01007345,C. Manufacturing,12,9,3
S01007345,F. Construction,19,19,0
S01007345,G I. Distribution hotels and restaurants,17,11,6
S01007345,H J. Transport and communication,30,9,21
S01007345,K L M N. Financial real estate professional and administrative activities,13,3,10
S01007345,O P Q. Public administration education and health,45,11,34
S01007345,R S T U. Other,4,0,4
S01007345,Never worked,30,9,21
S01007346,All people aged 16 to 74 not in employment,201,97,104
S01007346,A B D E. Agriculture energy and water,7,6,1
S01007346,C. Manufacturing,10,8,2
S01007346,F. Construction,27,26,1
S01007346,G I. Distribution hotels and restaurants,37,18,19
S01007346,H J. Transport and communication,38,13,25
S01007346,K L M N. Financial real estate professional and administrative activities,16,9,7
S01007346,O P Q. Public administration education and health,35,6,29
S01007346,R S T U. Other,9,3,6
S01007346,Never worked,22,8,14
S01007347,All people aged 16 to 74 not in employment,247,123,124
S01007347,A B D E. Agriculture energy and water,6,6,0
S01007347,C. Manufacturing,20,10,10
S01007347,F. Construction,21,20,1
S01007347,G I. Distribution hotels and restaurants,52,21,31
S01007347,H J. Transport and communication,28,16,12
S01007347,K L M N. Financial real estate professional and administrative activities,20,11,9
S01007347,O P Q. Public administration education and health,47,16,31
S01007347,R S T U. Other,11,4,7
S01007347,Never worked,42,19,23
S01007348,All people aged 16 to 74 not in employment,178,70,108
S01007348,A B D E. Agriculture energy and water,4,4,0
S01007348,C. Manufacturing,14,9,5
S01007348,F. Construction,16,16,0
S01007348,G I. Distribution hotels and restaurants,34,7,27
S01007348,H J. Transport and communication,16,7,9
S01007348,K L M N. Financial real estate professional and administrative activities,14,8,6
S01007348,O P Q. Public administration education and health,41,3,38
S01007348,R S T U. Other,5,3,2
S01007348,Never worked,34,13,21
S01007349,All people aged 16 to 74 not in employment,134,49,85
S01007349,A B D E. Agriculture energy and water,4,3,1
S01007349,C. Manufacturing,5,2,3
S01007349,F. Construction,10,10,0
S01007349,G I. Distribution hotels and restaurants,29,14,15
S01007349,H J. Transport and communication,24,7,17
S01007349,K L M N. Financial real estate professional and administrative activities,9,1,8
S01007349,O P Q. Public administration education and health,31,5,26
S01007349,R S T U. Other,6,3,3
S01007349,Never worked,16,4,12
S01007350,All people aged 16 to 74 not in employment,171,87,84
S01007350,A B D E. Agriculture energy and water,3,3,0
S01007350,C. Manufacturing,12,8,4
S01007350,F. Construction,14,14,0
S01007350,G I. Distribution hotels and restaurants,29,14,15
S01007350,H J. Transport and communication,25,11,14
S01007350,K L M N. Financial real estate professional and administrative activities,12,9,3
S01007350,O P Q. Public administration education and health,45,12,33
S01007350,R S T U. Other,9,5,4
S01007350,Never worked,22,11,11
S01007351,All people aged 16 to 74 not in employment,203,96,107
S01007351,A B D E. Agriculture energy and water,14,8,6
S01007351,C. Manufacturing,11,8,3
S01007351,F. Construction,22,22,0
S01007351,G I. Distribution hotels and restaurants,44,19,25
S01007351,H J. Transport and communication,20,11,9
S01007351,K L M N. Financial real estate professional and administrative activities,25,10,15
S01007351,O P Q. Public administration education and health,54,12,42
S01007351,R S T U. Other,4,3,1
S01007351,Never worked,9,3,6
S01007352,All people aged 16 to 74 not in employment,168,69,99
S01007352,A B D E. Agriculture energy and water,5,3,2
S01007352,C. Manufacturing,12,5,7
S01007352,F. Construction,10,7,3
S01007352,G I. Distribution hotels and restaurants,27,18,9
S01007352,H J. Transport and communication,27,10,17
S01007352,K L M N. Financial real estate professional and administrative activities,19,7,12
S01007352,O P Q. Public administration education and health,51,13,38
S01007352,R S T U. Other,5,2,3
S01007352,Never worked,12,4,8
S01007353,All people aged 16 to 74 not in employment,211,81,130
S01007353,A B D E. Agriculture energy and water,6,3,3
S01007353,C. Manufacturing,8,5,3
S01007353,F. Construction,16,14,2
S01007353,G I. Distribution hotels and restaurants,34,15,19
S01007353,H J. Transport and communication,29,8,21
S01007353,K L M N. Financial real estate professional and administrative activities,20,9,11
S01007353,O P Q. Public administration education and health,64,15,49
S01007353,R S T U. Other,18,4,14
S01007353,Never worked,16,8,8
S01007354,All people aged 16 to 74 not in employment,270,123,147
S01007354,A B D E. Agriculture energy and water,9,9,0
S01007354,C. Manufacturing,15,10,5
S01007354,F. Construction,21,19,2
S01007354,G I. Distribution hotels and restaurants,47,22,25
S01007354,H J. Transport and communication,20,7,13
S01007354,K L M N. Financial real estate professional and administrative activities,42,22,20
S01007354,O P Q. Public administration education and health,79,15,64
S01007354,R S T U. Other,8,3,5
S01007354,Never worked,29,16,13
S01007355,All people aged 16 to 74 not in employment,303,140,163
S01007355,A B D E. Agriculture energy and water,17,10,7
S01007355,C. Manufacturing,17,11,6
S01007355,F. Construction,20,18,2
S01007355,G I. Distribution hotels and restaurants,44,19,25
S01007355,H J. Transport and communication,35,13,22
S01007355,K L M N. Financial real estate professional and administrative activities,42,19,23
S01007355,O P Q. Public administration education and health,94,34,60
S01007355,R S T U. Other,14,8,6
S01007355,Never worked,20,8,12
S01007356,All people aged 16 to 74 not in employment,263,101,162
S01007356,A B D E. Agriculture energy and water,9,7,2
S01007356,C. Manufacturing,12,6,6
S01007356,F. Construction,15,15,0
S01007356,G I. Distribution hotels and restaurants,43,17,26
S01007356,H J. Transport and communication,29,8,21
S01007356,K L M N. Financial real estate professional and administrative activities,24,9,15
S01007356,O P Q. Public administration education and health,99,24,75
S01007356,R S T U. Other,11,5,6
S01007356,Never worked,21,10,11
S01007357,All people aged 16 to 74 not in employment,204,98,106
S01007357,A B D E. Agriculture energy and water,18,14,4
S01007357,C. Manufacturing,11,5,6
S01007357,F. Construction,15,14,1
S01007357,G I. Distribution hotels and restaurants,34,18,16
S01007357,H J. Transport and communication,20,7,13
S01007357,K L M N. Financial real estate professional and administrative activities,25,15,10
S01007357,O P Q. Public administration education and health,58,17,41
S01007357,R S T U. Other,5,3,2
S01007357,Never worked,18,5,13
S01007358,All people aged 16 to 74 not in employment,206,82,124
S01007358,A B D E. Agriculture energy and water,4,4,0
S01007358,C. Manufacturing,8,6,2
S01007358,F. Construction,18,14,4
S01007358,G I. Distribution hotels and restaurants,31,12,19
S01007358,H J. Transport and communication,41,12,29
S01007358,K L M N. Financial real estate professional and administrative activities,14,6,8
S01007358,O P Q. Public administration education and health,64,17,47
S01007358,R S T U. Other,5,2,3
S01007358,Never worked,21,9,12
S01007359,All people aged 16 to 74 not in employment,255,108,147
S01007359,A B D E. Agriculture energy and water,7,7,0
S01007359,C. Manufacturing,18,7,11
S01007359,F. Construction,14,14,0
S01007359,G I. Distribution hotels and restaurants,62,36,26
S01007359,H J. Transport and communication,26,7,19
S01007359,K L M N. Financial real estate professional and administrative activities,23,6,17
S01007359,O P Q. Public administration education and health,59,12,47
S01007359,R S T U. Other,13,5,8
S01007359,Never worked,33,14,19
S01007360,All people aged 16 to 74 not in employment,204,95,109
S01007360,A B D E. Agriculture energy and water,4,3,1
S01007360,C. Manufacturing,9,6,3
S01007360,F. Construction,17,16,1
S01007360,G I. Distribution hotels and restaurants,35,16,19
S01007360,H J. Transport and communication,17,3,14
S01007360,K L M N. Financial real estate professional and administrative activities,21,13,8
S01007360,O P Q. Public administration education and health,73,23,50
S01007360,R S T U. Other,10,3,7
S01007360,Never worked,18,12,6
S01007361,All people aged 16 to 74 not in employment,298,133,165
S01007361,A B D E. Agriculture energy and water,6,5,1
S01007361,C. Manufacturing,15,12,3
S01007361,F. Construction,23,21,2
S01007361,G I. Distribution hotels and restaurants,53,30,23
S01007361,H J. Transport and communication,32,14,18
S01007361,K L M N. Financial real estate professional and administrative activities,27,10,17
S01007361,O P Q. Public administration education and health,109,31,78
S01007361,R S T U. Other,11,3,8
S01007361,Never worked,22,7,15
S01007362,All people aged 16 to 74 not in employment,200,86,114
S01007362,A B D E. Agriculture energy and water,2,2,0
S01007362,C. Manufacturing,8,6,2
S01007362,F. Construction,10,9,1
S01007362,G I. Distribution hotels and restaurants,41,17,24
S01007362,H J. Transport and communication,16,6,10
S01007362,K L M N. Financial real estate professional and administrative activities,23,8,15
S01007362,O P Q. Public administration education and health,65,21,44
S01007362,R S T U. Other,12,3,9
S01007362,Never worked,23,14,9
S01007363,All people aged 16 to 74 not in employment,244,109,135
S01007363,A B D E. Agriculture energy and water,6,3,3
S01007363,C. Manufacturing,15,9,6
S01007363,F. Construction,20,18,2
S01007363,G I. Distribution hotels and restaurants,47,21,26
S01007363,H J. Transport and communication,21,6,15
S01007363,K L M N. Financial real estate professional and administrative activities,39,23,16
S01007363,O P Q. Public administration education and health,73,19,54
S01007363,R S T U. Other,4,2,2
S01007363,Never worked,19,8,11
S01007364,All people aged 16 to 74 not in employment,290,127,163
S01007364,A B D E. Agriculture energy and water,9,9,0
S01007364,C. Manufacturing,16,7,9
S01007364,F. Construction,17,17,0
S01007364,G I. Distribution hotels and restaurants,48,19,29
S01007364,H J. Transport and communication,43,11,32
S01007364,K L M N. Financial real estate professional and administrative activities,33,10,23
S01007364,O P Q. Public administration education and health,60,16,44
S01007364,R S T U. Other,12,6,6
S01007364,Never worked,52,32,20
S01007365,All people aged 16 to 74 not in employment,125,57,68
S01007365,A B D E. Agriculture energy and water,4,3,1
S01007365,C. Manufacturing,7,4,3
S01007365,F. Construction,11,11,0
S01007365,G I. Distribution hotels and restaurants,10,4,6
S01007365,H J. Transport and communication,20,7,13
S01007365,K L M N. Financial real estate professional and administrative activities,10,1,9
S01007365,O P Q. Public administration education and health,41,16,25
S01007365,R S T U. Other,5,2,3
S01007365,Never worked,17,9,8
S01007366,All people aged 16 to 74 not in employment,179,80,99
S01007366,A B D E. Agriculture energy and water,8,8,0
S01007366,C. Manufacturing,10,5,5
S01007366,F. Construction,15,14,1
S01007366,G I. Distribution hotels and restaurants,34,14,20
S01007366,H J. Transport and communication,22,5,17
S01007366,K L M N. Financial real estate professional and administrative activities,14,7,7
S01007366,O P Q. Public administration education and health,35,7,28
S01007366,R S T U. Other,4,2,2
S01007366,Never worked,37,18,19
S01007367,All people aged 16 to 74 not in employment,170,73,97
S01007367,A B D E. Agriculture energy and water,5,4,1
S01007367,C. Manufacturing,8,4,4
S01007367,F. Construction,16,14,2
S01007367,G I. Distribution hotels and restaurants,31,18,13
S01007367,H J. Transport and communication,18,5,13
S01007367,K L M N. Financial real estate professional and administrative activities,19,6,13
S01007367,O P Q. Public administration education and health,46,14,32
S01007367,R S T U. Other,10,3,7
S01007367,Never worked,17,5,12
S01007368,All people aged 16 to 74 not in employment,176,75,101
S01007368,A B D E. Agriculture energy and water,1,1,0
S01007368,C. Manufacturing,5,4,1
S01007368,F. Construction,17,17,0
S01007368,G I. Distribution hotels and restaurants,21,9,12
S01007368,H J. Transport and communication,40,10,30
S01007368,K L M N. Financial real estate professional and administrative activities,15,6,9
S01007368,O P Q. Public administration education and health,36,9,27
S01007368,R S T U. Other,12,5,7
S01007368,Never worked,29,14,15
S01007369,All people aged 16 to 74 not in employment,228,109,119
S01007369,A B D E. Agriculture energy and water,8,7,1
S01007369,C. Manufacturing,16,10,6
S01007369,F. Construction,22,20,2
S01007369,G I. Distribution hotels and restaurants,41,22,19
S01007369,H J. Transport and communication,19,6,13
S01007369,K L M N. Financial real estate professional and administrative activities,21,10,11
S01007369,O P Q. Public administration education and health,69,13,56
S01007369,R S T U. Other,4,3,1
S01007369,Never worked,28,18,10
S01007370,All people aged 16 to 74 not in employment,210,93,117
S01007370,A B D E. Agriculture energy and water,4,4,0
S01007370,C. Manufacturing,17,9,8
S01007370,F. Construction,9,8,1
S01007370,G I. Distribution hotels and restaurants,35,11,24
S01007370,H J. Transport and communication,28,13,15
S01007370,K L M N. Financial real estate professional and administrative activities,26,12,14
S01007370,O P Q. Public administration education and health,58,20,38
S01007370,R S T U. Other,5,2,3
S01007370,Never worked,28,14,14
S01007371,All people aged 16 to 74 not in employment,173,81,92
S01007371,A B D E. Agriculture energy and water,4,4,0
S01007371,C. Manufacturing,10,8,2
S01007371,F. Construction,10,9,1
S01007371,G I. Distribution hotels and restaurants,25,12,13
S01007371,H J. Transport and communication,22,6,16
S01007371,K L M N. Financial real estate professional and administrative activities,12,7,5
S01007371,O P Q. Public administration education and health,54,16,38
S01007371,R S T U. Other,12,4,8
S01007371,Never worked,24,15,9
S01007372,All people aged 16 to 74 not in employment,243,114,129
S01007372,A B D E. Agriculture energy and water,8,8,0
S01007372,C. Manufacturing,18,9,9
S01007372,F. Construction,14,13,1
S01007372,G I. Distribution hotels and restaurants,41,22,19
S01007372,H J. Transport and communication,34,14,20
S01007372,K L M N. Financial real estate professional and administrative activities,18,7,11
S01007372,O P Q. Public administration education and health,75,18,57
S01007372,R S T U. Other,15,8,7
S01007372,Never worked,20,15,5
S01007373,All people aged 16 to 74 not in employment,214,90,124
S01007373,A B D E. Agriculture energy and water,2,2,0
S01007373,C. Manufacturing,23,16,7
S01007373,F. Construction,16,14,2
S01007373,G I. Distribution hotels and restaurants,32,11,21
S01007373,H J. Transport and communication,17,4,13
S01007373,K L M N. Financial real estate professional and administrative activities,14,9,5
S01007373,O P Q. Public administration education and health,75,21,54
S01007373,R S T U. Other,6,0,6
S01007373,Never worked,29,13,16
S01007374,All people aged 16 to 74 not in employment,139,64,75
S01007374,A B D E. Agriculture energy and water,2,2,0
S01007374,C. Manufacturing,8,5,3
S01007374,F. Construction,13,13,0
S01007374,G I. Distribution hotels and restaurants,27,11,16
S01007374,H J. Transport and communication,9,0,9
S01007374,K L M N. Financial real estate professional and administrative activities,15,10,5
S01007374,O P Q. Public administration education and health,48,15,33
S01007374,R S T U. Other,1,1,0
S01007374,Never worked,16,7,9
S01007375,All people aged 16 to 74 not in employment,150,63,87
S01007375,A B D E. Agriculture energy and water,4,3,1
S01007375,C. Manufacturing,16,9,7
S01007375,F. Construction,10,9,1
S01007375,G I. Distribution hotels and restaurants,13,6,7
S01007375,H J. Transport and communication,12,3,9
S01007375,K L M N. Financial real estate professional and administrative activities,13,9,4
S01007375,O P Q. Public administration education and health,64,17,47
S01007375,R S T U. Other,3,1,2
S01007375,Never worked,15,6,9
S01007376,All people aged 16 to 74 not in employment,271,125,146
S01007376,A B D E. Agriculture energy and water,4,3,1
S01007376,C. Manufacturing,18,10,8
S01007376,F. Construction,15,15,0
S01007376,G I. Distribution hotels and restaurants,42,18,24
S01007376,H J. Transport and communication,27,7,20
S01007376,K L M N. Financial real estate professional and administrative activities,26,15,11
S01007376,O P Q. Public administration education and health,74,33,41
S01007376,R S T U. Other,5,2,3
S01007376,Never worked,60,22,38
S01007377,All people aged 16 to 74 not in employment,168,63,105
S01007377,A B D E. Agriculture energy and water,5,4,1
S01007377,C. Manufacturing,12,8,4
S01007377,F. Construction,5,4,1
S01007377,G I. Distribution hotels and restaurants,24,8,16
S01007377,H J. Transport and communication,16,6,10
S01007377,K L M N. Financial real estate professional and administrative activities,12,3,9
S01007377,O P Q. Public administration education and health,68,20,48
S01007377,R S T U. Other,4,2,2
S01007377,Never worked,22,8,14
S01007378,All people aged 16 to 74 not in employment,166,74,92
S01007378,A B D E. Agriculture energy and water,2,1,1
S01007378,C. Manufacturing,11,4,7
S01007378,F. Construction,5,5,0
S01007378,G I. Distribution hotels and restaurants,30,12,18
S01007378,H J. Transport and communication,9,4,5
S01007378,K L M N. Financial real estate professional and administrative activities,16,9,7
S01007378,O P Q. Public administration education and health,55,21,34
S01007378,R S T U. Other,11,3,8
S01007378,Never worked,27,15,12
S01007379,All people aged 16 to 74 not in employment,130,49,81
S01007379,A B D E. Agriculture energy and water,4,4,0
S01007379,C. Manufacturing,4,2,2
S01007379,F. Construction,11,10,1
S01007379,G I. Distribution hotels and restaurants,23,10,13
S01007379,H J. Transport and communication,19,6,13
S01007379,K L M N. Financial real estate professional and administrative activities,4,1,3
S01007379,O P Q. Public administration education and health,39,8,31
S01007379,R S T U. Other,7,0,7
S01007379,Never worked,19,8,11
S01007380,All people aged 16 to 74 not in employment,135,58,77
S01007380,A B D E. Agriculture energy and water,0,0,0
S01007380,C. Manufacturing,5,2,3
S01007380,F. Construction,11,11,0
S01007380,G I. Distribution hotels and restaurants,16,7,9
S01007380,H J. Transport and communication,5,1,4
S01007380,K L M N. Financial real estate professional and administrative activities,14,6,8
S01007380,O P Q. Public administration education and health,50,15,35
S01007380,R S T U. Other,7,1,6
S01007380,Never worked,27,15,12
S01007381,All people aged 16 to 74 not in employment,146,64,82
S01007381,A B D E. Agriculture energy and water,4,4,0
S01007381,C. Manufacturing,16,7,9
S01007381,F. Construction,9,7,2
S01007381,G I. Distribution hotels and restaurants,22,9,13
S01007381,H J. Transport and communication,9,4,5
S01007381,K L M N. Financial real estate professional and administrative activities,25,14,11
S01007381,O P Q. Public administration education and health,41,9,32
S01007381,R S T U. Other,4,2,2
S01007381,Never worked,16,8,8
S01007382,All people aged 16 to 74 not in employment,169,69,100
S01007382,A B D E. Agriculture energy and water,3,2,1
S01007382,C. Manufacturing,11,6,5
S01007382,F. Construction,5,5,0
S01007382,G I. Distribution hotels and restaurants,21,6,15
S01007382,H J. Transport and communication,19,5,14
S01007382,K L M N. Financial real estate professional and administrative activities,15,11,4
S01007382,O P Q. Public administration education and health,64,20,44
S01007382,R S T U. Other,1,0,1
S01007382,Never worked,30,14,16
S01007383,All people aged 16 to 74 not in employment,225,89,136
S01007383,A B D E. Agriculture energy and water,7,5,2
S01007383,C. Manufacturing,13,7,6
S01007383,F. Construction,11,9,2
S01007383,G I. Distribution hotels and restaurants,43,11,32
S01007383,H J. Transport and communication,17,7,10
S01007383,K L M N. Financial real estate professional and administrative activities,26,10,16
S01007383,O P Q. Public administration education and health,75,22,53
S01007383,R S T U. Other,8,4,4
S01007383,Never worked,25,14,11
S01007384,All people aged 16 to 74 not in employment,173,66,107
S01007384,A B D E. Agriculture energy and water,2,1,1
S01007384,C. Manufacturing,7,2,5
S01007384,F. Construction,9,6,3
S01007384,G I. Distribution hotels and restaurants,19,7,12
S01007384,H J. Transport and communication,22,4,18
S01007384,K L M N. Financial real estate professional and administrative activities,24,12,12
S01007384,O P Q. Public administration education and health,55,16,39
S01007384,R S T U. Other,11,3,8
S01007384,Never worked,24,15,9
S01007385,All people aged 16 to 74 not in employment,249,93,156
S01007385,A B D E. Agriculture energy and water,6,6,0
S01007385,C. Manufacturing,22,15,7
S01007385,F. Construction,18,16,2
S01007385,G I. Distribution hotels and restaurants,46,10,36
S01007385,H J. Transport and communication,12,3,9
S01007385,K L M N. Financial real estate professional and administrative activities,23,14,9
S01007385,O P Q. Public administration education and health,82,15,67
S01007385,R S T U. Other,13,5,8
S01007385,Never worked,27,9,18
S01007386,All people aged 16 to 74 not in employment,245,101,144
S01007386,A B D E. Agriculture energy and water,7,3,4
S01007386,C. Manufacturing,16,12,4
S01007386,F. Construction,11,10,1
S01007386,G I. Distribution hotels and restaurants,27,10,17
S01007386,H J. Transport and communication,13,8,5
S01007386,K L M N. Financial real estate professional and administrative activities,29,13,16
S01007386,O P Q. Public administration education and health,95,26,69
S01007386,R S T U. Other,13,4,9
S01007386,Never worked,34,15,19
S01007387,All people aged 16 to 74 not in employment,235,93,142
S01007387,A B D E. Agriculture energy and water,5,5,0
S01007387,C. Manufacturing,17,9,8
S01007387,F. Construction,9,6,3
S01007387,G I. Distribution hotels and restaurants,25,10,15
S01007387,H J. Transport and communication,15,7,8
S01007387,K L M N. Financial real estate professional and administrative activities,32,18,14
S01007387,O P Q. Public administration education and health,92,23,69
S01007387,R S T U. Other,11,5,6
S01007387,Never worked,29,10,19
S01007388,All people aged 16 to 74 not in employment,188,93,95
S01007388,A B D E. Agriculture energy and water,1,1,0
S01007388,C. Manufacturing,13,10,3
S01007388,F. Construction,9,7,2
S01007388,G I. Distribution hotels and restaurants,22,10,12
S01007388,H J. Transport and communication,9,4,5
S01007388,K L M N. Financial real estate professional and administrative activities,26,13,13
S01007388,O P Q. Public administration education and health,73,27,46
S01007388,R S T U. Other,5,3,2
S01007388,Never worked,30,18,12
S01007389,All people aged 16 to 74 not in employment,125,35,90
S01007389,A B D E. Agriculture energy and water,0,0,0
S01007389,C. Manufacturing,7,3,4
S01007389,F. Construction,1,1,0
S01007389,G I. Distribution hotels and restaurants,27,8,19
S01007389,H J. Transport and communication,16,1,15
S01007389,K L M N. Financial real estate professional and administrative activities,8,2,6
S01007389,O P Q. Public administration education and health,35,5,30
S01007389,R S T U. Other,6,2,4
S01007389,Never worked,25,13,12
S01007390,All people aged 16 to 74 not in employment,104,25,79
S01007390,A B D E. Agriculture energy and water,0,0,0
S01007390,C. Manufacturing,6,0,6
S01007390,F. Construction,4,4,0
S01007390,G I. Distribution hotels and restaurants,15,3,12
S01007390,H J. Transport and communication,15,3,12
S01007390,K L M N. Financial real estate professional and administrative activities,12,1,11
S01007390,O P Q. Public administration education and health,26,1,25
S01007390,R S T U. Other,4,1,3
S01007390,Never worked,22,12,10
S01007391,All people aged 16 to 74 not in employment,162,62,100
S01007391,A B D E. Agriculture energy and water,2,2,0
S01007391,C. Manufacturing,12,7,5
S01007391,F. Construction,5,4,1
S01007391,G I. Distribution hotels and restaurants,27,7,20
S01007391,H J. Transport and communication,13,4,9
S01007391,K L M N. Financial real estate professional and administrative activities,17,6,11
S01007391,O P Q. Public administration education and health,58,18,40
S01007391,R S T U. Other,6,1,5
S01007391,Never worked,22,13,9
S01007392,All people aged 16 to 74 not in employment,142,51,91
S01007392,A B D E. Agriculture energy and water,5,4,1
S01007392,C. Manufacturing,8,6,2
S01007392,F. Construction,5,3,2
S01007392,G I. Distribution hotels and restaurants,23,12,11
S01007392,H J. Transport and communication,6,0,6
S01007392,K L M N. Financial real estate professional and administrative activities,26,7,19
S01007392,O P Q. Public administration education and health,51,13,38
S01007392,R S T U. Other,5,2,3
S01007392,Never worked,13,4,9
S01007393,All people aged 16 to 74 not in employment,238,100,138
S01007393,A B D E. Agriculture energy and water,1,1,0
S01007393,C. Manufacturing,18,10,8
S01007393,F. Construction,10,7,3
S01007393,G I. Distribution hotels and restaurants,24,7,17
S01007393,H J. Transport and communication,23,7,16
S01007393,K L M N. Financial real estate professional and administrative activities,37,17,20
S01007393,O P Q. Public administration education and health,72,21,51
S01007393,R S T U. Other,4,1,3
S01007393,Never worked,49,29,20
S01007394,All people aged 16 to 74 not in employment,187,80,107
S01007394,A B D E. Agriculture energy and water,6,5,1
S01007394,C. Manufacturing,12,9,3
S01007394,F. Construction,6,5,1
S01007394,G I. Distribution hotels and restaurants,21,11,10
S01007394,H J. Transport and communication,11,3,8
S01007394,K L M N. Financial real estate professional and administrative activities,14,6,8
S01007394,O P Q. Public administration education and health,79,22,57
S01007394,R S T U. Other,14,4,10
S01007394,Never worked,24,15,9
S01007395,All people aged 16 to 74 not in employment,222,111,111
S01007395,A B D E. Agriculture energy and water,2,2,0
S01007395,C. Manufacturing,8,5,3
S01007395,F. Construction,23,19,4
S01007395,G I. Distribution hotels and restaurants,42,22,20
S01007395,H J. Transport and communication,18,7,11
S01007395,K L M N. Financial real estate professional and administrative activities,21,11,10
S01007395,O P Q. Public administration education and health,75,26,49
S01007395,R S T U. Other,11,6,5
S01007395,Never worked,22,13,9
S01007396,All people aged 16 to 74 not in employment,237,95,142
S01007396,A B D E. Agriculture energy and water,1,0,1
S01007396,C. Manufacturing,14,7,7
S01007396,F. Construction,14,12,2
S01007396,G I. Distribution hotels and restaurants,34,14,20
S01007396,H J. Transport and communication,23,8,15
S01007396,K L M N. Financial real estate professional and administrative activities,34,20,14
S01007396,O P Q. Public administration education and health,74,17,57
S01007396,R S T U. Other,6,0,6
S01007396,Never worked,37,17,20
S01007397,All people aged 16 to 74 not in employment,263,102,161
S01007397,A B D E. Agriculture energy and water,3,2,1
S01007397,C. Manufacturing,17,12,5
S01007397,F. Construction,10,5,5
S01007397,G I. Distribution hotels and restaurants,32,10,22
S01007397,H J. Transport and communication,22,5,17
S01007397,K L M N. Financial real estate professional and administrative activities,36,15,21
S01007397,O P Q. Public administration education and health,93,33,60
S01007397,R S T U. Other,11,4,7
S01007397,Never worked,39,16,23
S01007398,All people aged 16 to 74 not in employment,205,96,109
S01007398,A B D E. Agriculture energy and water,2,1,1
S01007398,C. Manufacturing,8,5,3
S01007398,F. Construction,32,28,4
S01007398,G I. Distribution hotels and restaurants,32,12,20
S01007398,H J. Transport and communication,25,7,18
S01007398,K L M N. Financial real estate professional and administrative activities,25,10,15
S01007398,O P Q. Public administration education and health,36,12,24
S01007398,R S T U. Other,5,1,4
S01007398,Never worked,40,20,20
S01007399,All people aged 16 to 74 not in employment,236,120,116
S01007399,A B D E. Agriculture energy and water,6,6,0
S01007399,C. Manufacturing,11,4,7
S01007399,F. Construction,29,28,1
S01007399,G I. Distribution hotels and restaurants,31,17,14
S01007399,H J. Transport and communication,29,13,16
S01007399,K L M N. Financial real estate professional and administrative activities,18,8,10
S01007399,O P Q. Public administration education and health,52,18,34
S01007399,R S T U. Other,8,2,6
S01007399,Never worked,52,24,28
S01007400,All people aged 16 to 74 not in employment,192,92,100
S01007400,A B D E. Agriculture energy and water,6,5,1
S01007400,C. Manufacturing,8,7,1
S01007400,F. Construction,10,10,0
S01007400,G I. Distribution hotels and restaurants,26,12,14
S01007400,H J. Transport and communication,20,8,12
S01007400,K L M N. Financial real estate professional and administrative activities,18,8,10
S01007400,O P Q. Public administration education and health,67,26,41
S01007400,R S T U. Other,9,0,9
S01007400,Never worked,28,16,12
S01007401,All people aged 16 to 74 not in employment,165,65,100
S01007401,A B D E. Agriculture energy and water,2,1,1
S01007401,C. Manufacturing,10,6,4
S01007401,F. Construction,8,5,3
S01007401,G I. Distribution hotels and restaurants,23,7,16
S01007401,H J. Transport and communication,8,1,7
S01007401,K L M N. Financial real estate professional and administrative activities,18,8,10
S01007401,O P Q. Public administration education and health,60,18,42
S01007401,R S T U. Other,3,2,1
S01007401,Never worked,33,17,16
S01007402,All people aged 16 to 74 not in employment,148,60,88
S01007402,A B D E. Agriculture energy and water,1,1,0
S01007402,C. Manufacturing,9,7,2
S01007402,F. Construction,0,0,0
S01007402,G I. Distribution hotels and restaurants,16,8,8
S01007402,H J. Transport and communication,14,5,9
S01007402,K L M N. Financial real estate professional and administrative activities,14,6,8
S01007402,O P Q. Public administration education and health,67,20,47
S01007402,R S T U. Other,2,0,2
S01007402,Never worked,25,13,12
S01007403,All people aged 16 to 74 not in employment,126,32,94
S01007403,A B D E. Agriculture energy and water,1,0,1
S01007403,C. Manufacturing,3,1,2
S01007403,F. Construction,4,2,2
S01007403,G I. Distribution hotels and restaurants,19,5,14
S01007403,H J. Transport and communication,16,2,14
S01007403,K L M N. Financial real estate professional and administrative activities,13,2,11
S01007403,O P Q. Public administration education and health,38,6,32
S01007403,R S T U. Other,7,1,6
S01007403,Never worked,25,13,12
S01007404,All people aged 16 to 74 not in employment,103,48,55
S01007404,A B D E. Agriculture energy and water,5,4,1
S01007404,C. Manufacturing,9,5,4
S01007404,F. Construction,6,4,2
S01007404,G I. Distribution hotels and restaurants,16,8,8
S01007404,H J. Transport and communication,7,1,6
S01007404,K L M N. Financial real estate professional and administrative activities,14,7,7
S01007404,O P Q. Public administration education and health,24,8,16
S01007404,R S T U. Other,8,2,6
S01007404,Never worked,14,9,5
S01007405,All people aged 16 to 74 not in employment,149,64,85
S01007405,A B D E. Agriculture energy and water,3,3,0
S01007405,C. Manufacturing,11,7,4
S01007405,F. Construction,8,7,1
S01007405,G I. Distribution hotels and restaurants,19,7,12
S01007405,H J. Transport and communication,10,4,6
S01007405,K L M N. Financial real estate professional and administrative activities,23,11,12
S01007405,O P Q. Public administration education and health,43,11,32
S01007405,R S T U. Other,5,1,4
S01007405,Never worked,27,13,14
S01007406,All people aged 16 to 74 not in employment,165,76,89
S01007406,A B D E. Agriculture energy and water,3,2,1
S01007406,C. Manufacturing,14,8,6
S01007406,F. Construction,8,7,1
S01007406,G I. Distribution hotels and restaurants,21,8,13
S01007406,H J. Transport and communication,11,6,5
S01007406,K L M N. Financial real estate professional and administrative activities,23,12,11
S01007406,O P Q. Public administration education and health,61,24,37
S01007406,R S T U. Other,8,2,6
S01007406,Never worked,16,7,9
S01007407,All people aged 16 to 74 not in employment,176,82,94
S01007407,A B D E. Agriculture energy and water,5,5,0
S01007407,C. Manufacturing,16,10,6
S01007407,F. Construction,12,10,2
S01007407,G I. Distribution hotels and restaurants,12,3,9
S01007407,H J. Transport and communication,11,4,7
S01007407,K L M N. Financial real estate professional and administrative activities,20,9,11
S01007407,O P Q. Public administration education and health,67,23,44
S01007407,R S T U. Other,7,2,5
S01007407,Never worked,26,16,10
S01007408,All people aged 16 to 74 not in employment,162,74,88
S01007408,A B D E. Agriculture energy and water,7,6,1
S01007408,C. Manufacturing,12,7,5
S01007408,F. Construction,13,12,1
S01007408,G I. Distribution hotels and restaurants,15,7,8
S01007408,H J. Transport and communication,16,5,11
S01007408,K L M N. Financial real estate professional and administrative activities,20,13,7
S01007408,O P Q. Public administration education and health,47,12,35
S01007408,R S T U. Other,7,2,5
S01007408,Never worked,25,10,15
S01007409,All people aged 16 to 74 not in employment,161,60,101
S01007409,A B D E. Agriculture energy and water,6,4,2
S01007409,C. Manufacturing,20,9,11
S01007409,F. Construction,10,8,2
S01007409,G I. Distribution hotels and restaurants,32,9,23
S01007409,H J. Transport and communication,8,1,7
S01007409,K L M N. Financial real estate professional and administrative activities,6,2,4
S01007409,O P Q. Public administration education and health,48,13,35
S01007409,R S T U. Other,7,0,7
S01007409,Never worked,24,14,10
S01007410,All people aged 16 to 74 not in employment,244,91,153
S01007410,A B D E. Agriculture energy and water,16,12,4
S01007410,C. Manufacturing,40,17,23
S01007410,F. Construction,18,16,2
S01007410,G I. Distribution hotels and restaurants,48,13,35
S01007410,H J. Transport and communication,17,2,15
S01007410,K L M N. Financial real estate professional and administrative activities,12,2,10
S01007410,O P Q. Public administration education and health,40,7,33
S01007410,R S T U. Other,8,1,7
S01007410,Never worked,45,21,24
S01007411,All people aged 16 to 74 not in employment,293,133,160
S01007411,A B D E. Agriculture energy and water,8,6,2
S01007411,C. Manufacturing,43,21,22
S01007411,F. Construction,18,13,5
S01007411,G I. Distribution hotels and restaurants,51,32,19
S01007411,H J. Transport and communication,29,10,19
S01007411,K L M N. Financial real estate professional and administrative activities,27,11,16
S01007411,O P Q. Public administration education and health,53,11,42
S01007411,R S T U. Other,10,0,10
S01007411,Never worked,54,29,25
S01007412,All people aged 16 to 74 not in employment,142,60,82
S01007412,A B D E. Agriculture energy and water,4,3,1
S01007412,C. Manufacturing,22,13,9
S01007412,F. Construction,9,8,1
S01007412,G I. Distribution hotels and restaurants,28,11,17
S01007412,H J. Transport and communication,11,2,9
S01007412,K L M N. Financial real estate professional and administrative activities,9,4,5
S01007412,O P Q. Public administration education and health,27,5,22
S01007412,R S T U. Other,5,0,5
S01007412,Never worked,27,14,13
S01007413,All people aged 16 to 74 not in employment,176,79,97
S01007413,A B D E. Agriculture energy and water,6,6,0
S01007413,C. Manufacturing,24,15,9
S01007413,F. Construction,5,5,0
S01007413,G I. Distribution hotels and restaurants,35,13,22
S01007413,H J. Transport and communication,17,4,13
S01007413,K L M N. Financial real estate professional and administrative activities,11,4,7
S01007413,O P Q. Public administration education and health,43,11,32
S01007413,R S T U. Other,5,2,3
S01007413,Never worked,30,19,11
S01007414,All people aged 16 to 74 not in employment,114,43,71
S01007414,A B D E. Agriculture energy and water,6,4,2
S01007414,C. Manufacturing,14,7,7
S01007414,F. Construction,5,2,3
S01007414,G I. Distribution hotels and restaurants,23,6,17
S01007414,H J. Transport and communication,9,4,5
S01007414,K L M N. Financial real estate professional and administrative activities,11,6,5
S01007414,O P Q. Public administration education and health,25,7,18
S01007414,R S T U. Other,1,0,1
S01007414,Never worked,20,7,13
S01007415,All people aged 16 to 74 not in employment,267,115,152
S01007415,A B D E. Agriculture energy and water,16,14,2
S01007415,C. Manufacturing,40,15,25
S01007415,F. Construction,25,22,3
S01007415,G I. Distribution hotels and restaurants,55,22,33
S01007415,H J. Transport and communication,14,3,11
S01007415,K L M N. Financial real estate professional and administrative activities,20,5,15
S01007415,O P Q. Public administration education and health,49,11,38
S01007415,R S T U. Other,6,0,6
S01007415,Never worked,42,23,19
S01007416,All people aged 16 to 74 not in employment,214,87,127
S01007416,A B D E. Agriculture energy and water,11,9,2
S01007416,C. Manufacturing,30,10,20
S01007416,F. Construction,19,17,2
S01007416,G I. Distribution hotels and restaurants,31,12,19
S01007416,H J. Transport and communication,20,8,12
S01007416,K L M N. Financial real estate professional and administrative activities,21,8,13
S01007416,O P Q. Public administration education and health,30,2,28
S01007416,R S T U. Other,4,1,3
S01007416,Never worked,48,20,28
S01007417,All people aged 16 to 74 not in employment,218,80,138
S01007417,A B D E. Agriculture energy and water,3,2,1
S01007417,C. Manufacturing,25,15,10
S01007417,F. Construction,10,4,6
S01007417,G I. Distribution hotels and restaurants,44,13,31
S01007417,H J. Transport and communication,15,5,10
S01007417,K L M N. Financial real estate professional and administrative activities,30,13,17
S01007417,O P Q. Public administration education and health,54,9,45
S01007417,R S T U. Other,7,3,4
S01007417,Never worked,30,16,14
S01007418,All people aged 16 to 74 not in employment,203,88,115
S01007418,A B D E. Agriculture energy and water,8,7,1
S01007418,C. Manufacturing,38,16,22
S01007418,F. Construction,14,13,1
S01007418,G I. Distribution hotels and restaurants,29,16,13
S01007418,H J. Transport and communication,23,7,16
S01007418,K L M N. Financial real estate professional and administrative activities,11,3,8
S01007418,O P Q. Public administration education and health,37,8,29
S01007418,R S T U. Other,6,2,4
S01007418,Never worked,37,16,21
S01007419,All people aged 16 to 74 not in employment,272,113,159
S01007419,A B D E. Agriculture energy and water,16,16,0
S01007419,C. Manufacturing,32,11,21
S01007419,F. Construction,16,15,1
S01007419,G I. Distribution hotels and restaurants,48,18,30
S01007419,H J. Transport and communication,17,3,14
S01007419,K L M N. Financial real estate professional and administrative activities,33,11,22
S01007419,O P Q. Public administration education and health,39,10,29
S01007419,R S T U. Other,9,1,8
S01007419,Never worked,62,28,34
S01007420,All people aged 16 to 74 not in employment,696,604,92
S01007420,A B D E. Agriculture energy and water,21,21,0
S01007420,C. Manufacturing,58,52,6
S01007420,F. Construction,133,129,4
S01007420,G I. Distribution hotels and restaurants,103,82,21
S01007420,H J. Transport and communication,58,51,7
S01007420,K L M N. Financial real estate professional and administrative activities,50,42,8
S01007420,O P Q. Public administration education and health,65,35,30
S01007420,R S T U. Other,22,19,3
S01007420,Never worked,186,173,13
S01007421,All people aged 16 to 74 not in employment,147,61,86
S01007421,A B D E. Agriculture energy and water,5,5,0
S01007421,C. Manufacturing,17,10,7
S01007421,F. Construction,11,9,2
S01007421,G I. Distribution hotels and restaurants,30,10,20
S01007421,H J. Transport and communication,6,3,3
S01007421,K L M N. Financial real estate professional and administrative activities,13,6,7
S01007421,O P Q. Public administration education and health,36,8,28
S01007421,R S T U. Other,4,0,4
S01007421,Never worked,25,10,15
S01007422,All people aged 16 to 74 not in employment,151,63,88
S01007422,A B D E. Agriculture energy and water,4,3,1
S01007422,C. Manufacturing,12,6,6
S01007422,F. Construction,15,13,2
S01007422,G I. Distribution hotels and restaurants,23,8,15
S01007422,H J. Transport and communication,13,3,10
S01007422,K L M N. Financial real estate professional and administrative activities,13,6,7
S01007422,O P Q. Public administration education and health,47,10,37
S01007422,R S T U. Other,4,1,3
S01007422,Never worked,20,13,7
S01007423,All people aged 16 to 74 not in employment,144,61,83
S01007423,A B D E. Agriculture energy and water,3,3,0
S01007423,C. Manufacturing,17,10,7
S01007423,F. Construction,11,8,3
S01007423,G I. Distribution hotels and restaurants,30,11,19
S01007423,H J. Transport and communication,6,2,4
S01007423,K L M N. Financial real estate professional and administrative activities,12,6,6
S01007423,O P Q. Public administration education and health,42,14,28
S01007423,R S T U. Other,7,0,7
S01007423,Never worked,16,7,9
S01007424,All people aged 16 to 74 not in employment,197,72,125
S01007424,A B D E. Agriculture energy and water,5,3,2
S01007424,C. Manufacturing,26,19,7
S01007424,F. Construction,12,9,3
S01007424,G I. Distribution hotels and restaurants,25,7,18
S01007424,H J. Transport and communication,10,4,6
S01007424,K L M N. Financial real estate professional and administrative activities,28,5,23
S01007424,O P Q. Public administration education and health,66,14,52
S01007424,R S T U. Other,2,1,1
S01007424,Never worked,23,10,13
S01007425,All people aged 16 to 74 not in employment,249,108,141
S01007425,A B D E. Agriculture energy and water,13,10,3
S01007425,C. Manufacturing,41,22,19
S01007425,F. Construction,16,14,2
S01007425,G I. Distribution hotels and restaurants,35,7,28
S01007425,H J. Transport and communication,21,5,16
S01007425,K L M N. Financial real estate professional and administrative activities,19,8,11
S01007425,O P Q. Public administration education and health,69,22,47
S01007425,R S T U. Other,5,2,3
S01007425,Never worked,30,18,12
S01007426,All people aged 16 to 74 not in employment,191,86,105
S01007426,A B D E. Agriculture energy and water,7,5,2
S01007426,C. Manufacturing,24,13,11
S01007426,F. Construction,19,17,2
S01007426,G I. Distribution hotels and restaurants,27,10,17
S01007426,H J. Transport and communication,21,8,13
S01007426,K L M N. Financial real estate professional and administrative activities,17,4,13
S01007426,O P Q. Public administration education and health,46,13,33
S01007426,R S T U. Other,8,5,3
S01007426,Never worked,22,11,11
S01007427,All people aged 16 to 74 not in employment,231,108,123
S01007427,A B D E. Agriculture energy and water,12,11,1
S01007427,C. Manufacturing,45,22,23
S01007427,F. Construction,19,18,1
S01007427,G I. Distribution hotels and restaurants,36,11,25
S01007427,H J. Transport and communication,21,7,14
S01007427,K L M N. Financial real estate professional and administrative activities,24,14,10
S01007427,O P Q. Public administration education and health,46,13,33
S01007427,R S T U. Other,5,0,5
S01007427,Never worked,23,12,11
S01007428,All people aged 16 to 74 not in employment,245,103,142
S01007428,A B D E. Agriculture energy and water,11,7,4
S01007428,C. Manufacturing,42,22,20
S01007428,F. Construction,21,20,1
S01007428,G I. Distribution hotels and restaurants,48,11,37
S01007428,H J. Transport and communication,28,11,17
S01007428,K L M N. Financial real estate professional and administrative activities,18,5,13
S01007428,O P Q. Public administration education and health,39,9,30
S01007428,R S T U. Other,13,7,6
S01007428,Never worked,25,11,14
S01007429,All people aged 16 to 74 not in employment,180,83,97
S01007429,A B D E. Agriculture energy and water,6,6,0
S01007429,C. Manufacturing,28,13,15
S01007429,F. Construction,20,19,1
S01007429,G I. Distribution hotels and restaurants,26,9,17
S01007429,H J. Transport and communication,11,2,9
S01007429,K L M N. Financial real estate professional and administrative activities,7,3,4
S01007429,O P Q. Public administration education and health,39,8,31
S01007429,R S T U. Other,8,5,3
S01007429,Never worked,35,18,17
S01007430,All people aged 16 to 74 not in employment,135,58,77
S01007430,A B D E. Agriculture energy and water,3,2,1
S01007430,C. Manufacturing,25,13,12
S01007430,F. Construction,12,9,3
S01007430,G I. Distribution hotels and restaurants,14,5,9
S01007430,H J. Transport and communication,11,6,5
S01007430,K L M N. Financial real estate professional and administrative activities,11,6,5
S01007430,O P Q. Public administration education and health,48,15,33
S01007430,R S T U. Other,3,0,3
S01007430,Never worked,8,2,6
S01007431,All people aged 16 to 74 not in employment,148,72,76
S01007431,A B D E. Agriculture energy and water,6,5,1
S01007431,C. Manufacturing,16,15,1
S01007431,F. Construction,7,6,1
S01007431,G I. Distribution hotels and restaurants,13,2,11
S01007431,H J. Transport and communication,14,7,7
S01007431,K L M N. Financial real estate professional and administrative activities,11,5,6
S01007431,O P Q. Public administration education and health,50,15,35
S01007431,R S T U. Other,8,4,4
S01007431,Never worked,23,13,10
S01007432,All people aged 16 to 74 not in employment,271,99,172
S01007432,A B D E. Agriculture energy and water,15,15,0
S01007432,C. Manufacturing,39,16,23
S01007432,F. Construction,13,11,2
S01007432,G I. Distribution hotels and restaurants,38,16,22
S01007432,H J. Transport and communication,17,3,14
S01007432,K L M N. Financial real estate professional and administrative activities,13,5,8
S01007432,O P Q. Public administration education and health,74,13,61
S01007432,R S T U. Other,9,1,8
S01007432,Never worked,53,19,34
S01007433,All people aged 16 to 74 not in employment,240,102,138
S01007433,A B D E. Agriculture energy and water,13,12,1
S01007433,C. Manufacturing,34,18,16
S01007433,F. Construction,17,15,2
S01007433,G I. Distribution hotels and restaurants,45,15,30
S01007433,H J. Transport and communication,14,4,10
S01007433,K L M N. Financial real estate professional and administrative activities,20,8,12
S01007433,O P Q. Public administration education and health,54,9,45
S01007433,R S T U. Other,11,5,6
S01007433,Never worked,32,16,16
S01007434,All people aged 16 to 74 not in employment,163,75,88
S01007434,A B D E. Agriculture energy and water,11,10,1
S01007434,C. Manufacturing,15,5,10
S01007434,F. Construction,23,22,1
S01007434,G I. Distribution hotels and restaurants,30,11,19
S01007434,H J. Transport and communication,15,4,11
S01007434,K L M N. Financial real estate professional and administrative activities,14,6,8
S01007434,O P Q. Public administration education and health,27,5,22
S01007434,R S T U. Other,5,2,3
S01007434,Never worked,23,10,13
S01007435,All people aged 16 to 74 not in employment,191,94,97
S01007435,A B D E. Agriculture energy and water,4,3,1
S01007435,C. Manufacturing,23,12,11
S01007435,F. Construction,15,15,0
S01007435,G I. Distribution hotels and restaurants,34,21,13
S01007435,H J. Transport and communication,15,7,8
S01007435,K L M N. Financial real estate professional and administrative activities,23,11,12
S01007435,O P Q. Public administration education and health,49,11,38
S01007435,R S T U. Other,6,1,5
S01007435,Never worked,22,13,9
S01007436,All people aged 16 to 74 not in employment,206,86,120
S01007436,A B D E. Agriculture energy and water,6,5,1
S01007436,C. Manufacturing,35,15,20
S01007436,F. Construction,14,12,2
S01007436,G I. Distribution hotels and restaurants,36,13,23
S01007436,H J. Transport and communication,19,6,13
S01007436,K L M N. Financial real estate professional and administrative activities,21,12,9
S01007436,O P Q. Public administration education and health,40,9,31
S01007436,R S T U. Other,7,5,2
S01007436,Never worked,28,9,19
S01007437,All people aged 16 to 74 not in employment,137,60,77
S01007437,A B D E. Agriculture energy and water,6,3,3
S01007437,C. Manufacturing,13,6,7
S01007437,F. Construction,17,15,2
S01007437,G I. Distribution hotels and restaurants,20,4,16
S01007437,H J. Transport and communication,10,2,8
S01007437,K L M N. Financial real estate professional and administrative activities,12,7,5
S01007437,O P Q. Public administration education and health,36,11,25
S01007437,R S T U. Other,2,1,1
S01007437,Never worked,21,11,10
S01007438,All people aged 16 to 74 not in employment,216,88,128
S01007438,A B D E. Agriculture energy and water,12,6,6
S01007438,C. Manufacturing,35,20,15
S01007438,F. Construction,17,17,0
S01007438,G I. Distribution hotels and restaurants,46,12,34
S01007438,H J. Transport and communication,20,4,16
S01007438,K L M N. Financial real estate professional and administrative activities,16,8,8
S01007438,O P Q. Public administration education and health,45,13,32
S01007438,R S T U. Other,7,3,4
S01007438,Never worked,18,5,13
S01007439,All people aged 16 to 74 not in employment,222,95,127
S01007439,A B D E. Agriculture energy and water,11,9,2
S01007439,C. Manufacturing,44,22,22
S01007439,F. Construction,16,15,1
S01007439,G I. Distribution hotels and restaurants,34,11,23
S01007439,H J. Transport and communication,12,4,8
S01007439,K L M N. Financial real estate professional and administrative activities,20,8,12
S01007439,O P Q. Public administration education and health,56,14,42
S01007439,R S T U. Other,5,0,5
S01007439,Never worked,24,12,12
S01007440,All people aged 16 to 74 not in employment,175,78,97
S01007440,A B D E. Agriculture energy and water,12,8,4
S01007440,C. Manufacturing,34,16,18
S01007440,F. Construction,9,7,2
S01007440,G I. Distribution hotels and restaurants,25,6,19
S01007440,H J. Transport and communication,13,7,6
S01007440,K L M N. Financial real estate professional and administrative activities,11,5,6
S01007440,O P Q. Public administration education and health,36,11,25
S01007440,R S T U. Other,3,1,2
S01007440,Never worked,32,17,15
S01007441,All people aged 16 to 74 not in employment,149,64,85
S01007441,A B D E. Agriculture energy and water,7,5,2
S01007441,C. Manufacturing,14,10,4
S01007441,F. Construction,9,8,1
S01007441,G I. Distribution hotels and restaurants,24,10,14
S01007441,H J. Transport and communication,10,3,7
S01007441,K L M N. Financial real estate professional and administrative activities,23,7,16
S01007441,O P Q. Public administration education and health,42,10,32
S01007441,R S T U. Other,6,3,3
S01007441,Never worked,14,8,6
S01007442,All people aged 16 to 74 not in employment,133,58,75
S01007442,A B D E. Agriculture energy and water,1,0,1
S01007442,C. Manufacturing,13,10,3
S01007442,F. Construction,5,2,3
S01007442,G I. Distribution hotels and restaurants,28,12,16
S01007442,H J. Transport and communication,5,3,2
S01007442,K L M N. Financial real estate professional and administrative activities,13,7,6
S01007442,O P Q. Public administration education and health,48,15,33
S01007442,R S T U. Other,5,2,3
S01007442,Never worked,15,7,8
S01007443,All people aged 16 to 74 not in employment,299,133,166
S01007443,A B D E. Agriculture energy and water,10,10,0
S01007443,C. Manufacturing,30,20,10
S01007443,F. Construction,19,14,5
S01007443,G I. Distribution hotels and restaurants,23,8,15
S01007443,H J. Transport and communication,24,7,17
S01007443,K L M N. Financial real estate professional and administrative activities,34,15,19
S01007443,O P Q. Public administration education and health,76,16,60
S01007443,R S T U. Other,10,4,6
S01007443,Never worked,73,39,34
S01007444,All people aged 16 to 74 not in employment,249,99,150
S01007444,A B D E. Agriculture energy and water,11,9,2
S01007444,C. Manufacturing,27,16,11
S01007444,F. Construction,10,7,3
S01007444,G I. Distribution hotels and restaurants,28,9,19
S01007444,H J. Transport and communication,15,5,10
S01007444,K L M N. Financial real estate professional and administrative activities,26,11,15
S01007444,O P Q. Public administration education and health,82,19,63
S01007444,R S T U. Other,7,2,5
S01007444,Never worked,43,21,22
S01007445,All people aged 16 to 74 not in employment,185,83,102
S01007445,A B D E. Agriculture energy and water,9,8,1
S01007445,C. Manufacturing,19,19,0
S01007445,F. Construction,6,4,2
S01007445,G I. Distribution hotels and restaurants,28,7,21
S01007445,H J. Transport and communication,10,4,6
S01007445,K L M N. Financial real estate professional and administrative activities,25,9,16
S01007445,O P Q. Public administration education and health,61,17,44
S01007445,R S T U. Other,6,2,4
S01007445,Never worked,21,13,8
S01007446,All people aged 16 to 74 not in employment,133,50,83
S01007446,A B D E. Agriculture energy and water,7,3,4
S01007446,C. Manufacturing,11,4,7
S01007446,F. Construction,3,3,0
S01007446,G I. Distribution hotels and restaurants,11,3,8
S01007446,H J. Transport and communication,8,2,6
S01007446,K L M N. Financial real estate professional and administrative activities,24,14,10
S01007446,O P Q. Public administration education and health,42,9,33
S01007446,R S T U. Other,3,1,2
S01007446,Never worked,24,11,13
S01007447,All people aged 16 to 74 not in employment,148,61,87
S01007447,A B D E. Agriculture energy and water,3,3,0
S01007447,C. Manufacturing,14,9,5
S01007447,F. Construction,12,12,0
S01007447,G I. Distribution hotels and restaurants,15,4,11
S01007447,H J. Transport and communication,9,4,5
S01007447,K L M N. Financial real estate professional and administrative activities,21,10,11
S01007447,O P Q. Public administration education and health,49,9,40
S01007447,R S T U. Other,7,3,4
S01007447,Never worked,18,7,11
S01007448,All people aged 16 to 74 not in employment,252,109,143
S01007448,A B D E. Agriculture energy and water,17,14,3
S01007448,C. Manufacturing,26,16,10
S01007448,F. Construction,17,15,2
S01007448,G I. Distribution hotels and restaurants,54,17,37
S01007448,H J. Transport and communication,13,2,11
S01007448,K L M N. Financial real estate professional and administrative activities,14,4,10
S01007448,O P Q. Public administration education and health,76,23,53
S01007448,R S T U. Other,6,2,4
S01007448,Never worked,29,16,13
S01007449,All people aged 16 to 74 not in employment,317,142,175
S01007449,A B D E. Agriculture energy and water,23,17,6
S01007449,C. Manufacturing,47,26,21
S01007449,F. Construction,11,11,0
S01007449,G I. Distribution hotels and restaurants,46,18,28
S01007449,H J. Transport and communication,25,7,18
S01007449,K L M N. Financial real estate professional and administrative activities,41,15,26
S01007449,O P Q. Public administration education and health,64,24,40
S01007449,R S T U. Other,10,3,7
S01007449,Never worked,50,21,29
S01007450,All people aged 16 to 74 not in employment,249,104,145
S01007450,A B D E. Agriculture energy and water,9,9,0
S01007450,C. Manufacturing,29,12,17
S01007450,F. Construction,14,14,0
S01007450,G I. Distribution hotels and restaurants,38,18,20
S01007450,H J. Transport and communication,17,5,12
S01007450,K L M N. Financial real estate professional and administrative activities,26,12,14
S01007450,O P Q. Public administration education and health,54,11,43
S01007450,R S T U. Other,9,3,6
S01007450,Never worked,53,20,33
S01007451,All people aged 16 to 74 not in employment,173,78,95
S01007451,A B D E. Agriculture energy and water,8,7,1
S01007451,C. Manufacturing,27,17,10
S01007451,F. Construction,19,16,3
S01007451,G I. Distribution hotels and restaurants,33,10,23
S01007451,H J. Transport and communication,15,4,11
S01007451,K L M N. Financial real estate professional and administrative activities,11,5,6
S01007451,O P Q. Public administration education and health,29,5,24
S01007451,R S T U. Other,6,2,4
S01007451,Never worked,25,12,13
S01007452,All people aged 16 to 74 not in employment,167,78,89
S01007452,A B D E. Agriculture energy and water,9,8,1
S01007452,C. Manufacturing,21,12,9
S01007452,F. Construction,16,16,0
S01007452,G I. Distribution hotels and restaurants,32,13,19
S01007452,H J. Transport and communication,12,1,11
S01007452,K L M N. Financial real estate professional and administrative activities,13,3,10
S01007452,O P Q. Public administration education and health,28,9,19
S01007452,R S T U. Other,4,1,3
S01007452,Never worked,32,15,17
S01007453,All people aged 16 to 74 not in employment,105,42,63
S01007453,A B D E. Agriculture energy and water,3,1,2
S01007453,C. Manufacturing,6,3,3
S01007453,F. Construction,3,2,1
S01007453,G I. Distribution hotels and restaurants,24,7,17
S01007453,H J. Transport and communication,6,1,5
S01007453,K L M N. Financial real estate professional and administrative activities,11,4,7
S01007453,O P Q. Public administration education and health,19,7,12
S01007453,R S T U. Other,5,1,4
S01007453,Never worked,28,16,12
S01007454,All people aged 16 to 74 not in employment,148,72,76
S01007454,A B D E. Agriculture energy and water,6,4,2
S01007454,C. Manufacturing,36,19,17
S01007454,F. Construction,13,13,0
S01007454,G I. Distribution hotels and restaurants,26,13,13
S01007454,H J. Transport and communication,7,2,5
S01007454,K L M N. Financial real estate professional and administrative activities,7,1,6
S01007454,O P Q. Public administration education and health,19,6,13
S01007454,R S T U. Other,5,2,3
S01007454,Never worked,29,12,17
S01007455,All people aged 16 to 74 not in employment,274,102,172
S01007455,A B D E. Agriculture energy and water,4,2,2
S01007455,C. Manufacturing,42,16,26
S01007455,F. Construction,29,25,4
S01007455,G I. Distribution hotels and restaurants,47,18,29
S01007455,H J. Transport and communication,21,5,16
S01007455,K L M N. Financial real estate professional and administrative activities,16,7,9
S01007455,O P Q. Public administration education and health,56,8,48
S01007455,R S T U. Other,9,2,7
S01007455,Never worked,50,19,31
S01007456,All people aged 16 to 74 not in employment,257,105,152
S01007456,A B D E. Agriculture energy and water,6,6,0
S01007456,C. Manufacturing,35,19,16
S01007456,F. Construction,17,17,0
S01007456,G I. Distribution hotels and restaurants,58,23,35
S01007456,H J. Transport and communication,23,5,18
S01007456,K L M N. Financial real estate professional and administrative activities,20,6,14
S01007456,O P Q. Public administration education and health,32,6,26
S01007456,R S T U. Other,15,6,9
S01007456,Never worked,51,17,34
S01007457,All people aged 16 to 74 not in employment,317,151,166
S01007457,A B D E. Agriculture energy and water,15,10,5
S01007457,C. Manufacturing,41,24,17
S01007457,F. Construction,20,20,0
S01007457,G I. Distribution hotels and restaurants,49,20,29
S01007457,H J. Transport and communication,12,5,7
S01007457,K L M N. Financial real estate professional and administrative activities,32,17,15
S01007457,O P Q. Public administration education and health,50,13,37
S01007457,R S T U. Other,24,7,17
S01007457,Never worked,74,35,39
S01007458,All people aged 16 to 74 not in employment,107,43,64
S01007458,A B D E. Agriculture energy and water,3,2,1
S01007458,C. Manufacturing,14,7,7
S01007458,F. Construction,9,8,1
S01007458,G I. Distribution hotels and restaurants,10,4,6
S01007458,H J. Transport and communication,9,2,7
S01007458,K L M N. Financial real estate professional and administrative activities,11,4,7
S01007458,O P Q. Public administration education and health,30,6,24
S01007458,R S T U. Other,5,1,4
S01007458,Never worked,16,9,7
S01007459,All people aged 16 to 74 not in employment,182,74,108
S01007459,A B D E. Agriculture energy and water,9,8,1
S01007459,C. Manufacturing,32,13,19
S01007459,F. Construction,15,15,0
S01007459,G I. Distribution hotels and restaurants,26,12,14
S01007459,H J. Transport and communication,13,2,11
S01007459,K L M N. Financial real estate professional and administrative activities,11,4,7
S01007459,O P Q. Public administration education and health,53,13,40
S01007459,R S T U. Other,9,3,6
S01007459,Never worked,14,4,10
S01007460,All people aged 16 to 74 not in employment,243,108,135
S01007460,A B D E. Agriculture energy and water,12,12,0
S01007460,C. Manufacturing,39,25,14
S01007460,F. Construction,19,19,0
S01007460,G I. Distribution hotels and restaurants,38,16,22
S01007460,H J. Transport and communication,19,3,16
S01007460,K L M N. Financial real estate professional and administrative activities,14,4,10
S01007460,O P Q. Public administration education and health,52,8,44
S01007460,R S T U. Other,12,4,8
S01007460,Never worked,38,17,21
S01007461,All people aged 16 to 74 not in employment,276,130,146
S01007461,A B D E. Agriculture energy and water,10,7,3
S01007461,C. Manufacturing,39,20,19
S01007461,F. Construction,24,23,1
S01007461,G I. Distribution hotels and restaurants,45,19,26
S01007461,H J. Transport and communication,20,6,14
S01007461,K L M N. Financial real estate professional and administrative activities,28,14,14
S01007461,O P Q. Public administration education and health,30,9,21
S01007461,R S T U. Other,15,3,12
S01007461,Never worked,65,29,36
S01007462,All people aged 16 to 74 not in employment,195,88,107
S01007462,A B D E. Agriculture energy and water,7,7,0
S01007462,C. Manufacturing,29,11,18
S01007462,F. Construction,16,14,2
S01007462,G I. Distribution hotels and restaurants,25,11,14
S01007462,H J. Transport and communication,14,1,13
S01007462,K L M N. Financial real estate professional and administrative activities,17,6,11
S01007462,O P Q. Public administration education and health,28,10,18
S01007462,R S T U. Other,9,1,8
S01007462,Never worked,50,27,23
S01007463,All people aged 16 to 74 not in employment,374,159,215
S01007463,A B D E. Agriculture energy and water,17,14,3
S01007463,C. Manufacturing,55,27,28
S01007463,F. Construction,26,25,1
S01007463,G I. Distribution hotels and restaurants,65,22,43
S01007463,H J. Transport and communication,21,8,13
S01007463,K L M N. Financial real estate professional and administrative activities,35,12,23
S01007463,O P Q. Public administration education and health,45,9,36
S01007463,R S T U. Other,8,1,7
S01007463,Never worked,102,41,61
S01007464,All people aged 16 to 74 not in employment,255,100,155
S01007464,A B D E. Agriculture energy and water,9,7,2
S01007464,C. Manufacturing,40,20,20
S01007464,F. Construction,16,14,2
S01007464,G I. Distribution hotels and restaurants,30,6,24
S01007464,H J. Transport and communication,21,4,17
S01007464,K L M N. Financial real estate professional and administrative activities,31,15,16
S01007464,O P Q. Public administration education and health,51,9,42
S01007464,R S T U. Other,11,1,10
S01007464,Never worked,46,24,22
S01007465,All people aged 16 to 74 not in employment,334,159,175
S01007465,A B D E. Agriculture energy and water,14,12,2
S01007465,C. Manufacturing,47,23,24
S01007465,F. Construction,27,27,0
S01007465,G I. Distribution hotels and restaurants,62,23,39
S01007465,H J. Transport and communication,25,6,19
S01007465,K L M N. Financial real estate professional and administrative activities,30,14,16
S01007465,O P Q. Public administration education and health,39,12,27
S01007465,R S T U. Other,9,3,6
S01007465,Never worked,81,39,42
S01007466,All people aged 16 to 74 not in employment,399,224,175
S01007466,A B D E. Agriculture energy and water,13,11,2
S01007466,C. Manufacturing,48,34,14
S01007466,F. Construction,42,41,1
S01007466,G I. Distribution hotels and restaurants,67,33,34
S01007466,H J. Transport and communication,31,11,20
S01007466,K L M N. Financial real estate professional and administrative activities,39,20,19
S01007466,O P Q. Public administration education and health,58,18,40
S01007466,R S T U. Other,11,3,8
S01007466,Never worked,90,53,37
S01007467,All people aged 16 to 74 not in employment,291,128,163
S01007467,A B D E. Agriculture energy and water,18,12,6
S01007467,C. Manufacturing,38,22,16
S01007467,F. Construction,22,19,3
S01007467,G I. Distribution hotels and restaurants,45,11,34
S01007467,H J. Transport and communication,14,5,9
S01007467,K L M N. Financial real estate professional and administrative activities,28,14,14
S01007467,O P Q. Public administration education and health,77,22,55
S01007467,R S T U. Other,9,2,7
S01007467,Never worked,40,21,19
S01007468,All people aged 16 to 74 not in employment,168,65,103
S01007468,A B D E. Agriculture energy and water,2,2,0
S01007468,C. Manufacturing,28,17,11
S01007468,F. Construction,14,11,3
S01007468,G I. Distribution hotels and restaurants,34,10,24
S01007468,H J. Transport and communication,10,5,5
S01007468,K L M N. Financial real estate professional and administrative activities,13,2,11
S01007468,O P Q. Public administration education and health,41,7,34
S01007468,R S T U. Other,3,2,1
S01007468,Never worked,23,9,14
S01007469,All people aged 16 to 74 not in employment,156,71,85
S01007469,A B D E. Agriculture energy and water,4,3,1
S01007469,C. Manufacturing,30,15,15
S01007469,F. Construction,14,13,1
S01007469,G I. Distribution hotels and restaurants,21,7,14
S01007469,H J. Transport and communication,17,4,13
S01007469,K L M N. Financial real estate professional and administrative activities,11,3,8
S01007469,O P Q. Public administration education and health,26,13,13
S01007469,R S T U. Other,5,1,4
S01007469,Never worked,28,12,16
S01007470,All people aged 16 to 74 not in employment,221,99,122
S01007470,A B D E. Agriculture energy and water,12,12,0
S01007470,C. Manufacturing,29,15,14
S01007470,F. Construction,20,17,3
S01007470,G I. Distribution hotels and restaurants,26,13,13
S01007470,H J. Transport and communication,18,2,16
S01007470,K L M N. Financial real estate professional and administrative activities,17,7,10
S01007470,O P Q. Public administration education and health,36,12,24
S01007470,R S T U. Other,10,3,7
S01007470,Never worked,53,18,35
S01007471,All people aged 16 to 74 not in employment,103,41,62
S01007471,A B D E. Agriculture energy and water,2,2,0
S01007471,C. Manufacturing,17,8,9
S01007471,F. Construction,6,6,0
S01007471,G I. Distribution hotels and restaurants,13,4,9
S01007471,H J. Transport and communication,9,2,7
S01007471,K L M N. Financial real estate professional and administrative activities,12,6,6
S01007471,O P Q. Public administration education and health,21,2,19
S01007471,R S T U. Other,3,1,2
S01007471,Never worked,20,10,10
S01007472,All people aged 16 to 74 not in employment,183,64,119
S01007472,A B D E. Agriculture energy and water,8,7,1
S01007472,C. Manufacturing,36,16,20
S01007472,F. Construction,10,10,0
S01007472,G I. Distribution hotels and restaurants,37,14,23
S01007472,H J. Transport and communication,20,3,17
S01007472,K L M N. Financial real estate professional and administrative activities,13,3,10
S01007472,O P Q. Public administration education and health,33,3,30
S01007472,R S T U. Other,10,2,8
S01007472,Never worked,16,6,10
S01007473,All people aged 16 to 74 not in employment,132,59,73
S01007473,A B D E. Agriculture energy and water,6,3,3
S01007473,C. Manufacturing,25,16,9
S01007473,F. Construction,10,10,0
S01007473,G I. Distribution hotels and restaurants,21,8,13
S01007473,H J. Transport and communication,12,2,10
S01007473,K L M N. Financial real estate professional and administrative activities,10,4,6
S01007473,O P Q. Public administration education and health,25,3,22
S01007473,R S T U. Other,5,3,2
S01007473,Never worked,18,10,8
S01007474,All people aged 16 to 74 not in employment,123,57,66
S01007474,A B D E. Agriculture energy and water,3,3,0
S01007474,C. Manufacturing,12,7,5
S01007474,F. Construction,6,5,1
S01007474,G I. Distribution hotels and restaurants,27,8,19
S01007474,H J. Transport and communication,10,4,6
S01007474,K L M N. Financial real estate professional and administrative activities,8,5,3
S01007474,O P Q. Public administration education and health,40,14,26
S01007474,R S T U. Other,5,2,3
S01007474,Never worked,12,9,3
S01007475,All people aged 16 to 74 not in employment,150,72,78
S01007475,A B D E. Agriculture energy and water,5,5,0
S01007475,C. Manufacturing,21,14,7
S01007475,F. Construction,6,3,3
S01007475,G I. Distribution hotels and restaurants,19,7,12
S01007475,H J. Transport and communication,12,5,7
S01007475,K L M N. Financial real estate professional and administrative activities,16,6,10
S01007475,O P Q. Public administration education and health,48,18,30
S01007475,R S T U. Other,4,1,3
S01007475,Never worked,19,13,6
S01007476,All people aged 16 to 74 not in employment,183,77,106
S01007476,A B D E. Agriculture energy and water,14,12,2
S01007476,C. Manufacturing,29,14,15
S01007476,F. Construction,11,11,0
S01007476,G I. Distribution hotels and restaurants,22,10,12
S01007476,H J. Transport and communication,15,4,11
S01007476,K L M N. Financial real estate professional and administrative activities,15,6,9
S01007476,O P Q. Public administration education and health,53,9,44
S01007476,R S T U. Other,4,1,3
S01007476,Never worked,20,10,10
S01007477,All people aged 16 to 74 not in employment,130,56,74
S01007477,A B D E. Agriculture energy and water,3,3,0
S01007477,C. Manufacturing,14,10,4
S01007477,F. Construction,14,10,4
S01007477,G I. Distribution hotels and restaurants,22,11,11
S01007477,H J. Transport and communication,11,3,8
S01007477,K L M N. Financial real estate professional and administrative activities,10,2,8
S01007477,O P Q. Public administration education and health,33,7,26
S01007477,R S T U. Other,9,2,7
S01007477,Never worked,14,8,6
S01007478,All people aged 16 to 74 not in employment,205,90,115
S01007478,A B D E. Agriculture energy and water,7,3,4
S01007478,C. Manufacturing,23,15,8
S01007478,F. Construction,16,14,2
S01007478,G I. Distribution hotels and restaurants,32,12,20
S01007478,H J. Transport and communication,16,6,10
S01007478,K L M N. Financial real estate professional and administrative activities,20,8,12
S01007478,O P Q. Public administration education and health,50,11,39
S01007478,R S T U. Other,8,3,5
S01007478,Never worked,33,18,15
S01007479,All people aged 16 to 74 not in employment,120,52,68
S01007479,A B D E. Agriculture energy and water,2,2,0
S01007479,C. Manufacturing,14,8,6
S01007479,F. Construction,11,11,0
S01007479,G I. Distribution hotels and restaurants,15,5,10
S01007479,H J. Transport and communication,14,3,11
S01007479,K L M N. Financial real estate professional and administrative activities,13,7,6
S01007479,O P Q. Public administration education and health,27,4,23
S01007479,R S T U. Other,2,0,2
S01007479,Never worked,22,12,10
S01007480,All people aged 16 to 74 not in employment,134,59,75
S01007480,A B D E. Agriculture energy and water,4,2,2
S01007480,C. Manufacturing,22,17,5
S01007480,F. Construction,7,4,3
S01007480,G I. Distribution hotels and restaurants,32,13,19
S01007480,H J. Transport and communication,12,2,10
S01007480,K L M N. Financial real estate professional and administrative activities,10,6,4
S01007480,O P Q. Public administration education and health,28,7,21
S01007480,R S T U. Other,3,0,3
S01007480,Never worked,16,8,8
S01007481,All people aged 16 to 74 not in employment,265,102,163
S01007481,A B D E. Agriculture energy and water,17,9,8
S01007481,C. Manufacturing,11,4,7
S01007481,F. Construction,16,12,4
S01007481,G I. Distribution hotels and restaurants,54,20,34
S01007481,H J. Transport and communication,25,7,18
S01007481,K L M N. Financial real estate professional and administrative activities,34,15,19
S01007481,O P Q. Public administration education and health,82,25,57
S01007481,R S T U. Other,8,4,4
S01007481,Never worked,18,6,12
S01007482,All people aged 16 to 74 not in employment,142,57,85
S01007482,A B D E. Agriculture energy and water,6,6,0
S01007482,C. Manufacturing,8,1,7
S01007482,F. Construction,3,2,1
S01007482,G I. Distribution hotels and restaurants,40,21,19
S01007482,H J. Transport and communication,18,4,14
S01007482,K L M N. Financial real estate professional and administrative activities,10,5,5
S01007482,O P Q. Public administration education and health,25,4,21
S01007482,R S T U. Other,8,3,5
S01007482,Never worked,24,11,13
S01007483,All people aged 16 to 74 not in employment,206,90,116
S01007483,A B D E. Agriculture energy and water,4,3,1
S01007483,C. Manufacturing,17,7,10
S01007483,F. Construction,11,10,1
S01007483,G I. Distribution hotels and restaurants,46,27,19
S01007483,H J. Transport and communication,27,8,19
S01007483,K L M N. Financial real estate professional and administrative activities,17,5,12
S01007483,O P Q. Public administration education and health,39,10,29
S01007483,R S T U. Other,10,4,6
S01007483,Never worked,35,16,19
S01007484,All people aged 16 to 74 not in employment,188,90,98
S01007484,A B D E. Agriculture energy and water,9,7,2
S01007484,C. Manufacturing,15,11,4
S01007484,F. Construction,9,8,1
S01007484,G I. Distribution hotels and restaurants,56,30,26
S01007484,H J. Transport and communication,21,4,17
S01007484,K L M N. Financial real estate professional and administrative activities,10,3,7
S01007484,O P Q. Public administration education and health,33,7,26
S01007484,R S T U. Other,5,4,1
S01007484,Never worked,30,16,14
S01007485,All people aged 16 to 74 not in employment,169,73,96
S01007485,A B D E. Agriculture energy and water,10,7,3
S01007485,C. Manufacturing,27,8,19
S01007485,F. Construction,15,15,0
S01007485,G I. Distribution hotels and restaurants,44,22,22
S01007485,H J. Transport and communication,20,5,15
S01007485,K L M N. Financial real estate professional and administrative activities,5,0,5
S01007485,O P Q. Public administration education and health,14,5,9
S01007485,R S T U. Other,6,1,5
S01007485,Never worked,28,10,18
S01007486,All people aged 16 to 74 not in employment,211,82,129
S01007486,A B D E. Agriculture energy and water,20,14,6
S01007486,C. Manufacturing,24,12,12
S01007486,F. Construction,12,10,2
S01007486,G I. Distribution hotels and restaurants,32,13,19
S01007486,H J. Transport and communication,27,1,26
S01007486,K L M N. Financial real estate professional and administrative activities,14,9,5
S01007486,O P Q. Public administration education and health,34,7,27
S01007486,R S T U. Other,5,2,3
S01007486,Never worked,43,14,29
S01007487,All people aged 16 to 74 not in employment,310,159,151
S01007487,A B D E. Agriculture energy and water,18,14,4
S01007487,C. Manufacturing,41,17,24
S01007487,F. Construction,25,24,1
S01007487,G I. Distribution hotels and restaurants,47,21,26
S01007487,H J. Transport and communication,50,28,22
S01007487,K L M N. Financial real estate professional and administrative activities,24,11,13
S01007487,O P Q. Public administration education and health,35,12,23
S01007487,R S T U. Other,8,3,5
S01007487,Never worked,62,29,33
S01007488,All people aged 16 to 74 not in employment,268,115,153
S01007488,A B D E. Agriculture energy and water,14,10,4
S01007488,C. Manufacturing,19,9,10
S01007488,F. Construction,19,19,0
S01007488,G I. Distribution hotels and restaurants,49,23,26
S01007488,H J. Transport and communication,27,14,13
S01007488,K L M N. Financial real estate professional and administrative activities,16,7,9
S01007488,O P Q. Public administration education and health,59,12,47
S01007488,R S T U. Other,15,3,12
S01007488,Never worked,50,18,32
S01007489,All people aged 16 to 74 not in employment,225,95,130
S01007489,A B D E. Agriculture energy and water,18,12,6
S01007489,C. Manufacturing,19,8,11
S01007489,F. Construction,17,13,4
S01007489,G I. Distribution hotels and restaurants,47,18,29
S01007489,H J. Transport and communication,29,6,23
S01007489,K L M N. Financial real estate professional and administrative activities,16,7,9
S01007489,O P Q. Public administration education and health,43,10,33
S01007489,R S T U. Other,1,1,0
S01007489,Never worked,35,20,15
S01007490,All people aged 16 to 74 not in employment,290,134,156
S01007490,A B D E. Agriculture energy and water,12,7,5
S01007490,C. Manufacturing,23,11,12
S01007490,F. Construction,25,24,1
S01007490,G I. Distribution hotels and restaurants,74,34,40
S01007490,H J. Transport and communication,26,9,17
S01007490,K L M N. Financial real estate professional and administrative activities,18,5,13
S01007490,O P Q. Public administration education and health,50,17,33
S01007490,R S T U. Other,10,5,5
S01007490,Never worked,52,22,30
S01007491,All people aged 16 to 74 not in employment,286,123,163
S01007491,A B D E. Agriculture energy and water,9,6,3
S01007491,C. Manufacturing,34,15,19
S01007491,F. Construction,14,12,2
S01007491,G I. Distribution hotels and restaurants,68,28,40
S01007491,H J. Transport and communication,29,11,18
S01007491,K L M N. Financial real estate professional and administrative activities,19,8,11
S01007491,O P Q. Public administration education and health,57,13,44
S01007491,R S T U. Other,8,4,4
S01007491,Never worked,48,26,22
S01007492,All people aged 16 to 74 not in employment,206,95,111
S01007492,A B D E. Agriculture energy and water,14,12,2
S01007492,C. Manufacturing,14,9,5
S01007492,F. Construction,11,11,0
S01007492,G I. Distribution hotels and restaurants,42,23,19
S01007492,H J. Transport and communication,19,4,15
S01007492,K L M N. Financial real estate professional and administrative activities,17,11,6
S01007492,O P Q. Public administration education and health,47,12,35
S01007492,R S T U. Other,8,5,3
S01007492,Never worked,34,8,26
S01007493,All people aged 16 to 74 not in employment,227,100,127
S01007493,A B D E. Agriculture energy and water,11,10,1
S01007493,C. Manufacturing,21,8,13
S01007493,F. Construction,13,12,1
S01007493,G I. Distribution hotels and restaurants,45,24,21
S01007493,H J. Transport and communication,30,12,18
S01007493,K L M N. Financial real estate professional and administrative activities,12,4,8
S01007493,O P Q. Public administration education and health,50,13,37
S01007493,R S T U. Other,10,4,6
S01007493,Never worked,35,13,22
S01007494,All people aged 16 to 74 not in employment,164,74,90
S01007494,A B D E. Agriculture energy and water,15,10,5
S01007494,C. Manufacturing,12,8,4
S01007494,F. Construction,3,3,0
S01007494,G I. Distribution hotels and restaurants,29,16,13
S01007494,H J. Transport and communication,18,5,13
S01007494,K L M N. Financial real estate professional and administrative activities,12,8,4
S01007494,O P Q. Public administration education and health,46,15,31
S01007494,R S T U. Other,7,3,4
S01007494,Never worked,22,6,16
S01007495,All people aged 16 to 74 not in employment,193,87,106
S01007495,A B D E. Agriculture energy and water,13,9,4
S01007495,C. Manufacturing,12,7,5
S01007495,F. Construction,10,10,0
S01007495,G I. Distribution hotels and restaurants,40,24,16
S01007495,H J. Transport and communication,17,8,9
S01007495,K L M N. Financial real estate professional and administrative activities,24,10,14
S01007495,O P Q. Public administration education and health,46,12,34
S01007495,R S T U. Other,12,2,10
S01007495,Never worked,19,5,14
S01007496,All people aged 16 to 74 not in employment,328,135,193
S01007496,A B D E. Agriculture energy and water,24,13,11
S01007496,C. Manufacturing,27,13,14
S01007496,F. Construction,8,6,2
S01007496,G I. Distribution hotels and restaurants,56,31,25
S01007496,H J. Transport and communication,41,12,29
S01007496,K L M N. Financial real estate professional and administrative activities,35,19,16
S01007496,O P Q. Public administration education and health,84,19,65
S01007496,R S T U. Other,25,9,16
S01007496,Never worked,28,13,15
S01007497,All people aged 16 to 74 not in employment,180,76,104
S01007497,A B D E. Agriculture energy and water,11,7,4
S01007497,C. Manufacturing,17,7,10
S01007497,F. Construction,7,7,0
S01007497,G I. Distribution hotels and restaurants,34,14,20
S01007497,H J. Transport and communication,19,3,16
S01007497,K L M N. Financial real estate professional and administrative activities,17,8,9
S01007497,O P Q. Public administration education and health,29,9,20
S01007497,R S T U. Other,7,1,6
S01007497,Never worked,39,20,19
S01007498,All people aged 16 to 74 not in employment,266,102,164
S01007498,A B D E. Agriculture energy and water,13,8,5
S01007498,C. Manufacturing,22,10,12
S01007498,F. Construction,9,9,0
S01007498,G I. Distribution hotels and restaurants,67,30,37
S01007498,H J. Transport and communication,28,6,22
S01007498,K L M N. Financial real estate professional and administrative activities,22,6,16
S01007498,O P Q. Public administration education and health,69,14,55
S01007498,R S T U. Other,4,1,3
S01007498,Never worked,32,18,14
S01007499,All people aged 16 to 74 not in employment,225,97,128
S01007499,A B D E. Agriculture energy and water,18,13,5
S01007499,C. Manufacturing,28,15,13
S01007499,F. Construction,13,11,2
S01007499,G I. Distribution hotels and restaurants,51,28,23
S01007499,H J. Transport and communication,22,6,16
S01007499,K L M N. Financial real estate professional and administrative activities,9,5,4
S01007499,O P Q. Public administration education and health,39,7,32
S01007499,R S T U. Other,6,0,6
S01007499,Never worked,39,12,27
S01007500,All people aged 16 to 74 not in employment,210,96,114
S01007500,A B D E. Agriculture energy and water,10,7,3
S01007500,C. Manufacturing,22,12,10
S01007500,F. Construction,17,16,1
S01007500,G I. Distribution hotels and restaurants,51,26,25
S01007500,H J. Transport and communication,24,3,21
S01007500,K L M N. Financial real estate professional and administrative activities,15,10,5
S01007500,O P Q. Public administration education and health,44,11,33
S01007500,R S T U. Other,5,2,3
S01007500,Never worked,22,9,13
S01007501,All people aged 16 to 74 not in employment,263,117,146
S01007501,A B D E. Agriculture energy and water,23,14,9
S01007501,C. Manufacturing,23,13,10
S01007501,F. Construction,8,8,0
S01007501,G I. Distribution hotels and restaurants,52,30,22
S01007501,H J. Transport and communication,30,9,21
S01007501,K L M N. Financial real estate professional and administrative activities,21,12,9
S01007501,O P Q. Public administration education and health,77,21,56
S01007501,R S T U. Other,14,4,10
S01007501,Never worked,15,6,9
S01007502,All people aged 16 to 74 not in employment,164,72,92
S01007502,A B D E. Agriculture energy and water,16,12,4
S01007502,C. Manufacturing,18,6,12
S01007502,F. Construction,17,16,1
S01007502,G I. Distribution hotels and restaurants,23,13,10
S01007502,H J. Transport and communication,16,5,11
S01007502,K L M N. Financial real estate professional and administrative activities,17,4,13
S01007502,O P Q. Public administration education and health,34,4,30
S01007502,R S T U. Other,5,4,1
S01007502,Never worked,18,8,10
S01007503,All people aged 16 to 74 not in employment,319,136,183
S01007503,A B D E. Agriculture energy and water,27,21,6
S01007503,C. Manufacturing,29,15,14
S01007503,F. Construction,19,17,2
S01007503,G I. Distribution hotels and restaurants,66,28,38
S01007503,H J. Transport and communication,26,5,21
S01007503,K L M N. Financial real estate professional and administrative activities,31,10,21
S01007503,O P Q. Public administration education and health,74,17,57
S01007503,R S T U. Other,9,7,2
S01007503,Never worked,38,16,22
S01007504,All people aged 16 to 74 not in employment,197,86,111
S01007504,A B D E. Agriculture energy and water,20,12,8
S01007504,C. Manufacturing,14,5,9
S01007504,F. Construction,10,9,1
S01007504,G I. Distribution hotels and restaurants,39,21,18
S01007504,H J. Transport and communication,18,5,13
S01007504,K L M N. Financial real estate professional and administrative activities,16,7,9
S01007504,O P Q. Public administration education and health,56,17,39
S01007504,R S T U. Other,7,2,5
S01007504,Never worked,17,8,9
S01007505,All people aged 16 to 74 not in employment,113,39,74
S01007505,A B D E. Agriculture energy and water,14,12,2
S01007505,C. Manufacturing,9,4,5
S01007505,F. Construction,3,2,1
S01007505,G I. Distribution hotels and restaurants,21,6,15
S01007505,H J. Transport and communication,13,1,12
S01007505,K L M N. Financial real estate professional and administrative activities,4,3,1
S01007505,O P Q. Public administration education and health,31,3,28
S01007505,R S T U. Other,5,3,2
S01007505,Never worked,13,5,8
S01007506,All people aged 16 to 74 not in employment,144,62,82
S01007506,A B D E. Agriculture energy and water,15,10,5
S01007506,C. Manufacturing,9,4,5
S01007506,F. Construction,12,9,3
S01007506,G I. Distribution hotels and restaurants,18,9,9
S01007506,H J. Transport and communication,14,7,7
S01007506,K L M N. Financial real estate professional and administrative activities,15,10,5
S01007506,O P Q. Public administration education and health,45,8,37
S01007506,R S T U. Other,7,2,5
S01007506,Never worked,9,3,6
S01007507,All people aged 16 to 74 not in employment,270,120,150
S01007507,A B D E. Agriculture energy and water,12,9,3
S01007507,C. Manufacturing,22,8,14
S01007507,F. Construction,21,20,1
S01007507,G I. Distribution hotels and restaurants,56,25,31
S01007507,H J. Transport and communication,29,9,20
S01007507,K L M N. Financial real estate professional and administrative activities,22,10,12
S01007507,O P Q. Public administration education and health,64,16,48
S01007507,R S T U. Other,7,3,4
S01007507,Never worked,37,20,17
S01007508,All people aged 16 to 74 not in employment,213,99,114
S01007508,A B D E. Agriculture energy and water,25,21,4
S01007508,C. Manufacturing,19,6,13
S01007508,F. Construction,13,10,3
S01007508,G I. Distribution hotels and restaurants,28,10,18
S01007508,H J. Transport and communication,19,5,14
S01007508,K L M N. Financial real estate professional and administrative activities,14,7,7
S01007508,O P Q. Public administration education and health,62,23,39
S01007508,R S T U. Other,6,3,3
S01007508,Never worked,27,14,13
S01007509,All people aged 16 to 74 not in employment,190,93,97
S01007509,A B D E. Agriculture energy and water,16,12,4
S01007509,C. Manufacturing,25,15,10
S01007509,F. Construction,7,7,0
S01007509,G I. Distribution hotels and restaurants,33,18,15
S01007509,H J. Transport and communication,16,8,8
S01007509,K L M N. Financial real estate professional and administrative activities,17,7,10
S01007509,O P Q. Public administration education and health,48,15,33
S01007509,R S T U. Other,7,4,3
S01007509,Never worked,21,7,14
S01007510,All people aged 16 to 74 not in employment,334,142,192
S01007510,A B D E. Agriculture energy and water,30,21,9
S01007510,C. Manufacturing,20,15,5
S01007510,F. Construction,23,19,4
S01007510,G I. Distribution hotels and restaurants,53,23,30
S01007510,H J. Transport and communication,29,8,21
S01007510,K L M N. Financial real estate professional and administrative activities,40,17,23
S01007510,O P Q. Public administration education and health,82,16,66
S01007510,R S T U. Other,13,7,6
S01007510,Never worked,44,16,28
S01007511,All people aged 16 to 74 not in employment,309,132,177
S01007511,A B D E. Agriculture energy and water,22,15,7
S01007511,C. Manufacturing,43,26,17
S01007511,F. Construction,17,16,1
S01007511,G I. Distribution hotels and restaurants,46,15,31
S01007511,H J. Transport and communication,29,9,20
S01007511,K L M N. Financial real estate professional and administrative activities,13,5,8
S01007511,O P Q. Public administration education and health,65,17,48
S01007511,R S T U. Other,18,4,14
S01007511,Never worked,56,25,31
S01007512,All people aged 16 to 74 not in employment,165,76,89
S01007512,A B D E. Agriculture energy and water,12,9,3
S01007512,C. Manufacturing,13,9,4
S01007512,F. Construction,8,7,1
S01007512,G I. Distribution hotels and restaurants,16,9,7
S01007512,H J. Transport and communication,21,5,16
S01007512,K L M N. Financial real estate professional and administrative activities,13,8,5
S01007512,O P Q. Public administration education and health,56,16,40
S01007512,R S T U. Other,4,2,2
S01007512,Never worked,22,11,11
S01007513,All people aged 16 to 74 not in employment,312,131,181
S01007513,A B D E. Agriculture energy and water,21,13,8
S01007513,C. Manufacturing,38,23,15
S01007513,F. Construction,14,14,0
S01007513,G I. Distribution hotels and restaurants,61,26,35
S01007513,H J. Transport and communication,25,6,19
S01007513,K L M N. Financial real estate professional and administrative activities,23,10,13
S01007513,O P Q. Public administration education and health,61,16,45
S01007513,R S T U. Other,8,4,4
S01007513,Never worked,61,19,42
S01007514,All people aged 16 to 74 not in employment,143,62,81
S01007514,A B D E. Agriculture energy and water,9,8,1
S01007514,C. Manufacturing,13,8,5
S01007514,F. Construction,12,12,0
S01007514,G I. Distribution hotels and restaurants,22,13,9
S01007514,H J. Transport and communication,21,9,12
S01007514,K L M N. Financial real estate professional and administrative activities,5,1,4
S01007514,O P Q. Public administration education and health,38,4,34
S01007514,R S T U. Other,5,1,4
S01007514,Never worked,18,6,12
S01007515,All people aged 16 to 74 not in employment,185,75,110
S01007515,A B D E. Agriculture energy and water,7,4,3
S01007515,C. Manufacturing,10,5,5
S01007515,F. Construction,8,6,2
S01007515,G I. Distribution hotels and restaurants,31,14,17
S01007515,H J. Transport and communication,21,8,13
S01007515,K L M N. Financial real estate professional and administrative activities,11,7,4
S01007515,O P Q. Public administration education and health,68,23,45
S01007515,R S T U. Other,9,3,6
S01007515,Never worked,20,5,15
S01007516,All people aged 16 to 74 not in employment,154,67,87
S01007516,A B D E. Agriculture energy and water,7,6,1
S01007516,C. Manufacturing,26,12,14
S01007516,F. Construction,8,7,1
S01007516,G I. Distribution hotels and restaurants,23,9,14
S01007516,H J. Transport and communication,19,5,14
S01007516,K L M N. Financial real estate professional and administrative activities,9,3,6
S01007516,O P Q. Public administration education and health,27,7,20
S01007516,R S T U. Other,9,7,2
S01007516,Never worked,26,11,15
S01007517,All people aged 16 to 74 not in employment,141,57,84
S01007517,A B D E. Agriculture energy and water,8,7,1
S01007517,C. Manufacturing,15,7,8
S01007517,F. Construction,8,5,3
S01007517,G I. Distribution hotels and restaurants,24,9,15
S01007517,H J. Transport and communication,11,4,7
S01007517,K L M N. Financial real estate professional and administrative activities,8,4,4
S01007517,O P Q. Public administration education and health,49,12,37
S01007517,R S T U. Other,3,2,1
S01007517,Never worked,15,7,8
S01007518,All people aged 16 to 74 not in employment,249,116,133
S01007518,A B D E. Agriculture energy and water,9,8,1
S01007518,C. Manufacturing,24,11,13
S01007518,F. Construction,17,16,1
S01007518,G I. Distribution hotels and restaurants,50,28,22
S01007518,H J. Transport and communication,36,9,27
S01007518,K L M N. Financial real estate professional and administrative activities,13,6,7
S01007518,O P Q. Public administration education and health,55,15,40
S01007518,R S T U. Other,9,3,6
S01007518,Never worked,36,20,16
S01007519,All people aged 16 to 74 not in employment,142,62,80
S01007519,A B D E. Agriculture energy and water,13,10,3
S01007519,C. Manufacturing,13,8,5
S01007519,F. Construction,11,9,2
S01007519,G I. Distribution hotels and restaurants,19,6,13
S01007519,H J. Transport and communication,3,1,2
S01007519,K L M N. Financial real estate professional and administrative activities,14,3,11
S01007519,O P Q. Public administration education and health,52,20,32
S01007519,R S T U. Other,4,1,3
S01007519,Never worked,13,4,9
S01007520,All people aged 16 to 74 not in employment,307,136,171
S01007520,A B D E. Agriculture energy and water,17,11,6
S01007520,C. Manufacturing,29,18,11
S01007520,F. Construction,18,17,1
S01007520,G I. Distribution hotels and restaurants,45,19,26
S01007520,H J. Transport and communication,39,15,24
S01007520,K L M N. Financial real estate professional and administrative activities,28,13,15
S01007520,O P Q. Public administration education and health,85,21,64
S01007520,R S T U. Other,14,4,10
S01007520,Never worked,32,18,14
S01007521,All people aged 16 to 74 not in employment,124,55,69
S01007521,A B D E. Agriculture energy and water,9,6,3
S01007521,C. Manufacturing,11,7,4
S01007521,F. Construction,9,6,3
S01007521,G I. Distribution hotels and restaurants,13,10,3
S01007521,H J. Transport and communication,14,5,9
S01007521,K L M N. Financial real estate professional and administrative activities,15,6,9
S01007521,O P Q. Public administration education and health,41,11,30
S01007521,R S T U. Other,4,0,4
S01007521,Never worked,8,4,4
S01007522,All people aged 16 to 74 not in employment,274,118,156
S01007522,A B D E. Agriculture energy and water,26,25,1
S01007522,C. Manufacturing,23,14,9
S01007522,F. Construction,7,6,1
S01007522,G I. Distribution hotels and restaurants,32,8,24
S01007522,H J. Transport and communication,27,9,18
S01007522,K L M N. Financial real estate professional and administrative activities,17,10,7
S01007522,O P Q. Public administration education and health,99,24,75
S01007522,R S T U. Other,17,9,8
S01007522,Never worked,26,13,13
S01007523,All people aged 16 to 74 not in employment,150,60,90
S01007523,A B D E. Agriculture energy and water,9,5,4
S01007523,C. Manufacturing,6,4,2
S01007523,F. Construction,8,6,2
S01007523,G I. Distribution hotels and restaurants,27,9,18
S01007523,H J. Transport and communication,7,2,5
S01007523,K L M N. Financial real estate professional and administrative activities,12,4,8
S01007523,O P Q. Public administration education and health,46,14,32
S01007523,R S T U. Other,8,4,4
S01007523,Never worked,27,12,15
S01007524,All people aged 16 to 74 not in employment,251,106,145
S01007524,A B D E. Agriculture energy and water,14,11,3
S01007524,C. Manufacturing,23,15,8
S01007524,F. Construction,11,7,4
S01007524,G I. Distribution hotels and restaurants,48,25,23
S01007524,H J. Transport and communication,24,5,19
S01007524,K L M N. Financial real estate professional and administrative activities,23,11,12
S01007524,O P Q. Public administration education and health,68,20,48
S01007524,R S T U. Other,11,3,8
S01007524,Never worked,29,9,20
S01007525,All people aged 16 to 74 not in employment,141,58,83
S01007525,A B D E. Agriculture energy and water,6,5,1
S01007525,C. Manufacturing,21,10,11
S01007525,F. Construction,8,8,0
S01007525,G I. Distribution hotels and restaurants,27,13,14
S01007525,H J. Transport and communication,13,4,9
S01007525,K L M N. Financial real estate professional and administrative activities,17,5,12
S01007525,O P Q. Public administration education and health,39,8,31
S01007525,R S T U. Other,2,1,1
S01007525,Never worked,8,4,4
S01007526,All people aged 16 to 74 not in employment,236,110,126
S01007526,A B D E. Agriculture energy and water,12,12,0
S01007526,C. Manufacturing,27,19,8
S01007526,F. Construction,16,11,5
S01007526,G I. Distribution hotels and restaurants,30,11,19
S01007526,H J. Transport and communication,21,7,14
S01007526,K L M N. Financial real estate professional and administrative activities,17,8,9
S01007526,O P Q. Public administration education and health,65,24,41
S01007526,R S T U. Other,15,3,12
S01007526,Never worked,33,15,18
S01007527,All people aged 16 to 74 not in employment,217,100,117
S01007527,A B D E. Agriculture energy and water,17,14,3
S01007527,C. Manufacturing,30,20,10
S01007527,F. Construction,12,11,1
S01007527,G I. Distribution hotels and restaurants,38,16,22
S01007527,H J. Transport and communication,17,8,9
S01007527,K L M N. Financial real estate professional and administrative activities,13,7,6
S01007527,O P Q. Public administration education and health,60,11,49
S01007527,R S T U. Other,8,3,5
S01007527,Never worked,22,10,12
S01007528,All people aged 16 to 74 not in employment,181,94,87
S01007528,A B D E. Agriculture energy and water,12,12,0
S01007528,C. Manufacturing,25,14,11
S01007528,F. Construction,5,4,1
S01007528,G I. Distribution hotels and restaurants,27,11,16
S01007528,H J. Transport and communication,27,11,16
S01007528,K L M N. Financial real estate professional and administrative activities,14,6,8
S01007528,O P Q. Public administration education and health,31,12,19
S01007528,R S T U. Other,8,4,4
S01007528,Never worked,32,20,12
S01007529,All people aged 16 to 74 not in employment,202,85,117
S01007529,A B D E. Agriculture energy and water,10,9,1
S01007529,C. Manufacturing,22,14,8
S01007529,F. Construction,20,14,6
S01007529,G I. Distribution hotels and restaurants,28,12,16
S01007529,H J. Transport and communication,14,4,10
S01007529,K L M N. Financial real estate professional and administrative activities,15,2,13
S01007529,O P Q. Public administration education and health,74,22,52
S01007529,R S T U. Other,2,0,2
S01007529,Never worked,17,8,9
S01007530,All people aged 16 to 74 not in employment,130,42,88
S01007530,A B D E. Agriculture energy and water,9,6,3
S01007530,C. Manufacturing,16,7,9
S01007530,F. Construction,5,2,3
S01007530,G I. Distribution hotels and restaurants,14,3,11
S01007530,H J. Transport and communication,12,4,8
S01007530,K L M N. Financial real estate professional and administrative activities,13,7,6
S01007530,O P Q. Public administration education and health,43,9,34
S01007530,R S T U. Other,5,1,4
S01007530,Never worked,13,3,10
S01007531,All people aged 16 to 74 not in employment,191,71,120
S01007531,A B D E. Agriculture energy and water,12,8,4
S01007531,C. Manufacturing,17,11,6
S01007531,F. Construction,4,3,1
S01007531,G I. Distribution hotels and restaurants,19,9,10
S01007531,H J. Transport and communication,13,4,9
S01007531,K L M N. Financial real estate professional and administrative activities,17,6,11
S01007531,O P Q. Public administration education and health,69,12,57
S01007531,R S T U. Other,6,2,4
S01007531,Never worked,34,16,18
S01007532,All people aged 16 to 74 not in employment,154,68,86
S01007532,A B D E. Agriculture energy and water,16,8,8
S01007532,C. Manufacturing,14,7,7
S01007532,F. Construction,6,6,0
S01007532,G I. Distribution hotels and restaurants,23,13,10
S01007532,H J. Transport and communication,12,4,8
S01007532,K L M N. Financial real estate professional and administrative activities,13,9,4
S01007532,O P Q. Public administration education and health,42,5,37
S01007532,R S T U. Other,7,4,3
S01007532,Never worked,21,12,9
S01007533,All people aged 16 to 74 not in employment,132,51,81
S01007533,A B D E. Agriculture energy and water,18,12,6
S01007533,C. Manufacturing,7,4,3
S01007533,F. Construction,5,2,3
S01007533,G I. Distribution hotels and restaurants,21,8,13
S01007533,H J. Transport and communication,7,3,4
S01007533,K L M N. Financial real estate professional and administrative activities,11,4,7
S01007533,O P Q. Public administration education and health,36,7,29
S01007533,R S T U. Other,10,2,8
S01007533,Never worked,17,9,8
S01007534,All people aged 16 to 74 not in employment,269,106,163
S01007534,A B D E. Agriculture energy and water,20,15,5
S01007534,C. Manufacturing,21,13,8
S01007534,F. Construction,14,13,1
S01007534,G I. Distribution hotels and restaurants,64,22,42
S01007534,H J. Transport and communication,28,7,21
S01007534,K L M N. Financial real estate professional and administrative activities,20,6,14
S01007534,O P Q. Public administration education and health,56,12,44
S01007534,R S T U. Other,8,3,5
S01007534,Never worked,38,15,23
S01007535,All people aged 16 to 74 not in employment,286,130,156
S01007535,A B D E. Agriculture energy and water,13,8,5
S01007535,C. Manufacturing,32,17,15
S01007535,F. Construction,22,20,2
S01007535,G I. Distribution hotels and restaurants,52,22,30
S01007535,H J. Transport and communication,21,7,14
S01007535,K L M N. Financial real estate professional and administrative activities,23,13,10
S01007535,O P Q. Public administration education and health,57,11,46
S01007535,R S T U. Other,9,3,6
S01007535,Never worked,57,29,28
S01007536,All people aged 16 to 74 not in employment,225,97,128
S01007536,A B D E. Agriculture energy and water,19,16,3
S01007536,C. Manufacturing,12,8,4
S01007536,F. Construction,17,16,1
S01007536,G I. Distribution hotels and restaurants,49,25,24
S01007536,H J. Transport and communication,28,9,19
S01007536,K L M N. Financial real estate professional and administrative activities,14,3,11
S01007536,O P Q. Public administration education and health,52,9,43
S01007536,R S T U. Other,7,2,5
S01007536,Never worked,27,9,18
S01007537,All people aged 16 to 74 not in employment,278,129,149
S01007537,A B D E. Agriculture energy and water,29,22,7
S01007537,C. Manufacturing,19,13,6
S01007537,F. Construction,18,16,2
S01007537,G I. Distribution hotels and restaurants,55,21,34
S01007537,H J. Transport and communication,25,8,17
S01007537,K L M N. Financial real estate professional and administrative activities,31,18,13
S01007537,O P Q. Public administration education and health,60,16,44
S01007537,R S T U. Other,13,6,7
S01007537,Never worked,28,9,19
S01007538,All people aged 16 to 74 not in employment,213,89,124
S01007538,A B D E. Agriculture energy and water,10,9,1
S01007538,C. Manufacturing,12,6,6
S01007538,F. Construction,14,13,1
S01007538,G I. Distribution hotels and restaurants,41,17,24
S01007538,H J. Transport and communication,17,5,12
S01007538,K L M N. Financial real estate professional and administrative activities,23,7,16
S01007538,O P Q. Public administration education and health,60,13,47
S01007538,R S T U. Other,6,3,3
S01007538,Never worked,30,16,14
S01007539,All people aged 16 to 74 not in employment,176,85,91
S01007539,A B D E. Agriculture energy and water,8,5,3
S01007539,C. Manufacturing,18,13,5
S01007539,F. Construction,10,8,2
S01007539,G I. Distribution hotels and restaurants,39,21,18
S01007539,H J. Transport and communication,11,6,5
S01007539,K L M N. Financial real estate professional and administrative activities,17,5,12
S01007539,O P Q. Public administration education and health,50,13,37
S01007539,R S T U. Other,8,3,5
S01007539,Never worked,15,11,4
S01007540,All people aged 16 to 74 not in employment,247,109,138
S01007540,A B D E. Agriculture energy and water,13,10,3
S01007540,C. Manufacturing,44,25,19
S01007540,F. Construction,19,18,1
S01007540,G I. Distribution hotels and restaurants,54,25,29
S01007540,H J. Transport and communication,14,5,9
S01007540,K L M N. Financial real estate professional and administrative activities,15,3,12
S01007540,O P Q. Public administration education and health,53,10,43
S01007540,R S T U. Other,11,5,6
S01007540,Never worked,24,8,16
S01007541,All people aged 16 to 74 not in employment,201,81,120
S01007541,A B D E. Agriculture energy and water,8,3,5
S01007541,C. Manufacturing,25,15,10
S01007541,F. Construction,21,18,3
S01007541,G I. Distribution hotels and restaurants,25,5,20
S01007541,H J. Transport and communication,14,5,9
S01007541,K L M N. Financial real estate professional and administrative activities,17,4,13
S01007541,O P Q. Public administration education and health,61,15,46
S01007541,R S T U. Other,7,2,5
S01007541,Never worked,23,14,9
S01007542,All people aged 16 to 74 not in employment,227,111,116
S01007542,A B D E. Agriculture energy and water,10,7,3
S01007542,C. Manufacturing,26,15,11
S01007542,F. Construction,17,15,2
S01007542,G I. Distribution hotels and restaurants,37,23,14
S01007542,H J. Transport and communication,27,8,19
S01007542,K L M N. Financial real estate professional and administrative activities,23,8,15
S01007542,O P Q. Public administration education and health,42,6,36
S01007542,R S T U. Other,12,8,4
S01007542,Never worked,33,21,12
S01007543,All people aged 16 to 74 not in employment,295,135,160
S01007543,A B D E. Agriculture energy and water,17,14,3
S01007543,C. Manufacturing,39,25,14
S01007543,F. Construction,33,30,3
S01007543,G I. Distribution hotels and restaurants,49,19,30
S01007543,H J. Transport and communication,29,7,22
S01007543,K L M N. Financial real estate professional and administrative activities,29,13,16
S01007543,O P Q. Public administration education and health,55,6,49
S01007543,R S T U. Other,12,4,8
S01007543,Never worked,32,17,15
S01007544,All people aged 16 to 74 not in employment,318,134,184
S01007544,A B D E. Agriculture energy and water,14,7,7
S01007544,C. Manufacturing,29,19,10
S01007544,F. Construction,17,10,7
S01007544,G I. Distribution hotels and restaurants,53,28,25
S01007544,H J. Transport and communication,22,10,12
S01007544,K L M N. Financial real estate professional and administrative activities,42,18,24
S01007544,O P Q. Public administration education and health,107,31,76
S01007544,R S T U. Other,9,4,5
S01007544,Never worked,25,7,18
S01007545,All people aged 16 to 74 not in employment,214,90,124
S01007545,A B D E. Agriculture energy and water,16,8,8
S01007545,C. Manufacturing,15,11,4
S01007545,F. Construction,16,14,2
S01007545,G I. Distribution hotels and restaurants,46,20,26
S01007545,H J. Transport and communication,13,5,8
S01007545,K L M N. Financial real estate professional and administrative activities,19,5,14
S01007545,O P Q. Public administration education and health,60,14,46
S01007545,R S T U. Other,8,2,6
S01007545,Never worked,21,11,10
S01007546,All people aged 16 to 74 not in employment,132,65,67
S01007546,A B D E. Agriculture energy and water,17,14,3
S01007546,C. Manufacturing,13,8,5
S01007546,F. Construction,4,4,0
S01007546,G I. Distribution hotels and restaurants,25,13,12
S01007546,H J. Transport and communication,12,4,8
S01007546,K L M N. Financial real estate professional and administrative activities,5,3,2
S01007546,O P Q. Public administration education and health,33,10,23
S01007546,R S T U. Other,6,2,4
S01007546,Never worked,17,7,10
S01007547,All people aged 16 to 74 not in employment,123,47,76
S01007547,A B D E. Agriculture energy and water,11,8,3
S01007547,C. Manufacturing,15,9,6
S01007547,F. Construction,4,4,0
S01007547,G I. Distribution hotels and restaurants,14,5,9
S01007547,H J. Transport and communication,11,4,7
S01007547,K L M N. Financial real estate professional and administrative activities,19,4,15
S01007547,O P Q. Public administration education and health,27,3,24
S01007547,R S T U. Other,8,5,3
S01007547,Never worked,14,5,9
S01007548,All people aged 16 to 74 not in employment,195,85,110
S01007548,A B D E. Agriculture energy and water,9,7,2
S01007548,C. Manufacturing,18,9,9
S01007548,F. Construction,14,14,0
S01007548,G I. Distribution hotels and restaurants,37,18,19
S01007548,H J. Transport and communication,15,4,11
S01007548,K L M N. Financial real estate professional and administrative activities,18,8,10
S01007548,O P Q. Public administration education and health,53,11,42
S01007548,R S T U. Other,11,4,7
S01007548,Never worked,20,10,10
S01007549,All people aged 16 to 74 not in employment,195,83,112
S01007549,A B D E. Agriculture energy and water,9,8,1
S01007549,C. Manufacturing,14,11,3
S01007549,F. Construction,6,6,0
S01007549,G I. Distribution hotels and restaurants,42,17,25
S01007549,H J. Transport and communication,25,7,18
S01007549,K L M N. Financial real estate professional and administrative activities,27,12,15
S01007549,O P Q. Public administration education and health,43,11,32
S01007549,R S T U. Other,14,3,11
S01007549,Never worked,15,8,7
S01007550,All people aged 16 to 74 not in employment,289,124,165
S01007550,A B D E. Agriculture energy and water,25,21,4
S01007550,C. Manufacturing,25,14,11
S01007550,F. Construction,14,13,1
S01007550,G I. Distribution hotels and restaurants,40,12,28
S01007550,H J. Transport and communication,38,10,28
S01007550,K L M N. Financial real estate professional and administrative activities,28,15,13
S01007550,O P Q. Public administration education and health,85,23,62
S01007550,R S T U. Other,10,6,4
S01007550,Never worked,24,10,14
S01007551,All people aged 16 to 74 not in employment,255,118,137
S01007551,A B D E. Agriculture energy and water,23,16,7
S01007551,C. Manufacturing,18,12,6
S01007551,F. Construction,8,8,0
S01007551,G I. Distribution hotels and restaurants,34,16,18
S01007551,H J. Transport and communication,29,12,17
S01007551,K L M N. Financial real estate professional and administrative activities,32,13,19
S01007551,O P Q. Public administration education and health,65,20,45
S01007551,R S T U. Other,13,7,6
S01007551,Never worked,33,14,19
S01007552,All people aged 16 to 74 not in employment,305,151,154
S01007552,A B D E. Agriculture energy and water,22,18,4
S01007552,C. Manufacturing,59,30,29
S01007552,F. Construction,23,23,0
S01007552,G I. Distribution hotels and restaurants,47,18,29
S01007552,H J. Transport and communication,16,8,8
S01007552,K L M N. Financial real estate professional and administrative activities,15,11,4
S01007552,O P Q. Public administration education and health,45,10,35
S01007552,R S T U. Other,13,5,8
S01007552,Never worked,65,28,37
S01007553,All people aged 16 to 74 not in employment,337,148,189
S01007553,A B D E. Agriculture energy and water,26,24,2
S01007553,C. Manufacturing,74,30,44
S01007553,F. Construction,29,29,0
S01007553,G I. Distribution hotels and restaurants,42,11,31
S01007553,H J. Transport and communication,21,6,15
S01007553,K L M N. Financial real estate professional and administrative activities,15,6,9
S01007553,O P Q. Public administration education and health,58,13,45
S01007553,R S T U. Other,11,3,8
S01007553,Never worked,61,26,35
S01007554,All people aged 16 to 74 not in employment,201,82,119
S01007554,A B D E. Agriculture energy and water,13,12,1
S01007554,C. Manufacturing,48,17,31
S01007554,F. Construction,17,16,1
S01007554,G I. Distribution hotels and restaurants,36,8,28
S01007554,H J. Transport and communication,11,5,6
S01007554,K L M N. Financial real estate professional and administrative activities,12,5,7
S01007554,O P Q. Public administration education and health,30,5,25
S01007554,R S T U. Other,1,1,0
S01007554,Never worked,33,13,20
S01007555,All people aged 16 to 74 not in employment,142,64,78
S01007555,A B D E. Agriculture energy and water,13,11,2
S01007555,C. Manufacturing,19,8,11
S01007555,F. Construction,7,6,1
S01007555,G I. Distribution hotels and restaurants,15,9,6
S01007555,H J. Transport and communication,9,1,8
S01007555,K L M N. Financial real estate professional and administrative activities,9,4,5
S01007555,O P Q. Public administration education and health,48,14,34
S01007555,R S T U. Other,8,4,4
S01007555,Never worked,14,7,7
S01007556,All people aged 16 to 74 not in employment,144,74,70
S01007556,A B D E. Agriculture energy and water,9,7,2
S01007556,C. Manufacturing,27,14,13
S01007556,F. Construction,15,15,0
S01007556,G I. Distribution hotels and restaurants,24,10,14
S01007556,H J. Transport and communication,7,1,6
S01007556,K L M N. Financial real estate professional and administrative activities,8,5,3
S01007556,O P Q. Public administration education and health,24,6,18
S01007556,R S T U. Other,4,2,2
S01007556,Never worked,26,14,12
S01007557,All people aged 16 to 74 not in employment,353,143,210
S01007557,A B D E. Agriculture energy and water,27,22,5
S01007557,C. Manufacturing,76,33,43
S01007557,F. Construction,16,15,1
S01007557,G I. Distribution hotels and restaurants,50,19,31
S01007557,H J. Transport and communication,24,6,18
S01007557,K L M N. Financial real estate professional and administrative activities,16,3,13
S01007557,O P Q. Public administration education and health,61,9,52
S01007557,R S T U. Other,11,4,7
S01007557,Never worked,72,32,40
S01007558,All people aged 16 to 74 not in employment,150,68,82
S01007558,A B D E. Agriculture energy and water,10,5,5
S01007558,C. Manufacturing,19,11,8
S01007558,F. Construction,9,8,1
S01007558,G I. Distribution hotels and restaurants,26,12,14
S01007558,H J. Transport and communication,9,3,6
S01007558,K L M N. Financial real estate professional and administrative activities,11,6,5
S01007558,O P Q. Public administration education and health,36,10,26
S01007558,R S T U. Other,10,4,6
S01007558,Never worked,20,9,11
S01007559,All people aged 16 to 74 not in employment,147,63,84
S01007559,A B D E. Agriculture energy and water,11,8,3
S01007559,C. Manufacturing,6,5,1
S01007559,F. Construction,9,7,2
S01007559,G I. Distribution hotels and restaurants,20,4,16
S01007559,H J. Transport and communication,5,1,4
S01007559,K L M N. Financial real estate professional and administrative activities,20,9,11
S01007559,O P Q. Public administration education and health,43,10,33
S01007559,R S T U. Other,6,3,3
S01007559,Never worked,27,16,11
S01007560,All people aged 16 to 74 not in employment,238,96,142
S01007560,A B D E. Agriculture energy and water,17,12,5
S01007560,C. Manufacturing,24,18,6
S01007560,F. Construction,16,15,1
S01007560,G I. Distribution hotels and restaurants,47,20,27
S01007560,H J. Transport and communication,19,5,14
S01007560,K L M N. Financial real estate professional and administrative activities,29,11,18
S01007560,O P Q. Public administration education and health,63,11,52
S01007560,R S T U. Other,4,0,4
S01007560,Never worked,19,4,15
S01007561,All people aged 16 to 74 not in employment,218,90,128
S01007561,A B D E. Agriculture energy and water,23,15,8
S01007561,C. Manufacturing,21,14,7
S01007561,F. Construction,9,9,0
S01007561,G I. Distribution hotels and restaurants,33,17,16
S01007561,H J. Transport and communication,14,4,10
S01007561,K L M N. Financial real estate professional and administrative activities,11,2,9
S01007561,O P Q. Public administration education and health,61,13,48
S01007561,R S T U. Other,14,5,9
S01007561,Never worked,32,11,21
S01007562,All people aged 16 to 74 not in employment,237,102,135
S01007562,A B D E. Agriculture energy and water,12,9,3
S01007562,C. Manufacturing,19,10,9
S01007562,F. Construction,11,11,0
S01007562,G I. Distribution hotels and restaurants,39,15,24
S01007562,H J. Transport and communication,28,6,22
S01007562,K L M N. Financial real estate professional and administrative activities,28,10,18
S01007562,O P Q. Public administration education and health,62,22,40
S01007562,R S T U. Other,9,2,7
S01007562,Never worked,29,17,12
S01007563,All people aged 16 to 74 not in employment,244,110,134
S01007563,A B D E. Agriculture energy and water,18,16,2
S01007563,C. Manufacturing,15,8,7
S01007563,F. Construction,18,17,1
S01007563,G I. Distribution hotels and restaurants,41,14,27
S01007563,H J. Transport and communication,25,10,15
S01007563,K L M N. Financial real estate professional and administrative activities,23,8,15
S01007563,O P Q. Public administration education and health,63,19,44
S01007563,R S T U. Other,12,7,5
S01007563,Never worked,29,11,18
S01007564,All people aged 16 to 74 not in employment,201,82,119
S01007564,A B D E. Agriculture energy and water,19,13,6
S01007564,C. Manufacturing,12,6,6
S01007564,F. Construction,11,10,1
S01007564,G I. Distribution hotels and restaurants,32,10,22
S01007564,H J. Transport and communication,13,5,8
S01007564,K L M N. Financial real estate professional and administrative activities,19,7,12
S01007564,O P Q. Public administration education and health,61,19,42
S01007564,R S T U. Other,6,0,6
S01007564,Never worked,28,12,16
S01007565,All people aged 16 to 74 not in employment,277,120,157
S01007565,A B D E. Agriculture energy and water,13,11,2
S01007565,C. Manufacturing,33,24,9
S01007565,F. Construction,17,14,3
S01007565,G I. Distribution hotels and restaurants,54,19,35
S01007565,H J. Transport and communication,19,6,13
S01007565,K L M N. Financial real estate professional and administrative activities,19,7,12
S01007565,O P Q. Public administration education and health,72,18,54
S01007565,R S T U. Other,11,6,5
S01007565,Never worked,39,15,24
S01007566,All people aged 16 to 74 not in employment,216,93,123
S01007566,A B D E. Agriculture energy and water,15,12,3
S01007566,C. Manufacturing,13,8,5
S01007566,F. Construction,10,8,2
S01007566,G I. Distribution hotels and restaurants,38,13,25
S01007566,H J. Transport and communication,17,4,13
S01007566,K L M N. Financial real estate professional and administrative activities,16,9,7
S01007566,O P Q. Public administration education and health,57,18,39
S01007566,R S T U. Other,14,5,9
S01007566,Never worked,36,16,20
S01007567,All people aged 16 to 74 not in employment,139,71,68
S01007567,A B D E. Agriculture energy and water,6,4,2
S01007567,C. Manufacturing,16,11,5
S01007567,F. Construction,7,6,1
S01007567,G I. Distribution hotels and restaurants,21,11,10
S01007567,H J. Transport and communication,12,7,5
S01007567,K L M N. Financial real estate professional and administrative activities,13,6,7
S01007567,O P Q. Public administration education and health,34,10,24
S01007567,R S T U. Other,7,3,4
S01007567,Never worked,23,13,10
S01007568,All people aged 16 to 74 not in employment,166,71,95
S01007568,A B D E. Agriculture energy and water,15,11,4
S01007568,C. Manufacturing,16,10,6
S01007568,F. Construction,7,5,2
S01007568,G I. Distribution hotels and restaurants,25,8,17
S01007568,H J. Transport and communication,12,5,7
S01007568,K L M N. Financial real estate professional and administrative activities,18,6,12
S01007568,O P Q. Public administration education and health,49,17,32
S01007568,R S T U. Other,6,1,5
S01007568,Never worked,18,8,10
S01007569,All people aged 16 to 74 not in employment,202,90,112
S01007569,A B D E. Agriculture energy and water,6,6,0
S01007569,C. Manufacturing,14,8,6
S01007569,F. Construction,10,10,0
S01007569,G I. Distribution hotels and restaurants,45,26,19
S01007569,H J. Transport and communication,16,4,12
S01007569,K L M N. Financial real estate professional and administrative activities,14,4,10
S01007569,O P Q. Public administration education and health,62,17,45
S01007569,R S T U. Other,10,1,9
S01007569,Never worked,25,14,11
S01007570,All people aged 16 to 74 not in employment,186,78,108
S01007570,A B D E. Agriculture energy and water,11,8,3
S01007570,C. Manufacturing,20,16,4
S01007570,F. Construction,10,7,3
S01007570,G I. Distribution hotels and restaurants,35,10,25
S01007570,H J. Transport and communication,16,2,14
S01007570,K L M N. Financial real estate professional and administrative activities,6,2,4
S01007570,O P Q. Public administration education and health,66,20,46
S01007570,R S T U. Other,6,3,3
S01007570,Never worked,16,10,6
S01007571,All people aged 16 to 74 not in employment,126,51,75
S01007571,A B D E. Agriculture energy and water,15,11,4
S01007571,C. Manufacturing,8,5,3
S01007571,F. Construction,4,4,0
S01007571,G I. Distribution hotels and restaurants,18,5,13
S01007571,H J. Transport and communication,5,3,2
S01007571,K L M N. Financial real estate professional and administrative activities,8,2,6
S01007571,O P Q. Public administration education and health,45,10,35
S01007571,R S T U. Other,4,0,4
S01007571,Never worked,19,11,8
S01007572,All people aged 16 to 74 not in employment,227,93,134
S01007572,A B D E. Agriculture energy and water,14,10,4
S01007572,C. Manufacturing,19,11,8
S01007572,F. Construction,10,8,2
S01007572,G I. Distribution hotels and restaurants,43,20,23
S01007572,H J. Transport and communication,29,9,20
S01007572,K L M N. Financial real estate professional and administrative activities,19,7,12
S01007572,O P Q. Public administration education and health,47,10,37
S01007572,R S T U. Other,7,1,6
S01007572,Never worked,39,17,22
S01007573,All people aged 16 to 74 not in employment,99,36,63
S01007573,A B D E. Agriculture energy and water,1,1,0
S01007573,C. Manufacturing,8,7,1
S01007573,F. Construction,6,4,2
S01007573,G I. Distribution hotels and restaurants,18,4,14
S01007573,H J. Transport and communication,10,3,7
S01007573,K L M N. Financial real estate professional and administrative activities,9,2,7
S01007573,O P Q. Public administration education and health,26,8,18
S01007573,R S T U. Other,2,0,2
S01007573,Never worked,19,7,12
S01007574,All people aged 16 to 74 not in employment,285,128,157
S01007574,A B D E. Agriculture energy and water,8,6,2
S01007574,C. Manufacturing,39,27,12
S01007574,F. Construction,21,21,0
S01007574,G I. Distribution hotels and restaurants,62,15,47
S01007574,H J. Transport and communication,21,4,17
S01007574,K L M N. Financial real estate professional and administrative activities,24,13,11
S01007574,O P Q. Public administration education and health,53,9,44
S01007574,R S T U. Other,7,2,5
S01007574,Never worked,50,31,19
S01007575,All people aged 16 to 74 not in employment,280,145,135
S01007575,A B D E. Agriculture energy and water,10,8,2
S01007575,C. Manufacturing,32,25,7
S01007575,F. Construction,22,21,1
S01007575,G I. Distribution hotels and restaurants,53,26,27
S01007575,H J. Transport and communication,27,10,17
S01007575,K L M N. Financial real estate professional and administrative activities,32,16,16
S01007575,O P Q. Public administration education and health,48,14,34
S01007575,R S T U. Other,16,4,12
S01007575,Never worked,40,21,19
S01007576,All people aged 16 to 74 not in employment,270,121,149
S01007576,A B D E. Agriculture energy and water,8,7,1
S01007576,C. Manufacturing,20,12,8
S01007576,F. Construction,19,19,0
S01007576,G I. Distribution hotels and restaurants,57,32,25
S01007576,H J. Transport and communication,26,7,19
S01007576,K L M N. Financial real estate professional and administrative activities,32,10,22
S01007576,O P Q. Public administration education and health,33,5,28
S01007576,R S T U. Other,10,4,6
S01007576,Never worked,65,25,40
S01007577,All people aged 16 to 74 not in employment,241,105,136
S01007577,A B D E. Agriculture energy and water,13,10,3
S01007577,C. Manufacturing,24,18,6
S01007577,F. Construction,7,6,1
S01007577,G I. Distribution hotels and restaurants,51,23,28
S01007577,H J. Transport and communication,36,10,26
S01007577,K L M N. Financial real estate professional and administrative activities,23,9,14
S01007577,O P Q. Public administration education and health,40,11,29
S01007577,R S T U. Other,4,0,4
S01007577,Never worked,43,18,25
S01007578,All people aged 16 to 74 not in employment,216,100,116
S01007578,A B D E. Agriculture energy and water,10,8,2
S01007578,C. Manufacturing,31,23,8
S01007578,F. Construction,13,12,1
S01007578,G I. Distribution hotels and restaurants,45,15,30
S01007578,H J. Transport and communication,22,5,17
S01007578,K L M N. Financial real estate professional and administrative activities,12,6,6
S01007578,O P Q. Public administration education and health,40,10,30
S01007578,R S T U. Other,5,3,2
S01007578,Never worked,38,18,20
S01007579,All people aged 16 to 74 not in employment,175,75,100
S01007579,A B D E. Agriculture energy and water,4,3,1
S01007579,C. Manufacturing,9,8,1
S01007579,F. Construction,15,14,1
S01007579,G I. Distribution hotels and restaurants,30,9,21
S01007579,H J. Transport and communication,25,3,22
S01007579,K L M N. Financial real estate professional and administrative activities,15,7,8
S01007579,O P Q. Public administration education and health,37,8,29
S01007579,R S T U. Other,2,1,1
S01007579,Never worked,38,22,16
S01007580,All people aged 16 to 74 not in employment,252,108,144
S01007580,A B D E. Agriculture energy and water,13,7,6
S01007580,C. Manufacturing,24,15,9
S01007580,F. Construction,12,9,3
S01007580,G I. Distribution hotels and restaurants,35,16,19
S01007580,H J. Transport and communication,18,3,15
S01007580,K L M N. Financial real estate professional and administrative activities,21,10,11
S01007580,O P Q. Public administration education and health,47,8,39
S01007580,R S T U. Other,6,1,5
S01007580,Never worked,76,39,37
S01007581,All people aged 16 to 74 not in employment,150,70,80
S01007581,A B D E. Agriculture energy and water,9,7,2
S01007581,C. Manufacturing,10,6,4
S01007581,F. Construction,13,12,1
S01007581,G I. Distribution hotels and restaurants,31,13,18
S01007581,H J. Transport and communication,9,4,5
S01007581,K L M N. Financial real estate professional and administrative activities,10,4,6
S01007581,O P Q. Public administration education and health,27,5,22
S01007581,R S T U. Other,6,1,5
S01007581,Never worked,35,18,17
S01007582,All people aged 16 to 74 not in employment,186,89,97
S01007582,A B D E. Agriculture energy and water,5,3,2
S01007582,C. Manufacturing,18,11,7
S01007582,F. Construction,11,10,1
S01007582,G I. Distribution hotels and restaurants,42,19,23
S01007582,H J. Transport and communication,13,4,9
S01007582,K L M N. Financial real estate professional and administrative activities,11,7,4
S01007582,O P Q. Public administration education and health,36,11,25
S01007582,R S T U. Other,8,4,4
S01007582,Never worked,42,20,22
S01007583,All people aged 16 to 74 not in employment,339,159,180
S01007583,A B D E. Agriculture energy and water,15,13,2
S01007583,C. Manufacturing,40,29,11
S01007583,F. Construction,24,22,2
S01007583,G I. Distribution hotels and restaurants,58,28,30
S01007583,H J. Transport and communication,41,13,28
S01007583,K L M N. Financial real estate professional and administrative activities,29,11,18
S01007583,O P Q. Public administration education and health,63,17,46
S01007583,R S T U. Other,11,2,9
S01007583,Never worked,58,24,34
S01007584,All people aged 16 to 74 not in employment,143,68,75
S01007584,A B D E. Agriculture energy and water,3,2,1
S01007584,C. Manufacturing,18,15,3
S01007584,F. Construction,8,7,1
S01007584,G I. Distribution hotels and restaurants,22,9,13
S01007584,H J. Transport and communication,15,5,10
S01007584,K L M N. Financial real estate professional and administrative activities,7,3,4
S01007584,O P Q. Public administration education and health,34,11,23
S01007584,R S T U. Other,6,2,4
S01007584,Never worked,30,14,16
S01007585,All people aged 16 to 74 not in employment,231,97,134
S01007585,A B D E. Agriculture energy and water,8,5,3
S01007585,C. Manufacturing,22,18,4
S01007585,F. Construction,20,17,3
S01007585,G I. Distribution hotels and restaurants,41,19,22
S01007585,H J. Transport and communication,15,3,12
S01007585,K L M N. Financial real estate professional and administrative activities,16,4,12
S01007585,O P Q. Public administration education and health,72,16,56
S01007585,R S T U. Other,13,2,11
S01007585,Never worked,24,13,11
S01007586,All people aged 16 to 74 not in employment,238,100,138
S01007586,A B D E. Agriculture energy and water,9,7,2
S01007586,C. Manufacturing,23,11,12
S01007586,F. Construction,8,7,1
S01007586,G I. Distribution hotels and restaurants,44,22,22
S01007586,H J. Transport and communication,26,3,23
S01007586,K L M N. Financial real estate professional and administrative activities,26,13,13
S01007586,O P Q. Public administration education and health,59,17,42
S01007586,R S T U. Other,6,4,2
S01007586,Never worked,37,16,21
S01007587,All people aged 16 to 74 not in employment,294,207,87
S01007587,A B D E. Agriculture energy and water,10,8,2
S01007587,C. Manufacturing,21,14,7
S01007587,F. Construction,36,36,0
S01007587,G I. Distribution hotels and restaurants,54,37,17
S01007587,H J. Transport and communication,18,13,5
S01007587,K L M N. Financial real estate professional and administrative activities,32,21,11
S01007587,O P Q. Public administration education and health,50,21,29
S01007587,R S T U. Other,16,10,6
S01007587,Never worked,57,47,10
S01007588,All people aged 16 to 74 not in employment,210,87,123
S01007588,A B D E. Agriculture energy and water,3,1,2
S01007588,C. Manufacturing,17,12,5
S01007588,F. Construction,12,10,2
S01007588,G I. Distribution hotels and restaurants,29,9,20
S01007588,H J. Transport and communication,11,6,5
S01007588,K L M N. Financial real estate professional and administrative activities,18,7,11
S01007588,O P Q. Public administration education and health,74,26,48
S01007588,R S T U. Other,7,1,6
S01007588,Never worked,39,15,24
S01007589,All people aged 16 to 74 not in employment,188,72,116
S01007589,A B D E. Agriculture energy and water,4,2,2
S01007589,C. Manufacturing,18,12,6
S01007589,F. Construction,7,4,3
S01007589,G I. Distribution hotels and restaurants,20,10,10
S01007589,H J. Transport and communication,20,5,15
S01007589,K L M N. Financial real estate professional and administrative activities,8,3,5
S01007589,O P Q. Public administration education and health,61,11,50
S01007589,R S T U. Other,8,4,4
S01007589,Never worked,42,21,21
S01007590,All people aged 16 to 74 not in employment,165,71,94
S01007590,A B D E. Agriculture energy and water,5,3,2
S01007590,C. Manufacturing,21,19,2
S01007590,F. Construction,4,4,0
S01007590,G I. Distribution hotels and restaurants,18,6,12
S01007590,H J. Transport and communication,11,6,5
S01007590,K L M N. Financial real estate professional and administrative activities,17,6,11
S01007590,O P Q. Public administration education and health,59,15,44
S01007590,R S T U. Other,10,3,7
S01007590,Never worked,20,9,11
S01007591,All people aged 16 to 74 not in employment,134,59,75
S01007591,A B D E. Agriculture energy and water,6,5,1
S01007591,C. Manufacturing,13,6,7
S01007591,F. Construction,5,4,1
S01007591,G I. Distribution hotels and restaurants,29,16,13
S01007591,H J. Transport and communication,9,5,4
S01007591,K L M N. Financial real estate professional and administrative activities,6,2,4
S01007591,O P Q. Public administration education and health,43,15,28
S01007591,R S T U. Other,3,1,2
S01007591,Never worked,20,5,15
S01007592,All people aged 16 to 74 not in employment,196,91,105
S01007592,A B D E. Agriculture energy and water,10,9,1
S01007592,C. Manufacturing,25,17,8
S01007592,F. Construction,10,10,0
S01007592,G I. Distribution hotels and restaurants,38,15,23
S01007592,H J. Transport and communication,22,9,13
S01007592,K L M N. Financial real estate professional and administrative activities,12,5,7
S01007592,O P Q. Public administration education and health,52,13,39
S01007592,R S T U. Other,2,0,2
S01007592,Never worked,25,13,12
S01007593,All people aged 16 to 74 not in employment,286,131,155
S01007593,A B D E. Agriculture energy and water,8,7,1
S01007593,C. Manufacturing,34,24,10
S01007593,F. Construction,15,13,2
S01007593,G I. Distribution hotels and restaurants,58,27,31
S01007593,H J. Transport and communication,15,7,8
S01007593,K L M N. Financial real estate professional and administrative activities,22,10,12
S01007593,O P Q. Public administration education and health,91,28,63
S01007593,R S T U. Other,12,2,10
S01007593,Never worked,31,13,18
S01007594,All people aged 16 to 74 not in employment,181,82,99
S01007594,A B D E. Agriculture energy and water,5,4,1
S01007594,C. Manufacturing,27,23,4
S01007594,F. Construction,11,10,1
S01007594,G I. Distribution hotels and restaurants,29,13,16
S01007594,H J. Transport and communication,10,3,7
S01007594,K L M N. Financial real estate professional and administrative activities,12,3,9
S01007594,O P Q. Public administration education and health,51,11,40
S01007594,R S T U. Other,10,1,9
S01007594,Never worked,26,14,12
S01007595,All people aged 16 to 74 not in employment,250,102,148
S01007595,A B D E. Agriculture energy and water,14,10,4
S01007595,C. Manufacturing,19,12,7
S01007595,F. Construction,10,7,3
S01007595,G I. Distribution hotels and restaurants,35,16,19
S01007595,H J. Transport and communication,20,6,14
S01007595,K L M N. Financial real estate professional and administrative activities,27,12,15
S01007595,O P Q. Public administration education and health,57,13,44
S01007595,R S T U. Other,13,3,10
S01007595,Never worked,55,23,32
S01007596,All people aged 16 to 74 not in employment,177,76,101
S01007596,A B D E. Agriculture energy and water,14,9,5
S01007596,C. Manufacturing,21,12,9
S01007596,F. Construction,8,8,0
S01007596,G I. Distribution hotels and restaurants,29,13,16
S01007596,H J. Transport and communication,16,5,11
S01007596,K L M N. Financial real estate professional and administrative activities,13,7,6
S01007596,O P Q. Public administration education and health,43,8,35
S01007596,R S T U. Other,10,5,5
S01007596,Never worked,23,9,14
S01007597,All people aged 16 to 74 not in employment,160,69,91
S01007597,A B D E. Agriculture energy and water,13,9,4
S01007597,C. Manufacturing,19,11,8
S01007597,F. Construction,6,5,1
S01007597,G I. Distribution hotels and restaurants,27,13,14
S01007597,H J. Transport and communication,10,4,6
S01007597,K L M N. Financial real estate professional and administrative activities,14,7,7
S01007597,O P Q. Public administration education and health,48,12,36
S01007597,R S T U. Other,5,0,5
S01007597,Never worked,18,8,10
S01007598,All people aged 16 to 74 not in employment,169,91,78
S01007598,A B D E. Agriculture energy and water,7,7,0
S01007598,C. Manufacturing,12,8,4
S01007598,F. Construction,9,9,0
S01007598,G I. Distribution hotels and restaurants,25,11,14
S01007598,H J. Transport and communication,12,4,8
S01007598,K L M N. Financial real estate professional and administrative activities,13,7,6
S01007598,O P Q. Public administration education and health,58,20,38
S01007598,R S T U. Other,6,4,2
S01007598,Never worked,27,21,6
S01007599,All people aged 16 to 74 not in employment,212,91,121
S01007599,A B D E. Agriculture energy and water,8,7,1
S01007599,C. Manufacturing,20,11,9
S01007599,F. Construction,7,6,1
S01007599,G I. Distribution hotels and restaurants,32,15,17
S01007599,H J. Transport and communication,26,9,17
S01007599,K L M N. Financial real estate professional and administrative activities,15,7,8
S01007599,O P Q. Public administration education and health,57,16,41
S01007599,R S T U. Other,8,3,5
S01007599,Never worked,39,17,22
S01007600,All people aged 16 to 74 not in employment,294,136,158
S01007600,A B D E. Agriculture energy and water,14,10,4
S01007600,C. Manufacturing,29,21,8
S01007600,F. Construction,18,16,2
S01007600,G I. Distribution hotels and restaurants,41,20,21
S01007600,H J. Transport and communication,18,5,13
S01007600,K L M N. Financial real estate professional and administrative activities,22,8,14
S01007600,O P Q. Public administration education and health,91,22,69
S01007600,R S T U. Other,10,7,3
S01007600,Never worked,51,27,24
S01007601,All people aged 16 to 74 not in employment,102,45,57
S01007601,A B D E. Agriculture energy and water,3,2,1
S01007601,C. Manufacturing,12,9,3
S01007601,F. Construction,8,7,1
S01007601,G I. Distribution hotels and restaurants,17,10,7
S01007601,H J. Transport and communication,7,1,6
S01007601,K L M N. Financial real estate professional and administrative activities,7,2,5
S01007601,O P Q. Public administration education and health,35,7,28
S01007601,R S T U. Other,2,0,2
S01007601,Never worked,11,7,4
S01007602,All people aged 16 to 74 not in employment,134,64,70
S01007602,A B D E. Agriculture energy and water,4,3,1
S01007602,C. Manufacturing,11,6,5
S01007602,F. Construction,5,4,1
S01007602,G I. Distribution hotels and restaurants,30,12,18
S01007602,H J. Transport and communication,10,2,8
S01007602,K L M N. Financial real estate professional and administrative activities,11,4,7
S01007602,O P Q. Public administration education and health,41,18,23
S01007602,R S T U. Other,1,1,0
S01007602,Never worked,21,14,7
S01007603,All people aged 16 to 74 not in employment,132,62,70
S01007603,A B D E. Agriculture energy and water,3,2,1
S01007603,C. Manufacturing,13,11,2
S01007603,F. Construction,6,3,3
S01007603,G I. Distribution hotels and restaurants,26,11,15
S01007603,H J. Transport and communication,12,8,4
S01007603,K L M N. Financial real estate professional and administrative activities,10,5,5
S01007603,O P Q. Public administration education and health,41,16,25
S01007603,R S T U. Other,2,0,2
S01007603,Never worked,19,6,13
S01007604,All people aged 16 to 74 not in employment,210,90,120
S01007604,A B D E. Agriculture energy and water,2,1,1
S01007604,C. Manufacturing,16,14,2
S01007604,F. Construction,5,5,0
S01007604,G I. Distribution hotels and restaurants,47,19,28
S01007604,H J. Transport and communication,8,5,3
S01007604,K L M N. Financial real estate professional and administrative activities,16,6,10
S01007604,O P Q. Public administration education and health,82,23,59
S01007604,R S T U. Other,6,2,4
S01007604,Never worked,28,15,13
S01007605,All people aged 16 to 74 not in employment,183,72,111
S01007605,A B D E. Agriculture energy and water,5,2,3
S01007605,C. Manufacturing,20,14,6
S01007605,F. Construction,9,7,2
S01007605,G I. Distribution hotels and restaurants,30,11,19
S01007605,H J. Transport and communication,9,4,5
S01007605,K L M N. Financial real estate professional and administrative activities,22,9,13
S01007605,O P Q. Public administration education and health,69,16,53
S01007605,R S T U. Other,3,1,2
S01007605,Never worked,16,8,8
S01007606,All people aged 16 to 74 not in employment,162,71,91
S01007606,A B D E. Agriculture energy and water,6,4,2
S01007606,C. Manufacturing,8,5,3
S01007606,F. Construction,6,6,0
S01007606,G I. Distribution hotels and restaurants,25,10,15
S01007606,H J. Transport and communication,13,6,7
S01007606,K L M N. Financial real estate professional and administrative activities,15,11,4
S01007606,O P Q. Public administration education and health,64,16,48
S01007606,R S T U. Other,3,1,2
S01007606,Never worked,22,12,10
S01007607,All people aged 16 to 74 not in employment,148,64,84
S01007607,A B D E. Agriculture energy and water,4,3,1
S01007607,C. Manufacturing,18,11,7
S01007607,F. Construction,5,4,1
S01007607,G I. Distribution hotels and restaurants,19,6,13
S01007607,H J. Transport and communication,10,4,6
S01007607,K L M N. Financial real estate professional and administrative activities,13,4,9
S01007607,O P Q. Public administration education and health,55,17,38
S01007607,R S T U. Other,4,1,3
S01007607,Never worked,20,14,6
S01007608,All people aged 16 to 74 not in employment,160,78,82
S01007608,A B D E. Agriculture energy and water,3,3,0
S01007608,C. Manufacturing,14,11,3
S01007608,F. Construction,13,10,3
S01007608,G I. Distribution hotels and restaurants,28,15,13
S01007608,H J. Transport and communication,6,2,4
S01007608,K L M N. Financial real estate professional and administrative activities,8,3,5
S01007608,O P Q. Public administration education and health,60,20,40
S01007608,R S T U. Other,5,4,1
S01007608,Never worked,23,10,13
S01007609,All people aged 16 to 74 not in employment,259,118,141
S01007609,A B D E. Agriculture energy and water,10,6,4
S01007609,C. Manufacturing,16,10,6
S01007609,F. Construction,26,26,0
S01007609,G I. Distribution hotels and restaurants,52,23,29
S01007609,H J. Transport and communication,22,7,15
S01007609,K L M N. Financial real estate professional and administrative activities,18,5,13
S01007609,O P Q. Public administration education and health,68,17,51
S01007609,R S T U. Other,3,1,2
S01007609,Never worked,44,23,21
S01007610,All people aged 16 to 74 not in employment,139,60,79
S01007610,A B D E. Agriculture energy and water,8,8,0
S01007610,C. Manufacturing,17,6,11
S01007610,F. Construction,10,10,0
S01007610,G I. Distribution hotels and restaurants,23,15,8
S01007610,H J. Transport and communication,14,3,11
S01007610,K L M N. Financial real estate professional and administrative activities,7,3,4
S01007610,O P Q. Public administration education and health,40,10,30
S01007610,R S T U. Other,5,1,4
S01007610,Never worked,15,4,11
S01007611,All people aged 16 to 74 not in employment,297,141,156
S01007611,A B D E. Agriculture energy and water,10,9,1
S01007611,C. Manufacturing,28,20,8
S01007611,F. Construction,14,13,1
S01007611,G I. Distribution hotels and restaurants,59,33,26
S01007611,H J. Transport and communication,29,9,20
S01007611,K L M N. Financial real estate professional and administrative activities,34,16,18
S01007611,O P Q. Public administration education and health,77,21,56
S01007611,R S T U. Other,8,5,3
S01007611,Never worked,38,15,23
S01007612,All people aged 16 to 74 not in employment,331,167,164
S01007612,A B D E. Agriculture energy and water,12,11,1
S01007612,C. Manufacturing,32,24,8
S01007612,F. Construction,21,20,1
S01007612,G I. Distribution hotels and restaurants,58,28,30
S01007612,H J. Transport and communication,44,18,26
S01007612,K L M N. Financial real estate professional and administrative activities,29,12,17
S01007612,O P Q. Public administration education and health,61,24,37
S01007612,R S T U. Other,9,4,5
S01007612,Never worked,65,26,39
S01007613,All people aged 16 to 74 not in employment,205,104,101
S01007613,A B D E. Agriculture energy and water,3,1,2
S01007613,C. Manufacturing,22,19,3
S01007613,F. Construction,12,12,0
S01007613,G I. Distribution hotels and restaurants,34,13,21
S01007613,H J. Transport and communication,20,10,10
S01007613,K L M N. Financial real estate professional and administrative activities,15,7,8
S01007613,O P Q. Public administration education and health,62,22,40
S01007613,R S T U. Other,6,3,3
S01007613,Never worked,31,17,14
S01007614,All people aged 16 to 74 not in employment,196,79,117
S01007614,A B D E. Agriculture energy and water,10,8,2
S01007614,C. Manufacturing,15,7,8
S01007614,F. Construction,6,4,2
S01007614,G I. Distribution hotels and restaurants,33,11,22
S01007614,H J. Transport and communication,10,4,6
S01007614,K L M N. Financial real estate professional and administrative activities,18,6,12
S01007614,O P Q. Public administration education and health,73,23,50
S01007614,R S T U. Other,8,3,5
S01007614,Never worked,23,13,10
S01007615,All people aged 16 to 74 not in employment,255,120,135
S01007615,A B D E. Agriculture energy and water,8,5,3
S01007615,C. Manufacturing,23,17,6
S01007615,F. Construction,16,15,1
S01007615,G I. Distribution hotels and restaurants,47,25,22
S01007615,H J. Transport and communication,17,4,13
S01007615,K L M N. Financial real estate professional and administrative activities,18,7,11
S01007615,O P Q. Public administration education and health,85,28,57
S01007615,R S T U. Other,13,4,9
S01007615,Never worked,28,15,13
S01007616,All people aged 16 to 74 not in employment,175,82,93
S01007616,A B D E. Agriculture energy and water,8,6,2
S01007616,C. Manufacturing,23,15,8
S01007616,F. Construction,12,11,1
S01007616,G I. Distribution hotels and restaurants,34,17,17
S01007616,H J. Transport and communication,16,7,9
S01007616,K L M N. Financial real estate professional and administrative activities,5,2,3
S01007616,O P Q. Public administration education and health,39,7,32
S01007616,R S T U. Other,12,5,7
S01007616,Never worked,26,12,14
S01007617,All people aged 16 to 74 not in employment,152,75,77
S01007617,A B D E. Agriculture energy and water,10,9,1
S01007617,C. Manufacturing,26,18,8
S01007617,F. Construction,10,7,3
S01007617,G I. Distribution hotels and restaurants,30,12,18
S01007617,H J. Transport and communication,15,7,8
S01007617,K L M N. Financial real estate professional and administrative activities,7,2,5
S01007617,O P Q. Public administration education and health,26,6,20
S01007617,R S T U. Other,9,4,5
S01007617,Never worked,19,10,9
S01007618,All people aged 16 to 74 not in employment,155,71,84
S01007618,A B D E. Agriculture energy and water,6,4,2
S01007618,C. Manufacturing,25,17,8
S01007618,F. Construction,11,11,0
S01007618,G I. Distribution hotels and restaurants,35,16,19
S01007618,H J. Transport and communication,13,2,11
S01007618,K L M N. Financial real estate professional and administrative activities,8,1,7
S01007618,O P Q. Public administration education and health,31,7,24
S01007618,R S T U. Other,3,1,2
S01007618,Never worked,23,12,11
S01007619,All people aged 16 to 74 not in employment,159,65,94
S01007619,A B D E. Agriculture energy and water,10,8,2
S01007619,C. Manufacturing,23,15,8
S01007619,F. Construction,5,5,0
S01007619,G I. Distribution hotels and restaurants,32,12,20
S01007619,H J. Transport and communication,12,3,9
S01007619,K L M N. Financial real estate professional and administrative activities,11,5,6
S01007619,O P Q. Public administration education and health,28,4,24
S01007619,R S T U. Other,6,1,5
S01007619,Never worked,32,12,20
S01007620,All people aged 16 to 74 not in employment,145,63,82
S01007620,A B D E. Agriculture energy and water,3,3,0
S01007620,C. Manufacturing,24,20,4
S01007620,F. Construction,6,6,0
S01007620,G I. Distribution hotels and restaurants,22,8,14
S01007620,H J. Transport and communication,12,4,8
S01007620,K L M N. Financial real estate professional and administrative activities,15,4,11
S01007620,O P Q. Public administration education and health,48,9,39
S01007620,R S T U. Other,4,3,1
S01007620,Never worked,11,6,5
S01007621,All people aged 16 to 74 not in employment,145,62,83
S01007621,A B D E. Agriculture energy and water,5,4,1
S01007621,C. Manufacturing,23,17,6
S01007621,F. Construction,5,5,0
S01007621,G I. Distribution hotels and restaurants,34,15,19
S01007621,H J. Transport and communication,11,4,7
S01007621,K L M N. Financial real estate professional and administrative activities,12,6,6
S01007621,O P Q. Public administration education and health,46,6,40
S01007621,R S T U. Other,5,2,3
S01007621,Never worked,4,3,1
S01007622,All people aged 16 to 74 not in employment,138,68,70
S01007622,A B D E. Agriculture energy and water,4,3,1
S01007622,C. Manufacturing,34,22,12
S01007622,F. Construction,8,8,0
S01007622,G I. Distribution hotels and restaurants,26,10,16
S01007622,H J. Transport and communication,11,3,8
S01007622,K L M N. Financial real estate professional and administrative activities,10,4,6
S01007622,O P Q. Public administration education and health,28,8,20
S01007622,R S T U. Other,2,1,1
S01007622,Never worked,15,9,6
S01007623,All people aged 16 to 74 not in employment,144,60,84
S01007623,A B D E. Agriculture energy and water,1,1,0
S01007623,C. Manufacturing,18,14,4
S01007623,F. Construction,8,8,0
S01007623,G I. Distribution hotels and restaurants,22,11,11
S01007623,H J. Transport and communication,14,3,11
S01007623,K L M N. Financial real estate professional and administrative activities,8,3,5
S01007623,O P Q. Public administration education and health,46,9,37
S01007623,R S T U. Other,3,1,2
S01007623,Never worked,24,10,14
S01007624,All people aged 16 to 74 not in employment,112,46,66
S01007624,A B D E. Agriculture energy and water,1,1,0
S01007624,C. Manufacturing,16,6,10
S01007624,F. Construction,3,2,1
S01007624,G I. Distribution hotels and restaurants,25,13,12
S01007624,H J. Transport and communication,8,3,5
S01007624,K L M N. Financial real estate professional and administrative activities,6,1,5
S01007624,O P Q. Public administration education and health,29,7,22
S01007624,R S T U. Other,7,2,5
S01007624,Never worked,17,11,6
S01007625,All people aged 16 to 74 not in employment,106,40,66
S01007625,A B D E. Agriculture energy and water,5,4,1
S01007625,C. Manufacturing,17,10,7
S01007625,F. Construction,7,5,2
S01007625,G I. Distribution hotels and restaurants,14,6,8
S01007625,H J. Transport and communication,4,1,3
S01007625,K L M N. Financial real estate professional and administrative activities,3,0,3
S01007625,O P Q. Public administration education and health,34,6,28
S01007625,R S T U. Other,5,2,3
S01007625,Never worked,17,6,11
S01007626,All people aged 16 to 74 not in employment,79,33,46
S01007626,A B D E. Agriculture energy and water,2,1,1
S01007626,C. Manufacturing,8,6,2
S01007626,F. Construction,4,2,2
S01007626,G I. Distribution hotels and restaurants,17,8,9
S01007626,H J. Transport and communication,6,2,4
S01007626,K L M N. Financial real estate professional and administrative activities,8,2,6
S01007626,O P Q. Public administration education and health,15,4,11
S01007626,R S T U. Other,5,1,4
S01007626,Never worked,14,7,7
S01007627,All people aged 16 to 74 not in employment,98,38,60
S01007627,A B D E. Agriculture energy and water,6,4,2
S01007627,C. Manufacturing,5,2,3
S01007627,F. Construction,2,1,1
S01007627,G I. Distribution hotels and restaurants,21,5,16
S01007627,H J. Transport and communication,10,6,4
S01007627,K L M N. Financial real estate professional and administrative activities,7,2,5
S01007627,O P Q. Public administration education and health,28,7,21
S01007627,R S T U. Other,2,0,2
S01007627,Never worked,17,11,6
S01007628,All people aged 16 to 74 not in employment,173,78,95
S01007628,A B D E. Agriculture energy and water,8,7,1
S01007628,C. Manufacturing,23,16,7
S01007628,F. Construction,7,6,1
S01007628,G I. Distribution hotels and restaurants,33,10,23
S01007628,H J. Transport and communication,11,3,8
S01007628,K L M N. Financial real estate professional and administrative activities,14,7,7
S01007628,O P Q. Public administration education and health,52,18,34
S01007628,R S T U. Other,5,1,4
S01007628,Never worked,20,10,10
S01007629,All people aged 16 to 74 not in employment,168,59,109
S01007629,A B D E. Agriculture energy and water,10,5,5
S01007629,C. Manufacturing,20,10,10
S01007629,F. Construction,11,10,1
S01007629,G I. Distribution hotels and restaurants,34,9,25
S01007629,H J. Transport and communication,11,2,9
S01007629,K L M N. Financial real estate professional and administrative activities,13,2,11
S01007629,O P Q. Public administration education and health,43,8,35
S01007629,R S T U. Other,10,6,4
S01007629,Never worked,16,7,9
S01007630,All people aged 16 to 74 not in employment,189,75,114
S01007630,A B D E. Agriculture energy and water,11,5,6
S01007630,C. Manufacturing,12,7,5
S01007630,F. Construction,17,14,3
S01007630,G I. Distribution hotels and restaurants,37,14,23
S01007630,H J. Transport and communication,14,2,12
S01007630,K L M N. Financial real estate professional and administrative activities,13,4,9
S01007630,O P Q. Public administration education and health,48,14,34
S01007630,R S T U. Other,6,1,5
S01007630,Never worked,31,14,17
S01007631,All people aged 16 to 74 not in employment,138,53,85
S01007631,A B D E. Agriculture energy and water,12,4,8
S01007631,C. Manufacturing,15,9,6
S01007631,F. Construction,8,7,1
S01007631,G I. Distribution hotels and restaurants,20,6,14
S01007631,H J. Transport and communication,7,3,4
S01007631,K L M N. Financial real estate professional and administrative activities,5,3,2
S01007631,O P Q. Public administration education and health,51,11,40
S01007631,R S T U. Other,6,2,4
S01007631,Never worked,14,8,6
S01007632,All people aged 16 to 74 not in employment,245,98,147
S01007632,A B D E. Agriculture energy and water,9,8,1
S01007632,C. Manufacturing,29,14,15
S01007632,F. Construction,14,13,1
S01007632,G I. Distribution hotels and restaurants,42,20,22
S01007632,H J. Transport and communication,21,6,15
S01007632,K L M N. Financial real estate professional and administrative activities,22,8,14
S01007632,O P Q. Public administration education and health,58,8,50
S01007632,R S T U. Other,13,4,9
S01007632,Never worked,37,17,20
S01007633,All people aged 16 to 74 not in employment,263,117,146
S01007633,A B D E. Agriculture energy and water,18,13,5
S01007633,C. Manufacturing,32,21,11
S01007633,F. Construction,21,19,2
S01007633,G I. Distribution hotels and restaurants,47,15,32
S01007633,H J. Transport and communication,17,6,11
S01007633,K L M N. Financial real estate professional and administrative activities,16,8,8
S01007633,O P Q. Public administration education and health,75,18,57
S01007633,R S T U. Other,6,0,6
S01007633,Never worked,31,17,14
S01007634,All people aged 16 to 74 not in employment,143,56,87
S01007634,A B D E. Agriculture energy and water,12,9,3
S01007634,C. Manufacturing,11,5,6
S01007634,F. Construction,5,5,0
S01007634,G I. Distribution hotels and restaurants,27,10,17
S01007634,H J. Transport and communication,17,3,14
S01007634,K L M N. Financial real estate professional and administrative activities,10,4,6
S01007634,O P Q. Public administration education and health,31,8,23
S01007634,R S T U. Other,8,1,7
S01007634,Never worked,22,11,11
S01007635,All people aged 16 to 74 not in employment,221,87,134
S01007635,A B D E. Agriculture energy and water,11,7,4
S01007635,C. Manufacturing,23,10,13
S01007635,F. Construction,13,7,6
S01007635,G I. Distribution hotels and restaurants,35,16,19
S01007635,H J. Transport and communication,18,4,14
S01007635,K L M N. Financial real estate professional and administrative activities,18,8,10
S01007635,O P Q. Public administration education and health,72,18,54
S01007635,R S T U. Other,8,3,5
S01007635,Never worked,23,14,9
S01007636,All people aged 16 to 74 not in employment,230,93,137
S01007636,A B D E. Agriculture energy and water,12,6,6
S01007636,C. Manufacturing,25,17,8
S01007636,F. Construction,20,16,4
S01007636,G I. Distribution hotels and restaurants,36,15,21
S01007636,H J. Transport and communication,18,4,14
S01007636,K L M N. Financial real estate professional and administrative activities,20,5,15
S01007636,O P Q. Public administration education and health,55,17,38
S01007636,R S T U. Other,11,2,9
S01007636,Never worked,33,11,22
S01007637,All people aged 16 to 74 not in employment,207,92,115
S01007637,A B D E. Agriculture energy and water,12,9,3
S01007637,C. Manufacturing,31,19,12
S01007637,F. Construction,15,14,1
S01007637,G I. Distribution hotels and restaurants,31,12,19
S01007637,H J. Transport and communication,20,4,16
S01007637,K L M N. Financial real estate professional and administrative activities,19,6,13
S01007637,O P Q. Public administration education and health,39,9,30
S01007637,R S T U. Other,10,6,4
S01007637,Never worked,30,13,17
S01007638,All people aged 16 to 74 not in employment,204,93,111
S01007638,A B D E. Agriculture energy and water,7,7,0
S01007638,C. Manufacturing,35,23,12
S01007638,F. Construction,12,10,2
S01007638,G I. Distribution hotels and restaurants,39,16,23
S01007638,H J. Transport and communication,13,2,11
S01007638,K L M N. Financial real estate professional and administrative activities,18,7,11
S01007638,O P Q. Public administration education and health,50,17,33
S01007638,R S T U. Other,6,2,4
S01007638,Never worked,24,9,15
S01007639,All people aged 16 to 74 not in employment,270,111,159
S01007639,A B D E. Agriculture energy and water,10,8,2
S01007639,C. Manufacturing,46,30,16
S01007639,F. Construction,17,16,1
S01007639,G I. Distribution hotels and restaurants,52,14,38
S01007639,H J. Transport and communication,31,5,26
S01007639,K L M N. Financial real estate professional and administrative activities,23,8,15
S01007639,O P Q. Public administration education and health,43,8,35
S01007639,R S T U. Other,10,3,7
S01007639,Never worked,38,19,19
S01007640,All people aged 16 to 74 not in employment,193,87,106
S01007640,A B D E. Agriculture energy and water,9,8,1
S01007640,C. Manufacturing,24,13,11
S01007640,F. Construction,12,9,3
S01007640,G I. Distribution hotels and restaurants,43,19,24
S01007640,H J. Transport and communication,17,5,12
S01007640,K L M N. Financial real estate professional and administrative activities,15,9,6
S01007640,O P Q. Public administration education and health,42,11,31
S01007640,R S T U. Other,8,2,6
S01007640,Never worked,23,11,12
S01007641,All people aged 16 to 74 not in employment,203,89,114
S01007641,A B D E. Agriculture energy and water,11,9,2
S01007641,C. Manufacturing,20,13,7
S01007641,F. Construction,12,10,2
S01007641,G I. Distribution hotels and restaurants,34,15,19
S01007641,H J. Transport and communication,30,8,22
S01007641,K L M N. Financial real estate professional and administrative activities,19,7,12
S01007641,O P Q. Public administration education and health,52,17,35
S01007641,R S T U. Other,6,1,5
S01007641,Never worked,19,9,10
S01007642,All people aged 16 to 74 not in employment,216,95,121
S01007642,A B D E. Agriculture energy and water,11,5,6
S01007642,C. Manufacturing,17,12,5
S01007642,F. Construction,15,12,3
S01007642,G I. Distribution hotels and restaurants,38,19,19
S01007642,H J. Transport and communication,26,8,18
S01007642,K L M N. Financial real estate professional and administrative activities,13,5,8
S01007642,O P Q. Public administration education and health,57,14,43
S01007642,R S T U. Other,15,8,7
S01007642,Never worked,24,12,12
S01007643,All people aged 16 to 74 not in employment,233,104,129
S01007643,A B D E. Agriculture energy and water,18,11,7
S01007643,C. Manufacturing,14,9,5
S01007643,F. Construction,17,14,3
S01007643,G I. Distribution hotels and restaurants,38,20,18
S01007643,H J. Transport and communication,27,5,22
S01007643,K L M N. Financial real estate professional and administrative activities,21,10,11
S01007643,O P Q. Public administration education and health,63,21,42
S01007643,R S T U. Other,7,3,4
S01007643,Never worked,28,11,17
S01007644,All people aged 16 to 74 not in employment,268,118,150
S01007644,A B D E. Agriculture energy and water,9,7,2
S01007644,C. Manufacturing,25,16,9
S01007644,F. Construction,11,10,1
S01007644,G I. Distribution hotels and restaurants,63,24,39
S01007644,H J. Transport and communication,33,7,26
S01007644,K L M N. Financial real estate professional and administrative activities,25,14,11
S01007644,O P Q. Public administration education and health,60,17,43
S01007644,R S T U. Other,12,6,6
S01007644,Never worked,30,17,13
S01007645,All people aged 16 to 74 not in employment,148,67,81
S01007645,A B D E. Agriculture energy and water,13,8,5
S01007645,C. Manufacturing,11,7,4
S01007645,F. Construction,8,7,1
S01007645,G I. Distribution hotels and restaurants,34,18,16
S01007645,H J. Transport and communication,20,5,15
S01007645,K L M N. Financial real estate professional and administrative activities,14,5,9
S01007645,O P Q. Public administration education and health,32,10,22
S01007645,R S T U. Other,2,2,0
S01007645,Never worked,14,5,9
S01007646,All people aged 16 to 74 not in employment,186,85,101
S01007646,A B D E. Agriculture energy and water,14,11,3
S01007646,C. Manufacturing,23,7,16
S01007646,F. Construction,10,10,0
S01007646,G I. Distribution hotels and restaurants,21,8,13
S01007646,H J. Transport and communication,9,1,8
S01007646,K L M N. Financial real estate professional and administrative activities,26,16,10
S01007646,O P Q. Public administration education and health,58,22,36
S01007646,R S T U. Other,8,3,5
S01007646,Never worked,17,7,10
S01007647,All people aged 16 to 74 not in employment,201,93,108
S01007647,A B D E. Agriculture energy and water,8,6,2
S01007647,C. Manufacturing,30,14,16
S01007647,F. Construction,11,11,0
S01007647,G I. Distribution hotels and restaurants,43,21,22
S01007647,H J. Transport and communication,19,5,14
S01007647,K L M N. Financial real estate professional and administrative activities,13,5,8
S01007647,O P Q. Public administration education and health,43,12,31
S01007647,R S T U. Other,10,3,7
S01007647,Never worked,24,16,8
S01007648,All people aged 16 to 74 not in employment,204,90,114
S01007648,A B D E. Agriculture energy and water,12,11,1
S01007648,C. Manufacturing,40,19,21
S01007648,F. Construction,11,11,0
S01007648,G I. Distribution hotels and restaurants,35,15,20
S01007648,H J. Transport and communication,13,6,7
S01007648,K L M N. Financial real estate professional and administrative activities,16,8,8
S01007648,O P Q. Public administration education and health,53,13,40
S01007648,R S T U. Other,9,2,7
S01007648,Never worked,15,5,10
S01007649,All people aged 16 to 74 not in employment,179,77,102
S01007649,A B D E. Agriculture energy and water,8,5,3
S01007649,C. Manufacturing,48,23,25
S01007649,F. Construction,11,10,1
S01007649,G I. Distribution hotels and restaurants,24,8,16
S01007649,H J. Transport and communication,9,5,4
S01007649,K L M N. Financial real estate professional and administrative activities,13,6,7
S01007649,O P Q. Public administration education and health,26,4,22
S01007649,R S T U. Other,6,4,2
S01007649,Never worked,34,12,22
S01007650,All people aged 16 to 74 not in employment,227,103,124
S01007650,A B D E. Agriculture energy and water,28,17,11
S01007650,C. Manufacturing,27,11,16
S01007650,F. Construction,8,8,0
S01007650,G I. Distribution hotels and restaurants,43,22,21
S01007650,H J. Transport and communication,12,6,6
S01007650,K L M N. Financial real estate professional and administrative activities,21,9,12
S01007650,O P Q. Public administration education and health,53,11,42
S01007650,R S T U. Other,8,3,5
S01007650,Never worked,27,16,11
S01007651,All people aged 16 to 74 not in employment,121,50,71
S01007651,A B D E. Agriculture energy and water,13,8,5
S01007651,C. Manufacturing,20,8,12
S01007651,F. Construction,11,8,3
S01007651,G I. Distribution hotels and restaurants,14,4,10
S01007651,H J. Transport and communication,10,5,5
S01007651,K L M N. Financial real estate professional and administrative activities,7,2,5
S01007651,O P Q. Public administration education and health,23,4,19
S01007651,R S T U. Other,3,1,2
S01007651,Never worked,20,10,10
S01007652,All people aged 16 to 74 not in employment,175,65,110
S01007652,A B D E. Agriculture energy and water,11,7,4
S01007652,C. Manufacturing,14,8,6
S01007652,F. Construction,8,7,1
S01007652,G I. Distribution hotels and restaurants,32,15,17
S01007652,H J. Transport and communication,20,5,15
S01007652,K L M N. Financial real estate professional and administrative activities,16,7,9
S01007652,O P Q. Public administration education and health,48,10,38
S01007652,R S T U. Other,11,4,7
S01007652,Never worked,15,2,13
S01007653,All people aged 16 to 74 not in employment,225,91,134
S01007653,A B D E. Agriculture energy and water,23,13,10
S01007653,C. Manufacturing,26,9,17
S01007653,F. Construction,14,11,3
S01007653,G I. Distribution hotels and restaurants,45,20,25
S01007653,H J. Transport and communication,14,4,10
S01007653,K L M N. Financial real estate professional and administrative activities,14,5,9
S01007653,O P Q. Public administration education and health,59,16,43
S01007653,R S T U. Other,7,3,4
S01007653,Never worked,23,10,13
S01007654,All people aged 16 to 74 not in employment,302,136,166
S01007654,A B D E. Agriculture energy and water,29,16,13
S01007654,C. Manufacturing,36,15,21
S01007654,F. Construction,34,31,3
S01007654,G I. Distribution hotels and restaurants,45,16,29
S01007654,H J. Transport and communication,26,5,21
S01007654,K L M N. Financial real estate professional and administrative activities,25,13,12
S01007654,O P Q. Public administration education and health,58,19,39
S01007654,R S T U. Other,5,2,3
S01007654,Never worked,44,19,25
S01007655,All people aged 16 to 74 not in employment,217,83,134
S01007655,A B D E. Agriculture energy and water,26,14,12
S01007655,C. Manufacturing,20,9,11
S01007655,F. Construction,11,7,4
S01007655,G I. Distribution hotels and restaurants,38,15,23
S01007655,H J. Transport and communication,12,2,10
S01007655,K L M N. Financial real estate professional and administrative activities,21,9,12
S01007655,O P Q. Public administration education and health,60,15,45
S01007655,R S T U. Other,10,1,9
S01007655,Never worked,19,11,8
S01007656,All people aged 16 to 74 not in employment,254,98,156
S01007656,A B D E. Agriculture energy and water,23,16,7
S01007656,C. Manufacturing,20,10,10
S01007656,F. Construction,15,11,4
S01007656,G I. Distribution hotels and restaurants,39,19,20
S01007656,H J. Transport and communication,29,5,24
S01007656,K L M N. Financial real estate professional and administrative activities,17,8,9
S01007656,O P Q. Public administration education and health,70,13,57
S01007656,R S T U. Other,9,2,7
S01007656,Never worked,32,14,18
S01007657,All people aged 16 to 74 not in employment,98,46,52
S01007657,A B D E. Agriculture energy and water,6,6,0
S01007657,C. Manufacturing,7,7,0
S01007657,F. Construction,4,4,0
S01007657,G I. Distribution hotels and restaurants,16,8,8
S01007657,H J. Transport and communication,10,1,9
S01007657,K L M N. Financial real estate professional and administrative activities,9,5,4
S01007657,O P Q. Public administration education and health,31,10,21
S01007657,R S T U. Other,4,1,3
S01007657,Never worked,11,4,7
S01007658,All people aged 16 to 74 not in employment,137,59,78
S01007658,A B D E. Agriculture energy and water,3,2,1
S01007658,C. Manufacturing,23,16,7
S01007658,F. Construction,10,10,0
S01007658,G I. Distribution hotels and restaurants,17,7,10
S01007658,H J. Transport and communication,18,3,15
S01007658,K L M N. Financial real estate professional and administrative activities,10,5,5
S01007658,O P Q. Public administration education and health,42,10,32
S01007658,R S T U. Other,3,0,3
S01007658,Never worked,11,6,5
S01007659,All people aged 16 to 74 not in employment,226,114,112
S01007659,A B D E. Agriculture energy and water,10,6,4
S01007659,C. Manufacturing,54,33,21
S01007659,F. Construction,16,15,1
S01007659,G I. Distribution hotels and restaurants,35,16,19
S01007659,H J. Transport and communication,21,7,14
S01007659,K L M N. Financial real estate professional and administrative activities,22,11,11
S01007659,O P Q. Public administration education and health,44,12,32
S01007659,R S T U. Other,8,3,5
S01007659,Never worked,16,11,5
S01007660,All people aged 16 to 74 not in employment,241,98,143
S01007660,A B D E. Agriculture energy and water,10,7,3
S01007660,C. Manufacturing,63,20,43
S01007660,F. Construction,17,15,2
S01007660,G I. Distribution hotels and restaurants,32,12,20
S01007660,H J. Transport and communication,21,7,14
S01007660,K L M N. Financial real estate professional and administrative activities,17,9,8
S01007660,O P Q. Public administration education and health,45,9,36
S01007660,R S T U. Other,3,0,3
S01007660,Never worked,33,19,14
S01007661,All people aged 16 to 74 not in employment,165,79,86
S01007661,A B D E. Agriculture energy and water,12,12,0
S01007661,C. Manufacturing,35,17,18
S01007661,F. Construction,9,9,0
S01007661,G I. Distribution hotels and restaurants,24,12,12
S01007661,H J. Transport and communication,16,4,12
S01007661,K L M N. Financial real estate professional and administrative activities,10,4,6
S01007661,O P Q. Public administration education and health,33,11,22
S01007661,R S T U. Other,3,2,1
S01007661,Never worked,23,8,15
S01007662,All people aged 16 to 74 not in employment,248,118,130
S01007662,A B D E. Agriculture energy and water,12,8,4
S01007662,C. Manufacturing,59,36,23
S01007662,F. Construction,15,14,1
S01007662,G I. Distribution hotels and restaurants,41,17,24
S01007662,H J. Transport and communication,21,8,13
S01007662,K L M N. Financial real estate professional and administrative activities,27,14,13
S01007662,O P Q. Public administration education and health,41,12,29
S01007662,R S T U. Other,5,1,4
S01007662,Never worked,27,8,19
S01007663,All people aged 16 to 74 not in employment,228,102,126
S01007663,A B D E. Agriculture energy and water,14,13,1
S01007663,C. Manufacturing,44,24,20
S01007663,F. Construction,16,15,1
S01007663,G I. Distribution hotels and restaurants,50,20,30
S01007663,H J. Transport and communication,11,3,8
S01007663,K L M N. Financial real estate professional and administrative activities,19,9,10
S01007663,O P Q. Public administration education and health,52,13,39
S01007663,R S T U. Other,4,0,4
S01007663,Never worked,18,5,13
S01007664,All people aged 16 to 74 not in employment,163,73,90
S01007664,A B D E. Agriculture energy and water,7,5,2
S01007664,C. Manufacturing,43,23,20
S01007664,F. Construction,14,14,0
S01007664,G I. Distribution hotels and restaurants,25,8,17
S01007664,H J. Transport and communication,17,5,12
S01007664,K L M N. Financial real estate professional and administrative activities,7,1,6
S01007664,O P Q. Public administration education and health,23,5,18
S01007664,R S T U. Other,5,4,1
S01007664,Never worked,22,8,14
S01007665,All people aged 16 to 74 not in employment,140,63,77
S01007665,A B D E. Agriculture energy and water,9,7,2
S01007665,C. Manufacturing,32,17,15
S01007665,F. Construction,9,8,1
S01007665,G I. Distribution hotels and restaurants,20,6,14
S01007665,H J. Transport and communication,12,2,10
S01007665,K L M N. Financial real estate professional and administrative activities,11,7,4
S01007665,O P Q. Public administration education and health,22,6,16
S01007665,R S T U. Other,9,3,6
S01007665,Never worked,16,7,9
S01007666,All people aged 16 to 74 not in employment,131,60,71
S01007666,A B D E. Agriculture energy and water,12,8,4
S01007666,C. Manufacturing,28,11,17
S01007666,F. Construction,10,10,0
S01007666,G I. Distribution hotels and restaurants,24,10,14
S01007666,H J. Transport and communication,7,5,2
S01007666,K L M N. Financial real estate professional and administrative activities,9,5,4
S01007666,O P Q. Public administration education and health,22,2,20
S01007666,R S T U. Other,3,2,1
S01007666,Never worked,16,7,9
S01007667,All people aged 16 to 74 not in employment,139,58,81
S01007667,A B D E. Agriculture energy and water,15,12,3
S01007667,C. Manufacturing,17,9,8
S01007667,F. Construction,11,9,2
S01007667,G I. Distribution hotels and restaurants,19,7,12
S01007667,H J. Transport and communication,10,2,8
S01007667,K L M N. Financial real estate professional and administrative activities,12,4,8
S01007667,O P Q. Public administration education and health,38,8,30
S01007667,R S T U. Other,5,2,3
S01007667,Never worked,12,5,7
S01007668,All people aged 16 to 74 not in employment,288,126,162
S01007668,A B D E. Agriculture energy and water,14,11,3
S01007668,C. Manufacturing,73,32,41
S01007668,F. Construction,24,21,3
S01007668,G I. Distribution hotels and restaurants,38,15,23
S01007668,H J. Transport and communication,22,4,18
S01007668,K L M N. Financial real estate professional and administrative activities,20,9,11
S01007668,O P Q. Public administration education and health,50,9,41
S01007668,R S T U. Other,4,0,4
S01007668,Never worked,43,25,18
S01007669,All people aged 16 to 74 not in employment,197,78,119
S01007669,A B D E. Agriculture energy and water,6,5,1
S01007669,C. Manufacturing,53,22,31
S01007669,F. Construction,7,5,2
S01007669,G I. Distribution hotels and restaurants,35,18,17
S01007669,H J. Transport and communication,25,7,18
S01007669,K L M N. Financial real estate professional and administrative activities,15,5,10
S01007669,O P Q. Public administration education and health,16,4,12
S01007669,R S T U. Other,8,3,5
S01007669,Never worked,32,9,23
S01007670,All people aged 16 to 74 not in employment,201,98,103
S01007670,A B D E. Agriculture energy and water,5,4,1
S01007670,C. Manufacturing,50,24,26
S01007670,F. Construction,12,11,1
S01007670,G I. Distribution hotels and restaurants,29,11,18
S01007670,H J. Transport and communication,13,5,8
S01007670,K L M N. Financial real estate professional and administrative activities,20,13,7
S01007670,O P Q. Public administration education and health,32,10,22
S01007670,R S T U. Other,1,0,1
S01007670,Never worked,39,20,19
S01007671,All people aged 16 to 74 not in employment,163,74,89
S01007671,A B D E. Agriculture energy and water,18,13,5
S01007671,C. Manufacturing,27,17,10
S01007671,F. Construction,9,7,2
S01007671,G I. Distribution hotels and restaurants,26,15,11
S01007671,H J. Transport and communication,17,7,10
S01007671,K L M N. Financial real estate professional and administrative activities,12,4,8
S01007671,O P Q. Public administration education and health,36,5,31
S01007671,R S T U. Other,2,0,2
S01007671,Never worked,16,6,10
S01007672,All people aged 16 to 74 not in employment,273,120,153
S01007672,A B D E. Agriculture energy and water,27,17,10
S01007672,C. Manufacturing,52,31,21
S01007672,F. Construction,8,4,4
S01007672,G I. Distribution hotels and restaurants,36,15,21
S01007672,H J. Transport and communication,12,3,9
S01007672,K L M N. Financial real estate professional and administrative activities,33,17,16
S01007672,O P Q. Public administration education and health,71,22,49
S01007672,R S T U. Other,9,1,8
S01007672,Never worked,25,10,15
S01007673,All people aged 16 to 74 not in employment,145,59,86
S01007673,A B D E. Agriculture energy and water,7,6,1
S01007673,C. Manufacturing,34,20,14
S01007673,F. Construction,8,6,2
S01007673,G I. Distribution hotels and restaurants,21,10,11
S01007673,H J. Transport and communication,14,3,11
S01007673,K L M N. Financial real estate professional and administrative activities,10,3,7
S01007673,O P Q. Public administration education and health,32,5,27
S01007673,R S T U. Other,1,0,1
S01007673,Never worked,18,6,12
S01007674,All people aged 16 to 74 not in employment,232,107,125
S01007674,A B D E. Agriculture energy and water,12,10,2
S01007674,C. Manufacturing,56,30,26
S01007674,F. Construction,11,10,1
S01007674,G I. Distribution hotels and restaurants,44,22,22
S01007674,H J. Transport and communication,30,6,24
S01007674,K L M N. Financial real estate professional and administrative activities,16,7,9
S01007674,O P Q. Public administration education and health,26,7,19
S01007674,R S T U. Other,4,0,4
S01007674,Never worked,33,15,18
S01007675,All people aged 16 to 74 not in employment,170,74,96
S01007675,A B D E. Agriculture energy and water,14,13,1
S01007675,C. Manufacturing,26,14,12
S01007675,F. Construction,14,12,2
S01007675,G I. Distribution hotels and restaurants,34,10,24
S01007675,H J. Transport and communication,6,2,4
S01007675,K L M N. Financial real estate professional and administrative activities,19,6,13
S01007675,O P Q. Public administration education and health,43,11,32
S01007675,R S T U. Other,4,3,1
S01007675,Never worked,10,3,7
S01007676,All people aged 16 to 74 not in employment,129,54,75
S01007676,A B D E. Agriculture energy and water,10,7,3
S01007676,C. Manufacturing,18,8,10
S01007676,F. Construction,7,5,2
S01007676,G I. Distribution hotels and restaurants,25,13,12
S01007676,H J. Transport and communication,12,5,7
S01007676,K L M N. Financial real estate professional and administrative activities,13,3,10
S01007676,O P Q. Public administration education and health,26,4,22
S01007676,R S T U. Other,2,2,0
S01007676,Never worked,16,7,9
S01007677,All people aged 16 to 74 not in employment,97,38,59
S01007677,A B D E. Agriculture energy and water,4,3,1
S01007677,C. Manufacturing,9,5,4
S01007677,F. Construction,3,2,1
S01007677,G I. Distribution hotels and restaurants,19,6,13
S01007677,H J. Transport and communication,14,1,13
S01007677,K L M N. Financial real estate professional and administrative activities,10,7,3
S01007677,O P Q. Public administration education and health,23,7,16
S01007677,R S T U. Other,3,1,2
S01007677,Never worked,12,6,6
S01007678,All people aged 16 to 74 not in employment,230,105,125
S01007678,A B D E. Agriculture energy and water,10,7,3
S01007678,C. Manufacturing,42,25,17
S01007678,F. Construction,12,12,0
S01007678,G I. Distribution hotels and restaurants,40,22,18
S01007678,H J. Transport and communication,36,7,29
S01007678,K L M N. Financial real estate professional and administrative activities,17,6,11
S01007678,O P Q. Public administration education and health,42,15,27
S01007678,R S T U. Other,3,0,3
S01007678,Never worked,28,11,17
S01007679,All people aged 16 to 74 not in employment,289,129,160
S01007679,A B D E. Agriculture energy and water,9,7,2
S01007679,C. Manufacturing,52,29,23
S01007679,F. Construction,20,19,1
S01007679,G I. Distribution hotels and restaurants,63,30,33
S01007679,H J. Transport and communication,39,12,27
S01007679,K L M N. Financial real estate professional and administrative activities,19,6,13
S01007679,O P Q. Public administration education and health,54,14,40
S01007679,R S T U. Other,9,2,7
S01007679,Never worked,24,10,14
S01007680,All people aged 16 to 74 not in employment,209,88,121
S01007680,A B D E. Agriculture energy and water,11,7,4
S01007680,C. Manufacturing,27,14,13
S01007680,F. Construction,10,9,1
S01007680,G I. Distribution hotels and restaurants,54,23,31
S01007680,H J. Transport and communication,19,4,15
S01007680,K L M N. Financial real estate professional and administrative activities,11,3,8
S01007680,O P Q. Public administration education and health,58,21,37
S01007680,R S T U. Other,3,0,3
S01007680,Never worked,16,7,9
S01007681,All people aged 16 to 74 not in employment,98,44,54
S01007681,A B D E. Agriculture energy and water,4,2,2
S01007681,C. Manufacturing,6,2,4
S01007681,F. Construction,7,7,0
S01007681,G I. Distribution hotels and restaurants,27,13,14
S01007681,H J. Transport and communication,18,4,14
S01007681,K L M N. Financial real estate professional and administrative activities,13,5,8
S01007681,O P Q. Public administration education and health,14,6,8
S01007681,R S T U. Other,2,2,0
S01007681,Never worked,7,3,4
S01007682,All people aged 16 to 74 not in employment,229,106,123
S01007682,A B D E. Agriculture energy and water,1,1,0
S01007682,C. Manufacturing,14,13,1
S01007682,F. Construction,9,8,1
S01007682,G I. Distribution hotels and restaurants,35,16,19
S01007682,H J. Transport and communication,18,8,10
S01007682,K L M N. Financial real estate professional and administrative activities,27,13,14
S01007682,O P Q. Public administration education and health,80,27,53
S01007682,R S T U. Other,5,4,1
S01007682,Never worked,40,16,24
S01007683,All people aged 16 to 74 not in employment,193,100,93
S01007683,A B D E. Agriculture energy and water,0,0,0
S01007683,C. Manufacturing,8,6,2
S01007683,F. Construction,6,5,1
S01007683,G I. Distribution hotels and restaurants,25,9,16
S01007683,H J. Transport and communication,12,9,3
S01007683,K L M N. Financial real estate professional and administrative activities,11,8,3
S01007683,O P Q. Public administration education and health,55,19,36
S01007683,R S T U. Other,5,1,4
S01007683,Never worked,71,43,28
S01007684,All people aged 16 to 74 not in employment,221,100,121
S01007684,A B D E. Agriculture energy and water,2,1,1
S01007684,C. Manufacturing,17,13,4
S01007684,F. Construction,7,3,4
S01007684,G I. Distribution hotels and restaurants,26,14,12
S01007684,H J. Transport and communication,17,12,5
S01007684,K L M N. Financial real estate professional and administrative activities,17,9,8
S01007684,O P Q. Public administration education and health,78,23,55
S01007684,R S T U. Other,14,6,8
S01007684,Never worked,43,19,24
S01007685,All people aged 16 to 74 not in employment,376,172,204
S01007685,A B D E. Agriculture energy and water,3,2,1
S01007685,C. Manufacturing,12,6,6
S01007685,F. Construction,4,3,1
S01007685,G I. Distribution hotels and restaurants,72,28,44
S01007685,H J. Transport and communication,51,24,27
S01007685,K L M N. Financial real estate professional and administrative activities,22,15,7
S01007685,O P Q. Public administration education and health,85,30,55
S01007685,R S T U. Other,12,5,7
S01007685,Never worked,115,59,56
S01007686,All people aged 16 to 74 not in employment,176,81,95
S01007686,A B D E. Agriculture energy and water,1,0,1
S01007686,C. Manufacturing,9,7,2
S01007686,F. Construction,6,4,2
S01007686,G I. Distribution hotels and restaurants,29,12,17
S01007686,H J. Transport and communication,20,10,10
S01007686,K L M N. Financial real estate professional and administrative activities,6,2,4
S01007686,O P Q. Public administration education and health,57,24,33
S01007686,R S T U. Other,13,5,8
S01007686,Never worked,35,17,18
S01007687,All people aged 16 to 74 not in employment,291,118,173
S01007687,A B D E. Agriculture energy and water,10,5,5
S01007687,C. Manufacturing,9,6,3
S01007687,F. Construction,2,2,0
S01007687,G I. Distribution hotels and restaurants,36,19,17
S01007687,H J. Transport and communication,36,11,25
S01007687,K L M N. Financial real estate professional and administrative activities,23,9,14
S01007687,O P Q. Public administration education and health,96,32,64
S01007687,R S T U. Other,18,7,11
S01007687,Never worked,61,27,34
S01007688,All people aged 16 to 74 not in employment,410,200,210
S01007688,A B D E. Agriculture energy and water,5,5,0
S01007688,C. Manufacturing,14,9,5
S01007688,F. Construction,16,16,0
S01007688,G I. Distribution hotels and restaurants,68,34,34
S01007688,H J. Transport and communication,62,21,41
S01007688,K L M N. Financial real estate professional and administrative activities,49,31,18
S01007688,O P Q. Public administration education and health,79,20,59
S01007688,R S T U. Other,20,8,12
S01007688,Never worked,97,56,41
S01007689,All people aged 16 to 74 not in employment,206,79,127
S01007689,A B D E. Agriculture energy and water,3,0,3
S01007689,C. Manufacturing,7,4,3
S01007689,F. Construction,7,4,3
S01007689,G I. Distribution hotels and restaurants,40,20,20
S01007689,H J. Transport and communication,30,6,24
S01007689,K L M N. Financial real estate professional and administrative activities,17,8,9
S01007689,O P Q. Public administration education and health,34,8,26
S01007689,R S T U. Other,8,2,6
S01007689,Never worked,60,27,33
S01007690,All people aged 16 to 74 not in employment,430,171,259
S01007690,A B D E. Agriculture energy and water,6,3,3
S01007690,C. Manufacturing,17,8,9
S01007690,F. Construction,14,11,3
S01007690,G I. Distribution hotels and restaurants,59,19,40
S01007690,H J. Transport and communication,62,21,41
S01007690,K L M N. Financial real estate professional and administrative activities,36,18,18
S01007690,O P Q. Public administration education and health,82,16,66
S01007690,R S T U. Other,32,10,22
S01007690,Never worked,122,65,57
S01007691,All people aged 16 to 74 not in employment,2058,1014,1044
S01007691,A B D E. Agriculture energy and water,23,16,7
S01007691,C. Manufacturing,64,39,25
S01007691,F. Construction,52,48,4
S01007691,G I. Distribution hotels and restaurants,389,166,223
S01007691,H J. Transport and communication,358,158,200
S01007691,K L M N. Financial real estate professional and administrative activities,179,105,74
S01007691,O P Q. Public administration education and health,215,84,131
S01007691,R S T U. Other,109,48,61
S01007691,Never worked,669,350,319
S01007692,All people aged 16 to 74 not in employment,458,203,255
S01007692,A B D E. Agriculture energy and water,5,2,3
S01007692,C. Manufacturing,22,13,9
S01007692,F. Construction,18,17,1
S01007692,G I. Distribution hotels and restaurants,101,45,56
S01007692,H J. Transport and communication,73,30,43
S01007692,K L M N. Financial real estate professional and administrative activities,41,15,26
S01007692,O P Q. Public administration education and health,92,41,51
S01007692,R S T U. Other,28,10,18
S01007692,Never worked,78,30,48
S01007693,All people aged 16 to 74 not in employment,629,309,320
S01007693,A B D E. Agriculture energy and water,10,8,2
S01007693,C. Manufacturing,22,18,4
S01007693,F. Construction,9,9,0
S01007693,G I. Distribution hotels and restaurants,107,41,66
S01007693,H J. Transport and communication,113,40,73
S01007693,K L M N. Financial real estate professional and administrative activities,43,18,25
S01007693,O P Q. Public administration education and health,64,29,35
S01007693,R S T U. Other,32,13,19
S01007693,Never worked,229,133,96
S01007694,All people aged 16 to 74 not in employment,526,251,275
S01007694,A B D E. Agriculture energy and water,2,2,0
S01007694,C. Manufacturing,26,17,9
S01007694,F. Construction,7,7,0
S01007694,G I. Distribution hotels and restaurants,99,42,57
S01007694,H J. Transport and communication,103,46,57
S01007694,K L M N. Financial real estate professional and administrative activities,42,24,18
S01007694,O P Q. Public administration education and health,60,26,34
S01007694,R S T U. Other,25,12,13
S01007694,Never worked,162,75,87
S01007695,All people aged 16 to 74 not in employment,353,177,176
S01007695,A B D E. Agriculture energy and water,7,7,0
S01007695,C. Manufacturing,26,14,12
S01007695,F. Construction,21,19,2
S01007695,G I. Distribution hotels and restaurants,50,26,24
S01007695,H J. Transport and communication,39,20,19
S01007695,K L M N. Financial real estate professional and administrative activities,40,27,13
S01007695,O P Q. Public administration education and health,94,31,63
S01007695,R S T U. Other,12,2,10
S01007695,Never worked,64,31,33
S01007696,All people aged 16 to 74 not in employment,422,211,211
S01007696,A B D E. Agriculture energy and water,5,3,2
S01007696,C. Manufacturing,22,12,10
S01007696,F. Construction,10,10,0
S01007696,G I. Distribution hotels and restaurants,87,44,43
S01007696,H J. Transport and communication,73,30,43
S01007696,K L M N. Financial real estate professional and administrative activities,43,21,22
S01007696,O P Q. Public administration education and health,62,32,30
S01007696,R S T U. Other,14,5,9
S01007696,Never worked,106,54,52
S01007697,All people aged 16 to 74 not in employment,346,192,154
S01007697,A B D E. Agriculture energy and water,11,11,0
S01007697,C. Manufacturing,25,16,9
S01007697,F. Construction,12,11,1
S01007697,G I. Distribution hotels and restaurants,50,35,15
S01007697,H J. Transport and communication,47,17,30
S01007697,K L M N. Financial real estate professional and administrative activities,50,30,20
S01007697,O P Q. Public administration education and health,73,30,43
S01007697,R S T U. Other,16,11,5
S01007697,Never worked,62,31,31
S01007698,All people aged 16 to 74 not in employment,420,273,147
S01007698,A B D E. Agriculture energy and water,10,10,0
S01007698,C. Manufacturing,23,18,5
S01007698,F. Construction,20,20,0
S01007698,G I. Distribution hotels and restaurants,69,40,29
S01007698,H J. Transport and communication,63,37,26
S01007698,K L M N. Financial real estate professional and administrative activities,34,26,8
S01007698,O P Q. Public administration education and health,71,36,35
S01007698,R S T U. Other,25,20,5
S01007698,Never worked,105,66,39
S01007699,All people aged 16 to 74 not in employment,300,150,150
S01007699,A B D E. Agriculture energy and water,4,3,1
S01007699,C. Manufacturing,19,13,6
S01007699,F. Construction,13,13,0
S01007699,G I. Distribution hotels and restaurants,42,21,21
S01007699,H J. Transport and communication,47,18,29
S01007699,K L M N. Financial real estate professional and administrative activities,25,16,9
S01007699,O P Q. Public administration education and health,54,13,41
S01007699,R S T U. Other,20,12,8
S01007699,Never worked,76,41,35
S01007700,All people aged 16 to 74 not in employment,264,124,140
S01007700,A B D E. Agriculture energy and water,8,5,3
S01007700,C. Manufacturing,14,7,7
S01007700,F. Construction,19,17,2
S01007700,G I. Distribution hotels and restaurants,31,11,20
S01007700,H J. Transport and communication,28,20,8
S01007700,K L M N. Financial real estate professional and administrative activities,31,20,11
S01007700,O P Q. Public administration education and health,76,21,55
S01007700,R S T U. Other,9,1,8
S01007700,Never worked,48,22,26
S01007701,All people aged 16 to 74 not in employment,264,159,105
S01007701,A B D E. Agriculture energy and water,8,4,4
S01007701,C. Manufacturing,23,15,8
S01007701,F. Construction,14,14,0
S01007701,G I. Distribution hotels and restaurants,40,21,19
S01007701,H J. Transport and communication,30,19,11
S01007701,K L M N. Financial real estate professional and administrative activities,24,14,10
S01007701,O P Q. Public administration education and health,40,22,18
S01007701,R S T U. Other,16,8,8
S01007701,Never worked,69,42,27
S01007702,All people aged 16 to 74 not in employment,597,326,271
S01007702,A B D E. Agriculture energy and water,1,1,0
S01007702,C. Manufacturing,24,15,9
S01007702,F. Construction,11,10,1
S01007702,G I. Distribution hotels and restaurants,130,63,67
S01007702,H J. Transport and communication,112,62,50
S01007702,K L M N. Financial real estate professional and administrative activities,54,28,26
S01007702,O P Q. Public administration education and health,64,21,43
S01007702,R S T U. Other,21,13,8
S01007702,Never worked,180,113,67
S01007703,All people aged 16 to 74 not in employment,256,119,137
S01007703,A B D E. Agriculture energy and water,9,6,3
S01007703,C. Manufacturing,21,12,9
S01007703,F. Construction,10,9,1
S01007703,G I. Distribution hotels and restaurants,36,16,20
S01007703,H J. Transport and communication,29,13,16
S01007703,K L M N. Financial real estate professional and administrative activities,27,8,19
S01007703,O P Q. Public administration education and health,65,22,43
S01007703,R S T U. Other,13,3,10
S01007703,Never worked,46,30,16
S01007704,All people aged 16 to 74 not in employment,458,248,210
S01007704,A B D E. Agriculture energy and water,3,3,0
S01007704,C. Manufacturing,49,32,17
S01007704,F. Construction,28,27,1
S01007704,G I. Distribution hotels and restaurants,58,31,27
S01007704,H J. Transport and communication,65,37,28
S01007704,K L M N. Financial real estate professional and administrative activities,44,24,20
S01007704,O P Q. Public administration education and health,60,18,42
S01007704,R S T U. Other,26,15,11
S01007704,Never worked,125,61,64
S01007705,All people aged 16 to 74 not in employment,443,273,170
S01007705,A B D E. Agriculture energy and water,10,9,1
S01007705,C. Manufacturing,14,10,4
S01007705,F. Construction,11,10,1
S01007705,G I. Distribution hotels and restaurants,85,63,22
S01007705,H J. Transport and communication,78,38,40
S01007705,K L M N. Financial real estate professional and administrative activities,33,16,17
S01007705,O P Q. Public administration education and health,36,20,16
S01007705,R S T U. Other,24,17,7
S01007705,Never worked,152,90,62
S01007706,All people aged 16 to 74 not in employment,425,227,198
S01007706,A B D E. Agriculture energy and water,8,6,2
S01007706,C. Manufacturing,13,7,6
S01007706,F. Construction,7,6,1
S01007706,G I. Distribution hotels and restaurants,77,44,33
S01007706,H J. Transport and communication,71,21,50
S01007706,K L M N. Financial real estate professional and administrative activities,35,24,11
S01007706,O P Q. Public administration education and health,59,20,39
S01007706,R S T U. Other,26,17,9
S01007706,Never worked,129,82,47
S01007707,All people aged 16 to 74 not in employment,289,148,141
S01007707,A B D E. Agriculture energy and water,2,2,0
S01007707,C. Manufacturing,13,9,4
S01007707,F. Construction,7,6,1
S01007707,G I. Distribution hotels and restaurants,39,16,23
S01007707,H J. Transport and communication,46,20,26
S01007707,K L M N. Financial real estate professional and administrative activities,41,25,16
S01007707,O P Q. Public administration education and health,49,23,26
S01007707,R S T U. Other,11,4,7
S01007707,Never worked,81,43,38
S01007708,All people aged 16 to 74 not in employment,185,96,89
S01007708,A B D E. Agriculture energy and water,6,5,1
S01007708,C. Manufacturing,19,10,9
S01007708,F. Construction,12,10,2
S01007708,G I. Distribution hotels and restaurants,36,22,14
S01007708,H J. Transport and communication,19,9,10
S01007708,K L M N. Financial real estate professional and administrative activities,16,9,7
S01007708,O P Q. Public administration education and health,29,6,23
S01007708,R S T U. Other,5,2,3
S01007708,Never worked,43,23,20
S01007709,All people aged 16 to 74 not in employment,249,137,112
S01007709,A B D E. Agriculture energy and water,5,4,1
S01007709,C. Manufacturing,30,22,8
S01007709,F. Construction,22,21,1
S01007709,G I. Distribution hotels and restaurants,41,21,20
S01007709,H J. Transport and communication,38,16,22
S01007709,K L M N. Financial real estate professional and administrative activities,10,5,5
S01007709,O P Q. Public administration education and health,37,12,25
S01007709,R S T U. Other,7,3,4
S01007709,Never worked,59,33,26
S01007710,All people aged 16 to 74 not in employment,345,195,150
S01007710,A B D E. Agriculture energy and water,4,4,0
S01007710,C. Manufacturing,25,16,9
S01007710,F. Construction,12,11,1
S01007710,G I. Distribution hotels and restaurants,53,28,25
S01007710,H J. Transport and communication,53,23,30
S01007710,K L M N. Financial real estate professional and administrative activities,48,28,20
S01007710,O P Q. Public administration education and health,55,26,29
S01007710,R S T U. Other,16,10,6
S01007710,Never worked,79,49,30
S01007711,All people aged 16 to 74 not in employment,453,252,201
S01007711,A B D E. Agriculture energy and water,5,5,0
S01007711,C. Manufacturing,34,22,12
S01007711,F. Construction,20,16,4
S01007711,G I. Distribution hotels and restaurants,74,47,27
S01007711,H J. Transport and communication,69,36,33
S01007711,K L M N. Financial real estate professional and administrative activities,27,17,10
S01007711,O P Q. Public administration education and health,74,28,46
S01007711,R S T U. Other,15,8,7
S01007711,Never worked,135,73,62
S01007712,All people aged 16 to 74 not in employment,271,158,113
S01007712,A B D E. Agriculture energy and water,7,5,2
S01007712,C. Manufacturing,16,11,5
S01007712,F. Construction,12,10,2
S01007712,G I. Distribution hotels and restaurants,39,20,19
S01007712,H J. Transport and communication,39,21,18
S01007712,K L M N. Financial real estate professional and administrative activities,19,10,9
S01007712,O P Q. Public administration education and health,45,16,29
S01007712,R S T U. Other,20,7,13
S01007712,Never worked,74,58,16
S01007713,All people aged 16 to 74 not in employment,183,79,104
S01007713,A B D E. Agriculture energy and water,2,0,2
S01007713,C. Manufacturing,19,12,7
S01007713,F. Construction,3,3,0
S01007713,G I. Distribution hotels and restaurants,32,9,23
S01007713,H J. Transport and communication,22,5,17
S01007713,K L M N. Financial real estate professional and administrative activities,7,5,2
S01007713,O P Q. Public administration education and health,44,14,30
S01007713,R S T U. Other,6,4,2
S01007713,Never worked,48,27,21
S01007714,All people aged 16 to 74 not in employment,181,97,84
S01007714,A B D E. Agriculture energy and water,3,3,0
S01007714,C. Manufacturing,23,12,11
S01007714,F. Construction,15,13,2
S01007714,G I. Distribution hotels and restaurants,27,12,15
S01007714,H J. Transport and communication,21,10,11
S01007714,K L M N. Financial real estate professional and administrative activities,21,16,5
S01007714,O P Q. Public administration education and health,23,8,15
S01007714,R S T U. Other,9,5,4
S01007714,Never worked,39,18,21
S01007715,All people aged 16 to 74 not in employment,191,89,102
S01007715,A B D E. Agriculture energy and water,2,2,0
S01007715,C. Manufacturing,14,9,5
S01007715,F. Construction,9,9,0
S01007715,G I. Distribution hotels and restaurants,37,20,17
S01007715,H J. Transport and communication,14,6,8
S01007715,K L M N. Financial real estate professional and administrative activities,16,11,5
S01007715,O P Q. Public administration education and health,29,5,24
S01007715,R S T U. Other,8,2,6
S01007715,Never worked,62,25,37
S01007716,All people aged 16 to 74 not in employment,426,249,177
S01007716,A B D E. Agriculture energy and water,9,9,0
S01007716,C. Manufacturing,32,19,13
S01007716,F. Construction,25,22,3
S01007716,G I. Distribution hotels and restaurants,79,55,24
S01007716,H J. Transport and communication,34,18,16
S01007716,K L M N. Financial real estate professional and administrative activities,30,13,17
S01007716,O P Q. Public administration education and health,79,31,48
S01007716,R S T U. Other,23,7,16
S01007716,Never worked,115,75,40
S01007717,All people aged 16 to 74 not in employment,406,229,177
S01007717,A B D E. Agriculture energy and water,4,3,1
S01007717,C. Manufacturing,50,32,18
S01007717,F. Construction,33,33,0
S01007717,G I. Distribution hotels and restaurants,59,39,20
S01007717,H J. Transport and communication,68,35,33
S01007717,K L M N. Financial real estate professional and administrative activities,24,16,8
S01007717,O P Q. Public administration education and health,69,20,49
S01007717,R S T U. Other,12,2,10
S01007717,Never worked,87,49,38
S01007718,All people aged 16 to 74 not in employment,282,153,129
S01007718,A B D E. Agriculture energy and water,2,2,0
S01007718,C. Manufacturing,53,37,16
S01007718,F. Construction,20,18,2
S01007718,G I. Distribution hotels and restaurants,42,24,18
S01007718,H J. Transport and communication,24,12,12
S01007718,K L M N. Financial real estate professional and administrative activities,30,14,16
S01007718,O P Q. Public administration education and health,62,15,47
S01007718,R S T U. Other,6,2,4
S01007718,Never worked,43,29,14
S01007719,All people aged 16 to 74 not in employment,347,179,168
S01007719,A B D E. Agriculture energy and water,5,2,3
S01007719,C. Manufacturing,65,40,25
S01007719,F. Construction,42,41,1
S01007719,G I. Distribution hotels and restaurants,61,34,27
S01007719,H J. Transport and communication,36,15,21
S01007719,K L M N. Financial real estate professional and administrative activities,20,12,8
S01007719,O P Q. Public administration education and health,65,16,49
S01007719,R S T U. Other,6,4,2
S01007719,Never worked,47,15,32
S01007720,All people aged 16 to 74 not in employment,258,113,145
S01007720,A B D E. Agriculture energy and water,9,5,4
S01007720,C. Manufacturing,44,25,19
S01007720,F. Construction,18,17,1
S01007720,G I. Distribution hotels and restaurants,51,24,27
S01007720,H J. Transport and communication,18,6,12
S01007720,K L M N. Financial real estate professional and administrative activities,24,10,14
S01007720,O P Q. Public administration education and health,61,15,46
S01007720,R S T U. Other,6,2,4
S01007720,Never worked,27,9,18
S01007721,All people aged 16 to 74 not in employment,232,96,136
S01007721,A B D E. Agriculture energy and water,5,3,2
S01007721,C. Manufacturing,30,14,16
S01007721,F. Construction,15,15,0
S01007721,G I. Distribution hotels and restaurants,43,21,22
S01007721,H J. Transport and communication,25,9,16
S01007721,K L M N. Financial real estate professional and administrative activities,17,4,13
S01007721,O P Q. Public administration education and health,58,11,47
S01007721,R S T U. Other,9,4,5
S01007721,Never worked,30,15,15
S01007722,All people aged 16 to 74 not in employment,335,178,157
S01007722,A B D E. Agriculture energy and water,6,4,2
S01007722,C. Manufacturing,57,36,21
S01007722,F. Construction,21,21,0
S01007722,G I. Distribution hotels and restaurants,63,37,26
S01007722,H J. Transport and communication,32,16,16
S01007722,K L M N. Financial real estate professional and administrative activities,29,11,18
S01007722,O P Q. Public administration education and health,47,14,33
S01007722,R S T U. Other,11,3,8
S01007722,Never worked,69,36,33
S01007723,All people aged 16 to 74 not in employment,382,199,183
S01007723,A B D E. Agriculture energy and water,10,9,1
S01007723,C. Manufacturing,68,39,29
S01007723,F. Construction,28,26,2
S01007723,G I. Distribution hotels and restaurants,48,29,19
S01007723,H J. Transport and communication,34,19,15
S01007723,K L M N. Financial real estate professional and administrative activities,31,14,17
S01007723,O P Q. Public administration education and health,75,24,51
S01007723,R S T U. Other,13,6,7
S01007723,Never worked,75,33,42
S01007724,All people aged 16 to 74 not in employment,228,127,101
S01007724,A B D E. Agriculture energy and water,1,1,0
S01007724,C. Manufacturing,18,15,3
S01007724,F. Construction,14,13,1
S01007724,G I. Distribution hotels and restaurants,37,17,20
S01007724,H J. Transport and communication,30,19,11
S01007724,K L M N. Financial real estate professional and administrative activities,18,9,9
S01007724,O P Q. Public administration education and health,37,16,21
S01007724,R S T U. Other,7,6,1
S01007724,Never worked,66,31,35
S01007725,All people aged 16 to 74 not in employment,286,142,144
S01007725,A B D E. Agriculture energy and water,10,6,4
S01007725,C. Manufacturing,44,28,16
S01007725,F. Construction,26,24,2
S01007725,G I. Distribution hotels and restaurants,39,17,22
S01007725,H J. Transport and communication,22,9,13
S01007725,K L M N. Financial real estate professional and administrative activities,21,10,11
S01007725,O P Q. Public administration education and health,47,17,30
S01007725,R S T U. Other,13,5,8
S01007725,Never worked,64,26,38
S01007726,All people aged 16 to 74 not in employment,295,148,147
S01007726,A B D E. Agriculture energy and water,3,3,0
S01007726,C. Manufacturing,33,21,12
S01007726,F. Construction,14,10,4
S01007726,G I. Distribution hotels and restaurants,57,26,31
S01007726,H J. Transport and communication,38,16,22
S01007726,K L M N. Financial real estate professional and administrative activities,25,18,7
S01007726,O P Q. Public administration education and health,40,11,29
S01007726,R S T U. Other,14,9,5
S01007726,Never worked,71,34,37
S01007727,All people aged 16 to 74 not in employment,433,218,215
S01007727,A B D E. Agriculture energy and water,2,1,1
S01007727,C. Manufacturing,38,25,13
S01007727,F. Construction,24,20,4
S01007727,G I. Distribution hotels and restaurants,65,40,25
S01007727,H J. Transport and communication,60,26,34
S01007727,K L M N. Financial real estate professional and administrative activities,23,10,13
S01007727,O P Q. Public administration education and health,81,26,55
S01007727,R S T U. Other,12,6,6
S01007727,Never worked,128,64,64
S01007728,All people aged 16 to 74 not in employment,325,201,124
S01007728,A B D E. Agriculture energy and water,2,2,0
S01007728,C. Manufacturing,30,20,10
S01007728,F. Construction,18,18,0
S01007728,G I. Distribution hotels and restaurants,43,28,15
S01007728,H J. Transport and communication,43,22,21
S01007728,K L M N. Financial real estate professional and administrative activities,35,27,8
S01007728,O P Q. Public administration education and health,48,18,30
S01007728,R S T U. Other,13,6,7
S01007728,Never worked,93,60,33
S01007729,All people aged 16 to 74 not in employment,263,139,124
S01007729,A B D E. Agriculture energy and water,2,2,0
S01007729,C. Manufacturing,22,8,14
S01007729,F. Construction,14,13,1
S01007729,G I. Distribution hotels and restaurants,47,27,20
S01007729,H J. Transport and communication,36,20,16
S01007729,K L M N. Financial real estate professional and administrative activities,23,16,7
S01007729,O P Q. Public administration education and health,44,16,28
S01007729,R S T U. Other,11,4,7
S01007729,Never worked,64,33,31
S01007730,All people aged 16 to 74 not in employment,218,120,98
S01007730,A B D E. Agriculture energy and water,1,0,1
S01007730,C. Manufacturing,22,15,7
S01007730,F. Construction,10,9,1
S01007730,G I. Distribution hotels and restaurants,53,30,23
S01007730,H J. Transport and communication,34,21,13
S01007730,K L M N. Financial real estate professional and administrative activities,16,12,4
S01007730,O P Q. Public administration education and health,44,15,29
S01007730,R S T U. Other,9,6,3
S01007730,Never worked,29,12,17
S01007731,All people aged 16 to 74 not in employment,158,76,82
S01007731,A B D E. Agriculture energy and water,1,0,1
S01007731,C. Manufacturing,17,12,5
S01007731,F. Construction,10,8,2
S01007731,G I. Distribution hotels and restaurants,32,18,14
S01007731,H J. Transport and communication,19,5,14
S01007731,K L M N. Financial real estate professional and administrative activities,12,3,9
S01007731,O P Q. Public administration education and health,25,7,18
S01007731,R S T U. Other,5,4,1
S01007731,Never worked,37,19,18
S01007732,All people aged 16 to 74 not in employment,224,105,119
S01007732,A B D E. Agriculture energy and water,5,1,4
S01007732,C. Manufacturing,22,12,10
S01007732,F. Construction,8,8,0
S01007732,G I. Distribution hotels and restaurants,43,20,23
S01007732,H J. Transport and communication,29,14,15
S01007732,K L M N. Financial real estate professional and administrative activities,15,5,10
S01007732,O P Q. Public administration education and health,47,21,26
S01007732,R S T U. Other,10,3,7
S01007732,Never worked,45,21,24
S01007733,All people aged 16 to 74 not in employment,195,87,108
S01007733,A B D E. Agriculture energy and water,1,0,1
S01007733,C. Manufacturing,19,14,5
S01007733,F. Construction,14,14,0
S01007733,G I. Distribution hotels and restaurants,27,15,12
S01007733,H J. Transport and communication,14,3,11
S01007733,K L M N. Financial real estate professional and administrative activities,14,6,8
S01007733,O P Q. Public administration education and health,58,21,37
S01007733,R S T U. Other,6,2,4
S01007733,Never worked,42,12,30
S01007734,All people aged 16 to 74 not in employment,209,90,119
S01007734,A B D E. Agriculture energy and water,1,0,1
S01007734,C. Manufacturing,29,21,8
S01007734,F. Construction,5,4,1
S01007734,G I. Distribution hotels and restaurants,31,18,13
S01007734,H J. Transport and communication,22,9,13
S01007734,K L M N. Financial real estate professional and administrative activities,14,6,8
S01007734,O P Q. Public administration education and health,71,14,57
S01007734,R S T U. Other,8,4,4
S01007734,Never worked,28,14,14
S01007735,All people aged 16 to 74 not in employment,214,85,129
S01007735,A B D E. Agriculture energy and water,5,5,0
S01007735,C. Manufacturing,17,10,7
S01007735,F. Construction,11,6,5
S01007735,G I. Distribution hotels and restaurants,34,12,22
S01007735,H J. Transport and communication,18,9,9
S01007735,K L M N. Financial real estate professional and administrative activities,20,9,11
S01007735,O P Q. Public administration education and health,68,16,52
S01007735,R S T U. Other,9,4,5
S01007735,Never worked,32,14,18
S01007736,All people aged 16 to 74 not in employment,147,62,85
S01007736,A B D E. Agriculture energy and water,4,2,2
S01007736,C. Manufacturing,18,11,7
S01007736,F. Construction,7,7,0
S01007736,G I. Distribution hotels and restaurants,38,20,18
S01007736,H J. Transport and communication,10,2,8
S01007736,K L M N. Financial real estate professional and administrative activities,8,2,6
S01007736,O P Q. Public administration education and health,27,8,19
S01007736,R S T U. Other,3,1,2
S01007736,Never worked,32,9,23
S01007737,All people aged 16 to 74 not in employment,280,108,172
S01007737,A B D E. Agriculture energy and water,6,6,0
S01007737,C. Manufacturing,21,13,8
S01007737,F. Construction,21,18,3
S01007737,G I. Distribution hotels and restaurants,49,15,34
S01007737,H J. Transport and communication,26,8,18
S01007737,K L M N. Financial real estate professional and administrative activities,27,11,16
S01007737,O P Q. Public administration education and health,72,14,58
S01007737,R S T U. Other,10,3,7
S01007737,Never worked,48,20,28
S01007738,All people aged 16 to 74 not in employment,190,90,100
S01007738,A B D E. Agriculture energy and water,4,3,1
S01007738,C. Manufacturing,25,14,11
S01007738,F. Construction,15,15,0
S01007738,G I. Distribution hotels and restaurants,38,19,19
S01007738,H J. Transport and communication,14,7,7
S01007738,K L M N. Financial real estate professional and administrative activities,14,2,12
S01007738,O P Q. Public administration education and health,52,13,39
S01007738,R S T U. Other,6,3,3
S01007738,Never worked,22,14,8
S01007739,All people aged 16 to 74 not in employment,179,75,104
S01007739,A B D E. Agriculture energy and water,4,4,0
S01007739,C. Manufacturing,25,11,14
S01007739,F. Construction,11,9,2
S01007739,G I. Distribution hotels and restaurants,39,16,23
S01007739,H J. Transport and communication,20,10,10
S01007739,K L M N. Financial real estate professional and administrative activities,13,5,8
S01007739,O P Q. Public administration education and health,43,6,37
S01007739,R S T U. Other,8,3,5
S01007739,Never worked,16,11,5
S01007740,All people aged 16 to 74 not in employment,165,74,91
S01007740,A B D E. Agriculture energy and water,2,1,1
S01007740,C. Manufacturing,12,10,2
S01007740,F. Construction,9,8,1
S01007740,G I. Distribution hotels and restaurants,32,15,17
S01007740,H J. Transport and communication,18,7,11
S01007740,K L M N. Financial real estate professional and administrative activities,16,4,12
S01007740,O P Q. Public administration education and health,51,15,36
S01007740,R S T U. Other,4,1,3
S01007740,Never worked,21,13,8
S01007741,All people aged 16 to 74 not in employment,237,100,137
S01007741,A B D E. Agriculture energy and water,4,2,2
S01007741,C. Manufacturing,33,19,14
S01007741,F. Construction,15,13,2
S01007741,G I. Distribution hotels and restaurants,46,22,24
S01007741,H J. Transport and communication,16,4,12
S01007741,K L M N. Financial real estate professional and administrative activities,26,9,17
S01007741,O P Q. Public administration education and health,65,17,48
S01007741,R S T U. Other,4,1,3
S01007741,Never worked,28,13,15
S01007742,All people aged 16 to 74 not in employment,184,65,119
S01007742,A B D E. Agriculture energy and water,0,0,0
S01007742,C. Manufacturing,22,9,13
S01007742,F. Construction,6,6,0
S01007742,G I. Distribution hotels and restaurants,30,11,19
S01007742,H J. Transport and communication,17,3,14
S01007742,K L M N. Financial real estate professional and administrative activities,16,8,8
S01007742,O P Q. Public administration education and health,61,13,48
S01007742,R S T U. Other,7,2,5
S01007742,Never worked,25,13,12
S01007743,All people aged 16 to 74 not in employment,261,127,134
S01007743,A B D E. Agriculture energy and water,3,3,0
S01007743,C. Manufacturing,29,24,5
S01007743,F. Construction,19,16,3
S01007743,G I. Distribution hotels and restaurants,62,35,27
S01007743,H J. Transport and communication,26,6,20
S01007743,K L M N. Financial real estate professional and administrative activities,27,14,13
S01007743,O P Q. Public administration education and health,47,15,32
S01007743,R S T U. Other,12,3,9
S01007743,Never worked,36,11,25
S01007744,All people aged 16 to 74 not in employment,270,120,150
S01007744,A B D E. Agriculture energy and water,6,5,1
S01007744,C. Manufacturing,32,20,12
S01007744,F. Construction,23,22,1
S01007744,G I. Distribution hotels and restaurants,51,15,36
S01007744,H J. Transport and communication,25,8,17
S01007744,K L M N. Financial real estate professional and administrative activities,20,4,16
S01007744,O P Q. Public administration education and health,50,15,35
S01007744,R S T U. Other,9,5,4
S01007744,Never worked,54,26,28
S01007745,All people aged 16 to 74 not in employment,184,90,94
S01007745,A B D E. Agriculture energy and water,5,2,3
S01007745,C. Manufacturing,29,14,15
S01007745,F. Construction,14,12,2
S01007745,G I. Distribution hotels and restaurants,36,18,18
S01007745,H J. Transport and communication,19,7,12
S01007745,K L M N. Financial real estate professional and administrative activities,21,12,9
S01007745,O P Q. Public administration education and health,34,13,21
S01007745,R S T U. Other,7,5,2
S01007745,Never worked,19,7,12
S01007746,All people aged 16 to 74 not in employment,277,131,146
S01007746,A B D E. Agriculture energy and water,7,5,2
S01007746,C. Manufacturing,39,21,18
S01007746,F. Construction,25,25,0
S01007746,G I. Distribution hotels and restaurants,43,22,21
S01007746,H J. Transport and communication,31,8,23
S01007746,K L M N. Financial real estate professional and administrative activities,19,9,10
S01007746,O P Q. Public administration education and health,43,9,34
S01007746,R S T U. Other,7,4,3
S01007746,Never worked,63,28,35
S01007747,All people aged 16 to 74 not in employment,180,74,106
S01007747,A B D E. Agriculture energy and water,3,3,0
S01007747,C. Manufacturing,30,16,14
S01007747,F. Construction,14,13,1
S01007747,G I. Distribution hotels and restaurants,34,16,18
S01007747,H J. Transport and communication,18,6,12
S01007747,K L M N. Financial real estate professional and administrative activities,8,2,6
S01007747,O P Q. Public administration education and health,30,4,26
S01007747,R S T U. Other,4,0,4
S01007747,Never worked,39,14,25
S01007748,All people aged 16 to 74 not in employment,237,108,129
S01007748,A B D E. Agriculture energy and water,4,2,2
S01007748,C. Manufacturing,29,17,12
S01007748,F. Construction,12,9,3
S01007748,G I. Distribution hotels and restaurants,36,21,15
S01007748,H J. Transport and communication,27,7,20
S01007748,K L M N. Financial real estate professional and administrative activities,23,11,12
S01007748,O P Q. Public administration education and health,36,12,24
S01007748,R S T U. Other,6,2,4
S01007748,Never worked,64,27,37
S01007749,All people aged 16 to 74 not in employment,200,97,103
S01007749,A B D E. Agriculture energy and water,3,3,0
S01007749,C. Manufacturing,33,21,12
S01007749,F. Construction,9,9,0
S01007749,G I. Distribution hotels and restaurants,35,16,19
S01007749,H J. Transport and communication,11,4,7
S01007749,K L M N. Financial real estate professional and administrative activities,17,7,10
S01007749,O P Q. Public administration education and health,56,18,38
S01007749,R S T U. Other,7,2,5
S01007749,Never worked,29,17,12
S01007750,All people aged 16 to 74 not in employment,247,94,153
S01007750,A B D E. Agriculture energy and water,3,2,1
S01007750,C. Manufacturing,18,12,6
S01007750,F. Construction,9,8,1
S01007750,G I. Distribution hotels and restaurants,43,17,26
S01007750,H J. Transport and communication,23,11,12
S01007750,K L M N. Financial real estate professional and administrative activities,25,8,17
S01007750,O P Q. Public administration education and health,99,24,75
S01007750,R S T U. Other,7,2,5
S01007750,Never worked,20,10,10
S01007751,All people aged 16 to 74 not in employment,214,88,126
S01007751,A B D E. Agriculture energy and water,3,3,0
S01007751,C. Manufacturing,23,16,7
S01007751,F. Construction,9,8,1
S01007751,G I. Distribution hotels and restaurants,24,10,14
S01007751,H J. Transport and communication,24,12,12
S01007751,K L M N. Financial real estate professional and administrative activities,20,9,11
S01007751,O P Q. Public administration education and health,72,14,58
S01007751,R S T U. Other,6,1,5
S01007751,Never worked,33,15,18
S01007752,All people aged 16 to 74 not in employment,183,88,95
S01007752,A B D E. Agriculture energy and water,3,3,0
S01007752,C. Manufacturing,13,7,6
S01007752,F. Construction,16,15,1
S01007752,G I. Distribution hotels and restaurants,26,10,16
S01007752,H J. Transport and communication,15,6,9
S01007752,K L M N. Financial real estate professional and administrative activities,32,15,17
S01007752,O P Q. Public administration education and health,59,20,39
S01007752,R S T U. Other,4,2,2
S01007752,Never worked,15,10,5
S01007753,All people aged 16 to 74 not in employment,158,66,92
S01007753,A B D E. Agriculture energy and water,4,4,0
S01007753,C. Manufacturing,23,11,12
S01007753,F. Construction,13,13,0
S01007753,G I. Distribution hotels and restaurants,28,12,16
S01007753,H J. Transport and communication,10,4,6
S01007753,K L M N. Financial real estate professional and administrative activities,11,4,7
S01007753,O P Q. Public administration education and health,37,10,27
S01007753,R S T U. Other,10,1,9
S01007753,Never worked,22,7,15
S01007754,All people aged 16 to 74 not in employment,309,145,164
S01007754,A B D E. Agriculture energy and water,4,2,2
S01007754,C. Manufacturing,46,26,20
S01007754,F. Construction,27,25,2
S01007754,G I. Distribution hotels and restaurants,62,33,29
S01007754,H J. Transport and communication,27,8,19
S01007754,K L M N. Financial real estate professional and administrative activities,28,13,15
S01007754,O P Q. Public administration education and health,47,8,39
S01007754,R S T U. Other,9,1,8
S01007754,Never worked,59,29,30
S01007755,All people aged 16 to 74 not in employment,284,112,172
S01007755,A B D E. Agriculture energy and water,2,2,0
S01007755,C. Manufacturing,49,23,26
S01007755,F. Construction,21,18,3
S01007755,G I. Distribution hotels and restaurants,47,25,22
S01007755,H J. Transport and communication,30,9,21
S01007755,K L M N. Financial real estate professional and administrative activities,24,6,18
S01007755,O P Q. Public administration education and health,40,3,37
S01007755,R S T U. Other,6,2,4
S01007755,Never worked,65,24,41
S01007756,All people aged 16 to 74 not in employment,184,81,103
S01007756,A B D E. Agriculture energy and water,3,2,1
S01007756,C. Manufacturing,27,14,13
S01007756,F. Construction,18,14,4
S01007756,G I. Distribution hotels and restaurants,29,11,18
S01007756,H J. Transport and communication,22,8,14
S01007756,K L M N. Financial real estate professional and administrative activities,12,5,7
S01007756,O P Q. Public administration education and health,30,6,24
S01007756,R S T U. Other,7,2,5
S01007756,Never worked,36,19,17
S01007757,All people aged 16 to 74 not in employment,242,107,135
S01007757,A B D E. Agriculture energy and water,4,1,3
S01007757,C. Manufacturing,18,12,6
S01007757,F. Construction,13,12,1
S01007757,G I. Distribution hotels and restaurants,35,18,17
S01007757,H J. Transport and communication,22,10,12
S01007757,K L M N. Financial real estate professional and administrative activities,31,14,17
S01007757,O P Q. Public administration education and health,91,26,65
S01007757,R S T U. Other,5,2,3
S01007757,Never worked,23,12,11
S01007758,All people aged 16 to 74 not in employment,270,110,160
S01007758,A B D E. Agriculture energy and water,2,1,1
S01007758,C. Manufacturing,23,15,8
S01007758,F. Construction,15,12,3
S01007758,G I. Distribution hotels and restaurants,42,19,23
S01007758,H J. Transport and communication,14,8,6
S01007758,K L M N. Financial real estate professional and administrative activities,27,9,18
S01007758,O P Q. Public administration education and health,108,32,76
S01007758,R S T U. Other,13,5,8
S01007758,Never worked,26,9,17
S01007759,All people aged 16 to 74 not in employment,282,121,161
S01007759,A B D E. Agriculture energy and water,4,3,1
S01007759,C. Manufacturing,37,21,16
S01007759,F. Construction,20,19,1
S01007759,G I. Distribution hotels and restaurants,42,21,21
S01007759,H J. Transport and communication,29,15,14
S01007759,K L M N. Financial real estate professional and administrative activities,30,16,14
S01007759,O P Q. Public administration education and health,74,11,63
S01007759,R S T U. Other,12,2,10
S01007759,Never worked,34,13,21
S01007760,All people aged 16 to 74 not in employment,156,58,98
S01007760,A B D E. Agriculture energy and water,0,0,0
S01007760,C. Manufacturing,15,13,2
S01007760,F. Construction,4,3,1
S01007760,G I. Distribution hotels and restaurants,18,8,10
S01007760,H J. Transport and communication,5,3,2
S01007760,K L M N. Financial real estate professional and administrative activities,21,9,12
S01007760,O P Q. Public administration education and health,64,13,51
S01007760,R S T U. Other,12,1,11
S01007760,Never worked,17,8,9
S01007761,All people aged 16 to 74 not in employment,196,77,119
S01007761,A B D E. Agriculture energy and water,1,1,0
S01007761,C. Manufacturing,12,7,5
S01007761,F. Construction,8,5,3
S01007761,G I. Distribution hotels and restaurants,25,9,16
S01007761,H J. Transport and communication,10,4,6
S01007761,K L M N. Financial real estate professional and administrative activities,17,9,8
S01007761,O P Q. Public administration education and health,81,22,59
S01007761,R S T U. Other,9,3,6
S01007761,Never worked,33,17,16
S01007762,All people aged 16 to 74 not in employment,197,81,116
S01007762,A B D E. Agriculture energy and water,1,1,0
S01007762,C. Manufacturing,20,14,6
S01007762,F. Construction,16,12,4
S01007762,G I. Distribution hotels and restaurants,37,15,22
S01007762,H J. Transport and communication,15,5,10
S01007762,K L M N. Financial real estate professional and administrative activities,23,12,11
S01007762,O P Q. Public administration education and health,58,13,45
S01007762,R S T U. Other,9,3,6
S01007762,Never worked,18,6,12
S01007763,All people aged 16 to 74 not in employment,157,64,93
S01007763,A B D E. Agriculture energy and water,8,5,3
S01007763,C. Manufacturing,17,11,6
S01007763,F. Construction,4,4,0
S01007763,G I. Distribution hotels and restaurants,26,7,19
S01007763,H J. Transport and communication,17,9,8
S01007763,K L M N. Financial real estate professional and administrative activities,17,8,9
S01007763,O P Q. Public administration education and health,51,14,37
S01007763,R S T U. Other,7,2,5
S01007763,Never worked,10,4,6
S01007764,All people aged 16 to 74 not in employment,176,77,99
S01007764,A B D E. Agriculture energy and water,3,2,1
S01007764,C. Manufacturing,14,12,2
S01007764,F. Construction,11,7,4
S01007764,G I. Distribution hotels and restaurants,20,8,12
S01007764,H J. Transport and communication,17,8,9
S01007764,K L M N. Financial real estate professional and administrative activities,19,7,12
S01007764,O P Q. Public administration education and health,61,18,43
S01007764,R S T U. Other,3,2,1
S01007764,Never worked,28,13,15
S01007765,All people aged 16 to 74 not in employment,202,86,116
S01007765,A B D E. Agriculture energy and water,6,6,0
S01007765,C. Manufacturing,16,12,4
S01007765,F. Construction,4,4,0
S01007765,G I. Distribution hotels and restaurants,36,15,21
S01007765,H J. Transport and communication,13,8,5
S01007765,K L M N. Financial real estate professional and administrative activities,25,7,18
S01007765,O P Q. Public administration education and health,83,21,62
S01007765,R S T U. Other,5,3,2
S01007765,Never worked,14,10,4
S01007766,All people aged 16 to 74 not in employment,243,107,136
S01007766,A B D E. Agriculture energy and water,1,1,0
S01007766,C. Manufacturing,24,13,11
S01007766,F. Construction,9,8,1
S01007766,G I. Distribution hotels and restaurants,36,11,25
S01007766,H J. Transport and communication,17,9,8
S01007766,K L M N. Financial real estate professional and administrative activities,22,6,16
S01007766,O P Q. Public administration education and health,98,33,65
S01007766,R S T U. Other,7,3,4
S01007766,Never worked,29,23,6
S01007767,All people aged 16 to 74 not in employment,226,101,125
S01007767,A B D E. Agriculture energy and water,3,2,1
S01007767,C. Manufacturing,28,18,10
S01007767,F. Construction,15,13,2
S01007767,G I. Distribution hotels and restaurants,29,8,21
S01007767,H J. Transport and communication,13,7,6
S01007767,K L M N. Financial real estate professional and administrative activities,27,12,15
S01007767,O P Q. Public administration education and health,77,25,52
S01007767,R S T U. Other,8,2,6
S01007767,Never worked,26,14,12
S01007768,All people aged 16 to 74 not in employment,178,72,106
S01007768,A B D E. Agriculture energy and water,1,1,0
S01007768,C. Manufacturing,13,12,1
S01007768,F. Construction,4,2,2
S01007768,G I. Distribution hotels and restaurants,38,17,21
S01007768,H J. Transport and communication,15,7,8
S01007768,K L M N. Financial real estate professional and administrative activities,18,10,8
S01007768,O P Q. Public administration education and health,54,10,44
S01007768,R S T U. Other,9,4,5
S01007768,Never worked,26,9,17
S01007769,All people aged 16 to 74 not in employment,217,90,127
S01007769,A B D E. Agriculture energy and water,5,4,1
S01007769,C. Manufacturing,20,11,9
S01007769,F. Construction,10,9,1
S01007769,G I. Distribution hotels and restaurants,27,6,21
S01007769,H J. Transport and communication,15,6,9
S01007769,K L M N. Financial real estate professional and administrative activities,39,27,12
S01007769,O P Q. Public administration education and health,74,17,57
S01007769,R S T U. Other,6,2,4
S01007769,Never worked,21,8,13
S01007770,All people aged 16 to 74 not in employment,181,76,105
S01007770,A B D E. Agriculture energy and water,1,1,0
S01007770,C. Manufacturing,11,8,3
S01007770,F. Construction,10,9,1
S01007770,G I. Distribution hotels and restaurants,21,9,12
S01007770,H J. Transport and communication,14,2,12
S01007770,K L M N. Financial real estate professional and administrative activities,16,8,8
S01007770,O P Q. Public administration education and health,84,26,58
S01007770,R S T U. Other,3,0,3
S01007770,Never worked,21,13,8
S01007771,All people aged 16 to 74 not in employment,168,68,100
S01007771,A B D E. Agriculture energy and water,2,2,0
S01007771,C. Manufacturing,12,9,3
S01007771,F. Construction,6,3,3
S01007771,G I. Distribution hotels and restaurants,20,7,13
S01007771,H J. Transport and communication,15,10,5
S01007771,K L M N. Financial real estate professional and administrative activities,15,5,10
S01007771,O P Q. Public administration education and health,78,24,54
S01007771,R S T U. Other,6,2,4
S01007771,Never worked,14,6,8
S01007772,All people aged 16 to 74 not in employment,270,122,148
S01007772,A B D E. Agriculture energy and water,5,3,2
S01007772,C. Manufacturing,26,18,8
S01007772,F. Construction,17,17,0
S01007772,G I. Distribution hotels and restaurants,50,19,31
S01007772,H J. Transport and communication,28,11,17
S01007772,K L M N. Financial real estate professional and administrative activities,25,11,14
S01007772,O P Q. Public administration education and health,82,22,60
S01007772,R S T U. Other,7,3,4
S01007772,Never worked,30,18,12
S01007773,All people aged 16 to 74 not in employment,201,81,120
S01007773,A B D E. Agriculture energy and water,1,1,0
S01007773,C. Manufacturing,20,11,9
S01007773,F. Construction,7,5,2
S01007773,G I. Distribution hotels and restaurants,42,18,24
S01007773,H J. Transport and communication,12,5,7
S01007773,K L M N. Financial real estate professional and administrative activities,22,12,10
S01007773,O P Q. Public administration education and health,70,19,51
S01007773,R S T U. Other,6,4,2
S01007773,Never worked,21,6,15
S01007774,All people aged 16 to 74 not in employment,109,48,61
S01007774,A B D E. Agriculture energy and water,0,0,0
S01007774,C. Manufacturing,7,4,3
S01007774,F. Construction,4,4,0
S01007774,G I. Distribution hotels and restaurants,20,7,13
S01007774,H J. Transport and communication,12,4,8
S01007774,K L M N. Financial real estate professional and administrative activities,11,3,8
S01007774,O P Q. Public administration education and health,25,7,18
S01007774,R S T U. Other,3,1,2
S01007774,Never worked,27,18,9
S01007775,All people aged 16 to 74 not in employment,171,65,106
S01007775,A B D E. Agriculture energy and water,4,4,0
S01007775,C. Manufacturing,11,6,5
S01007775,F. Construction,4,3,1
S01007775,G I. Distribution hotels and restaurants,28,12,16
S01007775,H J. Transport and communication,11,9,2
S01007775,K L M N. Financial real estate professional and administrative activities,14,8,6
S01007775,O P Q. Public administration education and health,70,15,55
S01007775,R S T U. Other,2,1,1
S01007775,Never worked,27,7,20
S01007776,All people aged 16 to 74 not in employment,131,59,72
S01007776,A B D E. Agriculture energy and water,4,1,3
S01007776,C. Manufacturing,8,3,5
S01007776,F. Construction,5,4,1
S01007776,G I. Distribution hotels and restaurants,21,9,12
S01007776,H J. Transport and communication,7,4,3
S01007776,K L M N. Financial real estate professional and administrative activities,24,11,13
S01007776,O P Q. Public administration education and health,31,11,20
S01007776,R S T U. Other,2,0,2
S01007776,Never worked,29,16,13
S01007777,All people aged 16 to 74 not in employment,107,41,66
S01007777,A B D E. Agriculture energy and water,1,0,1
S01007777,C. Manufacturing,2,2,0
S01007777,F. Construction,4,4,0
S01007777,G I. Distribution hotels and restaurants,20,9,11
S01007777,H J. Transport and communication,13,4,9
S01007777,K L M N. Financial real estate professional and administrative activities,10,1,9
S01007777,O P Q. Public administration education and health,24,4,20
S01007777,R S T U. Other,5,1,4
S01007777,Never worked,28,16,12
S01007778,All people aged 16 to 74 not in employment,101,40,61
S01007778,A B D E. Agriculture energy and water,2,2,0
S01007778,C. Manufacturing,5,4,1
S01007778,F. Construction,7,6,1
S01007778,G I. Distribution hotels and restaurants,14,3,11
S01007778,H J. Transport and communication,5,4,1
S01007778,K L M N. Financial real estate professional and administrative activities,8,2,6
S01007778,O P Q. Public administration education and health,28,5,23
S01007778,R S T U. Other,4,2,2
S01007778,Never worked,28,12,16
S01007779,All people aged 16 to 74 not in employment,173,82,91
S01007779,A B D E. Agriculture energy and water,9,7,2
S01007779,C. Manufacturing,29,17,12
S01007779,F. Construction,5,4,1
S01007779,G I. Distribution hotels and restaurants,33,18,15
S01007779,H J. Transport and communication,9,3,6
S01007779,K L M N. Financial real estate professional and administrative activities,15,9,6
S01007779,O P Q. Public administration education and health,43,12,31
S01007779,R S T U. Other,6,1,5
S01007779,Never worked,24,11,13
S01007780,All people aged 16 to 74 not in employment,157,71,86
S01007780,A B D E. Agriculture energy and water,2,1,1
S01007780,C. Manufacturing,19,11,8
S01007780,F. Construction,7,6,1
S01007780,G I. Distribution hotels and restaurants,30,12,18
S01007780,H J. Transport and communication,15,11,4
S01007780,K L M N. Financial real estate professional and administrative activities,9,4,5
S01007780,O P Q. Public administration education and health,30,7,23
S01007780,R S T U. Other,6,1,5
S01007780,Never worked,39,18,21
S01007781,All people aged 16 to 74 not in employment,186,89,97
S01007781,A B D E. Agriculture energy and water,4,2,2
S01007781,C. Manufacturing,22,15,7
S01007781,F. Construction,11,11,0
S01007781,G I. Distribution hotels and restaurants,31,13,18
S01007781,H J. Transport and communication,13,6,7
S01007781,K L M N. Financial real estate professional and administrative activities,20,5,15
S01007781,O P Q. Public administration education and health,44,13,31
S01007781,R S T U. Other,10,5,5
S01007781,Never worked,31,19,12
S01007782,All people aged 16 to 74 not in employment,173,80,93
S01007782,A B D E. Agriculture energy and water,2,1,1
S01007782,C. Manufacturing,21,17,4
S01007782,F. Construction,12,9,3
S01007782,G I. Distribution hotels and restaurants,23,14,9
S01007782,H J. Transport and communication,20,6,14
S01007782,K L M N. Financial real estate professional and administrative activities,18,7,11
S01007782,O P Q. Public administration education and health,36,7,29
S01007782,R S T U. Other,3,0,3
S01007782,Never worked,38,19,19
S01007783,All people aged 16 to 74 not in employment,369,173,196
S01007783,A B D E. Agriculture energy and water,8,6,2
S01007783,C. Manufacturing,55,30,25
S01007783,F. Construction,35,34,1
S01007783,G I. Distribution hotels and restaurants,73,36,37
S01007783,H J. Transport and communication,32,12,20
S01007783,K L M N. Financial real estate professional and administrative activities,38,12,26
S01007783,O P Q. Public administration education and health,57,14,43
S01007783,R S T U. Other,9,3,6
S01007783,Never worked,62,26,36
S01007784,All people aged 16 to 74 not in employment,152,73,79
S01007784,A B D E. Agriculture energy and water,2,1,1
S01007784,C. Manufacturing,19,10,9
S01007784,F. Construction,13,11,2
S01007784,G I. Distribution hotels and restaurants,30,15,15
S01007784,H J. Transport and communication,11,8,3
S01007784,K L M N. Financial real estate professional and administrative activities,6,2,4
S01007784,O P Q. Public administration education and health,29,4,25
S01007784,R S T U. Other,5,2,3
S01007784,Never worked,37,20,17
S01007785,All people aged 16 to 74 not in employment,207,88,119
S01007785,A B D E. Agriculture energy and water,3,3,0
S01007785,C. Manufacturing,19,7,12
S01007785,F. Construction,18,14,4
S01007785,G I. Distribution hotels and restaurants,36,17,19
S01007785,H J. Transport and communication,21,4,17
S01007785,K L M N. Financial real estate professional and administrative activities,10,5,5
S01007785,O P Q. Public administration education and health,35,5,30
S01007785,R S T U. Other,11,5,6
S01007785,Never worked,54,28,26
S01007786,All people aged 16 to 74 not in employment,240,103,137
S01007786,A B D E. Agriculture energy and water,6,6,0
S01007786,C. Manufacturing,43,29,14
S01007786,F. Construction,12,11,1
S01007786,G I. Distribution hotels and restaurants,44,18,26
S01007786,H J. Transport and communication,28,8,20
S01007786,K L M N. Financial real estate professional and administrative activities,19,7,12
S01007786,O P Q. Public administration education and health,50,8,42
S01007786,R S T U. Other,10,5,5
S01007786,Never worked,28,11,17
S01007787,All people aged 16 to 74 not in employment,212,90,122
S01007787,A B D E. Agriculture energy and water,2,2,0
S01007787,C. Manufacturing,22,16,6
S01007787,F. Construction,14,12,2
S01007787,G I. Distribution hotels and restaurants,45,18,27
S01007787,H J. Transport and communication,21,7,14
S01007787,K L M N. Financial real estate professional and administrative activities,14,3,11
S01007787,O P Q. Public administration education and health,44,10,34
S01007787,R S T U. Other,7,2,5
S01007787,Never worked,43,20,23
S01007788,All people aged 16 to 74 not in employment,257,123,134
S01007788,A B D E. Agriculture energy and water,3,2,1
S01007788,C. Manufacturing,35,22,13
S01007788,F. Construction,16,15,1
S01007788,G I. Distribution hotels and restaurants,46,18,28
S01007788,H J. Transport and communication,27,8,19
S01007788,K L M N. Financial real estate professional and administrative activities,18,8,10
S01007788,O P Q. Public administration education and health,33,5,28
S01007788,R S T U. Other,3,2,1
S01007788,Never worked,76,43,33
S01007789,All people aged 16 to 74 not in employment,216,90,126
S01007789,A B D E. Agriculture energy and water,4,2,2
S01007789,C. Manufacturing,21,12,9
S01007789,F. Construction,14,12,2
S01007789,G I. Distribution hotels and restaurants,29,16,13
S01007789,H J. Transport and communication,24,6,18
S01007789,K L M N. Financial real estate professional and administrative activities,19,8,11
S01007789,O P Q. Public administration education and health,29,6,23
S01007789,R S T U. Other,11,2,9
S01007789,Never worked,65,26,39
S01007790,All people aged 16 to 74 not in employment,260,102,158
S01007790,A B D E. Agriculture energy and water,2,1,1
S01007790,C. Manufacturing,17,10,7
S01007790,F. Construction,13,9,4
S01007790,G I. Distribution hotels and restaurants,52,18,34
S01007790,H J. Transport and communication,30,7,23
S01007790,K L M N. Financial real estate professional and administrative activities,13,8,5
S01007790,O P Q. Public administration education and health,34,4,30
S01007790,R S T U. Other,10,2,8
S01007790,Never worked,89,43,46
S01007791,All people aged 16 to 74 not in employment,67,34,33
S01007791,A B D E. Agriculture energy and water,1,1,0
S01007791,C. Manufacturing,4,1,3
S01007791,F. Construction,6,5,1
S01007791,G I. Distribution hotels and restaurants,20,12,8
S01007791,H J. Transport and communication,4,2,2
S01007791,K L M N. Financial real estate professional and administrative activities,6,2,4
S01007791,O P Q. Public administration education and health,15,4,11
S01007791,R S T U. Other,2,0,2
S01007791,Never worked,9,7,2
S01007792,All people aged 16 to 74 not in employment,282,126,156
S01007792,A B D E. Agriculture energy and water,7,6,1
S01007792,C. Manufacturing,58,34,24
S01007792,F. Construction,22,22,0
S01007792,G I. Distribution hotels and restaurants,58,22,36
S01007792,H J. Transport and communication,23,6,17
S01007792,K L M N. Financial real estate professional and administrative activities,22,8,14
S01007792,O P Q. Public administration education and health,41,4,37
S01007792,R S T U. Other,9,4,5
S01007792,Never worked,42,20,22
S01007793,All people aged 16 to 74 not in employment,339,151,188
S01007793,A B D E. Agriculture energy and water,9,8,1
S01007793,C. Manufacturing,46,23,23
S01007793,F. Construction,29,28,1
S01007793,G I. Distribution hotels and restaurants,56,31,25
S01007793,H J. Transport and communication,31,9,22
S01007793,K L M N. Financial real estate professional and administrative activities,33,8,25
S01007793,O P Q. Public administration education and health,50,10,40
S01007793,R S T U. Other,12,5,7
S01007793,Never worked,73,29,44
S01007794,All people aged 16 to 74 not in employment,190,83,107
S01007794,A B D E. Agriculture energy and water,4,3,1
S01007794,C. Manufacturing,23,13,10
S01007794,F. Construction,14,11,3
S01007794,G I. Distribution hotels and restaurants,34,13,21
S01007794,H J. Transport and communication,16,5,11
S01007794,K L M N. Financial real estate professional and administrative activities,18,7,11
S01007794,O P Q. Public administration education and health,42,11,31
S01007794,R S T U. Other,5,2,3
S01007794,Never worked,34,18,16
S01007795,All people aged 16 to 74 not in employment,166,70,96
S01007795,A B D E. Agriculture energy and water,3,3,0
S01007795,C. Manufacturing,20,8,12
S01007795,F. Construction,17,13,4
S01007795,G I. Distribution hotels and restaurants,34,14,20
S01007795,H J. Transport and communication,14,2,12
S01007795,K L M N. Financial real estate professional and administrative activities,16,5,11
S01007795,O P Q. Public administration education and health,31,9,22
S01007795,R S T U. Other,8,4,4
S01007795,Never worked,23,12,11
S01007796,All people aged 16 to 74 not in employment,196,87,109
S01007796,A B D E. Agriculture energy and water,7,6,1
S01007796,C. Manufacturing,22,14,8
S01007796,F. Construction,13,13,0
S01007796,G I. Distribution hotels and restaurants,45,23,22
S01007796,H J. Transport and communication,24,9,15
S01007796,K L M N. Financial real estate professional and administrative activities,13,5,8
S01007796,O P Q. Public administration education and health,40,7,33
S01007796,R S T U. Other,7,3,4
S01007796,Never worked,25,7,18
S01007797,All people aged 16 to 74 not in employment,188,91,97
S01007797,A B D E. Agriculture energy and water,2,2,0
S01007797,C. Manufacturing,26,14,12
S01007797,F. Construction,13,13,0
S01007797,G I. Distribution hotels and restaurants,27,20,7
S01007797,H J. Transport and communication,22,7,15
S01007797,K L M N. Financial real estate professional and administrative activities,15,8,7
S01007797,O P Q. Public administration education and health,36,6,30
S01007797,R S T U. Other,10,4,6
S01007797,Never worked,37,17,20
S01007798,All people aged 16 to 74 not in employment,99,44,55
S01007798,A B D E. Agriculture energy and water,0,0,0
S01007798,C. Manufacturing,12,9,3
S01007798,F. Construction,5,4,1
S01007798,G I. Distribution hotels and restaurants,11,5,6
S01007798,H J. Transport and communication,9,2,7
S01007798,K L M N. Financial real estate professional and administrative activities,7,2,5
S01007798,O P Q. Public administration education and health,23,4,19
S01007798,R S T U. Other,2,0,2
S01007798,Never worked,30,18,12
S01007799,All people aged 16 to 74 not in employment,85,29,56
S01007799,A B D E. Agriculture energy and water,0,0,0
S01007799,C. Manufacturing,6,3,3
S01007799,F. Construction,4,3,1
S01007799,G I. Distribution hotels and restaurants,16,6,10
S01007799,H J. Transport and communication,8,1,7
S01007799,K L M N. Financial real estate professional and administrative activities,6,3,3
S01007799,O P Q. Public administration education and health,16,3,13
S01007799,R S T U. Other,5,1,4
S01007799,Never worked,24,9,15
S01007800,All people aged 16 to 74 not in employment,329,142,187
S01007800,A B D E. Agriculture energy and water,3,3,0
S01007800,C. Manufacturing,49,22,27
S01007800,F. Construction,23,18,5
S01007800,G I. Distribution hotels and restaurants,51,32,19
S01007800,H J. Transport and communication,36,12,24
S01007800,K L M N. Financial real estate professional and administrative activities,35,12,23
S01007800,O P Q. Public administration education and health,55,9,46
S01007800,R S T U. Other,8,1,7
S01007800,Never worked,69,33,36
S01007801,All people aged 16 to 74 not in employment,470,246,224
S01007801,A B D E. Agriculture energy and water,10,9,1
S01007801,C. Manufacturing,56,31,25
S01007801,F. Construction,17,16,1
S01007801,G I. Distribution hotels and restaurants,83,50,33
S01007801,H J. Transport and communication,54,25,29
S01007801,K L M N. Financial real estate professional and administrative activities,31,12,19
S01007801,O P Q. Public administration education and health,70,18,52
S01007801,R S T U. Other,19,7,12
S01007801,Never worked,130,78,52
S01007802,All people aged 16 to 74 not in employment,63,24,39
S01007802,A B D E. Agriculture energy and water,0,0,0
S01007802,C. Manufacturing,3,2,1
S01007802,F. Construction,3,3,0
S01007802,G I. Distribution hotels and restaurants,9,4,5
S01007802,H J. Transport and communication,7,3,4
S01007802,K L M N. Financial real estate professional and administrative activities,6,0,6
S01007802,O P Q. Public administration education and health,14,3,11
S01007802,R S T U. Other,3,1,2
S01007802,Never worked,18,8,10
S01007803,All people aged 16 to 74 not in employment,403,164,239
S01007803,A B D E. Agriculture energy and water,6,5,1
S01007803,C. Manufacturing,77,33,44
S01007803,F. Construction,18,17,1
S01007803,G I. Distribution hotels and restaurants,61,25,36
S01007803,H J. Transport and communication,43,12,31
S01007803,K L M N. Financial real estate professional and administrative activities,30,13,17
S01007803,O P Q. Public administration education and health,70,9,61
S01007803,R S T U. Other,8,3,5
S01007803,Never worked,90,47,43
S01007804,All people aged 16 to 74 not in employment,219,85,134
S01007804,A B D E. Agriculture energy and water,5,1,4
S01007804,C. Manufacturing,23,10,13
S01007804,F. Construction,10,10,0
S01007804,G I. Distribution hotels and restaurants,39,14,25
S01007804,H J. Transport and communication,18,7,11
S01007804,K L M N. Financial real estate professional and administrative activities,23,3,20
S01007804,O P Q. Public administration education and health,26,7,19
S01007804,R S T U. Other,7,0,7
S01007804,Never worked,68,33,35
S01007805,All people aged 16 to 74 not in employment,150,52,98
S01007805,A B D E. Agriculture energy and water,3,3,0
S01007805,C. Manufacturing,20,4,16
S01007805,F. Construction,5,4,1
S01007805,G I. Distribution hotels and restaurants,30,12,18
S01007805,H J. Transport and communication,11,2,9
S01007805,K L M N. Financial real estate professional and administrative activities,6,2,4
S01007805,O P Q. Public administration education and health,18,3,15
S01007805,R S T U. Other,10,3,7
S01007805,Never worked,47,19,28
S01007806,All people aged 16 to 74 not in employment,182,85,97
S01007806,A B D E. Agriculture energy and water,4,4,0
S01007806,C. Manufacturing,27,18,9
S01007806,F. Construction,20,15,5
S01007806,G I. Distribution hotels and restaurants,33,14,19
S01007806,H J. Transport and communication,18,7,11
S01007806,K L M N. Financial real estate professional and administrative activities,16,2,14
S01007806,O P Q. Public administration education and health,32,11,21
S01007806,R S T U. Other,7,2,5
S01007806,Never worked,25,12,13
S01007807,All people aged 16 to 74 not in employment,146,64,82
S01007807,A B D E. Agriculture energy and water,2,2,0
S01007807,C. Manufacturing,21,14,7
S01007807,F. Construction,6,5,1
S01007807,G I. Distribution hotels and restaurants,18,8,10
S01007807,H J. Transport and communication,19,6,13
S01007807,K L M N. Financial real estate professional and administrative activities,6,5,1
S01007807,O P Q. Public administration education and health,39,6,33
S01007807,R S T U. Other,3,1,2
S01007807,Never worked,32,17,15
S01007808,All people aged 16 to 74 not in employment,236,110,126
S01007808,A B D E. Agriculture energy and water,3,3,0
S01007808,C. Manufacturing,26,17,9
S01007808,F. Construction,12,12,0
S01007808,G I. Distribution hotels and restaurants,37,19,18
S01007808,H J. Transport and communication,24,5,19
S01007808,K L M N. Financial real estate professional and administrative activities,25,9,16
S01007808,O P Q. Public administration education and health,38,7,31
S01007808,R S T U. Other,5,3,2
S01007808,Never worked,66,35,31
S01007809,All people aged 16 to 74 not in employment,208,85,123
S01007809,A B D E. Agriculture energy and water,3,3,0
S01007809,C. Manufacturing,24,11,13
S01007809,F. Construction,6,6,0
S01007809,G I. Distribution hotels and restaurants,36,23,13
S01007809,H J. Transport and communication,21,14,7
S01007809,K L M N. Financial real estate professional and administrative activities,12,4,8
S01007809,O P Q. Public administration education and health,69,12,57
S01007809,R S T U. Other,12,4,8
S01007809,Never worked,25,8,17
S01007810,All people aged 16 to 74 not in employment,328,145,183
S01007810,A B D E. Agriculture energy and water,5,4,1
S01007810,C. Manufacturing,43,22,21
S01007810,F. Construction,27,26,1
S01007810,G I. Distribution hotels and restaurants,54,20,34
S01007810,H J. Transport and communication,28,8,20
S01007810,K L M N. Financial real estate professional and administrative activities,25,7,18
S01007810,O P Q. Public administration education and health,47,12,35
S01007810,R S T U. Other,13,3,10
S01007810,Never worked,86,43,43
S01007811,All people aged 16 to 74 not in employment,246,104,142
S01007811,A B D E. Agriculture energy and water,9,6,3
S01007811,C. Manufacturing,36,22,14
S01007811,F. Construction,17,16,1
S01007811,G I. Distribution hotels and restaurants,31,10,21
S01007811,H J. Transport and communication,15,4,11
S01007811,K L M N. Financial real estate professional and administrative activities,20,6,14
S01007811,O P Q. Public administration education and health,40,10,30
S01007811,R S T U. Other,7,0,7
S01007811,Never worked,71,30,41
S01007812,All people aged 16 to 74 not in employment,287,123,164
S01007812,A B D E. Agriculture energy and water,5,4,1
S01007812,C. Manufacturing,24,17,7
S01007812,F. Construction,15,14,1
S01007812,G I. Distribution hotels and restaurants,59,25,34
S01007812,H J. Transport and communication,37,10,27
S01007812,K L M N. Financial real estate professional and administrative activities,20,9,11
S01007812,O P Q. Public administration education and health,42,11,31
S01007812,R S T U. Other,11,5,6
S01007812,Never worked,74,28,46
S01007813,All people aged 16 to 74 not in employment,262,119,143
S01007813,A B D E. Agriculture energy and water,3,2,1
S01007813,C. Manufacturing,37,24,13
S01007813,F. Construction,20,19,1
S01007813,G I. Distribution hotels and restaurants,56,22,34
S01007813,H J. Transport and communication,25,12,13
S01007813,K L M N. Financial real estate professional and administrative activities,13,5,8
S01007813,O P Q. Public administration education and health,42,8,34
S01007813,R S T U. Other,10,1,9
S01007813,Never worked,56,26,30
S01007814,All people aged 16 to 74 not in employment,177,75,102
S01007814,A B D E. Agriculture energy and water,5,2,3
S01007814,C. Manufacturing,23,13,10
S01007814,F. Construction,11,11,0
S01007814,G I. Distribution hotels and restaurants,26,11,15
S01007814,H J. Transport and communication,27,7,20
S01007814,K L M N. Financial real estate professional and administrative activities,12,4,8
S01007814,O P Q. Public administration education and health,33,11,22
S01007814,R S T U. Other,7,2,5
S01007814,Never worked,33,14,19
S01007815,All people aged 16 to 74 not in employment,213,102,111
S01007815,A B D E. Agriculture energy and water,4,3,1
S01007815,C. Manufacturing,25,11,14
S01007815,F. Construction,11,10,1
S01007815,G I. Distribution hotels and restaurants,41,19,22
S01007815,H J. Transport and communication,21,8,13
S01007815,K L M N. Financial real estate professional and administrative activities,16,9,7
S01007815,O P Q. Public administration education and health,41,13,28
S01007815,R S T U. Other,9,6,3
S01007815,Never worked,45,23,22
S01007816,All people aged 16 to 74 not in employment,164,78,86
S01007816,A B D E. Agriculture energy and water,4,4,0
S01007816,C. Manufacturing,23,14,9
S01007816,F. Construction,9,6,3
S01007816,G I. Distribution hotels and restaurants,31,14,17
S01007816,H J. Transport and communication,14,8,6
S01007816,K L M N. Financial real estate professional and administrative activities,13,2,11
S01007816,O P Q. Public administration education and health,49,15,34
S01007816,R S T U. Other,5,3,2
S01007816,Never worked,16,12,4
S01007817,All people aged 16 to 74 not in employment,158,67,91
S01007817,A B D E. Agriculture energy and water,5,5,0
S01007817,C. Manufacturing,36,18,18
S01007817,F. Construction,14,11,3
S01007817,G I. Distribution hotels and restaurants,25,14,11
S01007817,H J. Transport and communication,8,3,5
S01007817,K L M N. Financial real estate professional and administrative activities,14,2,12
S01007817,O P Q. Public administration education and health,40,5,35
S01007817,R S T U. Other,3,0,3
S01007817,Never worked,13,9,4
S01007818,All people aged 16 to 74 not in employment,174,83,91
S01007818,A B D E. Agriculture energy and water,3,3,0
S01007818,C. Manufacturing,30,19,11
S01007818,F. Construction,14,11,3
S01007818,G I. Distribution hotels and restaurants,31,16,15
S01007818,H J. Transport and communication,16,8,8
S01007818,K L M N. Financial real estate professional and administrative activities,10,5,5
S01007818,O P Q. Public administration education and health,45,8,37
S01007818,R S T U. Other,2,1,1
S01007818,Never worked,23,12,11
S01007819,All people aged 16 to 74 not in employment,199,82,117
S01007819,A B D E. Agriculture energy and water,0,0,0
S01007819,C. Manufacturing,40,20,20
S01007819,F. Construction,12,11,1
S01007819,G I. Distribution hotels and restaurants,35,19,16
S01007819,H J. Transport and communication,15,7,8
S01007819,K L M N. Financial real estate professional and administrative activities,19,8,11
S01007819,O P Q. Public administration education and health,46,7,39
S01007819,R S T U. Other,2,1,1
S01007819,Never worked,30,9,21
S01007820,All people aged 16 to 74 not in employment,310,134,176
S01007820,A B D E. Agriculture energy and water,5,4,1
S01007820,C. Manufacturing,53,31,22
S01007820,F. Construction,15,14,1
S01007820,G I. Distribution hotels and restaurants,46,19,27
S01007820,H J. Transport and communication,26,10,16
S01007820,K L M N. Financial real estate professional and administrative activities,28,8,20
S01007820,O P Q. Public administration education and health,60,9,51
S01007820,R S T U. Other,16,6,10
S01007820,Never worked,61,33,28
S01007821,All people aged 16 to 74 not in employment,138,57,81
S01007821,A B D E. Agriculture energy and water,2,2,0
S01007821,C. Manufacturing,21,7,14
S01007821,F. Construction,12,11,1
S01007821,G I. Distribution hotels and restaurants,23,10,13
S01007821,H J. Transport and communication,10,3,7
S01007821,K L M N. Financial real estate professional and administrative activities,6,2,4
S01007821,O P Q. Public administration education and health,37,10,27
S01007821,R S T U. Other,6,2,4
S01007821,Never worked,21,10,11
S01007822,All people aged 16 to 74 not in employment,198,81,117
S01007822,A B D E. Agriculture energy and water,4,3,1
S01007822,C. Manufacturing,38,20,18
S01007822,F. Construction,8,8,0
S01007822,G I. Distribution hotels and restaurants,31,9,22
S01007822,H J. Transport and communication,17,11,6
S01007822,K L M N. Financial real estate professional and administrative activities,21,6,15
S01007822,O P Q. Public administration education and health,63,15,48
S01007822,R S T U. Other,5,2,3
S01007822,Never worked,11,7,4
S01007823,All people aged 16 to 74 not in employment,161,66,95
S01007823,A B D E. Agriculture energy and water,1,1,0
S01007823,C. Manufacturing,15,10,5
S01007823,F. Construction,16,14,2
S01007823,G I. Distribution hotels and restaurants,25,10,15
S01007823,H J. Transport and communication,14,4,10
S01007823,K L M N. Financial real estate professional and administrative activities,15,3,12
S01007823,O P Q. Public administration education and health,48,11,37
S01007823,R S T U. Other,2,0,2
S01007823,Never worked,25,13,12
S01007824,All people aged 16 to 74 not in employment,180,87,93
S01007824,A B D E. Agriculture energy and water,3,2,1
S01007824,C. Manufacturing,17,13,4
S01007824,F. Construction,8,8,0
S01007824,G I. Distribution hotels and restaurants,23,9,14
S01007824,H J. Transport and communication,20,10,10
S01007824,K L M N. Financial real estate professional and administrative activities,13,9,4
S01007824,O P Q. Public administration education and health,57,14,43
S01007824,R S T U. Other,6,2,4
S01007824,Never worked,33,20,13
S01007825,All people aged 16 to 74 not in employment,254,118,136
S01007825,A B D E. Agriculture energy and water,6,3,3
S01007825,C. Manufacturing,25,11,14
S01007825,F. Construction,26,24,2
S01007825,G I. Distribution hotels and restaurants,49,25,24
S01007825,H J. Transport and communication,15,7,8
S01007825,K L M N. Financial real estate professional and administrative activities,16,9,7
S01007825,O P Q. Public administration education and health,80,22,58
S01007825,R S T U. Other,6,2,4
S01007825,Never worked,31,15,16
S01007826,All people aged 16 to 74 not in employment,186,78,108
S01007826,A B D E. Agriculture energy and water,4,3,1
S01007826,C. Manufacturing,23,12,11
S01007826,F. Construction,14,14,0
S01007826,G I. Distribution hotels and restaurants,39,18,21
S01007826,H J. Transport and communication,21,6,15
S01007826,K L M N. Financial real estate professional and administrative activities,13,3,10
S01007826,O P Q. Public administration education and health,29,4,25
S01007826,R S T U. Other,5,2,3
S01007826,Never worked,38,16,22
S01007827,All people aged 16 to 74 not in employment,145,66,79
S01007827,A B D E. Agriculture energy and water,2,2,0
S01007827,C. Manufacturing,10,5,5
S01007827,F. Construction,11,11,0
S01007827,G I. Distribution hotels and restaurants,28,14,14
S01007827,H J. Transport and communication,17,4,13
S01007827,K L M N. Financial real estate professional and administrative activities,11,5,6
S01007827,O P Q. Public administration education and health,30,9,21
S01007827,R S T U. Other,8,6,2
S01007827,Never worked,28,10,18
S01007828,All people aged 16 to 74 not in employment,306,154,152
S01007828,A B D E. Agriculture energy and water,5,3,2
S01007828,C. Manufacturing,46,30,16
S01007828,F. Construction,19,18,1
S01007828,G I. Distribution hotels and restaurants,53,28,25
S01007828,H J. Transport and communication,25,8,17
S01007828,K L M N. Financial real estate professional and administrative activities,28,14,14
S01007828,O P Q. Public administration education and health,77,29,48
S01007828,R S T U. Other,8,0,8
S01007828,Never worked,45,24,21
S01007829,All people aged 16 to 74 not in employment,200,88,112
S01007829,A B D E. Agriculture energy and water,2,2,0
S01007829,C. Manufacturing,22,11,11
S01007829,F. Construction,14,12,2
S01007829,G I. Distribution hotels and restaurants,36,13,23
S01007829,H J. Transport and communication,20,5,15
S01007829,K L M N. Financial real estate professional and administrative activities,15,10,5
S01007829,O P Q. Public administration education and health,59,21,38
S01007829,R S T U. Other,6,2,4
S01007829,Never worked,26,12,14
S01007830,All people aged 16 to 74 not in employment,333,169,164
S01007830,A B D E. Agriculture energy and water,3,3,0
S01007830,C. Manufacturing,46,34,12
S01007830,F. Construction,23,20,3
S01007830,G I. Distribution hotels and restaurants,74,42,32
S01007830,H J. Transport and communication,27,9,18
S01007830,K L M N. Financial real estate professional and administrative activities,34,12,22
S01007830,O P Q. Public administration education and health,60,11,49
S01007830,R S T U. Other,15,6,9
S01007830,Never worked,51,32,19
S01007831,All people aged 16 to 74 not in employment,333,164,169
S01007831,A B D E. Agriculture energy and water,6,5,1
S01007831,C. Manufacturing,46,29,17
S01007831,F. Construction,26,23,3
S01007831,G I. Distribution hotels and restaurants,64,34,30
S01007831,H J. Transport and communication,20,7,13
S01007831,K L M N. Financial real estate professional and administrative activities,17,5,12
S01007831,O P Q. Public administration education and health,72,21,51
S01007831,R S T U. Other,14,3,11
S01007831,Never worked,68,37,31
S01007832,All people aged 16 to 74 not in employment,231,106,125
S01007832,A B D E. Agriculture energy and water,4,3,1
S01007832,C. Manufacturing,26,17,9
S01007832,F. Construction,17,17,0
S01007832,G I. Distribution hotels and restaurants,33,16,17
S01007832,H J. Transport and communication,20,8,12
S01007832,K L M N. Financial real estate professional and administrative activities,19,5,14
S01007832,O P Q. Public administration education and health,66,20,46
S01007832,R S T U. Other,11,6,5
S01007832,Never worked,35,14,21
S01007833,All people aged 16 to 74 not in employment,289,116,173
S01007833,A B D E. Agriculture energy and water,3,3,0
S01007833,C. Manufacturing,52,24,28
S01007833,F. Construction,14,14,0
S01007833,G I. Distribution hotels and restaurants,53,24,29
S01007833,H J. Transport and communication,21,7,14
S01007833,K L M N. Financial real estate professional and administrative activities,30,10,20
S01007833,O P Q. Public administration education and health,82,19,63
S01007833,R S T U. Other,13,5,8
S01007833,Never worked,21,10,11
S01007834,All people aged 16 to 74 not in employment,248,122,126
S01007834,A B D E. Agriculture energy and water,4,3,1
S01007834,C. Manufacturing,25,17,8
S01007834,F. Construction,14,13,1
S01007834,G I. Distribution hotels and restaurants,41,22,19
S01007834,H J. Transport and communication,30,11,19
S01007834,K L M N. Financial real estate professional and administrative activities,29,17,12
S01007834,O P Q. Public administration education and health,53,13,40
S01007834,R S T U. Other,12,5,7
S01007834,Never worked,40,21,19
S01007835,All people aged 16 to 74 not in employment,178,78,100
S01007835,A B D E. Agriculture energy and water,5,2,3
S01007835,C. Manufacturing,13,8,5
S01007835,F. Construction,9,8,1
S01007835,G I. Distribution hotels and restaurants,36,21,15
S01007835,H J. Transport and communication,19,8,11
S01007835,K L M N. Financial real estate professional and administrative activities,13,5,8
S01007835,O P Q. Public administration education and health,51,13,38
S01007835,R S T U. Other,4,1,3
S01007835,Never worked,28,12,16
S01007836,All people aged 16 to 74 not in employment,150,67,83
S01007836,A B D E. Agriculture energy and water,1,1,0
S01007836,C. Manufacturing,21,14,7
S01007836,F. Construction,10,9,1
S01007836,G I. Distribution hotels and restaurants,24,10,14
S01007836,H J. Transport and communication,12,8,4
S01007836,K L M N. Financial real estate professional and administrative activities,10,1,9
S01007836,O P Q. Public administration education and health,35,7,28
S01007836,R S T U. Other,5,1,4
S01007836,Never worked,32,16,16
S01007837,All people aged 16 to 74 not in employment,224,89,135
S01007837,A B D E. Agriculture energy and water,4,3,1
S01007837,C. Manufacturing,26,17,9
S01007837,F. Construction,6,5,1
S01007837,G I. Distribution hotels and restaurants,34,10,24
S01007837,H J. Transport and communication,24,12,12
S01007837,K L M N. Financial real estate professional and administrative activities,21,11,10
S01007837,O P Q. Public administration education and health,77,16,61
S01007837,R S T U. Other,7,2,5
S01007837,Never worked,25,13,12
S01007838,All people aged 16 to 74 not in employment,220,86,134
S01007838,A B D E. Agriculture energy and water,3,1,2
S01007838,C. Manufacturing,20,16,4
S01007838,F. Construction,12,10,2
S01007838,G I. Distribution hotels and restaurants,31,11,20
S01007838,H J. Transport and communication,15,9,6
S01007838,K L M N. Financial real estate professional and administrative activities,18,5,13
S01007838,O P Q. Public administration education and health,82,18,64
S01007838,R S T U. Other,8,4,4
S01007838,Never worked,31,12,19
S01007839,All people aged 16 to 74 not in employment,235,96,139
S01007839,A B D E. Agriculture energy and water,0,0,0
S01007839,C. Manufacturing,18,9,9
S01007839,F. Construction,14,13,1
S01007839,G I. Distribution hotels and restaurants,30,16,14
S01007839,H J. Transport and communication,17,3,14
S01007839,K L M N. Financial real estate professional and administrative activities,17,2,15
S01007839,O P Q. Public administration education and health,69,18,51
S01007839,R S T U. Other,7,4,3
S01007839,Never worked,63,31,32
S01007840,All people aged 16 to 74 not in employment,220,102,118
S01007840,A B D E. Agriculture energy and water,4,4,0
S01007840,C. Manufacturing,23,15,8
S01007840,F. Construction,12,11,1
S01007840,G I. Distribution hotels and restaurants,38,19,19
S01007840,H J. Transport and communication,20,9,11
S01007840,K L M N. Financial real estate professional and administrative activities,17,8,9
S01007840,O P Q. Public administration education and health,74,23,51
S01007840,R S T U. Other,3,3,0
S01007840,Never worked,29,10,19
S01007841,All people aged 16 to 74 not in employment,188,90,98
S01007841,A B D E. Agriculture energy and water,5,4,1
S01007841,C. Manufacturing,27,18,9
S01007841,F. Construction,13,13,0
S01007841,G I. Distribution hotels and restaurants,35,19,16
S01007841,H J. Transport and communication,19,3,16
S01007841,K L M N. Financial real estate professional and administrative activities,13,7,6
S01007841,O P Q. Public administration education and health,36,8,28
S01007841,R S T U. Other,9,3,6
S01007841,Never worked,31,15,16
S01007842,All people aged 16 to 74 not in employment,259,126,133
S01007842,A B D E. Agriculture energy and water,8,7,1
S01007842,C. Manufacturing,23,12,11
S01007842,F. Construction,19,17,2
S01007842,G I. Distribution hotels and restaurants,37,17,20
S01007842,H J. Transport and communication,36,19,17
S01007842,K L M N. Financial real estate professional and administrative activities,28,14,14
S01007842,O P Q. Public administration education and health,41,12,29
S01007842,R S T U. Other,11,8,3
S01007842,Never worked,56,20,36
S01007843,All people aged 16 to 74 not in employment,227,110,117
S01007843,A B D E. Agriculture energy and water,4,4,0
S01007843,C. Manufacturing,27,14,13
S01007843,F. Construction,18,16,2
S01007843,G I. Distribution hotels and restaurants,35,16,19
S01007843,H J. Transport and communication,17,7,10
S01007843,K L M N. Financial real estate professional and administrative activities,15,6,9
S01007843,O P Q. Public administration education and health,51,18,33
S01007843,R S T U. Other,8,5,3
S01007843,Never worked,52,24,28
S01007844,All people aged 16 to 74 not in employment,298,150,148
S01007844,A B D E. Agriculture energy and water,7,7,0
S01007844,C. Manufacturing,22,10,12
S01007844,F. Construction,23,22,1
S01007844,G I. Distribution hotels and restaurants,39,22,17
S01007844,H J. Transport and communication,35,17,18
S01007844,K L M N. Financial real estate professional and administrative activities,35,14,21
S01007844,O P Q. Public administration education and health,59,18,41
S01007844,R S T U. Other,16,7,9
S01007844,Never worked,62,33,29
S01007845,All people aged 16 to 74 not in employment,276,110,166
S01007845,A B D E. Agriculture energy and water,3,2,1
S01007845,C. Manufacturing,31,18,13
S01007845,F. Construction,15,14,1
S01007845,G I. Distribution hotels and restaurants,45,19,26
S01007845,H J. Transport and communication,26,10,16
S01007845,K L M N. Financial real estate professional and administrative activities,25,8,17
S01007845,O P Q. Public administration education and health,59,11,48
S01007845,R S T U. Other,6,3,3
S01007845,Never worked,66,25,41
S01007846,All people aged 16 to 74 not in employment,222,91,131
S01007846,A B D E. Agriculture energy and water,0,0,0
S01007846,C. Manufacturing,34,20,14
S01007846,F. Construction,15,13,2
S01007846,G I. Distribution hotels and restaurants,39,18,21
S01007846,H J. Transport and communication,24,8,16
S01007846,K L M N. Financial real estate professional and administrative activities,19,4,15
S01007846,O P Q. Public administration education and health,46,9,37
S01007846,R S T U. Other,15,6,9
S01007846,Never worked,30,13,17
S01007847,All people aged 16 to 74 not in employment,275,118,157
S01007847,A B D E. Agriculture energy and water,7,7,0
S01007847,C. Manufacturing,33,17,16
S01007847,F. Construction,12,12,0
S01007847,G I. Distribution hotels and restaurants,44,22,22
S01007847,H J. Transport and communication,24,9,15
S01007847,K L M N. Financial real estate professional and administrative activities,36,19,17
S01007847,O P Q. Public administration education and health,68,12,56
S01007847,R S T U. Other,3,1,2
S01007847,Never worked,48,19,29
S01007848,All people aged 16 to 74 not in employment,296,158,138
S01007848,A B D E. Agriculture energy and water,6,6,0
S01007848,C. Manufacturing,40,29,11
S01007848,F. Construction,30,29,1
S01007848,G I. Distribution hotels and restaurants,51,29,22
S01007848,H J. Transport and communication,28,11,17
S01007848,K L M N. Financial real estate professional and administrative activities,36,18,18
S01007848,O P Q. Public administration education and health,45,13,32
S01007848,R S T U. Other,12,7,5
S01007848,Never worked,48,16,32
S01007849,All people aged 16 to 74 not in employment,254,107,147
S01007849,A B D E. Agriculture energy and water,8,7,1
S01007849,C. Manufacturing,26,19,7
S01007849,F. Construction,19,15,4
S01007849,G I. Distribution hotels and restaurants,37,19,18
S01007849,H J. Transport and communication,28,11,17
S01007849,K L M N. Financial real estate professional and administrative activities,21,8,13
S01007849,O P Q. Public administration education and health,51,7,44
S01007849,R S T U. Other,8,2,6
S01007849,Never worked,56,19,37
S01007850,All people aged 16 to 74 not in employment,246,111,135
S01007850,A B D E. Agriculture energy and water,6,5,1
S01007850,C. Manufacturing,37,21,16
S01007850,F. Construction,14,12,2
S01007850,G I. Distribution hotels and restaurants,37,14,23
S01007850,H J. Transport and communication,19,6,13
S01007850,K L M N. Financial real estate professional and administrative activities,21,7,14
S01007850,O P Q. Public administration education and health,46,10,36
S01007850,R S T U. Other,3,0,3
S01007850,Never worked,63,36,27
S01007851,All people aged 16 to 74 not in employment,277,114,163
S01007851,A B D E. Agriculture energy and water,3,2,1
S01007851,C. Manufacturing,48,23,25
S01007851,F. Construction,25,24,1
S01007851,G I. Distribution hotels and restaurants,42,20,22
S01007851,H J. Transport and communication,27,9,18
S01007851,K L M N. Financial real estate professional and administrative activities,26,7,19
S01007851,O P Q. Public administration education and health,73,15,58
S01007851,R S T U. Other,8,2,6
S01007851,Never worked,25,12,13
S01007852,All people aged 16 to 74 not in employment,249,131,118
S01007852,A B D E. Agriculture energy and water,2,2,0
S01007852,C. Manufacturing,27,17,10
S01007852,F. Construction,22,22,0
S01007852,G I. Distribution hotels and restaurants,42,25,17
S01007852,H J. Transport and communication,25,11,14
S01007852,K L M N. Financial real estate professional and administrative activities,17,13,4
S01007852,O P Q. Public administration education and health,47,9,38
S01007852,R S T U. Other,8,5,3
S01007852,Never worked,59,27,32
S01007853,All people aged 16 to 74 not in employment,277,140,137
S01007853,A B D E. Agriculture energy and water,7,5,2
S01007853,C. Manufacturing,35,20,15
S01007853,F. Construction,17,17,0
S01007853,G I. Distribution hotels and restaurants,55,34,21
S01007853,H J. Transport and communication,30,15,15
S01007853,K L M N. Financial real estate professional and administrative activities,18,11,7
S01007853,O P Q. Public administration education and health,51,11,40
S01007853,R S T U. Other,11,1,10
S01007853,Never worked,53,26,27
S01007854,All people aged 16 to 74 not in employment,409,190,219
S01007854,A B D E. Agriculture energy and water,1,0,1
S01007854,C. Manufacturing,50,32,18
S01007854,F. Construction,26,26,0
S01007854,G I. Distribution hotels and restaurants,84,33,51
S01007854,H J. Transport and communication,51,20,31
S01007854,K L M N. Financial real estate professional and administrative activities,41,16,25
S01007854,O P Q. Public administration education and health,54,17,37
S01007854,R S T U. Other,15,8,7
S01007854,Never worked,87,38,49
S01007855,All people aged 16 to 74 not in employment,178,110,68
S01007855,A B D E. Agriculture energy and water,3,3,0
S01007855,C. Manufacturing,26,20,6
S01007855,F. Construction,19,19,0
S01007855,G I. Distribution hotels and restaurants,36,24,12
S01007855,H J. Transport and communication,27,15,12
S01007855,K L M N. Financial real estate professional and administrative activities,17,13,4
S01007855,O P Q. Public administration education and health,21,4,17
S01007855,R S T U. Other,5,4,1
S01007855,Never worked,24,8,16
S01007856,All people aged 16 to 74 not in employment,244,109,135
S01007856,A B D E. Agriculture energy and water,5,5,0
S01007856,C. Manufacturing,24,12,12
S01007856,F. Construction,15,13,2
S01007856,G I. Distribution hotels and restaurants,42,19,23
S01007856,H J. Transport and communication,19,9,10
S01007856,K L M N. Financial real estate professional and administrative activities,20,6,14
S01007856,O P Q. Public administration education and health,51,14,37
S01007856,R S T U. Other,11,3,8
S01007856,Never worked,57,28,29
S01007857,All people aged 16 to 74 not in employment,162,59,103
S01007857,A B D E. Agriculture energy and water,4,3,1
S01007857,C. Manufacturing,20,3,17
S01007857,F. Construction,13,10,3
S01007857,G I. Distribution hotels and restaurants,26,10,16
S01007857,H J. Transport and communication,17,3,14
S01007857,K L M N. Financial real estate professional and administrative activities,5,2,3
S01007857,O P Q. Public administration education and health,32,6,26
S01007857,R S T U. Other,6,3,3
S01007857,Never worked,39,19,20
S01007858,All people aged 16 to 74 not in employment,345,152,193
S01007858,A B D E. Agriculture energy and water,3,3,0
S01007858,C. Manufacturing,67,39,28
S01007858,F. Construction,21,19,2
S01007858,G I. Distribution hotels and restaurants,57,27,30
S01007858,H J. Transport and communication,22,8,14
S01007858,K L M N. Financial real estate professional and administrative activities,26,7,19
S01007858,O P Q. Public administration education and health,79,19,60
S01007858,R S T U. Other,10,2,8
S01007858,Never worked,60,28,32
S01007859,All people aged 16 to 74 not in employment,178,78,100
S01007859,A B D E. Agriculture energy and water,3,2,1
S01007859,C. Manufacturing,22,10,12
S01007859,F. Construction,7,7,0
S01007859,G I. Distribution hotels and restaurants,32,22,10
S01007859,H J. Transport and communication,15,4,11
S01007859,K L M N. Financial real estate professional and administrative activities,17,5,12
S01007859,O P Q. Public administration education and health,39,9,30
S01007859,R S T U. Other,6,0,6
S01007859,Never worked,37,19,18
S01007860,All people aged 16 to 74 not in employment,152,74,78
S01007860,A B D E. Agriculture energy and water,2,2,0
S01007860,C. Manufacturing,20,15,5
S01007860,F. Construction,13,11,2
S01007860,G I. Distribution hotels and restaurants,29,11,18
S01007860,H J. Transport and communication,9,3,6
S01007860,K L M N. Financial real estate professional and administrative activities,12,6,6
S01007860,O P Q. Public administration education and health,33,7,26
S01007860,R S T U. Other,4,2,2
S01007860,Never worked,30,17,13
S01007861,All people aged 16 to 74 not in employment,221,110,111
S01007861,A B D E. Agriculture energy and water,4,4,0
S01007861,C. Manufacturing,36,25,11
S01007861,F. Construction,13,13,0
S01007861,G I. Distribution hotels and restaurants,46,22,24
S01007861,H J. Transport and communication,15,5,10
S01007861,K L M N. Financial real estate professional and administrative activities,14,7,7
S01007861,O P Q. Public administration education and health,51,14,37
S01007861,R S T U. Other,6,3,3
S01007861,Never worked,36,17,19
S01007862,All people aged 16 to 74 not in employment,237,101,136
S01007862,A B D E. Agriculture energy and water,4,2,2
S01007862,C. Manufacturing,39,23,16
S01007862,F. Construction,15,15,0
S01007862,G I. Distribution hotels and restaurants,47,25,22
S01007862,H J. Transport and communication,23,6,17
S01007862,K L M N. Financial real estate professional and administrative activities,20,2,18
S01007862,O P Q. Public administration education and health,46,9,37
S01007862,R S T U. Other,6,1,5
S01007862,Never worked,37,18,19
S01007863,All people aged 16 to 74 not in employment,337,135,202
S01007863,A B D E. Agriculture energy and water,4,2,2
S01007863,C. Manufacturing,43,22,21
S01007863,F. Construction,27,27,0
S01007863,G I. Distribution hotels and restaurants,50,14,36
S01007863,H J. Transport and communication,26,10,16
S01007863,K L M N. Financial real estate professional and administrative activities,46,15,31
S01007863,O P Q. Public administration education and health,60,9,51
S01007863,R S T U. Other,14,4,10
S01007863,Never worked,67,32,35
S01007864,All people aged 16 to 74 not in employment,293,128,165
S01007864,A B D E. Agriculture energy and water,3,1,2
S01007864,C. Manufacturing,50,31,19
S01007864,F. Construction,26,26,0
S01007864,G I. Distribution hotels and restaurants,47,16,31
S01007864,H J. Transport and communication,26,9,17
S01007864,K L M N. Financial real estate professional and administrative activities,24,6,18
S01007864,O P Q. Public administration education and health,60,13,47
S01007864,R S T U. Other,10,2,8
S01007864,Never worked,47,24,23
S01007865,All people aged 16 to 74 not in employment,86,36,50
S01007865,A B D E. Agriculture energy and water,1,1,0
S01007865,C. Manufacturing,6,3,3
S01007865,F. Construction,3,3,0
S01007865,G I. Distribution hotels and restaurants,3,2,1
S01007865,H J. Transport and communication,14,4,10
S01007865,K L M N. Financial real estate professional and administrative activities,8,2,6
S01007865,O P Q. Public administration education and health,16,6,10
S01007865,R S T U. Other,2,0,2
S01007865,Never worked,33,15,18
S01007866,All people aged 16 to 74 not in employment,65,33,32
S01007866,A B D E. Agriculture energy and water,0,0,0
S01007866,C. Manufacturing,6,3,3
S01007866,F. Construction,7,6,1
S01007866,G I. Distribution hotels and restaurants,12,7,5
S01007866,H J. Transport and communication,5,3,2
S01007866,K L M N. Financial real estate professional and administrative activities,5,1,4
S01007866,O P Q. Public administration education and health,9,3,6
S01007866,R S T U. Other,3,0,3
S01007866,Never worked,18,10,8
S01007867,All people aged 16 to 74 not in employment,109,49,60
S01007867,A B D E. Agriculture energy and water,6,3,3
S01007867,C. Manufacturing,11,5,6
S01007867,F. Construction,9,7,2
S01007867,G I. Distribution hotels and restaurants,11,6,5
S01007867,H J. Transport and communication,7,2,5
S01007867,K L M N. Financial real estate professional and administrative activities,18,9,9
S01007867,O P Q. Public administration education and health,32,11,21
S01007867,R S T U. Other,2,0,2
S01007867,Never worked,13,6,7
S01007868,All people aged 16 to 74 not in employment,231,103,128
S01007868,A B D E. Agriculture energy and water,6,5,1
S01007868,C. Manufacturing,23,14,9
S01007868,F. Construction,4,3,1
S01007868,G I. Distribution hotels and restaurants,24,10,14
S01007868,H J. Transport and communication,22,17,5
S01007868,K L M N. Financial real estate professional and administrative activities,21,8,13
S01007868,O P Q. Public administration education and health,90,27,63
S01007868,R S T U. Other,6,2,4
S01007868,Never worked,35,17,18
S01007869,All people aged 16 to 74 not in employment,206,79,127
S01007869,A B D E. Agriculture energy and water,1,1,0
S01007869,C. Manufacturing,15,7,8
S01007869,F. Construction,10,8,2
S01007869,G I. Distribution hotels and restaurants,21,7,14
S01007869,H J. Transport and communication,12,5,7
S01007869,K L M N. Financial real estate professional and administrative activities,26,7,19
S01007869,O P Q. Public administration education and health,66,18,48
S01007869,R S T U. Other,6,1,5
S01007869,Never worked,49,25,24
S01007870,All people aged 16 to 74 not in employment,138,68,70
S01007870,A B D E. Agriculture energy and water,11,9,2
S01007870,C. Manufacturing,13,5,8
S01007870,F. Construction,8,8,0
S01007870,G I. Distribution hotels and restaurants,24,12,12
S01007870,H J. Transport and communication,7,4,3
S01007870,K L M N. Financial real estate professional and administrative activities,9,6,3
S01007870,O P Q. Public administration education and health,33,8,25
S01007870,R S T U. Other,8,3,5
S01007870,Never worked,25,13,12
S01007871,All people aged 16 to 74 not in employment,276,118,158
S01007871,A B D E. Agriculture energy and water,30,25,5
S01007871,C. Manufacturing,35,14,21
S01007871,F. Construction,15,15,0
S01007871,G I. Distribution hotels and restaurants,40,13,27
S01007871,H J. Transport and communication,30,6,24
S01007871,K L M N. Financial real estate professional and administrative activities,26,14,12
S01007871,O P Q. Public administration education and health,41,9,32
S01007871,R S T U. Other,7,2,5
S01007871,Never worked,52,20,32
S01007872,All people aged 16 to 74 not in employment,307,147,160
S01007872,A B D E. Agriculture energy and water,25,24,1
S01007872,C. Manufacturing,42,17,25
S01007872,F. Construction,21,21,0
S01007872,G I. Distribution hotels and restaurants,49,21,28
S01007872,H J. Transport and communication,31,6,25
S01007872,K L M N. Financial real estate professional and administrative activities,15,9,6
S01007872,O P Q. Public administration education and health,41,10,31
S01007872,R S T U. Other,12,6,6
S01007872,Never worked,71,33,38
S01007873,All people aged 16 to 74 not in employment,199,96,103
S01007873,A B D E. Agriculture energy and water,19,19,0
S01007873,C. Manufacturing,16,7,9
S01007873,F. Construction,11,11,0
S01007873,G I. Distribution hotels and restaurants,33,11,22
S01007873,H J. Transport and communication,14,5,9
S01007873,K L M N. Financial real estate professional and administrative activities,18,8,10
S01007873,O P Q. Public administration education and health,37,10,27
S01007873,R S T U. Other,9,3,6
S01007873,Never worked,42,22,20
S01007874,All people aged 16 to 74 not in employment,257,129,128
S01007874,A B D E. Agriculture energy and water,29,28,1
S01007874,C. Manufacturing,30,16,14
S01007874,F. Construction,6,6,0
S01007874,G I. Distribution hotels and restaurants,47,17,30
S01007874,H J. Transport and communication,16,8,8
S01007874,K L M N. Financial real estate professional and administrative activities,19,8,11
S01007874,O P Q. Public administration education and health,66,22,44
S01007874,R S T U. Other,11,5,6
S01007874,Never worked,33,19,14
S01007875,All people aged 16 to 74 not in employment,139,68,71
S01007875,A B D E. Agriculture energy and water,6,6,0
S01007875,C. Manufacturing,21,14,7
S01007875,F. Construction,13,12,1
S01007875,G I. Distribution hotels and restaurants,23,11,12
S01007875,H J. Transport and communication,11,2,9
S01007875,K L M N. Financial real estate professional and administrative activities,11,3,8
S01007875,O P Q. Public administration education and health,25,6,19
S01007875,R S T U. Other,7,2,5
S01007875,Never worked,22,12,10
S01007876,All people aged 16 to 74 not in employment,264,122,142
S01007876,A B D E. Agriculture energy and water,14,10,4
S01007876,C. Manufacturing,17,11,6
S01007876,F. Construction,30,29,1
S01007876,G I. Distribution hotels and restaurants,49,15,34
S01007876,H J. Transport and communication,27,11,16
S01007876,K L M N. Financial real estate professional and administrative activities,17,6,11
S01007876,O P Q. Public administration education and health,62,17,45
S01007876,R S T U. Other,7,2,5
S01007876,Never worked,41,21,20
S01007877,All people aged 16 to 74 not in employment,262,124,138
S01007877,A B D E. Agriculture energy and water,26,24,2
S01007877,C. Manufacturing,27,14,13
S01007877,F. Construction,24,24,0
S01007877,G I. Distribution hotels and restaurants,46,18,28
S01007877,H J. Transport and communication,21,3,18
S01007877,K L M N. Financial real estate professional and administrative activities,21,4,17
S01007877,O P Q. Public administration education and health,42,11,31
S01007877,R S T U. Other,12,6,6
S01007877,Never worked,43,20,23
S01007878,All people aged 16 to 74 not in employment,222,117,105
S01007878,A B D E. Agriculture energy and water,17,13,4
S01007878,C. Manufacturing,27,13,14
S01007878,F. Construction,33,31,2
S01007878,G I. Distribution hotels and restaurants,36,15,21
S01007878,H J. Transport and communication,13,8,5
S01007878,K L M N. Financial real estate professional and administrative activities,14,7,7
S01007878,O P Q. Public administration education and health,38,13,25
S01007878,R S T U. Other,4,1,3
S01007878,Never worked,40,16,24
S01007879,All people aged 16 to 74 not in employment,285,129,156
S01007879,A B D E. Agriculture energy and water,22,18,4
S01007879,C. Manufacturing,31,15,16
S01007879,F. Construction,26,25,1
S01007879,G I. Distribution hotels and restaurants,52,19,33
S01007879,H J. Transport and communication,25,7,18
S01007879,K L M N. Financial real estate professional and administrative activities,15,7,8
S01007879,O P Q. Public administration education and health,51,10,41
S01007879,R S T U. Other,8,3,5
S01007879,Never worked,55,25,30
S01007880,All people aged 16 to 74 not in employment,114,49,65
S01007880,A B D E. Agriculture energy and water,11,6,5
S01007880,C. Manufacturing,10,4,6
S01007880,F. Construction,11,9,2
S01007880,G I. Distribution hotels and restaurants,17,8,9
S01007880,H J. Transport and communication,8,2,6
S01007880,K L M N. Financial real estate professional and administrative activities,12,4,8
S01007880,O P Q. Public administration education and health,29,9,20
S01007880,R S T U. Other,4,3,1
S01007880,Never worked,12,4,8
S01007881,All people aged 16 to 74 not in employment,194,81,113
S01007881,A B D E. Agriculture energy and water,19,9,10
S01007881,C. Manufacturing,28,14,14
S01007881,F. Construction,17,15,2
S01007881,G I. Distribution hotels and restaurants,35,13,22
S01007881,H J. Transport and communication,24,4,20
S01007881,K L M N. Financial real estate professional and administrative activities,8,2,6
S01007881,O P Q. Public administration education and health,27,3,24
S01007881,R S T U. Other,6,3,3
S01007881,Never worked,30,18,12
S01007882,All people aged 16 to 74 not in employment,165,64,101
S01007882,A B D E. Agriculture energy and water,13,9,4
S01007882,C. Manufacturing,19,7,12
S01007882,F. Construction,11,11,0
S01007882,G I. Distribution hotels and restaurants,27,4,23
S01007882,H J. Transport and communication,9,2,7
S01007882,K L M N. Financial real estate professional and administrative activities,10,2,8
S01007882,O P Q. Public administration education and health,40,12,28
S01007882,R S T U. Other,3,1,2
S01007882,Never worked,33,16,17
S01007883,All people aged 16 to 74 not in employment,256,112,144
S01007883,A B D E. Agriculture energy and water,26,23,3
S01007883,C. Manufacturing,28,10,18
S01007883,F. Construction,23,21,2
S01007883,G I. Distribution hotels and restaurants,43,17,26
S01007883,H J. Transport and communication,14,4,10
S01007883,K L M N. Financial real estate professional and administrative activities,17,9,8
S01007883,O P Q. Public administration education and health,55,6,49
S01007883,R S T U. Other,8,4,4
S01007883,Never worked,42,18,24
S01007884,All people aged 16 to 74 not in employment,182,86,96
S01007884,A B D E. Agriculture energy and water,14,13,1
S01007884,C. Manufacturing,28,15,13
S01007884,F. Construction,16,15,1
S01007884,G I. Distribution hotels and restaurants,30,11,19
S01007884,H J. Transport and communication,8,2,6
S01007884,K L M N. Financial real estate professional and administrative activities,11,5,6
S01007884,O P Q. Public administration education and health,30,7,23
S01007884,R S T U. Other,5,3,2
S01007884,Never worked,40,15,25
S01007885,All people aged 16 to 74 not in employment,299,125,174
S01007885,A B D E. Agriculture energy and water,10,7,3
S01007885,C. Manufacturing,55,24,31
S01007885,F. Construction,28,25,3
S01007885,G I. Distribution hotels and restaurants,54,20,34
S01007885,H J. Transport and communication,25,8,17
S01007885,K L M N. Financial real estate professional and administrative activities,13,2,11
S01007885,O P Q. Public administration education and health,45,9,36
S01007885,R S T U. Other,10,8,2
S01007885,Never worked,59,22,37
S01007886,All people aged 16 to 74 not in employment,283,144,139
S01007886,A B D E. Agriculture energy and water,13,11,2
S01007886,C. Manufacturing,39,19,20
S01007886,F. Construction,23,22,1
S01007886,G I. Distribution hotels and restaurants,48,27,21
S01007886,H J. Transport and communication,16,4,12
S01007886,K L M N. Financial real estate professional and administrative activities,20,11,9
S01007886,O P Q. Public administration education and health,66,23,43
S01007886,R S T U. Other,11,8,3
S01007886,Never worked,47,19,28
S01007887,All people aged 16 to 74 not in employment,122,59,63
S01007887,A B D E. Agriculture energy and water,7,4,3
S01007887,C. Manufacturing,19,8,11
S01007887,F. Construction,14,14,0
S01007887,G I. Distribution hotels and restaurants,18,6,12
S01007887,H J. Transport and communication,6,4,2
S01007887,K L M N. Financial real estate professional and administrative activities,4,1,3
S01007887,O P Q. Public administration education and health,23,5,18
S01007887,R S T U. Other,5,1,4
S01007887,Never worked,26,16,10
S01007888,All people aged 16 to 74 not in employment,376,164,212
S01007888,A B D E. Agriculture energy and water,20,17,3
S01007888,C. Manufacturing,41,23,18
S01007888,F. Construction,36,34,2
S01007888,G I. Distribution hotels and restaurants,61,28,33
S01007888,H J. Transport and communication,39,4,35
S01007888,K L M N. Financial real estate professional and administrative activities,25,14,11
S01007888,O P Q. Public administration education and health,65,11,54
S01007888,R S T U. Other,14,5,9
S01007888,Never worked,75,28,47
S01007889,All people aged 16 to 74 not in employment,172,74,98
S01007889,A B D E. Agriculture energy and water,11,11,0
S01007889,C. Manufacturing,19,11,8
S01007889,F. Construction,15,13,2
S01007889,G I. Distribution hotels and restaurants,32,17,15
S01007889,H J. Transport and communication,21,4,17
S01007889,K L M N. Financial real estate professional and administrative activities,16,4,12
S01007889,O P Q. Public administration education and health,36,5,31
S01007889,R S T U. Other,5,1,4
S01007889,Never worked,17,8,9
S01007890,All people aged 16 to 74 not in employment,206,94,112
S01007890,A B D E. Agriculture energy and water,15,14,1
S01007890,C. Manufacturing,20,10,10
S01007890,F. Construction,24,21,3
S01007890,G I. Distribution hotels and restaurants,42,14,28
S01007890,H J. Transport and communication,18,5,13
S01007890,K L M N. Financial real estate professional and administrative activities,16,7,9
S01007890,O P Q. Public administration education and health,36,9,27
S01007890,R S T U. Other,6,1,5
S01007890,Never worked,29,13,16
S01007891,All people aged 16 to 74 not in employment,221,108,113
S01007891,A B D E. Agriculture energy and water,18,17,1
S01007891,C. Manufacturing,27,17,10
S01007891,F. Construction,11,10,1
S01007891,G I. Distribution hotels and restaurants,52,28,24
S01007891,H J. Transport and communication,17,3,14
S01007891,K L M N. Financial real estate professional and administrative activities,14,9,5
S01007891,O P Q. Public administration education and health,43,8,35
S01007891,R S T U. Other,5,1,4
S01007891,Never worked,34,15,19
S01007892,All people aged 16 to 74 not in employment,189,85,104
S01007892,A B D E. Agriculture energy and water,6,4,2
S01007892,C. Manufacturing,27,16,11
S01007892,F. Construction,19,17,2
S01007892,G I. Distribution hotels and restaurants,37,10,27
S01007892,H J. Transport and communication,14,4,10
S01007892,K L M N. Financial real estate professional and administrative activities,10,3,7
S01007892,O P Q. Public administration education and health,38,10,28
S01007892,R S T U. Other,10,3,7
S01007892,Never worked,28,18,10
S01007893,All people aged 16 to 74 not in employment,277,122,155
S01007893,A B D E. Agriculture energy and water,19,10,9
S01007893,C. Manufacturing,27,17,10
S01007893,F. Construction,13,10,3
S01007893,G I. Distribution hotels and restaurants,53,26,27
S01007893,H J. Transport and communication,15,9,6
S01007893,K L M N. Financial real estate professional and administrative activities,20,7,13
S01007893,O P Q. Public administration education and health,69,19,50
S01007893,R S T U. Other,11,5,6
S01007893,Never worked,50,19,31
S01007894,All people aged 16 to 74 not in employment,235,98,137
S01007894,A B D E. Agriculture energy and water,15,13,2
S01007894,C. Manufacturing,36,18,18
S01007894,F. Construction,19,19,0
S01007894,G I. Distribution hotels and restaurants,41,11,30
S01007894,H J. Transport and communication,16,5,11
S01007894,K L M N. Financial real estate professional and administrative activities,15,7,8
S01007894,O P Q. Public administration education and health,35,6,29
S01007894,R S T U. Other,13,2,11
S01007894,Never worked,45,17,28
S01007895,All people aged 16 to 74 not in employment,162,66,96
S01007895,A B D E. Agriculture energy and water,12,10,2
S01007895,C. Manufacturing,16,8,8
S01007895,F. Construction,10,10,0
S01007895,G I. Distribution hotels and restaurants,33,8,25
S01007895,H J. Transport and communication,8,2,6
S01007895,K L M N. Financial real estate professional and administrative activities,14,6,8
S01007895,O P Q. Public administration education and health,41,9,32
S01007895,R S T U. Other,6,1,5
S01007895,Never worked,22,12,10
S01007896,All people aged 16 to 74 not in employment,304,126,178
S01007896,A B D E. Agriculture energy and water,15,13,2
S01007896,C. Manufacturing,39,17,22
S01007896,F. Construction,29,26,3
S01007896,G I. Distribution hotels and restaurants,51,15,36
S01007896,H J. Transport and communication,25,3,22
S01007896,K L M N. Financial real estate professional and administrative activities,18,9,9
S01007896,O P Q. Public administration education and health,48,9,39
S01007896,R S T U. Other,10,3,7
S01007896,Never worked,69,31,38
S01007897,All people aged 16 to 74 not in employment,102,49,53
S01007897,A B D E. Agriculture energy and water,17,12,5
S01007897,C. Manufacturing,7,3,4
S01007897,F. Construction,9,7,2
S01007897,G I. Distribution hotels and restaurants,11,5,6
S01007897,H J. Transport and communication,4,2,2
S01007897,K L M N. Financial real estate professional and administrative activities,6,3,3
S01007897,O P Q. Public administration education and health,28,10,18
S01007897,R S T U. Other,5,1,4
S01007897,Never worked,15,6,9
S01007898,All people aged 16 to 74 not in employment,114,52,62
S01007898,A B D E. Agriculture energy and water,12,7,5
S01007898,C. Manufacturing,15,6,9
S01007898,F. Construction,9,8,1
S01007898,G I. Distribution hotels and restaurants,19,10,9
S01007898,H J. Transport and communication,6,2,4
S01007898,K L M N. Financial real estate professional and administrative activities,8,2,6
S01007898,O P Q. Public administration education and health,21,5,16
S01007898,R S T U. Other,4,1,3
S01007898,Never worked,20,11,9
S01007899,All people aged 16 to 74 not in employment,90,47,43
S01007899,A B D E. Agriculture energy and water,14,7,7
S01007899,C. Manufacturing,13,8,5
S01007899,F. Construction,3,3,0
S01007899,G I. Distribution hotels and restaurants,8,5,3
S01007899,H J. Transport and communication,6,2,4
S01007899,K L M N. Financial real estate professional and administrative activities,7,3,4
S01007899,O P Q. Public administration education and health,18,7,11
S01007899,R S T U. Other,7,2,5
S01007899,Never worked,14,10,4
S01007900,All people aged 16 to 74 not in employment,194,77,117
S01007900,A B D E. Agriculture energy and water,11,7,4
S01007900,C. Manufacturing,37,13,24
S01007900,F. Construction,8,7,1
S01007900,G I. Distribution hotels and restaurants,30,14,16
S01007900,H J. Transport and communication,9,2,7
S01007900,K L M N. Financial real estate professional and administrative activities,10,4,6
S01007900,O P Q. Public administration education and health,28,3,25
S01007900,R S T U. Other,7,4,3
S01007900,Never worked,54,23,31
S01007901,All people aged 16 to 74 not in employment,230,104,126
S01007901,A B D E. Agriculture energy and water,20,15,5
S01007901,C. Manufacturing,36,16,20
S01007901,F. Construction,16,16,0
S01007901,G I. Distribution hotels and restaurants,28,12,16
S01007901,H J. Transport and communication,17,4,13
S01007901,K L M N. Financial real estate professional and administrative activities,11,5,6
S01007901,O P Q. Public administration education and health,53,17,36
S01007901,R S T U. Other,6,4,2
S01007901,Never worked,43,15,28
S01007902,All people aged 16 to 74 not in employment,367,177,190
S01007902,A B D E. Agriculture energy and water,37,36,1
S01007902,C. Manufacturing,69,26,43
S01007902,F. Construction,23,23,0
S01007902,G I. Distribution hotels and restaurants,48,23,25
S01007902,H J. Transport and communication,26,7,19
S01007902,K L M N. Financial real estate professional and administrative activities,16,10,6
S01007902,O P Q. Public administration education and health,53,15,38
S01007902,R S T U. Other,17,6,11
S01007902,Never worked,78,31,47
S01007903,All people aged 16 to 74 not in employment,251,111,140
S01007903,A B D E. Agriculture energy and water,17,15,2
S01007903,C. Manufacturing,44,17,27
S01007903,F. Construction,25,25,0
S01007903,G I. Distribution hotels and restaurants,41,18,23
S01007903,H J. Transport and communication,7,3,4
S01007903,K L M N. Financial real estate professional and administrative activities,13,5,8
S01007903,O P Q. Public administration education and health,56,5,51
S01007903,R S T U. Other,15,7,8
S01007903,Never worked,33,16,17
S01007904,All people aged 16 to 74 not in employment,258,117,141
S01007904,A B D E. Agriculture energy and water,17,10,7
S01007904,C. Manufacturing,28,8,20
S01007904,F. Construction,11,10,1
S01007904,G I. Distribution hotels and restaurants,33,10,23
S01007904,H J. Transport and communication,12,5,7
S01007904,K L M N. Financial real estate professional and administrative activities,18,8,10
S01007904,O P Q. Public administration education and health,48,14,34
S01007904,R S T U. Other,12,2,10
S01007904,Never worked,79,50,29
S01007905,All people aged 16 to 74 not in employment,277,121,156
S01007905,A B D E. Agriculture energy and water,25,20,5
S01007905,C. Manufacturing,39,13,26
S01007905,F. Construction,17,16,1
S01007905,G I. Distribution hotels and restaurants,47,10,37
S01007905,H J. Transport and communication,24,8,16
S01007905,K L M N. Financial real estate professional and administrative activities,25,15,10
S01007905,O P Q. Public administration education and health,28,5,23
S01007905,R S T U. Other,10,3,7
S01007905,Never worked,62,31,31
S01007906,All people aged 16 to 74 not in employment,265,109,156
S01007906,A B D E. Agriculture energy and water,47,39,8
S01007906,C. Manufacturing,58,14,44
S01007906,F. Construction,9,9,0
S01007906,G I. Distribution hotels and restaurants,36,12,24
S01007906,H J. Transport and communication,23,5,18
S01007906,K L M N. Financial real estate professional and administrative activities,15,9,6
S01007906,O P Q. Public administration education and health,27,4,23
S01007906,R S T U. Other,8,2,6
S01007906,Never worked,42,15,27
S01007907,All people aged 16 to 74 not in employment,210,97,113
S01007907,A B D E. Agriculture energy and water,25,20,5
S01007907,C. Manufacturing,34,12,22
S01007907,F. Construction,12,11,1
S01007907,G I. Distribution hotels and restaurants,34,13,21
S01007907,H J. Transport and communication,21,7,14
S01007907,K L M N. Financial real estate professional and administrative activities,9,6,3
S01007907,O P Q. Public administration education and health,34,10,24
S01007907,R S T U. Other,5,3,2
S01007907,Never worked,36,15,21
S01007908,All people aged 16 to 74 not in employment,314,141,173
S01007908,A B D E. Agriculture energy and water,44,37,7
S01007908,C. Manufacturing,64,19,45
S01007908,F. Construction,21,21,0
S01007908,G I. Distribution hotels and restaurants,49,16,33
S01007908,H J. Transport and communication,13,2,11
S01007908,K L M N. Financial real estate professional and administrative activities,18,9,9
S01007908,O P Q. Public administration education and health,49,11,38
S01007908,R S T U. Other,13,8,5
S01007908,Never worked,43,18,25
S01007909,All people aged 16 to 74 not in employment,157,64,93
S01007909,A B D E. Agriculture energy and water,12,12,0
S01007909,C. Manufacturing,26,7,19
S01007909,F. Construction,10,9,1
S01007909,G I. Distribution hotels and restaurants,20,8,12
S01007909,H J. Transport and communication,16,2,14
S01007909,K L M N. Financial real estate professional and administrative activities,13,9,4
S01007909,O P Q. Public administration education and health,25,3,22
S01007909,R S T U. Other,6,1,5
S01007909,Never worked,29,13,16
S01007910,All people aged 16 to 74 not in employment,301,133,168
S01007910,A B D E. Agriculture energy and water,18,15,3
S01007910,C. Manufacturing,55,25,30
S01007910,F. Construction,17,17,0
S01007910,G I. Distribution hotels and restaurants,50,18,32
S01007910,H J. Transport and communication,25,6,19
S01007910,K L M N. Financial real estate professional and administrative activities,12,7,5
S01007910,O P Q. Public administration education and health,38,7,31
S01007910,R S T U. Other,8,1,7
S01007910,Never worked,78,37,41
S01007911,All people aged 16 to 74 not in employment,221,99,122
S01007911,A B D E. Agriculture energy and water,16,14,2
S01007911,C. Manufacturing,32,11,21
S01007911,F. Construction,15,12,3
S01007911,G I. Distribution hotels and restaurants,26,9,17
S01007911,H J. Transport and communication,15,5,10
S01007911,K L M N. Financial real estate professional and administrative activities,29,17,12
S01007911,O P Q. Public administration education and health,42,10,32
S01007911,R S T U. Other,9,2,7
S01007911,Never worked,37,19,18
S01007912,All people aged 16 to 74 not in employment,257,123,134
S01007912,A B D E. Agriculture energy and water,29,23,6
S01007912,C. Manufacturing,41,16,25
S01007912,F. Construction,21,19,2
S01007912,G I. Distribution hotels and restaurants,36,21,15
S01007912,H J. Transport and communication,12,5,7
S01007912,K L M N. Financial real estate professional and administrative activities,15,7,8
S01007912,O P Q. Public administration education and health,50,12,38
S01007912,R S T U. Other,12,2,10
S01007912,Never worked,41,18,23
S01007913,All people aged 16 to 74 not in employment,212,106,106
S01007913,A B D E. Agriculture energy and water,12,11,1
S01007913,C. Manufacturing,26,12,14
S01007913,F. Construction,12,12,0
S01007913,G I. Distribution hotels and restaurants,44,25,19
S01007913,H J. Transport and communication,11,7,4
S01007913,K L M N. Financial real estate professional and administrative activities,11,7,4
S01007913,O P Q. Public administration education and health,36,5,31
S01007913,R S T U. Other,11,5,6
S01007913,Never worked,49,22,27
S01007914,All people aged 16 to 74 not in employment,237,99,138
S01007914,A B D E. Agriculture energy and water,12,8,4
S01007914,C. Manufacturing,35,16,19
S01007914,F. Construction,7,7,0
S01007914,G I. Distribution hotels and restaurants,49,16,33
S01007914,H J. Transport and communication,18,7,11
S01007914,K L M N. Financial real estate professional and administrative activities,12,7,5
S01007914,O P Q. Public administration education and health,44,16,28
S01007914,R S T U. Other,12,2,10
S01007914,Never worked,48,20,28
S01007915,All people aged 16 to 74 not in employment,257,123,134
S01007915,A B D E. Agriculture energy and water,10,6,4
S01007915,C. Manufacturing,52,26,26
S01007915,F. Construction,16,16,0
S01007915,G I. Distribution hotels and restaurants,42,18,24
S01007915,H J. Transport and communication,18,6,12
S01007915,K L M N. Financial real estate professional and administrative activities,21,12,9
S01007915,O P Q. Public administration education and health,45,14,31
S01007915,R S T U. Other,12,2,10
S01007915,Never worked,41,23,18
S01007916,All people aged 16 to 74 not in employment,282,130,152
S01007916,A B D E. Agriculture energy and water,18,14,4
S01007916,C. Manufacturing,42,13,29
S01007916,F. Construction,27,27,0
S01007916,G I. Distribution hotels and restaurants,40,24,16
S01007916,H J. Transport and communication,19,3,16
S01007916,K L M N. Financial real estate professional and administrative activities,17,5,12
S01007916,O P Q. Public administration education and health,59,19,40
S01007916,R S T U. Other,8,0,8
S01007916,Never worked,52,25,27
S01007917,All people aged 16 to 74 not in employment,279,132,147
S01007917,A B D E. Agriculture energy and water,15,12,3
S01007917,C. Manufacturing,48,23,25
S01007917,F. Construction,27,24,3
S01007917,G I. Distribution hotels and restaurants,43,19,24
S01007917,H J. Transport and communication,16,9,7
S01007917,K L M N. Financial real estate professional and administrative activities,23,11,12
S01007917,O P Q. Public administration education and health,54,14,40
S01007917,R S T U. Other,5,2,3
S01007917,Never worked,48,18,30
S01007918,All people aged 16 to 74 not in employment,279,151,128
S01007918,A B D E. Agriculture energy and water,10,10,0
S01007918,C. Manufacturing,37,17,20
S01007918,F. Construction,29,29,0
S01007918,G I. Distribution hotels and restaurants,35,17,18
S01007918,H J. Transport and communication,21,14,7
S01007918,K L M N. Financial real estate professional and administrative activities,23,11,12
S01007918,O P Q. Public administration education and health,53,18,35
S01007918,R S T U. Other,14,6,8
S01007918,Never worked,57,29,28
S01007919,All people aged 16 to 74 not in employment,204,84,120
S01007919,A B D E. Agriculture energy and water,10,6,4
S01007919,C. Manufacturing,22,12,10
S01007919,F. Construction,14,10,4
S01007919,G I. Distribution hotels and restaurants,26,11,15
S01007919,H J. Transport and communication,11,6,5
S01007919,K L M N. Financial real estate professional and administrative activities,11,4,7
S01007919,O P Q. Public administration education and health,71,23,48
S01007919,R S T U. Other,9,2,7
S01007919,Never worked,30,10,20
S01007920,All people aged 16 to 74 not in employment,149,61,88
S01007920,A B D E. Agriculture energy and water,6,3,3
S01007920,C. Manufacturing,13,8,5
S01007920,F. Construction,7,6,1
S01007920,G I. Distribution hotels and restaurants,23,11,12
S01007920,H J. Transport and communication,6,1,5
S01007920,K L M N. Financial real estate professional and administrative activities,13,4,9
S01007920,O P Q. Public administration education and health,51,15,36
S01007920,R S T U. Other,9,2,7
S01007920,Never worked,21,11,10
S01007921,All people aged 16 to 74 not in employment,332,164,168
S01007921,A B D E. Agriculture energy and water,21,18,3
S01007921,C. Manufacturing,53,22,31
S01007921,F. Construction,21,21,0
S01007921,G I. Distribution hotels and restaurants,47,24,23
S01007921,H J. Transport and communication,27,10,17
S01007921,K L M N. Financial real estate professional and administrative activities,23,13,10
S01007921,O P Q. Public administration education and health,62,21,41
S01007921,R S T U. Other,13,5,8
S01007921,Never worked,65,30,35
S01007922,All people aged 16 to 74 not in employment,326,140,186
S01007922,A B D E. Agriculture energy and water,28,23,5
S01007922,C. Manufacturing,54,24,30
S01007922,F. Construction,21,21,0
S01007922,G I. Distribution hotels and restaurants,30,15,15
S01007922,H J. Transport and communication,20,1,19
S01007922,K L M N. Financial real estate professional and administrative activities,29,13,16
S01007922,O P Q. Public administration education and health,58,7,51
S01007922,R S T U. Other,15,5,10
S01007922,Never worked,71,31,40
S01007923,All people aged 16 to 74 not in employment,239,106,133
S01007923,A B D E. Agriculture energy and water,16,14,2
S01007923,C. Manufacturing,24,16,8
S01007923,F. Construction,17,15,2
S01007923,G I. Distribution hotels and restaurants,41,18,23
S01007923,H J. Transport and communication,12,1,11
S01007923,K L M N. Financial real estate professional and administrative activities,21,9,12
S01007923,O P Q. Public administration education and health,54,13,41
S01007923,R S T U. Other,12,4,8
S01007923,Never worked,42,16,26
S01007924,All people aged 16 to 74 not in employment,356,167,189
S01007924,A B D E. Agriculture energy and water,31,25,6
S01007924,C. Manufacturing,48,19,29
S01007924,F. Construction,34,32,2
S01007924,G I. Distribution hotels and restaurants,56,20,36
S01007924,H J. Transport and communication,25,4,21
S01007924,K L M N. Financial real estate professional and administrative activities,25,16,9
S01007924,O P Q. Public administration education and health,62,16,46
S01007924,R S T U. Other,11,5,6
S01007924,Never worked,64,30,34
S01007925,All people aged 16 to 74 not in employment,114,45,69
S01007925,A B D E. Agriculture energy and water,9,5,4
S01007925,C. Manufacturing,8,1,7
S01007925,F. Construction,6,5,1
S01007925,G I. Distribution hotels and restaurants,21,9,12
S01007925,H J. Transport and communication,10,1,9
S01007925,K L M N. Financial real estate professional and administrative activities,10,7,3
S01007925,O P Q. Public administration education and health,37,9,28
S01007925,R S T U. Other,2,0,2
S01007925,Never worked,11,8,3
S01007926,All people aged 16 to 74 not in employment,98,46,52
S01007926,A B D E. Agriculture energy and water,7,5,2
S01007926,C. Manufacturing,16,10,6
S01007926,F. Construction,5,4,1
S01007926,G I. Distribution hotels and restaurants,19,7,12
S01007926,H J. Transport and communication,3,1,2
S01007926,K L M N. Financial real estate professional and administrative activities,7,2,5
S01007926,O P Q. Public administration education and health,19,5,14
S01007926,R S T U. Other,3,1,2
S01007926,Never worked,19,11,8
S01007927,All people aged 16 to 74 not in employment,136,64,72
S01007927,A B D E. Agriculture energy and water,11,8,3
S01007927,C. Manufacturing,10,4,6
S01007927,F. Construction,9,8,1
S01007927,G I. Distribution hotels and restaurants,29,17,12
S01007927,H J. Transport and communication,11,3,8
S01007927,K L M N. Financial real estate professional and administrative activities,10,7,3
S01007927,O P Q. Public administration education and health,24,3,21
S01007927,R S T U. Other,9,2,7
S01007927,Never worked,23,12,11
S01007928,All people aged 16 to 74 not in employment,266,110,156
S01007928,A B D E. Agriculture energy and water,13,8,5
S01007928,C. Manufacturing,29,15,14
S01007928,F. Construction,14,12,2
S01007928,G I. Distribution hotels and restaurants,45,15,30
S01007928,H J. Transport and communication,21,9,12
S01007928,K L M N. Financial real estate professional and administrative activities,28,12,16
S01007928,O P Q. Public administration education and health,59,15,44
S01007928,R S T U. Other,10,6,4
S01007928,Never worked,47,18,29
S01007929,All people aged 16 to 74 not in employment,151,66,85
S01007929,A B D E. Agriculture energy and water,7,2,5
S01007929,C. Manufacturing,15,9,6
S01007929,F. Construction,11,11,0
S01007929,G I. Distribution hotels and restaurants,29,13,16
S01007929,H J. Transport and communication,4,0,4
S01007929,K L M N. Financial real estate professional and administrative activities,22,10,12
S01007929,O P Q. Public administration education and health,33,8,25
S01007929,R S T U. Other,6,3,3
S01007929,Never worked,24,10,14
S01007930,All people aged 16 to 74 not in employment,110,44,66
S01007930,A B D E. Agriculture energy and water,11,5,6
S01007930,C. Manufacturing,11,7,4
S01007930,F. Construction,8,6,2
S01007930,G I. Distribution hotels and restaurants,14,5,9
S01007930,H J. Transport and communication,8,1,7
S01007930,K L M N. Financial real estate professional and administrative activities,14,5,9
S01007930,O P Q. Public administration education and health,25,6,19
S01007930,R S T U. Other,6,3,3
S01007930,Never worked,13,6,7
S01007931,All people aged 16 to 74 not in employment,312,129,183
S01007931,A B D E. Agriculture energy and water,18,9,9
S01007931,C. Manufacturing,39,13,26
S01007931,F. Construction,31,25,6
S01007931,G I. Distribution hotels and restaurants,37,17,20
S01007931,H J. Transport and communication,19,8,11
S01007931,K L M N. Financial real estate professional and administrative activities,41,19,22
S01007931,O P Q. Public administration education and health,70,14,56
S01007931,R S T U. Other,15,5,10
S01007931,Never worked,42,19,23
S01007932,All people aged 16 to 74 not in employment,265,111,154
S01007932,A B D E. Agriculture energy and water,8,6,2
S01007932,C. Manufacturing,34,24,10
S01007932,F. Construction,9,7,2
S01007932,G I. Distribution hotels and restaurants,41,22,19
S01007932,H J. Transport and communication,10,3,7
S01007932,K L M N. Financial real estate professional and administrative activities,31,13,18
S01007932,O P Q. Public administration education and health,83,17,66
S01007932,R S T U. Other,7,0,7
S01007932,Never worked,42,19,23
S01007933,All people aged 16 to 74 not in employment,219,80,139
S01007933,A B D E. Agriculture energy and water,4,2,2
S01007933,C. Manufacturing,29,12,17
S01007933,F. Construction,12,12,0
S01007933,G I. Distribution hotels and restaurants,42,14,28
S01007933,H J. Transport and communication,17,5,12
S01007933,K L M N. Financial real estate professional and administrative activities,20,1,19
S01007933,O P Q. Public administration education and health,37,10,27
S01007933,R S T U. Other,11,4,7
S01007933,Never worked,47,20,27
S01007934,All people aged 16 to 74 not in employment,180,71,109
S01007934,A B D E. Agriculture energy and water,4,4,0
S01007934,C. Manufacturing,24,10,14
S01007934,F. Construction,8,8,0
S01007934,G I. Distribution hotels and restaurants,29,9,20
S01007934,H J. Transport and communication,13,5,8
S01007934,K L M N. Financial real estate professional and administrative activities,19,9,10
S01007934,O P Q. Public administration education and health,36,5,31
S01007934,R S T U. Other,3,0,3
S01007934,Never worked,44,21,23
S01007935,All people aged 16 to 74 not in employment,225,91,134
S01007935,A B D E. Agriculture energy and water,4,4,0
S01007935,C. Manufacturing,25,16,9
S01007935,F. Construction,16,14,2
S01007935,G I. Distribution hotels and restaurants,37,11,26
S01007935,H J. Transport and communication,25,7,18
S01007935,K L M N. Financial real estate professional and administrative activities,23,8,15
S01007935,O P Q. Public administration education and health,46,17,29
S01007935,R S T U. Other,15,2,13
S01007935,Never worked,34,12,22
S01007936,All people aged 16 to 74 not in employment,196,71,125
S01007936,A B D E. Agriculture energy and water,7,4,3
S01007936,C. Manufacturing,24,10,14
S01007936,F. Construction,10,7,3
S01007936,G I. Distribution hotels and restaurants,35,12,23
S01007936,H J. Transport and communication,12,5,7
S01007936,K L M N. Financial real estate professional and administrative activities,17,6,11
S01007936,O P Q. Public administration education and health,53,10,43
S01007936,R S T U. Other,2,0,2
S01007936,Never worked,36,17,19
S01007937,All people aged 16 to 74 not in employment,246,108,138
S01007937,A B D E. Agriculture energy and water,1,0,1
S01007937,C. Manufacturing,26,16,10
S01007937,F. Construction,21,21,0
S01007937,G I. Distribution hotels and restaurants,48,22,26
S01007937,H J. Transport and communication,11,3,8
S01007937,K L M N. Financial real estate professional and administrative activities,30,11,19
S01007937,O P Q. Public administration education and health,64,15,49
S01007937,R S T U. Other,4,0,4
S01007937,Never worked,41,20,21
S01007938,All people aged 16 to 74 not in employment,251,105,146
S01007938,A B D E. Agriculture energy and water,14,7,7
S01007938,C. Manufacturing,49,21,28
S01007938,F. Construction,21,20,1
S01007938,G I. Distribution hotels and restaurants,39,18,21
S01007938,H J. Transport and communication,13,3,10
S01007938,K L M N. Financial real estate professional and administrative activities,19,10,9
S01007938,O P Q. Public administration education and health,51,7,44
S01007938,R S T U. Other,12,4,8
S01007938,Never worked,33,15,18
S01007939,All people aged 16 to 74 not in employment,272,111,161
S01007939,A B D E. Agriculture energy and water,11,6,5
S01007939,C. Manufacturing,34,16,18
S01007939,F. Construction,25,22,3
S01007939,G I. Distribution hotels and restaurants,49,16,33
S01007939,H J. Transport and communication,25,7,18
S01007939,K L M N. Financial real estate professional and administrative activities,18,14,4
S01007939,O P Q. Public administration education and health,45,3,42
S01007939,R S T U. Other,7,2,5
S01007939,Never worked,58,25,33
S01007940,All people aged 16 to 74 not in employment,303,146,157
S01007940,A B D E. Agriculture energy and water,12,10,2
S01007940,C. Manufacturing,80,36,44
S01007940,F. Construction,20,19,1
S01007940,G I. Distribution hotels and restaurants,51,29,22
S01007940,H J. Transport and communication,19,9,10
S01007940,K L M N. Financial real estate professional and administrative activities,17,10,7
S01007940,O P Q. Public administration education and health,57,16,41
S01007940,R S T U. Other,9,2,7
S01007940,Never worked,38,15,23
S01007941,All people aged 16 to 74 not in employment,165,68,97
S01007941,A B D E. Agriculture energy and water,3,2,1
S01007941,C. Manufacturing,44,21,23
S01007941,F. Construction,7,7,0
S01007941,G I. Distribution hotels and restaurants,35,11,24
S01007941,H J. Transport and communication,5,2,3
S01007941,K L M N. Financial real estate professional and administrative activities,6,5,1
S01007941,O P Q. Public administration education and health,32,5,27
S01007941,R S T U. Other,7,2,5
S01007941,Never worked,26,13,13
S01007942,All people aged 16 to 74 not in employment,111,51,60
S01007942,A B D E. Agriculture energy and water,3,2,1
S01007942,C. Manufacturing,16,7,9
S01007942,F. Construction,8,6,2
S01007942,G I. Distribution hotels and restaurants,20,11,9
S01007942,H J. Transport and communication,10,6,4
S01007942,K L M N. Financial real estate professional and administrative activities,8,2,6
S01007942,O P Q. Public administration education and health,19,4,15
S01007942,R S T U. Other,5,2,3
S01007942,Never worked,22,11,11
S01007943,All people aged 16 to 74 not in employment,201,88,113
S01007943,A B D E. Agriculture energy and water,3,2,1
S01007943,C. Manufacturing,56,24,32
S01007943,F. Construction,17,16,1
S01007943,G I. Distribution hotels and restaurants,29,15,14
S01007943,H J. Transport and communication,14,3,11
S01007943,K L M N. Financial real estate professional and administrative activities,10,1,9
S01007943,O P Q. Public administration education and health,43,13,30
S01007943,R S T U. Other,14,6,8
S01007943,Never worked,15,8,7
S01007944,All people aged 16 to 74 not in employment,284,119,165
S01007944,A B D E. Agriculture energy and water,7,6,1
S01007944,C. Manufacturing,76,34,42
S01007944,F. Construction,21,17,4
S01007944,G I. Distribution hotels and restaurants,34,13,21
S01007944,H J. Transport and communication,19,7,12
S01007944,K L M N. Financial real estate professional and administrative activities,27,8,19
S01007944,O P Q. Public administration education and health,55,15,40
S01007944,R S T U. Other,5,1,4
S01007944,Never worked,40,18,22
S01007945,All people aged 16 to 74 not in employment,289,137,152
S01007945,A B D E. Agriculture energy and water,9,7,2
S01007945,C. Manufacturing,65,37,28
S01007945,F. Construction,28,24,4
S01007945,G I. Distribution hotels and restaurants,39,17,22
S01007945,H J. Transport and communication,19,4,15
S01007945,K L M N. Financial real estate professional and administrative activities,28,17,11
S01007945,O P Q. Public administration education and health,48,12,36
S01007945,R S T U. Other,9,4,5
S01007945,Never worked,44,15,29
S01007946,All people aged 16 to 74 not in employment,265,133,132
S01007946,A B D E. Agriculture energy and water,5,4,1
S01007946,C. Manufacturing,78,50,28
S01007946,F. Construction,25,23,2
S01007946,G I. Distribution hotels and restaurants,32,9,23
S01007946,H J. Transport and communication,14,5,9
S01007946,K L M N. Financial real estate professional and administrative activities,16,10,6
S01007946,O P Q. Public administration education and health,34,10,24
S01007946,R S T U. Other,14,6,8
S01007946,Never worked,47,16,31
S01007947,All people aged 16 to 74 not in employment,241,108,133
S01007947,A B D E. Agriculture energy and water,9,3,6
S01007947,C. Manufacturing,46,22,24
S01007947,F. Construction,23,22,1
S01007947,G I. Distribution hotels and restaurants,33,21,12
S01007947,H J. Transport and communication,16,7,9
S01007947,K L M N. Financial real estate professional and administrative activities,13,5,8
S01007947,O P Q. Public administration education and health,49,7,42
S01007947,R S T U. Other,9,3,6
S01007947,Never worked,43,18,25
S01007948,All people aged 16 to 74 not in employment,261,113,148
S01007948,A B D E. Agriculture energy and water,8,5,3
S01007948,C. Manufacturing,56,30,26
S01007948,F. Construction,16,14,2
S01007948,G I. Distribution hotels and restaurants,39,11,28
S01007948,H J. Transport and communication,22,5,17
S01007948,K L M N. Financial real estate professional and administrative activities,18,9,9
S01007948,O P Q. Public administration education and health,36,11,25
S01007948,R S T U. Other,12,1,11
S01007948,Never worked,54,27,27
S01007949,All people aged 16 to 74 not in employment,239,105,134
S01007949,A B D E. Agriculture energy and water,4,3,1
S01007949,C. Manufacturing,49,28,21
S01007949,F. Construction,18,16,2
S01007949,G I. Distribution hotels and restaurants,48,20,28
S01007949,H J. Transport and communication,12,3,9
S01007949,K L M N. Financial real estate professional and administrative activities,20,8,12
S01007949,O P Q. Public administration education and health,59,14,45
S01007949,R S T U. Other,5,4,1
S01007949,Never worked,24,9,15
S01007950,All people aged 16 to 74 not in employment,239,88,151
S01007950,A B D E. Agriculture energy and water,8,5,3
S01007950,C. Manufacturing,34,18,16
S01007950,F. Construction,14,12,2
S01007950,G I. Distribution hotels and restaurants,42,18,24
S01007950,H J. Transport and communication,15,4,11
S01007950,K L M N. Financial real estate professional and administrative activities,22,7,15
S01007950,O P Q. Public administration education and health,61,9,52
S01007950,R S T U. Other,11,5,6
S01007950,Never worked,32,10,22
S01007951,All people aged 16 to 74 not in employment,198,82,116
S01007951,A B D E. Agriculture energy and water,4,4,0
S01007951,C. Manufacturing,35,17,18
S01007951,F. Construction,12,12,0
S01007951,G I. Distribution hotels and restaurants,37,16,21
S01007951,H J. Transport and communication,6,1,5
S01007951,K L M N. Financial real estate professional and administrative activities,15,6,9
S01007951,O P Q. Public administration education and health,41,7,34
S01007951,R S T U. Other,14,4,10
S01007951,Never worked,34,15,19
S01007952,All people aged 16 to 74 not in employment,215,104,111
S01007952,A B D E. Agriculture energy and water,1,1,0
S01007952,C. Manufacturing,39,13,26
S01007952,F. Construction,30,29,1
S01007952,G I. Distribution hotels and restaurants,32,12,20
S01007952,H J. Transport and communication,12,4,8
S01007952,K L M N. Financial real estate professional and administrative activities,22,14,8
S01007952,O P Q. Public administration education and health,37,10,27
S01007952,R S T U. Other,7,4,3
S01007952,Never worked,35,17,18
S01007953,All people aged 16 to 74 not in employment,276,106,170
S01007953,A B D E. Agriculture energy and water,7,6,1
S01007953,C. Manufacturing,53,20,33
S01007953,F. Construction,28,23,5
S01007953,G I. Distribution hotels and restaurants,48,14,34
S01007953,H J. Transport and communication,15,4,11
S01007953,K L M N. Financial real estate professional and administrative activities,24,9,15
S01007953,O P Q. Public administration education and health,43,12,31
S01007953,R S T U. Other,10,2,8
S01007953,Never worked,48,16,32
S01007954,All people aged 16 to 74 not in employment,273,130,143
S01007954,A B D E. Agriculture energy and water,6,4,2
S01007954,C. Manufacturing,49,20,29
S01007954,F. Construction,27,24,3
S01007954,G I. Distribution hotels and restaurants,43,23,20
S01007954,H J. Transport and communication,17,7,10
S01007954,K L M N. Financial real estate professional and administrative activities,26,15,11
S01007954,O P Q. Public administration education and health,39,9,30
S01007954,R S T U. Other,11,3,8
S01007954,Never worked,55,25,30
S01007955,All people aged 16 to 74 not in employment,236,96,140
S01007955,A B D E. Agriculture energy and water,4,3,1
S01007955,C. Manufacturing,35,20,15
S01007955,F. Construction,16,15,1
S01007955,G I. Distribution hotels and restaurants,40,11,29
S01007955,H J. Transport and communication,17,4,13
S01007955,K L M N. Financial real estate professional and administrative activities,21,12,9
S01007955,O P Q. Public administration education and health,43,6,37
S01007955,R S T U. Other,11,6,5
S01007955,Never worked,49,19,30
S01007956,All people aged 16 to 74 not in employment,214,98,116
S01007956,A B D E. Agriculture energy and water,6,4,2
S01007956,C. Manufacturing,52,32,20
S01007956,F. Construction,12,12,0
S01007956,G I. Distribution hotels and restaurants,33,10,23
S01007956,H J. Transport and communication,16,3,13
S01007956,K L M N. Financial real estate professional and administrative activities,11,5,6
S01007956,O P Q. Public administration education and health,28,5,23
S01007956,R S T U. Other,9,3,6
S01007956,Never worked,47,24,23
S01007957,All people aged 16 to 74 not in employment,305,140,165
S01007957,A B D E. Agriculture energy and water,6,5,1
S01007957,C. Manufacturing,58,27,31
S01007957,F. Construction,17,16,1
S01007957,G I. Distribution hotels and restaurants,57,33,24
S01007957,H J. Transport and communication,20,4,16
S01007957,K L M N. Financial real estate professional and administrative activities,25,12,13
S01007957,O P Q. Public administration education and health,51,10,41
S01007957,R S T U. Other,14,4,10
S01007957,Never worked,57,29,28
S01007958,All people aged 16 to 74 not in employment,288,131,157
S01007958,A B D E. Agriculture energy and water,8,6,2
S01007958,C. Manufacturing,41,21,20
S01007958,F. Construction,30,27,3
S01007958,G I. Distribution hotels and restaurants,44,19,25
S01007958,H J. Transport and communication,19,6,13
S01007958,K L M N. Financial real estate professional and administrative activities,30,14,16
S01007958,O P Q. Public administration education and health,47,12,35
S01007958,R S T U. Other,10,1,9
S01007958,Never worked,59,25,34
S01007959,All people aged 16 to 74 not in employment,206,99,107
S01007959,A B D E. Agriculture energy and water,10,8,2
S01007959,C. Manufacturing,31,19,12
S01007959,F. Construction,14,14,0
S01007959,G I. Distribution hotels and restaurants,28,16,12
S01007959,H J. Transport and communication,19,5,14
S01007959,K L M N. Financial real estate professional and administrative activities,19,7,12
S01007959,O P Q. Public administration education and health,58,17,41
S01007959,R S T U. Other,9,4,5
S01007959,Never worked,18,9,9
S01007960,All people aged 16 to 74 not in employment,206,86,120
S01007960,A B D E. Agriculture energy and water,9,6,3
S01007960,C. Manufacturing,34,19,15
S01007960,F. Construction,11,10,1
S01007960,G I. Distribution hotels and restaurants,39,17,22
S01007960,H J. Transport and communication,20,2,18
S01007960,K L M N. Financial real estate professional and administrative activities,17,8,9
S01007960,O P Q. Public administration education and health,36,7,29
S01007960,R S T U. Other,9,4,5
S01007960,Never worked,31,13,18
S01007961,All people aged 16 to 74 not in employment,614,498,116
S01007961,A B D E. Agriculture energy and water,35,28,7
S01007961,C. Manufacturing,45,37,8
S01007961,F. Construction,107,105,2
S01007961,G I. Distribution hotels and restaurants,98,76,22
S01007961,H J. Transport and communication,54,44,10
S01007961,K L M N. Financial real estate professional and administrative activities,35,28,7
S01007961,O P Q. Public administration education and health,64,29,35
S01007961,R S T U. Other,18,17,1
S01007961,Never worked,158,134,24
S01007962,All people aged 16 to 74 not in employment,173,64,109
S01007962,A B D E. Agriculture energy and water,4,1,3
S01007962,C. Manufacturing,28,13,15
S01007962,F. Construction,12,11,1
S01007962,G I. Distribution hotels and restaurants,33,13,20
S01007962,H J. Transport and communication,17,4,13
S01007962,K L M N. Financial real estate professional and administrative activities,16,8,8
S01007962,O P Q. Public administration education and health,23,5,18
S01007962,R S T U. Other,3,0,3
S01007962,Never worked,37,9,28
S01007963,All people aged 16 to 74 not in employment,419,173,246
S01007963,A B D E. Agriculture energy and water,17,15,2
S01007963,C. Manufacturing,49,13,36
S01007963,F. Construction,40,38,2
S01007963,G I. Distribution hotels and restaurants,66,30,36
S01007963,H J. Transport and communication,44,9,35
S01007963,K L M N. Financial real estate professional and administrative activities,34,17,17
S01007963,O P Q. Public administration education and health,58,7,51
S01007963,R S T U. Other,11,3,8
S01007963,Never worked,100,41,59
S01007964,All people aged 16 to 74 not in employment,270,123,147
S01007964,A B D E. Agriculture energy and water,5,3,2
S01007964,C. Manufacturing,44,21,23
S01007964,F. Construction,20,19,1
S01007964,G I. Distribution hotels and restaurants,59,29,30
S01007964,H J. Transport and communication,21,4,17
S01007964,K L M N. Financial real estate professional and administrative activities,21,11,10
S01007964,O P Q. Public administration education and health,43,7,36
S01007964,R S T U. Other,11,5,6
S01007964,Never worked,46,24,22
S01007965,All people aged 16 to 74 not in employment,177,77,100
S01007965,A B D E. Agriculture energy and water,3,3,0
S01007965,C. Manufacturing,31,20,11
S01007965,F. Construction,16,13,3
S01007965,G I. Distribution hotels and restaurants,38,15,23
S01007965,H J. Transport and communication,8,2,6
S01007965,K L M N. Financial real estate professional and administrative activities,9,5,4
S01007965,O P Q. Public administration education and health,24,3,21
S01007965,R S T U. Other,5,1,4
S01007965,Never worked,43,15,28
S01007966,All people aged 16 to 74 not in employment,333,124,209
S01007966,A B D E. Agriculture energy and water,8,5,3
S01007966,C. Manufacturing,41,18,23
S01007966,F. Construction,23,22,1
S01007966,G I. Distribution hotels and restaurants,60,22,38
S01007966,H J. Transport and communication,24,5,19
S01007966,K L M N. Financial real estate professional and administrative activities,28,11,17
S01007966,O P Q. Public administration education and health,61,9,52
S01007966,R S T U. Other,14,3,11
S01007966,Never worked,74,29,45
S01007967,All people aged 16 to 74 not in employment,207,94,113
S01007967,A B D E. Agriculture energy and water,7,4,3
S01007967,C. Manufacturing,26,11,15
S01007967,F. Construction,12,11,1
S01007967,G I. Distribution hotels and restaurants,38,22,16
S01007967,H J. Transport and communication,14,5,9
S01007967,K L M N. Financial real estate professional and administrative activities,16,7,9
S01007967,O P Q. Public administration education and health,25,5,20
S01007967,R S T U. Other,8,3,5
S01007967,Never worked,61,26,35
S01007968,All people aged 16 to 74 not in employment,241,97,144
S01007968,A B D E. Agriculture energy and water,4,1,3
S01007968,C. Manufacturing,38,18,20
S01007968,F. Construction,15,13,2
S01007968,G I. Distribution hotels and restaurants,52,20,32
S01007968,H J. Transport and communication,14,4,10
S01007968,K L M N. Financial real estate professional and administrative activities,24,9,15
S01007968,O P Q. Public administration education and health,51,10,41
S01007968,R S T U. Other,6,3,3
S01007968,Never worked,37,19,18
S01007969,All people aged 16 to 74 not in employment,227,102,125
S01007969,A B D E. Agriculture energy and water,2,1,1
S01007969,C. Manufacturing,35,19,16
S01007969,F. Construction,15,14,1
S01007969,G I. Distribution hotels and restaurants,47,19,28
S01007969,H J. Transport and communication,18,6,12
S01007969,K L M N. Financial real estate professional and administrative activities,16,7,9
S01007969,O P Q. Public administration education and health,52,13,39
S01007969,R S T U. Other,6,2,4
S01007969,Never worked,36,21,15
S01007970,All people aged 16 to 74 not in employment,228,92,136
S01007970,A B D E. Agriculture energy and water,8,4,4
S01007970,C. Manufacturing,32,19,13
S01007970,F. Construction,17,15,2
S01007970,G I. Distribution hotels and restaurants,45,16,29
S01007970,H J. Transport and communication,20,6,14
S01007970,K L M N. Financial real estate professional and administrative activities,21,10,11
S01007970,O P Q. Public administration education and health,42,6,36
S01007970,R S T U. Other,11,5,6
S01007970,Never worked,32,11,21
S01007971,All people aged 16 to 74 not in employment,274,119,155
S01007971,A B D E. Agriculture energy and water,2,0,2
S01007971,C. Manufacturing,47,26,21
S01007971,F. Construction,22,20,2
S01007971,G I. Distribution hotels and restaurants,47,22,25
S01007971,H J. Transport and communication,23,7,16
S01007971,K L M N. Financial real estate professional and administrative activities,17,6,11
S01007971,O P Q. Public administration education and health,44,8,36
S01007971,R S T U. Other,17,6,11
S01007971,Never worked,55,24,31
S01007972,All people aged 16 to 74 not in employment,203,97,106
S01007972,A B D E. Agriculture energy and water,4,3,1
S01007972,C. Manufacturing,44,25,19
S01007972,F. Construction,14,14,0
S01007972,G I. Distribution hotels and restaurants,35,12,23
S01007972,H J. Transport and communication,11,3,8
S01007972,K L M N. Financial real estate professional and administrative activities,19,9,10
S01007972,O P Q. Public administration education and health,34,7,27
S01007972,R S T U. Other,9,4,5
S01007972,Never worked,33,20,13
S01007973,All people aged 16 to 74 not in employment,209,95,114
S01007973,A B D E. Agriculture energy and water,3,1,2
S01007973,C. Manufacturing,43,28,15
S01007973,F. Construction,8,6,2
S01007973,G I. Distribution hotels and restaurants,42,16,26
S01007973,H J. Transport and communication,12,6,6
S01007973,K L M N. Financial real estate professional and administrative activities,16,5,11
S01007973,O P Q. Public administration education and health,60,18,42
S01007973,R S T U. Other,6,3,3
S01007973,Never worked,19,12,7
S01007974,All people aged 16 to 74 not in employment,278,126,152
S01007974,A B D E. Agriculture energy and water,5,3,2
S01007974,C. Manufacturing,45,28,17
S01007974,F. Construction,21,21,0
S01007974,G I. Distribution hotels and restaurants,60,30,30
S01007974,H J. Transport and communication,21,6,15
S01007974,K L M N. Financial real estate professional and administrative activities,23,7,16
S01007974,O P Q. Public administration education and health,45,10,35
S01007974,R S T U. Other,9,1,8
S01007974,Never worked,49,20,29
S01007975,All people aged 16 to 74 not in employment,191,97,94
S01007975,A B D E. Agriculture energy and water,4,4,0
S01007975,C. Manufacturing,27,18,9
S01007975,F. Construction,18,17,1
S01007975,G I. Distribution hotels and restaurants,35,15,20
S01007975,H J. Transport and communication,18,9,9
S01007975,K L M N. Financial real estate professional and administrative activities,22,10,12
S01007975,O P Q. Public administration education and health,25,5,20
S01007975,R S T U. Other,13,3,10
S01007975,Never worked,29,16,13
S01007976,All people aged 16 to 74 not in employment,235,104,131
S01007976,A B D E. Agriculture energy and water,8,6,2
S01007976,C. Manufacturing,49,26,23
S01007976,F. Construction,24,23,1
S01007976,G I. Distribution hotels and restaurants,34,12,22
S01007976,H J. Transport and communication,20,7,13
S01007976,K L M N. Financial real estate professional and administrative activities,20,8,12
S01007976,O P Q. Public administration education and health,47,6,41
S01007976,R S T U. Other,10,6,4
S01007976,Never worked,23,10,13
S01007977,All people aged 16 to 74 not in employment,144,60,84
S01007977,A B D E. Agriculture energy and water,5,4,1
S01007977,C. Manufacturing,20,11,9
S01007977,F. Construction,8,6,2
S01007977,G I. Distribution hotels and restaurants,30,4,26
S01007977,H J. Transport and communication,6,3,3
S01007977,K L M N. Financial real estate professional and administrative activities,10,5,5
S01007977,O P Q. Public administration education and health,33,11,22
S01007977,R S T U. Other,4,1,3
S01007977,Never worked,28,15,13
S01007978,All people aged 16 to 74 not in employment,148,74,74
S01007978,A B D E. Agriculture energy and water,4,4,0
S01007978,C. Manufacturing,23,14,9
S01007978,F. Construction,23,21,2
S01007978,G I. Distribution hotels and restaurants,19,9,10
S01007978,H J. Transport and communication,9,3,6
S01007978,K L M N. Financial real estate professional and administrative activities,16,8,8
S01007978,O P Q. Public administration education and health,29,3,26
S01007978,R S T U. Other,3,1,2
S01007978,Never worked,22,11,11
S01007979,All people aged 16 to 74 not in employment,200,88,112
S01007979,A B D E. Agriculture energy and water,3,2,1
S01007979,C. Manufacturing,26,14,12
S01007979,F. Construction,6,5,1
S01007979,G I. Distribution hotels and restaurants,33,15,18
S01007979,H J. Transport and communication,15,5,10
S01007979,K L M N. Financial real estate professional and administrative activities,18,7,11
S01007979,O P Q. Public administration education and health,65,24,41
S01007979,R S T U. Other,6,2,4
S01007979,Never worked,28,14,14
S01007980,All people aged 16 to 74 not in employment,189,89,100
S01007980,A B D E. Agriculture energy and water,4,2,2
S01007980,C. Manufacturing,39,21,18
S01007980,F. Construction,15,12,3
S01007980,G I. Distribution hotels and restaurants,27,12,15
S01007980,H J. Transport and communication,6,4,2
S01007980,K L M N. Financial real estate professional and administrative activities,17,9,8
S01007980,O P Q. Public administration education and health,47,11,36
S01007980,R S T U. Other,4,2,2
S01007980,Never worked,30,16,14
S01007981,All people aged 16 to 74 not in employment,174,71,103
S01007981,A B D E. Agriculture energy and water,7,4,3
S01007981,C. Manufacturing,27,15,12
S01007981,F. Construction,15,13,2
S01007981,G I. Distribution hotels and restaurants,31,11,20
S01007981,H J. Transport and communication,10,4,6
S01007981,K L M N. Financial real estate professional and administrative activities,22,10,12
S01007981,O P Q. Public administration education and health,45,9,36
S01007981,R S T U. Other,3,1,2
S01007981,Never worked,14,4,10
S01007982,All people aged 16 to 74 not in employment,151,69,82
S01007982,A B D E. Agriculture energy and water,4,1,3
S01007982,C. Manufacturing,25,16,9
S01007982,F. Construction,14,13,1
S01007982,G I. Distribution hotels and restaurants,33,9,24
S01007982,H J. Transport and communication,7,3,4
S01007982,K L M N. Financial real estate professional and administrative activities,10,3,7
S01007982,O P Q. Public administration education and health,43,16,27
S01007982,R S T U. Other,2,0,2
S01007982,Never worked,13,8,5
S01007983,All people aged 16 to 74 not in employment,275,118,157
S01007983,A B D E. Agriculture energy and water,3,1,2
S01007983,C. Manufacturing,58,33,25
S01007983,F. Construction,17,17,0
S01007983,G I. Distribution hotels and restaurants,54,24,30
S01007983,H J. Transport and communication,20,5,15
S01007983,K L M N. Financial real estate professional and administrative activities,15,6,9
S01007983,O P Q. Public administration education and health,58,12,46
S01007983,R S T U. Other,9,1,8
S01007983,Never worked,41,19,22
S01007984,All people aged 16 to 74 not in employment,258,119,139
S01007984,A B D E. Agriculture energy and water,4,3,1
S01007984,C. Manufacturing,49,32,17
S01007984,F. Construction,14,13,1
S01007984,G I. Distribution hotels and restaurants,40,16,24
S01007984,H J. Transport and communication,22,9,13
S01007984,K L M N. Financial real estate professional and administrative activities,23,13,10
S01007984,O P Q. Public administration education and health,59,14,45
S01007984,R S T U. Other,5,1,4
S01007984,Never worked,42,18,24
S01007985,All people aged 16 to 74 not in employment,346,147,199
S01007985,A B D E. Agriculture energy and water,5,3,2
S01007985,C. Manufacturing,65,45,20
S01007985,F. Construction,28,26,2
S01007985,G I. Distribution hotels and restaurants,65,22,43
S01007985,H J. Transport and communication,29,7,22
S01007985,K L M N. Financial real estate professional and administrative activities,23,7,16
S01007985,O P Q. Public administration education and health,62,12,50
S01007985,R S T U. Other,9,0,9
S01007985,Never worked,60,25,35
S01007986,All people aged 16 to 74 not in employment,182,83,99
S01007986,A B D E. Agriculture energy and water,1,1,0
S01007986,C. Manufacturing,34,24,10
S01007986,F. Construction,8,8,0
S01007986,G I. Distribution hotels and restaurants,37,14,23
S01007986,H J. Transport and communication,14,3,11
S01007986,K L M N. Financial real estate professional and administrative activities,14,5,9
S01007986,O P Q. Public administration education and health,37,10,27
S01007986,R S T U. Other,5,1,4
S01007986,Never worked,32,17,15
S01007987,All people aged 16 to 74 not in employment,199,94,105
S01007987,A B D E. Agriculture energy and water,6,5,1
S01007987,C. Manufacturing,38,21,17
S01007987,F. Construction,11,11,0
S01007987,G I. Distribution hotels and restaurants,49,19,30
S01007987,H J. Transport and communication,6,4,2
S01007987,K L M N. Financial real estate professional and administrative activities,18,7,11
S01007987,O P Q. Public administration education and health,35,9,26
S01007987,R S T U. Other,4,3,1
S01007987,Never worked,32,15,17
S01007988,All people aged 16 to 74 not in employment,298,129,169
S01007988,A B D E. Agriculture energy and water,2,1,1
S01007988,C. Manufacturing,55,37,18
S01007988,F. Construction,18,17,1
S01007988,G I. Distribution hotels and restaurants,70,24,46
S01007988,H J. Transport and communication,16,5,11
S01007988,K L M N. Financial real estate professional and administrative activities,24,7,17
S01007988,O P Q. Public administration education and health,57,11,46
S01007988,R S T U. Other,6,1,5
S01007988,Never worked,50,26,24
S01007989,All people aged 16 to 74 not in employment,208,96,112
S01007989,A B D E. Agriculture energy and water,6,3,3
S01007989,C. Manufacturing,17,10,7
S01007989,F. Construction,14,12,2
S01007989,G I. Distribution hotels and restaurants,49,21,28
S01007989,H J. Transport and communication,16,8,8
S01007989,K L M N. Financial real estate professional and administrative activities,8,5,3
S01007989,O P Q. Public administration education and health,43,10,33
S01007989,R S T U. Other,5,1,4
S01007989,Never worked,50,26,24
S01007990,All people aged 16 to 74 not in employment,216,92,124
S01007990,A B D E. Agriculture energy and water,2,2,0
S01007990,C. Manufacturing,27,15,12
S01007990,F. Construction,13,13,0
S01007990,G I. Distribution hotels and restaurants,46,18,28
S01007990,H J. Transport and communication,21,5,16
S01007990,K L M N. Financial real estate professional and administrative activities,16,10,6
S01007990,O P Q. Public administration education and health,32,6,26
S01007990,R S T U. Other,13,4,9
S01007990,Never worked,46,19,27
S01007991,All people aged 16 to 74 not in employment,132,49,83
S01007991,A B D E. Agriculture energy and water,3,1,2
S01007991,C. Manufacturing,8,3,5
S01007991,F. Construction,3,3,0
S01007991,G I. Distribution hotels and restaurants,18,8,10
S01007991,H J. Transport and communication,7,4,3
S01007991,K L M N. Financial real estate professional and administrative activities,22,6,16
S01007991,O P Q. Public administration education and health,35,9,26
S01007991,R S T U. Other,6,3,3
S01007991,Never worked,30,12,18
S01007992,All people aged 16 to 74 not in employment,100,34,66
S01007992,A B D E. Agriculture energy and water,3,0,3
S01007992,C. Manufacturing,11,5,6
S01007992,F. Construction,2,1,1
S01007992,G I. Distribution hotels and restaurants,14,5,9
S01007992,H J. Transport and communication,10,4,6
S01007992,K L M N. Financial real estate professional and administrative activities,9,1,8
S01007992,O P Q. Public administration education and health,16,1,15
S01007992,R S T U. Other,4,1,3
S01007992,Never worked,31,16,15
S01007993,All people aged 16 to 74 not in employment,202,93,109
S01007993,A B D E. Agriculture energy and water,5,3,2
S01007993,C. Manufacturing,29,21,8
S01007993,F. Construction,5,5,0
S01007993,G I. Distribution hotels and restaurants,43,13,30
S01007993,H J. Transport and communication,11,4,7
S01007993,K L M N. Financial real estate professional and administrative activities,20,11,9
S01007993,O P Q. Public administration education and health,55,19,36
S01007993,R S T U. Other,10,4,6
S01007993,Never worked,24,13,11
S01007994,All people aged 16 to 74 not in employment,110,42,68
S01007994,A B D E. Agriculture energy and water,0,0,0
S01007994,C. Manufacturing,8,6,2
S01007994,F. Construction,7,6,1
S01007994,G I. Distribution hotels and restaurants,20,7,13
S01007994,H J. Transport and communication,7,2,5
S01007994,K L M N. Financial real estate professional and administrative activities,11,3,8
S01007994,O P Q. Public administration education and health,29,8,21
S01007994,R S T U. Other,3,1,2
S01007994,Never worked,25,9,16
S01007995,All people aged 16 to 74 not in employment,157,74,83
S01007995,A B D E. Agriculture energy and water,4,3,1
S01007995,C. Manufacturing,23,17,6
S01007995,F. Construction,9,8,1
S01007995,G I. Distribution hotels and restaurants,23,6,17
S01007995,H J. Transport and communication,12,3,9
S01007995,K L M N. Financial real estate professional and administrative activities,8,2,6
S01007995,O P Q. Public administration education and health,34,9,25
S01007995,R S T U. Other,5,1,4
S01007995,Never worked,39,25,14
S01007996,All people aged 16 to 74 not in employment,121,56,65
S01007996,A B D E. Agriculture energy and water,0,0,0
S01007996,C. Manufacturing,15,8,7
S01007996,F. Construction,11,10,1
S01007996,G I. Distribution hotels and restaurants,28,12,16
S01007996,H J. Transport and communication,7,2,5
S01007996,K L M N. Financial real estate professional and administrative activities,9,4,5
S01007996,O P Q. Public administration education and health,32,12,20
S01007996,R S T U. Other,1,0,1
S01007996,Never worked,18,8,10
S01007997,All people aged 16 to 74 not in employment,178,78,100
S01007997,A B D E. Agriculture energy and water,8,6,2
S01007997,C. Manufacturing,22,15,7
S01007997,F. Construction,7,7,0
S01007997,G I. Distribution hotels and restaurants,26,9,17
S01007997,H J. Transport and communication,15,5,10
S01007997,K L M N. Financial real estate professional and administrative activities,21,10,11
S01007997,O P Q. Public administration education and health,61,16,45
S01007997,R S T U. Other,2,1,1
S01007997,Never worked,16,9,7
S01007998,All people aged 16 to 74 not in employment,136,57,79
S01007998,A B D E. Agriculture energy and water,2,2,0
S01007998,C. Manufacturing,20,14,6
S01007998,F. Construction,7,4,3
S01007998,G I. Distribution hotels and restaurants,25,7,18
S01007998,H J. Transport and communication,5,3,2
S01007998,K L M N. Financial real estate professional and administrative activities,15,8,7
S01007998,O P Q. Public administration education and health,41,10,31
S01007998,R S T U. Other,3,0,3
S01007998,Never worked,18,9,9
S01007999,All people aged 16 to 74 not in employment,178,73,105
S01007999,A B D E. Agriculture energy and water,6,6,0
S01007999,C. Manufacturing,27,15,12
S01007999,F. Construction,7,7,0
S01007999,G I. Distribution hotels and restaurants,33,11,22
S01007999,H J. Transport and communication,16,4,12
S01007999,K L M N. Financial real estate professional and administrative activities,15,8,7
S01007999,O P Q. Public administration education and health,34,3,31
S01007999,R S T U. Other,5,2,3
S01007999,Never worked,35,17,18
S01008000,All people aged 16 to 74 not in employment,278,119,159
S01008000,A B D E. Agriculture energy and water,9,8,1
S01008000,C. Manufacturing,42,23,19
S01008000,F. Construction,26,24,2
S01008000,G I. Distribution hotels and restaurants,44,16,28
S01008000,H J. Transport and communication,27,4,23
S01008000,K L M N. Financial real estate professional and administrative activities,20,12,8
S01008000,O P Q. Public administration education and health,35,5,30
S01008000,R S T U. Other,10,5,5
S01008000,Never worked,65,22,43
S01008001,All people aged 16 to 74 not in employment,324,142,182
S01008001,A B D E. Agriculture energy and water,6,5,1
S01008001,C. Manufacturing,44,25,19
S01008001,F. Construction,18,18,0
S01008001,G I. Distribution hotels and restaurants,55,25,30
S01008001,H J. Transport and communication,22,7,15
S01008001,K L M N. Financial real estate professional and administrative activities,37,17,20
S01008001,O P Q. Public administration education and health,49,11,38
S01008001,R S T U. Other,14,3,11
S01008001,Never worked,79,31,48
S01008002,All people aged 16 to 74 not in employment,301,136,165
S01008002,A B D E. Agriculture energy and water,7,5,2
S01008002,C. Manufacturing,48,21,27
S01008002,F. Construction,33,28,5
S01008002,G I. Distribution hotels and restaurants,32,17,15
S01008002,H J. Transport and communication,15,4,11
S01008002,K L M N. Financial real estate professional and administrative activities,20,14,6
S01008002,O P Q. Public administration education and health,33,7,26
S01008002,R S T U. Other,17,3,14
S01008002,Never worked,96,37,59
S01008003,All people aged 16 to 74 not in employment,163,67,96
S01008003,A B D E. Agriculture energy and water,3,3,0
S01008003,C. Manufacturing,27,16,11
S01008003,F. Construction,10,8,2
S01008003,G I. Distribution hotels and restaurants,26,8,18
S01008003,H J. Transport and communication,11,3,8
S01008003,K L M N. Financial real estate professional and administrative activities,15,6,9
S01008003,O P Q. Public administration education and health,31,5,26
S01008003,R S T U. Other,3,2,1
S01008003,Never worked,37,16,21
S01008004,All people aged 16 to 74 not in employment,125,49,76
S01008004,A B D E. Agriculture energy and water,3,3,0
S01008004,C. Manufacturing,12,6,6
S01008004,F. Construction,9,7,2
S01008004,G I. Distribution hotels and restaurants,21,4,17
S01008004,H J. Transport and communication,16,7,9
S01008004,K L M N. Financial real estate professional and administrative activities,11,4,7
S01008004,O P Q. Public administration education and health,18,3,15
S01008004,R S T U. Other,5,2,3
S01008004,Never worked,30,13,17
S01008005,All people aged 16 to 74 not in employment,99,33,66
S01008005,A B D E. Agriculture energy and water,1,1,0
S01008005,C. Manufacturing,11,4,7
S01008005,F. Construction,3,3,0
S01008005,G I. Distribution hotels and restaurants,23,6,17
S01008005,H J. Transport and communication,12,3,9
S01008005,K L M N. Financial real estate professional and administrative activities,8,4,4
S01008005,O P Q. Public administration education and health,10,2,8
S01008005,R S T U. Other,5,0,5
S01008005,Never worked,26,10,16
S01008006,All people aged 16 to 74 not in employment,240,95,145
S01008006,A B D E. Agriculture energy and water,4,2,2
S01008006,C. Manufacturing,39,16,23
S01008006,F. Construction,17,17,0
S01008006,G I. Distribution hotels and restaurants,37,13,24
S01008006,H J. Transport and communication,18,5,13
S01008006,K L M N. Financial real estate professional and administrative activities,20,8,12
S01008006,O P Q. Public administration education and health,27,5,22
S01008006,R S T U. Other,12,2,10
S01008006,Never worked,66,27,39
S01008007,All people aged 16 to 74 not in employment,159,79,80
S01008007,A B D E. Agriculture energy and water,3,2,1
S01008007,C. Manufacturing,21,12,9
S01008007,F. Construction,16,16,0
S01008007,G I. Distribution hotels and restaurants,22,10,12
S01008007,H J. Transport and communication,13,7,6
S01008007,K L M N. Financial real estate professional and administrative activities,17,7,10
S01008007,O P Q. Public administration education and health,15,6,9
S01008007,R S T U. Other,7,3,4
S01008007,Never worked,45,16,29
S01008008,All people aged 16 to 74 not in employment,187,82,105
S01008008,A B D E. Agriculture energy and water,4,3,1
S01008008,C. Manufacturing,29,11,18
S01008008,F. Construction,13,13,0
S01008008,G I. Distribution hotels and restaurants,25,14,11
S01008008,H J. Transport and communication,20,4,16
S01008008,K L M N. Financial real estate professional and administrative activities,17,7,10
S01008008,O P Q. Public administration education and health,19,2,17
S01008008,R S T U. Other,6,3,3
S01008008,Never worked,54,25,29
S01008009,All people aged 16 to 74 not in employment,266,123,143
S01008009,A B D E. Agriculture energy and water,4,3,1
S01008009,C. Manufacturing,39,21,18
S01008009,F. Construction,27,25,2
S01008009,G I. Distribution hotels and restaurants,51,29,22
S01008009,H J. Transport and communication,21,6,15
S01008009,K L M N. Financial real estate professional and administrative activities,28,9,19
S01008009,O P Q. Public administration education and health,35,7,28
S01008009,R S T U. Other,5,2,3
S01008009,Never worked,56,21,35
S01008010,All people aged 16 to 74 not in employment,330,169,161
S01008010,A B D E. Agriculture energy and water,2,1,1
S01008010,C. Manufacturing,49,30,19
S01008010,F. Construction,26,25,1
S01008010,G I. Distribution hotels and restaurants,63,28,35
S01008010,H J. Transport and communication,32,12,20
S01008010,K L M N. Financial real estate professional and administrative activities,24,12,12
S01008010,O P Q. Public administration education and health,40,13,27
S01008010,R S T U. Other,17,8,9
S01008010,Never worked,77,40,37
S01008011,All people aged 16 to 74 not in employment,229,121,108
S01008011,A B D E. Agriculture energy and water,6,5,1
S01008011,C. Manufacturing,41,25,16
S01008011,F. Construction,11,11,0
S01008011,G I. Distribution hotels and restaurants,52,30,22
S01008011,H J. Transport and communication,19,10,9
S01008011,K L M N. Financial real estate professional and administrative activities,23,12,11
S01008011,O P Q. Public administration education and health,27,8,19
S01008011,R S T U. Other,8,4,4
S01008011,Never worked,42,16,26
S01008012,All people aged 16 to 74 not in employment,230,127,103
S01008012,A B D E. Agriculture energy and water,3,3,0
S01008012,C. Manufacturing,25,17,8
S01008012,F. Construction,27,25,2
S01008012,G I. Distribution hotels and restaurants,44,19,25
S01008012,H J. Transport and communication,20,7,13
S01008012,K L M N. Financial real estate professional and administrative activities,16,9,7
S01008012,O P Q. Public administration education and health,33,11,22
S01008012,R S T U. Other,17,9,8
S01008012,Never worked,45,27,18
S01008013,All people aged 16 to 74 not in employment,155,74,81
S01008013,A B D E. Agriculture energy and water,4,1,3
S01008013,C. Manufacturing,24,8,16
S01008013,F. Construction,16,13,3
S01008013,G I. Distribution hotels and restaurants,28,14,14
S01008013,H J. Transport and communication,12,4,8
S01008013,K L M N. Financial real estate professional and administrative activities,18,9,9
S01008013,O P Q. Public administration education and health,28,12,16
S01008013,R S T U. Other,4,3,1
S01008013,Never worked,21,10,11
S01008014,All people aged 16 to 74 not in employment,166,79,87
S01008014,A B D E. Agriculture energy and water,3,3,0
S01008014,C. Manufacturing,27,14,13
S01008014,F. Construction,20,18,2
S01008014,G I. Distribution hotels and restaurants,32,10,22
S01008014,H J. Transport and communication,6,4,2
S01008014,K L M N. Financial real estate professional and administrative activities,9,5,4
S01008014,O P Q. Public administration education and health,34,7,27
S01008014,R S T U. Other,8,4,4
S01008014,Never worked,27,14,13
S01008015,All people aged 16 to 74 not in employment,237,118,119
S01008015,A B D E. Agriculture energy and water,12,9,3
S01008015,C. Manufacturing,41,24,17
S01008015,F. Construction,19,18,1
S01008015,G I. Distribution hotels and restaurants,38,21,17
S01008015,H J. Transport and communication,23,5,18
S01008015,K L M N. Financial real estate professional and administrative activities,18,11,7
S01008015,O P Q. Public administration education and health,42,11,31
S01008015,R S T U. Other,16,4,12
S01008015,Never worked,28,15,13
S01008016,All people aged 16 to 74 not in employment,234,105,129
S01008016,A B D E. Agriculture energy and water,3,2,1
S01008016,C. Manufacturing,34,15,19
S01008016,F. Construction,27,25,2
S01008016,G I. Distribution hotels and restaurants,47,24,23
S01008016,H J. Transport and communication,17,5,12
S01008016,K L M N. Financial real estate professional and administrative activities,13,6,7
S01008016,O P Q. Public administration education and health,46,12,34
S01008016,R S T U. Other,13,5,8
S01008016,Never worked,34,11,23
S01008017,All people aged 16 to 74 not in employment,231,93,138
S01008017,A B D E. Agriculture energy and water,5,3,2
S01008017,C. Manufacturing,26,15,11
S01008017,F. Construction,16,13,3
S01008017,G I. Distribution hotels and restaurants,47,19,28
S01008017,H J. Transport and communication,12,1,11
S01008017,K L M N. Financial real estate professional and administrative activities,23,11,12
S01008017,O P Q. Public administration education and health,75,18,57
S01008017,R S T U. Other,5,2,3
S01008017,Never worked,22,11,11
S01008018,All people aged 16 to 74 not in employment,181,71,110
S01008018,A B D E. Agriculture energy and water,4,2,2
S01008018,C. Manufacturing,30,20,10
S01008018,F. Construction,7,7,0
S01008018,G I. Distribution hotels and restaurants,36,11,25
S01008018,H J. Transport and communication,12,3,9
S01008018,K L M N. Financial real estate professional and administrative activities,12,6,6
S01008018,O P Q. Public administration education and health,57,15,42
S01008018,R S T U. Other,7,3,4
S01008018,Never worked,16,4,12
S01008019,All people aged 16 to 74 not in employment,170,74,96
S01008019,A B D E. Agriculture energy and water,6,4,2
S01008019,C. Manufacturing,9,5,4
S01008019,F. Construction,8,7,1
S01008019,G I. Distribution hotels and restaurants,30,14,16
S01008019,H J. Transport and communication,7,2,5
S01008019,K L M N. Financial real estate professional and administrative activities,25,10,15
S01008019,O P Q. Public administration education and health,46,15,31
S01008019,R S T U. Other,8,2,6
S01008019,Never worked,31,15,16
S01008020,All people aged 16 to 74 not in employment,124,56,68
S01008020,A B D E. Agriculture energy and water,2,2,0
S01008020,C. Manufacturing,16,8,8
S01008020,F. Construction,3,3,0
S01008020,G I. Distribution hotels and restaurants,24,9,15
S01008020,H J. Transport and communication,18,9,9
S01008020,K L M N. Financial real estate professional and administrative activities,10,8,2
S01008020,O P Q. Public administration education and health,34,10,24
S01008020,R S T U. Other,2,1,1
S01008020,Never worked,15,6,9
S01008021,All people aged 16 to 74 not in employment,150,63,87
S01008021,A B D E. Agriculture energy and water,6,6,0
S01008021,C. Manufacturing,35,18,17
S01008021,F. Construction,9,7,2
S01008021,G I. Distribution hotels and restaurants,20,5,15
S01008021,H J. Transport and communication,8,1,7
S01008021,K L M N. Financial real estate professional and administrative activities,16,6,10
S01008021,O P Q. Public administration education and health,39,14,25
S01008021,R S T U. Other,3,0,3
S01008021,Never worked,14,6,8
S01008022,All people aged 16 to 74 not in employment,179,82,97
S01008022,A B D E. Agriculture energy and water,5,3,2
S01008022,C. Manufacturing,20,14,6
S01008022,F. Construction,15,12,3
S01008022,G I. Distribution hotels and restaurants,28,12,16
S01008022,H J. Transport and communication,14,3,11
S01008022,K L M N. Financial real estate professional and administrative activities,18,7,11
S01008022,O P Q. Public administration education and health,46,17,29
S01008022,R S T U. Other,7,1,6
S01008022,Never worked,26,13,13
S01008023,All people aged 16 to 74 not in employment,127,54,73
S01008023,A B D E. Agriculture energy and water,2,1,1
S01008023,C. Manufacturing,16,12,4
S01008023,F. Construction,12,8,4
S01008023,G I. Distribution hotels and restaurants,26,6,20
S01008023,H J. Transport and communication,5,3,2
S01008023,K L M N. Financial real estate professional and administrative activities,5,2,3
S01008023,O P Q. Public administration education and health,29,7,22
S01008023,R S T U. Other,3,2,1
S01008023,Never worked,29,13,16
S01008024,All people aged 16 to 74 not in employment,62,29,33
S01008024,A B D E. Agriculture energy and water,0,0,0
S01008024,C. Manufacturing,2,2,0
S01008024,F. Construction,3,3,0
S01008024,G I. Distribution hotels and restaurants,9,3,6
S01008024,H J. Transport and communication,6,4,2
S01008024,K L M N. Financial real estate professional and administrative activities,8,3,5
S01008024,O P Q. Public administration education and health,17,4,13
S01008024,R S T U. Other,4,2,2
S01008024,Never worked,13,8,5
S01008025,All people aged 16 to 74 not in employment,172,75,97
S01008025,A B D E. Agriculture energy and water,5,4,1
S01008025,C. Manufacturing,21,16,5
S01008025,F. Construction,14,13,1
S01008025,G I. Distribution hotels and restaurants,32,14,18
S01008025,H J. Transport and communication,7,1,6
S01008025,K L M N. Financial real estate professional and administrative activities,12,5,7
S01008025,O P Q. Public administration education and health,50,12,38
S01008025,R S T U. Other,6,0,6
S01008025,Never worked,25,10,15
S01008026,All people aged 16 to 74 not in employment,277,119,158
S01008026,A B D E. Agriculture energy and water,2,1,1
S01008026,C. Manufacturing,40,21,19
S01008026,F. Construction,26,25,1
S01008026,G I. Distribution hotels and restaurants,55,18,37
S01008026,H J. Transport and communication,13,6,7
S01008026,K L M N. Financial real estate professional and administrative activities,24,12,12
S01008026,O P Q. Public administration education and health,60,15,45
S01008026,R S T U. Other,14,4,10
S01008026,Never worked,43,17,26
S01008027,All people aged 16 to 74 not in employment,170,72,98
S01008027,A B D E. Agriculture energy and water,6,2,4
S01008027,C. Manufacturing,32,20,12
S01008027,F. Construction,11,9,2
S01008027,G I. Distribution hotels and restaurants,27,13,14
S01008027,H J. Transport and communication,14,5,9
S01008027,K L M N. Financial real estate professional and administrative activities,11,7,4
S01008027,O P Q. Public administration education and health,32,4,28
S01008027,R S T U. Other,10,4,6
S01008027,Never worked,27,8,19
S01008028,All people aged 16 to 74 not in employment,124,56,68
S01008028,A B D E. Agriculture energy and water,2,0,2
S01008028,C. Manufacturing,20,10,10
S01008028,F. Construction,9,8,1
S01008028,G I. Distribution hotels and restaurants,26,11,15
S01008028,H J. Transport and communication,7,4,3
S01008028,K L M N. Financial real estate professional and administrative activities,9,6,3
S01008028,O P Q. Public administration education and health,30,6,24
S01008028,R S T U. Other,2,0,2
S01008028,Never worked,19,11,8
S01008029,All people aged 16 to 74 not in employment,239,120,119
S01008029,A B D E. Agriculture energy and water,11,4,7
S01008029,C. Manufacturing,27,15,12
S01008029,F. Construction,11,8,3
S01008029,G I. Distribution hotels and restaurants,43,22,21
S01008029,H J. Transport and communication,23,10,13
S01008029,K L M N. Financial real estate professional and administrative activities,25,13,12
S01008029,O P Q. Public administration education and health,37,10,27
S01008029,R S T U. Other,11,6,5
S01008029,Never worked,51,32,19
S01008030,All people aged 16 to 74 not in employment,293,127,166
S01008030,A B D E. Agriculture energy and water,9,6,3
S01008030,C. Manufacturing,50,25,25
S01008030,F. Construction,20,18,2
S01008030,G I. Distribution hotels and restaurants,48,17,31
S01008030,H J. Transport and communication,20,9,11
S01008030,K L M N. Financial real estate professional and administrative activities,23,9,14
S01008030,O P Q. Public administration education and health,73,20,53
S01008030,R S T U. Other,7,2,5
S01008030,Never worked,43,21,22
S01008031,All people aged 16 to 74 not in employment,259,115,144
S01008031,A B D E. Agriculture energy and water,8,6,2
S01008031,C. Manufacturing,40,16,24
S01008031,F. Construction,16,16,0
S01008031,G I. Distribution hotels and restaurants,45,25,20
S01008031,H J. Transport and communication,24,8,16
S01008031,K L M N. Financial real estate professional and administrative activities,25,14,11
S01008031,O P Q. Public administration education and health,42,8,34
S01008031,R S T U. Other,10,3,7
S01008031,Never worked,49,19,30
S01008032,All people aged 16 to 74 not in employment,250,112,138
S01008032,A B D E. Agriculture energy and water,6,6,0
S01008032,C. Manufacturing,47,25,22
S01008032,F. Construction,17,15,2
S01008032,G I. Distribution hotels and restaurants,45,19,26
S01008032,H J. Transport and communication,14,4,10
S01008032,K L M N. Financial real estate professional and administrative activities,31,9,22
S01008032,O P Q. Public administration education and health,38,9,29
S01008032,R S T U. Other,10,3,7
S01008032,Never worked,42,22,20
S01008033,All people aged 16 to 74 not in employment,147,64,83
S01008033,A B D E. Agriculture energy and water,3,3,0
S01008033,C. Manufacturing,8,5,3
S01008033,F. Construction,4,4,0
S01008033,G I. Distribution hotels and restaurants,21,12,9
S01008033,H J. Transport and communication,9,3,6
S01008033,K L M N. Financial real estate professional and administrative activities,21,10,11
S01008033,O P Q. Public administration education and health,37,8,29
S01008033,R S T U. Other,6,3,3
S01008033,Never worked,38,16,22
S01008034,All people aged 16 to 74 not in employment,134,53,81
S01008034,A B D E. Agriculture energy and water,1,1,0
S01008034,C. Manufacturing,5,1,4
S01008034,F. Construction,5,4,1
S01008034,G I. Distribution hotels and restaurants,13,4,9
S01008034,H J. Transport and communication,8,4,4
S01008034,K L M N. Financial real estate professional and administrative activities,24,7,17
S01008034,O P Q. Public administration education and health,38,14,24
S01008034,R S T U. Other,3,0,3
S01008034,Never worked,37,18,19
S01008035,All people aged 16 to 74 not in employment,173,82,91
S01008035,A B D E. Agriculture energy and water,2,2,0
S01008035,C. Manufacturing,15,8,7
S01008035,F. Construction,5,5,0
S01008035,G I. Distribution hotels and restaurants,31,18,13
S01008035,H J. Transport and communication,15,8,7
S01008035,K L M N. Financial real estate professional and administrative activities,29,8,21
S01008035,O P Q. Public administration education and health,50,18,32
S01008035,R S T U. Other,3,0,3
S01008035,Never worked,23,15,8
S01008036,All people aged 16 to 74 not in employment,179,84,95
S01008036,A B D E. Agriculture energy and water,2,2,0
S01008036,C. Manufacturing,8,5,3
S01008036,F. Construction,7,6,1
S01008036,G I. Distribution hotels and restaurants,29,16,13
S01008036,H J. Transport and communication,7,3,4
S01008036,K L M N. Financial real estate professional and administrative activities,23,9,14
S01008036,O P Q. Public administration education and health,68,22,46
S01008036,R S T U. Other,5,3,2
S01008036,Never worked,30,18,12
S01008037,All people aged 16 to 74 not in employment,274,117,157
S01008037,A B D E. Agriculture energy and water,8,6,2
S01008037,C. Manufacturing,23,16,7
S01008037,F. Construction,20,20,0
S01008037,G I. Distribution hotels and restaurants,56,22,34
S01008037,H J. Transport and communication,26,8,18
S01008037,K L M N. Financial real estate professional and administrative activities,21,8,13
S01008037,O P Q. Public administration education and health,60,14,46
S01008037,R S T U. Other,19,8,11
S01008037,Never worked,41,15,26
S01008038,All people aged 16 to 74 not in employment,160,62,98
S01008038,A B D E. Agriculture energy and water,2,2,0
S01008038,C. Manufacturing,13,9,4
S01008038,F. Construction,13,12,1
S01008038,G I. Distribution hotels and restaurants,30,10,20
S01008038,H J. Transport and communication,7,4,3
S01008038,K L M N. Financial real estate professional and administrative activities,13,7,6
S01008038,O P Q. Public administration education and health,44,5,39
S01008038,R S T U. Other,11,1,10
S01008038,Never worked,27,12,15
S01008039,All people aged 16 to 74 not in employment,232,100,132
S01008039,A B D E. Agriculture energy and water,0,0,0
S01008039,C. Manufacturing,19,13,6
S01008039,F. Construction,16,14,2
S01008039,G I. Distribution hotels and restaurants,54,26,28
S01008039,H J. Transport and communication,20,4,16
S01008039,K L M N. Financial real estate professional and administrative activities,13,3,10
S01008039,O P Q. Public administration education and health,62,14,48
S01008039,R S T U. Other,9,4,5
S01008039,Never worked,39,22,17
S01008040,All people aged 16 to 74 not in employment,212,78,134
S01008040,A B D E. Agriculture energy and water,1,0,1
S01008040,C. Manufacturing,8,3,5
S01008040,F. Construction,14,10,4
S01008040,G I. Distribution hotels and restaurants,27,13,14
S01008040,H J. Transport and communication,15,8,7
S01008040,K L M N. Financial real estate professional and administrative activities,28,9,19
S01008040,O P Q. Public administration education and health,82,21,61
S01008040,R S T U. Other,5,1,4
S01008040,Never worked,32,13,19
S01008041,All people aged 16 to 74 not in employment,181,89,92
S01008041,A B D E. Agriculture energy and water,1,1,0
S01008041,C. Manufacturing,19,13,6
S01008041,F. Construction,9,9,0
S01008041,G I. Distribution hotels and restaurants,34,18,16
S01008041,H J. Transport and communication,17,10,7
S01008041,K L M N. Financial real estate professional and administrative activities,27,10,17
S01008041,O P Q. Public administration education and health,48,14,34
S01008041,R S T U. Other,8,1,7
S01008041,Never worked,18,13,5
S01008042,All people aged 16 to 74 not in employment,143,54,89
S01008042,A B D E. Agriculture energy and water,2,2,0
S01008042,C. Manufacturing,8,6,2
S01008042,F. Construction,2,2,0
S01008042,G I. Distribution hotels and restaurants,18,9,9
S01008042,H J. Transport and communication,13,3,10
S01008042,K L M N. Financial real estate professional and administrative activities,26,11,15
S01008042,O P Q. Public administration education and health,50,9,41
S01008042,R S T U. Other,2,1,1
S01008042,Never worked,22,11,11
S01008043,All people aged 16 to 74 not in employment,203,81,122
S01008043,A B D E. Agriculture energy and water,0,0,0
S01008043,C. Manufacturing,9,5,4
S01008043,F. Construction,7,6,1
S01008043,G I. Distribution hotels and restaurants,29,14,15
S01008043,H J. Transport and communication,15,5,10
S01008043,K L M N. Financial real estate professional and administrative activities,31,11,20
S01008043,O P Q. Public administration education and health,84,24,60
S01008043,R S T U. Other,5,1,4
S01008043,Never worked,23,15,8
S01008044,All people aged 16 to 74 not in employment,218,84,134
S01008044,A B D E. Agriculture energy and water,4,3,1
S01008044,C. Manufacturing,12,8,4
S01008044,F. Construction,8,5,3
S01008044,G I. Distribution hotels and restaurants,24,5,19
S01008044,H J. Transport and communication,13,5,8
S01008044,K L M N. Financial real estate professional and administrative activities,33,10,23
S01008044,O P Q. Public administration education and health,80,24,56
S01008044,R S T U. Other,7,4,3
S01008044,Never worked,37,20,17
S01008045,All people aged 16 to 74 not in employment,277,116,161
S01008045,A B D E. Agriculture energy and water,6,1,5
S01008045,C. Manufacturing,19,11,8
S01008045,F. Construction,11,6,5
S01008045,G I. Distribution hotels and restaurants,35,15,20
S01008045,H J. Transport and communication,15,9,6
S01008045,K L M N. Financial real estate professional and administrative activities,46,22,24
S01008045,O P Q. Public administration education and health,89,20,69
S01008045,R S T U. Other,10,5,5
S01008045,Never worked,46,27,19
S01008046,All people aged 16 to 74 not in employment,238,91,147
S01008046,A B D E. Agriculture energy and water,8,5,3
S01008046,C. Manufacturing,17,6,11
S01008046,F. Construction,9,8,1
S01008046,G I. Distribution hotels and restaurants,59,24,35
S01008046,H J. Transport and communication,11,3,8
S01008046,K L M N. Financial real estate professional and administrative activities,30,6,24
S01008046,O P Q. Public administration education and health,60,21,39
S01008046,R S T U. Other,8,1,7
S01008046,Never worked,36,17,19
S01008047,All people aged 16 to 74 not in employment,184,81,103
S01008047,A B D E. Agriculture energy and water,5,5,0
S01008047,C. Manufacturing,16,12,4
S01008047,F. Construction,10,6,4
S01008047,G I. Distribution hotels and restaurants,27,14,13
S01008047,H J. Transport and communication,11,4,7
S01008047,K L M N. Financial real estate professional and administrative activities,16,5,11
S01008047,O P Q. Public administration education and health,63,17,46
S01008047,R S T U. Other,6,3,3
S01008047,Never worked,30,15,15
S01008048,All people aged 16 to 74 not in employment,184,80,104
S01008048,A B D E. Agriculture energy and water,2,2,0
S01008048,C. Manufacturing,14,10,4
S01008048,F. Construction,7,5,2
S01008048,G I. Distribution hotels and restaurants,28,13,15
S01008048,H J. Transport and communication,8,2,6
S01008048,K L M N. Financial real estate professional and administrative activities,22,8,14
S01008048,O P Q. Public administration education and health,72,24,48
S01008048,R S T U. Other,8,4,4
S01008048,Never worked,23,12,11
S01008049,All people aged 16 to 74 not in employment,226,87,139
S01008049,A B D E. Agriculture energy and water,2,2,0
S01008049,C. Manufacturing,20,10,10
S01008049,F. Construction,7,4,3
S01008049,G I. Distribution hotels and restaurants,25,11,14
S01008049,H J. Transport and communication,9,4,5
S01008049,K L M N. Financial real estate professional and administrative activities,32,11,21
S01008049,O P Q. Public administration education and health,102,33,69
S01008049,R S T U. Other,5,1,4
S01008049,Never worked,24,11,13
S01008050,All people aged 16 to 74 not in employment,176,66,110
S01008050,A B D E. Agriculture energy and water,2,2,0
S01008050,C. Manufacturing,12,7,5
S01008050,F. Construction,8,6,2
S01008050,G I. Distribution hotels and restaurants,20,5,15
S01008050,H J. Transport and communication,11,4,7
S01008050,K L M N. Financial real estate professional and administrative activities,34,16,18
S01008050,O P Q. Public administration education and health,63,16,47
S01008050,R S T U. Other,1,0,1
S01008050,Never worked,25,10,15
S01008051,All people aged 16 to 74 not in employment,190,76,114
S01008051,A B D E. Agriculture energy and water,3,3,0
S01008051,C. Manufacturing,12,8,4
S01008051,F. Construction,5,2,3
S01008051,G I. Distribution hotels and restaurants,26,13,13
S01008051,H J. Transport and communication,11,5,6
S01008051,K L M N. Financial real estate professional and administrative activities,34,14,20
S01008051,O P Q. Public administration education and health,61,12,49
S01008051,R S T U. Other,7,3,4
S01008051,Never worked,31,16,15
S01008052,All people aged 16 to 74 not in employment,171,72,99
S01008052,A B D E. Agriculture energy and water,2,2,0
S01008052,C. Manufacturing,11,6,5
S01008052,F. Construction,10,7,3
S01008052,G I. Distribution hotels and restaurants,21,10,11
S01008052,H J. Transport and communication,10,3,7
S01008052,K L M N. Financial real estate professional and administrative activities,24,11,13
S01008052,O P Q. Public administration education and health,69,20,49
S01008052,R S T U. Other,1,1,0
S01008052,Never worked,23,12,11
S01008053,All people aged 16 to 74 not in employment,170,76,94
S01008053,A B D E. Agriculture energy and water,2,2,0
S01008053,C. Manufacturing,6,4,2
S01008053,F. Construction,5,3,2
S01008053,G I. Distribution hotels and restaurants,27,11,16
S01008053,H J. Transport and communication,12,9,3
S01008053,K L M N. Financial real estate professional and administrative activities,24,13,11
S01008053,O P Q. Public administration education and health,69,20,49
S01008053,R S T U. Other,7,4,3
S01008053,Never worked,18,10,8
S01008054,All people aged 16 to 74 not in employment,187,82,105
S01008054,A B D E. Agriculture energy and water,3,3,0
S01008054,C. Manufacturing,15,10,5
S01008054,F. Construction,5,4,1
S01008054,G I. Distribution hotels and restaurants,26,10,16
S01008054,H J. Transport and communication,14,8,6
S01008054,K L M N. Financial real estate professional and administrative activities,32,17,15
S01008054,O P Q. Public administration education and health,61,12,49
S01008054,R S T U. Other,5,2,3
S01008054,Never worked,26,16,10
S01008055,All people aged 16 to 74 not in employment,260,101,159
S01008055,A B D E. Agriculture energy and water,4,4,0
S01008055,C. Manufacturing,11,8,3
S01008055,F. Construction,3,2,1
S01008055,G I. Distribution hotels and restaurants,24,11,13
S01008055,H J. Transport and communication,11,8,3
S01008055,K L M N. Financial real estate professional and administrative activities,38,12,26
S01008055,O P Q. Public administration education and health,106,26,80
S01008055,R S T U. Other,10,3,7
S01008055,Never worked,53,27,26
S01008056,All people aged 16 to 74 not in employment,180,70,110
S01008056,A B D E. Agriculture energy and water,1,0,1
S01008056,C. Manufacturing,8,6,2
S01008056,F. Construction,8,5,3
S01008056,G I. Distribution hotels and restaurants,23,9,14
S01008056,H J. Transport and communication,12,8,4
S01008056,K L M N. Financial real estate professional and administrative activities,27,11,16
S01008056,O P Q. Public administration education and health,67,12,55
S01008056,R S T U. Other,6,1,5
S01008056,Never worked,28,18,10
S01008057,All people aged 16 to 74 not in employment,200,88,112
S01008057,A B D E. Agriculture energy and water,1,1,0
S01008057,C. Manufacturing,11,7,4
S01008057,F. Construction,5,3,2
S01008057,G I. Distribution hotels and restaurants,22,13,9
S01008057,H J. Transport and communication,13,7,6
S01008057,K L M N. Financial real estate professional and administrative activities,23,12,11
S01008057,O P Q. Public administration education and health,94,29,65
S01008057,R S T U. Other,6,4,2
S01008057,Never worked,25,12,13
S01008058,All people aged 16 to 74 not in employment,207,76,131
S01008058,A B D E. Agriculture energy and water,0,0,0
S01008058,C. Manufacturing,8,7,1
S01008058,F. Construction,5,3,2
S01008058,G I. Distribution hotels and restaurants,37,13,24
S01008058,H J. Transport and communication,9,3,6
S01008058,K L M N. Financial real estate professional and administrative activities,35,17,18
S01008058,O P Q. Public administration education and health,66,17,49
S01008058,R S T U. Other,6,2,4
S01008058,Never worked,41,14,27
S01008059,All people aged 16 to 74 not in employment,180,81,99
S01008059,A B D E. Agriculture energy and water,5,3,2
S01008059,C. Manufacturing,18,15,3
S01008059,F. Construction,1,0,1
S01008059,G I. Distribution hotels and restaurants,30,12,18
S01008059,H J. Transport and communication,8,5,3
S01008059,K L M N. Financial real estate professional and administrative activities,14,4,10
S01008059,O P Q. Public administration education and health,65,24,41
S01008059,R S T U. Other,7,3,4
S01008059,Never worked,32,15,17
S01008060,All people aged 16 to 74 not in employment,233,92,141
S01008060,A B D E. Agriculture energy and water,0,0,0
S01008060,C. Manufacturing,15,13,2
S01008060,F. Construction,6,3,3
S01008060,G I. Distribution hotels and restaurants,51,24,27
S01008060,H J. Transport and communication,7,2,5
S01008060,K L M N. Financial real estate professional and administrative activities,28,9,19
S01008060,O P Q. Public administration education and health,76,18,58
S01008060,R S T U. Other,9,4,5
S01008060,Never worked,41,19,22
S01008061,All people aged 16 to 74 not in employment,115,47,68
S01008061,A B D E. Agriculture energy and water,1,1,0
S01008061,C. Manufacturing,8,4,4
S01008061,F. Construction,5,3,2
S01008061,G I. Distribution hotels and restaurants,17,5,12
S01008061,H J. Transport and communication,8,2,6
S01008061,K L M N. Financial real estate professional and administrative activities,16,7,9
S01008061,O P Q. Public administration education and health,26,7,19
S01008061,R S T U. Other,4,0,4
S01008061,Never worked,30,18,12
S01008062,All people aged 16 to 74 not in employment,210,83,127
S01008062,A B D E. Agriculture energy and water,2,2,0
S01008062,C. Manufacturing,25,13,12
S01008062,F. Construction,5,4,1
S01008062,G I. Distribution hotels and restaurants,33,14,19
S01008062,H J. Transport and communication,13,8,5
S01008062,K L M N. Financial real estate professional and administrative activities,24,11,13
S01008062,O P Q. Public administration education and health,76,14,62
S01008062,R S T U. Other,10,3,7
S01008062,Never worked,22,14,8
S01008063,All people aged 16 to 74 not in employment,207,77,130
S01008063,A B D E. Agriculture energy and water,4,2,2
S01008063,C. Manufacturing,9,5,4
S01008063,F. Construction,10,9,1
S01008063,G I. Distribution hotels and restaurants,33,15,18
S01008063,H J. Transport and communication,10,5,5
S01008063,K L M N. Financial real estate professional and administrative activities,28,14,14
S01008063,O P Q. Public administration education and health,69,13,56
S01008063,R S T U. Other,3,0,3
S01008063,Never worked,41,14,27
S01008064,All people aged 16 to 74 not in employment,207,81,126
S01008064,A B D E. Agriculture energy and water,1,1,0
S01008064,C. Manufacturing,6,2,4
S01008064,F. Construction,11,11,0
S01008064,G I. Distribution hotels and restaurants,46,14,32
S01008064,H J. Transport and communication,11,3,8
S01008064,K L M N. Financial real estate professional and administrative activities,29,12,17
S01008064,O P Q. Public administration education and health,41,7,34
S01008064,R S T U. Other,12,1,11
S01008064,Never worked,50,30,20
S01008065,All people aged 16 to 74 not in employment,236,102,134
S01008065,A B D E. Agriculture energy and water,5,3,2
S01008065,C. Manufacturing,13,9,4
S01008065,F. Construction,9,9,0
S01008065,G I. Distribution hotels and restaurants,26,10,16
S01008065,H J. Transport and communication,18,7,11
S01008065,K L M N. Financial real estate professional and administrative activities,29,15,14
S01008065,O P Q. Public administration education and health,83,23,60
S01008065,R S T U. Other,9,3,6
S01008065,Never worked,44,23,21
S01008066,All people aged 16 to 74 not in employment,236,96,140
S01008066,A B D E. Agriculture energy and water,1,1,0
S01008066,C. Manufacturing,11,8,3
S01008066,F. Construction,3,3,0
S01008066,G I. Distribution hotels and restaurants,24,10,14
S01008066,H J. Transport and communication,16,8,8
S01008066,K L M N. Financial real estate professional and administrative activities,44,19,25
S01008066,O P Q. Public administration education and health,86,22,64
S01008066,R S T U. Other,8,5,3
S01008066,Never worked,43,20,23
S01008067,All people aged 16 to 74 not in employment,159,59,100
S01008067,A B D E. Agriculture energy and water,0,0,0
S01008067,C. Manufacturing,12,7,5
S01008067,F. Construction,8,6,2
S01008067,G I. Distribution hotels and restaurants,20,10,10
S01008067,H J. Transport and communication,3,2,1
S01008067,K L M N. Financial real estate professional and administrative activities,26,13,13
S01008067,O P Q. Public administration education and health,60,8,52
S01008067,R S T U. Other,2,0,2
S01008067,Never worked,28,13,15
S01008068,All people aged 16 to 74 not in employment,234,95,139
S01008068,A B D E. Agriculture energy and water,1,0,1
S01008068,C. Manufacturing,25,17,8
S01008068,F. Construction,10,7,3
S01008068,G I. Distribution hotels and restaurants,40,19,21
S01008068,H J. Transport and communication,19,9,10
S01008068,K L M N. Financial real estate professional and administrative activities,25,8,17
S01008068,O P Q. Public administration education and health,80,21,59
S01008068,R S T U. Other,6,5,1
S01008068,Never worked,28,9,19
S01008069,All people aged 16 to 74 not in employment,214,91,123
S01008069,A B D E. Agriculture energy and water,3,3,0
S01008069,C. Manufacturing,21,12,9
S01008069,F. Construction,12,7,5
S01008069,G I. Distribution hotels and restaurants,42,18,24
S01008069,H J. Transport and communication,22,12,10
S01008069,K L M N. Financial real estate professional and administrative activities,22,7,15
S01008069,O P Q. Public administration education and health,51,13,38
S01008069,R S T U. Other,8,2,6
S01008069,Never worked,33,17,16
S01008070,All people aged 16 to 74 not in employment,210,89,121
S01008070,A B D E. Agriculture energy and water,1,1,0
S01008070,C. Manufacturing,31,23,8
S01008070,F. Construction,15,10,5
S01008070,G I. Distribution hotels and restaurants,34,12,22
S01008070,H J. Transport and communication,12,6,6
S01008070,K L M N. Financial real estate professional and administrative activities,22,6,16
S01008070,O P Q. Public administration education and health,58,14,44
S01008070,R S T U. Other,8,2,6
S01008070,Never worked,29,15,14
S01008071,All people aged 16 to 74 not in employment,138,52,86
S01008071,A B D E. Agriculture energy and water,0,0,0
S01008071,C. Manufacturing,9,5,4
S01008071,F. Construction,4,3,1
S01008071,G I. Distribution hotels and restaurants,20,3,17
S01008071,H J. Transport and communication,13,4,9
S01008071,K L M N. Financial real estate professional and administrative activities,13,5,8
S01008071,O P Q. Public administration education and health,47,15,32
S01008071,R S T U. Other,5,2,3
S01008071,Never worked,27,15,12
S01008072,All people aged 16 to 74 not in employment,201,78,123
S01008072,A B D E. Agriculture energy and water,1,0,1
S01008072,C. Manufacturing,11,6,5
S01008072,F. Construction,7,5,2
S01008072,G I. Distribution hotels and restaurants,33,13,20
S01008072,H J. Transport and communication,12,1,11
S01008072,K L M N. Financial real estate professional and administrative activities,23,8,15
S01008072,O P Q. Public administration education and health,59,12,47
S01008072,R S T U. Other,17,8,9
S01008072,Never worked,38,25,13
S01008073,All people aged 16 to 74 not in employment,110,54,56
S01008073,A B D E. Agriculture energy and water,3,2,1
S01008073,C. Manufacturing,7,6,1
S01008073,F. Construction,7,7,0
S01008073,G I. Distribution hotels and restaurants,14,9,5
S01008073,H J. Transport and communication,6,4,2
S01008073,K L M N. Financial real estate professional and administrative activities,14,4,10
S01008073,O P Q. Public administration education and health,45,13,32
S01008073,R S T U. Other,1,0,1
S01008073,Never worked,13,9,4
S01008074,All people aged 16 to 74 not in employment,222,103,119
S01008074,A B D E. Agriculture energy and water,1,1,0
S01008074,C. Manufacturing,14,12,2
S01008074,F. Construction,10,7,3
S01008074,G I. Distribution hotels and restaurants,28,10,18
S01008074,H J. Transport and communication,12,6,6
S01008074,K L M N. Financial real estate professional and administrative activities,25,12,13
S01008074,O P Q. Public administration education and health,84,27,57
S01008074,R S T U. Other,9,5,4
S01008074,Never worked,39,23,16
S01008075,All people aged 16 to 74 not in employment,171,71,100
S01008075,A B D E. Agriculture energy and water,2,0,2
S01008075,C. Manufacturing,10,6,4
S01008075,F. Construction,8,4,4
S01008075,G I. Distribution hotels and restaurants,21,8,13
S01008075,H J. Transport and communication,9,5,4
S01008075,K L M N. Financial real estate professional and administrative activities,24,9,15
S01008075,O P Q. Public administration education and health,65,19,46
S01008075,R S T U. Other,3,1,2
S01008075,Never worked,29,19,10
S01008076,All people aged 16 to 74 not in employment,190,81,109
S01008076,A B D E. Agriculture energy and water,1,0,1
S01008076,C. Manufacturing,6,4,2
S01008076,F. Construction,5,5,0
S01008076,G I. Distribution hotels and restaurants,26,11,15
S01008076,H J. Transport and communication,13,6,7
S01008076,K L M N. Financial real estate professional and administrative activities,36,17,19
S01008076,O P Q. Public administration education and health,72,23,49
S01008076,R S T U. Other,10,4,6
S01008076,Never worked,21,11,10
S01008077,All people aged 16 to 74 not in employment,222,93,129
S01008077,A B D E. Agriculture energy and water,1,1,0
S01008077,C. Manufacturing,13,7,6
S01008077,F. Construction,15,12,3
S01008077,G I. Distribution hotels and restaurants,41,19,22
S01008077,H J. Transport and communication,11,6,5
S01008077,K L M N. Financial real estate professional and administrative activities,26,9,17
S01008077,O P Q. Public administration education and health,74,18,56
S01008077,R S T U. Other,4,1,3
S01008077,Never worked,37,20,17
S01008078,All people aged 16 to 74 not in employment,222,92,130
S01008078,A B D E. Agriculture energy and water,3,2,1
S01008078,C. Manufacturing,10,8,2
S01008078,F. Construction,10,7,3
S01008078,G I. Distribution hotels and restaurants,28,13,15
S01008078,H J. Transport and communication,6,2,4
S01008078,K L M N. Financial real estate professional and administrative activities,33,10,23
S01008078,O P Q. Public administration education and health,83,24,59
S01008078,R S T U. Other,7,5,2
S01008078,Never worked,42,21,21
S01008079,All people aged 16 to 74 not in employment,258,106,152
S01008079,A B D E. Agriculture energy and water,3,3,0
S01008079,C. Manufacturing,22,14,8
S01008079,F. Construction,9,7,2
S01008079,G I. Distribution hotels and restaurants,27,12,15
S01008079,H J. Transport and communication,8,5,3
S01008079,K L M N. Financial real estate professional and administrative activities,37,18,19
S01008079,O P Q. Public administration education and health,121,35,86
S01008079,R S T U. Other,4,1,3
S01008079,Never worked,27,11,16
S01008080,All people aged 16 to 74 not in employment,161,61,100
S01008080,A B D E. Agriculture energy and water,3,1,2
S01008080,C. Manufacturing,9,6,3
S01008080,F. Construction,8,6,2
S01008080,G I. Distribution hotels and restaurants,25,7,18
S01008080,H J. Transport and communication,10,7,3
S01008080,K L M N. Financial real estate professional and administrative activities,22,9,13
S01008080,O P Q. Public administration education and health,58,15,43
S01008080,R S T U. Other,8,2,6
S01008080,Never worked,18,8,10
S01008081,All people aged 16 to 74 not in employment,165,67,98
S01008081,A B D E. Agriculture energy and water,1,0,1
S01008081,C. Manufacturing,13,8,5
S01008081,F. Construction,6,4,2
S01008081,G I. Distribution hotels and restaurants,22,6,16
S01008081,H J. Transport and communication,11,8,3
S01008081,K L M N. Financial real estate professional and administrative activities,25,12,13
S01008081,O P Q. Public administration education and health,52,12,40
S01008081,R S T U. Other,6,2,4
S01008081,Never worked,29,15,14
S01008082,All people aged 16 to 74 not in employment,200,89,111
S01008082,A B D E. Agriculture energy and water,1,1,0
S01008082,C. Manufacturing,12,8,4
S01008082,F. Construction,8,6,2
S01008082,G I. Distribution hotels and restaurants,32,19,13
S01008082,H J. Transport and communication,17,10,7
S01008082,K L M N. Financial real estate professional and administrative activities,25,10,15
S01008082,O P Q. Public administration education and health,71,21,50
S01008082,R S T U. Other,4,1,3
S01008082,Never worked,30,13,17
S01008083,All people aged 16 to 74 not in employment,199,88,111
S01008083,A B D E. Agriculture energy and water,0,0,0
S01008083,C. Manufacturing,14,12,2
S01008083,F. Construction,7,6,1
S01008083,G I. Distribution hotels and restaurants,31,15,16
S01008083,H J. Transport and communication,6,3,3
S01008083,K L M N. Financial real estate professional and administrative activities,29,15,14
S01008083,O P Q. Public administration education and health,73,16,57
S01008083,R S T U. Other,6,1,5
S01008083,Never worked,33,20,13
S01008084,All people aged 16 to 74 not in employment,236,95,141
S01008084,A B D E. Agriculture energy and water,7,5,2
S01008084,C. Manufacturing,17,12,5
S01008084,F. Construction,7,6,1
S01008084,G I. Distribution hotels and restaurants,40,19,21
S01008084,H J. Transport and communication,16,3,13
S01008084,K L M N. Financial real estate professional and administrative activities,30,10,20
S01008084,O P Q. Public administration education and health,70,16,54
S01008084,R S T U. Other,12,6,6
S01008084,Never worked,37,18,19
S01008085,All people aged 16 to 74 not in employment,211,103,108
S01008085,A B D E. Agriculture energy and water,5,2,3
S01008085,C. Manufacturing,11,8,3
S01008085,F. Construction,8,6,2
S01008085,G I. Distribution hotels and restaurants,45,26,19
S01008085,H J. Transport and communication,15,10,5
S01008085,K L M N. Financial real estate professional and administrative activities,22,9,13
S01008085,O P Q. Public administration education and health,53,16,37
S01008085,R S T U. Other,6,4,2
S01008085,Never worked,46,22,24
S01008086,All people aged 16 to 74 not in employment,235,104,131
S01008086,A B D E. Agriculture energy and water,2,2,0
S01008086,C. Manufacturing,20,12,8
S01008086,F. Construction,19,12,7
S01008086,G I. Distribution hotels and restaurants,44,19,25
S01008086,H J. Transport and communication,16,8,8
S01008086,K L M N. Financial real estate professional and administrative activities,28,10,18
S01008086,O P Q. Public administration education and health,52,12,40
S01008086,R S T U. Other,14,3,11
S01008086,Never worked,40,26,14
S01008087,All people aged 16 to 74 not in employment,210,81,129
S01008087,A B D E. Agriculture energy and water,3,1,2
S01008087,C. Manufacturing,15,10,5
S01008087,F. Construction,12,11,1
S01008087,G I. Distribution hotels and restaurants,40,11,29
S01008087,H J. Transport and communication,17,8,9
S01008087,K L M N. Financial real estate professional and administrative activities,21,6,15
S01008087,O P Q. Public administration education and health,69,19,50
S01008087,R S T U. Other,4,1,3
S01008087,Never worked,29,14,15
S01008088,All people aged 16 to 74 not in employment,260,113,147
S01008088,A B D E. Agriculture energy and water,6,3,3
S01008088,C. Manufacturing,21,15,6
S01008088,F. Construction,17,16,1
S01008088,G I. Distribution hotels and restaurants,43,12,31
S01008088,H J. Transport and communication,16,8,8
S01008088,K L M N. Financial real estate professional and administrative activities,40,14,26
S01008088,O P Q. Public administration education and health,74,24,50
S01008088,R S T U. Other,9,4,5
S01008088,Never worked,34,17,17
S01008089,All people aged 16 to 74 not in employment,184,79,105
S01008089,A B D E. Agriculture energy and water,4,3,1
S01008089,C. Manufacturing,14,11,3
S01008089,F. Construction,9,7,2
S01008089,G I. Distribution hotels and restaurants,33,11,22
S01008089,H J. Transport and communication,11,3,8
S01008089,K L M N. Financial real estate professional and administrative activities,26,7,19
S01008089,O P Q. Public administration education and health,43,15,28
S01008089,R S T U. Other,6,3,3
S01008089,Never worked,38,19,19
S01008090,All people aged 16 to 74 not in employment,162,67,95
S01008090,A B D E. Agriculture energy and water,2,1,1
S01008090,C. Manufacturing,16,8,8
S01008090,F. Construction,9,7,2
S01008090,G I. Distribution hotels and restaurants,23,10,13
S01008090,H J. Transport and communication,8,2,6
S01008090,K L M N. Financial real estate professional and administrative activities,20,6,14
S01008090,O P Q. Public administration education and health,48,14,34
S01008090,R S T U. Other,5,0,5
S01008090,Never worked,31,19,12
S01008091,All people aged 16 to 74 not in employment,98,44,54
S01008091,A B D E. Agriculture energy and water,0,0,0
S01008091,C. Manufacturing,8,4,4
S01008091,F. Construction,3,2,1
S01008091,G I. Distribution hotels and restaurants,16,7,9
S01008091,H J. Transport and communication,10,5,5
S01008091,K L M N. Financial real estate professional and administrative activities,9,6,3
S01008091,O P Q. Public administration education and health,29,8,21
S01008091,R S T U. Other,2,0,2
S01008091,Never worked,21,12,9
S01008092,All people aged 16 to 74 not in employment,234,106,128
S01008092,A B D E. Agriculture energy and water,3,1,2
S01008092,C. Manufacturing,12,10,2
S01008092,F. Construction,15,13,2
S01008092,G I. Distribution hotels and restaurants,34,15,19
S01008092,H J. Transport and communication,8,5,3
S01008092,K L M N. Financial real estate professional and administrative activities,29,12,17
S01008092,O P Q. Public administration education and health,95,32,63
S01008092,R S T U. Other,5,1,4
S01008092,Never worked,33,17,16
S01008093,All people aged 16 to 74 not in employment,198,78,120
S01008093,A B D E. Agriculture energy and water,2,2,0
S01008093,C. Manufacturing,16,10,6
S01008093,F. Construction,6,5,1
S01008093,G I. Distribution hotels and restaurants,33,12,21
S01008093,H J. Transport and communication,14,6,8
S01008093,K L M N. Financial real estate professional and administrative activities,28,14,14
S01008093,O P Q. Public administration education and health,68,16,52
S01008093,R S T U. Other,3,1,2
S01008093,Never worked,28,12,16
S01008094,All people aged 16 to 74 not in employment,172,66,106
S01008094,A B D E. Agriculture energy and water,2,2,0
S01008094,C. Manufacturing,12,9,3
S01008094,F. Construction,7,4,3
S01008094,G I. Distribution hotels and restaurants,35,14,21
S01008094,H J. Transport and communication,12,5,7
S01008094,K L M N. Financial real estate professional and administrative activities,16,3,13
S01008094,O P Q. Public administration education and health,49,10,39
S01008094,R S T U. Other,6,4,2
S01008094,Never worked,33,15,18
S01008095,All people aged 16 to 74 not in employment,205,88,117
S01008095,A B D E. Agriculture energy and water,2,2,0
S01008095,C. Manufacturing,23,13,10
S01008095,F. Construction,10,8,2
S01008095,G I. Distribution hotels and restaurants,35,15,20
S01008095,H J. Transport and communication,22,9,13
S01008095,K L M N. Financial real estate professional and administrative activities,23,7,16
S01008095,O P Q. Public administration education and health,53,13,40
S01008095,R S T U. Other,9,5,4
S01008095,Never worked,28,16,12
S01008096,All people aged 16 to 74 not in employment,217,102,115
S01008096,A B D E. Agriculture energy and water,4,4,0
S01008096,C. Manufacturing,10,6,4
S01008096,F. Construction,16,13,3
S01008096,G I. Distribution hotels and restaurants,37,18,19
S01008096,H J. Transport and communication,17,6,11
S01008096,K L M N. Financial real estate professional and administrative activities,28,10,18
S01008096,O P Q. Public administration education and health,70,24,46
S01008096,R S T U. Other,11,5,6
S01008096,Never worked,24,16,8
S01008097,All people aged 16 to 74 not in employment,160,70,90
S01008097,A B D E. Agriculture energy and water,2,1,1
S01008097,C. Manufacturing,8,4,4
S01008097,F. Construction,13,8,5
S01008097,G I. Distribution hotels and restaurants,33,16,17
S01008097,H J. Transport and communication,14,3,11
S01008097,K L M N. Financial real estate professional and administrative activities,19,11,8
S01008097,O P Q. Public administration education and health,45,12,33
S01008097,R S T U. Other,6,1,5
S01008097,Never worked,20,14,6
S01008098,All people aged 16 to 74 not in employment,160,70,90
S01008098,A B D E. Agriculture energy and water,2,2,0
S01008098,C. Manufacturing,9,6,3
S01008098,F. Construction,5,3,2
S01008098,G I. Distribution hotels and restaurants,31,14,17
S01008098,H J. Transport and communication,8,2,6
S01008098,K L M N. Financial real estate professional and administrative activities,15,6,9
S01008098,O P Q. Public administration education and health,46,15,31
S01008098,R S T U. Other,9,3,6
S01008098,Never worked,35,19,16
S01008099,All people aged 16 to 74 not in employment,139,77,62
S01008099,A B D E. Agriculture energy and water,0,0,0
S01008099,C. Manufacturing,10,5,5
S01008099,F. Construction,7,6,1
S01008099,G I. Distribution hotels and restaurants,20,14,6
S01008099,H J. Transport and communication,7,3,4
S01008099,K L M N. Financial real estate professional and administrative activities,18,8,10
S01008099,O P Q. Public administration education and health,36,12,24
S01008099,R S T U. Other,4,0,4
S01008099,Never worked,37,29,8
S01008100,All people aged 16 to 74 not in employment,272,108,164
S01008100,A B D E. Agriculture energy and water,2,2,0
S01008100,C. Manufacturing,15,9,6
S01008100,F. Construction,19,16,3
S01008100,G I. Distribution hotels and restaurants,41,13,28
S01008100,H J. Transport and communication,22,6,16
S01008100,K L M N. Financial real estate professional and administrative activities,30,8,22
S01008100,O P Q. Public administration education and health,95,26,69
S01008100,R S T U. Other,9,3,6
S01008100,Never worked,39,25,14
S01008101,All people aged 16 to 74 not in employment,174,74,100
S01008101,A B D E. Agriculture energy and water,1,1,0
S01008101,C. Manufacturing,15,6,9
S01008101,F. Construction,18,17,1
S01008101,G I. Distribution hotels and restaurants,28,15,13
S01008101,H J. Transport and communication,20,5,15
S01008101,K L M N. Financial real estate professional and administrative activities,18,8,10
S01008101,O P Q. Public administration education and health,33,8,25
S01008101,R S T U. Other,4,1,3
S01008101,Never worked,37,13,24
S01008102,All people aged 16 to 74 not in employment,227,116,111
S01008102,A B D E. Agriculture energy and water,4,3,1
S01008102,C. Manufacturing,22,15,7
S01008102,F. Construction,14,13,1
S01008102,G I. Distribution hotels and restaurants,48,21,27
S01008102,H J. Transport and communication,23,16,7
S01008102,K L M N. Financial real estate professional and administrative activities,17,7,10
S01008102,O P Q. Public administration education and health,50,13,37
S01008102,R S T U. Other,8,4,4
S01008102,Never worked,41,24,17
S01008103,All people aged 16 to 74 not in employment,160,64,96
S01008103,A B D E. Agriculture energy and water,1,1,0
S01008103,C. Manufacturing,11,9,2
S01008103,F. Construction,15,13,2
S01008103,G I. Distribution hotels and restaurants,35,14,21
S01008103,H J. Transport and communication,14,4,10
S01008103,K L M N. Financial real estate professional and administrative activities,16,3,13
S01008103,O P Q. Public administration education and health,36,9,27
S01008103,R S T U. Other,8,0,8
S01008103,Never worked,24,11,13
S01008104,All people aged 16 to 74 not in employment,254,115,139
S01008104,A B D E. Agriculture energy and water,1,1,0
S01008104,C. Manufacturing,10,5,5
S01008104,F. Construction,21,17,4
S01008104,G I. Distribution hotels and restaurants,65,30,35
S01008104,H J. Transport and communication,13,3,10
S01008104,K L M N. Financial real estate professional and administrative activities,23,12,11
S01008104,O P Q. Public administration education and health,59,17,42
S01008104,R S T U. Other,8,3,5
S01008104,Never worked,54,27,27
S01008105,All people aged 16 to 74 not in employment,316,136,180
S01008105,A B D E. Agriculture energy and water,6,5,1
S01008105,C. Manufacturing,20,17,3
S01008105,F. Construction,31,27,4
S01008105,G I. Distribution hotels and restaurants,61,23,38
S01008105,H J. Transport and communication,18,5,13
S01008105,K L M N. Financial real estate professional and administrative activities,31,12,19
S01008105,O P Q. Public administration education and health,74,14,60
S01008105,R S T U. Other,15,5,10
S01008105,Never worked,60,28,32
S01008106,All people aged 16 to 74 not in employment,261,114,147
S01008106,A B D E. Agriculture energy and water,5,5,0
S01008106,C. Manufacturing,20,11,9
S01008106,F. Construction,29,26,3
S01008106,G I. Distribution hotels and restaurants,41,23,18
S01008106,H J. Transport and communication,22,9,13
S01008106,K L M N. Financial real estate professional and administrative activities,18,7,11
S01008106,O P Q. Public administration education and health,68,13,55
S01008106,R S T U. Other,9,3,6
S01008106,Never worked,49,17,32
S01008107,All people aged 16 to 74 not in employment,127,52,75
S01008107,A B D E. Agriculture energy and water,0,0,0
S01008107,C. Manufacturing,2,1,1
S01008107,F. Construction,9,9,0
S01008107,G I. Distribution hotels and restaurants,18,10,8
S01008107,H J. Transport and communication,15,4,11
S01008107,K L M N. Financial real estate professional and administrative activities,5,2,3
S01008107,O P Q. Public administration education and health,33,7,26
S01008107,R S T U. Other,5,0,5
S01008107,Never worked,40,19,21
S01008108,All people aged 16 to 74 not in employment,137,55,82
S01008108,A B D E. Agriculture energy and water,1,1,0
S01008108,C. Manufacturing,9,4,5
S01008108,F. Construction,6,4,2
S01008108,G I. Distribution hotels and restaurants,27,12,15
S01008108,H J. Transport and communication,12,4,8
S01008108,K L M N. Financial real estate professional and administrative activities,11,3,8
S01008108,O P Q. Public administration education and health,46,14,32
S01008108,R S T U. Other,4,4,0
S01008108,Never worked,21,9,12
S01008109,All people aged 16 to 74 not in employment,241,99,142
S01008109,A B D E. Agriculture energy and water,3,2,1
S01008109,C. Manufacturing,16,14,2
S01008109,F. Construction,12,10,2
S01008109,G I. Distribution hotels and restaurants,49,18,31
S01008109,H J. Transport and communication,24,6,18
S01008109,K L M N. Financial real estate professional and administrative activities,37,13,24
S01008109,O P Q. Public administration education and health,60,17,43
S01008109,R S T U. Other,3,1,2
S01008109,Never worked,37,18,19
S01008110,All people aged 16 to 74 not in employment,168,79,89
S01008110,A B D E. Agriculture energy and water,3,2,1
S01008110,C. Manufacturing,14,9,5
S01008110,F. Construction,9,8,1
S01008110,G I. Distribution hotels and restaurants,24,12,12
S01008110,H J. Transport and communication,10,7,3
S01008110,K L M N. Financial real estate professional and administrative activities,25,4,21
S01008110,O P Q. Public administration education and health,44,12,32
S01008110,R S T U. Other,7,6,1
S01008110,Never worked,32,19,13
S01008111,All people aged 16 to 74 not in employment,204,92,112
S01008111,A B D E. Agriculture energy and water,6,6,0
S01008111,C. Manufacturing,17,13,4
S01008111,F. Construction,8,6,2
S01008111,G I. Distribution hotels and restaurants,43,15,28
S01008111,H J. Transport and communication,14,4,10
S01008111,K L M N. Financial real estate professional and administrative activities,24,12,12
S01008111,O P Q. Public administration education and health,53,13,40
S01008111,R S T U. Other,6,1,5
S01008111,Never worked,33,22,11
S01008112,All people aged 16 to 74 not in employment,229,98,131
S01008112,A B D E. Agriculture energy and water,2,2,0
S01008112,C. Manufacturing,20,10,10
S01008112,F. Construction,15,12,3
S01008112,G I. Distribution hotels and restaurants,45,12,33
S01008112,H J. Transport and communication,11,5,6
S01008112,K L M N. Financial real estate professional and administrative activities,28,15,13
S01008112,O P Q. Public administration education and health,71,20,51
S01008112,R S T U. Other,7,5,2
S01008112,Never worked,30,17,13
S01008113,All people aged 16 to 74 not in employment,236,95,141
S01008113,A B D E. Agriculture energy and water,5,4,1
S01008113,C. Manufacturing,11,5,6
S01008113,F. Construction,13,10,3
S01008113,G I. Distribution hotels and restaurants,42,16,26
S01008113,H J. Transport and communication,22,12,10
S01008113,K L M N. Financial real estate professional and administrative activities,37,15,22
S01008113,O P Q. Public administration education and health,72,18,54
S01008113,R S T U. Other,10,1,9
S01008113,Never worked,24,14,10
S01008114,All people aged 16 to 74 not in employment,173,77,96
S01008114,A B D E. Agriculture energy and water,2,1,1
S01008114,C. Manufacturing,8,4,4
S01008114,F. Construction,14,11,3
S01008114,G I. Distribution hotels and restaurants,33,12,21
S01008114,H J. Transport and communication,6,2,4
S01008114,K L M N. Financial real estate professional and administrative activities,29,14,15
S01008114,O P Q. Public administration education and health,50,17,33
S01008114,R S T U. Other,8,2,6
S01008114,Never worked,23,14,9
S01008115,All people aged 16 to 74 not in employment,218,101,117
S01008115,A B D E. Agriculture energy and water,4,2,2
S01008115,C. Manufacturing,14,11,3
S01008115,F. Construction,15,15,0
S01008115,G I. Distribution hotels and restaurants,36,18,18
S01008115,H J. Transport and communication,15,6,9
S01008115,K L M N. Financial real estate professional and administrative activities,31,12,19
S01008115,O P Q. Public administration education and health,53,16,37
S01008115,R S T U. Other,8,1,7
S01008115,Never worked,42,20,22
S01008116,All people aged 16 to 74 not in employment,231,89,142
S01008116,A B D E. Agriculture energy and water,1,1,0
S01008116,C. Manufacturing,19,11,8
S01008116,F. Construction,17,12,5
S01008116,G I. Distribution hotels and restaurants,32,13,19
S01008116,H J. Transport and communication,9,2,7
S01008116,K L M N. Financial real estate professional and administrative activities,28,7,21
S01008116,O P Q. Public administration education and health,76,22,54
S01008116,R S T U. Other,7,1,6
S01008116,Never worked,42,20,22
S01008117,All people aged 16 to 74 not in employment,209,90,119
S01008117,A B D E. Agriculture energy and water,3,3,0
S01008117,C. Manufacturing,13,8,5
S01008117,F. Construction,8,7,1
S01008117,G I. Distribution hotels and restaurants,31,17,14
S01008117,H J. Transport and communication,11,6,5
S01008117,K L M N. Financial real estate professional and administrative activities,30,12,18
S01008117,O P Q. Public administration education and health,74,24,50
S01008117,R S T U. Other,6,3,3
S01008117,Never worked,33,10,23
S01008118,All people aged 16 to 74 not in employment,201,71,130
S01008118,A B D E. Agriculture energy and water,9,6,3
S01008118,C. Manufacturing,8,5,3
S01008118,F. Construction,14,12,2
S01008118,G I. Distribution hotels and restaurants,48,16,32
S01008118,H J. Transport and communication,12,6,6
S01008118,K L M N. Financial real estate professional and administrative activities,32,13,19
S01008118,O P Q. Public administration education and health,52,8,44
S01008118,R S T U. Other,2,0,2
S01008118,Never worked,24,5,19
S01008119,All people aged 16 to 74 not in employment,218,95,123
S01008119,A B D E. Agriculture energy and water,5,5,0
S01008119,C. Manufacturing,19,8,11
S01008119,F. Construction,18,18,0
S01008119,G I. Distribution hotels and restaurants,38,18,20
S01008119,H J. Transport and communication,11,3,8
S01008119,K L M N. Financial real estate professional and administrative activities,24,9,15
S01008119,O P Q. Public administration education and health,51,8,43
S01008119,R S T U. Other,7,2,5
S01008119,Never worked,45,24,21
S01008120,All people aged 16 to 74 not in employment,159,60,99
S01008120,A B D E. Agriculture energy and water,3,3,0
S01008120,C. Manufacturing,8,2,6
S01008120,F. Construction,10,7,3
S01008120,G I. Distribution hotels and restaurants,23,8,15
S01008120,H J. Transport and communication,9,4,5
S01008120,K L M N. Financial real estate professional and administrative activities,28,8,20
S01008120,O P Q. Public administration education and health,55,18,37
S01008120,R S T U. Other,5,1,4
S01008120,Never worked,18,9,9
S01008121,All people aged 16 to 74 not in employment,170,78,92
S01008121,A B D E. Agriculture energy and water,3,3,0
S01008121,C. Manufacturing,9,6,3
S01008121,F. Construction,9,8,1
S01008121,G I. Distribution hotels and restaurants,18,8,10
S01008121,H J. Transport and communication,5,4,1
S01008121,K L M N. Financial real estate professional and administrative activities,29,12,17
S01008121,O P Q. Public administration education and health,69,21,48
S01008121,R S T U. Other,8,3,5
S01008121,Never worked,20,13,7
S01008122,All people aged 16 to 74 not in employment,183,85,98
S01008122,A B D E. Agriculture energy and water,2,2,0
S01008122,C. Manufacturing,13,7,6
S01008122,F. Construction,9,7,2
S01008122,G I. Distribution hotels and restaurants,20,14,6
S01008122,H J. Transport and communication,10,7,3
S01008122,K L M N. Financial real estate professional and administrative activities,32,16,16
S01008122,O P Q. Public administration education and health,58,15,43
S01008122,R S T U. Other,9,3,6
S01008122,Never worked,30,14,16
S01008123,All people aged 16 to 74 not in employment,238,107,131
S01008123,A B D E. Agriculture energy and water,2,2,0
S01008123,C. Manufacturing,19,11,8
S01008123,F. Construction,5,5,0
S01008123,G I. Distribution hotels and restaurants,22,9,13
S01008123,H J. Transport and communication,21,12,9
S01008123,K L M N. Financial real estate professional and administrative activities,39,22,17
S01008123,O P Q. Public administration education and health,82,19,63
S01008123,R S T U. Other,7,3,4
S01008123,Never worked,41,24,17
S01008124,All people aged 16 to 74 not in employment,202,85,117
S01008124,A B D E. Agriculture energy and water,0,0,0
S01008124,C. Manufacturing,13,8,5
S01008124,F. Construction,11,8,3
S01008124,G I. Distribution hotels and restaurants,18,8,10
S01008124,H J. Transport and communication,8,3,5
S01008124,K L M N. Financial real estate professional and administrative activities,38,16,22
S01008124,O P Q. Public administration education and health,66,20,46
S01008124,R S T U. Other,7,2,5
S01008124,Never worked,41,20,21
S01008125,All people aged 16 to 74 not in employment,204,80,124
S01008125,A B D E. Agriculture energy and water,3,2,1
S01008125,C. Manufacturing,11,9,2
S01008125,F. Construction,8,3,5
S01008125,G I. Distribution hotels and restaurants,31,14,17
S01008125,H J. Transport and communication,13,9,4
S01008125,K L M N. Financial real estate professional and administrative activities,29,10,19
S01008125,O P Q. Public administration education and health,68,14,54
S01008125,R S T U. Other,11,4,7
S01008125,Never worked,30,15,15
S01008126,All people aged 16 to 74 not in employment,185,91,94
S01008126,A B D E. Agriculture energy and water,2,2,0
S01008126,C. Manufacturing,8,5,3
S01008126,F. Construction,11,9,2
S01008126,G I. Distribution hotels and restaurants,30,12,18
S01008126,H J. Transport and communication,19,12,7
S01008126,K L M N. Financial real estate professional and administrative activities,23,12,11
S01008126,O P Q. Public administration education and health,55,17,38
S01008126,R S T U. Other,5,2,3
S01008126,Never worked,32,20,12
S01008127,All people aged 16 to 74 not in employment,116,57,59
S01008127,A B D E. Agriculture energy and water,1,1,0
S01008127,C. Manufacturing,8,4,4
S01008127,F. Construction,5,3,2
S01008127,G I. Distribution hotels and restaurants,11,6,5
S01008127,H J. Transport and communication,3,1,2
S01008127,K L M N. Financial real estate professional and administrative activities,22,10,12
S01008127,O P Q. Public administration education and health,49,20,29
S01008127,R S T U. Other,2,2,0
S01008127,Never worked,15,10,5
S01008128,All people aged 16 to 74 not in employment,253,114,139
S01008128,A B D E. Agriculture energy and water,5,3,2
S01008128,C. Manufacturing,18,12,6
S01008128,F. Construction,16,14,2
S01008128,G I. Distribution hotels and restaurants,32,20,12
S01008128,H J. Transport and communication,15,7,8
S01008128,K L M N. Financial real estate professional and administrative activities,28,14,14
S01008128,O P Q. Public administration education and health,98,23,75
S01008128,R S T U. Other,3,1,2
S01008128,Never worked,38,20,18
S01008129,All people aged 16 to 74 not in employment,251,118,133
S01008129,A B D E. Agriculture energy and water,3,2,1
S01008129,C. Manufacturing,18,10,8
S01008129,F. Construction,18,17,1
S01008129,G I. Distribution hotels and restaurants,53,28,25
S01008129,H J. Transport and communication,18,7,11
S01008129,K L M N. Financial real estate professional and administrative activities,25,9,16
S01008129,O P Q. Public administration education and health,66,18,48
S01008129,R S T U. Other,8,3,5
S01008129,Never worked,42,24,18
S01008130,All people aged 16 to 74 not in employment,280,143,137
S01008130,A B D E. Agriculture energy and water,1,1,0
S01008130,C. Manufacturing,28,23,5
S01008130,F. Construction,21,18,3
S01008130,G I. Distribution hotels and restaurants,50,27,23
S01008130,H J. Transport and communication,20,6,14
S01008130,K L M N. Financial real estate professional and administrative activities,29,10,19
S01008130,O P Q. Public administration education and health,64,18,46
S01008130,R S T U. Other,6,3,3
S01008130,Never worked,61,37,24
S01008131,All people aged 16 to 74 not in employment,246,114,132
S01008131,A B D E. Agriculture energy and water,5,5,0
S01008131,C. Manufacturing,32,23,9
S01008131,F. Construction,23,18,5
S01008131,G I. Distribution hotels and restaurants,41,14,27
S01008131,H J. Transport and communication,14,2,12
S01008131,K L M N. Financial real estate professional and administrative activities,23,13,10
S01008131,O P Q. Public administration education and health,51,11,40
S01008131,R S T U. Other,12,5,7
S01008131,Never worked,45,23,22
S01008132,All people aged 16 to 74 not in employment,247,104,143
S01008132,A B D E. Agriculture energy and water,7,5,2
S01008132,C. Manufacturing,19,13,6
S01008132,F. Construction,9,6,3
S01008132,G I. Distribution hotels and restaurants,29,13,16
S01008132,H J. Transport and communication,15,7,8
S01008132,K L M N. Financial real estate professional and administrative activities,28,9,19
S01008132,O P Q. Public administration education and health,100,34,66
S01008132,R S T U. Other,13,4,9
S01008132,Never worked,27,13,14
S01008133,All people aged 16 to 74 not in employment,202,83,119
S01008133,A B D E. Agriculture energy and water,1,1,0
S01008133,C. Manufacturing,19,15,4
S01008133,F. Construction,15,13,2
S01008133,G I. Distribution hotels and restaurants,23,9,14
S01008133,H J. Transport and communication,17,8,9
S01008133,K L M N. Financial real estate professional and administrative activities,21,5,16
S01008133,O P Q. Public administration education and health,69,18,51
S01008133,R S T U. Other,5,1,4
S01008133,Never worked,32,13,19
S01008134,All people aged 16 to 74 not in employment,145,68,77
S01008134,A B D E. Agriculture energy and water,2,1,1
S01008134,C. Manufacturing,18,13,5
S01008134,F. Construction,10,10,0
S01008134,G I. Distribution hotels and restaurants,25,9,16
S01008134,H J. Transport and communication,11,5,6
S01008134,K L M N. Financial real estate professional and administrative activities,14,7,7
S01008134,O P Q. Public administration education and health,39,13,26
S01008134,R S T U. Other,5,1,4
S01008134,Never worked,21,9,12
S01008135,All people aged 16 to 74 not in employment,264,126,138
S01008135,A B D E. Agriculture energy and water,7,1,6
S01008135,C. Manufacturing,19,15,4
S01008135,F. Construction,27,21,6
S01008135,G I. Distribution hotels and restaurants,28,12,16
S01008135,H J. Transport and communication,14,7,7
S01008135,K L M N. Financial real estate professional and administrative activities,29,14,15
S01008135,O P Q. Public administration education and health,63,13,50
S01008135,R S T U. Other,9,2,7
S01008135,Never worked,68,41,27
S01008136,All people aged 16 to 74 not in employment,247,119,128
S01008136,A B D E. Agriculture energy and water,3,3,0
S01008136,C. Manufacturing,26,17,9
S01008136,F. Construction,21,18,3
S01008136,G I. Distribution hotels and restaurants,47,19,28
S01008136,H J. Transport and communication,10,6,4
S01008136,K L M N. Financial real estate professional and administrative activities,24,12,12
S01008136,O P Q. Public administration education and health,62,17,45
S01008136,R S T U. Other,10,5,5
S01008136,Never worked,44,22,22
S01008137,All people aged 16 to 74 not in employment,311,137,174
S01008137,A B D E. Agriculture energy and water,5,5,0
S01008137,C. Manufacturing,30,14,16
S01008137,F. Construction,29,25,4
S01008137,G I. Distribution hotels and restaurants,43,21,22
S01008137,H J. Transport and communication,24,7,17
S01008137,K L M N. Financial real estate professional and administrative activities,21,9,12
S01008137,O P Q. Public administration education and health,68,16,52
S01008137,R S T U. Other,10,4,6
S01008137,Never worked,81,36,45
S01008138,All people aged 16 to 74 not in employment,284,143,141
S01008138,A B D E. Agriculture energy and water,6,6,0
S01008138,C. Manufacturing,22,15,7
S01008138,F. Construction,22,22,0
S01008138,G I. Distribution hotels and restaurants,39,20,19
S01008138,H J. Transport and communication,38,13,25
S01008138,K L M N. Financial real estate professional and administrative activities,27,11,16
S01008138,O P Q. Public administration education and health,57,17,40
S01008138,R S T U. Other,11,4,7
S01008138,Never worked,62,35,27
S01008139,All people aged 16 to 74 not in employment,284,154,130
S01008139,A B D E. Agriculture energy and water,6,4,2
S01008139,C. Manufacturing,31,25,6
S01008139,F. Construction,32,31,1
S01008139,G I. Distribution hotels and restaurants,39,16,23
S01008139,H J. Transport and communication,17,5,12
S01008139,K L M N. Financial real estate professional and administrative activities,28,15,13
S01008139,O P Q. Public administration education and health,67,21,46
S01008139,R S T U. Other,12,4,8
S01008139,Never worked,52,33,19
S01008140,All people aged 16 to 74 not in employment,140,63,77
S01008140,A B D E. Agriculture energy and water,7,4,3
S01008140,C. Manufacturing,14,7,7
S01008140,F. Construction,17,15,2
S01008140,G I. Distribution hotels and restaurants,22,3,19
S01008140,H J. Transport and communication,11,5,6
S01008140,K L M N. Financial real estate professional and administrative activities,18,6,12
S01008140,O P Q. Public administration education and health,23,8,15
S01008140,R S T U. Other,1,1,0
S01008140,Never worked,27,14,13
S01008141,All people aged 16 to 74 not in employment,218,96,122
S01008141,A B D E. Agriculture energy and water,7,7,0
S01008141,C. Manufacturing,9,5,4
S01008141,F. Construction,13,11,2
S01008141,G I. Distribution hotels and restaurants,50,19,31
S01008141,H J. Transport and communication,14,6,8
S01008141,K L M N. Financial real estate professional and administrative activities,22,9,13
S01008141,O P Q. Public administration education and health,57,18,39
S01008141,R S T U. Other,12,4,8
S01008141,Never worked,34,17,17
S01008142,All people aged 16 to 74 not in employment,191,83,108
S01008142,A B D E. Agriculture energy and water,2,2,0
S01008142,C. Manufacturing,13,5,8
S01008142,F. Construction,8,6,2
S01008142,G I. Distribution hotels and restaurants,37,9,28
S01008142,H J. Transport and communication,20,11,9
S01008142,K L M N. Financial real estate professional and administrative activities,26,11,15
S01008142,O P Q. Public administration education and health,53,20,33
S01008142,R S T U. Other,2,1,1
S01008142,Never worked,30,18,12
S01008143,All people aged 16 to 74 not in employment,284,121,163
S01008143,A B D E. Agriculture energy and water,7,6,1
S01008143,C. Manufacturing,24,14,10
S01008143,F. Construction,25,20,5
S01008143,G I. Distribution hotels and restaurants,41,20,21
S01008143,H J. Transport and communication,19,3,16
S01008143,K L M N. Financial real estate professional and administrative activities,29,10,19
S01008143,O P Q. Public administration education and health,75,18,57
S01008143,R S T U. Other,15,6,9
S01008143,Never worked,49,24,25
S01008144,All people aged 16 to 74 not in employment,160,69,91
S01008144,A B D E. Agriculture energy and water,5,4,1
S01008144,C. Manufacturing,13,5,8
S01008144,F. Construction,6,6,0
S01008144,G I. Distribution hotels and restaurants,30,13,17
S01008144,H J. Transport and communication,13,5,8
S01008144,K L M N. Financial real estate professional and administrative activities,13,4,9
S01008144,O P Q. Public administration education and health,45,11,34
S01008144,R S T U. Other,3,0,3
S01008144,Never worked,32,21,11
S01008145,All people aged 16 to 74 not in employment,217,113,104
S01008145,A B D E. Agriculture energy and water,15,14,1
S01008145,C. Manufacturing,29,18,11
S01008145,F. Construction,26,25,1
S01008145,G I. Distribution hotels and restaurants,34,17,17
S01008145,H J. Transport and communication,9,1,8
S01008145,K L M N. Financial real estate professional and administrative activities,22,8,14
S01008145,O P Q. Public administration education and health,36,12,24
S01008145,R S T U. Other,7,3,4
S01008145,Never worked,39,15,24
S01008146,All people aged 16 to 74 not in employment,166,71,95
S01008146,A B D E. Agriculture energy and water,3,3,0
S01008146,C. Manufacturing,15,11,4
S01008146,F. Construction,16,14,2
S01008146,G I. Distribution hotels and restaurants,30,9,21
S01008146,H J. Transport and communication,12,5,7
S01008146,K L M N. Financial real estate professional and administrative activities,20,10,10
S01008146,O P Q. Public administration education and health,42,6,36
S01008146,R S T U. Other,4,1,3
S01008146,Never worked,24,12,12
S01008147,All people aged 16 to 74 not in employment,216,98,118
S01008147,A B D E. Agriculture energy and water,9,8,1
S01008147,C. Manufacturing,15,9,6
S01008147,F. Construction,13,13,0
S01008147,G I. Distribution hotels and restaurants,44,20,24
S01008147,H J. Transport and communication,13,8,5
S01008147,K L M N. Financial real estate professional and administrative activities,17,5,12
S01008147,O P Q. Public administration education and health,67,18,49
S01008147,R S T U. Other,11,2,9
S01008147,Never worked,27,15,12
S01008148,All people aged 16 to 74 not in employment,200,104,96
S01008148,A B D E. Agriculture energy and water,2,2,0
S01008148,C. Manufacturing,21,14,7
S01008148,F. Construction,12,12,0
S01008148,G I. Distribution hotels and restaurants,43,27,16
S01008148,H J. Transport and communication,16,11,5
S01008148,K L M N. Financial real estate professional and administrative activities,17,10,7
S01008148,O P Q. Public administration education and health,52,13,39
S01008148,R S T U. Other,9,1,8
S01008148,Never worked,28,14,14
S01008149,All people aged 16 to 74 not in employment,193,85,108
S01008149,A B D E. Agriculture energy and water,3,2,1
S01008149,C. Manufacturing,23,16,7
S01008149,F. Construction,14,12,2
S01008149,G I. Distribution hotels and restaurants,41,18,23
S01008149,H J. Transport and communication,15,6,9
S01008149,K L M N. Financial real estate professional and administrative activities,14,4,10
S01008149,O P Q. Public administration education and health,52,13,39
S01008149,R S T U. Other,5,2,3
S01008149,Never worked,26,12,14
S01008150,All people aged 16 to 74 not in employment,279,119,160
S01008150,A B D E. Agriculture energy and water,2,2,0
S01008150,C. Manufacturing,19,11,8
S01008150,F. Construction,28,25,3
S01008150,G I. Distribution hotels and restaurants,51,23,28
S01008150,H J. Transport and communication,19,5,14
S01008150,K L M N. Financial real estate professional and administrative activities,20,8,12
S01008150,O P Q. Public administration education and health,73,18,55
S01008150,R S T U. Other,17,2,15
S01008150,Never worked,50,25,25
S01008151,All people aged 16 to 74 not in employment,192,96,96
S01008151,A B D E. Agriculture energy and water,5,4,1
S01008151,C. Manufacturing,17,10,7
S01008151,F. Construction,16,16,0
S01008151,G I. Distribution hotels and restaurants,45,20,25
S01008151,H J. Transport and communication,5,3,2
S01008151,K L M N. Financial real estate professional and administrative activities,14,7,7
S01008151,O P Q. Public administration education and health,40,10,30
S01008151,R S T U. Other,7,1,6
S01008151,Never worked,43,25,18
S01008152,All people aged 16 to 74 not in employment,318,128,190
S01008152,A B D E. Agriculture energy and water,11,7,4
S01008152,C. Manufacturing,29,13,16
S01008152,F. Construction,20,17,3
S01008152,G I. Distribution hotels and restaurants,72,32,40
S01008152,H J. Transport and communication,16,8,8
S01008152,K L M N. Financial real estate professional and administrative activities,24,9,15
S01008152,O P Q. Public administration education and health,90,20,70
S01008152,R S T U. Other,16,6,10
S01008152,Never worked,40,16,24
S01008153,All people aged 16 to 74 not in employment,204,91,113
S01008153,A B D E. Agriculture energy and water,4,3,1
S01008153,C. Manufacturing,11,7,4
S01008153,F. Construction,8,6,2
S01008153,G I. Distribution hotels and restaurants,37,20,17
S01008153,H J. Transport and communication,16,8,8
S01008153,K L M N. Financial real estate professional and administrative activities,20,8,12
S01008153,O P Q. Public administration education and health,61,17,44
S01008153,R S T U. Other,7,2,5
S01008153,Never worked,40,20,20
S01008154,All people aged 16 to 74 not in employment,258,120,138
S01008154,A B D E. Agriculture energy and water,4,3,1
S01008154,C. Manufacturing,15,11,4
S01008154,F. Construction,12,9,3
S01008154,G I. Distribution hotels and restaurants,35,19,16
S01008154,H J. Transport and communication,16,7,9
S01008154,K L M N. Financial real estate professional and administrative activities,37,18,19
S01008154,O P Q. Public administration education and health,99,32,67
S01008154,R S T U. Other,8,2,6
S01008154,Never worked,32,19,13
S01008155,All people aged 16 to 74 not in employment,188,82,106
S01008155,A B D E. Agriculture energy and water,1,1,0
S01008155,C. Manufacturing,15,9,6
S01008155,F. Construction,12,10,2
S01008155,G I. Distribution hotels and restaurants,20,8,12
S01008155,H J. Transport and communication,9,6,3
S01008155,K L M N. Financial real estate professional and administrative activities,20,8,12
S01008155,O P Q. Public administration education and health,70,22,48
S01008155,R S T U. Other,4,2,2
S01008155,Never worked,37,16,21
S01008156,All people aged 16 to 74 not in employment,266,125,141
S01008156,A B D E. Agriculture energy and water,6,2,4
S01008156,C. Manufacturing,13,5,8
S01008156,F. Construction,30,26,4
S01008156,G I. Distribution hotels and restaurants,47,27,20
S01008156,H J. Transport and communication,16,5,11
S01008156,K L M N. Financial real estate professional and administrative activities,19,10,9
S01008156,O P Q. Public administration education and health,83,25,58
S01008156,R S T U. Other,10,6,4
S01008156,Never worked,42,19,23
S01008157,All people aged 16 to 74 not in employment,181,74,107
S01008157,A B D E. Agriculture energy and water,0,0,0
S01008157,C. Manufacturing,9,3,6
S01008157,F. Construction,11,10,1
S01008157,G I. Distribution hotels and restaurants,29,14,15
S01008157,H J. Transport and communication,12,5,7
S01008157,K L M N. Financial real estate professional and administrative activities,13,7,6
S01008157,O P Q. Public administration education and health,65,18,47
S01008157,R S T U. Other,5,0,5
S01008157,Never worked,37,17,20
S01008158,All people aged 16 to 74 not in employment,140,54,86
S01008158,A B D E. Agriculture energy and water,4,3,1
S01008158,C. Manufacturing,6,4,2
S01008158,F. Construction,10,8,2
S01008158,G I. Distribution hotels and restaurants,19,8,11
S01008158,H J. Transport and communication,12,7,5
S01008158,K L M N. Financial real estate professional and administrative activities,20,5,15
S01008158,O P Q. Public administration education and health,42,9,33
S01008158,R S T U. Other,1,0,1
S01008158,Never worked,26,10,16
S01008159,All people aged 16 to 74 not in employment,329,146,183
S01008159,A B D E. Agriculture energy and water,8,6,2
S01008159,C. Manufacturing,16,8,8
S01008159,F. Construction,32,31,1
S01008159,G I. Distribution hotels and restaurants,44,18,26
S01008159,H J. Transport and communication,19,10,9
S01008159,K L M N. Financial real estate professional and administrative activities,30,17,13
S01008159,O P Q. Public administration education and health,101,20,81
S01008159,R S T U. Other,22,8,14
S01008159,Never worked,57,28,29
S01008160,All people aged 16 to 74 not in employment,274,126,148
S01008160,A B D E. Agriculture energy and water,4,2,2
S01008160,C. Manufacturing,34,22,12
S01008160,F. Construction,14,12,2
S01008160,G I. Distribution hotels and restaurants,30,20,10
S01008160,H J. Transport and communication,32,8,24
S01008160,K L M N. Financial real estate professional and administrative activities,22,11,11
S01008160,O P Q. Public administration education and health,79,25,54
S01008160,R S T U. Other,5,1,4
S01008160,Never worked,54,25,29
S01008161,All people aged 16 to 74 not in employment,175,83,92
S01008161,A B D E. Agriculture energy and water,9,6,3
S01008161,C. Manufacturing,10,3,7
S01008161,F. Construction,11,8,3
S01008161,G I. Distribution hotels and restaurants,22,9,13
S01008161,H J. Transport and communication,9,5,4
S01008161,K L M N. Financial real estate professional and administrative activities,20,11,9
S01008161,O P Q. Public administration education and health,48,15,33
S01008161,R S T U. Other,6,5,1
S01008161,Never worked,40,21,19
S01008162,All people aged 16 to 74 not in employment,236,101,135
S01008162,A B D E. Agriculture energy and water,9,5,4
S01008162,C. Manufacturing,16,14,2
S01008162,F. Construction,21,20,1
S01008162,G I. Distribution hotels and restaurants,31,11,20
S01008162,H J. Transport and communication,18,6,12
S01008162,K L M N. Financial real estate professional and administrative activities,20,5,15
S01008162,O P Q. Public administration education and health,90,22,68
S01008162,R S T U. Other,9,5,4
S01008162,Never worked,22,13,9
S01008163,All people aged 16 to 74 not in employment,212,86,126
S01008163,A B D E. Agriculture energy and water,11,8,3
S01008163,C. Manufacturing,10,5,5
S01008163,F. Construction,19,18,1
S01008163,G I. Distribution hotels and restaurants,46,11,35
S01008163,H J. Transport and communication,20,13,7
S01008163,K L M N. Financial real estate professional and administrative activities,22,11,11
S01008163,O P Q. Public administration education and health,43,4,39
S01008163,R S T U. Other,5,2,3
S01008163,Never worked,36,14,22
S01008164,All people aged 16 to 74 not in employment,761,223,538
S01008164,A B D E. Agriculture energy and water,6,2,4
S01008164,C. Manufacturing,27,18,9
S01008164,F. Construction,19,17,2
S01008164,G I. Distribution hotels and restaurants,156,42,114
S01008164,H J. Transport and communication,152,35,117
S01008164,K L M N. Financial real estate professional and administrative activities,48,19,29
S01008164,O P Q. Public administration education and health,113,23,90
S01008164,R S T U. Other,61,18,43
S01008164,Never worked,179,49,130
S01008165,All people aged 16 to 74 not in employment,104,48,56
S01008165,A B D E. Agriculture energy and water,7,7,0
S01008165,C. Manufacturing,7,3,4
S01008165,F. Construction,7,5,2
S01008165,G I. Distribution hotels and restaurants,16,5,11
S01008165,H J. Transport and communication,6,3,3
S01008165,K L M N. Financial real estate professional and administrative activities,10,3,7
S01008165,O P Q. Public administration education and health,16,3,13
S01008165,R S T U. Other,5,2,3
S01008165,Never worked,30,17,13
S01008166,All people aged 16 to 74 not in employment,145,72,73
S01008166,A B D E. Agriculture energy and water,8,7,1
S01008166,C. Manufacturing,8,1,7
S01008166,F. Construction,12,12,0
S01008166,G I. Distribution hotels and restaurants,41,20,21
S01008166,H J. Transport and communication,14,2,12
S01008166,K L M N. Financial real estate professional and administrative activities,10,6,4
S01008166,O P Q. Public administration education and health,22,6,16
S01008166,R S T U. Other,5,3,2
S01008166,Never worked,25,15,10
S01008167,All people aged 16 to 74 not in employment,211,85,126
S01008167,A B D E. Agriculture energy and water,16,10,6
S01008167,C. Manufacturing,12,6,6
S01008167,F. Construction,23,20,3
S01008167,G I. Distribution hotels and restaurants,60,18,42
S01008167,H J. Transport and communication,16,5,11
S01008167,K L M N. Financial real estate professional and administrative activities,9,3,6
S01008167,O P Q. Public administration education and health,27,7,20
S01008167,R S T U. Other,12,4,8
S01008167,Never worked,36,12,24
S01008168,All people aged 16 to 74 not in employment,227,92,135
S01008168,A B D E. Agriculture energy and water,3,3,0
S01008168,C. Manufacturing,9,3,6
S01008168,F. Construction,19,18,1
S01008168,G I. Distribution hotels and restaurants,49,23,26
S01008168,H J. Transport and communication,22,7,15
S01008168,K L M N. Financial real estate professional and administrative activities,25,10,15
S01008168,O P Q. Public administration education and health,50,13,37
S01008168,R S T U. Other,8,1,7
S01008168,Never worked,42,14,28
S01008169,All people aged 16 to 74 not in employment,155,66,89
S01008169,A B D E. Agriculture energy and water,7,6,1
S01008169,C. Manufacturing,7,5,2
S01008169,F. Construction,13,11,2
S01008169,G I. Distribution hotels and restaurants,34,16,18
S01008169,H J. Transport and communication,15,5,10
S01008169,K L M N. Financial real estate professional and administrative activities,12,3,9
S01008169,O P Q. Public administration education and health,28,6,22
S01008169,R S T U. Other,11,1,10
S01008169,Never worked,28,13,15
S01008170,All people aged 16 to 74 not in employment,113,50,63
S01008170,A B D E. Agriculture energy and water,7,5,2
S01008170,C. Manufacturing,6,5,1
S01008170,F. Construction,7,6,1
S01008170,G I. Distribution hotels and restaurants,25,9,16
S01008170,H J. Transport and communication,11,3,8
S01008170,K L M N. Financial real estate professional and administrative activities,13,5,8
S01008170,O P Q. Public administration education and health,25,5,20
S01008170,R S T U. Other,2,0,2
S01008170,Never worked,17,12,5
S01008171,All people aged 16 to 74 not in employment,177,74,103
S01008171,A B D E. Agriculture energy and water,7,6,1
S01008171,C. Manufacturing,17,12,5
S01008171,F. Construction,11,11,0
S01008171,G I. Distribution hotels and restaurants,41,13,28
S01008171,H J. Transport and communication,13,5,8
S01008171,K L M N. Financial real estate professional and administrative activities,19,5,14
S01008171,O P Q. Public administration education and health,34,8,26
S01008171,R S T U. Other,12,3,9
S01008171,Never worked,23,11,12
S01008172,All people aged 16 to 74 not in employment,147,64,83
S01008172,A B D E. Agriculture energy and water,4,4,0
S01008172,C. Manufacturing,10,6,4
S01008172,F. Construction,13,13,0
S01008172,G I. Distribution hotels and restaurants,24,8,16
S01008172,H J. Transport and communication,7,3,4
S01008172,K L M N. Financial real estate professional and administrative activities,19,7,12
S01008172,O P Q. Public administration education and health,46,9,37
S01008172,R S T U. Other,7,4,3
S01008172,Never worked,17,10,7
S01008173,All people aged 16 to 74 not in employment,134,54,80
S01008173,A B D E. Agriculture energy and water,4,3,1
S01008173,C. Manufacturing,7,5,2
S01008173,F. Construction,12,10,2
S01008173,G I. Distribution hotels and restaurants,22,7,15
S01008173,H J. Transport and communication,11,2,9
S01008173,K L M N. Financial real estate professional and administrative activities,17,3,14
S01008173,O P Q. Public administration education and health,37,10,27
S01008173,R S T U. Other,1,1,0
S01008173,Never worked,23,13,10
S01008174,All people aged 16 to 74 not in employment,107,47,60
S01008174,A B D E. Agriculture energy and water,5,3,2
S01008174,C. Manufacturing,6,5,1
S01008174,F. Construction,5,5,0
S01008174,G I. Distribution hotels and restaurants,26,15,11
S01008174,H J. Transport and communication,8,2,6
S01008174,K L M N. Financial real estate professional and administrative activities,17,2,15
S01008174,O P Q. Public administration education and health,25,8,17
S01008174,R S T U. Other,4,0,4
S01008174,Never worked,11,7,4
S01008175,All people aged 16 to 74 not in employment,169,71,98
S01008175,A B D E. Agriculture energy and water,6,6,0
S01008175,C. Manufacturing,4,0,4
S01008175,F. Construction,15,12,3
S01008175,G I. Distribution hotels and restaurants,37,16,21
S01008175,H J. Transport and communication,12,5,7
S01008175,K L M N. Financial real estate professional and administrative activities,27,8,19
S01008175,O P Q. Public administration education and health,39,10,29
S01008175,R S T U. Other,11,4,7
S01008175,Never worked,18,10,8
S01008176,All people aged 16 to 74 not in employment,178,74,104
S01008176,A B D E. Agriculture energy and water,5,5,0
S01008176,C. Manufacturing,7,5,2
S01008176,F. Construction,15,11,4
S01008176,G I. Distribution hotels and restaurants,31,11,20
S01008176,H J. Transport and communication,13,3,10
S01008176,K L M N. Financial real estate professional and administrative activities,30,15,15
S01008176,O P Q. Public administration education and health,46,11,35
S01008176,R S T U. Other,11,1,10
S01008176,Never worked,20,12,8
S01008177,All people aged 16 to 74 not in employment,212,91,121
S01008177,A B D E. Agriculture energy and water,6,3,3
S01008177,C. Manufacturing,11,6,5
S01008177,F. Construction,17,16,1
S01008177,G I. Distribution hotels and restaurants,46,21,25
S01008177,H J. Transport and communication,18,8,10
S01008177,K L M N. Financial real estate professional and administrative activities,29,10,19
S01008177,O P Q. Public administration education and health,52,9,43
S01008177,R S T U. Other,9,1,8
S01008177,Never worked,24,17,7
S01008178,All people aged 16 to 74 not in employment,205,81,124
S01008178,A B D E. Agriculture energy and water,5,4,1
S01008178,C. Manufacturing,12,10,2
S01008178,F. Construction,6,5,1
S01008178,G I. Distribution hotels and restaurants,41,17,24
S01008178,H J. Transport and communication,8,3,5
S01008178,K L M N. Financial real estate professional and administrative activities,41,13,28
S01008178,O P Q. Public administration education and health,64,15,49
S01008178,R S T U. Other,9,4,5
S01008178,Never worked,19,10,9
S01008179,All people aged 16 to 74 not in employment,93,37,56
S01008179,A B D E. Agriculture energy and water,2,1,1
S01008179,C. Manufacturing,2,0,2
S01008179,F. Construction,5,4,1
S01008179,G I. Distribution hotels and restaurants,24,12,12
S01008179,H J. Transport and communication,3,2,1
S01008179,K L M N. Financial real estate professional and administrative activities,12,3,9
S01008179,O P Q. Public administration education and health,18,4,14
S01008179,R S T U. Other,3,1,2
S01008179,Never worked,24,10,14
S01008180,All people aged 16 to 74 not in employment,88,47,41
S01008180,A B D E. Agriculture energy and water,2,2,0
S01008180,C. Manufacturing,3,3,0
S01008180,F. Construction,4,4,0
S01008180,G I. Distribution hotels and restaurants,13,7,6
S01008180,H J. Transport and communication,6,1,5
S01008180,K L M N. Financial real estate professional and administrative activities,19,10,9
S01008180,O P Q. Public administration education and health,19,4,15
S01008180,R S T U. Other,0,0,0
S01008180,Never worked,22,16,6
S01008181,All people aged 16 to 74 not in employment,178,76,102
S01008181,A B D E. Agriculture energy and water,9,9,0
S01008181,C. Manufacturing,8,6,2
S01008181,F. Construction,9,7,2
S01008181,G I. Distribution hotels and restaurants,36,14,22
S01008181,H J. Transport and communication,5,3,2
S01008181,K L M N. Financial real estate professional and administrative activities,32,11,21
S01008181,O P Q. Public administration education and health,46,14,32
S01008181,R S T U. Other,7,4,3
S01008181,Never worked,26,8,18
S01008182,All people aged 16 to 74 not in employment,229,95,134
S01008182,A B D E. Agriculture energy and water,5,4,1
S01008182,C. Manufacturing,17,13,4
S01008182,F. Construction,22,22,0
S01008182,G I. Distribution hotels and restaurants,46,20,26
S01008182,H J. Transport and communication,16,5,11
S01008182,K L M N. Financial real estate professional and administrative activities,25,8,17
S01008182,O P Q. Public administration education and health,49,9,40
S01008182,R S T U. Other,22,5,17
S01008182,Never worked,27,9,18
S01008183,All people aged 16 to 74 not in employment,135,64,71
S01008183,A B D E. Agriculture energy and water,2,2,0
S01008183,C. Manufacturing,10,7,3
S01008183,F. Construction,12,9,3
S01008183,G I. Distribution hotels and restaurants,25,8,17
S01008183,H J. Transport and communication,14,8,6
S01008183,K L M N. Financial real estate professional and administrative activities,17,7,10
S01008183,O P Q. Public administration education and health,28,9,19
S01008183,R S T U. Other,9,3,6
S01008183,Never worked,18,11,7
S01008184,All people aged 16 to 74 not in employment,208,107,101
S01008184,A B D E. Agriculture energy and water,11,9,2
S01008184,C. Manufacturing,17,10,7
S01008184,F. Construction,21,21,0
S01008184,G I. Distribution hotels and restaurants,31,15,16
S01008184,H J. Transport and communication,18,5,13
S01008184,K L M N. Financial real estate professional and administrative activities,25,16,9
S01008184,O P Q. Public administration education and health,56,22,34
S01008184,R S T U. Other,14,5,9
S01008184,Never worked,15,4,11
S01008185,All people aged 16 to 74 not in employment,256,108,148
S01008185,A B D E. Agriculture energy and water,5,3,2
S01008185,C. Manufacturing,17,9,8
S01008185,F. Construction,22,21,1
S01008185,G I. Distribution hotels and restaurants,48,16,32
S01008185,H J. Transport and communication,20,6,14
S01008185,K L M N. Financial real estate professional and administrative activities,29,11,18
S01008185,O P Q. Public administration education and health,72,19,53
S01008185,R S T U. Other,14,6,8
S01008185,Never worked,29,17,12
S01008186,All people aged 16 to 74 not in employment,292,150,142
S01008186,A B D E. Agriculture energy and water,7,5,2
S01008186,C. Manufacturing,14,12,2
S01008186,F. Construction,12,10,2
S01008186,G I. Distribution hotels and restaurants,43,21,22
S01008186,H J. Transport and communication,29,17,12
S01008186,K L M N. Financial real estate professional and administrative activities,17,9,8
S01008186,O P Q. Public administration education and health,46,6,40
S01008186,R S T U. Other,18,9,9
S01008186,Never worked,106,61,45
S01008187,All people aged 16 to 74 not in employment,157,71,86
S01008187,A B D E. Agriculture energy and water,12,6,6
S01008187,C. Manufacturing,6,5,1
S01008187,F. Construction,12,12,0
S01008187,G I. Distribution hotels and restaurants,30,14,16
S01008187,H J. Transport and communication,13,5,8
S01008187,K L M N. Financial real estate professional and administrative activities,12,7,5
S01008187,O P Q. Public administration education and health,31,6,25
S01008187,R S T U. Other,6,2,4
S01008187,Never worked,35,14,21
S01008188,All people aged 16 to 74 not in employment,256,107,149
S01008188,A B D E. Agriculture energy and water,2,2,0
S01008188,C. Manufacturing,9,5,4
S01008188,F. Construction,18,17,1
S01008188,G I. Distribution hotels and restaurants,64,33,31
S01008188,H J. Transport and communication,24,8,16
S01008188,K L M N. Financial real estate professional and administrative activities,23,8,15
S01008188,O P Q. Public administration education and health,62,10,52
S01008188,R S T U. Other,12,3,9
S01008188,Never worked,42,21,21
S01008189,All people aged 16 to 74 not in employment,157,60,97
S01008189,A B D E. Agriculture energy and water,5,3,2
S01008189,C. Manufacturing,10,6,4
S01008189,F. Construction,6,6,0
S01008189,G I. Distribution hotels and restaurants,24,11,13
S01008189,H J. Transport and communication,12,4,8
S01008189,K L M N. Financial real estate professional and administrative activities,27,8,19
S01008189,O P Q. Public administration education and health,48,12,36
S01008189,R S T U. Other,10,3,7
S01008189,Never worked,15,7,8
S01008190,All people aged 16 to 74 not in employment,240,96,144
S01008190,A B D E. Agriculture energy and water,10,7,3
S01008190,C. Manufacturing,13,5,8
S01008190,F. Construction,18,17,1
S01008190,G I. Distribution hotels and restaurants,47,20,27
S01008190,H J. Transport and communication,23,2,21
S01008190,K L M N. Financial real estate professional and administrative activities,27,13,14
S01008190,O P Q. Public administration education and health,49,8,41
S01008190,R S T U. Other,11,4,7
S01008190,Never worked,42,20,22
S01008191,All people aged 16 to 74 not in employment,135,48,87
S01008191,A B D E. Agriculture energy and water,4,2,2
S01008191,C. Manufacturing,3,3,0
S01008191,F. Construction,6,5,1
S01008191,G I. Distribution hotels and restaurants,25,11,14
S01008191,H J. Transport and communication,15,4,11
S01008191,K L M N. Financial real estate professional and administrative activities,15,5,10
S01008191,O P Q. Public administration education and health,39,8,31
S01008191,R S T U. Other,2,1,1
S01008191,Never worked,26,9,17
S01008192,All people aged 16 to 74 not in employment,205,74,131
S01008192,A B D E. Agriculture energy and water,8,7,1
S01008192,C. Manufacturing,7,5,2
S01008192,F. Construction,12,12,0
S01008192,G I. Distribution hotels and restaurants,39,15,24
S01008192,H J. Transport and communication,12,0,12
S01008192,K L M N. Financial real estate professional and administrative activities,25,8,17
S01008192,O P Q. Public administration education and health,50,14,36
S01008192,R S T U. Other,10,3,7
S01008192,Never worked,42,10,32
S01008193,All people aged 16 to 74 not in employment,171,76,95
S01008193,A B D E. Agriculture energy and water,3,3,0
S01008193,C. Manufacturing,4,4,0
S01008193,F. Construction,10,10,0
S01008193,G I. Distribution hotels and restaurants,39,18,21
S01008193,H J. Transport and communication,12,5,7
S01008193,K L M N. Financial real estate professional and administrative activities,23,9,14
S01008193,O P Q. Public administration education and health,48,10,38
S01008193,R S T U. Other,3,1,2
S01008193,Never worked,29,16,13
S01008194,All people aged 16 to 74 not in employment,144,62,82
S01008194,A B D E. Agriculture energy and water,4,3,1
S01008194,C. Manufacturing,5,5,0
S01008194,F. Construction,11,10,1
S01008194,G I. Distribution hotels and restaurants,26,9,17
S01008194,H J. Transport and communication,17,8,9
S01008194,K L M N. Financial real estate professional and administrative activities,18,8,10
S01008194,O P Q. Public administration education and health,37,7,30
S01008194,R S T U. Other,8,2,6
S01008194,Never worked,18,10,8
S01008195,All people aged 16 to 74 not in employment,205,97,108
S01008195,A B D E. Agriculture energy and water,12,11,1
S01008195,C. Manufacturing,10,7,3
S01008195,F. Construction,15,11,4
S01008195,G I. Distribution hotels and restaurants,44,20,24
S01008195,H J. Transport and communication,12,1,11
S01008195,K L M N. Financial real estate professional and administrative activities,17,5,12
S01008195,O P Q. Public administration education and health,38,12,26
S01008195,R S T U. Other,6,4,2
S01008195,Never worked,51,26,25
S01008196,All people aged 16 to 74 not in employment,200,91,109
S01008196,A B D E. Agriculture energy and water,5,4,1
S01008196,C. Manufacturing,11,8,3
S01008196,F. Construction,12,11,1
S01008196,G I. Distribution hotels and restaurants,44,18,26
S01008196,H J. Transport and communication,21,8,13
S01008196,K L M N. Financial real estate professional and administrative activities,20,10,10
S01008196,O P Q. Public administration education and health,33,9,24
S01008196,R S T U. Other,8,5,3
S01008196,Never worked,46,18,28
S01008197,All people aged 16 to 74 not in employment,135,62,73
S01008197,A B D E. Agriculture energy and water,5,2,3
S01008197,C. Manufacturing,5,3,2
S01008197,F. Construction,13,10,3
S01008197,G I. Distribution hotels and restaurants,24,9,15
S01008197,H J. Transport and communication,11,4,7
S01008197,K L M N. Financial real estate professional and administrative activities,18,6,12
S01008197,O P Q. Public administration education and health,20,3,17
S01008197,R S T U. Other,8,3,5
S01008197,Never worked,31,22,9
S01008198,All people aged 16 to 74 not in employment,196,90,106
S01008198,A B D E. Agriculture energy and water,10,7,3
S01008198,C. Manufacturing,15,11,4
S01008198,F. Construction,18,16,2
S01008198,G I. Distribution hotels and restaurants,41,16,25
S01008198,H J. Transport and communication,15,4,11
S01008198,K L M N. Financial real estate professional and administrative activities,26,12,14
S01008198,O P Q. Public administration education and health,38,8,30
S01008198,R S T U. Other,9,2,7
S01008198,Never worked,24,14,10
S01008199,All people aged 16 to 74 not in employment,250,115,135
S01008199,A B D E. Agriculture energy and water,14,10,4
S01008199,C. Manufacturing,24,15,9
S01008199,F. Construction,20,16,4
S01008199,G I. Distribution hotels and restaurants,56,22,34
S01008199,H J. Transport and communication,26,7,19
S01008199,K L M N. Financial real estate professional and administrative activities,20,6,14
S01008199,O P Q. Public administration education and health,28,8,20
S01008199,R S T U. Other,9,3,6
S01008199,Never worked,53,28,25
S01008200,All people aged 16 to 74 not in employment,192,70,122
S01008200,A B D E. Agriculture energy and water,11,7,4
S01008200,C. Manufacturing,15,7,8
S01008200,F. Construction,18,15,3
S01008200,G I. Distribution hotels and restaurants,45,8,37
S01008200,H J. Transport and communication,9,1,8
S01008200,K L M N. Financial real estate professional and administrative activities,16,7,9
S01008200,O P Q. Public administration education and health,47,11,36
S01008200,R S T U. Other,10,5,5
S01008200,Never worked,21,9,12
S01008201,All people aged 16 to 74 not in employment,253,131,122
S01008201,A B D E. Agriculture energy and water,15,11,4
S01008201,C. Manufacturing,16,12,4
S01008201,F. Construction,33,31,2
S01008201,G I. Distribution hotels and restaurants,55,28,27
S01008201,H J. Transport and communication,24,6,18
S01008201,K L M N. Financial real estate professional and administrative activities,10,2,8
S01008201,O P Q. Public administration education and health,44,11,33
S01008201,R S T U. Other,14,3,11
S01008201,Never worked,42,27,15
S01008202,All people aged 16 to 74 not in employment,156,69,87
S01008202,A B D E. Agriculture energy and water,12,10,2
S01008202,C. Manufacturing,12,8,4
S01008202,F. Construction,21,19,2
S01008202,G I. Distribution hotels and restaurants,32,10,22
S01008202,H J. Transport and communication,11,2,9
S01008202,K L M N. Financial real estate professional and administrative activities,13,6,7
S01008202,O P Q. Public administration education and health,31,4,27
S01008202,R S T U. Other,2,1,1
S01008202,Never worked,22,9,13
S01008203,All people aged 16 to 74 not in employment,184,89,95
S01008203,A B D E. Agriculture energy and water,5,3,2
S01008203,C. Manufacturing,10,8,2
S01008203,F. Construction,26,23,3
S01008203,G I. Distribution hotels and restaurants,42,15,27
S01008203,H J. Transport and communication,21,7,14
S01008203,K L M N. Financial real estate professional and administrative activities,17,8,9
S01008203,O P Q. Public administration education and health,26,6,20
S01008203,R S T U. Other,9,3,6
S01008203,Never worked,28,16,12
S01008204,All people aged 16 to 74 not in employment,301,137,164
S01008204,A B D E. Agriculture energy and water,29,25,4
S01008204,C. Manufacturing,34,19,15
S01008204,F. Construction,26,24,2
S01008204,G I. Distribution hotels and restaurants,49,17,32
S01008204,H J. Transport and communication,19,5,14
S01008204,K L M N. Financial real estate professional and administrative activities,27,6,21
S01008204,O P Q. Public administration education and health,60,15,45
S01008204,R S T U. Other,27,10,17
S01008204,Never worked,30,16,14
S01008205,All people aged 16 to 74 not in employment,178,88,90
S01008205,A B D E. Agriculture energy and water,14,13,1
S01008205,C. Manufacturing,14,9,5
S01008205,F. Construction,17,17,0
S01008205,G I. Distribution hotels and restaurants,31,14,17
S01008205,H J. Transport and communication,16,6,10
S01008205,K L M N. Financial real estate professional and administrative activities,17,5,12
S01008205,O P Q. Public administration education and health,33,8,25
S01008205,R S T U. Other,10,6,4
S01008205,Never worked,26,10,16
S01008206,All people aged 16 to 74 not in employment,172,82,90
S01008206,A B D E. Agriculture energy and water,8,8,0
S01008206,C. Manufacturing,10,8,2
S01008206,F. Construction,19,16,3
S01008206,G I. Distribution hotels and restaurants,35,13,22
S01008206,H J. Transport and communication,19,9,10
S01008206,K L M N. Financial real estate professional and administrative activities,15,7,8
S01008206,O P Q. Public administration education and health,35,6,29
S01008206,R S T U. Other,4,1,3
S01008206,Never worked,27,14,13
S01008207,All people aged 16 to 74 not in employment,157,75,82
S01008207,A B D E. Agriculture energy and water,6,6,0
S01008207,C. Manufacturing,14,9,5
S01008207,F. Construction,14,14,0
S01008207,G I. Distribution hotels and restaurants,38,13,25
S01008207,H J. Transport and communication,11,2,9
S01008207,K L M N. Financial real estate professional and administrative activities,13,6,7
S01008207,O P Q. Public administration education and health,22,5,17
S01008207,R S T U. Other,10,2,8
S01008207,Never worked,29,18,11
S01008208,All people aged 16 to 74 not in employment,133,61,72
S01008208,A B D E. Agriculture energy and water,5,4,1
S01008208,C. Manufacturing,5,4,1
S01008208,F. Construction,11,11,0
S01008208,G I. Distribution hotels and restaurants,25,11,14
S01008208,H J. Transport and communication,13,3,10
S01008208,K L M N. Financial real estate professional and administrative activities,30,10,20
S01008208,O P Q. Public administration education and health,26,8,18
S01008208,R S T U. Other,4,3,1
S01008208,Never worked,14,7,7
S01008209,All people aged 16 to 74 not in employment,80,33,47
S01008209,A B D E. Agriculture energy and water,5,5,0
S01008209,C. Manufacturing,5,2,3
S01008209,F. Construction,8,6,2
S01008209,G I. Distribution hotels and restaurants,14,5,9
S01008209,H J. Transport and communication,6,5,1
S01008209,K L M N. Financial real estate professional and administrative activities,8,2,6
S01008209,O P Q. Public administration education and health,18,4,14
S01008209,R S T U. Other,2,0,2
S01008209,Never worked,14,4,10
S01008210,All people aged 16 to 74 not in employment,229,97,132
S01008210,A B D E. Agriculture energy and water,10,8,2
S01008210,C. Manufacturing,17,7,10
S01008210,F. Construction,20,17,3
S01008210,G I. Distribution hotels and restaurants,54,24,30
S01008210,H J. Transport and communication,12,4,8
S01008210,K L M N. Financial real estate professional and administrative activities,27,10,17
S01008210,O P Q. Public administration education and health,48,12,36
S01008210,R S T U. Other,12,3,9
S01008210,Never worked,29,12,17
S01008211,All people aged 16 to 74 not in employment,230,100,130
S01008211,A B D E. Agriculture energy and water,20,14,6
S01008211,C. Manufacturing,12,6,6
S01008211,F. Construction,20,19,1
S01008211,G I. Distribution hotels and restaurants,42,18,24
S01008211,H J. Transport and communication,17,6,11
S01008211,K L M N. Financial real estate professional and administrative activities,20,5,15
S01008211,O P Q. Public administration education and health,56,14,42
S01008211,R S T U. Other,11,3,8
S01008211,Never worked,32,15,17
S01008212,All people aged 16 to 74 not in employment,92,37,55
S01008212,A B D E. Agriculture energy and water,2,1,1
S01008212,C. Manufacturing,3,1,2
S01008212,F. Construction,9,8,1
S01008212,G I. Distribution hotels and restaurants,19,8,11
S01008212,H J. Transport and communication,5,3,2
S01008212,K L M N. Financial real estate professional and administrative activities,11,2,9
S01008212,O P Q. Public administration education and health,24,5,19
S01008212,R S T U. Other,4,2,2
S01008212,Never worked,15,7,8
S01008213,All people aged 16 to 74 not in employment,214,93,121
S01008213,A B D E. Agriculture energy and water,12,8,4
S01008213,C. Manufacturing,11,5,6
S01008213,F. Construction,17,15,2
S01008213,G I. Distribution hotels and restaurants,40,21,19
S01008213,H J. Transport and communication,11,3,8
S01008213,K L M N. Financial real estate professional and administrative activities,24,3,21
S01008213,O P Q. Public administration education and health,42,6,36
S01008213,R S T U. Other,10,4,6
S01008213,Never worked,47,28,19
S01008214,All people aged 16 to 74 not in employment,217,99,118
S01008214,A B D E. Agriculture energy and water,13,12,1
S01008214,C. Manufacturing,10,8,2
S01008214,F. Construction,24,22,2
S01008214,G I. Distribution hotels and restaurants,37,11,26
S01008214,H J. Transport and communication,19,3,16
S01008214,K L M N. Financial real estate professional and administrative activities,29,15,14
S01008214,O P Q. Public administration education and health,53,13,40
S01008214,R S T U. Other,11,2,9
S01008214,Never worked,21,13,8
S01008215,All people aged 16 to 74 not in employment,175,74,101
S01008215,A B D E. Agriculture energy and water,17,14,3
S01008215,C. Manufacturing,13,6,7
S01008215,F. Construction,15,13,2
S01008215,G I. Distribution hotels and restaurants,28,13,15
S01008215,H J. Transport and communication,9,5,4
S01008215,K L M N. Financial real estate professional and administrative activities,14,2,12
S01008215,O P Q. Public administration education and health,36,9,27
S01008215,R S T U. Other,11,3,8
S01008215,Never worked,32,9,23
S01008216,All people aged 16 to 74 not in employment,104,50,54
S01008216,A B D E. Agriculture energy and water,7,6,1
S01008216,C. Manufacturing,3,2,1
S01008216,F. Construction,10,6,4
S01008216,G I. Distribution hotels and restaurants,14,4,10
S01008216,H J. Transport and communication,15,4,11
S01008216,K L M N. Financial real estate professional and administrative activities,14,3,11
S01008216,O P Q. Public administration education and health,13,9,4
S01008216,R S T U. Other,4,0,4
S01008216,Never worked,24,16,8
S01008217,All people aged 16 to 74 not in employment,117,49,68
S01008217,A B D E. Agriculture energy and water,8,6,2
S01008217,C. Manufacturing,8,6,2
S01008217,F. Construction,5,5,0
S01008217,G I. Distribution hotels and restaurants,21,7,14
S01008217,H J. Transport and communication,7,3,4
S01008217,K L M N. Financial real estate professional and administrative activities,16,4,12
S01008217,O P Q. Public administration education and health,39,13,26
S01008217,R S T U. Other,4,1,3
S01008217,Never worked,9,4,5
S01008218,All people aged 16 to 74 not in employment,145,66,79
S01008218,A B D E. Agriculture energy and water,2,1,1
S01008218,C. Manufacturing,8,4,4
S01008218,F. Construction,8,7,1
S01008218,G I. Distribution hotels and restaurants,29,14,15
S01008218,H J. Transport and communication,14,6,8
S01008218,K L M N. Financial real estate professional and administrative activities,24,11,13
S01008218,O P Q. Public administration education and health,26,9,17
S01008218,R S T U. Other,8,1,7
S01008218,Never worked,26,13,13
S01008219,All people aged 16 to 74 not in employment,230,96,134
S01008219,A B D E. Agriculture energy and water,9,7,2
S01008219,C. Manufacturing,17,10,7
S01008219,F. Construction,29,25,4
S01008219,G I. Distribution hotels and restaurants,36,13,23
S01008219,H J. Transport and communication,14,1,13
S01008219,K L M N. Financial real estate professional and administrative activities,26,11,15
S01008219,O P Q. Public administration education and health,47,11,36
S01008219,R S T U. Other,11,1,10
S01008219,Never worked,41,17,24
S01008220,All people aged 16 to 74 not in employment,175,74,101
S01008220,A B D E. Agriculture energy and water,11,7,4
S01008220,C. Manufacturing,11,2,9
S01008220,F. Construction,17,16,1
S01008220,G I. Distribution hotels and restaurants,34,15,19
S01008220,H J. Transport and communication,12,3,9
S01008220,K L M N. Financial real estate professional and administrative activities,17,6,11
S01008220,O P Q. Public administration education and health,28,4,24
S01008220,R S T U. Other,3,1,2
S01008220,Never worked,42,20,22
S01008221,All people aged 16 to 74 not in employment,215,97,118
S01008221,A B D E. Agriculture energy and water,7,6,1
S01008221,C. Manufacturing,20,14,6
S01008221,F. Construction,22,20,2
S01008221,G I. Distribution hotels and restaurants,48,16,32
S01008221,H J. Transport and communication,9,3,6
S01008221,K L M N. Financial real estate professional and administrative activities,22,10,12
S01008221,O P Q. Public administration education and health,27,4,23
S01008221,R S T U. Other,6,3,3
S01008221,Never worked,54,21,33
S01008222,All people aged 16 to 74 not in employment,188,80,108
S01008222,A B D E. Agriculture energy and water,11,10,1
S01008222,C. Manufacturing,11,7,4
S01008222,F. Construction,19,18,1
S01008222,G I. Distribution hotels and restaurants,40,11,29
S01008222,H J. Transport and communication,12,3,9
S01008222,K L M N. Financial real estate professional and administrative activities,19,8,11
S01008222,O P Q. Public administration education and health,40,8,32
S01008222,R S T U. Other,9,3,6
S01008222,Never worked,27,12,15
S01008223,All people aged 16 to 74 not in employment,185,87,98
S01008223,A B D E. Agriculture energy and water,10,10,0
S01008223,C. Manufacturing,15,6,9
S01008223,F. Construction,26,24,2
S01008223,G I. Distribution hotels and restaurants,40,15,25
S01008223,H J. Transport and communication,10,5,5
S01008223,K L M N. Financial real estate professional and administrative activities,20,6,14
S01008223,O P Q. Public administration education and health,34,6,28
S01008223,R S T U. Other,5,1,4
S01008223,Never worked,25,14,11
S01008224,All people aged 16 to 74 not in employment,179,73,106
S01008224,A B D E. Agriculture energy and water,10,6,4
S01008224,C. Manufacturing,9,4,5
S01008224,F. Construction,7,6,1
S01008224,G I. Distribution hotels and restaurants,38,17,21
S01008224,H J. Transport and communication,12,5,7
S01008224,K L M N. Financial real estate professional and administrative activities,25,10,15
S01008224,O P Q. Public administration education and health,49,12,37
S01008224,R S T U. Other,8,3,5
S01008224,Never worked,21,10,11
S01008225,All people aged 16 to 74 not in employment,179,76,103
S01008225,A B D E. Agriculture energy and water,11,8,3
S01008225,C. Manufacturing,15,8,7
S01008225,F. Construction,11,11,0
S01008225,G I. Distribution hotels and restaurants,33,13,20
S01008225,H J. Transport and communication,11,1,10
S01008225,K L M N. Financial real estate professional and administrative activities,23,7,16
S01008225,O P Q. Public administration education and health,38,12,26
S01008225,R S T U. Other,10,0,10
S01008225,Never worked,27,16,11
S01008226,All people aged 16 to 74 not in employment,200,99,101
S01008226,A B D E. Agriculture energy and water,9,8,1
S01008226,C. Manufacturing,18,13,5
S01008226,F. Construction,13,12,1
S01008226,G I. Distribution hotels and restaurants,45,22,23
S01008226,H J. Transport and communication,14,7,7
S01008226,K L M N. Financial real estate professional and administrative activities,17,7,10
S01008226,O P Q. Public administration education and health,44,10,34
S01008226,R S T U. Other,7,1,6
S01008226,Never worked,33,19,14
S01008227,All people aged 16 to 74 not in employment,246,114,132
S01008227,A B D E. Agriculture energy and water,10,9,1
S01008227,C. Manufacturing,24,14,10
S01008227,F. Construction,21,17,4
S01008227,G I. Distribution hotels and restaurants,57,22,35
S01008227,H J. Transport and communication,14,7,7
S01008227,K L M N. Financial real estate professional and administrative activities,26,14,12
S01008227,O P Q. Public administration education and health,56,15,41
S01008227,R S T U. Other,9,2,7
S01008227,Never worked,29,14,15
S01008228,All people aged 16 to 74 not in employment,140,58,82
S01008228,A B D E. Agriculture energy and water,4,3,1
S01008228,C. Manufacturing,12,8,4
S01008228,F. Construction,5,5,0
S01008228,G I. Distribution hotels and restaurants,38,17,21
S01008228,H J. Transport and communication,5,1,4
S01008228,K L M N. Financial real estate professional and administrative activities,22,9,13
S01008228,O P Q. Public administration education and health,28,7,21
S01008228,R S T U. Other,6,2,4
S01008228,Never worked,20,6,14
S01008229,All people aged 16 to 74 not in employment,192,80,112
S01008229,A B D E. Agriculture energy and water,12,10,2
S01008229,C. Manufacturing,15,8,7
S01008229,F. Construction,21,21,0
S01008229,G I. Distribution hotels and restaurants,41,14,27
S01008229,H J. Transport and communication,15,4,11
S01008229,K L M N. Financial real estate professional and administrative activities,15,7,8
S01008229,O P Q. Public administration education and health,46,8,38
S01008229,R S T U. Other,6,1,5
S01008229,Never worked,21,7,14
S01008230,All people aged 16 to 74 not in employment,116,51,65
S01008230,A B D E. Agriculture energy and water,2,1,1
S01008230,C. Manufacturing,8,4,4
S01008230,F. Construction,10,9,1
S01008230,G I. Distribution hotels and restaurants,25,12,13
S01008230,H J. Transport and communication,6,3,3
S01008230,K L M N. Financial real estate professional and administrative activities,17,4,13
S01008230,O P Q. Public administration education and health,20,5,15
S01008230,R S T U. Other,4,0,4
S01008230,Never worked,24,13,11
S01008231,All people aged 16 to 74 not in employment,77,24,53
S01008231,A B D E. Agriculture energy and water,2,1,1
S01008231,C. Manufacturing,4,3,1
S01008231,F. Construction,4,2,2
S01008231,G I. Distribution hotels and restaurants,14,7,7
S01008231,H J. Transport and communication,1,0,1
S01008231,K L M N. Financial real estate professional and administrative activities,15,3,12
S01008231,O P Q. Public administration education and health,13,0,13
S01008231,R S T U. Other,5,1,4
S01008231,Never worked,19,7,12
S01008232,All people aged 16 to 74 not in employment,90,45,45
S01008232,A B D E. Agriculture energy and water,1,1,0
S01008232,C. Manufacturing,8,6,2
S01008232,F. Construction,4,4,0
S01008232,G I. Distribution hotels and restaurants,15,7,8
S01008232,H J. Transport and communication,6,3,3
S01008232,K L M N. Financial real estate professional and administrative activities,14,6,8
S01008232,O P Q. Public administration education and health,10,1,9
S01008232,R S T U. Other,7,3,4
S01008232,Never worked,25,14,11
S01008233,All people aged 16 to 74 not in employment,72,33,39
S01008233,A B D E. Agriculture energy and water,2,2,0
S01008233,C. Manufacturing,7,4,3
S01008233,F. Construction,4,3,1
S01008233,G I. Distribution hotels and restaurants,12,2,10
S01008233,H J. Transport and communication,4,0,4
S01008233,K L M N. Financial real estate professional and administrative activities,8,5,3
S01008233,O P Q. Public administration education and health,13,3,10
S01008233,R S T U. Other,4,1,3
S01008233,Never worked,18,13,5
S01008234,All people aged 16 to 74 not in employment,125,60,65
S01008234,A B D E. Agriculture energy and water,11,10,1
S01008234,C. Manufacturing,19,10,9
S01008234,F. Construction,11,10,1
S01008234,G I. Distribution hotels and restaurants,23,9,14
S01008234,H J. Transport and communication,6,3,3
S01008234,K L M N. Financial real estate professional and administrative activities,14,6,8
S01008234,O P Q. Public administration education and health,21,2,19
S01008234,R S T U. Other,4,2,2
S01008234,Never worked,16,8,8
S01008235,All people aged 16 to 74 not in employment,196,90,106
S01008235,A B D E. Agriculture energy and water,10,7,3
S01008235,C. Manufacturing,16,9,7
S01008235,F. Construction,16,15,1
S01008235,G I. Distribution hotels and restaurants,40,18,22
S01008235,H J. Transport and communication,12,2,10
S01008235,K L M N. Financial real estate professional and administrative activities,18,9,9
S01008235,O P Q. Public administration education and health,55,13,42
S01008235,R S T U. Other,6,2,4
S01008235,Never worked,23,15,8
S01008236,All people aged 16 to 74 not in employment,213,97,116
S01008236,A B D E. Agriculture energy and water,7,6,1
S01008236,C. Manufacturing,9,4,5
S01008236,F. Construction,34,29,5
S01008236,G I. Distribution hotels and restaurants,36,11,25
S01008236,H J. Transport and communication,13,8,5
S01008236,K L M N. Financial real estate professional and administrative activities,22,8,14
S01008236,O P Q. Public administration education and health,65,17,48
S01008236,R S T U. Other,5,3,2
S01008236,Never worked,22,11,11
S01008237,All people aged 16 to 74 not in employment,221,100,121
S01008237,A B D E. Agriculture energy and water,15,11,4
S01008237,C. Manufacturing,21,13,8
S01008237,F. Construction,19,19,0
S01008237,G I. Distribution hotels and restaurants,26,10,16
S01008237,H J. Transport and communication,13,4,9
S01008237,K L M N. Financial real estate professional and administrative activities,22,3,19
S01008237,O P Q. Public administration education and health,66,19,47
S01008237,R S T U. Other,9,4,5
S01008237,Never worked,30,17,13
S01008238,All people aged 16 to 74 not in employment,209,90,119
S01008238,A B D E. Agriculture energy and water,12,10,2
S01008238,C. Manufacturing,24,11,13
S01008238,F. Construction,23,21,2
S01008238,G I. Distribution hotels and restaurants,40,22,18
S01008238,H J. Transport and communication,11,3,8
S01008238,K L M N. Financial real estate professional and administrative activities,25,6,19
S01008238,O P Q. Public administration education and health,37,9,28
S01008238,R S T U. Other,12,2,10
S01008238,Never worked,25,6,19
S01008239,All people aged 16 to 74 not in employment,159,64,95
S01008239,A B D E. Agriculture energy and water,11,7,4
S01008239,C. Manufacturing,16,6,10
S01008239,F. Construction,11,10,1
S01008239,G I. Distribution hotels and restaurants,29,12,17
S01008239,H J. Transport and communication,10,3,7
S01008239,K L M N. Financial real estate professional and administrative activities,16,5,11
S01008239,O P Q. Public administration education and health,39,9,30
S01008239,R S T U. Other,9,2,7
S01008239,Never worked,18,10,8
S01008240,All people aged 16 to 74 not in employment,268,119,149
S01008240,A B D E. Agriculture energy and water,19,17,2
S01008240,C. Manufacturing,6,4,2
S01008240,F. Construction,13,11,2
S01008240,G I. Distribution hotels and restaurants,42,22,20
S01008240,H J. Transport and communication,13,8,5
S01008240,K L M N. Financial real estate professional and administrative activities,54,21,33
S01008240,O P Q. Public administration education and health,91,22,69
S01008240,R S T U. Other,15,4,11
S01008240,Never worked,15,10,5
S01008241,All people aged 16 to 74 not in employment,200,100,100
S01008241,A B D E. Agriculture energy and water,3,3,0
S01008241,C. Manufacturing,16,9,7
S01008241,F. Construction,10,8,2
S01008241,G I. Distribution hotels and restaurants,19,8,11
S01008241,H J. Transport and communication,21,10,11
S01008241,K L M N. Financial real estate professional and administrative activities,38,18,20
S01008241,O P Q. Public administration education and health,69,27,42
S01008241,R S T U. Other,8,5,3
S01008241,Never worked,16,12,4
S01008242,All people aged 16 to 74 not in employment,262,126,136
S01008242,A B D E. Agriculture energy and water,9,5,4
S01008242,C. Manufacturing,19,10,9
S01008242,F. Construction,26,24,2
S01008242,G I. Distribution hotels and restaurants,52,24,28
S01008242,H J. Transport and communication,8,3,5
S01008242,K L M N. Financial real estate professional and administrative activities,36,18,18
S01008242,O P Q. Public administration education and health,77,22,55
S01008242,R S T U. Other,13,6,7
S01008242,Never worked,22,14,8
S01008243,All people aged 16 to 74 not in employment,187,73,114
S01008243,A B D E. Agriculture energy and water,12,8,4
S01008243,C. Manufacturing,9,5,4
S01008243,F. Construction,10,6,4
S01008243,G I. Distribution hotels and restaurants,23,7,16
S01008243,H J. Transport and communication,9,3,6
S01008243,K L M N. Financial real estate professional and administrative activities,37,14,23
S01008243,O P Q. Public administration education and health,44,8,36
S01008243,R S T U. Other,12,5,7
S01008243,Never worked,31,17,14
S01008244,All people aged 16 to 74 not in employment,168,75,93
S01008244,A B D E. Agriculture energy and water,6,6,0
S01008244,C. Manufacturing,12,8,4
S01008244,F. Construction,5,4,1
S01008244,G I. Distribution hotels and restaurants,24,15,9
S01008244,H J. Transport and communication,12,7,5
S01008244,K L M N. Financial real estate professional and administrative activities,28,8,20
S01008244,O P Q. Public administration education and health,53,12,41
S01008244,R S T U. Other,8,3,5
S01008244,Never worked,20,12,8
S01008245,All people aged 16 to 74 not in employment,208,88,120
S01008245,A B D E. Agriculture energy and water,10,8,2
S01008245,C. Manufacturing,9,7,2
S01008245,F. Construction,12,11,1
S01008245,G I. Distribution hotels and restaurants,34,17,17
S01008245,H J. Transport and communication,10,3,7
S01008245,K L M N. Financial real estate professional and administrative activities,31,17,14
S01008245,O P Q. Public administration education and health,74,15,59
S01008245,R S T U. Other,6,0,6
S01008245,Never worked,22,10,12
S01008246,All people aged 16 to 74 not in employment,190,79,111
S01008246,A B D E. Agriculture energy and water,7,6,1
S01008246,C. Manufacturing,13,7,6
S01008246,F. Construction,9,8,1
S01008246,G I. Distribution hotels and restaurants,23,11,12
S01008246,H J. Transport and communication,9,2,7
S01008246,K L M N. Financial real estate professional and administrative activities,38,14,24
S01008246,O P Q. Public administration education and health,64,18,46
S01008246,R S T U. Other,7,4,3
S01008246,Never worked,20,9,11
S01008247,All people aged 16 to 74 not in employment,178,85,93
S01008247,A B D E. Agriculture energy and water,9,9,0
S01008247,C. Manufacturing,18,11,7
S01008247,F. Construction,11,10,1
S01008247,G I. Distribution hotels and restaurants,25,13,12
S01008247,H J. Transport and communication,11,1,10
S01008247,K L M N. Financial real estate professional and administrative activities,24,10,14
S01008247,O P Q. Public administration education and health,44,13,31
S01008247,R S T U. Other,6,3,3
S01008247,Never worked,30,15,15
S01008248,All people aged 16 to 74 not in employment,241,106,135
S01008248,A B D E. Agriculture energy and water,23,17,6
S01008248,C. Manufacturing,10,5,5
S01008248,F. Construction,18,18,0
S01008248,G I. Distribution hotels and restaurants,39,11,28
S01008248,H J. Transport and communication,19,5,14
S01008248,K L M N. Financial real estate professional and administrative activities,27,16,11
S01008248,O P Q. Public administration education and health,58,11,47
S01008248,R S T U. Other,8,4,4
S01008248,Never worked,39,19,20
S01008249,All people aged 16 to 74 not in employment,229,93,136
S01008249,A B D E. Agriculture energy and water,11,5,6
S01008249,C. Manufacturing,11,8,3
S01008249,F. Construction,17,15,2
S01008249,G I. Distribution hotels and restaurants,26,9,17
S01008249,H J. Transport and communication,17,5,12
S01008249,K L M N. Financial real estate professional and administrative activities,44,21,23
S01008249,O P Q. Public administration education and health,61,16,45
S01008249,R S T U. Other,16,4,12
S01008249,Never worked,26,10,16
S01008250,All people aged 16 to 74 not in employment,240,100,140
S01008250,A B D E. Agriculture energy and water,9,5,4
S01008250,C. Manufacturing,14,8,6
S01008250,F. Construction,12,9,3
S01008250,G I. Distribution hotels and restaurants,27,14,13
S01008250,H J. Transport and communication,17,6,11
S01008250,K L M N. Financial real estate professional and administrative activities,33,12,21
S01008250,O P Q. Public administration education and health,78,22,56
S01008250,R S T U. Other,11,3,8
S01008250,Never worked,39,21,18
S01008251,All people aged 16 to 74 not in employment,137,49,88
S01008251,A B D E. Agriculture energy and water,1,1,0
S01008251,C. Manufacturing,8,4,4
S01008251,F. Construction,6,6,0
S01008251,G I. Distribution hotels and restaurants,20,4,16
S01008251,H J. Transport and communication,7,4,3
S01008251,K L M N. Financial real estate professional and administrative activities,32,9,23
S01008251,O P Q. Public administration education and health,29,6,23
S01008251,R S T U. Other,4,1,3
S01008251,Never worked,30,14,16
S01008252,All people aged 16 to 74 not in employment,206,89,117
S01008252,A B D E. Agriculture energy and water,6,5,1
S01008252,C. Manufacturing,11,10,1
S01008252,F. Construction,14,11,3
S01008252,G I. Distribution hotels and restaurants,21,8,13
S01008252,H J. Transport and communication,6,0,6
S01008252,K L M N. Financial real estate professional and administrative activities,34,13,21
S01008252,O P Q. Public administration education and health,81,26,55
S01008252,R S T U. Other,8,1,7
S01008252,Never worked,25,15,10
S01008253,All people aged 16 to 74 not in employment,198,89,109
S01008253,A B D E. Agriculture energy and water,9,6,3
S01008253,C. Manufacturing,15,5,10
S01008253,F. Construction,16,16,0
S01008253,G I. Distribution hotels and restaurants,30,15,15
S01008253,H J. Transport and communication,21,9,12
S01008253,K L M N. Financial real estate professional and administrative activities,19,9,10
S01008253,O P Q. Public administration education and health,61,14,47
S01008253,R S T U. Other,2,1,1
S01008253,Never worked,25,14,11
S01008254,All people aged 16 to 74 not in employment,269,111,158
S01008254,A B D E. Agriculture energy and water,9,7,2
S01008254,C. Manufacturing,17,13,4
S01008254,F. Construction,18,15,3
S01008254,G I. Distribution hotels and restaurants,55,15,40
S01008254,H J. Transport and communication,7,0,7
S01008254,K L M N. Financial real estate professional and administrative activities,26,16,10
S01008254,O P Q. Public administration education and health,72,16,56
S01008254,R S T U. Other,14,3,11
S01008254,Never worked,51,26,25
S01008255,All people aged 16 to 74 not in employment,168,62,106
S01008255,A B D E. Agriculture energy and water,6,4,2
S01008255,C. Manufacturing,9,2,7
S01008255,F. Construction,5,5,0
S01008255,G I. Distribution hotels and restaurants,24,11,13
S01008255,H J. Transport and communication,8,4,4
S01008255,K L M N. Financial real estate professional and administrative activities,23,6,17
S01008255,O P Q. Public administration education and health,56,11,45
S01008255,R S T U. Other,6,1,5
S01008255,Never worked,31,18,13
S01008256,All people aged 16 to 74 not in employment,215,99,116
S01008256,A B D E. Agriculture energy and water,9,8,1
S01008256,C. Manufacturing,11,5,6
S01008256,F. Construction,16,14,2
S01008256,G I. Distribution hotels and restaurants,47,21,26
S01008256,H J. Transport and communication,15,6,9
S01008256,K L M N. Financial real estate professional and administrative activities,24,13,11
S01008256,O P Q. Public administration education and health,39,8,31
S01008256,R S T U. Other,15,4,11
S01008256,Never worked,39,20,19
S01008257,All people aged 16 to 74 not in employment,145,54,91
S01008257,A B D E. Agriculture energy and water,5,3,2
S01008257,C. Manufacturing,8,5,3
S01008257,F. Construction,8,7,1
S01008257,G I. Distribution hotels and restaurants,23,6,17
S01008257,H J. Transport and communication,8,3,5
S01008257,K L M N. Financial real estate professional and administrative activities,20,10,10
S01008257,O P Q. Public administration education and health,38,8,30
S01008257,R S T U. Other,14,4,10
S01008257,Never worked,21,8,13
S01008258,All people aged 16 to 74 not in employment,169,79,90
S01008258,A B D E. Agriculture energy and water,6,5,1
S01008258,C. Manufacturing,11,6,5
S01008258,F. Construction,13,10,3
S01008258,G I. Distribution hotels and restaurants,32,15,17
S01008258,H J. Transport and communication,8,4,4
S01008258,K L M N. Financial real estate professional and administrative activities,18,10,8
S01008258,O P Q. Public administration education and health,58,15,43
S01008258,R S T U. Other,4,1,3
S01008258,Never worked,19,13,6
S01008259,All people aged 16 to 74 not in employment,166,74,92
S01008259,A B D E. Agriculture energy and water,4,4,0
S01008259,C. Manufacturing,12,5,7
S01008259,F. Construction,15,14,1
S01008259,G I. Distribution hotels and restaurants,24,11,13
S01008259,H J. Transport and communication,13,6,7
S01008259,K L M N. Financial real estate professional and administrative activities,23,7,16
S01008259,O P Q. Public administration education and health,44,14,30
S01008259,R S T U. Other,11,2,9
S01008259,Never worked,20,11,9
S01008260,All people aged 16 to 74 not in employment,223,91,132
S01008260,A B D E. Agriculture energy and water,9,8,1
S01008260,C. Manufacturing,15,8,7
S01008260,F. Construction,18,16,2
S01008260,G I. Distribution hotels and restaurants,27,9,18
S01008260,H J. Transport and communication,16,6,10
S01008260,K L M N. Financial real estate professional and administrative activities,21,8,13
S01008260,O P Q. Public administration education and health,74,16,58
S01008260,R S T U. Other,8,3,5
S01008260,Never worked,35,17,18
S01008261,All people aged 16 to 74 not in employment,222,93,129
S01008261,A B D E. Agriculture energy and water,15,9,6
S01008261,C. Manufacturing,20,13,7
S01008261,F. Construction,22,22,0
S01008261,G I. Distribution hotels and restaurants,31,8,23
S01008261,H J. Transport and communication,10,3,7
S01008261,K L M N. Financial real estate professional and administrative activities,20,8,12
S01008261,O P Q. Public administration education and health,57,12,45
S01008261,R S T U. Other,5,2,3
S01008261,Never worked,42,16,26
S01008262,All people aged 16 to 74 not in employment,134,61,73
S01008262,A B D E. Agriculture energy and water,10,9,1
S01008262,C. Manufacturing,7,5,2
S01008262,F. Construction,6,6,0
S01008262,G I. Distribution hotels and restaurants,22,10,12
S01008262,H J. Transport and communication,8,3,5
S01008262,K L M N. Financial real estate professional and administrative activities,20,7,13
S01008262,O P Q. Public administration education and health,35,9,26
S01008262,R S T U. Other,6,1,5
S01008262,Never worked,20,11,9
S01008263,All people aged 16 to 74 not in employment,140,63,77
S01008263,A B D E. Agriculture energy and water,6,5,1
S01008263,C. Manufacturing,6,4,2
S01008263,F. Construction,5,4,1
S01008263,G I. Distribution hotels and restaurants,17,7,10
S01008263,H J. Transport and communication,9,5,4
S01008263,K L M N. Financial real estate professional and administrative activities,21,11,10
S01008263,O P Q. Public administration education and health,43,7,36
S01008263,R S T U. Other,14,8,6
S01008263,Never worked,19,12,7
S01008264,All people aged 16 to 74 not in employment,162,68,94
S01008264,A B D E. Agriculture energy and water,6,5,1
S01008264,C. Manufacturing,11,6,5
S01008264,F. Construction,20,17,3
S01008264,G I. Distribution hotels and restaurants,21,7,14
S01008264,H J. Transport and communication,9,1,8
S01008264,K L M N. Financial real estate professional and administrative activities,16,5,11
S01008264,O P Q. Public administration education and health,39,9,30
S01008264,R S T U. Other,16,7,9
S01008264,Never worked,24,11,13
S01008265,All people aged 16 to 74 not in employment,175,59,116
S01008265,A B D E. Agriculture energy and water,4,3,1
S01008265,C. Manufacturing,11,5,6
S01008265,F. Construction,6,4,2
S01008265,G I. Distribution hotels and restaurants,12,3,9
S01008265,H J. Transport and communication,11,2,9
S01008265,K L M N. Financial real estate professional and administrative activities,42,19,23
S01008265,O P Q. Public administration education and health,60,15,45
S01008265,R S T U. Other,16,4,12
S01008265,Never worked,13,4,9
S01008266,All people aged 16 to 74 not in employment,191,74,117
S01008266,A B D E. Agriculture energy and water,5,4,1
S01008266,C. Manufacturing,10,5,5
S01008266,F. Construction,9,7,2
S01008266,G I. Distribution hotels and restaurants,10,7,3
S01008266,H J. Transport and communication,9,3,6
S01008266,K L M N. Financial real estate professional and administrative activities,45,23,22
S01008266,O P Q. Public administration education and health,80,18,62
S01008266,R S T U. Other,9,1,8
S01008266,Never worked,14,6,8
S01008267,All people aged 16 to 74 not in employment,200,73,127
S01008267,A B D E. Agriculture energy and water,9,7,2
S01008267,C. Manufacturing,10,7,3
S01008267,F. Construction,8,6,2
S01008267,G I. Distribution hotels and restaurants,26,10,16
S01008267,H J. Transport and communication,13,6,7
S01008267,K L M N. Financial real estate professional and administrative activities,33,9,24
S01008267,O P Q. Public administration education and health,66,14,52
S01008267,R S T U. Other,12,4,8
S01008267,Never worked,23,10,13
S01008268,All people aged 16 to 74 not in employment,230,95,135
S01008268,A B D E. Agriculture energy and water,13,11,2
S01008268,C. Manufacturing,10,6,4
S01008268,F. Construction,5,4,1
S01008268,G I. Distribution hotels and restaurants,27,7,20
S01008268,H J. Transport and communication,17,7,10
S01008268,K L M N. Financial real estate professional and administrative activities,52,24,28
S01008268,O P Q. Public administration education and health,75,16,59
S01008268,R S T U. Other,7,5,2
S01008268,Never worked,24,15,9
S01008269,All people aged 16 to 74 not in employment,224,92,132
S01008269,A B D E. Agriculture energy and water,9,6,3
S01008269,C. Manufacturing,17,11,6
S01008269,F. Construction,5,3,2
S01008269,G I. Distribution hotels and restaurants,29,14,15
S01008269,H J. Transport and communication,19,9,10
S01008269,K L M N. Financial real estate professional and administrative activities,41,13,28
S01008269,O P Q. Public administration education and health,68,20,48
S01008269,R S T U. Other,11,5,6
S01008269,Never worked,25,11,14
S01008270,All people aged 16 to 74 not in employment,220,92,128
S01008270,A B D E. Agriculture energy and water,4,4,0
S01008270,C. Manufacturing,19,10,9
S01008270,F. Construction,8,5,3
S01008270,G I. Distribution hotels and restaurants,27,12,15
S01008270,H J. Transport and communication,18,7,11
S01008270,K L M N. Financial real estate professional and administrative activities,35,15,20
S01008270,O P Q. Public administration education and health,69,21,48
S01008270,R S T U. Other,17,4,13
S01008270,Never worked,23,14,9
S01008271,All people aged 16 to 74 not in employment,189,89,100
S01008271,A B D E. Agriculture energy and water,4,4,0
S01008271,C. Manufacturing,6,4,2
S01008271,F. Construction,12,12,0
S01008271,G I. Distribution hotels and restaurants,29,15,14
S01008271,H J. Transport and communication,13,4,9
S01008271,K L M N. Financial real estate professional and administrative activities,36,17,19
S01008271,O P Q. Public administration education and health,48,9,39
S01008271,R S T U. Other,12,7,5
S01008271,Never worked,29,17,12
S01008272,All people aged 16 to 74 not in employment,255,108,147
S01008272,A B D E. Agriculture energy and water,8,7,1
S01008272,C. Manufacturing,11,4,7
S01008272,F. Construction,6,5,1
S01008272,G I. Distribution hotels and restaurants,47,20,27
S01008272,H J. Transport and communication,19,7,12
S01008272,K L M N. Financial real estate professional and administrative activities,42,22,20
S01008272,O P Q. Public administration education and health,76,19,57
S01008272,R S T U. Other,13,6,7
S01008272,Never worked,33,18,15
S01008273,All people aged 16 to 74 not in employment,226,99,127
S01008273,A B D E. Agriculture energy and water,4,4,0
S01008273,C. Manufacturing,7,5,2
S01008273,F. Construction,11,10,1
S01008273,G I. Distribution hotels and restaurants,33,13,20
S01008273,H J. Transport and communication,13,4,9
S01008273,K L M N. Financial real estate professional and administrative activities,41,21,20
S01008273,O P Q. Public administration education and health,73,19,54
S01008273,R S T U. Other,14,7,7
S01008273,Never worked,30,16,14
S01008274,All people aged 16 to 74 not in employment,212,93,119
S01008274,A B D E. Agriculture energy and water,10,8,2
S01008274,C. Manufacturing,23,15,8
S01008274,F. Construction,10,9,1
S01008274,G I. Distribution hotels and restaurants,35,13,22
S01008274,H J. Transport and communication,16,7,9
S01008274,K L M N. Financial real estate professional and administrative activities,22,14,8
S01008274,O P Q. Public administration education and health,62,12,50
S01008274,R S T U. Other,15,6,9
S01008274,Never worked,19,9,10
S01008275,All people aged 16 to 74 not in employment,134,50,84
S01008275,A B D E. Agriculture energy and water,2,0,2
S01008275,C. Manufacturing,7,3,4
S01008275,F. Construction,11,8,3
S01008275,G I. Distribution hotels and restaurants,21,6,15
S01008275,H J. Transport and communication,4,2,2
S01008275,K L M N. Financial real estate professional and administrative activities,26,8,18
S01008275,O P Q. Public administration education and health,40,11,29
S01008275,R S T U. Other,5,1,4
S01008275,Never worked,18,11,7
S01008276,All people aged 16 to 74 not in employment,126,53,73
S01008276,A B D E. Agriculture energy and water,2,0,2
S01008276,C. Manufacturing,6,5,1
S01008276,F. Construction,5,5,0
S01008276,G I. Distribution hotels and restaurants,16,4,12
S01008276,H J. Transport and communication,8,5,3
S01008276,K L M N. Financial real estate professional and administrative activities,24,13,11
S01008276,O P Q. Public administration education and health,36,7,29
S01008276,R S T U. Other,7,3,4
S01008276,Never worked,22,11,11
S01008277,All people aged 16 to 74 not in employment,107,36,71
S01008277,A B D E. Agriculture energy and water,3,2,1
S01008277,C. Manufacturing,2,1,1
S01008277,F. Construction,4,3,1
S01008277,G I. Distribution hotels and restaurants,16,5,11
S01008277,H J. Transport and communication,10,3,7
S01008277,K L M N. Financial real estate professional and administrative activities,15,2,13
S01008277,O P Q. Public administration education and health,32,8,24
S01008277,R S T U. Other,6,3,3
S01008277,Never worked,19,9,10
S01008278,All people aged 16 to 74 not in employment,198,77,121
S01008278,A B D E. Agriculture energy and water,10,7,3
S01008278,C. Manufacturing,10,8,2
S01008278,F. Construction,4,3,1
S01008278,G I. Distribution hotels and restaurants,30,12,18
S01008278,H J. Transport and communication,19,4,15
S01008278,K L M N. Financial real estate professional and administrative activities,37,15,22
S01008278,O P Q. Public administration education and health,61,13,48
S01008278,R S T U. Other,6,2,4
S01008278,Never worked,21,13,8
S01008279,All people aged 16 to 74 not in employment,187,77,110
S01008279,A B D E. Agriculture energy and water,9,7,2
S01008279,C. Manufacturing,16,9,7
S01008279,F. Construction,11,10,1
S01008279,G I. Distribution hotels and restaurants,27,11,16
S01008279,H J. Transport and communication,21,9,12
S01008279,K L M N. Financial real estate professional and administrative activities,18,9,9
S01008279,O P Q. Public administration education and health,57,9,48
S01008279,R S T U. Other,13,4,9
S01008279,Never worked,15,9,6
S01008280,All people aged 16 to 74 not in employment,208,97,111
S01008280,A B D E. Agriculture energy and water,19,12,7
S01008280,C. Manufacturing,13,10,3
S01008280,F. Construction,18,17,1
S01008280,G I. Distribution hotels and restaurants,24,9,15
S01008280,H J. Transport and communication,16,6,10
S01008280,K L M N. Financial real estate professional and administrative activities,28,12,16
S01008280,O P Q. Public administration education and health,57,16,41
S01008280,R S T U. Other,16,7,9
S01008280,Never worked,17,8,9
S01008281,All people aged 16 to 74 not in employment,153,63,90
S01008281,A B D E. Agriculture energy and water,9,5,4
S01008281,C. Manufacturing,5,4,1
S01008281,F. Construction,11,11,0
S01008281,G I. Distribution hotels and restaurants,22,9,13
S01008281,H J. Transport and communication,11,2,9
S01008281,K L M N. Financial real estate professional and administrative activities,23,7,16
S01008281,O P Q. Public administration education and health,42,13,29
S01008281,R S T U. Other,9,4,5
S01008281,Never worked,21,8,13
S01008282,All people aged 16 to 74 not in employment,171,67,104
S01008282,A B D E. Agriculture energy and water,8,3,5
S01008282,C. Manufacturing,12,9,3
S01008282,F. Construction,10,9,1
S01008282,G I. Distribution hotels and restaurants,33,14,19
S01008282,H J. Transport and communication,11,1,10
S01008282,K L M N. Financial real estate professional and administrative activities,23,9,14
S01008282,O P Q. Public administration education and health,46,12,34
S01008282,R S T U. Other,9,3,6
S01008282,Never worked,19,7,12
S01008283,All people aged 16 to 74 not in employment,91,43,48
S01008283,A B D E. Agriculture energy and water,4,3,1
S01008283,C. Manufacturing,5,4,1
S01008283,F. Construction,5,4,1
S01008283,G I. Distribution hotels and restaurants,14,5,9
S01008283,H J. Transport and communication,5,1,4
S01008283,K L M N. Financial real estate professional and administrative activities,14,6,8
S01008283,O P Q. Public administration education and health,23,9,14
S01008283,R S T U. Other,5,2,3
S01008283,Never worked,16,9,7
S01008284,All people aged 16 to 74 not in employment,181,71,110
S01008284,A B D E. Agriculture energy and water,12,7,5
S01008284,C. Manufacturing,15,9,6
S01008284,F. Construction,11,8,3
S01008284,G I. Distribution hotels and restaurants,32,15,17
S01008284,H J. Transport and communication,13,1,12
S01008284,K L M N. Financial real estate professional and administrative activities,12,3,9
S01008284,O P Q. Public administration education and health,49,8,41
S01008284,R S T U. Other,11,5,6
S01008284,Never worked,26,15,11
S01008285,All people aged 16 to 74 not in employment,236,95,141
S01008285,A B D E. Agriculture energy and water,23,17,6
S01008285,C. Manufacturing,13,11,2
S01008285,F. Construction,24,24,0
S01008285,G I. Distribution hotels and restaurants,41,10,31
S01008285,H J. Transport and communication,21,4,17
S01008285,K L M N. Financial real estate professional and administrative activities,24,6,18
S01008285,O P Q. Public administration education and health,51,10,41
S01008285,R S T U. Other,11,3,8
S01008285,Never worked,28,10,18
S01008286,All people aged 16 to 74 not in employment,183,66,117
S01008286,A B D E. Agriculture energy and water,12,5,7
S01008286,C. Manufacturing,18,9,9
S01008286,F. Construction,19,16,3
S01008286,G I. Distribution hotels and restaurants,34,14,20
S01008286,H J. Transport and communication,12,3,9
S01008286,K L M N. Financial real estate professional and administrative activities,15,5,10
S01008286,O P Q. Public administration education and health,38,6,32
S01008286,R S T U. Other,6,0,6
S01008286,Never worked,29,8,21
S01008287,All people aged 16 to 74 not in employment,191,81,110
S01008287,A B D E. Agriculture energy and water,15,9,6
S01008287,C. Manufacturing,16,11,5
S01008287,F. Construction,17,16,1
S01008287,G I. Distribution hotels and restaurants,23,8,15
S01008287,H J. Transport and communication,15,6,9
S01008287,K L M N. Financial real estate professional and administrative activities,25,12,13
S01008287,O P Q. Public administration education and health,43,5,38
S01008287,R S T U. Other,6,1,5
S01008287,Never worked,31,13,18
S01008288,All people aged 16 to 74 not in employment,229,109,120
S01008288,A B D E. Agriculture energy and water,16,9,7
S01008288,C. Manufacturing,14,8,6
S01008288,F. Construction,14,13,1
S01008288,G I. Distribution hotels and restaurants,28,18,10
S01008288,H J. Transport and communication,19,5,14
S01008288,K L M N. Financial real estate professional and administrative activities,30,14,16
S01008288,O P Q. Public administration education and health,66,16,50
S01008288,R S T U. Other,7,4,3
S01008288,Never worked,35,22,13
S01008289,All people aged 16 to 74 not in employment,153,62,91
S01008289,A B D E. Agriculture energy and water,9,5,4
S01008289,C. Manufacturing,16,7,9
S01008289,F. Construction,19,17,2
S01008289,G I. Distribution hotels and restaurants,25,12,13
S01008289,H J. Transport and communication,18,7,11
S01008289,K L M N. Financial real estate professional and administrative activities,11,3,8
S01008289,O P Q. Public administration education and health,34,5,29
S01008289,R S T U. Other,6,1,5
S01008289,Never worked,15,5,10
S01008290,All people aged 16 to 74 not in employment,226,98,128
S01008290,A B D E. Agriculture energy and water,15,9,6
S01008290,C. Manufacturing,4,2,2
S01008290,F. Construction,23,22,1
S01008290,G I. Distribution hotels and restaurants,32,16,16
S01008290,H J. Transport and communication,19,8,11
S01008290,K L M N. Financial real estate professional and administrative activities,21,8,13
S01008290,O P Q. Public administration education and health,61,15,46
S01008290,R S T U. Other,13,2,11
S01008290,Never worked,38,16,22
S01008291,All people aged 16 to 74 not in employment,194,79,115
S01008291,A B D E. Agriculture energy and water,17,15,2
S01008291,C. Manufacturing,26,17,9
S01008291,F. Construction,9,6,3
S01008291,G I. Distribution hotels and restaurants,36,10,26
S01008291,H J. Transport and communication,11,4,7
S01008291,K L M N. Financial real estate professional and administrative activities,16,9,7
S01008291,O P Q. Public administration education and health,57,10,47
S01008291,R S T U. Other,11,3,8
S01008291,Never worked,11,5,6
S01008292,All people aged 16 to 74 not in employment,180,77,103
S01008292,A B D E. Agriculture energy and water,9,8,1
S01008292,C. Manufacturing,12,8,4
S01008292,F. Construction,11,11,0
S01008292,G I. Distribution hotels and restaurants,42,14,28
S01008292,H J. Transport and communication,15,7,8
S01008292,K L M N. Financial real estate professional and administrative activities,12,4,8
S01008292,O P Q. Public administration education and health,35,5,30
S01008292,R S T U. Other,5,3,2
S01008292,Never worked,39,17,22
S01008293,All people aged 16 to 74 not in employment,118,52,66
S01008293,A B D E. Agriculture energy and water,7,7,0
S01008293,C. Manufacturing,9,4,5
S01008293,F. Construction,5,4,1
S01008293,G I. Distribution hotels and restaurants,14,3,11
S01008293,H J. Transport and communication,8,3,5
S01008293,K L M N. Financial real estate professional and administrative activities,16,6,10
S01008293,O P Q. Public administration education and health,32,9,23
S01008293,R S T U. Other,5,2,3
S01008293,Never worked,22,14,8
S01008294,All people aged 16 to 74 not in employment,180,77,103
S01008294,A B D E. Agriculture energy and water,13,11,2
S01008294,C. Manufacturing,15,6,9
S01008294,F. Construction,10,7,3
S01008294,G I. Distribution hotels and restaurants,25,12,13
S01008294,H J. Transport and communication,15,4,11
S01008294,K L M N. Financial real estate professional and administrative activities,14,7,7
S01008294,O P Q. Public administration education and health,51,13,38
S01008294,R S T U. Other,9,2,7
S01008294,Never worked,28,15,13
S01008295,All people aged 16 to 74 not in employment,212,93,119
S01008295,A B D E. Agriculture energy and water,2,2,0
S01008295,C. Manufacturing,20,14,6
S01008295,F. Construction,14,11,3
S01008295,G I. Distribution hotels and restaurants,34,13,21
S01008295,H J. Transport and communication,9,4,5
S01008295,K L M N. Financial real estate professional and administrative activities,24,14,10
S01008295,O P Q. Public administration education and health,63,16,47
S01008295,R S T U. Other,10,4,6
S01008295,Never worked,36,15,21
S01008296,All people aged 16 to 74 not in employment,194,83,111
S01008296,A B D E. Agriculture energy and water,1,0,1
S01008296,C. Manufacturing,37,15,22
S01008296,F. Construction,9,9,0
S01008296,G I. Distribution hotels and restaurants,32,11,21
S01008296,H J. Transport and communication,10,2,8
S01008296,K L M N. Financial real estate professional and administrative activities,20,10,10
S01008296,O P Q. Public administration education and health,37,12,25
S01008296,R S T U. Other,5,1,4
S01008296,Never worked,43,23,20
S01008297,All people aged 16 to 74 not in employment,158,61,97
S01008297,A B D E. Agriculture energy and water,1,0,1
S01008297,C. Manufacturing,20,5,15
S01008297,F. Construction,9,8,1
S01008297,G I. Distribution hotels and restaurants,27,12,15
S01008297,H J. Transport and communication,8,1,7
S01008297,K L M N. Financial real estate professional and administrative activities,17,8,9
S01008297,O P Q. Public administration education and health,43,8,35
S01008297,R S T U. Other,2,1,1
S01008297,Never worked,31,18,13
S01008298,All people aged 16 to 74 not in employment,183,82,101
S01008298,A B D E. Agriculture energy and water,3,2,1
S01008298,C. Manufacturing,23,12,11
S01008298,F. Construction,15,14,1
S01008298,G I. Distribution hotels and restaurants,30,16,14
S01008298,H J. Transport and communication,13,3,10
S01008298,K L M N. Financial real estate professional and administrative activities,14,7,7
S01008298,O P Q. Public administration education and health,41,7,34
S01008298,R S T U. Other,7,3,4
S01008298,Never worked,37,18,19
S01008299,All people aged 16 to 74 not in employment,273,127,146
S01008299,A B D E. Agriculture energy and water,5,1,4
S01008299,C. Manufacturing,35,11,24
S01008299,F. Construction,25,22,3
S01008299,G I. Distribution hotels and restaurants,50,24,26
S01008299,H J. Transport and communication,14,6,8
S01008299,K L M N. Financial real estate professional and administrative activities,35,20,15
S01008299,O P Q. Public administration education and health,59,18,41
S01008299,R S T U. Other,8,2,6
S01008299,Never worked,42,23,19
S01008300,All people aged 16 to 74 not in employment,282,125,157
S01008300,A B D E. Agriculture energy and water,4,4,0
S01008300,C. Manufacturing,31,18,13
S01008300,F. Construction,15,12,3
S01008300,G I. Distribution hotels and restaurants,58,27,31
S01008300,H J. Transport and communication,17,6,11
S01008300,K L M N. Financial real estate professional and administrative activities,30,11,19
S01008300,O P Q. Public administration education and health,60,17,43
S01008300,R S T U. Other,5,2,3
S01008300,Never worked,62,28,34
S01008301,All people aged 16 to 74 not in employment,203,88,115
S01008301,A B D E. Agriculture energy and water,5,1,4
S01008301,C. Manufacturing,11,7,4
S01008301,F. Construction,14,13,1
S01008301,G I. Distribution hotels and restaurants,42,17,25
S01008301,H J. Transport and communication,16,8,8
S01008301,K L M N. Financial real estate professional and administrative activities,20,10,10
S01008301,O P Q. Public administration education and health,48,8,40
S01008301,R S T U. Other,10,5,5
S01008301,Never worked,37,19,18
S01008302,All people aged 16 to 74 not in employment,191,81,110
S01008302,A B D E. Agriculture energy and water,1,0,1
S01008302,C. Manufacturing,17,11,6
S01008302,F. Construction,6,3,3
S01008302,G I. Distribution hotels and restaurants,37,18,19
S01008302,H J. Transport and communication,14,4,10
S01008302,K L M N. Financial real estate professional and administrative activities,26,16,10
S01008302,O P Q. Public administration education and health,49,9,40
S01008302,R S T U. Other,11,4,7
S01008302,Never worked,30,16,14
S01008303,All people aged 16 to 74 not in employment,147,66,81
S01008303,A B D E. Agriculture energy and water,5,2,3
S01008303,C. Manufacturing,21,13,8
S01008303,F. Construction,9,9,0
S01008303,G I. Distribution hotels and restaurants,30,13,17
S01008303,H J. Transport and communication,8,6,2
S01008303,K L M N. Financial real estate professional and administrative activities,16,7,9
S01008303,O P Q. Public administration education and health,25,2,23
S01008303,R S T U. Other,7,1,6
S01008303,Never worked,26,13,13
S01008304,All people aged 16 to 74 not in employment,137,70,67
S01008304,A B D E. Agriculture energy and water,0,0,0
S01008304,C. Manufacturing,12,9,3
S01008304,F. Construction,8,6,2
S01008304,G I. Distribution hotels and restaurants,34,26,8
S01008304,H J. Transport and communication,8,6,2
S01008304,K L M N. Financial real estate professional and administrative activities,10,3,7
S01008304,O P Q. Public administration education and health,41,9,32
S01008304,R S T U. Other,5,0,5
S01008304,Never worked,19,11,8
S01008305,All people aged 16 to 74 not in employment,190,82,108
S01008305,A B D E. Agriculture energy and water,4,3,1
S01008305,C. Manufacturing,29,19,10
S01008305,F. Construction,13,12,1
S01008305,G I. Distribution hotels and restaurants,25,7,18
S01008305,H J. Transport and communication,10,3,7
S01008305,K L M N. Financial real estate professional and administrative activities,21,9,12
S01008305,O P Q. Public administration education and health,62,16,46
S01008305,R S T U. Other,6,1,5
S01008305,Never worked,20,12,8
S01008306,All people aged 16 to 74 not in employment,159,78,81
S01008306,A B D E. Agriculture energy and water,7,7,0
S01008306,C. Manufacturing,21,14,7
S01008306,F. Construction,13,11,2
S01008306,G I. Distribution hotels and restaurants,25,12,13
S01008306,H J. Transport and communication,4,1,3
S01008306,K L M N. Financial real estate professional and administrative activities,16,1,15
S01008306,O P Q. Public administration education and health,48,15,33
S01008306,R S T U. Other,0,0,0
S01008306,Never worked,25,17,8
S01008307,All people aged 16 to 74 not in employment,107,46,61
S01008307,A B D E. Agriculture energy and water,5,4,1
S01008307,C. Manufacturing,9,5,4
S01008307,F. Construction,4,4,0
S01008307,G I. Distribution hotels and restaurants,18,8,10
S01008307,H J. Transport and communication,4,1,3
S01008307,K L M N. Financial real estate professional and administrative activities,19,10,9
S01008307,O P Q. Public administration education and health,23,2,21
S01008307,R S T U. Other,9,2,7
S01008307,Never worked,16,10,6
S01008308,All people aged 16 to 74 not in employment,167,70,97
S01008308,A B D E. Agriculture energy and water,2,2,0
S01008308,C. Manufacturing,15,11,4
S01008308,F. Construction,15,10,5
S01008308,G I. Distribution hotels and restaurants,28,14,14
S01008308,H J. Transport and communication,2,1,1
S01008308,K L M N. Financial real estate professional and administrative activities,16,5,11
S01008308,O P Q. Public administration education and health,60,14,46
S01008308,R S T U. Other,6,2,4
S01008308,Never worked,23,11,12
S01008309,All people aged 16 to 74 not in employment,249,107,142
S01008309,A B D E. Agriculture energy and water,4,4,0
S01008309,C. Manufacturing,38,22,16
S01008309,F. Construction,14,12,2
S01008309,G I. Distribution hotels and restaurants,46,17,29
S01008309,H J. Transport and communication,17,7,10
S01008309,K L M N. Financial real estate professional and administrative activities,19,8,11
S01008309,O P Q. Public administration education and health,48,11,37
S01008309,R S T U. Other,10,2,8
S01008309,Never worked,53,24,29
S01008310,All people aged 16 to 74 not in employment,249,105,144
S01008310,A B D E. Agriculture energy and water,5,4,1
S01008310,C. Manufacturing,26,13,13
S01008310,F. Construction,16,13,3
S01008310,G I. Distribution hotels and restaurants,42,18,24
S01008310,H J. Transport and communication,19,9,10
S01008310,K L M N. Financial real estate professional and administrative activities,31,8,23
S01008310,O P Q. Public administration education and health,51,11,40
S01008310,R S T U. Other,12,5,7
S01008310,Never worked,47,24,23
S01008311,All people aged 16 to 74 not in employment,97,49,48
S01008311,A B D E. Agriculture energy and water,0,0,0
S01008311,C. Manufacturing,14,7,7
S01008311,F. Construction,7,7,0
S01008311,G I. Distribution hotels and restaurants,21,13,8
S01008311,H J. Transport and communication,13,5,8
S01008311,K L M N. Financial real estate professional and administrative activities,7,2,5
S01008311,O P Q. Public administration education and health,17,3,14
S01008311,R S T U. Other,4,3,1
S01008311,Never worked,14,9,5
S01008312,All people aged 16 to 74 not in employment,103,40,63
S01008312,A B D E. Agriculture energy and water,2,1,1
S01008312,C. Manufacturing,14,10,4
S01008312,F. Construction,4,4,0
S01008312,G I. Distribution hotels and restaurants,13,2,11
S01008312,H J. Transport and communication,5,1,4
S01008312,K L M N. Financial real estate professional and administrative activities,15,3,12
S01008312,O P Q. Public administration education and health,18,3,15
S01008312,R S T U. Other,5,2,3
S01008312,Never worked,27,14,13
S01008313,All people aged 16 to 74 not in employment,337,148,189
S01008313,A B D E. Agriculture energy and water,8,7,1
S01008313,C. Manufacturing,47,25,22
S01008313,F. Construction,24,23,1
S01008313,G I. Distribution hotels and restaurants,57,26,31
S01008313,H J. Transport and communication,21,5,16
S01008313,K L M N. Financial real estate professional and administrative activities,42,17,25
S01008313,O P Q. Public administration education and health,63,14,49
S01008313,R S T U. Other,12,4,8
S01008313,Never worked,63,27,36
S01008314,All people aged 16 to 74 not in employment,184,87,97
S01008314,A B D E. Agriculture energy and water,1,0,1
S01008314,C. Manufacturing,17,13,4
S01008314,F. Construction,14,13,1
S01008314,G I. Distribution hotels and restaurants,48,24,24
S01008314,H J. Transport and communication,9,4,5
S01008314,K L M N. Financial real estate professional and administrative activities,14,6,8
S01008314,O P Q. Public administration education and health,38,9,29
S01008314,R S T U. Other,9,1,8
S01008314,Never worked,34,17,17
S01008315,All people aged 16 to 74 not in employment,250,106,144
S01008315,A B D E. Agriculture energy and water,4,2,2
S01008315,C. Manufacturing,32,19,13
S01008315,F. Construction,15,12,3
S01008315,G I. Distribution hotels and restaurants,55,24,31
S01008315,H J. Transport and communication,23,9,14
S01008315,K L M N. Financial real estate professional and administrative activities,29,16,13
S01008315,O P Q. Public administration education and health,40,7,33
S01008315,R S T U. Other,7,3,4
S01008315,Never worked,45,14,31
S01008316,All people aged 16 to 74 not in employment,217,96,121
S01008316,A B D E. Agriculture energy and water,2,2,0
S01008316,C. Manufacturing,18,10,8
S01008316,F. Construction,14,14,0
S01008316,G I. Distribution hotels and restaurants,37,21,16
S01008316,H J. Transport and communication,20,6,14
S01008316,K L M N. Financial real estate professional and administrative activities,22,12,10
S01008316,O P Q. Public administration education and health,31,8,23
S01008316,R S T U. Other,11,2,9
S01008316,Never worked,62,21,41
S01008317,All people aged 16 to 74 not in employment,197,87,110
S01008317,A B D E. Agriculture energy and water,2,1,1
S01008317,C. Manufacturing,17,11,6
S01008317,F. Construction,19,15,4
S01008317,G I. Distribution hotels and restaurants,29,11,18
S01008317,H J. Transport and communication,23,6,17
S01008317,K L M N. Financial real estate professional and administrative activities,18,7,11
S01008317,O P Q. Public administration education and health,33,7,26
S01008317,R S T U. Other,8,2,6
S01008317,Never worked,48,27,21
S01008318,All people aged 16 to 74 not in employment,210,84,126
S01008318,A B D E. Agriculture energy and water,3,2,1
S01008318,C. Manufacturing,23,15,8
S01008318,F. Construction,15,10,5
S01008318,G I. Distribution hotels and restaurants,23,13,10
S01008318,H J. Transport and communication,12,4,8
S01008318,K L M N. Financial real estate professional and administrative activities,22,11,11
S01008318,O P Q. Public administration education and health,63,13,50
S01008318,R S T U. Other,4,0,4
S01008318,Never worked,45,16,29
S01008319,All people aged 16 to 74 not in employment,218,91,127
S01008319,A B D E. Agriculture energy and water,2,2,0
S01008319,C. Manufacturing,35,20,15
S01008319,F. Construction,19,15,4
S01008319,G I. Distribution hotels and restaurants,37,15,22
S01008319,H J. Transport and communication,9,2,7
S01008319,K L M N. Financial real estate professional and administrative activities,29,10,19
S01008319,O P Q. Public administration education and health,42,8,34
S01008319,R S T U. Other,13,3,10
S01008319,Never worked,32,16,16
S01008320,All people aged 16 to 74 not in employment,228,96,132
S01008320,A B D E. Agriculture energy and water,3,1,2
S01008320,C. Manufacturing,42,23,19
S01008320,F. Construction,13,11,2
S01008320,G I. Distribution hotels and restaurants,40,19,21
S01008320,H J. Transport and communication,13,7,6
S01008320,K L M N. Financial real estate professional and administrative activities,16,7,9
S01008320,O P Q. Public administration education and health,71,14,57
S01008320,R S T U. Other,8,1,7
S01008320,Never worked,22,13,9
S01008321,All people aged 16 to 74 not in employment,117,52,65
S01008321,A B D E. Agriculture energy and water,4,2,2
S01008321,C. Manufacturing,9,6,3
S01008321,F. Construction,9,8,1
S01008321,G I. Distribution hotels and restaurants,23,9,14
S01008321,H J. Transport and communication,4,0,4
S01008321,K L M N. Financial real estate professional and administrative activities,11,4,7
S01008321,O P Q. Public administration education and health,18,4,14
S01008321,R S T U. Other,4,2,2
S01008321,Never worked,35,17,18
S01008322,All people aged 16 to 74 not in employment,295,136,159
S01008322,A B D E. Agriculture energy and water,8,6,2
S01008322,C. Manufacturing,37,26,11
S01008322,F. Construction,21,18,3
S01008322,G I. Distribution hotels and restaurants,42,21,21
S01008322,H J. Transport and communication,23,11,12
S01008322,K L M N. Financial real estate professional and administrative activities,40,19,21
S01008322,O P Q. Public administration education and health,75,14,61
S01008322,R S T U. Other,4,1,3
S01008322,Never worked,45,20,25
S01008323,All people aged 16 to 74 not in employment,272,105,167
S01008323,A B D E. Agriculture energy and water,2,2,0
S01008323,C. Manufacturing,42,16,26
S01008323,F. Construction,17,15,2
S01008323,G I. Distribution hotels and restaurants,47,22,25
S01008323,H J. Transport and communication,17,4,13
S01008323,K L M N. Financial real estate professional and administrative activities,27,8,19
S01008323,O P Q. Public administration education and health,53,12,41
S01008323,R S T U. Other,15,4,11
S01008323,Never worked,52,22,30
S01008324,All people aged 16 to 74 not in employment,188,89,99
S01008324,A B D E. Agriculture energy and water,4,4,0
S01008324,C. Manufacturing,23,11,12
S01008324,F. Construction,14,12,2
S01008324,G I. Distribution hotels and restaurants,36,14,22
S01008324,H J. Transport and communication,10,1,9
S01008324,K L M N. Financial real estate professional and administrative activities,26,10,16
S01008324,O P Q. Public administration education and health,27,8,19
S01008324,R S T U. Other,10,5,5
S01008324,Never worked,38,24,14
S01008325,All people aged 16 to 74 not in employment,222,102,120
S01008325,A B D E. Agriculture energy and water,3,3,0
S01008325,C. Manufacturing,19,10,9
S01008325,F. Construction,24,24,0
S01008325,G I. Distribution hotels and restaurants,35,18,17
S01008325,H J. Transport and communication,17,4,13
S01008325,K L M N. Financial real estate professional and administrative activities,25,8,17
S01008325,O P Q. Public administration education and health,32,6,26
S01008325,R S T U. Other,10,4,6
S01008325,Never worked,57,25,32
S01008326,All people aged 16 to 74 not in employment,315,126,189
S01008326,A B D E. Agriculture energy and water,3,2,1
S01008326,C. Manufacturing,38,22,16
S01008326,F. Construction,26,25,1
S01008326,G I. Distribution hotels and restaurants,63,22,41
S01008326,H J. Transport and communication,25,9,16
S01008326,K L M N. Financial real estate professional and administrative activities,29,11,18
S01008326,O P Q. Public administration education and health,67,11,56
S01008326,R S T U. Other,10,4,6
S01008326,Never worked,54,20,34
S01008327,All people aged 16 to 74 not in employment,248,104,144
S01008327,A B D E. Agriculture energy and water,3,3,0
S01008327,C. Manufacturing,36,19,17
S01008327,F. Construction,16,15,1
S01008327,G I. Distribution hotels and restaurants,39,16,23
S01008327,H J. Transport and communication,10,2,8
S01008327,K L M N. Financial real estate professional and administrative activities,25,6,19
S01008327,O P Q. Public administration education and health,60,16,44
S01008327,R S T U. Other,6,1,5
S01008327,Never worked,53,26,27
S01008328,All people aged 16 to 74 not in employment,121,50,71
S01008328,A B D E. Agriculture energy and water,3,0,3
S01008328,C. Manufacturing,6,3,3
S01008328,F. Construction,2,1,1
S01008328,G I. Distribution hotels and restaurants,25,15,10
S01008328,H J. Transport and communication,7,1,6
S01008328,K L M N. Financial real estate professional and administrative activities,15,6,9
S01008328,O P Q. Public administration education and health,26,8,18
S01008328,R S T U. Other,0,0,0
S01008328,Never worked,37,16,21
S01008329,All people aged 16 to 74 not in employment,197,83,114
S01008329,A B D E. Agriculture energy and water,4,3,1
S01008329,C. Manufacturing,8,4,4
S01008329,F. Construction,8,8,0
S01008329,G I. Distribution hotels and restaurants,30,13,17
S01008329,H J. Transport and communication,11,4,7
S01008329,K L M N. Financial real estate professional and administrative activities,31,15,16
S01008329,O P Q. Public administration education and health,55,15,40
S01008329,R S T U. Other,3,2,1
S01008329,Never worked,47,19,28
S01008330,All people aged 16 to 74 not in employment,203,77,126
S01008330,A B D E. Agriculture energy and water,3,3,0
S01008330,C. Manufacturing,7,7,0
S01008330,F. Construction,12,8,4
S01008330,G I. Distribution hotels and restaurants,44,15,29
S01008330,H J. Transport and communication,10,1,9
S01008330,K L M N. Financial real estate professional and administrative activities,20,8,12
S01008330,O P Q. Public administration education and health,55,20,35
S01008330,R S T U. Other,5,1,4
S01008330,Never worked,47,14,33
S01008331,All people aged 16 to 74 not in employment,111,46,65
S01008331,A B D E. Agriculture energy and water,0,0,0
S01008331,C. Manufacturing,6,2,4
S01008331,F. Construction,1,1,0
S01008331,G I. Distribution hotels and restaurants,27,13,14
S01008331,H J. Transport and communication,5,1,4
S01008331,K L M N. Financial real estate professional and administrative activities,16,8,8
S01008331,O P Q. Public administration education and health,26,8,18
S01008331,R S T U. Other,3,0,3
S01008331,Never worked,27,13,14
S01008332,All people aged 16 to 74 not in employment,224,83,141
S01008332,A B D E. Agriculture energy and water,4,3,1
S01008332,C. Manufacturing,11,7,4
S01008332,F. Construction,13,8,5
S01008332,G I. Distribution hotels and restaurants,41,16,25
S01008332,H J. Transport and communication,8,3,5
S01008332,K L M N. Financial real estate professional and administrative activities,36,8,28
S01008332,O P Q. Public administration education and health,51,15,36
S01008332,R S T U. Other,7,2,5
S01008332,Never worked,53,21,32
S01008333,All people aged 16 to 74 not in employment,261,114,147
S01008333,A B D E. Agriculture energy and water,5,3,2
S01008333,C. Manufacturing,29,19,10
S01008333,F. Construction,13,11,2
S01008333,G I. Distribution hotels and restaurants,53,22,31
S01008333,H J. Transport and communication,9,8,1
S01008333,K L M N. Financial real estate professional and administrative activities,42,17,25
S01008333,O P Q. Public administration education and health,76,17,59
S01008333,R S T U. Other,7,2,5
S01008333,Never worked,27,15,12
S01008334,All people aged 16 to 74 not in employment,187,79,108
S01008334,A B D E. Agriculture energy and water,3,3,0
S01008334,C. Manufacturing,9,5,4
S01008334,F. Construction,6,4,2
S01008334,G I. Distribution hotels and restaurants,28,15,13
S01008334,H J. Transport and communication,11,7,4
S01008334,K L M N. Financial real estate professional and administrative activities,38,22,16
S01008334,O P Q. Public administration education and health,43,9,34
S01008334,R S T U. Other,5,3,2
S01008334,Never worked,44,11,33
S01008335,All people aged 16 to 74 not in employment,205,85,120
S01008335,A B D E. Agriculture energy and water,2,2,0
S01008335,C. Manufacturing,10,6,4
S01008335,F. Construction,20,14,6
S01008335,G I. Distribution hotels and restaurants,35,19,16
S01008335,H J. Transport and communication,15,4,11
S01008335,K L M N. Financial real estate professional and administrative activities,30,9,21
S01008335,O P Q. Public administration education and health,51,12,39
S01008335,R S T U. Other,11,8,3
S01008335,Never worked,31,11,20
S01008336,All people aged 16 to 74 not in employment,156,57,99
S01008336,A B D E. Agriculture energy and water,6,4,2
S01008336,C. Manufacturing,10,4,6
S01008336,F. Construction,14,11,3
S01008336,G I. Distribution hotels and restaurants,38,19,19
S01008336,H J. Transport and communication,8,0,8
S01008336,K L M N. Financial real estate professional and administrative activities,20,4,16
S01008336,O P Q. Public administration education and health,31,6,25
S01008336,R S T U. Other,4,1,3
S01008336,Never worked,25,8,17
S01008337,All people aged 16 to 74 not in employment,155,57,98
S01008337,A B D E. Agriculture energy and water,1,0,1
S01008337,C. Manufacturing,8,5,3
S01008337,F. Construction,7,5,2
S01008337,G I. Distribution hotels and restaurants,29,10,19
S01008337,H J. Transport and communication,17,7,10
S01008337,K L M N. Financial real estate professional and administrative activities,20,9,11
S01008337,O P Q. Public administration education and health,35,7,28
S01008337,R S T U. Other,3,1,2
S01008337,Never worked,35,13,22
S01008338,All people aged 16 to 74 not in employment,127,48,79
S01008338,A B D E. Agriculture energy and water,1,0,1
S01008338,C. Manufacturing,3,0,3
S01008338,F. Construction,4,3,1
S01008338,G I. Distribution hotels and restaurants,15,6,9
S01008338,H J. Transport and communication,9,6,3
S01008338,K L M N. Financial real estate professional and administrative activities,15,4,11
S01008338,O P Q. Public administration education and health,29,6,23
S01008338,R S T U. Other,3,0,3
S01008338,Never worked,48,23,25
S01008339,All people aged 16 to 74 not in employment,109,50,59
S01008339,A B D E. Agriculture energy and water,3,1,2
S01008339,C. Manufacturing,7,6,1
S01008339,F. Construction,6,4,2
S01008339,G I. Distribution hotels and restaurants,18,9,9
S01008339,H J. Transport and communication,4,2,2
S01008339,K L M N. Financial real estate professional and administrative activities,12,7,5
S01008339,O P Q. Public administration education and health,29,7,22
S01008339,R S T U. Other,4,0,4
S01008339,Never worked,26,14,12
S01008340,All people aged 16 to 74 not in employment,150,55,95
S01008340,A B D E. Agriculture energy and water,0,0,0
S01008340,C. Manufacturing,8,5,3
S01008340,F. Construction,3,1,2
S01008340,G I. Distribution hotels and restaurants,22,10,12
S01008340,H J. Transport and communication,15,6,9
S01008340,K L M N. Financial real estate professional and administrative activities,25,11,14
S01008340,O P Q. Public administration education and health,33,6,27
S01008340,R S T U. Other,3,1,2
S01008340,Never worked,41,15,26
S01008341,All people aged 16 to 74 not in employment,112,47,65
S01008341,A B D E. Agriculture energy and water,3,2,1
S01008341,C. Manufacturing,3,2,1
S01008341,F. Construction,4,2,2
S01008341,G I. Distribution hotels and restaurants,21,11,10
S01008341,H J. Transport and communication,15,7,8
S01008341,K L M N. Financial real estate professional and administrative activities,20,7,13
S01008341,O P Q. Public administration education and health,22,6,16
S01008341,R S T U. Other,1,1,0
S01008341,Never worked,23,9,14
S01008342,All people aged 16 to 74 not in employment,247,105,142
S01008342,A B D E. Agriculture energy and water,5,4,1
S01008342,C. Manufacturing,19,14,5
S01008342,F. Construction,12,9,3
S01008342,G I. Distribution hotels and restaurants,41,20,21
S01008342,H J. Transport and communication,10,4,6
S01008342,K L M N. Financial real estate professional and administrative activities,41,13,28
S01008342,O P Q. Public administration education and health,52,10,42
S01008342,R S T U. Other,16,6,10
S01008342,Never worked,51,25,26
S01008343,All people aged 16 to 74 not in employment,214,91,123
S01008343,A B D E. Agriculture energy and water,2,1,1
S01008343,C. Manufacturing,15,7,8
S01008343,F. Construction,6,6,0
S01008343,G I. Distribution hotels and restaurants,31,13,18
S01008343,H J. Transport and communication,8,1,7
S01008343,K L M N. Financial real estate professional and administrative activities,31,16,15
S01008343,O P Q. Public administration education and health,78,30,48
S01008343,R S T U. Other,10,2,8
S01008343,Never worked,33,15,18
S01008344,All people aged 16 to 74 not in employment,219,77,142
S01008344,A B D E. Agriculture energy and water,1,1,0
S01008344,C. Manufacturing,15,12,3
S01008344,F. Construction,10,8,2
S01008344,G I. Distribution hotels and restaurants,48,12,36
S01008344,H J. Transport and communication,13,5,8
S01008344,K L M N. Financial real estate professional and administrative activities,35,12,23
S01008344,O P Q. Public administration education and health,52,9,43
S01008344,R S T U. Other,8,2,6
S01008344,Never worked,37,16,21
S01008345,All people aged 16 to 74 not in employment,284,112,172
S01008345,A B D E. Agriculture energy and water,2,1,1
S01008345,C. Manufacturing,10,6,4
S01008345,F. Construction,14,12,2
S01008345,G I. Distribution hotels and restaurants,47,18,29
S01008345,H J. Transport and communication,22,9,13
S01008345,K L M N. Financial real estate professional and administrative activities,48,18,30
S01008345,O P Q. Public administration education and health,72,14,58
S01008345,R S T U. Other,11,1,10
S01008345,Never worked,58,33,25
S01008346,All people aged 16 to 74 not in employment,235,90,145
S01008346,A B D E. Agriculture energy and water,3,3,0
S01008346,C. Manufacturing,14,6,8
S01008346,F. Construction,8,5,3
S01008346,G I. Distribution hotels and restaurants,41,16,25
S01008346,H J. Transport and communication,15,7,8
S01008346,K L M N. Financial real estate professional and administrative activities,33,15,18
S01008346,O P Q. Public administration education and health,70,15,55
S01008346,R S T U. Other,5,0,5
S01008346,Never worked,46,23,23
S01008347,All people aged 16 to 74 not in employment,238,103,135
S01008347,A B D E. Agriculture energy and water,2,2,0
S01008347,C. Manufacturing,19,9,10
S01008347,F. Construction,11,6,5
S01008347,G I. Distribution hotels and restaurants,53,23,30
S01008347,H J. Transport and communication,11,4,7
S01008347,K L M N. Financial real estate professional and administrative activities,45,21,24
S01008347,O P Q. Public administration education and health,48,13,35
S01008347,R S T U. Other,9,3,6
S01008347,Never worked,40,22,18
S01008348,All people aged 16 to 74 not in employment,211,80,131
S01008348,A B D E. Agriculture energy and water,3,1,2
S01008348,C. Manufacturing,13,8,5
S01008348,F. Construction,8,7,1
S01008348,G I. Distribution hotels and restaurants,39,14,25
S01008348,H J. Transport and communication,13,9,4
S01008348,K L M N. Financial real estate professional and administrative activities,44,18,26
S01008348,O P Q. Public administration education and health,52,7,45
S01008348,R S T U. Other,12,4,8
S01008348,Never worked,27,12,15
S01008349,All people aged 16 to 74 not in employment,210,76,134
S01008349,A B D E. Agriculture energy and water,1,1,0
S01008349,C. Manufacturing,9,3,6
S01008349,F. Construction,7,4,3
S01008349,G I. Distribution hotels and restaurants,33,9,24
S01008349,H J. Transport and communication,12,7,5
S01008349,K L M N. Financial real estate professional and administrative activities,31,8,23
S01008349,O P Q. Public administration education and health,60,16,44
S01008349,R S T U. Other,9,4,5
S01008349,Never worked,48,24,24
S01008350,All people aged 16 to 74 not in employment,174,71,103
S01008350,A B D E. Agriculture energy and water,5,3,2
S01008350,C. Manufacturing,14,9,5
S01008350,F. Construction,9,5,4
S01008350,G I. Distribution hotels and restaurants,26,9,17
S01008350,H J. Transport and communication,9,4,5
S01008350,K L M N. Financial real estate professional and administrative activities,41,20,21
S01008350,O P Q. Public administration education and health,51,12,39
S01008350,R S T U. Other,3,1,2
S01008350,Never worked,16,8,8
S01008351,All people aged 16 to 74 not in employment,202,83,119
S01008351,A B D E. Agriculture energy and water,0,0,0
S01008351,C. Manufacturing,8,4,4
S01008351,F. Construction,11,8,3
S01008351,G I. Distribution hotels and restaurants,32,15,17
S01008351,H J. Transport and communication,10,4,6
S01008351,K L M N. Financial real estate professional and administrative activities,35,16,19
S01008351,O P Q. Public administration education and health,62,12,50
S01008351,R S T U. Other,7,2,5
S01008351,Never worked,37,22,15
S01008352,All people aged 16 to 74 not in employment,172,55,117
S01008352,A B D E. Agriculture energy and water,0,0,0
S01008352,C. Manufacturing,10,2,8
S01008352,F. Construction,6,5,1
S01008352,G I. Distribution hotels and restaurants,26,9,17
S01008352,H J. Transport and communication,11,3,8
S01008352,K L M N. Financial real estate professional and administrative activities,29,12,17
S01008352,O P Q. Public administration education and health,53,8,45
S01008352,R S T U. Other,8,3,5
S01008352,Never worked,29,13,16
S01008353,All people aged 16 to 74 not in employment,127,49,78
S01008353,A B D E. Agriculture energy and water,1,1,0
S01008353,C. Manufacturing,7,5,2
S01008353,F. Construction,2,1,1
S01008353,G I. Distribution hotels and restaurants,21,6,15
S01008353,H J. Transport and communication,7,1,6
S01008353,K L M N. Financial real estate professional and administrative activities,27,11,16
S01008353,O P Q. Public administration education and health,32,9,23
S01008353,R S T U. Other,2,1,1
S01008353,Never worked,28,14,14
S01008354,All people aged 16 to 74 not in employment,145,56,89
S01008354,A B D E. Agriculture energy and water,4,2,2
S01008354,C. Manufacturing,13,5,8
S01008354,F. Construction,12,9,3
S01008354,G I. Distribution hotels and restaurants,24,11,13
S01008354,H J. Transport and communication,11,2,9
S01008354,K L M N. Financial real estate professional and administrative activities,18,10,8
S01008354,O P Q. Public administration education and health,29,2,27
S01008354,R S T U. Other,6,3,3
S01008354,Never worked,28,12,16
S01008355,All people aged 16 to 74 not in employment,180,81,99
S01008355,A B D E. Agriculture energy and water,4,2,2
S01008355,C. Manufacturing,14,10,4
S01008355,F. Construction,17,13,4
S01008355,G I. Distribution hotels and restaurants,45,19,26
S01008355,H J. Transport and communication,15,5,10
S01008355,K L M N. Financial real estate professional and administrative activities,23,10,13
S01008355,O P Q. Public administration education and health,23,5,18
S01008355,R S T U. Other,10,3,7
S01008355,Never worked,29,14,15
S01008356,All people aged 16 to 74 not in employment,107,38,69
S01008356,A B D E. Agriculture energy and water,1,1,0
S01008356,C. Manufacturing,6,3,3
S01008356,F. Construction,7,5,2
S01008356,G I. Distribution hotels and restaurants,21,8,13
S01008356,H J. Transport and communication,10,5,5
S01008356,K L M N. Financial real estate professional and administrative activities,11,3,8
S01008356,O P Q. Public administration education and health,35,7,28
S01008356,R S T U. Other,4,1,3
S01008356,Never worked,12,5,7
S01008357,All people aged 16 to 74 not in employment,158,69,89
S01008357,A B D E. Agriculture energy and water,3,1,2
S01008357,C. Manufacturing,15,9,6
S01008357,F. Construction,6,4,2
S01008357,G I. Distribution hotels and restaurants,26,11,15
S01008357,H J. Transport and communication,9,5,4
S01008357,K L M N. Financial real estate professional and administrative activities,15,3,12
S01008357,O P Q. Public administration education and health,55,23,32
S01008357,R S T U. Other,7,4,3
S01008357,Never worked,22,9,13
S01008358,All people aged 16 to 74 not in employment,191,89,102
S01008358,A B D E. Agriculture energy and water,3,2,1
S01008358,C. Manufacturing,12,3,9
S01008358,F. Construction,15,15,0
S01008358,G I. Distribution hotels and restaurants,43,25,18
S01008358,H J. Transport and communication,12,4,8
S01008358,K L M N. Financial real estate professional and administrative activities,22,11,11
S01008358,O P Q. Public administration education and health,51,12,39
S01008358,R S T U. Other,13,3,10
S01008358,Never worked,20,14,6
S01008359,All people aged 16 to 74 not in employment,138,52,86
S01008359,A B D E. Agriculture energy and water,7,3,4
S01008359,C. Manufacturing,14,8,6
S01008359,F. Construction,5,4,1
S01008359,G I. Distribution hotels and restaurants,20,7,13
S01008359,H J. Transport and communication,8,4,4
S01008359,K L M N. Financial real estate professional and administrative activities,16,6,10
S01008359,O P Q. Public administration education and health,43,9,34
S01008359,R S T U. Other,4,1,3
S01008359,Never worked,21,10,11
S01008360,All people aged 16 to 74 not in employment,220,96,124
S01008360,A B D E. Agriculture energy and water,7,5,2
S01008360,C. Manufacturing,24,15,9
S01008360,F. Construction,14,10,4
S01008360,G I. Distribution hotels and restaurants,35,12,23
S01008360,H J. Transport and communication,11,5,6
S01008360,K L M N. Financial real estate professional and administrative activities,38,22,16
S01008360,O P Q. Public administration education and health,62,11,51
S01008360,R S T U. Other,7,3,4
S01008360,Never worked,22,13,9
S01008361,All people aged 16 to 74 not in employment,116,51,65
S01008361,A B D E. Agriculture energy and water,5,2,3
S01008361,C. Manufacturing,4,2,2
S01008361,F. Construction,2,0,2
S01008361,G I. Distribution hotels and restaurants,25,17,8
S01008361,H J. Transport and communication,8,4,4
S01008361,K L M N. Financial real estate professional and administrative activities,9,4,5
S01008361,O P Q. Public administration education and health,35,8,27
S01008361,R S T U. Other,5,2,3
S01008361,Never worked,23,12,11
S01008362,All people aged 16 to 74 not in employment,175,68,107
S01008362,A B D E. Agriculture energy and water,5,2,3
S01008362,C. Manufacturing,9,6,3
S01008362,F. Construction,8,3,5
S01008362,G I. Distribution hotels and restaurants,32,13,19
S01008362,H J. Transport and communication,9,5,4
S01008362,K L M N. Financial real estate professional and administrative activities,28,9,19
S01008362,O P Q. Public administration education and health,39,9,30
S01008362,R S T U. Other,3,1,2
S01008362,Never worked,42,20,22
S01008363,All people aged 16 to 74 not in employment,182,69,113
S01008363,A B D E. Agriculture energy and water,3,1,2
S01008363,C. Manufacturing,11,8,3
S01008363,F. Construction,6,6,0
S01008363,G I. Distribution hotels and restaurants,31,12,19
S01008363,H J. Transport and communication,11,5,6
S01008363,K L M N. Financial real estate professional and administrative activities,34,16,18
S01008363,O P Q. Public administration education and health,56,9,47
S01008363,R S T U. Other,7,1,6
S01008363,Never worked,23,11,12
S01008364,All people aged 16 to 74 not in employment,199,82,117
S01008364,A B D E. Agriculture energy and water,2,1,1
S01008364,C. Manufacturing,9,6,3
S01008364,F. Construction,6,6,0
S01008364,G I. Distribution hotels and restaurants,36,18,18
S01008364,H J. Transport and communication,12,5,7
S01008364,K L M N. Financial real estate professional and administrative activities,27,14,13
S01008364,O P Q. Public administration education and health,56,10,46
S01008364,R S T U. Other,9,2,7
S01008364,Never worked,42,20,22
S01008365,All people aged 16 to 74 not in employment,218,95,123
S01008365,A B D E. Agriculture energy and water,2,2,0
S01008365,C. Manufacturing,12,8,4
S01008365,F. Construction,15,11,4
S01008365,G I. Distribution hotels and restaurants,35,19,16
S01008365,H J. Transport and communication,12,4,8
S01008365,K L M N. Financial real estate professional and administrative activities,41,22,19
S01008365,O P Q. Public administration education and health,57,8,49
S01008365,R S T U. Other,11,5,6
S01008365,Never worked,33,16,17
S01008366,All people aged 16 to 74 not in employment,213,82,131
S01008366,A B D E. Agriculture energy and water,4,4,0
S01008366,C. Manufacturing,14,8,6
S01008366,F. Construction,7,5,2
S01008366,G I. Distribution hotels and restaurants,48,16,32
S01008366,H J. Transport and communication,8,1,7
S01008366,K L M N. Financial real estate professional and administrative activities,29,14,15
S01008366,O P Q. Public administration education and health,45,9,36
S01008366,R S T U. Other,9,3,6
S01008366,Never worked,49,22,27
S01008367,All people aged 16 to 74 not in employment,210,91,119
S01008367,A B D E. Agriculture energy and water,9,1,8
S01008367,C. Manufacturing,13,9,4
S01008367,F. Construction,15,13,2
S01008367,G I. Distribution hotels and restaurants,39,18,21
S01008367,H J. Transport and communication,19,9,10
S01008367,K L M N. Financial real estate professional and administrative activities,17,3,14
S01008367,O P Q. Public administration education and health,40,8,32
S01008367,R S T U. Other,7,3,4
S01008367,Never worked,51,27,24
S01008368,All people aged 16 to 74 not in employment,148,55,93
S01008368,A B D E. Agriculture energy and water,1,0,1
S01008368,C. Manufacturing,11,6,5
S01008368,F. Construction,8,6,2
S01008368,G I. Distribution hotels and restaurants,31,15,16
S01008368,H J. Transport and communication,8,3,5
S01008368,K L M N. Financial real estate professional and administrative activities,26,7,19
S01008368,O P Q. Public administration education and health,40,12,28
S01008368,R S T U. Other,3,0,3
S01008368,Never worked,20,6,14
S01008369,All people aged 16 to 74 not in employment,133,56,77
S01008369,A B D E. Agriculture energy and water,1,0,1
S01008369,C. Manufacturing,13,7,6
S01008369,F. Construction,5,4,1
S01008369,G I. Distribution hotels and restaurants,17,12,5
S01008369,H J. Transport and communication,9,4,5
S01008369,K L M N. Financial real estate professional and administrative activities,19,9,10
S01008369,O P Q. Public administration education and health,41,10,31
S01008369,R S T U. Other,6,2,4
S01008369,Never worked,22,8,14
S01008370,All people aged 16 to 74 not in employment,151,66,85
S01008370,A B D E. Agriculture energy and water,1,1,0
S01008370,C. Manufacturing,12,9,3
S01008370,F. Construction,11,8,3
S01008370,G I. Distribution hotels and restaurants,23,11,12
S01008370,H J. Transport and communication,13,8,5
S01008370,K L M N. Financial real estate professional and administrative activities,18,6,12
S01008370,O P Q. Public administration education and health,36,8,28
S01008370,R S T U. Other,7,1,6
S01008370,Never worked,30,14,16
S01008371,All people aged 16 to 74 not in employment,179,83,96
S01008371,A B D E. Agriculture energy and water,3,2,1
S01008371,C. Manufacturing,12,9,3
S01008371,F. Construction,4,4,0
S01008371,G I. Distribution hotels and restaurants,35,15,20
S01008371,H J. Transport and communication,9,5,4
S01008371,K L M N. Financial real estate professional and administrative activities,24,11,13
S01008371,O P Q. Public administration education and health,51,18,33
S01008371,R S T U. Other,6,1,5
S01008371,Never worked,35,18,17
S01008372,All people aged 16 to 74 not in employment,190,88,102
S01008372,A B D E. Agriculture energy and water,8,5,3
S01008372,C. Manufacturing,21,16,5
S01008372,F. Construction,5,5,0
S01008372,G I. Distribution hotels and restaurants,30,12,18
S01008372,H J. Transport and communication,8,5,3
S01008372,K L M N. Financial real estate professional and administrative activities,21,9,12
S01008372,O P Q. Public administration education and health,51,13,38
S01008372,R S T U. Other,10,1,9
S01008372,Never worked,36,22,14
S01008373,All people aged 16 to 74 not in employment,162,61,101
S01008373,A B D E. Agriculture energy and water,2,0,2
S01008373,C. Manufacturing,10,8,2
S01008373,F. Construction,7,5,2
S01008373,G I. Distribution hotels and restaurants,22,13,9
S01008373,H J. Transport and communication,10,4,6
S01008373,K L M N. Financial real estate professional and administrative activities,21,8,13
S01008373,O P Q. Public administration education and health,54,7,47
S01008373,R S T U. Other,7,2,5
S01008373,Never worked,29,14,15
S01008374,All people aged 16 to 74 not in employment,142,65,77
S01008374,A B D E. Agriculture energy and water,3,3,0
S01008374,C. Manufacturing,14,13,1
S01008374,F. Construction,6,5,1
S01008374,G I. Distribution hotels and restaurants,22,9,13
S01008374,H J. Transport and communication,8,3,5
S01008374,K L M N. Financial real estate professional and administrative activities,20,9,11
S01008374,O P Q. Public administration education and health,53,15,38
S01008374,R S T U. Other,5,2,3
S01008374,Never worked,11,6,5
S01008375,All people aged 16 to 74 not in employment,169,75,94
S01008375,A B D E. Agriculture energy and water,5,2,3
S01008375,C. Manufacturing,12,8,4
S01008375,F. Construction,5,5,0
S01008375,G I. Distribution hotels and restaurants,23,13,10
S01008375,H J. Transport and communication,8,4,4
S01008375,K L M N. Financial real estate professional and administrative activities,29,11,18
S01008375,O P Q. Public administration education and health,49,13,36
S01008375,R S T U. Other,6,2,4
S01008375,Never worked,32,17,15
S01008376,All people aged 16 to 74 not in employment,117,50,67
S01008376,A B D E. Agriculture energy and water,0,0,0
S01008376,C. Manufacturing,9,3,6
S01008376,F. Construction,4,3,1
S01008376,G I. Distribution hotels and restaurants,19,9,10
S01008376,H J. Transport and communication,10,4,6
S01008376,K L M N. Financial real estate professional and administrative activities,22,9,13
S01008376,O P Q. Public administration education and health,34,12,22
S01008376,R S T U. Other,3,2,1
S01008376,Never worked,16,8,8
S01008377,All people aged 16 to 74 not in employment,147,67,80
S01008377,A B D E. Agriculture energy and water,2,2,0
S01008377,C. Manufacturing,11,9,2
S01008377,F. Construction,8,5,3
S01008377,G I. Distribution hotels and restaurants,16,6,10
S01008377,H J. Transport and communication,11,5,6
S01008377,K L M N. Financial real estate professional and administrative activities,24,12,12
S01008377,O P Q. Public administration education and health,37,9,28
S01008377,R S T U. Other,6,1,5
S01008377,Never worked,32,18,14
S01008378,All people aged 16 to 74 not in employment,203,88,115
S01008378,A B D E. Agriculture energy and water,4,3,1
S01008378,C. Manufacturing,14,6,8
S01008378,F. Construction,7,5,2
S01008378,G I. Distribution hotels and restaurants,31,12,19
S01008378,H J. Transport and communication,16,11,5
S01008378,K L M N. Financial real estate professional and administrative activities,27,14,13
S01008378,O P Q. Public administration education and health,58,17,41
S01008378,R S T U. Other,8,4,4
S01008378,Never worked,38,16,22
S01008379,All people aged 16 to 74 not in employment,154,60,94
S01008379,A B D E. Agriculture energy and water,2,2,0
S01008379,C. Manufacturing,11,8,3
S01008379,F. Construction,9,9,0
S01008379,G I. Distribution hotels and restaurants,18,5,13
S01008379,H J. Transport and communication,8,2,6
S01008379,K L M N. Financial real estate professional and administrative activities,30,13,17
S01008379,O P Q. Public administration education and health,47,9,38
S01008379,R S T U. Other,3,1,2
S01008379,Never worked,26,11,15
S01008380,All people aged 16 to 74 not in employment,148,74,74
S01008380,A B D E. Agriculture energy and water,4,3,1
S01008380,C. Manufacturing,12,7,5
S01008380,F. Construction,5,4,1
S01008380,G I. Distribution hotels and restaurants,23,13,10
S01008380,H J. Transport and communication,5,3,2
S01008380,K L M N. Financial real estate professional and administrative activities,25,12,13
S01008380,O P Q. Public administration education and health,42,15,27
S01008380,R S T U. Other,5,0,5
S01008380,Never worked,27,17,10
S01008381,All people aged 16 to 74 not in employment,107,45,62
S01008381,A B D E. Agriculture energy and water,3,2,1
S01008381,C. Manufacturing,5,4,1
S01008381,F. Construction,3,3,0
S01008381,G I. Distribution hotels and restaurants,18,6,12
S01008381,H J. Transport and communication,11,8,3
S01008381,K L M N. Financial real estate professional and administrative activities,16,4,12
S01008381,O P Q. Public administration education and health,30,6,24
S01008381,R S T U. Other,4,2,2
S01008381,Never worked,17,10,7
S01008382,All people aged 16 to 74 not in employment,156,70,86
S01008382,A B D E. Agriculture energy and water,1,0,1
S01008382,C. Manufacturing,8,6,2
S01008382,F. Construction,9,9,0
S01008382,G I. Distribution hotels and restaurants,24,14,10
S01008382,H J. Transport and communication,12,4,8
S01008382,K L M N. Financial real estate professional and administrative activities,37,14,23
S01008382,O P Q. Public administration education and health,40,13,27
S01008382,R S T U. Other,2,1,1
S01008382,Never worked,23,9,14
S01008383,All people aged 16 to 74 not in employment,93,37,56
S01008383,A B D E. Agriculture energy and water,0,0,0
S01008383,C. Manufacturing,5,4,1
S01008383,F. Construction,3,2,1
S01008383,G I. Distribution hotels and restaurants,18,8,10
S01008383,H J. Transport and communication,7,1,6
S01008383,K L M N. Financial real estate professional and administrative activities,11,3,8
S01008383,O P Q. Public administration education and health,34,10,24
S01008383,R S T U. Other,2,2,0
S01008383,Never worked,13,7,6
S01008384,All people aged 16 to 74 not in employment,212,97,115
S01008384,A B D E. Agriculture energy and water,3,2,1
S01008384,C. Manufacturing,15,11,4
S01008384,F. Construction,13,10,3
S01008384,G I. Distribution hotels and restaurants,38,21,17
S01008384,H J. Transport and communication,16,10,6
S01008384,K L M N. Financial real estate professional and administrative activities,32,12,20
S01008384,O P Q. Public administration education and health,57,9,48
S01008384,R S T U. Other,8,2,6
S01008384,Never worked,30,20,10
S01008385,All people aged 16 to 74 not in employment,158,68,90
S01008385,A B D E. Agriculture energy and water,3,1,2
S01008385,C. Manufacturing,9,8,1
S01008385,F. Construction,8,5,3
S01008385,G I. Distribution hotels and restaurants,17,12,5
S01008385,H J. Transport and communication,11,4,7
S01008385,K L M N. Financial real estate professional and administrative activities,27,12,15
S01008385,O P Q. Public administration education and health,55,9,46
S01008385,R S T U. Other,8,3,5
S01008385,Never worked,20,14,6
S01008386,All people aged 16 to 74 not in employment,187,91,96
S01008386,A B D E. Agriculture energy and water,5,2,3
S01008386,C. Manufacturing,13,6,7
S01008386,F. Construction,11,9,2
S01008386,G I. Distribution hotels and restaurants,40,22,18
S01008386,H J. Transport and communication,6,5,1
S01008386,K L M N. Financial real estate professional and administrative activities,21,9,12
S01008386,O P Q. Public administration education and health,54,18,36
S01008386,R S T U. Other,8,4,4
S01008386,Never worked,29,16,13
S01008387,All people aged 16 to 74 not in employment,113,50,63
S01008387,A B D E. Agriculture energy and water,5,3,2
S01008387,C. Manufacturing,4,2,2
S01008387,F. Construction,5,5,0
S01008387,G I. Distribution hotels and restaurants,16,10,6
S01008387,H J. Transport and communication,8,4,4
S01008387,K L M N. Financial real estate professional and administrative activities,14,6,8
S01008387,O P Q. Public administration education and health,35,7,28
S01008387,R S T U. Other,3,1,2
S01008387,Never worked,23,12,11
S01008388,All people aged 16 to 74 not in employment,108,36,72
S01008388,A B D E. Agriculture energy and water,2,1,1
S01008388,C. Manufacturing,8,5,3
S01008388,F. Construction,7,6,1
S01008388,G I. Distribution hotels and restaurants,18,5,13
S01008388,H J. Transport and communication,10,3,7
S01008388,K L M N. Financial real estate professional and administrative activities,10,1,9
S01008388,O P Q. Public administration education and health,28,4,24
S01008388,R S T U. Other,4,1,3
S01008388,Never worked,21,10,11
S01008389,All people aged 16 to 74 not in employment,162,62,100
S01008389,A B D E. Agriculture energy and water,0,0,0
S01008389,C. Manufacturing,21,12,9
S01008389,F. Construction,19,12,7
S01008389,G I. Distribution hotels and restaurants,19,9,10
S01008389,H J. Transport and communication,10,3,7
S01008389,K L M N. Financial real estate professional and administrative activities,28,12,16
S01008389,O P Q. Public administration education and health,47,8,39
S01008389,R S T U. Other,2,1,1
S01008389,Never worked,16,5,11
S01008390,All people aged 16 to 74 not in employment,143,65,78
S01008390,A B D E. Agriculture energy and water,2,1,1
S01008390,C. Manufacturing,17,10,7
S01008390,F. Construction,9,6,3
S01008390,G I. Distribution hotels and restaurants,18,7,11
S01008390,H J. Transport and communication,7,5,2
S01008390,K L M N. Financial real estate professional and administrative activities,11,1,10
S01008390,O P Q. Public administration education and health,53,18,35
S01008390,R S T U. Other,4,2,2
S01008390,Never worked,22,15,7
S01008391,All people aged 16 to 74 not in employment,182,73,109
S01008391,A B D E. Agriculture energy and water,3,1,2
S01008391,C. Manufacturing,14,10,4
S01008391,F. Construction,9,6,3
S01008391,G I. Distribution hotels and restaurants,32,16,16
S01008391,H J. Transport and communication,13,6,7
S01008391,K L M N. Financial real estate professional and administrative activities,22,5,17
S01008391,O P Q. Public administration education and health,56,15,41
S01008391,R S T U. Other,8,3,5
S01008391,Never worked,25,11,14
S01008392,All people aged 16 to 74 not in employment,178,82,96
S01008392,A B D E. Agriculture energy and water,4,3,1
S01008392,C. Manufacturing,12,7,5
S01008392,F. Construction,5,3,2
S01008392,G I. Distribution hotels and restaurants,12,9,3
S01008392,H J. Transport and communication,14,11,3
S01008392,K L M N. Financial real estate professional and administrative activities,29,13,16
S01008392,O P Q. Public administration education and health,56,14,42
S01008392,R S T U. Other,1,1,0
S01008392,Never worked,45,21,24
S01008393,All people aged 16 to 74 not in employment,191,76,115
S01008393,A B D E. Agriculture energy and water,2,2,0
S01008393,C. Manufacturing,13,5,8
S01008393,F. Construction,11,9,2
S01008393,G I. Distribution hotels and restaurants,20,7,13
S01008393,H J. Transport and communication,9,4,5
S01008393,K L M N. Financial real estate professional and administrative activities,25,12,13
S01008393,O P Q. Public administration education and health,69,19,50
S01008393,R S T U. Other,3,0,3
S01008393,Never worked,39,18,21
S01008394,All people aged 16 to 74 not in employment,161,71,90
S01008394,A B D E. Agriculture energy and water,2,2,0
S01008394,C. Manufacturing,9,4,5
S01008394,F. Construction,11,7,4
S01008394,G I. Distribution hotels and restaurants,25,12,13
S01008394,H J. Transport and communication,10,6,4
S01008394,K L M N. Financial real estate professional and administrative activities,20,8,12
S01008394,O P Q. Public administration education and health,39,7,32
S01008394,R S T U. Other,5,0,5
S01008394,Never worked,40,25,15
S01008395,All people aged 16 to 74 not in employment,100,43,57
S01008395,A B D E. Agriculture energy and water,2,2,0
S01008395,C. Manufacturing,8,5,3
S01008395,F. Construction,3,3,0
S01008395,G I. Distribution hotels and restaurants,16,9,7
S01008395,H J. Transport and communication,5,2,3
S01008395,K L M N. Financial real estate professional and administrative activities,16,5,11
S01008395,O P Q. Public administration education and health,23,7,16
S01008395,R S T U. Other,2,1,1
S01008395,Never worked,25,9,16
S01008396,All people aged 16 to 74 not in employment,171,74,97
S01008396,A B D E. Agriculture energy and water,3,2,1
S01008396,C. Manufacturing,17,13,4
S01008396,F. Construction,4,4,0
S01008396,G I. Distribution hotels and restaurants,27,15,12
S01008396,H J. Transport and communication,9,5,4
S01008396,K L M N. Financial real estate professional and administrative activities,28,8,20
S01008396,O P Q. Public administration education and health,52,13,39
S01008396,R S T U. Other,5,1,4
S01008396,Never worked,26,13,13
S01008397,All people aged 16 to 74 not in employment,244,104,140
S01008397,A B D E. Agriculture energy and water,7,3,4
S01008397,C. Manufacturing,15,12,3
S01008397,F. Construction,9,8,1
S01008397,G I. Distribution hotels and restaurants,34,17,17
S01008397,H J. Transport and communication,16,7,9
S01008397,K L M N. Financial real estate professional and administrative activities,40,15,25
S01008397,O P Q. Public administration education and health,78,22,56
S01008397,R S T U. Other,8,3,5
S01008397,Never worked,37,17,20
S01008398,All people aged 16 to 74 not in employment,145,56,89
S01008398,A B D E. Agriculture energy and water,4,3,1
S01008398,C. Manufacturing,5,1,4
S01008398,F. Construction,4,4,0
S01008398,G I. Distribution hotels and restaurants,29,12,17
S01008398,H J. Transport and communication,7,5,2
S01008398,K L M N. Financial real estate professional and administrative activities,23,7,16
S01008398,O P Q. Public administration education and health,47,12,35
S01008398,R S T U. Other,3,1,2
S01008398,Never worked,23,11,12
S01008399,All people aged 16 to 74 not in employment,147,47,100
S01008399,A B D E. Agriculture energy and water,0,0,0
S01008399,C. Manufacturing,3,1,2
S01008399,F. Construction,9,5,4
S01008399,G I. Distribution hotels and restaurants,23,11,12
S01008399,H J. Transport and communication,14,4,10
S01008399,K L M N. Financial real estate professional and administrative activities,23,7,16
S01008399,O P Q. Public administration education and health,41,10,31
S01008399,R S T U. Other,4,0,4
S01008399,Never worked,30,9,21
S01008400,All people aged 16 to 74 not in employment,162,66,96
S01008400,A B D E. Agriculture energy and water,3,2,1
S01008400,C. Manufacturing,12,10,2
S01008400,F. Construction,11,9,2
S01008400,G I. Distribution hotels and restaurants,20,5,15
S01008400,H J. Transport and communication,8,4,4
S01008400,K L M N. Financial real estate professional and administrative activities,10,3,7
S01008400,O P Q. Public administration education and health,46,13,33
S01008400,R S T U. Other,5,2,3
S01008400,Never worked,47,18,29
S01008401,All people aged 16 to 74 not in employment,227,99,128
S01008401,A B D E. Agriculture energy and water,2,1,1
S01008401,C. Manufacturing,11,8,3
S01008401,F. Construction,9,7,2
S01008401,G I. Distribution hotels and restaurants,34,19,15
S01008401,H J. Transport and communication,18,11,7
S01008401,K L M N. Financial real estate professional and administrative activities,32,9,23
S01008401,O P Q. Public administration education and health,67,23,44
S01008401,R S T U. Other,5,1,4
S01008401,Never worked,49,20,29
S01008402,All people aged 16 to 74 not in employment,284,108,176
S01008402,A B D E. Agriculture energy and water,3,2,1
S01008402,C. Manufacturing,22,14,8
S01008402,F. Construction,9,3,6
S01008402,G I. Distribution hotels and restaurants,45,22,23
S01008402,H J. Transport and communication,17,11,6
S01008402,K L M N. Financial real estate professional and administrative activities,48,17,31
S01008402,O P Q. Public administration education and health,79,14,65
S01008402,R S T U. Other,12,3,9
S01008402,Never worked,49,22,27
S01008403,All people aged 16 to 74 not in employment,152,60,92
S01008403,A B D E. Agriculture energy and water,2,1,1
S01008403,C. Manufacturing,12,9,3
S01008403,F. Construction,4,4,0
S01008403,G I. Distribution hotels and restaurants,19,9,10
S01008403,H J. Transport and communication,12,6,6
S01008403,K L M N. Financial real estate professional and administrative activities,27,11,16
S01008403,O P Q. Public administration education and health,45,8,37
S01008403,R S T U. Other,4,2,2
S01008403,Never worked,27,10,17
S01008404,All people aged 16 to 74 not in employment,213,83,130
S01008404,A B D E. Agriculture energy and water,3,2,1
S01008404,C. Manufacturing,9,5,4
S01008404,F. Construction,11,8,3
S01008404,G I. Distribution hotels and restaurants,34,15,19
S01008404,H J. Transport and communication,15,6,9
S01008404,K L M N. Financial real estate professional and administrative activities,42,14,28
S01008404,O P Q. Public administration education and health,60,15,45
S01008404,R S T U. Other,5,3,2
S01008404,Never worked,34,15,19
S01008405,All people aged 16 to 74 not in employment,160,66,94
S01008405,A B D E. Agriculture energy and water,3,2,1
S01008405,C. Manufacturing,10,7,3
S01008405,F. Construction,4,3,1
S01008405,G I. Distribution hotels and restaurants,20,6,14
S01008405,H J. Transport and communication,9,6,3
S01008405,K L M N. Financial real estate professional and administrative activities,29,17,12
S01008405,O P Q. Public administration education and health,45,8,37
S01008405,R S T U. Other,2,1,1
S01008405,Never worked,38,16,22
S01008406,All people aged 16 to 74 not in employment,232,92,140
S01008406,A B D E. Agriculture energy and water,1,0,1
S01008406,C. Manufacturing,20,14,6
S01008406,F. Construction,6,4,2
S01008406,G I. Distribution hotels and restaurants,34,15,19
S01008406,H J. Transport and communication,13,4,9
S01008406,K L M N. Financial real estate professional and administrative activities,35,15,20
S01008406,O P Q. Public administration education and health,59,14,45
S01008406,R S T U. Other,14,4,10
S01008406,Never worked,50,22,28
S01008407,All people aged 16 to 74 not in employment,141,67,74
S01008407,A B D E. Agriculture energy and water,0,0,0
S01008407,C. Manufacturing,9,5,4
S01008407,F. Construction,16,13,3
S01008407,G I. Distribution hotels and restaurants,19,9,10
S01008407,H J. Transport and communication,9,5,4
S01008407,K L M N. Financial real estate professional and administrative activities,12,4,8
S01008407,O P Q. Public administration education and health,36,12,24
S01008407,R S T U. Other,3,1,2
S01008407,Never worked,37,18,19
S01008408,All people aged 16 to 74 not in employment,128,49,79
S01008408,A B D E. Agriculture energy and water,0,0,0
S01008408,C. Manufacturing,8,3,5
S01008408,F. Construction,6,4,2
S01008408,G I. Distribution hotels and restaurants,21,10,11
S01008408,H J. Transport and communication,6,1,5
S01008408,K L M N. Financial real estate professional and administrative activities,15,3,12
S01008408,O P Q. Public administration education and health,29,9,20
S01008408,R S T U. Other,7,2,5
S01008408,Never worked,36,17,19
S01008409,All people aged 16 to 74 not in employment,227,100,127
S01008409,A B D E. Agriculture energy and water,9,1,8
S01008409,C. Manufacturing,16,9,7
S01008409,F. Construction,18,14,4
S01008409,G I. Distribution hotels and restaurants,47,23,24
S01008409,H J. Transport and communication,17,8,9
S01008409,K L M N. Financial real estate professional and administrative activities,27,13,14
S01008409,O P Q. Public administration education and health,46,10,36
S01008409,R S T U. Other,7,3,4
S01008409,Never worked,40,19,21
S01008410,All people aged 16 to 74 not in employment,161,65,96
S01008410,A B D E. Agriculture energy and water,0,0,0
S01008410,C. Manufacturing,7,4,3
S01008410,F. Construction,6,4,2
S01008410,G I. Distribution hotels and restaurants,20,8,12
S01008410,H J. Transport and communication,14,7,7
S01008410,K L M N. Financial real estate professional and administrative activities,25,9,16
S01008410,O P Q. Public administration education and health,48,13,35
S01008410,R S T U. Other,3,2,1
S01008410,Never worked,38,18,20
S01008411,All people aged 16 to 74 not in employment,140,71,69
S01008411,A B D E. Agriculture energy and water,3,2,1
S01008411,C. Manufacturing,8,5,3
S01008411,F. Construction,3,3,0
S01008411,G I. Distribution hotels and restaurants,28,18,10
S01008411,H J. Transport and communication,13,6,7
S01008411,K L M N. Financial real estate professional and administrative activities,19,8,11
S01008411,O P Q. Public administration education and health,33,9,24
S01008411,R S T U. Other,7,4,3
S01008411,Never worked,26,16,10
S01008412,All people aged 16 to 74 not in employment,184,79,105
S01008412,A B D E. Agriculture energy and water,3,1,2
S01008412,C. Manufacturing,9,7,2
S01008412,F. Construction,7,6,1
S01008412,G I. Distribution hotels and restaurants,26,14,12
S01008412,H J. Transport and communication,9,3,6
S01008412,K L M N. Financial real estate professional and administrative activities,22,7,15
S01008412,O P Q. Public administration education and health,47,11,36
S01008412,R S T U. Other,7,1,6
S01008412,Never worked,54,29,25
S01008413,All people aged 16 to 74 not in employment,142,65,77
S01008413,A B D E. Agriculture energy and water,1,1,0
S01008413,C. Manufacturing,11,9,2
S01008413,F. Construction,10,10,0
S01008413,G I. Distribution hotels and restaurants,17,6,11
S01008413,H J. Transport and communication,4,2,2
S01008413,K L M N. Financial real estate professional and administrative activities,17,5,12
S01008413,O P Q. Public administration education and health,32,9,23
S01008413,R S T U. Other,14,3,11
S01008413,Never worked,36,20,16
S01008414,All people aged 16 to 74 not in employment,108,49,59
S01008414,A B D E. Agriculture energy and water,1,0,1
S01008414,C. Manufacturing,5,4,1
S01008414,F. Construction,4,3,1
S01008414,G I. Distribution hotels and restaurants,15,6,9
S01008414,H J. Transport and communication,5,1,4
S01008414,K L M N. Financial real estate professional and administrative activities,16,7,9
S01008414,O P Q. Public administration education and health,30,11,19
S01008414,R S T U. Other,3,1,2
S01008414,Never worked,29,16,13
S01008415,All people aged 16 to 74 not in employment,187,82,105
S01008415,A B D E. Agriculture energy and water,0,0,0
S01008415,C. Manufacturing,19,11,8
S01008415,F. Construction,7,6,1
S01008415,G I. Distribution hotels and restaurants,49,23,26
S01008415,H J. Transport and communication,17,7,10
S01008415,K L M N. Financial real estate professional and administrative activities,17,7,10
S01008415,O P Q. Public administration education and health,28,3,25
S01008415,R S T U. Other,11,2,9
S01008415,Never worked,39,23,16
S01008416,All people aged 16 to 74 not in employment,294,138,156
S01008416,A B D E. Agriculture energy and water,6,4,2
S01008416,C. Manufacturing,16,11,5
S01008416,F. Construction,14,14,0
S01008416,G I. Distribution hotels and restaurants,64,37,27
S01008416,H J. Transport and communication,18,6,12
S01008416,K L M N. Financial real estate professional and administrative activities,31,9,22
S01008416,O P Q. Public administration education and health,62,19,43
S01008416,R S T U. Other,16,8,8
S01008416,Never worked,67,30,37
S01008417,All people aged 16 to 74 not in employment,195,96,99
S01008417,A B D E. Agriculture energy and water,3,2,1
S01008417,C. Manufacturing,12,10,2
S01008417,F. Construction,5,4,1
S01008417,G I. Distribution hotels and restaurants,14,7,7
S01008417,H J. Transport and communication,14,11,3
S01008417,K L M N. Financial real estate professional and administrative activities,32,19,13
S01008417,O P Q. Public administration education and health,82,23,59
S01008417,R S T U. Other,5,4,1
S01008417,Never worked,28,16,12
S01008418,All people aged 16 to 74 not in employment,161,73,88
S01008418,A B D E. Agriculture energy and water,2,1,1
S01008418,C. Manufacturing,7,6,1
S01008418,F. Construction,9,8,1
S01008418,G I. Distribution hotels and restaurants,21,11,10
S01008418,H J. Transport and communication,10,6,4
S01008418,K L M N. Financial real estate professional and administrative activities,33,14,19
S01008418,O P Q. Public administration education and health,48,14,34
S01008418,R S T U. Other,13,5,8
S01008418,Never worked,18,8,10
S01008419,All people aged 16 to 74 not in employment,107,53,54
S01008419,A B D E. Agriculture energy and water,4,1,3
S01008419,C. Manufacturing,3,2,1
S01008419,F. Construction,2,2,0
S01008419,G I. Distribution hotels and restaurants,10,7,3
S01008419,H J. Transport and communication,11,6,5
S01008419,K L M N. Financial real estate professional and administrative activities,16,10,6
S01008419,O P Q. Public administration education and health,34,8,26
S01008419,R S T U. Other,5,3,2
S01008419,Never worked,22,14,8
S01008420,All people aged 16 to 74 not in employment,116,50,66
S01008420,A B D E. Agriculture energy and water,0,0,0
S01008420,C. Manufacturing,6,3,3
S01008420,F. Construction,8,7,1
S01008420,G I. Distribution hotels and restaurants,15,6,9
S01008420,H J. Transport and communication,8,4,4
S01008420,K L M N. Financial real estate professional and administrative activities,23,10,13
S01008420,O P Q. Public administration education and health,36,6,30
S01008420,R S T U. Other,2,1,1
S01008420,Never worked,18,13,5
S01008421,All people aged 16 to 74 not in employment,189,80,109
S01008421,A B D E. Agriculture energy and water,2,2,0
S01008421,C. Manufacturing,11,9,2
S01008421,F. Construction,9,8,1
S01008421,G I. Distribution hotels and restaurants,34,22,12
S01008421,H J. Transport and communication,12,4,8
S01008421,K L M N. Financial real estate professional and administrative activities,29,7,22
S01008421,O P Q. Public administration education and health,45,6,39
S01008421,R S T U. Other,10,5,5
S01008421,Never worked,37,17,20
S01008422,All people aged 16 to 74 not in employment,148,67,81
S01008422,A B D E. Agriculture energy and water,4,4,0
S01008422,C. Manufacturing,7,7,0
S01008422,F. Construction,7,5,2
S01008422,G I. Distribution hotels and restaurants,8,5,3
S01008422,H J. Transport and communication,8,3,5
S01008422,K L M N. Financial real estate professional and administrative activities,33,15,18
S01008422,O P Q. Public administration education and health,56,14,42
S01008422,R S T U. Other,4,1,3
S01008422,Never worked,21,13,8
S01008423,All people aged 16 to 74 not in employment,268,116,152
S01008423,A B D E. Agriculture energy and water,5,5,0
S01008423,C. Manufacturing,17,9,8
S01008423,F. Construction,5,4,1
S01008423,G I. Distribution hotels and restaurants,24,12,12
S01008423,H J. Transport and communication,22,13,9
S01008423,K L M N. Financial real estate professional and administrative activities,45,18,27
S01008423,O P Q. Public administration education and health,92,22,70
S01008423,R S T U. Other,9,2,7
S01008423,Never worked,49,31,18
S01008424,All people aged 16 to 74 not in employment,251,107,144
S01008424,A B D E. Agriculture energy and water,8,7,1
S01008424,C. Manufacturing,11,9,2
S01008424,F. Construction,2,1,1
S01008424,G I. Distribution hotels and restaurants,36,12,24
S01008424,H J. Transport and communication,10,6,4
S01008424,K L M N. Financial real estate professional and administrative activities,49,23,26
S01008424,O P Q. Public administration education and health,90,26,64
S01008424,R S T U. Other,14,9,5
S01008424,Never worked,31,14,17
S01008425,All people aged 16 to 74 not in employment,1532,955,577
S01008425,A B D E. Agriculture energy and water,30,23,7
S01008425,C. Manufacturing,50,41,9
S01008425,F. Construction,33,26,7
S01008425,G I. Distribution hotels and restaurants,231,149,82
S01008425,H J. Transport and communication,169,97,72
S01008425,K L M N. Financial real estate professional and administrative activities,136,73,63
S01008425,O P Q. Public administration education and health,199,86,113
S01008425,R S T U. Other,49,26,23
S01008425,Never worked,635,434,201
S01008426,All people aged 16 to 74 not in employment,154,56,98
S01008426,A B D E. Agriculture energy and water,1,1,0
S01008426,C. Manufacturing,5,3,2
S01008426,F. Construction,9,8,1
S01008426,G I. Distribution hotels and restaurants,22,9,13
S01008426,H J. Transport and communication,15,2,13
S01008426,K L M N. Financial real estate professional and administrative activities,24,7,17
S01008426,O P Q. Public administration education and health,43,10,33
S01008426,R S T U. Other,7,2,5
S01008426,Never worked,28,14,14
S01008427,All people aged 16 to 74 not in employment,204,102,102
S01008427,A B D E. Agriculture energy and water,4,3,1
S01008427,C. Manufacturing,14,10,4
S01008427,F. Construction,7,7,0
S01008427,G I. Distribution hotels and restaurants,28,17,11
S01008427,H J. Transport and communication,15,10,5
S01008427,K L M N. Financial real estate professional and administrative activities,35,17,18
S01008427,O P Q. Public administration education and health,57,18,39
S01008427,R S T U. Other,11,2,9
S01008427,Never worked,33,18,15
S01008428,All people aged 16 to 74 not in employment,159,71,88
S01008428,A B D E. Agriculture energy and water,3,3,0
S01008428,C. Manufacturing,11,7,4
S01008428,F. Construction,8,8,0
S01008428,G I. Distribution hotels and restaurants,28,12,16
S01008428,H J. Transport and communication,11,6,5
S01008428,K L M N. Financial real estate professional and administrative activities,22,9,13
S01008428,O P Q. Public administration education and health,41,9,32
S01008428,R S T U. Other,6,3,3
S01008428,Never worked,29,14,15
S01008429,All people aged 16 to 74 not in employment,211,90,121
S01008429,A B D E. Agriculture energy and water,3,3,0
S01008429,C. Manufacturing,14,8,6
S01008429,F. Construction,10,9,1
S01008429,G I. Distribution hotels and restaurants,26,7,19
S01008429,H J. Transport and communication,15,7,8
S01008429,K L M N. Financial real estate professional and administrative activities,39,17,22
S01008429,O P Q. Public administration education and health,69,20,49
S01008429,R S T U. Other,2,1,1
S01008429,Never worked,33,18,15
S01008430,All people aged 16 to 74 not in employment,167,73,94
S01008430,A B D E. Agriculture energy and water,3,2,1
S01008430,C. Manufacturing,12,8,4
S01008430,F. Construction,2,2,0
S01008430,G I. Distribution hotels and restaurants,27,14,13
S01008430,H J. Transport and communication,10,3,7
S01008430,K L M N. Financial real estate professional and administrative activities,25,11,14
S01008430,O P Q. Public administration education and health,48,15,33
S01008430,R S T U. Other,8,3,5
S01008430,Never worked,32,15,17
S01008431,All people aged 16 to 74 not in employment,215,113,102
S01008431,A B D E. Agriculture energy and water,5,5,0
S01008431,C. Manufacturing,16,13,3
S01008431,F. Construction,14,13,1
S01008431,G I. Distribution hotels and restaurants,23,7,16
S01008431,H J. Transport and communication,8,4,4
S01008431,K L M N. Financial real estate professional and administrative activities,32,17,15
S01008431,O P Q. Public administration education and health,78,30,48
S01008431,R S T U. Other,8,4,4
S01008431,Never worked,31,20,11
S01008432,All people aged 16 to 74 not in employment,197,81,116
S01008432,A B D E. Agriculture energy and water,4,3,1
S01008432,C. Manufacturing,11,8,3
S01008432,F. Construction,7,6,1
S01008432,G I. Distribution hotels and restaurants,25,10,15
S01008432,H J. Transport and communication,12,6,6
S01008432,K L M N. Financial real estate professional and administrative activities,39,17,22
S01008432,O P Q. Public administration education and health,72,20,52
S01008432,R S T U. Other,4,1,3
S01008432,Never worked,23,10,13
S01008433,All people aged 16 to 74 not in employment,195,74,121
S01008433,A B D E. Agriculture energy and water,3,3,0
S01008433,C. Manufacturing,9,9,0
S01008433,F. Construction,11,9,2
S01008433,G I. Distribution hotels and restaurants,40,18,22
S01008433,H J. Transport and communication,12,7,5
S01008433,K L M N. Financial real estate professional and administrative activities,30,7,23
S01008433,O P Q. Public administration education and health,66,16,50
S01008433,R S T U. Other,6,0,6
S01008433,Never worked,18,5,13
S01008434,All people aged 16 to 74 not in employment,215,98,117
S01008434,A B D E. Agriculture energy and water,1,1,0
S01008434,C. Manufacturing,19,15,4
S01008434,F. Construction,7,7,0
S01008434,G I. Distribution hotels and restaurants,43,27,16
S01008434,H J. Transport and communication,13,7,6
S01008434,K L M N. Financial real estate professional and administrative activities,31,9,22
S01008434,O P Q. Public administration education and health,65,14,51
S01008434,R S T U. Other,5,0,5
S01008434,Never worked,31,18,13
S01008435,All people aged 16 to 74 not in employment,238,94,144
S01008435,A B D E. Agriculture energy and water,7,4,3
S01008435,C. Manufacturing,20,16,4
S01008435,F. Construction,11,8,3
S01008435,G I. Distribution hotels and restaurants,39,15,24
S01008435,H J. Transport and communication,9,3,6
S01008435,K L M N. Financial real estate professional and administrative activities,52,17,35
S01008435,O P Q. Public administration education and health,66,20,46
S01008435,R S T U. Other,6,3,3
S01008435,Never worked,28,8,20
S01008436,All people aged 16 to 74 not in employment,207,88,119
S01008436,A B D E. Agriculture energy and water,5,5,0
S01008436,C. Manufacturing,10,7,3
S01008436,F. Construction,14,13,1
S01008436,G I. Distribution hotels and restaurants,25,8,17
S01008436,H J. Transport and communication,11,5,6
S01008436,K L M N. Financial real estate professional and administrative activities,34,16,18
S01008436,O P Q. Public administration education and health,62,12,50
S01008436,R S T U. Other,8,2,6
S01008436,Never worked,38,20,18
S01008437,All people aged 16 to 74 not in employment,157,57,100
S01008437,A B D E. Agriculture energy and water,1,1,0
S01008437,C. Manufacturing,15,10,5
S01008437,F. Construction,2,1,1
S01008437,G I. Distribution hotels and restaurants,22,5,17
S01008437,H J. Transport and communication,9,6,3
S01008437,K L M N. Financial real estate professional and administrative activities,27,11,16
S01008437,O P Q. Public administration education and health,53,10,43
S01008437,R S T U. Other,5,3,2
S01008437,Never worked,23,10,13
S01008438,All people aged 16 to 74 not in employment,90,39,51
S01008438,A B D E. Agriculture energy and water,0,0,0
S01008438,C. Manufacturing,7,4,3
S01008438,F. Construction,3,3,0
S01008438,G I. Distribution hotels and restaurants,12,6,6
S01008438,H J. Transport and communication,5,3,2
S01008438,K L M N. Financial real estate professional and administrative activities,10,4,6
S01008438,O P Q. Public administration education and health,24,5,19
S01008438,R S T U. Other,5,2,3
S01008438,Never worked,24,12,12
S01008439,All people aged 16 to 74 not in employment,255,103,152
S01008439,A B D E. Agriculture energy and water,10,6,4
S01008439,C. Manufacturing,5,3,2
S01008439,F. Construction,5,4,1
S01008439,G I. Distribution hotels and restaurants,23,11,12
S01008439,H J. Transport and communication,13,5,8
S01008439,K L M N. Financial real estate professional and administrative activities,57,23,34
S01008439,O P Q. Public administration education and health,89,26,63
S01008439,R S T U. Other,10,3,7
S01008439,Never worked,43,22,21
S01008440,All people aged 16 to 74 not in employment,248,92,156
S01008440,A B D E. Agriculture energy and water,4,2,2
S01008440,C. Manufacturing,10,7,3
S01008440,F. Construction,3,3,0
S01008440,G I. Distribution hotels and restaurants,23,12,11
S01008440,H J. Transport and communication,15,5,10
S01008440,K L M N. Financial real estate professional and administrative activities,50,27,23
S01008440,O P Q. Public administration education and health,104,26,78
S01008440,R S T U. Other,7,2,5
S01008440,Never worked,32,8,24
S01008441,All people aged 16 to 74 not in employment,109,46,63
S01008441,A B D E. Agriculture energy and water,1,0,1
S01008441,C. Manufacturing,10,4,6
S01008441,F. Construction,3,3,0
S01008441,G I. Distribution hotels and restaurants,13,6,7
S01008441,H J. Transport and communication,4,3,1
S01008441,K L M N. Financial real estate professional and administrative activities,24,9,15
S01008441,O P Q. Public administration education and health,40,10,30
S01008441,R S T U. Other,2,2,0
S01008441,Never worked,12,9,3
S01008442,All people aged 16 to 74 not in employment,134,59,75
S01008442,A B D E. Agriculture energy and water,3,2,1
S01008442,C. Manufacturing,4,3,1
S01008442,F. Construction,3,2,1
S01008442,G I. Distribution hotels and restaurants,13,6,7
S01008442,H J. Transport and communication,11,7,4
S01008442,K L M N. Financial real estate professional and administrative activities,20,8,12
S01008442,O P Q. Public administration education and health,51,17,34
S01008442,R S T U. Other,4,1,3
S01008442,Never worked,25,13,12
S01008443,All people aged 16 to 74 not in employment,169,72,97
S01008443,A B D E. Agriculture energy and water,3,3,0
S01008443,C. Manufacturing,9,7,2
S01008443,F. Construction,13,12,1
S01008443,G I. Distribution hotels and restaurants,16,9,7
S01008443,H J. Transport and communication,8,4,4
S01008443,K L M N. Financial real estate professional and administrative activities,40,14,26
S01008443,O P Q. Public administration education and health,49,9,40
S01008443,R S T U. Other,10,3,7
S01008443,Never worked,21,11,10
S01008444,All people aged 16 to 74 not in employment,142,49,93
S01008444,A B D E. Agriculture energy and water,0,0,0
S01008444,C. Manufacturing,12,2,10
S01008444,F. Construction,5,4,1
S01008444,G I. Distribution hotels and restaurants,21,11,10
S01008444,H J. Transport and communication,12,4,8
S01008444,K L M N. Financial real estate professional and administrative activities,18,6,12
S01008444,O P Q. Public administration education and health,43,8,35
S01008444,R S T U. Other,8,2,6
S01008444,Never worked,23,12,11
S01008445,All people aged 16 to 74 not in employment,225,81,144
S01008445,A B D E. Agriculture energy and water,3,1,2
S01008445,C. Manufacturing,13,8,5
S01008445,F. Construction,7,4,3
S01008445,G I. Distribution hotels and restaurants,36,12,24
S01008445,H J. Transport and communication,21,4,17
S01008445,K L M N. Financial real estate professional and administrative activities,30,12,18
S01008445,O P Q. Public administration education and health,86,29,57
S01008445,R S T U. Other,7,2,5
S01008445,Never worked,22,9,13
S01008446,All people aged 16 to 74 not in employment,326,220,106
S01008446,A B D E. Agriculture energy and water,7,7,0
S01008446,C. Manufacturing,5,2,3
S01008446,F. Construction,11,10,1
S01008446,G I. Distribution hotels and restaurants,14,6,8
S01008446,H J. Transport and communication,14,10,4
S01008446,K L M N. Financial real estate professional and administrative activities,39,18,21
S01008446,O P Q. Public administration education and health,79,20,59
S01008446,R S T U. Other,8,5,3
S01008446,Never worked,149,142,7
S01008447,All people aged 16 to 74 not in employment,162,64,98
S01008447,A B D E. Agriculture energy and water,2,1,1
S01008447,C. Manufacturing,6,4,2
S01008447,F. Construction,6,4,2
S01008447,G I. Distribution hotels and restaurants,23,12,11
S01008447,H J. Transport and communication,11,7,4
S01008447,K L M N. Financial real estate professional and administrative activities,33,16,17
S01008447,O P Q. Public administration education and health,61,14,47
S01008447,R S T U. Other,9,4,5
S01008447,Never worked,11,2,9
S01008448,All people aged 16 to 74 not in employment,213,98,115
S01008448,A B D E. Agriculture energy and water,3,1,2
S01008448,C. Manufacturing,10,8,2
S01008448,F. Construction,12,10,2
S01008448,G I. Distribution hotels and restaurants,33,16,17
S01008448,H J. Transport and communication,23,12,11
S01008448,K L M N. Financial real estate professional and administrative activities,36,13,23
S01008448,O P Q. Public administration education and health,58,19,39
S01008448,R S T U. Other,5,0,5
S01008448,Never worked,33,19,14
S01008449,All people aged 16 to 74 not in employment,263,125,138
S01008449,A B D E. Agriculture energy and water,1,0,1
S01008449,C. Manufacturing,6,4,2
S01008449,F. Construction,20,16,4
S01008449,G I. Distribution hotels and restaurants,45,20,25
S01008449,H J. Transport and communication,36,16,20
S01008449,K L M N. Financial real estate professional and administrative activities,40,19,21
S01008449,O P Q. Public administration education and health,27,8,19
S01008449,R S T U. Other,11,1,10
S01008449,Never worked,77,41,36
S01008450,All people aged 16 to 74 not in employment,160,66,94
S01008450,A B D E. Agriculture energy and water,1,1,0
S01008450,C. Manufacturing,10,8,2
S01008450,F. Construction,7,7,0
S01008450,G I. Distribution hotels and restaurants,32,15,17
S01008450,H J. Transport and communication,19,6,13
S01008450,K L M N. Financial real estate professional and administrative activities,19,8,11
S01008450,O P Q. Public administration education and health,36,7,29
S01008450,R S T U. Other,5,0,5
S01008450,Never worked,31,14,17
S01008451,All people aged 16 to 74 not in employment,265,140,125
S01008451,A B D E. Agriculture energy and water,4,3,1
S01008451,C. Manufacturing,11,8,3
S01008451,F. Construction,22,19,3
S01008451,G I. Distribution hotels and restaurants,38,23,15
S01008451,H J. Transport and communication,32,16,16
S01008451,K L M N. Financial real estate professional and administrative activities,25,8,17
S01008451,O P Q. Public administration education and health,45,20,25
S01008451,R S T U. Other,7,3,4
S01008451,Never worked,81,40,41
S01008452,All people aged 16 to 74 not in employment,200,107,93
S01008452,A B D E. Agriculture energy and water,2,1,1
S01008452,C. Manufacturing,14,8,6
S01008452,F. Construction,10,10,0
S01008452,G I. Distribution hotels and restaurants,33,22,11
S01008452,H J. Transport and communication,25,6,19
S01008452,K L M N. Financial real estate professional and administrative activities,22,13,9
S01008452,O P Q. Public administration education and health,29,14,15
S01008452,R S T U. Other,9,6,3
S01008452,Never worked,56,27,29
S01008453,All people aged 16 to 74 not in employment,103,48,55
S01008453,A B D E. Agriculture energy and water,2,2,0
S01008453,C. Manufacturing,7,5,2
S01008453,F. Construction,3,3,0
S01008453,G I. Distribution hotels and restaurants,23,7,16
S01008453,H J. Transport and communication,8,5,3
S01008453,K L M N. Financial real estate professional and administrative activities,10,4,6
S01008453,O P Q. Public administration education and health,14,3,11
S01008453,R S T U. Other,5,2,3
S01008453,Never worked,31,17,14
S01008454,All people aged 16 to 74 not in employment,320,132,188
S01008454,A B D E. Agriculture energy and water,9,7,2
S01008454,C. Manufacturing,7,3,4
S01008454,F. Construction,13,12,1
S01008454,G I. Distribution hotels and restaurants,67,23,44
S01008454,H J. Transport and communication,21,8,13
S01008454,K L M N. Financial real estate professional and administrative activities,35,14,21
S01008454,O P Q. Public administration education and health,54,16,38
S01008454,R S T U. Other,6,3,3
S01008454,Never worked,108,46,62
S01008455,All people aged 16 to 74 not in employment,409,221,188
S01008455,A B D E. Agriculture energy and water,3,3,0
S01008455,C. Manufacturing,24,16,8
S01008455,F. Construction,24,22,2
S01008455,G I. Distribution hotels and restaurants,70,40,30
S01008455,H J. Transport and communication,58,31,27
S01008455,K L M N. Financial real estate professional and administrative activities,43,19,24
S01008455,O P Q. Public administration education and health,59,19,40
S01008455,R S T U. Other,16,11,5
S01008455,Never worked,112,60,52
S01008456,All people aged 16 to 74 not in employment,388,200,188
S01008456,A B D E. Agriculture energy and water,4,4,0
S01008456,C. Manufacturing,35,22,13
S01008456,F. Construction,42,42,0
S01008456,G I. Distribution hotels and restaurants,79,41,38
S01008456,H J. Transport and communication,41,20,21
S01008456,K L M N. Financial real estate professional and administrative activities,44,22,22
S01008456,O P Q. Public administration education and health,52,15,37
S01008456,R S T U. Other,8,2,6
S01008456,Never worked,83,32,51
S01008457,All people aged 16 to 74 not in employment,233,94,139
S01008457,A B D E. Agriculture energy and water,5,4,1
S01008457,C. Manufacturing,19,12,7
S01008457,F. Construction,11,11,0
S01008457,G I. Distribution hotels and restaurants,47,22,25
S01008457,H J. Transport and communication,15,4,11
S01008457,K L M N. Financial real estate professional and administrative activities,32,10,22
S01008457,O P Q. Public administration education and health,55,12,43
S01008457,R S T U. Other,10,4,6
S01008457,Never worked,39,15,24
S01008458,All people aged 16 to 74 not in employment,282,130,152
S01008458,A B D E. Agriculture energy and water,3,3,0
S01008458,C. Manufacturing,13,9,4
S01008458,F. Construction,22,19,3
S01008458,G I. Distribution hotels and restaurants,63,27,36
S01008458,H J. Transport and communication,19,7,12
S01008458,K L M N. Financial real estate professional and administrative activities,42,16,26
S01008458,O P Q. Public administration education and health,48,17,31
S01008458,R S T U. Other,9,2,7
S01008458,Never worked,63,30,33
S01008459,All people aged 16 to 74 not in employment,291,140,151
S01008459,A B D E. Agriculture energy and water,2,2,0
S01008459,C. Manufacturing,9,6,3
S01008459,F. Construction,15,14,1
S01008459,G I. Distribution hotels and restaurants,56,27,29
S01008459,H J. Transport and communication,42,18,24
S01008459,K L M N. Financial real estate professional and administrative activities,36,19,17
S01008459,O P Q. Public administration education and health,42,15,27
S01008459,R S T U. Other,14,6,8
S01008459,Never worked,75,33,42
S01008460,All people aged 16 to 74 not in employment,293,138,155
S01008460,A B D E. Agriculture energy and water,1,0,1
S01008460,C. Manufacturing,20,14,6
S01008460,F. Construction,26,23,3
S01008460,G I. Distribution hotels and restaurants,57,25,32
S01008460,H J. Transport and communication,25,11,14
S01008460,K L M N. Financial real estate professional and administrative activities,38,17,21
S01008460,O P Q. Public administration education and health,31,11,20
S01008460,R S T U. Other,18,7,11
S01008460,Never worked,77,30,47
S01008461,All people aged 16 to 74 not in employment,326,147,179
S01008461,A B D E. Agriculture energy and water,2,1,1
S01008461,C. Manufacturing,16,11,5
S01008461,F. Construction,25,22,3
S01008461,G I. Distribution hotels and restaurants,59,30,29
S01008461,H J. Transport and communication,37,12,25
S01008461,K L M N. Financial real estate professional and administrative activities,39,18,21
S01008461,O P Q. Public administration education and health,39,7,32
S01008461,R S T U. Other,14,4,10
S01008461,Never worked,95,42,53
S01008462,All people aged 16 to 74 not in employment,268,158,110
S01008462,A B D E. Agriculture energy and water,8,6,2
S01008462,C. Manufacturing,19,11,8
S01008462,F. Construction,15,14,1
S01008462,G I. Distribution hotels and restaurants,50,34,16
S01008462,H J. Transport and communication,28,18,10
S01008462,K L M N. Financial real estate professional and administrative activities,37,22,15
S01008462,O P Q. Public administration education and health,48,21,27
S01008462,R S T U. Other,12,5,7
S01008462,Never worked,51,27,24
S01008463,All people aged 16 to 74 not in employment,260,137,123
S01008463,A B D E. Agriculture energy and water,4,4,0
S01008463,C. Manufacturing,11,6,5
S01008463,F. Construction,18,17,1
S01008463,G I. Distribution hotels and restaurants,45,28,17
S01008463,H J. Transport and communication,36,21,15
S01008463,K L M N. Financial real estate professional and administrative activities,35,14,21
S01008463,O P Q. Public administration education and health,42,10,32
S01008463,R S T U. Other,13,9,4
S01008463,Never worked,56,28,28
S01008464,All people aged 16 to 74 not in employment,219,77,142
S01008464,A B D E. Agriculture energy and water,4,4,0
S01008464,C. Manufacturing,16,7,9
S01008464,F. Construction,15,14,1
S01008464,G I. Distribution hotels and restaurants,37,14,23
S01008464,H J. Transport and communication,18,2,16
S01008464,K L M N. Financial real estate professional and administrative activities,21,4,17
S01008464,O P Q. Public administration education and health,58,15,43
S01008464,R S T U. Other,17,4,13
S01008464,Never worked,33,13,20
S01008465,All people aged 16 to 74 not in employment,171,74,97
S01008465,A B D E. Agriculture energy and water,0,0,0
S01008465,C. Manufacturing,6,6,0
S01008465,F. Construction,13,9,4
S01008465,G I. Distribution hotels and restaurants,39,18,21
S01008465,H J. Transport and communication,13,5,8
S01008465,K L M N. Financial real estate professional and administrative activities,18,6,12
S01008465,O P Q. Public administration education and health,31,7,24
S01008465,R S T U. Other,9,3,6
S01008465,Never worked,42,20,22
S01008466,All people aged 16 to 74 not in employment,213,101,112
S01008466,A B D E. Agriculture energy and water,2,2,0
S01008466,C. Manufacturing,20,11,9
S01008466,F. Construction,13,12,1
S01008466,G I. Distribution hotels and restaurants,38,16,22
S01008466,H J. Transport and communication,20,9,11
S01008466,K L M N. Financial real estate professional and administrative activities,37,19,18
S01008466,O P Q. Public administration education and health,40,12,28
S01008466,R S T U. Other,2,0,2
S01008466,Never worked,41,20,21
S01008467,All people aged 16 to 74 not in employment,229,85,144
S01008467,A B D E. Agriculture energy and water,4,2,2
S01008467,C. Manufacturing,13,8,5
S01008467,F. Construction,13,12,1
S01008467,G I. Distribution hotels and restaurants,46,21,25
S01008467,H J. Transport and communication,19,3,16
S01008467,K L M N. Financial real estate professional and administrative activities,38,17,21
S01008467,O P Q. Public administration education and health,52,8,44
S01008467,R S T U. Other,9,0,9
S01008467,Never worked,35,14,21
S01008468,All people aged 16 to 74 not in employment,196,83,113
S01008468,A B D E. Agriculture energy and water,3,1,2
S01008468,C. Manufacturing,15,9,6
S01008468,F. Construction,12,10,2
S01008468,G I. Distribution hotels and restaurants,22,12,10
S01008468,H J. Transport and communication,18,5,13
S01008468,K L M N. Financial real estate professional and administrative activities,19,6,13
S01008468,O P Q. Public administration education and health,30,7,23
S01008468,R S T U. Other,12,3,9
S01008468,Never worked,65,30,35
S01008469,All people aged 16 to 74 not in employment,164,87,77
S01008469,A B D E. Agriculture energy and water,2,2,0
S01008469,C. Manufacturing,8,5,3
S01008469,F. Construction,7,7,0
S01008469,G I. Distribution hotels and restaurants,27,18,9
S01008469,H J. Transport and communication,18,10,8
S01008469,K L M N. Financial real estate professional and administrative activities,12,5,7
S01008469,O P Q. Public administration education and health,26,7,19
S01008469,R S T U. Other,3,2,1
S01008469,Never worked,61,31,30
S01008470,All people aged 16 to 74 not in employment,267,130,137
S01008470,A B D E. Agriculture energy and water,2,2,0
S01008470,C. Manufacturing,14,8,6
S01008470,F. Construction,30,26,4
S01008470,G I. Distribution hotels and restaurants,37,21,16
S01008470,H J. Transport and communication,26,11,15
S01008470,K L M N. Financial real estate professional and administrative activities,37,13,24
S01008470,O P Q. Public administration education and health,43,13,30
S01008470,R S T U. Other,15,8,7
S01008470,Never worked,63,28,35
S01008471,All people aged 16 to 74 not in employment,259,110,149
S01008471,A B D E. Agriculture energy and water,2,1,1
S01008471,C. Manufacturing,8,5,3
S01008471,F. Construction,15,13,2
S01008471,G I. Distribution hotels and restaurants,61,27,34
S01008471,H J. Transport and communication,28,6,22
S01008471,K L M N. Financial real estate professional and administrative activities,25,10,15
S01008471,O P Q. Public administration education and health,34,9,25
S01008471,R S T U. Other,13,4,9
S01008471,Never worked,73,35,38
S01008472,All people aged 16 to 74 not in employment,224,92,132
S01008472,A B D E. Agriculture energy and water,5,4,1
S01008472,C. Manufacturing,9,5,4
S01008472,F. Construction,17,16,1
S01008472,G I. Distribution hotels and restaurants,35,14,21
S01008472,H J. Transport and communication,34,7,27
S01008472,K L M N. Financial real estate professional and administrative activities,22,9,13
S01008472,O P Q. Public administration education and health,34,8,26
S01008472,R S T U. Other,1,1,0
S01008472,Never worked,67,28,39
S01008473,All people aged 16 to 74 not in employment,214,101,113
S01008473,A B D E. Agriculture energy and water,0,0,0
S01008473,C. Manufacturing,7,5,2
S01008473,F. Construction,15,14,1
S01008473,G I. Distribution hotels and restaurants,39,21,18
S01008473,H J. Transport and communication,20,7,13
S01008473,K L M N. Financial real estate professional and administrative activities,22,9,13
S01008473,O P Q. Public administration education and health,45,10,35
S01008473,R S T U. Other,9,1,8
S01008473,Never worked,57,34,23
S01008474,All people aged 16 to 74 not in employment,255,105,150
S01008474,A B D E. Agriculture energy and water,3,1,2
S01008474,C. Manufacturing,20,13,7
S01008474,F. Construction,21,18,3
S01008474,G I. Distribution hotels and restaurants,51,18,33
S01008474,H J. Transport and communication,31,14,17
S01008474,K L M N. Financial real estate professional and administrative activities,30,9,21
S01008474,O P Q. Public administration education and health,50,13,37
S01008474,R S T U. Other,11,2,9
S01008474,Never worked,38,17,21
S01008475,All people aged 16 to 74 not in employment,181,77,104
S01008475,A B D E. Agriculture energy and water,0,0,0
S01008475,C. Manufacturing,17,8,9
S01008475,F. Construction,8,8,0
S01008475,G I. Distribution hotels and restaurants,46,25,21
S01008475,H J. Transport and communication,19,5,14
S01008475,K L M N. Financial real estate professional and administrative activities,17,7,10
S01008475,O P Q. Public administration education and health,48,11,37
S01008475,R S T U. Other,7,5,2
S01008475,Never worked,19,8,11
S01008476,All people aged 16 to 74 not in employment,216,101,115
S01008476,A B D E. Agriculture energy and water,1,1,0
S01008476,C. Manufacturing,18,13,5
S01008476,F. Construction,13,11,2
S01008476,G I. Distribution hotels and restaurants,45,23,22
S01008476,H J. Transport and communication,19,4,15
S01008476,K L M N. Financial real estate professional and administrative activities,35,16,19
S01008476,O P Q. Public administration education and health,29,7,22
S01008476,R S T U. Other,15,4,11
S01008476,Never worked,41,22,19
S01008477,All people aged 16 to 74 not in employment,238,111,127
S01008477,A B D E. Agriculture energy and water,5,3,2
S01008477,C. Manufacturing,10,9,1
S01008477,F. Construction,27,25,2
S01008477,G I. Distribution hotels and restaurants,44,23,21
S01008477,H J. Transport and communication,34,15,19
S01008477,K L M N. Financial real estate professional and administrative activities,33,12,21
S01008477,O P Q. Public administration education and health,52,9,43
S01008477,R S T U. Other,7,4,3
S01008477,Never worked,26,11,15
S01008478,All people aged 16 to 74 not in employment,250,110,140
S01008478,A B D E. Agriculture energy and water,4,4,0
S01008478,C. Manufacturing,20,11,9
S01008478,F. Construction,23,20,3
S01008478,G I. Distribution hotels and restaurants,45,21,24
S01008478,H J. Transport and communication,28,9,19
S01008478,K L M N. Financial real estate professional and administrative activities,35,12,23
S01008478,O P Q. Public administration education and health,42,9,33
S01008478,R S T U. Other,9,3,6
S01008478,Never worked,44,21,23
S01008479,All people aged 16 to 74 not in employment,251,109,142
S01008479,A B D E. Agriculture energy and water,3,3,0
S01008479,C. Manufacturing,7,3,4
S01008479,F. Construction,18,18,0
S01008479,G I. Distribution hotels and restaurants,56,20,36
S01008479,H J. Transport and communication,24,10,14
S01008479,K L M N. Financial real estate professional and administrative activities,36,12,24
S01008479,O P Q. Public administration education and health,48,11,37
S01008479,R S T U. Other,14,4,10
S01008479,Never worked,45,28,17
S01008480,All people aged 16 to 74 not in employment,182,82,100
S01008480,A B D E. Agriculture energy and water,0,0,0
S01008480,C. Manufacturing,9,6,3
S01008480,F. Construction,7,7,0
S01008480,G I. Distribution hotels and restaurants,33,22,11
S01008480,H J. Transport and communication,21,6,15
S01008480,K L M N. Financial real estate professional and administrative activities,15,6,9
S01008480,O P Q. Public administration education and health,25,7,18
S01008480,R S T U. Other,10,5,5
S01008480,Never worked,62,23,39
S01008481,All people aged 16 to 74 not in employment,875,693,182
S01008481,A B D E. Agriculture energy and water,13,13,0
S01008481,C. Manufacturing,60,52,8
S01008481,F. Construction,159,154,5
S01008481,G I. Distribution hotels and restaurants,140,112,28
S01008481,H J. Transport and communication,83,64,19
S01008481,K L M N. Financial real estate professional and administrative activities,100,73,27
S01008481,O P Q. Public administration education and health,95,40,55
S01008481,R S T U. Other,29,19,10
S01008481,Never worked,196,166,30
S01008482,All people aged 16 to 74 not in employment,191,79,112
S01008482,A B D E. Agriculture energy and water,6,5,1
S01008482,C. Manufacturing,10,4,6
S01008482,F. Construction,15,14,1
S01008482,G I. Distribution hotels and restaurants,28,12,16
S01008482,H J. Transport and communication,12,6,6
S01008482,K L M N. Financial real estate professional and administrative activities,28,8,20
S01008482,O P Q. Public administration education and health,48,8,40
S01008482,R S T U. Other,7,3,4
S01008482,Never worked,37,19,18
S01008483,All people aged 16 to 74 not in employment,181,86,95
S01008483,A B D E. Agriculture energy and water,3,1,2
S01008483,C. Manufacturing,12,6,6
S01008483,F. Construction,12,11,1
S01008483,G I. Distribution hotels and restaurants,41,17,24
S01008483,H J. Transport and communication,15,9,6
S01008483,K L M N. Financial real estate professional and administrative activities,19,4,15
S01008483,O P Q. Public administration education and health,34,15,19
S01008483,R S T U. Other,11,7,4
S01008483,Never worked,34,16,18
S01008484,All people aged 16 to 74 not in employment,197,92,105
S01008484,A B D E. Agriculture energy and water,3,3,0
S01008484,C. Manufacturing,16,13,3
S01008484,F. Construction,13,11,2
S01008484,G I. Distribution hotels and restaurants,33,22,11
S01008484,H J. Transport and communication,16,9,7
S01008484,K L M N. Financial real estate professional and administrative activities,35,12,23
S01008484,O P Q. Public administration education and health,41,8,33
S01008484,R S T U. Other,12,2,10
S01008484,Never worked,28,12,16
S01008485,All people aged 16 to 74 not in employment,254,107,147
S01008485,A B D E. Agriculture energy and water,3,3,0
S01008485,C. Manufacturing,17,13,4
S01008485,F. Construction,16,15,1
S01008485,G I. Distribution hotels and restaurants,40,13,27
S01008485,H J. Transport and communication,24,11,13
S01008485,K L M N. Financial real estate professional and administrative activities,36,13,23
S01008485,O P Q. Public administration education and health,69,17,52
S01008485,R S T U. Other,9,3,6
S01008485,Never worked,40,19,21
S01008486,All people aged 16 to 74 not in employment,270,106,164
S01008486,A B D E. Agriculture energy and water,5,4,1
S01008486,C. Manufacturing,22,12,10
S01008486,F. Construction,13,11,2
S01008486,G I. Distribution hotels and restaurants,52,24,28
S01008486,H J. Transport and communication,35,12,23
S01008486,K L M N. Financial real estate professional and administrative activities,40,12,28
S01008486,O P Q. Public administration education and health,51,9,42
S01008486,R S T U. Other,16,7,9
S01008486,Never worked,36,15,21
S01008487,All people aged 16 to 74 not in employment,135,62,73
S01008487,A B D E. Agriculture energy and water,6,3,3
S01008487,C. Manufacturing,9,6,3
S01008487,F. Construction,4,3,1
S01008487,G I. Distribution hotels and restaurants,28,13,15
S01008487,H J. Transport and communication,16,8,8
S01008487,K L M N. Financial real estate professional and administrative activities,14,10,4
S01008487,O P Q. Public administration education and health,32,10,22
S01008487,R S T U. Other,4,3,1
S01008487,Never worked,22,6,16
S01008488,All people aged 16 to 74 not in employment,222,95,127
S01008488,A B D E. Agriculture energy and water,2,1,1
S01008488,C. Manufacturing,14,7,7
S01008488,F. Construction,7,6,1
S01008488,G I. Distribution hotels and restaurants,34,16,18
S01008488,H J. Transport and communication,26,13,13
S01008488,K L M N. Financial real estate professional and administrative activities,28,12,16
S01008488,O P Q. Public administration education and health,50,16,34
S01008488,R S T U. Other,8,6,2
S01008488,Never worked,53,18,35
S01008489,All people aged 16 to 74 not in employment,192,80,112
S01008489,A B D E. Agriculture energy and water,4,2,2
S01008489,C. Manufacturing,9,6,3
S01008489,F. Construction,11,9,2
S01008489,G I. Distribution hotels and restaurants,31,12,19
S01008489,H J. Transport and communication,17,4,13
S01008489,K L M N. Financial real estate professional and administrative activities,37,18,19
S01008489,O P Q. Public administration education and health,29,5,24
S01008489,R S T U. Other,7,3,4
S01008489,Never worked,47,21,26
S01008490,All people aged 16 to 74 not in employment,191,86,105
S01008490,A B D E. Agriculture energy and water,3,3,0
S01008490,C. Manufacturing,9,6,3
S01008490,F. Construction,5,5,0
S01008490,G I. Distribution hotels and restaurants,41,20,21
S01008490,H J. Transport and communication,22,10,12
S01008490,K L M N. Financial real estate professional and administrative activities,26,14,12
S01008490,O P Q. Public administration education and health,43,10,33
S01008490,R S T U. Other,4,3,1
S01008490,Never worked,38,15,23
S01008491,All people aged 16 to 74 not in employment,283,131,152
S01008491,A B D E. Agriculture energy and water,6,5,1
S01008491,C. Manufacturing,11,9,2
S01008491,F. Construction,9,9,0
S01008491,G I. Distribution hotels and restaurants,30,17,13
S01008491,H J. Transport and communication,27,9,18
S01008491,K L M N. Financial real estate professional and administrative activities,30,14,16
S01008491,O P Q. Public administration education and health,40,10,30
S01008491,R S T U. Other,12,7,5
S01008491,Never worked,118,51,67
S01008492,All people aged 16 to 74 not in employment,222,97,125
S01008492,A B D E. Agriculture energy and water,5,5,0
S01008492,C. Manufacturing,6,6,0
S01008492,F. Construction,10,9,1
S01008492,G I. Distribution hotels and restaurants,30,13,17
S01008492,H J. Transport and communication,26,8,18
S01008492,K L M N. Financial real estate professional and administrative activities,15,6,9
S01008492,O P Q. Public administration education and health,41,12,29
S01008492,R S T U. Other,7,1,6
S01008492,Never worked,82,37,45
S01008493,All people aged 16 to 74 not in employment,223,96,127
S01008493,A B D E. Agriculture energy and water,2,2,0
S01008493,C. Manufacturing,10,8,2
S01008493,F. Construction,14,12,2
S01008493,G I. Distribution hotels and restaurants,53,24,29
S01008493,H J. Transport and communication,18,9,9
S01008493,K L M N. Financial real estate professional and administrative activities,23,8,15
S01008493,O P Q. Public administration education and health,47,8,39
S01008493,R S T U. Other,7,1,6
S01008493,Never worked,49,24,25
S01008494,All people aged 16 to 74 not in employment,183,95,88
S01008494,A B D E. Agriculture energy and water,2,2,0
S01008494,C. Manufacturing,5,3,2
S01008494,F. Construction,9,9,0
S01008494,G I. Distribution hotels and restaurants,33,20,13
S01008494,H J. Transport and communication,31,16,15
S01008494,K L M N. Financial real estate professional and administrative activities,18,8,10
S01008494,O P Q. Public administration education and health,33,15,18
S01008494,R S T U. Other,8,5,3
S01008494,Never worked,44,17,27
S01008495,All people aged 16 to 74 not in employment,261,145,116
S01008495,A B D E. Agriculture energy and water,4,3,1
S01008495,C. Manufacturing,22,14,8
S01008495,F. Construction,12,10,2
S01008495,G I. Distribution hotels and restaurants,39,21,18
S01008495,H J. Transport and communication,38,30,8
S01008495,K L M N. Financial real estate professional and administrative activities,28,13,15
S01008495,O P Q. Public administration education and health,33,13,20
S01008495,R S T U. Other,13,8,5
S01008495,Never worked,72,33,39
S01008496,All people aged 16 to 74 not in employment,250,164,86
S01008496,A B D E. Agriculture energy and water,2,2,0
S01008496,C. Manufacturing,9,6,3
S01008496,F. Construction,20,20,0
S01008496,G I. Distribution hotels and restaurants,27,21,6
S01008496,H J. Transport and communication,30,18,12
S01008496,K L M N. Financial real estate professional and administrative activities,38,25,13
S01008496,O P Q. Public administration education and health,36,17,19
S01008496,R S T U. Other,14,7,7
S01008496,Never worked,74,48,26
S01008497,All people aged 16 to 74 not in employment,171,94,77
S01008497,A B D E. Agriculture energy and water,4,3,1
S01008497,C. Manufacturing,10,9,1
S01008497,F. Construction,12,10,2
S01008497,G I. Distribution hotels and restaurants,18,9,9
S01008497,H J. Transport and communication,20,10,10
S01008497,K L M N. Financial real estate professional and administrative activities,28,18,10
S01008497,O P Q. Public administration education and health,27,11,16
S01008497,R S T U. Other,16,8,8
S01008497,Never worked,36,16,20
S01008498,All people aged 16 to 74 not in employment,202,122,80
S01008498,A B D E. Agriculture energy and water,4,3,1
S01008498,C. Manufacturing,17,13,4
S01008498,F. Construction,14,13,1
S01008498,G I. Distribution hotels and restaurants,24,16,8
S01008498,H J. Transport and communication,40,29,11
S01008498,K L M N. Financial real estate professional and administrative activities,19,12,7
S01008498,O P Q. Public administration education and health,35,15,20
S01008498,R S T U. Other,8,6,2
S01008498,Never worked,41,15,26
S01008499,All people aged 16 to 74 not in employment,299,180,119
S01008499,A B D E. Agriculture energy and water,7,6,1
S01008499,C. Manufacturing,11,10,1
S01008499,F. Construction,17,16,1
S01008499,G I. Distribution hotels and restaurants,42,28,14
S01008499,H J. Transport and communication,50,28,22
S01008499,K L M N. Financial real estate professional and administrative activities,48,28,20
S01008499,O P Q. Public administration education and health,37,9,28
S01008499,R S T U. Other,19,11,8
S01008499,Never worked,68,44,24
S01008500,All people aged 16 to 74 not in employment,136,83,53
S01008500,A B D E. Agriculture energy and water,1,0,1
S01008500,C. Manufacturing,6,5,1
S01008500,F. Construction,11,7,4
S01008500,G I. Distribution hotels and restaurants,22,15,7
S01008500,H J. Transport and communication,15,6,9
S01008500,K L M N. Financial real estate professional and administrative activities,13,8,5
S01008500,O P Q. Public administration education and health,19,8,11
S01008500,R S T U. Other,4,2,2
S01008500,Never worked,45,32,13
S01008501,All people aged 16 to 74 not in employment,145,65,80
S01008501,A B D E. Agriculture energy and water,2,2,0
S01008501,C. Manufacturing,4,4,0
S01008501,F. Construction,4,2,2
S01008501,G I. Distribution hotels and restaurants,12,7,5
S01008501,H J. Transport and communication,33,15,18
S01008501,K L M N. Financial real estate professional and administrative activities,17,11,6
S01008501,O P Q. Public administration education and health,18,5,13
S01008501,R S T U. Other,11,4,7
S01008501,Never worked,44,15,29
S01008502,All people aged 16 to 74 not in employment,157,100,57
S01008502,A B D E. Agriculture energy and water,2,2,0
S01008502,C. Manufacturing,7,6,1
S01008502,F. Construction,2,2,0
S01008502,G I. Distribution hotels and restaurants,14,8,6
S01008502,H J. Transport and communication,16,6,10
S01008502,K L M N. Financial real estate professional and administrative activities,12,4,8
S01008502,O P Q. Public administration education and health,17,8,9
S01008502,R S T U. Other,4,3,1
S01008502,Never worked,83,61,22
S01008503,All people aged 16 to 74 not in employment,145,81,64
S01008503,A B D E. Agriculture energy and water,5,5,0
S01008503,C. Manufacturing,6,2,4
S01008503,F. Construction,4,4,0
S01008503,G I. Distribution hotels and restaurants,16,9,7
S01008503,H J. Transport and communication,29,15,14
S01008503,K L M N. Financial real estate professional and administrative activities,18,9,9
S01008503,O P Q. Public administration education and health,29,13,16
S01008503,R S T U. Other,5,2,3
S01008503,Never worked,33,22,11
S01008504,All people aged 16 to 74 not in employment,218,108,110
S01008504,A B D E. Agriculture energy and water,7,5,2
S01008504,C. Manufacturing,13,10,3
S01008504,F. Construction,6,6,0
S01008504,G I. Distribution hotels and restaurants,33,16,17
S01008504,H J. Transport and communication,15,12,3
S01008504,K L M N. Financial real estate professional and administrative activities,36,16,20
S01008504,O P Q. Public administration education and health,52,14,38
S01008504,R S T U. Other,7,3,4
S01008504,Never worked,49,26,23
S01008505,All people aged 16 to 74 not in employment,127,59,68
S01008505,A B D E. Agriculture energy and water,1,1,0
S01008505,C. Manufacturing,4,2,2
S01008505,F. Construction,5,5,0
S01008505,G I. Distribution hotels and restaurants,11,5,6
S01008505,H J. Transport and communication,5,4,1
S01008505,K L M N. Financial real estate professional and administrative activities,27,14,13
S01008505,O P Q. Public administration education and health,33,10,23
S01008505,R S T U. Other,12,6,6
S01008505,Never worked,29,12,17
S01008506,All people aged 16 to 74 not in employment,168,77,91
S01008506,A B D E. Agriculture energy and water,0,0,0
S01008506,C. Manufacturing,11,7,4
S01008506,F. Construction,5,5,0
S01008506,G I. Distribution hotels and restaurants,24,15,9
S01008506,H J. Transport and communication,18,7,11
S01008506,K L M N. Financial real estate professional and administrative activities,28,16,12
S01008506,O P Q. Public administration education and health,56,17,39
S01008506,R S T U. Other,9,3,6
S01008506,Never worked,17,7,10
S01008507,All people aged 16 to 74 not in employment,247,102,145
S01008507,A B D E. Agriculture energy and water,1,1,0
S01008507,C. Manufacturing,6,6,0
S01008507,F. Construction,10,10,0
S01008507,G I. Distribution hotels and restaurants,44,15,29
S01008507,H J. Transport and communication,46,15,31
S01008507,K L M N. Financial real estate professional and administrative activities,33,13,20
S01008507,O P Q. Public administration education and health,36,14,22
S01008507,R S T U. Other,14,7,7
S01008507,Never worked,57,21,36
S01008508,All people aged 16 to 74 not in employment,190,78,112
S01008508,A B D E. Agriculture energy and water,0,0,0
S01008508,C. Manufacturing,11,8,3
S01008508,F. Construction,5,4,1
S01008508,G I. Distribution hotels and restaurants,19,7,12
S01008508,H J. Transport and communication,10,6,4
S01008508,K L M N. Financial real estate professional and administrative activities,37,18,19
S01008508,O P Q. Public administration education and health,70,18,52
S01008508,R S T U. Other,5,2,3
S01008508,Never worked,33,15,18
S01008509,All people aged 16 to 74 not in employment,218,86,132
S01008509,A B D E. Agriculture energy and water,5,2,3
S01008509,C. Manufacturing,7,6,1
S01008509,F. Construction,9,6,3
S01008509,G I. Distribution hotels and restaurants,35,13,22
S01008509,H J. Transport and communication,16,8,8
S01008509,K L M N. Financial real estate professional and administrative activities,37,14,23
S01008509,O P Q. Public administration education and health,75,23,52
S01008509,R S T U. Other,8,2,6
S01008509,Never worked,26,12,14
S01008510,All people aged 16 to 74 not in employment,214,100,114
S01008510,A B D E. Agriculture energy and water,4,1,3
S01008510,C. Manufacturing,8,6,2
S01008510,F. Construction,6,6,0
S01008510,G I. Distribution hotels and restaurants,26,10,16
S01008510,H J. Transport and communication,14,9,5
S01008510,K L M N. Financial real estate professional and administrative activities,36,11,25
S01008510,O P Q. Public administration education and health,59,16,43
S01008510,R S T U. Other,10,5,5
S01008510,Never worked,51,36,15
S01008511,All people aged 16 to 74 not in employment,218,88,130
S01008511,A B D E. Agriculture energy and water,2,1,1
S01008511,C. Manufacturing,14,9,5
S01008511,F. Construction,5,5,0
S01008511,G I. Distribution hotels and restaurants,29,12,17
S01008511,H J. Transport and communication,13,6,7
S01008511,K L M N. Financial real estate professional and administrative activities,34,15,19
S01008511,O P Q. Public administration education and health,71,14,57
S01008511,R S T U. Other,10,5,5
S01008511,Never worked,40,21,19
S01008512,All people aged 16 to 74 not in employment,116,44,72
S01008512,A B D E. Agriculture energy and water,0,0,0
S01008512,C. Manufacturing,7,3,4
S01008512,F. Construction,3,3,0
S01008512,G I. Distribution hotels and restaurants,20,10,10
S01008512,H J. Transport and communication,3,2,1
S01008512,K L M N. Financial real estate professional and administrative activities,20,10,10
S01008512,O P Q. Public administration education and health,35,7,28
S01008512,R S T U. Other,8,1,7
S01008512,Never worked,20,8,12
S01008513,All people aged 16 to 74 not in employment,174,66,108
S01008513,A B D E. Agriculture energy and water,1,1,0
S01008513,C. Manufacturing,8,7,1
S01008513,F. Construction,6,4,2
S01008513,G I. Distribution hotels and restaurants,16,8,8
S01008513,H J. Transport and communication,12,4,8
S01008513,K L M N. Financial real estate professional and administrative activities,38,14,24
S01008513,O P Q. Public administration education and health,67,18,49
S01008513,R S T U. Other,4,2,2
S01008513,Never worked,22,8,14
S01008514,All people aged 16 to 74 not in employment,193,63,130
S01008514,A B D E. Agriculture energy and water,1,0,1
S01008514,C. Manufacturing,6,3,3
S01008514,F. Construction,3,2,1
S01008514,G I. Distribution hotels and restaurants,22,8,14
S01008514,H J. Transport and communication,11,3,8
S01008514,K L M N. Financial real estate professional and administrative activities,35,14,21
S01008514,O P Q. Public administration education and health,65,18,47
S01008514,R S T U. Other,7,0,7
S01008514,Never worked,43,15,28
S01008515,All people aged 16 to 74 not in employment,122,52,70
S01008515,A B D E. Agriculture energy and water,2,1,1
S01008515,C. Manufacturing,2,2,0
S01008515,F. Construction,5,3,2
S01008515,G I. Distribution hotels and restaurants,13,6,7
S01008515,H J. Transport and communication,12,7,5
S01008515,K L M N. Financial real estate professional and administrative activities,15,3,12
S01008515,O P Q. Public administration education and health,48,14,34
S01008515,R S T U. Other,4,0,4
S01008515,Never worked,21,16,5
S01008516,All people aged 16 to 74 not in employment,234,110,124
S01008516,A B D E. Agriculture energy and water,7,5,2
S01008516,C. Manufacturing,12,7,5
S01008516,F. Construction,8,8,0
S01008516,G I. Distribution hotels and restaurants,25,18,7
S01008516,H J. Transport and communication,25,15,10
S01008516,K L M N. Financial real estate professional and administrative activities,32,12,20
S01008516,O P Q. Public administration education and health,63,19,44
S01008516,R S T U. Other,11,2,9
S01008516,Never worked,51,24,27
S01008517,All people aged 16 to 74 not in employment,202,100,102
S01008517,A B D E. Agriculture energy and water,3,3,0
S01008517,C. Manufacturing,2,1,1
S01008517,F. Construction,2,2,0
S01008517,G I. Distribution hotels and restaurants,25,14,11
S01008517,H J. Transport and communication,17,9,8
S01008517,K L M N. Financial real estate professional and administrative activities,29,14,15
S01008517,O P Q. Public administration education and health,53,22,31
S01008517,R S T U. Other,4,2,2
S01008517,Never worked,67,33,34
S01008518,All people aged 16 to 74 not in employment,213,71,142
S01008518,A B D E. Agriculture energy and water,0,0,0
S01008518,C. Manufacturing,7,4,3
S01008518,F. Construction,3,2,1
S01008518,G I. Distribution hotels and restaurants,21,8,13
S01008518,H J. Transport and communication,12,1,11
S01008518,K L M N. Financial real estate professional and administrative activities,36,15,21
S01008518,O P Q. Public administration education and health,75,22,53
S01008518,R S T U. Other,11,3,8
S01008518,Never worked,48,16,32
S01008519,All people aged 16 to 74 not in employment,181,66,115
S01008519,A B D E. Agriculture energy and water,2,0,2
S01008519,C. Manufacturing,5,3,2
S01008519,F. Construction,4,3,1
S01008519,G I. Distribution hotels and restaurants,16,6,10
S01008519,H J. Transport and communication,14,4,10
S01008519,K L M N. Financial real estate professional and administrative activities,27,14,13
S01008519,O P Q. Public administration education and health,72,16,56
S01008519,R S T U. Other,5,2,3
S01008519,Never worked,36,18,18
S01008520,All people aged 16 to 74 not in employment,273,108,165
S01008520,A B D E. Agriculture energy and water,2,2,0
S01008520,C. Manufacturing,5,2,3
S01008520,F. Construction,7,5,2
S01008520,G I. Distribution hotels and restaurants,22,10,12
S01008520,H J. Transport and communication,16,10,6
S01008520,K L M N. Financial real estate professional and administrative activities,58,28,30
S01008520,O P Q. Public administration education and health,113,27,86
S01008520,R S T U. Other,10,2,8
S01008520,Never worked,40,22,18
S01008521,All people aged 16 to 74 not in employment,224,98,126
S01008521,A B D E. Agriculture energy and water,2,2,0
S01008521,C. Manufacturing,4,3,1
S01008521,F. Construction,8,6,2
S01008521,G I. Distribution hotels and restaurants,19,10,9
S01008521,H J. Transport and communication,12,8,4
S01008521,K L M N. Financial real estate professional and administrative activities,37,20,17
S01008521,O P Q. Public administration education and health,97,25,72
S01008521,R S T U. Other,10,3,7
S01008521,Never worked,35,21,14
S01008522,All people aged 16 to 74 not in employment,152,59,93
S01008522,A B D E. Agriculture energy and water,1,1,0
S01008522,C. Manufacturing,12,9,3
S01008522,F. Construction,4,4,0
S01008522,G I. Distribution hotels and restaurants,19,8,11
S01008522,H J. Transport and communication,8,3,5
S01008522,K L M N. Financial real estate professional and administrative activities,29,11,18
S01008522,O P Q. Public administration education and health,53,12,41
S01008522,R S T U. Other,4,0,4
S01008522,Never worked,22,11,11
S01008523,All people aged 16 to 74 not in employment,223,85,138
S01008523,A B D E. Agriculture energy and water,8,5,3
S01008523,C. Manufacturing,12,6,6
S01008523,F. Construction,6,5,1
S01008523,G I. Distribution hotels and restaurants,23,10,13
S01008523,H J. Transport and communication,27,12,15
S01008523,K L M N. Financial real estate professional and administrative activities,53,19,34
S01008523,O P Q. Public administration education and health,61,11,50
S01008523,R S T U. Other,4,0,4
S01008523,Never worked,29,17,12
S01008524,All people aged 16 to 74 not in employment,259,115,144
S01008524,A B D E. Agriculture energy and water,3,2,1
S01008524,C. Manufacturing,16,11,5
S01008524,F. Construction,21,20,1
S01008524,G I. Distribution hotels and restaurants,42,16,26
S01008524,H J. Transport and communication,24,10,14
S01008524,K L M N. Financial real estate professional and administrative activities,22,11,11
S01008524,O P Q. Public administration education and health,58,11,47
S01008524,R S T U. Other,14,4,10
S01008524,Never worked,59,30,29
S01008525,All people aged 16 to 74 not in employment,218,96,122
S01008525,A B D E. Agriculture energy and water,6,6,0
S01008525,C. Manufacturing,7,4,3
S01008525,F. Construction,16,16,0
S01008525,G I. Distribution hotels and restaurants,41,16,25
S01008525,H J. Transport and communication,18,6,12
S01008525,K L M N. Financial real estate professional and administrative activities,26,11,15
S01008525,O P Q. Public administration education and health,62,18,44
S01008525,R S T U. Other,5,3,2
S01008525,Never worked,37,16,21
S01008526,All people aged 16 to 74 not in employment,208,98,110
S01008526,A B D E. Agriculture energy and water,4,3,1
S01008526,C. Manufacturing,9,6,3
S01008526,F. Construction,18,17,1
S01008526,G I. Distribution hotels and restaurants,30,15,15
S01008526,H J. Transport and communication,14,9,5
S01008526,K L M N. Financial real estate professional and administrative activities,33,8,25
S01008526,O P Q. Public administration education and health,56,17,39
S01008526,R S T U. Other,11,3,8
S01008526,Never worked,33,20,13
S01008527,All people aged 16 to 74 not in employment,154,58,96
S01008527,A B D E. Agriculture energy and water,1,0,1
S01008527,C. Manufacturing,4,1,3
S01008527,F. Construction,10,9,1
S01008527,G I. Distribution hotels and restaurants,19,5,14
S01008527,H J. Transport and communication,22,10,12
S01008527,K L M N. Financial real estate professional and administrative activities,16,6,10
S01008527,O P Q. Public administration education and health,37,9,28
S01008527,R S T U. Other,10,3,7
S01008527,Never worked,35,15,20
S01008528,All people aged 16 to 74 not in employment,151,59,92
S01008528,A B D E. Agriculture energy and water,5,3,2
S01008528,C. Manufacturing,6,4,2
S01008528,F. Construction,12,12,0
S01008528,G I. Distribution hotels and restaurants,25,11,14
S01008528,H J. Transport and communication,12,5,7
S01008528,K L M N. Financial real estate professional and administrative activities,21,13,8
S01008528,O P Q. Public administration education and health,44,4,40
S01008528,R S T U. Other,9,2,7
S01008528,Never worked,17,5,12
S01008529,All people aged 16 to 74 not in employment,161,66,95
S01008529,A B D E. Agriculture energy and water,5,3,2
S01008529,C. Manufacturing,8,5,3
S01008529,F. Construction,14,13,1
S01008529,G I. Distribution hotels and restaurants,21,9,12
S01008529,H J. Transport and communication,19,7,12
S01008529,K L M N. Financial real estate professional and administrative activities,16,5,11
S01008529,O P Q. Public administration education and health,43,5,38
S01008529,R S T U. Other,9,3,6
S01008529,Never worked,26,16,10
S01008530,All people aged 16 to 74 not in employment,205,98,107
S01008530,A B D E. Agriculture energy and water,2,2,0
S01008530,C. Manufacturing,15,11,4
S01008530,F. Construction,16,13,3
S01008530,G I. Distribution hotels and restaurants,44,25,19
S01008530,H J. Transport and communication,19,8,11
S01008530,K L M N. Financial real estate professional and administrative activities,20,9,11
S01008530,O P Q. Public administration education and health,48,8,40
S01008530,R S T U. Other,3,0,3
S01008530,Never worked,38,22,16
S01008531,All people aged 16 to 74 not in employment,214,93,121
S01008531,A B D E. Agriculture energy and water,6,3,3
S01008531,C. Manufacturing,7,5,2
S01008531,F. Construction,11,9,2
S01008531,G I. Distribution hotels and restaurants,32,18,14
S01008531,H J. Transport and communication,26,10,16
S01008531,K L M N. Financial real estate professional and administrative activities,24,12,12
S01008531,O P Q. Public administration education and health,61,16,45
S01008531,R S T U. Other,7,1,6
S01008531,Never worked,40,19,21
S01008532,All people aged 16 to 74 not in employment,133,57,76
S01008532,A B D E. Agriculture energy and water,3,3,0
S01008532,C. Manufacturing,9,6,3
S01008532,F. Construction,9,9,0
S01008532,G I. Distribution hotels and restaurants,27,13,14
S01008532,H J. Transport and communication,15,4,11
S01008532,K L M N. Financial real estate professional and administrative activities,15,4,11
S01008532,O P Q. Public administration education and health,23,5,18
S01008532,R S T U. Other,8,3,5
S01008532,Never worked,24,10,14
S01008533,All people aged 16 to 74 not in employment,106,28,78
S01008533,A B D E. Agriculture energy and water,1,0,1
S01008533,C. Manufacturing,5,2,3
S01008533,F. Construction,3,2,1
S01008533,G I. Distribution hotels and restaurants,19,3,16
S01008533,H J. Transport and communication,13,1,12
S01008533,K L M N. Financial real estate professional and administrative activities,11,2,9
S01008533,O P Q. Public administration education and health,23,3,20
S01008533,R S T U. Other,3,0,3
S01008533,Never worked,28,15,13
S01008534,All people aged 16 to 74 not in employment,163,72,91
S01008534,A B D E. Agriculture energy and water,5,4,1
S01008534,C. Manufacturing,4,0,4
S01008534,F. Construction,6,4,2
S01008534,G I. Distribution hotels and restaurants,19,9,10
S01008534,H J. Transport and communication,10,3,7
S01008534,K L M N. Financial real estate professional and administrative activities,28,13,15
S01008534,O P Q. Public administration education and health,43,16,27
S01008534,R S T U. Other,12,4,8
S01008534,Never worked,36,19,17
S01008535,All people aged 16 to 74 not in employment,173,74,99
S01008535,A B D E. Agriculture energy and water,2,1,1
S01008535,C. Manufacturing,11,9,2
S01008535,F. Construction,5,4,1
S01008535,G I. Distribution hotels and restaurants,33,15,18
S01008535,H J. Transport and communication,4,2,2
S01008535,K L M N. Financial real estate professional and administrative activities,37,11,26
S01008535,O P Q. Public administration education and health,45,13,32
S01008535,R S T U. Other,5,1,4
S01008535,Never worked,31,18,13
S01008536,All people aged 16 to 74 not in employment,132,51,81
S01008536,A B D E. Agriculture energy and water,4,2,2
S01008536,C. Manufacturing,11,8,3
S01008536,F. Construction,6,4,2
S01008536,G I. Distribution hotels and restaurants,13,9,4
S01008536,H J. Transport and communication,6,3,3
S01008536,K L M N. Financial real estate professional and administrative activities,15,7,8
S01008536,O P Q. Public administration education and health,56,11,45
S01008536,R S T U. Other,8,3,5
S01008536,Never worked,13,4,9
S01008537,All people aged 16 to 74 not in employment,188,84,104
S01008537,A B D E. Agriculture energy and water,1,1,0
S01008537,C. Manufacturing,11,8,3
S01008537,F. Construction,4,3,1
S01008537,G I. Distribution hotels and restaurants,21,9,12
S01008537,H J. Transport and communication,5,2,3
S01008537,K L M N. Financial real estate professional and administrative activities,42,21,21
S01008537,O P Q. Public administration education and health,77,26,51
S01008537,R S T U. Other,7,0,7
S01008537,Never worked,20,14,6
S01008538,All people aged 16 to 74 not in employment,142,65,77
S01008538,A B D E. Agriculture energy and water,1,1,0
S01008538,C. Manufacturing,7,6,1
S01008538,F. Construction,3,3,0
S01008538,G I. Distribution hotels and restaurants,17,11,6
S01008538,H J. Transport and communication,9,6,3
S01008538,K L M N. Financial real estate professional and administrative activities,29,11,18
S01008538,O P Q. Public administration education and health,57,17,40
S01008538,R S T U. Other,2,1,1
S01008538,Never worked,17,9,8
S01008539,All people aged 16 to 74 not in employment,176,74,102
S01008539,A B D E. Agriculture energy and water,5,3,2
S01008539,C. Manufacturing,8,5,3
S01008539,F. Construction,4,3,1
S01008539,G I. Distribution hotels and restaurants,21,10,11
S01008539,H J. Transport and communication,8,4,4
S01008539,K L M N. Financial real estate professional and administrative activities,40,21,19
S01008539,O P Q. Public administration education and health,62,14,48
S01008539,R S T U. Other,5,3,2
S01008539,Never worked,23,11,12
S01008540,All people aged 16 to 74 not in employment,193,79,114
S01008540,A B D E. Agriculture energy and water,2,2,0
S01008540,C. Manufacturing,5,4,1
S01008540,F. Construction,7,6,1
S01008540,G I. Distribution hotels and restaurants,21,11,10
S01008540,H J. Transport and communication,12,4,8
S01008540,K L M N. Financial real estate professional and administrative activities,44,16,28
S01008540,O P Q. Public administration education and health,76,24,52
S01008540,R S T U. Other,7,4,3
S01008540,Never worked,19,8,11
S01008541,All people aged 16 to 74 not in employment,183,74,109
S01008541,A B D E. Agriculture energy and water,3,0,3
S01008541,C. Manufacturing,14,11,3
S01008541,F. Construction,1,1,0
S01008541,G I. Distribution hotels and restaurants,20,4,16
S01008541,H J. Transport and communication,6,4,2
S01008541,K L M N. Financial real estate professional and administrative activities,38,17,21
S01008541,O P Q. Public administration education and health,55,15,40
S01008541,R S T U. Other,8,5,3
S01008541,Never worked,38,17,21
S01008542,All people aged 16 to 74 not in employment,195,86,109
S01008542,A B D E. Agriculture energy and water,0,0,0
S01008542,C. Manufacturing,8,4,4
S01008542,F. Construction,6,6,0
S01008542,G I. Distribution hotels and restaurants,25,12,13
S01008542,H J. Transport and communication,14,8,6
S01008542,K L M N. Financial real estate professional and administrative activities,38,16,22
S01008542,O P Q. Public administration education and health,60,17,43
S01008542,R S T U. Other,9,4,5
S01008542,Never worked,35,19,16
S01008543,All people aged 16 to 74 not in employment,137,53,84
S01008543,A B D E. Agriculture energy and water,1,1,0
S01008543,C. Manufacturing,4,2,2
S01008543,F. Construction,5,3,2
S01008543,G I. Distribution hotels and restaurants,23,12,11
S01008543,H J. Transport and communication,9,3,6
S01008543,K L M N. Financial real estate professional and administrative activities,22,10,12
S01008543,O P Q. Public administration education and health,45,11,34
S01008543,R S T U. Other,4,3,1
S01008543,Never worked,24,8,16
S01008544,All people aged 16 to 74 not in employment,109,47,62
S01008544,A B D E. Agriculture energy and water,3,1,2
S01008544,C. Manufacturing,6,4,2
S01008544,F. Construction,1,1,0
S01008544,G I. Distribution hotels and restaurants,7,4,3
S01008544,H J. Transport and communication,9,6,3
S01008544,K L M N. Financial real estate professional and administrative activities,15,5,10
S01008544,O P Q. Public administration education and health,27,9,18
S01008544,R S T U. Other,1,1,0
S01008544,Never worked,40,16,24
S01008545,All people aged 16 to 74 not in employment,216,84,132
S01008545,A B D E. Agriculture energy and water,4,3,1
S01008545,C. Manufacturing,3,3,0
S01008545,F. Construction,3,2,1
S01008545,G I. Distribution hotels and restaurants,19,6,13
S01008545,H J. Transport and communication,9,5,4
S01008545,K L M N. Financial real estate professional and administrative activities,44,21,23
S01008545,O P Q. Public administration education and health,83,23,60
S01008545,R S T U. Other,5,3,2
S01008545,Never worked,46,18,28
S01008546,All people aged 16 to 74 not in employment,233,106,127
S01008546,A B D E. Agriculture energy and water,7,5,2
S01008546,C. Manufacturing,6,4,2
S01008546,F. Construction,7,5,2
S01008546,G I. Distribution hotels and restaurants,27,14,13
S01008546,H J. Transport and communication,11,8,3
S01008546,K L M N. Financial real estate professional and administrative activities,51,31,20
S01008546,O P Q. Public administration education and health,91,26,65
S01008546,R S T U. Other,6,1,5
S01008546,Never worked,27,12,15
S01008547,All people aged 16 to 74 not in employment,200,80,120
S01008547,A B D E. Agriculture energy and water,4,4,0
S01008547,C. Manufacturing,11,6,5
S01008547,F. Construction,11,11,0
S01008547,G I. Distribution hotels and restaurants,28,13,15
S01008547,H J. Transport and communication,14,4,10
S01008547,K L M N. Financial real estate professional and administrative activities,22,9,13
S01008547,O P Q. Public administration education and health,58,13,45
S01008547,R S T U. Other,10,2,8
S01008547,Never worked,42,18,24
S01008548,All people aged 16 to 74 not in employment,149,58,91
S01008548,A B D E. Agriculture energy and water,1,0,1
S01008548,C. Manufacturing,10,7,3
S01008548,F. Construction,5,5,0
S01008548,G I. Distribution hotels and restaurants,29,12,17
S01008548,H J. Transport and communication,16,6,10
S01008548,K L M N. Financial real estate professional and administrative activities,17,5,12
S01008548,O P Q. Public administration education and health,28,7,21
S01008548,R S T U. Other,9,3,6
S01008548,Never worked,34,13,21
S01008549,All people aged 16 to 74 not in employment,228,98,130
S01008549,A B D E. Agriculture energy and water,2,2,0
S01008549,C. Manufacturing,7,4,3
S01008549,F. Construction,13,13,0
S01008549,G I. Distribution hotels and restaurants,47,27,20
S01008549,H J. Transport and communication,20,10,10
S01008549,K L M N. Financial real estate professional and administrative activities,39,11,28
S01008549,O P Q. Public administration education and health,52,13,39
S01008549,R S T U. Other,12,6,6
S01008549,Never worked,36,12,24
S01008550,All people aged 16 to 74 not in employment,203,83,120
S01008550,A B D E. Agriculture energy and water,3,1,2
S01008550,C. Manufacturing,11,8,3
S01008550,F. Construction,8,7,1
S01008550,G I. Distribution hotels and restaurants,26,10,16
S01008550,H J. Transport and communication,11,6,5
S01008550,K L M N. Financial real estate professional and administrative activities,40,17,23
S01008550,O P Q. Public administration education and health,54,16,38
S01008550,R S T U. Other,13,4,9
S01008550,Never worked,37,14,23
S01008551,All people aged 16 to 74 not in employment,233,100,133
S01008551,A B D E. Agriculture energy and water,5,3,2
S01008551,C. Manufacturing,6,5,1
S01008551,F. Construction,10,7,3
S01008551,G I. Distribution hotels and restaurants,34,12,22
S01008551,H J. Transport and communication,16,8,8
S01008551,K L M N. Financial real estate professional and administrative activities,41,22,19
S01008551,O P Q. Public administration education and health,82,23,59
S01008551,R S T U. Other,7,5,2
S01008551,Never worked,32,15,17
S01008552,All people aged 16 to 74 not in employment,239,98,141
S01008552,A B D E. Agriculture energy and water,3,3,0
S01008552,C. Manufacturing,10,9,1
S01008552,F. Construction,10,9,1
S01008552,G I. Distribution hotels and restaurants,37,16,21
S01008552,H J. Transport and communication,15,9,6
S01008552,K L M N. Financial real estate professional and administrative activities,41,10,31
S01008552,O P Q. Public administration education and health,72,17,55
S01008552,R S T U. Other,10,5,5
S01008552,Never worked,41,20,21
S01008553,All people aged 16 to 74 not in employment,159,75,84
S01008553,A B D E. Agriculture energy and water,1,1,0
S01008553,C. Manufacturing,11,7,4
S01008553,F. Construction,21,20,1
S01008553,G I. Distribution hotels and restaurants,21,11,10
S01008553,H J. Transport and communication,10,4,6
S01008553,K L M N. Financial real estate professional and administrative activities,15,6,9
S01008553,O P Q. Public administration education and health,46,9,37
S01008553,R S T U. Other,6,3,3
S01008553,Never worked,28,14,14
S01008554,All people aged 16 to 74 not in employment,358,160,198
S01008554,A B D E. Agriculture energy and water,4,4,0
S01008554,C. Manufacturing,19,9,10
S01008554,F. Construction,30,29,1
S01008554,G I. Distribution hotels and restaurants,51,24,27
S01008554,H J. Transport and communication,32,6,26
S01008554,K L M N. Financial real estate professional and administrative activities,41,14,27
S01008554,O P Q. Public administration education and health,55,21,34
S01008554,R S T U. Other,18,8,10
S01008554,Never worked,108,45,63
S01008555,All people aged 16 to 74 not in employment,358,144,214
S01008555,A B D E. Agriculture energy and water,5,4,1
S01008555,C. Manufacturing,12,8,4
S01008555,F. Construction,29,27,2
S01008555,G I. Distribution hotels and restaurants,60,35,25
S01008555,H J. Transport and communication,41,10,31
S01008555,K L M N. Financial real estate professional and administrative activities,29,9,20
S01008555,O P Q. Public administration education and health,76,13,63
S01008555,R S T U. Other,17,9,8
S01008555,Never worked,89,29,60
S01008556,All people aged 16 to 74 not in employment,239,109,130
S01008556,A B D E. Agriculture energy and water,4,4,0
S01008556,C. Manufacturing,13,7,6
S01008556,F. Construction,22,21,1
S01008556,G I. Distribution hotels and restaurants,39,18,21
S01008556,H J. Transport and communication,22,11,11
S01008556,K L M N. Financial real estate professional and administrative activities,17,4,13
S01008556,O P Q. Public administration education and health,52,15,37
S01008556,R S T U. Other,12,5,7
S01008556,Never worked,58,24,34
S01008557,All people aged 16 to 74 not in employment,276,115,161
S01008557,A B D E. Agriculture energy and water,10,9,1
S01008557,C. Manufacturing,6,2,4
S01008557,F. Construction,24,21,3
S01008557,G I. Distribution hotels and restaurants,60,28,32
S01008557,H J. Transport and communication,19,3,16
S01008557,K L M N. Financial real estate professional and administrative activities,25,11,14
S01008557,O P Q. Public administration education and health,52,13,39
S01008557,R S T U. Other,20,4,16
S01008557,Never worked,60,24,36
S01008558,All people aged 16 to 74 not in employment,255,102,153
S01008558,A B D E. Agriculture energy and water,5,5,0
S01008558,C. Manufacturing,14,5,9
S01008558,F. Construction,19,19,0
S01008558,G I. Distribution hotels and restaurants,35,13,22
S01008558,H J. Transport and communication,25,7,18
S01008558,K L M N. Financial real estate professional and administrative activities,33,16,17
S01008558,O P Q. Public administration education and health,59,10,49
S01008558,R S T U. Other,12,4,8
S01008558,Never worked,53,23,30
S01008559,All people aged 16 to 74 not in employment,206,83,123
S01008559,A B D E. Agriculture energy and water,1,1,0
S01008559,C. Manufacturing,9,4,5
S01008559,F. Construction,21,19,2
S01008559,G I. Distribution hotels and restaurants,32,13,19
S01008559,H J. Transport and communication,20,4,16
S01008559,K L M N. Financial real estate professional and administrative activities,16,9,7
S01008559,O P Q. Public administration education and health,57,9,48
S01008559,R S T U. Other,5,2,3
S01008559,Never worked,45,22,23
S01008560,All people aged 16 to 74 not in employment,192,95,97
S01008560,A B D E. Agriculture energy and water,6,6,0
S01008560,C. Manufacturing,11,6,5
S01008560,F. Construction,19,19,0
S01008560,G I. Distribution hotels and restaurants,31,16,15
S01008560,H J. Transport and communication,11,6,5
S01008560,K L M N. Financial real estate professional and administrative activities,24,7,17
S01008560,O P Q. Public administration education and health,46,10,36
S01008560,R S T U. Other,6,3,3
S01008560,Never worked,38,22,16
S01008561,All people aged 16 to 74 not in employment,181,81,100
S01008561,A B D E. Agriculture energy and water,3,1,2
S01008561,C. Manufacturing,11,8,3
S01008561,F. Construction,11,10,1
S01008561,G I. Distribution hotels and restaurants,34,17,17
S01008561,H J. Transport and communication,17,4,13
S01008561,K L M N. Financial real estate professional and administrative activities,18,5,13
S01008561,O P Q. Public administration education and health,45,15,30
S01008561,R S T U. Other,10,5,5
S01008561,Never worked,32,16,16
S01008562,All people aged 16 to 74 not in employment,222,95,127
S01008562,A B D E. Agriculture energy and water,5,4,1
S01008562,C. Manufacturing,13,8,5
S01008562,F. Construction,24,24,0
S01008562,G I. Distribution hotels and restaurants,32,14,18
S01008562,H J. Transport and communication,31,11,20
S01008562,K L M N. Financial real estate professional and administrative activities,26,9,17
S01008562,O P Q. Public administration education and health,54,15,39
S01008562,R S T U. Other,4,1,3
S01008562,Never worked,33,9,24
S01008563,All people aged 16 to 74 not in employment,252,102,150
S01008563,A B D E. Agriculture energy and water,4,3,1
S01008563,C. Manufacturing,8,8,0
S01008563,F. Construction,19,18,1
S01008563,G I. Distribution hotels and restaurants,37,16,21
S01008563,H J. Transport and communication,19,5,14
S01008563,K L M N. Financial real estate professional and administrative activities,29,17,12
S01008563,O P Q. Public administration education and health,72,11,61
S01008563,R S T U. Other,6,2,4
S01008563,Never worked,58,22,36
S01008564,All people aged 16 to 74 not in employment,198,83,115
S01008564,A B D E. Agriculture energy and water,7,7,0
S01008564,C. Manufacturing,11,6,5
S01008564,F. Construction,16,14,2
S01008564,G I. Distribution hotels and restaurants,35,23,12
S01008564,H J. Transport and communication,14,4,10
S01008564,K L M N. Financial real estate professional and administrative activities,18,5,13
S01008564,O P Q. Public administration education and health,54,8,46
S01008564,R S T U. Other,14,3,11
S01008564,Never worked,29,13,16
S01008565,All people aged 16 to 74 not in employment,290,126,164
S01008565,A B D E. Agriculture energy and water,5,5,0
S01008565,C. Manufacturing,12,6,6
S01008565,F. Construction,34,32,2
S01008565,G I. Distribution hotels and restaurants,47,19,28
S01008565,H J. Transport and communication,24,6,18
S01008565,K L M N. Financial real estate professional and administrative activities,28,11,17
S01008565,O P Q. Public administration education and health,65,14,51
S01008565,R S T U. Other,16,5,11
S01008565,Never worked,59,28,31
S01008566,All people aged 16 to 74 not in employment,324,146,178
S01008566,A B D E. Agriculture energy and water,6,6,0
S01008566,C. Manufacturing,16,9,7
S01008566,F. Construction,35,30,5
S01008566,G I. Distribution hotels and restaurants,58,29,29
S01008566,H J. Transport and communication,28,12,16
S01008566,K L M N. Financial real estate professional and administrative activities,25,10,15
S01008566,O P Q. Public administration education and health,65,10,55
S01008566,R S T U. Other,20,4,16
S01008566,Never worked,71,36,35
S01008567,All people aged 16 to 74 not in employment,219,94,125
S01008567,A B D E. Agriculture energy and water,2,1,1
S01008567,C. Manufacturing,7,5,2
S01008567,F. Construction,15,12,3
S01008567,G I. Distribution hotels and restaurants,44,24,20
S01008567,H J. Transport and communication,19,6,13
S01008567,K L M N. Financial real estate professional and administrative activities,27,9,18
S01008567,O P Q. Public administration education and health,45,10,35
S01008567,R S T U. Other,6,3,3
S01008567,Never worked,54,24,30
S01008568,All people aged 16 to 74 not in employment,178,77,101
S01008568,A B D E. Agriculture energy and water,2,2,0
S01008568,C. Manufacturing,2,1,1
S01008568,F. Construction,19,16,3
S01008568,G I. Distribution hotels and restaurants,28,11,17
S01008568,H J. Transport and communication,13,7,6
S01008568,K L M N. Financial real estate professional and administrative activities,21,4,17
S01008568,O P Q. Public administration education and health,34,9,25
S01008568,R S T U. Other,13,0,13
S01008568,Never worked,46,27,19
S01008569,All people aged 16 to 74 not in employment,255,150,105
S01008569,A B D E. Agriculture energy and water,5,5,0
S01008569,C. Manufacturing,12,11,1
S01008569,F. Construction,32,30,2
S01008569,G I. Distribution hotels and restaurants,36,16,20
S01008569,H J. Transport and communication,42,26,16
S01008569,K L M N. Financial real estate professional and administrative activities,15,10,5
S01008569,O P Q. Public administration education and health,30,10,20
S01008569,R S T U. Other,12,3,9
S01008569,Never worked,71,39,32
S01008570,All people aged 16 to 74 not in employment,309,140,169
S01008570,A B D E. Agriculture energy and water,2,1,1
S01008570,C. Manufacturing,15,9,6
S01008570,F. Construction,30,27,3
S01008570,G I. Distribution hotels and restaurants,50,27,23
S01008570,H J. Transport and communication,36,12,24
S01008570,K L M N. Financial real estate professional and administrative activities,26,10,16
S01008570,O P Q. Public administration education and health,56,20,36
S01008570,R S T U. Other,10,2,8
S01008570,Never worked,84,32,52
S01008571,All people aged 16 to 74 not in employment,208,95,113
S01008571,A B D E. Agriculture energy and water,2,2,0
S01008571,C. Manufacturing,9,5,4
S01008571,F. Construction,12,11,1
S01008571,G I. Distribution hotels and restaurants,45,24,21
S01008571,H J. Transport and communication,19,10,9
S01008571,K L M N. Financial real estate professional and administrative activities,27,10,17
S01008571,O P Q. Public administration education and health,55,20,35
S01008571,R S T U. Other,11,3,8
S01008571,Never worked,28,10,18
S01008572,All people aged 16 to 74 not in employment,265,113,152
S01008572,A B D E. Agriculture energy and water,4,2,2
S01008572,C. Manufacturing,15,10,5
S01008572,F. Construction,19,16,3
S01008572,G I. Distribution hotels and restaurants,53,24,29
S01008572,H J. Transport and communication,15,4,11
S01008572,K L M N. Financial real estate professional and administrative activities,30,13,17
S01008572,O P Q. Public administration education and health,74,21,53
S01008572,R S T U. Other,13,3,10
S01008572,Never worked,42,20,22
S01008573,All people aged 16 to 74 not in employment,171,77,94
S01008573,A B D E. Agriculture energy and water,5,4,1
S01008573,C. Manufacturing,8,5,3
S01008573,F. Construction,10,9,1
S01008573,G I. Distribution hotels and restaurants,20,7,13
S01008573,H J. Transport and communication,20,13,7
S01008573,K L M N. Financial real estate professional and administrative activities,24,13,11
S01008573,O P Q. Public administration education and health,41,11,30
S01008573,R S T U. Other,5,1,4
S01008573,Never worked,38,14,24
S01008574,All people aged 16 to 74 not in employment,146,64,82
S01008574,A B D E. Agriculture energy and water,3,3,0
S01008574,C. Manufacturing,4,2,2
S01008574,F. Construction,7,5,2
S01008574,G I. Distribution hotels and restaurants,28,12,16
S01008574,H J. Transport and communication,9,2,7
S01008574,K L M N. Financial real estate professional and administrative activities,20,11,9
S01008574,O P Q. Public administration education and health,37,13,24
S01008574,R S T U. Other,3,1,2
S01008574,Never worked,35,15,20
S01008575,All people aged 16 to 74 not in employment,202,74,128
S01008575,A B D E. Agriculture energy and water,3,1,2
S01008575,C. Manufacturing,10,6,4
S01008575,F. Construction,5,4,1
S01008575,G I. Distribution hotels and restaurants,24,12,12
S01008575,H J. Transport and communication,18,8,10
S01008575,K L M N. Financial real estate professional and administrative activities,35,7,28
S01008575,O P Q. Public administration education and health,54,11,43
S01008575,R S T U. Other,7,2,5
S01008575,Never worked,46,23,23
S01008576,All people aged 16 to 74 not in employment,202,89,113
S01008576,A B D E. Agriculture energy and water,2,1,1
S01008576,C. Manufacturing,11,8,3
S01008576,F. Construction,12,10,2
S01008576,G I. Distribution hotels and restaurants,25,7,18
S01008576,H J. Transport and communication,14,7,7
S01008576,K L M N. Financial real estate professional and administrative activities,28,9,19
S01008576,O P Q. Public administration education and health,65,21,44
S01008576,R S T U. Other,11,7,4
S01008576,Never worked,34,19,15
S01008577,All people aged 16 to 74 not in employment,201,96,105
S01008577,A B D E. Agriculture energy and water,2,0,2
S01008577,C. Manufacturing,14,10,4
S01008577,F. Construction,3,2,1
S01008577,G I. Distribution hotels and restaurants,29,14,15
S01008577,H J. Transport and communication,14,8,6
S01008577,K L M N. Financial real estate professional and administrative activities,42,24,18
S01008577,O P Q. Public administration education and health,58,18,40
S01008577,R S T U. Other,10,3,7
S01008577,Never worked,29,17,12
S01008578,All people aged 16 to 74 not in employment,173,70,103
S01008578,A B D E. Agriculture energy and water,3,1,2
S01008578,C. Manufacturing,5,3,2
S01008578,F. Construction,4,1,3
S01008578,G I. Distribution hotels and restaurants,16,5,11
S01008578,H J. Transport and communication,9,5,4
S01008578,K L M N. Financial real estate professional and administrative activities,27,16,11
S01008578,O P Q. Public administration education and health,64,19,45
S01008578,R S T U. Other,11,5,6
S01008578,Never worked,34,15,19
S01008579,All people aged 16 to 74 not in employment,215,96,119
S01008579,A B D E. Agriculture energy and water,1,1,0
S01008579,C. Manufacturing,15,11,4
S01008579,F. Construction,12,12,0
S01008579,G I. Distribution hotels and restaurants,28,13,15
S01008579,H J. Transport and communication,7,3,4
S01008579,K L M N. Financial real estate professional and administrative activities,27,15,12
S01008579,O P Q. Public administration education and health,85,25,60
S01008579,R S T U. Other,7,2,5
S01008579,Never worked,33,14,19
S01008580,All people aged 16 to 74 not in employment,138,66,72
S01008580,A B D E. Agriculture energy and water,3,3,0
S01008580,C. Manufacturing,9,4,5
S01008580,F. Construction,4,3,1
S01008580,G I. Distribution hotels and restaurants,14,5,9
S01008580,H J. Transport and communication,16,9,7
S01008580,K L M N. Financial real estate professional and administrative activities,20,10,10
S01008580,O P Q. Public administration education and health,35,11,24
S01008580,R S T U. Other,10,4,6
S01008580,Never worked,27,17,10
S01008581,All people aged 16 to 74 not in employment,283,127,156
S01008581,A B D E. Agriculture energy and water,6,5,1
S01008581,C. Manufacturing,16,11,5
S01008581,F. Construction,20,20,0
S01008581,G I. Distribution hotels and restaurants,61,34,27
S01008581,H J. Transport and communication,22,9,13
S01008581,K L M N. Financial real estate professional and administrative activities,29,5,24
S01008581,O P Q. Public administration education and health,62,10,52
S01008581,R S T U. Other,19,8,11
S01008581,Never worked,48,25,23
S01008582,All people aged 16 to 74 not in employment,292,139,153
S01008582,A B D E. Agriculture energy and water,5,5,0
S01008582,C. Manufacturing,14,8,6
S01008582,F. Construction,30,28,2
S01008582,G I. Distribution hotels and restaurants,43,23,20
S01008582,H J. Transport and communication,22,11,11
S01008582,K L M N. Financial real estate professional and administrative activities,36,19,17
S01008582,O P Q. Public administration education and health,67,11,56
S01008582,R S T U. Other,17,5,12
S01008582,Never worked,58,29,29
S01008583,All people aged 16 to 74 not in employment,212,107,105
S01008583,A B D E. Agriculture energy and water,3,3,0
S01008583,C. Manufacturing,6,4,2
S01008583,F. Construction,14,13,1
S01008583,G I. Distribution hotels and restaurants,36,23,13
S01008583,H J. Transport and communication,13,5,8
S01008583,K L M N. Financial real estate professional and administrative activities,23,7,16
S01008583,O P Q. Public administration education and health,44,15,29
S01008583,R S T U. Other,18,9,9
S01008583,Never worked,55,28,27
S01008584,All people aged 16 to 74 not in employment,249,108,141
S01008584,A B D E. Agriculture energy and water,3,3,0
S01008584,C. Manufacturing,4,2,2
S01008584,F. Construction,12,12,0
S01008584,G I. Distribution hotels and restaurants,31,15,16
S01008584,H J. Transport and communication,20,8,12
S01008584,K L M N. Financial real estate professional and administrative activities,41,17,24
S01008584,O P Q. Public administration education and health,69,13,56
S01008584,R S T U. Other,17,10,7
S01008584,Never worked,52,28,24
S01008585,All people aged 16 to 74 not in employment,169,80,89
S01008585,A B D E. Agriculture energy and water,2,2,0
S01008585,C. Manufacturing,7,5,2
S01008585,F. Construction,14,13,1
S01008585,G I. Distribution hotels and restaurants,28,15,13
S01008585,H J. Transport and communication,17,9,8
S01008585,K L M N. Financial real estate professional and administrative activities,22,5,17
S01008585,O P Q. Public administration education and health,35,11,24
S01008585,R S T U. Other,10,6,4
S01008585,Never worked,34,14,20
S01008586,All people aged 16 to 74 not in employment,254,117,137
S01008586,A B D E. Agriculture energy and water,3,3,0
S01008586,C. Manufacturing,12,4,8
S01008586,F. Construction,14,13,1
S01008586,G I. Distribution hotels and restaurants,41,25,16
S01008586,H J. Transport and communication,32,11,21
S01008586,K L M N. Financial real estate professional and administrative activities,44,13,31
S01008586,O P Q. Public administration education and health,49,15,34
S01008586,R S T U. Other,15,6,9
S01008586,Never worked,44,27,17
S01008587,All people aged 16 to 74 not in employment,349,171,178
S01008587,A B D E. Agriculture energy and water,5,5,0
S01008587,C. Manufacturing,14,8,6
S01008587,F. Construction,5,4,1
S01008587,G I. Distribution hotels and restaurants,23,14,9
S01008587,H J. Transport and communication,42,22,20
S01008587,K L M N. Financial real estate professional and administrative activities,38,14,24
S01008587,O P Q. Public administration education and health,83,29,54
S01008587,R S T U. Other,9,5,4
S01008587,Never worked,130,70,60
S01008588,All people aged 16 to 74 not in employment,195,93,102
S01008588,A B D E. Agriculture energy and water,2,2,0
S01008588,C. Manufacturing,8,4,4
S01008588,F. Construction,3,1,2
S01008588,G I. Distribution hotels and restaurants,21,8,13
S01008588,H J. Transport and communication,22,11,11
S01008588,K L M N. Financial real estate professional and administrative activities,28,15,13
S01008588,O P Q. Public administration education and health,64,26,38
S01008588,R S T U. Other,9,5,4
S01008588,Never worked,38,21,17
S01008589,All people aged 16 to 74 not in employment,84,37,47
S01008589,A B D E. Agriculture energy and water,2,2,0
S01008589,C. Manufacturing,2,1,1
S01008589,F. Construction,2,0,2
S01008589,G I. Distribution hotels and restaurants,11,9,2
S01008589,H J. Transport and communication,10,4,6
S01008589,K L M N. Financial real estate professional and administrative activities,12,5,7
S01008589,O P Q. Public administration education and health,27,7,20
S01008589,R S T U. Other,2,1,1
S01008589,Never worked,16,8,8
S01008590,All people aged 16 to 74 not in employment,203,81,122
S01008590,A B D E. Agriculture energy and water,2,2,0
S01008590,C. Manufacturing,7,3,4
S01008590,F. Construction,2,2,0
S01008590,G I. Distribution hotels and restaurants,29,16,13
S01008590,H J. Transport and communication,15,7,8
S01008590,K L M N. Financial real estate professional and administrative activities,36,15,21
S01008590,O P Q. Public administration education and health,66,21,45
S01008590,R S T U. Other,10,3,7
S01008590,Never worked,36,12,24
S01008591,All people aged 16 to 74 not in employment,235,123,112
S01008591,A B D E. Agriculture energy and water,4,3,1
S01008591,C. Manufacturing,6,3,3
S01008591,F. Construction,3,3,0
S01008591,G I. Distribution hotels and restaurants,33,20,13
S01008591,H J. Transport and communication,23,20,3
S01008591,K L M N. Financial real estate professional and administrative activities,29,17,12
S01008591,O P Q. Public administration education and health,71,28,43
S01008591,R S T U. Other,10,5,5
S01008591,Never worked,56,24,32
S01008592,All people aged 16 to 74 not in employment,217,108,109
S01008592,A B D E. Agriculture energy and water,4,3,1
S01008592,C. Manufacturing,6,2,4
S01008592,F. Construction,7,7,0
S01008592,G I. Distribution hotels and restaurants,31,15,16
S01008592,H J. Transport and communication,18,8,10
S01008592,K L M N. Financial real estate professional and administrative activities,33,19,14
S01008592,O P Q. Public administration education and health,45,15,30
S01008592,R S T U. Other,11,6,5
S01008592,Never worked,62,33,29
S01008593,All people aged 16 to 74 not in employment,183,71,112
S01008593,A B D E. Agriculture energy and water,2,2,0
S01008593,C. Manufacturing,7,2,5
S01008593,F. Construction,3,3,0
S01008593,G I. Distribution hotels and restaurants,18,9,9
S01008593,H J. Transport and communication,15,8,7
S01008593,K L M N. Financial real estate professional and administrative activities,33,13,20
S01008593,O P Q. Public administration education and health,68,19,49
S01008593,R S T U. Other,7,0,7
S01008593,Never worked,30,15,15
S01008594,All people aged 16 to 74 not in employment,318,128,190
S01008594,A B D E. Agriculture energy and water,4,4,0
S01008594,C. Manufacturing,9,4,5
S01008594,F. Construction,6,5,1
S01008594,G I. Distribution hotels and restaurants,35,19,16
S01008594,H J. Transport and communication,34,21,13
S01008594,K L M N. Financial real estate professional and administrative activities,54,19,35
S01008594,O P Q. Public administration education and health,96,23,73
S01008594,R S T U. Other,12,5,7
S01008594,Never worked,68,28,40
S01008595,All people aged 16 to 74 not in employment,325,160,165
S01008595,A B D E. Agriculture energy and water,8,3,5
S01008595,C. Manufacturing,23,16,7
S01008595,F. Construction,25,24,1
S01008595,G I. Distribution hotels and restaurants,36,19,17
S01008595,H J. Transport and communication,28,14,14
S01008595,K L M N. Financial real estate professional and administrative activities,38,11,27
S01008595,O P Q. Public administration education and health,90,37,53
S01008595,R S T U. Other,9,3,6
S01008595,Never worked,68,33,35
S01008596,All people aged 16 to 74 not in employment,329,160,169
S01008596,A B D E. Agriculture energy and water,5,5,0
S01008596,C. Manufacturing,10,3,7
S01008596,F. Construction,28,28,0
S01008596,G I. Distribution hotels and restaurants,39,21,18
S01008596,H J. Transport and communication,31,16,15
S01008596,K L M N. Financial real estate professional and administrative activities,42,19,23
S01008596,O P Q. Public administration education and health,78,19,59
S01008596,R S T U. Other,10,5,5
S01008596,Never worked,86,44,42
S01008597,All people aged 16 to 74 not in employment,211,104,107
S01008597,A B D E. Agriculture energy and water,2,2,0
S01008597,C. Manufacturing,11,9,2
S01008597,F. Construction,17,14,3
S01008597,G I. Distribution hotels and restaurants,28,13,15
S01008597,H J. Transport and communication,15,6,9
S01008597,K L M N. Financial real estate professional and administrative activities,36,14,22
S01008597,O P Q. Public administration education and health,66,24,42
S01008597,R S T U. Other,7,3,4
S01008597,Never worked,29,19,10
S01008598,All people aged 16 to 74 not in employment,363,190,173
S01008598,A B D E. Agriculture energy and water,6,6,0
S01008598,C. Manufacturing,9,3,6
S01008598,F. Construction,7,6,1
S01008598,G I. Distribution hotels and restaurants,49,26,23
S01008598,H J. Transport and communication,67,42,25
S01008598,K L M N. Financial real estate professional and administrative activities,44,26,18
S01008598,O P Q. Public administration education and health,71,26,45
S01008598,R S T U. Other,19,10,9
S01008598,Never worked,91,45,46
S01008599,All people aged 16 to 74 not in employment,301,157,144
S01008599,A B D E. Agriculture energy and water,10,8,2
S01008599,C. Manufacturing,3,3,0
S01008599,F. Construction,5,4,1
S01008599,G I. Distribution hotels and restaurants,37,13,24
S01008599,H J. Transport and communication,20,9,11
S01008599,K L M N. Financial real estate professional and administrative activities,48,22,26
S01008599,O P Q. Public administration education and health,87,35,52
S01008599,R S T U. Other,13,9,4
S01008599,Never worked,78,54,24
S01008600,All people aged 16 to 74 not in employment,265,119,146
S01008600,A B D E. Agriculture energy and water,6,6,0
S01008600,C. Manufacturing,5,4,1
S01008600,F. Construction,7,6,1
S01008600,G I. Distribution hotels and restaurants,24,10,14
S01008600,H J. Transport and communication,33,17,16
S01008600,K L M N. Financial real estate professional and administrative activities,34,11,23
S01008600,O P Q. Public administration education and health,75,32,43
S01008600,R S T U. Other,15,4,11
S01008600,Never worked,66,29,37
S01008601,All people aged 16 to 74 not in employment,1942,838,1104
S01008601,A B D E. Agriculture energy and water,24,16,8
S01008601,C. Manufacturing,23,15,8
S01008601,F. Construction,12,12,0
S01008601,G I. Distribution hotels and restaurants,306,120,186
S01008601,H J. Transport and communication,348,130,218
S01008601,K L M N. Financial real estate professional and administrative activities,132,44,88
S01008601,O P Q. Public administration education and health,192,79,113
S01008601,R S T U. Other,92,38,54
S01008601,Never worked,813,384,429
S01008602,All people aged 16 to 74 not in employment,291,126,165
S01008602,A B D E. Agriculture energy and water,3,1,2
S01008602,C. Manufacturing,5,4,1
S01008602,F. Construction,6,5,1
S01008602,G I. Distribution hotels and restaurants,41,24,17
S01008602,H J. Transport and communication,30,17,13
S01008602,K L M N. Financial real estate professional and administrative activities,43,12,31
S01008602,O P Q. Public administration education and health,57,23,34
S01008602,R S T U. Other,28,7,21
S01008602,Never worked,78,33,45
S01008603,All people aged 16 to 74 not in employment,517,242,275
S01008603,A B D E. Agriculture energy and water,4,3,1
S01008603,C. Manufacturing,16,9,7
S01008603,F. Construction,9,7,2
S01008603,G I. Distribution hotels and restaurants,83,41,42
S01008603,H J. Transport and communication,105,47,58
S01008603,K L M N. Financial real estate professional and administrative activities,52,26,26
S01008603,O P Q. Public administration education and health,77,29,48
S01008603,R S T U. Other,32,14,18
S01008603,Never worked,139,66,73
S01008604,All people aged 16 to 74 not in employment,368,149,219
S01008604,A B D E. Agriculture energy and water,6,5,1
S01008604,C. Manufacturing,9,7,2
S01008604,F. Construction,9,9,0
S01008604,G I. Distribution hotels and restaurants,38,14,24
S01008604,H J. Transport and communication,55,25,30
S01008604,K L M N. Financial real estate professional and administrative activities,51,22,29
S01008604,O P Q. Public administration education and health,87,23,64
S01008604,R S T U. Other,22,8,14
S01008604,Never worked,91,36,55
S01008605,All people aged 16 to 74 not in employment,237,127,110
S01008605,A B D E. Agriculture energy and water,1,1,0
S01008605,C. Manufacturing,2,1,1
S01008605,F. Construction,6,6,0
S01008605,G I. Distribution hotels and restaurants,35,18,17
S01008605,H J. Transport and communication,33,25,8
S01008605,K L M N. Financial real estate professional and administrative activities,31,17,14
S01008605,O P Q. Public administration education and health,57,24,33
S01008605,R S T U. Other,19,7,12
S01008605,Never worked,53,28,25
S01008606,All people aged 16 to 74 not in employment,193,90,103
S01008606,A B D E. Agriculture energy and water,6,3,3
S01008606,C. Manufacturing,10,4,6
S01008606,F. Construction,2,2,0
S01008606,G I. Distribution hotels and restaurants,18,12,6
S01008606,H J. Transport and communication,17,11,6
S01008606,K L M N. Financial real estate professional and administrative activities,29,10,19
S01008606,O P Q. Public administration education and health,58,25,33
S01008606,R S T U. Other,11,5,6
S01008606,Never worked,42,18,24
S01008607,All people aged 16 to 74 not in employment,165,73,92
S01008607,A B D E. Agriculture energy and water,1,1,0
S01008607,C. Manufacturing,2,1,1
S01008607,F. Construction,4,4,0
S01008607,G I. Distribution hotels and restaurants,20,14,6
S01008607,H J. Transport and communication,17,12,5
S01008607,K L M N. Financial real estate professional and administrative activities,25,12,13
S01008607,O P Q. Public administration education and health,70,18,52
S01008607,R S T U. Other,5,1,4
S01008607,Never worked,21,10,11
S01008608,All people aged 16 to 74 not in employment,199,82,117
S01008608,A B D E. Agriculture energy and water,0,0,0
S01008608,C. Manufacturing,6,6,0
S01008608,F. Construction,5,4,1
S01008608,G I. Distribution hotels and restaurants,22,9,13
S01008608,H J. Transport and communication,17,7,10
S01008608,K L M N. Financial real estate professional and administrative activities,31,13,18
S01008608,O P Q. Public administration education and health,82,25,57
S01008608,R S T U. Other,8,1,7
S01008608,Never worked,28,17,11
S01008609,All people aged 16 to 74 not in employment,224,91,133
S01008609,A B D E. Agriculture energy and water,0,0,0
S01008609,C. Manufacturing,7,5,2
S01008609,F. Construction,8,5,3
S01008609,G I. Distribution hotels and restaurants,30,9,21
S01008609,H J. Transport and communication,17,7,10
S01008609,K L M N. Financial real estate professional and administrative activities,35,16,19
S01008609,O P Q. Public administration education and health,73,22,51
S01008609,R S T U. Other,15,7,8
S01008609,Never worked,39,20,19
S01008610,All people aged 16 to 74 not in employment,232,93,139
S01008610,A B D E. Agriculture energy and water,3,2,1
S01008610,C. Manufacturing,4,3,1
S01008610,F. Construction,2,2,0
S01008610,G I. Distribution hotels and restaurants,25,10,15
S01008610,H J. Transport and communication,22,10,12
S01008610,K L M N. Financial real estate professional and administrative activities,45,25,20
S01008610,O P Q. Public administration education and health,68,14,54
S01008610,R S T U. Other,16,7,9
S01008610,Never worked,47,20,27
S01008611,All people aged 16 to 74 not in employment,705,313,392
S01008611,A B D E. Agriculture energy and water,10,5,5
S01008611,C. Manufacturing,16,13,3
S01008611,F. Construction,7,6,1
S01008611,G I. Distribution hotels and restaurants,89,31,58
S01008611,H J. Transport and communication,94,36,58
S01008611,K L M N. Financial real estate professional and administrative activities,95,51,44
S01008611,O P Q. Public administration education and health,132,63,69
S01008611,R S T U. Other,38,16,22
S01008611,Never worked,224,92,132
S01008612,All people aged 16 to 74 not in employment,335,156,179
S01008612,A B D E. Agriculture energy and water,6,3,3
S01008612,C. Manufacturing,9,5,4
S01008612,F. Construction,11,10,1
S01008612,G I. Distribution hotels and restaurants,58,25,33
S01008612,H J. Transport and communication,61,25,36
S01008612,K L M N. Financial real estate professional and administrative activities,35,17,18
S01008612,O P Q. Public administration education and health,54,21,33
S01008612,R S T U. Other,26,18,8
S01008612,Never worked,75,32,43
S01008613,All people aged 16 to 74 not in employment,266,125,141
S01008613,A B D E. Agriculture energy and water,7,5,2
S01008613,C. Manufacturing,8,5,3
S01008613,F. Construction,6,5,1
S01008613,G I. Distribution hotels and restaurants,37,19,18
S01008613,H J. Transport and communication,30,14,16
S01008613,K L M N. Financial real estate professional and administrative activities,33,16,17
S01008613,O P Q. Public administration education and health,61,20,41
S01008613,R S T U. Other,19,8,11
S01008613,Never worked,65,33,32
S01008614,All people aged 16 to 74 not in employment,331,159,172
S01008614,A B D E. Agriculture energy and water,9,6,3
S01008614,C. Manufacturing,15,13,2
S01008614,F. Construction,8,5,3
S01008614,G I. Distribution hotels and restaurants,48,21,27
S01008614,H J. Transport and communication,57,23,34
S01008614,K L M N. Financial real estate professional and administrative activities,37,23,14
S01008614,O P Q. Public administration education and health,82,32,50
S01008614,R S T U. Other,19,11,8
S01008614,Never worked,56,25,31
S01008615,All people aged 16 to 74 not in employment,371,147,224
S01008615,A B D E. Agriculture energy and water,6,6,0
S01008615,C. Manufacturing,6,2,4
S01008615,F. Construction,3,2,1
S01008615,G I. Distribution hotels and restaurants,44,12,32
S01008615,H J. Transport and communication,76,36,40
S01008615,K L M N. Financial real estate professional and administrative activities,52,22,30
S01008615,O P Q. Public administration education and health,66,14,52
S01008615,R S T U. Other,25,10,15
S01008615,Never worked,93,43,50
S01008616,All people aged 16 to 74 not in employment,352,121,231
S01008616,A B D E. Agriculture energy and water,6,4,2
S01008616,C. Manufacturing,9,5,4
S01008616,F. Construction,8,5,3
S01008616,G I. Distribution hotels and restaurants,62,16,46
S01008616,H J. Transport and communication,71,24,47
S01008616,K L M N. Financial real estate professional and administrative activities,49,20,29
S01008616,O P Q. Public administration education and health,62,15,47
S01008616,R S T U. Other,19,5,14
S01008616,Never worked,66,27,39
S01008617,All people aged 16 to 74 not in employment,429,202,227
S01008617,A B D E. Agriculture energy and water,10,6,4
S01008617,C. Manufacturing,8,5,3
S01008617,F. Construction,2,2,0
S01008617,G I. Distribution hotels and restaurants,52,25,27
S01008617,H J. Transport and communication,85,49,36
S01008617,K L M N. Financial real estate professional and administrative activities,56,23,33
S01008617,O P Q. Public administration education and health,78,27,51
S01008617,R S T U. Other,37,16,21
S01008617,Never worked,101,49,52
S01008618,All people aged 16 to 74 not in employment,374,192,182
S01008618,A B D E. Agriculture energy and water,5,5,0
S01008618,C. Manufacturing,9,8,1
S01008618,F. Construction,8,7,1
S01008618,G I. Distribution hotels and restaurants,46,17,29
S01008618,H J. Transport and communication,79,36,43
S01008618,K L M N. Financial real estate professional and administrative activities,50,30,20
S01008618,O P Q. Public administration education and health,68,33,35
S01008618,R S T U. Other,27,17,10
S01008618,Never worked,82,39,43
S01008619,All people aged 16 to 74 not in employment,216,89,127
S01008619,A B D E. Agriculture energy and water,4,2,2
S01008619,C. Manufacturing,8,5,3
S01008619,F. Construction,2,1,1
S01008619,G I. Distribution hotels and restaurants,25,9,16
S01008619,H J. Transport and communication,43,15,28
S01008619,K L M N. Financial real estate professional and administrative activities,29,14,15
S01008619,O P Q. Public administration education and health,41,13,28
S01008619,R S T U. Other,14,5,9
S01008619,Never worked,50,25,25
S01008620,All people aged 16 to 74 not in employment,396,156,240
S01008620,A B D E. Agriculture energy and water,5,3,2
S01008620,C. Manufacturing,5,4,1
S01008620,F. Construction,6,5,1
S01008620,G I. Distribution hotels and restaurants,60,17,43
S01008620,H J. Transport and communication,76,35,41
S01008620,K L M N. Financial real estate professional and administrative activities,46,15,31
S01008620,O P Q. Public administration education and health,82,30,52
S01008620,R S T U. Other,25,12,13
S01008620,Never worked,91,35,56
S01008621,All people aged 16 to 74 not in employment,372,168,204
S01008621,A B D E. Agriculture energy and water,7,4,3
S01008621,C. Manufacturing,10,9,1
S01008621,F. Construction,7,5,2
S01008621,G I. Distribution hotels and restaurants,66,23,43
S01008621,H J. Transport and communication,71,30,41
S01008621,K L M N. Financial real estate professional and administrative activities,42,25,17
S01008621,O P Q. Public administration education and health,68,27,41
S01008621,R S T U. Other,23,10,13
S01008621,Never worked,78,35,43
S01008622,All people aged 16 to 74 not in employment,204,92,112
S01008622,A B D E. Agriculture energy and water,6,5,1
S01008622,C. Manufacturing,3,1,2
S01008622,F. Construction,10,7,3
S01008622,G I. Distribution hotels and restaurants,42,27,15
S01008622,H J. Transport and communication,33,15,18
S01008622,K L M N. Financial real estate professional and administrative activities,18,5,13
S01008622,O P Q. Public administration education and health,47,13,34
S01008622,R S T U. Other,14,4,10
S01008622,Never worked,31,15,16
S01008623,All people aged 16 to 74 not in employment,418,164,254
S01008623,A B D E. Agriculture energy and water,7,7,0
S01008623,C. Manufacturing,12,7,5
S01008623,F. Construction,6,4,2
S01008623,G I. Distribution hotels and restaurants,35,11,24
S01008623,H J. Transport and communication,74,28,46
S01008623,K L M N. Financial real estate professional and administrative activities,56,25,31
S01008623,O P Q. Public administration education and health,100,28,72
S01008623,R S T U. Other,35,12,23
S01008623,Never worked,93,42,51
S01008624,All people aged 16 to 74 not in employment,220,95,125
S01008624,A B D E. Agriculture energy and water,3,3,0
S01008624,C. Manufacturing,9,5,4
S01008624,F. Construction,6,5,1
S01008624,G I. Distribution hotels and restaurants,17,8,9
S01008624,H J. Transport and communication,20,9,11
S01008624,K L M N. Financial real estate professional and administrative activities,48,28,20
S01008624,O P Q. Public administration education and health,90,24,66
S01008624,R S T U. Other,10,5,5
S01008624,Never worked,17,8,9
S01008625,All people aged 16 to 74 not in employment,155,53,102
S01008625,A B D E. Agriculture energy and water,4,1,3
S01008625,C. Manufacturing,6,3,3
S01008625,F. Construction,0,0,0
S01008625,G I. Distribution hotels and restaurants,12,3,9
S01008625,H J. Transport and communication,10,3,7
S01008625,K L M N. Financial real estate professional and administrative activities,30,12,18
S01008625,O P Q. Public administration education and health,61,15,46
S01008625,R S T U. Other,5,0,5
S01008625,Never worked,27,16,11
S01008626,All people aged 16 to 74 not in employment,202,81,121
S01008626,A B D E. Agriculture energy and water,3,1,2
S01008626,C. Manufacturing,6,3,3
S01008626,F. Construction,5,4,1
S01008626,G I. Distribution hotels and restaurants,21,7,14
S01008626,H J. Transport and communication,18,10,8
S01008626,K L M N. Financial real estate professional and administrative activities,34,12,22
S01008626,O P Q. Public administration education and health,53,13,40
S01008626,R S T U. Other,13,5,8
S01008626,Never worked,49,26,23
S01008627,All people aged 16 to 74 not in employment,141,53,88
S01008627,A B D E. Agriculture energy and water,3,3,0
S01008627,C. Manufacturing,4,1,3
S01008627,F. Construction,2,1,1
S01008627,G I. Distribution hotels and restaurants,17,8,9
S01008627,H J. Transport and communication,12,4,8
S01008627,K L M N. Financial real estate professional and administrative activities,23,10,13
S01008627,O P Q. Public administration education and health,42,8,34
S01008627,R S T U. Other,10,3,7
S01008627,Never worked,28,15,13
S01008628,All people aged 16 to 74 not in employment,159,81,78
S01008628,A B D E. Agriculture energy and water,2,1,1
S01008628,C. Manufacturing,3,2,1
S01008628,F. Construction,5,5,0
S01008628,G I. Distribution hotels and restaurants,12,7,5
S01008628,H J. Transport and communication,17,11,6
S01008628,K L M N. Financial real estate professional and administrative activities,35,20,15
S01008628,O P Q. Public administration education and health,40,18,22
S01008628,R S T U. Other,9,2,7
S01008628,Never worked,36,15,21
S01008629,All people aged 16 to 74 not in employment,144,74,70
S01008629,A B D E. Agriculture energy and water,0,0,0
S01008629,C. Manufacturing,8,6,2
S01008629,F. Construction,2,2,0
S01008629,G I. Distribution hotels and restaurants,17,11,6
S01008629,H J. Transport and communication,26,14,12
S01008629,K L M N. Financial real estate professional and administrative activities,22,11,11
S01008629,O P Q. Public administration education and health,40,17,23
S01008629,R S T U. Other,9,3,6
S01008629,Never worked,20,10,10
S01008630,All people aged 16 to 74 not in employment,169,87,82
S01008630,A B D E. Agriculture energy and water,0,0,0
S01008630,C. Manufacturing,7,4,3
S01008630,F. Construction,12,9,3
S01008630,G I. Distribution hotels and restaurants,13,7,6
S01008630,H J. Transport and communication,35,17,18
S01008630,K L M N. Financial real estate professional and administrative activities,17,5,12
S01008630,O P Q. Public administration education and health,36,13,23
S01008630,R S T U. Other,8,3,5
S01008630,Never worked,41,29,12
S01008631,All people aged 16 to 74 not in employment,183,94,89
S01008631,A B D E. Agriculture energy and water,1,1,0
S01008631,C. Manufacturing,6,4,2
S01008631,F. Construction,8,7,1
S01008631,G I. Distribution hotels and restaurants,25,11,14
S01008631,H J. Transport and communication,34,20,14
S01008631,K L M N. Financial real estate professional and administrative activities,17,8,9
S01008631,O P Q. Public administration education and health,55,21,34
S01008631,R S T U. Other,11,6,5
S01008631,Never worked,26,16,10
S01008632,All people aged 16 to 74 not in employment,321,190,131
S01008632,A B D E. Agriculture energy and water,2,1,1
S01008632,C. Manufacturing,12,6,6
S01008632,F. Construction,19,16,3
S01008632,G I. Distribution hotels and restaurants,44,18,26
S01008632,H J. Transport and communication,20,13,7
S01008632,K L M N. Financial real estate professional and administrative activities,21,11,10
S01008632,O P Q. Public administration education and health,57,22,35
S01008632,R S T U. Other,24,12,12
S01008632,Never worked,122,91,31
S01008633,All people aged 16 to 74 not in employment,276,129,147
S01008633,A B D E. Agriculture energy and water,3,2,1
S01008633,C. Manufacturing,11,7,4
S01008633,F. Construction,2,2,0
S01008633,G I. Distribution hotels and restaurants,30,15,15
S01008633,H J. Transport and communication,19,9,10
S01008633,K L M N. Financial real estate professional and administrative activities,48,33,15
S01008633,O P Q. Public administration education and health,105,29,76
S01008633,R S T U. Other,5,3,2
S01008633,Never worked,53,29,24
S01008634,All people aged 16 to 74 not in employment,218,117,101
S01008634,A B D E. Agriculture energy and water,3,2,1
S01008634,C. Manufacturing,4,2,2
S01008634,F. Construction,7,7,0
S01008634,G I. Distribution hotels and restaurants,23,15,8
S01008634,H J. Transport and communication,31,16,15
S01008634,K L M N. Financial real estate professional and administrative activities,40,24,16
S01008634,O P Q. Public administration education and health,55,19,36
S01008634,R S T U. Other,4,0,4
S01008634,Never worked,51,32,19
S01008635,All people aged 16 to 74 not in employment,230,94,136
S01008635,A B D E. Agriculture energy and water,4,3,1
S01008635,C. Manufacturing,8,4,4
S01008635,F. Construction,12,10,2
S01008635,G I. Distribution hotels and restaurants,25,7,18
S01008635,H J. Transport and communication,37,15,22
S01008635,K L M N. Financial real estate professional and administrative activities,26,11,15
S01008635,O P Q. Public administration education and health,53,20,33
S01008635,R S T U. Other,13,3,10
S01008635,Never worked,52,21,31
S01008636,All people aged 16 to 74 not in employment,255,108,147
S01008636,A B D E. Agriculture energy and water,4,1,3
S01008636,C. Manufacturing,11,6,5
S01008636,F. Construction,5,4,1
S01008636,G I. Distribution hotels and restaurants,28,13,15
S01008636,H J. Transport and communication,33,14,19
S01008636,K L M N. Financial real estate professional and administrative activities,52,28,24
S01008636,O P Q. Public administration education and health,69,20,49
S01008636,R S T U. Other,9,5,4
S01008636,Never worked,44,17,27
S01008637,All people aged 16 to 74 not in employment,186,65,121
S01008637,A B D E. Agriculture energy and water,4,3,1
S01008637,C. Manufacturing,11,5,6
S01008637,F. Construction,1,0,1
S01008637,G I. Distribution hotels and restaurants,21,8,13
S01008637,H J. Transport and communication,22,6,16
S01008637,K L M N. Financial real estate professional and administrative activities,28,10,18
S01008637,O P Q. Public administration education and health,64,19,45
S01008637,R S T U. Other,12,5,7
S01008637,Never worked,23,9,14
S01008638,All people aged 16 to 74 not in employment,286,145,141
S01008638,A B D E. Agriculture energy and water,3,3,0
S01008638,C. Manufacturing,11,8,3
S01008638,F. Construction,5,5,0
S01008638,G I. Distribution hotels and restaurants,37,14,23
S01008638,H J. Transport and communication,55,29,26
S01008638,K L M N. Financial real estate professional and administrative activities,39,20,19
S01008638,O P Q. Public administration education and health,66,24,42
S01008638,R S T U. Other,19,12,7
S01008638,Never worked,51,30,21
S01008639,All people aged 16 to 74 not in employment,209,109,100
S01008639,A B D E. Agriculture energy and water,0,0,0
S01008639,C. Manufacturing,8,6,2
S01008639,F. Construction,5,5,0
S01008639,G I. Distribution hotels and restaurants,31,18,13
S01008639,H J. Transport and communication,36,18,18
S01008639,K L M N. Financial real estate professional and administrative activities,29,8,21
S01008639,O P Q. Public administration education and health,40,19,21
S01008639,R S T U. Other,13,7,6
S01008639,Never worked,47,28,19
S01008640,All people aged 16 to 74 not in employment,230,104,126
S01008640,A B D E. Agriculture energy and water,2,0,2
S01008640,C. Manufacturing,8,6,2
S01008640,F. Construction,4,3,1
S01008640,G I. Distribution hotels and restaurants,30,7,23
S01008640,H J. Transport and communication,37,17,20
S01008640,K L M N. Financial real estate professional and administrative activities,38,18,20
S01008640,O P Q. Public administration education and health,40,14,26
S01008640,R S T U. Other,14,2,12
S01008640,Never worked,57,37,20
S01008641,All people aged 16 to 74 not in employment,318,136,182
S01008641,A B D E. Agriculture energy and water,8,8,0
S01008641,C. Manufacturing,9,7,2
S01008641,F. Construction,6,5,1
S01008641,G I. Distribution hotels and restaurants,56,25,31
S01008641,H J. Transport and communication,75,21,54
S01008641,K L M N. Financial real estate professional and administrative activities,48,21,27
S01008641,O P Q. Public administration education and health,54,17,37
S01008641,R S T U. Other,23,10,13
S01008641,Never worked,39,22,17
S01008642,All people aged 16 to 74 not in employment,251,125,126
S01008642,A B D E. Agriculture energy and water,4,4,0
S01008642,C. Manufacturing,6,4,2
S01008642,F. Construction,7,7,0
S01008642,G I. Distribution hotels and restaurants,35,16,19
S01008642,H J. Transport and communication,32,17,15
S01008642,K L M N. Financial real estate professional and administrative activities,49,23,26
S01008642,O P Q. Public administration education and health,64,20,44
S01008642,R S T U. Other,16,7,9
S01008642,Never worked,38,27,11
S01008643,All people aged 16 to 74 not in employment,152,63,89
S01008643,A B D E. Agriculture energy and water,3,1,2
S01008643,C. Manufacturing,7,4,3
S01008643,F. Construction,3,3,0
S01008643,G I. Distribution hotels and restaurants,18,8,10
S01008643,H J. Transport and communication,32,14,18
S01008643,K L M N. Financial real estate professional and administrative activities,21,10,11
S01008643,O P Q. Public administration education and health,37,6,31
S01008643,R S T U. Other,5,3,2
S01008643,Never worked,26,14,12
S01008644,All people aged 16 to 74 not in employment,229,130,99
S01008644,A B D E. Agriculture energy and water,0,0,0
S01008644,C. Manufacturing,5,3,2
S01008644,F. Construction,6,3,3
S01008644,G I. Distribution hotels and restaurants,30,19,11
S01008644,H J. Transport and communication,56,33,23
S01008644,K L M N. Financial real estate professional and administrative activities,24,13,11
S01008644,O P Q. Public administration education and health,39,14,25
S01008644,R S T U. Other,19,11,8
S01008644,Never worked,50,34,16
S01008645,All people aged 16 to 74 not in employment,230,102,128
S01008645,A B D E. Agriculture energy and water,4,4,0
S01008645,C. Manufacturing,8,4,4
S01008645,F. Construction,7,6,1
S01008645,G I. Distribution hotels and restaurants,35,14,21
S01008645,H J. Transport and communication,38,16,22
S01008645,K L M N. Financial real estate professional and administrative activities,25,14,11
S01008645,O P Q. Public administration education and health,34,12,22
S01008645,R S T U. Other,15,9,6
S01008645,Never worked,64,23,41
S01008646,All people aged 16 to 74 not in employment,182,94,88
S01008646,A B D E. Agriculture energy and water,3,1,2
S01008646,C. Manufacturing,4,4,0
S01008646,F. Construction,7,6,1
S01008646,G I. Distribution hotels and restaurants,23,18,5
S01008646,H J. Transport and communication,26,18,8
S01008646,K L M N. Financial real estate professional and administrative activities,30,12,18
S01008646,O P Q. Public administration education and health,43,12,31
S01008646,R S T U. Other,17,8,9
S01008646,Never worked,29,15,14
S01008647,All people aged 16 to 74 not in employment,115,68,47
S01008647,A B D E. Agriculture energy and water,1,1,0
S01008647,C. Manufacturing,2,2,0
S01008647,F. Construction,8,7,1
S01008647,G I. Distribution hotels and restaurants,11,6,5
S01008647,H J. Transport and communication,19,13,6
S01008647,K L M N. Financial real estate professional and administrative activities,12,8,4
S01008647,O P Q. Public administration education and health,17,5,12
S01008647,R S T U. Other,13,6,7
S01008647,Never worked,32,20,12
S01008648,All people aged 16 to 74 not in employment,153,84,69
S01008648,A B D E. Agriculture energy and water,3,3,0
S01008648,C. Manufacturing,7,2,5
S01008648,F. Construction,3,2,1
S01008648,G I. Distribution hotels and restaurants,39,23,16
S01008648,H J. Transport and communication,26,12,14
S01008648,K L M N. Financial real estate professional and administrative activities,21,10,11
S01008648,O P Q. Public administration education and health,27,11,16
S01008648,R S T U. Other,6,6,0
S01008648,Never worked,21,15,6
S01008649,All people aged 16 to 74 not in employment,211,107,104
S01008649,A B D E. Agriculture energy and water,3,0,3
S01008649,C. Manufacturing,11,7,4
S01008649,F. Construction,4,3,1
S01008649,G I. Distribution hotels and restaurants,43,30,13
S01008649,H J. Transport and communication,22,13,9
S01008649,K L M N. Financial real estate professional and administrative activities,31,19,12
S01008649,O P Q. Public administration education and health,44,18,26
S01008649,R S T U. Other,7,3,4
S01008649,Never worked,46,14,32
S01008650,All people aged 16 to 74 not in employment,179,86,93
S01008650,A B D E. Agriculture energy and water,3,2,1
S01008650,C. Manufacturing,3,2,1
S01008650,F. Construction,3,2,1
S01008650,G I. Distribution hotels and restaurants,29,17,12
S01008650,H J. Transport and communication,27,17,10
S01008650,K L M N. Financial real estate professional and administrative activities,25,12,13
S01008650,O P Q. Public administration education and health,39,13,26
S01008650,R S T U. Other,11,5,6
S01008650,Never worked,39,16,23
S01008651,All people aged 16 to 74 not in employment,422,248,174
S01008651,A B D E. Agriculture energy and water,5,4,1
S01008651,C. Manufacturing,15,11,4
S01008651,F. Construction,11,11,0
S01008651,G I. Distribution hotels and restaurants,66,35,31
S01008651,H J. Transport and communication,86,51,35
S01008651,K L M N. Financial real estate professional and administrative activities,48,27,21
S01008651,O P Q. Public administration education and health,42,19,23
S01008651,R S T U. Other,24,12,12
S01008651,Never worked,125,78,47
S01008652,All people aged 16 to 74 not in employment,158,87,71
S01008652,A B D E. Agriculture energy and water,0,0,0
S01008652,C. Manufacturing,5,3,2
S01008652,F. Construction,8,8,0
S01008652,G I. Distribution hotels and restaurants,30,21,9
S01008652,H J. Transport and communication,23,12,11
S01008652,K L M N. Financial real estate professional and administrative activities,26,16,10
S01008652,O P Q. Public administration education and health,27,11,16
S01008652,R S T U. Other,6,4,2
S01008652,Never worked,33,12,21
S01008653,All people aged 16 to 74 not in employment,228,150,78
S01008653,A B D E. Agriculture energy and water,3,3,0
S01008653,C. Manufacturing,17,14,3
S01008653,F. Construction,14,11,3
S01008653,G I. Distribution hotels and restaurants,30,20,10
S01008653,H J. Transport and communication,30,21,9
S01008653,K L M N. Financial real estate professional and administrative activities,26,14,12
S01008653,O P Q. Public administration education and health,24,8,16
S01008653,R S T U. Other,5,4,1
S01008653,Never worked,79,55,24
S01008654,All people aged 16 to 74 not in employment,281,176,105
S01008654,A B D E. Agriculture energy and water,7,7,0
S01008654,C. Manufacturing,17,11,6
S01008654,F. Construction,9,9,0
S01008654,G I. Distribution hotels and restaurants,40,26,14
S01008654,H J. Transport and communication,54,25,29
S01008654,K L M N. Financial real estate professional and administrative activities,39,26,13
S01008654,O P Q. Public administration education and health,39,18,21
S01008654,R S T U. Other,12,6,6
S01008654,Never worked,64,48,16
S01008655,All people aged 16 to 74 not in employment,218,122,96
S01008655,A B D E. Agriculture energy and water,3,3,0
S01008655,C. Manufacturing,9,5,4
S01008655,F. Construction,11,9,2
S01008655,G I. Distribution hotels and restaurants,36,19,17
S01008655,H J. Transport and communication,28,14,14
S01008655,K L M N. Financial real estate professional and administrative activities,23,13,10
S01008655,O P Q. Public administration education and health,32,12,20
S01008655,R S T U. Other,15,10,5
S01008655,Never worked,61,37,24
S01008656,All people aged 16 to 74 not in employment,209,120,89
S01008656,A B D E. Agriculture energy and water,4,1,3
S01008656,C. Manufacturing,7,5,2
S01008656,F. Construction,12,11,1
S01008656,G I. Distribution hotels and restaurants,36,22,14
S01008656,H J. Transport and communication,31,16,15
S01008656,K L M N. Financial real estate professional and administrative activities,27,16,11
S01008656,O P Q. Public administration education and health,37,16,21
S01008656,R S T U. Other,6,3,3
S01008656,Never worked,49,30,19
S01008657,All people aged 16 to 74 not in employment,256,124,132
S01008657,A B D E. Agriculture energy and water,5,3,2
S01008657,C. Manufacturing,10,7,3
S01008657,F. Construction,28,28,0
S01008657,G I. Distribution hotels and restaurants,30,17,13
S01008657,H J. Transport and communication,36,15,21
S01008657,K L M N. Financial real estate professional and administrative activities,28,19,9
S01008657,O P Q. Public administration education and health,45,9,36
S01008657,R S T U. Other,16,6,10
S01008657,Never worked,58,20,38
S01008658,All people aged 16 to 74 not in employment,462,244,218
S01008658,A B D E. Agriculture energy and water,5,4,1
S01008658,C. Manufacturing,17,7,10
S01008658,F. Construction,21,18,3
S01008658,G I. Distribution hotels and restaurants,79,30,49
S01008658,H J. Transport and communication,88,54,34
S01008658,K L M N. Financial real estate professional and administrative activities,57,32,25
S01008658,O P Q. Public administration education and health,69,35,34
S01008658,R S T U. Other,21,13,8
S01008658,Never worked,105,51,54
S01008659,All people aged 16 to 74 not in employment,315,179,136
S01008659,A B D E. Agriculture energy and water,2,1,1
S01008659,C. Manufacturing,8,8,0
S01008659,F. Construction,13,12,1
S01008659,G I. Distribution hotels and restaurants,60,32,28
S01008659,H J. Transport and communication,55,30,25
S01008659,K L M N. Financial real estate professional and administrative activities,38,22,16
S01008659,O P Q. Public administration education and health,44,20,24
S01008659,R S T U. Other,19,12,7
S01008659,Never worked,76,42,34
S01008660,All people aged 16 to 74 not in employment,359,191,168
S01008660,A B D E. Agriculture energy and water,5,4,1
S01008660,C. Manufacturing,11,8,3
S01008660,F. Construction,10,10,0
S01008660,G I. Distribution hotels and restaurants,39,21,18
S01008660,H J. Transport and communication,86,51,35
S01008660,K L M N. Financial real estate professional and administrative activities,47,22,25
S01008660,O P Q. Public administration education and health,64,24,40
S01008660,R S T U. Other,23,13,10
S01008660,Never worked,74,38,36
S01008661,All people aged 16 to 74 not in employment,456,187,269
S01008661,A B D E. Agriculture energy and water,5,5,0
S01008661,C. Manufacturing,8,4,4
S01008661,F. Construction,9,8,1
S01008661,G I. Distribution hotels and restaurants,83,27,56
S01008661,H J. Transport and communication,65,28,37
S01008661,K L M N. Financial real estate professional and administrative activities,47,20,27
S01008661,O P Q. Public administration education and health,72,24,48
S01008661,R S T U. Other,16,10,6
S01008661,Never worked,151,61,90
S01008662,All people aged 16 to 74 not in employment,385,201,184
S01008662,A B D E. Agriculture energy and water,3,3,0
S01008662,C. Manufacturing,8,8,0
S01008662,F. Construction,8,7,1
S01008662,G I. Distribution hotels and restaurants,88,48,40
S01008662,H J. Transport and communication,73,32,41
S01008662,K L M N. Financial real estate professional and administrative activities,40,15,25
S01008662,O P Q. Public administration education and health,37,18,19
S01008662,R S T U. Other,26,12,14
S01008662,Never worked,102,58,44
S01008663,All people aged 16 to 74 not in employment,354,176,178
S01008663,A B D E. Agriculture energy and water,5,4,1
S01008663,C. Manufacturing,6,4,2
S01008663,F. Construction,19,18,1
S01008663,G I. Distribution hotels and restaurants,46,27,19
S01008663,H J. Transport and communication,62,29,33
S01008663,K L M N. Financial real estate professional and administrative activities,46,26,20
S01008663,O P Q. Public administration education and health,63,22,41
S01008663,R S T U. Other,20,10,10
S01008663,Never worked,87,36,51
S01008664,All people aged 16 to 74 not in employment,219,113,106
S01008664,A B D E. Agriculture energy and water,4,3,1
S01008664,C. Manufacturing,9,5,4
S01008664,F. Construction,11,10,1
S01008664,G I. Distribution hotels and restaurants,33,18,15
S01008664,H J. Transport and communication,52,31,21
S01008664,K L M N. Financial real estate professional and administrative activities,31,19,12
S01008664,O P Q. Public administration education and health,36,8,28
S01008664,R S T U. Other,14,8,6
S01008664,Never worked,29,11,18
S01008665,All people aged 16 to 74 not in employment,484,257,227
S01008665,A B D E. Agriculture energy and water,6,6,0
S01008665,C. Manufacturing,9,5,4
S01008665,F. Construction,16,16,0
S01008665,G I. Distribution hotels and restaurants,82,38,44
S01008665,H J. Transport and communication,112,59,53
S01008665,K L M N. Financial real estate professional and administrative activities,43,17,26
S01008665,O P Q. Public administration education and health,67,30,37
S01008665,R S T U. Other,25,8,17
S01008665,Never worked,124,78,46
S01008666,All people aged 16 to 74 not in employment,490,232,258
S01008666,A B D E. Agriculture energy and water,4,2,2
S01008666,C. Manufacturing,13,7,6
S01008666,F. Construction,7,7,0
S01008666,G I. Distribution hotels and restaurants,64,29,35
S01008666,H J. Transport and communication,102,46,56
S01008666,K L M N. Financial real estate professional and administrative activities,52,29,23
S01008666,O P Q. Public administration education and health,83,23,60
S01008666,R S T U. Other,25,15,10
S01008666,Never worked,140,74,66
S01008667,All people aged 16 to 74 not in employment,534,226,308
S01008667,A B D E. Agriculture energy and water,5,3,2
S01008667,C. Manufacturing,12,5,7
S01008667,F. Construction,14,10,4
S01008667,G I. Distribution hotels and restaurants,87,39,48
S01008667,H J. Transport and communication,64,27,37
S01008667,K L M N. Financial real estate professional and administrative activities,67,37,30
S01008667,O P Q. Public administration education and health,94,39,55
S01008667,R S T U. Other,28,9,19
S01008667,Never worked,163,57,106
S01008668,All people aged 16 to 74 not in employment,288,129,159
S01008668,A B D E. Agriculture energy and water,4,3,1
S01008668,C. Manufacturing,5,4,1
S01008668,F. Construction,6,6,0
S01008668,G I. Distribution hotels and restaurants,36,16,20
S01008668,H J. Transport and communication,64,26,38
S01008668,K L M N. Financial real estate professional and administrative activities,30,9,21
S01008668,O P Q. Public administration education and health,50,15,35
S01008668,R S T U. Other,10,4,6
S01008668,Never worked,83,46,37
S01008669,All people aged 16 to 74 not in employment,364,158,206
S01008669,A B D E. Agriculture energy and water,3,1,2
S01008669,C. Manufacturing,8,5,3
S01008669,F. Construction,7,6,1
S01008669,G I. Distribution hotels and restaurants,71,32,39
S01008669,H J. Transport and communication,87,28,59
S01008669,K L M N. Financial real estate professional and administrative activities,29,13,16
S01008669,O P Q. Public administration education and health,51,17,34
S01008669,R S T U. Other,19,8,11
S01008669,Never worked,89,48,41
S01008670,All people aged 16 to 74 not in employment,526,246,280
S01008670,A B D E. Agriculture energy and water,6,2,4
S01008670,C. Manufacturing,9,6,3
S01008670,F. Construction,8,7,1
S01008670,G I. Distribution hotels and restaurants,71,37,34
S01008670,H J. Transport and communication,103,41,62
S01008670,K L M N. Financial real estate professional and administrative activities,54,25,29
S01008670,O P Q. Public administration education and health,83,35,48
S01008670,R S T U. Other,41,22,19
S01008670,Never worked,151,71,80
S01008671,All people aged 16 to 74 not in employment,430,222,208
S01008671,A B D E. Agriculture energy and water,8,7,1
S01008671,C. Manufacturing,13,10,3
S01008671,F. Construction,5,4,1
S01008671,G I. Distribution hotels and restaurants,56,25,31
S01008671,H J. Transport and communication,83,48,35
S01008671,K L M N. Financial real estate professional and administrative activities,61,28,33
S01008671,O P Q. Public administration education and health,66,22,44
S01008671,R S T U. Other,28,15,13
S01008671,Never worked,110,63,47
S01008672,All people aged 16 to 74 not in employment,339,138,201
S01008672,A B D E. Agriculture energy and water,5,5,0
S01008672,C. Manufacturing,7,2,5
S01008672,F. Construction,9,4,5
S01008672,G I. Distribution hotels and restaurants,32,11,21
S01008672,H J. Transport and communication,48,19,29
S01008672,K L M N. Financial real estate professional and administrative activities,46,31,15
S01008672,O P Q. Public administration education and health,59,9,50
S01008672,R S T U. Other,17,8,9
S01008672,Never worked,116,49,67
S01008673,All people aged 16 to 74 not in employment,546,261,285
S01008673,A B D E. Agriculture energy and water,11,7,4
S01008673,C. Manufacturing,13,6,7
S01008673,F. Construction,12,10,2
S01008673,G I. Distribution hotels and restaurants,64,44,20
S01008673,H J. Transport and communication,66,32,34
S01008673,K L M N. Financial real estate professional and administrative activities,63,30,33
S01008673,O P Q. Public administration education and health,88,34,54
S01008673,R S T U. Other,30,13,17
S01008673,Never worked,199,85,114
S01008674,All people aged 16 to 74 not in employment,522,270,252
S01008674,A B D E. Agriculture energy and water,7,3,4
S01008674,C. Manufacturing,12,5,7
S01008674,F. Construction,8,8,0
S01008674,G I. Distribution hotels and restaurants,43,20,23
S01008674,H J. Transport and communication,86,49,37
S01008674,K L M N. Financial real estate professional and administrative activities,78,42,36
S01008674,O P Q. Public administration education and health,77,25,52
S01008674,R S T U. Other,23,11,12
S01008674,Never worked,188,107,81
S01008675,All people aged 16 to 74 not in employment,288,141,147
S01008675,A B D E. Agriculture energy and water,2,2,0
S01008675,C. Manufacturing,5,4,1
S01008675,F. Construction,13,12,1
S01008675,G I. Distribution hotels and restaurants,31,13,18
S01008675,H J. Transport and communication,42,21,21
S01008675,K L M N. Financial real estate professional and administrative activities,48,21,27
S01008675,O P Q. Public administration education and health,68,31,37
S01008675,R S T U. Other,13,9,4
S01008675,Never worked,66,28,38
S01008676,All people aged 16 to 74 not in employment,286,136,150
S01008676,A B D E. Agriculture energy and water,3,1,2
S01008676,C. Manufacturing,11,6,5
S01008676,F. Construction,8,7,1
S01008676,G I. Distribution hotels and restaurants,35,15,20
S01008676,H J. Transport and communication,51,28,23
S01008676,K L M N. Financial real estate professional and administrative activities,48,21,27
S01008676,O P Q. Public administration education and health,43,8,35
S01008676,R S T U. Other,8,4,4
S01008676,Never worked,79,46,33
S01008677,All people aged 16 to 74 not in employment,330,175,155
S01008677,A B D E. Agriculture energy and water,6,1,5
S01008677,C. Manufacturing,3,2,1
S01008677,F. Construction,7,5,2
S01008677,G I. Distribution hotels and restaurants,30,11,19
S01008677,H J. Transport and communication,52,32,20
S01008677,K L M N. Financial real estate professional and administrative activities,29,15,14
S01008677,O P Q. Public administration education and health,58,30,28
S01008677,R S T U. Other,26,10,16
S01008677,Never worked,119,69,50
S01008678,All people aged 16 to 74 not in employment,764,321,443
S01008678,A B D E. Agriculture energy and water,5,1,4
S01008678,C. Manufacturing,21,12,9
S01008678,F. Construction,19,18,1
S01008678,G I. Distribution hotels and restaurants,93,38,55
S01008678,H J. Transport and communication,116,50,66
S01008678,K L M N. Financial real estate professional and administrative activities,81,33,48
S01008678,O P Q. Public administration education and health,115,34,81
S01008678,R S T U. Other,49,23,26
S01008678,Never worked,265,112,153
S01008679,All people aged 16 to 74 not in employment,677,331,346
S01008679,A B D E. Agriculture energy and water,6,2,4
S01008679,C. Manufacturing,15,8,7
S01008679,F. Construction,14,13,1
S01008679,G I. Distribution hotels and restaurants,101,57,44
S01008679,H J. Transport and communication,91,51,40
S01008679,K L M N. Financial real estate professional and administrative activities,59,32,27
S01008679,O P Q. Public administration education and health,106,41,65
S01008679,R S T U. Other,42,24,18
S01008679,Never worked,243,103,140
S01008680,All people aged 16 to 74 not in employment,333,167,166
S01008680,A B D E. Agriculture energy and water,1,0,1
S01008680,C. Manufacturing,9,6,3
S01008680,F. Construction,8,7,1
S01008680,G I. Distribution hotels and restaurants,36,17,19
S01008680,H J. Transport and communication,64,34,30
S01008680,K L M N. Financial real estate professional and administrative activities,40,22,18
S01008680,O P Q. Public administration education and health,40,20,20
S01008680,R S T U. Other,16,8,8
S01008680,Never worked,119,53,66
S01008681,All people aged 16 to 74 not in employment,539,266,273
S01008681,A B D E. Agriculture energy and water,6,3,3
S01008681,C. Manufacturing,18,10,8
S01008681,F. Construction,19,18,1
S01008681,G I. Distribution hotels and restaurants,76,32,44
S01008681,H J. Transport and communication,74,35,39
S01008681,K L M N. Financial real estate professional and administrative activities,46,24,22
S01008681,O P Q. Public administration education and health,85,33,52
S01008681,R S T U. Other,26,12,14
S01008681,Never worked,189,99,90
S01008682,All people aged 16 to 74 not in employment,319,166,153
S01008682,A B D E. Agriculture energy and water,6,5,1
S01008682,C. Manufacturing,5,2,3
S01008682,F. Construction,6,6,0
S01008682,G I. Distribution hotels and restaurants,48,28,20
S01008682,H J. Transport and communication,51,23,28
S01008682,K L M N. Financial real estate professional and administrative activities,36,18,18
S01008682,O P Q. Public administration education and health,53,23,30
S01008682,R S T U. Other,13,7,6
S01008682,Never worked,101,54,47
S01008683,All people aged 16 to 74 not in employment,919,355,564
S01008683,A B D E. Agriculture energy and water,8,6,2
S01008683,C. Manufacturing,27,14,13
S01008683,F. Construction,19,19,0
S01008683,G I. Distribution hotels and restaurants,87,41,46
S01008683,H J. Transport and communication,110,57,53
S01008683,K L M N. Financial real estate professional and administrative activities,100,36,64
S01008683,O P Q. Public administration education and health,153,48,105
S01008683,R S T U. Other,39,15,24
S01008683,Never worked,376,119,257
S01008684,All people aged 16 to 74 not in employment,429,204,225
S01008684,A B D E. Agriculture energy and water,2,1,1
S01008684,C. Manufacturing,10,5,5
S01008684,F. Construction,25,23,2
S01008684,G I. Distribution hotels and restaurants,54,32,22
S01008684,H J. Transport and communication,64,29,35
S01008684,K L M N. Financial real estate professional and administrative activities,51,24,27
S01008684,O P Q. Public administration education and health,78,23,55
S01008684,R S T U. Other,18,10,8
S01008684,Never worked,127,57,70
S01008685,All people aged 16 to 74 not in employment,481,261,220
S01008685,A B D E. Agriculture energy and water,3,3,0
S01008685,C. Manufacturing,17,12,5
S01008685,F. Construction,24,23,1
S01008685,G I. Distribution hotels and restaurants,84,43,41
S01008685,H J. Transport and communication,74,34,40
S01008685,K L M N. Financial real estate professional and administrative activities,58,38,20
S01008685,O P Q. Public administration education and health,93,42,51
S01008685,R S T U. Other,28,11,17
S01008685,Never worked,100,55,45
S01008686,All people aged 16 to 74 not in employment,348,163,185
S01008686,A B D E. Agriculture energy and water,7,5,2
S01008686,C. Manufacturing,19,8,11
S01008686,F. Construction,20,18,2
S01008686,G I. Distribution hotels and restaurants,51,27,24
S01008686,H J. Transport and communication,45,23,22
S01008686,K L M N. Financial real estate professional and administrative activities,54,26,28
S01008686,O P Q. Public administration education and health,55,22,33
S01008686,R S T U. Other,22,9,13
S01008686,Never worked,75,25,50
S01008687,All people aged 16 to 74 not in employment,154,79,75
S01008687,A B D E. Agriculture energy and water,3,0,3
S01008687,C. Manufacturing,4,2,2
S01008687,F. Construction,7,7,0
S01008687,G I. Distribution hotels and restaurants,19,12,7
S01008687,H J. Transport and communication,19,9,10
S01008687,K L M N. Financial real estate professional and administrative activities,30,12,18
S01008687,O P Q. Public administration education and health,30,15,15
S01008687,R S T U. Other,12,8,4
S01008687,Never worked,30,14,16
S01008688,All people aged 16 to 74 not in employment,197,97,100
S01008688,A B D E. Agriculture energy and water,3,3,0
S01008688,C. Manufacturing,9,6,3
S01008688,F. Construction,10,10,0
S01008688,G I. Distribution hotels and restaurants,32,13,19
S01008688,H J. Transport and communication,29,10,19
S01008688,K L M N. Financial real estate professional and administrative activities,26,18,8
S01008688,O P Q. Public administration education and health,35,14,21
S01008688,R S T U. Other,6,2,4
S01008688,Never worked,47,21,26
S01008689,All people aged 16 to 74 not in employment,179,94,85
S01008689,A B D E. Agriculture energy and water,3,3,0
S01008689,C. Manufacturing,11,6,5
S01008689,F. Construction,15,13,2
S01008689,G I. Distribution hotels and restaurants,28,16,12
S01008689,H J. Transport and communication,23,10,13
S01008689,K L M N. Financial real estate professional and administrative activities,31,17,14
S01008689,O P Q. Public administration education and health,30,10,20
S01008689,R S T U. Other,15,5,10
S01008689,Never worked,23,14,9
S01008690,All people aged 16 to 74 not in employment,197,88,109
S01008690,A B D E. Agriculture energy and water,1,0,1
S01008690,C. Manufacturing,10,8,2
S01008690,F. Construction,5,5,0
S01008690,G I. Distribution hotels and restaurants,23,10,13
S01008690,H J. Transport and communication,34,18,16
S01008690,K L M N. Financial real estate professional and administrative activities,31,10,21
S01008690,O P Q. Public administration education and health,55,20,35
S01008690,R S T U. Other,13,5,8
S01008690,Never worked,25,12,13
S01008691,All people aged 16 to 74 not in employment,220,114,106
S01008691,A B D E. Agriculture energy and water,1,1,0
S01008691,C. Manufacturing,5,4,1
S01008691,F. Construction,15,15,0
S01008691,G I. Distribution hotels and restaurants,34,18,16
S01008691,H J. Transport and communication,23,9,14
S01008691,K L M N. Financial real estate professional and administrative activities,47,22,25
S01008691,O P Q. Public administration education and health,50,16,34
S01008691,R S T U. Other,14,9,5
S01008691,Never worked,31,20,11
S01008692,All people aged 16 to 74 not in employment,168,99,69
S01008692,A B D E. Agriculture energy and water,3,2,1
S01008692,C. Manufacturing,14,9,5
S01008692,F. Construction,7,5,2
S01008692,G I. Distribution hotels and restaurants,18,12,6
S01008692,H J. Transport and communication,26,16,10
S01008692,K L M N. Financial real estate professional and administrative activities,20,11,9
S01008692,O P Q. Public administration education and health,35,17,18
S01008692,R S T U. Other,11,7,4
S01008692,Never worked,34,20,14
S01008693,All people aged 16 to 74 not in employment,114,50,64
S01008693,A B D E. Agriculture energy and water,3,2,1
S01008693,C. Manufacturing,8,5,3
S01008693,F. Construction,9,8,1
S01008693,G I. Distribution hotels and restaurants,25,14,11
S01008693,H J. Transport and communication,10,3,7
S01008693,K L M N. Financial real estate professional and administrative activities,18,7,11
S01008693,O P Q. Public administration education and health,22,6,16
S01008693,R S T U. Other,6,1,5
S01008693,Never worked,13,4,9
S01008694,All people aged 16 to 74 not in employment,181,87,94
S01008694,A B D E. Agriculture energy and water,1,1,0
S01008694,C. Manufacturing,4,1,3
S01008694,F. Construction,9,8,1
S01008694,G I. Distribution hotels and restaurants,31,13,18
S01008694,H J. Transport and communication,26,15,11
S01008694,K L M N. Financial real estate professional and administrative activities,27,13,14
S01008694,O P Q. Public administration education and health,39,15,24
S01008694,R S T U. Other,12,5,7
S01008694,Never worked,32,16,16
S01008695,All people aged 16 to 74 not in employment,139,69,70
S01008695,A B D E. Agriculture energy and water,2,0,2
S01008695,C. Manufacturing,5,5,0
S01008695,F. Construction,4,3,1
S01008695,G I. Distribution hotels and restaurants,9,3,6
S01008695,H J. Transport and communication,17,8,9
S01008695,K L M N. Financial real estate professional and administrative activities,23,14,9
S01008695,O P Q. Public administration education and health,47,17,30
S01008695,R S T U. Other,6,4,2
S01008695,Never worked,26,15,11
S01008696,All people aged 16 to 74 not in employment,145,65,80
S01008696,A B D E. Agriculture energy and water,3,2,1
S01008696,C. Manufacturing,4,4,0
S01008696,F. Construction,5,4,1
S01008696,G I. Distribution hotels and restaurants,21,9,12
S01008696,H J. Transport and communication,8,3,5
S01008696,K L M N. Financial real estate professional and administrative activities,17,7,10
S01008696,O P Q. Public administration education and health,47,16,31
S01008696,R S T U. Other,10,3,7
S01008696,Never worked,30,17,13
S01008697,All people aged 16 to 74 not in employment,269,129,140
S01008697,A B D E. Agriculture energy and water,2,2,0
S01008697,C. Manufacturing,17,12,5
S01008697,F. Construction,13,13,0
S01008697,G I. Distribution hotels and restaurants,26,6,20
S01008697,H J. Transport and communication,23,12,11
S01008697,K L M N. Financial real estate professional and administrative activities,58,24,34
S01008697,O P Q. Public administration education and health,79,28,51
S01008697,R S T U. Other,12,4,8
S01008697,Never worked,39,28,11
S01008698,All people aged 16 to 74 not in employment,123,51,72
S01008698,A B D E. Agriculture energy and water,0,0,0
S01008698,C. Manufacturing,2,2,0
S01008698,F. Construction,0,0,0
S01008698,G I. Distribution hotels and restaurants,18,8,10
S01008698,H J. Transport and communication,10,5,5
S01008698,K L M N. Financial real estate professional and administrative activities,24,12,12
S01008698,O P Q. Public administration education and health,43,15,28
S01008698,R S T U. Other,7,2,5
S01008698,Never worked,19,7,12
S01008699,All people aged 16 to 74 not in employment,243,93,150
S01008699,A B D E. Agriculture energy and water,3,1,2
S01008699,C. Manufacturing,12,6,6
S01008699,F. Construction,14,14,0
S01008699,G I. Distribution hotels and restaurants,48,23,25
S01008699,H J. Transport and communication,30,8,22
S01008699,K L M N. Financial real estate professional and administrative activities,28,9,19
S01008699,O P Q. Public administration education and health,50,8,42
S01008699,R S T U. Other,10,5,5
S01008699,Never worked,48,19,29
S01008700,All people aged 16 to 74 not in employment,169,78,91
S01008700,A B D E. Agriculture energy and water,0,0,0
S01008700,C. Manufacturing,5,4,1
S01008700,F. Construction,8,7,1
S01008700,G I. Distribution hotels and restaurants,15,9,6
S01008700,H J. Transport and communication,19,8,11
S01008700,K L M N. Financial real estate professional and administrative activities,27,8,19
S01008700,O P Q. Public administration education and health,51,19,32
S01008700,R S T U. Other,12,7,5
S01008700,Never worked,32,16,16
S01008701,All people aged 16 to 74 not in employment,139,66,73
S01008701,A B D E. Agriculture energy and water,3,3,0
S01008701,C. Manufacturing,5,2,3
S01008701,F. Construction,13,13,0
S01008701,G I. Distribution hotels and restaurants,24,9,15
S01008701,H J. Transport and communication,25,12,13
S01008701,K L M N. Financial real estate professional and administrative activities,10,5,5
S01008701,O P Q. Public administration education and health,15,4,11
S01008701,R S T U. Other,3,0,3
S01008701,Never worked,41,18,23
S01008702,All people aged 16 to 74 not in employment,171,74,97
S01008702,A B D E. Agriculture energy and water,3,1,2
S01008702,C. Manufacturing,6,3,3
S01008702,F. Construction,7,7,0
S01008702,G I. Distribution hotels and restaurants,27,8,19
S01008702,H J. Transport and communication,21,11,10
S01008702,K L M N. Financial real estate professional and administrative activities,17,10,7
S01008702,O P Q. Public administration education and health,27,5,22
S01008702,R S T U. Other,13,5,8
S01008702,Never worked,50,24,26
S01008703,All people aged 16 to 74 not in employment,369,162,207
S01008703,A B D E. Agriculture energy and water,3,2,1
S01008703,C. Manufacturing,27,13,14
S01008703,F. Construction,28,28,0
S01008703,G I. Distribution hotels and restaurants,57,31,26
S01008703,H J. Transport and communication,24,4,20
S01008703,K L M N. Financial real estate professional and administrative activities,34,16,18
S01008703,O P Q. Public administration education and health,57,19,38
S01008703,R S T U. Other,14,5,9
S01008703,Never worked,125,44,81
S01008704,All people aged 16 to 74 not in employment,237,114,123
S01008704,A B D E. Agriculture energy and water,4,3,1
S01008704,C. Manufacturing,19,11,8
S01008704,F. Construction,13,11,2
S01008704,G I. Distribution hotels and restaurants,37,17,20
S01008704,H J. Transport and communication,30,12,18
S01008704,K L M N. Financial real estate professional and administrative activities,25,10,15
S01008704,O P Q. Public administration education and health,49,19,30
S01008704,R S T U. Other,5,3,2
S01008704,Never worked,55,28,27
S01008705,All people aged 16 to 74 not in employment,162,70,92
S01008705,A B D E. Agriculture energy and water,7,6,1
S01008705,C. Manufacturing,6,4,2
S01008705,F. Construction,11,11,0
S01008705,G I. Distribution hotels and restaurants,23,12,11
S01008705,H J. Transport and communication,14,2,12
S01008705,K L M N. Financial real estate professional and administrative activities,18,6,12
S01008705,O P Q. Public administration education and health,30,7,23
S01008705,R S T U. Other,7,2,5
S01008705,Never worked,46,20,26
S01008706,All people aged 16 to 74 not in employment,177,77,100
S01008706,A B D E. Agriculture energy and water,1,1,0
S01008706,C. Manufacturing,10,1,9
S01008706,F. Construction,16,15,1
S01008706,G I. Distribution hotels and restaurants,34,12,22
S01008706,H J. Transport and communication,26,11,15
S01008706,K L M N. Financial real estate professional and administrative activities,13,3,10
S01008706,O P Q. Public administration education and health,20,2,18
S01008706,R S T U. Other,6,4,2
S01008706,Never worked,51,28,23
S01008707,All people aged 16 to 74 not in employment,318,141,177
S01008707,A B D E. Agriculture energy and water,5,5,0
S01008707,C. Manufacturing,14,9,5
S01008707,F. Construction,19,15,4
S01008707,G I. Distribution hotels and restaurants,56,22,34
S01008707,H J. Transport and communication,28,8,20
S01008707,K L M N. Financial real estate professional and administrative activities,32,11,21
S01008707,O P Q. Public administration education and health,48,13,35
S01008707,R S T U. Other,13,3,10
S01008707,Never worked,103,55,48
S01008708,All people aged 16 to 74 not in employment,386,212,174
S01008708,A B D E. Agriculture energy and water,2,2,0
S01008708,C. Manufacturing,26,18,8
S01008708,F. Construction,29,28,1
S01008708,G I. Distribution hotels and restaurants,70,35,35
S01008708,H J. Transport and communication,49,26,23
S01008708,K L M N. Financial real estate professional and administrative activities,41,25,16
S01008708,O P Q. Public administration education and health,65,27,38
S01008708,R S T U. Other,21,11,10
S01008708,Never worked,83,40,43
S01008709,All people aged 16 to 74 not in employment,241,99,142
S01008709,A B D E. Agriculture energy and water,5,5,0
S01008709,C. Manufacturing,12,5,7
S01008709,F. Construction,15,14,1
S01008709,G I. Distribution hotels and restaurants,54,24,30
S01008709,H J. Transport and communication,21,6,15
S01008709,K L M N. Financial real estate professional and administrative activities,22,8,14
S01008709,O P Q. Public administration education and health,38,10,28
S01008709,R S T U. Other,12,1,11
S01008709,Never worked,62,26,36
S01008710,All people aged 16 to 74 not in employment,168,68,100
S01008710,A B D E. Agriculture energy and water,1,0,1
S01008710,C. Manufacturing,5,2,3
S01008710,F. Construction,10,9,1
S01008710,G I. Distribution hotels and restaurants,23,11,12
S01008710,H J. Transport and communication,23,7,16
S01008710,K L M N. Financial real estate professional and administrative activities,17,7,10
S01008710,O P Q. Public administration education and health,33,8,25
S01008710,R S T U. Other,3,2,1
S01008710,Never worked,53,22,31
S01008711,All people aged 16 to 74 not in employment,237,95,142
S01008711,A B D E. Agriculture energy and water,11,10,1
S01008711,C. Manufacturing,21,8,13
S01008711,F. Construction,19,19,0
S01008711,G I. Distribution hotels and restaurants,36,15,21
S01008711,H J. Transport and communication,20,6,14
S01008711,K L M N. Financial real estate professional and administrative activities,23,10,13
S01008711,O P Q. Public administration education and health,49,11,38
S01008711,R S T U. Other,11,2,9
S01008711,Never worked,47,14,33
S01008712,All people aged 16 to 74 not in employment,468,233,235
S01008712,A B D E. Agriculture energy and water,12,10,2
S01008712,C. Manufacturing,20,13,7
S01008712,F. Construction,38,35,3
S01008712,G I. Distribution hotels and restaurants,81,48,33
S01008712,H J. Transport and communication,54,20,34
S01008712,K L M N. Financial real estate professional and administrative activities,52,27,25
S01008712,O P Q. Public administration education and health,99,26,73
S01008712,R S T U. Other,23,9,14
S01008712,Never worked,89,45,44
S01008713,All people aged 16 to 74 not in employment,190,82,108
S01008713,A B D E. Agriculture energy and water,5,4,1
S01008713,C. Manufacturing,12,7,5
S01008713,F. Construction,11,10,1
S01008713,G I. Distribution hotels and restaurants,37,18,19
S01008713,H J. Transport and communication,17,10,7
S01008713,K L M N. Financial real estate professional and administrative activities,16,3,13
S01008713,O P Q. Public administration education and health,29,9,20
S01008713,R S T U. Other,16,4,12
S01008713,Never worked,47,17,30
S01008714,All people aged 16 to 74 not in employment,192,88,104
S01008714,A B D E. Agriculture energy and water,3,1,2
S01008714,C. Manufacturing,9,4,5
S01008714,F. Construction,16,15,1
S01008714,G I. Distribution hotels and restaurants,50,32,18
S01008714,H J. Transport and communication,22,7,15
S01008714,K L M N. Financial real estate professional and administrative activities,18,5,13
S01008714,O P Q. Public administration education and health,33,9,24
S01008714,R S T U. Other,9,3,6
S01008714,Never worked,32,12,20
S01008715,All people aged 16 to 74 not in employment,235,109,126
S01008715,A B D E. Agriculture energy and water,6,5,1
S01008715,C. Manufacturing,25,17,8
S01008715,F. Construction,14,14,0
S01008715,G I. Distribution hotels and restaurants,40,18,22
S01008715,H J. Transport and communication,17,9,8
S01008715,K L M N. Financial real estate professional and administrative activities,25,6,19
S01008715,O P Q. Public administration education and health,47,12,35
S01008715,R S T U. Other,12,3,9
S01008715,Never worked,49,25,24
S01008716,All people aged 16 to 74 not in employment,143,61,82
S01008716,A B D E. Agriculture energy and water,1,0,1
S01008716,C. Manufacturing,10,5,5
S01008716,F. Construction,18,18,0
S01008716,G I. Distribution hotels and restaurants,29,11,18
S01008716,H J. Transport and communication,14,8,6
S01008716,K L M N. Financial real estate professional and administrative activities,12,4,8
S01008716,O P Q. Public administration education and health,35,6,29
S01008716,R S T U. Other,4,3,1
S01008716,Never worked,20,6,14
S01008717,All people aged 16 to 74 not in employment,99,44,55
S01008717,A B D E. Agriculture energy and water,0,0,0
S01008717,C. Manufacturing,10,4,6
S01008717,F. Construction,5,5,0
S01008717,G I. Distribution hotels and restaurants,19,9,10
S01008717,H J. Transport and communication,7,3,4
S01008717,K L M N. Financial real estate professional and administrative activities,13,3,10
S01008717,O P Q. Public administration education and health,15,4,11
S01008717,R S T U. Other,6,1,5
S01008717,Never worked,24,15,9
S01008718,All people aged 16 to 74 not in employment,118,56,62
S01008718,A B D E. Agriculture energy and water,5,2,3
S01008718,C. Manufacturing,4,3,1
S01008718,F. Construction,13,13,0
S01008718,G I. Distribution hotels and restaurants,29,9,20
S01008718,H J. Transport and communication,10,3,7
S01008718,K L M N. Financial real estate professional and administrative activities,9,3,6
S01008718,O P Q. Public administration education and health,22,8,14
S01008718,R S T U. Other,6,3,3
S01008718,Never worked,20,12,8
S01008719,All people aged 16 to 74 not in employment,250,95,155
S01008719,A B D E. Agriculture energy and water,6,3,3
S01008719,C. Manufacturing,15,10,5
S01008719,F. Construction,14,14,0
S01008719,G I. Distribution hotels and restaurants,60,25,35
S01008719,H J. Transport and communication,23,6,17
S01008719,K L M N. Financial real estate professional and administrative activities,22,7,15
S01008719,O P Q. Public administration education and health,43,8,35
S01008719,R S T U. Other,5,1,4
S01008719,Never worked,62,21,41
S01008720,All people aged 16 to 74 not in employment,162,72,90
S01008720,A B D E. Agriculture energy and water,2,0,2
S01008720,C. Manufacturing,9,5,4
S01008720,F. Construction,6,6,0
S01008720,G I. Distribution hotels and restaurants,33,17,16
S01008720,H J. Transport and communication,19,6,13
S01008720,K L M N. Financial real estate professional and administrative activities,24,11,13
S01008720,O P Q. Public administration education and health,42,14,28
S01008720,R S T U. Other,6,5,1
S01008720,Never worked,21,8,13
S01008721,All people aged 16 to 74 not in employment,127,61,66
S01008721,A B D E. Agriculture energy and water,2,2,0
S01008721,C. Manufacturing,7,4,3
S01008721,F. Construction,4,4,0
S01008721,G I. Distribution hotels and restaurants,27,14,13
S01008721,H J. Transport and communication,9,3,6
S01008721,K L M N. Financial real estate professional and administrative activities,17,4,13
S01008721,O P Q. Public administration education and health,25,12,13
S01008721,R S T U. Other,7,2,5
S01008721,Never worked,29,16,13
S01008722,All people aged 16 to 74 not in employment,304,141,163
S01008722,A B D E. Agriculture energy and water,6,2,4
S01008722,C. Manufacturing,14,11,3
S01008722,F. Construction,18,15,3
S01008722,G I. Distribution hotels and restaurants,56,28,28
S01008722,H J. Transport and communication,20,13,7
S01008722,K L M N. Financial real estate professional and administrative activities,48,19,29
S01008722,O P Q. Public administration education and health,90,27,63
S01008722,R S T U. Other,12,4,8
S01008722,Never worked,40,22,18
S01008723,All people aged 16 to 74 not in employment,157,76,81
S01008723,A B D E. Agriculture energy and water,1,1,0
S01008723,C. Manufacturing,8,5,3
S01008723,F. Construction,3,2,1
S01008723,G I. Distribution hotels and restaurants,19,11,8
S01008723,H J. Transport and communication,15,6,9
S01008723,K L M N. Financial real estate professional and administrative activities,25,11,14
S01008723,O P Q. Public administration education and health,43,16,27
S01008723,R S T U. Other,4,2,2
S01008723,Never worked,39,22,17
S01008724,All people aged 16 to 74 not in employment,208,86,122
S01008724,A B D E. Agriculture energy and water,4,4,0
S01008724,C. Manufacturing,8,7,1
S01008724,F. Construction,8,5,3
S01008724,G I. Distribution hotels and restaurants,33,16,17
S01008724,H J. Transport and communication,12,4,8
S01008724,K L M N. Financial real estate professional and administrative activities,27,10,17
S01008724,O P Q. Public administration education and health,81,25,56
S01008724,R S T U. Other,4,0,4
S01008724,Never worked,31,15,16
S01008725,All people aged 16 to 74 not in employment,169,74,95
S01008725,A B D E. Agriculture energy and water,3,1,2
S01008725,C. Manufacturing,8,4,4
S01008725,F. Construction,10,9,1
S01008725,G I. Distribution hotels and restaurants,23,10,13
S01008725,H J. Transport and communication,11,8,3
S01008725,K L M N. Financial real estate professional and administrative activities,25,8,17
S01008725,O P Q. Public administration education and health,62,21,41
S01008725,R S T U. Other,4,1,3
S01008725,Never worked,23,12,11
S01008726,All people aged 16 to 74 not in employment,110,41,69
S01008726,A B D E. Agriculture energy and water,1,1,0
S01008726,C. Manufacturing,4,2,2
S01008726,F. Construction,3,3,0
S01008726,G I. Distribution hotels and restaurants,13,5,8
S01008726,H J. Transport and communication,8,2,6
S01008726,K L M N. Financial real estate professional and administrative activities,21,8,13
S01008726,O P Q. Public administration education and health,47,13,34
S01008726,R S T U. Other,2,1,1
S01008726,Never worked,11,6,5
S01008727,All people aged 16 to 74 not in employment,264,106,158
S01008727,A B D E. Agriculture energy and water,4,3,1
S01008727,C. Manufacturing,10,3,7
S01008727,F. Construction,11,9,2
S01008727,G I. Distribution hotels and restaurants,34,17,17
S01008727,H J. Transport and communication,25,13,12
S01008727,K L M N. Financial real estate professional and administrative activities,29,12,17
S01008727,O P Q. Public administration education and health,102,28,74
S01008727,R S T U. Other,12,3,9
S01008727,Never worked,37,18,19
S01008728,All people aged 16 to 74 not in employment,133,52,81
S01008728,A B D E. Agriculture energy and water,2,1,1
S01008728,C. Manufacturing,3,2,1
S01008728,F. Construction,5,4,1
S01008728,G I. Distribution hotels and restaurants,22,7,15
S01008728,H J. Transport and communication,15,4,11
S01008728,K L M N. Financial real estate professional and administrative activities,12,6,6
S01008728,O P Q. Public administration education and health,37,9,28
S01008728,R S T U. Other,8,2,6
S01008728,Never worked,29,17,12
S01008729,All people aged 16 to 74 not in employment,155,64,91
S01008729,A B D E. Agriculture energy and water,4,4,0
S01008729,C. Manufacturing,4,3,1
S01008729,F. Construction,7,5,2
S01008729,G I. Distribution hotels and restaurants,24,9,15
S01008729,H J. Transport and communication,10,4,6
S01008729,K L M N. Financial real estate professional and administrative activities,25,11,14
S01008729,O P Q. Public administration education and health,45,13,32
S01008729,R S T U. Other,5,2,3
S01008729,Never worked,31,13,18
S01008730,All people aged 16 to 74 not in employment,173,79,94
S01008730,A B D E. Agriculture energy and water,6,5,1
S01008730,C. Manufacturing,2,1,1
S01008730,F. Construction,11,11,0
S01008730,G I. Distribution hotels and restaurants,25,14,11
S01008730,H J. Transport and communication,21,5,16
S01008730,K L M N. Financial real estate professional and administrative activities,16,7,9
S01008730,O P Q. Public administration education and health,43,12,31
S01008730,R S T U. Other,12,6,6
S01008730,Never worked,37,18,19
S01008731,All people aged 16 to 74 not in employment,144,69,75
S01008731,A B D E. Agriculture energy and water,6,6,0
S01008731,C. Manufacturing,6,4,2
S01008731,F. Construction,10,9,1
S01008731,G I. Distribution hotels and restaurants,24,11,13
S01008731,H J. Transport and communication,14,8,6
S01008731,K L M N. Financial real estate professional and administrative activities,13,4,9
S01008731,O P Q. Public administration education and health,34,7,27
S01008731,R S T U. Other,11,6,5
S01008731,Never worked,26,14,12
S01008732,All people aged 16 to 74 not in employment,183,81,102
S01008732,A B D E. Agriculture energy and water,5,4,1
S01008732,C. Manufacturing,8,5,3
S01008732,F. Construction,18,14,4
S01008732,G I. Distribution hotels and restaurants,36,18,18
S01008732,H J. Transport and communication,24,11,13
S01008732,K L M N. Financial real estate professional and administrative activities,19,9,10
S01008732,O P Q. Public administration education and health,32,4,28
S01008732,R S T U. Other,9,3,6
S01008732,Never worked,32,13,19
S01008733,All people aged 16 to 74 not in employment,156,67,89
S01008733,A B D E. Agriculture energy and water,4,3,1
S01008733,C. Manufacturing,11,7,4
S01008733,F. Construction,9,8,1
S01008733,G I. Distribution hotels and restaurants,38,18,20
S01008733,H J. Transport and communication,17,6,11
S01008733,K L M N. Financial real estate professional and administrative activities,19,12,7
S01008733,O P Q. Public administration education and health,42,9,33
S01008733,R S T U. Other,6,1,5
S01008733,Never worked,10,3,7
S01008734,All people aged 16 to 74 not in employment,138,58,80
S01008734,A B D E. Agriculture energy and water,7,5,2
S01008734,C. Manufacturing,4,3,1
S01008734,F. Construction,11,9,2
S01008734,G I. Distribution hotels and restaurants,22,6,16
S01008734,H J. Transport and communication,11,4,7
S01008734,K L M N. Financial real estate professional and administrative activities,17,7,10
S01008734,O P Q. Public administration education and health,35,12,23
S01008734,R S T U. Other,7,1,6
S01008734,Never worked,24,11,13
S01008735,All people aged 16 to 74 not in employment,264,113,151
S01008735,A B D E. Agriculture energy and water,6,5,1
S01008735,C. Manufacturing,12,9,3
S01008735,F. Construction,10,7,3
S01008735,G I. Distribution hotels and restaurants,39,19,20
S01008735,H J. Transport and communication,18,11,7
S01008735,K L M N. Financial real estate professional and administrative activities,53,20,33
S01008735,O P Q. Public administration education and health,84,22,62
S01008735,R S T U. Other,6,2,4
S01008735,Never worked,36,18,18
S01008736,All people aged 16 to 74 not in employment,184,82,102
S01008736,A B D E. Agriculture energy and water,7,6,1
S01008736,C. Manufacturing,11,8,3
S01008736,F. Construction,9,8,1
S01008736,G I. Distribution hotels and restaurants,29,11,18
S01008736,H J. Transport and communication,17,8,9
S01008736,K L M N. Financial real estate professional and administrative activities,27,12,15
S01008736,O P Q. Public administration education and health,40,8,32
S01008736,R S T U. Other,6,3,3
S01008736,Never worked,38,18,20
S01008737,All people aged 16 to 74 not in employment,187,76,111
S01008737,A B D E. Agriculture energy and water,3,3,0
S01008737,C. Manufacturing,12,6,6
S01008737,F. Construction,9,7,2
S01008737,G I. Distribution hotels and restaurants,33,16,17
S01008737,H J. Transport and communication,12,4,8
S01008737,K L M N. Financial real estate professional and administrative activities,30,13,17
S01008737,O P Q. Public administration education and health,59,15,44
S01008737,R S T U. Other,6,1,5
S01008737,Never worked,23,11,12
S01008738,All people aged 16 to 74 not in employment,207,90,117
S01008738,A B D E. Agriculture energy and water,8,8,0
S01008738,C. Manufacturing,12,9,3
S01008738,F. Construction,9,8,1
S01008738,G I. Distribution hotels and restaurants,37,17,20
S01008738,H J. Transport and communication,13,5,8
S01008738,K L M N. Financial real estate professional and administrative activities,36,12,24
S01008738,O P Q. Public administration education and health,56,15,41
S01008738,R S T U. Other,5,3,2
S01008738,Never worked,31,13,18
S01008739,All people aged 16 to 74 not in employment,139,60,79
S01008739,A B D E. Agriculture energy and water,1,1,0
S01008739,C. Manufacturing,7,4,3
S01008739,F. Construction,11,10,1
S01008739,G I. Distribution hotels and restaurants,32,13,19
S01008739,H J. Transport and communication,14,5,9
S01008739,K L M N. Financial real estate professional and administrative activities,19,5,14
S01008739,O P Q. Public administration education and health,30,8,22
S01008739,R S T U. Other,5,3,2
S01008739,Never worked,20,11,9
S01008740,All people aged 16 to 74 not in employment,153,68,85
S01008740,A B D E. Agriculture energy and water,5,4,1
S01008740,C. Manufacturing,12,8,4
S01008740,F. Construction,10,9,1
S01008740,G I. Distribution hotels and restaurants,19,6,13
S01008740,H J. Transport and communication,13,8,5
S01008740,K L M N. Financial real estate professional and administrative activities,24,13,11
S01008740,O P Q. Public administration education and health,38,8,30
S01008740,R S T U. Other,11,2,9
S01008740,Never worked,21,10,11
S01008741,All people aged 16 to 74 not in employment,231,101,130
S01008741,A B D E. Agriculture energy and water,3,1,2
S01008741,C. Manufacturing,13,7,6
S01008741,F. Construction,18,14,4
S01008741,G I. Distribution hotels and restaurants,54,23,31
S01008741,H J. Transport and communication,11,6,5
S01008741,K L M N. Financial real estate professional and administrative activities,38,13,25
S01008741,O P Q. Public administration education and health,54,18,36
S01008741,R S T U. Other,12,2,10
S01008741,Never worked,28,17,11
S01008742,All people aged 16 to 74 not in employment,120,52,68
S01008742,A B D E. Agriculture energy and water,3,0,3
S01008742,C. Manufacturing,8,8,0
S01008742,F. Construction,7,6,1
S01008742,G I. Distribution hotels and restaurants,16,9,7
S01008742,H J. Transport and communication,9,5,4
S01008742,K L M N. Financial real estate professional and administrative activities,16,7,9
S01008742,O P Q. Public administration education and health,40,9,31
S01008742,R S T U. Other,4,2,2
S01008742,Never worked,17,6,11
S01008743,All people aged 16 to 74 not in employment,267,114,153
S01008743,A B D E. Agriculture energy and water,5,3,2
S01008743,C. Manufacturing,20,10,10
S01008743,F. Construction,15,15,0
S01008743,G I. Distribution hotels and restaurants,50,20,30
S01008743,H J. Transport and communication,36,14,22
S01008743,K L M N. Financial real estate professional and administrative activities,30,8,22
S01008743,O P Q. Public administration education and health,62,21,41
S01008743,R S T U. Other,10,4,6
S01008743,Never worked,39,19,20
S01008744,All people aged 16 to 74 not in employment,260,115,145
S01008744,A B D E. Agriculture energy and water,7,6,1
S01008744,C. Manufacturing,14,8,6
S01008744,F. Construction,18,17,1
S01008744,G I. Distribution hotels and restaurants,47,29,18
S01008744,H J. Transport and communication,22,4,18
S01008744,K L M N. Financial real estate professional and administrative activities,36,13,23
S01008744,O P Q. Public administration education and health,56,9,47
S01008744,R S T U. Other,11,4,7
S01008744,Never worked,49,25,24
S01008745,All people aged 16 to 74 not in employment,103,42,61
S01008745,A B D E. Agriculture energy and water,3,2,1
S01008745,C. Manufacturing,2,1,1
S01008745,F. Construction,3,3,0
S01008745,G I. Distribution hotels and restaurants,11,6,5
S01008745,H J. Transport and communication,8,5,3
S01008745,K L M N. Financial real estate professional and administrative activities,20,7,13
S01008745,O P Q. Public administration education and health,35,9,26
S01008745,R S T U. Other,3,1,2
S01008745,Never worked,18,8,10
S01008746,All people aged 16 to 74 not in employment,336,150,186
S01008746,A B D E. Agriculture energy and water,8,6,2
S01008746,C. Manufacturing,25,12,13
S01008746,F. Construction,25,25,0
S01008746,G I. Distribution hotels and restaurants,48,26,22
S01008746,H J. Transport and communication,35,13,22
S01008746,K L M N. Financial real estate professional and administrative activities,45,23,22
S01008746,O P Q. Public administration education and health,57,16,41
S01008746,R S T U. Other,16,5,11
S01008746,Never worked,77,24,53
S01008747,All people aged 16 to 74 not in employment,126,55,71
S01008747,A B D E. Agriculture energy and water,3,3,0
S01008747,C. Manufacturing,10,7,3
S01008747,F. Construction,13,12,1
S01008747,G I. Distribution hotels and restaurants,15,6,9
S01008747,H J. Transport and communication,14,6,8
S01008747,K L M N. Financial real estate professional and administrative activities,19,7,12
S01008747,O P Q. Public administration education and health,32,9,23
S01008747,R S T U. Other,3,0,3
S01008747,Never worked,17,5,12
S01008748,All people aged 16 to 74 not in employment,168,69,99
S01008748,A B D E. Agriculture energy and water,0,0,0
S01008748,C. Manufacturing,11,7,4
S01008748,F. Construction,10,8,2
S01008748,G I. Distribution hotels and restaurants,18,8,10
S01008748,H J. Transport and communication,22,10,12
S01008748,K L M N. Financial real estate professional and administrative activities,28,9,19
S01008748,O P Q. Public administration education and health,51,10,41
S01008748,R S T U. Other,6,3,3
S01008748,Never worked,22,14,8
S01008749,All people aged 16 to 74 not in employment,262,118,144
S01008749,A B D E. Agriculture energy and water,3,0,3
S01008749,C. Manufacturing,15,8,7
S01008749,F. Construction,14,13,1
S01008749,G I. Distribution hotels and restaurants,48,24,24
S01008749,H J. Transport and communication,16,5,11
S01008749,K L M N. Financial real estate professional and administrative activities,36,11,25
S01008749,O P Q. Public administration education and health,65,20,45
S01008749,R S T U. Other,14,9,5
S01008749,Never worked,51,28,23
S01008750,All people aged 16 to 74 not in employment,192,75,117
S01008750,A B D E. Agriculture energy and water,5,3,2
S01008750,C. Manufacturing,12,8,4
S01008750,F. Construction,17,11,6
S01008750,G I. Distribution hotels and restaurants,31,12,19
S01008750,H J. Transport and communication,12,5,7
S01008750,K L M N. Financial real estate professional and administrative activities,34,14,20
S01008750,O P Q. Public administration education and health,55,12,43
S01008750,R S T U. Other,7,3,4
S01008750,Never worked,19,7,12
S01008751,All people aged 16 to 74 not in employment,167,76,91
S01008751,A B D E. Agriculture energy and water,0,0,0
S01008751,C. Manufacturing,14,9,5
S01008751,F. Construction,19,17,2
S01008751,G I. Distribution hotels and restaurants,36,19,17
S01008751,H J. Transport and communication,19,6,13
S01008751,K L M N. Financial real estate professional and administrative activities,19,7,12
S01008751,O P Q. Public administration education and health,34,7,27
S01008751,R S T U. Other,4,2,2
S01008751,Never worked,22,9,13
S01008752,All people aged 16 to 74 not in employment,278,122,156
S01008752,A B D E. Agriculture energy and water,7,6,1
S01008752,C. Manufacturing,13,8,5
S01008752,F. Construction,27,26,1
S01008752,G I. Distribution hotels and restaurants,52,18,34
S01008752,H J. Transport and communication,32,11,21
S01008752,K L M N. Financial real estate professional and administrative activities,27,10,17
S01008752,O P Q. Public administration education and health,49,15,34
S01008752,R S T U. Other,15,5,10
S01008752,Never worked,56,23,33
S01008753,All people aged 16 to 74 not in employment,172,80,92
S01008753,A B D E. Agriculture energy and water,1,1,0
S01008753,C. Manufacturing,8,5,3
S01008753,F. Construction,16,13,3
S01008753,G I. Distribution hotels and restaurants,33,21,12
S01008753,H J. Transport and communication,24,9,15
S01008753,K L M N. Financial real estate professional and administrative activities,23,7,16
S01008753,O P Q. Public administration education and health,37,9,28
S01008753,R S T U. Other,11,6,5
S01008753,Never worked,19,9,10
S01008754,All people aged 16 to 74 not in employment,160,73,87
S01008754,A B D E. Agriculture energy and water,1,1,0
S01008754,C. Manufacturing,9,7,2
S01008754,F. Construction,16,16,0
S01008754,G I. Distribution hotels and restaurants,34,14,20
S01008754,H J. Transport and communication,14,5,9
S01008754,K L M N. Financial real estate professional and administrative activities,20,5,15
S01008754,O P Q. Public administration education and health,38,10,28
S01008754,R S T U. Other,7,3,4
S01008754,Never worked,21,12,9
S01008755,All people aged 16 to 74 not in employment,244,89,155
S01008755,A B D E. Agriculture energy and water,5,5,0
S01008755,C. Manufacturing,19,11,8
S01008755,F. Construction,17,16,1
S01008755,G I. Distribution hotels and restaurants,43,21,22
S01008755,H J. Transport and communication,24,5,19
S01008755,K L M N. Financial real estate professional and administrative activities,23,5,18
S01008755,O P Q. Public administration education and health,55,4,51
S01008755,R S T U. Other,7,1,6
S01008755,Never worked,51,21,30
S01008756,All people aged 16 to 74 not in employment,230,120,110
S01008756,A B D E. Agriculture energy and water,1,1,0
S01008756,C. Manufacturing,23,15,8
S01008756,F. Construction,24,22,2
S01008756,G I. Distribution hotels and restaurants,41,25,16
S01008756,H J. Transport and communication,34,12,22
S01008756,K L M N. Financial real estate professional and administrative activities,30,14,16
S01008756,O P Q. Public administration education and health,38,10,28
S01008756,R S T U. Other,8,5,3
S01008756,Never worked,31,16,15
S01008757,All people aged 16 to 74 not in employment,284,142,142
S01008757,A B D E. Agriculture energy and water,2,2,0
S01008757,C. Manufacturing,20,10,10
S01008757,F. Construction,37,35,2
S01008757,G I. Distribution hotels and restaurants,65,31,34
S01008757,H J. Transport and communication,27,18,9
S01008757,K L M N. Financial real estate professional and administrative activities,33,14,19
S01008757,O P Q. Public administration education and health,50,13,37
S01008757,R S T U. Other,10,6,4
S01008757,Never worked,40,13,27
S01008758,All people aged 16 to 74 not in employment,270,112,158
S01008758,A B D E. Agriculture energy and water,14,10,4
S01008758,C. Manufacturing,21,6,15
S01008758,F. Construction,18,18,0
S01008758,G I. Distribution hotels and restaurants,40,20,20
S01008758,H J. Transport and communication,32,15,17
S01008758,K L M N. Financial real estate professional and administrative activities,31,10,21
S01008758,O P Q. Public administration education and health,49,6,43
S01008758,R S T U. Other,12,5,7
S01008758,Never worked,53,22,31
S01008759,All people aged 16 to 74 not in employment,196,72,124
S01008759,A B D E. Agriculture energy and water,1,1,0
S01008759,C. Manufacturing,18,12,6
S01008759,F. Construction,15,14,1
S01008759,G I. Distribution hotels and restaurants,42,17,25
S01008759,H J. Transport and communication,21,4,17
S01008759,K L M N. Financial real estate professional and administrative activities,24,9,15
S01008759,O P Q. Public administration education and health,35,4,31
S01008759,R S T U. Other,12,2,10
S01008759,Never worked,28,9,19
S01008760,All people aged 16 to 74 not in employment,353,181,172
S01008760,A B D E. Agriculture energy and water,7,4,3
S01008760,C. Manufacturing,17,9,8
S01008760,F. Construction,29,29,0
S01008760,G I. Distribution hotels and restaurants,81,44,37
S01008760,H J. Transport and communication,43,28,15
S01008760,K L M N. Financial real estate professional and administrative activities,35,14,21
S01008760,O P Q. Public administration education and health,49,11,38
S01008760,R S T U. Other,8,4,4
S01008760,Never worked,84,38,46
S01008761,All people aged 16 to 74 not in employment,144,62,82
S01008761,A B D E. Agriculture energy and water,0,0,0
S01008761,C. Manufacturing,6,3,3
S01008761,F. Construction,4,4,0
S01008761,G I. Distribution hotels and restaurants,28,9,19
S01008761,H J. Transport and communication,20,7,13
S01008761,K L M N. Financial real estate professional and administrative activities,8,0,8
S01008761,O P Q. Public administration education and health,17,5,12
S01008761,R S T U. Other,7,3,4
S01008761,Never worked,54,31,23
S01008762,All people aged 16 to 74 not in employment,143,55,88
S01008762,A B D E. Agriculture energy and water,0,0,0
S01008762,C. Manufacturing,6,4,2
S01008762,F. Construction,9,9,0
S01008762,G I. Distribution hotels and restaurants,26,14,12
S01008762,H J. Transport and communication,13,4,9
S01008762,K L M N. Financial real estate professional and administrative activities,23,5,18
S01008762,O P Q. Public administration education and health,41,7,34
S01008762,R S T U. Other,6,4,2
S01008762,Never worked,19,8,11
S01008763,All people aged 16 to 74 not in employment,137,55,82
S01008763,A B D E. Agriculture energy and water,1,1,0
S01008763,C. Manufacturing,9,7,2
S01008763,F. Construction,10,8,2
S01008763,G I. Distribution hotels and restaurants,28,12,16
S01008763,H J. Transport and communication,6,1,5
S01008763,K L M N. Financial real estate professional and administrative activities,17,5,12
S01008763,O P Q. Public administration education and health,45,12,33
S01008763,R S T U. Other,9,4,5
S01008763,Never worked,12,5,7
S01008764,All people aged 16 to 74 not in employment,141,60,81
S01008764,A B D E. Agriculture energy and water,2,1,1
S01008764,C. Manufacturing,8,3,5
S01008764,F. Construction,7,5,2
S01008764,G I. Distribution hotels and restaurants,30,16,14
S01008764,H J. Transport and communication,16,6,10
S01008764,K L M N. Financial real estate professional and administrative activities,19,6,13
S01008764,O P Q. Public administration education and health,26,6,20
S01008764,R S T U. Other,5,2,3
S01008764,Never worked,28,15,13
S01008765,All people aged 16 to 74 not in employment,156,70,86
S01008765,A B D E. Agriculture energy and water,1,1,0
S01008765,C. Manufacturing,8,6,2
S01008765,F. Construction,7,7,0
S01008765,G I. Distribution hotels and restaurants,36,18,18
S01008765,H J. Transport and communication,17,8,9
S01008765,K L M N. Financial real estate professional and administrative activities,22,9,13
S01008765,O P Q. Public administration education and health,31,5,26
S01008765,R S T U. Other,7,0,7
S01008765,Never worked,27,16,11
S01008766,All people aged 16 to 74 not in employment,226,94,132
S01008766,A B D E. Agriculture energy and water,5,2,3
S01008766,C. Manufacturing,12,8,4
S01008766,F. Construction,17,16,1
S01008766,G I. Distribution hotels and restaurants,30,12,18
S01008766,H J. Transport and communication,13,3,10
S01008766,K L M N. Financial real estate professional and administrative activities,39,12,27
S01008766,O P Q. Public administration education and health,66,22,44
S01008766,R S T U. Other,8,2,6
S01008766,Never worked,36,17,19
S01008767,All people aged 16 to 74 not in employment,136,66,70
S01008767,A B D E. Agriculture energy and water,2,2,0
S01008767,C. Manufacturing,8,4,4
S01008767,F. Construction,12,11,1
S01008767,G I. Distribution hotels and restaurants,29,13,16
S01008767,H J. Transport and communication,7,4,3
S01008767,K L M N. Financial real estate professional and administrative activities,17,3,14
S01008767,O P Q. Public administration education and health,25,6,19
S01008767,R S T U. Other,7,3,4
S01008767,Never worked,29,20,9
S01008768,All people aged 16 to 74 not in employment,124,54,70
S01008768,A B D E. Agriculture energy and water,4,2,2
S01008768,C. Manufacturing,8,6,2
S01008768,F. Construction,9,7,2
S01008768,G I. Distribution hotels and restaurants,19,9,10
S01008768,H J. Transport and communication,6,4,2
S01008768,K L M N. Financial real estate professional and administrative activities,27,7,20
S01008768,O P Q. Public administration education and health,21,7,14
S01008768,R S T U. Other,11,3,8
S01008768,Never worked,19,9,10
S01008769,All people aged 16 to 74 not in employment,93,47,46
S01008769,A B D E. Agriculture energy and water,3,2,1
S01008769,C. Manufacturing,4,1,3
S01008769,F. Construction,4,1,3
S01008769,G I. Distribution hotels and restaurants,14,9,5
S01008769,H J. Transport and communication,9,5,4
S01008769,K L M N. Financial real estate professional and administrative activities,13,7,6
S01008769,O P Q. Public administration education and health,23,8,15
S01008769,R S T U. Other,4,0,4
S01008769,Never worked,19,14,5
S01008770,All people aged 16 to 74 not in employment,155,70,85
S01008770,A B D E. Agriculture energy and water,1,0,1
S01008770,C. Manufacturing,3,3,0
S01008770,F. Construction,5,4,1
S01008770,G I. Distribution hotels and restaurants,24,15,9
S01008770,H J. Transport and communication,27,10,17
S01008770,K L M N. Financial real estate professional and administrative activities,19,2,17
S01008770,O P Q. Public administration education and health,21,9,12
S01008770,R S T U. Other,9,6,3
S01008770,Never worked,46,21,25
S01008771,All people aged 16 to 74 not in employment,174,86,88
S01008771,A B D E. Agriculture energy and water,4,3,1
S01008771,C. Manufacturing,11,6,5
S01008771,F. Construction,6,5,1
S01008771,G I. Distribution hotels and restaurants,41,19,22
S01008771,H J. Transport and communication,16,6,10
S01008771,K L M N. Financial real estate professional and administrative activities,21,10,11
S01008771,O P Q. Public administration education and health,27,7,20
S01008771,R S T U. Other,6,4,2
S01008771,Never worked,42,26,16
S01008772,All people aged 16 to 74 not in employment,180,83,97
S01008772,A B D E. Agriculture energy and water,5,3,2
S01008772,C. Manufacturing,9,8,1
S01008772,F. Construction,13,13,0
S01008772,G I. Distribution hotels and restaurants,29,13,16
S01008772,H J. Transport and communication,11,3,8
S01008772,K L M N. Financial real estate professional and administrative activities,27,9,18
S01008772,O P Q. Public administration education and health,45,9,36
S01008772,R S T U. Other,7,3,4
S01008772,Never worked,34,22,12
S01008773,All people aged 16 to 74 not in employment,247,113,134
S01008773,A B D E. Agriculture energy and water,3,1,2
S01008773,C. Manufacturing,19,12,7
S01008773,F. Construction,13,11,2
S01008773,G I. Distribution hotels and restaurants,49,34,15
S01008773,H J. Transport and communication,29,13,16
S01008773,K L M N. Financial real estate professional and administrative activities,43,22,21
S01008773,O P Q. Public administration education and health,44,6,38
S01008773,R S T U. Other,12,5,7
S01008773,Never worked,35,9,26
S01008774,All people aged 16 to 74 not in employment,248,114,134
S01008774,A B D E. Agriculture energy and water,2,1,1
S01008774,C. Manufacturing,8,5,3
S01008774,F. Construction,17,16,1
S01008774,G I. Distribution hotels and restaurants,33,16,17
S01008774,H J. Transport and communication,29,12,17
S01008774,K L M N. Financial real estate professional and administrative activities,36,17,19
S01008774,O P Q. Public administration education and health,53,13,40
S01008774,R S T U. Other,15,8,7
S01008774,Never worked,55,26,29
S01008775,All people aged 16 to 74 not in employment,111,53,58
S01008775,A B D E. Agriculture energy and water,1,0,1
S01008775,C. Manufacturing,6,5,1
S01008775,F. Construction,7,7,0
S01008775,G I. Distribution hotels and restaurants,13,5,8
S01008775,H J. Transport and communication,8,6,2
S01008775,K L M N. Financial real estate professional and administrative activities,18,4,14
S01008775,O P Q. Public administration education and health,31,13,18
S01008775,R S T U. Other,5,1,4
S01008775,Never worked,22,12,10
S01008776,All people aged 16 to 74 not in employment,282,139,143
S01008776,A B D E. Agriculture energy and water,2,1,1
S01008776,C. Manufacturing,18,9,9
S01008776,F. Construction,18,14,4
S01008776,G I. Distribution hotels and restaurants,46,30,16
S01008776,H J. Transport and communication,38,21,17
S01008776,K L M N. Financial real estate professional and administrative activities,22,12,10
S01008776,O P Q. Public administration education and health,59,18,41
S01008776,R S T U. Other,18,6,12
S01008776,Never worked,61,28,33
S01008777,All people aged 16 to 74 not in employment,410,251,159
S01008777,A B D E. Agriculture energy and water,5,4,1
S01008777,C. Manufacturing,35,24,11
S01008777,F. Construction,47,44,3
S01008777,G I. Distribution hotels and restaurants,79,51,28
S01008777,H J. Transport and communication,49,31,18
S01008777,K L M N. Financial real estate professional and administrative activities,64,32,32
S01008777,O P Q. Public administration education and health,62,25,37
S01008777,R S T U. Other,13,7,6
S01008777,Never worked,56,33,23
S01008778,All people aged 16 to 74 not in employment,209,92,117
S01008778,A B D E. Agriculture energy and water,5,3,2
S01008778,C. Manufacturing,7,4,3
S01008778,F. Construction,10,9,1
S01008778,G I. Distribution hotels and restaurants,45,18,27
S01008778,H J. Transport and communication,24,8,16
S01008778,K L M N. Financial real estate professional and administrative activities,34,17,17
S01008778,O P Q. Public administration education and health,30,10,20
S01008778,R S T U. Other,10,3,7
S01008778,Never worked,44,20,24
S01008779,All people aged 16 to 74 not in employment,105,55,50
S01008779,A B D E. Agriculture energy and water,1,0,1
S01008779,C. Manufacturing,7,7,0
S01008779,F. Construction,0,0,0
S01008779,G I. Distribution hotels and restaurants,18,3,15
S01008779,H J. Transport and communication,18,6,12
S01008779,K L M N. Financial real estate professional and administrative activities,23,16,7
S01008779,O P Q. Public administration education and health,18,9,9
S01008779,R S T U. Other,8,6,2
S01008779,Never worked,12,8,4
S01008780,All people aged 16 to 74 not in employment,106,56,50
S01008780,A B D E. Agriculture energy and water,0,0,0
S01008780,C. Manufacturing,3,3,0
S01008780,F. Construction,12,11,1
S01008780,G I. Distribution hotels and restaurants,20,10,10
S01008780,H J. Transport and communication,12,3,9
S01008780,K L M N. Financial real estate professional and administrative activities,14,8,6
S01008780,O P Q. Public administration education and health,24,13,11
S01008780,R S T U. Other,5,3,2
S01008780,Never worked,16,5,11
S01008781,All people aged 16 to 74 not in employment,160,70,90
S01008781,A B D E. Agriculture energy and water,0,0,0
S01008781,C. Manufacturing,5,2,3
S01008781,F. Construction,18,18,0
S01008781,G I. Distribution hotels and restaurants,32,12,20
S01008781,H J. Transport and communication,24,10,14
S01008781,K L M N. Financial real estate professional and administrative activities,19,10,9
S01008781,O P Q. Public administration education and health,28,7,21
S01008781,R S T U. Other,7,2,5
S01008781,Never worked,27,9,18
S01008782,All people aged 16 to 74 not in employment,142,72,70
S01008782,A B D E. Agriculture energy and water,4,3,1
S01008782,C. Manufacturing,3,1,2
S01008782,F. Construction,2,2,0
S01008782,G I. Distribution hotels and restaurants,26,11,15
S01008782,H J. Transport and communication,28,12,16
S01008782,K L M N. Financial real estate professional and administrative activities,22,13,9
S01008782,O P Q. Public administration education and health,24,8,16
S01008782,R S T U. Other,4,0,4
S01008782,Never worked,29,22,7
S01008783,All people aged 16 to 74 not in employment,56,17,39
S01008783,A B D E. Agriculture energy and water,1,1,0
S01008783,C. Manufacturing,0,0,0
S01008783,F. Construction,3,3,0
S01008783,G I. Distribution hotels and restaurants,7,3,4
S01008783,H J. Transport and communication,6,1,5
S01008783,K L M N. Financial real estate professional and administrative activities,9,4,5
S01008783,O P Q. Public administration education and health,17,4,13
S01008783,R S T U. Other,6,0,6
S01008783,Never worked,7,1,6
S01008784,All people aged 16 to 74 not in employment,72,33,39
S01008784,A B D E. Agriculture energy and water,0,0,0
S01008784,C. Manufacturing,5,5,0
S01008784,F. Construction,7,7,0
S01008784,G I. Distribution hotels and restaurants,12,6,6
S01008784,H J. Transport and communication,7,3,4
S01008784,K L M N. Financial real estate professional and administrative activities,12,1,11
S01008784,O P Q. Public administration education and health,13,4,9
S01008784,R S T U. Other,5,1,4
S01008784,Never worked,11,6,5
S01008785,All people aged 16 to 74 not in employment,290,130,160
S01008785,A B D E. Agriculture energy and water,7,4,3
S01008785,C. Manufacturing,17,11,6
S01008785,F. Construction,26,25,1
S01008785,G I. Distribution hotels and restaurants,48,13,35
S01008785,H J. Transport and communication,35,13,22
S01008785,K L M N. Financial real estate professional and administrative activities,40,19,21
S01008785,O P Q. Public administration education and health,45,16,29
S01008785,R S T U. Other,15,8,7
S01008785,Never worked,57,21,36
S01008786,All people aged 16 to 74 not in employment,211,111,100
S01008786,A B D E. Agriculture energy and water,3,3,0
S01008786,C. Manufacturing,7,5,2
S01008786,F. Construction,17,15,2
S01008786,G I. Distribution hotels and restaurants,36,16,20
S01008786,H J. Transport and communication,32,19,13
S01008786,K L M N. Financial real estate professional and administrative activities,23,16,7
S01008786,O P Q. Public administration education and health,49,14,35
S01008786,R S T U. Other,6,3,3
S01008786,Never worked,38,20,18
S01008787,All people aged 16 to 74 not in employment,146,74,72
S01008787,A B D E. Agriculture energy and water,1,1,0
S01008787,C. Manufacturing,9,8,1
S01008787,F. Construction,11,11,0
S01008787,G I. Distribution hotels and restaurants,31,14,17
S01008787,H J. Transport and communication,12,7,5
S01008787,K L M N. Financial real estate professional and administrative activities,23,16,7
S01008787,O P Q. Public administration education and health,24,5,19
S01008787,R S T U. Other,9,4,5
S01008787,Never worked,26,8,18
S01008788,All people aged 16 to 74 not in employment,117,54,63
S01008788,A B D E. Agriculture energy and water,2,1,1
S01008788,C. Manufacturing,5,3,2
S01008788,F. Construction,10,8,2
S01008788,G I. Distribution hotels and restaurants,17,7,10
S01008788,H J. Transport and communication,21,8,13
S01008788,K L M N. Financial real estate professional and administrative activities,18,5,13
S01008788,O P Q. Public administration education and health,16,6,10
S01008788,R S T U. Other,6,1,5
S01008788,Never worked,22,15,7
S01008789,All people aged 16 to 74 not in employment,203,100,103
S01008789,A B D E. Agriculture energy and water,3,1,2
S01008789,C. Manufacturing,16,11,5
S01008789,F. Construction,18,17,1
S01008789,G I. Distribution hotels and restaurants,38,28,10
S01008789,H J. Transport and communication,27,8,19
S01008789,K L M N. Financial real estate professional and administrative activities,23,10,13
S01008789,O P Q. Public administration education and health,41,15,26
S01008789,R S T U. Other,9,2,7
S01008789,Never worked,28,8,20
S01008790,All people aged 16 to 74 not in employment,190,109,81
S01008790,A B D E. Agriculture energy and water,4,4,0
S01008790,C. Manufacturing,11,10,1
S01008790,F. Construction,11,11,0
S01008790,G I. Distribution hotels and restaurants,28,14,14
S01008790,H J. Transport and communication,23,15,8
S01008790,K L M N. Financial real estate professional and administrative activities,25,17,8
S01008790,O P Q. Public administration education and health,39,12,27
S01008790,R S T U. Other,3,2,1
S01008790,Never worked,46,24,22
S01008791,All people aged 16 to 74 not in employment,200,93,107
S01008791,A B D E. Agriculture energy and water,3,3,0
S01008791,C. Manufacturing,11,6,5
S01008791,F. Construction,15,14,1
S01008791,G I. Distribution hotels and restaurants,33,17,16
S01008791,H J. Transport and communication,31,17,14
S01008791,K L M N. Financial real estate professional and administrative activities,22,9,13
S01008791,O P Q. Public administration education and health,31,11,20
S01008791,R S T U. Other,5,1,4
S01008791,Never worked,49,15,34
S01008792,All people aged 16 to 74 not in employment,175,83,92
S01008792,A B D E. Agriculture energy and water,1,1,0
S01008792,C. Manufacturing,8,4,4
S01008792,F. Construction,7,7,0
S01008792,G I. Distribution hotels and restaurants,30,12,18
S01008792,H J. Transport and communication,18,10,8
S01008792,K L M N. Financial real estate professional and administrative activities,26,14,12
S01008792,O P Q. Public administration education and health,38,11,27
S01008792,R S T U. Other,16,9,7
S01008792,Never worked,31,15,16
S01008793,All people aged 16 to 74 not in employment,152,83,69
S01008793,A B D E. Agriculture energy and water,3,3,0
S01008793,C. Manufacturing,6,4,2
S01008793,F. Construction,8,7,1
S01008793,G I. Distribution hotels and restaurants,22,9,13
S01008793,H J. Transport and communication,23,16,7
S01008793,K L M N. Financial real estate professional and administrative activities,17,8,9
S01008793,O P Q. Public administration education and health,27,11,16
S01008793,R S T U. Other,6,3,3
S01008793,Never worked,40,22,18
S01008794,All people aged 16 to 74 not in employment,209,96,113
S01008794,A B D E. Agriculture energy and water,2,2,0
S01008794,C. Manufacturing,17,9,8
S01008794,F. Construction,18,17,1
S01008794,G I. Distribution hotels and restaurants,37,17,20
S01008794,H J. Transport and communication,23,17,6
S01008794,K L M N. Financial real estate professional and administrative activities,22,10,12
S01008794,O P Q. Public administration education and health,44,8,36
S01008794,R S T U. Other,12,4,8
S01008794,Never worked,34,12,22
S01008795,All people aged 16 to 74 not in employment,222,119,103
S01008795,A B D E. Agriculture energy and water,3,3,0
S01008795,C. Manufacturing,7,6,1
S01008795,F. Construction,12,11,1
S01008795,G I. Distribution hotels and restaurants,30,14,16
S01008795,H J. Transport and communication,39,21,18
S01008795,K L M N. Financial real estate professional and administrative activities,28,12,16
S01008795,O P Q. Public administration education and health,33,10,23
S01008795,R S T U. Other,11,2,9
S01008795,Never worked,59,40,19
S01008796,All people aged 16 to 74 not in employment,270,119,151
S01008796,A B D E. Agriculture energy and water,3,2,1
S01008796,C. Manufacturing,19,10,9
S01008796,F. Construction,15,14,1
S01008796,G I. Distribution hotels and restaurants,53,30,23
S01008796,H J. Transport and communication,34,12,22
S01008796,K L M N. Financial real estate professional and administrative activities,31,11,20
S01008796,O P Q. Public administration education and health,42,12,30
S01008796,R S T U. Other,14,4,10
S01008796,Never worked,59,24,35
S01008797,All people aged 16 to 74 not in employment,217,122,95
S01008797,A B D E. Agriculture energy and water,8,5,3
S01008797,C. Manufacturing,15,11,4
S01008797,F. Construction,11,11,0
S01008797,G I. Distribution hotels and restaurants,25,11,14
S01008797,H J. Transport and communication,30,15,15
S01008797,K L M N. Financial real estate professional and administrative activities,32,21,11
S01008797,O P Q. Public administration education and health,53,26,27
S01008797,R S T U. Other,11,8,3
S01008797,Never worked,32,14,18
S01008798,All people aged 16 to 74 not in employment,217,111,106
S01008798,A B D E. Agriculture energy and water,7,6,1
S01008798,C. Manufacturing,16,12,4
S01008798,F. Construction,13,12,1
S01008798,G I. Distribution hotels and restaurants,38,20,18
S01008798,H J. Transport and communication,31,13,18
S01008798,K L M N. Financial real estate professional and administrative activities,29,14,15
S01008798,O P Q. Public administration education and health,40,12,28
S01008798,R S T U. Other,10,2,8
S01008798,Never worked,33,20,13
S01008799,All people aged 16 to 74 not in employment,149,74,75
S01008799,A B D E. Agriculture energy and water,5,5,0
S01008799,C. Manufacturing,7,4,3
S01008799,F. Construction,7,7,0
S01008799,G I. Distribution hotels and restaurants,22,8,14
S01008799,H J. Transport and communication,21,15,6
S01008799,K L M N. Financial real estate professional and administrative activities,14,9,5
S01008799,O P Q. Public administration education and health,19,3,16
S01008799,R S T U. Other,9,3,6
S01008799,Never worked,45,20,25
S01008800,All people aged 16 to 74 not in employment,185,104,81
S01008800,A B D E. Agriculture energy and water,3,2,1
S01008800,C. Manufacturing,5,3,2
S01008800,F. Construction,7,7,0
S01008800,G I. Distribution hotels and restaurants,32,20,12
S01008800,H J. Transport and communication,28,16,12
S01008800,K L M N. Financial real estate professional and administrative activities,26,13,13
S01008800,O P Q. Public administration education and health,42,22,20
S01008800,R S T U. Other,23,9,14
S01008800,Never worked,19,12,7
S01008801,All people aged 16 to 74 not in employment,202,106,96
S01008801,A B D E. Agriculture energy and water,3,1,2
S01008801,C. Manufacturing,10,7,3
S01008801,F. Construction,14,14,0
S01008801,G I. Distribution hotels and restaurants,26,9,17
S01008801,H J. Transport and communication,19,10,9
S01008801,K L M N. Financial real estate professional and administrative activities,34,14,20
S01008801,O P Q. Public administration education and health,45,25,20
S01008801,R S T U. Other,17,8,9
S01008801,Never worked,34,18,16
S01008802,All people aged 16 to 74 not in employment,253,129,124
S01008802,A B D E. Agriculture energy and water,5,3,2
S01008802,C. Manufacturing,16,11,5
S01008802,F. Construction,20,19,1
S01008802,G I. Distribution hotels and restaurants,37,28,9
S01008802,H J. Transport and communication,46,24,22
S01008802,K L M N. Financial real estate professional and administrative activities,18,10,8
S01008802,O P Q. Public administration education and health,51,15,36
S01008802,R S T U. Other,17,4,13
S01008802,Never worked,43,15,28
S01008803,All people aged 16 to 74 not in employment,257,128,129
S01008803,A B D E. Agriculture energy and water,0,0,0
S01008803,C. Manufacturing,15,9,6
S01008803,F. Construction,16,15,1
S01008803,G I. Distribution hotels and restaurants,57,30,27
S01008803,H J. Transport and communication,31,15,16
S01008803,K L M N. Financial real estate professional and administrative activities,28,16,12
S01008803,O P Q. Public administration education and health,42,14,28
S01008803,R S T U. Other,12,4,8
S01008803,Never worked,56,25,31
S01008804,All people aged 16 to 74 not in employment,157,72,85
S01008804,A B D E. Agriculture energy and water,2,2,0
S01008804,C. Manufacturing,6,4,2
S01008804,F. Construction,7,7,0
S01008804,G I. Distribution hotels and restaurants,26,14,12
S01008804,H J. Transport and communication,22,6,16
S01008804,K L M N. Financial real estate professional and administrative activities,15,8,7
S01008804,O P Q. Public administration education and health,23,7,16
S01008804,R S T U. Other,4,0,4
S01008804,Never worked,52,24,28
S01008805,All people aged 16 to 74 not in employment,168,99,69
S01008805,A B D E. Agriculture energy and water,4,0,4
S01008805,C. Manufacturing,11,7,4
S01008805,F. Construction,2,1,1
S01008805,G I. Distribution hotels and restaurants,26,15,11
S01008805,H J. Transport and communication,21,16,5
S01008805,K L M N. Financial real estate professional and administrative activities,22,10,12
S01008805,O P Q. Public administration education and health,19,8,11
S01008805,R S T U. Other,1,1,0
S01008805,Never worked,62,41,21
S01008806,All people aged 16 to 74 not in employment,184,90,94
S01008806,A B D E. Agriculture energy and water,1,0,1
S01008806,C. Manufacturing,6,3,3
S01008806,F. Construction,5,5,0
S01008806,G I. Distribution hotels and restaurants,24,14,10
S01008806,H J. Transport and communication,27,12,15
S01008806,K L M N. Financial real estate professional and administrative activities,24,15,9
S01008806,O P Q. Public administration education and health,44,15,29
S01008806,R S T U. Other,8,2,6
S01008806,Never worked,45,24,21
S01008807,All people aged 16 to 74 not in employment,186,88,98
S01008807,A B D E. Agriculture energy and water,3,3,0
S01008807,C. Manufacturing,12,8,4
S01008807,F. Construction,11,11,0
S01008807,G I. Distribution hotels and restaurants,36,18,18
S01008807,H J. Transport and communication,17,8,9
S01008807,K L M N. Financial real estate professional and administrative activities,26,11,15
S01008807,O P Q. Public administration education and health,36,10,26
S01008807,R S T U. Other,10,5,5
S01008807,Never worked,35,14,21
S01008808,All people aged 16 to 74 not in employment,151,65,86
S01008808,A B D E. Agriculture energy and water,1,0,1
S01008808,C. Manufacturing,5,4,1
S01008808,F. Construction,11,9,2
S01008808,G I. Distribution hotels and restaurants,33,14,19
S01008808,H J. Transport and communication,21,8,13
S01008808,K L M N. Financial real estate professional and administrative activities,18,10,8
S01008808,O P Q. Public administration education and health,34,11,23
S01008808,R S T U. Other,6,1,5
S01008808,Never worked,22,8,14
S01008809,All people aged 16 to 74 not in employment,168,86,82
S01008809,A B D E. Agriculture energy and water,4,4,0
S01008809,C. Manufacturing,10,8,2
S01008809,F. Construction,5,5,0
S01008809,G I. Distribution hotels and restaurants,21,10,11
S01008809,H J. Transport and communication,24,13,11
S01008809,K L M N. Financial real estate professional and administrative activities,35,16,19
S01008809,O P Q. Public administration education and health,32,12,20
S01008809,R S T U. Other,9,4,5
S01008809,Never worked,28,14,14
S01008810,All people aged 16 to 74 not in employment,148,53,95
S01008810,A B D E. Agriculture energy and water,0,0,0
S01008810,C. Manufacturing,4,4,0
S01008810,F. Construction,10,4,6
S01008810,G I. Distribution hotels and restaurants,14,9,5
S01008810,H J. Transport and communication,21,6,15
S01008810,K L M N. Financial real estate professional and administrative activities,32,12,20
S01008810,O P Q. Public administration education and health,29,8,21
S01008810,R S T U. Other,11,2,9
S01008810,Never worked,27,8,19
S01008811,All people aged 16 to 74 not in employment,203,105,98
S01008811,A B D E. Agriculture energy and water,6,3,3
S01008811,C. Manufacturing,6,4,2
S01008811,F. Construction,6,6,0
S01008811,G I. Distribution hotels and restaurants,36,26,10
S01008811,H J. Transport and communication,38,20,18
S01008811,K L M N. Financial real estate professional and administrative activities,29,12,17
S01008811,O P Q. Public administration education and health,31,12,19
S01008811,R S T U. Other,7,4,3
S01008811,Never worked,44,18,26
S01008812,All people aged 16 to 74 not in employment,111,48,63
S01008812,A B D E. Agriculture energy and water,1,1,0
S01008812,C. Manufacturing,5,2,3
S01008812,F. Construction,7,7,0
S01008812,G I. Distribution hotels and restaurants,17,7,10
S01008812,H J. Transport and communication,12,4,8
S01008812,K L M N. Financial real estate professional and administrative activities,12,6,6
S01008812,O P Q. Public administration education and health,30,12,18
S01008812,R S T U. Other,8,3,5
S01008812,Never worked,19,6,13
S01008813,All people aged 16 to 74 not in employment,281,142,139
S01008813,A B D E. Agriculture energy and water,2,2,0
S01008813,C. Manufacturing,14,10,4
S01008813,F. Construction,13,13,0
S01008813,G I. Distribution hotels and restaurants,50,29,21
S01008813,H J. Transport and communication,43,20,23
S01008813,K L M N. Financial real estate professional and administrative activities,32,18,14
S01008813,O P Q. Public administration education and health,47,12,35
S01008813,R S T U. Other,9,4,5
S01008813,Never worked,71,34,37
S01008814,All people aged 16 to 74 not in employment,180,98,82
S01008814,A B D E. Agriculture energy and water,2,1,1
S01008814,C. Manufacturing,8,4,4
S01008814,F. Construction,9,9,0
S01008814,G I. Distribution hotels and restaurants,31,16,15
S01008814,H J. Transport and communication,21,15,6
S01008814,K L M N. Financial real estate professional and administrative activities,23,14,9
S01008814,O P Q. Public administration education and health,35,11,24
S01008814,R S T U. Other,9,4,5
S01008814,Never worked,42,24,18
S01008815,All people aged 16 to 74 not in employment,208,114,94
S01008815,A B D E. Agriculture energy and water,1,1,0
S01008815,C. Manufacturing,8,4,4
S01008815,F. Construction,17,16,1
S01008815,G I. Distribution hotels and restaurants,33,24,9
S01008815,H J. Transport and communication,29,13,16
S01008815,K L M N. Financial real estate professional and administrative activities,29,17,12
S01008815,O P Q. Public administration education and health,37,17,20
S01008815,R S T U. Other,13,6,7
S01008815,Never worked,41,16,25
S01008816,All people aged 16 to 74 not in employment,138,72,66
S01008816,A B D E. Agriculture energy and water,1,0,1
S01008816,C. Manufacturing,2,2,0
S01008816,F. Construction,9,9,0
S01008816,G I. Distribution hotels and restaurants,18,7,11
S01008816,H J. Transport and communication,19,8,11
S01008816,K L M N. Financial real estate professional and administrative activities,19,11,8
S01008816,O P Q. Public administration education and health,26,12,14
S01008816,R S T U. Other,7,3,4
S01008816,Never worked,37,20,17
S01008817,All people aged 16 to 74 not in employment,183,83,100
S01008817,A B D E. Agriculture energy and water,3,3,0
S01008817,C. Manufacturing,10,7,3
S01008817,F. Construction,20,19,1
S01008817,G I. Distribution hotels and restaurants,26,12,14
S01008817,H J. Transport and communication,27,10,17
S01008817,K L M N. Financial real estate professional and administrative activities,30,15,15
S01008817,O P Q. Public administration education and health,35,6,29
S01008817,R S T U. Other,6,3,3
S01008817,Never worked,26,8,18
S01008818,All people aged 16 to 74 not in employment,124,43,81
S01008818,A B D E. Agriculture energy and water,4,1,3
S01008818,C. Manufacturing,6,3,3
S01008818,F. Construction,3,3,0
S01008818,G I. Distribution hotels and restaurants,18,7,11
S01008818,H J. Transport and communication,18,10,8
S01008818,K L M N. Financial real estate professional and administrative activities,22,7,15
S01008818,O P Q. Public administration education and health,26,5,21
S01008818,R S T U. Other,3,0,3
S01008818,Never worked,24,7,17
S01008819,All people aged 16 to 74 not in employment,123,59,64
S01008819,A B D E. Agriculture energy and water,4,4,0
S01008819,C. Manufacturing,6,4,2
S01008819,F. Construction,15,14,1
S01008819,G I. Distribution hotels and restaurants,24,10,14
S01008819,H J. Transport and communication,7,1,6
S01008819,K L M N. Financial real estate professional and administrative activities,15,9,6
S01008819,O P Q. Public administration education and health,31,8,23
S01008819,R S T U. Other,6,3,3
S01008819,Never worked,15,6,9
S01008820,All people aged 16 to 74 not in employment,289,155,134
S01008820,A B D E. Agriculture energy and water,7,5,2
S01008820,C. Manufacturing,13,8,5
S01008820,F. Construction,21,21,0
S01008820,G I. Distribution hotels and restaurants,41,18,23
S01008820,H J. Transport and communication,47,25,22
S01008820,K L M N. Financial real estate professional and administrative activities,28,15,13
S01008820,O P Q. Public administration education and health,52,16,36
S01008820,R S T U. Other,13,7,6
S01008820,Never worked,67,40,27
S01008821,All people aged 16 to 74 not in employment,134,53,81
S01008821,A B D E. Agriculture energy and water,0,0,0
S01008821,C. Manufacturing,6,6,0
S01008821,F. Construction,3,2,1
S01008821,G I. Distribution hotels and restaurants,14,8,6
S01008821,H J. Transport and communication,10,5,5
S01008821,K L M N. Financial real estate professional and administrative activities,10,4,6
S01008821,O P Q. Public administration education and health,49,9,40
S01008821,R S T U. Other,6,2,4
S01008821,Never worked,36,17,19
S01008822,All people aged 16 to 74 not in employment,165,68,97
S01008822,A B D E. Agriculture energy and water,2,2,0
S01008822,C. Manufacturing,3,2,1
S01008822,F. Construction,10,9,1
S01008822,G I. Distribution hotels and restaurants,18,9,9
S01008822,H J. Transport and communication,4,1,3
S01008822,K L M N. Financial real estate professional and administrative activities,26,12,14
S01008822,O P Q. Public administration education and health,61,14,47
S01008822,R S T U. Other,3,1,2
S01008822,Never worked,38,18,20
S01008823,All people aged 16 to 74 not in employment,120,45,75
S01008823,A B D E. Agriculture energy and water,0,0,0
S01008823,C. Manufacturing,8,5,3
S01008823,F. Construction,3,3,0
S01008823,G I. Distribution hotels and restaurants,15,3,12
S01008823,H J. Transport and communication,10,2,8
S01008823,K L M N. Financial real estate professional and administrative activities,20,8,12
S01008823,O P Q. Public administration education and health,39,8,31
S01008823,R S T U. Other,6,4,2
S01008823,Never worked,19,12,7
S01008824,All people aged 16 to 74 not in employment,194,84,110
S01008824,A B D E. Agriculture energy and water,5,3,2
S01008824,C. Manufacturing,6,3,3
S01008824,F. Construction,10,8,2
S01008824,G I. Distribution hotels and restaurants,29,16,13
S01008824,H J. Transport and communication,12,8,4
S01008824,K L M N. Financial real estate professional and administrative activities,35,13,22
S01008824,O P Q. Public administration education and health,60,19,41
S01008824,R S T U. Other,14,4,10
S01008824,Never worked,23,10,13
S01008825,All people aged 16 to 74 not in employment,96,43,53
S01008825,A B D E. Agriculture energy and water,2,1,1
S01008825,C. Manufacturing,4,3,1
S01008825,F. Construction,2,2,0
S01008825,G I. Distribution hotels and restaurants,12,5,7
S01008825,H J. Transport and communication,7,4,3
S01008825,K L M N. Financial real estate professional and administrative activities,15,3,12
S01008825,O P Q. Public administration education and health,41,16,25
S01008825,R S T U. Other,3,1,2
S01008825,Never worked,10,8,2
S01008826,All people aged 16 to 74 not in employment,140,68,72
S01008826,A B D E. Agriculture energy and water,1,0,1
S01008826,C. Manufacturing,3,1,2
S01008826,F. Construction,6,5,1
S01008826,G I. Distribution hotels and restaurants,26,19,7
S01008826,H J. Transport and communication,11,8,3
S01008826,K L M N. Financial real estate professional and administrative activities,20,9,11
S01008826,O P Q. Public administration education and health,47,14,33
S01008826,R S T U. Other,3,1,2
S01008826,Never worked,23,11,12
S01008827,All people aged 16 to 74 not in employment,170,71,99
S01008827,A B D E. Agriculture energy and water,1,1,0
S01008827,C. Manufacturing,4,2,2
S01008827,F. Construction,2,0,2
S01008827,G I. Distribution hotels and restaurants,12,3,9
S01008827,H J. Transport and communication,10,5,5
S01008827,K L M N. Financial real estate professional and administrative activities,47,26,21
S01008827,O P Q. Public administration education and health,58,15,43
S01008827,R S T U. Other,6,4,2
S01008827,Never worked,30,15,15
S01008828,All people aged 16 to 74 not in employment,188,82,106
S01008828,A B D E. Agriculture energy and water,2,1,1
S01008828,C. Manufacturing,15,11,4
S01008828,F. Construction,8,7,1
S01008828,G I. Distribution hotels and restaurants,22,8,14
S01008828,H J. Transport and communication,14,10,4
S01008828,K L M N. Financial real estate professional and administrative activities,36,14,22
S01008828,O P Q. Public administration education and health,59,18,41
S01008828,R S T U. Other,4,0,4
S01008828,Never worked,28,13,15
S01008829,All people aged 16 to 74 not in employment,174,72,102
S01008829,A B D E. Agriculture energy and water,3,3,0
S01008829,C. Manufacturing,6,5,1
S01008829,F. Construction,5,4,1
S01008829,G I. Distribution hotels and restaurants,22,13,9
S01008829,H J. Transport and communication,11,5,6
S01008829,K L M N. Financial real estate professional and administrative activities,13,6,7
S01008829,O P Q. Public administration education and health,63,14,49
S01008829,R S T U. Other,4,2,2
S01008829,Never worked,47,20,27
S01008830,All people aged 16 to 74 not in employment,129,64,65
S01008830,A B D E. Agriculture energy and water,2,1,1
S01008830,C. Manufacturing,5,3,2
S01008830,F. Construction,4,3,1
S01008830,G I. Distribution hotels and restaurants,13,8,5
S01008830,H J. Transport and communication,11,4,7
S01008830,K L M N. Financial real estate professional and administrative activities,28,14,14
S01008830,O P Q. Public administration education and health,50,21,29
S01008830,R S T U. Other,3,0,3
S01008830,Never worked,13,10,3
S01008831,All people aged 16 to 74 not in employment,207,88,119
S01008831,A B D E. Agriculture energy and water,4,3,1
S01008831,C. Manufacturing,9,5,4
S01008831,F. Construction,7,6,1
S01008831,G I. Distribution hotels and restaurants,15,8,7
S01008831,H J. Transport and communication,19,10,9
S01008831,K L M N. Financial real estate professional and administrative activities,47,22,25
S01008831,O P Q. Public administration education and health,70,17,53
S01008831,R S T U. Other,7,2,5
S01008831,Never worked,29,15,14
S01008832,All people aged 16 to 74 not in employment,237,111,126
S01008832,A B D E. Agriculture energy and water,5,4,1
S01008832,C. Manufacturing,17,10,7
S01008832,F. Construction,9,7,2
S01008832,G I. Distribution hotels and restaurants,28,19,9
S01008832,H J. Transport and communication,22,8,14
S01008832,K L M N. Financial real estate professional and administrative activities,49,22,27
S01008832,O P Q. Public administration education and health,62,10,52
S01008832,R S T U. Other,9,3,6
S01008832,Never worked,36,28,8
S01008833,All people aged 16 to 74 not in employment,220,103,117
S01008833,A B D E. Agriculture energy and water,5,4,1
S01008833,C. Manufacturing,12,5,7
S01008833,F. Construction,3,2,1
S01008833,G I. Distribution hotels and restaurants,30,13,17
S01008833,H J. Transport and communication,22,12,10
S01008833,K L M N. Financial real estate professional and administrative activities,30,15,15
S01008833,O P Q. Public administration education and health,77,23,54
S01008833,R S T U. Other,10,6,4
S01008833,Never worked,31,23,8
S01008834,All people aged 16 to 74 not in employment,259,105,154
S01008834,A B D E. Agriculture energy and water,3,2,1
S01008834,C. Manufacturing,14,5,9
S01008834,F. Construction,5,5,0
S01008834,G I. Distribution hotels and restaurants,25,16,9
S01008834,H J. Transport and communication,19,11,8
S01008834,K L M N. Financial real estate professional and administrative activities,58,20,38
S01008834,O P Q. Public administration education and health,77,21,56
S01008834,R S T U. Other,12,2,10
S01008834,Never worked,46,23,23
S01008835,All people aged 16 to 74 not in employment,197,82,115
S01008835,A B D E. Agriculture energy and water,5,2,3
S01008835,C. Manufacturing,13,8,5
S01008835,F. Construction,13,11,2
S01008835,G I. Distribution hotels and restaurants,26,12,14
S01008835,H J. Transport and communication,9,3,6
S01008835,K L M N. Financial real estate professional and administrative activities,40,14,26
S01008835,O P Q. Public administration education and health,49,17,32
S01008835,R S T U. Other,20,7,13
S01008835,Never worked,22,8,14
S01008836,All people aged 16 to 74 not in employment,161,85,76
S01008836,A B D E. Agriculture energy and water,2,2,0
S01008836,C. Manufacturing,14,7,7
S01008836,F. Construction,12,12,0
S01008836,G I. Distribution hotels and restaurants,23,14,9
S01008836,H J. Transport and communication,23,12,11
S01008836,K L M N. Financial real estate professional and administrative activities,25,19,6
S01008836,O P Q. Public administration education and health,29,5,24
S01008836,R S T U. Other,6,4,2
S01008836,Never worked,27,10,17
S01008837,All people aged 16 to 74 not in employment,195,100,95
S01008837,A B D E. Agriculture energy and water,5,5,0
S01008837,C. Manufacturing,10,5,5
S01008837,F. Construction,13,12,1
S01008837,G I. Distribution hotels and restaurants,20,10,10
S01008837,H J. Transport and communication,24,14,10
S01008837,K L M N. Financial real estate professional and administrative activities,34,15,19
S01008837,O P Q. Public administration education and health,37,15,22
S01008837,R S T U. Other,11,6,5
S01008837,Never worked,41,18,23
S01008838,All people aged 16 to 74 not in employment,206,93,113
S01008838,A B D E. Agriculture energy and water,4,4,0
S01008838,C. Manufacturing,8,5,3
S01008838,F. Construction,9,9,0
S01008838,G I. Distribution hotels and restaurants,31,14,17
S01008838,H J. Transport and communication,32,13,19
S01008838,K L M N. Financial real estate professional and administrative activities,35,13,22
S01008838,O P Q. Public administration education and health,38,13,25
S01008838,R S T U. Other,10,2,8
S01008838,Never worked,39,20,19
S01008839,All people aged 16 to 74 not in employment,221,106,115
S01008839,A B D E. Agriculture energy and water,1,1,0
S01008839,C. Manufacturing,11,6,5
S01008839,F. Construction,14,11,3
S01008839,G I. Distribution hotels and restaurants,43,24,19
S01008839,H J. Transport and communication,26,11,15
S01008839,K L M N. Financial real estate professional and administrative activities,29,11,18
S01008839,O P Q. Public administration education and health,55,23,32
S01008839,R S T U. Other,7,2,5
S01008839,Never worked,35,17,18
S01008840,All people aged 16 to 74 not in employment,225,75,150
S01008840,A B D E. Agriculture energy and water,1,0,1
S01008840,C. Manufacturing,6,2,4
S01008840,F. Construction,5,3,2
S01008840,G I. Distribution hotels and restaurants,39,13,26
S01008840,H J. Transport and communication,26,8,18
S01008840,K L M N. Financial real estate professional and administrative activities,49,10,39
S01008840,O P Q. Public administration education and health,43,13,30
S01008840,R S T U. Other,15,9,6
S01008840,Never worked,41,17,24
S01008841,All people aged 16 to 74 not in employment,98,42,56
S01008841,A B D E. Agriculture energy and water,3,2,1
S01008841,C. Manufacturing,2,2,0
S01008841,F. Construction,3,2,1
S01008841,G I. Distribution hotels and restaurants,21,8,13
S01008841,H J. Transport and communication,17,6,11
S01008841,K L M N. Financial real estate professional and administrative activities,20,8,12
S01008841,O P Q. Public administration education and health,14,3,11
S01008841,R S T U. Other,2,1,1
S01008841,Never worked,16,10,6
S01008842,All people aged 16 to 74 not in employment,171,79,92
S01008842,A B D E. Agriculture energy and water,1,1,0
S01008842,C. Manufacturing,7,2,5
S01008842,F. Construction,3,2,1
S01008842,G I. Distribution hotels and restaurants,27,10,17
S01008842,H J. Transport and communication,19,7,12
S01008842,K L M N. Financial real estate professional and administrative activities,18,11,7
S01008842,O P Q. Public administration education and health,35,14,21
S01008842,R S T U. Other,7,1,6
S01008842,Never worked,54,31,23
S01008843,All people aged 16 to 74 not in employment,255,103,152
S01008843,A B D E. Agriculture energy and water,2,2,0
S01008843,C. Manufacturing,15,12,3
S01008843,F. Construction,2,2,0
S01008843,G I. Distribution hotels and restaurants,43,23,20
S01008843,H J. Transport and communication,43,15,28
S01008843,K L M N. Financial real estate professional and administrative activities,30,12,18
S01008843,O P Q. Public administration education and health,38,13,25
S01008843,R S T U. Other,13,3,10
S01008843,Never worked,69,21,48
S01008844,All people aged 16 to 74 not in employment,163,56,107
S01008844,A B D E. Agriculture energy and water,2,2,0
S01008844,C. Manufacturing,9,8,1
S01008844,F. Construction,4,4,0
S01008844,G I. Distribution hotels and restaurants,24,10,14
S01008844,H J. Transport and communication,34,10,24
S01008844,K L M N. Financial real estate professional and administrative activities,23,6,17
S01008844,O P Q. Public administration education and health,32,6,26
S01008844,R S T U. Other,6,2,4
S01008844,Never worked,29,8,21
S01008845,All people aged 16 to 74 not in employment,277,131,146
S01008845,A B D E. Agriculture energy and water,1,1,0
S01008845,C. Manufacturing,4,2,2
S01008845,F. Construction,6,3,3
S01008845,G I. Distribution hotels and restaurants,33,12,21
S01008845,H J. Transport and communication,50,27,23
S01008845,K L M N. Financial real estate professional and administrative activities,33,18,15
S01008845,O P Q. Public administration education and health,60,23,37
S01008845,R S T U. Other,12,5,7
S01008845,Never worked,78,40,38
S01008846,All people aged 16 to 74 not in employment,237,115,122
S01008846,A B D E. Agriculture energy and water,6,2,4
S01008846,C. Manufacturing,8,3,5
S01008846,F. Construction,10,10,0
S01008846,G I. Distribution hotels and restaurants,34,18,16
S01008846,H J. Transport and communication,39,16,23
S01008846,K L M N. Financial real estate professional and administrative activities,15,4,11
S01008846,O P Q. Public administration education and health,48,22,26
S01008846,R S T U. Other,19,9,10
S01008846,Never worked,58,31,27
S01008847,All people aged 16 to 74 not in employment,186,88,98
S01008847,A B D E. Agriculture energy and water,3,3,0
S01008847,C. Manufacturing,9,4,5
S01008847,F. Construction,5,4,1
S01008847,G I. Distribution hotels and restaurants,22,11,11
S01008847,H J. Transport and communication,29,16,13
S01008847,K L M N. Financial real estate professional and administrative activities,37,16,21
S01008847,O P Q. Public administration education and health,33,11,22
S01008847,R S T U. Other,8,3,5
S01008847,Never worked,40,20,20
S01008848,All people aged 16 to 74 not in employment,229,108,121
S01008848,A B D E. Agriculture energy and water,6,4,2
S01008848,C. Manufacturing,3,1,2
S01008848,F. Construction,6,6,0
S01008848,G I. Distribution hotels and restaurants,23,11,12
S01008848,H J. Transport and communication,43,13,30
S01008848,K L M N. Financial real estate professional and administrative activities,29,16,13
S01008848,O P Q. Public administration education and health,39,11,28
S01008848,R S T U. Other,11,5,6
S01008848,Never worked,69,41,28
S01008849,All people aged 16 to 74 not in employment,188,84,104
S01008849,A B D E. Agriculture energy and water,0,0,0
S01008849,C. Manufacturing,7,2,5
S01008849,F. Construction,6,5,1
S01008849,G I. Distribution hotels and restaurants,20,11,9
S01008849,H J. Transport and communication,31,10,21
S01008849,K L M N. Financial real estate professional and administrative activities,30,11,19
S01008849,O P Q. Public administration education and health,39,10,29
S01008849,R S T U. Other,7,5,2
S01008849,Never worked,48,30,18
S01008850,All people aged 16 to 74 not in employment,275,122,153
S01008850,A B D E. Agriculture energy and water,4,2,2
S01008850,C. Manufacturing,9,6,3
S01008850,F. Construction,1,1,0
S01008850,G I. Distribution hotels and restaurants,22,6,16
S01008850,H J. Transport and communication,44,19,25
S01008850,K L M N. Financial real estate professional and administrative activities,41,21,20
S01008850,O P Q. Public administration education and health,65,21,44
S01008850,R S T U. Other,15,9,6
S01008850,Never worked,74,37,37
S01008851,All people aged 16 to 74 not in employment,283,140,143
S01008851,A B D E. Agriculture energy and water,8,4,4
S01008851,C. Manufacturing,9,5,4
S01008851,F. Construction,14,12,2
S01008851,G I. Distribution hotels and restaurants,32,17,15
S01008851,H J. Transport and communication,44,25,19
S01008851,K L M N. Financial real estate professional and administrative activities,49,30,19
S01008851,O P Q. Public administration education and health,71,29,42
S01008851,R S T U. Other,19,5,14
S01008851,Never worked,37,13,24
S01008852,All people aged 16 to 74 not in employment,274,102,172
S01008852,A B D E. Agriculture energy and water,2,0,2
S01008852,C. Manufacturing,7,1,6
S01008852,F. Construction,7,5,2
S01008852,G I. Distribution hotels and restaurants,16,7,9
S01008852,H J. Transport and communication,35,11,24
S01008852,K L M N. Financial real estate professional and administrative activities,68,22,46
S01008852,O P Q. Public administration education and health,81,25,56
S01008852,R S T U. Other,13,6,7
S01008852,Never worked,45,25,20
S01008853,All people aged 16 to 74 not in employment,149,42,107
S01008853,A B D E. Agriculture energy and water,0,0,0
S01008853,C. Manufacturing,6,2,4
S01008853,F. Construction,1,1,0
S01008853,G I. Distribution hotels and restaurants,13,2,11
S01008853,H J. Transport and communication,24,6,18
S01008853,K L M N. Financial real estate professional and administrative activities,24,10,14
S01008853,O P Q. Public administration education and health,31,6,25
S01008853,R S T U. Other,10,6,4
S01008853,Never worked,40,9,31
S01008854,All people aged 16 to 74 not in employment,280,143,137
S01008854,A B D E. Agriculture energy and water,3,2,1
S01008854,C. Manufacturing,9,5,4
S01008854,F. Construction,11,8,3
S01008854,G I. Distribution hotels and restaurants,28,10,18
S01008854,H J. Transport and communication,32,19,13
S01008854,K L M N. Financial real estate professional and administrative activities,47,31,16
S01008854,O P Q. Public administration education and health,63,23,40
S01008854,R S T U. Other,16,5,11
S01008854,Never worked,71,40,31
S01008855,All people aged 16 to 74 not in employment,237,99,138
S01008855,A B D E. Agriculture energy and water,0,0,0
S01008855,C. Manufacturing,8,3,5
S01008855,F. Construction,5,1,4
S01008855,G I. Distribution hotels and restaurants,34,16,18
S01008855,H J. Transport and communication,25,10,15
S01008855,K L M N. Financial real estate professional and administrative activities,50,18,32
S01008855,O P Q. Public administration education and health,60,21,39
S01008855,R S T U. Other,18,8,10
S01008855,Never worked,37,22,15
S01008856,All people aged 16 to 74 not in employment,103,43,60
S01008856,A B D E. Agriculture energy and water,0,0,0
S01008856,C. Manufacturing,2,2,0
S01008856,F. Construction,4,4,0
S01008856,G I. Distribution hotels and restaurants,15,6,9
S01008856,H J. Transport and communication,18,9,9
S01008856,K L M N. Financial real estate professional and administrative activities,16,7,9
S01008856,O P Q. Public administration education and health,23,6,17
S01008856,R S T U. Other,8,3,5
S01008856,Never worked,17,6,11
S01008857,All people aged 16 to 74 not in employment,131,55,76
S01008857,A B D E. Agriculture energy and water,1,1,0
S01008857,C. Manufacturing,5,3,2
S01008857,F. Construction,5,5,0
S01008857,G I. Distribution hotels and restaurants,21,7,14
S01008857,H J. Transport and communication,13,3,10
S01008857,K L M N. Financial real estate professional and administrative activities,16,5,11
S01008857,O P Q. Public administration education and health,42,12,30
S01008857,R S T U. Other,6,2,4
S01008857,Never worked,22,17,5
S01008858,All people aged 16 to 74 not in employment,114,37,77
S01008858,A B D E. Agriculture energy and water,0,0,0
S01008858,C. Manufacturing,6,2,4
S01008858,F. Construction,2,2,0
S01008858,G I. Distribution hotels and restaurants,10,7,3
S01008858,H J. Transport and communication,4,2,2
S01008858,K L M N. Financial real estate professional and administrative activities,20,6,14
S01008858,O P Q. Public administration education and health,49,8,41
S01008858,R S T U. Other,7,2,5
S01008858,Never worked,16,8,8
S01008859,All people aged 16 to 74 not in employment,192,92,100
S01008859,A B D E. Agriculture energy and water,2,1,1
S01008859,C. Manufacturing,16,13,3
S01008859,F. Construction,6,4,2
S01008859,G I. Distribution hotels and restaurants,33,15,18
S01008859,H J. Transport and communication,23,16,7
S01008859,K L M N. Financial real estate professional and administrative activities,28,15,13
S01008859,O P Q. Public administration education and health,55,19,36
S01008859,R S T U. Other,14,5,9
S01008859,Never worked,15,4,11
S01008860,All people aged 16 to 74 not in employment,201,83,118
S01008860,A B D E. Agriculture energy and water,2,2,0
S01008860,C. Manufacturing,7,4,3
S01008860,F. Construction,13,13,0
S01008860,G I. Distribution hotels and restaurants,13,3,10
S01008860,H J. Transport and communication,34,15,19
S01008860,K L M N. Financial real estate professional and administrative activities,34,18,16
S01008860,O P Q. Public administration education and health,48,10,38
S01008860,R S T U. Other,12,3,9
S01008860,Never worked,38,15,23
S01008861,All people aged 16 to 74 not in employment,168,57,111
S01008861,A B D E. Agriculture energy and water,0,0,0
S01008861,C. Manufacturing,7,2,5
S01008861,F. Construction,4,2,2
S01008861,G I. Distribution hotels and restaurants,5,2,3
S01008861,H J. Transport and communication,17,4,13
S01008861,K L M N. Financial real estate professional and administrative activities,34,10,24
S01008861,O P Q. Public administration education and health,61,18,43
S01008861,R S T U. Other,6,1,5
S01008861,Never worked,34,18,16
S01008862,All people aged 16 to 74 not in employment,163,78,85
S01008862,A B D E. Agriculture energy and water,3,1,2
S01008862,C. Manufacturing,7,3,4
S01008862,F. Construction,5,4,1
S01008862,G I. Distribution hotels and restaurants,23,13,10
S01008862,H J. Transport and communication,21,11,10
S01008862,K L M N. Financial real estate professional and administrative activities,32,16,16
S01008862,O P Q. Public administration education and health,51,19,32
S01008862,R S T U. Other,7,4,3
S01008862,Never worked,14,7,7
S01008863,All people aged 16 to 74 not in employment,121,54,67
S01008863,A B D E. Agriculture energy and water,4,4,0
S01008863,C. Manufacturing,7,5,2
S01008863,F. Construction,5,4,1
S01008863,G I. Distribution hotels and restaurants,15,4,11
S01008863,H J. Transport and communication,10,5,5
S01008863,K L M N. Financial real estate professional and administrative activities,25,11,14
S01008863,O P Q. Public administration education and health,35,10,25
S01008863,R S T U. Other,7,2,5
S01008863,Never worked,13,9,4
S01008864,All people aged 16 to 74 not in employment,360,188,172
S01008864,A B D E. Agriculture energy and water,5,4,1
S01008864,C. Manufacturing,9,6,3
S01008864,F. Construction,2,2,0
S01008864,G I. Distribution hotels and restaurants,19,11,8
S01008864,H J. Transport and communication,13,5,8
S01008864,K L M N. Financial real estate professional and administrative activities,28,7,21
S01008864,O P Q. Public administration education and health,37,12,25
S01008864,R S T U. Other,10,4,6
S01008864,Never worked,237,137,100
S01008865,All people aged 16 to 74 not in employment,165,74,91
S01008865,A B D E. Agriculture energy and water,0,0,0
S01008865,C. Manufacturing,5,3,2
S01008865,F. Construction,5,5,0
S01008865,G I. Distribution hotels and restaurants,25,11,14
S01008865,H J. Transport and communication,16,9,7
S01008865,K L M N. Financial real estate professional and administrative activities,33,12,21
S01008865,O P Q. Public administration education and health,49,17,32
S01008865,R S T U. Other,9,7,2
S01008865,Never worked,23,10,13
S01008866,All people aged 16 to 74 not in employment,118,54,64
S01008866,A B D E. Agriculture energy and water,4,2,2
S01008866,C. Manufacturing,5,1,4
S01008866,F. Construction,4,4,0
S01008866,G I. Distribution hotels and restaurants,16,11,5
S01008866,H J. Transport and communication,14,9,5
S01008866,K L M N. Financial real estate professional and administrative activities,20,8,12
S01008866,O P Q. Public administration education and health,40,12,28
S01008866,R S T U. Other,5,0,5
S01008866,Never worked,10,7,3
S01008867,All people aged 16 to 74 not in employment,154,54,100
S01008867,A B D E. Agriculture energy and water,2,2,0
S01008867,C. Manufacturing,3,3,0
S01008867,F. Construction,5,3,2
S01008867,G I. Distribution hotels and restaurants,22,7,15
S01008867,H J. Transport and communication,19,4,15
S01008867,K L M N. Financial real estate professional and administrative activities,38,13,25
S01008867,O P Q. Public administration education and health,43,12,31
S01008867,R S T U. Other,8,3,5
S01008867,Never worked,14,7,7
S01008868,All people aged 16 to 74 not in employment,191,85,106
S01008868,A B D E. Agriculture energy and water,3,1,2
S01008868,C. Manufacturing,8,5,3
S01008868,F. Construction,2,2,0
S01008868,G I. Distribution hotels and restaurants,20,10,10
S01008868,H J. Transport and communication,28,16,12
S01008868,K L M N. Financial real estate professional and administrative activities,32,15,17
S01008868,O P Q. Public administration education and health,46,9,37
S01008868,R S T U. Other,12,5,7
S01008868,Never worked,40,22,18
S01008869,All people aged 16 to 74 not in employment,242,103,139
S01008869,A B D E. Agriculture energy and water,6,6,0
S01008869,C. Manufacturing,7,5,2
S01008869,F. Construction,12,10,2
S01008869,G I. Distribution hotels and restaurants,25,11,14
S01008869,H J. Transport and communication,24,10,14
S01008869,K L M N. Financial real estate professional and administrative activities,55,19,36
S01008869,O P Q. Public administration education and health,63,23,40
S01008869,R S T U. Other,15,6,9
S01008869,Never worked,35,13,22
S01008870,All people aged 16 to 74 not in employment,153,61,92
S01008870,A B D E. Agriculture energy and water,1,1,0
S01008870,C. Manufacturing,9,4,5
S01008870,F. Construction,8,8,0
S01008870,G I. Distribution hotels and restaurants,17,8,9
S01008870,H J. Transport and communication,15,2,13
S01008870,K L M N. Financial real estate professional and administrative activities,37,14,23
S01008870,O P Q. Public administration education and health,42,13,29
S01008870,R S T U. Other,8,5,3
S01008870,Never worked,16,6,10
S01008871,All people aged 16 to 74 not in employment,289,146,143
S01008871,A B D E. Agriculture energy and water,10,4,6
S01008871,C. Manufacturing,17,11,6
S01008871,F. Construction,4,3,1
S01008871,G I. Distribution hotels and restaurants,33,16,17
S01008871,H J. Transport and communication,35,17,18
S01008871,K L M N. Financial real estate professional and administrative activities,50,26,24
S01008871,O P Q. Public administration education and health,59,21,38
S01008871,R S T U. Other,18,10,8
S01008871,Never worked,63,38,25
S01008872,All people aged 16 to 74 not in employment,235,143,92
S01008872,A B D E. Agriculture energy and water,3,2,1
S01008872,C. Manufacturing,8,7,1
S01008872,F. Construction,13,13,0
S01008872,G I. Distribution hotels and restaurants,28,25,3
S01008872,H J. Transport and communication,37,24,13
S01008872,K L M N. Financial real estate professional and administrative activities,39,20,19
S01008872,O P Q. Public administration education and health,51,15,36
S01008872,R S T U. Other,13,10,3
S01008872,Never worked,43,27,16
S01008873,All people aged 16 to 74 not in employment,129,50,79
S01008873,A B D E. Agriculture energy and water,0,0,0
S01008873,C. Manufacturing,7,3,4
S01008873,F. Construction,1,0,1
S01008873,G I. Distribution hotels and restaurants,10,5,5
S01008873,H J. Transport and communication,13,7,6
S01008873,K L M N. Financial real estate professional and administrative activities,29,15,14
S01008873,O P Q. Public administration education and health,38,7,31
S01008873,R S T U. Other,6,1,5
S01008873,Never worked,25,12,13
S01008874,All people aged 16 to 74 not in employment,190,85,105
S01008874,A B D E. Agriculture energy and water,2,0,2
S01008874,C. Manufacturing,15,11,4
S01008874,F. Construction,3,2,1
S01008874,G I. Distribution hotels and restaurants,23,14,9
S01008874,H J. Transport and communication,24,11,13
S01008874,K L M N. Financial real estate professional and administrative activities,30,14,16
S01008874,O P Q. Public administration education and health,51,12,39
S01008874,R S T U. Other,15,8,7
S01008874,Never worked,27,13,14
S01008875,All people aged 16 to 74 not in employment,163,79,84
S01008875,A B D E. Agriculture energy and water,1,1,0
S01008875,C. Manufacturing,6,5,1
S01008875,F. Construction,4,4,0
S01008875,G I. Distribution hotels and restaurants,21,8,13
S01008875,H J. Transport and communication,22,9,13
S01008875,K L M N. Financial real estate professional and administrative activities,24,12,12
S01008875,O P Q. Public administration education and health,45,15,30
S01008875,R S T U. Other,9,5,4
S01008875,Never worked,31,20,11
S01008876,All people aged 16 to 74 not in employment,113,49,64
S01008876,A B D E. Agriculture energy and water,1,1,0
S01008876,C. Manufacturing,6,5,1
S01008876,F. Construction,2,2,0
S01008876,G I. Distribution hotels and restaurants,18,8,10
S01008876,H J. Transport and communication,10,7,3
S01008876,K L M N. Financial real estate professional and administrative activities,17,3,14
S01008876,O P Q. Public administration education and health,35,13,22
S01008876,R S T U. Other,2,2,0
S01008876,Never worked,22,8,14
S01008877,All people aged 16 to 74 not in employment,109,46,63
S01008877,A B D E. Agriculture energy and water,2,2,0
S01008877,C. Manufacturing,3,3,0
S01008877,F. Construction,4,4,0
S01008877,G I. Distribution hotels and restaurants,11,7,4
S01008877,H J. Transport and communication,7,3,4
S01008877,K L M N. Financial real estate professional and administrative activities,16,4,12
S01008877,O P Q. Public administration education and health,39,8,31
S01008877,R S T U. Other,4,2,2
S01008877,Never worked,23,13,10
S01008878,All people aged 16 to 74 not in employment,218,91,127
S01008878,A B D E. Agriculture energy and water,1,1,0
S01008878,C. Manufacturing,11,6,5
S01008878,F. Construction,13,8,5
S01008878,G I. Distribution hotels and restaurants,41,20,21
S01008878,H J. Transport and communication,22,12,10
S01008878,K L M N. Financial real estate professional and administrative activities,43,17,26
S01008878,O P Q. Public administration education and health,52,13,39
S01008878,R S T U. Other,9,3,6
S01008878,Never worked,26,11,15
S01008879,All people aged 16 to 74 not in employment,183,82,101
S01008879,A B D E. Agriculture energy and water,5,3,2
S01008879,C. Manufacturing,10,8,2
S01008879,F. Construction,18,14,4
S01008879,G I. Distribution hotels and restaurants,28,15,13
S01008879,H J. Transport and communication,15,3,12
S01008879,K L M N. Financial real estate professional and administrative activities,30,13,17
S01008879,O P Q. Public administration education and health,50,11,39
S01008879,R S T U. Other,5,1,4
S01008879,Never worked,22,14,8
S01008880,All people aged 16 to 74 not in employment,113,42,71
S01008880,A B D E. Agriculture energy and water,4,2,2
S01008880,C. Manufacturing,7,6,1
S01008880,F. Construction,2,2,0
S01008880,G I. Distribution hotels and restaurants,13,9,4
S01008880,H J. Transport and communication,12,1,11
S01008880,K L M N. Financial real estate professional and administrative activities,19,7,12
S01008880,O P Q. Public administration education and health,37,10,27
S01008880,R S T U. Other,2,1,1
S01008880,Never worked,17,4,13
S01008881,All people aged 16 to 74 not in employment,151,54,97
S01008881,A B D E. Agriculture energy and water,1,1,0
S01008881,C. Manufacturing,5,2,3
S01008881,F. Construction,6,4,2
S01008881,G I. Distribution hotels and restaurants,18,7,11
S01008881,H J. Transport and communication,11,6,5
S01008881,K L M N. Financial real estate professional and administrative activities,37,16,21
S01008881,O P Q. Public administration education and health,45,8,37
S01008881,R S T U. Other,10,6,4
S01008881,Never worked,18,4,14
S01008882,All people aged 16 to 74 not in employment,272,90,182
S01008882,A B D E. Agriculture energy and water,1,1,0
S01008882,C. Manufacturing,9,8,1
S01008882,F. Construction,3,2,1
S01008882,G I. Distribution hotels and restaurants,18,6,12
S01008882,H J. Transport and communication,20,7,13
S01008882,K L M N. Financial real estate professional and administrative activities,66,26,40
S01008882,O P Q. Public administration education and health,61,14,47
S01008882,R S T U. Other,13,4,9
S01008882,Never worked,81,22,59
S01008883,All people aged 16 to 74 not in employment,212,72,140
S01008883,A B D E. Agriculture energy and water,3,1,2
S01008883,C. Manufacturing,13,9,4
S01008883,F. Construction,3,1,2
S01008883,G I. Distribution hotels and restaurants,24,8,16
S01008883,H J. Transport and communication,10,6,4
S01008883,K L M N. Financial real estate professional and administrative activities,51,21,30
S01008883,O P Q. Public administration education and health,62,5,57
S01008883,R S T U. Other,6,1,5
S01008883,Never worked,40,20,20
S01008884,All people aged 16 to 74 not in employment,190,71,119
S01008884,A B D E. Agriculture energy and water,3,1,2
S01008884,C. Manufacturing,13,8,5
S01008884,F. Construction,9,8,1
S01008884,G I. Distribution hotels and restaurants,13,7,6
S01008884,H J. Transport and communication,12,5,7
S01008884,K L M N. Financial real estate professional and administrative activities,46,22,24
S01008884,O P Q. Public administration education and health,53,9,44
S01008884,R S T U. Other,8,2,6
S01008884,Never worked,33,9,24
S01008885,All people aged 16 to 74 not in employment,193,72,121
S01008885,A B D E. Agriculture energy and water,4,3,1
S01008885,C. Manufacturing,5,1,4
S01008885,F. Construction,4,2,2
S01008885,G I. Distribution hotels and restaurants,18,9,9
S01008885,H J. Transport and communication,14,5,9
S01008885,K L M N. Financial real estate professional and administrative activities,42,17,25
S01008885,O P Q. Public administration education and health,57,15,42
S01008885,R S T U. Other,9,3,6
S01008885,Never worked,40,17,23
S01008886,All people aged 16 to 74 not in employment,220,92,128
S01008886,A B D E. Agriculture energy and water,6,3,3
S01008886,C. Manufacturing,13,6,7
S01008886,F. Construction,3,2,1
S01008886,G I. Distribution hotels and restaurants,23,6,17
S01008886,H J. Transport and communication,18,9,9
S01008886,K L M N. Financial real estate professional and administrative activities,50,23,27
S01008886,O P Q. Public administration education and health,52,17,35
S01008886,R S T U. Other,11,1,10
S01008886,Never worked,44,25,19
S01008887,All people aged 16 to 74 not in employment,169,78,91
S01008887,A B D E. Agriculture energy and water,2,2,0
S01008887,C. Manufacturing,6,2,4
S01008887,F. Construction,6,5,1
S01008887,G I. Distribution hotels and restaurants,25,13,12
S01008887,H J. Transport and communication,9,5,4
S01008887,K L M N. Financial real estate professional and administrative activities,21,11,10
S01008887,O P Q. Public administration education and health,58,17,41
S01008887,R S T U. Other,9,6,3
S01008887,Never worked,33,17,16
S01008888,All people aged 16 to 74 not in employment,126,56,70
S01008888,A B D E. Agriculture energy and water,1,1,0
S01008888,C. Manufacturing,5,4,1
S01008888,F. Construction,4,4,0
S01008888,G I. Distribution hotels and restaurants,18,10,8
S01008888,H J. Transport and communication,9,5,4
S01008888,K L M N. Financial real estate professional and administrative activities,28,11,17
S01008888,O P Q. Public administration education and health,28,6,22
S01008888,R S T U. Other,5,0,5
S01008888,Never worked,28,15,13
S01008889,All people aged 16 to 74 not in employment,107,35,72
S01008889,A B D E. Agriculture energy and water,1,1,0
S01008889,C. Manufacturing,10,7,3
S01008889,F. Construction,7,4,3
S01008889,G I. Distribution hotels and restaurants,13,3,10
S01008889,H J. Transport and communication,10,2,8
S01008889,K L M N. Financial real estate professional and administrative activities,16,8,8
S01008889,O P Q. Public administration education and health,29,4,25
S01008889,R S T U. Other,3,1,2
S01008889,Never worked,18,5,13
S01008890,All people aged 16 to 74 not in employment,154,72,82
S01008890,A B D E. Agriculture energy and water,1,1,0
S01008890,C. Manufacturing,9,6,3
S01008890,F. Construction,6,5,1
S01008890,G I. Distribution hotels and restaurants,24,13,11
S01008890,H J. Transport and communication,9,8,1
S01008890,K L M N. Financial real estate professional and administrative activities,22,9,13
S01008890,O P Q. Public administration education and health,53,18,35
S01008890,R S T U. Other,8,3,5
S01008890,Never worked,22,9,13
S01008891,All people aged 16 to 74 not in employment,169,76,93
S01008891,A B D E. Agriculture energy and water,4,1,3
S01008891,C. Manufacturing,7,6,1
S01008891,F. Construction,6,4,2
S01008891,G I. Distribution hotels and restaurants,16,7,9
S01008891,H J. Transport and communication,14,9,5
S01008891,K L M N. Financial real estate professional and administrative activities,34,13,21
S01008891,O P Q. Public administration education and health,58,20,38
S01008891,R S T U. Other,9,2,7
S01008891,Never worked,21,14,7
S01008892,All people aged 16 to 74 not in employment,218,76,142
S01008892,A B D E. Agriculture energy and water,6,3,3
S01008892,C. Manufacturing,9,3,6
S01008892,F. Construction,6,6,0
S01008892,G I. Distribution hotels and restaurants,47,15,32
S01008892,H J. Transport and communication,14,4,10
S01008892,K L M N. Financial real estate professional and administrative activities,38,17,21
S01008892,O P Q. Public administration education and health,70,14,56
S01008892,R S T U. Other,7,4,3
S01008892,Never worked,21,10,11
S01008893,All people aged 16 to 74 not in employment,187,90,97
S01008893,A B D E. Agriculture energy and water,4,2,2
S01008893,C. Manufacturing,7,6,1
S01008893,F. Construction,8,7,1
S01008893,G I. Distribution hotels and restaurants,20,6,14
S01008893,H J. Transport and communication,18,8,10
S01008893,K L M N. Financial real estate professional and administrative activities,35,19,16
S01008893,O P Q. Public administration education and health,56,16,40
S01008893,R S T U. Other,8,7,1
S01008893,Never worked,31,19,12
S01008894,All people aged 16 to 74 not in employment,221,89,132
S01008894,A B D E. Agriculture energy and water,5,3,2
S01008894,C. Manufacturing,9,6,3
S01008894,F. Construction,9,5,4
S01008894,G I. Distribution hotels and restaurants,29,14,15
S01008894,H J. Transport and communication,22,11,11
S01008894,K L M N. Financial real estate professional and administrative activities,45,26,19
S01008894,O P Q. Public administration education and health,70,15,55
S01008894,R S T U. Other,12,1,11
S01008894,Never worked,20,8,12
S01008895,All people aged 16 to 74 not in employment,169,57,112
S01008895,A B D E. Agriculture energy and water,4,1,3
S01008895,C. Manufacturing,8,6,2
S01008895,F. Construction,6,3,3
S01008895,G I. Distribution hotels and restaurants,16,8,8
S01008895,H J. Transport and communication,10,3,7
S01008895,K L M N. Financial real estate professional and administrative activities,31,9,22
S01008895,O P Q. Public administration education and health,67,14,53
S01008895,R S T U. Other,13,3,10
S01008895,Never worked,14,10,4
S01008896,All people aged 16 to 74 not in employment,116,45,71
S01008896,A B D E. Agriculture energy and water,0,0,0
S01008896,C. Manufacturing,8,3,5
S01008896,F. Construction,2,2,0
S01008896,G I. Distribution hotels and restaurants,8,5,3
S01008896,H J. Transport and communication,9,3,6
S01008896,K L M N. Financial real estate professional and administrative activities,15,4,11
S01008896,O P Q. Public administration education and health,47,15,32
S01008896,R S T U. Other,4,1,3
S01008896,Never worked,23,12,11
S01008897,All people aged 16 to 74 not in employment,159,53,106
S01008897,A B D E. Agriculture energy and water,2,2,0
S01008897,C. Manufacturing,7,3,4
S01008897,F. Construction,7,5,2
S01008897,G I. Distribution hotels and restaurants,19,11,8
S01008897,H J. Transport and communication,16,7,9
S01008897,K L M N. Financial real estate professional and administrative activities,23,7,16
S01008897,O P Q. Public administration education and health,53,9,44
S01008897,R S T U. Other,10,4,6
S01008897,Never worked,22,5,17
S01008898,All people aged 16 to 74 not in employment,209,82,127
S01008898,A B D E. Agriculture energy and water,3,1,2
S01008898,C. Manufacturing,8,3,5
S01008898,F. Construction,4,3,1
S01008898,G I. Distribution hotels and restaurants,18,10,8
S01008898,H J. Transport and communication,14,3,11
S01008898,K L M N. Financial real estate professional and administrative activities,41,18,23
S01008898,O P Q. Public administration education and health,80,21,59
S01008898,R S T U. Other,7,2,5
S01008898,Never worked,34,21,13
S01008899,All people aged 16 to 74 not in employment,256,110,146
S01008899,A B D E. Agriculture energy and water,7,2,5
S01008899,C. Manufacturing,15,8,7
S01008899,F. Construction,25,22,3
S01008899,G I. Distribution hotels and restaurants,47,21,26
S01008899,H J. Transport and communication,20,9,11
S01008899,K L M N. Financial real estate professional and administrative activities,35,14,21
S01008899,O P Q. Public administration education and health,55,12,43
S01008899,R S T U. Other,8,3,5
S01008899,Never worked,44,19,25
S01008900,All people aged 16 to 74 not in employment,241,101,140
S01008900,A B D E. Agriculture energy and water,4,2,2
S01008900,C. Manufacturing,14,10,4
S01008900,F. Construction,20,18,2
S01008900,G I. Distribution hotels and restaurants,47,24,23
S01008900,H J. Transport and communication,21,8,13
S01008900,K L M N. Financial real estate professional and administrative activities,24,11,13
S01008900,O P Q. Public administration education and health,60,12,48
S01008900,R S T U. Other,9,2,7
S01008900,Never worked,42,14,28
S01008901,All people aged 16 to 74 not in employment,230,102,128
S01008901,A B D E. Agriculture energy and water,2,1,1
S01008901,C. Manufacturing,19,9,10
S01008901,F. Construction,20,18,2
S01008901,G I. Distribution hotels and restaurants,37,20,17
S01008901,H J. Transport and communication,21,9,12
S01008901,K L M N. Financial real estate professional and administrative activities,18,10,8
S01008901,O P Q. Public administration education and health,47,6,41
S01008901,R S T U. Other,13,4,9
S01008901,Never worked,53,25,28
S01008902,All people aged 16 to 74 not in employment,283,114,169
S01008902,A B D E. Agriculture energy and water,3,2,1
S01008902,C. Manufacturing,13,6,7
S01008902,F. Construction,15,13,2
S01008902,G I. Distribution hotels and restaurants,52,21,31
S01008902,H J. Transport and communication,25,10,15
S01008902,K L M N. Financial real estate professional and administrative activities,29,12,17
S01008902,O P Q. Public administration education and health,55,14,41
S01008902,R S T U. Other,14,4,10
S01008902,Never worked,77,32,45
S01008903,All people aged 16 to 74 not in employment,264,120,144
S01008903,A B D E. Agriculture energy and water,2,2,0
S01008903,C. Manufacturing,24,14,10
S01008903,F. Construction,33,30,3
S01008903,G I. Distribution hotels and restaurants,46,24,22
S01008903,H J. Transport and communication,16,6,10
S01008903,K L M N. Financial real estate professional and administrative activities,19,5,14
S01008903,O P Q. Public administration education and health,66,13,53
S01008903,R S T U. Other,12,2,10
S01008903,Never worked,46,24,22
S01008904,All people aged 16 to 74 not in employment,322,142,180
S01008904,A B D E. Agriculture energy and water,6,6,0
S01008904,C. Manufacturing,14,6,8
S01008904,F. Construction,18,18,0
S01008904,G I. Distribution hotels and restaurants,42,23,19
S01008904,H J. Transport and communication,29,6,23
S01008904,K L M N. Financial real estate professional and administrative activities,30,11,19
S01008904,O P Q. Public administration education and health,47,10,37
S01008904,R S T U. Other,11,5,6
S01008904,Never worked,125,57,68
S01008905,All people aged 16 to 74 not in employment,395,181,214
S01008905,A B D E. Agriculture energy and water,9,7,2
S01008905,C. Manufacturing,22,16,6
S01008905,F. Construction,21,20,1
S01008905,G I. Distribution hotels and restaurants,82,37,45
S01008905,H J. Transport and communication,50,34,16
S01008905,K L M N. Financial real estate professional and administrative activities,35,10,25
S01008905,O P Q. Public administration education and health,61,14,47
S01008905,R S T U. Other,21,4,17
S01008905,Never worked,94,39,55
S01008906,All people aged 16 to 74 not in employment,275,126,149
S01008906,A B D E. Agriculture energy and water,3,2,1
S01008906,C. Manufacturing,11,5,6
S01008906,F. Construction,24,21,3
S01008906,G I. Distribution hotels and restaurants,59,31,28
S01008906,H J. Transport and communication,38,20,18
S01008906,K L M N. Financial real estate professional and administrative activities,31,13,18
S01008906,O P Q. Public administration education and health,48,11,37
S01008906,R S T U. Other,13,4,9
S01008906,Never worked,48,19,29
S01008907,All people aged 16 to 74 not in employment,222,83,139
S01008907,A B D E. Agriculture energy and water,4,3,1
S01008907,C. Manufacturing,7,4,3
S01008907,F. Construction,17,15,2
S01008907,G I. Distribution hotels and restaurants,39,15,24
S01008907,H J. Transport and communication,26,10,16
S01008907,K L M N. Financial real estate professional and administrative activities,21,4,17
S01008907,O P Q. Public administration education and health,29,4,25
S01008907,R S T U. Other,12,3,9
S01008907,Never worked,67,25,42
S01008908,All people aged 16 to 74 not in employment,288,125,163
S01008908,A B D E. Agriculture energy and water,7,3,4
S01008908,C. Manufacturing,13,8,5
S01008908,F. Construction,16,13,3
S01008908,G I. Distribution hotels and restaurants,60,32,28
S01008908,H J. Transport and communication,31,10,21
S01008908,K L M N. Financial real estate professional and administrative activities,36,16,20
S01008908,O P Q. Public administration education and health,46,13,33
S01008908,R S T U. Other,6,1,5
S01008908,Never worked,73,29,44
S01008909,All people aged 16 to 74 not in employment,206,82,124
S01008909,A B D E. Agriculture energy and water,9,3,6
S01008909,C. Manufacturing,12,8,4
S01008909,F. Construction,15,13,2
S01008909,G I. Distribution hotels and restaurants,48,19,29
S01008909,H J. Transport and communication,10,5,5
S01008909,K L M N. Financial real estate professional and administrative activities,34,8,26
S01008909,O P Q. Public administration education and health,39,7,32
S01008909,R S T U. Other,6,1,5
S01008909,Never worked,33,18,15
S01008910,All people aged 16 to 74 not in employment,98,35,63
S01008910,A B D E. Agriculture energy and water,0,0,0
S01008910,C. Manufacturing,7,5,2
S01008910,F. Construction,5,5,0
S01008910,G I. Distribution hotels and restaurants,11,5,6
S01008910,H J. Transport and communication,10,3,7
S01008910,K L M N. Financial real estate professional and administrative activities,14,3,11
S01008910,O P Q. Public administration education and health,19,2,17
S01008910,R S T U. Other,6,2,4
S01008910,Never worked,26,10,16
S01008911,All people aged 16 to 74 not in employment,144,51,93
S01008911,A B D E. Agriculture energy and water,2,1,1
S01008911,C. Manufacturing,3,3,0
S01008911,F. Construction,4,4,0
S01008911,G I. Distribution hotels and restaurants,38,13,25
S01008911,H J. Transport and communication,17,10,7
S01008911,K L M N. Financial real estate professional and administrative activities,24,5,19
S01008911,O P Q. Public administration education and health,30,6,24
S01008911,R S T U. Other,7,2,5
S01008911,Never worked,19,7,12
S01008912,All people aged 16 to 74 not in employment,167,64,103
S01008912,A B D E. Agriculture energy and water,6,1,5
S01008912,C. Manufacturing,13,8,5
S01008912,F. Construction,9,8,1
S01008912,G I. Distribution hotels and restaurants,25,10,15
S01008912,H J. Transport and communication,14,8,6
S01008912,K L M N. Financial real estate professional and administrative activities,24,10,14
S01008912,O P Q. Public administration education and health,50,12,38
S01008912,R S T U. Other,6,2,4
S01008912,Never worked,20,5,15
S01008913,All people aged 16 to 74 not in employment,117,46,71
S01008913,A B D E. Agriculture energy and water,3,3,0
S01008913,C. Manufacturing,1,1,0
S01008913,F. Construction,5,4,1
S01008913,G I. Distribution hotels and restaurants,32,12,20
S01008913,H J. Transport and communication,5,4,1
S01008913,K L M N. Financial real estate professional and administrative activities,13,3,10
S01008913,O P Q. Public administration education and health,24,3,21
S01008913,R S T U. Other,7,3,4
S01008913,Never worked,27,13,14
S01008914,All people aged 16 to 74 not in employment,191,89,102
S01008914,A B D E. Agriculture energy and water,2,2,0
S01008914,C. Manufacturing,18,13,5
S01008914,F. Construction,19,14,5
S01008914,G I. Distribution hotels and restaurants,31,13,18
S01008914,H J. Transport and communication,12,5,7
S01008914,K L M N. Financial real estate professional and administrative activities,28,9,19
S01008914,O P Q. Public administration education and health,48,13,35
S01008914,R S T U. Other,6,5,1
S01008914,Never worked,27,15,12
S01008915,All people aged 16 to 74 not in employment,130,55,75
S01008915,A B D E. Agriculture energy and water,1,0,1
S01008915,C. Manufacturing,9,3,6
S01008915,F. Construction,8,7,1
S01008915,G I. Distribution hotels and restaurants,13,6,7
S01008915,H J. Transport and communication,8,4,4
S01008915,K L M N. Financial real estate professional and administrative activities,12,4,8
S01008915,O P Q. Public administration education and health,37,8,29
S01008915,R S T U. Other,8,3,5
S01008915,Never worked,34,20,14
S01008916,All people aged 16 to 74 not in employment,376,177,199
S01008916,A B D E. Agriculture energy and water,13,7,6
S01008916,C. Manufacturing,44,31,13
S01008916,F. Construction,23,21,2
S01008916,G I. Distribution hotels and restaurants,69,31,38
S01008916,H J. Transport and communication,40,24,16
S01008916,K L M N. Financial real estate professional and administrative activities,48,18,30
S01008916,O P Q. Public administration education and health,71,23,48
S01008916,R S T U. Other,17,5,12
S01008916,Never worked,51,17,34
S01008917,All people aged 16 to 74 not in employment,255,127,128
S01008917,A B D E. Agriculture energy and water,4,4,0
S01008917,C. Manufacturing,22,14,8
S01008917,F. Construction,16,15,1
S01008917,G I. Distribution hotels and restaurants,36,18,18
S01008917,H J. Transport and communication,30,15,15
S01008917,K L M N. Financial real estate professional and administrative activities,35,20,15
S01008917,O P Q. Public administration education and health,47,10,37
S01008917,R S T U. Other,12,5,7
S01008917,Never worked,53,26,27
S01008918,All people aged 16 to 74 not in employment,212,98,114
S01008918,A B D E. Agriculture energy and water,6,4,2
S01008918,C. Manufacturing,10,6,4
S01008918,F. Construction,11,11,0
S01008918,G I. Distribution hotels and restaurants,30,11,19
S01008918,H J. Transport and communication,27,16,11
S01008918,K L M N. Financial real estate professional and administrative activities,22,13,9
S01008918,O P Q. Public administration education and health,36,10,26
S01008918,R S T U. Other,14,8,6
S01008918,Never worked,56,19,37
S01008919,All people aged 16 to 74 not in employment,202,91,111
S01008919,A B D E. Agriculture energy and water,1,1,0
S01008919,C. Manufacturing,14,8,6
S01008919,F. Construction,9,9,0
S01008919,G I. Distribution hotels and restaurants,26,12,14
S01008919,H J. Transport and communication,26,13,13
S01008919,K L M N. Financial real estate professional and administrative activities,29,15,14
S01008919,O P Q. Public administration education and health,36,7,29
S01008919,R S T U. Other,6,2,4
S01008919,Never worked,55,24,31
S01008920,All people aged 16 to 74 not in employment,190,75,115
S01008920,A B D E. Agriculture energy and water,2,0,2
S01008920,C. Manufacturing,11,9,2
S01008920,F. Construction,16,12,4
S01008920,G I. Distribution hotels and restaurants,27,6,21
S01008920,H J. Transport and communication,18,7,11
S01008920,K L M N. Financial real estate professional and administrative activities,27,11,16
S01008920,O P Q. Public administration education and health,38,11,27
S01008920,R S T U. Other,10,3,7
S01008920,Never worked,41,16,25
S01008921,All people aged 16 to 74 not in employment,278,124,154
S01008921,A B D E. Agriculture energy and water,7,5,2
S01008921,C. Manufacturing,16,10,6
S01008921,F. Construction,21,21,0
S01008921,G I. Distribution hotels and restaurants,48,18,30
S01008921,H J. Transport and communication,38,10,28
S01008921,K L M N. Financial real estate professional and administrative activities,35,22,13
S01008921,O P Q. Public administration education and health,34,9,25
S01008921,R S T U. Other,12,3,9
S01008921,Never worked,67,26,41
S01008922,All people aged 16 to 74 not in employment,256,111,145
S01008922,A B D E. Agriculture energy and water,4,4,0
S01008922,C. Manufacturing,16,6,10
S01008922,F. Construction,18,17,1
S01008922,G I. Distribution hotels and restaurants,38,16,22
S01008922,H J. Transport and communication,29,13,16
S01008922,K L M N. Financial real estate professional and administrative activities,37,17,20
S01008922,O P Q. Public administration education and health,51,12,39
S01008922,R S T U. Other,13,4,9
S01008922,Never worked,50,22,28
S01008923,All people aged 16 to 74 not in employment,205,85,120
S01008923,A B D E. Agriculture energy and water,3,2,1
S01008923,C. Manufacturing,14,9,5
S01008923,F. Construction,17,13,4
S01008923,G I. Distribution hotels and restaurants,41,26,15
S01008923,H J. Transport and communication,24,14,10
S01008923,K L M N. Financial real estate professional and administrative activities,33,8,25
S01008923,O P Q. Public administration education and health,34,1,33
S01008923,R S T U. Other,9,2,7
S01008923,Never worked,30,10,20
S01008924,All people aged 16 to 74 not in employment,305,116,189
S01008924,A B D E. Agriculture energy and water,3,2,1
S01008924,C. Manufacturing,12,9,3
S01008924,F. Construction,20,16,4
S01008924,G I. Distribution hotels and restaurants,66,24,42
S01008924,H J. Transport and communication,31,10,21
S01008924,K L M N. Financial real estate professional and administrative activities,32,15,17
S01008924,O P Q. Public administration education and health,51,10,41
S01008924,R S T U. Other,14,3,11
S01008924,Never worked,76,27,49
S01008925,All people aged 16 to 74 not in employment,141,51,90
S01008925,A B D E. Agriculture energy and water,3,3,0
S01008925,C. Manufacturing,12,6,6
S01008925,F. Construction,5,5,0
S01008925,G I. Distribution hotels and restaurants,26,12,14
S01008925,H J. Transport and communication,19,6,13
S01008925,K L M N. Financial real estate professional and administrative activities,23,6,17
S01008925,O P Q. Public administration education and health,20,4,16
S01008925,R S T U. Other,5,0,5
S01008925,Never worked,28,9,19
S01008926,All people aged 16 to 74 not in employment,125,49,76
S01008926,A B D E. Agriculture energy and water,2,2,0
S01008926,C. Manufacturing,8,5,3
S01008926,F. Construction,8,6,2
S01008926,G I. Distribution hotels and restaurants,23,9,14
S01008926,H J. Transport and communication,15,3,12
S01008926,K L M N. Financial real estate professional and administrative activities,16,8,8
S01008926,O P Q. Public administration education and health,20,3,17
S01008926,R S T U. Other,6,2,4
S01008926,Never worked,27,11,16
S01008927,All people aged 16 to 74 not in employment,156,54,102
S01008927,A B D E. Agriculture energy and water,0,0,0
S01008927,C. Manufacturing,5,3,2
S01008927,F. Construction,4,4,0
S01008927,G I. Distribution hotels and restaurants,30,14,16
S01008927,H J. Transport and communication,19,4,15
S01008927,K L M N. Financial real estate professional and administrative activities,23,13,10
S01008927,O P Q. Public administration education and health,33,6,27
S01008927,R S T U. Other,16,2,14
S01008927,Never worked,26,8,18
S01008928,All people aged 16 to 74 not in employment,214,102,112
S01008928,A B D E. Agriculture energy and water,1,0,1
S01008928,C. Manufacturing,16,12,4
S01008928,F. Construction,15,14,1
S01008928,G I. Distribution hotels and restaurants,36,17,19
S01008928,H J. Transport and communication,33,14,19
S01008928,K L M N. Financial real estate professional and administrative activities,21,11,10
S01008928,O P Q. Public administration education and health,47,14,33
S01008928,R S T U. Other,11,4,7
S01008928,Never worked,34,16,18
S01008929,All people aged 16 to 74 not in employment,378,230,148
S01008929,A B D E. Agriculture energy and water,5,2,3
S01008929,C. Manufacturing,22,15,7
S01008929,F. Construction,47,46,1
S01008929,G I. Distribution hotels and restaurants,50,32,18
S01008929,H J. Transport and communication,49,32,17
S01008929,K L M N. Financial real estate professional and administrative activities,45,30,15
S01008929,O P Q. Public administration education and health,54,19,35
S01008929,R S T U. Other,20,6,14
S01008929,Never worked,86,48,38
S01008930,All people aged 16 to 74 not in employment,327,149,178
S01008930,A B D E. Agriculture energy and water,6,4,2
S01008930,C. Manufacturing,17,11,6
S01008930,F. Construction,26,25,1
S01008930,G I. Distribution hotels and restaurants,49,23,26
S01008930,H J. Transport and communication,43,13,30
S01008930,K L M N. Financial real estate professional and administrative activities,51,23,28
S01008930,O P Q. Public administration education and health,53,13,40
S01008930,R S T U. Other,11,1,10
S01008930,Never worked,71,36,35
S01008931,All people aged 16 to 74 not in employment,241,109,132
S01008931,A B D E. Agriculture energy and water,2,2,0
S01008931,C. Manufacturing,11,5,6
S01008931,F. Construction,19,18,1
S01008931,G I. Distribution hotels and restaurants,50,21,29
S01008931,H J. Transport and communication,23,7,16
S01008931,K L M N. Financial real estate professional and administrative activities,21,9,12
S01008931,O P Q. Public administration education and health,37,8,29
S01008931,R S T U. Other,6,5,1
S01008931,Never worked,72,34,38
S01008932,All people aged 16 to 74 not in employment,176,68,108
S01008932,A B D E. Agriculture energy and water,2,1,1
S01008932,C. Manufacturing,9,2,7
S01008932,F. Construction,12,11,1
S01008932,G I. Distribution hotels and restaurants,27,7,20
S01008932,H J. Transport and communication,19,6,13
S01008932,K L M N. Financial real estate professional and administrative activities,19,9,10
S01008932,O P Q. Public administration education and health,34,10,24
S01008932,R S T U. Other,7,4,3
S01008932,Never worked,47,18,29
S01008933,All people aged 16 to 74 not in employment,207,85,122
S01008933,A B D E. Agriculture energy and water,4,3,1
S01008933,C. Manufacturing,13,8,5
S01008933,F. Construction,11,11,0
S01008933,G I. Distribution hotels and restaurants,29,11,18
S01008933,H J. Transport and communication,24,8,16
S01008933,K L M N. Financial real estate professional and administrative activities,22,10,12
S01008933,O P Q. Public administration education and health,31,8,23
S01008933,R S T U. Other,7,3,4
S01008933,Never worked,66,23,43
S01008934,All people aged 16 to 74 not in employment,209,93,116
S01008934,A B D E. Agriculture energy and water,3,1,2
S01008934,C. Manufacturing,9,7,2
S01008934,F. Construction,11,11,0
S01008934,G I. Distribution hotels and restaurants,37,14,23
S01008934,H J. Transport and communication,20,13,7
S01008934,K L M N. Financial real estate professional and administrative activities,28,10,18
S01008934,O P Q. Public administration education and health,43,10,33
S01008934,R S T U. Other,2,1,1
S01008934,Never worked,56,26,30
S01008935,All people aged 16 to 74 not in employment,203,71,132
S01008935,A B D E. Agriculture energy and water,3,2,1
S01008935,C. Manufacturing,16,12,4
S01008935,F. Construction,9,7,2
S01008935,G I. Distribution hotels and restaurants,22,4,18
S01008935,H J. Transport and communication,19,5,14
S01008935,K L M N. Financial real estate professional and administrative activities,35,16,19
S01008935,O P Q. Public administration education and health,65,10,55
S01008935,R S T U. Other,10,1,9
S01008935,Never worked,24,14,10
S01008936,All people aged 16 to 74 not in employment,79,33,46
S01008936,A B D E. Agriculture energy and water,0,0,0
S01008936,C. Manufacturing,9,6,3
S01008936,F. Construction,2,2,0
S01008936,G I. Distribution hotels and restaurants,13,5,8
S01008936,H J. Transport and communication,1,1,0
S01008936,K L M N. Financial real estate professional and administrative activities,12,3,9
S01008936,O P Q. Public administration education and health,30,8,22
S01008936,R S T U. Other,3,2,1
S01008936,Never worked,9,6,3
S01008937,All people aged 16 to 74 not in employment,208,98,110
S01008937,A B D E. Agriculture energy and water,4,3,1
S01008937,C. Manufacturing,11,8,3
S01008937,F. Construction,14,11,3
S01008937,G I. Distribution hotels and restaurants,31,17,14
S01008937,H J. Transport and communication,21,13,8
S01008937,K L M N. Financial real estate professional and administrative activities,29,9,20
S01008937,O P Q. Public administration education and health,63,21,42
S01008937,R S T U. Other,6,0,6
S01008937,Never worked,29,16,13
S01008938,All people aged 16 to 74 not in employment,149,66,83
S01008938,A B D E. Agriculture energy and water,4,3,1
S01008938,C. Manufacturing,3,2,1
S01008938,F. Construction,9,8,1
S01008938,G I. Distribution hotels and restaurants,22,12,10
S01008938,H J. Transport and communication,6,3,3
S01008938,K L M N. Financial real estate professional and administrative activities,18,5,13
S01008938,O P Q. Public administration education and health,52,12,40
S01008938,R S T U. Other,6,2,4
S01008938,Never worked,29,19,10
S01008939,All people aged 16 to 74 not in employment,189,79,110
S01008939,A B D E. Agriculture energy and water,4,3,1
S01008939,C. Manufacturing,12,8,4
S01008939,F. Construction,8,8,0
S01008939,G I. Distribution hotels and restaurants,27,11,16
S01008939,H J. Transport and communication,11,4,7
S01008939,K L M N. Financial real estate professional and administrative activities,30,12,18
S01008939,O P Q. Public administration education and health,62,16,46
S01008939,R S T U. Other,6,1,5
S01008939,Never worked,29,16,13
S01008940,All people aged 16 to 74 not in employment,154,58,96
S01008940,A B D E. Agriculture energy and water,3,2,1
S01008940,C. Manufacturing,9,6,3
S01008940,F. Construction,5,4,1
S01008940,G I. Distribution hotels and restaurants,11,5,6
S01008940,H J. Transport and communication,5,2,3
S01008940,K L M N. Financial real estate professional and administrative activities,40,14,26
S01008940,O P Q. Public administration education and health,54,12,42
S01008940,R S T U. Other,7,3,4
S01008940,Never worked,20,10,10
S01008941,All people aged 16 to 74 not in employment,193,72,121
S01008941,A B D E. Agriculture energy and water,3,1,2
S01008941,C. Manufacturing,13,6,7
S01008941,F. Construction,5,4,1
S01008941,G I. Distribution hotels and restaurants,32,13,19
S01008941,H J. Transport and communication,7,1,6
S01008941,K L M N. Financial real estate professional and administrative activities,43,18,25
S01008941,O P Q. Public administration education and health,69,17,52
S01008941,R S T U. Other,5,3,2
S01008941,Never worked,16,9,7
S01008942,All people aged 16 to 74 not in employment,143,56,87
S01008942,A B D E. Agriculture energy and water,2,1,1
S01008942,C. Manufacturing,4,2,2
S01008942,F. Construction,2,2,0
S01008942,G I. Distribution hotels and restaurants,18,8,10
S01008942,H J. Transport and communication,9,5,4
S01008942,K L M N. Financial real estate professional and administrative activities,21,5,16
S01008942,O P Q. Public administration education and health,47,18,29
S01008942,R S T U. Other,12,4,8
S01008942,Never worked,28,11,17
S01008943,All people aged 16 to 74 not in employment,256,98,158
S01008943,A B D E. Agriculture energy and water,3,2,1
S01008943,C. Manufacturing,14,8,6
S01008943,F. Construction,8,4,4
S01008943,G I. Distribution hotels and restaurants,30,12,18
S01008943,H J. Transport and communication,10,1,9
S01008943,K L M N. Financial real estate professional and administrative activities,70,32,38
S01008943,O P Q. Public administration education and health,78,18,60
S01008943,R S T U. Other,9,3,6
S01008943,Never worked,34,18,16
S01008944,All people aged 16 to 74 not in employment,279,112,167
S01008944,A B D E. Agriculture energy and water,7,3,4
S01008944,C. Manufacturing,21,13,8
S01008944,F. Construction,15,8,7
S01008944,G I. Distribution hotels and restaurants,24,13,11
S01008944,H J. Transport and communication,24,12,12
S01008944,K L M N. Financial real estate professional and administrative activities,68,30,38
S01008944,O P Q. Public administration education and health,79,19,60
S01008944,R S T U. Other,12,2,10
S01008944,Never worked,29,12,17
S01008945,All people aged 16 to 74 not in employment,165,65,100
S01008945,A B D E. Agriculture energy and water,2,1,1
S01008945,C. Manufacturing,12,9,3
S01008945,F. Construction,2,2,0
S01008945,G I. Distribution hotels and restaurants,25,10,15
S01008945,H J. Transport and communication,9,3,6
S01008945,K L M N. Financial real estate professional and administrative activities,34,17,17
S01008945,O P Q. Public administration education and health,53,9,44
S01008945,R S T U. Other,7,1,6
S01008945,Never worked,21,13,8
S01008946,All people aged 16 to 74 not in employment,258,115,143
S01008946,A B D E. Agriculture energy and water,3,3,0
S01008946,C. Manufacturing,13,11,2
S01008946,F. Construction,13,10,3
S01008946,G I. Distribution hotels and restaurants,29,13,16
S01008946,H J. Transport and communication,18,11,7
S01008946,K L M N. Financial real estate professional and administrative activities,49,28,21
S01008946,O P Q. Public administration education and health,89,24,65
S01008946,R S T U. Other,13,2,11
S01008946,Never worked,31,13,18
S01008947,All people aged 16 to 74 not in employment,230,100,130
S01008947,A B D E. Agriculture energy and water,3,2,1
S01008947,C. Manufacturing,19,17,2
S01008947,F. Construction,7,4,3
S01008947,G I. Distribution hotels and restaurants,37,19,18
S01008947,H J. Transport and communication,9,5,4
S01008947,K L M N. Financial real estate professional and administrative activities,36,16,20
S01008947,O P Q. Public administration education and health,67,11,56
S01008947,R S T U. Other,7,3,4
S01008947,Never worked,45,23,22
S01008948,All people aged 16 to 74 not in employment,155,66,89
S01008948,A B D E. Agriculture energy and water,0,0,0
S01008948,C. Manufacturing,11,8,3
S01008948,F. Construction,3,3,0
S01008948,G I. Distribution hotels and restaurants,27,13,14
S01008948,H J. Transport and communication,15,5,10
S01008948,K L M N. Financial real estate professional and administrative activities,24,14,10
S01008948,O P Q. Public administration education and health,45,12,33
S01008948,R S T U. Other,6,2,4
S01008948,Never worked,24,9,15
S01008949,All people aged 16 to 74 not in employment,217,93,124
S01008949,A B D E. Agriculture energy and water,5,4,1
S01008949,C. Manufacturing,21,11,10
S01008949,F. Construction,15,14,1
S01008949,G I. Distribution hotels and restaurants,38,14,24
S01008949,H J. Transport and communication,11,5,6
S01008949,K L M N. Financial real estate professional and administrative activities,17,6,11
S01008949,O P Q. Public administration education and health,56,11,45
S01008949,R S T U. Other,13,5,8
S01008949,Never worked,41,23,18
S01008950,All people aged 16 to 74 not in employment,218,105,113
S01008950,A B D E. Agriculture energy and water,4,3,1
S01008950,C. Manufacturing,11,5,6
S01008950,F. Construction,18,16,2
S01008950,G I. Distribution hotels and restaurants,50,19,31
S01008950,H J. Transport and communication,16,9,7
S01008950,K L M N. Financial real estate professional and administrative activities,20,7,13
S01008950,O P Q. Public administration education and health,49,15,34
S01008950,R S T U. Other,7,1,6
S01008950,Never worked,43,30,13
S01008951,All people aged 16 to 74 not in employment,230,92,138
S01008951,A B D E. Agriculture energy and water,3,2,1
S01008951,C. Manufacturing,11,6,5
S01008951,F. Construction,17,16,1
S01008951,G I. Distribution hotels and restaurants,37,15,22
S01008951,H J. Transport and communication,21,9,12
S01008951,K L M N. Financial real estate professional and administrative activities,24,10,14
S01008951,O P Q. Public administration education and health,58,10,48
S01008951,R S T U. Other,13,7,6
S01008951,Never worked,46,17,29
S01008952,All people aged 16 to 74 not in employment,227,100,127
S01008952,A B D E. Agriculture energy and water,2,2,0
S01008952,C. Manufacturing,12,9,3
S01008952,F. Construction,15,15,0
S01008952,G I. Distribution hotels and restaurants,47,22,25
S01008952,H J. Transport and communication,28,12,16
S01008952,K L M N. Financial real estate professional and administrative activities,32,11,21
S01008952,O P Q. Public administration education and health,45,10,35
S01008952,R S T U. Other,8,2,6
S01008952,Never worked,38,17,21
S01008953,All people aged 16 to 74 not in employment,224,100,124
S01008953,A B D E. Agriculture energy and water,6,6,0
S01008953,C. Manufacturing,16,10,6
S01008953,F. Construction,13,11,2
S01008953,G I. Distribution hotels and restaurants,45,21,24
S01008953,H J. Transport and communication,15,7,8
S01008953,K L M N. Financial real estate professional and administrative activities,23,11,12
S01008953,O P Q. Public administration education and health,51,14,37
S01008953,R S T U. Other,8,1,7
S01008953,Never worked,47,19,28
S01008954,All people aged 16 to 74 not in employment,224,104,120
S01008954,A B D E. Agriculture energy and water,1,1,0
S01008954,C. Manufacturing,22,15,7
S01008954,F. Construction,20,20,0
S01008954,G I. Distribution hotels and restaurants,42,22,20
S01008954,H J. Transport and communication,14,4,10
S01008954,K L M N. Financial real estate professional and administrative activities,33,11,22
S01008954,O P Q. Public administration education and health,49,16,33
S01008954,R S T U. Other,7,4,3
S01008954,Never worked,36,11,25
S01008955,All people aged 16 to 74 not in employment,127,56,71
S01008955,A B D E. Agriculture energy and water,0,0,0
S01008955,C. Manufacturing,8,7,1
S01008955,F. Construction,4,4,0
S01008955,G I. Distribution hotels and restaurants,22,11,11
S01008955,H J. Transport and communication,5,3,2
S01008955,K L M N. Financial real estate professional and administrative activities,19,7,12
S01008955,O P Q. Public administration education and health,36,11,25
S01008955,R S T U. Other,6,0,6
S01008955,Never worked,27,13,14
S01008956,All people aged 16 to 74 not in employment,179,71,108
S01008956,A B D E. Agriculture energy and water,3,1,2
S01008956,C. Manufacturing,9,8,1
S01008956,F. Construction,5,5,0
S01008956,G I. Distribution hotels and restaurants,29,11,18
S01008956,H J. Transport and communication,20,3,17
S01008956,K L M N. Financial real estate professional and administrative activities,31,14,17
S01008956,O P Q. Public administration education and health,47,9,38
S01008956,R S T U. Other,8,2,6
S01008956,Never worked,27,18,9
S01008957,All people aged 16 to 74 not in employment,265,128,137
S01008957,A B D E. Agriculture energy and water,5,2,3
S01008957,C. Manufacturing,14,11,3
S01008957,F. Construction,18,14,4
S01008957,G I. Distribution hotels and restaurants,54,30,24
S01008957,H J. Transport and communication,18,11,7
S01008957,K L M N. Financial real estate professional and administrative activities,39,20,19
S01008957,O P Q. Public administration education and health,63,13,50
S01008957,R S T U. Other,7,1,6
S01008957,Never worked,47,26,21
S01008958,All people aged 16 to 74 not in employment,182,90,92
S01008958,A B D E. Agriculture energy and water,1,0,1
S01008958,C. Manufacturing,12,3,9
S01008958,F. Construction,13,11,2
S01008958,G I. Distribution hotels and restaurants,17,10,7
S01008958,H J. Transport and communication,16,8,8
S01008958,K L M N. Financial real estate professional and administrative activities,24,10,14
S01008958,O P Q. Public administration education and health,48,23,25
S01008958,R S T U. Other,7,2,5
S01008958,Never worked,44,23,21
S01008959,All people aged 16 to 74 not in employment,198,81,117
S01008959,A B D E. Agriculture energy and water,5,1,4
S01008959,C. Manufacturing,13,10,3
S01008959,F. Construction,11,6,5
S01008959,G I. Distribution hotels and restaurants,44,17,27
S01008959,H J. Transport and communication,15,8,7
S01008959,K L M N. Financial real estate professional and administrative activities,36,13,23
S01008959,O P Q. Public administration education and health,41,13,28
S01008959,R S T U. Other,5,3,2
S01008959,Never worked,28,10,18
S01008960,All people aged 16 to 74 not in employment,131,52,79
S01008960,A B D E. Agriculture energy and water,2,1,1
S01008960,C. Manufacturing,5,3,2
S01008960,F. Construction,2,1,1
S01008960,G I. Distribution hotels and restaurants,28,12,16
S01008960,H J. Transport and communication,12,4,8
S01008960,K L M N. Financial real estate professional and administrative activities,24,8,16
S01008960,O P Q. Public administration education and health,18,4,14
S01008960,R S T U. Other,4,0,4
S01008960,Never worked,36,19,17
S01008961,All people aged 16 to 74 not in employment,191,89,102
S01008961,A B D E. Agriculture energy and water,6,3,3
S01008961,C. Manufacturing,8,7,1
S01008961,F. Construction,13,10,3
S01008961,G I. Distribution hotels and restaurants,28,15,13
S01008961,H J. Transport and communication,18,7,11
S01008961,K L M N. Financial real estate professional and administrative activities,31,17,14
S01008961,O P Q. Public administration education and health,49,12,37
S01008961,R S T U. Other,8,4,4
S01008961,Never worked,30,14,16
S01008962,All people aged 16 to 74 not in employment,145,60,85
S01008962,A B D E. Agriculture energy and water,2,1,1
S01008962,C. Manufacturing,8,6,2
S01008962,F. Construction,6,5,1
S01008962,G I. Distribution hotels and restaurants,31,16,15
S01008962,H J. Transport and communication,13,5,8
S01008962,K L M N. Financial real estate professional and administrative activities,27,7,20
S01008962,O P Q. Public administration education and health,34,9,25
S01008962,R S T U. Other,10,3,7
S01008962,Never worked,14,8,6
S01008963,All people aged 16 to 74 not in employment,188,91,97
S01008963,A B D E. Agriculture energy and water,7,5,2
S01008963,C. Manufacturing,16,12,4
S01008963,F. Construction,13,11,2
S01008963,G I. Distribution hotels and restaurants,26,14,12
S01008963,H J. Transport and communication,8,2,6
S01008963,K L M N. Financial real estate professional and administrative activities,27,13,14
S01008963,O P Q. Public administration education and health,51,12,39
S01008963,R S T U. Other,12,3,9
S01008963,Never worked,28,19,9
S01008964,All people aged 16 to 74 not in employment,108,54,54
S01008964,A B D E. Agriculture energy and water,2,1,1
S01008964,C. Manufacturing,8,7,1
S01008964,F. Construction,3,3,0
S01008964,G I. Distribution hotels and restaurants,17,12,5
S01008964,H J. Transport and communication,10,4,6
S01008964,K L M N. Financial real estate professional and administrative activities,24,11,13
S01008964,O P Q. Public administration education and health,24,4,20
S01008964,R S T U. Other,4,2,2
S01008964,Never worked,16,10,6
S01008965,All people aged 16 to 74 not in employment,193,80,113
S01008965,A B D E. Agriculture energy and water,1,1,0
S01008965,C. Manufacturing,17,11,6
S01008965,F. Construction,10,7,3
S01008965,G I. Distribution hotels and restaurants,16,8,8
S01008965,H J. Transport and communication,9,2,7
S01008965,K L M N. Financial real estate professional and administrative activities,49,23,26
S01008965,O P Q. Public administration education and health,61,17,44
S01008965,R S T U. Other,10,4,6
S01008965,Never worked,20,7,13
S01008966,All people aged 16 to 74 not in employment,120,47,73
S01008966,A B D E. Agriculture energy and water,2,1,1
S01008966,C. Manufacturing,8,4,4
S01008966,F. Construction,2,2,0
S01008966,G I. Distribution hotels and restaurants,21,10,11
S01008966,H J. Transport and communication,6,2,4
S01008966,K L M N. Financial real estate professional and administrative activities,21,4,17
S01008966,O P Q. Public administration education and health,37,13,24
S01008966,R S T U. Other,3,0,3
S01008966,Never worked,20,11,9
S01008967,All people aged 16 to 74 not in employment,236,81,155
S01008967,A B D E. Agriculture energy and water,5,3,2
S01008967,C. Manufacturing,10,8,2
S01008967,F. Construction,9,6,3
S01008967,G I. Distribution hotels and restaurants,30,10,20
S01008967,H J. Transport and communication,15,5,10
S01008967,K L M N. Financial real estate professional and administrative activities,59,20,39
S01008967,O P Q. Public administration education and health,69,16,53
S01008967,R S T U. Other,10,4,6
S01008967,Never worked,29,9,20
S01008968,All people aged 16 to 74 not in employment,209,91,118
S01008968,A B D E. Agriculture energy and water,3,1,2
S01008968,C. Manufacturing,10,8,2
S01008968,F. Construction,8,6,2
S01008968,G I. Distribution hotels and restaurants,26,10,16
S01008968,H J. Transport and communication,21,13,8
S01008968,K L M N. Financial real estate professional and administrative activities,48,21,27
S01008968,O P Q. Public administration education and health,66,19,47
S01008968,R S T U. Other,5,2,3
S01008968,Never worked,22,11,11
S01008969,All people aged 16 to 74 not in employment,233,98,135
S01008969,A B D E. Agriculture energy and water,2,1,1
S01008969,C. Manufacturing,14,11,3
S01008969,F. Construction,16,15,1
S01008969,G I. Distribution hotels and restaurants,34,18,16
S01008969,H J. Transport and communication,12,5,7
S01008969,K L M N. Financial real estate professional and administrative activities,41,15,26
S01008969,O P Q. Public administration education and health,83,20,63
S01008969,R S T U. Other,6,3,3
S01008969,Never worked,25,10,15
S01008970,All people aged 16 to 74 not in employment,204,92,112
S01008970,A B D E. Agriculture energy and water,5,3,2
S01008970,C. Manufacturing,12,9,3
S01008970,F. Construction,4,3,1
S01008970,G I. Distribution hotels and restaurants,17,8,9
S01008970,H J. Transport and communication,12,7,5
S01008970,K L M N. Financial real estate professional and administrative activities,40,17,23
S01008970,O P Q. Public administration education and health,75,18,57
S01008970,R S T U. Other,6,5,1
S01008970,Never worked,33,22,11
S01008971,All people aged 16 to 74 not in employment,154,67,87
S01008971,A B D E. Agriculture energy and water,1,0,1
S01008971,C. Manufacturing,8,8,0
S01008971,F. Construction,6,3,3
S01008971,G I. Distribution hotels and restaurants,20,9,11
S01008971,H J. Transport and communication,8,5,3
S01008971,K L M N. Financial real estate professional and administrative activities,36,16,20
S01008971,O P Q. Public administration education and health,48,13,35
S01008971,R S T U. Other,6,3,3
S01008971,Never worked,21,10,11
S01008972,All people aged 16 to 74 not in employment,163,64,99
S01008972,A B D E. Agriculture energy and water,3,2,1
S01008972,C. Manufacturing,7,3,4
S01008972,F. Construction,8,4,4
S01008972,G I. Distribution hotels and restaurants,12,2,10
S01008972,H J. Transport and communication,3,1,2
S01008972,K L M N. Financial real estate professional and administrative activities,32,12,20
S01008972,O P Q. Public administration education and health,65,20,45
S01008972,R S T U. Other,3,1,2
S01008972,Never worked,30,19,11
S01008973,All people aged 16 to 74 not in employment,188,77,111
S01008973,A B D E. Agriculture energy and water,1,0,1
S01008973,C. Manufacturing,11,6,5
S01008973,F. Construction,11,9,2
S01008973,G I. Distribution hotels and restaurants,24,11,13
S01008973,H J. Transport and communication,12,5,7
S01008973,K L M N. Financial real estate professional and administrative activities,32,6,26
S01008973,O P Q. Public administration education and health,54,20,34
S01008973,R S T U. Other,9,2,7
S01008973,Never worked,34,18,16
S01008974,All people aged 16 to 74 not in employment,187,76,111
S01008974,A B D E. Agriculture energy and water,2,2,0
S01008974,C. Manufacturing,11,8,3
S01008974,F. Construction,8,7,1
S01008974,G I. Distribution hotels and restaurants,26,11,15
S01008974,H J. Transport and communication,17,8,9
S01008974,K L M N. Financial real estate professional and administrative activities,27,9,18
S01008974,O P Q. Public administration education and health,71,21,50
S01008974,R S T U. Other,5,1,4
S01008974,Never worked,20,9,11
S01008975,All people aged 16 to 74 not in employment,178,72,106
S01008975,A B D E. Agriculture energy and water,2,1,1
S01008975,C. Manufacturing,19,13,6
S01008975,F. Construction,11,9,2
S01008975,G I. Distribution hotels and restaurants,30,13,17
S01008975,H J. Transport and communication,11,2,9
S01008975,K L M N. Financial real estate professional and administrative activities,27,9,18
S01008975,O P Q. Public administration education and health,47,11,36
S01008975,R S T U. Other,10,5,5
S01008975,Never worked,21,9,12
S01008976,All people aged 16 to 74 not in employment,137,62,75
S01008976,A B D E. Agriculture energy and water,1,1,0
S01008976,C. Manufacturing,6,3,3
S01008976,F. Construction,6,5,1
S01008976,G I. Distribution hotels and restaurants,18,12,6
S01008976,H J. Transport and communication,11,5,6
S01008976,K L M N. Financial real estate professional and administrative activities,31,11,20
S01008976,O P Q. Public administration education and health,40,12,28
S01008976,R S T U. Other,7,2,5
S01008976,Never worked,17,11,6
S01008977,All people aged 16 to 74 not in employment,136,53,83
S01008977,A B D E. Agriculture energy and water,2,2,0
S01008977,C. Manufacturing,10,6,4
S01008977,F. Construction,7,6,1
S01008977,G I. Distribution hotels and restaurants,9,3,6
S01008977,H J. Transport and communication,13,5,8
S01008977,K L M N. Financial real estate professional and administrative activities,33,9,24
S01008977,O P Q. Public administration education and health,38,11,27
S01008977,R S T U. Other,6,0,6
S01008977,Never worked,18,11,7
S01008978,All people aged 16 to 74 not in employment,127,57,70
S01008978,A B D E. Agriculture energy and water,3,1,2
S01008978,C. Manufacturing,5,3,2
S01008978,F. Construction,13,12,1
S01008978,G I. Distribution hotels and restaurants,24,11,13
S01008978,H J. Transport and communication,11,4,7
S01008978,K L M N. Financial real estate professional and administrative activities,25,10,15
S01008978,O P Q. Public administration education and health,26,6,20
S01008978,R S T U. Other,6,0,6
S01008978,Never worked,14,10,4
S01008979,All people aged 16 to 74 not in employment,138,50,88
S01008979,A B D E. Agriculture energy and water,2,0,2
S01008979,C. Manufacturing,4,3,1
S01008979,F. Construction,10,10,0
S01008979,G I. Distribution hotels and restaurants,19,4,15
S01008979,H J. Transport and communication,9,3,6
S01008979,K L M N. Financial real estate professional and administrative activities,19,5,14
S01008979,O P Q. Public administration education and health,28,7,21
S01008979,R S T U. Other,8,0,8
S01008979,Never worked,39,18,21
S01008980,All people aged 16 to 74 not in employment,158,49,109
S01008980,A B D E. Agriculture energy and water,2,2,0
S01008980,C. Manufacturing,3,1,2
S01008980,F. Construction,5,5,0
S01008980,G I. Distribution hotels and restaurants,33,9,24
S01008980,H J. Transport and communication,15,4,11
S01008980,K L M N. Financial real estate professional and administrative activities,22,10,12
S01008980,O P Q. Public administration education and health,36,4,32
S01008980,R S T U. Other,7,1,6
S01008980,Never worked,35,13,22
S01008981,All people aged 16 to 74 not in employment,155,62,93
S01008981,A B D E. Agriculture energy and water,2,2,0
S01008981,C. Manufacturing,17,10,7
S01008981,F. Construction,8,6,2
S01008981,G I. Distribution hotels and restaurants,35,15,20
S01008981,H J. Transport and communication,9,2,7
S01008981,K L M N. Financial real estate professional and administrative activities,18,6,12
S01008981,O P Q. Public administration education and health,49,15,34
S01008981,R S T U. Other,8,2,6
S01008981,Never worked,9,4,5
S01008982,All people aged 16 to 74 not in employment,174,69,105
S01008982,A B D E. Agriculture energy and water,4,3,1
S01008982,C. Manufacturing,10,4,6
S01008982,F. Construction,14,13,1
S01008982,G I. Distribution hotels and restaurants,39,14,25
S01008982,H J. Transport and communication,18,6,12
S01008982,K L M N. Financial real estate professional and administrative activities,21,7,14
S01008982,O P Q. Public administration education and health,27,3,24
S01008982,R S T U. Other,7,2,5
S01008982,Never worked,34,17,17
S01008983,All people aged 16 to 74 not in employment,109,52,57
S01008983,A B D E. Agriculture energy and water,1,0,1
S01008983,C. Manufacturing,7,7,0
S01008983,F. Construction,9,6,3
S01008983,G I. Distribution hotels and restaurants,22,10,12
S01008983,H J. Transport and communication,4,2,2
S01008983,K L M N. Financial real estate professional and administrative activities,13,4,9
S01008983,O P Q. Public administration education and health,19,3,16
S01008983,R S T U. Other,6,2,4
S01008983,Never worked,28,18,10
S01008984,All people aged 16 to 74 not in employment,111,35,76
S01008984,A B D E. Agriculture energy and water,1,1,0
S01008984,C. Manufacturing,4,4,0
S01008984,F. Construction,12,9,3
S01008984,G I. Distribution hotels and restaurants,10,4,6
S01008984,H J. Transport and communication,19,3,16
S01008984,K L M N. Financial real estate professional and administrative activities,14,4,10
S01008984,O P Q. Public administration education and health,27,6,21
S01008984,R S T U. Other,8,0,8
S01008984,Never worked,16,4,12
S01008985,All people aged 16 to 74 not in employment,131,67,64
S01008985,A B D E. Agriculture energy and water,2,1,1
S01008985,C. Manufacturing,9,6,3
S01008985,F. Construction,14,13,1
S01008985,G I. Distribution hotels and restaurants,20,13,7
S01008985,H J. Transport and communication,15,6,9
S01008985,K L M N. Financial real estate professional and administrative activities,19,6,13
S01008985,O P Q. Public administration education and health,27,11,16
S01008985,R S T U. Other,7,2,5
S01008985,Never worked,18,9,9
S01008986,All people aged 16 to 74 not in employment,142,61,81
S01008986,A B D E. Agriculture energy and water,0,0,0
S01008986,C. Manufacturing,8,7,1
S01008986,F. Construction,10,8,2
S01008986,G I. Distribution hotels and restaurants,19,7,12
S01008986,H J. Transport and communication,10,6,4
S01008986,K L M N. Financial real estate professional and administrative activities,26,7,19
S01008986,O P Q. Public administration education and health,44,11,33
S01008986,R S T U. Other,6,4,2
S01008986,Never worked,19,11,8
S01008987,All people aged 16 to 74 not in employment,191,90,101
S01008987,A B D E. Agriculture energy and water,1,1,0
S01008987,C. Manufacturing,22,15,7
S01008987,F. Construction,7,7,0
S01008987,G I. Distribution hotels and restaurants,31,11,20
S01008987,H J. Transport and communication,13,7,6
S01008987,K L M N. Financial real estate professional and administrative activities,34,9,25
S01008987,O P Q. Public administration education and health,46,17,29
S01008987,R S T U. Other,12,6,6
S01008987,Never worked,25,17,8
S01008988,All people aged 16 to 74 not in employment,248,110,138
S01008988,A B D E. Agriculture energy and water,4,4,0
S01008988,C. Manufacturing,15,9,6
S01008988,F. Construction,14,8,6
S01008988,G I. Distribution hotels and restaurants,40,17,23
S01008988,H J. Transport and communication,24,11,13
S01008988,K L M N. Financial real estate professional and administrative activities,37,11,26
S01008988,O P Q. Public administration education and health,60,22,38
S01008988,R S T U. Other,12,7,5
S01008988,Never worked,42,21,21
S01008989,All people aged 16 to 74 not in employment,108,50,58
S01008989,A B D E. Agriculture energy and water,0,0,0
S01008989,C. Manufacturing,9,5,4
S01008989,F. Construction,2,1,1
S01008989,G I. Distribution hotels and restaurants,17,11,6
S01008989,H J. Transport and communication,12,7,5
S01008989,K L M N. Financial real estate professional and administrative activities,21,9,12
S01008989,O P Q. Public administration education and health,17,9,8
S01008989,R S T U. Other,8,1,7
S01008989,Never worked,22,7,15
S01008990,All people aged 16 to 74 not in employment,112,46,66
S01008990,A B D E. Agriculture energy and water,1,0,1
S01008990,C. Manufacturing,3,2,1
S01008990,F. Construction,6,6,0
S01008990,G I. Distribution hotels and restaurants,16,8,8
S01008990,H J. Transport and communication,12,2,10
S01008990,K L M N. Financial real estate professional and administrative activities,19,9,10
S01008990,O P Q. Public administration education and health,31,10,21
S01008990,R S T U. Other,7,2,5
S01008990,Never worked,17,7,10
S01008991,All people aged 16 to 74 not in employment,146,60,86
S01008991,A B D E. Agriculture energy and water,0,0,0
S01008991,C. Manufacturing,4,2,2
S01008991,F. Construction,4,3,1
S01008991,G I. Distribution hotels and restaurants,26,11,15
S01008991,H J. Transport and communication,15,8,7
S01008991,K L M N. Financial real estate professional and administrative activities,20,6,14
S01008991,O P Q. Public administration education and health,28,6,22
S01008991,R S T U. Other,7,4,3
S01008991,Never worked,42,20,22
S01008992,All people aged 16 to 74 not in employment,147,69,78
S01008992,A B D E. Agriculture energy and water,2,2,0
S01008992,C. Manufacturing,7,4,3
S01008992,F. Construction,9,7,2
S01008992,G I. Distribution hotels and restaurants,27,12,15
S01008992,H J. Transport and communication,9,4,5
S01008992,K L M N. Financial real estate professional and administrative activities,22,8,14
S01008992,O P Q. Public administration education and health,37,12,25
S01008992,R S T U. Other,8,5,3
S01008992,Never worked,26,15,11
S01008993,All people aged 16 to 74 not in employment,228,88,140
S01008993,A B D E. Agriculture energy and water,5,3,2
S01008993,C. Manufacturing,15,8,7
S01008993,F. Construction,4,4,0
S01008993,G I. Distribution hotels and restaurants,37,13,24
S01008993,H J. Transport and communication,24,10,14
S01008993,K L M N. Financial real estate professional and administrative activities,35,13,22
S01008993,O P Q. Public administration education and health,66,17,49
S01008993,R S T U. Other,10,3,7
S01008993,Never worked,32,17,15
S01008994,All people aged 16 to 74 not in employment,200,83,117
S01008994,A B D E. Agriculture energy and water,6,5,1
S01008994,C. Manufacturing,14,10,4
S01008994,F. Construction,13,9,4
S01008994,G I. Distribution hotels and restaurants,34,14,20
S01008994,H J. Transport and communication,19,5,14
S01008994,K L M N. Financial real estate professional and administrative activities,14,9,5
S01008994,O P Q. Public administration education and health,49,11,38
S01008994,R S T U. Other,13,4,9
S01008994,Never worked,38,16,22
S01008995,All people aged 16 to 74 not in employment,180,80,100
S01008995,A B D E. Agriculture energy and water,4,4,0
S01008995,C. Manufacturing,12,8,4
S01008995,F. Construction,13,9,4
S01008995,G I. Distribution hotels and restaurants,21,8,13
S01008995,H J. Transport and communication,15,8,7
S01008995,K L M N. Financial real estate professional and administrative activities,30,13,17
S01008995,O P Q. Public administration education and health,47,12,35
S01008995,R S T U. Other,4,1,3
S01008995,Never worked,34,17,17
S01008996,All people aged 16 to 74 not in employment,144,60,84
S01008996,A B D E. Agriculture energy and water,4,3,1
S01008996,C. Manufacturing,16,8,8
S01008996,F. Construction,8,7,1
S01008996,G I. Distribution hotels and restaurants,27,13,14
S01008996,H J. Transport and communication,11,3,8
S01008996,K L M N. Financial real estate professional and administrative activities,23,6,17
S01008996,O P Q. Public administration education and health,31,8,23
S01008996,R S T U. Other,4,3,1
S01008996,Never worked,20,9,11
S01008997,All people aged 16 to 74 not in employment,189,81,108
S01008997,A B D E. Agriculture energy and water,8,6,2
S01008997,C. Manufacturing,15,9,6
S01008997,F. Construction,11,9,2
S01008997,G I. Distribution hotels and restaurants,30,15,15
S01008997,H J. Transport and communication,16,6,10
S01008997,K L M N. Financial real estate professional and administrative activities,20,6,14
S01008997,O P Q. Public administration education and health,42,11,31
S01008997,R S T U. Other,10,2,8
S01008997,Never worked,37,17,20
S01008998,All people aged 16 to 74 not in employment,189,81,108
S01008998,A B D E. Agriculture energy and water,5,4,1
S01008998,C. Manufacturing,18,9,9
S01008998,F. Construction,13,12,1
S01008998,G I. Distribution hotels and restaurants,51,18,33
S01008998,H J. Transport and communication,19,4,15
S01008998,K L M N. Financial real estate professional and administrative activities,18,10,8
S01008998,O P Q. Public administration education and health,19,5,14
S01008998,R S T U. Other,9,2,7
S01008998,Never worked,37,17,20
S01008999,All people aged 16 to 74 not in employment,249,108,141
S01008999,A B D E. Agriculture energy and water,8,5,3
S01008999,C. Manufacturing,31,19,12
S01008999,F. Construction,16,13,3
S01008999,G I. Distribution hotels and restaurants,58,28,30
S01008999,H J. Transport and communication,14,4,10
S01008999,K L M N. Financial real estate professional and administrative activities,31,13,18
S01008999,O P Q. Public administration education and health,53,9,44
S01008999,R S T U. Other,13,3,10
S01008999,Never worked,25,14,11
S01009000,All people aged 16 to 74 not in employment,225,98,127
S01009000,A B D E. Agriculture energy and water,3,2,1
S01009000,C. Manufacturing,19,15,4
S01009000,F. Construction,14,11,3
S01009000,G I. Distribution hotels and restaurants,44,27,17
S01009000,H J. Transport and communication,16,3,13
S01009000,K L M N. Financial real estate professional and administrative activities,25,10,15
S01009000,O P Q. Public administration education and health,69,16,53
S01009000,R S T U. Other,15,3,12
S01009000,Never worked,20,11,9
S01009001,All people aged 16 to 74 not in employment,194,72,122
S01009001,A B D E. Agriculture energy and water,6,1,5
S01009001,C. Manufacturing,18,8,10
S01009001,F. Construction,11,10,1
S01009001,G I. Distribution hotels and restaurants,37,13,24
S01009001,H J. Transport and communication,7,2,5
S01009001,K L M N. Financial real estate professional and administrative activities,22,8,14
S01009001,O P Q. Public administration education and health,57,14,43
S01009001,R S T U. Other,6,1,5
S01009001,Never worked,30,15,15
S01009002,All people aged 16 to 74 not in employment,170,72,98
S01009002,A B D E. Agriculture energy and water,9,7,2
S01009002,C. Manufacturing,12,6,6
S01009002,F. Construction,11,8,3
S01009002,G I. Distribution hotels and restaurants,25,10,15
S01009002,H J. Transport and communication,11,4,7
S01009002,K L M N. Financial real estate professional and administrative activities,27,12,15
S01009002,O P Q. Public administration education and health,51,15,36
S01009002,R S T U. Other,5,1,4
S01009002,Never worked,19,9,10
S01009003,All people aged 16 to 74 not in employment,191,62,129
S01009003,A B D E. Agriculture energy and water,0,0,0
S01009003,C. Manufacturing,9,3,6
S01009003,F. Construction,12,8,4
S01009003,G I. Distribution hotels and restaurants,33,9,24
S01009003,H J. Transport and communication,21,7,14
S01009003,K L M N. Financial real estate professional and administrative activities,30,9,21
S01009003,O P Q. Public administration education and health,50,11,39
S01009003,R S T U. Other,8,3,5
S01009003,Never worked,28,12,16
S01009004,All people aged 16 to 74 not in employment,133,51,82
S01009004,A B D E. Agriculture energy and water,3,2,1
S01009004,C. Manufacturing,16,9,7
S01009004,F. Construction,5,3,2
S01009004,G I. Distribution hotels and restaurants,18,7,11
S01009004,H J. Transport and communication,14,5,9
S01009004,K L M N. Financial real estate professional and administrative activities,25,8,17
S01009004,O P Q. Public administration education and health,31,7,24
S01009004,R S T U. Other,4,1,3
S01009004,Never worked,17,9,8
S01009005,All people aged 16 to 74 not in employment,171,70,101
S01009005,A B D E. Agriculture energy and water,5,5,0
S01009005,C. Manufacturing,11,7,4
S01009005,F. Construction,12,10,2
S01009005,G I. Distribution hotels and restaurants,24,8,16
S01009005,H J. Transport and communication,12,5,7
S01009005,K L M N. Financial real estate professional and administrative activities,22,7,15
S01009005,O P Q. Public administration education and health,52,13,39
S01009005,R S T U. Other,10,2,8
S01009005,Never worked,23,13,10
S01009006,All people aged 16 to 74 not in employment,214,92,122
S01009006,A B D E. Agriculture energy and water,3,3,0
S01009006,C. Manufacturing,25,18,7
S01009006,F. Construction,14,13,1
S01009006,G I. Distribution hotels and restaurants,39,18,21
S01009006,H J. Transport and communication,26,7,19
S01009006,K L M N. Financial real estate professional and administrative activities,22,11,11
S01009006,O P Q. Public administration education and health,41,7,34
S01009006,R S T U. Other,9,0,9
S01009006,Never worked,35,15,20
S01009007,All people aged 16 to 74 not in employment,168,76,92
S01009007,A B D E. Agriculture energy and water,3,2,1
S01009007,C. Manufacturing,20,10,10
S01009007,F. Construction,15,12,3
S01009007,G I. Distribution hotels and restaurants,36,16,20
S01009007,H J. Transport and communication,14,2,12
S01009007,K L M N. Financial real estate professional and administrative activities,18,6,12
S01009007,O P Q. Public administration education and health,27,4,23
S01009007,R S T U. Other,8,5,3
S01009007,Never worked,27,19,8
S01009008,All people aged 16 to 74 not in employment,237,110,127
S01009008,A B D E. Agriculture energy and water,6,4,2
S01009008,C. Manufacturing,20,9,11
S01009008,F. Construction,8,6,2
S01009008,G I. Distribution hotels and restaurants,31,12,19
S01009008,H J. Transport and communication,14,8,6
S01009008,K L M N. Financial real estate professional and administrative activities,42,21,21
S01009008,O P Q. Public administration education and health,85,32,53
S01009008,R S T U. Other,8,2,6
S01009008,Never worked,23,16,7
S01009009,All people aged 16 to 74 not in employment,125,52,73
S01009009,A B D E. Agriculture energy and water,1,1,0
S01009009,C. Manufacturing,8,2,6
S01009009,F. Construction,10,7,3
S01009009,G I. Distribution hotels and restaurants,30,15,15
S01009009,H J. Transport and communication,14,6,8
S01009009,K L M N. Financial real estate professional and administrative activities,22,10,12
S01009009,O P Q. Public administration education and health,22,5,17
S01009009,R S T U. Other,2,1,1
S01009009,Never worked,16,5,11
S01009010,All people aged 16 to 74 not in employment,184,84,100
S01009010,A B D E. Agriculture energy and water,5,3,2
S01009010,C. Manufacturing,18,11,7
S01009010,F. Construction,7,6,1
S01009010,G I. Distribution hotels and restaurants,28,11,17
S01009010,H J. Transport and communication,9,3,6
S01009010,K L M N. Financial real estate professional and administrative activities,20,10,10
S01009010,O P Q. Public administration education and health,51,18,33
S01009010,R S T U. Other,6,2,4
S01009010,Never worked,40,20,20
S01009011,All people aged 16 to 74 not in employment,128,56,72
S01009011,A B D E. Agriculture energy and water,2,2,0
S01009011,C. Manufacturing,8,3,5
S01009011,F. Construction,6,4,2
S01009011,G I. Distribution hotels and restaurants,22,11,11
S01009011,H J. Transport and communication,8,3,5
S01009011,K L M N. Financial real estate professional and administrative activities,18,8,10
S01009011,O P Q. Public administration education and health,44,13,31
S01009011,R S T U. Other,5,0,5
S01009011,Never worked,15,12,3
S01009012,All people aged 16 to 74 not in employment,139,60,79
S01009012,A B D E. Agriculture energy and water,3,3,0
S01009012,C. Manufacturing,7,4,3
S01009012,F. Construction,7,7,0
S01009012,G I. Distribution hotels and restaurants,21,10,11
S01009012,H J. Transport and communication,10,6,4
S01009012,K L M N. Financial real estate professional and administrative activities,20,7,13
S01009012,O P Q. Public administration education and health,41,11,30
S01009012,R S T U. Other,10,4,6
S01009012,Never worked,20,8,12
S01009013,All people aged 16 to 74 not in employment,188,76,112
S01009013,A B D E. Agriculture energy and water,1,1,0
S01009013,C. Manufacturing,9,6,3
S01009013,F. Construction,5,4,1
S01009013,G I. Distribution hotels and restaurants,39,20,19
S01009013,H J. Transport and communication,16,6,10
S01009013,K L M N. Financial real estate professional and administrative activities,28,13,15
S01009013,O P Q. Public administration education and health,46,12,34
S01009013,R S T U. Other,7,1,6
S01009013,Never worked,37,13,24
S01009014,All people aged 16 to 74 not in employment,141,65,76
S01009014,A B D E. Agriculture energy and water,7,7,0
S01009014,C. Manufacturing,3,1,2
S01009014,F. Construction,17,17,0
S01009014,G I. Distribution hotels and restaurants,26,15,11
S01009014,H J. Transport and communication,22,4,18
S01009014,K L M N. Financial real estate professional and administrative activities,7,1,6
S01009014,O P Q. Public administration education and health,39,9,30
S01009014,R S T U. Other,3,1,2
S01009014,Never worked,17,10,7
S01009015,All people aged 16 to 74 not in employment,179,79,100
S01009015,A B D E. Agriculture energy and water,4,3,1
S01009015,C. Manufacturing,12,9,3
S01009015,F. Construction,18,17,1
S01009015,G I. Distribution hotels and restaurants,35,27,8
S01009015,H J. Transport and communication,25,3,22
S01009015,K L M N. Financial real estate professional and administrative activities,9,2,7
S01009015,O P Q. Public administration education and health,53,11,42
S01009015,R S T U. Other,3,1,2
S01009015,Never worked,20,6,14
S01009016,All people aged 16 to 74 not in employment,137,64,73
S01009016,A B D E. Agriculture energy and water,9,5,4
S01009016,C. Manufacturing,5,4,1
S01009016,F. Construction,12,11,1
S01009016,G I. Distribution hotels and restaurants,21,14,7
S01009016,H J. Transport and communication,19,9,10
S01009016,K L M N. Financial real estate professional and administrative activities,7,2,5
S01009016,O P Q. Public administration education and health,46,9,37
S01009016,R S T U. Other,5,1,4
S01009016,Never worked,13,9,4
S01009017,All people aged 16 to 74 not in employment,169,79,90
S01009017,A B D E. Agriculture energy and water,11,10,1
S01009017,C. Manufacturing,8,4,4
S01009017,F. Construction,15,14,1
S01009017,G I. Distribution hotels and restaurants,31,15,16
S01009017,H J. Transport and communication,21,9,12
S01009017,K L M N. Financial real estate professional and administrative activities,10,5,5
S01009017,O P Q. Public administration education and health,47,13,34
S01009017,R S T U. Other,8,0,8
S01009017,Never worked,18,9,9
S01009018,All people aged 16 to 74 not in employment,170,89,81
S01009018,A B D E. Agriculture energy and water,10,8,2
S01009018,C. Manufacturing,8,5,3
S01009018,F. Construction,23,22,1
S01009018,G I. Distribution hotels and restaurants,32,18,14
S01009018,H J. Transport and communication,13,3,10
S01009018,K L M N. Financial real estate professional and administrative activities,12,9,3
S01009018,O P Q. Public administration education and health,43,11,32
S01009018,R S T U. Other,3,1,2
S01009018,Never worked,26,12,14
S01009019,All people aged 16 to 74 not in employment,113,50,63
S01009019,A B D E. Agriculture energy and water,10,9,1
S01009019,C. Manufacturing,3,2,1
S01009019,F. Construction,11,11,0
S01009019,G I. Distribution hotels and restaurants,14,7,7
S01009019,H J. Transport and communication,15,5,10
S01009019,K L M N. Financial real estate professional and administrative activities,12,7,5
S01009019,O P Q. Public administration education and health,37,7,30
S01009019,R S T U. Other,3,1,2
S01009019,Never worked,8,1,7
S01009020,All people aged 16 to 74 not in employment,148,71,77
S01009020,A B D E. Agriculture energy and water,9,8,1
S01009020,C. Manufacturing,5,3,2
S01009020,F. Construction,13,12,1
S01009020,G I. Distribution hotels and restaurants,24,10,14
S01009020,H J. Transport and communication,16,6,10
S01009020,K L M N. Financial real estate professional and administrative activities,13,11,2
S01009020,O P Q. Public administration education and health,44,9,35
S01009020,R S T U. Other,5,1,4
S01009020,Never worked,19,11,8
S01009021,All people aged 16 to 74 not in employment,183,87,96
S01009021,A B D E. Agriculture energy and water,16,13,3
S01009021,C. Manufacturing,7,4,3
S01009021,F. Construction,15,14,1
S01009021,G I. Distribution hotels and restaurants,16,9,7
S01009021,H J. Transport and communication,11,5,6
S01009021,K L M N. Financial real estate professional and administrative activities,10,5,5
S01009021,O P Q. Public administration education and health,78,21,57
S01009021,R S T U. Other,7,4,3
S01009021,Never worked,23,12,11
S01009022,All people aged 16 to 74 not in employment,231,107,124
S01009022,A B D E. Agriculture energy and water,14,12,2
S01009022,C. Manufacturing,22,14,8
S01009022,F. Construction,15,15,0
S01009022,G I. Distribution hotels and restaurants,31,18,13
S01009022,H J. Transport and communication,31,6,25
S01009022,K L M N. Financial real estate professional and administrative activities,12,5,7
S01009022,O P Q. Public administration education and health,78,26,52
S01009022,R S T U. Other,8,2,6
S01009022,Never worked,20,9,11
S01009023,All people aged 16 to 74 not in employment,277,135,142
S01009023,A B D E. Agriculture energy and water,18,16,2
S01009023,C. Manufacturing,16,10,6
S01009023,F. Construction,24,22,2
S01009023,G I. Distribution hotels and restaurants,42,30,12
S01009023,H J. Transport and communication,32,10,22
S01009023,K L M N. Financial real estate professional and administrative activities,15,8,7
S01009023,O P Q. Public administration education and health,93,26,67
S01009023,R S T U. Other,12,3,9
S01009023,Never worked,25,10,15
S01009024,All people aged 16 to 74 not in employment,274,139,135
S01009024,A B D E. Agriculture energy and water,21,19,2
S01009024,C. Manufacturing,17,11,6
S01009024,F. Construction,37,37,0
S01009024,G I. Distribution hotels and restaurants,41,27,14
S01009024,H J. Transport and communication,35,10,25
S01009024,K L M N. Financial real estate professional and administrative activities,19,5,14
S01009024,O P Q. Public administration education and health,80,17,63
S01009024,R S T U. Other,8,4,4
S01009024,Never worked,16,9,7
S01009025,All people aged 16 to 74 not in employment,230,111,119
S01009025,A B D E. Agriculture energy and water,14,13,1
S01009025,C. Manufacturing,14,9,5
S01009025,F. Construction,20,19,1
S01009025,G I. Distribution hotels and restaurants,36,22,14
S01009025,H J. Transport and communication,17,4,13
S01009025,K L M N. Financial real estate professional and administrative activities,19,6,13
S01009025,O P Q. Public administration education and health,81,23,58
S01009025,R S T U. Other,3,2,1
S01009025,Never worked,26,13,13
S01009026,All people aged 16 to 74 not in employment,254,129,125
S01009026,A B D E. Agriculture energy and water,7,7,0
S01009026,C. Manufacturing,28,21,7
S01009026,F. Construction,25,24,1
S01009026,G I. Distribution hotels and restaurants,53,33,20
S01009026,H J. Transport and communication,21,8,13
S01009026,K L M N. Financial real estate professional and administrative activities,16,6,10
S01009026,O P Q. Public administration education and health,68,15,53
S01009026,R S T U. Other,11,4,7
S01009026,Never worked,25,11,14
S01009027,All people aged 16 to 74 not in employment,229,104,125
S01009027,A B D E. Agriculture energy and water,13,11,2
S01009027,C. Manufacturing,25,13,12
S01009027,F. Construction,18,17,1
S01009027,G I. Distribution hotels and restaurants,33,21,12
S01009027,H J. Transport and communication,20,6,14
S01009027,K L M N. Financial real estate professional and administrative activities,18,5,13
S01009027,O P Q. Public administration education and health,68,18,50
S01009027,R S T U. Other,7,1,6
S01009027,Never worked,27,12,15
S01009028,All people aged 16 to 74 not in employment,139,63,76
S01009028,A B D E. Agriculture energy and water,6,5,1
S01009028,C. Manufacturing,14,9,5
S01009028,F. Construction,11,11,0
S01009028,G I. Distribution hotels and restaurants,14,10,4
S01009028,H J. Transport and communication,11,5,6
S01009028,K L M N. Financial real estate professional and administrative activities,12,6,6
S01009028,O P Q. Public administration education and health,50,11,39
S01009028,R S T U. Other,7,1,6
S01009028,Never worked,14,5,9
S01009029,All people aged 16 to 74 not in employment,171,76,95
S01009029,A B D E. Agriculture energy and water,8,8,0
S01009029,C. Manufacturing,22,13,9
S01009029,F. Construction,11,10,1
S01009029,G I. Distribution hotels and restaurants,22,9,13
S01009029,H J. Transport and communication,13,4,9
S01009029,K L M N. Financial real estate professional and administrative activities,11,8,3
S01009029,O P Q. Public administration education and health,57,12,45
S01009029,R S T U. Other,5,2,3
S01009029,Never worked,22,10,12
S01009030,All people aged 16 to 74 not in employment,184,84,100
S01009030,A B D E. Agriculture energy and water,5,4,1
S01009030,C. Manufacturing,32,22,10
S01009030,F. Construction,14,13,1
S01009030,G I. Distribution hotels and restaurants,28,13,15
S01009030,H J. Transport and communication,21,5,16
S01009030,K L M N. Financial real estate professional and administrative activities,3,3,0
S01009030,O P Q. Public administration education and health,53,10,43
S01009030,R S T U. Other,5,3,2
S01009030,Never worked,23,11,12
S01009031,All people aged 16 to 74 not in employment,201,85,116
S01009031,A B D E. Agriculture energy and water,8,6,2
S01009031,C. Manufacturing,15,8,7
S01009031,F. Construction,22,20,2
S01009031,G I. Distribution hotels and restaurants,41,25,16
S01009031,H J. Transport and communication,15,5,10
S01009031,K L M N. Financial real estate professional and administrative activities,7,4,3
S01009031,O P Q. Public administration education and health,65,9,56
S01009031,R S T U. Other,9,1,8
S01009031,Never worked,19,7,12
S01009032,All people aged 16 to 74 not in employment,201,99,102
S01009032,A B D E. Agriculture energy and water,11,8,3
S01009032,C. Manufacturing,18,13,5
S01009032,F. Construction,31,28,3
S01009032,G I. Distribution hotels and restaurants,31,20,11
S01009032,H J. Transport and communication,16,4,12
S01009032,K L M N. Financial real estate professional and administrative activities,19,9,10
S01009032,O P Q. Public administration education and health,60,10,50
S01009032,R S T U. Other,3,2,1
S01009032,Never worked,12,5,7
S01009033,All people aged 16 to 74 not in employment,215,103,112
S01009033,A B D E. Agriculture energy and water,11,11,0
S01009033,C. Manufacturing,18,10,8
S01009033,F. Construction,13,13,0
S01009033,G I. Distribution hotels and restaurants,44,36,8
S01009033,H J. Transport and communication,18,4,14
S01009033,K L M N. Financial real estate professional and administrative activities,10,5,5
S01009033,O P Q. Public administration education and health,71,12,59
S01009033,R S T U. Other,8,3,5
S01009033,Never worked,22,9,13
S01009034,All people aged 16 to 74 not in employment,184,85,99
S01009034,A B D E. Agriculture energy and water,13,11,2
S01009034,C. Manufacturing,17,10,7
S01009034,F. Construction,14,13,1
S01009034,G I. Distribution hotels and restaurants,40,19,21
S01009034,H J. Transport and communication,11,3,8
S01009034,K L M N. Financial real estate professional and administrative activities,5,2,3
S01009034,O P Q. Public administration education and health,66,18,48
S01009034,R S T U. Other,4,1,3
S01009034,Never worked,14,8,6
S01009035,All people aged 16 to 74 not in employment,210,94,116
S01009035,A B D E. Agriculture energy and water,9,7,2
S01009035,C. Manufacturing,13,7,6
S01009035,F. Construction,21,18,3
S01009035,G I. Distribution hotels and restaurants,40,21,19
S01009035,H J. Transport and communication,11,0,11
S01009035,K L M N. Financial real estate professional and administrative activities,17,8,9
S01009035,O P Q. Public administration education and health,64,13,51
S01009035,R S T U. Other,6,2,4
S01009035,Never worked,29,18,11
S01009036,All people aged 16 to 74 not in employment,229,114,115
S01009036,A B D E. Agriculture energy and water,9,6,3
S01009036,C. Manufacturing,20,16,4
S01009036,F. Construction,23,22,1
S01009036,G I. Distribution hotels and restaurants,35,23,12
S01009036,H J. Transport and communication,22,4,18
S01009036,K L M N. Financial real estate professional and administrative activities,12,5,7
S01009036,O P Q. Public administration education and health,70,20,50
S01009036,R S T U. Other,8,4,4
S01009036,Never worked,30,14,16
S01009037,All people aged 16 to 74 not in employment,196,86,110
S01009037,A B D E. Agriculture energy and water,7,6,1
S01009037,C. Manufacturing,17,11,6
S01009037,F. Construction,18,15,3
S01009037,G I. Distribution hotels and restaurants,32,20,12
S01009037,H J. Transport and communication,13,5,8
S01009037,K L M N. Financial real estate professional and administrative activities,9,5,4
S01009037,O P Q. Public administration education and health,68,12,56
S01009037,R S T U. Other,5,0,5
S01009037,Never worked,27,12,15
S01009038,All people aged 16 to 74 not in employment,245,115,130
S01009038,A B D E. Agriculture energy and water,13,11,2
S01009038,C. Manufacturing,10,7,3
S01009038,F. Construction,18,15,3
S01009038,G I. Distribution hotels and restaurants,45,22,23
S01009038,H J. Transport and communication,20,5,15
S01009038,K L M N. Financial real estate professional and administrative activities,21,12,9
S01009038,O P Q. Public administration education and health,64,16,48
S01009038,R S T U. Other,4,1,3
S01009038,Never worked,50,26,24
S01009039,All people aged 16 to 74 not in employment,171,84,87
S01009039,A B D E. Agriculture energy and water,7,6,1
S01009039,C. Manufacturing,17,12,5
S01009039,F. Construction,19,19,0
S01009039,G I. Distribution hotels and restaurants,38,14,24
S01009039,H J. Transport and communication,15,4,11
S01009039,K L M N. Financial real estate professional and administrative activities,11,5,6
S01009039,O P Q. Public administration education and health,35,8,27
S01009039,R S T U. Other,5,3,2
S01009039,Never worked,24,13,11
S01009040,All people aged 16 to 74 not in employment,145,71,74
S01009040,A B D E. Agriculture energy and water,6,6,0
S01009040,C. Manufacturing,10,9,1
S01009040,F. Construction,15,15,0
S01009040,G I. Distribution hotels and restaurants,28,17,11
S01009040,H J. Transport and communication,17,7,10
S01009040,K L M N. Financial real estate professional and administrative activities,7,2,5
S01009040,O P Q. Public administration education and health,38,5,33
S01009040,R S T U. Other,6,2,4
S01009040,Never worked,18,8,10
S01009041,All people aged 16 to 74 not in employment,199,93,106
S01009041,A B D E. Agriculture energy and water,5,4,1
S01009041,C. Manufacturing,25,15,10
S01009041,F. Construction,22,20,2
S01009041,G I. Distribution hotels and restaurants,38,13,25
S01009041,H J. Transport and communication,16,7,9
S01009041,K L M N. Financial real estate professional and administrative activities,10,4,6
S01009041,O P Q. Public administration education and health,57,16,41
S01009041,R S T U. Other,5,3,2
S01009041,Never worked,21,11,10
S01009042,All people aged 16 to 74 not in employment,195,83,112
S01009042,A B D E. Agriculture energy and water,12,9,3
S01009042,C. Manufacturing,25,9,16
S01009042,F. Construction,14,14,0
S01009042,G I. Distribution hotels and restaurants,26,13,13
S01009042,H J. Transport and communication,20,5,15
S01009042,K L M N. Financial real estate professional and administrative activities,11,5,6
S01009042,O P Q. Public administration education and health,52,11,41
S01009042,R S T U. Other,8,1,7
S01009042,Never worked,27,16,11
S01009043,All people aged 16 to 74 not in employment,152,66,86
S01009043,A B D E. Agriculture energy and water,1,1,0
S01009043,C. Manufacturing,21,14,7
S01009043,F. Construction,17,16,1
S01009043,G I. Distribution hotels and restaurants,25,6,19
S01009043,H J. Transport and communication,16,8,8
S01009043,K L M N. Financial real estate professional and administrative activities,11,4,7
S01009043,O P Q. Public administration education and health,36,9,27
S01009043,R S T U. Other,3,2,1
S01009043,Never worked,22,6,16
S01009044,All people aged 16 to 74 not in employment,199,83,116
S01009044,A B D E. Agriculture energy and water,7,4,3
S01009044,C. Manufacturing,20,11,9
S01009044,F. Construction,16,16,0
S01009044,G I. Distribution hotels and restaurants,48,28,20
S01009044,H J. Transport and communication,19,3,16
S01009044,K L M N. Financial real estate professional and administrative activities,13,1,12
S01009044,O P Q. Public administration education and health,53,12,41
S01009044,R S T U. Other,10,3,7
S01009044,Never worked,13,5,8
S01009045,All people aged 16 to 74 not in employment,170,72,98
S01009045,A B D E. Agriculture energy and water,6,6,0
S01009045,C. Manufacturing,18,13,5
S01009045,F. Construction,15,14,1
S01009045,G I. Distribution hotels and restaurants,33,15,18
S01009045,H J. Transport and communication,11,1,10
S01009045,K L M N. Financial real estate professional and administrative activities,13,8,5
S01009045,O P Q. Public administration education and health,53,7,46
S01009045,R S T U. Other,7,2,5
S01009045,Never worked,14,6,8
S01009046,All people aged 16 to 74 not in employment,202,76,126
S01009046,A B D E. Agriculture energy and water,8,5,3
S01009046,C. Manufacturing,12,7,5
S01009046,F. Construction,15,14,1
S01009046,G I. Distribution hotels and restaurants,38,20,18
S01009046,H J. Transport and communication,13,2,11
S01009046,K L M N. Financial real estate professional and administrative activities,18,5,13
S01009046,O P Q. Public administration education and health,59,9,50
S01009046,R S T U. Other,10,3,7
S01009046,Never worked,29,11,18
S01009047,All people aged 16 to 74 not in employment,173,87,86
S01009047,A B D E. Agriculture energy and water,15,14,1
S01009047,C. Manufacturing,14,10,4
S01009047,F. Construction,16,16,0
S01009047,G I. Distribution hotels and restaurants,23,13,10
S01009047,H J. Transport and communication,11,4,7
S01009047,K L M N. Financial real estate professional and administrative activities,8,1,7
S01009047,O P Q. Public administration education and health,65,18,47
S01009047,R S T U. Other,4,2,2
S01009047,Never worked,17,9,8
S01009048,All people aged 16 to 74 not in employment,199,97,102
S01009048,A B D E. Agriculture energy and water,7,5,2
S01009048,C. Manufacturing,10,4,6
S01009048,F. Construction,26,24,2
S01009048,G I. Distribution hotels and restaurants,36,18,18
S01009048,H J. Transport and communication,17,7,10
S01009048,K L M N. Financial real estate professional and administrative activities,17,13,4
S01009048,O P Q. Public administration education and health,61,11,50
S01009048,R S T U. Other,3,1,2
S01009048,Never worked,22,14,8
S01009049,All people aged 16 to 74 not in employment,156,70,86
S01009049,A B D E. Agriculture energy and water,8,5,3
S01009049,C. Manufacturing,11,7,4
S01009049,F. Construction,14,14,0
S01009049,G I. Distribution hotels and restaurants,34,16,18
S01009049,H J. Transport and communication,15,5,10
S01009049,K L M N. Financial real estate professional and administrative activities,13,7,6
S01009049,O P Q. Public administration education and health,49,10,39
S01009049,R S T U. Other,5,3,2
S01009049,Never worked,7,3,4
S01009050,All people aged 16 to 74 not in employment,188,91,97
S01009050,A B D E. Agriculture energy and water,6,5,1
S01009050,C. Manufacturing,28,17,11
S01009050,F. Construction,14,10,4
S01009050,G I. Distribution hotels and restaurants,31,14,17
S01009050,H J. Transport and communication,10,2,8
S01009050,K L M N. Financial real estate professional and administrative activities,17,9,8
S01009050,O P Q. Public administration education and health,41,12,29
S01009050,R S T U. Other,6,3,3
S01009050,Never worked,35,19,16
S01009051,All people aged 16 to 74 not in employment,148,58,90
S01009051,A B D E. Agriculture energy and water,10,7,3
S01009051,C. Manufacturing,14,7,7
S01009051,F. Construction,11,9,2
S01009051,G I. Distribution hotels and restaurants,30,14,16
S01009051,H J. Transport and communication,8,1,7
S01009051,K L M N. Financial real estate professional and administrative activities,14,4,10
S01009051,O P Q. Public administration education and health,20,2,18
S01009051,R S T U. Other,11,1,10
S01009051,Never worked,30,13,17
S01009052,All people aged 16 to 74 not in employment,168,75,93
S01009052,A B D E. Agriculture energy and water,6,4,2
S01009052,C. Manufacturing,16,9,7
S01009052,F. Construction,21,19,2
S01009052,G I. Distribution hotels and restaurants,34,12,22
S01009052,H J. Transport and communication,13,5,8
S01009052,K L M N. Financial real estate professional and administrative activities,12,5,7
S01009052,O P Q. Public administration education and health,46,11,35
S01009052,R S T U. Other,3,1,2
S01009052,Never worked,17,9,8
S01009053,All people aged 16 to 74 not in employment,212,113,99
S01009053,A B D E. Agriculture energy and water,7,5,2
S01009053,C. Manufacturing,21,13,8
S01009053,F. Construction,34,33,1
S01009053,G I. Distribution hotels and restaurants,36,15,21
S01009053,H J. Transport and communication,19,8,11
S01009053,K L M N. Financial real estate professional and administrative activities,20,13,7
S01009053,O P Q. Public administration education and health,30,8,22
S01009053,R S T U. Other,7,2,5
S01009053,Never worked,38,16,22
S01009054,All people aged 16 to 74 not in employment,174,80,94
S01009054,A B D E. Agriculture energy and water,7,5,2
S01009054,C. Manufacturing,18,9,9
S01009054,F. Construction,12,10,2
S01009054,G I. Distribution hotels and restaurants,40,18,22
S01009054,H J. Transport and communication,8,2,6
S01009054,K L M N. Financial real estate professional and administrative activities,12,6,6
S01009054,O P Q. Public administration education and health,42,10,32
S01009054,R S T U. Other,9,3,6
S01009054,Never worked,26,17,9
S01009055,All people aged 16 to 74 not in employment,190,88,102
S01009055,A B D E. Agriculture energy and water,7,4,3
S01009055,C. Manufacturing,21,14,7
S01009055,F. Construction,20,18,2
S01009055,G I. Distribution hotels and restaurants,41,19,22
S01009055,H J. Transport and communication,10,4,6
S01009055,K L M N. Financial real estate professional and administrative activities,20,7,13
S01009055,O P Q. Public administration education and health,42,8,34
S01009055,R S T U. Other,7,3,4
S01009055,Never worked,22,11,11
S01009056,All people aged 16 to 74 not in employment,196,90,106
S01009056,A B D E. Agriculture energy and water,6,4,2
S01009056,C. Manufacturing,34,21,13
S01009056,F. Construction,18,16,2
S01009056,G I. Distribution hotels and restaurants,49,19,30
S01009056,H J. Transport and communication,10,4,6
S01009056,K L M N. Financial real estate professional and administrative activities,12,8,4
S01009056,O P Q. Public administration education and health,32,7,25
S01009056,R S T U. Other,6,2,4
S01009056,Never worked,29,9,20
S01009057,All people aged 16 to 74 not in employment,167,72,95
S01009057,A B D E. Agriculture energy and water,10,5,5
S01009057,C. Manufacturing,14,5,9
S01009057,F. Construction,19,16,3
S01009057,G I. Distribution hotels and restaurants,34,12,22
S01009057,H J. Transport and communication,14,6,8
S01009057,K L M N. Financial real estate professional and administrative activities,12,4,8
S01009057,O P Q. Public administration education and health,31,8,23
S01009057,R S T U. Other,5,2,3
S01009057,Never worked,28,14,14
S01009058,All people aged 16 to 74 not in employment,237,113,124
S01009058,A B D E. Agriculture energy and water,6,4,2
S01009058,C. Manufacturing,32,15,17
S01009058,F. Construction,27,26,1
S01009058,G I. Distribution hotels and restaurants,48,20,28
S01009058,H J. Transport and communication,14,6,8
S01009058,K L M N. Financial real estate professional and administrative activities,19,10,9
S01009058,O P Q. Public administration education and health,59,15,44
S01009058,R S T U. Other,8,4,4
S01009058,Never worked,24,13,11
S01009059,All people aged 16 to 74 not in employment,183,83,100
S01009059,A B D E. Agriculture energy and water,5,2,3
S01009059,C. Manufacturing,21,14,7
S01009059,F. Construction,20,19,1
S01009059,G I. Distribution hotels and restaurants,32,11,21
S01009059,H J. Transport and communication,11,4,7
S01009059,K L M N. Financial real estate professional and administrative activities,12,2,10
S01009059,O P Q. Public administration education and health,30,6,24
S01009059,R S T U. Other,7,3,4
S01009059,Never worked,45,22,23
S01009060,All people aged 16 to 74 not in employment,76,28,48
S01009060,A B D E. Agriculture energy and water,0,0,0
S01009060,C. Manufacturing,9,6,3
S01009060,F. Construction,3,3,0
S01009060,G I. Distribution hotels and restaurants,8,3,5
S01009060,H J. Transport and communication,6,1,5
S01009060,K L M N. Financial real estate professional and administrative activities,9,0,9
S01009060,O P Q. Public administration education and health,19,7,12
S01009060,R S T U. Other,3,0,3
S01009060,Never worked,19,8,11
S01009061,All people aged 16 to 74 not in employment,199,87,112
S01009061,A B D E. Agriculture energy and water,5,3,2
S01009061,C. Manufacturing,23,13,10
S01009061,F. Construction,16,16,0
S01009061,G I. Distribution hotels and restaurants,46,15,31
S01009061,H J. Transport and communication,18,4,14
S01009061,K L M N. Financial real estate professional and administrative activities,20,9,11
S01009061,O P Q. Public administration education and health,34,12,22
S01009061,R S T U. Other,11,4,7
S01009061,Never worked,26,11,15
S01009062,All people aged 16 to 74 not in employment,214,96,118
S01009062,A B D E. Agriculture energy and water,4,3,1
S01009062,C. Manufacturing,32,19,13
S01009062,F. Construction,20,17,3
S01009062,G I. Distribution hotels and restaurants,45,21,24
S01009062,H J. Transport and communication,22,8,14
S01009062,K L M N. Financial real estate professional and administrative activities,18,6,12
S01009062,O P Q. Public administration education and health,41,7,34
S01009062,R S T U. Other,6,3,3
S01009062,Never worked,26,12,14
S01009063,All people aged 16 to 74 not in employment,179,85,94
S01009063,A B D E. Agriculture energy and water,4,3,1
S01009063,C. Manufacturing,21,15,6
S01009063,F. Construction,18,15,3
S01009063,G I. Distribution hotels and restaurants,38,18,20
S01009063,H J. Transport and communication,12,3,9
S01009063,K L M N. Financial real estate professional and administrative activities,15,6,9
S01009063,O P Q. Public administration education and health,43,13,30
S01009063,R S T U. Other,6,0,6
S01009063,Never worked,22,12,10
S01009064,All people aged 16 to 74 not in employment,161,65,96
S01009064,A B D E. Agriculture energy and water,2,1,1
S01009064,C. Manufacturing,19,10,9
S01009064,F. Construction,17,17,0
S01009064,G I. Distribution hotels and restaurants,34,14,20
S01009064,H J. Transport and communication,11,2,9
S01009064,K L M N. Financial real estate professional and administrative activities,16,6,10
S01009064,O P Q. Public administration education and health,42,7,35
S01009064,R S T U. Other,3,0,3
S01009064,Never worked,17,8,9
S01009065,All people aged 16 to 74 not in employment,208,91,117
S01009065,A B D E. Agriculture energy and water,3,3,0
S01009065,C. Manufacturing,25,17,8
S01009065,F. Construction,15,12,3
S01009065,G I. Distribution hotels and restaurants,36,13,23
S01009065,H J. Transport and communication,16,5,11
S01009065,K L M N. Financial real estate professional and administrative activities,22,9,13
S01009065,O P Q. Public administration education and health,31,4,27
S01009065,R S T U. Other,13,6,7
S01009065,Never worked,47,22,25
S01009066,All people aged 16 to 74 not in employment,216,94,122
S01009066,A B D E. Agriculture energy and water,4,2,2
S01009066,C. Manufacturing,32,20,12
S01009066,F. Construction,21,21,0
S01009066,G I. Distribution hotels and restaurants,55,22,33
S01009066,H J. Transport and communication,14,5,9
S01009066,K L M N. Financial real estate professional and administrative activities,24,7,17
S01009066,O P Q. Public administration education and health,35,7,28
S01009066,R S T U. Other,4,2,2
S01009066,Never worked,27,8,19
S01009067,All people aged 16 to 74 not in employment,135,54,81
S01009067,A B D E. Agriculture energy and water,3,1,2
S01009067,C. Manufacturing,15,6,9
S01009067,F. Construction,7,7,0
S01009067,G I. Distribution hotels and restaurants,21,7,14
S01009067,H J. Transport and communication,9,4,5
S01009067,K L M N. Financial real estate professional and administrative activities,12,4,8
S01009067,O P Q. Public administration education and health,37,10,27
S01009067,R S T U. Other,4,0,4
S01009067,Never worked,27,15,12
S01009068,All people aged 16 to 74 not in employment,207,91,116
S01009068,A B D E. Agriculture energy and water,6,3,3
S01009068,C. Manufacturing,26,14,12
S01009068,F. Construction,18,17,1
S01009068,G I. Distribution hotels and restaurants,46,21,25
S01009068,H J. Transport and communication,8,2,6
S01009068,K L M N. Financial real estate professional and administrative activities,15,5,10
S01009068,O P Q. Public administration education and health,50,10,40
S01009068,R S T U. Other,10,3,7
S01009068,Never worked,28,16,12
S01009069,All people aged 16 to 74 not in employment,130,57,73
S01009069,A B D E. Agriculture energy and water,3,3,0
S01009069,C. Manufacturing,17,12,5
S01009069,F. Construction,11,10,1
S01009069,G I. Distribution hotels and restaurants,23,10,13
S01009069,H J. Transport and communication,10,5,5
S01009069,K L M N. Financial real estate professional and administrative activities,10,2,8
S01009069,O P Q. Public administration education and health,41,10,31
S01009069,R S T U. Other,3,0,3
S01009069,Never worked,12,5,7
S01009070,All people aged 16 to 74 not in employment,140,63,77
S01009070,A B D E. Agriculture energy and water,4,4,0
S01009070,C. Manufacturing,12,6,6
S01009070,F. Construction,16,15,1
S01009070,G I. Distribution hotels and restaurants,26,8,18
S01009070,H J. Transport and communication,11,5,6
S01009070,K L M N. Financial real estate professional and administrative activities,13,6,7
S01009070,O P Q. Public administration education and health,34,6,28
S01009070,R S T U. Other,3,2,1
S01009070,Never worked,21,11,10
S01009071,All people aged 16 to 74 not in employment,125,55,70
S01009071,A B D E. Agriculture energy and water,4,2,2
S01009071,C. Manufacturing,17,11,6
S01009071,F. Construction,12,11,1
S01009071,G I. Distribution hotels and restaurants,24,10,14
S01009071,H J. Transport and communication,7,1,6
S01009071,K L M N. Financial real estate professional and administrative activities,10,2,8
S01009071,O P Q. Public administration education and health,27,5,22
S01009071,R S T U. Other,4,2,2
S01009071,Never worked,20,11,9
S01009072,All people aged 16 to 74 not in employment,131,56,75
S01009072,A B D E. Agriculture energy and water,4,4,0
S01009072,C. Manufacturing,13,6,7
S01009072,F. Construction,10,7,3
S01009072,G I. Distribution hotels and restaurants,30,14,16
S01009072,H J. Transport and communication,11,4,7
S01009072,K L M N. Financial real estate professional and administrative activities,10,3,7
S01009072,O P Q. Public administration education and health,26,4,22
S01009072,R S T U. Other,3,2,1
S01009072,Never worked,24,12,12
S01009073,All people aged 16 to 74 not in employment,189,76,113
S01009073,A B D E. Agriculture energy and water,4,2,2
S01009073,C. Manufacturing,32,14,18
S01009073,F. Construction,23,20,3
S01009073,G I. Distribution hotels and restaurants,28,9,19
S01009073,H J. Transport and communication,19,7,12
S01009073,K L M N. Financial real estate professional and administrative activities,15,4,11
S01009073,O P Q. Public administration education and health,35,6,29
S01009073,R S T U. Other,5,1,4
S01009073,Never worked,28,13,15
S01009074,All people aged 16 to 74 not in employment,209,85,124
S01009074,A B D E. Agriculture energy and water,2,0,2
S01009074,C. Manufacturing,36,19,17
S01009074,F. Construction,18,17,1
S01009074,G I. Distribution hotels and restaurants,41,18,23
S01009074,H J. Transport and communication,18,3,15
S01009074,K L M N. Financial real estate professional and administrative activities,13,4,9
S01009074,O P Q. Public administration education and health,37,5,32
S01009074,R S T U. Other,5,1,4
S01009074,Never worked,39,18,21
S01009075,All people aged 16 to 74 not in employment,175,78,97
S01009075,A B D E. Agriculture energy and water,11,7,4
S01009075,C. Manufacturing,27,11,16
S01009075,F. Construction,26,25,1
S01009075,G I. Distribution hotels and restaurants,32,10,22
S01009075,H J. Transport and communication,12,3,9
S01009075,K L M N. Financial real estate professional and administrative activities,11,5,6
S01009075,O P Q. Public administration education and health,33,5,28
S01009075,R S T U. Other,2,1,1
S01009075,Never worked,21,11,10
S01009076,All people aged 16 to 74 not in employment,202,92,110
S01009076,A B D E. Agriculture energy and water,2,2,0
S01009076,C. Manufacturing,19,11,8
S01009076,F. Construction,19,18,1
S01009076,G I. Distribution hotels and restaurants,38,18,20
S01009076,H J. Transport and communication,14,4,10
S01009076,K L M N. Financial real estate professional and administrative activities,15,5,10
S01009076,O P Q. Public administration education and health,57,18,39
S01009076,R S T U. Other,8,4,4
S01009076,Never worked,30,12,18
S01009077,All people aged 16 to 74 not in employment,174,80,94
S01009077,A B D E. Agriculture energy and water,9,5,4
S01009077,C. Manufacturing,14,10,4
S01009077,F. Construction,17,16,1
S01009077,G I. Distribution hotels and restaurants,21,8,13
S01009077,H J. Transport and communication,14,5,9
S01009077,K L M N. Financial real estate professional and administrative activities,12,7,5
S01009077,O P Q. Public administration education and health,56,14,42
S01009077,R S T U. Other,1,0,1
S01009077,Never worked,30,15,15
S01009078,All people aged 16 to 74 not in employment,107,45,62
S01009078,A B D E. Agriculture energy and water,2,2,0
S01009078,C. Manufacturing,6,1,5
S01009078,F. Construction,7,3,4
S01009078,G I. Distribution hotels and restaurants,22,12,10
S01009078,H J. Transport and communication,13,4,9
S01009078,K L M N. Financial real estate professional and administrative activities,15,5,10
S01009078,O P Q. Public administration education and health,21,5,16
S01009078,R S T U. Other,0,0,0
S01009078,Never worked,21,13,8
S01009079,All people aged 16 to 74 not in employment,253,103,150
S01009079,A B D E. Agriculture energy and water,8,3,5
S01009079,C. Manufacturing,36,23,13
S01009079,F. Construction,21,19,2
S01009079,G I. Distribution hotels and restaurants,57,24,33
S01009079,H J. Transport and communication,18,4,14
S01009079,K L M N. Financial real estate professional and administrative activities,13,6,7
S01009079,O P Q. Public administration education and health,57,9,48
S01009079,R S T U. Other,5,2,3
S01009079,Never worked,38,13,25
S01009080,All people aged 16 to 74 not in employment,272,97,175
S01009080,A B D E. Agriculture energy and water,7,3,4
S01009080,C. Manufacturing,33,15,18
S01009080,F. Construction,20,19,1
S01009080,G I. Distribution hotels and restaurants,66,24,42
S01009080,H J. Transport and communication,20,10,10
S01009080,K L M N. Financial real estate professional and administrative activities,27,8,19
S01009080,O P Q. Public administration education and health,55,5,50
S01009080,R S T U. Other,8,1,7
S01009080,Never worked,36,12,24
S01009081,All people aged 16 to 74 not in employment,169,73,96
S01009081,A B D E. Agriculture energy and water,8,6,2
S01009081,C. Manufacturing,18,10,8
S01009081,F. Construction,9,9,0
S01009081,G I. Distribution hotels and restaurants,39,16,23
S01009081,H J. Transport and communication,11,3,8
S01009081,K L M N. Financial real estate professional and administrative activities,14,6,8
S01009081,O P Q. Public administration education and health,42,9,33
S01009081,R S T U. Other,8,3,5
S01009081,Never worked,20,11,9
S01009082,All people aged 16 to 74 not in employment,270,112,158
S01009082,A B D E. Agriculture energy and water,8,5,3
S01009082,C. Manufacturing,41,20,21
S01009082,F. Construction,19,18,1
S01009082,G I. Distribution hotels and restaurants,47,22,25
S01009082,H J. Transport and communication,20,8,12
S01009082,K L M N. Financial real estate professional and administrative activities,22,10,12
S01009082,O P Q. Public administration education and health,59,4,55
S01009082,R S T U. Other,7,3,4
S01009082,Never worked,47,22,25
S01009083,All people aged 16 to 74 not in employment,214,91,123
S01009083,A B D E. Agriculture energy and water,6,5,1
S01009083,C. Manufacturing,31,20,11
S01009083,F. Construction,17,14,3
S01009083,G I. Distribution hotels and restaurants,51,20,31
S01009083,H J. Transport and communication,17,6,11
S01009083,K L M N. Financial real estate professional and administrative activities,13,4,9
S01009083,O P Q. Public administration education and health,46,8,38
S01009083,R S T U. Other,3,1,2
S01009083,Never worked,30,13,17
S01009084,All people aged 16 to 74 not in employment,92,36,56
S01009084,A B D E. Agriculture energy and water,5,4,1
S01009084,C. Manufacturing,8,7,1
S01009084,F. Construction,4,3,1
S01009084,G I. Distribution hotels and restaurants,15,5,10
S01009084,H J. Transport and communication,5,3,2
S01009084,K L M N. Financial real estate professional and administrative activities,10,3,7
S01009084,O P Q. Public administration education and health,21,5,16
S01009084,R S T U. Other,5,1,4
S01009084,Never worked,19,5,14
S01009085,All people aged 16 to 74 not in employment,75,29,46
S01009085,A B D E. Agriculture energy and water,1,1,0
S01009085,C. Manufacturing,5,0,5
S01009085,F. Construction,5,5,0
S01009085,G I. Distribution hotels and restaurants,16,7,9
S01009085,H J. Transport and communication,6,1,5
S01009085,K L M N. Financial real estate professional and administrative activities,6,1,5
S01009085,O P Q. Public administration education and health,10,1,9
S01009085,R S T U. Other,4,1,3
S01009085,Never worked,22,12,10
S01009086,All people aged 16 to 74 not in employment,175,77,98
S01009086,A B D E. Agriculture energy and water,8,5,3
S01009086,C. Manufacturing,27,15,12
S01009086,F. Construction,17,15,2
S01009086,G I. Distribution hotels and restaurants,34,16,18
S01009086,H J. Transport and communication,13,5,8
S01009086,K L M N. Financial real estate professional and administrative activities,16,10,6
S01009086,O P Q. Public administration education and health,36,3,33
S01009086,R S T U. Other,4,0,4
S01009086,Never worked,20,8,12
S01009087,All people aged 16 to 74 not in employment,183,76,107
S01009087,A B D E. Agriculture energy and water,7,4,3
S01009087,C. Manufacturing,19,14,5
S01009087,F. Construction,14,14,0
S01009087,G I. Distribution hotels and restaurants,40,10,30
S01009087,H J. Transport and communication,15,5,10
S01009087,K L M N. Financial real estate professional and administrative activities,23,11,12
S01009087,O P Q. Public administration education and health,38,5,33
S01009087,R S T U. Other,7,1,6
S01009087,Never worked,20,12,8
S01009088,All people aged 16 to 74 not in employment,265,117,148
S01009088,A B D E. Agriculture energy and water,8,6,2
S01009088,C. Manufacturing,37,24,13
S01009088,F. Construction,16,14,2
S01009088,G I. Distribution hotels and restaurants,42,16,26
S01009088,H J. Transport and communication,11,2,9
S01009088,K L M N. Financial real estate professional and administrative activities,29,11,18
S01009088,O P Q. Public administration education and health,78,22,56
S01009088,R S T U. Other,10,3,7
S01009088,Never worked,34,19,15
S01009089,All people aged 16 to 74 not in employment,143,51,92
S01009089,A B D E. Agriculture energy and water,4,4,0
S01009089,C. Manufacturing,8,6,2
S01009089,F. Construction,7,7,0
S01009089,G I. Distribution hotels and restaurants,25,6,19
S01009089,H J. Transport and communication,4,2,2
S01009089,K L M N. Financial real estate professional and administrative activities,20,4,16
S01009089,O P Q. Public administration education and health,40,9,31
S01009089,R S T U. Other,1,1,0
S01009089,Never worked,34,12,22
S01009090,All people aged 16 to 74 not in employment,102,50,52
S01009090,A B D E. Agriculture energy and water,1,1,0
S01009090,C. Manufacturing,13,8,5
S01009090,F. Construction,7,6,1
S01009090,G I. Distribution hotels and restaurants,16,5,11
S01009090,H J. Transport and communication,7,4,3
S01009090,K L M N. Financial real estate professional and administrative activities,10,7,3
S01009090,O P Q. Public administration education and health,20,6,14
S01009090,R S T U. Other,9,3,6
S01009090,Never worked,19,10,9
S01009091,All people aged 16 to 74 not in employment,86,34,52
S01009091,A B D E. Agriculture energy and water,3,1,2
S01009091,C. Manufacturing,10,5,5
S01009091,F. Construction,2,2,0
S01009091,G I. Distribution hotels and restaurants,12,6,6
S01009091,H J. Transport and communication,6,3,3
S01009091,K L M N. Financial real estate professional and administrative activities,12,3,9
S01009091,O P Q. Public administration education and health,22,8,14
S01009091,R S T U. Other,3,1,2
S01009091,Never worked,16,5,11
S01009092,All people aged 16 to 74 not in employment,280,128,152
S01009092,A B D E. Agriculture energy and water,5,4,1
S01009092,C. Manufacturing,34,20,14
S01009092,F. Construction,25,23,2
S01009092,G I. Distribution hotels and restaurants,60,29,31
S01009092,H J. Transport and communication,18,7,11
S01009092,K L M N. Financial real estate professional and administrative activities,19,11,8
S01009092,O P Q. Public administration education and health,89,22,67
S01009092,R S T U. Other,8,1,7
S01009092,Never worked,22,11,11
S01009093,All people aged 16 to 74 not in employment,195,73,122
S01009093,A B D E. Agriculture energy and water,4,2,2
S01009093,C. Manufacturing,24,13,11
S01009093,F. Construction,13,12,1
S01009093,G I. Distribution hotels and restaurants,38,17,21
S01009093,H J. Transport and communication,23,6,17
S01009093,K L M N. Financial real estate professional and administrative activities,16,2,14
S01009093,O P Q. Public administration education and health,42,10,32
S01009093,R S T U. Other,7,1,6
S01009093,Never worked,28,10,18
S01009094,All people aged 16 to 74 not in employment,194,84,110
S01009094,A B D E. Agriculture energy and water,1,0,1
S01009094,C. Manufacturing,30,24,6
S01009094,F. Construction,4,4,0
S01009094,G I. Distribution hotels and restaurants,26,12,14
S01009094,H J. Transport and communication,5,3,2
S01009094,K L M N. Financial real estate professional and administrative activities,26,10,16
S01009094,O P Q. Public administration education and health,77,16,61
S01009094,R S T U. Other,5,2,3
S01009094,Never worked,20,13,7
S01009095,All people aged 16 to 74 not in employment,198,98,100
S01009095,A B D E. Agriculture energy and water,5,4,1
S01009095,C. Manufacturing,17,11,6
S01009095,F. Construction,18,16,2
S01009095,G I. Distribution hotels and restaurants,40,16,24
S01009095,H J. Transport and communication,4,2,2
S01009095,K L M N. Financial real estate professional and administrative activities,14,7,7
S01009095,O P Q. Public administration education and health,45,14,31
S01009095,R S T U. Other,11,5,6
S01009095,Never worked,44,23,21
S01009096,All people aged 16 to 74 not in employment,148,66,82
S01009096,A B D E. Agriculture energy and water,5,4,1
S01009096,C. Manufacturing,16,10,6
S01009096,F. Construction,8,6,2
S01009096,G I. Distribution hotels and restaurants,37,15,22
S01009096,H J. Transport and communication,7,3,4
S01009096,K L M N. Financial real estate professional and administrative activities,11,2,9
S01009096,O P Q. Public administration education and health,28,7,21
S01009096,R S T U. Other,7,3,4
S01009096,Never worked,29,16,13
S01009097,All people aged 16 to 74 not in employment,165,66,99
S01009097,A B D E. Agriculture energy and water,5,3,2
S01009097,C. Manufacturing,15,11,4
S01009097,F. Construction,6,5,1
S01009097,G I. Distribution hotels and restaurants,26,9,17
S01009097,H J. Transport and communication,8,1,7
S01009097,K L M N. Financial real estate professional and administrative activities,20,8,12
S01009097,O P Q. Public administration education and health,38,6,32
S01009097,R S T U. Other,12,2,10
S01009097,Never worked,35,21,14
S01009098,All people aged 16 to 74 not in employment,141,65,76
S01009098,A B D E. Agriculture energy and water,3,3,0
S01009098,C. Manufacturing,13,5,8
S01009098,F. Construction,3,3,0
S01009098,G I. Distribution hotels and restaurants,36,15,21
S01009098,H J. Transport and communication,3,2,1
S01009098,K L M N. Financial real estate professional and administrative activities,24,10,14
S01009098,O P Q. Public administration education and health,33,14,19
S01009098,R S T U. Other,6,1,5
S01009098,Never worked,20,12,8
S01009099,All people aged 16 to 74 not in employment,203,94,109
S01009099,A B D E. Agriculture energy and water,5,5,0
S01009099,C. Manufacturing,26,21,5
S01009099,F. Construction,16,14,2
S01009099,G I. Distribution hotels and restaurants,40,14,26
S01009099,H J. Transport and communication,7,0,7
S01009099,K L M N. Financial real estate professional and administrative activities,14,4,10
S01009099,O P Q. Public administration education and health,54,14,40
S01009099,R S T U. Other,5,3,2
S01009099,Never worked,36,19,17
S01009100,All people aged 16 to 74 not in employment,223,99,124
S01009100,A B D E. Agriculture energy and water,2,2,0
S01009100,C. Manufacturing,25,15,10
S01009100,F. Construction,12,10,2
S01009100,G I. Distribution hotels and restaurants,31,10,21
S01009100,H J. Transport and communication,11,2,9
S01009100,K L M N. Financial real estate professional and administrative activities,21,10,11
S01009100,O P Q. Public administration education and health,45,9,36
S01009100,R S T U. Other,14,6,8
S01009100,Never worked,62,35,27
S01009101,All people aged 16 to 74 not in employment,255,112,143
S01009101,A B D E. Agriculture energy and water,6,5,1
S01009101,C. Manufacturing,39,22,17
S01009101,F. Construction,27,27,0
S01009101,G I. Distribution hotels and restaurants,53,15,38
S01009101,H J. Transport and communication,19,7,12
S01009101,K L M N. Financial real estate professional and administrative activities,15,3,12
S01009101,O P Q. Public administration education and health,49,10,39
S01009101,R S T U. Other,9,5,4
S01009101,Never worked,38,18,20
S01009102,All people aged 16 to 74 not in employment,231,96,135
S01009102,A B D E. Agriculture energy and water,5,3,2
S01009102,C. Manufacturing,26,17,9
S01009102,F. Construction,10,8,2
S01009102,G I. Distribution hotels and restaurants,37,13,24
S01009102,H J. Transport and communication,27,4,23
S01009102,K L M N. Financial real estate professional and administrative activities,31,16,15
S01009102,O P Q. Public administration education and health,30,3,27
S01009102,R S T U. Other,8,3,5
S01009102,Never worked,57,29,28
S01009103,All people aged 16 to 74 not in employment,164,71,93
S01009103,A B D E. Agriculture energy and water,2,2,0
S01009103,C. Manufacturing,32,23,9
S01009103,F. Construction,5,3,2
S01009103,G I. Distribution hotels and restaurants,27,12,15
S01009103,H J. Transport and communication,6,4,2
S01009103,K L M N. Financial real estate professional and administrative activities,19,7,12
S01009103,O P Q. Public administration education and health,47,8,39
S01009103,R S T U. Other,4,2,2
S01009103,Never worked,22,10,12
S01009104,All people aged 16 to 74 not in employment,223,97,126
S01009104,A B D E. Agriculture energy and water,5,5,0
S01009104,C. Manufacturing,32,21,11
S01009104,F. Construction,17,17,0
S01009104,G I. Distribution hotels and restaurants,39,15,24
S01009104,H J. Transport and communication,21,8,13
S01009104,K L M N. Financial real estate professional and administrative activities,14,1,13
S01009104,O P Q. Public administration education and health,55,14,41
S01009104,R S T U. Other,8,2,6
S01009104,Never worked,32,14,18
S01009105,All people aged 16 to 74 not in employment,173,74,99
S01009105,A B D E. Agriculture energy and water,2,1,1
S01009105,C. Manufacturing,19,18,1
S01009105,F. Construction,7,6,1
S01009105,G I. Distribution hotels and restaurants,35,15,20
S01009105,H J. Transport and communication,15,4,11
S01009105,K L M N. Financial real estate professional and administrative activities,10,5,5
S01009105,O P Q. Public administration education and health,46,9,37
S01009105,R S T U. Other,9,1,8
S01009105,Never worked,30,15,15
S01009106,All people aged 16 to 74 not in employment,127,52,75
S01009106,A B D E. Agriculture energy and water,2,0,2
S01009106,C. Manufacturing,19,12,7
S01009106,F. Construction,8,8,0
S01009106,G I. Distribution hotels and restaurants,28,13,15
S01009106,H J. Transport and communication,6,3,3
S01009106,K L M N. Financial real estate professional and administrative activities,11,3,8
S01009106,O P Q. Public administration education and health,40,5,35
S01009106,R S T U. Other,5,2,3
S01009106,Never worked,8,6,2
S01009107,All people aged 16 to 74 not in employment,164,74,90
S01009107,A B D E. Agriculture energy and water,3,1,2
S01009107,C. Manufacturing,29,24,5
S01009107,F. Construction,8,6,2
S01009107,G I. Distribution hotels and restaurants,19,8,11
S01009107,H J. Transport and communication,9,2,7
S01009107,K L M N. Financial real estate professional and administrative activities,18,6,12
S01009107,O P Q. Public administration education and health,43,8,35
S01009107,R S T U. Other,5,0,5
S01009107,Never worked,30,19,11
S01009108,All people aged 16 to 74 not in employment,175,70,105
S01009108,A B D E. Agriculture energy and water,5,5,0
S01009108,C. Manufacturing,26,20,6
S01009108,F. Construction,10,7,3
S01009108,G I. Distribution hotels and restaurants,27,11,16
S01009108,H J. Transport and communication,7,5,2
S01009108,K L M N. Financial real estate professional and administrative activities,15,7,8
S01009108,O P Q. Public administration education and health,57,5,52
S01009108,R S T U. Other,7,3,4
S01009108,Never worked,21,7,14
S01009109,All people aged 16 to 74 not in employment,168,73,95
S01009109,A B D E. Agriculture energy and water,5,5,0
S01009109,C. Manufacturing,22,19,3
S01009109,F. Construction,7,5,2
S01009109,G I. Distribution hotels and restaurants,31,11,20
S01009109,H J. Transport and communication,20,8,12
S01009109,K L M N. Financial real estate professional and administrative activities,20,11,9
S01009109,O P Q. Public administration education and health,41,7,34
S01009109,R S T U. Other,3,0,3
S01009109,Never worked,19,7,12
S01009110,All people aged 16 to 74 not in employment,164,65,99
S01009110,A B D E. Agriculture energy and water,5,5,0
S01009110,C. Manufacturing,21,13,8
S01009110,F. Construction,14,13,1
S01009110,G I. Distribution hotels and restaurants,34,13,21
S01009110,H J. Transport and communication,12,4,8
S01009110,K L M N. Financial real estate professional and administrative activities,12,2,10
S01009110,O P Q. Public administration education and health,46,4,42
S01009110,R S T U. Other,5,1,4
S01009110,Never worked,15,10,5
S01009111,All people aged 16 to 74 not in employment,157,60,97
S01009111,A B D E. Agriculture energy and water,4,4,0
S01009111,C. Manufacturing,14,7,7
S01009111,F. Construction,11,9,2
S01009111,G I. Distribution hotels and restaurants,23,6,17
S01009111,H J. Transport and communication,10,7,3
S01009111,K L M N. Financial real estate professional and administrative activities,13,4,9
S01009111,O P Q. Public administration education and health,50,9,41
S01009111,R S T U. Other,2,0,2
S01009111,Never worked,30,14,16
S01009112,All people aged 16 to 74 not in employment,148,67,81
S01009112,A B D E. Agriculture energy and water,3,2,1
S01009112,C. Manufacturing,19,14,5
S01009112,F. Construction,3,3,0
S01009112,G I. Distribution hotels and restaurants,34,15,19
S01009112,H J. Transport and communication,6,3,3
S01009112,K L M N. Financial real estate professional and administrative activities,14,9,5
S01009112,O P Q. Public administration education and health,60,17,43
S01009112,R S T U. Other,1,1,0
S01009112,Never worked,8,3,5
S01009113,All people aged 16 to 74 not in employment,216,95,121
S01009113,A B D E. Agriculture energy and water,7,7,0
S01009113,C. Manufacturing,33,22,11
S01009113,F. Construction,16,14,2
S01009113,G I. Distribution hotels and restaurants,43,15,28
S01009113,H J. Transport and communication,11,3,8
S01009113,K L M N. Financial real estate professional and administrative activities,13,5,8
S01009113,O P Q. Public administration education and health,57,15,42
S01009113,R S T U. Other,5,0,5
S01009113,Never worked,31,14,17
S01009114,All people aged 16 to 74 not in employment,149,73,76
S01009114,A B D E. Agriculture energy and water,4,4,0
S01009114,C. Manufacturing,17,12,5
S01009114,F. Construction,10,9,1
S01009114,G I. Distribution hotels and restaurants,29,12,17
S01009114,H J. Transport and communication,12,7,5
S01009114,K L M N. Financial real estate professional and administrative activities,6,2,4
S01009114,O P Q. Public administration education and health,30,8,22
S01009114,R S T U. Other,4,2,2
S01009114,Never worked,37,17,20
S01009115,All people aged 16 to 74 not in employment,115,58,57
S01009115,A B D E. Agriculture energy and water,4,4,0
S01009115,C. Manufacturing,21,12,9
S01009115,F. Construction,7,7,0
S01009115,G I. Distribution hotels and restaurants,27,11,16
S01009115,H J. Transport and communication,4,2,2
S01009115,K L M N. Financial real estate professional and administrative activities,9,5,4
S01009115,O P Q. Public administration education and health,27,7,20
S01009115,R S T U. Other,2,0,2
S01009115,Never worked,14,10,4
S01009116,All people aged 16 to 74 not in employment,122,54,68
S01009116,A B D E. Agriculture energy and water,3,3,0
S01009116,C. Manufacturing,16,13,3
S01009116,F. Construction,8,7,1
S01009116,G I. Distribution hotels and restaurants,10,5,5
S01009116,H J. Transport and communication,4,3,1
S01009116,K L M N. Financial real estate professional and administrative activities,16,5,11
S01009116,O P Q. Public administration education and health,45,12,33
S01009116,R S T U. Other,1,0,1
S01009116,Never worked,19,6,13
S01009117,All people aged 16 to 74 not in employment,189,82,107
S01009117,A B D E. Agriculture energy and water,3,3,0
S01009117,C. Manufacturing,27,16,11
S01009117,F. Construction,11,10,1
S01009117,G I. Distribution hotels and restaurants,35,15,20
S01009117,H J. Transport and communication,13,4,9
S01009117,K L M N. Financial real estate professional and administrative activities,23,9,14
S01009117,O P Q. Public administration education and health,33,4,29
S01009117,R S T U. Other,8,1,7
S01009117,Never worked,36,20,16
S01009118,All people aged 16 to 74 not in employment,83,36,47
S01009118,A B D E. Agriculture energy and water,1,1,0
S01009118,C. Manufacturing,14,10,4
S01009118,F. Construction,2,2,0
S01009118,G I. Distribution hotels and restaurants,17,9,8
S01009118,H J. Transport and communication,7,1,6
S01009118,K L M N. Financial real estate professional and administrative activities,8,4,4
S01009118,O P Q. Public administration education and health,11,2,9
S01009118,R S T U. Other,1,0,1
S01009118,Never worked,22,7,15
S01009119,All people aged 16 to 74 not in employment,225,104,121
S01009119,A B D E. Agriculture energy and water,2,2,0
S01009119,C. Manufacturing,33,20,13
S01009119,F. Construction,16,16,0
S01009119,G I. Distribution hotels and restaurants,48,20,28
S01009119,H J. Transport and communication,20,7,13
S01009119,K L M N. Financial real estate professional and administrative activities,18,10,8
S01009119,O P Q. Public administration education and health,45,8,37
S01009119,R S T U. Other,4,2,2
S01009119,Never worked,39,19,20
S01009120,All people aged 16 to 74 not in employment,148,70,78
S01009120,A B D E. Agriculture energy and water,4,3,1
S01009120,C. Manufacturing,26,12,14
S01009120,F. Construction,14,12,2
S01009120,G I. Distribution hotels and restaurants,33,16,17
S01009120,H J. Transport and communication,14,6,8
S01009120,K L M N. Financial real estate professional and administrative activities,12,5,7
S01009120,O P Q. Public administration education and health,19,3,16
S01009120,R S T U. Other,5,2,3
S01009120,Never worked,21,11,10
S01009121,All people aged 16 to 74 not in employment,207,95,112
S01009121,A B D E. Agriculture energy and water,5,3,2
S01009121,C. Manufacturing,46,31,15
S01009121,F. Construction,18,17,1
S01009121,G I. Distribution hotels and restaurants,41,12,29
S01009121,H J. Transport and communication,9,4,5
S01009121,K L M N. Financial real estate professional and administrative activities,19,4,15
S01009121,O P Q. Public administration education and health,35,7,28
S01009121,R S T U. Other,10,2,8
S01009121,Never worked,24,15,9
S01009122,All people aged 16 to 74 not in employment,259,106,153
S01009122,A B D E. Agriculture energy and water,7,5,2
S01009122,C. Manufacturing,44,21,23
S01009122,F. Construction,18,13,5
S01009122,G I. Distribution hotels and restaurants,40,16,24
S01009122,H J. Transport and communication,25,6,19
S01009122,K L M N. Financial real estate professional and administrative activities,33,16,17
S01009122,O P Q. Public administration education and health,61,14,47
S01009122,R S T U. Other,8,5,3
S01009122,Never worked,23,10,13
S01009123,All people aged 16 to 74 not in employment,123,46,77
S01009123,A B D E. Agriculture energy and water,2,2,0
S01009123,C. Manufacturing,22,12,10
S01009123,F. Construction,4,4,0
S01009123,G I. Distribution hotels and restaurants,14,5,9
S01009123,H J. Transport and communication,18,6,12
S01009123,K L M N. Financial real estate professional and administrative activities,9,4,5
S01009123,O P Q. Public administration education and health,25,5,20
S01009123,R S T U. Other,5,1,4
S01009123,Never worked,24,7,17
S01009124,All people aged 16 to 74 not in employment,96,41,55
S01009124,A B D E. Agriculture energy and water,1,1,0
S01009124,C. Manufacturing,18,11,7
S01009124,F. Construction,11,9,2
S01009124,G I. Distribution hotels and restaurants,16,6,10
S01009124,H J. Transport and communication,7,2,5
S01009124,K L M N. Financial real estate professional and administrative activities,9,5,4
S01009124,O P Q. Public administration education and health,21,2,19
S01009124,R S T U. Other,3,1,2
S01009124,Never worked,10,4,6
S01009125,All people aged 16 to 74 not in employment,194,85,109
S01009125,A B D E. Agriculture energy and water,4,3,1
S01009125,C. Manufacturing,33,22,11
S01009125,F. Construction,20,19,1
S01009125,G I. Distribution hotels and restaurants,41,18,23
S01009125,H J. Transport and communication,18,4,14
S01009125,K L M N. Financial real estate professional and administrative activities,11,7,4
S01009125,O P Q. Public administration education and health,39,3,36
S01009125,R S T U. Other,6,1,5
S01009125,Never worked,22,8,14
S01009126,All people aged 16 to 74 not in employment,200,98,102
S01009126,A B D E. Agriculture energy and water,8,5,3
S01009126,C. Manufacturing,21,12,9
S01009126,F. Construction,18,18,0
S01009126,G I. Distribution hotels and restaurants,32,19,13
S01009126,H J. Transport and communication,16,5,11
S01009126,K L M N. Financial real estate professional and administrative activities,19,9,10
S01009126,O P Q. Public administration education and health,23,3,20
S01009126,R S T U. Other,7,2,5
S01009126,Never worked,56,25,31
S01009127,All people aged 16 to 74 not in employment,196,86,110
S01009127,A B D E. Agriculture energy and water,10,9,1
S01009127,C. Manufacturing,30,17,13
S01009127,F. Construction,12,12,0
S01009127,G I. Distribution hotels and restaurants,29,9,20
S01009127,H J. Transport and communication,21,6,15
S01009127,K L M N. Financial real estate professional and administrative activities,20,12,8
S01009127,O P Q. Public administration education and health,32,6,26
S01009127,R S T U. Other,8,2,6
S01009127,Never worked,34,13,21
S01009128,All people aged 16 to 74 not in employment,275,127,148
S01009128,A B D E. Agriculture energy and water,2,2,0
S01009128,C. Manufacturing,35,20,15
S01009128,F. Construction,20,20,0
S01009128,G I. Distribution hotels and restaurants,58,29,29
S01009128,H J. Transport and communication,26,7,19
S01009128,K L M N. Financial real estate professional and administrative activities,27,11,16
S01009128,O P Q. Public administration education and health,34,6,28
S01009128,R S T U. Other,13,4,9
S01009128,Never worked,60,28,32
S01009129,All people aged 16 to 74 not in employment,156,69,87
S01009129,A B D E. Agriculture energy and water,5,3,2
S01009129,C. Manufacturing,13,8,5
S01009129,F. Construction,11,10,1
S01009129,G I. Distribution hotels and restaurants,30,13,17
S01009129,H J. Transport and communication,13,3,10
S01009129,K L M N. Financial real estate professional and administrative activities,13,4,9
S01009129,O P Q. Public administration education and health,29,8,21
S01009129,R S T U. Other,13,3,10
S01009129,Never worked,29,17,12
S01009130,All people aged 16 to 74 not in employment,157,77,80
S01009130,A B D E. Agriculture energy and water,2,2,0
S01009130,C. Manufacturing,20,13,7
S01009130,F. Construction,9,9,0
S01009130,G I. Distribution hotels and restaurants,31,14,17
S01009130,H J. Transport and communication,13,3,10
S01009130,K L M N. Financial real estate professional and administrative activities,14,5,9
S01009130,O P Q. Public administration education and health,22,6,16
S01009130,R S T U. Other,6,2,4
S01009130,Never worked,40,23,17
S01009131,All people aged 16 to 74 not in employment,135,61,74
S01009131,A B D E. Agriculture energy and water,4,4,0
S01009131,C. Manufacturing,17,9,8
S01009131,F. Construction,14,13,1
S01009131,G I. Distribution hotels and restaurants,27,11,16
S01009131,H J. Transport and communication,14,3,11
S01009131,K L M N. Financial real estate professional and administrative activities,7,5,2
S01009131,O P Q. Public administration education and health,33,6,27
S01009131,R S T U. Other,1,0,1
S01009131,Never worked,18,10,8
S01009132,All people aged 16 to 74 not in employment,148,51,97
S01009132,A B D E. Agriculture energy and water,2,2,0
S01009132,C. Manufacturing,20,11,9
S01009132,F. Construction,8,7,1
S01009132,G I. Distribution hotels and restaurants,32,8,24
S01009132,H J. Transport and communication,16,5,11
S01009132,K L M N. Financial real estate professional and administrative activities,10,5,5
S01009132,O P Q. Public administration education and health,31,4,27
S01009132,R S T U. Other,8,1,7
S01009132,Never worked,21,8,13
S01009133,All people aged 16 to 74 not in employment,175,90,85
S01009133,A B D E. Agriculture energy and water,3,3,0
S01009133,C. Manufacturing,30,21,9
S01009133,F. Construction,10,9,1
S01009133,G I. Distribution hotels and restaurants,38,18,20
S01009133,H J. Transport and communication,18,10,8
S01009133,K L M N. Financial real estate professional and administrative activities,14,12,2
S01009133,O P Q. Public administration education and health,33,7,26
S01009133,R S T U. Other,6,0,6
S01009133,Never worked,23,10,13
S01009134,All people aged 16 to 74 not in employment,215,88,127
S01009134,A B D E. Agriculture energy and water,4,3,1
S01009134,C. Manufacturing,33,19,14
S01009134,F. Construction,9,8,1
S01009134,G I. Distribution hotels and restaurants,39,11,28
S01009134,H J. Transport and communication,21,7,14
S01009134,K L M N. Financial real estate professional and administrative activities,15,8,7
S01009134,O P Q. Public administration education and health,50,13,37
S01009134,R S T U. Other,13,2,11
S01009134,Never worked,31,17,14
S01009135,All people aged 16 to 74 not in employment,95,44,51
S01009135,A B D E. Agriculture energy and water,1,1,0
S01009135,C. Manufacturing,6,4,2
S01009135,F. Construction,4,3,1
S01009135,G I. Distribution hotels and restaurants,15,4,11
S01009135,H J. Transport and communication,11,8,3
S01009135,K L M N. Financial real estate professional and administrative activities,10,8,2
S01009135,O P Q. Public administration education and health,21,5,16
S01009135,R S T U. Other,2,0,2
S01009135,Never worked,25,11,14
S01009136,All people aged 16 to 74 not in employment,127,50,77
S01009136,A B D E. Agriculture energy and water,4,4,0
S01009136,C. Manufacturing,10,6,4
S01009136,F. Construction,8,5,3
S01009136,G I. Distribution hotels and restaurants,31,11,20
S01009136,H J. Transport and communication,9,3,6
S01009136,K L M N. Financial real estate professional and administrative activities,11,4,7
S01009136,O P Q. Public administration education and health,19,5,14
S01009136,R S T U. Other,3,0,3
S01009136,Never worked,32,12,20
S01009137,All people aged 16 to 74 not in employment,49,12,37
S01009137,A B D E. Agriculture energy and water,0,0,0
S01009137,C. Manufacturing,4,2,2
S01009137,F. Construction,4,1,3
S01009137,G I. Distribution hotels and restaurants,10,2,8
S01009137,H J. Transport and communication,7,1,6
S01009137,K L M N. Financial real estate professional and administrative activities,5,1,4
S01009137,O P Q. Public administration education and health,8,1,7
S01009137,R S T U. Other,1,0,1
S01009137,Never worked,10,4,6
S01009138,All people aged 16 to 74 not in employment,192,87,105
S01009138,A B D E. Agriculture energy and water,3,2,1
S01009138,C. Manufacturing,27,18,9
S01009138,F. Construction,21,16,5
S01009138,G I. Distribution hotels and restaurants,30,10,20
S01009138,H J. Transport and communication,14,7,7
S01009138,K L M N. Financial real estate professional and administrative activities,14,5,9
S01009138,O P Q. Public administration education and health,36,8,28
S01009138,R S T U. Other,11,5,6
S01009138,Never worked,36,16,20
S01009139,All people aged 16 to 74 not in employment,122,59,63
S01009139,A B D E. Agriculture energy and water,4,4,0
S01009139,C. Manufacturing,15,7,8
S01009139,F. Construction,6,5,1
S01009139,G I. Distribution hotels and restaurants,20,9,11
S01009139,H J. Transport and communication,8,3,5
S01009139,K L M N. Financial real estate professional and administrative activities,18,9,9
S01009139,O P Q. Public administration education and health,20,8,12
S01009139,R S T U. Other,3,1,2
S01009139,Never worked,28,13,15
S01009140,All people aged 16 to 74 not in employment,206,87,119
S01009140,A B D E. Agriculture energy and water,3,0,3
S01009140,C. Manufacturing,30,18,12
S01009140,F. Construction,14,12,2
S01009140,G I. Distribution hotels and restaurants,32,11,21
S01009140,H J. Transport and communication,16,7,9
S01009140,K L M N. Financial real estate professional and administrative activities,22,9,13
S01009140,O P Q. Public administration education and health,41,8,33
S01009140,R S T U. Other,9,2,7
S01009140,Never worked,39,20,19
S01009141,All people aged 16 to 74 not in employment,257,130,127
S01009141,A B D E. Agriculture energy and water,8,7,1
S01009141,C. Manufacturing,34,21,13
S01009141,F. Construction,29,29,0
S01009141,G I. Distribution hotels and restaurants,43,21,22
S01009141,H J. Transport and communication,26,8,18
S01009141,K L M N. Financial real estate professional and administrative activities,10,4,6
S01009141,O P Q. Public administration education and health,59,16,43
S01009141,R S T U. Other,8,3,5
S01009141,Never worked,40,21,19
S01009142,All people aged 16 to 74 not in employment,191,93,98
S01009142,A B D E. Agriculture energy and water,7,5,2
S01009142,C. Manufacturing,29,17,12
S01009142,F. Construction,17,16,1
S01009142,G I. Distribution hotels and restaurants,28,16,12
S01009142,H J. Transport and communication,15,3,12
S01009142,K L M N. Financial real estate professional and administrative activities,23,12,11
S01009142,O P Q. Public administration education and health,49,16,33
S01009142,R S T U. Other,3,1,2
S01009142,Never worked,20,7,13
S01009143,All people aged 16 to 74 not in employment,191,90,101
S01009143,A B D E. Agriculture energy and water,2,0,2
S01009143,C. Manufacturing,27,17,10
S01009143,F. Construction,21,21,0
S01009143,G I. Distribution hotels and restaurants,33,19,14
S01009143,H J. Transport and communication,13,2,11
S01009143,K L M N. Financial real estate professional and administrative activities,14,6,8
S01009143,O P Q. Public administration education and health,34,7,27
S01009143,R S T U. Other,13,4,9
S01009143,Never worked,34,14,20
S01009144,All people aged 16 to 74 not in employment,87,47,40
S01009144,A B D E. Agriculture energy and water,5,4,1
S01009144,C. Manufacturing,8,6,2
S01009144,F. Construction,8,6,2
S01009144,G I. Distribution hotels and restaurants,14,7,7
S01009144,H J. Transport and communication,6,3,3
S01009144,K L M N. Financial real estate professional and administrative activities,5,0,5
S01009144,O P Q. Public administration education and health,13,6,7
S01009144,R S T U. Other,2,1,1
S01009144,Never worked,26,14,12
S01009145,All people aged 16 to 74 not in employment,350,171,179
S01009145,A B D E. Agriculture energy and water,8,6,2
S01009145,C. Manufacturing,67,42,25
S01009145,F. Construction,40,38,2
S01009145,G I. Distribution hotels and restaurants,75,27,48
S01009145,H J. Transport and communication,20,10,10
S01009145,K L M N. Financial real estate professional and administrative activities,27,9,18
S01009145,O P Q. Public administration education and health,63,13,50
S01009145,R S T U. Other,10,4,6
S01009145,Never worked,40,22,18
S01009146,All people aged 16 to 74 not in employment,253,113,140
S01009146,A B D E. Agriculture energy and water,10,9,1
S01009146,C. Manufacturing,41,26,15
S01009146,F. Construction,12,12,0
S01009146,G I. Distribution hotels and restaurants,42,17,25
S01009146,H J. Transport and communication,16,8,8
S01009146,K L M N. Financial real estate professional and administrative activities,27,10,17
S01009146,O P Q. Public administration education and health,34,5,29
S01009146,R S T U. Other,11,1,10
S01009146,Never worked,60,25,35
S01009147,All people aged 16 to 74 not in employment,247,98,149
S01009147,A B D E. Agriculture energy and water,10,7,3
S01009147,C. Manufacturing,41,20,21
S01009147,F. Construction,16,13,3
S01009147,G I. Distribution hotels and restaurants,46,23,23
S01009147,H J. Transport and communication,16,5,11
S01009147,K L M N. Financial real estate professional and administrative activities,21,7,14
S01009147,O P Q. Public administration education and health,40,4,36
S01009147,R S T U. Other,13,4,9
S01009147,Never worked,44,15,29
S01009148,All people aged 16 to 74 not in employment,204,77,127
S01009148,A B D E. Agriculture energy and water,2,2,0
S01009148,C. Manufacturing,33,22,11
S01009148,F. Construction,7,7,0
S01009148,G I. Distribution hotels and restaurants,54,21,33
S01009148,H J. Transport and communication,18,5,13
S01009148,K L M N. Financial real estate professional and administrative activities,18,5,13
S01009148,O P Q. Public administration education and health,34,4,30
S01009148,R S T U. Other,7,3,4
S01009148,Never worked,31,8,23
S01009149,All people aged 16 to 74 not in employment,196,88,108
S01009149,A B D E. Agriculture energy and water,6,6,0
S01009149,C. Manufacturing,14,8,6
S01009149,F. Construction,16,12,4
S01009149,G I. Distribution hotels and restaurants,42,19,23
S01009149,H J. Transport and communication,10,3,7
S01009149,K L M N. Financial real estate professional and administrative activities,31,16,15
S01009149,O P Q. Public administration education and health,50,17,33
S01009149,R S T U. Other,3,1,2
S01009149,Never worked,24,6,18
S01009150,All people aged 16 to 74 not in employment,362,157,205
S01009150,A B D E. Agriculture energy and water,8,3,5
S01009150,C. Manufacturing,68,38,30
S01009150,F. Construction,36,31,5
S01009150,G I. Distribution hotels and restaurants,88,48,40
S01009150,H J. Transport and communication,20,11,9
S01009150,K L M N. Financial real estate professional and administrative activities,25,11,14
S01009150,O P Q. Public administration education and health,90,12,78
S01009150,R S T U. Other,13,0,13
S01009150,Never worked,14,3,11
S01009151,All people aged 16 to 74 not in employment,246,111,135
S01009151,A B D E. Agriculture energy and water,3,3,0
S01009151,C. Manufacturing,32,20,12
S01009151,F. Construction,32,27,5
S01009151,G I. Distribution hotels and restaurants,38,17,21
S01009151,H J. Transport and communication,25,7,18
S01009151,K L M N. Financial real estate professional and administrative activities,18,7,11
S01009151,O P Q. Public administration education and health,66,14,52
S01009151,R S T U. Other,5,2,3
S01009151,Never worked,27,14,13
S01009152,All people aged 16 to 74 not in employment,214,106,108
S01009152,A B D E. Agriculture energy and water,6,6,0
S01009152,C. Manufacturing,17,11,6
S01009152,F. Construction,38,36,2
S01009152,G I. Distribution hotels and restaurants,48,23,25
S01009152,H J. Transport and communication,8,2,6
S01009152,K L M N. Financial real estate professional and administrative activities,24,6,18
S01009152,O P Q. Public administration education and health,53,11,42
S01009152,R S T U. Other,4,3,1
S01009152,Never worked,16,8,8
S01009153,All people aged 16 to 74 not in employment,96,44,52
S01009153,A B D E. Agriculture energy and water,1,0,1
S01009153,C. Manufacturing,10,5,5
S01009153,F. Construction,6,6,0
S01009153,G I. Distribution hotels and restaurants,19,9,10
S01009153,H J. Transport and communication,6,1,5
S01009153,K L M N. Financial real estate professional and administrative activities,16,7,9
S01009153,O P Q. Public administration education and health,21,7,14
S01009153,R S T U. Other,6,3,3
S01009153,Never worked,11,6,5
S01009154,All people aged 16 to 74 not in employment,224,85,139
S01009154,A B D E. Agriculture energy and water,5,4,1
S01009154,C. Manufacturing,27,17,10
S01009154,F. Construction,12,9,3
S01009154,G I. Distribution hotels and restaurants,36,13,23
S01009154,H J. Transport and communication,17,8,9
S01009154,K L M N. Financial real estate professional and administrative activities,19,7,12
S01009154,O P Q. Public administration education and health,59,12,47
S01009154,R S T U. Other,7,2,5
S01009154,Never worked,42,13,29
S01009155,All people aged 16 to 74 not in employment,141,65,76
S01009155,A B D E. Agriculture energy and water,5,4,1
S01009155,C. Manufacturing,15,11,4
S01009155,F. Construction,11,10,1
S01009155,G I. Distribution hotels and restaurants,23,8,15
S01009155,H J. Transport and communication,6,3,3
S01009155,K L M N. Financial real estate professional and administrative activities,15,9,6
S01009155,O P Q. Public administration education and health,41,10,31
S01009155,R S T U. Other,6,2,4
S01009155,Never worked,19,8,11
S01009156,All people aged 16 to 74 not in employment,129,64,65
S01009156,A B D E. Agriculture energy and water,3,3,0
S01009156,C. Manufacturing,13,8,5
S01009156,F. Construction,5,4,1
S01009156,G I. Distribution hotels and restaurants,27,10,17
S01009156,H J. Transport and communication,11,6,5
S01009156,K L M N. Financial real estate professional and administrative activities,17,12,5
S01009156,O P Q. Public administration education and health,32,9,23
S01009156,R S T U. Other,3,2,1
S01009156,Never worked,18,10,8
S01009157,All people aged 16 to 74 not in employment,206,94,112
S01009157,A B D E. Agriculture energy and water,8,6,2
S01009157,C. Manufacturing,23,18,5
S01009157,F. Construction,14,12,2
S01009157,G I. Distribution hotels and restaurants,48,25,23
S01009157,H J. Transport and communication,16,5,11
S01009157,K L M N. Financial real estate professional and administrative activities,13,5,8
S01009157,O P Q. Public administration education and health,47,5,42
S01009157,R S T U. Other,5,2,3
S01009157,Never worked,32,16,16
S01009158,All people aged 16 to 74 not in employment,130,57,73
S01009158,A B D E. Agriculture energy and water,1,1,0
S01009158,C. Manufacturing,12,8,4
S01009158,F. Construction,7,6,1
S01009158,G I. Distribution hotels and restaurants,28,9,19
S01009158,H J. Transport and communication,15,6,9
S01009158,K L M N. Financial real estate professional and administrative activities,12,8,4
S01009158,O P Q. Public administration education and health,32,6,26
S01009158,R S T U. Other,7,4,3
S01009158,Never worked,16,9,7
S01009159,All people aged 16 to 74 not in employment,185,90,95
S01009159,A B D E. Agriculture energy and water,1,0,1
S01009159,C. Manufacturing,28,13,15
S01009159,F. Construction,18,16,2
S01009159,G I. Distribution hotels and restaurants,35,22,13
S01009159,H J. Transport and communication,18,8,10
S01009159,K L M N. Financial real estate professional and administrative activities,11,7,4
S01009159,O P Q. Public administration education and health,37,8,29
S01009159,R S T U. Other,7,1,6
S01009159,Never worked,30,15,15
S01009160,All people aged 16 to 74 not in employment,207,105,102
S01009160,A B D E. Agriculture energy and water,4,3,1
S01009160,C. Manufacturing,27,20,7
S01009160,F. Construction,30,27,3
S01009160,G I. Distribution hotels and restaurants,41,21,20
S01009160,H J. Transport and communication,16,4,12
S01009160,K L M N. Financial real estate professional and administrative activities,20,8,12
S01009160,O P Q. Public administration education and health,40,7,33
S01009160,R S T U. Other,2,1,1
S01009160,Never worked,27,14,13
S01009161,All people aged 16 to 74 not in employment,220,111,109
S01009161,A B D E. Agriculture energy and water,8,8,0
S01009161,C. Manufacturing,37,29,8
S01009161,F. Construction,15,14,1
S01009161,G I. Distribution hotels and restaurants,51,21,30
S01009161,H J. Transport and communication,16,3,13
S01009161,K L M N. Financial real estate professional and administrative activities,23,11,12
S01009161,O P Q. Public administration education and health,32,7,25
S01009161,R S T U. Other,12,6,6
S01009161,Never worked,26,12,14
S01009162,All people aged 16 to 74 not in employment,244,123,121
S01009162,A B D E. Agriculture energy and water,4,2,2
S01009162,C. Manufacturing,31,17,14
S01009162,F. Construction,26,26,0
S01009162,G I. Distribution hotels and restaurants,51,29,22
S01009162,H J. Transport and communication,15,1,14
S01009162,K L M N. Financial real estate professional and administrative activities,26,16,10
S01009162,O P Q. Public administration education and health,35,6,29
S01009162,R S T U. Other,9,4,5
S01009162,Never worked,47,22,25
S01009163,All people aged 16 to 74 not in employment,143,70,73
S01009163,A B D E. Agriculture energy and water,3,2,1
S01009163,C. Manufacturing,20,17,3
S01009163,F. Construction,15,13,2
S01009163,G I. Distribution hotels and restaurants,34,15,19
S01009163,H J. Transport and communication,9,3,6
S01009163,K L M N. Financial real estate professional and administrative activities,6,2,4
S01009163,O P Q. Public administration education and health,32,10,22
S01009163,R S T U. Other,2,0,2
S01009163,Never worked,22,8,14
S01009164,All people aged 16 to 74 not in employment,212,100,112
S01009164,A B D E. Agriculture energy and water,4,4,0
S01009164,C. Manufacturing,36,21,15
S01009164,F. Construction,12,12,0
S01009164,G I. Distribution hotels and restaurants,55,26,29
S01009164,H J. Transport and communication,10,4,6
S01009164,K L M N. Financial real estate professional and administrative activities,14,9,5
S01009164,O P Q. Public administration education and health,43,5,38
S01009164,R S T U. Other,6,1,5
S01009164,Never worked,32,18,14
S01009165,All people aged 16 to 74 not in employment,244,115,129
S01009165,A B D E. Agriculture energy and water,4,4,0
S01009165,C. Manufacturing,33,20,13
S01009165,F. Construction,21,20,1
S01009165,G I. Distribution hotels and restaurants,39,14,25
S01009165,H J. Transport and communication,22,9,13
S01009165,K L M N. Financial real estate professional and administrative activities,27,12,15
S01009165,O P Q. Public administration education and health,50,13,37
S01009165,R S T U. Other,3,0,3
S01009165,Never worked,45,23,22
S01009166,All people aged 16 to 74 not in employment,286,133,153
S01009166,A B D E. Agriculture energy and water,6,3,3
S01009166,C. Manufacturing,44,25,19
S01009166,F. Construction,38,38,0
S01009166,G I. Distribution hotels and restaurants,52,18,34
S01009166,H J. Transport and communication,18,3,15
S01009166,K L M N. Financial real estate professional and administrative activities,20,8,12
S01009166,O P Q. Public administration education and health,46,9,37
S01009166,R S T U. Other,11,4,7
S01009166,Never worked,51,25,26
S01009167,All people aged 16 to 74 not in employment,150,65,85
S01009167,A B D E. Agriculture energy and water,6,4,2
S01009167,C. Manufacturing,17,7,10
S01009167,F. Construction,11,11,0
S01009167,G I. Distribution hotels and restaurants,36,16,20
S01009167,H J. Transport and communication,16,6,10
S01009167,K L M N. Financial real estate professional and administrative activities,11,2,9
S01009167,O P Q. Public administration education and health,20,6,14
S01009167,R S T U. Other,1,0,1
S01009167,Never worked,32,13,19
S01009168,All people aged 16 to 74 not in employment,189,84,105
S01009168,A B D E. Agriculture energy and water,6,6,0
S01009168,C. Manufacturing,26,21,5
S01009168,F. Construction,11,9,2
S01009168,G I. Distribution hotels and restaurants,41,11,30
S01009168,H J. Transport and communication,7,2,5
S01009168,K L M N. Financial real estate professional and administrative activities,19,11,8
S01009168,O P Q. Public administration education and health,61,13,48
S01009168,R S T U. Other,6,1,5
S01009168,Never worked,12,10,2
S01009169,All people aged 16 to 74 not in employment,272,128,144
S01009169,A B D E. Agriculture energy and water,6,5,1
S01009169,C. Manufacturing,51,36,15
S01009169,F. Construction,17,15,2
S01009169,G I. Distribution hotels and restaurants,54,34,20
S01009169,H J. Transport and communication,16,9,7
S01009169,K L M N. Financial real estate professional and administrative activities,25,11,14
S01009169,O P Q. Public administration education and health,68,10,58
S01009169,R S T U. Other,11,0,11
S01009169,Never worked,24,8,16
S01009170,All people aged 16 to 74 not in employment,195,86,109
S01009170,A B D E. Agriculture energy and water,1,1,0
S01009170,C. Manufacturing,37,26,11
S01009170,F. Construction,13,12,1
S01009170,G I. Distribution hotels and restaurants,35,19,16
S01009170,H J. Transport and communication,17,2,15
S01009170,K L M N. Financial real estate professional and administrative activities,14,6,8
S01009170,O P Q. Public administration education and health,46,8,38
S01009170,R S T U. Other,5,2,3
S01009170,Never worked,27,10,17
S01009171,All people aged 16 to 74 not in employment,183,78,105
S01009171,A B D E. Agriculture energy and water,5,4,1
S01009171,C. Manufacturing,20,14,6
S01009171,F. Construction,20,18,2
S01009171,G I. Distribution hotels and restaurants,31,14,17
S01009171,H J. Transport and communication,17,5,12
S01009171,K L M N. Financial real estate professional and administrative activities,21,7,14
S01009171,O P Q. Public administration education and health,35,5,30
S01009171,R S T U. Other,10,0,10
S01009171,Never worked,24,11,13
S01009172,All people aged 16 to 74 not in employment,156,74,82
S01009172,A B D E. Agriculture energy and water,5,4,1
S01009172,C. Manufacturing,18,12,6
S01009172,F. Construction,5,3,2
S01009172,G I. Distribution hotels and restaurants,22,13,9
S01009172,H J. Transport and communication,5,4,1
S01009172,K L M N. Financial real estate professional and administrative activities,22,10,12
S01009172,O P Q. Public administration education and health,50,15,35
S01009172,R S T U. Other,5,1,4
S01009172,Never worked,24,12,12
S01009173,All people aged 16 to 74 not in employment,155,57,98
S01009173,A B D E. Agriculture energy and water,6,5,1
S01009173,C. Manufacturing,20,14,6
S01009173,F. Construction,5,5,0
S01009173,G I. Distribution hotels and restaurants,28,8,20
S01009173,H J. Transport and communication,2,0,2
S01009173,K L M N. Financial real estate professional and administrative activities,16,6,10
S01009173,O P Q. Public administration education and health,51,11,40
S01009173,R S T U. Other,9,2,7
S01009173,Never worked,18,6,12
S01009174,All people aged 16 to 74 not in employment,52,24,28
S01009174,A B D E. Agriculture energy and water,1,1,0
S01009174,C. Manufacturing,5,4,1
S01009174,F. Construction,3,0,3
S01009174,G I. Distribution hotels and restaurants,6,2,4
S01009174,H J. Transport and communication,9,5,4
S01009174,K L M N. Financial real estate professional and administrative activities,7,3,4
S01009174,O P Q. Public administration education and health,10,3,7
S01009174,R S T U. Other,2,1,1
S01009174,Never worked,9,5,4
S01009175,All people aged 16 to 74 not in employment,115,49,66
S01009175,A B D E. Agriculture energy and water,2,1,1
S01009175,C. Manufacturing,14,13,1
S01009175,F. Construction,4,4,0
S01009175,G I. Distribution hotels and restaurants,11,5,6
S01009175,H J. Transport and communication,8,4,4
S01009175,K L M N. Financial real estate professional and administrative activities,18,8,10
S01009175,O P Q. Public administration education and health,31,3,28
S01009175,R S T U. Other,6,2,4
S01009175,Never worked,21,9,12
S01009176,All people aged 16 to 74 not in employment,205,84,121
S01009176,A B D E. Agriculture energy and water,7,5,2
S01009176,C. Manufacturing,26,17,9
S01009176,F. Construction,8,4,4
S01009176,G I. Distribution hotels and restaurants,31,14,17
S01009176,H J. Transport and communication,12,6,6
S01009176,K L M N. Financial real estate professional and administrative activities,27,8,19
S01009176,O P Q. Public administration education and health,61,16,45
S01009176,R S T U. Other,7,1,6
S01009176,Never worked,26,13,13
S01009177,All people aged 16 to 74 not in employment,242,99,143
S01009177,A B D E. Agriculture energy and water,4,2,2
S01009177,C. Manufacturing,28,18,10
S01009177,F. Construction,27,24,3
S01009177,G I. Distribution hotels and restaurants,51,17,34
S01009177,H J. Transport and communication,20,5,15
S01009177,K L M N. Financial real estate professional and administrative activities,25,6,19
S01009177,O P Q. Public administration education and health,41,7,34
S01009177,R S T U. Other,8,4,4
S01009177,Never worked,38,16,22
S01009178,All people aged 16 to 74 not in employment,219,95,124
S01009178,A B D E. Agriculture energy and water,4,2,2
S01009178,C. Manufacturing,29,20,9
S01009178,F. Construction,18,17,1
S01009178,G I. Distribution hotels and restaurants,50,22,28
S01009178,H J. Transport and communication,14,5,9
S01009178,K L M N. Financial real estate professional and administrative activities,13,2,11
S01009178,O P Q. Public administration education and health,39,5,34
S01009178,R S T U. Other,7,2,5
S01009178,Never worked,45,20,25
S01009179,All people aged 16 to 74 not in employment,198,96,102
S01009179,A B D E. Agriculture energy and water,1,0,1
S01009179,C. Manufacturing,25,18,7
S01009179,F. Construction,22,21,1
S01009179,G I. Distribution hotels and restaurants,45,17,28
S01009179,H J. Transport and communication,15,5,10
S01009179,K L M N. Financial real estate professional and administrative activities,10,4,6
S01009179,O P Q. Public administration education and health,44,12,32
S01009179,R S T U. Other,5,0,5
S01009179,Never worked,31,19,12
S01009180,All people aged 16 to 74 not in employment,275,112,163
S01009180,A B D E. Agriculture energy and water,4,4,0
S01009180,C. Manufacturing,35,16,19
S01009180,F. Construction,34,31,3
S01009180,G I. Distribution hotels and restaurants,54,22,32
S01009180,H J. Transport and communication,23,4,19
S01009180,K L M N. Financial real estate professional and administrative activities,22,7,15
S01009180,O P Q. Public administration education and health,56,10,46
S01009180,R S T U. Other,9,1,8
S01009180,Never worked,38,17,21
S01009181,All people aged 16 to 74 not in employment,226,99,127
S01009181,A B D E. Agriculture energy and water,4,2,2
S01009181,C. Manufacturing,40,27,13
S01009181,F. Construction,19,18,1
S01009181,G I. Distribution hotels and restaurants,40,19,21
S01009181,H J. Transport and communication,15,4,11
S01009181,K L M N. Financial real estate professional and administrative activities,27,5,22
S01009181,O P Q. Public administration education and health,45,10,35
S01009181,R S T U. Other,4,1,3
S01009181,Never worked,32,13,19
S01009182,All people aged 16 to 74 not in employment,218,95,123
S01009182,A B D E. Agriculture energy and water,4,1,3
S01009182,C. Manufacturing,24,16,8
S01009182,F. Construction,25,22,3
S01009182,G I. Distribution hotels and restaurants,49,20,29
S01009182,H J. Transport and communication,19,7,12
S01009182,K L M N. Financial real estate professional and administrative activities,11,1,10
S01009182,O P Q. Public administration education and health,53,9,44
S01009182,R S T U. Other,9,2,7
S01009182,Never worked,24,17,7
S01009183,All people aged 16 to 74 not in employment,126,60,66
S01009183,A B D E. Agriculture energy and water,4,3,1
S01009183,C. Manufacturing,17,10,7
S01009183,F. Construction,4,4,0
S01009183,G I. Distribution hotels and restaurants,25,5,20
S01009183,H J. Transport and communication,7,4,3
S01009183,K L M N. Financial real estate professional and administrative activities,11,5,6
S01009183,O P Q. Public administration education and health,32,11,21
S01009183,R S T U. Other,3,2,1
S01009183,Never worked,23,16,7
S01009184,All people aged 16 to 74 not in employment,272,120,152
S01009184,A B D E. Agriculture energy and water,8,6,2
S01009184,C. Manufacturing,30,23,7
S01009184,F. Construction,22,21,1
S01009184,G I. Distribution hotels and restaurants,58,27,31
S01009184,H J. Transport and communication,27,13,14
S01009184,K L M N. Financial real estate professional and administrative activities,22,12,10
S01009184,O P Q. Public administration education and health,57,5,52
S01009184,R S T U. Other,7,1,6
S01009184,Never worked,41,12,29
S01009185,All people aged 16 to 74 not in employment,253,105,148
S01009185,A B D E. Agriculture energy and water,6,6,0
S01009185,C. Manufacturing,39,16,23
S01009185,F. Construction,23,22,1
S01009185,G I. Distribution hotels and restaurants,51,21,30
S01009185,H J. Transport and communication,8,2,6
S01009185,K L M N. Financial real estate professional and administrative activities,21,7,14
S01009185,O P Q. Public administration education and health,53,11,42
S01009185,R S T U. Other,12,4,8
S01009185,Never worked,40,16,24
S01009186,All people aged 16 to 74 not in employment,221,95,126
S01009186,A B D E. Agriculture energy and water,6,5,1
S01009186,C. Manufacturing,21,10,11
S01009186,F. Construction,30,28,2
S01009186,G I. Distribution hotels and restaurants,46,18,28
S01009186,H J. Transport and communication,17,5,12
S01009186,K L M N. Financial real estate professional and administrative activities,21,8,13
S01009186,O P Q. Public administration education and health,36,4,32
S01009186,R S T U. Other,7,3,4
S01009186,Never worked,37,14,23
S01009187,All people aged 16 to 74 not in employment,136,60,76
S01009187,A B D E. Agriculture energy and water,4,3,1
S01009187,C. Manufacturing,15,10,5
S01009187,F. Construction,10,7,3
S01009187,G I. Distribution hotels and restaurants,19,10,9
S01009187,H J. Transport and communication,7,2,5
S01009187,K L M N. Financial real estate professional and administrative activities,16,8,8
S01009187,O P Q. Public administration education and health,39,9,30
S01009187,R S T U. Other,9,4,5
S01009187,Never worked,17,7,10
S01009188,All people aged 16 to 74 not in employment,227,92,135
S01009188,A B D E. Agriculture energy and water,6,5,1
S01009188,C. Manufacturing,26,13,13
S01009188,F. Construction,18,17,1
S01009188,G I. Distribution hotels and restaurants,46,22,24
S01009188,H J. Transport and communication,19,6,13
S01009188,K L M N. Financial real estate professional and administrative activities,24,11,13
S01009188,O P Q. Public administration education and health,46,6,40
S01009188,R S T U. Other,6,1,5
S01009188,Never worked,36,11,25
S01009189,All people aged 16 to 74 not in employment,222,97,125
S01009189,A B D E. Agriculture energy and water,9,6,3
S01009189,C. Manufacturing,43,17,26
S01009189,F. Construction,20,18,2
S01009189,G I. Distribution hotels and restaurants,46,23,23
S01009189,H J. Transport and communication,15,2,13
S01009189,K L M N. Financial real estate professional and administrative activities,16,7,9
S01009189,O P Q. Public administration education and health,29,3,26
S01009189,R S T U. Other,7,4,3
S01009189,Never worked,37,17,20
S01009190,All people aged 16 to 74 not in employment,126,52,74
S01009190,A B D E. Agriculture energy and water,6,5,1
S01009190,C. Manufacturing,12,6,6
S01009190,F. Construction,7,7,0
S01009190,G I. Distribution hotels and restaurants,22,6,16
S01009190,H J. Transport and communication,4,1,3
S01009190,K L M N. Financial real estate professional and administrative activities,7,2,5
S01009190,O P Q. Public administration education and health,31,3,28
S01009190,R S T U. Other,4,2,2
S01009190,Never worked,33,20,13
S01009191,All people aged 16 to 74 not in employment,80,25,55
S01009191,A B D E. Agriculture energy and water,1,0,1
S01009191,C. Manufacturing,7,2,5
S01009191,F. Construction,5,4,1
S01009191,G I. Distribution hotels and restaurants,10,6,4
S01009191,H J. Transport and communication,7,0,7
S01009191,K L M N. Financial real estate professional and administrative activities,6,1,5
S01009191,O P Q. Public administration education and health,18,1,17
S01009191,R S T U. Other,1,1,0
S01009191,Never worked,25,10,15
S01009192,All people aged 16 to 74 not in employment,595,512,83
S01009192,A B D E. Agriculture energy and water,15,15,0
S01009192,C. Manufacturing,36,30,6
S01009192,F. Construction,74,73,1
S01009192,G I. Distribution hotels and restaurants,77,65,12
S01009192,H J. Transport and communication,37,31,6
S01009192,K L M N. Financial real estate professional and administrative activities,55,43,12
S01009192,O P Q. Public administration education and health,58,32,26
S01009192,R S T U. Other,14,8,6
S01009192,Never worked,229,215,14
S01009193,All people aged 16 to 74 not in employment,40,19,21
S01009193,A B D E. Agriculture energy and water,0,0,0
S01009193,C. Manufacturing,4,3,1
S01009193,F. Construction,1,1,0
S01009193,G I. Distribution hotels and restaurants,8,4,4
S01009193,H J. Transport and communication,4,2,2
S01009193,K L M N. Financial real estate professional and administrative activities,2,1,1
S01009193,O P Q. Public administration education and health,9,0,9
S01009193,R S T U. Other,2,1,1
S01009193,Never worked,10,7,3
S01009194,All people aged 16 to 74 not in employment,197,85,112
S01009194,A B D E. Agriculture energy and water,5,3,2
S01009194,C. Manufacturing,38,26,12
S01009194,F. Construction,12,10,2
S01009194,G I. Distribution hotels and restaurants,34,18,16
S01009194,H J. Transport and communication,6,3,3
S01009194,K L M N. Financial real estate professional and administrative activities,23,7,16
S01009194,O P Q. Public administration education and health,56,12,44
S01009194,R S T U. Other,5,0,5
S01009194,Never worked,18,6,12
S01009195,All people aged 16 to 74 not in employment,123,52,71
S01009195,A B D E. Agriculture energy and water,5,3,2
S01009195,C. Manufacturing,11,6,5
S01009195,F. Construction,7,7,0
S01009195,G I. Distribution hotels and restaurants,18,6,12
S01009195,H J. Transport and communication,7,4,3
S01009195,K L M N. Financial real estate professional and administrative activities,10,2,8
S01009195,O P Q. Public administration education and health,36,13,23
S01009195,R S T U. Other,7,2,5
S01009195,Never worked,22,9,13
S01009196,All people aged 16 to 74 not in employment,198,94,104
S01009196,A B D E. Agriculture energy and water,5,5,0
S01009196,C. Manufacturing,22,14,8
S01009196,F. Construction,16,14,2
S01009196,G I. Distribution hotels and restaurants,35,17,18
S01009196,H J. Transport and communication,12,2,10
S01009196,K L M N. Financial real estate professional and administrative activities,18,6,12
S01009196,O P Q. Public administration education and health,46,8,38
S01009196,R S T U. Other,8,1,7
S01009196,Never worked,36,27,9
S01009197,All people aged 16 to 74 not in employment,199,83,116
S01009197,A B D E. Agriculture energy and water,2,2,0
S01009197,C. Manufacturing,28,15,13
S01009197,F. Construction,18,15,3
S01009197,G I. Distribution hotels and restaurants,37,21,16
S01009197,H J. Transport and communication,13,5,8
S01009197,K L M N. Financial real estate professional and administrative activities,17,4,13
S01009197,O P Q. Public administration education and health,51,11,40
S01009197,R S T U. Other,9,1,8
S01009197,Never worked,24,9,15
S01009198,All people aged 16 to 74 not in employment,169,72,97
S01009198,A B D E. Agriculture energy and water,2,1,1
S01009198,C. Manufacturing,15,9,6
S01009198,F. Construction,13,10,3
S01009198,G I. Distribution hotels and restaurants,31,11,20
S01009198,H J. Transport and communication,14,5,9
S01009198,K L M N. Financial real estate professional and administrative activities,21,10,11
S01009198,O P Q. Public administration education and health,54,19,35
S01009198,R S T U. Other,5,1,4
S01009198,Never worked,14,6,8
S01009199,All people aged 16 to 74 not in employment,124,51,73
S01009199,A B D E. Agriculture energy and water,4,3,1
S01009199,C. Manufacturing,18,9,9
S01009199,F. Construction,6,5,1
S01009199,G I. Distribution hotels and restaurants,26,13,13
S01009199,H J. Transport and communication,5,0,5
S01009199,K L M N. Financial real estate professional and administrative activities,10,4,6
S01009199,O P Q. Public administration education and health,31,9,22
S01009199,R S T U. Other,5,0,5
S01009199,Never worked,19,8,11
S01009200,All people aged 16 to 74 not in employment,268,112,156
S01009200,A B D E. Agriculture energy and water,9,7,2
S01009200,C. Manufacturing,41,27,14
S01009200,F. Construction,9,7,2
S01009200,G I. Distribution hotels and restaurants,52,19,33
S01009200,H J. Transport and communication,13,4,9
S01009200,K L M N. Financial real estate professional and administrative activities,31,12,19
S01009200,O P Q. Public administration education and health,68,18,50
S01009200,R S T U. Other,8,2,6
S01009200,Never worked,37,16,21
S01009201,All people aged 16 to 74 not in employment,179,79,100
S01009201,A B D E. Agriculture energy and water,1,1,0
S01009201,C. Manufacturing,22,13,9
S01009201,F. Construction,10,10,0
S01009201,G I. Distribution hotels and restaurants,38,17,21
S01009201,H J. Transport and communication,10,4,6
S01009201,K L M N. Financial real estate professional and administrative activities,15,8,7
S01009201,O P Q. Public administration education and health,40,11,29
S01009201,R S T U. Other,5,0,5
S01009201,Never worked,38,15,23
S01009202,All people aged 16 to 74 not in employment,91,38,53
S01009202,A B D E. Agriculture energy and water,3,3,0
S01009202,C. Manufacturing,11,7,4
S01009202,F. Construction,2,2,0
S01009202,G I. Distribution hotels and restaurants,16,5,11
S01009202,H J. Transport and communication,3,1,2
S01009202,K L M N. Financial real estate professional and administrative activities,13,6,7
S01009202,O P Q. Public administration education and health,22,5,17
S01009202,R S T U. Other,2,0,2
S01009202,Never worked,19,9,10
S01009203,All people aged 16 to 74 not in employment,219,92,127
S01009203,A B D E. Agriculture energy and water,6,4,2
S01009203,C. Manufacturing,40,24,16
S01009203,F. Construction,21,21,0
S01009203,G I. Distribution hotels and restaurants,41,16,25
S01009203,H J. Transport and communication,18,5,13
S01009203,K L M N. Financial real estate professional and administrative activities,15,3,12
S01009203,O P Q. Public administration education and health,45,8,37
S01009203,R S T U. Other,8,6,2
S01009203,Never worked,25,5,20
S01009204,All people aged 16 to 74 not in employment,222,90,132
S01009204,A B D E. Agriculture energy and water,4,3,1
S01009204,C. Manufacturing,23,15,8
S01009204,F. Construction,15,14,1
S01009204,G I. Distribution hotels and restaurants,31,7,24
S01009204,H J. Transport and communication,26,8,18
S01009204,K L M N. Financial real estate professional and administrative activities,24,6,18
S01009204,O P Q. Public administration education and health,41,9,32
S01009204,R S T U. Other,8,3,5
S01009204,Never worked,50,25,25
S01009205,All people aged 16 to 74 not in employment,134,65,69
S01009205,A B D E. Agriculture energy and water,4,3,1
S01009205,C. Manufacturing,21,13,8
S01009205,F. Construction,9,9,0
S01009205,G I. Distribution hotels and restaurants,23,9,14
S01009205,H J. Transport and communication,4,1,3
S01009205,K L M N. Financial real estate professional and administrative activities,12,6,6
S01009205,O P Q. Public administration education and health,35,10,25
S01009205,R S T U. Other,3,1,2
S01009205,Never worked,23,13,10
S01009206,All people aged 16 to 74 not in employment,171,85,86
S01009206,A B D E. Agriculture energy and water,3,3,0
S01009206,C. Manufacturing,28,24,4
S01009206,F. Construction,10,8,2
S01009206,G I. Distribution hotels and restaurants,29,12,17
S01009206,H J. Transport and communication,7,3,4
S01009206,K L M N. Financial real estate professional and administrative activities,20,8,12
S01009206,O P Q. Public administration education and health,49,16,33
S01009206,R S T U. Other,4,0,4
S01009206,Never worked,21,11,10
S01009207,All people aged 16 to 74 not in employment,239,114,125
S01009207,A B D E. Agriculture energy and water,8,6,2
S01009207,C. Manufacturing,45,30,15
S01009207,F. Construction,19,17,2
S01009207,G I. Distribution hotels and restaurants,37,14,23
S01009207,H J. Transport and communication,15,7,8
S01009207,K L M N. Financial real estate professional and administrative activities,23,13,10
S01009207,O P Q. Public administration education and health,78,21,57
S01009207,R S T U. Other,8,2,6
S01009207,Never worked,6,4,2
S01009208,All people aged 16 to 74 not in employment,199,86,113
S01009208,A B D E. Agriculture energy and water,6,5,1
S01009208,C. Manufacturing,43,28,15
S01009208,F. Construction,14,10,4
S01009208,G I. Distribution hotels and restaurants,42,14,28
S01009208,H J. Transport and communication,7,4,3
S01009208,K L M N. Financial real estate professional and administrative activities,11,6,5
S01009208,O P Q. Public administration education and health,49,9,40
S01009208,R S T U. Other,6,2,4
S01009208,Never worked,21,8,13
S01009209,All people aged 16 to 74 not in employment,171,81,90
S01009209,A B D E. Agriculture energy and water,4,4,0
S01009209,C. Manufacturing,24,20,4
S01009209,F. Construction,13,12,1
S01009209,G I. Distribution hotels and restaurants,30,14,16
S01009209,H J. Transport and communication,5,2,3
S01009209,K L M N. Financial real estate professional and administrative activities,19,11,8
S01009209,O P Q. Public administration education and health,49,10,39
S01009209,R S T U. Other,12,2,10
S01009209,Never worked,15,6,9
S01009210,All people aged 16 to 74 not in employment,130,61,69
S01009210,A B D E. Agriculture energy and water,4,4,0
S01009210,C. Manufacturing,24,17,7
S01009210,F. Construction,8,8,0
S01009210,G I. Distribution hotels and restaurants,23,10,13
S01009210,H J. Transport and communication,8,1,7
S01009210,K L M N. Financial real estate professional and administrative activities,10,5,5
S01009210,O P Q. Public administration education and health,39,7,32
S01009210,R S T U. Other,5,3,2
S01009210,Never worked,9,6,3
S01009211,All people aged 16 to 74 not in employment,156,65,91
S01009211,A B D E. Agriculture energy and water,6,3,3
S01009211,C. Manufacturing,17,12,5
S01009211,F. Construction,4,3,1
S01009211,G I. Distribution hotels and restaurants,32,11,21
S01009211,H J. Transport and communication,15,6,9
S01009211,K L M N. Financial real estate professional and administrative activities,15,3,12
S01009211,O P Q. Public administration education and health,31,10,21
S01009211,R S T U. Other,6,2,4
S01009211,Never worked,30,15,15
S01009212,All people aged 16 to 74 not in employment,259,109,150
S01009212,A B D E. Agriculture energy and water,4,3,1
S01009212,C. Manufacturing,49,26,23
S01009212,F. Construction,29,26,3
S01009212,G I. Distribution hotels and restaurants,43,20,23
S01009212,H J. Transport and communication,18,6,12
S01009212,K L M N. Financial real estate professional and administrative activities,22,8,14
S01009212,O P Q. Public administration education and health,53,8,45
S01009212,R S T U. Other,9,2,7
S01009212,Never worked,32,10,22
S01009213,All people aged 16 to 74 not in employment,226,108,118
S01009213,A B D E. Agriculture energy and water,6,5,1
S01009213,C. Manufacturing,37,20,17
S01009213,F. Construction,24,24,0
S01009213,G I. Distribution hotels and restaurants,38,18,20
S01009213,H J. Transport and communication,19,0,19
S01009213,K L M N. Financial real estate professional and administrative activities,24,13,11
S01009213,O P Q. Public administration education and health,33,6,27
S01009213,R S T U. Other,8,3,5
S01009213,Never worked,37,19,18
S01009214,All people aged 16 to 74 not in employment,222,97,125
S01009214,A B D E. Agriculture energy and water,4,4,0
S01009214,C. Manufacturing,34,22,12
S01009214,F. Construction,17,15,2
S01009214,G I. Distribution hotels and restaurants,40,15,25
S01009214,H J. Transport and communication,14,4,10
S01009214,K L M N. Financial real estate professional and administrative activities,15,3,12
S01009214,O P Q. Public administration education and health,59,12,47
S01009214,R S T U. Other,11,4,7
S01009214,Never worked,28,18,10
S01009215,All people aged 16 to 74 not in employment,255,123,132
S01009215,A B D E. Agriculture energy and water,2,2,0
S01009215,C. Manufacturing,39,26,13
S01009215,F. Construction,31,30,1
S01009215,G I. Distribution hotels and restaurants,57,24,33
S01009215,H J. Transport and communication,10,3,7
S01009215,K L M N. Financial real estate professional and administrative activities,22,8,14
S01009215,O P Q. Public administration education and health,49,8,41
S01009215,R S T U. Other,8,3,5
S01009215,Never worked,37,19,18
S01009216,All people aged 16 to 74 not in employment,244,92,152
S01009216,A B D E. Agriculture energy and water,6,2,4
S01009216,C. Manufacturing,37,27,10
S01009216,F. Construction,20,17,3
S01009216,G I. Distribution hotels and restaurants,48,14,34
S01009216,H J. Transport and communication,18,2,16
S01009216,K L M N. Financial real estate professional and administrative activities,17,4,13
S01009216,O P Q. Public administration education and health,49,5,44
S01009216,R S T U. Other,10,5,5
S01009216,Never worked,39,16,23
S01009217,All people aged 16 to 74 not in employment,208,92,116
S01009217,A B D E. Agriculture energy and water,3,1,2
S01009217,C. Manufacturing,25,14,11
S01009217,F. Construction,22,22,0
S01009217,G I. Distribution hotels and restaurants,47,20,27
S01009217,H J. Transport and communication,18,7,11
S01009217,K L M N. Financial real estate professional and administrative activities,21,7,14
S01009217,O P Q. Public administration education and health,30,1,29
S01009217,R S T U. Other,5,1,4
S01009217,Never worked,37,19,18
S01009218,All people aged 16 to 74 not in employment,232,113,119
S01009218,A B D E. Agriculture energy and water,6,5,1
S01009218,C. Manufacturing,36,24,12
S01009218,F. Construction,16,16,0
S01009218,G I. Distribution hotels and restaurants,50,26,24
S01009218,H J. Transport and communication,19,8,11
S01009218,K L M N. Financial real estate professional and administrative activities,13,4,9
S01009218,O P Q. Public administration education and health,51,9,42
S01009218,R S T U. Other,11,6,5
S01009218,Never worked,30,15,15
S01009219,All people aged 16 to 74 not in employment,187,90,97
S01009219,A B D E. Agriculture energy and water,8,4,4
S01009219,C. Manufacturing,31,20,11
S01009219,F. Construction,20,20,0
S01009219,G I. Distribution hotels and restaurants,39,16,23
S01009219,H J. Transport and communication,18,5,13
S01009219,K L M N. Financial real estate professional and administrative activities,23,11,12
S01009219,O P Q. Public administration education and health,21,3,18
S01009219,R S T U. Other,9,1,8
S01009219,Never worked,18,10,8
S01009220,All people aged 16 to 74 not in employment,164,61,103
S01009220,A B D E. Agriculture energy and water,3,1,2
S01009220,C. Manufacturing,26,17,9
S01009220,F. Construction,8,7,1
S01009220,G I. Distribution hotels and restaurants,44,16,28
S01009220,H J. Transport and communication,21,5,16
S01009220,K L M N. Financial real estate professional and administrative activities,17,5,12
S01009220,O P Q. Public administration education and health,24,6,18
S01009220,R S T U. Other,5,0,5
S01009220,Never worked,16,4,12
S01009221,All people aged 16 to 74 not in employment,142,68,74
S01009221,A B D E. Agriculture energy and water,5,4,1
S01009221,C. Manufacturing,22,16,6
S01009221,F. Construction,17,15,2
S01009221,G I. Distribution hotels and restaurants,29,9,20
S01009221,H J. Transport and communication,12,5,7
S01009221,K L M N. Financial real estate professional and administrative activities,8,5,3
S01009221,O P Q. Public administration education and health,20,4,16
S01009221,R S T U. Other,11,2,9
S01009221,Never worked,18,8,10
S01009222,All people aged 16 to 74 not in employment,142,64,78
S01009222,A B D E. Agriculture energy and water,2,1,1
S01009222,C. Manufacturing,29,17,12
S01009222,F. Construction,16,14,2
S01009222,G I. Distribution hotels and restaurants,32,16,16
S01009222,H J. Transport and communication,8,1,7
S01009222,K L M N. Financial real estate professional and administrative activities,15,4,11
S01009222,O P Q. Public administration education and health,16,4,12
S01009222,R S T U. Other,7,0,7
S01009222,Never worked,17,7,10
S01009223,All people aged 16 to 74 not in employment,149,60,89
S01009223,A B D E. Agriculture energy and water,1,1,0
S01009223,C. Manufacturing,31,17,14
S01009223,F. Construction,9,9,0
S01009223,G I. Distribution hotels and restaurants,39,15,24
S01009223,H J. Transport and communication,6,2,4
S01009223,K L M N. Financial real estate professional and administrative activities,12,1,11
S01009223,O P Q. Public administration education and health,25,3,22
S01009223,R S T U. Other,4,2,2
S01009223,Never worked,22,10,12
S01009224,All people aged 16 to 74 not in employment,194,89,105
S01009224,A B D E. Agriculture energy and water,1,1,0
S01009224,C. Manufacturing,34,18,16
S01009224,F. Construction,14,13,1
S01009224,G I. Distribution hotels and restaurants,42,21,21
S01009224,H J. Transport and communication,18,2,16
S01009224,K L M N. Financial real estate professional and administrative activities,31,15,16
S01009224,O P Q. Public administration education and health,20,4,16
S01009224,R S T U. Other,4,1,3
S01009224,Never worked,30,14,16
S01009225,All people aged 16 to 74 not in employment,131,61,70
S01009225,A B D E. Agriculture energy and water,6,5,1
S01009225,C. Manufacturing,31,20,11
S01009225,F. Construction,7,7,0
S01009225,G I. Distribution hotels and restaurants,28,11,17
S01009225,H J. Transport and communication,10,2,8
S01009225,K L M N. Financial real estate professional and administrative activities,11,4,7
S01009225,O P Q. Public administration education and health,20,4,16
S01009225,R S T U. Other,3,0,3
S01009225,Never worked,15,8,7
S01009226,All people aged 16 to 74 not in employment,289,122,167
S01009226,A B D E. Agriculture energy and water,6,5,1
S01009226,C. Manufacturing,47,28,19
S01009226,F. Construction,28,25,3
S01009226,G I. Distribution hotels and restaurants,66,30,36
S01009226,H J. Transport and communication,32,4,28
S01009226,K L M N. Financial real estate professional and administrative activities,26,9,17
S01009226,O P Q. Public administration education and health,38,6,32
S01009226,R S T U. Other,11,2,9
S01009226,Never worked,35,13,22
S01009227,All people aged 16 to 74 not in employment,165,65,100
S01009227,A B D E. Agriculture energy and water,7,5,2
S01009227,C. Manufacturing,28,13,15
S01009227,F. Construction,12,10,2
S01009227,G I. Distribution hotels and restaurants,44,20,24
S01009227,H J. Transport and communication,11,2,9
S01009227,K L M N. Financial real estate professional and administrative activities,14,4,10
S01009227,O P Q. Public administration education and health,26,5,21
S01009227,R S T U. Other,11,3,8
S01009227,Never worked,12,3,9
S01009228,All people aged 16 to 74 not in employment,201,82,119
S01009228,A B D E. Agriculture energy and water,4,4,0
S01009228,C. Manufacturing,31,16,15
S01009228,F. Construction,14,12,2
S01009228,G I. Distribution hotels and restaurants,55,25,30
S01009228,H J. Transport and communication,23,2,21
S01009228,K L M N. Financial real estate professional and administrative activities,13,5,8
S01009228,O P Q. Public administration education and health,29,4,25
S01009228,R S T U. Other,10,2,8
S01009228,Never worked,22,12,10
S01009229,All people aged 16 to 74 not in employment,155,71,84
S01009229,A B D E. Agriculture energy and water,2,2,0
S01009229,C. Manufacturing,22,13,9
S01009229,F. Construction,14,11,3
S01009229,G I. Distribution hotels and restaurants,45,21,24
S01009229,H J. Transport and communication,11,2,9
S01009229,K L M N. Financial real estate professional and administrative activities,10,6,4
S01009229,O P Q. Public administration education and health,28,9,19
S01009229,R S T U. Other,4,2,2
S01009229,Never worked,19,5,14
S01009230,All people aged 16 to 74 not in employment,122,61,61
S01009230,A B D E. Agriculture energy and water,1,0,1
S01009230,C. Manufacturing,27,19,8
S01009230,F. Construction,13,12,1
S01009230,G I. Distribution hotels and restaurants,25,9,16
S01009230,H J. Transport and communication,8,0,8
S01009230,K L M N. Financial real estate professional and administrative activities,7,3,4
S01009230,O P Q. Public administration education and health,17,3,14
S01009230,R S T U. Other,4,2,2
S01009230,Never worked,20,13,7
S01009231,All people aged 16 to 74 not in employment,241,105,136
S01009231,A B D E. Agriculture energy and water,6,4,2
S01009231,C. Manufacturing,50,35,15
S01009231,F. Construction,23,20,3
S01009231,G I. Distribution hotels and restaurants,47,17,30
S01009231,H J. Transport and communication,20,4,16
S01009231,K L M N. Financial real estate professional and administrative activities,13,6,7
S01009231,O P Q. Public administration education and health,47,7,40
S01009231,R S T U. Other,13,0,13
S01009231,Never worked,22,12,10
S01009232,All people aged 16 to 74 not in employment,209,96,113
S01009232,A B D E. Agriculture energy and water,2,2,0
S01009232,C. Manufacturing,32,19,13
S01009232,F. Construction,17,12,5
S01009232,G I. Distribution hotels and restaurants,42,20,22
S01009232,H J. Transport and communication,32,13,19
S01009232,K L M N. Financial real estate professional and administrative activities,18,12,6
S01009232,O P Q. Public administration education and health,17,1,16
S01009232,R S T U. Other,6,1,5
S01009232,Never worked,43,16,27
S01009233,All people aged 16 to 74 not in employment,177,86,91
S01009233,A B D E. Agriculture energy and water,6,6,0
S01009233,C. Manufacturing,43,28,15
S01009233,F. Construction,17,17,0
S01009233,G I. Distribution hotels and restaurants,37,11,26
S01009233,H J. Transport and communication,16,6,10
S01009233,K L M N. Financial real estate professional and administrative activities,14,4,10
S01009233,O P Q. Public administration education and health,24,3,21
S01009233,R S T U. Other,4,2,2
S01009233,Never worked,16,9,7
S01009234,All people aged 16 to 74 not in employment,341,160,181
S01009234,A B D E. Agriculture energy and water,11,8,3
S01009234,C. Manufacturing,50,28,22
S01009234,F. Construction,20,18,2
S01009234,G I. Distribution hotels and restaurants,66,32,34
S01009234,H J. Transport and communication,41,9,32
S01009234,K L M N. Financial real estate professional and administrative activities,24,13,11
S01009234,O P Q. Public administration education and health,37,6,31
S01009234,R S T U. Other,12,4,8
S01009234,Never worked,80,42,38
S01009235,All people aged 16 to 74 not in employment,267,122,145
S01009235,A B D E. Agriculture energy and water,9,9,0
S01009235,C. Manufacturing,37,22,15
S01009235,F. Construction,35,30,5
S01009235,G I. Distribution hotels and restaurants,52,23,29
S01009235,H J. Transport and communication,26,7,19
S01009235,K L M N. Financial real estate professional and administrative activities,34,5,29
S01009235,O P Q. Public administration education and health,32,6,26
S01009235,R S T U. Other,13,6,7
S01009235,Never worked,29,14,15
S01009236,All people aged 16 to 74 not in employment,136,59,77
S01009236,A B D E. Agriculture energy and water,5,2,3
S01009236,C. Manufacturing,40,24,16
S01009236,F. Construction,8,6,2
S01009236,G I. Distribution hotels and restaurants,21,11,10
S01009236,H J. Transport and communication,9,1,8
S01009236,K L M N. Financial real estate professional and administrative activities,9,4,5
S01009236,O P Q. Public administration education and health,25,4,21
S01009236,R S T U. Other,7,1,6
S01009236,Never worked,12,6,6
S01009237,All people aged 16 to 74 not in employment,202,96,106
S01009237,A B D E. Agriculture energy and water,6,5,1
S01009237,C. Manufacturing,52,37,15
S01009237,F. Construction,10,8,2
S01009237,G I. Distribution hotels and restaurants,35,11,24
S01009237,H J. Transport and communication,11,5,6
S01009237,K L M N. Financial real estate professional and administrative activities,14,8,6
S01009237,O P Q. Public administration education and health,42,6,36
S01009237,R S T U. Other,8,3,5
S01009237,Never worked,24,13,11
S01009238,All people aged 16 to 74 not in employment,273,117,156
S01009238,A B D E. Agriculture energy and water,6,5,1
S01009238,C. Manufacturing,55,33,22
S01009238,F. Construction,15,13,2
S01009238,G I. Distribution hotels and restaurants,64,23,41
S01009238,H J. Transport and communication,26,4,22
S01009238,K L M N. Financial real estate professional and administrative activities,18,5,13
S01009238,O P Q. Public administration education and health,44,10,34
S01009238,R S T U. Other,7,2,5
S01009238,Never worked,38,22,16
S01009239,All people aged 16 to 74 not in employment,202,76,126
S01009239,A B D E. Agriculture energy and water,3,1,2
S01009239,C. Manufacturing,33,17,16
S01009239,F. Construction,13,11,2
S01009239,G I. Distribution hotels and restaurants,44,16,28
S01009239,H J. Transport and communication,20,6,14
S01009239,K L M N. Financial real estate professional and administrative activities,13,7,6
S01009239,O P Q. Public administration education and health,43,6,37
S01009239,R S T U. Other,5,0,5
S01009239,Never worked,28,12,16
S01009240,All people aged 16 to 74 not in employment,241,119,122
S01009240,A B D E. Agriculture energy and water,7,6,1
S01009240,C. Manufacturing,39,21,18
S01009240,F. Construction,31,30,1
S01009240,G I. Distribution hotels and restaurants,37,21,16
S01009240,H J. Transport and communication,27,6,21
S01009240,K L M N. Financial real estate professional and administrative activities,24,11,13
S01009240,O P Q. Public administration education and health,30,7,23
S01009240,R S T U. Other,10,4,6
S01009240,Never worked,36,13,23
S01009241,All people aged 16 to 74 not in employment,307,140,167
S01009241,A B D E. Agriculture energy and water,8,7,1
S01009241,C. Manufacturing,41,25,16
S01009241,F. Construction,37,35,2
S01009241,G I. Distribution hotels and restaurants,55,20,35
S01009241,H J. Transport and communication,28,8,20
S01009241,K L M N. Financial real estate professional and administrative activities,34,18,16
S01009241,O P Q. Public administration education and health,43,2,41
S01009241,R S T U. Other,15,4,11
S01009241,Never worked,46,21,25
S01009242,All people aged 16 to 74 not in employment,201,84,117
S01009242,A B D E. Agriculture energy and water,6,5,1
S01009242,C. Manufacturing,48,33,15
S01009242,F. Construction,13,11,2
S01009242,G I. Distribution hotels and restaurants,43,12,31
S01009242,H J. Transport and communication,11,5,6
S01009242,K L M N. Financial real estate professional and administrative activities,15,5,10
S01009242,O P Q. Public administration education and health,39,7,32
S01009242,R S T U. Other,7,0,7
S01009242,Never worked,19,6,13
S01009243,All people aged 16 to 74 not in employment,240,92,148
S01009243,A B D E. Agriculture energy and water,4,4,0
S01009243,C. Manufacturing,32,19,13
S01009243,F. Construction,25,24,1
S01009243,G I. Distribution hotels and restaurants,56,18,38
S01009243,H J. Transport and communication,23,6,17
S01009243,K L M N. Financial real estate professional and administrative activities,16,5,11
S01009243,O P Q. Public administration education and health,53,5,48
S01009243,R S T U. Other,6,1,5
S01009243,Never worked,25,10,15
S01009244,All people aged 16 to 74 not in employment,220,87,133
S01009244,A B D E. Agriculture energy and water,6,4,2
S01009244,C. Manufacturing,48,32,16
S01009244,F. Construction,9,7,2
S01009244,G I. Distribution hotels and restaurants,40,13,27
S01009244,H J. Transport and communication,10,3,7
S01009244,K L M N. Financial real estate professional and administrative activities,20,4,16
S01009244,O P Q. Public administration education and health,64,16,48
S01009244,R S T U. Other,4,0,4
S01009244,Never worked,19,8,11
S01009245,All people aged 16 to 74 not in employment,236,110,126
S01009245,A B D E. Agriculture energy and water,2,1,1
S01009245,C. Manufacturing,56,38,18
S01009245,F. Construction,10,8,2
S01009245,G I. Distribution hotels and restaurants,55,24,31
S01009245,H J. Transport and communication,16,7,9
S01009245,K L M N. Financial real estate professional and administrative activities,22,7,15
S01009245,O P Q. Public administration education and health,44,12,32
S01009245,R S T U. Other,11,4,7
S01009245,Never worked,20,9,11
S01009246,All people aged 16 to 74 not in employment,222,94,128
S01009246,A B D E. Agriculture energy and water,6,5,1
S01009246,C. Manufacturing,54,24,30
S01009246,F. Construction,14,12,2
S01009246,G I. Distribution hotels and restaurants,40,19,21
S01009246,H J. Transport and communication,16,4,12
S01009246,K L M N. Financial real estate professional and administrative activities,21,10,11
S01009246,O P Q. Public administration education and health,37,8,29
S01009246,R S T U. Other,9,4,5
S01009246,Never worked,25,8,17
S01009247,All people aged 16 to 74 not in employment,230,102,128
S01009247,A B D E. Agriculture energy and water,7,7,0
S01009247,C. Manufacturing,39,19,20
S01009247,F. Construction,33,29,4
S01009247,G I. Distribution hotels and restaurants,39,12,27
S01009247,H J. Transport and communication,19,2,17
S01009247,K L M N. Financial real estate professional and administrative activities,21,7,14
S01009247,O P Q. Public administration education and health,36,9,27
S01009247,R S T U. Other,14,4,10
S01009247,Never worked,22,13,9
S01009248,All people aged 16 to 74 not in employment,197,98,99
S01009248,A B D E. Agriculture energy and water,9,9,0
S01009248,C. Manufacturing,49,30,19
S01009248,F. Construction,11,10,1
S01009248,G I. Distribution hotels and restaurants,21,10,11
S01009248,H J. Transport and communication,7,4,3
S01009248,K L M N. Financial real estate professional and administrative activities,16,5,11
S01009248,O P Q. Public administration education and health,57,13,44
S01009248,R S T U. Other,3,2,1
S01009248,Never worked,24,15,9
S01009249,All people aged 16 to 74 not in employment,231,108,123
S01009249,A B D E. Agriculture energy and water,13,8,5
S01009249,C. Manufacturing,46,21,25
S01009249,F. Construction,28,26,2
S01009249,G I. Distribution hotels and restaurants,28,12,16
S01009249,H J. Transport and communication,15,5,10
S01009249,K L M N. Financial real estate professional and administrative activities,24,10,14
S01009249,O P Q. Public administration education and health,36,10,26
S01009249,R S T U. Other,4,0,4
S01009249,Never worked,37,16,21
S01009250,All people aged 16 to 74 not in employment,179,76,103
S01009250,A B D E. Agriculture energy and water,5,2,3
S01009250,C. Manufacturing,45,22,23
S01009250,F. Construction,15,15,0
S01009250,G I. Distribution hotels and restaurants,28,10,18
S01009250,H J. Transport and communication,16,8,8
S01009250,K L M N. Financial real estate professional and administrative activities,16,6,10
S01009250,O P Q. Public administration education and health,29,4,25
S01009250,R S T U. Other,5,1,4
S01009250,Never worked,20,8,12
S01009251,All people aged 16 to 74 not in employment,172,79,93
S01009251,A B D E. Agriculture energy and water,5,5,0
S01009251,C. Manufacturing,35,20,15
S01009251,F. Construction,14,12,2
S01009251,G I. Distribution hotels and restaurants,24,9,15
S01009251,H J. Transport and communication,7,1,6
S01009251,K L M N. Financial real estate professional and administrative activities,22,8,14
S01009251,O P Q. Public administration education and health,33,10,23
S01009251,R S T U. Other,6,0,6
S01009251,Never worked,26,14,12
S01009252,All people aged 16 to 74 not in employment,65,24,41
S01009252,A B D E. Agriculture energy and water,3,2,1
S01009252,C. Manufacturing,11,8,3
S01009252,F. Construction,1,0,1
S01009252,G I. Distribution hotels and restaurants,9,3,6
S01009252,H J. Transport and communication,5,0,5
S01009252,K L M N. Financial real estate professional and administrative activities,5,1,4
S01009252,O P Q. Public administration education and health,15,3,12
S01009252,R S T U. Other,3,0,3
S01009252,Never worked,13,7,6
S01009253,All people aged 16 to 74 not in employment,176,66,110
S01009253,A B D E. Agriculture energy and water,7,6,1
S01009253,C. Manufacturing,39,17,22
S01009253,F. Construction,17,12,5
S01009253,G I. Distribution hotels and restaurants,33,12,21
S01009253,H J. Transport and communication,20,2,18
S01009253,K L M N. Financial real estate professional and administrative activities,8,3,5
S01009253,O P Q. Public administration education and health,29,4,25
S01009253,R S T U. Other,5,1,4
S01009253,Never worked,18,9,9
S01009254,All people aged 16 to 74 not in employment,280,127,153
S01009254,A B D E. Agriculture energy and water,17,13,4
S01009254,C. Manufacturing,57,27,30
S01009254,F. Construction,24,21,3
S01009254,G I. Distribution hotels and restaurants,41,22,19
S01009254,H J. Transport and communication,30,8,22
S01009254,K L M N. Financial real estate professional and administrative activities,20,13,7
S01009254,O P Q. Public administration education and health,43,9,34
S01009254,R S T U. Other,7,2,5
S01009254,Never worked,41,12,29
S01009255,All people aged 16 to 74 not in employment,156,84,72
S01009255,A B D E. Agriculture energy and water,3,3,0
S01009255,C. Manufacturing,32,20,12
S01009255,F. Construction,28,25,3
S01009255,G I. Distribution hotels and restaurants,33,12,21
S01009255,H J. Transport and communication,9,3,6
S01009255,K L M N. Financial real estate professional and administrative activities,15,9,6
S01009255,O P Q. Public administration education and health,17,6,11
S01009255,R S T U. Other,4,3,1
S01009255,Never worked,15,3,12
S01009256,All people aged 16 to 74 not in employment,135,57,78
S01009256,A B D E. Agriculture energy and water,0,0,0
S01009256,C. Manufacturing,34,22,12
S01009256,F. Construction,10,10,0
S01009256,G I. Distribution hotels and restaurants,24,7,17
S01009256,H J. Transport and communication,7,5,2
S01009256,K L M N. Financial real estate professional and administrative activities,18,1,17
S01009256,O P Q. Public administration education and health,31,7,24
S01009256,R S T U. Other,3,1,2
S01009256,Never worked,8,4,4
S01009257,All people aged 16 to 74 not in employment,191,81,110
S01009257,A B D E. Agriculture energy and water,5,3,2
S01009257,C. Manufacturing,33,21,12
S01009257,F. Construction,9,7,2
S01009257,G I. Distribution hotels and restaurants,44,19,25
S01009257,H J. Transport and communication,7,4,3
S01009257,K L M N. Financial real estate professional and administrative activities,32,13,19
S01009257,O P Q. Public administration education and health,45,10,35
S01009257,R S T U. Other,5,0,5
S01009257,Never worked,11,4,7
S01009258,All people aged 16 to 74 not in employment,159,71,88
S01009258,A B D E. Agriculture energy and water,1,0,1
S01009258,C. Manufacturing,22,12,10
S01009258,F. Construction,16,15,1
S01009258,G I. Distribution hotels and restaurants,38,18,20
S01009258,H J. Transport and communication,9,6,3
S01009258,K L M N. Financial real estate professional and administrative activities,20,8,12
S01009258,O P Q. Public administration education and health,37,7,30
S01009258,R S T U. Other,5,1,4
S01009258,Never worked,11,4,7
S01009259,All people aged 16 to 74 not in employment,192,84,108
S01009259,A B D E. Agriculture energy and water,5,3,2
S01009259,C. Manufacturing,34,24,10
S01009259,F. Construction,20,18,2
S01009259,G I. Distribution hotels and restaurants,31,11,20
S01009259,H J. Transport and communication,8,1,7
S01009259,K L M N. Financial real estate professional and administrative activities,25,8,17
S01009259,O P Q. Public administration education and health,46,11,35
S01009259,R S T U. Other,7,2,5
S01009259,Never worked,16,6,10
S01009260,All people aged 16 to 74 not in employment,245,109,136
S01009260,A B D E. Agriculture energy and water,5,5,0
S01009260,C. Manufacturing,53,30,23
S01009260,F. Construction,20,20,0
S01009260,G I. Distribution hotels and restaurants,44,19,25
S01009260,H J. Transport and communication,16,1,15
S01009260,K L M N. Financial real estate professional and administrative activities,26,6,20
S01009260,O P Q. Public administration education and health,43,8,35
S01009260,R S T U. Other,8,3,5
S01009260,Never worked,30,17,13
S01009261,All people aged 16 to 74 not in employment,238,102,136
S01009261,A B D E. Agriculture energy and water,10,9,1
S01009261,C. Manufacturing,38,23,15
S01009261,F. Construction,16,15,1
S01009261,G I. Distribution hotels and restaurants,41,17,24
S01009261,H J. Transport and communication,35,12,23
S01009261,K L M N. Financial real estate professional and administrative activities,23,9,14
S01009261,O P Q. Public administration education and health,42,9,33
S01009261,R S T U. Other,11,3,8
S01009261,Never worked,22,5,17
S01009262,All people aged 16 to 74 not in employment,167,72,95
S01009262,A B D E. Agriculture energy and water,5,4,1
S01009262,C. Manufacturing,38,22,16
S01009262,F. Construction,10,9,1
S01009262,G I. Distribution hotels and restaurants,34,12,22
S01009262,H J. Transport and communication,8,1,7
S01009262,K L M N. Financial real estate professional and administrative activities,19,8,11
S01009262,O P Q. Public administration education and health,28,6,22
S01009262,R S T U. Other,5,1,4
S01009262,Never worked,20,9,11
S01009263,All people aged 16 to 74 not in employment,120,51,69
S01009263,A B D E. Agriculture energy and water,1,1,0
S01009263,C. Manufacturing,20,11,9
S01009263,F. Construction,4,3,1
S01009263,G I. Distribution hotels and restaurants,25,8,17
S01009263,H J. Transport and communication,7,4,3
S01009263,K L M N. Financial real estate professional and administrative activities,14,6,8
S01009263,O P Q. Public administration education and health,28,9,19
S01009263,R S T U. Other,3,1,2
S01009263,Never worked,18,8,10
S01009264,All people aged 16 to 74 not in employment,146,65,81
S01009264,A B D E. Agriculture energy and water,14,10,4
S01009264,C. Manufacturing,17,13,4
S01009264,F. Construction,7,7,0
S01009264,G I. Distribution hotels and restaurants,15,4,11
S01009264,H J. Transport and communication,8,1,7
S01009264,K L M N. Financial real estate professional and administrative activities,16,4,12
S01009264,O P Q. Public administration education and health,42,14,28
S01009264,R S T U. Other,5,2,3
S01009264,Never worked,22,10,12
S01009265,All people aged 16 to 74 not in employment,216,101,115
S01009265,A B D E. Agriculture energy and water,10,9,1
S01009265,C. Manufacturing,33,18,15
S01009265,F. Construction,18,18,0
S01009265,G I. Distribution hotels and restaurants,34,12,22
S01009265,H J. Transport and communication,11,3,8
S01009265,K L M N. Financial real estate professional and administrative activities,16,9,7
S01009265,O P Q. Public administration education and health,51,14,37
S01009265,R S T U. Other,7,1,6
S01009265,Never worked,36,17,19
S01009266,All people aged 16 to 74 not in employment,271,123,148
S01009266,A B D E. Agriculture energy and water,26,22,4
S01009266,C. Manufacturing,30,20,10
S01009266,F. Construction,21,20,1
S01009266,G I. Distribution hotels and restaurants,47,16,31
S01009266,H J. Transport and communication,21,8,13
S01009266,K L M N. Financial real estate professional and administrative activities,17,10,7
S01009266,O P Q. Public administration education and health,56,11,45
S01009266,R S T U. Other,21,4,17
S01009266,Never worked,32,12,20
S01009267,All people aged 16 to 74 not in employment,223,111,112
S01009267,A B D E. Agriculture energy and water,20,19,1
S01009267,C. Manufacturing,24,17,7
S01009267,F. Construction,19,17,2
S01009267,G I. Distribution hotels and restaurants,24,9,15
S01009267,H J. Transport and communication,16,3,13
S01009267,K L M N. Financial real estate professional and administrative activities,25,14,11
S01009267,O P Q. Public administration education and health,53,9,44
S01009267,R S T U. Other,3,0,3
S01009267,Never worked,39,23,16
S01009268,All people aged 16 to 74 not in employment,261,114,147
S01009268,A B D E. Agriculture energy and water,31,28,3
S01009268,C. Manufacturing,24,11,13
S01009268,F. Construction,14,13,1
S01009268,G I. Distribution hotels and restaurants,50,17,33
S01009268,H J. Transport and communication,13,2,11
S01009268,K L M N. Financial real estate professional and administrative activities,33,14,19
S01009268,O P Q. Public administration education and health,58,12,46
S01009268,R S T U. Other,11,4,7
S01009268,Never worked,27,13,14
S01009269,All people aged 16 to 74 not in employment,271,131,140
S01009269,A B D E. Agriculture energy and water,30,24,6
S01009269,C. Manufacturing,26,11,15
S01009269,F. Construction,25,22,3
S01009269,G I. Distribution hotels and restaurants,48,24,24
S01009269,H J. Transport and communication,23,7,16
S01009269,K L M N. Financial real estate professional and administrative activities,14,9,5
S01009269,O P Q. Public administration education and health,42,6,36
S01009269,R S T U. Other,8,3,5
S01009269,Never worked,55,25,30
S01009270,All people aged 16 to 74 not in employment,191,85,106
S01009270,A B D E. Agriculture energy and water,11,9,2
S01009270,C. Manufacturing,19,12,7
S01009270,F. Construction,17,12,5
S01009270,G I. Distribution hotels and restaurants,39,19,20
S01009270,H J. Transport and communication,18,3,15
S01009270,K L M N. Financial real estate professional and administrative activities,10,3,7
S01009270,O P Q. Public administration education and health,27,7,20
S01009270,R S T U. Other,9,1,8
S01009270,Never worked,41,19,22
S01009271,All people aged 16 to 74 not in employment,225,95,130
S01009271,A B D E. Agriculture energy and water,18,16,2
S01009271,C. Manufacturing,26,16,10
S01009271,F. Construction,8,7,1
S01009271,G I. Distribution hotels and restaurants,42,13,29
S01009271,H J. Transport and communication,10,2,8
S01009271,K L M N. Financial real estate professional and administrative activities,16,7,9
S01009271,O P Q. Public administration education and health,64,17,47
S01009271,R S T U. Other,6,2,4
S01009271,Never worked,35,15,20
S01009272,All people aged 16 to 74 not in employment,209,88,121
S01009272,A B D E. Agriculture energy and water,5,4,1
S01009272,C. Manufacturing,27,11,16
S01009272,F. Construction,17,16,1
S01009272,G I. Distribution hotels and restaurants,33,12,21
S01009272,H J. Transport and communication,18,6,12
S01009272,K L M N. Financial real estate professional and administrative activities,21,10,11
S01009272,O P Q. Public administration education and health,38,10,28
S01009272,R S T U. Other,8,3,5
S01009272,Never worked,42,16,26
S01009273,All people aged 16 to 74 not in employment,144,66,78
S01009273,A B D E. Agriculture energy and water,9,7,2
S01009273,C. Manufacturing,26,15,11
S01009273,F. Construction,4,4,0
S01009273,G I. Distribution hotels and restaurants,18,6,12
S01009273,H J. Transport and communication,8,3,5
S01009273,K L M N. Financial real estate professional and administrative activities,13,4,9
S01009273,O P Q. Public administration education and health,43,15,28
S01009273,R S T U. Other,7,2,5
S01009273,Never worked,16,10,6
S01009274,All people aged 16 to 74 not in employment,194,82,112
S01009274,A B D E. Agriculture energy and water,16,14,2
S01009274,C. Manufacturing,18,10,8
S01009274,F. Construction,12,11,1
S01009274,G I. Distribution hotels and restaurants,27,6,21
S01009274,H J. Transport and communication,12,4,8
S01009274,K L M N. Financial real estate professional and administrative activities,7,3,4
S01009274,O P Q. Public administration education and health,52,9,43
S01009274,R S T U. Other,13,5,8
S01009274,Never worked,37,20,17
S01009275,All people aged 16 to 74 not in employment,199,85,114
S01009275,A B D E. Agriculture energy and water,18,14,4
S01009275,C. Manufacturing,20,10,10
S01009275,F. Construction,10,9,1
S01009275,G I. Distribution hotels and restaurants,25,10,15
S01009275,H J. Transport and communication,15,2,13
S01009275,K L M N. Financial real estate professional and administrative activities,15,8,7
S01009275,O P Q. Public administration education and health,45,11,34
S01009275,R S T U. Other,13,2,11
S01009275,Never worked,38,19,19
S01009276,All people aged 16 to 74 not in employment,277,127,150
S01009276,A B D E. Agriculture energy and water,9,8,1
S01009276,C. Manufacturing,40,26,14
S01009276,F. Construction,15,15,0
S01009276,G I. Distribution hotels and restaurants,59,24,35
S01009276,H J. Transport and communication,12,6,6
S01009276,K L M N. Financial real estate professional and administrative activities,35,13,22
S01009276,O P Q. Public administration education and health,68,18,50
S01009276,R S T U. Other,9,2,7
S01009276,Never worked,30,15,15
S01009277,All people aged 16 to 74 not in employment,130,67,63
S01009277,A B D E. Agriculture energy and water,6,4,2
S01009277,C. Manufacturing,14,13,1
S01009277,F. Construction,8,7,1
S01009277,G I. Distribution hotels and restaurants,16,7,9
S01009277,H J. Transport and communication,9,5,4
S01009277,K L M N. Financial real estate professional and administrative activities,14,6,8
S01009277,O P Q. Public administration education and health,42,12,30
S01009277,R S T U. Other,5,1,4
S01009277,Never worked,16,12,4
S01009278,All people aged 16 to 74 not in employment,105,39,66
S01009278,A B D E. Agriculture energy and water,5,4,1
S01009278,C. Manufacturing,7,2,5
S01009278,F. Construction,2,2,0
S01009278,G I. Distribution hotels and restaurants,25,7,18
S01009278,H J. Transport and communication,5,0,5
S01009278,K L M N. Financial real estate professional and administrative activities,14,7,7
S01009278,O P Q. Public administration education and health,32,10,22
S01009278,R S T U. Other,4,2,2
S01009278,Never worked,11,5,6
S01009279,All people aged 16 to 74 not in employment,174,76,98
S01009279,A B D E. Agriculture energy and water,7,6,1
S01009279,C. Manufacturing,19,12,7
S01009279,F. Construction,14,14,0
S01009279,G I. Distribution hotels and restaurants,28,10,18
S01009279,H J. Transport and communication,11,1,10
S01009279,K L M N. Financial real estate professional and administrative activities,19,6,13
S01009279,O P Q. Public administration education and health,49,14,35
S01009279,R S T U. Other,5,1,4
S01009279,Never worked,22,12,10
S01009280,All people aged 16 to 74 not in employment,339,158,181
S01009280,A B D E. Agriculture energy and water,35,31,4
S01009280,C. Manufacturing,55,20,35
S01009280,F. Construction,42,40,2
S01009280,G I. Distribution hotels and restaurants,39,15,24
S01009280,H J. Transport and communication,26,3,23
S01009280,K L M N. Financial real estate professional and administrative activities,24,12,12
S01009280,O P Q. Public administration education and health,53,10,43
S01009280,R S T U. Other,12,2,10
S01009280,Never worked,53,25,28
S01009281,All people aged 16 to 74 not in employment,327,142,185
S01009281,A B D E. Agriculture energy and water,29,28,1
S01009281,C. Manufacturing,46,20,26
S01009281,F. Construction,38,38,0
S01009281,G I. Distribution hotels and restaurants,48,16,32
S01009281,H J. Transport and communication,23,4,19
S01009281,K L M N. Financial real estate professional and administrative activities,28,9,19
S01009281,O P Q. Public administration education and health,63,12,51
S01009281,R S T U. Other,7,1,6
S01009281,Never worked,45,14,31
S01009282,All people aged 16 to 74 not in employment,219,87,132
S01009282,A B D E. Agriculture energy and water,4,4,0
S01009282,C. Manufacturing,20,14,6
S01009282,F. Construction,17,15,2
S01009282,G I. Distribution hotels and restaurants,24,9,15
S01009282,H J. Transport and communication,22,5,17
S01009282,K L M N. Financial real estate professional and administrative activities,25,6,19
S01009282,O P Q. Public administration education and health,64,17,47
S01009282,R S T U. Other,10,3,7
S01009282,Never worked,33,14,19
S01009283,All people aged 16 to 74 not in employment,75,41,34
S01009283,A B D E. Agriculture energy and water,2,0,2
S01009283,C. Manufacturing,9,7,2
S01009283,F. Construction,6,6,0
S01009283,G I. Distribution hotels and restaurants,7,2,5
S01009283,H J. Transport and communication,7,3,4
S01009283,K L M N. Financial real estate professional and administrative activities,10,5,5
S01009283,O P Q. Public administration education and health,17,6,11
S01009283,R S T U. Other,4,3,1
S01009283,Never worked,13,9,4
S01009284,All people aged 16 to 74 not in employment,157,78,79
S01009284,A B D E. Agriculture energy and water,6,6,0
S01009284,C. Manufacturing,9,7,2
S01009284,F. Construction,13,10,3
S01009284,G I. Distribution hotels and restaurants,27,14,13
S01009284,H J. Transport and communication,7,3,4
S01009284,K L M N. Financial real estate professional and administrative activities,15,7,8
S01009284,O P Q. Public administration education and health,45,11,34
S01009284,R S T U. Other,6,3,3
S01009284,Never worked,29,17,12
S01009285,All people aged 16 to 74 not in employment,196,83,113
S01009285,A B D E. Agriculture energy and water,8,7,1
S01009285,C. Manufacturing,24,16,8
S01009285,F. Construction,9,8,1
S01009285,G I. Distribution hotels and restaurants,31,9,22
S01009285,H J. Transport and communication,10,2,8
S01009285,K L M N. Financial real estate professional and administrative activities,27,9,18
S01009285,O P Q. Public administration education and health,46,12,34
S01009285,R S T U. Other,6,3,3
S01009285,Never worked,35,17,18
S01009286,All people aged 16 to 74 not in employment,202,90,112
S01009286,A B D E. Agriculture energy and water,11,11,0
S01009286,C. Manufacturing,21,14,7
S01009286,F. Construction,14,9,5
S01009286,G I. Distribution hotels and restaurants,37,14,23
S01009286,H J. Transport and communication,11,4,7
S01009286,K L M N. Financial real estate professional and administrative activities,15,6,9
S01009286,O P Q. Public administration education and health,66,19,47
S01009286,R S T U. Other,5,1,4
S01009286,Never worked,22,12,10
S01009287,All people aged 16 to 74 not in employment,217,91,126
S01009287,A B D E. Agriculture energy and water,6,3,3
S01009287,C. Manufacturing,20,15,5
S01009287,F. Construction,11,9,2
S01009287,G I. Distribution hotels and restaurants,27,11,16
S01009287,H J. Transport and communication,14,4,10
S01009287,K L M N. Financial real estate professional and administrative activities,27,15,12
S01009287,O P Q. Public administration education and health,87,26,61
S01009287,R S T U. Other,9,0,9
S01009287,Never worked,16,8,8
S01009288,All people aged 16 to 74 not in employment,232,87,145
S01009288,A B D E. Agriculture energy and water,11,6,5
S01009288,C. Manufacturing,19,13,6
S01009288,F. Construction,14,12,2
S01009288,G I. Distribution hotels and restaurants,31,14,17
S01009288,H J. Transport and communication,17,6,11
S01009288,K L M N. Financial real estate professional and administrative activities,29,8,21
S01009288,O P Q. Public administration education and health,81,16,65
S01009288,R S T U. Other,10,5,5
S01009288,Never worked,20,7,13
S01009289,All people aged 16 to 74 not in employment,244,94,150
S01009289,A B D E. Agriculture energy and water,9,7,2
S01009289,C. Manufacturing,28,17,11
S01009289,F. Construction,18,15,3
S01009289,G I. Distribution hotels and restaurants,41,12,29
S01009289,H J. Transport and communication,16,7,9
S01009289,K L M N. Financial real estate professional and administrative activities,50,16,34
S01009289,O P Q. Public administration education and health,59,10,49
S01009289,R S T U. Other,3,0,3
S01009289,Never worked,20,10,10
S01009290,All people aged 16 to 74 not in employment,188,77,111
S01009290,A B D E. Agriculture energy and water,8,8,0
S01009290,C. Manufacturing,21,16,5
S01009290,F. Construction,5,3,2
S01009290,G I. Distribution hotels and restaurants,29,10,19
S01009290,H J. Transport and communication,7,1,6
S01009290,K L M N. Financial real estate professional and administrative activities,29,13,16
S01009290,O P Q. Public administration education and health,71,16,55
S01009290,R S T U. Other,4,2,2
S01009290,Never worked,14,8,6
S01009291,All people aged 16 to 74 not in employment,243,108,135
S01009291,A B D E. Agriculture energy and water,9,8,1
S01009291,C. Manufacturing,37,27,10
S01009291,F. Construction,13,11,2
S01009291,G I. Distribution hotels and restaurants,45,18,27
S01009291,H J. Transport and communication,17,6,11
S01009291,K L M N. Financial real estate professional and administrative activities,24,1,23
S01009291,O P Q. Public administration education and health,56,19,37
S01009291,R S T U. Other,16,5,11
S01009291,Never worked,26,13,13
S01009292,All people aged 16 to 74 not in employment,148,75,73
S01009292,A B D E. Agriculture energy and water,5,5,0
S01009292,C. Manufacturing,22,10,12
S01009292,F. Construction,11,11,0
S01009292,G I. Distribution hotels and restaurants,27,14,13
S01009292,H J. Transport and communication,16,9,7
S01009292,K L M N. Financial real estate professional and administrative activities,17,8,9
S01009292,O P Q. Public administration education and health,23,5,18
S01009292,R S T U. Other,2,1,1
S01009292,Never worked,25,12,13
S01009293,All people aged 16 to 74 not in employment,133,59,74
S01009293,A B D E. Agriculture energy and water,6,2,4
S01009293,C. Manufacturing,18,11,7
S01009293,F. Construction,10,9,1
S01009293,G I. Distribution hotels and restaurants,22,9,13
S01009293,H J. Transport and communication,6,4,2
S01009293,K L M N. Financial real estate professional and administrative activities,14,5,9
S01009293,O P Q. Public administration education and health,33,9,24
S01009293,R S T U. Other,2,0,2
S01009293,Never worked,22,10,12
S01009294,All people aged 16 to 74 not in employment,130,62,68
S01009294,A B D E. Agriculture energy and water,3,3,0
S01009294,C. Manufacturing,16,11,5
S01009294,F. Construction,8,6,2
S01009294,G I. Distribution hotels and restaurants,26,12,14
S01009294,H J. Transport and communication,10,5,5
S01009294,K L M N. Financial real estate professional and administrative activities,14,4,10
S01009294,O P Q. Public administration education and health,34,8,26
S01009294,R S T U. Other,2,1,1
S01009294,Never worked,17,12,5
S01009295,All people aged 16 to 74 not in employment,153,65,88
S01009295,A B D E. Agriculture energy and water,8,6,2
S01009295,C. Manufacturing,19,11,8
S01009295,F. Construction,9,8,1
S01009295,G I. Distribution hotels and restaurants,21,8,13
S01009295,H J. Transport and communication,12,4,8
S01009295,K L M N. Financial real estate professional and administrative activities,21,8,13
S01009295,O P Q. Public administration education and health,38,6,32
S01009295,R S T U. Other,8,4,4
S01009295,Never worked,17,10,7
S01009296,All people aged 16 to 74 not in employment,111,47,64
S01009296,A B D E. Agriculture energy and water,3,3,0
S01009296,C. Manufacturing,7,4,3
S01009296,F. Construction,4,3,1
S01009296,G I. Distribution hotels and restaurants,25,10,15
S01009296,H J. Transport and communication,10,3,7
S01009296,K L M N. Financial real estate professional and administrative activities,14,4,10
S01009296,O P Q. Public administration education and health,26,7,19
S01009296,R S T U. Other,2,1,1
S01009296,Never worked,20,12,8
S01009297,All people aged 16 to 74 not in employment,166,76,90
S01009297,A B D E. Agriculture energy and water,6,6,0
S01009297,C. Manufacturing,17,11,6
S01009297,F. Construction,12,9,3
S01009297,G I. Distribution hotels and restaurants,24,14,10
S01009297,H J. Transport and communication,2,0,2
S01009297,K L M N. Financial real estate professional and administrative activities,21,8,13
S01009297,O P Q. Public administration education and health,44,10,34
S01009297,R S T U. Other,10,0,10
S01009297,Never worked,30,18,12
S01009298,All people aged 16 to 74 not in employment,298,139,159
S01009298,A B D E. Agriculture energy and water,14,12,2
S01009298,C. Manufacturing,41,22,19
S01009298,F. Construction,25,20,5
S01009298,G I. Distribution hotels and restaurants,51,23,28
S01009298,H J. Transport and communication,23,8,15
S01009298,K L M N. Financial real estate professional and administrative activities,17,3,14
S01009298,O P Q. Public administration education and health,72,20,52
S01009298,R S T U. Other,11,5,6
S01009298,Never worked,44,26,18
S01009299,All people aged 16 to 74 not in employment,203,100,103
S01009299,A B D E. Agriculture energy and water,5,4,1
S01009299,C. Manufacturing,21,15,6
S01009299,F. Construction,15,14,1
S01009299,G I. Distribution hotels and restaurants,22,7,15
S01009299,H J. Transport and communication,21,7,14
S01009299,K L M N. Financial real estate professional and administrative activities,26,12,14
S01009299,O P Q. Public administration education and health,48,14,34
S01009299,R S T U. Other,6,3,3
S01009299,Never worked,39,24,15
S01009300,All people aged 16 to 74 not in employment,132,72,60
S01009300,A B D E. Agriculture energy and water,2,1,1
S01009300,C. Manufacturing,11,8,3
S01009300,F. Construction,10,10,0
S01009300,G I. Distribution hotels and restaurants,26,17,9
S01009300,H J. Transport and communication,10,5,5
S01009300,K L M N. Financial real estate professional and administrative activities,9,4,5
S01009300,O P Q. Public administration education and health,28,8,20
S01009300,R S T U. Other,2,0,2
S01009300,Never worked,34,19,15
S01009301,All people aged 16 to 74 not in employment,304,150,154
S01009301,A B D E. Agriculture energy and water,13,10,3
S01009301,C. Manufacturing,19,11,8
S01009301,F. Construction,20,20,0
S01009301,G I. Distribution hotels and restaurants,54,31,23
S01009301,H J. Transport and communication,42,17,25
S01009301,K L M N. Financial real estate professional and administrative activities,23,11,12
S01009301,O P Q. Public administration education and health,65,24,41
S01009301,R S T U. Other,14,6,8
S01009301,Never worked,54,20,34
S01009302,All people aged 16 to 74 not in employment,280,117,163
S01009302,A B D E. Agriculture energy and water,7,7,0
S01009302,C. Manufacturing,34,16,18
S01009302,F. Construction,26,20,6
S01009302,G I. Distribution hotels and restaurants,51,26,25
S01009302,H J. Transport and communication,19,2,17
S01009302,K L M N. Financial real estate professional and administrative activities,28,8,20
S01009302,O P Q. Public administration education and health,45,13,32
S01009302,R S T U. Other,14,2,12
S01009302,Never worked,56,23,33
S01009303,All people aged 16 to 74 not in employment,205,91,114
S01009303,A B D E. Agriculture energy and water,10,6,4
S01009303,C. Manufacturing,14,12,2
S01009303,F. Construction,15,13,2
S01009303,G I. Distribution hotels and restaurants,23,9,14
S01009303,H J. Transport and communication,13,1,12
S01009303,K L M N. Financial real estate professional and administrative activities,35,13,22
S01009303,O P Q. Public administration education and health,63,22,41
S01009303,R S T U. Other,8,4,4
S01009303,Never worked,24,11,13
S01009304,All people aged 16 to 74 not in employment,241,107,134
S01009304,A B D E. Agriculture energy and water,8,6,2
S01009304,C. Manufacturing,23,17,6
S01009304,F. Construction,11,11,0
S01009304,G I. Distribution hotels and restaurants,44,11,33
S01009304,H J. Transport and communication,19,8,11
S01009304,K L M N. Financial real estate professional and administrative activities,32,12,20
S01009304,O P Q. Public administration education and health,64,23,41
S01009304,R S T U. Other,10,4,6
S01009304,Never worked,30,15,15
S01009305,All people aged 16 to 74 not in employment,205,100,105
S01009305,A B D E. Agriculture energy and water,5,3,2
S01009305,C. Manufacturing,19,12,7
S01009305,F. Construction,16,14,2
S01009305,G I. Distribution hotels and restaurants,41,23,18
S01009305,H J. Transport and communication,18,10,8
S01009305,K L M N. Financial real estate professional and administrative activities,19,8,11
S01009305,O P Q. Public administration education and health,59,21,38
S01009305,R S T U. Other,11,2,9
S01009305,Never worked,17,7,10
S01009306,All people aged 16 to 74 not in employment,258,122,136
S01009306,A B D E. Agriculture energy and water,7,6,1
S01009306,C. Manufacturing,22,12,10
S01009306,F. Construction,18,16,2
S01009306,G I. Distribution hotels and restaurants,43,26,17
S01009306,H J. Transport and communication,27,11,16
S01009306,K L M N. Financial real estate professional and administrative activities,35,16,19
S01009306,O P Q. Public administration education and health,50,9,41
S01009306,R S T U. Other,9,2,7
S01009306,Never worked,47,24,23
S01009307,All people aged 16 to 74 not in employment,268,139,129
S01009307,A B D E. Agriculture energy and water,2,2,0
S01009307,C. Manufacturing,27,17,10
S01009307,F. Construction,24,22,2
S01009307,G I. Distribution hotels and restaurants,39,22,17
S01009307,H J. Transport and communication,33,17,16
S01009307,K L M N. Financial real estate professional and administrative activities,39,20,19
S01009307,O P Q. Public administration education and health,58,17,41
S01009307,R S T U. Other,9,5,4
S01009307,Never worked,37,17,20
S01009308,All people aged 16 to 74 not in employment,102,56,46
S01009308,A B D E. Agriculture energy and water,3,3,0
S01009308,C. Manufacturing,5,4,1
S01009308,F. Construction,5,5,0
S01009308,G I. Distribution hotels and restaurants,12,4,8
S01009308,H J. Transport and communication,7,4,3
S01009308,K L M N. Financial real estate professional and administrative activities,21,15,6
S01009308,O P Q. Public administration education and health,27,10,17
S01009308,R S T U. Other,4,1,3
S01009308,Never worked,18,10,8
S01009309,All people aged 16 to 74 not in employment,142,63,79
S01009309,A B D E. Agriculture energy and water,9,7,2
S01009309,C. Manufacturing,10,8,2
S01009309,F. Construction,10,9,1
S01009309,G I. Distribution hotels and restaurants,17,6,11
S01009309,H J. Transport and communication,14,4,10
S01009309,K L M N. Financial real estate professional and administrative activities,23,10,13
S01009309,O P Q. Public administration education and health,38,11,27
S01009309,R S T U. Other,1,0,1
S01009309,Never worked,20,8,12
S01009310,All people aged 16 to 74 not in employment,254,107,147
S01009310,A B D E. Agriculture energy and water,4,4,0
S01009310,C. Manufacturing,22,12,10
S01009310,F. Construction,12,11,1
S01009310,G I. Distribution hotels and restaurants,38,16,22
S01009310,H J. Transport and communication,13,6,7
S01009310,K L M N. Financial real estate professional and administrative activities,39,16,23
S01009310,O P Q. Public administration education and health,76,23,53
S01009310,R S T U. Other,11,2,9
S01009310,Never worked,39,17,22
S01009311,All people aged 16 to 74 not in employment,237,96,141
S01009311,A B D E. Agriculture energy and water,9,7,2
S01009311,C. Manufacturing,17,11,6
S01009311,F. Construction,16,14,2
S01009311,G I. Distribution hotels and restaurants,52,23,29
S01009311,H J. Transport and communication,29,8,21
S01009311,K L M N. Financial real estate professional and administrative activities,28,8,20
S01009311,O P Q. Public administration education and health,28,3,25
S01009311,R S T U. Other,7,2,5
S01009311,Never worked,51,20,31
S01009312,All people aged 16 to 74 not in employment,138,57,81
S01009312,A B D E. Agriculture energy and water,2,2,0
S01009312,C. Manufacturing,6,2,4
S01009312,F. Construction,9,8,1
S01009312,G I. Distribution hotels and restaurants,22,9,13
S01009312,H J. Transport and communication,18,5,13
S01009312,K L M N. Financial real estate professional and administrative activities,13,5,8
S01009312,O P Q. Public administration education and health,32,12,20
S01009312,R S T U. Other,8,2,6
S01009312,Never worked,28,12,16
S01009313,All people aged 16 to 74 not in employment,164,73,91
S01009313,A B D E. Agriculture energy and water,2,2,0
S01009313,C. Manufacturing,13,5,8
S01009313,F. Construction,14,13,1
S01009313,G I. Distribution hotels and restaurants,26,10,16
S01009313,H J. Transport and communication,13,6,7
S01009313,K L M N. Financial real estate professional and administrative activities,15,6,9
S01009313,O P Q. Public administration education and health,42,13,29
S01009313,R S T U. Other,6,4,2
S01009313,Never worked,33,14,19
S01009314,All people aged 16 to 74 not in employment,177,89,88
S01009314,A B D E. Agriculture energy and water,5,4,1
S01009314,C. Manufacturing,20,15,5
S01009314,F. Construction,10,7,3
S01009314,G I. Distribution hotels and restaurants,23,7,16
S01009314,H J. Transport and communication,15,11,4
S01009314,K L M N. Financial real estate professional and administrative activities,27,10,17
S01009314,O P Q. Public administration education and health,42,16,26
S01009314,R S T U. Other,9,4,5
S01009314,Never worked,26,15,11
S01009315,All people aged 16 to 74 not in employment,192,86,106
S01009315,A B D E. Agriculture energy and water,5,4,1
S01009315,C. Manufacturing,21,13,8
S01009315,F. Construction,16,14,2
S01009315,G I. Distribution hotels and restaurants,40,18,22
S01009315,H J. Transport and communication,16,3,13
S01009315,K L M N. Financial real estate professional and administrative activities,18,5,13
S01009315,O P Q. Public administration education and health,31,8,23
S01009315,R S T U. Other,9,3,6
S01009315,Never worked,36,18,18
S01009316,All people aged 16 to 74 not in employment,165,76,89
S01009316,A B D E. Agriculture energy and water,6,5,1
S01009316,C. Manufacturing,16,12,4
S01009316,F. Construction,10,9,1
S01009316,G I. Distribution hotels and restaurants,9,3,6
S01009316,H J. Transport and communication,9,5,4
S01009316,K L M N. Financial real estate professional and administrative activities,28,9,19
S01009316,O P Q. Public administration education and health,47,15,32
S01009316,R S T U. Other,11,6,5
S01009316,Never worked,29,12,17
S01009317,All people aged 16 to 74 not in employment,209,91,118
S01009317,A B D E. Agriculture energy and water,5,5,0
S01009317,C. Manufacturing,17,13,4
S01009317,F. Construction,10,8,2
S01009317,G I. Distribution hotels and restaurants,24,7,17
S01009317,H J. Transport and communication,13,6,7
S01009317,K L M N. Financial real estate professional and administrative activities,41,11,30
S01009317,O P Q. Public administration education and health,67,21,46
S01009317,R S T U. Other,5,1,4
S01009317,Never worked,27,19,8
S01009318,All people aged 16 to 74 not in employment,126,53,73
S01009318,A B D E. Agriculture energy and water,3,2,1
S01009318,C. Manufacturing,9,7,2
S01009318,F. Construction,6,4,2
S01009318,G I. Distribution hotels and restaurants,24,9,15
S01009318,H J. Transport and communication,8,2,6
S01009318,K L M N. Financial real estate professional and administrative activities,17,10,7
S01009318,O P Q. Public administration education and health,42,13,29
S01009318,R S T U. Other,4,1,3
S01009318,Never worked,13,5,8
S01009319,All people aged 16 to 74 not in employment,249,104,145
S01009319,A B D E. Agriculture energy and water,4,2,2
S01009319,C. Manufacturing,24,17,7
S01009319,F. Construction,12,8,4
S01009319,G I. Distribution hotels and restaurants,37,12,25
S01009319,H J. Transport and communication,14,7,7
S01009319,K L M N. Financial real estate professional and administrative activities,36,15,21
S01009319,O P Q. Public administration education and health,89,30,59
S01009319,R S T U. Other,15,5,10
S01009319,Never worked,18,8,10
S01009320,All people aged 16 to 74 not in employment,167,61,106
S01009320,A B D E. Agriculture energy and water,2,2,0
S01009320,C. Manufacturing,23,13,10
S01009320,F. Construction,5,5,0
S01009320,G I. Distribution hotels and restaurants,37,12,25
S01009320,H J. Transport and communication,16,2,14
S01009320,K L M N. Financial real estate professional and administrative activities,20,8,12
S01009320,O P Q. Public administration education and health,43,10,33
S01009320,R S T U. Other,5,2,3
S01009320,Never worked,16,7,9
S01009321,All people aged 16 to 74 not in employment,203,75,128
S01009321,A B D E. Agriculture energy and water,6,6,0
S01009321,C. Manufacturing,24,13,11
S01009321,F. Construction,4,3,1
S01009321,G I. Distribution hotels and restaurants,37,10,27
S01009321,H J. Transport and communication,20,8,12
S01009321,K L M N. Financial real estate professional and administrative activities,40,13,27
S01009321,O P Q. Public administration education and health,56,17,39
S01009321,R S T U. Other,5,0,5
S01009321,Never worked,11,5,6
S01009322,All people aged 16 to 74 not in employment,226,95,131
S01009322,A B D E. Agriculture energy and water,8,7,1
S01009322,C. Manufacturing,13,9,4
S01009322,F. Construction,14,14,0
S01009322,G I. Distribution hotels and restaurants,40,17,23
S01009322,H J. Transport and communication,16,7,9
S01009322,K L M N. Financial real estate professional and administrative activities,31,8,23
S01009322,O P Q. Public administration education and health,70,23,47
S01009322,R S T U. Other,12,2,10
S01009322,Never worked,22,8,14
S01009323,All people aged 16 to 74 not in employment,195,83,112
S01009323,A B D E. Agriculture energy and water,10,10,0
S01009323,C. Manufacturing,22,13,9
S01009323,F. Construction,17,15,2
S01009323,G I. Distribution hotels and restaurants,25,10,15
S01009323,H J. Transport and communication,8,1,7
S01009323,K L M N. Financial real estate professional and administrative activities,18,6,12
S01009323,O P Q. Public administration education and health,61,15,46
S01009323,R S T U. Other,11,1,10
S01009323,Never worked,23,12,11
S01009324,All people aged 16 to 74 not in employment,135,65,70
S01009324,A B D E. Agriculture energy and water,3,3,0
S01009324,C. Manufacturing,22,13,9
S01009324,F. Construction,18,16,2
S01009324,G I. Distribution hotels and restaurants,27,10,17
S01009324,H J. Transport and communication,12,3,9
S01009324,K L M N. Financial real estate professional and administrative activities,15,5,10
S01009324,O P Q. Public administration education and health,19,5,14
S01009324,R S T U. Other,4,2,2
S01009324,Never worked,15,8,7
S01009325,All people aged 16 to 74 not in employment,117,43,74
S01009325,A B D E. Agriculture energy and water,2,2,0
S01009325,C. Manufacturing,15,10,5
S01009325,F. Construction,8,5,3
S01009325,G I. Distribution hotels and restaurants,19,6,13
S01009325,H J. Transport and communication,10,5,5
S01009325,K L M N. Financial real estate professional and administrative activities,14,4,10
S01009325,O P Q. Public administration education and health,29,5,24
S01009325,R S T U. Other,5,1,4
S01009325,Never worked,15,5,10
S01009326,All people aged 16 to 74 not in employment,114,58,56
S01009326,A B D E. Agriculture energy and water,3,2,1
S01009326,C. Manufacturing,15,10,5
S01009326,F. Construction,4,3,1
S01009326,G I. Distribution hotels and restaurants,9,6,3
S01009326,H J. Transport and communication,9,6,3
S01009326,K L M N. Financial real estate professional and administrative activities,8,1,7
S01009326,O P Q. Public administration education and health,19,3,16
S01009326,R S T U. Other,9,1,8
S01009326,Never worked,38,26,12
S01009327,All people aged 16 to 74 not in employment,174,69,105
S01009327,A B D E. Agriculture energy and water,5,4,1
S01009327,C. Manufacturing,18,12,6
S01009327,F. Construction,12,12,0
S01009327,G I. Distribution hotels and restaurants,30,9,21
S01009327,H J. Transport and communication,10,2,8
S01009327,K L M N. Financial real estate professional and administrative activities,19,3,16
S01009327,O P Q. Public administration education and health,55,17,38
S01009327,R S T U. Other,6,2,4
S01009327,Never worked,19,8,11
S01009328,All people aged 16 to 74 not in employment,53,23,30
S01009328,A B D E. Agriculture energy and water,1,0,1
S01009328,C. Manufacturing,0,0,0
S01009328,F. Construction,3,2,1
S01009328,G I. Distribution hotels and restaurants,10,5,5
S01009328,H J. Transport and communication,4,1,3
S01009328,K L M N. Financial real estate professional and administrative activities,9,3,6
S01009328,O P Q. Public administration education and health,11,4,7
S01009328,R S T U. Other,5,2,3
S01009328,Never worked,10,6,4
S01009329,All people aged 16 to 74 not in employment,47,14,33
S01009329,A B D E. Agriculture energy and water,0,0,0
S01009329,C. Manufacturing,4,3,1
S01009329,F. Construction,4,3,1
S01009329,G I. Distribution hotels and restaurants,5,1,4
S01009329,H J. Transport and communication,6,2,4
S01009329,K L M N. Financial real estate professional and administrative activities,7,2,5
S01009329,O P Q. Public administration education and health,12,1,11
S01009329,R S T U. Other,3,0,3
S01009329,Never worked,6,2,4
S01009330,All people aged 16 to 74 not in employment,97,38,59
S01009330,A B D E. Agriculture energy and water,0,0,0
S01009330,C. Manufacturing,8,4,4
S01009330,F. Construction,4,4,0
S01009330,G I. Distribution hotels and restaurants,23,9,14
S01009330,H J. Transport and communication,8,4,4
S01009330,K L M N. Financial real estate professional and administrative activities,13,3,10
S01009330,O P Q. Public administration education and health,24,5,19
S01009330,R S T U. Other,2,1,1
S01009330,Never worked,15,8,7
S01009331,All people aged 16 to 74 not in employment,71,24,47
S01009331,A B D E. Agriculture energy and water,0,0,0
S01009331,C. Manufacturing,1,1,0
S01009331,F. Construction,4,3,1
S01009331,G I. Distribution hotels and restaurants,15,5,10
S01009331,H J. Transport and communication,6,2,4
S01009331,K L M N. Financial real estate professional and administrative activities,10,3,7
S01009331,O P Q. Public administration education and health,14,2,12
S01009331,R S T U. Other,3,0,3
S01009331,Never worked,18,8,10
S01009332,All people aged 16 to 74 not in employment,227,113,114
S01009332,A B D E. Agriculture energy and water,8,7,1
S01009332,C. Manufacturing,14,13,1
S01009332,F. Construction,9,8,1
S01009332,G I. Distribution hotels and restaurants,34,15,19
S01009332,H J. Transport and communication,11,6,5
S01009332,K L M N. Financial real estate professional and administrative activities,32,13,19
S01009332,O P Q. Public administration education and health,70,25,45
S01009332,R S T U. Other,9,3,6
S01009332,Never worked,40,23,17
S01009333,All people aged 16 to 74 not in employment,172,87,85
S01009333,A B D E. Agriculture energy and water,6,5,1
S01009333,C. Manufacturing,19,13,6
S01009333,F. Construction,8,7,1
S01009333,G I. Distribution hotels and restaurants,37,16,21
S01009333,H J. Transport and communication,24,12,12
S01009333,K L M N. Financial real estate professional and administrative activities,14,7,7
S01009333,O P Q. Public administration education and health,30,8,22
S01009333,R S T U. Other,8,4,4
S01009333,Never worked,26,15,11
S01009334,All people aged 16 to 74 not in employment,235,114,121
S01009334,A B D E. Agriculture energy and water,5,5,0
S01009334,C. Manufacturing,32,21,11
S01009334,F. Construction,15,15,0
S01009334,G I. Distribution hotels and restaurants,32,13,19
S01009334,H J. Transport and communication,21,4,17
S01009334,K L M N. Financial real estate professional and administrative activities,31,16,15
S01009334,O P Q. Public administration education and health,46,13,33
S01009334,R S T U. Other,6,1,5
S01009334,Never worked,47,26,21
S01009335,All people aged 16 to 74 not in employment,245,121,124
S01009335,A B D E. Agriculture energy and water,3,3,0
S01009335,C. Manufacturing,25,15,10
S01009335,F. Construction,19,18,1
S01009335,G I. Distribution hotels and restaurants,38,16,22
S01009335,H J. Transport and communication,24,9,15
S01009335,K L M N. Financial real estate professional and administrative activities,28,13,15
S01009335,O P Q. Public administration education and health,43,16,27
S01009335,R S T U. Other,12,5,7
S01009335,Never worked,53,26,27
S01009336,All people aged 16 to 74 not in employment,250,108,142
S01009336,A B D E. Agriculture energy and water,7,7,0
S01009336,C. Manufacturing,22,10,12
S01009336,F. Construction,15,14,1
S01009336,G I. Distribution hotels and restaurants,64,28,36
S01009336,H J. Transport and communication,30,7,23
S01009336,K L M N. Financial real estate professional and administrative activities,29,10,19
S01009336,O P Q. Public administration education and health,31,8,23
S01009336,R S T U. Other,4,1,3
S01009336,Never worked,48,23,25
S01009337,All people aged 16 to 74 not in employment,234,108,126
S01009337,A B D E. Agriculture energy and water,4,4,0
S01009337,C. Manufacturing,30,18,12
S01009337,F. Construction,17,16,1
S01009337,G I. Distribution hotels and restaurants,41,26,15
S01009337,H J. Transport and communication,24,7,17
S01009337,K L M N. Financial real estate professional and administrative activities,25,11,14
S01009337,O P Q. Public administration education and health,32,3,29
S01009337,R S T U. Other,7,1,6
S01009337,Never worked,54,22,32
S01009338,All people aged 16 to 74 not in employment,276,134,142
S01009338,A B D E. Agriculture energy and water,4,4,0
S01009338,C. Manufacturing,23,14,9
S01009338,F. Construction,25,24,1
S01009338,G I. Distribution hotels and restaurants,50,21,29
S01009338,H J. Transport and communication,19,6,13
S01009338,K L M N. Financial real estate professional and administrative activities,43,20,23
S01009338,O P Q. Public administration education and health,58,17,41
S01009338,R S T U. Other,4,3,1
S01009338,Never worked,50,25,25
S01009339,All people aged 16 to 74 not in employment,272,129,143
S01009339,A B D E. Agriculture energy and water,2,2,0
S01009339,C. Manufacturing,31,17,14
S01009339,F. Construction,31,28,3
S01009339,G I. Distribution hotels and restaurants,52,24,28
S01009339,H J. Transport and communication,18,3,15
S01009339,K L M N. Financial real estate professional and administrative activities,33,11,22
S01009339,O P Q. Public administration education and health,34,14,20
S01009339,R S T U. Other,14,4,10
S01009339,Never worked,57,26,31
S01009340,All people aged 16 to 74 not in employment,168,79,89
S01009340,A B D E. Agriculture energy and water,5,4,1
S01009340,C. Manufacturing,14,10,4
S01009340,F. Construction,11,11,0
S01009340,G I. Distribution hotels and restaurants,37,14,23
S01009340,H J. Transport and communication,17,4,13
S01009340,K L M N. Financial real estate professional and administrative activities,19,7,12
S01009340,O P Q. Public administration education and health,33,12,21
S01009340,R S T U. Other,6,2,4
S01009340,Never worked,26,15,11
S01009341,All people aged 16 to 74 not in employment,189,81,108
S01009341,A B D E. Agriculture energy and water,6,6,0
S01009341,C. Manufacturing,17,6,11
S01009341,F. Construction,12,9,3
S01009341,G I. Distribution hotels and restaurants,40,15,25
S01009341,H J. Transport and communication,23,7,16
S01009341,K L M N. Financial real estate professional and administrative activities,18,7,11
S01009341,O P Q. Public administration education and health,32,9,23
S01009341,R S T U. Other,1,1,0
S01009341,Never worked,40,21,19
S01009342,All people aged 16 to 74 not in employment,198,90,108
S01009342,A B D E. Agriculture energy and water,2,2,0
S01009342,C. Manufacturing,22,13,9
S01009342,F. Construction,14,13,1
S01009342,G I. Distribution hotels and restaurants,37,16,21
S01009342,H J. Transport and communication,28,9,19
S01009342,K L M N. Financial real estate professional and administrative activities,21,8,13
S01009342,O P Q. Public administration education and health,29,7,22
S01009342,R S T U. Other,7,4,3
S01009342,Never worked,38,18,20
S01009343,All people aged 16 to 74 not in employment,135,60,75
S01009343,A B D E. Agriculture energy and water,2,2,0
S01009343,C. Manufacturing,16,10,6
S01009343,F. Construction,8,7,1
S01009343,G I. Distribution hotels and restaurants,26,9,17
S01009343,H J. Transport and communication,13,3,10
S01009343,K L M N. Financial real estate professional and administrative activities,26,12,14
S01009343,O P Q. Public administration education and health,22,6,16
S01009343,R S T U. Other,5,3,2
S01009343,Never worked,17,8,9
S01009344,All people aged 16 to 74 not in employment,194,86,108
S01009344,A B D E. Agriculture energy and water,5,4,1
S01009344,C. Manufacturing,22,12,10
S01009344,F. Construction,15,14,1
S01009344,G I. Distribution hotels and restaurants,37,13,24
S01009344,H J. Transport and communication,15,6,9
S01009344,K L M N. Financial real estate professional and administrative activities,32,15,17
S01009344,O P Q. Public administration education and health,30,7,23
S01009344,R S T U. Other,8,2,6
S01009344,Never worked,30,13,17
S01009345,All people aged 16 to 74 not in employment,222,98,124
S01009345,A B D E. Agriculture energy and water,7,5,2
S01009345,C. Manufacturing,28,19,9
S01009345,F. Construction,14,14,0
S01009345,G I. Distribution hotels and restaurants,42,19,23
S01009345,H J. Transport and communication,17,5,12
S01009345,K L M N. Financial real estate professional and administrative activities,17,3,14
S01009345,O P Q. Public administration education and health,45,8,37
S01009345,R S T U. Other,12,4,8
S01009345,Never worked,40,21,19
S01009346,All people aged 16 to 74 not in employment,72,26,46
S01009346,A B D E. Agriculture energy and water,1,1,0
S01009346,C. Manufacturing,4,2,2
S01009346,F. Construction,1,0,1
S01009346,G I. Distribution hotels and restaurants,13,5,8
S01009346,H J. Transport and communication,12,4,8
S01009346,K L M N. Financial real estate professional and administrative activities,7,2,5
S01009346,O P Q. Public administration education and health,12,4,8
S01009346,R S T U. Other,6,0,6
S01009346,Never worked,16,8,8
S01009347,All people aged 16 to 74 not in employment,87,30,57
S01009347,A B D E. Agriculture energy and water,2,2,0
S01009347,C. Manufacturing,9,6,3
S01009347,F. Construction,5,4,1
S01009347,G I. Distribution hotels and restaurants,9,1,8
S01009347,H J. Transport and communication,4,1,3
S01009347,K L M N. Financial real estate professional and administrative activities,14,3,11
S01009347,O P Q. Public administration education and health,25,2,23
S01009347,R S T U. Other,5,1,4
S01009347,Never worked,14,10,4
S01009348,All people aged 16 to 74 not in employment,55,16,39
S01009348,A B D E. Agriculture energy and water,1,0,1
S01009348,C. Manufacturing,0,0,0
S01009348,F. Construction,2,2,0
S01009348,G I. Distribution hotels and restaurants,12,3,9
S01009348,H J. Transport and communication,6,2,4
S01009348,K L M N. Financial real estate professional and administrative activities,6,0,6
S01009348,O P Q. Public administration education and health,9,1,8
S01009348,R S T U. Other,4,1,3
S01009348,Never worked,15,7,8
S01009349,All people aged 16 to 74 not in employment,96,42,54
S01009349,A B D E. Agriculture energy and water,0,0,0
S01009349,C. Manufacturing,5,4,1
S01009349,F. Construction,4,4,0
S01009349,G I. Distribution hotels and restaurants,21,6,15
S01009349,H J. Transport and communication,12,4,8
S01009349,K L M N. Financial real estate professional and administrative activities,12,3,9
S01009349,O P Q. Public administration education and health,20,8,12
S01009349,R S T U. Other,5,2,3
S01009349,Never worked,17,11,6
S01009350,All people aged 16 to 74 not in employment,91,35,56
S01009350,A B D E. Agriculture energy and water,0,0,0
S01009350,C. Manufacturing,4,3,1
S01009350,F. Construction,3,2,1
S01009350,G I. Distribution hotels and restaurants,15,3,12
S01009350,H J. Transport and communication,11,6,5
S01009350,K L M N. Financial real estate professional and administrative activities,16,3,13
S01009350,O P Q. Public administration education and health,14,4,10
S01009350,R S T U. Other,1,0,1
S01009350,Never worked,27,14,13
S01009351,All people aged 16 to 74 not in employment,55,24,31
S01009351,A B D E. Agriculture energy and water,0,0,0
S01009351,C. Manufacturing,3,2,1
S01009351,F. Construction,0,0,0
S01009351,G I. Distribution hotels and restaurants,10,4,6
S01009351,H J. Transport and communication,8,4,4
S01009351,K L M N. Financial real estate professional and administrative activities,10,3,7
S01009351,O P Q. Public administration education and health,10,4,6
S01009351,R S T U. Other,1,0,1
S01009351,Never worked,13,7,6
S01009352,All people aged 16 to 74 not in employment,87,35,52
S01009352,A B D E. Agriculture energy and water,2,2,0
S01009352,C. Manufacturing,4,3,1
S01009352,F. Construction,1,1,0
S01009352,G I. Distribution hotels and restaurants,16,4,12
S01009352,H J. Transport and communication,10,3,7
S01009352,K L M N. Financial real estate professional and administrative activities,17,5,12
S01009352,O P Q. Public administration education and health,10,1,9
S01009352,R S T U. Other,2,0,2
S01009352,Never worked,25,16,9
S01009353,All people aged 16 to 74 not in employment,50,15,35
S01009353,A B D E. Agriculture energy and water,1,1,0
S01009353,C. Manufacturing,5,2,3
S01009353,F. Construction,3,1,2
S01009353,G I. Distribution hotels and restaurants,12,2,10
S01009353,H J. Transport and communication,1,1,0
S01009353,K L M N. Financial real estate professional and administrative activities,9,3,6
S01009353,O P Q. Public administration education and health,8,2,6
S01009353,R S T U. Other,1,0,1
S01009353,Never worked,10,3,7
S01009354,All people aged 16 to 74 not in employment,114,42,72
S01009354,A B D E. Agriculture energy and water,2,2,0
S01009354,C. Manufacturing,8,3,5
S01009354,F. Construction,7,5,2
S01009354,G I. Distribution hotels and restaurants,17,5,12
S01009354,H J. Transport and communication,4,1,3
S01009354,K L M N. Financial real estate professional and administrative activities,19,6,13
S01009354,O P Q. Public administration education and health,14,5,9
S01009354,R S T U. Other,7,1,6
S01009354,Never worked,36,14,22
S01009355,All people aged 16 to 74 not in employment,230,98,132
S01009355,A B D E. Agriculture energy and water,8,7,1
S01009355,C. Manufacturing,28,20,8
S01009355,F. Construction,8,7,1
S01009355,G I. Distribution hotels and restaurants,27,6,21
S01009355,H J. Transport and communication,16,5,11
S01009355,K L M N. Financial real estate professional and administrative activities,30,6,24
S01009355,O P Q. Public administration education and health,86,35,51
S01009355,R S T U. Other,6,2,4
S01009355,Never worked,21,10,11
S01009356,All people aged 16 to 74 not in employment,252,106,146
S01009356,A B D E. Agriculture energy and water,8,5,3
S01009356,C. Manufacturing,31,20,11
S01009356,F. Construction,13,10,3
S01009356,G I. Distribution hotels and restaurants,43,16,27
S01009356,H J. Transport and communication,6,1,5
S01009356,K L M N. Financial real estate professional and administrative activities,35,6,29
S01009356,O P Q. Public administration education and health,79,31,48
S01009356,R S T U. Other,8,3,5
S01009356,Never worked,29,14,15
S01009357,All people aged 16 to 74 not in employment,74,32,42
S01009357,A B D E. Agriculture energy and water,2,2,0
S01009357,C. Manufacturing,2,1,1
S01009357,F. Construction,5,5,0
S01009357,G I. Distribution hotels and restaurants,15,5,10
S01009357,H J. Transport and communication,3,1,2
S01009357,K L M N. Financial real estate professional and administrative activities,13,4,9
S01009357,O P Q. Public administration education and health,20,7,13
S01009357,R S T U. Other,3,2,1
S01009357,Never worked,11,5,6
S01009358,All people aged 16 to 74 not in employment,150,60,90
S01009358,A B D E. Agriculture energy and water,4,3,1
S01009358,C. Manufacturing,11,5,6
S01009358,F. Construction,8,7,1
S01009358,G I. Distribution hotels and restaurants,22,7,15
S01009358,H J. Transport and communication,9,4,5
S01009358,K L M N. Financial real estate professional and administrative activities,34,8,26
S01009358,O P Q. Public administration education and health,30,9,21
S01009358,R S T U. Other,8,4,4
S01009358,Never worked,24,13,11
S01009359,All people aged 16 to 74 not in employment,128,44,84
S01009359,A B D E. Agriculture energy and water,0,0,0
S01009359,C. Manufacturing,7,2,5
S01009359,F. Construction,6,6,0
S01009359,G I. Distribution hotels and restaurants,15,6,9
S01009359,H J. Transport and communication,17,6,11
S01009359,K L M N. Financial real estate professional and administrative activities,17,3,14
S01009359,O P Q. Public administration education and health,35,8,27
S01009359,R S T U. Other,8,2,6
S01009359,Never worked,23,11,12
S01009360,All people aged 16 to 74 not in employment,207,91,116
S01009360,A B D E. Agriculture energy and water,8,7,1
S01009360,C. Manufacturing,25,17,8
S01009360,F. Construction,7,4,3
S01009360,G I. Distribution hotels and restaurants,32,13,19
S01009360,H J. Transport and communication,17,6,11
S01009360,K L M N. Financial real estate professional and administrative activities,25,9,16
S01009360,O P Q. Public administration education and health,60,17,43
S01009360,R S T U. Other,8,4,4
S01009360,Never worked,25,14,11
S01009361,All people aged 16 to 74 not in employment,199,84,115
S01009361,A B D E. Agriculture energy and water,3,2,1
S01009361,C. Manufacturing,20,14,6
S01009361,F. Construction,9,9,0
S01009361,G I. Distribution hotels and restaurants,36,14,22
S01009361,H J. Transport and communication,18,3,15
S01009361,K L M N. Financial real estate professional and administrative activities,28,11,17
S01009361,O P Q. Public administration education and health,52,16,36
S01009361,R S T U. Other,4,0,4
S01009361,Never worked,29,15,14
S01009362,All people aged 16 to 74 not in employment,259,108,151
S01009362,A B D E. Agriculture energy and water,8,6,2
S01009362,C. Manufacturing,26,18,8
S01009362,F. Construction,8,7,1
S01009362,G I. Distribution hotels and restaurants,40,10,30
S01009362,H J. Transport and communication,14,2,12
S01009362,K L M N. Financial real estate professional and administrative activities,26,9,17
S01009362,O P Q. Public administration education and health,90,35,55
S01009362,R S T U. Other,11,1,10
S01009362,Never worked,36,20,16
S01009363,All people aged 16 to 74 not in employment,234,112,122
S01009363,A B D E. Agriculture energy and water,2,1,1
S01009363,C. Manufacturing,34,17,17
S01009363,F. Construction,18,16,2
S01009363,G I. Distribution hotels and restaurants,50,28,22
S01009363,H J. Transport and communication,23,6,17
S01009363,K L M N. Financial real estate professional and administrative activities,19,9,10
S01009363,O P Q. Public administration education and health,48,16,32
S01009363,R S T U. Other,9,4,5
S01009363,Never worked,31,15,16
S01009364,All people aged 16 to 74 not in employment,186,89,97
S01009364,A B D E. Agriculture energy and water,4,4,0
S01009364,C. Manufacturing,25,17,8
S01009364,F. Construction,12,10,2
S01009364,G I. Distribution hotels and restaurants,37,19,18
S01009364,H J. Transport and communication,20,7,13
S01009364,K L M N. Financial real estate professional and administrative activities,16,5,11
S01009364,O P Q. Public administration education and health,33,8,25
S01009364,R S T U. Other,7,2,5
S01009364,Never worked,32,17,15
S01009365,All people aged 16 to 74 not in employment,161,72,89
S01009365,A B D E. Agriculture energy and water,1,1,0
S01009365,C. Manufacturing,21,14,7
S01009365,F. Construction,17,17,0
S01009365,G I. Distribution hotels and restaurants,40,14,26
S01009365,H J. Transport and communication,9,1,8
S01009365,K L M N. Financial real estate professional and administrative activities,14,3,11
S01009365,O P Q. Public administration education and health,32,12,20
S01009365,R S T U. Other,2,1,1
S01009365,Never worked,25,9,16
S01009366,All people aged 16 to 74 not in employment,214,102,112
S01009366,A B D E. Agriculture energy and water,4,4,0
S01009366,C. Manufacturing,35,23,12
S01009366,F. Construction,16,13,3
S01009366,G I. Distribution hotels and restaurants,43,22,21
S01009366,H J. Transport and communication,27,12,15
S01009366,K L M N. Financial real estate professional and administrative activities,14,2,12
S01009366,O P Q. Public administration education and health,46,14,32
S01009366,R S T U. Other,4,2,2
S01009366,Never worked,25,10,15
S01009367,All people aged 16 to 74 not in employment,168,84,84
S01009367,A B D E. Agriculture energy and water,6,6,0
S01009367,C. Manufacturing,33,21,12
S01009367,F. Construction,11,10,1
S01009367,G I. Distribution hotels and restaurants,27,14,13
S01009367,H J. Transport and communication,11,2,9
S01009367,K L M N. Financial real estate professional and administrative activities,20,5,15
S01009367,O P Q. Public administration education and health,33,15,18
S01009367,R S T U. Other,6,2,4
S01009367,Never worked,21,9,12
S01009368,All people aged 16 to 74 not in employment,150,62,88
S01009368,A B D E. Agriculture energy and water,1,1,0
S01009368,C. Manufacturing,21,12,9
S01009368,F. Construction,12,11,1
S01009368,G I. Distribution hotels and restaurants,25,9,16
S01009368,H J. Transport and communication,20,5,15
S01009368,K L M N. Financial real estate professional and administrative activities,23,10,13
S01009368,O P Q. Public administration education and health,24,6,18
S01009368,R S T U. Other,3,0,3
S01009368,Never worked,21,8,13
S01009369,All people aged 16 to 74 not in employment,133,58,75
S01009369,A B D E. Agriculture energy and water,1,1,0
S01009369,C. Manufacturing,17,14,3
S01009369,F. Construction,4,3,1
S01009369,G I. Distribution hotels and restaurants,21,6,15
S01009369,H J. Transport and communication,11,2,9
S01009369,K L M N. Financial real estate professional and administrative activities,16,6,10
S01009369,O P Q. Public administration education and health,30,10,20
S01009369,R S T U. Other,0,0,0
S01009369,Never worked,33,16,17
S01009370,All people aged 16 to 74 not in employment,253,115,138
S01009370,A B D E. Agriculture energy and water,5,5,0
S01009370,C. Manufacturing,35,22,13
S01009370,F. Construction,18,17,1
S01009370,G I. Distribution hotels and restaurants,43,19,24
S01009370,H J. Transport and communication,25,8,17
S01009370,K L M N. Financial real estate professional and administrative activities,23,7,16
S01009370,O P Q. Public administration education and health,61,23,38
S01009370,R S T U. Other,9,0,9
S01009370,Never worked,34,14,20
S01009371,All people aged 16 to 74 not in employment,135,62,73
S01009371,A B D E. Agriculture energy and water,3,2,1
S01009371,C. Manufacturing,23,16,7
S01009371,F. Construction,3,3,0
S01009371,G I. Distribution hotels and restaurants,21,8,13
S01009371,H J. Transport and communication,16,3,13
S01009371,K L M N. Financial real estate professional and administrative activities,14,5,9
S01009371,O P Q. Public administration education and health,27,12,15
S01009371,R S T U. Other,6,1,5
S01009371,Never worked,22,12,10
S01009372,All people aged 16 to 74 not in employment,141,66,75
S01009372,A B D E. Agriculture energy and water,3,3,0
S01009372,C. Manufacturing,20,12,8
S01009372,F. Construction,10,9,1
S01009372,G I. Distribution hotels and restaurants,26,11,15
S01009372,H J. Transport and communication,13,3,10
S01009372,K L M N. Financial real estate professional and administrative activities,10,5,5
S01009372,O P Q. Public administration education and health,28,10,18
S01009372,R S T U. Other,7,1,6
S01009372,Never worked,24,12,12
S01009373,All people aged 16 to 74 not in employment,238,104,134
S01009373,A B D E. Agriculture energy and water,7,6,1
S01009373,C. Manufacturing,26,17,9
S01009373,F. Construction,16,15,1
S01009373,G I. Distribution hotels and restaurants,36,14,22
S01009373,H J. Transport and communication,24,6,18
S01009373,K L M N. Financial real estate professional and administrative activities,25,6,19
S01009373,O P Q. Public administration education and health,37,18,19
S01009373,R S T U. Other,17,4,13
S01009373,Never worked,50,18,32
S01009374,All people aged 16 to 74 not in employment,260,123,137
S01009374,A B D E. Agriculture energy and water,3,3,0
S01009374,C. Manufacturing,36,25,11
S01009374,F. Construction,13,13,0
S01009374,G I. Distribution hotels and restaurants,47,22,25
S01009374,H J. Transport and communication,26,10,16
S01009374,K L M N. Financial real estate professional and administrative activities,45,16,29
S01009374,O P Q. Public administration education and health,50,14,36
S01009374,R S T U. Other,11,4,7
S01009374,Never worked,29,16,13
S01009375,All people aged 16 to 74 not in employment,250,109,141
S01009375,A B D E. Agriculture energy and water,7,4,3
S01009375,C. Manufacturing,41,28,13
S01009375,F. Construction,19,14,5
S01009375,G I. Distribution hotels and restaurants,46,16,30
S01009375,H J. Transport and communication,18,6,12
S01009375,K L M N. Financial real estate professional and administrative activities,31,7,24
S01009375,O P Q. Public administration education and health,43,14,29
S01009375,R S T U. Other,10,3,7
S01009375,Never worked,35,17,18
S01009376,All people aged 16 to 74 not in employment,184,83,101
S01009376,A B D E. Agriculture energy and water,6,6,0
S01009376,C. Manufacturing,24,12,12
S01009376,F. Construction,5,5,0
S01009376,G I. Distribution hotels and restaurants,36,19,17
S01009376,H J. Transport and communication,17,4,13
S01009376,K L M N. Financial real estate professional and administrative activities,28,9,19
S01009376,O P Q. Public administration education and health,35,15,20
S01009376,R S T U. Other,2,2,0
S01009376,Never worked,31,11,20
S01009377,All people aged 16 to 74 not in employment,154,54,100
S01009377,A B D E. Agriculture energy and water,4,3,1
S01009377,C. Manufacturing,12,6,6
S01009377,F. Construction,8,8,0
S01009377,G I. Distribution hotels and restaurants,26,9,17
S01009377,H J. Transport and communication,18,5,13
S01009377,K L M N. Financial real estate professional and administrative activities,12,4,8
S01009377,O P Q. Public administration education and health,32,4,28
S01009377,R S T U. Other,8,1,7
S01009377,Never worked,34,14,20
S01009378,All people aged 16 to 74 not in employment,215,86,129
S01009378,A B D E. Agriculture energy and water,3,2,1
S01009378,C. Manufacturing,27,12,15
S01009378,F. Construction,12,10,2
S01009378,G I. Distribution hotels and restaurants,43,15,28
S01009378,H J. Transport and communication,22,4,18
S01009378,K L M N. Financial real estate professional and administrative activities,22,3,19
S01009378,O P Q. Public administration education and health,37,12,25
S01009378,R S T U. Other,4,0,4
S01009378,Never worked,45,28,17
S01009379,All people aged 16 to 74 not in employment,169,58,111
S01009379,A B D E. Agriculture energy and water,2,2,0
S01009379,C. Manufacturing,9,8,1
S01009379,F. Construction,8,7,1
S01009379,G I. Distribution hotels and restaurants,20,8,12
S01009379,H J. Transport and communication,20,4,16
S01009379,K L M N. Financial real estate professional and administrative activities,26,7,19
S01009379,O P Q. Public administration education and health,38,7,31
S01009379,R S T U. Other,3,1,2
S01009379,Never worked,43,14,29
S01009380,All people aged 16 to 74 not in employment,152,68,84
S01009380,A B D E. Agriculture energy and water,3,2,1
S01009380,C. Manufacturing,14,8,6
S01009380,F. Construction,9,7,2
S01009380,G I. Distribution hotels and restaurants,24,9,15
S01009380,H J. Transport and communication,8,1,7
S01009380,K L M N. Financial real estate professional and administrative activities,19,7,12
S01009380,O P Q. Public administration education and health,34,14,20
S01009380,R S T U. Other,5,1,4
S01009380,Never worked,36,19,17
S01009381,All people aged 16 to 74 not in employment,136,65,71
S01009381,A B D E. Agriculture energy and water,2,2,0
S01009381,C. Manufacturing,17,12,5
S01009381,F. Construction,8,7,1
S01009381,G I. Distribution hotels and restaurants,25,10,15
S01009381,H J. Transport and communication,13,7,6
S01009381,K L M N. Financial real estate professional and administrative activities,20,8,12
S01009381,O P Q. Public administration education and health,27,8,19
S01009381,R S T U. Other,5,3,2
S01009381,Never worked,19,8,11
S01009382,All people aged 16 to 74 not in employment,238,103,135
S01009382,A B D E. Agriculture energy and water,3,2,1
S01009382,C. Manufacturing,37,19,18
S01009382,F. Construction,24,19,5
S01009382,G I. Distribution hotels and restaurants,45,19,26
S01009382,H J. Transport and communication,19,3,16
S01009382,K L M N. Financial real estate professional and administrative activities,30,12,18
S01009382,O P Q. Public administration education and health,34,11,23
S01009382,R S T U. Other,14,5,9
S01009382,Never worked,32,13,19
S01009383,All people aged 16 to 74 not in employment,225,118,107
S01009383,A B D E. Agriculture energy and water,6,6,0
S01009383,C. Manufacturing,30,19,11
S01009383,F. Construction,22,21,1
S01009383,G I. Distribution hotels and restaurants,38,18,20
S01009383,H J. Transport and communication,27,8,19
S01009383,K L M N. Financial real estate professional and administrative activities,20,9,11
S01009383,O P Q. Public administration education and health,46,20,26
S01009383,R S T U. Other,5,1,4
S01009383,Never worked,31,16,15
S01009384,All people aged 16 to 74 not in employment,147,60,87
S01009384,A B D E. Agriculture energy and water,2,1,1
S01009384,C. Manufacturing,17,9,8
S01009384,F. Construction,8,8,0
S01009384,G I. Distribution hotels and restaurants,9,5,4
S01009384,H J. Transport and communication,9,4,5
S01009384,K L M N. Financial real estate professional and administrative activities,22,8,14
S01009384,O P Q. Public administration education and health,52,12,40
S01009384,R S T U. Other,5,2,3
S01009384,Never worked,23,11,12
S01009385,All people aged 16 to 74 not in employment,124,55,69
S01009385,A B D E. Agriculture energy and water,1,0,1
S01009385,C. Manufacturing,12,5,7
S01009385,F. Construction,9,9,0
S01009385,G I. Distribution hotels and restaurants,21,8,13
S01009385,H J. Transport and communication,16,6,10
S01009385,K L M N. Financial real estate professional and administrative activities,18,7,11
S01009385,O P Q. Public administration education and health,26,12,14
S01009385,R S T U. Other,5,2,3
S01009385,Never worked,16,6,10
S01009386,All people aged 16 to 74 not in employment,199,85,114
S01009386,A B D E. Agriculture energy and water,1,1,0
S01009386,C. Manufacturing,35,23,12
S01009386,F. Construction,23,20,3
S01009386,G I. Distribution hotels and restaurants,32,12,20
S01009386,H J. Transport and communication,12,1,11
S01009386,K L M N. Financial real estate professional and administrative activities,22,7,15
S01009386,O P Q. Public administration education and health,37,7,30
S01009386,R S T U. Other,9,3,6
S01009386,Never worked,28,11,17
S01009387,All people aged 16 to 74 not in employment,189,76,113
S01009387,A B D E. Agriculture energy and water,1,0,1
S01009387,C. Manufacturing,35,22,13
S01009387,F. Construction,7,4,3
S01009387,G I. Distribution hotels and restaurants,27,12,15
S01009387,H J. Transport and communication,21,5,16
S01009387,K L M N. Financial real estate professional and administrative activities,31,11,20
S01009387,O P Q. Public administration education and health,37,12,25
S01009387,R S T U. Other,5,0,5
S01009387,Never worked,25,10,15
S01009388,All people aged 16 to 74 not in employment,295,140,155
S01009388,A B D E. Agriculture energy and water,6,4,2
S01009388,C. Manufacturing,26,19,7
S01009388,F. Construction,18,18,0
S01009388,G I. Distribution hotels and restaurants,57,25,32
S01009388,H J. Transport and communication,49,17,32
S01009388,K L M N. Financial real estate professional and administrative activities,34,19,15
S01009388,O P Q. Public administration education and health,40,7,33
S01009388,R S T U. Other,10,4,6
S01009388,Never worked,55,27,28
S01009389,All people aged 16 to 74 not in employment,278,133,145
S01009389,A B D E. Agriculture energy and water,4,4,0
S01009389,C. Manufacturing,32,23,9
S01009389,F. Construction,13,13,0
S01009389,G I. Distribution hotels and restaurants,54,25,29
S01009389,H J. Transport and communication,22,7,15
S01009389,K L M N. Financial real estate professional and administrative activities,47,24,23
S01009389,O P Q. Public administration education and health,65,23,42
S01009389,R S T U. Other,15,4,11
S01009389,Never worked,26,10,16
S01009390,All people aged 16 to 74 not in employment,115,46,69
S01009390,A B D E. Agriculture energy and water,2,1,1
S01009390,C. Manufacturing,8,6,2
S01009390,F. Construction,4,2,2
S01009390,G I. Distribution hotels and restaurants,12,6,6
S01009390,H J. Transport and communication,11,4,7
S01009390,K L M N. Financial real estate professional and administrative activities,22,6,16
S01009390,O P Q. Public administration education and health,26,5,21
S01009390,R S T U. Other,3,1,2
S01009390,Never worked,27,15,12
S01009391,All people aged 16 to 74 not in employment,99,45,54
S01009391,A B D E. Agriculture energy and water,1,1,0
S01009391,C. Manufacturing,7,5,2
S01009391,F. Construction,5,4,1
S01009391,G I. Distribution hotels and restaurants,18,4,14
S01009391,H J. Transport and communication,7,2,5
S01009391,K L M N. Financial real estate professional and administrative activities,11,4,7
S01009391,O P Q. Public administration education and health,26,10,16
S01009391,R S T U. Other,5,2,3
S01009391,Never worked,19,13,6
S01009392,All people aged 16 to 74 not in employment,68,20,48
S01009392,A B D E. Agriculture energy and water,1,0,1
S01009392,C. Manufacturing,5,2,3
S01009392,F. Construction,1,1,0
S01009392,G I. Distribution hotels and restaurants,12,2,10
S01009392,H J. Transport and communication,6,2,4
S01009392,K L M N. Financial real estate professional and administrative activities,15,1,14
S01009392,O P Q. Public administration education and health,17,3,14
S01009392,R S T U. Other,3,3,0
S01009392,Never worked,8,6,2
S01009393,All people aged 16 to 74 not in employment,151,61,90
S01009393,A B D E. Agriculture energy and water,1,0,1
S01009393,C. Manufacturing,24,15,9
S01009393,F. Construction,7,6,1
S01009393,G I. Distribution hotels and restaurants,21,5,16
S01009393,H J. Transport and communication,17,8,9
S01009393,K L M N. Financial real estate professional and administrative activities,17,5,12
S01009393,O P Q. Public administration education and health,37,12,25
S01009393,R S T U. Other,4,0,4
S01009393,Never worked,23,10,13
S01009394,All people aged 16 to 74 not in employment,223,95,128
S01009394,A B D E. Agriculture energy and water,11,6,5
S01009394,C. Manufacturing,29,18,11
S01009394,F. Construction,10,8,2
S01009394,G I. Distribution hotels and restaurants,30,11,19
S01009394,H J. Transport and communication,18,9,9
S01009394,K L M N. Financial real estate professional and administrative activities,32,10,22
S01009394,O P Q. Public administration education and health,61,22,39
S01009394,R S T U. Other,8,2,6
S01009394,Never worked,24,9,15
S01009395,All people aged 16 to 74 not in employment,208,87,121
S01009395,A B D E. Agriculture energy and water,6,5,1
S01009395,C. Manufacturing,33,23,10
S01009395,F. Construction,9,8,1
S01009395,G I. Distribution hotels and restaurants,28,11,17
S01009395,H J. Transport and communication,13,5,8
S01009395,K L M N. Financial real estate professional and administrative activities,33,11,22
S01009395,O P Q. Public administration education and health,65,14,51
S01009395,R S T U. Other,9,5,4
S01009395,Never worked,12,5,7
S01009396,All people aged 16 to 74 not in employment,234,95,139
S01009396,A B D E. Agriculture energy and water,4,3,1
S01009396,C. Manufacturing,21,15,6
S01009396,F. Construction,12,7,5
S01009396,G I. Distribution hotels and restaurants,42,17,25
S01009396,H J. Transport and communication,11,6,5
S01009396,K L M N. Financial real estate professional and administrative activities,42,12,30
S01009396,O P Q. Public administration education and health,67,21,46
S01009396,R S T U. Other,9,3,6
S01009396,Never worked,26,11,15
S01009397,All people aged 16 to 74 not in employment,180,89,91
S01009397,A B D E. Agriculture energy and water,4,2,2
S01009397,C. Manufacturing,29,21,8
S01009397,F. Construction,8,6,2
S01009397,G I. Distribution hotels and restaurants,30,12,18
S01009397,H J. Transport and communication,16,11,5
S01009397,K L M N. Financial real estate professional and administrative activities,22,14,8
S01009397,O P Q. Public administration education and health,43,12,31
S01009397,R S T U. Other,7,2,5
S01009397,Never worked,21,9,12
S01009398,All people aged 16 to 74 not in employment,162,68,94
S01009398,A B D E. Agriculture energy and water,2,2,0
S01009398,C. Manufacturing,23,15,8
S01009398,F. Construction,6,4,2
S01009398,G I. Distribution hotels and restaurants,29,10,19
S01009398,H J. Transport and communication,16,5,11
S01009398,K L M N. Financial real estate professional and administrative activities,19,7,12
S01009398,O P Q. Public administration education and health,37,10,27
S01009398,R S T U. Other,9,1,8
S01009398,Never worked,21,14,7
S01009399,All people aged 16 to 74 not in employment,159,62,97
S01009399,A B D E. Agriculture energy and water,4,3,1
S01009399,C. Manufacturing,25,11,14
S01009399,F. Construction,5,4,1
S01009399,G I. Distribution hotels and restaurants,33,12,21
S01009399,H J. Transport and communication,6,1,5
S01009399,K L M N. Financial real estate professional and administrative activities,20,10,10
S01009399,O P Q. Public administration education and health,42,13,29
S01009399,R S T U. Other,9,4,5
S01009399,Never worked,15,4,11
S01009400,All people aged 16 to 74 not in employment,137,56,81
S01009400,A B D E. Agriculture energy and water,1,0,1
S01009400,C. Manufacturing,24,13,11
S01009400,F. Construction,6,6,0
S01009400,G I. Distribution hotels and restaurants,27,10,17
S01009400,H J. Transport and communication,14,5,9
S01009400,K L M N. Financial real estate professional and administrative activities,10,4,6
S01009400,O P Q. Public administration education and health,35,6,29
S01009400,R S T U. Other,6,2,4
S01009400,Never worked,14,10,4
S01009401,All people aged 16 to 74 not in employment,221,87,134
S01009401,A B D E. Agriculture energy and water,5,4,1
S01009401,C. Manufacturing,30,22,8
S01009401,F. Construction,8,6,2
S01009401,G I. Distribution hotels and restaurants,27,9,18
S01009401,H J. Transport and communication,18,10,8
S01009401,K L M N. Financial real estate professional and administrative activities,26,12,14
S01009401,O P Q. Public administration education and health,79,16,63
S01009401,R S T U. Other,6,2,4
S01009401,Never worked,22,6,16
S01009402,All people aged 16 to 74 not in employment,275,115,160
S01009402,A B D E. Agriculture energy and water,8,7,1
S01009402,C. Manufacturing,30,20,10
S01009402,F. Construction,10,6,4
S01009402,G I. Distribution hotels and restaurants,42,14,28
S01009402,H J. Transport and communication,22,7,15
S01009402,K L M N. Financial real estate professional and administrative activities,35,11,24
S01009402,O P Q. Public administration education and health,80,31,49
S01009402,R S T U. Other,7,3,4
S01009402,Never worked,41,16,25
S01009403,All people aged 16 to 74 not in employment,109,43,66
S01009403,A B D E. Agriculture energy and water,1,1,0
S01009403,C. Manufacturing,18,12,6
S01009403,F. Construction,6,4,2
S01009403,G I. Distribution hotels and restaurants,11,2,9
S01009403,H J. Transport and communication,7,2,5
S01009403,K L M N. Financial real estate professional and administrative activities,15,4,11
S01009403,O P Q. Public administration education and health,27,7,20
S01009403,R S T U. Other,5,1,4
S01009403,Never worked,19,10,9
S01009404,All people aged 16 to 74 not in employment,177,81,96
S01009404,A B D E. Agriculture energy and water,5,5,0
S01009404,C. Manufacturing,14,5,9
S01009404,F. Construction,22,18,4
S01009404,G I. Distribution hotels and restaurants,34,17,17
S01009404,H J. Transport and communication,17,5,12
S01009404,K L M N. Financial real estate professional and administrative activities,14,6,8
S01009404,O P Q. Public administration education and health,23,5,18
S01009404,R S T U. Other,7,3,4
S01009404,Never worked,41,17,24
S01009405,All people aged 16 to 74 not in employment,108,51,57
S01009405,A B D E. Agriculture energy and water,2,2,0
S01009405,C. Manufacturing,13,7,6
S01009405,F. Construction,16,15,1
S01009405,G I. Distribution hotels and restaurants,25,13,12
S01009405,H J. Transport and communication,5,2,3
S01009405,K L M N. Financial real estate professional and administrative activities,8,3,5
S01009405,O P Q. Public administration education and health,25,4,21
S01009405,R S T U. Other,3,1,2
S01009405,Never worked,11,4,7
S01009406,All people aged 16 to 74 not in employment,246,115,131
S01009406,A B D E. Agriculture energy and water,5,5,0
S01009406,C. Manufacturing,33,18,15
S01009406,F. Construction,21,20,1
S01009406,G I. Distribution hotels and restaurants,54,31,23
S01009406,H J. Transport and communication,16,6,10
S01009406,K L M N. Financial real estate professional and administrative activities,20,5,15
S01009406,O P Q. Public administration education and health,55,17,38
S01009406,R S T U. Other,9,0,9
S01009406,Never worked,33,13,20
S01009407,All people aged 16 to 74 not in employment,152,59,93
S01009407,A B D E. Agriculture energy and water,4,4,0
S01009407,C. Manufacturing,16,10,6
S01009407,F. Construction,14,12,2
S01009407,G I. Distribution hotels and restaurants,31,11,20
S01009407,H J. Transport and communication,6,1,5
S01009407,K L M N. Financial real estate professional and administrative activities,16,5,11
S01009407,O P Q. Public administration education and health,37,6,31
S01009407,R S T U. Other,5,1,4
S01009407,Never worked,23,9,14
S01009408,All people aged 16 to 74 not in employment,157,60,97
S01009408,A B D E. Agriculture energy and water,9,7,2
S01009408,C. Manufacturing,21,8,13
S01009408,F. Construction,13,10,3
S01009408,G I. Distribution hotels and restaurants,26,11,15
S01009408,H J. Transport and communication,12,3,9
S01009408,K L M N. Financial real estate professional and administrative activities,15,4,11
S01009408,O P Q. Public administration education and health,35,7,28
S01009408,R S T U. Other,7,1,6
S01009408,Never worked,19,9,10
S01009409,All people aged 16 to 74 not in employment,203,93,110
S01009409,A B D E. Agriculture energy and water,15,11,4
S01009409,C. Manufacturing,43,22,21
S01009409,F. Construction,10,10,0
S01009409,G I. Distribution hotels and restaurants,36,16,20
S01009409,H J. Transport and communication,12,4,8
S01009409,K L M N. Financial real estate professional and administrative activities,10,5,5
S01009409,O P Q. Public administration education and health,36,11,25
S01009409,R S T U. Other,10,2,8
S01009409,Never worked,31,12,19
S01009410,All people aged 16 to 74 not in employment,259,125,134
S01009410,A B D E. Agriculture energy and water,10,9,1
S01009410,C. Manufacturing,34,20,14
S01009410,F. Construction,25,23,2
S01009410,G I. Distribution hotels and restaurants,44,18,26
S01009410,H J. Transport and communication,18,6,12
S01009410,K L M N. Financial real estate professional and administrative activities,27,10,17
S01009410,O P Q. Public administration education and health,39,7,32
S01009410,R S T U. Other,6,3,3
S01009410,Never worked,56,29,27
S01009411,All people aged 16 to 74 not in employment,261,113,148
S01009411,A B D E. Agriculture energy and water,14,11,3
S01009411,C. Manufacturing,31,19,12
S01009411,F. Construction,24,23,1
S01009411,G I. Distribution hotels and restaurants,61,20,41
S01009411,H J. Transport and communication,21,8,13
S01009411,K L M N. Financial real estate professional and administrative activities,34,12,22
S01009411,O P Q. Public administration education and health,31,8,23
S01009411,R S T U. Other,8,1,7
S01009411,Never worked,37,11,26
S01009412,All people aged 16 to 74 not in employment,248,110,138
S01009412,A B D E. Agriculture energy and water,13,9,4
S01009412,C. Manufacturing,35,20,15
S01009412,F. Construction,27,22,5
S01009412,G I. Distribution hotels and restaurants,49,19,30
S01009412,H J. Transport and communication,19,9,10
S01009412,K L M N. Financial real estate professional and administrative activities,29,7,22
S01009412,O P Q. Public administration education and health,29,5,24
S01009412,R S T U. Other,10,1,9
S01009412,Never worked,37,18,19
S01009413,All people aged 16 to 74 not in employment,286,144,142
S01009413,A B D E. Agriculture energy and water,11,10,1
S01009413,C. Manufacturing,40,16,24
S01009413,F. Construction,35,31,4
S01009413,G I. Distribution hotels and restaurants,44,23,21
S01009413,H J. Transport and communication,22,6,16
S01009413,K L M N. Financial real estate professional and administrative activities,31,8,23
S01009413,O P Q. Public administration education and health,52,19,33
S01009413,R S T U. Other,10,3,7
S01009413,Never worked,41,28,13
S01009414,All people aged 16 to 74 not in employment,204,97,107
S01009414,A B D E. Agriculture energy and water,11,10,1
S01009414,C. Manufacturing,27,16,11
S01009414,F. Construction,23,22,1
S01009414,G I. Distribution hotels and restaurants,36,14,22
S01009414,H J. Transport and communication,10,1,9
S01009414,K L M N. Financial real estate professional and administrative activities,20,7,13
S01009414,O P Q. Public administration education and health,41,13,28
S01009414,R S T U. Other,7,2,5
S01009414,Never worked,29,12,17
S01009415,All people aged 16 to 74 not in employment,265,122,143
S01009415,A B D E. Agriculture energy and water,11,10,1
S01009415,C. Manufacturing,35,20,15
S01009415,F. Construction,23,20,3
S01009415,G I. Distribution hotels and restaurants,38,20,18
S01009415,H J. Transport and communication,22,7,15
S01009415,K L M N. Financial real estate professional and administrative activities,27,12,15
S01009415,O P Q. Public administration education and health,48,12,36
S01009415,R S T U. Other,9,1,8
S01009415,Never worked,52,20,32
S01009416,All people aged 16 to 74 not in employment,122,57,65
S01009416,A B D E. Agriculture energy and water,5,5,0
S01009416,C. Manufacturing,15,10,5
S01009416,F. Construction,7,7,0
S01009416,G I. Distribution hotels and restaurants,15,1,14
S01009416,H J. Transport and communication,6,2,4
S01009416,K L M N. Financial real estate professional and administrative activities,11,3,8
S01009416,O P Q. Public administration education and health,29,10,19
S01009416,R S T U. Other,7,3,4
S01009416,Never worked,27,16,11
S01009417,All people aged 16 to 74 not in employment,44,18,26
S01009417,A B D E. Agriculture energy and water,3,2,1
S01009417,C. Manufacturing,4,2,2
S01009417,F. Construction,3,2,1
S01009417,G I. Distribution hotels and restaurants,6,4,2
S01009417,H J. Transport and communication,4,2,2
S01009417,K L M N. Financial real estate professional and administrative activities,2,1,1
S01009417,O P Q. Public administration education and health,14,2,12
S01009417,R S T U. Other,1,0,1
S01009417,Never worked,7,3,4
S01009418,All people aged 16 to 74 not in employment,326,156,170
S01009418,A B D E. Agriculture energy and water,20,14,6
S01009418,C. Manufacturing,51,22,29
S01009418,F. Construction,31,28,3
S01009418,G I. Distribution hotels and restaurants,47,25,22
S01009418,H J. Transport and communication,27,8,19
S01009418,K L M N. Financial real estate professional and administrative activities,27,13,14
S01009418,O P Q. Public administration education and health,66,22,44
S01009418,R S T U. Other,11,4,7
S01009418,Never worked,46,20,26
S01009419,All people aged 16 to 74 not in employment,187,77,110
S01009419,A B D E. Agriculture energy and water,6,2,4
S01009419,C. Manufacturing,30,11,19
S01009419,F. Construction,14,13,1
S01009419,G I. Distribution hotels and restaurants,38,18,20
S01009419,H J. Transport and communication,17,5,12
S01009419,K L M N. Financial real estate professional and administrative activities,13,2,11
S01009419,O P Q. Public administration education and health,27,6,21
S01009419,R S T U. Other,7,3,4
S01009419,Never worked,35,17,18
S01009420,All people aged 16 to 74 not in employment,229,99,130
S01009420,A B D E. Agriculture energy and water,10,7,3
S01009420,C. Manufacturing,31,15,16
S01009420,F. Construction,15,15,0
S01009420,G I. Distribution hotels and restaurants,39,16,23
S01009420,H J. Transport and communication,26,10,16
S01009420,K L M N. Financial real estate professional and administrative activities,23,8,15
S01009420,O P Q. Public administration education and health,27,4,23
S01009420,R S T U. Other,5,1,4
S01009420,Never worked,53,23,30
S01009421,All people aged 16 to 74 not in employment,245,103,142
S01009421,A B D E. Agriculture energy and water,14,10,4
S01009421,C. Manufacturing,29,14,15
S01009421,F. Construction,20,16,4
S01009421,G I. Distribution hotels and restaurants,46,20,26
S01009421,H J. Transport and communication,24,8,16
S01009421,K L M N. Financial real estate professional and administrative activities,20,13,7
S01009421,O P Q. Public administration education and health,39,13,26
S01009421,R S T U. Other,9,0,9
S01009421,Never worked,44,9,35
S01009422,All people aged 16 to 74 not in employment,218,93,125
S01009422,A B D E. Agriculture energy and water,10,9,1
S01009422,C. Manufacturing,38,13,25
S01009422,F. Construction,25,21,4
S01009422,G I. Distribution hotels and restaurants,35,11,24
S01009422,H J. Transport and communication,14,0,14
S01009422,K L M N. Financial real estate professional and administrative activities,19,12,7
S01009422,O P Q. Public administration education and health,38,10,28
S01009422,R S T U. Other,5,1,4
S01009422,Never worked,34,16,18
S01009423,All people aged 16 to 74 not in employment,147,57,90
S01009423,A B D E. Agriculture energy and water,4,4,0
S01009423,C. Manufacturing,15,8,7
S01009423,F. Construction,8,4,4
S01009423,G I. Distribution hotels and restaurants,19,5,14
S01009423,H J. Transport and communication,10,5,5
S01009423,K L M N. Financial real estate professional and administrative activities,17,4,13
S01009423,O P Q. Public administration education and health,44,14,30
S01009423,R S T U. Other,3,1,2
S01009423,Never worked,27,12,15
S01009424,All people aged 16 to 74 not in employment,162,85,77
S01009424,A B D E. Agriculture energy and water,7,7,0
S01009424,C. Manufacturing,23,14,9
S01009424,F. Construction,8,7,1
S01009424,G I. Distribution hotels and restaurants,28,10,18
S01009424,H J. Transport and communication,13,7,6
S01009424,K L M N. Financial real estate professional and administrative activities,15,8,7
S01009424,O P Q. Public administration education and health,41,14,27
S01009424,R S T U. Other,7,5,2
S01009424,Never worked,20,13,7
S01009425,All people aged 16 to 74 not in employment,228,111,117
S01009425,A B D E. Agriculture energy and water,9,9,0
S01009425,C. Manufacturing,33,11,22
S01009425,F. Construction,20,20,0
S01009425,G I. Distribution hotels and restaurants,39,20,19
S01009425,H J. Transport and communication,18,8,10
S01009425,K L M N. Financial real estate professional and administrative activities,20,12,8
S01009425,O P Q. Public administration education and health,58,14,44
S01009425,R S T U. Other,4,3,1
S01009425,Never worked,27,14,13
S01009426,All people aged 16 to 74 not in employment,256,99,157
S01009426,A B D E. Agriculture energy and water,10,9,1
S01009426,C. Manufacturing,46,22,24
S01009426,F. Construction,18,15,3
S01009426,G I. Distribution hotels and restaurants,44,14,30
S01009426,H J. Transport and communication,27,7,20
S01009426,K L M N. Financial real estate professional and administrative activities,18,5,13
S01009426,O P Q. Public administration education and health,44,9,35
S01009426,R S T U. Other,8,1,7
S01009426,Never worked,41,17,24
S01009427,All people aged 16 to 74 not in employment,204,90,114
S01009427,A B D E. Agriculture energy and water,11,10,1
S01009427,C. Manufacturing,24,12,12
S01009427,F. Construction,14,14,0
S01009427,G I. Distribution hotels and restaurants,36,15,21
S01009427,H J. Transport and communication,18,6,12
S01009427,K L M N. Financial real estate professional and administrative activities,24,12,12
S01009427,O P Q. Public administration education and health,38,9,29
S01009427,R S T U. Other,8,5,3
S01009427,Never worked,31,7,24
S01009428,All people aged 16 to 74 not in employment,201,94,107
S01009428,A B D E. Agriculture energy and water,15,14,1
S01009428,C. Manufacturing,38,17,21
S01009428,F. Construction,15,12,3
S01009428,G I. Distribution hotels and restaurants,31,16,15
S01009428,H J. Transport and communication,16,3,13
S01009428,K L M N. Financial real estate professional and administrative activities,14,5,9
S01009428,O P Q. Public administration education and health,37,11,26
S01009428,R S T U. Other,2,2,0
S01009428,Never worked,33,14,19
S01009429,All people aged 16 to 74 not in employment,242,118,124
S01009429,A B D E. Agriculture energy and water,15,13,2
S01009429,C. Manufacturing,37,17,20
S01009429,F. Construction,29,26,3
S01009429,G I. Distribution hotels and restaurants,36,13,23
S01009429,H J. Transport and communication,18,9,9
S01009429,K L M N. Financial real estate professional and administrative activities,18,6,12
S01009429,O P Q. Public administration education and health,30,9,21
S01009429,R S T U. Other,10,2,8
S01009429,Never worked,49,23,26
S01009430,All people aged 16 to 74 not in employment,251,117,134
S01009430,A B D E. Agriculture energy and water,19,14,5
S01009430,C. Manufacturing,35,16,19
S01009430,F. Construction,23,23,0
S01009430,G I. Distribution hotels and restaurants,48,12,36
S01009430,H J. Transport and communication,22,7,15
S01009430,K L M N. Financial real estate professional and administrative activities,18,12,6
S01009430,O P Q. Public administration education and health,37,7,30
S01009430,R S T U. Other,7,3,4
S01009430,Never worked,42,23,19
S01009431,All people aged 16 to 74 not in employment,199,93,106
S01009431,A B D E. Agriculture energy and water,15,13,2
S01009431,C. Manufacturing,29,10,19
S01009431,F. Construction,20,19,1
S01009431,G I. Distribution hotels and restaurants,25,13,12
S01009431,H J. Transport and communication,18,3,15
S01009431,K L M N. Financial real estate professional and administrative activities,15,7,8
S01009431,O P Q. Public administration education and health,28,6,22
S01009431,R S T U. Other,5,0,5
S01009431,Never worked,44,22,22
S01009432,All people aged 16 to 74 not in employment,278,118,160
S01009432,A B D E. Agriculture energy and water,22,16,6
S01009432,C. Manufacturing,49,17,32
S01009432,F. Construction,20,19,1
S01009432,G I. Distribution hotels and restaurants,42,20,22
S01009432,H J. Transport and communication,22,5,17
S01009432,K L M N. Financial real estate professional and administrative activities,21,10,11
S01009432,O P Q. Public administration education and health,28,5,23
S01009432,R S T U. Other,8,1,7
S01009432,Never worked,66,25,41
S01009433,All people aged 16 to 74 not in employment,297,124,173
S01009433,A B D E. Agriculture energy and water,22,15,7
S01009433,C. Manufacturing,43,15,28
S01009433,F. Construction,22,22,0
S01009433,G I. Distribution hotels and restaurants,44,13,31
S01009433,H J. Transport and communication,22,5,17
S01009433,K L M N. Financial real estate professional and administrative activities,20,6,14
S01009433,O P Q. Public administration education and health,40,10,30
S01009433,R S T U. Other,9,4,5
S01009433,Never worked,75,34,41
S01009434,All people aged 16 to 74 not in employment,190,96,94
S01009434,A B D E. Agriculture energy and water,16,13,3
S01009434,C. Manufacturing,36,17,19
S01009434,F. Construction,12,10,2
S01009434,G I. Distribution hotels and restaurants,32,14,18
S01009434,H J. Transport and communication,6,0,6
S01009434,K L M N. Financial real estate professional and administrative activities,17,11,6
S01009434,O P Q. Public administration education and health,29,8,21
S01009434,R S T U. Other,4,2,2
S01009434,Never worked,38,21,17
S01009435,All people aged 16 to 74 not in employment,283,136,147
S01009435,A B D E. Agriculture energy and water,27,22,5
S01009435,C. Manufacturing,41,13,28
S01009435,F. Construction,26,24,2
S01009435,G I. Distribution hotels and restaurants,43,20,23
S01009435,H J. Transport and communication,20,4,16
S01009435,K L M N. Financial real estate professional and administrative activities,22,12,10
S01009435,O P Q. Public administration education and health,40,15,25
S01009435,R S T U. Other,6,2,4
S01009435,Never worked,58,24,34
S01009436,All people aged 16 to 74 not in employment,205,95,110
S01009436,A B D E. Agriculture energy and water,10,9,1
S01009436,C. Manufacturing,30,19,11
S01009436,F. Construction,18,17,1
S01009436,G I. Distribution hotels and restaurants,31,14,17
S01009436,H J. Transport and communication,19,4,15
S01009436,K L M N. Financial real estate professional and administrative activities,12,6,6
S01009436,O P Q. Public administration education and health,52,13,39
S01009436,R S T U. Other,6,3,3
S01009436,Never worked,27,10,17
S01009437,All people aged 16 to 74 not in employment,207,104,103
S01009437,A B D E. Agriculture energy and water,13,12,1
S01009437,C. Manufacturing,33,19,14
S01009437,F. Construction,17,16,1
S01009437,G I. Distribution hotels and restaurants,48,21,27
S01009437,H J. Transport and communication,20,7,13
S01009437,K L M N. Financial real estate professional and administrative activities,6,2,4
S01009437,O P Q. Public administration education and health,40,10,30
S01009437,R S T U. Other,9,5,4
S01009437,Never worked,21,12,9
S01009438,All people aged 16 to 74 not in employment,296,134,162
S01009438,A B D E. Agriculture energy and water,14,13,1
S01009438,C. Manufacturing,53,30,23
S01009438,F. Construction,25,23,2
S01009438,G I. Distribution hotels and restaurants,56,19,37
S01009438,H J. Transport and communication,15,5,10
S01009438,K L M N. Financial real estate professional and administrative activities,17,8,9
S01009438,O P Q. Public administration education and health,49,10,39
S01009438,R S T U. Other,14,5,9
S01009438,Never worked,53,21,32
S01009439,All people aged 16 to 74 not in employment,333,138,195
S01009439,A B D E. Agriculture energy and water,21,14,7
S01009439,C. Manufacturing,60,20,40
S01009439,F. Construction,27,27,0
S01009439,G I. Distribution hotels and restaurants,73,27,46
S01009439,H J. Transport and communication,19,3,16
S01009439,K L M N. Financial real estate professional and administrative activities,22,6,16
S01009439,O P Q. Public administration education and health,41,13,28
S01009439,R S T U. Other,11,3,8
S01009439,Never worked,59,25,34
S01009440,All people aged 16 to 74 not in employment,209,101,108
S01009440,A B D E. Agriculture energy and water,11,10,1
S01009440,C. Manufacturing,38,23,15
S01009440,F. Construction,22,20,2
S01009440,G I. Distribution hotels and restaurants,36,13,23
S01009440,H J. Transport and communication,16,4,12
S01009440,K L M N. Financial real estate professional and administrative activities,10,5,5
S01009440,O P Q. Public administration education and health,47,11,36
S01009440,R S T U. Other,6,4,2
S01009440,Never worked,23,11,12
S01009441,All people aged 16 to 74 not in employment,239,100,139
S01009441,A B D E. Agriculture energy and water,18,15,3
S01009441,C. Manufacturing,33,21,12
S01009441,F. Construction,26,26,0
S01009441,G I. Distribution hotels and restaurants,44,11,33
S01009441,H J. Transport and communication,22,4,18
S01009441,K L M N. Financial real estate professional and administrative activities,9,3,6
S01009441,O P Q. Public administration education and health,33,4,29
S01009441,R S T U. Other,11,2,9
S01009441,Never worked,43,14,29
S01009442,All people aged 16 to 74 not in employment,125,53,72
S01009442,A B D E. Agriculture energy and water,6,3,3
S01009442,C. Manufacturing,17,10,7
S01009442,F. Construction,10,8,2
S01009442,G I. Distribution hotels and restaurants,25,8,17
S01009442,H J. Transport and communication,4,1,3
S01009442,K L M N. Financial real estate professional and administrative activities,12,5,7
S01009442,O P Q. Public administration education and health,23,8,15
S01009442,R S T U. Other,2,0,2
S01009442,Never worked,26,10,16
S01009443,All people aged 16 to 74 not in employment,167,79,88
S01009443,A B D E. Agriculture energy and water,6,6,0
S01009443,C. Manufacturing,22,8,14
S01009443,F. Construction,17,15,2
S01009443,G I. Distribution hotels and restaurants,37,22,15
S01009443,H J. Transport and communication,16,7,9
S01009443,K L M N. Financial real estate professional and administrative activities,10,2,8
S01009443,O P Q. Public administration education and health,28,6,22
S01009443,R S T U. Other,9,3,6
S01009443,Never worked,22,10,12
S01009444,All people aged 16 to 74 not in employment,182,81,101
S01009444,A B D E. Agriculture energy and water,5,3,2
S01009444,C. Manufacturing,20,13,7
S01009444,F. Construction,18,15,3
S01009444,G I. Distribution hotels and restaurants,34,10,24
S01009444,H J. Transport and communication,10,3,7
S01009444,K L M N. Financial real estate professional and administrative activities,12,9,3
S01009444,O P Q. Public administration education and health,36,13,23
S01009444,R S T U. Other,8,1,7
S01009444,Never worked,39,14,25
S01009445,All people aged 16 to 74 not in employment,237,105,132
S01009445,A B D E. Agriculture energy and water,14,12,2
S01009445,C. Manufacturing,34,19,15
S01009445,F. Construction,25,23,2
S01009445,G I. Distribution hotels and restaurants,45,11,34
S01009445,H J. Transport and communication,11,2,9
S01009445,K L M N. Financial real estate professional and administrative activities,14,4,10
S01009445,O P Q. Public administration education and health,41,14,27
S01009445,R S T U. Other,12,1,11
S01009445,Never worked,41,19,22
S01009446,All people aged 16 to 74 not in employment,310,154,156
S01009446,A B D E. Agriculture energy and water,12,10,2
S01009446,C. Manufacturing,39,20,19
S01009446,F. Construction,31,31,0
S01009446,G I. Distribution hotels and restaurants,44,21,23
S01009446,H J. Transport and communication,24,10,14
S01009446,K L M N. Financial real estate professional and administrative activities,20,10,10
S01009446,O P Q. Public administration education and health,58,18,40
S01009446,R S T U. Other,17,4,13
S01009446,Never worked,65,30,35
S01009447,All people aged 16 to 74 not in employment,164,75,89
S01009447,A B D E. Agriculture energy and water,9,8,1
S01009447,C. Manufacturing,23,14,9
S01009447,F. Construction,17,13,4
S01009447,G I. Distribution hotels and restaurants,24,8,16
S01009447,H J. Transport and communication,13,5,8
S01009447,K L M N. Financial real estate professional and administrative activities,17,7,10
S01009447,O P Q. Public administration education and health,27,6,21
S01009447,R S T U. Other,2,0,2
S01009447,Never worked,32,14,18
S01009448,All people aged 16 to 74 not in employment,198,82,116
S01009448,A B D E. Agriculture energy and water,7,7,0
S01009448,C. Manufacturing,19,11,8
S01009448,F. Construction,16,13,3
S01009448,G I. Distribution hotels and restaurants,33,12,21
S01009448,H J. Transport and communication,14,2,12
S01009448,K L M N. Financial real estate professional and administrative activities,26,10,16
S01009448,O P Q. Public administration education and health,47,10,37
S01009448,R S T U. Other,7,1,6
S01009448,Never worked,29,16,13
S01009449,All people aged 16 to 74 not in employment,159,61,98
S01009449,A B D E. Agriculture energy and water,4,3,1
S01009449,C. Manufacturing,25,10,15
S01009449,F. Construction,15,14,1
S01009449,G I. Distribution hotels and restaurants,38,14,24
S01009449,H J. Transport and communication,10,2,8
S01009449,K L M N. Financial real estate professional and administrative activities,7,4,3
S01009449,O P Q. Public administration education and health,31,4,27
S01009449,R S T U. Other,5,1,4
S01009449,Never worked,24,9,15
S01009450,All people aged 16 to 74 not in employment,209,101,108
S01009450,A B D E. Agriculture energy and water,19,18,1
S01009450,C. Manufacturing,30,10,20
S01009450,F. Construction,19,18,1
S01009450,G I. Distribution hotels and restaurants,40,19,21
S01009450,H J. Transport and communication,16,9,7
S01009450,K L M N. Financial real estate professional and administrative activities,16,6,10
S01009450,O P Q. Public administration education and health,26,3,23
S01009450,R S T U. Other,7,2,5
S01009450,Never worked,36,16,20
S01009451,All people aged 16 to 74 not in employment,333,156,177
S01009451,A B D E. Agriculture energy and water,17,12,5
S01009451,C. Manufacturing,55,28,27
S01009451,F. Construction,37,35,2
S01009451,G I. Distribution hotels and restaurants,48,19,29
S01009451,H J. Transport and communication,23,6,17
S01009451,K L M N. Financial real estate professional and administrative activities,27,13,14
S01009451,O P Q. Public administration education and health,54,10,44
S01009451,R S T U. Other,11,3,8
S01009451,Never worked,61,30,31
S01009452,All people aged 16 to 74 not in employment,171,73,98
S01009452,A B D E. Agriculture energy and water,7,7,0
S01009452,C. Manufacturing,27,15,12
S01009452,F. Construction,21,21,0
S01009452,G I. Distribution hotels and restaurants,15,4,11
S01009452,H J. Transport and communication,14,3,11
S01009452,K L M N. Financial real estate professional and administrative activities,22,8,14
S01009452,O P Q. Public administration education and health,31,4,27
S01009452,R S T U. Other,6,3,3
S01009452,Never worked,28,8,20
S01009453,All people aged 16 to 74 not in employment,301,153,148
S01009453,A B D E. Agriculture energy and water,16,13,3
S01009453,C. Manufacturing,34,21,13
S01009453,F. Construction,42,39,3
S01009453,G I. Distribution hotels and restaurants,49,23,26
S01009453,H J. Transport and communication,24,6,18
S01009453,K L M N. Financial real estate professional and administrative activities,23,9,14
S01009453,O P Q. Public administration education and health,49,17,32
S01009453,R S T U. Other,9,1,8
S01009453,Never worked,55,24,31
S01009454,All people aged 16 to 74 not in employment,238,96,142
S01009454,A B D E. Agriculture energy and water,6,5,1
S01009454,C. Manufacturing,15,9,6
S01009454,F. Construction,10,8,2
S01009454,G I. Distribution hotels and restaurants,34,15,19
S01009454,H J. Transport and communication,14,7,7
S01009454,K L M N. Financial real estate professional and administrative activities,37,18,19
S01009454,O P Q. Public administration education and health,86,18,68
S01009454,R S T U. Other,8,3,5
S01009454,Never worked,28,13,15
S01009455,All people aged 16 to 74 not in employment,211,81,130
S01009455,A B D E. Agriculture energy and water,2,1,1
S01009455,C. Manufacturing,16,7,9
S01009455,F. Construction,16,12,4
S01009455,G I. Distribution hotels and restaurants,30,15,15
S01009455,H J. Transport and communication,14,4,10
S01009455,K L M N. Financial real estate professional and administrative activities,24,9,15
S01009455,O P Q. Public administration education and health,78,18,60
S01009455,R S T U. Other,7,3,4
S01009455,Never worked,24,12,12
S01009456,All people aged 16 to 74 not in employment,213,95,118
S01009456,A B D E. Agriculture energy and water,9,7,2
S01009456,C. Manufacturing,29,15,14
S01009456,F. Construction,25,21,4
S01009456,G I. Distribution hotels and restaurants,32,13,19
S01009456,H J. Transport and communication,13,4,9
S01009456,K L M N. Financial real estate professional and administrative activities,16,2,14
S01009456,O P Q. Public administration education and health,54,15,39
S01009456,R S T U. Other,7,4,3
S01009456,Never worked,28,14,14
S01009457,All people aged 16 to 74 not in employment,140,59,81
S01009457,A B D E. Agriculture energy and water,4,3,1
S01009457,C. Manufacturing,11,5,6
S01009457,F. Construction,12,8,4
S01009457,G I. Distribution hotels and restaurants,24,12,12
S01009457,H J. Transport and communication,5,2,3
S01009457,K L M N. Financial real estate professional and administrative activities,14,9,5
S01009457,O P Q. Public administration education and health,49,12,37
S01009457,R S T U. Other,10,3,7
S01009457,Never worked,11,5,6
S01009458,All people aged 16 to 74 not in employment,187,88,99
S01009458,A B D E. Agriculture energy and water,13,9,4
S01009458,C. Manufacturing,27,14,13
S01009458,F. Construction,17,13,4
S01009458,G I. Distribution hotels and restaurants,32,11,21
S01009458,H J. Transport and communication,16,6,10
S01009458,K L M N. Financial real estate professional and administrative activities,18,11,7
S01009458,O P Q. Public administration education and health,41,14,27
S01009458,R S T U. Other,6,0,6
S01009458,Never worked,17,10,7
S01009459,All people aged 16 to 74 not in employment,277,134,143
S01009459,A B D E. Agriculture energy and water,7,5,2
S01009459,C. Manufacturing,48,31,17
S01009459,F. Construction,20,20,0
S01009459,G I. Distribution hotels and restaurants,45,27,18
S01009459,H J. Transport and communication,30,8,22
S01009459,K L M N. Financial real estate professional and administrative activities,35,15,20
S01009459,O P Q. Public administration education and health,44,9,35
S01009459,R S T U. Other,19,6,13
S01009459,Never worked,29,13,16
S01009460,All people aged 16 to 74 not in employment,283,132,151
S01009460,A B D E. Agriculture energy and water,8,4,4
S01009460,C. Manufacturing,44,28,16
S01009460,F. Construction,27,25,2
S01009460,G I. Distribution hotels and restaurants,46,29,17
S01009460,H J. Transport and communication,22,4,18
S01009460,K L M N. Financial real estate professional and administrative activities,32,15,17
S01009460,O P Q. Public administration education and health,43,8,35
S01009460,R S T U. Other,12,5,7
S01009460,Never worked,49,14,35
S01009461,All people aged 16 to 74 not in employment,101,48,53
S01009461,A B D E. Agriculture energy and water,2,2,0
S01009461,C. Manufacturing,7,5,2
S01009461,F. Construction,6,6,0
S01009461,G I. Distribution hotels and restaurants,17,5,12
S01009461,H J. Transport and communication,11,6,5
S01009461,K L M N. Financial real estate professional and administrative activities,17,8,9
S01009461,O P Q. Public administration education and health,31,13,18
S01009461,R S T U. Other,3,0,3
S01009461,Never worked,7,3,4
S01009462,All people aged 16 to 74 not in employment,198,93,105
S01009462,A B D E. Agriculture energy and water,9,5,4
S01009462,C. Manufacturing,35,24,11
S01009462,F. Construction,22,18,4
S01009462,G I. Distribution hotels and restaurants,25,9,16
S01009462,H J. Transport and communication,17,4,13
S01009462,K L M N. Financial real estate professional and administrative activities,18,7,11
S01009462,O P Q. Public administration education and health,40,11,29
S01009462,R S T U. Other,12,5,7
S01009462,Never worked,20,10,10
S01009463,All people aged 16 to 74 not in employment,197,86,111
S01009463,A B D E. Agriculture energy and water,12,7,5
S01009463,C. Manufacturing,29,19,10
S01009463,F. Construction,14,12,2
S01009463,G I. Distribution hotels and restaurants,35,14,21
S01009463,H J. Transport and communication,13,4,9
S01009463,K L M N. Financial real estate professional and administrative activities,14,5,9
S01009463,O P Q. Public administration education and health,52,13,39
S01009463,R S T U. Other,12,4,8
S01009463,Never worked,16,8,8
S01009464,All people aged 16 to 74 not in employment,195,81,114
S01009464,A B D E. Agriculture energy and water,7,7,0
S01009464,C. Manufacturing,20,15,5
S01009464,F. Construction,13,12,1
S01009464,G I. Distribution hotels and restaurants,31,8,23
S01009464,H J. Transport and communication,15,5,10
S01009464,K L M N. Financial real estate professional and administrative activities,26,7,19
S01009464,O P Q. Public administration education and health,51,11,40
S01009464,R S T U. Other,7,4,3
S01009464,Never worked,25,12,13
S01009465,All people aged 16 to 74 not in employment,171,66,105
S01009465,A B D E. Agriculture energy and water,4,2,2
S01009465,C. Manufacturing,38,25,13
S01009465,F. Construction,8,8,0
S01009465,G I. Distribution hotels and restaurants,35,5,30
S01009465,H J. Transport and communication,11,3,8
S01009465,K L M N. Financial real estate professional and administrative activities,11,4,7
S01009465,O P Q. Public administration education and health,32,5,27
S01009465,R S T U. Other,11,3,8
S01009465,Never worked,21,11,10
S01009466,All people aged 16 to 74 not in employment,156,68,88
S01009466,A B D E. Agriculture energy and water,1,1,0
S01009466,C. Manufacturing,34,20,14
S01009466,F. Construction,10,9,1
S01009466,G I. Distribution hotels and restaurants,17,5,12
S01009466,H J. Transport and communication,7,1,6
S01009466,K L M N. Financial real estate professional and administrative activities,14,7,7
S01009466,O P Q. Public administration education and health,54,15,39
S01009466,R S T U. Other,5,3,2
S01009466,Never worked,14,7,7
S01009467,All people aged 16 to 74 not in employment,215,104,111
S01009467,A B D E. Agriculture energy and water,1,0,1
S01009467,C. Manufacturing,26,20,6
S01009467,F. Construction,14,10,4
S01009467,G I. Distribution hotels and restaurants,27,8,19
S01009467,H J. Transport and communication,10,4,6
S01009467,K L M N. Financial real estate professional and administrative activities,25,16,9
S01009467,O P Q. Public administration education and health,80,28,52
S01009467,R S T U. Other,5,1,4
S01009467,Never worked,27,17,10
S01009468,All people aged 16 to 74 not in employment,235,112,123
S01009468,A B D E. Agriculture energy and water,5,5,0
S01009468,C. Manufacturing,24,16,8
S01009468,F. Construction,10,9,1
S01009468,G I. Distribution hotels and restaurants,51,22,29
S01009468,H J. Transport and communication,33,9,24
S01009468,K L M N. Financial real estate professional and administrative activities,21,16,5
S01009468,O P Q. Public administration education and health,53,15,38
S01009468,R S T U. Other,9,1,8
S01009468,Never worked,29,19,10
S01009469,All people aged 16 to 74 not in employment,253,114,139
S01009469,A B D E. Agriculture energy and water,6,4,2
S01009469,C. Manufacturing,22,16,6
S01009469,F. Construction,17,16,1
S01009469,G I. Distribution hotels and restaurants,46,21,25
S01009469,H J. Transport and communication,32,15,17
S01009469,K L M N. Financial real estate professional and administrative activities,24,9,15
S01009469,O P Q. Public administration education and health,70,21,49
S01009469,R S T U. Other,9,2,7
S01009469,Never worked,27,10,17
S01009470,All people aged 16 to 74 not in employment,134,63,71
S01009470,A B D E. Agriculture energy and water,5,4,1
S01009470,C. Manufacturing,16,10,6
S01009470,F. Construction,7,6,1
S01009470,G I. Distribution hotels and restaurants,36,16,20
S01009470,H J. Transport and communication,9,5,4
S01009470,K L M N. Financial real estate professional and administrative activities,11,5,6
S01009470,O P Q. Public administration education and health,31,10,21
S01009470,R S T U. Other,6,1,5
S01009470,Never worked,13,6,7
S01009471,All people aged 16 to 74 not in employment,250,114,136
S01009471,A B D E. Agriculture energy and water,6,4,2
S01009471,C. Manufacturing,25,13,12
S01009471,F. Construction,17,17,0
S01009471,G I. Distribution hotels and restaurants,64,32,32
S01009471,H J. Transport and communication,26,11,15
S01009471,K L M N. Financial real estate professional and administrative activities,28,13,15
S01009471,O P Q. Public administration education and health,47,15,32
S01009471,R S T U. Other,8,2,6
S01009471,Never worked,29,7,22
S01009472,All people aged 16 to 74 not in employment,313,129,184
S01009472,A B D E. Agriculture energy and water,9,6,3
S01009472,C. Manufacturing,23,14,9
S01009472,F. Construction,20,19,1
S01009472,G I. Distribution hotels and restaurants,61,22,39
S01009472,H J. Transport and communication,40,12,28
S01009472,K L M N. Financial real estate professional and administrative activities,26,10,16
S01009472,O P Q. Public administration education and health,66,19,47
S01009472,R S T U. Other,7,4,3
S01009472,Never worked,61,23,38
S01009473,All people aged 16 to 74 not in employment,302,157,145
S01009473,A B D E. Agriculture energy and water,9,7,2
S01009473,C. Manufacturing,31,20,11
S01009473,F. Construction,32,32,0
S01009473,G I. Distribution hotels and restaurants,61,31,30
S01009473,H J. Transport and communication,37,14,23
S01009473,K L M N. Financial real estate professional and administrative activities,26,18,8
S01009473,O P Q. Public administration education and health,45,13,32
S01009473,R S T U. Other,5,2,3
S01009473,Never worked,56,20,36
S01009474,All people aged 16 to 74 not in employment,268,124,144
S01009474,A B D E. Agriculture energy and water,9,9,0
S01009474,C. Manufacturing,21,12,9
S01009474,F. Construction,17,16,1
S01009474,G I. Distribution hotels and restaurants,43,17,26
S01009474,H J. Transport and communication,36,13,23
S01009474,K L M N. Financial real estate professional and administrative activities,26,14,12
S01009474,O P Q. Public administration education and health,48,16,32
S01009474,R S T U. Other,16,8,8
S01009474,Never worked,52,19,33
S01009475,All people aged 16 to 74 not in employment,125,49,76
S01009475,A B D E. Agriculture energy and water,6,4,2
S01009475,C. Manufacturing,14,9,5
S01009475,F. Construction,4,3,1
S01009475,G I. Distribution hotels and restaurants,25,9,16
S01009475,H J. Transport and communication,9,1,8
S01009475,K L M N. Financial real estate professional and administrative activities,16,6,10
S01009475,O P Q. Public administration education and health,28,7,21
S01009475,R S T U. Other,2,2,0
S01009475,Never worked,21,8,13
S01009476,All people aged 16 to 74 not in employment,76,28,48
S01009476,A B D E. Agriculture energy and water,3,3,0
S01009476,C. Manufacturing,9,4,5
S01009476,F. Construction,2,2,0
S01009476,G I. Distribution hotels and restaurants,6,1,5
S01009476,H J. Transport and communication,3,0,3
S01009476,K L M N. Financial real estate professional and administrative activities,8,7,1
S01009476,O P Q. Public administration education and health,21,1,20
S01009476,R S T U. Other,3,1,2
S01009476,Never worked,21,9,12
S01009477,All people aged 16 to 74 not in employment,172,75,97
S01009477,A B D E. Agriculture energy and water,5,4,1
S01009477,C. Manufacturing,8,3,5
S01009477,F. Construction,11,10,1
S01009477,G I. Distribution hotels and restaurants,23,9,14
S01009477,H J. Transport and communication,11,6,5
S01009477,K L M N. Financial real estate professional and administrative activities,14,5,9
S01009477,O P Q. Public administration education and health,64,16,48
S01009477,R S T U. Other,11,2,9
S01009477,Never worked,25,20,5
S01009478,All people aged 16 to 74 not in employment,227,110,117
S01009478,A B D E. Agriculture energy and water,5,3,2
S01009478,C. Manufacturing,14,8,6
S01009478,F. Construction,20,17,3
S01009478,G I. Distribution hotels and restaurants,46,24,22
S01009478,H J. Transport and communication,24,5,19
S01009478,K L M N. Financial real estate professional and administrative activities,25,7,18
S01009478,O P Q. Public administration education and health,38,10,28
S01009478,R S T U. Other,4,2,2
S01009478,Never worked,51,34,17
S01009479,All people aged 16 to 74 not in employment,236,109,127
S01009479,A B D E. Agriculture energy and water,5,5,0
S01009479,C. Manufacturing,14,8,6
S01009479,F. Construction,17,14,3
S01009479,G I. Distribution hotels and restaurants,46,18,28
S01009479,H J. Transport and communication,18,8,10
S01009479,K L M N. Financial real estate professional and administrative activities,17,6,11
S01009479,O P Q. Public administration education and health,63,22,41
S01009479,R S T U. Other,15,8,7
S01009479,Never worked,41,20,21
S01009480,All people aged 16 to 74 not in employment,192,73,119
S01009480,A B D E. Agriculture energy and water,1,1,0
S01009480,C. Manufacturing,22,14,8
S01009480,F. Construction,7,6,1
S01009480,G I. Distribution hotels and restaurants,34,12,22
S01009480,H J. Transport and communication,13,3,10
S01009480,K L M N. Financial real estate professional and administrative activities,19,6,13
S01009480,O P Q. Public administration education and health,61,18,43
S01009480,R S T U. Other,10,4,6
S01009480,Never worked,25,9,16
S01009481,All people aged 16 to 74 not in employment,188,89,99
S01009481,A B D E. Agriculture energy and water,9,9,0
S01009481,C. Manufacturing,22,14,8
S01009481,F. Construction,15,14,1
S01009481,G I. Distribution hotels and restaurants,29,8,21
S01009481,H J. Transport and communication,11,2,9
S01009481,K L M N. Financial real estate professional and administrative activities,15,9,6
S01009481,O P Q. Public administration education and health,44,10,34
S01009481,R S T U. Other,14,5,9
S01009481,Never worked,29,18,11
S01009482,All people aged 16 to 74 not in employment,145,63,82
S01009482,A B D E. Agriculture energy and water,5,4,1
S01009482,C. Manufacturing,21,15,6
S01009482,F. Construction,9,9,0
S01009482,G I. Distribution hotels and restaurants,27,9,18
S01009482,H J. Transport and communication,5,2,3
S01009482,K L M N. Financial real estate professional and administrative activities,11,7,4
S01009482,O P Q. Public administration education and health,39,8,31
S01009482,R S T U. Other,9,4,5
S01009482,Never worked,19,5,14
S01009483,All people aged 16 to 74 not in employment,150,71,79
S01009483,A B D E. Agriculture energy and water,9,6,3
S01009483,C. Manufacturing,12,8,4
S01009483,F. Construction,11,11,0
S01009483,G I. Distribution hotels and restaurants,27,10,17
S01009483,H J. Transport and communication,14,3,11
S01009483,K L M N. Financial real estate professional and administrative activities,16,11,5
S01009483,O P Q. Public administration education and health,38,13,25
S01009483,R S T U. Other,6,1,5
S01009483,Never worked,17,8,9
S01009484,All people aged 16 to 74 not in employment,267,107,160
S01009484,A B D E. Agriculture energy and water,9,7,2
S01009484,C. Manufacturing,24,15,9
S01009484,F. Construction,19,14,5
S01009484,G I. Distribution hotels and restaurants,54,21,33
S01009484,H J. Transport and communication,19,7,12
S01009484,K L M N. Financial real estate professional and administrative activities,25,8,17
S01009484,O P Q. Public administration education and health,74,19,55
S01009484,R S T U. Other,11,3,8
S01009484,Never worked,32,13,19
S01009485,All people aged 16 to 74 not in employment,249,90,159
S01009485,A B D E. Agriculture energy and water,7,5,2
S01009485,C. Manufacturing,21,12,9
S01009485,F. Construction,12,11,1
S01009485,G I. Distribution hotels and restaurants,45,14,31
S01009485,H J. Transport and communication,20,5,15
S01009485,K L M N. Financial real estate professional and administrative activities,26,12,14
S01009485,O P Q. Public administration education and health,59,9,50
S01009485,R S T U. Other,18,5,13
S01009485,Never worked,41,17,24
S01009486,All people aged 16 to 74 not in employment,166,70,96
S01009486,A B D E. Agriculture energy and water,3,3,0
S01009486,C. Manufacturing,11,5,6
S01009486,F. Construction,11,11,0
S01009486,G I. Distribution hotels and restaurants,31,14,17
S01009486,H J. Transport and communication,12,5,7
S01009486,K L M N. Financial real estate professional and administrative activities,18,5,13
S01009486,O P Q. Public administration education and health,60,18,42
S01009486,R S T U. Other,5,3,2
S01009486,Never worked,15,6,9
S01009487,All people aged 16 to 74 not in employment,214,99,115
S01009487,A B D E. Agriculture energy and water,8,5,3
S01009487,C. Manufacturing,22,15,7
S01009487,F. Construction,12,10,2
S01009487,G I. Distribution hotels and restaurants,49,19,30
S01009487,H J. Transport and communication,14,7,7
S01009487,K L M N. Financial real estate professional and administrative activities,16,8,8
S01009487,O P Q. Public administration education and health,43,9,34
S01009487,R S T U. Other,11,4,7
S01009487,Never worked,39,22,17
S01009488,All people aged 16 to 74 not in employment,169,73,96
S01009488,A B D E. Agriculture energy and water,4,4,0
S01009488,C. Manufacturing,20,10,10
S01009488,F. Construction,6,6,0
S01009488,G I. Distribution hotels and restaurants,26,11,15
S01009488,H J. Transport and communication,13,3,10
S01009488,K L M N. Financial real estate professional and administrative activities,19,6,13
S01009488,O P Q. Public administration education and health,41,13,28
S01009488,R S T U. Other,9,5,4
S01009488,Never worked,31,15,16
S01009489,All people aged 16 to 74 not in employment,269,122,147
S01009489,A B D E. Agriculture energy and water,17,16,1
S01009489,C. Manufacturing,32,20,12
S01009489,F. Construction,20,20,0
S01009489,G I. Distribution hotels and restaurants,36,10,26
S01009489,H J. Transport and communication,13,4,9
S01009489,K L M N. Financial real estate professional and administrative activities,32,12,20
S01009489,O P Q. Public administration education and health,53,14,39
S01009489,R S T U. Other,8,2,6
S01009489,Never worked,58,24,34
S01009490,All people aged 16 to 74 not in employment,300,134,166
S01009490,A B D E. Agriculture energy and water,15,10,5
S01009490,C. Manufacturing,36,16,20
S01009490,F. Construction,27,26,1
S01009490,G I. Distribution hotels and restaurants,44,18,26
S01009490,H J. Transport and communication,22,8,14
S01009490,K L M N. Financial real estate professional and administrative activities,32,14,18
S01009490,O P Q. Public administration education and health,55,16,39
S01009490,R S T U. Other,10,2,8
S01009490,Never worked,59,24,35
S01009491,All people aged 16 to 74 not in employment,250,102,148
S01009491,A B D E. Agriculture energy and water,14,11,3
S01009491,C. Manufacturing,38,16,22
S01009491,F. Construction,25,21,4
S01009491,G I. Distribution hotels and restaurants,53,24,29
S01009491,H J. Transport and communication,17,4,13
S01009491,K L M N. Financial real estate professional and administrative activities,14,3,11
S01009491,O P Q. Public administration education and health,46,12,34
S01009491,R S T U. Other,9,1,8
S01009491,Never worked,34,10,24
S01009492,All people aged 16 to 74 not in employment,234,98,136
S01009492,A B D E. Agriculture energy and water,12,10,2
S01009492,C. Manufacturing,37,15,22
S01009492,F. Construction,20,17,3
S01009492,G I. Distribution hotels and restaurants,41,16,25
S01009492,H J. Transport and communication,20,5,15
S01009492,K L M N. Financial real estate professional and administrative activities,19,6,13
S01009492,O P Q. Public administration education and health,44,15,29
S01009492,R S T U. Other,8,1,7
S01009492,Never worked,33,13,20
S01009493,All people aged 16 to 74 not in employment,242,105,137
S01009493,A B D E. Agriculture energy and water,3,2,1
S01009493,C. Manufacturing,30,17,13
S01009493,F. Construction,16,12,4
S01009493,G I. Distribution hotels and restaurants,35,10,25
S01009493,H J. Transport and communication,13,5,8
S01009493,K L M N. Financial real estate professional and administrative activities,28,14,14
S01009493,O P Q. Public administration education and health,95,33,62
S01009493,R S T U. Other,4,2,2
S01009493,Never worked,18,10,8
S01009494,All people aged 16 to 74 not in employment,187,83,104
S01009494,A B D E. Agriculture energy and water,4,4,0
S01009494,C. Manufacturing,21,15,6
S01009494,F. Construction,6,5,1
S01009494,G I. Distribution hotels and restaurants,36,12,24
S01009494,H J. Transport and communication,15,10,5
S01009494,K L M N. Financial real estate professional and administrative activities,16,10,6
S01009494,O P Q. Public administration education and health,58,11,47
S01009494,R S T U. Other,9,5,4
S01009494,Never worked,22,11,11
S01009495,All people aged 16 to 74 not in employment,198,87,111
S01009495,A B D E. Agriculture energy and water,3,3,0
S01009495,C. Manufacturing,22,14,8
S01009495,F. Construction,7,5,2
S01009495,G I. Distribution hotels and restaurants,33,15,18
S01009495,H J. Transport and communication,16,4,12
S01009495,K L M N. Financial real estate professional and administrative activities,26,9,17
S01009495,O P Q. Public administration education and health,49,17,32
S01009495,R S T U. Other,7,1,6
S01009495,Never worked,35,19,16
S01009496,All people aged 16 to 74 not in employment,212,83,129
S01009496,A B D E. Agriculture energy and water,8,7,1
S01009496,C. Manufacturing,25,13,12
S01009496,F. Construction,18,17,1
S01009496,G I. Distribution hotels and restaurants,45,12,33
S01009496,H J. Transport and communication,21,3,18
S01009496,K L M N. Financial real estate professional and administrative activities,13,4,9
S01009496,O P Q. Public administration education and health,40,12,28
S01009496,R S T U. Other,7,4,3
S01009496,Never worked,35,11,24
S01009497,All people aged 16 to 74 not in employment,264,113,151
S01009497,A B D E. Agriculture energy and water,5,4,1
S01009497,C. Manufacturing,23,13,10
S01009497,F. Construction,19,16,3
S01009497,G I. Distribution hotels and restaurants,61,28,33
S01009497,H J. Transport and communication,32,9,23
S01009497,K L M N. Financial real estate professional and administrative activities,14,3,11
S01009497,O P Q. Public administration education and health,55,12,43
S01009497,R S T U. Other,18,7,11
S01009497,Never worked,37,21,16
S01009498,All people aged 16 to 74 not in employment,198,90,108
S01009498,A B D E. Agriculture energy and water,4,3,1
S01009498,C. Manufacturing,19,12,7
S01009498,F. Construction,12,12,0
S01009498,G I. Distribution hotels and restaurants,26,8,18
S01009498,H J. Transport and communication,12,7,5
S01009498,K L M N. Financial real estate professional and administrative activities,21,10,11
S01009498,O P Q. Public administration education and health,81,26,55
S01009498,R S T U. Other,5,0,5
S01009498,Never worked,18,12,6
S01009499,All people aged 16 to 74 not in employment,250,107,143
S01009499,A B D E. Agriculture energy and water,6,3,3
S01009499,C. Manufacturing,28,23,5
S01009499,F. Construction,12,11,1
S01009499,G I. Distribution hotels and restaurants,45,21,24
S01009499,H J. Transport and communication,15,6,9
S01009499,K L M N. Financial real estate professional and administrative activities,29,9,20
S01009499,O P Q. Public administration education and health,76,20,56
S01009499,R S T U. Other,9,3,6
S01009499,Never worked,30,11,19
S01009500,All people aged 16 to 74 not in employment,238,98,140
S01009500,A B D E. Agriculture energy and water,3,1,2
S01009500,C. Manufacturing,27,14,13
S01009500,F. Construction,22,20,2
S01009500,G I. Distribution hotels and restaurants,46,17,29
S01009500,H J. Transport and communication,26,8,18
S01009500,K L M N. Financial real estate professional and administrative activities,10,2,8
S01009500,O P Q. Public administration education and health,39,8,31
S01009500,R S T U. Other,11,7,4
S01009500,Never worked,54,21,33
S01009501,All people aged 16 to 74 not in employment,213,96,117
S01009501,A B D E. Agriculture energy and water,7,4,3
S01009501,C. Manufacturing,22,15,7
S01009501,F. Construction,22,20,2
S01009501,G I. Distribution hotels and restaurants,47,22,25
S01009501,H J. Transport and communication,19,6,13
S01009501,K L M N. Financial real estate professional and administrative activities,14,5,9
S01009501,O P Q. Public administration education and health,31,3,28
S01009501,R S T U. Other,13,6,7
S01009501,Never worked,38,15,23
S01009502,All people aged 16 to 74 not in employment,233,98,135
S01009502,A B D E. Agriculture energy and water,5,4,1
S01009502,C. Manufacturing,36,18,18
S01009502,F. Construction,18,17,1
S01009502,G I. Distribution hotels and restaurants,51,20,31
S01009502,H J. Transport and communication,23,3,20
S01009502,K L M N. Financial real estate professional and administrative activities,19,11,8
S01009502,O P Q. Public administration education and health,42,11,31
S01009502,R S T U. Other,8,2,6
S01009502,Never worked,31,12,19
S01009503,All people aged 16 to 74 not in employment,172,78,94
S01009503,A B D E. Agriculture energy and water,3,2,1
S01009503,C. Manufacturing,23,18,5
S01009503,F. Construction,8,8,0
S01009503,G I. Distribution hotels and restaurants,46,15,31
S01009503,H J. Transport and communication,13,5,8
S01009503,K L M N. Financial real estate professional and administrative activities,22,8,14
S01009503,O P Q. Public administration education and health,28,10,18
S01009503,R S T U. Other,9,3,6
S01009503,Never worked,20,9,11
S01009504,All people aged 16 to 74 not in employment,223,107,116
S01009504,A B D E. Agriculture energy and water,8,8,0
S01009504,C. Manufacturing,25,18,7
S01009504,F. Construction,12,12,0
S01009504,G I. Distribution hotels and restaurants,59,21,38
S01009504,H J. Transport and communication,15,6,9
S01009504,K L M N. Financial real estate professional and administrative activities,16,10,6
S01009504,O P Q. Public administration education and health,38,8,30
S01009504,R S T U. Other,12,8,4
S01009504,Never worked,38,16,22
S01009505,All people aged 16 to 74 not in employment,279,107,172
S01009505,A B D E. Agriculture energy and water,3,2,1
S01009505,C. Manufacturing,25,13,12
S01009505,F. Construction,20,20,0
S01009505,G I. Distribution hotels and restaurants,54,21,33
S01009505,H J. Transport and communication,34,11,23
S01009505,K L M N. Financial real estate professional and administrative activities,19,5,14
S01009505,O P Q. Public administration education and health,42,7,35
S01009505,R S T U. Other,18,3,15
S01009505,Never worked,64,25,39
S01009506,All people aged 16 to 74 not in employment,233,100,133
S01009506,A B D E. Agriculture energy and water,6,4,2
S01009506,C. Manufacturing,25,14,11
S01009506,F. Construction,21,20,1
S01009506,G I. Distribution hotels and restaurants,55,22,33
S01009506,H J. Transport and communication,17,5,12
S01009506,K L M N. Financial real estate professional and administrative activities,13,4,9
S01009506,O P Q. Public administration education and health,34,5,29
S01009506,R S T U. Other,18,8,10
S01009506,Never worked,44,18,26
S01009507,All people aged 16 to 74 not in employment,198,78,120
S01009507,A B D E. Agriculture energy and water,7,3,4
S01009507,C. Manufacturing,20,10,10
S01009507,F. Construction,13,13,0
S01009507,G I. Distribution hotels and restaurants,28,8,20
S01009507,H J. Transport and communication,14,4,10
S01009507,K L M N. Financial real estate professional and administrative activities,30,14,16
S01009507,O P Q. Public administration education and health,37,6,31
S01009507,R S T U. Other,7,3,4
S01009507,Never worked,42,17,25
S01009508,All people aged 16 to 74 not in employment,303,142,161
S01009508,A B D E. Agriculture energy and water,5,3,2
S01009508,C. Manufacturing,32,15,17
S01009508,F. Construction,34,32,2
S01009508,G I. Distribution hotels and restaurants,65,32,33
S01009508,H J. Transport and communication,30,8,22
S01009508,K L M N. Financial real estate professional and administrative activities,26,10,16
S01009508,O P Q. Public administration education and health,41,12,29
S01009508,R S T U. Other,13,5,8
S01009508,Never worked,57,25,32
S01009509,All people aged 16 to 74 not in employment,290,134,156
S01009509,A B D E. Agriculture energy and water,2,2,0
S01009509,C. Manufacturing,35,19,16
S01009509,F. Construction,28,28,0
S01009509,G I. Distribution hotels and restaurants,56,25,31
S01009509,H J. Transport and communication,25,10,15
S01009509,K L M N. Financial real estate professional and administrative activities,23,12,11
S01009509,O P Q. Public administration education and health,54,15,39
S01009509,R S T U. Other,7,2,5
S01009509,Never worked,60,21,39
S01009510,All people aged 16 to 74 not in employment,205,88,117
S01009510,A B D E. Agriculture energy and water,3,3,0
S01009510,C. Manufacturing,24,15,9
S01009510,F. Construction,12,10,2
S01009510,G I. Distribution hotels and restaurants,45,18,27
S01009510,H J. Transport and communication,14,6,8
S01009510,K L M N. Financial real estate professional and administrative activities,17,7,10
S01009510,O P Q. Public administration education and health,65,20,45
S01009510,R S T U. Other,3,2,1
S01009510,Never worked,22,7,15
S01009511,All people aged 16 to 74 not in employment,155,63,92
S01009511,A B D E. Agriculture energy and water,4,1,3
S01009511,C. Manufacturing,21,12,9
S01009511,F. Construction,6,5,1
S01009511,G I. Distribution hotels and restaurants,24,5,19
S01009511,H J. Transport and communication,13,5,8
S01009511,K L M N. Financial real estate professional and administrative activities,15,8,7
S01009511,O P Q. Public administration education and health,50,16,34
S01009511,R S T U. Other,4,1,3
S01009511,Never worked,18,10,8
S01009512,All people aged 16 to 74 not in employment,185,75,110
S01009512,A B D E. Agriculture energy and water,1,1,0
S01009512,C. Manufacturing,16,11,5
S01009512,F. Construction,7,6,1
S01009512,G I. Distribution hotels and restaurants,45,15,30
S01009512,H J. Transport and communication,14,6,8
S01009512,K L M N. Financial real estate professional and administrative activities,10,2,8
S01009512,O P Q. Public administration education and health,66,22,44
S01009512,R S T U. Other,8,3,5
S01009512,Never worked,18,9,9
S01009513,All people aged 16 to 74 not in employment,161,75,86
S01009513,A B D E. Agriculture energy and water,4,3,1
S01009513,C. Manufacturing,24,18,6
S01009513,F. Construction,5,4,1
S01009513,G I. Distribution hotels and restaurants,23,10,13
S01009513,H J. Transport and communication,13,7,6
S01009513,K L M N. Financial real estate professional and administrative activities,16,9,7
S01009513,O P Q. Public administration education and health,54,14,40
S01009513,R S T U. Other,11,6,5
S01009513,Never worked,11,4,7
S01009514,All people aged 16 to 74 not in employment,149,71,78
S01009514,A B D E. Agriculture energy and water,4,3,1
S01009514,C. Manufacturing,10,7,3
S01009514,F. Construction,11,11,0
S01009514,G I. Distribution hotels and restaurants,40,14,26
S01009514,H J. Transport and communication,6,1,5
S01009514,K L M N. Financial real estate professional and administrative activities,12,6,6
S01009514,O P Q. Public administration education and health,46,20,26
S01009514,R S T U. Other,3,3,0
S01009514,Never worked,17,6,11
S01009515,All people aged 16 to 74 not in employment,217,96,121
S01009515,A B D E. Agriculture energy and water,4,4,0
S01009515,C. Manufacturing,32,15,17
S01009515,F. Construction,19,19,0
S01009515,G I. Distribution hotels and restaurants,46,18,28
S01009515,H J. Transport and communication,15,7,8
S01009515,K L M N. Financial real estate professional and administrative activities,16,8,8
S01009515,O P Q. Public administration education and health,42,7,35
S01009515,R S T U. Other,7,3,4
S01009515,Never worked,36,15,21
S01009516,All people aged 16 to 74 not in employment,267,123,144
S01009516,A B D E. Agriculture energy and water,5,5,0
S01009516,C. Manufacturing,31,21,10
S01009516,F. Construction,18,18,0
S01009516,G I. Distribution hotels and restaurants,56,22,34
S01009516,H J. Transport and communication,19,4,15
S01009516,K L M N. Financial real estate professional and administrative activities,24,12,12
S01009516,O P Q. Public administration education and health,65,15,50
S01009516,R S T U. Other,13,5,8
S01009516,Never worked,36,21,15
S01009517,All people aged 16 to 74 not in employment,133,60,73
S01009517,A B D E. Agriculture energy and water,1,1,0
S01009517,C. Manufacturing,6,6,0
S01009517,F. Construction,6,5,1
S01009517,G I. Distribution hotels and restaurants,21,6,15
S01009517,H J. Transport and communication,13,8,5
S01009517,K L M N. Financial real estate professional and administrative activities,15,7,8
S01009517,O P Q. Public administration education and health,36,12,24
S01009517,R S T U. Other,5,1,4
S01009517,Never worked,30,14,16
S01009518,All people aged 16 to 74 not in employment,90,34,56
S01009518,A B D E. Agriculture energy and water,0,0,0
S01009518,C. Manufacturing,12,6,6
S01009518,F. Construction,3,3,0
S01009518,G I. Distribution hotels and restaurants,18,6,12
S01009518,H J. Transport and communication,8,3,5
S01009518,K L M N. Financial real estate professional and administrative activities,7,5,2
S01009518,O P Q. Public administration education and health,20,4,16
S01009518,R S T U. Other,3,0,3
S01009518,Never worked,19,7,12
S01009519,All people aged 16 to 74 not in employment,128,57,71
S01009519,A B D E. Agriculture energy and water,4,3,1
S01009519,C. Manufacturing,10,6,4
S01009519,F. Construction,10,10,0
S01009519,G I. Distribution hotels and restaurants,27,11,16
S01009519,H J. Transport and communication,10,3,7
S01009519,K L M N. Financial real estate professional and administrative activities,13,5,8
S01009519,O P Q. Public administration education and health,24,7,17
S01009519,R S T U. Other,3,0,3
S01009519,Never worked,27,12,15
S01009520,All people aged 16 to 74 not in employment,208,82,126
S01009520,A B D E. Agriculture energy and water,4,3,1
S01009520,C. Manufacturing,25,15,10
S01009520,F. Construction,8,8,0
S01009520,G I. Distribution hotels and restaurants,37,9,28
S01009520,H J. Transport and communication,15,6,9
S01009520,K L M N. Financial real estate professional and administrative activities,20,5,15
S01009520,O P Q. Public administration education and health,56,14,42
S01009520,R S T U. Other,6,3,3
S01009520,Never worked,37,19,18
S01009521,All people aged 16 to 74 not in employment,336,154,182
S01009521,A B D E. Agriculture energy and water,8,6,2
S01009521,C. Manufacturing,42,26,16
S01009521,F. Construction,32,28,4
S01009521,G I. Distribution hotels and restaurants,59,30,29
S01009521,H J. Transport and communication,36,7,29
S01009521,K L M N. Financial real estate professional and administrative activities,22,9,13
S01009521,O P Q. Public administration education and health,68,18,50
S01009521,R S T U. Other,14,5,9
S01009521,Never worked,55,25,30
S01009522,All people aged 16 to 74 not in employment,297,135,162
S01009522,A B D E. Agriculture energy and water,7,7,0
S01009522,C. Manufacturing,29,14,15
S01009522,F. Construction,35,29,6
S01009522,G I. Distribution hotels and restaurants,46,23,23
S01009522,H J. Transport and communication,31,7,24
S01009522,K L M N. Financial real estate professional and administrative activities,28,8,20
S01009522,O P Q. Public administration education and health,44,11,33
S01009522,R S T U. Other,11,4,7
S01009522,Never worked,66,32,34
S01009523,All people aged 16 to 74 not in employment,220,88,132
S01009523,A B D E. Agriculture energy and water,12,5,7
S01009523,C. Manufacturing,23,13,10
S01009523,F. Construction,11,10,1
S01009523,G I. Distribution hotels and restaurants,45,17,28
S01009523,H J. Transport and communication,17,4,13
S01009523,K L M N. Financial real estate professional and administrative activities,11,1,10
S01009523,O P Q. Public administration education and health,37,9,28
S01009523,R S T U. Other,14,5,9
S01009523,Never worked,50,24,26
S01009524,All people aged 16 to 74 not in employment,226,105,121
S01009524,A B D E. Agriculture energy and water,9,6,3
S01009524,C. Manufacturing,26,13,13
S01009524,F. Construction,18,16,2
S01009524,G I. Distribution hotels and restaurants,41,16,25
S01009524,H J. Transport and communication,30,13,17
S01009524,K L M N. Financial real estate professional and administrative activities,17,8,9
S01009524,O P Q. Public administration education and health,36,10,26
S01009524,R S T U. Other,11,5,6
S01009524,Never worked,38,18,20
S01009525,All people aged 16 to 74 not in employment,174,73,101
S01009525,A B D E. Agriculture energy and water,8,7,1
S01009525,C. Manufacturing,16,10,6
S01009525,F. Construction,7,7,0
S01009525,G I. Distribution hotels and restaurants,38,11,27
S01009525,H J. Transport and communication,22,11,11
S01009525,K L M N. Financial real estate professional and administrative activities,7,1,6
S01009525,O P Q. Public administration education and health,30,4,26
S01009525,R S T U. Other,3,1,2
S01009525,Never worked,43,21,22
S01009526,All people aged 16 to 74 not in employment,139,55,84
S01009526,A B D E. Agriculture energy and water,3,1,2
S01009526,C. Manufacturing,11,6,5
S01009526,F. Construction,8,7,1
S01009526,G I. Distribution hotels and restaurants,36,15,21
S01009526,H J. Transport and communication,14,5,9
S01009526,K L M N. Financial real estate professional and administrative activities,15,9,6
S01009526,O P Q. Public administration education and health,32,6,26
S01009526,R S T U. Other,4,0,4
S01009526,Never worked,16,6,10
S01009527,All people aged 16 to 74 not in employment,192,93,99
S01009527,A B D E. Agriculture energy and water,6,4,2
S01009527,C. Manufacturing,18,10,8
S01009527,F. Construction,21,18,3
S01009527,G I. Distribution hotels and restaurants,42,18,24
S01009527,H J. Transport and communication,15,5,10
S01009527,K L M N. Financial real estate professional and administrative activities,16,10,6
S01009527,O P Q. Public administration education and health,41,11,30
S01009527,R S T U. Other,6,1,5
S01009527,Never worked,27,16,11
S01009528,All people aged 16 to 74 not in employment,164,79,85
S01009528,A B D E. Agriculture energy and water,11,9,2
S01009528,C. Manufacturing,23,18,5
S01009528,F. Construction,11,11,0
S01009528,G I. Distribution hotels and restaurants,31,10,21
S01009528,H J. Transport and communication,11,5,6
S01009528,K L M N. Financial real estate professional and administrative activities,14,6,8
S01009528,O P Q. Public administration education and health,42,12,30
S01009528,R S T U. Other,7,2,5
S01009528,Never worked,14,6,8
S01009529,All people aged 16 to 74 not in employment,147,74,73
S01009529,A B D E. Agriculture energy and water,1,1,0
S01009529,C. Manufacturing,17,13,4
S01009529,F. Construction,13,12,1
S01009529,G I. Distribution hotels and restaurants,24,10,14
S01009529,H J. Transport and communication,9,6,3
S01009529,K L M N. Financial real estate professional and administrative activities,22,8,14
S01009529,O P Q. Public administration education and health,45,15,30
S01009529,R S T U. Other,4,2,2
S01009529,Never worked,12,7,5
S01009530,All people aged 16 to 74 not in employment,131,61,70
S01009530,A B D E. Agriculture energy and water,2,2,0
S01009530,C. Manufacturing,21,11,10
S01009530,F. Construction,8,6,2
S01009530,G I. Distribution hotels and restaurants,24,10,14
S01009530,H J. Transport and communication,5,1,4
S01009530,K L M N. Financial real estate professional and administrative activities,9,4,5
S01009530,O P Q. Public administration education and health,41,14,27
S01009530,R S T U. Other,2,1,1
S01009530,Never worked,19,12,7
S01009531,All people aged 16 to 74 not in employment,296,135,161
S01009531,A B D E. Agriculture energy and water,9,7,2
S01009531,C. Manufacturing,54,26,28
S01009531,F. Construction,23,18,5
S01009531,G I. Distribution hotels and restaurants,59,29,30
S01009531,H J. Transport and communication,31,11,20
S01009531,K L M N. Financial real estate professional and administrative activities,22,12,10
S01009531,O P Q. Public administration education and health,48,11,37
S01009531,R S T U. Other,13,4,9
S01009531,Never worked,37,17,20
S01009532,All people aged 16 to 74 not in employment,317,146,171
S01009532,A B D E. Agriculture energy and water,16,14,2
S01009532,C. Manufacturing,37,20,17
S01009532,F. Construction,37,33,4
S01009532,G I. Distribution hotels and restaurants,48,19,29
S01009532,H J. Transport and communication,24,6,18
S01009532,K L M N. Financial real estate professional and administrative activities,32,13,19
S01009532,O P Q. Public administration education and health,69,21,48
S01009532,R S T U. Other,16,2,14
S01009532,Never worked,38,18,20
S01009533,All people aged 16 to 74 not in employment,234,108,126
S01009533,A B D E. Agriculture energy and water,6,5,1
S01009533,C. Manufacturing,24,13,11
S01009533,F. Construction,17,16,1
S01009533,G I. Distribution hotels and restaurants,51,22,29
S01009533,H J. Transport and communication,20,7,13
S01009533,K L M N. Financial real estate professional and administrative activities,27,13,14
S01009533,O P Q. Public administration education and health,48,8,40
S01009533,R S T U. Other,10,7,3
S01009533,Never worked,31,17,14
S01009534,All people aged 16 to 74 not in employment,301,131,170
S01009534,A B D E. Agriculture energy and water,4,2,2
S01009534,C. Manufacturing,37,24,13
S01009534,F. Construction,16,15,1
S01009534,G I. Distribution hotels and restaurants,60,26,34
S01009534,H J. Transport and communication,24,7,17
S01009534,K L M N. Financial real estate professional and administrative activities,30,14,16
S01009534,O P Q. Public administration education and health,49,13,36
S01009534,R S T U. Other,10,0,10
S01009534,Never worked,71,30,41
S01009535,All people aged 16 to 74 not in employment,221,101,120
S01009535,A B D E. Agriculture energy and water,4,4,0
S01009535,C. Manufacturing,26,13,13
S01009535,F. Construction,11,10,1
S01009535,G I. Distribution hotels and restaurants,36,14,22
S01009535,H J. Transport and communication,30,9,21
S01009535,K L M N. Financial real estate professional and administrative activities,31,18,13
S01009535,O P Q. Public administration education and health,29,8,21
S01009535,R S T U. Other,10,2,8
S01009535,Never worked,44,23,21
S01009536,All people aged 16 to 74 not in employment,155,76,79
S01009536,A B D E. Agriculture energy and water,7,6,1
S01009536,C. Manufacturing,19,10,9
S01009536,F. Construction,11,8,3
S01009536,G I. Distribution hotels and restaurants,29,10,19
S01009536,H J. Transport and communication,13,6,7
S01009536,K L M N. Financial real estate professional and administrative activities,21,12,9
S01009536,O P Q. Public administration education and health,22,7,15
S01009536,R S T U. Other,10,5,5
S01009536,Never worked,23,12,11
S01009537,All people aged 16 to 74 not in employment,183,93,90
S01009537,A B D E. Agriculture energy and water,5,5,0
S01009537,C. Manufacturing,22,13,9
S01009537,F. Construction,15,14,1
S01009537,G I. Distribution hotels and restaurants,39,19,20
S01009537,H J. Transport and communication,16,4,12
S01009537,K L M N. Financial real estate professional and administrative activities,19,8,11
S01009537,O P Q. Public administration education and health,37,10,27
S01009537,R S T U. Other,6,3,3
S01009537,Never worked,24,17,7
S01009538,All people aged 16 to 74 not in employment,252,118,134
S01009538,A B D E. Agriculture energy and water,8,5,3
S01009538,C. Manufacturing,25,16,9
S01009538,F. Construction,15,14,1
S01009538,G I. Distribution hotels and restaurants,41,22,19
S01009538,H J. Transport and communication,22,7,15
S01009538,K L M N. Financial real estate professional and administrative activities,26,15,11
S01009538,O P Q. Public administration education and health,53,12,41
S01009538,R S T U. Other,16,7,9
S01009538,Never worked,46,20,26
S01009539,All people aged 16 to 74 not in employment,236,106,130
S01009539,A B D E. Agriculture energy and water,8,7,1
S01009539,C. Manufacturing,32,20,12
S01009539,F. Construction,9,9,0
S01009539,G I. Distribution hotels and restaurants,59,22,37
S01009539,H J. Transport and communication,16,4,12
S01009539,K L M N. Financial real estate professional and administrative activities,28,12,16
S01009539,O P Q. Public administration education and health,53,13,40
S01009539,R S T U. Other,9,6,3
S01009539,Never worked,22,13,9
S01009540,All people aged 16 to 74 not in employment,262,133,129
S01009540,A B D E. Agriculture energy and water,4,2,2
S01009540,C. Manufacturing,37,29,8
S01009540,F. Construction,20,19,1
S01009540,G I. Distribution hotels and restaurants,54,26,28
S01009540,H J. Transport and communication,23,8,15
S01009540,K L M N. Financial real estate professional and administrative activities,28,14,14
S01009540,O P Q. Public administration education and health,33,9,24
S01009540,R S T U. Other,12,2,10
S01009540,Never worked,51,24,27
S01009541,All people aged 16 to 74 not in employment,195,83,112
S01009541,A B D E. Agriculture energy and water,9,6,3
S01009541,C. Manufacturing,21,14,7
S01009541,F. Construction,14,13,1
S01009541,G I. Distribution hotels and restaurants,35,16,19
S01009541,H J. Transport and communication,11,5,6
S01009541,K L M N. Financial real estate professional and administrative activities,21,8,13
S01009541,O P Q. Public administration education and health,37,6,31
S01009541,R S T U. Other,5,0,5
S01009541,Never worked,42,15,27
S01009542,All people aged 16 to 74 not in employment,241,116,125
S01009542,A B D E. Agriculture energy and water,16,14,2
S01009542,C. Manufacturing,34,16,18
S01009542,F. Construction,15,14,1
S01009542,G I. Distribution hotels and restaurants,48,26,22
S01009542,H J. Transport and communication,19,7,12
S01009542,K L M N. Financial real estate professional and administrative activities,32,15,17
S01009542,O P Q. Public administration education and health,27,5,22
S01009542,R S T U. Other,12,3,9
S01009542,Never worked,38,16,22
S01009543,All people aged 16 to 74 not in employment,166,68,98
S01009543,A B D E. Agriculture energy and water,6,4,2
S01009543,C. Manufacturing,31,15,16
S01009543,F. Construction,14,12,2
S01009543,G I. Distribution hotels and restaurants,31,14,17
S01009543,H J. Transport and communication,12,2,10
S01009543,K L M N. Financial real estate professional and administrative activities,11,6,5
S01009543,O P Q. Public administration education and health,40,10,30
S01009543,R S T U. Other,3,0,3
S01009543,Never worked,18,5,13
S01009544,All people aged 16 to 74 not in employment,227,97,130
S01009544,A B D E. Agriculture energy and water,9,5,4
S01009544,C. Manufacturing,37,21,16
S01009544,F. Construction,19,18,1
S01009544,G I. Distribution hotels and restaurants,42,15,27
S01009544,H J. Transport and communication,15,4,11
S01009544,K L M N. Financial real estate professional and administrative activities,18,3,15
S01009544,O P Q. Public administration education and health,52,14,38
S01009544,R S T U. Other,12,3,9
S01009544,Never worked,23,14,9
S01009545,All people aged 16 to 74 not in employment,229,101,128
S01009545,A B D E. Agriculture energy and water,10,6,4
S01009545,C. Manufacturing,32,16,16
S01009545,F. Construction,19,16,3
S01009545,G I. Distribution hotels and restaurants,32,6,26
S01009545,H J. Transport and communication,18,4,14
S01009545,K L M N. Financial real estate professional and administrative activities,12,3,9
S01009545,O P Q. Public administration education and health,49,19,30
S01009545,R S T U. Other,16,9,7
S01009545,Never worked,41,22,19
S01009546,All people aged 16 to 74 not in employment,240,111,129
S01009546,A B D E. Agriculture energy and water,17,9,8
S01009546,C. Manufacturing,49,28,21
S01009546,F. Construction,19,17,2
S01009546,G I. Distribution hotels and restaurants,29,10,19
S01009546,H J. Transport and communication,14,6,8
S01009546,K L M N. Financial real estate professional and administrative activities,20,11,9
S01009546,O P Q. Public administration education and health,30,5,25
S01009546,R S T U. Other,12,3,9
S01009546,Never worked,50,22,28
S01009547,All people aged 16 to 74 not in employment,205,94,111
S01009547,A B D E. Agriculture energy and water,9,6,3
S01009547,C. Manufacturing,39,20,19
S01009547,F. Construction,21,20,1
S01009547,G I. Distribution hotels and restaurants,39,13,26
S01009547,H J. Transport and communication,19,6,13
S01009547,K L M N. Financial real estate professional and administrative activities,13,5,8
S01009547,O P Q. Public administration education and health,22,5,17
S01009547,R S T U. Other,4,1,3
S01009547,Never worked,39,18,21
S01009548,All people aged 16 to 74 not in employment,195,94,101
S01009548,A B D E. Agriculture energy and water,4,3,1
S01009548,C. Manufacturing,28,11,17
S01009548,F. Construction,12,11,1
S01009548,G I. Distribution hotels and restaurants,41,17,24
S01009548,H J. Transport and communication,13,2,11
S01009548,K L M N. Financial real estate professional and administrative activities,18,11,7
S01009548,O P Q. Public administration education and health,41,17,24
S01009548,R S T U. Other,10,4,6
S01009548,Never worked,28,18,10
S01009549,All people aged 16 to 74 not in employment,189,84,105
S01009549,A B D E. Agriculture energy and water,4,3,1
S01009549,C. Manufacturing,27,14,13
S01009549,F. Construction,14,12,2
S01009549,G I. Distribution hotels and restaurants,53,22,31
S01009549,H J. Transport and communication,16,3,13
S01009549,K L M N. Financial real estate professional and administrative activities,11,4,7
S01009549,O P Q. Public administration education and health,32,10,22
S01009549,R S T U. Other,10,1,9
S01009549,Never worked,22,15,7
S01009550,All people aged 16 to 74 not in employment,120,51,69
S01009550,A B D E. Agriculture energy and water,5,2,3
S01009550,C. Manufacturing,18,7,11
S01009550,F. Construction,6,5,1
S01009550,G I. Distribution hotels and restaurants,26,12,14
S01009550,H J. Transport and communication,10,2,8
S01009550,K L M N. Financial real estate professional and administrative activities,8,4,4
S01009550,O P Q. Public administration education and health,20,6,14
S01009550,R S T U. Other,6,3,3
S01009550,Never worked,21,10,11
S01009551,All people aged 16 to 74 not in employment,152,58,94
S01009551,A B D E. Agriculture energy and water,3,1,2
S01009551,C. Manufacturing,22,13,9
S01009551,F. Construction,11,10,1
S01009551,G I. Distribution hotels and restaurants,30,16,14
S01009551,H J. Transport and communication,9,1,8
S01009551,K L M N. Financial real estate professional and administrative activities,11,1,10
S01009551,O P Q. Public administration education and health,40,8,32
S01009551,R S T U. Other,2,1,1
S01009551,Never worked,24,7,17
S01009552,All people aged 16 to 74 not in employment,237,99,138
S01009552,A B D E. Agriculture energy and water,4,3,1
S01009552,C. Manufacturing,51,28,23
S01009552,F. Construction,18,17,1
S01009552,G I. Distribution hotels and restaurants,31,12,19
S01009552,H J. Transport and communication,21,6,15
S01009552,K L M N. Financial real estate professional and administrative activities,18,6,12
S01009552,O P Q. Public administration education and health,60,13,47
S01009552,R S T U. Other,10,2,8
S01009552,Never worked,24,12,12
S01009553,All people aged 16 to 74 not in employment,280,122,158
S01009553,A B D E. Agriculture energy and water,5,2,3
S01009553,C. Manufacturing,64,31,33
S01009553,F. Construction,23,22,1
S01009553,G I. Distribution hotels and restaurants,49,20,29
S01009553,H J. Transport and communication,21,5,16
S01009553,K L M N. Financial real estate professional and administrative activities,18,8,10
S01009553,O P Q. Public administration education and health,38,6,32
S01009553,R S T U. Other,8,4,4
S01009553,Never worked,54,24,30
S01009554,All people aged 16 to 74 not in employment,210,98,112
S01009554,A B D E. Agriculture energy and water,5,4,1
S01009554,C. Manufacturing,39,21,18
S01009554,F. Construction,11,9,2
S01009554,G I. Distribution hotels and restaurants,34,14,20
S01009554,H J. Transport and communication,25,9,16
S01009554,K L M N. Financial real estate professional and administrative activities,19,12,7
S01009554,O P Q. Public administration education and health,37,11,26
S01009554,R S T U. Other,8,2,6
S01009554,Never worked,32,16,16
S01009555,All people aged 16 to 74 not in employment,202,88,114
S01009555,A B D E. Agriculture energy and water,3,3,0
S01009555,C. Manufacturing,37,20,17
S01009555,F. Construction,17,16,1
S01009555,G I. Distribution hotels and restaurants,46,19,27
S01009555,H J. Transport and communication,16,6,10
S01009555,K L M N. Financial real estate professional and administrative activities,9,1,8
S01009555,O P Q. Public administration education and health,44,15,29
S01009555,R S T U. Other,5,1,4
S01009555,Never worked,25,7,18
S01009556,All people aged 16 to 74 not in employment,213,103,110
S01009556,A B D E. Agriculture energy and water,10,5,5
S01009556,C. Manufacturing,39,20,19
S01009556,F. Construction,17,17,0
S01009556,G I. Distribution hotels and restaurants,43,19,24
S01009556,H J. Transport and communication,16,5,11
S01009556,K L M N. Financial real estate professional and administrative activities,17,6,11
S01009556,O P Q. Public administration education and health,29,9,20
S01009556,R S T U. Other,7,1,6
S01009556,Never worked,35,21,14
S01009557,All people aged 16 to 74 not in employment,231,108,123
S01009557,A B D E. Agriculture energy and water,4,3,1
S01009557,C. Manufacturing,40,21,19
S01009557,F. Construction,20,20,0
S01009557,G I. Distribution hotels and restaurants,49,21,28
S01009557,H J. Transport and communication,17,7,10
S01009557,K L M N. Financial real estate professional and administrative activities,21,8,13
S01009557,O P Q. Public administration education and health,38,9,29
S01009557,R S T U. Other,9,5,4
S01009557,Never worked,33,14,19
S01009558,All people aged 16 to 74 not in employment,234,95,139
S01009558,A B D E. Agriculture energy and water,5,4,1
S01009558,C. Manufacturing,27,15,12
S01009558,F. Construction,14,14,0
S01009558,G I. Distribution hotels and restaurants,52,21,31
S01009558,H J. Transport and communication,15,5,10
S01009558,K L M N. Financial real estate professional and administrative activities,29,8,21
S01009558,O P Q. Public administration education and health,30,2,28
S01009558,R S T U. Other,14,6,8
S01009558,Never worked,48,20,28
S01009559,All people aged 16 to 74 not in employment,294,128,166
S01009559,A B D E. Agriculture energy and water,6,2,4
S01009559,C. Manufacturing,39,17,22
S01009559,F. Construction,27,24,3
S01009559,G I. Distribution hotels and restaurants,60,26,34
S01009559,H J. Transport and communication,29,6,23
S01009559,K L M N. Financial real estate professional and administrative activities,20,6,14
S01009559,O P Q. Public administration education and health,38,14,24
S01009559,R S T U. Other,10,7,3
S01009559,Never worked,65,26,39
S01009560,All people aged 16 to 74 not in employment,263,104,159
S01009560,A B D E. Agriculture energy and water,5,1,4
S01009560,C. Manufacturing,42,24,18
S01009560,F. Construction,19,18,1
S01009560,G I. Distribution hotels and restaurants,44,17,27
S01009560,H J. Transport and communication,17,6,11
S01009560,K L M N. Financial real estate professional and administrative activities,21,6,15
S01009560,O P Q. Public administration education and health,53,13,40
S01009560,R S T U. Other,9,0,9
S01009560,Never worked,53,19,34
S01009561,All people aged 16 to 74 not in employment,172,85,87
S01009561,A B D E. Agriculture energy and water,8,2,6
S01009561,C. Manufacturing,35,22,13
S01009561,F. Construction,12,11,1
S01009561,G I. Distribution hotels and restaurants,29,11,18
S01009561,H J. Transport and communication,18,10,8
S01009561,K L M N. Financial real estate professional and administrative activities,13,5,8
S01009561,O P Q. Public administration education and health,23,6,17
S01009561,R S T U. Other,8,4,4
S01009561,Never worked,26,14,12
S01009562,All people aged 16 to 74 not in employment,215,90,125
S01009562,A B D E. Agriculture energy and water,6,4,2
S01009562,C. Manufacturing,46,16,30
S01009562,F. Construction,15,14,1
S01009562,G I. Distribution hotels and restaurants,38,14,24
S01009562,H J. Transport and communication,12,3,9
S01009562,K L M N. Financial real estate professional and administrative activities,15,7,8
S01009562,O P Q. Public administration education and health,47,14,33
S01009562,R S T U. Other,6,2,4
S01009562,Never worked,30,16,14
S01009563,All people aged 16 to 74 not in employment,236,102,134
S01009563,A B D E. Agriculture energy and water,6,6,0
S01009563,C. Manufacturing,50,22,28
S01009563,F. Construction,15,15,0
S01009563,G I. Distribution hotels and restaurants,36,18,18
S01009563,H J. Transport and communication,18,7,11
S01009563,K L M N. Financial real estate professional and administrative activities,11,3,8
S01009563,O P Q. Public administration education and health,50,9,41
S01009563,R S T U. Other,11,7,4
S01009563,Never worked,39,15,24
S01009564,All people aged 16 to 74 not in employment,187,74,113
S01009564,A B D E. Agriculture energy and water,5,3,2
S01009564,C. Manufacturing,41,24,17
S01009564,F. Construction,5,3,2
S01009564,G I. Distribution hotels and restaurants,27,10,17
S01009564,H J. Transport and communication,13,2,11
S01009564,K L M N. Financial real estate professional and administrative activities,22,9,13
S01009564,O P Q. Public administration education and health,48,11,37
S01009564,R S T U. Other,6,2,4
S01009564,Never worked,20,10,10
S01009565,All people aged 16 to 74 not in employment,201,83,118
S01009565,A B D E. Agriculture energy and water,7,5,2
S01009565,C. Manufacturing,24,13,11
S01009565,F. Construction,13,11,2
S01009565,G I. Distribution hotels and restaurants,40,13,27
S01009565,H J. Transport and communication,9,3,6
S01009565,K L M N. Financial real estate professional and administrative activities,15,5,10
S01009565,O P Q. Public administration education and health,41,8,33
S01009565,R S T U. Other,10,4,6
S01009565,Never worked,42,21,21
S01009566,All people aged 16 to 74 not in employment,251,97,154
S01009566,A B D E. Agriculture energy and water,7,4,3
S01009566,C. Manufacturing,33,18,15
S01009566,F. Construction,17,16,1
S01009566,G I. Distribution hotels and restaurants,36,12,24
S01009566,H J. Transport and communication,24,4,20
S01009566,K L M N. Financial real estate professional and administrative activities,20,12,8
S01009566,O P Q. Public administration education and health,60,11,49
S01009566,R S T U. Other,8,4,4
S01009566,Never worked,46,16,30
S01009567,All people aged 16 to 74 not in employment,264,118,146
S01009567,A B D E. Agriculture energy and water,6,5,1
S01009567,C. Manufacturing,35,19,16
S01009567,F. Construction,27,26,1
S01009567,G I. Distribution hotels and restaurants,38,15,23
S01009567,H J. Transport and communication,20,3,17
S01009567,K L M N. Financial real estate professional and administrative activities,30,17,13
S01009567,O P Q. Public administration education and health,63,16,47
S01009567,R S T U. Other,10,1,9
S01009567,Never worked,35,16,19
S01009568,All people aged 16 to 74 not in employment,217,88,129
S01009568,A B D E. Agriculture energy and water,9,5,4
S01009568,C. Manufacturing,38,23,15
S01009568,F. Construction,11,10,1
S01009568,G I. Distribution hotels and restaurants,42,15,27
S01009568,H J. Transport and communication,13,1,12
S01009568,K L M N. Financial real estate professional and administrative activities,21,8,13
S01009568,O P Q. Public administration education and health,41,10,31
S01009568,R S T U. Other,9,3,6
S01009568,Never worked,33,13,20
S01009569,All people aged 16 to 74 not in employment,240,99,141
S01009569,A B D E. Agriculture energy and water,10,8,2
S01009569,C. Manufacturing,56,28,28
S01009569,F. Construction,16,15,1
S01009569,G I. Distribution hotels and restaurants,31,15,16
S01009569,H J. Transport and communication,19,6,13
S01009569,K L M N. Financial real estate professional and administrative activities,31,13,18
S01009569,O P Q. Public administration education and health,35,3,32
S01009569,R S T U. Other,11,1,10
S01009569,Never worked,31,10,21
S01009570,All people aged 16 to 74 not in employment,163,67,96
S01009570,A B D E. Agriculture energy and water,2,0,2
S01009570,C. Manufacturing,23,11,12
S01009570,F. Construction,13,11,2
S01009570,G I. Distribution hotels and restaurants,30,10,20
S01009570,H J. Transport and communication,11,5,6
S01009570,K L M N. Financial real estate professional and administrative activities,13,5,8
S01009570,O P Q. Public administration education and health,26,5,21
S01009570,R S T U. Other,9,3,6
S01009570,Never worked,36,17,19
S01009571,All people aged 16 to 74 not in employment,247,120,127
S01009571,A B D E. Agriculture energy and water,8,6,2
S01009571,C. Manufacturing,51,31,20
S01009571,F. Construction,17,15,2
S01009571,G I. Distribution hotels and restaurants,40,19,21
S01009571,H J. Transport and communication,14,3,11
S01009571,K L M N. Financial real estate professional and administrative activities,18,7,11
S01009571,O P Q. Public administration education and health,30,8,22
S01009571,R S T U. Other,11,4,7
S01009571,Never worked,58,27,31
S01009572,All people aged 16 to 74 not in employment,348,162,186
S01009572,A B D E. Agriculture energy and water,12,5,7
S01009572,C. Manufacturing,67,33,34
S01009572,F. Construction,32,32,0
S01009572,G I. Distribution hotels and restaurants,50,22,28
S01009572,H J. Transport and communication,24,11,13
S01009572,K L M N. Financial real estate professional and administrative activities,28,12,16
S01009572,O P Q. Public administration education and health,48,11,37
S01009572,R S T U. Other,14,4,10
S01009572,Never worked,73,32,41
S01009573,All people aged 16 to 74 not in employment,263,109,154
S01009573,A B D E. Agriculture energy and water,11,6,5
S01009573,C. Manufacturing,52,23,29
S01009573,F. Construction,17,16,1
S01009573,G I. Distribution hotels and restaurants,32,14,18
S01009573,H J. Transport and communication,18,5,13
S01009573,K L M N. Financial real estate professional and administrative activities,24,14,10
S01009573,O P Q. Public administration education and health,33,6,27
S01009573,R S T U. Other,9,1,8
S01009573,Never worked,67,24,43
S01009574,All people aged 16 to 74 not in employment,278,109,169
S01009574,A B D E. Agriculture energy and water,6,5,1
S01009574,C. Manufacturing,67,26,41
S01009574,F. Construction,21,18,3
S01009574,G I. Distribution hotels and restaurants,45,23,22
S01009574,H J. Transport and communication,17,3,14
S01009574,K L M N. Financial real estate professional and administrative activities,23,6,17
S01009574,O P Q. Public administration education and health,46,11,35
S01009574,R S T U. Other,14,4,10
S01009574,Never worked,39,13,26
S01009575,All people aged 16 to 74 not in employment,142,62,80
S01009575,A B D E. Agriculture energy and water,2,1,1
S01009575,C. Manufacturing,16,8,8
S01009575,F. Construction,12,12,0
S01009575,G I. Distribution hotels and restaurants,24,14,10
S01009575,H J. Transport and communication,15,2,13
S01009575,K L M N. Financial real estate professional and administrative activities,14,6,8
S01009575,O P Q. Public administration education and health,32,9,23
S01009575,R S T U. Other,10,2,8
S01009575,Never worked,17,8,9
S01009576,All people aged 16 to 74 not in employment,140,58,82
S01009576,A B D E. Agriculture energy and water,4,2,2
S01009576,C. Manufacturing,21,12,9
S01009576,F. Construction,5,5,0
S01009576,G I. Distribution hotels and restaurants,26,11,15
S01009576,H J. Transport and communication,8,4,4
S01009576,K L M N. Financial real estate professional and administrative activities,11,5,6
S01009576,O P Q. Public administration education and health,45,13,32
S01009576,R S T U. Other,5,1,4
S01009576,Never worked,15,5,10
S01009577,All people aged 16 to 74 not in employment,195,85,110
S01009577,A B D E. Agriculture energy and water,4,4,0
S01009577,C. Manufacturing,24,11,13
S01009577,F. Construction,13,10,3
S01009577,G I. Distribution hotels and restaurants,29,12,17
S01009577,H J. Transport and communication,16,8,8
S01009577,K L M N. Financial real estate professional and administrative activities,27,13,14
S01009577,O P Q. Public administration education and health,41,13,28
S01009577,R S T U. Other,6,1,5
S01009577,Never worked,35,13,22
S01009578,All people aged 16 to 74 not in employment,200,82,118
S01009578,A B D E. Agriculture energy and water,4,3,1
S01009578,C. Manufacturing,31,14,17
S01009578,F. Construction,8,8,0
S01009578,G I. Distribution hotels and restaurants,34,12,22
S01009578,H J. Transport and communication,16,10,6
S01009578,K L M N. Financial real estate professional and administrative activities,16,6,10
S01009578,O P Q. Public administration education and health,37,10,27
S01009578,R S T U. Other,6,0,6
S01009578,Never worked,48,19,29
S01009579,All people aged 16 to 74 not in employment,291,140,151
S01009579,A B D E. Agriculture energy and water,11,10,1
S01009579,C. Manufacturing,55,36,19
S01009579,F. Construction,11,10,1
S01009579,G I. Distribution hotels and restaurants,58,28,30
S01009579,H J. Transport and communication,22,7,15
S01009579,K L M N. Financial real estate professional and administrative activities,18,8,10
S01009579,O P Q. Public administration education and health,56,12,44
S01009579,R S T U. Other,15,6,9
S01009579,Never worked,45,23,22
S01009580,All people aged 16 to 74 not in employment,171,70,101
S01009580,A B D E. Agriculture energy and water,2,2,0
S01009580,C. Manufacturing,23,13,10
S01009580,F. Construction,4,3,1
S01009580,G I. Distribution hotels and restaurants,33,17,16
S01009580,H J. Transport and communication,7,2,5
S01009580,K L M N. Financial real estate professional and administrative activities,14,4,10
S01009580,O P Q. Public administration education and health,47,16,31
S01009580,R S T U. Other,4,1,3
S01009580,Never worked,37,12,25
S01009581,All people aged 16 to 74 not in employment,185,81,104
S01009581,A B D E. Agriculture energy and water,3,2,1
S01009581,C. Manufacturing,34,20,14
S01009581,F. Construction,13,13,0
S01009581,G I. Distribution hotels and restaurants,39,8,31
S01009581,H J. Transport and communication,11,2,9
S01009581,K L M N. Financial real estate professional and administrative activities,14,7,7
S01009581,O P Q. Public administration education and health,37,12,25
S01009581,R S T U. Other,14,4,10
S01009581,Never worked,20,13,7
S01009582,All people aged 16 to 74 not in employment,126,37,89
S01009582,A B D E. Agriculture energy and water,2,0,2
S01009582,C. Manufacturing,28,11,17
S01009582,F. Construction,10,9,1
S01009582,G I. Distribution hotels and restaurants,20,5,15
S01009582,H J. Transport and communication,8,2,6
S01009582,K L M N. Financial real estate professional and administrative activities,14,5,9
S01009582,O P Q. Public administration education and health,30,2,28
S01009582,R S T U. Other,8,1,7
S01009582,Never worked,6,2,4
S01009583,All people aged 16 to 74 not in employment,227,86,141
S01009583,A B D E. Agriculture energy and water,4,3,1
S01009583,C. Manufacturing,35,16,19
S01009583,F. Construction,18,15,3
S01009583,G I. Distribution hotels and restaurants,44,12,32
S01009583,H J. Transport and communication,12,3,9
S01009583,K L M N. Financial real estate professional and administrative activities,22,6,16
S01009583,O P Q. Public administration education and health,40,13,27
S01009583,R S T U. Other,10,4,6
S01009583,Never worked,42,14,28
S01009584,All people aged 16 to 74 not in employment,132,53,79
S01009584,A B D E. Agriculture energy and water,2,1,1
S01009584,C. Manufacturing,26,18,8
S01009584,F. Construction,5,4,1
S01009584,G I. Distribution hotels and restaurants,18,7,11
S01009584,H J. Transport and communication,11,3,8
S01009584,K L M N. Financial real estate professional and administrative activities,13,5,8
S01009584,O P Q. Public administration education and health,41,7,34
S01009584,R S T U. Other,4,1,3
S01009584,Never worked,12,7,5
S01009585,All people aged 16 to 74 not in employment,256,110,146
S01009585,A B D E. Agriculture energy and water,6,5,1
S01009585,C. Manufacturing,49,27,22
S01009585,F. Construction,21,18,3
S01009585,G I. Distribution hotels and restaurants,55,16,39
S01009585,H J. Transport and communication,16,3,13
S01009585,K L M N. Financial real estate professional and administrative activities,18,5,13
S01009585,O P Q. Public administration education and health,42,10,32
S01009585,R S T U. Other,8,4,4
S01009585,Never worked,41,22,19
S01009586,All people aged 16 to 74 not in employment,232,95,137
S01009586,A B D E. Agriculture energy and water,7,4,3
S01009586,C. Manufacturing,42,23,19
S01009586,F. Construction,13,11,2
S01009586,G I. Distribution hotels and restaurants,35,14,21
S01009586,H J. Transport and communication,14,4,10
S01009586,K L M N. Financial real estate professional and administrative activities,21,8,13
S01009586,O P Q. Public administration education and health,52,9,43
S01009586,R S T U. Other,10,6,4
S01009586,Never worked,38,16,22
S01009587,All people aged 16 to 74 not in employment,219,102,117
S01009587,A B D E. Agriculture energy and water,6,6,0
S01009587,C. Manufacturing,51,26,25
S01009587,F. Construction,18,17,1
S01009587,G I. Distribution hotels and restaurants,40,12,28
S01009587,H J. Transport and communication,15,6,9
S01009587,K L M N. Financial real estate professional and administrative activities,14,5,9
S01009587,O P Q. Public administration education and health,43,13,30
S01009587,R S T U. Other,8,0,8
S01009587,Never worked,24,17,7
S01009588,All people aged 16 to 74 not in employment,274,121,153
S01009588,A B D E. Agriculture energy and water,5,4,1
S01009588,C. Manufacturing,49,25,24
S01009588,F. Construction,20,16,4
S01009588,G I. Distribution hotels and restaurants,50,20,30
S01009588,H J. Transport and communication,19,6,13
S01009588,K L M N. Financial real estate professional and administrative activities,22,9,13
S01009588,O P Q. Public administration education and health,43,14,29
S01009588,R S T U. Other,10,2,8
S01009588,Never worked,56,25,31
S01009589,All people aged 16 to 74 not in employment,238,106,132
S01009589,A B D E. Agriculture energy and water,6,5,1
S01009589,C. Manufacturing,38,15,23
S01009589,F. Construction,25,23,2
S01009589,G I. Distribution hotels and restaurants,42,18,24
S01009589,H J. Transport and communication,10,2,8
S01009589,K L M N. Financial real estate professional and administrative activities,14,8,6
S01009589,O P Q. Public administration education and health,43,9,34
S01009589,R S T U. Other,8,2,6
S01009589,Never worked,52,24,28
S01009590,All people aged 16 to 74 not in employment,178,83,95
S01009590,A B D E. Agriculture energy and water,4,4,0
S01009590,C. Manufacturing,21,9,12
S01009590,F. Construction,10,10,0
S01009590,G I. Distribution hotels and restaurants,28,11,17
S01009590,H J. Transport and communication,14,7,7
S01009590,K L M N. Financial real estate professional and administrative activities,16,8,8
S01009590,O P Q. Public administration education and health,45,12,33
S01009590,R S T U. Other,6,2,4
S01009590,Never worked,34,20,14
S01009591,All people aged 16 to 74 not in employment,165,77,88
S01009591,A B D E. Agriculture energy and water,5,5,0
S01009591,C. Manufacturing,26,12,14
S01009591,F. Construction,10,9,1
S01009591,G I. Distribution hotels and restaurants,28,12,16
S01009591,H J. Transport and communication,6,1,5
S01009591,K L M N. Financial real estate professional and administrative activities,12,7,5
S01009591,O P Q. Public administration education and health,52,17,35
S01009591,R S T U. Other,8,5,3
S01009591,Never worked,18,9,9
S01009592,All people aged 16 to 74 not in employment,178,66,112
S01009592,A B D E. Agriculture energy and water,7,4,3
S01009592,C. Manufacturing,24,7,17
S01009592,F. Construction,13,12,1
S01009592,G I. Distribution hotels and restaurants,33,13,20
S01009592,H J. Transport and communication,13,4,9
S01009592,K L M N. Financial real estate professional and administrative activities,15,6,9
S01009592,O P Q. Public administration education and health,53,14,39
S01009592,R S T U. Other,8,4,4
S01009592,Never worked,12,2,10
S01009593,All people aged 16 to 74 not in employment,139,63,76
S01009593,A B D E. Agriculture energy and water,5,2,3
S01009593,C. Manufacturing,16,10,6
S01009593,F. Construction,10,9,1
S01009593,G I. Distribution hotels and restaurants,30,11,19
S01009593,H J. Transport and communication,6,2,4
S01009593,K L M N. Financial real estate professional and administrative activities,15,7,8
S01009593,O P Q. Public administration education and health,28,5,23
S01009593,R S T U. Other,5,5,0
S01009593,Never worked,24,12,12
S01009594,All people aged 16 to 74 not in employment,151,72,79
S01009594,A B D E. Agriculture energy and water,5,4,1
S01009594,C. Manufacturing,21,8,13
S01009594,F. Construction,8,7,1
S01009594,G I. Distribution hotels and restaurants,27,11,16
S01009594,H J. Transport and communication,7,4,3
S01009594,K L M N. Financial real estate professional and administrative activities,12,6,6
S01009594,O P Q. Public administration education and health,40,13,27
S01009594,R S T U. Other,8,5,3
S01009594,Never worked,23,14,9
S01009595,All people aged 16 to 74 not in employment,110,50,60
S01009595,A B D E. Agriculture energy and water,3,1,2
S01009595,C. Manufacturing,15,6,9
S01009595,F. Construction,5,3,2
S01009595,G I. Distribution hotels and restaurants,20,12,8
S01009595,H J. Transport and communication,6,1,5
S01009595,K L M N. Financial real estate professional and administrative activities,7,4,3
S01009595,O P Q. Public administration education and health,24,10,14
S01009595,R S T U. Other,5,4,1
S01009595,Never worked,25,9,16
S01009596,All people aged 16 to 74 not in employment,224,99,125
S01009596,A B D E. Agriculture energy and water,8,5,3
S01009596,C. Manufacturing,27,12,15
S01009596,F. Construction,14,12,2
S01009596,G I. Distribution hotels and restaurants,53,22,31
S01009596,H J. Transport and communication,15,4,11
S01009596,K L M N. Financial real estate professional and administrative activities,25,16,9
S01009596,O P Q. Public administration education and health,33,6,27
S01009596,R S T U. Other,6,3,3
S01009596,Never worked,43,19,24
S01009597,All people aged 16 to 74 not in employment,290,130,160
S01009597,A B D E. Agriculture energy and water,7,3,4
S01009597,C. Manufacturing,32,18,14
S01009597,F. Construction,22,21,1
S01009597,G I. Distribution hotels and restaurants,55,25,30
S01009597,H J. Transport and communication,24,10,14
S01009597,K L M N. Financial real estate professional and administrative activities,30,11,19
S01009597,O P Q. Public administration education and health,43,7,36
S01009597,R S T U. Other,16,5,11
S01009597,Never worked,61,30,31
S01009598,All people aged 16 to 74 not in employment,229,103,126
S01009598,A B D E. Agriculture energy and water,3,1,2
S01009598,C. Manufacturing,36,18,18
S01009598,F. Construction,11,11,0
S01009598,G I. Distribution hotels and restaurants,49,25,24
S01009598,H J. Transport and communication,22,5,17
S01009598,K L M N. Financial real estate professional and administrative activities,21,8,13
S01009598,O P Q. Public administration education and health,34,10,24
S01009598,R S T U. Other,7,1,6
S01009598,Never worked,46,24,22
S01009599,All people aged 16 to 74 not in employment,278,128,150
S01009599,A B D E. Agriculture energy and water,8,5,3
S01009599,C. Manufacturing,45,24,21
S01009599,F. Construction,15,14,1
S01009599,G I. Distribution hotels and restaurants,55,22,33
S01009599,H J. Transport and communication,18,7,11
S01009599,K L M N. Financial real estate professional and administrative activities,12,8,4
S01009599,O P Q. Public administration education and health,60,14,46
S01009599,R S T U. Other,16,8,8
S01009599,Never worked,49,26,23
S01009600,All people aged 16 to 74 not in employment,213,93,120
S01009600,A B D E. Agriculture energy and water,6,5,1
S01009600,C. Manufacturing,21,11,10
S01009600,F. Construction,13,12,1
S01009600,G I. Distribution hotels and restaurants,40,17,23
S01009600,H J. Transport and communication,26,9,17
S01009600,K L M N. Financial real estate professional and administrative activities,25,12,13
S01009600,O P Q. Public administration education and health,41,9,32
S01009600,R S T U. Other,4,1,3
S01009600,Never worked,37,17,20
S01009601,All people aged 16 to 74 not in employment,202,97,105
S01009601,A B D E. Agriculture energy and water,2,1,1
S01009601,C. Manufacturing,26,18,8
S01009601,F. Construction,11,10,1
S01009601,G I. Distribution hotels and restaurants,42,22,20
S01009601,H J. Transport and communication,13,3,10
S01009601,K L M N. Financial real estate professional and administrative activities,16,7,9
S01009601,O P Q. Public administration education and health,36,7,29
S01009601,R S T U. Other,9,4,5
S01009601,Never worked,47,25,22
S01009602,All people aged 16 to 74 not in employment,144,61,83
S01009602,A B D E. Agriculture energy and water,4,3,1
S01009602,C. Manufacturing,22,12,10
S01009602,F. Construction,5,5,0
S01009602,G I. Distribution hotels and restaurants,26,9,17
S01009602,H J. Transport and communication,15,5,10
S01009602,K L M N. Financial real estate professional and administrative activities,10,5,5
S01009602,O P Q. Public administration education and health,33,10,23
S01009602,R S T U. Other,7,2,5
S01009602,Never worked,22,10,12
S01009603,All people aged 16 to 74 not in employment,147,57,90
S01009603,A B D E. Agriculture energy and water,4,4,0
S01009603,C. Manufacturing,21,11,10
S01009603,F. Construction,7,6,1
S01009603,G I. Distribution hotels and restaurants,17,4,13
S01009603,H J. Transport and communication,14,3,11
S01009603,K L M N. Financial real estate professional and administrative activities,15,2,13
S01009603,O P Q. Public administration education and health,32,8,24
S01009603,R S T U. Other,1,0,1
S01009603,Never worked,36,19,17
S01009604,All people aged 16 to 74 not in employment,219,84,135
S01009604,A B D E. Agriculture energy and water,2,2,0
S01009604,C. Manufacturing,36,18,18
S01009604,F. Construction,9,8,1
S01009604,G I. Distribution hotels and restaurants,49,19,30
S01009604,H J. Transport and communication,16,6,10
S01009604,K L M N. Financial real estate professional and administrative activities,22,15,7
S01009604,O P Q. Public administration education and health,44,2,42
S01009604,R S T U. Other,8,4,4
S01009604,Never worked,33,10,23
S01009605,All people aged 16 to 74 not in employment,275,116,159
S01009605,A B D E. Agriculture energy and water,4,2,2
S01009605,C. Manufacturing,41,22,19
S01009605,F. Construction,20,16,4
S01009605,G I. Distribution hotels and restaurants,47,18,29
S01009605,H J. Transport and communication,22,3,19
S01009605,K L M N. Financial real estate professional and administrative activities,30,14,16
S01009605,O P Q. Public administration education and health,36,10,26
S01009605,R S T U. Other,15,3,12
S01009605,Never worked,60,28,32
S01009606,All people aged 16 to 74 not in employment,94,34,60
S01009606,A B D E. Agriculture energy and water,2,1,1
S01009606,C. Manufacturing,8,6,2
S01009606,F. Construction,2,2,0
S01009606,G I. Distribution hotels and restaurants,12,2,10
S01009606,H J. Transport and communication,10,2,8
S01009606,K L M N. Financial real estate professional and administrative activities,12,3,9
S01009606,O P Q. Public administration education and health,22,5,17
S01009606,R S T U. Other,5,1,4
S01009606,Never worked,21,12,9
S01009607,All people aged 16 to 74 not in employment,135,53,82
S01009607,A B D E. Agriculture energy and water,4,4,0
S01009607,C. Manufacturing,16,6,10
S01009607,F. Construction,10,7,3
S01009607,G I. Distribution hotels and restaurants,21,9,12
S01009607,H J. Transport and communication,10,4,6
S01009607,K L M N. Financial real estate professional and administrative activities,15,5,10
S01009607,O P Q. Public administration education and health,42,11,31
S01009607,R S T U. Other,4,1,3
S01009607,Never worked,13,6,7
S01009608,All people aged 16 to 74 not in employment,141,69,72
S01009608,A B D E. Agriculture energy and water,5,4,1
S01009608,C. Manufacturing,17,11,6
S01009608,F. Construction,13,12,1
S01009608,G I. Distribution hotels and restaurants,23,12,11
S01009608,H J. Transport and communication,7,1,6
S01009608,K L M N. Financial real estate professional and administrative activities,12,5,7
S01009608,O P Q. Public administration education and health,28,5,23
S01009608,R S T U. Other,13,4,9
S01009608,Never worked,23,15,8
S01009609,All people aged 16 to 74 not in employment,203,91,112
S01009609,A B D E. Agriculture energy and water,3,1,2
S01009609,C. Manufacturing,30,19,11
S01009609,F. Construction,12,11,1
S01009609,G I. Distribution hotels and restaurants,36,15,21
S01009609,H J. Transport and communication,14,3,11
S01009609,K L M N. Financial real estate professional and administrative activities,20,9,11
S01009609,O P Q. Public administration education and health,49,15,34
S01009609,R S T U. Other,6,2,4
S01009609,Never worked,33,16,17
S01009610,All people aged 16 to 74 not in employment,268,117,151
S01009610,A B D E. Agriculture energy and water,14,8,6
S01009610,C. Manufacturing,65,28,37
S01009610,F. Construction,19,19,0
S01009610,G I. Distribution hotels and restaurants,38,14,24
S01009610,H J. Transport and communication,13,6,7
S01009610,K L M N. Financial real estate professional and administrative activities,17,6,11
S01009610,O P Q. Public administration education and health,66,19,47
S01009610,R S T U. Other,6,1,5
S01009610,Never worked,30,16,14
S01009611,All people aged 16 to 74 not in employment,124,54,70
S01009611,A B D E. Agriculture energy and water,6,4,2
S01009611,C. Manufacturing,21,14,7
S01009611,F. Construction,6,5,1
S01009611,G I. Distribution hotels and restaurants,24,10,14
S01009611,H J. Transport and communication,8,4,4
S01009611,K L M N. Financial real estate professional and administrative activities,13,2,11
S01009611,O P Q. Public administration education and health,28,6,22
S01009611,R S T U. Other,4,2,2
S01009611,Never worked,14,7,7
S01009612,All people aged 16 to 74 not in employment,138,62,76
S01009612,A B D E. Agriculture energy and water,4,4,0
S01009612,C. Manufacturing,34,15,19
S01009612,F. Construction,7,6,1
S01009612,G I. Distribution hotels and restaurants,24,15,9
S01009612,H J. Transport and communication,11,3,8
S01009612,K L M N. Financial real estate professional and administrative activities,12,8,4
S01009612,O P Q. Public administration education and health,24,4,20
S01009612,R S T U. Other,4,1,3
S01009612,Never worked,18,6,12
S01009613,All people aged 16 to 74 not in employment,93,43,50
S01009613,A B D E. Agriculture energy and water,1,1,0
S01009613,C. Manufacturing,12,7,5
S01009613,F. Construction,11,7,4
S01009613,G I. Distribution hotels and restaurants,13,5,8
S01009613,H J. Transport and communication,5,2,3
S01009613,K L M N. Financial real estate professional and administrative activities,7,3,4
S01009613,O P Q. Public administration education and health,30,14,16
S01009613,R S T U. Other,4,1,3
S01009613,Never worked,10,3,7
S01009614,All people aged 16 to 74 not in employment,124,53,71
S01009614,A B D E. Agriculture energy and water,8,4,4
S01009614,C. Manufacturing,26,14,12
S01009614,F. Construction,16,13,3
S01009614,G I. Distribution hotels and restaurants,16,8,8
S01009614,H J. Transport and communication,7,3,4
S01009614,K L M N. Financial real estate professional and administrative activities,6,1,5
S01009614,O P Q. Public administration education and health,31,8,23
S01009614,R S T U. Other,1,0,1
S01009614,Never worked,13,2,11
S01009615,All people aged 16 to 74 not in employment,132,66,66
S01009615,A B D E. Agriculture energy and water,7,6,1
S01009615,C. Manufacturing,28,15,13
S01009615,F. Construction,14,13,1
S01009615,G I. Distribution hotels and restaurants,26,12,14
S01009615,H J. Transport and communication,6,2,4
S01009615,K L M N. Financial real estate professional and administrative activities,4,1,3
S01009615,O P Q. Public administration education and health,26,7,19
S01009615,R S T U. Other,4,0,4
S01009615,Never worked,17,10,7
S01009616,All people aged 16 to 74 not in employment,195,83,112
S01009616,A B D E. Agriculture energy and water,4,3,1
S01009616,C. Manufacturing,26,13,13
S01009616,F. Construction,16,12,4
S01009616,G I. Distribution hotels and restaurants,30,14,16
S01009616,H J. Transport and communication,12,2,10
S01009616,K L M N. Financial real estate professional and administrative activities,20,7,13
S01009616,O P Q. Public administration education and health,47,12,35
S01009616,R S T U. Other,9,5,4
S01009616,Never worked,31,15,16
S01009617,All people aged 16 to 74 not in employment,167,71,96
S01009617,A B D E. Agriculture energy and water,5,2,3
S01009617,C. Manufacturing,26,14,12
S01009617,F. Construction,10,8,2
S01009617,G I. Distribution hotels and restaurants,30,13,17
S01009617,H J. Transport and communication,7,1,6
S01009617,K L M N. Financial real estate professional and administrative activities,14,9,5
S01009617,O P Q. Public administration education and health,45,10,35
S01009617,R S T U. Other,5,1,4
S01009617,Never worked,25,13,12
S01009618,All people aged 16 to 74 not in employment,208,89,119
S01009618,A B D E. Agriculture energy and water,10,10,0
S01009618,C. Manufacturing,33,13,20
S01009618,F. Construction,20,18,2
S01009618,G I. Distribution hotels and restaurants,39,13,26
S01009618,H J. Transport and communication,14,3,11
S01009618,K L M N. Financial real estate professional and administrative activities,19,9,10
S01009618,O P Q. Public administration education and health,35,9,26
S01009618,R S T U. Other,9,2,7
S01009618,Never worked,29,12,17
S01009619,All people aged 16 to 74 not in employment,219,100,119
S01009619,A B D E. Agriculture energy and water,9,8,1
S01009619,C. Manufacturing,30,14,16
S01009619,F. Construction,15,12,3
S01009619,G I. Distribution hotels and restaurants,50,22,28
S01009619,H J. Transport and communication,15,3,12
S01009619,K L M N. Financial real estate professional and administrative activities,14,7,7
S01009619,O P Q. Public administration education and health,45,14,31
S01009619,R S T U. Other,6,1,5
S01009619,Never worked,35,19,16
S01009620,All people aged 16 to 74 not in employment,267,108,159
S01009620,A B D E. Agriculture energy and water,14,11,3
S01009620,C. Manufacturing,39,17,22
S01009620,F. Construction,16,16,0
S01009620,G I. Distribution hotels and restaurants,52,22,30
S01009620,H J. Transport and communication,18,5,13
S01009620,K L M N. Financial real estate professional and administrative activities,14,6,8
S01009620,O P Q. Public administration education and health,57,9,48
S01009620,R S T U. Other,7,2,5
S01009620,Never worked,50,20,30
S01009621,All people aged 16 to 74 not in employment,266,136,130
S01009621,A B D E. Agriculture energy and water,15,15,0
S01009621,C. Manufacturing,33,18,15
S01009621,F. Construction,28,23,5
S01009621,G I. Distribution hotels and restaurants,45,22,23
S01009621,H J. Transport and communication,19,7,12
S01009621,K L M N. Financial real estate professional and administrative activities,22,13,9
S01009621,O P Q. Public administration education and health,43,11,32
S01009621,R S T U. Other,15,8,7
S01009621,Never worked,46,19,27
S01009622,All people aged 16 to 74 not in employment,268,125,143
S01009622,A B D E. Agriculture energy and water,14,9,5
S01009622,C. Manufacturing,35,17,18
S01009622,F. Construction,28,25,3
S01009622,G I. Distribution hotels and restaurants,53,26,27
S01009622,H J. Transport and communication,20,4,16
S01009622,K L M N. Financial real estate professional and administrative activities,21,12,9
S01009622,O P Q. Public administration education and health,30,5,25
S01009622,R S T U. Other,10,5,5
S01009622,Never worked,57,22,35
S01009623,All people aged 16 to 74 not in employment,157,58,99
S01009623,A B D E. Agriculture energy and water,7,5,2
S01009623,C. Manufacturing,25,9,16
S01009623,F. Construction,12,11,1
S01009623,G I. Distribution hotels and restaurants,21,10,11
S01009623,H J. Transport and communication,9,3,6
S01009623,K L M N. Financial real estate professional and administrative activities,14,5,9
S01009623,O P Q. Public administration education and health,29,5,24
S01009623,R S T U. Other,10,1,9
S01009623,Never worked,30,9,21
S01009624,All people aged 16 to 74 not in employment,302,149,153
S01009624,A B D E. Agriculture energy and water,18,17,1
S01009624,C. Manufacturing,61,29,32
S01009624,F. Construction,19,19,0
S01009624,G I. Distribution hotels and restaurants,54,19,35
S01009624,H J. Transport and communication,20,5,15
S01009624,K L M N. Financial real estate professional and administrative activities,18,9,9
S01009624,O P Q. Public administration education and health,49,14,35
S01009624,R S T U. Other,8,4,4
S01009624,Never worked,55,33,22
S01009625,All people aged 16 to 74 not in employment,233,101,132
S01009625,A B D E. Agriculture energy and water,9,7,2
S01009625,C. Manufacturing,44,25,19
S01009625,F. Construction,14,14,0
S01009625,G I. Distribution hotels and restaurants,37,14,23
S01009625,H J. Transport and communication,16,5,11
S01009625,K L M N. Financial real estate professional and administrative activities,19,8,11
S01009625,O P Q. Public administration education and health,35,5,30
S01009625,R S T U. Other,11,4,7
S01009625,Never worked,48,19,29
S01009626,All people aged 16 to 74 not in employment,234,98,136
S01009626,A B D E. Agriculture energy and water,8,8,0
S01009626,C. Manufacturing,43,18,25
S01009626,F. Construction,17,17,0
S01009626,G I. Distribution hotels and restaurants,32,15,17
S01009626,H J. Transport and communication,15,5,10
S01009626,K L M N. Financial real estate professional and administrative activities,15,5,10
S01009626,O P Q. Public administration education and health,35,9,26
S01009626,R S T U. Other,5,2,3
S01009626,Never worked,64,19,45
S01009627,All people aged 16 to 74 not in employment,262,121,141
S01009627,A B D E. Agriculture energy and water,9,8,1
S01009627,C. Manufacturing,50,26,24
S01009627,F. Construction,18,17,1
S01009627,G I. Distribution hotels and restaurants,39,19,20
S01009627,H J. Transport and communication,20,6,14
S01009627,K L M N. Financial real estate professional and administrative activities,13,6,7
S01009627,O P Q. Public administration education and health,47,6,41
S01009627,R S T U. Other,10,4,6
S01009627,Never worked,56,29,27
S01009628,All people aged 16 to 74 not in employment,199,89,110
S01009628,A B D E. Agriculture energy and water,9,7,2
S01009628,C. Manufacturing,51,24,27
S01009628,F. Construction,11,10,1
S01009628,G I. Distribution hotels and restaurants,30,16,14
S01009628,H J. Transport and communication,14,2,12
S01009628,K L M N. Financial real estate professional and administrative activities,14,4,10
S01009628,O P Q. Public administration education and health,36,7,29
S01009628,R S T U. Other,5,2,3
S01009628,Never worked,29,17,12
S01009629,All people aged 16 to 74 not in employment,331,146,185
S01009629,A B D E. Agriculture energy and water,11,7,4
S01009629,C. Manufacturing,48,21,27
S01009629,F. Construction,24,23,1
S01009629,G I. Distribution hotels and restaurants,59,21,38
S01009629,H J. Transport and communication,17,4,13
S01009629,K L M N. Financial real estate professional and administrative activities,28,18,10
S01009629,O P Q. Public administration education and health,39,6,33
S01009629,R S T U. Other,17,2,15
S01009629,Never worked,88,44,44
S01009630,All people aged 16 to 74 not in employment,291,126,165
S01009630,A B D E. Agriculture energy and water,15,12,3
S01009630,C. Manufacturing,36,18,18
S01009630,F. Construction,22,20,2
S01009630,G I. Distribution hotels and restaurants,45,14,31
S01009630,H J. Transport and communication,25,9,16
S01009630,K L M N. Financial real estate professional and administrative activities,23,13,10
S01009630,O P Q. Public administration education and health,36,7,29
S01009630,R S T U. Other,6,2,4
S01009630,Never worked,83,31,52
S01009631,All people aged 16 to 74 not in employment,280,156,124
S01009631,A B D E. Agriculture energy and water,16,14,2
S01009631,C. Manufacturing,47,36,11
S01009631,F. Construction,22,21,1
S01009631,G I. Distribution hotels and restaurants,41,17,24
S01009631,H J. Transport and communication,23,9,14
S01009631,K L M N. Financial real estate professional and administrative activities,27,20,7
S01009631,O P Q. Public administration education and health,44,14,30
S01009631,R S T U. Other,17,6,11
S01009631,Never worked,43,19,24
S01009632,All people aged 16 to 74 not in employment,219,105,114
S01009632,A B D E. Agriculture energy and water,12,12,0
S01009632,C. Manufacturing,33,15,18
S01009632,F. Construction,29,29,0
S01009632,G I. Distribution hotels and restaurants,45,13,32
S01009632,H J. Transport and communication,12,4,8
S01009632,K L M N. Financial real estate professional and administrative activities,14,5,9
S01009632,O P Q. Public administration education and health,31,5,26
S01009632,R S T U. Other,4,3,1
S01009632,Never worked,39,19,20
S01009633,All people aged 16 to 74 not in employment,265,114,151
S01009633,A B D E. Agriculture energy and water,10,8,2
S01009633,C. Manufacturing,38,19,19
S01009633,F. Construction,17,17,0
S01009633,G I. Distribution hotels and restaurants,52,20,32
S01009633,H J. Transport and communication,18,3,15
S01009633,K L M N. Financial real estate professional and administrative activities,15,7,8
S01009633,O P Q. Public administration education and health,33,8,25
S01009633,R S T U. Other,7,2,5
S01009633,Never worked,75,30,45
S01009634,All people aged 16 to 74 not in employment,202,98,104
S01009634,A B D E. Agriculture energy and water,8,7,1
S01009634,C. Manufacturing,38,22,16
S01009634,F. Construction,18,18,0
S01009634,G I. Distribution hotels and restaurants,38,13,25
S01009634,H J. Transport and communication,10,3,7
S01009634,K L M N. Financial real estate professional and administrative activities,14,6,8
S01009634,O P Q. Public administration education and health,30,7,23
S01009634,R S T U. Other,11,5,6
S01009634,Never worked,35,17,18
S01009635,All people aged 16 to 74 not in employment,270,116,154
S01009635,A B D E. Agriculture energy and water,9,5,4
S01009635,C. Manufacturing,48,28,20
S01009635,F. Construction,19,17,2
S01009635,G I. Distribution hotels and restaurants,50,20,30
S01009635,H J. Transport and communication,24,10,14
S01009635,K L M N. Financial real estate professional and administrative activities,20,9,11
S01009635,O P Q. Public administration education and health,53,11,42
S01009635,R S T U. Other,9,2,7
S01009635,Never worked,38,14,24
S01009636,All people aged 16 to 74 not in employment,364,167,197
S01009636,A B D E. Agriculture energy and water,19,14,5
S01009636,C. Manufacturing,45,33,12
S01009636,F. Construction,27,25,2
S01009636,G I. Distribution hotels and restaurants,58,27,31
S01009636,H J. Transport and communication,32,11,21
S01009636,K L M N. Financial real estate professional and administrative activities,23,9,14
S01009636,O P Q. Public administration education and health,59,17,42
S01009636,R S T U. Other,13,3,10
S01009636,Never worked,88,28,60
S01009637,All people aged 16 to 74 not in employment,209,89,120
S01009637,A B D E. Agriculture energy and water,10,8,2
S01009637,C. Manufacturing,36,19,17
S01009637,F. Construction,15,13,2
S01009637,G I. Distribution hotels and restaurants,37,13,24
S01009637,H J. Transport and communication,21,6,15
S01009637,K L M N. Financial real estate professional and administrative activities,18,10,8
S01009637,O P Q. Public administration education and health,29,2,27
S01009637,R S T U. Other,6,3,3
S01009637,Never worked,37,15,22
S01009638,All people aged 16 to 74 not in employment,284,126,158
S01009638,A B D E. Agriculture energy and water,9,9,0
S01009638,C. Manufacturing,46,26,20
S01009638,F. Construction,25,22,3
S01009638,G I. Distribution hotels and restaurants,38,16,22
S01009638,H J. Transport and communication,17,4,13
S01009638,K L M N. Financial real estate professional and administrative activities,21,7,14
S01009638,O P Q. Public administration education and health,38,9,29
S01009638,R S T U. Other,16,5,11
S01009638,Never worked,74,28,46
S01009639,All people aged 16 to 74 not in employment,222,105,117
S01009639,A B D E. Agriculture energy and water,13,11,2
S01009639,C. Manufacturing,29,16,13
S01009639,F. Construction,9,6,3
S01009639,G I. Distribution hotels and restaurants,25,9,16
S01009639,H J. Transport and communication,17,7,10
S01009639,K L M N. Financial real estate professional and administrative activities,23,16,7
S01009639,O P Q. Public administration education and health,53,13,40
S01009639,R S T U. Other,13,5,8
S01009639,Never worked,40,22,18
S01009640,All people aged 16 to 74 not in employment,206,107,99
S01009640,A B D E. Agriculture energy and water,11,9,2
S01009640,C. Manufacturing,29,19,10
S01009640,F. Construction,14,14,0
S01009640,G I. Distribution hotels and restaurants,41,24,17
S01009640,H J. Transport and communication,22,8,14
S01009640,K L M N. Financial real estate professional and administrative activities,14,8,6
S01009640,O P Q. Public administration education and health,36,7,29
S01009640,R S T U. Other,3,2,1
S01009640,Never worked,36,16,20
S01009641,All people aged 16 to 74 not in employment,254,114,140
S01009641,A B D E. Agriculture energy and water,7,6,1
S01009641,C. Manufacturing,55,28,27
S01009641,F. Construction,10,10,0
S01009641,G I. Distribution hotels and restaurants,41,15,26
S01009641,H J. Transport and communication,31,17,14
S01009641,K L M N. Financial real estate professional and administrative activities,19,11,8
S01009641,O P Q. Public administration education and health,59,14,45
S01009641,R S T U. Other,3,1,2
S01009641,Never worked,29,12,17
S01009642,All people aged 16 to 74 not in employment,242,129,113
S01009642,A B D E. Agriculture energy and water,7,5,2
S01009642,C. Manufacturing,45,30,15
S01009642,F. Construction,25,21,4
S01009642,G I. Distribution hotels and restaurants,33,20,13
S01009642,H J. Transport and communication,9,4,5
S01009642,K L M N. Financial real estate professional and administrative activities,27,15,12
S01009642,O P Q. Public administration education and health,45,10,35
S01009642,R S T U. Other,11,4,7
S01009642,Never worked,40,20,20
S01009643,All people aged 16 to 74 not in employment,76,31,45
S01009643,A B D E. Agriculture energy and water,2,1,1
S01009643,C. Manufacturing,14,11,3
S01009643,F. Construction,1,1,0
S01009643,G I. Distribution hotels and restaurants,15,5,10
S01009643,H J. Transport and communication,4,2,2
S01009643,K L M N. Financial real estate professional and administrative activities,6,2,4
S01009643,O P Q. Public administration education and health,18,2,16
S01009643,R S T U. Other,3,0,3
S01009643,Never worked,13,7,6
S01009644,All people aged 16 to 74 not in employment,261,105,156
S01009644,A B D E. Agriculture energy and water,14,10,4
S01009644,C. Manufacturing,47,24,23
S01009644,F. Construction,11,11,0
S01009644,G I. Distribution hotels and restaurants,45,14,31
S01009644,H J. Transport and communication,16,6,10
S01009644,K L M N. Financial real estate professional and administrative activities,24,6,18
S01009644,O P Q. Public administration education and health,45,7,38
S01009644,R S T U. Other,9,3,6
S01009644,Never worked,50,24,26
S01009645,All people aged 16 to 74 not in employment,197,72,125
S01009645,A B D E. Agriculture energy and water,13,7,6
S01009645,C. Manufacturing,33,15,18
S01009645,F. Construction,15,15,0
S01009645,G I. Distribution hotels and restaurants,34,12,22
S01009645,H J. Transport and communication,11,0,11
S01009645,K L M N. Financial real estate professional and administrative activities,20,6,14
S01009645,O P Q. Public administration education and health,33,4,29
S01009645,R S T U. Other,10,3,7
S01009645,Never worked,28,10,18
S01009646,All people aged 16 to 74 not in employment,186,80,106
S01009646,A B D E. Agriculture energy and water,7,3,4
S01009646,C. Manufacturing,32,20,12
S01009646,F. Construction,7,7,0
S01009646,G I. Distribution hotels and restaurants,44,19,25
S01009646,H J. Transport and communication,10,2,8
S01009646,K L M N. Financial real estate professional and administrative activities,13,7,6
S01009646,O P Q. Public administration education and health,23,1,22
S01009646,R S T U. Other,12,3,9
S01009646,Never worked,38,18,20
S01009647,All people aged 16 to 74 not in employment,202,91,111
S01009647,A B D E. Agriculture energy and water,6,5,1
S01009647,C. Manufacturing,29,15,14
S01009647,F. Construction,12,12,0
S01009647,G I. Distribution hotels and restaurants,32,14,18
S01009647,H J. Transport and communication,22,7,15
S01009647,K L M N. Financial real estate professional and administrative activities,12,7,5
S01009647,O P Q. Public administration education and health,47,13,34
S01009647,R S T U. Other,10,2,8
S01009647,Never worked,32,16,16
S01009648,All people aged 16 to 74 not in employment,250,110,140
S01009648,A B D E. Agriculture energy and water,9,8,1
S01009648,C. Manufacturing,38,23,15
S01009648,F. Construction,13,13,0
S01009648,G I. Distribution hotels and restaurants,50,21,29
S01009648,H J. Transport and communication,19,1,18
S01009648,K L M N. Financial real estate professional and administrative activities,21,12,9
S01009648,O P Q. Public administration education and health,45,10,35
S01009648,R S T U. Other,14,4,10
S01009648,Never worked,41,18,23
S01009649,All people aged 16 to 74 not in employment,348,158,190
S01009649,A B D E. Agriculture energy and water,17,15,2
S01009649,C. Manufacturing,59,29,30
S01009649,F. Construction,25,22,3
S01009649,G I. Distribution hotels and restaurants,67,28,39
S01009649,H J. Transport and communication,18,5,13
S01009649,K L M N. Financial real estate professional and administrative activities,15,10,5
S01009649,O P Q. Public administration education and health,79,19,60
S01009649,R S T U. Other,10,4,6
S01009649,Never worked,58,26,32
S01009650,All people aged 16 to 74 not in employment,220,91,129
S01009650,A B D E. Agriculture energy and water,3,3,0
S01009650,C. Manufacturing,32,19,13
S01009650,F. Construction,7,5,2
S01009650,G I. Distribution hotels and restaurants,41,19,22
S01009650,H J. Transport and communication,13,5,8
S01009650,K L M N. Financial real estate professional and administrative activities,23,11,12
S01009650,O P Q. Public administration education and health,85,23,62
S01009650,R S T U. Other,2,1,1
S01009650,Never worked,14,5,9
S01009651,All people aged 16 to 74 not in employment,248,99,149
S01009651,A B D E. Agriculture energy and water,8,6,2
S01009651,C. Manufacturing,13,8,5
S01009651,F. Construction,13,12,1
S01009651,G I. Distribution hotels and restaurants,33,15,18
S01009651,H J. Transport and communication,30,13,17
S01009651,K L M N. Financial real estate professional and administrative activities,36,13,23
S01009651,O P Q. Public administration education and health,84,19,65
S01009651,R S T U. Other,8,2,6
S01009651,Never worked,23,11,12
S01009652,All people aged 16 to 74 not in employment,224,94,130
S01009652,A B D E. Agriculture energy and water,5,4,1
S01009652,C. Manufacturing,18,14,4
S01009652,F. Construction,7,7,0
S01009652,G I. Distribution hotels and restaurants,38,18,20
S01009652,H J. Transport and communication,18,8,10
S01009652,K L M N. Financial real estate professional and administrative activities,26,9,17
S01009652,O P Q. Public administration education and health,79,19,60
S01009652,R S T U. Other,21,8,13
S01009652,Never worked,12,7,5
S01009653,All people aged 16 to 74 not in employment,116,40,76
S01009653,A B D E. Agriculture energy and water,4,2,2
S01009653,C. Manufacturing,13,8,5
S01009653,F. Construction,7,6,1
S01009653,G I. Distribution hotels and restaurants,20,7,13
S01009653,H J. Transport and communication,7,2,5
S01009653,K L M N. Financial real estate professional and administrative activities,17,6,11
S01009653,O P Q. Public administration education and health,30,5,25
S01009653,R S T U. Other,3,1,2
S01009653,Never worked,15,3,12
S01009654,All people aged 16 to 74 not in employment,162,72,90
S01009654,A B D E. Agriculture energy and water,4,4,0
S01009654,C. Manufacturing,26,18,8
S01009654,F. Construction,14,10,4
S01009654,G I. Distribution hotels and restaurants,32,12,20
S01009654,H J. Transport and communication,6,2,4
S01009654,K L M N. Financial real estate professional and administrative activities,14,6,8
S01009654,O P Q. Public administration education and health,45,11,34
S01009654,R S T U. Other,6,2,4
S01009654,Never worked,15,7,8
S01009655,All people aged 16 to 74 not in employment,288,135,153
S01009655,A B D E. Agriculture energy and water,9,6,3
S01009655,C. Manufacturing,62,35,27
S01009655,F. Construction,20,20,0
S01009655,G I. Distribution hotels and restaurants,49,17,32
S01009655,H J. Transport and communication,17,5,12
S01009655,K L M N. Financial real estate professional and administrative activities,19,11,8
S01009655,O P Q. Public administration education and health,45,8,37
S01009655,R S T U. Other,16,6,10
S01009655,Never worked,51,27,24
S01009656,All people aged 16 to 74 not in employment,303,150,153
S01009656,A B D E. Agriculture energy and water,23,18,5
S01009656,C. Manufacturing,56,31,25
S01009656,F. Construction,33,30,3
S01009656,G I. Distribution hotels and restaurants,51,26,25
S01009656,H J. Transport and communication,13,3,10
S01009656,K L M N. Financial real estate professional and administrative activities,27,13,14
S01009656,O P Q. Public administration education and health,42,12,30
S01009656,R S T U. Other,11,2,9
S01009656,Never worked,47,15,32
S01009657,All people aged 16 to 74 not in employment,220,107,113
S01009657,A B D E. Agriculture energy and water,11,8,3
S01009657,C. Manufacturing,34,24,10
S01009657,F. Construction,14,14,0
S01009657,G I. Distribution hotels and restaurants,26,9,17
S01009657,H J. Transport and communication,17,8,9
S01009657,K L M N. Financial real estate professional and administrative activities,24,8,16
S01009657,O P Q. Public administration education and health,48,16,32
S01009657,R S T U. Other,7,2,5
S01009657,Never worked,39,18,21
S01009658,All people aged 16 to 74 not in employment,191,84,107
S01009658,A B D E. Agriculture energy and water,11,7,4
S01009658,C. Manufacturing,37,18,19
S01009658,F. Construction,11,10,1
S01009658,G I. Distribution hotels and restaurants,35,12,23
S01009658,H J. Transport and communication,7,2,5
S01009658,K L M N. Financial real estate professional and administrative activities,9,6,3
S01009658,O P Q. Public administration education and health,29,6,23
S01009658,R S T U. Other,10,2,8
S01009658,Never worked,42,21,21
S01009659,All people aged 16 to 74 not in employment,156,78,78
S01009659,A B D E. Agriculture energy and water,5,3,2
S01009659,C. Manufacturing,34,23,11
S01009659,F. Construction,10,10,0
S01009659,G I. Distribution hotels and restaurants,23,10,13
S01009659,H J. Transport and communication,6,0,6
S01009659,K L M N. Financial real estate professional and administrative activities,12,10,2
S01009659,O P Q. Public administration education and health,30,4,26
S01009659,R S T U. Other,6,3,3
S01009659,Never worked,30,15,15
S01009660,All people aged 16 to 74 not in employment,327,139,188
S01009660,A B D E. Agriculture energy and water,10,5,5
S01009660,C. Manufacturing,58,24,34
S01009660,F. Construction,27,25,2
S01009660,G I. Distribution hotels and restaurants,49,20,29
S01009660,H J. Transport and communication,24,7,17
S01009660,K L M N. Financial real estate professional and administrative activities,20,12,8
S01009660,O P Q. Public administration education and health,66,18,48
S01009660,R S T U. Other,20,3,17
S01009660,Never worked,53,25,28
S01009661,All people aged 16 to 74 not in employment,197,95,102
S01009661,A B D E. Agriculture energy and water,7,3,4
S01009661,C. Manufacturing,18,10,8
S01009661,F. Construction,13,9,4
S01009661,G I. Distribution hotels and restaurants,33,25,8
S01009661,H J. Transport and communication,21,7,14
S01009661,K L M N. Financial real estate professional and administrative activities,12,6,6
S01009661,O P Q. Public administration education and health,61,16,45
S01009661,R S T U. Other,9,4,5
S01009661,Never worked,23,15,8
S01009662,All people aged 16 to 74 not in employment,181,80,101
S01009662,A B D E. Agriculture energy and water,9,5,4
S01009662,C. Manufacturing,20,14,6
S01009662,F. Construction,8,7,1
S01009662,G I. Distribution hotels and restaurants,34,12,22
S01009662,H J. Transport and communication,13,5,8
S01009662,K L M N. Financial real estate professional and administrative activities,21,9,12
S01009662,O P Q. Public administration education and health,43,9,34
S01009662,R S T U. Other,5,0,5
S01009662,Never worked,28,19,9
S01009663,All people aged 16 to 74 not in employment,180,90,90
S01009663,A B D E. Agriculture energy and water,9,8,1
S01009663,C. Manufacturing,16,7,9
S01009663,F. Construction,7,5,2
S01009663,G I. Distribution hotels and restaurants,34,18,16
S01009663,H J. Transport and communication,10,7,3
S01009663,K L M N. Financial real estate professional and administrative activities,13,6,7
S01009663,O P Q. Public administration education and health,56,21,35
S01009663,R S T U. Other,7,1,6
S01009663,Never worked,28,17,11
S01009664,All people aged 16 to 74 not in employment,225,106,119
S01009664,A B D E. Agriculture energy and water,16,14,2
S01009664,C. Manufacturing,18,12,6
S01009664,F. Construction,16,13,3
S01009664,G I. Distribution hotels and restaurants,30,15,15
S01009664,H J. Transport and communication,17,5,12
S01009664,K L M N. Financial real estate professional and administrative activities,21,5,16
S01009664,O P Q. Public administration education and health,69,20,49
S01009664,R S T U. Other,9,5,4
S01009664,Never worked,29,17,12
S01009665,All people aged 16 to 74 not in employment,166,75,91
S01009665,A B D E. Agriculture energy and water,5,5,0
S01009665,C. Manufacturing,11,6,5
S01009665,F. Construction,19,18,1
S01009665,G I. Distribution hotels and restaurants,26,9,17
S01009665,H J. Transport and communication,8,4,4
S01009665,K L M N. Financial real estate professional and administrative activities,15,5,10
S01009665,O P Q. Public administration education and health,52,14,38
S01009665,R S T U. Other,8,4,4
S01009665,Never worked,22,10,12
S01009666,All people aged 16 to 74 not in employment,199,89,110
S01009666,A B D E. Agriculture energy and water,10,8,2
S01009666,C. Manufacturing,17,10,7
S01009666,F. Construction,12,10,2
S01009666,G I. Distribution hotels and restaurants,38,17,21
S01009666,H J. Transport and communication,18,6,12
S01009666,K L M N. Financial real estate professional and administrative activities,21,9,12
S01009666,O P Q. Public administration education and health,53,14,39
S01009666,R S T U. Other,4,2,2
S01009666,Never worked,26,13,13
S01009667,All people aged 16 to 74 not in employment,118,44,74
S01009667,A B D E. Agriculture energy and water,4,3,1
S01009667,C. Manufacturing,6,3,3
S01009667,F. Construction,4,4,0
S01009667,G I. Distribution hotels and restaurants,19,5,14
S01009667,H J. Transport and communication,6,2,4
S01009667,K L M N. Financial real estate professional and administrative activities,15,7,8
S01009667,O P Q. Public administration education and health,48,13,35
S01009667,R S T U. Other,8,2,6
S01009667,Never worked,8,5,3
S01009668,All people aged 16 to 74 not in employment,113,40,73
S01009668,A B D E. Agriculture energy and water,2,1,1
S01009668,C. Manufacturing,13,3,10
S01009668,F. Construction,2,2,0
S01009668,G I. Distribution hotels and restaurants,15,5,10
S01009668,H J. Transport and communication,13,3,10
S01009668,K L M N. Financial real estate professional and administrative activities,15,5,10
S01009668,O P Q. Public administration education and health,36,15,21
S01009668,R S T U. Other,3,1,2
S01009668,Never worked,14,5,9
S01009669,All people aged 16 to 74 not in employment,132,56,76
S01009669,A B D E. Agriculture energy and water,9,3,6
S01009669,C. Manufacturing,19,9,10
S01009669,F. Construction,9,8,1
S01009669,G I. Distribution hotels and restaurants,19,8,11
S01009669,H J. Transport and communication,7,1,6
S01009669,K L M N. Financial real estate professional and administrative activities,15,7,8
S01009669,O P Q. Public administration education and health,38,13,25
S01009669,R S T U. Other,4,0,4
S01009669,Never worked,12,7,5
S01009670,All people aged 16 to 74 not in employment,191,84,107
S01009670,A B D E. Agriculture energy and water,11,7,4
S01009670,C. Manufacturing,26,16,10
S01009670,F. Construction,10,10,0
S01009670,G I. Distribution hotels and restaurants,23,12,11
S01009670,H J. Transport and communication,21,4,17
S01009670,K L M N. Financial real estate professional and administrative activities,13,5,8
S01009670,O P Q. Public administration education and health,42,10,32
S01009670,R S T U. Other,8,4,4
S01009670,Never worked,37,16,21
S01009671,All people aged 16 to 74 not in employment,144,58,86
S01009671,A B D E. Agriculture energy and water,8,3,5
S01009671,C. Manufacturing,18,12,6
S01009671,F. Construction,9,7,2
S01009671,G I. Distribution hotels and restaurants,13,6,7
S01009671,H J. Transport and communication,9,2,7
S01009671,K L M N. Financial real estate professional and administrative activities,11,5,6
S01009671,O P Q. Public administration education and health,44,6,38
S01009671,R S T U. Other,6,3,3
S01009671,Never worked,26,14,12
S01009672,All people aged 16 to 74 not in employment,200,88,112
S01009672,A B D E. Agriculture energy and water,10,4,6
S01009672,C. Manufacturing,29,13,16
S01009672,F. Construction,12,12,0
S01009672,G I. Distribution hotels and restaurants,28,10,18
S01009672,H J. Transport and communication,16,4,12
S01009672,K L M N. Financial real estate professional and administrative activities,18,10,8
S01009672,O P Q. Public administration education and health,58,21,37
S01009672,R S T U. Other,6,1,5
S01009672,Never worked,23,13,10
S01009673,All people aged 16 to 74 not in employment,211,90,121
S01009673,A B D E. Agriculture energy and water,7,5,2
S01009673,C. Manufacturing,21,12,9
S01009673,F. Construction,19,19,0
S01009673,G I. Distribution hotels and restaurants,30,10,20
S01009673,H J. Transport and communication,11,6,5
S01009673,K L M N. Financial real estate professional and administrative activities,19,9,10
S01009673,O P Q. Public administration education and health,65,17,48
S01009673,R S T U. Other,11,3,8
S01009673,Never worked,28,9,19
S01009674,All people aged 16 to 74 not in employment,222,89,133
S01009674,A B D E. Agriculture energy and water,11,6,5
S01009674,C. Manufacturing,29,16,13
S01009674,F. Construction,17,16,1
S01009674,G I. Distribution hotels and restaurants,26,7,19
S01009674,H J. Transport and communication,17,4,13
S01009674,K L M N. Financial real estate professional and administrative activities,19,5,14
S01009674,O P Q. Public administration education and health,58,18,40
S01009674,R S T U. Other,18,5,13
S01009674,Never worked,27,12,15
S01009675,All people aged 16 to 74 not in employment,233,103,130
S01009675,A B D E. Agriculture energy and water,16,8,8
S01009675,C. Manufacturing,20,7,13
S01009675,F. Construction,23,16,7
S01009675,G I. Distribution hotels and restaurants,31,16,15
S01009675,H J. Transport and communication,16,8,8
S01009675,K L M N. Financial real estate professional and administrative activities,21,9,12
S01009675,O P Q. Public administration education and health,65,16,49
S01009675,R S T U. Other,8,4,4
S01009675,Never worked,33,19,14
S01009676,All people aged 16 to 74 not in employment,175,72,103
S01009676,A B D E. Agriculture energy and water,14,10,4
S01009676,C. Manufacturing,22,9,13
S01009676,F. Construction,15,12,3
S01009676,G I. Distribution hotels and restaurants,30,11,19
S01009676,H J. Transport and communication,14,4,10
S01009676,K L M N. Financial real estate professional and administrative activities,15,7,8
S01009676,O P Q. Public administration education and health,34,3,31
S01009676,R S T U. Other,7,1,6
S01009676,Never worked,24,15,9
S01009677,All people aged 16 to 74 not in employment,140,50,90
S01009677,A B D E. Agriculture energy and water,5,4,1
S01009677,C. Manufacturing,11,5,6
S01009677,F. Construction,6,3,3
S01009677,G I. Distribution hotels and restaurants,21,9,12
S01009677,H J. Transport and communication,12,5,7
S01009677,K L M N. Financial real estate professional and administrative activities,17,6,11
S01009677,O P Q. Public administration education and health,44,9,35
S01009677,R S T U. Other,10,4,6
S01009677,Never worked,14,5,9
S01009678,All people aged 16 to 74 not in employment,148,63,85
S01009678,A B D E. Agriculture energy and water,8,3,5
S01009678,C. Manufacturing,18,8,10
S01009678,F. Construction,15,14,1
S01009678,G I. Distribution hotels and restaurants,34,16,18
S01009678,H J. Transport and communication,12,4,8
S01009678,K L M N. Financial real estate professional and administrative activities,8,1,7
S01009678,O P Q. Public administration education and health,36,8,28
S01009678,R S T U. Other,6,3,3
S01009678,Never worked,11,6,5
S01009679,All people aged 16 to 74 not in employment,243,108,135
S01009679,A B D E. Agriculture energy and water,10,6,4
S01009679,C. Manufacturing,23,15,8
S01009679,F. Construction,25,21,4
S01009679,G I. Distribution hotels and restaurants,47,19,28
S01009679,H J. Transport and communication,14,7,7
S01009679,K L M N. Financial real estate professional and administrative activities,17,5,12
S01009679,O P Q. Public administration education and health,61,15,46
S01009679,R S T U. Other,9,4,5
S01009679,Never worked,37,16,21
S01009680,All people aged 16 to 74 not in employment,204,91,113
S01009680,A B D E. Agriculture energy and water,10,4,6
S01009680,C. Manufacturing,27,10,17
S01009680,F. Construction,19,16,3
S01009680,G I. Distribution hotels and restaurants,33,15,18
S01009680,H J. Transport and communication,18,8,10
S01009680,K L M N. Financial real estate professional and administrative activities,19,5,14
S01009680,O P Q. Public administration education and health,46,14,32
S01009680,R S T U. Other,3,0,3
S01009680,Never worked,29,19,10
S01009681,All people aged 16 to 74 not in employment,210,113,97
S01009681,A B D E. Agriculture energy and water,13,9,4
S01009681,C. Manufacturing,18,14,4
S01009681,F. Construction,13,13,0
S01009681,G I. Distribution hotels and restaurants,22,12,10
S01009681,H J. Transport and communication,19,8,11
S01009681,K L M N. Financial real estate professional and administrative activities,14,6,8
S01009681,O P Q. Public administration education and health,52,18,34
S01009681,R S T U. Other,11,4,7
S01009681,Never worked,48,29,19
S01009682,All people aged 16 to 74 not in employment,154,61,93
S01009682,A B D E. Agriculture energy and water,2,2,0
S01009682,C. Manufacturing,10,7,3
S01009682,F. Construction,6,6,0
S01009682,G I. Distribution hotels and restaurants,16,5,11
S01009682,H J. Transport and communication,9,6,3
S01009682,K L M N. Financial real estate professional and administrative activities,13,5,8
S01009682,O P Q. Public administration education and health,76,22,54
S01009682,R S T U. Other,9,1,8
S01009682,Never worked,13,7,6
S01009683,All people aged 16 to 74 not in employment,247,118,129
S01009683,A B D E. Agriculture energy and water,12,9,3
S01009683,C. Manufacturing,11,9,2
S01009683,F. Construction,11,9,2
S01009683,G I. Distribution hotels and restaurants,27,14,13
S01009683,H J. Transport and communication,17,7,10
S01009683,K L M N. Financial real estate professional and administrative activities,24,9,15
S01009683,O P Q. Public administration education and health,75,24,51
S01009683,R S T U. Other,12,4,8
S01009683,Never worked,58,33,25
S01009684,All people aged 16 to 74 not in employment,232,97,135
S01009684,A B D E. Agriculture energy and water,15,7,8
S01009684,C. Manufacturing,9,4,5
S01009684,F. Construction,11,10,1
S01009684,G I. Distribution hotels and restaurants,28,9,19
S01009684,H J. Transport and communication,14,5,9
S01009684,K L M N. Financial real estate professional and administrative activities,31,17,14
S01009684,O P Q. Public administration education and health,65,18,47
S01009684,R S T U. Other,15,3,12
S01009684,Never worked,44,24,20
S01009685,All people aged 16 to 74 not in employment,176,78,98
S01009685,A B D E. Agriculture energy and water,3,2,1
S01009685,C. Manufacturing,20,12,8
S01009685,F. Construction,14,12,2
S01009685,G I. Distribution hotels and restaurants,25,14,11
S01009685,H J. Transport and communication,8,2,6
S01009685,K L M N. Financial real estate professional and administrative activities,14,8,6
S01009685,O P Q. Public administration education and health,59,10,49
S01009685,R S T U. Other,9,4,5
S01009685,Never worked,24,14,10
S01009686,All people aged 16 to 74 not in employment,290,129,161
S01009686,A B D E. Agriculture energy and water,8,7,1
S01009686,C. Manufacturing,12,8,4
S01009686,F. Construction,17,16,1
S01009686,G I. Distribution hotels and restaurants,51,21,30
S01009686,H J. Transport and communication,24,12,12
S01009686,K L M N. Financial real estate professional and administrative activities,27,9,18
S01009686,O P Q. Public administration education and health,83,23,60
S01009686,R S T U. Other,14,6,8
S01009686,Never worked,54,27,27
S01009687,All people aged 16 to 74 not in employment,177,68,109
S01009687,A B D E. Agriculture energy and water,2,2,0
S01009687,C. Manufacturing,8,5,3
S01009687,F. Construction,8,8,0
S01009687,G I. Distribution hotels and restaurants,26,10,16
S01009687,H J. Transport and communication,16,3,13
S01009687,K L M N. Financial real estate professional and administrative activities,16,7,9
S01009687,O P Q. Public administration education and health,66,16,50
S01009687,R S T U. Other,9,3,6
S01009687,Never worked,26,14,12
S01009688,All people aged 16 to 74 not in employment,277,114,163
S01009688,A B D E. Agriculture energy and water,15,9,6
S01009688,C. Manufacturing,19,10,9
S01009688,F. Construction,13,10,3
S01009688,G I. Distribution hotels and restaurants,47,14,33
S01009688,H J. Transport and communication,28,14,14
S01009688,K L M N. Financial real estate professional and administrative activities,27,12,15
S01009688,O P Q. Public administration education and health,54,14,40
S01009688,R S T U. Other,12,5,7
S01009688,Never worked,62,26,36
S01009689,All people aged 16 to 74 not in employment,146,64,82
S01009689,A B D E. Agriculture energy and water,3,3,0
S01009689,C. Manufacturing,15,11,4
S01009689,F. Construction,9,9,0
S01009689,G I. Distribution hotels and restaurants,21,4,17
S01009689,H J. Transport and communication,22,7,15
S01009689,K L M N. Financial real estate professional and administrative activities,13,8,5
S01009689,O P Q. Public administration education and health,28,2,26
S01009689,R S T U. Other,6,3,3
S01009689,Never worked,29,17,12
S01009690,All people aged 16 to 74 not in employment,177,85,92
S01009690,A B D E. Agriculture energy and water,8,8,0
S01009690,C. Manufacturing,8,4,4
S01009690,F. Construction,14,14,0
S01009690,G I. Distribution hotels and restaurants,33,17,16
S01009690,H J. Transport and communication,18,7,11
S01009690,K L M N. Financial real estate professional and administrative activities,8,4,4
S01009690,O P Q. Public administration education and health,51,13,38
S01009690,R S T U. Other,11,4,7
S01009690,Never worked,26,14,12
S01009691,All people aged 16 to 74 not in employment,143,62,81
S01009691,A B D E. Agriculture energy and water,3,3,0
S01009691,C. Manufacturing,8,3,5
S01009691,F. Construction,7,7,0
S01009691,G I. Distribution hotels and restaurants,24,10,14
S01009691,H J. Transport and communication,10,2,8
S01009691,K L M N. Financial real estate professional and administrative activities,10,6,4
S01009691,O P Q. Public administration education and health,53,13,40
S01009691,R S T U. Other,5,4,1
S01009691,Never worked,23,14,9
S01009692,All people aged 16 to 74 not in employment,299,126,173
S01009692,A B D E. Agriculture energy and water,10,6,4
S01009692,C. Manufacturing,13,8,5
S01009692,F. Construction,14,11,3
S01009692,G I. Distribution hotels and restaurants,66,31,35
S01009692,H J. Transport and communication,19,8,11
S01009692,K L M N. Financial real estate professional and administrative activities,36,12,24
S01009692,O P Q. Public administration education and health,98,28,70
S01009692,R S T U. Other,17,7,10
S01009692,Never worked,26,15,11
S01009693,All people aged 16 to 74 not in employment,160,78,82
S01009693,A B D E. Agriculture energy and water,6,5,1
S01009693,C. Manufacturing,9,7,2
S01009693,F. Construction,8,8,0
S01009693,G I. Distribution hotels and restaurants,21,10,11
S01009693,H J. Transport and communication,10,3,7
S01009693,K L M N. Financial real estate professional and administrative activities,23,8,15
S01009693,O P Q. Public administration education and health,56,20,36
S01009693,R S T U. Other,6,4,2
S01009693,Never worked,21,13,8
S01009694,All people aged 16 to 74 not in employment,266,108,158
S01009694,A B D E. Agriculture energy and water,12,7,5
S01009694,C. Manufacturing,25,16,9
S01009694,F. Construction,9,9,0
S01009694,G I. Distribution hotels and restaurants,41,17,24
S01009694,H J. Transport and communication,16,8,8
S01009694,K L M N. Financial real estate professional and administrative activities,26,8,18
S01009694,O P Q. Public administration education and health,106,30,76
S01009694,R S T U. Other,5,2,3
S01009694,Never worked,26,11,15
S01009695,All people aged 16 to 74 not in employment,169,62,107
S01009695,A B D E. Agriculture energy and water,6,3,3
S01009695,C. Manufacturing,13,4,9
S01009695,F. Construction,12,11,1
S01009695,G I. Distribution hotels and restaurants,29,8,21
S01009695,H J. Transport and communication,16,5,11
S01009695,K L M N. Financial real estate professional and administrative activities,15,5,10
S01009695,O P Q. Public administration education and health,55,17,38
S01009695,R S T U. Other,12,2,10
S01009695,Never worked,11,7,4
S01009696,All people aged 16 to 74 not in employment,237,96,141
S01009696,A B D E. Agriculture energy and water,15,10,5
S01009696,C. Manufacturing,16,11,5
S01009696,F. Construction,13,12,1
S01009696,G I. Distribution hotels and restaurants,31,13,18
S01009696,H J. Transport and communication,14,2,12
S01009696,K L M N. Financial real estate professional and administrative activities,25,9,16
S01009696,O P Q. Public administration education and health,84,22,62
S01009696,R S T U. Other,8,4,4
S01009696,Never worked,31,13,18
S01009697,All people aged 16 to 74 not in employment,176,79,97
S01009697,A B D E. Agriculture energy and water,7,6,1
S01009697,C. Manufacturing,15,7,8
S01009697,F. Construction,12,11,1
S01009697,G I. Distribution hotels and restaurants,20,10,10
S01009697,H J. Transport and communication,22,10,12
S01009697,K L M N. Financial real estate professional and administrative activities,16,6,10
S01009697,O P Q. Public administration education and health,66,22,44
S01009697,R S T U. Other,7,2,5
S01009697,Never worked,11,5,6
S01009698,All people aged 16 to 74 not in employment,151,69,82
S01009698,A B D E. Agriculture energy and water,6,4,2
S01009698,C. Manufacturing,15,12,3
S01009698,F. Construction,4,2,2
S01009698,G I. Distribution hotels and restaurants,20,11,9
S01009698,H J. Transport and communication,20,9,11
S01009698,K L M N. Financial real estate professional and administrative activities,13,7,6
S01009698,O P Q. Public administration education and health,50,15,35
S01009698,R S T U. Other,6,2,4
S01009698,Never worked,17,7,10
S01009699,All people aged 16 to 74 not in employment,162,74,88
S01009699,A B D E. Agriculture energy and water,3,2,1
S01009699,C. Manufacturing,13,12,1
S01009699,F. Construction,8,7,1
S01009699,G I. Distribution hotels and restaurants,23,10,13
S01009699,H J. Transport and communication,17,5,12
S01009699,K L M N. Financial real estate professional and administrative activities,28,15,13
S01009699,O P Q. Public administration education and health,47,12,35
S01009699,R S T U. Other,8,4,4
S01009699,Never worked,15,7,8
S01009700,All people aged 16 to 74 not in employment,186,77,109
S01009700,A B D E. Agriculture energy and water,9,7,2
S01009700,C. Manufacturing,13,8,5
S01009700,F. Construction,9,9,0
S01009700,G I. Distribution hotels and restaurants,25,13,12
S01009700,H J. Transport and communication,27,8,19
S01009700,K L M N. Financial real estate professional and administrative activities,19,6,13
S01009700,O P Q. Public administration education and health,51,12,39
S01009700,R S T U. Other,9,2,7
S01009700,Never worked,24,12,12
S01009701,All people aged 16 to 74 not in employment,134,59,75
S01009701,A B D E. Agriculture energy and water,5,4,1
S01009701,C. Manufacturing,14,6,8
S01009701,F. Construction,6,5,1
S01009701,G I. Distribution hotels and restaurants,18,9,9
S01009701,H J. Transport and communication,7,3,4
S01009701,K L M N. Financial real estate professional and administrative activities,26,17,9
S01009701,O P Q. Public administration education and health,41,8,33
S01009701,R S T U. Other,5,2,3
S01009701,Never worked,12,5,7
S01009702,All people aged 16 to 74 not in employment,156,70,86
S01009702,A B D E. Agriculture energy and water,10,7,3
S01009702,C. Manufacturing,13,9,4
S01009702,F. Construction,6,6,0
S01009702,G I. Distribution hotels and restaurants,29,11,18
S01009702,H J. Transport and communication,12,4,8
S01009702,K L M N. Financial real estate professional and administrative activities,17,8,9
S01009702,O P Q. Public administration education and health,43,14,29
S01009702,R S T U. Other,10,3,7
S01009702,Never worked,16,8,8
S01009703,All people aged 16 to 74 not in employment,157,61,96
S01009703,A B D E. Agriculture energy and water,11,10,1
S01009703,C. Manufacturing,11,6,5
S01009703,F. Construction,11,10,1
S01009703,G I. Distribution hotels and restaurants,24,9,15
S01009703,H J. Transport and communication,15,8,7
S01009703,K L M N. Financial real estate professional and administrative activities,19,4,15
S01009703,O P Q. Public administration education and health,48,7,41
S01009703,R S T U. Other,9,3,6
S01009703,Never worked,9,4,5
S01009704,All people aged 16 to 74 not in employment,258,108,150
S01009704,A B D E. Agriculture energy and water,9,9,0
S01009704,C. Manufacturing,14,5,9
S01009704,F. Construction,11,11,0
S01009704,G I. Distribution hotels and restaurants,57,24,33
S01009704,H J. Transport and communication,28,10,18
S01009704,K L M N. Financial real estate professional and administrative activities,19,7,12
S01009704,O P Q. Public administration education and health,80,25,55
S01009704,R S T U. Other,19,10,9
S01009704,Never worked,21,7,14
S01009705,All people aged 16 to 74 not in employment,185,90,95
S01009705,A B D E. Agriculture energy and water,8,7,1
S01009705,C. Manufacturing,12,9,3
S01009705,F. Construction,17,15,2
S01009705,G I. Distribution hotels and restaurants,37,18,19
S01009705,H J. Transport and communication,17,7,10
S01009705,K L M N. Financial real estate professional and administrative activities,15,7,8
S01009705,O P Q. Public administration education and health,54,12,42
S01009705,R S T U. Other,6,3,3
S01009705,Never worked,19,12,7
S01009706,All people aged 16 to 74 not in employment,154,74,80
S01009706,A B D E. Agriculture energy and water,10,8,2
S01009706,C. Manufacturing,10,5,5
S01009706,F. Construction,8,7,1
S01009706,G I. Distribution hotels and restaurants,31,14,17
S01009706,H J. Transport and communication,17,10,7
S01009706,K L M N. Financial real estate professional and administrative activities,20,6,14
S01009706,O P Q. Public administration education and health,30,8,22
S01009706,R S T U. Other,10,5,5
S01009706,Never worked,18,11,7
S01009707,All people aged 16 to 74 not in employment,104,52,52
S01009707,A B D E. Agriculture energy and water,1,1,0
S01009707,C. Manufacturing,4,2,2
S01009707,F. Construction,9,8,1
S01009707,G I. Distribution hotels and restaurants,16,11,5
S01009707,H J. Transport and communication,11,6,5
S01009707,K L M N. Financial real estate professional and administrative activities,8,3,5
S01009707,O P Q. Public administration education and health,30,8,22
S01009707,R S T U. Other,6,2,4
S01009707,Never worked,19,11,8
S01009708,All people aged 16 to 74 not in employment,178,68,110
S01009708,A B D E. Agriculture energy and water,7,6,1
S01009708,C. Manufacturing,13,10,3
S01009708,F. Construction,6,4,2
S01009708,G I. Distribution hotels and restaurants,27,10,17
S01009708,H J. Transport and communication,16,6,10
S01009708,K L M N. Financial real estate professional and administrative activities,16,7,9
S01009708,O P Q. Public administration education and health,64,12,52
S01009708,R S T U. Other,16,5,11
S01009708,Never worked,13,8,5
S01009709,All people aged 16 to 74 not in employment,250,106,144
S01009709,A B D E. Agriculture energy and water,11,10,1
S01009709,C. Manufacturing,13,9,4
S01009709,F. Construction,14,13,1
S01009709,G I. Distribution hotels and restaurants,52,22,30
S01009709,H J. Transport and communication,26,9,17
S01009709,K L M N. Financial real estate professional and administrative activities,33,8,25
S01009709,O P Q. Public administration education and health,70,15,55
S01009709,R S T U. Other,11,6,5
S01009709,Never worked,20,14,6
S01009710,All people aged 16 to 74 not in employment,124,51,73
S01009710,A B D E. Agriculture energy and water,5,4,1
S01009710,C. Manufacturing,5,3,2
S01009710,F. Construction,8,5,3
S01009710,G I. Distribution hotels and restaurants,21,7,14
S01009710,H J. Transport and communication,18,8,10
S01009710,K L M N. Financial real estate professional and administrative activities,14,4,10
S01009710,O P Q. Public administration education and health,28,7,21
S01009710,R S T U. Other,6,1,5
S01009710,Never worked,19,12,7
S01009711,All people aged 16 to 74 not in employment,203,94,109
S01009711,A B D E. Agriculture energy and water,6,5,1
S01009711,C. Manufacturing,9,6,3
S01009711,F. Construction,18,16,2
S01009711,G I. Distribution hotels and restaurants,24,8,16
S01009711,H J. Transport and communication,36,16,20
S01009711,K L M N. Financial real estate professional and administrative activities,23,9,14
S01009711,O P Q. Public administration education and health,42,14,28
S01009711,R S T U. Other,12,4,8
S01009711,Never worked,33,16,17
S01009712,All people aged 16 to 74 not in employment,189,85,104
S01009712,A B D E. Agriculture energy and water,16,12,4
S01009712,C. Manufacturing,11,5,6
S01009712,F. Construction,10,8,2
S01009712,G I. Distribution hotels and restaurants,22,8,14
S01009712,H J. Transport and communication,24,9,15
S01009712,K L M N. Financial real estate professional and administrative activities,13,7,6
S01009712,O P Q. Public administration education and health,52,14,38
S01009712,R S T U. Other,20,10,10
S01009712,Never worked,21,12,9
S01009713,All people aged 16 to 74 not in employment,292,123,169
S01009713,A B D E. Agriculture energy and water,14,11,3
S01009713,C. Manufacturing,19,13,6
S01009713,F. Construction,12,11,1
S01009713,G I. Distribution hotels and restaurants,42,13,29
S01009713,H J. Transport and communication,38,12,26
S01009713,K L M N. Financial real estate professional and administrative activities,33,17,16
S01009713,O P Q. Public administration education and health,86,21,65
S01009713,R S T U. Other,15,7,8
S01009713,Never worked,33,18,15
S01009714,All people aged 16 to 74 not in employment,278,108,170
S01009714,A B D E. Agriculture energy and water,4,3,1
S01009714,C. Manufacturing,19,10,9
S01009714,F. Construction,20,16,4
S01009714,G I. Distribution hotels and restaurants,44,19,25
S01009714,H J. Transport and communication,19,5,14
S01009714,K L M N. Financial real estate professional and administrative activities,29,13,16
S01009714,O P Q. Public administration education and health,105,30,75
S01009714,R S T U. Other,18,3,15
S01009714,Never worked,20,9,11
S01009715,All people aged 16 to 74 not in employment,180,75,105
S01009715,A B D E. Agriculture energy and water,13,11,2
S01009715,C. Manufacturing,7,5,2
S01009715,F. Construction,4,2,2
S01009715,G I. Distribution hotels and restaurants,16,4,12
S01009715,H J. Transport and communication,12,3,9
S01009715,K L M N. Financial real estate professional and administrative activities,25,8,17
S01009715,O P Q. Public administration education and health,71,23,48
S01009715,R S T U. Other,13,4,9
S01009715,Never worked,19,15,4
S01009716,All people aged 16 to 74 not in employment,249,99,150
S01009716,A B D E. Agriculture energy and water,1,0,1
S01009716,C. Manufacturing,11,8,3
S01009716,F. Construction,8,7,1
S01009716,G I. Distribution hotels and restaurants,30,10,20
S01009716,H J. Transport and communication,37,11,26
S01009716,K L M N. Financial real estate professional and administrative activities,20,6,14
S01009716,O P Q. Public administration education and health,95,34,61
S01009716,R S T U. Other,16,9,7
S01009716,Never worked,31,14,17
S01009717,All people aged 16 to 74 not in employment,553,247,306
S01009717,A B D E. Agriculture energy and water,6,6,0
S01009717,C. Manufacturing,13,6,7
S01009717,F. Construction,9,9,0
S01009717,G I. Distribution hotels and restaurants,75,29,46
S01009717,H J. Transport and communication,78,38,40
S01009717,K L M N. Financial real estate professional and administrative activities,51,25,26
S01009717,O P Q. Public administration education and health,119,34,85
S01009717,R S T U. Other,33,17,16
S01009717,Never worked,169,83,86
S01009718,All people aged 16 to 74 not in employment,244,119,125
S01009718,A B D E. Agriculture energy and water,5,5,0
S01009718,C. Manufacturing,12,6,6
S01009718,F. Construction,14,14,0
S01009718,G I. Distribution hotels and restaurants,31,15,16
S01009718,H J. Transport and communication,43,15,28
S01009718,K L M N. Financial real estate professional and administrative activities,23,13,10
S01009718,O P Q. Public administration education and health,52,16,36
S01009718,R S T U. Other,15,6,9
S01009718,Never worked,49,29,20
S01009719,All people aged 16 to 74 not in employment,226,99,127
S01009719,A B D E. Agriculture energy and water,2,2,0
S01009719,C. Manufacturing,12,10,2
S01009719,F. Construction,6,6,0
S01009719,G I. Distribution hotels and restaurants,43,12,31
S01009719,H J. Transport and communication,44,18,26
S01009719,K L M N. Financial real estate professional and administrative activities,17,9,8
S01009719,O P Q. Public administration education and health,61,20,41
S01009719,R S T U. Other,10,3,7
S01009719,Never worked,31,19,12
S01009720,All people aged 16 to 74 not in employment,270,106,164
S01009720,A B D E. Agriculture energy and water,9,8,1
S01009720,C. Manufacturing,17,11,6
S01009720,F. Construction,6,6,0
S01009720,G I. Distribution hotels and restaurants,39,15,24
S01009720,H J. Transport and communication,36,11,25
S01009720,K L M N. Financial real estate professional and administrative activities,21,11,10
S01009720,O P Q. Public administration education and health,90,23,67
S01009720,R S T U. Other,20,6,14
S01009720,Never worked,32,15,17
S01009721,All people aged 16 to 74 not in employment,397,174,223
S01009721,A B D E. Agriculture energy and water,4,3,1
S01009721,C. Manufacturing,5,2,3
S01009721,F. Construction,9,3,6
S01009721,G I. Distribution hotels and restaurants,52,19,33
S01009721,H J. Transport and communication,81,42,39
S01009721,K L M N. Financial real estate professional and administrative activities,41,21,20
S01009721,O P Q. Public administration education and health,56,20,36
S01009721,R S T U. Other,27,10,17
S01009721,Never worked,122,54,68
S01009722,All people aged 16 to 74 not in employment,743,319,424
S01009722,A B D E. Agriculture energy and water,3,0,3
S01009722,C. Manufacturing,20,10,10
S01009722,F. Construction,4,4,0
S01009722,G I. Distribution hotels and restaurants,89,36,53
S01009722,H J. Transport and communication,137,68,69
S01009722,K L M N. Financial real estate professional and administrative activities,77,33,44
S01009722,O P Q. Public administration education and health,125,48,77
S01009722,R S T U. Other,40,17,23
S01009722,Never worked,248,103,145
S01009723,All people aged 16 to 74 not in employment,506,235,271
S01009723,A B D E. Agriculture energy and water,5,3,2
S01009723,C. Manufacturing,12,7,5
S01009723,F. Construction,5,4,1
S01009723,G I. Distribution hotels and restaurants,47,23,24
S01009723,H J. Transport and communication,88,35,53
S01009723,K L M N. Financial real estate professional and administrative activities,50,24,26
S01009723,O P Q. Public administration education and health,99,47,52
S01009723,R S T U. Other,44,20,24
S01009723,Never worked,156,72,84
S01009724,All people aged 16 to 74 not in employment,453,218,235
S01009724,A B D E. Agriculture energy and water,9,8,1
S01009724,C. Manufacturing,8,6,2
S01009724,F. Construction,14,11,3
S01009724,G I. Distribution hotels and restaurants,55,25,30
S01009724,H J. Transport and communication,79,33,46
S01009724,K L M N. Financial real estate professional and administrative activities,41,30,11
S01009724,O P Q. Public administration education and health,106,38,68
S01009724,R S T U. Other,38,23,15
S01009724,Never worked,103,44,59
S01009725,All people aged 16 to 74 not in employment,421,187,234
S01009725,A B D E. Agriculture energy and water,5,4,1
S01009725,C. Manufacturing,13,9,4
S01009725,F. Construction,4,3,1
S01009725,G I. Distribution hotels and restaurants,49,17,32
S01009725,H J. Transport and communication,100,42,58
S01009725,K L M N. Financial real estate professional and administrative activities,45,18,27
S01009725,O P Q. Public administration education and health,66,28,38
S01009725,R S T U. Other,29,17,12
S01009725,Never worked,110,49,61
S01009726,All people aged 16 to 74 not in employment,768,305,463
S01009726,A B D E. Agriculture energy and water,8,7,1
S01009726,C. Manufacturing,10,7,3
S01009726,F. Construction,8,4,4
S01009726,G I. Distribution hotels and restaurants,91,38,53
S01009726,H J. Transport and communication,143,45,98
S01009726,K L M N. Financial real estate professional and administrative activities,66,31,35
S01009726,O P Q. Public administration education and health,78,31,47
S01009726,R S T U. Other,56,25,31
S01009726,Never worked,308,117,191
S01009727,All people aged 16 to 74 not in employment,260,120,140
S01009727,A B D E. Agriculture energy and water,7,4,3
S01009727,C. Manufacturing,8,3,5
S01009727,F. Construction,12,8,4
S01009727,G I. Distribution hotels and restaurants,25,13,12
S01009727,H J. Transport and communication,39,23,16
S01009727,K L M N. Financial real estate professional and administrative activities,31,12,19
S01009727,O P Q. Public administration education and health,79,24,55
S01009727,R S T U. Other,19,9,10
S01009727,Never worked,40,24,16
S01009728,All people aged 16 to 74 not in employment,209,92,117
S01009728,A B D E. Agriculture energy and water,5,4,1
S01009728,C. Manufacturing,10,8,2
S01009728,F. Construction,2,1,1
S01009728,G I. Distribution hotels and restaurants,13,5,8
S01009728,H J. Transport and communication,16,7,9
S01009728,K L M N. Financial real estate professional and administrative activities,28,11,17
S01009728,O P Q. Public administration education and health,94,33,61
S01009728,R S T U. Other,14,7,7
S01009728,Never worked,27,16,11
S01009729,All people aged 16 to 74 not in employment,190,82,108
S01009729,A B D E. Agriculture energy and water,2,2,0
S01009729,C. Manufacturing,3,3,0
S01009729,F. Construction,6,6,0
S01009729,G I. Distribution hotels and restaurants,16,7,9
S01009729,H J. Transport and communication,14,7,7
S01009729,K L M N. Financial real estate professional and administrative activities,19,9,10
S01009729,O P Q. Public administration education and health,100,33,67
S01009729,R S T U. Other,10,5,5
S01009729,Never worked,20,10,10
S01009730,All people aged 16 to 74 not in employment,167,81,86
S01009730,A B D E. Agriculture energy and water,1,1,0
S01009730,C. Manufacturing,12,9,3
S01009730,F. Construction,6,4,2
S01009730,G I. Distribution hotels and restaurants,31,13,18
S01009730,H J. Transport and communication,20,9,11
S01009730,K L M N. Financial real estate professional and administrative activities,18,10,8
S01009730,O P Q. Public administration education and health,47,17,30
S01009730,R S T U. Other,7,5,2
S01009730,Never worked,25,13,12
S01009731,All people aged 16 to 74 not in employment,226,82,144
S01009731,A B D E. Agriculture energy and water,2,2,0
S01009731,C. Manufacturing,6,5,1
S01009731,F. Construction,7,2,5
S01009731,G I. Distribution hotels and restaurants,25,8,17
S01009731,H J. Transport and communication,34,8,26
S01009731,K L M N. Financial real estate professional and administrative activities,22,9,13
S01009731,O P Q. Public administration education and health,99,35,64
S01009731,R S T U. Other,10,4,6
S01009731,Never worked,21,9,12
S01009732,All people aged 16 to 74 not in employment,402,180,222
S01009732,A B D E. Agriculture energy and water,6,4,2
S01009732,C. Manufacturing,12,8,4
S01009732,F. Construction,5,5,0
S01009732,G I. Distribution hotels and restaurants,56,19,37
S01009732,H J. Transport and communication,75,32,43
S01009732,K L M N. Financial real estate professional and administrative activities,42,23,19
S01009732,O P Q. Public administration education and health,89,30,59
S01009732,R S T U. Other,30,9,21
S01009732,Never worked,87,50,37
S01009733,All people aged 16 to 74 not in employment,146,67,79
S01009733,A B D E. Agriculture energy and water,6,4,2
S01009733,C. Manufacturing,9,3,6
S01009733,F. Construction,9,9,0
S01009733,G I. Distribution hotels and restaurants,22,13,9
S01009733,H J. Transport and communication,13,4,9
S01009733,K L M N. Financial real estate professional and administrative activities,16,9,7
S01009733,O P Q. Public administration education and health,49,16,33
S01009733,R S T U. Other,6,1,5
S01009733,Never worked,16,8,8
S01009734,All people aged 16 to 74 not in employment,212,104,108
S01009734,A B D E. Agriculture energy and water,1,1,0
S01009734,C. Manufacturing,13,8,5
S01009734,F. Construction,11,11,0
S01009734,G I. Distribution hotels and restaurants,30,9,21
S01009734,H J. Transport and communication,33,17,16
S01009734,K L M N. Financial real estate professional and administrative activities,17,11,6
S01009734,O P Q. Public administration education and health,64,22,42
S01009734,R S T U. Other,11,7,4
S01009734,Never worked,32,18,14
S01009735,All people aged 16 to 74 not in employment,670,293,377
S01009735,A B D E. Agriculture energy and water,2,2,0
S01009735,C. Manufacturing,18,14,4
S01009735,F. Construction,12,9,3
S01009735,G I. Distribution hotels and restaurants,60,25,35
S01009735,H J. Transport and communication,62,29,33
S01009735,K L M N. Financial real estate professional and administrative activities,91,51,40
S01009735,O P Q. Public administration education and health,139,56,83
S01009735,R S T U. Other,25,11,14
S01009735,Never worked,261,96,165
S01009736,All people aged 16 to 74 not in employment,2197,988,1209
S01009736,A B D E. Agriculture energy and water,14,7,7
S01009736,C. Manufacturing,32,18,14
S01009736,F. Construction,16,13,3
S01009736,G I. Distribution hotels and restaurants,272,116,156
S01009736,H J. Transport and communication,311,131,180
S01009736,K L M N. Financial real estate professional and administrative activities,181,84,97
S01009736,O P Q. Public administration education and health,255,96,159
S01009736,R S T U. Other,118,51,67
S01009736,Never worked,998,472,526
S01009737,All people aged 16 to 74 not in employment,171,58,113
S01009737,A B D E. Agriculture energy and water,6,2,4
S01009737,C. Manufacturing,18,11,7
S01009737,F. Construction,8,6,2
S01009737,G I. Distribution hotels and restaurants,33,10,23
S01009737,H J. Transport and communication,23,8,15
S01009737,K L M N. Financial real estate professional and administrative activities,10,1,9
S01009737,O P Q. Public administration education and health,51,11,40
S01009737,R S T U. Other,7,1,6
S01009737,Never worked,15,8,7
S01009738,All people aged 16 to 74 not in employment,95,38,57
S01009738,A B D E. Agriculture energy and water,5,3,2
S01009738,C. Manufacturing,16,9,7
S01009738,F. Construction,1,0,1
S01009738,G I. Distribution hotels and restaurants,18,4,14
S01009738,H J. Transport and communication,9,4,5
S01009738,K L M N. Financial real estate professional and administrative activities,8,1,7
S01009738,O P Q. Public administration education and health,23,10,13
S01009738,R S T U. Other,4,0,4
S01009738,Never worked,11,7,4
S01009739,All people aged 16 to 74 not in employment,135,54,81
S01009739,A B D E. Agriculture energy and water,2,0,2
S01009739,C. Manufacturing,8,6,2
S01009739,F. Construction,7,6,1
S01009739,G I. Distribution hotels and restaurants,18,7,11
S01009739,H J. Transport and communication,15,3,12
S01009739,K L M N. Financial real estate professional and administrative activities,9,5,4
S01009739,O P Q. Public administration education and health,45,13,32
S01009739,R S T U. Other,4,0,4
S01009739,Never worked,27,14,13
S01009740,All people aged 16 to 74 not in employment,153,79,74
S01009740,A B D E. Agriculture energy and water,9,6,3
S01009740,C. Manufacturing,12,7,5
S01009740,F. Construction,11,9,2
S01009740,G I. Distribution hotels and restaurants,24,11,13
S01009740,H J. Transport and communication,19,9,10
S01009740,K L M N. Financial real estate professional and administrative activities,8,3,5
S01009740,O P Q. Public administration education and health,32,14,18
S01009740,R S T U. Other,12,4,8
S01009740,Never worked,26,16,10
S01009741,All people aged 16 to 74 not in employment,103,15,88
S01009741,A B D E. Agriculture energy and water,0,0,0
S01009741,C. Manufacturing,5,4,1
S01009741,F. Construction,1,0,1
S01009741,G I. Distribution hotels and restaurants,14,1,13
S01009741,H J. Transport and communication,12,1,11
S01009741,K L M N. Financial real estate professional and administrative activities,10,1,9
S01009741,O P Q. Public administration education and health,42,4,38
S01009741,R S T U. Other,7,1,6
S01009741,Never worked,12,3,9
S01009742,All people aged 16 to 74 not in employment,142,61,81
S01009742,A B D E. Agriculture energy and water,9,8,1
S01009742,C. Manufacturing,6,4,2
S01009742,F. Construction,3,2,1
S01009742,G I. Distribution hotels and restaurants,14,6,8
S01009742,H J. Transport and communication,8,4,4
S01009742,K L M N. Financial real estate professional and administrative activities,29,13,16
S01009742,O P Q. Public administration education and health,49,14,35
S01009742,R S T U. Other,9,1,8
S01009742,Never worked,15,9,6
S01009743,All people aged 16 to 74 not in employment,247,106,141
S01009743,A B D E. Agriculture energy and water,9,4,5
S01009743,C. Manufacturing,20,14,6
S01009743,F. Construction,15,13,2
S01009743,G I. Distribution hotels and restaurants,34,12,22
S01009743,H J. Transport and communication,18,3,15
S01009743,K L M N. Financial real estate professional and administrative activities,33,17,16
S01009743,O P Q. Public administration education and health,90,29,61
S01009743,R S T U. Other,7,3,4
S01009743,Never worked,21,11,10
S01009744,All people aged 16 to 74 not in employment,191,77,114
S01009744,A B D E. Agriculture energy and water,5,4,1
S01009744,C. Manufacturing,19,13,6
S01009744,F. Construction,9,5,4
S01009744,G I. Distribution hotels and restaurants,26,10,16
S01009744,H J. Transport and communication,11,4,7
S01009744,K L M N. Financial real estate professional and administrative activities,25,10,15
S01009744,O P Q. Public administration education and health,69,15,54
S01009744,R S T U. Other,4,2,2
S01009744,Never worked,23,14,9
S01009745,All people aged 16 to 74 not in employment,255,113,142
S01009745,A B D E. Agriculture energy and water,12,10,2
S01009745,C. Manufacturing,19,16,3
S01009745,F. Construction,5,4,1
S01009745,G I. Distribution hotels and restaurants,40,18,22
S01009745,H J. Transport and communication,20,6,14
S01009745,K L M N. Financial real estate professional and administrative activities,13,5,8
S01009745,O P Q. Public administration education and health,111,39,72
S01009745,R S T U. Other,7,1,6
S01009745,Never worked,28,14,14
S01009746,All people aged 16 to 74 not in employment,140,61,79
S01009746,A B D E. Agriculture energy and water,9,5,4
S01009746,C. Manufacturing,9,4,5
S01009746,F. Construction,9,8,1
S01009746,G I. Distribution hotels and restaurants,11,2,9
S01009746,H J. Transport and communication,10,3,7
S01009746,K L M N. Financial real estate professional and administrative activities,30,17,13
S01009746,O P Q. Public administration education and health,37,13,24
S01009746,R S T U. Other,6,3,3
S01009746,Never worked,19,6,13
S01009747,All people aged 16 to 74 not in employment,168,78,90
S01009747,A B D E. Agriculture energy and water,3,2,1
S01009747,C. Manufacturing,24,15,9
S01009747,F. Construction,7,7,0
S01009747,G I. Distribution hotels and restaurants,28,10,18
S01009747,H J. Transport and communication,10,3,7
S01009747,K L M N. Financial real estate professional and administrative activities,15,11,4
S01009747,O P Q. Public administration education and health,55,16,39
S01009747,R S T U. Other,5,3,2
S01009747,Never worked,21,11,10
S01009748,All people aged 16 to 74 not in employment,204,91,113
S01009748,A B D E. Agriculture energy and water,7,4,3
S01009748,C. Manufacturing,21,18,3
S01009748,F. Construction,10,8,2
S01009748,G I. Distribution hotels and restaurants,32,16,16
S01009748,H J. Transport and communication,11,2,9
S01009748,K L M N. Financial real estate professional and administrative activities,18,7,11
S01009748,O P Q. Public administration education and health,79,23,56
S01009748,R S T U. Other,9,3,6
S01009748,Never worked,17,10,7
S01009749,All people aged 16 to 74 not in employment,244,100,144
S01009749,A B D E. Agriculture energy and water,4,3,1
S01009749,C. Manufacturing,26,16,10
S01009749,F. Construction,8,6,2
S01009749,G I. Distribution hotels and restaurants,27,11,16
S01009749,H J. Transport and communication,19,9,10
S01009749,K L M N. Financial real estate professional and administrative activities,28,16,12
S01009749,O P Q. Public administration education and health,85,24,61
S01009749,R S T U. Other,9,2,7
S01009749,Never worked,38,13,25
S01009750,All people aged 16 to 74 not in employment,158,64,94
S01009750,A B D E. Agriculture energy and water,3,2,1
S01009750,C. Manufacturing,16,9,7
S01009750,F. Construction,11,10,1
S01009750,G I. Distribution hotels and restaurants,30,15,15
S01009750,H J. Transport and communication,15,4,11
S01009750,K L M N. Financial real estate professional and administrative activities,19,5,14
S01009750,O P Q. Public administration education and health,41,11,30
S01009750,R S T U. Other,8,2,6
S01009750,Never worked,15,6,9
S01009751,All people aged 16 to 74 not in employment,206,83,123
S01009751,A B D E. Agriculture energy and water,7,5,2
S01009751,C. Manufacturing,30,16,14
S01009751,F. Construction,12,11,1
S01009751,G I. Distribution hotels and restaurants,29,7,22
S01009751,H J. Transport and communication,18,2,16
S01009751,K L M N. Financial real estate professional and administrative activities,14,7,7
S01009751,O P Q. Public administration education and health,52,17,35
S01009751,R S T U. Other,16,5,11
S01009751,Never worked,28,13,15
S01009752,All people aged 16 to 74 not in employment,141,63,78
S01009752,A B D E. Agriculture energy and water,2,2,0
S01009752,C. Manufacturing,6,4,2
S01009752,F. Construction,7,7,0
S01009752,G I. Distribution hotels and restaurants,14,5,9
S01009752,H J. Transport and communication,8,5,3
S01009752,K L M N. Financial real estate professional and administrative activities,22,7,15
S01009752,O P Q. Public administration education and health,57,19,38
S01009752,R S T U. Other,9,4,5
S01009752,Never worked,16,10,6
S01009753,All people aged 16 to 74 not in employment,166,79,87
S01009753,A B D E. Agriculture energy and water,7,5,2
S01009753,C. Manufacturing,11,9,2
S01009753,F. Construction,4,4,0
S01009753,G I. Distribution hotels and restaurants,23,8,15
S01009753,H J. Transport and communication,17,9,8
S01009753,K L M N. Financial real estate professional and administrative activities,15,7,8
S01009753,O P Q. Public administration education and health,59,23,36
S01009753,R S T U. Other,10,4,6
S01009753,Never worked,20,10,10
S01009754,All people aged 16 to 74 not in employment,231,104,127
S01009754,A B D E. Agriculture energy and water,1,0,1
S01009754,C. Manufacturing,21,17,4
S01009754,F. Construction,4,4,0
S01009754,G I. Distribution hotels and restaurants,29,14,15
S01009754,H J. Transport and communication,17,10,7
S01009754,K L M N. Financial real estate professional and administrative activities,28,10,18
S01009754,O P Q. Public administration education and health,77,24,53
S01009754,R S T U. Other,8,2,6
S01009754,Never worked,46,23,23
S01009755,All people aged 16 to 74 not in employment,162,69,93
S01009755,A B D E. Agriculture energy and water,1,0,1
S01009755,C. Manufacturing,6,3,3
S01009755,F. Construction,10,9,1
S01009755,G I. Distribution hotels and restaurants,16,7,9
S01009755,H J. Transport and communication,19,10,9
S01009755,K L M N. Financial real estate professional and administrative activities,17,8,9
S01009755,O P Q. Public administration education and health,54,14,40
S01009755,R S T U. Other,10,3,7
S01009755,Never worked,29,15,14
S01009756,All people aged 16 to 74 not in employment,207,91,116
S01009756,A B D E. Agriculture energy and water,2,2,0
S01009756,C. Manufacturing,13,5,8
S01009756,F. Construction,4,3,1
S01009756,G I. Distribution hotels and restaurants,23,14,9
S01009756,H J. Transport and communication,20,10,10
S01009756,K L M N. Financial real estate professional and administrative activities,20,9,11
S01009756,O P Q. Public administration education and health,80,27,53
S01009756,R S T U. Other,7,1,6
S01009756,Never worked,38,20,18
S01009757,All people aged 16 to 74 not in employment,184,84,100
S01009757,A B D E. Agriculture energy and water,0,0,0
S01009757,C. Manufacturing,5,4,1
S01009757,F. Construction,9,9,0
S01009757,G I. Distribution hotels and restaurants,26,13,13
S01009757,H J. Transport and communication,17,9,8
S01009757,K L M N. Financial real estate professional and administrative activities,15,10,5
S01009757,O P Q. Public administration education and health,82,24,58
S01009757,R S T U. Other,2,1,1
S01009757,Never worked,28,14,14
S01009758,All people aged 16 to 74 not in employment,115,54,61
S01009758,A B D E. Agriculture energy and water,2,1,1
S01009758,C. Manufacturing,14,6,8
S01009758,F. Construction,6,5,1
S01009758,G I. Distribution hotels and restaurants,23,12,11
S01009758,H J. Transport and communication,12,5,7
S01009758,K L M N. Financial real estate professional and administrative activities,12,6,6
S01009758,O P Q. Public administration education and health,22,5,17
S01009758,R S T U. Other,1,0,1
S01009758,Never worked,23,14,9
S01009759,All people aged 16 to 74 not in employment,338,124,214
S01009759,A B D E. Agriculture energy and water,0,0,0
S01009759,C. Manufacturing,22,13,9
S01009759,F. Construction,18,17,1
S01009759,G I. Distribution hotels and restaurants,63,24,39
S01009759,H J. Transport and communication,34,15,19
S01009759,K L M N. Financial real estate professional and administrative activities,31,9,22
S01009759,O P Q. Public administration education and health,43,9,34
S01009759,R S T U. Other,24,4,20
S01009759,Never worked,103,33,70
S01009760,All people aged 16 to 74 not in employment,297,120,177
S01009760,A B D E. Agriculture energy and water,3,1,2
S01009760,C. Manufacturing,35,13,22
S01009760,F. Construction,25,20,5
S01009760,G I. Distribution hotels and restaurants,45,25,20
S01009760,H J. Transport and communication,24,3,21
S01009760,K L M N. Financial real estate professional and administrative activities,35,15,20
S01009760,O P Q. Public administration education and health,45,11,34
S01009760,R S T U. Other,16,5,11
S01009760,Never worked,69,27,42
S01009761,All people aged 16 to 74 not in employment,235,91,144
S01009761,A B D E. Agriculture energy and water,1,0,1
S01009761,C. Manufacturing,12,7,5
S01009761,F. Construction,13,12,1
S01009761,G I. Distribution hotels and restaurants,56,22,34
S01009761,H J. Transport and communication,27,9,18
S01009761,K L M N. Financial real estate professional and administrative activities,27,9,18
S01009761,O P Q. Public administration education and health,35,7,28
S01009761,R S T U. Other,9,4,5
S01009761,Never worked,55,21,34
S01009762,All people aged 16 to 74 not in employment,361,164,197
S01009762,A B D E. Agriculture energy and water,2,0,2
S01009762,C. Manufacturing,32,14,18
S01009762,F. Construction,27,26,1
S01009762,G I. Distribution hotels and restaurants,74,33,41
S01009762,H J. Transport and communication,31,9,22
S01009762,K L M N. Financial real estate professional and administrative activities,37,18,19
S01009762,O P Q. Public administration education and health,49,18,31
S01009762,R S T U. Other,21,9,12
S01009762,Never worked,88,37,51
S01009763,All people aged 16 to 74 not in employment,155,62,93
S01009763,A B D E. Agriculture energy and water,0,0,0
S01009763,C. Manufacturing,9,4,5
S01009763,F. Construction,2,2,0
S01009763,G I. Distribution hotels and restaurants,29,12,17
S01009763,H J. Transport and communication,15,9,6
S01009763,K L M N. Financial real estate professional and administrative activities,9,4,5
S01009763,O P Q. Public administration education and health,36,7,29
S01009763,R S T U. Other,7,3,4
S01009763,Never worked,48,21,27
S01009764,All people aged 16 to 74 not in employment,207,101,106
S01009764,A B D E. Agriculture energy and water,0,0,0
S01009764,C. Manufacturing,16,7,9
S01009764,F. Construction,21,21,0
S01009764,G I. Distribution hotels and restaurants,47,21,26
S01009764,H J. Transport and communication,15,7,8
S01009764,K L M N. Financial real estate professional and administrative activities,27,12,15
S01009764,O P Q. Public administration education and health,28,7,21
S01009764,R S T U. Other,5,4,1
S01009764,Never worked,48,22,26
S01009765,All people aged 16 to 74 not in employment,226,89,137
S01009765,A B D E. Agriculture energy and water,4,2,2
S01009765,C. Manufacturing,21,9,12
S01009765,F. Construction,18,13,5
S01009765,G I. Distribution hotels and restaurants,40,19,21
S01009765,H J. Transport and communication,24,6,18
S01009765,K L M N. Financial real estate professional and administrative activities,26,10,16
S01009765,O P Q. Public administration education and health,31,9,22
S01009765,R S T U. Other,5,1,4
S01009765,Never worked,57,20,37
S01009766,All people aged 16 to 74 not in employment,107,45,62
S01009766,A B D E. Agriculture energy and water,2,1,1
S01009766,C. Manufacturing,8,5,3
S01009766,F. Construction,7,6,1
S01009766,G I. Distribution hotels and restaurants,22,10,12
S01009766,H J. Transport and communication,10,3,7
S01009766,K L M N. Financial real estate professional and administrative activities,11,2,9
S01009766,O P Q. Public administration education and health,18,4,14
S01009766,R S T U. Other,4,0,4
S01009766,Never worked,25,14,11
S01009767,All people aged 16 to 74 not in employment,215,105,110
S01009767,A B D E. Agriculture energy and water,2,1,1
S01009767,C. Manufacturing,15,8,7
S01009767,F. Construction,22,20,2
S01009767,G I. Distribution hotels and restaurants,36,16,20
S01009767,H J. Transport and communication,13,6,7
S01009767,K L M N. Financial real estate professional and administrative activities,20,13,7
S01009767,O P Q. Public administration education and health,41,10,31
S01009767,R S T U. Other,7,4,3
S01009767,Never worked,59,27,32
S01009768,All people aged 16 to 74 not in employment,162,72,90
S01009768,A B D E. Agriculture energy and water,0,0,0
S01009768,C. Manufacturing,15,10,5
S01009768,F. Construction,13,11,2
S01009768,G I. Distribution hotels and restaurants,41,17,24
S01009768,H J. Transport and communication,9,5,4
S01009768,K L M N. Financial real estate professional and administrative activities,19,6,13
S01009768,O P Q. Public administration education and health,19,2,17
S01009768,R S T U. Other,5,1,4
S01009768,Never worked,41,20,21
S01009769,All people aged 16 to 74 not in employment,117,45,72
S01009769,A B D E. Agriculture energy and water,4,2,2
S01009769,C. Manufacturing,9,3,6
S01009769,F. Construction,7,6,1
S01009769,G I. Distribution hotels and restaurants,22,8,14
S01009769,H J. Transport and communication,7,4,3
S01009769,K L M N. Financial real estate professional and administrative activities,20,7,13
S01009769,O P Q. Public administration education and health,21,5,16
S01009769,R S T U. Other,7,2,5
S01009769,Never worked,20,8,12
S01009770,All people aged 16 to 74 not in employment,192,88,104
S01009770,A B D E. Agriculture energy and water,4,2,2
S01009770,C. Manufacturing,19,10,9
S01009770,F. Construction,5,4,1
S01009770,G I. Distribution hotels and restaurants,32,18,14
S01009770,H J. Transport and communication,13,6,7
S01009770,K L M N. Financial real estate professional and administrative activities,20,11,9
S01009770,O P Q. Public administration education and health,28,5,23
S01009770,R S T U. Other,2,2,0
S01009770,Never worked,69,30,39
S01009771,All people aged 16 to 74 not in employment,211,78,133
S01009771,A B D E. Agriculture energy and water,1,1,0
S01009771,C. Manufacturing,12,5,7
S01009771,F. Construction,12,11,1
S01009771,G I. Distribution hotels and restaurants,33,17,16
S01009771,H J. Transport and communication,22,11,11
S01009771,K L M N. Financial real estate professional and administrative activities,27,8,19
S01009771,O P Q. Public administration education and health,28,4,24
S01009771,R S T U. Other,7,4,3
S01009771,Never worked,69,17,52
S01009772,All people aged 16 to 74 not in employment,134,56,78
S01009772,A B D E. Agriculture energy and water,3,3,0
S01009772,C. Manufacturing,15,7,8
S01009772,F. Construction,12,10,2
S01009772,G I. Distribution hotels and restaurants,32,14,18
S01009772,H J. Transport and communication,10,4,6
S01009772,K L M N. Financial real estate professional and administrative activities,10,5,5
S01009772,O P Q. Public administration education and health,26,4,22
S01009772,R S T U. Other,6,0,6
S01009772,Never worked,20,9,11
S01009773,All people aged 16 to 74 not in employment,135,53,82
S01009773,A B D E. Agriculture energy and water,0,0,0
S01009773,C. Manufacturing,1,0,1
S01009773,F. Construction,1,1,0
S01009773,G I. Distribution hotels and restaurants,19,4,15
S01009773,H J. Transport and communication,13,5,8
S01009773,K L M N. Financial real estate professional and administrative activities,20,9,11
S01009773,O P Q. Public administration education and health,16,6,10
S01009773,R S T U. Other,2,1,1
S01009773,Never worked,63,27,36
S01009774,All people aged 16 to 74 not in employment,89,29,60
S01009774,A B D E. Agriculture energy and water,0,0,0
S01009774,C. Manufacturing,3,2,1
S01009774,F. Construction,2,2,0
S01009774,G I. Distribution hotels and restaurants,14,4,10
S01009774,H J. Transport and communication,6,1,5
S01009774,K L M N. Financial real estate professional and administrative activities,7,3,4
S01009774,O P Q. Public administration education and health,7,3,4
S01009774,R S T U. Other,3,1,2
S01009774,Never worked,47,13,34
S01009775,All people aged 16 to 74 not in employment,355,149,206
S01009775,A B D E. Agriculture energy and water,6,6,0
S01009775,C. Manufacturing,35,20,15
S01009775,F. Construction,24,22,2
S01009775,G I. Distribution hotels and restaurants,48,22,26
S01009775,H J. Transport and communication,26,5,21
S01009775,K L M N. Financial real estate professional and administrative activities,50,21,29
S01009775,O P Q. Public administration education and health,57,11,46
S01009775,R S T U. Other,7,3,4
S01009775,Never worked,102,39,63
S01009776,All people aged 16 to 74 not in employment,264,112,152
S01009776,A B D E. Agriculture energy and water,4,3,1
S01009776,C. Manufacturing,21,14,7
S01009776,F. Construction,20,19,1
S01009776,G I. Distribution hotels and restaurants,55,23,32
S01009776,H J. Transport and communication,33,8,25
S01009776,K L M N. Financial real estate professional and administrative activities,20,4,16
S01009776,O P Q. Public administration education and health,33,9,24
S01009776,R S T U. Other,12,2,10
S01009776,Never worked,66,30,36
S01009777,All people aged 16 to 74 not in employment,147,80,67
S01009777,A B D E. Agriculture energy and water,2,1,1
S01009777,C. Manufacturing,15,6,9
S01009777,F. Construction,10,10,0
S01009777,G I. Distribution hotels and restaurants,26,14,12
S01009777,H J. Transport and communication,14,6,8
S01009777,K L M N. Financial real estate professional and administrative activities,18,16,2
S01009777,O P Q. Public administration education and health,19,5,14
S01009777,R S T U. Other,9,5,4
S01009777,Never worked,34,17,17
S01009778,All people aged 16 to 74 not in employment,375,182,193
S01009778,A B D E. Agriculture energy and water,12,6,6
S01009778,C. Manufacturing,63,38,25
S01009778,F. Construction,35,34,1
S01009778,G I. Distribution hotels and restaurants,73,37,36
S01009778,H J. Transport and communication,21,6,15
S01009778,K L M N. Financial real estate professional and administrative activities,29,6,23
S01009778,O P Q. Public administration education and health,64,17,47
S01009778,R S T U. Other,13,5,8
S01009778,Never worked,65,33,32
S01009779,All people aged 16 to 74 not in employment,206,91,115
S01009779,A B D E. Agriculture energy and water,4,3,1
S01009779,C. Manufacturing,25,17,8
S01009779,F. Construction,19,17,2
S01009779,G I. Distribution hotels and restaurants,42,15,27
S01009779,H J. Transport and communication,11,2,9
S01009779,K L M N. Financial real estate professional and administrative activities,21,6,15
S01009779,O P Q. Public administration education and health,34,6,28
S01009779,R S T U. Other,9,3,6
S01009779,Never worked,41,22,19
S01009780,All people aged 16 to 74 not in employment,232,96,136
S01009780,A B D E. Agriculture energy and water,1,1,0
S01009780,C. Manufacturing,19,8,11
S01009780,F. Construction,16,14,2
S01009780,G I. Distribution hotels and restaurants,35,15,20
S01009780,H J. Transport and communication,11,5,6
S01009780,K L M N. Financial real estate professional and administrative activities,19,4,15
S01009780,O P Q. Public administration education and health,35,7,28
S01009780,R S T U. Other,12,2,10
S01009780,Never worked,84,40,44
S01009781,All people aged 16 to 74 not in employment,193,79,114
S01009781,A B D E. Agriculture energy and water,6,1,5
S01009781,C. Manufacturing,17,7,10
S01009781,F. Construction,19,16,3
S01009781,G I. Distribution hotels and restaurants,35,8,27
S01009781,H J. Transport and communication,19,4,15
S01009781,K L M N. Financial real estate professional and administrative activities,17,10,7
S01009781,O P Q. Public administration education and health,23,4,19
S01009781,R S T U. Other,4,0,4
S01009781,Never worked,53,29,24
S01009782,All people aged 16 to 74 not in employment,130,46,84
S01009782,A B D E. Agriculture energy and water,3,2,1
S01009782,C. Manufacturing,10,7,3
S01009782,F. Construction,7,6,1
S01009782,G I. Distribution hotels and restaurants,10,5,5
S01009782,H J. Transport and communication,10,2,8
S01009782,K L M N. Financial real estate professional and administrative activities,27,8,19
S01009782,O P Q. Public administration education and health,24,3,21
S01009782,R S T U. Other,0,0,0
S01009782,Never worked,39,13,26
S01009783,All people aged 16 to 74 not in employment,238,95,143
S01009783,A B D E. Agriculture energy and water,4,4,0
S01009783,C. Manufacturing,24,11,13
S01009783,F. Construction,15,15,0
S01009783,G I. Distribution hotels and restaurants,39,16,23
S01009783,H J. Transport and communication,18,3,15
S01009783,K L M N. Financial real estate professional and administrative activities,16,7,9
S01009783,O P Q. Public administration education and health,35,6,29
S01009783,R S T U. Other,14,3,11
S01009783,Never worked,73,30,43
S01009784,All people aged 16 to 74 not in employment,308,141,167
S01009784,A B D E. Agriculture energy and water,4,3,1
S01009784,C. Manufacturing,30,16,14
S01009784,F. Construction,29,28,1
S01009784,G I. Distribution hotels and restaurants,68,26,42
S01009784,H J. Transport and communication,31,10,21
S01009784,K L M N. Financial real estate professional and administrative activities,35,13,22
S01009784,O P Q. Public administration education and health,31,6,25
S01009784,R S T U. Other,11,1,10
S01009784,Never worked,69,38,31
S01009785,All people aged 16 to 74 not in employment,302,133,169
S01009785,A B D E. Agriculture energy and water,5,4,1
S01009785,C. Manufacturing,46,28,18
S01009785,F. Construction,19,19,0
S01009785,G I. Distribution hotels and restaurants,45,16,29
S01009785,H J. Transport and communication,24,9,15
S01009785,K L M N. Financial real estate professional and administrative activities,18,8,10
S01009785,O P Q. Public administration education and health,43,8,35
S01009785,R S T U. Other,12,2,10
S01009785,Never worked,90,39,51
S01009786,All people aged 16 to 74 not in employment,367,173,194
S01009786,A B D E. Agriculture energy and water,10,7,3
S01009786,C. Manufacturing,46,26,20
S01009786,F. Construction,28,24,4
S01009786,G I. Distribution hotels and restaurants,62,34,28
S01009786,H J. Transport and communication,21,11,10
S01009786,K L M N. Financial real estate professional and administrative activities,41,19,22
S01009786,O P Q. Public administration education and health,63,16,47
S01009786,R S T U. Other,16,3,13
S01009786,Never worked,80,33,47
S01009787,All people aged 16 to 74 not in employment,334,152,182
S01009787,A B D E. Agriculture energy and water,7,3,4
S01009787,C. Manufacturing,46,26,20
S01009787,F. Construction,25,23,2
S01009787,G I. Distribution hotels and restaurants,64,29,35
S01009787,H J. Transport and communication,21,8,13
S01009787,K L M N. Financial real estate professional and administrative activities,34,18,16
S01009787,O P Q. Public administration education and health,45,5,40
S01009787,R S T U. Other,10,5,5
S01009787,Never worked,82,35,47
S01009788,All people aged 16 to 74 not in employment,266,117,149
S01009788,A B D E. Agriculture energy and water,4,2,2
S01009788,C. Manufacturing,31,19,12
S01009788,F. Construction,18,16,2
S01009788,G I. Distribution hotels and restaurants,51,22,29
S01009788,H J. Transport and communication,16,8,8
S01009788,K L M N. Financial real estate professional and administrative activities,30,12,18
S01009788,O P Q. Public administration education and health,64,17,47
S01009788,R S T U. Other,6,3,3
S01009788,Never worked,46,18,28
S01009789,All people aged 16 to 74 not in employment,302,129,173
S01009789,A B D E. Agriculture energy and water,5,4,1
S01009789,C. Manufacturing,41,21,20
S01009789,F. Construction,28,26,2
S01009789,G I. Distribution hotels and restaurants,65,28,37
S01009789,H J. Transport and communication,16,3,13
S01009789,K L M N. Financial real estate professional and administrative activities,34,12,22
S01009789,O P Q. Public administration education and health,50,10,40
S01009789,R S T U. Other,12,3,9
S01009789,Never worked,51,22,29
S01009790,All people aged 16 to 74 not in employment,183,82,101
S01009790,A B D E. Agriculture energy and water,1,1,0
S01009790,C. Manufacturing,24,10,14
S01009790,F. Construction,14,14,0
S01009790,G I. Distribution hotels and restaurants,30,17,13
S01009790,H J. Transport and communication,10,4,6
S01009790,K L M N. Financial real estate professional and administrative activities,16,5,11
S01009790,O P Q. Public administration education and health,44,7,37
S01009790,R S T U. Other,2,2,0
S01009790,Never worked,42,22,20
S01009791,All people aged 16 to 74 not in employment,250,108,142
S01009791,A B D E. Agriculture energy and water,3,2,1
S01009791,C. Manufacturing,33,20,13
S01009791,F. Construction,22,22,0
S01009791,G I. Distribution hotels and restaurants,49,18,31
S01009791,H J. Transport and communication,15,5,10
S01009791,K L M N. Financial real estate professional and administrative activities,20,10,10
S01009791,O P Q. Public administration education and health,30,2,28
S01009791,R S T U. Other,9,1,8
S01009791,Never worked,69,28,41
S01009792,All people aged 16 to 74 not in employment,179,74,105
S01009792,A B D E. Agriculture energy and water,0,0,0
S01009792,C. Manufacturing,6,3,3
S01009792,F. Construction,5,5,0
S01009792,G I. Distribution hotels and restaurants,20,10,10
S01009792,H J. Transport and communication,19,11,8
S01009792,K L M N. Financial real estate professional and administrative activities,19,7,12
S01009792,O P Q. Public administration education and health,31,4,27
S01009792,R S T U. Other,0,0,0
S01009792,Never worked,79,34,45
S01009793,All people aged 16 to 74 not in employment,244,111,133
S01009793,A B D E. Agriculture energy and water,5,5,0
S01009793,C. Manufacturing,25,17,8
S01009793,F. Construction,12,10,2
S01009793,G I. Distribution hotels and restaurants,49,27,22
S01009793,H J. Transport and communication,13,5,8
S01009793,K L M N. Financial real estate professional and administrative activities,32,15,17
S01009793,O P Q. Public administration education and health,72,17,55
S01009793,R S T U. Other,7,3,4
S01009793,Never worked,29,12,17
S01009794,All people aged 16 to 74 not in employment,49,16,33
S01009794,A B D E. Agriculture energy and water,2,0,2
S01009794,C. Manufacturing,2,0,2
S01009794,F. Construction,5,5,0
S01009794,G I. Distribution hotels and restaurants,11,5,6
S01009794,H J. Transport and communication,4,2,2
S01009794,K L M N. Financial real estate professional and administrative activities,4,0,4
S01009794,O P Q. Public administration education and health,11,2,9
S01009794,R S T U. Other,2,0,2
S01009794,Never worked,8,2,6
S01009795,All people aged 16 to 74 not in employment,135,48,87
S01009795,A B D E. Agriculture energy and water,3,1,2
S01009795,C. Manufacturing,10,6,4
S01009795,F. Construction,5,5,0
S01009795,G I. Distribution hotels and restaurants,31,15,16
S01009795,H J. Transport and communication,11,4,7
S01009795,K L M N. Financial real estate professional and administrative activities,16,2,14
S01009795,O P Q. Public administration education and health,18,1,17
S01009795,R S T U. Other,4,1,3
S01009795,Never worked,37,13,24
S01009796,All people aged 16 to 74 not in employment,166,66,100
S01009796,A B D E. Agriculture energy and water,1,0,1
S01009796,C. Manufacturing,21,12,9
S01009796,F. Construction,9,6,3
S01009796,G I. Distribution hotels and restaurants,28,11,17
S01009796,H J. Transport and communication,9,4,5
S01009796,K L M N. Financial real estate professional and administrative activities,15,7,8
S01009796,O P Q. Public administration education and health,43,12,31
S01009796,R S T U. Other,6,0,6
S01009796,Never worked,34,14,20
S01009797,All people aged 16 to 74 not in employment,161,75,86
S01009797,A B D E. Agriculture energy and water,4,3,1
S01009797,C. Manufacturing,11,7,4
S01009797,F. Construction,6,6,0
S01009797,G I. Distribution hotels and restaurants,28,12,16
S01009797,H J. Transport and communication,12,5,7
S01009797,K L M N. Financial real estate professional and administrative activities,19,6,13
S01009797,O P Q. Public administration education and health,31,10,21
S01009797,R S T U. Other,9,6,3
S01009797,Never worked,41,20,21
S01009798,All people aged 16 to 74 not in employment,117,48,69
S01009798,A B D E. Agriculture energy and water,2,1,1
S01009798,C. Manufacturing,4,4,0
S01009798,F. Construction,5,5,0
S01009798,G I. Distribution hotels and restaurants,27,10,17
S01009798,H J. Transport and communication,7,3,4
S01009798,K L M N. Financial real estate professional and administrative activities,15,3,12
S01009798,O P Q. Public administration education and health,27,3,24
S01009798,R S T U. Other,1,0,1
S01009798,Never worked,29,19,10
S01009799,All people aged 16 to 74 not in employment,308,135,173
S01009799,A B D E. Agriculture energy and water,5,5,0
S01009799,C. Manufacturing,35,18,17
S01009799,F. Construction,22,19,3
S01009799,G I. Distribution hotels and restaurants,55,24,31
S01009799,H J. Transport and communication,21,7,14
S01009799,K L M N. Financial real estate professional and administrative activities,35,13,22
S01009799,O P Q. Public administration education and health,48,13,35
S01009799,R S T U. Other,16,4,12
S01009799,Never worked,71,32,39
S01009800,All people aged 16 to 74 not in employment,342,159,183
S01009800,A B D E. Agriculture energy and water,3,3,0
S01009800,C. Manufacturing,43,24,19
S01009800,F. Construction,27,26,1
S01009800,G I. Distribution hotels and restaurants,63,27,36
S01009800,H J. Transport and communication,19,8,11
S01009800,K L M N. Financial real estate professional and administrative activities,28,15,13
S01009800,O P Q. Public administration education and health,55,17,38
S01009800,R S T U. Other,12,4,8
S01009800,Never worked,92,35,57
S01009801,All people aged 16 to 74 not in employment,320,131,189
S01009801,A B D E. Agriculture energy and water,6,2,4
S01009801,C. Manufacturing,29,18,11
S01009801,F. Construction,30,25,5
S01009801,G I. Distribution hotels and restaurants,50,20,30
S01009801,H J. Transport and communication,19,6,13
S01009801,K L M N. Financial real estate professional and administrative activities,36,15,21
S01009801,O P Q. Public administration education and health,66,12,54
S01009801,R S T U. Other,10,3,7
S01009801,Never worked,74,30,44
S01009802,All people aged 16 to 74 not in employment,285,111,174
S01009802,A B D E. Agriculture energy and water,4,4,0
S01009802,C. Manufacturing,29,18,11
S01009802,F. Construction,11,11,0
S01009802,G I. Distribution hotels and restaurants,48,17,31
S01009802,H J. Transport and communication,19,8,11
S01009802,K L M N. Financial real estate professional and administrative activities,29,11,18
S01009802,O P Q. Public administration education and health,48,8,40
S01009802,R S T U. Other,13,2,11
S01009802,Never worked,84,32,52
S01009803,All people aged 16 to 74 not in employment,292,142,150
S01009803,A B D E. Agriculture energy and water,3,3,0
S01009803,C. Manufacturing,28,17,11
S01009803,F. Construction,24,23,1
S01009803,G I. Distribution hotels and restaurants,46,16,30
S01009803,H J. Transport and communication,20,6,14
S01009803,K L M N. Financial real estate professional and administrative activities,25,13,12
S01009803,O P Q. Public administration education and health,46,7,39
S01009803,R S T U. Other,17,9,8
S01009803,Never worked,83,48,35
S01009804,All people aged 16 to 74 not in employment,158,113,45
S01009804,A B D E. Agriculture energy and water,2,1,1
S01009804,C. Manufacturing,10,6,4
S01009804,F. Construction,11,10,1
S01009804,G I. Distribution hotels and restaurants,26,20,6
S01009804,H J. Transport and communication,14,9,5
S01009804,K L M N. Financial real estate professional and administrative activities,10,6,4
S01009804,O P Q. Public administration education and health,17,9,8
S01009804,R S T U. Other,5,2,3
S01009804,Never worked,63,50,13
S01009805,All people aged 16 to 74 not in employment,332,149,183
S01009805,A B D E. Agriculture energy and water,4,1,3
S01009805,C. Manufacturing,30,15,15
S01009805,F. Construction,24,23,1
S01009805,G I. Distribution hotels and restaurants,53,29,24
S01009805,H J. Transport and communication,19,3,16
S01009805,K L M N. Financial real estate professional and administrative activities,27,16,11
S01009805,O P Q. Public administration education and health,73,15,58
S01009805,R S T U. Other,8,1,7
S01009805,Never worked,94,46,48
S01009806,All people aged 16 to 74 not in employment,249,118,131
S01009806,A B D E. Agriculture energy and water,5,3,2
S01009806,C. Manufacturing,31,20,11
S01009806,F. Construction,23,23,0
S01009806,G I. Distribution hotels and restaurants,42,15,27
S01009806,H J. Transport and communication,20,9,11
S01009806,K L M N. Financial real estate professional and administrative activities,18,10,8
S01009806,O P Q. Public administration education and health,62,12,50
S01009806,R S T U. Other,10,5,5
S01009806,Never worked,38,21,17
S01009807,All people aged 16 to 74 not in employment,297,132,165
S01009807,A B D E. Agriculture energy and water,4,2,2
S01009807,C. Manufacturing,24,15,9
S01009807,F. Construction,17,16,1
S01009807,G I. Distribution hotels and restaurants,53,22,31
S01009807,H J. Transport and communication,25,11,14
S01009807,K L M N. Financial real estate professional and administrative activities,34,17,17
S01009807,O P Q. Public administration education and health,58,14,44
S01009807,R S T U. Other,5,2,3
S01009807,Never worked,77,33,44
S01009808,All people aged 16 to 74 not in employment,323,155,168
S01009808,A B D E. Agriculture energy and water,8,3,5
S01009808,C. Manufacturing,31,21,10
S01009808,F. Construction,14,14,0
S01009808,G I. Distribution hotels and restaurants,43,25,18
S01009808,H J. Transport and communication,21,12,9
S01009808,K L M N. Financial real estate professional and administrative activities,41,20,21
S01009808,O P Q. Public administration education and health,51,16,35
S01009808,R S T U. Other,9,4,5
S01009808,Never worked,105,40,65
S01009809,All people aged 16 to 74 not in employment,170,70,100
S01009809,A B D E. Agriculture energy and water,1,1,0
S01009809,C. Manufacturing,16,8,8
S01009809,F. Construction,10,9,1
S01009809,G I. Distribution hotels and restaurants,43,15,28
S01009809,H J. Transport and communication,15,7,8
S01009809,K L M N. Financial real estate professional and administrative activities,14,5,9
S01009809,O P Q. Public administration education and health,34,4,30
S01009809,R S T U. Other,7,3,4
S01009809,Never worked,30,18,12
S01009810,All people aged 16 to 74 not in employment,303,144,159
S01009810,A B D E. Agriculture energy and water,3,3,0
S01009810,C. Manufacturing,37,21,16
S01009810,F. Construction,21,20,1
S01009810,G I. Distribution hotels and restaurants,58,34,24
S01009810,H J. Transport and communication,25,9,16
S01009810,K L M N. Financial real estate professional and administrative activities,25,14,11
S01009810,O P Q. Public administration education and health,66,15,51
S01009810,R S T U. Other,14,5,9
S01009810,Never worked,54,23,31
S01009811,All people aged 16 to 74 not in employment,389,176,213
S01009811,A B D E. Agriculture energy and water,4,4,0
S01009811,C. Manufacturing,50,26,24
S01009811,F. Construction,22,19,3
S01009811,G I. Distribution hotels and restaurants,77,36,41
S01009811,H J. Transport and communication,27,6,21
S01009811,K L M N. Financial real estate professional and administrative activities,34,17,17
S01009811,O P Q. Public administration education and health,70,18,52
S01009811,R S T U. Other,18,9,9
S01009811,Never worked,87,41,46
S01009812,All people aged 16 to 74 not in employment,245,104,141
S01009812,A B D E. Agriculture energy and water,4,3,1
S01009812,C. Manufacturing,32,14,18
S01009812,F. Construction,23,20,3
S01009812,G I. Distribution hotels and restaurants,43,18,25
S01009812,H J. Transport and communication,16,5,11
S01009812,K L M N. Financial real estate professional and administrative activities,21,7,14
S01009812,O P Q. Public administration education and health,55,10,45
S01009812,R S T U. Other,8,2,6
S01009812,Never worked,43,25,18
S01009813,All people aged 16 to 74 not in employment,274,113,161
S01009813,A B D E. Agriculture energy and water,2,1,1
S01009813,C. Manufacturing,32,14,18
S01009813,F. Construction,9,9,0
S01009813,G I. Distribution hotels and restaurants,43,24,19
S01009813,H J. Transport and communication,13,6,7
S01009813,K L M N. Financial real estate professional and administrative activities,14,4,10
S01009813,O P Q. Public administration education and health,42,8,34
S01009813,R S T U. Other,3,1,2
S01009813,Never worked,116,46,70
S01009814,All people aged 16 to 74 not in employment,254,114,140
S01009814,A B D E. Agriculture energy and water,5,4,1
S01009814,C. Manufacturing,18,14,4
S01009814,F. Construction,22,19,3
S01009814,G I. Distribution hotels and restaurants,43,21,22
S01009814,H J. Transport and communication,15,5,10
S01009814,K L M N. Financial real estate professional and administrative activities,25,9,16
S01009814,O P Q. Public administration education and health,68,19,49
S01009814,R S T U. Other,6,2,4
S01009814,Never worked,52,21,31
S01009815,All people aged 16 to 74 not in employment,185,88,97
S01009815,A B D E. Agriculture energy and water,2,1,1
S01009815,C. Manufacturing,22,15,7
S01009815,F. Construction,16,15,1
S01009815,G I. Distribution hotels and restaurants,29,15,14
S01009815,H J. Transport and communication,17,9,8
S01009815,K L M N. Financial real estate professional and administrative activities,19,10,9
S01009815,O P Q. Public administration education and health,40,4,36
S01009815,R S T U. Other,2,2,0
S01009815,Never worked,38,17,21
S01009816,All people aged 16 to 74 not in employment,152,64,88
S01009816,A B D E. Agriculture energy and water,3,2,1
S01009816,C. Manufacturing,17,12,5
S01009816,F. Construction,8,6,2
S01009816,G I. Distribution hotels and restaurants,27,8,19
S01009816,H J. Transport and communication,7,3,4
S01009816,K L M N. Financial real estate professional and administrative activities,19,7,12
S01009816,O P Q. Public administration education and health,36,8,28
S01009816,R S T U. Other,5,2,3
S01009816,Never worked,30,16,14
S01009817,All people aged 16 to 74 not in employment,198,92,106
S01009817,A B D E. Agriculture energy and water,2,1,1
S01009817,C. Manufacturing,28,17,11
S01009817,F. Construction,10,9,1
S01009817,G I. Distribution hotels and restaurants,32,15,17
S01009817,H J. Transport and communication,13,4,9
S01009817,K L M N. Financial real estate professional and administrative activities,22,9,13
S01009817,O P Q. Public administration education and health,51,17,34
S01009817,R S T U. Other,6,3,3
S01009817,Never worked,34,17,17
S01009818,All people aged 16 to 74 not in employment,309,139,170
S01009818,A B D E. Agriculture energy and water,4,4,0
S01009818,C. Manufacturing,43,27,16
S01009818,F. Construction,14,13,1
S01009818,G I. Distribution hotels and restaurants,60,29,31
S01009818,H J. Transport and communication,17,9,8
S01009818,K L M N. Financial real estate professional and administrative activities,27,11,16
S01009818,O P Q. Public administration education and health,96,22,74
S01009818,R S T U. Other,14,7,7
S01009818,Never worked,34,17,17
S01009819,All people aged 16 to 74 not in employment,206,105,101
S01009819,A B D E. Agriculture energy and water,6,4,2
S01009819,C. Manufacturing,29,17,12
S01009819,F. Construction,17,15,2
S01009819,G I. Distribution hotels and restaurants,34,19,15
S01009819,H J. Transport and communication,18,11,7
S01009819,K L M N. Financial real estate professional and administrative activities,23,13,10
S01009819,O P Q. Public administration education and health,50,13,37
S01009819,R S T U. Other,7,3,4
S01009819,Never worked,22,10,12
S01009820,All people aged 16 to 74 not in employment,258,103,155
S01009820,A B D E. Agriculture energy and water,2,0,2
S01009820,C. Manufacturing,22,11,11
S01009820,F. Construction,20,17,3
S01009820,G I. Distribution hotels and restaurants,46,20,26
S01009820,H J. Transport and communication,21,5,16
S01009820,K L M N. Financial real estate professional and administrative activities,28,14,14
S01009820,O P Q. Public administration education and health,60,14,46
S01009820,R S T U. Other,10,2,8
S01009820,Never worked,49,20,29
S01009821,All people aged 16 to 74 not in employment,168,70,98
S01009821,A B D E. Agriculture energy and water,0,0,0
S01009821,C. Manufacturing,15,8,7
S01009821,F. Construction,14,11,3
S01009821,G I. Distribution hotels and restaurants,24,6,18
S01009821,H J. Transport and communication,13,10,3
S01009821,K L M N. Financial real estate professional and administrative activities,20,9,11
S01009821,O P Q. Public administration education and health,43,8,35
S01009821,R S T U. Other,7,5,2
S01009821,Never worked,32,13,19
S01009822,All people aged 16 to 74 not in employment,126,50,76
S01009822,A B D E. Agriculture energy and water,0,0,0
S01009822,C. Manufacturing,17,9,8
S01009822,F. Construction,11,8,3
S01009822,G I. Distribution hotels and restaurants,27,5,22
S01009822,H J. Transport and communication,6,1,5
S01009822,K L M N. Financial real estate professional and administrative activities,9,4,5
S01009822,O P Q. Public administration education and health,25,7,18
S01009822,R S T U. Other,8,3,5
S01009822,Never worked,23,13,10
S01009823,All people aged 16 to 74 not in employment,243,106,137
S01009823,A B D E. Agriculture energy and water,4,3,1
S01009823,C. Manufacturing,22,13,9
S01009823,F. Construction,22,20,2
S01009823,G I. Distribution hotels and restaurants,37,15,22
S01009823,H J. Transport and communication,22,4,18
S01009823,K L M N. Financial real estate professional and administrative activities,24,8,16
S01009823,O P Q. Public administration education and health,40,6,34
S01009823,R S T U. Other,7,2,5
S01009823,Never worked,65,35,30
S01009824,All people aged 16 to 74 not in employment,228,101,127
S01009824,A B D E. Agriculture energy and water,5,3,2
S01009824,C. Manufacturing,27,13,14
S01009824,F. Construction,15,14,1
S01009824,G I. Distribution hotels and restaurants,41,22,19
S01009824,H J. Transport and communication,14,1,13
S01009824,K L M N. Financial real estate professional and administrative activities,18,6,12
S01009824,O P Q. Public administration education and health,54,9,45
S01009824,R S T U. Other,3,2,1
S01009824,Never worked,51,31,20
S01009825,All people aged 16 to 74 not in employment,308,139,169
S01009825,A B D E. Agriculture energy and water,4,3,1
S01009825,C. Manufacturing,47,25,22
S01009825,F. Construction,21,19,2
S01009825,G I. Distribution hotels and restaurants,45,23,22
S01009825,H J. Transport and communication,24,7,17
S01009825,K L M N. Financial real estate professional and administrative activities,27,12,15
S01009825,O P Q. Public administration education and health,51,9,42
S01009825,R S T U. Other,14,5,9
S01009825,Never worked,75,36,39
S01009826,All people aged 16 to 74 not in employment,187,80,107
S01009826,A B D E. Agriculture energy and water,2,1,1
S01009826,C. Manufacturing,20,9,11
S01009826,F. Construction,15,14,1
S01009826,G I. Distribution hotels and restaurants,36,16,20
S01009826,H J. Transport and communication,8,4,4
S01009826,K L M N. Financial real estate professional and administrative activities,22,9,13
S01009826,O P Q. Public administration education and health,34,6,28
S01009826,R S T U. Other,10,6,4
S01009826,Never worked,40,15,25
S01009827,All people aged 16 to 74 not in employment,292,119,173
S01009827,A B D E. Agriculture energy and water,5,3,2
S01009827,C. Manufacturing,34,13,21
S01009827,F. Construction,23,20,3
S01009827,G I. Distribution hotels and restaurants,61,31,30
S01009827,H J. Transport and communication,17,9,8
S01009827,K L M N. Financial real estate professional and administrative activities,33,10,23
S01009827,O P Q. Public administration education and health,45,7,38
S01009827,R S T U. Other,13,3,10
S01009827,Never worked,61,23,38
S01009828,All people aged 16 to 74 not in employment,310,140,170
S01009828,A B D E. Agriculture energy and water,6,4,2
S01009828,C. Manufacturing,37,18,19
S01009828,F. Construction,25,22,3
S01009828,G I. Distribution hotels and restaurants,61,31,30
S01009828,H J. Transport and communication,19,10,9
S01009828,K L M N. Financial real estate professional and administrative activities,30,14,16
S01009828,O P Q. Public administration education and health,54,14,40
S01009828,R S T U. Other,11,3,8
S01009828,Never worked,67,24,43
S01009829,All people aged 16 to 74 not in employment,268,129,139
S01009829,A B D E. Agriculture energy and water,3,3,0
S01009829,C. Manufacturing,25,16,9
S01009829,F. Construction,28,27,1
S01009829,G I. Distribution hotels and restaurants,37,16,21
S01009829,H J. Transport and communication,28,14,14
S01009829,K L M N. Financial real estate professional and administrative activities,23,15,8
S01009829,O P Q. Public administration education and health,49,12,37
S01009829,R S T U. Other,17,2,15
S01009829,Never worked,58,24,34
S01009830,All people aged 16 to 74 not in employment,214,96,118
S01009830,A B D E. Agriculture energy and water,1,1,0
S01009830,C. Manufacturing,28,15,13
S01009830,F. Construction,26,22,4
S01009830,G I. Distribution hotels and restaurants,37,20,17
S01009830,H J. Transport and communication,12,2,10
S01009830,K L M N. Financial real estate professional and administrative activities,21,8,13
S01009830,O P Q. Public administration education and health,43,4,39
S01009830,R S T U. Other,4,0,4
S01009830,Never worked,42,24,18
S01009831,All people aged 16 to 74 not in employment,151,71,80
S01009831,A B D E. Agriculture energy and water,2,2,0
S01009831,C. Manufacturing,20,15,5
S01009831,F. Construction,7,7,0
S01009831,G I. Distribution hotels and restaurants,30,9,21
S01009831,H J. Transport and communication,8,3,5
S01009831,K L M N. Financial real estate professional and administrative activities,14,8,6
S01009831,O P Q. Public administration education and health,34,11,23
S01009831,R S T U. Other,3,0,3
S01009831,Never worked,33,16,17
S01009832,All people aged 16 to 74 not in employment,249,87,162
S01009832,A B D E. Agriculture energy and water,4,0,4
S01009832,C. Manufacturing,25,14,11
S01009832,F. Construction,15,12,3
S01009832,G I. Distribution hotels and restaurants,47,21,26
S01009832,H J. Transport and communication,18,7,11
S01009832,K L M N. Financial real estate professional and administrative activities,28,5,23
S01009832,O P Q. Public administration education and health,72,15,57
S01009832,R S T U. Other,6,3,3
S01009832,Never worked,34,10,24
S01009833,All people aged 16 to 74 not in employment,143,68,75
S01009833,A B D E. Agriculture energy and water,2,2,0
S01009833,C. Manufacturing,14,7,7
S01009833,F. Construction,10,10,0
S01009833,G I. Distribution hotels and restaurants,24,11,13
S01009833,H J. Transport and communication,14,6,8
S01009833,K L M N. Financial real estate professional and administrative activities,12,2,10
S01009833,O P Q. Public administration education and health,25,10,15
S01009833,R S T U. Other,7,3,4
S01009833,Never worked,35,17,18
S01009834,All people aged 16 to 74 not in employment,211,87,124
S01009834,A B D E. Agriculture energy and water,2,1,1
S01009834,C. Manufacturing,23,14,9
S01009834,F. Construction,14,14,0
S01009834,G I. Distribution hotels and restaurants,33,15,18
S01009834,H J. Transport and communication,23,5,18
S01009834,K L M N. Financial real estate professional and administrative activities,33,14,19
S01009834,O P Q. Public administration education and health,26,4,22
S01009834,R S T U. Other,7,1,6
S01009834,Never worked,50,19,31
S01009835,All people aged 16 to 74 not in employment,164,68,96
S01009835,A B D E. Agriculture energy and water,1,1,0
S01009835,C. Manufacturing,18,13,5
S01009835,F. Construction,14,14,0
S01009835,G I. Distribution hotels and restaurants,22,9,13
S01009835,H J. Transport and communication,17,5,12
S01009835,K L M N. Financial real estate professional and administrative activities,18,6,12
S01009835,O P Q. Public administration education and health,36,2,34
S01009835,R S T U. Other,6,4,2
S01009835,Never worked,32,14,18
S01009836,All people aged 16 to 74 not in employment,272,118,154
S01009836,A B D E. Agriculture energy and water,8,7,1
S01009836,C. Manufacturing,33,14,19
S01009836,F. Construction,15,14,1
S01009836,G I. Distribution hotels and restaurants,38,15,23
S01009836,H J. Transport and communication,18,8,10
S01009836,K L M N. Financial real estate professional and administrative activities,24,7,17
S01009836,O P Q. Public administration education and health,59,14,45
S01009836,R S T U. Other,13,5,8
S01009836,Never worked,64,34,30
S01009837,All people aged 16 to 74 not in employment,206,99,107
S01009837,A B D E. Agriculture energy and water,4,0,4
S01009837,C. Manufacturing,35,23,12
S01009837,F. Construction,22,22,0
S01009837,G I. Distribution hotels and restaurants,28,16,12
S01009837,H J. Transport and communication,15,4,11
S01009837,K L M N. Financial real estate professional and administrative activities,20,9,11
S01009837,O P Q. Public administration education and health,36,3,33
S01009837,R S T U. Other,5,1,4
S01009837,Never worked,41,21,20
S01009838,All people aged 16 to 74 not in employment,244,107,137
S01009838,A B D E. Agriculture energy and water,2,1,1
S01009838,C. Manufacturing,34,23,11
S01009838,F. Construction,23,23,0
S01009838,G I. Distribution hotels and restaurants,22,12,10
S01009838,H J. Transport and communication,11,3,8
S01009838,K L M N. Financial real estate professional and administrative activities,34,12,22
S01009838,O P Q. Public administration education and health,63,9,54
S01009838,R S T U. Other,6,3,3
S01009838,Never worked,49,21,28
S01009839,All people aged 16 to 74 not in employment,376,187,189
S01009839,A B D E. Agriculture energy and water,8,5,3
S01009839,C. Manufacturing,39,28,11
S01009839,F. Construction,41,37,4
S01009839,G I. Distribution hotels and restaurants,57,36,21
S01009839,H J. Transport and communication,27,12,15
S01009839,K L M N. Financial real estate professional and administrative activities,42,20,22
S01009839,O P Q. Public administration education and health,71,14,57
S01009839,R S T U. Other,13,2,11
S01009839,Never worked,78,33,45
S01009840,All people aged 16 to 74 not in employment,345,162,183
S01009840,A B D E. Agriculture energy and water,5,4,1
S01009840,C. Manufacturing,47,34,13
S01009840,F. Construction,35,34,1
S01009840,G I. Distribution hotels and restaurants,42,21,21
S01009840,H J. Transport and communication,23,5,18
S01009840,K L M N. Financial real estate professional and administrative activities,32,10,22
S01009840,O P Q. Public administration education and health,83,16,67
S01009840,R S T U. Other,14,3,11
S01009840,Never worked,64,35,29
S01009841,All people aged 16 to 74 not in employment,311,171,140
S01009841,A B D E. Agriculture energy and water,4,3,1
S01009841,C. Manufacturing,38,28,10
S01009841,F. Construction,20,16,4
S01009841,G I. Distribution hotels and restaurants,49,27,22
S01009841,H J. Transport and communication,27,10,17
S01009841,K L M N. Financial real estate professional and administrative activities,31,20,11
S01009841,O P Q. Public administration education and health,54,17,37
S01009841,R S T U. Other,13,3,10
S01009841,Never worked,75,47,28
S01009842,All people aged 16 to 74 not in employment,254,126,128
S01009842,A B D E. Agriculture energy and water,2,2,0
S01009842,C. Manufacturing,24,13,11
S01009842,F. Construction,20,19,1
S01009842,G I. Distribution hotels and restaurants,31,18,13
S01009842,H J. Transport and communication,16,4,12
S01009842,K L M N. Financial real estate professional and administrative activities,24,15,9
S01009842,O P Q. Public administration education and health,27,9,18
S01009842,R S T U. Other,14,9,5
S01009842,Never worked,96,37,59
S01009843,All people aged 16 to 74 not in employment,280,148,132
S01009843,A B D E. Agriculture energy and water,5,4,1
S01009843,C. Manufacturing,36,26,10
S01009843,F. Construction,16,13,3
S01009843,G I. Distribution hotels and restaurants,42,21,21
S01009843,H J. Transport and communication,29,10,19
S01009843,K L M N. Financial real estate professional and administrative activities,29,14,15
S01009843,O P Q. Public administration education and health,31,11,20
S01009843,R S T U. Other,9,4,5
S01009843,Never worked,83,45,38
S01009844,All people aged 16 to 74 not in employment,242,125,117
S01009844,A B D E. Agriculture energy and water,1,0,1
S01009844,C. Manufacturing,20,12,8
S01009844,F. Construction,17,16,1
S01009844,G I. Distribution hotels and restaurants,47,29,18
S01009844,H J. Transport and communication,28,8,20
S01009844,K L M N. Financial real estate professional and administrative activities,20,11,9
S01009844,O P Q. Public administration education and health,30,14,16
S01009844,R S T U. Other,5,1,4
S01009844,Never worked,74,34,40
S01009845,All people aged 16 to 74 not in employment,292,148,144
S01009845,A B D E. Agriculture energy and water,1,0,1
S01009845,C. Manufacturing,14,9,5
S01009845,F. Construction,12,11,1
S01009845,G I. Distribution hotels and restaurants,50,30,20
S01009845,H J. Transport and communication,33,18,15
S01009845,K L M N. Financial real estate professional and administrative activities,39,29,10
S01009845,O P Q. Public administration education and health,29,12,17
S01009845,R S T U. Other,8,2,6
S01009845,Never worked,106,37,69
S01009846,All people aged 16 to 74 not in employment,329,164,165
S01009846,A B D E. Agriculture energy and water,2,1,1
S01009846,C. Manufacturing,42,29,13
S01009846,F. Construction,27,24,3
S01009846,G I. Distribution hotels and restaurants,50,29,21
S01009846,H J. Transport and communication,33,13,20
S01009846,K L M N. Financial real estate professional and administrative activities,26,14,12
S01009846,O P Q. Public administration education and health,56,18,38
S01009846,R S T U. Other,14,8,6
S01009846,Never worked,79,28,51
S01009847,All people aged 16 to 74 not in employment,180,83,97
S01009847,A B D E. Agriculture energy and water,2,0,2
S01009847,C. Manufacturing,16,8,8
S01009847,F. Construction,15,15,0
S01009847,G I. Distribution hotels and restaurants,23,12,11
S01009847,H J. Transport and communication,18,5,13
S01009847,K L M N. Financial real estate professional and administrative activities,25,10,15
S01009847,O P Q. Public administration education and health,30,11,19
S01009847,R S T U. Other,10,5,5
S01009847,Never worked,41,17,24
S01009848,All people aged 16 to 74 not in employment,321,150,171
S01009848,A B D E. Agriculture energy and water,3,1,2
S01009848,C. Manufacturing,44,26,18
S01009848,F. Construction,19,18,1
S01009848,G I. Distribution hotels and restaurants,49,30,19
S01009848,H J. Transport and communication,24,7,17
S01009848,K L M N. Financial real estate professional and administrative activities,18,3,15
S01009848,O P Q. Public administration education and health,46,9,37
S01009848,R S T U. Other,14,7,7
S01009848,Never worked,104,49,55
S01009849,All people aged 16 to 74 not in employment,220,97,123
S01009849,A B D E. Agriculture energy and water,7,3,4
S01009849,C. Manufacturing,31,21,10
S01009849,F. Construction,14,13,1
S01009849,G I. Distribution hotels and restaurants,39,15,24
S01009849,H J. Transport and communication,12,5,7
S01009849,K L M N. Financial real estate professional and administrative activities,22,10,12
S01009849,O P Q. Public administration education and health,52,9,43
S01009849,R S T U. Other,7,2,5
S01009849,Never worked,36,19,17
S01009850,All people aged 16 to 74 not in employment,261,130,131
S01009850,A B D E. Agriculture energy and water,4,2,2
S01009850,C. Manufacturing,35,22,13
S01009850,F. Construction,15,14,1
S01009850,G I. Distribution hotels and restaurants,49,25,24
S01009850,H J. Transport and communication,24,16,8
S01009850,K L M N. Financial real estate professional and administrative activities,23,11,12
S01009850,O P Q. Public administration education and health,60,18,42
S01009850,R S T U. Other,4,1,3
S01009850,Never worked,47,21,26
S01009851,All people aged 16 to 74 not in employment,258,130,128
S01009851,A B D E. Agriculture energy and water,11,11,0
S01009851,C. Manufacturing,34,17,17
S01009851,F. Construction,30,28,2
S01009851,G I. Distribution hotels and restaurants,47,26,21
S01009851,H J. Transport and communication,10,3,7
S01009851,K L M N. Financial real estate professional and administrative activities,26,12,14
S01009851,O P Q. Public administration education and health,50,7,43
S01009851,R S T U. Other,11,5,6
S01009851,Never worked,39,21,18
S01009852,All people aged 16 to 74 not in employment,179,73,106
S01009852,A B D E. Agriculture energy and water,0,0,0
S01009852,C. Manufacturing,12,6,6
S01009852,F. Construction,9,9,0
S01009852,G I. Distribution hotels and restaurants,35,23,12
S01009852,H J. Transport and communication,8,1,7
S01009852,K L M N. Financial real estate professional and administrative activities,17,5,12
S01009852,O P Q. Public administration education and health,43,12,31
S01009852,R S T U. Other,9,2,7
S01009852,Never worked,46,15,31
S01009853,All people aged 16 to 74 not in employment,256,108,148
S01009853,A B D E. Agriculture energy and water,4,3,1
S01009853,C. Manufacturing,25,14,11
S01009853,F. Construction,15,13,2
S01009853,G I. Distribution hotels and restaurants,50,24,26
S01009853,H J. Transport and communication,15,7,8
S01009853,K L M N. Financial real estate professional and administrative activities,27,12,15
S01009853,O P Q. Public administration education and health,59,10,49
S01009853,R S T U. Other,10,3,7
S01009853,Never worked,51,22,29
S01009854,All people aged 16 to 74 not in employment,271,129,142
S01009854,A B D E. Agriculture energy and water,4,0,4
S01009854,C. Manufacturing,29,15,14
S01009854,F. Construction,18,18,0
S01009854,G I. Distribution hotels and restaurants,49,24,25
S01009854,H J. Transport and communication,18,10,8
S01009854,K L M N. Financial real estate professional and administrative activities,43,18,25
S01009854,O P Q. Public administration education and health,41,14,27
S01009854,R S T U. Other,14,3,11
S01009854,Never worked,55,27,28
S01009855,All people aged 16 to 74 not in employment,141,64,77
S01009855,A B D E. Agriculture energy and water,0,0,0
S01009855,C. Manufacturing,17,11,6
S01009855,F. Construction,7,5,2
S01009855,G I. Distribution hotels and restaurants,19,10,9
S01009855,H J. Transport and communication,9,3,6
S01009855,K L M N. Financial real estate professional and administrative activities,15,7,8
S01009855,O P Q. Public administration education and health,37,12,25
S01009855,R S T U. Other,7,3,4
S01009855,Never worked,30,13,17
S01009856,All people aged 16 to 74 not in employment,216,74,142
S01009856,A B D E. Agriculture energy and water,4,2,2
S01009856,C. Manufacturing,18,8,10
S01009856,F. Construction,16,15,1
S01009856,G I. Distribution hotels and restaurants,30,11,19
S01009856,H J. Transport and communication,16,6,10
S01009856,K L M N. Financial real estate professional and administrative activities,8,2,6
S01009856,O P Q. Public administration education and health,57,10,47
S01009856,R S T U. Other,11,1,10
S01009856,Never worked,56,19,37
S01009857,All people aged 16 to 74 not in employment,249,102,147
S01009857,A B D E. Agriculture energy and water,1,1,0
S01009857,C. Manufacturing,21,9,12
S01009857,F. Construction,19,16,3
S01009857,G I. Distribution hotels and restaurants,44,20,24
S01009857,H J. Transport and communication,21,6,15
S01009857,K L M N. Financial real estate professional and administrative activities,27,5,22
S01009857,O P Q. Public administration education and health,59,19,40
S01009857,R S T U. Other,10,5,5
S01009857,Never worked,47,21,26
S01009858,All people aged 16 to 74 not in employment,209,86,123
S01009858,A B D E. Agriculture energy and water,1,1,0
S01009858,C. Manufacturing,21,14,7
S01009858,F. Construction,15,15,0
S01009858,G I. Distribution hotels and restaurants,44,13,31
S01009858,H J. Transport and communication,16,7,9
S01009858,K L M N. Financial real estate professional and administrative activities,23,6,17
S01009858,O P Q. Public administration education and health,38,9,29
S01009858,R S T U. Other,8,1,7
S01009858,Never worked,43,20,23
S01009859,All people aged 16 to 74 not in employment,472,232,240
S01009859,A B D E. Agriculture energy and water,7,6,1
S01009859,C. Manufacturing,53,34,19
S01009859,F. Construction,53,50,3
S01009859,G I. Distribution hotels and restaurants,63,42,21
S01009859,H J. Transport and communication,45,18,27
S01009859,K L M N. Financial real estate professional and administrative activities,58,31,27
S01009859,O P Q. Public administration education and health,72,9,63
S01009859,R S T U. Other,14,1,13
S01009859,Never worked,107,41,66
S01009860,All people aged 16 to 74 not in employment,433,218,215
S01009860,A B D E. Agriculture energy and water,7,2,5
S01009860,C. Manufacturing,84,62,22
S01009860,F. Construction,31,27,4
S01009860,G I. Distribution hotels and restaurants,56,35,21
S01009860,H J. Transport and communication,40,22,18
S01009860,K L M N. Financial real estate professional and administrative activities,38,16,22
S01009860,O P Q. Public administration education and health,52,10,42
S01009860,R S T U. Other,24,6,18
S01009860,Never worked,101,38,63
S01009861,All people aged 16 to 74 not in employment,424,220,204
S01009861,A B D E. Agriculture energy and water,3,2,1
S01009861,C. Manufacturing,34,19,15
S01009861,F. Construction,27,25,2
S01009861,G I. Distribution hotels and restaurants,67,39,28
S01009861,H J. Transport and communication,29,14,15
S01009861,K L M N. Financial real estate professional and administrative activities,46,20,26
S01009861,O P Q. Public administration education and health,53,23,30
S01009861,R S T U. Other,22,10,12
S01009861,Never worked,143,68,75
S01009862,All people aged 16 to 74 not in employment,414,225,189
S01009862,A B D E. Agriculture energy and water,6,5,1
S01009862,C. Manufacturing,42,27,15
S01009862,F. Construction,30,24,6
S01009862,G I. Distribution hotels and restaurants,83,52,31
S01009862,H J. Transport and communication,48,20,28
S01009862,K L M N. Financial real estate professional and administrative activities,52,31,21
S01009862,O P Q. Public administration education and health,49,21,28
S01009862,R S T U. Other,20,6,14
S01009862,Never worked,84,39,45
S01009863,All people aged 16 to 74 not in employment,292,162,130
S01009863,A B D E. Agriculture energy and water,1,1,0
S01009863,C. Manufacturing,22,11,11
S01009863,F. Construction,23,23,0
S01009863,G I. Distribution hotels and restaurants,52,32,20
S01009863,H J. Transport and communication,24,13,11
S01009863,K L M N. Financial real estate professional and administrative activities,32,17,15
S01009863,O P Q. Public administration education and health,35,20,15
S01009863,R S T U. Other,14,4,10
S01009863,Never worked,89,41,48
S01009864,All people aged 16 to 74 not in employment,216,102,114
S01009864,A B D E. Agriculture energy and water,4,1,3
S01009864,C. Manufacturing,22,9,13
S01009864,F. Construction,10,10,0
S01009864,G I. Distribution hotels and restaurants,29,10,19
S01009864,H J. Transport and communication,5,2,3
S01009864,K L M N. Financial real estate professional and administrative activities,21,16,5
S01009864,O P Q. Public administration education and health,29,7,22
S01009864,R S T U. Other,11,4,7
S01009864,Never worked,85,43,42
S01009865,All people aged 16 to 74 not in employment,149,68,81
S01009865,A B D E. Agriculture energy and water,3,3,0
S01009865,C. Manufacturing,9,4,5
S01009865,F. Construction,8,8,0
S01009865,G I. Distribution hotels and restaurants,33,13,20
S01009865,H J. Transport and communication,13,10,3
S01009865,K L M N. Financial real estate professional and administrative activities,17,11,6
S01009865,O P Q. Public administration education and health,18,7,11
S01009865,R S T U. Other,6,2,4
S01009865,Never worked,42,10,32
S01009866,All people aged 16 to 74 not in employment,263,119,144
S01009866,A B D E. Agriculture energy and water,8,6,2
S01009866,C. Manufacturing,28,8,20
S01009866,F. Construction,15,12,3
S01009866,G I. Distribution hotels and restaurants,47,29,18
S01009866,H J. Transport and communication,23,11,12
S01009866,K L M N. Financial real estate professional and administrative activities,22,11,11
S01009866,O P Q. Public administration education and health,47,12,35
S01009866,R S T U. Other,5,1,4
S01009866,Never worked,68,29,39
S01009867,All people aged 16 to 74 not in employment,226,128,98
S01009867,A B D E. Agriculture energy and water,6,5,1
S01009867,C. Manufacturing,19,11,8
S01009867,F. Construction,12,10,2
S01009867,G I. Distribution hotels and restaurants,42,24,18
S01009867,H J. Transport and communication,26,6,20
S01009867,K L M N. Financial real estate professional and administrative activities,27,17,10
S01009867,O P Q. Public administration education and health,28,15,13
S01009867,R S T U. Other,10,5,5
S01009867,Never worked,56,35,21
S01009868,All people aged 16 to 74 not in employment,178,89,89
S01009868,A B D E. Agriculture energy and water,3,3,0
S01009868,C. Manufacturing,16,14,2
S01009868,F. Construction,8,7,1
S01009868,G I. Distribution hotels and restaurants,40,27,13
S01009868,H J. Transport and communication,18,7,11
S01009868,K L M N. Financial real estate professional and administrative activities,14,4,10
S01009868,O P Q. Public administration education and health,22,7,15
S01009868,R S T U. Other,6,5,1
S01009868,Never worked,51,15,36
S01009869,All people aged 16 to 74 not in employment,161,103,58
S01009869,A B D E. Agriculture energy and water,1,0,1
S01009869,C. Manufacturing,9,8,1
S01009869,F. Construction,4,3,1
S01009869,G I. Distribution hotels and restaurants,27,19,8
S01009869,H J. Transport and communication,14,9,5
S01009869,K L M N. Financial real estate professional and administrative activities,26,19,7
S01009869,O P Q. Public administration education and health,8,5,3
S01009869,R S T U. Other,7,2,5
S01009869,Never worked,65,38,27
S01009870,All people aged 16 to 74 not in employment,213,103,110
S01009870,A B D E. Agriculture energy and water,0,0,0
S01009870,C. Manufacturing,13,5,8
S01009870,F. Construction,14,14,0
S01009870,G I. Distribution hotels and restaurants,38,24,14
S01009870,H J. Transport and communication,20,10,10
S01009870,K L M N. Financial real estate professional and administrative activities,19,10,9
S01009870,O P Q. Public administration education and health,16,3,13
S01009870,R S T U. Other,7,4,3
S01009870,Never worked,86,33,53
S01009871,All people aged 16 to 74 not in employment,358,183,175
S01009871,A B D E. Agriculture energy and water,4,2,2
S01009871,C. Manufacturing,26,14,12
S01009871,F. Construction,18,16,2
S01009871,G I. Distribution hotels and restaurants,64,37,27
S01009871,H J. Transport and communication,27,17,10
S01009871,K L M N. Financial real estate professional and administrative activities,45,24,21
S01009871,O P Q. Public administration education and health,71,20,51
S01009871,R S T U. Other,13,7,6
S01009871,Never worked,90,46,44
S01009872,All people aged 16 to 74 not in employment,221,117,104
S01009872,A B D E. Agriculture energy and water,2,1,1
S01009872,C. Manufacturing,21,14,7
S01009872,F. Construction,9,8,1
S01009872,G I. Distribution hotels and restaurants,40,28,12
S01009872,H J. Transport and communication,28,18,10
S01009872,K L M N. Financial real estate professional and administrative activities,17,13,4
S01009872,O P Q. Public administration education and health,24,8,16
S01009872,R S T U. Other,10,7,3
S01009872,Never worked,70,20,50
S01009873,All people aged 16 to 74 not in employment,295,159,136
S01009873,A B D E. Agriculture energy and water,9,8,1
S01009873,C. Manufacturing,16,12,4
S01009873,F. Construction,21,18,3
S01009873,G I. Distribution hotels and restaurants,48,30,18
S01009873,H J. Transport and communication,25,15,10
S01009873,K L M N. Financial real estate professional and administrative activities,35,17,18
S01009873,O P Q. Public administration education and health,47,19,28
S01009873,R S T U. Other,10,7,3
S01009873,Never worked,84,33,51
S01009874,All people aged 16 to 74 not in employment,342,168,174
S01009874,A B D E. Agriculture energy and water,7,5,2
S01009874,C. Manufacturing,24,12,12
S01009874,F. Construction,26,26,0
S01009874,G I. Distribution hotels and restaurants,60,27,33
S01009874,H J. Transport and communication,30,16,14
S01009874,K L M N. Financial real estate professional and administrative activities,37,23,14
S01009874,O P Q. Public administration education and health,85,21,64
S01009874,R S T U. Other,16,4,12
S01009874,Never worked,57,34,23
S01009875,All people aged 16 to 74 not in employment,270,109,161
S01009875,A B D E. Agriculture energy and water,3,0,3
S01009875,C. Manufacturing,9,2,7
S01009875,F. Construction,4,4,0
S01009875,G I. Distribution hotels and restaurants,36,17,19
S01009875,H J. Transport and communication,26,13,13
S01009875,K L M N. Financial real estate professional and administrative activities,21,4,17
S01009875,O P Q. Public administration education and health,26,10,16
S01009875,R S T U. Other,4,4,0
S01009875,Never worked,141,55,86
S01009876,All people aged 16 to 74 not in employment,290,145,145
S01009876,A B D E. Agriculture energy and water,0,0,0
S01009876,C. Manufacturing,18,7,11
S01009876,F. Construction,5,5,0
S01009876,G I. Distribution hotels and restaurants,48,26,22
S01009876,H J. Transport and communication,26,14,12
S01009876,K L M N. Financial real estate professional and administrative activities,32,16,16
S01009876,O P Q. Public administration education and health,23,8,15
S01009876,R S T U. Other,8,2,6
S01009876,Never worked,130,67,63
S01009877,All people aged 16 to 74 not in employment,273,103,170
S01009877,A B D E. Agriculture energy and water,0,0,0
S01009877,C. Manufacturing,10,5,5
S01009877,F. Construction,7,3,4
S01009877,G I. Distribution hotels and restaurants,36,12,24
S01009877,H J. Transport and communication,17,8,9
S01009877,K L M N. Financial real estate professional and administrative activities,30,16,14
S01009877,O P Q. Public administration education and health,65,20,45
S01009877,R S T U. Other,6,4,2
S01009877,Never worked,102,35,67
S01009878,All people aged 16 to 74 not in employment,259,110,149
S01009878,A B D E. Agriculture energy and water,1,0,1
S01009878,C. Manufacturing,13,8,5
S01009878,F. Construction,5,3,2
S01009878,G I. Distribution hotels and restaurants,33,24,9
S01009878,H J. Transport and communication,13,10,3
S01009878,K L M N. Financial real estate professional and administrative activities,20,12,8
S01009878,O P Q. Public administration education and health,31,4,27
S01009878,R S T U. Other,4,1,3
S01009878,Never worked,139,48,91
S01009879,All people aged 16 to 74 not in employment,227,95,132
S01009879,A B D E. Agriculture energy and water,3,1,2
S01009879,C. Manufacturing,10,5,5
S01009879,F. Construction,1,1,0
S01009879,G I. Distribution hotels and restaurants,40,18,22
S01009879,H J. Transport and communication,10,3,7
S01009879,K L M N. Financial real estate professional and administrative activities,38,22,16
S01009879,O P Q. Public administration education and health,50,15,35
S01009879,R S T U. Other,9,4,5
S01009879,Never worked,66,26,40
S01009880,All people aged 16 to 74 not in employment,259,100,159
S01009880,A B D E. Agriculture energy and water,1,1,0
S01009880,C. Manufacturing,5,3,2
S01009880,F. Construction,3,2,1
S01009880,G I. Distribution hotels and restaurants,47,20,27
S01009880,H J. Transport and communication,15,11,4
S01009880,K L M N. Financial real estate professional and administrative activities,20,5,15
S01009880,O P Q. Public administration education and health,34,19,15
S01009880,R S T U. Other,2,1,1
S01009880,Never worked,132,38,94
S01009881,All people aged 16 to 74 not in employment,169,65,104
S01009881,A B D E. Agriculture energy and water,2,1,1
S01009881,C. Manufacturing,5,1,4
S01009881,F. Construction,1,1,0
S01009881,G I. Distribution hotels and restaurants,26,11,15
S01009881,H J. Transport and communication,4,3,1
S01009881,K L M N. Financial real estate professional and administrative activities,10,5,5
S01009881,O P Q. Public administration education and health,9,1,8
S01009881,R S T U. Other,0,0,0
S01009881,Never worked,112,42,70
S01009882,All people aged 16 to 74 not in employment,234,109,125
S01009882,A B D E. Agriculture energy and water,7,3,4
S01009882,C. Manufacturing,6,2,4
S01009882,F. Construction,18,16,2
S01009882,G I. Distribution hotels and restaurants,42,23,19
S01009882,H J. Transport and communication,24,13,11
S01009882,K L M N. Financial real estate professional and administrative activities,25,11,14
S01009882,O P Q. Public administration education and health,29,13,16
S01009882,R S T U. Other,3,1,2
S01009882,Never worked,80,27,53
S01009883,All people aged 16 to 74 not in employment,274,111,163
S01009883,A B D E. Agriculture energy and water,0,0,0
S01009883,C. Manufacturing,9,6,3
S01009883,F. Construction,6,5,1
S01009883,G I. Distribution hotels and restaurants,45,23,22
S01009883,H J. Transport and communication,23,14,9
S01009883,K L M N. Financial real estate professional and administrative activities,20,14,6
S01009883,O P Q. Public administration education and health,21,3,18
S01009883,R S T U. Other,2,2,0
S01009883,Never worked,148,44,104
S01009884,All people aged 16 to 74 not in employment,235,86,149
S01009884,A B D E. Agriculture energy and water,2,0,2
S01009884,C. Manufacturing,7,4,3
S01009884,F. Construction,5,4,1
S01009884,G I. Distribution hotels and restaurants,34,21,13
S01009884,H J. Transport and communication,19,10,9
S01009884,K L M N. Financial real estate professional and administrative activities,21,7,14
S01009884,O P Q. Public administration education and health,29,7,22
S01009884,R S T U. Other,6,2,4
S01009884,Never worked,112,31,81
S01009885,All people aged 16 to 74 not in employment,295,113,182
S01009885,A B D E. Agriculture energy and water,2,1,1
S01009885,C. Manufacturing,11,5,6
S01009885,F. Construction,5,3,2
S01009885,G I. Distribution hotels and restaurants,47,24,23
S01009885,H J. Transport and communication,19,7,12
S01009885,K L M N. Financial real estate professional and administrative activities,25,13,12
S01009885,O P Q. Public administration education and health,27,6,21
S01009885,R S T U. Other,6,3,3
S01009885,Never worked,153,51,102
S01009886,All people aged 16 to 74 not in employment,280,124,156
S01009886,A B D E. Agriculture energy and water,1,1,0
S01009886,C. Manufacturing,11,6,5
S01009886,F. Construction,11,11,0
S01009886,G I. Distribution hotels and restaurants,31,20,11
S01009886,H J. Transport and communication,18,11,7
S01009886,K L M N. Financial real estate professional and administrative activities,15,7,8
S01009886,O P Q. Public administration education and health,29,8,21
S01009886,R S T U. Other,2,2,0
S01009886,Never worked,162,58,104
S01009887,All people aged 16 to 74 not in employment,365,213,152
S01009887,A B D E. Agriculture energy and water,5,4,1
S01009887,C. Manufacturing,15,5,10
S01009887,F. Construction,25,23,2
S01009887,G I. Distribution hotels and restaurants,63,41,22
S01009887,H J. Transport and communication,38,29,9
S01009887,K L M N. Financial real estate professional and administrative activities,34,24,10
S01009887,O P Q. Public administration education and health,33,14,19
S01009887,R S T U. Other,7,4,3
S01009887,Never worked,145,69,76
S01009888,All people aged 16 to 74 not in employment,227,88,139
S01009888,A B D E. Agriculture energy and water,3,2,1
S01009888,C. Manufacturing,6,4,2
S01009888,F. Construction,9,8,1
S01009888,G I. Distribution hotels and restaurants,39,18,21
S01009888,H J. Transport and communication,23,9,14
S01009888,K L M N. Financial real estate professional and administrative activities,18,10,8
S01009888,O P Q. Public administration education and health,21,4,17
S01009888,R S T U. Other,5,2,3
S01009888,Never worked,103,31,72
S01009889,All people aged 16 to 74 not in employment,268,130,138
S01009889,A B D E. Agriculture energy and water,6,1,5
S01009889,C. Manufacturing,13,7,6
S01009889,F. Construction,11,9,2
S01009889,G I. Distribution hotels and restaurants,47,24,23
S01009889,H J. Transport and communication,12,6,6
S01009889,K L M N. Financial real estate professional and administrative activities,27,15,12
S01009889,O P Q. Public administration education and health,21,3,18
S01009889,R S T U. Other,6,4,2
S01009889,Never worked,125,61,64
S01009890,All people aged 16 to 74 not in employment,212,108,104
S01009890,A B D E. Agriculture energy and water,1,1,0
S01009890,C. Manufacturing,14,8,6
S01009890,F. Construction,13,12,1
S01009890,G I. Distribution hotels and restaurants,52,26,26
S01009890,H J. Transport and communication,16,7,9
S01009890,K L M N. Financial real estate professional and administrative activities,22,15,7
S01009890,O P Q. Public administration education and health,20,6,14
S01009890,R S T U. Other,7,4,3
S01009890,Never worked,67,29,38
S01009891,All people aged 16 to 74 not in employment,250,132,118
S01009891,A B D E. Agriculture energy and water,5,4,1
S01009891,C. Manufacturing,20,8,12
S01009891,F. Construction,23,21,2
S01009891,G I. Distribution hotels and restaurants,43,26,17
S01009891,H J. Transport and communication,23,15,8
S01009891,K L M N. Financial real estate professional and administrative activities,32,16,16
S01009891,O P Q. Public administration education and health,39,18,21
S01009891,R S T U. Other,7,6,1
S01009891,Never worked,58,18,40
S01009892,All people aged 16 to 74 not in employment,343,182,161
S01009892,A B D E. Agriculture energy and water,2,1,1
S01009892,C. Manufacturing,28,18,10
S01009892,F. Construction,31,30,1
S01009892,G I. Distribution hotels and restaurants,55,31,24
S01009892,H J. Transport and communication,33,14,19
S01009892,K L M N. Financial real estate professional and administrative activities,31,15,16
S01009892,O P Q. Public administration education and health,40,11,29
S01009892,R S T U. Other,14,9,5
S01009892,Never worked,109,53,56
S01009893,All people aged 16 to 74 not in employment,254,130,124
S01009893,A B D E. Agriculture energy and water,2,2,0
S01009893,C. Manufacturing,15,11,4
S01009893,F. Construction,14,14,0
S01009893,G I. Distribution hotels and restaurants,44,25,19
S01009893,H J. Transport and communication,21,17,4
S01009893,K L M N. Financial real estate professional and administrative activities,22,10,12
S01009893,O P Q. Public administration education and health,34,18,16
S01009893,R S T U. Other,6,5,1
S01009893,Never worked,96,28,68
S01009894,All people aged 16 to 74 not in employment,321,139,182
S01009894,A B D E. Agriculture energy and water,5,2,3
S01009894,C. Manufacturing,17,8,9
S01009894,F. Construction,28,24,4
S01009894,G I. Distribution hotels and restaurants,73,39,34
S01009894,H J. Transport and communication,30,12,18
S01009894,K L M N. Financial real estate professional and administrative activities,31,16,15
S01009894,O P Q. Public administration education and health,47,8,39
S01009894,R S T U. Other,12,4,8
S01009894,Never worked,78,26,52
S01009895,All people aged 16 to 74 not in employment,308,172,136
S01009895,A B D E. Agriculture energy and water,7,5,2
S01009895,C. Manufacturing,17,12,5
S01009895,F. Construction,22,19,3
S01009895,G I. Distribution hotels and restaurants,54,31,23
S01009895,H J. Transport and communication,27,14,13
S01009895,K L M N. Financial real estate professional and administrative activities,34,20,14
S01009895,O P Q. Public administration education and health,47,23,24
S01009895,R S T U. Other,14,4,10
S01009895,Never worked,86,44,42
S01009896,All people aged 16 to 74 not in employment,399,204,195
S01009896,A B D E. Agriculture energy and water,5,1,4
S01009896,C. Manufacturing,22,14,8
S01009896,F. Construction,35,35,0
S01009896,G I. Distribution hotels and restaurants,77,49,28
S01009896,H J. Transport and communication,41,19,22
S01009896,K L M N. Financial real estate professional and administrative activities,37,16,21
S01009896,O P Q. Public administration education and health,50,20,30
S01009896,R S T U. Other,16,4,12
S01009896,Never worked,116,46,70
S01009897,All people aged 16 to 74 not in employment,307,160,147
S01009897,A B D E. Agriculture energy and water,3,0,3
S01009897,C. Manufacturing,27,19,8
S01009897,F. Construction,22,21,1
S01009897,G I. Distribution hotels and restaurants,61,40,21
S01009897,H J. Transport and communication,26,16,10
S01009897,K L M N. Financial real estate professional and administrative activities,52,23,29
S01009897,O P Q. Public administration education and health,58,15,43
S01009897,R S T U. Other,9,2,7
S01009897,Never worked,49,24,25
S01009898,All people aged 16 to 74 not in employment,237,91,146
S01009898,A B D E. Agriculture energy and water,6,6,0
S01009898,C. Manufacturing,17,6,11
S01009898,F. Construction,15,12,3
S01009898,G I. Distribution hotels and restaurants,46,18,28
S01009898,H J. Transport and communication,25,4,21
S01009898,K L M N. Financial real estate professional and administrative activities,19,6,13
S01009898,O P Q. Public administration education and health,28,10,18
S01009898,R S T U. Other,7,4,3
S01009898,Never worked,74,25,49
S01009899,All people aged 16 to 74 not in employment,175,91,84
S01009899,A B D E. Agriculture energy and water,7,2,5
S01009899,C. Manufacturing,11,8,3
S01009899,F. Construction,9,9,0
S01009899,G I. Distribution hotels and restaurants,36,23,13
S01009899,H J. Transport and communication,17,10,7
S01009899,K L M N. Financial real estate professional and administrative activities,30,17,13
S01009899,O P Q. Public administration education and health,30,9,21
S01009899,R S T U. Other,6,2,4
S01009899,Never worked,29,11,18
S01009900,All people aged 16 to 74 not in employment,115,52,63
S01009900,A B D E. Agriculture energy and water,1,1,0
S01009900,C. Manufacturing,11,7,4
S01009900,F. Construction,8,8,0
S01009900,G I. Distribution hotels and restaurants,23,12,11
S01009900,H J. Transport and communication,13,6,7
S01009900,K L M N. Financial real estate professional and administrative activities,17,5,12
S01009900,O P Q. Public administration education and health,20,7,13
S01009900,R S T U. Other,4,0,4
S01009900,Never worked,18,6,12
S01009901,All people aged 16 to 74 not in employment,135,60,75
S01009901,A B D E. Agriculture energy and water,2,2,0
S01009901,C. Manufacturing,1,0,1
S01009901,F. Construction,14,12,2
S01009901,G I. Distribution hotels and restaurants,25,13,12
S01009901,H J. Transport and communication,20,9,11
S01009901,K L M N. Financial real estate professional and administrative activities,15,5,10
S01009901,O P Q. Public administration education and health,24,5,19
S01009901,R S T U. Other,5,2,3
S01009901,Never worked,29,12,17
S01009902,All people aged 16 to 74 not in employment,343,168,175
S01009902,A B D E. Agriculture energy and water,10,6,4
S01009902,C. Manufacturing,32,19,13
S01009902,F. Construction,30,29,1
S01009902,G I. Distribution hotels and restaurants,71,37,34
S01009902,H J. Transport and communication,22,11,11
S01009902,K L M N. Financial real estate professional and administrative activities,32,20,12
S01009902,O P Q. Public administration education and health,66,19,47
S01009902,R S T U. Other,12,7,5
S01009902,Never worked,68,20,48
S01009903,All people aged 16 to 74 not in employment,221,93,128
S01009903,A B D E. Agriculture energy and water,2,2,0
S01009903,C. Manufacturing,7,4,3
S01009903,F. Construction,10,9,1
S01009903,G I. Distribution hotels and restaurants,48,25,23
S01009903,H J. Transport and communication,18,10,8
S01009903,K L M N. Financial real estate professional and administrative activities,15,5,10
S01009903,O P Q. Public administration education and health,26,8,18
S01009903,R S T U. Other,4,1,3
S01009903,Never worked,91,29,62
S01009904,All people aged 16 to 74 not in employment,145,75,70
S01009904,A B D E. Agriculture energy and water,2,1,1
S01009904,C. Manufacturing,7,4,3
S01009904,F. Construction,8,7,1
S01009904,G I. Distribution hotels and restaurants,25,17,8
S01009904,H J. Transport and communication,16,7,9
S01009904,K L M N. Financial real estate professional and administrative activities,16,8,8
S01009904,O P Q. Public administration education and health,23,6,17
S01009904,R S T U. Other,9,6,3
S01009904,Never worked,39,19,20
S01009905,All people aged 16 to 74 not in employment,240,145,95
S01009905,A B D E. Agriculture energy and water,5,3,2
S01009905,C. Manufacturing,10,7,3
S01009905,F. Construction,9,9,0
S01009905,G I. Distribution hotels and restaurants,32,12,20
S01009905,H J. Transport and communication,18,12,6
S01009905,K L M N. Financial real estate professional and administrative activities,31,21,10
S01009905,O P Q. Public administration education and health,27,17,10
S01009905,R S T U. Other,4,4,0
S01009905,Never worked,104,60,44
S01009906,All people aged 16 to 74 not in employment,173,88,85
S01009906,A B D E. Agriculture energy and water,2,2,0
S01009906,C. Manufacturing,8,6,2
S01009906,F. Construction,18,18,0
S01009906,G I. Distribution hotels and restaurants,25,15,10
S01009906,H J. Transport and communication,10,5,5
S01009906,K L M N. Financial real estate professional and administrative activities,12,6,6
S01009906,O P Q. Public administration education and health,34,9,25
S01009906,R S T U. Other,4,1,3
S01009906,Never worked,60,26,34
S01009907,All people aged 16 to 74 not in employment,294,182,112
S01009907,A B D E. Agriculture energy and water,2,2,0
S01009907,C. Manufacturing,17,11,6
S01009907,F. Construction,26,26,0
S01009907,G I. Distribution hotels and restaurants,42,23,19
S01009907,H J. Transport and communication,33,22,11
S01009907,K L M N. Financial real estate professional and administrative activities,39,24,15
S01009907,O P Q. Public administration education and health,29,16,13
S01009907,R S T U. Other,5,1,4
S01009907,Never worked,101,57,44
S01009908,All people aged 16 to 74 not in employment,195,89,106
S01009908,A B D E. Agriculture energy and water,3,3,0
S01009908,C. Manufacturing,9,5,4
S01009908,F. Construction,5,5,0
S01009908,G I. Distribution hotels and restaurants,27,14,13
S01009908,H J. Transport and communication,26,12,14
S01009908,K L M N. Financial real estate professional and administrative activities,16,8,8
S01009908,O P Q. Public administration education and health,41,11,30
S01009908,R S T U. Other,8,4,4
S01009908,Never worked,60,27,33
S01009909,All people aged 16 to 74 not in employment,204,116,88
S01009909,A B D E. Agriculture energy and water,3,3,0
S01009909,C. Manufacturing,9,4,5
S01009909,F. Construction,15,14,1
S01009909,G I. Distribution hotels and restaurants,30,18,12
S01009909,H J. Transport and communication,24,14,10
S01009909,K L M N. Financial real estate professional and administrative activities,25,17,8
S01009909,O P Q. Public administration education and health,42,22,20
S01009909,R S T U. Other,10,6,4
S01009909,Never worked,46,18,28
S01009910,All people aged 16 to 74 not in employment,97,45,52
S01009910,A B D E. Agriculture energy and water,0,0,0
S01009910,C. Manufacturing,5,4,1
S01009910,F. Construction,6,6,0
S01009910,G I. Distribution hotels and restaurants,16,8,8
S01009910,H J. Transport and communication,13,8,5
S01009910,K L M N. Financial real estate professional and administrative activities,18,9,9
S01009910,O P Q. Public administration education and health,12,7,5
S01009910,R S T U. Other,5,1,4
S01009910,Never worked,22,2,20
S01009911,All people aged 16 to 74 not in employment,251,114,137
S01009911,A B D E. Agriculture energy and water,2,1,1
S01009911,C. Manufacturing,15,9,6
S01009911,F. Construction,14,13,1
S01009911,G I. Distribution hotels and restaurants,40,18,22
S01009911,H J. Transport and communication,20,10,10
S01009911,K L M N. Financial real estate professional and administrative activities,30,17,13
S01009911,O P Q. Public administration education and health,57,10,47
S01009911,R S T U. Other,13,8,5
S01009911,Never worked,60,28,32
S01009912,All people aged 16 to 74 not in employment,240,101,139
S01009912,A B D E. Agriculture energy and water,3,1,2
S01009912,C. Manufacturing,4,3,1
S01009912,F. Construction,10,8,2
S01009912,G I. Distribution hotels and restaurants,30,20,10
S01009912,H J. Transport and communication,23,12,11
S01009912,K L M N. Financial real estate professional and administrative activities,21,8,13
S01009912,O P Q. Public administration education and health,65,22,43
S01009912,R S T U. Other,5,1,4
S01009912,Never worked,79,26,53
S01009913,All people aged 16 to 74 not in employment,212,70,142
S01009913,A B D E. Agriculture energy and water,1,0,1
S01009913,C. Manufacturing,9,2,7
S01009913,F. Construction,4,2,2
S01009913,G I. Distribution hotels and restaurants,37,16,21
S01009913,H J. Transport and communication,14,7,7
S01009913,K L M N. Financial real estate professional and administrative activities,13,4,9
S01009913,O P Q. Public administration education and health,31,6,25
S01009913,R S T U. Other,6,3,3
S01009913,Never worked,97,30,67
S01009914,All people aged 16 to 74 not in employment,246,92,154
S01009914,A B D E. Agriculture energy and water,0,0,0
S01009914,C. Manufacturing,8,6,2
S01009914,F. Construction,11,8,3
S01009914,G I. Distribution hotels and restaurants,30,17,13
S01009914,H J. Transport and communication,20,6,14
S01009914,K L M N. Financial real estate professional and administrative activities,29,10,19
S01009914,O P Q. Public administration education and health,82,22,60
S01009914,R S T U. Other,5,3,2
S01009914,Never worked,61,20,41
S01009915,All people aged 16 to 74 not in employment,211,92,119
S01009915,A B D E. Agriculture energy and water,4,4,0
S01009915,C. Manufacturing,7,5,2
S01009915,F. Construction,5,4,1
S01009915,G I. Distribution hotels and restaurants,42,22,20
S01009915,H J. Transport and communication,6,5,1
S01009915,K L M N. Financial real estate professional and administrative activities,26,13,13
S01009915,O P Q. Public administration education and health,54,15,39
S01009915,R S T U. Other,4,1,3
S01009915,Never worked,63,23,40
S01009916,All people aged 16 to 74 not in employment,313,115,198
S01009916,A B D E. Agriculture energy and water,4,1,3
S01009916,C. Manufacturing,7,2,5
S01009916,F. Construction,4,3,1
S01009916,G I. Distribution hotels and restaurants,47,28,19
S01009916,H J. Transport and communication,24,16,8
S01009916,K L M N. Financial real estate professional and administrative activities,25,11,14
S01009916,O P Q. Public administration education and health,44,9,35
S01009916,R S T U. Other,5,0,5
S01009916,Never worked,153,45,108
S01009917,All people aged 16 to 74 not in employment,149,62,87
S01009917,A B D E. Agriculture energy and water,2,1,1
S01009917,C. Manufacturing,8,3,5
S01009917,F. Construction,10,8,2
S01009917,G I. Distribution hotels and restaurants,20,14,6
S01009917,H J. Transport and communication,14,9,5
S01009917,K L M N. Financial real estate professional and administrative activities,12,2,10
S01009917,O P Q. Public administration education and health,37,8,29
S01009917,R S T U. Other,4,1,3
S01009917,Never worked,42,16,26
S01009918,All people aged 16 to 74 not in employment,192,86,106
S01009918,A B D E. Agriculture energy and water,3,2,1
S01009918,C. Manufacturing,12,9,3
S01009918,F. Construction,6,5,1
S01009918,G I. Distribution hotels and restaurants,26,15,11
S01009918,H J. Transport and communication,9,6,3
S01009918,K L M N. Financial real estate professional and administrative activities,26,10,16
S01009918,O P Q. Public administration education and health,60,18,42
S01009918,R S T U. Other,4,2,2
S01009918,Never worked,46,19,27
S01009919,All people aged 16 to 74 not in employment,323,129,194
S01009919,A B D E. Agriculture energy and water,4,4,0
S01009919,C. Manufacturing,28,17,11
S01009919,F. Construction,8,7,1
S01009919,G I. Distribution hotels and restaurants,51,21,30
S01009919,H J. Transport and communication,35,11,24
S01009919,K L M N. Financial real estate professional and administrative activities,47,26,21
S01009919,O P Q. Public administration education and health,60,15,45
S01009919,R S T U. Other,19,9,10
S01009919,Never worked,71,19,52
S01009920,All people aged 16 to 74 not in employment,145,61,84
S01009920,A B D E. Agriculture energy and water,2,1,1
S01009920,C. Manufacturing,10,7,3
S01009920,F. Construction,5,5,0
S01009920,G I. Distribution hotels and restaurants,23,9,14
S01009920,H J. Transport and communication,15,7,8
S01009920,K L M N. Financial real estate professional and administrative activities,25,11,14
S01009920,O P Q. Public administration education and health,32,6,26
S01009920,R S T U. Other,7,4,3
S01009920,Never worked,26,11,15
S01009921,All people aged 16 to 74 not in employment,118,57,61
S01009921,A B D E. Agriculture energy and water,7,4,3
S01009921,C. Manufacturing,6,2,4
S01009921,F. Construction,8,8,0
S01009921,G I. Distribution hotels and restaurants,24,14,10
S01009921,H J. Transport and communication,9,4,5
S01009921,K L M N. Financial real estate professional and administrative activities,18,8,10
S01009921,O P Q. Public administration education and health,23,8,15
S01009921,R S T U. Other,4,2,2
S01009921,Never worked,19,7,12
S01009922,All people aged 16 to 74 not in employment,188,101,87
S01009922,A B D E. Agriculture energy and water,5,4,1
S01009922,C. Manufacturing,11,10,1
S01009922,F. Construction,9,8,1
S01009922,G I. Distribution hotels and restaurants,35,19,16
S01009922,H J. Transport and communication,21,10,11
S01009922,K L M N. Financial real estate professional and administrative activities,28,16,12
S01009922,O P Q. Public administration education and health,45,21,24
S01009922,R S T U. Other,5,1,4
S01009922,Never worked,29,12,17
S01009923,All people aged 16 to 74 not in employment,216,103,113
S01009923,A B D E. Agriculture energy and water,3,1,2
S01009923,C. Manufacturing,18,12,6
S01009923,F. Construction,20,17,3
S01009923,G I. Distribution hotels and restaurants,42,21,21
S01009923,H J. Transport and communication,19,11,8
S01009923,K L M N. Financial real estate professional and administrative activities,26,7,19
S01009923,O P Q. Public administration education and health,49,17,32
S01009923,R S T U. Other,13,9,4
S01009923,Never worked,26,8,18
S01009924,All people aged 16 to 74 not in employment,231,108,123
S01009924,A B D E. Agriculture energy and water,0,0,0
S01009924,C. Manufacturing,10,5,5
S01009924,F. Construction,19,17,2
S01009924,G I. Distribution hotels and restaurants,24,11,13
S01009924,H J. Transport and communication,22,18,4
S01009924,K L M N. Financial real estate professional and administrative activities,32,14,18
S01009924,O P Q. Public administration education and health,39,9,30
S01009924,R S T U. Other,24,9,15
S01009924,Never worked,61,25,36
S01009925,All people aged 16 to 74 not in employment,116,64,52
S01009925,A B D E. Agriculture energy and water,1,1,0
S01009925,C. Manufacturing,2,1,1
S01009925,F. Construction,8,7,1
S01009925,G I. Distribution hotels and restaurants,19,10,9
S01009925,H J. Transport and communication,16,9,7
S01009925,K L M N. Financial real estate professional and administrative activities,22,11,11
S01009925,O P Q. Public administration education and health,15,6,9
S01009925,R S T U. Other,6,3,3
S01009925,Never worked,27,16,11
S01009926,All people aged 16 to 74 not in employment,176,71,105
S01009926,A B D E. Agriculture energy and water,3,2,1
S01009926,C. Manufacturing,5,2,3
S01009926,F. Construction,5,5,0
S01009926,G I. Distribution hotels and restaurants,33,15,18
S01009926,H J. Transport and communication,23,13,10
S01009926,K L M N. Financial real estate professional and administrative activities,11,2,9
S01009926,O P Q. Public administration education and health,31,8,23
S01009926,R S T U. Other,16,5,11
S01009926,Never worked,49,19,30
S01009927,All people aged 16 to 74 not in employment,136,64,72
S01009927,A B D E. Agriculture energy and water,4,1,3
S01009927,C. Manufacturing,15,10,5
S01009927,F. Construction,6,5,1
S01009927,G I. Distribution hotels and restaurants,21,10,11
S01009927,H J. Transport and communication,8,5,3
S01009927,K L M N. Financial real estate professional and administrative activities,18,10,8
S01009927,O P Q. Public administration education and health,34,10,24
S01009927,R S T U. Other,8,4,4
S01009927,Never worked,22,9,13
S01009928,All people aged 16 to 74 not in employment,177,95,82
S01009928,A B D E. Agriculture energy and water,2,2,0
S01009928,C. Manufacturing,10,7,3
S01009928,F. Construction,6,2,4
S01009928,G I. Distribution hotels and restaurants,25,14,11
S01009928,H J. Transport and communication,22,15,7
S01009928,K L M N. Financial real estate professional and administrative activities,33,21,12
S01009928,O P Q. Public administration education and health,48,18,30
S01009928,R S T U. Other,5,1,4
S01009928,Never worked,26,15,11
S01009929,All people aged 16 to 74 not in employment,113,48,65
S01009929,A B D E. Agriculture energy and water,2,2,0
S01009929,C. Manufacturing,6,3,3
S01009929,F. Construction,4,2,2
S01009929,G I. Distribution hotels and restaurants,24,14,10
S01009929,H J. Transport and communication,8,5,3
S01009929,K L M N. Financial real estate professional and administrative activities,22,10,12
S01009929,O P Q. Public administration education and health,27,3,24
S01009929,R S T U. Other,6,2,4
S01009929,Never worked,14,7,7
S01009930,All people aged 16 to 74 not in employment,167,88,79
S01009930,A B D E. Agriculture energy and water,1,1,0
S01009930,C. Manufacturing,7,6,1
S01009930,F. Construction,12,11,1
S01009930,G I. Distribution hotels and restaurants,27,15,12
S01009930,H J. Transport and communication,21,12,9
S01009930,K L M N. Financial real estate professional and administrative activities,20,12,8
S01009930,O P Q. Public administration education and health,38,12,26
S01009930,R S T U. Other,17,8,9
S01009930,Never worked,24,11,13
S01009931,All people aged 16 to 74 not in employment,112,55,57
S01009931,A B D E. Agriculture energy and water,1,1,0
S01009931,C. Manufacturing,8,5,3
S01009931,F. Construction,10,9,1
S01009931,G I. Distribution hotels and restaurants,13,4,9
S01009931,H J. Transport and communication,12,7,5
S01009931,K L M N. Financial real estate professional and administrative activities,16,8,8
S01009931,O P Q. Public administration education and health,31,10,21
S01009931,R S T U. Other,9,3,6
S01009931,Never worked,12,8,4
S01009932,All people aged 16 to 74 not in employment,104,46,58
S01009932,A B D E. Agriculture energy and water,4,2,2
S01009932,C. Manufacturing,7,4,3
S01009932,F. Construction,3,3,0
S01009932,G I. Distribution hotels and restaurants,21,8,13
S01009932,H J. Transport and communication,11,5,6
S01009932,K L M N. Financial real estate professional and administrative activities,15,12,3
S01009932,O P Q. Public administration education and health,20,7,13
S01009932,R S T U. Other,2,0,2
S01009932,Never worked,21,5,16
S01009933,All people aged 16 to 74 not in employment,325,167,158
S01009933,A B D E. Agriculture energy and water,9,6,3
S01009933,C. Manufacturing,25,16,9
S01009933,F. Construction,32,30,2
S01009933,G I. Distribution hotels and restaurants,59,31,28
S01009933,H J. Transport and communication,35,13,22
S01009933,K L M N. Financial real estate professional and administrative activities,41,21,20
S01009933,O P Q. Public administration education and health,49,15,34
S01009933,R S T U. Other,13,7,6
S01009933,Never worked,62,28,34
S01009934,All people aged 16 to 74 not in employment,188,84,104
S01009934,A B D E. Agriculture energy and water,1,1,0
S01009934,C. Manufacturing,15,10,5
S01009934,F. Construction,9,6,3
S01009934,G I. Distribution hotels and restaurants,20,10,10
S01009934,H J. Transport and communication,27,14,13
S01009934,K L M N. Financial real estate professional and administrative activities,22,9,13
S01009934,O P Q. Public administration education and health,39,11,28
S01009934,R S T U. Other,11,6,5
S01009934,Never worked,44,17,27
S01009935,All people aged 16 to 74 not in employment,227,115,112
S01009935,A B D E. Agriculture energy and water,7,3,4
S01009935,C. Manufacturing,35,21,14
S01009935,F. Construction,11,10,1
S01009935,G I. Distribution hotels and restaurants,44,31,13
S01009935,H J. Transport and communication,18,4,14
S01009935,K L M N. Financial real estate professional and administrative activities,30,16,14
S01009935,O P Q. Public administration education and health,37,11,26
S01009935,R S T U. Other,6,5,1
S01009935,Never worked,39,14,25
S01009936,All people aged 16 to 74 not in employment,219,122,97
S01009936,A B D E. Agriculture energy and water,6,4,2
S01009936,C. Manufacturing,23,11,12
S01009936,F. Construction,18,17,1
S01009936,G I. Distribution hotels and restaurants,47,34,13
S01009936,H J. Transport and communication,19,7,12
S01009936,K L M N. Financial real estate professional and administrative activities,22,16,6
S01009936,O P Q. Public administration education and health,33,15,18
S01009936,R S T U. Other,13,8,5
S01009936,Never worked,38,10,28
S01009937,All people aged 16 to 74 not in employment,196,85,111
S01009937,A B D E. Agriculture energy and water,3,3,0
S01009937,C. Manufacturing,13,9,4
S01009937,F. Construction,17,15,2
S01009937,G I. Distribution hotels and restaurants,31,14,17
S01009937,H J. Transport and communication,18,8,10
S01009937,K L M N. Financial real estate professional and administrative activities,17,6,11
S01009937,O P Q. Public administration education and health,17,1,16
S01009937,R S T U. Other,7,6,1
S01009937,Never worked,73,23,50
S01009938,All people aged 16 to 74 not in employment,366,177,189
S01009938,A B D E. Agriculture energy and water,9,7,2
S01009938,C. Manufacturing,47,21,26
S01009938,F. Construction,45,42,3
S01009938,G I. Distribution hotels and restaurants,67,33,34
S01009938,H J. Transport and communication,20,2,18
S01009938,K L M N. Financial real estate professional and administrative activities,39,21,18
S01009938,O P Q. Public administration education and health,56,14,42
S01009938,R S T U. Other,16,7,9
S01009938,Never worked,67,30,37
S01009939,All people aged 16 to 74 not in employment,457,252,205
S01009939,A B D E. Agriculture energy and water,2,2,0
S01009939,C. Manufacturing,29,16,13
S01009939,F. Construction,31,28,3
S01009939,G I. Distribution hotels and restaurants,67,35,32
S01009939,H J. Transport and communication,40,18,22
S01009939,K L M N. Financial real estate professional and administrative activities,50,33,17
S01009939,O P Q. Public administration education and health,43,18,25
S01009939,R S T U. Other,10,3,7
S01009939,Never worked,185,99,86
S01009940,All people aged 16 to 74 not in employment,373,191,182
S01009940,A B D E. Agriculture energy and water,8,6,2
S01009940,C. Manufacturing,51,25,26
S01009940,F. Construction,44,41,3
S01009940,G I. Distribution hotels and restaurants,54,28,26
S01009940,H J. Transport and communication,32,10,22
S01009940,K L M N. Financial real estate professional and administrative activities,42,16,26
S01009940,O P Q. Public administration education and health,57,19,38
S01009940,R S T U. Other,6,3,3
S01009940,Never worked,79,43,36
S01009941,All people aged 16 to 74 not in employment,277,92,185
S01009941,A B D E. Agriculture energy and water,5,4,1
S01009941,C. Manufacturing,11,4,7
S01009941,F. Construction,8,7,1
S01009941,G I. Distribution hotels and restaurants,59,21,38
S01009941,H J. Transport and communication,23,8,15
S01009941,K L M N. Financial real estate professional and administrative activities,24,7,17
S01009941,O P Q. Public administration education and health,30,7,23
S01009941,R S T U. Other,7,2,5
S01009941,Never worked,110,32,78
S01009942,All people aged 16 to 74 not in employment,395,202,193
S01009942,A B D E. Agriculture energy and water,7,7,0
S01009942,C. Manufacturing,41,20,21
S01009942,F. Construction,36,35,1
S01009942,G I. Distribution hotels and restaurants,57,24,33
S01009942,H J. Transport and communication,28,11,17
S01009942,K L M N. Financial real estate professional and administrative activities,32,19,13
S01009942,O P Q. Public administration education and health,61,14,47
S01009942,R S T U. Other,13,6,7
S01009942,Never worked,120,66,54
S01009943,All people aged 16 to 74 not in employment,368,176,192
S01009943,A B D E. Agriculture energy and water,6,5,1
S01009943,C. Manufacturing,50,25,25
S01009943,F. Construction,19,19,0
S01009943,G I. Distribution hotels and restaurants,68,40,28
S01009943,H J. Transport and communication,33,11,22
S01009943,K L M N. Financial real estate professional and administrative activities,47,24,23
S01009943,O P Q. Public administration education and health,50,13,37
S01009943,R S T U. Other,21,7,14
S01009943,Never worked,74,32,42
S01009944,All people aged 16 to 74 not in employment,249,121,128
S01009944,A B D E. Agriculture energy and water,3,1,2
S01009944,C. Manufacturing,17,12,5
S01009944,F. Construction,20,17,3
S01009944,G I. Distribution hotels and restaurants,58,26,32
S01009944,H J. Transport and communication,23,10,13
S01009944,K L M N. Financial real estate professional and administrative activities,24,10,14
S01009944,O P Q. Public administration education and health,44,17,27
S01009944,R S T U. Other,12,5,7
S01009944,Never worked,48,23,25
S01009945,All people aged 16 to 74 not in employment,303,122,181
S01009945,A B D E. Agriculture energy and water,2,1,1
S01009945,C. Manufacturing,28,9,19
S01009945,F. Construction,18,14,4
S01009945,G I. Distribution hotels and restaurants,66,24,42
S01009945,H J. Transport and communication,19,10,9
S01009945,K L M N. Financial real estate professional and administrative activities,30,10,20
S01009945,O P Q. Public administration education and health,48,13,35
S01009945,R S T U. Other,20,8,12
S01009945,Never worked,72,33,39
S01009946,All people aged 16 to 74 not in employment,280,124,156
S01009946,A B D E. Agriculture energy and water,5,2,3
S01009946,C. Manufacturing,19,9,10
S01009946,F. Construction,23,19,4
S01009946,G I. Distribution hotels and restaurants,46,21,25
S01009946,H J. Transport and communication,26,10,16
S01009946,K L M N. Financial real estate professional and administrative activities,36,15,21
S01009946,O P Q. Public administration education and health,49,13,36
S01009946,R S T U. Other,17,11,6
S01009946,Never worked,59,24,35
S01009947,All people aged 16 to 74 not in employment,183,76,107
S01009947,A B D E. Agriculture energy and water,3,2,1
S01009947,C. Manufacturing,17,6,11
S01009947,F. Construction,12,11,1
S01009947,G I. Distribution hotels and restaurants,39,22,17
S01009947,H J. Transport and communication,13,6,7
S01009947,K L M N. Financial real estate professional and administrative activities,13,5,8
S01009947,O P Q. Public administration education and health,38,4,34
S01009947,R S T U. Other,7,1,6
S01009947,Never worked,41,19,22
S01009948,All people aged 16 to 74 not in employment,322,177,145
S01009948,A B D E. Agriculture energy and water,10,7,3
S01009948,C. Manufacturing,26,17,9
S01009948,F. Construction,35,35,0
S01009948,G I. Distribution hotels and restaurants,74,41,33
S01009948,H J. Transport and communication,23,11,12
S01009948,K L M N. Financial real estate professional and administrative activities,33,13,20
S01009948,O P Q. Public administration education and health,48,14,34
S01009948,R S T U. Other,13,4,9
S01009948,Never worked,60,35,25
S01009949,All people aged 16 to 74 not in employment,256,123,133
S01009949,A B D E. Agriculture energy and water,3,3,0
S01009949,C. Manufacturing,23,14,9
S01009949,F. Construction,24,22,2
S01009949,G I. Distribution hotels and restaurants,57,27,30
S01009949,H J. Transport and communication,16,9,7
S01009949,K L M N. Financial real estate professional and administrative activities,22,8,14
S01009949,O P Q. Public administration education and health,50,14,36
S01009949,R S T U. Other,9,2,7
S01009949,Never worked,52,24,28
S01009950,All people aged 16 to 74 not in employment,182,73,109
S01009950,A B D E. Agriculture energy and water,3,2,1
S01009950,C. Manufacturing,14,6,8
S01009950,F. Construction,12,8,4
S01009950,G I. Distribution hotels and restaurants,19,7,12
S01009950,H J. Transport and communication,13,8,5
S01009950,K L M N. Financial real estate professional and administrative activities,24,11,13
S01009950,O P Q. Public administration education and health,40,8,32
S01009950,R S T U. Other,8,0,8
S01009950,Never worked,49,23,26
S01009951,All people aged 16 to 74 not in employment,206,85,121
S01009951,A B D E. Agriculture energy and water,2,2,0
S01009951,C. Manufacturing,7,5,2
S01009951,F. Construction,11,7,4
S01009951,G I. Distribution hotels and restaurants,30,15,15
S01009951,H J. Transport and communication,19,12,7
S01009951,K L M N. Financial real estate professional and administrative activities,20,8,12
S01009951,O P Q. Public administration education and health,53,13,40
S01009951,R S T U. Other,1,1,0
S01009951,Never worked,63,22,41
S01009952,All people aged 16 to 74 not in employment,174,75,99
S01009952,A B D E. Agriculture energy and water,0,0,0
S01009952,C. Manufacturing,6,3,3
S01009952,F. Construction,7,7,0
S01009952,G I. Distribution hotels and restaurants,33,18,15
S01009952,H J. Transport and communication,12,8,4
S01009952,K L M N. Financial real estate professional and administrative activities,24,6,18
S01009952,O P Q. Public administration education and health,52,13,39
S01009952,R S T U. Other,4,2,2
S01009952,Never worked,36,18,18
S01009953,All people aged 16 to 74 not in employment,226,103,123
S01009953,A B D E. Agriculture energy and water,2,1,1
S01009953,C. Manufacturing,13,8,5
S01009953,F. Construction,14,12,2
S01009953,G I. Distribution hotels and restaurants,34,22,12
S01009953,H J. Transport and communication,22,9,13
S01009953,K L M N. Financial real estate professional and administrative activities,20,9,11
S01009953,O P Q. Public administration education and health,71,21,50
S01009953,R S T U. Other,10,6,4
S01009953,Never worked,40,15,25
S01009954,All people aged 16 to 74 not in employment,201,95,106
S01009954,A B D E. Agriculture energy and water,0,0,0
S01009954,C. Manufacturing,10,8,2
S01009954,F. Construction,8,6,2
S01009954,G I. Distribution hotels and restaurants,24,13,11
S01009954,H J. Transport and communication,18,6,12
S01009954,K L M N. Financial real estate professional and administrative activities,19,11,8
S01009954,O P Q. Public administration education and health,46,16,30
S01009954,R S T U. Other,7,2,5
S01009954,Never worked,69,33,36
S01009955,All people aged 16 to 74 not in employment,273,114,159
S01009955,A B D E. Agriculture energy and water,6,2,4
S01009955,C. Manufacturing,15,12,3
S01009955,F. Construction,20,19,1
S01009955,G I. Distribution hotels and restaurants,44,16,28
S01009955,H J. Transport and communication,20,10,10
S01009955,K L M N. Financial real estate professional and administrative activities,30,8,22
S01009955,O P Q. Public administration education and health,57,17,40
S01009955,R S T U. Other,14,3,11
S01009955,Never worked,67,27,40
S01009956,All people aged 16 to 74 not in employment,224,97,127
S01009956,A B D E. Agriculture energy and water,2,2,0
S01009956,C. Manufacturing,16,8,8
S01009956,F. Construction,13,12,1
S01009956,G I. Distribution hotels and restaurants,39,22,17
S01009956,H J. Transport and communication,14,6,8
S01009956,K L M N. Financial real estate professional and administrative activities,20,7,13
S01009956,O P Q. Public administration education and health,50,14,36
S01009956,R S T U. Other,9,1,8
S01009956,Never worked,61,25,36
S01009957,All people aged 16 to 74 not in employment,171,77,94
S01009957,A B D E. Agriculture energy and water,3,2,1
S01009957,C. Manufacturing,15,8,7
S01009957,F. Construction,8,7,1
S01009957,G I. Distribution hotels and restaurants,16,8,8
S01009957,H J. Transport and communication,13,6,7
S01009957,K L M N. Financial real estate professional and administrative activities,20,9,11
S01009957,O P Q. Public administration education and health,65,25,40
S01009957,R S T U. Other,3,1,2
S01009957,Never worked,28,11,17
S01009958,All people aged 16 to 74 not in employment,173,82,91
S01009958,A B D E. Agriculture energy and water,6,4,2
S01009958,C. Manufacturing,11,9,2
S01009958,F. Construction,6,6,0
S01009958,G I. Distribution hotels and restaurants,24,9,15
S01009958,H J. Transport and communication,16,10,6
S01009958,K L M N. Financial real estate professional and administrative activities,24,11,13
S01009958,O P Q. Public administration education and health,63,17,46
S01009958,R S T U. Other,2,1,1
S01009958,Never worked,21,15,6
S01009959,All people aged 16 to 74 not in employment,180,70,110
S01009959,A B D E. Agriculture energy and water,5,3,2
S01009959,C. Manufacturing,12,4,8
S01009959,F. Construction,6,5,1
S01009959,G I. Distribution hotels and restaurants,20,6,14
S01009959,H J. Transport and communication,16,10,6
S01009959,K L M N. Financial real estate professional and administrative activities,19,8,11
S01009959,O P Q. Public administration education and health,56,17,39
S01009959,R S T U. Other,10,3,7
S01009959,Never worked,36,14,22
S01009960,All people aged 16 to 74 not in employment,211,91,120
S01009960,A B D E. Agriculture energy and water,5,3,2
S01009960,C. Manufacturing,13,7,6
S01009960,F. Construction,10,7,3
S01009960,G I. Distribution hotels and restaurants,21,10,11
S01009960,H J. Transport and communication,13,6,7
S01009960,K L M N. Financial real estate professional and administrative activities,31,8,23
S01009960,O P Q. Public administration education and health,56,15,41
S01009960,R S T U. Other,4,2,2
S01009960,Never worked,58,33,25
S01009961,All people aged 16 to 74 not in employment,201,91,110
S01009961,A B D E. Agriculture energy and water,2,1,1
S01009961,C. Manufacturing,11,6,5
S01009961,F. Construction,18,17,1
S01009961,G I. Distribution hotels and restaurants,33,17,16
S01009961,H J. Transport and communication,12,8,4
S01009961,K L M N. Financial real estate professional and administrative activities,29,11,18
S01009961,O P Q. Public administration education and health,51,11,40
S01009961,R S T U. Other,9,2,7
S01009961,Never worked,36,18,18
S01009962,All people aged 16 to 74 not in employment,237,103,134
S01009962,A B D E. Agriculture energy and water,2,1,1
S01009962,C. Manufacturing,21,15,6
S01009962,F. Construction,21,18,3
S01009962,G I. Distribution hotels and restaurants,44,22,22
S01009962,H J. Transport and communication,20,7,13
S01009962,K L M N. Financial real estate professional and administrative activities,34,18,16
S01009962,O P Q. Public administration education and health,56,11,45
S01009962,R S T U. Other,10,2,8
S01009962,Never worked,29,9,20
S01009963,All people aged 16 to 74 not in employment,174,75,99
S01009963,A B D E. Agriculture energy and water,3,2,1
S01009963,C. Manufacturing,11,10,1
S01009963,F. Construction,10,8,2
S01009963,G I. Distribution hotels and restaurants,25,11,14
S01009963,H J. Transport and communication,11,5,6
S01009963,K L M N. Financial real estate professional and administrative activities,15,3,12
S01009963,O P Q. Public administration education and health,55,17,38
S01009963,R S T U. Other,6,3,3
S01009963,Never worked,38,16,22
S01009964,All people aged 16 to 74 not in employment,213,96,117
S01009964,A B D E. Agriculture energy and water,2,1,1
S01009964,C. Manufacturing,10,8,2
S01009964,F. Construction,13,11,2
S01009964,G I. Distribution hotels and restaurants,39,13,26
S01009964,H J. Transport and communication,17,8,9
S01009964,K L M N. Financial real estate professional and administrative activities,20,7,13
S01009964,O P Q. Public administration education and health,52,17,35
S01009964,R S T U. Other,11,6,5
S01009964,Never worked,49,25,24
S01009965,All people aged 16 to 74 not in employment,172,71,101
S01009965,A B D E. Agriculture energy and water,4,2,2
S01009965,C. Manufacturing,13,8,5
S01009965,F. Construction,19,16,3
S01009965,G I. Distribution hotels and restaurants,27,11,16
S01009965,H J. Transport and communication,13,7,6
S01009965,K L M N. Financial real estate professional and administrative activities,22,7,15
S01009965,O P Q. Public administration education and health,45,13,32
S01009965,R S T U. Other,9,2,7
S01009965,Never worked,20,5,15
S01009966,All people aged 16 to 74 not in employment,193,91,102
S01009966,A B D E. Agriculture energy and water,4,3,1
S01009966,C. Manufacturing,21,11,10
S01009966,F. Construction,22,19,3
S01009966,G I. Distribution hotels and restaurants,25,10,15
S01009966,H J. Transport and communication,12,10,2
S01009966,K L M N. Financial real estate professional and administrative activities,24,4,20
S01009966,O P Q. Public administration education and health,48,17,31
S01009966,R S T U. Other,6,1,5
S01009966,Never worked,31,16,15
S01009967,All people aged 16 to 74 not in employment,195,92,103
S01009967,A B D E. Agriculture energy and water,0,0,0
S01009967,C. Manufacturing,11,9,2
S01009967,F. Construction,8,6,2
S01009967,G I. Distribution hotels and restaurants,31,15,16
S01009967,H J. Transport and communication,17,8,9
S01009967,K L M N. Financial real estate professional and administrative activities,26,11,15
S01009967,O P Q. Public administration education and health,71,26,45
S01009967,R S T U. Other,8,4,4
S01009967,Never worked,23,13,10
S01009968,All people aged 16 to 74 not in employment,144,59,85
S01009968,A B D E. Agriculture energy and water,0,0,0
S01009968,C. Manufacturing,12,8,4
S01009968,F. Construction,20,15,5
S01009968,G I. Distribution hotels and restaurants,27,12,15
S01009968,H J. Transport and communication,10,0,10
S01009968,K L M N. Financial real estate professional and administrative activities,15,4,11
S01009968,O P Q. Public administration education and health,32,9,23
S01009968,R S T U. Other,4,1,3
S01009968,Never worked,24,10,14
S01009969,All people aged 16 to 74 not in employment,245,106,139
S01009969,A B D E. Agriculture energy and water,1,1,0
S01009969,C. Manufacturing,16,12,4
S01009969,F. Construction,12,11,1
S01009969,G I. Distribution hotels and restaurants,42,18,24
S01009969,H J. Transport and communication,20,9,11
S01009969,K L M N. Financial real estate professional and administrative activities,42,19,23
S01009969,O P Q. Public administration education and health,64,14,50
S01009969,R S T U. Other,10,5,5
S01009969,Never worked,38,17,21
S01009970,All people aged 16 to 74 not in employment,359,148,211
S01009970,A B D E. Agriculture energy and water,7,4,3
S01009970,C. Manufacturing,30,16,14
S01009970,F. Construction,29,26,3
S01009970,G I. Distribution hotels and restaurants,76,31,45
S01009970,H J. Transport and communication,38,5,33
S01009970,K L M N. Financial real estate professional and administrative activities,34,17,17
S01009970,O P Q. Public administration education and health,50,12,38
S01009970,R S T U. Other,16,4,12
S01009970,Never worked,79,33,46
S01009971,All people aged 16 to 74 not in employment,394,169,225
S01009971,A B D E. Agriculture energy and water,19,12,7
S01009971,C. Manufacturing,36,18,18
S01009971,F. Construction,30,30,0
S01009971,G I. Distribution hotels and restaurants,92,42,50
S01009971,H J. Transport and communication,21,4,17
S01009971,K L M N. Financial real estate professional and administrative activities,45,14,31
S01009971,O P Q. Public administration education and health,52,12,40
S01009971,R S T U. Other,20,4,16
S01009971,Never worked,79,33,46
S01009972,All people aged 16 to 74 not in employment,210,84,126
S01009972,A B D E. Agriculture energy and water,1,0,1
S01009972,C. Manufacturing,27,9,18
S01009972,F. Construction,8,6,2
S01009972,G I. Distribution hotels and restaurants,31,17,14
S01009972,H J. Transport and communication,9,6,3
S01009972,K L M N. Financial real estate professional and administrative activities,38,10,28
S01009972,O P Q. Public administration education and health,33,7,26
S01009972,R S T U. Other,10,2,8
S01009972,Never worked,53,27,26
S01009973,All people aged 16 to 74 not in employment,194,86,108
S01009973,A B D E. Agriculture energy and water,2,2,0
S01009973,C. Manufacturing,28,10,18
S01009973,F. Construction,17,17,0
S01009973,G I. Distribution hotels and restaurants,33,20,13
S01009973,H J. Transport and communication,14,6,8
S01009973,K L M N. Financial real estate professional and administrative activities,26,8,18
S01009973,O P Q. Public administration education and health,29,3,26
S01009973,R S T U. Other,2,1,1
S01009973,Never worked,43,19,24
S01009974,All people aged 16 to 74 not in employment,241,106,135
S01009974,A B D E. Agriculture energy and water,2,0,2
S01009974,C. Manufacturing,31,11,20
S01009974,F. Construction,20,19,1
S01009974,G I. Distribution hotels and restaurants,41,24,17
S01009974,H J. Transport and communication,25,7,18
S01009974,K L M N. Financial real estate professional and administrative activities,33,19,14
S01009974,O P Q. Public administration education and health,31,6,25
S01009974,R S T U. Other,10,1,9
S01009974,Never worked,48,19,29
S01009975,All people aged 16 to 74 not in employment,370,166,204
S01009975,A B D E. Agriculture energy and water,7,2,5
S01009975,C. Manufacturing,33,17,16
S01009975,F. Construction,36,33,3
S01009975,G I. Distribution hotels and restaurants,61,28,33
S01009975,H J. Transport and communication,30,10,20
S01009975,K L M N. Financial real estate professional and administrative activities,35,18,17
S01009975,O P Q. Public administration education and health,40,7,33
S01009975,R S T U. Other,14,6,8
S01009975,Never worked,114,45,69
S01009976,All people aged 16 to 74 not in employment,189,81,108
S01009976,A B D E. Agriculture energy and water,3,1,2
S01009976,C. Manufacturing,19,8,11
S01009976,F. Construction,21,19,2
S01009976,G I. Distribution hotels and restaurants,21,9,12
S01009976,H J. Transport and communication,17,5,12
S01009976,K L M N. Financial real estate professional and administrative activities,26,18,8
S01009976,O P Q. Public administration education and health,24,3,21
S01009976,R S T U. Other,14,2,12
S01009976,Never worked,44,16,28
S01009977,All people aged 16 to 74 not in employment,491,260,231
S01009977,A B D E. Agriculture energy and water,14,11,3
S01009977,C. Manufacturing,54,26,28
S01009977,F. Construction,46,44,2
S01009977,G I. Distribution hotels and restaurants,89,53,36
S01009977,H J. Transport and communication,35,15,20
S01009977,K L M N. Financial real estate professional and administrative activities,45,27,18
S01009977,O P Q. Public administration education and health,71,18,53
S01009977,R S T U. Other,26,7,19
S01009977,Never worked,111,59,52
S01009978,All people aged 16 to 74 not in employment,385,171,214
S01009978,A B D E. Agriculture energy and water,9,5,4
S01009978,C. Manufacturing,37,13,24
S01009978,F. Construction,36,33,3
S01009978,G I. Distribution hotels and restaurants,66,34,32
S01009978,H J. Transport and communication,28,10,18
S01009978,K L M N. Financial real estate professional and administrative activities,33,15,18
S01009978,O P Q. Public administration education and health,47,11,36
S01009978,R S T U. Other,21,6,15
S01009978,Never worked,108,44,64
S01009979,All people aged 16 to 74 not in employment,242,103,139
S01009979,A B D E. Agriculture energy and water,4,2,2
S01009979,C. Manufacturing,29,13,16
S01009979,F. Construction,25,23,2
S01009979,G I. Distribution hotels and restaurants,50,27,23
S01009979,H J. Transport and communication,12,2,10
S01009979,K L M N. Financial real estate professional and administrative activities,30,8,22
S01009979,O P Q. Public administration education and health,37,5,32
S01009979,R S T U. Other,10,3,7
S01009979,Never worked,45,20,25
S01009980,All people aged 16 to 74 not in employment,309,134,175
S01009980,A B D E. Agriculture energy and water,13,12,1
S01009980,C. Manufacturing,28,7,21
S01009980,F. Construction,20,20,0
S01009980,G I. Distribution hotels and restaurants,41,15,26
S01009980,H J. Transport and communication,25,6,19
S01009980,K L M N. Financial real estate professional and administrative activities,34,19,15
S01009980,O P Q. Public administration education and health,44,11,33
S01009980,R S T U. Other,15,3,12
S01009980,Never worked,89,41,48
S01009981,All people aged 16 to 74 not in employment,263,122,141
S01009981,A B D E. Agriculture energy and water,8,3,5
S01009981,C. Manufacturing,19,5,14
S01009981,F. Construction,23,22,1
S01009981,G I. Distribution hotels and restaurants,45,25,20
S01009981,H J. Transport and communication,18,6,12
S01009981,K L M N. Financial real estate professional and administrative activities,28,18,10
S01009981,O P Q. Public administration education and health,47,7,40
S01009981,R S T U. Other,10,3,7
S01009981,Never worked,65,33,32
S01009982,All people aged 16 to 74 not in employment,319,135,184
S01009982,A B D E. Agriculture energy and water,9,5,4
S01009982,C. Manufacturing,31,16,15
S01009982,F. Construction,34,32,2
S01009982,G I. Distribution hotels and restaurants,57,23,34
S01009982,H J. Transport and communication,22,2,20
S01009982,K L M N. Financial real estate professional and administrative activities,26,13,13
S01009982,O P Q. Public administration education and health,33,4,29
S01009982,R S T U. Other,9,1,8
S01009982,Never worked,98,39,59
S01009983,All people aged 16 to 74 not in employment,256,119,137
S01009983,A B D E. Agriculture energy and water,6,4,2
S01009983,C. Manufacturing,23,10,13
S01009983,F. Construction,11,11,0
S01009983,G I. Distribution hotels and restaurants,29,13,16
S01009983,H J. Transport and communication,20,8,12
S01009983,K L M N. Financial real estate professional and administrative activities,22,13,9
S01009983,O P Q. Public administration education and health,23,10,13
S01009983,R S T U. Other,15,3,12
S01009983,Never worked,107,47,60
S01009984,All people aged 16 to 74 not in employment,234,102,132
S01009984,A B D E. Agriculture energy and water,6,2,4
S01009984,C. Manufacturing,23,10,13
S01009984,F. Construction,30,24,6
S01009984,G I. Distribution hotels and restaurants,33,18,15
S01009984,H J. Transport and communication,18,4,14
S01009984,K L M N. Financial real estate professional and administrative activities,21,9,12
S01009984,O P Q. Public administration education and health,32,8,24
S01009984,R S T U. Other,12,5,7
S01009984,Never worked,59,22,37
S01009985,All people aged 16 to 74 not in employment,256,124,132
S01009985,A B D E. Agriculture energy and water,7,6,1
S01009985,C. Manufacturing,19,9,10
S01009985,F. Construction,20,17,3
S01009985,G I. Distribution hotels and restaurants,42,15,27
S01009985,H J. Transport and communication,21,4,17
S01009985,K L M N. Financial real estate professional and administrative activities,26,16,10
S01009985,O P Q. Public administration education and health,30,9,21
S01009985,R S T U. Other,13,6,7
S01009985,Never worked,78,42,36
S01009986,All people aged 16 to 74 not in employment,257,117,140
S01009986,A B D E. Agriculture energy and water,7,3,4
S01009986,C. Manufacturing,30,15,15
S01009986,F. Construction,30,27,3
S01009986,G I. Distribution hotels and restaurants,38,16,22
S01009986,H J. Transport and communication,21,7,14
S01009986,K L M N. Financial real estate professional and administrative activities,22,13,9
S01009986,O P Q. Public administration education and health,44,11,33
S01009986,R S T U. Other,14,6,8
S01009986,Never worked,51,19,32
S01009987,All people aged 16 to 74 not in employment,307,165,142
S01009987,A B D E. Agriculture energy and water,12,10,2
S01009987,C. Manufacturing,30,11,19
S01009987,F. Construction,39,38,1
S01009987,G I. Distribution hotels and restaurants,57,34,23
S01009987,H J. Transport and communication,22,9,13
S01009987,K L M N. Financial real estate professional and administrative activities,37,18,19
S01009987,O P Q. Public administration education and health,44,10,34
S01009987,R S T U. Other,14,5,9
S01009987,Never worked,52,30,22
S01009988,All people aged 16 to 74 not in employment,239,115,124
S01009988,A B D E. Agriculture energy and water,6,4,2
S01009988,C. Manufacturing,25,11,14
S01009988,F. Construction,33,29,4
S01009988,G I. Distribution hotels and restaurants,31,14,17
S01009988,H J. Transport and communication,26,10,16
S01009988,K L M N. Financial real estate professional and administrative activities,19,12,7
S01009988,O P Q. Public administration education and health,41,5,36
S01009988,R S T U. Other,8,4,4
S01009988,Never worked,50,26,24
S01009989,All people aged 16 to 74 not in employment,229,106,123
S01009989,A B D E. Agriculture energy and water,5,4,1
S01009989,C. Manufacturing,13,8,5
S01009989,F. Construction,18,18,0
S01009989,G I. Distribution hotels and restaurants,45,16,29
S01009989,H J. Transport and communication,18,8,10
S01009989,K L M N. Financial real estate professional and administrative activities,16,5,11
S01009989,O P Q. Public administration education and health,50,9,41
S01009989,R S T U. Other,9,3,6
S01009989,Never worked,55,35,20
S01009990,All people aged 16 to 74 not in employment,160,68,92
S01009990,A B D E. Agriculture energy and water,3,3,0
S01009990,C. Manufacturing,11,7,4
S01009990,F. Construction,14,14,0
S01009990,G I. Distribution hotels and restaurants,30,14,16
S01009990,H J. Transport and communication,13,4,9
S01009990,K L M N. Financial real estate professional and administrative activities,20,3,17
S01009990,O P Q. Public administration education and health,31,5,26
S01009990,R S T U. Other,8,3,5
S01009990,Never worked,30,15,15
S01009991,All people aged 16 to 74 not in employment,188,84,104
S01009991,A B D E. Agriculture energy and water,2,1,1
S01009991,C. Manufacturing,11,6,5
S01009991,F. Construction,17,15,2
S01009991,G I. Distribution hotels and restaurants,37,15,22
S01009991,H J. Transport and communication,10,3,7
S01009991,K L M N. Financial real estate professional and administrative activities,26,9,17
S01009991,O P Q. Public administration education and health,34,6,28
S01009991,R S T U. Other,7,3,4
S01009991,Never worked,44,26,18
S01009992,All people aged 16 to 74 not in employment,295,132,163
S01009992,A B D E. Agriculture energy and water,8,3,5
S01009992,C. Manufacturing,30,13,17
S01009992,F. Construction,25,24,1
S01009992,G I. Distribution hotels and restaurants,72,35,37
S01009992,H J. Transport and communication,22,8,14
S01009992,K L M N. Financial real estate professional and administrative activities,36,21,15
S01009992,O P Q. Public administration education and health,42,7,35
S01009992,R S T U. Other,9,3,6
S01009992,Never worked,51,18,33
S01009993,All people aged 16 to 74 not in employment,168,69,99
S01009993,A B D E. Agriculture energy and water,1,0,1
S01009993,C. Manufacturing,12,7,5
S01009993,F. Construction,19,18,1
S01009993,G I. Distribution hotels and restaurants,32,11,21
S01009993,H J. Transport and communication,10,6,4
S01009993,K L M N. Financial real estate professional and administrative activities,20,5,15
S01009993,O P Q. Public administration education and health,42,5,37
S01009993,R S T U. Other,8,2,6
S01009993,Never worked,24,15,9
S01009994,All people aged 16 to 74 not in employment,156,61,95
S01009994,A B D E. Agriculture energy and water,2,2,0
S01009994,C. Manufacturing,7,4,3
S01009994,F. Construction,9,8,1
S01009994,G I. Distribution hotels and restaurants,33,12,21
S01009994,H J. Transport and communication,11,6,5
S01009994,K L M N. Financial real estate professional and administrative activities,22,8,14
S01009994,O P Q. Public administration education and health,35,5,30
S01009994,R S T U. Other,9,2,7
S01009994,Never worked,28,14,14
S01009995,All people aged 16 to 74 not in employment,151,63,88
S01009995,A B D E. Agriculture energy and water,4,3,1
S01009995,C. Manufacturing,14,10,4
S01009995,F. Construction,7,7,0
S01009995,G I. Distribution hotels and restaurants,33,11,22
S01009995,H J. Transport and communication,10,2,8
S01009995,K L M N. Financial real estate professional and administrative activities,14,4,10
S01009995,O P Q. Public administration education and health,30,7,23
S01009995,R S T U. Other,8,2,6
S01009995,Never worked,31,17,14
S01009996,All people aged 16 to 74 not in employment,187,75,112
S01009996,A B D E. Agriculture energy and water,2,1,1
S01009996,C. Manufacturing,12,4,8
S01009996,F. Construction,16,15,1
S01009996,G I. Distribution hotels and restaurants,35,11,24
S01009996,H J. Transport and communication,17,7,10
S01009996,K L M N. Financial real estate professional and administrative activities,24,9,15
S01009996,O P Q. Public administration education and health,34,9,25
S01009996,R S T U. Other,10,3,7
S01009996,Never worked,37,16,21
S01009997,All people aged 16 to 74 not in employment,132,55,77
S01009997,A B D E. Agriculture energy and water,3,0,3
S01009997,C. Manufacturing,12,7,5
S01009997,F. Construction,14,12,2
S01009997,G I. Distribution hotels and restaurants,32,13,19
S01009997,H J. Transport and communication,4,1,3
S01009997,K L M N. Financial real estate professional and administrative activities,10,1,9
S01009997,O P Q. Public administration education and health,22,4,18
S01009997,R S T U. Other,2,1,1
S01009997,Never worked,33,16,17
S01009998,All people aged 16 to 74 not in employment,192,81,111
S01009998,A B D E. Agriculture energy and water,1,0,1
S01009998,C. Manufacturing,10,6,4
S01009998,F. Construction,17,17,0
S01009998,G I. Distribution hotels and restaurants,29,16,13
S01009998,H J. Transport and communication,16,6,10
S01009998,K L M N. Financial real estate professional and administrative activities,17,7,10
S01009998,O P Q. Public administration education and health,46,9,37
S01009998,R S T U. Other,6,2,4
S01009998,Never worked,50,18,32
S01009999,All people aged 16 to 74 not in employment,203,82,121
S01009999,A B D E. Agriculture energy and water,6,3,3
S01009999,C. Manufacturing,15,10,5
S01009999,F. Construction,12,11,1
S01009999,G I. Distribution hotels and restaurants,32,13,19
S01009999,H J. Transport and communication,11,3,8
S01009999,K L M N. Financial real estate professional and administrative activities,25,7,18
S01009999,O P Q. Public administration education and health,62,16,46
S01009999,R S T U. Other,7,3,4
S01009999,Never worked,33,16,17
S01010000,All people aged 16 to 74 not in employment,151,62,89
S01010000,A B D E. Agriculture energy and water,2,1,1
S01010000,C. Manufacturing,8,5,3
S01010000,F. Construction,8,7,1
S01010000,G I. Distribution hotels and restaurants,42,20,22
S01010000,H J. Transport and communication,9,2,7
S01010000,K L M N. Financial real estate professional and administrative activities,13,6,7
S01010000,O P Q. Public administration education and health,37,8,29
S01010000,R S T U. Other,4,0,4
S01010000,Never worked,28,13,15
S01010001,All people aged 16 to 74 not in employment,197,72,125
S01010001,A B D E. Agriculture energy and water,6,3,3
S01010001,C. Manufacturing,10,2,8
S01010001,F. Construction,11,10,1
S01010001,G I. Distribution hotels and restaurants,24,7,17
S01010001,H J. Transport and communication,17,8,9
S01010001,K L M N. Financial real estate professional and administrative activities,23,8,15
S01010001,O P Q. Public administration education and health,44,11,33
S01010001,R S T U. Other,8,4,4
S01010001,Never worked,54,19,35
S01010002,All people aged 16 to 74 not in employment,209,88,121
S01010002,A B D E. Agriculture energy and water,2,1,1
S01010002,C. Manufacturing,17,14,3
S01010002,F. Construction,19,19,0
S01010002,G I. Distribution hotels and restaurants,36,10,26
S01010002,H J. Transport and communication,21,8,13
S01010002,K L M N. Financial real estate professional and administrative activities,22,6,16
S01010002,O P Q. Public administration education and health,40,12,28
S01010002,R S T U. Other,9,4,5
S01010002,Never worked,43,14,29
S01010003,All people aged 16 to 74 not in employment,177,80,97
S01010003,A B D E. Agriculture energy and water,3,2,1
S01010003,C. Manufacturing,17,12,5
S01010003,F. Construction,16,14,2
S01010003,G I. Distribution hotels and restaurants,26,8,18
S01010003,H J. Transport and communication,17,7,10
S01010003,K L M N. Financial real estate professional and administrative activities,18,4,14
S01010003,O P Q. Public administration education and health,43,12,31
S01010003,R S T U. Other,9,4,5
S01010003,Never worked,28,17,11
S01010004,All people aged 16 to 74 not in employment,195,91,104
S01010004,A B D E. Agriculture energy and water,4,3,1
S01010004,C. Manufacturing,8,3,5
S01010004,F. Construction,12,11,1
S01010004,G I. Distribution hotels and restaurants,35,19,16
S01010004,H J. Transport and communication,11,3,8
S01010004,K L M N. Financial real estate professional and administrative activities,29,11,18
S01010004,O P Q. Public administration education and health,42,11,31
S01010004,R S T U. Other,6,4,2
S01010004,Never worked,48,26,22
S01010005,All people aged 16 to 74 not in employment,203,111,92
S01010005,A B D E. Agriculture energy and water,3,3,0
S01010005,C. Manufacturing,11,7,4
S01010005,F. Construction,17,16,1
S01010005,G I. Distribution hotels and restaurants,40,22,18
S01010005,H J. Transport and communication,10,6,4
S01010005,K L M N. Financial real estate professional and administrative activities,31,14,17
S01010005,O P Q. Public administration education and health,42,18,24
S01010005,R S T U. Other,12,4,8
S01010005,Never worked,37,21,16
S01010006,All people aged 16 to 74 not in employment,212,106,106
S01010006,A B D E. Agriculture energy and water,4,4,0
S01010006,C. Manufacturing,15,10,5
S01010006,F. Construction,26,23,3
S01010006,G I. Distribution hotels and restaurants,36,17,19
S01010006,H J. Transport and communication,23,12,11
S01010006,K L M N. Financial real estate professional and administrative activities,22,10,12
S01010006,O P Q. Public administration education and health,46,14,32
S01010006,R S T U. Other,6,0,6
S01010006,Never worked,34,16,18
S01010007,All people aged 16 to 74 not in employment,190,77,113
S01010007,A B D E. Agriculture energy and water,2,2,0
S01010007,C. Manufacturing,12,7,5
S01010007,F. Construction,18,17,1
S01010007,G I. Distribution hotels and restaurants,30,8,22
S01010007,H J. Transport and communication,21,8,13
S01010007,K L M N. Financial real estate professional and administrative activities,18,6,12
S01010007,O P Q. Public administration education and health,58,12,46
S01010007,R S T U. Other,3,2,1
S01010007,Never worked,28,15,13
S01010008,All people aged 16 to 74 not in employment,152,70,82
S01010008,A B D E. Agriculture energy and water,1,0,1
S01010008,C. Manufacturing,10,6,4
S01010008,F. Construction,14,14,0
S01010008,G I. Distribution hotels and restaurants,23,12,11
S01010008,H J. Transport and communication,16,9,7
S01010008,K L M N. Financial real estate professional and administrative activities,17,6,11
S01010008,O P Q. Public administration education and health,43,11,32
S01010008,R S T U. Other,8,4,4
S01010008,Never worked,20,8,12
S01010009,All people aged 16 to 74 not in employment,120,73,47
S01010009,A B D E. Agriculture energy and water,0,0,0
S01010009,C. Manufacturing,14,8,6
S01010009,F. Construction,14,13,1
S01010009,G I. Distribution hotels and restaurants,13,7,6
S01010009,H J. Transport and communication,14,10,4
S01010009,K L M N. Financial real estate professional and administrative activities,13,6,7
S01010009,O P Q. Public administration education and health,25,11,14
S01010009,R S T U. Other,4,1,3
S01010009,Never worked,23,17,6
S01010010,All people aged 16 to 74 not in employment,234,108,126
S01010010,A B D E. Agriculture energy and water,4,4,0
S01010010,C. Manufacturing,18,11,7
S01010010,F. Construction,14,11,3
S01010010,G I. Distribution hotels and restaurants,42,21,21
S01010010,H J. Transport and communication,9,6,3
S01010010,K L M N. Financial real estate professional and administrative activities,18,5,13
S01010010,O P Q. Public administration education and health,76,22,54
S01010010,R S T U. Other,8,5,3
S01010010,Never worked,45,23,22
S01010011,All people aged 16 to 74 not in employment,228,118,110
S01010011,A B D E. Agriculture energy and water,4,3,1
S01010011,C. Manufacturing,25,12,13
S01010011,F. Construction,28,28,0
S01010011,G I. Distribution hotels and restaurants,50,29,21
S01010011,H J. Transport and communication,18,8,10
S01010011,K L M N. Financial real estate professional and administrative activities,30,12,18
S01010011,O P Q. Public administration education and health,45,9,36
S01010011,R S T U. Other,13,9,4
S01010011,Never worked,15,8,7
S01010012,All people aged 16 to 74 not in employment,222,81,141
S01010012,A B D E. Agriculture energy and water,2,0,2
S01010012,C. Manufacturing,25,13,12
S01010012,F. Construction,11,11,0
S01010012,G I. Distribution hotels and restaurants,29,11,18
S01010012,H J. Transport and communication,20,7,13
S01010012,K L M N. Financial real estate professional and administrative activities,17,6,11
S01010012,O P Q. Public administration education and health,57,11,46
S01010012,R S T U. Other,5,2,3
S01010012,Never worked,56,20,36
S01010013,All people aged 16 to 74 not in employment,191,99,92
S01010013,A B D E. Agriculture energy and water,3,2,1
S01010013,C. Manufacturing,11,7,4
S01010013,F. Construction,9,7,2
S01010013,G I. Distribution hotels and restaurants,38,23,15
S01010013,H J. Transport and communication,19,7,12
S01010013,K L M N. Financial real estate professional and administrative activities,25,10,15
S01010013,O P Q. Public administration education and health,41,16,25
S01010013,R S T U. Other,13,7,6
S01010013,Never worked,32,20,12
S01010014,All people aged 16 to 74 not in employment,263,143,120
S01010014,A B D E. Agriculture energy and water,4,3,1
S01010014,C. Manufacturing,17,14,3
S01010014,F. Construction,21,20,1
S01010014,G I. Distribution hotels and restaurants,59,35,24
S01010014,H J. Transport and communication,26,14,12
S01010014,K L M N. Financial real estate professional and administrative activities,25,7,18
S01010014,O P Q. Public administration education and health,39,15,24
S01010014,R S T U. Other,16,8,8
S01010014,Never worked,56,27,29
S01010015,All people aged 16 to 74 not in employment,193,98,95
S01010015,A B D E. Agriculture energy and water,1,1,0
S01010015,C. Manufacturing,9,8,1
S01010015,F. Construction,11,9,2
S01010015,G I. Distribution hotels and restaurants,32,17,15
S01010015,H J. Transport and communication,29,13,16
S01010015,K L M N. Financial real estate professional and administrative activities,19,8,11
S01010015,O P Q. Public administration education and health,34,13,21
S01010015,R S T U. Other,7,2,5
S01010015,Never worked,51,27,24
S01010016,All people aged 16 to 74 not in employment,218,103,115
S01010016,A B D E. Agriculture energy and water,5,3,2
S01010016,C. Manufacturing,19,12,7
S01010016,F. Construction,25,23,2
S01010016,G I. Distribution hotels and restaurants,46,20,26
S01010016,H J. Transport and communication,17,6,11
S01010016,K L M N. Financial real estate professional and administrative activities,18,9,9
S01010016,O P Q. Public administration education and health,38,7,31
S01010016,R S T U. Other,4,0,4
S01010016,Never worked,46,23,23
S01010017,All people aged 16 to 74 not in employment,271,117,154
S01010017,A B D E. Agriculture energy and water,5,3,2
S01010017,C. Manufacturing,18,11,7
S01010017,F. Construction,20,18,2
S01010017,G I. Distribution hotels and restaurants,53,20,33
S01010017,H J. Transport and communication,16,2,14
S01010017,K L M N. Financial real estate professional and administrative activities,28,16,12
S01010017,O P Q. Public administration education and health,45,9,36
S01010017,R S T U. Other,17,5,12
S01010017,Never worked,69,33,36
S01010018,All people aged 16 to 74 not in employment,307,133,174
S01010018,A B D E. Agriculture energy and water,4,2,2
S01010018,C. Manufacturing,39,19,20
S01010018,F. Construction,39,34,5
S01010018,G I. Distribution hotels and restaurants,53,27,26
S01010018,H J. Transport and communication,23,9,14
S01010018,K L M N. Financial real estate professional and administrative activities,30,10,20
S01010018,O P Q. Public administration education and health,52,10,42
S01010018,R S T U. Other,9,3,6
S01010018,Never worked,58,19,39
S01010019,All people aged 16 to 74 not in employment,288,125,163
S01010019,A B D E. Agriculture energy and water,11,7,4
S01010019,C. Manufacturing,23,15,8
S01010019,F. Construction,28,27,1
S01010019,G I. Distribution hotels and restaurants,35,11,24
S01010019,H J. Transport and communication,32,11,21
S01010019,K L M N. Financial real estate professional and administrative activities,32,15,17
S01010019,O P Q. Public administration education and health,43,4,39
S01010019,R S T U. Other,13,7,6
S01010019,Never worked,71,28,43
S01010020,All people aged 16 to 74 not in employment,226,105,121
S01010020,A B D E. Agriculture energy and water,3,2,1
S01010020,C. Manufacturing,28,10,18
S01010020,F. Construction,22,21,1
S01010020,G I. Distribution hotels and restaurants,36,24,12
S01010020,H J. Transport and communication,30,10,20
S01010020,K L M N. Financial real estate professional and administrative activities,18,6,12
S01010020,O P Q. Public administration education and health,28,5,23
S01010020,R S T U. Other,11,2,9
S01010020,Never worked,50,25,25
S01010021,All people aged 16 to 74 not in employment,374,188,186
S01010021,A B D E. Agriculture energy and water,5,3,2
S01010021,C. Manufacturing,18,9,9
S01010021,F. Construction,36,33,3
S01010021,G I. Distribution hotels and restaurants,60,34,26
S01010021,H J. Transport and communication,42,18,24
S01010021,K L M N. Financial real estate professional and administrative activities,40,19,21
S01010021,O P Q. Public administration education and health,36,15,21
S01010021,R S T U. Other,9,6,3
S01010021,Never worked,128,51,77
S01010022,All people aged 16 to 74 not in employment,388,181,207
S01010022,A B D E. Agriculture energy and water,10,7,3
S01010022,C. Manufacturing,52,27,25
S01010022,F. Construction,41,41,0
S01010022,G I. Distribution hotels and restaurants,51,23,28
S01010022,H J. Transport and communication,29,8,21
S01010022,K L M N. Financial real estate professional and administrative activities,35,17,18
S01010022,O P Q. Public administration education and health,70,13,57
S01010022,R S T U. Other,11,4,7
S01010022,Never worked,89,41,48
S01010023,All people aged 16 to 74 not in employment,293,137,156
S01010023,A B D E. Agriculture energy and water,4,3,1
S01010023,C. Manufacturing,34,24,10
S01010023,F. Construction,44,42,2
S01010023,G I. Distribution hotels and restaurants,58,25,33
S01010023,H J. Transport and communication,17,7,10
S01010023,K L M N. Financial real estate professional and administrative activities,19,7,12
S01010023,O P Q. Public administration education and health,48,8,40
S01010023,R S T U. Other,6,1,5
S01010023,Never worked,63,20,43
S01010024,All people aged 16 to 74 not in employment,274,149,125
S01010024,A B D E. Agriculture energy and water,3,2,1
S01010024,C. Manufacturing,29,20,9
S01010024,F. Construction,28,25,3
S01010024,G I. Distribution hotels and restaurants,47,24,23
S01010024,H J. Transport and communication,30,19,11
S01010024,K L M N. Financial real estate professional and administrative activities,19,8,11
S01010024,O P Q. Public administration education and health,47,10,37
S01010024,R S T U. Other,9,3,6
S01010024,Never worked,62,38,24
S01010025,All people aged 16 to 74 not in employment,255,133,122
S01010025,A B D E. Agriculture energy and water,2,2,0
S01010025,C. Manufacturing,27,12,15
S01010025,F. Construction,28,27,1
S01010025,G I. Distribution hotels and restaurants,47,24,23
S01010025,H J. Transport and communication,22,13,9
S01010025,K L M N. Financial real estate professional and administrative activities,23,13,10
S01010025,O P Q. Public administration education and health,28,5,23
S01010025,R S T U. Other,12,4,8
S01010025,Never worked,66,33,33
S01010026,All people aged 16 to 74 not in employment,313,153,160
S01010026,A B D E. Agriculture energy and water,5,2,3
S01010026,C. Manufacturing,20,9,11
S01010026,F. Construction,29,28,1
S01010026,G I. Distribution hotels and restaurants,60,33,27
S01010026,H J. Transport and communication,31,14,17
S01010026,K L M N. Financial real estate professional and administrative activities,32,10,22
S01010026,O P Q. Public administration education and health,42,15,27
S01010026,R S T U. Other,8,6,2
S01010026,Never worked,86,36,50
S01010027,All people aged 16 to 74 not in employment,294,149,145
S01010027,A B D E. Agriculture energy and water,3,0,3
S01010027,C. Manufacturing,23,10,13
S01010027,F. Construction,34,32,2
S01010027,G I. Distribution hotels and restaurants,51,23,28
S01010027,H J. Transport and communication,26,16,10
S01010027,K L M N. Financial real estate professional and administrative activities,17,9,8
S01010027,O P Q. Public administration education and health,48,8,40
S01010027,R S T U. Other,8,3,5
S01010027,Never worked,84,48,36
S01010028,All people aged 16 to 74 not in employment,229,122,107
S01010028,A B D E. Agriculture energy and water,4,4,0
S01010028,C. Manufacturing,31,20,11
S01010028,F. Construction,25,24,1
S01010028,G I. Distribution hotels and restaurants,43,23,20
S01010028,H J. Transport and communication,21,8,13
S01010028,K L M N. Financial real estate professional and administrative activities,13,6,7
S01010028,O P Q. Public administration education and health,30,7,23
S01010028,R S T U. Other,8,5,3
S01010028,Never worked,54,25,29
S01010029,All people aged 16 to 74 not in employment,300,162,138
S01010029,A B D E. Agriculture energy and water,10,8,2
S01010029,C. Manufacturing,41,23,18
S01010029,F. Construction,47,46,1
S01010029,G I. Distribution hotels and restaurants,48,30,18
S01010029,H J. Transport and communication,19,7,12
S01010029,K L M N. Financial real estate professional and administrative activities,27,8,19
S01010029,O P Q. Public administration education and health,49,13,36
S01010029,R S T U. Other,8,3,5
S01010029,Never worked,51,24,27
S01010030,All people aged 16 to 74 not in employment,222,99,123
S01010030,A B D E. Agriculture energy and water,6,3,3
S01010030,C. Manufacturing,13,4,9
S01010030,F. Construction,22,19,3
S01010030,G I. Distribution hotels and restaurants,38,16,22
S01010030,H J. Transport and communication,29,9,20
S01010030,K L M N. Financial real estate professional and administrative activities,21,7,14
S01010030,O P Q. Public administration education and health,36,12,24
S01010030,R S T U. Other,8,1,7
S01010030,Never worked,49,28,21
S01010031,All people aged 16 to 74 not in employment,243,166,77
S01010031,A B D E. Agriculture energy and water,7,7,0
S01010031,C. Manufacturing,10,10,0
S01010031,F. Construction,13,11,2
S01010031,G I. Distribution hotels and restaurants,31,17,14
S01010031,H J. Transport and communication,57,40,17
S01010031,K L M N. Financial real estate professional and administrative activities,26,20,6
S01010031,O P Q. Public administration education and health,25,13,12
S01010031,R S T U. Other,14,9,5
S01010031,Never worked,60,39,21
S01010032,All people aged 16 to 74 not in employment,408,340,68
S01010032,A B D E. Agriculture energy and water,2,2,0
S01010032,C. Manufacturing,15,13,2
S01010032,F. Construction,20,19,1
S01010032,G I. Distribution hotels and restaurants,42,32,10
S01010032,H J. Transport and communication,47,32,15
S01010032,K L M N. Financial real estate professional and administrative activities,30,21,9
S01010032,O P Q. Public administration education and health,23,15,8
S01010032,R S T U. Other,9,6,3
S01010032,Never worked,220,200,20
S01010033,All people aged 16 to 74 not in employment,344,182,162
S01010033,A B D E. Agriculture energy and water,5,5,0
S01010033,C. Manufacturing,18,13,5
S01010033,F. Construction,33,33,0
S01010033,G I. Distribution hotels and restaurants,53,30,23
S01010033,H J. Transport and communication,37,15,22
S01010033,K L M N. Financial real estate professional and administrative activities,27,17,10
S01010033,O P Q. Public administration education and health,55,14,41
S01010033,R S T U. Other,5,0,5
S01010033,Never worked,111,55,56
S01010034,All people aged 16 to 74 not in employment,432,244,188
S01010034,A B D E. Agriculture energy and water,8,6,2
S01010034,C. Manufacturing,53,21,32
S01010034,F. Construction,36,34,2
S01010034,G I. Distribution hotels and restaurants,85,65,20
S01010034,H J. Transport and communication,50,17,33
S01010034,K L M N. Financial real estate professional and administrative activities,41,22,19
S01010034,O P Q. Public administration education and health,49,16,33
S01010034,R S T U. Other,10,3,7
S01010034,Never worked,100,60,40
S01010035,All people aged 16 to 74 not in employment,318,187,131
S01010035,A B D E. Agriculture energy and water,1,1,0
S01010035,C. Manufacturing,33,22,11
S01010035,F. Construction,20,20,0
S01010035,G I. Distribution hotels and restaurants,40,22,18
S01010035,H J. Transport and communication,28,23,5
S01010035,K L M N. Financial real estate professional and administrative activities,32,18,14
S01010035,O P Q. Public administration education and health,37,20,17
S01010035,R S T U. Other,8,4,4
S01010035,Never worked,119,57,62
S01010036,All people aged 16 to 74 not in employment,275,164,111
S01010036,A B D E. Agriculture energy and water,4,4,0
S01010036,C. Manufacturing,8,8,0
S01010036,F. Construction,6,4,2
S01010036,G I. Distribution hotels and restaurants,42,21,21
S01010036,H J. Transport and communication,50,29,21
S01010036,K L M N. Financial real estate professional and administrative activities,31,20,11
S01010036,O P Q. Public administration education and health,28,18,10
S01010036,R S T U. Other,4,3,1
S01010036,Never worked,102,57,45
S01010037,All people aged 16 to 74 not in employment,280,127,153
S01010037,A B D E. Agriculture energy and water,3,2,1
S01010037,C. Manufacturing,41,21,20
S01010037,F. Construction,28,27,1
S01010037,G I. Distribution hotels and restaurants,47,25,22
S01010037,H J. Transport and communication,19,5,14
S01010037,K L M N. Financial real estate professional and administrative activities,30,14,16
S01010037,O P Q. Public administration education and health,46,10,36
S01010037,R S T U. Other,12,4,8
S01010037,Never worked,54,19,35
S01010038,All people aged 16 to 74 not in employment,385,201,184
S01010038,A B D E. Agriculture energy and water,9,4,5
S01010038,C. Manufacturing,55,26,29
S01010038,F. Construction,39,35,4
S01010038,G I. Distribution hotels and restaurants,55,32,23
S01010038,H J. Transport and communication,29,15,14
S01010038,K L M N. Financial real estate professional and administrative activities,36,20,16
S01010038,O P Q. Public administration education and health,55,21,34
S01010038,R S T U. Other,12,4,8
S01010038,Never worked,95,44,51
S01010039,All people aged 16 to 74 not in employment,305,176,129
S01010039,A B D E. Agriculture energy and water,8,5,3
S01010039,C. Manufacturing,14,10,4
S01010039,F. Construction,19,17,2
S01010039,G I. Distribution hotels and restaurants,37,21,16
S01010039,H J. Transport and communication,42,20,22
S01010039,K L M N. Financial real estate professional and administrative activities,48,30,18
S01010039,O P Q. Public administration education and health,42,14,28
S01010039,R S T U. Other,5,4,1
S01010039,Never worked,90,55,35
S01010040,All people aged 16 to 74 not in employment,217,114,103
S01010040,A B D E. Agriculture energy and water,3,3,0
S01010040,C. Manufacturing,18,5,13
S01010040,F. Construction,26,24,2
S01010040,G I. Distribution hotels and restaurants,38,18,20
S01010040,H J. Transport and communication,21,10,11
S01010040,K L M N. Financial real estate professional and administrative activities,29,14,15
S01010040,O P Q. Public administration education and health,31,13,18
S01010040,R S T U. Other,11,4,7
S01010040,Never worked,40,23,17
S01010041,All people aged 16 to 74 not in employment,236,154,82
S01010041,A B D E. Agriculture energy and water,13,9,4
S01010041,C. Manufacturing,20,12,8
S01010041,F. Construction,25,24,1
S01010041,G I. Distribution hotels and restaurants,23,14,9
S01010041,H J. Transport and communication,31,20,11
S01010041,K L M N. Financial real estate professional and administrative activities,34,26,8
S01010041,O P Q. Public administration education and health,30,14,16
S01010041,R S T U. Other,3,3,0
S01010041,Never worked,57,32,25
S01010042,All people aged 16 to 74 not in employment,328,171,157
S01010042,A B D E. Agriculture energy and water,5,2,3
S01010042,C. Manufacturing,30,16,14
S01010042,F. Construction,27,25,2
S01010042,G I. Distribution hotels and restaurants,62,33,29
S01010042,H J. Transport and communication,49,20,29
S01010042,K L M N. Financial real estate professional and administrative activities,33,21,12
S01010042,O P Q. Public administration education and health,38,20,18
S01010042,R S T U. Other,10,7,3
S01010042,Never worked,74,27,47
S01010043,All people aged 16 to 74 not in employment,295,155,140
S01010043,A B D E. Agriculture energy and water,2,1,1
S01010043,C. Manufacturing,34,14,20
S01010043,F. Construction,28,27,1
S01010043,G I. Distribution hotels and restaurants,65,39,26
S01010043,H J. Transport and communication,27,16,11
S01010043,K L M N. Financial real estate professional and administrative activities,33,18,15
S01010043,O P Q. Public administration education and health,29,10,19
S01010043,R S T U. Other,13,7,6
S01010043,Never worked,64,23,41
S01010044,All people aged 16 to 74 not in employment,368,171,197
S01010044,A B D E. Agriculture energy and water,9,5,4
S01010044,C. Manufacturing,49,20,29
S01010044,F. Construction,38,36,2
S01010044,G I. Distribution hotels and restaurants,60,32,28
S01010044,H J. Transport and communication,26,7,19
S01010044,K L M N. Financial real estate professional and administrative activities,40,16,24
S01010044,O P Q. Public administration education and health,44,11,33
S01010044,R S T U. Other,9,3,6
S01010044,Never worked,93,41,52
S01010045,All people aged 16 to 74 not in employment,234,106,128
S01010045,A B D E. Agriculture energy and water,4,2,2
S01010045,C. Manufacturing,33,17,16
S01010045,F. Construction,15,14,1
S01010045,G I. Distribution hotels and restaurants,36,21,15
S01010045,H J. Transport and communication,17,5,12
S01010045,K L M N. Financial real estate professional and administrative activities,26,12,14
S01010045,O P Q. Public administration education and health,26,2,24
S01010045,R S T U. Other,12,1,11
S01010045,Never worked,65,32,33
S01010046,All people aged 16 to 74 not in employment,305,135,170
S01010046,A B D E. Agriculture energy and water,4,2,2
S01010046,C. Manufacturing,48,20,28
S01010046,F. Construction,22,21,1
S01010046,G I. Distribution hotels and restaurants,51,25,26
S01010046,H J. Transport and communication,20,9,11
S01010046,K L M N. Financial real estate professional and administrative activities,37,11,26
S01010046,O P Q. Public administration education and health,46,10,36
S01010046,R S T U. Other,10,6,4
S01010046,Never worked,67,31,36
S01010047,All people aged 16 to 74 not in employment,360,184,176
S01010047,A B D E. Agriculture energy and water,14,11,3
S01010047,C. Manufacturing,54,21,33
S01010047,F. Construction,27,22,5
S01010047,G I. Distribution hotels and restaurants,76,43,33
S01010047,H J. Transport and communication,24,9,15
S01010047,K L M N. Financial real estate professional and administrative activities,26,9,17
S01010047,O P Q. Public administration education and health,35,13,22
S01010047,R S T U. Other,14,3,11
S01010047,Never worked,90,53,37
S01010048,All people aged 16 to 74 not in employment,404,188,216
S01010048,A B D E. Agriculture energy and water,9,7,2
S01010048,C. Manufacturing,68,27,41
S01010048,F. Construction,39,35,4
S01010048,G I. Distribution hotels and restaurants,69,31,38
S01010048,H J. Transport and communication,34,11,23
S01010048,K L M N. Financial real estate professional and administrative activities,29,18,11
S01010048,O P Q. Public administration education and health,64,16,48
S01010048,R S T U. Other,20,9,11
S01010048,Never worked,72,34,38
S01010049,All people aged 16 to 74 not in employment,309,125,184
S01010049,A B D E. Agriculture energy and water,7,3,4
S01010049,C. Manufacturing,42,16,26
S01010049,F. Construction,20,20,0
S01010049,G I. Distribution hotels and restaurants,53,24,29
S01010049,H J. Transport and communication,18,6,12
S01010049,K L M N. Financial real estate professional and administrative activities,29,11,18
S01010049,O P Q. Public administration education and health,49,10,39
S01010049,R S T U. Other,9,4,5
S01010049,Never worked,82,31,51
S01010050,All people aged 16 to 74 not in employment,431,248,183
S01010050,A B D E. Agriculture energy and water,9,8,1
S01010050,C. Manufacturing,54,35,19
S01010050,F. Construction,45,45,0
S01010050,G I. Distribution hotels and restaurants,68,33,35
S01010050,H J. Transport and communication,36,10,26
S01010050,K L M N. Financial real estate professional and administrative activities,32,22,10
S01010050,O P Q. Public administration education and health,46,15,31
S01010050,R S T U. Other,21,13,8
S01010050,Never worked,120,67,53
S01010051,All people aged 16 to 74 not in employment,306,155,151
S01010051,A B D E. Agriculture energy and water,7,2,5
S01010051,C. Manufacturing,32,16,16
S01010051,F. Construction,29,29,0
S01010051,G I. Distribution hotels and restaurants,41,19,22
S01010051,H J. Transport and communication,38,21,17
S01010051,K L M N. Financial real estate professional and administrative activities,27,11,16
S01010051,O P Q. Public administration education and health,43,15,28
S01010051,R S T U. Other,9,3,6
S01010051,Never worked,80,39,41
S01010052,All people aged 16 to 74 not in employment,268,139,129
S01010052,A B D E. Agriculture energy and water,9,7,2
S01010052,C. Manufacturing,33,23,10
S01010052,F. Construction,21,20,1
S01010052,G I. Distribution hotels and restaurants,34,21,13
S01010052,H J. Transport and communication,30,7,23
S01010052,K L M N. Financial real estate professional and administrative activities,27,17,10
S01010052,O P Q. Public administration education and health,42,14,28
S01010052,R S T U. Other,13,3,10
S01010052,Never worked,59,27,32
S01010053,All people aged 16 to 74 not in employment,323,135,188
S01010053,A B D E. Agriculture energy and water,4,3,1
S01010053,C. Manufacturing,37,16,21
S01010053,F. Construction,30,27,3
S01010053,G I. Distribution hotels and restaurants,48,18,30
S01010053,H J. Transport and communication,20,4,16
S01010053,K L M N. Financial real estate professional and administrative activities,35,14,21
S01010053,O P Q. Public administration education and health,40,11,29
S01010053,R S T U. Other,13,6,7
S01010053,Never worked,96,36,60
S01010054,All people aged 16 to 74 not in employment,250,105,145
S01010054,A B D E. Agriculture energy and water,2,1,1
S01010054,C. Manufacturing,32,12,20
S01010054,F. Construction,13,11,2
S01010054,G I. Distribution hotels and restaurants,42,17,25
S01010054,H J. Transport and communication,9,3,6
S01010054,K L M N. Financial real estate professional and administrative activities,26,13,13
S01010054,O P Q. Public administration education and health,20,4,16
S01010054,R S T U. Other,12,3,9
S01010054,Never worked,94,41,53
S01010055,All people aged 16 to 74 not in employment,461,286,175
S01010055,A B D E. Agriculture energy and water,13,8,5
S01010055,C. Manufacturing,49,36,13
S01010055,F. Construction,41,37,4
S01010055,G I. Distribution hotels and restaurants,79,45,34
S01010055,H J. Transport and communication,49,28,21
S01010055,K L M N. Financial real estate professional and administrative activities,38,28,10
S01010055,O P Q. Public administration education and health,54,26,28
S01010055,R S T U. Other,21,10,11
S01010055,Never worked,117,68,49
S01010056,All people aged 16 to 74 not in employment,181,84,97
S01010056,A B D E. Agriculture energy and water,5,3,2
S01010056,C. Manufacturing,19,9,10
S01010056,F. Construction,24,23,1
S01010056,G I. Distribution hotels and restaurants,26,13,13
S01010056,H J. Transport and communication,25,9,16
S01010056,K L M N. Financial real estate professional and administrative activities,17,8,9
S01010056,O P Q. Public administration education and health,20,2,18
S01010056,R S T U. Other,2,0,2
S01010056,Never worked,43,17,26
S01010057,All people aged 16 to 74 not in employment,122,51,71
S01010057,A B D E. Agriculture energy and water,1,0,1
S01010057,C. Manufacturing,14,7,7
S01010057,F. Construction,5,5,0
S01010057,G I. Distribution hotels and restaurants,20,9,11
S01010057,H J. Transport and communication,6,2,4
S01010057,K L M N. Financial real estate professional and administrative activities,20,9,11
S01010057,O P Q. Public administration education and health,17,4,13
S01010057,R S T U. Other,3,1,2
S01010057,Never worked,36,14,22
S01010058,All people aged 16 to 74 not in employment,277,124,153
S01010058,A B D E. Agriculture energy and water,5,4,1
S01010058,C. Manufacturing,37,13,24
S01010058,F. Construction,20,20,0
S01010058,G I. Distribution hotels and restaurants,59,30,29
S01010058,H J. Transport and communication,17,6,11
S01010058,K L M N. Financial real estate professional and administrative activities,21,5,16
S01010058,O P Q. Public administration education and health,43,12,31
S01010058,R S T U. Other,9,1,8
S01010058,Never worked,66,33,33
S01010059,All people aged 16 to 74 not in employment,180,97,83
S01010059,A B D E. Agriculture energy and water,3,3,0
S01010059,C. Manufacturing,28,13,15
S01010059,F. Construction,21,21,0
S01010059,G I. Distribution hotels and restaurants,39,24,15
S01010059,H J. Transport and communication,16,4,12
S01010059,K L M N. Financial real estate professional and administrative activities,16,7,9
S01010059,O P Q. Public administration education and health,21,5,16
S01010059,R S T U. Other,7,5,2
S01010059,Never worked,29,15,14
S01010060,All people aged 16 to 74 not in employment,328,163,165
S01010060,A B D E. Agriculture energy and water,2,2,0
S01010060,C. Manufacturing,49,26,23
S01010060,F. Construction,22,20,2
S01010060,G I. Distribution hotels and restaurants,65,42,23
S01010060,H J. Transport and communication,23,11,12
S01010060,K L M N. Financial real estate professional and administrative activities,34,17,17
S01010060,O P Q. Public administration education and health,40,7,33
S01010060,R S T U. Other,11,4,7
S01010060,Never worked,82,34,48
S01010061,All people aged 16 to 74 not in employment,133,75,58
S01010061,A B D E. Agriculture energy and water,2,0,2
S01010061,C. Manufacturing,16,9,7
S01010061,F. Construction,10,9,1
S01010061,G I. Distribution hotels and restaurants,29,21,8
S01010061,H J. Transport and communication,10,4,6
S01010061,K L M N. Financial real estate professional and administrative activities,8,4,4
S01010061,O P Q. Public administration education and health,19,4,15
S01010061,R S T U. Other,7,4,3
S01010061,Never worked,32,20,12
S01010062,All people aged 16 to 74 not in employment,253,110,143
S01010062,A B D E. Agriculture energy and water,1,1,0
S01010062,C. Manufacturing,26,12,14
S01010062,F. Construction,21,19,2
S01010062,G I. Distribution hotels and restaurants,55,23,32
S01010062,H J. Transport and communication,18,5,13
S01010062,K L M N. Financial real estate professional and administrative activities,21,8,13
S01010062,O P Q. Public administration education and health,51,20,31
S01010062,R S T U. Other,10,2,8
S01010062,Never worked,50,20,30
S01010063,All people aged 16 to 74 not in employment,393,205,188
S01010063,A B D E. Agriculture energy and water,10,8,2
S01010063,C. Manufacturing,40,20,20
S01010063,F. Construction,47,44,3
S01010063,G I. Distribution hotels and restaurants,74,39,35
S01010063,H J. Transport and communication,41,17,24
S01010063,K L M N. Financial real estate professional and administrative activities,31,15,16
S01010063,O P Q. Public administration education and health,53,15,38
S01010063,R S T U. Other,15,8,7
S01010063,Never worked,82,39,43
S01010064,All people aged 16 to 74 not in employment,167,75,92
S01010064,A B D E. Agriculture energy and water,1,1,0
S01010064,C. Manufacturing,25,12,13
S01010064,F. Construction,13,11,2
S01010064,G I. Distribution hotels and restaurants,27,13,14
S01010064,H J. Transport and communication,11,1,10
S01010064,K L M N. Financial real estate professional and administrative activities,18,7,11
S01010064,O P Q. Public administration education and health,24,7,17
S01010064,R S T U. Other,8,5,3
S01010064,Never worked,40,18,22
S01010065,All people aged 16 to 74 not in employment,301,126,175
S01010065,A B D E. Agriculture energy and water,5,3,2
S01010065,C. Manufacturing,48,16,32
S01010065,F. Construction,37,33,4
S01010065,G I. Distribution hotels and restaurants,50,18,32
S01010065,H J. Transport and communication,17,3,14
S01010065,K L M N. Financial real estate professional and administrative activities,16,7,9
S01010065,O P Q. Public administration education and health,49,12,37
S01010065,R S T U. Other,17,7,10
S01010065,Never worked,62,27,35
S01010066,All people aged 16 to 74 not in employment,324,132,192
S01010066,A B D E. Agriculture energy and water,3,3,0
S01010066,C. Manufacturing,44,21,23
S01010066,F. Construction,35,32,3
S01010066,G I. Distribution hotels and restaurants,60,24,36
S01010066,H J. Transport and communication,28,6,22
S01010066,K L M N. Financial real estate professional and administrative activities,26,10,16
S01010066,O P Q. Public administration education and health,37,6,31
S01010066,R S T U. Other,11,2,9
S01010066,Never worked,80,28,52
S01010067,All people aged 16 to 74 not in employment,254,107,147
S01010067,A B D E. Agriculture energy and water,6,2,4
S01010067,C. Manufacturing,42,18,24
S01010067,F. Construction,20,19,1
S01010067,G I. Distribution hotels and restaurants,39,17,22
S01010067,H J. Transport and communication,23,6,17
S01010067,K L M N. Financial real estate professional and administrative activities,29,13,16
S01010067,O P Q. Public administration education and health,33,9,24
S01010067,R S T U. Other,5,2,3
S01010067,Never worked,57,21,36
S01010068,All people aged 16 to 74 not in employment,190,91,99
S01010068,A B D E. Agriculture energy and water,3,1,2
S01010068,C. Manufacturing,26,17,9
S01010068,F. Construction,21,17,4
S01010068,G I. Distribution hotels and restaurants,31,13,18
S01010068,H J. Transport and communication,20,4,16
S01010068,K L M N. Financial real estate professional and administrative activities,11,8,3
S01010068,O P Q. Public administration education and health,37,14,23
S01010068,R S T U. Other,8,3,5
S01010068,Never worked,33,14,19
S01010069,All people aged 16 to 74 not in employment,167,79,88
S01010069,A B D E. Agriculture energy and water,2,2,0
S01010069,C. Manufacturing,26,12,14
S01010069,F. Construction,20,19,1
S01010069,G I. Distribution hotels and restaurants,26,18,8
S01010069,H J. Transport and communication,8,3,5
S01010069,K L M N. Financial real estate professional and administrative activities,13,2,11
S01010069,O P Q. Public administration education and health,43,10,33
S01010069,R S T U. Other,3,2,1
S01010069,Never worked,26,11,15
S01010070,All people aged 16 to 74 not in employment,130,51,79
S01010070,A B D E. Agriculture energy and water,2,1,1
S01010070,C. Manufacturing,15,6,9
S01010070,F. Construction,9,8,1
S01010070,G I. Distribution hotels and restaurants,29,9,20
S01010070,H J. Transport and communication,13,4,9
S01010070,K L M N. Financial real estate professional and administrative activities,9,3,6
S01010070,O P Q. Public administration education and health,22,3,19
S01010070,R S T U. Other,8,7,1
S01010070,Never worked,23,10,13
S01010071,All people aged 16 to 74 not in employment,228,99,129
S01010071,A B D E. Agriculture energy and water,2,1,1
S01010071,C. Manufacturing,35,13,22
S01010071,F. Construction,25,25,0
S01010071,G I. Distribution hotels and restaurants,45,20,25
S01010071,H J. Transport and communication,11,5,6
S01010071,K L M N. Financial real estate professional and administrative activities,21,4,17
S01010071,O P Q. Public administration education and health,32,5,27
S01010071,R S T U. Other,8,4,4
S01010071,Never worked,49,22,27
S01010072,All people aged 16 to 74 not in employment,223,100,123
S01010072,A B D E. Agriculture energy and water,3,3,0
S01010072,C. Manufacturing,27,15,12
S01010072,F. Construction,21,19,2
S01010072,G I. Distribution hotels and restaurants,47,19,28
S01010072,H J. Transport and communication,20,7,13
S01010072,K L M N. Financial real estate professional and administrative activities,25,15,10
S01010072,O P Q. Public administration education and health,44,12,32
S01010072,R S T U. Other,6,0,6
S01010072,Never worked,30,10,20
S01010073,All people aged 16 to 74 not in employment,184,88,96
S01010073,A B D E. Agriculture energy and water,2,2,0
S01010073,C. Manufacturing,24,12,12
S01010073,F. Construction,14,13,1
S01010073,G I. Distribution hotels and restaurants,32,16,16
S01010073,H J. Transport and communication,12,3,9
S01010073,K L M N. Financial real estate professional and administrative activities,11,5,6
S01010073,O P Q. Public administration education and health,51,15,36
S01010073,R S T U. Other,7,5,2
S01010073,Never worked,31,17,14
S01010074,All people aged 16 to 74 not in employment,213,90,123
S01010074,A B D E. Agriculture energy and water,5,3,2
S01010074,C. Manufacturing,19,10,9
S01010074,F. Construction,19,18,1
S01010074,G I. Distribution hotels and restaurants,37,18,19
S01010074,H J. Transport and communication,11,6,5
S01010074,K L M N. Financial real estate professional and administrative activities,30,9,21
S01010074,O P Q. Public administration education and health,51,10,41
S01010074,R S T U. Other,7,2,5
S01010074,Never worked,34,14,20
S01010075,All people aged 16 to 74 not in employment,217,96,121
S01010075,A B D E. Agriculture energy and water,2,1,1
S01010075,C. Manufacturing,34,11,23
S01010075,F. Construction,23,23,0
S01010075,G I. Distribution hotels and restaurants,53,24,29
S01010075,H J. Transport and communication,13,1,12
S01010075,K L M N. Financial real estate professional and administrative activities,8,6,2
S01010075,O P Q. Public administration education and health,41,9,32
S01010075,R S T U. Other,6,1,5
S01010075,Never worked,37,20,17
S01010076,All people aged 16 to 74 not in employment,207,91,116
S01010076,A B D E. Agriculture energy and water,3,1,2
S01010076,C. Manufacturing,40,14,26
S01010076,F. Construction,16,15,1
S01010076,G I. Distribution hotels and restaurants,36,16,20
S01010076,H J. Transport and communication,13,4,9
S01010076,K L M N. Financial real estate professional and administrative activities,13,6,7
S01010076,O P Q. Public administration education and health,31,7,24
S01010076,R S T U. Other,17,8,9
S01010076,Never worked,38,20,18
S01010077,All people aged 16 to 74 not in employment,235,106,129
S01010077,A B D E. Agriculture energy and water,5,4,1
S01010077,C. Manufacturing,41,17,24
S01010077,F. Construction,32,30,2
S01010077,G I. Distribution hotels and restaurants,43,23,20
S01010077,H J. Transport and communication,11,1,10
S01010077,K L M N. Financial real estate professional and administrative activities,11,4,7
S01010077,O P Q. Public administration education and health,43,8,35
S01010077,R S T U. Other,6,5,1
S01010077,Never worked,43,14,29
S01010078,All people aged 16 to 74 not in employment,147,66,81
S01010078,A B D E. Agriculture energy and water,1,1,0
S01010078,C. Manufacturing,17,7,10
S01010078,F. Construction,10,10,0
S01010078,G I. Distribution hotels and restaurants,29,13,16
S01010078,H J. Transport and communication,9,7,2
S01010078,K L M N. Financial real estate professional and administrative activities,14,7,7
S01010078,O P Q. Public administration education and health,32,9,23
S01010078,R S T U. Other,7,2,5
S01010078,Never worked,28,10,18
S01010079,All people aged 16 to 74 not in employment,231,99,132
S01010079,A B D E. Agriculture energy and water,0,0,0
S01010079,C. Manufacturing,27,11,16
S01010079,F. Construction,20,16,4
S01010079,G I. Distribution hotels and restaurants,49,24,25
S01010079,H J. Transport and communication,16,9,7
S01010079,K L M N. Financial real estate professional and administrative activities,16,3,13
S01010079,O P Q. Public administration education and health,56,14,42
S01010079,R S T U. Other,8,0,8
S01010079,Never worked,39,22,17
S01010080,All people aged 16 to 74 not in employment,192,83,109
S01010080,A B D E. Agriculture energy and water,7,6,1
S01010080,C. Manufacturing,33,16,17
S01010080,F. Construction,11,9,2
S01010080,G I. Distribution hotels and restaurants,31,14,17
S01010080,H J. Transport and communication,12,7,5
S01010080,K L M N. Financial real estate professional and administrative activities,27,6,21
S01010080,O P Q. Public administration education and health,49,13,36
S01010080,R S T U. Other,6,3,3
S01010080,Never worked,16,9,7
S01010081,All people aged 16 to 74 not in employment,214,89,125
S01010081,A B D E. Agriculture energy and water,3,1,2
S01010081,C. Manufacturing,25,14,11
S01010081,F. Construction,16,12,4
S01010081,G I. Distribution hotels and restaurants,43,19,24
S01010081,H J. Transport and communication,16,11,5
S01010081,K L M N. Financial real estate professional and administrative activities,21,5,16
S01010081,O P Q. Public administration education and health,50,11,39
S01010081,R S T U. Other,4,1,3
S01010081,Never worked,36,15,21
S01010082,All people aged 16 to 74 not in employment,225,97,128
S01010082,A B D E. Agriculture energy and water,1,0,1
S01010082,C. Manufacturing,26,11,15
S01010082,F. Construction,22,18,4
S01010082,G I. Distribution hotels and restaurants,46,20,26
S01010082,H J. Transport and communication,19,1,18
S01010082,K L M N. Financial real estate professional and administrative activities,27,9,18
S01010082,O P Q. Public administration education and health,45,15,30
S01010082,R S T U. Other,2,1,1
S01010082,Never worked,37,22,15
S01010083,All people aged 16 to 74 not in employment,273,125,148
S01010083,A B D E. Agriculture energy and water,4,3,1
S01010083,C. Manufacturing,37,13,24
S01010083,F. Construction,30,27,3
S01010083,G I. Distribution hotels and restaurants,57,27,30
S01010083,H J. Transport and communication,19,9,10
S01010083,K L M N. Financial real estate professional and administrative activities,16,7,9
S01010083,O P Q. Public administration education and health,46,11,35
S01010083,R S T U. Other,10,2,8
S01010083,Never worked,54,26,28
S01010084,All people aged 16 to 74 not in employment,304,142,162
S01010084,A B D E. Agriculture energy and water,7,4,3
S01010084,C. Manufacturing,36,17,19
S01010084,F. Construction,29,27,2
S01010084,G I. Distribution hotels and restaurants,63,32,31
S01010084,H J. Transport and communication,18,6,12
S01010084,K L M N. Financial real estate professional and administrative activities,24,11,13
S01010084,O P Q. Public administration education and health,54,11,43
S01010084,R S T U. Other,16,6,10
S01010084,Never worked,57,28,29
S01010085,All people aged 16 to 74 not in employment,213,85,128
S01010085,A B D E. Agriculture energy and water,5,2,3
S01010085,C. Manufacturing,23,11,12
S01010085,F. Construction,27,24,3
S01010085,G I. Distribution hotels and restaurants,41,13,28
S01010085,H J. Transport and communication,17,4,13
S01010085,K L M N. Financial real estate professional and administrative activities,29,12,17
S01010085,O P Q. Public administration education and health,47,11,36
S01010085,R S T U. Other,4,0,4
S01010085,Never worked,20,8,12
S01010086,All people aged 16 to 74 not in employment,363,161,202
S01010086,A B D E. Agriculture energy and water,9,8,1
S01010086,C. Manufacturing,52,19,33
S01010086,F. Construction,32,32,0
S01010086,G I. Distribution hotels and restaurants,79,34,45
S01010086,H J. Transport and communication,26,6,20
S01010086,K L M N. Financial real estate professional and administrative activities,32,13,19
S01010086,O P Q. Public administration education and health,55,8,47
S01010086,R S T U. Other,13,8,5
S01010086,Never worked,65,33,32
S01010087,All people aged 16 to 74 not in employment,178,80,98
S01010087,A B D E. Agriculture energy and water,0,0,0
S01010087,C. Manufacturing,30,16,14
S01010087,F. Construction,14,11,3
S01010087,G I. Distribution hotels and restaurants,40,12,28
S01010087,H J. Transport and communication,8,6,2
S01010087,K L M N. Financial real estate professional and administrative activities,17,9,8
S01010087,O P Q. Public administration education and health,46,13,33
S01010087,R S T U. Other,3,0,3
S01010087,Never worked,20,13,7
S01010088,All people aged 16 to 74 not in employment,99,45,54
S01010088,A B D E. Agriculture energy and water,2,1,1
S01010088,C. Manufacturing,5,2,3
S01010088,F. Construction,12,8,4
S01010088,G I. Distribution hotels and restaurants,17,5,12
S01010088,H J. Transport and communication,10,3,7
S01010088,K L M N. Financial real estate professional and administrative activities,11,2,9
S01010088,O P Q. Public administration education and health,6,3,3
S01010088,R S T U. Other,3,1,2
S01010088,Never worked,33,20,13
S01010089,All people aged 16 to 74 not in employment,243,111,132
S01010089,A B D E. Agriculture energy and water,7,5,2
S01010089,C. Manufacturing,19,10,9
S01010089,F. Construction,18,18,0
S01010089,G I. Distribution hotels and restaurants,64,31,33
S01010089,H J. Transport and communication,17,4,13
S01010089,K L M N. Financial real estate professional and administrative activities,25,13,12
S01010089,O P Q. Public administration education and health,45,11,34
S01010089,R S T U. Other,5,3,2
S01010089,Never worked,43,16,27
S01010090,All people aged 16 to 74 not in employment,226,105,121
S01010090,A B D E. Agriculture energy and water,6,6,0
S01010090,C. Manufacturing,22,9,13
S01010090,F. Construction,17,16,1
S01010090,G I. Distribution hotels and restaurants,45,20,25
S01010090,H J. Transport and communication,14,5,9
S01010090,K L M N. Financial real estate professional and administrative activities,16,6,10
S01010090,O P Q. Public administration education and health,54,20,34
S01010090,R S T U. Other,3,1,2
S01010090,Never worked,49,22,27
S01010091,All people aged 16 to 74 not in employment,169,82,87
S01010091,A B D E. Agriculture energy and water,2,2,0
S01010091,C. Manufacturing,11,4,7
S01010091,F. Construction,15,14,1
S01010091,G I. Distribution hotels and restaurants,30,13,17
S01010091,H J. Transport and communication,13,4,9
S01010091,K L M N. Financial real estate professional and administrative activities,13,7,6
S01010091,O P Q. Public administration education and health,36,10,26
S01010091,R S T U. Other,4,1,3
S01010091,Never worked,45,27,18
S01010092,All people aged 16 to 74 not in employment,403,178,225
S01010092,A B D E. Agriculture energy and water,7,5,2
S01010092,C. Manufacturing,37,14,23
S01010092,F. Construction,40,35,5
S01010092,G I. Distribution hotels and restaurants,85,39,46
S01010092,H J. Transport and communication,31,9,22
S01010092,K L M N. Financial real estate professional and administrative activities,34,12,22
S01010092,O P Q. Public administration education and health,64,16,48
S01010092,R S T U. Other,15,5,10
S01010092,Never worked,90,43,47
S01010093,All people aged 16 to 74 not in employment,244,102,142
S01010093,A B D E. Agriculture energy and water,5,3,2
S01010093,C. Manufacturing,22,14,8
S01010093,F. Construction,23,23,0
S01010093,G I. Distribution hotels and restaurants,43,15,28
S01010093,H J. Transport and communication,15,5,10
S01010093,K L M N. Financial real estate professional and administrative activities,37,8,29
S01010093,O P Q. Public administration education and health,47,10,37
S01010093,R S T U. Other,13,6,7
S01010093,Never worked,39,18,21
S01010094,All people aged 16 to 74 not in employment,157,70,87
S01010094,A B D E. Agriculture energy and water,0,0,0
S01010094,C. Manufacturing,10,6,4
S01010094,F. Construction,15,15,0
S01010094,G I. Distribution hotels and restaurants,30,17,13
S01010094,H J. Transport and communication,11,6,5
S01010094,K L M N. Financial real estate professional and administrative activities,21,5,16
S01010094,O P Q. Public administration education and health,37,6,31
S01010094,R S T U. Other,5,1,4
S01010094,Never worked,28,14,14
S01010095,All people aged 16 to 74 not in employment,163,69,94
S01010095,A B D E. Agriculture energy and water,8,5,3
S01010095,C. Manufacturing,16,13,3
S01010095,F. Construction,14,13,1
S01010095,G I. Distribution hotels and restaurants,26,10,16
S01010095,H J. Transport and communication,9,2,7
S01010095,K L M N. Financial real estate professional and administrative activities,25,6,19
S01010095,O P Q. Public administration education and health,39,7,32
S01010095,R S T U. Other,5,3,2
S01010095,Never worked,21,10,11
S01010096,All people aged 16 to 74 not in employment,176,73,103
S01010096,A B D E. Agriculture energy and water,5,5,0
S01010096,C. Manufacturing,12,9,3
S01010096,F. Construction,6,4,2
S01010096,G I. Distribution hotels and restaurants,44,16,28
S01010096,H J. Transport and communication,9,5,4
S01010096,K L M N. Financial real estate professional and administrative activities,24,5,19
S01010096,O P Q. Public administration education and health,32,11,21
S01010096,R S T U. Other,8,3,5
S01010096,Never worked,36,15,21
S01010097,All people aged 16 to 74 not in employment,192,84,108
S01010097,A B D E. Agriculture energy and water,2,0,2
S01010097,C. Manufacturing,26,15,11
S01010097,F. Construction,23,21,2
S01010097,G I. Distribution hotels and restaurants,34,14,20
S01010097,H J. Transport and communication,13,2,11
S01010097,K L M N. Financial real estate professional and administrative activities,14,8,6
S01010097,O P Q. Public administration education and health,35,10,25
S01010097,R S T U. Other,8,1,7
S01010097,Never worked,37,13,24
S01010098,All people aged 16 to 74 not in employment,166,78,88
S01010098,A B D E. Agriculture energy and water,0,0,0
S01010098,C. Manufacturing,20,12,8
S01010098,F. Construction,19,17,2
S01010098,G I. Distribution hotels and restaurants,27,13,14
S01010098,H J. Transport and communication,10,2,8
S01010098,K L M N. Financial real estate professional and administrative activities,15,7,8
S01010098,O P Q. Public administration education and health,38,5,33
S01010098,R S T U. Other,7,2,5
S01010098,Never worked,30,20,10
S01010099,All people aged 16 to 74 not in employment,169,74,95
S01010099,A B D E. Agriculture energy and water,0,0,0
S01010099,C. Manufacturing,20,13,7
S01010099,F. Construction,11,10,1
S01010099,G I. Distribution hotels and restaurants,30,14,16
S01010099,H J. Transport and communication,12,3,9
S01010099,K L M N. Financial real estate professional and administrative activities,16,6,10
S01010099,O P Q. Public administration education and health,47,12,35
S01010099,R S T U. Other,7,2,5
S01010099,Never worked,26,14,12
S01010100,All people aged 16 to 74 not in employment,254,106,148
S01010100,A B D E. Agriculture energy and water,3,2,1
S01010100,C. Manufacturing,23,12,11
S01010100,F. Construction,24,23,1
S01010100,G I. Distribution hotels and restaurants,51,20,31
S01010100,H J. Transport and communication,27,10,17
S01010100,K L M N. Financial real estate professional and administrative activities,17,10,7
S01010100,O P Q. Public administration education and health,59,11,48
S01010100,R S T U. Other,8,4,4
S01010100,Never worked,42,14,28
S01010101,All people aged 16 to 74 not in employment,190,86,104
S01010101,A B D E. Agriculture energy and water,4,3,1
S01010101,C. Manufacturing,24,13,11
S01010101,F. Construction,18,17,1
S01010101,G I. Distribution hotels and restaurants,29,14,15
S01010101,H J. Transport and communication,20,9,11
S01010101,K L M N. Financial real estate professional and administrative activities,20,6,14
S01010101,O P Q. Public administration education and health,47,10,37
S01010101,R S T U. Other,8,4,4
S01010101,Never worked,20,10,10
S01010102,All people aged 16 to 74 not in employment,179,77,102
S01010102,A B D E. Agriculture energy and water,4,3,1
S01010102,C. Manufacturing,10,3,7
S01010102,F. Construction,11,8,3
S01010102,G I. Distribution hotels and restaurants,32,12,20
S01010102,H J. Transport and communication,23,11,12
S01010102,K L M N. Financial real estate professional and administrative activities,16,5,11
S01010102,O P Q. Public administration education and health,30,13,17
S01010102,R S T U. Other,5,1,4
S01010102,Never worked,48,21,27
S01010103,All people aged 16 to 74 not in employment,164,59,105
S01010103,A B D E. Agriculture energy and water,5,4,1
S01010103,C. Manufacturing,9,4,5
S01010103,F. Construction,12,11,1
S01010103,G I. Distribution hotels and restaurants,30,9,21
S01010103,H J. Transport and communication,17,5,12
S01010103,K L M N. Financial real estate professional and administrative activities,18,7,11
S01010103,O P Q. Public administration education and health,33,4,29
S01010103,R S T U. Other,7,1,6
S01010103,Never worked,33,14,19
S01010104,All people aged 16 to 74 not in employment,114,44,70
S01010104,A B D E. Agriculture energy and water,0,0,0
S01010104,C. Manufacturing,7,3,4
S01010104,F. Construction,5,4,1
S01010104,G I. Distribution hotels and restaurants,24,11,13
S01010104,H J. Transport and communication,7,2,5
S01010104,K L M N. Financial real estate professional and administrative activities,10,4,6
S01010104,O P Q. Public administration education and health,23,3,20
S01010104,R S T U. Other,5,1,4
S01010104,Never worked,33,16,17
S01010105,All people aged 16 to 74 not in employment,143,55,88
S01010105,A B D E. Agriculture energy and water,0,0,0
S01010105,C. Manufacturing,16,4,12
S01010105,F. Construction,11,11,0
S01010105,G I. Distribution hotels and restaurants,21,6,15
S01010105,H J. Transport and communication,17,5,12
S01010105,K L M N. Financial real estate professional and administrative activities,9,1,8
S01010105,O P Q. Public administration education and health,18,5,13
S01010105,R S T U. Other,4,1,3
S01010105,Never worked,47,22,25
S01010106,All people aged 16 to 74 not in employment,166,68,98
S01010106,A B D E. Agriculture energy and water,4,3,1
S01010106,C. Manufacturing,14,4,10
S01010106,F. Construction,8,8,0
S01010106,G I. Distribution hotels and restaurants,30,10,20
S01010106,H J. Transport and communication,19,4,15
S01010106,K L M N. Financial real estate professional and administrative activities,23,12,11
S01010106,O P Q. Public administration education and health,25,7,18
S01010106,R S T U. Other,8,4,4
S01010106,Never worked,35,16,19
S01010107,All people aged 16 to 74 not in employment,278,130,148
S01010107,A B D E. Agriculture energy and water,4,3,1
S01010107,C. Manufacturing,22,10,12
S01010107,F. Construction,21,18,3
S01010107,G I. Distribution hotels and restaurants,55,27,28
S01010107,H J. Transport and communication,30,15,15
S01010107,K L M N. Financial real estate professional and administrative activities,29,12,17
S01010107,O P Q. Public administration education and health,45,10,35
S01010107,R S T U. Other,5,1,4
S01010107,Never worked,67,34,33
S01010108,All people aged 16 to 74 not in employment,240,121,119
S01010108,A B D E. Agriculture energy and water,8,8,0
S01010108,C. Manufacturing,35,19,16
S01010108,F. Construction,24,23,1
S01010108,G I. Distribution hotels and restaurants,47,24,23
S01010108,H J. Transport and communication,20,6,14
S01010108,K L M N. Financial real estate professional and administrative activities,28,17,11
S01010108,O P Q. Public administration education and health,29,5,24
S01010108,R S T U. Other,8,4,4
S01010108,Never worked,41,15,26
S01010109,All people aged 16 to 74 not in employment,237,120,117
S01010109,A B D E. Agriculture energy and water,2,2,0
S01010109,C. Manufacturing,27,13,14
S01010109,F. Construction,24,23,1
S01010109,G I. Distribution hotels and restaurants,35,18,17
S01010109,H J. Transport and communication,24,9,15
S01010109,K L M N. Financial real estate professional and administrative activities,17,6,11
S01010109,O P Q. Public administration education and health,32,13,19
S01010109,R S T U. Other,4,3,1
S01010109,Never worked,72,33,39
S01010110,All people aged 16 to 74 not in employment,331,153,178
S01010110,A B D E. Agriculture energy and water,5,3,2
S01010110,C. Manufacturing,47,25,22
S01010110,F. Construction,35,32,3
S01010110,G I. Distribution hotels and restaurants,47,19,28
S01010110,H J. Transport and communication,24,7,17
S01010110,K L M N. Financial real estate professional and administrative activities,27,10,17
S01010110,O P Q. Public administration education and health,53,11,42
S01010110,R S T U. Other,5,1,4
S01010110,Never worked,88,45,43
S01010111,All people aged 16 to 74 not in employment,423,189,234
S01010111,A B D E. Agriculture energy and water,8,3,5
S01010111,C. Manufacturing,47,12,35
S01010111,F. Construction,37,36,1
S01010111,G I. Distribution hotels and restaurants,62,27,35
S01010111,H J. Transport and communication,34,8,26
S01010111,K L M N. Financial real estate professional and administrative activities,35,21,14
S01010111,O P Q. Public administration education and health,56,11,45
S01010111,R S T U. Other,16,4,12
S01010111,Never worked,128,67,61
S01010112,All people aged 16 to 74 not in employment,400,178,222
S01010112,A B D E. Agriculture energy and water,8,5,3
S01010112,C. Manufacturing,25,16,9
S01010112,F. Construction,27,26,1
S01010112,G I. Distribution hotels and restaurants,67,21,46
S01010112,H J. Transport and communication,40,16,24
S01010112,K L M N. Financial real estate professional and administrative activities,29,12,17
S01010112,O P Q. Public administration education and health,64,15,49
S01010112,R S T U. Other,12,3,9
S01010112,Never worked,128,64,64
S01010113,All people aged 16 to 74 not in employment,197,90,107
S01010113,A B D E. Agriculture energy and water,2,1,1
S01010113,C. Manufacturing,17,6,11
S01010113,F. Construction,19,19,0
S01010113,G I. Distribution hotels and restaurants,37,18,19
S01010113,H J. Transport and communication,16,5,11
S01010113,K L M N. Financial real estate professional and administrative activities,34,14,20
S01010113,O P Q. Public administration education and health,16,5,11
S01010113,R S T U. Other,6,1,5
S01010113,Never worked,50,21,29
S01010114,All people aged 16 to 74 not in employment,344,157,187
S01010114,A B D E. Agriculture energy and water,4,3,1
S01010114,C. Manufacturing,45,16,29
S01010114,F. Construction,23,21,2
S01010114,G I. Distribution hotels and restaurants,58,30,28
S01010114,H J. Transport and communication,29,11,18
S01010114,K L M N. Financial real estate professional and administrative activities,34,14,20
S01010114,O P Q. Public administration education and health,45,8,37
S01010114,R S T U. Other,17,5,12
S01010114,Never worked,89,49,40
S01010115,All people aged 16 to 74 not in employment,143,60,83
S01010115,A B D E. Agriculture energy and water,2,1,1
S01010115,C. Manufacturing,10,6,4
S01010115,F. Construction,9,8,1
S01010115,G I. Distribution hotels and restaurants,24,10,14
S01010115,H J. Transport and communication,12,2,10
S01010115,K L M N. Financial real estate professional and administrative activities,11,2,9
S01010115,O P Q. Public administration education and health,21,7,14
S01010115,R S T U. Other,5,1,4
S01010115,Never worked,49,23,26
S01010116,All people aged 16 to 74 not in employment,207,88,119
S01010116,A B D E. Agriculture energy and water,2,1,1
S01010116,C. Manufacturing,9,4,5
S01010116,F. Construction,17,15,2
S01010116,G I. Distribution hotels and restaurants,41,21,20
S01010116,H J. Transport and communication,20,7,13
S01010116,K L M N. Financial real estate professional and administrative activities,23,6,17
S01010116,O P Q. Public administration education and health,38,7,31
S01010116,R S T U. Other,6,1,5
S01010116,Never worked,51,26,25
S01010117,All people aged 16 to 74 not in employment,118,50,68
S01010117,A B D E. Agriculture energy and water,4,2,2
S01010117,C. Manufacturing,9,6,3
S01010117,F. Construction,10,7,3
S01010117,G I. Distribution hotels and restaurants,23,11,12
S01010117,H J. Transport and communication,6,3,3
S01010117,K L M N. Financial real estate professional and administrative activities,12,3,9
S01010117,O P Q. Public administration education and health,22,6,16
S01010117,R S T U. Other,8,0,8
S01010117,Never worked,24,12,12
S01010118,All people aged 16 to 74 not in employment,285,118,167
S01010118,A B D E. Agriculture energy and water,6,5,1
S01010118,C. Manufacturing,30,12,18
S01010118,F. Construction,18,13,5
S01010118,G I. Distribution hotels and restaurants,42,20,22
S01010118,H J. Transport and communication,22,9,13
S01010118,K L M N. Financial real estate professional and administrative activities,30,14,16
S01010118,O P Q. Public administration education and health,29,6,23
S01010118,R S T U. Other,13,2,11
S01010118,Never worked,95,37,58
S01010119,All people aged 16 to 74 not in employment,174,69,105
S01010119,A B D E. Agriculture energy and water,3,1,2
S01010119,C. Manufacturing,17,6,11
S01010119,F. Construction,16,16,0
S01010119,G I. Distribution hotels and restaurants,31,14,17
S01010119,H J. Transport and communication,15,4,11
S01010119,K L M N. Financial real estate professional and administrative activities,12,4,8
S01010119,O P Q. Public administration education and health,26,2,24
S01010119,R S T U. Other,7,1,6
S01010119,Never worked,47,21,26
S01010120,All people aged 16 to 74 not in employment,427,175,252
S01010120,A B D E. Agriculture energy and water,6,2,4
S01010120,C. Manufacturing,46,20,26
S01010120,F. Construction,28,23,5
S01010120,G I. Distribution hotels and restaurants,63,27,36
S01010120,H J. Transport and communication,32,6,26
S01010120,K L M N. Financial real estate professional and administrative activities,40,15,25
S01010120,O P Q. Public administration education and health,55,9,46
S01010120,R S T U. Other,17,4,13
S01010120,Never worked,140,69,71
S01010121,All people aged 16 to 74 not in employment,264,114,150
S01010121,A B D E. Agriculture energy and water,4,3,1
S01010121,C. Manufacturing,33,15,18
S01010121,F. Construction,21,19,2
S01010121,G I. Distribution hotels and restaurants,51,19,32
S01010121,H J. Transport and communication,16,2,14
S01010121,K L M N. Financial real estate professional and administrative activities,15,7,8
S01010121,O P Q. Public administration education and health,29,9,20
S01010121,R S T U. Other,17,6,11
S01010121,Never worked,78,34,44
S01010122,All people aged 16 to 74 not in employment,226,122,104
S01010122,A B D E. Agriculture energy and water,8,5,3
S01010122,C. Manufacturing,23,13,10
S01010122,F. Construction,18,18,0
S01010122,G I. Distribution hotels and restaurants,48,27,21
S01010122,H J. Transport and communication,17,4,13
S01010122,K L M N. Financial real estate professional and administrative activities,18,9,9
S01010122,O P Q. Public administration education and health,22,5,17
S01010122,R S T U. Other,13,8,5
S01010122,Never worked,59,33,26
S01010123,All people aged 16 to 74 not in employment,242,108,134
S01010123,A B D E. Agriculture energy and water,8,5,3
S01010123,C. Manufacturing,23,11,12
S01010123,F. Construction,31,30,1
S01010123,G I. Distribution hotels and restaurants,43,18,25
S01010123,H J. Transport and communication,14,4,10
S01010123,K L M N. Financial real estate professional and administrative activities,17,7,10
S01010123,O P Q. Public administration education and health,35,9,26
S01010123,R S T U. Other,7,0,7
S01010123,Never worked,64,24,40
S01010124,All people aged 16 to 74 not in employment,165,73,92
S01010124,A B D E. Agriculture energy and water,0,0,0
S01010124,C. Manufacturing,15,10,5
S01010124,F. Construction,17,16,1
S01010124,G I. Distribution hotels and restaurants,39,17,22
S01010124,H J. Transport and communication,14,1,13
S01010124,K L M N. Financial real estate professional and administrative activities,21,8,13
S01010124,O P Q. Public administration education and health,23,6,17
S01010124,R S T U. Other,3,0,3
S01010124,Never worked,33,15,18
S01010125,All people aged 16 to 74 not in employment,177,74,103
S01010125,A B D E. Agriculture energy and water,3,3,0
S01010125,C. Manufacturing,18,9,9
S01010125,F. Construction,16,15,1
S01010125,G I. Distribution hotels and restaurants,28,10,18
S01010125,H J. Transport and communication,19,1,18
S01010125,K L M N. Financial real estate professional and administrative activities,17,6,11
S01010125,O P Q. Public administration education and health,29,5,24
S01010125,R S T U. Other,4,1,3
S01010125,Never worked,43,24,19
S01010126,All people aged 16 to 74 not in employment,204,90,114
S01010126,A B D E. Agriculture energy and water,4,3,1
S01010126,C. Manufacturing,28,12,16
S01010126,F. Construction,20,20,0
S01010126,G I. Distribution hotels and restaurants,35,13,22
S01010126,H J. Transport and communication,13,3,10
S01010126,K L M N. Financial real estate professional and administrative activities,13,4,9
S01010126,O P Q. Public administration education and health,35,5,30
S01010126,R S T U. Other,2,0,2
S01010126,Never worked,54,30,24
S01010127,All people aged 16 to 74 not in employment,243,120,123
S01010127,A B D E. Agriculture energy and water,4,3,1
S01010127,C. Manufacturing,34,19,15
S01010127,F. Construction,24,23,1
S01010127,G I. Distribution hotels and restaurants,48,22,26
S01010127,H J. Transport and communication,22,7,15
S01010127,K L M N. Financial real estate professional and administrative activities,27,18,9
S01010127,O P Q. Public administration education and health,35,11,24
S01010127,R S T U. Other,6,0,6
S01010127,Never worked,43,17,26
S01010128,All people aged 16 to 74 not in employment,199,88,111
S01010128,A B D E. Agriculture energy and water,3,1,2
S01010128,C. Manufacturing,16,4,12
S01010128,F. Construction,15,13,2
S01010128,G I. Distribution hotels and restaurants,44,21,23
S01010128,H J. Transport and communication,21,8,13
S01010128,K L M N. Financial real estate professional and administrative activities,16,12,4
S01010128,O P Q. Public administration education and health,28,5,23
S01010128,R S T U. Other,5,2,3
S01010128,Never worked,51,22,29
S01010129,All people aged 16 to 74 not in employment,315,138,177
S01010129,A B D E. Agriculture energy and water,5,4,1
S01010129,C. Manufacturing,30,9,21
S01010129,F. Construction,30,29,1
S01010129,G I. Distribution hotels and restaurants,66,27,39
S01010129,H J. Transport and communication,31,11,20
S01010129,K L M N. Financial real estate professional and administrative activities,21,9,12
S01010129,O P Q. Public administration education and health,31,5,26
S01010129,R S T U. Other,11,3,8
S01010129,Never worked,90,41,49
S01010130,All people aged 16 to 74 not in employment,165,63,102
S01010130,A B D E. Agriculture energy and water,1,1,0
S01010130,C. Manufacturing,22,7,15
S01010130,F. Construction,16,15,1
S01010130,G I. Distribution hotels and restaurants,37,15,22
S01010130,H J. Transport and communication,16,5,11
S01010130,K L M N. Financial real estate professional and administrative activities,13,3,10
S01010130,O P Q. Public administration education and health,29,5,24
S01010130,R S T U. Other,5,0,5
S01010130,Never worked,26,12,14
S01010131,All people aged 16 to 74 not in employment,254,98,156
S01010131,A B D E. Agriculture energy and water,11,9,2
S01010131,C. Manufacturing,27,8,19
S01010131,F. Construction,22,21,1
S01010131,G I. Distribution hotels and restaurants,50,17,33
S01010131,H J. Transport and communication,14,6,8
S01010131,K L M N. Financial real estate professional and administrative activities,23,10,13
S01010131,O P Q. Public administration education and health,63,12,51
S01010131,R S T U. Other,7,3,4
S01010131,Never worked,37,12,25
S01010132,All people aged 16 to 74 not in employment,419,183,236
S01010132,A B D E. Agriculture energy and water,10,7,3
S01010132,C. Manufacturing,56,24,32
S01010132,F. Construction,37,35,2
S01010132,G I. Distribution hotels and restaurants,64,28,36
S01010132,H J. Transport and communication,31,9,22
S01010132,K L M N. Financial real estate professional and administrative activities,39,13,26
S01010132,O P Q. Public administration education and health,75,19,56
S01010132,R S T U. Other,10,2,8
S01010132,Never worked,97,46,51
S01010133,All people aged 16 to 74 not in employment,300,137,163
S01010133,A B D E. Agriculture energy and water,5,5,0
S01010133,C. Manufacturing,40,20,20
S01010133,F. Construction,33,31,2
S01010133,G I. Distribution hotels and restaurants,47,24,23
S01010133,H J. Transport and communication,25,2,23
S01010133,K L M N. Financial real estate professional and administrative activities,32,14,18
S01010133,O P Q. Public administration education and health,59,8,51
S01010133,R S T U. Other,6,4,2
S01010133,Never worked,53,29,24
S01010134,All people aged 16 to 74 not in employment,367,182,185
S01010134,A B D E. Agriculture energy and water,12,4,8
S01010134,C. Manufacturing,56,24,32
S01010134,F. Construction,51,50,1
S01010134,G I. Distribution hotels and restaurants,57,27,30
S01010134,H J. Transport and communication,32,11,21
S01010134,K L M N. Financial real estate professional and administrative activities,37,15,22
S01010134,O P Q. Public administration education and health,49,9,40
S01010134,R S T U. Other,12,4,8
S01010134,Never worked,61,38,23
S01010135,All people aged 16 to 74 not in employment,284,125,159
S01010135,A B D E. Agriculture energy and water,6,5,1
S01010135,C. Manufacturing,46,16,30
S01010135,F. Construction,31,29,2
S01010135,G I. Distribution hotels and restaurants,52,19,33
S01010135,H J. Transport and communication,15,2,13
S01010135,K L M N. Financial real estate professional and administrative activities,21,9,12
S01010135,O P Q. Public administration education and health,42,6,36
S01010135,R S T U. Other,10,6,4
S01010135,Never worked,61,33,28
S01010136,All people aged 16 to 74 not in employment,241,97,144
S01010136,A B D E. Agriculture energy and water,7,4,3
S01010136,C. Manufacturing,29,10,19
S01010136,F. Construction,16,15,1
S01010136,G I. Distribution hotels and restaurants,50,20,30
S01010136,H J. Transport and communication,20,7,13
S01010136,K L M N. Financial real estate professional and administrative activities,17,5,12
S01010136,O P Q. Public administration education and health,47,10,37
S01010136,R S T U. Other,11,5,6
S01010136,Never worked,44,21,23
S01010137,All people aged 16 to 74 not in employment,314,127,187
S01010137,A B D E. Agriculture energy and water,11,5,6
S01010137,C. Manufacturing,42,15,27
S01010137,F. Construction,31,26,5
S01010137,G I. Distribution hotels and restaurants,60,23,37
S01010137,H J. Transport and communication,24,12,12
S01010137,K L M N. Financial real estate professional and administrative activities,23,13,10
S01010137,O P Q. Public administration education and health,52,10,42
S01010137,R S T U. Other,16,3,13
S01010137,Never worked,55,20,35
S01010138,All people aged 16 to 74 not in employment,506,313,193
S01010138,A B D E. Agriculture energy and water,9,7,2
S01010138,C. Manufacturing,78,46,32
S01010138,F. Construction,84,82,2
S01010138,G I. Distribution hotels and restaurants,102,61,41
S01010138,H J. Transport and communication,39,17,22
S01010138,K L M N. Financial real estate professional and administrative activities,42,27,15
S01010138,O P Q. Public administration education and health,65,28,37
S01010138,R S T U. Other,11,6,5
S01010138,Never worked,76,39,37
S01010139,All people aged 16 to 74 not in employment,377,183,194
S01010139,A B D E. Agriculture energy and water,8,4,4
S01010139,C. Manufacturing,49,18,31
S01010139,F. Construction,48,46,2
S01010139,G I. Distribution hotels and restaurants,66,30,36
S01010139,H J. Transport and communication,25,10,15
S01010139,K L M N. Financial real estate professional and administrative activities,31,15,16
S01010139,O P Q. Public administration education and health,67,16,51
S01010139,R S T U. Other,12,7,5
S01010139,Never worked,71,37,34
S01010140,All people aged 16 to 74 not in employment,175,80,95
S01010140,A B D E. Agriculture energy and water,0,0,0
S01010140,C. Manufacturing,10,5,5
S01010140,F. Construction,20,18,2
S01010140,G I. Distribution hotels and restaurants,35,19,16
S01010140,H J. Transport and communication,20,3,17
S01010140,K L M N. Financial real estate professional and administrative activities,23,11,12
S01010140,O P Q. Public administration education and health,28,10,18
S01010140,R S T U. Other,4,0,4
S01010140,Never worked,35,14,21
S01010141,All people aged 16 to 74 not in employment,329,161,168
S01010141,A B D E. Agriculture energy and water,10,8,2
S01010141,C. Manufacturing,31,14,17
S01010141,F. Construction,30,28,2
S01010141,G I. Distribution hotels and restaurants,58,28,30
S01010141,H J. Transport and communication,29,11,18
S01010141,K L M N. Financial real estate professional and administrative activities,35,19,16
S01010141,O P Q. Public administration education and health,39,12,27
S01010141,R S T U. Other,13,6,7
S01010141,Never worked,84,35,49
S01010142,All people aged 16 to 74 not in employment,201,89,112
S01010142,A B D E. Agriculture energy and water,1,1,0
S01010142,C. Manufacturing,37,14,23
S01010142,F. Construction,11,9,2
S01010142,G I. Distribution hotels and restaurants,30,16,14
S01010142,H J. Transport and communication,13,4,9
S01010142,K L M N. Financial real estate professional and administrative activities,16,10,6
S01010142,O P Q. Public administration education and health,28,4,24
S01010142,R S T U. Other,7,2,5
S01010142,Never worked,58,29,29
S01010143,All people aged 16 to 74 not in employment,247,119,128
S01010143,A B D E. Agriculture energy and water,3,2,1
S01010143,C. Manufacturing,49,20,29
S01010143,F. Construction,25,22,3
S01010143,G I. Distribution hotels and restaurants,58,30,28
S01010143,H J. Transport and communication,13,6,7
S01010143,K L M N. Financial real estate professional and administrative activities,22,13,9
S01010143,O P Q. Public administration education and health,37,9,28
S01010143,R S T U. Other,5,2,3
S01010143,Never worked,35,15,20
S01010144,All people aged 16 to 74 not in employment,227,99,128
S01010144,A B D E. Agriculture energy and water,5,2,3
S01010144,C. Manufacturing,30,13,17
S01010144,F. Construction,22,20,2
S01010144,G I. Distribution hotels and restaurants,38,21,17
S01010144,H J. Transport and communication,21,6,15
S01010144,K L M N. Financial real estate professional and administrative activities,23,12,11
S01010144,O P Q. Public administration education and health,37,9,28
S01010144,R S T U. Other,6,1,5
S01010144,Never worked,45,15,30
S01010145,All people aged 16 to 74 not in employment,250,114,136
S01010145,A B D E. Agriculture energy and water,7,5,2
S01010145,C. Manufacturing,27,12,15
S01010145,F. Construction,20,15,5
S01010145,G I. Distribution hotels and restaurants,43,18,25
S01010145,H J. Transport and communication,21,8,13
S01010145,K L M N. Financial real estate professional and administrative activities,24,12,12
S01010145,O P Q. Public administration education and health,42,11,31
S01010145,R S T U. Other,17,10,7
S01010145,Never worked,49,23,26
S01010146,All people aged 16 to 74 not in employment,310,166,144
S01010146,A B D E. Agriculture energy and water,6,6,0
S01010146,C. Manufacturing,31,14,17
S01010146,F. Construction,28,26,2
S01010146,G I. Distribution hotels and restaurants,49,33,16
S01010146,H J. Transport and communication,30,14,16
S01010146,K L M N. Financial real estate professional and administrative activities,35,19,16
S01010146,O P Q. Public administration education and health,35,10,25
S01010146,R S T U. Other,14,7,7
S01010146,Never worked,82,37,45
S01010147,All people aged 16 to 74 not in employment,406,184,222
S01010147,A B D E. Agriculture energy and water,7,4,3
S01010147,C. Manufacturing,42,13,29
S01010147,F. Construction,43,39,4
S01010147,G I. Distribution hotels and restaurants,61,26,35
S01010147,H J. Transport and communication,37,17,20
S01010147,K L M N. Financial real estate professional and administrative activities,37,18,19
S01010147,O P Q. Public administration education and health,52,13,39
S01010147,R S T U. Other,18,9,9
S01010147,Never worked,109,45,64
S01010148,All people aged 16 to 74 not in employment,316,153,163
S01010148,A B D E. Agriculture energy and water,5,1,4
S01010148,C. Manufacturing,35,8,27
S01010148,F. Construction,21,20,1
S01010148,G I. Distribution hotels and restaurants,55,31,24
S01010148,H J. Transport and communication,25,9,16
S01010148,K L M N. Financial real estate professional and administrative activities,27,12,15
S01010148,O P Q. Public administration education and health,45,14,31
S01010148,R S T U. Other,11,7,4
S01010148,Never worked,92,51,41
S01010149,All people aged 16 to 74 not in employment,127,59,68
S01010149,A B D E. Agriculture energy and water,0,0,0
S01010149,C. Manufacturing,18,7,11
S01010149,F. Construction,10,7,3
S01010149,G I. Distribution hotels and restaurants,14,5,9
S01010149,H J. Transport and communication,13,2,11
S01010149,K L M N. Financial real estate professional and administrative activities,8,4,4
S01010149,O P Q. Public administration education and health,16,6,10
S01010149,R S T U. Other,6,3,3
S01010149,Never worked,42,25,17
S01010150,All people aged 16 to 74 not in employment,264,117,147
S01010150,A B D E. Agriculture energy and water,9,4,5
S01010150,C. Manufacturing,35,14,21
S01010150,F. Construction,30,26,4
S01010150,G I. Distribution hotels and restaurants,45,22,23
S01010150,H J. Transport and communication,22,6,16
S01010150,K L M N. Financial real estate professional and administrative activities,21,12,9
S01010150,O P Q. Public administration education and health,42,10,32
S01010150,R S T U. Other,13,6,7
S01010150,Never worked,47,17,30
S01010151,All people aged 16 to 74 not in employment,255,121,134
S01010151,A B D E. Agriculture energy and water,7,4,3
S01010151,C. Manufacturing,39,18,21
S01010151,F. Construction,21,19,2
S01010151,G I. Distribution hotels and restaurants,47,23,24
S01010151,H J. Transport and communication,22,4,18
S01010151,K L M N. Financial real estate professional and administrative activities,20,10,10
S01010151,O P Q. Public administration education and health,41,12,29
S01010151,R S T U. Other,7,3,4
S01010151,Never worked,51,28,23
S01010152,All people aged 16 to 74 not in employment,282,133,149
S01010152,A B D E. Agriculture energy and water,3,3,0
S01010152,C. Manufacturing,44,20,24
S01010152,F. Construction,28,26,2
S01010152,G I. Distribution hotels and restaurants,60,34,26
S01010152,H J. Transport and communication,16,5,11
S01010152,K L M N. Financial real estate professional and administrative activities,24,8,16
S01010152,O P Q. Public administration education and health,52,13,39
S01010152,R S T U. Other,10,5,5
S01010152,Never worked,45,19,26
S01010153,All people aged 16 to 74 not in employment,345,153,192
S01010153,A B D E. Agriculture energy and water,5,2,3
S01010153,C. Manufacturing,49,23,26
S01010153,F. Construction,26,26,0
S01010153,G I. Distribution hotels and restaurants,59,32,27
S01010153,H J. Transport and communication,22,6,16
S01010153,K L M N. Financial real estate professional and administrative activities,27,13,14
S01010153,O P Q. Public administration education and health,63,17,46
S01010153,R S T U. Other,14,6,8
S01010153,Never worked,80,28,52
S01010154,All people aged 16 to 74 not in employment,345,153,192
S01010154,A B D E. Agriculture energy and water,5,5,0
S01010154,C. Manufacturing,48,25,23
S01010154,F. Construction,28,24,4
S01010154,G I. Distribution hotels and restaurants,68,29,39
S01010154,H J. Transport and communication,26,7,19
S01010154,K L M N. Financial real estate professional and administrative activities,26,6,20
S01010154,O P Q. Public administration education and health,71,24,47
S01010154,R S T U. Other,13,3,10
S01010154,Never worked,60,30,30
S01010155,All people aged 16 to 74 not in employment,244,98,146
S01010155,A B D E. Agriculture energy and water,4,2,2
S01010155,C. Manufacturing,38,14,24
S01010155,F. Construction,19,19,0
S01010155,G I. Distribution hotels and restaurants,48,24,24
S01010155,H J. Transport and communication,16,2,14
S01010155,K L M N. Financial real estate professional and administrative activities,24,4,20
S01010155,O P Q. Public administration education and health,39,8,31
S01010155,R S T U. Other,6,3,3
S01010155,Never worked,50,22,28
S01010156,All people aged 16 to 74 not in employment,210,98,112
S01010156,A B D E. Agriculture energy and water,6,3,3
S01010156,C. Manufacturing,28,13,15
S01010156,F. Construction,17,16,1
S01010156,G I. Distribution hotels and restaurants,41,22,19
S01010156,H J. Transport and communication,11,3,8
S01010156,K L M N. Financial real estate professional and administrative activities,24,10,14
S01010156,O P Q. Public administration education and health,41,9,32
S01010156,R S T U. Other,4,2,2
S01010156,Never worked,38,20,18
S01010157,All people aged 16 to 74 not in employment,262,106,156
S01010157,A B D E. Agriculture energy and water,5,1,4
S01010157,C. Manufacturing,30,10,20
S01010157,F. Construction,27,25,2
S01010157,G I. Distribution hotels and restaurants,37,18,19
S01010157,H J. Transport and communication,19,4,15
S01010157,K L M N. Financial real estate professional and administrative activities,31,17,14
S01010157,O P Q. Public administration education and health,40,5,35
S01010157,R S T U. Other,10,4,6
S01010157,Never worked,63,22,41
S01010158,All people aged 16 to 74 not in employment,324,136,188
S01010158,A B D E. Agriculture energy and water,5,4,1
S01010158,C. Manufacturing,37,16,21
S01010158,F. Construction,23,23,0
S01010158,G I. Distribution hotels and restaurants,79,30,49
S01010158,H J. Transport and communication,24,8,16
S01010158,K L M N. Financial real estate professional and administrative activities,32,19,13
S01010158,O P Q. Public administration education and health,58,9,49
S01010158,R S T U. Other,11,2,9
S01010158,Never worked,55,25,30
S01010159,All people aged 16 to 74 not in employment,257,112,145
S01010159,A B D E. Agriculture energy and water,7,4,3
S01010159,C. Manufacturing,40,18,22
S01010159,F. Construction,23,21,2
S01010159,G I. Distribution hotels and restaurants,53,25,28
S01010159,H J. Transport and communication,20,5,15
S01010159,K L M N. Financial real estate professional and administrative activities,21,11,10
S01010159,O P Q. Public administration education and health,44,7,37
S01010159,R S T U. Other,4,2,2
S01010159,Never worked,45,19,26
S01010160,All people aged 16 to 74 not in employment,261,155,106
S01010160,A B D E. Agriculture energy and water,4,4,0
S01010160,C. Manufacturing,30,24,6
S01010160,F. Construction,37,33,4
S01010160,G I. Distribution hotels and restaurants,37,29,8
S01010160,H J. Transport and communication,24,14,10
S01010160,K L M N. Financial real estate professional and administrative activities,25,12,13
S01010160,O P Q. Public administration education and health,24,8,16
S01010160,R S T U. Other,9,4,5
S01010160,Never worked,71,27,44
S01010161,All people aged 16 to 74 not in employment,173,86,87
S01010161,A B D E. Agriculture energy and water,3,3,0
S01010161,C. Manufacturing,29,16,13
S01010161,F. Construction,17,17,0
S01010161,G I. Distribution hotels and restaurants,31,15,16
S01010161,H J. Transport and communication,11,3,8
S01010161,K L M N. Financial real estate professional and administrative activities,9,5,4
S01010161,O P Q. Public administration education and health,13,0,13
S01010161,R S T U. Other,7,3,4
S01010161,Never worked,53,24,29
S01010162,All people aged 16 to 74 not in employment,324,127,197
S01010162,A B D E. Agriculture energy and water,9,4,5
S01010162,C. Manufacturing,37,17,20
S01010162,F. Construction,24,20,4
S01010162,G I. Distribution hotels and restaurants,42,21,21
S01010162,H J. Transport and communication,31,6,25
S01010162,K L M N. Financial real estate professional and administrative activities,30,10,20
S01010162,O P Q. Public administration education and health,36,6,30
S01010162,R S T U. Other,7,1,6
S01010162,Never worked,108,42,66
S01010163,All people aged 16 to 74 not in employment,253,111,142
S01010163,A B D E. Agriculture energy and water,6,5,1
S01010163,C. Manufacturing,30,10,20
S01010163,F. Construction,24,23,1
S01010163,G I. Distribution hotels and restaurants,43,16,27
S01010163,H J. Transport and communication,12,5,7
S01010163,K L M N. Financial real estate professional and administrative activities,20,7,13
S01010163,O P Q. Public administration education and health,39,7,32
S01010163,R S T U. Other,4,3,1
S01010163,Never worked,75,35,40
S01010164,All people aged 16 to 74 not in employment,284,130,154
S01010164,A B D E. Agriculture energy and water,7,3,4
S01010164,C. Manufacturing,40,19,21
S01010164,F. Construction,13,13,0
S01010164,G I. Distribution hotels and restaurants,56,29,27
S01010164,H J. Transport and communication,18,5,13
S01010164,K L M N. Financial real estate professional and administrative activities,26,11,15
S01010164,O P Q. Public administration education and health,34,12,22
S01010164,R S T U. Other,17,6,11
S01010164,Never worked,73,32,41
S01010165,All people aged 16 to 74 not in employment,258,115,143
S01010165,A B D E. Agriculture energy and water,2,2,0
S01010165,C. Manufacturing,25,11,14
S01010165,F. Construction,34,30,4
S01010165,G I. Distribution hotels and restaurants,43,23,20
S01010165,H J. Transport and communication,12,1,11
S01010165,K L M N. Financial real estate professional and administrative activities,19,6,13
S01010165,O P Q. Public administration education and health,36,5,31
S01010165,R S T U. Other,7,3,4
S01010165,Never worked,80,34,46
S01010166,All people aged 16 to 74 not in employment,279,120,159
S01010166,A B D E. Agriculture energy and water,1,1,0
S01010166,C. Manufacturing,33,16,17
S01010166,F. Construction,27,25,2
S01010166,G I. Distribution hotels and restaurants,62,33,29
S01010166,H J. Transport and communication,12,1,11
S01010166,K L M N. Financial real estate professional and administrative activities,24,6,18
S01010166,O P Q. Public administration education and health,50,10,40
S01010166,R S T U. Other,9,4,5
S01010166,Never worked,61,24,37
S01010167,All people aged 16 to 74 not in employment,365,167,198
S01010167,A B D E. Agriculture energy and water,10,4,6
S01010167,C. Manufacturing,35,19,16
S01010167,F. Construction,41,41,0
S01010167,G I. Distribution hotels and restaurants,79,41,38
S01010167,H J. Transport and communication,25,7,18
S01010167,K L M N. Financial real estate professional and administrative activities,41,10,31
S01010167,O P Q. Public administration education and health,74,17,57
S01010167,R S T U. Other,7,3,4
S01010167,Never worked,53,25,28
S01010168,All people aged 16 to 74 not in employment,155,65,90
S01010168,A B D E. Agriculture energy and water,1,1,0
S01010168,C. Manufacturing,19,4,15
S01010168,F. Construction,11,10,1
S01010168,G I. Distribution hotels and restaurants,27,14,13
S01010168,H J. Transport and communication,15,3,12
S01010168,K L M N. Financial real estate professional and administrative activities,15,7,8
S01010168,O P Q. Public administration education and health,26,8,18
S01010168,R S T U. Other,4,3,1
S01010168,Never worked,37,15,22
S01010169,All people aged 16 to 74 not in employment,270,104,166
S01010169,A B D E. Agriculture energy and water,11,5,6
S01010169,C. Manufacturing,29,17,12
S01010169,F. Construction,14,11,3
S01010169,G I. Distribution hotels and restaurants,37,11,26
S01010169,H J. Transport and communication,21,3,18
S01010169,K L M N. Financial real estate professional and administrative activities,26,8,18
S01010169,O P Q. Public administration education and health,39,9,30
S01010169,R S T U. Other,11,3,8
S01010169,Never worked,82,37,45
S01010170,All people aged 16 to 74 not in employment,199,82,117
S01010170,A B D E. Agriculture energy and water,3,0,3
S01010170,C. Manufacturing,22,9,13
S01010170,F. Construction,21,18,3
S01010170,G I. Distribution hotels and restaurants,42,16,26
S01010170,H J. Transport and communication,20,4,16
S01010170,K L M N. Financial real estate professional and administrative activities,15,4,11
S01010170,O P Q. Public administration education and health,29,12,17
S01010170,R S T U. Other,8,5,3
S01010170,Never worked,39,14,25
S01010171,All people aged 16 to 74 not in employment,437,192,245
S01010171,A B D E. Agriculture energy and water,6,5,1
S01010171,C. Manufacturing,41,11,30
S01010171,F. Construction,49,47,2
S01010171,G I. Distribution hotels and restaurants,61,23,38
S01010171,H J. Transport and communication,26,6,20
S01010171,K L M N. Financial real estate professional and administrative activities,36,16,20
S01010171,O P Q. Public administration education and health,47,13,34
S01010171,R S T U. Other,16,4,12
S01010171,Never worked,155,67,88
S01010172,All people aged 16 to 74 not in employment,266,127,139
S01010172,A B D E. Agriculture energy and water,6,1,5
S01010172,C. Manufacturing,36,15,21
S01010172,F. Construction,39,38,1
S01010172,G I. Distribution hotels and restaurants,51,26,25
S01010172,H J. Transport and communication,21,6,15
S01010172,K L M N. Financial real estate professional and administrative activities,23,9,14
S01010172,O P Q. Public administration education and health,40,8,32
S01010172,R S T U. Other,6,2,4
S01010172,Never worked,44,22,22
S01010173,All people aged 16 to 74 not in employment,228,91,137
S01010173,A B D E. Agriculture energy and water,5,4,1
S01010173,C. Manufacturing,22,10,12
S01010173,F. Construction,18,18,0
S01010173,G I. Distribution hotels and restaurants,49,17,32
S01010173,H J. Transport and communication,14,3,11
S01010173,K L M N. Financial real estate professional and administrative activities,12,6,6
S01010173,O P Q. Public administration education and health,51,10,41
S01010173,R S T U. Other,6,4,2
S01010173,Never worked,51,19,32
S01010174,All people aged 16 to 74 not in employment,925,838,87
S01010174,A B D E. Agriculture energy and water,16,15,1
S01010174,C. Manufacturing,81,72,9
S01010174,F. Construction,198,197,1
S01010174,G I. Distribution hotels and restaurants,111,97,14
S01010174,H J. Transport and communication,66,62,4
S01010174,K L M N. Financial real estate professional and administrative activities,76,63,13
S01010174,O P Q. Public administration education and health,66,42,24
S01010174,R S T U. Other,22,18,4
S01010174,Never worked,289,272,17
S01010175,All people aged 16 to 74 not in employment,158,75,83
S01010175,A B D E. Agriculture energy and water,2,0,2
S01010175,C. Manufacturing,17,7,10
S01010175,F. Construction,15,14,1
S01010175,G I. Distribution hotels and restaurants,38,18,20
S01010175,H J. Transport and communication,11,1,10
S01010175,K L M N. Financial real estate professional and administrative activities,10,5,5
S01010175,O P Q. Public administration education and health,28,16,12
S01010175,R S T U. Other,8,2,6
S01010175,Never worked,29,12,17
S01010176,All people aged 16 to 74 not in employment,245,111,134
S01010176,A B D E. Agriculture energy and water,3,3,0
S01010176,C. Manufacturing,29,14,15
S01010176,F. Construction,28,24,4
S01010176,G I. Distribution hotels and restaurants,47,25,22
S01010176,H J. Transport and communication,17,3,14
S01010176,K L M N. Financial real estate professional and administrative activities,27,13,14
S01010176,O P Q. Public administration education and health,47,9,38
S01010176,R S T U. Other,4,1,3
S01010176,Never worked,43,19,24
S01010177,All people aged 16 to 74 not in employment,313,141,172
S01010177,A B D E. Agriculture energy and water,3,0,3
S01010177,C. Manufacturing,26,14,12
S01010177,F. Construction,29,27,2
S01010177,G I. Distribution hotels and restaurants,44,23,21
S01010177,H J. Transport and communication,38,8,30
S01010177,K L M N. Financial real estate professional and administrative activities,27,14,13
S01010177,O P Q. Public administration education and health,38,5,33
S01010177,R S T U. Other,7,3,4
S01010177,Never worked,101,47,54
S01010178,All people aged 16 to 74 not in employment,391,175,216
S01010178,A B D E. Agriculture energy and water,3,2,1
S01010178,C. Manufacturing,38,16,22
S01010178,F. Construction,20,18,2
S01010178,G I. Distribution hotels and restaurants,63,28,35
S01010178,H J. Transport and communication,31,11,20
S01010178,K L M N. Financial real estate professional and administrative activities,44,17,27
S01010178,O P Q. Public administration education and health,48,12,36
S01010178,R S T U. Other,12,6,6
S01010178,Never worked,132,65,67
S01010179,All people aged 16 to 74 not in employment,354,154,200
S01010179,A B D E. Agriculture energy and water,9,8,1
S01010179,C. Manufacturing,29,8,21
S01010179,F. Construction,30,29,1
S01010179,G I. Distribution hotels and restaurants,57,25,32
S01010179,H J. Transport and communication,30,7,23
S01010179,K L M N. Financial real estate professional and administrative activities,44,18,26
S01010179,O P Q. Public administration education and health,44,12,32
S01010179,R S T U. Other,14,6,8
S01010179,Never worked,97,41,56
S01010180,All people aged 16 to 74 not in employment,130,57,73
S01010180,A B D E. Agriculture energy and water,3,2,1
S01010180,C. Manufacturing,5,3,2
S01010180,F. Construction,16,14,2
S01010180,G I. Distribution hotels and restaurants,22,9,13
S01010180,H J. Transport and communication,13,5,8
S01010180,K L M N. Financial real estate professional and administrative activities,14,4,10
S01010180,O P Q. Public administration education and health,14,2,12
S01010180,R S T U. Other,4,2,2
S01010180,Never worked,39,16,23
S01010181,All people aged 16 to 74 not in employment,257,102,155
S01010181,A B D E. Agriculture energy and water,3,2,1
S01010181,C. Manufacturing,28,15,13
S01010181,F. Construction,22,20,2
S01010181,G I. Distribution hotels and restaurants,33,13,20
S01010181,H J. Transport and communication,15,1,14
S01010181,K L M N. Financial real estate professional and administrative activities,27,12,15
S01010181,O P Q. Public administration education and health,42,4,38
S01010181,R S T U. Other,8,0,8
S01010181,Never worked,79,35,44
S01010182,All people aged 16 to 74 not in employment,167,61,106
S01010182,A B D E. Agriculture energy and water,3,3,0
S01010182,C. Manufacturing,16,10,6
S01010182,F. Construction,17,17,0
S01010182,G I. Distribution hotels and restaurants,23,10,13
S01010182,H J. Transport and communication,14,2,12
S01010182,K L M N. Financial real estate professional and administrative activities,23,7,16
S01010182,O P Q. Public administration education and health,38,7,31
S01010182,R S T U. Other,5,2,3
S01010182,Never worked,28,3,25
S01010183,All people aged 16 to 74 not in employment,168,72,96
S01010183,A B D E. Agriculture energy and water,2,1,1
S01010183,C. Manufacturing,20,11,9
S01010183,F. Construction,9,9,0
S01010183,G I. Distribution hotels and restaurants,32,13,19
S01010183,H J. Transport and communication,11,2,9
S01010183,K L M N. Financial real estate professional and administrative activities,19,10,9
S01010183,O P Q. Public administration education and health,28,3,25
S01010183,R S T U. Other,3,3,0
S01010183,Never worked,44,20,24
S01010184,All people aged 16 to 74 not in employment,240,115,125
S01010184,A B D E. Agriculture energy and water,1,0,1
S01010184,C. Manufacturing,24,13,11
S01010184,F. Construction,21,21,0
S01010184,G I. Distribution hotels and restaurants,36,18,18
S01010184,H J. Transport and communication,23,5,18
S01010184,K L M N. Financial real estate professional and administrative activities,26,9,17
S01010184,O P Q. Public administration education and health,45,13,32
S01010184,R S T U. Other,13,4,9
S01010184,Never worked,51,32,19
S01010185,All people aged 16 to 74 not in employment,228,106,122
S01010185,A B D E. Agriculture energy and water,1,0,1
S01010185,C. Manufacturing,14,5,9
S01010185,F. Construction,27,26,1
S01010185,G I. Distribution hotels and restaurants,30,16,14
S01010185,H J. Transport and communication,21,7,14
S01010185,K L M N. Financial real estate professional and administrative activities,20,11,9
S01010185,O P Q. Public administration education and health,49,8,41
S01010185,R S T U. Other,13,5,8
S01010185,Never worked,53,28,25
S01010186,All people aged 16 to 74 not in employment,158,64,94
S01010186,A B D E. Agriculture energy and water,0,0,0
S01010186,C. Manufacturing,8,2,6
S01010186,F. Construction,8,8,0
S01010186,G I. Distribution hotels and restaurants,35,14,21
S01010186,H J. Transport and communication,15,7,8
S01010186,K L M N. Financial real estate professional and administrative activities,15,2,13
S01010186,O P Q. Public administration education and health,37,10,27
S01010186,R S T U. Other,4,2,2
S01010186,Never worked,36,19,17
S01010187,All people aged 16 to 74 not in employment,140,65,75
S01010187,A B D E. Agriculture energy and water,6,4,2
S01010187,C. Manufacturing,8,5,3
S01010187,F. Construction,15,14,1
S01010187,G I. Distribution hotels and restaurants,21,6,15
S01010187,H J. Transport and communication,9,2,7
S01010187,K L M N. Financial real estate professional and administrative activities,20,8,12
S01010187,O P Q. Public administration education and health,28,8,20
S01010187,R S T U. Other,5,3,2
S01010187,Never worked,28,15,13
S01010188,All people aged 16 to 74 not in employment,160,63,97
S01010188,A B D E. Agriculture energy and water,6,5,1
S01010188,C. Manufacturing,9,5,4
S01010188,F. Construction,18,14,4
S01010188,G I. Distribution hotels and restaurants,35,11,24
S01010188,H J. Transport and communication,11,3,8
S01010188,K L M N. Financial real estate professional and administrative activities,11,3,8
S01010188,O P Q. Public administration education and health,31,5,26
S01010188,R S T U. Other,5,0,5
S01010188,Never worked,34,17,17
S01010189,All people aged 16 to 74 not in employment,148,72,76
S01010189,A B D E. Agriculture energy and water,0,0,0
S01010189,C. Manufacturing,7,4,3
S01010189,F. Construction,6,6,0
S01010189,G I. Distribution hotels and restaurants,28,9,19
S01010189,H J. Transport and communication,21,9,12
S01010189,K L M N. Financial real estate professional and administrative activities,11,6,5
S01010189,O P Q. Public administration education and health,20,7,13
S01010189,R S T U. Other,3,0,3
S01010189,Never worked,52,31,21
S01010190,All people aged 16 to 74 not in employment,124,55,69
S01010190,A B D E. Agriculture energy and water,1,0,1
S01010190,C. Manufacturing,12,6,6
S01010190,F. Construction,6,3,3
S01010190,G I. Distribution hotels and restaurants,21,13,8
S01010190,H J. Transport and communication,6,3,3
S01010190,K L M N. Financial real estate professional and administrative activities,9,2,7
S01010190,O P Q. Public administration education and health,19,5,14
S01010190,R S T U. Other,4,3,1
S01010190,Never worked,46,20,26
S01010191,All people aged 16 to 74 not in employment,126,61,65
S01010191,A B D E. Agriculture energy and water,0,0,0
S01010191,C. Manufacturing,3,3,0
S01010191,F. Construction,11,8,3
S01010191,G I. Distribution hotels and restaurants,27,12,15
S01010191,H J. Transport and communication,9,2,7
S01010191,K L M N. Financial real estate professional and administrative activities,9,3,6
S01010191,O P Q. Public administration education and health,23,6,17
S01010191,R S T U. Other,3,2,1
S01010191,Never worked,41,25,16
S01010192,All people aged 16 to 74 not in employment,147,66,81
S01010192,A B D E. Agriculture energy and water,3,3,0
S01010192,C. Manufacturing,6,2,4
S01010192,F. Construction,9,9,0
S01010192,G I. Distribution hotels and restaurants,22,13,9
S01010192,H J. Transport and communication,32,11,21
S01010192,K L M N. Financial real estate professional and administrative activities,17,5,12
S01010192,O P Q. Public administration education and health,11,3,8
S01010192,R S T U. Other,3,1,2
S01010192,Never worked,44,19,25
S01010193,All people aged 16 to 74 not in employment,169,76,93
S01010193,A B D E. Agriculture energy and water,3,2,1
S01010193,C. Manufacturing,13,8,5
S01010193,F. Construction,11,9,2
S01010193,G I. Distribution hotels and restaurants,24,10,14
S01010193,H J. Transport and communication,10,2,8
S01010193,K L M N. Financial real estate professional and administrative activities,17,10,7
S01010193,O P Q. Public administration education and health,50,12,38
S01010193,R S T U. Other,5,1,4
S01010193,Never worked,36,22,14
S01010194,All people aged 16 to 74 not in employment,229,104,125
S01010194,A B D E. Agriculture energy and water,4,2,2
S01010194,C. Manufacturing,21,12,9
S01010194,F. Construction,24,22,2
S01010194,G I. Distribution hotels and restaurants,35,19,16
S01010194,H J. Transport and communication,7,3,4
S01010194,K L M N. Financial real estate professional and administrative activities,19,10,9
S01010194,O P Q. Public administration education and health,65,12,53
S01010194,R S T U. Other,5,1,4
S01010194,Never worked,49,23,26
S01010195,All people aged 16 to 74 not in employment,182,82,100
S01010195,A B D E. Agriculture energy and water,1,0,1
S01010195,C. Manufacturing,15,8,7
S01010195,F. Construction,18,16,2
S01010195,G I. Distribution hotels and restaurants,39,21,18
S01010195,H J. Transport and communication,17,3,14
S01010195,K L M N. Financial real estate professional and administrative activities,8,1,7
S01010195,O P Q. Public administration education and health,34,11,23
S01010195,R S T U. Other,5,2,3
S01010195,Never worked,45,20,25
S01010196,All people aged 16 to 74 not in employment,310,149,161
S01010196,A B D E. Agriculture energy and water,4,3,1
S01010196,C. Manufacturing,28,18,10
S01010196,F. Construction,28,27,1
S01010196,G I. Distribution hotels and restaurants,53,24,29
S01010196,H J. Transport and communication,20,8,12
S01010196,K L M N. Financial real estate professional and administrative activities,31,12,19
S01010196,O P Q. Public administration education and health,58,12,46
S01010196,R S T U. Other,15,6,9
S01010196,Never worked,73,39,34
S01010197,All people aged 16 to 74 not in employment,236,100,136
S01010197,A B D E. Agriculture energy and water,1,0,1
S01010197,C. Manufacturing,21,14,7
S01010197,F. Construction,17,16,1
S01010197,G I. Distribution hotels and restaurants,56,26,30
S01010197,H J. Transport and communication,22,4,18
S01010197,K L M N. Financial real estate professional and administrative activities,14,6,8
S01010197,O P Q. Public administration education and health,28,5,23
S01010197,R S T U. Other,16,4,12
S01010197,Never worked,61,25,36
S01010198,All people aged 16 to 74 not in employment,407,213,194
S01010198,A B D E. Agriculture energy and water,6,5,1
S01010198,C. Manufacturing,35,25,10
S01010198,F. Construction,34,31,3
S01010198,G I. Distribution hotels and restaurants,87,43,44
S01010198,H J. Transport and communication,34,12,22
S01010198,K L M N. Financial real estate professional and administrative activities,41,20,21
S01010198,O P Q. Public administration education and health,65,15,50
S01010198,R S T U. Other,10,3,7
S01010198,Never worked,95,59,36
S01010199,All people aged 16 to 74 not in employment,193,76,117
S01010199,A B D E. Agriculture energy and water,1,1,0
S01010199,C. Manufacturing,8,3,5
S01010199,F. Construction,19,18,1
S01010199,G I. Distribution hotels and restaurants,43,20,23
S01010199,H J. Transport and communication,16,6,10
S01010199,K L M N. Financial real estate professional and administrative activities,18,8,10
S01010199,O P Q. Public administration education and health,33,2,31
S01010199,R S T U. Other,6,2,4
S01010199,Never worked,49,16,33
S01010200,All people aged 16 to 74 not in employment,228,105,123
S01010200,A B D E. Agriculture energy and water,2,2,0
S01010200,C. Manufacturing,30,14,16
S01010200,F. Construction,31,28,3
S01010200,G I. Distribution hotels and restaurants,35,18,17
S01010200,H J. Transport and communication,14,3,11
S01010200,K L M N. Financial real estate professional and administrative activities,30,9,21
S01010200,O P Q. Public administration education and health,42,7,35
S01010200,R S T U. Other,8,2,6
S01010200,Never worked,36,22,14
S01010201,All people aged 16 to 74 not in employment,163,72,91
S01010201,A B D E. Agriculture energy and water,1,1,0
S01010201,C. Manufacturing,17,10,7
S01010201,F. Construction,15,14,1
S01010201,G I. Distribution hotels and restaurants,34,22,12
S01010201,H J. Transport and communication,10,2,8
S01010201,K L M N. Financial real estate professional and administrative activities,17,9,8
S01010201,O P Q. Public administration education and health,35,2,33
S01010201,R S T U. Other,4,3,1
S01010201,Never worked,30,9,21
S01010202,All people aged 16 to 74 not in employment,319,132,187
S01010202,A B D E. Agriculture energy and water,3,2,1
S01010202,C. Manufacturing,21,8,13
S01010202,F. Construction,32,32,0
S01010202,G I. Distribution hotels and restaurants,54,19,35
S01010202,H J. Transport and communication,21,8,13
S01010202,K L M N. Financial real estate professional and administrative activities,30,4,26
S01010202,O P Q. Public administration education and health,40,10,30
S01010202,R S T U. Other,17,3,14
S01010202,Never worked,101,46,55
S01010203,All people aged 16 to 74 not in employment,134,52,82
S01010203,A B D E. Agriculture energy and water,6,3,3
S01010203,C. Manufacturing,13,7,6
S01010203,F. Construction,9,9,0
S01010203,G I. Distribution hotels and restaurants,18,7,11
S01010203,H J. Transport and communication,11,6,5
S01010203,K L M N. Financial real estate professional and administrative activities,9,0,9
S01010203,O P Q. Public administration education and health,24,5,19
S01010203,R S T U. Other,4,1,3
S01010203,Never worked,40,14,26
S01010204,All people aged 16 to 74 not in employment,336,156,180
S01010204,A B D E. Agriculture energy and water,2,1,1
S01010204,C. Manufacturing,26,13,13
S01010204,F. Construction,23,23,0
S01010204,G I. Distribution hotels and restaurants,56,32,24
S01010204,H J. Transport and communication,25,9,16
S01010204,K L M N. Financial real estate professional and administrative activities,25,12,13
S01010204,O P Q. Public administration education and health,54,10,44
S01010204,R S T U. Other,16,9,7
S01010204,Never worked,109,47,62
S01010205,All people aged 16 to 74 not in employment,247,102,145
S01010205,A B D E. Agriculture energy and water,1,0,1
S01010205,C. Manufacturing,14,4,10
S01010205,F. Construction,17,15,2
S01010205,G I. Distribution hotels and restaurants,50,30,20
S01010205,H J. Transport and communication,26,9,17
S01010205,K L M N. Financial real estate professional and administrative activities,12,3,9
S01010205,O P Q. Public administration education and health,51,8,43
S01010205,R S T U. Other,9,3,6
S01010205,Never worked,67,30,37
S01010206,All people aged 16 to 74 not in employment,295,128,167
S01010206,A B D E. Agriculture energy and water,3,1,2
S01010206,C. Manufacturing,5,5,0
S01010206,F. Construction,5,5,0
S01010206,G I. Distribution hotels and restaurants,22,11,11
S01010206,H J. Transport and communication,20,7,13
S01010206,K L M N. Financial real estate professional and administrative activities,12,4,8
S01010206,O P Q. Public administration education and health,23,6,17
S01010206,R S T U. Other,6,3,3
S01010206,Never worked,199,86,113
S01010207,All people aged 16 to 74 not in employment,325,154,171
S01010207,A B D E. Agriculture energy and water,8,6,2
S01010207,C. Manufacturing,10,4,6
S01010207,F. Construction,9,8,1
S01010207,G I. Distribution hotels and restaurants,39,26,13
S01010207,H J. Transport and communication,22,8,14
S01010207,K L M N. Financial real estate professional and administrative activities,18,7,11
S01010207,O P Q. Public administration education and health,44,13,31
S01010207,R S T U. Other,8,2,6
S01010207,Never worked,167,80,87
S01010208,All people aged 16 to 74 not in employment,274,135,139
S01010208,A B D E. Agriculture energy and water,7,5,2
S01010208,C. Manufacturing,18,12,6
S01010208,F. Construction,36,33,3
S01010208,G I. Distribution hotels and restaurants,36,21,15
S01010208,H J. Transport and communication,27,9,18
S01010208,K L M N. Financial real estate professional and administrative activities,25,13,12
S01010208,O P Q. Public administration education and health,56,11,45
S01010208,R S T U. Other,9,4,5
S01010208,Never worked,60,27,33
S01010209,All people aged 16 to 74 not in employment,320,141,179
S01010209,A B D E. Agriculture energy and water,3,3,0
S01010209,C. Manufacturing,25,13,12
S01010209,F. Construction,24,22,2
S01010209,G I. Distribution hotels and restaurants,58,26,32
S01010209,H J. Transport and communication,28,10,18
S01010209,K L M N. Financial real estate professional and administrative activities,21,7,14
S01010209,O P Q. Public administration education and health,65,16,49
S01010209,R S T U. Other,20,6,14
S01010209,Never worked,76,38,38
S01010210,All people aged 16 to 74 not in employment,292,131,161
S01010210,A B D E. Agriculture energy and water,5,4,1
S01010210,C. Manufacturing,24,12,12
S01010210,F. Construction,34,31,3
S01010210,G I. Distribution hotels and restaurants,49,19,30
S01010210,H J. Transport and communication,24,7,17
S01010210,K L M N. Financial real estate professional and administrative activities,30,17,13
S01010210,O P Q. Public administration education and health,69,18,51
S01010210,R S T U. Other,10,5,5
S01010210,Never worked,47,18,29
S01010211,All people aged 16 to 74 not in employment,372,168,204
S01010211,A B D E. Agriculture energy and water,6,4,2
S01010211,C. Manufacturing,33,20,13
S01010211,F. Construction,36,34,2
S01010211,G I. Distribution hotels and restaurants,65,33,32
S01010211,H J. Transport and communication,37,8,29
S01010211,K L M N. Financial real estate professional and administrative activities,33,13,20
S01010211,O P Q. Public administration education and health,55,12,43
S01010211,R S T U. Other,12,5,7
S01010211,Never worked,95,39,56
S01010212,All people aged 16 to 74 not in employment,437,209,228
S01010212,A B D E. Agriculture energy and water,12,6,6
S01010212,C. Manufacturing,34,15,19
S01010212,F. Construction,32,30,2
S01010212,G I. Distribution hotels and restaurants,77,43,34
S01010212,H J. Transport and communication,40,15,25
S01010212,K L M N. Financial real estate professional and administrative activities,47,28,19
S01010212,O P Q. Public administration education and health,65,15,50
S01010212,R S T U. Other,14,5,9
S01010212,Never worked,116,52,64
S01010213,All people aged 16 to 74 not in employment,304,114,190
S01010213,A B D E. Agriculture energy and water,5,2,3
S01010213,C. Manufacturing,28,14,14
S01010213,F. Construction,24,22,2
S01010213,G I. Distribution hotels and restaurants,68,31,37
S01010213,H J. Transport and communication,19,4,15
S01010213,K L M N. Financial real estate professional and administrative activities,21,8,13
S01010213,O P Q. Public administration education and health,83,15,68
S01010213,R S T U. Other,8,2,6
S01010213,Never worked,48,16,32
S01010214,All people aged 16 to 74 not in employment,277,120,157
S01010214,A B D E. Agriculture energy and water,4,2,2
S01010214,C. Manufacturing,32,19,13
S01010214,F. Construction,22,18,4
S01010214,G I. Distribution hotels and restaurants,41,16,25
S01010214,H J. Transport and communication,27,14,13
S01010214,K L M N. Financial real estate professional and administrative activities,23,7,16
S01010214,O P Q. Public administration education and health,57,9,48
S01010214,R S T U. Other,12,2,10
S01010214,Never worked,59,33,26
S01010215,All people aged 16 to 74 not in employment,361,152,209
S01010215,A B D E. Agriculture energy and water,2,1,1
S01010215,C. Manufacturing,40,18,22
S01010215,F. Construction,25,23,2
S01010215,G I. Distribution hotels and restaurants,65,39,26
S01010215,H J. Transport and communication,38,8,30
S01010215,K L M N. Financial real estate professional and administrative activities,34,12,22
S01010215,O P Q. Public administration education and health,81,25,56
S01010215,R S T U. Other,11,6,5
S01010215,Never worked,65,20,45
S01010216,All people aged 16 to 74 not in employment,249,125,124
S01010216,A B D E. Agriculture energy and water,3,1,2
S01010216,C. Manufacturing,23,9,14
S01010216,F. Construction,21,18,3
S01010216,G I. Distribution hotels and restaurants,51,24,27
S01010216,H J. Transport and communication,18,8,10
S01010216,K L M N. Financial real estate professional and administrative activities,17,7,10
S01010216,O P Q. Public administration education and health,33,9,24
S01010216,R S T U. Other,7,2,5
S01010216,Never worked,76,47,29
S01010217,All people aged 16 to 74 not in employment,319,125,194
S01010217,A B D E. Agriculture energy and water,3,3,0
S01010217,C. Manufacturing,20,13,7
S01010217,F. Construction,18,15,3
S01010217,G I. Distribution hotels and restaurants,51,23,28
S01010217,H J. Transport and communication,25,9,16
S01010217,K L M N. Financial real estate professional and administrative activities,27,15,12
S01010217,O P Q. Public administration education and health,37,5,32
S01010217,R S T U. Other,15,5,10
S01010217,Never worked,123,37,86
S01010218,All people aged 16 to 74 not in employment,338,154,184
S01010218,A B D E. Agriculture energy and water,4,0,4
S01010218,C. Manufacturing,24,14,10
S01010218,F. Construction,23,21,2
S01010218,G I. Distribution hotels and restaurants,68,40,28
S01010218,H J. Transport and communication,42,15,27
S01010218,K L M N. Financial real estate professional and administrative activities,36,15,21
S01010218,O P Q. Public administration education and health,48,9,39
S01010218,R S T U. Other,7,4,3
S01010218,Never worked,86,36,50
S01010219,All people aged 16 to 74 not in employment,210,106,104
S01010219,A B D E. Agriculture energy and water,2,2,0
S01010219,C. Manufacturing,16,12,4
S01010219,F. Construction,11,11,0
S01010219,G I. Distribution hotels and restaurants,26,11,15
S01010219,H J. Transport and communication,17,8,9
S01010219,K L M N. Financial real estate professional and administrative activities,32,20,12
S01010219,O P Q. Public administration education and health,22,4,18
S01010219,R S T U. Other,5,1,4
S01010219,Never worked,79,37,42
S01010220,All people aged 16 to 74 not in employment,94,47,47
S01010220,A B D E. Agriculture energy and water,2,1,1
S01010220,C. Manufacturing,3,3,0
S01010220,F. Construction,7,4,3
S01010220,G I. Distribution hotels and restaurants,10,7,3
S01010220,H J. Transport and communication,10,5,5
S01010220,K L M N. Financial real estate professional and administrative activities,9,5,4
S01010220,O P Q. Public administration education and health,20,5,15
S01010220,R S T U. Other,5,5,0
S01010220,Never worked,28,12,16
S01010221,All people aged 16 to 74 not in employment,236,123,113
S01010221,A B D E. Agriculture energy and water,4,3,1
S01010221,C. Manufacturing,14,9,5
S01010221,F. Construction,17,16,1
S01010221,G I. Distribution hotels and restaurants,56,35,21
S01010221,H J. Transport and communication,14,1,13
S01010221,K L M N. Financial real estate professional and administrative activities,19,12,7
S01010221,O P Q. Public administration education and health,30,4,26
S01010221,R S T U. Other,13,5,8
S01010221,Never worked,69,38,31
S01010222,All people aged 16 to 74 not in employment,180,76,104
S01010222,A B D E. Agriculture energy and water,1,0,1
S01010222,C. Manufacturing,19,11,8
S01010222,F. Construction,14,12,2
S01010222,G I. Distribution hotels and restaurants,27,13,14
S01010222,H J. Transport and communication,24,6,18
S01010222,K L M N. Financial real estate professional and administrative activities,18,8,10
S01010222,O P Q. Public administration education and health,20,2,18
S01010222,R S T U. Other,10,3,7
S01010222,Never worked,47,21,26
S01010223,All people aged 16 to 74 not in employment,238,125,113
S01010223,A B D E. Agriculture energy and water,5,4,1
S01010223,C. Manufacturing,29,19,10
S01010223,F. Construction,21,20,1
S01010223,G I. Distribution hotels and restaurants,45,24,21
S01010223,H J. Transport and communication,22,11,11
S01010223,K L M N. Financial real estate professional and administrative activities,25,16,9
S01010223,O P Q. Public administration education and health,30,6,24
S01010223,R S T U. Other,4,2,2
S01010223,Never worked,57,23,34
S01010224,All people aged 16 to 74 not in employment,409,181,228
S01010224,A B D E. Agriculture energy and water,6,4,2
S01010224,C. Manufacturing,23,14,9
S01010224,F. Construction,26,23,3
S01010224,G I. Distribution hotels and restaurants,78,36,42
S01010224,H J. Transport and communication,37,13,24
S01010224,K L M N. Financial real estate professional and administrative activities,40,18,22
S01010224,O P Q. Public administration education and health,56,10,46
S01010224,R S T U. Other,9,5,4
S01010224,Never worked,134,58,76
S01010225,All people aged 16 to 74 not in employment,308,149,159
S01010225,A B D E. Agriculture energy and water,5,4,1
S01010225,C. Manufacturing,15,12,3
S01010225,F. Construction,24,23,1
S01010225,G I. Distribution hotels and restaurants,52,26,26
S01010225,H J. Transport and communication,21,4,17
S01010225,K L M N. Financial real estate professional and administrative activities,34,18,16
S01010225,O P Q. Public administration education and health,50,12,38
S01010225,R S T U. Other,7,5,2
S01010225,Never worked,100,45,55
S01010226,All people aged 16 to 74 not in employment,326,154,172
S01010226,A B D E. Agriculture energy and water,2,0,2
S01010226,C. Manufacturing,18,14,4
S01010226,F. Construction,14,11,3
S01010226,G I. Distribution hotels and restaurants,36,17,19
S01010226,H J. Transport and communication,37,20,17
S01010226,K L M N. Financial real estate professional and administrative activities,20,15,5
S01010226,O P Q. Public administration education and health,36,13,23
S01010226,R S T U. Other,11,4,7
S01010226,Never worked,152,60,92
S01010227,All people aged 16 to 74 not in employment,285,122,163
S01010227,A B D E. Agriculture energy and water,2,1,1
S01010227,C. Manufacturing,9,4,5
S01010227,F. Construction,9,8,1
S01010227,G I. Distribution hotels and restaurants,35,16,19
S01010227,H J. Transport and communication,25,8,17
S01010227,K L M N. Financial real estate professional and administrative activities,22,15,7
S01010227,O P Q. Public administration education and health,24,10,14
S01010227,R S T U. Other,5,3,2
S01010227,Never worked,154,57,97
S01010228,All people aged 16 to 74 not in employment,282,142,140
S01010228,A B D E. Agriculture energy and water,4,3,1
S01010228,C. Manufacturing,26,13,13
S01010228,F. Construction,40,36,4
S01010228,G I. Distribution hotels and restaurants,38,20,18
S01010228,H J. Transport and communication,14,4,10
S01010228,K L M N. Financial real estate professional and administrative activities,28,11,17
S01010228,O P Q. Public administration education and health,55,18,37
S01010228,R S T U. Other,4,0,4
S01010228,Never worked,73,37,36
S01010229,All people aged 16 to 74 not in employment,350,168,182
S01010229,A B D E. Agriculture energy and water,6,4,2
S01010229,C. Manufacturing,25,7,18
S01010229,F. Construction,29,28,1
S01010229,G I. Distribution hotels and restaurants,73,32,41
S01010229,H J. Transport and communication,30,10,20
S01010229,K L M N. Financial real estate professional and administrative activities,33,16,17
S01010229,O P Q. Public administration education and health,54,17,37
S01010229,R S T U. Other,10,5,5
S01010229,Never worked,90,49,41
S01010230,All people aged 16 to 74 not in employment,448,235,213
S01010230,A B D E. Agriculture energy and water,7,4,3
S01010230,C. Manufacturing,40,16,24
S01010230,F. Construction,21,20,1
S01010230,G I. Distribution hotels and restaurants,70,43,27
S01010230,H J. Transport and communication,40,20,20
S01010230,K L M N. Financial real estate professional and administrative activities,39,30,9
S01010230,O P Q. Public administration education and health,57,20,37
S01010230,R S T U. Other,19,13,6
S01010230,Never worked,155,69,86
S01010231,All people aged 16 to 74 not in employment,344,145,199
S01010231,A B D E. Agriculture energy and water,6,5,1
S01010231,C. Manufacturing,26,10,16
S01010231,F. Construction,26,25,1
S01010231,G I. Distribution hotels and restaurants,53,23,30
S01010231,H J. Transport and communication,32,13,19
S01010231,K L M N. Financial real estate professional and administrative activities,35,9,26
S01010231,O P Q. Public administration education and health,55,17,38
S01010231,R S T U. Other,10,4,6
S01010231,Never worked,101,39,62
S01010232,All people aged 16 to 74 not in employment,400,184,216
S01010232,A B D E. Agriculture energy and water,5,5,0
S01010232,C. Manufacturing,26,11,15
S01010232,F. Construction,23,22,1
S01010232,G I. Distribution hotels and restaurants,65,36,29
S01010232,H J. Transport and communication,30,12,18
S01010232,K L M N. Financial real estate professional and administrative activities,53,29,24
S01010232,O P Q. Public administration education and health,47,13,34
S01010232,R S T U. Other,12,1,11
S01010232,Never worked,139,55,84
S01010233,All people aged 16 to 74 not in employment,416,193,223
S01010233,A B D E. Agriculture energy and water,6,5,1
S01010233,C. Manufacturing,38,22,16
S01010233,F. Construction,34,33,1
S01010233,G I. Distribution hotels and restaurants,58,30,28
S01010233,H J. Transport and communication,34,12,22
S01010233,K L M N. Financial real estate professional and administrative activities,37,20,17
S01010233,O P Q. Public administration education and health,50,14,36
S01010233,R S T U. Other,7,3,4
S01010233,Never worked,152,54,98
S01010234,All people aged 16 to 74 not in employment,278,143,135
S01010234,A B D E. Agriculture energy and water,4,4,0
S01010234,C. Manufacturing,23,11,12
S01010234,F. Construction,24,23,1
S01010234,G I. Distribution hotels and restaurants,61,30,31
S01010234,H J. Transport and communication,24,11,13
S01010234,K L M N. Financial real estate professional and administrative activities,24,10,14
S01010234,O P Q. Public administration education and health,44,13,31
S01010234,R S T U. Other,17,7,10
S01010234,Never worked,57,34,23
S01010235,All people aged 16 to 74 not in employment,192,91,101
S01010235,A B D E. Agriculture energy and water,3,1,2
S01010235,C. Manufacturing,15,8,7
S01010235,F. Construction,6,6,0
S01010235,G I. Distribution hotels and restaurants,39,16,23
S01010235,H J. Transport and communication,24,9,15
S01010235,K L M N. Financial real estate professional and administrative activities,21,9,12
S01010235,O P Q. Public administration education and health,25,9,16
S01010235,R S T U. Other,4,1,3
S01010235,Never worked,55,32,23
S01010236,All people aged 16 to 74 not in employment,208,99,109
S01010236,A B D E. Agriculture energy and water,5,4,1
S01010236,C. Manufacturing,11,5,6
S01010236,F. Construction,13,13,0
S01010236,G I. Distribution hotels and restaurants,42,16,26
S01010236,H J. Transport and communication,23,12,11
S01010236,K L M N. Financial real estate professional and administrative activities,27,16,11
S01010236,O P Q. Public administration education and health,33,9,24
S01010236,R S T U. Other,10,3,7
S01010236,Never worked,44,21,23
S01010237,All people aged 16 to 74 not in employment,161,72,89
S01010237,A B D E. Agriculture energy and water,1,1,0
S01010237,C. Manufacturing,16,10,6
S01010237,F. Construction,8,7,1
S01010237,G I. Distribution hotels and restaurants,24,13,11
S01010237,H J. Transport and communication,19,8,11
S01010237,K L M N. Financial real estate professional and administrative activities,16,7,9
S01010237,O P Q. Public administration education and health,49,11,38
S01010237,R S T U. Other,9,4,5
S01010237,Never worked,19,11,8
S01010238,All people aged 16 to 74 not in employment,230,112,118
S01010238,A B D E. Agriculture energy and water,1,0,1
S01010238,C. Manufacturing,26,12,14
S01010238,F. Construction,20,19,1
S01010238,G I. Distribution hotels and restaurants,33,16,17
S01010238,H J. Transport and communication,19,8,11
S01010238,K L M N. Financial real estate professional and administrative activities,40,23,17
S01010238,O P Q. Public administration education and health,37,10,27
S01010238,R S T U. Other,8,4,4
S01010238,Never worked,46,20,26
S01010239,All people aged 16 to 74 not in employment,298,136,162
S01010239,A B D E. Agriculture energy and water,5,4,1
S01010239,C. Manufacturing,36,15,21
S01010239,F. Construction,32,31,1
S01010239,G I. Distribution hotels and restaurants,50,24,26
S01010239,H J. Transport and communication,26,7,19
S01010239,K L M N. Financial real estate professional and administrative activities,27,17,10
S01010239,O P Q. Public administration education and health,46,4,42
S01010239,R S T U. Other,11,4,7
S01010239,Never worked,65,30,35
S01010240,All people aged 16 to 74 not in employment,222,104,118
S01010240,A B D E. Agriculture energy and water,7,7,0
S01010240,C. Manufacturing,26,11,15
S01010240,F. Construction,17,15,2
S01010240,G I. Distribution hotels and restaurants,37,15,22
S01010240,H J. Transport and communication,19,6,13
S01010240,K L M N. Financial real estate professional and administrative activities,31,19,12
S01010240,O P Q. Public administration education and health,41,10,31
S01010240,R S T U. Other,10,8,2
S01010240,Never worked,34,13,21
S01010241,All people aged 16 to 74 not in employment,330,168,162
S01010241,A B D E. Agriculture energy and water,5,5,0
S01010241,C. Manufacturing,33,17,16
S01010241,F. Construction,35,33,2
S01010241,G I. Distribution hotels and restaurants,67,38,29
S01010241,H J. Transport and communication,39,15,24
S01010241,K L M N. Financial real estate professional and administrative activities,32,17,15
S01010241,O P Q. Public administration education and health,63,13,50
S01010241,R S T U. Other,13,8,5
S01010241,Never worked,43,22,21
S01010242,All people aged 16 to 74 not in employment,276,132,144
S01010242,A B D E. Agriculture energy and water,7,5,2
S01010242,C. Manufacturing,23,14,9
S01010242,F. Construction,15,14,1
S01010242,G I. Distribution hotels and restaurants,51,28,23
S01010242,H J. Transport and communication,35,11,24
S01010242,K L M N. Financial real estate professional and administrative activities,25,10,15
S01010242,O P Q. Public administration education and health,44,15,29
S01010242,R S T U. Other,11,6,5
S01010242,Never worked,65,29,36
S01010243,All people aged 16 to 74 not in employment,385,196,189
S01010243,A B D E. Agriculture energy and water,10,7,3
S01010243,C. Manufacturing,20,11,9
S01010243,F. Construction,28,26,2
S01010243,G I. Distribution hotels and restaurants,58,29,29
S01010243,H J. Transport and communication,53,30,23
S01010243,K L M N. Financial real estate professional and administrative activities,48,28,20
S01010243,O P Q. Public administration education and health,55,15,40
S01010243,R S T U. Other,10,6,4
S01010243,Never worked,103,44,59
S01010244,All people aged 16 to 74 not in employment,353,187,166
S01010244,A B D E. Agriculture energy and water,7,2,5
S01010244,C. Manufacturing,50,28,22
S01010244,F. Construction,23,20,3
S01010244,G I. Distribution hotels and restaurants,47,24,23
S01010244,H J. Transport and communication,30,18,12
S01010244,K L M N. Financial real estate professional and administrative activities,39,26,13
S01010244,O P Q. Public administration education and health,53,19,34
S01010244,R S T U. Other,8,3,5
S01010244,Never worked,96,47,49
S01010245,All people aged 16 to 74 not in employment,474,228,246
S01010245,A B D E. Agriculture energy and water,8,5,3
S01010245,C. Manufacturing,63,27,36
S01010245,F. Construction,46,41,5
S01010245,G I. Distribution hotels and restaurants,66,34,32
S01010245,H J. Transport and communication,31,7,24
S01010245,K L M N. Financial real estate professional and administrative activities,50,24,26
S01010245,O P Q. Public administration education and health,52,17,35
S01010245,R S T U. Other,15,7,8
S01010245,Never worked,143,66,77
S01010246,All people aged 16 to 74 not in employment,345,148,197
S01010246,A B D E. Agriculture energy and water,12,9,3
S01010246,C. Manufacturing,36,13,23
S01010246,F. Construction,31,28,3
S01010246,G I. Distribution hotels and restaurants,71,24,47
S01010246,H J. Transport and communication,26,9,17
S01010246,K L M N. Financial real estate professional and administrative activities,32,18,14
S01010246,O P Q. Public administration education and health,39,9,30
S01010246,R S T U. Other,20,6,14
S01010246,Never worked,78,32,46
S01010247,All people aged 16 to 74 not in employment,216,100,116
S01010247,A B D E. Agriculture energy and water,6,6,0
S01010247,C. Manufacturing,26,10,16
S01010247,F. Construction,18,18,0
S01010247,G I. Distribution hotels and restaurants,42,20,22
S01010247,H J. Transport and communication,19,6,13
S01010247,K L M N. Financial real estate professional and administrative activities,24,9,15
S01010247,O P Q. Public administration education and health,33,8,25
S01010247,R S T U. Other,6,2,4
S01010247,Never worked,42,21,21
S01010248,All people aged 16 to 74 not in employment,223,131,92
S01010248,A B D E. Agriculture energy and water,4,3,1
S01010248,C. Manufacturing,18,12,6
S01010248,F. Construction,24,22,2
S01010248,G I. Distribution hotels and restaurants,51,31,20
S01010248,H J. Transport and communication,32,16,16
S01010248,K L M N. Financial real estate professional and administrative activities,17,6,11
S01010248,O P Q. Public administration education and health,34,13,21
S01010248,R S T U. Other,9,2,7
S01010248,Never worked,34,26,8
S01010249,All people aged 16 to 74 not in employment,225,110,115
S01010249,A B D E. Agriculture energy and water,3,3,0
S01010249,C. Manufacturing,21,10,11
S01010249,F. Construction,17,17,0
S01010249,G I. Distribution hotels and restaurants,48,23,25
S01010249,H J. Transport and communication,26,13,13
S01010249,K L M N. Financial real estate professional and administrative activities,31,14,17
S01010249,O P Q. Public administration education and health,35,11,24
S01010249,R S T U. Other,13,5,8
S01010249,Never worked,31,14,17
S01010250,All people aged 16 to 74 not in employment,200,100,100
S01010250,A B D E. Agriculture energy and water,9,8,1
S01010250,C. Manufacturing,7,5,2
S01010250,F. Construction,4,4,0
S01010250,G I. Distribution hotels and restaurants,41,19,22
S01010250,H J. Transport and communication,35,16,19
S01010250,K L M N. Financial real estate professional and administrative activities,27,17,10
S01010250,O P Q. Public administration education and health,28,8,20
S01010250,R S T U. Other,9,4,5
S01010250,Never worked,40,19,21
S01010251,All people aged 16 to 74 not in employment,157,77,80
S01010251,A B D E. Agriculture energy and water,3,2,1
S01010251,C. Manufacturing,6,5,1
S01010251,F. Construction,7,6,1
S01010251,G I. Distribution hotels and restaurants,32,18,14
S01010251,H J. Transport and communication,22,8,14
S01010251,K L M N. Financial real estate professional and administrative activities,19,10,9
S01010251,O P Q. Public administration education and health,20,3,17
S01010251,R S T U. Other,10,5,5
S01010251,Never worked,38,20,18
S01010252,All people aged 16 to 74 not in employment,168,91,77
S01010252,A B D E. Agriculture energy and water,0,0,0
S01010252,C. Manufacturing,10,4,6
S01010252,F. Construction,11,11,0
S01010252,G I. Distribution hotels and restaurants,29,18,11
S01010252,H J. Transport and communication,12,7,5
S01010252,K L M N. Financial real estate professional and administrative activities,24,14,10
S01010252,O P Q. Public administration education and health,28,10,18
S01010252,R S T U. Other,6,1,5
S01010252,Never worked,48,26,22
S01010253,All people aged 16 to 74 not in employment,272,144,128
S01010253,A B D E. Agriculture energy and water,5,2,3
S01010253,C. Manufacturing,36,22,14
S01010253,F. Construction,28,28,0
S01010253,G I. Distribution hotels and restaurants,43,24,19
S01010253,H J. Transport and communication,21,8,13
S01010253,K L M N. Financial real estate professional and administrative activities,20,8,12
S01010253,O P Q. Public administration education and health,40,16,24
S01010253,R S T U. Other,8,2,6
S01010253,Never worked,71,34,37
S01010254,All people aged 16 to 74 not in employment,370,170,200
S01010254,A B D E. Agriculture energy and water,13,10,3
S01010254,C. Manufacturing,45,20,25
S01010254,F. Construction,33,31,2
S01010254,G I. Distribution hotels and restaurants,79,36,43
S01010254,H J. Transport and communication,38,20,18
S01010254,K L M N. Financial real estate professional and administrative activities,23,9,14
S01010254,O P Q. Public administration education and health,51,10,41
S01010254,R S T U. Other,17,6,11
S01010254,Never worked,71,28,43
S01010255,All people aged 16 to 74 not in employment,292,161,131
S01010255,A B D E. Agriculture energy and water,8,3,5
S01010255,C. Manufacturing,38,21,17
S01010255,F. Construction,26,26,0
S01010255,G I. Distribution hotels and restaurants,49,26,23
S01010255,H J. Transport and communication,24,14,10
S01010255,K L M N. Financial real estate professional and administrative activities,32,20,12
S01010255,O P Q. Public administration education and health,30,11,19
S01010255,R S T U. Other,15,7,8
S01010255,Never worked,70,33,37
S01010256,All people aged 16 to 74 not in employment,347,173,174
S01010256,A B D E. Agriculture energy and water,6,4,2
S01010256,C. Manufacturing,49,28,21
S01010256,F. Construction,36,33,3
S01010256,G I. Distribution hotels and restaurants,59,34,25
S01010256,H J. Transport and communication,29,2,27
S01010256,K L M N. Financial real estate professional and administrative activities,31,17,14
S01010256,O P Q. Public administration education and health,52,17,35
S01010256,R S T U. Other,17,5,12
S01010256,Never worked,68,33,35
S01010257,All people aged 16 to 74 not in employment,449,274,175
S01010257,A B D E. Agriculture energy and water,4,3,1
S01010257,C. Manufacturing,22,17,5
S01010257,F. Construction,21,17,4
S01010257,G I. Distribution hotels and restaurants,70,35,35
S01010257,H J. Transport and communication,44,26,18
S01010257,K L M N. Financial real estate professional and administrative activities,44,30,14
S01010257,O P Q. Public administration education and health,61,27,34
S01010257,R S T U. Other,10,6,4
S01010257,Never worked,173,113,60
S01010258,All people aged 16 to 74 not in employment,997,484,513
S01010258,A B D E. Agriculture energy and water,16,9,7
S01010258,C. Manufacturing,43,28,15
S01010258,F. Construction,32,20,12
S01010258,G I. Distribution hotels and restaurants,135,65,70
S01010258,H J. Transport and communication,134,64,70
S01010258,K L M N. Financial real estate professional and administrative activities,99,55,44
S01010258,O P Q. Public administration education and health,84,37,47
S01010258,R S T U. Other,32,8,24
S01010258,Never worked,422,198,224
S01010259,All people aged 16 to 74 not in employment,757,436,321
S01010259,A B D E. Agriculture energy and water,8,7,1
S01010259,C. Manufacturing,32,21,11
S01010259,F. Construction,41,39,2
S01010259,G I. Distribution hotels and restaurants,140,88,52
S01010259,H J. Transport and communication,103,53,50
S01010259,K L M N. Financial real estate professional and administrative activities,69,37,32
S01010259,O P Q. Public administration education and health,68,18,50
S01010259,R S T U. Other,29,17,12
S01010259,Never worked,267,156,111
S01010260,All people aged 16 to 74 not in employment,1121,550,571
S01010260,A B D E. Agriculture energy and water,15,11,4
S01010260,C. Manufacturing,46,35,11
S01010260,F. Construction,26,26,0
S01010260,G I. Distribution hotels and restaurants,179,63,116
S01010260,H J. Transport and communication,159,67,92
S01010260,K L M N. Financial real estate professional and administrative activities,90,56,34
S01010260,O P Q. Public administration education and health,106,36,70
S01010260,R S T U. Other,74,41,33
S01010260,Never worked,426,215,211
S01010261,All people aged 16 to 74 not in employment,1753,870,883
S01010261,A B D E. Agriculture energy and water,19,13,6
S01010261,C. Manufacturing,76,44,32
S01010261,F. Construction,50,45,5
S01010261,G I. Distribution hotels and restaurants,329,146,183
S01010261,H J. Transport and communication,313,105,208
S01010261,K L M N. Financial real estate professional and administrative activities,142,90,52
S01010261,O P Q. Public administration education and health,169,62,107
S01010261,R S T U. Other,72,34,38
S01010261,Never worked,583,331,252
S01010262,All people aged 16 to 74 not in employment,417,228,189
S01010262,A B D E. Agriculture energy and water,5,3,2
S01010262,C. Manufacturing,34,19,15
S01010262,F. Construction,37,37,0
S01010262,G I. Distribution hotels and restaurants,64,41,23
S01010262,H J. Transport and communication,65,30,35
S01010262,K L M N. Financial real estate professional and administrative activities,32,19,13
S01010262,O P Q. Public administration education and health,81,30,51
S01010262,R S T U. Other,16,6,10
S01010262,Never worked,83,43,40
S01010263,All people aged 16 to 74 not in employment,272,160,112
S01010263,A B D E. Agriculture energy and water,5,4,1
S01010263,C. Manufacturing,11,7,4
S01010263,F. Construction,16,15,1
S01010263,G I. Distribution hotels and restaurants,41,27,14
S01010263,H J. Transport and communication,29,11,18
S01010263,K L M N. Financial real estate professional and administrative activities,53,24,29
S01010263,O P Q. Public administration education and health,35,21,14
S01010263,R S T U. Other,5,3,2
S01010263,Never worked,77,48,29
S01010264,All people aged 16 to 74 not in employment,318,216,102
S01010264,A B D E. Agriculture energy and water,6,5,1
S01010264,C. Manufacturing,25,22,3
S01010264,F. Construction,30,30,0
S01010264,G I. Distribution hotels and restaurants,43,25,18
S01010264,H J. Transport and communication,31,19,12
S01010264,K L M N. Financial real estate professional and administrative activities,57,37,20
S01010264,O P Q. Public administration education and health,42,18,24
S01010264,R S T U. Other,9,5,4
S01010264,Never worked,75,55,20
S01010265,All people aged 16 to 74 not in employment,426,201,225
S01010265,A B D E. Agriculture energy and water,2,2,0
S01010265,C. Manufacturing,13,7,6
S01010265,F. Construction,3,2,1
S01010265,G I. Distribution hotels and restaurants,75,30,45
S01010265,H J. Transport and communication,62,26,36
S01010265,K L M N. Financial real estate professional and administrative activities,47,31,16
S01010265,O P Q. Public administration education and health,59,30,29
S01010265,R S T U. Other,29,17,12
S01010265,Never worked,136,56,80
S01010266,All people aged 16 to 74 not in employment,223,90,133
S01010266,A B D E. Agriculture energy and water,0,0,0
S01010266,C. Manufacturing,6,5,1
S01010266,F. Construction,4,3,1
S01010266,G I. Distribution hotels and restaurants,35,20,15
S01010266,H J. Transport and communication,39,12,27
S01010266,K L M N. Financial real estate professional and administrative activities,28,6,22
S01010266,O P Q. Public administration education and health,17,5,12
S01010266,R S T U. Other,14,11,3
S01010266,Never worked,80,28,52
S01010267,All people aged 16 to 74 not in employment,249,114,135
S01010267,A B D E. Agriculture energy and water,4,3,1
S01010267,C. Manufacturing,15,9,6
S01010267,F. Construction,7,5,2
S01010267,G I. Distribution hotels and restaurants,39,18,21
S01010267,H J. Transport and communication,45,19,26
S01010267,K L M N. Financial real estate professional and administrative activities,30,16,14
S01010267,O P Q. Public administration education and health,31,16,15
S01010267,R S T U. Other,6,4,2
S01010267,Never worked,72,24,48
S01010268,All people aged 16 to 74 not in employment,363,170,193
S01010268,A B D E. Agriculture energy and water,5,3,2
S01010268,C. Manufacturing,14,4,10
S01010268,F. Construction,4,4,0
S01010268,G I. Distribution hotels and restaurants,59,28,31
S01010268,H J. Transport and communication,53,23,30
S01010268,K L M N. Financial real estate professional and administrative activities,32,17,15
S01010268,O P Q. Public administration education and health,46,23,23
S01010268,R S T U. Other,16,7,9
S01010268,Never worked,134,61,73
S01010269,All people aged 16 to 74 not in employment,253,136,117
S01010269,A B D E. Agriculture energy and water,7,5,2
S01010269,C. Manufacturing,6,5,1
S01010269,F. Construction,7,7,0
S01010269,G I. Distribution hotels and restaurants,28,15,13
S01010269,H J. Transport and communication,35,15,20
S01010269,K L M N. Financial real estate professional and administrative activities,27,17,10
S01010269,O P Q. Public administration education and health,25,11,14
S01010269,R S T U. Other,15,5,10
S01010269,Never worked,103,56,47
S01010270,All people aged 16 to 74 not in employment,591,358,233
S01010270,A B D E. Agriculture energy and water,11,7,4
S01010270,C. Manufacturing,42,27,15
S01010270,F. Construction,46,44,2
S01010270,G I. Distribution hotels and restaurants,101,66,35
S01010270,H J. Transport and communication,78,35,43
S01010270,K L M N. Financial real estate professional and administrative activities,69,45,24
S01010270,O P Q. Public administration education and health,106,45,61
S01010270,R S T U. Other,27,10,17
S01010270,Never worked,111,79,32
S01010271,All people aged 16 to 74 not in employment,365,186,179
S01010271,A B D E. Agriculture energy and water,1,0,1
S01010271,C. Manufacturing,12,9,3
S01010271,F. Construction,12,10,2
S01010271,G I. Distribution hotels and restaurants,66,29,37
S01010271,H J. Transport and communication,65,29,36
S01010271,K L M N. Financial real estate professional and administrative activities,45,30,15
S01010271,O P Q. Public administration education and health,38,10,28
S01010271,R S T U. Other,22,12,10
S01010271,Never worked,104,57,47
S01010272,All people aged 16 to 74 not in employment,454,277,177
S01010272,A B D E. Agriculture energy and water,6,5,1
S01010272,C. Manufacturing,28,20,8
S01010272,F. Construction,33,31,2
S01010272,G I. Distribution hotels and restaurants,70,37,33
S01010272,H J. Transport and communication,53,28,25
S01010272,K L M N. Financial real estate professional and administrative activities,44,29,15
S01010272,O P Q. Public administration education and health,66,45,21
S01010272,R S T U. Other,8,7,1
S01010272,Never worked,146,75,71
S01010273,All people aged 16 to 74 not in employment,203,123,80
S01010273,A B D E. Agriculture energy and water,3,2,1
S01010273,C. Manufacturing,10,6,4
S01010273,F. Construction,10,6,4
S01010273,G I. Distribution hotels and restaurants,19,13,6
S01010273,H J. Transport and communication,35,16,19
S01010273,K L M N. Financial real estate professional and administrative activities,21,16,5
S01010273,O P Q. Public administration education and health,14,5,9
S01010273,R S T U. Other,6,4,2
S01010273,Never worked,85,55,30
S01010274,All people aged 16 to 74 not in employment,193,113,80
S01010274,A B D E. Agriculture energy and water,0,0,0
S01010274,C. Manufacturing,17,13,4
S01010274,F. Construction,5,4,1
S01010274,G I. Distribution hotels and restaurants,33,25,8
S01010274,H J. Transport and communication,26,9,17
S01010274,K L M N. Financial real estate professional and administrative activities,25,12,13
S01010274,O P Q. Public administration education and health,21,12,9
S01010274,R S T U. Other,7,4,3
S01010274,Never worked,59,34,25
S01010275,All people aged 16 to 74 not in employment,180,99,81
S01010275,A B D E. Agriculture energy and water,5,3,2
S01010275,C. Manufacturing,6,6,0
S01010275,F. Construction,3,2,1
S01010275,G I. Distribution hotels and restaurants,17,11,6
S01010275,H J. Transport and communication,31,14,17
S01010275,K L M N. Financial real estate professional and administrative activities,16,14,2
S01010275,O P Q. Public administration education and health,28,8,20
S01010275,R S T U. Other,10,4,6
S01010275,Never worked,64,37,27
S01010276,All people aged 16 to 74 not in employment,259,144,115
S01010276,A B D E. Agriculture energy and water,1,1,0
S01010276,C. Manufacturing,16,13,3
S01010276,F. Construction,4,2,2
S01010276,G I. Distribution hotels and restaurants,28,16,12
S01010276,H J. Transport and communication,27,13,14
S01010276,K L M N. Financial real estate professional and administrative activities,28,17,11
S01010276,O P Q. Public administration education and health,52,17,35
S01010276,R S T U. Other,11,5,6
S01010276,Never worked,92,60,32
S01010277,All people aged 16 to 74 not in employment,231,107,124
S01010277,A B D E. Agriculture energy and water,3,2,1
S01010277,C. Manufacturing,20,12,8
S01010277,F. Construction,14,14,0
S01010277,G I. Distribution hotels and restaurants,29,14,15
S01010277,H J. Transport and communication,31,12,19
S01010277,K L M N. Financial real estate professional and administrative activities,21,5,16
S01010277,O P Q. Public administration education and health,44,12,32
S01010277,R S T U. Other,6,2,4
S01010277,Never worked,63,34,29
S01010278,All people aged 16 to 74 not in employment,199,72,127
S01010278,A B D E. Agriculture energy and water,1,1,0
S01010278,C. Manufacturing,7,3,4
S01010278,F. Construction,7,7,0
S01010278,G I. Distribution hotels and restaurants,24,9,15
S01010278,H J. Transport and communication,26,7,19
S01010278,K L M N. Financial real estate professional and administrative activities,26,6,20
S01010278,O P Q. Public administration education and health,30,11,19
S01010278,R S T U. Other,8,1,7
S01010278,Never worked,70,27,43
S01010279,All people aged 16 to 74 not in employment,249,125,124
S01010279,A B D E. Agriculture energy and water,4,4,0
S01010279,C. Manufacturing,11,8,3
S01010279,F. Construction,14,13,1
S01010279,G I. Distribution hotels and restaurants,40,12,28
S01010279,H J. Transport and communication,40,22,18
S01010279,K L M N. Financial real estate professional and administrative activities,30,15,15
S01010279,O P Q. Public administration education and health,45,19,26
S01010279,R S T U. Other,9,3,6
S01010279,Never worked,56,29,27
S01010280,All people aged 16 to 74 not in employment,243,134,109
S01010280,A B D E. Agriculture energy and water,0,0,0
S01010280,C. Manufacturing,17,14,3
S01010280,F. Construction,7,6,1
S01010280,G I. Distribution hotels and restaurants,44,32,12
S01010280,H J. Transport and communication,45,22,23
S01010280,K L M N. Financial real estate professional and administrative activities,25,14,11
S01010280,O P Q. Public administration education and health,36,17,19
S01010280,R S T U. Other,10,7,3
S01010280,Never worked,59,22,37
S01010281,All people aged 16 to 74 not in employment,254,149,105
S01010281,A B D E. Agriculture energy and water,3,3,0
S01010281,C. Manufacturing,13,9,4
S01010281,F. Construction,9,9,0
S01010281,G I. Distribution hotels and restaurants,54,37,17
S01010281,H J. Transport and communication,32,21,11
S01010281,K L M N. Financial real estate professional and administrative activities,25,12,13
S01010281,O P Q. Public administration education and health,40,23,17
S01010281,R S T U. Other,8,7,1
S01010281,Never worked,70,28,42
S01010282,All people aged 16 to 74 not in employment,345,172,173
S01010282,A B D E. Agriculture energy and water,4,3,1
S01010282,C. Manufacturing,19,16,3
S01010282,F. Construction,30,27,3
S01010282,G I. Distribution hotels and restaurants,45,19,26
S01010282,H J. Transport and communication,54,20,34
S01010282,K L M N. Financial real estate professional and administrative activities,29,18,11
S01010282,O P Q. Public administration education and health,53,19,34
S01010282,R S T U. Other,19,7,12
S01010282,Never worked,92,43,49
S01010283,All people aged 16 to 74 not in employment,133,64,69
S01010283,A B D E. Agriculture energy and water,2,0,2
S01010283,C. Manufacturing,7,6,1
S01010283,F. Construction,4,4,0
S01010283,G I. Distribution hotels and restaurants,19,11,8
S01010283,H J. Transport and communication,21,12,9
S01010283,K L M N. Financial real estate professional and administrative activities,15,8,7
S01010283,O P Q. Public administration education and health,17,4,13
S01010283,R S T U. Other,7,2,5
S01010283,Never worked,41,17,24
S01010284,All people aged 16 to 74 not in employment,685,302,383
S01010284,A B D E. Agriculture energy and water,4,2,2
S01010284,C. Manufacturing,20,10,10
S01010284,F. Construction,19,19,0
S01010284,G I. Distribution hotels and restaurants,57,16,41
S01010284,H J. Transport and communication,70,35,35
S01010284,K L M N. Financial real estate professional and administrative activities,82,36,46
S01010284,O P Q. Public administration education and health,110,54,56
S01010284,R S T U. Other,28,14,14
S01010284,Never worked,295,116,179
S01010285,All people aged 16 to 74 not in employment,305,165,140
S01010285,A B D E. Agriculture energy and water,6,4,2
S01010285,C. Manufacturing,28,20,8
S01010285,F. Construction,4,4,0
S01010285,G I. Distribution hotels and restaurants,44,28,16
S01010285,H J. Transport and communication,46,23,23
S01010285,K L M N. Financial real estate professional and administrative activities,35,24,11
S01010285,O P Q. Public administration education and health,56,16,40
S01010285,R S T U. Other,11,7,4
S01010285,Never worked,75,39,36
S01010286,All people aged 16 to 74 not in employment,948,391,557
S01010286,A B D E. Agriculture energy and water,6,4,2
S01010286,C. Manufacturing,23,8,15
S01010286,F. Construction,19,18,1
S01010286,G I. Distribution hotels and restaurants,111,40,71
S01010286,H J. Transport and communication,141,54,87
S01010286,K L M N. Financial real estate professional and administrative activities,77,33,44
S01010286,O P Q. Public administration education and health,78,26,52
S01010286,R S T U. Other,28,10,18
S01010286,Never worked,465,198,267
S01010287,All people aged 16 to 74 not in employment,354,172,182
S01010287,A B D E. Agriculture energy and water,3,2,1
S01010287,C. Manufacturing,8,5,3
S01010287,F. Construction,7,4,3
S01010287,G I. Distribution hotels and restaurants,49,27,22
S01010287,H J. Transport and communication,65,25,40
S01010287,K L M N. Financial real estate professional and administrative activities,35,17,18
S01010287,O P Q. Public administration education and health,50,18,32
S01010287,R S T U. Other,15,7,8
S01010287,Never worked,122,67,55
S01010288,All people aged 16 to 74 not in employment,289,137,152
S01010288,A B D E. Agriculture energy and water,4,3,1
S01010288,C. Manufacturing,9,7,2
S01010288,F. Construction,7,5,2
S01010288,G I. Distribution hotels and restaurants,45,20,25
S01010288,H J. Transport and communication,43,16,27
S01010288,K L M N. Financial real estate professional and administrative activities,23,14,9
S01010288,O P Q. Public administration education and health,41,17,24
S01010288,R S T U. Other,11,2,9
S01010288,Never worked,106,53,53
S01010289,All people aged 16 to 74 not in employment,186,97,89
S01010289,A B D E. Agriculture energy and water,3,2,1
S01010289,C. Manufacturing,4,1,3
S01010289,F. Construction,6,5,1
S01010289,G I. Distribution hotels and restaurants,27,15,12
S01010289,H J. Transport and communication,26,15,11
S01010289,K L M N. Financial real estate professional and administrative activities,21,11,10
S01010289,O P Q. Public administration education and health,35,13,22
S01010289,R S T U. Other,12,4,8
S01010289,Never worked,52,31,21
S01010290,All people aged 16 to 74 not in employment,205,93,112
S01010290,A B D E. Agriculture energy and water,2,2,0
S01010290,C. Manufacturing,8,6,2
S01010290,F. Construction,5,3,2
S01010290,G I. Distribution hotels and restaurants,34,14,20
S01010290,H J. Transport and communication,25,11,14
S01010290,K L M N. Financial real estate professional and administrative activities,28,11,17
S01010290,O P Q. Public administration education and health,35,13,22
S01010290,R S T U. Other,6,1,5
S01010290,Never worked,62,32,30
S01010291,All people aged 16 to 74 not in employment,543,278,265
S01010291,A B D E. Agriculture energy and water,8,4,4
S01010291,C. Manufacturing,11,10,1
S01010291,F. Construction,15,13,2
S01010291,G I. Distribution hotels and restaurants,88,40,48
S01010291,H J. Transport and communication,98,45,53
S01010291,K L M N. Financial real estate professional and administrative activities,50,34,16
S01010291,O P Q. Public administration education and health,89,30,59
S01010291,R S T U. Other,28,17,11
S01010291,Never worked,156,85,71
S01010292,All people aged 16 to 74 not in employment,348,170,178
S01010292,A B D E. Agriculture energy and water,11,7,4
S01010292,C. Manufacturing,14,7,7
S01010292,F. Construction,14,14,0
S01010292,G I. Distribution hotels and restaurants,58,27,31
S01010292,H J. Transport and communication,68,32,36
S01010292,K L M N. Financial real estate professional and administrative activities,30,13,17
S01010292,O P Q. Public administration education and health,54,20,34
S01010292,R S T U. Other,22,12,10
S01010292,Never worked,77,38,39
S01010293,All people aged 16 to 74 not in employment,326,158,168
S01010293,A B D E. Agriculture energy and water,4,2,2
S01010293,C. Manufacturing,10,8,2
S01010293,F. Construction,9,8,1
S01010293,G I. Distribution hotels and restaurants,57,27,30
S01010293,H J. Transport and communication,73,38,35
S01010293,K L M N. Financial real estate professional and administrative activities,28,17,11
S01010293,O P Q. Public administration education and health,28,8,20
S01010293,R S T U. Other,13,6,7
S01010293,Never worked,104,44,60
S01010294,All people aged 16 to 74 not in employment,329,137,192
S01010294,A B D E. Agriculture energy and water,2,2,0
S01010294,C. Manufacturing,10,8,2
S01010294,F. Construction,5,5,0
S01010294,G I. Distribution hotels and restaurants,54,21,33
S01010294,H J. Transport and communication,88,40,48
S01010294,K L M N. Financial real estate professional and administrative activities,29,17,12
S01010294,O P Q. Public administration education and health,38,12,26
S01010294,R S T U. Other,16,5,11
S01010294,Never worked,87,27,60
S01010295,All people aged 16 to 74 not in employment,407,191,216
S01010295,A B D E. Agriculture energy and water,5,4,1
S01010295,C. Manufacturing,19,13,6
S01010295,F. Construction,8,7,1
S01010295,G I. Distribution hotels and restaurants,82,44,38
S01010295,H J. Transport and communication,77,30,47
S01010295,K L M N. Financial real estate professional and administrative activities,39,20,19
S01010295,O P Q. Public administration education and health,43,14,29
S01010295,R S T U. Other,13,8,5
S01010295,Never worked,121,51,70
S01010296,All people aged 16 to 74 not in employment,273,114,159
S01010296,A B D E. Agriculture energy and water,4,1,3
S01010296,C. Manufacturing,9,7,2
S01010296,F. Construction,5,2,3
S01010296,G I. Distribution hotels and restaurants,40,24,16
S01010296,H J. Transport and communication,42,14,28
S01010296,K L M N. Financial real estate professional and administrative activities,43,16,27
S01010296,O P Q. Public administration education and health,36,17,19
S01010296,R S T U. Other,11,5,6
S01010296,Never worked,83,28,55
S01010297,All people aged 16 to 74 not in employment,460,272,188
S01010297,A B D E. Agriculture energy and water,5,5,0
S01010297,C. Manufacturing,44,25,19
S01010297,F. Construction,24,21,3
S01010297,G I. Distribution hotels and restaurants,59,41,18
S01010297,H J. Transport and communication,71,47,24
S01010297,K L M N. Financial real estate professional and administrative activities,46,28,18
S01010297,O P Q. Public administration education and health,71,30,41
S01010297,R S T U. Other,31,21,10
S01010297,Never worked,109,54,55
S01010298,All people aged 16 to 74 not in employment,301,148,153
S01010298,A B D E. Agriculture energy and water,3,3,0
S01010298,C. Manufacturing,21,8,13
S01010298,F. Construction,18,15,3
S01010298,G I. Distribution hotels and restaurants,40,19,21
S01010298,H J. Transport and communication,42,16,26
S01010298,K L M N. Financial real estate professional and administrative activities,45,26,19
S01010298,O P Q. Public administration education and health,54,24,30
S01010298,R S T U. Other,9,6,3
S01010298,Never worked,69,31,38
S01010299,All people aged 16 to 74 not in employment,239,96,143
S01010299,A B D E. Agriculture energy and water,1,0,1
S01010299,C. Manufacturing,19,9,10
S01010299,F. Construction,17,15,2
S01010299,G I. Distribution hotels and restaurants,33,14,19
S01010299,H J. Transport and communication,34,14,20
S01010299,K L M N. Financial real estate professional and administrative activities,15,6,9
S01010299,O P Q. Public administration education and health,41,13,28
S01010299,R S T U. Other,5,2,3
S01010299,Never worked,74,23,51
S01010300,All people aged 16 to 74 not in employment,370,203,167
S01010300,A B D E. Agriculture energy and water,4,2,2
S01010300,C. Manufacturing,18,12,6
S01010300,F. Construction,15,11,4
S01010300,G I. Distribution hotels and restaurants,41,20,21
S01010300,H J. Transport and communication,51,26,25
S01010300,K L M N. Financial real estate professional and administrative activities,50,31,19
S01010300,O P Q. Public administration education and health,42,17,25
S01010300,R S T U. Other,17,4,13
S01010300,Never worked,132,80,52
S01010301,All people aged 16 to 74 not in employment,191,102,89
S01010301,A B D E. Agriculture energy and water,3,2,1
S01010301,C. Manufacturing,7,4,3
S01010301,F. Construction,10,9,1
S01010301,G I. Distribution hotels and restaurants,24,15,9
S01010301,H J. Transport and communication,30,14,16
S01010301,K L M N. Financial real estate professional and administrative activities,14,6,8
S01010301,O P Q. Public administration education and health,29,12,17
S01010301,R S T U. Other,3,1,2
S01010301,Never worked,71,39,32
S01010302,All people aged 16 to 74 not in employment,324,180,144
S01010302,A B D E. Agriculture energy and water,8,6,2
S01010302,C. Manufacturing,23,12,11
S01010302,F. Construction,21,18,3
S01010302,G I. Distribution hotels and restaurants,38,21,17
S01010302,H J. Transport and communication,34,16,18
S01010302,K L M N. Financial real estate professional and administrative activities,24,18,6
S01010302,O P Q. Public administration education and health,48,21,27
S01010302,R S T U. Other,20,12,8
S01010302,Never worked,108,56,52
S01010303,All people aged 16 to 74 not in employment,244,109,135
S01010303,A B D E. Agriculture energy and water,2,0,2
S01010303,C. Manufacturing,6,3,3
S01010303,F. Construction,7,6,1
S01010303,G I. Distribution hotels and restaurants,26,14,12
S01010303,H J. Transport and communication,29,9,20
S01010303,K L M N. Financial real estate professional and administrative activities,20,13,7
S01010303,O P Q. Public administration education and health,22,11,11
S01010303,R S T U. Other,5,0,5
S01010303,Never worked,127,53,74
S01010304,All people aged 16 to 74 not in employment,242,124,118
S01010304,A B D E. Agriculture energy and water,5,5,0
S01010304,C. Manufacturing,11,5,6
S01010304,F. Construction,16,16,0
S01010304,G I. Distribution hotels and restaurants,29,11,18
S01010304,H J. Transport and communication,29,18,11
S01010304,K L M N. Financial real estate professional and administrative activities,32,21,11
S01010304,O P Q. Public administration education and health,38,8,30
S01010304,R S T U. Other,12,9,3
S01010304,Never worked,70,31,39
S01010305,All people aged 16 to 74 not in employment,310,159,151
S01010305,A B D E. Agriculture energy and water,2,0,2
S01010305,C. Manufacturing,21,12,9
S01010305,F. Construction,18,15,3
S01010305,G I. Distribution hotels and restaurants,33,17,16
S01010305,H J. Transport and communication,46,27,19
S01010305,K L M N. Financial real estate professional and administrative activities,35,16,19
S01010305,O P Q. Public administration education and health,51,18,33
S01010305,R S T U. Other,13,10,3
S01010305,Never worked,91,44,47
S01010306,All people aged 16 to 74 not in employment,263,136,127
S01010306,A B D E. Agriculture energy and water,1,0,1
S01010306,C. Manufacturing,9,7,2
S01010306,F. Construction,11,11,0
S01010306,G I. Distribution hotels and restaurants,38,16,22
S01010306,H J. Transport and communication,32,14,18
S01010306,K L M N. Financial real estate professional and administrative activities,23,14,9
S01010306,O P Q. Public administration education and health,49,20,29
S01010306,R S T U. Other,20,4,16
S01010306,Never worked,80,50,30
S01010307,All people aged 16 to 74 not in employment,224,101,123
S01010307,A B D E. Agriculture energy and water,0,0,0
S01010307,C. Manufacturing,7,5,2
S01010307,F. Construction,5,5,0
S01010307,G I. Distribution hotels and restaurants,30,11,19
S01010307,H J. Transport and communication,54,20,34
S01010307,K L M N. Financial real estate professional and administrative activities,32,23,9
S01010307,O P Q. Public administration education and health,45,14,31
S01010307,R S T U. Other,16,4,12
S01010307,Never worked,35,19,16
S01010308,All people aged 16 to 74 not in employment,322,142,180
S01010308,A B D E. Agriculture energy and water,6,4,2
S01010308,C. Manufacturing,11,4,7
S01010308,F. Construction,8,6,2
S01010308,G I. Distribution hotels and restaurants,38,20,18
S01010308,H J. Transport and communication,45,20,25
S01010308,K L M N. Financial real estate professional and administrative activities,33,21,12
S01010308,O P Q. Public administration education and health,70,25,45
S01010308,R S T U. Other,16,3,13
S01010308,Never worked,95,39,56
S01010309,All people aged 16 to 74 not in employment,193,108,85
S01010309,A B D E. Agriculture energy and water,5,5,0
S01010309,C. Manufacturing,23,17,6
S01010309,F. Construction,20,17,3
S01010309,G I. Distribution hotels and restaurants,26,14,12
S01010309,H J. Transport and communication,17,8,9
S01010309,K L M N. Financial real estate professional and administrative activities,19,8,11
S01010309,O P Q. Public administration education and health,24,6,18
S01010309,R S T U. Other,6,1,5
S01010309,Never worked,53,32,21
S01010310,All people aged 16 to 74 not in employment,273,146,127
S01010310,A B D E. Agriculture energy and water,5,4,1
S01010310,C. Manufacturing,24,13,11
S01010310,F. Construction,31,28,3
S01010310,G I. Distribution hotels and restaurants,39,19,20
S01010310,H J. Transport and communication,34,16,18
S01010310,K L M N. Financial real estate professional and administrative activities,23,11,12
S01010310,O P Q. Public administration education and health,20,8,12
S01010310,R S T U. Other,8,3,5
S01010310,Never worked,89,44,45
S01010311,All people aged 16 to 74 not in employment,341,155,186
S01010311,A B D E. Agriculture energy and water,5,4,1
S01010311,C. Manufacturing,28,12,16
S01010311,F. Construction,33,28,5
S01010311,G I. Distribution hotels and restaurants,54,30,24
S01010311,H J. Transport and communication,34,14,20
S01010311,K L M N. Financial real estate professional and administrative activities,21,7,14
S01010311,O P Q. Public administration education and health,45,10,35
S01010311,R S T U. Other,12,2,10
S01010311,Never worked,109,48,61
S01010312,All people aged 16 to 74 not in employment,390,166,224
S01010312,A B D E. Agriculture energy and water,7,5,2
S01010312,C. Manufacturing,29,17,12
S01010312,F. Construction,34,34,0
S01010312,G I. Distribution hotels and restaurants,63,27,36
S01010312,H J. Transport and communication,33,11,22
S01010312,K L M N. Financial real estate professional and administrative activities,52,18,34
S01010312,O P Q. Public administration education and health,47,10,37
S01010312,R S T U. Other,10,3,7
S01010312,Never worked,115,41,74
S01010313,All people aged 16 to 74 not in employment,319,160,159
S01010313,A B D E. Agriculture energy and water,6,6,0
S01010313,C. Manufacturing,22,10,12
S01010313,F. Construction,37,33,4
S01010313,G I. Distribution hotels and restaurants,67,38,29
S01010313,H J. Transport and communication,37,18,19
S01010313,K L M N. Financial real estate professional and administrative activities,35,13,22
S01010313,O P Q. Public administration education and health,35,9,26
S01010313,R S T U. Other,10,2,8
S01010313,Never worked,70,31,39
S01010314,All people aged 16 to 74 not in employment,596,330,266
S01010314,A B D E. Agriculture energy and water,4,2,2
S01010314,C. Manufacturing,45,28,17
S01010314,F. Construction,31,30,1
S01010314,G I. Distribution hotels and restaurants,89,46,43
S01010314,H J. Transport and communication,60,25,35
S01010314,K L M N. Financial real estate professional and administrative activities,47,25,22
S01010314,O P Q. Public administration education and health,79,29,50
S01010314,R S T U. Other,26,15,11
S01010314,Never worked,215,130,85
S01010315,All people aged 16 to 74 not in employment,266,108,158
S01010315,A B D E. Agriculture energy and water,5,5,0
S01010315,C. Manufacturing,17,8,9
S01010315,F. Construction,20,19,1
S01010315,G I. Distribution hotels and restaurants,29,13,16
S01010315,H J. Transport and communication,23,11,12
S01010315,K L M N. Financial real estate professional and administrative activities,26,13,13
S01010315,O P Q. Public administration education and health,48,11,37
S01010315,R S T U. Other,14,2,12
S01010315,Never worked,84,26,58
S01010316,All people aged 16 to 74 not in employment,204,100,104
S01010316,A B D E. Agriculture energy and water,1,1,0
S01010316,C. Manufacturing,17,14,3
S01010316,F. Construction,10,9,1
S01010316,G I. Distribution hotels and restaurants,40,19,21
S01010316,H J. Transport and communication,18,11,7
S01010316,K L M N. Financial real estate professional and administrative activities,19,8,11
S01010316,O P Q. Public administration education and health,26,9,17
S01010316,R S T U. Other,10,3,7
S01010316,Never worked,63,26,37
S01010317,All people aged 16 to 74 not in employment,205,95,110
S01010317,A B D E. Agriculture energy and water,1,1,0
S01010317,C. Manufacturing,13,9,4
S01010317,F. Construction,6,5,1
S01010317,G I. Distribution hotels and restaurants,34,19,15
S01010317,H J. Transport and communication,33,13,20
S01010317,K L M N. Financial real estate professional and administrative activities,25,7,18
S01010317,O P Q. Public administration education and health,41,17,24
S01010317,R S T U. Other,16,9,7
S01010317,Never worked,36,15,21
S01010318,All people aged 16 to 74 not in employment,1065,493,572
S01010318,A B D E. Agriculture energy and water,7,7,0
S01010318,C. Manufacturing,29,16,13
S01010318,F. Construction,16,16,0
S01010318,G I. Distribution hotels and restaurants,221,98,123
S01010318,H J. Transport and communication,227,77,150
S01010318,K L M N. Financial real estate professional and administrative activities,69,37,32
S01010318,O P Q. Public administration education and health,101,41,60
S01010318,R S T U. Other,61,27,34
S01010318,Never worked,334,174,160
S01010319,All people aged 16 to 74 not in employment,218,105,113
S01010319,A B D E. Agriculture energy and water,5,4,1
S01010319,C. Manufacturing,19,11,8
S01010319,F. Construction,11,9,2
S01010319,G I. Distribution hotels and restaurants,30,16,14
S01010319,H J. Transport and communication,29,12,17
S01010319,K L M N. Financial real estate professional and administrative activities,24,11,13
S01010319,O P Q. Public administration education and health,44,15,29
S01010319,R S T U. Other,4,1,3
S01010319,Never worked,52,26,26
S01010320,All people aged 16 to 74 not in employment,277,147,130
S01010320,A B D E. Agriculture energy and water,6,6,0
S01010320,C. Manufacturing,24,19,5
S01010320,F. Construction,15,14,1
S01010320,G I. Distribution hotels and restaurants,40,29,11
S01010320,H J. Transport and communication,38,19,19
S01010320,K L M N. Financial real estate professional and administrative activities,22,12,10
S01010320,O P Q. Public administration education and health,50,16,34
S01010320,R S T U. Other,8,5,3
S01010320,Never worked,74,27,47
S01010321,All people aged 16 to 74 not in employment,248,120,128
S01010321,A B D E. Agriculture energy and water,1,0,1
S01010321,C. Manufacturing,17,8,9
S01010321,F. Construction,17,16,1
S01010321,G I. Distribution hotels and restaurants,43,18,25
S01010321,H J. Transport and communication,29,11,18
S01010321,K L M N. Financial real estate professional and administrative activities,25,20,5
S01010321,O P Q. Public administration education and health,47,14,33
S01010321,R S T U. Other,16,9,7
S01010321,Never worked,53,24,29
S01010322,All people aged 16 to 74 not in employment,268,140,128
S01010322,A B D E. Agriculture energy and water,3,2,1
S01010322,C. Manufacturing,10,8,2
S01010322,F. Construction,3,3,0
S01010322,G I. Distribution hotels and restaurants,42,25,17
S01010322,H J. Transport and communication,38,21,17
S01010322,K L M N. Financial real estate professional and administrative activities,53,21,32
S01010322,O P Q. Public administration education and health,49,23,26
S01010322,R S T U. Other,12,7,5
S01010322,Never worked,58,30,28
S01010323,All people aged 16 to 74 not in employment,288,126,162
S01010323,A B D E. Agriculture energy and water,7,7,0
S01010323,C. Manufacturing,20,10,10
S01010323,F. Construction,22,21,1
S01010323,G I. Distribution hotels and restaurants,33,16,17
S01010323,H J. Transport and communication,22,8,14
S01010323,K L M N. Financial real estate professional and administrative activities,41,11,30
S01010323,O P Q. Public administration education and health,46,16,30
S01010323,R S T U. Other,6,1,5
S01010323,Never worked,91,36,55
S01010324,All people aged 16 to 74 not in employment,310,145,165
S01010324,A B D E. Agriculture energy and water,10,7,3
S01010324,C. Manufacturing,38,21,17
S01010324,F. Construction,30,30,0
S01010324,G I. Distribution hotels and restaurants,57,27,30
S01010324,H J. Transport and communication,17,2,15
S01010324,K L M N. Financial real estate professional and administrative activities,31,19,12
S01010324,O P Q. Public administration education and health,61,14,47
S01010324,R S T U. Other,13,5,8
S01010324,Never worked,53,20,33
S01010325,All people aged 16 to 74 not in employment,383,173,210
S01010325,A B D E. Agriculture energy and water,10,7,3
S01010325,C. Manufacturing,42,25,17
S01010325,F. Construction,33,31,2
S01010325,G I. Distribution hotels and restaurants,77,36,41
S01010325,H J. Transport and communication,31,10,21
S01010325,K L M N. Financial real estate professional and administrative activities,35,12,23
S01010325,O P Q. Public administration education and health,65,15,50
S01010325,R S T U. Other,16,4,12
S01010325,Never worked,74,33,41
S01010326,All people aged 16 to 74 not in employment,445,206,239
S01010326,A B D E. Agriculture energy and water,12,4,8
S01010326,C. Manufacturing,36,19,17
S01010326,F. Construction,41,39,2
S01010326,G I. Distribution hotels and restaurants,77,37,40
S01010326,H J. Transport and communication,38,9,29
S01010326,K L M N. Financial real estate professional and administrative activities,46,28,18
S01010326,O P Q. Public administration education and health,40,11,29
S01010326,R S T U. Other,19,7,12
S01010326,Never worked,136,52,84
S01010327,All people aged 16 to 74 not in employment,277,115,162
S01010327,A B D E. Agriculture energy and water,3,2,1
S01010327,C. Manufacturing,23,13,10
S01010327,F. Construction,15,15,0
S01010327,G I. Distribution hotels and restaurants,41,19,22
S01010327,H J. Transport and communication,29,6,23
S01010327,K L M N. Financial real estate professional and administrative activities,16,2,14
S01010327,O P Q. Public administration education and health,51,11,40
S01010327,R S T U. Other,9,1,8
S01010327,Never worked,90,46,44
S01010328,All people aged 16 to 74 not in employment,299,142,157
S01010328,A B D E. Agriculture energy and water,2,2,0
S01010328,C. Manufacturing,24,17,7
S01010328,F. Construction,26,21,5
S01010328,G I. Distribution hotels and restaurants,45,29,16
S01010328,H J. Transport and communication,26,6,20
S01010328,K L M N. Financial real estate professional and administrative activities,31,15,16
S01010328,O P Q. Public administration education and health,56,11,45
S01010328,R S T U. Other,18,6,12
S01010328,Never worked,71,35,36
S01010329,All people aged 16 to 74 not in employment,193,92,101
S01010329,A B D E. Agriculture energy and water,3,3,0
S01010329,C. Manufacturing,23,14,9
S01010329,F. Construction,14,13,1
S01010329,G I. Distribution hotels and restaurants,39,19,20
S01010329,H J. Transport and communication,15,5,10
S01010329,K L M N. Financial real estate professional and administrative activities,23,13,10
S01010329,O P Q. Public administration education and health,32,6,26
S01010329,R S T U. Other,9,2,7
S01010329,Never worked,35,17,18
S01010330,All people aged 16 to 74 not in employment,271,116,155
S01010330,A B D E. Agriculture energy and water,2,1,1
S01010330,C. Manufacturing,26,10,16
S01010330,F. Construction,21,20,1
S01010330,G I. Distribution hotels and restaurants,43,17,26
S01010330,H J. Transport and communication,29,10,19
S01010330,K L M N. Financial real estate professional and administrative activities,16,9,7
S01010330,O P Q. Public administration education and health,49,9,40
S01010330,R S T U. Other,9,6,3
S01010330,Never worked,76,34,42
S01010331,All people aged 16 to 74 not in employment,330,149,181
S01010331,A B D E. Agriculture energy and water,9,6,3
S01010331,C. Manufacturing,44,24,20
S01010331,F. Construction,24,22,2
S01010331,G I. Distribution hotels and restaurants,78,37,41
S01010331,H J. Transport and communication,25,6,19
S01010331,K L M N. Financial real estate professional and administrative activities,39,17,22
S01010331,O P Q. Public administration education and health,49,10,39
S01010331,R S T U. Other,10,6,4
S01010331,Never worked,52,21,31
S01010332,All people aged 16 to 74 not in employment,313,139,174
S01010332,A B D E. Agriculture energy and water,2,1,1
S01010332,C. Manufacturing,36,17,19
S01010332,F. Construction,25,24,1
S01010332,G I. Distribution hotels and restaurants,46,21,25
S01010332,H J. Transport and communication,25,6,19
S01010332,K L M N. Financial real estate professional and administrative activities,19,11,8
S01010332,O P Q. Public administration education and health,50,11,39
S01010332,R S T U. Other,7,2,5
S01010332,Never worked,103,46,57
S01010333,All people aged 16 to 74 not in employment,324,146,178
S01010333,A B D E. Agriculture energy and water,7,2,5
S01010333,C. Manufacturing,30,12,18
S01010333,F. Construction,40,36,4
S01010333,G I. Distribution hotels and restaurants,59,31,28
S01010333,H J. Transport and communication,26,9,17
S01010333,K L M N. Financial real estate professional and administrative activities,32,8,24
S01010333,O P Q. Public administration education and health,56,11,45
S01010333,R S T U. Other,10,4,6
S01010333,Never worked,64,33,31
S01010334,All people aged 16 to 74 not in employment,262,105,157
S01010334,A B D E. Agriculture energy and water,1,0,1
S01010334,C. Manufacturing,29,11,18
S01010334,F. Construction,18,16,2
S01010334,G I. Distribution hotels and restaurants,55,23,32
S01010334,H J. Transport and communication,21,6,15
S01010334,K L M N. Financial real estate professional and administrative activities,24,8,16
S01010334,O P Q. Public administration education and health,50,13,37
S01010334,R S T U. Other,12,3,9
S01010334,Never worked,52,25,27
S01010335,All people aged 16 to 74 not in employment,309,140,169
S01010335,A B D E. Agriculture energy and water,3,3,0
S01010335,C. Manufacturing,30,14,16
S01010335,F. Construction,28,27,1
S01010335,G I. Distribution hotels and restaurants,56,25,31
S01010335,H J. Transport and communication,29,9,20
S01010335,K L M N. Financial real estate professional and administrative activities,19,7,12
S01010335,O P Q. Public administration education and health,53,13,40
S01010335,R S T U. Other,9,4,5
S01010335,Never worked,82,38,44
S01010336,All people aged 16 to 74 not in employment,283,153,130
S01010336,A B D E. Agriculture energy and water,2,2,0
S01010336,C. Manufacturing,30,23,7
S01010336,F. Construction,28,26,2
S01010336,G I. Distribution hotels and restaurants,55,26,29
S01010336,H J. Transport and communication,24,15,9
S01010336,K L M N. Financial real estate professional and administrative activities,34,20,14
S01010336,O P Q. Public administration education and health,40,12,28
S01010336,R S T U. Other,8,4,4
S01010336,Never worked,62,25,37
S01010337,All people aged 16 to 74 not in employment,239,104,135
S01010337,A B D E. Agriculture energy and water,1,1,0
S01010337,C. Manufacturing,22,10,12
S01010337,F. Construction,25,22,3
S01010337,G I. Distribution hotels and restaurants,50,25,25
S01010337,H J. Transport and communication,14,4,10
S01010337,K L M N. Financial real estate professional and administrative activities,18,7,11
S01010337,O P Q. Public administration education and health,37,7,30
S01010337,R S T U. Other,16,7,9
S01010337,Never worked,56,21,35
S01010338,All people aged 16 to 74 not in employment,314,131,183
S01010338,A B D E. Agriculture energy and water,4,2,2
S01010338,C. Manufacturing,23,9,14
S01010338,F. Construction,29,26,3
S01010338,G I. Distribution hotels and restaurants,61,24,37
S01010338,H J. Transport and communication,30,11,19
S01010338,K L M N. Financial real estate professional and administrative activities,29,12,17
S01010338,O P Q. Public administration education and health,50,10,40
S01010338,R S T U. Other,10,3,7
S01010338,Never worked,78,34,44
S01010339,All people aged 16 to 74 not in employment,263,110,153
S01010339,A B D E. Agriculture energy and water,4,3,1
S01010339,C. Manufacturing,21,8,13
S01010339,F. Construction,21,21,0
S01010339,G I. Distribution hotels and restaurants,51,23,28
S01010339,H J. Transport and communication,26,8,18
S01010339,K L M N. Financial real estate professional and administrative activities,20,7,13
S01010339,O P Q. Public administration education and health,50,14,36
S01010339,R S T U. Other,8,3,5
S01010339,Never worked,62,23,39
S01010340,All people aged 16 to 74 not in employment,246,105,141
S01010340,A B D E. Agriculture energy and water,3,2,1
S01010340,C. Manufacturing,26,17,9
S01010340,F. Construction,22,20,2
S01010340,G I. Distribution hotels and restaurants,44,19,25
S01010340,H J. Transport and communication,17,6,11
S01010340,K L M N. Financial real estate professional and administrative activities,30,11,19
S01010340,O P Q. Public administration education and health,42,4,38
S01010340,R S T U. Other,13,5,8
S01010340,Never worked,49,21,28
S01010341,All people aged 16 to 74 not in employment,184,77,107
S01010341,A B D E. Agriculture energy and water,2,0,2
S01010341,C. Manufacturing,11,8,3
S01010341,F. Construction,19,17,2
S01010341,G I. Distribution hotels and restaurants,36,18,18
S01010341,H J. Transport and communication,8,3,5
S01010341,K L M N. Financial real estate professional and administrative activities,16,7,9
S01010341,O P Q. Public administration education and health,51,9,42
S01010341,R S T U. Other,8,2,6
S01010341,Never worked,33,13,20
S01010342,All people aged 16 to 74 not in employment,122,47,75
S01010342,A B D E. Agriculture energy and water,1,0,1
S01010342,C. Manufacturing,13,6,7
S01010342,F. Construction,14,13,1
S01010342,G I. Distribution hotels and restaurants,17,6,11
S01010342,H J. Transport and communication,13,2,11
S01010342,K L M N. Financial real estate professional and administrative activities,8,4,4
S01010342,O P Q. Public administration education and health,26,7,19
S01010342,R S T U. Other,4,1,3
S01010342,Never worked,26,8,18
S01010343,All people aged 16 to 74 not in employment,181,73,108
S01010343,A B D E. Agriculture energy and water,2,2,0
S01010343,C. Manufacturing,15,9,6
S01010343,F. Construction,12,10,2
S01010343,G I. Distribution hotels and restaurants,37,15,22
S01010343,H J. Transport and communication,12,8,4
S01010343,K L M N. Financial real estate professional and administrative activities,25,10,15
S01010343,O P Q. Public administration education and health,22,2,20
S01010343,R S T U. Other,11,3,8
S01010343,Never worked,45,14,31
S01010344,All people aged 16 to 74 not in employment,308,162,146
S01010344,A B D E. Agriculture energy and water,6,5,1
S01010344,C. Manufacturing,40,20,20
S01010344,F. Construction,31,30,1
S01010344,G I. Distribution hotels and restaurants,62,39,23
S01010344,H J. Transport and communication,31,10,21
S01010344,K L M N. Financial real estate professional and administrative activities,26,9,17
S01010344,O P Q. Public administration education and health,45,8,37
S01010344,R S T U. Other,9,4,5
S01010344,Never worked,58,37,21
S01010345,All people aged 16 to 74 not in employment,86,46,40
S01010345,A B D E. Agriculture energy and water,1,0,1
S01010345,C. Manufacturing,3,2,1
S01010345,F. Construction,8,7,1
S01010345,G I. Distribution hotels and restaurants,9,5,4
S01010345,H J. Transport and communication,2,1,1
S01010345,K L M N. Financial real estate professional and administrative activities,16,9,7
S01010345,O P Q. Public administration education and health,10,3,7
S01010345,R S T U. Other,5,2,3
S01010345,Never worked,32,17,15
S01010346,All people aged 16 to 74 not in employment,224,90,134
S01010346,A B D E. Agriculture energy and water,1,1,0
S01010346,C. Manufacturing,13,4,9
S01010346,F. Construction,12,9,3
S01010346,G I. Distribution hotels and restaurants,44,24,20
S01010346,H J. Transport and communication,19,8,11
S01010346,K L M N. Financial real estate professional and administrative activities,20,11,9
S01010346,O P Q. Public administration education and health,46,11,35
S01010346,R S T U. Other,6,3,3
S01010346,Never worked,63,19,44
S01010347,All people aged 16 to 74 not in employment,486,192,294
S01010347,A B D E. Agriculture energy and water,6,2,4
S01010347,C. Manufacturing,26,14,12
S01010347,F. Construction,16,15,1
S01010347,G I. Distribution hotels and restaurants,77,20,57
S01010347,H J. Transport and communication,45,19,26
S01010347,K L M N. Financial real estate professional and administrative activities,46,17,29
S01010347,O P Q. Public administration education and health,67,15,52
S01010347,R S T U. Other,29,10,19
S01010347,Never worked,174,80,94
S01010348,All people aged 16 to 74 not in employment,277,124,153
S01010348,A B D E. Agriculture energy and water,5,5,0
S01010348,C. Manufacturing,21,17,4
S01010348,F. Construction,30,26,4
S01010348,G I. Distribution hotels and restaurants,60,25,35
S01010348,H J. Transport and communication,31,9,22
S01010348,K L M N. Financial real estate professional and administrative activities,25,9,16
S01010348,O P Q. Public administration education and health,59,11,48
S01010348,R S T U. Other,8,5,3
S01010348,Never worked,38,17,21
S01010349,All people aged 16 to 74 not in employment,305,148,157
S01010349,A B D E. Agriculture energy and water,1,1,0
S01010349,C. Manufacturing,45,29,16
S01010349,F. Construction,34,34,0
S01010349,G I. Distribution hotels and restaurants,60,31,29
S01010349,H J. Transport and communication,22,8,14
S01010349,K L M N. Financial real estate professional and administrative activities,24,9,15
S01010349,O P Q. Public administration education and health,62,10,52
S01010349,R S T U. Other,8,1,7
S01010349,Never worked,49,25,24
S01010350,All people aged 16 to 74 not in employment,356,143,213
S01010350,A B D E. Agriculture energy and water,7,6,1
S01010350,C. Manufacturing,38,17,21
S01010350,F. Construction,34,31,3
S01010350,G I. Distribution hotels and restaurants,65,24,41
S01010350,H J. Transport and communication,34,11,23
S01010350,K L M N. Financial real estate professional and administrative activities,28,8,20
S01010350,O P Q. Public administration education and health,68,14,54
S01010350,R S T U. Other,14,1,13
S01010350,Never worked,68,31,37
S01010351,All people aged 16 to 74 not in employment,231,110,121
S01010351,A B D E. Agriculture energy and water,2,0,2
S01010351,C. Manufacturing,15,8,7
S01010351,F. Construction,17,16,1
S01010351,G I. Distribution hotels and restaurants,40,23,17
S01010351,H J. Transport and communication,36,11,25
S01010351,K L M N. Financial real estate professional and administrative activities,17,8,9
S01010351,O P Q. Public administration education and health,34,8,26
S01010351,R S T U. Other,4,2,2
S01010351,Never worked,66,34,32
S01010352,All people aged 16 to 74 not in employment,203,98,105
S01010352,A B D E. Agriculture energy and water,0,0,0
S01010352,C. Manufacturing,23,18,5
S01010352,F. Construction,20,19,1
S01010352,G I. Distribution hotels and restaurants,31,14,17
S01010352,H J. Transport and communication,17,3,14
S01010352,K L M N. Financial real estate professional and administrative activities,16,9,7
S01010352,O P Q. Public administration education and health,34,5,29
S01010352,R S T U. Other,13,4,9
S01010352,Never worked,49,26,23
S01010353,All people aged 16 to 74 not in employment,454,225,229
S01010353,A B D E. Agriculture energy and water,8,5,3
S01010353,C. Manufacturing,30,22,8
S01010353,F. Construction,42,36,6
S01010353,G I. Distribution hotels and restaurants,99,60,39
S01010353,H J. Transport and communication,36,16,20
S01010353,K L M N. Financial real estate professional and administrative activities,44,22,22
S01010353,O P Q. Public administration education and health,58,16,42
S01010353,R S T U. Other,14,4,10
S01010353,Never worked,123,44,79
S01010354,All people aged 16 to 74 not in employment,273,114,159
S01010354,A B D E. Agriculture energy and water,6,5,1
S01010354,C. Manufacturing,18,10,8
S01010354,F. Construction,20,18,2
S01010354,G I. Distribution hotels and restaurants,58,27,31
S01010354,H J. Transport and communication,30,6,24
S01010354,K L M N. Financial real estate professional and administrative activities,23,10,13
S01010354,O P Q. Public administration education and health,46,12,34
S01010354,R S T U. Other,12,3,9
S01010354,Never worked,60,23,37
S01010355,All people aged 16 to 74 not in employment,263,124,139
S01010355,A B D E. Agriculture energy and water,5,4,1
S01010355,C. Manufacturing,26,16,10
S01010355,F. Construction,22,21,1
S01010355,G I. Distribution hotels and restaurants,43,22,21
S01010355,H J. Transport and communication,22,7,15
S01010355,K L M N. Financial real estate professional and administrative activities,26,15,11
S01010355,O P Q. Public administration education and health,29,7,22
S01010355,R S T U. Other,8,2,6
S01010355,Never worked,82,30,52
S01010356,All people aged 16 to 74 not in employment,170,62,108
S01010356,A B D E. Agriculture energy and water,2,1,1
S01010356,C. Manufacturing,13,10,3
S01010356,F. Construction,10,7,3
S01010356,G I. Distribution hotels and restaurants,23,10,13
S01010356,H J. Transport and communication,16,3,13
S01010356,K L M N. Financial real estate professional and administrative activities,20,4,16
S01010356,O P Q. Public administration education and health,35,3,32
S01010356,R S T U. Other,6,2,4
S01010356,Never worked,45,22,23
S01010357,All people aged 16 to 74 not in employment,251,129,122
S01010357,A B D E. Agriculture energy and water,3,3,0
S01010357,C. Manufacturing,27,13,14
S01010357,F. Construction,28,27,1
S01010357,G I. Distribution hotels and restaurants,51,28,23
S01010357,H J. Transport and communication,27,10,17
S01010357,K L M N. Financial real estate professional and administrative activities,27,12,15
S01010357,O P Q. Public administration education and health,36,10,26
S01010357,R S T U. Other,9,3,6
S01010357,Never worked,43,23,20
S01010358,All people aged 16 to 74 not in employment,339,182,157
S01010358,A B D E. Agriculture energy and water,2,1,1
S01010358,C. Manufacturing,32,17,15
S01010358,F. Construction,43,39,4
S01010358,G I. Distribution hotels and restaurants,62,39,23
S01010358,H J. Transport and communication,41,14,27
S01010358,K L M N. Financial real estate professional and administrative activities,28,16,12
S01010358,O P Q. Public administration education and health,53,14,39
S01010358,R S T U. Other,17,9,8
S01010358,Never worked,61,33,28
S01010359,All people aged 16 to 74 not in employment,315,123,192
S01010359,A B D E. Agriculture energy and water,4,0,4
S01010359,C. Manufacturing,28,10,18
S01010359,F. Construction,18,17,1
S01010359,G I. Distribution hotels and restaurants,58,21,37
S01010359,H J. Transport and communication,23,6,17
S01010359,K L M N. Financial real estate professional and administrative activities,29,14,15
S01010359,O P Q. Public administration education and health,54,11,43
S01010359,R S T U. Other,16,7,9
S01010359,Never worked,85,37,48
S01010360,All people aged 16 to 74 not in employment,220,96,124
S01010360,A B D E. Agriculture energy and water,7,4,3
S01010360,C. Manufacturing,14,6,8
S01010360,F. Construction,14,12,2
S01010360,G I. Distribution hotels and restaurants,25,14,11
S01010360,H J. Transport and communication,26,12,14
S01010360,K L M N. Financial real estate professional and administrative activities,29,17,12
S01010360,O P Q. Public administration education and health,41,12,29
S01010360,R S T U. Other,10,1,9
S01010360,Never worked,54,18,36
S01010361,All people aged 16 to 74 not in employment,301,183,118
S01010361,A B D E. Agriculture energy and water,3,2,1
S01010361,C. Manufacturing,29,24,5
S01010361,F. Construction,36,36,0
S01010361,G I. Distribution hotels and restaurants,46,29,17
S01010361,H J. Transport and communication,30,16,14
S01010361,K L M N. Financial real estate professional and administrative activities,40,24,16
S01010361,O P Q. Public administration education and health,47,14,33
S01010361,R S T U. Other,11,8,3
S01010361,Never worked,59,30,29
S01010362,All people aged 16 to 74 not in employment,411,281,130
S01010362,A B D E. Agriculture energy and water,8,7,1
S01010362,C. Manufacturing,21,16,5
S01010362,F. Construction,53,52,1
S01010362,G I. Distribution hotels and restaurants,71,43,28
S01010362,H J. Transport and communication,66,44,22
S01010362,K L M N. Financial real estate professional and administrative activities,36,27,9
S01010362,O P Q. Public administration education and health,50,24,26
S01010362,R S T U. Other,16,9,7
S01010362,Never worked,90,59,31
S01010363,All people aged 16 to 74 not in employment,192,95,97
S01010363,A B D E. Agriculture energy and water,3,2,1
S01010363,C. Manufacturing,12,8,4
S01010363,F. Construction,6,6,0
S01010363,G I. Distribution hotels and restaurants,33,21,12
S01010363,H J. Transport and communication,18,7,11
S01010363,K L M N. Financial real estate professional and administrative activities,30,17,13
S01010363,O P Q. Public administration education and health,56,14,42
S01010363,R S T U. Other,6,5,1
S01010363,Never worked,28,15,13
S01010364,All people aged 16 to 74 not in employment,239,110,129
S01010364,A B D E. Agriculture energy and water,1,1,0
S01010364,C. Manufacturing,12,7,5
S01010364,F. Construction,6,6,0
S01010364,G I. Distribution hotels and restaurants,29,14,15
S01010364,H J. Transport and communication,20,13,7
S01010364,K L M N. Financial real estate professional and administrative activities,25,11,14
S01010364,O P Q. Public administration education and health,85,29,56
S01010364,R S T U. Other,4,4,0
S01010364,Never worked,57,25,32
S01010365,All people aged 16 to 74 not in employment,226,93,133
S01010365,A B D E. Agriculture energy and water,5,5,0
S01010365,C. Manufacturing,2,1,1
S01010365,F. Construction,4,2,2
S01010365,G I. Distribution hotels and restaurants,26,15,11
S01010365,H J. Transport and communication,24,11,13
S01010365,K L M N. Financial real estate professional and administrative activities,21,7,14
S01010365,O P Q. Public administration education and health,94,30,64
S01010365,R S T U. Other,6,2,4
S01010365,Never worked,44,20,24
S01010366,All people aged 16 to 74 not in employment,272,116,156
S01010366,A B D E. Agriculture energy and water,3,2,1
S01010366,C. Manufacturing,10,5,5
S01010366,F. Construction,6,6,0
S01010366,G I. Distribution hotels and restaurants,31,16,15
S01010366,H J. Transport and communication,28,13,15
S01010366,K L M N. Financial real estate professional and administrative activities,37,11,26
S01010366,O P Q. Public administration education and health,85,31,54
S01010366,R S T U. Other,13,2,11
S01010366,Never worked,59,30,29
S01010367,All people aged 16 to 74 not in employment,788,335,453
S01010367,A B D E. Agriculture energy and water,14,9,5
S01010367,C. Manufacturing,11,5,6
S01010367,F. Construction,18,16,2
S01010367,G I. Distribution hotels and restaurants,97,39,58
S01010367,H J. Transport and communication,88,42,46
S01010367,K L M N. Financial real estate professional and administrative activities,78,31,47
S01010367,O P Q. Public administration education and health,139,42,97
S01010367,R S T U. Other,27,13,14
S01010367,Never worked,316,138,178
S01010368,All people aged 16 to 74 not in employment,155,74,81
S01010368,A B D E. Agriculture energy and water,2,1,1
S01010368,C. Manufacturing,8,5,3
S01010368,F. Construction,4,2,2
S01010368,G I. Distribution hotels and restaurants,25,10,15
S01010368,H J. Transport and communication,15,7,8
S01010368,K L M N. Financial real estate professional and administrative activities,24,9,15
S01010368,O P Q. Public administration education and health,46,20,26
S01010368,R S T U. Other,8,6,2
S01010368,Never worked,23,14,9
S01010369,All people aged 16 to 74 not in employment,181,86,95
S01010369,A B D E. Agriculture energy and water,2,1,1
S01010369,C. Manufacturing,9,7,2
S01010369,F. Construction,4,4,0
S01010369,G I. Distribution hotels and restaurants,28,11,17
S01010369,H J. Transport and communication,19,9,10
S01010369,K L M N. Financial real estate professional and administrative activities,21,9,12
S01010369,O P Q. Public administration education and health,39,12,27
S01010369,R S T U. Other,8,4,4
S01010369,Never worked,51,29,22
S01010370,All people aged 16 to 74 not in employment,185,81,104
S01010370,A B D E. Agriculture energy and water,3,3,0
S01010370,C. Manufacturing,15,11,4
S01010370,F. Construction,3,3,0
S01010370,G I. Distribution hotels and restaurants,20,4,16
S01010370,H J. Transport and communication,25,12,13
S01010370,K L M N. Financial real estate professional and administrative activities,20,9,11
S01010370,O P Q. Public administration education and health,46,15,31
S01010370,R S T U. Other,13,4,9
S01010370,Never worked,40,20,20
S01010371,All people aged 16 to 74 not in employment,307,146,161
S01010371,A B D E. Agriculture energy and water,1,1,0
S01010371,C. Manufacturing,8,3,5
S01010371,F. Construction,8,6,2
S01010371,G I. Distribution hotels and restaurants,45,20,25
S01010371,H J. Transport and communication,36,16,20
S01010371,K L M N. Financial real estate professional and administrative activities,36,22,14
S01010371,O P Q. Public administration education and health,67,19,48
S01010371,R S T U. Other,18,10,8
S01010371,Never worked,88,49,39
S01010372,All people aged 16 to 74 not in employment,116,54,62
S01010372,A B D E. Agriculture energy and water,1,1,0
S01010372,C. Manufacturing,2,1,1
S01010372,F. Construction,7,6,1
S01010372,G I. Distribution hotels and restaurants,20,8,12
S01010372,H J. Transport and communication,13,3,10
S01010372,K L M N. Financial real estate professional and administrative activities,13,8,5
S01010372,O P Q. Public administration education and health,32,13,19
S01010372,R S T U. Other,5,3,2
S01010372,Never worked,23,11,12
S01010373,All people aged 16 to 74 not in employment,225,112,113
S01010373,A B D E. Agriculture energy and water,1,1,0
S01010373,C. Manufacturing,8,4,4
S01010373,F. Construction,9,9,0
S01010373,G I. Distribution hotels and restaurants,38,17,21
S01010373,H J. Transport and communication,22,9,13
S01010373,K L M N. Financial real estate professional and administrative activities,26,13,13
S01010373,O P Q. Public administration education and health,54,23,31
S01010373,R S T U. Other,18,8,10
S01010373,Never worked,49,28,21
S01010374,All people aged 16 to 74 not in employment,269,108,161
S01010374,A B D E. Agriculture energy and water,2,2,0
S01010374,C. Manufacturing,14,11,3
S01010374,F. Construction,4,4,0
S01010374,G I. Distribution hotels and restaurants,52,18,34
S01010374,H J. Transport and communication,40,11,29
S01010374,K L M N. Financial real estate professional and administrative activities,26,14,12
S01010374,O P Q. Public administration education and health,61,17,44
S01010374,R S T U. Other,15,8,7
S01010374,Never worked,55,23,32
S01010375,All people aged 16 to 74 not in employment,270,131,139
S01010375,A B D E. Agriculture energy and water,4,4,0
S01010375,C. Manufacturing,6,5,1
S01010375,F. Construction,7,6,1
S01010375,G I. Distribution hotels and restaurants,58,24,34
S01010375,H J. Transport and communication,67,26,41
S01010375,K L M N. Financial real estate professional and administrative activities,20,12,8
S01010375,O P Q. Public administration education and health,33,15,18
S01010375,R S T U. Other,21,12,9
S01010375,Never worked,54,27,27
S01010376,All people aged 16 to 74 not in employment,311,141,170
S01010376,A B D E. Agriculture energy and water,3,2,1
S01010376,C. Manufacturing,9,4,5
S01010376,F. Construction,7,5,2
S01010376,G I. Distribution hotels and restaurants,47,22,25
S01010376,H J. Transport and communication,39,14,25
S01010376,K L M N. Financial real estate professional and administrative activities,29,17,12
S01010376,O P Q. Public administration education and health,45,15,30
S01010376,R S T U. Other,10,4,6
S01010376,Never worked,122,58,64
S01010377,All people aged 16 to 74 not in employment,465,205,260
S01010377,A B D E. Agriculture energy and water,6,4,2
S01010377,C. Manufacturing,21,10,11
S01010377,F. Construction,9,9,0
S01010377,G I. Distribution hotels and restaurants,67,36,31
S01010377,H J. Transport and communication,76,33,43
S01010377,K L M N. Financial real estate professional and administrative activities,57,21,36
S01010377,O P Q. Public administration education and health,69,19,50
S01010377,R S T U. Other,26,15,11
S01010377,Never worked,134,58,76
S01010378,All people aged 16 to 74 not in employment,381,158,223
S01010378,A B D E. Agriculture energy and water,2,1,1
S01010378,C. Manufacturing,6,4,2
S01010378,F. Construction,5,4,1
S01010378,G I. Distribution hotels and restaurants,64,25,39
S01010378,H J. Transport and communication,107,41,66
S01010378,K L M N. Financial real estate professional and administrative activities,27,12,15
S01010378,O P Q. Public administration education and health,47,15,32
S01010378,R S T U. Other,32,14,18
S01010378,Never worked,91,42,49
S01010379,All people aged 16 to 74 not in employment,588,264,324
S01010379,A B D E. Agriculture energy and water,7,5,2
S01010379,C. Manufacturing,14,10,4
S01010379,F. Construction,7,6,1
S01010379,G I. Distribution hotels and restaurants,94,38,56
S01010379,H J. Transport and communication,119,46,73
S01010379,K L M N. Financial real estate professional and administrative activities,55,33,22
S01010379,O P Q. Public administration education and health,86,39,47
S01010379,R S T U. Other,43,21,22
S01010379,Never worked,163,66,97
S01010380,All people aged 16 to 74 not in employment,314,142,172
S01010380,A B D E. Agriculture energy and water,6,1,5
S01010380,C. Manufacturing,14,8,6
S01010380,F. Construction,14,14,0
S01010380,G I. Distribution hotels and restaurants,44,17,27
S01010380,H J. Transport and communication,40,14,26
S01010380,K L M N. Financial real estate professional and administrative activities,39,22,17
S01010380,O P Q. Public administration education and health,82,29,53
S01010380,R S T U. Other,11,5,6
S01010380,Never worked,64,32,32
S01010381,All people aged 16 to 74 not in employment,213,100,113
S01010381,A B D E. Agriculture energy and water,2,1,1
S01010381,C. Manufacturing,5,3,2
S01010381,F. Construction,3,3,0
S01010381,G I. Distribution hotels and restaurants,26,10,16
S01010381,H J. Transport and communication,40,22,18
S01010381,K L M N. Financial real estate professional and administrative activities,19,11,8
S01010381,O P Q. Public administration education and health,37,16,21
S01010381,R S T U. Other,8,4,4
S01010381,Never worked,73,30,43
S01010382,All people aged 16 to 74 not in employment,263,123,140
S01010382,A B D E. Agriculture energy and water,2,1,1
S01010382,C. Manufacturing,16,10,6
S01010382,F. Construction,13,12,1
S01010382,G I. Distribution hotels and restaurants,47,29,18
S01010382,H J. Transport and communication,42,10,32
S01010382,K L M N. Financial real estate professional and administrative activities,26,15,11
S01010382,O P Q. Public administration education and health,60,20,40
S01010382,R S T U. Other,16,6,10
S01010382,Never worked,41,20,21
S01010383,All people aged 16 to 74 not in employment,290,134,156
S01010383,A B D E. Agriculture energy and water,6,4,2
S01010383,C. Manufacturing,16,13,3
S01010383,F. Construction,22,21,1
S01010383,G I. Distribution hotels and restaurants,35,20,15
S01010383,H J. Transport and communication,46,16,30
S01010383,K L M N. Financial real estate professional and administrative activities,23,19,4
S01010383,O P Q. Public administration education and health,51,15,36
S01010383,R S T U. Other,9,3,6
S01010383,Never worked,82,23,59
S01010384,All people aged 16 to 74 not in employment,239,109,130
S01010384,A B D E. Agriculture energy and water,2,2,0
S01010384,C. Manufacturing,14,11,3
S01010384,F. Construction,9,8,1
S01010384,G I. Distribution hotels and restaurants,31,12,19
S01010384,H J. Transport and communication,33,14,19
S01010384,K L M N. Financial real estate professional and administrative activities,25,12,13
S01010384,O P Q. Public administration education and health,48,14,34
S01010384,R S T U. Other,10,4,6
S01010384,Never worked,67,32,35
S01010385,All people aged 16 to 74 not in employment,306,128,178
S01010385,A B D E. Agriculture energy and water,7,5,2
S01010385,C. Manufacturing,13,6,7
S01010385,F. Construction,6,6,0
S01010385,G I. Distribution hotels and restaurants,44,21,23
S01010385,H J. Transport and communication,57,18,39
S01010385,K L M N. Financial real estate professional and administrative activities,31,17,14
S01010385,O P Q. Public administration education and health,67,21,46
S01010385,R S T U. Other,14,6,8
S01010385,Never worked,67,28,39
S01010386,All people aged 16 to 74 not in employment,359,167,192
S01010386,A B D E. Agriculture energy and water,2,2,0
S01010386,C. Manufacturing,26,17,9
S01010386,F. Construction,30,26,4
S01010386,G I. Distribution hotels and restaurants,55,25,30
S01010386,H J. Transport and communication,37,9,28
S01010386,K L M N. Financial real estate professional and administrative activities,31,13,18
S01010386,O P Q. Public administration education and health,72,26,46
S01010386,R S T U. Other,17,7,10
S01010386,Never worked,89,42,47
S01010387,All people aged 16 to 74 not in employment,352,167,185
S01010387,A B D E. Agriculture energy and water,3,1,2
S01010387,C. Manufacturing,14,5,9
S01010387,F. Construction,18,17,1
S01010387,G I. Distribution hotels and restaurants,58,26,32
S01010387,H J. Transport and communication,56,29,27
S01010387,K L M N. Financial real estate professional and administrative activities,36,22,14
S01010387,O P Q. Public administration education and health,59,13,46
S01010387,R S T U. Other,12,6,6
S01010387,Never worked,96,48,48
S01010388,All people aged 16 to 74 not in employment,378,186,192
S01010388,A B D E. Agriculture energy and water,7,3,4
S01010388,C. Manufacturing,26,19,7
S01010388,F. Construction,32,31,1
S01010388,G I. Distribution hotels and restaurants,60,30,30
S01010388,H J. Transport and communication,45,18,27
S01010388,K L M N. Financial real estate professional and administrative activities,33,14,19
S01010388,O P Q. Public administration education and health,87,25,62
S01010388,R S T U. Other,17,7,10
S01010388,Never worked,71,39,32
S01010389,All people aged 16 to 74 not in employment,271,121,150
S01010389,A B D E. Agriculture energy and water,5,3,2
S01010389,C. Manufacturing,6,3,3
S01010389,F. Construction,7,6,1
S01010389,G I. Distribution hotels and restaurants,28,13,15
S01010389,H J. Transport and communication,34,17,17
S01010389,K L M N. Financial real estate professional and administrative activities,30,13,17
S01010389,O P Q. Public administration education and health,38,13,25
S01010389,R S T U. Other,10,6,4
S01010389,Never worked,113,47,66
S01010390,All people aged 16 to 74 not in employment,260,139,121
S01010390,A B D E. Agriculture energy and water,3,2,1
S01010390,C. Manufacturing,17,11,6
S01010390,F. Construction,14,13,1
S01010390,G I. Distribution hotels and restaurants,34,21,13
S01010390,H J. Transport and communication,32,16,16
S01010390,K L M N. Financial real estate professional and administrative activities,39,18,21
S01010390,O P Q. Public administration education and health,69,31,38
S01010390,R S T U. Other,14,11,3
S01010390,Never worked,38,16,22
S01010391,All people aged 16 to 74 not in employment,204,96,108
S01010391,A B D E. Agriculture energy and water,2,1,1
S01010391,C. Manufacturing,17,8,9
S01010391,F. Construction,10,10,0
S01010391,G I. Distribution hotels and restaurants,41,26,15
S01010391,H J. Transport and communication,31,16,15
S01010391,K L M N. Financial real estate professional and administrative activities,24,11,13
S01010391,O P Q. Public administration education and health,43,9,34
S01010391,R S T U. Other,2,2,0
S01010391,Never worked,34,13,21
S01010392,All people aged 16 to 74 not in employment,141,54,87
S01010392,A B D E. Agriculture energy and water,2,2,0
S01010392,C. Manufacturing,6,5,1
S01010392,F. Construction,4,3,1
S01010392,G I. Distribution hotels and restaurants,11,4,7
S01010392,H J. Transport and communication,17,4,13
S01010392,K L M N. Financial real estate professional and administrative activities,13,5,8
S01010392,O P Q. Public administration education and health,30,8,22
S01010392,R S T U. Other,4,0,4
S01010392,Never worked,54,23,31
S01010393,All people aged 16 to 74 not in employment,246,119,127
S01010393,A B D E. Agriculture energy and water,4,3,1
S01010393,C. Manufacturing,18,12,6
S01010393,F. Construction,9,7,2
S01010393,G I. Distribution hotels and restaurants,42,18,24
S01010393,H J. Transport and communication,31,15,16
S01010393,K L M N. Financial real estate professional and administrative activities,14,8,6
S01010393,O P Q. Public administration education and health,73,28,45
S01010393,R S T U. Other,15,10,5
S01010393,Never worked,40,18,22
S01010394,All people aged 16 to 74 not in employment,331,184,147
S01010394,A B D E. Agriculture energy and water,3,1,2
S01010394,C. Manufacturing,35,29,6
S01010394,F. Construction,25,24,1
S01010394,G I. Distribution hotels and restaurants,59,39,20
S01010394,H J. Transport and communication,25,8,17
S01010394,K L M N. Financial real estate professional and administrative activities,35,17,18
S01010394,O P Q. Public administration education and health,58,23,35
S01010394,R S T U. Other,16,6,10
S01010394,Never worked,75,37,38
S01010395,All people aged 16 to 74 not in employment,302,157,145
S01010395,A B D E. Agriculture energy and water,4,3,1
S01010395,C. Manufacturing,20,13,7
S01010395,F. Construction,16,14,2
S01010395,G I. Distribution hotels and restaurants,58,27,31
S01010395,H J. Transport and communication,42,18,24
S01010395,K L M N. Financial real estate professional and administrative activities,28,16,12
S01010395,O P Q. Public administration education and health,70,34,36
S01010395,R S T U. Other,15,9,6
S01010395,Never worked,49,23,26
S01010396,All people aged 16 to 74 not in employment,330,149,181
S01010396,A B D E. Agriculture energy and water,6,5,1
S01010396,C. Manufacturing,19,14,5
S01010396,F. Construction,14,12,2
S01010396,G I. Distribution hotels and restaurants,55,30,25
S01010396,H J. Transport and communication,37,12,25
S01010396,K L M N. Financial real estate professional and administrative activities,43,17,26
S01010396,O P Q. Public administration education and health,77,21,56
S01010396,R S T U. Other,16,7,9
S01010396,Never worked,63,31,32
S01010397,All people aged 16 to 74 not in employment,155,79,76
S01010397,A B D E. Agriculture energy and water,8,5,3
S01010397,C. Manufacturing,10,6,4
S01010397,F. Construction,3,2,1
S01010397,G I. Distribution hotels and restaurants,22,13,9
S01010397,H J. Transport and communication,25,14,11
S01010397,K L M N. Financial real estate professional and administrative activities,13,10,3
S01010397,O P Q. Public administration education and health,41,11,30
S01010397,R S T U. Other,7,2,5
S01010397,Never worked,26,16,10
S01010398,All people aged 16 to 74 not in employment,261,114,147
S01010398,A B D E. Agriculture energy and water,3,1,2
S01010398,C. Manufacturing,6,6,0
S01010398,F. Construction,3,3,0
S01010398,G I. Distribution hotels and restaurants,42,20,22
S01010398,H J. Transport and communication,42,21,21
S01010398,K L M N. Financial real estate professional and administrative activities,33,12,21
S01010398,O P Q. Public administration education and health,74,18,56
S01010398,R S T U. Other,7,5,2
S01010398,Never worked,51,28,23
S01010399,All people aged 16 to 74 not in employment,211,99,112
S01010399,A B D E. Agriculture energy and water,3,3,0
S01010399,C. Manufacturing,11,6,5
S01010399,F. Construction,7,6,1
S01010399,G I. Distribution hotels and restaurants,23,16,7
S01010399,H J. Transport and communication,20,10,10
S01010399,K L M N. Financial real estate professional and administrative activities,35,20,15
S01010399,O P Q. Public administration education and health,58,11,47
S01010399,R S T U. Other,8,1,7
S01010399,Never worked,46,26,20
S01010400,All people aged 16 to 74 not in employment,262,125,137
S01010400,A B D E. Agriculture energy and water,5,4,1
S01010400,C. Manufacturing,9,5,4
S01010400,F. Construction,6,6,0
S01010400,G I. Distribution hotels and restaurants,34,18,16
S01010400,H J. Transport and communication,35,16,19
S01010400,K L M N. Financial real estate professional and administrative activities,36,17,19
S01010400,O P Q. Public administration education and health,77,31,46
S01010400,R S T U. Other,11,4,7
S01010400,Never worked,49,24,25
S01010401,All people aged 16 to 74 not in employment,226,95,131
S01010401,A B D E. Agriculture energy and water,2,1,1
S01010401,C. Manufacturing,13,9,4
S01010401,F. Construction,6,5,1
S01010401,G I. Distribution hotels and restaurants,34,14,20
S01010401,H J. Transport and communication,38,7,31
S01010401,K L M N. Financial real estate professional and administrative activities,19,13,6
S01010401,O P Q. Public administration education and health,73,30,43
S01010401,R S T U. Other,14,4,10
S01010401,Never worked,27,12,15
S01010402,All people aged 16 to 74 not in employment,228,110,118
S01010402,A B D E. Agriculture energy and water,1,0,1
S01010402,C. Manufacturing,10,6,4
S01010402,F. Construction,5,3,2
S01010402,G I. Distribution hotels and restaurants,33,18,15
S01010402,H J. Transport and communication,26,14,12
S01010402,K L M N. Financial real estate professional and administrative activities,24,15,9
S01010402,O P Q. Public administration education and health,74,27,47
S01010402,R S T U. Other,11,3,8
S01010402,Never worked,44,24,20
S01010403,All people aged 16 to 74 not in employment,259,117,142
S01010403,A B D E. Agriculture energy and water,3,2,1
S01010403,C. Manufacturing,11,6,5
S01010403,F. Construction,6,6,0
S01010403,G I. Distribution hotels and restaurants,32,13,19
S01010403,H J. Transport and communication,36,21,15
S01010403,K L M N. Financial real estate professional and administrative activities,32,18,14
S01010403,O P Q. Public administration education and health,80,26,54
S01010403,R S T U. Other,10,3,7
S01010403,Never worked,49,22,27
S01010404,All people aged 16 to 74 not in employment,175,70,105
S01010404,A B D E. Agriculture energy and water,0,0,0
S01010404,C. Manufacturing,8,3,5
S01010404,F. Construction,3,3,0
S01010404,G I. Distribution hotels and restaurants,20,8,12
S01010404,H J. Transport and communication,18,5,13
S01010404,K L M N. Financial real estate professional and administrative activities,19,7,12
S01010404,O P Q. Public administration education and health,59,17,42
S01010404,R S T U. Other,8,5,3
S01010404,Never worked,40,22,18
S01010405,All people aged 16 to 74 not in employment,175,82,93
S01010405,A B D E. Agriculture energy and water,2,2,0
S01010405,C. Manufacturing,7,4,3
S01010405,F. Construction,3,3,0
S01010405,G I. Distribution hotels and restaurants,20,11,9
S01010405,H J. Transport and communication,18,10,8
S01010405,K L M N. Financial real estate professional and administrative activities,29,11,18
S01010405,O P Q. Public administration education and health,56,18,38
S01010405,R S T U. Other,8,4,4
S01010405,Never worked,32,19,13
S01010406,All people aged 16 to 74 not in employment,240,105,135
S01010406,A B D E. Agriculture energy and water,1,0,1
S01010406,C. Manufacturing,4,2,2
S01010406,F. Construction,6,5,1
S01010406,G I. Distribution hotels and restaurants,41,16,25
S01010406,H J. Transport and communication,37,20,17
S01010406,K L M N. Financial real estate professional and administrative activities,22,13,9
S01010406,O P Q. Public administration education and health,50,19,31
S01010406,R S T U. Other,12,3,9
S01010406,Never worked,67,27,40
S01010407,All people aged 16 to 74 not in employment,395,154,241
S01010407,A B D E. Agriculture energy and water,4,3,1
S01010407,C. Manufacturing,14,11,3
S01010407,F. Construction,2,2,0
S01010407,G I. Distribution hotels and restaurants,65,28,37
S01010407,H J. Transport and communication,69,28,41
S01010407,K L M N. Financial real estate professional and administrative activities,54,27,27
S01010407,O P Q. Public administration education and health,62,19,43
S01010407,R S T U. Other,23,10,13
S01010407,Never worked,102,26,76
S01010408,All people aged 16 to 74 not in employment,136,82,54
S01010408,A B D E. Agriculture energy and water,2,2,0
S01010408,C. Manufacturing,13,10,3
S01010408,F. Construction,9,8,1
S01010408,G I. Distribution hotels and restaurants,14,8,6
S01010408,H J. Transport and communication,13,5,8
S01010408,K L M N. Financial real estate professional and administrative activities,15,9,6
S01010408,O P Q. Public administration education and health,47,25,22
S01010408,R S T U. Other,1,1,0
S01010408,Never worked,22,14,8
S01010409,All people aged 16 to 74 not in employment,162,75,87
S01010409,A B D E. Agriculture energy and water,2,2,0
S01010409,C. Manufacturing,7,5,2
S01010409,F. Construction,3,2,1
S01010409,G I. Distribution hotels and restaurants,23,14,9
S01010409,H J. Transport and communication,13,8,5
S01010409,K L M N. Financial real estate professional and administrative activities,10,4,6
S01010409,O P Q. Public administration education and health,58,20,38
S01010409,R S T U. Other,5,2,3
S01010409,Never worked,41,18,23
S01010410,All people aged 16 to 74 not in employment,122,50,72
S01010410,A B D E. Agriculture energy and water,2,1,1
S01010410,C. Manufacturing,5,5,0
S01010410,F. Construction,4,3,1
S01010410,G I. Distribution hotels and restaurants,12,7,5
S01010410,H J. Transport and communication,7,5,2
S01010410,K L M N. Financial real estate professional and administrative activities,15,8,7
S01010410,O P Q. Public administration education and health,33,8,25
S01010410,R S T U. Other,6,1,5
S01010410,Never worked,38,12,26
S01010411,All people aged 16 to 74 not in employment,229,77,152
S01010411,A B D E. Agriculture energy and water,0,0,0
S01010411,C. Manufacturing,8,5,3
S01010411,F. Construction,4,3,1
S01010411,G I. Distribution hotels and restaurants,19,10,9
S01010411,H J. Transport and communication,16,6,10
S01010411,K L M N. Financial real estate professional and administrative activities,27,9,18
S01010411,O P Q. Public administration education and health,80,19,61
S01010411,R S T U. Other,9,3,6
S01010411,Never worked,66,22,44
S01010412,All people aged 16 to 74 not in employment,204,94,110
S01010412,A B D E. Agriculture energy and water,0,0,0
S01010412,C. Manufacturing,10,8,2
S01010412,F. Construction,4,4,0
S01010412,G I. Distribution hotels and restaurants,35,18,17
S01010412,H J. Transport and communication,17,7,10
S01010412,K L M N. Financial real estate professional and administrative activities,24,8,16
S01010412,O P Q. Public administration education and health,44,13,31
S01010412,R S T U. Other,19,8,11
S01010412,Never worked,51,28,23
S01010413,All people aged 16 to 74 not in employment,201,87,114
S01010413,A B D E. Agriculture energy and water,3,2,1
S01010413,C. Manufacturing,5,4,1
S01010413,F. Construction,9,7,2
S01010413,G I. Distribution hotels and restaurants,25,11,14
S01010413,H J. Transport and communication,22,9,13
S01010413,K L M N. Financial real estate professional and administrative activities,31,13,18
S01010413,O P Q. Public administration education and health,66,22,44
S01010413,R S T U. Other,5,2,3
S01010413,Never worked,35,17,18
S01010414,All people aged 16 to 74 not in employment,259,125,134
S01010414,A B D E. Agriculture energy and water,6,6,0
S01010414,C. Manufacturing,12,7,5
S01010414,F. Construction,11,11,0
S01010414,G I. Distribution hotels and restaurants,40,24,16
S01010414,H J. Transport and communication,15,6,9
S01010414,K L M N. Financial real estate professional and administrative activities,30,19,11
S01010414,O P Q. Public administration education and health,88,24,64
S01010414,R S T U. Other,11,5,6
S01010414,Never worked,46,23,23
S01010415,All people aged 16 to 74 not in employment,342,175,167
S01010415,A B D E. Agriculture energy and water,1,0,1
S01010415,C. Manufacturing,35,21,14
S01010415,F. Construction,41,34,7
S01010415,G I. Distribution hotels and restaurants,71,36,35
S01010415,H J. Transport and communication,35,23,12
S01010415,K L M N. Financial real estate professional and administrative activities,24,9,15
S01010415,O P Q. Public administration education and health,58,15,43
S01010415,R S T U. Other,12,5,7
S01010415,Never worked,65,32,33
S01010416,All people aged 16 to 74 not in employment,168,70,98
S01010416,A B D E. Agriculture energy and water,1,1,0
S01010416,C. Manufacturing,13,11,2
S01010416,F. Construction,8,6,2
S01010416,G I. Distribution hotels and restaurants,20,10,10
S01010416,H J. Transport and communication,14,4,10
S01010416,K L M N. Financial real estate professional and administrative activities,19,7,12
S01010416,O P Q. Public administration education and health,64,17,47
S01010416,R S T U. Other,8,4,4
S01010416,Never worked,21,10,11
S01010417,All people aged 16 to 74 not in employment,101,39,62
S01010417,A B D E. Agriculture energy and water,0,0,0
S01010417,C. Manufacturing,9,5,4
S01010417,F. Construction,3,2,1
S01010417,G I. Distribution hotels and restaurants,13,7,6
S01010417,H J. Transport and communication,13,5,8
S01010417,K L M N. Financial real estate professional and administrative activities,7,3,4
S01010417,O P Q. Public administration education and health,28,8,20
S01010417,R S T U. Other,6,2,4
S01010417,Never worked,22,7,15
S01010418,All people aged 16 to 74 not in employment,237,116,121
S01010418,A B D E. Agriculture energy and water,3,0,3
S01010418,C. Manufacturing,9,6,3
S01010418,F. Construction,6,6,0
S01010418,G I. Distribution hotels and restaurants,26,12,14
S01010418,H J. Transport and communication,25,16,9
S01010418,K L M N. Financial real estate professional and administrative activities,25,15,10
S01010418,O P Q. Public administration education and health,71,18,53
S01010418,R S T U. Other,10,4,6
S01010418,Never worked,62,39,23
S01010419,All people aged 16 to 74 not in employment,213,81,132
S01010419,A B D E. Agriculture energy and water,4,2,2
S01010419,C. Manufacturing,21,6,15
S01010419,F. Construction,2,2,0
S01010419,G I. Distribution hotels and restaurants,34,13,21
S01010419,H J. Transport and communication,19,9,10
S01010419,K L M N. Financial real estate professional and administrative activities,25,13,12
S01010419,O P Q. Public administration education and health,76,19,57
S01010419,R S T U. Other,8,4,4
S01010419,Never worked,24,13,11
S01010420,All people aged 16 to 74 not in employment,162,64,98
S01010420,A B D E. Agriculture energy and water,2,2,0
S01010420,C. Manufacturing,10,5,5
S01010420,F. Construction,1,1,0
S01010420,G I. Distribution hotels and restaurants,15,7,8
S01010420,H J. Transport and communication,10,5,5
S01010420,K L M N. Financial real estate professional and administrative activities,20,7,13
S01010420,O P Q. Public administration education and health,56,12,44
S01010420,R S T U. Other,8,4,4
S01010420,Never worked,40,21,19
S01010421,All people aged 16 to 74 not in employment,212,101,111
S01010421,A B D E. Agriculture energy and water,4,2,2
S01010421,C. Manufacturing,11,8,3
S01010421,F. Construction,6,5,1
S01010421,G I. Distribution hotels and restaurants,26,13,13
S01010421,H J. Transport and communication,12,6,6
S01010421,K L M N. Financial real estate professional and administrative activities,24,15,9
S01010421,O P Q. Public administration education and health,75,23,52
S01010421,R S T U. Other,10,5,5
S01010421,Never worked,44,24,20
S01010422,All people aged 16 to 74 not in employment,269,125,144
S01010422,A B D E. Agriculture energy and water,1,1,0
S01010422,C. Manufacturing,14,12,2
S01010422,F. Construction,18,16,2
S01010422,G I. Distribution hotels and restaurants,36,17,19
S01010422,H J. Transport and communication,18,8,10
S01010422,K L M N. Financial real estate professional and administrative activities,34,17,17
S01010422,O P Q. Public administration education and health,86,23,63
S01010422,R S T U. Other,13,5,8
S01010422,Never worked,49,26,23
S01010423,All people aged 16 to 74 not in employment,304,145,159
S01010423,A B D E. Agriculture energy and water,2,1,1
S01010423,C. Manufacturing,17,13,4
S01010423,F. Construction,22,20,2
S01010423,G I. Distribution hotels and restaurants,42,26,16
S01010423,H J. Transport and communication,31,9,22
S01010423,K L M N. Financial real estate professional and administrative activities,31,16,15
S01010423,O P Q. Public administration education and health,70,25,45
S01010423,R S T U. Other,10,6,4
S01010423,Never worked,79,29,50
S01010424,All people aged 16 to 74 not in employment,296,141,155
S01010424,A B D E. Agriculture energy and water,2,1,1
S01010424,C. Manufacturing,25,18,7
S01010424,F. Construction,20,17,3
S01010424,G I. Distribution hotels and restaurants,65,28,37
S01010424,H J. Transport and communication,32,17,15
S01010424,K L M N. Financial real estate professional and administrative activities,31,15,16
S01010424,O P Q. Public administration education and health,38,9,29
S01010424,R S T U. Other,16,4,12
S01010424,Never worked,67,32,35
S01010425,All people aged 16 to 74 not in employment,361,191,170
S01010425,A B D E. Agriculture energy and water,14,7,7
S01010425,C. Manufacturing,28,23,5
S01010425,F. Construction,33,32,1
S01010425,G I. Distribution hotels and restaurants,69,38,31
S01010425,H J. Transport and communication,35,8,27
S01010425,K L M N. Financial real estate professional and administrative activities,36,23,13
S01010425,O P Q. Public administration education and health,58,17,41
S01010425,R S T U. Other,13,7,6
S01010425,Never worked,75,36,39
S01010426,All people aged 16 to 74 not in employment,237,116,121
S01010426,A B D E. Agriculture energy and water,7,3,4
S01010426,C. Manufacturing,16,11,5
S01010426,F. Construction,21,20,1
S01010426,G I. Distribution hotels and restaurants,32,18,14
S01010426,H J. Transport and communication,28,11,17
S01010426,K L M N. Financial real estate professional and administrative activities,27,15,12
S01010426,O P Q. Public administration education and health,45,13,32
S01010426,R S T U. Other,10,5,5
S01010426,Never worked,51,20,31
S01010427,All people aged 16 to 74 not in employment,389,206,183
S01010427,A B D E. Agriculture energy and water,4,3,1
S01010427,C. Manufacturing,19,13,6
S01010427,F. Construction,28,27,1
S01010427,G I. Distribution hotels and restaurants,53,31,22
S01010427,H J. Transport and communication,30,20,10
S01010427,K L M N. Financial real estate professional and administrative activities,33,17,16
S01010427,O P Q. Public administration education and health,58,13,45
S01010427,R S T U. Other,19,5,14
S01010427,Never worked,145,77,68
S01010428,All people aged 16 to 74 not in employment,167,66,101
S01010428,A B D E. Agriculture energy and water,1,1,0
S01010428,C. Manufacturing,14,6,8
S01010428,F. Construction,7,5,2
S01010428,G I. Distribution hotels and restaurants,18,9,9
S01010428,H J. Transport and communication,13,5,8
S01010428,K L M N. Financial real estate professional and administrative activities,18,6,12
S01010428,O P Q. Public administration education and health,53,14,39
S01010428,R S T U. Other,4,1,3
S01010428,Never worked,39,19,20
S01010429,All people aged 16 to 74 not in employment,199,93,106
S01010429,A B D E. Agriculture energy and water,0,0,0
S01010429,C. Manufacturing,21,14,7
S01010429,F. Construction,5,5,0
S01010429,G I. Distribution hotels and restaurants,22,8,14
S01010429,H J. Transport and communication,19,7,12
S01010429,K L M N. Financial real estate professional and administrative activities,25,8,17
S01010429,O P Q. Public administration education and health,62,23,39
S01010429,R S T U. Other,10,6,4
S01010429,Never worked,35,22,13
S01010430,All people aged 16 to 74 not in employment,318,165,153
S01010430,A B D E. Agriculture energy and water,2,1,1
S01010430,C. Manufacturing,29,21,8
S01010430,F. Construction,29,28,1
S01010430,G I. Distribution hotels and restaurants,47,25,22
S01010430,H J. Transport and communication,26,11,15
S01010430,K L M N. Financial real estate professional and administrative activities,44,26,18
S01010430,O P Q. Public administration education and health,52,10,42
S01010430,R S T U. Other,8,2,6
S01010430,Never worked,81,41,40
S01010431,All people aged 16 to 74 not in employment,156,66,90
S01010431,A B D E. Agriculture energy and water,0,0,0
S01010431,C. Manufacturing,8,5,3
S01010431,F. Construction,8,8,0
S01010431,G I. Distribution hotels and restaurants,30,12,18
S01010431,H J. Transport and communication,7,2,5
S01010431,K L M N. Financial real estate professional and administrative activities,9,3,6
S01010431,O P Q. Public administration education and health,55,20,35
S01010431,R S T U. Other,7,2,5
S01010431,Never worked,32,14,18
S01010432,All people aged 16 to 74 not in employment,307,137,170
S01010432,A B D E. Agriculture energy and water,3,3,0
S01010432,C. Manufacturing,24,15,9
S01010432,F. Construction,23,21,2
S01010432,G I. Distribution hotels and restaurants,65,31,34
S01010432,H J. Transport and communication,29,5,24
S01010432,K L M N. Financial real estate professional and administrative activities,43,20,23
S01010432,O P Q. Public administration education and health,34,9,25
S01010432,R S T U. Other,10,1,9
S01010432,Never worked,76,32,44
S01010433,All people aged 16 to 74 not in employment,331,170,161
S01010433,A B D E. Agriculture energy and water,3,3,0
S01010433,C. Manufacturing,19,14,5
S01010433,F. Construction,11,9,2
S01010433,G I. Distribution hotels and restaurants,52,37,15
S01010433,H J. Transport and communication,25,13,12
S01010433,K L M N. Financial real estate professional and administrative activities,12,9,3
S01010433,O P Q. Public administration education and health,22,6,16
S01010433,R S T U. Other,4,3,1
S01010433,Never worked,183,76,107
S01010434,All people aged 16 to 74 not in employment,238,100,138
S01010434,A B D E. Agriculture energy and water,3,3,0
S01010434,C. Manufacturing,22,9,13
S01010434,F. Construction,19,17,2
S01010434,G I. Distribution hotels and restaurants,35,18,17
S01010434,H J. Transport and communication,17,7,10
S01010434,K L M N. Financial real estate professional and administrative activities,28,11,17
S01010434,O P Q. Public administration education and health,33,5,28
S01010434,R S T U. Other,13,5,8
S01010434,Never worked,68,25,43
S01010435,All people aged 16 to 74 not in employment,166,78,88
S01010435,A B D E. Agriculture energy and water,4,2,2
S01010435,C. Manufacturing,15,13,2
S01010435,F. Construction,10,10,0
S01010435,G I. Distribution hotels and restaurants,25,10,15
S01010435,H J. Transport and communication,18,7,11
S01010435,K L M N. Financial real estate professional and administrative activities,19,8,11
S01010435,O P Q. Public administration education and health,35,8,27
S01010435,R S T U. Other,10,3,7
S01010435,Never worked,30,17,13
S01010436,All people aged 16 to 74 not in employment,305,146,159
S01010436,A B D E. Agriculture energy and water,4,3,1
S01010436,C. Manufacturing,28,15,13
S01010436,F. Construction,17,16,1
S01010436,G I. Distribution hotels and restaurants,55,32,23
S01010436,H J. Transport and communication,36,15,21
S01010436,K L M N. Financial real estate professional and administrative activities,36,21,15
S01010436,O P Q. Public administration education and health,45,11,34
S01010436,R S T U. Other,16,4,12
S01010436,Never worked,68,29,39
S01010437,All people aged 16 to 74 not in employment,184,89,95
S01010437,A B D E. Agriculture energy and water,4,4,0
S01010437,C. Manufacturing,25,17,8
S01010437,F. Construction,18,17,1
S01010437,G I. Distribution hotels and restaurants,21,10,11
S01010437,H J. Transport and communication,6,4,2
S01010437,K L M N. Financial real estate professional and administrative activities,16,10,6
S01010437,O P Q. Public administration education and health,47,12,35
S01010437,R S T U. Other,5,2,3
S01010437,Never worked,42,13,29
S01010438,All people aged 16 to 74 not in employment,265,113,152
S01010438,A B D E. Agriculture energy and water,6,5,1
S01010438,C. Manufacturing,16,8,8
S01010438,F. Construction,16,16,0
S01010438,G I. Distribution hotels and restaurants,45,17,28
S01010438,H J. Transport and communication,23,7,16
S01010438,K L M N. Financial real estate professional and administrative activities,21,7,14
S01010438,O P Q. Public administration education and health,37,9,28
S01010438,R S T U. Other,12,3,9
S01010438,Never worked,89,41,48
S01010439,All people aged 16 to 74 not in employment,288,124,164
S01010439,A B D E. Agriculture energy and water,4,3,1
S01010439,C. Manufacturing,24,16,8
S01010439,F. Construction,20,19,1
S01010439,G I. Distribution hotels and restaurants,46,25,21
S01010439,H J. Transport and communication,35,17,18
S01010439,K L M N. Financial real estate professional and administrative activities,28,8,20
S01010439,O P Q. Public administration education and health,35,4,31
S01010439,R S T U. Other,13,2,11
S01010439,Never worked,83,30,53
S01010440,All people aged 16 to 74 not in employment,252,130,122
S01010440,A B D E. Agriculture energy and water,6,4,2
S01010440,C. Manufacturing,19,11,8
S01010440,F. Construction,18,16,2
S01010440,G I. Distribution hotels and restaurants,30,16,14
S01010440,H J. Transport and communication,20,9,11
S01010440,K L M N. Financial real estate professional and administrative activities,32,21,11
S01010440,O P Q. Public administration education and health,39,13,26
S01010440,R S T U. Other,10,4,6
S01010440,Never worked,78,36,42
S01010441,All people aged 16 to 74 not in employment,154,71,83
S01010441,A B D E. Agriculture energy and water,2,2,0
S01010441,C. Manufacturing,17,11,6
S01010441,F. Construction,20,19,1
S01010441,G I. Distribution hotels and restaurants,32,15,17
S01010441,H J. Transport and communication,12,4,8
S01010441,K L M N. Financial real estate professional and administrative activities,15,4,11
S01010441,O P Q. Public administration education and health,28,7,21
S01010441,R S T U. Other,5,1,4
S01010441,Never worked,23,8,15
S01010442,All people aged 16 to 74 not in employment,195,99,96
S01010442,A B D E. Agriculture energy and water,5,3,2
S01010442,C. Manufacturing,14,11,3
S01010442,F. Construction,15,14,1
S01010442,G I. Distribution hotels and restaurants,38,21,17
S01010442,H J. Transport and communication,18,13,5
S01010442,K L M N. Financial real estate professional and administrative activities,17,6,11
S01010442,O P Q. Public administration education and health,27,7,20
S01010442,R S T U. Other,10,5,5
S01010442,Never worked,51,19,32
S01010443,All people aged 16 to 74 not in employment,138,58,80
S01010443,A B D E. Agriculture energy and water,5,3,2
S01010443,C. Manufacturing,10,8,2
S01010443,F. Construction,10,9,1
S01010443,G I. Distribution hotels and restaurants,31,12,19
S01010443,H J. Transport and communication,14,3,11
S01010443,K L M N. Financial real estate professional and administrative activities,10,7,3
S01010443,O P Q. Public administration education and health,34,3,31
S01010443,R S T U. Other,0,0,0
S01010443,Never worked,24,13,11
S01010444,All people aged 16 to 74 not in employment,234,114,120
S01010444,A B D E. Agriculture energy and water,3,2,1
S01010444,C. Manufacturing,31,23,8
S01010444,F. Construction,19,19,0
S01010444,G I. Distribution hotels and restaurants,44,22,22
S01010444,H J. Transport and communication,18,6,12
S01010444,K L M N. Financial real estate professional and administrative activities,15,6,9
S01010444,O P Q. Public administration education and health,53,12,41
S01010444,R S T U. Other,7,3,4
S01010444,Never worked,44,21,23
S01010445,All people aged 16 to 74 not in employment,275,118,157
S01010445,A B D E. Agriculture energy and water,5,2,3
S01010445,C. Manufacturing,27,14,13
S01010445,F. Construction,28,24,4
S01010445,G I. Distribution hotels and restaurants,35,15,20
S01010445,H J. Transport and communication,14,3,11
S01010445,K L M N. Financial real estate professional and administrative activities,26,10,16
S01010445,O P Q. Public administration education and health,51,11,40
S01010445,R S T U. Other,12,5,7
S01010445,Never worked,77,34,43
S01010446,All people aged 16 to 74 not in employment,246,116,130
S01010446,A B D E. Agriculture energy and water,2,2,0
S01010446,C. Manufacturing,21,15,6
S01010446,F. Construction,22,22,0
S01010446,G I. Distribution hotels and restaurants,34,19,15
S01010446,H J. Transport and communication,22,7,15
S01010446,K L M N. Financial real estate professional and administrative activities,23,9,14
S01010446,O P Q. Public administration education and health,61,11,50
S01010446,R S T U. Other,12,6,6
S01010446,Never worked,49,25,24
S01010447,All people aged 16 to 74 not in employment,398,207,191
S01010447,A B D E. Agriculture energy and water,10,6,4
S01010447,C. Manufacturing,33,21,12
S01010447,F. Construction,30,30,0
S01010447,G I. Distribution hotels and restaurants,68,31,37
S01010447,H J. Transport and communication,32,15,17
S01010447,K L M N. Financial real estate professional and administrative activities,45,27,18
S01010447,O P Q. Public administration education and health,75,18,57
S01010447,R S T U. Other,12,5,7
S01010447,Never worked,93,54,39
S01010448,All people aged 16 to 74 not in employment,244,109,135
S01010448,A B D E. Agriculture energy and water,2,2,0
S01010448,C. Manufacturing,20,13,7
S01010448,F. Construction,11,9,2
S01010448,G I. Distribution hotels and restaurants,36,18,18
S01010448,H J. Transport and communication,23,7,16
S01010448,K L M N. Financial real estate professional and administrative activities,26,9,17
S01010448,O P Q. Public administration education and health,53,10,43
S01010448,R S T U. Other,8,1,7
S01010448,Never worked,65,40,25
S01010449,All people aged 16 to 74 not in employment,278,126,152
S01010449,A B D E. Agriculture energy and water,2,1,1
S01010449,C. Manufacturing,38,25,13
S01010449,F. Construction,14,13,1
S01010449,G I. Distribution hotels and restaurants,52,23,29
S01010449,H J. Transport and communication,25,10,15
S01010449,K L M N. Financial real estate professional and administrative activities,30,14,16
S01010449,O P Q. Public administration education and health,55,8,47
S01010449,R S T U. Other,15,5,10
S01010449,Never worked,47,27,20
S01010450,All people aged 16 to 74 not in employment,287,130,157
S01010450,A B D E. Agriculture energy and water,4,3,1
S01010450,C. Manufacturing,28,19,9
S01010450,F. Construction,20,19,1
S01010450,G I. Distribution hotels and restaurants,56,20,36
S01010450,H J. Transport and communication,18,8,10
S01010450,K L M N. Financial real estate professional and administrative activities,29,16,13
S01010450,O P Q. Public administration education and health,67,17,50
S01010450,R S T U. Other,12,5,7
S01010450,Never worked,53,23,30
S01010451,All people aged 16 to 74 not in employment,319,175,144
S01010451,A B D E. Agriculture energy and water,2,2,0
S01010451,C. Manufacturing,19,16,3
S01010451,F. Construction,28,26,2
S01010451,G I. Distribution hotels and restaurants,51,31,20
S01010451,H J. Transport and communication,38,16,22
S01010451,K L M N. Financial real estate professional and administrative activities,29,15,14
S01010451,O P Q. Public administration education and health,69,28,41
S01010451,R S T U. Other,14,7,7
S01010451,Never worked,69,34,35
S01010452,All people aged 16 to 74 not in employment,241,94,147
S01010452,A B D E. Agriculture energy and water,3,2,1
S01010452,C. Manufacturing,35,18,17
S01010452,F. Construction,12,11,1
S01010452,G I. Distribution hotels and restaurants,46,16,30
S01010452,H J. Transport and communication,15,6,9
S01010452,K L M N. Financial real estate professional and administrative activities,24,9,15
S01010452,O P Q. Public administration education and health,58,8,50
S01010452,R S T U. Other,11,5,6
S01010452,Never worked,37,19,18
S01010453,All people aged 16 to 74 not in employment,279,144,135
S01010453,A B D E. Agriculture energy and water,2,1,1
S01010453,C. Manufacturing,20,14,6
S01010453,F. Construction,16,15,1
S01010453,G I. Distribution hotels and restaurants,38,21,17
S01010453,H J. Transport and communication,41,21,20
S01010453,K L M N. Financial real estate professional and administrative activities,33,15,18
S01010453,O P Q. Public administration education and health,38,13,25
S01010453,R S T U. Other,7,3,4
S01010453,Never worked,84,41,43
S01010454,All people aged 16 to 74 not in employment,244,120,124
S01010454,A B D E. Agriculture energy and water,6,3,3
S01010454,C. Manufacturing,33,23,10
S01010454,F. Construction,21,20,1
S01010454,G I. Distribution hotels and restaurants,34,17,17
S01010454,H J. Transport and communication,15,7,8
S01010454,K L M N. Financial real estate professional and administrative activities,22,8,14
S01010454,O P Q. Public administration education and health,54,10,44
S01010454,R S T U. Other,15,6,9
S01010454,Never worked,44,26,18
S01010455,All people aged 16 to 74 not in employment,395,186,209
S01010455,A B D E. Agriculture energy and water,9,6,3
S01010455,C. Manufacturing,31,22,9
S01010455,F. Construction,29,29,0
S01010455,G I. Distribution hotels and restaurants,76,39,37
S01010455,H J. Transport and communication,30,18,12
S01010455,K L M N. Financial real estate professional and administrative activities,41,24,17
S01010455,O P Q. Public administration education and health,90,15,75
S01010455,R S T U. Other,17,6,11
S01010455,Never worked,72,27,45
S01010456,All people aged 16 to 74 not in employment,158,73,85
S01010456,A B D E. Agriculture energy and water,2,1,1
S01010456,C. Manufacturing,24,14,10
S01010456,F. Construction,6,5,1
S01010456,G I. Distribution hotels and restaurants,25,15,10
S01010456,H J. Transport and communication,12,6,6
S01010456,K L M N. Financial real estate professional and administrative activities,19,9,10
S01010456,O P Q. Public administration education and health,43,13,30
S01010456,R S T U. Other,3,0,3
S01010456,Never worked,24,10,14
S01010457,All people aged 16 to 74 not in employment,223,109,114
S01010457,A B D E. Agriculture energy and water,2,1,1
S01010457,C. Manufacturing,17,10,7
S01010457,F. Construction,13,12,1
S01010457,G I. Distribution hotels and restaurants,33,21,12
S01010457,H J. Transport and communication,24,11,13
S01010457,K L M N. Financial real estate professional and administrative activities,22,13,9
S01010457,O P Q. Public administration education and health,54,17,37
S01010457,R S T U. Other,5,1,4
S01010457,Never worked,53,23,30
S01010458,All people aged 16 to 74 not in employment,305,146,159
S01010458,A B D E. Agriculture energy and water,3,2,1
S01010458,C. Manufacturing,30,20,10
S01010458,F. Construction,22,20,2
S01010458,G I. Distribution hotels and restaurants,48,22,26
S01010458,H J. Transport and communication,20,10,10
S01010458,K L M N. Financial real estate professional and administrative activities,32,11,21
S01010458,O P Q. Public administration education and health,71,18,53
S01010458,R S T U. Other,15,10,5
S01010458,Never worked,64,33,31
S01010459,All people aged 16 to 74 not in employment,212,91,121
S01010459,A B D E. Agriculture energy and water,1,0,1
S01010459,C. Manufacturing,25,18,7
S01010459,F. Construction,8,7,1
S01010459,G I. Distribution hotels and restaurants,36,15,21
S01010459,H J. Transport and communication,10,2,8
S01010459,K L M N. Financial real estate professional and administrative activities,25,11,14
S01010459,O P Q. Public administration education and health,52,11,41
S01010459,R S T U. Other,7,2,5
S01010459,Never worked,48,25,23
S01010460,All people aged 16 to 74 not in employment,148,47,101
S01010460,A B D E. Agriculture energy and water,1,0,1
S01010460,C. Manufacturing,11,6,5
S01010460,F. Construction,4,3,1
S01010460,G I. Distribution hotels and restaurants,23,5,18
S01010460,H J. Transport and communication,11,3,8
S01010460,K L M N. Financial real estate professional and administrative activities,17,7,10
S01010460,O P Q. Public administration education and health,35,8,27
S01010460,R S T U. Other,10,1,9
S01010460,Never worked,36,14,22
S01010461,All people aged 16 to 74 not in employment,274,135,139
S01010461,A B D E. Agriculture energy and water,3,3,0
S01010461,C. Manufacturing,24,18,6
S01010461,F. Construction,10,9,1
S01010461,G I. Distribution hotels and restaurants,40,23,17
S01010461,H J. Transport and communication,27,14,13
S01010461,K L M N. Financial real estate professional and administrative activities,24,11,13
S01010461,O P Q. Public administration education and health,69,21,48
S01010461,R S T U. Other,17,5,12
S01010461,Never worked,60,31,29
S01010462,All people aged 16 to 74 not in employment,427,258,169
S01010462,A B D E. Agriculture energy and water,9,9,0
S01010462,C. Manufacturing,22,16,6
S01010462,F. Construction,16,16,0
S01010462,G I. Distribution hotels and restaurants,54,39,15
S01010462,H J. Transport and communication,31,17,14
S01010462,K L M N. Financial real estate professional and administrative activities,31,16,15
S01010462,O P Q. Public administration education and health,44,21,23
S01010462,R S T U. Other,9,6,3
S01010462,Never worked,211,118,93
S01010463,All people aged 16 to 74 not in employment,217,96,121
S01010463,A B D E. Agriculture energy and water,2,2,0
S01010463,C. Manufacturing,14,13,1
S01010463,F. Construction,19,18,1
S01010463,G I. Distribution hotels and restaurants,31,11,20
S01010463,H J. Transport and communication,13,3,10
S01010463,K L M N. Financial real estate professional and administrative activities,15,3,12
S01010463,O P Q. Public administration education and health,70,27,43
S01010463,R S T U. Other,6,3,3
S01010463,Never worked,47,16,31
S01010464,All people aged 16 to 74 not in employment,132,66,66
S01010464,A B D E. Agriculture energy and water,1,0,1
S01010464,C. Manufacturing,9,6,3
S01010464,F. Construction,13,13,0
S01010464,G I. Distribution hotels and restaurants,22,14,8
S01010464,H J. Transport and communication,11,6,5
S01010464,K L M N. Financial real estate professional and administrative activities,10,5,5
S01010464,O P Q. Public administration education and health,36,4,32
S01010464,R S T U. Other,3,1,2
S01010464,Never worked,27,17,10
S01010465,All people aged 16 to 74 not in employment,197,83,114
S01010465,A B D E. Agriculture energy and water,3,3,0
S01010465,C. Manufacturing,10,7,3
S01010465,F. Construction,11,11,0
S01010465,G I. Distribution hotels and restaurants,33,15,18
S01010465,H J. Transport and communication,21,11,10
S01010465,K L M N. Financial real estate professional and administrative activities,16,7,9
S01010465,O P Q. Public administration education and health,54,10,44
S01010465,R S T U. Other,6,1,5
S01010465,Never worked,43,18,25
S01010466,All people aged 16 to 74 not in employment,222,100,122
S01010466,A B D E. Agriculture energy and water,1,1,0
S01010466,C. Manufacturing,8,4,4
S01010466,F. Construction,4,4,0
S01010466,G I. Distribution hotels and restaurants,22,11,11
S01010466,H J. Transport and communication,26,21,5
S01010466,K L M N. Financial real estate professional and administrative activities,44,26,18
S01010466,O P Q. Public administration education and health,46,10,36
S01010466,R S T U. Other,7,2,5
S01010466,Never worked,64,21,43
S01010467,All people aged 16 to 74 not in employment,240,87,153
S01010467,A B D E. Agriculture energy and water,3,2,1
S01010467,C. Manufacturing,15,10,5
S01010467,F. Construction,9,5,4
S01010467,G I. Distribution hotels and restaurants,30,14,16
S01010467,H J. Transport and communication,14,8,6
S01010467,K L M N. Financial real estate professional and administrative activities,30,11,19
S01010467,O P Q. Public administration education and health,83,19,64
S01010467,R S T U. Other,20,6,14
S01010467,Never worked,36,12,24
S01010468,All people aged 16 to 74 not in employment,234,95,139
S01010468,A B D E. Agriculture energy and water,2,2,0
S01010468,C. Manufacturing,15,13,2
S01010468,F. Construction,6,4,2
S01010468,G I. Distribution hotels and restaurants,30,15,15
S01010468,H J. Transport and communication,23,9,14
S01010468,K L M N. Financial real estate professional and administrative activities,27,7,20
S01010468,O P Q. Public administration education and health,60,16,44
S01010468,R S T U. Other,14,5,9
S01010468,Never worked,57,24,33
S01010469,All people aged 16 to 74 not in employment,200,100,100
S01010469,A B D E. Agriculture energy and water,2,2,0
S01010469,C. Manufacturing,13,8,5
S01010469,F. Construction,7,6,1
S01010469,G I. Distribution hotels and restaurants,40,27,13
S01010469,H J. Transport and communication,15,6,9
S01010469,K L M N. Financial real estate professional and administrative activities,24,12,12
S01010469,O P Q. Public administration education and health,56,16,40
S01010469,R S T U. Other,7,2,5
S01010469,Never worked,36,21,15
S01010470,All people aged 16 to 74 not in employment,204,91,113
S01010470,A B D E. Agriculture energy and water,4,3,1
S01010470,C. Manufacturing,21,11,10
S01010470,F. Construction,7,5,2
S01010470,G I. Distribution hotels and restaurants,34,14,20
S01010470,H J. Transport and communication,15,5,10
S01010470,K L M N. Financial real estate professional and administrative activities,25,14,11
S01010470,O P Q. Public administration education and health,48,11,37
S01010470,R S T U. Other,8,3,5
S01010470,Never worked,42,25,17
S01010471,All people aged 16 to 74 not in employment,216,81,135
S01010471,A B D E. Agriculture energy and water,0,0,0
S01010471,C. Manufacturing,18,14,4
S01010471,F. Construction,12,11,1
S01010471,G I. Distribution hotels and restaurants,41,12,29
S01010471,H J. Transport and communication,18,6,12
S01010471,K L M N. Financial real estate professional and administrative activities,17,9,8
S01010471,O P Q. Public administration education and health,52,6,46
S01010471,R S T U. Other,5,2,3
S01010471,Never worked,53,21,32
S01010472,All people aged 16 to 74 not in employment,127,51,76
S01010472,A B D E. Agriculture energy and water,7,6,1
S01010472,C. Manufacturing,8,4,4
S01010472,F. Construction,6,6,0
S01010472,G I. Distribution hotels and restaurants,10,4,6
S01010472,H J. Transport and communication,16,6,10
S01010472,K L M N. Financial real estate professional and administrative activities,23,4,19
S01010472,O P Q. Public administration education and health,26,10,16
S01010472,R S T U. Other,1,0,1
S01010472,Never worked,30,11,19
S01010473,All people aged 16 to 74 not in employment,223,94,129
S01010473,A B D E. Agriculture energy and water,5,4,1
S01010473,C. Manufacturing,25,20,5
S01010473,F. Construction,6,6,0
S01010473,G I. Distribution hotels and restaurants,44,20,24
S01010473,H J. Transport and communication,14,5,9
S01010473,K L M N. Financial real estate professional and administrative activities,27,10,17
S01010473,O P Q. Public administration education and health,53,11,42
S01010473,R S T U. Other,12,4,8
S01010473,Never worked,37,14,23
S01010474,All people aged 16 to 74 not in employment,240,96,144
S01010474,A B D E. Agriculture energy and water,11,7,4
S01010474,C. Manufacturing,10,5,5
S01010474,F. Construction,11,11,0
S01010474,G I. Distribution hotels and restaurants,34,18,16
S01010474,H J. Transport and communication,21,5,16
S01010474,K L M N. Financial real estate professional and administrative activities,30,11,19
S01010474,O P Q. Public administration education and health,48,19,29
S01010474,R S T U. Other,14,5,9
S01010474,Never worked,61,15,46
S01010475,All people aged 16 to 74 not in employment,125,47,78
S01010475,A B D E. Agriculture energy and water,4,2,2
S01010475,C. Manufacturing,3,1,2
S01010475,F. Construction,11,9,2
S01010475,G I. Distribution hotels and restaurants,13,6,7
S01010475,H J. Transport and communication,8,2,6
S01010475,K L M N. Financial real estate professional and administrative activities,23,8,15
S01010475,O P Q. Public administration education and health,31,6,25
S01010475,R S T U. Other,10,4,6
S01010475,Never worked,22,9,13
S01010476,All people aged 16 to 74 not in employment,289,122,167
S01010476,A B D E. Agriculture energy and water,3,1,2
S01010476,C. Manufacturing,10,8,2
S01010476,F. Construction,17,16,1
S01010476,G I. Distribution hotels and restaurants,44,28,16
S01010476,H J. Transport and communication,26,5,21
S01010476,K L M N. Financial real estate professional and administrative activities,37,11,26
S01010476,O P Q. Public administration education and health,76,18,58
S01010476,R S T U. Other,16,2,14
S01010476,Never worked,60,33,27
S01010477,All people aged 16 to 74 not in employment,220,100,120
S01010477,A B D E. Agriculture energy and water,5,4,1
S01010477,C. Manufacturing,22,12,10
S01010477,F. Construction,20,18,2
S01010477,G I. Distribution hotels and restaurants,42,17,25
S01010477,H J. Transport and communication,15,3,12
S01010477,K L M N. Financial real estate professional and administrative activities,16,10,6
S01010477,O P Q. Public administration education and health,58,14,44
S01010477,R S T U. Other,6,3,3
S01010477,Never worked,36,19,17
S01010478,All people aged 16 to 74 not in employment,360,194,166
S01010478,A B D E. Agriculture energy and water,8,8,0
S01010478,C. Manufacturing,23,15,8
S01010478,F. Construction,32,29,3
S01010478,G I. Distribution hotels and restaurants,66,42,24
S01010478,H J. Transport and communication,30,13,17
S01010478,K L M N. Financial real estate professional and administrative activities,47,27,20
S01010478,O P Q. Public administration education and health,73,23,50
S01010478,R S T U. Other,15,6,9
S01010478,Never worked,66,31,35
S01010479,All people aged 16 to 74 not in employment,319,145,174
S01010479,A B D E. Agriculture energy and water,3,2,1
S01010479,C. Manufacturing,35,20,15
S01010479,F. Construction,22,22,0
S01010479,G I. Distribution hotels and restaurants,52,21,31
S01010479,H J. Transport and communication,18,5,13
S01010479,K L M N. Financial real estate professional and administrative activities,38,21,17
S01010479,O P Q. Public administration education and health,86,24,62
S01010479,R S T U. Other,9,2,7
S01010479,Never worked,56,28,28
S01010480,All people aged 16 to 74 not in employment,183,77,106
S01010480,A B D E. Agriculture energy and water,2,2,0
S01010480,C. Manufacturing,16,10,6
S01010480,F. Construction,6,6,0
S01010480,G I. Distribution hotels and restaurants,40,18,22
S01010480,H J. Transport and communication,22,9,13
S01010480,K L M N. Financial real estate professional and administrative activities,15,2,13
S01010480,O P Q. Public administration education and health,34,8,26
S01010480,R S T U. Other,10,4,6
S01010480,Never worked,38,18,20
S01010481,All people aged 16 to 74 not in employment,254,109,145
S01010481,A B D E. Agriculture energy and water,3,0,3
S01010481,C. Manufacturing,26,19,7
S01010481,F. Construction,21,21,0
S01010481,G I. Distribution hotels and restaurants,47,17,30
S01010481,H J. Transport and communication,21,7,14
S01010481,K L M N. Financial real estate professional and administrative activities,14,6,8
S01010481,O P Q. Public administration education and health,38,6,32
S01010481,R S T U. Other,12,3,9
S01010481,Never worked,72,30,42
S01010482,All people aged 16 to 74 not in employment,224,105,119
S01010482,A B D E. Agriculture energy and water,5,5,0
S01010482,C. Manufacturing,17,11,6
S01010482,F. Construction,13,10,3
S01010482,G I. Distribution hotels and restaurants,32,19,13
S01010482,H J. Transport and communication,19,6,13
S01010482,K L M N. Financial real estate professional and administrative activities,26,3,23
S01010482,O P Q. Public administration education and health,48,14,34
S01010482,R S T U. Other,11,3,8
S01010482,Never worked,53,34,19
S01010483,All people aged 16 to 74 not in employment,318,137,181
S01010483,A B D E. Agriculture energy and water,4,2,2
S01010483,C. Manufacturing,38,25,13
S01010483,F. Construction,20,18,2
S01010483,G I. Distribution hotels and restaurants,57,28,29
S01010483,H J. Transport and communication,24,5,19
S01010483,K L M N. Financial real estate professional and administrative activities,36,15,21
S01010483,O P Q. Public administration education and health,76,16,60
S01010483,R S T U. Other,14,6,8
S01010483,Never worked,49,22,27
S01010484,All people aged 16 to 74 not in employment,182,82,100
S01010484,A B D E. Agriculture energy and water,1,0,1
S01010484,C. Manufacturing,13,12,1
S01010484,F. Construction,11,11,0
S01010484,G I. Distribution hotels and restaurants,37,19,18
S01010484,H J. Transport and communication,17,6,11
S01010484,K L M N. Financial real estate professional and administrative activities,16,7,9
S01010484,O P Q. Public administration education and health,36,6,30
S01010484,R S T U. Other,13,3,10
S01010484,Never worked,38,18,20
S01010485,All people aged 16 to 74 not in employment,252,117,135
S01010485,A B D E. Agriculture energy and water,5,3,2
S01010485,C. Manufacturing,25,16,9
S01010485,F. Construction,13,12,1
S01010485,G I. Distribution hotels and restaurants,41,21,20
S01010485,H J. Transport and communication,14,5,9
S01010485,K L M N. Financial real estate professional and administrative activities,27,11,16
S01010485,O P Q. Public administration education and health,56,16,40
S01010485,R S T U. Other,8,3,5
S01010485,Never worked,63,30,33
S01010486,All people aged 16 to 74 not in employment,214,85,129
S01010486,A B D E. Agriculture energy and water,2,2,0
S01010486,C. Manufacturing,14,10,4
S01010486,F. Construction,17,16,1
S01010486,G I. Distribution hotels and restaurants,35,14,21
S01010486,H J. Transport and communication,15,4,11
S01010486,K L M N. Financial real estate professional and administrative activities,13,6,7
S01010486,O P Q. Public administration education and health,71,18,53
S01010486,R S T U. Other,4,1,3
S01010486,Never worked,43,14,29
S01010487,All people aged 16 to 74 not in employment,247,116,131
S01010487,A B D E. Agriculture energy and water,2,1,1
S01010487,C. Manufacturing,21,16,5
S01010487,F. Construction,17,17,0
S01010487,G I. Distribution hotels and restaurants,46,23,23
S01010487,H J. Transport and communication,15,4,11
S01010487,K L M N. Financial real estate professional and administrative activities,34,16,18
S01010487,O P Q. Public administration education and health,62,15,47
S01010487,R S T U. Other,7,3,4
S01010487,Never worked,43,21,22
S01010488,All people aged 16 to 74 not in employment,278,108,170
S01010488,A B D E. Agriculture energy and water,6,1,5
S01010488,C. Manufacturing,22,18,4
S01010488,F. Construction,13,13,0
S01010488,G I. Distribution hotels and restaurants,54,23,31
S01010488,H J. Transport and communication,24,6,18
S01010488,K L M N. Financial real estate professional and administrative activities,26,11,15
S01010488,O P Q. Public administration education and health,42,6,36
S01010488,R S T U. Other,9,1,8
S01010488,Never worked,82,29,53
S01010489,All people aged 16 to 74 not in employment,338,166,172
S01010489,A B D E. Agriculture energy and water,7,5,2
S01010489,C. Manufacturing,26,13,13
S01010489,F. Construction,40,37,3
S01010489,G I. Distribution hotels and restaurants,40,22,18
S01010489,H J. Transport and communication,28,7,21
S01010489,K L M N. Financial real estate professional and administrative activities,32,17,15
S01010489,O P Q. Public administration education and health,76,18,58
S01010489,R S T U. Other,9,6,3
S01010489,Never worked,80,41,39
S01010490,All people aged 16 to 74 not in employment,284,119,165
S01010490,A B D E. Agriculture energy and water,4,2,2
S01010490,C. Manufacturing,16,8,8
S01010490,F. Construction,18,18,0
S01010490,G I. Distribution hotels and restaurants,50,29,21
S01010490,H J. Transport and communication,26,5,21
S01010490,K L M N. Financial real estate professional and administrative activities,21,8,13
S01010490,O P Q. Public administration education and health,61,17,44
S01010490,R S T U. Other,13,5,8
S01010490,Never worked,75,27,48
S01010491,All people aged 16 to 74 not in employment,337,134,203
S01010491,A B D E. Agriculture energy and water,5,4,1
S01010491,C. Manufacturing,28,10,18
S01010491,F. Construction,28,25,3
S01010491,G I. Distribution hotels and restaurants,72,31,41
S01010491,H J. Transport and communication,25,8,17
S01010491,K L M N. Financial real estate professional and administrative activities,22,10,12
S01010491,O P Q. Public administration education and health,51,5,46
S01010491,R S T U. Other,15,4,11
S01010491,Never worked,91,37,54
S01010492,All people aged 16 to 74 not in employment,258,110,148
S01010492,A B D E. Agriculture energy and water,3,1,2
S01010492,C. Manufacturing,19,8,11
S01010492,F. Construction,23,21,2
S01010492,G I. Distribution hotels and restaurants,42,23,19
S01010492,H J. Transport and communication,20,5,15
S01010492,K L M N. Financial real estate professional and administrative activities,27,12,15
S01010492,O P Q. Public administration education and health,42,14,28
S01010492,R S T U. Other,10,2,8
S01010492,Never worked,72,24,48
S01010493,All people aged 16 to 74 not in employment,281,114,167
S01010493,A B D E. Agriculture energy and water,6,4,2
S01010493,C. Manufacturing,28,16,12
S01010493,F. Construction,25,21,4
S01010493,G I. Distribution hotels and restaurants,40,19,21
S01010493,H J. Transport and communication,26,6,20
S01010493,K L M N. Financial real estate professional and administrative activities,21,10,11
S01010493,O P Q. Public administration education and health,42,5,37
S01010493,R S T U. Other,10,2,8
S01010493,Never worked,83,31,52
S01010494,All people aged 16 to 74 not in employment,196,94,102
S01010494,A B D E. Agriculture energy and water,4,4,0
S01010494,C. Manufacturing,13,8,5
S01010494,F. Construction,22,21,1
S01010494,G I. Distribution hotels and restaurants,26,10,16
S01010494,H J. Transport and communication,12,4,8
S01010494,K L M N. Financial real estate professional and administrative activities,17,8,9
S01010494,O P Q. Public administration education and health,24,2,22
S01010494,R S T U. Other,14,6,8
S01010494,Never worked,64,31,33
S01010495,All people aged 16 to 74 not in employment,346,150,196
S01010495,A B D E. Agriculture energy and water,2,0,2
S01010495,C. Manufacturing,31,19,12
S01010495,F. Construction,32,32,0
S01010495,G I. Distribution hotels and restaurants,64,26,38
S01010495,H J. Transport and communication,29,11,18
S01010495,K L M N. Financial real estate professional and administrative activities,32,11,21
S01010495,O P Q. Public administration education and health,45,9,36
S01010495,R S T U. Other,9,2,7
S01010495,Never worked,102,40,62
S01010496,All people aged 16 to 74 not in employment,337,158,179
S01010496,A B D E. Agriculture energy and water,2,2,0
S01010496,C. Manufacturing,28,17,11
S01010496,F. Construction,22,22,0
S01010496,G I. Distribution hotels and restaurants,47,19,28
S01010496,H J. Transport and communication,23,11,12
S01010496,K L M N. Financial real estate professional and administrative activities,33,20,13
S01010496,O P Q. Public administration education and health,52,12,40
S01010496,R S T U. Other,7,1,6
S01010496,Never worked,123,54,69
S01010497,All people aged 16 to 74 not in employment,266,123,143
S01010497,A B D E. Agriculture energy and water,4,4,0
S01010497,C. Manufacturing,19,14,5
S01010497,F. Construction,14,14,0
S01010497,G I. Distribution hotels and restaurants,41,17,24
S01010497,H J. Transport and communication,17,5,12
S01010497,K L M N. Financial real estate professional and administrative activities,32,17,15
S01010497,O P Q. Public administration education and health,27,5,22
S01010497,R S T U. Other,12,6,6
S01010497,Never worked,100,41,59
S01010498,All people aged 16 to 74 not in employment,350,157,193
S01010498,A B D E. Agriculture energy and water,5,3,2
S01010498,C. Manufacturing,26,13,13
S01010498,F. Construction,28,27,1
S01010498,G I. Distribution hotels and restaurants,54,27,27
S01010498,H J. Transport and communication,31,8,23
S01010498,K L M N. Financial real estate professional and administrative activities,46,18,28
S01010498,O P Q. Public administration education and health,37,10,27
S01010498,R S T U. Other,17,5,12
S01010498,Never worked,106,46,60
S01010499,All people aged 16 to 74 not in employment,412,208,204
S01010499,A B D E. Agriculture energy and water,4,3,1
S01010499,C. Manufacturing,39,21,18
S01010499,F. Construction,31,30,1
S01010499,G I. Distribution hotels and restaurants,62,40,22
S01010499,H J. Transport and communication,33,10,23
S01010499,K L M N. Financial real estate professional and administrative activities,30,14,16
S01010499,O P Q. Public administration education and health,62,18,44
S01010499,R S T U. Other,6,4,2
S01010499,Never worked,145,68,77
S01010500,All people aged 16 to 74 not in employment,396,171,225
S01010500,A B D E. Agriculture energy and water,4,3,1
S01010500,C. Manufacturing,24,10,14
S01010500,F. Construction,31,27,4
S01010500,G I. Distribution hotels and restaurants,48,19,29
S01010500,H J. Transport and communication,36,19,17
S01010500,K L M N. Financial real estate professional and administrative activities,38,10,28
S01010500,O P Q. Public administration education and health,58,13,45
S01010500,R S T U. Other,21,4,17
S01010500,Never worked,136,66,70
S01010501,All people aged 16 to 74 not in employment,306,126,180
S01010501,A B D E. Agriculture energy and water,5,5,0
S01010501,C. Manufacturing,28,14,14
S01010501,F. Construction,21,19,2
S01010501,G I. Distribution hotels and restaurants,57,23,34
S01010501,H J. Transport and communication,22,8,14
S01010501,K L M N. Financial real estate professional and administrative activities,26,9,17
S01010501,O P Q. Public administration education and health,58,13,45
S01010501,R S T U. Other,13,3,10
S01010501,Never worked,76,32,44
S01010502,All people aged 16 to 74 not in employment,205,86,119
S01010502,A B D E. Agriculture energy and water,2,2,0
S01010502,C. Manufacturing,19,8,11
S01010502,F. Construction,10,10,0
S01010502,G I. Distribution hotels and restaurants,29,16,13
S01010502,H J. Transport and communication,15,5,10
S01010502,K L M N. Financial real estate professional and administrative activities,20,11,9
S01010502,O P Q. Public administration education and health,40,7,33
S01010502,R S T U. Other,11,1,10
S01010502,Never worked,59,26,33
S01010503,All people aged 16 to 74 not in employment,263,113,150
S01010503,A B D E. Agriculture energy and water,4,4,0
S01010503,C. Manufacturing,20,12,8
S01010503,F. Construction,18,17,1
S01010503,G I. Distribution hotels and restaurants,43,22,21
S01010503,H J. Transport and communication,20,7,13
S01010503,K L M N. Financial real estate professional and administrative activities,25,11,14
S01010503,O P Q. Public administration education and health,45,6,39
S01010503,R S T U. Other,7,4,3
S01010503,Never worked,81,30,51
S01010504,All people aged 16 to 74 not in employment,131,59,72
S01010504,A B D E. Agriculture energy and water,10,7,3
S01010504,C. Manufacturing,7,5,2
S01010504,F. Construction,7,7,0
S01010504,G I. Distribution hotels and restaurants,23,13,10
S01010504,H J. Transport and communication,15,4,11
S01010504,K L M N. Financial real estate professional and administrative activities,9,3,6
S01010504,O P Q. Public administration education and health,43,14,29
S01010504,R S T U. Other,5,2,3
S01010504,Never worked,12,4,8
S01010505,All people aged 16 to 74 not in employment,141,51,90
S01010505,A B D E. Agriculture energy and water,15,12,3
S01010505,C. Manufacturing,7,4,3
S01010505,F. Construction,8,7,1
S01010505,G I. Distribution hotels and restaurants,24,12,12
S01010505,H J. Transport and communication,20,1,19
S01010505,K L M N. Financial real estate professional and administrative activities,13,5,8
S01010505,O P Q. Public administration education and health,37,7,30
S01010505,R S T U. Other,2,0,2
S01010505,Never worked,15,3,12
S01010506,All people aged 16 to 74 not in employment,187,69,118
S01010506,A B D E. Agriculture energy and water,13,12,1
S01010506,C. Manufacturing,7,3,4
S01010506,F. Construction,7,7,0
S01010506,G I. Distribution hotels and restaurants,32,14,18
S01010506,H J. Transport and communication,33,4,29
S01010506,K L M N. Financial real estate professional and administrative activities,16,8,8
S01010506,O P Q. Public administration education and health,52,9,43
S01010506,R S T U. Other,7,3,4
S01010506,Never worked,20,9,11
S01010507,All people aged 16 to 74 not in employment,173,74,99
S01010507,A B D E. Agriculture energy and water,13,12,1
S01010507,C. Manufacturing,7,5,2
S01010507,F. Construction,12,10,2
S01010507,G I. Distribution hotels and restaurants,46,20,26
S01010507,H J. Transport and communication,32,2,30
S01010507,K L M N. Financial real estate professional and administrative activities,6,4,2
S01010507,O P Q. Public administration education and health,24,3,21
S01010507,R S T U. Other,1,0,1
S01010507,Never worked,32,18,14
S01010508,All people aged 16 to 74 not in employment,241,109,132
S01010508,A B D E. Agriculture energy and water,18,16,2
S01010508,C. Manufacturing,13,6,7
S01010508,F. Construction,17,15,2
S01010508,G I. Distribution hotels and restaurants,25,12,13
S01010508,H J. Transport and communication,37,13,24
S01010508,K L M N. Financial real estate professional and administrative activities,24,12,12
S01010508,O P Q. Public administration education and health,75,17,58
S01010508,R S T U. Other,5,1,4
S01010508,Never worked,27,17,10
S01010509,All people aged 16 to 74 not in employment,197,90,107
S01010509,A B D E. Agriculture energy and water,14,10,4
S01010509,C. Manufacturing,10,7,3
S01010509,F. Construction,17,13,4
S01010509,G I. Distribution hotels and restaurants,39,17,22
S01010509,H J. Transport and communication,20,6,14
S01010509,K L M N. Financial real estate professional and administrative activities,18,10,8
S01010509,O P Q. Public administration education and health,55,13,42
S01010509,R S T U. Other,6,2,4
S01010509,Never worked,18,12,6
S01010510,All people aged 16 to 74 not in employment,188,76,112
S01010510,A B D E. Agriculture energy and water,6,4,2
S01010510,C. Manufacturing,17,12,5
S01010510,F. Construction,16,13,3
S01010510,G I. Distribution hotels and restaurants,29,10,19
S01010510,H J. Transport and communication,20,5,15
S01010510,K L M N. Financial real estate professional and administrative activities,11,6,5
S01010510,O P Q. Public administration education and health,58,9,49
S01010510,R S T U. Other,9,3,6
S01010510,Never worked,22,14,8
S01010511,All people aged 16 to 74 not in employment,194,80,114
S01010511,A B D E. Agriculture energy and water,2,2,0
S01010511,C. Manufacturing,20,15,5
S01010511,F. Construction,8,6,2
S01010511,G I. Distribution hotels and restaurants,57,13,44
S01010511,H J. Transport and communication,30,8,22
S01010511,K L M N. Financial real estate professional and administrative activities,10,5,5
S01010511,O P Q. Public administration education and health,40,14,26
S01010511,R S T U. Other,4,3,1
S01010511,Never worked,23,14,9
S01010512,All people aged 16 to 74 not in employment,151,63,88
S01010512,A B D E. Agriculture energy and water,2,2,0
S01010512,C. Manufacturing,24,21,3
S01010512,F. Construction,5,5,0
S01010512,G I. Distribution hotels and restaurants,28,11,17
S01010512,H J. Transport and communication,25,5,20
S01010512,K L M N. Financial real estate professional and administrative activities,11,3,8
S01010512,O P Q. Public administration education and health,37,9,28
S01010512,R S T U. Other,8,3,5
S01010512,Never worked,11,4,7
S01010513,All people aged 16 to 74 not in employment,160,69,91
S01010513,A B D E. Agriculture energy and water,4,2,2
S01010513,C. Manufacturing,18,14,4
S01010513,F. Construction,6,6,0
S01010513,G I. Distribution hotels and restaurants,26,9,17
S01010513,H J. Transport and communication,24,5,19
S01010513,K L M N. Financial real estate professional and administrative activities,9,4,5
S01010513,O P Q. Public administration education and health,47,17,30
S01010513,R S T U. Other,13,5,8
S01010513,Never worked,13,7,6
S01010514,All people aged 16 to 74 not in employment,144,60,84
S01010514,A B D E. Agriculture energy and water,6,4,2
S01010514,C. Manufacturing,15,9,6
S01010514,F. Construction,11,10,1
S01010514,G I. Distribution hotels and restaurants,29,13,16
S01010514,H J. Transport and communication,23,4,19
S01010514,K L M N. Financial real estate professional and administrative activities,8,4,4
S01010514,O P Q. Public administration education and health,21,3,18
S01010514,R S T U. Other,7,2,5
S01010514,Never worked,24,11,13
S01010515,All people aged 16 to 74 not in employment,192,72,120
S01010515,A B D E. Agriculture energy and water,12,9,3
S01010515,C. Manufacturing,18,10,8
S01010515,F. Construction,17,15,2
S01010515,G I. Distribution hotels and restaurants,37,5,32
S01010515,H J. Transport and communication,33,11,22
S01010515,K L M N. Financial real estate professional and administrative activities,13,6,7
S01010515,O P Q. Public administration education and health,32,5,27
S01010515,R S T U. Other,8,1,7
S01010515,Never worked,22,10,12
S01010516,All people aged 16 to 74 not in employment,148,63,85
S01010516,A B D E. Agriculture energy and water,6,3,3
S01010516,C. Manufacturing,12,11,1
S01010516,F. Construction,12,11,1
S01010516,G I. Distribution hotels and restaurants,22,7,15
S01010516,H J. Transport and communication,39,13,26
S01010516,K L M N. Financial real estate professional and administrative activities,12,5,7
S01010516,O P Q. Public administration education and health,33,9,24
S01010516,R S T U. Other,2,0,2
S01010516,Never worked,10,4,6
S01010517,All people aged 16 to 74 not in employment,210,82,128
S01010517,A B D E. Agriculture energy and water,6,3,3
S01010517,C. Manufacturing,19,10,9
S01010517,F. Construction,8,7,1
S01010517,G I. Distribution hotels and restaurants,42,15,27
S01010517,H J. Transport and communication,48,15,33
S01010517,K L M N. Financial real estate professional and administrative activities,17,8,9
S01010517,O P Q. Public administration education and health,33,11,22
S01010517,R S T U. Other,9,6,3
S01010517,Never worked,28,7,21
S01010518,All people aged 16 to 74 not in employment,142,58,84
S01010518,A B D E. Agriculture energy and water,3,2,1
S01010518,C. Manufacturing,14,9,5
S01010518,F. Construction,6,5,1
S01010518,G I. Distribution hotels and restaurants,29,5,24
S01010518,H J. Transport and communication,22,7,15
S01010518,K L M N. Financial real estate professional and administrative activities,12,8,4
S01010518,O P Q. Public administration education and health,35,10,25
S01010518,R S T U. Other,8,4,4
S01010518,Never worked,13,8,5
S01010519,All people aged 16 to 74 not in employment,169,65,104
S01010519,A B D E. Agriculture energy and water,10,6,4
S01010519,C. Manufacturing,8,6,2
S01010519,F. Construction,8,7,1
S01010519,G I. Distribution hotels and restaurants,47,15,32
S01010519,H J. Transport and communication,21,5,16
S01010519,K L M N. Financial real estate professional and administrative activities,18,8,10
S01010519,O P Q. Public administration education and health,31,8,23
S01010519,R S T U. Other,4,1,3
S01010519,Never worked,22,9,13
S01010520,All people aged 16 to 74 not in employment,172,68,104
S01010520,A B D E. Agriculture energy and water,2,2,0
S01010520,C. Manufacturing,28,21,7
S01010520,F. Construction,11,11,0
S01010520,G I. Distribution hotels and restaurants,36,7,29
S01010520,H J. Transport and communication,35,7,28
S01010520,K L M N. Financial real estate professional and administrative activities,7,3,4
S01010520,O P Q. Public administration education and health,30,5,25
S01010520,R S T U. Other,8,3,5
S01010520,Never worked,15,9,6
S01010521,All people aged 16 to 74 not in employment,162,64,98
S01010521,A B D E. Agriculture energy and water,5,4,1
S01010521,C. Manufacturing,13,10,3
S01010521,F. Construction,11,9,2
S01010521,G I. Distribution hotels and restaurants,44,15,29
S01010521,H J. Transport and communication,33,9,24
S01010521,K L M N. Financial real estate professional and administrative activities,8,3,5
S01010521,O P Q. Public administration education and health,30,6,24
S01010521,R S T U. Other,6,4,2
S01010521,Never worked,12,4,8
S01010522,All people aged 16 to 74 not in employment,138,65,73
S01010522,A B D E. Agriculture energy and water,6,6,0
S01010522,C. Manufacturing,9,8,1
S01010522,F. Construction,11,11,0
S01010522,G I. Distribution hotels and restaurants,23,11,12
S01010522,H J. Transport and communication,22,7,15
S01010522,K L M N. Financial real estate professional and administrative activities,9,3,6
S01010522,O P Q. Public administration education and health,24,1,23
S01010522,R S T U. Other,9,2,7
S01010522,Never worked,25,16,9
S01010523,All people aged 16 to 74 not in employment,156,67,89
S01010523,A B D E. Agriculture energy and water,8,7,1
S01010523,C. Manufacturing,10,8,2
S01010523,F. Construction,18,14,4
S01010523,G I. Distribution hotels and restaurants,40,12,28
S01010523,H J. Transport and communication,34,7,27
S01010523,K L M N. Financial real estate professional and administrative activities,10,1,9
S01010523,O P Q. Public administration education and health,16,5,11
S01010523,R S T U. Other,5,3,2
S01010523,Never worked,15,10,5
S01010524,All people aged 16 to 74 not in employment,127,54,73
S01010524,A B D E. Agriculture energy and water,5,5,0
S01010524,C. Manufacturing,7,5,2
S01010524,F. Construction,7,6,1
S01010524,G I. Distribution hotels and restaurants,22,10,12
S01010524,H J. Transport and communication,24,6,18
S01010524,K L M N. Financial real estate professional and administrative activities,12,6,6
S01010524,O P Q. Public administration education and health,37,8,29
S01010524,R S T U. Other,4,3,1
S01010524,Never worked,9,5,4
S01010525,All people aged 16 to 74 not in employment,177,64,113
S01010525,A B D E. Agriculture energy and water,10,7,3
S01010525,C. Manufacturing,12,6,6
S01010525,F. Construction,10,6,4
S01010525,G I. Distribution hotels and restaurants,29,15,14
S01010525,H J. Transport and communication,27,7,20
S01010525,K L M N. Financial real estate professional and administrative activities,11,3,8
S01010525,O P Q. Public administration education and health,47,11,36
S01010525,R S T U. Other,12,2,10
S01010525,Never worked,19,7,12
S01010526,All people aged 16 to 74 not in employment,168,71,97
S01010526,A B D E. Agriculture energy and water,2,2,0
S01010526,C. Manufacturing,10,6,4
S01010526,F. Construction,18,15,3
S01010526,G I. Distribution hotels and restaurants,38,20,18
S01010526,H J. Transport and communication,37,9,28
S01010526,K L M N. Financial real estate professional and administrative activities,8,2,6
S01010526,O P Q. Public administration education and health,38,11,27
S01010526,R S T U. Other,8,2,6
S01010526,Never worked,9,4,5
S01010527,All people aged 16 to 74 not in employment,244,107,137
S01010527,A B D E. Agriculture energy and water,7,7,0
S01010527,C. Manufacturing,26,17,9
S01010527,F. Construction,16,16,0
S01010527,G I. Distribution hotels and restaurants,34,16,18
S01010527,H J. Transport and communication,60,18,42
S01010527,K L M N. Financial real estate professional and administrative activities,15,6,9
S01010527,O P Q. Public administration education and health,56,16,40
S01010527,R S T U. Other,11,5,6
S01010527,Never worked,19,6,13
S01010528,All people aged 16 to 74 not in employment,117,47,70
S01010528,A B D E. Agriculture energy and water,4,3,1
S01010528,C. Manufacturing,10,7,3
S01010528,F. Construction,3,2,1
S01010528,G I. Distribution hotels and restaurants,15,8,7
S01010528,H J. Transport and communication,14,3,11
S01010528,K L M N. Financial real estate professional and administrative activities,12,7,5
S01010528,O P Q. Public administration education and health,36,10,26
S01010528,R S T U. Other,7,3,4
S01010528,Never worked,16,4,12
S01010529,All people aged 16 to 74 not in employment,159,70,89
S01010529,A B D E. Agriculture energy and water,6,5,1
S01010529,C. Manufacturing,5,5,0
S01010529,F. Construction,16,13,3
S01010529,G I. Distribution hotels and restaurants,45,21,24
S01010529,H J. Transport and communication,21,4,17
S01010529,K L M N. Financial real estate professional and administrative activities,12,6,6
S01010529,O P Q. Public administration education and health,35,7,28
S01010529,R S T U. Other,4,3,1
S01010529,Never worked,15,6,9
S01010530,All people aged 16 to 74 not in employment,147,65,82
S01010530,A B D E. Agriculture energy and water,6,6,0
S01010530,C. Manufacturing,15,11,4
S01010530,F. Construction,5,4,1
S01010530,G I. Distribution hotels and restaurants,17,9,8
S01010530,H J. Transport and communication,31,8,23
S01010530,K L M N. Financial real estate professional and administrative activities,7,2,5
S01010530,O P Q. Public administration education and health,45,14,31
S01010530,R S T U. Other,8,4,4
S01010530,Never worked,13,7,6
S01010531,All people aged 16 to 74 not in employment,216,78,138
S01010531,A B D E. Agriculture energy and water,5,5,0
S01010531,C. Manufacturing,14,3,11
S01010531,F. Construction,18,15,3
S01010531,G I. Distribution hotels and restaurants,27,11,16
S01010531,H J. Transport and communication,43,17,26
S01010531,K L M N. Financial real estate professional and administrative activities,19,6,13
S01010531,O P Q. Public administration education and health,51,14,37
S01010531,R S T U. Other,18,3,15
S01010531,Never worked,21,4,17
S01010532,All people aged 16 to 74 not in employment,132,54,78
S01010532,A B D E. Agriculture energy and water,7,7,0
S01010532,C. Manufacturing,8,5,3
S01010532,F. Construction,4,4,0
S01010532,G I. Distribution hotels and restaurants,27,12,15
S01010532,H J. Transport and communication,21,5,16
S01010532,K L M N. Financial real estate professional and administrative activities,12,7,5
S01010532,O P Q. Public administration education and health,35,11,24
S01010532,R S T U. Other,10,2,8
S01010532,Never worked,8,1,7
S01010533,All people aged 16 to 74 not in employment,135,56,79
S01010533,A B D E. Agriculture energy and water,2,2,0
S01010533,C. Manufacturing,3,3,0
S01010533,F. Construction,12,11,1
S01010533,G I. Distribution hotels and restaurants,20,7,13
S01010533,H J. Transport and communication,21,7,14
S01010533,K L M N. Financial real estate professional and administrative activities,12,5,7
S01010533,O P Q. Public administration education and health,44,11,33
S01010533,R S T U. Other,10,5,5
S01010533,Never worked,11,5,6
S01010534,All people aged 16 to 74 not in employment,206,91,115
S01010534,A B D E. Agriculture energy and water,5,4,1
S01010534,C. Manufacturing,11,6,5
S01010534,F. Construction,13,13,0
S01010534,G I. Distribution hotels and restaurants,30,9,21
S01010534,H J. Transport and communication,28,9,19
S01010534,K L M N. Financial real estate professional and administrative activities,12,3,9
S01010534,O P Q. Public administration education and health,59,21,38
S01010534,R S T U. Other,16,9,7
S01010534,Never worked,32,17,15
S01010535,All people aged 16 to 74 not in employment,168,65,103
S01010535,A B D E. Agriculture energy and water,3,1,2
S01010535,C. Manufacturing,7,5,2
S01010535,F. Construction,10,9,1
S01010535,G I. Distribution hotels and restaurants,26,13,13
S01010535,H J. Transport and communication,24,4,20
S01010535,K L M N. Financial real estate professional and administrative activities,13,9,4
S01010535,O P Q. Public administration education and health,59,17,42
S01010535,R S T U. Other,11,2,9
S01010535,Never worked,15,5,10
S01010536,All people aged 16 to 74 not in employment,182,87,95
S01010536,A B D E. Agriculture energy and water,4,4,0
S01010536,C. Manufacturing,10,5,5
S01010536,F. Construction,14,13,1
S01010536,G I. Distribution hotels and restaurants,32,11,21
S01010536,H J. Transport and communication,54,26,28
S01010536,K L M N. Financial real estate professional and administrative activities,10,3,7
S01010536,O P Q. Public administration education and health,36,10,26
S01010536,R S T U. Other,10,7,3
S01010536,Never worked,12,8,4
S01010537,All people aged 16 to 74 not in employment,143,67,76
S01010537,A B D E. Agriculture energy and water,3,2,1
S01010537,C. Manufacturing,9,8,1
S01010537,F. Construction,8,8,0
S01010537,G I. Distribution hotels and restaurants,29,7,22
S01010537,H J. Transport and communication,31,15,16
S01010537,K L M N. Financial real estate professional and administrative activities,15,7,8
S01010537,O P Q. Public administration education and health,24,9,15
S01010537,R S T U. Other,10,2,8
S01010537,Never worked,14,9,5
S01010538,All people aged 16 to 74 not in employment,143,57,86
S01010538,A B D E. Agriculture energy and water,4,3,1
S01010538,C. Manufacturing,7,4,3
S01010538,F. Construction,6,6,0
S01010538,G I. Distribution hotels and restaurants,25,9,16
S01010538,H J. Transport and communication,27,9,18
S01010538,K L M N. Financial real estate professional and administrative activities,19,5,14
S01010538,O P Q. Public administration education and health,35,11,24
S01010538,R S T U. Other,7,3,4
S01010538,Never worked,13,7,6
S01010539,All people aged 16 to 74 not in employment,196,85,111
S01010539,A B D E. Agriculture energy and water,2,1,1
S01010539,C. Manufacturing,12,8,4
S01010539,F. Construction,9,8,1
S01010539,G I. Distribution hotels and restaurants,42,21,21
S01010539,H J. Transport and communication,32,7,25
S01010539,K L M N. Financial real estate professional and administrative activities,21,14,7
S01010539,O P Q. Public administration education and health,57,15,42
S01010539,R S T U. Other,12,7,5
S01010539,Never worked,9,4,5
S01010540,All people aged 16 to 74 not in employment,153,65,88
S01010540,A B D E. Agriculture energy and water,4,3,1
S01010540,C. Manufacturing,10,9,1
S01010540,F. Construction,5,5,0
S01010540,G I. Distribution hotels and restaurants,15,6,9
S01010540,H J. Transport and communication,22,6,16
S01010540,K L M N. Financial real estate professional and administrative activities,19,11,8
S01010540,O P Q. Public administration education and health,44,8,36
S01010540,R S T U. Other,18,6,12
S01010540,Never worked,16,11,5
S01010541,All people aged 16 to 74 not in employment,196,85,111
S01010541,A B D E. Agriculture energy and water,4,4,0
S01010541,C. Manufacturing,15,9,6
S01010541,F. Construction,9,7,2
S01010541,G I. Distribution hotels and restaurants,28,11,17
S01010541,H J. Transport and communication,43,19,24
S01010541,K L M N. Financial real estate professional and administrative activities,19,10,9
S01010541,O P Q. Public administration education and health,58,12,46
S01010541,R S T U. Other,13,8,5
S01010541,Never worked,7,5,2
S01010542,All people aged 16 to 74 not in employment,217,97,120
S01010542,A B D E. Agriculture energy and water,4,3,1
S01010542,C. Manufacturing,14,11,3
S01010542,F. Construction,8,8,0
S01010542,G I. Distribution hotels and restaurants,28,11,17
S01010542,H J. Transport and communication,48,16,32
S01010542,K L M N. Financial real estate professional and administrative activities,25,17,8
S01010542,O P Q. Public administration education and health,61,15,46
S01010542,R S T U. Other,9,7,2
S01010542,Never worked,20,9,11
S01010543,All people aged 16 to 74 not in employment,126,50,76
S01010543,A B D E. Agriculture energy and water,8,6,2
S01010543,C. Manufacturing,3,2,1
S01010543,F. Construction,3,1,2
S01010543,G I. Distribution hotels and restaurants,25,12,13
S01010543,H J. Transport and communication,25,6,19
S01010543,K L M N. Financial real estate professional and administrative activities,20,11,9
S01010543,O P Q. Public administration education and health,30,8,22
S01010543,R S T U. Other,1,1,0
S01010543,Never worked,11,3,8
S01010544,All people aged 16 to 74 not in employment,199,76,123
S01010544,A B D E. Agriculture energy and water,9,6,3
S01010544,C. Manufacturing,16,9,7
S01010544,F. Construction,14,12,2
S01010544,G I. Distribution hotels and restaurants,30,9,21
S01010544,H J. Transport and communication,27,7,20
S01010544,K L M N. Financial real estate professional and administrative activities,17,7,10
S01010544,O P Q. Public administration education and health,44,9,35
S01010544,R S T U. Other,19,6,13
S01010544,Never worked,23,11,12
S01010545,All people aged 16 to 74 not in employment,177,79,98
S01010545,A B D E. Agriculture energy and water,12,9,3
S01010545,C. Manufacturing,11,10,1
S01010545,F. Construction,14,14,0
S01010545,G I. Distribution hotels and restaurants,28,12,16
S01010545,H J. Transport and communication,25,10,15
S01010545,K L M N. Financial real estate professional and administrative activities,11,5,6
S01010545,O P Q. Public administration education and health,47,6,41
S01010545,R S T U. Other,11,3,8
S01010545,Never worked,18,10,8
S01010546,All people aged 16 to 74 not in employment,172,70,102
S01010546,A B D E. Agriculture energy and water,1,0,1
S01010546,C. Manufacturing,13,10,3
S01010546,F. Construction,12,12,0
S01010546,G I. Distribution hotels and restaurants,28,13,15
S01010546,H J. Transport and communication,34,10,24
S01010546,K L M N. Financial real estate professional and administrative activities,11,3,8
S01010546,O P Q. Public administration education and health,42,8,34
S01010546,R S T U. Other,10,4,6
S01010546,Never worked,21,10,11
S01010547,All people aged 16 to 74 not in employment,188,75,113
S01010547,A B D E. Agriculture energy and water,7,3,4
S01010547,C. Manufacturing,22,15,7
S01010547,F. Construction,4,4,0
S01010547,G I. Distribution hotels and restaurants,22,9,13
S01010547,H J. Transport and communication,21,7,14
S01010547,K L M N. Financial real estate professional and administrative activities,22,6,16
S01010547,O P Q. Public administration education and health,58,20,38
S01010547,R S T U. Other,12,3,9
S01010547,Never worked,20,8,12
S01010548,All people aged 16 to 74 not in employment,191,92,99
S01010548,A B D E. Agriculture energy and water,7,4,3
S01010548,C. Manufacturing,12,9,3
S01010548,F. Construction,10,8,2
S01010548,G I. Distribution hotels and restaurants,23,14,9
S01010548,H J. Transport and communication,26,13,13
S01010548,K L M N. Financial real estate professional and administrative activities,22,12,10
S01010548,O P Q. Public administration education and health,74,22,52
S01010548,R S T U. Other,4,1,3
S01010548,Never worked,13,9,4
S01010549,All people aged 16 to 74 not in employment,193,70,123
S01010549,A B D E. Agriculture energy and water,6,2,4
S01010549,C. Manufacturing,17,8,9
S01010549,F. Construction,10,10,0
S01010549,G I. Distribution hotels and restaurants,32,12,20
S01010549,H J. Transport and communication,19,5,14
S01010549,K L M N. Financial real estate professional and administrative activities,14,8,6
S01010549,O P Q. Public administration education and health,63,14,49
S01010549,R S T U. Other,14,2,12
S01010549,Never worked,18,9,9
S01010550,All people aged 16 to 74 not in employment,117,52,65
S01010550,A B D E. Agriculture energy and water,3,3,0
S01010550,C. Manufacturing,10,5,5
S01010550,F. Construction,9,8,1
S01010550,G I. Distribution hotels and restaurants,23,9,14
S01010550,H J. Transport and communication,14,4,10
S01010550,K L M N. Financial real estate professional and administrative activities,11,6,5
S01010550,O P Q. Public administration education and health,26,8,18
S01010550,R S T U. Other,3,0,3
S01010550,Never worked,18,9,9
S01010551,All people aged 16 to 74 not in employment,148,56,92
S01010551,A B D E. Agriculture energy and water,10,6,4
S01010551,C. Manufacturing,7,6,1
S01010551,F. Construction,4,3,1
S01010551,G I. Distribution hotels and restaurants,34,12,22
S01010551,H J. Transport and communication,12,4,8
S01010551,K L M N. Financial real estate professional and administrative activities,18,6,12
S01010551,O P Q. Public administration education and health,37,8,29
S01010551,R S T U. Other,7,1,6
S01010551,Never worked,19,10,9
S01010552,All people aged 16 to 74 not in employment,175,59,116
S01010552,A B D E. Agriculture energy and water,6,2,4
S01010552,C. Manufacturing,10,4,6
S01010552,F. Construction,6,5,1
S01010552,G I. Distribution hotels and restaurants,39,14,25
S01010552,H J. Transport and communication,13,3,10
S01010552,K L M N. Financial real estate professional and administrative activities,22,11,11
S01010552,O P Q. Public administration education and health,54,11,43
S01010552,R S T U. Other,7,1,6
S01010552,Never worked,18,8,10
S01010553,All people aged 16 to 74 not in employment,158,63,95
S01010553,A B D E. Agriculture energy and water,9,4,5
S01010553,C. Manufacturing,8,7,1
S01010553,F. Construction,10,9,1
S01010553,G I. Distribution hotels and restaurants,26,11,15
S01010553,H J. Transport and communication,15,2,13
S01010553,K L M N. Financial real estate professional and administrative activities,19,9,10
S01010553,O P Q. Public administration education and health,51,12,39
S01010553,R S T U. Other,6,2,4
S01010553,Never worked,14,7,7
S01010554,All people aged 16 to 74 not in employment,185,71,114
S01010554,A B D E. Agriculture energy and water,5,4,1
S01010554,C. Manufacturing,9,5,4
S01010554,F. Construction,19,15,4
S01010554,G I. Distribution hotels and restaurants,30,9,21
S01010554,H J. Transport and communication,32,8,24
S01010554,K L M N. Financial real estate professional and administrative activities,23,11,12
S01010554,O P Q. Public administration education and health,35,5,30
S01010554,R S T U. Other,12,5,7
S01010554,Never worked,20,9,11
S01010555,All people aged 16 to 74 not in employment,233,109,124
S01010555,A B D E. Agriculture energy and water,6,6,0
S01010555,C. Manufacturing,9,5,4
S01010555,F. Construction,21,20,1
S01010555,G I. Distribution hotels and restaurants,38,20,18
S01010555,H J. Transport and communication,49,17,32
S01010555,K L M N. Financial real estate professional and administrative activities,28,14,14
S01010555,O P Q. Public administration education and health,52,15,37
S01010555,R S T U. Other,8,1,7
S01010555,Never worked,22,11,11
S01010556,All people aged 16 to 74 not in employment,304,139,165
S01010556,A B D E. Agriculture energy and water,15,10,5
S01010556,C. Manufacturing,15,11,4
S01010556,F. Construction,23,22,1
S01010556,G I. Distribution hotels and restaurants,47,22,25
S01010556,H J. Transport and communication,48,20,28
S01010556,K L M N. Financial real estate professional and administrative activities,26,12,14
S01010556,O P Q. Public administration education and health,67,15,52
S01010556,R S T U. Other,16,5,11
S01010556,Never worked,47,22,25
S01010557,All people aged 16 to 74 not in employment,164,64,100
S01010557,A B D E. Agriculture energy and water,6,5,1
S01010557,C. Manufacturing,12,11,1
S01010557,F. Construction,15,14,1
S01010557,G I. Distribution hotels and restaurants,31,7,24
S01010557,H J. Transport and communication,19,3,16
S01010557,K L M N. Financial real estate professional and administrative activities,13,7,6
S01010557,O P Q. Public administration education and health,38,8,30
S01010557,R S T U. Other,4,1,3
S01010557,Never worked,26,8,18
S01010558,All people aged 16 to 74 not in employment,274,114,160
S01010558,A B D E. Agriculture energy and water,8,6,2
S01010558,C. Manufacturing,19,14,5
S01010558,F. Construction,20,16,4
S01010558,G I. Distribution hotels and restaurants,47,21,26
S01010558,H J. Transport and communication,27,5,22
S01010558,K L M N. Financial real estate professional and administrative activities,34,16,18
S01010558,O P Q. Public administration education and health,77,17,60
S01010558,R S T U. Other,11,3,8
S01010558,Never worked,31,16,15
S01010559,All people aged 16 to 74 not in employment,201,77,124
S01010559,A B D E. Agriculture energy and water,5,4,1
S01010559,C. Manufacturing,10,9,1
S01010559,F. Construction,8,8,0
S01010559,G I. Distribution hotels and restaurants,34,16,18
S01010559,H J. Transport and communication,17,5,12
S01010559,K L M N. Financial real estate professional and administrative activities,29,8,21
S01010559,O P Q. Public administration education and health,74,15,59
S01010559,R S T U. Other,6,0,6
S01010559,Never worked,18,12,6
S01010560,All people aged 16 to 74 not in employment,156,61,95
S01010560,A B D E. Agriculture energy and water,2,2,0
S01010560,C. Manufacturing,7,5,2
S01010560,F. Construction,9,8,1
S01010560,G I. Distribution hotels and restaurants,23,9,14
S01010560,H J. Transport and communication,20,7,13
S01010560,K L M N. Financial real estate professional and administrative activities,27,12,15
S01010560,O P Q. Public administration education and health,46,12,34
S01010560,R S T U. Other,6,1,5
S01010560,Never worked,16,5,11
S01010561,All people aged 16 to 74 not in employment,168,59,109
S01010561,A B D E. Agriculture energy and water,2,2,0
S01010561,C. Manufacturing,12,8,4
S01010561,F. Construction,7,5,2
S01010561,G I. Distribution hotels and restaurants,20,6,14
S01010561,H J. Transport and communication,25,7,18
S01010561,K L M N. Financial real estate professional and administrative activities,23,8,15
S01010561,O P Q. Public administration education and health,55,11,44
S01010561,R S T U. Other,6,2,4
S01010561,Never worked,18,10,8
S01010562,All people aged 16 to 74 not in employment,162,73,89
S01010562,A B D E. Agriculture energy and water,3,2,1
S01010562,C. Manufacturing,8,7,1
S01010562,F. Construction,18,17,1
S01010562,G I. Distribution hotels and restaurants,38,19,19
S01010562,H J. Transport and communication,16,3,13
S01010562,K L M N. Financial real estate professional and administrative activities,18,6,12
S01010562,O P Q. Public administration education and health,41,10,31
S01010562,R S T U. Other,5,0,5
S01010562,Never worked,15,9,6
S01010563,All people aged 16 to 74 not in employment,127,51,76
S01010563,A B D E. Agriculture energy and water,7,7,0
S01010563,C. Manufacturing,8,4,4
S01010563,F. Construction,7,7,0
S01010563,G I. Distribution hotels and restaurants,25,8,17
S01010563,H J. Transport and communication,21,5,16
S01010563,K L M N. Financial real estate professional and administrative activities,12,3,9
S01010563,O P Q. Public administration education and health,25,6,19
S01010563,R S T U. Other,6,2,4
S01010563,Never worked,16,9,7
S01010564,All people aged 16 to 74 not in employment,172,88,84
S01010564,A B D E. Agriculture energy and water,7,7,0
S01010564,C. Manufacturing,16,12,4
S01010564,F. Construction,17,17,0
S01010564,G I. Distribution hotels and restaurants,36,13,23
S01010564,H J. Transport and communication,25,11,14
S01010564,K L M N. Financial real estate professional and administrative activities,7,6,1
S01010564,O P Q. Public administration education and health,39,10,29
S01010564,R S T U. Other,7,2,5
S01010564,Never worked,18,10,8
S01010565,All people aged 16 to 74 not in employment,210,86,124
S01010565,A B D E. Agriculture energy and water,3,2,1
S01010565,C. Manufacturing,14,9,5
S01010565,F. Construction,16,15,1
S01010565,G I. Distribution hotels and restaurants,46,22,24
S01010565,H J. Transport and communication,37,6,31
S01010565,K L M N. Financial real estate professional and administrative activities,11,5,6
S01010565,O P Q. Public administration education and health,48,9,39
S01010565,R S T U. Other,15,7,8
S01010565,Never worked,20,11,9
S01010566,All people aged 16 to 74 not in employment,212,101,111
S01010566,A B D E. Agriculture energy and water,13,12,1
S01010566,C. Manufacturing,17,14,3
S01010566,F. Construction,13,7,6
S01010566,G I. Distribution hotels and restaurants,31,16,15
S01010566,H J. Transport and communication,18,6,12
S01010566,K L M N. Financial real estate professional and administrative activities,29,11,18
S01010566,O P Q. Public administration education and health,52,15,37
S01010566,R S T U. Other,11,6,5
S01010566,Never worked,28,14,14
S01010567,All people aged 16 to 74 not in employment,228,107,121
S01010567,A B D E. Agriculture energy and water,8,6,2
S01010567,C. Manufacturing,9,4,5
S01010567,F. Construction,12,9,3
S01010567,G I. Distribution hotels and restaurants,32,11,21
S01010567,H J. Transport and communication,21,10,11
S01010567,K L M N. Financial real estate professional and administrative activities,26,16,10
S01010567,O P Q. Public administration education and health,51,13,38
S01010567,R S T U. Other,8,2,6
S01010567,Never worked,61,36,25
S01010568,All people aged 16 to 74 not in employment,213,98,115
S01010568,A B D E. Agriculture energy and water,14,10,4
S01010568,C. Manufacturing,7,5,2
S01010568,F. Construction,11,10,1
S01010568,G I. Distribution hotels and restaurants,49,17,32
S01010568,H J. Transport and communication,16,5,11
S01010568,K L M N. Financial real estate professional and administrative activities,29,13,16
S01010568,O P Q. Public administration education and health,42,11,31
S01010568,R S T U. Other,7,3,4
S01010568,Never worked,38,24,14
S01010569,All people aged 16 to 74 not in employment,153,59,94
S01010569,A B D E. Agriculture energy and water,5,0,5
S01010569,C. Manufacturing,12,9,3
S01010569,F. Construction,10,10,0
S01010569,G I. Distribution hotels and restaurants,35,10,25
S01010569,H J. Transport and communication,7,1,6
S01010569,K L M N. Financial real estate professional and administrative activities,17,6,11
S01010569,O P Q. Public administration education and health,30,8,22
S01010569,R S T U. Other,6,1,5
S01010569,Never worked,31,14,17
S01010570,All people aged 16 to 74 not in employment,262,113,149
S01010570,A B D E. Agriculture energy and water,7,7,0
S01010570,C. Manufacturing,16,12,4
S01010570,F. Construction,26,24,2
S01010570,G I. Distribution hotels and restaurants,61,24,37
S01010570,H J. Transport and communication,37,7,30
S01010570,K L M N. Financial real estate professional and administrative activities,24,10,14
S01010570,O P Q. Public administration education and health,50,9,41
S01010570,R S T U. Other,6,1,5
S01010570,Never worked,35,19,16
S01010571,All people aged 16 to 74 not in employment,133,66,67
S01010571,A B D E. Agriculture energy and water,1,1,0
S01010571,C. Manufacturing,7,5,2
S01010571,F. Construction,9,9,0
S01010571,G I. Distribution hotels and restaurants,37,17,20
S01010571,H J. Transport and communication,18,9,9
S01010571,K L M N. Financial real estate professional and administrative activities,12,7,5
S01010571,O P Q. Public administration education and health,40,11,29
S01010571,R S T U. Other,0,0,0
S01010571,Never worked,9,7,2
S01010572,All people aged 16 to 74 not in employment,180,69,111
S01010572,A B D E. Agriculture energy and water,0,0,0
S01010572,C. Manufacturing,11,7,4
S01010572,F. Construction,19,16,3
S01010572,G I. Distribution hotels and restaurants,44,15,29
S01010572,H J. Transport and communication,21,9,12
S01010572,K L M N. Financial real estate professional and administrative activities,15,6,9
S01010572,O P Q. Public administration education and health,50,7,43
S01010572,R S T U. Other,2,2,0
S01010572,Never worked,18,7,11
S01010573,All people aged 16 to 74 not in employment,94,46,48
S01010573,A B D E. Agriculture energy and water,2,2,0
S01010573,C. Manufacturing,11,7,4
S01010573,F. Construction,10,10,0
S01010573,G I. Distribution hotels and restaurants,21,11,10
S01010573,H J. Transport and communication,10,3,7
S01010573,K L M N. Financial real estate professional and administrative activities,13,4,9
S01010573,O P Q. Public administration education and health,16,5,11
S01010573,R S T U. Other,2,0,2
S01010573,Never worked,9,4,5
S01010574,All people aged 16 to 74 not in employment,103,49,54
S01010574,A B D E. Agriculture energy and water,2,1,1
S01010574,C. Manufacturing,10,6,4
S01010574,F. Construction,6,5,1
S01010574,G I. Distribution hotels and restaurants,21,12,9
S01010574,H J. Transport and communication,10,3,7
S01010574,K L M N. Financial real estate professional and administrative activities,13,4,9
S01010574,O P Q. Public administration education and health,22,5,17
S01010574,R S T U. Other,1,0,1
S01010574,Never worked,18,13,5
S01010575,All people aged 16 to 74 not in employment,161,67,94
S01010575,A B D E. Agriculture energy and water,2,2,0
S01010575,C. Manufacturing,9,5,4
S01010575,F. Construction,12,11,1
S01010575,G I. Distribution hotels and restaurants,29,7,22
S01010575,H J. Transport and communication,13,6,7
S01010575,K L M N. Financial real estate professional and administrative activities,15,7,8
S01010575,O P Q. Public administration education and health,62,19,43
S01010575,R S T U. Other,5,3,2
S01010575,Never worked,14,7,7
S01010576,All people aged 16 to 74 not in employment,188,76,112
S01010576,A B D E. Agriculture energy and water,5,2,3
S01010576,C. Manufacturing,10,6,4
S01010576,F. Construction,10,7,3
S01010576,G I. Distribution hotels and restaurants,27,14,13
S01010576,H J. Transport and communication,14,6,8
S01010576,K L M N. Financial real estate professional and administrative activities,23,12,11
S01010576,O P Q. Public administration education and health,77,21,56
S01010576,R S T U. Other,5,1,4
S01010576,Never worked,17,7,10
S01010577,All people aged 16 to 74 not in employment,223,75,148
S01010577,A B D E. Agriculture energy and water,6,4,2
S01010577,C. Manufacturing,10,8,2
S01010577,F. Construction,9,9,0
S01010577,G I. Distribution hotels and restaurants,37,13,24
S01010577,H J. Transport and communication,46,10,36
S01010577,K L M N. Financial real estate professional and administrative activities,21,6,15
S01010577,O P Q. Public administration education and health,44,5,39
S01010577,R S T U. Other,4,0,4
S01010577,Never worked,46,20,26
S01010578,All people aged 16 to 74 not in employment,101,40,61
S01010578,A B D E. Agriculture energy and water,2,1,1
S01010578,C. Manufacturing,6,6,0
S01010578,F. Construction,7,5,2
S01010578,G I. Distribution hotels and restaurants,24,8,16
S01010578,H J. Transport and communication,10,4,6
S01010578,K L M N. Financial real estate professional and administrative activities,9,4,5
S01010578,O P Q. Public administration education and health,21,3,18
S01010578,R S T U. Other,3,2,1
S01010578,Never worked,19,7,12
S01010579,All people aged 16 to 74 not in employment,149,57,92
S01010579,A B D E. Agriculture energy and water,5,4,1
S01010579,C. Manufacturing,6,4,2
S01010579,F. Construction,6,3,3
S01010579,G I. Distribution hotels and restaurants,34,16,18
S01010579,H J. Transport and communication,16,3,13
S01010579,K L M N. Financial real estate professional and administrative activities,15,5,10
S01010579,O P Q. Public administration education and health,43,13,30
S01010579,R S T U. Other,4,1,3
S01010579,Never worked,20,8,12
S01010580,All people aged 16 to 74 not in employment,123,53,70
S01010580,A B D E. Agriculture energy and water,1,1,0
S01010580,C. Manufacturing,6,3,3
S01010580,F. Construction,9,9,0
S01010580,G I. Distribution hotels and restaurants,26,10,16
S01010580,H J. Transport and communication,16,2,14
S01010580,K L M N. Financial real estate professional and administrative activities,17,11,6
S01010580,O P Q. Public administration education and health,22,2,20
S01010580,R S T U. Other,2,1,1
S01010580,Never worked,24,14,10
S01010581,All people aged 16 to 74 not in employment,82,33,49
S01010581,A B D E. Agriculture energy and water,3,1,2
S01010581,C. Manufacturing,5,3,2
S01010581,F. Construction,6,6,0
S01010581,G I. Distribution hotels and restaurants,17,7,10
S01010581,H J. Transport and communication,8,2,6
S01010581,K L M N. Financial real estate professional and administrative activities,6,4,2
S01010581,O P Q. Public administration education and health,17,2,15
S01010581,R S T U. Other,5,0,5
S01010581,Never worked,15,8,7
S01010582,All people aged 16 to 74 not in employment,91,32,59
S01010582,A B D E. Agriculture energy and water,2,1,1
S01010582,C. Manufacturing,9,3,6
S01010582,F. Construction,2,2,0
S01010582,G I. Distribution hotels and restaurants,10,1,9
S01010582,H J. Transport and communication,3,3,0
S01010582,K L M N. Financial real estate professional and administrative activities,10,5,5
S01010582,O P Q. Public administration education and health,29,6,23
S01010582,R S T U. Other,3,0,3
S01010582,Never worked,23,11,12
S01010583,All people aged 16 to 74 not in employment,179,62,117
S01010583,A B D E. Agriculture energy and water,3,2,1
S01010583,C. Manufacturing,5,5,0
S01010583,F. Construction,6,4,2
S01010583,G I. Distribution hotels and restaurants,39,12,27
S01010583,H J. Transport and communication,16,5,11
S01010583,K L M N. Financial real estate professional and administrative activities,12,4,8
S01010583,O P Q. Public administration education and health,67,14,53
S01010583,R S T U. Other,6,2,4
S01010583,Never worked,25,14,11
S01010584,All people aged 16 to 74 not in employment,141,52,89
S01010584,A B D E. Agriculture energy and water,1,1,0
S01010584,C. Manufacturing,8,5,3
S01010584,F. Construction,6,6,0
S01010584,G I. Distribution hotels and restaurants,24,6,18
S01010584,H J. Transport and communication,17,5,12
S01010584,K L M N. Financial real estate professional and administrative activities,22,4,18
S01010584,O P Q. Public administration education and health,32,7,25
S01010584,R S T U. Other,2,0,2
S01010584,Never worked,29,18,11
S01010585,All people aged 16 to 74 not in employment,83,27,56
S01010585,A B D E. Agriculture energy and water,2,2,0
S01010585,C. Manufacturing,4,3,1
S01010585,F. Construction,3,3,0
S01010585,G I. Distribution hotels and restaurants,18,5,13
S01010585,H J. Transport and communication,8,0,8
S01010585,K L M N. Financial real estate professional and administrative activities,10,2,8
S01010585,O P Q. Public administration education and health,15,2,13
S01010585,R S T U. Other,2,0,2
S01010585,Never worked,21,10,11
S01010586,All people aged 16 to 74 not in employment,161,64,97
S01010586,A B D E. Agriculture energy and water,4,2,2
S01010586,C. Manufacturing,8,4,4
S01010586,F. Construction,7,5,2
S01010586,G I. Distribution hotels and restaurants,37,18,19
S01010586,H J. Transport and communication,10,7,3
S01010586,K L M N. Financial real estate professional and administrative activities,23,11,12
S01010586,O P Q. Public administration education and health,53,11,42
S01010586,R S T U. Other,9,2,7
S01010586,Never worked,10,4,6
S01010587,All people aged 16 to 74 not in employment,160,72,88
S01010587,A B D E. Agriculture energy and water,6,4,2
S01010587,C. Manufacturing,7,6,1
S01010587,F. Construction,8,5,3
S01010587,G I. Distribution hotels and restaurants,31,17,14
S01010587,H J. Transport and communication,9,1,8
S01010587,K L M N. Financial real estate professional and administrative activities,15,8,7
S01010587,O P Q. Public administration education and health,50,16,34
S01010587,R S T U. Other,4,2,2
S01010587,Never worked,30,13,17
S01010588,All people aged 16 to 74 not in employment,139,52,87
S01010588,A B D E. Agriculture energy and water,3,3,0
S01010588,C. Manufacturing,5,1,4
S01010588,F. Construction,8,7,1
S01010588,G I. Distribution hotels and restaurants,29,13,16
S01010588,H J. Transport and communication,22,6,16
S01010588,K L M N. Financial real estate professional and administrative activities,12,3,9
S01010588,O P Q. Public administration education and health,40,6,34
S01010588,R S T U. Other,5,4,1
S01010588,Never worked,15,9,6
S01010589,All people aged 16 to 74 not in employment,118,50,68
S01010589,A B D E. Agriculture energy and water,3,2,1
S01010589,C. Manufacturing,6,4,2
S01010589,F. Construction,7,7,0
S01010589,G I. Distribution hotels and restaurants,32,15,17
S01010589,H J. Transport and communication,13,1,12
S01010589,K L M N. Financial real estate professional and administrative activities,5,2,3
S01010589,O P Q. Public administration education and health,26,8,18
S01010589,R S T U. Other,3,1,2
S01010589,Never worked,23,10,13
S01010590,All people aged 16 to 74 not in employment,135,46,89
S01010590,A B D E. Agriculture energy and water,3,3,0
S01010590,C. Manufacturing,3,2,1
S01010590,F. Construction,13,10,3
S01010590,G I. Distribution hotels and restaurants,20,7,13
S01010590,H J. Transport and communication,12,5,7
S01010590,K L M N. Financial real estate professional and administrative activities,20,8,12
S01010590,O P Q. Public administration education and health,46,9,37
S01010590,R S T U. Other,7,0,7
S01010590,Never worked,11,2,9
S01010591,All people aged 16 to 74 not in employment,87,33,54
S01010591,A B D E. Agriculture energy and water,1,1,0
S01010591,C. Manufacturing,4,3,1
S01010591,F. Construction,5,3,2
S01010591,G I. Distribution hotels and restaurants,24,8,16
S01010591,H J. Transport and communication,11,3,8
S01010591,K L M N. Financial real estate professional and administrative activities,13,3,10
S01010591,O P Q. Public administration education and health,13,4,9
S01010591,R S T U. Other,3,1,2
S01010591,Never worked,13,7,6
S01010592,All people aged 16 to 74 not in employment,95,40,55
S01010592,A B D E. Agriculture energy and water,0,0,0
S01010592,C. Manufacturing,8,4,4
S01010592,F. Construction,7,6,1
S01010592,G I. Distribution hotels and restaurants,19,9,10
S01010592,H J. Transport and communication,11,3,8
S01010592,K L M N. Financial real estate professional and administrative activities,7,3,4
S01010592,O P Q. Public administration education and health,27,8,19
S01010592,R S T U. Other,4,2,2
S01010592,Never worked,12,5,7
S01010593,All people aged 16 to 74 not in employment,121,38,83
S01010593,A B D E. Agriculture energy and water,4,3,1
S01010593,C. Manufacturing,8,5,3
S01010593,F. Construction,6,5,1
S01010593,G I. Distribution hotels and restaurants,18,3,15
S01010593,H J. Transport and communication,11,3,8
S01010593,K L M N. Financial real estate professional and administrative activities,12,3,9
S01010593,O P Q. Public administration education and health,42,9,33
S01010593,R S T U. Other,3,0,3
S01010593,Never worked,17,7,10
S01010594,All people aged 16 to 74 not in employment,95,30,65
S01010594,A B D E. Agriculture energy and water,0,0,0
S01010594,C. Manufacturing,3,1,2
S01010594,F. Construction,4,3,1
S01010594,G I. Distribution hotels and restaurants,18,8,10
S01010594,H J. Transport and communication,14,2,12
S01010594,K L M N. Financial real estate professional and administrative activities,10,2,8
S01010594,O P Q. Public administration education and health,26,6,20
S01010594,R S T U. Other,5,2,3
S01010594,Never worked,15,6,9
S01010595,All people aged 16 to 74 not in employment,97,39,58
S01010595,A B D E. Agriculture energy and water,3,2,1
S01010595,C. Manufacturing,4,3,1
S01010595,F. Construction,1,1,0
S01010595,G I. Distribution hotels and restaurants,23,7,16
S01010595,H J. Transport and communication,12,5,7
S01010595,K L M N. Financial real estate professional and administrative activities,9,4,5
S01010595,O P Q. Public administration education and health,23,3,20
S01010595,R S T U. Other,4,1,3
S01010595,Never worked,18,13,5
S01010596,All people aged 16 to 74 not in employment,144,56,88
S01010596,A B D E. Agriculture energy and water,3,3,0
S01010596,C. Manufacturing,7,3,4
S01010596,F. Construction,3,3,0
S01010596,G I. Distribution hotels and restaurants,30,9,21
S01010596,H J. Transport and communication,20,6,14
S01010596,K L M N. Financial real estate professional and administrative activities,14,8,6
S01010596,O P Q. Public administration education and health,47,8,39
S01010596,R S T U. Other,7,6,1
S01010596,Never worked,13,10,3
S01010597,All people aged 16 to 74 not in employment,90,40,50
S01010597,A B D E. Agriculture energy and water,1,0,1
S01010597,C. Manufacturing,6,5,1
S01010597,F. Construction,10,9,1
S01010597,G I. Distribution hotels and restaurants,19,5,14
S01010597,H J. Transport and communication,8,2,6
S01010597,K L M N. Financial real estate professional and administrative activities,8,4,4
S01010597,O P Q. Public administration education and health,20,5,15
S01010597,R S T U. Other,2,1,1
S01010597,Never worked,16,9,7
S01010598,All people aged 16 to 74 not in employment,128,33,95
S01010598,A B D E. Agriculture energy and water,1,0,1
S01010598,C. Manufacturing,3,1,2
S01010598,F. Construction,3,3,0
S01010598,G I. Distribution hotels and restaurants,22,5,17
S01010598,H J. Transport and communication,19,8,11
S01010598,K L M N. Financial real estate professional and administrative activities,7,0,7
S01010598,O P Q. Public administration education and health,33,6,27
S01010598,R S T U. Other,10,2,8
S01010598,Never worked,30,8,22
S01010599,All people aged 16 to 74 not in employment,117,44,73
S01010599,A B D E. Agriculture energy and water,3,2,1
S01010599,C. Manufacturing,5,3,2
S01010599,F. Construction,5,4,1
S01010599,G I. Distribution hotels and restaurants,20,7,13
S01010599,H J. Transport and communication,20,6,14
S01010599,K L M N. Financial real estate professional and administrative activities,11,4,7
S01010599,O P Q. Public administration education and health,39,12,27
S01010599,R S T U. Other,4,1,3
S01010599,Never worked,10,5,5
S01010600,All people aged 16 to 74 not in employment,225,89,136
S01010600,A B D E. Agriculture energy and water,4,2,2
S01010600,C. Manufacturing,10,5,5
S01010600,F. Construction,12,9,3
S01010600,G I. Distribution hotels and restaurants,33,17,16
S01010600,H J. Transport and communication,17,6,11
S01010600,K L M N. Financial real estate professional and administrative activities,29,13,16
S01010600,O P Q. Public administration education and health,83,17,66
S01010600,R S T U. Other,9,4,5
S01010600,Never worked,28,16,12
S01010601,All people aged 16 to 74 not in employment,161,64,97
S01010601,A B D E. Agriculture energy and water,4,3,1
S01010601,C. Manufacturing,3,3,0
S01010601,F. Construction,16,12,4
S01010601,G I. Distribution hotels and restaurants,31,13,18
S01010601,H J. Transport and communication,8,3,5
S01010601,K L M N. Financial real estate professional and administrative activities,17,3,14
S01010601,O P Q. Public administration education and health,62,16,46
S01010601,R S T U. Other,5,2,3
S01010601,Never worked,15,9,6
S01010602,All people aged 16 to 74 not in employment,104,49,55
S01010602,A B D E. Agriculture energy and water,0,0,0
S01010602,C. Manufacturing,6,4,2
S01010602,F. Construction,6,6,0
S01010602,G I. Distribution hotels and restaurants,24,15,9
S01010602,H J. Transport and communication,7,2,5
S01010602,K L M N. Financial real estate professional and administrative activities,7,2,5
S01010602,O P Q. Public administration education and health,40,13,27
S01010602,R S T U. Other,4,1,3
S01010602,Never worked,10,6,4
S01010603,All people aged 16 to 74 not in employment,169,64,105
S01010603,A B D E. Agriculture energy and water,5,4,1
S01010603,C. Manufacturing,7,4,3
S01010603,F. Construction,10,10,0
S01010603,G I. Distribution hotels and restaurants,37,10,27
S01010603,H J. Transport and communication,20,6,14
S01010603,K L M N. Financial real estate professional and administrative activities,15,5,10
S01010603,O P Q. Public administration education and health,62,17,45
S01010603,R S T U. Other,1,1,0
S01010603,Never worked,12,7,5
S01010604,All people aged 16 to 74 not in employment,98,41,57
S01010604,A B D E. Agriculture energy and water,1,1,0
S01010604,C. Manufacturing,4,2,2
S01010604,F. Construction,3,2,1
S01010604,G I. Distribution hotels and restaurants,18,9,9
S01010604,H J. Transport and communication,4,4,0
S01010604,K L M N. Financial real estate professional and administrative activities,7,4,3
S01010604,O P Q. Public administration education and health,42,12,30
S01010604,R S T U. Other,9,2,7
S01010604,Never worked,10,5,5
S01010605,All people aged 16 to 74 not in employment,214,95,119
S01010605,A B D E. Agriculture energy and water,1,1,0
S01010605,C. Manufacturing,9,5,4
S01010605,F. Construction,15,13,2
S01010605,G I. Distribution hotels and restaurants,36,16,20
S01010605,H J. Transport and communication,25,9,16
S01010605,K L M N. Financial real estate professional and administrative activities,26,12,14
S01010605,O P Q. Public administration education and health,73,20,53
S01010605,R S T U. Other,2,1,1
S01010605,Never worked,27,18,9
S01010606,All people aged 16 to 74 not in employment,191,80,111
S01010606,A B D E. Agriculture energy and water,2,2,0
S01010606,C. Manufacturing,12,4,8
S01010606,F. Construction,19,19,0
S01010606,G I. Distribution hotels and restaurants,42,20,22
S01010606,H J. Transport and communication,19,6,13
S01010606,K L M N. Financial real estate professional and administrative activities,12,5,7
S01010606,O P Q. Public administration education and health,50,9,41
S01010606,R S T U. Other,10,2,8
S01010606,Never worked,25,13,12
S01010607,All people aged 16 to 74 not in employment,156,69,87
S01010607,A B D E. Agriculture energy and water,3,3,0
S01010607,C. Manufacturing,3,1,2
S01010607,F. Construction,10,8,2
S01010607,G I. Distribution hotels and restaurants,26,7,19
S01010607,H J. Transport and communication,13,6,7
S01010607,K L M N. Financial real estate professional and administrative activities,18,9,9
S01010607,O P Q. Public administration education and health,59,18,41
S01010607,R S T U. Other,4,1,3
S01010607,Never worked,20,16,4
S01010608,All people aged 16 to 74 not in employment,193,72,121
S01010608,A B D E. Agriculture energy and water,3,3,0
S01010608,C. Manufacturing,13,9,4
S01010608,F. Construction,10,7,3
S01010608,G I. Distribution hotels and restaurants,58,20,38
S01010608,H J. Transport and communication,21,5,16
S01010608,K L M N. Financial real estate professional and administrative activities,17,6,11
S01010608,O P Q. Public administration education and health,39,9,30
S01010608,R S T U. Other,5,2,3
S01010608,Never worked,27,11,16
S01010609,All people aged 16 to 74 not in employment,136,61,75
S01010609,A B D E. Agriculture energy and water,1,1,0
S01010609,C. Manufacturing,7,4,3
S01010609,F. Construction,6,6,0
S01010609,G I. Distribution hotels and restaurants,34,15,19
S01010609,H J. Transport and communication,18,7,11
S01010609,K L M N. Financial real estate professional and administrative activities,10,6,4
S01010609,O P Q. Public administration education and health,36,10,26
S01010609,R S T U. Other,4,1,3
S01010609,Never worked,20,11,9
S01010610,All people aged 16 to 74 not in employment,197,91,106
S01010610,A B D E. Agriculture energy and water,2,2,0
S01010610,C. Manufacturing,10,7,3
S01010610,F. Construction,21,18,3
S01010610,G I. Distribution hotels and restaurants,24,9,15
S01010610,H J. Transport and communication,22,10,12
S01010610,K L M N. Financial real estate professional and administrative activities,27,11,16
S01010610,O P Q. Public administration education and health,67,21,46
S01010610,R S T U. Other,9,4,5
S01010610,Never worked,15,9,6
S01010611,All people aged 16 to 74 not in employment,203,81,122
S01010611,A B D E. Agriculture energy and water,1,1,0
S01010611,C. Manufacturing,9,8,1
S01010611,F. Construction,21,20,1
S01010611,G I. Distribution hotels and restaurants,57,21,36
S01010611,H J. Transport and communication,17,5,12
S01010611,K L M N. Financial real estate professional and administrative activities,12,4,8
S01010611,O P Q. Public administration education and health,56,13,43
S01010611,R S T U. Other,8,2,6
S01010611,Never worked,22,7,15
S01010612,All people aged 16 to 74 not in employment,167,71,96
S01010612,A B D E. Agriculture energy and water,3,1,2
S01010612,C. Manufacturing,10,8,2
S01010612,F. Construction,10,10,0
S01010612,G I. Distribution hotels and restaurants,52,20,32
S01010612,H J. Transport and communication,21,3,18
S01010612,K L M N. Financial real estate professional and administrative activities,13,5,8
S01010612,O P Q. Public administration education and health,32,9,23
S01010612,R S T U. Other,7,2,5
S01010612,Never worked,19,13,6
S01010613,All people aged 16 to 74 not in employment,196,81,115
S01010613,A B D E. Agriculture energy and water,4,4,0
S01010613,C. Manufacturing,7,4,3
S01010613,F. Construction,8,7,1
S01010613,G I. Distribution hotels and restaurants,41,21,20
S01010613,H J. Transport and communication,25,8,17
S01010613,K L M N. Financial real estate professional and administrative activities,21,9,12
S01010613,O P Q. Public administration education and health,72,16,56
S01010613,R S T U. Other,4,3,1
S01010613,Never worked,14,9,5
S01010614,All people aged 16 to 74 not in employment,151,67,84
S01010614,A B D E. Agriculture energy and water,1,1,0
S01010614,C. Manufacturing,10,5,5
S01010614,F. Construction,10,9,1
S01010614,G I. Distribution hotels and restaurants,44,22,22
S01010614,H J. Transport and communication,23,7,16
S01010614,K L M N. Financial real estate professional and administrative activities,15,4,11
S01010614,O P Q. Public administration education and health,19,5,14
S01010614,R S T U. Other,7,4,3
S01010614,Never worked,22,10,12
S01010615,All people aged 16 to 74 not in employment,143,53,90
S01010615,A B D E. Agriculture energy and water,3,2,1
S01010615,C. Manufacturing,11,7,4
S01010615,F. Construction,11,10,1
S01010615,G I. Distribution hotels and restaurants,32,15,17
S01010615,H J. Transport and communication,29,6,23
S01010615,K L M N. Financial real estate professional and administrative activities,11,4,7
S01010615,O P Q. Public administration education and health,30,4,26
S01010615,R S T U. Other,4,2,2
S01010615,Never worked,12,3,9
S01010616,All people aged 16 to 74 not in employment,165,63,102
S01010616,A B D E. Agriculture energy and water,3,1,2
S01010616,C. Manufacturing,10,7,3
S01010616,F. Construction,6,6,0
S01010616,G I. Distribution hotels and restaurants,30,11,19
S01010616,H J. Transport and communication,15,6,9
S01010616,K L M N. Financial real estate professional and administrative activities,13,3,10
S01010616,O P Q. Public administration education and health,62,19,43
S01010616,R S T U. Other,5,2,3
S01010616,Never worked,21,8,13
S01010617,All people aged 16 to 74 not in employment,161,62,99
S01010617,A B D E. Agriculture energy and water,3,2,1
S01010617,C. Manufacturing,11,7,4
S01010617,F. Construction,4,4,0
S01010617,G I. Distribution hotels and restaurants,30,15,15
S01010617,H J. Transport and communication,13,6,7
S01010617,K L M N. Financial real estate professional and administrative activities,12,8,4
S01010617,O P Q. Public administration education and health,63,15,48
S01010617,R S T U. Other,6,0,6
S01010617,Never worked,19,5,14
S01010618,All people aged 16 to 74 not in employment,121,51,70
S01010618,A B D E. Agriculture energy and water,7,6,1
S01010618,C. Manufacturing,4,1,3
S01010618,F. Construction,12,12,0
S01010618,G I. Distribution hotels and restaurants,27,10,17
S01010618,H J. Transport and communication,9,2,7
S01010618,K L M N. Financial real estate professional and administrative activities,15,7,8
S01010618,O P Q. Public administration education and health,32,6,26
S01010618,R S T U. Other,4,4,0
S01010618,Never worked,11,3,8
S01010619,All people aged 16 to 74 not in employment,128,71,57
S01010619,A B D E. Agriculture energy and water,7,5,2
S01010619,C. Manufacturing,9,6,3
S01010619,F. Construction,16,15,1
S01010619,G I. Distribution hotels and restaurants,28,10,18
S01010619,H J. Transport and communication,20,8,12
S01010619,K L M N. Financial real estate professional and administrative activities,4,4,0
S01010619,O P Q. Public administration education and health,18,4,14
S01010619,R S T U. Other,2,1,1
S01010619,Never worked,24,18,6
S01010620,All people aged 16 to 74 not in employment,185,102,83
S01010620,A B D E. Agriculture energy and water,6,6,0
S01010620,C. Manufacturing,7,5,2
S01010620,F. Construction,19,18,1
S01010620,G I. Distribution hotels and restaurants,39,21,18
S01010620,H J. Transport and communication,38,18,20
S01010620,K L M N. Financial real estate professional and administrative activities,12,8,4
S01010620,O P Q. Public administration education and health,18,6,12
S01010620,R S T U. Other,10,2,8
S01010620,Never worked,36,18,18
S01010621,All people aged 16 to 74 not in employment,236,105,131
S01010621,A B D E. Agriculture energy and water,3,2,1
S01010621,C. Manufacturing,8,5,3
S01010621,F. Construction,12,10,2
S01010621,G I. Distribution hotels and restaurants,36,18,18
S01010621,H J. Transport and communication,20,10,10
S01010621,K L M N. Financial real estate professional and administrative activities,19,11,8
S01010621,O P Q. Public administration education and health,76,18,58
S01010621,R S T U. Other,12,6,6
S01010621,Never worked,50,25,25
S01010622,All people aged 16 to 74 not in employment,156,66,90
S01010622,A B D E. Agriculture energy and water,3,2,1
S01010622,C. Manufacturing,8,5,3
S01010622,F. Construction,10,10,0
S01010622,G I. Distribution hotels and restaurants,49,25,24
S01010622,H J. Transport and communication,29,12,17
S01010622,K L M N. Financial real estate professional and administrative activities,5,2,3
S01010622,O P Q. Public administration education and health,27,3,24
S01010622,R S T U. Other,8,0,8
S01010622,Never worked,17,7,10
S01010623,All people aged 16 to 74 not in employment,158,28,130
S01010623,A B D E. Agriculture energy and water,1,0,1
S01010623,C. Manufacturing,8,4,4
S01010623,F. Construction,5,4,1
S01010623,G I. Distribution hotels and restaurants,38,4,34
S01010623,H J. Transport and communication,31,4,27
S01010623,K L M N. Financial real estate professional and administrative activities,11,2,9
S01010623,O P Q. Public administration education and health,46,5,41
S01010623,R S T U. Other,3,0,3
S01010623,Never worked,15,5,10
S01010624,All people aged 16 to 74 not in employment,178,66,112
S01010624,A B D E. Agriculture energy and water,3,3,0
S01010624,C. Manufacturing,9,8,1
S01010624,F. Construction,11,10,1
S01010624,G I. Distribution hotels and restaurants,26,8,18
S01010624,H J. Transport and communication,27,4,23
S01010624,K L M N. Financial real estate professional and administrative activities,16,7,9
S01010624,O P Q. Public administration education and health,62,18,44
S01010624,R S T U. Other,3,1,2
S01010624,Never worked,21,7,14
S01010625,All people aged 16 to 74 not in employment,199,84,115
S01010625,A B D E. Agriculture energy and water,1,1,0
S01010625,C. Manufacturing,2,2,0
S01010625,F. Construction,4,3,1
S01010625,G I. Distribution hotels and restaurants,37,17,20
S01010625,H J. Transport and communication,25,11,14
S01010625,K L M N. Financial real estate professional and administrative activities,29,13,16
S01010625,O P Q. Public administration education and health,77,21,56
S01010625,R S T U. Other,8,7,1
S01010625,Never worked,16,9,7
S01010626,All people aged 16 to 74 not in employment,230,92,138
S01010626,A B D E. Agriculture energy and water,3,3,0
S01010626,C. Manufacturing,6,2,4
S01010626,F. Construction,11,9,2
S01010626,G I. Distribution hotels and restaurants,40,16,24
S01010626,H J. Transport and communication,23,11,12
S01010626,K L M N. Financial real estate professional and administrative activities,20,7,13
S01010626,O P Q. Public administration education and health,86,26,60
S01010626,R S T U. Other,8,3,5
S01010626,Never worked,33,15,18
S01010627,All people aged 16 to 74 not in employment,175,87,88
S01010627,A B D E. Agriculture energy and water,2,2,0
S01010627,C. Manufacturing,6,2,4
S01010627,F. Construction,8,8,0
S01010627,G I. Distribution hotels and restaurants,28,14,14
S01010627,H J. Transport and communication,17,8,9
S01010627,K L M N. Financial real estate professional and administrative activities,22,13,9
S01010627,O P Q. Public administration education and health,55,16,39
S01010627,R S T U. Other,4,3,1
S01010627,Never worked,33,21,12
S01010628,All people aged 16 to 74 not in employment,243,143,100
S01010628,A B D E. Agriculture energy and water,5,4,1
S01010628,C. Manufacturing,9,9,0
S01010628,F. Construction,28,27,1
S01010628,G I. Distribution hotels and restaurants,43,30,13
S01010628,H J. Transport and communication,32,15,17
S01010628,K L M N. Financial real estate professional and administrative activities,19,11,8
S01010628,O P Q. Public administration education and health,69,24,45
S01010628,R S T U. Other,8,2,6
S01010628,Never worked,30,21,9
S01010629,All people aged 16 to 74 not in employment,222,98,124
S01010629,A B D E. Agriculture energy and water,3,2,1
S01010629,C. Manufacturing,11,4,7
S01010629,F. Construction,21,18,3
S01010629,G I. Distribution hotels and restaurants,33,12,21
S01010629,H J. Transport and communication,30,13,17
S01010629,K L M N. Financial real estate professional and administrative activities,22,13,9
S01010629,O P Q. Public administration education and health,68,23,45
S01010629,R S T U. Other,8,0,8
S01010629,Never worked,26,13,13
S01010630,All people aged 16 to 74 not in employment,143,59,84
S01010630,A B D E. Agriculture energy and water,4,3,1
S01010630,C. Manufacturing,8,5,3
S01010630,F. Construction,11,8,3
S01010630,G I. Distribution hotels and restaurants,23,12,11
S01010630,H J. Transport and communication,20,5,15
S01010630,K L M N. Financial real estate professional and administrative activities,9,3,6
S01010630,O P Q. Public administration education and health,37,10,27
S01010630,R S T U. Other,3,0,3
S01010630,Never worked,28,13,15
S01010631,All people aged 16 to 74 not in employment,114,53,61
S01010631,A B D E. Agriculture energy and water,4,4,0
S01010631,C. Manufacturing,6,4,2
S01010631,F. Construction,11,9,2
S01010631,G I. Distribution hotels and restaurants,30,10,20
S01010631,H J. Transport and communication,18,8,10
S01010631,K L M N. Financial real estate professional and administrative activities,9,7,2
S01010631,O P Q. Public administration education and health,27,6,21
S01010631,R S T U. Other,2,2,0
S01010631,Never worked,7,3,4
S01010632,All people aged 16 to 74 not in employment,259,109,150
S01010632,A B D E. Agriculture energy and water,8,5,3
S01010632,C. Manufacturing,13,7,6
S01010632,F. Construction,29,29,0
S01010632,G I. Distribution hotels and restaurants,61,28,33
S01010632,H J. Transport and communication,31,8,23
S01010632,K L M N. Financial real estate professional and administrative activities,17,3,14
S01010632,O P Q. Public administration education and health,57,8,49
S01010632,R S T U. Other,16,8,8
S01010632,Never worked,27,13,14
S01010633,All people aged 16 to 74 not in employment,277,115,162
S01010633,A B D E. Agriculture energy and water,6,4,2
S01010633,C. Manufacturing,15,12,3
S01010633,F. Construction,20,17,3
S01010633,G I. Distribution hotels and restaurants,77,31,46
S01010633,H J. Transport and communication,27,6,21
S01010633,K L M N. Financial real estate professional and administrative activities,22,10,12
S01010633,O P Q. Public administration education and health,53,14,39
S01010633,R S T U. Other,17,3,14
S01010633,Never worked,40,18,22
S01010634,All people aged 16 to 74 not in employment,155,73,82
S01010634,A B D E. Agriculture energy and water,4,2,2
S01010634,C. Manufacturing,3,3,0
S01010634,F. Construction,18,17,1
S01010634,G I. Distribution hotels and restaurants,35,17,18
S01010634,H J. Transport and communication,23,7,16
S01010634,K L M N. Financial real estate professional and administrative activities,13,6,7
S01010634,O P Q. Public administration education and health,36,10,26
S01010634,R S T U. Other,10,4,6
S01010634,Never worked,13,7,6
S01010635,All people aged 16 to 74 not in employment,212,96,116
S01010635,A B D E. Agriculture energy and water,3,3,0
S01010635,C. Manufacturing,12,8,4
S01010635,F. Construction,16,14,2
S01010635,G I. Distribution hotels and restaurants,55,23,32
S01010635,H J. Transport and communication,15,4,11
S01010635,K L M N. Financial real estate professional and administrative activities,13,6,7
S01010635,O P Q. Public administration education and health,54,15,39
S01010635,R S T U. Other,10,5,5
S01010635,Never worked,34,18,16
S01010636,All people aged 16 to 74 not in employment,178,69,109
S01010636,A B D E. Agriculture energy and water,5,3,2
S01010636,C. Manufacturing,5,4,1
S01010636,F. Construction,10,9,1
S01010636,G I. Distribution hotels and restaurants,43,16,27
S01010636,H J. Transport and communication,24,9,15
S01010636,K L M N. Financial real estate professional and administrative activities,11,4,7
S01010636,O P Q. Public administration education and health,57,10,47
S01010636,R S T U. Other,5,4,1
S01010636,Never worked,18,10,8
S01010637,All people aged 16 to 74 not in employment,144,71,73
S01010637,A B D E. Agriculture energy and water,1,0,1
S01010637,C. Manufacturing,13,9,4
S01010637,F. Construction,14,14,0
S01010637,G I. Distribution hotels and restaurants,42,18,24
S01010637,H J. Transport and communication,16,7,9
S01010637,K L M N. Financial real estate professional and administrative activities,7,5,2
S01010637,O P Q. Public administration education and health,22,7,15
S01010637,R S T U. Other,13,1,12
S01010637,Never worked,16,10,6
S01010638,All people aged 16 to 74 not in employment,223,100,123
S01010638,A B D E. Agriculture energy and water,6,4,2
S01010638,C. Manufacturing,16,10,6
S01010638,F. Construction,22,20,2
S01010638,G I. Distribution hotels and restaurants,53,24,29
S01010638,H J. Transport and communication,39,14,25
S01010638,K L M N. Financial real estate professional and administrative activities,12,2,10
S01010638,O P Q. Public administration education and health,50,15,35
S01010638,R S T U. Other,3,2,1
S01010638,Never worked,22,9,13
S01010639,All people aged 16 to 74 not in employment,314,140,174
S01010639,A B D E. Agriculture energy and water,6,4,2
S01010639,C. Manufacturing,16,9,7
S01010639,F. Construction,24,24,0
S01010639,G I. Distribution hotels and restaurants,73,37,36
S01010639,H J. Transport and communication,57,17,40
S01010639,K L M N. Financial real estate professional and administrative activities,23,11,12
S01010639,O P Q. Public administration education and health,65,15,50
S01010639,R S T U. Other,7,2,5
S01010639,Never worked,43,21,22
S01010640,All people aged 16 to 74 not in employment,187,93,94
S01010640,A B D E. Agriculture energy and water,2,2,0
S01010640,C. Manufacturing,11,8,3
S01010640,F. Construction,12,12,0
S01010640,G I. Distribution hotels and restaurants,32,18,14
S01010640,H J. Transport and communication,27,12,15
S01010640,K L M N. Financial real estate professional and administrative activities,9,3,6
S01010640,O P Q. Public administration education and health,39,14,25
S01010640,R S T U. Other,6,5,1
S01010640,Never worked,49,19,30
S01010641,All people aged 16 to 74 not in employment,305,143,162
S01010641,A B D E. Agriculture energy and water,6,5,1
S01010641,C. Manufacturing,16,11,5
S01010641,F. Construction,27,26,1
S01010641,G I. Distribution hotels and restaurants,73,37,36
S01010641,H J. Transport and communication,37,12,25
S01010641,K L M N. Financial real estate professional and administrative activities,33,13,20
S01010641,O P Q. Public administration education and health,54,12,42
S01010641,R S T U. Other,9,4,5
S01010641,Never worked,50,23,27
S01010642,All people aged 16 to 74 not in employment,292,131,161
S01010642,A B D E. Agriculture energy and water,8,6,2
S01010642,C. Manufacturing,12,6,6
S01010642,F. Construction,29,28,1
S01010642,G I. Distribution hotels and restaurants,70,30,40
S01010642,H J. Transport and communication,47,14,33
S01010642,K L M N. Financial real estate professional and administrative activities,23,10,13
S01010642,O P Q. Public administration education and health,35,8,27
S01010642,R S T U. Other,9,6,3
S01010642,Never worked,59,23,36
S01010643,All people aged 16 to 74 not in employment,215,84,131
S01010643,A B D E. Agriculture energy and water,6,3,3
S01010643,C. Manufacturing,11,6,5
S01010643,F. Construction,13,12,1
S01010643,G I. Distribution hotels and restaurants,52,21,31
S01010643,H J. Transport and communication,30,5,25
S01010643,K L M N. Financial real estate professional and administrative activities,20,11,9
S01010643,O P Q. Public administration education and health,28,5,23
S01010643,R S T U. Other,4,0,4
S01010643,Never worked,51,21,30
S01010644,All people aged 16 to 74 not in employment,253,121,132
S01010644,A B D E. Agriculture energy and water,13,12,1
S01010644,C. Manufacturing,10,6,4
S01010644,F. Construction,15,14,1
S01010644,G I. Distribution hotels and restaurants,59,29,30
S01010644,H J. Transport and communication,47,18,29
S01010644,K L M N. Financial real estate professional and administrative activities,22,12,10
S01010644,O P Q. Public administration education and health,35,10,25
S01010644,R S T U. Other,13,3,10
S01010644,Never worked,39,17,22
S01010645,All people aged 16 to 74 not in employment,95,42,53
S01010645,A B D E. Agriculture energy and water,4,2,2
S01010645,C. Manufacturing,8,5,3
S01010645,F. Construction,7,5,2
S01010645,G I. Distribution hotels and restaurants,25,12,13
S01010645,H J. Transport and communication,4,3,1
S01010645,K L M N. Financial real estate professional and administrative activities,6,1,5
S01010645,O P Q. Public administration education and health,27,8,19
S01010645,R S T U. Other,3,1,2
S01010645,Never worked,11,5,6
S01010646,All people aged 16 to 74 not in employment,151,67,84
S01010646,A B D E. Agriculture energy and water,4,3,1
S01010646,C. Manufacturing,7,6,1
S01010646,F. Construction,10,10,0
S01010646,G I. Distribution hotels and restaurants,31,13,18
S01010646,H J. Transport and communication,10,3,7
S01010646,K L M N. Financial real estate professional and administrative activities,10,5,5
S01010646,O P Q. Public administration education and health,51,13,38
S01010646,R S T U. Other,7,3,4
S01010646,Never worked,21,11,10
S01010647,All people aged 16 to 74 not in employment,134,55,79
S01010647,A B D E. Agriculture energy and water,3,3,0
S01010647,C. Manufacturing,6,4,2
S01010647,F. Construction,7,6,1
S01010647,G I. Distribution hotels and restaurants,30,13,17
S01010647,H J. Transport and communication,13,6,7
S01010647,K L M N. Financial real estate professional and administrative activities,17,7,10
S01010647,O P Q. Public administration education and health,35,6,29
S01010647,R S T U. Other,3,1,2
S01010647,Never worked,20,9,11
S01010648,All people aged 16 to 74 not in employment,160,79,81
S01010648,A B D E. Agriculture energy and water,4,4,0
S01010648,C. Manufacturing,4,3,1
S01010648,F. Construction,14,14,0
S01010648,G I. Distribution hotels and restaurants,45,22,23
S01010648,H J. Transport and communication,20,10,10
S01010648,K L M N. Financial real estate professional and administrative activities,9,3,6
S01010648,O P Q. Public administration education and health,40,11,29
S01010648,R S T U. Other,2,1,1
S01010648,Never worked,22,11,11
S01010649,All people aged 16 to 74 not in employment,112,47,65
S01010649,A B D E. Agriculture energy and water,5,2,3
S01010649,C. Manufacturing,2,2,0
S01010649,F. Construction,8,7,1
S01010649,G I. Distribution hotels and restaurants,23,9,14
S01010649,H J. Transport and communication,9,4,5
S01010649,K L M N. Financial real estate professional and administrative activities,11,3,8
S01010649,O P Q. Public administration education and health,44,15,29
S01010649,R S T U. Other,4,3,1
S01010649,Never worked,6,2,4
S01010650,All people aged 16 to 74 not in employment,144,78,66
S01010650,A B D E. Agriculture energy and water,6,6,0
S01010650,C. Manufacturing,8,7,1
S01010650,F. Construction,9,8,1
S01010650,G I. Distribution hotels and restaurants,29,16,13
S01010650,H J. Transport and communication,14,7,7
S01010650,K L M N. Financial real estate professional and administrative activities,11,4,7
S01010650,O P Q. Public administration education and health,29,8,21
S01010650,R S T U. Other,1,1,0
S01010650,Never worked,37,21,16
S01010651,All people aged 16 to 74 not in employment,183,69,114
S01010651,A B D E. Agriculture energy and water,1,1,0
S01010651,C. Manufacturing,11,4,7
S01010651,F. Construction,13,13,0
S01010651,G I. Distribution hotels and restaurants,45,15,30
S01010651,H J. Transport and communication,20,9,11
S01010651,K L M N. Financial real estate professional and administrative activities,15,1,14
S01010651,O P Q. Public administration education and health,40,8,32
S01010651,R S T U. Other,5,2,3
S01010651,Never worked,33,16,17
S01010652,All people aged 16 to 74 not in employment,214,89,125
S01010652,A B D E. Agriculture energy and water,2,0,2
S01010652,C. Manufacturing,8,5,3
S01010652,F. Construction,7,6,1
S01010652,G I. Distribution hotels and restaurants,57,21,36
S01010652,H J. Transport and communication,20,6,14
S01010652,K L M N. Financial real estate professional and administrative activities,15,8,7
S01010652,O P Q. Public administration education and health,55,16,39
S01010652,R S T U. Other,3,1,2
S01010652,Never worked,47,26,21
S01010653,All people aged 16 to 74 not in employment,125,50,75
S01010653,A B D E. Agriculture energy and water,4,4,0
S01010653,C. Manufacturing,2,0,2
S01010653,F. Construction,9,8,1
S01010653,G I. Distribution hotels and restaurants,39,16,23
S01010653,H J. Transport and communication,14,3,11
S01010653,K L M N. Financial real estate professional and administrative activities,11,3,8
S01010653,O P Q. Public administration education and health,21,6,15
S01010653,R S T U. Other,5,0,5
S01010653,Never worked,20,10,10
S01010654,All people aged 16 to 74 not in employment,195,84,111
S01010654,A B D E. Agriculture energy and water,1,1,0
S01010654,C. Manufacturing,10,5,5
S01010654,F. Construction,16,16,0
S01010654,G I. Distribution hotels and restaurants,43,21,22
S01010654,H J. Transport and communication,29,13,16
S01010654,K L M N. Financial real estate professional and administrative activities,23,10,13
S01010654,O P Q. Public administration education and health,38,4,34
S01010654,R S T U. Other,6,0,6
S01010654,Never worked,29,14,15
S01010655,All people aged 16 to 74 not in employment,191,78,113
S01010655,A B D E. Agriculture energy and water,9,6,3
S01010655,C. Manufacturing,7,6,1
S01010655,F. Construction,17,12,5
S01010655,G I. Distribution hotels and restaurants,41,20,21
S01010655,H J. Transport and communication,31,5,26
S01010655,K L M N. Financial real estate professional and administrative activities,17,8,9
S01010655,O P Q. Public administration education and health,44,11,33
S01010655,R S T U. Other,7,2,5
S01010655,Never worked,18,8,10
S01010656,All people aged 16 to 74 not in employment,117,44,73
S01010656,A B D E. Agriculture energy and water,2,2,0
S01010656,C. Manufacturing,6,4,2
S01010656,F. Construction,12,11,1
S01010656,G I. Distribution hotels and restaurants,29,11,18
S01010656,H J. Transport and communication,17,2,15
S01010656,K L M N. Financial real estate professional and administrative activities,5,2,3
S01010656,O P Q. Public administration education and health,34,5,29
S01010656,R S T U. Other,3,2,1
S01010656,Never worked,9,5,4
S01010657,All people aged 16 to 74 not in employment,146,59,87
S01010657,A B D E. Agriculture energy and water,6,4,2
S01010657,C. Manufacturing,6,2,4
S01010657,F. Construction,17,14,3
S01010657,G I. Distribution hotels and restaurants,19,7,12
S01010657,H J. Transport and communication,10,6,4
S01010657,K L M N. Financial real estate professional and administrative activities,20,6,14
S01010657,O P Q. Public administration education and health,44,12,32
S01010657,R S T U. Other,8,0,8
S01010657,Never worked,16,8,8
S01010658,All people aged 16 to 74 not in employment,187,81,106
S01010658,A B D E. Agriculture energy and water,4,3,1
S01010658,C. Manufacturing,11,7,4
S01010658,F. Construction,13,12,1
S01010658,G I. Distribution hotels and restaurants,31,11,20
S01010658,H J. Transport and communication,16,8,8
S01010658,K L M N. Financial real estate professional and administrative activities,23,7,16
S01010658,O P Q. Public administration education and health,65,19,46
S01010658,R S T U. Other,9,4,5
S01010658,Never worked,15,10,5
S01010659,All people aged 16 to 74 not in employment,169,79,90
S01010659,A B D E. Agriculture energy and water,9,8,1
S01010659,C. Manufacturing,8,5,3
S01010659,F. Construction,6,6,0
S01010659,G I. Distribution hotels and restaurants,33,16,17
S01010659,H J. Transport and communication,17,5,12
S01010659,K L M N. Financial real estate professional and administrative activities,20,10,10
S01010659,O P Q. Public administration education and health,41,11,30
S01010659,R S T U. Other,8,2,6
S01010659,Never worked,27,16,11
S01010660,All people aged 16 to 74 not in employment,143,54,89
S01010660,A B D E. Agriculture energy and water,6,3,3
S01010660,C. Manufacturing,8,3,5
S01010660,F. Construction,14,14,0
S01010660,G I. Distribution hotels and restaurants,28,6,22
S01010660,H J. Transport and communication,24,7,17
S01010660,K L M N. Financial real estate professional and administrative activities,10,4,6
S01010660,O P Q. Public administration education and health,32,7,25
S01010660,R S T U. Other,7,2,5
S01010660,Never worked,14,8,6
S01010661,All people aged 16 to 74 not in employment,124,40,84
S01010661,A B D E. Agriculture energy and water,1,1,0
S01010661,C. Manufacturing,4,2,2
S01010661,F. Construction,8,8,0
S01010661,G I. Distribution hotels and restaurants,37,7,30
S01010661,H J. Transport and communication,20,4,16
S01010661,K L M N. Financial real estate professional and administrative activities,10,7,3
S01010661,O P Q. Public administration education and health,24,4,20
S01010661,R S T U. Other,5,2,3
S01010661,Never worked,15,5,10
S01010662,All people aged 16 to 74 not in employment,156,62,94
S01010662,A B D E. Agriculture energy and water,10,9,1
S01010662,C. Manufacturing,7,3,4
S01010662,F. Construction,12,9,3
S01010662,G I. Distribution hotels and restaurants,20,10,10
S01010662,H J. Transport and communication,20,7,13
S01010662,K L M N. Financial real estate professional and administrative activities,19,4,15
S01010662,O P Q. Public administration education and health,40,7,33
S01010662,R S T U. Other,5,0,5
S01010662,Never worked,23,13,10
S01010663,All people aged 16 to 74 not in employment,230,84,146
S01010663,A B D E. Agriculture energy and water,7,5,2
S01010663,C. Manufacturing,16,8,8
S01010663,F. Construction,15,10,5
S01010663,G I. Distribution hotels and restaurants,51,22,29
S01010663,H J. Transport and communication,22,6,16
S01010663,K L M N. Financial real estate professional and administrative activities,30,13,17
S01010663,O P Q. Public administration education and health,66,12,54
S01010663,R S T U. Other,6,1,5
S01010663,Never worked,17,7,10
S01010664,All people aged 16 to 74 not in employment,185,80,105
S01010664,A B D E. Agriculture energy and water,5,4,1
S01010664,C. Manufacturing,15,9,6
S01010664,F. Construction,9,7,2
S01010664,G I. Distribution hotels and restaurants,32,12,20
S01010664,H J. Transport and communication,26,7,19
S01010664,K L M N. Financial real estate professional and administrative activities,19,12,7
S01010664,O P Q. Public administration education and health,54,15,39
S01010664,R S T U. Other,8,3,5
S01010664,Never worked,17,11,6
S01010665,All people aged 16 to 74 not in employment,250,109,141
S01010665,A B D E. Agriculture energy and water,8,6,2
S01010665,C. Manufacturing,20,14,6
S01010665,F. Construction,17,15,2
S01010665,G I. Distribution hotels and restaurants,42,24,18
S01010665,H J. Transport and communication,38,10,28
S01010665,K L M N. Financial real estate professional and administrative activities,26,10,16
S01010665,O P Q. Public administration education and health,75,20,55
S01010665,R S T U. Other,8,2,6
S01010665,Never worked,16,8,8
S01010666,All people aged 16 to 74 not in employment,233,100,133
S01010666,A B D E. Agriculture energy and water,6,5,1
S01010666,C. Manufacturing,13,8,5
S01010666,F. Construction,19,15,4
S01010666,G I. Distribution hotels and restaurants,43,14,29
S01010666,H J. Transport and communication,34,19,15
S01010666,K L M N. Financial real estate professional and administrative activities,26,8,18
S01010666,O P Q. Public administration education and health,61,17,44
S01010666,R S T U. Other,10,4,6
S01010666,Never worked,21,10,11
S01010667,All people aged 16 to 74 not in employment,140,59,81
S01010667,A B D E. Agriculture energy and water,4,4,0
S01010667,C. Manufacturing,8,5,3
S01010667,F. Construction,14,12,2
S01010667,G I. Distribution hotels and restaurants,31,17,14
S01010667,H J. Transport and communication,29,7,22
S01010667,K L M N. Financial real estate professional and administrative activities,12,4,8
S01010667,O P Q. Public administration education and health,19,2,17
S01010667,R S T U. Other,7,2,5
S01010667,Never worked,16,6,10
S01010668,All people aged 16 to 74 not in employment,292,114,178
S01010668,A B D E. Agriculture energy and water,10,8,2
S01010668,C. Manufacturing,19,11,8
S01010668,F. Construction,17,13,4
S01010668,G I. Distribution hotels and restaurants,39,20,19
S01010668,H J. Transport and communication,63,11,52
S01010668,K L M N. Financial real estate professional and administrative activities,30,13,17
S01010668,O P Q. Public administration education and health,78,24,54
S01010668,R S T U. Other,12,6,6
S01010668,Never worked,24,8,16
S01010669,All people aged 16 to 74 not in employment,139,51,88
S01010669,A B D E. Agriculture energy and water,8,5,3
S01010669,C. Manufacturing,10,6,4
S01010669,F. Construction,7,7,0
S01010669,G I. Distribution hotels and restaurants,11,3,8
S01010669,H J. Transport and communication,21,1,20
S01010669,K L M N. Financial real estate professional and administrative activities,14,8,6
S01010669,O P Q. Public administration education and health,47,11,36
S01010669,R S T U. Other,8,2,6
S01010669,Never worked,13,8,5
S01010670,All people aged 16 to 74 not in employment,168,69,99
S01010670,A B D E. Agriculture energy and water,4,3,1
S01010670,C. Manufacturing,6,4,2
S01010670,F. Construction,16,15,1
S01010670,G I. Distribution hotels and restaurants,21,9,12
S01010670,H J. Transport and communication,30,7,23
S01010670,K L M N. Financial real estate professional and administrative activities,15,6,9
S01010670,O P Q. Public administration education and health,45,11,34
S01010670,R S T U. Other,6,2,4
S01010670,Never worked,25,12,13
S01010671,All people aged 16 to 74 not in employment,218,92,126
S01010671,A B D E. Agriculture energy and water,5,4,1
S01010671,C. Manufacturing,7,4,3
S01010671,F. Construction,17,15,2
S01010671,G I. Distribution hotels and restaurants,30,14,16
S01010671,H J. Transport and communication,43,6,37
S01010671,K L M N. Financial real estate professional and administrative activities,29,15,14
S01010671,O P Q. Public administration education and health,52,16,36
S01010671,R S T U. Other,8,3,5
S01010671,Never worked,27,15,12
S01010672,All people aged 16 to 74 not in employment,169,79,90
S01010672,A B D E. Agriculture energy and water,9,7,2
S01010672,C. Manufacturing,13,8,5
S01010672,F. Construction,9,9,0
S01010672,G I. Distribution hotels and restaurants,44,16,28
S01010672,H J. Transport and communication,30,6,24
S01010672,K L M N. Financial real estate professional and administrative activities,15,9,6
S01010672,O P Q. Public administration education and health,25,6,19
S01010672,R S T U. Other,2,2,0
S01010672,Never worked,22,16,6
S01010673,All people aged 16 to 74 not in employment,243,128,115
S01010673,A B D E. Agriculture energy and water,13,12,1
S01010673,C. Manufacturing,9,9,0
S01010673,F. Construction,15,14,1
S01010673,G I. Distribution hotels and restaurants,50,30,20
S01010673,H J. Transport and communication,43,15,28
S01010673,K L M N. Financial real estate professional and administrative activities,22,10,12
S01010673,O P Q. Public administration education and health,63,20,43
S01010673,R S T U. Other,9,5,4
S01010673,Never worked,19,13,6
S01010674,All people aged 16 to 74 not in employment,230,92,138
S01010674,A B D E. Agriculture energy and water,7,6,1
S01010674,C. Manufacturing,16,9,7
S01010674,F. Construction,6,6,0
S01010674,G I. Distribution hotels and restaurants,37,13,24
S01010674,H J. Transport and communication,48,17,31
S01010674,K L M N. Financial real estate professional and administrative activities,14,4,10
S01010674,O P Q. Public administration education and health,77,23,54
S01010674,R S T U. Other,6,2,4
S01010674,Never worked,19,12,7
S01010675,All people aged 16 to 74 not in employment,177,70,107
S01010675,A B D E. Agriculture energy and water,9,8,1
S01010675,C. Manufacturing,12,7,5
S01010675,F. Construction,8,8,0
S01010675,G I. Distribution hotels and restaurants,20,6,14
S01010675,H J. Transport and communication,36,11,25
S01010675,K L M N. Financial real estate professional and administrative activities,14,7,7
S01010675,O P Q. Public administration education and health,60,13,47
S01010675,R S T U. Other,10,6,4
S01010675,Never worked,8,4,4
S01010676,All people aged 16 to 74 not in employment,271,107,164
S01010676,A B D E. Agriculture energy and water,12,7,5
S01010676,C. Manufacturing,12,7,5
S01010676,F. Construction,16,14,2
S01010676,G I. Distribution hotels and restaurants,39,18,21
S01010676,H J. Transport and communication,36,12,24
S01010676,K L M N. Financial real estate professional and administrative activities,30,12,18
S01010676,O P Q. Public administration education and health,87,25,62
S01010676,R S T U. Other,15,6,9
S01010676,Never worked,24,6,18
S01010677,All people aged 16 to 74 not in employment,137,57,80
S01010677,A B D E. Agriculture energy and water,4,4,0
S01010677,C. Manufacturing,7,6,1
S01010677,F. Construction,10,8,2
S01010677,G I. Distribution hotels and restaurants,19,7,12
S01010677,H J. Transport and communication,19,8,11
S01010677,K L M N. Financial real estate professional and administrative activities,12,7,5
S01010677,O P Q. Public administration education and health,59,15,44
S01010677,R S T U. Other,1,0,1
S01010677,Never worked,6,2,4
S01010678,All people aged 16 to 74 not in employment,163,74,89
S01010678,A B D E. Agriculture energy and water,9,8,1
S01010678,C. Manufacturing,7,4,3
S01010678,F. Construction,16,15,1
S01010678,G I. Distribution hotels and restaurants,22,11,11
S01010678,H J. Transport and communication,19,4,15
S01010678,K L M N. Financial real estate professional and administrative activities,14,8,6
S01010678,O P Q. Public administration education and health,49,13,36
S01010678,R S T U. Other,9,2,7
S01010678,Never worked,18,9,9
S01010679,All people aged 16 to 74 not in employment,141,73,68
S01010679,A B D E. Agriculture energy and water,5,5,0
S01010679,C. Manufacturing,4,4,0
S01010679,F. Construction,16,13,3
S01010679,G I. Distribution hotels and restaurants,23,13,10
S01010679,H J. Transport and communication,27,12,15
S01010679,K L M N. Financial real estate professional and administrative activities,13,5,8
S01010679,O P Q. Public administration education and health,34,12,22
S01010679,R S T U. Other,5,3,2
S01010679,Never worked,14,6,8
S01010680,All people aged 16 to 74 not in employment,158,68,90
S01010680,A B D E. Agriculture energy and water,4,3,1
S01010680,C. Manufacturing,10,7,3
S01010680,F. Construction,12,12,0
S01010680,G I. Distribution hotels and restaurants,31,14,17
S01010680,H J. Transport and communication,41,14,27
S01010680,K L M N. Financial real estate professional and administrative activities,8,5,3
S01010680,O P Q. Public administration education and health,33,6,27
S01010680,R S T U. Other,5,2,3
S01010680,Never worked,14,5,9
S01010681,All people aged 16 to 74 not in employment,239,108,131
S01010681,A B D E. Agriculture energy and water,11,10,1
S01010681,C. Manufacturing,7,5,2
S01010681,F. Construction,12,12,0
S01010681,G I. Distribution hotels and restaurants,36,15,21
S01010681,H J. Transport and communication,53,25,28
S01010681,K L M N. Financial real estate professional and administrative activities,16,12,4
S01010681,O P Q. Public administration education and health,61,10,51
S01010681,R S T U. Other,7,3,4
S01010681,Never worked,36,16,20
S01010682,All people aged 16 to 74 not in employment,231,106,125
S01010682,A B D E. Agriculture energy and water,9,8,1
S01010682,C. Manufacturing,8,5,3
S01010682,F. Construction,21,17,4
S01010682,G I. Distribution hotels and restaurants,25,12,13
S01010682,H J. Transport and communication,41,16,25
S01010682,K L M N. Financial real estate professional and administrative activities,13,6,7
S01010682,O P Q. Public administration education and health,80,26,54
S01010682,R S T U. Other,10,6,4
S01010682,Never worked,24,10,14
S01010683,All people aged 16 to 74 not in employment,282,119,163
S01010683,A B D E. Agriculture energy and water,12,7,5
S01010683,C. Manufacturing,15,9,6
S01010683,F. Construction,19,16,3
S01010683,G I. Distribution hotels and restaurants,41,27,14
S01010683,H J. Transport and communication,35,9,26
S01010683,K L M N. Financial real estate professional and administrative activities,33,17,16
S01010683,O P Q. Public administration education and health,91,21,70
S01010683,R S T U. Other,12,5,7
S01010683,Never worked,24,8,16
S01010684,All people aged 16 to 74 not in employment,227,96,131
S01010684,A B D E. Agriculture energy and water,10,10,0
S01010684,C. Manufacturing,10,5,5
S01010684,F. Construction,12,11,1
S01010684,G I. Distribution hotels and restaurants,38,14,24
S01010684,H J. Transport and communication,36,12,24
S01010684,K L M N. Financial real estate professional and administrative activities,25,12,13
S01010684,O P Q. Public administration education and health,68,19,49
S01010684,R S T U. Other,15,7,8
S01010684,Never worked,13,6,7
S01010685,All people aged 16 to 74 not in employment,192,87,105
S01010685,A B D E. Agriculture energy and water,13,10,3
S01010685,C. Manufacturing,14,7,7
S01010685,F. Construction,9,8,1
S01010685,G I. Distribution hotels and restaurants,26,15,11
S01010685,H J. Transport and communication,26,11,15
S01010685,K L M N. Financial real estate professional and administrative activities,21,14,7
S01010685,O P Q. Public administration education and health,59,13,46
S01010685,R S T U. Other,11,5,6
S01010685,Never worked,13,4,9
S01010686,All people aged 16 to 74 not in employment,179,81,98
S01010686,A B D E. Agriculture energy and water,20,18,2
S01010686,C. Manufacturing,9,6,3
S01010686,F. Construction,5,5,0
S01010686,G I. Distribution hotels and restaurants,24,11,13
S01010686,H J. Transport and communication,28,7,21
S01010686,K L M N. Financial real estate professional and administrative activities,12,6,6
S01010686,O P Q. Public administration education and health,54,16,38
S01010686,R S T U. Other,5,2,3
S01010686,Never worked,22,10,12
S01010687,All people aged 16 to 74 not in employment,223,103,120
S01010687,A B D E. Agriculture energy and water,9,9,0
S01010687,C. Manufacturing,8,6,2
S01010687,F. Construction,10,7,3
S01010687,G I. Distribution hotels and restaurants,44,22,22
S01010687,H J. Transport and communication,30,12,18
S01010687,K L M N. Financial real estate professional and administrative activities,22,13,9
S01010687,O P Q. Public administration education and health,73,20,53
S01010687,R S T U. Other,11,4,7
S01010687,Never worked,16,10,6
S01010688,All people aged 16 to 74 not in employment,188,83,105
S01010688,A B D E. Agriculture energy and water,15,13,2
S01010688,C. Manufacturing,12,6,6
S01010688,F. Construction,9,8,1
S01010688,G I. Distribution hotels and restaurants,30,16,14
S01010688,H J. Transport and communication,21,5,16
S01010688,K L M N. Financial real estate professional and administrative activities,20,8,12
S01010688,O P Q. Public administration education and health,64,19,45
S01010688,R S T U. Other,5,3,2
S01010688,Never worked,12,5,7
S01010689,All people aged 16 to 74 not in employment,222,91,131
S01010689,A B D E. Agriculture energy and water,13,10,3
S01010689,C. Manufacturing,12,8,4
S01010689,F. Construction,22,19,3
S01010689,G I. Distribution hotels and restaurants,37,14,23
S01010689,H J. Transport and communication,30,5,25
S01010689,K L M N. Financial real estate professional and administrative activities,19,9,10
S01010689,O P Q. Public administration education and health,68,16,52
S01010689,R S T U. Other,10,6,4
S01010689,Never worked,11,4,7
S01010690,All people aged 16 to 74 not in employment,132,54,78
S01010690,A B D E. Agriculture energy and water,5,5,0
S01010690,C. Manufacturing,1,1,0
S01010690,F. Construction,9,9,0
S01010690,G I. Distribution hotels and restaurants,26,12,14
S01010690,H J. Transport and communication,36,10,26
S01010690,K L M N. Financial real estate professional and administrative activities,5,2,3
S01010690,O P Q. Public administration education and health,31,8,23
S01010690,R S T U. Other,8,3,5
S01010690,Never worked,11,4,7
S01010691,All people aged 16 to 74 not in employment,175,77,98
S01010691,A B D E. Agriculture energy and water,13,13,0
S01010691,C. Manufacturing,10,6,4
S01010691,F. Construction,8,7,1
S01010691,G I. Distribution hotels and restaurants,18,6,12
S01010691,H J. Transport and communication,30,8,22
S01010691,K L M N. Financial real estate professional and administrative activities,19,11,8
S01010691,O P Q. Public administration education and health,52,15,37
S01010691,R S T U. Other,12,6,6
S01010691,Never worked,13,5,8
S01010692,All people aged 16 to 74 not in employment,132,49,83
S01010692,A B D E. Agriculture energy and water,5,4,1
S01010692,C. Manufacturing,2,1,1
S01010692,F. Construction,7,6,1
S01010692,G I. Distribution hotels and restaurants,29,14,15
S01010692,H J. Transport and communication,33,9,24
S01010692,K L M N. Financial real estate professional and administrative activities,10,4,6
S01010692,O P Q. Public administration education and health,27,6,21
S01010692,R S T U. Other,1,0,1
S01010692,Never worked,18,5,13
S01010693,All people aged 16 to 74 not in employment,114,55,59
S01010693,A B D E. Agriculture energy and water,8,7,1
S01010693,C. Manufacturing,13,9,4
S01010693,F. Construction,2,2,0
S01010693,G I. Distribution hotels and restaurants,17,7,10
S01010693,H J. Transport and communication,9,2,7
S01010693,K L M N. Financial real estate professional and administrative activities,10,6,4
S01010693,O P Q. Public administration education and health,40,16,24
S01010693,R S T U. Other,2,1,1
S01010693,Never worked,13,5,8
S01010694,All people aged 16 to 74 not in employment,186,85,101
S01010694,A B D E. Agriculture energy and water,9,9,0
S01010694,C. Manufacturing,11,8,3
S01010694,F. Construction,10,10,0
S01010694,G I. Distribution hotels and restaurants,29,11,18
S01010694,H J. Transport and communication,24,5,19
S01010694,K L M N. Financial real estate professional and administrative activities,11,6,5
S01010694,O P Q. Public administration education and health,64,23,41
S01010694,R S T U. Other,16,6,10
S01010694,Never worked,12,7,5
S01010695,All people aged 16 to 74 not in employment,165,73,92
S01010695,A B D E. Agriculture energy and water,7,7,0
S01010695,C. Manufacturing,10,7,3
S01010695,F. Construction,9,6,3
S01010695,G I. Distribution hotels and restaurants,37,12,25
S01010695,H J. Transport and communication,12,5,7
S01010695,K L M N. Financial real estate professional and administrative activities,22,12,10
S01010695,O P Q. Public administration education and health,45,10,35
S01010695,R S T U. Other,2,1,1
S01010695,Never worked,21,13,8
S01010696,All people aged 16 to 74 not in employment,202,87,115
S01010696,A B D E. Agriculture energy and water,12,9,3
S01010696,C. Manufacturing,20,11,9
S01010696,F. Construction,14,12,2
S01010696,G I. Distribution hotels and restaurants,44,24,20
S01010696,H J. Transport and communication,19,1,18
S01010696,K L M N. Financial real estate professional and administrative activities,20,9,11
S01010696,O P Q. Public administration education and health,41,6,35
S01010696,R S T U. Other,6,3,3
S01010696,Never worked,26,12,14
S01010697,All people aged 16 to 74 not in employment,319,125,194
S01010697,A B D E. Agriculture energy and water,15,9,6
S01010697,C. Manufacturing,13,10,3
S01010697,F. Construction,11,10,1
S01010697,G I. Distribution hotels and restaurants,39,19,20
S01010697,H J. Transport and communication,36,6,30
S01010697,K L M N. Financial real estate professional and administrative activities,31,16,15
S01010697,O P Q. Public administration education and health,97,22,75
S01010697,R S T U. Other,14,7,7
S01010697,Never worked,63,26,37
S01010698,All people aged 16 to 74 not in employment,210,103,107
S01010698,A B D E. Agriculture energy and water,18,13,5
S01010698,C. Manufacturing,8,7,1
S01010698,F. Construction,11,11,0
S01010698,G I. Distribution hotels and restaurants,38,23,15
S01010698,H J. Transport and communication,28,8,20
S01010698,K L M N. Financial real estate professional and administrative activities,13,7,6
S01010698,O P Q. Public administration education and health,63,16,47
S01010698,R S T U. Other,10,4,6
S01010698,Never worked,21,14,7
S01010699,All people aged 16 to 74 not in employment,129,56,73
S01010699,A B D E. Agriculture energy and water,13,11,2
S01010699,C. Manufacturing,9,2,7
S01010699,F. Construction,5,5,0
S01010699,G I. Distribution hotels and restaurants,22,11,11
S01010699,H J. Transport and communication,15,6,9
S01010699,K L M N. Financial real estate professional and administrative activities,13,7,6
S01010699,O P Q. Public administration education and health,31,6,25
S01010699,R S T U. Other,3,1,2
S01010699,Never worked,18,7,11
S01010700,All people aged 16 to 74 not in employment,133,54,79
S01010700,A B D E. Agriculture energy and water,7,6,1
S01010700,C. Manufacturing,5,4,1
S01010700,F. Construction,16,15,1
S01010700,G I. Distribution hotels and restaurants,24,2,22
S01010700,H J. Transport and communication,15,7,8
S01010700,K L M N. Financial real estate professional and administrative activities,13,5,8
S01010700,O P Q. Public administration education and health,35,6,29
S01010700,R S T U. Other,7,3,4
S01010700,Never worked,11,6,5
S01010701,All people aged 16 to 74 not in employment,225,92,133
S01010701,A B D E. Agriculture energy and water,16,10,6
S01010701,C. Manufacturing,17,9,8
S01010701,F. Construction,12,10,2
S01010701,G I. Distribution hotels and restaurants,41,16,25
S01010701,H J. Transport and communication,24,10,14
S01010701,K L M N. Financial real estate professional and administrative activities,25,7,18
S01010701,O P Q. Public administration education and health,55,14,41
S01010701,R S T U. Other,8,2,6
S01010701,Never worked,27,14,13
S01010702,All people aged 16 to 74 not in employment,236,102,134
S01010702,A B D E. Agriculture energy and water,12,10,2
S01010702,C. Manufacturing,19,11,8
S01010702,F. Construction,14,10,4
S01010702,G I. Distribution hotels and restaurants,41,13,28
S01010702,H J. Transport and communication,19,5,14
S01010702,K L M N. Financial real estate professional and administrative activities,25,10,15
S01010702,O P Q. Public administration education and health,67,19,48
S01010702,R S T U. Other,12,7,5
S01010702,Never worked,27,17,10
S01010703,All people aged 16 to 74 not in employment,194,76,118
S01010703,A B D E. Agriculture energy and water,13,9,4
S01010703,C. Manufacturing,12,8,4
S01010703,F. Construction,8,8,0
S01010703,G I. Distribution hotels and restaurants,41,16,25
S01010703,H J. Transport and communication,11,3,8
S01010703,K L M N. Financial real estate professional and administrative activities,19,8,11
S01010703,O P Q. Public administration education and health,54,8,46
S01010703,R S T U. Other,10,4,6
S01010703,Never worked,26,12,14
S01010704,All people aged 16 to 74 not in employment,172,68,104
S01010704,A B D E. Agriculture energy and water,14,8,6
S01010704,C. Manufacturing,10,5,5
S01010704,F. Construction,24,23,1
S01010704,G I. Distribution hotels and restaurants,33,6,27
S01010704,H J. Transport and communication,15,3,12
S01010704,K L M N. Financial real estate professional and administrative activities,12,6,6
S01010704,O P Q. Public administration education and health,38,7,31
S01010704,R S T U. Other,6,2,4
S01010704,Never worked,20,8,12
S01010705,All people aged 16 to 74 not in employment,272,112,160
S01010705,A B D E. Agriculture energy and water,12,10,2
S01010705,C. Manufacturing,20,11,9
S01010705,F. Construction,28,25,3
S01010705,G I. Distribution hotels and restaurants,57,17,40
S01010705,H J. Transport and communication,25,9,16
S01010705,K L M N. Financial real estate professional and administrative activities,19,7,12
S01010705,O P Q. Public administration education and health,65,12,53
S01010705,R S T U. Other,10,3,7
S01010705,Never worked,36,18,18
S01010706,All people aged 16 to 74 not in employment,175,65,110
S01010706,A B D E. Agriculture energy and water,3,1,2
S01010706,C. Manufacturing,6,4,2
S01010706,F. Construction,16,14,2
S01010706,G I. Distribution hotels and restaurants,36,10,26
S01010706,H J. Transport and communication,21,4,17
S01010706,K L M N. Financial real estate professional and administrative activities,19,10,9
S01010706,O P Q. Public administration education and health,37,6,31
S01010706,R S T U. Other,13,6,7
S01010706,Never worked,24,10,14
S01010707,All people aged 16 to 74 not in employment,163,63,100
S01010707,A B D E. Agriculture energy and water,14,9,5
S01010707,C. Manufacturing,9,4,5
S01010707,F. Construction,11,10,1
S01010707,G I. Distribution hotels and restaurants,24,7,17
S01010707,H J. Transport and communication,14,2,12
S01010707,K L M N. Financial real estate professional and administrative activities,14,7,7
S01010707,O P Q. Public administration education and health,40,9,31
S01010707,R S T U. Other,9,3,6
S01010707,Never worked,28,12,16
S01010708,All people aged 16 to 74 not in employment,123,51,72
S01010708,A B D E. Agriculture energy and water,4,4,0
S01010708,C. Manufacturing,3,1,2
S01010708,F. Construction,14,13,1
S01010708,G I. Distribution hotels and restaurants,27,14,13
S01010708,H J. Transport and communication,12,3,9
S01010708,K L M N. Financial real estate professional and administrative activities,8,3,5
S01010708,O P Q. Public administration education and health,33,4,29
S01010708,R S T U. Other,6,0,6
S01010708,Never worked,16,9,7
S01010709,All people aged 16 to 74 not in employment,132,57,75
S01010709,A B D E. Agriculture energy and water,5,4,1
S01010709,C. Manufacturing,8,6,2
S01010709,F. Construction,12,10,2
S01010709,G I. Distribution hotels and restaurants,24,10,14
S01010709,H J. Transport and communication,10,3,7
S01010709,K L M N. Financial real estate professional and administrative activities,14,2,12
S01010709,O P Q. Public administration education and health,36,11,25
S01010709,R S T U. Other,3,0,3
S01010709,Never worked,20,11,9
S01010710,All people aged 16 to 74 not in employment,212,81,131
S01010710,A B D E. Agriculture energy and water,8,8,0
S01010710,C. Manufacturing,14,8,6
S01010710,F. Construction,24,23,1
S01010710,G I. Distribution hotels and restaurants,55,15,40
S01010710,H J. Transport and communication,30,5,25
S01010710,K L M N. Financial real estate professional and administrative activities,11,4,7
S01010710,O P Q. Public administration education and health,31,3,28
S01010710,R S T U. Other,4,1,3
S01010710,Never worked,35,14,21
S01010711,All people aged 16 to 74 not in employment,161,61,100
S01010711,A B D E. Agriculture energy and water,9,6,3
S01010711,C. Manufacturing,9,6,3
S01010711,F. Construction,10,7,3
S01010711,G I. Distribution hotels and restaurants,22,6,16
S01010711,H J. Transport and communication,18,6,12
S01010711,K L M N. Financial real estate professional and administrative activities,19,9,10
S01010711,O P Q. Public administration education and health,56,14,42
S01010711,R S T U. Other,6,1,5
S01010711,Never worked,12,6,6
S01010712,All people aged 16 to 74 not in employment,169,71,98
S01010712,A B D E. Agriculture energy and water,7,6,1
S01010712,C. Manufacturing,11,10,1
S01010712,F. Construction,19,18,1
S01010712,G I. Distribution hotels and restaurants,31,10,21
S01010712,H J. Transport and communication,20,2,18
S01010712,K L M N. Financial real estate professional and administrative activities,12,3,9
S01010712,O P Q. Public administration education and health,29,3,26
S01010712,R S T U. Other,6,2,4
S01010712,Never worked,34,17,17
S01010713,All people aged 16 to 74 not in employment,164,62,102
S01010713,A B D E. Agriculture energy and water,4,2,2
S01010713,C. Manufacturing,6,3,3
S01010713,F. Construction,16,16,0
S01010713,G I. Distribution hotels and restaurants,44,14,30
S01010713,H J. Transport and communication,21,8,13
S01010713,K L M N. Financial real estate professional and administrative activities,12,4,8
S01010713,O P Q. Public administration education and health,31,4,27
S01010713,R S T U. Other,5,1,4
S01010713,Never worked,25,10,15
S01010714,All people aged 16 to 74 not in employment,221,86,135
S01010714,A B D E. Agriculture energy and water,9,8,1
S01010714,C. Manufacturing,27,16,11
S01010714,F. Construction,14,13,1
S01010714,G I. Distribution hotels and restaurants,47,14,33
S01010714,H J. Transport and communication,26,5,21
S01010714,K L M N. Financial real estate professional and administrative activities,17,11,6
S01010714,O P Q. Public administration education and health,42,9,33
S01010714,R S T U. Other,7,3,4
S01010714,Never worked,32,7,25
S01010715,All people aged 16 to 74 not in employment,174,71,103
S01010715,A B D E. Agriculture energy and water,7,4,3
S01010715,C. Manufacturing,18,13,5
S01010715,F. Construction,19,18,1
S01010715,G I. Distribution hotels and restaurants,34,13,21
S01010715,H J. Transport and communication,27,9,18
S01010715,K L M N. Financial real estate professional and administrative activities,11,1,10
S01010715,O P Q. Public administration education and health,42,6,36
S01010715,R S T U. Other,6,3,3
S01010715,Never worked,10,4,6
S01010716,All people aged 16 to 74 not in employment,198,86,112
S01010716,A B D E. Agriculture energy and water,22,15,7
S01010716,C. Manufacturing,18,8,10
S01010716,F. Construction,12,11,1
S01010716,G I. Distribution hotels and restaurants,33,15,18
S01010716,H J. Transport and communication,26,9,17
S01010716,K L M N. Financial real estate professional and administrative activities,13,5,8
S01010716,O P Q. Public administration education and health,45,11,34
S01010716,R S T U. Other,5,3,2
S01010716,Never worked,24,9,15
S01010717,All people aged 16 to 74 not in employment,158,73,85
S01010717,A B D E. Agriculture energy and water,11,10,1
S01010717,C. Manufacturing,9,7,2
S01010717,F. Construction,7,7,0
S01010717,G I. Distribution hotels and restaurants,16,6,10
S01010717,H J. Transport and communication,8,2,6
S01010717,K L M N. Financial real estate professional and administrative activities,16,8,8
S01010717,O P Q. Public administration education and health,65,22,43
S01010717,R S T U. Other,5,1,4
S01010717,Never worked,21,10,11
S01010718,All people aged 16 to 74 not in employment,204,80,124
S01010718,A B D E. Agriculture energy and water,5,4,1
S01010718,C. Manufacturing,15,10,5
S01010718,F. Construction,10,8,2
S01010718,G I. Distribution hotels and restaurants,28,6,22
S01010718,H J. Transport and communication,22,5,17
S01010718,K L M N. Financial real estate professional and administrative activities,28,10,18
S01010718,O P Q. Public administration education and health,60,17,43
S01010718,R S T U. Other,5,3,2
S01010718,Never worked,31,17,14
S01010719,All people aged 16 to 74 not in employment,144,53,91
S01010719,A B D E. Agriculture energy and water,5,4,1
S01010719,C. Manufacturing,8,7,1
S01010719,F. Construction,11,8,3
S01010719,G I. Distribution hotels and restaurants,18,8,10
S01010719,H J. Transport and communication,17,3,14
S01010719,K L M N. Financial real estate professional and administrative activities,18,8,10
S01010719,O P Q. Public administration education and health,43,4,39
S01010719,R S T U. Other,2,0,2
S01010719,Never worked,22,11,11
S01010720,All people aged 16 to 74 not in employment,197,77,120
S01010720,A B D E. Agriculture energy and water,3,1,2
S01010720,C. Manufacturing,9,5,4
S01010720,F. Construction,18,17,1
S01010720,G I. Distribution hotels and restaurants,18,6,12
S01010720,H J. Transport and communication,18,4,14
S01010720,K L M N. Financial real estate professional and administrative activities,18,11,7
S01010720,O P Q. Public administration education and health,79,19,60
S01010720,R S T U. Other,13,3,10
S01010720,Never worked,21,11,10
S01010721,All people aged 16 to 74 not in employment,159,60,99
S01010721,A B D E. Agriculture energy and water,4,4,0
S01010721,C. Manufacturing,7,5,2
S01010721,F. Construction,7,7,0
S01010721,G I. Distribution hotels and restaurants,28,5,23
S01010721,H J. Transport and communication,7,4,3
S01010721,K L M N. Financial real estate professional and administrative activities,19,5,14
S01010721,O P Q. Public administration education and health,66,19,47
S01010721,R S T U. Other,8,5,3
S01010721,Never worked,13,6,7
S01010722,All people aged 16 to 74 not in employment,199,81,118
S01010722,A B D E. Agriculture energy and water,12,12,0
S01010722,C. Manufacturing,15,11,4
S01010722,F. Construction,13,11,2
S01010722,G I. Distribution hotels and restaurants,29,10,19
S01010722,H J. Transport and communication,12,5,7
S01010722,K L M N. Financial real estate professional and administrative activities,18,5,13
S01010722,O P Q. Public administration education and health,62,12,50
S01010722,R S T U. Other,11,4,7
S01010722,Never worked,27,11,16
S01010723,All people aged 16 to 74 not in employment,187,77,110
S01010723,A B D E. Agriculture energy and water,8,4,4
S01010723,C. Manufacturing,9,6,3
S01010723,F. Construction,10,9,1
S01010723,G I. Distribution hotels and restaurants,27,8,19
S01010723,H J. Transport and communication,17,5,12
S01010723,K L M N. Financial real estate professional and administrative activities,17,11,6
S01010723,O P Q. Public administration education and health,57,11,46
S01010723,R S T U. Other,13,6,7
S01010723,Never worked,29,17,12
S01010724,All people aged 16 to 74 not in employment,164,62,102
S01010724,A B D E. Agriculture energy and water,8,5,3
S01010724,C. Manufacturing,9,5,4
S01010724,F. Construction,7,6,1
S01010724,G I. Distribution hotels and restaurants,34,13,21
S01010724,H J. Transport and communication,14,4,10
S01010724,K L M N. Financial real estate professional and administrative activities,15,8,7
S01010724,O P Q. Public administration education and health,51,8,43
S01010724,R S T U. Other,11,3,8
S01010724,Never worked,15,10,5
S01010725,All people aged 16 to 74 not in employment,160,66,94
S01010725,A B D E. Agriculture energy and water,13,8,5
S01010725,C. Manufacturing,7,3,4
S01010725,F. Construction,14,11,3
S01010725,G I. Distribution hotels and restaurants,26,12,14
S01010725,H J. Transport and communication,14,6,8
S01010725,K L M N. Financial real estate professional and administrative activities,16,6,10
S01010725,O P Q. Public administration education and health,48,14,34
S01010725,R S T U. Other,7,0,7
S01010725,Never worked,15,6,9
S01010726,All people aged 16 to 74 not in employment,265,115,150
S01010726,A B D E. Agriculture energy and water,13,11,2
S01010726,C. Manufacturing,17,11,6
S01010726,F. Construction,21,19,2
S01010726,G I. Distribution hotels and restaurants,57,22,35
S01010726,H J. Transport and communication,26,6,20
S01010726,K L M N. Financial real estate professional and administrative activities,15,8,7
S01010726,O P Q. Public administration education and health,82,24,58
S01010726,R S T U. Other,11,4,7
S01010726,Never worked,23,10,13
S01010727,All people aged 16 to 74 not in employment,183,79,104
S01010727,A B D E. Agriculture energy and water,9,7,2
S01010727,C. Manufacturing,8,5,3
S01010727,F. Construction,20,14,6
S01010727,G I. Distribution hotels and restaurants,36,10,26
S01010727,H J. Transport and communication,5,3,2
S01010727,K L M N. Financial real estate professional and administrative activities,19,11,8
S01010727,O P Q. Public administration education and health,60,15,45
S01010727,R S T U. Other,7,5,2
S01010727,Never worked,19,9,10
S01010728,All people aged 16 to 74 not in employment,134,58,76
S01010728,A B D E. Agriculture energy and water,4,3,1
S01010728,C. Manufacturing,4,3,1
S01010728,F. Construction,12,10,2
S01010728,G I. Distribution hotels and restaurants,25,11,14
S01010728,H J. Transport and communication,11,2,9
S01010728,K L M N. Financial real estate professional and administrative activities,19,11,8
S01010728,O P Q. Public administration education and health,42,12,30
S01010728,R S T U. Other,3,2,1
S01010728,Never worked,14,4,10
S01010729,All people aged 16 to 74 not in employment,155,70,85
S01010729,A B D E. Agriculture energy and water,6,5,1
S01010729,C. Manufacturing,8,4,4
S01010729,F. Construction,17,13,4
S01010729,G I. Distribution hotels and restaurants,23,9,14
S01010729,H J. Transport and communication,10,2,8
S01010729,K L M N. Financial real estate professional and administrative activities,18,11,7
S01010729,O P Q. Public administration education and health,46,13,33
S01010729,R S T U. Other,11,3,8
S01010729,Never worked,16,10,6
S01010730,All people aged 16 to 74 not in employment,197,78,119
S01010730,A B D E. Agriculture energy and water,8,6,2
S01010730,C. Manufacturing,11,4,7
S01010730,F. Construction,14,11,3
S01010730,G I. Distribution hotels and restaurants,29,13,16
S01010730,H J. Transport and communication,14,3,11
S01010730,K L M N. Financial real estate professional and administrative activities,17,10,7
S01010730,O P Q. Public administration education and health,73,15,58
S01010730,R S T U. Other,5,2,3
S01010730,Never worked,26,14,12
S01010731,All people aged 16 to 74 not in employment,237,98,139
S01010731,A B D E. Agriculture energy and water,6,5,1
S01010731,C. Manufacturing,11,9,2
S01010731,F. Construction,20,19,1
S01010731,G I. Distribution hotels and restaurants,42,16,26
S01010731,H J. Transport and communication,27,3,24
S01010731,K L M N. Financial real estate professional and administrative activities,15,7,8
S01010731,O P Q. Public administration education and health,72,22,50
S01010731,R S T U. Other,16,6,10
S01010731,Never worked,28,11,17
S01010732,All people aged 16 to 74 not in employment,267,102,165
S01010732,A B D E. Agriculture energy and water,14,12,2
S01010732,C. Manufacturing,32,11,21
S01010732,F. Construction,18,18,0
S01010732,G I. Distribution hotels and restaurants,52,22,30
S01010732,H J. Transport and communication,38,7,31
S01010732,K L M N. Financial real estate professional and administrative activities,19,6,13
S01010732,O P Q. Public administration education and health,45,10,35
S01010732,R S T U. Other,8,1,7
S01010732,Never worked,41,15,26
S01010733,All people aged 16 to 74 not in employment,181,76,105
S01010733,A B D E. Agriculture energy and water,8,7,1
S01010733,C. Manufacturing,23,11,12
S01010733,F. Construction,12,11,1
S01010733,G I. Distribution hotels and restaurants,37,11,26
S01010733,H J. Transport and communication,18,2,16
S01010733,K L M N. Financial real estate professional and administrative activities,16,8,8
S01010733,O P Q. Public administration education and health,23,4,19
S01010733,R S T U. Other,7,4,3
S01010733,Never worked,37,18,19
S01010734,All people aged 16 to 74 not in employment,282,124,158
S01010734,A B D E. Agriculture energy and water,8,8,0
S01010734,C. Manufacturing,32,19,13
S01010734,F. Construction,22,20,2
S01010734,G I. Distribution hotels and restaurants,50,24,26
S01010734,H J. Transport and communication,35,13,22
S01010734,K L M N. Financial real estate professional and administrative activities,21,4,17
S01010734,O P Q. Public administration education and health,35,9,26
S01010734,R S T U. Other,8,1,7
S01010734,Never worked,71,26,45
S01010735,All people aged 16 to 74 not in employment,194,77,117
S01010735,A B D E. Agriculture energy and water,10,9,1
S01010735,C. Manufacturing,24,11,13
S01010735,F. Construction,18,14,4
S01010735,G I. Distribution hotels and restaurants,33,11,22
S01010735,H J. Transport and communication,18,2,16
S01010735,K L M N. Financial real estate professional and administrative activities,14,7,7
S01010735,O P Q. Public administration education and health,24,7,17
S01010735,R S T U. Other,7,3,4
S01010735,Never worked,46,13,33
S01010736,All people aged 16 to 74 not in employment,141,58,83
S01010736,A B D E. Agriculture energy and water,8,8,0
S01010736,C. Manufacturing,9,6,3
S01010736,F. Construction,6,5,1
S01010736,G I. Distribution hotels and restaurants,33,14,19
S01010736,H J. Transport and communication,10,3,7
S01010736,K L M N. Financial real estate professional and administrative activities,21,9,12
S01010736,O P Q. Public administration education and health,42,8,34
S01010736,R S T U. Other,2,0,2
S01010736,Never worked,10,5,5
S01010737,All people aged 16 to 74 not in employment,332,132,200
S01010737,A B D E. Agriculture energy and water,16,12,4
S01010737,C. Manufacturing,35,23,12
S01010737,F. Construction,23,20,3
S01010737,G I. Distribution hotels and restaurants,67,26,41
S01010737,H J. Transport and communication,32,8,24
S01010737,K L M N. Financial real estate professional and administrative activities,28,9,19
S01010737,O P Q. Public administration education and health,66,13,53
S01010737,R S T U. Other,14,1,13
S01010737,Never worked,51,20,31
S01010738,All people aged 16 to 74 not in employment,148,69,79
S01010738,A B D E. Agriculture energy and water,6,4,2
S01010738,C. Manufacturing,16,13,3
S01010738,F. Construction,15,15,0
S01010738,G I. Distribution hotels and restaurants,30,12,18
S01010738,H J. Transport and communication,12,2,10
S01010738,K L M N. Financial real estate professional and administrative activities,17,9,8
S01010738,O P Q. Public administration education and health,26,4,22
S01010738,R S T U. Other,5,1,4
S01010738,Never worked,21,9,12
S01010739,All people aged 16 to 74 not in employment,228,102,126
S01010739,A B D E. Agriculture energy and water,6,3,3
S01010739,C. Manufacturing,23,13,10
S01010739,F. Construction,19,18,1
S01010739,G I. Distribution hotels and restaurants,47,21,26
S01010739,H J. Transport and communication,27,9,18
S01010739,K L M N. Financial real estate professional and administrative activities,23,9,14
S01010739,O P Q. Public administration education and health,29,6,23
S01010739,R S T U. Other,16,3,13
S01010739,Never worked,38,20,18
S01010740,All people aged 16 to 74 not in employment,174,75,99
S01010740,A B D E. Agriculture energy and water,9,9,0
S01010740,C. Manufacturing,17,7,10
S01010740,F. Construction,9,9,0
S01010740,G I. Distribution hotels and restaurants,35,14,21
S01010740,H J. Transport and communication,31,13,18
S01010740,K L M N. Financial real estate professional and administrative activities,9,3,6
S01010740,O P Q. Public administration education and health,33,11,22
S01010740,R S T U. Other,6,0,6
S01010740,Never worked,25,9,16
S01010741,All people aged 16 to 74 not in employment,178,88,90
S01010741,A B D E. Agriculture energy and water,16,12,4
S01010741,C. Manufacturing,28,17,11
S01010741,F. Construction,13,13,0
S01010741,G I. Distribution hotels and restaurants,22,8,14
S01010741,H J. Transport and communication,12,6,6
S01010741,K L M N. Financial real estate professional and administrative activities,13,6,7
S01010741,O P Q. Public administration education and health,45,14,31
S01010741,R S T U. Other,9,2,7
S01010741,Never worked,20,10,10
S01010742,All people aged 16 to 74 not in employment,182,80,102
S01010742,A B D E. Agriculture energy and water,4,3,1
S01010742,C. Manufacturing,18,12,6
S01010742,F. Construction,12,12,0
S01010742,G I. Distribution hotels and restaurants,44,20,24
S01010742,H J. Transport and communication,15,4,11
S01010742,K L M N. Financial real estate professional and administrative activities,12,3,9
S01010742,O P Q. Public administration education and health,39,5,34
S01010742,R S T U. Other,4,1,3
S01010742,Never worked,34,20,14
S01010743,All people aged 16 to 74 not in employment,219,104,115
S01010743,A B D E. Agriculture energy and water,4,3,1
S01010743,C. Manufacturing,30,20,10
S01010743,F. Construction,26,25,1
S01010743,G I. Distribution hotels and restaurants,38,12,26
S01010743,H J. Transport and communication,23,6,17
S01010743,K L M N. Financial real estate professional and administrative activities,9,2,7
S01010743,O P Q. Public administration education and health,30,6,24
S01010743,R S T U. Other,9,1,8
S01010743,Never worked,50,29,21
S01010744,All people aged 16 to 74 not in employment,281,119,162
S01010744,A B D E. Agriculture energy and water,9,8,1
S01010744,C. Manufacturing,35,18,17
S01010744,F. Construction,19,18,1
S01010744,G I. Distribution hotels and restaurants,61,26,35
S01010744,H J. Transport and communication,8,2,6
S01010744,K L M N. Financial real estate professional and administrative activities,20,9,11
S01010744,O P Q. Public administration education and health,76,15,61
S01010744,R S T U. Other,8,2,6
S01010744,Never worked,45,21,24
S01010745,All people aged 16 to 74 not in employment,181,76,105
S01010745,A B D E. Agriculture energy and water,9,7,2
S01010745,C. Manufacturing,20,12,8
S01010745,F. Construction,15,13,2
S01010745,G I. Distribution hotels and restaurants,37,19,18
S01010745,H J. Transport and communication,16,5,11
S01010745,K L M N. Financial real estate professional and administrative activities,13,5,8
S01010745,O P Q. Public administration education and health,42,7,35
S01010745,R S T U. Other,11,1,10
S01010745,Never worked,18,7,11
S01010746,All people aged 16 to 74 not in employment,265,115,150
S01010746,A B D E. Agriculture energy and water,12,9,3
S01010746,C. Manufacturing,11,8,3
S01010746,F. Construction,20,19,1
S01010746,G I. Distribution hotels and restaurants,52,23,29
S01010746,H J. Transport and communication,34,10,24
S01010746,K L M N. Financial real estate professional and administrative activities,22,12,10
S01010746,O P Q. Public administration education and health,62,11,51
S01010746,R S T U. Other,11,6,5
S01010746,Never worked,41,17,24
S01010747,All people aged 16 to 74 not in employment,244,113,131
S01010747,A B D E. Agriculture energy and water,13,12,1
S01010747,C. Manufacturing,22,11,11
S01010747,F. Construction,18,15,3
S01010747,G I. Distribution hotels and restaurants,45,22,23
S01010747,H J. Transport and communication,18,3,15
S01010747,K L M N. Financial real estate professional and administrative activities,22,10,12
S01010747,O P Q. Public administration education and health,56,13,43
S01010747,R S T U. Other,9,3,6
S01010747,Never worked,41,24,17
S01010748,All people aged 16 to 74 not in employment,184,75,109
S01010748,A B D E. Agriculture energy and water,11,8,3
S01010748,C. Manufacturing,6,3,3
S01010748,F. Construction,23,18,5
S01010748,G I. Distribution hotels and restaurants,28,13,15
S01010748,H J. Transport and communication,20,4,16
S01010748,K L M N. Financial real estate professional and administrative activities,17,6,11
S01010748,O P Q. Public administration education and health,48,9,39
S01010748,R S T U. Other,7,2,5
S01010748,Never worked,24,12,12
S01010749,All people aged 16 to 74 not in employment,173,74,99
S01010749,A B D E. Agriculture energy and water,8,5,3
S01010749,C. Manufacturing,13,12,1
S01010749,F. Construction,13,13,0
S01010749,G I. Distribution hotels and restaurants,25,7,18
S01010749,H J. Transport and communication,22,5,17
S01010749,K L M N. Financial real estate professional and administrative activities,19,12,7
S01010749,O P Q. Public administration education and health,47,10,37
S01010749,R S T U. Other,10,1,9
S01010749,Never worked,16,9,7
S01010750,All people aged 16 to 74 not in employment,201,82,119
S01010750,A B D E. Agriculture energy and water,13,12,1
S01010750,C. Manufacturing,15,8,7
S01010750,F. Construction,20,18,2
S01010750,G I. Distribution hotels and restaurants,40,18,22
S01010750,H J. Transport and communication,26,5,21
S01010750,K L M N. Financial real estate professional and administrative activities,15,3,12
S01010750,O P Q. Public administration education and health,47,10,37
S01010750,R S T U. Other,5,2,3
S01010750,Never worked,20,6,14
S01010751,All people aged 16 to 74 not in employment,253,117,136
S01010751,A B D E. Agriculture energy and water,16,16,0
S01010751,C. Manufacturing,21,12,9
S01010751,F. Construction,35,33,2
S01010751,G I. Distribution hotels and restaurants,36,8,28
S01010751,H J. Transport and communication,34,9,25
S01010751,K L M N. Financial real estate professional and administrative activities,19,9,10
S01010751,O P Q. Public administration education and health,41,5,36
S01010751,R S T U. Other,7,3,4
S01010751,Never worked,44,22,22
S01010752,All people aged 16 to 74 not in employment,210,82,128
S01010752,A B D E. Agriculture energy and water,5,3,2
S01010752,C. Manufacturing,18,13,5
S01010752,F. Construction,17,15,2
S01010752,G I. Distribution hotels and restaurants,36,10,26
S01010752,H J. Transport and communication,26,6,20
S01010752,K L M N. Financial real estate professional and administrative activities,27,11,16
S01010752,O P Q. Public administration education and health,39,10,29
S01010752,R S T U. Other,11,4,7
S01010752,Never worked,31,10,21
S01010753,All people aged 16 to 74 not in employment,316,124,192
S01010753,A B D E. Agriculture energy and water,11,8,3
S01010753,C. Manufacturing,26,14,12
S01010753,F. Construction,29,28,1
S01010753,G I. Distribution hotels and restaurants,64,23,41
S01010753,H J. Transport and communication,37,8,29
S01010753,K L M N. Financial real estate professional and administrative activities,26,10,16
S01010753,O P Q. Public administration education and health,47,5,42
S01010753,R S T U. Other,7,0,7
S01010753,Never worked,69,28,41
S01010754,All people aged 16 to 74 not in employment,183,76,107
S01010754,A B D E. Agriculture energy and water,4,2,2
S01010754,C. Manufacturing,12,5,7
S01010754,F. Construction,14,12,2
S01010754,G I. Distribution hotels and restaurants,32,15,17
S01010754,H J. Transport and communication,27,8,19
S01010754,K L M N. Financial real estate professional and administrative activities,25,13,12
S01010754,O P Q. Public administration education and health,39,11,28
S01010754,R S T U. Other,8,1,7
S01010754,Never worked,22,9,13
S01010755,All people aged 16 to 74 not in employment,152,62,90
S01010755,A B D E. Agriculture energy and water,3,3,0
S01010755,C. Manufacturing,11,9,2
S01010755,F. Construction,12,11,1
S01010755,G I. Distribution hotels and restaurants,52,16,36
S01010755,H J. Transport and communication,16,2,14
S01010755,K L M N. Financial real estate professional and administrative activities,15,8,7
S01010755,O P Q. Public administration education and health,22,4,18
S01010755,R S T U. Other,6,2,4
S01010755,Never worked,15,7,8
S01010756,All people aged 16 to 74 not in employment,145,51,94
S01010756,A B D E. Agriculture energy and water,3,2,1
S01010756,C. Manufacturing,8,7,1
S01010756,F. Construction,12,8,4
S01010756,G I. Distribution hotels and restaurants,35,15,20
S01010756,H J. Transport and communication,12,2,10
S01010756,K L M N. Financial real estate professional and administrative activities,13,5,8
S01010756,O P Q. Public administration education and health,42,7,35
S01010756,R S T U. Other,8,3,5
S01010756,Never worked,12,2,10
S01010757,All people aged 16 to 74 not in employment,220,93,127
S01010757,A B D E. Agriculture energy and water,12,7,5
S01010757,C. Manufacturing,19,9,10
S01010757,F. Construction,16,15,1
S01010757,G I. Distribution hotels and restaurants,39,18,21
S01010757,H J. Transport and communication,32,9,23
S01010757,K L M N. Financial real estate professional and administrative activities,18,8,10
S01010757,O P Q. Public administration education and health,52,15,37
S01010757,R S T U. Other,5,1,4
S01010757,Never worked,27,11,16
S01010758,All people aged 16 to 74 not in employment,210,96,114
S01010758,A B D E. Agriculture energy and water,6,4,2
S01010758,C. Manufacturing,12,8,4
S01010758,F. Construction,15,15,0
S01010758,G I. Distribution hotels and restaurants,23,9,14
S01010758,H J. Transport and communication,39,14,25
S01010758,K L M N. Financial real estate professional and administrative activities,24,13,11
S01010758,O P Q. Public administration education and health,62,19,43
S01010758,R S T U. Other,12,6,6
S01010758,Never worked,17,8,9
S01010759,All people aged 16 to 74 not in employment,148,67,81
S01010759,A B D E. Agriculture energy and water,4,3,1
S01010759,C. Manufacturing,3,3,0
S01010759,F. Construction,7,7,0
S01010759,G I. Distribution hotels and restaurants,24,15,9
S01010759,H J. Transport and communication,26,9,17
S01010759,K L M N. Financial real estate professional and administrative activities,13,5,8
S01010759,O P Q. Public administration education and health,36,8,28
S01010759,R S T U. Other,9,5,4
S01010759,Never worked,26,12,14
S01010760,All people aged 16 to 74 not in employment,174,68,106
S01010760,A B D E. Agriculture energy and water,5,3,2
S01010760,C. Manufacturing,10,4,6
S01010760,F. Construction,10,8,2
S01010760,G I. Distribution hotels and restaurants,22,6,16
S01010760,H J. Transport and communication,26,9,17
S01010760,K L M N. Financial real estate professional and administrative activities,22,9,13
S01010760,O P Q. Public administration education and health,59,21,38
S01010760,R S T U. Other,7,3,4
S01010760,Never worked,13,5,8
S01010761,All people aged 16 to 74 not in employment,130,55,75
S01010761,A B D E. Agriculture energy and water,13,10,3
S01010761,C. Manufacturing,8,6,2
S01010761,F. Construction,10,10,0
S01010761,G I. Distribution hotels and restaurants,15,6,9
S01010761,H J. Transport and communication,16,3,13
S01010761,K L M N. Financial real estate professional and administrative activities,7,3,4
S01010761,O P Q. Public administration education and health,42,8,34
S01010761,R S T U. Other,7,4,3
S01010761,Never worked,12,5,7
S01010762,All people aged 16 to 74 not in employment,164,67,97
S01010762,A B D E. Agriculture energy and water,9,7,2
S01010762,C. Manufacturing,9,3,6
S01010762,F. Construction,15,15,0
S01010762,G I. Distribution hotels and restaurants,26,8,18
S01010762,H J. Transport and communication,16,4,12
S01010762,K L M N. Financial real estate professional and administrative activities,21,6,15
S01010762,O P Q. Public administration education and health,41,14,27
S01010762,R S T U. Other,7,2,5
S01010762,Never worked,20,8,12
S01010763,All people aged 16 to 74 not in employment,168,66,102
S01010763,A B D E. Agriculture energy and water,11,9,2
S01010763,C. Manufacturing,9,4,5
S01010763,F. Construction,13,12,1
S01010763,G I. Distribution hotels and restaurants,21,6,15
S01010763,H J. Transport and communication,25,2,23
S01010763,K L M N. Financial real estate professional and administrative activities,10,6,4
S01010763,O P Q. Public administration education and health,49,14,35
S01010763,R S T U. Other,6,3,3
S01010763,Never worked,24,10,14
S01010764,All people aged 16 to 74 not in employment,164,66,98
S01010764,A B D E. Agriculture energy and water,10,9,1
S01010764,C. Manufacturing,16,10,6
S01010764,F. Construction,9,9,0
S01010764,G I. Distribution hotels and restaurants,21,7,14
S01010764,H J. Transport and communication,11,3,8
S01010764,K L M N. Financial real estate professional and administrative activities,19,6,13
S01010764,O P Q. Public administration education and health,58,13,45
S01010764,R S T U. Other,7,4,3
S01010764,Never worked,13,5,8
S01010765,All people aged 16 to 74 not in employment,294,138,156
S01010765,A B D E. Agriculture energy and water,15,12,3
S01010765,C. Manufacturing,22,14,8
S01010765,F. Construction,16,15,1
S01010765,G I. Distribution hotels and restaurants,58,32,26
S01010765,H J. Transport and communication,43,8,35
S01010765,K L M N. Financial real estate professional and administrative activities,32,14,18
S01010765,O P Q. Public administration education and health,64,24,40
S01010765,R S T U. Other,15,6,9
S01010765,Never worked,29,13,16
S01010766,All people aged 16 to 74 not in employment,246,113,133
S01010766,A B D E. Agriculture energy and water,6,6,0
S01010766,C. Manufacturing,8,7,1
S01010766,F. Construction,22,19,3
S01010766,G I. Distribution hotels and restaurants,46,18,28
S01010766,H J. Transport and communication,33,12,21
S01010766,K L M N. Financial real estate professional and administrative activities,26,11,15
S01010766,O P Q. Public administration education and health,75,24,51
S01010766,R S T U. Other,10,5,5
S01010766,Never worked,20,11,9
S01010767,All people aged 16 to 74 not in employment,220,102,118
S01010767,A B D E. Agriculture energy and water,8,6,2
S01010767,C. Manufacturing,26,12,14
S01010767,F. Construction,27,24,3
S01010767,G I. Distribution hotels and restaurants,36,14,22
S01010767,H J. Transport and communication,29,6,23
S01010767,K L M N. Financial real estate professional and administrative activities,20,8,12
S01010767,O P Q. Public administration education and health,42,13,29
S01010767,R S T U. Other,4,4,0
S01010767,Never worked,28,15,13
S01010768,All people aged 16 to 74 not in employment,178,79,99
S01010768,A B D E. Agriculture energy and water,3,3,0
S01010768,C. Manufacturing,30,15,15
S01010768,F. Construction,17,14,3
S01010768,G I. Distribution hotels and restaurants,27,10,17
S01010768,H J. Transport and communication,18,6,12
S01010768,K L M N. Financial real estate professional and administrative activities,10,7,3
S01010768,O P Q. Public administration education and health,39,11,28
S01010768,R S T U. Other,9,4,5
S01010768,Never worked,25,9,16
S01010769,All people aged 16 to 74 not in employment,157,69,88
S01010769,A B D E. Agriculture energy and water,8,7,1
S01010769,C. Manufacturing,10,5,5
S01010769,F. Construction,15,14,1
S01010769,G I. Distribution hotels and restaurants,27,12,15
S01010769,H J. Transport and communication,10,4,6
S01010769,K L M N. Financial real estate professional and administrative activities,17,5,12
S01010769,O P Q. Public administration education and health,55,15,40
S01010769,R S T U. Other,2,1,1
S01010769,Never worked,13,6,7
S01010770,All people aged 16 to 74 not in employment,218,99,119
S01010770,A B D E. Agriculture energy and water,7,6,1
S01010770,C. Manufacturing,10,7,3
S01010770,F. Construction,28,24,4
S01010770,G I. Distribution hotels and restaurants,34,13,21
S01010770,H J. Transport and communication,35,11,24
S01010770,K L M N. Financial real estate professional and administrative activities,19,5,14
S01010770,O P Q. Public administration education and health,41,10,31
S01010770,R S T U. Other,8,2,6
S01010770,Never worked,36,21,15
S01010771,All people aged 16 to 74 not in employment,284,131,153
S01010771,A B D E. Agriculture energy and water,20,18,2
S01010771,C. Manufacturing,19,8,11
S01010771,F. Construction,27,25,2
S01010771,G I. Distribution hotels and restaurants,54,24,30
S01010771,H J. Transport and communication,33,9,24
S01010771,K L M N. Financial real estate professional and administrative activities,26,11,15
S01010771,O P Q. Public administration education and health,66,20,46
S01010771,R S T U. Other,14,7,7
S01010771,Never worked,25,9,16
S01010772,All people aged 16 to 74 not in employment,284,124,160
S01010772,A B D E. Agriculture energy and water,14,9,5
S01010772,C. Manufacturing,24,14,10
S01010772,F. Construction,23,21,2
S01010772,G I. Distribution hotels and restaurants,47,28,19
S01010772,H J. Transport and communication,23,3,20
S01010772,K L M N. Financial real estate professional and administrative activities,31,16,15
S01010772,O P Q. Public administration education and health,63,15,48
S01010772,R S T U. Other,13,1,12
S01010772,Never worked,46,17,29
S01010773,All people aged 16 to 74 not in employment,223,105,118
S01010773,A B D E. Agriculture energy and water,15,14,1
S01010773,C. Manufacturing,19,7,12
S01010773,F. Construction,25,23,2
S01010773,G I. Distribution hotels and restaurants,38,14,24
S01010773,H J. Transport and communication,12,4,8
S01010773,K L M N. Financial real estate professional and administrative activities,32,13,19
S01010773,O P Q. Public administration education and health,62,20,42
S01010773,R S T U. Other,2,2,0
S01010773,Never worked,18,8,10
S01010774,All people aged 16 to 74 not in employment,215,96,119
S01010774,A B D E. Agriculture energy and water,8,8,0
S01010774,C. Manufacturing,15,7,8
S01010774,F. Construction,16,14,2
S01010774,G I. Distribution hotels and restaurants,35,19,16
S01010774,H J. Transport and communication,30,11,19
S01010774,K L M N. Financial real estate professional and administrative activities,21,12,9
S01010774,O P Q. Public administration education and health,51,7,44
S01010774,R S T U. Other,7,0,7
S01010774,Never worked,32,18,14
S01010775,All people aged 16 to 74 not in employment,117,53,64
S01010775,A B D E. Agriculture energy and water,9,6,3
S01010775,C. Manufacturing,8,6,2
S01010775,F. Construction,7,5,2
S01010775,G I. Distribution hotels and restaurants,25,11,14
S01010775,H J. Transport and communication,6,2,4
S01010775,K L M N. Financial real estate professional and administrative activities,5,4,1
S01010775,O P Q. Public administration education and health,36,9,27
S01010775,R S T U. Other,6,3,3
S01010775,Never worked,15,7,8
S01010776,All people aged 16 to 74 not in employment,143,67,76
S01010776,A B D E. Agriculture energy and water,4,4,0
S01010776,C. Manufacturing,12,7,5
S01010776,F. Construction,7,7,0
S01010776,G I. Distribution hotels and restaurants,33,13,20
S01010776,H J. Transport and communication,10,6,4
S01010776,K L M N. Financial real estate professional and administrative activities,11,7,4
S01010776,O P Q. Public administration education and health,41,11,30
S01010776,R S T U. Other,5,3,2
S01010776,Never worked,20,9,11
S01010777,All people aged 16 to 74 not in employment,153,72,81
S01010777,A B D E. Agriculture energy and water,10,10,0
S01010777,C. Manufacturing,13,5,8
S01010777,F. Construction,14,13,1
S01010777,G I. Distribution hotels and restaurants,24,7,17
S01010777,H J. Transport and communication,23,8,15
S01010777,K L M N. Financial real estate professional and administrative activities,11,6,5
S01010777,O P Q. Public administration education and health,28,9,19
S01010777,R S T U. Other,6,2,4
S01010777,Never worked,24,12,12
S01010778,All people aged 16 to 74 not in employment,163,65,98
S01010778,A B D E. Agriculture energy and water,6,5,1
S01010778,C. Manufacturing,12,5,7
S01010778,F. Construction,16,14,2
S01010778,G I. Distribution hotels and restaurants,25,6,19
S01010778,H J. Transport and communication,21,9,12
S01010778,K L M N. Financial real estate professional and administrative activities,11,4,7
S01010778,O P Q. Public administration education and health,25,5,20
S01010778,R S T U. Other,1,0,1
S01010778,Never worked,46,17,29
S01010779,All people aged 16 to 74 not in employment,260,115,145
S01010779,A B D E. Agriculture energy and water,20,15,5
S01010779,C. Manufacturing,10,6,4
S01010779,F. Construction,15,14,1
S01010779,G I. Distribution hotels and restaurants,51,22,29
S01010779,H J. Transport and communication,23,6,17
S01010779,K L M N. Financial real estate professional and administrative activities,14,10,4
S01010779,O P Q. Public administration education and health,55,13,42
S01010779,R S T U. Other,10,1,9
S01010779,Never worked,62,28,34
S01010780,All people aged 16 to 74 not in employment,147,61,86
S01010780,A B D E. Agriculture energy and water,8,7,1
S01010780,C. Manufacturing,8,3,5
S01010780,F. Construction,12,12,0
S01010780,G I. Distribution hotels and restaurants,24,9,15
S01010780,H J. Transport and communication,21,3,18
S01010780,K L M N. Financial real estate professional and administrative activities,15,7,8
S01010780,O P Q. Public administration education and health,37,7,30
S01010780,R S T U. Other,3,1,2
S01010780,Never worked,19,12,7
S01010781,All people aged 16 to 74 not in employment,191,81,110
S01010781,A B D E. Agriculture energy and water,6,5,1
S01010781,C. Manufacturing,13,7,6
S01010781,F. Construction,10,7,3
S01010781,G I. Distribution hotels and restaurants,40,16,24
S01010781,H J. Transport and communication,22,11,11
S01010781,K L M N. Financial real estate professional and administrative activities,12,8,4
S01010781,O P Q. Public administration education and health,53,13,40
S01010781,R S T U. Other,8,2,6
S01010781,Never worked,27,12,15
S01010782,All people aged 16 to 74 not in employment,194,77,117
S01010782,A B D E. Agriculture energy and water,12,10,2
S01010782,C. Manufacturing,11,5,6
S01010782,F. Construction,9,6,3
S01010782,G I. Distribution hotels and restaurants,47,13,34
S01010782,H J. Transport and communication,17,6,11
S01010782,K L M N. Financial real estate professional and administrative activities,14,7,7
S01010782,O P Q. Public administration education and health,42,11,31
S01010782,R S T U. Other,7,1,6
S01010782,Never worked,35,18,17
S01010783,All people aged 16 to 74 not in employment,178,68,110
S01010783,A B D E. Agriculture energy and water,12,11,1
S01010783,C. Manufacturing,8,4,4
S01010783,F. Construction,17,15,2
S01010783,G I. Distribution hotels and restaurants,32,10,22
S01010783,H J. Transport and communication,25,5,20
S01010783,K L M N. Financial real estate professional and administrative activities,10,3,7
S01010783,O P Q. Public administration education and health,34,7,27
S01010783,R S T U. Other,6,2,4
S01010783,Never worked,34,11,23
S01010784,All people aged 16 to 74 not in employment,210,99,111
S01010784,A B D E. Agriculture energy and water,10,9,1
S01010784,C. Manufacturing,17,10,7
S01010784,F. Construction,21,19,2
S01010784,G I. Distribution hotels and restaurants,44,18,26
S01010784,H J. Transport and communication,16,4,12
S01010784,K L M N. Financial real estate professional and administrative activities,15,4,11
S01010784,O P Q. Public administration education and health,36,7,29
S01010784,R S T U. Other,3,1,2
S01010784,Never worked,48,27,21
S01010785,All people aged 16 to 74 not in employment,173,70,103
S01010785,A B D E. Agriculture energy and water,8,3,5
S01010785,C. Manufacturing,10,4,6
S01010785,F. Construction,9,8,1
S01010785,G I. Distribution hotels and restaurants,37,13,24
S01010785,H J. Transport and communication,18,10,8
S01010785,K L M N. Financial real estate professional and administrative activities,13,8,5
S01010785,O P Q. Public administration education and health,56,15,41
S01010785,R S T U. Other,6,1,5
S01010785,Never worked,16,8,8
S01010786,All people aged 16 to 74 not in employment,138,61,77
S01010786,A B D E. Agriculture energy and water,10,10,0
S01010786,C. Manufacturing,6,3,3
S01010786,F. Construction,6,5,1
S01010786,G I. Distribution hotels and restaurants,21,8,13
S01010786,H J. Transport and communication,16,6,10
S01010786,K L M N. Financial real estate professional and administrative activities,13,9,4
S01010786,O P Q. Public administration education and health,30,4,26
S01010786,R S T U. Other,6,2,4
S01010786,Never worked,30,14,16
S01010787,All people aged 16 to 74 not in employment,209,83,126
S01010787,A B D E. Agriculture energy and water,13,11,2
S01010787,C. Manufacturing,10,2,8
S01010787,F. Construction,17,15,2
S01010787,G I. Distribution hotels and restaurants,41,13,28
S01010787,H J. Transport and communication,17,5,12
S01010787,K L M N. Financial real estate professional and administrative activities,24,12,12
S01010787,O P Q. Public administration education and health,57,11,46
S01010787,R S T U. Other,5,2,3
S01010787,Never worked,25,12,13
S01010788,All people aged 16 to 74 not in employment,116,55,61
S01010788,A B D E. Agriculture energy and water,9,8,1
S01010788,C. Manufacturing,3,3,0
S01010788,F. Construction,9,8,1
S01010788,G I. Distribution hotels and restaurants,23,6,17
S01010788,H J. Transport and communication,11,6,5
S01010788,K L M N. Financial real estate professional and administrative activities,13,5,8
S01010788,O P Q. Public administration education and health,27,7,20
S01010788,R S T U. Other,0,0,0
S01010788,Never worked,21,12,9
S01010789,All people aged 16 to 74 not in employment,199,85,114
S01010789,A B D E. Agriculture energy and water,13,12,1
S01010789,C. Manufacturing,8,5,3
S01010789,F. Construction,13,12,1
S01010789,G I. Distribution hotels and restaurants,45,23,22
S01010789,H J. Transport and communication,24,4,20
S01010789,K L M N. Financial real estate professional and administrative activities,17,9,8
S01010789,O P Q. Public administration education and health,50,6,44
S01010789,R S T U. Other,6,2,4
S01010789,Never worked,23,12,11
S01010790,All people aged 16 to 74 not in employment,176,75,101
S01010790,A B D E. Agriculture energy and water,7,5,2
S01010790,C. Manufacturing,15,11,4
S01010790,F. Construction,11,11,0
S01010790,G I. Distribution hotels and restaurants,38,16,22
S01010790,H J. Transport and communication,32,10,22
S01010790,K L M N. Financial real estate professional and administrative activities,8,1,7
S01010790,O P Q. Public administration education and health,35,9,26
S01010790,R S T U. Other,5,1,4
S01010790,Never worked,25,11,14
S01010791,All people aged 16 to 74 not in employment,248,104,144
S01010791,A B D E. Agriculture energy and water,14,10,4
S01010791,C. Manufacturing,18,10,8
S01010791,F. Construction,20,16,4
S01010791,G I. Distribution hotels and restaurants,45,19,26
S01010791,H J. Transport and communication,25,8,17
S01010791,K L M N. Financial real estate professional and administrative activities,22,9,13
S01010791,O P Q. Public administration education and health,69,22,47
S01010791,R S T U. Other,8,3,5
S01010791,Never worked,27,7,20
S01010792,All people aged 16 to 74 not in employment,169,68,101
S01010792,A B D E. Agriculture energy and water,10,10,0
S01010792,C. Manufacturing,28,10,18
S01010792,F. Construction,11,10,1
S01010792,G I. Distribution hotels and restaurants,38,10,28
S01010792,H J. Transport and communication,13,3,10
S01010792,K L M N. Financial real estate professional and administrative activities,11,6,5
S01010792,O P Q. Public administration education and health,34,10,24
S01010792,R S T U. Other,1,0,1
S01010792,Never worked,23,9,14
S01010793,All people aged 16 to 74 not in employment,148,59,89
S01010793,A B D E. Agriculture energy and water,8,5,3
S01010793,C. Manufacturing,10,6,4
S01010793,F. Construction,13,12,1
S01010793,G I. Distribution hotels and restaurants,33,8,25
S01010793,H J. Transport and communication,8,2,6
S01010793,K L M N. Financial real estate professional and administrative activities,20,11,9
S01010793,O P Q. Public administration education and health,33,9,24
S01010793,R S T U. Other,3,1,2
S01010793,Never worked,20,5,15
S01010794,All people aged 16 to 74 not in employment,129,42,87
S01010794,A B D E. Agriculture energy and water,10,7,3
S01010794,C. Manufacturing,6,3,3
S01010794,F. Construction,9,5,4
S01010794,G I. Distribution hotels and restaurants,20,6,14
S01010794,H J. Transport and communication,20,1,19
S01010794,K L M N. Financial real estate professional and administrative activities,12,4,8
S01010794,O P Q. Public administration education and health,33,8,25
S01010794,R S T U. Other,3,2,1
S01010794,Never worked,16,6,10
S01010795,All people aged 16 to 74 not in employment,284,122,162
S01010795,A B D E. Agriculture energy and water,24,19,5
S01010795,C. Manufacturing,16,9,7
S01010795,F. Construction,15,15,0
S01010795,G I. Distribution hotels and restaurants,53,22,31
S01010795,H J. Transport and communication,31,8,23
S01010795,K L M N. Financial real estate professional and administrative activities,24,9,15
S01010795,O P Q. Public administration education and health,79,22,57
S01010795,R S T U. Other,12,2,10
S01010795,Never worked,30,16,14
S01010796,All people aged 16 to 74 not in employment,186,84,102
S01010796,A B D E. Agriculture energy and water,22,15,7
S01010796,C. Manufacturing,13,3,10
S01010796,F. Construction,12,12,0
S01010796,G I. Distribution hotels and restaurants,29,18,11
S01010796,H J. Transport and communication,14,5,9
S01010796,K L M N. Financial real estate professional and administrative activities,13,4,9
S01010796,O P Q. Public administration education and health,59,20,39
S01010796,R S T U. Other,4,1,3
S01010796,Never worked,20,6,14
S01010797,All people aged 16 to 74 not in employment,152,54,98
S01010797,A B D E. Agriculture energy and water,8,5,3
S01010797,C. Manufacturing,8,7,1
S01010797,F. Construction,12,10,2
S01010797,G I. Distribution hotels and restaurants,34,12,22
S01010797,H J. Transport and communication,16,5,11
S01010797,K L M N. Financial real estate professional and administrative activities,17,2,15
S01010797,O P Q. Public administration education and health,35,6,29
S01010797,R S T U. Other,4,0,4
S01010797,Never worked,18,7,11
S01010798,All people aged 16 to 74 not in employment,169,75,94
S01010798,A B D E. Agriculture energy and water,13,10,3
S01010798,C. Manufacturing,8,4,4
S01010798,F. Construction,12,11,1
S01010798,G I. Distribution hotels and restaurants,29,16,13
S01010798,H J. Transport and communication,14,2,12
S01010798,K L M N. Financial real estate professional and administrative activities,20,9,11
S01010798,O P Q. Public administration education and health,46,11,35
S01010798,R S T U. Other,11,5,6
S01010798,Never worked,16,7,9
S01010799,All people aged 16 to 74 not in employment,260,115,145
S01010799,A B D E. Agriculture energy and water,22,15,7
S01010799,C. Manufacturing,15,6,9
S01010799,F. Construction,14,14,0
S01010799,G I. Distribution hotels and restaurants,44,23,21
S01010799,H J. Transport and communication,37,11,26
S01010799,K L M N. Financial real estate professional and administrative activities,19,7,12
S01010799,O P Q. Public administration education and health,70,20,50
S01010799,R S T U. Other,11,4,7
S01010799,Never worked,28,15,13
S01010800,All people aged 16 to 74 not in employment,179,71,108
S01010800,A B D E. Agriculture energy and water,5,3,2
S01010800,C. Manufacturing,12,7,5
S01010800,F. Construction,20,19,1
S01010800,G I. Distribution hotels and restaurants,27,11,16
S01010800,H J. Transport and communication,23,2,21
S01010800,K L M N. Financial real estate professional and administrative activities,20,7,13
S01010800,O P Q. Public administration education and health,44,11,33
S01010800,R S T U. Other,3,1,2
S01010800,Never worked,25,10,15
S01010801,All people aged 16 to 74 not in employment,199,96,103
S01010801,A B D E. Agriculture energy and water,16,14,2
S01010801,C. Manufacturing,11,9,2
S01010801,F. Construction,20,20,0
S01010801,G I. Distribution hotels and restaurants,40,16,24
S01010801,H J. Transport and communication,19,2,17
S01010801,K L M N. Financial real estate professional and administrative activities,14,7,7
S01010801,O P Q. Public administration education and health,43,9,34
S01010801,R S T U. Other,8,3,5
S01010801,Never worked,28,16,12
S01010802,All people aged 16 to 74 not in employment,126,58,68
S01010802,A B D E. Agriculture energy and water,9,7,2
S01010802,C. Manufacturing,4,3,1
S01010802,F. Construction,7,6,1
S01010802,G I. Distribution hotels and restaurants,16,6,10
S01010802,H J. Transport and communication,20,8,12
S01010802,K L M N. Financial real estate professional and administrative activities,10,5,5
S01010802,O P Q. Public administration education and health,41,14,27
S01010802,R S T U. Other,2,0,2
S01010802,Never worked,17,9,8
S01010803,All people aged 16 to 74 not in employment,175,83,92
S01010803,A B D E. Agriculture energy and water,12,10,2
S01010803,C. Manufacturing,14,11,3
S01010803,F. Construction,9,9,0
S01010803,G I. Distribution hotels and restaurants,33,12,21
S01010803,H J. Transport and communication,17,6,11
S01010803,K L M N. Financial real estate professional and administrative activities,11,6,5
S01010803,O P Q. Public administration education and health,37,11,26
S01010803,R S T U. Other,9,1,8
S01010803,Never worked,33,17,16
S01010804,All people aged 16 to 74 not in employment,147,70,77
S01010804,A B D E. Agriculture energy and water,8,5,3
S01010804,C. Manufacturing,4,1,3
S01010804,F. Construction,16,12,4
S01010804,G I. Distribution hotels and restaurants,23,8,15
S01010804,H J. Transport and communication,16,2,14
S01010804,K L M N. Financial real estate professional and administrative activities,14,8,6
S01010804,O P Q. Public administration education and health,40,19,21
S01010804,R S T U. Other,1,1,0
S01010804,Never worked,25,14,11
S01010805,All people aged 16 to 74 not in employment,220,99,121
S01010805,A B D E. Agriculture energy and water,12,8,4
S01010805,C. Manufacturing,5,4,1
S01010805,F. Construction,12,12,0
S01010805,G I. Distribution hotels and restaurants,41,14,27
S01010805,H J. Transport and communication,25,4,21
S01010805,K L M N. Financial real estate professional and administrative activities,30,15,15
S01010805,O P Q. Public administration education and health,59,20,39
S01010805,R S T U. Other,9,2,7
S01010805,Never worked,27,20,7
S01010806,All people aged 16 to 74 not in employment,285,130,155
S01010806,A B D E. Agriculture energy and water,10,10,0
S01010806,C. Manufacturing,14,8,6
S01010806,F. Construction,16,15,1
S01010806,G I. Distribution hotels and restaurants,47,18,29
S01010806,H J. Transport and communication,34,11,23
S01010806,K L M N. Financial real estate professional and administrative activities,28,14,14
S01010806,O P Q. Public administration education and health,62,20,42
S01010806,R S T U. Other,12,5,7
S01010806,Never worked,62,29,33
S01010807,All people aged 16 to 74 not in employment,132,53,79
S01010807,A B D E. Agriculture energy and water,12,9,3
S01010807,C. Manufacturing,13,9,4
S01010807,F. Construction,4,3,1
S01010807,G I. Distribution hotels and restaurants,28,5,23
S01010807,H J. Transport and communication,10,1,9
S01010807,K L M N. Financial real estate professional and administrative activities,14,9,5
S01010807,O P Q. Public administration education and health,31,11,20
S01010807,R S T U. Other,4,1,3
S01010807,Never worked,16,5,11
S01010808,All people aged 16 to 74 not in employment,128,52,76
S01010808,A B D E. Agriculture energy and water,7,4,3
S01010808,C. Manufacturing,9,4,5
S01010808,F. Construction,1,1,0
S01010808,G I. Distribution hotels and restaurants,13,4,9
S01010808,H J. Transport and communication,14,3,11
S01010808,K L M N. Financial real estate professional and administrative activities,14,9,5
S01010808,O P Q. Public administration education and health,44,18,26
S01010808,R S T U. Other,5,0,5
S01010808,Never worked,21,9,12
S01010809,All people aged 16 to 74 not in employment,174,71,103
S01010809,A B D E. Agriculture energy and water,10,8,2
S01010809,C. Manufacturing,11,6,5
S01010809,F. Construction,13,9,4
S01010809,G I. Distribution hotels and restaurants,33,9,24
S01010809,H J. Transport and communication,24,8,16
S01010809,K L M N. Financial real estate professional and administrative activities,21,11,10
S01010809,O P Q. Public administration education and health,39,12,27
S01010809,R S T U. Other,2,0,2
S01010809,Never worked,21,8,13
S01010810,All people aged 16 to 74 not in employment,172,74,98
S01010810,A B D E. Agriculture energy and water,17,13,4
S01010810,C. Manufacturing,11,7,4
S01010810,F. Construction,22,22,0
S01010810,G I. Distribution hotels and restaurants,23,9,14
S01010810,H J. Transport and communication,20,3,17
S01010810,K L M N. Financial real estate professional and administrative activities,9,2,7
S01010810,O P Q. Public administration education and health,44,10,34
S01010810,R S T U. Other,4,0,4
S01010810,Never worked,22,8,14
S01010811,All people aged 16 to 74 not in employment,227,104,123
S01010811,A B D E. Agriculture energy and water,14,12,2
S01010811,C. Manufacturing,8,5,3
S01010811,F. Construction,18,17,1
S01010811,G I. Distribution hotels and restaurants,31,14,17
S01010811,H J. Transport and communication,34,9,25
S01010811,K L M N. Financial real estate professional and administrative activities,23,9,14
S01010811,O P Q. Public administration education and health,66,22,44
S01010811,R S T U. Other,12,6,6
S01010811,Never worked,21,10,11
S01010812,All people aged 16 to 74 not in employment,137,68,69
S01010812,A B D E. Agriculture energy and water,8,8,0
S01010812,C. Manufacturing,5,4,1
S01010812,F. Construction,7,7,0
S01010812,G I. Distribution hotels and restaurants,22,13,9
S01010812,H J. Transport and communication,29,6,23
S01010812,K L M N. Financial real estate professional and administrative activities,13,9,4
S01010812,O P Q. Public administration education and health,25,6,19
S01010812,R S T U. Other,9,4,5
S01010812,Never worked,19,11,8
S01010813,All people aged 16 to 74 not in employment,153,76,77
S01010813,A B D E. Agriculture energy and water,9,9,0
S01010813,C. Manufacturing,9,7,2
S01010813,F. Construction,11,10,1
S01010813,G I. Distribution hotels and restaurants,30,21,9
S01010813,H J. Transport and communication,26,6,20
S01010813,K L M N. Financial real estate professional and administrative activities,15,5,10
S01010813,O P Q. Public administration education and health,36,8,28
S01010813,R S T U. Other,8,4,4
S01010813,Never worked,9,6,3
S01010814,All people aged 16 to 74 not in employment,165,70,95
S01010814,A B D E. Agriculture energy and water,10,8,2
S01010814,C. Manufacturing,6,4,2
S01010814,F. Construction,8,8,0
S01010814,G I. Distribution hotels and restaurants,23,10,13
S01010814,H J. Transport and communication,22,9,13
S01010814,K L M N. Financial real estate professional and administrative activities,17,6,11
S01010814,O P Q. Public administration education and health,52,13,39
S01010814,R S T U. Other,11,5,6
S01010814,Never worked,16,7,9
S01010815,All people aged 16 to 74 not in employment,101,47,54
S01010815,A B D E. Agriculture energy and water,6,5,1
S01010815,C. Manufacturing,6,5,1
S01010815,F. Construction,8,8,0
S01010815,G I. Distribution hotels and restaurants,20,8,12
S01010815,H J. Transport and communication,14,5,9
S01010815,K L M N. Financial real estate professional and administrative activities,13,5,8
S01010815,O P Q. Public administration education and health,22,6,16
S01010815,R S T U. Other,0,0,0
S01010815,Never worked,12,5,7
S01010816,All people aged 16 to 74 not in employment,171,65,106
S01010816,A B D E. Agriculture energy and water,4,3,1
S01010816,C. Manufacturing,16,11,5
S01010816,F. Construction,6,4,2
S01010816,G I. Distribution hotels and restaurants,18,8,10
S01010816,H J. Transport and communication,10,4,6
S01010816,K L M N. Financial real estate professional and administrative activities,30,7,23
S01010816,O P Q. Public administration education and health,52,10,42
S01010816,R S T U. Other,5,2,3
S01010816,Never worked,30,16,14
S01010817,All people aged 16 to 74 not in employment,248,101,147
S01010817,A B D E. Agriculture energy and water,2,1,1
S01010817,C. Manufacturing,30,19,11
S01010817,F. Construction,9,5,4
S01010817,G I. Distribution hotels and restaurants,36,10,26
S01010817,H J. Transport and communication,23,15,8
S01010817,K L M N. Financial real estate professional and administrative activities,34,13,21
S01010817,O P Q. Public administration education and health,67,16,51
S01010817,R S T U. Other,4,1,3
S01010817,Never worked,43,21,22
S01010818,All people aged 16 to 74 not in employment,239,89,150
S01010818,A B D E. Agriculture energy and water,4,2,2
S01010818,C. Manufacturing,21,9,12
S01010818,F. Construction,10,7,3
S01010818,G I. Distribution hotels and restaurants,41,15,26
S01010818,H J. Transport and communication,16,9,7
S01010818,K L M N. Financial real estate professional and administrative activities,32,13,19
S01010818,O P Q. Public administration education and health,78,13,65
S01010818,R S T U. Other,9,5,4
S01010818,Never worked,28,16,12
S01010819,All people aged 16 to 74 not in employment,223,97,126
S01010819,A B D E. Agriculture energy and water,7,5,2
S01010819,C. Manufacturing,24,16,8
S01010819,F. Construction,12,10,2
S01010819,G I. Distribution hotels and restaurants,37,12,25
S01010819,H J. Transport and communication,16,6,10
S01010819,K L M N. Financial real estate professional and administrative activities,29,17,12
S01010819,O P Q. Public administration education and health,63,15,48
S01010819,R S T U. Other,12,4,8
S01010819,Never worked,23,12,11
S01010820,All people aged 16 to 74 not in employment,136,68,68
S01010820,A B D E. Agriculture energy and water,4,3,1
S01010820,C. Manufacturing,13,7,6
S01010820,F. Construction,8,7,1
S01010820,G I. Distribution hotels and restaurants,16,11,5
S01010820,H J. Transport and communication,7,4,3
S01010820,K L M N. Financial real estate professional and administrative activities,25,11,14
S01010820,O P Q. Public administration education and health,37,12,25
S01010820,R S T U. Other,6,2,4
S01010820,Never worked,20,11,9
S01010821,All people aged 16 to 74 not in employment,180,75,105
S01010821,A B D E. Agriculture energy and water,5,3,2
S01010821,C. Manufacturing,13,8,5
S01010821,F. Construction,14,11,3
S01010821,G I. Distribution hotels and restaurants,16,7,9
S01010821,H J. Transport and communication,14,6,8
S01010821,K L M N. Financial real estate professional and administrative activities,27,13,14
S01010821,O P Q. Public administration education and health,66,17,49
S01010821,R S T U. Other,7,3,4
S01010821,Never worked,18,7,11
S01010822,All people aged 16 to 74 not in employment,217,96,121
S01010822,A B D E. Agriculture energy and water,4,3,1
S01010822,C. Manufacturing,9,5,4
S01010822,F. Construction,6,3,3
S01010822,G I. Distribution hotels and restaurants,26,11,15
S01010822,H J. Transport and communication,16,10,6
S01010822,K L M N. Financial real estate professional and administrative activities,29,9,20
S01010822,O P Q. Public administration education and health,43,11,32
S01010822,R S T U. Other,5,1,4
S01010822,Never worked,79,43,36
S01010823,All people aged 16 to 74 not in employment,110,58,52
S01010823,A B D E. Agriculture energy and water,1,1,0
S01010823,C. Manufacturing,17,11,6
S01010823,F. Construction,4,3,1
S01010823,G I. Distribution hotels and restaurants,28,18,10
S01010823,H J. Transport and communication,6,3,3
S01010823,K L M N. Financial real estate professional and administrative activities,11,4,7
S01010823,O P Q. Public administration education and health,13,2,11
S01010823,R S T U. Other,2,1,1
S01010823,Never worked,28,15,13
S01010824,All people aged 16 to 74 not in employment,121,52,69
S01010824,A B D E. Agriculture energy and water,0,0,0
S01010824,C. Manufacturing,12,11,1
S01010824,F. Construction,9,7,2
S01010824,G I. Distribution hotels and restaurants,22,6,16
S01010824,H J. Transport and communication,8,3,5
S01010824,K L M N. Financial real estate professional and administrative activities,15,4,11
S01010824,O P Q. Public administration education and health,27,9,18
S01010824,R S T U. Other,1,0,1
S01010824,Never worked,27,12,15
S01010825,All people aged 16 to 74 not in employment,54,20,34
S01010825,A B D E. Agriculture energy and water,0,0,0
S01010825,C. Manufacturing,3,2,1
S01010825,F. Construction,3,2,1
S01010825,G I. Distribution hotels and restaurants,11,3,8
S01010825,H J. Transport and communication,5,1,4
S01010825,K L M N. Financial real estate professional and administrative activities,5,1,4
S01010825,O P Q. Public administration education and health,18,6,12
S01010825,R S T U. Other,1,1,0
S01010825,Never worked,8,4,4
S01010826,All people aged 16 to 74 not in employment,231,96,135
S01010826,A B D E. Agriculture energy and water,8,7,1
S01010826,C. Manufacturing,35,19,16
S01010826,F. Construction,6,4,2
S01010826,G I. Distribution hotels and restaurants,34,16,18
S01010826,H J. Transport and communication,17,9,8
S01010826,K L M N. Financial real estate professional and administrative activities,19,7,12
S01010826,O P Q. Public administration education and health,66,13,53
S01010826,R S T U. Other,9,4,5
S01010826,Never worked,37,17,20
S01010827,All people aged 16 to 74 not in employment,133,64,69
S01010827,A B D E. Agriculture energy and water,2,2,0
S01010827,C. Manufacturing,18,13,5
S01010827,F. Construction,3,2,1
S01010827,G I. Distribution hotels and restaurants,18,12,6
S01010827,H J. Transport and communication,17,9,8
S01010827,K L M N. Financial real estate professional and administrative activities,14,7,7
S01010827,O P Q. Public administration education and health,36,10,26
S01010827,R S T U. Other,4,2,2
S01010827,Never worked,21,7,14
S01010828,All people aged 16 to 74 not in employment,229,91,138
S01010828,A B D E. Agriculture energy and water,8,8,0
S01010828,C. Manufacturing,22,12,10
S01010828,F. Construction,6,4,2
S01010828,G I. Distribution hotels and restaurants,34,13,21
S01010828,H J. Transport and communication,18,9,9
S01010828,K L M N. Financial real estate professional and administrative activities,27,6,21
S01010828,O P Q. Public administration education and health,52,13,39
S01010828,R S T U. Other,10,3,7
S01010828,Never worked,52,23,29
S01010829,All people aged 16 to 74 not in employment,276,124,152
S01010829,A B D E. Agriculture energy and water,6,4,2
S01010829,C. Manufacturing,35,17,18
S01010829,F. Construction,12,11,1
S01010829,G I. Distribution hotels and restaurants,52,25,27
S01010829,H J. Transport and communication,19,10,9
S01010829,K L M N. Financial real estate professional and administrative activities,35,14,21
S01010829,O P Q. Public administration education and health,82,23,59
S01010829,R S T U. Other,10,6,4
S01010829,Never worked,25,14,11
S01010830,All people aged 16 to 74 not in employment,146,69,77
S01010830,A B D E. Agriculture energy and water,1,1,0
S01010830,C. Manufacturing,23,17,6
S01010830,F. Construction,8,7,1
S01010830,G I. Distribution hotels and restaurants,21,8,13
S01010830,H J. Transport and communication,16,6,10
S01010830,K L M N. Financial real estate professional and administrative activities,9,5,4
S01010830,O P Q. Public administration education and health,35,12,23
S01010830,R S T U. Other,10,1,9
S01010830,Never worked,23,12,11
S01010831,All people aged 16 to 74 not in employment,79,28,51
S01010831,A B D E. Agriculture energy and water,2,1,1
S01010831,C. Manufacturing,10,5,5
S01010831,F. Construction,1,1,0
S01010831,G I. Distribution hotels and restaurants,5,2,3
S01010831,H J. Transport and communication,4,1,3
S01010831,K L M N. Financial real estate professional and administrative activities,11,4,7
S01010831,O P Q. Public administration education and health,20,6,14
S01010831,R S T U. Other,2,1,1
S01010831,Never worked,24,7,17
S01010832,All people aged 16 to 74 not in employment,165,84,81
S01010832,A B D E. Agriculture energy and water,2,2,0
S01010832,C. Manufacturing,21,17,4
S01010832,F. Construction,7,6,1
S01010832,G I. Distribution hotels and restaurants,23,13,10
S01010832,H J. Transport and communication,15,5,10
S01010832,K L M N. Financial real estate professional and administrative activities,14,7,7
S01010832,O P Q. Public administration education and health,36,9,27
S01010832,R S T U. Other,6,5,1
S01010832,Never worked,41,20,21
S01010833,All people aged 16 to 74 not in employment,196,92,104
S01010833,A B D E. Agriculture energy and water,2,2,0
S01010833,C. Manufacturing,30,18,12
S01010833,F. Construction,6,5,1
S01010833,G I. Distribution hotels and restaurants,28,13,15
S01010833,H J. Transport and communication,21,8,13
S01010833,K L M N. Financial real estate professional and administrative activities,23,8,15
S01010833,O P Q. Public administration education and health,47,10,37
S01010833,R S T U. Other,4,1,3
S01010833,Never worked,35,27,8
S01010834,All people aged 16 to 74 not in employment,261,116,145
S01010834,A B D E. Agriculture energy and water,5,4,1
S01010834,C. Manufacturing,46,29,17
S01010834,F. Construction,20,15,5
S01010834,G I. Distribution hotels and restaurants,29,13,16
S01010834,H J. Transport and communication,19,10,9
S01010834,K L M N. Financial real estate professional and administrative activities,26,8,18
S01010834,O P Q. Public administration education and health,83,21,62
S01010834,R S T U. Other,10,6,4
S01010834,Never worked,23,10,13
S01010835,All people aged 16 to 74 not in employment,196,82,114
S01010835,A B D E. Agriculture energy and water,1,1,0
S01010835,C. Manufacturing,30,18,12
S01010835,F. Construction,7,7,0
S01010835,G I. Distribution hotels and restaurants,33,19,14
S01010835,H J. Transport and communication,13,5,8
S01010835,K L M N. Financial real estate professional and administrative activities,15,4,11
S01010835,O P Q. Public administration education and health,66,17,49
S01010835,R S T U. Other,3,0,3
S01010835,Never worked,28,11,17
S01010836,All people aged 16 to 74 not in employment,225,105,120
S01010836,A B D E. Agriculture energy and water,2,2,0
S01010836,C. Manufacturing,30,22,8
S01010836,F. Construction,11,9,2
S01010836,G I. Distribution hotels and restaurants,38,19,19
S01010836,H J. Transport and communication,19,7,12
S01010836,K L M N. Financial real estate professional and administrative activities,25,7,18
S01010836,O P Q. Public administration education and health,66,20,46
S01010836,R S T U. Other,6,5,1
S01010836,Never worked,28,14,14
S01010837,All people aged 16 to 74 not in employment,213,87,126
S01010837,A B D E. Agriculture energy and water,3,2,1
S01010837,C. Manufacturing,32,18,14
S01010837,F. Construction,9,7,2
S01010837,G I. Distribution hotels and restaurants,41,14,27
S01010837,H J. Transport and communication,20,7,13
S01010837,K L M N. Financial real estate professional and administrative activities,21,7,14
S01010837,O P Q. Public administration education and health,51,13,38
S01010837,R S T U. Other,9,4,5
S01010837,Never worked,27,15,12
S01010838,All people aged 16 to 74 not in employment,193,81,112
S01010838,A B D E. Agriculture energy and water,1,1,0
S01010838,C. Manufacturing,21,9,12
S01010838,F. Construction,17,14,3
S01010838,G I. Distribution hotels and restaurants,43,21,22
S01010838,H J. Transport and communication,19,6,13
S01010838,K L M N. Financial real estate professional and administrative activities,19,6,13
S01010838,O P Q. Public administration education and health,42,10,32
S01010838,R S T U. Other,2,2,0
S01010838,Never worked,29,12,17
S01010839,All people aged 16 to 74 not in employment,192,83,109
S01010839,A B D E. Agriculture energy and water,2,2,0
S01010839,C. Manufacturing,20,12,8
S01010839,F. Construction,9,9,0
S01010839,G I. Distribution hotels and restaurants,44,20,24
S01010839,H J. Transport and communication,13,1,12
S01010839,K L M N. Financial real estate professional and administrative activities,16,9,7
S01010839,O P Q. Public administration education and health,52,12,40
S01010839,R S T U. Other,9,2,7
S01010839,Never worked,27,16,11
S01010840,All people aged 16 to 74 not in employment,147,74,73
S01010840,A B D E. Agriculture energy and water,1,0,1
S01010840,C. Manufacturing,15,9,6
S01010840,F. Construction,15,15,0
S01010840,G I. Distribution hotels and restaurants,27,17,10
S01010840,H J. Transport and communication,12,6,6
S01010840,K L M N. Financial real estate professional and administrative activities,20,11,9
S01010840,O P Q. Public administration education and health,37,8,29
S01010840,R S T U. Other,3,2,1
S01010840,Never worked,17,6,11
S01010841,All people aged 16 to 74 not in employment,223,97,126
S01010841,A B D E. Agriculture energy and water,3,2,1
S01010841,C. Manufacturing,35,27,8
S01010841,F. Construction,10,6,4
S01010841,G I. Distribution hotels and restaurants,41,20,21
S01010841,H J. Transport and communication,21,6,15
S01010841,K L M N. Financial real estate professional and administrative activities,20,6,14
S01010841,O P Q. Public administration education and health,57,15,42
S01010841,R S T U. Other,7,3,4
S01010841,Never worked,29,12,17
S01010842,All people aged 16 to 74 not in employment,338,147,191
S01010842,A B D E. Agriculture energy and water,1,0,1
S01010842,C. Manufacturing,50,32,18
S01010842,F. Construction,19,17,2
S01010842,G I. Distribution hotels and restaurants,74,34,40
S01010842,H J. Transport and communication,31,14,17
S01010842,K L M N. Financial real estate professional and administrative activities,35,12,23
S01010842,O P Q. Public administration education and health,68,12,56
S01010842,R S T U. Other,12,5,7
S01010842,Never worked,48,21,27
S01010843,All people aged 16 to 74 not in employment,207,109,98
S01010843,A B D E. Agriculture energy and water,1,1,0
S01010843,C. Manufacturing,45,36,9
S01010843,F. Construction,19,18,1
S01010843,G I. Distribution hotels and restaurants,40,18,22
S01010843,H J. Transport and communication,12,6,6
S01010843,K L M N. Financial real estate professional and administrative activities,18,10,8
S01010843,O P Q. Public administration education and health,43,7,36
S01010843,R S T U. Other,5,1,4
S01010843,Never worked,24,12,12
S01010844,All people aged 16 to 74 not in employment,180,80,100
S01010844,A B D E. Agriculture energy and water,2,1,1
S01010844,C. Manufacturing,19,12,7
S01010844,F. Construction,5,5,0
S01010844,G I. Distribution hotels and restaurants,35,17,18
S01010844,H J. Transport and communication,9,2,7
S01010844,K L M N. Financial real estate professional and administrative activities,17,8,9
S01010844,O P Q. Public administration education and health,60,15,45
S01010844,R S T U. Other,11,6,5
S01010844,Never worked,22,14,8
S01010845,All people aged 16 to 74 not in employment,187,85,102
S01010845,A B D E. Agriculture energy and water,3,1,2
S01010845,C. Manufacturing,30,17,13
S01010845,F. Construction,13,13,0
S01010845,G I. Distribution hotels and restaurants,28,9,19
S01010845,H J. Transport and communication,17,7,10
S01010845,K L M N. Financial real estate professional and administrative activities,19,10,9
S01010845,O P Q. Public administration education and health,46,15,31
S01010845,R S T U. Other,6,1,5
S01010845,Never worked,25,12,13
S01010846,All people aged 16 to 74 not in employment,216,103,113
S01010846,A B D E. Agriculture energy and water,3,1,2
S01010846,C. Manufacturing,30,17,13
S01010846,F. Construction,12,11,1
S01010846,G I. Distribution hotels and restaurants,41,20,21
S01010846,H J. Transport and communication,16,6,10
S01010846,K L M N. Financial real estate professional and administrative activities,15,8,7
S01010846,O P Q. Public administration education and health,45,12,33
S01010846,R S T U. Other,5,1,4
S01010846,Never worked,49,27,22
S01010847,All people aged 16 to 74 not in employment,140,62,78
S01010847,A B D E. Agriculture energy and water,2,2,0
S01010847,C. Manufacturing,17,14,3
S01010847,F. Construction,8,6,2
S01010847,G I. Distribution hotels and restaurants,25,10,15
S01010847,H J. Transport and communication,11,4,7
S01010847,K L M N. Financial real estate professional and administrative activities,12,2,10
S01010847,O P Q. Public administration education and health,36,10,26
S01010847,R S T U. Other,4,2,2
S01010847,Never worked,25,12,13
S01010848,All people aged 16 to 74 not in employment,233,91,142
S01010848,A B D E. Agriculture energy and water,1,1,0
S01010848,C. Manufacturing,32,17,15
S01010848,F. Construction,10,9,1
S01010848,G I. Distribution hotels and restaurants,48,19,29
S01010848,H J. Transport and communication,17,7,10
S01010848,K L M N. Financial real estate professional and administrative activities,20,8,12
S01010848,O P Q. Public administration education and health,42,5,37
S01010848,R S T U. Other,13,2,11
S01010848,Never worked,50,23,27
S01010849,All people aged 16 to 74 not in employment,321,153,168
S01010849,A B D E. Agriculture energy and water,4,4,0
S01010849,C. Manufacturing,56,33,23
S01010849,F. Construction,28,27,1
S01010849,G I. Distribution hotels and restaurants,41,21,20
S01010849,H J. Transport and communication,22,5,17
S01010849,K L M N. Financial real estate professional and administrative activities,30,9,21
S01010849,O P Q. Public administration education and health,47,14,33
S01010849,R S T U. Other,11,7,4
S01010849,Never worked,82,33,49
S01010850,All people aged 16 to 74 not in employment,313,144,169
S01010850,A B D E. Agriculture energy and water,5,5,0
S01010850,C. Manufacturing,45,27,18
S01010850,F. Construction,26,26,0
S01010850,G I. Distribution hotels and restaurants,68,28,40
S01010850,H J. Transport and communication,23,3,20
S01010850,K L M N. Financial real estate professional and administrative activities,31,12,19
S01010850,O P Q. Public administration education and health,38,11,27
S01010850,R S T U. Other,12,5,7
S01010850,Never worked,65,27,38
S01010851,All people aged 16 to 74 not in employment,242,100,142
S01010851,A B D E. Agriculture energy and water,4,3,1
S01010851,C. Manufacturing,43,21,22
S01010851,F. Construction,16,16,0
S01010851,G I. Distribution hotels and restaurants,45,14,31
S01010851,H J. Transport and communication,21,3,18
S01010851,K L M N. Financial real estate professional and administrative activities,26,13,13
S01010851,O P Q. Public administration education and health,28,7,21
S01010851,R S T U. Other,4,2,2
S01010851,Never worked,55,21,34
S01010852,All people aged 16 to 74 not in employment,231,105,126
S01010852,A B D E. Agriculture energy and water,2,2,0
S01010852,C. Manufacturing,38,26,12
S01010852,F. Construction,14,14,0
S01010852,G I. Distribution hotels and restaurants,40,16,24
S01010852,H J. Transport and communication,28,8,20
S01010852,K L M N. Financial real estate professional and administrative activities,18,10,8
S01010852,O P Q. Public administration education and health,45,15,30
S01010852,R S T U. Other,7,1,6
S01010852,Never worked,39,13,26
S01010853,All people aged 16 to 74 not in employment,243,118,125
S01010853,A B D E. Agriculture energy and water,5,5,0
S01010853,C. Manufacturing,46,27,19
S01010853,F. Construction,15,14,1
S01010853,G I. Distribution hotels and restaurants,40,19,21
S01010853,H J. Transport and communication,25,9,16
S01010853,K L M N. Financial real estate professional and administrative activities,24,11,13
S01010853,O P Q. Public administration education and health,42,12,30
S01010853,R S T U. Other,7,2,5
S01010853,Never worked,39,19,20
S01010854,All people aged 16 to 74 not in employment,281,113,168
S01010854,A B D E. Agriculture energy and water,3,1,2
S01010854,C. Manufacturing,40,23,17
S01010854,F. Construction,12,11,1
S01010854,G I. Distribution hotels and restaurants,48,20,28
S01010854,H J. Transport and communication,27,7,20
S01010854,K L M N. Financial real estate professional and administrative activities,25,7,18
S01010854,O P Q. Public administration education and health,49,7,42
S01010854,R S T U. Other,5,1,4
S01010854,Never worked,72,36,36
S01010855,All people aged 16 to 74 not in employment,170,71,99
S01010855,A B D E. Agriculture energy and water,0,0,0
S01010855,C. Manufacturing,32,23,9
S01010855,F. Construction,8,8,0
S01010855,G I. Distribution hotels and restaurants,26,9,17
S01010855,H J. Transport and communication,14,3,11
S01010855,K L M N. Financial real estate professional and administrative activities,11,5,6
S01010855,O P Q. Public administration education and health,38,7,31
S01010855,R S T U. Other,6,1,5
S01010855,Never worked,35,15,20
S01010856,All people aged 16 to 74 not in employment,300,146,154
S01010856,A B D E. Agriculture energy and water,4,3,1
S01010856,C. Manufacturing,37,21,16
S01010856,F. Construction,22,19,3
S01010856,G I. Distribution hotels and restaurants,59,29,30
S01010856,H J. Transport and communication,34,16,18
S01010856,K L M N. Financial real estate professional and administrative activities,30,14,16
S01010856,O P Q. Public administration education and health,57,15,42
S01010856,R S T U. Other,12,3,9
S01010856,Never worked,45,26,19
S01010857,All people aged 16 to 74 not in employment,204,79,125
S01010857,A B D E. Agriculture energy and water,1,1,0
S01010857,C. Manufacturing,24,12,12
S01010857,F. Construction,8,7,1
S01010857,G I. Distribution hotels and restaurants,35,13,22
S01010857,H J. Transport and communication,18,7,11
S01010857,K L M N. Financial real estate professional and administrative activities,17,3,14
S01010857,O P Q. Public administration education and health,40,7,33
S01010857,R S T U. Other,9,4,5
S01010857,Never worked,52,25,27
S01010858,All people aged 16 to 74 not in employment,219,97,122
S01010858,A B D E. Agriculture energy and water,5,2,3
S01010858,C. Manufacturing,43,20,23
S01010858,F. Construction,7,7,0
S01010858,G I. Distribution hotels and restaurants,49,21,28
S01010858,H J. Transport and communication,11,3,8
S01010858,K L M N. Financial real estate professional and administrative activities,25,13,12
S01010858,O P Q. Public administration education and health,32,11,21
S01010858,R S T U. Other,8,1,7
S01010858,Never worked,39,19,20
S01010859,All people aged 16 to 74 not in employment,251,108,143
S01010859,A B D E. Agriculture energy and water,5,3,2
S01010859,C. Manufacturing,47,24,23
S01010859,F. Construction,19,18,1
S01010859,G I. Distribution hotels and restaurants,34,18,16
S01010859,H J. Transport and communication,17,6,11
S01010859,K L M N. Financial real estate professional and administrative activities,20,4,16
S01010859,O P Q. Public administration education and health,39,7,32
S01010859,R S T U. Other,14,3,11
S01010859,Never worked,56,25,31
S01010860,All people aged 16 to 74 not in employment,208,91,117
S01010860,A B D E. Agriculture energy and water,5,5,0
S01010860,C. Manufacturing,40,21,19
S01010860,F. Construction,8,8,0
S01010860,G I. Distribution hotels and restaurants,38,15,23
S01010860,H J. Transport and communication,16,1,15
S01010860,K L M N. Financial real estate professional and administrative activities,31,14,17
S01010860,O P Q. Public administration education and health,37,14,23
S01010860,R S T U. Other,4,1,3
S01010860,Never worked,29,12,17
S01010861,All people aged 16 to 74 not in employment,233,97,136
S01010861,A B D E. Agriculture energy and water,3,3,0
S01010861,C. Manufacturing,40,20,20
S01010861,F. Construction,17,16,1
S01010861,G I. Distribution hotels and restaurants,47,19,28
S01010861,H J. Transport and communication,20,9,11
S01010861,K L M N. Financial real estate professional and administrative activities,26,9,17
S01010861,O P Q. Public administration education and health,38,8,30
S01010861,R S T U. Other,11,2,9
S01010861,Never worked,31,11,20
S01010862,All people aged 16 to 74 not in employment,244,117,127
S01010862,A B D E. Agriculture energy and water,0,0,0
S01010862,C. Manufacturing,37,20,17
S01010862,F. Construction,16,14,2
S01010862,G I. Distribution hotels and restaurants,45,30,15
S01010862,H J. Transport and communication,20,7,13
S01010862,K L M N. Financial real estate professional and administrative activities,22,8,14
S01010862,O P Q. Public administration education and health,33,8,25
S01010862,R S T U. Other,15,2,13
S01010862,Never worked,56,28,28
S01010863,All people aged 16 to 74 not in employment,221,101,120
S01010863,A B D E. Agriculture energy and water,5,3,2
S01010863,C. Manufacturing,32,27,5
S01010863,F. Construction,12,8,4
S01010863,G I. Distribution hotels and restaurants,25,14,11
S01010863,H J. Transport and communication,20,8,12
S01010863,K L M N. Financial real estate professional and administrative activities,23,10,13
S01010863,O P Q. Public administration education and health,69,17,52
S01010863,R S T U. Other,8,3,5
S01010863,Never worked,27,11,16
S01010864,All people aged 16 to 74 not in employment,141,66,75
S01010864,A B D E. Agriculture energy and water,4,4,0
S01010864,C. Manufacturing,11,7,4
S01010864,F. Construction,2,2,0
S01010864,G I. Distribution hotels and restaurants,22,10,12
S01010864,H J. Transport and communication,9,7,2
S01010864,K L M N. Financial real estate professional and administrative activities,17,9,8
S01010864,O P Q. Public administration education and health,53,15,38
S01010864,R S T U. Other,1,0,1
S01010864,Never worked,22,12,10
S01010865,All people aged 16 to 74 not in employment,235,100,135
S01010865,A B D E. Agriculture energy and water,3,2,1
S01010865,C. Manufacturing,33,25,8
S01010865,F. Construction,4,4,0
S01010865,G I. Distribution hotels and restaurants,27,11,16
S01010865,H J. Transport and communication,17,13,4
S01010865,K L M N. Financial real estate professional and administrative activities,26,8,18
S01010865,O P Q. Public administration education and health,86,15,71
S01010865,R S T U. Other,7,2,5
S01010865,Never worked,32,20,12
S01010866,All people aged 16 to 74 not in employment,215,106,109
S01010866,A B D E. Agriculture energy and water,3,1,2
S01010866,C. Manufacturing,34,23,11
S01010866,F. Construction,15,15,0
S01010866,G I. Distribution hotels and restaurants,38,25,13
S01010866,H J. Transport and communication,15,5,10
S01010866,K L M N. Financial real estate professional and administrative activities,19,6,13
S01010866,O P Q. Public administration education and health,54,15,39
S01010866,R S T U. Other,12,7,5
S01010866,Never worked,25,9,16
S01010867,All people aged 16 to 74 not in employment,175,76,99
S01010867,A B D E. Agriculture energy and water,1,0,1
S01010867,C. Manufacturing,21,13,8
S01010867,F. Construction,9,9,0
S01010867,G I. Distribution hotels and restaurants,26,12,14
S01010867,H J. Transport and communication,16,7,9
S01010867,K L M N. Financial real estate professional and administrative activities,14,5,9
S01010867,O P Q. Public administration education and health,55,16,39
S01010867,R S T U. Other,5,1,4
S01010867,Never worked,28,13,15
S01010868,All people aged 16 to 74 not in employment,243,113,130
S01010868,A B D E. Agriculture energy and water,2,1,1
S01010868,C. Manufacturing,41,21,20
S01010868,F. Construction,12,11,1
S01010868,G I. Distribution hotels and restaurants,26,17,9
S01010868,H J. Transport and communication,15,6,9
S01010868,K L M N. Financial real estate professional and administrative activities,23,8,15
S01010868,O P Q. Public administration education and health,67,20,47
S01010868,R S T U. Other,9,4,5
S01010868,Never worked,48,25,23
S01010869,All people aged 16 to 74 not in employment,191,88,103
S01010869,A B D E. Agriculture energy and water,1,1,0
S01010869,C. Manufacturing,32,22,10
S01010869,F. Construction,2,1,1
S01010869,G I. Distribution hotels and restaurants,27,15,12
S01010869,H J. Transport and communication,12,5,7
S01010869,K L M N. Financial real estate professional and administrative activities,23,11,12
S01010869,O P Q. Public administration education and health,47,11,36
S01010869,R S T U. Other,3,0,3
S01010869,Never worked,44,22,22
S01010870,All people aged 16 to 74 not in employment,184,77,107
S01010870,A B D E. Agriculture energy and water,1,1,0
S01010870,C. Manufacturing,33,24,9
S01010870,F. Construction,11,9,2
S01010870,G I. Distribution hotels and restaurants,24,7,17
S01010870,H J. Transport and communication,14,9,5
S01010870,K L M N. Financial real estate professional and administrative activities,16,7,9
S01010870,O P Q. Public administration education and health,58,12,46
S01010870,R S T U. Other,8,2,6
S01010870,Never worked,19,6,13
S01010871,All people aged 16 to 74 not in employment,202,86,116
S01010871,A B D E. Agriculture energy and water,1,1,0
S01010871,C. Manufacturing,23,15,8
S01010871,F. Construction,5,5,0
S01010871,G I. Distribution hotels and restaurants,37,20,17
S01010871,H J. Transport and communication,27,8,19
S01010871,K L M N. Financial real estate professional and administrative activities,14,7,7
S01010871,O P Q. Public administration education and health,52,18,34
S01010871,R S T U. Other,9,2,7
S01010871,Never worked,34,10,24
S01010872,All people aged 16 to 74 not in employment,218,102,116
S01010872,A B D E. Agriculture energy and water,1,0,1
S01010872,C. Manufacturing,33,20,13
S01010872,F. Construction,16,15,1
S01010872,G I. Distribution hotels and restaurants,40,21,19
S01010872,H J. Transport and communication,16,10,6
S01010872,K L M N. Financial real estate professional and administrative activities,25,5,20
S01010872,O P Q. Public administration education and health,46,17,29
S01010872,R S T U. Other,14,4,10
S01010872,Never worked,27,10,17
S01010873,All people aged 16 to 74 not in employment,189,105,84
S01010873,A B D E. Agriculture energy and water,2,1,1
S01010873,C. Manufacturing,34,25,9
S01010873,F. Construction,9,8,1
S01010873,G I. Distribution hotels and restaurants,34,22,12
S01010873,H J. Transport and communication,25,12,13
S01010873,K L M N. Financial real estate professional and administrative activities,17,12,5
S01010873,O P Q. Public administration education and health,30,8,22
S01010873,R S T U. Other,12,4,8
S01010873,Never worked,26,13,13
S01010874,All people aged 16 to 74 not in employment,186,93,93
S01010874,A B D E. Agriculture energy and water,2,1,1
S01010874,C. Manufacturing,18,12,6
S01010874,F. Construction,4,4,0
S01010874,G I. Distribution hotels and restaurants,33,21,12
S01010874,H J. Transport and communication,19,9,10
S01010874,K L M N. Financial real estate professional and administrative activities,13,2,11
S01010874,O P Q. Public administration education and health,52,22,30
S01010874,R S T U. Other,5,2,3
S01010874,Never worked,40,20,20
S01010875,All people aged 16 to 74 not in employment,122,58,64
S01010875,A B D E. Agriculture energy and water,4,4,0
S01010875,C. Manufacturing,18,7,11
S01010875,F. Construction,7,3,4
S01010875,G I. Distribution hotels and restaurants,22,11,11
S01010875,H J. Transport and communication,14,7,7
S01010875,K L M N. Financial real estate professional and administrative activities,16,6,10
S01010875,O P Q. Public administration education and health,19,6,13
S01010875,R S T U. Other,1,0,1
S01010875,Never worked,21,14,7
S01010876,All people aged 16 to 74 not in employment,224,106,118
S01010876,A B D E. Agriculture energy and water,3,0,3
S01010876,C. Manufacturing,33,23,10
S01010876,F. Construction,8,8,0
S01010876,G I. Distribution hotels and restaurants,43,15,28
S01010876,H J. Transport and communication,19,7,12
S01010876,K L M N. Financial real estate professional and administrative activities,27,10,17
S01010876,O P Q. Public administration education and health,32,13,19
S01010876,R S T U. Other,13,5,8
S01010876,Never worked,46,25,21
S01010877,All people aged 16 to 74 not in employment,308,152,156
S01010877,A B D E. Agriculture energy and water,4,4,0
S01010877,C. Manufacturing,52,37,15
S01010877,F. Construction,16,12,4
S01010877,G I. Distribution hotels and restaurants,42,21,21
S01010877,H J. Transport and communication,35,19,16
S01010877,K L M N. Financial real estate professional and administrative activities,34,12,22
S01010877,O P Q. Public administration education and health,67,15,52
S01010877,R S T U. Other,8,5,3
S01010877,Never worked,50,27,23
S01010878,All people aged 16 to 74 not in employment,468,267,201
S01010878,A B D E. Agriculture energy and water,11,9,2
S01010878,C. Manufacturing,68,42,26
S01010878,F. Construction,40,37,3
S01010878,G I. Distribution hotels and restaurants,73,44,29
S01010878,H J. Transport and communication,44,20,24
S01010878,K L M N. Financial real estate professional and administrative activities,38,23,15
S01010878,O P Q. Public administration education and health,80,24,56
S01010878,R S T U. Other,23,10,13
S01010878,Never worked,91,58,33
S01010879,All people aged 16 to 74 not in employment,208,96,112
S01010879,A B D E. Agriculture energy and water,1,1,0
S01010879,C. Manufacturing,32,19,13
S01010879,F. Construction,12,9,3
S01010879,G I. Distribution hotels and restaurants,39,19,20
S01010879,H J. Transport and communication,23,11,12
S01010879,K L M N. Financial real estate professional and administrative activities,13,2,11
S01010879,O P Q. Public administration education and health,50,13,37
S01010879,R S T U. Other,5,2,3
S01010879,Never worked,33,20,13
S01010880,All people aged 16 to 74 not in employment,185,79,106
S01010880,A B D E. Agriculture energy and water,3,2,1
S01010880,C. Manufacturing,28,15,13
S01010880,F. Construction,8,8,0
S01010880,G I. Distribution hotels and restaurants,41,16,25
S01010880,H J. Transport and communication,15,4,11
S01010880,K L M N. Financial real estate professional and administrative activities,10,3,7
S01010880,O P Q. Public administration education and health,37,13,24
S01010880,R S T U. Other,10,1,9
S01010880,Never worked,33,17,16
S01010881,All people aged 16 to 74 not in employment,188,90,98
S01010881,A B D E. Agriculture energy and water,3,2,1
S01010881,C. Manufacturing,29,14,15
S01010881,F. Construction,9,9,0
S01010881,G I. Distribution hotels and restaurants,29,13,16
S01010881,H J. Transport and communication,15,6,9
S01010881,K L M N. Financial real estate professional and administrative activities,15,7,8
S01010881,O P Q. Public administration education and health,48,16,32
S01010881,R S T U. Other,8,3,5
S01010881,Never worked,32,20,12
S01010882,All people aged 16 to 74 not in employment,143,80,63
S01010882,A B D E. Agriculture energy and water,3,3,0
S01010882,C. Manufacturing,21,12,9
S01010882,F. Construction,7,7,0
S01010882,G I. Distribution hotels and restaurants,21,14,7
S01010882,H J. Transport and communication,8,3,5
S01010882,K L M N. Financial real estate professional and administrative activities,18,11,7
S01010882,O P Q. Public administration education and health,24,9,15
S01010882,R S T U. Other,7,3,4
S01010882,Never worked,34,18,16
S01010883,All people aged 16 to 74 not in employment,200,97,103
S01010883,A B D E. Agriculture energy and water,3,3,0
S01010883,C. Manufacturing,27,20,7
S01010883,F. Construction,6,6,0
S01010883,G I. Distribution hotels and restaurants,31,18,13
S01010883,H J. Transport and communication,21,11,10
S01010883,K L M N. Financial real estate professional and administrative activities,19,6,13
S01010883,O P Q. Public administration education and health,28,7,21
S01010883,R S T U. Other,10,4,6
S01010883,Never worked,55,22,33
S01010884,All people aged 16 to 74 not in employment,298,134,164
S01010884,A B D E. Agriculture energy and water,0,0,0
S01010884,C. Manufacturing,57,35,22
S01010884,F. Construction,20,18,2
S01010884,G I. Distribution hotels and restaurants,61,24,37
S01010884,H J. Transport and communication,17,9,8
S01010884,K L M N. Financial real estate professional and administrative activities,32,11,21
S01010884,O P Q. Public administration education and health,42,8,34
S01010884,R S T U. Other,13,5,8
S01010884,Never worked,56,24,32
S01010885,All people aged 16 to 74 not in employment,376,191,185
S01010885,A B D E. Agriculture energy and water,9,2,7
S01010885,C. Manufacturing,56,38,18
S01010885,F. Construction,14,14,0
S01010885,G I. Distribution hotels and restaurants,73,35,38
S01010885,H J. Transport and communication,40,19,21
S01010885,K L M N. Financial real estate professional and administrative activities,38,18,20
S01010885,O P Q. Public administration education and health,52,15,37
S01010885,R S T U. Other,18,4,14
S01010885,Never worked,76,46,30
S01010886,All people aged 16 to 74 not in employment,174,82,92
S01010886,A B D E. Agriculture energy and water,4,2,2
S01010886,C. Manufacturing,25,18,7
S01010886,F. Construction,10,8,2
S01010886,G I. Distribution hotels and restaurants,18,10,8
S01010886,H J. Transport and communication,19,5,14
S01010886,K L M N. Financial real estate professional and administrative activities,14,7,7
S01010886,O P Q. Public administration education and health,28,5,23
S01010886,R S T U. Other,8,5,3
S01010886,Never worked,48,22,26
S01010887,All people aged 16 to 74 not in employment,355,162,193
S01010887,A B D E. Agriculture energy and water,4,4,0
S01010887,C. Manufacturing,69,41,28
S01010887,F. Construction,21,20,1
S01010887,G I. Distribution hotels and restaurants,68,30,38
S01010887,H J. Transport and communication,28,10,18
S01010887,K L M N. Financial real estate professional and administrative activities,25,6,19
S01010887,O P Q. Public administration education and health,51,11,40
S01010887,R S T U. Other,15,3,12
S01010887,Never worked,74,37,37
S01010888,All people aged 16 to 74 not in employment,288,156,132
S01010888,A B D E. Agriculture energy and water,5,4,1
S01010888,C. Manufacturing,44,30,14
S01010888,F. Construction,19,19,0
S01010888,G I. Distribution hotels and restaurants,63,39,24
S01010888,H J. Transport and communication,34,17,17
S01010888,K L M N. Financial real estate professional and administrative activities,28,15,13
S01010888,O P Q. Public administration education and health,43,8,35
S01010888,R S T U. Other,12,3,9
S01010888,Never worked,40,21,19
S01010889,All people aged 16 to 74 not in employment,224,118,106
S01010889,A B D E. Agriculture energy and water,2,2,0
S01010889,C. Manufacturing,36,22,14
S01010889,F. Construction,20,20,0
S01010889,G I. Distribution hotels and restaurants,43,24,19
S01010889,H J. Transport and communication,21,6,15
S01010889,K L M N. Financial real estate professional and administrative activities,16,6,10
S01010889,O P Q. Public administration education and health,38,12,26
S01010889,R S T U. Other,11,7,4
S01010889,Never worked,37,19,18
S01010890,All people aged 16 to 74 not in employment,288,141,147
S01010890,A B D E. Agriculture energy and water,2,0,2
S01010890,C. Manufacturing,54,27,27
S01010890,F. Construction,22,20,2
S01010890,G I. Distribution hotels and restaurants,50,21,29
S01010890,H J. Transport and communication,37,14,23
S01010890,K L M N. Financial real estate professional and administrative activities,40,18,22
S01010890,O P Q. Public administration education and health,44,20,24
S01010890,R S T U. Other,13,7,6
S01010890,Never worked,26,14,12
S01010891,All people aged 16 to 74 not in employment,201,114,87
S01010891,A B D E. Agriculture energy and water,5,4,1
S01010891,C. Manufacturing,37,25,12
S01010891,F. Construction,21,20,1
S01010891,G I. Distribution hotels and restaurants,28,13,15
S01010891,H J. Transport and communication,21,7,14
S01010891,K L M N. Financial real estate professional and administrative activities,14,6,8
S01010891,O P Q. Public administration education and health,22,10,12
S01010891,R S T U. Other,2,1,1
S01010891,Never worked,51,28,23
S01010892,All people aged 16 to 74 not in employment,335,176,159
S01010892,A B D E. Agriculture energy and water,8,6,2
S01010892,C. Manufacturing,70,46,24
S01010892,F. Construction,16,16,0
S01010892,G I. Distribution hotels and restaurants,60,28,32
S01010892,H J. Transport and communication,34,14,20
S01010892,K L M N. Financial real estate professional and administrative activities,25,9,16
S01010892,O P Q. Public administration education and health,56,19,37
S01010892,R S T U. Other,14,8,6
S01010892,Never worked,52,30,22
S01010893,All people aged 16 to 74 not in employment,217,123,94
S01010893,A B D E. Agriculture energy and water,3,3,0
S01010893,C. Manufacturing,48,37,11
S01010893,F. Construction,8,7,1
S01010893,G I. Distribution hotels and restaurants,37,20,17
S01010893,H J. Transport and communication,30,13,17
S01010893,K L M N. Financial real estate professional and administrative activities,23,11,12
S01010893,O P Q. Public administration education and health,33,14,19
S01010893,R S T U. Other,6,2,4
S01010893,Never worked,29,16,13
S01010894,All people aged 16 to 74 not in employment,175,92,83
S01010894,A B D E. Agriculture energy and water,3,3,0
S01010894,C. Manufacturing,33,24,9
S01010894,F. Construction,12,10,2
S01010894,G I. Distribution hotels and restaurants,36,15,21
S01010894,H J. Transport and communication,11,3,8
S01010894,K L M N. Financial real estate professional and administrative activities,23,10,13
S01010894,O P Q. Public administration education and health,22,9,13
S01010894,R S T U. Other,9,4,5
S01010894,Never worked,26,14,12
S01010895,All people aged 16 to 74 not in employment,190,93,97
S01010895,A B D E. Agriculture energy and water,0,0,0
S01010895,C. Manufacturing,31,25,6
S01010895,F. Construction,12,11,1
S01010895,G I. Distribution hotels and restaurants,32,14,18
S01010895,H J. Transport and communication,23,8,15
S01010895,K L M N. Financial real estate professional and administrative activities,11,7,4
S01010895,O P Q. Public administration education and health,32,8,24
S01010895,R S T U. Other,10,2,8
S01010895,Never worked,39,18,21
S01010896,All people aged 16 to 74 not in employment,285,136,149
S01010896,A B D E. Agriculture energy and water,1,1,0
S01010896,C. Manufacturing,57,40,17
S01010896,F. Construction,20,18,2
S01010896,G I. Distribution hotels and restaurants,57,27,30
S01010896,H J. Transport and communication,26,8,18
S01010896,K L M N. Financial real estate professional and administrative activities,26,10,16
S01010896,O P Q. Public administration education and health,39,10,29
S01010896,R S T U. Other,13,2,11
S01010896,Never worked,46,20,26
S01010897,All people aged 16 to 74 not in employment,315,140,175
S01010897,A B D E. Agriculture energy and water,3,3,0
S01010897,C. Manufacturing,51,26,25
S01010897,F. Construction,28,27,1
S01010897,G I. Distribution hotels and restaurants,59,25,34
S01010897,H J. Transport and communication,27,6,21
S01010897,K L M N. Financial real estate professional and administrative activities,35,11,24
S01010897,O P Q. Public administration education and health,42,11,31
S01010897,R S T U. Other,11,4,7
S01010897,Never worked,59,27,32
S01010898,All people aged 16 to 74 not in employment,229,105,124
S01010898,A B D E. Agriculture energy and water,2,2,0
S01010898,C. Manufacturing,37,20,17
S01010898,F. Construction,19,19,0
S01010898,G I. Distribution hotels and restaurants,43,21,22
S01010898,H J. Transport and communication,18,5,13
S01010898,K L M N. Financial real estate professional and administrative activities,15,8,7
S01010898,O P Q. Public administration education and health,36,8,28
S01010898,R S T U. Other,5,0,5
S01010898,Never worked,54,22,32
S01010899,All people aged 16 to 74 not in employment,146,67,79
S01010899,A B D E. Agriculture energy and water,3,3,0
S01010899,C. Manufacturing,26,15,11
S01010899,F. Construction,3,2,1
S01010899,G I. Distribution hotels and restaurants,26,16,10
S01010899,H J. Transport and communication,10,2,8
S01010899,K L M N. Financial real estate professional and administrative activities,9,3,6
S01010899,O P Q. Public administration education and health,32,6,26
S01010899,R S T U. Other,2,0,2
S01010899,Never worked,35,20,15
S01010900,All people aged 16 to 74 not in employment,233,99,134
S01010900,A B D E. Agriculture energy and water,3,3,0
S01010900,C. Manufacturing,36,17,19
S01010900,F. Construction,22,22,0
S01010900,G I. Distribution hotels and restaurants,40,18,22
S01010900,H J. Transport and communication,21,3,18
S01010900,K L M N. Financial real estate professional and administrative activities,33,13,20
S01010900,O P Q. Public administration education and health,30,8,22
S01010900,R S T U. Other,12,3,9
S01010900,Never worked,36,12,24
S01010901,All people aged 16 to 74 not in employment,175,88,87
S01010901,A B D E. Agriculture energy and water,4,2,2
S01010901,C. Manufacturing,27,16,11
S01010901,F. Construction,12,12,0
S01010901,G I. Distribution hotels and restaurants,41,22,19
S01010901,H J. Transport and communication,14,4,10
S01010901,K L M N. Financial real estate professional and administrative activities,21,12,9
S01010901,O P Q. Public administration education and health,18,1,17
S01010901,R S T U. Other,9,4,5
S01010901,Never worked,29,15,14
S01010902,All people aged 16 to 74 not in employment,333,143,190
S01010902,A B D E. Agriculture energy and water,3,2,1
S01010902,C. Manufacturing,62,36,26
S01010902,F. Construction,19,16,3
S01010902,G I. Distribution hotels and restaurants,76,39,37
S01010902,H J. Transport and communication,28,8,20
S01010902,K L M N. Financial real estate professional and administrative activities,28,11,17
S01010902,O P Q. Public administration education and health,53,12,41
S01010902,R S T U. Other,7,2,5
S01010902,Never worked,57,17,40
S01010903,All people aged 16 to 74 not in employment,338,162,176
S01010903,A B D E. Agriculture energy and water,4,4,0
S01010903,C. Manufacturing,64,40,24
S01010903,F. Construction,35,35,0
S01010903,G I. Distribution hotels and restaurants,46,15,31
S01010903,H J. Transport and communication,29,7,22
S01010903,K L M N. Financial real estate professional and administrative activities,23,12,11
S01010903,O P Q. Public administration education and health,65,16,49
S01010903,R S T U. Other,6,2,4
S01010903,Never worked,66,31,35
S01010904,All people aged 16 to 74 not in employment,223,107,116
S01010904,A B D E. Agriculture energy and water,4,4,0
S01010904,C. Manufacturing,36,23,13
S01010904,F. Construction,11,9,2
S01010904,G I. Distribution hotels and restaurants,47,22,25
S01010904,H J. Transport and communication,22,10,12
S01010904,K L M N. Financial real estate professional and administrative activities,14,3,11
S01010904,O P Q. Public administration education and health,19,5,14
S01010904,R S T U. Other,12,4,8
S01010904,Never worked,58,27,31
S01010905,All people aged 16 to 74 not in employment,187,65,122
S01010905,A B D E. Agriculture energy and water,2,2,0
S01010905,C. Manufacturing,22,13,9
S01010905,F. Construction,8,6,2
S01010905,G I. Distribution hotels and restaurants,40,8,32
S01010905,H J. Transport and communication,16,3,13
S01010905,K L M N. Financial real estate professional and administrative activities,17,5,12
S01010905,O P Q. Public administration education and health,24,6,18
S01010905,R S T U. Other,6,1,5
S01010905,Never worked,52,21,31
S01010906,All people aged 16 to 74 not in employment,281,123,158
S01010906,A B D E. Agriculture energy and water,7,5,2
S01010906,C. Manufacturing,49,31,18
S01010906,F. Construction,11,11,0
S01010906,G I. Distribution hotels and restaurants,44,19,25
S01010906,H J. Transport and communication,20,3,17
S01010906,K L M N. Financial real estate professional and administrative activities,23,10,13
S01010906,O P Q. Public administration education and health,47,8,39
S01010906,R S T U. Other,13,5,8
S01010906,Never worked,67,31,36
S01010907,All people aged 16 to 74 not in employment,74,30,44
S01010907,A B D E. Agriculture energy and water,1,1,0
S01010907,C. Manufacturing,12,3,9
S01010907,F. Construction,4,4,0
S01010907,G I. Distribution hotels and restaurants,16,5,11
S01010907,H J. Transport and communication,3,1,2
S01010907,K L M N. Financial real estate professional and administrative activities,9,5,4
S01010907,O P Q. Public administration education and health,11,1,10
S01010907,R S T U. Other,5,4,1
S01010907,Never worked,13,6,7
S01010908,All people aged 16 to 74 not in employment,178,83,95
S01010908,A B D E. Agriculture energy and water,5,3,2
S01010908,C. Manufacturing,33,16,17
S01010908,F. Construction,10,9,1
S01010908,G I. Distribution hotels and restaurants,33,20,13
S01010908,H J. Transport and communication,10,4,6
S01010908,K L M N. Financial real estate professional and administrative activities,13,6,7
S01010908,O P Q. Public administration education and health,38,8,30
S01010908,R S T U. Other,7,1,6
S01010908,Never worked,29,16,13
S01010909,All people aged 16 to 74 not in employment,202,98,104
S01010909,A B D E. Agriculture energy and water,0,0,0
S01010909,C. Manufacturing,38,17,21
S01010909,F. Construction,6,5,1
S01010909,G I. Distribution hotels and restaurants,29,11,18
S01010909,H J. Transport and communication,13,7,6
S01010909,K L M N. Financial real estate professional and administrative activities,22,11,11
S01010909,O P Q. Public administration education and health,45,13,32
S01010909,R S T U. Other,6,2,4
S01010909,Never worked,43,32,11
S01010910,All people aged 16 to 74 not in employment,197,93,104
S01010910,A B D E. Agriculture energy and water,4,2,2
S01010910,C. Manufacturing,43,29,14
S01010910,F. Construction,7,7,0
S01010910,G I. Distribution hotels and restaurants,39,23,16
S01010910,H J. Transport and communication,12,6,6
S01010910,K L M N. Financial real estate professional and administrative activities,21,9,12
S01010910,O P Q. Public administration education and health,27,5,22
S01010910,R S T U. Other,13,1,12
S01010910,Never worked,31,11,20
S01010911,All people aged 16 to 74 not in employment,226,126,100
S01010911,A B D E. Agriculture energy and water,12,10,2
S01010911,C. Manufacturing,57,32,25
S01010911,F. Construction,16,16,0
S01010911,G I. Distribution hotels and restaurants,32,20,12
S01010911,H J. Transport and communication,20,9,11
S01010911,K L M N. Financial real estate professional and administrative activities,14,9,5
S01010911,O P Q. Public administration education and health,46,13,33
S01010911,R S T U. Other,10,4,6
S01010911,Never worked,19,13,6
S01010912,All people aged 16 to 74 not in employment,287,156,131
S01010912,A B D E. Agriculture energy and water,9,6,3
S01010912,C. Manufacturing,54,33,21
S01010912,F. Construction,18,17,1
S01010912,G I. Distribution hotels and restaurants,46,24,22
S01010912,H J. Transport and communication,17,9,8
S01010912,K L M N. Financial real estate professional and administrative activities,25,13,12
S01010912,O P Q. Public administration education and health,49,18,31
S01010912,R S T U. Other,7,2,5
S01010912,Never worked,62,34,28
S01010913,All people aged 16 to 74 not in employment,176,84,92
S01010913,A B D E. Agriculture energy and water,1,1,0
S01010913,C. Manufacturing,38,21,17
S01010913,F. Construction,12,11,1
S01010913,G I. Distribution hotels and restaurants,26,10,16
S01010913,H J. Transport and communication,10,4,6
S01010913,K L M N. Financial real estate professional and administrative activities,11,6,5
S01010913,O P Q. Public administration education and health,41,10,31
S01010913,R S T U. Other,4,2,2
S01010913,Never worked,33,19,14
S01010914,All people aged 16 to 74 not in employment,152,70,82
S01010914,A B D E. Agriculture energy and water,4,3,1
S01010914,C. Manufacturing,35,20,15
S01010914,F. Construction,11,10,1
S01010914,G I. Distribution hotels and restaurants,23,11,12
S01010914,H J. Transport and communication,9,6,3
S01010914,K L M N. Financial real estate professional and administrative activities,11,3,8
S01010914,O P Q. Public administration education and health,28,4,24
S01010914,R S T U. Other,4,0,4
S01010914,Never worked,27,13,14
S01010915,All people aged 16 to 74 not in employment,186,86,100
S01010915,A B D E. Agriculture energy and water,4,4,0
S01010915,C. Manufacturing,43,18,25
S01010915,F. Construction,6,5,1
S01010915,G I. Distribution hotels and restaurants,34,20,14
S01010915,H J. Transport and communication,21,9,12
S01010915,K L M N. Financial real estate professional and administrative activities,7,3,4
S01010915,O P Q. Public administration education and health,25,3,22
S01010915,R S T U. Other,8,1,7
S01010915,Never worked,38,23,15
S01010916,All people aged 16 to 74 not in employment,255,158,97
S01010916,A B D E. Agriculture energy and water,3,3,0
S01010916,C. Manufacturing,54,36,18
S01010916,F. Construction,23,22,1
S01010916,G I. Distribution hotels and restaurants,38,24,14
S01010916,H J. Transport and communication,20,10,10
S01010916,K L M N. Financial real estate professional and administrative activities,11,6,5
S01010916,O P Q. Public administration education and health,47,22,25
S01010916,R S T U. Other,5,2,3
S01010916,Never worked,54,33,21
S01010917,All people aged 16 to 74 not in employment,228,117,111
S01010917,A B D E. Agriculture energy and water,5,2,3
S01010917,C. Manufacturing,43,24,19
S01010917,F. Construction,13,13,0
S01010917,G I. Distribution hotels and restaurants,39,23,16
S01010917,H J. Transport and communication,17,12,5
S01010917,K L M N. Financial real estate professional and administrative activities,25,16,9
S01010917,O P Q. Public administration education and health,37,4,33
S01010917,R S T U. Other,11,6,5
S01010917,Never worked,38,17,21
S01010918,All people aged 16 to 74 not in employment,255,111,144
S01010918,A B D E. Agriculture energy and water,3,2,1
S01010918,C. Manufacturing,62,34,28
S01010918,F. Construction,16,14,2
S01010918,G I. Distribution hotels and restaurants,33,15,18
S01010918,H J. Transport and communication,24,8,16
S01010918,K L M N. Financial real estate professional and administrative activities,11,6,5
S01010918,O P Q. Public administration education and health,49,9,40
S01010918,R S T U. Other,6,2,4
S01010918,Never worked,51,21,30
S01010919,All people aged 16 to 74 not in employment,288,125,163
S01010919,A B D E. Agriculture energy and water,3,2,1
S01010919,C. Manufacturing,73,38,35
S01010919,F. Construction,15,13,2
S01010919,G I. Distribution hotels and restaurants,52,18,34
S01010919,H J. Transport and communication,25,6,19
S01010919,K L M N. Financial real estate professional and administrative activities,15,5,10
S01010919,O P Q. Public administration education and health,39,13,26
S01010919,R S T U. Other,12,6,6
S01010919,Never worked,54,24,30
S01010920,All people aged 16 to 74 not in employment,242,110,132
S01010920,A B D E. Agriculture energy and water,6,3,3
S01010920,C. Manufacturing,60,33,27
S01010920,F. Construction,16,16,0
S01010920,G I. Distribution hotels and restaurants,35,12,23
S01010920,H J. Transport and communication,20,6,14
S01010920,K L M N. Financial real estate professional and administrative activities,13,6,7
S01010920,O P Q. Public administration education and health,36,7,29
S01010920,R S T U. Other,6,2,4
S01010920,Never worked,50,25,25
S01010921,All people aged 16 to 74 not in employment,238,118,120
S01010921,A B D E. Agriculture energy and water,3,2,1
S01010921,C. Manufacturing,48,25,23
S01010921,F. Construction,16,16,0
S01010921,G I. Distribution hotels and restaurants,45,26,19
S01010921,H J. Transport and communication,27,10,17
S01010921,K L M N. Financial real estate professional and administrative activities,11,5,6
S01010921,O P Q. Public administration education and health,25,6,19
S01010921,R S T U. Other,8,1,7
S01010921,Never worked,55,27,28
S01010922,All people aged 16 to 74 not in employment,329,144,185
S01010922,A B D E. Agriculture energy and water,9,5,4
S01010922,C. Manufacturing,77,43,34
S01010922,F. Construction,24,21,3
S01010922,G I. Distribution hotels and restaurants,44,18,26
S01010922,H J. Transport and communication,22,6,16
S01010922,K L M N. Financial real estate professional and administrative activities,18,6,12
S01010922,O P Q. Public administration education and health,46,11,35
S01010922,R S T U. Other,11,2,9
S01010922,Never worked,78,32,46
S01010923,All people aged 16 to 74 not in employment,342,168,174
S01010923,A B D E. Agriculture energy and water,12,8,4
S01010923,C. Manufacturing,87,49,38
S01010923,F. Construction,21,20,1
S01010923,G I. Distribution hotels and restaurants,53,30,23
S01010923,H J. Transport and communication,25,7,18
S01010923,K L M N. Financial real estate professional and administrative activities,20,9,11
S01010923,O P Q. Public administration education and health,65,17,48
S01010923,R S T U. Other,9,4,5
S01010923,Never worked,50,24,26
S01010924,All people aged 16 to 74 not in employment,202,89,113
S01010924,A B D E. Agriculture energy and water,4,4,0
S01010924,C. Manufacturing,54,29,25
S01010924,F. Construction,15,14,1
S01010924,G I. Distribution hotels and restaurants,39,17,22
S01010924,H J. Transport and communication,11,5,6
S01010924,K L M N. Financial real estate professional and administrative activities,12,6,6
S01010924,O P Q. Public administration education and health,37,3,34
S01010924,R S T U. Other,1,0,1
S01010924,Never worked,29,11,18
S01010925,All people aged 16 to 74 not in employment,308,137,171
S01010925,A B D E. Agriculture energy and water,9,6,3
S01010925,C. Manufacturing,93,56,37
S01010925,F. Construction,11,11,0
S01010925,G I. Distribution hotels and restaurants,60,23,37
S01010925,H J. Transport and communication,29,14,15
S01010925,K L M N. Financial real estate professional and administrative activities,24,8,16
S01010925,O P Q. Public administration education and health,38,5,33
S01010925,R S T U. Other,6,0,6
S01010925,Never worked,38,14,24
S01010926,All people aged 16 to 74 not in employment,301,151,150
S01010926,A B D E. Agriculture energy and water,3,1,2
S01010926,C. Manufacturing,70,40,30
S01010926,F. Construction,20,17,3
S01010926,G I. Distribution hotels and restaurants,58,33,25
S01010926,H J. Transport and communication,18,4,14
S01010926,K L M N. Financial real estate professional and administrative activities,25,13,12
S01010926,O P Q. Public administration education and health,44,10,34
S01010926,R S T U. Other,16,7,9
S01010926,Never worked,47,26,21
S01010927,All people aged 16 to 74 not in employment,186,72,114
S01010927,A B D E. Agriculture energy and water,3,2,1
S01010927,C. Manufacturing,39,19,20
S01010927,F. Construction,7,6,1
S01010927,G I. Distribution hotels and restaurants,35,16,19
S01010927,H J. Transport and communication,20,3,17
S01010927,K L M N. Financial real estate professional and administrative activities,11,4,7
S01010927,O P Q. Public administration education and health,25,7,18
S01010927,R S T U. Other,9,3,6
S01010927,Never worked,37,12,25
S01010928,All people aged 16 to 74 not in employment,267,111,156
S01010928,A B D E. Agriculture energy and water,5,3,2
S01010928,C. Manufacturing,61,33,28
S01010928,F. Construction,12,11,1
S01010928,G I. Distribution hotels and restaurants,43,15,28
S01010928,H J. Transport and communication,24,7,17
S01010928,K L M N. Financial real estate professional and administrative activities,18,7,11
S01010928,O P Q. Public administration education and health,41,10,31
S01010928,R S T U. Other,8,1,7
S01010928,Never worked,55,24,31
S01010929,All people aged 16 to 74 not in employment,256,119,137
S01010929,A B D E. Agriculture energy and water,8,4,4
S01010929,C. Manufacturing,52,24,28
S01010929,F. Construction,24,23,1
S01010929,G I. Distribution hotels and restaurants,46,24,22
S01010929,H J. Transport and communication,27,3,24
S01010929,K L M N. Financial real estate professional and administrative activities,18,11,7
S01010929,O P Q. Public administration education and health,30,9,21
S01010929,R S T U. Other,9,3,6
S01010929,Never worked,42,18,24
S01010930,All people aged 16 to 74 not in employment,146,63,83
S01010930,A B D E. Agriculture energy and water,7,7,0
S01010930,C. Manufacturing,9,5,4
S01010930,F. Construction,4,3,1
S01010930,G I. Distribution hotels and restaurants,21,12,9
S01010930,H J. Transport and communication,13,4,9
S01010930,K L M N. Financial real estate professional and administrative activities,25,7,18
S01010930,O P Q. Public administration education and health,41,13,28
S01010930,R S T U. Other,7,2,5
S01010930,Never worked,19,10,9
S01010931,All people aged 16 to 74 not in employment,114,49,65
S01010931,A B D E. Agriculture energy and water,9,8,1
S01010931,C. Manufacturing,6,4,2
S01010931,F. Construction,3,3,0
S01010931,G I. Distribution hotels and restaurants,18,11,7
S01010931,H J. Transport and communication,11,3,8
S01010931,K L M N. Financial real estate professional and administrative activities,18,5,13
S01010931,O P Q. Public administration education and health,34,9,25
S01010931,R S T U. Other,3,1,2
S01010931,Never worked,12,5,7
S01010932,All people aged 16 to 74 not in employment,148,66,82
S01010932,A B D E. Agriculture energy and water,5,5,0
S01010932,C. Manufacturing,4,1,3
S01010932,F. Construction,19,16,3
S01010932,G I. Distribution hotels and restaurants,22,9,13
S01010932,H J. Transport and communication,12,5,7
S01010932,K L M N. Financial real estate professional and administrative activities,15,9,6
S01010932,O P Q. Public administration education and health,39,8,31
S01010932,R S T U. Other,7,2,5
S01010932,Never worked,25,11,14
S01010933,All people aged 16 to 74 not in employment,161,70,91
S01010933,A B D E. Agriculture energy and water,3,2,1
S01010933,C. Manufacturing,7,5,2
S01010933,F. Construction,7,5,2
S01010933,G I. Distribution hotels and restaurants,34,19,15
S01010933,H J. Transport and communication,8,2,6
S01010933,K L M N. Financial real estate professional and administrative activities,28,9,19
S01010933,O P Q. Public administration education and health,46,15,31
S01010933,R S T U. Other,5,1,4
S01010933,Never worked,23,12,11
S01010934,All people aged 16 to 74 not in employment,230,103,127
S01010934,A B D E. Agriculture energy and water,1,1,0
S01010934,C. Manufacturing,17,10,7
S01010934,F. Construction,15,13,2
S01010934,G I. Distribution hotels and restaurants,29,8,21
S01010934,H J. Transport and communication,13,7,6
S01010934,K L M N. Financial real estate professional and administrative activities,46,21,25
S01010934,O P Q. Public administration education and health,74,24,50
S01010934,R S T U. Other,10,4,6
S01010934,Never worked,25,15,10
S01010935,All people aged 16 to 74 not in employment,214,86,128
S01010935,A B D E. Agriculture energy and water,3,3,0
S01010935,C. Manufacturing,17,13,4
S01010935,F. Construction,9,9,0
S01010935,G I. Distribution hotels and restaurants,25,9,16
S01010935,H J. Transport and communication,12,1,11
S01010935,K L M N. Financial real estate professional and administrative activities,42,20,22
S01010935,O P Q. Public administration education and health,70,17,53
S01010935,R S T U. Other,15,4,11
S01010935,Never worked,21,10,11
S01010936,All people aged 16 to 74 not in employment,174,75,99
S01010936,A B D E. Agriculture energy and water,3,2,1
S01010936,C. Manufacturing,16,8,8
S01010936,F. Construction,20,17,3
S01010936,G I. Distribution hotels and restaurants,24,16,8
S01010936,H J. Transport and communication,12,4,8
S01010936,K L M N. Financial real estate professional and administrative activities,22,8,14
S01010936,O P Q. Public administration education and health,55,13,42
S01010936,R S T U. Other,4,1,3
S01010936,Never worked,18,6,12
S01010937,All people aged 16 to 74 not in employment,161,73,88
S01010937,A B D E. Agriculture energy and water,2,1,1
S01010937,C. Manufacturing,8,4,4
S01010937,F. Construction,14,13,1
S01010937,G I. Distribution hotels and restaurants,26,9,17
S01010937,H J. Transport and communication,9,4,5
S01010937,K L M N. Financial real estate professional and administrative activities,16,10,6
S01010937,O P Q. Public administration education and health,60,21,39
S01010937,R S T U. Other,9,3,6
S01010937,Never worked,17,8,9
S01010938,All people aged 16 to 74 not in employment,245,128,117
S01010938,A B D E. Agriculture energy and water,9,8,1
S01010938,C. Manufacturing,19,12,7
S01010938,F. Construction,24,21,3
S01010938,G I. Distribution hotels and restaurants,44,22,22
S01010938,H J. Transport and communication,25,7,18
S01010938,K L M N. Financial real estate professional and administrative activities,26,10,16
S01010938,O P Q. Public administration education and health,48,18,30
S01010938,R S T U. Other,12,4,8
S01010938,Never worked,38,26,12
S01010939,All people aged 16 to 74 not in employment,135,53,82
S01010939,A B D E. Agriculture energy and water,3,3,0
S01010939,C. Manufacturing,4,4,0
S01010939,F. Construction,5,4,1
S01010939,G I. Distribution hotels and restaurants,21,9,12
S01010939,H J. Transport and communication,12,4,8
S01010939,K L M N. Financial real estate professional and administrative activities,23,5,18
S01010939,O P Q. Public administration education and health,46,12,34
S01010939,R S T U. Other,7,3,4
S01010939,Never worked,14,9,5
S01010940,All people aged 16 to 74 not in employment,151,70,81
S01010940,A B D E. Agriculture energy and water,2,2,0
S01010940,C. Manufacturing,5,4,1
S01010940,F. Construction,3,3,0
S01010940,G I. Distribution hotels and restaurants,17,8,9
S01010940,H J. Transport and communication,14,9,5
S01010940,K L M N. Financial real estate professional and administrative activities,25,11,14
S01010940,O P Q. Public administration education and health,58,20,38
S01010940,R S T U. Other,7,3,4
S01010940,Never worked,20,10,10
S01010941,All people aged 16 to 74 not in employment,215,101,114
S01010941,A B D E. Agriculture energy and water,3,3,0
S01010941,C. Manufacturing,14,9,5
S01010941,F. Construction,10,9,1
S01010941,G I. Distribution hotels and restaurants,34,16,18
S01010941,H J. Transport and communication,13,8,5
S01010941,K L M N. Financial real estate professional and administrative activities,24,9,15
S01010941,O P Q. Public administration education and health,71,27,44
S01010941,R S T U. Other,7,4,3
S01010941,Never worked,39,16,23
S01010942,All people aged 16 to 74 not in employment,187,81,106
S01010942,A B D E. Agriculture energy and water,1,1,0
S01010942,C. Manufacturing,13,11,2
S01010942,F. Construction,5,3,2
S01010942,G I. Distribution hotels and restaurants,25,7,18
S01010942,H J. Transport and communication,15,11,4
S01010942,K L M N. Financial real estate professional and administrative activities,19,9,10
S01010942,O P Q. Public administration education and health,81,21,60
S01010942,R S T U. Other,8,3,5
S01010942,Never worked,20,15,5
S01010943,All people aged 16 to 74 not in employment,165,72,93
S01010943,A B D E. Agriculture energy and water,5,4,1
S01010943,C. Manufacturing,12,6,6
S01010943,F. Construction,6,6,0
S01010943,G I. Distribution hotels and restaurants,32,15,17
S01010943,H J. Transport and communication,20,6,14
S01010943,K L M N. Financial real estate professional and administrative activities,13,7,6
S01010943,O P Q. Public administration education and health,39,12,27
S01010943,R S T U. Other,11,4,7
S01010943,Never worked,27,12,15
S01010944,All people aged 16 to 74 not in employment,164,62,102
S01010944,A B D E. Agriculture energy and water,6,5,1
S01010944,C. Manufacturing,12,5,7
S01010944,F. Construction,11,8,3
S01010944,G I. Distribution hotels and restaurants,32,9,23
S01010944,H J. Transport and communication,17,6,11
S01010944,K L M N. Financial real estate professional and administrative activities,16,5,11
S01010944,O P Q. Public administration education and health,40,11,29
S01010944,R S T U. Other,12,1,11
S01010944,Never worked,18,12,6
S01010945,All people aged 16 to 74 not in employment,127,52,75
S01010945,A B D E. Agriculture energy and water,2,2,0
S01010945,C. Manufacturing,8,6,2
S01010945,F. Construction,17,15,2
S01010945,G I. Distribution hotels and restaurants,20,9,11
S01010945,H J. Transport and communication,10,5,5
S01010945,K L M N. Financial real estate professional and administrative activities,13,2,11
S01010945,O P Q. Public administration education and health,38,8,30
S01010945,R S T U. Other,2,0,2
S01010945,Never worked,17,5,12
S01010946,All people aged 16 to 74 not in employment,193,80,113
S01010946,A B D E. Agriculture energy and water,1,1,0
S01010946,C. Manufacturing,16,7,9
S01010946,F. Construction,20,19,1
S01010946,G I. Distribution hotels and restaurants,34,18,16
S01010946,H J. Transport and communication,16,4,12
S01010946,K L M N. Financial real estate professional and administrative activities,17,7,10
S01010946,O P Q. Public administration education and health,43,6,37
S01010946,R S T U. Other,7,3,4
S01010946,Never worked,39,15,24
S01010947,All people aged 16 to 74 not in employment,156,58,98
S01010947,A B D E. Agriculture energy and water,2,0,2
S01010947,C. Manufacturing,5,4,1
S01010947,F. Construction,11,10,1
S01010947,G I. Distribution hotels and restaurants,32,14,18
S01010947,H J. Transport and communication,15,6,9
S01010947,K L M N. Financial real estate professional and administrative activities,16,5,11
S01010947,O P Q. Public administration education and health,48,9,39
S01010947,R S T U. Other,6,0,6
S01010947,Never worked,21,10,11
S01010948,All people aged 16 to 74 not in employment,185,81,104
S01010948,A B D E. Agriculture energy and water,7,6,1
S01010948,C. Manufacturing,15,5,10
S01010948,F. Construction,14,12,2
S01010948,G I. Distribution hotels and restaurants,41,19,22
S01010948,H J. Transport and communication,15,5,10
S01010948,K L M N. Financial real estate professional and administrative activities,24,14,10
S01010948,O P Q. Public administration education and health,43,8,35
S01010948,R S T U. Other,6,0,6
S01010948,Never worked,20,12,8
S01010949,All people aged 16 to 74 not in employment,223,96,127
S01010949,A B D E. Agriculture energy and water,13,10,3
S01010949,C. Manufacturing,15,8,7
S01010949,F. Construction,10,9,1
S01010949,G I. Distribution hotels and restaurants,35,9,26
S01010949,H J. Transport and communication,19,7,12
S01010949,K L M N. Financial real estate professional and administrative activities,35,13,22
S01010949,O P Q. Public administration education and health,62,22,40
S01010949,R S T U. Other,4,1,3
S01010949,Never worked,30,17,13
S01010950,All people aged 16 to 74 not in employment,236,99,137
S01010950,A B D E. Agriculture energy and water,5,5,0
S01010950,C. Manufacturing,14,10,4
S01010950,F. Construction,21,20,1
S01010950,G I. Distribution hotels and restaurants,40,11,29
S01010950,H J. Transport and communication,17,6,11
S01010950,K L M N. Financial real estate professional and administrative activities,29,13,16
S01010950,O P Q. Public administration education and health,83,23,60
S01010950,R S T U. Other,9,2,7
S01010950,Never worked,18,9,9
S01010951,All people aged 16 to 74 not in employment,145,57,88
S01010951,A B D E. Agriculture energy and water,3,1,2
S01010951,C. Manufacturing,10,8,2
S01010951,F. Construction,10,9,1
S01010951,G I. Distribution hotels and restaurants,26,12,14
S01010951,H J. Transport and communication,12,2,10
S01010951,K L M N. Financial real estate professional and administrative activities,16,5,11
S01010951,O P Q. Public administration education and health,41,8,33
S01010951,R S T U. Other,5,1,4
S01010951,Never worked,22,11,11
S01010952,All people aged 16 to 74 not in employment,92,38,54
S01010952,A B D E. Agriculture energy and water,1,1,0
S01010952,C. Manufacturing,5,4,1
S01010952,F. Construction,6,6,0
S01010952,G I. Distribution hotels and restaurants,17,9,8
S01010952,H J. Transport and communication,8,1,7
S01010952,K L M N. Financial real estate professional and administrative activities,7,1,6
S01010952,O P Q. Public administration education and health,21,5,16
S01010952,R S T U. Other,1,0,1
S01010952,Never worked,26,11,15
S01010953,All people aged 16 to 74 not in employment,122,50,72
S01010953,A B D E. Agriculture energy and water,4,3,1
S01010953,C. Manufacturing,6,1,5
S01010953,F. Construction,8,6,2
S01010953,G I. Distribution hotels and restaurants,19,9,10
S01010953,H J. Transport and communication,10,4,6
S01010953,K L M N. Financial real estate professional and administrative activities,15,4,11
S01010953,O P Q. Public administration education and health,34,11,23
S01010953,R S T U. Other,7,2,5
S01010953,Never worked,19,10,9
S01010954,All people aged 16 to 74 not in employment,124,61,63
S01010954,A B D E. Agriculture energy and water,0,0,0
S01010954,C. Manufacturing,5,4,1
S01010954,F. Construction,4,4,0
S01010954,G I. Distribution hotels and restaurants,18,10,8
S01010954,H J. Transport and communication,9,5,4
S01010954,K L M N. Financial real estate professional and administrative activities,17,5,12
S01010954,O P Q. Public administration education and health,49,22,27
S01010954,R S T U. Other,2,0,2
S01010954,Never worked,20,11,9
S01010955,All people aged 16 to 74 not in employment,212,68,144
S01010955,A B D E. Agriculture energy and water,4,3,1
S01010955,C. Manufacturing,5,3,2
S01010955,F. Construction,10,8,2
S01010955,G I. Distribution hotels and restaurants,37,6,31
S01010955,H J. Transport and communication,15,4,11
S01010955,K L M N. Financial real estate professional and administrative activities,31,7,24
S01010955,O P Q. Public administration education and health,66,17,49
S01010955,R S T U. Other,11,2,9
S01010955,Never worked,33,18,15
S01010956,All people aged 16 to 74 not in employment,163,66,97
S01010956,A B D E. Agriculture energy and water,5,4,1
S01010956,C. Manufacturing,16,10,6
S01010956,F. Construction,8,7,1
S01010956,G I. Distribution hotels and restaurants,24,9,15
S01010956,H J. Transport and communication,9,4,5
S01010956,K L M N. Financial real estate professional and administrative activities,27,12,15
S01010956,O P Q. Public administration education and health,43,7,36
S01010956,R S T U. Other,10,5,5
S01010956,Never worked,21,8,13
S01010957,All people aged 16 to 74 not in employment,140,60,80
S01010957,A B D E. Agriculture energy and water,6,5,1
S01010957,C. Manufacturing,13,13,0
S01010957,F. Construction,11,8,3
S01010957,G I. Distribution hotels and restaurants,19,10,9
S01010957,H J. Transport and communication,8,4,4
S01010957,K L M N. Financial real estate professional and administrative activities,19,8,11
S01010957,O P Q. Public administration education and health,47,7,40
S01010957,R S T U. Other,6,1,5
S01010957,Never worked,11,4,7
S01010958,All people aged 16 to 74 not in employment,133,63,70
S01010958,A B D E. Agriculture energy and water,1,1,0
S01010958,C. Manufacturing,12,10,2
S01010958,F. Construction,11,10,1
S01010958,G I. Distribution hotels and restaurants,20,14,6
S01010958,H J. Transport and communication,5,2,3
S01010958,K L M N. Financial real estate professional and administrative activities,26,8,18
S01010958,O P Q. Public administration education and health,36,11,25
S01010958,R S T U. Other,9,2,7
S01010958,Never worked,13,5,8
S01010959,All people aged 16 to 74 not in employment,143,69,74
S01010959,A B D E. Agriculture energy and water,5,4,1
S01010959,C. Manufacturing,12,8,4
S01010959,F. Construction,10,8,2
S01010959,G I. Distribution hotels and restaurants,17,8,9
S01010959,H J. Transport and communication,11,2,9
S01010959,K L M N. Financial real estate professional and administrative activities,20,14,6
S01010959,O P Q. Public administration education and health,34,11,23
S01010959,R S T U. Other,13,4,9
S01010959,Never worked,21,10,11
S01010960,All people aged 16 to 74 not in employment,288,135,153
S01010960,A B D E. Agriculture energy and water,16,14,2
S01010960,C. Manufacturing,18,11,7
S01010960,F. Construction,28,27,1
S01010960,G I. Distribution hotels and restaurants,54,24,30
S01010960,H J. Transport and communication,26,6,20
S01010960,K L M N. Financial real estate professional and administrative activities,22,10,12
S01010960,O P Q. Public administration education and health,58,13,45
S01010960,R S T U. Other,13,3,10
S01010960,Never worked,53,27,26
S01010961,All people aged 16 to 74 not in employment,141,69,72
S01010961,A B D E. Agriculture energy and water,2,2,0
S01010961,C. Manufacturing,19,12,7
S01010961,F. Construction,8,8,0
S01010961,G I. Distribution hotels and restaurants,25,11,14
S01010961,H J. Transport and communication,5,2,3
S01010961,K L M N. Financial real estate professional and administrative activities,20,13,7
S01010961,O P Q. Public administration education and health,34,12,22
S01010961,R S T U. Other,8,4,4
S01010961,Never worked,20,5,15
S01010962,All people aged 16 to 74 not in employment,200,100,100
S01010962,A B D E. Agriculture energy and water,7,7,0
S01010962,C. Manufacturing,10,7,3
S01010962,F. Construction,12,11,1
S01010962,G I. Distribution hotels and restaurants,41,20,21
S01010962,H J. Transport and communication,13,9,4
S01010962,K L M N. Financial real estate professional and administrative activities,31,15,16
S01010962,O P Q. Public administration education and health,63,19,44
S01010962,R S T U. Other,12,5,7
S01010962,Never worked,11,7,4
S01010963,All people aged 16 to 74 not in employment,186,85,101
S01010963,A B D E. Agriculture energy and water,3,3,0
S01010963,C. Manufacturing,14,6,8
S01010963,F. Construction,18,16,2
S01010963,G I. Distribution hotels and restaurants,32,12,20
S01010963,H J. Transport and communication,16,5,11
S01010963,K L M N. Financial real estate professional and administrative activities,30,12,18
S01010963,O P Q. Public administration education and health,37,11,26
S01010963,R S T U. Other,7,0,7
S01010963,Never worked,29,20,9
S01010964,All people aged 16 to 74 not in employment,151,65,86
S01010964,A B D E. Agriculture energy and water,2,1,1
S01010964,C. Manufacturing,13,6,7
S01010964,F. Construction,20,17,3
S01010964,G I. Distribution hotels and restaurants,20,10,10
S01010964,H J. Transport and communication,6,3,3
S01010964,K L M N. Financial real estate professional and administrative activities,22,11,11
S01010964,O P Q. Public administration education and health,53,12,41
S01010964,R S T U. Other,6,1,5
S01010964,Never worked,9,4,5
S01010965,All people aged 16 to 74 not in employment,150,67,83
S01010965,A B D E. Agriculture energy and water,9,7,2
S01010965,C. Manufacturing,16,11,5
S01010965,F. Construction,12,11,1
S01010965,G I. Distribution hotels and restaurants,24,12,12
S01010965,H J. Transport and communication,11,3,8
S01010965,K L M N. Financial real estate professional and administrative activities,17,8,9
S01010965,O P Q. Public administration education and health,21,0,21
S01010965,R S T U. Other,7,0,7
S01010965,Never worked,33,15,18
S01010966,All people aged 16 to 74 not in employment,203,101,102
S01010966,A B D E. Agriculture energy and water,7,5,2
S01010966,C. Manufacturing,16,10,6
S01010966,F. Construction,17,17,0
S01010966,G I. Distribution hotels and restaurants,36,18,18
S01010966,H J. Transport and communication,14,3,11
S01010966,K L M N. Financial real estate professional and administrative activities,21,13,8
S01010966,O P Q. Public administration education and health,51,9,42
S01010966,R S T U. Other,12,5,7
S01010966,Never worked,29,21,8
S01010967,All people aged 16 to 74 not in employment,176,73,103
S01010967,A B D E. Agriculture energy and water,4,3,1
S01010967,C. Manufacturing,15,8,7
S01010967,F. Construction,11,11,0
S01010967,G I. Distribution hotels and restaurants,29,13,16
S01010967,H J. Transport and communication,11,5,6
S01010967,K L M N. Financial real estate professional and administrative activities,28,9,19
S01010967,O P Q. Public administration education and health,37,9,28
S01010967,R S T U. Other,7,3,4
S01010967,Never worked,34,12,22
S01010968,All people aged 16 to 74 not in employment,194,83,111
S01010968,A B D E. Agriculture energy and water,3,3,0
S01010968,C. Manufacturing,12,7,5
S01010968,F. Construction,16,14,2
S01010968,G I. Distribution hotels and restaurants,33,17,16
S01010968,H J. Transport and communication,12,5,7
S01010968,K L M N. Financial real estate professional and administrative activities,31,10,21
S01010968,O P Q. Public administration education and health,53,11,42
S01010968,R S T U. Other,9,1,8
S01010968,Never worked,25,15,10
S01010969,All people aged 16 to 74 not in employment,170,80,90
S01010969,A B D E. Agriculture energy and water,2,2,0
S01010969,C. Manufacturing,10,5,5
S01010969,F. Construction,16,14,2
S01010969,G I. Distribution hotels and restaurants,27,10,17
S01010969,H J. Transport and communication,11,9,2
S01010969,K L M N. Financial real estate professional and administrative activities,20,8,12
S01010969,O P Q. Public administration education and health,61,24,37
S01010969,R S T U. Other,2,1,1
S01010969,Never worked,21,7,14
S01010970,All people aged 16 to 74 not in employment,227,95,132
S01010970,A B D E. Agriculture energy and water,9,9,0
S01010970,C. Manufacturing,18,10,8
S01010970,F. Construction,15,14,1
S01010970,G I. Distribution hotels and restaurants,42,19,23
S01010970,H J. Transport and communication,23,7,16
S01010970,K L M N. Financial real estate professional and administrative activities,21,4,17
S01010970,O P Q. Public administration education and health,60,17,43
S01010970,R S T U. Other,6,3,3
S01010970,Never worked,33,12,21
S01010971,All people aged 16 to 74 not in employment,213,88,125
S01010971,A B D E. Agriculture energy and water,5,3,2
S01010971,C. Manufacturing,10,6,4
S01010971,F. Construction,13,9,4
S01010971,G I. Distribution hotels and restaurants,32,12,20
S01010971,H J. Transport and communication,12,3,9
S01010971,K L M N. Financial real estate professional and administrative activities,24,8,16
S01010971,O P Q. Public administration education and health,71,22,49
S01010971,R S T U. Other,11,2,9
S01010971,Never worked,35,23,12
S01010972,All people aged 16 to 74 not in employment,237,87,150
S01010972,A B D E. Agriculture energy and water,11,10,1
S01010972,C. Manufacturing,5,2,3
S01010972,F. Construction,16,14,2
S01010972,G I. Distribution hotels and restaurants,48,17,31
S01010972,H J. Transport and communication,15,7,8
S01010972,K L M N. Financial real estate professional and administrative activities,30,11,19
S01010972,O P Q. Public administration education and health,52,5,47
S01010972,R S T U. Other,9,2,7
S01010972,Never worked,51,19,32
S01010973,All people aged 16 to 74 not in employment,142,61,81
S01010973,A B D E. Agriculture energy and water,2,2,0
S01010973,C. Manufacturing,13,7,6
S01010973,F. Construction,11,10,1
S01010973,G I. Distribution hotels and restaurants,25,12,13
S01010973,H J. Transport and communication,4,1,3
S01010973,K L M N. Financial real estate professional and administrative activities,16,7,9
S01010973,O P Q. Public administration education and health,47,9,38
S01010973,R S T U. Other,4,1,3
S01010973,Never worked,20,12,8
S01010974,All people aged 16 to 74 not in employment,180,84,96
S01010974,A B D E. Agriculture energy and water,3,3,0
S01010974,C. Manufacturing,22,14,8
S01010974,F. Construction,13,13,0
S01010974,G I. Distribution hotels and restaurants,39,17,22
S01010974,H J. Transport and communication,8,2,6
S01010974,K L M N. Financial real estate professional and administrative activities,22,10,12
S01010974,O P Q. Public administration education and health,43,11,32
S01010974,R S T U. Other,5,3,2
S01010974,Never worked,25,11,14
S01010975,All people aged 16 to 74 not in employment,147,62,85
S01010975,A B D E. Agriculture energy and water,3,3,0
S01010975,C. Manufacturing,13,6,7
S01010975,F. Construction,8,8,0
S01010975,G I. Distribution hotels and restaurants,32,12,20
S01010975,H J. Transport and communication,9,1,8
S01010975,K L M N. Financial real estate professional and administrative activities,14,8,6
S01010975,O P Q. Public administration education and health,37,10,27
S01010975,R S T U. Other,4,1,3
S01010975,Never worked,27,13,14
S01010976,All people aged 16 to 74 not in employment,132,66,66
S01010976,A B D E. Agriculture energy and water,5,5,0
S01010976,C. Manufacturing,6,5,1
S01010976,F. Construction,10,10,0
S01010976,G I. Distribution hotels and restaurants,29,11,18
S01010976,H J. Transport and communication,4,2,2
S01010976,K L M N. Financial real estate professional and administrative activities,11,8,3
S01010976,O P Q. Public administration education and health,32,9,23
S01010976,R S T U. Other,2,0,2
S01010976,Never worked,33,16,17
S01010977,All people aged 16 to 74 not in employment,165,73,92
S01010977,A B D E. Agriculture energy and water,3,3,0
S01010977,C. Manufacturing,13,10,3
S01010977,F. Construction,14,13,1
S01010977,G I. Distribution hotels and restaurants,30,12,18
S01010977,H J. Transport and communication,9,2,7
S01010977,K L M N. Financial real estate professional and administrative activities,16,8,8
S01010977,O P Q. Public administration education and health,41,9,32
S01010977,R S T U. Other,6,1,5
S01010977,Never worked,33,15,18
S01010978,All people aged 16 to 74 not in employment,183,81,102
S01010978,A B D E. Agriculture energy and water,5,5,0
S01010978,C. Manufacturing,15,6,9
S01010978,F. Construction,17,14,3
S01010978,G I. Distribution hotels and restaurants,30,15,15
S01010978,H J. Transport and communication,18,5,13
S01010978,K L M N. Financial real estate professional and administrative activities,14,4,10
S01010978,O P Q. Public administration education and health,46,12,34
S01010978,R S T U. Other,10,5,5
S01010978,Never worked,28,15,13
S01010979,All people aged 16 to 74 not in employment,200,86,114
S01010979,A B D E. Agriculture energy and water,7,5,2
S01010979,C. Manufacturing,11,6,5
S01010979,F. Construction,13,12,1
S01010979,G I. Distribution hotels and restaurants,31,12,19
S01010979,H J. Transport and communication,11,1,10
S01010979,K L M N. Financial real estate professional and administrative activities,23,13,10
S01010979,O P Q. Public administration education and health,45,10,35
S01010979,R S T U. Other,16,7,9
S01010979,Never worked,43,20,23
S01010980,All people aged 16 to 74 not in employment,196,92,104
S01010980,A B D E. Agriculture energy and water,4,4,0
S01010980,C. Manufacturing,19,11,8
S01010980,F. Construction,20,20,0
S01010980,G I. Distribution hotels and restaurants,25,7,18
S01010980,H J. Transport and communication,15,3,12
S01010980,K L M N. Financial real estate professional and administrative activities,25,11,14
S01010980,O P Q. Public administration education and health,46,13,33
S01010980,R S T U. Other,8,5,3
S01010980,Never worked,34,18,16
S01010981,All people aged 16 to 74 not in employment,223,100,123
S01010981,A B D E. Agriculture energy and water,9,8,1
S01010981,C. Manufacturing,18,10,8
S01010981,F. Construction,16,14,2
S01010981,G I. Distribution hotels and restaurants,37,20,17
S01010981,H J. Transport and communication,13,2,11
S01010981,K L M N. Financial real estate professional and administrative activities,25,14,11
S01010981,O P Q. Public administration education and health,52,15,37
S01010981,R S T U. Other,15,2,13
S01010981,Never worked,38,15,23
S01010982,All people aged 16 to 74 not in employment,318,139,179
S01010982,A B D E. Agriculture energy and water,8,5,3
S01010982,C. Manufacturing,28,16,12
S01010982,F. Construction,27,22,5
S01010982,G I. Distribution hotels and restaurants,38,15,23
S01010982,H J. Transport and communication,16,10,6
S01010982,K L M N. Financial real estate professional and administrative activities,55,26,29
S01010982,O P Q. Public administration education and health,94,25,69
S01010982,R S T U. Other,11,3,8
S01010982,Never worked,41,17,24
S01010983,All people aged 16 to 74 not in employment,190,68,122
S01010983,A B D E. Agriculture energy and water,2,2,0
S01010983,C. Manufacturing,18,6,12
S01010983,F. Construction,17,16,1
S01010983,G I. Distribution hotels and restaurants,22,7,15
S01010983,H J. Transport and communication,10,6,4
S01010983,K L M N. Financial real estate professional and administrative activities,27,7,20
S01010983,O P Q. Public administration education and health,60,9,51
S01010983,R S T U. Other,8,2,6
S01010983,Never worked,26,13,13
S01010984,All people aged 16 to 74 not in employment,237,101,136
S01010984,A B D E. Agriculture energy and water,7,5,2
S01010984,C. Manufacturing,21,11,10
S01010984,F. Construction,18,16,2
S01010984,G I. Distribution hotels and restaurants,36,15,21
S01010984,H J. Transport and communication,13,9,4
S01010984,K L M N. Financial real estate professional and administrative activities,29,15,14
S01010984,O P Q. Public administration education and health,79,17,62
S01010984,R S T U. Other,8,2,6
S01010984,Never worked,26,11,15
S01010985,All people aged 16 to 74 not in employment,142,63,79
S01010985,A B D E. Agriculture energy and water,2,1,1
S01010985,C. Manufacturing,7,5,2
S01010985,F. Construction,11,10,1
S01010985,G I. Distribution hotels and restaurants,21,7,14
S01010985,H J. Transport and communication,13,4,9
S01010985,K L M N. Financial real estate professional and administrative activities,18,10,8
S01010985,O P Q. Public administration education and health,43,12,31
S01010985,R S T U. Other,3,0,3
S01010985,Never worked,24,14,10
S01010986,All people aged 16 to 74 not in employment,82,35,47
S01010986,A B D E. Agriculture energy and water,4,2,2
S01010986,C. Manufacturing,4,4,0
S01010986,F. Construction,3,3,0
S01010986,G I. Distribution hotels and restaurants,15,6,9
S01010986,H J. Transport and communication,3,1,2
S01010986,K L M N. Financial real estate professional and administrative activities,13,7,6
S01010986,O P Q. Public administration education and health,23,4,19
S01010986,R S T U. Other,1,0,1
S01010986,Never worked,16,8,8
S01010987,All people aged 16 to 74 not in employment,84,28,56
S01010987,A B D E. Agriculture energy and water,2,2,0
S01010987,C. Manufacturing,3,0,3
S01010987,F. Construction,4,2,2
S01010987,G I. Distribution hotels and restaurants,9,3,6
S01010987,H J. Transport and communication,3,1,2
S01010987,K L M N. Financial real estate professional and administrative activities,18,4,14
S01010987,O P Q. Public administration education and health,25,4,21
S01010987,R S T U. Other,1,1,0
S01010987,Never worked,19,11,8
S01010988,All people aged 16 to 74 not in employment,94,42,52
S01010988,A B D E. Agriculture energy and water,0,0,0
S01010988,C. Manufacturing,5,4,1
S01010988,F. Construction,4,3,1
S01010988,G I. Distribution hotels and restaurants,14,8,6
S01010988,H J. Transport and communication,10,3,7
S01010988,K L M N. Financial real estate professional and administrative activities,12,3,9
S01010988,O P Q. Public administration education and health,23,6,17
S01010988,R S T U. Other,5,1,4
S01010988,Never worked,21,14,7
S01010989,All people aged 16 to 74 not in employment,64,23,41
S01010989,A B D E. Agriculture energy and water,1,0,1
S01010989,C. Manufacturing,3,2,1
S01010989,F. Construction,3,2,1
S01010989,G I. Distribution hotels and restaurants,10,3,7
S01010989,H J. Transport and communication,4,1,3
S01010989,K L M N. Financial real estate professional and administrative activities,8,3,5
S01010989,O P Q. Public administration education and health,18,5,13
S01010989,R S T U. Other,5,0,5
S01010989,Never worked,12,7,5
S01010990,All people aged 16 to 74 not in employment,218,97,121
S01010990,A B D E. Agriculture energy and water,9,8,1
S01010990,C. Manufacturing,26,11,15
S01010990,F. Construction,12,9,3
S01010990,G I. Distribution hotels and restaurants,44,24,20
S01010990,H J. Transport and communication,18,7,11
S01010990,K L M N. Financial real estate professional and administrative activities,25,7,18
S01010990,O P Q. Public administration education and health,50,14,36
S01010990,R S T U. Other,16,10,6
S01010990,Never worked,18,7,11
S01010991,All people aged 16 to 74 not in employment,122,57,65
S01010991,A B D E. Agriculture energy and water,3,3,0
S01010991,C. Manufacturing,8,5,3
S01010991,F. Construction,9,9,0
S01010991,G I. Distribution hotels and restaurants,29,13,16
S01010991,H J. Transport and communication,6,2,4
S01010991,K L M N. Financial real estate professional and administrative activities,15,4,11
S01010991,O P Q. Public administration education and health,32,12,20
S01010991,R S T U. Other,7,2,5
S01010991,Never worked,13,7,6
S01010992,All people aged 16 to 74 not in employment,78,28,50
S01010992,A B D E. Agriculture energy and water,1,1,0
S01010992,C. Manufacturing,2,1,1
S01010992,F. Construction,2,1,1
S01010992,G I. Distribution hotels and restaurants,11,5,6
S01010992,H J. Transport and communication,7,2,5
S01010992,K L M N. Financial real estate professional and administrative activities,25,6,19
S01010992,O P Q. Public administration education and health,7,2,5
S01010992,R S T U. Other,4,1,3
S01010992,Never worked,19,9,10
S01010993,All people aged 16 to 74 not in employment,135,60,75
S01010993,A B D E. Agriculture energy and water,3,2,1
S01010993,C. Manufacturing,7,3,4
S01010993,F. Construction,10,8,2
S01010993,G I. Distribution hotels and restaurants,25,11,14
S01010993,H J. Transport and communication,9,3,6
S01010993,K L M N. Financial real estate professional and administrative activities,24,12,12
S01010993,O P Q. Public administration education and health,40,11,29
S01010993,R S T U. Other,4,2,2
S01010993,Never worked,13,8,5
S01010994,All people aged 16 to 74 not in employment,245,112,133
S01010994,A B D E. Agriculture energy and water,4,1,3
S01010994,C. Manufacturing,16,7,9
S01010994,F. Construction,14,13,1
S01010994,G I. Distribution hotels and restaurants,32,15,17
S01010994,H J. Transport and communication,19,13,6
S01010994,K L M N. Financial real estate professional and administrative activities,31,19,12
S01010994,O P Q. Public administration education and health,85,18,67
S01010994,R S T U. Other,14,5,9
S01010994,Never worked,30,21,9
S01010995,All people aged 16 to 74 not in employment,169,79,90
S01010995,A B D E. Agriculture energy and water,2,1,1
S01010995,C. Manufacturing,10,8,2
S01010995,F. Construction,11,10,1
S01010995,G I. Distribution hotels and restaurants,34,19,15
S01010995,H J. Transport and communication,10,6,4
S01010995,K L M N. Financial real estate professional and administrative activities,28,12,16
S01010995,O P Q. Public administration education and health,50,16,34
S01010995,R S T U. Other,7,2,5
S01010995,Never worked,17,5,12
S01010996,All people aged 16 to 74 not in employment,112,46,66
S01010996,A B D E. Agriculture energy and water,3,3,0
S01010996,C. Manufacturing,8,4,4
S01010996,F. Construction,5,4,1
S01010996,G I. Distribution hotels and restaurants,23,8,15
S01010996,H J. Transport and communication,6,3,3
S01010996,K L M N. Financial real estate professional and administrative activities,14,6,8
S01010996,O P Q. Public administration education and health,34,6,28
S01010996,R S T U. Other,2,1,1
S01010996,Never worked,17,11,6
S01010997,All people aged 16 to 74 not in employment,193,78,115
S01010997,A B D E. Agriculture energy and water,5,3,2
S01010997,C. Manufacturing,11,2,9
S01010997,F. Construction,14,10,4
S01010997,G I. Distribution hotels and restaurants,35,14,21
S01010997,H J. Transport and communication,11,6,5
S01010997,K L M N. Financial real estate professional and administrative activities,31,11,20
S01010997,O P Q. Public administration education and health,67,24,43
S01010997,R S T U. Other,5,3,2
S01010997,Never worked,14,5,9
S01010998,All people aged 16 to 74 not in employment,130,49,81
S01010998,A B D E. Agriculture energy and water,2,0,2
S01010998,C. Manufacturing,3,2,1
S01010998,F. Construction,8,5,3
S01010998,G I. Distribution hotels and restaurants,15,4,11
S01010998,H J. Transport and communication,6,2,4
S01010998,K L M N. Financial real estate professional and administrative activities,27,11,16
S01010998,O P Q. Public administration education and health,48,14,34
S01010998,R S T U. Other,6,0,6
S01010998,Never worked,15,11,4
S01010999,All people aged 16 to 74 not in employment,269,118,151
S01010999,A B D E. Agriculture energy and water,8,5,3
S01010999,C. Manufacturing,19,11,8
S01010999,F. Construction,15,14,1
S01010999,G I. Distribution hotels and restaurants,26,8,18
S01010999,H J. Transport and communication,17,7,10
S01010999,K L M N. Financial real estate professional and administrative activities,43,21,22
S01010999,O P Q. Public administration education and health,91,29,62
S01010999,R S T U. Other,14,2,12
S01010999,Never worked,36,21,15
S01011000,All people aged 16 to 74 not in employment,206,88,118
S01011000,A B D E. Agriculture energy and water,11,9,2
S01011000,C. Manufacturing,12,6,6
S01011000,F. Construction,16,14,2
S01011000,G I. Distribution hotels and restaurants,45,19,26
S01011000,H J. Transport and communication,11,4,7
S01011000,K L M N. Financial real estate professional and administrative activities,19,5,14
S01011000,O P Q. Public administration education and health,55,14,41
S01011000,R S T U. Other,12,3,9
S01011000,Never worked,25,14,11
S01011001,All people aged 16 to 74 not in employment,167,79,88
S01011001,A B D E. Agriculture energy and water,4,3,1
S01011001,C. Manufacturing,6,5,1
S01011001,F. Construction,13,13,0
S01011001,G I. Distribution hotels and restaurants,38,19,19
S01011001,H J. Transport and communication,11,5,6
S01011001,K L M N. Financial real estate professional and administrative activities,21,11,10
S01011001,O P Q. Public administration education and health,33,6,27
S01011001,R S T U. Other,10,3,7
S01011001,Never worked,31,14,17
S01011002,All people aged 16 to 74 not in employment,190,84,106
S01011002,A B D E. Agriculture energy and water,13,12,1
S01011002,C. Manufacturing,12,2,10
S01011002,F. Construction,11,9,2
S01011002,G I. Distribution hotels and restaurants,40,24,16
S01011002,H J. Transport and communication,15,3,12
S01011002,K L M N. Financial real estate professional and administrative activities,16,6,10
S01011002,O P Q. Public administration education and health,53,11,42
S01011002,R S T U. Other,7,3,4
S01011002,Never worked,23,14,9
S01011003,All people aged 16 to 74 not in employment,164,78,86
S01011003,A B D E. Agriculture energy and water,3,3,0
S01011003,C. Manufacturing,9,6,3
S01011003,F. Construction,13,13,0
S01011003,G I. Distribution hotels and restaurants,26,11,15
S01011003,H J. Transport and communication,22,11,11
S01011003,K L M N. Financial real estate professional and administrative activities,24,12,12
S01011003,O P Q. Public administration education and health,27,3,24
S01011003,R S T U. Other,8,2,6
S01011003,Never worked,32,17,15
S01011004,All people aged 16 to 74 not in employment,112,43,69
S01011004,A B D E. Agriculture energy and water,1,1,0
S01011004,C. Manufacturing,8,4,4
S01011004,F. Construction,8,8,0
S01011004,G I. Distribution hotels and restaurants,17,8,9
S01011004,H J. Transport and communication,8,2,6
S01011004,K L M N. Financial real estate professional and administrative activities,15,4,11
S01011004,O P Q. Public administration education and health,31,6,25
S01011004,R S T U. Other,3,0,3
S01011004,Never worked,21,10,11
S01011005,All people aged 16 to 74 not in employment,205,87,118
S01011005,A B D E. Agriculture energy and water,7,5,2
S01011005,C. Manufacturing,17,7,10
S01011005,F. Construction,16,13,3
S01011005,G I. Distribution hotels and restaurants,35,10,25
S01011005,H J. Transport and communication,13,2,11
S01011005,K L M N. Financial real estate professional and administrative activities,19,12,7
S01011005,O P Q. Public administration education and health,60,14,46
S01011005,R S T U. Other,14,8,6
S01011005,Never worked,24,16,8
S01011006,All people aged 16 to 74 not in employment,192,79,113
S01011006,A B D E. Agriculture energy and water,11,9,2
S01011006,C. Manufacturing,10,6,4
S01011006,F. Construction,16,15,1
S01011006,G I. Distribution hotels and restaurants,42,11,31
S01011006,H J. Transport and communication,13,4,9
S01011006,K L M N. Financial real estate professional and administrative activities,20,8,12
S01011006,O P Q. Public administration education and health,44,10,34
S01011006,R S T U. Other,6,1,5
S01011006,Never worked,30,15,15
S01011007,All people aged 16 to 74 not in employment,175,83,92
S01011007,A B D E. Agriculture energy and water,8,6,2
S01011007,C. Manufacturing,18,10,8
S01011007,F. Construction,16,16,0
S01011007,G I. Distribution hotels and restaurants,29,17,12
S01011007,H J. Transport and communication,12,4,8
S01011007,K L M N. Financial real estate professional and administrative activities,21,6,15
S01011007,O P Q. Public administration education and health,38,8,30
S01011007,R S T U. Other,7,0,7
S01011007,Never worked,26,16,10
S01011008,All people aged 16 to 74 not in employment,239,107,132
S01011008,A B D E. Agriculture energy and water,5,5,0
S01011008,C. Manufacturing,27,16,11
S01011008,F. Construction,16,15,1
S01011008,G I. Distribution hotels and restaurants,53,26,27
S01011008,H J. Transport and communication,23,5,18
S01011008,K L M N. Financial real estate professional and administrative activities,19,12,7
S01011008,O P Q. Public administration education and health,58,12,46
S01011008,R S T U. Other,7,2,5
S01011008,Never worked,31,14,17
S01011009,All people aged 16 to 74 not in employment,114,55,59
S01011009,A B D E. Agriculture energy and water,3,3,0
S01011009,C. Manufacturing,7,3,4
S01011009,F. Construction,17,16,1
S01011009,G I. Distribution hotels and restaurants,20,5,15
S01011009,H J. Transport and communication,4,2,2
S01011009,K L M N. Financial real estate professional and administrative activities,15,10,5
S01011009,O P Q. Public administration education and health,21,6,15
S01011009,R S T U. Other,4,1,3
S01011009,Never worked,23,9,14
S01011010,All people aged 16 to 74 not in employment,186,83,103
S01011010,A B D E. Agriculture energy and water,6,5,1
S01011010,C. Manufacturing,2,1,1
S01011010,F. Construction,14,11,3
S01011010,G I. Distribution hotels and restaurants,29,13,16
S01011010,H J. Transport and communication,18,7,11
S01011010,K L M N. Financial real estate professional and administrative activities,17,8,9
S01011010,O P Q. Public administration education and health,40,10,30
S01011010,R S T U. Other,12,6,6
S01011010,Never worked,48,22,26
S01011011,All people aged 16 to 74 not in employment,272,128,144
S01011011,A B D E. Agriculture energy and water,7,7,0
S01011011,C. Manufacturing,13,9,4
S01011011,F. Construction,21,20,1
S01011011,G I. Distribution hotels and restaurants,37,17,20
S01011011,H J. Transport and communication,28,17,11
S01011011,K L M N. Financial real estate professional and administrative activities,29,8,21
S01011011,O P Q. Public administration education and health,58,13,45
S01011011,R S T U. Other,18,10,8
S01011011,Never worked,61,27,34
S01011012,All people aged 16 to 74 not in employment,233,103,130
S01011012,A B D E. Agriculture energy and water,10,7,3
S01011012,C. Manufacturing,12,4,8
S01011012,F. Construction,16,14,2
S01011012,G I. Distribution hotels and restaurants,50,25,25
S01011012,H J. Transport and communication,17,8,9
S01011012,K L M N. Financial real estate professional and administrative activities,26,8,18
S01011012,O P Q. Public administration education and health,53,12,41
S01011012,R S T U. Other,4,1,3
S01011012,Never worked,45,24,21
S01011013,All people aged 16 to 74 not in employment,216,90,126
S01011013,A B D E. Agriculture energy and water,7,7,0
S01011013,C. Manufacturing,21,9,12
S01011013,F. Construction,15,13,2
S01011013,G I. Distribution hotels and restaurants,41,14,27
S01011013,H J. Transport and communication,16,5,11
S01011013,K L M N. Financial real estate professional and administrative activities,32,13,19
S01011013,O P Q. Public administration education and health,50,14,36
S01011013,R S T U. Other,14,4,10
S01011013,Never worked,20,11,9
S01011014,All people aged 16 to 74 not in employment,199,90,109
S01011014,A B D E. Agriculture energy and water,2,2,0
S01011014,C. Manufacturing,14,11,3
S01011014,F. Construction,17,14,3
S01011014,G I. Distribution hotels and restaurants,37,13,24
S01011014,H J. Transport and communication,10,6,4
S01011014,K L M N. Financial real estate professional and administrative activities,35,11,24
S01011014,O P Q. Public administration education and health,49,17,32
S01011014,R S T U. Other,10,4,6
S01011014,Never worked,25,12,13
S01011015,All people aged 16 to 74 not in employment,109,43,66
S01011015,A B D E. Agriculture energy and water,2,2,0
S01011015,C. Manufacturing,9,3,6
S01011015,F. Construction,4,4,0
S01011015,G I. Distribution hotels and restaurants,23,9,14
S01011015,H J. Transport and communication,9,3,6
S01011015,K L M N. Financial real estate professional and administrative activities,18,7,11
S01011015,O P Q. Public administration education and health,26,9,17
S01011015,R S T U. Other,2,2,0
S01011015,Never worked,16,4,12
S01011016,All people aged 16 to 74 not in employment,131,58,73
S01011016,A B D E. Agriculture energy and water,0,0,0
S01011016,C. Manufacturing,2,1,1
S01011016,F. Construction,10,9,1
S01011016,G I. Distribution hotels and restaurants,23,11,12
S01011016,H J. Transport and communication,12,7,5
S01011016,K L M N. Financial real estate professional and administrative activities,22,10,12
S01011016,O P Q. Public administration education and health,27,6,21
S01011016,R S T U. Other,4,1,3
S01011016,Never worked,31,13,18
S01011017,All people aged 16 to 74 not in employment,192,78,114
S01011017,A B D E. Agriculture energy and water,3,2,1
S01011017,C. Manufacturing,17,11,6
S01011017,F. Construction,11,8,3
S01011017,G I. Distribution hotels and restaurants,25,8,17
S01011017,H J. Transport and communication,11,6,5
S01011017,K L M N. Financial real estate professional and administrative activities,32,11,21
S01011017,O P Q. Public administration education and health,64,19,45
S01011017,R S T U. Other,4,1,3
S01011017,Never worked,25,12,13
S01011018,All people aged 16 to 74 not in employment,202,92,110
S01011018,A B D E. Agriculture energy and water,8,7,1
S01011018,C. Manufacturing,8,5,3
S01011018,F. Construction,21,18,3
S01011018,G I. Distribution hotels and restaurants,39,17,22
S01011018,H J. Transport and communication,9,3,6
S01011018,K L M N. Financial real estate professional and administrative activities,23,8,15
S01011018,O P Q. Public administration education and health,53,12,41
S01011018,R S T U. Other,9,4,5
S01011018,Never worked,32,18,14
S01011019,All people aged 16 to 74 not in employment,206,88,118
S01011019,A B D E. Agriculture energy and water,8,7,1
S01011019,C. Manufacturing,9,7,2
S01011019,F. Construction,14,11,3
S01011019,G I. Distribution hotels and restaurants,35,15,20
S01011019,H J. Transport and communication,23,10,13
S01011019,K L M N. Financial real estate professional and administrative activities,30,9,21
S01011019,O P Q. Public administration education and health,44,10,34
S01011019,R S T U. Other,9,3,6
S01011019,Never worked,34,16,18
S01011020,All people aged 16 to 74 not in employment,96,45,51
S01011020,A B D E. Agriculture energy and water,5,3,2
S01011020,C. Manufacturing,3,3,0
S01011020,F. Construction,10,10,0
S01011020,G I. Distribution hotels and restaurants,15,7,8
S01011020,H J. Transport and communication,3,1,2
S01011020,K L M N. Financial real estate professional and administrative activities,12,4,8
S01011020,O P Q. Public administration education and health,34,10,24
S01011020,R S T U. Other,6,1,5
S01011020,Never worked,8,6,2
S01011021,All people aged 16 to 74 not in employment,251,106,145
S01011021,A B D E. Agriculture energy and water,10,7,3
S01011021,C. Manufacturing,17,7,10
S01011021,F. Construction,13,11,2
S01011021,G I. Distribution hotels and restaurants,44,20,24
S01011021,H J. Transport and communication,19,4,15
S01011021,K L M N. Financial real estate professional and administrative activities,24,11,13
S01011021,O P Q. Public administration education and health,58,14,44
S01011021,R S T U. Other,5,0,5
S01011021,Never worked,61,32,29
S01011022,All people aged 16 to 74 not in employment,145,63,82
S01011022,A B D E. Agriculture energy and water,11,11,0
S01011022,C. Manufacturing,15,8,7
S01011022,F. Construction,5,5,0
S01011022,G I. Distribution hotels and restaurants,30,10,20
S01011022,H J. Transport and communication,13,4,9
S01011022,K L M N. Financial real estate professional and administrative activities,15,4,11
S01011022,O P Q. Public administration education and health,18,4,14
S01011022,R S T U. Other,7,3,4
S01011022,Never worked,31,14,17
S01011023,All people aged 16 to 74 not in employment,205,81,124
S01011023,A B D E. Agriculture energy and water,9,8,1
S01011023,C. Manufacturing,10,4,6
S01011023,F. Construction,11,10,1
S01011023,G I. Distribution hotels and restaurants,32,14,18
S01011023,H J. Transport and communication,21,5,16
S01011023,K L M N. Financial real estate professional and administrative activities,20,12,8
S01011023,O P Q. Public administration education and health,43,8,35
S01011023,R S T U. Other,9,2,7
S01011023,Never worked,50,18,32
S01011024,All people aged 16 to 74 not in employment,226,98,128
S01011024,A B D E. Agriculture energy and water,9,9,0
S01011024,C. Manufacturing,14,5,9
S01011024,F. Construction,17,16,1
S01011024,G I. Distribution hotels and restaurants,30,15,15
S01011024,H J. Transport and communication,17,5,12
S01011024,K L M N. Financial real estate professional and administrative activities,23,6,17
S01011024,O P Q. Public administration education and health,45,9,36
S01011024,R S T U. Other,9,2,7
S01011024,Never worked,62,31,31
S01011025,All people aged 16 to 74 not in employment,185,101,84
S01011025,A B D E. Agriculture energy and water,3,2,1
S01011025,C. Manufacturing,14,8,6
S01011025,F. Construction,17,16,1
S01011025,G I. Distribution hotels and restaurants,38,19,19
S01011025,H J. Transport and communication,12,3,9
S01011025,K L M N. Financial real estate professional and administrative activities,23,17,6
S01011025,O P Q. Public administration education and health,35,7,28
S01011025,R S T U. Other,7,3,4
S01011025,Never worked,36,26,10
S01011026,All people aged 16 to 74 not in employment,184,82,102
S01011026,A B D E. Agriculture energy and water,9,8,1
S01011026,C. Manufacturing,17,9,8
S01011026,F. Construction,8,7,1
S01011026,G I. Distribution hotels and restaurants,35,22,13
S01011026,H J. Transport and communication,18,4,14
S01011026,K L M N. Financial real estate professional and administrative activities,26,12,14
S01011026,O P Q. Public administration education and health,41,10,31
S01011026,R S T U. Other,8,1,7
S01011026,Never worked,22,9,13
S01011027,All people aged 16 to 74 not in employment,240,90,150
S01011027,A B D E. Agriculture energy and water,6,4,2
S01011027,C. Manufacturing,9,5,4
S01011027,F. Construction,12,11,1
S01011027,G I. Distribution hotels and restaurants,51,20,31
S01011027,H J. Transport and communication,24,3,21
S01011027,K L M N. Financial real estate professional and administrative activities,25,13,12
S01011027,O P Q. Public administration education and health,48,12,36
S01011027,R S T U. Other,12,3,9
S01011027,Never worked,53,19,34
S01011028,All people aged 16 to 74 not in employment,318,119,199
S01011028,A B D E. Agriculture energy and water,6,6,0
S01011028,C. Manufacturing,21,12,9
S01011028,F. Construction,28,25,3
S01011028,G I. Distribution hotels and restaurants,66,30,36
S01011028,H J. Transport and communication,27,5,22
S01011028,K L M N. Financial real estate professional and administrative activities,37,10,27
S01011028,O P Q. Public administration education and health,62,12,50
S01011028,R S T U. Other,21,5,16
S01011028,Never worked,50,14,36
S01011029,All people aged 16 to 74 not in employment,176,73,103
S01011029,A B D E. Agriculture energy and water,1,0,1
S01011029,C. Manufacturing,16,9,7
S01011029,F. Construction,11,11,0
S01011029,G I. Distribution hotels and restaurants,42,21,21
S01011029,H J. Transport and communication,14,5,9
S01011029,K L M N. Financial real estate professional and administrative activities,18,4,14
S01011029,O P Q. Public administration education and health,38,8,30
S01011029,R S T U. Other,5,2,3
S01011029,Never worked,31,13,18
S01011030,All people aged 16 to 74 not in employment,214,91,123
S01011030,A B D E. Agriculture energy and water,5,5,0
S01011030,C. Manufacturing,26,15,11
S01011030,F. Construction,12,12,0
S01011030,G I. Distribution hotels and restaurants,32,14,18
S01011030,H J. Transport and communication,14,4,10
S01011030,K L M N. Financial real estate professional and administrative activities,19,6,13
S01011030,O P Q. Public administration education and health,54,13,41
S01011030,R S T U. Other,7,2,5
S01011030,Never worked,45,20,25
S01011031,All people aged 16 to 74 not in employment,206,99,107
S01011031,A B D E. Agriculture energy and water,8,7,1
S01011031,C. Manufacturing,20,11,9
S01011031,F. Construction,18,18,0
S01011031,G I. Distribution hotels and restaurants,30,10,20
S01011031,H J. Transport and communication,14,7,7
S01011031,K L M N. Financial real estate professional and administrative activities,28,15,13
S01011031,O P Q. Public administration education and health,46,8,38
S01011031,R S T U. Other,4,1,3
S01011031,Never worked,38,22,16
S01011032,All people aged 16 to 74 not in employment,239,112,127
S01011032,A B D E. Agriculture energy and water,9,8,1
S01011032,C. Manufacturing,10,6,4
S01011032,F. Construction,20,20,0
S01011032,G I. Distribution hotels and restaurants,41,18,23
S01011032,H J. Transport and communication,20,10,10
S01011032,K L M N. Financial real estate professional and administrative activities,29,16,13
S01011032,O P Q. Public administration education and health,60,12,48
S01011032,R S T U. Other,4,2,2
S01011032,Never worked,46,20,26
S01011033,All people aged 16 to 74 not in employment,120,54,66
S01011033,A B D E. Agriculture energy and water,4,3,1
S01011033,C. Manufacturing,5,3,2
S01011033,F. Construction,9,4,5
S01011033,G I. Distribution hotels and restaurants,16,8,8
S01011033,H J. Transport and communication,11,8,3
S01011033,K L M N. Financial real estate professional and administrative activities,17,8,9
S01011033,O P Q. Public administration education and health,39,8,31
S01011033,R S T U. Other,2,0,2
S01011033,Never worked,17,12,5
S01011034,All people aged 16 to 74 not in employment,178,84,94
S01011034,A B D E. Agriculture energy and water,10,9,1
S01011034,C. Manufacturing,14,6,8
S01011034,F. Construction,15,14,1
S01011034,G I. Distribution hotels and restaurants,40,18,22
S01011034,H J. Transport and communication,10,5,5
S01011034,K L M N. Financial real estate professional and administrative activities,21,11,10
S01011034,O P Q. Public administration education and health,33,3,30
S01011034,R S T U. Other,13,7,6
S01011034,Never worked,22,11,11
S01011035,All people aged 16 to 74 not in employment,175,72,103
S01011035,A B D E. Agriculture energy and water,8,6,2
S01011035,C. Manufacturing,8,4,4
S01011035,F. Construction,11,9,2
S01011035,G I. Distribution hotels and restaurants,30,11,19
S01011035,H J. Transport and communication,15,7,8
S01011035,K L M N. Financial real estate professional and administrative activities,17,9,8
S01011035,O P Q. Public administration education and health,34,7,27
S01011035,R S T U. Other,15,1,14
S01011035,Never worked,37,18,19
S01011036,All people aged 16 to 74 not in employment,154,63,91
S01011036,A B D E. Agriculture energy and water,9,7,2
S01011036,C. Manufacturing,10,4,6
S01011036,F. Construction,13,11,2
S01011036,G I. Distribution hotels and restaurants,30,13,17
S01011036,H J. Transport and communication,9,1,8
S01011036,K L M N. Financial real estate professional and administrative activities,16,7,9
S01011036,O P Q. Public administration education and health,37,10,27
S01011036,R S T U. Other,6,1,5
S01011036,Never worked,24,9,15
S01011037,All people aged 16 to 74 not in employment,270,121,149
S01011037,A B D E. Agriculture energy and water,12,10,2
S01011037,C. Manufacturing,13,6,7
S01011037,F. Construction,23,22,1
S01011037,G I. Distribution hotels and restaurants,46,23,23
S01011037,H J. Transport and communication,17,5,12
S01011037,K L M N. Financial real estate professional and administrative activities,22,11,11
S01011037,O P Q. Public administration education and health,59,13,46
S01011037,R S T U. Other,18,8,10
S01011037,Never worked,60,23,37
S01011038,All people aged 16 to 74 not in employment,274,112,162
S01011038,A B D E. Agriculture energy and water,18,15,3
S01011038,C. Manufacturing,15,7,8
S01011038,F. Construction,15,14,1
S01011038,G I. Distribution hotels and restaurants,41,15,26
S01011038,H J. Transport and communication,21,9,12
S01011038,K L M N. Financial real estate professional and administrative activities,29,7,22
S01011038,O P Q. Public administration education and health,60,12,48
S01011038,R S T U. Other,10,3,7
S01011038,Never worked,65,30,35
S01011039,All people aged 16 to 74 not in employment,198,87,111
S01011039,A B D E. Agriculture energy and water,8,8,0
S01011039,C. Manufacturing,12,5,7
S01011039,F. Construction,14,12,2
S01011039,G I. Distribution hotels and restaurants,37,17,20
S01011039,H J. Transport and communication,22,6,16
S01011039,K L M N. Financial real estate professional and administrative activities,22,6,16
S01011039,O P Q. Public administration education and health,42,16,26
S01011039,R S T U. Other,5,2,3
S01011039,Never worked,36,15,21
S01011040,All people aged 16 to 74 not in employment,215,90,125
S01011040,A B D E. Agriculture energy and water,13,13,0
S01011040,C. Manufacturing,8,2,6
S01011040,F. Construction,15,15,0
S01011040,G I. Distribution hotels and restaurants,33,17,16
S01011040,H J. Transport and communication,18,7,11
S01011040,K L M N. Financial real estate professional and administrative activities,19,7,12
S01011040,O P Q. Public administration education and health,47,8,39
S01011040,R S T U. Other,12,4,8
S01011040,Never worked,50,17,33
S01011041,All people aged 16 to 74 not in employment,245,106,139
S01011041,A B D E. Agriculture energy and water,10,9,1
S01011041,C. Manufacturing,17,8,9
S01011041,F. Construction,13,11,2
S01011041,G I. Distribution hotels and restaurants,48,19,29
S01011041,H J. Transport and communication,28,10,18
S01011041,K L M N. Financial real estate professional and administrative activities,30,15,15
S01011041,O P Q. Public administration education and health,34,6,28
S01011041,R S T U. Other,7,1,6
S01011041,Never worked,58,27,31
S01011042,All people aged 16 to 74 not in employment,173,82,91
S01011042,A B D E. Agriculture energy and water,6,4,2
S01011042,C. Manufacturing,9,5,4
S01011042,F. Construction,24,22,2
S01011042,G I. Distribution hotels and restaurants,17,11,6
S01011042,H J. Transport and communication,13,5,8
S01011042,K L M N. Financial real estate professional and administrative activities,21,10,11
S01011042,O P Q. Public administration education and health,53,16,37
S01011042,R S T U. Other,6,0,6
S01011042,Never worked,24,9,15
S01011043,All people aged 16 to 74 not in employment,201,89,112
S01011043,A B D E. Agriculture energy and water,8,7,1
S01011043,C. Manufacturing,9,3,6
S01011043,F. Construction,19,18,1
S01011043,G I. Distribution hotels and restaurants,34,13,21
S01011043,H J. Transport and communication,16,4,12
S01011043,K L M N. Financial real estate professional and administrative activities,25,10,15
S01011043,O P Q. Public administration education and health,54,18,36
S01011043,R S T U. Other,11,1,10
S01011043,Never worked,25,15,10
S01011044,All people aged 16 to 74 not in employment,221,101,120
S01011044,A B D E. Agriculture energy and water,6,3,3
S01011044,C. Manufacturing,12,6,6
S01011044,F. Construction,15,14,1
S01011044,G I. Distribution hotels and restaurants,48,24,24
S01011044,H J. Transport and communication,18,9,9
S01011044,K L M N. Financial real estate professional and administrative activities,26,12,14
S01011044,O P Q. Public administration education and health,49,16,33
S01011044,R S T U. Other,9,3,6
S01011044,Never worked,38,14,24
S01011045,All people aged 16 to 74 not in employment,196,76,120
S01011045,A B D E. Agriculture energy and water,7,4,3
S01011045,C. Manufacturing,39,14,25
S01011045,F. Construction,11,9,2
S01011045,G I. Distribution hotels and restaurants,25,11,14
S01011045,H J. Transport and communication,21,6,15
S01011045,K L M N. Financial real estate professional and administrative activities,19,8,11
S01011045,O P Q. Public administration education and health,44,11,33
S01011045,R S T U. Other,8,2,6
S01011045,Never worked,22,11,11
S01011046,All people aged 16 to 74 not in employment,222,96,126
S01011046,A B D E. Agriculture energy and water,14,7,7
S01011046,C. Manufacturing,42,22,20
S01011046,F. Construction,12,11,1
S01011046,G I. Distribution hotels and restaurants,29,11,18
S01011046,H J. Transport and communication,14,3,11
S01011046,K L M N. Financial real estate professional and administrative activities,26,15,11
S01011046,O P Q. Public administration education and health,53,14,39
S01011046,R S T U. Other,8,2,6
S01011046,Never worked,24,11,13
S01011047,All people aged 16 to 74 not in employment,259,94,165
S01011047,A B D E. Agriculture energy and water,15,7,8
S01011047,C. Manufacturing,56,31,25
S01011047,F. Construction,13,7,6
S01011047,G I. Distribution hotels and restaurants,33,10,23
S01011047,H J. Transport and communication,21,5,16
S01011047,K L M N. Financial real estate professional and administrative activities,19,7,12
S01011047,O P Q. Public administration education and health,70,18,52
S01011047,R S T U. Other,11,1,10
S01011047,Never worked,21,8,13
S01011048,All people aged 16 to 74 not in employment,239,98,141
S01011048,A B D E. Agriculture energy and water,7,6,1
S01011048,C. Manufacturing,54,28,26
S01011048,F. Construction,16,12,4
S01011048,G I. Distribution hotels and restaurants,31,11,20
S01011048,H J. Transport and communication,21,7,14
S01011048,K L M N. Financial real estate professional and administrative activities,17,10,7
S01011048,O P Q. Public administration education and health,62,15,47
S01011048,R S T U. Other,5,2,3
S01011048,Never worked,26,7,19
S01011049,All people aged 16 to 74 not in employment,161,60,101
S01011049,A B D E. Agriculture energy and water,7,3,4
S01011049,C. Manufacturing,34,19,15
S01011049,F. Construction,15,14,1
S01011049,G I. Distribution hotels and restaurants,24,7,17
S01011049,H J. Transport and communication,10,4,6
S01011049,K L M N. Financial real estate professional and administrative activities,12,5,7
S01011049,O P Q. Public administration education and health,43,3,40
S01011049,R S T U. Other,7,1,6
S01011049,Never worked,9,4,5
S01011050,All people aged 16 to 74 not in employment,184,74,110
S01011050,A B D E. Agriculture energy and water,5,5,0
S01011050,C. Manufacturing,38,16,22
S01011050,F. Construction,10,9,1
S01011050,G I. Distribution hotels and restaurants,19,6,13
S01011050,H J. Transport and communication,12,4,8
S01011050,K L M N. Financial real estate professional and administrative activities,19,6,13
S01011050,O P Q. Public administration education and health,51,15,36
S01011050,R S T U. Other,7,1,6
S01011050,Never worked,23,12,11
S01011051,All people aged 16 to 74 not in employment,211,88,123
S01011051,A B D E. Agriculture energy and water,4,3,1
S01011051,C. Manufacturing,58,38,20
S01011051,F. Construction,9,8,1
S01011051,G I. Distribution hotels and restaurants,40,10,30
S01011051,H J. Transport and communication,11,6,5
S01011051,K L M N. Financial real estate professional and administrative activities,11,3,8
S01011051,O P Q. Public administration education and health,46,11,35
S01011051,R S T U. Other,10,1,9
S01011051,Never worked,22,8,14
S01011052,All people aged 16 to 74 not in employment,202,93,109
S01011052,A B D E. Agriculture energy and water,12,12,0
S01011052,C. Manufacturing,58,34,24
S01011052,F. Construction,4,4,0
S01011052,G I. Distribution hotels and restaurants,28,13,15
S01011052,H J. Transport and communication,15,3,12
S01011052,K L M N. Financial real estate professional and administrative activities,18,8,10
S01011052,O P Q. Public administration education and health,45,8,37
S01011052,R S T U. Other,4,1,3
S01011052,Never worked,18,10,8
S01011053,All people aged 16 to 74 not in employment,185,70,115
S01011053,A B D E. Agriculture energy and water,9,8,1
S01011053,C. Manufacturing,48,26,22
S01011053,F. Construction,4,4,0
S01011053,G I. Distribution hotels and restaurants,34,10,24
S01011053,H J. Transport and communication,20,4,16
S01011053,K L M N. Financial real estate professional and administrative activities,14,3,11
S01011053,O P Q. Public administration education and health,21,3,18
S01011053,R S T U. Other,2,0,2
S01011053,Never worked,33,12,21
S01011054,All people aged 16 to 74 not in employment,121,55,66
S01011054,A B D E. Agriculture energy and water,1,1,0
S01011054,C. Manufacturing,30,18,12
S01011054,F. Construction,6,6,0
S01011054,G I. Distribution hotels and restaurants,14,6,8
S01011054,H J. Transport and communication,12,2,10
S01011054,K L M N. Financial real estate professional and administrative activities,6,3,3
S01011054,O P Q. Public administration education and health,26,7,19
S01011054,R S T U. Other,10,2,8
S01011054,Never worked,16,10,6
S01011055,All people aged 16 to 74 not in employment,131,49,82
S01011055,A B D E. Agriculture energy and water,10,5,5
S01011055,C. Manufacturing,17,9,8
S01011055,F. Construction,5,5,0
S01011055,G I. Distribution hotels and restaurants,23,9,14
S01011055,H J. Transport and communication,10,4,6
S01011055,K L M N. Financial real estate professional and administrative activities,7,2,5
S01011055,O P Q. Public administration education and health,36,7,29
S01011055,R S T U. Other,5,1,4
S01011055,Never worked,18,7,11
S01011056,All people aged 16 to 74 not in employment,129,37,92
S01011056,A B D E. Agriculture energy and water,4,3,1
S01011056,C. Manufacturing,17,6,11
S01011056,F. Construction,4,3,1
S01011056,G I. Distribution hotels and restaurants,24,9,15
S01011056,H J. Transport and communication,11,1,10
S01011056,K L M N. Financial real estate professional and administrative activities,14,4,10
S01011056,O P Q. Public administration education and health,32,4,28
S01011056,R S T U. Other,7,2,5
S01011056,Never worked,16,5,11
S01011057,All people aged 16 to 74 not in employment,126,49,77
S01011057,A B D E. Agriculture energy and water,8,5,3
S01011057,C. Manufacturing,26,13,13
S01011057,F. Construction,5,5,0
S01011057,G I. Distribution hotels and restaurants,21,6,15
S01011057,H J. Transport and communication,10,2,8
S01011057,K L M N. Financial real estate professional and administrative activities,7,4,3
S01011057,O P Q. Public administration education and health,37,8,29
S01011057,R S T U. Other,2,2,0
S01011057,Never worked,10,4,6
S01011058,All people aged 16 to 74 not in employment,139,51,88
S01011058,A B D E. Agriculture energy and water,7,4,3
S01011058,C. Manufacturing,15,6,9
S01011058,F. Construction,8,6,2
S01011058,G I. Distribution hotels and restaurants,25,14,11
S01011058,H J. Transport and communication,11,2,9
S01011058,K L M N. Financial real estate professional and administrative activities,13,5,8
S01011058,O P Q. Public administration education and health,33,3,30
S01011058,R S T U. Other,9,4,5
S01011058,Never worked,18,7,11
S01011059,All people aged 16 to 74 not in employment,153,56,97
S01011059,A B D E. Agriculture energy and water,7,7,0
S01011059,C. Manufacturing,19,11,8
S01011059,F. Construction,4,4,0
S01011059,G I. Distribution hotels and restaurants,32,12,20
S01011059,H J. Transport and communication,18,5,13
S01011059,K L M N. Financial real estate professional and administrative activities,17,4,13
S01011059,O P Q. Public administration education and health,36,9,27
S01011059,R S T U. Other,5,0,5
S01011059,Never worked,15,4,11
S01011060,All people aged 16 to 74 not in employment,200,78,122
S01011060,A B D E. Agriculture energy and water,11,7,4
S01011060,C. Manufacturing,30,17,13
S01011060,F. Construction,7,7,0
S01011060,G I. Distribution hotels and restaurants,45,18,27
S01011060,H J. Transport and communication,11,1,10
S01011060,K L M N. Financial real estate professional and administrative activities,8,3,5
S01011060,O P Q. Public administration education and health,60,14,46
S01011060,R S T U. Other,7,2,5
S01011060,Never worked,21,9,12
S01011061,All people aged 16 to 74 not in employment,194,94,100
S01011061,A B D E. Agriculture energy and water,11,10,1
S01011061,C. Manufacturing,39,23,16
S01011061,F. Construction,16,14,2
S01011061,G I. Distribution hotels and restaurants,30,12,18
S01011061,H J. Transport and communication,16,4,12
S01011061,K L M N. Financial real estate professional and administrative activities,11,6,5
S01011061,O P Q. Public administration education and health,43,11,32
S01011061,R S T U. Other,5,3,2
S01011061,Never worked,23,11,12
S01011062,All people aged 16 to 74 not in employment,174,72,102
S01011062,A B D E. Agriculture energy and water,6,5,1
S01011062,C. Manufacturing,33,18,15
S01011062,F. Construction,17,15,2
S01011062,G I. Distribution hotels and restaurants,31,10,21
S01011062,H J. Transport and communication,12,3,9
S01011062,K L M N. Financial real estate professional and administrative activities,12,5,7
S01011062,O P Q. Public administration education and health,39,7,32
S01011062,R S T U. Other,2,0,2
S01011062,Never worked,22,9,13
S01011063,All people aged 16 to 74 not in employment,274,111,163
S01011063,A B D E. Agriculture energy and water,11,9,2
S01011063,C. Manufacturing,59,26,33
S01011063,F. Construction,27,24,3
S01011063,G I. Distribution hotels and restaurants,41,11,30
S01011063,H J. Transport and communication,17,5,12
S01011063,K L M N. Financial real estate professional and administrative activities,18,4,14
S01011063,O P Q. Public administration education and health,51,12,39
S01011063,R S T U. Other,8,3,5
S01011063,Never worked,42,17,25
S01011064,All people aged 16 to 74 not in employment,233,89,144
S01011064,A B D E. Agriculture energy and water,10,8,2
S01011064,C. Manufacturing,33,18,15
S01011064,F. Construction,21,21,0
S01011064,G I. Distribution hotels and restaurants,47,17,30
S01011064,H J. Transport and communication,22,1,21
S01011064,K L M N. Financial real estate professional and administrative activities,13,2,11
S01011064,O P Q. Public administration education and health,53,11,42
S01011064,R S T U. Other,14,3,11
S01011064,Never worked,20,8,12
S01011065,All people aged 16 to 74 not in employment,197,75,122
S01011065,A B D E. Agriculture energy and water,10,9,1
S01011065,C. Manufacturing,10,7,3
S01011065,F. Construction,11,10,1
S01011065,G I. Distribution hotels and restaurants,44,14,30
S01011065,H J. Transport and communication,8,1,7
S01011065,K L M N. Financial real estate professional and administrative activities,13,4,9
S01011065,O P Q. Public administration education and health,63,15,48
S01011065,R S T U. Other,8,1,7
S01011065,Never worked,30,14,16
S01011066,All people aged 16 to 74 not in employment,143,63,80
S01011066,A B D E. Agriculture energy and water,7,6,1
S01011066,C. Manufacturing,12,5,7
S01011066,F. Construction,6,6,0
S01011066,G I. Distribution hotels and restaurants,26,12,14
S01011066,H J. Transport and communication,12,4,8
S01011066,K L M N. Financial real estate professional and administrative activities,11,6,5
S01011066,O P Q. Public administration education and health,54,17,37
S01011066,R S T U. Other,2,1,1
S01011066,Never worked,13,6,7
S01011067,All people aged 16 to 74 not in employment,158,62,96
S01011067,A B D E. Agriculture energy and water,9,7,2
S01011067,C. Manufacturing,24,12,12
S01011067,F. Construction,10,9,1
S01011067,G I. Distribution hotels and restaurants,28,13,15
S01011067,H J. Transport and communication,9,3,6
S01011067,K L M N. Financial real estate professional and administrative activities,23,5,18
S01011067,O P Q. Public administration education and health,33,8,25
S01011067,R S T U. Other,9,2,7
S01011067,Never worked,13,3,10
S01011068,All people aged 16 to 74 not in employment,147,59,88
S01011068,A B D E. Agriculture energy and water,7,4,3
S01011068,C. Manufacturing,32,13,19
S01011068,F. Construction,4,4,0
S01011068,G I. Distribution hotels and restaurants,32,12,20
S01011068,H J. Transport and communication,12,4,8
S01011068,K L M N. Financial real estate professional and administrative activities,7,2,5
S01011068,O P Q. Public administration education and health,40,15,25
S01011068,R S T U. Other,1,1,0
S01011068,Never worked,12,4,8
S01011069,All people aged 16 to 74 not in employment,174,71,103
S01011069,A B D E. Agriculture energy and water,8,8,0
S01011069,C. Manufacturing,31,16,15
S01011069,F. Construction,5,5,0
S01011069,G I. Distribution hotels and restaurants,35,15,20
S01011069,H J. Transport and communication,13,3,10
S01011069,K L M N. Financial real estate professional and administrative activities,17,9,8
S01011069,O P Q. Public administration education and health,43,9,34
S01011069,R S T U. Other,6,1,5
S01011069,Never worked,16,5,11
S01011070,All people aged 16 to 74 not in employment,145,49,96
S01011070,A B D E. Agriculture energy and water,5,5,0
S01011070,C. Manufacturing,17,7,10
S01011070,F. Construction,11,9,2
S01011070,G I. Distribution hotels and restaurants,26,4,22
S01011070,H J. Transport and communication,16,3,13
S01011070,K L M N. Financial real estate professional and administrative activities,8,4,4
S01011070,O P Q. Public administration education and health,44,13,31
S01011070,R S T U. Other,10,1,9
S01011070,Never worked,8,3,5
S01011071,All people aged 16 to 74 not in employment,249,103,146
S01011071,A B D E. Agriculture energy and water,16,13,3
S01011071,C. Manufacturing,37,16,21
S01011071,F. Construction,12,12,0
S01011071,G I. Distribution hotels and restaurants,47,15,32
S01011071,H J. Transport and communication,6,1,5
S01011071,K L M N. Financial real estate professional and administrative activities,22,7,15
S01011071,O P Q. Public administration education and health,76,23,53
S01011071,R S T U. Other,14,5,9
S01011071,Never worked,19,11,8
S01011072,All people aged 16 to 74 not in employment,224,87,137
S01011072,A B D E. Agriculture energy and water,15,12,3
S01011072,C. Manufacturing,33,13,20
S01011072,F. Construction,16,15,1
S01011072,G I. Distribution hotels and restaurants,43,15,28
S01011072,H J. Transport and communication,20,5,15
S01011072,K L M N. Financial real estate professional and administrative activities,25,6,19
S01011072,O P Q. Public administration education and health,45,9,36
S01011072,R S T U. Other,4,1,3
S01011072,Never worked,23,11,12
S01011073,All people aged 16 to 74 not in employment,174,65,109
S01011073,A B D E. Agriculture energy and water,7,5,2
S01011073,C. Manufacturing,31,14,17
S01011073,F. Construction,13,8,5
S01011073,G I. Distribution hotels and restaurants,36,12,24
S01011073,H J. Transport and communication,10,0,10
S01011073,K L M N. Financial real estate professional and administrative activities,20,8,12
S01011073,O P Q. Public administration education and health,39,9,30
S01011073,R S T U. Other,4,1,3
S01011073,Never worked,14,8,6
S01011074,All people aged 16 to 74 not in employment,136,53,83
S01011074,A B D E. Agriculture energy and water,9,8,1
S01011074,C. Manufacturing,26,17,9
S01011074,F. Construction,7,7,0
S01011074,G I. Distribution hotels and restaurants,25,8,17
S01011074,H J. Transport and communication,7,1,6
S01011074,K L M N. Financial real estate professional and administrative activities,8,1,7
S01011074,O P Q. Public administration education and health,31,4,27
S01011074,R S T U. Other,3,0,3
S01011074,Never worked,20,7,13
S01011075,All people aged 16 to 74 not in employment,194,73,121
S01011075,A B D E. Agriculture energy and water,6,5,1
S01011075,C. Manufacturing,43,18,25
S01011075,F. Construction,9,8,1
S01011075,G I. Distribution hotels and restaurants,38,8,30
S01011075,H J. Transport and communication,13,2,11
S01011075,K L M N. Financial real estate professional and administrative activities,13,6,7
S01011075,O P Q. Public administration education and health,28,8,20
S01011075,R S T U. Other,10,2,8
S01011075,Never worked,34,16,18
S01011076,All people aged 16 to 74 not in employment,186,79,107
S01011076,A B D E. Agriculture energy and water,11,9,2
S01011076,C. Manufacturing,41,19,22
S01011076,F. Construction,13,12,1
S01011076,G I. Distribution hotels and restaurants,27,10,17
S01011076,H J. Transport and communication,21,7,14
S01011076,K L M N. Financial real estate professional and administrative activities,11,6,5
S01011076,O P Q. Public administration education and health,34,6,28
S01011076,R S T U. Other,5,1,4
S01011076,Never worked,23,9,14
S01011077,All people aged 16 to 74 not in employment,237,102,135
S01011077,A B D E. Agriculture energy and water,13,12,1
S01011077,C. Manufacturing,58,30,28
S01011077,F. Construction,18,18,0
S01011077,G I. Distribution hotels and restaurants,49,15,34
S01011077,H J. Transport and communication,9,1,8
S01011077,K L M N. Financial real estate professional and administrative activities,12,6,6
S01011077,O P Q. Public administration education and health,36,5,31
S01011077,R S T U. Other,8,2,6
S01011077,Never worked,34,13,21
S01011078,All people aged 16 to 74 not in employment,263,107,156
S01011078,A B D E. Agriculture energy and water,14,10,4
S01011078,C. Manufacturing,26,15,11
S01011078,F. Construction,10,8,2
S01011078,G I. Distribution hotels and restaurants,55,22,33
S01011078,H J. Transport and communication,15,2,13
S01011078,K L M N. Financial real estate professional and administrative activities,28,10,18
S01011078,O P Q. Public administration education and health,67,17,50
S01011078,R S T U. Other,11,4,7
S01011078,Never worked,37,19,18
S01011079,All people aged 16 to 74 not in employment,234,95,139
S01011079,A B D E. Agriculture energy and water,10,10,0
S01011079,C. Manufacturing,38,21,17
S01011079,F. Construction,14,11,3
S01011079,G I. Distribution hotels and restaurants,54,18,36
S01011079,H J. Transport and communication,16,5,11
S01011079,K L M N. Financial real estate professional and administrative activities,18,6,12
S01011079,O P Q. Public administration education and health,47,10,37
S01011079,R S T U. Other,9,0,9
S01011079,Never worked,28,14,14
S01011080,All people aged 16 to 74 not in employment,265,108,157
S01011080,A B D E. Agriculture energy and water,11,10,1
S01011080,C. Manufacturing,46,18,28
S01011080,F. Construction,17,15,2
S01011080,G I. Distribution hotels and restaurants,57,26,31
S01011080,H J. Transport and communication,15,3,12
S01011080,K L M N. Financial real estate professional and administrative activities,18,8,10
S01011080,O P Q. Public administration education and health,41,7,34
S01011080,R S T U. Other,12,0,12
S01011080,Never worked,48,21,27
S01011081,All people aged 16 to 74 not in employment,218,87,131
S01011081,A B D E. Agriculture energy and water,10,10,0
S01011081,C. Manufacturing,44,20,24
S01011081,F. Construction,12,10,2
S01011081,G I. Distribution hotels and restaurants,36,11,25
S01011081,H J. Transport and communication,15,6,9
S01011081,K L M N. Financial real estate professional and administrative activities,12,3,9
S01011081,O P Q. Public administration education and health,42,7,35
S01011081,R S T U. Other,13,5,8
S01011081,Never worked,34,15,19
S01011082,All people aged 16 to 74 not in employment,124,39,85
S01011082,A B D E. Agriculture energy and water,11,8,3
S01011082,C. Manufacturing,24,7,17
S01011082,F. Construction,9,7,2
S01011082,G I. Distribution hotels and restaurants,16,5,11
S01011082,H J. Transport and communication,7,2,5
S01011082,K L M N. Financial real estate professional and administrative activities,8,1,7
S01011082,O P Q. Public administration education and health,31,4,27
S01011082,R S T U. Other,1,0,1
S01011082,Never worked,17,5,12
S01011083,All people aged 16 to 74 not in employment,200,86,114
S01011083,A B D E. Agriculture energy and water,15,11,4
S01011083,C. Manufacturing,33,15,18
S01011083,F. Construction,13,12,1
S01011083,G I. Distribution hotels and restaurants,34,15,19
S01011083,H J. Transport and communication,17,5,12
S01011083,K L M N. Financial real estate professional and administrative activities,11,5,6
S01011083,O P Q. Public administration education and health,53,12,41
S01011083,R S T U. Other,6,3,3
S01011083,Never worked,18,8,10
S01011084,All people aged 16 to 74 not in employment,219,92,127
S01011084,A B D E. Agriculture energy and water,8,7,1
S01011084,C. Manufacturing,24,13,11
S01011084,F. Construction,11,8,3
S01011084,G I. Distribution hotels and restaurants,32,15,17
S01011084,H J. Transport and communication,22,6,16
S01011084,K L M N. Financial real estate professional and administrative activities,13,3,10
S01011084,O P Q. Public administration education and health,75,26,49
S01011084,R S T U. Other,13,4,9
S01011084,Never worked,21,10,11
S01011085,All people aged 16 to 74 not in employment,233,111,122
S01011085,A B D E. Agriculture energy and water,10,7,3
S01011085,C. Manufacturing,23,15,8
S01011085,F. Construction,15,14,1
S01011085,G I. Distribution hotels and restaurants,33,16,17
S01011085,H J. Transport and communication,12,5,7
S01011085,K L M N. Financial real estate professional and administrative activities,24,7,17
S01011085,O P Q. Public administration education and health,68,24,44
S01011085,R S T U. Other,14,8,6
S01011085,Never worked,34,15,19
S01011086,All people aged 16 to 74 not in employment,164,59,105
S01011086,A B D E. Agriculture energy and water,10,7,3
S01011086,C. Manufacturing,20,9,11
S01011086,F. Construction,13,9,4
S01011086,G I. Distribution hotels and restaurants,35,11,24
S01011086,H J. Transport and communication,8,3,5
S01011086,K L M N. Financial real estate professional and administrative activities,8,1,7
S01011086,O P Q. Public administration education and health,49,12,37
S01011086,R S T U. Other,2,0,2
S01011086,Never worked,19,7,12
S01011087,All people aged 16 to 74 not in employment,143,56,87
S01011087,A B D E. Agriculture energy and water,6,6,0
S01011087,C. Manufacturing,36,10,26
S01011087,F. Construction,9,7,2
S01011087,G I. Distribution hotels and restaurants,32,14,18
S01011087,H J. Transport and communication,9,3,6
S01011087,K L M N. Financial real estate professional and administrative activities,5,3,2
S01011087,O P Q. Public administration education and health,26,6,20
S01011087,R S T U. Other,4,0,4
S01011087,Never worked,16,7,9
S01011088,All people aged 16 to 74 not in employment,240,90,150
S01011088,A B D E. Agriculture energy and water,18,15,3
S01011088,C. Manufacturing,26,12,14
S01011088,F. Construction,12,11,1
S01011088,G I. Distribution hotels and restaurants,34,10,24
S01011088,H J. Transport and communication,22,7,15
S01011088,K L M N. Financial real estate professional and administrative activities,17,6,11
S01011088,O P Q. Public administration education and health,67,14,53
S01011088,R S T U. Other,11,1,10
S01011088,Never worked,33,14,19
S01011089,All people aged 16 to 74 not in employment,186,76,110
S01011089,A B D E. Agriculture energy and water,8,7,1
S01011089,C. Manufacturing,32,14,18
S01011089,F. Construction,9,8,1
S01011089,G I. Distribution hotels and restaurants,34,10,24
S01011089,H J. Transport and communication,9,1,8
S01011089,K L M N. Financial real estate professional and administrative activities,14,5,9
S01011089,O P Q. Public administration education and health,46,14,32
S01011089,R S T U. Other,5,1,4
S01011089,Never worked,29,16,13
S01011090,All people aged 16 to 74 not in employment,179,67,112
S01011090,A B D E. Agriculture energy and water,15,6,9
S01011090,C. Manufacturing,20,8,12
S01011090,F. Construction,11,10,1
S01011090,G I. Distribution hotels and restaurants,37,13,24
S01011090,H J. Transport and communication,12,4,8
S01011090,K L M N. Financial real estate professional and administrative activities,20,8,12
S01011090,O P Q. Public administration education and health,45,13,32
S01011090,R S T U. Other,3,1,2
S01011090,Never worked,16,4,12
S01011091,All people aged 16 to 74 not in employment,131,50,81
S01011091,A B D E. Agriculture energy and water,8,4,4
S01011091,C. Manufacturing,16,5,11
S01011091,F. Construction,5,3,2
S01011091,G I. Distribution hotels and restaurants,26,12,14
S01011091,H J. Transport and communication,9,4,5
S01011091,K L M N. Financial real estate professional and administrative activities,9,3,6
S01011091,O P Q. Public administration education and health,49,15,34
S01011091,R S T U. Other,2,0,2
S01011091,Never worked,7,4,3
S01011092,All people aged 16 to 74 not in employment,130,54,76
S01011092,A B D E. Agriculture energy and water,1,1,0
S01011092,C. Manufacturing,12,2,10
S01011092,F. Construction,7,7,0
S01011092,G I. Distribution hotels and restaurants,21,13,8
S01011092,H J. Transport and communication,15,6,9
S01011092,K L M N. Financial real estate professional and administrative activities,10,2,8
S01011092,O P Q. Public administration education and health,28,7,21
S01011092,R S T U. Other,5,3,2
S01011092,Never worked,31,13,18
S01011093,All people aged 16 to 74 not in employment,139,51,88
S01011093,A B D E. Agriculture energy and water,5,3,2
S01011093,C. Manufacturing,19,13,6
S01011093,F. Construction,1,1,0
S01011093,G I. Distribution hotels and restaurants,30,8,22
S01011093,H J. Transport and communication,7,3,4
S01011093,K L M N. Financial real estate professional and administrative activities,20,12,8
S01011093,O P Q. Public administration education and health,39,7,32
S01011093,R S T U. Other,3,0,3
S01011093,Never worked,15,4,11
S01011094,All people aged 16 to 74 not in employment,95,40,55
S01011094,A B D E. Agriculture energy and water,5,2,3
S01011094,C. Manufacturing,5,3,2
S01011094,F. Construction,5,4,1
S01011094,G I. Distribution hotels and restaurants,18,7,11
S01011094,H J. Transport and communication,5,2,3
S01011094,K L M N. Financial real estate professional and administrative activities,9,6,3
S01011094,O P Q. Public administration education and health,28,6,22
S01011094,R S T U. Other,3,0,3
S01011094,Never worked,17,10,7
S01011095,All people aged 16 to 74 not in employment,162,64,98
S01011095,A B D E. Agriculture energy and water,11,6,5
S01011095,C. Manufacturing,21,13,8
S01011095,F. Construction,6,5,1
S01011095,G I. Distribution hotels and restaurants,27,5,22
S01011095,H J. Transport and communication,8,1,7
S01011095,K L M N. Financial real estate professional and administrative activities,21,11,10
S01011095,O P Q. Public administration education and health,44,11,33
S01011095,R S T U. Other,6,1,5
S01011095,Never worked,18,11,7
S01011096,All people aged 16 to 74 not in employment,118,57,61
S01011096,A B D E. Agriculture energy and water,10,9,1
S01011096,C. Manufacturing,11,6,5
S01011096,F. Construction,8,6,2
S01011096,G I. Distribution hotels and restaurants,30,13,17
S01011096,H J. Transport and communication,5,2,3
S01011096,K L M N. Financial real estate professional and administrative activities,5,2,3
S01011096,O P Q. Public administration education and health,18,7,11
S01011096,R S T U. Other,4,0,4
S01011096,Never worked,27,12,15
S01011097,All people aged 16 to 74 not in employment,142,56,86
S01011097,A B D E. Agriculture energy and water,7,7,0
S01011097,C. Manufacturing,14,8,6
S01011097,F. Construction,8,7,1
S01011097,G I. Distribution hotels and restaurants,17,5,12
S01011097,H J. Transport and communication,7,2,5
S01011097,K L M N. Financial real estate professional and administrative activities,12,6,6
S01011097,O P Q. Public administration education and health,54,14,40
S01011097,R S T U. Other,5,0,5
S01011097,Never worked,18,7,11
S01011098,All people aged 16 to 74 not in employment,175,74,101
S01011098,A B D E. Agriculture energy and water,6,6,0
S01011098,C. Manufacturing,23,13,10
S01011098,F. Construction,8,8,0
S01011098,G I. Distribution hotels and restaurants,24,11,13
S01011098,H J. Transport and communication,21,6,15
S01011098,K L M N. Financial real estate professional and administrative activities,20,9,11
S01011098,O P Q. Public administration education and health,58,11,47
S01011098,R S T U. Other,2,1,1
S01011098,Never worked,13,9,4
S01011099,All people aged 16 to 74 not in employment,216,86,130
S01011099,A B D E. Agriculture energy and water,7,5,2
S01011099,C. Manufacturing,29,11,18
S01011099,F. Construction,13,12,1
S01011099,G I. Distribution hotels and restaurants,46,23,23
S01011099,H J. Transport and communication,21,6,15
S01011099,K L M N. Financial real estate professional and administrative activities,21,7,14
S01011099,O P Q. Public administration education and health,42,8,34
S01011099,R S T U. Other,8,4,4
S01011099,Never worked,29,10,19
S01011100,All people aged 16 to 74 not in employment,112,42,70
S01011100,A B D E. Agriculture energy and water,2,2,0
S01011100,C. Manufacturing,10,6,4
S01011100,F. Construction,8,8,0
S01011100,G I. Distribution hotels and restaurants,35,13,22
S01011100,H J. Transport and communication,6,0,6
S01011100,K L M N. Financial real estate professional and administrative activities,10,3,7
S01011100,O P Q. Public administration education and health,31,7,24
S01011100,R S T U. Other,1,1,0
S01011100,Never worked,9,2,7
S01011101,All people aged 16 to 74 not in employment,187,75,112
S01011101,A B D E. Agriculture energy and water,13,10,3
S01011101,C. Manufacturing,32,17,15
S01011101,F. Construction,13,11,2
S01011101,G I. Distribution hotels and restaurants,29,11,18
S01011101,H J. Transport and communication,17,3,14
S01011101,K L M N. Financial real estate professional and administrative activities,21,5,16
S01011101,O P Q. Public administration education and health,29,4,25
S01011101,R S T U. Other,4,1,3
S01011101,Never worked,29,13,16
S01011102,All people aged 16 to 74 not in employment,202,83,119
S01011102,A B D E. Agriculture energy and water,5,4,1
S01011102,C. Manufacturing,34,14,20
S01011102,F. Construction,21,20,1
S01011102,G I. Distribution hotels and restaurants,45,19,26
S01011102,H J. Transport and communication,18,6,12
S01011102,K L M N. Financial real estate professional and administrative activities,16,5,11
S01011102,O P Q. Public administration education and health,30,3,27
S01011102,R S T U. Other,9,1,8
S01011102,Never worked,24,11,13
S01011103,All people aged 16 to 74 not in employment,165,85,80
S01011103,A B D E. Agriculture energy and water,8,6,2
S01011103,C. Manufacturing,20,11,9
S01011103,F. Construction,18,18,0
S01011103,G I. Distribution hotels and restaurants,34,18,16
S01011103,H J. Transport and communication,14,6,8
S01011103,K L M N. Financial real estate professional and administrative activities,6,3,3
S01011103,O P Q. Public administration education and health,32,8,24
S01011103,R S T U. Other,2,0,2
S01011103,Never worked,31,15,16
S01011104,All people aged 16 to 74 not in employment,176,77,99
S01011104,A B D E. Agriculture energy and water,6,6,0
S01011104,C. Manufacturing,21,9,12
S01011104,F. Construction,11,7,4
S01011104,G I. Distribution hotels and restaurants,26,10,16
S01011104,H J. Transport and communication,9,3,6
S01011104,K L M N. Financial real estate professional and administrative activities,12,4,8
S01011104,O P Q. Public administration education and health,46,11,35
S01011104,R S T U. Other,4,1,3
S01011104,Never worked,41,26,15
S01011105,All people aged 16 to 74 not in employment,205,94,111
S01011105,A B D E. Agriculture energy and water,9,8,1
S01011105,C. Manufacturing,23,9,14
S01011105,F. Construction,14,13,1
S01011105,G I. Distribution hotels and restaurants,55,27,28
S01011105,H J. Transport and communication,13,5,8
S01011105,K L M N. Financial real estate professional and administrative activities,17,8,9
S01011105,O P Q. Public administration education and health,49,10,39
S01011105,R S T U. Other,4,1,3
S01011105,Never worked,21,13,8
S01011106,All people aged 16 to 74 not in employment,186,45,141
S01011106,A B D E. Agriculture energy and water,3,3,0
S01011106,C. Manufacturing,22,12,10
S01011106,F. Construction,11,9,2
S01011106,G I. Distribution hotels and restaurants,39,8,31
S01011106,H J. Transport and communication,18,3,15
S01011106,K L M N. Financial real estate professional and administrative activities,16,3,13
S01011106,O P Q. Public administration education and health,45,3,42
S01011106,R S T U. Other,9,1,8
S01011106,Never worked,23,3,20
S01011107,All people aged 16 to 74 not in employment,145,49,96
S01011107,A B D E. Agriculture energy and water,10,7,3
S01011107,C. Manufacturing,18,7,11
S01011107,F. Construction,6,4,2
S01011107,G I. Distribution hotels and restaurants,40,9,31
S01011107,H J. Transport and communication,11,2,9
S01011107,K L M N. Financial real estate professional and administrative activities,10,3,7
S01011107,O P Q. Public administration education and health,17,2,15
S01011107,R S T U. Other,6,0,6
S01011107,Never worked,27,15,12
S01011108,All people aged 16 to 74 not in employment,119,58,61
S01011108,A B D E. Agriculture energy and water,5,4,1
S01011108,C. Manufacturing,22,13,9
S01011108,F. Construction,6,6,0
S01011108,G I. Distribution hotels and restaurants,23,10,13
S01011108,H J. Transport and communication,6,2,4
S01011108,K L M N. Financial real estate professional and administrative activities,3,2,1
S01011108,O P Q. Public administration education and health,24,7,17
S01011108,R S T U. Other,1,0,1
S01011108,Never worked,29,14,15
S01011109,All people aged 16 to 74 not in employment,185,78,107
S01011109,A B D E. Agriculture energy and water,2,1,1
S01011109,C. Manufacturing,28,17,11
S01011109,F. Construction,10,10,0
S01011109,G I. Distribution hotels and restaurants,44,19,25
S01011109,H J. Transport and communication,14,2,12
S01011109,K L M N. Financial real estate professional and administrative activities,16,5,11
S01011109,O P Q. Public administration education and health,51,15,36
S01011109,R S T U. Other,4,2,2
S01011109,Never worked,16,7,9
S01011110,All people aged 16 to 74 not in employment,170,69,101
S01011110,A B D E. Agriculture energy and water,5,5,0
S01011110,C. Manufacturing,18,11,7
S01011110,F. Construction,13,10,3
S01011110,G I. Distribution hotels and restaurants,32,9,23
S01011110,H J. Transport and communication,19,6,13
S01011110,K L M N. Financial real estate professional and administrative activities,21,9,12
S01011110,O P Q. Public administration education and health,36,9,27
S01011110,R S T U. Other,1,1,0
S01011110,Never worked,25,9,16
S01011111,All people aged 16 to 74 not in employment,226,81,145
S01011111,A B D E. Agriculture energy and water,8,7,1
S01011111,C. Manufacturing,26,12,14
S01011111,F. Construction,19,18,1
S01011111,G I. Distribution hotels and restaurants,42,13,29
S01011111,H J. Transport and communication,27,5,22
S01011111,K L M N. Financial real estate professional and administrative activities,8,2,6
S01011111,O P Q. Public administration education and health,37,5,32
S01011111,R S T U. Other,8,3,5
S01011111,Never worked,51,16,35
S01011112,All people aged 16 to 74 not in employment,110,36,74
S01011112,A B D E. Agriculture energy and water,2,2,0
S01011112,C. Manufacturing,13,7,6
S01011112,F. Construction,6,5,1
S01011112,G I. Distribution hotels and restaurants,19,6,13
S01011112,H J. Transport and communication,10,1,9
S01011112,K L M N. Financial real estate professional and administrative activities,15,6,9
S01011112,O P Q. Public administration education and health,18,3,15
S01011112,R S T U. Other,8,2,6
S01011112,Never worked,19,4,15
S01011113,All people aged 16 to 74 not in employment,210,94,116
S01011113,A B D E. Agriculture energy and water,5,4,1
S01011113,C. Manufacturing,30,20,10
S01011113,F. Construction,15,15,0
S01011113,G I. Distribution hotels and restaurants,54,17,37
S01011113,H J. Transport and communication,13,5,8
S01011113,K L M N. Financial real estate professional and administrative activities,8,4,4
S01011113,O P Q. Public administration education and health,52,13,39
S01011113,R S T U. Other,11,4,7
S01011113,Never worked,22,12,10
S01011114,All people aged 16 to 74 not in employment,172,74,98
S01011114,A B D E. Agriculture energy and water,6,4,2
S01011114,C. Manufacturing,24,9,15
S01011114,F. Construction,7,7,0
S01011114,G I. Distribution hotels and restaurants,34,14,20
S01011114,H J. Transport and communication,12,2,10
S01011114,K L M N. Financial real estate professional and administrative activities,10,7,3
S01011114,O P Q. Public administration education and health,53,19,34
S01011114,R S T U. Other,6,2,4
S01011114,Never worked,20,10,10
S01011115,All people aged 16 to 74 not in employment,230,93,137
S01011115,A B D E. Agriculture energy and water,8,8,0
S01011115,C. Manufacturing,26,9,17
S01011115,F. Construction,29,24,5
S01011115,G I. Distribution hotels and restaurants,47,18,29
S01011115,H J. Transport and communication,15,6,9
S01011115,K L M N. Financial real estate professional and administrative activities,12,4,8
S01011115,O P Q. Public administration education and health,52,10,42
S01011115,R S T U. Other,8,2,6
S01011115,Never worked,33,12,21
S01011116,All people aged 16 to 74 not in employment,168,66,102
S01011116,A B D E. Agriculture energy and water,6,6,0
S01011116,C. Manufacturing,20,11,9
S01011116,F. Construction,10,8,2
S01011116,G I. Distribution hotels and restaurants,32,10,22
S01011116,H J. Transport and communication,12,3,9
S01011116,K L M N. Financial real estate professional and administrative activities,9,1,8
S01011116,O P Q. Public administration education and health,46,10,36
S01011116,R S T U. Other,7,2,5
S01011116,Never worked,26,15,11
S01011117,All people aged 16 to 74 not in employment,175,77,98
S01011117,A B D E. Agriculture energy and water,4,2,2
S01011117,C. Manufacturing,14,9,5
S01011117,F. Construction,12,10,2
S01011117,G I. Distribution hotels and restaurants,26,9,17
S01011117,H J. Transport and communication,10,3,7
S01011117,K L M N. Financial real estate professional and administrative activities,22,10,12
S01011117,O P Q. Public administration education and health,53,19,34
S01011117,R S T U. Other,8,2,6
S01011117,Never worked,26,13,13
S01011118,All people aged 16 to 74 not in employment,184,71,113
S01011118,A B D E. Agriculture energy and water,6,5,1
S01011118,C. Manufacturing,9,6,3
S01011118,F. Construction,3,3,0
S01011118,G I. Distribution hotels and restaurants,31,12,19
S01011118,H J. Transport and communication,14,3,11
S01011118,K L M N. Financial real estate professional and administrative activities,15,9,6
S01011118,O P Q. Public administration education and health,68,12,56
S01011118,R S T U. Other,7,1,6
S01011118,Never worked,31,20,11
S01011119,All people aged 16 to 74 not in employment,239,91,148
S01011119,A B D E. Agriculture energy and water,15,11,4
S01011119,C. Manufacturing,18,7,11
S01011119,F. Construction,8,7,1
S01011119,G I. Distribution hotels and restaurants,43,20,23
S01011119,H J. Transport and communication,11,3,8
S01011119,K L M N. Financial real estate professional and administrative activities,26,14,12
S01011119,O P Q. Public administration education and health,80,12,68
S01011119,R S T U. Other,6,2,4
S01011119,Never worked,32,15,17
S01011120,All people aged 16 to 74 not in employment,213,91,122
S01011120,A B D E. Agriculture energy and water,16,15,1
S01011120,C. Manufacturing,13,4,9
S01011120,F. Construction,13,11,2
S01011120,G I. Distribution hotels and restaurants,22,6,16
S01011120,H J. Transport and communication,8,2,6
S01011120,K L M N. Financial real estate professional and administrative activities,19,7,12
S01011120,O P Q. Public administration education and health,95,33,62
S01011120,R S T U. Other,4,1,3
S01011120,Never worked,23,12,11
S01011121,All people aged 16 to 74 not in employment,118,51,67
S01011121,A B D E. Agriculture energy and water,3,3,0
S01011121,C. Manufacturing,15,8,7
S01011121,F. Construction,2,2,0
S01011121,G I. Distribution hotels and restaurants,23,8,15
S01011121,H J. Transport and communication,8,4,4
S01011121,K L M N. Financial real estate professional and administrative activities,12,6,6
S01011121,O P Q. Public administration education and health,38,11,27
S01011121,R S T U. Other,3,1,2
S01011121,Never worked,14,8,6
S01011122,All people aged 16 to 74 not in employment,143,55,88
S01011122,A B D E. Agriculture energy and water,3,2,1
S01011122,C. Manufacturing,14,6,8
S01011122,F. Construction,10,10,0
S01011122,G I. Distribution hotels and restaurants,29,10,19
S01011122,H J. Transport and communication,17,8,9
S01011122,K L M N. Financial real estate professional and administrative activities,11,4,7
S01011122,O P Q. Public administration education and health,36,10,26
S01011122,R S T U. Other,3,2,1
S01011122,Never worked,20,3,17
S01011123,All people aged 16 to 74 not in employment,246,92,154
S01011123,A B D E. Agriculture energy and water,7,4,3
S01011123,C. Manufacturing,29,16,13
S01011123,F. Construction,25,21,4
S01011123,G I. Distribution hotels and restaurants,49,12,37
S01011123,H J. Transport and communication,24,7,17
S01011123,K L M N. Financial real estate professional and administrative activities,14,5,9
S01011123,O P Q. Public administration education and health,62,12,50
S01011123,R S T U. Other,8,4,4
S01011123,Never worked,28,11,17
S01011124,All people aged 16 to 74 not in employment,104,36,68
S01011124,A B D E. Agriculture energy and water,1,1,0
S01011124,C. Manufacturing,13,8,5
S01011124,F. Construction,8,7,1
S01011124,G I. Distribution hotels and restaurants,19,5,14
S01011124,H J. Transport and communication,10,1,9
S01011124,K L M N. Financial real estate professional and administrative activities,6,3,3
S01011124,O P Q. Public administration education and health,25,7,18
S01011124,R S T U. Other,10,0,10
S01011124,Never worked,12,4,8
S01011125,All people aged 16 to 74 not in employment,106,46,60
S01011125,A B D E. Agriculture energy and water,2,2,0
S01011125,C. Manufacturing,13,4,9
S01011125,F. Construction,4,4,0
S01011125,G I. Distribution hotels and restaurants,26,12,14
S01011125,H J. Transport and communication,8,2,6
S01011125,K L M N. Financial real estate professional and administrative activities,6,3,3
S01011125,O P Q. Public administration education and health,21,5,16
S01011125,R S T U. Other,2,1,1
S01011125,Never worked,24,13,11
S01011126,All people aged 16 to 74 not in employment,87,33,54
S01011126,A B D E. Agriculture energy and water,2,2,0
S01011126,C. Manufacturing,6,2,4
S01011126,F. Construction,11,9,2
S01011126,G I. Distribution hotels and restaurants,20,5,15
S01011126,H J. Transport and communication,9,2,7
S01011126,K L M N. Financial real estate professional and administrative activities,10,1,9
S01011126,O P Q. Public administration education and health,16,4,12
S01011126,R S T U. Other,1,0,1
S01011126,Never worked,12,8,4
S01011127,All people aged 16 to 74 not in employment,83,7,76
S01011127,A B D E. Agriculture energy and water,0,0,0
S01011127,C. Manufacturing,0,0,0
S01011127,F. Construction,0,0,0
S01011127,G I. Distribution hotels and restaurants,21,2,19
S01011127,H J. Transport and communication,11,0,11
S01011127,K L M N. Financial real estate professional and administrative activities,11,0,11
S01011127,O P Q. Public administration education and health,23,2,21
S01011127,R S T U. Other,3,0,3
S01011127,Never worked,14,3,11
S01011128,All people aged 16 to 74 not in employment,200,79,121
S01011128,A B D E. Agriculture energy and water,1,1,0
S01011128,C. Manufacturing,37,21,16
S01011128,F. Construction,15,13,2
S01011128,G I. Distribution hotels and restaurants,38,14,24
S01011128,H J. Transport and communication,14,4,10
S01011128,K L M N. Financial real estate professional and administrative activities,14,5,9
S01011128,O P Q. Public administration education and health,46,13,33
S01011128,R S T U. Other,5,0,5
S01011128,Never worked,30,8,22
S01011129,All people aged 16 to 74 not in employment,190,63,127
S01011129,A B D E. Agriculture energy and water,8,7,1
S01011129,C. Manufacturing,16,9,7
S01011129,F. Construction,5,4,1
S01011129,G I. Distribution hotels and restaurants,27,10,17
S01011129,H J. Transport and communication,7,2,5
S01011129,K L M N. Financial real estate professional and administrative activities,24,9,15
S01011129,O P Q. Public administration education and health,72,12,60
S01011129,R S T U. Other,9,2,7
S01011129,Never worked,22,8,14
S01011130,All people aged 16 to 74 not in employment,171,68,103
S01011130,A B D E. Agriculture energy and water,7,4,3
S01011130,C. Manufacturing,16,8,8
S01011130,F. Construction,10,10,0
S01011130,G I. Distribution hotels and restaurants,34,13,21
S01011130,H J. Transport and communication,14,4,10
S01011130,K L M N. Financial real estate professional and administrative activities,14,6,8
S01011130,O P Q. Public administration education and health,48,16,32
S01011130,R S T U. Other,4,0,4
S01011130,Never worked,24,7,17
S01011131,All people aged 16 to 74 not in employment,156,62,94
S01011131,A B D E. Agriculture energy and water,8,7,1
S01011131,C. Manufacturing,15,7,8
S01011131,F. Construction,7,7,0
S01011131,G I. Distribution hotels and restaurants,15,2,13
S01011131,H J. Transport and communication,16,1,15
S01011131,K L M N. Financial real estate professional and administrative activities,12,4,8
S01011131,O P Q. Public administration education and health,51,18,33
S01011131,R S T U. Other,9,5,4
S01011131,Never worked,23,11,12
S01011132,All people aged 16 to 74 not in employment,218,92,126
S01011132,A B D E. Agriculture energy and water,10,10,0
S01011132,C. Manufacturing,19,16,3
S01011132,F. Construction,7,5,2
S01011132,G I. Distribution hotels and restaurants,35,13,22
S01011132,H J. Transport and communication,12,4,8
S01011132,K L M N. Financial real estate professional and administrative activities,27,9,18
S01011132,O P Q. Public administration education and health,72,21,51
S01011132,R S T U. Other,7,2,5
S01011132,Never worked,29,12,17
S01011133,All people aged 16 to 74 not in employment,119,49,70
S01011133,A B D E. Agriculture energy and water,7,5,2
S01011133,C. Manufacturing,11,5,6
S01011133,F. Construction,6,6,0
S01011133,G I. Distribution hotels and restaurants,25,11,14
S01011133,H J. Transport and communication,11,1,10
S01011133,K L M N. Financial real estate professional and administrative activities,7,2,5
S01011133,O P Q. Public administration education and health,37,13,24
S01011133,R S T U. Other,4,2,2
S01011133,Never worked,11,4,7
S01011134,All people aged 16 to 74 not in employment,189,82,107
S01011134,A B D E. Agriculture energy and water,16,12,4
S01011134,C. Manufacturing,23,13,10
S01011134,F. Construction,10,10,0
S01011134,G I. Distribution hotels and restaurants,37,12,25
S01011134,H J. Transport and communication,18,5,13
S01011134,K L M N. Financial real estate professional and administrative activities,12,3,9
S01011134,O P Q. Public administration education and health,55,21,34
S01011134,R S T U. Other,6,2,4
S01011134,Never worked,12,4,8
S01011135,All people aged 16 to 74 not in employment,188,73,115
S01011135,A B D E. Agriculture energy and water,10,8,2
S01011135,C. Manufacturing,15,7,8
S01011135,F. Construction,12,10,2
S01011135,G I. Distribution hotels and restaurants,47,15,32
S01011135,H J. Transport and communication,18,3,15
S01011135,K L M N. Financial real estate professional and administrative activities,5,1,4
S01011135,O P Q. Public administration education and health,47,10,37
S01011135,R S T U. Other,6,1,5
S01011135,Never worked,28,18,10
S01011136,All people aged 16 to 74 not in employment,161,74,87
S01011136,A B D E. Agriculture energy and water,6,6,0
S01011136,C. Manufacturing,21,10,11
S01011136,F. Construction,15,13,2
S01011136,G I. Distribution hotels and restaurants,31,15,16
S01011136,H J. Transport and communication,12,4,8
S01011136,K L M N. Financial real estate professional and administrative activities,14,7,7
S01011136,O P Q. Public administration education and health,40,8,32
S01011136,R S T U. Other,6,3,3
S01011136,Never worked,16,8,8
S01011137,All people aged 16 to 74 not in employment,103,37,66
S01011137,A B D E. Agriculture energy and water,7,6,1
S01011137,C. Manufacturing,4,2,2
S01011137,F. Construction,1,1,0
S01011137,G I. Distribution hotels and restaurants,27,7,20
S01011137,H J. Transport and communication,14,3,11
S01011137,K L M N. Financial real estate professional and administrative activities,13,7,6
S01011137,O P Q. Public administration education and health,22,4,18
S01011137,R S T U. Other,2,1,1
S01011137,Never worked,13,6,7
S01011138,All people aged 16 to 74 not in employment,115,41,74
S01011138,A B D E. Agriculture energy and water,7,4,3
S01011138,C. Manufacturing,8,4,4
S01011138,F. Construction,3,3,0
S01011138,G I. Distribution hotels and restaurants,22,5,17
S01011138,H J. Transport and communication,12,2,10
S01011138,K L M N. Financial real estate professional and administrative activities,13,6,7
S01011138,O P Q. Public administration education and health,27,5,22
S01011138,R S T U. Other,3,0,3
S01011138,Never worked,20,12,8
S01011139,All people aged 16 to 74 not in employment,125,45,80
S01011139,A B D E. Agriculture energy and water,0,0,0
S01011139,C. Manufacturing,9,7,2
S01011139,F. Construction,3,2,1
S01011139,G I. Distribution hotels and restaurants,20,7,13
S01011139,H J. Transport and communication,16,5,11
S01011139,K L M N. Financial real estate professional and administrative activities,14,3,11
S01011139,O P Q. Public administration education and health,44,11,33
S01011139,R S T U. Other,2,0,2
S01011139,Never worked,17,10,7
S01011140,All people aged 16 to 74 not in employment,129,59,70
S01011140,A B D E. Agriculture energy and water,4,4,0
S01011140,C. Manufacturing,15,11,4
S01011140,F. Construction,8,7,1
S01011140,G I. Distribution hotels and restaurants,27,14,13
S01011140,H J. Transport and communication,12,1,11
S01011140,K L M N. Financial real estate professional and administrative activities,12,5,7
S01011140,O P Q. Public administration education and health,25,6,19
S01011140,R S T U. Other,4,0,4
S01011140,Never worked,22,11,11
S01011141,All people aged 16 to 74 not in employment,134,54,80
S01011141,A B D E. Agriculture energy and water,2,2,0
S01011141,C. Manufacturing,18,8,10
S01011141,F. Construction,10,8,2
S01011141,G I. Distribution hotels and restaurants,27,10,17
S01011141,H J. Transport and communication,15,3,12
S01011141,K L M N. Financial real estate professional and administrative activities,8,4,4
S01011141,O P Q. Public administration education and health,35,12,23
S01011141,R S T U. Other,5,0,5
S01011141,Never worked,14,7,7
S01011142,All people aged 16 to 74 not in employment,435,223,212
S01011142,A B D E. Agriculture energy and water,10,6,4
S01011142,C. Manufacturing,21,12,9
S01011142,F. Construction,6,5,1
S01011142,G I. Distribution hotels and restaurants,52,26,26
S01011142,H J. Transport and communication,27,11,16
S01011142,K L M N. Financial real estate professional and administrative activities,21,5,16
S01011142,O P Q. Public administration education and health,76,29,47
S01011142,R S T U. Other,12,6,6
S01011142,Never worked,210,123,87
S01011143,All people aged 16 to 74 not in employment,234,92,142
S01011143,A B D E. Agriculture energy and water,15,13,2
S01011143,C. Manufacturing,24,13,11
S01011143,F. Construction,4,2,2
S01011143,G I. Distribution hotels and restaurants,50,19,31
S01011143,H J. Transport and communication,17,5,12
S01011143,K L M N. Financial real estate professional and administrative activities,16,6,10
S01011143,O P Q. Public administration education and health,72,21,51
S01011143,R S T U. Other,7,1,6
S01011143,Never worked,29,12,17
S01011144,All people aged 16 to 74 not in employment,164,73,91
S01011144,A B D E. Agriculture energy and water,4,3,1
S01011144,C. Manufacturing,12,6,6
S01011144,F. Construction,7,6,1
S01011144,G I. Distribution hotels and restaurants,37,18,19
S01011144,H J. Transport and communication,16,5,11
S01011144,K L M N. Financial real estate professional and administrative activities,9,4,5
S01011144,O P Q. Public administration education and health,53,15,38
S01011144,R S T U. Other,4,1,3
S01011144,Never worked,22,15,7
S01011145,All people aged 16 to 74 not in employment,146,66,80
S01011145,A B D E. Agriculture energy and water,8,6,2
S01011145,C. Manufacturing,8,4,4
S01011145,F. Construction,5,5,0
S01011145,G I. Distribution hotels and restaurants,30,15,15
S01011145,H J. Transport and communication,9,4,5
S01011145,K L M N. Financial real estate professional and administrative activities,12,7,5
S01011145,O P Q. Public administration education and health,53,16,37
S01011145,R S T U. Other,6,1,5
S01011145,Never worked,15,8,7
S01011146,All people aged 16 to 74 not in employment,208,88,120
S01011146,A B D E. Agriculture energy and water,8,5,3
S01011146,C. Manufacturing,21,12,9
S01011146,F. Construction,11,8,3
S01011146,G I. Distribution hotels and restaurants,45,17,28
S01011146,H J. Transport and communication,17,9,8
S01011146,K L M N. Financial real estate professional and administrative activities,16,9,7
S01011146,O P Q. Public administration education and health,61,19,42
S01011146,R S T U. Other,10,2,8
S01011146,Never worked,19,7,12
S01011147,All people aged 16 to 74 not in employment,239,100,139
S01011147,A B D E. Agriculture energy and water,7,6,1
S01011147,C. Manufacturing,27,16,11
S01011147,F. Construction,13,12,1
S01011147,G I. Distribution hotels and restaurants,40,16,24
S01011147,H J. Transport and communication,13,3,10
S01011147,K L M N. Financial real estate professional and administrative activities,22,12,10
S01011147,O P Q. Public administration education and health,82,19,63
S01011147,R S T U. Other,9,1,8
S01011147,Never worked,26,15,11
S01011148,All people aged 16 to 74 not in employment,188,77,111
S01011148,A B D E. Agriculture energy and water,11,7,4
S01011148,C. Manufacturing,13,5,8
S01011148,F. Construction,13,11,2
S01011148,G I. Distribution hotels and restaurants,33,15,18
S01011148,H J. Transport and communication,19,2,17
S01011148,K L M N. Financial real estate professional and administrative activities,14,5,9
S01011148,O P Q. Public administration education and health,52,18,34
S01011148,R S T U. Other,9,4,5
S01011148,Never worked,24,10,14
S01011149,All people aged 16 to 74 not in employment,145,39,106
S01011149,A B D E. Agriculture energy and water,4,3,1
S01011149,C. Manufacturing,13,6,7
S01011149,F. Construction,2,2,0
S01011149,G I. Distribution hotels and restaurants,23,3,20
S01011149,H J. Transport and communication,6,1,5
S01011149,K L M N. Financial real estate professional and administrative activities,9,1,8
S01011149,O P Q. Public administration education and health,54,13,41
S01011149,R S T U. Other,11,4,7
S01011149,Never worked,23,6,17
S01011150,All people aged 16 to 74 not in employment,71,18,53
S01011150,A B D E. Agriculture energy and water,2,2,0
S01011150,C. Manufacturing,2,1,1
S01011150,F. Construction,1,1,0
S01011150,G I. Distribution hotels and restaurants,11,3,8
S01011150,H J. Transport and communication,6,0,6
S01011150,K L M N. Financial real estate professional and administrative activities,3,0,3
S01011150,O P Q. Public administration education and health,28,4,24
S01011150,R S T U. Other,6,0,6
S01011150,Never worked,12,7,5
S01011151,All people aged 16 to 74 not in employment,137,57,80
S01011151,A B D E. Agriculture energy and water,3,1,2
S01011151,C. Manufacturing,13,6,7
S01011151,F. Construction,7,7,0
S01011151,G I. Distribution hotels and restaurants,23,11,12
S01011151,H J. Transport and communication,14,3,11
S01011151,K L M N. Financial real estate professional and administrative activities,10,4,6
S01011151,O P Q. Public administration education and health,41,8,33
S01011151,R S T U. Other,3,0,3
S01011151,Never worked,23,17,6
S01011152,All people aged 16 to 74 not in employment,177,67,110
S01011152,A B D E. Agriculture energy and water,4,4,0
S01011152,C. Manufacturing,12,10,2
S01011152,F. Construction,8,4,4
S01011152,G I. Distribution hotels and restaurants,32,16,16
S01011152,H J. Transport and communication,11,2,9
S01011152,K L M N. Financial real estate professional and administrative activities,16,7,9
S01011152,O P Q. Public administration education and health,64,13,51
S01011152,R S T U. Other,13,2,11
S01011152,Never worked,17,9,8
S01011153,All people aged 16 to 74 not in employment,257,109,148
S01011153,A B D E. Agriculture energy and water,14,12,2
S01011153,C. Manufacturing,18,11,7
S01011153,F. Construction,15,15,0
S01011153,G I. Distribution hotels and restaurants,46,14,32
S01011153,H J. Transport and communication,27,10,17
S01011153,K L M N. Financial real estate professional and administrative activities,22,10,12
S01011153,O P Q. Public administration education and health,77,23,54
S01011153,R S T U. Other,12,5,7
S01011153,Never worked,26,9,17
S01011154,All people aged 16 to 74 not in employment,170,80,90
S01011154,A B D E. Agriculture energy and water,3,2,1
S01011154,C. Manufacturing,14,11,3
S01011154,F. Construction,15,15,0
S01011154,G I. Distribution hotels and restaurants,35,18,17
S01011154,H J. Transport and communication,9,2,7
S01011154,K L M N. Financial real estate professional and administrative activities,20,8,12
S01011154,O P Q. Public administration education and health,45,10,35
S01011154,R S T U. Other,13,4,9
S01011154,Never worked,16,10,6
S01011155,All people aged 16 to 74 not in employment,183,87,96
S01011155,A B D E. Agriculture energy and water,5,3,2
S01011155,C. Manufacturing,13,9,4
S01011155,F. Construction,14,10,4
S01011155,G I. Distribution hotels and restaurants,20,9,11
S01011155,H J. Transport and communication,22,6,16
S01011155,K L M N. Financial real estate professional and administrative activities,21,12,9
S01011155,O P Q. Public administration education and health,55,19,36
S01011155,R S T U. Other,10,6,4
S01011155,Never worked,23,13,10
S01011156,All people aged 16 to 74 not in employment,144,62,82
S01011156,A B D E. Agriculture energy and water,2,1,1
S01011156,C. Manufacturing,13,8,5
S01011156,F. Construction,6,5,1
S01011156,G I. Distribution hotels and restaurants,32,10,22
S01011156,H J. Transport and communication,14,3,11
S01011156,K L M N. Financial real estate professional and administrative activities,15,9,6
S01011156,O P Q. Public administration education and health,38,15,23
S01011156,R S T U. Other,5,3,2
S01011156,Never worked,19,8,11
S01011157,All people aged 16 to 74 not in employment,157,74,83
S01011157,A B D E. Agriculture energy and water,3,1,2
S01011157,C. Manufacturing,17,14,3
S01011157,F. Construction,9,9,0
S01011157,G I. Distribution hotels and restaurants,21,7,14
S01011157,H J. Transport and communication,14,2,12
S01011157,K L M N. Financial real estate professional and administrative activities,19,11,8
S01011157,O P Q. Public administration education and health,62,22,40
S01011157,R S T U. Other,7,3,4
S01011157,Never worked,5,5,0
S01011158,All people aged 16 to 74 not in employment,146,65,81
S01011158,A B D E. Agriculture energy and water,6,3,3
S01011158,C. Manufacturing,7,4,3
S01011158,F. Construction,7,7,0
S01011158,G I. Distribution hotels and restaurants,23,10,13
S01011158,H J. Transport and communication,9,5,4
S01011158,K L M N. Financial real estate professional and administrative activities,18,9,9
S01011158,O P Q. Public administration education and health,61,20,41
S01011158,R S T U. Other,6,1,5
S01011158,Never worked,9,6,3
S01011159,All people aged 16 to 74 not in employment,167,71,96
S01011159,A B D E. Agriculture energy and water,3,1,2
S01011159,C. Manufacturing,16,9,7
S01011159,F. Construction,15,14,1
S01011159,G I. Distribution hotels and restaurants,35,14,21
S01011159,H J. Transport and communication,18,6,12
S01011159,K L M N. Financial real estate professional and administrative activities,22,10,12
S01011159,O P Q. Public administration education and health,45,12,33
S01011159,R S T U. Other,5,2,3
S01011159,Never worked,8,3,5
S01011160,All people aged 16 to 74 not in employment,201,88,113
S01011160,A B D E. Agriculture energy and water,6,5,1
S01011160,C. Manufacturing,16,13,3
S01011160,F. Construction,13,10,3
S01011160,G I. Distribution hotels and restaurants,39,15,24
S01011160,H J. Transport and communication,15,7,8
S01011160,K L M N. Financial real estate professional and administrative activities,18,8,10
S01011160,O P Q. Public administration education and health,55,13,42
S01011160,R S T U. Other,4,1,3
S01011160,Never worked,35,16,19
S01011161,All people aged 16 to 74 not in employment,168,67,101
S01011161,A B D E. Agriculture energy and water,4,2,2
S01011161,C. Manufacturing,17,13,4
S01011161,F. Construction,12,12,0
S01011161,G I. Distribution hotels and restaurants,39,16,23
S01011161,H J. Transport and communication,13,1,12
S01011161,K L M N. Financial real estate professional and administrative activities,14,4,10
S01011161,O P Q. Public administration education and health,42,10,32
S01011161,R S T U. Other,7,1,6
S01011161,Never worked,20,8,12
S01011162,All people aged 16 to 74 not in employment,143,54,89
S01011162,A B D E. Agriculture energy and water,5,4,1
S01011162,C. Manufacturing,6,5,1
S01011162,F. Construction,10,9,1
S01011162,G I. Distribution hotels and restaurants,30,11,19
S01011162,H J. Transport and communication,28,3,25
S01011162,K L M N. Financial real estate professional and administrative activities,14,4,10
S01011162,O P Q. Public administration education and health,26,9,17
S01011162,R S T U. Other,5,1,4
S01011162,Never worked,19,8,11
S01011163,All people aged 16 to 74 not in employment,213,94,119
S01011163,A B D E. Agriculture energy and water,8,5,3
S01011163,C. Manufacturing,18,13,5
S01011163,F. Construction,12,11,1
S01011163,G I. Distribution hotels and restaurants,48,21,27
S01011163,H J. Transport and communication,21,4,17
S01011163,K L M N. Financial real estate professional and administrative activities,16,7,9
S01011163,O P Q. Public administration education and health,42,10,32
S01011163,R S T U. Other,11,3,8
S01011163,Never worked,37,20,17
S01011164,All people aged 16 to 74 not in employment,174,68,106
S01011164,A B D E. Agriculture energy and water,5,4,1
S01011164,C. Manufacturing,13,10,3
S01011164,F. Construction,9,7,2
S01011164,G I. Distribution hotels and restaurants,29,9,20
S01011164,H J. Transport and communication,21,7,14
S01011164,K L M N. Financial real estate professional and administrative activities,20,8,12
S01011164,O P Q. Public administration education and health,46,14,32
S01011164,R S T U. Other,10,3,7
S01011164,Never worked,21,6,15
S01011165,All people aged 16 to 74 not in employment,230,93,137
S01011165,A B D E. Agriculture energy and water,7,5,2
S01011165,C. Manufacturing,18,15,3
S01011165,F. Construction,24,23,1
S01011165,G I. Distribution hotels and restaurants,52,15,37
S01011165,H J. Transport and communication,35,10,25
S01011165,K L M N. Financial real estate professional and administrative activities,19,8,11
S01011165,O P Q. Public administration education and health,41,7,34
S01011165,R S T U. Other,9,1,8
S01011165,Never worked,25,9,16
S01011166,All people aged 16 to 74 not in employment,138,52,86
S01011166,A B D E. Agriculture energy and water,3,2,1
S01011166,C. Manufacturing,10,5,5
S01011166,F. Construction,6,5,1
S01011166,G I. Distribution hotels and restaurants,20,6,14
S01011166,H J. Transport and communication,8,4,4
S01011166,K L M N. Financial real estate professional and administrative activities,20,11,9
S01011166,O P Q. Public administration education and health,45,10,35
S01011166,R S T U. Other,8,2,6
S01011166,Never worked,18,7,11
S01011167,All people aged 16 to 74 not in employment,208,90,118
S01011167,A B D E. Agriculture energy and water,10,8,2
S01011167,C. Manufacturing,12,7,5
S01011167,F. Construction,7,6,1
S01011167,G I. Distribution hotels and restaurants,29,9,20
S01011167,H J. Transport and communication,20,11,9
S01011167,K L M N. Financial real estate professional and administrative activities,18,8,10
S01011167,O P Q. Public administration education and health,80,27,53
S01011167,R S T U. Other,9,2,7
S01011167,Never worked,23,12,11
S01011168,All people aged 16 to 74 not in employment,227,90,137
S01011168,A B D E. Agriculture energy and water,9,8,1
S01011168,C. Manufacturing,20,13,7
S01011168,F. Construction,12,12,0
S01011168,G I. Distribution hotels and restaurants,34,7,27
S01011168,H J. Transport and communication,19,4,15
S01011168,K L M N. Financial real estate professional and administrative activities,23,8,15
S01011168,O P Q. Public administration education and health,69,21,48
S01011168,R S T U. Other,15,4,11
S01011168,Never worked,26,13,13
S01011169,All people aged 16 to 74 not in employment,160,63,97
S01011169,A B D E. Agriculture energy and water,2,1,1
S01011169,C. Manufacturing,6,3,3
S01011169,F. Construction,9,8,1
S01011169,G I. Distribution hotels and restaurants,30,11,19
S01011169,H J. Transport and communication,23,7,16
S01011169,K L M N. Financial real estate professional and administrative activities,14,3,11
S01011169,O P Q. Public administration education and health,43,10,33
S01011169,R S T U. Other,6,1,5
S01011169,Never worked,27,19,8
S01011170,All people aged 16 to 74 not in employment,260,102,158
S01011170,A B D E. Agriculture energy and water,8,5,3
S01011170,C. Manufacturing,24,16,8
S01011170,F. Construction,11,9,2
S01011170,G I. Distribution hotels and restaurants,45,18,27
S01011170,H J. Transport and communication,17,6,11
S01011170,K L M N. Financial real estate professional and administrative activities,35,11,24
S01011170,O P Q. Public administration education and health,79,22,57
S01011170,R S T U. Other,12,4,8
S01011170,Never worked,29,11,18
S01011171,All people aged 16 to 74 not in employment,214,95,119
S01011171,A B D E. Agriculture energy and water,9,5,4
S01011171,C. Manufacturing,10,5,5
S01011171,F. Construction,15,12,3
S01011171,G I. Distribution hotels and restaurants,44,22,22
S01011171,H J. Transport and communication,20,4,16
S01011171,K L M N. Financial real estate professional and administrative activities,27,14,13
S01011171,O P Q. Public administration education and health,61,19,42
S01011171,R S T U. Other,16,5,11
S01011171,Never worked,12,9,3
S01011172,All people aged 16 to 74 not in employment,219,105,114
S01011172,A B D E. Agriculture energy and water,10,6,4
S01011172,C. Manufacturing,24,15,9
S01011172,F. Construction,16,15,1
S01011172,G I. Distribution hotels and restaurants,30,18,12
S01011172,H J. Transport and communication,22,7,15
S01011172,K L M N. Financial real estate professional and administrative activities,26,15,11
S01011172,O P Q. Public administration education and health,66,19,47
S01011172,R S T U. Other,12,3,9
S01011172,Never worked,13,7,6
S01011173,All people aged 16 to 74 not in employment,171,60,111
S01011173,A B D E. Agriculture energy and water,5,3,2
S01011173,C. Manufacturing,15,9,6
S01011173,F. Construction,2,1,1
S01011173,G I. Distribution hotels and restaurants,27,11,16
S01011173,H J. Transport and communication,21,9,12
S01011173,K L M N. Financial real estate professional and administrative activities,11,6,5
S01011173,O P Q. Public administration education and health,63,13,50
S01011173,R S T U. Other,12,4,8
S01011173,Never worked,15,4,11
S01011174,All people aged 16 to 74 not in employment,133,64,69
S01011174,A B D E. Agriculture energy and water,2,2,0
S01011174,C. Manufacturing,14,10,4
S01011174,F. Construction,9,8,1
S01011174,G I. Distribution hotels and restaurants,18,8,10
S01011174,H J. Transport and communication,15,6,9
S01011174,K L M N. Financial real estate professional and administrative activities,10,6,4
S01011174,O P Q. Public administration education and health,50,16,34
S01011174,R S T U. Other,4,2,2
S01011174,Never worked,11,6,5
S01011175,All people aged 16 to 74 not in employment,149,66,83
S01011175,A B D E. Agriculture energy and water,0,0,0
S01011175,C. Manufacturing,12,6,6
S01011175,F. Construction,8,8,0
S01011175,G I. Distribution hotels and restaurants,24,15,9
S01011175,H J. Transport and communication,16,6,10
S01011175,K L M N. Financial real estate professional and administrative activities,20,12,8
S01011175,O P Q. Public administration education and health,43,5,38
S01011175,R S T U. Other,7,2,5
S01011175,Never worked,19,12,7
S01011176,All people aged 16 to 74 not in employment,176,76,100
S01011176,A B D E. Agriculture energy and water,3,3,0
S01011176,C. Manufacturing,10,6,4
S01011176,F. Construction,13,11,2
S01011176,G I. Distribution hotels and restaurants,31,11,20
S01011176,H J. Transport and communication,28,8,20
S01011176,K L M N. Financial real estate professional and administrative activities,9,2,7
S01011176,O P Q. Public administration education and health,56,20,36
S01011176,R S T U. Other,8,3,5
S01011176,Never worked,18,12,6
S01011177,All people aged 16 to 74 not in employment,205,93,112
S01011177,A B D E. Agriculture energy and water,9,7,2
S01011177,C. Manufacturing,24,18,6
S01011177,F. Construction,12,10,2
S01011177,G I. Distribution hotels and restaurants,39,15,24
S01011177,H J. Transport and communication,23,9,14
S01011177,K L M N. Financial real estate professional and administrative activities,19,10,9
S01011177,O P Q. Public administration education and health,50,14,36
S01011177,R S T U. Other,10,4,6
S01011177,Never worked,19,6,13
S01011178,All people aged 16 to 74 not in employment,141,56,85
S01011178,A B D E. Agriculture energy and water,8,8,0
S01011178,C. Manufacturing,16,7,9
S01011178,F. Construction,8,8,0
S01011178,G I. Distribution hotels and restaurants,28,12,16
S01011178,H J. Transport and communication,17,4,13
S01011178,K L M N. Financial real estate professional and administrative activities,9,4,5
S01011178,O P Q. Public administration education and health,29,3,26
S01011178,R S T U. Other,7,1,6
S01011178,Never worked,19,9,10
S01011179,All people aged 16 to 74 not in employment,195,94,101
S01011179,A B D E. Agriculture energy and water,6,6,0
S01011179,C. Manufacturing,39,20,19
S01011179,F. Construction,15,15,0
S01011179,G I. Distribution hotels and restaurants,36,15,21
S01011179,H J. Transport and communication,9,5,4
S01011179,K L M N. Financial real estate professional and administrative activities,18,11,7
S01011179,O P Q. Public administration education and health,33,3,30
S01011179,R S T U. Other,7,1,6
S01011179,Never worked,32,18,14
S01011180,All people aged 16 to 74 not in employment,282,129,153
S01011180,A B D E. Agriculture energy and water,8,2,6
S01011180,C. Manufacturing,60,33,27
S01011180,F. Construction,34,28,6
S01011180,G I. Distribution hotels and restaurants,36,23,13
S01011180,H J. Transport and communication,17,5,12
S01011180,K L M N. Financial real estate professional and administrative activities,20,7,13
S01011180,O P Q. Public administration education and health,41,7,34
S01011180,R S T U. Other,11,0,11
S01011180,Never worked,55,24,31
S01011181,All people aged 16 to 74 not in employment,128,57,71
S01011181,A B D E. Agriculture energy and water,10,6,4
S01011181,C. Manufacturing,18,11,7
S01011181,F. Construction,9,7,2
S01011181,G I. Distribution hotels and restaurants,24,9,15
S01011181,H J. Transport and communication,11,4,7
S01011181,K L M N. Financial real estate professional and administrative activities,11,4,7
S01011181,O P Q. Public administration education and health,29,7,22
S01011181,R S T U. Other,3,0,3
S01011181,Never worked,13,9,4
S01011182,All people aged 16 to 74 not in employment,111,50,61
S01011182,A B D E. Agriculture energy and water,5,3,2
S01011182,C. Manufacturing,17,12,5
S01011182,F. Construction,11,10,1
S01011182,G I. Distribution hotels and restaurants,27,9,18
S01011182,H J. Transport and communication,6,0,6
S01011182,K L M N. Financial real estate professional and administrative activities,6,1,5
S01011182,O P Q. Public administration education and health,20,5,15
S01011182,R S T U. Other,1,1,0
S01011182,Never worked,18,9,9
S01011183,All people aged 16 to 74 not in employment,165,76,89
S01011183,A B D E. Agriculture energy and water,7,3,4
S01011183,C. Manufacturing,26,16,10
S01011183,F. Construction,8,8,0
S01011183,G I. Distribution hotels and restaurants,35,19,16
S01011183,H J. Transport and communication,9,1,8
S01011183,K L M N. Financial real estate professional and administrative activities,15,7,8
S01011183,O P Q. Public administration education and health,23,7,16
S01011183,R S T U. Other,6,2,4
S01011183,Never worked,36,13,23
S01011184,All people aged 16 to 74 not in employment,177,82,95
S01011184,A B D E. Agriculture energy and water,4,4,0
S01011184,C. Manufacturing,26,17,9
S01011184,F. Construction,10,9,1
S01011184,G I. Distribution hotels and restaurants,31,10,21
S01011184,H J. Transport and communication,11,4,7
S01011184,K L M N. Financial real estate professional and administrative activities,17,5,12
S01011184,O P Q. Public administration education and health,40,18,22
S01011184,R S T U. Other,5,1,4
S01011184,Never worked,33,14,19
S01011185,All people aged 16 to 74 not in employment,198,89,109
S01011185,A B D E. Agriculture energy and water,3,2,1
S01011185,C. Manufacturing,32,25,7
S01011185,F. Construction,19,16,3
S01011185,G I. Distribution hotels and restaurants,32,11,21
S01011185,H J. Transport and communication,13,5,8
S01011185,K L M N. Financial real estate professional and administrative activities,15,7,8
S01011185,O P Q. Public administration education and health,50,9,41
S01011185,R S T U. Other,6,1,5
S01011185,Never worked,28,13,15
S01011186,All people aged 16 to 74 not in employment,299,132,167
S01011186,A B D E. Agriculture energy and water,5,4,1
S01011186,C. Manufacturing,58,32,26
S01011186,F. Construction,25,21,4
S01011186,G I. Distribution hotels and restaurants,68,19,49
S01011186,H J. Transport and communication,12,3,9
S01011186,K L M N. Financial real estate professional and administrative activities,20,13,7
S01011186,O P Q. Public administration education and health,57,14,43
S01011186,R S T U. Other,15,4,11
S01011186,Never worked,39,22,17
S01011187,All people aged 16 to 74 not in employment,227,111,116
S01011187,A B D E. Agriculture energy and water,3,2,1
S01011187,C. Manufacturing,58,45,13
S01011187,F. Construction,13,10,3
S01011187,G I. Distribution hotels and restaurants,47,16,31
S01011187,H J. Transport and communication,9,4,5
S01011187,K L M N. Financial real estate professional and administrative activities,17,9,8
S01011187,O P Q. Public administration education and health,60,15,45
S01011187,R S T U. Other,6,1,5
S01011187,Never worked,14,9,5
S01011188,All people aged 16 to 74 not in employment,292,129,163
S01011188,A B D E. Agriculture energy and water,5,5,0
S01011188,C. Manufacturing,39,28,11
S01011188,F. Construction,24,21,3
S01011188,G I. Distribution hotels and restaurants,49,16,33
S01011188,H J. Transport and communication,34,10,24
S01011188,K L M N. Financial real estate professional and administrative activities,24,8,16
S01011188,O P Q. Public administration education and health,54,12,42
S01011188,R S T U. Other,17,3,14
S01011188,Never worked,46,26,20
S01011189,All people aged 16 to 74 not in employment,216,94,122
S01011189,A B D E. Agriculture energy and water,3,3,0
S01011189,C. Manufacturing,37,21,16
S01011189,F. Construction,13,10,3
S01011189,G I. Distribution hotels and restaurants,43,23,20
S01011189,H J. Transport and communication,12,6,6
S01011189,K L M N. Financial real estate professional and administrative activities,16,7,9
S01011189,O P Q. Public administration education and health,53,11,42
S01011189,R S T U. Other,4,2,2
S01011189,Never worked,35,11,24
S01011190,All people aged 16 to 74 not in employment,202,91,111
S01011190,A B D E. Agriculture energy and water,3,2,1
S01011190,C. Manufacturing,31,18,13
S01011190,F. Construction,17,16,1
S01011190,G I. Distribution hotels and restaurants,40,17,23
S01011190,H J. Transport and communication,21,3,18
S01011190,K L M N. Financial real estate professional and administrative activities,18,8,10
S01011190,O P Q. Public administration education and health,30,6,24
S01011190,R S T U. Other,5,2,3
S01011190,Never worked,37,19,18
S01011191,All people aged 16 to 74 not in employment,158,68,90
S01011191,A B D E. Agriculture energy and water,3,2,1
S01011191,C. Manufacturing,32,16,16
S01011191,F. Construction,12,11,1
S01011191,G I. Distribution hotels and restaurants,27,13,14
S01011191,H J. Transport and communication,20,6,14
S01011191,K L M N. Financial real estate professional and administrative activities,13,4,9
S01011191,O P Q. Public administration education and health,24,7,17
S01011191,R S T U. Other,8,3,5
S01011191,Never worked,19,6,13
S01011192,All people aged 16 to 74 not in employment,202,87,115
S01011192,A B D E. Agriculture energy and water,2,2,0
S01011192,C. Manufacturing,29,14,15
S01011192,F. Construction,11,9,2
S01011192,G I. Distribution hotels and restaurants,47,24,23
S01011192,H J. Transport and communication,20,3,17
S01011192,K L M N. Financial real estate professional and administrative activities,17,9,8
S01011192,O P Q. Public administration education and health,31,7,24
S01011192,R S T U. Other,10,4,6
S01011192,Never worked,35,15,20
S01011193,All people aged 16 to 74 not in employment,244,108,136
S01011193,A B D E. Agriculture energy and water,6,6,0
S01011193,C. Manufacturing,30,15,15
S01011193,F. Construction,17,17,0
S01011193,G I. Distribution hotels and restaurants,43,24,19
S01011193,H J. Transport and communication,30,8,22
S01011193,K L M N. Financial real estate professional and administrative activities,24,9,15
S01011193,O P Q. Public administration education and health,36,5,31
S01011193,R S T U. Other,4,1,3
S01011193,Never worked,54,23,31
S01011194,All people aged 16 to 74 not in employment,258,111,147
S01011194,A B D E. Agriculture energy and water,1,1,0
S01011194,C. Manufacturing,26,16,10
S01011194,F. Construction,23,23,0
S01011194,G I. Distribution hotels and restaurants,47,21,26
S01011194,H J. Transport and communication,23,1,22
S01011194,K L M N. Financial real estate professional and administrative activities,23,11,12
S01011194,O P Q. Public administration education and health,40,10,30
S01011194,R S T U. Other,19,2,17
S01011194,Never worked,56,26,30
S01011195,All people aged 16 to 74 not in employment,218,90,128
S01011195,A B D E. Agriculture energy and water,4,3,1
S01011195,C. Manufacturing,32,14,18
S01011195,F. Construction,15,15,0
S01011195,G I. Distribution hotels and restaurants,54,24,30
S01011195,H J. Transport and communication,21,6,15
S01011195,K L M N. Financial real estate professional and administrative activities,14,8,6
S01011195,O P Q. Public administration education and health,27,1,26
S01011195,R S T U. Other,13,2,11
S01011195,Never worked,38,17,21
S01011196,All people aged 16 to 74 not in employment,300,130,170
S01011196,A B D E. Agriculture energy and water,6,4,2
S01011196,C. Manufacturing,51,30,21
S01011196,F. Construction,24,22,2
S01011196,G I. Distribution hotels and restaurants,58,22,36
S01011196,H J. Transport and communication,25,4,21
S01011196,K L M N. Financial real estate professional and administrative activities,14,2,12
S01011196,O P Q. Public administration education and health,57,19,38
S01011196,R S T U. Other,13,2,11
S01011196,Never worked,52,25,27
S01011197,All people aged 16 to 74 not in employment,316,129,187
S01011197,A B D E. Agriculture energy and water,9,6,3
S01011197,C. Manufacturing,28,14,14
S01011197,F. Construction,37,34,3
S01011197,G I. Distribution hotels and restaurants,55,20,35
S01011197,H J. Transport and communication,39,6,33
S01011197,K L M N. Financial real estate professional and administrative activities,21,10,11
S01011197,O P Q. Public administration education and health,36,7,29
S01011197,R S T U. Other,22,5,17
S01011197,Never worked,69,27,42
S01011198,All people aged 16 to 74 not in employment,199,82,117
S01011198,A B D E. Agriculture energy and water,2,2,0
S01011198,C. Manufacturing,28,14,14
S01011198,F. Construction,21,21,0
S01011198,G I. Distribution hotels and restaurants,43,11,32
S01011198,H J. Transport and communication,18,7,11
S01011198,K L M N. Financial real estate professional and administrative activities,8,3,5
S01011198,O P Q. Public administration education and health,31,7,24
S01011198,R S T U. Other,4,2,2
S01011198,Never worked,44,15,29
S01011199,All people aged 16 to 74 not in employment,228,105,123
S01011199,A B D E. Agriculture energy and water,1,0,1
S01011199,C. Manufacturing,30,20,10
S01011199,F. Construction,21,20,1
S01011199,G I. Distribution hotels and restaurants,43,17,26
S01011199,H J. Transport and communication,18,8,10
S01011199,K L M N. Financial real estate professional and administrative activities,18,8,10
S01011199,O P Q. Public administration education and health,42,9,33
S01011199,R S T U. Other,12,1,11
S01011199,Never worked,43,22,21
S01011200,All people aged 16 to 74 not in employment,227,96,131
S01011200,A B D E. Agriculture energy and water,5,4,1
S01011200,C. Manufacturing,40,20,20
S01011200,F. Construction,18,16,2
S01011200,G I. Distribution hotels and restaurants,41,15,26
S01011200,H J. Transport and communication,13,1,12
S01011200,K L M N. Financial real estate professional and administrative activities,29,12,17
S01011200,O P Q. Public administration education and health,39,13,26
S01011200,R S T U. Other,7,3,4
S01011200,Never worked,35,12,23
S01011201,All people aged 16 to 74 not in employment,175,72,103
S01011201,A B D E. Agriculture energy and water,2,2,0
S01011201,C. Manufacturing,32,18,14
S01011201,F. Construction,15,13,2
S01011201,G I. Distribution hotels and restaurants,22,8,14
S01011201,H J. Transport and communication,14,4,10
S01011201,K L M N. Financial real estate professional and administrative activities,12,5,7
S01011201,O P Q. Public administration education and health,39,6,33
S01011201,R S T U. Other,12,4,8
S01011201,Never worked,27,12,15
S01011202,All people aged 16 to 74 not in employment,253,121,132
S01011202,A B D E. Agriculture energy and water,2,2,0
S01011202,C. Manufacturing,36,11,25
S01011202,F. Construction,33,31,2
S01011202,G I. Distribution hotels and restaurants,51,25,26
S01011202,H J. Transport and communication,26,5,21
S01011202,K L M N. Financial real estate professional and administrative activities,26,14,12
S01011202,O P Q. Public administration education and health,37,9,28
S01011202,R S T U. Other,4,1,3
S01011202,Never worked,38,23,15
S01011203,All people aged 16 to 74 not in employment,215,91,124
S01011203,A B D E. Agriculture energy and water,0,0,0
S01011203,C. Manufacturing,44,22,22
S01011203,F. Construction,17,14,3
S01011203,G I. Distribution hotels and restaurants,42,15,27
S01011203,H J. Transport and communication,15,3,12
S01011203,K L M N. Financial real estate professional and administrative activities,14,9,5
S01011203,O P Q. Public administration education and health,35,8,27
S01011203,R S T U. Other,10,3,7
S01011203,Never worked,38,17,21
S01011204,All people aged 16 to 74 not in employment,140,67,73
S01011204,A B D E. Agriculture energy and water,2,2,0
S01011204,C. Manufacturing,18,15,3
S01011204,F. Construction,11,11,0
S01011204,G I. Distribution hotels and restaurants,22,6,16
S01011204,H J. Transport and communication,14,5,9
S01011204,K L M N. Financial real estate professional and administrative activities,8,5,3
S01011204,O P Q. Public administration education and health,43,10,33
S01011204,R S T U. Other,6,2,4
S01011204,Never worked,16,11,5
S01011205,All people aged 16 to 74 not in employment,103,41,62
S01011205,A B D E. Agriculture energy and water,1,1,0
S01011205,C. Manufacturing,17,8,9
S01011205,F. Construction,8,6,2
S01011205,G I. Distribution hotels and restaurants,15,4,11
S01011205,H J. Transport and communication,11,5,6
S01011205,K L M N. Financial real estate professional and administrative activities,8,2,6
S01011205,O P Q. Public administration education and health,18,2,16
S01011205,R S T U. Other,5,0,5
S01011205,Never worked,20,13,7
S01011206,All people aged 16 to 74 not in employment,151,61,90
S01011206,A B D E. Agriculture energy and water,4,2,2
S01011206,C. Manufacturing,17,10,7
S01011206,F. Construction,14,11,3
S01011206,G I. Distribution hotels and restaurants,35,14,21
S01011206,H J. Transport and communication,7,1,6
S01011206,K L M N. Financial real estate professional and administrative activities,9,1,8
S01011206,O P Q. Public administration education and health,28,7,21
S01011206,R S T U. Other,6,2,4
S01011206,Never worked,31,13,18
S01011207,All people aged 16 to 74 not in employment,217,96,121
S01011207,A B D E. Agriculture energy and water,2,1,1
S01011207,C. Manufacturing,26,21,5
S01011207,F. Construction,12,11,1
S01011207,G I. Distribution hotels and restaurants,47,19,28
S01011207,H J. Transport and communication,13,6,7
S01011207,K L M N. Financial real estate professional and administrative activities,15,6,9
S01011207,O P Q. Public administration education and health,51,8,43
S01011207,R S T U. Other,6,1,5
S01011207,Never worked,45,23,22
S01011208,All people aged 16 to 74 not in employment,168,74,94
S01011208,A B D E. Agriculture energy and water,5,3,2
S01011208,C. Manufacturing,19,14,5
S01011208,F. Construction,10,8,2
S01011208,G I. Distribution hotels and restaurants,25,8,17
S01011208,H J. Transport and communication,12,2,10
S01011208,K L M N. Financial real estate professional and administrative activities,16,8,8
S01011208,O P Q. Public administration education and health,33,5,28
S01011208,R S T U. Other,8,1,7
S01011208,Never worked,40,25,15
S01011209,All people aged 16 to 74 not in employment,201,79,122
S01011209,A B D E. Agriculture energy and water,4,4,0
S01011209,C. Manufacturing,32,15,17
S01011209,F. Construction,20,19,1
S01011209,G I. Distribution hotels and restaurants,37,12,25
S01011209,H J. Transport and communication,15,2,13
S01011209,K L M N. Financial real estate professional and administrative activities,21,4,17
S01011209,O P Q. Public administration education and health,39,8,31
S01011209,R S T U. Other,7,4,3
S01011209,Never worked,26,11,15
S01011210,All people aged 16 to 74 not in employment,215,106,109
S01011210,A B D E. Agriculture energy and water,6,1,5
S01011210,C. Manufacturing,28,21,7
S01011210,F. Construction,11,7,4
S01011210,G I. Distribution hotels and restaurants,23,7,16
S01011210,H J. Transport and communication,16,8,8
S01011210,K L M N. Financial real estate professional and administrative activities,27,14,13
S01011210,O P Q. Public administration education and health,53,17,36
S01011210,R S T U. Other,2,1,1
S01011210,Never worked,49,30,19
S01011211,All people aged 16 to 74 not in employment,147,68,79
S01011211,A B D E. Agriculture energy and water,2,2,0
S01011211,C. Manufacturing,8,3,5
S01011211,F. Construction,14,13,1
S01011211,G I. Distribution hotels and restaurants,24,11,13
S01011211,H J. Transport and communication,12,2,10
S01011211,K L M N. Financial real estate professional and administrative activities,15,5,10
S01011211,O P Q. Public administration education and health,27,8,19
S01011211,R S T U. Other,5,2,3
S01011211,Never worked,40,22,18
S01011212,All people aged 16 to 74 not in employment,180,65,115
S01011212,A B D E. Agriculture energy and water,2,2,0
S01011212,C. Manufacturing,30,14,16
S01011212,F. Construction,16,15,1
S01011212,G I. Distribution hotels and restaurants,33,9,24
S01011212,H J. Transport and communication,16,2,14
S01011212,K L M N. Financial real estate professional and administrative activities,15,2,13
S01011212,O P Q. Public administration education and health,23,5,18
S01011212,R S T U. Other,7,3,4
S01011212,Never worked,38,13,25
S01011213,All people aged 16 to 74 not in employment,355,143,212
S01011213,A B D E. Agriculture energy and water,8,5,3
S01011213,C. Manufacturing,64,33,31
S01011213,F. Construction,26,23,3
S01011213,G I. Distribution hotels and restaurants,68,22,46
S01011213,H J. Transport and communication,23,7,16
S01011213,K L M N. Financial real estate professional and administrative activities,28,10,18
S01011213,O P Q. Public administration education and health,56,11,45
S01011213,R S T U. Other,12,2,10
S01011213,Never worked,70,30,40
S01011214,All people aged 16 to 74 not in employment,317,138,179
S01011214,A B D E. Agriculture energy and water,10,7,3
S01011214,C. Manufacturing,41,23,18
S01011214,F. Construction,27,26,1
S01011214,G I. Distribution hotels and restaurants,51,16,35
S01011214,H J. Transport and communication,31,9,22
S01011214,K L M N. Financial real estate professional and administrative activities,29,17,12
S01011214,O P Q. Public administration education and health,54,12,42
S01011214,R S T U. Other,11,3,8
S01011214,Never worked,63,25,38
S01011215,All people aged 16 to 74 not in employment,231,116,115
S01011215,A B D E. Agriculture energy and water,8,6,2
S01011215,C. Manufacturing,34,21,13
S01011215,F. Construction,26,26,0
S01011215,G I. Distribution hotels and restaurants,47,19,28
S01011215,H J. Transport and communication,19,8,11
S01011215,K L M N. Financial real estate professional and administrative activities,18,11,7
S01011215,O P Q. Public administration education and health,20,4,16
S01011215,R S T U. Other,11,1,10
S01011215,Never worked,48,20,28
S01011216,All people aged 16 to 74 not in employment,158,79,79
S01011216,A B D E. Agriculture energy and water,3,2,1
S01011216,C. Manufacturing,32,18,14
S01011216,F. Construction,21,20,1
S01011216,G I. Distribution hotels and restaurants,24,10,14
S01011216,H J. Transport and communication,15,5,10
S01011216,K L M N. Financial real estate professional and administrative activities,12,7,5
S01011216,O P Q. Public administration education and health,22,2,20
S01011216,R S T U. Other,9,3,6
S01011216,Never worked,20,12,8
S01011217,All people aged 16 to 74 not in employment,290,121,169
S01011217,A B D E. Agriculture energy and water,11,9,2
S01011217,C. Manufacturing,38,22,16
S01011217,F. Construction,19,19,0
S01011217,G I. Distribution hotels and restaurants,51,18,33
S01011217,H J. Transport and communication,27,7,20
S01011217,K L M N. Financial real estate professional and administrative activities,14,6,8
S01011217,O P Q. Public administration education and health,50,11,39
S01011217,R S T U. Other,13,4,9
S01011217,Never worked,67,25,42
S01011218,All people aged 16 to 74 not in employment,257,114,143
S01011218,A B D E. Agriculture energy and water,10,9,1
S01011218,C. Manufacturing,37,23,14
S01011218,F. Construction,22,21,1
S01011218,G I. Distribution hotels and restaurants,41,11,30
S01011218,H J. Transport and communication,21,5,16
S01011218,K L M N. Financial real estate professional and administrative activities,21,9,12
S01011218,O P Q. Public administration education and health,30,8,22
S01011218,R S T U. Other,16,4,12
S01011218,Never worked,59,24,35
S01011219,All people aged 16 to 74 not in employment,283,135,148
S01011219,A B D E. Agriculture energy and water,6,6,0
S01011219,C. Manufacturing,57,31,26
S01011219,F. Construction,33,32,1
S01011219,G I. Distribution hotels and restaurants,42,15,27
S01011219,H J. Transport and communication,18,6,12
S01011219,K L M N. Financial real estate professional and administrative activities,19,7,12
S01011219,O P Q. Public administration education and health,44,5,39
S01011219,R S T U. Other,11,5,6
S01011219,Never worked,53,28,25
S01011220,All people aged 16 to 74 not in employment,312,136,176
S01011220,A B D E. Agriculture energy and water,5,5,0
S01011220,C. Manufacturing,53,27,26
S01011220,F. Construction,30,28,2
S01011220,G I. Distribution hotels and restaurants,63,20,43
S01011220,H J. Transport and communication,23,3,20
S01011220,K L M N. Financial real estate professional and administrative activities,24,8,16
S01011220,O P Q. Public administration education and health,36,10,26
S01011220,R S T U. Other,21,10,11
S01011220,Never worked,57,25,32
S01011221,All people aged 16 to 74 not in employment,268,112,156
S01011221,A B D E. Agriculture energy and water,5,2,3
S01011221,C. Manufacturing,46,28,18
S01011221,F. Construction,22,20,2
S01011221,G I. Distribution hotels and restaurants,53,17,36
S01011221,H J. Transport and communication,32,5,27
S01011221,K L M N. Financial real estate professional and administrative activities,18,5,13
S01011221,O P Q. Public administration education and health,30,10,20
S01011221,R S T U. Other,11,3,8
S01011221,Never worked,51,22,29
S01011222,All people aged 16 to 74 not in employment,221,89,132
S01011222,A B D E. Agriculture energy and water,3,2,1
S01011222,C. Manufacturing,45,20,25
S01011222,F. Construction,11,11,0
S01011222,G I. Distribution hotels and restaurants,35,11,24
S01011222,H J. Transport and communication,23,5,18
S01011222,K L M N. Financial real estate professional and administrative activities,21,7,14
S01011222,O P Q. Public administration education and health,40,11,29
S01011222,R S T U. Other,8,1,7
S01011222,Never worked,35,21,14
S01011223,All people aged 16 to 74 not in employment,204,96,108
S01011223,A B D E. Agriculture energy and water,5,4,1
S01011223,C. Manufacturing,42,25,17
S01011223,F. Construction,19,18,1
S01011223,G I. Distribution hotels and restaurants,35,11,24
S01011223,H J. Transport and communication,12,2,10
S01011223,K L M N. Financial real estate professional and administrative activities,14,6,8
S01011223,O P Q. Public administration education and health,39,10,29
S01011223,R S T U. Other,9,3,6
S01011223,Never worked,29,17,12
S01011224,All people aged 16 to 74 not in employment,238,110,128
S01011224,A B D E. Agriculture energy and water,3,3,0
S01011224,C. Manufacturing,45,22,23
S01011224,F. Construction,23,23,0
S01011224,G I. Distribution hotels and restaurants,31,14,17
S01011224,H J. Transport and communication,22,4,18
S01011224,K L M N. Financial real estate professional and administrative activities,21,10,11
S01011224,O P Q. Public administration education and health,34,10,24
S01011224,R S T U. Other,13,9,4
S01011224,Never worked,46,15,31
S01011225,All people aged 16 to 74 not in employment,260,106,154
S01011225,A B D E. Agriculture energy and water,5,3,2
S01011225,C. Manufacturing,33,20,13
S01011225,F. Construction,25,23,2
S01011225,G I. Distribution hotels and restaurants,47,17,30
S01011225,H J. Transport and communication,23,7,16
S01011225,K L M N. Financial real estate professional and administrative activities,27,9,18
S01011225,O P Q. Public administration education and health,39,8,31
S01011225,R S T U. Other,9,2,7
S01011225,Never worked,52,17,35
S01011226,All people aged 16 to 74 not in employment,292,132,160
S01011226,A B D E. Agriculture energy and water,8,7,1
S01011226,C. Manufacturing,54,35,19
S01011226,F. Construction,18,16,2
S01011226,G I. Distribution hotels and restaurants,50,19,31
S01011226,H J. Transport and communication,20,7,13
S01011226,K L M N. Financial real estate professional and administrative activities,25,15,10
S01011226,O P Q. Public administration education and health,67,13,54
S01011226,R S T U. Other,13,6,7
S01011226,Never worked,37,14,23
S01011227,All people aged 16 to 74 not in employment,225,106,119
S01011227,A B D E. Agriculture energy and water,2,1,1
S01011227,C. Manufacturing,31,19,12
S01011227,F. Construction,22,18,4
S01011227,G I. Distribution hotels and restaurants,42,21,21
S01011227,H J. Transport and communication,25,6,19
S01011227,K L M N. Financial real estate professional and administrative activities,18,9,9
S01011227,O P Q. Public administration education and health,37,12,25
S01011227,R S T U. Other,13,6,7
S01011227,Never worked,35,14,21
S01011228,All people aged 16 to 74 not in employment,287,136,151
S01011228,A B D E. Agriculture energy and water,8,7,1
S01011228,C. Manufacturing,48,27,21
S01011228,F. Construction,28,24,4
S01011228,G I. Distribution hotels and restaurants,49,21,28
S01011228,H J. Transport and communication,25,6,19
S01011228,K L M N. Financial real estate professional and administrative activities,22,13,9
S01011228,O P Q. Public administration education and health,53,9,44
S01011228,R S T U. Other,16,6,10
S01011228,Never worked,38,23,15
S01011229,All people aged 16 to 74 not in employment,217,100,117
S01011229,A B D E. Agriculture energy and water,7,7,0
S01011229,C. Manufacturing,42,24,18
S01011229,F. Construction,14,11,3
S01011229,G I. Distribution hotels and restaurants,37,16,21
S01011229,H J. Transport and communication,19,8,11
S01011229,K L M N. Financial real estate professional and administrative activities,12,4,8
S01011229,O P Q. Public administration education and health,31,7,24
S01011229,R S T U. Other,13,5,8
S01011229,Never worked,42,18,24
S01011230,All people aged 16 to 74 not in employment,437,201,236
S01011230,A B D E. Agriculture energy and water,13,8,5
S01011230,C. Manufacturing,65,37,28
S01011230,F. Construction,41,39,2
S01011230,G I. Distribution hotels and restaurants,83,39,44
S01011230,H J. Transport and communication,42,7,35
S01011230,K L M N. Financial real estate professional and administrative activities,41,18,23
S01011230,O P Q. Public administration education and health,49,14,35
S01011230,R S T U. Other,10,3,7
S01011230,Never worked,93,36,57
S01011231,All people aged 16 to 74 not in employment,233,94,139
S01011231,A B D E. Agriculture energy and water,5,4,1
S01011231,C. Manufacturing,52,27,25
S01011231,F. Construction,27,24,3
S01011231,G I. Distribution hotels and restaurants,38,10,28
S01011231,H J. Transport and communication,20,5,15
S01011231,K L M N. Financial real estate professional and administrative activities,16,4,12
S01011231,O P Q. Public administration education and health,23,4,19
S01011231,R S T U. Other,11,1,10
S01011231,Never worked,41,15,26
S01011232,All people aged 16 to 74 not in employment,331,172,159
S01011232,A B D E. Agriculture energy and water,7,4,3
S01011232,C. Manufacturing,65,38,27
S01011232,F. Construction,33,30,3
S01011232,G I. Distribution hotels and restaurants,49,23,26
S01011232,H J. Transport and communication,36,15,21
S01011232,K L M N. Financial real estate professional and administrative activities,25,13,12
S01011232,O P Q. Public administration education and health,51,18,33
S01011232,R S T U. Other,7,4,3
S01011232,Never worked,58,27,31
S01011233,All people aged 16 to 74 not in employment,176,98,78
S01011233,A B D E. Agriculture energy and water,4,4,0
S01011233,C. Manufacturing,30,16,14
S01011233,F. Construction,14,13,1
S01011233,G I. Distribution hotels and restaurants,26,8,18
S01011233,H J. Transport and communication,8,3,5
S01011233,K L M N. Financial real estate professional and administrative activities,18,12,6
S01011233,O P Q. Public administration education and health,22,4,18
S01011233,R S T U. Other,4,3,1
S01011233,Never worked,50,35,15
S01011234,All people aged 16 to 74 not in employment,387,164,223
S01011234,A B D E. Agriculture energy and water,10,5,5
S01011234,C. Manufacturing,69,33,36
S01011234,F. Construction,32,30,2
S01011234,G I. Distribution hotels and restaurants,49,23,26
S01011234,H J. Transport and communication,42,13,29
S01011234,K L M N. Financial real estate professional and administrative activities,22,5,17
S01011234,O P Q. Public administration education and health,52,11,41
S01011234,R S T U. Other,12,5,7
S01011234,Never worked,99,39,60
S01011235,All people aged 16 to 74 not in employment,176,80,96
S01011235,A B D E. Agriculture energy and water,0,0,0
S01011235,C. Manufacturing,29,15,14
S01011235,F. Construction,18,18,0
S01011235,G I. Distribution hotels and restaurants,32,14,18
S01011235,H J. Transport and communication,10,4,6
S01011235,K L M N. Financial real estate professional and administrative activities,14,5,9
S01011235,O P Q. Public administration education and health,29,5,24
S01011235,R S T U. Other,5,2,3
S01011235,Never worked,39,17,22
S01011236,All people aged 16 to 74 not in employment,202,90,112
S01011236,A B D E. Agriculture energy and water,8,5,3
S01011236,C. Manufacturing,34,16,18
S01011236,F. Construction,22,19,3
S01011236,G I. Distribution hotels and restaurants,27,17,10
S01011236,H J. Transport and communication,18,3,15
S01011236,K L M N. Financial real estate professional and administrative activities,11,4,7
S01011236,O P Q. Public administration education and health,44,11,33
S01011236,R S T U. Other,9,5,4
S01011236,Never worked,29,10,19
S01011237,All people aged 16 to 74 not in employment,275,116,159
S01011237,A B D E. Agriculture energy and water,9,4,5
S01011237,C. Manufacturing,31,14,17
S01011237,F. Construction,35,31,4
S01011237,G I. Distribution hotels and restaurants,42,9,33
S01011237,H J. Transport and communication,22,8,14
S01011237,K L M N. Financial real estate professional and administrative activities,13,3,10
S01011237,O P Q. Public administration education and health,43,7,36
S01011237,R S T U. Other,7,4,3
S01011237,Never worked,73,36,37
S01011238,All people aged 16 to 74 not in employment,264,127,137
S01011238,A B D E. Agriculture energy and water,5,5,0
S01011238,C. Manufacturing,31,16,15
S01011238,F. Construction,27,24,3
S01011238,G I. Distribution hotels and restaurants,32,20,12
S01011238,H J. Transport and communication,27,9,18
S01011238,K L M N. Financial real estate professional and administrative activities,20,8,12
S01011238,O P Q. Public administration education and health,54,12,42
S01011238,R S T U. Other,4,0,4
S01011238,Never worked,64,33,31
S01011239,All people aged 16 to 74 not in employment,293,155,138
S01011239,A B D E. Agriculture energy and water,6,6,0
S01011239,C. Manufacturing,47,24,23
S01011239,F. Construction,29,29,0
S01011239,G I. Distribution hotels and restaurants,54,32,22
S01011239,H J. Transport and communication,25,15,10
S01011239,K L M N. Financial real estate professional and administrative activities,23,12,11
S01011239,O P Q. Public administration education and health,55,11,44
S01011239,R S T U. Other,10,6,4
S01011239,Never worked,44,20,24
S01011240,All people aged 16 to 74 not in employment,316,190,126
S01011240,A B D E. Agriculture energy and water,11,11,0
S01011240,C. Manufacturing,44,32,12
S01011240,F. Construction,42,41,1
S01011240,G I. Distribution hotels and restaurants,58,30,28
S01011240,H J. Transport and communication,26,9,17
S01011240,K L M N. Financial real estate professional and administrative activities,27,15,12
S01011240,O P Q. Public administration education and health,44,9,35
S01011240,R S T U. Other,16,10,6
S01011240,Never worked,48,33,15
S01011241,All people aged 16 to 74 not in employment,377,191,186
S01011241,A B D E. Agriculture energy and water,10,10,0
S01011241,C. Manufacturing,47,34,13
S01011241,F. Construction,41,37,4
S01011241,G I. Distribution hotels and restaurants,67,33,34
S01011241,H J. Transport and communication,31,14,17
S01011241,K L M N. Financial real estate professional and administrative activities,30,12,18
S01011241,O P Q. Public administration education and health,83,20,63
S01011241,R S T U. Other,12,5,7
S01011241,Never worked,56,26,30
S01011242,All people aged 16 to 74 not in employment,272,127,145
S01011242,A B D E. Agriculture energy and water,11,11,0
S01011242,C. Manufacturing,30,19,11
S01011242,F. Construction,27,24,3
S01011242,G I. Distribution hotels and restaurants,40,15,25
S01011242,H J. Transport and communication,26,9,17
S01011242,K L M N. Financial real estate professional and administrative activities,26,6,20
S01011242,O P Q. Public administration education and health,57,14,43
S01011242,R S T U. Other,12,7,5
S01011242,Never worked,43,22,21
S01011243,All people aged 16 to 74 not in employment,392,208,184
S01011243,A B D E. Agriculture energy and water,9,7,2
S01011243,C. Manufacturing,47,33,14
S01011243,F. Construction,53,49,4
S01011243,G I. Distribution hotels and restaurants,63,31,32
S01011243,H J. Transport and communication,31,15,16
S01011243,K L M N. Financial real estate professional and administrative activities,27,16,11
S01011243,O P Q. Public administration education and health,71,16,55
S01011243,R S T U. Other,11,4,7
S01011243,Never worked,80,37,43
S01011244,All people aged 16 to 74 not in employment,289,148,141
S01011244,A B D E. Agriculture energy and water,12,11,1
S01011244,C. Manufacturing,37,24,13
S01011244,F. Construction,38,31,7
S01011244,G I. Distribution hotels and restaurants,47,27,20
S01011244,H J. Transport and communication,25,6,19
S01011244,K L M N. Financial real estate professional and administrative activities,20,8,12
S01011244,O P Q. Public administration education and health,34,11,23
S01011244,R S T U. Other,12,3,9
S01011244,Never worked,64,27,37
S01011245,All people aged 16 to 74 not in employment,354,172,182
S01011245,A B D E. Agriculture energy and water,19,15,4
S01011245,C. Manufacturing,53,29,24
S01011245,F. Construction,36,36,0
S01011245,G I. Distribution hotels and restaurants,47,24,23
S01011245,H J. Transport and communication,27,6,21
S01011245,K L M N. Financial real estate professional and administrative activities,34,15,19
S01011245,O P Q. Public administration education and health,54,14,40
S01011245,R S T U. Other,16,4,12
S01011245,Never worked,68,29,39
S01011246,All people aged 16 to 74 not in employment,266,132,134
S01011246,A B D E. Agriculture energy and water,13,12,1
S01011246,C. Manufacturing,46,31,15
S01011246,F. Construction,24,23,1
S01011246,G I. Distribution hotels and restaurants,46,21,25
S01011246,H J. Transport and communication,20,8,12
S01011246,K L M N. Financial real estate professional and administrative activities,24,8,16
S01011246,O P Q. Public administration education and health,58,12,46
S01011246,R S T U. Other,12,5,7
S01011246,Never worked,23,12,11
S01011247,All people aged 16 to 74 not in employment,247,102,145
S01011247,A B D E. Agriculture energy and water,11,8,3
S01011247,C. Manufacturing,36,27,9
S01011247,F. Construction,11,9,2
S01011247,G I. Distribution hotels and restaurants,48,21,27
S01011247,H J. Transport and communication,13,4,9
S01011247,K L M N. Financial real estate professional and administrative activities,25,6,19
S01011247,O P Q. Public administration education and health,71,18,53
S01011247,R S T U. Other,10,1,9
S01011247,Never worked,22,8,14
S01011248,All people aged 16 to 74 not in employment,202,83,119
S01011248,A B D E. Agriculture energy and water,10,8,2
S01011248,C. Manufacturing,32,12,20
S01011248,F. Construction,16,16,0
S01011248,G I. Distribution hotels and restaurants,37,16,21
S01011248,H J. Transport and communication,14,5,9
S01011248,K L M N. Financial real estate professional and administrative activities,13,4,9
S01011248,O P Q. Public administration education and health,39,8,31
S01011248,R S T U. Other,9,2,7
S01011248,Never worked,32,12,20
S01011249,All people aged 16 to 74 not in employment,200,94,106
S01011249,A B D E. Agriculture energy and water,10,7,3
S01011249,C. Manufacturing,27,14,13
S01011249,F. Construction,18,15,3
S01011249,G I. Distribution hotels and restaurants,36,17,19
S01011249,H J. Transport and communication,14,5,9
S01011249,K L M N. Financial real estate professional and administrative activities,15,5,10
S01011249,O P Q. Public administration education and health,41,13,28
S01011249,R S T U. Other,10,4,6
S01011249,Never worked,29,14,15
S01011250,All people aged 16 to 74 not in employment,345,159,186
S01011250,A B D E. Agriculture energy and water,13,9,4
S01011250,C. Manufacturing,46,25,21
S01011250,F. Construction,28,26,2
S01011250,G I. Distribution hotels and restaurants,61,23,38
S01011250,H J. Transport and communication,32,7,25
S01011250,K L M N. Financial real estate professional and administrative activities,26,14,12
S01011250,O P Q. Public administration education and health,47,15,32
S01011250,R S T U. Other,15,3,12
S01011250,Never worked,77,37,40
S01011251,All people aged 16 to 74 not in employment,294,116,178
S01011251,A B D E. Agriculture energy and water,12,7,5
S01011251,C. Manufacturing,31,11,20
S01011251,F. Construction,28,27,1
S01011251,G I. Distribution hotels and restaurants,59,27,32
S01011251,H J. Transport and communication,28,5,23
S01011251,K L M N. Financial real estate professional and administrative activities,21,7,14
S01011251,O P Q. Public administration education and health,46,7,39
S01011251,R S T U. Other,7,1,6
S01011251,Never worked,62,24,38
S01011252,All people aged 16 to 74 not in employment,305,123,182
S01011252,A B D E. Agriculture energy and water,10,5,5
S01011252,C. Manufacturing,46,21,25
S01011252,F. Construction,16,14,2
S01011252,G I. Distribution hotels and restaurants,58,24,34
S01011252,H J. Transport and communication,20,6,14
S01011252,K L M N. Financial real estate professional and administrative activities,26,10,16
S01011252,O P Q. Public administration education and health,48,11,37
S01011252,R S T U. Other,9,2,7
S01011252,Never worked,72,30,42
S01011253,All people aged 16 to 74 not in employment,314,136,178
S01011253,A B D E. Agriculture energy and water,8,8,0
S01011253,C. Manufacturing,38,19,19
S01011253,F. Construction,23,21,2
S01011253,G I. Distribution hotels and restaurants,42,14,28
S01011253,H J. Transport and communication,32,11,21
S01011253,K L M N. Financial real estate professional and administrative activities,26,15,11
S01011253,O P Q. Public administration education and health,45,6,39
S01011253,R S T U. Other,16,4,12
S01011253,Never worked,84,38,46
S01011254,All people aged 16 to 74 not in employment,229,102,127
S01011254,A B D E. Agriculture energy and water,15,12,3
S01011254,C. Manufacturing,18,15,3
S01011254,F. Construction,13,9,4
S01011254,G I. Distribution hotels and restaurants,45,20,25
S01011254,H J. Transport and communication,25,7,18
S01011254,K L M N. Financial real estate professional and administrative activities,19,10,9
S01011254,O P Q. Public administration education and health,37,7,30
S01011254,R S T U. Other,14,1,13
S01011254,Never worked,43,21,22
S01011255,All people aged 16 to 74 not in employment,144,67,77
S01011255,A B D E. Agriculture energy and water,8,7,1
S01011255,C. Manufacturing,7,4,3
S01011255,F. Construction,8,8,0
S01011255,G I. Distribution hotels and restaurants,22,10,12
S01011255,H J. Transport and communication,11,5,6
S01011255,K L M N. Financial real estate professional and administrative activities,16,4,12
S01011255,O P Q. Public administration education and health,40,15,25
S01011255,R S T U. Other,4,0,4
S01011255,Never worked,28,14,14
S01011256,All people aged 16 to 74 not in employment,82,40,42
S01011256,A B D E. Agriculture energy and water,1,1,0
S01011256,C. Manufacturing,9,4,5
S01011256,F. Construction,4,4,0
S01011256,G I. Distribution hotels and restaurants,14,4,10
S01011256,H J. Transport and communication,7,2,5
S01011256,K L M N. Financial real estate professional and administrative activities,3,2,1
S01011256,O P Q. Public administration education and health,22,8,14
S01011256,R S T U. Other,5,4,1
S01011256,Never worked,17,11,6
S01011257,All people aged 16 to 74 not in employment,165,71,94
S01011257,A B D E. Agriculture energy and water,13,12,1
S01011257,C. Manufacturing,25,13,12
S01011257,F. Construction,12,11,1
S01011257,G I. Distribution hotels and restaurants,21,8,13
S01011257,H J. Transport and communication,7,3,4
S01011257,K L M N. Financial real estate professional and administrative activities,12,7,5
S01011257,O P Q. Public administration education and health,52,6,46
S01011257,R S T U. Other,8,2,6
S01011257,Never worked,15,9,6
S01011258,All people aged 16 to 74 not in employment,178,70,108
S01011258,A B D E. Agriculture energy and water,10,7,3
S01011258,C. Manufacturing,20,13,7
S01011258,F. Construction,3,3,0
S01011258,G I. Distribution hotels and restaurants,23,9,14
S01011258,H J. Transport and communication,20,6,14
S01011258,K L M N. Financial real estate professional and administrative activities,17,7,10
S01011258,O P Q. Public administration education and health,46,10,36
S01011258,R S T U. Other,9,1,8
S01011258,Never worked,30,14,16
S01011259,All people aged 16 to 74 not in employment,251,120,131
S01011259,A B D E. Agriculture energy and water,8,8,0
S01011259,C. Manufacturing,42,19,23
S01011259,F. Construction,28,28,0
S01011259,G I. Distribution hotels and restaurants,43,19,24
S01011259,H J. Transport and communication,18,7,11
S01011259,K L M N. Financial real estate professional and administrative activities,15,6,9
S01011259,O P Q. Public administration education and health,61,21,40
S01011259,R S T U. Other,7,0,7
S01011259,Never worked,29,12,17
S01011260,All people aged 16 to 74 not in employment,247,125,122
S01011260,A B D E. Agriculture energy and water,10,9,1
S01011260,C. Manufacturing,31,24,7
S01011260,F. Construction,15,15,0
S01011260,G I. Distribution hotels and restaurants,40,17,23
S01011260,H J. Transport and communication,21,13,8
S01011260,K L M N. Financial real estate professional and administrative activities,27,14,13
S01011260,O P Q. Public administration education and health,57,8,49
S01011260,R S T U. Other,6,1,5
S01011260,Never worked,40,24,16
S01011261,All people aged 16 to 74 not in employment,311,140,171
S01011261,A B D E. Agriculture energy and water,10,8,2
S01011261,C. Manufacturing,47,24,23
S01011261,F. Construction,19,19,0
S01011261,G I. Distribution hotels and restaurants,50,20,30
S01011261,H J. Transport and communication,26,11,15
S01011261,K L M N. Financial real estate professional and administrative activities,23,7,16
S01011261,O P Q. Public administration education and health,43,5,38
S01011261,R S T U. Other,11,4,7
S01011261,Never worked,82,42,40
S01011262,All people aged 16 to 74 not in employment,162,69,93
S01011262,A B D E. Agriculture energy and water,4,2,2
S01011262,C. Manufacturing,18,12,6
S01011262,F. Construction,17,13,4
S01011262,G I. Distribution hotels and restaurants,24,11,13
S01011262,H J. Transport and communication,11,2,9
S01011262,K L M N. Financial real estate professional and administrative activities,17,5,12
S01011262,O P Q. Public administration education and health,37,7,30
S01011262,R S T U. Other,3,1,2
S01011262,Never worked,31,16,15
S01011263,All people aged 16 to 74 not in employment,272,108,164
S01011263,A B D E. Agriculture energy and water,11,7,4
S01011263,C. Manufacturing,29,12,17
S01011263,F. Construction,16,16,0
S01011263,G I. Distribution hotels and restaurants,63,24,39
S01011263,H J. Transport and communication,17,2,15
S01011263,K L M N. Financial real estate professional and administrative activities,24,9,15
S01011263,O P Q. Public administration education and health,44,8,36
S01011263,R S T U. Other,11,3,8
S01011263,Never worked,57,27,30
S01011264,All people aged 16 to 74 not in employment,218,98,120
S01011264,A B D E. Agriculture energy and water,7,3,4
S01011264,C. Manufacturing,23,12,11
S01011264,F. Construction,23,22,1
S01011264,G I. Distribution hotels and restaurants,41,20,21
S01011264,H J. Transport and communication,26,14,12
S01011264,K L M N. Financial real estate professional and administrative activities,20,6,14
S01011264,O P Q. Public administration education and health,21,1,20
S01011264,R S T U. Other,11,1,10
S01011264,Never worked,46,19,27
S01011265,All people aged 16 to 74 not in employment,374,166,208
S01011265,A B D E. Agriculture energy and water,11,9,2
S01011265,C. Manufacturing,29,17,12
S01011265,F. Construction,33,29,4
S01011265,G I. Distribution hotels and restaurants,69,28,41
S01011265,H J. Transport and communication,31,14,17
S01011265,K L M N. Financial real estate professional and administrative activities,34,11,23
S01011265,O P Q. Public administration education and health,72,13,59
S01011265,R S T U. Other,9,6,3
S01011265,Never worked,86,39,47
S01011266,All people aged 16 to 74 not in employment,284,115,169
S01011266,A B D E. Agriculture energy and water,12,9,3
S01011266,C. Manufacturing,35,18,17
S01011266,F. Construction,30,27,3
S01011266,G I. Distribution hotels and restaurants,56,20,36
S01011266,H J. Transport and communication,23,4,19
S01011266,K L M N. Financial real estate professional and administrative activities,17,2,15
S01011266,O P Q. Public administration education and health,55,9,46
S01011266,R S T U. Other,8,2,6
S01011266,Never worked,48,24,24
S01011267,All people aged 16 to 74 not in employment,199,89,110
S01011267,A B D E. Agriculture energy and water,9,8,1
S01011267,C. Manufacturing,39,20,19
S01011267,F. Construction,16,16,0
S01011267,G I. Distribution hotels and restaurants,28,11,17
S01011267,H J. Transport and communication,16,3,13
S01011267,K L M N. Financial real estate professional and administrative activities,18,8,10
S01011267,O P Q. Public administration education and health,42,11,31
S01011267,R S T U. Other,11,2,9
S01011267,Never worked,20,10,10
S01011268,All people aged 16 to 74 not in employment,133,64,69
S01011268,A B D E. Agriculture energy and water,4,3,1
S01011268,C. Manufacturing,21,11,10
S01011268,F. Construction,14,13,1
S01011268,G I. Distribution hotels and restaurants,19,12,7
S01011268,H J. Transport and communication,7,3,4
S01011268,K L M N. Financial real estate professional and administrative activities,16,4,12
S01011268,O P Q. Public administration education and health,31,9,22
S01011268,R S T U. Other,6,2,4
S01011268,Never worked,15,7,8
S01011269,All people aged 16 to 74 not in employment,202,96,106
S01011269,A B D E. Agriculture energy and water,7,5,2
S01011269,C. Manufacturing,49,24,25
S01011269,F. Construction,19,19,0
S01011269,G I. Distribution hotels and restaurants,28,12,16
S01011269,H J. Transport and communication,19,7,12
S01011269,K L M N. Financial real estate professional and administrative activities,10,5,5
S01011269,O P Q. Public administration education and health,31,9,22
S01011269,R S T U. Other,14,1,13
S01011269,Never worked,25,14,11
S01011270,All people aged 16 to 74 not in employment,239,119,120
S01011270,A B D E. Agriculture energy and water,7,4,3
S01011270,C. Manufacturing,36,22,14
S01011270,F. Construction,24,21,3
S01011270,G I. Distribution hotels and restaurants,35,11,24
S01011270,H J. Transport and communication,27,11,16
S01011270,K L M N. Financial real estate professional and administrative activities,19,10,9
S01011270,O P Q. Public administration education and health,38,11,27
S01011270,R S T U. Other,11,3,8
S01011270,Never worked,42,26,16
S01011271,All people aged 16 to 74 not in employment,301,150,151
S01011271,A B D E. Agriculture energy and water,15,12,3
S01011271,C. Manufacturing,53,29,24
S01011271,F. Construction,26,25,1
S01011271,G I. Distribution hotels and restaurants,46,22,24
S01011271,H J. Transport and communication,18,6,12
S01011271,K L M N. Financial real estate professional and administrative activities,17,8,9
S01011271,O P Q. Public administration education and health,63,13,50
S01011271,R S T U. Other,10,6,4
S01011271,Never worked,53,29,24
S01011272,All people aged 16 to 74 not in employment,287,151,136
S01011272,A B D E. Agriculture energy and water,12,9,3
S01011272,C. Manufacturing,55,29,26
S01011272,F. Construction,31,31,0
S01011272,G I. Distribution hotels and restaurants,50,25,25
S01011272,H J. Transport and communication,22,6,16
S01011272,K L M N. Financial real estate professional and administrative activities,15,7,8
S01011272,O P Q. Public administration education and health,40,12,28
S01011272,R S T U. Other,19,10,9
S01011272,Never worked,43,22,21
S01011273,All people aged 16 to 74 not in employment,307,125,182
S01011273,A B D E. Agriculture energy and water,6,4,2
S01011273,C. Manufacturing,45,23,22
S01011273,F. Construction,33,31,2
S01011273,G I. Distribution hotels and restaurants,40,17,23
S01011273,H J. Transport and communication,19,2,17
S01011273,K L M N. Financial real estate professional and administrative activities,36,10,26
S01011273,O P Q. Public administration education and health,34,9,25
S01011273,R S T U. Other,13,3,10
S01011273,Never worked,81,26,55
S01011274,All people aged 16 to 74 not in employment,286,118,168
S01011274,A B D E. Agriculture energy and water,9,6,3
S01011274,C. Manufacturing,38,18,20
S01011274,F. Construction,30,28,2
S01011274,G I. Distribution hotels and restaurants,43,14,29
S01011274,H J. Transport and communication,21,7,14
S01011274,K L M N. Financial real estate professional and administrative activities,25,10,15
S01011274,O P Q. Public administration education and health,35,6,29
S01011274,R S T U. Other,13,0,13
S01011274,Never worked,72,29,43
S01011275,All people aged 16 to 74 not in employment,265,116,149
S01011275,A B D E. Agriculture energy and water,6,3,3
S01011275,C. Manufacturing,36,20,16
S01011275,F. Construction,31,29,2
S01011275,G I. Distribution hotels and restaurants,34,14,20
S01011275,H J. Transport and communication,19,5,14
S01011275,K L M N. Financial real estate professional and administrative activities,22,9,13
S01011275,O P Q. Public administration education and health,39,6,33
S01011275,R S T U. Other,13,4,9
S01011275,Never worked,65,26,39
S01011276,All people aged 16 to 74 not in employment,328,137,191
S01011276,A B D E. Agriculture energy and water,11,9,2
S01011276,C. Manufacturing,56,28,28
S01011276,F. Construction,20,19,1
S01011276,G I. Distribution hotels and restaurants,53,18,35
S01011276,H J. Transport and communication,30,8,22
S01011276,K L M N. Financial real estate professional and administrative activities,21,8,13
S01011276,O P Q. Public administration education and health,42,6,36
S01011276,R S T U. Other,11,1,10
S01011276,Never worked,84,40,44
S01011277,All people aged 16 to 74 not in employment,183,75,108
S01011277,A B D E. Agriculture energy and water,5,4,1
S01011277,C. Manufacturing,23,14,9
S01011277,F. Construction,12,11,1
S01011277,G I. Distribution hotels and restaurants,28,12,16
S01011277,H J. Transport and communication,17,5,12
S01011277,K L M N. Financial real estate professional and administrative activities,20,8,12
S01011277,O P Q. Public administration education and health,49,11,38
S01011277,R S T U. Other,4,0,4
S01011277,Never worked,25,10,15
S01011278,All people aged 16 to 74 not in employment,93,42,51
S01011278,A B D E. Agriculture energy and water,0,0,0
S01011278,C. Manufacturing,11,10,1
S01011278,F. Construction,2,2,0
S01011278,G I. Distribution hotels and restaurants,16,11,5
S01011278,H J. Transport and communication,7,2,5
S01011278,K L M N. Financial real estate professional and administrative activities,7,2,5
S01011278,O P Q. Public administration education and health,29,7,22
S01011278,R S T U. Other,6,1,5
S01011278,Never worked,15,7,8
S01011279,All people aged 16 to 74 not in employment,182,77,105
S01011279,A B D E. Agriculture energy and water,1,1,0
S01011279,C. Manufacturing,29,19,10
S01011279,F. Construction,8,8,0
S01011279,G I. Distribution hotels and restaurants,31,13,18
S01011279,H J. Transport and communication,8,4,4
S01011279,K L M N. Financial real estate professional and administrative activities,13,8,5
S01011279,O P Q. Public administration education and health,52,12,40
S01011279,R S T U. Other,10,3,7
S01011279,Never worked,30,9,21
S01011280,All people aged 16 to 74 not in employment,204,95,109
S01011280,A B D E. Agriculture energy and water,10,9,1
S01011280,C. Manufacturing,20,15,5
S01011280,F. Construction,17,13,4
S01011280,G I. Distribution hotels and restaurants,29,14,15
S01011280,H J. Transport and communication,8,2,6
S01011280,K L M N. Financial real estate professional and administrative activities,17,10,7
S01011280,O P Q. Public administration education and health,67,14,53
S01011280,R S T U. Other,12,3,9
S01011280,Never worked,24,15,9
S01011281,All people aged 16 to 74 not in employment,149,67,82
S01011281,A B D E. Agriculture energy and water,5,4,1
S01011281,C. Manufacturing,16,11,5
S01011281,F. Construction,13,11,2
S01011281,G I. Distribution hotels and restaurants,15,5,10
S01011281,H J. Transport and communication,16,4,12
S01011281,K L M N. Financial real estate professional and administrative activities,9,3,6
S01011281,O P Q. Public administration education and health,40,12,28
S01011281,R S T U. Other,13,4,9
S01011281,Never worked,22,13,9
S01011282,All people aged 16 to 74 not in employment,176,81,95
S01011282,A B D E. Agriculture energy and water,2,2,0
S01011282,C. Manufacturing,17,12,5
S01011282,F. Construction,9,8,1
S01011282,G I. Distribution hotels and restaurants,31,10,21
S01011282,H J. Transport and communication,20,6,14
S01011282,K L M N. Financial real estate professional and administrative activities,18,11,7
S01011282,O P Q. Public administration education and health,39,12,27
S01011282,R S T U. Other,6,1,5
S01011282,Never worked,34,19,15
S01011283,All people aged 16 to 74 not in employment,117,57,60
S01011283,A B D E. Agriculture energy and water,3,2,1
S01011283,C. Manufacturing,14,6,8
S01011283,F. Construction,11,9,2
S01011283,G I. Distribution hotels and restaurants,25,11,14
S01011283,H J. Transport and communication,12,4,8
S01011283,K L M N. Financial real estate professional and administrative activities,7,3,4
S01011283,O P Q. Public administration education and health,17,8,9
S01011283,R S T U. Other,4,2,2
S01011283,Never worked,24,12,12
S01011284,All people aged 16 to 74 not in employment,58,23,35
S01011284,A B D E. Agriculture energy and water,3,2,1
S01011284,C. Manufacturing,6,1,5
S01011284,F. Construction,3,3,0
S01011284,G I. Distribution hotels and restaurants,9,3,6
S01011284,H J. Transport and communication,8,5,3
S01011284,K L M N. Financial real estate professional and administrative activities,6,4,2
S01011284,O P Q. Public administration education and health,13,1,12
S01011284,R S T U. Other,2,1,1
S01011284,Never worked,8,3,5
S01011285,All people aged 16 to 74 not in employment,221,99,122
S01011285,A B D E. Agriculture energy and water,6,5,1
S01011285,C. Manufacturing,37,18,19
S01011285,F. Construction,15,15,0
S01011285,G I. Distribution hotels and restaurants,44,17,27
S01011285,H J. Transport and communication,17,6,11
S01011285,K L M N. Financial real estate professional and administrative activities,17,6,11
S01011285,O P Q. Public administration education and health,43,12,31
S01011285,R S T U. Other,9,3,6
S01011285,Never worked,33,17,16
S01011286,All people aged 16 to 74 not in employment,226,101,125
S01011286,A B D E. Agriculture energy and water,6,4,2
S01011286,C. Manufacturing,35,18,17
S01011286,F. Construction,14,13,1
S01011286,G I. Distribution hotels and restaurants,41,19,22
S01011286,H J. Transport and communication,27,7,20
S01011286,K L M N. Financial real estate professional and administrative activities,18,4,14
S01011286,O P Q. Public administration education and health,27,7,20
S01011286,R S T U. Other,8,3,5
S01011286,Never worked,50,26,24
S01011287,All people aged 16 to 74 not in employment,271,121,150
S01011287,A B D E. Agriculture energy and water,3,3,0
S01011287,C. Manufacturing,34,15,19
S01011287,F. Construction,26,23,3
S01011287,G I. Distribution hotels and restaurants,39,23,16
S01011287,H J. Transport and communication,28,5,23
S01011287,K L M N. Financial real estate professional and administrative activities,27,13,14
S01011287,O P Q. Public administration education and health,46,8,38
S01011287,R S T U. Other,12,5,7
S01011287,Never worked,56,26,30
S01011288,All people aged 16 to 74 not in employment,232,93,139
S01011288,A B D E. Agriculture energy and water,7,4,3
S01011288,C. Manufacturing,37,21,16
S01011288,F. Construction,20,17,3
S01011288,G I. Distribution hotels and restaurants,43,16,27
S01011288,H J. Transport and communication,18,6,12
S01011288,K L M N. Financial real estate professional and administrative activities,21,3,18
S01011288,O P Q. Public administration education and health,22,2,20
S01011288,R S T U. Other,10,3,7
S01011288,Never worked,54,21,33
S01011289,All people aged 16 to 74 not in employment,304,130,174
S01011289,A B D E. Agriculture energy and water,8,6,2
S01011289,C. Manufacturing,51,27,24
S01011289,F. Construction,40,39,1
S01011289,G I. Distribution hotels and restaurants,51,17,34
S01011289,H J. Transport and communication,28,2,26
S01011289,K L M N. Financial real estate professional and administrative activities,15,5,10
S01011289,O P Q. Public administration education and health,48,7,41
S01011289,R S T U. Other,11,0,11
S01011289,Never worked,52,27,25
S01011290,All people aged 16 to 74 not in employment,383,168,215
S01011290,A B D E. Agriculture energy and water,6,3,3
S01011290,C. Manufacturing,64,32,32
S01011290,F. Construction,46,41,5
S01011290,G I. Distribution hotels and restaurants,66,27,39
S01011290,H J. Transport and communication,33,9,24
S01011290,K L M N. Financial real estate professional and administrative activities,27,13,14
S01011290,O P Q. Public administration education and health,68,16,52
S01011290,R S T U. Other,19,4,15
S01011290,Never worked,54,23,31
S01011291,All people aged 16 to 74 not in employment,290,128,162
S01011291,A B D E. Agriculture energy and water,10,4,6
S01011291,C. Manufacturing,68,40,28
S01011291,F. Construction,28,27,1
S01011291,G I. Distribution hotels and restaurants,38,17,21
S01011291,H J. Transport and communication,16,4,12
S01011291,K L M N. Financial real estate professional and administrative activities,27,8,19
S01011291,O P Q. Public administration education and health,50,6,44
S01011291,R S T U. Other,16,5,11
S01011291,Never worked,37,17,20
S01011292,All people aged 16 to 74 not in employment,273,132,141
S01011292,A B D E. Agriculture energy and water,6,4,2
S01011292,C. Manufacturing,42,20,22
S01011292,F. Construction,31,31,0
S01011292,G I. Distribution hotels and restaurants,39,20,19
S01011292,H J. Transport and communication,23,6,17
S01011292,K L M N. Financial real estate professional and administrative activities,19,7,12
S01011292,O P Q. Public administration education and health,49,16,33
S01011292,R S T U. Other,10,3,7
S01011292,Never worked,54,25,29
S01011293,All people aged 16 to 74 not in employment,234,113,121
S01011293,A B D E. Agriculture energy and water,6,2,4
S01011293,C. Manufacturing,37,17,20
S01011293,F. Construction,20,20,0
S01011293,G I. Distribution hotels and restaurants,49,31,18
S01011293,H J. Transport and communication,12,5,7
S01011293,K L M N. Financial real estate professional and administrative activities,30,13,17
S01011293,O P Q. Public administration education and health,37,4,33
S01011293,R S T U. Other,9,2,7
S01011293,Never worked,34,19,15
S01011294,All people aged 16 to 74 not in employment,334,145,189
S01011294,A B D E. Agriculture energy and water,8,6,2
S01011294,C. Manufacturing,55,23,32
S01011294,F. Construction,36,35,1
S01011294,G I. Distribution hotels and restaurants,61,28,33
S01011294,H J. Transport and communication,32,9,23
S01011294,K L M N. Financial real estate professional and administrative activities,45,15,30
S01011294,O P Q. Public administration education and health,55,13,42
S01011294,R S T U. Other,7,2,5
S01011294,Never worked,35,14,21
S01011295,All people aged 16 to 74 not in employment,306,137,169
S01011295,A B D E. Agriculture energy and water,18,15,3
S01011295,C. Manufacturing,47,28,19
S01011295,F. Construction,22,18,4
S01011295,G I. Distribution hotels and restaurants,48,17,31
S01011295,H J. Transport and communication,12,5,7
S01011295,K L M N. Financial real estate professional and administrative activities,29,11,18
S01011295,O P Q. Public administration education and health,83,20,63
S01011295,R S T U. Other,15,6,9
S01011295,Never worked,32,17,15
S01011296,All people aged 16 to 74 not in employment,214,112,102
S01011296,A B D E. Agriculture energy and water,9,7,2
S01011296,C. Manufacturing,33,27,6
S01011296,F. Construction,22,20,2
S01011296,G I. Distribution hotels and restaurants,38,16,22
S01011296,H J. Transport and communication,17,5,12
S01011296,K L M N. Financial real estate professional and administrative activities,15,10,5
S01011296,O P Q. Public administration education and health,38,7,31
S01011296,R S T U. Other,8,3,5
S01011296,Never worked,34,17,17
S01011297,All people aged 16 to 74 not in employment,260,120,140
S01011297,A B D E. Agriculture energy and water,5,4,1
S01011297,C. Manufacturing,42,16,26
S01011297,F. Construction,18,18,0
S01011297,G I. Distribution hotels and restaurants,42,20,22
S01011297,H J. Transport and communication,17,4,13
S01011297,K L M N. Financial real estate professional and administrative activities,19,7,12
S01011297,O P Q. Public administration education and health,43,10,33
S01011297,R S T U. Other,12,5,7
S01011297,Never worked,62,36,26
S01011298,All people aged 16 to 74 not in employment,230,106,124
S01011298,A B D E. Agriculture energy and water,8,5,3
S01011298,C. Manufacturing,38,20,18
S01011298,F. Construction,23,21,2
S01011298,G I. Distribution hotels and restaurants,28,11,17
S01011298,H J. Transport and communication,11,2,9
S01011298,K L M N. Financial real estate professional and administrative activities,19,8,11
S01011298,O P Q. Public administration education and health,23,5,18
S01011298,R S T U. Other,12,3,9
S01011298,Never worked,68,31,37
S01011299,All people aged 16 to 74 not in employment,121,46,75
S01011299,A B D E. Agriculture energy and water,6,5,1
S01011299,C. Manufacturing,15,7,8
S01011299,F. Construction,10,8,2
S01011299,G I. Distribution hotels and restaurants,13,5,8
S01011299,H J. Transport and communication,11,3,8
S01011299,K L M N. Financial real estate professional and administrative activities,11,2,9
S01011299,O P Q. Public administration education and health,36,7,29
S01011299,R S T U. Other,2,1,1
S01011299,Never worked,17,8,9
S01011300,All people aged 16 to 74 not in employment,349,154,195
S01011300,A B D E. Agriculture energy and water,13,5,8
S01011300,C. Manufacturing,59,29,30
S01011300,F. Construction,40,39,1
S01011300,G I. Distribution hotels and restaurants,59,18,41
S01011300,H J. Transport and communication,24,6,18
S01011300,K L M N. Financial real estate professional and administrative activities,32,15,17
S01011300,O P Q. Public administration education and health,46,16,30
S01011300,R S T U. Other,21,5,16
S01011300,Never worked,55,21,34
S01011301,All people aged 16 to 74 not in employment,214,93,121
S01011301,A B D E. Agriculture energy and water,6,6,0
S01011301,C. Manufacturing,27,11,16
S01011301,F. Construction,13,10,3
S01011301,G I. Distribution hotels and restaurants,37,17,20
S01011301,H J. Transport and communication,19,5,14
S01011301,K L M N. Financial real estate professional and administrative activities,26,8,18
S01011301,O P Q. Public administration education and health,49,17,32
S01011301,R S T U. Other,4,2,2
S01011301,Never worked,33,17,16
S01011302,All people aged 16 to 74 not in employment,346,156,190
S01011302,A B D E. Agriculture energy and water,6,3,3
S01011302,C. Manufacturing,63,26,37
S01011302,F. Construction,46,44,2
S01011302,G I. Distribution hotels and restaurants,53,29,24
S01011302,H J. Transport and communication,18,4,14
S01011302,K L M N. Financial real estate professional and administrative activities,36,14,22
S01011302,O P Q. Public administration education and health,55,11,44
S01011302,R S T U. Other,18,4,14
S01011302,Never worked,51,21,30
S01011303,All people aged 16 to 74 not in employment,231,97,134
S01011303,A B D E. Agriculture energy and water,7,5,2
S01011303,C. Manufacturing,38,18,20
S01011303,F. Construction,13,13,0
S01011303,G I. Distribution hotels and restaurants,32,14,18
S01011303,H J. Transport and communication,24,8,16
S01011303,K L M N. Financial real estate professional and administrative activities,22,9,13
S01011303,O P Q. Public administration education and health,59,14,45
S01011303,R S T U. Other,7,3,4
S01011303,Never worked,29,13,16
S01011304,All people aged 16 to 74 not in employment,217,90,127
S01011304,A B D E. Agriculture energy and water,9,5,4
S01011304,C. Manufacturing,29,16,13
S01011304,F. Construction,12,12,0
S01011304,G I. Distribution hotels and restaurants,34,17,17
S01011304,H J. Transport and communication,17,5,12
S01011304,K L M N. Financial real estate professional and administrative activities,14,2,12
S01011304,O P Q. Public administration education and health,38,6,32
S01011304,R S T U. Other,4,0,4
S01011304,Never worked,60,27,33
S01011305,All people aged 16 to 74 not in employment,243,96,147
S01011305,A B D E. Agriculture energy and water,4,2,2
S01011305,C. Manufacturing,29,11,18
S01011305,F. Construction,20,17,3
S01011305,G I. Distribution hotels and restaurants,53,14,39
S01011305,H J. Transport and communication,17,7,10
S01011305,K L M N. Financial real estate professional and administrative activities,17,4,13
S01011305,O P Q. Public administration education and health,34,9,25
S01011305,R S T U. Other,10,3,7
S01011305,Never worked,59,29,30
S01011306,All people aged 16 to 74 not in employment,210,75,135
S01011306,A B D E. Agriculture energy and water,6,3,3
S01011306,C. Manufacturing,38,19,19
S01011306,F. Construction,17,13,4
S01011306,G I. Distribution hotels and restaurants,30,7,23
S01011306,H J. Transport and communication,23,7,16
S01011306,K L M N. Financial real estate professional and administrative activities,23,9,14
S01011306,O P Q. Public administration education and health,29,5,24
S01011306,R S T U. Other,13,1,12
S01011306,Never worked,31,11,20
S01011307,All people aged 16 to 74 not in employment,131,51,80
S01011307,A B D E. Agriculture energy and water,11,8,3
S01011307,C. Manufacturing,16,10,6
S01011307,F. Construction,7,3,4
S01011307,G I. Distribution hotels and restaurants,26,10,16
S01011307,H J. Transport and communication,7,2,5
S01011307,K L M N. Financial real estate professional and administrative activities,16,3,13
S01011307,O P Q. Public administration education and health,28,8,20
S01011307,R S T U. Other,4,1,3
S01011307,Never worked,16,6,10
S01011308,All people aged 16 to 74 not in employment,137,62,75
S01011308,A B D E. Agriculture energy and water,4,4,0
S01011308,C. Manufacturing,8,6,2
S01011308,F. Construction,12,9,3
S01011308,G I. Distribution hotels and restaurants,25,8,17
S01011308,H J. Transport and communication,6,1,5
S01011308,K L M N. Financial real estate professional and administrative activities,14,5,9
S01011308,O P Q. Public administration education and health,32,8,24
S01011308,R S T U. Other,11,7,4
S01011308,Never worked,25,14,11
S01011309,All people aged 16 to 74 not in employment,211,92,119
S01011309,A B D E. Agriculture energy and water,16,14,2
S01011309,C. Manufacturing,20,11,9
S01011309,F. Construction,13,11,2
S01011309,G I. Distribution hotels and restaurants,46,17,29
S01011309,H J. Transport and communication,11,7,4
S01011309,K L M N. Financial real estate professional and administrative activities,15,7,8
S01011309,O P Q. Public administration education and health,64,12,52
S01011309,R S T U. Other,3,0,3
S01011309,Never worked,23,13,10
S01011310,All people aged 16 to 74 not in employment,205,81,124
S01011310,A B D E. Agriculture energy and water,2,2,0
S01011310,C. Manufacturing,29,18,11
S01011310,F. Construction,17,15,2
S01011310,G I. Distribution hotels and restaurants,28,10,18
S01011310,H J. Transport and communication,22,7,15
S01011310,K L M N. Financial real estate professional and administrative activities,16,6,10
S01011310,O P Q. Public administration education and health,53,10,43
S01011310,R S T U. Other,11,1,10
S01011310,Never worked,27,12,15
S01011311,All people aged 16 to 74 not in employment,194,80,114
S01011311,A B D E. Agriculture energy and water,22,16,6
S01011311,C. Manufacturing,22,15,7
S01011311,F. Construction,4,4,0
S01011311,G I. Distribution hotels and restaurants,23,6,17
S01011311,H J. Transport and communication,11,3,8
S01011311,K L M N. Financial real estate professional and administrative activities,26,9,17
S01011311,O P Q. Public administration education and health,66,20,46
S01011311,R S T U. Other,6,1,5
S01011311,Never worked,14,6,8
S01011312,All people aged 16 to 74 not in employment,352,158,194
S01011312,A B D E. Agriculture energy and water,14,13,1
S01011312,C. Manufacturing,40,28,12
S01011312,F. Construction,18,15,3
S01011312,G I. Distribution hotels and restaurants,51,20,31
S01011312,H J. Transport and communication,20,11,9
S01011312,K L M N. Financial real estate professional and administrative activities,42,23,19
S01011312,O P Q. Public administration education and health,119,32,87
S01011312,R S T U. Other,15,4,11
S01011312,Never worked,33,12,21
S01011313,All people aged 16 to 74 not in employment,196,91,105
S01011313,A B D E. Agriculture energy and water,16,6,10
S01011313,C. Manufacturing,19,11,8
S01011313,F. Construction,12,12,0
S01011313,G I. Distribution hotels and restaurants,27,12,15
S01011313,H J. Transport and communication,18,6,12
S01011313,K L M N. Financial real estate professional and administrative activities,22,10,12
S01011313,O P Q. Public administration education and health,55,22,33
S01011313,R S T U. Other,10,3,7
S01011313,Never worked,17,9,8
S01011314,All people aged 16 to 74 not in employment,292,127,165
S01011314,A B D E. Agriculture energy and water,17,14,3
S01011314,C. Manufacturing,40,24,16
S01011314,F. Construction,16,16,0
S01011314,G I. Distribution hotels and restaurants,47,17,30
S01011314,H J. Transport and communication,20,10,10
S01011314,K L M N. Financial real estate professional and administrative activities,28,11,17
S01011314,O P Q. Public administration education and health,78,20,58
S01011314,R S T U. Other,14,4,10
S01011314,Never worked,32,11,21
S01011315,All people aged 16 to 74 not in employment,119,49,70
S01011315,A B D E. Agriculture energy and water,7,5,2
S01011315,C. Manufacturing,7,2,5
S01011315,F. Construction,9,9,0
S01011315,G I. Distribution hotels and restaurants,19,9,10
S01011315,H J. Transport and communication,11,1,10
S01011315,K L M N. Financial real estate professional and administrative activities,14,4,10
S01011315,O P Q. Public administration education and health,26,9,17
S01011315,R S T U. Other,6,1,5
S01011315,Never worked,20,9,11
S01011316,All people aged 16 to 74 not in employment,231,97,134
S01011316,A B D E. Agriculture energy and water,6,5,1
S01011316,C. Manufacturing,20,14,6
S01011316,F. Construction,15,14,1
S01011316,G I. Distribution hotels and restaurants,28,12,16
S01011316,H J. Transport and communication,32,9,23
S01011316,K L M N. Financial real estate professional and administrative activities,21,6,15
S01011316,O P Q. Public administration education and health,43,7,36
S01011316,R S T U. Other,11,5,6
S01011316,Never worked,55,25,30
S01011317,All people aged 16 to 74 not in employment,262,110,152
S01011317,A B D E. Agriculture energy and water,7,5,2
S01011317,C. Manufacturing,33,22,11
S01011317,F. Construction,15,12,3
S01011317,G I. Distribution hotels and restaurants,41,14,27
S01011317,H J. Transport and communication,27,14,13
S01011317,K L M N. Financial real estate professional and administrative activities,30,10,20
S01011317,O P Q. Public administration education and health,73,16,57
S01011317,R S T U. Other,8,3,5
S01011317,Never worked,28,14,14
S01011318,All people aged 16 to 74 not in employment,281,110,171
S01011318,A B D E. Agriculture energy and water,9,6,3
S01011318,C. Manufacturing,24,12,12
S01011318,F. Construction,15,13,2
S01011318,G I. Distribution hotels and restaurants,55,20,35
S01011318,H J. Transport and communication,18,10,8
S01011318,K L M N. Financial real estate professional and administrative activities,33,12,21
S01011318,O P Q. Public administration education and health,88,18,70
S01011318,R S T U. Other,14,5,9
S01011318,Never worked,25,14,11
S01011319,All people aged 16 to 74 not in employment,248,105,143
S01011319,A B D E. Agriculture energy and water,15,13,2
S01011319,C. Manufacturing,25,16,9
S01011319,F. Construction,9,7,2
S01011319,G I. Distribution hotels and restaurants,39,16,23
S01011319,H J. Transport and communication,28,13,15
S01011319,K L M N. Financial real estate professional and administrative activities,27,13,14
S01011319,O P Q. Public administration education and health,73,16,57
S01011319,R S T U. Other,8,2,6
S01011319,Never worked,24,9,15
S01011320,All people aged 16 to 74 not in employment,165,70,95
S01011320,A B D E. Agriculture energy and water,5,4,1
S01011320,C. Manufacturing,13,9,4
S01011320,F. Construction,14,14,0
S01011320,G I. Distribution hotels and restaurants,28,9,19
S01011320,H J. Transport and communication,18,8,10
S01011320,K L M N. Financial real estate professional and administrative activities,14,5,9
S01011320,O P Q. Public administration education and health,40,9,31
S01011320,R S T U. Other,8,1,7
S01011320,Never worked,25,11,14
S01011321,All people aged 16 to 74 not in employment,139,56,83
S01011321,A B D E. Agriculture energy and water,7,6,1
S01011321,C. Manufacturing,22,13,9
S01011321,F. Construction,6,6,0
S01011321,G I. Distribution hotels and restaurants,16,3,13
S01011321,H J. Transport and communication,12,6,6
S01011321,K L M N. Financial real estate professional and administrative activities,14,4,10
S01011321,O P Q. Public administration education and health,33,6,27
S01011321,R S T U. Other,9,3,6
S01011321,Never worked,20,9,11
S01011322,All people aged 16 to 74 not in employment,172,72,100
S01011322,A B D E. Agriculture energy and water,3,3,0
S01011322,C. Manufacturing,15,8,7
S01011322,F. Construction,9,9,0
S01011322,G I. Distribution hotels and restaurants,33,12,21
S01011322,H J. Transport and communication,18,4,14
S01011322,K L M N. Financial real estate professional and administrative activities,17,7,10
S01011322,O P Q. Public administration education and health,36,8,28
S01011322,R S T U. Other,11,4,7
S01011322,Never worked,30,17,13
S01011323,All people aged 16 to 74 not in employment,262,115,147
S01011323,A B D E. Agriculture energy and water,15,14,1
S01011323,C. Manufacturing,16,6,10
S01011323,F. Construction,18,13,5
S01011323,G I. Distribution hotels and restaurants,55,24,31
S01011323,H J. Transport and communication,25,9,16
S01011323,K L M N. Financial real estate professional and administrative activities,22,10,12
S01011323,O P Q. Public administration education and health,57,11,46
S01011323,R S T U. Other,8,2,6
S01011323,Never worked,46,26,20
S01011324,All people aged 16 to 74 not in employment,143,68,75
S01011324,A B D E. Agriculture energy and water,3,3,0
S01011324,C. Manufacturing,14,12,2
S01011324,F. Construction,11,9,2
S01011324,G I. Distribution hotels and restaurants,29,13,16
S01011324,H J. Transport and communication,12,2,10
S01011324,K L M N. Financial real estate professional and administrative activities,11,7,4
S01011324,O P Q. Public administration education and health,25,3,22
S01011324,R S T U. Other,14,4,10
S01011324,Never worked,24,15,9
S01011325,All people aged 16 to 74 not in employment,270,131,139
S01011325,A B D E. Agriculture energy and water,17,14,3
S01011325,C. Manufacturing,23,17,6
S01011325,F. Construction,30,27,3
S01011325,G I. Distribution hotels and restaurants,46,23,23
S01011325,H J. Transport and communication,29,7,22
S01011325,K L M N. Financial real estate professional and administrative activities,33,13,20
S01011325,O P Q. Public administration education and health,41,7,34
S01011325,R S T U. Other,22,12,10
S01011325,Never worked,29,11,18
S01011326,All people aged 16 to 74 not in employment,272,135,137
S01011326,A B D E. Agriculture energy and water,8,7,1
S01011326,C. Manufacturing,26,17,9
S01011326,F. Construction,24,24,0
S01011326,G I. Distribution hotels and restaurants,50,21,29
S01011326,H J. Transport and communication,49,22,27
S01011326,K L M N. Financial real estate professional and administrative activities,22,9,13
S01011326,O P Q. Public administration education and health,55,14,41
S01011326,R S T U. Other,16,11,5
S01011326,Never worked,22,10,12
S01011327,All people aged 16 to 74 not in employment,283,141,142
S01011327,A B D E. Agriculture energy and water,5,4,1
S01011327,C. Manufacturing,25,18,7
S01011327,F. Construction,24,22,2
S01011327,G I. Distribution hotels and restaurants,32,9,23
S01011327,H J. Transport and communication,34,14,20
S01011327,K L M N. Financial real estate professional and administrative activities,33,16,17
S01011327,O P Q. Public administration education and health,73,23,50
S01011327,R S T U. Other,12,6,6
S01011327,Never worked,45,29,16
S01011328,All people aged 16 to 74 not in employment,224,107,117
S01011328,A B D E. Agriculture energy and water,5,5,0
S01011328,C. Manufacturing,26,19,7
S01011328,F. Construction,16,12,4
S01011328,G I. Distribution hotels and restaurants,44,19,25
S01011328,H J. Transport and communication,21,9,12
S01011328,K L M N. Financial real estate professional and administrative activities,16,5,11
S01011328,O P Q. Public administration education and health,67,22,45
S01011328,R S T U. Other,4,1,3
S01011328,Never worked,25,15,10
S01011329,All people aged 16 to 74 not in employment,295,128,167
S01011329,A B D E. Agriculture energy and water,11,10,1
S01011329,C. Manufacturing,40,26,14
S01011329,F. Construction,15,14,1
S01011329,G I. Distribution hotels and restaurants,62,20,42
S01011329,H J. Transport and communication,17,10,7
S01011329,K L M N. Financial real estate professional and administrative activities,29,15,14
S01011329,O P Q. Public administration education and health,86,17,69
S01011329,R S T U. Other,8,2,6
S01011329,Never worked,27,14,13
S01011330,All people aged 16 to 74 not in employment,208,87,121
S01011330,A B D E. Agriculture energy and water,7,5,2
S01011330,C. Manufacturing,27,21,6
S01011330,F. Construction,4,4,0
S01011330,G I. Distribution hotels and restaurants,33,7,26
S01011330,H J. Transport and communication,14,6,8
S01011330,K L M N. Financial real estate professional and administrative activities,30,10,20
S01011330,O P Q. Public administration education and health,65,18,47
S01011330,R S T U. Other,5,1,4
S01011330,Never worked,23,15,8
S01011331,All people aged 16 to 74 not in employment,262,111,151
S01011331,A B D E. Agriculture energy and water,10,8,2
S01011331,C. Manufacturing,32,22,10
S01011331,F. Construction,13,10,3
S01011331,G I. Distribution hotels and restaurants,43,17,26
S01011331,H J. Transport and communication,15,8,7
S01011331,K L M N. Financial real estate professional and administrative activities,35,16,19
S01011331,O P Q. Public administration education and health,74,17,57
S01011331,R S T U. Other,14,5,9
S01011331,Never worked,26,8,18
S01011332,All people aged 16 to 74 not in employment,262,120,142
S01011332,A B D E. Agriculture energy and water,8,6,2
S01011332,C. Manufacturing,39,31,8
S01011332,F. Construction,7,6,1
S01011332,G I. Distribution hotels and restaurants,36,13,23
S01011332,H J. Transport and communication,28,15,13
S01011332,K L M N. Financial real estate professional and administrative activities,30,14,16
S01011332,O P Q. Public administration education and health,72,14,58
S01011332,R S T U. Other,19,8,11
S01011332,Never worked,23,13,10
S01011333,All people aged 16 to 74 not in employment,260,113,147
S01011333,A B D E. Agriculture energy and water,12,10,2
S01011333,C. Manufacturing,29,18,11
S01011333,F. Construction,21,15,6
S01011333,G I. Distribution hotels and restaurants,40,15,25
S01011333,H J. Transport and communication,24,13,11
S01011333,K L M N. Financial real estate professional and administrative activities,42,19,23
S01011333,O P Q. Public administration education and health,69,16,53
S01011333,R S T U. Other,8,3,5
S01011333,Never worked,15,4,11
S01011334,All people aged 16 to 74 not in employment,166,68,98
S01011334,A B D E. Agriculture energy and water,8,4,4
S01011334,C. Manufacturing,19,8,11
S01011334,F. Construction,13,10,3
S01011334,G I. Distribution hotels and restaurants,30,11,19
S01011334,H J. Transport and communication,16,6,10
S01011334,K L M N. Financial real estate professional and administrative activities,15,5,10
S01011334,O P Q. Public administration education and health,32,7,25
S01011334,R S T U. Other,9,5,4
S01011334,Never worked,24,12,12
S01011335,All people aged 16 to 74 not in employment,319,130,189
S01011335,A B D E. Agriculture energy and water,5,4,1
S01011335,C. Manufacturing,39,26,13
S01011335,F. Construction,15,11,4
S01011335,G I. Distribution hotels and restaurants,55,30,25
S01011335,H J. Transport and communication,31,15,16
S01011335,K L M N. Financial real estate professional and administrative activities,35,10,25
S01011335,O P Q. Public administration education and health,100,19,81
S01011335,R S T U. Other,8,2,6
S01011335,Never worked,31,13,18
S01011336,All people aged 16 to 74 not in employment,175,77,98
S01011336,A B D E. Agriculture energy and water,6,6,0
S01011336,C. Manufacturing,16,10,6
S01011336,F. Construction,14,13,1
S01011336,G I. Distribution hotels and restaurants,34,11,23
S01011336,H J. Transport and communication,13,5,8
S01011336,K L M N. Financial real estate professional and administrative activities,13,8,5
S01011336,O P Q. Public administration education and health,36,5,31
S01011336,R S T U. Other,10,1,9
S01011336,Never worked,33,18,15
S01011337,All people aged 16 to 74 not in employment,229,102,127
S01011337,A B D E. Agriculture energy and water,6,4,2
S01011337,C. Manufacturing,26,21,5
S01011337,F. Construction,13,8,5
S01011337,G I. Distribution hotels and restaurants,35,19,16
S01011337,H J. Transport and communication,15,6,9
S01011337,K L M N. Financial real estate professional and administrative activities,28,12,16
S01011337,O P Q. Public administration education and health,75,18,57
S01011337,R S T U. Other,7,1,6
S01011337,Never worked,24,13,11
S01011338,All people aged 16 to 74 not in employment,193,87,106
S01011338,A B D E. Agriculture energy and water,5,3,2
S01011338,C. Manufacturing,29,17,12
S01011338,F. Construction,14,11,3
S01011338,G I. Distribution hotels and restaurants,29,9,20
S01011338,H J. Transport and communication,21,3,18
S01011338,K L M N. Financial real estate professional and administrative activities,21,16,5
S01011338,O P Q. Public administration education and health,40,14,26
S01011338,R S T U. Other,5,2,3
S01011338,Never worked,29,12,17
S01011339,All people aged 16 to 74 not in employment,192,98,94
S01011339,A B D E. Agriculture energy and water,0,0,0
S01011339,C. Manufacturing,15,11,4
S01011339,F. Construction,15,14,1
S01011339,G I. Distribution hotels and restaurants,34,15,19
S01011339,H J. Transport and communication,12,4,8
S01011339,K L M N. Financial real estate professional and administrative activities,17,9,8
S01011339,O P Q. Public administration education and health,35,13,22
S01011339,R S T U. Other,3,0,3
S01011339,Never worked,61,32,29
S01011340,All people aged 16 to 74 not in employment,232,100,132
S01011340,A B D E. Agriculture energy and water,5,5,0
S01011340,C. Manufacturing,38,21,17
S01011340,F. Construction,17,14,3
S01011340,G I. Distribution hotels and restaurants,49,19,30
S01011340,H J. Transport and communication,15,4,11
S01011340,K L M N. Financial real estate professional and administrative activities,15,6,9
S01011340,O P Q. Public administration education and health,39,9,30
S01011340,R S T U. Other,11,4,7
S01011340,Never worked,43,18,25
S01011341,All people aged 16 to 74 not in employment,220,102,118
S01011341,A B D E. Agriculture energy and water,2,2,0
S01011341,C. Manufacturing,27,11,16
S01011341,F. Construction,17,17,0
S01011341,G I. Distribution hotels and restaurants,40,18,22
S01011341,H J. Transport and communication,16,4,12
S01011341,K L M N. Financial real estate professional and administrative activities,15,9,6
S01011341,O P Q. Public administration education and health,45,14,31
S01011341,R S T U. Other,14,6,8
S01011341,Never worked,44,21,23
S01011342,All people aged 16 to 74 not in employment,206,95,111
S01011342,A B D E. Agriculture energy and water,7,7,0
S01011342,C. Manufacturing,33,23,10
S01011342,F. Construction,13,11,2
S01011342,G I. Distribution hotels and restaurants,35,18,17
S01011342,H J. Transport and communication,11,3,8
S01011342,K L M N. Financial real estate professional and administrative activities,20,5,15
S01011342,O P Q. Public administration education and health,46,9,37
S01011342,R S T U. Other,11,3,8
S01011342,Never worked,30,16,14
S01011343,All people aged 16 to 74 not in employment,300,146,154
S01011343,A B D E. Agriculture energy and water,11,10,1
S01011343,C. Manufacturing,66,33,33
S01011343,F. Construction,21,21,0
S01011343,G I. Distribution hotels and restaurants,45,23,22
S01011343,H J. Transport and communication,16,7,9
S01011343,K L M N. Financial real estate professional and administrative activities,22,12,10
S01011343,O P Q. Public administration education and health,50,9,41
S01011343,R S T U. Other,9,4,5
S01011343,Never worked,60,27,33
S01011344,All people aged 16 to 74 not in employment,313,143,170
S01011344,A B D E. Agriculture energy and water,4,4,0
S01011344,C. Manufacturing,57,19,38
S01011344,F. Construction,27,25,2
S01011344,G I. Distribution hotels and restaurants,55,30,25
S01011344,H J. Transport and communication,31,9,22
S01011344,K L M N. Financial real estate professional and administrative activities,22,9,13
S01011344,O P Q. Public administration education and health,51,19,32
S01011344,R S T U. Other,21,10,11
S01011344,Never worked,45,18,27
S01011345,All people aged 16 to 74 not in employment,249,110,139
S01011345,A B D E. Agriculture energy and water,3,0,3
S01011345,C. Manufacturing,37,22,15
S01011345,F. Construction,24,22,2
S01011345,G I. Distribution hotels and restaurants,44,20,24
S01011345,H J. Transport and communication,17,5,12
S01011345,K L M N. Financial real estate professional and administrative activities,25,13,12
S01011345,O P Q. Public administration education and health,36,4,32
S01011345,R S T U. Other,13,5,8
S01011345,Never worked,50,19,31
S01011346,All people aged 16 to 74 not in employment,218,102,116
S01011346,A B D E. Agriculture energy and water,4,3,1
S01011346,C. Manufacturing,52,23,29
S01011346,F. Construction,18,17,1
S01011346,G I. Distribution hotels and restaurants,30,13,17
S01011346,H J. Transport and communication,15,4,11
S01011346,K L M N. Financial real estate professional and administrative activities,19,9,10
S01011346,O P Q. Public administration education and health,28,5,23
S01011346,R S T U. Other,7,3,4
S01011346,Never worked,45,25,20
S01011347,All people aged 16 to 74 not in employment,348,160,188
S01011347,A B D E. Agriculture energy and water,8,4,4
S01011347,C. Manufacturing,55,36,19
S01011347,F. Construction,30,29,1
S01011347,G I. Distribution hotels and restaurants,55,25,30
S01011347,H J. Transport and communication,21,4,17
S01011347,K L M N. Financial real estate professional and administrative activities,42,13,29
S01011347,O P Q. Public administration education and health,77,24,53
S01011347,R S T U. Other,17,4,13
S01011347,Never worked,43,21,22
S01011348,All people aged 16 to 74 not in employment,296,121,175
S01011348,A B D E. Agriculture energy and water,4,3,1
S01011348,C. Manufacturing,51,21,30
S01011348,F. Construction,21,20,1
S01011348,G I. Distribution hotels and restaurants,59,26,33
S01011348,H J. Transport and communication,20,8,12
S01011348,K L M N. Financial real estate professional and administrative activities,18,6,12
S01011348,O P Q. Public administration education and health,54,14,40
S01011348,R S T U. Other,12,1,11
S01011348,Never worked,57,22,35
S01011349,All people aged 16 to 74 not in employment,162,81,81
S01011349,A B D E. Agriculture energy and water,3,2,1
S01011349,C. Manufacturing,22,16,6
S01011349,F. Construction,15,14,1
S01011349,G I. Distribution hotels and restaurants,31,11,20
S01011349,H J. Transport and communication,8,4,4
S01011349,K L M N. Financial real estate professional and administrative activities,16,5,11
S01011349,O P Q. Public administration education and health,31,8,23
S01011349,R S T U. Other,9,5,4
S01011349,Never worked,27,16,11
S01011350,All people aged 16 to 74 not in employment,185,84,101
S01011350,A B D E. Agriculture energy and water,4,3,1
S01011350,C. Manufacturing,23,15,8
S01011350,F. Construction,16,15,1
S01011350,G I. Distribution hotels and restaurants,21,8,13
S01011350,H J. Transport and communication,12,2,10
S01011350,K L M N. Financial real estate professional and administrative activities,21,7,14
S01011350,O P Q. Public administration education and health,51,15,36
S01011350,R S T U. Other,10,1,9
S01011350,Never worked,27,18,9
S01011351,All people aged 16 to 74 not in employment,261,120,141
S01011351,A B D E. Agriculture energy and water,2,1,1
S01011351,C. Manufacturing,52,24,28
S01011351,F. Construction,19,17,2
S01011351,G I. Distribution hotels and restaurants,41,16,25
S01011351,H J. Transport and communication,24,8,16
S01011351,K L M N. Financial real estate professional and administrative activities,22,14,8
S01011351,O P Q. Public administration education and health,42,17,25
S01011351,R S T U. Other,11,2,9
S01011351,Never worked,48,21,27
S01011352,All people aged 16 to 74 not in employment,173,87,86
S01011352,A B D E. Agriculture energy and water,4,3,1
S01011352,C. Manufacturing,26,12,14
S01011352,F. Construction,16,15,1
S01011352,G I. Distribution hotels and restaurants,29,15,14
S01011352,H J. Transport and communication,14,5,9
S01011352,K L M N. Financial real estate professional and administrative activities,10,8,2
S01011352,O P Q. Public administration education and health,27,5,22
S01011352,R S T U. Other,10,3,7
S01011352,Never worked,37,21,16
S01011353,All people aged 16 to 74 not in employment,191,87,104
S01011353,A B D E. Agriculture energy and water,9,7,2
S01011353,C. Manufacturing,32,13,19
S01011353,F. Construction,15,13,2
S01011353,G I. Distribution hotels and restaurants,26,14,12
S01011353,H J. Transport and communication,14,4,10
S01011353,K L M N. Financial real estate professional and administrative activities,14,7,7
S01011353,O P Q. Public administration education and health,37,11,26
S01011353,R S T U. Other,10,4,6
S01011353,Never worked,34,14,20
S01011354,All people aged 16 to 74 not in employment,203,96,107
S01011354,A B D E. Agriculture energy and water,3,2,1
S01011354,C. Manufacturing,27,18,9
S01011354,F. Construction,20,15,5
S01011354,G I. Distribution hotels and restaurants,29,12,17
S01011354,H J. Transport and communication,17,5,12
S01011354,K L M N. Financial real estate professional and administrative activities,16,5,11
S01011354,O P Q. Public administration education and health,60,22,38
S01011354,R S T U. Other,9,5,4
S01011354,Never worked,22,12,10
S01011355,All people aged 16 to 74 not in employment,258,116,142
S01011355,A B D E. Agriculture energy and water,3,3,0
S01011355,C. Manufacturing,36,22,14
S01011355,F. Construction,21,18,3
S01011355,G I. Distribution hotels and restaurants,50,19,31
S01011355,H J. Transport and communication,10,1,9
S01011355,K L M N. Financial real estate professional and administrative activities,23,11,12
S01011355,O P Q. Public administration education and health,62,15,47
S01011355,R S T U. Other,6,1,5
S01011355,Never worked,47,26,21
S01011356,All people aged 16 to 74 not in employment,216,93,123
S01011356,A B D E. Agriculture energy and water,14,11,3
S01011356,C. Manufacturing,23,11,12
S01011356,F. Construction,15,11,4
S01011356,G I. Distribution hotels and restaurants,43,20,23
S01011356,H J. Transport and communication,22,9,13
S01011356,K L M N. Financial real estate professional and administrative activities,16,7,9
S01011356,O P Q. Public administration education and health,39,8,31
S01011356,R S T U. Other,11,3,8
S01011356,Never worked,33,13,20
S01011357,All people aged 16 to 74 not in employment,260,122,138
S01011357,A B D E. Agriculture energy and water,6,4,2
S01011357,C. Manufacturing,35,18,17
S01011357,F. Construction,15,14,1
S01011357,G I. Distribution hotels and restaurants,51,31,20
S01011357,H J. Transport and communication,9,4,5
S01011357,K L M N. Financial real estate professional and administrative activities,30,14,16
S01011357,O P Q. Public administration education and health,67,15,52
S01011357,R S T U. Other,15,4,11
S01011357,Never worked,32,18,14
S01011358,All people aged 16 to 74 not in employment,93,44,49
S01011358,A B D E. Agriculture energy and water,2,2,0
S01011358,C. Manufacturing,8,5,3
S01011358,F. Construction,3,2,1
S01011358,G I. Distribution hotels and restaurants,18,10,8
S01011358,H J. Transport and communication,7,4,3
S01011358,K L M N. Financial real estate professional and administrative activities,6,2,4
S01011358,O P Q. Public administration education and health,21,5,16
S01011358,R S T U. Other,1,0,1
S01011358,Never worked,27,14,13
S01011359,All people aged 16 to 74 not in employment,266,126,140
S01011359,A B D E. Agriculture energy and water,7,4,3
S01011359,C. Manufacturing,39,22,17
S01011359,F. Construction,23,23,0
S01011359,G I. Distribution hotels and restaurants,54,25,29
S01011359,H J. Transport and communication,21,8,13
S01011359,K L M N. Financial real estate professional and administrative activities,24,9,15
S01011359,O P Q. Public administration education and health,57,11,46
S01011359,R S T U. Other,7,4,3
S01011359,Never worked,34,20,14
S01011360,All people aged 16 to 74 not in employment,247,123,124
S01011360,A B D E. Agriculture energy and water,5,3,2
S01011360,C. Manufacturing,37,24,13
S01011360,F. Construction,30,28,2
S01011360,G I. Distribution hotels and restaurants,52,27,25
S01011360,H J. Transport and communication,12,3,9
S01011360,K L M N. Financial real estate professional and administrative activities,27,10,17
S01011360,O P Q. Public administration education and health,31,10,21
S01011360,R S T U. Other,10,0,10
S01011360,Never worked,43,18,25
S01011361,All people aged 16 to 74 not in employment,234,139,95
S01011361,A B D E. Agriculture energy and water,10,6,4
S01011361,C. Manufacturing,28,19,9
S01011361,F. Construction,14,14,0
S01011361,G I. Distribution hotels and restaurants,44,25,19
S01011361,H J. Transport and communication,19,12,7
S01011361,K L M N. Financial real estate professional and administrative activities,24,14,10
S01011361,O P Q. Public administration education and health,26,12,14
S01011361,R S T U. Other,21,13,8
S01011361,Never worked,48,24,24
S01011362,All people aged 16 to 74 not in employment,81,35,46
S01011362,A B D E. Agriculture energy and water,6,4,2
S01011362,C. Manufacturing,7,4,3
S01011362,F. Construction,5,5,0
S01011362,G I. Distribution hotels and restaurants,20,5,15
S01011362,H J. Transport and communication,2,1,1
S01011362,K L M N. Financial real estate professional and administrative activities,7,4,3
S01011362,O P Q. Public administration education and health,18,2,16
S01011362,R S T U. Other,2,1,1
S01011362,Never worked,14,9,5
S01011363,All people aged 16 to 74 not in employment,302,133,169
S01011363,A B D E. Agriculture energy and water,2,2,0
S01011363,C. Manufacturing,46,27,19
S01011363,F. Construction,30,29,1
S01011363,G I. Distribution hotels and restaurants,61,18,43
S01011363,H J. Transport and communication,24,9,15
S01011363,K L M N. Financial real estate professional and administrative activities,26,8,18
S01011363,O P Q. Public administration education and health,51,14,37
S01011363,R S T U. Other,8,5,3
S01011363,Never worked,54,21,33
S01011364,All people aged 16 to 74 not in employment,149,68,81
S01011364,A B D E. Agriculture energy and water,0,0,0
S01011364,C. Manufacturing,26,16,10
S01011364,F. Construction,13,12,1
S01011364,G I. Distribution hotels and restaurants,31,11,20
S01011364,H J. Transport and communication,8,5,3
S01011364,K L M N. Financial real estate professional and administrative activities,11,4,7
S01011364,O P Q. Public administration education and health,42,10,32
S01011364,R S T U. Other,5,2,3
S01011364,Never worked,13,8,5
S01011365,All people aged 16 to 74 not in employment,99,47,52
S01011365,A B D E. Agriculture energy and water,3,3,0
S01011365,C. Manufacturing,16,9,7
S01011365,F. Construction,9,8,1
S01011365,G I. Distribution hotels and restaurants,17,7,10
S01011365,H J. Transport and communication,7,4,3
S01011365,K L M N. Financial real estate professional and administrative activities,12,5,7
S01011365,O P Q. Public administration education and health,18,4,14
S01011365,R S T U. Other,2,0,2
S01011365,Never worked,15,7,8
S01011366,All people aged 16 to 74 not in employment,153,64,89
S01011366,A B D E. Agriculture energy and water,1,1,0
S01011366,C. Manufacturing,37,17,20
S01011366,F. Construction,9,8,1
S01011366,G I. Distribution hotels and restaurants,34,16,18
S01011366,H J. Transport and communication,13,2,11
S01011366,K L M N. Financial real estate professional and administrative activities,13,4,9
S01011366,O P Q. Public administration education and health,23,8,15
S01011366,R S T U. Other,6,2,4
S01011366,Never worked,17,6,11
S01011367,All people aged 16 to 74 not in employment,268,109,159
S01011367,A B D E. Agriculture energy and water,3,3,0
S01011367,C. Manufacturing,45,29,16
S01011367,F. Construction,18,14,4
S01011367,G I. Distribution hotels and restaurants,63,28,35
S01011367,H J. Transport and communication,21,3,18
S01011367,K L M N. Financial real estate professional and administrative activities,29,6,23
S01011367,O P Q. Public administration education and health,45,13,32
S01011367,R S T U. Other,16,4,12
S01011367,Never worked,28,9,19
S01011368,All people aged 16 to 74 not in employment,100,35,65
S01011368,A B D E. Agriculture energy and water,4,1,3
S01011368,C. Manufacturing,10,5,5
S01011368,F. Construction,5,3,2
S01011368,G I. Distribution hotels and restaurants,21,8,13
S01011368,H J. Transport and communication,7,2,5
S01011368,K L M N. Financial real estate professional and administrative activities,8,2,6
S01011368,O P Q. Public administration education and health,16,2,14
S01011368,R S T U. Other,6,2,4
S01011368,Never worked,23,10,13
S01011369,All people aged 16 to 74 not in employment,252,122,130
S01011369,A B D E. Agriculture energy and water,7,6,1
S01011369,C. Manufacturing,36,23,13
S01011369,F. Construction,19,19,0
S01011369,G I. Distribution hotels and restaurants,43,15,28
S01011369,H J. Transport and communication,20,6,14
S01011369,K L M N. Financial real estate professional and administrative activities,27,13,14
S01011369,O P Q. Public administration education and health,49,11,38
S01011369,R S T U. Other,12,5,7
S01011369,Never worked,39,24,15
S01011370,All people aged 16 to 74 not in employment,132,65,67
S01011370,A B D E. Agriculture energy and water,2,2,0
S01011370,C. Manufacturing,21,12,9
S01011370,F. Construction,9,9,0
S01011370,G I. Distribution hotels and restaurants,28,13,15
S01011370,H J. Transport and communication,6,1,5
S01011370,K L M N. Financial real estate professional and administrative activities,17,9,8
S01011370,O P Q. Public administration education and health,22,5,17
S01011370,R S T U. Other,7,2,5
S01011370,Never worked,20,12,8
S01011371,All people aged 16 to 74 not in employment,283,140,143
S01011371,A B D E. Agriculture energy and water,3,1,2
S01011371,C. Manufacturing,39,24,15
S01011371,F. Construction,18,18,0
S01011371,G I. Distribution hotels and restaurants,67,37,30
S01011371,H J. Transport and communication,24,10,14
S01011371,K L M N. Financial real estate professional and administrative activities,26,12,14
S01011371,O P Q. Public administration education and health,48,11,37
S01011371,R S T U. Other,17,6,11
S01011371,Never worked,41,21,20
S01011372,All people aged 16 to 74 not in employment,247,129,118
S01011372,A B D E. Agriculture energy and water,4,1,3
S01011372,C. Manufacturing,44,25,19
S01011372,F. Construction,21,19,2
S01011372,G I. Distribution hotels and restaurants,49,27,22
S01011372,H J. Transport and communication,19,9,10
S01011372,K L M N. Financial real estate professional and administrative activities,22,12,10
S01011372,O P Q. Public administration education and health,31,9,22
S01011372,R S T U. Other,11,3,8
S01011372,Never worked,46,24,22
S01011373,All people aged 16 to 74 not in employment,257,133,124
S01011373,A B D E. Agriculture energy and water,2,1,1
S01011373,C. Manufacturing,33,17,16
S01011373,F. Construction,20,18,2
S01011373,G I. Distribution hotels and restaurants,50,24,26
S01011373,H J. Transport and communication,32,22,10
S01011373,K L M N. Financial real estate professional and administrative activities,30,16,14
S01011373,O P Q. Public administration education and health,36,11,25
S01011373,R S T U. Other,15,8,7
S01011373,Never worked,39,16,23
S01011374,All people aged 16 to 74 not in employment,134,57,77
S01011374,A B D E. Agriculture energy and water,1,0,1
S01011374,C. Manufacturing,17,9,8
S01011374,F. Construction,10,7,3
S01011374,G I. Distribution hotels and restaurants,29,8,21
S01011374,H J. Transport and communication,6,2,4
S01011374,K L M N. Financial real estate professional and administrative activities,17,7,10
S01011374,O P Q. Public administration education and health,19,5,14
S01011374,R S T U. Other,7,2,5
S01011374,Never worked,28,17,11
S01011375,All people aged 16 to 74 not in employment,183,96,87
S01011375,A B D E. Agriculture energy and water,3,1,2
S01011375,C. Manufacturing,25,13,12
S01011375,F. Construction,18,18,0
S01011375,G I. Distribution hotels and restaurants,25,14,11
S01011375,H J. Transport and communication,12,6,6
S01011375,K L M N. Financial real estate professional and administrative activities,26,14,12
S01011375,O P Q. Public administration education and health,36,9,27
S01011375,R S T U. Other,13,8,5
S01011375,Never worked,25,13,12
S01011376,All people aged 16 to 74 not in employment,147,66,81
S01011376,A B D E. Agriculture energy and water,1,1,0
S01011376,C. Manufacturing,26,12,14
S01011376,F. Construction,16,15,1
S01011376,G I. Distribution hotels and restaurants,33,16,17
S01011376,H J. Transport and communication,9,2,7
S01011376,K L M N. Financial real estate professional and administrative activities,10,6,4
S01011376,O P Q. Public administration education and health,37,9,28
S01011376,R S T U. Other,8,1,7
S01011376,Never worked,7,4,3
S01011377,All people aged 16 to 74 not in employment,134,60,74
S01011377,A B D E. Agriculture energy and water,2,1,1
S01011377,C. Manufacturing,20,15,5
S01011377,F. Construction,6,6,0
S01011377,G I. Distribution hotels and restaurants,15,5,10
S01011377,H J. Transport and communication,9,5,4
S01011377,K L M N. Financial real estate professional and administrative activities,15,6,9
S01011377,O P Q. Public administration education and health,44,16,28
S01011377,R S T U. Other,4,0,4
S01011377,Never worked,19,6,13
S01011378,All people aged 16 to 74 not in employment,216,88,128
S01011378,A B D E. Agriculture energy and water,3,2,1
S01011378,C. Manufacturing,34,23,11
S01011378,F. Construction,12,9,3
S01011378,G I. Distribution hotels and restaurants,47,17,30
S01011378,H J. Transport and communication,11,2,9
S01011378,K L M N. Financial real estate professional and administrative activities,28,12,16
S01011378,O P Q. Public administration education and health,51,14,37
S01011378,R S T U. Other,8,2,6
S01011378,Never worked,22,7,15
S01011379,All people aged 16 to 74 not in employment,177,82,95
S01011379,A B D E. Agriculture energy and water,1,0,1
S01011379,C. Manufacturing,13,9,4
S01011379,F. Construction,17,10,7
S01011379,G I. Distribution hotels and restaurants,38,20,18
S01011379,H J. Transport and communication,10,5,5
S01011379,K L M N. Financial real estate professional and administrative activities,23,9,14
S01011379,O P Q. Public administration education and health,40,12,28
S01011379,R S T U. Other,4,2,2
S01011379,Never worked,31,15,16
S01011380,All people aged 16 to 74 not in employment,184,81,103
S01011380,A B D E. Agriculture energy and water,8,7,1
S01011380,C. Manufacturing,22,12,10
S01011380,F. Construction,10,8,2
S01011380,G I. Distribution hotels and restaurants,36,10,26
S01011380,H J. Transport and communication,4,2,2
S01011380,K L M N. Financial real estate professional and administrative activities,22,8,14
S01011380,O P Q. Public administration education and health,39,14,25
S01011380,R S T U. Other,6,2,4
S01011380,Never worked,37,18,19
S01011381,All people aged 16 to 74 not in employment,175,75,100
S01011381,A B D E. Agriculture energy and water,3,2,1
S01011381,C. Manufacturing,26,17,9
S01011381,F. Construction,14,10,4
S01011381,G I. Distribution hotels and restaurants,43,11,32
S01011381,H J. Transport and communication,6,2,4
S01011381,K L M N. Financial real estate professional and administrative activities,22,9,13
S01011381,O P Q. Public administration education and health,33,9,24
S01011381,R S T U. Other,13,4,9
S01011381,Never worked,15,11,4
S01011382,All people aged 16 to 74 not in employment,152,78,74
S01011382,A B D E. Agriculture energy and water,1,1,0
S01011382,C. Manufacturing,24,14,10
S01011382,F. Construction,12,11,1
S01011382,G I. Distribution hotels and restaurants,27,14,13
S01011382,H J. Transport and communication,14,6,8
S01011382,K L M N. Financial real estate professional and administrative activities,14,5,9
S01011382,O P Q. Public administration education and health,22,5,17
S01011382,R S T U. Other,8,3,5
S01011382,Never worked,30,19,11
S01011383,All people aged 16 to 74 not in employment,291,134,157
S01011383,A B D E. Agriculture energy and water,6,4,2
S01011383,C. Manufacturing,58,36,22
S01011383,F. Construction,30,29,1
S01011383,G I. Distribution hotels and restaurants,43,15,28
S01011383,H J. Transport and communication,16,3,13
S01011383,K L M N. Financial real estate professional and administrative activities,29,12,17
S01011383,O P Q. Public administration education and health,47,12,35
S01011383,R S T U. Other,18,1,17
S01011383,Never worked,44,22,22
S01011384,All people aged 16 to 74 not in employment,296,139,157
S01011384,A B D E. Agriculture energy and water,7,2,5
S01011384,C. Manufacturing,44,22,22
S01011384,F. Construction,31,30,1
S01011384,G I. Distribution hotels and restaurants,55,21,34
S01011384,H J. Transport and communication,18,4,14
S01011384,K L M N. Financial real estate professional and administrative activities,32,20,12
S01011384,O P Q. Public administration education and health,27,4,23
S01011384,R S T U. Other,14,5,9
S01011384,Never worked,68,31,37
S01011385,All people aged 16 to 74 not in employment,345,159,186
S01011385,A B D E. Agriculture energy and water,4,3,1
S01011385,C. Manufacturing,64,39,25
S01011385,F. Construction,27,25,2
S01011385,G I. Distribution hotels and restaurants,68,28,40
S01011385,H J. Transport and communication,24,6,18
S01011385,K L M N. Financial real estate professional and administrative activities,30,15,15
S01011385,O P Q. Public administration education and health,51,12,39
S01011385,R S T U. Other,14,6,8
S01011385,Never worked,63,25,38
S01011386,All people aged 16 to 74 not in employment,197,85,112
S01011386,A B D E. Agriculture energy and water,3,0,3
S01011386,C. Manufacturing,34,17,17
S01011386,F. Construction,14,13,1
S01011386,G I. Distribution hotels and restaurants,35,18,17
S01011386,H J. Transport and communication,15,5,10
S01011386,K L M N. Financial real estate professional and administrative activities,16,9,7
S01011386,O P Q. Public administration education and health,19,4,15
S01011386,R S T U. Other,9,3,6
S01011386,Never worked,52,16,36
S01011387,All people aged 16 to 74 not in employment,306,142,164
S01011387,A B D E. Agriculture energy and water,10,5,5
S01011387,C. Manufacturing,53,26,27
S01011387,F. Construction,18,18,0
S01011387,G I. Distribution hotels and restaurants,56,25,31
S01011387,H J. Transport and communication,14,5,9
S01011387,K L M N. Financial real estate professional and administrative activities,25,14,11
S01011387,O P Q. Public administration education and health,44,15,29
S01011387,R S T U. Other,17,4,13
S01011387,Never worked,69,30,39
S01011388,All people aged 16 to 74 not in employment,192,85,107
S01011388,A B D E. Agriculture energy and water,0,0,0
S01011388,C. Manufacturing,23,13,10
S01011388,F. Construction,15,14,1
S01011388,G I. Distribution hotels and restaurants,44,21,23
S01011388,H J. Transport and communication,10,2,8
S01011388,K L M N. Financial real estate professional and administrative activities,18,9,9
S01011388,O P Q. Public administration education and health,33,9,24
S01011388,R S T U. Other,10,2,8
S01011388,Never worked,39,15,24
S01011389,All people aged 16 to 74 not in employment,235,127,108
S01011389,A B D E. Agriculture energy and water,5,5,0
S01011389,C. Manufacturing,38,22,16
S01011389,F. Construction,15,12,3
S01011389,G I. Distribution hotels and restaurants,44,21,23
S01011389,H J. Transport and communication,8,3,5
S01011389,K L M N. Financial real estate professional and administrative activities,29,17,12
S01011389,O P Q. Public administration education and health,37,10,27
S01011389,R S T U. Other,7,4,3
S01011389,Never worked,52,33,19
S01011390,All people aged 16 to 74 not in employment,281,115,166
S01011390,A B D E. Agriculture energy and water,3,0,3
S01011390,C. Manufacturing,57,30,27
S01011390,F. Construction,22,22,0
S01011390,G I. Distribution hotels and restaurants,64,25,39
S01011390,H J. Transport and communication,20,3,17
S01011390,K L M N. Financial real estate professional and administrative activities,15,9,6
S01011390,O P Q. Public administration education and health,41,2,39
S01011390,R S T U. Other,13,4,9
S01011390,Never worked,46,20,26
S01011391,All people aged 16 to 74 not in employment,200,81,119
S01011391,A B D E. Agriculture energy and water,3,0,3
S01011391,C. Manufacturing,38,22,16
S01011391,F. Construction,8,8,0
S01011391,G I. Distribution hotels and restaurants,45,20,25
S01011391,H J. Transport and communication,6,3,3
S01011391,K L M N. Financial real estate professional and administrative activities,16,4,12
S01011391,O P Q. Public administration education and health,33,6,27
S01011391,R S T U. Other,10,3,7
S01011391,Never worked,41,15,26
S01011392,All people aged 16 to 74 not in employment,229,106,123
S01011392,A B D E. Agriculture energy and water,3,2,1
S01011392,C. Manufacturing,30,13,17
S01011392,F. Construction,28,28,0
S01011392,G I. Distribution hotels and restaurants,51,25,26
S01011392,H J. Transport and communication,9,1,8
S01011392,K L M N. Financial real estate professional and administrative activities,14,3,11
S01011392,O P Q. Public administration education and health,33,5,28
S01011392,R S T U. Other,11,3,8
S01011392,Never worked,50,26,24
S01011393,All people aged 16 to 74 not in employment,248,121,127
S01011393,A B D E. Agriculture energy and water,12,11,1
S01011393,C. Manufacturing,41,18,23
S01011393,F. Construction,17,16,1
S01011393,G I. Distribution hotels and restaurants,57,31,26
S01011393,H J. Transport and communication,13,4,9
S01011393,K L M N. Financial real estate professional and administrative activities,18,7,11
S01011393,O P Q. Public administration education and health,48,12,36
S01011393,R S T U. Other,8,4,4
S01011393,Never worked,34,18,16
S01011394,All people aged 16 to 74 not in employment,79,39,40
S01011394,A B D E. Agriculture energy and water,1,1,0
S01011394,C. Manufacturing,5,4,1
S01011394,F. Construction,6,6,0
S01011394,G I. Distribution hotels and restaurants,11,6,5
S01011394,H J. Transport and communication,4,3,1
S01011394,K L M N. Financial real estate professional and administrative activities,14,6,8
S01011394,O P Q. Public administration education and health,13,4,9
S01011394,R S T U. Other,7,0,7
S01011394,Never worked,18,9,9
S01011395,All people aged 16 to 74 not in employment,243,111,132
S01011395,A B D E. Agriculture energy and water,5,2,3
S01011395,C. Manufacturing,33,17,16
S01011395,F. Construction,24,24,0
S01011395,G I. Distribution hotels and restaurants,47,21,26
S01011395,H J. Transport and communication,19,10,9
S01011395,K L M N. Financial real estate professional and administrative activities,18,8,10
S01011395,O P Q. Public administration education and health,54,10,44
S01011395,R S T U. Other,11,4,7
S01011395,Never worked,32,15,17
S01011396,All people aged 16 to 74 not in employment,240,113,127
S01011396,A B D E. Agriculture energy and water,8,3,5
S01011396,C. Manufacturing,43,27,16
S01011396,F. Construction,22,21,1
S01011396,G I. Distribution hotels and restaurants,41,17,24
S01011396,H J. Transport and communication,20,9,11
S01011396,K L M N. Financial real estate professional and administrative activities,18,7,11
S01011396,O P Q. Public administration education and health,35,11,24
S01011396,R S T U. Other,5,0,5
S01011396,Never worked,48,18,30
S01011397,All people aged 16 to 74 not in employment,240,109,131
S01011397,A B D E. Agriculture energy and water,11,6,5
S01011397,C. Manufacturing,37,22,15
S01011397,F. Construction,24,17,7
S01011397,G I. Distribution hotels and restaurants,42,18,24
S01011397,H J. Transport and communication,16,3,13
S01011397,K L M N. Financial real estate professional and administrative activities,27,20,7
S01011397,O P Q. Public administration education and health,37,7,30
S01011397,R S T U. Other,5,1,4
S01011397,Never worked,41,15,26
S01011398,All people aged 16 to 74 not in employment,260,120,140
S01011398,A B D E. Agriculture energy and water,5,2,3
S01011398,C. Manufacturing,43,24,19
S01011398,F. Construction,17,15,2
S01011398,G I. Distribution hotels and restaurants,54,21,33
S01011398,H J. Transport and communication,14,5,9
S01011398,K L M N. Financial real estate professional and administrative activities,20,10,10
S01011398,O P Q. Public administration education and health,36,9,27
S01011398,R S T U. Other,17,9,8
S01011398,Never worked,54,25,29
S01011399,All people aged 16 to 74 not in employment,173,76,97
S01011399,A B D E. Agriculture energy and water,5,3,2
S01011399,C. Manufacturing,32,20,12
S01011399,F. Construction,12,11,1
S01011399,G I. Distribution hotels and restaurants,34,14,20
S01011399,H J. Transport and communication,8,2,6
S01011399,K L M N. Financial real estate professional and administrative activities,9,3,6
S01011399,O P Q. Public administration education and health,37,7,30
S01011399,R S T U. Other,9,4,5
S01011399,Never worked,27,12,15
S01011400,All people aged 16 to 74 not in employment,167,75,92
S01011400,A B D E. Agriculture energy and water,3,2,1
S01011400,C. Manufacturing,22,13,9
S01011400,F. Construction,15,12,3
S01011400,G I. Distribution hotels and restaurants,33,15,18
S01011400,H J. Transport and communication,9,2,7
S01011400,K L M N. Financial real estate professional and administrative activities,15,9,6
S01011400,O P Q. Public administration education and health,37,8,29
S01011400,R S T U. Other,9,2,7
S01011400,Never worked,24,12,12
S01011401,All people aged 16 to 74 not in employment,188,83,105
S01011401,A B D E. Agriculture energy and water,2,2,0
S01011401,C. Manufacturing,28,13,15
S01011401,F. Construction,12,9,3
S01011401,G I. Distribution hotels and restaurants,34,20,14
S01011401,H J. Transport and communication,7,2,5
S01011401,K L M N. Financial real estate professional and administrative activities,20,6,14
S01011401,O P Q. Public administration education and health,39,14,25
S01011401,R S T U. Other,5,0,5
S01011401,Never worked,41,17,24
S01011402,All people aged 16 to 74 not in employment,290,124,166
S01011402,A B D E. Agriculture energy and water,6,2,4
S01011402,C. Manufacturing,58,31,27
S01011402,F. Construction,26,23,3
S01011402,G I. Distribution hotels and restaurants,57,22,35
S01011402,H J. Transport and communication,12,4,8
S01011402,K L M N. Financial real estate professional and administrative activities,27,16,11
S01011402,O P Q. Public administration education and health,62,12,50
S01011402,R S T U. Other,12,3,9
S01011402,Never worked,30,11,19
S01011403,All people aged 16 to 74 not in employment,121,48,73
S01011403,A B D E. Agriculture energy and water,1,1,0
S01011403,C. Manufacturing,17,8,9
S01011403,F. Construction,15,14,1
S01011403,G I. Distribution hotels and restaurants,15,5,10
S01011403,H J. Transport and communication,6,1,5
S01011403,K L M N. Financial real estate professional and administrative activities,11,2,9
S01011403,O P Q. Public administration education and health,17,3,14
S01011403,R S T U. Other,2,1,1
S01011403,Never worked,37,13,24
S01011404,All people aged 16 to 74 not in employment,325,136,189
S01011404,A B D E. Agriculture energy and water,6,6,0
S01011404,C. Manufacturing,54,28,26
S01011404,F. Construction,26,24,2
S01011404,G I. Distribution hotels and restaurants,78,24,54
S01011404,H J. Transport and communication,22,10,12
S01011404,K L M N. Financial real estate professional and administrative activities,29,9,20
S01011404,O P Q. Public administration education and health,42,11,31
S01011404,R S T U. Other,14,4,10
S01011404,Never worked,54,20,34
S01011405,All people aged 16 to 74 not in employment,169,69,100
S01011405,A B D E. Agriculture energy and water,5,5,0
S01011405,C. Manufacturing,23,12,11
S01011405,F. Construction,9,9,0
S01011405,G I. Distribution hotels and restaurants,39,14,25
S01011405,H J. Transport and communication,4,1,3
S01011405,K L M N. Financial real estate professional and administrative activities,17,7,10
S01011405,O P Q. Public administration education and health,34,5,29
S01011405,R S T U. Other,3,0,3
S01011405,Never worked,35,16,19
S01011406,All people aged 16 to 74 not in employment,173,89,84
S01011406,A B D E. Agriculture energy and water,2,1,1
S01011406,C. Manufacturing,27,16,11
S01011406,F. Construction,13,12,1
S01011406,G I. Distribution hotels and restaurants,41,21,20
S01011406,H J. Transport and communication,8,2,6
S01011406,K L M N. Financial real estate professional and administrative activities,18,12,6
S01011406,O P Q. Public administration education and health,28,6,22
S01011406,R S T U. Other,13,3,10
S01011406,Never worked,23,16,7
S01011407,All people aged 16 to 74 not in employment,288,112,176
S01011407,A B D E. Agriculture energy and water,2,1,1
S01011407,C. Manufacturing,34,23,11
S01011407,F. Construction,23,19,4
S01011407,G I. Distribution hotels and restaurants,63,27,36
S01011407,H J. Transport and communication,20,6,14
S01011407,K L M N. Financial real estate professional and administrative activities,34,6,28
S01011407,O P Q. Public administration education and health,60,10,50
S01011407,R S T U. Other,13,7,6
S01011407,Never worked,39,13,26
S01011408,All people aged 16 to 74 not in employment,224,95,129
S01011408,A B D E. Agriculture energy and water,2,1,1
S01011408,C. Manufacturing,43,20,23
S01011408,F. Construction,15,15,0
S01011408,G I. Distribution hotels and restaurants,33,12,21
S01011408,H J. Transport and communication,14,7,7
S01011408,K L M N. Financial real estate professional and administrative activities,25,12,13
S01011408,O P Q. Public administration education and health,44,12,32
S01011408,R S T U. Other,10,3,7
S01011408,Never worked,38,13,25
S01011409,All people aged 16 to 74 not in employment,244,104,140
S01011409,A B D E. Agriculture energy and water,4,1,3
S01011409,C. Manufacturing,32,20,12
S01011409,F. Construction,24,19,5
S01011409,G I. Distribution hotels and restaurants,42,18,24
S01011409,H J. Transport and communication,19,4,15
S01011409,K L M N. Financial real estate professional and administrative activities,24,11,13
S01011409,O P Q. Public administration education and health,38,6,32
S01011409,R S T U. Other,11,5,6
S01011409,Never worked,50,20,30
S01011410,All people aged 16 to 74 not in employment,156,70,86
S01011410,A B D E. Agriculture energy and water,1,1,0
S01011410,C. Manufacturing,24,10,14
S01011410,F. Construction,14,14,0
S01011410,G I. Distribution hotels and restaurants,31,13,18
S01011410,H J. Transport and communication,14,4,10
S01011410,K L M N. Financial real estate professional and administrative activities,14,5,9
S01011410,O P Q. Public administration education and health,33,11,22
S01011410,R S T U. Other,6,1,5
S01011410,Never worked,19,11,8
S01011411,All people aged 16 to 74 not in employment,163,75,88
S01011411,A B D E. Agriculture energy and water,3,3,0
S01011411,C. Manufacturing,24,17,7
S01011411,F. Construction,15,14,1
S01011411,G I. Distribution hotels and restaurants,30,12,18
S01011411,H J. Transport and communication,16,4,12
S01011411,K L M N. Financial real estate professional and administrative activities,16,10,6
S01011411,O P Q. Public administration education and health,25,5,20
S01011411,R S T U. Other,9,3,6
S01011411,Never worked,25,7,18
S01011412,All people aged 16 to 74 not in employment,222,96,126
S01011412,A B D E. Agriculture energy and water,5,5,0
S01011412,C. Manufacturing,29,16,13
S01011412,F. Construction,12,7,5
S01011412,G I. Distribution hotels and restaurants,41,15,26
S01011412,H J. Transport and communication,13,5,8
S01011412,K L M N. Financial real estate professional and administrative activities,25,15,10
S01011412,O P Q. Public administration education and health,60,17,43
S01011412,R S T U. Other,7,2,5
S01011412,Never worked,30,14,16
S01011413,All people aged 16 to 74 not in employment,113,51,62
S01011413,A B D E. Agriculture energy and water,2,2,0
S01011413,C. Manufacturing,10,5,5
S01011413,F. Construction,3,3,0
S01011413,G I. Distribution hotels and restaurants,18,7,11
S01011413,H J. Transport and communication,11,6,5
S01011413,K L M N. Financial real estate professional and administrative activities,6,2,4
S01011413,O P Q. Public administration education and health,25,7,18
S01011413,R S T U. Other,6,2,4
S01011413,Never worked,32,17,15
S01011414,All people aged 16 to 74 not in employment,254,111,143
S01011414,A B D E. Agriculture energy and water,3,3,0
S01011414,C. Manufacturing,41,23,18
S01011414,F. Construction,25,23,2
S01011414,G I. Distribution hotels and restaurants,44,16,28
S01011414,H J. Transport and communication,11,6,5
S01011414,K L M N. Financial real estate professional and administrative activities,16,7,9
S01011414,O P Q. Public administration education and health,52,10,42
S01011414,R S T U. Other,10,1,9
S01011414,Never worked,52,22,30
S01011415,All people aged 16 to 74 not in employment,227,121,106
S01011415,A B D E. Agriculture energy and water,9,7,2
S01011415,C. Manufacturing,42,26,16
S01011415,F. Construction,24,23,1
S01011415,G I. Distribution hotels and restaurants,45,24,21
S01011415,H J. Transport and communication,8,3,5
S01011415,K L M N. Financial real estate professional and administrative activities,21,8,13
S01011415,O P Q. Public administration education and health,41,10,31
S01011415,R S T U. Other,5,2,3
S01011415,Never worked,32,18,14
S01011416,All people aged 16 to 74 not in employment,162,82,80
S01011416,A B D E. Agriculture energy and water,1,1,0
S01011416,C. Manufacturing,17,13,4
S01011416,F. Construction,8,8,0
S01011416,G I. Distribution hotels and restaurants,30,16,14
S01011416,H J. Transport and communication,7,1,6
S01011416,K L M N. Financial real estate professional and administrative activities,12,6,6
S01011416,O P Q. Public administration education and health,52,18,34
S01011416,R S T U. Other,3,1,2
S01011416,Never worked,32,18,14
S01011417,All people aged 16 to 74 not in employment,241,99,142
S01011417,A B D E. Agriculture energy and water,4,2,2
S01011417,C. Manufacturing,40,24,16
S01011417,F. Construction,19,16,3
S01011417,G I. Distribution hotels and restaurants,52,21,31
S01011417,H J. Transport and communication,17,3,14
S01011417,K L M N. Financial real estate professional and administrative activities,22,8,14
S01011417,O P Q. Public administration education and health,55,10,45
S01011417,R S T U. Other,6,4,2
S01011417,Never worked,26,11,15
S01011418,All people aged 16 to 74 not in employment,200,81,119
S01011418,A B D E. Agriculture energy and water,2,1,1
S01011418,C. Manufacturing,44,27,17
S01011418,F. Construction,19,18,1
S01011418,G I. Distribution hotels and restaurants,30,10,20
S01011418,H J. Transport and communication,11,0,11
S01011418,K L M N. Financial real estate professional and administrative activities,8,4,4
S01011418,O P Q. Public administration education and health,49,7,42
S01011418,R S T U. Other,12,4,8
S01011418,Never worked,25,10,15
S01011419,All people aged 16 to 74 not in employment,170,73,97
S01011419,A B D E. Agriculture energy and water,2,0,2
S01011419,C. Manufacturing,35,20,15
S01011419,F. Construction,16,14,2
S01011419,G I. Distribution hotels and restaurants,26,12,14
S01011419,H J. Transport and communication,12,7,5
S01011419,K L M N. Financial real estate professional and administrative activities,9,2,7
S01011419,O P Q. Public administration education and health,35,5,30
S01011419,R S T U. Other,5,0,5
S01011419,Never worked,30,13,17
S01011420,All people aged 16 to 74 not in employment,197,98,99
S01011420,A B D E. Agriculture energy and water,4,2,2
S01011420,C. Manufacturing,31,22,9
S01011420,F. Construction,10,10,0
S01011420,G I. Distribution hotels and restaurants,44,15,29
S01011420,H J. Transport and communication,15,8,7
S01011420,K L M N. Financial real estate professional and administrative activities,19,8,11
S01011420,O P Q. Public administration education and health,25,6,19
S01011420,R S T U. Other,13,5,8
S01011420,Never worked,36,22,14
S01011421,All people aged 16 to 74 not in employment,123,48,75
S01011421,A B D E. Agriculture energy and water,2,2,0
S01011421,C. Manufacturing,13,8,5
S01011421,F. Construction,10,8,2
S01011421,G I. Distribution hotels and restaurants,23,7,16
S01011421,H J. Transport and communication,10,6,4
S01011421,K L M N. Financial real estate professional and administrative activities,7,4,3
S01011421,O P Q. Public administration education and health,19,3,16
S01011421,R S T U. Other,9,0,9
S01011421,Never worked,30,10,20
S01011422,All people aged 16 to 74 not in employment,237,103,134
S01011422,A B D E. Agriculture energy and water,6,4,2
S01011422,C. Manufacturing,37,20,17
S01011422,F. Construction,19,17,2
S01011422,G I. Distribution hotels and restaurants,40,17,23
S01011422,H J. Transport and communication,7,3,4
S01011422,K L M N. Financial real estate professional and administrative activities,19,8,11
S01011422,O P Q. Public administration education and health,55,11,44
S01011422,R S T U. Other,11,4,7
S01011422,Never worked,43,19,24
S01011423,All people aged 16 to 74 not in employment,210,90,120
S01011423,A B D E. Agriculture energy and water,5,4,1
S01011423,C. Manufacturing,37,15,22
S01011423,F. Construction,19,17,2
S01011423,G I. Distribution hotels and restaurants,40,17,23
S01011423,H J. Transport and communication,11,4,7
S01011423,K L M N. Financial real estate professional and administrative activities,21,11,10
S01011423,O P Q. Public administration education and health,22,3,19
S01011423,R S T U. Other,4,0,4
S01011423,Never worked,51,19,32
S01011424,All people aged 16 to 74 not in employment,160,66,94
S01011424,A B D E. Agriculture energy and water,2,2,0
S01011424,C. Manufacturing,34,18,16
S01011424,F. Construction,17,15,2
S01011424,G I. Distribution hotels and restaurants,37,12,25
S01011424,H J. Transport and communication,3,2,1
S01011424,K L M N. Financial real estate professional and administrative activities,13,5,8
S01011424,O P Q. Public administration education and health,28,4,24
S01011424,R S T U. Other,6,2,4
S01011424,Never worked,20,6,14
S01011425,All people aged 16 to 74 not in employment,306,129,177
S01011425,A B D E. Agriculture energy and water,9,7,2
S01011425,C. Manufacturing,47,26,21
S01011425,F. Construction,25,23,2
S01011425,G I. Distribution hotels and restaurants,58,23,35
S01011425,H J. Transport and communication,11,4,7
S01011425,K L M N. Financial real estate professional and administrative activities,23,10,13
S01011425,O P Q. Public administration education and health,58,7,51
S01011425,R S T U. Other,12,2,10
S01011425,Never worked,63,27,36
S01011426,All people aged 16 to 74 not in employment,180,77,103
S01011426,A B D E. Agriculture energy and water,12,7,5
S01011426,C. Manufacturing,22,15,7
S01011426,F. Construction,6,6,0
S01011426,G I. Distribution hotels and restaurants,40,16,24
S01011426,H J. Transport and communication,15,7,8
S01011426,K L M N. Financial real estate professional and administrative activities,11,6,5
S01011426,O P Q. Public administration education and health,38,7,31
S01011426,R S T U. Other,6,1,5
S01011426,Never worked,30,12,18
S01011427,All people aged 16 to 74 not in employment,231,100,131
S01011427,A B D E. Agriculture energy and water,6,5,1
S01011427,C. Manufacturing,32,13,19
S01011427,F. Construction,28,24,4
S01011427,G I. Distribution hotels and restaurants,48,22,26
S01011427,H J. Transport and communication,10,1,9
S01011427,K L M N. Financial real estate professional and administrative activities,19,9,10
S01011427,O P Q. Public administration education and health,42,8,34
S01011427,R S T U. Other,15,2,13
S01011427,Never worked,31,16,15
S01011428,All people aged 16 to 74 not in employment,150,68,82
S01011428,A B D E. Agriculture energy and water,7,5,2
S01011428,C. Manufacturing,26,18,8
S01011428,F. Construction,6,6,0
S01011428,G I. Distribution hotels and restaurants,29,12,17
S01011428,H J. Transport and communication,7,4,3
S01011428,K L M N. Financial real estate professional and administrative activities,11,6,5
S01011428,O P Q. Public administration education and health,40,8,32
S01011428,R S T U. Other,5,0,5
S01011428,Never worked,19,9,10
S01011429,All people aged 16 to 74 not in employment,550,470,80
S01011429,A B D E. Agriculture energy and water,18,18,0
S01011429,C. Manufacturing,60,53,7
S01011429,F. Construction,116,115,1
S01011429,G I. Distribution hotels and restaurants,85,78,7
S01011429,H J. Transport and communication,39,35,4
S01011429,K L M N. Financial real estate professional and administrative activities,33,28,5
S01011429,O P Q. Public administration education and health,55,25,30
S01011429,R S T U. Other,9,5,4
S01011429,Never worked,135,113,22
S01011430,All people aged 16 to 74 not in employment,201,88,113
S01011430,A B D E. Agriculture energy and water,5,4,1
S01011430,C. Manufacturing,33,20,13
S01011430,F. Construction,12,11,1
S01011430,G I. Distribution hotels and restaurants,30,9,21
S01011430,H J. Transport and communication,13,8,5
S01011430,K L M N. Financial real estate professional and administrative activities,14,9,5
S01011430,O P Q. Public administration education and health,49,9,40
S01011430,R S T U. Other,11,4,7
S01011430,Never worked,34,14,20
S01011431,All people aged 16 to 74 not in employment,327,138,189
S01011431,A B D E. Agriculture energy and water,16,10,6
S01011431,C. Manufacturing,58,34,24
S01011431,F. Construction,21,19,2
S01011431,G I. Distribution hotels and restaurants,42,17,25
S01011431,H J. Transport and communication,24,7,17
S01011431,K L M N. Financial real estate professional and administrative activities,28,11,17
S01011431,O P Q. Public administration education and health,73,19,54
S01011431,R S T U. Other,14,5,9
S01011431,Never worked,51,16,35
S01011432,All people aged 16 to 74 not in employment,337,150,187
S01011432,A B D E. Agriculture energy and water,14,10,4
S01011432,C. Manufacturing,73,41,32
S01011432,F. Construction,22,21,1
S01011432,G I. Distribution hotels and restaurants,69,29,40
S01011432,H J. Transport and communication,14,8,6
S01011432,K L M N. Financial real estate professional and administrative activities,22,8,14
S01011432,O P Q. Public administration education and health,63,11,52
S01011432,R S T U. Other,20,4,16
S01011432,Never worked,40,18,22
S01011433,All people aged 16 to 74 not in employment,291,122,169
S01011433,A B D E. Agriculture energy and water,4,4,0
S01011433,C. Manufacturing,52,22,30
S01011433,F. Construction,12,12,0
S01011433,G I. Distribution hotels and restaurants,56,26,30
S01011433,H J. Transport and communication,25,6,19
S01011433,K L M N. Financial real estate professional and administrative activities,13,5,8
S01011433,O P Q. Public administration education and health,46,12,34
S01011433,R S T U. Other,13,5,8
S01011433,Never worked,70,30,40
S01011434,All people aged 16 to 74 not in employment,151,63,88
S01011434,A B D E. Agriculture energy and water,6,4,2
S01011434,C. Manufacturing,29,12,17
S01011434,F. Construction,5,5,0
S01011434,G I. Distribution hotels and restaurants,25,14,11
S01011434,H J. Transport and communication,12,2,10
S01011434,K L M N. Financial real estate professional and administrative activities,16,6,10
S01011434,O P Q. Public administration education and health,36,13,23
S01011434,R S T U. Other,4,1,3
S01011434,Never worked,18,6,12
S01011435,All people aged 16 to 74 not in employment,212,88,124
S01011435,A B D E. Agriculture energy and water,5,4,1
S01011435,C. Manufacturing,28,16,12
S01011435,F. Construction,9,8,1
S01011435,G I. Distribution hotels and restaurants,36,20,16
S01011435,H J. Transport and communication,19,3,16
S01011435,K L M N. Financial real estate professional and administrative activities,18,7,11
S01011435,O P Q. Public administration education and health,51,15,36
S01011435,R S T U. Other,5,1,4
S01011435,Never worked,41,14,27
S01011436,All people aged 16 to 74 not in employment,228,115,113
S01011436,A B D E. Agriculture energy and water,7,7,0
S01011436,C. Manufacturing,33,18,15
S01011436,F. Construction,24,22,2
S01011436,G I. Distribution hotels and restaurants,46,25,21
S01011436,H J. Transport and communication,13,2,11
S01011436,K L M N. Financial real estate professional and administrative activities,18,9,9
S01011436,O P Q. Public administration education and health,41,12,29
S01011436,R S T U. Other,10,1,9
S01011436,Never worked,36,19,17
S01011437,All people aged 16 to 74 not in employment,241,109,132
S01011437,A B D E. Agriculture energy and water,5,5,0
S01011437,C. Manufacturing,34,17,17
S01011437,F. Construction,27,26,1
S01011437,G I. Distribution hotels and restaurants,41,21,20
S01011437,H J. Transport and communication,9,3,6
S01011437,K L M N. Financial real estate professional and administrative activities,23,7,16
S01011437,O P Q. Public administration education and health,50,14,36
S01011437,R S T U. Other,8,0,8
S01011437,Never worked,44,16,28
S01011438,All people aged 16 to 74 not in employment,197,90,107
S01011438,A B D E. Agriculture energy and water,5,4,1
S01011438,C. Manufacturing,44,16,28
S01011438,F. Construction,24,21,3
S01011438,G I. Distribution hotels and restaurants,27,15,12
S01011438,H J. Transport and communication,6,0,6
S01011438,K L M N. Financial real estate professional and administrative activities,13,5,8
S01011438,O P Q. Public administration education and health,29,4,25
S01011438,R S T U. Other,3,1,2
S01011438,Never worked,46,24,22
S01011439,All people aged 16 to 74 not in employment,262,123,139
S01011439,A B D E. Agriculture energy and water,6,5,1
S01011439,C. Manufacturing,43,24,19
S01011439,F. Construction,19,18,1
S01011439,G I. Distribution hotels and restaurants,43,23,20
S01011439,H J. Transport and communication,12,3,9
S01011439,K L M N. Financial real estate professional and administrative activities,22,10,12
S01011439,O P Q. Public administration education and health,65,13,52
S01011439,R S T U. Other,3,1,2
S01011439,Never worked,49,26,23
S01011440,All people aged 16 to 74 not in employment,183,76,107
S01011440,A B D E. Agriculture energy and water,7,5,2
S01011440,C. Manufacturing,46,23,23
S01011440,F. Construction,14,14,0
S01011440,G I. Distribution hotels and restaurants,44,17,27
S01011440,H J. Transport and communication,15,3,12
S01011440,K L M N. Financial real estate professional and administrative activities,7,3,4
S01011440,O P Q. Public administration education and health,26,3,23
S01011440,R S T U. Other,7,2,5
S01011440,Never worked,17,6,11
S01011441,All people aged 16 to 74 not in employment,249,117,132
S01011441,A B D E. Agriculture energy and water,7,6,1
S01011441,C. Manufacturing,57,21,36
S01011441,F. Construction,20,19,1
S01011441,G I. Distribution hotels and restaurants,61,27,34
S01011441,H J. Transport and communication,14,5,9
S01011441,K L M N. Financial real estate professional and administrative activities,14,7,7
S01011441,O P Q. Public administration education and health,23,5,18
S01011441,R S T U. Other,10,2,8
S01011441,Never worked,43,25,18
S01011442,All people aged 16 to 74 not in employment,212,94,118
S01011442,A B D E. Agriculture energy and water,8,8,0
S01011442,C. Manufacturing,37,14,23
S01011442,F. Construction,18,17,1
S01011442,G I. Distribution hotels and restaurants,44,18,26
S01011442,H J. Transport and communication,20,7,13
S01011442,K L M N. Financial real estate professional and administrative activities,15,7,8
S01011442,O P Q. Public administration education and health,26,5,21
S01011442,R S T U. Other,8,3,5
S01011442,Never worked,36,15,21
S01011443,All people aged 16 to 74 not in employment,210,91,119
S01011443,A B D E. Agriculture energy and water,7,6,1
S01011443,C. Manufacturing,45,18,27
S01011443,F. Construction,17,15,2
S01011443,G I. Distribution hotels and restaurants,39,19,20
S01011443,H J. Transport and communication,18,3,15
S01011443,K L M N. Financial real estate professional and administrative activities,19,9,10
S01011443,O P Q. Public administration education and health,26,7,19
S01011443,R S T U. Other,7,1,6
S01011443,Never worked,32,13,19
S01011444,All people aged 16 to 74 not in employment,281,124,157
S01011444,A B D E. Agriculture energy and water,10,8,2
S01011444,C. Manufacturing,71,35,36
S01011444,F. Construction,13,12,1
S01011444,G I. Distribution hotels and restaurants,52,30,22
S01011444,H J. Transport and communication,23,6,17
S01011444,K L M N. Financial real estate professional and administrative activities,17,6,11
S01011444,O P Q. Public administration education and health,47,11,36
S01011444,R S T U. Other,7,0,7
S01011444,Never worked,41,16,25
S01011445,All people aged 16 to 74 not in employment,154,60,94
S01011445,A B D E. Agriculture energy and water,7,4,3
S01011445,C. Manufacturing,36,15,21
S01011445,F. Construction,17,15,2
S01011445,G I. Distribution hotels and restaurants,27,11,16
S01011445,H J. Transport and communication,9,3,6
S01011445,K L M N. Financial real estate professional and administrative activities,13,4,9
S01011445,O P Q. Public administration education and health,23,2,21
S01011445,R S T U. Other,5,0,5
S01011445,Never worked,17,6,11
S01011446,All people aged 16 to 74 not in employment,133,49,84
S01011446,A B D E. Agriculture energy and water,5,3,2
S01011446,C. Manufacturing,13,7,6
S01011446,F. Construction,6,5,1
S01011446,G I. Distribution hotels and restaurants,30,15,15
S01011446,H J. Transport and communication,13,3,10
S01011446,K L M N. Financial real estate professional and administrative activities,15,3,12
S01011446,O P Q. Public administration education and health,27,4,23
S01011446,R S T U. Other,2,1,1
S01011446,Never worked,22,8,14
S01011447,All people aged 16 to 74 not in employment,251,94,157
S01011447,A B D E. Agriculture energy and water,7,2,5
S01011447,C. Manufacturing,34,11,23
S01011447,F. Construction,22,21,1
S01011447,G I. Distribution hotels and restaurants,52,25,27
S01011447,H J. Transport and communication,14,0,14
S01011447,K L M N. Financial real estate professional and administrative activities,23,8,15
S01011447,O P Q. Public administration education and health,38,4,34
S01011447,R S T U. Other,10,4,6
S01011447,Never worked,51,19,32
S01011448,All people aged 16 to 74 not in employment,230,100,130
S01011448,A B D E. Agriculture energy and water,2,1,1
S01011448,C. Manufacturing,27,19,8
S01011448,F. Construction,22,19,3
S01011448,G I. Distribution hotels and restaurants,43,17,26
S01011448,H J. Transport and communication,15,4,11
S01011448,K L M N. Financial real estate professional and administrative activities,13,5,8
S01011448,O P Q. Public administration education and health,56,13,43
S01011448,R S T U. Other,10,4,6
S01011448,Never worked,42,18,24
S01011449,All people aged 16 to 74 not in employment,168,74,94
S01011449,A B D E. Agriculture energy and water,5,4,1
S01011449,C. Manufacturing,32,12,20
S01011449,F. Construction,18,16,2
S01011449,G I. Distribution hotels and restaurants,35,17,18
S01011449,H J. Transport and communication,9,3,6
S01011449,K L M N. Financial real estate professional and administrative activities,10,4,6
S01011449,O P Q. Public administration education and health,27,4,23
S01011449,R S T U. Other,6,4,2
S01011449,Never worked,26,10,16
S01011450,All people aged 16 to 74 not in employment,156,55,101
S01011450,A B D E. Agriculture energy and water,4,3,1
S01011450,C. Manufacturing,30,15,15
S01011450,F. Construction,6,4,2
S01011450,G I. Distribution hotels and restaurants,28,11,17
S01011450,H J. Transport and communication,10,2,8
S01011450,K L M N. Financial real estate professional and administrative activities,13,5,8
S01011450,O P Q. Public administration education and health,28,6,22
S01011450,R S T U. Other,4,2,2
S01011450,Never worked,33,7,26
S01011451,All people aged 16 to 74 not in employment,153,69,84
S01011451,A B D E. Agriculture energy and water,1,0,1
S01011451,C. Manufacturing,9,4,5
S01011451,F. Construction,12,8,4
S01011451,G I. Distribution hotels and restaurants,32,13,19
S01011451,H J. Transport and communication,12,3,9
S01011451,K L M N. Financial real estate professional and administrative activities,11,3,8
S01011451,O P Q. Public administration education and health,14,3,11
S01011451,R S T U. Other,8,6,2
S01011451,Never worked,54,29,25
S01011452,All people aged 16 to 74 not in employment,220,104,116
S01011452,A B D E. Agriculture energy and water,3,2,1
S01011452,C. Manufacturing,34,15,19
S01011452,F. Construction,17,15,2
S01011452,G I. Distribution hotels and restaurants,45,23,22
S01011452,H J. Transport and communication,15,6,9
S01011452,K L M N. Financial real estate professional and administrative activities,11,7,4
S01011452,O P Q. Public administration education and health,51,16,35
S01011452,R S T U. Other,6,2,4
S01011452,Never worked,38,18,20
S01011453,All people aged 16 to 74 not in employment,205,92,113
S01011453,A B D E. Agriculture energy and water,4,3,1
S01011453,C. Manufacturing,37,23,14
S01011453,F. Construction,14,12,2
S01011453,G I. Distribution hotels and restaurants,46,22,24
S01011453,H J. Transport and communication,11,4,7
S01011453,K L M N. Financial real estate professional and administrative activities,14,4,10
S01011453,O P Q. Public administration education and health,31,8,23
S01011453,R S T U. Other,11,1,10
S01011453,Never worked,37,15,22
S01011454,All people aged 16 to 74 not in employment,228,100,128
S01011454,A B D E. Agriculture energy and water,3,1,2
S01011454,C. Manufacturing,36,18,18
S01011454,F. Construction,23,22,1
S01011454,G I. Distribution hotels and restaurants,39,12,27
S01011454,H J. Transport and communication,17,4,13
S01011454,K L M N. Financial real estate professional and administrative activities,21,8,13
S01011454,O P Q. Public administration education and health,40,9,31
S01011454,R S T U. Other,13,3,10
S01011454,Never worked,36,23,13
S01011455,All people aged 16 to 74 not in employment,259,113,146
S01011455,A B D E. Agriculture energy and water,5,1,4
S01011455,C. Manufacturing,38,18,20
S01011455,F. Construction,20,19,1
S01011455,G I. Distribution hotels and restaurants,61,29,32
S01011455,H J. Transport and communication,18,3,15
S01011455,K L M N. Financial real estate professional and administrative activities,23,11,12
S01011455,O P Q. Public administration education and health,33,8,25
S01011455,R S T U. Other,9,4,5
S01011455,Never worked,52,20,32
S01011456,All people aged 16 to 74 not in employment,301,136,165
S01011456,A B D E. Agriculture energy and water,3,3,0
S01011456,C. Manufacturing,46,19,27
S01011456,F. Construction,21,20,1
S01011456,G I. Distribution hotels and restaurants,61,34,27
S01011456,H J. Transport and communication,24,5,19
S01011456,K L M N. Financial real estate professional and administrative activities,19,7,12
S01011456,O P Q. Public administration education and health,57,11,46
S01011456,R S T U. Other,11,5,6
S01011456,Never worked,59,32,27
S01011457,All people aged 16 to 74 not in employment,280,120,160
S01011457,A B D E. Agriculture energy and water,3,2,1
S01011457,C. Manufacturing,52,24,28
S01011457,F. Construction,16,16,0
S01011457,G I. Distribution hotels and restaurants,51,27,24
S01011457,H J. Transport and communication,22,4,18
S01011457,K L M N. Financial real estate professional and administrative activities,31,13,18
S01011457,O P Q. Public administration education and health,40,7,33
S01011457,R S T U. Other,11,6,5
S01011457,Never worked,54,21,33
S01011458,All people aged 16 to 74 not in employment,197,84,113
S01011458,A B D E. Agriculture energy and water,3,3,0
S01011458,C. Manufacturing,19,8,11
S01011458,F. Construction,14,14,0
S01011458,G I. Distribution hotels and restaurants,36,17,19
S01011458,H J. Transport and communication,11,4,7
S01011458,K L M N. Financial real estate professional and administrative activities,19,8,11
S01011458,O P Q. Public administration education and health,28,4,24
S01011458,R S T U. Other,8,5,3
S01011458,Never worked,59,21,38
S01011459,All people aged 16 to 74 not in employment,204,97,107
S01011459,A B D E. Agriculture energy and water,7,5,2
S01011459,C. Manufacturing,41,21,20
S01011459,F. Construction,12,10,2
S01011459,G I. Distribution hotels and restaurants,29,17,12
S01011459,H J. Transport and communication,11,4,7
S01011459,K L M N. Financial real estate professional and administrative activities,20,12,8
S01011459,O P Q. Public administration education and health,39,9,30
S01011459,R S T U. Other,10,3,7
S01011459,Never worked,35,16,19
S01011460,All people aged 16 to 74 not in employment,186,76,110
S01011460,A B D E. Agriculture energy and water,3,2,1
S01011460,C. Manufacturing,33,12,21
S01011460,F. Construction,10,8,2
S01011460,G I. Distribution hotels and restaurants,30,15,15
S01011460,H J. Transport and communication,15,3,12
S01011460,K L M N. Financial real estate professional and administrative activities,13,6,7
S01011460,O P Q. Public administration education and health,24,9,15
S01011460,R S T U. Other,10,2,8
S01011460,Never worked,48,19,29
S01011461,All people aged 16 to 74 not in employment,208,104,104
S01011461,A B D E. Agriculture energy and water,1,1,0
S01011461,C. Manufacturing,32,20,12
S01011461,F. Construction,10,7,3
S01011461,G I. Distribution hotels and restaurants,43,18,25
S01011461,H J. Transport and communication,18,11,7
S01011461,K L M N. Financial real estate professional and administrative activities,15,6,9
S01011461,O P Q. Public administration education and health,33,7,26
S01011461,R S T U. Other,7,3,4
S01011461,Never worked,49,31,18
S01011462,All people aged 16 to 74 not in employment,237,109,128
S01011462,A B D E. Agriculture energy and water,5,2,3
S01011462,C. Manufacturing,41,26,15
S01011462,F. Construction,17,15,2
S01011462,G I. Distribution hotels and restaurants,47,24,23
S01011462,H J. Transport and communication,15,3,12
S01011462,K L M N. Financial real estate professional and administrative activities,24,8,16
S01011462,O P Q. Public administration education and health,47,8,39
S01011462,R S T U. Other,9,5,4
S01011462,Never worked,32,18,14
S01011463,All people aged 16 to 74 not in employment,173,77,96
S01011463,A B D E. Agriculture energy and water,3,1,2
S01011463,C. Manufacturing,34,16,18
S01011463,F. Construction,9,9,0
S01011463,G I. Distribution hotels and restaurants,48,18,30
S01011463,H J. Transport and communication,7,2,5
S01011463,K L M N. Financial real estate professional and administrative activities,11,5,6
S01011463,O P Q. Public administration education and health,29,7,22
S01011463,R S T U. Other,10,5,5
S01011463,Never worked,22,14,8
S01011464,All people aged 16 to 74 not in employment,87,34,53
S01011464,A B D E. Agriculture energy and water,0,0,0
S01011464,C. Manufacturing,9,2,7
S01011464,F. Construction,4,4,0
S01011464,G I. Distribution hotels and restaurants,19,7,12
S01011464,H J. Transport and communication,7,2,5
S01011464,K L M N. Financial real estate professional and administrative activities,9,4,5
S01011464,O P Q. Public administration education and health,9,0,9
S01011464,R S T U. Other,7,2,5
S01011464,Never worked,23,13,10
S01011465,All people aged 16 to 74 not in employment,185,79,106
S01011465,A B D E. Agriculture energy and water,3,2,1
S01011465,C. Manufacturing,47,20,27
S01011465,F. Construction,5,5,0
S01011465,G I. Distribution hotels and restaurants,38,13,25
S01011465,H J. Transport and communication,4,0,4
S01011465,K L M N. Financial real estate professional and administrative activities,14,8,6
S01011465,O P Q. Public administration education and health,23,8,15
S01011465,R S T U. Other,4,2,2
S01011465,Never worked,47,21,26
S01011466,All people aged 16 to 74 not in employment,210,97,113
S01011466,A B D E. Agriculture energy and water,5,2,3
S01011466,C. Manufacturing,49,23,26
S01011466,F. Construction,19,14,5
S01011466,G I. Distribution hotels and restaurants,33,18,15
S01011466,H J. Transport and communication,19,10,9
S01011466,K L M N. Financial real estate professional and administrative activities,16,10,6
S01011466,O P Q. Public administration education and health,28,8,20
S01011466,R S T U. Other,8,3,5
S01011466,Never worked,33,9,24
S01011467,All people aged 16 to 74 not in employment,142,62,80
S01011467,A B D E. Agriculture energy and water,1,1,0
S01011467,C. Manufacturing,23,11,12
S01011467,F. Construction,13,9,4
S01011467,G I. Distribution hotels and restaurants,23,5,18
S01011467,H J. Transport and communication,12,5,7
S01011467,K L M N. Financial real estate professional and administrative activities,11,5,6
S01011467,O P Q. Public administration education and health,22,6,16
S01011467,R S T U. Other,8,4,4
S01011467,Never worked,29,16,13
S01011468,All people aged 16 to 74 not in employment,95,35,60
S01011468,A B D E. Agriculture energy and water,4,0,4
S01011468,C. Manufacturing,8,5,3
S01011468,F. Construction,6,6,0
S01011468,G I. Distribution hotels and restaurants,13,3,10
S01011468,H J. Transport and communication,8,0,8
S01011468,K L M N. Financial real estate professional and administrative activities,12,3,9
S01011468,O P Q. Public administration education and health,7,1,6
S01011468,R S T U. Other,3,2,1
S01011468,Never worked,34,15,19
S01011469,All people aged 16 to 74 not in employment,267,128,139
S01011469,A B D E. Agriculture energy and water,3,1,2
S01011469,C. Manufacturing,32,19,13
S01011469,F. Construction,20,19,1
S01011469,G I. Distribution hotels and restaurants,41,22,19
S01011469,H J. Transport and communication,23,7,16
S01011469,K L M N. Financial real estate professional and administrative activities,25,10,15
S01011469,O P Q. Public administration education and health,26,8,18
S01011469,R S T U. Other,9,5,4
S01011469,Never worked,88,37,51
S01011470,All people aged 16 to 74 not in employment,341,148,193
S01011470,A B D E. Agriculture energy and water,4,3,1
S01011470,C. Manufacturing,61,37,24
S01011470,F. Construction,21,19,2
S01011470,G I. Distribution hotels and restaurants,65,23,42
S01011470,H J. Transport and communication,26,6,20
S01011470,K L M N. Financial real estate professional and administrative activities,31,13,18
S01011470,O P Q. Public administration education and health,65,15,50
S01011470,R S T U. Other,5,1,4
S01011470,Never worked,63,31,32
S01011471,All people aged 16 to 74 not in employment,274,120,154
S01011471,A B D E. Agriculture energy and water,6,4,2
S01011471,C. Manufacturing,47,26,21
S01011471,F. Construction,31,27,4
S01011471,G I. Distribution hotels and restaurants,61,27,34
S01011471,H J. Transport and communication,19,5,14
S01011471,K L M N. Financial real estate professional and administrative activities,19,13,6
S01011471,O P Q. Public administration education and health,62,10,52
S01011471,R S T U. Other,7,0,7
S01011471,Never worked,22,8,14
S01011472,All people aged 16 to 74 not in employment,352,198,154
S01011472,A B D E. Agriculture energy and water,3,3,0
S01011472,C. Manufacturing,45,36,9
S01011472,F. Construction,49,47,2
S01011472,G I. Distribution hotels and restaurants,75,42,33
S01011472,H J. Transport and communication,22,8,14
S01011472,K L M N. Financial real estate professional and administrative activities,33,15,18
S01011472,O P Q. Public administration education and health,64,8,56
S01011472,R S T U. Other,14,6,8
S01011472,Never worked,47,33,14
S01011473,All people aged 16 to 74 not in employment,275,131,144
S01011473,A B D E. Agriculture energy and water,4,4,0
S01011473,C. Manufacturing,47,28,19
S01011473,F. Construction,22,19,3
S01011473,G I. Distribution hotels and restaurants,59,31,28
S01011473,H J. Transport and communication,18,4,14
S01011473,K L M N. Financial real estate professional and administrative activities,34,14,20
S01011473,O P Q. Public administration education and health,45,10,35
S01011473,R S T U. Other,13,5,8
S01011473,Never worked,33,16,17
S01011474,All people aged 16 to 74 not in employment,300,128,172
S01011474,A B D E. Agriculture energy and water,1,0,1
S01011474,C. Manufacturing,37,19,18
S01011474,F. Construction,26,25,1
S01011474,G I. Distribution hotels and restaurants,60,27,33
S01011474,H J. Transport and communication,17,4,13
S01011474,K L M N. Financial real estate professional and administrative activities,32,13,19
S01011474,O P Q. Public administration education and health,73,21,52
S01011474,R S T U. Other,20,6,14
S01011474,Never worked,34,13,21
S01011475,All people aged 16 to 74 not in employment,218,105,113
S01011475,A B D E. Agriculture energy and water,6,5,1
S01011475,C. Manufacturing,33,21,12
S01011475,F. Construction,21,19,2
S01011475,G I. Distribution hotels and restaurants,45,28,17
S01011475,H J. Transport and communication,19,3,16
S01011475,K L M N. Financial real estate professional and administrative activities,20,5,15
S01011475,O P Q. Public administration education and health,39,10,29
S01011475,R S T U. Other,13,3,10
S01011475,Never worked,22,11,11
S01011476,All people aged 16 to 74 not in employment,106,55,51
S01011476,A B D E. Agriculture energy and water,0,0,0
S01011476,C. Manufacturing,17,12,5
S01011476,F. Construction,6,4,2
S01011476,G I. Distribution hotels and restaurants,19,8,11
S01011476,H J. Transport and communication,2,2,0
S01011476,K L M N. Financial real estate professional and administrative activities,13,9,4
S01011476,O P Q. Public administration education and health,34,10,24
S01011476,R S T U. Other,2,2,0
S01011476,Never worked,13,8,5
S01011477,All people aged 16 to 74 not in employment,247,114,133
S01011477,A B D E. Agriculture energy and water,10,5,5
S01011477,C. Manufacturing,35,26,9
S01011477,F. Construction,6,4,2
S01011477,G I. Distribution hotels and restaurants,43,21,22
S01011477,H J. Transport and communication,14,8,6
S01011477,K L M N. Financial real estate professional and administrative activities,29,11,18
S01011477,O P Q. Public administration education and health,69,19,50
S01011477,R S T U. Other,14,7,7
S01011477,Never worked,27,13,14
S01011478,All people aged 16 to 74 not in employment,219,89,130
S01011478,A B D E. Agriculture energy and water,4,1,3
S01011478,C. Manufacturing,24,13,11
S01011478,F. Construction,14,11,3
S01011478,G I. Distribution hotels and restaurants,33,10,23
S01011478,H J. Transport and communication,15,6,9
S01011478,K L M N. Financial real estate professional and administrative activities,21,8,13
S01011478,O P Q. Public administration education and health,68,17,51
S01011478,R S T U. Other,9,5,4
S01011478,Never worked,31,18,13
S01011479,All people aged 16 to 74 not in employment,211,95,116
S01011479,A B D E. Agriculture energy and water,5,1,4
S01011479,C. Manufacturing,28,18,10
S01011479,F. Construction,10,10,0
S01011479,G I. Distribution hotels and restaurants,37,11,26
S01011479,H J. Transport and communication,13,5,8
S01011479,K L M N. Financial real estate professional and administrative activities,21,13,8
S01011479,O P Q. Public administration education and health,61,20,41
S01011479,R S T U. Other,12,5,7
S01011479,Never worked,24,12,12
S01011480,All people aged 16 to 74 not in employment,200,71,129
S01011480,A B D E. Agriculture energy and water,4,3,1
S01011480,C. Manufacturing,15,7,8
S01011480,F. Construction,16,13,3
S01011480,G I. Distribution hotels and restaurants,36,10,26
S01011480,H J. Transport and communication,12,4,8
S01011480,K L M N. Financial real estate professional and administrative activities,28,8,20
S01011480,O P Q. Public administration education and health,55,14,41
S01011480,R S T U. Other,9,0,9
S01011480,Never worked,25,12,13
S01011481,All people aged 16 to 74 not in employment,151,61,90
S01011481,A B D E. Agriculture energy and water,6,3,3
S01011481,C. Manufacturing,19,9,10
S01011481,F. Construction,9,8,1
S01011481,G I. Distribution hotels and restaurants,34,18,16
S01011481,H J. Transport and communication,8,4,4
S01011481,K L M N. Financial real estate professional and administrative activities,10,1,9
S01011481,O P Q. Public administration education and health,32,5,27
S01011481,R S T U. Other,5,2,3
S01011481,Never worked,28,11,17
S01011482,All people aged 16 to 74 not in employment,298,134,164
S01011482,A B D E. Agriculture energy and water,7,6,1
S01011482,C. Manufacturing,49,25,24
S01011482,F. Construction,23,21,2
S01011482,G I. Distribution hotels and restaurants,57,24,33
S01011482,H J. Transport and communication,26,6,20
S01011482,K L M N. Financial real estate professional and administrative activities,25,10,15
S01011482,O P Q. Public administration education and health,59,21,38
S01011482,R S T U. Other,11,4,7
S01011482,Never worked,41,17,24
S01011483,All people aged 16 to 74 not in employment,130,57,73
S01011483,A B D E. Agriculture energy and water,3,3,0
S01011483,C. Manufacturing,14,7,7
S01011483,F. Construction,5,3,2
S01011483,G I. Distribution hotels and restaurants,25,15,10
S01011483,H J. Transport and communication,8,3,5
S01011483,K L M N. Financial real estate professional and administrative activities,6,2,4
S01011483,O P Q. Public administration education and health,40,10,30
S01011483,R S T U. Other,4,4,0
S01011483,Never worked,25,10,15
S01011484,All people aged 16 to 74 not in employment,289,123,166
S01011484,A B D E. Agriculture energy and water,6,4,2
S01011484,C. Manufacturing,52,25,27
S01011484,F. Construction,31,29,2
S01011484,G I. Distribution hotels and restaurants,36,12,24
S01011484,H J. Transport and communication,22,8,14
S01011484,K L M N. Financial real estate professional and administrative activities,28,11,17
S01011484,O P Q. Public administration education and health,43,7,36
S01011484,R S T U. Other,12,5,7
S01011484,Never worked,59,22,37
S01011485,All people aged 16 to 74 not in employment,365,158,207
S01011485,A B D E. Agriculture energy and water,5,1,4
S01011485,C. Manufacturing,62,33,29
S01011485,F. Construction,32,29,3
S01011485,G I. Distribution hotels and restaurants,66,30,36
S01011485,H J. Transport and communication,22,2,20
S01011485,K L M N. Financial real estate professional and administrative activities,30,11,19
S01011485,O P Q. Public administration education and health,58,16,42
S01011485,R S T U. Other,13,2,11
S01011485,Never worked,77,34,43
S01011486,All people aged 16 to 74 not in employment,208,79,129
S01011486,A B D E. Agriculture energy and water,8,6,2
S01011486,C. Manufacturing,35,15,20
S01011486,F. Construction,13,12,1
S01011486,G I. Distribution hotels and restaurants,41,17,24
S01011486,H J. Transport and communication,15,5,10
S01011486,K L M N. Financial real estate professional and administrative activities,19,2,17
S01011486,O P Q. Public administration education and health,33,7,26
S01011486,R S T U. Other,6,2,4
S01011486,Never worked,38,13,25
S01011487,All people aged 16 to 74 not in employment,322,140,182
S01011487,A B D E. Agriculture energy and water,7,7,0
S01011487,C. Manufacturing,32,16,16
S01011487,F. Construction,19,19,0
S01011487,G I. Distribution hotels and restaurants,74,30,44
S01011487,H J. Transport and communication,26,3,23
S01011487,K L M N. Financial real estate professional and administrative activities,26,10,16
S01011487,O P Q. Public administration education and health,36,9,27
S01011487,R S T U. Other,12,4,8
S01011487,Never worked,90,42,48
S01011488,All people aged 16 to 74 not in employment,245,116,129
S01011488,A B D E. Agriculture energy and water,4,4,0
S01011488,C. Manufacturing,49,29,20
S01011488,F. Construction,21,19,2
S01011488,G I. Distribution hotels and restaurants,33,21,12
S01011488,H J. Transport and communication,22,4,18
S01011488,K L M N. Financial real estate professional and administrative activities,18,11,7
S01011488,O P Q. Public administration education and health,36,3,33
S01011488,R S T U. Other,8,4,4
S01011488,Never worked,54,21,33
S01011489,All people aged 16 to 74 not in employment,115,57,58
S01011489,A B D E. Agriculture energy and water,0,0,0
S01011489,C. Manufacturing,12,8,4
S01011489,F. Construction,6,4,2
S01011489,G I. Distribution hotels and restaurants,17,6,11
S01011489,H J. Transport and communication,7,2,5
S01011489,K L M N. Financial real estate professional and administrative activities,10,3,7
S01011489,O P Q. Public administration education and health,17,5,12
S01011489,R S T U. Other,8,4,4
S01011489,Never worked,38,25,13
S01011490,All people aged 16 to 74 not in employment,270,118,152
S01011490,A B D E. Agriculture energy and water,1,1,0
S01011490,C. Manufacturing,58,26,32
S01011490,F. Construction,31,30,1
S01011490,G I. Distribution hotels and restaurants,47,18,29
S01011490,H J. Transport and communication,15,3,12
S01011490,K L M N. Financial real estate professional and administrative activities,26,8,18
S01011490,O P Q. Public administration education and health,46,13,33
S01011490,R S T U. Other,7,2,5
S01011490,Never worked,39,17,22
S01011491,All people aged 16 to 74 not in employment,175,81,94
S01011491,A B D E. Agriculture energy and water,3,1,2
S01011491,C. Manufacturing,31,18,13
S01011491,F. Construction,10,10,0
S01011491,G I. Distribution hotels and restaurants,28,15,13
S01011491,H J. Transport and communication,13,3,10
S01011491,K L M N. Financial real estate professional and administrative activities,22,11,11
S01011491,O P Q. Public administration education and health,27,10,17
S01011491,R S T U. Other,7,1,6
S01011491,Never worked,34,12,22
S01011492,All people aged 16 to 74 not in employment,232,108,124
S01011492,A B D E. Agriculture energy and water,2,0,2
S01011492,C. Manufacturing,36,15,21
S01011492,F. Construction,17,17,0
S01011492,G I. Distribution hotels and restaurants,48,27,21
S01011492,H J. Transport and communication,17,6,11
S01011492,K L M N. Financial real estate professional and administrative activities,28,19,9
S01011492,O P Q. Public administration education and health,25,5,20
S01011492,R S T U. Other,7,2,5
S01011492,Never worked,52,17,35
S01011493,All people aged 16 to 74 not in employment,66,25,41
S01011493,A B D E. Agriculture energy and water,1,1,0
S01011493,C. Manufacturing,9,5,4
S01011493,F. Construction,4,4,0
S01011493,G I. Distribution hotels and restaurants,11,5,6
S01011493,H J. Transport and communication,5,1,4
S01011493,K L M N. Financial real estate professional and administrative activities,7,1,6
S01011493,O P Q. Public administration education and health,8,1,7
S01011493,R S T U. Other,3,0,3
S01011493,Never worked,18,7,11
S01011494,All people aged 16 to 74 not in employment,206,95,111
S01011494,A B D E. Agriculture energy and water,5,4,1
S01011494,C. Manufacturing,33,20,13
S01011494,F. Construction,25,20,5
S01011494,G I. Distribution hotels and restaurants,31,13,18
S01011494,H J. Transport and communication,11,4,7
S01011494,K L M N. Financial real estate professional and administrative activities,17,5,12
S01011494,O P Q. Public administration education and health,37,10,27
S01011494,R S T U. Other,10,4,6
S01011494,Never worked,37,15,22
S01011495,All people aged 16 to 74 not in employment,277,132,145
S01011495,A B D E. Agriculture energy and water,6,2,4
S01011495,C. Manufacturing,36,22,14
S01011495,F. Construction,28,24,4
S01011495,G I. Distribution hotels and restaurants,48,25,23
S01011495,H J. Transport and communication,12,5,7
S01011495,K L M N. Financial real estate professional and administrative activities,29,13,16
S01011495,O P Q. Public administration education and health,46,13,33
S01011495,R S T U. Other,13,4,9
S01011495,Never worked,59,24,35
S01011496,All people aged 16 to 74 not in employment,213,79,134
S01011496,A B D E. Agriculture energy and water,3,1,2
S01011496,C. Manufacturing,26,12,14
S01011496,F. Construction,16,16,0
S01011496,G I. Distribution hotels and restaurants,52,18,34
S01011496,H J. Transport and communication,10,4,6
S01011496,K L M N. Financial real estate professional and administrative activities,19,7,12
S01011496,O P Q. Public administration education and health,36,7,29
S01011496,R S T U. Other,8,0,8
S01011496,Never worked,43,14,29
S01011497,All people aged 16 to 74 not in employment,125,56,69
S01011497,A B D E. Agriculture energy and water,0,0,0
S01011497,C. Manufacturing,15,6,9
S01011497,F. Construction,14,13,1
S01011497,G I. Distribution hotels and restaurants,14,5,9
S01011497,H J. Transport and communication,7,2,5
S01011497,K L M N. Financial real estate professional and administrative activities,11,4,7
S01011497,O P Q. Public administration education and health,24,8,16
S01011497,R S T U. Other,5,1,4
S01011497,Never worked,35,17,18
S01011498,All people aged 16 to 74 not in employment,112,48,64
S01011498,A B D E. Agriculture energy and water,1,1,0
S01011498,C. Manufacturing,13,4,9
S01011498,F. Construction,5,4,1
S01011498,G I. Distribution hotels and restaurants,23,10,13
S01011498,H J. Transport and communication,6,1,5
S01011498,K L M N. Financial real estate professional and administrative activities,10,5,5
S01011498,O P Q. Public administration education and health,20,3,17
S01011498,R S T U. Other,1,0,1
S01011498,Never worked,33,20,13
S01011499,All people aged 16 to 74 not in employment,168,73,95
S01011499,A B D E. Agriculture energy and water,5,3,2
S01011499,C. Manufacturing,28,15,13
S01011499,F. Construction,16,14,2
S01011499,G I. Distribution hotels and restaurants,24,15,9
S01011499,H J. Transport and communication,20,4,16
S01011499,K L M N. Financial real estate professional and administrative activities,13,3,10
S01011499,O P Q. Public administration education and health,24,4,20
S01011499,R S T U. Other,7,3,4
S01011499,Never worked,31,12,19
S01011500,All people aged 16 to 74 not in employment,132,65,67
S01011500,A B D E. Agriculture energy and water,5,3,2
S01011500,C. Manufacturing,22,15,7
S01011500,F. Construction,8,8,0
S01011500,G I. Distribution hotels and restaurants,27,12,15
S01011500,H J. Transport and communication,13,4,9
S01011500,K L M N. Financial real estate professional and administrative activities,11,5,6
S01011500,O P Q. Public administration education and health,22,6,16
S01011500,R S T U. Other,5,1,4
S01011500,Never worked,19,11,8
S01011501,All people aged 16 to 74 not in employment,231,104,127
S01011501,A B D E. Agriculture energy and water,3,2,1
S01011501,C. Manufacturing,64,29,35
S01011501,F. Construction,18,17,1
S01011501,G I. Distribution hotels and restaurants,34,23,11
S01011501,H J. Transport and communication,20,2,18
S01011501,K L M N. Financial real estate professional and administrative activities,19,5,14
S01011501,O P Q. Public administration education and health,28,7,21
S01011501,R S T U. Other,9,0,9
S01011501,Never worked,36,19,17
S01011502,All people aged 16 to 74 not in employment,213,86,127
S01011502,A B D E. Agriculture energy and water,1,0,1
S01011502,C. Manufacturing,56,27,29
S01011502,F. Construction,10,7,3
S01011502,G I. Distribution hotels and restaurants,51,24,27
S01011502,H J. Transport and communication,13,3,10
S01011502,K L M N. Financial real estate professional and administrative activities,20,8,12
S01011502,O P Q. Public administration education and health,24,4,20
S01011502,R S T U. Other,5,1,4
S01011502,Never worked,33,12,21
S01011503,All people aged 16 to 74 not in employment,195,82,113
S01011503,A B D E. Agriculture energy and water,3,2,1
S01011503,C. Manufacturing,39,17,22
S01011503,F. Construction,17,16,1
S01011503,G I. Distribution hotels and restaurants,40,20,20
S01011503,H J. Transport and communication,12,2,10
S01011503,K L M N. Financial real estate professional and administrative activities,16,3,13
S01011503,O P Q. Public administration education and health,29,6,23
S01011503,R S T U. Other,3,1,2
S01011503,Never worked,36,15,21
S01011504,All people aged 16 to 74 not in employment,179,74,105
S01011504,A B D E. Agriculture energy and water,3,1,2
S01011504,C. Manufacturing,34,15,19
S01011504,F. Construction,9,8,1
S01011504,G I. Distribution hotels and restaurants,37,17,20
S01011504,H J. Transport and communication,15,3,12
S01011504,K L M N. Financial real estate professional and administrative activities,17,8,9
S01011504,O P Q. Public administration education and health,27,6,21
S01011504,R S T U. Other,8,1,7
S01011504,Never worked,29,15,14
S01011505,All people aged 16 to 74 not in employment,218,103,115
S01011505,A B D E. Agriculture energy and water,4,1,3
S01011505,C. Manufacturing,39,24,15
S01011505,F. Construction,22,20,2
S01011505,G I. Distribution hotels and restaurants,37,18,19
S01011505,H J. Transport and communication,18,4,14
S01011505,K L M N. Financial real estate professional and administrative activities,17,10,7
S01011505,O P Q. Public administration education and health,31,8,23
S01011505,R S T U. Other,13,4,9
S01011505,Never worked,37,14,23
S01011506,All people aged 16 to 74 not in employment,138,54,84
S01011506,A B D E. Agriculture energy and water,0,0,0
S01011506,C. Manufacturing,25,14,11
S01011506,F. Construction,13,12,1
S01011506,G I. Distribution hotels and restaurants,29,9,20
S01011506,H J. Transport and communication,5,1,4
S01011506,K L M N. Financial real estate professional and administrative activities,12,4,8
S01011506,O P Q. Public administration education and health,23,4,19
S01011506,R S T U. Other,5,2,3
S01011506,Never worked,26,8,18
S01011507,All people aged 16 to 74 not in employment,185,78,107
S01011507,A B D E. Agriculture energy and water,3,2,1
S01011507,C. Manufacturing,31,14,17
S01011507,F. Construction,18,14,4
S01011507,G I. Distribution hotels and restaurants,42,17,25
S01011507,H J. Transport and communication,8,3,5
S01011507,K L M N. Financial real estate professional and administrative activities,16,7,9
S01011507,O P Q. Public administration education and health,20,6,14
S01011507,R S T U. Other,6,3,3
S01011507,Never worked,41,12,29
S01011508,All people aged 16 to 74 not in employment,227,110,117
S01011508,A B D E. Agriculture energy and water,2,2,0
S01011508,C. Manufacturing,40,22,18
S01011508,F. Construction,16,16,0
S01011508,G I. Distribution hotels and restaurants,46,22,24
S01011508,H J. Transport and communication,24,11,13
S01011508,K L M N. Financial real estate professional and administrative activities,17,5,12
S01011508,O P Q. Public administration education and health,31,6,25
S01011508,R S T U. Other,12,7,5
S01011508,Never worked,39,19,20
S01011509,All people aged 16 to 74 not in employment,169,65,104
S01011509,A B D E. Agriculture energy and water,4,4,0
S01011509,C. Manufacturing,28,9,19
S01011509,F. Construction,9,8,1
S01011509,G I. Distribution hotels and restaurants,29,12,17
S01011509,H J. Transport and communication,7,2,5
S01011509,K L M N. Financial real estate professional and administrative activities,17,6,11
S01011509,O P Q. Public administration education and health,34,9,25
S01011509,R S T U. Other,3,2,1
S01011509,Never worked,38,13,25
S01011510,All people aged 16 to 74 not in employment,348,149,199
S01011510,A B D E. Agriculture energy and water,6,2,4
S01011510,C. Manufacturing,63,31,32
S01011510,F. Construction,24,24,0
S01011510,G I. Distribution hotels and restaurants,61,22,39
S01011510,H J. Transport and communication,25,9,16
S01011510,K L M N. Financial real estate professional and administrative activities,34,21,13
S01011510,O P Q. Public administration education and health,47,10,37
S01011510,R S T U. Other,18,4,14
S01011510,Never worked,70,26,44
S01011511,All people aged 16 to 74 not in employment,183,97,86
S01011511,A B D E. Agriculture energy and water,4,4,0
S01011511,C. Manufacturing,38,25,13
S01011511,F. Construction,17,15,2
S01011511,G I. Distribution hotels and restaurants,35,19,16
S01011511,H J. Transport and communication,18,6,12
S01011511,K L M N. Financial real estate professional and administrative activities,20,8,12
S01011511,O P Q. Public administration education and health,20,3,17
S01011511,R S T U. Other,10,7,3
S01011511,Never worked,21,10,11
S01011512,All people aged 16 to 74 not in employment,359,151,208
S01011512,A B D E. Agriculture energy and water,8,5,3
S01011512,C. Manufacturing,60,33,27
S01011512,F. Construction,27,26,1
S01011512,G I. Distribution hotels and restaurants,63,32,31
S01011512,H J. Transport and communication,42,15,27
S01011512,K L M N. Financial real estate professional and administrative activities,26,6,20
S01011512,O P Q. Public administration education and health,44,6,38
S01011512,R S T U. Other,20,7,13
S01011512,Never worked,69,21,48
S01011513,All people aged 16 to 74 not in employment,267,123,144
S01011513,A B D E. Agriculture energy and water,3,1,2
S01011513,C. Manufacturing,52,19,33
S01011513,F. Construction,31,29,2
S01011513,G I. Distribution hotels and restaurants,43,25,18
S01011513,H J. Transport and communication,21,5,16
S01011513,K L M N. Financial real estate professional and administrative activities,24,13,11
S01011513,O P Q. Public administration education and health,29,7,22
S01011513,R S T U. Other,11,2,9
S01011513,Never worked,53,22,31
S01011514,All people aged 16 to 74 not in employment,289,132,157
S01011514,A B D E. Agriculture energy and water,4,4,0
S01011514,C. Manufacturing,42,17,25
S01011514,F. Construction,26,26,0
S01011514,G I. Distribution hotels and restaurants,69,31,38
S01011514,H J. Transport and communication,13,5,8
S01011514,K L M N. Financial real estate professional and administrative activities,22,11,11
S01011514,O P Q. Public administration education and health,37,6,31
S01011514,R S T U. Other,11,6,5
S01011514,Never worked,65,26,39
S01011515,All people aged 16 to 74 not in employment,124,58,66
S01011515,A B D E. Agriculture energy and water,1,1,0
S01011515,C. Manufacturing,15,8,7
S01011515,F. Construction,5,5,0
S01011515,G I. Distribution hotels and restaurants,25,14,11
S01011515,H J. Transport and communication,10,3,7
S01011515,K L M N. Financial real estate professional and administrative activities,16,5,11
S01011515,O P Q. Public administration education and health,27,12,15
S01011515,R S T U. Other,3,2,1
S01011515,Never worked,22,8,14
S01011516,All people aged 16 to 74 not in employment,173,71,102
S01011516,A B D E. Agriculture energy and water,0,0,0
S01011516,C. Manufacturing,25,11,14
S01011516,F. Construction,4,3,1
S01011516,G I. Distribution hotels and restaurants,29,12,17
S01011516,H J. Transport and communication,14,2,12
S01011516,K L M N. Financial real estate professional and administrative activities,23,11,12
S01011516,O P Q. Public administration education and health,33,10,23
S01011516,R S T U. Other,10,6,4
S01011516,Never worked,35,16,19
S01011517,All people aged 16 to 74 not in employment,147,63,84
S01011517,A B D E. Agriculture energy and water,2,2,0
S01011517,C. Manufacturing,38,17,21
S01011517,F. Construction,15,14,1
S01011517,G I. Distribution hotels and restaurants,25,11,14
S01011517,H J. Transport and communication,10,3,7
S01011517,K L M N. Financial real estate professional and administrative activities,10,2,8
S01011517,O P Q. Public administration education and health,21,4,17
S01011517,R S T U. Other,6,2,4
S01011517,Never worked,20,8,12
S01011518,All people aged 16 to 74 not in employment,245,102,143
S01011518,A B D E. Agriculture energy and water,1,1,0
S01011518,C. Manufacturing,65,32,33
S01011518,F. Construction,18,15,3
S01011518,G I. Distribution hotels and restaurants,43,17,26
S01011518,H J. Transport and communication,11,3,8
S01011518,K L M N. Financial real estate professional and administrative activities,19,9,10
S01011518,O P Q. Public administration education and health,39,9,30
S01011518,R S T U. Other,12,1,11
S01011518,Never worked,37,15,22
S01011519,All people aged 16 to 74 not in employment,246,117,129
S01011519,A B D E. Agriculture energy and water,2,0,2
S01011519,C. Manufacturing,57,25,32
S01011519,F. Construction,23,20,3
S01011519,G I. Distribution hotels and restaurants,48,28,20
S01011519,H J. Transport and communication,20,7,13
S01011519,K L M N. Financial real estate professional and administrative activities,12,5,7
S01011519,O P Q. Public administration education and health,34,9,25
S01011519,R S T U. Other,8,3,5
S01011519,Never worked,42,20,22
S01011520,All people aged 16 to 74 not in employment,204,98,106
S01011520,A B D E. Agriculture energy and water,4,3,1
S01011520,C. Manufacturing,41,27,14
S01011520,F. Construction,11,9,2
S01011520,G I. Distribution hotels and restaurants,44,21,23
S01011520,H J. Transport and communication,19,6,13
S01011520,K L M N. Financial real estate professional and administrative activities,12,4,8
S01011520,O P Q. Public administration education and health,17,6,11
S01011520,R S T U. Other,6,5,1
S01011520,Never worked,50,17,33
S01011521,All people aged 16 to 74 not in employment,314,120,194
S01011521,A B D E. Agriculture energy and water,4,2,2
S01011521,C. Manufacturing,48,20,28
S01011521,F. Construction,17,15,2
S01011521,G I. Distribution hotels and restaurants,59,26,33
S01011521,H J. Transport and communication,27,6,21
S01011521,K L M N. Financial real estate professional and administrative activities,23,9,14
S01011521,O P Q. Public administration education and health,45,5,40
S01011521,R S T U. Other,21,9,12
S01011521,Never worked,70,28,42
S01011522,All people aged 16 to 74 not in employment,278,119,159
S01011522,A B D E. Agriculture energy and water,0,0,0
S01011522,C. Manufacturing,57,30,27
S01011522,F. Construction,19,16,3
S01011522,G I. Distribution hotels and restaurants,61,21,40
S01011522,H J. Transport and communication,18,8,10
S01011522,K L M N. Financial real estate professional and administrative activities,19,7,12
S01011522,O P Q. Public administration education and health,52,16,36
S01011522,R S T U. Other,13,7,6
S01011522,Never worked,39,14,25
S01011523,All people aged 16 to 74 not in employment,218,109,109
S01011523,A B D E. Agriculture energy and water,1,1,0
S01011523,C. Manufacturing,39,22,17
S01011523,F. Construction,20,16,4
S01011523,G I. Distribution hotels and restaurants,38,20,18
S01011523,H J. Transport and communication,26,9,17
S01011523,K L M N. Financial real estate professional and administrative activities,20,12,8
S01011523,O P Q. Public administration education and health,23,2,21
S01011523,R S T U. Other,11,4,7
S01011523,Never worked,40,23,17
S01011524,All people aged 16 to 74 not in employment,191,79,112
S01011524,A B D E. Agriculture energy and water,9,5,4
S01011524,C. Manufacturing,36,16,20
S01011524,F. Construction,15,13,2
S01011524,G I. Distribution hotels and restaurants,34,12,22
S01011524,H J. Transport and communication,14,6,8
S01011524,K L M N. Financial real estate professional and administrative activities,16,4,12
S01011524,O P Q. Public administration education and health,30,4,26
S01011524,R S T U. Other,8,7,1
S01011524,Never worked,29,12,17
S01011525,All people aged 16 to 74 not in employment,206,79,127
S01011525,A B D E. Agriculture energy and water,8,4,4
S01011525,C. Manufacturing,42,21,21
S01011525,F. Construction,9,7,2
S01011525,G I. Distribution hotels and restaurants,37,12,25
S01011525,H J. Transport and communication,4,2,2
S01011525,K L M N. Financial real estate professional and administrative activities,24,11,13
S01011525,O P Q. Public administration education and health,31,6,25
S01011525,R S T U. Other,6,1,5
S01011525,Never worked,45,15,30
S01011526,All people aged 16 to 74 not in employment,292,103,189
S01011526,A B D E. Agriculture energy and water,0,0,0
S01011526,C. Manufacturing,63,27,36
S01011526,F. Construction,21,19,2
S01011526,G I. Distribution hotels and restaurants,57,19,38
S01011526,H J. Transport and communication,19,5,14
S01011526,K L M N. Financial real estate professional and administrative activities,23,6,17
S01011526,O P Q. Public administration education and health,47,4,43
S01011526,R S T U. Other,14,4,10
S01011526,Never worked,48,19,29
S01011527,All people aged 16 to 74 not in employment,220,91,129
S01011527,A B D E. Agriculture energy and water,5,3,2
S01011527,C. Manufacturing,46,21,25
S01011527,F. Construction,14,14,0
S01011527,G I. Distribution hotels and restaurants,31,17,14
S01011527,H J. Transport and communication,9,1,8
S01011527,K L M N. Financial real estate professional and administrative activities,25,10,15
S01011527,O P Q. Public administration education and health,57,15,42
S01011527,R S T U. Other,5,0,5
S01011527,Never worked,28,10,18
S01011528,All people aged 16 to 74 not in employment,304,134,170
S01011528,A B D E. Agriculture energy and water,5,2,3
S01011528,C. Manufacturing,50,30,20
S01011528,F. Construction,29,26,3
S01011528,G I. Distribution hotels and restaurants,52,18,34
S01011528,H J. Transport and communication,20,5,15
S01011528,K L M N. Financial real estate professional and administrative activities,35,15,20
S01011528,O P Q. Public administration education and health,56,11,45
S01011528,R S T U. Other,10,5,5
S01011528,Never worked,47,22,25
S01011529,All people aged 16 to 74 not in employment,166,73,93
S01011529,A B D E. Agriculture energy and water,4,1,3
S01011529,C. Manufacturing,24,14,10
S01011529,F. Construction,13,11,2
S01011529,G I. Distribution hotels and restaurants,32,16,16
S01011529,H J. Transport and communication,16,7,9
S01011529,K L M N. Financial real estate professional and administrative activities,17,8,9
S01011529,O P Q. Public administration education and health,20,4,16
S01011529,R S T U. Other,14,3,11
S01011529,Never worked,26,9,17
S01011530,All people aged 16 to 74 not in employment,293,144,149
S01011530,A B D E. Agriculture energy and water,4,4,0
S01011530,C. Manufacturing,54,31,23
S01011530,F. Construction,23,21,2
S01011530,G I. Distribution hotels and restaurants,41,21,20
S01011530,H J. Transport and communication,15,1,14
S01011530,K L M N. Financial real estate professional and administrative activities,28,12,16
S01011530,O P Q. Public administration education and health,57,13,44
S01011530,R S T U. Other,15,7,8
S01011530,Never worked,56,34,22
S01011531,All people aged 16 to 74 not in employment,230,84,146
S01011531,A B D E. Agriculture energy and water,4,2,2
S01011531,C. Manufacturing,37,13,24
S01011531,F. Construction,18,16,2
S01011531,G I. Distribution hotels and restaurants,46,18,28
S01011531,H J. Transport and communication,13,5,8
S01011531,K L M N. Financial real estate professional and administrative activities,17,5,12
S01011531,O P Q. Public administration education and health,40,8,32
S01011531,R S T U. Other,15,5,10
S01011531,Never worked,40,12,28
S01011532,All people aged 16 to 74 not in employment,116,46,70
S01011532,A B D E. Agriculture energy and water,1,0,1
S01011532,C. Manufacturing,15,6,9
S01011532,F. Construction,4,3,1
S01011532,G I. Distribution hotels and restaurants,19,8,11
S01011532,H J. Transport and communication,10,3,7
S01011532,K L M N. Financial real estate professional and administrative activities,17,8,9
S01011532,O P Q. Public administration education and health,22,3,19
S01011532,R S T U. Other,4,1,3
S01011532,Never worked,24,14,10
S01011533,All people aged 16 to 74 not in employment,236,124,112
S01011533,A B D E. Agriculture energy and water,7,5,2
S01011533,C. Manufacturing,62,29,33
S01011533,F. Construction,12,11,1
S01011533,G I. Distribution hotels and restaurants,38,27,11
S01011533,H J. Transport and communication,12,2,10
S01011533,K L M N. Financial real estate professional and administrative activities,23,10,13
S01011533,O P Q. Public administration education and health,34,15,19
S01011533,R S T U. Other,5,3,2
S01011533,Never worked,43,22,21
S01011534,All people aged 16 to 74 not in employment,217,97,120
S01011534,A B D E. Agriculture energy and water,6,0,6
S01011534,C. Manufacturing,40,14,26
S01011534,F. Construction,11,11,0
S01011534,G I. Distribution hotels and restaurants,53,29,24
S01011534,H J. Transport and communication,18,4,14
S01011534,K L M N. Financial real estate professional and administrative activities,17,8,9
S01011534,O P Q. Public administration education and health,33,9,24
S01011534,R S T U. Other,8,4,4
S01011534,Never worked,31,18,13
S01011535,All people aged 16 to 74 not in employment,356,165,191
S01011535,A B D E. Agriculture energy and water,12,10,2
S01011535,C. Manufacturing,71,33,38
S01011535,F. Construction,30,28,2
S01011535,G I. Distribution hotels and restaurants,62,27,35
S01011535,H J. Transport and communication,21,6,15
S01011535,K L M N. Financial real estate professional and administrative activities,34,16,18
S01011535,O P Q. Public administration education and health,48,12,36
S01011535,R S T U. Other,16,6,10
S01011535,Never worked,62,27,35
S01011536,All people aged 16 to 74 not in employment,158,67,91
S01011536,A B D E. Agriculture energy and water,4,3,1
S01011536,C. Manufacturing,18,10,8
S01011536,F. Construction,10,7,3
S01011536,G I. Distribution hotels and restaurants,42,19,23
S01011536,H J. Transport and communication,13,6,7
S01011536,K L M N. Financial real estate professional and administrative activities,9,3,6
S01011536,O P Q. Public administration education and health,33,10,23
S01011536,R S T U. Other,3,1,2
S01011536,Never worked,26,8,18
S01011537,All people aged 16 to 74 not in employment,97,42,55
S01011537,A B D E. Agriculture energy and water,1,0,1
S01011537,C. Manufacturing,6,1,5
S01011537,F. Construction,4,2,2
S01011537,G I. Distribution hotels and restaurants,26,11,15
S01011537,H J. Transport and communication,9,5,4
S01011537,K L M N. Financial real estate professional and administrative activities,8,3,5
S01011537,O P Q. Public administration education and health,22,9,13
S01011537,R S T U. Other,5,4,1
S01011537,Never worked,16,7,9
S01011538,All people aged 16 to 74 not in employment,165,71,94
S01011538,A B D E. Agriculture energy and water,3,1,2
S01011538,C. Manufacturing,27,16,11
S01011538,F. Construction,10,6,4
S01011538,G I. Distribution hotels and restaurants,27,9,18
S01011538,H J. Transport and communication,15,6,9
S01011538,K L M N. Financial real estate professional and administrative activities,11,5,6
S01011538,O P Q. Public administration education and health,39,10,29
S01011538,R S T U. Other,6,2,4
S01011538,Never worked,27,16,11
S01011539,All people aged 16 to 74 not in employment,259,123,136
S01011539,A B D E. Agriculture energy and water,5,5,0
S01011539,C. Manufacturing,64,29,35
S01011539,F. Construction,13,11,2
S01011539,G I. Distribution hotels and restaurants,48,25,23
S01011539,H J. Transport and communication,12,4,8
S01011539,K L M N. Financial real estate professional and administrative activities,21,11,10
S01011539,O P Q. Public administration education and health,37,11,26
S01011539,R S T U. Other,11,5,6
S01011539,Never worked,48,22,26
S01011540,All people aged 16 to 74 not in employment,274,118,156
S01011540,A B D E. Agriculture energy and water,6,4,2
S01011540,C. Manufacturing,60,25,35
S01011540,F. Construction,18,17,1
S01011540,G I. Distribution hotels and restaurants,50,25,25
S01011540,H J. Transport and communication,16,3,13
S01011540,K L M N. Financial real estate professional and administrative activities,24,9,15
S01011540,O P Q. Public administration education and health,43,11,32
S01011540,R S T U. Other,6,4,2
S01011540,Never worked,51,20,31
S01011541,All people aged 16 to 74 not in employment,271,110,161
S01011541,A B D E. Agriculture energy and water,9,8,1
S01011541,C. Manufacturing,52,18,34
S01011541,F. Construction,20,20,0
S01011541,G I. Distribution hotels and restaurants,47,18,29
S01011541,H J. Transport and communication,14,4,10
S01011541,K L M N. Financial real estate professional and administrative activities,23,6,17
S01011541,O P Q. Public administration education and health,34,5,29
S01011541,R S T U. Other,8,2,6
S01011541,Never worked,64,29,35
S01011542,All people aged 16 to 74 not in employment,286,129,157
S01011542,A B D E. Agriculture energy and water,6,4,2
S01011542,C. Manufacturing,71,35,36
S01011542,F. Construction,25,25,0
S01011542,G I. Distribution hotels and restaurants,56,22,34
S01011542,H J. Transport and communication,23,7,16
S01011542,K L M N. Financial real estate professional and administrative activities,17,8,9
S01011542,O P Q. Public administration education and health,38,3,35
S01011542,R S T U. Other,10,4,6
S01011542,Never worked,40,21,19
S01011543,All people aged 16 to 74 not in employment,263,112,151
S01011543,A B D E. Agriculture energy and water,4,2,2
S01011543,C. Manufacturing,66,30,36
S01011543,F. Construction,15,14,1
S01011543,G I. Distribution hotels and restaurants,44,16,28
S01011543,H J. Transport and communication,18,5,13
S01011543,K L M N. Financial real estate professional and administrative activities,21,9,12
S01011543,O P Q. Public administration education and health,27,7,20
S01011543,R S T U. Other,9,1,8
S01011543,Never worked,59,28,31
S01011544,All people aged 16 to 74 not in employment,232,102,130
S01011544,A B D E. Agriculture energy and water,7,5,2
S01011544,C. Manufacturing,60,21,39
S01011544,F. Construction,14,13,1
S01011544,G I. Distribution hotels and restaurants,50,24,26
S01011544,H J. Transport and communication,19,4,15
S01011544,K L M N. Financial real estate professional and administrative activities,20,10,10
S01011544,O P Q. Public administration education and health,24,7,17
S01011544,R S T U. Other,3,1,2
S01011544,Never worked,35,17,18
S01011545,All people aged 16 to 74 not in employment,190,84,106
S01011545,A B D E. Agriculture energy and water,12,9,3
S01011545,C. Manufacturing,49,19,30
S01011545,F. Construction,14,12,2
S01011545,G I. Distribution hotels and restaurants,41,19,22
S01011545,H J. Transport and communication,10,3,7
S01011545,K L M N. Financial real estate professional and administrative activities,10,4,6
S01011545,O P Q. Public administration education and health,26,6,20
S01011545,R S T U. Other,3,0,3
S01011545,Never worked,25,12,13
S01011546,All people aged 16 to 74 not in employment,110,50,60
S01011546,A B D E. Agriculture energy and water,5,5,0
S01011546,C. Manufacturing,10,3,7
S01011546,F. Construction,6,6,0
S01011546,G I. Distribution hotels and restaurants,13,2,11
S01011546,H J. Transport and communication,12,4,8
S01011546,K L M N. Financial real estate professional and administrative activities,10,4,6
S01011546,O P Q. Public administration education and health,19,7,12
S01011546,R S T U. Other,4,3,1
S01011546,Never worked,31,16,15
S01011547,All people aged 16 to 74 not in employment,97,41,56
S01011547,A B D E. Agriculture energy and water,2,2,0
S01011547,C. Manufacturing,11,5,6
S01011547,F. Construction,6,6,0
S01011547,G I. Distribution hotels and restaurants,19,7,12
S01011547,H J. Transport and communication,8,1,7
S01011547,K L M N. Financial real estate professional and administrative activities,7,2,5
S01011547,O P Q. Public administration education and health,16,6,10
S01011547,R S T U. Other,4,0,4
S01011547,Never worked,24,12,12
S01011548,All people aged 16 to 74 not in employment,204,94,110
S01011548,A B D E. Agriculture energy and water,4,2,2
S01011548,C. Manufacturing,38,22,16
S01011548,F. Construction,17,15,2
S01011548,G I. Distribution hotels and restaurants,45,20,25
S01011548,H J. Transport and communication,16,7,9
S01011548,K L M N. Financial real estate professional and administrative activities,19,9,10
S01011548,O P Q. Public administration education and health,35,7,28
S01011548,R S T U. Other,4,4,0
S01011548,Never worked,26,8,18
S01011549,All people aged 16 to 74 not in employment,222,103,119
S01011549,A B D E. Agriculture energy and water,2,2,0
S01011549,C. Manufacturing,39,20,19
S01011549,F. Construction,27,23,4
S01011549,G I. Distribution hotels and restaurants,29,12,17
S01011549,H J. Transport and communication,16,4,12
S01011549,K L M N. Financial real estate professional and administrative activities,29,11,18
S01011549,O P Q. Public administration education and health,44,14,30
S01011549,R S T U. Other,10,2,8
S01011549,Never worked,26,15,11
S01011550,All people aged 16 to 74 not in employment,183,83,100
S01011550,A B D E. Agriculture energy and water,5,4,1
S01011550,C. Manufacturing,19,10,9
S01011550,F. Construction,10,9,1
S01011550,G I. Distribution hotels and restaurants,34,16,18
S01011550,H J. Transport and communication,15,8,7
S01011550,K L M N. Financial real estate professional and administrative activities,22,9,13
S01011550,O P Q. Public administration education and health,45,13,32
S01011550,R S T U. Other,10,3,7
S01011550,Never worked,23,11,12
S01011551,All people aged 16 to 74 not in employment,147,54,93
S01011551,A B D E. Agriculture energy and water,2,2,0
S01011551,C. Manufacturing,16,6,10
S01011551,F. Construction,15,14,1
S01011551,G I. Distribution hotels and restaurants,28,11,17
S01011551,H J. Transport and communication,14,3,11
S01011551,K L M N. Financial real estate professional and administrative activities,17,3,14
S01011551,O P Q. Public administration education and health,25,5,20
S01011551,R S T U. Other,7,0,7
S01011551,Never worked,23,10,13
S01011552,All people aged 16 to 74 not in employment,175,93,82
S01011552,A B D E. Agriculture energy and water,6,4,2
S01011552,C. Manufacturing,24,16,8
S01011552,F. Construction,15,11,4
S01011552,G I. Distribution hotels and restaurants,30,18,12
S01011552,H J. Transport and communication,8,2,6
S01011552,K L M N. Financial real estate professional and administrative activities,15,4,11
S01011552,O P Q. Public administration education and health,36,11,25
S01011552,R S T U. Other,5,2,3
S01011552,Never worked,36,25,11
S01011553,All people aged 16 to 74 not in employment,140,62,78
S01011553,A B D E. Agriculture energy and water,1,0,1
S01011553,C. Manufacturing,9,4,5
S01011553,F. Construction,8,8,0
S01011553,G I. Distribution hotels and restaurants,24,8,16
S01011553,H J. Transport and communication,15,8,7
S01011553,K L M N. Financial real estate professional and administrative activities,12,4,8
S01011553,O P Q. Public administration education and health,20,7,13
S01011553,R S T U. Other,4,0,4
S01011553,Never worked,47,23,24
S01011554,All people aged 16 to 74 not in employment,269,117,152
S01011554,A B D E. Agriculture energy and water,14,8,6
S01011554,C. Manufacturing,45,20,25
S01011554,F. Construction,34,31,3
S01011554,G I. Distribution hotels and restaurants,45,21,24
S01011554,H J. Transport and communication,14,3,11
S01011554,K L M N. Financial real estate professional and administrative activities,28,11,17
S01011554,O P Q. Public administration education and health,45,10,35
S01011554,R S T U. Other,13,2,11
S01011554,Never worked,31,11,20
S01011555,All people aged 16 to 74 not in employment,169,81,88
S01011555,A B D E. Agriculture energy and water,5,3,2
S01011555,C. Manufacturing,21,10,11
S01011555,F. Construction,13,12,1
S01011555,G I. Distribution hotels and restaurants,33,11,22
S01011555,H J. Transport and communication,16,3,13
S01011555,K L M N. Financial real estate professional and administrative activities,12,8,4
S01011555,O P Q. Public administration education and health,21,6,15
S01011555,R S T U. Other,4,2,2
S01011555,Never worked,44,26,18
S01011556,All people aged 16 to 74 not in employment,166,83,83
S01011556,A B D E. Agriculture energy and water,3,2,1
S01011556,C. Manufacturing,26,11,15
S01011556,F. Construction,19,18,1
S01011556,G I. Distribution hotels and restaurants,37,19,18
S01011556,H J. Transport and communication,10,5,5
S01011556,K L M N. Financial real estate professional and administrative activities,11,7,4
S01011556,O P Q. Public administration education and health,24,8,16
S01011556,R S T U. Other,4,0,4
S01011556,Never worked,32,13,19
S01011557,All people aged 16 to 74 not in employment,200,81,119
S01011557,A B D E. Agriculture energy and water,5,2,3
S01011557,C. Manufacturing,40,19,21
S01011557,F. Construction,10,9,1
S01011557,G I. Distribution hotels and restaurants,42,17,25
S01011557,H J. Transport and communication,14,3,11
S01011557,K L M N. Financial real estate professional and administrative activities,16,5,11
S01011557,O P Q. Public administration education and health,29,6,23
S01011557,R S T U. Other,10,2,8
S01011557,Never worked,34,18,16
S01011558,All people aged 16 to 74 not in employment,155,77,78
S01011558,A B D E. Agriculture energy and water,3,3,0
S01011558,C. Manufacturing,26,11,15
S01011558,F. Construction,12,12,0
S01011558,G I. Distribution hotels and restaurants,30,17,13
S01011558,H J. Transport and communication,13,4,9
S01011558,K L M N. Financial real estate professional and administrative activities,19,9,10
S01011558,O P Q. Public administration education and health,19,5,14
S01011558,R S T U. Other,4,2,2
S01011558,Never worked,29,14,15
S01011559,All people aged 16 to 74 not in employment,219,103,116
S01011559,A B D E. Agriculture energy and water,8,4,4
S01011559,C. Manufacturing,39,17,22
S01011559,F. Construction,23,23,0
S01011559,G I. Distribution hotels and restaurants,48,19,29
S01011559,H J. Transport and communication,20,7,13
S01011559,K L M N. Financial real estate professional and administrative activities,19,8,11
S01011559,O P Q. Public administration education and health,23,4,19
S01011559,R S T U. Other,3,2,1
S01011559,Never worked,36,19,17
S01011560,All people aged 16 to 74 not in employment,237,99,138
S01011560,A B D E. Agriculture energy and water,9,4,5
S01011560,C. Manufacturing,49,20,29
S01011560,F. Construction,21,21,0
S01011560,G I. Distribution hotels and restaurants,43,21,22
S01011560,H J. Transport and communication,20,3,17
S01011560,K L M N. Financial real estate professional and administrative activities,16,6,10
S01011560,O P Q. Public administration education and health,31,8,23
S01011560,R S T U. Other,14,3,11
S01011560,Never worked,34,13,21
S01011561,All people aged 16 to 74 not in employment,277,131,146
S01011561,A B D E. Agriculture energy and water,9,4,5
S01011561,C. Manufacturing,42,17,25
S01011561,F. Construction,27,25,2
S01011561,G I. Distribution hotels and restaurants,55,27,28
S01011561,H J. Transport and communication,16,4,12
S01011561,K L M N. Financial real estate professional and administrative activities,23,14,9
S01011561,O P Q. Public administration education and health,40,11,29
S01011561,R S T U. Other,14,2,12
S01011561,Never worked,51,27,24
S01011562,All people aged 16 to 74 not in employment,203,80,123
S01011562,A B D E. Agriculture energy and water,3,2,1
S01011562,C. Manufacturing,18,4,14
S01011562,F. Construction,17,15,2
S01011562,G I. Distribution hotels and restaurants,36,13,23
S01011562,H J. Transport and communication,13,3,10
S01011562,K L M N. Financial real estate professional and administrative activities,24,7,17
S01011562,O P Q. Public administration education and health,21,5,16
S01011562,R S T U. Other,9,4,5
S01011562,Never worked,62,27,35
S01011563,All people aged 16 to 74 not in employment,252,103,149
S01011563,A B D E. Agriculture energy and water,2,2,0
S01011563,C. Manufacturing,38,17,21
S01011563,F. Construction,15,14,1
S01011563,G I. Distribution hotels and restaurants,41,16,25
S01011563,H J. Transport and communication,16,4,12
S01011563,K L M N. Financial real estate professional and administrative activities,28,7,21
S01011563,O P Q. Public administration education and health,32,8,24
S01011563,R S T U. Other,9,4,5
S01011563,Never worked,71,31,40
S01011564,All people aged 16 to 74 not in employment,228,104,124
S01011564,A B D E. Agriculture energy and water,5,3,2
S01011564,C. Manufacturing,40,15,25
S01011564,F. Construction,17,16,1
S01011564,G I. Distribution hotels and restaurants,49,28,21
S01011564,H J. Transport and communication,16,4,12
S01011564,K L M N. Financial real estate professional and administrative activities,23,7,16
S01011564,O P Q. Public administration education and health,34,6,28
S01011564,R S T U. Other,10,6,4
S01011564,Never worked,34,19,15
S01011565,All people aged 16 to 74 not in employment,238,98,140
S01011565,A B D E. Agriculture energy and water,0,0,0
S01011565,C. Manufacturing,38,20,18
S01011565,F. Construction,24,22,2
S01011565,G I. Distribution hotels and restaurants,58,19,39
S01011565,H J. Transport and communication,17,6,11
S01011565,K L M N. Financial real estate professional and administrative activities,25,4,21
S01011565,O P Q. Public administration education and health,25,4,21
S01011565,R S T U. Other,12,5,7
S01011565,Never worked,39,18,21
S01011566,All people aged 16 to 74 not in employment,289,113,176
S01011566,A B D E. Agriculture energy and water,8,2,6
S01011566,C. Manufacturing,48,26,22
S01011566,F. Construction,17,16,1
S01011566,G I. Distribution hotels and restaurants,68,23,45
S01011566,H J. Transport and communication,26,4,22
S01011566,K L M N. Financial real estate professional and administrative activities,27,5,22
S01011566,O P Q. Public administration education and health,30,4,26
S01011566,R S T U. Other,13,6,7
S01011566,Never worked,52,27,25
S01011567,All people aged 16 to 74 not in employment,311,147,164
S01011567,A B D E. Agriculture energy and water,8,5,3
S01011567,C. Manufacturing,50,27,23
S01011567,F. Construction,25,24,1
S01011567,G I. Distribution hotels and restaurants,76,38,38
S01011567,H J. Transport and communication,14,3,11
S01011567,K L M N. Financial real estate professional and administrative activities,19,7,12
S01011567,O P Q. Public administration education and health,49,11,38
S01011567,R S T U. Other,8,5,3
S01011567,Never worked,62,27,35
S01011568,All people aged 16 to 74 not in employment,209,99,110
S01011568,A B D E. Agriculture energy and water,2,2,0
S01011568,C. Manufacturing,32,13,19
S01011568,F. Construction,16,14,2
S01011568,G I. Distribution hotels and restaurants,44,18,26
S01011568,H J. Transport and communication,12,7,5
S01011568,K L M N. Financial real estate professional and administrative activities,24,9,15
S01011568,O P Q. Public administration education and health,28,8,20
S01011568,R S T U. Other,15,5,10
S01011568,Never worked,36,23,13
S01011569,All people aged 16 to 74 not in employment,298,116,182
S01011569,A B D E. Agriculture energy and water,8,5,3
S01011569,C. Manufacturing,47,16,31
S01011569,F. Construction,28,25,3
S01011569,G I. Distribution hotels and restaurants,55,21,34
S01011569,H J. Transport and communication,18,4,14
S01011569,K L M N. Financial real estate professional and administrative activities,27,6,21
S01011569,O P Q. Public administration education and health,59,14,45
S01011569,R S T U. Other,8,6,2
S01011569,Never worked,48,19,29
S01011570,All people aged 16 to 74 not in employment,229,108,121
S01011570,A B D E. Agriculture energy and water,6,5,1
S01011570,C. Manufacturing,41,19,22
S01011570,F. Construction,21,20,1
S01011570,G I. Distribution hotels and restaurants,51,25,26
S01011570,H J. Transport and communication,9,4,5
S01011570,K L M N. Financial real estate professional and administrative activities,18,8,10
S01011570,O P Q. Public administration education and health,40,12,28
S01011570,R S T U. Other,6,2,4
S01011570,Never worked,37,13,24
S01011571,All people aged 16 to 74 not in employment,218,101,117
S01011571,A B D E. Agriculture energy and water,10,8,2
S01011571,C. Manufacturing,35,16,19
S01011571,F. Construction,18,17,1
S01011571,G I. Distribution hotels and restaurants,50,23,27
S01011571,H J. Transport and communication,15,6,9
S01011571,K L M N. Financial real estate professional and administrative activities,22,12,10
S01011571,O P Q. Public administration education and health,36,9,27
S01011571,R S T U. Other,8,2,6
S01011571,Never worked,24,8,16
S01011572,All people aged 16 to 74 not in employment,178,82,96
S01011572,A B D E. Agriculture energy and water,2,2,0
S01011572,C. Manufacturing,22,10,12
S01011572,F. Construction,17,16,1
S01011572,G I. Distribution hotels and restaurants,36,18,18
S01011572,H J. Transport and communication,8,5,3
S01011572,K L M N. Financial real estate professional and administrative activities,18,12,6
S01011572,O P Q. Public administration education and health,39,5,34
S01011572,R S T U. Other,8,1,7
S01011572,Never worked,28,13,15
S01011573,All people aged 16 to 74 not in employment,226,94,132
S01011573,A B D E. Agriculture energy and water,3,3,0
S01011573,C. Manufacturing,24,9,15
S01011573,F. Construction,16,15,1
S01011573,G I. Distribution hotels and restaurants,40,18,22
S01011573,H J. Transport and communication,23,6,17
S01011573,K L M N. Financial real estate professional and administrative activities,22,11,11
S01011573,O P Q. Public administration education and health,44,12,32
S01011573,R S T U. Other,10,1,9
S01011573,Never worked,44,19,25
S01011574,All people aged 16 to 74 not in employment,168,70,98
S01011574,A B D E. Agriculture energy and water,5,2,3
S01011574,C. Manufacturing,31,10,21
S01011574,F. Construction,14,13,1
S01011574,G I. Distribution hotels and restaurants,28,10,18
S01011574,H J. Transport and communication,12,3,9
S01011574,K L M N. Financial real estate professional and administrative activities,12,4,8
S01011574,O P Q. Public administration education and health,36,14,22
S01011574,R S T U. Other,4,1,3
S01011574,Never worked,26,13,13
S01011575,All people aged 16 to 74 not in employment,165,84,81
S01011575,A B D E. Agriculture energy and water,2,1,1
S01011575,C. Manufacturing,32,18,14
S01011575,F. Construction,14,13,1
S01011575,G I. Distribution hotels and restaurants,29,10,19
S01011575,H J. Transport and communication,11,3,8
S01011575,K L M N. Financial real estate professional and administrative activities,15,8,7
S01011575,O P Q. Public administration education and health,27,16,11
S01011575,R S T U. Other,6,2,4
S01011575,Never worked,29,13,16
S01011576,All people aged 16 to 74 not in employment,320,143,177
S01011576,A B D E. Agriculture energy and water,7,4,3
S01011576,C. Manufacturing,51,23,28
S01011576,F. Construction,29,27,2
S01011576,G I. Distribution hotels and restaurants,61,26,35
S01011576,H J. Transport and communication,39,14,25
S01011576,K L M N. Financial real estate professional and administrative activities,35,13,22
S01011576,O P Q. Public administration education and health,37,9,28
S01011576,R S T U. Other,11,3,8
S01011576,Never worked,50,24,26
S01011577,All people aged 16 to 74 not in employment,196,93,103
S01011577,A B D E. Agriculture energy and water,5,2,3
S01011577,C. Manufacturing,23,15,8
S01011577,F. Construction,15,12,3
S01011577,G I. Distribution hotels and restaurants,41,22,19
S01011577,H J. Transport and communication,15,2,13
S01011577,K L M N. Financial real estate professional and administrative activities,17,13,4
S01011577,O P Q. Public administration education and health,36,8,28
S01011577,R S T U. Other,9,3,6
S01011577,Never worked,35,16,19
S01011578,All people aged 16 to 74 not in employment,262,126,136
S01011578,A B D E. Agriculture energy and water,6,4,2
S01011578,C. Manufacturing,23,9,14
S01011578,F. Construction,29,26,3
S01011578,G I. Distribution hotels and restaurants,57,30,27
S01011578,H J. Transport and communication,20,8,12
S01011578,K L M N. Financial real estate professional and administrative activities,23,10,13
S01011578,O P Q. Public administration education and health,40,9,31
S01011578,R S T U. Other,7,4,3
S01011578,Never worked,57,26,31
S01011579,All people aged 16 to 74 not in employment,260,112,148
S01011579,A B D E. Agriculture energy and water,6,3,3
S01011579,C. Manufacturing,25,15,10
S01011579,F. Construction,15,13,2
S01011579,G I. Distribution hotels and restaurants,53,24,29
S01011579,H J. Transport and communication,15,6,9
S01011579,K L M N. Financial real estate professional and administrative activities,23,8,15
S01011579,O P Q. Public administration education and health,76,21,55
S01011579,R S T U. Other,3,0,3
S01011579,Never worked,44,22,22
S01011580,All people aged 16 to 74 not in employment,206,91,115
S01011580,A B D E. Agriculture energy and water,5,2,3
S01011580,C. Manufacturing,24,11,13
S01011580,F. Construction,28,27,1
S01011580,G I. Distribution hotels and restaurants,36,16,20
S01011580,H J. Transport and communication,15,4,11
S01011580,K L M N. Financial real estate professional and administrative activities,16,5,11
S01011580,O P Q. Public administration education and health,21,5,16
S01011580,R S T U. Other,13,2,11
S01011580,Never worked,48,19,29
S01011581,All people aged 16 to 74 not in employment,280,143,137
S01011581,A B D E. Agriculture energy and water,5,3,2
S01011581,C. Manufacturing,50,33,17
S01011581,F. Construction,37,37,0
S01011581,G I. Distribution hotels and restaurants,67,36,31
S01011581,H J. Transport and communication,20,2,18
S01011581,K L M N. Financial real estate professional and administrative activities,16,6,10
S01011581,O P Q. Public administration education and health,26,3,23
S01011581,R S T U. Other,14,4,10
S01011581,Never worked,45,19,26
S01011582,All people aged 16 to 74 not in employment,234,112,122
S01011582,A B D E. Agriculture energy and water,8,4,4
S01011582,C. Manufacturing,21,13,8
S01011582,F. Construction,17,17,0
S01011582,G I. Distribution hotels and restaurants,47,19,28
S01011582,H J. Transport and communication,13,6,7
S01011582,K L M N. Financial real estate professional and administrative activities,17,8,9
S01011582,O P Q. Public administration education and health,76,27,49
S01011582,R S T U. Other,7,3,4
S01011582,Never worked,28,15,13
S01011583,All people aged 16 to 74 not in employment,189,77,112
S01011583,A B D E. Agriculture energy and water,3,2,1
S01011583,C. Manufacturing,30,15,15
S01011583,F. Construction,22,20,2
S01011583,G I. Distribution hotels and restaurants,30,13,17
S01011583,H J. Transport and communication,21,6,15
S01011583,K L M N. Financial real estate professional and administrative activities,16,3,13
S01011583,O P Q. Public administration education and health,36,6,30
S01011583,R S T U. Other,11,1,10
S01011583,Never worked,20,11,9
S01011584,All people aged 16 to 74 not in employment,212,96,116
S01011584,A B D E. Agriculture energy and water,2,1,1
S01011584,C. Manufacturing,23,16,7
S01011584,F. Construction,24,23,1
S01011584,G I. Distribution hotels and restaurants,48,20,28
S01011584,H J. Transport and communication,14,6,8
S01011584,K L M N. Financial real estate professional and administrative activities,25,10,15
S01011584,O P Q. Public administration education and health,38,6,32
S01011584,R S T U. Other,6,0,6
S01011584,Never worked,32,14,18
S01011585,All people aged 16 to 74 not in employment,190,83,107
S01011585,A B D E. Agriculture energy and water,1,1,0
S01011585,C. Manufacturing,27,10,17
S01011585,F. Construction,16,11,5
S01011585,G I. Distribution hotels and restaurants,38,15,23
S01011585,H J. Transport and communication,8,2,6
S01011585,K L M N. Financial real estate professional and administrative activities,19,9,10
S01011585,O P Q. Public administration education and health,36,11,25
S01011585,R S T U. Other,11,6,5
S01011585,Never worked,34,18,16
S01011586,All people aged 16 to 74 not in employment,168,81,87
S01011586,A B D E. Agriculture energy and water,3,3,0
S01011586,C. Manufacturing,26,15,11
S01011586,F. Construction,19,19,0
S01011586,G I. Distribution hotels and restaurants,29,12,17
S01011586,H J. Transport and communication,14,4,10
S01011586,K L M N. Financial real estate professional and administrative activities,15,3,12
S01011586,O P Q. Public administration education and health,24,7,17
S01011586,R S T U. Other,8,3,5
S01011586,Never worked,30,15,15
S01011587,All people aged 16 to 74 not in employment,169,64,105
S01011587,A B D E. Agriculture energy and water,4,2,2
S01011587,C. Manufacturing,25,7,18
S01011587,F. Construction,14,14,0
S01011587,G I. Distribution hotels and restaurants,35,12,23
S01011587,H J. Transport and communication,12,2,10
S01011587,K L M N. Financial real estate professional and administrative activities,15,7,8
S01011587,O P Q. Public administration education and health,25,6,19
S01011587,R S T U. Other,7,0,7
S01011587,Never worked,32,14,18
S01011588,All people aged 16 to 74 not in employment,238,93,145
S01011588,A B D E. Agriculture energy and water,5,3,2
S01011588,C. Manufacturing,28,11,17
S01011588,F. Construction,23,21,2
S01011588,G I. Distribution hotels and restaurants,59,24,35
S01011588,H J. Transport and communication,12,3,9
S01011588,K L M N. Financial real estate professional and administrative activities,15,5,10
S01011588,O P Q. Public administration education and health,33,4,29
S01011588,R S T U. Other,5,1,4
S01011588,Never worked,58,21,37
S01011589,All people aged 16 to 74 not in employment,248,98,150
S01011589,A B D E. Agriculture energy and water,9,5,4
S01011589,C. Manufacturing,24,11,13
S01011589,F. Construction,15,14,1
S01011589,G I. Distribution hotels and restaurants,71,30,41
S01011589,H J. Transport and communication,10,2,8
S01011589,K L M N. Financial real estate professional and administrative activities,16,3,13
S01011589,O P Q. Public administration education and health,55,15,40
S01011589,R S T U. Other,8,1,7
S01011589,Never worked,40,17,23
S01011590,All people aged 16 to 74 not in employment,215,96,119
S01011590,A B D E. Agriculture energy and water,5,5,0
S01011590,C. Manufacturing,32,16,16
S01011590,F. Construction,18,17,1
S01011590,G I. Distribution hotels and restaurants,37,12,25
S01011590,H J. Transport and communication,22,10,12
S01011590,K L M N. Financial real estate professional and administrative activities,17,4,13
S01011590,O P Q. Public administration education and health,38,12,26
S01011590,R S T U. Other,6,2,4
S01011590,Never worked,40,18,22
S01011591,All people aged 16 to 74 not in employment,230,117,113
S01011591,A B D E. Agriculture energy and water,6,4,2
S01011591,C. Manufacturing,28,14,14
S01011591,F. Construction,32,30,2
S01011591,G I. Distribution hotels and restaurants,42,26,16
S01011591,H J. Transport and communication,14,5,9
S01011591,K L M N. Financial real estate professional and administrative activities,22,5,17
S01011591,O P Q. Public administration education and health,38,13,25
S01011591,R S T U. Other,7,0,7
S01011591,Never worked,41,20,21
S01011592,All people aged 16 to 74 not in employment,229,115,114
S01011592,A B D E. Agriculture energy and water,4,3,1
S01011592,C. Manufacturing,45,21,24
S01011592,F. Construction,28,26,2
S01011592,G I. Distribution hotels and restaurants,42,17,25
S01011592,H J. Transport and communication,10,5,5
S01011592,K L M N. Financial real estate professional and administrative activities,24,14,10
S01011592,O P Q. Public administration education and health,26,8,18
S01011592,R S T U. Other,8,2,6
S01011592,Never worked,42,19,23
S01011593,All people aged 16 to 74 not in employment,197,80,117
S01011593,A B D E. Agriculture energy and water,2,1,1
S01011593,C. Manufacturing,21,8,13
S01011593,F. Construction,16,14,2
S01011593,G I. Distribution hotels and restaurants,42,23,19
S01011593,H J. Transport and communication,9,2,7
S01011593,K L M N. Financial real estate professional and administrative activities,21,6,15
S01011593,O P Q. Public administration education and health,43,8,35
S01011593,R S T U. Other,12,3,9
S01011593,Never worked,31,15,16
S01011594,All people aged 16 to 74 not in employment,132,66,66
S01011594,A B D E. Agriculture energy and water,1,0,1
S01011594,C. Manufacturing,19,13,6
S01011594,F. Construction,20,17,3
S01011594,G I. Distribution hotels and restaurants,26,13,13
S01011594,H J. Transport and communication,6,0,6
S01011594,K L M N. Financial real estate professional and administrative activities,13,5,8
S01011594,O P Q. Public administration education and health,30,9,21
S01011594,R S T U. Other,4,2,2
S01011594,Never worked,13,7,6
S01011595,All people aged 16 to 74 not in employment,131,60,71
S01011595,A B D E. Agriculture energy and water,3,1,2
S01011595,C. Manufacturing,15,6,9
S01011595,F. Construction,12,10,2
S01011595,G I. Distribution hotels and restaurants,29,13,16
S01011595,H J. Transport and communication,7,5,2
S01011595,K L M N. Financial real estate professional and administrative activities,11,7,4
S01011595,O P Q. Public administration education and health,31,9,22
S01011595,R S T U. Other,5,1,4
S01011595,Never worked,18,8,10
S01011596,All people aged 16 to 74 not in employment,265,112,153
S01011596,A B D E. Agriculture energy and water,1,1,0
S01011596,C. Manufacturing,29,12,17
S01011596,F. Construction,23,21,2
S01011596,G I. Distribution hotels and restaurants,47,22,25
S01011596,H J. Transport and communication,16,4,12
S01011596,K L M N. Financial real estate professional and administrative activities,24,13,11
S01011596,O P Q. Public administration education and health,61,15,46
S01011596,R S T U. Other,9,3,6
S01011596,Never worked,55,21,34
S01011597,All people aged 16 to 74 not in employment,113,54,59
S01011597,A B D E. Agriculture energy and water,1,1,0
S01011597,C. Manufacturing,11,8,3
S01011597,F. Construction,10,10,0
S01011597,G I. Distribution hotels and restaurants,22,10,12
S01011597,H J. Transport and communication,10,1,9
S01011597,K L M N. Financial real estate professional and administrative activities,8,6,2
S01011597,O P Q. Public administration education and health,24,2,22
S01011597,R S T U. Other,5,3,2
S01011597,Never worked,22,13,9
S01011598,All people aged 16 to 74 not in employment,381,232,149
S01011598,A B D E. Agriculture energy and water,8,7,1
S01011598,C. Manufacturing,41,28,13
S01011598,F. Construction,38,36,2
S01011598,G I. Distribution hotels and restaurants,86,54,32
S01011598,H J. Transport and communication,32,17,15
S01011598,K L M N. Financial real estate professional and administrative activities,36,21,15
S01011598,O P Q. Public administration education and health,61,27,34
S01011598,R S T U. Other,19,8,11
S01011598,Never worked,60,34,26
S01011599,All people aged 16 to 74 not in employment,236,96,140
S01011599,A B D E. Agriculture energy and water,4,1,3
S01011599,C. Manufacturing,33,16,17
S01011599,F. Construction,18,18,0
S01011599,G I. Distribution hotels and restaurants,47,19,28
S01011599,H J. Transport and communication,17,5,12
S01011599,K L M N. Financial real estate professional and administrative activities,26,14,12
S01011599,O P Q. Public administration education and health,46,10,36
S01011599,R S T U. Other,12,1,11
S01011599,Never worked,33,12,21
S01011600,All people aged 16 to 74 not in employment,227,100,127
S01011600,A B D E. Agriculture energy and water,6,4,2
S01011600,C. Manufacturing,32,10,22
S01011600,F. Construction,23,22,1
S01011600,G I. Distribution hotels and restaurants,47,19,28
S01011600,H J. Transport and communication,23,10,13
S01011600,K L M N. Financial real estate professional and administrative activities,15,6,9
S01011600,O P Q. Public administration education and health,41,15,26
S01011600,R S T U. Other,9,0,9
S01011600,Never worked,31,14,17
S01011601,All people aged 16 to 74 not in employment,150,69,81
S01011601,A B D E. Agriculture energy and water,2,1,1
S01011601,C. Manufacturing,21,11,10
S01011601,F. Construction,10,10,0
S01011601,G I. Distribution hotels and restaurants,29,14,15
S01011601,H J. Transport and communication,8,3,5
S01011601,K L M N. Financial real estate professional and administrative activities,16,7,9
S01011601,O P Q. Public administration education and health,26,4,22
S01011601,R S T U. Other,3,1,2
S01011601,Never worked,35,18,17
S01011602,All people aged 16 to 74 not in employment,179,89,90
S01011602,A B D E. Agriculture energy and water,2,2,0
S01011602,C. Manufacturing,33,22,11
S01011602,F. Construction,8,8,0
S01011602,G I. Distribution hotels and restaurants,38,21,17
S01011602,H J. Transport and communication,11,1,10
S01011602,K L M N. Financial real estate professional and administrative activities,15,6,9
S01011602,O P Q. Public administration education and health,25,6,19
S01011602,R S T U. Other,11,5,6
S01011602,Never worked,36,18,18
S01011603,All people aged 16 to 74 not in employment,282,124,158
S01011603,A B D E. Agriculture energy and water,5,3,2
S01011603,C. Manufacturing,46,18,28
S01011603,F. Construction,31,29,2
S01011603,G I. Distribution hotels and restaurants,67,33,34
S01011603,H J. Transport and communication,19,7,12
S01011603,K L M N. Financial real estate professional and administrative activities,26,9,17
S01011603,O P Q. Public administration education and health,45,14,31
S01011603,R S T U. Other,5,0,5
S01011603,Never worked,38,11,27
S01011604,All people aged 16 to 74 not in employment,197,83,114
S01011604,A B D E. Agriculture energy and water,6,5,1
S01011604,C. Manufacturing,38,19,19
S01011604,F. Construction,16,12,4
S01011604,G I. Distribution hotels and restaurants,37,15,22
S01011604,H J. Transport and communication,23,9,14
S01011604,K L M N. Financial real estate professional and administrative activities,11,5,6
S01011604,O P Q. Public administration education and health,30,4,26
S01011604,R S T U. Other,2,1,1
S01011604,Never worked,34,13,21
S01011605,All people aged 16 to 74 not in employment,249,115,134
S01011605,A B D E. Agriculture energy and water,8,6,2
S01011605,C. Manufacturing,45,28,17
S01011605,F. Construction,21,20,1
S01011605,G I. Distribution hotels and restaurants,52,26,26
S01011605,H J. Transport and communication,16,8,8
S01011605,K L M N. Financial real estate professional and administrative activities,26,9,17
S01011605,O P Q. Public administration education and health,41,6,35
S01011605,R S T U. Other,9,0,9
S01011605,Never worked,31,12,19
S01011606,All people aged 16 to 74 not in employment,123,47,76
S01011606,A B D E. Agriculture energy and water,1,0,1
S01011606,C. Manufacturing,20,7,13
S01011606,F. Construction,9,7,2
S01011606,G I. Distribution hotels and restaurants,17,6,11
S01011606,H J. Transport and communication,6,3,3
S01011606,K L M N. Financial real estate professional and administrative activities,14,1,13
S01011606,O P Q. Public administration education and health,20,6,14
S01011606,R S T U. Other,3,1,2
S01011606,Never worked,33,16,17
S01011607,All people aged 16 to 74 not in employment,133,48,85
S01011607,A B D E. Agriculture energy and water,2,2,0
S01011607,C. Manufacturing,18,6,12
S01011607,F. Construction,15,13,2
S01011607,G I. Distribution hotels and restaurants,22,5,17
S01011607,H J. Transport and communication,7,3,4
S01011607,K L M N. Financial real estate professional and administrative activities,11,1,10
S01011607,O P Q. Public administration education and health,33,6,27
S01011607,R S T U. Other,6,3,3
S01011607,Never worked,19,9,10
S01011608,All people aged 16 to 74 not in employment,159,70,89
S01011608,A B D E. Agriculture energy and water,6,5,1
S01011608,C. Manufacturing,22,10,12
S01011608,F. Construction,19,17,2
S01011608,G I. Distribution hotels and restaurants,22,9,13
S01011608,H J. Transport and communication,7,2,5
S01011608,K L M N. Financial real estate professional and administrative activities,10,0,10
S01011608,O P Q. Public administration education and health,38,10,28
S01011608,R S T U. Other,8,4,4
S01011608,Never worked,27,13,14
S01011609,All people aged 16 to 74 not in employment,366,175,191
S01011609,A B D E. Agriculture energy and water,4,2,2
S01011609,C. Manufacturing,67,36,31
S01011609,F. Construction,44,40,4
S01011609,G I. Distribution hotels and restaurants,73,29,44
S01011609,H J. Transport and communication,26,8,18
S01011609,K L M N. Financial real estate professional and administrative activities,26,9,17
S01011609,O P Q. Public administration education and health,32,6,26
S01011609,R S T U. Other,12,3,9
S01011609,Never worked,82,42,40
S01011610,All people aged 16 to 74 not in employment,258,113,145
S01011610,A B D E. Agriculture energy and water,7,4,3
S01011610,C. Manufacturing,36,18,18
S01011610,F. Construction,25,24,1
S01011610,G I. Distribution hotels and restaurants,44,13,31
S01011610,H J. Transport and communication,14,6,8
S01011610,K L M N. Financial real estate professional and administrative activities,21,7,14
S01011610,O P Q. Public administration education and health,40,9,31
S01011610,R S T U. Other,7,3,4
S01011610,Never worked,64,29,35
S01011611,All people aged 16 to 74 not in employment,159,84,75
S01011611,A B D E. Agriculture energy and water,5,3,2
S01011611,C. Manufacturing,18,11,7
S01011611,F. Construction,13,12,1
S01011611,G I. Distribution hotels and restaurants,29,20,9
S01011611,H J. Transport and communication,8,3,5
S01011611,K L M N. Financial real estate professional and administrative activities,19,9,10
S01011611,O P Q. Public administration education and health,32,9,23
S01011611,R S T U. Other,6,1,5
S01011611,Never worked,29,16,13
S01011612,All people aged 16 to 74 not in employment,58,23,35
S01011612,A B D E. Agriculture energy and water,0,0,0
S01011612,C. Manufacturing,4,0,4
S01011612,F. Construction,1,1,0
S01011612,G I. Distribution hotels and restaurants,4,2,2
S01011612,H J. Transport and communication,8,5,3
S01011612,K L M N. Financial real estate professional and administrative activities,4,2,2
S01011612,O P Q. Public administration education and health,13,2,11
S01011612,R S T U. Other,5,1,4
S01011612,Never worked,19,10,9
S01011613,All people aged 16 to 74 not in employment,265,114,151
S01011613,A B D E. Agriculture energy and water,4,3,1
S01011613,C. Manufacturing,39,20,19
S01011613,F. Construction,23,20,3
S01011613,G I. Distribution hotels and restaurants,44,20,24
S01011613,H J. Transport and communication,24,11,13
S01011613,K L M N. Financial real estate professional and administrative activities,23,5,18
S01011613,O P Q. Public administration education and health,69,17,52
S01011613,R S T U. Other,6,2,4
S01011613,Never worked,33,16,17
S01011614,All people aged 16 to 74 not in employment,101,36,65
S01011614,A B D E. Agriculture energy and water,0,0,0
S01011614,C. Manufacturing,20,6,14
S01011614,F. Construction,10,7,3
S01011614,G I. Distribution hotels and restaurants,16,7,9
S01011614,H J. Transport and communication,9,2,7
S01011614,K L M N. Financial real estate professional and administrative activities,6,2,4
S01011614,O P Q. Public administration education and health,20,5,15
S01011614,R S T U. Other,7,0,7
S01011614,Never worked,13,7,6
S01011615,All people aged 16 to 74 not in employment,235,96,139
S01011615,A B D E. Agriculture energy and water,1,1,0
S01011615,C. Manufacturing,54,25,29
S01011615,F. Construction,22,21,1
S01011615,G I. Distribution hotels and restaurants,41,16,25
S01011615,H J. Transport and communication,26,3,23
S01011615,K L M N. Financial real estate professional and administrative activities,15,5,10
S01011615,O P Q. Public administration education and health,33,6,27
S01011615,R S T U. Other,7,2,5
S01011615,Never worked,36,17,19
S01011616,All people aged 16 to 74 not in employment,158,66,92
S01011616,A B D E. Agriculture energy and water,2,1,1
S01011616,C. Manufacturing,29,9,20
S01011616,F. Construction,20,20,0
S01011616,G I. Distribution hotels and restaurants,31,16,15
S01011616,H J. Transport and communication,8,1,7
S01011616,K L M N. Financial real estate professional and administrative activities,13,5,8
S01011616,O P Q. Public administration education and health,23,3,20
S01011616,R S T U. Other,3,1,2
S01011616,Never worked,29,10,19
S01011617,All people aged 16 to 74 not in employment,280,127,153
S01011617,A B D E. Agriculture energy and water,4,2,2
S01011617,C. Manufacturing,63,25,38
S01011617,F. Construction,24,21,3
S01011617,G I. Distribution hotels and restaurants,63,34,29
S01011617,H J. Transport and communication,18,3,15
S01011617,K L M N. Financial real estate professional and administrative activities,19,5,14
S01011617,O P Q. Public administration education and health,33,8,25
S01011617,R S T U. Other,6,2,4
S01011617,Never worked,50,27,23
S01011618,All people aged 16 to 74 not in employment,178,75,103
S01011618,A B D E. Agriculture energy and water,4,2,2
S01011618,C. Manufacturing,31,11,20
S01011618,F. Construction,18,16,2
S01011618,G I. Distribution hotels and restaurants,35,17,18
S01011618,H J. Transport and communication,13,3,10
S01011618,K L M N. Financial real estate professional and administrative activities,14,3,11
S01011618,O P Q. Public administration education and health,26,6,20
S01011618,R S T U. Other,5,1,4
S01011618,Never worked,32,16,16
S01011619,All people aged 16 to 74 not in employment,194,76,118
S01011619,A B D E. Agriculture energy and water,3,3,0
S01011619,C. Manufacturing,31,13,18
S01011619,F. Construction,10,9,1
S01011619,G I. Distribution hotels and restaurants,52,19,33
S01011619,H J. Transport and communication,12,4,8
S01011619,K L M N. Financial real estate professional and administrative activities,16,4,12
S01011619,O P Q. Public administration education and health,39,9,30
S01011619,R S T U. Other,3,1,2
S01011619,Never worked,28,14,14
S01011620,All people aged 16 to 74 not in employment,132,53,79
S01011620,A B D E. Agriculture energy and water,3,2,1
S01011620,C. Manufacturing,15,9,6
S01011620,F. Construction,3,3,0
S01011620,G I. Distribution hotels and restaurants,25,12,13
S01011620,H J. Transport and communication,14,4,10
S01011620,K L M N. Financial real estate professional and administrative activities,20,4,16
S01011620,O P Q. Public administration education and health,18,4,14
S01011620,R S T U. Other,7,3,4
S01011620,Never worked,27,12,15
S01011621,All people aged 16 to 74 not in employment,193,81,112
S01011621,A B D E. Agriculture energy and water,4,3,1
S01011621,C. Manufacturing,29,16,13
S01011621,F. Construction,10,9,1
S01011621,G I. Distribution hotels and restaurants,52,23,29
S01011621,H J. Transport and communication,12,5,7
S01011621,K L M N. Financial real estate professional and administrative activities,19,7,12
S01011621,O P Q. Public administration education and health,31,3,28
S01011621,R S T U. Other,6,2,4
S01011621,Never worked,30,13,17
S01011622,All people aged 16 to 74 not in employment,105,44,61
S01011622,A B D E. Agriculture energy and water,1,0,1
S01011622,C. Manufacturing,17,10,7
S01011622,F. Construction,4,3,1
S01011622,G I. Distribution hotels and restaurants,20,10,10
S01011622,H J. Transport and communication,4,2,2
S01011622,K L M N. Financial real estate professional and administrative activities,15,6,9
S01011622,O P Q. Public administration education and health,26,5,21
S01011622,R S T U. Other,3,2,1
S01011622,Never worked,15,6,9
S01011623,All people aged 16 to 74 not in employment,216,95,121
S01011623,A B D E. Agriculture energy and water,5,5,0
S01011623,C. Manufacturing,46,21,25
S01011623,F. Construction,18,16,2
S01011623,G I. Distribution hotels and restaurants,33,12,21
S01011623,H J. Transport and communication,16,5,11
S01011623,K L M N. Financial real estate professional and administrative activities,20,5,15
S01011623,O P Q. Public administration education and health,40,13,27
S01011623,R S T U. Other,4,2,2
S01011623,Never worked,34,16,18
S01011624,All people aged 16 to 74 not in employment,150,50,100
S01011624,A B D E. Agriculture energy and water,2,2,0
S01011624,C. Manufacturing,22,8,14
S01011624,F. Construction,11,8,3
S01011624,G I. Distribution hotels and restaurants,25,9,16
S01011624,H J. Transport and communication,11,3,8
S01011624,K L M N. Financial real estate professional and administrative activities,16,2,14
S01011624,O P Q. Public administration education and health,27,4,23
S01011624,R S T U. Other,6,2,4
S01011624,Never worked,30,12,18
S01011625,All people aged 16 to 74 not in employment,161,63,98
S01011625,A B D E. Agriculture energy and water,5,2,3
S01011625,C. Manufacturing,27,11,16
S01011625,F. Construction,14,13,1
S01011625,G I. Distribution hotels and restaurants,33,14,19
S01011625,H J. Transport and communication,11,0,11
S01011625,K L M N. Financial real estate professional and administrative activities,15,5,10
S01011625,O P Q. Public administration education and health,32,9,23
S01011625,R S T U. Other,2,0,2
S01011625,Never worked,22,9,13
S01011626,All people aged 16 to 74 not in employment,133,54,79
S01011626,A B D E. Agriculture energy and water,3,1,2
S01011626,C. Manufacturing,19,10,9
S01011626,F. Construction,7,5,2
S01011626,G I. Distribution hotels and restaurants,22,9,13
S01011626,H J. Transport and communication,7,4,3
S01011626,K L M N. Financial real estate professional and administrative activities,15,6,9
S01011626,O P Q. Public administration education and health,21,2,19
S01011626,R S T U. Other,4,0,4
S01011626,Never worked,35,17,18
S01011627,All people aged 16 to 74 not in employment,86,35,51
S01011627,A B D E. Agriculture energy and water,2,2,0
S01011627,C. Manufacturing,13,4,9
S01011627,F. Construction,5,4,1
S01011627,G I. Distribution hotels and restaurants,15,5,10
S01011627,H J. Transport and communication,9,3,6
S01011627,K L M N. Financial real estate professional and administrative activities,8,1,7
S01011627,O P Q. Public administration education and health,11,4,7
S01011627,R S T U. Other,2,1,1
S01011627,Never worked,21,11,10
S01011628,All people aged 16 to 74 not in employment,267,120,147
S01011628,A B D E. Agriculture energy and water,3,1,2
S01011628,C. Manufacturing,31,16,15
S01011628,F. Construction,24,19,5
S01011628,G I. Distribution hotels and restaurants,63,31,32
S01011628,H J. Transport and communication,16,7,9
S01011628,K L M N. Financial real estate professional and administrative activities,28,8,20
S01011628,O P Q. Public administration education and health,51,16,35
S01011628,R S T U. Other,8,2,6
S01011628,Never worked,43,20,23
S01011629,All people aged 16 to 74 not in employment,200,79,121
S01011629,A B D E. Agriculture energy and water,2,1,1
S01011629,C. Manufacturing,40,19,21
S01011629,F. Construction,17,17,0
S01011629,G I. Distribution hotels and restaurants,40,16,24
S01011629,H J. Transport and communication,12,3,9
S01011629,K L M N. Financial real estate professional and administrative activities,22,7,15
S01011629,O P Q. Public administration education and health,31,3,28
S01011629,R S T U. Other,7,1,6
S01011629,Never worked,29,12,17
S01011630,All people aged 16 to 74 not in employment,194,88,106
S01011630,A B D E. Agriculture energy and water,8,6,2
S01011630,C. Manufacturing,29,11,18
S01011630,F. Construction,21,21,0
S01011630,G I. Distribution hotels and restaurants,40,15,25
S01011630,H J. Transport and communication,5,1,4
S01011630,K L M N. Financial real estate professional and administrative activities,13,4,9
S01011630,O P Q. Public administration education and health,35,11,24
S01011630,R S T U. Other,8,2,6
S01011630,Never worked,35,17,18
S01011631,All people aged 16 to 74 not in employment,214,90,124
S01011631,A B D E. Agriculture energy and water,5,4,1
S01011631,C. Manufacturing,30,12,18
S01011631,F. Construction,24,24,0
S01011631,G I. Distribution hotels and restaurants,37,15,22
S01011631,H J. Transport and communication,19,7,12
S01011631,K L M N. Financial real estate professional and administrative activities,22,5,17
S01011631,O P Q. Public administration education and health,25,2,23
S01011631,R S T U. Other,6,3,3
S01011631,Never worked,46,18,28
S01011632,All people aged 16 to 74 not in employment,208,81,127
S01011632,A B D E. Agriculture energy and water,2,2,0
S01011632,C. Manufacturing,29,9,20
S01011632,F. Construction,20,17,3
S01011632,G I. Distribution hotels and restaurants,41,16,25
S01011632,H J. Transport and communication,22,3,19
S01011632,K L M N. Financial real estate professional and administrative activities,14,7,7
S01011632,O P Q. Public administration education and health,26,6,20
S01011632,R S T U. Other,9,2,7
S01011632,Never worked,45,19,26
S01011633,All people aged 16 to 74 not in employment,236,100,136
S01011633,A B D E. Agriculture energy and water,6,4,2
S01011633,C. Manufacturing,31,13,18
S01011633,F. Construction,21,19,2
S01011633,G I. Distribution hotels and restaurants,45,17,28
S01011633,H J. Transport and communication,21,6,15
S01011633,K L M N. Financial real estate professional and administrative activities,23,6,17
S01011633,O P Q. Public administration education and health,39,9,30
S01011633,R S T U. Other,4,3,1
S01011633,Never worked,46,23,23
S01011634,All people aged 16 to 74 not in employment,205,84,121
S01011634,A B D E. Agriculture energy and water,3,2,1
S01011634,C. Manufacturing,34,18,16
S01011634,F. Construction,15,14,1
S01011634,G I. Distribution hotels and restaurants,40,16,24
S01011634,H J. Transport and communication,19,3,16
S01011634,K L M N. Financial real estate professional and administrative activities,24,6,18
S01011634,O P Q. Public administration education and health,26,4,22
S01011634,R S T U. Other,3,2,1
S01011634,Never worked,41,19,22
S01011635,All people aged 16 to 74 not in employment,224,85,139
S01011635,A B D E. Agriculture energy and water,1,1,0
S01011635,C. Manufacturing,42,15,27
S01011635,F. Construction,23,21,2
S01011635,G I. Distribution hotels and restaurants,42,14,28
S01011635,H J. Transport and communication,17,3,14
S01011635,K L M N. Financial real estate professional and administrative activities,13,3,10
S01011635,O P Q. Public administration education and health,23,5,18
S01011635,R S T U. Other,6,2,4
S01011635,Never worked,57,21,36
S01011636,All people aged 16 to 74 not in employment,241,90,151
S01011636,A B D E. Agriculture energy and water,5,4,1
S01011636,C. Manufacturing,40,15,25
S01011636,F. Construction,22,19,3
S01011636,G I. Distribution hotels and restaurants,45,14,31
S01011636,H J. Transport and communication,21,5,16
S01011636,K L M N. Financial real estate professional and administrative activities,22,10,12
S01011636,O P Q. Public administration education and health,27,4,23
S01011636,R S T U. Other,9,3,6
S01011636,Never worked,50,16,34
S01011637,All people aged 16 to 74 not in employment,234,106,128
S01011637,A B D E. Agriculture energy and water,3,3,0
S01011637,C. Manufacturing,32,13,19
S01011637,F. Construction,21,21,0
S01011637,G I. Distribution hotels and restaurants,49,24,25
S01011637,H J. Transport and communication,13,3,10
S01011637,K L M N. Financial real estate professional and administrative activities,14,5,9
S01011637,O P Q. Public administration education and health,42,10,32
S01011637,R S T U. Other,10,2,8
S01011637,Never worked,50,25,25
S01011638,All people aged 16 to 74 not in employment,159,71,88
S01011638,A B D E. Agriculture energy and water,3,3,0
S01011638,C. Manufacturing,29,16,13
S01011638,F. Construction,18,16,2
S01011638,G I. Distribution hotels and restaurants,44,15,29
S01011638,H J. Transport and communication,8,2,6
S01011638,K L M N. Financial real estate professional and administrative activities,15,8,7
S01011638,O P Q. Public administration education and health,23,3,20
S01011638,R S T U. Other,1,1,0
S01011638,Never worked,18,7,11
S01011639,All people aged 16 to 74 not in employment,193,74,119
S01011639,A B D E. Agriculture energy and water,1,0,1
S01011639,C. Manufacturing,35,13,22
S01011639,F. Construction,18,18,0
S01011639,G I. Distribution hotels and restaurants,29,10,19
S01011639,H J. Transport and communication,16,3,13
S01011639,K L M N. Financial real estate professional and administrative activities,23,11,12
S01011639,O P Q. Public administration education and health,27,2,25
S01011639,R S T U. Other,9,2,7
S01011639,Never worked,35,15,20
S01011640,All people aged 16 to 74 not in employment,220,87,133
S01011640,A B D E. Agriculture energy and water,3,2,1
S01011640,C. Manufacturing,38,15,23
S01011640,F. Construction,15,14,1
S01011640,G I. Distribution hotels and restaurants,42,17,25
S01011640,H J. Transport and communication,20,7,13
S01011640,K L M N. Financial real estate professional and administrative activities,16,8,8
S01011640,O P Q. Public administration education and health,29,1,28
S01011640,R S T U. Other,13,3,10
S01011640,Never worked,44,20,24
S01011641,All people aged 16 to 74 not in employment,118,49,69
S01011641,A B D E. Agriculture energy and water,1,0,1
S01011641,C. Manufacturing,22,6,16
S01011641,F. Construction,13,9,4
S01011641,G I. Distribution hotels and restaurants,23,11,12
S01011641,H J. Transport and communication,4,3,1
S01011641,K L M N. Financial real estate professional and administrative activities,13,3,10
S01011641,O P Q. Public administration education and health,24,6,18
S01011641,R S T U. Other,5,1,4
S01011641,Never worked,13,10,3
S01011642,All people aged 16 to 74 not in employment,220,95,125
S01011642,A B D E. Agriculture energy and water,6,4,2
S01011642,C. Manufacturing,29,11,18
S01011642,F. Construction,18,14,4
S01011642,G I. Distribution hotels and restaurants,48,20,28
S01011642,H J. Transport and communication,13,3,10
S01011642,K L M N. Financial real estate professional and administrative activities,37,13,24
S01011642,O P Q. Public administration education and health,42,14,28
S01011642,R S T U. Other,1,0,1
S01011642,Never worked,26,16,10
S01011643,All people aged 16 to 74 not in employment,115,48,67
S01011643,A B D E. Agriculture energy and water,0,0,0
S01011643,C. Manufacturing,11,7,4
S01011643,F. Construction,3,3,0
S01011643,G I. Distribution hotels and restaurants,19,8,11
S01011643,H J. Transport and communication,15,6,9
S01011643,K L M N. Financial real estate professional and administrative activities,14,9,5
S01011643,O P Q. Public administration education and health,31,5,26
S01011643,R S T U. Other,2,0,2
S01011643,Never worked,20,10,10
S01011644,All people aged 16 to 74 not in employment,168,63,105
S01011644,A B D E. Agriculture energy and water,4,1,3
S01011644,C. Manufacturing,29,10,19
S01011644,F. Construction,8,7,1
S01011644,G I. Distribution hotels and restaurants,23,10,13
S01011644,H J. Transport and communication,12,4,8
S01011644,K L M N. Financial real estate professional and administrative activities,20,9,11
S01011644,O P Q. Public administration education and health,52,11,41
S01011644,R S T U. Other,6,2,4
S01011644,Never worked,14,9,5
S01011645,All people aged 16 to 74 not in employment,154,60,94
S01011645,A B D E. Agriculture energy and water,4,0,4
S01011645,C. Manufacturing,21,10,11
S01011645,F. Construction,12,10,2
S01011645,G I. Distribution hotels and restaurants,31,16,15
S01011645,H J. Transport and communication,4,1,3
S01011645,K L M N. Financial real estate professional and administrative activities,18,6,12
S01011645,O P Q. Public administration education and health,43,9,34
S01011645,R S T U. Other,6,1,5
S01011645,Never worked,15,7,8
S01011646,All people aged 16 to 74 not in employment,198,88,110
S01011646,A B D E. Agriculture energy and water,4,2,2
S01011646,C. Manufacturing,32,16,16
S01011646,F. Construction,21,16,5
S01011646,G I. Distribution hotels and restaurants,27,12,15
S01011646,H J. Transport and communication,12,7,5
S01011646,K L M N. Financial real estate professional and administrative activities,23,8,15
S01011646,O P Q. Public administration education and health,43,12,31
S01011646,R S T U. Other,8,3,5
S01011646,Never worked,28,12,16
S01011647,All people aged 16 to 74 not in employment,177,64,113
S01011647,A B D E. Agriculture energy and water,2,2,0
S01011647,C. Manufacturing,23,10,13
S01011647,F. Construction,11,9,2
S01011647,G I. Distribution hotels and restaurants,29,10,19
S01011647,H J. Transport and communication,5,1,4
S01011647,K L M N. Financial real estate professional and administrative activities,24,8,16
S01011647,O P Q. Public administration education and health,31,6,25
S01011647,R S T U. Other,3,0,3
S01011647,Never worked,49,18,31
S01011648,All people aged 16 to 74 not in employment,137,53,84
S01011648,A B D E. Agriculture energy and water,3,3,0
S01011648,C. Manufacturing,21,13,8
S01011648,F. Construction,9,7,2
S01011648,G I. Distribution hotels and restaurants,33,12,21
S01011648,H J. Transport and communication,10,2,8
S01011648,K L M N. Financial real estate professional and administrative activities,13,4,9
S01011648,O P Q. Public administration education and health,13,2,11
S01011648,R S T U. Other,6,0,6
S01011648,Never worked,29,10,19
S01011649,All people aged 16 to 74 not in employment,123,48,75
S01011649,A B D E. Agriculture energy and water,4,3,1
S01011649,C. Manufacturing,27,15,12
S01011649,F. Construction,10,9,1
S01011649,G I. Distribution hotels and restaurants,22,11,11
S01011649,H J. Transport and communication,6,1,5
S01011649,K L M N. Financial real estate professional and administrative activities,10,1,9
S01011649,O P Q. Public administration education and health,23,4,19
S01011649,R S T U. Other,3,1,2
S01011649,Never worked,18,3,15
S01011650,All people aged 16 to 74 not in employment,197,78,119
S01011650,A B D E. Agriculture energy and water,2,2,0
S01011650,C. Manufacturing,28,16,12
S01011650,F. Construction,16,14,2
S01011650,G I. Distribution hotels and restaurants,34,15,19
S01011650,H J. Transport and communication,10,5,5
S01011650,K L M N. Financial real estate professional and administrative activities,16,8,8
S01011650,O P Q. Public administration education and health,51,8,43
S01011650,R S T U. Other,9,3,6
S01011650,Never worked,31,7,24
S01011651,All people aged 16 to 74 not in employment,251,112,139
S01011651,A B D E. Agriculture energy and water,5,3,2
S01011651,C. Manufacturing,40,15,25
S01011651,F. Construction,23,20,3
S01011651,G I. Distribution hotels and restaurants,43,23,20
S01011651,H J. Transport and communication,18,9,9
S01011651,K L M N. Financial real estate professional and administrative activities,25,5,20
S01011651,O P Q. Public administration education and health,54,20,34
S01011651,R S T U. Other,10,1,9
S01011651,Never worked,33,16,17
S01011652,All people aged 16 to 74 not in employment,193,79,114
S01011652,A B D E. Agriculture energy and water,2,2,0
S01011652,C. Manufacturing,16,4,12
S01011652,F. Construction,15,12,3
S01011652,G I. Distribution hotels and restaurants,37,13,24
S01011652,H J. Transport and communication,9,2,7
S01011652,K L M N. Financial real estate professional and administrative activities,21,9,12
S01011652,O P Q. Public administration education and health,43,15,28
S01011652,R S T U. Other,8,2,6
S01011652,Never worked,42,20,22
S01011653,All people aged 16 to 74 not in employment,288,120,168
S01011653,A B D E. Agriculture energy and water,7,4,3
S01011653,C. Manufacturing,35,13,22
S01011653,F. Construction,34,30,4
S01011653,G I. Distribution hotels and restaurants,49,19,30
S01011653,H J. Transport and communication,14,5,9
S01011653,K L M N. Financial real estate professional and administrative activities,34,13,21
S01011653,O P Q. Public administration education and health,36,8,28
S01011653,R S T U. Other,7,0,7
S01011653,Never worked,72,28,44
S01011654,All people aged 16 to 74 not in employment,322,144,178
S01011654,A B D E. Agriculture energy and water,3,3,0
S01011654,C. Manufacturing,50,23,27
S01011654,F. Construction,31,29,2
S01011654,G I. Distribution hotels and restaurants,58,26,32
S01011654,H J. Transport and communication,21,6,15
S01011654,K L M N. Financial real estate professional and administrative activities,30,11,19
S01011654,O P Q. Public administration education and health,52,14,38
S01011654,R S T U. Other,11,4,7
S01011654,Never worked,66,28,38
S01011655,All people aged 16 to 74 not in employment,305,130,175
S01011655,A B D E. Agriculture energy and water,7,3,4
S01011655,C. Manufacturing,38,18,20
S01011655,F. Construction,36,34,2
S01011655,G I. Distribution hotels and restaurants,60,31,29
S01011655,H J. Transport and communication,27,6,21
S01011655,K L M N. Financial real estate professional and administrative activities,32,12,20
S01011655,O P Q. Public administration education and health,49,8,41
S01011655,R S T U. Other,14,3,11
S01011655,Never worked,42,15,27
S01011656,All people aged 16 to 74 not in employment,232,110,122
S01011656,A B D E. Agriculture energy and water,8,7,1
S01011656,C. Manufacturing,23,8,15
S01011656,F. Construction,30,28,2
S01011656,G I. Distribution hotels and restaurants,45,20,25
S01011656,H J. Transport and communication,17,6,11
S01011656,K L M N. Financial real estate professional and administrative activities,27,9,18
S01011656,O P Q. Public administration education and health,28,8,20
S01011656,R S T U. Other,8,2,6
S01011656,Never worked,46,22,24
S01011657,All people aged 16 to 74 not in employment,201,92,109
S01011657,A B D E. Agriculture energy and water,2,1,1
S01011657,C. Manufacturing,34,16,18
S01011657,F. Construction,19,18,1
S01011657,G I. Distribution hotels and restaurants,32,15,17
S01011657,H J. Transport and communication,18,3,15
S01011657,K L M N. Financial real estate professional and administrative activities,17,9,8
S01011657,O P Q. Public administration education and health,29,2,27
S01011657,R S T U. Other,5,3,2
S01011657,Never worked,45,25,20
S01011658,All people aged 16 to 74 not in employment,201,87,114
S01011658,A B D E. Agriculture energy and water,8,4,4
S01011658,C. Manufacturing,31,14,17
S01011658,F. Construction,25,25,0
S01011658,G I. Distribution hotels and restaurants,25,12,13
S01011658,H J. Transport and communication,13,2,11
S01011658,K L M N. Financial real estate professional and administrative activities,19,7,12
S01011658,O P Q. Public administration education and health,35,5,30
S01011658,R S T U. Other,7,1,6
S01011658,Never worked,38,17,21
S01011659,All people aged 16 to 74 not in employment,263,115,148
S01011659,A B D E. Agriculture energy and water,3,2,1
S01011659,C. Manufacturing,31,15,16
S01011659,F. Construction,31,30,1
S01011659,G I. Distribution hotels and restaurants,56,33,23
S01011659,H J. Transport and communication,23,4,19
S01011659,K L M N. Financial real estate professional and administrative activities,28,9,19
S01011659,O P Q. Public administration education and health,54,9,45
S01011659,R S T U. Other,6,0,6
S01011659,Never worked,31,13,18
S01011660,All people aged 16 to 74 not in employment,250,112,138
S01011660,A B D E. Agriculture energy and water,6,3,3
S01011660,C. Manufacturing,17,8,9
S01011660,F. Construction,21,21,0
S01011660,G I. Distribution hotels and restaurants,56,31,25
S01011660,H J. Transport and communication,22,7,15
S01011660,K L M N. Financial real estate professional and administrative activities,26,7,19
S01011660,O P Q. Public administration education and health,51,15,36
S01011660,R S T U. Other,5,2,3
S01011660,Never worked,46,18,28
S01011661,All people aged 16 to 74 not in employment,169,78,91
S01011661,A B D E. Agriculture energy and water,3,1,2
S01011661,C. Manufacturing,25,14,11
S01011661,F. Construction,18,18,0
S01011661,G I. Distribution hotels and restaurants,40,18,22
S01011661,H J. Transport and communication,10,2,8
S01011661,K L M N. Financial real estate professional and administrative activities,12,7,5
S01011661,O P Q. Public administration education and health,29,6,23
S01011661,R S T U. Other,9,1,8
S01011661,Never worked,23,11,12
S01011662,All people aged 16 to 74 not in employment,106,44,62
S01011662,A B D E. Agriculture energy and water,1,1,0
S01011662,C. Manufacturing,11,8,3
S01011662,F. Construction,6,5,1
S01011662,G I. Distribution hotels and restaurants,24,7,17
S01011662,H J. Transport and communication,6,2,4
S01011662,K L M N. Financial real estate professional and administrative activities,9,4,5
S01011662,O P Q. Public administration education and health,24,4,20
S01011662,R S T U. Other,5,1,4
S01011662,Never worked,20,12,8
S01011663,All people aged 16 to 74 not in employment,330,170,160
S01011663,A B D E. Agriculture energy and water,5,4,1
S01011663,C. Manufacturing,33,16,17
S01011663,F. Construction,36,36,0
S01011663,G I. Distribution hotels and restaurants,66,36,30
S01011663,H J. Transport and communication,27,12,15
S01011663,K L M N. Financial real estate professional and administrative activities,31,14,17
S01011663,O P Q. Public administration education and health,44,10,34
S01011663,R S T U. Other,12,4,8
S01011663,Never worked,76,38,38
S01011664,All people aged 16 to 74 not in employment,414,180,234
S01011664,A B D E. Agriculture energy and water,11,9,2
S01011664,C. Manufacturing,75,32,43
S01011664,F. Construction,39,38,1
S01011664,G I. Distribution hotels and restaurants,66,30,36
S01011664,H J. Transport and communication,26,4,22
S01011664,K L M N. Financial real estate professional and administrative activities,39,14,25
S01011664,O P Q. Public administration education and health,51,10,41
S01011664,R S T U. Other,11,2,9
S01011664,Never worked,96,41,55
S01011665,All people aged 16 to 74 not in employment,303,120,183
S01011665,A B D E. Agriculture energy and water,7,4,3
S01011665,C. Manufacturing,33,16,17
S01011665,F. Construction,21,19,2
S01011665,G I. Distribution hotels and restaurants,63,34,29
S01011665,H J. Transport and communication,28,6,22
S01011665,K L M N. Financial real estate professional and administrative activities,29,6,23
S01011665,O P Q. Public administration education and health,55,15,40
S01011665,R S T U. Other,13,3,10
S01011665,Never worked,54,17,37
S01011666,All people aged 16 to 74 not in employment,342,154,188
S01011666,A B D E. Agriculture energy and water,4,3,1
S01011666,C. Manufacturing,45,22,23
S01011666,F. Construction,34,31,3
S01011666,G I. Distribution hotels and restaurants,91,35,56
S01011666,H J. Transport and communication,21,11,10
S01011666,K L M N. Financial real estate professional and administrative activities,31,11,20
S01011666,O P Q. Public administration education and health,46,9,37
S01011666,R S T U. Other,17,8,9
S01011666,Never worked,53,24,29
S01011667,All people aged 16 to 74 not in employment,254,112,142
S01011667,A B D E. Agriculture energy and water,5,2,3
S01011667,C. Manufacturing,35,12,23
S01011667,F. Construction,37,32,5
S01011667,G I. Distribution hotels and restaurants,50,23,27
S01011667,H J. Transport and communication,17,5,12
S01011667,K L M N. Financial real estate professional and administrative activities,29,15,14
S01011667,O P Q. Public administration education and health,28,7,21
S01011667,R S T U. Other,5,2,3
S01011667,Never worked,48,14,34
S01011668,All people aged 16 to 74 not in employment,350,143,207
S01011668,A B D E. Agriculture energy and water,3,2,1
S01011668,C. Manufacturing,49,24,25
S01011668,F. Construction,33,30,3
S01011668,G I. Distribution hotels and restaurants,78,27,51
S01011668,H J. Transport and communication,21,2,19
S01011668,K L M N. Financial real estate professional and administrative activities,35,14,21
S01011668,O P Q. Public administration education and health,45,6,39
S01011668,R S T U. Other,11,1,10
S01011668,Never worked,75,37,38
S01011669,All people aged 16 to 74 not in employment,211,92,119
S01011669,A B D E. Agriculture energy and water,5,5,0
S01011669,C. Manufacturing,21,9,12
S01011669,F. Construction,15,13,2
S01011669,G I. Distribution hotels and restaurants,47,22,25
S01011669,H J. Transport and communication,14,4,10
S01011669,K L M N. Financial real estate professional and administrative activities,23,11,12
S01011669,O P Q. Public administration education and health,57,17,40
S01011669,R S T U. Other,7,2,5
S01011669,Never worked,22,9,13
S01011670,All people aged 16 to 74 not in employment,140,66,74
S01011670,A B D E. Agriculture energy and water,2,1,1
S01011670,C. Manufacturing,22,8,14
S01011670,F. Construction,13,13,0
S01011670,G I. Distribution hotels and restaurants,30,15,15
S01011670,H J. Transport and communication,11,2,9
S01011670,K L M N. Financial real estate professional and administrative activities,12,6,6
S01011670,O P Q. Public administration education and health,17,3,14
S01011670,R S T U. Other,5,0,5
S01011670,Never worked,28,18,10
S01011671,All people aged 16 to 74 not in employment,188,71,117
S01011671,A B D E. Agriculture energy and water,4,2,2
S01011671,C. Manufacturing,25,12,13
S01011671,F. Construction,20,19,1
S01011671,G I. Distribution hotels and restaurants,44,17,27
S01011671,H J. Transport and communication,9,1,8
S01011671,K L M N. Financial real estate professional and administrative activities,25,9,16
S01011671,O P Q. Public administration education and health,40,4,36
S01011671,R S T U. Other,6,0,6
S01011671,Never worked,15,7,8
S01011672,All people aged 16 to 74 not in employment,194,85,109
S01011672,A B D E. Agriculture energy and water,1,1,0
S01011672,C. Manufacturing,25,13,12
S01011672,F. Construction,10,10,0
S01011672,G I. Distribution hotels and restaurants,40,21,19
S01011672,H J. Transport and communication,11,3,8
S01011672,K L M N. Financial real estate professional and administrative activities,19,8,11
S01011672,O P Q. Public administration education and health,42,9,33
S01011672,R S T U. Other,7,3,4
S01011672,Never worked,39,17,22
S01011673,All people aged 16 to 74 not in employment,204,91,113
S01011673,A B D E. Agriculture energy and water,3,1,2
S01011673,C. Manufacturing,31,16,15
S01011673,F. Construction,19,16,3
S01011673,G I. Distribution hotels and restaurants,49,21,28
S01011673,H J. Transport and communication,12,0,12
S01011673,K L M N. Financial real estate professional and administrative activities,11,7,4
S01011673,O P Q. Public administration education and health,31,8,23
S01011673,R S T U. Other,5,0,5
S01011673,Never worked,43,22,21
S01011674,All people aged 16 to 74 not in employment,265,112,153
S01011674,A B D E. Agriculture energy and water,2,1,1
S01011674,C. Manufacturing,47,21,26
S01011674,F. Construction,21,20,1
S01011674,G I. Distribution hotels and restaurants,51,21,30
S01011674,H J. Transport and communication,13,5,8
S01011674,K L M N. Financial real estate professional and administrative activities,26,9,17
S01011674,O P Q. Public administration education and health,52,12,40
S01011674,R S T U. Other,5,2,3
S01011674,Never worked,48,21,27
S01011675,All people aged 16 to 74 not in employment,296,128,168
S01011675,A B D E. Agriculture energy and water,4,2,2
S01011675,C. Manufacturing,47,23,24
S01011675,F. Construction,30,27,3
S01011675,G I. Distribution hotels and restaurants,56,22,34
S01011675,H J. Transport and communication,21,5,16
S01011675,K L M N. Financial real estate professional and administrative activities,22,13,9
S01011675,O P Q. Public administration education and health,43,7,36
S01011675,R S T U. Other,15,3,12
S01011675,Never worked,58,26,32
S01011676,All people aged 16 to 74 not in employment,245,99,146
S01011676,A B D E. Agriculture energy and water,5,5,0
S01011676,C. Manufacturing,43,13,30
S01011676,F. Construction,23,22,1
S01011676,G I. Distribution hotels and restaurants,55,21,34
S01011676,H J. Transport and communication,13,0,13
S01011676,K L M N. Financial real estate professional and administrative activities,18,5,13
S01011676,O P Q. Public administration education and health,30,5,25
S01011676,R S T U. Other,7,5,2
S01011676,Never worked,51,23,28
S01011677,All people aged 16 to 74 not in employment,143,73,70
S01011677,A B D E. Agriculture energy and water,7,7,0
S01011677,C. Manufacturing,17,7,10
S01011677,F. Construction,21,18,3
S01011677,G I. Distribution hotels and restaurants,29,18,11
S01011677,H J. Transport and communication,6,1,5
S01011677,K L M N. Financial real estate professional and administrative activities,11,1,10
S01011677,O P Q. Public administration education and health,14,4,10
S01011677,R S T U. Other,5,1,4
S01011677,Never worked,33,16,17
S01011678,All people aged 16 to 74 not in employment,184,87,97
S01011678,A B D E. Agriculture energy and water,4,3,1
S01011678,C. Manufacturing,26,16,10
S01011678,F. Construction,23,21,2
S01011678,G I. Distribution hotels and restaurants,32,17,15
S01011678,H J. Transport and communication,17,3,14
S01011678,K L M N. Financial real estate professional and administrative activities,14,7,7
S01011678,O P Q. Public administration education and health,15,4,11
S01011678,R S T U. Other,10,2,8
S01011678,Never worked,43,14,29
S01011679,All people aged 16 to 74 not in employment,83,24,59
S01011679,A B D E. Agriculture energy and water,2,1,1
S01011679,C. Manufacturing,12,6,6
S01011679,F. Construction,4,4,0
S01011679,G I. Distribution hotels and restaurants,22,4,18
S01011679,H J. Transport and communication,4,0,4
S01011679,K L M N. Financial real estate professional and administrative activities,10,4,6
S01011679,O P Q. Public administration education and health,14,1,13
S01011679,R S T U. Other,0,0,0
S01011679,Never worked,15,4,11
S01011680,All people aged 16 to 74 not in employment,358,154,204
S01011680,A B D E. Agriculture energy and water,11,6,5
S01011680,C. Manufacturing,57,24,33
S01011680,F. Construction,33,30,3
S01011680,G I. Distribution hotels and restaurants,54,26,28
S01011680,H J. Transport and communication,23,1,22
S01011680,K L M N. Financial real estate professional and administrative activities,31,20,11
S01011680,O P Q. Public administration education and health,64,11,53
S01011680,R S T U. Other,10,5,5
S01011680,Never worked,75,31,44
S01011681,All people aged 16 to 74 not in employment,223,92,131
S01011681,A B D E. Agriculture energy and water,6,4,2
S01011681,C. Manufacturing,32,14,18
S01011681,F. Construction,15,14,1
S01011681,G I. Distribution hotels and restaurants,47,21,26
S01011681,H J. Transport and communication,15,3,12
S01011681,K L M N. Financial real estate professional and administrative activities,19,6,13
S01011681,O P Q. Public administration education and health,43,12,31
S01011681,R S T U. Other,8,3,5
S01011681,Never worked,38,15,23
S01011682,All people aged 16 to 74 not in employment,181,118,63
S01011682,A B D E. Agriculture energy and water,8,7,1
S01011682,C. Manufacturing,16,8,8
S01011682,F. Construction,19,18,1
S01011682,G I. Distribution hotels and restaurants,16,12,4
S01011682,H J. Transport and communication,12,3,9
S01011682,K L M N. Financial real estate professional and administrative activities,26,21,5
S01011682,O P Q. Public administration education and health,41,16,25
S01011682,R S T U. Other,2,1,1
S01011682,Never worked,41,32,9
S01011683,All people aged 16 to 74 not in employment,221,98,123
S01011683,A B D E. Agriculture energy and water,8,5,3
S01011683,C. Manufacturing,28,8,20
S01011683,F. Construction,31,29,2
S01011683,G I. Distribution hotels and restaurants,46,12,34
S01011683,H J. Transport and communication,7,1,6
S01011683,K L M N. Financial real estate professional and administrative activities,24,10,14
S01011683,O P Q. Public administration education and health,30,9,21
S01011683,R S T U. Other,5,0,5
S01011683,Never worked,42,24,18
S01011684,All people aged 16 to 74 not in employment,159,62,97
S01011684,A B D E. Agriculture energy and water,1,1,0
S01011684,C. Manufacturing,23,9,14
S01011684,F. Construction,19,16,3
S01011684,G I. Distribution hotels and restaurants,28,13,15
S01011684,H J. Transport and communication,7,0,7
S01011684,K L M N. Financial real estate professional and administrative activities,17,7,10
S01011684,O P Q. Public administration education and health,34,7,27
S01011684,R S T U. Other,9,2,7
S01011684,Never worked,21,7,14
S01011685,All people aged 16 to 74 not in employment,114,49,65
S01011685,A B D E. Agriculture energy and water,3,1,2
S01011685,C. Manufacturing,16,10,6
S01011685,F. Construction,6,6,0
S01011685,G I. Distribution hotels and restaurants,24,9,15
S01011685,H J. Transport and communication,8,2,6
S01011685,K L M N. Financial real estate professional and administrative activities,11,6,5
S01011685,O P Q. Public administration education and health,17,4,13
S01011685,R S T U. Other,7,1,6
S01011685,Never worked,22,10,12
S01011686,All people aged 16 to 74 not in employment,185,74,111
S01011686,A B D E. Agriculture energy and water,4,4,0
S01011686,C. Manufacturing,26,11,15
S01011686,F. Construction,13,11,2
S01011686,G I. Distribution hotels and restaurants,35,15,20
S01011686,H J. Transport and communication,4,1,3
S01011686,K L M N. Financial real estate professional and administrative activities,23,10,13
S01011686,O P Q. Public administration education and health,47,9,38
S01011686,R S T U. Other,6,2,4
S01011686,Never worked,27,11,16
S01011687,All people aged 16 to 74 not in employment,267,105,162
S01011687,A B D E. Agriculture energy and water,8,7,1
S01011687,C. Manufacturing,38,12,26
S01011687,F. Construction,16,16,0
S01011687,G I. Distribution hotels and restaurants,53,14,39
S01011687,H J. Transport and communication,19,5,14
S01011687,K L M N. Financial real estate professional and administrative activities,28,12,16
S01011687,O P Q. Public administration education and health,39,9,30
S01011687,R S T U. Other,6,3,3
S01011687,Never worked,60,27,33
S01011688,All people aged 16 to 74 not in employment,177,73,104
S01011688,A B D E. Agriculture energy and water,9,4,5
S01011688,C. Manufacturing,20,8,12
S01011688,F. Construction,12,10,2
S01011688,G I. Distribution hotels and restaurants,39,16,23
S01011688,H J. Transport and communication,6,1,5
S01011688,K L M N. Financial real estate professional and administrative activities,19,6,13
S01011688,O P Q. Public administration education and health,28,7,21
S01011688,R S T U. Other,6,2,4
S01011688,Never worked,38,19,19
S01011689,All people aged 16 to 74 not in employment,135,64,71
S01011689,A B D E. Agriculture energy and water,6,5,1
S01011689,C. Manufacturing,15,7,8
S01011689,F. Construction,10,9,1
S01011689,G I. Distribution hotels and restaurants,27,10,17
S01011689,H J. Transport and communication,5,0,5
S01011689,K L M N. Financial real estate professional and administrative activities,19,9,10
S01011689,O P Q. Public administration education and health,26,6,20
S01011689,R S T U. Other,2,1,1
S01011689,Never worked,25,17,8
S01011690,All people aged 16 to 74 not in employment,192,89,103
S01011690,A B D E. Agriculture energy and water,4,2,2
S01011690,C. Manufacturing,19,10,9
S01011690,F. Construction,19,19,0
S01011690,G I. Distribution hotels and restaurants,49,24,25
S01011690,H J. Transport and communication,10,4,6
S01011690,K L M N. Financial real estate professional and administrative activities,23,5,18
S01011690,O P Q. Public administration education and health,24,6,18
S01011690,R S T U. Other,2,0,2
S01011690,Never worked,42,19,23
S01011691,All people aged 16 to 74 not in employment,129,50,79
S01011691,A B D E. Agriculture energy and water,1,1,0
S01011691,C. Manufacturing,16,6,10
S01011691,F. Construction,18,15,3
S01011691,G I. Distribution hotels and restaurants,28,9,19
S01011691,H J. Transport and communication,10,5,5
S01011691,K L M N. Financial real estate professional and administrative activities,9,3,6
S01011691,O P Q. Public administration education and health,21,1,20
S01011691,R S T U. Other,2,0,2
S01011691,Never worked,24,10,14
S01011692,All people aged 16 to 74 not in employment,371,163,208
S01011692,A B D E. Agriculture energy and water,13,7,6
S01011692,C. Manufacturing,55,26,29
S01011692,F. Construction,41,36,5
S01011692,G I. Distribution hotels and restaurants,78,33,45
S01011692,H J. Transport and communication,24,4,20
S01011692,K L M N. Financial real estate professional and administrative activities,39,14,25
S01011692,O P Q. Public administration education and health,65,17,48
S01011692,R S T U. Other,5,3,2
S01011692,Never worked,51,23,28
S01011693,All people aged 16 to 74 not in employment,182,80,102
S01011693,A B D E. Agriculture energy and water,2,1,1
S01011693,C. Manufacturing,22,13,9
S01011693,F. Construction,21,16,5
S01011693,G I. Distribution hotels and restaurants,28,13,15
S01011693,H J. Transport and communication,13,6,7
S01011693,K L M N. Financial real estate professional and administrative activities,19,5,14
S01011693,O P Q. Public administration education and health,44,9,35
S01011693,R S T U. Other,4,3,1
S01011693,Never worked,29,14,15
S01011694,All people aged 16 to 74 not in employment,76,31,45
S01011694,A B D E. Agriculture energy and water,3,1,2
S01011694,C. Manufacturing,11,6,5
S01011694,F. Construction,5,2,3
S01011694,G I. Distribution hotels and restaurants,14,4,10
S01011694,H J. Transport and communication,2,1,1
S01011694,K L M N. Financial real estate professional and administrative activities,6,3,3
S01011694,O P Q. Public administration education and health,14,5,9
S01011694,R S T U. Other,4,0,4
S01011694,Never worked,17,9,8
S01011695,All people aged 16 to 74 not in employment,134,55,79
S01011695,A B D E. Agriculture energy and water,4,2,2
S01011695,C. Manufacturing,13,6,7
S01011695,F. Construction,6,5,1
S01011695,G I. Distribution hotels and restaurants,23,10,13
S01011695,H J. Transport and communication,5,2,3
S01011695,K L M N. Financial real estate professional and administrative activities,15,2,13
S01011695,O P Q. Public administration education and health,37,15,22
S01011695,R S T U. Other,7,1,6
S01011695,Never worked,24,12,12
S01011696,All people aged 16 to 74 not in employment,115,31,84
S01011696,A B D E. Agriculture energy and water,0,0,0
S01011696,C. Manufacturing,3,1,2
S01011696,F. Construction,4,4,0
S01011696,G I. Distribution hotels and restaurants,19,5,14
S01011696,H J. Transport and communication,18,5,13
S01011696,K L M N. Financial real estate professional and administrative activities,20,4,16
S01011696,O P Q. Public administration education and health,20,3,17
S01011696,R S T U. Other,5,0,5
S01011696,Never worked,26,9,17
S01011697,All people aged 16 to 74 not in employment,186,79,107
S01011697,A B D E. Agriculture energy and water,5,4,1
S01011697,C. Manufacturing,20,6,14
S01011697,F. Construction,12,11,1
S01011697,G I. Distribution hotels and restaurants,42,17,25
S01011697,H J. Transport and communication,9,3,6
S01011697,K L M N. Financial real estate professional and administrative activities,23,10,13
S01011697,O P Q. Public administration education and health,35,11,24
S01011697,R S T U. Other,4,2,2
S01011697,Never worked,36,15,21
S01011698,All people aged 16 to 74 not in employment,202,95,107
S01011698,A B D E. Agriculture energy and water,5,4,1
S01011698,C. Manufacturing,27,15,12
S01011698,F. Construction,31,28,3
S01011698,G I. Distribution hotels and restaurants,41,22,19
S01011698,H J. Transport and communication,15,3,12
S01011698,K L M N. Financial real estate professional and administrative activities,14,3,11
S01011698,O P Q. Public administration education and health,35,5,30
S01011698,R S T U. Other,8,3,5
S01011698,Never worked,26,12,14
S01011699,All people aged 16 to 74 not in employment,227,106,121
S01011699,A B D E. Agriculture energy and water,2,1,1
S01011699,C. Manufacturing,26,16,10
S01011699,F. Construction,21,17,4
S01011699,G I. Distribution hotels and restaurants,51,25,26
S01011699,H J. Transport and communication,12,4,8
S01011699,K L M N. Financial real estate professional and administrative activities,24,8,16
S01011699,O P Q. Public administration education and health,50,17,33
S01011699,R S T U. Other,6,2,4
S01011699,Never worked,35,16,19
S01011700,All people aged 16 to 74 not in employment,226,95,131
S01011700,A B D E. Agriculture energy and water,5,5,0
S01011700,C. Manufacturing,21,11,10
S01011700,F. Construction,14,10,4
S01011700,G I. Distribution hotels and restaurants,38,21,17
S01011700,H J. Transport and communication,25,9,16
S01011700,K L M N. Financial real estate professional and administrative activities,23,2,21
S01011700,O P Q. Public administration education and health,63,20,43
S01011700,R S T U. Other,9,1,8
S01011700,Never worked,28,16,12
S01011701,All people aged 16 to 74 not in employment,207,80,127
S01011701,A B D E. Agriculture energy and water,1,0,1
S01011701,C. Manufacturing,26,16,10
S01011701,F. Construction,10,8,2
S01011701,G I. Distribution hotels and restaurants,43,16,27
S01011701,H J. Transport and communication,15,3,12
S01011701,K L M N. Financial real estate professional and administrative activities,23,5,18
S01011701,O P Q. Public administration education and health,53,13,40
S01011701,R S T U. Other,5,1,4
S01011701,Never worked,31,18,13
S01011702,All people aged 16 to 74 not in employment,208,85,123
S01011702,A B D E. Agriculture energy and water,5,4,1
S01011702,C. Manufacturing,18,10,8
S01011702,F. Construction,18,14,4
S01011702,G I. Distribution hotels and restaurants,45,16,29
S01011702,H J. Transport and communication,17,7,10
S01011702,K L M N. Financial real estate professional and administrative activities,25,8,17
S01011702,O P Q. Public administration education and health,43,9,34
S01011702,R S T U. Other,13,5,8
S01011702,Never worked,24,12,12
S01011703,All people aged 16 to 74 not in employment,130,49,81
S01011703,A B D E. Agriculture energy and water,4,2,2
S01011703,C. Manufacturing,12,5,7
S01011703,F. Construction,12,9,3
S01011703,G I. Distribution hotels and restaurants,15,6,9
S01011703,H J. Transport and communication,7,1,6
S01011703,K L M N. Financial real estate professional and administrative activities,14,6,8
S01011703,O P Q. Public administration education and health,35,10,25
S01011703,R S T U. Other,12,3,9
S01011703,Never worked,19,7,12
S01011704,All people aged 16 to 74 not in employment,115,48,67
S01011704,A B D E. Agriculture energy and water,2,2,0
S01011704,C. Manufacturing,8,4,4
S01011704,F. Construction,7,5,2
S01011704,G I. Distribution hotels and restaurants,25,10,15
S01011704,H J. Transport and communication,8,4,4
S01011704,K L M N. Financial real estate professional and administrative activities,15,7,8
S01011704,O P Q. Public administration education and health,25,4,21
S01011704,R S T U. Other,4,1,3
S01011704,Never worked,21,11,10
S01011705,All people aged 16 to 74 not in employment,215,87,128
S01011705,A B D E. Agriculture energy and water,2,2,0
S01011705,C. Manufacturing,20,10,10
S01011705,F. Construction,16,14,2
S01011705,G I. Distribution hotels and restaurants,51,23,28
S01011705,H J. Transport and communication,20,4,16
S01011705,K L M N. Financial real estate professional and administrative activities,25,6,19
S01011705,O P Q. Public administration education and health,28,5,23
S01011705,R S T U. Other,3,0,3
S01011705,Never worked,50,23,27
S01011706,All people aged 16 to 74 not in employment,290,124,166
S01011706,A B D E. Agriculture energy and water,7,5,2
S01011706,C. Manufacturing,39,19,20
S01011706,F. Construction,29,26,3
S01011706,G I. Distribution hotels and restaurants,63,30,33
S01011706,H J. Transport and communication,20,6,14
S01011706,K L M N. Financial real estate professional and administrative activities,17,4,13
S01011706,O P Q. Public administration education and health,69,13,56
S01011706,R S T U. Other,7,1,6
S01011706,Never worked,39,20,19
S01011707,All people aged 16 to 74 not in employment,203,86,117
S01011707,A B D E. Agriculture energy and water,5,3,2
S01011707,C. Manufacturing,21,10,11
S01011707,F. Construction,10,7,3
S01011707,G I. Distribution hotels and restaurants,38,20,18
S01011707,H J. Transport and communication,12,6,6
S01011707,K L M N. Financial real estate professional and administrative activities,31,15,16
S01011707,O P Q. Public administration education and health,65,17,48
S01011707,R S T U. Other,7,4,3
S01011707,Never worked,14,4,10
S01011708,All people aged 16 to 74 not in employment,310,126,184
S01011708,A B D E. Agriculture energy and water,11,5,6
S01011708,C. Manufacturing,48,21,27
S01011708,F. Construction,25,22,3
S01011708,G I. Distribution hotels and restaurants,57,20,37
S01011708,H J. Transport and communication,18,5,13
S01011708,K L M N. Financial real estate professional and administrative activities,27,11,16
S01011708,O P Q. Public administration education and health,59,11,48
S01011708,R S T U. Other,10,4,6
S01011708,Never worked,55,27,28
S01011709,All people aged 16 to 74 not in employment,273,125,148
S01011709,A B D E. Agriculture energy and water,9,9,0
S01011709,C. Manufacturing,31,14,17
S01011709,F. Construction,20,17,3
S01011709,G I. Distribution hotels and restaurants,54,23,31
S01011709,H J. Transport and communication,17,9,8
S01011709,K L M N. Financial real estate professional and administrative activities,25,8,17
S01011709,O P Q. Public administration education and health,56,19,37
S01011709,R S T U. Other,8,3,5
S01011709,Never worked,53,23,30
S01011710,All people aged 16 to 74 not in employment,196,82,114
S01011710,A B D E. Agriculture energy and water,5,4,1
S01011710,C. Manufacturing,21,9,12
S01011710,F. Construction,21,18,3
S01011710,G I. Distribution hotels and restaurants,41,17,24
S01011710,H J. Transport and communication,18,7,11
S01011710,K L M N. Financial real estate professional and administrative activities,22,9,13
S01011710,O P Q. Public administration education and health,23,5,18
S01011710,R S T U. Other,7,2,5
S01011710,Never worked,38,11,27
S01011711,All people aged 16 to 74 not in employment,230,78,152
S01011711,A B D E. Agriculture energy and water,7,3,4
S01011711,C. Manufacturing,34,9,25
S01011711,F. Construction,23,23,0
S01011711,G I. Distribution hotels and restaurants,42,13,29
S01011711,H J. Transport and communication,14,2,12
S01011711,K L M N. Financial real estate professional and administrative activities,20,3,17
S01011711,O P Q. Public administration education and health,44,9,35
S01011711,R S T U. Other,7,0,7
S01011711,Never worked,39,16,23
S01011712,All people aged 16 to 74 not in employment,142,68,74
S01011712,A B D E. Agriculture energy and water,3,3,0
S01011712,C. Manufacturing,24,13,11
S01011712,F. Construction,17,16,1
S01011712,G I. Distribution hotels and restaurants,21,8,13
S01011712,H J. Transport and communication,12,1,11
S01011712,K L M N. Financial real estate professional and administrative activities,15,8,7
S01011712,O P Q. Public administration education and health,25,10,15
S01011712,R S T U. Other,7,1,6
S01011712,Never worked,18,8,10
S01011713,All people aged 16 to 74 not in employment,234,102,132
S01011713,A B D E. Agriculture energy and water,5,3,2
S01011713,C. Manufacturing,31,10,21
S01011713,F. Construction,24,23,1
S01011713,G I. Distribution hotels and restaurants,45,23,22
S01011713,H J. Transport and communication,16,5,11
S01011713,K L M N. Financial real estate professional and administrative activities,28,12,16
S01011713,O P Q. Public administration education and health,48,10,38
S01011713,R S T U. Other,5,1,4
S01011713,Never worked,32,15,17
S01011714,All people aged 16 to 74 not in employment,59,33,26
S01011714,A B D E. Agriculture energy and water,1,1,0
S01011714,C. Manufacturing,4,2,2
S01011714,F. Construction,5,4,1
S01011714,G I. Distribution hotels and restaurants,11,8,3
S01011714,H J. Transport and communication,2,0,2
S01011714,K L M N. Financial real estate professional and administrative activities,11,5,6
S01011714,O P Q. Public administration education and health,9,2,7
S01011714,R S T U. Other,1,1,0
S01011714,Never worked,15,10,5
S01011715,All people aged 16 to 74 not in employment,197,75,122
S01011715,A B D E. Agriculture energy and water,8,4,4
S01011715,C. Manufacturing,32,11,21
S01011715,F. Construction,15,15,0
S01011715,G I. Distribution hotels and restaurants,42,23,19
S01011715,H J. Transport and communication,16,3,13
S01011715,K L M N. Financial real estate professional and administrative activities,18,5,13
S01011715,O P Q. Public administration education and health,31,6,25
S01011715,R S T U. Other,5,1,4
S01011715,Never worked,30,7,23
S01011716,All people aged 16 to 74 not in employment,172,72,100
S01011716,A B D E. Agriculture energy and water,3,2,1
S01011716,C. Manufacturing,18,10,8
S01011716,F. Construction,15,14,1
S01011716,G I. Distribution hotels and restaurants,32,11,21
S01011716,H J. Transport and communication,10,4,6
S01011716,K L M N. Financial real estate professional and administrative activities,17,4,13
S01011716,O P Q. Public administration education and health,44,10,34
S01011716,R S T U. Other,6,2,4
S01011716,Never worked,27,15,12
S01011717,All people aged 16 to 74 not in employment,200,90,110
S01011717,A B D E. Agriculture energy and water,3,3,0
S01011717,C. Manufacturing,25,16,9
S01011717,F. Construction,18,15,3
S01011717,G I. Distribution hotels and restaurants,52,22,30
S01011717,H J. Transport and communication,12,4,8
S01011717,K L M N. Financial real estate professional and administrative activities,12,6,6
S01011717,O P Q. Public administration education and health,43,9,34
S01011717,R S T U. Other,12,3,9
S01011717,Never worked,23,12,11
S01011718,All people aged 16 to 74 not in employment,94,50,44
S01011718,A B D E. Agriculture energy and water,4,4,0
S01011718,C. Manufacturing,8,5,3
S01011718,F. Construction,5,5,0
S01011718,G I. Distribution hotels and restaurants,17,5,12
S01011718,H J. Transport and communication,4,3,1
S01011718,K L M N. Financial real estate professional and administrative activities,11,3,8
S01011718,O P Q. Public administration education and health,15,5,10
S01011718,R S T U. Other,4,4,0
S01011718,Never worked,26,16,10
S01011719,All people aged 16 to 74 not in employment,93,40,53
S01011719,A B D E. Agriculture energy and water,2,1,1
S01011719,C. Manufacturing,9,4,5
S01011719,F. Construction,7,5,2
S01011719,G I. Distribution hotels and restaurants,13,6,7
S01011719,H J. Transport and communication,6,1,5
S01011719,K L M N. Financial real estate professional and administrative activities,8,3,5
S01011719,O P Q. Public administration education and health,18,5,13
S01011719,R S T U. Other,3,0,3
S01011719,Never worked,27,15,12
S01011720,All people aged 16 to 74 not in employment,143,66,77
S01011720,A B D E. Agriculture energy and water,1,0,1
S01011720,C. Manufacturing,21,13,8
S01011720,F. Construction,12,9,3
S01011720,G I. Distribution hotels and restaurants,26,13,13
S01011720,H J. Transport and communication,11,6,5
S01011720,K L M N. Financial real estate professional and administrative activities,11,2,9
S01011720,O P Q. Public administration education and health,44,14,30
S01011720,R S T U. Other,5,0,5
S01011720,Never worked,12,9,3
S01011721,All people aged 16 to 74 not in employment,216,94,122
S01011721,A B D E. Agriculture energy and water,4,3,1
S01011721,C. Manufacturing,26,17,9
S01011721,F. Construction,20,20,0
S01011721,G I. Distribution hotels and restaurants,47,18,29
S01011721,H J. Transport and communication,16,4,12
S01011721,K L M N. Financial real estate professional and administrative activities,29,8,21
S01011721,O P Q. Public administration education and health,50,10,40
S01011721,R S T U. Other,1,1,0
S01011721,Never worked,23,13,10
S01011722,All people aged 16 to 74 not in employment,236,94,142
S01011722,A B D E. Agriculture energy and water,5,2,3
S01011722,C. Manufacturing,36,21,15
S01011722,F. Construction,18,15,3
S01011722,G I. Distribution hotels and restaurants,47,17,30
S01011722,H J. Transport and communication,16,7,9
S01011722,K L M N. Financial real estate professional and administrative activities,24,7,17
S01011722,O P Q. Public administration education and health,49,7,42
S01011722,R S T U. Other,10,4,6
S01011722,Never worked,31,14,17
S01011723,All people aged 16 to 74 not in employment,264,116,148
S01011723,A B D E. Agriculture energy and water,5,4,1
S01011723,C. Manufacturing,36,19,17
S01011723,F. Construction,15,13,2
S01011723,G I. Distribution hotels and restaurants,76,37,39
S01011723,H J. Transport and communication,17,4,13
S01011723,K L M N. Financial real estate professional and administrative activities,23,8,15
S01011723,O P Q. Public administration education and health,53,13,40
S01011723,R S T U. Other,5,0,5
S01011723,Never worked,34,18,16
S01011724,All people aged 16 to 74 not in employment,126,56,70
S01011724,A B D E. Agriculture energy and water,1,1,0
S01011724,C. Manufacturing,6,3,3
S01011724,F. Construction,8,7,1
S01011724,G I. Distribution hotels and restaurants,23,9,14
S01011724,H J. Transport and communication,8,2,6
S01011724,K L M N. Financial real estate professional and administrative activities,15,4,11
S01011724,O P Q. Public administration education and health,18,2,16
S01011724,R S T U. Other,5,1,4
S01011724,Never worked,42,27,15
S01011725,All people aged 16 to 74 not in employment,85,27,58
S01011725,A B D E. Agriculture energy and water,2,1,1
S01011725,C. Manufacturing,4,3,1
S01011725,F. Construction,7,5,2
S01011725,G I. Distribution hotels and restaurants,13,2,11
S01011725,H J. Transport and communication,6,2,4
S01011725,K L M N. Financial real estate professional and administrative activities,6,2,4
S01011725,O P Q. Public administration education and health,23,4,19
S01011725,R S T U. Other,2,1,1
S01011725,Never worked,22,7,15
S01011726,All people aged 16 to 74 not in employment,90,41,49
S01011726,A B D E. Agriculture energy and water,4,2,2
S01011726,C. Manufacturing,8,2,6
S01011726,F. Construction,9,7,2
S01011726,G I. Distribution hotels and restaurants,15,7,8
S01011726,H J. Transport and communication,3,1,2
S01011726,K L M N. Financial real estate professional and administrative activities,10,3,7
S01011726,O P Q. Public administration education and health,16,3,13
S01011726,R S T U. Other,3,1,2
S01011726,Never worked,22,15,7
S01011727,All people aged 16 to 74 not in employment,97,38,59
S01011727,A B D E. Agriculture energy and water,1,0,1
S01011727,C. Manufacturing,8,4,4
S01011727,F. Construction,10,7,3
S01011727,G I. Distribution hotels and restaurants,20,8,12
S01011727,H J. Transport and communication,7,1,6
S01011727,K L M N. Financial real estate professional and administrative activities,8,3,5
S01011727,O P Q. Public administration education and health,21,5,16
S01011727,R S T U. Other,4,1,3
S01011727,Never worked,18,9,9
S01011728,All people aged 16 to 74 not in employment,225,95,130
S01011728,A B D E. Agriculture energy and water,5,4,1
S01011728,C. Manufacturing,32,17,15
S01011728,F. Construction,16,14,2
S01011728,G I. Distribution hotels and restaurants,48,21,27
S01011728,H J. Transport and communication,21,4,17
S01011728,K L M N. Financial real estate professional and administrative activities,22,4,18
S01011728,O P Q. Public administration education and health,40,8,32
S01011728,R S T U. Other,5,1,4
S01011728,Never worked,36,22,14
S01011729,All people aged 16 to 74 not in employment,233,106,127
S01011729,A B D E. Agriculture energy and water,5,3,2
S01011729,C. Manufacturing,26,9,17
S01011729,F. Construction,18,18,0
S01011729,G I. Distribution hotels and restaurants,56,29,27
S01011729,H J. Transport and communication,15,3,12
S01011729,K L M N. Financial real estate professional and administrative activities,23,11,12
S01011729,O P Q. Public administration education and health,43,9,34
S01011729,R S T U. Other,6,2,4
S01011729,Never worked,41,22,19
S01011730,All people aged 16 to 74 not in employment,254,109,145
S01011730,A B D E. Agriculture energy and water,7,6,1
S01011730,C. Manufacturing,35,20,15
S01011730,F. Construction,20,18,2
S01011730,G I. Distribution hotels and restaurants,48,20,28
S01011730,H J. Transport and communication,14,4,10
S01011730,K L M N. Financial real estate professional and administrative activities,35,13,22
S01011730,O P Q. Public administration education and health,72,16,56
S01011730,R S T U. Other,6,3,3
S01011730,Never worked,17,9,8
S01011731,All people aged 16 to 74 not in employment,226,90,136
S01011731,A B D E. Agriculture energy and water,5,3,2
S01011731,C. Manufacturing,27,10,17
S01011731,F. Construction,18,17,1
S01011731,G I. Distribution hotels and restaurants,55,22,33
S01011731,H J. Transport and communication,9,2,7
S01011731,K L M N. Financial real estate professional and administrative activities,22,8,14
S01011731,O P Q. Public administration education and health,46,11,35
S01011731,R S T U. Other,4,0,4
S01011731,Never worked,40,17,23
S01011732,All people aged 16 to 74 not in employment,204,90,114
S01011732,A B D E. Agriculture energy and water,3,2,1
S01011732,C. Manufacturing,13,7,6
S01011732,F. Construction,14,13,1
S01011732,G I. Distribution hotels and restaurants,46,17,29
S01011732,H J. Transport and communication,11,5,6
S01011732,K L M N. Financial real estate professional and administrative activities,17,6,11
S01011732,O P Q. Public administration education and health,72,27,45
S01011732,R S T U. Other,4,1,3
S01011732,Never worked,24,12,12
S01011733,All people aged 16 to 74 not in employment,241,104,137
S01011733,A B D E. Agriculture energy and water,4,2,2
S01011733,C. Manufacturing,30,24,6
S01011733,F. Construction,21,20,1
S01011733,G I. Distribution hotels and restaurants,56,21,35
S01011733,H J. Transport and communication,11,3,8
S01011733,K L M N. Financial real estate professional and administrative activities,30,12,18
S01011733,O P Q. Public administration education and health,53,6,47
S01011733,R S T U. Other,12,2,10
S01011733,Never worked,24,14,10
S01011734,All people aged 16 to 74 not in employment,205,96,109
S01011734,A B D E. Agriculture energy and water,2,1,1
S01011734,C. Manufacturing,25,17,8
S01011734,F. Construction,18,16,2
S01011734,G I. Distribution hotels and restaurants,49,23,26
S01011734,H J. Transport and communication,12,3,9
S01011734,K L M N. Financial real estate professional and administrative activities,18,9,9
S01011734,O P Q. Public administration education and health,53,13,40
S01011734,R S T U. Other,3,2,1
S01011734,Never worked,25,12,13
S01011735,All people aged 16 to 74 not in employment,217,99,118
S01011735,A B D E. Agriculture energy and water,5,5,0
S01011735,C. Manufacturing,27,18,9
S01011735,F. Construction,17,15,2
S01011735,G I. Distribution hotels and restaurants,32,13,19
S01011735,H J. Transport and communication,6,2,4
S01011735,K L M N. Financial real estate professional and administrative activities,25,15,10
S01011735,O P Q. Public administration education and health,68,16,52
S01011735,R S T U. Other,10,0,10
S01011735,Never worked,27,15,12
S01011736,All people aged 16 to 74 not in employment,181,76,105
S01011736,A B D E. Agriculture energy and water,2,2,0
S01011736,C. Manufacturing,21,11,10
S01011736,F. Construction,9,7,2
S01011736,G I. Distribution hotels and restaurants,46,22,24
S01011736,H J. Transport and communication,14,3,11
S01011736,K L M N. Financial real estate professional and administrative activities,25,7,18
S01011736,O P Q. Public administration education and health,30,5,25
S01011736,R S T U. Other,6,2,4
S01011736,Never worked,28,17,11
S01011737,All people aged 16 to 74 not in employment,222,94,128
S01011737,A B D E. Agriculture energy and water,3,2,1
S01011737,C. Manufacturing,23,11,12
S01011737,F. Construction,14,14,0
S01011737,G I. Distribution hotels and restaurants,39,23,16
S01011737,H J. Transport and communication,15,3,12
S01011737,K L M N. Financial real estate professional and administrative activities,23,8,15
S01011737,O P Q. Public administration education and health,44,10,34
S01011737,R S T U. Other,8,1,7
S01011737,Never worked,53,22,31
S01011738,All people aged 16 to 74 not in employment,303,142,161
S01011738,A B D E. Agriculture energy and water,5,3,2
S01011738,C. Manufacturing,26,14,12
S01011738,F. Construction,28,25,3
S01011738,G I. Distribution hotels and restaurants,69,35,34
S01011738,H J. Transport and communication,17,1,16
S01011738,K L M N. Financial real estate professional and administrative activities,34,16,18
S01011738,O P Q. Public administration education and health,58,17,41
S01011738,R S T U. Other,14,4,10
S01011738,Never worked,52,27,25
S01011739,All people aged 16 to 74 not in employment,145,66,79
S01011739,A B D E. Agriculture energy and water,1,1,0
S01011739,C. Manufacturing,17,3,14
S01011739,F. Construction,12,9,3
S01011739,G I. Distribution hotels and restaurants,33,17,16
S01011739,H J. Transport and communication,8,4,4
S01011739,K L M N. Financial real estate professional and administrative activities,13,3,10
S01011739,O P Q. Public administration education and health,34,15,19
S01011739,R S T U. Other,5,2,3
S01011739,Never worked,22,12,10
S01011740,All people aged 16 to 74 not in employment,289,143,146
S01011740,A B D E. Agriculture energy and water,3,3,0
S01011740,C. Manufacturing,41,31,10
S01011740,F. Construction,21,20,1
S01011740,G I. Distribution hotels and restaurants,59,31,28
S01011740,H J. Transport and communication,23,6,17
S01011740,K L M N. Financial real estate professional and administrative activities,27,13,14
S01011740,O P Q. Public administration education and health,46,10,36
S01011740,R S T U. Other,13,4,9
S01011740,Never worked,56,25,31
S01011741,All people aged 16 to 74 not in employment,201,83,118
S01011741,A B D E. Agriculture energy and water,3,3,0
S01011741,C. Manufacturing,23,17,6
S01011741,F. Construction,12,10,2
S01011741,G I. Distribution hotels and restaurants,43,18,25
S01011741,H J. Transport and communication,19,8,11
S01011741,K L M N. Financial real estate professional and administrative activities,18,4,14
S01011741,O P Q. Public administration education and health,40,7,33
S01011741,R S T U. Other,9,2,7
S01011741,Never worked,34,14,20
S01011742,All people aged 16 to 74 not in employment,214,91,123
S01011742,A B D E. Agriculture energy and water,1,1,0
S01011742,C. Manufacturing,27,16,11
S01011742,F. Construction,16,15,1
S01011742,G I. Distribution hotels and restaurants,39,13,26
S01011742,H J. Transport and communication,14,4,10
S01011742,K L M N. Financial real estate professional and administrative activities,21,7,14
S01011742,O P Q. Public administration education and health,50,14,36
S01011742,R S T U. Other,8,3,5
S01011742,Never worked,38,18,20
S01011743,All people aged 16 to 74 not in employment,198,73,125
S01011743,A B D E. Agriculture energy and water,5,2,3
S01011743,C. Manufacturing,20,14,6
S01011743,F. Construction,9,9,0
S01011743,G I. Distribution hotels and restaurants,40,19,21
S01011743,H J. Transport and communication,21,5,16
S01011743,K L M N. Financial real estate professional and administrative activities,17,4,13
S01011743,O P Q. Public administration education and health,52,7,45
S01011743,R S T U. Other,8,1,7
S01011743,Never worked,26,12,14
S01011744,All people aged 16 to 74 not in employment,239,87,152
S01011744,A B D E. Agriculture energy and water,1,0,1
S01011744,C. Manufacturing,33,11,22
S01011744,F. Construction,15,14,1
S01011744,G I. Distribution hotels and restaurants,53,27,26
S01011744,H J. Transport and communication,11,4,7
S01011744,K L M N. Financial real estate professional and administrative activities,35,8,27
S01011744,O P Q. Public administration education and health,53,8,45
S01011744,R S T U. Other,8,2,6
S01011744,Never worked,30,13,17
S01011745,All people aged 16 to 74 not in employment,218,81,137
S01011745,A B D E. Agriculture energy and water,3,3,0
S01011745,C. Manufacturing,27,10,17
S01011745,F. Construction,16,14,2
S01011745,G I. Distribution hotels and restaurants,49,21,28
S01011745,H J. Transport and communication,17,4,13
S01011745,K L M N. Financial real estate professional and administrative activities,20,5,15
S01011745,O P Q. Public administration education and health,47,8,39
S01011745,R S T U. Other,8,1,7
S01011745,Never worked,31,15,16
S01011746,All people aged 16 to 74 not in employment,158,87,71
S01011746,A B D E. Agriculture energy and water,2,2,0
S01011746,C. Manufacturing,16,11,5
S01011746,F. Construction,18,18,0
S01011746,G I. Distribution hotels and restaurants,43,24,19
S01011746,H J. Transport and communication,18,9,9
S01011746,K L M N. Financial real estate professional and administrative activities,14,9,5
S01011746,O P Q. Public administration education and health,23,4,19
S01011746,R S T U. Other,3,1,2
S01011746,Never worked,21,9,12
S01011747,All people aged 16 to 74 not in employment,330,144,186
S01011747,A B D E. Agriculture energy and water,5,3,2
S01011747,C. Manufacturing,30,16,14
S01011747,F. Construction,24,21,3
S01011747,G I. Distribution hotels and restaurants,79,35,44
S01011747,H J. Transport and communication,41,15,26
S01011747,K L M N. Financial real estate professional and administrative activities,33,7,26
S01011747,O P Q. Public administration education and health,48,8,40
S01011747,R S T U. Other,12,7,5
S01011747,Never worked,58,32,26
S01011748,All people aged 16 to 74 not in employment,249,98,151
S01011748,A B D E. Agriculture energy and water,7,5,2
S01011748,C. Manufacturing,42,22,20
S01011748,F. Construction,11,8,3
S01011748,G I. Distribution hotels and restaurants,66,25,41
S01011748,H J. Transport and communication,16,4,12
S01011748,K L M N. Financial real estate professional and administrative activities,15,2,13
S01011748,O P Q. Public administration education and health,36,8,28
S01011748,R S T U. Other,8,1,7
S01011748,Never worked,48,23,25
S01011749,All people aged 16 to 74 not in employment,257,121,136
S01011749,A B D E. Agriculture energy and water,5,3,2
S01011749,C. Manufacturing,17,9,8
S01011749,F. Construction,12,10,2
S01011749,G I. Distribution hotels and restaurants,61,27,34
S01011749,H J. Transport and communication,32,16,16
S01011749,K L M N. Financial real estate professional and administrative activities,22,8,14
S01011749,O P Q. Public administration education and health,25,10,15
S01011749,R S T U. Other,11,3,8
S01011749,Never worked,72,35,37
S01011750,All people aged 16 to 74 not in employment,273,108,165
S01011750,A B D E. Agriculture energy and water,6,0,6
S01011750,C. Manufacturing,32,14,18
S01011750,F. Construction,20,20,0
S01011750,G I. Distribution hotels and restaurants,55,20,35
S01011750,H J. Transport and communication,21,7,14
S01011750,K L M N. Financial real estate professional and administrative activities,32,10,22
S01011750,O P Q. Public administration education and health,52,13,39
S01011750,R S T U. Other,15,8,7
S01011750,Never worked,40,16,24
S01011751,All people aged 16 to 74 not in employment,291,137,154
S01011751,A B D E. Agriculture energy and water,2,1,1
S01011751,C. Manufacturing,30,16,14
S01011751,F. Construction,23,20,3
S01011751,G I. Distribution hotels and restaurants,81,35,46
S01011751,H J. Transport and communication,23,7,16
S01011751,K L M N. Financial real estate professional and administrative activities,26,15,11
S01011751,O P Q. Public administration education and health,48,16,32
S01011751,R S T U. Other,8,3,5
S01011751,Never worked,50,24,26
S01011752,All people aged 16 to 74 not in employment,201,92,109
S01011752,A B D E. Agriculture energy and water,2,2,0
S01011752,C. Manufacturing,23,14,9
S01011752,F. Construction,17,17,0
S01011752,G I. Distribution hotels and restaurants,53,28,25
S01011752,H J. Transport and communication,16,7,9
S01011752,K L M N. Financial real estate professional and administrative activities,22,4,18
S01011752,O P Q. Public administration education and health,37,7,30
S01011752,R S T U. Other,9,2,7
S01011752,Never worked,22,11,11
S01011753,All people aged 16 to 74 not in employment,230,104,126
S01011753,A B D E. Agriculture energy and water,2,2,0
S01011753,C. Manufacturing,22,13,9
S01011753,F. Construction,15,11,4
S01011753,G I. Distribution hotels and restaurants,38,23,15
S01011753,H J. Transport and communication,10,4,6
S01011753,K L M N. Financial real estate professional and administrative activities,20,8,12
S01011753,O P Q. Public administration education and health,91,33,58
S01011753,R S T U. Other,5,0,5
S01011753,Never worked,27,10,17
S01011754,All people aged 16 to 74 not in employment,213,88,125
S01011754,A B D E. Agriculture energy and water,4,3,1
S01011754,C. Manufacturing,21,5,16
S01011754,F. Construction,11,11,0
S01011754,G I. Distribution hotels and restaurants,45,20,25
S01011754,H J. Transport and communication,17,7,10
S01011754,K L M N. Financial real estate professional and administrative activities,22,11,11
S01011754,O P Q. Public administration education and health,57,13,44
S01011754,R S T U. Other,5,3,2
S01011754,Never worked,31,15,16
S01011755,All people aged 16 to 74 not in employment,247,123,124
S01011755,A B D E. Agriculture energy and water,3,1,2
S01011755,C. Manufacturing,33,16,17
S01011755,F. Construction,21,19,2
S01011755,G I. Distribution hotels and restaurants,57,33,24
S01011755,H J. Transport and communication,24,9,15
S01011755,K L M N. Financial real estate professional and administrative activities,17,7,10
S01011755,O P Q. Public administration education and health,41,16,25
S01011755,R S T U. Other,12,3,9
S01011755,Never worked,39,19,20
S01011756,All people aged 16 to 74 not in employment,278,127,151
S01011756,A B D E. Agriculture energy and water,3,3,0
S01011756,C. Manufacturing,31,17,14
S01011756,F. Construction,21,18,3
S01011756,G I. Distribution hotels and restaurants,62,31,31
S01011756,H J. Transport and communication,27,6,21
S01011756,K L M N. Financial real estate professional and administrative activities,21,16,5
S01011756,O P Q. Public administration education and health,63,12,51
S01011756,R S T U. Other,9,2,7
S01011756,Never worked,41,22,19
S01011757,All people aged 16 to 74 not in employment,205,93,112
S01011757,A B D E. Agriculture energy and water,3,3,0
S01011757,C. Manufacturing,25,13,12
S01011757,F. Construction,21,20,1
S01011757,G I. Distribution hotels and restaurants,51,26,25
S01011757,H J. Transport and communication,12,2,10
S01011757,K L M N. Financial real estate professional and administrative activities,13,5,8
S01011757,O P Q. Public administration education and health,39,9,30
S01011757,R S T U. Other,9,2,7
S01011757,Never worked,32,13,19
S01011758,All people aged 16 to 74 not in employment,166,71,95
S01011758,A B D E. Agriculture energy and water,3,0,3
S01011758,C. Manufacturing,15,8,7
S01011758,F. Construction,10,10,0
S01011758,G I. Distribution hotels and restaurants,38,13,25
S01011758,H J. Transport and communication,7,3,4
S01011758,K L M N. Financial real estate professional and administrative activities,13,4,9
S01011758,O P Q. Public administration education and health,45,13,32
S01011758,R S T U. Other,4,2,2
S01011758,Never worked,31,18,13
S01011759,All people aged 16 to 74 not in employment,259,114,145
S01011759,A B D E. Agriculture energy and water,3,3,0
S01011759,C. Manufacturing,39,28,11
S01011759,F. Construction,22,20,2
S01011759,G I. Distribution hotels and restaurants,61,26,35
S01011759,H J. Transport and communication,17,5,12
S01011759,K L M N. Financial real estate professional and administrative activities,30,7,23
S01011759,O P Q. Public administration education and health,44,10,34
S01011759,R S T U. Other,6,0,6
S01011759,Never worked,37,15,22
S01011760,All people aged 16 to 74 not in employment,269,111,158
S01011760,A B D E. Agriculture energy and water,8,6,2
S01011760,C. Manufacturing,39,20,19
S01011760,F. Construction,17,14,3
S01011760,G I. Distribution hotels and restaurants,65,29,36
S01011760,H J. Transport and communication,23,6,17
S01011760,K L M N. Financial real estate professional and administrative activities,18,4,14
S01011760,O P Q. Public administration education and health,55,13,42
S01011760,R S T U. Other,10,3,7
S01011760,Never worked,34,16,18
S01011761,All people aged 16 to 74 not in employment,175,66,109
S01011761,A B D E. Agriculture energy and water,2,0,2
S01011761,C. Manufacturing,20,12,8
S01011761,F. Construction,16,13,3
S01011761,G I. Distribution hotels and restaurants,48,19,29
S01011761,H J. Transport and communication,10,2,8
S01011761,K L M N. Financial real estate professional and administrative activities,19,4,15
S01011761,O P Q. Public administration education and health,24,3,21
S01011761,R S T U. Other,9,1,8
S01011761,Never worked,27,12,15
S01011762,All people aged 16 to 74 not in employment,209,85,124
S01011762,A B D E. Agriculture energy and water,3,3,0
S01011762,C. Manufacturing,17,8,9
S01011762,F. Construction,14,13,1
S01011762,G I. Distribution hotels and restaurants,44,16,28
S01011762,H J. Transport and communication,20,5,15
S01011762,K L M N. Financial real estate professional and administrative activities,34,12,22
S01011762,O P Q. Public administration education and health,38,12,26
S01011762,R S T U. Other,3,1,2
S01011762,Never worked,36,15,21
S01011763,All people aged 16 to 74 not in employment,217,85,132
S01011763,A B D E. Agriculture energy and water,2,1,1
S01011763,C. Manufacturing,23,12,11
S01011763,F. Construction,18,16,2
S01011763,G I. Distribution hotels and restaurants,52,22,30
S01011763,H J. Transport and communication,11,4,7
S01011763,K L M N. Financial real estate professional and administrative activities,19,7,12
S01011763,O P Q. Public administration education and health,59,6,53
S01011763,R S T U. Other,7,4,3
S01011763,Never worked,26,13,13
S01011764,All people aged 16 to 74 not in employment,120,51,69
S01011764,A B D E. Agriculture energy and water,2,2,0
S01011764,C. Manufacturing,15,7,8
S01011764,F. Construction,9,8,1
S01011764,G I. Distribution hotels and restaurants,31,11,20
S01011764,H J. Transport and communication,7,3,4
S01011764,K L M N. Financial real estate professional and administrative activities,13,4,9
S01011764,O P Q. Public administration education and health,20,8,12
S01011764,R S T U. Other,3,0,3
S01011764,Never worked,20,8,12
S01011765,All people aged 16 to 74 not in employment,202,95,107
S01011765,A B D E. Agriculture energy and water,3,2,1
S01011765,C. Manufacturing,6,3,3
S01011765,F. Construction,16,15,1
S01011765,G I. Distribution hotels and restaurants,35,13,22
S01011765,H J. Transport and communication,14,7,7
S01011765,K L M N. Financial real estate professional and administrative activities,18,9,9
S01011765,O P Q. Public administration education and health,60,20,40
S01011765,R S T U. Other,6,4,2
S01011765,Never worked,44,22,22
S01011766,All people aged 16 to 74 not in employment,113,50,63
S01011766,A B D E. Agriculture energy and water,1,1,0
S01011766,C. Manufacturing,18,11,7
S01011766,F. Construction,8,6,2
S01011766,G I. Distribution hotels and restaurants,21,9,12
S01011766,H J. Transport and communication,10,6,4
S01011766,K L M N. Financial real estate professional and administrative activities,14,4,10
S01011766,O P Q. Public administration education and health,23,8,15
S01011766,R S T U. Other,3,0,3
S01011766,Never worked,15,5,10
S01011767,All people aged 16 to 74 not in employment,272,125,147
S01011767,A B D E. Agriculture energy and water,3,1,2
S01011767,C. Manufacturing,36,17,19
S01011767,F. Construction,34,31,3
S01011767,G I. Distribution hotels and restaurants,63,22,41
S01011767,H J. Transport and communication,13,8,5
S01011767,K L M N. Financial real estate professional and administrative activities,24,9,15
S01011767,O P Q. Public administration education and health,51,12,39
S01011767,R S T U. Other,8,3,5
S01011767,Never worked,40,22,18
S01011768,All people aged 16 to 74 not in employment,196,98,98
S01011768,A B D E. Agriculture energy and water,2,1,1
S01011768,C. Manufacturing,25,15,10
S01011768,F. Construction,20,17,3
S01011768,G I. Distribution hotels and restaurants,43,19,24
S01011768,H J. Transport and communication,11,4,7
S01011768,K L M N. Financial real estate professional and administrative activities,28,14,14
S01011768,O P Q. Public administration education and health,29,9,20
S01011768,R S T U. Other,9,2,7
S01011768,Never worked,29,17,12
S01011769,All people aged 16 to 74 not in employment,200,92,108
S01011769,A B D E. Agriculture energy and water,3,2,1
S01011769,C. Manufacturing,21,15,6
S01011769,F. Construction,14,14,0
S01011769,G I. Distribution hotels and restaurants,50,28,22
S01011769,H J. Transport and communication,15,5,10
S01011769,K L M N. Financial real estate professional and administrative activities,26,7,19
S01011769,O P Q. Public administration education and health,44,8,36
S01011769,R S T U. Other,3,0,3
S01011769,Never worked,24,13,11
S01011770,All people aged 16 to 74 not in employment,249,111,138
S01011770,A B D E. Agriculture energy and water,9,6,3
S01011770,C. Manufacturing,24,12,12
S01011770,F. Construction,12,12,0
S01011770,G I. Distribution hotels and restaurants,56,31,25
S01011770,H J. Transport and communication,26,10,16
S01011770,K L M N. Financial real estate professional and administrative activities,28,10,18
S01011770,O P Q. Public administration education and health,52,10,42
S01011770,R S T U. Other,7,2,5
S01011770,Never worked,35,18,17
S01011771,All people aged 16 to 74 not in employment,121,47,74
S01011771,A B D E. Agriculture energy and water,2,1,1
S01011771,C. Manufacturing,7,2,5
S01011771,F. Construction,6,6,0
S01011771,G I. Distribution hotels and restaurants,18,9,9
S01011771,H J. Transport and communication,8,1,7
S01011771,K L M N. Financial real estate professional and administrative activities,13,6,7
S01011771,O P Q. Public administration education and health,35,5,30
S01011771,R S T U. Other,3,1,2
S01011771,Never worked,29,16,13
S01011772,All people aged 16 to 74 not in employment,261,108,153
S01011772,A B D E. Agriculture energy and water,3,2,1
S01011772,C. Manufacturing,16,5,11
S01011772,F. Construction,18,12,6
S01011772,G I. Distribution hotels and restaurants,56,31,25
S01011772,H J. Transport and communication,16,4,12
S01011772,K L M N. Financial real estate professional and administrative activities,31,9,22
S01011772,O P Q. Public administration education and health,58,17,41
S01011772,R S T U. Other,12,4,8
S01011772,Never worked,51,24,27
S01011773,All people aged 16 to 74 not in employment,68,31,37
S01011773,A B D E. Agriculture energy and water,1,1,0
S01011773,C. Manufacturing,2,1,1
S01011773,F. Construction,7,7,0
S01011773,G I. Distribution hotels and restaurants,8,2,6
S01011773,H J. Transport and communication,4,2,2
S01011773,K L M N. Financial real estate professional and administrative activities,6,2,4
S01011773,O P Q. Public administration education and health,19,3,16
S01011773,R S T U. Other,3,2,1
S01011773,Never worked,18,11,7
S01011774,All people aged 16 to 74 not in employment,186,82,104
S01011774,A B D E. Agriculture energy and water,4,3,1
S01011774,C. Manufacturing,15,5,10
S01011774,F. Construction,12,9,3
S01011774,G I. Distribution hotels and restaurants,39,18,21
S01011774,H J. Transport and communication,14,6,8
S01011774,K L M N. Financial real estate professional and administrative activities,16,6,10
S01011774,O P Q. Public administration education and health,37,9,28
S01011774,R S T U. Other,6,2,4
S01011774,Never worked,43,24,19
S01011775,All people aged 16 to 74 not in employment,80,36,44
S01011775,A B D E. Agriculture energy and water,2,2,0
S01011775,C. Manufacturing,4,3,1
S01011775,F. Construction,3,0,3
S01011775,G I. Distribution hotels and restaurants,16,8,8
S01011775,H J. Transport and communication,2,0,2
S01011775,K L M N. Financial real estate professional and administrative activities,8,3,5
S01011775,O P Q. Public administration education and health,15,5,10
S01011775,R S T U. Other,2,1,1
S01011775,Never worked,28,14,14
S01011776,All people aged 16 to 74 not in employment,141,60,81
S01011776,A B D E. Agriculture energy and water,2,2,0
S01011776,C. Manufacturing,14,3,11
S01011776,F. Construction,7,6,1
S01011776,G I. Distribution hotels and restaurants,23,8,15
S01011776,H J. Transport and communication,8,3,5
S01011776,K L M N. Financial real estate professional and administrative activities,18,9,9
S01011776,O P Q. Public administration education and health,24,7,17
S01011776,R S T U. Other,9,3,6
S01011776,Never worked,36,19,17
S01011777,All people aged 16 to 74 not in employment,111,40,71
S01011777,A B D E. Agriculture energy and water,1,1,0
S01011777,C. Manufacturing,7,3,4
S01011777,F. Construction,6,5,1
S01011777,G I. Distribution hotels and restaurants,22,9,13
S01011777,H J. Transport and communication,8,1,7
S01011777,K L M N. Financial real estate professional and administrative activities,21,9,12
S01011777,O P Q. Public administration education and health,29,5,24
S01011777,R S T U. Other,6,3,3
S01011777,Never worked,11,4,7
S01011778,All people aged 16 to 74 not in employment,102,39,63
S01011778,A B D E. Agriculture energy and water,2,2,0
S01011778,C. Manufacturing,15,6,9
S01011778,F. Construction,3,3,0
S01011778,G I. Distribution hotels and restaurants,20,7,13
S01011778,H J. Transport and communication,6,1,5
S01011778,K L M N. Financial real estate professional and administrative activities,10,6,4
S01011778,O P Q. Public administration education and health,27,4,23
S01011778,R S T U. Other,5,2,3
S01011778,Never worked,14,8,6
S01011779,All people aged 16 to 74 not in employment,178,71,107
S01011779,A B D E. Agriculture energy and water,3,2,1
S01011779,C. Manufacturing,23,13,10
S01011779,F. Construction,7,4,3
S01011779,G I. Distribution hotels and restaurants,35,18,17
S01011779,H J. Transport and communication,15,2,13
S01011779,K L M N. Financial real estate professional and administrative activities,19,6,13
S01011779,O P Q. Public administration education and health,46,10,36
S01011779,R S T U. Other,6,3,3
S01011779,Never worked,24,13,11
S01011780,All people aged 16 to 74 not in employment,189,72,117
S01011780,A B D E. Agriculture energy and water,6,2,4
S01011780,C. Manufacturing,22,10,12
S01011780,F. Construction,16,13,3
S01011780,G I. Distribution hotels and restaurants,35,13,22
S01011780,H J. Transport and communication,7,3,4
S01011780,K L M N. Financial real estate professional and administrative activities,26,8,18
S01011780,O P Q. Public administration education and health,38,7,31
S01011780,R S T U. Other,7,1,6
S01011780,Never worked,32,15,17
S01011781,All people aged 16 to 74 not in employment,129,45,84
S01011781,A B D E. Agriculture energy and water,1,0,1
S01011781,C. Manufacturing,12,5,7
S01011781,F. Construction,10,9,1
S01011781,G I. Distribution hotels and restaurants,29,11,18
S01011781,H J. Transport and communication,11,2,9
S01011781,K L M N. Financial real estate professional and administrative activities,8,3,5
S01011781,O P Q. Public administration education and health,33,6,27
S01011781,R S T U. Other,3,0,3
S01011781,Never worked,22,9,13
S01011782,All people aged 16 to 74 not in employment,174,79,95
S01011782,A B D E. Agriculture energy and water,4,4,0
S01011782,C. Manufacturing,21,13,8
S01011782,F. Construction,8,8,0
S01011782,G I. Distribution hotels and restaurants,33,16,17
S01011782,H J. Transport and communication,6,4,2
S01011782,K L M N. Financial real estate professional and administrative activities,17,5,12
S01011782,O P Q. Public administration education and health,53,15,38
S01011782,R S T U. Other,7,1,6
S01011782,Never worked,25,13,12
S01011783,All people aged 16 to 74 not in employment,143,72,71
S01011783,A B D E. Agriculture energy and water,6,3,3
S01011783,C. Manufacturing,26,14,12
S01011783,F. Construction,14,14,0
S01011783,G I. Distribution hotels and restaurants,25,9,16
S01011783,H J. Transport and communication,4,2,2
S01011783,K L M N. Financial real estate professional and administrative activities,12,4,8
S01011783,O P Q. Public administration education and health,36,10,26
S01011783,R S T U. Other,0,0,0
S01011783,Never worked,20,16,4
S01011784,All people aged 16 to 74 not in employment,234,87,147
S01011784,A B D E. Agriculture energy and water,3,3,0
S01011784,C. Manufacturing,23,7,16
S01011784,F. Construction,16,12,4
S01011784,G I. Distribution hotels and restaurants,59,21,38
S01011784,H J. Transport and communication,16,2,14
S01011784,K L M N. Financial real estate professional and administrative activities,29,10,19
S01011784,O P Q. Public administration education and health,37,10,27
S01011784,R S T U. Other,6,2,4
S01011784,Never worked,45,20,25
S01011785,All people aged 16 to 74 not in employment,213,83,130
S01011785,A B D E. Agriculture energy and water,2,1,1
S01011785,C. Manufacturing,25,12,13
S01011785,F. Construction,17,14,3
S01011785,G I. Distribution hotels and restaurants,55,26,29
S01011785,H J. Transport and communication,8,2,6
S01011785,K L M N. Financial real estate professional and administrative activities,25,12,13
S01011785,O P Q. Public administration education and health,51,9,42
S01011785,R S T U. Other,3,0,3
S01011785,Never worked,27,7,20
S01011786,All people aged 16 to 74 not in employment,63,23,40
S01011786,A B D E. Agriculture energy and water,2,0,2
S01011786,C. Manufacturing,4,3,1
S01011786,F. Construction,0,0,0
S01011786,G I. Distribution hotels and restaurants,11,2,9
S01011786,H J. Transport and communication,2,2,0
S01011786,K L M N. Financial real estate professional and administrative activities,7,1,6
S01011786,O P Q. Public administration education and health,8,2,6
S01011786,R S T U. Other,2,0,2
S01011786,Never worked,27,13,14
S01011787,All people aged 16 to 74 not in employment,356,161,195
S01011787,A B D E. Agriculture energy and water,11,8,3
S01011787,C. Manufacturing,40,11,29
S01011787,F. Construction,52,51,1
S01011787,G I. Distribution hotels and restaurants,66,26,40
S01011787,H J. Transport and communication,27,3,24
S01011787,K L M N. Financial real estate professional and administrative activities,38,15,23
S01011787,O P Q. Public administration education and health,51,8,43
S01011787,R S T U. Other,11,2,9
S01011787,Never worked,60,37,23
S01011788,All people aged 16 to 74 not in employment,135,56,79
S01011788,A B D E. Agriculture energy and water,2,1,1
S01011788,C. Manufacturing,4,1,3
S01011788,F. Construction,10,7,3
S01011788,G I. Distribution hotels and restaurants,30,15,15
S01011788,H J. Transport and communication,11,4,7
S01011788,K L M N. Financial real estate professional and administrative activities,14,4,10
S01011788,O P Q. Public administration education and health,33,8,25
S01011788,R S T U. Other,5,0,5
S01011788,Never worked,26,16,10
S01011789,All people aged 16 to 74 not in employment,183,79,104
S01011789,A B D E. Agriculture energy and water,8,3,5
S01011789,C. Manufacturing,21,12,9
S01011789,F. Construction,22,19,3
S01011789,G I. Distribution hotels and restaurants,26,12,14
S01011789,H J. Transport and communication,8,2,6
S01011789,K L M N. Financial real estate professional and administrative activities,26,13,13
S01011789,O P Q. Public administration education and health,44,8,36
S01011789,R S T U. Other,5,1,4
S01011789,Never worked,23,9,14
S01011790,All people aged 16 to 74 not in employment,303,129,174
S01011790,A B D E. Agriculture energy and water,8,6,2
S01011790,C. Manufacturing,38,21,17
S01011790,F. Construction,28,25,3
S01011790,G I. Distribution hotels and restaurants,52,23,29
S01011790,H J. Transport and communication,18,3,15
S01011790,K L M N. Financial real estate professional and administrative activities,21,8,13
S01011790,O P Q. Public administration education and health,55,10,45
S01011790,R S T U. Other,16,6,10
S01011790,Never worked,67,27,40
S01011791,All people aged 16 to 74 not in employment,228,87,141
S01011791,A B D E. Agriculture energy and water,7,5,2
S01011791,C. Manufacturing,21,9,12
S01011791,F. Construction,28,21,7
S01011791,G I. Distribution hotels and restaurants,37,21,16
S01011791,H J. Transport and communication,19,5,14
S01011791,K L M N. Financial real estate professional and administrative activities,21,5,16
S01011791,O P Q. Public administration education and health,46,7,39
S01011791,R S T U. Other,12,0,12
S01011791,Never worked,37,14,23
S01011792,All people aged 16 to 74 not in employment,282,127,155
S01011792,A B D E. Agriculture energy and water,9,6,3
S01011792,C. Manufacturing,36,21,15
S01011792,F. Construction,31,30,1
S01011792,G I. Distribution hotels and restaurants,53,22,31
S01011792,H J. Transport and communication,19,6,13
S01011792,K L M N. Financial real estate professional and administrative activities,27,9,18
S01011792,O P Q. Public administration education and health,68,19,49
S01011792,R S T U. Other,15,2,13
S01011792,Never worked,24,12,12
S01011793,All people aged 16 to 74 not in employment,183,81,102
S01011793,A B D E. Agriculture energy and water,10,5,5
S01011793,C. Manufacturing,22,13,9
S01011793,F. Construction,21,17,4
S01011793,G I. Distribution hotels and restaurants,30,11,19
S01011793,H J. Transport and communication,13,4,9
S01011793,K L M N. Financial real estate professional and administrative activities,13,4,9
S01011793,O P Q. Public administration education and health,51,15,36
S01011793,R S T U. Other,1,0,1
S01011793,Never worked,22,12,10
S01011794,All people aged 16 to 74 not in employment,289,129,160
S01011794,A B D E. Agriculture energy and water,5,4,1
S01011794,C. Manufacturing,25,8,17
S01011794,F. Construction,32,30,2
S01011794,G I. Distribution hotels and restaurants,60,27,33
S01011794,H J. Transport and communication,27,5,22
S01011794,K L M N. Financial real estate professional and administrative activities,26,15,11
S01011794,O P Q. Public administration education and health,59,15,44
S01011794,R S T U. Other,11,1,10
S01011794,Never worked,44,24,20
S01011795,All people aged 16 to 74 not in employment,208,92,116
S01011795,A B D E. Agriculture energy and water,4,4,0
S01011795,C. Manufacturing,15,10,5
S01011795,F. Construction,27,25,2
S01011795,G I. Distribution hotels and restaurants,44,19,25
S01011795,H J. Transport and communication,16,2,14
S01011795,K L M N. Financial real estate professional and administrative activities,17,7,10
S01011795,O P Q. Public administration education and health,50,11,39
S01011795,R S T U. Other,15,5,10
S01011795,Never worked,20,9,11
S01011796,All people aged 16 to 74 not in employment,233,101,132
S01011796,A B D E. Agriculture energy and water,8,4,4
S01011796,C. Manufacturing,24,13,11
S01011796,F. Construction,30,26,4
S01011796,G I. Distribution hotels and restaurants,45,18,27
S01011796,H J. Transport and communication,21,6,15
S01011796,K L M N. Financial real estate professional and administrative activities,18,3,15
S01011796,O P Q. Public administration education and health,48,15,33
S01011796,R S T U. Other,5,3,2
S01011796,Never worked,34,13,21
S01011797,All people aged 16 to 74 not in employment,228,103,125
S01011797,A B D E. Agriculture energy and water,2,1,1
S01011797,C. Manufacturing,21,14,7
S01011797,F. Construction,16,12,4
S01011797,G I. Distribution hotels and restaurants,39,16,23
S01011797,H J. Transport and communication,13,8,5
S01011797,K L M N. Financial real estate professional and administrative activities,27,11,16
S01011797,O P Q. Public administration education and health,69,22,47
S01011797,R S T U. Other,10,2,8
S01011797,Never worked,31,17,14
S01011798,All people aged 16 to 74 not in employment,170,69,101
S01011798,A B D E. Agriculture energy and water,7,2,5
S01011798,C. Manufacturing,14,4,10
S01011798,F. Construction,15,14,1
S01011798,G I. Distribution hotels and restaurants,36,19,17
S01011798,H J. Transport and communication,10,1,9
S01011798,K L M N. Financial real estate professional and administrative activities,14,5,9
S01011798,O P Q. Public administration education and health,41,7,34
S01011798,R S T U. Other,3,1,2
S01011798,Never worked,30,16,14
S01011799,All people aged 16 to 74 not in employment,261,109,152
S01011799,A B D E. Agriculture energy and water,8,5,3
S01011799,C. Manufacturing,26,17,9
S01011799,F. Construction,33,27,6
S01011799,G I. Distribution hotels and restaurants,37,13,24
S01011799,H J. Transport and communication,15,2,13
S01011799,K L M N. Financial real estate professional and administrative activities,25,8,17
S01011799,O P Q. Public administration education and health,66,11,55
S01011799,R S T U. Other,13,4,9
S01011799,Never worked,38,22,16
S01011800,All people aged 16 to 74 not in employment,124,48,76
S01011800,A B D E. Agriculture energy and water,4,3,1
S01011800,C. Manufacturing,19,10,9
S01011800,F. Construction,15,13,2
S01011800,G I. Distribution hotels and restaurants,27,11,16
S01011800,H J. Transport and communication,10,1,9
S01011800,K L M N. Financial real estate professional and administrative activities,8,2,6
S01011800,O P Q. Public administration education and health,24,3,21
S01011800,R S T U. Other,5,1,4
S01011800,Never worked,12,4,8
S01011801,All people aged 16 to 74 not in employment,213,95,118
S01011801,A B D E. Agriculture energy and water,3,3,0
S01011801,C. Manufacturing,26,12,14
S01011801,F. Construction,26,24,2
S01011801,G I. Distribution hotels and restaurants,42,19,23
S01011801,H J. Transport and communication,16,3,13
S01011801,K L M N. Financial real estate professional and administrative activities,15,9,6
S01011801,O P Q. Public administration education and health,39,4,35
S01011801,R S T U. Other,8,3,5
S01011801,Never worked,38,18,20
S01011802,All people aged 16 to 74 not in employment,206,88,118
S01011802,A B D E. Agriculture energy and water,6,4,2
S01011802,C. Manufacturing,34,16,18
S01011802,F. Construction,26,23,3
S01011802,G I. Distribution hotels and restaurants,38,18,20
S01011802,H J. Transport and communication,22,4,18
S01011802,K L M N. Financial real estate professional and administrative activities,18,7,11
S01011802,O P Q. Public administration education and health,34,7,27
S01011802,R S T U. Other,7,1,6
S01011802,Never worked,21,8,13
S01011803,All people aged 16 to 74 not in employment,176,76,100
S01011803,A B D E. Agriculture energy and water,11,11,0
S01011803,C. Manufacturing,18,7,11
S01011803,F. Construction,20,19,1
S01011803,G I. Distribution hotels and restaurants,38,14,24
S01011803,H J. Transport and communication,10,1,9
S01011803,K L M N. Financial real estate professional and administrative activities,12,6,6
S01011803,O P Q. Public administration education and health,34,5,29
S01011803,R S T U. Other,9,4,5
S01011803,Never worked,24,9,15
S01011804,All people aged 16 to 74 not in employment,173,71,102
S01011804,A B D E. Agriculture energy and water,14,12,2
S01011804,C. Manufacturing,11,7,4
S01011804,F. Construction,6,5,1
S01011804,G I. Distribution hotels and restaurants,36,20,16
S01011804,H J. Transport and communication,20,6,14
S01011804,K L M N. Financial real estate professional and administrative activities,10,1,9
S01011804,O P Q. Public administration education and health,56,14,42
S01011804,R S T U. Other,6,2,4
S01011804,Never worked,14,4,10
S01011805,All people aged 16 to 74 not in employment,138,61,77
S01011805,A B D E. Agriculture energy and water,5,4,1
S01011805,C. Manufacturing,11,6,5
S01011805,F. Construction,10,8,2
S01011805,G I. Distribution hotels and restaurants,31,19,12
S01011805,H J. Transport and communication,27,10,17
S01011805,K L M N. Financial real estate professional and administrative activities,6,3,3
S01011805,O P Q. Public administration education and health,32,2,30
S01011805,R S T U. Other,6,3,3
S01011805,Never worked,10,6,4
S01011806,All people aged 16 to 74 not in employment,183,77,106
S01011806,A B D E. Agriculture energy and water,16,11,5
S01011806,C. Manufacturing,12,7,5
S01011806,F. Construction,9,8,1
S01011806,G I. Distribution hotels and restaurants,49,28,21
S01011806,H J. Transport and communication,22,5,17
S01011806,K L M N. Financial real estate professional and administrative activities,9,3,6
S01011806,O P Q. Public administration education and health,51,12,39
S01011806,R S T U. Other,6,0,6
S01011806,Never worked,9,3,6
S01011807,All people aged 16 to 74 not in employment,221,96,125
S01011807,A B D E. Agriculture energy and water,26,16,10
S01011807,C. Manufacturing,13,7,6
S01011807,F. Construction,6,4,2
S01011807,G I. Distribution hotels and restaurants,35,22,13
S01011807,H J. Transport and communication,27,7,20
S01011807,K L M N. Financial real estate professional and administrative activities,13,5,8
S01011807,O P Q. Public administration education and health,73,21,52
S01011807,R S T U. Other,6,2,4
S01011807,Never worked,22,12,10
S01011808,All people aged 16 to 74 not in employment,125,57,68
S01011808,A B D E. Agriculture energy and water,10,7,3
S01011808,C. Manufacturing,5,4,1
S01011808,F. Construction,5,4,1
S01011808,G I. Distribution hotels and restaurants,21,12,9
S01011808,H J. Transport and communication,16,5,11
S01011808,K L M N. Financial real estate professional and administrative activities,9,5,4
S01011808,O P Q. Public administration education and health,35,7,28
S01011808,R S T U. Other,5,3,2
S01011808,Never worked,19,10,9
S01011809,All people aged 16 to 74 not in employment,154,58,96
S01011809,A B D E. Agriculture energy and water,11,5,6
S01011809,C. Manufacturing,10,4,6
S01011809,F. Construction,9,8,1
S01011809,G I. Distribution hotels and restaurants,34,14,20
S01011809,H J. Transport and communication,12,4,8
S01011809,K L M N. Financial real estate professional and administrative activities,7,1,6
S01011809,O P Q. Public administration education and health,52,13,39
S01011809,R S T U. Other,4,1,3
S01011809,Never worked,15,8,7
S01011810,All people aged 16 to 74 not in employment,213,86,127
S01011810,A B D E. Agriculture energy and water,22,14,8
S01011810,C. Manufacturing,15,5,10
S01011810,F. Construction,10,9,1
S01011810,G I. Distribution hotels and restaurants,43,18,25
S01011810,H J. Transport and communication,29,8,21
S01011810,K L M N. Financial real estate professional and administrative activities,10,7,3
S01011810,O P Q. Public administration education and health,57,12,45
S01011810,R S T U. Other,10,4,6
S01011810,Never worked,17,9,8
S01011811,All people aged 16 to 74 not in employment,222,89,133
S01011811,A B D E. Agriculture energy and water,29,17,12
S01011811,C. Manufacturing,17,8,9
S01011811,F. Construction,9,8,1
S01011811,G I. Distribution hotels and restaurants,39,14,25
S01011811,H J. Transport and communication,19,5,14
S01011811,K L M N. Financial real estate professional and administrative activities,18,11,7
S01011811,O P Q. Public administration education and health,66,17,49
S01011811,R S T U. Other,6,2,4
S01011811,Never worked,19,7,12
S01011812,All people aged 16 to 74 not in employment,142,63,79
S01011812,A B D E. Agriculture energy and water,16,12,4
S01011812,C. Manufacturing,6,3,3
S01011812,F. Construction,6,4,2
S01011812,G I. Distribution hotels and restaurants,20,11,9
S01011812,H J. Transport and communication,18,6,12
S01011812,K L M N. Financial real estate professional and administrative activities,8,3,5
S01011812,O P Q. Public administration education and health,50,18,32
S01011812,R S T U. Other,2,0,2
S01011812,Never worked,16,6,10
S01011813,All people aged 16 to 74 not in employment,145,49,96
S01011813,A B D E. Agriculture energy and water,12,8,4
S01011813,C. Manufacturing,7,1,6
S01011813,F. Construction,9,7,2
S01011813,G I. Distribution hotels and restaurants,34,15,19
S01011813,H J. Transport and communication,16,2,14
S01011813,K L M N. Financial real estate professional and administrative activities,11,4,7
S01011813,O P Q. Public administration education and health,32,5,27
S01011813,R S T U. Other,6,1,5
S01011813,Never worked,18,6,12
S01011814,All people aged 16 to 74 not in employment,114,32,82
S01011814,A B D E. Agriculture energy and water,13,4,9
S01011814,C. Manufacturing,8,2,6
S01011814,F. Construction,4,4,0
S01011814,G I. Distribution hotels and restaurants,25,6,19
S01011814,H J. Transport and communication,14,2,12
S01011814,K L M N. Financial real estate professional and administrative activities,8,3,5
S01011814,O P Q. Public administration education and health,34,9,25
S01011814,R S T U. Other,1,0,1
S01011814,Never worked,7,2,5
S01011815,All people aged 16 to 74 not in employment,138,64,74
S01011815,A B D E. Agriculture energy and water,14,11,3
S01011815,C. Manufacturing,8,5,3
S01011815,F. Construction,10,9,1
S01011815,G I. Distribution hotels and restaurants,23,11,12
S01011815,H J. Transport and communication,15,7,8
S01011815,K L M N. Financial real estate professional and administrative activities,7,3,4
S01011815,O P Q. Public administration education and health,42,11,31
S01011815,R S T U. Other,3,1,2
S01011815,Never worked,16,6,10
S01011816,All people aged 16 to 74 not in employment,125,48,77
S01011816,A B D E. Agriculture energy and water,6,4,2
S01011816,C. Manufacturing,3,3,0
S01011816,F. Construction,4,3,1
S01011816,G I. Distribution hotels and restaurants,18,9,9
S01011816,H J. Transport and communication,12,3,9
S01011816,K L M N. Financial real estate professional and administrative activities,14,8,6
S01011816,O P Q. Public administration education and health,51,12,39
S01011816,R S T U. Other,5,1,4
S01011816,Never worked,12,5,7
S01011817,All people aged 16 to 74 not in employment,120,49,71
S01011817,A B D E. Agriculture energy and water,10,8,2
S01011817,C. Manufacturing,10,3,7
S01011817,F. Construction,9,9,0
S01011817,G I. Distribution hotels and restaurants,24,12,12
S01011817,H J. Transport and communication,14,4,10
S01011817,K L M N. Financial real estate professional and administrative activities,8,5,3
S01011817,O P Q. Public administration education and health,27,3,24
S01011817,R S T U. Other,3,0,3
S01011817,Never worked,15,5,10
S01011818,All people aged 16 to 74 not in employment,193,79,114
S01011818,A B D E. Agriculture energy and water,10,8,2
S01011818,C. Manufacturing,13,8,5
S01011818,F. Construction,13,12,1
S01011818,G I. Distribution hotels and restaurants,43,19,24
S01011818,H J. Transport and communication,17,2,15
S01011818,K L M N. Financial real estate professional and administrative activities,24,12,12
S01011818,O P Q. Public administration education and health,47,7,40
S01011818,R S T U. Other,7,2,5
S01011818,Never worked,19,9,10
S01011819,All people aged 16 to 74 not in employment,199,88,111
S01011819,A B D E. Agriculture energy and water,8,5,3
S01011819,C. Manufacturing,16,9,7
S01011819,F. Construction,18,18,0
S01011819,G I. Distribution hotels and restaurants,55,29,26
S01011819,H J. Transport and communication,16,4,12
S01011819,K L M N. Financial real estate professional and administrative activities,19,6,13
S01011819,O P Q. Public administration education and health,48,9,39
S01011819,R S T U. Other,5,0,5
S01011819,Never worked,14,8,6
S01011820,All people aged 16 to 74 not in employment,146,48,98
S01011820,A B D E. Agriculture energy and water,5,4,1
S01011820,C. Manufacturing,6,4,2
S01011820,F. Construction,5,3,2
S01011820,G I. Distribution hotels and restaurants,26,14,12
S01011820,H J. Transport and communication,18,1,17
S01011820,K L M N. Financial real estate professional and administrative activities,5,2,3
S01011820,O P Q. Public administration education and health,48,12,36
S01011820,R S T U. Other,5,1,4
S01011820,Never worked,28,7,21
S01011821,All people aged 16 to 74 not in employment,115,43,72
S01011821,A B D E. Agriculture energy and water,2,1,1
S01011821,C. Manufacturing,7,5,2
S01011821,F. Construction,11,11,0
S01011821,G I. Distribution hotels and restaurants,19,9,10
S01011821,H J. Transport and communication,16,3,13
S01011821,K L M N. Financial real estate professional and administrative activities,9,4,5
S01011821,O P Q. Public administration education and health,26,5,21
S01011821,R S T U. Other,4,1,3
S01011821,Never worked,21,4,17
S01011822,All people aged 16 to 74 not in employment,140,64,76
S01011822,A B D E. Agriculture energy and water,10,7,3
S01011822,C. Manufacturing,11,8,3
S01011822,F. Construction,14,13,1
S01011822,G I. Distribution hotels and restaurants,31,14,17
S01011822,H J. Transport and communication,18,5,13
S01011822,K L M N. Financial real estate professional and administrative activities,7,4,3
S01011822,O P Q. Public administration education and health,31,4,27
S01011822,R S T U. Other,4,2,2
S01011822,Never worked,14,7,7
S01011823,All people aged 16 to 74 not in employment,130,53,77
S01011823,A B D E. Agriculture energy and water,8,6,2
S01011823,C. Manufacturing,11,8,3
S01011823,F. Construction,10,8,2
S01011823,G I. Distribution hotels and restaurants,36,14,22
S01011823,H J. Transport and communication,15,1,14
S01011823,K L M N. Financial real estate professional and administrative activities,8,4,4
S01011823,O P Q. Public administration education and health,22,3,19
S01011823,R S T U. Other,1,0,1
S01011823,Never worked,19,9,10
S01011824,All people aged 16 to 74 not in employment,141,60,81
S01011824,A B D E. Agriculture energy and water,10,8,2
S01011824,C. Manufacturing,9,5,4
S01011824,F. Construction,5,4,1
S01011824,G I. Distribution hotels and restaurants,31,18,13
S01011824,H J. Transport and communication,21,5,16
S01011824,K L M N. Financial real estate professional and administrative activities,7,3,4
S01011824,O P Q. Public administration education and health,39,10,29
S01011824,R S T U. Other,3,2,1
S01011824,Never worked,16,5,11
S01011825,All people aged 16 to 74 not in employment,124,54,70
S01011825,A B D E. Agriculture energy and water,5,4,1
S01011825,C. Manufacturing,9,7,2
S01011825,F. Construction,5,4,1
S01011825,G I. Distribution hotels and restaurants,28,15,13
S01011825,H J. Transport and communication,10,2,8
S01011825,K L M N. Financial real estate professional and administrative activities,9,2,7
S01011825,O P Q. Public administration education and health,39,7,32
S01011825,R S T U. Other,3,1,2
S01011825,Never worked,16,12,4
S01011826,All people aged 16 to 74 not in employment,124,55,69
S01011826,A B D E. Agriculture energy and water,5,5,0
S01011826,C. Manufacturing,6,6,0
S01011826,F. Construction,8,8,0
S01011826,G I. Distribution hotels and restaurants,28,9,19
S01011826,H J. Transport and communication,17,7,10
S01011826,K L M N. Financial real estate professional and administrative activities,13,4,9
S01011826,O P Q. Public administration education and health,31,11,20
S01011826,R S T U. Other,3,0,3
S01011826,Never worked,13,5,8
S01011827,All people aged 16 to 74 not in employment,200,92,108
S01011827,A B D E. Agriculture energy and water,24,20,4
S01011827,C. Manufacturing,12,9,3
S01011827,F. Construction,6,6,0
S01011827,G I. Distribution hotels and restaurants,36,24,12
S01011827,H J. Transport and communication,27,7,20
S01011827,K L M N. Financial real estate professional and administrative activities,13,3,10
S01011827,O P Q. Public administration education and health,63,15,48
S01011827,R S T U. Other,5,1,4
S01011827,Never worked,14,7,7
S01011828,All people aged 16 to 74 not in employment,206,98,108
S01011828,A B D E. Agriculture energy and water,14,9,5
S01011828,C. Manufacturing,10,4,6
S01011828,F. Construction,17,16,1
S01011828,G I. Distribution hotels and restaurants,41,21,20
S01011828,H J. Transport and communication,31,12,19
S01011828,K L M N. Financial real estate professional and administrative activities,15,7,8
S01011828,O P Q. Public administration education and health,55,15,40
S01011828,R S T U. Other,6,3,3
S01011828,Never worked,17,11,6
S01011829,All people aged 16 to 74 not in employment,80,35,45
S01011829,A B D E. Agriculture energy and water,4,3,1
S01011829,C. Manufacturing,3,2,1
S01011829,F. Construction,6,5,1
S01011829,G I. Distribution hotels and restaurants,18,11,7
S01011829,H J. Transport and communication,7,0,7
S01011829,K L M N. Financial real estate professional and administrative activities,4,4,0
S01011829,O P Q. Public administration education and health,27,6,21
S01011829,R S T U. Other,5,2,3
S01011829,Never worked,6,2,4
S01011830,All people aged 16 to 74 not in employment,152,60,92
S01011830,A B D E. Agriculture energy and water,12,8,4
S01011830,C. Manufacturing,4,0,4
S01011830,F. Construction,11,11,0
S01011830,G I. Distribution hotels and restaurants,25,13,12
S01011830,H J. Transport and communication,22,7,15
S01011830,K L M N. Financial real estate professional and administrative activities,6,2,4
S01011830,O P Q. Public administration education and health,53,10,43
S01011830,R S T U. Other,4,2,2
S01011830,Never worked,15,7,8
S01011831,All people aged 16 to 74 not in employment,273,130,143
S01011831,A B D E. Agriculture energy and water,32,23,9
S01011831,C. Manufacturing,20,11,9
S01011831,F. Construction,12,12,0
S01011831,G I. Distribution hotels and restaurants,48,24,24
S01011831,H J. Transport and communication,16,3,13
S01011831,K L M N. Financial real estate professional and administrative activities,21,12,9
S01011831,O P Q. Public administration education and health,77,22,55
S01011831,R S T U. Other,11,6,5
S01011831,Never worked,36,17,19
S01011832,All people aged 16 to 74 not in employment,187,72,115
S01011832,A B D E. Agriculture energy and water,26,18,8
S01011832,C. Manufacturing,14,7,7
S01011832,F. Construction,11,10,1
S01011832,G I. Distribution hotels and restaurants,21,8,13
S01011832,H J. Transport and communication,15,3,12
S01011832,K L M N. Financial real estate professional and administrative activities,9,2,7
S01011832,O P Q. Public administration education and health,66,13,53
S01011832,R S T U. Other,5,3,2
S01011832,Never worked,20,8,12
S01011833,All people aged 16 to 74 not in employment,253,104,149
S01011833,A B D E. Agriculture energy and water,17,13,4
S01011833,C. Manufacturing,17,9,8
S01011833,F. Construction,15,13,2
S01011833,G I. Distribution hotels and restaurants,30,12,18
S01011833,H J. Transport and communication,20,6,14
S01011833,K L M N. Financial real estate professional and administrative activities,35,12,23
S01011833,O P Q. Public administration education and health,59,13,46
S01011833,R S T U. Other,16,6,10
S01011833,Never worked,44,20,24
S01011834,All people aged 16 to 74 not in employment,93,35,58
S01011834,A B D E. Agriculture energy and water,2,2,0
S01011834,C. Manufacturing,4,2,2
S01011834,F. Construction,6,5,1
S01011834,G I. Distribution hotels and restaurants,14,3,11
S01011834,H J. Transport and communication,9,4,5
S01011834,K L M N. Financial real estate professional and administrative activities,16,6,10
S01011834,O P Q. Public administration education and health,24,7,17
S01011834,R S T U. Other,5,1,4
S01011834,Never worked,13,5,8
S01011835,All people aged 16 to 74 not in employment,137,61,76
S01011835,A B D E. Agriculture energy and water,6,4,2
S01011835,C. Manufacturing,9,5,4
S01011835,F. Construction,6,5,1
S01011835,G I. Distribution hotels and restaurants,25,13,12
S01011835,H J. Transport and communication,12,3,9
S01011835,K L M N. Financial real estate professional and administrative activities,15,6,9
S01011835,O P Q. Public administration education and health,37,9,28
S01011835,R S T U. Other,5,3,2
S01011835,Never worked,22,13,9
S01011836,All people aged 16 to 74 not in employment,230,100,130
S01011836,A B D E. Agriculture energy and water,11,9,2
S01011836,C. Manufacturing,21,12,9
S01011836,F. Construction,14,12,2
S01011836,G I. Distribution hotels and restaurants,36,18,18
S01011836,H J. Transport and communication,16,5,11
S01011836,K L M N. Financial real estate professional and administrative activities,33,14,19
S01011836,O P Q. Public administration education and health,61,14,47
S01011836,R S T U. Other,8,2,6
S01011836,Never worked,30,14,16
S01011837,All people aged 16 to 74 not in employment,173,72,101
S01011837,A B D E. Agriculture energy and water,5,4,1
S01011837,C. Manufacturing,16,12,4
S01011837,F. Construction,12,12,0
S01011837,G I. Distribution hotels and restaurants,19,12,7
S01011837,H J. Transport and communication,17,5,12
S01011837,K L M N. Financial real estate professional and administrative activities,20,4,16
S01011837,O P Q. Public administration education and health,45,8,37
S01011837,R S T U. Other,9,1,8
S01011837,Never worked,30,14,16
S01011838,All people aged 16 to 74 not in employment,228,92,136
S01011838,A B D E. Agriculture energy and water,4,2,2
S01011838,C. Manufacturing,24,14,10
S01011838,F. Construction,13,9,4
S01011838,G I. Distribution hotels and restaurants,44,16,28
S01011838,H J. Transport and communication,21,6,15
S01011838,K L M N. Financial real estate professional and administrative activities,25,12,13
S01011838,O P Q. Public administration education and health,73,20,53
S01011838,R S T U. Other,9,4,5
S01011838,Never worked,15,9,6
S01011839,All people aged 16 to 74 not in employment,241,92,149
S01011839,A B D E. Agriculture energy and water,3,3,0
S01011839,C. Manufacturing,34,25,9
S01011839,F. Construction,5,3,2
S01011839,G I. Distribution hotels and restaurants,42,13,29
S01011839,H J. Transport and communication,24,10,14
S01011839,K L M N. Financial real estate professional and administrative activities,26,7,19
S01011839,O P Q. Public administration education and health,65,15,50
S01011839,R S T U. Other,10,4,6
S01011839,Never worked,32,12,20
S01011840,All people aged 16 to 74 not in employment,221,92,129
S01011840,A B D E. Agriculture energy and water,6,3,3
S01011840,C. Manufacturing,25,15,10
S01011840,F. Construction,17,15,2
S01011840,G I. Distribution hotels and restaurants,40,15,25
S01011840,H J. Transport and communication,20,7,13
S01011840,K L M N. Financial real estate professional and administrative activities,18,5,13
S01011840,O P Q. Public administration education and health,55,14,41
S01011840,R S T U. Other,13,1,12
S01011840,Never worked,27,17,10
S01011841,All people aged 16 to 74 not in employment,210,90,120
S01011841,A B D E. Agriculture energy and water,8,8,0
S01011841,C. Manufacturing,22,13,9
S01011841,F. Construction,15,14,1
S01011841,G I. Distribution hotels and restaurants,33,14,19
S01011841,H J. Transport and communication,20,5,15
S01011841,K L M N. Financial real estate professional and administrative activities,26,9,17
S01011841,O P Q. Public administration education and health,50,9,41
S01011841,R S T U. Other,9,4,5
S01011841,Never worked,27,14,13
S01011842,All people aged 16 to 74 not in employment,254,125,129
S01011842,A B D E. Agriculture energy and water,14,11,3
S01011842,C. Manufacturing,20,12,8
S01011842,F. Construction,25,24,1
S01011842,G I. Distribution hotels and restaurants,58,29,29
S01011842,H J. Transport and communication,21,4,17
S01011842,K L M N. Financial real estate professional and administrative activities,24,14,10
S01011842,O P Q. Public administration education and health,53,8,45
S01011842,R S T U. Other,7,2,5
S01011842,Never worked,32,21,11
S01011843,All people aged 16 to 74 not in employment,246,91,155
S01011843,A B D E. Agriculture energy and water,7,2,5
S01011843,C. Manufacturing,12,4,8
S01011843,F. Construction,21,14,7
S01011843,G I. Distribution hotels and restaurants,37,11,26
S01011843,H J. Transport and communication,21,6,15
S01011843,K L M N. Financial real estate professional and administrative activities,36,15,21
S01011843,O P Q. Public administration education and health,79,21,58
S01011843,R S T U. Other,4,1,3
S01011843,Never worked,29,17,12
S01011844,All people aged 16 to 74 not in employment,163,57,106
S01011844,A B D E. Agriculture energy and water,4,4,0
S01011844,C. Manufacturing,19,9,10
S01011844,F. Construction,12,10,2
S01011844,G I. Distribution hotels and restaurants,20,5,15
S01011844,H J. Transport and communication,17,3,14
S01011844,K L M N. Financial real estate professional and administrative activities,24,9,15
S01011844,O P Q. Public administration education and health,42,7,35
S01011844,R S T U. Other,4,1,3
S01011844,Never worked,21,9,12
S01011845,All people aged 16 to 74 not in employment,202,86,116
S01011845,A B D E. Agriculture energy and water,12,8,4
S01011845,C. Manufacturing,9,3,6
S01011845,F. Construction,17,13,4
S01011845,G I. Distribution hotels and restaurants,37,17,20
S01011845,H J. Transport and communication,19,7,12
S01011845,K L M N. Financial real estate professional and administrative activities,21,9,12
S01011845,O P Q. Public administration education and health,58,16,42
S01011845,R S T U. Other,8,2,6
S01011845,Never worked,21,11,10
S01011846,All people aged 16 to 74 not in employment,191,73,118
S01011846,A B D E. Agriculture energy and water,8,4,4
S01011846,C. Manufacturing,12,9,3
S01011846,F. Construction,8,8,0
S01011846,G I. Distribution hotels and restaurants,31,13,18
S01011846,H J. Transport and communication,19,5,14
S01011846,K L M N. Financial real estate professional and administrative activities,25,12,13
S01011846,O P Q. Public administration education and health,52,9,43
S01011846,R S T U. Other,10,2,8
S01011846,Never worked,26,11,15
S01011847,All people aged 16 to 74 not in employment,105,42,63
S01011847,A B D E. Agriculture energy and water,4,3,1
S01011847,C. Manufacturing,6,4,2
S01011847,F. Construction,10,9,1
S01011847,G I. Distribution hotels and restaurants,16,5,11
S01011847,H J. Transport and communication,7,1,6
S01011847,K L M N. Financial real estate professional and administrative activities,17,8,9
S01011847,O P Q. Public administration education and health,38,8,30
S01011847,R S T U. Other,2,1,1
S01011847,Never worked,5,3,2
S01011848,All people aged 16 to 74 not in employment,148,55,93
S01011848,A B D E. Agriculture energy and water,11,7,4
S01011848,C. Manufacturing,14,7,7
S01011848,F. Construction,7,6,1
S01011848,G I. Distribution hotels and restaurants,20,6,14
S01011848,H J. Transport and communication,18,6,12
S01011848,K L M N. Financial real estate professional and administrative activities,18,9,9
S01011848,O P Q. Public administration education and health,37,6,31
S01011848,R S T U. Other,7,2,5
S01011848,Never worked,16,6,10
S01011849,All people aged 16 to 74 not in employment,149,60,89
S01011849,A B D E. Agriculture energy and water,7,5,2
S01011849,C. Manufacturing,6,3,3
S01011849,F. Construction,7,7,0
S01011849,G I. Distribution hotels and restaurants,18,5,13
S01011849,H J. Transport and communication,29,10,19
S01011849,K L M N. Financial real estate professional and administrative activities,15,7,8
S01011849,O P Q. Public administration education and health,45,14,31
S01011849,R S T U. Other,7,3,4
S01011849,Never worked,15,6,9
S01011850,All people aged 16 to 74 not in employment,163,62,101
S01011850,A B D E. Agriculture energy and water,7,5,2
S01011850,C. Manufacturing,11,9,2
S01011850,F. Construction,11,7,4
S01011850,G I. Distribution hotels and restaurants,27,12,15
S01011850,H J. Transport and communication,11,2,9
S01011850,K L M N. Financial real estate professional and administrative activities,18,9,9
S01011850,O P Q. Public administration education and health,54,10,44
S01011850,R S T U. Other,11,4,7
S01011850,Never worked,13,4,9
S01011851,All people aged 16 to 74 not in employment,197,90,107
S01011851,A B D E. Agriculture energy and water,7,6,1
S01011851,C. Manufacturing,7,4,3
S01011851,F. Construction,27,25,2
S01011851,G I. Distribution hotels and restaurants,25,11,14
S01011851,H J. Transport and communication,31,11,20
S01011851,K L M N. Financial real estate professional and administrative activities,9,4,5
S01011851,O P Q. Public administration education and health,58,13,45
S01011851,R S T U. Other,12,3,9
S01011851,Never worked,21,13,8
S01011852,All people aged 16 to 74 not in employment,214,87,127
S01011852,A B D E. Agriculture energy and water,9,7,2
S01011852,C. Manufacturing,14,10,4
S01011852,F. Construction,21,17,4
S01011852,G I. Distribution hotels and restaurants,32,9,23
S01011852,H J. Transport and communication,34,11,23
S01011852,K L M N. Financial real estate professional and administrative activities,18,4,14
S01011852,O P Q. Public administration education and health,49,11,38
S01011852,R S T U. Other,7,6,1
S01011852,Never worked,30,12,18
S01011853,All people aged 16 to 74 not in employment,147,62,85
S01011853,A B D E. Agriculture energy and water,6,4,2
S01011853,C. Manufacturing,6,4,2
S01011853,F. Construction,12,10,2
S01011853,G I. Distribution hotels and restaurants,24,10,14
S01011853,H J. Transport and communication,16,5,11
S01011853,K L M N. Financial real estate professional and administrative activities,19,8,11
S01011853,O P Q. Public administration education and health,42,9,33
S01011853,R S T U. Other,6,2,4
S01011853,Never worked,16,10,6
S01011854,All people aged 16 to 74 not in employment,187,74,113
S01011854,A B D E. Agriculture energy and water,11,5,6
S01011854,C. Manufacturing,13,8,5
S01011854,F. Construction,14,13,1
S01011854,G I. Distribution hotels and restaurants,32,11,21
S01011854,H J. Transport and communication,23,10,13
S01011854,K L M N. Financial real estate professional and administrative activities,18,7,11
S01011854,O P Q. Public administration education and health,55,11,44
S01011854,R S T U. Other,5,1,4
S01011854,Never worked,16,8,8
S01011855,All people aged 16 to 74 not in employment,196,87,109
S01011855,A B D E. Agriculture energy and water,12,11,1
S01011855,C. Manufacturing,8,5,3
S01011855,F. Construction,21,19,2
S01011855,G I. Distribution hotels and restaurants,37,11,26
S01011855,H J. Transport and communication,34,12,22
S01011855,K L M N. Financial real estate professional and administrative activities,12,7,5
S01011855,O P Q. Public administration education and health,37,6,31
S01011855,R S T U. Other,12,8,4
S01011855,Never worked,23,8,15
S01011856,All people aged 16 to 74 not in employment,213,83,130
S01011856,A B D E. Agriculture energy and water,8,6,2
S01011856,C. Manufacturing,25,14,11
S01011856,F. Construction,3,3,0
S01011856,G I. Distribution hotels and restaurants,39,14,25
S01011856,H J. Transport and communication,14,6,8
S01011856,K L M N. Financial real estate professional and administrative activities,34,15,19
S01011856,O P Q. Public administration education and health,55,11,44
S01011856,R S T U. Other,15,6,9
S01011856,Never worked,20,8,12
S01011857,All people aged 16 to 74 not in employment,148,54,94
S01011857,A B D E. Agriculture energy and water,5,2,3
S01011857,C. Manufacturing,8,6,2
S01011857,F. Construction,6,6,0
S01011857,G I. Distribution hotels and restaurants,28,10,18
S01011857,H J. Transport and communication,16,5,11
S01011857,K L M N. Financial real estate professional and administrative activities,17,5,12
S01011857,O P Q. Public administration education and health,37,7,30
S01011857,R S T U. Other,9,1,8
S01011857,Never worked,22,12,10
S01011858,All people aged 16 to 74 not in employment,229,81,148
S01011858,A B D E. Agriculture energy and water,14,11,3
S01011858,C. Manufacturing,14,9,5
S01011858,F. Construction,10,8,2
S01011858,G I. Distribution hotels and restaurants,32,12,20
S01011858,H J. Transport and communication,21,4,17
S01011858,K L M N. Financial real estate professional and administrative activities,31,8,23
S01011858,O P Q. Public administration education and health,76,17,59
S01011858,R S T U. Other,7,3,4
S01011858,Never worked,24,9,15
S01011859,All people aged 16 to 74 not in employment,263,107,156
S01011859,A B D E. Agriculture energy and water,11,8,3
S01011859,C. Manufacturing,13,7,6
S01011859,F. Construction,18,16,2
S01011859,G I. Distribution hotels and restaurants,41,14,27
S01011859,H J. Transport and communication,28,9,19
S01011859,K L M N. Financial real estate professional and administrative activities,47,17,30
S01011859,O P Q. Public administration education and health,77,18,59
S01011859,R S T U. Other,6,3,3
S01011859,Never worked,22,15,7
S01011860,All people aged 16 to 74 not in employment,92,36,56
S01011860,A B D E. Agriculture energy and water,1,0,1
S01011860,C. Manufacturing,3,1,2
S01011860,F. Construction,9,9,0
S01011860,G I. Distribution hotels and restaurants,11,5,6
S01011860,H J. Transport and communication,17,3,14
S01011860,K L M N. Financial real estate professional and administrative activities,10,4,6
S01011860,O P Q. Public administration education and health,18,5,13
S01011860,R S T U. Other,4,1,3
S01011860,Never worked,19,8,11
S01011861,All people aged 16 to 74 not in employment,190,73,117
S01011861,A B D E. Agriculture energy and water,4,3,1
S01011861,C. Manufacturing,17,12,5
S01011861,F. Construction,13,7,6
S01011861,G I. Distribution hotels and restaurants,29,9,20
S01011861,H J. Transport and communication,19,6,13
S01011861,K L M N. Financial real estate professional and administrative activities,19,7,12
S01011861,O P Q. Public administration education and health,63,15,48
S01011861,R S T U. Other,9,3,6
S01011861,Never worked,17,11,6
S01011862,All people aged 16 to 74 not in employment,295,125,170
S01011862,A B D E. Agriculture energy and water,10,6,4
S01011862,C. Manufacturing,15,13,2
S01011862,F. Construction,9,7,2
S01011862,G I. Distribution hotels and restaurants,44,19,25
S01011862,H J. Transport and communication,36,20,16
S01011862,K L M N. Financial real estate professional and administrative activities,34,13,21
S01011862,O P Q. Public administration education and health,118,33,85
S01011862,R S T U. Other,11,4,7
S01011862,Never worked,18,10,8
S01011863,All people aged 16 to 74 not in employment,213,88,125
S01011863,A B D E. Agriculture energy and water,4,4,0
S01011863,C. Manufacturing,12,8,4
S01011863,F. Construction,9,7,2
S01011863,G I. Distribution hotels and restaurants,26,7,19
S01011863,H J. Transport and communication,27,15,12
S01011863,K L M N. Financial real estate professional and administrative activities,22,11,11
S01011863,O P Q. Public administration education and health,66,13,53
S01011863,R S T U. Other,8,2,6
S01011863,Never worked,39,21,18
S01011864,All people aged 16 to 74 not in employment,185,83,102
S01011864,A B D E. Agriculture energy and water,10,9,1
S01011864,C. Manufacturing,4,3,1
S01011864,F. Construction,9,7,2
S01011864,G I. Distribution hotels and restaurants,34,17,17
S01011864,H J. Transport and communication,19,9,10
S01011864,K L M N. Financial real estate professional and administrative activities,32,14,18
S01011864,O P Q. Public administration education and health,57,13,44
S01011864,R S T U. Other,6,3,3
S01011864,Never worked,14,8,6
S01011865,All people aged 16 to 74 not in employment,157,66,91
S01011865,A B D E. Agriculture energy and water,11,7,4
S01011865,C. Manufacturing,12,9,3
S01011865,F. Construction,12,9,3
S01011865,G I. Distribution hotels and restaurants,17,6,11
S01011865,H J. Transport and communication,18,9,9
S01011865,K L M N. Financial real estate professional and administrative activities,16,3,13
S01011865,O P Q. Public administration education and health,46,8,38
S01011865,R S T U. Other,10,5,5
S01011865,Never worked,15,10,5
S01011866,All people aged 16 to 74 not in employment,182,72,110
S01011866,A B D E. Agriculture energy and water,7,5,2
S01011866,C. Manufacturing,11,6,5
S01011866,F. Construction,15,14,1
S01011866,G I. Distribution hotels and restaurants,22,9,13
S01011866,H J. Transport and communication,13,5,8
S01011866,K L M N. Financial real estate professional and administrative activities,19,5,14
S01011866,O P Q. Public administration education and health,66,13,53
S01011866,R S T U. Other,5,2,3
S01011866,Never worked,24,13,11
S01011867,All people aged 16 to 74 not in employment,198,88,110
S01011867,A B D E. Agriculture energy and water,12,8,4
S01011867,C. Manufacturing,8,8,0
S01011867,F. Construction,16,16,0
S01011867,G I. Distribution hotels and restaurants,34,15,19
S01011867,H J. Transport and communication,34,15,19
S01011867,K L M N. Financial real estate professional and administrative activities,25,11,14
S01011867,O P Q. Public administration education and health,40,5,35
S01011867,R S T U. Other,7,1,6
S01011867,Never worked,22,9,13
S01011868,All people aged 16 to 74 not in employment,188,84,104
S01011868,A B D E. Agriculture energy and water,5,5,0
S01011868,C. Manufacturing,9,5,4
S01011868,F. Construction,15,14,1
S01011868,G I. Distribution hotels and restaurants,33,16,17
S01011868,H J. Transport and communication,21,9,12
S01011868,K L M N. Financial real estate professional and administrative activities,23,12,11
S01011868,O P Q. Public administration education and health,48,10,38
S01011868,R S T U. Other,10,1,9
S01011868,Never worked,24,12,12
S01011869,All people aged 16 to 74 not in employment,171,80,91
S01011869,A B D E. Agriculture energy and water,8,6,2
S01011869,C. Manufacturing,5,4,1
S01011869,F. Construction,16,13,3
S01011869,G I. Distribution hotels and restaurants,30,11,19
S01011869,H J. Transport and communication,25,10,15
S01011869,K L M N. Financial real estate professional and administrative activities,16,8,8
S01011869,O P Q. Public administration education and health,40,11,29
S01011869,R S T U. Other,10,4,6
S01011869,Never worked,21,13,8
S01011870,All people aged 16 to 74 not in employment,193,85,108
S01011870,A B D E. Agriculture energy and water,9,7,2
S01011870,C. Manufacturing,9,2,7
S01011870,F. Construction,12,10,2
S01011870,G I. Distribution hotels and restaurants,39,17,22
S01011870,H J. Transport and communication,29,9,20
S01011870,K L M N. Financial real estate professional and administrative activities,13,6,7
S01011870,O P Q. Public administration education and health,33,7,26
S01011870,R S T U. Other,15,11,4
S01011870,Never worked,34,16,18
S01011871,All people aged 16 to 74 not in employment,232,86,146
S01011871,A B D E. Agriculture energy and water,19,13,6
S01011871,C. Manufacturing,11,7,4
S01011871,F. Construction,15,11,4
S01011871,G I. Distribution hotels and restaurants,38,16,22
S01011871,H J. Transport and communication,23,5,18
S01011871,K L M N. Financial real estate professional and administrative activities,19,8,11
S01011871,O P Q. Public administration education and health,58,9,49
S01011871,R S T U. Other,11,1,10
S01011871,Never worked,38,16,22
S01011872,All people aged 16 to 74 not in employment,198,75,123
S01011872,A B D E. Agriculture energy and water,10,5,5
S01011872,C. Manufacturing,16,9,7
S01011872,F. Construction,15,13,2
S01011872,G I. Distribution hotels and restaurants,28,8,20
S01011872,H J. Transport and communication,13,8,5
S01011872,K L M N. Financial real estate professional and administrative activities,24,8,16
S01011872,O P Q. Public administration education and health,58,11,47
S01011872,R S T U. Other,9,1,8
S01011872,Never worked,25,12,13
S01011873,All people aged 16 to 74 not in employment,167,67,100
S01011873,A B D E. Agriculture energy and water,10,6,4
S01011873,C. Manufacturing,9,5,4
S01011873,F. Construction,8,6,2
S01011873,G I. Distribution hotels and restaurants,31,11,20
S01011873,H J. Transport and communication,4,2,2
S01011873,K L M N. Financial real estate professional and administrative activities,28,9,19
S01011873,O P Q. Public administration education and health,46,12,34
S01011873,R S T U. Other,7,1,6
S01011873,Never worked,24,15,9
S01011874,All people aged 16 to 74 not in employment,128,51,77
S01011874,A B D E. Agriculture energy and water,4,4,0
S01011874,C. Manufacturing,6,1,5
S01011874,F. Construction,4,4,0
S01011874,G I. Distribution hotels and restaurants,26,8,18
S01011874,H J. Transport and communication,10,3,7
S01011874,K L M N. Financial real estate professional and administrative activities,20,10,10
S01011874,O P Q. Public administration education and health,35,7,28
S01011874,R S T U. Other,7,3,4
S01011874,Never worked,16,11,5
S01011875,All people aged 16 to 74 not in employment,173,83,90
S01011875,A B D E. Agriculture energy and water,7,6,1
S01011875,C. Manufacturing,7,2,5
S01011875,F. Construction,13,12,1
S01011875,G I. Distribution hotels and restaurants,32,16,16
S01011875,H J. Transport and communication,17,5,12
S01011875,K L M N. Financial real estate professional and administrative activities,22,12,10
S01011875,O P Q. Public administration education and health,51,17,34
S01011875,R S T U. Other,2,0,2
S01011875,Never worked,22,13,9
S01011876,All people aged 16 to 74 not in employment,203,92,111
S01011876,A B D E. Agriculture energy and water,8,7,1
S01011876,C. Manufacturing,16,11,5
S01011876,F. Construction,15,13,2
S01011876,G I. Distribution hotels and restaurants,33,12,21
S01011876,H J. Transport and communication,9,4,5
S01011876,K L M N. Financial real estate professional and administrative activities,28,14,14
S01011876,O P Q. Public administration education and health,65,22,43
S01011876,R S T U. Other,8,2,6
S01011876,Never worked,21,7,14
S01011877,All people aged 16 to 74 not in employment,134,52,82
S01011877,A B D E. Agriculture energy and water,12,8,4
S01011877,C. Manufacturing,5,3,2
S01011877,F. Construction,13,11,2
S01011877,G I. Distribution hotels and restaurants,26,11,15
S01011877,H J. Transport and communication,10,4,6
S01011877,K L M N. Financial real estate professional and administrative activities,11,3,8
S01011877,O P Q. Public administration education and health,41,7,34
S01011877,R S T U. Other,5,4,1
S01011877,Never worked,11,1,10
S01011878,All people aged 16 to 74 not in employment,400,196,204
S01011878,A B D E. Agriculture energy and water,10,8,2
S01011878,C. Manufacturing,21,12,9
S01011878,F. Construction,15,11,4
S01011878,G I. Distribution hotels and restaurants,36,14,22
S01011878,H J. Transport and communication,29,4,25
S01011878,K L M N. Financial real estate professional and administrative activities,28,14,14
S01011878,O P Q. Public administration education and health,80,24,56
S01011878,R S T U. Other,9,3,6
S01011878,Never worked,172,106,66
S01011879,All people aged 16 to 74 not in employment,141,59,82
S01011879,A B D E. Agriculture energy and water,7,4,3
S01011879,C. Manufacturing,8,6,2
S01011879,F. Construction,6,3,3
S01011879,G I. Distribution hotels and restaurants,16,4,12
S01011879,H J. Transport and communication,8,3,5
S01011879,K L M N. Financial real estate professional and administrative activities,19,11,8
S01011879,O P Q. Public administration education and health,43,11,32
S01011879,R S T U. Other,5,4,1
S01011879,Never worked,29,13,16
S01011880,All people aged 16 to 74 not in employment,145,54,91
S01011880,A B D E. Agriculture energy and water,11,9,2
S01011880,C. Manufacturing,8,2,6
S01011880,F. Construction,9,7,2
S01011880,G I. Distribution hotels and restaurants,21,10,11
S01011880,H J. Transport and communication,10,2,8
S01011880,K L M N. Financial real estate professional and administrative activities,16,4,12
S01011880,O P Q. Public administration education and health,44,9,35
S01011880,R S T U. Other,4,0,4
S01011880,Never worked,22,11,11
S01011881,All people aged 16 to 74 not in employment,132,68,64
S01011881,A B D E. Agriculture energy and water,3,3,0
S01011881,C. Manufacturing,10,4,6
S01011881,F. Construction,11,9,2
S01011881,G I. Distribution hotels and restaurants,19,9,10
S01011881,H J. Transport and communication,12,5,7
S01011881,K L M N. Financial real estate professional and administrative activities,10,3,7
S01011881,O P Q. Public administration education and health,43,16,27
S01011881,R S T U. Other,7,2,5
S01011881,Never worked,17,17,0
S01011882,All people aged 16 to 74 not in employment,230,107,123
S01011882,A B D E. Agriculture energy and water,11,8,3
S01011882,C. Manufacturing,15,7,8
S01011882,F. Construction,8,6,2
S01011882,G I. Distribution hotels and restaurants,51,26,25
S01011882,H J. Transport and communication,10,6,4
S01011882,K L M N. Financial real estate professional and administrative activities,28,14,14
S01011882,O P Q. Public administration education and health,70,19,51
S01011882,R S T U. Other,6,2,4
S01011882,Never worked,31,19,12
S01011883,All people aged 16 to 74 not in employment,296,85,211
S01011883,A B D E. Agriculture energy and water,17,11,6
S01011883,C. Manufacturing,13,6,7
S01011883,F. Construction,7,4,3
S01011883,G I. Distribution hotels and restaurants,27,11,16
S01011883,H J. Transport and communication,19,3,16
S01011883,K L M N. Financial real estate professional and administrative activities,42,17,25
S01011883,O P Q. Public administration education and health,83,19,64
S01011883,R S T U. Other,11,3,8
S01011883,Never worked,77,11,66
S01011884,All people aged 16 to 74 not in employment,92,40,52
S01011884,A B D E. Agriculture energy and water,5,3,2
S01011884,C. Manufacturing,7,1,6
S01011884,F. Construction,6,6,0
S01011884,G I. Distribution hotels and restaurants,18,10,8
S01011884,H J. Transport and communication,11,8,3
S01011884,K L M N. Financial real estate professional and administrative activities,9,1,8
S01011884,O P Q. Public administration education and health,22,6,16
S01011884,R S T U. Other,4,2,2
S01011884,Never worked,10,3,7
S01011885,All people aged 16 to 74 not in employment,101,35,66
S01011885,A B D E. Agriculture energy and water,9,4,5
S01011885,C. Manufacturing,9,6,3
S01011885,F. Construction,1,1,0
S01011885,G I. Distribution hotels and restaurants,17,8,9
S01011885,H J. Transport and communication,3,1,2
S01011885,K L M N. Financial real estate professional and administrative activities,11,3,8
S01011885,O P Q. Public administration education and health,38,4,34
S01011885,R S T U. Other,2,0,2
S01011885,Never worked,11,8,3
S01011886,All people aged 16 to 74 not in employment,200,81,119
S01011886,A B D E. Agriculture energy and water,12,7,5
S01011886,C. Manufacturing,18,12,6
S01011886,F. Construction,6,6,0
S01011886,G I. Distribution hotels and restaurants,41,15,26
S01011886,H J. Transport and communication,9,3,6
S01011886,K L M N. Financial real estate professional and administrative activities,30,14,16
S01011886,O P Q. Public administration education and health,54,11,43
S01011886,R S T U. Other,9,3,6
S01011886,Never worked,21,10,11
S01011887,All people aged 16 to 74 not in employment,130,64,66
S01011887,A B D E. Agriculture energy and water,6,6,0
S01011887,C. Manufacturing,4,2,2
S01011887,F. Construction,10,9,1
S01011887,G I. Distribution hotels and restaurants,29,17,12
S01011887,H J. Transport and communication,10,3,7
S01011887,K L M N. Financial real estate professional and administrative activities,13,6,7
S01011887,O P Q. Public administration education and health,39,11,28
S01011887,R S T U. Other,2,1,1
S01011887,Never worked,17,9,8
S01011888,All people aged 16 to 74 not in employment,185,84,101
S01011888,A B D E. Agriculture energy and water,4,2,2
S01011888,C. Manufacturing,12,6,6
S01011888,F. Construction,21,20,1
S01011888,G I. Distribution hotels and restaurants,25,10,15
S01011888,H J. Transport and communication,23,4,19
S01011888,K L M N. Financial real estate professional and administrative activities,18,6,12
S01011888,O P Q. Public administration education and health,37,10,27
S01011888,R S T U. Other,9,4,5
S01011888,Never worked,36,22,14
S01011889,All people aged 16 to 74 not in employment,223,91,132
S01011889,A B D E. Agriculture energy and water,10,8,2
S01011889,C. Manufacturing,15,12,3
S01011889,F. Construction,15,12,3
S01011889,G I. Distribution hotels and restaurants,28,9,19
S01011889,H J. Transport and communication,14,4,10
S01011889,K L M N. Financial real estate professional and administrative activities,39,12,27
S01011889,O P Q. Public administration education and health,71,18,53
S01011889,R S T U. Other,7,2,5
S01011889,Never worked,24,14,10
S01011890,All people aged 16 to 74 not in employment,138,67,71
S01011890,A B D E. Agriculture energy and water,6,6,0
S01011890,C. Manufacturing,5,4,1
S01011890,F. Construction,8,7,1
S01011890,G I. Distribution hotels and restaurants,26,11,15
S01011890,H J. Transport and communication,11,1,10
S01011890,K L M N. Financial real estate professional and administrative activities,15,9,6
S01011890,O P Q. Public administration education and health,43,14,29
S01011890,R S T U. Other,5,2,3
S01011890,Never worked,19,13,6
S01011891,All people aged 16 to 74 not in employment,677,584,93
S01011891,A B D E. Agriculture energy and water,31,27,4
S01011891,C. Manufacturing,57,52,5
S01011891,F. Construction,124,119,5
S01011891,G I. Distribution hotels and restaurants,130,113,17
S01011891,H J. Transport and communication,34,22,12
S01011891,K L M N. Financial real estate professional and administrative activities,64,56,8
S01011891,O P Q. Public administration education and health,73,47,26
S01011891,R S T U. Other,8,4,4
S01011891,Never worked,156,144,12
S01011892,All people aged 16 to 74 not in employment,150,67,83
S01011892,A B D E. Agriculture energy and water,4,2,2
S01011892,C. Manufacturing,6,4,2
S01011892,F. Construction,10,8,2
S01011892,G I. Distribution hotels and restaurants,42,23,19
S01011892,H J. Transport and communication,12,5,7
S01011892,K L M N. Financial real estate professional and administrative activities,14,4,10
S01011892,O P Q. Public administration education and health,46,12,34
S01011892,R S T U. Other,5,4,1
S01011892,Never worked,11,5,6
S01011893,All people aged 16 to 74 not in employment,204,97,107
S01011893,A B D E. Agriculture energy and water,8,4,4
S01011893,C. Manufacturing,22,15,7
S01011893,F. Construction,8,7,1
S01011893,G I. Distribution hotels and restaurants,42,26,16
S01011893,H J. Transport and communication,17,7,10
S01011893,K L M N. Financial real estate professional and administrative activities,28,8,20
S01011893,O P Q. Public administration education and health,54,15,39
S01011893,R S T U. Other,9,7,2
S01011893,Never worked,16,8,8
S01011894,All people aged 16 to 74 not in employment,134,59,75
S01011894,A B D E. Agriculture energy and water,9,4,5
S01011894,C. Manufacturing,7,5,2
S01011894,F. Construction,12,11,1
S01011894,G I. Distribution hotels and restaurants,30,10,20
S01011894,H J. Transport and communication,12,4,8
S01011894,K L M N. Financial real estate professional and administrative activities,16,6,10
S01011894,O P Q. Public administration education and health,31,11,20
S01011894,R S T U. Other,2,0,2
S01011894,Never worked,15,8,7
S01011895,All people aged 16 to 74 not in employment,175,75,100
S01011895,A B D E. Agriculture energy and water,7,5,2
S01011895,C. Manufacturing,8,6,2
S01011895,F. Construction,5,5,0
S01011895,G I. Distribution hotels and restaurants,34,13,21
S01011895,H J. Transport and communication,13,6,7
S01011895,K L M N. Financial real estate professional and administrative activities,26,10,16
S01011895,O P Q. Public administration education and health,54,16,38
S01011895,R S T U. Other,6,4,2
S01011895,Never worked,22,10,12
S01011896,All people aged 16 to 74 not in employment,195,75,120
S01011896,A B D E. Agriculture energy and water,12,9,3
S01011896,C. Manufacturing,15,8,7
S01011896,F. Construction,2,2,0
S01011896,G I. Distribution hotels and restaurants,37,14,23
S01011896,H J. Transport and communication,11,4,7
S01011896,K L M N. Financial real estate professional and administrative activities,36,10,26
S01011896,O P Q. Public administration education and health,54,18,36
S01011896,R S T U. Other,6,1,5
S01011896,Never worked,22,9,13
S01011897,All people aged 16 to 74 not in employment,234,89,145
S01011897,A B D E. Agriculture energy and water,3,2,1
S01011897,C. Manufacturing,9,8,1
S01011897,F. Construction,13,13,0
S01011897,G I. Distribution hotels and restaurants,35,13,22
S01011897,H J. Transport and communication,16,7,9
S01011897,K L M N. Financial real estate professional and administrative activities,28,8,20
S01011897,O P Q. Public administration education and health,91,24,67
S01011897,R S T U. Other,3,0,3
S01011897,Never worked,36,14,22
S01011898,All people aged 16 to 74 not in employment,136,65,71
S01011898,A B D E. Agriculture energy and water,5,3,2
S01011898,C. Manufacturing,9,4,5
S01011898,F. Construction,6,5,1
S01011898,G I. Distribution hotels and restaurants,15,10,5
S01011898,H J. Transport and communication,7,2,5
S01011898,K L M N. Financial real estate professional and administrative activities,14,7,7
S01011898,O P Q. Public administration education and health,55,18,37
S01011898,R S T U. Other,4,0,4
S01011898,Never worked,21,16,5
S01011899,All people aged 16 to 74 not in employment,222,88,134
S01011899,A B D E. Agriculture energy and water,10,6,4
S01011899,C. Manufacturing,12,6,6
S01011899,F. Construction,9,9,0
S01011899,G I. Distribution hotels and restaurants,48,14,34
S01011899,H J. Transport and communication,11,6,5
S01011899,K L M N. Financial real estate professional and administrative activities,36,13,23
S01011899,O P Q. Public administration education and health,70,23,47
S01011899,R S T U. Other,5,1,4
S01011899,Never worked,21,10,11
S01011900,All people aged 16 to 74 not in employment,162,73,89
S01011900,A B D E. Agriculture energy and water,2,1,1
S01011900,C. Manufacturing,5,3,2
S01011900,F. Construction,9,8,1
S01011900,G I. Distribution hotels and restaurants,32,14,18
S01011900,H J. Transport and communication,12,8,4
S01011900,K L M N. Financial real estate professional and administrative activities,25,10,15
S01011900,O P Q. Public administration education and health,50,13,37
S01011900,R S T U. Other,4,2,2
S01011900,Never worked,23,14,9
S01011901,All people aged 16 to 74 not in employment,204,78,126
S01011901,A B D E. Agriculture energy and water,6,2,4
S01011901,C. Manufacturing,9,7,2
S01011901,F. Construction,9,8,1
S01011901,G I. Distribution hotels and restaurants,32,15,17
S01011901,H J. Transport and communication,20,9,11
S01011901,K L M N. Financial real estate professional and administrative activities,35,13,22
S01011901,O P Q. Public administration education and health,67,17,50
S01011901,R S T U. Other,11,2,9
S01011901,Never worked,15,5,10
S01011902,All people aged 16 to 74 not in employment,271,113,158
S01011902,A B D E. Agriculture energy and water,21,15,6
S01011902,C. Manufacturing,7,5,2
S01011902,F. Construction,9,8,1
S01011902,G I. Distribution hotels and restaurants,46,18,28
S01011902,H J. Transport and communication,11,5,6
S01011902,K L M N. Financial real estate professional and administrative activities,41,18,23
S01011902,O P Q. Public administration education and health,98,27,71
S01011902,R S T U. Other,8,5,3
S01011902,Never worked,30,12,18
S01011903,All people aged 16 to 74 not in employment,203,78,125
S01011903,A B D E. Agriculture energy and water,10,7,3
S01011903,C. Manufacturing,9,4,5
S01011903,F. Construction,12,8,4
S01011903,G I. Distribution hotels and restaurants,25,8,17
S01011903,H J. Transport and communication,15,10,5
S01011903,K L M N. Financial real estate professional and administrative activities,35,11,24
S01011903,O P Q. Public administration education and health,71,17,54
S01011903,R S T U. Other,7,2,5
S01011903,Never worked,19,11,8
S01011904,All people aged 16 to 74 not in employment,176,73,103
S01011904,A B D E. Agriculture energy and water,4,4,0
S01011904,C. Manufacturing,6,3,3
S01011904,F. Construction,7,6,1
S01011904,G I. Distribution hotels and restaurants,37,14,23
S01011904,H J. Transport and communication,11,2,9
S01011904,K L M N. Financial real estate professional and administrative activities,20,12,8
S01011904,O P Q. Public administration education and health,65,20,45
S01011904,R S T U. Other,6,3,3
S01011904,Never worked,20,9,11
S01011905,All people aged 16 to 74 not in employment,138,54,84
S01011905,A B D E. Agriculture energy and water,1,0,1
S01011905,C. Manufacturing,9,3,6
S01011905,F. Construction,7,6,1
S01011905,G I. Distribution hotels and restaurants,19,8,11
S01011905,H J. Transport and communication,6,3,3
S01011905,K L M N. Financial real estate professional and administrative activities,18,7,11
S01011905,O P Q. Public administration education and health,38,8,30
S01011905,R S T U. Other,10,3,7
S01011905,Never worked,30,16,14
S01011906,All people aged 16 to 74 not in employment,97,35,62
S01011906,A B D E. Agriculture energy and water,4,3,1
S01011906,C. Manufacturing,6,2,4
S01011906,F. Construction,2,1,1
S01011906,G I. Distribution hotels and restaurants,16,6,10
S01011906,H J. Transport and communication,4,3,1
S01011906,K L M N. Financial real estate professional and administrative activities,15,5,10
S01011906,O P Q. Public administration education and health,39,9,30
S01011906,R S T U. Other,4,2,2
S01011906,Never worked,7,4,3
S01011907,All people aged 16 to 74 not in employment,138,53,85
S01011907,A B D E. Agriculture energy and water,3,3,0
S01011907,C. Manufacturing,8,1,7
S01011907,F. Construction,7,5,2
S01011907,G I. Distribution hotels and restaurants,35,14,21
S01011907,H J. Transport and communication,8,3,5
S01011907,K L M N. Financial real estate professional and administrative activities,21,4,17
S01011907,O P Q. Public administration education and health,37,8,29
S01011907,R S T U. Other,4,3,1
S01011907,Never worked,15,12,3
S01011908,All people aged 16 to 74 not in employment,59,25,34
S01011908,A B D E. Agriculture energy and water,6,3,3
S01011908,C. Manufacturing,5,2,3
S01011908,F. Construction,3,2,1
S01011908,G I. Distribution hotels and restaurants,12,8,4
S01011908,H J. Transport and communication,12,5,7
S01011908,K L M N. Financial real estate professional and administrative activities,5,0,5
S01011908,O P Q. Public administration education and health,11,2,9
S01011908,R S T U. Other,0,0,0
S01011908,Never worked,5,3,2
S01011909,All people aged 16 to 74 not in employment,93,36,57
S01011909,A B D E. Agriculture energy and water,8,6,2
S01011909,C. Manufacturing,4,1,3
S01011909,F. Construction,7,6,1
S01011909,G I. Distribution hotels and restaurants,19,8,11
S01011909,H J. Transport and communication,13,3,10
S01011909,K L M N. Financial real estate professional and administrative activities,11,1,10
S01011909,O P Q. Public administration education and health,15,4,11
S01011909,R S T U. Other,3,2,1
S01011909,Never worked,13,5,8
S01011910,All people aged 16 to 74 not in employment,255,101,154
S01011910,A B D E. Agriculture energy and water,3,2,1
S01011910,C. Manufacturing,20,11,9
S01011910,F. Construction,15,15,0
S01011910,G I. Distribution hotels and restaurants,62,23,39
S01011910,H J. Transport and communication,38,8,30
S01011910,K L M N. Financial real estate professional and administrative activities,21,6,15
S01011910,O P Q. Public administration education and health,44,9,35
S01011910,R S T U. Other,8,2,6
S01011910,Never worked,44,25,19
S01011911,All people aged 16 to 74 not in employment,145,60,85
S01011911,A B D E. Agriculture energy and water,4,3,1
S01011911,C. Manufacturing,9,5,4
S01011911,F. Construction,11,10,1
S01011911,G I. Distribution hotels and restaurants,26,13,13
S01011911,H J. Transport and communication,13,3,10
S01011911,K L M N. Financial real estate professional and administrative activities,14,5,9
S01011911,O P Q. Public administration education and health,31,9,22
S01011911,R S T U. Other,8,1,7
S01011911,Never worked,29,11,18
S01011912,All people aged 16 to 74 not in employment,150,68,82
S01011912,A B D E. Agriculture energy and water,8,5,3
S01011912,C. Manufacturing,12,10,2
S01011912,F. Construction,20,19,1
S01011912,G I. Distribution hotels and restaurants,29,10,19
S01011912,H J. Transport and communication,15,5,10
S01011912,K L M N. Financial real estate professional and administrative activities,12,1,11
S01011912,O P Q. Public administration education and health,28,7,21
S01011912,R S T U. Other,4,1,3
S01011912,Never worked,22,10,12
S01011913,All people aged 16 to 74 not in employment,189,85,104
S01011913,A B D E. Agriculture energy and water,6,4,2
S01011913,C. Manufacturing,12,9,3
S01011913,F. Construction,15,14,1
S01011913,G I. Distribution hotels and restaurants,33,10,23
S01011913,H J. Transport and communication,24,10,14
S01011913,K L M N. Financial real estate professional and administrative activities,21,10,11
S01011913,O P Q. Public administration education and health,40,12,28
S01011913,R S T U. Other,9,4,5
S01011913,Never worked,29,12,17
S01011914,All people aged 16 to 74 not in employment,209,89,120
S01011914,A B D E. Agriculture energy and water,9,4,5
S01011914,C. Manufacturing,9,5,4
S01011914,F. Construction,9,9,0
S01011914,G I. Distribution hotels and restaurants,50,20,30
S01011914,H J. Transport and communication,37,16,21
S01011914,K L M N. Financial real estate professional and administrative activities,17,8,9
S01011914,O P Q. Public administration education and health,30,6,24
S01011914,R S T U. Other,5,1,4
S01011914,Never worked,43,20,23
S01011915,All people aged 16 to 74 not in employment,203,89,114
S01011915,A B D E. Agriculture energy and water,6,3,3
S01011915,C. Manufacturing,17,10,7
S01011915,F. Construction,18,16,2
S01011915,G I. Distribution hotels and restaurants,39,21,18
S01011915,H J. Transport and communication,12,1,11
S01011915,K L M N. Financial real estate professional and administrative activities,29,9,20
S01011915,O P Q. Public administration education and health,39,7,32
S01011915,R S T U. Other,3,1,2
S01011915,Never worked,40,21,19
S01011916,All people aged 16 to 74 not in employment,150,66,84
S01011916,A B D E. Agriculture energy and water,7,4,3
S01011916,C. Manufacturing,9,4,5
S01011916,F. Construction,7,7,0
S01011916,G I. Distribution hotels and restaurants,35,16,19
S01011916,H J. Transport and communication,11,3,8
S01011916,K L M N. Financial real estate professional and administrative activities,14,4,10
S01011916,O P Q. Public administration education and health,31,9,22
S01011916,R S T U. Other,3,0,3
S01011916,Never worked,33,19,14
S01011917,All people aged 16 to 74 not in employment,125,48,77
S01011917,A B D E. Agriculture energy and water,5,2,3
S01011917,C. Manufacturing,10,6,4
S01011917,F. Construction,7,5,2
S01011917,G I. Distribution hotels and restaurants,39,15,24
S01011917,H J. Transport and communication,7,1,6
S01011917,K L M N. Financial real estate professional and administrative activities,6,1,5
S01011917,O P Q. Public administration education and health,24,9,15
S01011917,R S T U. Other,5,1,4
S01011917,Never worked,22,8,14
S01011918,All people aged 16 to 74 not in employment,247,117,130
S01011918,A B D E. Agriculture energy and water,15,10,5
S01011918,C. Manufacturing,16,10,6
S01011918,F. Construction,16,15,1
S01011918,G I. Distribution hotels and restaurants,45,23,22
S01011918,H J. Transport and communication,27,11,16
S01011918,K L M N. Financial real estate professional and administrative activities,25,9,16
S01011918,O P Q. Public administration education and health,40,9,31
S01011918,R S T U. Other,10,2,8
S01011918,Never worked,53,28,25
S01011919,All people aged 16 to 74 not in employment,249,135,114
S01011919,A B D E. Agriculture energy and water,8,5,3
S01011919,C. Manufacturing,11,8,3
S01011919,F. Construction,11,8,3
S01011919,G I. Distribution hotels and restaurants,50,27,23
S01011919,H J. Transport and communication,36,16,20
S01011919,K L M N. Financial real estate professional and administrative activities,30,11,19
S01011919,O P Q. Public administration education and health,36,14,22
S01011919,R S T U. Other,5,3,2
S01011919,Never worked,62,43,19
S01011920,All people aged 16 to 74 not in employment,150,74,76
S01011920,A B D E. Agriculture energy and water,3,1,2
S01011920,C. Manufacturing,17,10,7
S01011920,F. Construction,18,18,0
S01011920,G I. Distribution hotels and restaurants,34,16,18
S01011920,H J. Transport and communication,15,8,7
S01011920,K L M N. Financial real estate professional and administrative activities,11,2,9
S01011920,O P Q. Public administration education and health,20,0,20
S01011920,R S T U. Other,6,4,2
S01011920,Never worked,26,15,11
S01011921,All people aged 16 to 74 not in employment,143,50,93
S01011921,A B D E. Agriculture energy and water,3,2,1
S01011921,C. Manufacturing,5,2,3
S01011921,F. Construction,11,10,1
S01011921,G I. Distribution hotels and restaurants,36,17,19
S01011921,H J. Transport and communication,11,3,8
S01011921,K L M N. Financial real estate professional and administrative activities,20,2,18
S01011921,O P Q. Public administration education and health,35,7,28
S01011921,R S T U. Other,6,2,4
S01011921,Never worked,16,5,11
S01011922,All people aged 16 to 74 not in employment,199,93,106
S01011922,A B D E. Agriculture energy and water,13,10,3
S01011922,C. Manufacturing,9,7,2
S01011922,F. Construction,22,20,2
S01011922,G I. Distribution hotels and restaurants,47,16,31
S01011922,H J. Transport and communication,21,12,9
S01011922,K L M N. Financial real estate professional and administrative activities,19,7,12
S01011922,O P Q. Public administration education and health,34,6,28
S01011922,R S T U. Other,7,3,4
S01011922,Never worked,27,12,15
S01011923,All people aged 16 to 74 not in employment,238,99,139
S01011923,A B D E. Agriculture energy and water,5,4,1
S01011923,C. Manufacturing,17,5,12
S01011923,F. Construction,18,15,3
S01011923,G I. Distribution hotels and restaurants,45,16,29
S01011923,H J. Transport and communication,26,8,18
S01011923,K L M N. Financial real estate professional and administrative activities,22,11,11
S01011923,O P Q. Public administration education and health,47,18,29
S01011923,R S T U. Other,11,5,6
S01011923,Never worked,47,17,30
S01011924,All people aged 16 to 74 not in employment,112,50,62
S01011924,A B D E. Agriculture energy and water,4,1,3
S01011924,C. Manufacturing,6,2,4
S01011924,F. Construction,17,15,2
S01011924,G I. Distribution hotels and restaurants,37,12,25
S01011924,H J. Transport and communication,11,3,8
S01011924,K L M N. Financial real estate professional and administrative activities,11,5,6
S01011924,O P Q. Public administration education and health,14,4,10
S01011924,R S T U. Other,3,1,2
S01011924,Never worked,9,7,2
S01011925,All people aged 16 to 74 not in employment,99,46,53
S01011925,A B D E. Agriculture energy and water,3,2,1
S01011925,C. Manufacturing,7,4,3
S01011925,F. Construction,6,5,1
S01011925,G I. Distribution hotels and restaurants,13,4,9
S01011925,H J. Transport and communication,12,6,6
S01011925,K L M N. Financial real estate professional and administrative activities,6,2,4
S01011925,O P Q. Public administration education and health,24,8,16
S01011925,R S T U. Other,2,1,1
S01011925,Never worked,26,14,12
S01011926,All people aged 16 to 74 not in employment,157,64,93
S01011926,A B D E. Agriculture energy and water,3,2,1
S01011926,C. Manufacturing,12,4,8
S01011926,F. Construction,16,15,1
S01011926,G I. Distribution hotels and restaurants,41,20,21
S01011926,H J. Transport and communication,18,8,10
S01011926,K L M N. Financial real estate professional and administrative activities,16,3,13
S01011926,O P Q. Public administration education and health,27,4,23
S01011926,R S T U. Other,4,0,4
S01011926,Never worked,20,8,12
S01011927,All people aged 16 to 74 not in employment,176,81,95
S01011927,A B D E. Agriculture energy and water,7,5,2
S01011927,C. Manufacturing,4,2,2
S01011927,F. Construction,12,10,2
S01011927,G I. Distribution hotels and restaurants,53,30,23
S01011927,H J. Transport and communication,14,4,10
S01011927,K L M N. Financial real estate professional and administrative activities,16,4,12
S01011927,O P Q. Public administration education and health,39,10,29
S01011927,R S T U. Other,9,1,8
S01011927,Never worked,22,15,7
S01011928,All people aged 16 to 74 not in employment,205,83,122
S01011928,A B D E. Agriculture energy and water,3,3,0
S01011928,C. Manufacturing,23,9,14
S01011928,F. Construction,22,20,2
S01011928,G I. Distribution hotels and restaurants,55,19,36
S01011928,H J. Transport and communication,12,2,10
S01011928,K L M N. Financial real estate professional and administrative activities,18,8,10
S01011928,O P Q. Public administration education and health,39,9,30
S01011928,R S T U. Other,9,3,6
S01011928,Never worked,24,10,14
S01011929,All people aged 16 to 74 not in employment,177,79,98
S01011929,A B D E. Agriculture energy and water,4,4,0
S01011929,C. Manufacturing,10,7,3
S01011929,F. Construction,17,17,0
S01011929,G I. Distribution hotels and restaurants,37,15,22
S01011929,H J. Transport and communication,16,2,14
S01011929,K L M N. Financial real estate professional and administrative activities,23,8,15
S01011929,O P Q. Public administration education and health,38,11,27
S01011929,R S T U. Other,6,2,4
S01011929,Never worked,26,13,13
S01011930,All people aged 16 to 74 not in employment,158,63,95
S01011930,A B D E. Agriculture energy and water,5,3,2
S01011930,C. Manufacturing,4,2,2
S01011930,F. Construction,13,11,2
S01011930,G I. Distribution hotels and restaurants,41,19,22
S01011930,H J. Transport and communication,16,3,13
S01011930,K L M N. Financial real estate professional and administrative activities,11,2,9
S01011930,O P Q. Public administration education and health,41,8,33
S01011930,R S T U. Other,5,0,5
S01011930,Never worked,22,15,7
S01011931,All people aged 16 to 74 not in employment,183,77,106
S01011931,A B D E. Agriculture energy and water,8,8,0
S01011931,C. Manufacturing,5,4,1
S01011931,F. Construction,5,4,1
S01011931,G I. Distribution hotels and restaurants,37,12,25
S01011931,H J. Transport and communication,32,11,21
S01011931,K L M N. Financial real estate professional and administrative activities,22,12,10
S01011931,O P Q. Public administration education and health,23,7,16
S01011931,R S T U. Other,12,5,7
S01011931,Never worked,39,14,25
S01011932,All people aged 16 to 74 not in employment,124,52,72
S01011932,A B D E. Agriculture energy and water,2,0,2
S01011932,C. Manufacturing,2,1,1
S01011932,F. Construction,13,13,0
S01011932,G I. Distribution hotels and restaurants,19,10,9
S01011932,H J. Transport and communication,19,6,13
S01011932,K L M N. Financial real estate professional and administrative activities,7,2,5
S01011932,O P Q. Public administration education and health,24,3,21
S01011932,R S T U. Other,6,1,5
S01011932,Never worked,32,16,16
S01011933,All people aged 16 to 74 not in employment,148,71,77
S01011933,A B D E. Agriculture energy and water,7,6,1
S01011933,C. Manufacturing,11,6,5
S01011933,F. Construction,11,10,1
S01011933,G I. Distribution hotels and restaurants,31,16,15
S01011933,H J. Transport and communication,17,7,10
S01011933,K L M N. Financial real estate professional and administrative activities,17,7,10
S01011933,O P Q. Public administration education and health,21,5,16
S01011933,R S T U. Other,9,1,8
S01011933,Never worked,24,13,11
S01011934,All people aged 16 to 74 not in employment,288,144,144
S01011934,A B D E. Agriculture energy and water,12,8,4
S01011934,C. Manufacturing,17,12,5
S01011934,F. Construction,27,24,3
S01011934,G I. Distribution hotels and restaurants,51,13,38
S01011934,H J. Transport and communication,27,8,19
S01011934,K L M N. Financial real estate professional and administrative activities,24,14,10
S01011934,O P Q. Public administration education and health,59,19,40
S01011934,R S T U. Other,8,3,5
S01011934,Never worked,63,43,20
S01011935,All people aged 16 to 74 not in employment,184,99,85
S01011935,A B D E. Agriculture energy and water,7,6,1
S01011935,C. Manufacturing,16,5,11
S01011935,F. Construction,14,13,1
S01011935,G I. Distribution hotels and restaurants,32,18,14
S01011935,H J. Transport and communication,26,13,13
S01011935,K L M N. Financial real estate professional and administrative activities,19,11,8
S01011935,O P Q. Public administration education and health,30,10,20
S01011935,R S T U. Other,9,4,5
S01011935,Never worked,31,19,12
S01011936,All people aged 16 to 74 not in employment,156,80,76
S01011936,A B D E. Agriculture energy and water,6,4,2
S01011936,C. Manufacturing,13,10,3
S01011936,F. Construction,10,7,3
S01011936,G I. Distribution hotels and restaurants,27,14,13
S01011936,H J. Transport and communication,14,4,10
S01011936,K L M N. Financial real estate professional and administrative activities,17,11,6
S01011936,O P Q. Public administration education and health,37,10,27
S01011936,R S T U. Other,5,1,4
S01011936,Never worked,27,19,8
S01011937,All people aged 16 to 74 not in employment,148,85,63
S01011937,A B D E. Agriculture energy and water,4,3,1
S01011937,C. Manufacturing,13,9,4
S01011937,F. Construction,10,10,0
S01011937,G I. Distribution hotels and restaurants,26,16,10
S01011937,H J. Transport and communication,10,5,5
S01011937,K L M N. Financial real estate professional and administrative activities,15,8,7
S01011937,O P Q. Public administration education and health,31,7,24
S01011937,R S T U. Other,5,2,3
S01011937,Never worked,34,25,9
S01011938,All people aged 16 to 74 not in employment,154,72,82
S01011938,A B D E. Agriculture energy and water,2,1,1
S01011938,C. Manufacturing,8,5,3
S01011938,F. Construction,13,12,1
S01011938,G I. Distribution hotels and restaurants,34,15,19
S01011938,H J. Transport and communication,12,7,5
S01011938,K L M N. Financial real estate professional and administrative activities,27,9,18
S01011938,O P Q. Public administration education and health,36,11,25
S01011938,R S T U. Other,9,3,6
S01011938,Never worked,13,9,4
S01011939,All people aged 16 to 74 not in employment,224,124,100
S01011939,A B D E. Agriculture energy and water,4,4,0
S01011939,C. Manufacturing,11,7,4
S01011939,F. Construction,19,17,2
S01011939,G I. Distribution hotels and restaurants,47,24,23
S01011939,H J. Transport and communication,30,10,20
S01011939,K L M N. Financial real estate professional and administrative activities,27,16,11
S01011939,O P Q. Public administration education and health,35,16,19
S01011939,R S T U. Other,12,5,7
S01011939,Never worked,39,25,14
S01011940,All people aged 16 to 74 not in employment,98,49,49
S01011940,A B D E. Agriculture energy and water,3,3,0
S01011940,C. Manufacturing,4,3,1
S01011940,F. Construction,10,9,1
S01011940,G I. Distribution hotels and restaurants,27,10,17
S01011940,H J. Transport and communication,7,3,4
S01011940,K L M N. Financial real estate professional and administrative activities,6,2,4
S01011940,O P Q. Public administration education and health,9,2,7
S01011940,R S T U. Other,5,1,4
S01011940,Never worked,27,16,11
S01011941,All people aged 16 to 74 not in employment,155,104,51
S01011941,A B D E. Agriculture energy and water,8,8,0
S01011941,C. Manufacturing,14,9,5
S01011941,F. Construction,15,14,1
S01011941,G I. Distribution hotels and restaurants,39,23,16
S01011941,H J. Transport and communication,23,13,10
S01011941,K L M N. Financial real estate professional and administrative activities,11,9,2
S01011941,O P Q. Public administration education and health,19,8,11
S01011941,R S T U. Other,6,5,1
S01011941,Never worked,20,15,5
S01011942,All people aged 16 to 74 not in employment,191,113,78
S01011942,A B D E. Agriculture energy and water,8,8,0
S01011942,C. Manufacturing,12,7,5
S01011942,F. Construction,9,8,1
S01011942,G I. Distribution hotels and restaurants,37,22,15
S01011942,H J. Transport and communication,26,20,6
S01011942,K L M N. Financial real estate professional and administrative activities,22,9,13
S01011942,O P Q. Public administration education and health,25,6,19
S01011942,R S T U. Other,5,3,2
S01011942,Never worked,47,30,17
S01011943,All people aged 16 to 74 not in employment,369,209,160
S01011943,A B D E. Agriculture energy and water,24,22,2
S01011943,C. Manufacturing,23,14,9
S01011943,F. Construction,31,29,2
S01011943,G I. Distribution hotels and restaurants,83,43,40
S01011943,H J. Transport and communication,48,26,22
S01011943,K L M N. Financial real estate professional and administrative activities,26,11,15
S01011943,O P Q. Public administration education and health,42,17,25
S01011943,R S T U. Other,28,10,18
S01011943,Never worked,64,37,27
S01011944,All people aged 16 to 74 not in employment,133,56,77
S01011944,A B D E. Agriculture energy and water,5,3,2
S01011944,C. Manufacturing,8,6,2
S01011944,F. Construction,10,6,4
S01011944,G I. Distribution hotels and restaurants,18,6,12
S01011944,H J. Transport and communication,8,6,2
S01011944,K L M N. Financial real estate professional and administrative activities,18,7,11
S01011944,O P Q. Public administration education and health,45,10,35
S01011944,R S T U. Other,6,3,3
S01011944,Never worked,15,9,6
S01011945,All people aged 16 to 74 not in employment,258,113,145
S01011945,A B D E. Agriculture energy and water,11,9,2
S01011945,C. Manufacturing,14,4,10
S01011945,F. Construction,10,9,1
S01011945,G I. Distribution hotels and restaurants,25,9,16
S01011945,H J. Transport and communication,15,8,7
S01011945,K L M N. Financial real estate professional and administrative activities,40,19,21
S01011945,O P Q. Public administration education and health,94,30,64
S01011945,R S T U. Other,11,4,7
S01011945,Never worked,38,21,17
S01011946,All people aged 16 to 74 not in employment,238,108,130
S01011946,A B D E. Agriculture energy and water,4,3,1
S01011946,C. Manufacturing,19,13,6
S01011946,F. Construction,13,11,2
S01011946,G I. Distribution hotels and restaurants,47,21,26
S01011946,H J. Transport and communication,28,13,15
S01011946,K L M N. Financial real estate professional and administrative activities,32,18,14
S01011946,O P Q. Public administration education and health,61,16,45
S01011946,R S T U. Other,10,2,8
S01011946,Never worked,24,11,13
S01011947,All people aged 16 to 74 not in employment,138,60,78
S01011947,A B D E. Agriculture energy and water,5,3,2
S01011947,C. Manufacturing,9,5,4
S01011947,F. Construction,9,8,1
S01011947,G I. Distribution hotels and restaurants,25,13,12
S01011947,H J. Transport and communication,6,1,5
S01011947,K L M N. Financial real estate professional and administrative activities,18,5,13
S01011947,O P Q. Public administration education and health,48,17,31
S01011947,R S T U. Other,5,4,1
S01011947,Never worked,13,4,9
S01011948,All people aged 16 to 74 not in employment,305,138,167
S01011948,A B D E. Agriculture energy and water,7,4,3
S01011948,C. Manufacturing,21,16,5
S01011948,F. Construction,13,12,1
S01011948,G I. Distribution hotels and restaurants,36,17,19
S01011948,H J. Transport and communication,28,13,15
S01011948,K L M N. Financial real estate professional and administrative activities,33,16,17
S01011948,O P Q. Public administration education and health,79,15,64
S01011948,R S T U. Other,9,6,3
S01011948,Never worked,79,39,40
S01011949,All people aged 16 to 74 not in employment,242,90,152
S01011949,A B D E. Agriculture energy and water,8,8,0
S01011949,C. Manufacturing,10,5,5
S01011949,F. Construction,10,8,2
S01011949,G I. Distribution hotels and restaurants,50,20,30
S01011949,H J. Transport and communication,22,7,15
S01011949,K L M N. Financial real estate professional and administrative activities,40,18,22
S01011949,O P Q. Public administration education and health,87,19,68
S01011949,R S T U. Other,7,1,6
S01011949,Never worked,8,4,4
S01011950,All people aged 16 to 74 not in employment,207,81,126
S01011950,A B D E. Agriculture energy and water,8,8,0
S01011950,C. Manufacturing,15,8,7
S01011950,F. Construction,11,11,0
S01011950,G I. Distribution hotels and restaurants,40,14,26
S01011950,H J. Transport and communication,12,6,6
S01011950,K L M N. Financial real estate professional and administrative activities,33,16,17
S01011950,O P Q. Public administration education and health,68,12,56
S01011950,R S T U. Other,4,2,2
S01011950,Never worked,16,4,12
S01011951,All people aged 16 to 74 not in employment,161,57,104
S01011951,A B D E. Agriculture energy and water,9,7,2
S01011951,C. Manufacturing,7,5,2
S01011951,F. Construction,8,6,2
S01011951,G I. Distribution hotels and restaurants,27,4,23
S01011951,H J. Transport and communication,14,7,7
S01011951,K L M N. Financial real estate professional and administrative activities,18,6,12
S01011951,O P Q. Public administration education and health,56,14,42
S01011951,R S T U. Other,6,0,6
S01011951,Never worked,16,8,8
S01011952,All people aged 16 to 74 not in employment,120,47,73
S01011952,A B D E. Agriculture energy and water,6,3,3
S01011952,C. Manufacturing,3,3,0
S01011952,F. Construction,6,5,1
S01011952,G I. Distribution hotels and restaurants,23,10,13
S01011952,H J. Transport and communication,9,4,5
S01011952,K L M N. Financial real estate professional and administrative activities,19,6,13
S01011952,O P Q. Public administration education and health,40,10,30
S01011952,R S T U. Other,6,2,4
S01011952,Never worked,8,4,4
S01011953,All people aged 16 to 74 not in employment,164,59,105
S01011953,A B D E. Agriculture energy and water,5,4,1
S01011953,C. Manufacturing,8,5,3
S01011953,F. Construction,4,2,2
S01011953,G I. Distribution hotels and restaurants,20,7,13
S01011953,H J. Transport and communication,19,6,13
S01011953,K L M N. Financial real estate professional and administrative activities,24,11,13
S01011953,O P Q. Public administration education and health,61,10,51
S01011953,R S T U. Other,7,4,3
S01011953,Never worked,16,10,6
S01011954,All people aged 16 to 74 not in employment,122,49,73
S01011954,A B D E. Agriculture energy and water,6,6,0
S01011954,C. Manufacturing,9,6,3
S01011954,F. Construction,5,5,0
S01011954,G I. Distribution hotels and restaurants,21,3,18
S01011954,H J. Transport and communication,13,5,8
S01011954,K L M N. Financial real estate professional and administrative activities,19,10,9
S01011954,O P Q. Public administration education and health,39,8,31
S01011954,R S T U. Other,4,3,1
S01011954,Never worked,6,3,3
S01011955,All people aged 16 to 74 not in employment,226,101,125
S01011955,A B D E. Agriculture energy and water,7,5,2
S01011955,C. Manufacturing,13,7,6
S01011955,F. Construction,16,15,1
S01011955,G I. Distribution hotels and restaurants,45,19,26
S01011955,H J. Transport and communication,25,10,15
S01011955,K L M N. Financial real estate professional and administrative activities,29,10,19
S01011955,O P Q. Public administration education and health,58,17,41
S01011955,R S T U. Other,9,5,4
S01011955,Never worked,24,13,11
S01011956,All people aged 16 to 74 not in employment,189,78,111
S01011956,A B D E. Agriculture energy and water,10,4,6
S01011956,C. Manufacturing,11,6,5
S01011956,F. Construction,11,10,1
S01011956,G I. Distribution hotels and restaurants,31,10,21
S01011956,H J. Transport and communication,15,4,11
S01011956,K L M N. Financial real estate professional and administrative activities,23,9,14
S01011956,O P Q. Public administration education and health,55,17,38
S01011956,R S T U. Other,13,7,6
S01011956,Never worked,20,11,9
S01011957,All people aged 16 to 74 not in employment,222,101,121
S01011957,A B D E. Agriculture energy and water,15,10,5
S01011957,C. Manufacturing,12,8,4
S01011957,F. Construction,16,12,4
S01011957,G I. Distribution hotels and restaurants,33,16,17
S01011957,H J. Transport and communication,16,8,8
S01011957,K L M N. Financial real estate professional and administrative activities,21,5,16
S01011957,O P Q. Public administration education and health,63,13,50
S01011957,R S T U. Other,8,6,2
S01011957,Never worked,38,23,15
S01011958,All people aged 16 to 74 not in employment,254,98,156
S01011958,A B D E. Agriculture energy and water,11,9,2
S01011958,C. Manufacturing,18,8,10
S01011958,F. Construction,10,6,4
S01011958,G I. Distribution hotels and restaurants,46,18,28
S01011958,H J. Transport and communication,31,14,17
S01011958,K L M N. Financial real estate professional and administrative activities,32,9,23
S01011958,O P Q. Public administration education and health,86,28,58
S01011958,R S T U. Other,6,2,4
S01011958,Never worked,14,4,10
S01011959,All people aged 16 to 74 not in employment,237,105,132
S01011959,A B D E. Agriculture energy and water,12,8,4
S01011959,C. Manufacturing,11,6,5
S01011959,F. Construction,8,8,0
S01011959,G I. Distribution hotels and restaurants,29,14,15
S01011959,H J. Transport and communication,27,10,17
S01011959,K L M N. Financial real estate professional and administrative activities,33,13,20
S01011959,O P Q. Public administration education and health,56,14,42
S01011959,R S T U. Other,8,3,5
S01011959,Never worked,53,29,24
S01011960,All people aged 16 to 74 not in employment,137,52,85
S01011960,A B D E. Agriculture energy and water,5,2,3
S01011960,C. Manufacturing,6,5,1
S01011960,F. Construction,8,6,2
S01011960,G I. Distribution hotels and restaurants,31,15,16
S01011960,H J. Transport and communication,12,4,8
S01011960,K L M N. Financial real estate professional and administrative activities,11,5,6
S01011960,O P Q. Public administration education and health,41,7,34
S01011960,R S T U. Other,8,2,6
S01011960,Never worked,15,6,9
S01011961,All people aged 16 to 74 not in employment,122,46,76
S01011961,A B D E. Agriculture energy and water,4,3,1
S01011961,C. Manufacturing,11,5,6
S01011961,F. Construction,14,12,2
S01011961,G I. Distribution hotels and restaurants,16,6,10
S01011961,H J. Transport and communication,15,3,12
S01011961,K L M N. Financial real estate professional and administrative activities,12,7,5
S01011961,O P Q. Public administration education and health,40,5,35
S01011961,R S T U. Other,4,1,3
S01011961,Never worked,6,4,2
S01011962,All people aged 16 to 74 not in employment,146,58,88
S01011962,A B D E. Agriculture energy and water,7,6,1
S01011962,C. Manufacturing,16,10,6
S01011962,F. Construction,5,5,0
S01011962,G I. Distribution hotels and restaurants,18,9,9
S01011962,H J. Transport and communication,14,5,9
S01011962,K L M N. Financial real estate professional and administrative activities,13,5,8
S01011962,O P Q. Public administration education and health,49,11,38
S01011962,R S T U. Other,7,1,6
S01011962,Never worked,17,6,11
S01011963,All people aged 16 to 74 not in employment,112,47,65
S01011963,A B D E. Agriculture energy and water,9,5,4
S01011963,C. Manufacturing,8,5,3
S01011963,F. Construction,7,6,1
S01011963,G I. Distribution hotels and restaurants,23,9,14
S01011963,H J. Transport and communication,9,4,5
S01011963,K L M N. Financial real estate professional and administrative activities,15,8,7
S01011963,O P Q. Public administration education and health,27,4,23
S01011963,R S T U. Other,4,0,4
S01011963,Never worked,10,6,4
S01011964,All people aged 16 to 74 not in employment,237,99,138
S01011964,A B D E. Agriculture energy and water,18,7,11
S01011964,C. Manufacturing,16,9,7
S01011964,F. Construction,23,18,5
S01011964,G I. Distribution hotels and restaurants,47,22,25
S01011964,H J. Transport and communication,13,6,7
S01011964,K L M N. Financial real estate professional and administrative activities,27,7,20
S01011964,O P Q. Public administration education and health,63,20,43
S01011964,R S T U. Other,6,2,4
S01011964,Never worked,24,8,16
S01011965,All people aged 16 to 74 not in employment,222,110,112
S01011965,A B D E. Agriculture energy and water,7,5,2
S01011965,C. Manufacturing,19,14,5
S01011965,F. Construction,10,9,1
S01011965,G I. Distribution hotels and restaurants,29,12,17
S01011965,H J. Transport and communication,14,5,9
S01011965,K L M N. Financial real estate professional and administrative activities,30,10,20
S01011965,O P Q. Public administration education and health,72,24,48
S01011965,R S T U. Other,3,2,1
S01011965,Never worked,38,29,9
S01011966,All people aged 16 to 74 not in employment,210,89,121
S01011966,A B D E. Agriculture energy and water,5,4,1
S01011966,C. Manufacturing,16,7,9
S01011966,F. Construction,12,10,2
S01011966,G I. Distribution hotels and restaurants,36,18,18
S01011966,H J. Transport and communication,18,8,10
S01011966,K L M N. Financial real estate professional and administrative activities,20,9,11
S01011966,O P Q. Public administration education and health,72,22,50
S01011966,R S T U. Other,6,2,4
S01011966,Never worked,25,9,16
S01011967,All people aged 16 to 74 not in employment,346,214,132
S01011967,A B D E. Agriculture energy and water,11,9,2
S01011967,C. Manufacturing,36,30,6
S01011967,F. Construction,51,49,2
S01011967,G I. Distribution hotels and restaurants,69,46,23
S01011967,H J. Transport and communication,19,4,15
S01011967,K L M N. Financial real estate professional and administrative activities,28,18,10
S01011967,O P Q. Public administration education and health,80,21,59
S01011967,R S T U. Other,5,3,2
S01011967,Never worked,47,34,13
S01011968,All people aged 16 to 74 not in employment,243,97,146
S01011968,A B D E. Agriculture energy and water,5,3,2
S01011968,C. Manufacturing,12,8,4
S01011968,F. Construction,18,14,4
S01011968,G I. Distribution hotels and restaurants,40,19,21
S01011968,H J. Transport and communication,26,8,18
S01011968,K L M N. Financial real estate professional and administrative activities,28,10,18
S01011968,O P Q. Public administration education and health,76,19,57
S01011968,R S T U. Other,10,6,4
S01011968,Never worked,28,10,18
S01011969,All people aged 16 to 74 not in employment,268,113,155
S01011969,A B D E. Agriculture energy and water,15,11,4
S01011969,C. Manufacturing,43,22,21
S01011969,F. Construction,20,18,2
S01011969,G I. Distribution hotels and restaurants,44,16,28
S01011969,H J. Transport and communication,19,6,13
S01011969,K L M N. Financial real estate professional and administrative activities,27,10,17
S01011969,O P Q. Public administration education and health,62,15,47
S01011969,R S T U. Other,12,1,11
S01011969,Never worked,26,14,12
S01011970,All people aged 16 to 74 not in employment,222,106,116
S01011970,A B D E. Agriculture energy and water,14,4,10
S01011970,C. Manufacturing,40,21,19
S01011970,F. Construction,15,14,1
S01011970,G I. Distribution hotels and restaurants,49,23,26
S01011970,H J. Transport and communication,15,5,10
S01011970,K L M N. Financial real estate professional and administrative activities,15,7,8
S01011970,O P Q. Public administration education and health,31,12,19
S01011970,R S T U. Other,8,3,5
S01011970,Never worked,35,17,18
S01011971,All people aged 16 to 74 not in employment,114,44,70
S01011971,A B D E. Agriculture energy and water,4,4,0
S01011971,C. Manufacturing,10,6,4
S01011971,F. Construction,5,5,0
S01011971,G I. Distribution hotels and restaurants,22,10,12
S01011971,H J. Transport and communication,7,4,3
S01011971,K L M N. Financial real estate professional and administrative activities,8,2,6
S01011971,O P Q. Public administration education and health,39,2,37
S01011971,R S T U. Other,6,4,2
S01011971,Never worked,13,7,6
S01011972,All people aged 16 to 74 not in employment,297,139,158
S01011972,A B D E. Agriculture energy and water,21,15,6
S01011972,C. Manufacturing,27,16,11
S01011972,F. Construction,15,11,4
S01011972,G I. Distribution hotels and restaurants,52,23,29
S01011972,H J. Transport and communication,21,10,11
S01011972,K L M N. Financial real estate professional and administrative activities,32,13,19
S01011972,O P Q. Public administration education and health,87,26,61
S01011972,R S T U. Other,2,1,1
S01011972,Never worked,40,24,16
S01011973,All people aged 16 to 74 not in employment,141,59,82
S01011973,A B D E. Agriculture energy and water,15,9,6
S01011973,C. Manufacturing,12,8,4
S01011973,F. Construction,3,3,0
S01011973,G I. Distribution hotels and restaurants,23,8,15
S01011973,H J. Transport and communication,12,7,5
S01011973,K L M N. Financial real estate professional and administrative activities,14,5,9
S01011973,O P Q. Public administration education and health,40,10,30
S01011973,R S T U. Other,11,4,7
S01011973,Never worked,11,5,6
S01011974,All people aged 16 to 74 not in employment,180,78,102
S01011974,A B D E. Agriculture energy and water,12,7,5
S01011974,C. Manufacturing,15,9,6
S01011974,F. Construction,8,5,3
S01011974,G I. Distribution hotels and restaurants,32,16,16
S01011974,H J. Transport and communication,16,9,7
S01011974,K L M N. Financial real estate professional and administrative activities,22,5,17
S01011974,O P Q. Public administration education and health,47,16,31
S01011974,R S T U. Other,10,3,7
S01011974,Never worked,18,8,10
S01011975,All people aged 16 to 74 not in employment,127,51,76
S01011975,A B D E. Agriculture energy and water,7,4,3
S01011975,C. Manufacturing,7,4,3
S01011975,F. Construction,6,6,0
S01011975,G I. Distribution hotels and restaurants,22,8,14
S01011975,H J. Transport and communication,13,5,8
S01011975,K L M N. Financial real estate professional and administrative activities,16,7,9
S01011975,O P Q. Public administration education and health,39,9,30
S01011975,R S T U. Other,8,4,4
S01011975,Never worked,9,4,5
S01011976,All people aged 16 to 74 not in employment,203,81,122
S01011976,A B D E. Agriculture energy and water,12,8,4
S01011976,C. Manufacturing,19,11,8
S01011976,F. Construction,14,11,3
S01011976,G I. Distribution hotels and restaurants,28,12,16
S01011976,H J. Transport and communication,13,2,11
S01011976,K L M N. Financial real estate professional and administrative activities,24,12,12
S01011976,O P Q. Public administration education and health,59,11,48
S01011976,R S T U. Other,13,4,9
S01011976,Never worked,21,10,11
S01011977,All people aged 16 to 74 not in employment,332,140,192
S01011977,A B D E. Agriculture energy and water,21,8,13
S01011977,C. Manufacturing,30,12,18
S01011977,F. Construction,21,19,2
S01011977,G I. Distribution hotels and restaurants,57,26,31
S01011977,H J. Transport and communication,22,7,15
S01011977,K L M N. Financial real estate professional and administrative activities,36,16,20
S01011977,O P Q. Public administration education and health,81,23,58
S01011977,R S T U. Other,18,8,10
S01011977,Never worked,46,21,25
S01011978,All people aged 16 to 74 not in employment,190,71,119
S01011978,A B D E. Agriculture energy and water,9,5,4
S01011978,C. Manufacturing,13,6,7
S01011978,F. Construction,18,16,2
S01011978,G I. Distribution hotels and restaurants,42,11,31
S01011978,H J. Transport and communication,18,9,9
S01011978,K L M N. Financial real estate professional and administrative activities,15,6,9
S01011978,O P Q. Public administration education and health,49,8,41
S01011978,R S T U. Other,12,2,10
S01011978,Never worked,14,8,6
S01011979,All people aged 16 to 74 not in employment,201,84,117
S01011979,A B D E. Agriculture energy and water,13,9,4
S01011979,C. Manufacturing,12,6,6
S01011979,F. Construction,10,9,1
S01011979,G I. Distribution hotels and restaurants,36,14,22
S01011979,H J. Transport and communication,25,8,17
S01011979,K L M N. Financial real estate professional and administrative activities,29,14,15
S01011979,O P Q. Public administration education and health,48,10,38
S01011979,R S T U. Other,7,2,5
S01011979,Never worked,21,12,9
S01011980,All people aged 16 to 74 not in employment,112,46,66
S01011980,A B D E. Agriculture energy and water,7,2,5
S01011980,C. Manufacturing,4,2,2
S01011980,F. Construction,7,5,2
S01011980,G I. Distribution hotels and restaurants,20,9,11
S01011980,H J. Transport and communication,10,6,4
S01011980,K L M N. Financial real estate professional and administrative activities,14,7,7
S01011980,O P Q. Public administration education and health,34,8,26
S01011980,R S T U. Other,4,1,3
S01011980,Never worked,12,6,6
S01011981,All people aged 16 to 74 not in employment,201,85,116
S01011981,A B D E. Agriculture energy and water,17,12,5
S01011981,C. Manufacturing,7,3,4
S01011981,F. Construction,10,8,2
S01011981,G I. Distribution hotels and restaurants,30,18,12
S01011981,H J. Transport and communication,29,10,19
S01011981,K L M N. Financial real estate professional and administrative activities,21,3,18
S01011981,O P Q. Public administration education and health,49,15,34
S01011981,R S T U. Other,17,6,11
S01011981,Never worked,21,10,11
S01011982,All people aged 16 to 74 not in employment,202,75,127
S01011982,A B D E. Agriculture energy and water,15,9,6
S01011982,C. Manufacturing,10,6,4
S01011982,F. Construction,10,7,3
S01011982,G I. Distribution hotels and restaurants,32,10,22
S01011982,H J. Transport and communication,24,7,17
S01011982,K L M N. Financial real estate professional and administrative activities,25,10,15
S01011982,O P Q. Public administration education and health,51,12,39
S01011982,R S T U. Other,11,3,8
S01011982,Never worked,24,11,13
S01011983,All people aged 16 to 74 not in employment,185,78,107
S01011983,A B D E. Agriculture energy and water,12,9,3
S01011983,C. Manufacturing,15,6,9
S01011983,F. Construction,13,11,2
S01011983,G I. Distribution hotels and restaurants,24,12,12
S01011983,H J. Transport and communication,29,9,20
S01011983,K L M N. Financial real estate professional and administrative activities,27,15,12
S01011983,O P Q. Public administration education and health,45,9,36
S01011983,R S T U. Other,8,2,6
S01011983,Never worked,12,5,7
S01011984,All people aged 16 to 74 not in employment,174,71,103
S01011984,A B D E. Agriculture energy and water,13,8,5
S01011984,C. Manufacturing,26,13,13
S01011984,F. Construction,13,10,3
S01011984,G I. Distribution hotels and restaurants,30,11,19
S01011984,H J. Transport and communication,11,2,9
S01011984,K L M N. Financial real estate professional and administrative activities,12,4,8
S01011984,O P Q. Public administration education and health,29,8,21
S01011984,R S T U. Other,11,2,9
S01011984,Never worked,29,13,16
S01011985,All people aged 16 to 74 not in employment,158,64,94
S01011985,A B D E. Agriculture energy and water,5,1,4
S01011985,C. Manufacturing,11,4,7
S01011985,F. Construction,12,10,2
S01011985,G I. Distribution hotels and restaurants,27,10,17
S01011985,H J. Transport and communication,12,4,8
S01011985,K L M N. Financial real estate professional and administrative activities,14,7,7
S01011985,O P Q. Public administration education and health,40,12,28
S01011985,R S T U. Other,5,1,4
S01011985,Never worked,32,15,17
S01011986,All people aged 16 to 74 not in employment,203,91,112
S01011986,A B D E. Agriculture energy and water,15,9,6
S01011986,C. Manufacturing,33,19,14
S01011986,F. Construction,15,15,0
S01011986,G I. Distribution hotels and restaurants,36,15,21
S01011986,H J. Transport and communication,27,8,19
S01011986,K L M N. Financial real estate professional and administrative activities,19,9,10
S01011986,O P Q. Public administration education and health,21,4,17
S01011986,R S T U. Other,9,3,6
S01011986,Never worked,28,9,19
S01011987,All people aged 16 to 74 not in employment,264,119,145
S01011987,A B D E. Agriculture energy and water,13,7,6
S01011987,C. Manufacturing,28,16,12
S01011987,F. Construction,22,20,2
S01011987,G I. Distribution hotels and restaurants,47,21,26
S01011987,H J. Transport and communication,18,9,9
S01011987,K L M N. Financial real estate professional and administrative activities,19,9,10
S01011987,O P Q. Public administration education and health,70,15,55
S01011987,R S T U. Other,17,7,10
S01011987,Never worked,30,15,15
S01011988,All people aged 16 to 74 not in employment,213,88,125
S01011988,A B D E. Agriculture energy and water,13,6,7
S01011988,C. Manufacturing,16,7,9
S01011988,F. Construction,12,12,0
S01011988,G I. Distribution hotels and restaurants,36,14,22
S01011988,H J. Transport and communication,12,6,6
S01011988,K L M N. Financial real estate professional and administrative activities,21,8,13
S01011988,O P Q. Public administration education and health,53,15,38
S01011988,R S T U. Other,7,3,4
S01011988,Never worked,43,17,26
S01011989,All people aged 16 to 74 not in employment,200,88,112
S01011989,A B D E. Agriculture energy and water,14,11,3
S01011989,C. Manufacturing,17,9,8
S01011989,F. Construction,14,13,1
S01011989,G I. Distribution hotels and restaurants,44,20,24
S01011989,H J. Transport and communication,16,4,12
S01011989,K L M N. Financial real estate professional and administrative activities,17,6,11
S01011989,O P Q. Public administration education and health,48,12,36
S01011989,R S T U. Other,11,5,6
S01011989,Never worked,19,8,11
S01011990,All people aged 16 to 74 not in employment,215,81,134
S01011990,A B D E. Agriculture energy and water,12,8,4
S01011990,C. Manufacturing,12,5,7
S01011990,F. Construction,14,11,3
S01011990,G I. Distribution hotels and restaurants,39,20,19
S01011990,H J. Transport and communication,18,5,13
S01011990,K L M N. Financial real estate professional and administrative activities,19,10,9
S01011990,O P Q. Public administration education and health,72,15,57
S01011990,R S T U. Other,13,3,10
S01011990,Never worked,16,4,12
S01011991,All people aged 16 to 74 not in employment,167,75,92
S01011991,A B D E. Agriculture energy and water,5,4,1
S01011991,C. Manufacturing,15,7,8
S01011991,F. Construction,13,13,0
S01011991,G I. Distribution hotels and restaurants,28,13,15
S01011991,H J. Transport and communication,16,5,11
S01011991,K L M N. Financial real estate professional and administrative activities,19,6,13
S01011991,O P Q. Public administration education and health,40,9,31
S01011991,R S T U. Other,7,2,5
S01011991,Never worked,24,16,8
S01011992,All people aged 16 to 74 not in employment,239,91,148
S01011992,A B D E. Agriculture energy and water,13,8,5
S01011992,C. Manufacturing,25,14,11
S01011992,F. Construction,18,12,6
S01011992,G I. Distribution hotels and restaurants,38,14,24
S01011992,H J. Transport and communication,12,3,9
S01011992,K L M N. Financial real estate professional and administrative activities,23,9,14
S01011992,O P Q. Public administration education and health,80,20,60
S01011992,R S T U. Other,9,3,6
S01011992,Never worked,21,8,13
S01011993,All people aged 16 to 74 not in employment,210,99,111
S01011993,A B D E. Agriculture energy and water,6,4,2
S01011993,C. Manufacturing,33,19,14
S01011993,F. Construction,17,16,1
S01011993,G I. Distribution hotels and restaurants,40,17,23
S01011993,H J. Transport and communication,13,8,5
S01011993,K L M N. Financial real estate professional and administrative activities,11,3,8
S01011993,O P Q. Public administration education and health,45,8,37
S01011993,R S T U. Other,15,8,7
S01011993,Never worked,30,16,14
S01011994,All people aged 16 to 74 not in employment,263,114,149
S01011994,A B D E. Agriculture energy and water,14,8,6
S01011994,C. Manufacturing,21,14,7
S01011994,F. Construction,10,9,1
S01011994,G I. Distribution hotels and restaurants,39,22,17
S01011994,H J. Transport and communication,11,6,5
S01011994,K L M N. Financial real estate professional and administrative activities,32,14,18
S01011994,O P Q. Public administration education and health,104,25,79
S01011994,R S T U. Other,13,6,7
S01011994,Never worked,19,10,9
S01011995,All people aged 16 to 74 not in employment,160,64,96
S01011995,A B D E. Agriculture energy and water,15,8,7
S01011995,C. Manufacturing,6,3,3
S01011995,F. Construction,9,7,2
S01011995,G I. Distribution hotels and restaurants,30,15,15
S01011995,H J. Transport and communication,11,2,9
S01011995,K L M N. Financial real estate professional and administrative activities,23,9,14
S01011995,O P Q. Public administration education and health,38,8,30
S01011995,R S T U. Other,10,2,8
S01011995,Never worked,18,10,8
S01011996,All people aged 16 to 74 not in employment,135,53,82
S01011996,A B D E. Agriculture energy and water,2,1,1
S01011996,C. Manufacturing,11,8,3
S01011996,F. Construction,5,5,0
S01011996,G I. Distribution hotels and restaurants,28,11,17
S01011996,H J. Transport and communication,12,3,9
S01011996,K L M N. Financial real estate professional and administrative activities,15,3,12
S01011996,O P Q. Public administration education and health,29,6,23
S01011996,R S T U. Other,4,0,4
S01011996,Never worked,29,16,13
S01011997,All people aged 16 to 74 not in employment,199,87,112
S01011997,A B D E. Agriculture energy and water,10,8,2
S01011997,C. Manufacturing,13,7,6
S01011997,F. Construction,11,10,1
S01011997,G I. Distribution hotels and restaurants,34,17,17
S01011997,H J. Transport and communication,16,8,8
S01011997,K L M N. Financial real estate professional and administrative activities,31,10,21
S01011997,O P Q. Public administration education and health,52,13,39
S01011997,R S T U. Other,9,2,7
S01011997,Never worked,23,12,11
S01011998,All people aged 16 to 74 not in employment,136,56,80
S01011998,A B D E. Agriculture energy and water,4,3,1
S01011998,C. Manufacturing,12,8,4
S01011998,F. Construction,10,8,2
S01011998,G I. Distribution hotels and restaurants,21,8,13
S01011998,H J. Transport and communication,8,2,6
S01011998,K L M N. Financial real estate professional and administrative activities,24,12,12
S01011998,O P Q. Public administration education and health,47,9,38
S01011998,R S T U. Other,7,4,3
S01011998,Never worked,3,2,1
S01011999,All people aged 16 to 74 not in employment,118,53,65
S01011999,A B D E. Agriculture energy and water,10,6,4
S01011999,C. Manufacturing,15,6,9
S01011999,F. Construction,4,3,1
S01011999,G I. Distribution hotels and restaurants,22,12,10
S01011999,H J. Transport and communication,11,5,6
S01011999,K L M N. Financial real estate professional and administrative activities,13,5,8
S01011999,O P Q. Public administration education and health,26,6,20
S01011999,R S T U. Other,4,2,2
S01011999,Never worked,13,8,5
S01012000,All people aged 16 to 74 not in employment,87,34,53
S01012000,A B D E. Agriculture energy and water,3,1,2
S01012000,C. Manufacturing,8,5,3
S01012000,F. Construction,10,9,1
S01012000,G I. Distribution hotels and restaurants,11,5,6
S01012000,H J. Transport and communication,10,4,6
S01012000,K L M N. Financial real estate professional and administrative activities,7,3,4
S01012000,O P Q. Public administration education and health,30,4,26
S01012000,R S T U. Other,5,1,4
S01012000,Never worked,3,2,1
S01012001,All people aged 16 to 74 not in employment,124,44,80
S01012001,A B D E. Agriculture energy and water,5,3,2
S01012001,C. Manufacturing,8,3,5
S01012001,F. Construction,12,9,3
S01012001,G I. Distribution hotels and restaurants,28,8,20
S01012001,H J. Transport and communication,17,7,10
S01012001,K L M N. Financial real estate professional and administrative activities,8,2,6
S01012001,O P Q. Public administration education and health,35,7,28
S01012001,R S T U. Other,6,2,4
S01012001,Never worked,5,3,2
S01012002,All people aged 16 to 74 not in employment,142,54,88
S01012002,A B D E. Agriculture energy and water,11,6,5
S01012002,C. Manufacturing,13,7,6
S01012002,F. Construction,10,8,2
S01012002,G I. Distribution hotels and restaurants,28,11,17
S01012002,H J. Transport and communication,5,1,4
S01012002,K L M N. Financial real estate professional and administrative activities,15,4,11
S01012002,O P Q. Public administration education and health,39,7,32
S01012002,R S T U. Other,6,1,5
S01012002,Never worked,15,9,6
S01012003,All people aged 16 to 74 not in employment,133,66,67
S01012003,A B D E. Agriculture energy and water,11,9,2
S01012003,C. Manufacturing,7,6,1
S01012003,F. Construction,14,14,0
S01012003,G I. Distribution hotels and restaurants,36,18,18
S01012003,H J. Transport and communication,12,5,7
S01012003,K L M N. Financial real estate professional and administrative activities,16,4,12
S01012003,O P Q. Public administration education and health,23,3,20
S01012003,R S T U. Other,5,2,3
S01012003,Never worked,9,5,4
S01012004,All people aged 16 to 74 not in employment,211,81,130
S01012004,A B D E. Agriculture energy and water,10,5,5
S01012004,C. Manufacturing,11,6,5
S01012004,F. Construction,11,9,2
S01012004,G I. Distribution hotels and restaurants,40,13,27
S01012004,H J. Transport and communication,20,5,15
S01012004,K L M N. Financial real estate professional and administrative activities,28,10,18
S01012004,O P Q. Public administration education and health,56,14,42
S01012004,R S T U. Other,10,4,6
S01012004,Never worked,25,15,10
S01012005,All people aged 16 to 74 not in employment,173,79,94
S01012005,A B D E. Agriculture energy and water,4,3,1
S01012005,C. Manufacturing,13,9,4
S01012005,F. Construction,10,9,1
S01012005,G I. Distribution hotels and restaurants,35,19,16
S01012005,H J. Transport and communication,12,5,7
S01012005,K L M N. Financial real estate professional and administrative activities,19,9,10
S01012005,O P Q. Public administration education and health,51,11,40
S01012005,R S T U. Other,8,3,5
S01012005,Never worked,21,11,10
S01012006,All people aged 16 to 74 not in employment,309,168,141
S01012006,A B D E. Agriculture energy and water,12,7,5
S01012006,C. Manufacturing,13,8,5
S01012006,F. Construction,11,6,5
S01012006,G I. Distribution hotels and restaurants,30,18,12
S01012006,H J. Transport and communication,29,10,19
S01012006,K L M N. Financial real estate professional and administrative activities,22,10,12
S01012006,O P Q. Public administration education and health,44,19,25
S01012006,R S T U. Other,7,3,4
S01012006,Never worked,141,87,54
S01012007,All people aged 16 to 74 not in employment,194,85,109
S01012007,A B D E. Agriculture energy and water,5,3,2
S01012007,C. Manufacturing,10,6,4
S01012007,F. Construction,13,12,1
S01012007,G I. Distribution hotels and restaurants,29,11,18
S01012007,H J. Transport and communication,19,10,9
S01012007,K L M N. Financial real estate professional and administrative activities,28,9,19
S01012007,O P Q. Public administration education and health,68,21,47
S01012007,R S T U. Other,8,5,3
S01012007,Never worked,14,8,6
S01012008,All people aged 16 to 74 not in employment,204,99,105
S01012008,A B D E. Agriculture energy and water,11,6,5
S01012008,C. Manufacturing,13,7,6
S01012008,F. Construction,8,5,3
S01012008,G I. Distribution hotels and restaurants,27,17,10
S01012008,H J. Transport and communication,19,6,13
S01012008,K L M N. Financial real estate professional and administrative activities,19,9,10
S01012008,O P Q. Public administration education and health,50,13,37
S01012008,R S T U. Other,10,2,8
S01012008,Never worked,47,34,13
S01012009,All people aged 16 to 74 not in employment,127,44,83
S01012009,A B D E. Agriculture energy and water,9,7,2
S01012009,C. Manufacturing,12,4,8
S01012009,F. Construction,3,2,1
S01012009,G I. Distribution hotels and restaurants,13,4,9
S01012009,H J. Transport and communication,16,3,13
S01012009,K L M N. Financial real estate professional and administrative activities,20,10,10
S01012009,O P Q. Public administration education and health,36,7,29
S01012009,R S T U. Other,4,1,3
S01012009,Never worked,14,6,8
S01012010,All people aged 16 to 74 not in employment,263,102,161
S01012010,A B D E. Agriculture energy and water,19,18,1
S01012010,C. Manufacturing,15,9,6
S01012010,F. Construction,8,5,3
S01012010,G I. Distribution hotels and restaurants,40,18,22
S01012010,H J. Transport and communication,48,15,33
S01012010,K L M N. Financial real estate professional and administrative activities,17,4,13
S01012010,O P Q. Public administration education and health,91,24,67
S01012010,R S T U. Other,9,3,6
S01012010,Never worked,16,6,10
S01012011,All people aged 16 to 74 not in employment,237,113,124
S01012011,A B D E. Agriculture energy and water,14,12,2
S01012011,C. Manufacturing,9,5,4
S01012011,F. Construction,14,13,1
S01012011,G I. Distribution hotels and restaurants,38,14,24
S01012011,H J. Transport and communication,38,15,23
S01012011,K L M N. Financial real estate professional and administrative activities,20,14,6
S01012011,O P Q. Public administration education and health,65,15,50
S01012011,R S T U. Other,13,7,6
S01012011,Never worked,26,18,8
S01012012,All people aged 16 to 74 not in employment,192,83,109
S01012012,A B D E. Agriculture energy and water,5,2,3
S01012012,C. Manufacturing,12,9,3
S01012012,F. Construction,11,5,6
S01012012,G I. Distribution hotels and restaurants,44,20,24
S01012012,H J. Transport and communication,19,7,12
S01012012,K L M N. Financial real estate professional and administrative activities,21,13,8
S01012012,O P Q. Public administration education and health,60,18,42
S01012012,R S T U. Other,10,3,7
S01012012,Never worked,10,6,4
S01012013,All people aged 16 to 74 not in employment,183,79,104
S01012013,A B D E. Agriculture energy and water,4,1,3
S01012013,C. Manufacturing,17,7,10
S01012013,F. Construction,9,7,2
S01012013,G I. Distribution hotels and restaurants,26,14,12
S01012013,H J. Transport and communication,19,6,13
S01012013,K L M N. Financial real estate professional and administrative activities,25,12,13
S01012013,O P Q. Public administration education and health,53,19,34
S01012013,R S T U. Other,17,8,9
S01012013,Never worked,13,5,8
S01012014,All people aged 16 to 74 not in employment,167,78,89
S01012014,A B D E. Agriculture energy and water,11,9,2
S01012014,C. Manufacturing,6,5,1
S01012014,F. Construction,19,17,2
S01012014,G I. Distribution hotels and restaurants,20,8,12
S01012014,H J. Transport and communication,17,4,13
S01012014,K L M N. Financial real estate professional and administrative activities,16,4,12
S01012014,O P Q. Public administration education and health,45,10,35
S01012014,R S T U. Other,16,7,9
S01012014,Never worked,17,14,3
S01012015,All people aged 16 to 74 not in employment,198,81,117
S01012015,A B D E. Agriculture energy and water,7,6,1
S01012015,C. Manufacturing,10,8,2
S01012015,F. Construction,14,14,0
S01012015,G I. Distribution hotels and restaurants,24,8,16
S01012015,H J. Transport and communication,27,9,18
S01012015,K L M N. Financial real estate professional and administrative activities,24,10,14
S01012015,O P Q. Public administration education and health,56,10,46
S01012015,R S T U. Other,15,2,13
S01012015,Never worked,21,14,7
S01012016,All people aged 16 to 74 not in employment,187,87,100
S01012016,A B D E. Agriculture energy and water,11,10,1
S01012016,C. Manufacturing,9,4,5
S01012016,F. Construction,10,10,0
S01012016,G I. Distribution hotels and restaurants,19,8,11
S01012016,H J. Transport and communication,29,13,16
S01012016,K L M N. Financial real estate professional and administrative activities,28,13,15
S01012016,O P Q. Public administration education and health,58,18,40
S01012016,R S T U. Other,3,0,3
S01012016,Never worked,20,11,9
S01012017,All people aged 16 to 74 not in employment,150,67,83
S01012017,A B D E. Agriculture energy and water,4,3,1
S01012017,C. Manufacturing,3,1,2
S01012017,F. Construction,8,6,2
S01012017,G I. Distribution hotels and restaurants,19,10,9
S01012017,H J. Transport and communication,12,5,7
S01012017,K L M N. Financial real estate professional and administrative activities,19,8,11
S01012017,O P Q. Public administration education and health,54,17,37
S01012017,R S T U. Other,8,3,5
S01012017,Never worked,23,14,9
S01012018,All people aged 16 to 74 not in employment,202,91,111
S01012018,A B D E. Agriculture energy and water,6,4,2
S01012018,C. Manufacturing,6,3,3
S01012018,F. Construction,11,7,4
S01012018,G I. Distribution hotels and restaurants,25,10,15
S01012018,H J. Transport and communication,28,9,19
S01012018,K L M N. Financial real estate professional and administrative activities,30,19,11
S01012018,O P Q. Public administration education and health,60,18,42
S01012018,R S T U. Other,13,4,9
S01012018,Never worked,23,17,6
S01012019,All people aged 16 to 74 not in employment,184,95,89
S01012019,A B D E. Agriculture energy and water,2,2,0
S01012019,C. Manufacturing,17,11,6
S01012019,F. Construction,17,14,3
S01012019,G I. Distribution hotels and restaurants,35,22,13
S01012019,H J. Transport and communication,6,2,4
S01012019,K L M N. Financial real estate professional and administrative activities,22,12,10
S01012019,O P Q. Public administration education and health,53,14,39
S01012019,R S T U. Other,9,1,8
S01012019,Never worked,23,17,6
S01012020,All people aged 16 to 74 not in employment,208,96,112
S01012020,A B D E. Agriculture energy and water,4,1,3
S01012020,C. Manufacturing,25,14,11
S01012020,F. Construction,23,21,2
S01012020,G I. Distribution hotels and restaurants,19,11,8
S01012020,H J. Transport and communication,18,5,13
S01012020,K L M N. Financial real estate professional and administrative activities,30,15,15
S01012020,O P Q. Public administration education and health,55,16,39
S01012020,R S T U. Other,10,3,7
S01012020,Never worked,24,10,14
S01012021,All people aged 16 to 74 not in employment,153,63,90
S01012021,A B D E. Agriculture energy and water,4,3,1
S01012021,C. Manufacturing,13,5,8
S01012021,F. Construction,14,11,3
S01012021,G I. Distribution hotels and restaurants,27,13,14
S01012021,H J. Transport and communication,8,5,3
S01012021,K L M N. Financial real estate professional and administrative activities,10,5,5
S01012021,O P Q. Public administration education and health,40,9,31
S01012021,R S T U. Other,6,2,4
S01012021,Never worked,31,10,21
S01012022,All people aged 16 to 74 not in employment,152,69,83
S01012022,A B D E. Agriculture energy and water,2,2,0
S01012022,C. Manufacturing,21,10,11
S01012022,F. Construction,13,12,1
S01012022,G I. Distribution hotels and restaurants,30,10,20
S01012022,H J. Transport and communication,9,4,5
S01012022,K L M N. Financial real estate professional and administrative activities,11,8,3
S01012022,O P Q. Public administration education and health,40,12,28
S01012022,R S T U. Other,5,0,5
S01012022,Never worked,21,11,10
S01012023,All people aged 16 to 74 not in employment,126,53,73
S01012023,A B D E. Agriculture energy and water,3,1,2
S01012023,C. Manufacturing,14,7,7
S01012023,F. Construction,8,5,3
S01012023,G I. Distribution hotels and restaurants,14,6,8
S01012023,H J. Transport and communication,9,4,5
S01012023,K L M N. Financial real estate professional and administrative activities,11,4,7
S01012023,O P Q. Public administration education and health,42,14,28
S01012023,R S T U. Other,5,0,5
S01012023,Never worked,20,12,8
S01012024,All people aged 16 to 74 not in employment,192,79,113
S01012024,A B D E. Agriculture energy and water,4,3,1
S01012024,C. Manufacturing,17,10,7
S01012024,F. Construction,13,12,1
S01012024,G I. Distribution hotels and restaurants,38,17,21
S01012024,H J. Transport and communication,16,3,13
S01012024,K L M N. Financial real estate professional and administrative activities,13,7,6
S01012024,O P Q. Public administration education and health,58,16,42
S01012024,R S T U. Other,7,1,6
S01012024,Never worked,26,10,16
S01012025,All people aged 16 to 74 not in employment,165,78,87
S01012025,A B D E. Agriculture energy and water,3,3,0
S01012025,C. Manufacturing,20,12,8
S01012025,F. Construction,10,10,0
S01012025,G I. Distribution hotels and restaurants,35,20,15
S01012025,H J. Transport and communication,13,4,9
S01012025,K L M N. Financial real estate professional and administrative activities,26,10,16
S01012025,O P Q. Public administration education and health,39,9,30
S01012025,R S T U. Other,8,1,7
S01012025,Never worked,11,9,2
S01012026,All people aged 16 to 74 not in employment,98,43,55
S01012026,A B D E. Agriculture energy and water,2,2,0
S01012026,C. Manufacturing,6,4,2
S01012026,F. Construction,1,1,0
S01012026,G I. Distribution hotels and restaurants,28,12,16
S01012026,H J. Transport and communication,5,1,4
S01012026,K L M N. Financial real estate professional and administrative activities,3,0,3
S01012026,O P Q. Public administration education and health,20,7,13
S01012026,R S T U. Other,1,0,1
S01012026,Never worked,32,16,16
S01012027,All people aged 16 to 74 not in employment,220,105,115
S01012027,A B D E. Agriculture energy and water,5,3,2
S01012027,C. Manufacturing,25,12,13
S01012027,F. Construction,12,12,0
S01012027,G I. Distribution hotels and restaurants,29,14,15
S01012027,H J. Transport and communication,16,5,11
S01012027,K L M N. Financial real estate professional and administrative activities,24,9,15
S01012027,O P Q. Public administration education and health,58,22,36
S01012027,R S T U. Other,15,3,12
S01012027,Never worked,36,25,11
S01012028,All people aged 16 to 74 not in employment,249,111,138
S01012028,A B D E. Agriculture energy and water,3,3,0
S01012028,C. Manufacturing,21,18,3
S01012028,F. Construction,6,3,3
S01012028,G I. Distribution hotels and restaurants,33,19,14
S01012028,H J. Transport and communication,18,8,10
S01012028,K L M N. Financial real estate professional and administrative activities,37,17,20
S01012028,O P Q. Public administration education and health,93,25,68
S01012028,R S T U. Other,8,3,5
S01012028,Never worked,30,15,15
S01012029,All people aged 16 to 74 not in employment,266,142,124
S01012029,A B D E. Agriculture energy and water,6,5,1
S01012029,C. Manufacturing,19,11,8
S01012029,F. Construction,19,17,2
S01012029,G I. Distribution hotels and restaurants,51,24,27
S01012029,H J. Transport and communication,26,15,11
S01012029,K L M N. Financial real estate professional and administrative activities,32,16,16
S01012029,O P Q. Public administration education and health,60,30,30
S01012029,R S T U. Other,5,3,2
S01012029,Never worked,48,21,27
S01012030,All people aged 16 to 74 not in employment,137,62,75
S01012030,A B D E. Agriculture energy and water,4,3,1
S01012030,C. Manufacturing,13,8,5
S01012030,F. Construction,16,12,4
S01012030,G I. Distribution hotels and restaurants,25,11,14
S01012030,H J. Transport and communication,8,4,4
S01012030,K L M N. Financial real estate professional and administrative activities,19,8,11
S01012030,O P Q. Public administration education and health,27,6,21
S01012030,R S T U. Other,4,1,3
S01012030,Never worked,21,9,12
S01012031,All people aged 16 to 74 not in employment,162,77,85
S01012031,A B D E. Agriculture energy and water,4,2,2
S01012031,C. Manufacturing,17,14,3
S01012031,F. Construction,5,4,1
S01012031,G I. Distribution hotels and restaurants,22,10,12
S01012031,H J. Transport and communication,15,9,6
S01012031,K L M N. Financial real estate professional and administrative activities,24,13,11
S01012031,O P Q. Public administration education and health,59,16,43
S01012031,R S T U. Other,4,2,2
S01012031,Never worked,12,7,5
S01012032,All people aged 16 to 74 not in employment,81,35,46
S01012032,A B D E. Agriculture energy and water,4,3,1
S01012032,C. Manufacturing,6,4,2
S01012032,F. Construction,3,2,1
S01012032,G I. Distribution hotels and restaurants,15,7,8
S01012032,H J. Transport and communication,4,2,2
S01012032,K L M N. Financial real estate professional and administrative activities,6,0,6
S01012032,O P Q. Public administration education and health,27,9,18
S01012032,R S T U. Other,4,1,3
S01012032,Never worked,12,7,5
S01012033,All people aged 16 to 74 not in employment,234,113,121
S01012033,A B D E. Agriculture energy and water,3,3,0
S01012033,C. Manufacturing,27,16,11
S01012033,F. Construction,19,15,4
S01012033,G I. Distribution hotels and restaurants,35,17,18
S01012033,H J. Transport and communication,10,4,6
S01012033,K L M N. Financial real estate professional and administrative activities,20,11,9
S01012033,O P Q. Public administration education and health,81,30,51
S01012033,R S T U. Other,9,2,7
S01012033,Never worked,30,15,15
S01012034,All people aged 16 to 74 not in employment,219,87,132
S01012034,A B D E. Agriculture energy and water,6,5,1
S01012034,C. Manufacturing,29,12,17
S01012034,F. Construction,11,10,1
S01012034,G I. Distribution hotels and restaurants,45,20,25
S01012034,H J. Transport and communication,13,1,12
S01012034,K L M N. Financial real estate professional and administrative activities,19,6,13
S01012034,O P Q. Public administration education and health,51,13,38
S01012034,R S T U. Other,11,4,7
S01012034,Never worked,34,16,18
S01012035,All people aged 16 to 74 not in employment,265,112,153
S01012035,A B D E. Agriculture energy and water,4,4,0
S01012035,C. Manufacturing,33,16,17
S01012035,F. Construction,17,14,3
S01012035,G I. Distribution hotels and restaurants,51,21,30
S01012035,H J. Transport and communication,19,11,8
S01012035,K L M N. Financial real estate professional and administrative activities,20,10,10
S01012035,O P Q. Public administration education and health,83,25,58
S01012035,R S T U. Other,7,2,5
S01012035,Never worked,31,9,22
S01012036,All people aged 16 to 74 not in employment,264,112,152
S01012036,A B D E. Agriculture energy and water,1,1,0
S01012036,C. Manufacturing,36,21,15
S01012036,F. Construction,16,13,3
S01012036,G I. Distribution hotels and restaurants,41,20,21
S01012036,H J. Transport and communication,12,5,7
S01012036,K L M N. Financial real estate professional and administrative activities,31,10,21
S01012036,O P Q. Public administration education and health,81,24,57
S01012036,R S T U. Other,5,2,3
S01012036,Never worked,41,16,25
S01012037,All people aged 16 to 74 not in employment,320,132,188
S01012037,A B D E. Agriculture energy and water,7,7,0
S01012037,C. Manufacturing,39,16,23
S01012037,F. Construction,20,18,2
S01012037,G I. Distribution hotels and restaurants,57,27,30
S01012037,H J. Transport and communication,16,2,14
S01012037,K L M N. Financial real estate professional and administrative activities,32,16,16
S01012037,O P Q. Public administration education and health,79,13,66
S01012037,R S T U. Other,13,4,9
S01012037,Never worked,57,29,28
S01012038,All people aged 16 to 74 not in employment,322,125,197
S01012038,A B D E. Agriculture energy and water,2,1,1
S01012038,C. Manufacturing,50,16,34
S01012038,F. Construction,18,17,1
S01012038,G I. Distribution hotels and restaurants,58,25,33
S01012038,H J. Transport and communication,31,3,28
S01012038,K L M N. Financial real estate professional and administrative activities,26,11,15
S01012038,O P Q. Public administration education and health,42,10,32
S01012038,R S T U. Other,11,5,6
S01012038,Never worked,84,37,47
S01012039,All people aged 16 to 74 not in employment,350,153,197
S01012039,A B D E. Agriculture energy and water,8,7,1
S01012039,C. Manufacturing,61,27,34
S01012039,F. Construction,24,20,4
S01012039,G I. Distribution hotels and restaurants,64,26,38
S01012039,H J. Transport and communication,22,8,14
S01012039,K L M N. Financial real estate professional and administrative activities,27,10,17
S01012039,O P Q. Public administration education and health,61,14,47
S01012039,R S T U. Other,12,2,10
S01012039,Never worked,71,39,32
S01012040,All people aged 16 to 74 not in employment,160,66,94
S01012040,A B D E. Agriculture energy and water,3,2,1
S01012040,C. Manufacturing,15,11,4
S01012040,F. Construction,8,6,2
S01012040,G I. Distribution hotels and restaurants,23,8,15
S01012040,H J. Transport and communication,14,2,12
S01012040,K L M N. Financial real estate professional and administrative activities,17,8,9
S01012040,O P Q. Public administration education and health,31,5,26
S01012040,R S T U. Other,11,5,6
S01012040,Never worked,38,19,19
S01012041,All people aged 16 to 74 not in employment,249,108,141
S01012041,A B D E. Agriculture energy and water,7,6,1
S01012041,C. Manufacturing,39,17,22
S01012041,F. Construction,9,6,3
S01012041,G I. Distribution hotels and restaurants,44,17,27
S01012041,H J. Transport and communication,16,5,11
S01012041,K L M N. Financial real estate professional and administrative activities,36,21,15
S01012041,O P Q. Public administration education and health,52,11,41
S01012041,R S T U. Other,13,3,10
S01012041,Never worked,33,22,11
S01012042,All people aged 16 to 74 not in employment,258,101,157
S01012042,A B D E. Agriculture energy and water,4,3,1
S01012042,C. Manufacturing,43,30,13
S01012042,F. Construction,7,6,1
S01012042,G I. Distribution hotels and restaurants,66,34,32
S01012042,H J. Transport and communication,24,4,20
S01012042,K L M N. Financial real estate professional and administrative activities,23,9,14
S01012042,O P Q. Public administration education and health,49,2,47
S01012042,R S T U. Other,7,2,5
S01012042,Never worked,35,11,24
S01012043,All people aged 16 to 74 not in employment,295,132,163
S01012043,A B D E. Agriculture energy and water,4,4,0
S01012043,C. Manufacturing,37,18,19
S01012043,F. Construction,25,24,1
S01012043,G I. Distribution hotels and restaurants,42,11,31
S01012043,H J. Transport and communication,20,9,11
S01012043,K L M N. Financial real estate professional and administrative activities,27,13,14
S01012043,O P Q. Public administration education and health,64,16,48
S01012043,R S T U. Other,13,5,8
S01012043,Never worked,63,32,31
S01012044,All people aged 16 to 74 not in employment,353,166,187
S01012044,A B D E. Agriculture energy and water,7,5,2
S01012044,C. Manufacturing,57,24,33
S01012044,F. Construction,21,19,2
S01012044,G I. Distribution hotels and restaurants,69,40,29
S01012044,H J. Transport and communication,17,6,11
S01012044,K L M N. Financial real estate professional and administrative activities,40,21,19
S01012044,O P Q. Public administration education and health,77,23,54
S01012044,R S T U. Other,17,3,14
S01012044,Never worked,48,25,23
S01012045,All people aged 16 to 74 not in employment,338,166,172
S01012045,A B D E. Agriculture energy and water,2,2,0
S01012045,C. Manufacturing,54,27,27
S01012045,F. Construction,29,27,2
S01012045,G I. Distribution hotels and restaurants,55,28,27
S01012045,H J. Transport and communication,33,13,20
S01012045,K L M N. Financial real estate professional and administrative activities,36,17,19
S01012045,O P Q. Public administration education and health,47,11,36
S01012045,R S T U. Other,9,1,8
S01012045,Never worked,73,40,33
S01012046,All people aged 16 to 74 not in employment,258,129,129
S01012046,A B D E. Agriculture energy and water,5,3,2
S01012046,C. Manufacturing,42,21,21
S01012046,F. Construction,26,25,1
S01012046,G I. Distribution hotels and restaurants,51,24,27
S01012046,H J. Transport and communication,14,5,9
S01012046,K L M N. Financial real estate professional and administrative activities,19,8,11
S01012046,O P Q. Public administration education and health,37,9,28
S01012046,R S T U. Other,7,1,6
S01012046,Never worked,57,33,24
S01012047,All people aged 16 to 74 not in employment,317,143,174
S01012047,A B D E. Agriculture energy and water,2,2,0
S01012047,C. Manufacturing,51,27,24
S01012047,F. Construction,26,25,1
S01012047,G I. Distribution hotels and restaurants,44,18,26
S01012047,H J. Transport and communication,32,16,16
S01012047,K L M N. Financial real estate professional and administrative activities,32,12,20
S01012047,O P Q. Public administration education and health,53,14,39
S01012047,R S T U. Other,19,2,17
S01012047,Never worked,58,27,31
S01012048,All people aged 16 to 74 not in employment,246,101,145
S01012048,A B D E. Agriculture energy and water,4,3,1
S01012048,C. Manufacturing,30,15,15
S01012048,F. Construction,20,16,4
S01012048,G I. Distribution hotels and restaurants,54,29,25
S01012048,H J. Transport and communication,24,7,17
S01012048,K L M N. Financial real estate professional and administrative activities,11,6,5
S01012048,O P Q. Public administration education and health,41,4,37
S01012048,R S T U. Other,15,2,13
S01012048,Never worked,47,19,28
S01012049,All people aged 16 to 74 not in employment,194,83,111
S01012049,A B D E. Agriculture energy and water,2,0,2
S01012049,C. Manufacturing,19,11,8
S01012049,F. Construction,19,17,2
S01012049,G I. Distribution hotels and restaurants,40,18,22
S01012049,H J. Transport and communication,12,4,8
S01012049,K L M N. Financial real estate professional and administrative activities,21,9,12
S01012049,O P Q. Public administration education and health,39,9,30
S01012049,R S T U. Other,13,6,7
S01012049,Never worked,29,9,20
S01012050,All people aged 16 to 74 not in employment,235,95,140
S01012050,A B D E. Agriculture energy and water,1,1,0
S01012050,C. Manufacturing,28,15,13
S01012050,F. Construction,12,12,0
S01012050,G I. Distribution hotels and restaurants,46,17,29
S01012050,H J. Transport and communication,11,0,11
S01012050,K L M N. Financial real estate professional and administrative activities,23,12,11
S01012050,O P Q. Public administration education and health,59,10,49
S01012050,R S T U. Other,7,4,3
S01012050,Never worked,48,24,24
S01012051,All people aged 16 to 74 not in employment,137,60,77
S01012051,A B D E. Agriculture energy and water,1,1,0
S01012051,C. Manufacturing,13,6,7
S01012051,F. Construction,8,7,1
S01012051,G I. Distribution hotels and restaurants,28,14,14
S01012051,H J. Transport and communication,5,4,1
S01012051,K L M N. Financial real estate professional and administrative activities,14,7,7
S01012051,O P Q. Public administration education and health,39,8,31
S01012051,R S T U. Other,10,3,7
S01012051,Never worked,19,10,9
S01012052,All people aged 16 to 74 not in employment,236,100,136
S01012052,A B D E. Agriculture energy and water,5,2,3
S01012052,C. Manufacturing,34,16,18
S01012052,F. Construction,15,10,5
S01012052,G I. Distribution hotels and restaurants,44,22,22
S01012052,H J. Transport and communication,12,5,7
S01012052,K L M N. Financial real estate professional and administrative activities,24,7,17
S01012052,O P Q. Public administration education and health,57,15,42
S01012052,R S T U. Other,9,5,4
S01012052,Never worked,36,18,18
S01012053,All people aged 16 to 74 not in employment,293,151,142
S01012053,A B D E. Agriculture energy and water,6,6,0
S01012053,C. Manufacturing,42,25,17
S01012053,F. Construction,22,21,1
S01012053,G I. Distribution hotels and restaurants,68,38,30
S01012053,H J. Transport and communication,25,13,12
S01012053,K L M N. Financial real estate professional and administrative activities,29,16,13
S01012053,O P Q. Public administration education and health,51,13,38
S01012053,R S T U. Other,10,3,7
S01012053,Never worked,40,16,24
S01012054,All people aged 16 to 74 not in employment,287,148,139
S01012054,A B D E. Agriculture energy and water,5,3,2
S01012054,C. Manufacturing,27,12,15
S01012054,F. Construction,39,38,1
S01012054,G I. Distribution hotels and restaurants,65,45,20
S01012054,H J. Transport and communication,25,11,14
S01012054,K L M N. Financial real estate professional and administrative activities,28,10,18
S01012054,O P Q. Public administration education and health,44,10,34
S01012054,R S T U. Other,10,2,8
S01012054,Never worked,44,17,27
S01012055,All people aged 16 to 74 not in employment,263,106,157
S01012055,A B D E. Agriculture energy and water,5,3,2
S01012055,C. Manufacturing,47,23,24
S01012055,F. Construction,14,13,1
S01012055,G I. Distribution hotels and restaurants,58,20,38
S01012055,H J. Transport and communication,26,10,16
S01012055,K L M N. Financial real estate professional and administrative activities,14,5,9
S01012055,O P Q. Public administration education and health,51,13,38
S01012055,R S T U. Other,18,8,10
S01012055,Never worked,30,11,19
S01012056,All people aged 16 to 74 not in employment,230,114,116
S01012056,A B D E. Agriculture energy and water,4,2,2
S01012056,C. Manufacturing,43,25,18
S01012056,F. Construction,14,13,1
S01012056,G I. Distribution hotels and restaurants,33,10,23
S01012056,H J. Transport and communication,7,4,3
S01012056,K L M N. Financial real estate professional and administrative activities,15,5,10
S01012056,O P Q. Public administration education and health,64,20,44
S01012056,R S T U. Other,5,3,2
S01012056,Never worked,45,32,13
S01012057,All people aged 16 to 74 not in employment,186,77,109
S01012057,A B D E. Agriculture energy and water,7,5,2
S01012057,C. Manufacturing,21,12,9
S01012057,F. Construction,9,9,0
S01012057,G I. Distribution hotels and restaurants,30,8,22
S01012057,H J. Transport and communication,11,3,8
S01012057,K L M N. Financial real estate professional and administrative activities,21,6,15
S01012057,O P Q. Public administration education and health,52,17,35
S01012057,R S T U. Other,5,1,4
S01012057,Never worked,30,16,14
S01012058,All people aged 16 to 74 not in employment,197,82,115
S01012058,A B D E. Agriculture energy and water,3,3,0
S01012058,C. Manufacturing,16,8,8
S01012058,F. Construction,12,9,3
S01012058,G I. Distribution hotels and restaurants,34,17,17
S01012058,H J. Transport and communication,12,4,8
S01012058,K L M N. Financial real estate professional and administrative activities,16,5,11
S01012058,O P Q. Public administration education and health,73,22,51
S01012058,R S T U. Other,8,2,6
S01012058,Never worked,23,12,11
S01012059,All people aged 16 to 74 not in employment,263,129,134
S01012059,A B D E. Agriculture energy and water,4,4,0
S01012059,C. Manufacturing,40,20,20
S01012059,F. Construction,28,27,1
S01012059,G I. Distribution hotels and restaurants,48,21,27
S01012059,H J. Transport and communication,11,3,8
S01012059,K L M N. Financial real estate professional and administrative activities,34,9,25
S01012059,O P Q. Public administration education and health,43,14,29
S01012059,R S T U. Other,10,4,6
S01012059,Never worked,45,27,18
S01012060,All people aged 16 to 74 not in employment,256,111,145
S01012060,A B D E. Agriculture energy and water,0,0,0
S01012060,C. Manufacturing,41,19,22
S01012060,F. Construction,20,18,2
S01012060,G I. Distribution hotels and restaurants,41,20,21
S01012060,H J. Transport and communication,14,5,9
S01012060,K L M N. Financial real estate professional and administrative activities,24,11,13
S01012060,O P Q. Public administration education and health,53,10,43
S01012060,R S T U. Other,13,6,7
S01012060,Never worked,50,22,28
S01012061,All people aged 16 to 74 not in employment,280,117,163
S01012061,A B D E. Agriculture energy and water,2,1,1
S01012061,C. Manufacturing,36,23,13
S01012061,F. Construction,10,8,2
S01012061,G I. Distribution hotels and restaurants,40,15,25
S01012061,H J. Transport and communication,21,9,12
S01012061,K L M N. Financial real estate professional and administrative activities,30,13,17
S01012061,O P Q. Public administration education and health,85,25,60
S01012061,R S T U. Other,10,2,8
S01012061,Never worked,46,21,25
S01012062,All people aged 16 to 74 not in employment,170,74,96
S01012062,A B D E. Agriculture energy and water,0,0,0
S01012062,C. Manufacturing,18,11,7
S01012062,F. Construction,8,8,0
S01012062,G I. Distribution hotels and restaurants,33,17,16
S01012062,H J. Transport and communication,16,5,11
S01012062,K L M N. Financial real estate professional and administrative activities,12,5,7
S01012062,O P Q. Public administration education and health,49,14,35
S01012062,R S T U. Other,6,1,5
S01012062,Never worked,28,13,15
S01012063,All people aged 16 to 74 not in employment,110,40,70
S01012063,A B D E. Agriculture energy and water,1,0,1
S01012063,C. Manufacturing,12,7,5
S01012063,F. Construction,2,1,1
S01012063,G I. Distribution hotels and restaurants,30,16,14
S01012063,H J. Transport and communication,11,6,5
S01012063,K L M N. Financial real estate professional and administrative activities,9,1,8
S01012063,O P Q. Public administration education and health,28,2,26
S01012063,R S T U. Other,2,0,2
S01012063,Never worked,15,7,8
S01012064,All people aged 16 to 74 not in employment,274,112,162
S01012064,A B D E. Agriculture energy and water,3,1,2
S01012064,C. Manufacturing,19,9,10
S01012064,F. Construction,9,9,0
S01012064,G I. Distribution hotels and restaurants,48,23,25
S01012064,H J. Transport and communication,26,8,18
S01012064,K L M N. Financial real estate professional and administrative activities,34,14,20
S01012064,O P Q. Public administration education and health,35,7,28
S01012064,R S T U. Other,9,3,6
S01012064,Never worked,91,38,53
S01012065,All people aged 16 to 74 not in employment,251,112,139
S01012065,A B D E. Agriculture energy and water,2,1,1
S01012065,C. Manufacturing,25,15,10
S01012065,F. Construction,13,13,0
S01012065,G I. Distribution hotels and restaurants,35,18,17
S01012065,H J. Transport and communication,17,5,12
S01012065,K L M N. Financial real estate professional and administrative activities,21,8,13
S01012065,O P Q. Public administration education and health,23,4,19
S01012065,R S T U. Other,17,2,15
S01012065,Never worked,98,46,52
S01012066,All people aged 16 to 74 not in employment,259,104,155
S01012066,A B D E. Agriculture energy and water,5,4,1
S01012066,C. Manufacturing,21,10,11
S01012066,F. Construction,15,14,1
S01012066,G I. Distribution hotels and restaurants,48,19,29
S01012066,H J. Transport and communication,28,10,18
S01012066,K L M N. Financial real estate professional and administrative activities,30,8,22
S01012066,O P Q. Public administration education and health,37,10,27
S01012066,R S T U. Other,3,0,3
S01012066,Never worked,72,29,43
S01012067,All people aged 16 to 74 not in employment,225,96,129
S01012067,A B D E. Agriculture energy and water,3,3,0
S01012067,C. Manufacturing,20,9,11
S01012067,F. Construction,12,11,1
S01012067,G I. Distribution hotels and restaurants,41,19,22
S01012067,H J. Transport and communication,18,6,12
S01012067,K L M N. Financial real estate professional and administrative activities,21,5,16
S01012067,O P Q. Public administration education and health,35,10,25
S01012067,R S T U. Other,13,7,6
S01012067,Never worked,62,26,36
S01012068,All people aged 16 to 74 not in employment,276,122,154
S01012068,A B D E. Agriculture energy and water,6,5,1
S01012068,C. Manufacturing,24,13,11
S01012068,F. Construction,15,14,1
S01012068,G I. Distribution hotels and restaurants,31,17,14
S01012068,H J. Transport and communication,17,4,13
S01012068,K L M N. Financial real estate professional and administrative activities,32,18,14
S01012068,O P Q. Public administration education and health,41,3,38
S01012068,R S T U. Other,11,5,6
S01012068,Never worked,99,43,56
S01012069,All people aged 16 to 74 not in employment,208,108,100
S01012069,A B D E. Agriculture energy and water,5,5,0
S01012069,C. Manufacturing,14,5,9
S01012069,F. Construction,20,20,0
S01012069,G I. Distribution hotels and restaurants,36,19,17
S01012069,H J. Transport and communication,19,12,7
S01012069,K L M N. Financial real estate professional and administrative activities,24,7,17
S01012069,O P Q. Public administration education and health,32,10,22
S01012069,R S T U. Other,12,10,2
S01012069,Never worked,46,20,26
S01012070,All people aged 16 to 74 not in employment,296,145,151
S01012070,A B D E. Agriculture energy and water,7,5,2
S01012070,C. Manufacturing,32,22,10
S01012070,F. Construction,30,22,8
S01012070,G I. Distribution hotels and restaurants,52,31,21
S01012070,H J. Transport and communication,33,13,20
S01012070,K L M N. Financial real estate professional and administrative activities,25,12,13
S01012070,O P Q. Public administration education and health,52,11,41
S01012070,R S T U. Other,8,2,6
S01012070,Never worked,57,27,30
S01012071,All people aged 16 to 74 not in employment,411,213,198
S01012071,A B D E. Agriculture energy and water,9,8,1
S01012071,C. Manufacturing,39,25,14
S01012071,F. Construction,29,28,1
S01012071,G I. Distribution hotels and restaurants,76,36,40
S01012071,H J. Transport and communication,58,33,25
S01012071,K L M N. Financial real estate professional and administrative activities,48,27,21
S01012071,O P Q. Public administration education and health,67,19,48
S01012071,R S T U. Other,11,7,4
S01012071,Never worked,74,30,44
S01012072,All people aged 16 to 74 not in employment,428,247,181
S01012072,A B D E. Agriculture energy and water,3,3,0
S01012072,C. Manufacturing,42,24,18
S01012072,F. Construction,27,26,1
S01012072,G I. Distribution hotels and restaurants,79,47,32
S01012072,H J. Transport and communication,43,19,24
S01012072,K L M N. Financial real estate professional and administrative activities,40,26,14
S01012072,O P Q. Public administration education and health,59,20,39
S01012072,R S T U. Other,23,10,13
S01012072,Never worked,112,72,40
S01012073,All people aged 16 to 74 not in employment,158,68,90
S01012073,A B D E. Agriculture energy and water,1,1,0
S01012073,C. Manufacturing,11,4,7
S01012073,F. Construction,12,11,1
S01012073,G I. Distribution hotels and restaurants,30,12,18
S01012073,H J. Transport and communication,18,9,9
S01012073,K L M N. Financial real estate professional and administrative activities,12,5,7
S01012073,O P Q. Public administration education and health,38,9,29
S01012073,R S T U. Other,2,0,2
S01012073,Never worked,34,17,17
S01012074,All people aged 16 to 74 not in employment,130,55,75
S01012074,A B D E. Agriculture energy and water,1,1,0
S01012074,C. Manufacturing,10,4,6
S01012074,F. Construction,9,8,1
S01012074,G I. Distribution hotels and restaurants,20,10,10
S01012074,H J. Transport and communication,13,4,9
S01012074,K L M N. Financial real estate professional and administrative activities,13,6,7
S01012074,O P Q. Public administration education and health,27,4,23
S01012074,R S T U. Other,10,4,6
S01012074,Never worked,27,14,13
S01012075,All people aged 16 to 74 not in employment,127,57,70
S01012075,A B D E. Agriculture energy and water,3,2,1
S01012075,C. Manufacturing,8,6,2
S01012075,F. Construction,11,10,1
S01012075,G I. Distribution hotels and restaurants,24,12,12
S01012075,H J. Transport and communication,10,5,5
S01012075,K L M N. Financial real estate professional and administrative activities,14,5,9
S01012075,O P Q. Public administration education and health,23,1,22
S01012075,R S T U. Other,4,0,4
S01012075,Never worked,30,16,14
S01012076,All people aged 16 to 74 not in employment,168,70,98
S01012076,A B D E. Agriculture energy and water,5,5,0
S01012076,C. Manufacturing,26,15,11
S01012076,F. Construction,11,11,0
S01012076,G I. Distribution hotels and restaurants,24,10,14
S01012076,H J. Transport and communication,11,3,8
S01012076,K L M N. Financial real estate professional and administrative activities,19,8,11
S01012076,O P Q. Public administration education and health,40,9,31
S01012076,R S T U. Other,7,2,5
S01012076,Never worked,25,7,18
S01012077,All people aged 16 to 74 not in employment,219,99,120
S01012077,A B D E. Agriculture energy and water,1,1,0
S01012077,C. Manufacturing,27,18,9
S01012077,F. Construction,7,6,1
S01012077,G I. Distribution hotels and restaurants,41,20,21
S01012077,H J. Transport and communication,25,6,19
S01012077,K L M N. Financial real estate professional and administrative activities,21,10,11
S01012077,O P Q. Public administration education and health,47,12,35
S01012077,R S T U. Other,12,4,8
S01012077,Never worked,38,22,16
S01012078,All people aged 16 to 74 not in employment,200,85,115
S01012078,A B D E. Agriculture energy and water,6,2,4
S01012078,C. Manufacturing,29,16,13
S01012078,F. Construction,15,13,2
S01012078,G I. Distribution hotels and restaurants,35,14,21
S01012078,H J. Transport and communication,17,4,13
S01012078,K L M N. Financial real estate professional and administrative activities,15,6,9
S01012078,O P Q. Public administration education and health,31,6,25
S01012078,R S T U. Other,7,2,5
S01012078,Never worked,45,22,23
S01012079,All people aged 16 to 74 not in employment,287,122,165
S01012079,A B D E. Agriculture energy and water,1,1,0
S01012079,C. Manufacturing,30,13,17
S01012079,F. Construction,18,17,1
S01012079,G I. Distribution hotels and restaurants,57,24,33
S01012079,H J. Transport and communication,18,7,11
S01012079,K L M N. Financial real estate professional and administrative activities,39,17,22
S01012079,O P Q. Public administration education and health,65,11,54
S01012079,R S T U. Other,12,3,9
S01012079,Never worked,47,29,18
S01012080,All people aged 16 to 74 not in employment,237,81,156
S01012080,A B D E. Agriculture energy and water,3,3,0
S01012080,C. Manufacturing,25,12,13
S01012080,F. Construction,11,11,0
S01012080,G I. Distribution hotels and restaurants,47,14,33
S01012080,H J. Transport and communication,25,10,15
S01012080,K L M N. Financial real estate professional and administrative activities,20,9,11
S01012080,O P Q. Public administration education and health,45,6,39
S01012080,R S T U. Other,7,3,4
S01012080,Never worked,54,13,41
S01012081,All people aged 16 to 74 not in employment,255,125,130
S01012081,A B D E. Agriculture energy and water,3,2,1
S01012081,C. Manufacturing,33,22,11
S01012081,F. Construction,21,19,2
S01012081,G I. Distribution hotels and restaurants,60,34,26
S01012081,H J. Transport and communication,19,9,10
S01012081,K L M N. Financial real estate professional and administrative activities,20,9,11
S01012081,O P Q. Public administration education and health,46,11,35
S01012081,R S T U. Other,10,2,8
S01012081,Never worked,43,17,26
S01012082,All people aged 16 to 74 not in employment,209,105,104
S01012082,A B D E. Agriculture energy and water,4,2,2
S01012082,C. Manufacturing,23,13,10
S01012082,F. Construction,22,22,0
S01012082,G I. Distribution hotels and restaurants,36,24,12
S01012082,H J. Transport and communication,22,10,12
S01012082,K L M N. Financial real estate professional and administrative activities,18,7,11
S01012082,O P Q. Public administration education and health,43,9,34
S01012082,R S T U. Other,4,1,3
S01012082,Never worked,37,17,20
S01012083,All people aged 16 to 74 not in employment,264,112,152
S01012083,A B D E. Agriculture energy and water,3,3,0
S01012083,C. Manufacturing,37,19,18
S01012083,F. Construction,18,16,2
S01012083,G I. Distribution hotels and restaurants,53,28,25
S01012083,H J. Transport and communication,27,10,17
S01012083,K L M N. Financial real estate professional and administrative activities,27,13,14
S01012083,O P Q. Public administration education and health,54,6,48
S01012083,R S T U. Other,16,5,11
S01012083,Never worked,29,12,17
S01012084,All people aged 16 to 74 not in employment,128,55,73
S01012084,A B D E. Agriculture energy and water,2,2,0
S01012084,C. Manufacturing,16,13,3
S01012084,F. Construction,8,8,0
S01012084,G I. Distribution hotels and restaurants,26,11,15
S01012084,H J. Transport and communication,7,2,5
S01012084,K L M N. Financial real estate professional and administrative activities,9,4,5
S01012084,O P Q. Public administration education and health,38,7,31
S01012084,R S T U. Other,5,1,4
S01012084,Never worked,17,7,10
S01012085,All people aged 16 to 74 not in employment,176,75,101
S01012085,A B D E. Agriculture energy and water,4,3,1
S01012085,C. Manufacturing,18,13,5
S01012085,F. Construction,16,12,4
S01012085,G I. Distribution hotels and restaurants,19,8,11
S01012085,H J. Transport and communication,22,4,18
S01012085,K L M N. Financial real estate professional and administrative activities,18,9,9
S01012085,O P Q. Public administration education and health,50,14,36
S01012085,R S T U. Other,11,2,9
S01012085,Never worked,18,10,8
S01012086,All people aged 16 to 74 not in employment,284,130,154
S01012086,A B D E. Agriculture energy and water,3,2,1
S01012086,C. Manufacturing,31,20,11
S01012086,F. Construction,30,28,2
S01012086,G I. Distribution hotels and restaurants,43,18,25
S01012086,H J. Transport and communication,23,8,15
S01012086,K L M N. Financial real estate professional and administrative activities,29,15,14
S01012086,O P Q. Public administration education and health,61,13,48
S01012086,R S T U. Other,19,9,10
S01012086,Never worked,45,17,28
S01012087,All people aged 16 to 74 not in employment,194,84,110
S01012087,A B D E. Agriculture energy and water,2,1,1
S01012087,C. Manufacturing,25,10,15
S01012087,F. Construction,22,19,3
S01012087,G I. Distribution hotels and restaurants,41,22,19
S01012087,H J. Transport and communication,12,3,9
S01012087,K L M N. Financial real estate professional and administrative activities,15,4,11
S01012087,O P Q. Public administration education and health,43,10,33
S01012087,R S T U. Other,7,2,5
S01012087,Never worked,27,13,14
S01012088,All people aged 16 to 74 not in employment,146,68,78
S01012088,A B D E. Agriculture energy and water,1,1,0
S01012088,C. Manufacturing,11,8,3
S01012088,F. Construction,8,7,1
S01012088,G I. Distribution hotels and restaurants,25,11,14
S01012088,H J. Transport and communication,13,6,7
S01012088,K L M N. Financial real estate professional and administrative activities,18,6,12
S01012088,O P Q. Public administration education and health,28,8,20
S01012088,R S T U. Other,10,3,7
S01012088,Never worked,32,18,14
S01012089,All people aged 16 to 74 not in employment,198,82,116
S01012089,A B D E. Agriculture energy and water,1,1,0
S01012089,C. Manufacturing,23,14,9
S01012089,F. Construction,15,13,2
S01012089,G I. Distribution hotels and restaurants,30,14,16
S01012089,H J. Transport and communication,9,3,6
S01012089,K L M N. Financial real estate professional and administrative activities,20,7,13
S01012089,O P Q. Public administration education and health,72,20,52
S01012089,R S T U. Other,6,2,4
S01012089,Never worked,22,8,14
S01012090,All people aged 16 to 74 not in employment,264,111,153
S01012090,A B D E. Agriculture energy and water,6,2,4
S01012090,C. Manufacturing,29,18,11
S01012090,F. Construction,15,12,3
S01012090,G I. Distribution hotels and restaurants,36,17,19
S01012090,H J. Transport and communication,13,7,6
S01012090,K L M N. Financial real estate professional and administrative activities,34,12,22
S01012090,O P Q. Public administration education and health,95,30,65
S01012090,R S T U. Other,5,1,4
S01012090,Never worked,31,12,19
S01012091,All people aged 16 to 74 not in employment,118,56,62
S01012091,A B D E. Agriculture energy and water,1,1,0
S01012091,C. Manufacturing,18,16,2
S01012091,F. Construction,8,7,1
S01012091,G I. Distribution hotels and restaurants,23,12,11
S01012091,H J. Transport and communication,5,2,3
S01012091,K L M N. Financial real estate professional and administrative activities,11,6,5
S01012091,O P Q. Public administration education and health,28,3,25
S01012091,R S T U. Other,4,1,3
S01012091,Never worked,20,8,12
S01012092,All people aged 16 to 74 not in employment,118,50,68
S01012092,A B D E. Agriculture energy and water,3,1,2
S01012092,C. Manufacturing,14,10,4
S01012092,F. Construction,6,3,3
S01012092,G I. Distribution hotels and restaurants,26,15,11
S01012092,H J. Transport and communication,3,2,1
S01012092,K L M N. Financial real estate professional and administrative activities,11,5,6
S01012092,O P Q. Public administration education and health,38,8,30
S01012092,R S T U. Other,6,1,5
S01012092,Never worked,11,5,6
S01012093,All people aged 16 to 74 not in employment,153,70,83
S01012093,A B D E. Agriculture energy and water,5,4,1
S01012093,C. Manufacturing,19,11,8
S01012093,F. Construction,12,11,1
S01012093,G I. Distribution hotels and restaurants,21,7,14
S01012093,H J. Transport and communication,12,6,6
S01012093,K L M N. Financial real estate professional and administrative activities,23,9,14
S01012093,O P Q. Public administration education and health,44,13,31
S01012093,R S T U. Other,9,3,6
S01012093,Never worked,8,6,2
S01012094,All people aged 16 to 74 not in employment,186,82,104
S01012094,A B D E. Agriculture energy and water,2,2,0
S01012094,C. Manufacturing,19,14,5
S01012094,F. Construction,7,6,1
S01012094,G I. Distribution hotels and restaurants,31,11,20
S01012094,H J. Transport and communication,15,5,10
S01012094,K L M N. Financial real estate professional and administrative activities,15,5,10
S01012094,O P Q. Public administration education and health,67,21,46
S01012094,R S T U. Other,6,2,4
S01012094,Never worked,24,16,8
S01012095,All people aged 16 to 74 not in employment,277,139,138
S01012095,A B D E. Agriculture energy and water,2,2,0
S01012095,C. Manufacturing,33,18,15
S01012095,F. Construction,17,15,2
S01012095,G I. Distribution hotels and restaurants,55,25,30
S01012095,H J. Transport and communication,16,5,11
S01012095,K L M N. Financial real estate professional and administrative activities,33,22,11
S01012095,O P Q. Public administration education and health,54,14,40
S01012095,R S T U. Other,4,1,3
S01012095,Never worked,63,37,26
S01012096,All people aged 16 to 74 not in employment,298,129,169
S01012096,A B D E. Agriculture energy and water,3,2,1
S01012096,C. Manufacturing,44,24,20
S01012096,F. Construction,18,17,1
S01012096,G I. Distribution hotels and restaurants,64,27,37
S01012096,H J. Transport and communication,17,6,11
S01012096,K L M N. Financial real estate professional and administrative activities,20,12,8
S01012096,O P Q. Public administration education and health,73,16,57
S01012096,R S T U. Other,14,5,9
S01012096,Never worked,45,20,25
S01012097,All people aged 16 to 74 not in employment,189,79,110
S01012097,A B D E. Agriculture energy and water,2,1,1
S01012097,C. Manufacturing,23,11,12
S01012097,F. Construction,18,17,1
S01012097,G I. Distribution hotels and restaurants,21,9,12
S01012097,H J. Transport and communication,9,4,5
S01012097,K L M N. Financial real estate professional and administrative activities,14,8,6
S01012097,O P Q. Public administration education and health,50,12,38
S01012097,R S T U. Other,13,3,10
S01012097,Never worked,39,14,25
S01012098,All people aged 16 to 74 not in employment,180,72,108
S01012098,A B D E. Agriculture energy and water,1,1,0
S01012098,C. Manufacturing,20,8,12
S01012098,F. Construction,13,10,3
S01012098,G I. Distribution hotels and restaurants,38,17,21
S01012098,H J. Transport and communication,12,3,9
S01012098,K L M N. Financial real estate professional and administrative activities,20,8,12
S01012098,O P Q. Public administration education and health,36,8,28
S01012098,R S T U. Other,6,3,3
S01012098,Never worked,34,14,20
S01012099,All people aged 16 to 74 not in employment,259,122,137
S01012099,A B D E. Agriculture energy and water,4,4,0
S01012099,C. Manufacturing,29,14,15
S01012099,F. Construction,17,15,2
S01012099,G I. Distribution hotels and restaurants,54,24,30
S01012099,H J. Transport and communication,33,9,24
S01012099,K L M N. Financial real estate professional and administrative activities,28,15,13
S01012099,O P Q. Public administration education and health,43,10,33
S01012099,R S T U. Other,8,4,4
S01012099,Never worked,43,27,16
S01012100,All people aged 16 to 74 not in employment,304,125,179
S01012100,A B D E. Agriculture energy and water,3,3,0
S01012100,C. Manufacturing,32,15,17
S01012100,F. Construction,17,16,1
S01012100,G I. Distribution hotels and restaurants,55,29,26
S01012100,H J. Transport and communication,32,7,25
S01012100,K L M N. Financial real estate professional and administrative activities,26,11,15
S01012100,O P Q. Public administration education and health,68,18,50
S01012100,R S T U. Other,8,1,7
S01012100,Never worked,63,25,38
S01012101,All people aged 16 to 74 not in employment,194,96,98
S01012101,A B D E. Agriculture energy and water,0,0,0
S01012101,C. Manufacturing,14,11,3
S01012101,F. Construction,11,9,2
S01012101,G I. Distribution hotels and restaurants,24,11,13
S01012101,H J. Transport and communication,12,4,8
S01012101,K L M N. Financial real estate professional and administrative activities,17,12,5
S01012101,O P Q. Public administration education and health,74,26,48
S01012101,R S T U. Other,3,2,1
S01012101,Never worked,39,21,18
S01012102,All people aged 16 to 74 not in employment,205,93,112
S01012102,A B D E. Agriculture energy and water,2,2,0
S01012102,C. Manufacturing,19,11,8
S01012102,F. Construction,12,11,1
S01012102,G I. Distribution hotels and restaurants,43,22,21
S01012102,H J. Transport and communication,23,5,18
S01012102,K L M N. Financial real estate professional and administrative activities,32,18,14
S01012102,O P Q. Public administration education and health,35,6,29
S01012102,R S T U. Other,6,3,3
S01012102,Never worked,33,15,18
S01012103,All people aged 16 to 74 not in employment,205,92,113
S01012103,A B D E. Agriculture energy and water,2,1,1
S01012103,C. Manufacturing,18,10,8
S01012103,F. Construction,16,14,2
S01012103,G I. Distribution hotels and restaurants,53,26,27
S01012103,H J. Transport and communication,15,4,11
S01012103,K L M N. Financial real estate professional and administrative activities,27,15,12
S01012103,O P Q. Public administration education and health,49,11,38
S01012103,R S T U. Other,5,3,2
S01012103,Never worked,20,8,12
S01012104,All people aged 16 to 74 not in employment,167,56,111
S01012104,A B D E. Agriculture energy and water,5,4,1
S01012104,C. Manufacturing,16,6,10
S01012104,F. Construction,7,5,2
S01012104,G I. Distribution hotels and restaurants,27,11,16
S01012104,H J. Transport and communication,10,1,9
S01012104,K L M N. Financial real estate professional and administrative activities,15,3,12
S01012104,O P Q. Public administration education and health,54,7,47
S01012104,R S T U. Other,6,2,4
S01012104,Never worked,27,17,10
S01012105,All people aged 16 to 74 not in employment,242,110,132
S01012105,A B D E. Agriculture energy and water,4,3,1
S01012105,C. Manufacturing,32,22,10
S01012105,F. Construction,14,14,0
S01012105,G I. Distribution hotels and restaurants,47,20,27
S01012105,H J. Transport and communication,20,9,11
S01012105,K L M N. Financial real estate professional and administrative activities,25,7,18
S01012105,O P Q. Public administration education and health,69,18,51
S01012105,R S T U. Other,6,4,2
S01012105,Never worked,25,13,12
S01012106,All people aged 16 to 74 not in employment,214,97,117
S01012106,A B D E. Agriculture energy and water,3,0,3
S01012106,C. Manufacturing,23,12,11
S01012106,F. Construction,12,7,5
S01012106,G I. Distribution hotels and restaurants,40,17,23
S01012106,H J. Transport and communication,8,3,5
S01012106,K L M N. Financial real estate professional and administrative activities,27,13,14
S01012106,O P Q. Public administration education and health,54,17,37
S01012106,R S T U. Other,13,7,6
S01012106,Never worked,34,21,13
S01012107,All people aged 16 to 74 not in employment,190,80,110
S01012107,A B D E. Agriculture energy and water,1,0,1
S01012107,C. Manufacturing,24,14,10
S01012107,F. Construction,12,8,4
S01012107,G I. Distribution hotels and restaurants,24,13,11
S01012107,H J. Transport and communication,14,7,7
S01012107,K L M N. Financial real estate professional and administrative activities,19,9,10
S01012107,O P Q. Public administration education and health,61,17,44
S01012107,R S T U. Other,5,3,2
S01012107,Never worked,30,9,21
S01012108,All people aged 16 to 74 not in employment,291,115,176
S01012108,A B D E. Agriculture energy and water,5,3,2
S01012108,C. Manufacturing,49,26,23
S01012108,F. Construction,14,13,1
S01012108,G I. Distribution hotels and restaurants,70,34,36
S01012108,H J. Transport and communication,18,4,14
S01012108,K L M N. Financial real estate professional and administrative activities,34,15,19
S01012108,O P Q. Public administration education and health,74,10,64
S01012108,R S T U. Other,8,2,6
S01012108,Never worked,19,8,11
S01012109,All people aged 16 to 74 not in employment,289,133,156
S01012109,A B D E. Agriculture energy and water,5,3,2
S01012109,C. Manufacturing,31,20,11
S01012109,F. Construction,23,20,3
S01012109,G I. Distribution hotels and restaurants,61,36,25
S01012109,H J. Transport and communication,22,8,14
S01012109,K L M N. Financial real estate professional and administrative activities,35,15,20
S01012109,O P Q. Public administration education and health,49,6,43
S01012109,R S T U. Other,9,5,4
S01012109,Never worked,54,20,34
S01012110,All people aged 16 to 74 not in employment,231,104,127
S01012110,A B D E. Agriculture energy and water,4,2,2
S01012110,C. Manufacturing,25,19,6
S01012110,F. Construction,14,13,1
S01012110,G I. Distribution hotels and restaurants,56,26,30
S01012110,H J. Transport and communication,15,5,10
S01012110,K L M N. Financial real estate professional and administrative activities,20,8,12
S01012110,O P Q. Public administration education and health,71,20,51
S01012110,R S T U. Other,8,5,3
S01012110,Never worked,18,6,12
S01012111,All people aged 16 to 74 not in employment,181,91,90
S01012111,A B D E. Agriculture energy and water,1,1,0
S01012111,C. Manufacturing,15,10,5
S01012111,F. Construction,8,7,1
S01012111,G I. Distribution hotels and restaurants,32,22,10
S01012111,H J. Transport and communication,19,7,12
S01012111,K L M N. Financial real estate professional and administrative activities,22,9,13
S01012111,O P Q. Public administration education and health,39,14,25
S01012111,R S T U. Other,2,0,2
S01012111,Never worked,43,21,22
S01012112,All people aged 16 to 74 not in employment,229,90,139
S01012112,A B D E. Agriculture energy and water,4,2,2
S01012112,C. Manufacturing,31,18,13
S01012112,F. Construction,23,19,4
S01012112,G I. Distribution hotels and restaurants,40,17,23
S01012112,H J. Transport and communication,21,5,16
S01012112,K L M N. Financial real estate professional and administrative activities,21,9,12
S01012112,O P Q. Public administration education and health,69,12,57
S01012112,R S T U. Other,4,3,1
S01012112,Never worked,16,5,11
S01012113,All people aged 16 to 74 not in employment,291,123,168
S01012113,A B D E. Agriculture energy and water,1,1,0
S01012113,C. Manufacturing,33,24,9
S01012113,F. Construction,19,16,3
S01012113,G I. Distribution hotels and restaurants,64,25,39
S01012113,H J. Transport and communication,24,9,15
S01012113,K L M N. Financial real estate professional and administrative activities,23,6,17
S01012113,O P Q. Public administration education and health,85,17,68
S01012113,R S T U. Other,6,4,2
S01012113,Never worked,36,21,15
S01012114,All people aged 16 to 74 not in employment,332,164,168
S01012114,A B D E. Agriculture energy and water,4,3,1
S01012114,C. Manufacturing,28,11,17
S01012114,F. Construction,13,11,2
S01012114,G I. Distribution hotels and restaurants,49,23,26
S01012114,H J. Transport and communication,27,19,8
S01012114,K L M N. Financial real estate professional and administrative activities,29,21,8
S01012114,O P Q. Public administration education and health,70,19,51
S01012114,R S T U. Other,9,5,4
S01012114,Never worked,103,52,51
S01012115,All people aged 16 to 74 not in employment,144,70,74
S01012115,A B D E. Agriculture energy and water,1,0,1
S01012115,C. Manufacturing,26,17,9
S01012115,F. Construction,7,7,0
S01012115,G I. Distribution hotels and restaurants,26,14,12
S01012115,H J. Transport and communication,11,4,7
S01012115,K L M N. Financial real estate professional and administrative activities,9,5,4
S01012115,O P Q. Public administration education and health,42,8,34
S01012115,R S T U. Other,5,3,2
S01012115,Never worked,17,12,5
S01012116,All people aged 16 to 74 not in employment,155,69,86
S01012116,A B D E. Agriculture energy and water,2,2,0
S01012116,C. Manufacturing,26,14,12
S01012116,F. Construction,5,5,0
S01012116,G I. Distribution hotels and restaurants,29,16,13
S01012116,H J. Transport and communication,11,4,7
S01012116,K L M N. Financial real estate professional and administrative activities,11,6,5
S01012116,O P Q. Public administration education and health,41,9,32
S01012116,R S T U. Other,10,3,7
S01012116,Never worked,20,10,10
S01012117,All people aged 16 to 74 not in employment,87,34,53
S01012117,A B D E. Agriculture energy and water,0,0,0
S01012117,C. Manufacturing,9,7,2
S01012117,F. Construction,6,3,3
S01012117,G I. Distribution hotels and restaurants,15,6,9
S01012117,H J. Transport and communication,5,1,4
S01012117,K L M N. Financial real estate professional and administrative activities,4,2,2
S01012117,O P Q. Public administration education and health,29,6,23
S01012117,R S T U. Other,4,0,4
S01012117,Never worked,15,9,6
S01012118,All people aged 16 to 74 not in employment,102,44,58
S01012118,A B D E. Agriculture energy and water,2,2,0
S01012118,C. Manufacturing,12,6,6
S01012118,F. Construction,4,2,2
S01012118,G I. Distribution hotels and restaurants,19,5,14
S01012118,H J. Transport and communication,4,1,3
S01012118,K L M N. Financial real estate professional and administrative activities,8,3,5
S01012118,O P Q. Public administration education and health,27,8,19
S01012118,R S T U. Other,4,2,2
S01012118,Never worked,22,15,7
S01012119,All people aged 16 to 74 not in employment,252,109,143
S01012119,A B D E. Agriculture energy and water,3,3,0
S01012119,C. Manufacturing,34,25,9
S01012119,F. Construction,16,11,5
S01012119,G I. Distribution hotels and restaurants,44,22,22
S01012119,H J. Transport and communication,10,6,4
S01012119,K L M N. Financial real estate professional and administrative activities,27,8,19
S01012119,O P Q. Public administration education and health,64,14,50
S01012119,R S T U. Other,15,3,12
S01012119,Never worked,39,17,22
S01012120,All people aged 16 to 74 not in employment,179,89,90
S01012120,A B D E. Agriculture energy and water,3,1,2
S01012120,C. Manufacturing,17,11,6
S01012120,F. Construction,17,16,1
S01012120,G I. Distribution hotels and restaurants,27,14,13
S01012120,H J. Transport and communication,16,6,10
S01012120,K L M N. Financial real estate professional and administrative activities,15,9,6
S01012120,O P Q. Public administration education and health,38,7,31
S01012120,R S T U. Other,5,0,5
S01012120,Never worked,41,25,16
S01012121,All people aged 16 to 74 not in employment,295,119,176
S01012121,A B D E. Agriculture energy and water,2,1,1
S01012121,C. Manufacturing,40,20,20
S01012121,F. Construction,24,21,3
S01012121,G I. Distribution hotels and restaurants,52,21,31
S01012121,H J. Transport and communication,22,4,18
S01012121,K L M N. Financial real estate professional and administrative activities,23,11,12
S01012121,O P Q. Public administration education and health,64,17,47
S01012121,R S T U. Other,14,4,10
S01012121,Never worked,54,20,34
S01012122,All people aged 16 to 74 not in employment,247,110,137
S01012122,A B D E. Agriculture energy and water,2,1,1
S01012122,C. Manufacturing,30,24,6
S01012122,F. Construction,25,23,2
S01012122,G I. Distribution hotels and restaurants,33,15,18
S01012122,H J. Transport and communication,18,3,15
S01012122,K L M N. Financial real estate professional and administrative activities,26,7,19
S01012122,O P Q. Public administration education and health,60,10,50
S01012122,R S T U. Other,9,4,5
S01012122,Never worked,44,23,21
S01012123,All people aged 16 to 74 not in employment,123,57,66
S01012123,A B D E. Agriculture energy and water,2,1,1
S01012123,C. Manufacturing,14,7,7
S01012123,F. Construction,7,5,2
S01012123,G I. Distribution hotels and restaurants,17,7,10
S01012123,H J. Transport and communication,11,5,6
S01012123,K L M N. Financial real estate professional and administrative activities,8,4,4
S01012123,O P Q. Public administration education and health,34,9,25
S01012123,R S T U. Other,1,1,0
S01012123,Never worked,29,18,11
S01012124,All people aged 16 to 74 not in employment,128,51,77
S01012124,A B D E. Agriculture energy and water,0,0,0
S01012124,C. Manufacturing,13,5,8
S01012124,F. Construction,5,4,1
S01012124,G I. Distribution hotels and restaurants,25,10,15
S01012124,H J. Transport and communication,16,4,12
S01012124,K L M N. Financial real estate professional and administrative activities,14,8,6
S01012124,O P Q. Public administration education and health,31,7,24
S01012124,R S T U. Other,3,1,2
S01012124,Never worked,21,12,9
S01012125,All people aged 16 to 74 not in employment,293,156,137
S01012125,A B D E. Agriculture energy and water,5,4,1
S01012125,C. Manufacturing,33,23,10
S01012125,F. Construction,24,23,1
S01012125,G I. Distribution hotels and restaurants,49,21,28
S01012125,H J. Transport and communication,19,9,10
S01012125,K L M N. Financial real estate professional and administrative activities,45,24,21
S01012125,O P Q. Public administration education and health,61,21,40
S01012125,R S T U. Other,13,7,6
S01012125,Never worked,44,24,20
S01012126,All people aged 16 to 74 not in employment,157,87,70
S01012126,A B D E. Agriculture energy and water,6,6,0
S01012126,C. Manufacturing,9,5,4
S01012126,F. Construction,19,16,3
S01012126,G I. Distribution hotels and restaurants,26,18,8
S01012126,H J. Transport and communication,14,7,7
S01012126,K L M N. Financial real estate professional and administrative activities,15,4,11
S01012126,O P Q. Public administration education and health,38,14,24
S01012126,R S T U. Other,9,6,3
S01012126,Never worked,21,11,10
S01012127,All people aged 16 to 74 not in employment,292,178,114
S01012127,A B D E. Agriculture energy and water,9,5,4
S01012127,C. Manufacturing,22,10,12
S01012127,F. Construction,20,18,2
S01012127,G I. Distribution hotels and restaurants,53,32,21
S01012127,H J. Transport and communication,44,31,13
S01012127,K L M N. Financial real estate professional and administrative activities,33,22,11
S01012127,O P Q. Public administration education and health,41,18,23
S01012127,R S T U. Other,9,5,4
S01012127,Never worked,61,37,24
S01012128,All people aged 16 to 74 not in employment,138,69,69
S01012128,A B D E. Agriculture energy and water,2,0,2
S01012128,C. Manufacturing,13,8,5
S01012128,F. Construction,14,12,2
S01012128,G I. Distribution hotels and restaurants,43,17,26
S01012128,H J. Transport and communication,5,4,1
S01012128,K L M N. Financial real estate professional and administrative activities,11,4,7
S01012128,O P Q. Public administration education and health,22,12,10
S01012128,R S T U. Other,6,3,3
S01012128,Never worked,22,9,13
S01012129,All people aged 16 to 74 not in employment,212,106,106
S01012129,A B D E. Agriculture energy and water,2,1,1
S01012129,C. Manufacturing,22,16,6
S01012129,F. Construction,28,25,3
S01012129,G I. Distribution hotels and restaurants,32,13,19
S01012129,H J. Transport and communication,13,3,10
S01012129,K L M N. Financial real estate professional and administrative activities,17,11,6
S01012129,O P Q. Public administration education and health,40,12,28
S01012129,R S T U. Other,8,5,3
S01012129,Never worked,50,20,30
S01012130,All people aged 16 to 74 not in employment,341,176,165
S01012130,A B D E. Agriculture energy and water,4,4,0
S01012130,C. Manufacturing,52,37,15
S01012130,F. Construction,25,22,3
S01012130,G I. Distribution hotels and restaurants,52,25,27
S01012130,H J. Transport and communication,32,16,16
S01012130,K L M N. Financial real estate professional and administrative activities,35,21,14
S01012130,O P Q. Public administration education and health,85,19,66
S01012130,R S T U. Other,7,4,3
S01012130,Never worked,49,28,21
S01012131,All people aged 16 to 74 not in employment,458,255,203
S01012131,A B D E. Agriculture energy and water,9,8,1
S01012131,C. Manufacturing,39,25,14
S01012131,F. Construction,34,31,3
S01012131,G I. Distribution hotels and restaurants,70,45,25
S01012131,H J. Transport and communication,55,24,31
S01012131,K L M N. Financial real estate professional and administrative activities,48,23,25
S01012131,O P Q. Public administration education and health,65,30,35
S01012131,R S T U. Other,10,2,8
S01012131,Never worked,128,67,61
S01012132,All people aged 16 to 74 not in employment,249,118,131
S01012132,A B D E. Agriculture energy and water,4,4,0
S01012132,C. Manufacturing,16,8,8
S01012132,F. Construction,10,9,1
S01012132,G I. Distribution hotels and restaurants,44,24,20
S01012132,H J. Transport and communication,38,23,15
S01012132,K L M N. Financial real estate professional and administrative activities,16,9,7
S01012132,O P Q. Public administration education and health,50,10,40
S01012132,R S T U. Other,14,5,9
S01012132,Never worked,57,26,31
S01012133,All people aged 16 to 74 not in employment,362,206,156
S01012133,A B D E. Agriculture energy and water,8,7,1
S01012133,C. Manufacturing,25,16,9
S01012133,F. Construction,19,18,1
S01012133,G I. Distribution hotels and restaurants,64,37,27
S01012133,H J. Transport and communication,32,17,15
S01012133,K L M N. Financial real estate professional and administrative activities,28,16,12
S01012133,O P Q. Public administration education and health,48,23,25
S01012133,R S T U. Other,13,5,8
S01012133,Never worked,125,67,58
S01012134,All people aged 16 to 74 not in employment,302,137,165
S01012134,A B D E. Agriculture energy and water,5,3,2
S01012134,C. Manufacturing,29,14,15
S01012134,F. Construction,13,13,0
S01012134,G I. Distribution hotels and restaurants,49,29,20
S01012134,H J. Transport and communication,22,10,12
S01012134,K L M N. Financial real estate professional and administrative activities,42,17,25
S01012134,O P Q. Public administration education and health,79,23,56
S01012134,R S T U. Other,12,5,7
S01012134,Never worked,51,23,28
S01012135,All people aged 16 to 74 not in employment,345,194,151
S01012135,A B D E. Agriculture energy and water,6,6,0
S01012135,C. Manufacturing,44,28,16
S01012135,F. Construction,32,32,0
S01012135,G I. Distribution hotels and restaurants,59,35,24
S01012135,H J. Transport and communication,41,21,20
S01012135,K L M N. Financial real estate professional and administrative activities,28,15,13
S01012135,O P Q. Public administration education and health,49,14,35
S01012135,R S T U. Other,19,7,12
S01012135,Never worked,67,36,31
S01012136,All people aged 16 to 74 not in employment,305,174,131
S01012136,A B D E. Agriculture energy and water,2,2,0
S01012136,C. Manufacturing,25,18,7
S01012136,F. Construction,27,26,1
S01012136,G I. Distribution hotels and restaurants,60,39,21
S01012136,H J. Transport and communication,29,10,19
S01012136,K L M N. Financial real estate professional and administrative activities,28,14,14
S01012136,O P Q. Public administration education and health,66,39,27
S01012136,R S T U. Other,17,6,11
S01012136,Never worked,51,20,31
S01012137,All people aged 16 to 74 not in employment,247,136,111
S01012137,A B D E. Agriculture energy and water,3,1,2
S01012137,C. Manufacturing,32,19,13
S01012137,F. Construction,22,19,3
S01012137,G I. Distribution hotels and restaurants,40,23,17
S01012137,H J. Transport and communication,19,11,8
S01012137,K L M N. Financial real estate professional and administrative activities,31,11,20
S01012137,O P Q. Public administration education and health,42,18,24
S01012137,R S T U. Other,11,4,7
S01012137,Never worked,47,30,17
S01012138,All people aged 16 to 74 not in employment,230,111,119
S01012138,A B D E. Agriculture energy and water,0,0,0
S01012138,C. Manufacturing,31,11,20
S01012138,F. Construction,14,14,0
S01012138,G I. Distribution hotels and restaurants,33,17,16
S01012138,H J. Transport and communication,13,6,7
S01012138,K L M N. Financial real estate professional and administrative activities,32,14,18
S01012138,O P Q. Public administration education and health,49,13,36
S01012138,R S T U. Other,8,4,4
S01012138,Never worked,50,32,18
S01012139,All people aged 16 to 74 not in employment,229,99,130
S01012139,A B D E. Agriculture energy and water,3,2,1
S01012139,C. Manufacturing,28,17,11
S01012139,F. Construction,14,12,2
S01012139,G I. Distribution hotels and restaurants,45,21,24
S01012139,H J. Transport and communication,7,1,6
S01012139,K L M N. Financial real estate professional and administrative activities,22,11,11
S01012139,O P Q. Public administration education and health,69,15,54
S01012139,R S T U. Other,7,3,4
S01012139,Never worked,34,17,17
S01012140,All people aged 16 to 74 not in employment,125,61,64
S01012140,A B D E. Agriculture energy and water,3,2,1
S01012140,C. Manufacturing,21,14,7
S01012140,F. Construction,9,9,0
S01012140,G I. Distribution hotels and restaurants,16,5,11
S01012140,H J. Transport and communication,4,4,0
S01012140,K L M N. Financial real estate professional and administrative activities,14,5,9
S01012140,O P Q. Public administration education and health,40,13,27
S01012140,R S T U. Other,2,0,2
S01012140,Never worked,16,9,7
S01012141,All people aged 16 to 74 not in employment,268,134,134
S01012141,A B D E. Agriculture energy and water,3,2,1
S01012141,C. Manufacturing,31,22,9
S01012141,F. Construction,24,20,4
S01012141,G I. Distribution hotels and restaurants,44,28,16
S01012141,H J. Transport and communication,10,6,4
S01012141,K L M N. Financial real estate professional and administrative activities,22,8,14
S01012141,O P Q. Public administration education and health,83,23,60
S01012141,R S T U. Other,10,4,6
S01012141,Never worked,41,21,20
S01012142,All people aged 16 to 74 not in employment,255,96,159
S01012142,A B D E. Agriculture energy and water,2,1,1
S01012142,C. Manufacturing,30,15,15
S01012142,F. Construction,12,7,5
S01012142,G I. Distribution hotels and restaurants,43,19,24
S01012142,H J. Transport and communication,14,10,4
S01012142,K L M N. Financial real estate professional and administrative activities,36,10,26
S01012142,O P Q. Public administration education and health,90,21,69
S01012142,R S T U. Other,8,3,5
S01012142,Never worked,20,10,10
S01012143,All people aged 16 to 74 not in employment,228,95,133
S01012143,A B D E. Agriculture energy and water,6,5,1
S01012143,C. Manufacturing,17,7,10
S01012143,F. Construction,14,11,3
S01012143,G I. Distribution hotels and restaurants,38,18,20
S01012143,H J. Transport and communication,12,6,6
S01012143,K L M N. Financial real estate professional and administrative activities,34,12,22
S01012143,O P Q. Public administration education and health,73,14,59
S01012143,R S T U. Other,4,4,0
S01012143,Never worked,30,18,12
S01012144,All people aged 16 to 74 not in employment,247,109,138
S01012144,A B D E. Agriculture energy and water,2,0,2
S01012144,C. Manufacturing,24,16,8
S01012144,F. Construction,13,11,2
S01012144,G I. Distribution hotels and restaurants,38,20,18
S01012144,H J. Transport and communication,12,5,7
S01012144,K L M N. Financial real estate professional and administrative activities,29,11,18
S01012144,O P Q. Public administration education and health,81,24,57
S01012144,R S T U. Other,9,2,7
S01012144,Never worked,39,20,19
S01012145,All people aged 16 to 74 not in employment,242,105,137
S01012145,A B D E. Agriculture energy and water,5,2,3
S01012145,C. Manufacturing,14,10,4
S01012145,F. Construction,11,8,3
S01012145,G I. Distribution hotels and restaurants,30,13,17
S01012145,H J. Transport and communication,16,6,10
S01012145,K L M N. Financial real estate professional and administrative activities,40,17,23
S01012145,O P Q. Public administration education and health,87,24,63
S01012145,R S T U. Other,2,0,2
S01012145,Never worked,37,25,12
S01012146,All people aged 16 to 74 not in employment,308,108,200
S01012146,A B D E. Agriculture energy and water,7,5,2
S01012146,C. Manufacturing,35,20,15
S01012146,F. Construction,22,19,3
S01012146,G I. Distribution hotels and restaurants,70,18,52
S01012146,H J. Transport and communication,27,9,18
S01012146,K L M N. Financial real estate professional and administrative activities,31,10,21
S01012146,O P Q. Public administration education and health,65,15,50
S01012146,R S T U. Other,12,1,11
S01012146,Never worked,39,11,28
S01012147,All people aged 16 to 74 not in employment,290,111,179
S01012147,A B D E. Agriculture energy and water,4,4,0
S01012147,C. Manufacturing,30,14,16
S01012147,F. Construction,25,24,1
S01012147,G I. Distribution hotels and restaurants,50,19,31
S01012147,H J. Transport and communication,28,11,17
S01012147,K L M N. Financial real estate professional and administrative activities,29,9,20
S01012147,O P Q. Public administration education and health,64,12,52
S01012147,R S T U. Other,9,0,9
S01012147,Never worked,51,18,33
S01012148,All people aged 16 to 74 not in employment,276,124,152
S01012148,A B D E. Agriculture energy and water,3,1,2
S01012148,C. Manufacturing,27,18,9
S01012148,F. Construction,18,16,2
S01012148,G I. Distribution hotels and restaurants,72,32,40
S01012148,H J. Transport and communication,19,9,10
S01012148,K L M N. Financial real estate professional and administrative activities,22,10,12
S01012148,O P Q. Public administration education and health,46,9,37
S01012148,R S T U. Other,13,4,9
S01012148,Never worked,56,25,31
S01012149,All people aged 16 to 74 not in employment,227,97,130
S01012149,A B D E. Agriculture energy and water,4,2,2
S01012149,C. Manufacturing,13,9,4
S01012149,F. Construction,18,15,3
S01012149,G I. Distribution hotels and restaurants,33,14,19
S01012149,H J. Transport and communication,19,6,13
S01012149,K L M N. Financial real estate professional and administrative activities,20,8,12
S01012149,O P Q. Public administration education and health,51,11,40
S01012149,R S T U. Other,9,4,5
S01012149,Never worked,60,28,32
S01012150,All people aged 16 to 74 not in employment,263,116,147
S01012150,A B D E. Agriculture energy and water,4,3,1
S01012150,C. Manufacturing,38,24,14
S01012150,F. Construction,17,16,1
S01012150,G I. Distribution hotels and restaurants,65,31,34
S01012150,H J. Transport and communication,20,4,16
S01012150,K L M N. Financial real estate professional and administrative activities,15,5,10
S01012150,O P Q. Public administration education and health,49,5,44
S01012150,R S T U. Other,9,6,3
S01012150,Never worked,46,22,24
S01012151,All people aged 16 to 74 not in employment,259,122,137
S01012151,A B D E. Agriculture energy and water,7,4,3
S01012151,C. Manufacturing,44,19,25
S01012151,F. Construction,23,21,2
S01012151,G I. Distribution hotels and restaurants,44,20,24
S01012151,H J. Transport and communication,23,10,13
S01012151,K L M N. Financial real estate professional and administrative activities,20,9,11
S01012151,O P Q. Public administration education and health,48,12,36
S01012151,R S T U. Other,7,5,2
S01012151,Never worked,43,22,21
S01012152,All people aged 16 to 74 not in employment,279,143,136
S01012152,A B D E. Agriculture energy and water,4,3,1
S01012152,C. Manufacturing,27,18,9
S01012152,F. Construction,15,11,4
S01012152,G I. Distribution hotels and restaurants,54,32,22
S01012152,H J. Transport and communication,30,11,19
S01012152,K L M N. Financial real estate professional and administrative activities,34,15,19
S01012152,O P Q. Public administration education and health,36,8,28
S01012152,R S T U. Other,16,11,5
S01012152,Never worked,63,34,29
S01012153,All people aged 16 to 74 not in employment,188,108,80
S01012153,A B D E. Agriculture energy and water,2,1,1
S01012153,C. Manufacturing,17,10,7
S01012153,F. Construction,14,10,4
S01012153,G I. Distribution hotels and restaurants,34,23,11
S01012153,H J. Transport and communication,21,12,9
S01012153,K L M N. Financial real estate professional and administrative activities,25,16,9
S01012153,O P Q. Public administration education and health,35,10,25
S01012153,R S T U. Other,3,2,1
S01012153,Never worked,37,24,13
S01012154,All people aged 16 to 74 not in employment,301,155,146
S01012154,A B D E. Agriculture energy and water,3,2,1
S01012154,C. Manufacturing,51,24,27
S01012154,F. Construction,13,12,1
S01012154,G I. Distribution hotels and restaurants,67,32,35
S01012154,H J. Transport and communication,23,15,8
S01012154,K L M N. Financial real estate professional and administrative activities,31,21,10
S01012154,O P Q. Public administration education and health,48,12,36
S01012154,R S T U. Other,15,9,6
S01012154,Never worked,50,28,22
S01012155,All people aged 16 to 74 not in employment,202,116,86
S01012155,A B D E. Agriculture energy and water,6,6,0
S01012155,C. Manufacturing,30,19,11
S01012155,F. Construction,19,18,1
S01012155,G I. Distribution hotels and restaurants,39,28,11
S01012155,H J. Transport and communication,16,7,9
S01012155,K L M N. Financial real estate professional and administrative activities,16,7,9
S01012155,O P Q. Public administration education and health,43,17,26
S01012155,R S T U. Other,6,3,3
S01012155,Never worked,27,11,16
S01012156,All people aged 16 to 74 not in employment,232,125,107
S01012156,A B D E. Agriculture energy and water,9,9,0
S01012156,C. Manufacturing,26,13,13
S01012156,F. Construction,23,22,1
S01012156,G I. Distribution hotels and restaurants,44,24,20
S01012156,H J. Transport and communication,15,11,4
S01012156,K L M N. Financial real estate professional and administrative activities,17,10,7
S01012156,O P Q. Public administration education and health,49,11,38
S01012156,R S T U. Other,10,2,8
S01012156,Never worked,39,23,16
S01012157,All people aged 16 to 74 not in employment,250,105,145
S01012157,A B D E. Agriculture energy and water,2,0,2
S01012157,C. Manufacturing,19,10,9
S01012157,F. Construction,21,20,1
S01012157,G I. Distribution hotels and restaurants,51,26,25
S01012157,H J. Transport and communication,31,7,24
S01012157,K L M N. Financial real estate professional and administrative activities,27,10,17
S01012157,O P Q. Public administration education and health,48,11,37
S01012157,R S T U. Other,11,3,8
S01012157,Never worked,40,18,22
S01012158,All people aged 16 to 74 not in employment,229,117,112
S01012158,A B D E. Agriculture energy and water,3,2,1
S01012158,C. Manufacturing,15,9,6
S01012158,F. Construction,10,10,0
S01012158,G I. Distribution hotels and restaurants,45,25,20
S01012158,H J. Transport and communication,19,6,13
S01012158,K L M N. Financial real estate professional and administrative activities,31,16,15
S01012158,O P Q. Public administration education and health,49,12,37
S01012158,R S T U. Other,3,1,2
S01012158,Never worked,54,36,18
S01012159,All people aged 16 to 74 not in employment,158,75,83
S01012159,A B D E. Agriculture energy and water,2,1,1
S01012159,C. Manufacturing,30,20,10
S01012159,F. Construction,12,9,3
S01012159,G I. Distribution hotels and restaurants,33,17,16
S01012159,H J. Transport and communication,8,4,4
S01012159,K L M N. Financial real estate professional and administrative activities,15,6,9
S01012159,O P Q. Public administration education and health,30,9,21
S01012159,R S T U. Other,9,2,7
S01012159,Never worked,19,7,12
S01012160,All people aged 16 to 74 not in employment,170,78,92
S01012160,A B D E. Agriculture energy and water,0,0,0
S01012160,C. Manufacturing,22,16,6
S01012160,F. Construction,16,12,4
S01012160,G I. Distribution hotels and restaurants,31,13,18
S01012160,H J. Transport and communication,18,7,11
S01012160,K L M N. Financial real estate professional and administrative activities,24,12,12
S01012160,O P Q. Public administration education and health,44,10,34
S01012160,R S T U. Other,5,2,3
S01012160,Never worked,10,6,4
S01012161,All people aged 16 to 74 not in employment,134,48,86
S01012161,A B D E. Agriculture energy and water,7,3,4
S01012161,C. Manufacturing,15,5,10
S01012161,F. Construction,6,6,0
S01012161,G I. Distribution hotels and restaurants,30,13,17
S01012161,H J. Transport and communication,27,5,22
S01012161,K L M N. Financial real estate professional and administrative activities,17,6,11
S01012161,O P Q. Public administration education and health,11,3,8
S01012161,R S T U. Other,3,2,1
S01012161,Never worked,18,5,13
S01012162,All people aged 16 to 74 not in employment,254,110,144
S01012162,A B D E. Agriculture energy and water,2,0,2
S01012162,C. Manufacturing,26,16,10
S01012162,F. Construction,12,11,1
S01012162,G I. Distribution hotels and restaurants,49,20,29
S01012162,H J. Transport and communication,27,10,17
S01012162,K L M N. Financial real estate professional and administrative activities,21,9,12
S01012162,O P Q. Public administration education and health,36,10,26
S01012162,R S T U. Other,12,3,9
S01012162,Never worked,69,31,38
S01012163,All people aged 16 to 74 not in employment,211,98,113
S01012163,A B D E. Agriculture energy and water,6,5,1
S01012163,C. Manufacturing,13,7,6
S01012163,F. Construction,11,9,2
S01012163,G I. Distribution hotels and restaurants,32,12,20
S01012163,H J. Transport and communication,17,5,12
S01012163,K L M N. Financial real estate professional and administrative activities,29,15,14
S01012163,O P Q. Public administration education and health,40,12,28
S01012163,R S T U. Other,10,0,10
S01012163,Never worked,53,33,20
S01012164,All people aged 16 to 74 not in employment,137,44,93
S01012164,A B D E. Agriculture energy and water,2,2,0
S01012164,C. Manufacturing,11,6,5
S01012164,F. Construction,6,5,1
S01012164,G I. Distribution hotels and restaurants,27,6,21
S01012164,H J. Transport and communication,19,5,14
S01012164,K L M N. Financial real estate professional and administrative activities,11,3,8
S01012164,O P Q. Public administration education and health,22,4,18
S01012164,R S T U. Other,2,2,0
S01012164,Never worked,37,11,26
S01012165,All people aged 16 to 74 not in employment,302,118,184
S01012165,A B D E. Agriculture energy and water,6,5,1
S01012165,C. Manufacturing,24,11,13
S01012165,F. Construction,24,22,2
S01012165,G I. Distribution hotels and restaurants,60,23,37
S01012165,H J. Transport and communication,48,14,34
S01012165,K L M N. Financial real estate professional and administrative activities,32,13,19
S01012165,O P Q. Public administration education and health,40,4,36
S01012165,R S T U. Other,8,3,5
S01012165,Never worked,60,23,37
S01012166,All people aged 16 to 74 not in employment,160,61,99
S01012166,A B D E. Agriculture energy and water,2,1,1
S01012166,C. Manufacturing,27,10,17
S01012166,F. Construction,11,9,2
S01012166,G I. Distribution hotels and restaurants,29,11,18
S01012166,H J. Transport and communication,19,5,14
S01012166,K L M N. Financial real estate professional and administrative activities,18,6,12
S01012166,O P Q. Public administration education and health,23,3,20
S01012166,R S T U. Other,6,2,4
S01012166,Never worked,25,14,11
S01012167,All people aged 16 to 74 not in employment,244,114,130
S01012167,A B D E. Agriculture energy and water,6,4,2
S01012167,C. Manufacturing,29,19,10
S01012167,F. Construction,22,19,3
S01012167,G I. Distribution hotels and restaurants,52,26,26
S01012167,H J. Transport and communication,17,7,10
S01012167,K L M N. Financial real estate professional and administrative activities,34,12,22
S01012167,O P Q. Public administration education and health,61,17,44
S01012167,R S T U. Other,7,2,5
S01012167,Never worked,16,8,8
S01012168,All people aged 16 to 74 not in employment,211,105,106
S01012168,A B D E. Agriculture energy and water,1,1,0
S01012168,C. Manufacturing,28,17,11
S01012168,F. Construction,19,16,3
S01012168,G I. Distribution hotels and restaurants,46,23,23
S01012168,H J. Transport and communication,15,8,7
S01012168,K L M N. Financial real estate professional and administrative activities,22,10,12
S01012168,O P Q. Public administration education and health,51,15,36
S01012168,R S T U. Other,6,2,4
S01012168,Never worked,23,13,10
S01012169,All people aged 16 to 74 not in employment,270,130,140
S01012169,A B D E. Agriculture energy and water,6,5,1
S01012169,C. Manufacturing,39,25,14
S01012169,F. Construction,20,17,3
S01012169,G I. Distribution hotels and restaurants,56,24,32
S01012169,H J. Transport and communication,27,7,20
S01012169,K L M N. Financial real estate professional and administrative activities,28,16,12
S01012169,O P Q. Public administration education and health,48,15,33
S01012169,R S T U. Other,6,3,3
S01012169,Never worked,40,18,22
S01012170,All people aged 16 to 74 not in employment,278,107,171
S01012170,A B D E. Agriculture energy and water,4,3,1
S01012170,C. Manufacturing,42,28,14
S01012170,F. Construction,18,15,3
S01012170,G I. Distribution hotels and restaurants,52,17,35
S01012170,H J. Transport and communication,21,6,15
S01012170,K L M N. Financial real estate professional and administrative activities,28,9,19
S01012170,O P Q. Public administration education and health,66,11,55
S01012170,R S T U. Other,17,4,13
S01012170,Never worked,30,14,16
S01012171,All people aged 16 to 74 not in employment,285,131,154
S01012171,A B D E. Agriculture energy and water,0,0,0
S01012171,C. Manufacturing,55,31,24
S01012171,F. Construction,20,19,1
S01012171,G I. Distribution hotels and restaurants,71,33,38
S01012171,H J. Transport and communication,18,4,14
S01012171,K L M N. Financial real estate professional and administrative activities,24,11,13
S01012171,O P Q. Public administration education and health,59,14,45
S01012171,R S T U. Other,9,5,4
S01012171,Never worked,29,14,15
S01012172,All people aged 16 to 74 not in employment,233,110,123
S01012172,A B D E. Agriculture energy and water,9,9,0
S01012172,C. Manufacturing,40,28,12
S01012172,F. Construction,11,11,0
S01012172,G I. Distribution hotels and restaurants,50,21,29
S01012172,H J. Transport and communication,26,4,22
S01012172,K L M N. Financial real estate professional and administrative activities,21,4,17
S01012172,O P Q. Public administration education and health,34,9,25
S01012172,R S T U. Other,5,2,3
S01012172,Never worked,37,22,15
S01012173,All people aged 16 to 74 not in employment,184,80,104
S01012173,A B D E. Agriculture energy and water,3,2,1
S01012173,C. Manufacturing,38,25,13
S01012173,F. Construction,8,7,1
S01012173,G I. Distribution hotels and restaurants,28,12,16
S01012173,H J. Transport and communication,7,2,5
S01012173,K L M N. Financial real estate professional and administrative activities,20,8,12
S01012173,O P Q. Public administration education and health,51,12,39
S01012173,R S T U. Other,7,3,4
S01012173,Never worked,22,9,13
S01012174,All people aged 16 to 74 not in employment,118,45,73
S01012174,A B D E. Agriculture energy and water,2,1,1
S01012174,C. Manufacturing,9,2,7
S01012174,F. Construction,4,2,2
S01012174,G I. Distribution hotels and restaurants,20,13,7
S01012174,H J. Transport and communication,8,3,5
S01012174,K L M N. Financial real estate professional and administrative activities,14,4,10
S01012174,O P Q. Public administration education and health,32,9,23
S01012174,R S T U. Other,7,2,5
S01012174,Never worked,22,9,13
S01012175,All people aged 16 to 74 not in employment,183,78,105
S01012175,A B D E. Agriculture energy and water,2,2,0
S01012175,C. Manufacturing,19,12,7
S01012175,F. Construction,8,8,0
S01012175,G I. Distribution hotels and restaurants,41,16,25
S01012175,H J. Transport and communication,12,5,7
S01012175,K L M N. Financial real estate professional and administrative activities,12,3,9
S01012175,O P Q. Public administration education and health,63,21,42
S01012175,R S T U. Other,4,1,3
S01012175,Never worked,22,10,12
S01012176,All people aged 16 to 74 not in employment,224,98,126
S01012176,A B D E. Agriculture energy and water,3,2,1
S01012176,C. Manufacturing,33,19,14
S01012176,F. Construction,15,13,2
S01012176,G I. Distribution hotels and restaurants,49,30,19
S01012176,H J. Transport and communication,12,5,7
S01012176,K L M N. Financial real estate professional and administrative activities,20,4,16
S01012176,O P Q. Public administration education and health,62,12,50
S01012176,R S T U. Other,7,4,3
S01012176,Never worked,23,9,14
S01012177,All people aged 16 to 74 not in employment,175,77,98
S01012177,A B D E. Agriculture energy and water,2,0,2
S01012177,C. Manufacturing,30,18,12
S01012177,F. Construction,10,9,1
S01012177,G I. Distribution hotels and restaurants,29,14,15
S01012177,H J. Transport and communication,16,2,14
S01012177,K L M N. Financial real estate professional and administrative activities,20,11,9
S01012177,O P Q. Public administration education and health,34,4,30
S01012177,R S T U. Other,6,4,2
S01012177,Never worked,28,15,13
S01012178,All people aged 16 to 74 not in employment,140,67,73
S01012178,A B D E. Agriculture energy and water,0,0,0
S01012178,C. Manufacturing,20,15,5
S01012178,F. Construction,9,6,3
S01012178,G I. Distribution hotels and restaurants,23,8,15
S01012178,H J. Transport and communication,10,7,3
S01012178,K L M N. Financial real estate professional and administrative activities,16,7,9
S01012178,O P Q. Public administration education and health,39,14,25
S01012178,R S T U. Other,8,2,6
S01012178,Never worked,15,8,7
S01012179,All people aged 16 to 74 not in employment,165,74,91
S01012179,A B D E. Agriculture energy and water,1,1,0
S01012179,C. Manufacturing,20,14,6
S01012179,F. Construction,13,10,3
S01012179,G I. Distribution hotels and restaurants,27,17,10
S01012179,H J. Transport and communication,15,6,9
S01012179,K L M N. Financial real estate professional and administrative activities,23,10,13
S01012179,O P Q. Public administration education and health,33,6,27
S01012179,R S T U. Other,3,0,3
S01012179,Never worked,30,10,20
S01012180,All people aged 16 to 74 not in employment,183,76,107
S01012180,A B D E. Agriculture energy and water,3,1,2
S01012180,C. Manufacturing,27,18,9
S01012180,F. Construction,12,11,1
S01012180,G I. Distribution hotels and restaurants,31,14,17
S01012180,H J. Transport and communication,16,5,11
S01012180,K L M N. Financial real estate professional and administrative activities,17,6,11
S01012180,O P Q. Public administration education and health,56,11,45
S01012180,R S T U. Other,5,1,4
S01012180,Never worked,16,9,7
S01012181,All people aged 16 to 74 not in employment,223,101,122
S01012181,A B D E. Agriculture energy and water,4,4,0
S01012181,C. Manufacturing,36,17,19
S01012181,F. Construction,17,16,1
S01012181,G I. Distribution hotels and restaurants,47,24,23
S01012181,H J. Transport and communication,10,6,4
S01012181,K L M N. Financial real estate professional and administrative activities,29,11,18
S01012181,O P Q. Public administration education and health,38,7,31
S01012181,R S T U. Other,10,3,7
S01012181,Never worked,32,13,19
S01012182,All people aged 16 to 74 not in employment,176,74,102
S01012182,A B D E. Agriculture energy and water,1,1,0
S01012182,C. Manufacturing,15,9,6
S01012182,F. Construction,8,6,2
S01012182,G I. Distribution hotels and restaurants,38,15,23
S01012182,H J. Transport and communication,11,4,7
S01012182,K L M N. Financial real estate professional and administrative activities,17,7,10
S01012182,O P Q. Public administration education and health,33,7,26
S01012182,R S T U. Other,6,3,3
S01012182,Never worked,47,22,25
S01012183,All people aged 16 to 74 not in employment,208,96,112
S01012183,A B D E. Agriculture energy and water,3,3,0
S01012183,C. Manufacturing,31,20,11
S01012183,F. Construction,13,12,1
S01012183,G I. Distribution hotels and restaurants,48,22,26
S01012183,H J. Transport and communication,15,5,10
S01012183,K L M N. Financial real estate professional and administrative activities,12,3,9
S01012183,O P Q. Public administration education and health,26,7,19
S01012183,R S T U. Other,19,8,11
S01012183,Never worked,41,16,25
S01012184,All people aged 16 to 74 not in employment,103,51,52
S01012184,A B D E. Agriculture energy and water,5,5,0
S01012184,C. Manufacturing,10,8,2
S01012184,F. Construction,6,5,1
S01012184,G I. Distribution hotels and restaurants,22,9,13
S01012184,H J. Transport and communication,12,8,4
S01012184,K L M N. Financial real estate professional and administrative activities,12,4,8
S01012184,O P Q. Public administration education and health,21,4,17
S01012184,R S T U. Other,4,3,1
S01012184,Never worked,11,5,6
S01012185,All people aged 16 to 74 not in employment,253,155,98
S01012185,A B D E. Agriculture energy and water,8,4,4
S01012185,C. Manufacturing,30,22,8
S01012185,F. Construction,34,32,2
S01012185,G I. Distribution hotels and restaurants,34,20,14
S01012185,H J. Transport and communication,23,12,11
S01012185,K L M N. Financial real estate professional and administrative activities,22,11,11
S01012185,O P Q. Public administration education and health,32,14,18
S01012185,R S T U. Other,3,2,1
S01012185,Never worked,67,38,29
S01012186,All people aged 16 to 74 not in employment,227,98,129
S01012186,A B D E. Agriculture energy and water,3,2,1
S01012186,C. Manufacturing,32,20,12
S01012186,F. Construction,15,11,4
S01012186,G I. Distribution hotels and restaurants,50,26,24
S01012186,H J. Transport and communication,21,7,14
S01012186,K L M N. Financial real estate professional and administrative activities,28,9,19
S01012186,O P Q. Public administration education and health,39,8,31
S01012186,R S T U. Other,14,7,7
S01012186,Never worked,25,8,17
S01012187,All people aged 16 to 74 not in employment,221,101,120
S01012187,A B D E. Agriculture energy and water,5,5,0
S01012187,C. Manufacturing,40,19,21
S01012187,F. Construction,15,12,3
S01012187,G I. Distribution hotels and restaurants,39,22,17
S01012187,H J. Transport and communication,22,7,15
S01012187,K L M N. Financial real estate professional and administrative activities,22,7,15
S01012187,O P Q. Public administration education and health,33,4,29
S01012187,R S T U. Other,8,2,6
S01012187,Never worked,37,23,14
S01012188,All people aged 16 to 74 not in employment,137,67,70
S01012188,A B D E. Agriculture energy and water,1,0,1
S01012188,C. Manufacturing,23,15,8
S01012188,F. Construction,9,8,1
S01012188,G I. Distribution hotels and restaurants,27,13,14
S01012188,H J. Transport and communication,10,4,6
S01012188,K L M N. Financial real estate professional and administrative activities,16,7,9
S01012188,O P Q. Public administration education and health,30,8,22
S01012188,R S T U. Other,6,2,4
S01012188,Never worked,15,10,5
S01012189,All people aged 16 to 74 not in employment,110,51,59
S01012189,A B D E. Agriculture energy and water,2,2,0
S01012189,C. Manufacturing,15,7,8
S01012189,F. Construction,4,4,0
S01012189,G I. Distribution hotels and restaurants,29,17,12
S01012189,H J. Transport and communication,8,0,8
S01012189,K L M N. Financial real estate professional and administrative activities,10,6,4
S01012189,O P Q. Public administration education and health,24,6,18
S01012189,R S T U. Other,2,0,2
S01012189,Never worked,16,9,7
S01012190,All people aged 16 to 74 not in employment,71,27,44
S01012190,A B D E. Agriculture energy and water,1,1,0
S01012190,C. Manufacturing,8,3,5
S01012190,F. Construction,1,1,0
S01012190,G I. Distribution hotels and restaurants,15,9,6
S01012190,H J. Transport and communication,2,1,1
S01012190,K L M N. Financial real estate professional and administrative activities,12,1,11
S01012190,O P Q. Public administration education and health,19,3,16
S01012190,R S T U. Other,4,2,2
S01012190,Never worked,9,6,3
S01012191,All people aged 16 to 74 not in employment,211,93,118
S01012191,A B D E. Agriculture energy and water,5,4,1
S01012191,C. Manufacturing,33,25,8
S01012191,F. Construction,14,11,3
S01012191,G I. Distribution hotels and restaurants,36,11,25
S01012191,H J. Transport and communication,13,6,7
S01012191,K L M N. Financial real estate professional and administrative activities,19,7,12
S01012191,O P Q. Public administration education and health,59,11,48
S01012191,R S T U. Other,4,1,3
S01012191,Never worked,28,17,11
S01012192,All people aged 16 to 74 not in employment,131,61,70
S01012192,A B D E. Agriculture energy and water,2,1,1
S01012192,C. Manufacturing,22,12,10
S01012192,F. Construction,8,7,1
S01012192,G I. Distribution hotels and restaurants,20,13,7
S01012192,H J. Transport and communication,8,3,5
S01012192,K L M N. Financial real estate professional and administrative activities,11,5,6
S01012192,O P Q. Public administration education and health,28,6,22
S01012192,R S T U. Other,7,2,5
S01012192,Never worked,25,12,13
S01012193,All people aged 16 to 74 not in employment,68,24,44
S01012193,A B D E. Agriculture energy and water,1,1,0
S01012193,C. Manufacturing,7,2,5
S01012193,F. Construction,3,1,2
S01012193,G I. Distribution hotels and restaurants,11,4,7
S01012193,H J. Transport and communication,2,0,2
S01012193,K L M N. Financial real estate professional and administrative activities,6,2,4
S01012193,O P Q. Public administration education and health,16,3,13
S01012193,R S T U. Other,7,1,6
S01012193,Never worked,15,10,5
S01012194,All people aged 16 to 74 not in employment,100,53,47
S01012194,A B D E. Agriculture energy and water,1,1,0
S01012194,C. Manufacturing,13,11,2
S01012194,F. Construction,4,3,1
S01012194,G I. Distribution hotels and restaurants,18,11,7
S01012194,H J. Transport and communication,10,2,8
S01012194,K L M N. Financial real estate professional and administrative activities,8,4,4
S01012194,O P Q. Public administration education and health,16,4,12
S01012194,R S T U. Other,4,0,4
S01012194,Never worked,26,17,9
S01012195,All people aged 16 to 74 not in employment,230,106,124
S01012195,A B D E. Agriculture energy and water,1,0,1
S01012195,C. Manufacturing,25,17,8
S01012195,F. Construction,7,4,3
S01012195,G I. Distribution hotels and restaurants,42,23,19
S01012195,H J. Transport and communication,17,8,9
S01012195,K L M N. Financial real estate professional and administrative activities,23,7,16
S01012195,O P Q. Public administration education and health,65,22,43
S01012195,R S T U. Other,10,3,7
S01012195,Never worked,40,22,18
S01012196,All people aged 16 to 74 not in employment,86,31,55
S01012196,A B D E. Agriculture energy and water,0,0,0
S01012196,C. Manufacturing,6,4,2
S01012196,F. Construction,2,1,1
S01012196,G I. Distribution hotels and restaurants,20,8,12
S01012196,H J. Transport and communication,7,2,5
S01012196,K L M N. Financial real estate professional and administrative activities,8,2,6
S01012196,O P Q. Public administration education and health,16,3,13
S01012196,R S T U. Other,0,0,0
S01012196,Never worked,27,11,16
S01012197,All people aged 16 to 74 not in employment,215,94,121
S01012197,A B D E. Agriculture energy and water,2,1,1
S01012197,C. Manufacturing,27,21,6
S01012197,F. Construction,18,16,2
S01012197,G I. Distribution hotels and restaurants,46,20,26
S01012197,H J. Transport and communication,12,5,7
S01012197,K L M N. Financial real estate professional and administrative activities,25,9,16
S01012197,O P Q. Public administration education and health,55,12,43
S01012197,R S T U. Other,12,3,9
S01012197,Never worked,18,7,11
S01012198,All people aged 16 to 74 not in employment,211,89,122
S01012198,A B D E. Agriculture energy and water,1,1,0
S01012198,C. Manufacturing,29,16,13
S01012198,F. Construction,7,6,1
S01012198,G I. Distribution hotels and restaurants,45,19,26
S01012198,H J. Transport and communication,12,6,6
S01012198,K L M N. Financial real estate professional and administrative activities,26,14,12
S01012198,O P Q. Public administration education and health,46,7,39
S01012198,R S T U. Other,7,2,5
S01012198,Never worked,38,18,20
S01012199,All people aged 16 to 74 not in employment,217,91,126
S01012199,A B D E. Agriculture energy and water,2,2,0
S01012199,C. Manufacturing,31,15,16
S01012199,F. Construction,17,15,2
S01012199,G I. Distribution hotels and restaurants,48,18,30
S01012199,H J. Transport and communication,24,6,18
S01012199,K L M N. Financial real estate professional and administrative activities,27,13,14
S01012199,O P Q. Public administration education and health,39,8,31
S01012199,R S T U. Other,7,2,5
S01012199,Never worked,22,12,10
S01012200,All people aged 16 to 74 not in employment,194,89,105
S01012200,A B D E. Agriculture energy and water,7,5,2
S01012200,C. Manufacturing,32,18,14
S01012200,F. Construction,10,10,0
S01012200,G I. Distribution hotels and restaurants,43,20,23
S01012200,H J. Transport and communication,14,4,10
S01012200,K L M N. Financial real estate professional and administrative activities,16,4,12
S01012200,O P Q. Public administration education and health,41,11,30
S01012200,R S T U. Other,5,2,3
S01012200,Never worked,26,15,11
S01012201,All people aged 16 to 74 not in employment,197,86,111
S01012201,A B D E. Agriculture energy and water,3,2,1
S01012201,C. Manufacturing,32,21,11
S01012201,F. Construction,12,12,0
S01012201,G I. Distribution hotels and restaurants,44,17,27
S01012201,H J. Transport and communication,23,5,18
S01012201,K L M N. Financial real estate professional and administrative activities,15,7,8
S01012201,O P Q. Public administration education and health,40,10,30
S01012201,R S T U. Other,3,2,1
S01012201,Never worked,25,10,15
S01012202,All people aged 16 to 74 not in employment,144,60,84
S01012202,A B D E. Agriculture energy and water,0,0,0
S01012202,C. Manufacturing,29,21,8
S01012202,F. Construction,6,4,2
S01012202,G I. Distribution hotels and restaurants,31,13,18
S01012202,H J. Transport and communication,2,0,2
S01012202,K L M N. Financial real estate professional and administrative activities,15,5,10
S01012202,O P Q. Public administration education and health,36,7,29
S01012202,R S T U. Other,8,2,6
S01012202,Never worked,17,8,9
S01012203,All people aged 16 to 74 not in employment,202,89,113
S01012203,A B D E. Agriculture energy and water,3,2,1
S01012203,C. Manufacturing,28,15,13
S01012203,F. Construction,20,17,3
S01012203,G I. Distribution hotels and restaurants,32,13,19
S01012203,H J. Transport and communication,8,5,3
S01012203,K L M N. Financial real estate professional and administrative activities,31,11,20
S01012203,O P Q. Public administration education and health,46,14,32
S01012203,R S T U. Other,5,1,4
S01012203,Never worked,29,11,18
S01012204,All people aged 16 to 74 not in employment,160,79,81
S01012204,A B D E. Agriculture energy and water,2,2,0
S01012204,C. Manufacturing,17,13,4
S01012204,F. Construction,7,7,0
S01012204,G I. Distribution hotels and restaurants,27,11,16
S01012204,H J. Transport and communication,8,2,6
S01012204,K L M N. Financial real estate professional and administrative activities,22,12,10
S01012204,O P Q. Public administration education and health,34,7,27
S01012204,R S T U. Other,4,2,2
S01012204,Never worked,39,23,16
S01012205,All people aged 16 to 74 not in employment,146,60,86
S01012205,A B D E. Agriculture energy and water,2,1,1
S01012205,C. Manufacturing,15,8,7
S01012205,F. Construction,8,6,2
S01012205,G I. Distribution hotels and restaurants,31,12,19
S01012205,H J. Transport and communication,11,5,6
S01012205,K L M N. Financial real estate professional and administrative activities,15,5,10
S01012205,O P Q. Public administration education and health,40,10,30
S01012205,R S T U. Other,6,2,4
S01012205,Never worked,18,11,7
S01012206,All people aged 16 to 74 not in employment,148,64,84
S01012206,A B D E. Agriculture energy and water,2,1,1
S01012206,C. Manufacturing,27,17,10
S01012206,F. Construction,2,2,0
S01012206,G I. Distribution hotels and restaurants,36,20,16
S01012206,H J. Transport and communication,4,1,3
S01012206,K L M N. Financial real estate professional and administrative activities,6,0,6
S01012206,O P Q. Public administration education and health,36,6,30
S01012206,R S T U. Other,9,3,6
S01012206,Never worked,26,14,12
S01012207,All people aged 16 to 74 not in employment,242,99,143
S01012207,A B D E. Agriculture energy and water,5,5,0
S01012207,C. Manufacturing,33,23,10
S01012207,F. Construction,15,12,3
S01012207,G I. Distribution hotels and restaurants,40,21,19
S01012207,H J. Transport and communication,29,11,18
S01012207,K L M N. Financial real estate professional and administrative activities,21,2,19
S01012207,O P Q. Public administration education and health,63,6,57
S01012207,R S T U. Other,6,1,5
S01012207,Never worked,30,18,12
S01012208,All people aged 16 to 74 not in employment,266,111,155
S01012208,A B D E. Agriculture energy and water,2,2,0
S01012208,C. Manufacturing,32,22,10
S01012208,F. Construction,15,15,0
S01012208,G I. Distribution hotels and restaurants,55,25,30
S01012208,H J. Transport and communication,28,12,16
S01012208,K L M N. Financial real estate professional and administrative activities,24,5,19
S01012208,O P Q. Public administration education and health,67,11,56
S01012208,R S T U. Other,8,1,7
S01012208,Never worked,35,18,17
S01012209,All people aged 16 to 74 not in employment,203,86,117
S01012209,A B D E. Agriculture energy and water,2,2,0
S01012209,C. Manufacturing,19,14,5
S01012209,F. Construction,11,9,2
S01012209,G I. Distribution hotels and restaurants,42,17,25
S01012209,H J. Transport and communication,17,3,14
S01012209,K L M N. Financial real estate professional and administrative activities,28,11,17
S01012209,O P Q. Public administration education and health,50,16,34
S01012209,R S T U. Other,6,0,6
S01012209,Never worked,28,14,14
S01012210,All people aged 16 to 74 not in employment,209,96,113
S01012210,A B D E. Agriculture energy and water,2,2,0
S01012210,C. Manufacturing,35,22,13
S01012210,F. Construction,14,14,0
S01012210,G I. Distribution hotels and restaurants,43,18,25
S01012210,H J. Transport and communication,14,5,9
S01012210,K L M N. Financial real estate professional and administrative activities,23,10,13
S01012210,O P Q. Public administration education and health,42,7,35
S01012210,R S T U. Other,6,0,6
S01012210,Never worked,30,18,12
S01012211,All people aged 16 to 74 not in employment,225,107,118
S01012211,A B D E. Agriculture energy and water,3,3,0
S01012211,C. Manufacturing,29,20,9
S01012211,F. Construction,11,11,0
S01012211,G I. Distribution hotels and restaurants,42,22,20
S01012211,H J. Transport and communication,14,5,9
S01012211,K L M N. Financial real estate professional and administrative activities,34,16,18
S01012211,O P Q. Public administration education and health,59,17,42
S01012211,R S T U. Other,5,2,3
S01012211,Never worked,28,11,17
S01012212,All people aged 16 to 74 not in employment,238,116,122
S01012212,A B D E. Agriculture energy and water,4,3,1
S01012212,C. Manufacturing,31,20,11
S01012212,F. Construction,13,10,3
S01012212,G I. Distribution hotels and restaurants,40,19,21
S01012212,H J. Transport and communication,7,3,4
S01012212,K L M N. Financial real estate professional and administrative activities,32,18,14
S01012212,O P Q. Public administration education and health,74,25,49
S01012212,R S T U. Other,10,4,6
S01012212,Never worked,27,14,13
S01012213,All people aged 16 to 74 not in employment,233,105,128
S01012213,A B D E. Agriculture energy and water,1,1,0
S01012213,C. Manufacturing,32,19,13
S01012213,F. Construction,8,8,0
S01012213,G I. Distribution hotels and restaurants,36,17,19
S01012213,H J. Transport and communication,17,8,9
S01012213,K L M N. Financial real estate professional and administrative activities,43,21,22
S01012213,O P Q. Public administration education and health,79,22,57
S01012213,R S T U. Other,4,0,4
S01012213,Never worked,13,9,4
S01012214,All people aged 16 to 74 not in employment,173,70,103
S01012214,A B D E. Agriculture energy and water,4,3,1
S01012214,C. Manufacturing,18,11,7
S01012214,F. Construction,12,10,2
S01012214,G I. Distribution hotels and restaurants,32,9,23
S01012214,H J. Transport and communication,7,3,4
S01012214,K L M N. Financial real estate professional and administrative activities,17,9,8
S01012214,O P Q. Public administration education and health,65,16,49
S01012214,R S T U. Other,2,0,2
S01012214,Never worked,16,9,7
S01012215,All people aged 16 to 74 not in employment,206,89,117
S01012215,A B D E. Agriculture energy and water,1,0,1
S01012215,C. Manufacturing,25,16,9
S01012215,F. Construction,7,6,1
S01012215,G I. Distribution hotels and restaurants,21,7,14
S01012215,H J. Transport and communication,15,6,9
S01012215,K L M N. Financial real estate professional and administrative activities,23,10,13
S01012215,O P Q. Public administration education and health,75,25,50
S01012215,R S T U. Other,7,3,4
S01012215,Never worked,32,16,16
S01012216,All people aged 16 to 74 not in employment,160,71,89
S01012216,A B D E. Agriculture energy and water,4,2,2
S01012216,C. Manufacturing,20,13,7
S01012216,F. Construction,7,5,2
S01012216,G I. Distribution hotels and restaurants,21,10,11
S01012216,H J. Transport and communication,10,6,4
S01012216,K L M N. Financial real estate professional and administrative activities,21,6,15
S01012216,O P Q. Public administration education and health,47,16,31
S01012216,R S T U. Other,6,1,5
S01012216,Never worked,24,12,12
S01012217,All people aged 16 to 74 not in employment,183,87,96
S01012217,A B D E. Agriculture energy and water,4,2,2
S01012217,C. Manufacturing,21,14,7
S01012217,F. Construction,8,8,0
S01012217,G I. Distribution hotels and restaurants,47,25,22
S01012217,H J. Transport and communication,20,7,13
S01012217,K L M N. Financial real estate professional and administrative activities,9,3,6
S01012217,O P Q. Public administration education and health,26,3,23
S01012217,R S T U. Other,4,1,3
S01012217,Never worked,44,24,20
S01012218,All people aged 16 to 74 not in employment,157,72,85
S01012218,A B D E. Agriculture energy and water,2,2,0
S01012218,C. Manufacturing,12,9,3
S01012218,F. Construction,9,7,2
S01012218,G I. Distribution hotels and restaurants,42,16,26
S01012218,H J. Transport and communication,16,8,8
S01012218,K L M N. Financial real estate professional and administrative activities,21,8,13
S01012218,O P Q. Public administration education and health,15,4,11
S01012218,R S T U. Other,8,4,4
S01012218,Never worked,32,14,18
S01012219,All people aged 16 to 74 not in employment,300,118,182
S01012219,A B D E. Agriculture energy and water,6,6,0
S01012219,C. Manufacturing,37,22,15
S01012219,F. Construction,16,14,2
S01012219,G I. Distribution hotels and restaurants,57,24,33
S01012219,H J. Transport and communication,31,7,24
S01012219,K L M N. Financial real estate professional and administrative activities,25,8,17
S01012219,O P Q. Public administration education and health,49,7,42
S01012219,R S T U. Other,18,4,14
S01012219,Never worked,61,26,35
S01012220,All people aged 16 to 74 not in employment,237,118,119
S01012220,A B D E. Agriculture energy and water,5,5,0
S01012220,C. Manufacturing,34,23,11
S01012220,F. Construction,21,19,2
S01012220,G I. Distribution hotels and restaurants,43,20,23
S01012220,H J. Transport and communication,35,12,23
S01012220,K L M N. Financial real estate professional and administrative activities,25,14,11
S01012220,O P Q. Public administration education and health,33,12,21
S01012220,R S T U. Other,10,2,8
S01012220,Never worked,31,11,20
S01012221,All people aged 16 to 74 not in employment,215,86,129
S01012221,A B D E. Agriculture energy and water,4,4,0
S01012221,C. Manufacturing,31,21,10
S01012221,F. Construction,11,9,2
S01012221,G I. Distribution hotels and restaurants,39,18,21
S01012221,H J. Transport and communication,13,1,12
S01012221,K L M N. Financial real estate professional and administrative activities,13,3,10
S01012221,O P Q. Public administration education and health,53,11,42
S01012221,R S T U. Other,15,2,13
S01012221,Never worked,36,17,19
S01012222,All people aged 16 to 74 not in employment,259,124,135
S01012222,A B D E. Agriculture energy and water,10,7,3
S01012222,C. Manufacturing,54,34,20
S01012222,F. Construction,11,10,1
S01012222,G I. Distribution hotels and restaurants,51,23,28
S01012222,H J. Transport and communication,21,8,13
S01012222,K L M N. Financial real estate professional and administrative activities,26,8,18
S01012222,O P Q. Public administration education and health,43,13,30
S01012222,R S T U. Other,6,1,5
S01012222,Never worked,37,20,17
S01012223,All people aged 16 to 74 not in employment,226,96,130
S01012223,A B D E. Agriculture energy and water,1,1,0
S01012223,C. Manufacturing,32,14,18
S01012223,F. Construction,14,13,1
S01012223,G I. Distribution hotels and restaurants,45,20,25
S01012223,H J. Transport and communication,15,5,10
S01012223,K L M N. Financial real estate professional and administrative activities,26,13,13
S01012223,O P Q. Public administration education and health,50,9,41
S01012223,R S T U. Other,6,0,6
S01012223,Never worked,37,21,16
S01012224,All people aged 16 to 74 not in employment,186,83,103
S01012224,A B D E. Agriculture energy and water,1,1,0
S01012224,C. Manufacturing,19,12,7
S01012224,F. Construction,13,13,0
S01012224,G I. Distribution hotels and restaurants,43,17,26
S01012224,H J. Transport and communication,11,2,9
S01012224,K L M N. Financial real estate professional and administrative activities,11,5,6
S01012224,O P Q. Public administration education and health,35,6,29
S01012224,R S T U. Other,6,0,6
S01012224,Never worked,47,27,20
S01012225,All people aged 16 to 74 not in employment,288,131,157
S01012225,A B D E. Agriculture energy and water,10,9,1
S01012225,C. Manufacturing,37,20,17
S01012225,F. Construction,28,23,5
S01012225,G I. Distribution hotels and restaurants,54,30,24
S01012225,H J. Transport and communication,25,5,20
S01012225,K L M N. Financial real estate professional and administrative activities,19,7,12
S01012225,O P Q. Public administration education and health,54,13,41
S01012225,R S T U. Other,6,1,5
S01012225,Never worked,55,23,32
S01012226,All people aged 16 to 74 not in employment,186,86,100
S01012226,A B D E. Agriculture energy and water,3,3,0
S01012226,C. Manufacturing,29,19,10
S01012226,F. Construction,11,10,1
S01012226,G I. Distribution hotels and restaurants,40,19,21
S01012226,H J. Transport and communication,12,4,8
S01012226,K L M N. Financial real estate professional and administrative activities,18,5,13
S01012226,O P Q. Public administration education and health,40,12,28
S01012226,R S T U. Other,7,2,5
S01012226,Never worked,26,12,14
S01012227,All people aged 16 to 74 not in employment,180,76,104
S01012227,A B D E. Agriculture energy and water,2,1,1
S01012227,C. Manufacturing,18,13,5
S01012227,F. Construction,8,8,0
S01012227,G I. Distribution hotels and restaurants,43,17,26
S01012227,H J. Transport and communication,21,10,11
S01012227,K L M N. Financial real estate professional and administrative activities,15,3,12
S01012227,O P Q. Public administration education and health,38,9,29
S01012227,R S T U. Other,9,3,6
S01012227,Never worked,26,12,14
S01012228,All people aged 16 to 74 not in employment,170,77,93
S01012228,A B D E. Agriculture energy and water,3,2,1
S01012228,C. Manufacturing,18,8,10
S01012228,F. Construction,15,14,1
S01012228,G I. Distribution hotels and restaurants,41,17,24
S01012228,H J. Transport and communication,10,3,7
S01012228,K L M N. Financial real estate professional and administrative activities,13,7,6
S01012228,O P Q. Public administration education and health,34,5,29
S01012228,R S T U. Other,6,0,6
S01012228,Never worked,30,21,9
S01012229,All people aged 16 to 74 not in employment,144,61,83
S01012229,A B D E. Agriculture energy and water,1,1,0
S01012229,C. Manufacturing,20,15,5
S01012229,F. Construction,14,11,3
S01012229,G I. Distribution hotels and restaurants,26,9,17
S01012229,H J. Transport and communication,10,3,7
S01012229,K L M N. Financial real estate professional and administrative activities,16,6,10
S01012229,O P Q. Public administration education and health,27,4,23
S01012229,R S T U. Other,10,2,8
S01012229,Never worked,20,10,10
S01012230,All people aged 16 to 74 not in employment,198,86,112
S01012230,A B D E. Agriculture energy and water,5,2,3
S01012230,C. Manufacturing,14,12,2
S01012230,F. Construction,12,6,6
S01012230,G I. Distribution hotels and restaurants,33,13,20
S01012230,H J. Transport and communication,17,10,7
S01012230,K L M N. Financial real estate professional and administrative activities,20,6,14
S01012230,O P Q. Public administration education and health,52,13,39
S01012230,R S T U. Other,11,2,9
S01012230,Never worked,34,22,12
S01012231,All people aged 16 to 74 not in employment,182,79,103
S01012231,A B D E. Agriculture energy and water,2,0,2
S01012231,C. Manufacturing,13,9,4
S01012231,F. Construction,10,6,4
S01012231,G I. Distribution hotels and restaurants,26,12,14
S01012231,H J. Transport and communication,12,4,8
S01012231,K L M N. Financial real estate professional and administrative activities,23,11,12
S01012231,O P Q. Public administration education and health,49,18,31
S01012231,R S T U. Other,5,1,4
S01012231,Never worked,42,18,24
S01012232,All people aged 16 to 74 not in employment,186,85,101
S01012232,A B D E. Agriculture energy and water,2,2,0
S01012232,C. Manufacturing,21,13,8
S01012232,F. Construction,10,8,2
S01012232,G I. Distribution hotels and restaurants,31,14,17
S01012232,H J. Transport and communication,10,3,7
S01012232,K L M N. Financial real estate professional and administrative activities,25,13,12
S01012232,O P Q. Public administration education and health,46,15,31
S01012232,R S T U. Other,5,0,5
S01012232,Never worked,36,17,19
S01012233,All people aged 16 to 74 not in employment,237,114,123
S01012233,A B D E. Agriculture energy and water,3,1,2
S01012233,C. Manufacturing,30,22,8
S01012233,F. Construction,10,7,3
S01012233,G I. Distribution hotels and restaurants,39,20,19
S01012233,H J. Transport and communication,18,10,8
S01012233,K L M N. Financial real estate professional and administrative activities,28,14,14
S01012233,O P Q. Public administration education and health,70,21,49
S01012233,R S T U. Other,5,2,3
S01012233,Never worked,34,17,17
S01012234,All people aged 16 to 74 not in employment,231,98,133
S01012234,A B D E. Agriculture energy and water,3,2,1
S01012234,C. Manufacturing,24,15,9
S01012234,F. Construction,8,7,1
S01012234,G I. Distribution hotels and restaurants,35,18,17
S01012234,H J. Transport and communication,21,6,15
S01012234,K L M N. Financial real estate professional and administrative activities,24,9,15
S01012234,O P Q. Public administration education and health,63,11,52
S01012234,R S T U. Other,2,0,2
S01012234,Never worked,51,30,21
S01012235,All people aged 16 to 74 not in employment,149,69,80
S01012235,A B D E. Agriculture energy and water,1,1,0
S01012235,C. Manufacturing,24,18,6
S01012235,F. Construction,3,3,0
S01012235,G I. Distribution hotels and restaurants,22,10,12
S01012235,H J. Transport and communication,10,7,3
S01012235,K L M N. Financial real estate professional and administrative activities,18,9,9
S01012235,O P Q. Public administration education and health,57,13,44
S01012235,R S T U. Other,2,1,1
S01012235,Never worked,12,7,5
S01012236,All people aged 16 to 74 not in employment,160,70,90
S01012236,A B D E. Agriculture energy and water,6,6,0
S01012236,C. Manufacturing,20,12,8
S01012236,F. Construction,10,9,1
S01012236,G I. Distribution hotels and restaurants,23,11,12
S01012236,H J. Transport and communication,12,7,5
S01012236,K L M N. Financial real estate professional and administrative activities,16,5,11
S01012236,O P Q. Public administration education and health,37,7,30
S01012236,R S T U. Other,6,2,4
S01012236,Never worked,30,11,19
S01012237,All people aged 16 to 74 not in employment,215,101,114
S01012237,A B D E. Agriculture energy and water,5,4,1
S01012237,C. Manufacturing,21,13,8
S01012237,F. Construction,9,6,3
S01012237,G I. Distribution hotels and restaurants,20,10,10
S01012237,H J. Transport and communication,13,7,6
S01012237,K L M N. Financial real estate professional and administrative activities,35,18,17
S01012237,O P Q. Public administration education and health,67,17,50
S01012237,R S T U. Other,4,1,3
S01012237,Never worked,41,25,16
S01012238,All people aged 16 to 74 not in employment,176,85,91
S01012238,A B D E. Agriculture energy and water,3,3,0
S01012238,C. Manufacturing,20,15,5
S01012238,F. Construction,12,10,2
S01012238,G I. Distribution hotels and restaurants,39,17,22
S01012238,H J. Transport and communication,16,7,9
S01012238,K L M N. Financial real estate professional and administrative activities,17,8,9
S01012238,O P Q. Public administration education and health,38,9,29
S01012238,R S T U. Other,4,2,2
S01012238,Never worked,27,14,13
S01012239,All people aged 16 to 74 not in employment,194,93,101
S01012239,A B D E. Agriculture energy and water,1,0,1
S01012239,C. Manufacturing,24,17,7
S01012239,F. Construction,15,12,3
S01012239,G I. Distribution hotels and restaurants,33,12,21
S01012239,H J. Transport and communication,13,5,8
S01012239,K L M N. Financial real estate professional and administrative activities,12,5,7
S01012239,O P Q. Public administration education and health,45,13,32
S01012239,R S T U. Other,10,5,5
S01012239,Never worked,41,24,17
S01012240,All people aged 16 to 74 not in employment,264,123,141
S01012240,A B D E. Agriculture energy and water,1,0,1
S01012240,C. Manufacturing,41,30,11
S01012240,F. Construction,25,22,3
S01012240,G I. Distribution hotels and restaurants,50,22,28
S01012240,H J. Transport and communication,18,7,11
S01012240,K L M N. Financial real estate professional and administrative activities,18,8,10
S01012240,O P Q. Public administration education and health,61,13,48
S01012240,R S T U. Other,10,3,7
S01012240,Never worked,40,18,22
S01012241,All people aged 16 to 74 not in employment,162,54,108
S01012241,A B D E. Agriculture energy and water,0,0,0
S01012241,C. Manufacturing,12,8,4
S01012241,F. Construction,6,6,0
S01012241,G I. Distribution hotels and restaurants,24,12,12
S01012241,H J. Transport and communication,5,2,3
S01012241,K L M N. Financial real estate professional and administrative activities,22,4,18
S01012241,O P Q. Public administration education and health,67,17,50
S01012241,R S T U. Other,4,0,4
S01012241,Never worked,22,5,17
S01012242,All people aged 16 to 74 not in employment,208,76,132
S01012242,A B D E. Agriculture energy and water,0,0,0
S01012242,C. Manufacturing,14,6,8
S01012242,F. Construction,12,6,6
S01012242,G I. Distribution hotels and restaurants,21,8,13
S01012242,H J. Transport and communication,11,5,6
S01012242,K L M N. Financial real estate professional and administrative activities,28,17,11
S01012242,O P Q. Public administration education and health,73,14,59
S01012242,R S T U. Other,9,1,8
S01012242,Never worked,40,19,21
S01012243,All people aged 16 to 74 not in employment,157,60,97
S01012243,A B D E. Agriculture energy and water,1,1,0
S01012243,C. Manufacturing,17,12,5
S01012243,F. Construction,8,5,3
S01012243,G I. Distribution hotels and restaurants,24,11,13
S01012243,H J. Transport and communication,4,2,2
S01012243,K L M N. Financial real estate professional and administrative activities,16,5,11
S01012243,O P Q. Public administration education and health,53,10,43
S01012243,R S T U. Other,8,1,7
S01012243,Never worked,26,13,13
S01012244,All people aged 16 to 74 not in employment,209,89,120
S01012244,A B D E. Agriculture energy and water,7,4,3
S01012244,C. Manufacturing,12,8,4
S01012244,F. Construction,7,4,3
S01012244,G I. Distribution hotels and restaurants,14,4,10
S01012244,H J. Transport and communication,8,4,4
S01012244,K L M N. Financial real estate professional and administrative activities,26,14,12
S01012244,O P Q. Public administration education and health,64,15,49
S01012244,R S T U. Other,10,1,9
S01012244,Never worked,61,35,26
S01012245,All people aged 16 to 74 not in employment,172,70,102
S01012245,A B D E. Agriculture energy and water,4,3,1
S01012245,C. Manufacturing,8,4,4
S01012245,F. Construction,12,8,4
S01012245,G I. Distribution hotels and restaurants,26,13,13
S01012245,H J. Transport and communication,8,4,4
S01012245,K L M N. Financial real estate professional and administrative activities,29,12,17
S01012245,O P Q. Public administration education and health,62,16,46
S01012245,R S T U. Other,7,0,7
S01012245,Never worked,16,10,6
S01012246,All people aged 16 to 74 not in employment,158,61,97
S01012246,A B D E. Agriculture energy and water,5,4,1
S01012246,C. Manufacturing,7,5,2
S01012246,F. Construction,9,5,4
S01012246,G I. Distribution hotels and restaurants,18,10,8
S01012246,H J. Transport and communication,3,1,2
S01012246,K L M N. Financial real estate professional and administrative activities,26,9,17
S01012246,O P Q. Public administration education and health,60,14,46
S01012246,R S T U. Other,5,1,4
S01012246,Never worked,25,12,13
S01012247,All people aged 16 to 74 not in employment,158,62,96
S01012247,A B D E. Agriculture energy and water,15,8,7
S01012247,C. Manufacturing,9,5,4
S01012247,F. Construction,8,6,2
S01012247,G I. Distribution hotels and restaurants,23,7,16
S01012247,H J. Transport and communication,9,6,3
S01012247,K L M N. Financial real estate professional and administrative activities,19,8,11
S01012247,O P Q. Public administration education and health,47,11,36
S01012247,R S T U. Other,5,3,2
S01012247,Never worked,23,8,15
S01012248,All people aged 16 to 74 not in employment,162,70,92
S01012248,A B D E. Agriculture energy and water,8,4,4
S01012248,C. Manufacturing,9,3,6
S01012248,F. Construction,13,12,1
S01012248,G I. Distribution hotels and restaurants,25,10,15
S01012248,H J. Transport and communication,12,7,5
S01012248,K L M N. Financial real estate professional and administrative activities,20,8,12
S01012248,O P Q. Public administration education and health,42,12,30
S01012248,R S T U. Other,8,3,5
S01012248,Never worked,25,11,14
S01012249,All people aged 16 to 74 not in employment,180,68,112
S01012249,A B D E. Agriculture energy and water,11,8,3
S01012249,C. Manufacturing,8,4,4
S01012249,F. Construction,0,0,0
S01012249,G I. Distribution hotels and restaurants,23,8,15
S01012249,H J. Transport and communication,11,4,7
S01012249,K L M N. Financial real estate professional and administrative activities,29,13,16
S01012249,O P Q. Public administration education and health,51,10,41
S01012249,R S T U. Other,16,4,12
S01012249,Never worked,31,17,14
S01012250,All people aged 16 to 74 not in employment,131,50,81
S01012250,A B D E. Agriculture energy and water,6,2,4
S01012250,C. Manufacturing,6,4,2
S01012250,F. Construction,6,6,0
S01012250,G I. Distribution hotels and restaurants,22,9,13
S01012250,H J. Transport and communication,11,2,9
S01012250,K L M N. Financial real estate professional and administrative activities,18,11,7
S01012250,O P Q. Public administration education and health,33,8,25
S01012250,R S T U. Other,8,3,5
S01012250,Never worked,21,5,16
S01012251,All people aged 16 to 74 not in employment,222,94,128
S01012251,A B D E. Agriculture energy and water,4,2,2
S01012251,C. Manufacturing,22,11,11
S01012251,F. Construction,21,20,1
S01012251,G I. Distribution hotels and restaurants,43,15,28
S01012251,H J. Transport and communication,29,13,16
S01012251,K L M N. Financial real estate professional and administrative activities,18,7,11
S01012251,O P Q. Public administration education and health,45,9,36
S01012251,R S T U. Other,9,3,6
S01012251,Never worked,31,14,17
S01012252,All people aged 16 to 74 not in employment,154,81,73
S01012252,A B D E. Agriculture energy and water,5,4,1
S01012252,C. Manufacturing,15,9,6
S01012252,F. Construction,13,11,2
S01012252,G I. Distribution hotels and restaurants,33,17,16
S01012252,H J. Transport and communication,22,13,9
S01012252,K L M N. Financial real estate professional and administrative activities,9,3,6
S01012252,O P Q. Public administration education and health,31,8,23
S01012252,R S T U. Other,5,4,1
S01012252,Never worked,21,12,9
S01012253,All people aged 16 to 74 not in employment,224,104,120
S01012253,A B D E. Agriculture energy and water,10,8,2
S01012253,C. Manufacturing,24,13,11
S01012253,F. Construction,18,17,1
S01012253,G I. Distribution hotels and restaurants,41,17,24
S01012253,H J. Transport and communication,15,6,9
S01012253,K L M N. Financial real estate professional and administrative activities,16,10,6
S01012253,O P Q. Public administration education and health,67,13,54
S01012253,R S T U. Other,7,2,5
S01012253,Never worked,26,18,8
S01012254,All people aged 16 to 74 not in employment,188,75,113
S01012254,A B D E. Agriculture energy and water,3,2,1
S01012254,C. Manufacturing,15,10,5
S01012254,F. Construction,10,10,0
S01012254,G I. Distribution hotels and restaurants,35,14,21
S01012254,H J. Transport and communication,12,5,7
S01012254,K L M N. Financial real estate professional and administrative activities,23,10,13
S01012254,O P Q. Public administration education and health,62,14,48
S01012254,R S T U. Other,12,3,9
S01012254,Never worked,16,7,9
S01012255,All people aged 16 to 74 not in employment,223,95,128
S01012255,A B D E. Agriculture energy and water,11,8,3
S01012255,C. Manufacturing,13,11,2
S01012255,F. Construction,14,14,0
S01012255,G I. Distribution hotels and restaurants,43,19,24
S01012255,H J. Transport and communication,12,3,9
S01012255,K L M N. Financial real estate professional and administrative activities,34,10,24
S01012255,O P Q. Public administration education and health,68,15,53
S01012255,R S T U. Other,8,3,5
S01012255,Never worked,20,12,8
S01012256,All people aged 16 to 74 not in employment,188,70,118
S01012256,A B D E. Agriculture energy and water,7,5,2
S01012256,C. Manufacturing,14,9,5
S01012256,F. Construction,5,5,0
S01012256,G I. Distribution hotels and restaurants,32,12,20
S01012256,H J. Transport and communication,17,7,10
S01012256,K L M N. Financial real estate professional and administrative activities,31,12,19
S01012256,O P Q. Public administration education and health,48,8,40
S01012256,R S T U. Other,13,2,11
S01012256,Never worked,21,10,11
S01012257,All people aged 16 to 74 not in employment,229,97,132
S01012257,A B D E. Agriculture energy and water,7,6,1
S01012257,C. Manufacturing,10,9,1
S01012257,F. Construction,13,12,1
S01012257,G I. Distribution hotels and restaurants,39,17,22
S01012257,H J. Transport and communication,27,8,19
S01012257,K L M N. Financial real estate professional and administrative activities,29,14,15
S01012257,O P Q. Public administration education and health,70,17,53
S01012257,R S T U. Other,7,5,2
S01012257,Never worked,27,9,18
S01012258,All people aged 16 to 74 not in employment,199,75,124
S01012258,A B D E. Agriculture energy and water,3,3,0
S01012258,C. Manufacturing,12,8,4
S01012258,F. Construction,5,4,1
S01012258,G I. Distribution hotels and restaurants,24,8,16
S01012258,H J. Transport and communication,16,7,9
S01012258,K L M N. Financial real estate professional and administrative activities,35,20,15
S01012258,O P Q. Public administration education and health,83,18,65
S01012258,R S T U. Other,4,0,4
S01012258,Never worked,17,7,10
S01012259,All people aged 16 to 74 not in employment,171,74,97
S01012259,A B D E. Agriculture energy and water,3,3,0
S01012259,C. Manufacturing,11,7,4
S01012259,F. Construction,10,7,3
S01012259,G I. Distribution hotels and restaurants,17,5,12
S01012259,H J. Transport and communication,18,8,10
S01012259,K L M N. Financial real estate professional and administrative activities,31,15,16
S01012259,O P Q. Public administration education and health,62,22,40
S01012259,R S T U. Other,7,1,6
S01012259,Never worked,12,6,6
S01012260,All people aged 16 to 74 not in employment,225,84,141
S01012260,A B D E. Agriculture energy and water,8,6,2
S01012260,C. Manufacturing,12,4,8
S01012260,F. Construction,8,7,1
S01012260,G I. Distribution hotels and restaurants,40,16,24
S01012260,H J. Transport and communication,21,10,11
S01012260,K L M N. Financial real estate professional and administrative activities,30,9,21
S01012260,O P Q. Public administration education and health,77,21,56
S01012260,R S T U. Other,5,2,3
S01012260,Never worked,24,9,15
S01012261,All people aged 16 to 74 not in employment,158,63,95
S01012261,A B D E. Agriculture energy and water,7,4,3
S01012261,C. Manufacturing,13,7,6
S01012261,F. Construction,5,2,3
S01012261,G I. Distribution hotels and restaurants,19,12,7
S01012261,H J. Transport and communication,16,7,9
S01012261,K L M N. Financial real estate professional and administrative activities,19,9,10
S01012261,O P Q. Public administration education and health,59,12,47
S01012261,R S T U. Other,3,0,3
S01012261,Never worked,17,10,7
S01012262,All people aged 16 to 74 not in employment,178,66,112
S01012262,A B D E. Agriculture energy and water,5,3,2
S01012262,C. Manufacturing,21,10,11
S01012262,F. Construction,7,6,1
S01012262,G I. Distribution hotels and restaurants,24,10,14
S01012262,H J. Transport and communication,20,8,12
S01012262,K L M N. Financial real estate professional and administrative activities,23,7,16
S01012262,O P Q. Public administration education and health,56,12,44
S01012262,R S T U. Other,6,2,4
S01012262,Never worked,16,8,8
S01012263,All people aged 16 to 74 not in employment,181,81,100
S01012263,A B D E. Agriculture energy and water,5,3,2
S01012263,C. Manufacturing,22,15,7
S01012263,F. Construction,5,5,0
S01012263,G I. Distribution hotels and restaurants,46,25,21
S01012263,H J. Transport and communication,18,4,14
S01012263,K L M N. Financial real estate professional and administrative activities,8,4,4
S01012263,O P Q. Public administration education and health,44,10,34
S01012263,R S T U. Other,9,5,4
S01012263,Never worked,24,10,14
S01012264,All people aged 16 to 74 not in employment,133,53,80
S01012264,A B D E. Agriculture energy and water,5,2,3
S01012264,C. Manufacturing,21,10,11
S01012264,F. Construction,8,7,1
S01012264,G I. Distribution hotels and restaurants,25,7,18
S01012264,H J. Transport and communication,7,4,3
S01012264,K L M N. Financial real estate professional and administrative activities,15,9,6
S01012264,O P Q. Public administration education and health,35,8,27
S01012264,R S T U. Other,10,3,7
S01012264,Never worked,7,3,4
S01012265,All people aged 16 to 74 not in employment,201,94,107
S01012265,A B D E. Agriculture energy and water,9,8,1
S01012265,C. Manufacturing,45,24,21
S01012265,F. Construction,12,12,0
S01012265,G I. Distribution hotels and restaurants,34,19,15
S01012265,H J. Transport and communication,21,4,17
S01012265,K L M N. Financial real estate professional and administrative activities,8,2,6
S01012265,O P Q. Public administration education and health,38,10,28
S01012265,R S T U. Other,3,1,2
S01012265,Never worked,31,14,17
S01012266,All people aged 16 to 74 not in employment,281,118,163
S01012266,A B D E. Agriculture energy and water,16,12,4
S01012266,C. Manufacturing,62,24,38
S01012266,F. Construction,14,12,2
S01012266,G I. Distribution hotels and restaurants,42,17,25
S01012266,H J. Transport and communication,17,6,11
S01012266,K L M N. Financial real estate professional and administrative activities,32,12,20
S01012266,O P Q. Public administration education and health,65,22,43
S01012266,R S T U. Other,12,2,10
S01012266,Never worked,21,11,10
S01012267,All people aged 16 to 74 not in employment,175,80,95
S01012267,A B D E. Agriculture energy and water,4,4,0
S01012267,C. Manufacturing,22,9,13
S01012267,F. Construction,11,8,3
S01012267,G I. Distribution hotels and restaurants,22,12,10
S01012267,H J. Transport and communication,15,4,11
S01012267,K L M N. Financial real estate professional and administrative activities,28,15,13
S01012267,O P Q. Public administration education and health,60,19,41
S01012267,R S T U. Other,6,3,3
S01012267,Never worked,7,6,1
S01012268,All people aged 16 to 74 not in employment,129,56,73
S01012268,A B D E. Agriculture energy and water,6,4,2
S01012268,C. Manufacturing,13,6,7
S01012268,F. Construction,9,8,1
S01012268,G I. Distribution hotels and restaurants,16,6,10
S01012268,H J. Transport and communication,6,1,5
S01012268,K L M N. Financial real estate professional and administrative activities,16,6,10
S01012268,O P Q. Public administration education and health,37,11,26
S01012268,R S T U. Other,3,2,1
S01012268,Never worked,23,12,11
S01012269,All people aged 16 to 74 not in employment,218,93,125
S01012269,A B D E. Agriculture energy and water,7,3,4
S01012269,C. Manufacturing,19,11,8
S01012269,F. Construction,25,18,7
S01012269,G I. Distribution hotels and restaurants,34,17,17
S01012269,H J. Transport and communication,17,4,13
S01012269,K L M N. Financial real estate professional and administrative activities,18,7,11
S01012269,O P Q. Public administration education and health,59,11,48
S01012269,R S T U. Other,8,6,2
S01012269,Never worked,31,16,15
S01012270,All people aged 16 to 74 not in employment,178,74,104
S01012270,A B D E. Agriculture energy and water,6,3,3
S01012270,C. Manufacturing,19,10,9
S01012270,F. Construction,13,13,0
S01012270,G I. Distribution hotels and restaurants,29,11,18
S01012270,H J. Transport and communication,14,5,9
S01012270,K L M N. Financial real estate professional and administrative activities,11,6,5
S01012270,O P Q. Public administration education and health,48,10,38
S01012270,R S T U. Other,5,3,2
S01012270,Never worked,33,13,20
S01012271,All people aged 16 to 74 not in employment,207,87,120
S01012271,A B D E. Agriculture energy and water,15,11,4
S01012271,C. Manufacturing,13,10,3
S01012271,F. Construction,10,9,1
S01012271,G I. Distribution hotels and restaurants,28,13,15
S01012271,H J. Transport and communication,17,7,10
S01012271,K L M N. Financial real estate professional and administrative activities,13,5,8
S01012271,O P Q. Public administration education and health,60,18,42
S01012271,R S T U. Other,12,3,9
S01012271,Never worked,39,11,28
S01012272,All people aged 16 to 74 not in employment,148,67,81
S01012272,A B D E. Agriculture energy and water,7,6,1
S01012272,C. Manufacturing,10,3,7
S01012272,F. Construction,11,10,1
S01012272,G I. Distribution hotels and restaurants,18,8,10
S01012272,H J. Transport and communication,11,6,5
S01012272,K L M N. Financial real estate professional and administrative activities,16,7,9
S01012272,O P Q. Public administration education and health,48,13,35
S01012272,R S T U. Other,5,3,2
S01012272,Never worked,22,11,11
S01012273,All people aged 16 to 74 not in employment,184,78,106
S01012273,A B D E. Agriculture energy and water,1,1,0
S01012273,C. Manufacturing,26,16,10
S01012273,F. Construction,6,6,0
S01012273,G I. Distribution hotels and restaurants,30,8,22
S01012273,H J. Transport and communication,12,7,5
S01012273,K L M N. Financial real estate professional and administrative activities,23,8,15
S01012273,O P Q. Public administration education and health,65,20,45
S01012273,R S T U. Other,5,3,2
S01012273,Never worked,16,9,7
S01012274,All people aged 16 to 74 not in employment,205,113,92
S01012274,A B D E. Agriculture energy and water,6,6,0
S01012274,C. Manufacturing,16,7,9
S01012274,F. Construction,14,11,3
S01012274,G I. Distribution hotels and restaurants,32,20,12
S01012274,H J. Transport and communication,18,7,11
S01012274,K L M N. Financial real estate professional and administrative activities,23,11,12
S01012274,O P Q. Public administration education and health,56,24,32
S01012274,R S T U. Other,10,8,2
S01012274,Never worked,30,19,11
S01012275,All people aged 16 to 74 not in employment,218,91,127
S01012275,A B D E. Agriculture energy and water,4,2,2
S01012275,C. Manufacturing,17,7,10
S01012275,F. Construction,18,18,0
S01012275,G I. Distribution hotels and restaurants,53,18,35
S01012275,H J. Transport and communication,29,10,19
S01012275,K L M N. Financial real estate professional and administrative activities,26,9,17
S01012275,O P Q. Public administration education and health,33,8,25
S01012275,R S T U. Other,3,2,1
S01012275,Never worked,35,17,18
S01012276,All people aged 16 to 74 not in employment,219,100,119
S01012276,A B D E. Agriculture energy and water,5,5,0
S01012276,C. Manufacturing,18,9,9
S01012276,F. Construction,9,8,1
S01012276,G I. Distribution hotels and restaurants,42,17,25
S01012276,H J. Transport and communication,21,6,15
S01012276,K L M N. Financial real estate professional and administrative activities,28,17,11
S01012276,O P Q. Public administration education and health,60,20,40
S01012276,R S T U. Other,8,3,5
S01012276,Never worked,28,15,13
S01012277,All people aged 16 to 74 not in employment,228,108,120
S01012277,A B D E. Agriculture energy and water,18,11,7
S01012277,C. Manufacturing,28,13,15
S01012277,F. Construction,19,17,2
S01012277,G I. Distribution hotels and restaurants,36,20,16
S01012277,H J. Transport and communication,18,3,15
S01012277,K L M N. Financial real estate professional and administrative activities,24,10,14
S01012277,O P Q. Public administration education and health,45,11,34
S01012277,R S T U. Other,9,5,4
S01012277,Never worked,31,18,13
S01012278,All people aged 16 to 74 not in employment,197,90,107
S01012278,A B D E. Agriculture energy and water,8,6,2
S01012278,C. Manufacturing,23,12,11
S01012278,F. Construction,10,8,2
S01012278,G I. Distribution hotels and restaurants,34,17,17
S01012278,H J. Transport and communication,27,11,16
S01012278,K L M N. Financial real estate professional and administrative activities,13,7,6
S01012278,O P Q. Public administration education and health,43,12,31
S01012278,R S T U. Other,15,7,8
S01012278,Never worked,24,10,14
S01012279,All people aged 16 to 74 not in employment,207,77,130
S01012279,A B D E. Agriculture energy and water,7,7,0
S01012279,C. Manufacturing,21,9,12
S01012279,F. Construction,8,7,1
S01012279,G I. Distribution hotels and restaurants,49,11,38
S01012279,H J. Transport and communication,20,6,14
S01012279,K L M N. Financial real estate professional and administrative activities,23,10,13
S01012279,O P Q. Public administration education and health,38,11,27
S01012279,R S T U. Other,4,1,3
S01012279,Never worked,37,15,22
S01012280,All people aged 16 to 74 not in employment,231,92,139
S01012280,A B D E. Agriculture energy and water,8,6,2
S01012280,C. Manufacturing,25,10,15
S01012280,F. Construction,17,16,1
S01012280,G I. Distribution hotels and restaurants,42,13,29
S01012280,H J. Transport and communication,20,9,11
S01012280,K L M N. Financial real estate professional and administrative activities,19,9,10
S01012280,O P Q. Public administration education and health,50,7,43
S01012280,R S T U. Other,12,1,11
S01012280,Never worked,38,21,17
S01012281,All people aged 16 to 74 not in employment,132,55,77
S01012281,A B D E. Agriculture energy and water,4,3,1
S01012281,C. Manufacturing,12,8,4
S01012281,F. Construction,6,6,0
S01012281,G I. Distribution hotels and restaurants,28,5,23
S01012281,H J. Transport and communication,7,3,4
S01012281,K L M N. Financial real estate professional and administrative activities,8,6,2
S01012281,O P Q. Public administration education and health,36,8,28
S01012281,R S T U. Other,8,4,4
S01012281,Never worked,23,12,11
S01012282,All people aged 16 to 74 not in employment,379,128,251
S01012282,A B D E. Agriculture energy and water,10,6,4
S01012282,C. Manufacturing,33,20,13
S01012282,F. Construction,15,12,3
S01012282,G I. Distribution hotels and restaurants,84,20,64
S01012282,H J. Transport and communication,49,16,33
S01012282,K L M N. Financial real estate professional and administrative activities,30,6,24
S01012282,O P Q. Public administration education and health,72,15,57
S01012282,R S T U. Other,12,5,7
S01012282,Never worked,74,28,46
S01012283,All people aged 16 to 74 not in employment,195,84,111
S01012283,A B D E. Agriculture energy and water,4,4,0
S01012283,C. Manufacturing,22,11,11
S01012283,F. Construction,9,6,3
S01012283,G I. Distribution hotels and restaurants,36,14,22
S01012283,H J. Transport and communication,23,6,17
S01012283,K L M N. Financial real estate professional and administrative activities,19,11,8
S01012283,O P Q. Public administration education and health,48,16,32
S01012283,R S T U. Other,2,2,0
S01012283,Never worked,32,14,18
S01012284,All people aged 16 to 74 not in employment,224,116,108
S01012284,A B D E. Agriculture energy and water,5,3,2
S01012284,C. Manufacturing,29,15,14
S01012284,F. Construction,15,15,0
S01012284,G I. Distribution hotels and restaurants,31,20,11
S01012284,H J. Transport and communication,21,11,10
S01012284,K L M N. Financial real estate professional and administrative activities,19,12,7
S01012284,O P Q. Public administration education and health,55,17,38
S01012284,R S T U. Other,7,2,5
S01012284,Never worked,42,21,21
S01012285,All people aged 16 to 74 not in employment,159,71,88
S01012285,A B D E. Agriculture energy and water,4,3,1
S01012285,C. Manufacturing,16,7,9
S01012285,F. Construction,7,7,0
S01012285,G I. Distribution hotels and restaurants,24,11,13
S01012285,H J. Transport and communication,14,5,9
S01012285,K L M N. Financial real estate professional and administrative activities,18,8,10
S01012285,O P Q. Public administration education and health,54,20,34
S01012285,R S T U. Other,4,1,3
S01012285,Never worked,18,9,9
S01012286,All people aged 16 to 74 not in employment,362,157,205
S01012286,A B D E. Agriculture energy and water,30,26,4
S01012286,C. Manufacturing,55,25,30
S01012286,F. Construction,19,16,3
S01012286,G I. Distribution hotels and restaurants,69,25,44
S01012286,H J. Transport and communication,29,10,19
S01012286,K L M N. Financial real estate professional and administrative activities,31,14,17
S01012286,O P Q. Public administration education and health,59,13,46
S01012286,R S T U. Other,19,4,15
S01012286,Never worked,51,24,27
S01012287,All people aged 16 to 74 not in employment,325,151,174
S01012287,A B D E. Agriculture energy and water,17,15,2
S01012287,C. Manufacturing,51,29,22
S01012287,F. Construction,18,16,2
S01012287,G I. Distribution hotels and restaurants,59,23,36
S01012287,H J. Transport and communication,28,14,14
S01012287,K L M N. Financial real estate professional and administrative activities,32,19,13
S01012287,O P Q. Public administration education and health,56,8,48
S01012287,R S T U. Other,10,3,7
S01012287,Never worked,54,24,30
S01012288,All people aged 16 to 74 not in employment,260,122,138
S01012288,A B D E. Agriculture energy and water,11,8,3
S01012288,C. Manufacturing,28,18,10
S01012288,F. Construction,11,10,1
S01012288,G I. Distribution hotels and restaurants,47,22,25
S01012288,H J. Transport and communication,35,13,22
S01012288,K L M N. Financial real estate professional and administrative activities,29,19,10
S01012288,O P Q. Public administration education and health,55,13,42
S01012288,R S T U. Other,8,7,1
S01012288,Never worked,36,12,24
S01012289,All people aged 16 to 74 not in employment,264,117,147
S01012289,A B D E. Agriculture energy and water,9,6,3
S01012289,C. Manufacturing,14,8,6
S01012289,F. Construction,14,12,2
S01012289,G I. Distribution hotels and restaurants,23,7,16
S01012289,H J. Transport and communication,10,1,9
S01012289,K L M N. Financial real estate professional and administrative activities,25,12,13
S01012289,O P Q. Public administration education and health,111,34,77
S01012289,R S T U. Other,9,4,5
S01012289,Never worked,49,33,16
S01012290,All people aged 16 to 74 not in employment,130,51,79
S01012290,A B D E. Agriculture energy and water,3,3,0
S01012290,C. Manufacturing,12,5,7
S01012290,F. Construction,6,4,2
S01012290,G I. Distribution hotels and restaurants,26,10,16
S01012290,H J. Transport and communication,7,2,5
S01012290,K L M N. Financial real estate professional and administrative activities,11,6,5
S01012290,O P Q. Public administration education and health,44,15,29
S01012290,R S T U. Other,7,1,6
S01012290,Never worked,14,5,9
S01012291,All people aged 16 to 74 not in employment,210,112,98
S01012291,A B D E. Agriculture energy and water,8,4,4
S01012291,C. Manufacturing,17,11,6
S01012291,F. Construction,8,6,2
S01012291,G I. Distribution hotels and restaurants,31,15,16
S01012291,H J. Transport and communication,13,6,7
S01012291,K L M N. Financial real estate professional and administrative activities,26,18,8
S01012291,O P Q. Public administration education and health,64,25,39
S01012291,R S T U. Other,7,3,4
S01012291,Never worked,36,24,12
S01012292,All people aged 16 to 74 not in employment,187,72,115
S01012292,A B D E. Agriculture energy and water,5,4,1
S01012292,C. Manufacturing,5,3,2
S01012292,F. Construction,8,5,3
S01012292,G I. Distribution hotels and restaurants,37,15,22
S01012292,H J. Transport and communication,15,7,8
S01012292,K L M N. Financial real estate professional and administrative activities,22,12,10
S01012292,O P Q. Public administration education and health,71,17,54
S01012292,R S T U. Other,6,2,4
S01012292,Never worked,18,7,11
S01012293,All people aged 16 to 74 not in employment,117,52,65
S01012293,A B D E. Agriculture energy and water,5,4,1
S01012293,C. Manufacturing,8,5,3
S01012293,F. Construction,5,3,2
S01012293,G I. Distribution hotels and restaurants,21,13,8
S01012293,H J. Transport and communication,15,5,10
S01012293,K L M N. Financial real estate professional and administrative activities,8,1,7
S01012293,O P Q. Public administration education and health,34,14,20
S01012293,R S T U. Other,5,1,4
S01012293,Never worked,16,6,10
S01012294,All people aged 16 to 74 not in employment,212,94,118
S01012294,A B D E. Agriculture energy and water,9,8,1
S01012294,C. Manufacturing,21,12,9
S01012294,F. Construction,6,6,0
S01012294,G I. Distribution hotels and restaurants,38,20,18
S01012294,H J. Transport and communication,19,9,10
S01012294,K L M N. Financial real estate professional and administrative activities,10,3,7
S01012294,O P Q. Public administration education and health,59,14,45
S01012294,R S T U. Other,11,5,6
S01012294,Never worked,39,17,22
S01012295,All people aged 16 to 74 not in employment,139,64,75
S01012295,A B D E. Agriculture energy and water,2,2,0
S01012295,C. Manufacturing,16,9,7
S01012295,F. Construction,7,4,3
S01012295,G I. Distribution hotels and restaurants,31,12,19
S01012295,H J. Transport and communication,15,5,10
S01012295,K L M N. Financial real estate professional and administrative activities,11,6,5
S01012295,O P Q. Public administration education and health,24,10,14
S01012295,R S T U. Other,5,3,2
S01012295,Never worked,28,13,15
S01012296,All people aged 16 to 74 not in employment,130,48,82
S01012296,A B D E. Agriculture energy and water,0,0,0
S01012296,C. Manufacturing,8,4,4
S01012296,F. Construction,13,9,4
S01012296,G I. Distribution hotels and restaurants,17,6,11
S01012296,H J. Transport and communication,12,4,8
S01012296,K L M N. Financial real estate professional and administrative activities,17,6,11
S01012296,O P Q. Public administration education and health,46,13,33
S01012296,R S T U. Other,5,1,4
S01012296,Never worked,12,5,7
S01012297,All people aged 16 to 74 not in employment,115,42,73
S01012297,A B D E. Agriculture energy and water,13,7,6
S01012297,C. Manufacturing,3,2,1
S01012297,F. Construction,6,6,0
S01012297,G I. Distribution hotels and restaurants,15,4,11
S01012297,H J. Transport and communication,6,0,6
S01012297,K L M N. Financial real estate professional and administrative activities,13,7,6
S01012297,O P Q. Public administration education and health,46,12,34
S01012297,R S T U. Other,3,1,2
S01012297,Never worked,10,3,7
S01012298,All people aged 16 to 74 not in employment,184,81,103
S01012298,A B D E. Agriculture energy and water,7,6,1
S01012298,C. Manufacturing,18,10,8
S01012298,F. Construction,13,10,3
S01012298,G I. Distribution hotels and restaurants,28,11,17
S01012298,H J. Transport and communication,6,4,2
S01012298,K L M N. Financial real estate professional and administrative activities,17,9,8
S01012298,O P Q. Public administration education and health,68,17,51
S01012298,R S T U. Other,6,0,6
S01012298,Never worked,21,14,7
S01012299,All people aged 16 to 74 not in employment,123,55,68
S01012299,A B D E. Agriculture energy and water,16,9,7
S01012299,C. Manufacturing,12,5,7
S01012299,F. Construction,4,4,0
S01012299,G I. Distribution hotels and restaurants,13,4,9
S01012299,H J. Transport and communication,8,2,6
S01012299,K L M N. Financial real estate professional and administrative activities,16,9,7
S01012299,O P Q. Public administration education and health,29,9,20
S01012299,R S T U. Other,6,2,4
S01012299,Never worked,19,11,8
S01012300,All people aged 16 to 74 not in employment,181,72,109
S01012300,A B D E. Agriculture energy and water,27,15,12
S01012300,C. Manufacturing,17,6,11
S01012300,F. Construction,15,11,4
S01012300,G I. Distribution hotels and restaurants,19,8,11
S01012300,H J. Transport and communication,12,3,9
S01012300,K L M N. Financial real estate professional and administrative activities,13,6,7
S01012300,O P Q. Public administration education and health,44,10,34
S01012300,R S T U. Other,3,0,3
S01012300,Never worked,31,13,18
S01012301,All people aged 16 to 74 not in employment,241,101,140
S01012301,A B D E. Agriculture energy and water,20,12,8
S01012301,C. Manufacturing,17,8,9
S01012301,F. Construction,18,13,5
S01012301,G I. Distribution hotels and restaurants,30,11,19
S01012301,H J. Transport and communication,20,5,15
S01012301,K L M N. Financial real estate professional and administrative activities,32,12,20
S01012301,O P Q. Public administration education and health,61,22,39
S01012301,R S T U. Other,8,3,5
S01012301,Never worked,35,15,20
S01012302,All people aged 16 to 74 not in employment,164,82,82
S01012302,A B D E. Agriculture energy and water,14,9,5
S01012302,C. Manufacturing,14,10,4
S01012302,F. Construction,14,14,0
S01012302,G I. Distribution hotels and restaurants,25,14,11
S01012302,H J. Transport and communication,11,4,7
S01012302,K L M N. Financial real estate professional and administrative activities,15,5,10
S01012302,O P Q. Public administration education and health,43,14,29
S01012302,R S T U. Other,9,4,5
S01012302,Never worked,19,8,11
S01012303,All people aged 16 to 74 not in employment,196,82,114
S01012303,A B D E. Agriculture energy and water,18,12,6
S01012303,C. Manufacturing,13,10,3
S01012303,F. Construction,9,7,2
S01012303,G I. Distribution hotels and restaurants,29,12,17
S01012303,H J. Transport and communication,15,3,12
S01012303,K L M N. Financial real estate professional and administrative activities,12,4,8
S01012303,O P Q. Public administration education and health,54,12,42
S01012303,R S T U. Other,18,7,11
S01012303,Never worked,28,15,13
S01012304,All people aged 16 to 74 not in employment,238,87,151
S01012304,A B D E. Agriculture energy and water,19,14,5
S01012304,C. Manufacturing,12,2,10
S01012304,F. Construction,20,17,3
S01012304,G I. Distribution hotels and restaurants,31,7,24
S01012304,H J. Transport and communication,20,7,13
S01012304,K L M N. Financial real estate professional and administrative activities,27,11,16
S01012304,O P Q. Public administration education and health,76,18,58
S01012304,R S T U. Other,10,3,7
S01012304,Never worked,23,8,15
S01012305,All people aged 16 to 74 not in employment,204,91,113
S01012305,A B D E. Agriculture energy and water,13,8,5
S01012305,C. Manufacturing,21,14,7
S01012305,F. Construction,7,7,0
S01012305,G I. Distribution hotels and restaurants,28,12,16
S01012305,H J. Transport and communication,11,5,6
S01012305,K L M N. Financial real estate professional and administrative activities,15,6,9
S01012305,O P Q. Public administration education and health,59,12,47
S01012305,R S T U. Other,8,3,5
S01012305,Never worked,42,24,18
S01012306,All people aged 16 to 74 not in employment,144,49,95
S01012306,A B D E. Agriculture energy and water,13,9,4
S01012306,C. Manufacturing,16,10,6
S01012306,F. Construction,8,7,1
S01012306,G I. Distribution hotels and restaurants,26,7,19
S01012306,H J. Transport and communication,13,0,13
S01012306,K L M N. Financial real estate professional and administrative activities,12,2,10
S01012306,O P Q. Public administration education and health,36,7,29
S01012306,R S T U. Other,2,1,1
S01012306,Never worked,18,6,12
S01012307,All people aged 16 to 74 not in employment,167,72,95
S01012307,A B D E. Agriculture energy and water,12,8,4
S01012307,C. Manufacturing,17,9,8
S01012307,F. Construction,5,4,1
S01012307,G I. Distribution hotels and restaurants,39,20,19
S01012307,H J. Transport and communication,12,5,7
S01012307,K L M N. Financial real estate professional and administrative activities,17,6,11
S01012307,O P Q. Public administration education and health,31,3,28
S01012307,R S T U. Other,8,3,5
S01012307,Never worked,26,14,12
S01012308,All people aged 16 to 74 not in employment,189,81,108
S01012308,A B D E. Agriculture energy and water,17,10,7
S01012308,C. Manufacturing,12,7,5
S01012308,F. Construction,19,15,4
S01012308,G I. Distribution hotels and restaurants,35,12,23
S01012308,H J. Transport and communication,10,3,7
S01012308,K L M N. Financial real estate professional and administrative activities,15,7,8
S01012308,O P Q. Public administration education and health,44,10,34
S01012308,R S T U. Other,10,6,4
S01012308,Never worked,27,11,16
S01012309,All people aged 16 to 74 not in employment,144,64,80
S01012309,A B D E. Agriculture energy and water,12,11,1
S01012309,C. Manufacturing,13,6,7
S01012309,F. Construction,5,5,0
S01012309,G I. Distribution hotels and restaurants,32,16,16
S01012309,H J. Transport and communication,9,5,4
S01012309,K L M N. Financial real estate professional and administrative activities,9,4,5
S01012309,O P Q. Public administration education and health,41,12,29
S01012309,R S T U. Other,10,1,9
S01012309,Never worked,13,4,9
S01012310,All people aged 16 to 74 not in employment,242,107,135
S01012310,A B D E. Agriculture energy and water,20,17,3
S01012310,C. Manufacturing,22,13,9
S01012310,F. Construction,6,6,0
S01012310,G I. Distribution hotels and restaurants,47,19,28
S01012310,H J. Transport and communication,22,4,18
S01012310,K L M N. Financial real estate professional and administrative activities,32,17,15
S01012310,O P Q. Public administration education and health,63,15,48
S01012310,R S T U. Other,10,1,9
S01012310,Never worked,20,15,5
S01012311,All people aged 16 to 74 not in employment,188,74,114
S01012311,A B D E. Agriculture energy and water,12,9,3
S01012311,C. Manufacturing,17,7,10
S01012311,F. Construction,12,12,0
S01012311,G I. Distribution hotels and restaurants,29,10,19
S01012311,H J. Transport and communication,15,6,9
S01012311,K L M N. Financial real estate professional and administrative activities,17,4,13
S01012311,O P Q. Public administration education and health,50,15,35
S01012311,R S T U. Other,12,3,9
S01012311,Never worked,24,8,16
S01012312,All people aged 16 to 74 not in employment,279,119,160
S01012312,A B D E. Agriculture energy and water,12,11,1
S01012312,C. Manufacturing,21,13,8
S01012312,F. Construction,12,9,3
S01012312,G I. Distribution hotels and restaurants,51,30,21
S01012312,H J. Transport and communication,29,9,20
S01012312,K L M N. Financial real estate professional and administrative activities,23,9,14
S01012312,O P Q. Public administration education and health,74,16,58
S01012312,R S T U. Other,16,5,11
S01012312,Never worked,41,17,24
S01012313,All people aged 16 to 74 not in employment,202,85,117
S01012313,A B D E. Agriculture energy and water,16,9,7
S01012313,C. Manufacturing,23,14,9
S01012313,F. Construction,8,5,3
S01012313,G I. Distribution hotels and restaurants,29,14,15
S01012313,H J. Transport and communication,18,5,13
S01012313,K L M N. Financial real estate professional and administrative activities,27,12,15
S01012313,O P Q. Public administration education and health,42,11,31
S01012313,R S T U. Other,18,5,13
S01012313,Never worked,21,10,11
S01012314,All people aged 16 to 74 not in employment,227,96,131
S01012314,A B D E. Agriculture energy and water,13,9,4
S01012314,C. Manufacturing,33,15,18
S01012314,F. Construction,15,12,3
S01012314,G I. Distribution hotels and restaurants,51,22,29
S01012314,H J. Transport and communication,24,9,15
S01012314,K L M N. Financial real estate professional and administrative activities,16,5,11
S01012314,O P Q. Public administration education and health,41,8,33
S01012314,R S T U. Other,8,1,7
S01012314,Never worked,26,15,11
S01012315,All people aged 16 to 74 not in employment,228,116,112
S01012315,A B D E. Agriculture energy and water,20,17,3
S01012315,C. Manufacturing,30,22,8
S01012315,F. Construction,13,13,0
S01012315,G I. Distribution hotels and restaurants,36,16,20
S01012315,H J. Transport and communication,27,14,13
S01012315,K L M N. Financial real estate professional and administrative activities,22,8,14
S01012315,O P Q. Public administration education and health,46,12,34
S01012315,R S T U. Other,5,1,4
S01012315,Never worked,29,13,16
S01012316,All people aged 16 to 74 not in employment,193,77,116
S01012316,A B D E. Agriculture energy and water,14,13,1
S01012316,C. Manufacturing,36,14,22
S01012316,F. Construction,12,11,1
S01012316,G I. Distribution hotels and restaurants,36,10,26
S01012316,H J. Transport and communication,19,5,14
S01012316,K L M N. Financial real estate professional and administrative activities,17,10,7
S01012316,O P Q. Public administration education and health,40,8,32
S01012316,R S T U. Other,10,2,8
S01012316,Never worked,9,4,5
S01012317,All people aged 16 to 74 not in employment,128,53,75
S01012317,A B D E. Agriculture energy and water,13,9,4
S01012317,C. Manufacturing,15,7,8
S01012317,F. Construction,10,8,2
S01012317,G I. Distribution hotels and restaurants,19,6,13
S01012317,H J. Transport and communication,17,3,14
S01012317,K L M N. Financial real estate professional and administrative activities,7,2,5
S01012317,O P Q. Public administration education and health,30,11,19
S01012317,R S T U. Other,2,2,0
S01012317,Never worked,15,5,10
S01012318,All people aged 16 to 74 not in employment,224,76,148
S01012318,A B D E. Agriculture energy and water,13,10,3
S01012318,C. Manufacturing,41,16,25
S01012318,F. Construction,9,7,2
S01012318,G I. Distribution hotels and restaurants,34,12,22
S01012318,H J. Transport and communication,28,3,25
S01012318,K L M N. Financial real estate professional and administrative activities,19,6,13
S01012318,O P Q. Public administration education and health,39,6,33
S01012318,R S T U. Other,7,1,6
S01012318,Never worked,34,15,19
S01012319,All people aged 16 to 74 not in employment,164,62,102
S01012319,A B D E. Agriculture energy and water,17,8,9
S01012319,C. Manufacturing,13,6,7
S01012319,F. Construction,6,4,2
S01012319,G I. Distribution hotels and restaurants,20,6,14
S01012319,H J. Transport and communication,10,4,6
S01012319,K L M N. Financial real estate professional and administrative activities,31,10,21
S01012319,O P Q. Public administration education and health,39,9,30
S01012319,R S T U. Other,7,1,6
S01012319,Never worked,21,14,7
S01012320,All people aged 16 to 74 not in employment,167,78,89
S01012320,A B D E. Agriculture energy and water,12,10,2
S01012320,C. Manufacturing,35,16,19
S01012320,F. Construction,9,9,0
S01012320,G I. Distribution hotels and restaurants,31,12,19
S01012320,H J. Transport and communication,10,1,9
S01012320,K L M N. Financial real estate professional and administrative activities,8,3,5
S01012320,O P Q. Public administration education and health,19,4,15
S01012320,R S T U. Other,7,2,5
S01012320,Never worked,36,21,15
S01012321,All people aged 16 to 74 not in employment,230,96,134
S01012321,A B D E. Agriculture energy and water,19,17,2
S01012321,C. Manufacturing,34,17,17
S01012321,F. Construction,14,12,2
S01012321,G I. Distribution hotels and restaurants,32,11,21
S01012321,H J. Transport and communication,22,5,17
S01012321,K L M N. Financial real estate professional and administrative activities,26,9,17
S01012321,O P Q. Public administration education and health,53,12,41
S01012321,R S T U. Other,8,4,4
S01012321,Never worked,22,9,13
S01012322,All people aged 16 to 74 not in employment,263,113,150
S01012322,A B D E. Agriculture energy and water,22,15,7
S01012322,C. Manufacturing,24,13,11
S01012322,F. Construction,12,11,1
S01012322,G I. Distribution hotels and restaurants,33,17,16
S01012322,H J. Transport and communication,16,3,13
S01012322,K L M N. Financial real estate professional and administrative activities,33,13,20
S01012322,O P Q. Public administration education and health,81,21,60
S01012322,R S T U. Other,8,4,4
S01012322,Never worked,34,16,18
S01012323,All people aged 16 to 74 not in employment,270,112,158
S01012323,A B D E. Agriculture energy and water,11,10,1
S01012323,C. Manufacturing,35,16,19
S01012323,F. Construction,16,14,2
S01012323,G I. Distribution hotels and restaurants,41,17,24
S01012323,H J. Transport and communication,14,1,13
S01012323,K L M N. Financial real estate professional and administrative activities,44,14,30
S01012323,O P Q. Public administration education and health,74,21,53
S01012323,R S T U. Other,11,9,2
S01012323,Never worked,24,10,14
S01012324,All people aged 16 to 74 not in employment,223,89,134
S01012324,A B D E. Agriculture energy and water,14,7,7
S01012324,C. Manufacturing,26,19,7
S01012324,F. Construction,10,8,2
S01012324,G I. Distribution hotels and restaurants,36,13,23
S01012324,H J. Transport and communication,20,8,12
S01012324,K L M N. Financial real estate professional and administrative activities,26,9,17
S01012324,O P Q. Public administration education and health,64,18,46
S01012324,R S T U. Other,7,3,4
S01012324,Never worked,20,4,16
S01012325,All people aged 16 to 74 not in employment,225,95,130
S01012325,A B D E. Agriculture energy and water,13,7,6
S01012325,C. Manufacturing,18,8,10
S01012325,F. Construction,8,6,2
S01012325,G I. Distribution hotels and restaurants,51,26,25
S01012325,H J. Transport and communication,17,6,11
S01012325,K L M N. Financial real estate professional and administrative activities,23,11,12
S01012325,O P Q. Public administration education and health,74,18,56
S01012325,R S T U. Other,7,4,3
S01012325,Never worked,14,9,5
S01012326,All people aged 16 to 74 not in employment,181,88,93
S01012326,A B D E. Agriculture energy and water,11,6,5
S01012326,C. Manufacturing,28,17,11
S01012326,F. Construction,16,14,2
S01012326,G I. Distribution hotels and restaurants,24,12,12
S01012326,H J. Transport and communication,20,12,8
S01012326,K L M N. Financial real estate professional and administrative activities,12,5,7
S01012326,O P Q. Public administration education and health,36,9,27
S01012326,R S T U. Other,11,5,6
S01012326,Never worked,23,8,15
S01012327,All people aged 16 to 74 not in employment,211,80,131
S01012327,A B D E. Agriculture energy and water,9,6,3
S01012327,C. Manufacturing,26,15,11
S01012327,F. Construction,11,9,2
S01012327,G I. Distribution hotels and restaurants,38,18,20
S01012327,H J. Transport and communication,20,4,16
S01012327,K L M N. Financial real estate professional and administrative activities,18,7,11
S01012327,O P Q. Public administration education and health,55,9,46
S01012327,R S T U. Other,4,1,3
S01012327,Never worked,30,11,19
S01012328,All people aged 16 to 74 not in employment,195,87,108
S01012328,A B D E. Agriculture energy and water,10,8,2
S01012328,C. Manufacturing,18,10,8
S01012328,F. Construction,10,9,1
S01012328,G I. Distribution hotels and restaurants,32,16,16
S01012328,H J. Transport and communication,10,3,7
S01012328,K L M N. Financial real estate professional and administrative activities,31,16,15
S01012328,O P Q. Public administration education and health,65,18,47
S01012328,R S T U. Other,9,2,7
S01012328,Never worked,10,5,5
S01012329,All people aged 16 to 74 not in employment,230,90,140
S01012329,A B D E. Agriculture energy and water,11,5,6
S01012329,C. Manufacturing,17,9,8
S01012329,F. Construction,16,15,1
S01012329,G I. Distribution hotels and restaurants,30,12,18
S01012329,H J. Transport and communication,20,5,15
S01012329,K L M N. Financial real estate professional and administrative activities,30,15,15
S01012329,O P Q. Public administration education and health,78,16,62
S01012329,R S T U. Other,8,4,4
S01012329,Never worked,20,9,11
S01012330,All people aged 16 to 74 not in employment,161,70,91
S01012330,A B D E. Agriculture energy and water,10,6,4
S01012330,C. Manufacturing,8,3,5
S01012330,F. Construction,11,11,0
S01012330,G I. Distribution hotels and restaurants,25,9,16
S01012330,H J. Transport and communication,14,5,9
S01012330,K L M N. Financial real estate professional and administrative activities,18,9,9
S01012330,O P Q. Public administration education and health,48,16,32
S01012330,R S T U. Other,5,1,4
S01012330,Never worked,22,10,12
S01012331,All people aged 16 to 74 not in employment,105,42,63
S01012331,A B D E. Agriculture energy and water,3,3,0
S01012331,C. Manufacturing,16,7,9
S01012331,F. Construction,4,3,1
S01012331,G I. Distribution hotels and restaurants,12,5,7
S01012331,H J. Transport and communication,9,3,6
S01012331,K L M N. Financial real estate professional and administrative activities,11,3,8
S01012331,O P Q. Public administration education and health,35,11,24
S01012331,R S T U. Other,5,2,3
S01012331,Never worked,10,5,5
S01012332,All people aged 16 to 74 not in employment,216,85,131
S01012332,A B D E. Agriculture energy and water,9,6,3
S01012332,C. Manufacturing,17,8,9
S01012332,F. Construction,11,10,1
S01012332,G I. Distribution hotels and restaurants,29,13,16
S01012332,H J. Transport and communication,24,9,15
S01012332,K L M N. Financial real estate professional and administrative activities,29,13,16
S01012332,O P Q. Public administration education and health,56,15,41
S01012332,R S T U. Other,13,3,10
S01012332,Never worked,28,8,20
S01012333,All people aged 16 to 74 not in employment,250,109,141
S01012333,A B D E. Agriculture energy and water,22,15,7
S01012333,C. Manufacturing,26,13,13
S01012333,F. Construction,11,10,1
S01012333,G I. Distribution hotels and restaurants,48,21,27
S01012333,H J. Transport and communication,17,8,9
S01012333,K L M N. Financial real estate professional and administrative activities,35,11,24
S01012333,O P Q. Public administration education and health,56,16,40
S01012333,R S T U. Other,10,4,6
S01012333,Never worked,25,11,14
S01012334,All people aged 16 to 74 not in employment,220,83,137
S01012334,A B D E. Agriculture energy and water,14,8,6
S01012334,C. Manufacturing,34,16,18
S01012334,F. Construction,20,18,2
S01012334,G I. Distribution hotels and restaurants,42,14,28
S01012334,H J. Transport and communication,15,3,12
S01012334,K L M N. Financial real estate professional and administrative activities,17,5,12
S01012334,O P Q. Public administration education and health,49,7,42
S01012334,R S T U. Other,8,5,3
S01012334,Never worked,21,7,14
S01012335,All people aged 16 to 74 not in employment,181,75,106
S01012335,A B D E. Agriculture energy and water,10,6,4
S01012335,C. Manufacturing,26,14,12
S01012335,F. Construction,9,9,0
S01012335,G I. Distribution hotels and restaurants,32,12,20
S01012335,H J. Transport and communication,16,6,10
S01012335,K L M N. Financial real estate professional and administrative activities,18,6,12
S01012335,O P Q. Public administration education and health,38,7,31
S01012335,R S T U. Other,4,2,2
S01012335,Never worked,28,13,15
S01012336,All people aged 16 to 74 not in employment,140,55,85
S01012336,A B D E. Agriculture energy and water,4,3,1
S01012336,C. Manufacturing,28,15,13
S01012336,F. Construction,14,12,2
S01012336,G I. Distribution hotels and restaurants,23,10,13
S01012336,H J. Transport and communication,9,1,8
S01012336,K L M N. Financial real estate professional and administrative activities,13,3,10
S01012336,O P Q. Public administration education and health,26,2,24
S01012336,R S T U. Other,7,1,6
S01012336,Never worked,16,8,8
S01012337,All people aged 16 to 74 not in employment,242,106,136
S01012337,A B D E. Agriculture energy and water,13,11,2
S01012337,C. Manufacturing,36,19,17
S01012337,F. Construction,14,14,0
S01012337,G I. Distribution hotels and restaurants,44,19,25
S01012337,H J. Transport and communication,17,7,10
S01012337,K L M N. Financial real estate professional and administrative activities,24,5,19
S01012337,O P Q. Public administration education and health,49,10,39
S01012337,R S T U. Other,10,4,6
S01012337,Never worked,35,17,18
S01012338,All people aged 16 to 74 not in employment,181,71,110
S01012338,A B D E. Agriculture energy and water,11,5,6
S01012338,C. Manufacturing,20,9,11
S01012338,F. Construction,10,7,3
S01012338,G I. Distribution hotels and restaurants,40,21,19
S01012338,H J. Transport and communication,18,5,13
S01012338,K L M N. Financial real estate professional and administrative activities,13,3,10
S01012338,O P Q. Public administration education and health,41,7,34
S01012338,R S T U. Other,5,2,3
S01012338,Never worked,23,12,11
S01012339,All people aged 16 to 74 not in employment,163,63,100
S01012339,A B D E. Agriculture energy and water,10,8,2
S01012339,C. Manufacturing,12,9,3
S01012339,F. Construction,12,10,2
S01012339,G I. Distribution hotels and restaurants,31,11,20
S01012339,H J. Transport and communication,17,6,11
S01012339,K L M N. Financial real estate professional and administrative activities,13,6,7
S01012339,O P Q. Public administration education and health,44,8,36
S01012339,R S T U. Other,9,2,7
S01012339,Never worked,15,3,12
S01012340,All people aged 16 to 74 not in employment,245,94,151
S01012340,A B D E. Agriculture energy and water,17,10,7
S01012340,C. Manufacturing,24,12,12
S01012340,F. Construction,8,6,2
S01012340,G I. Distribution hotels and restaurants,30,7,23
S01012340,H J. Transport and communication,20,4,16
S01012340,K L M N. Financial real estate professional and administrative activities,29,10,19
S01012340,O P Q. Public administration education and health,75,18,57
S01012340,R S T U. Other,10,5,5
S01012340,Never worked,32,22,10
S01012341,All people aged 16 to 74 not in employment,197,95,102
S01012341,A B D E. Agriculture energy and water,13,11,2
S01012341,C. Manufacturing,18,9,9
S01012341,F. Construction,11,9,2
S01012341,G I. Distribution hotels and restaurants,31,14,17
S01012341,H J. Transport and communication,18,3,15
S01012341,K L M N. Financial real estate professional and administrative activities,22,13,9
S01012341,O P Q. Public administration education and health,49,17,32
S01012341,R S T U. Other,10,5,5
S01012341,Never worked,25,14,11
S01012342,All people aged 16 to 74 not in employment,217,90,127
S01012342,A B D E. Agriculture energy and water,16,13,3
S01012342,C. Manufacturing,26,13,13
S01012342,F. Construction,8,6,2
S01012342,G I. Distribution hotels and restaurants,37,12,25
S01012342,H J. Transport and communication,16,5,11
S01012342,K L M N. Financial real estate professional and administrative activities,28,12,16
S01012342,O P Q. Public administration education and health,57,20,37
S01012342,R S T U. Other,10,2,8
S01012342,Never worked,19,7,12
S01012343,All people aged 16 to 74 not in employment,250,94,156
S01012343,A B D E. Agriculture energy and water,11,6,5
S01012343,C. Manufacturing,27,15,12
S01012343,F. Construction,10,8,2
S01012343,G I. Distribution hotels and restaurants,38,14,24
S01012343,H J. Transport and communication,17,6,11
S01012343,K L M N. Financial real estate professional and administrative activities,27,11,16
S01012343,O P Q. Public administration education and health,79,19,60
S01012343,R S T U. Other,14,5,9
S01012343,Never worked,27,10,17
S01012344,All people aged 16 to 74 not in employment,154,71,83
S01012344,A B D E. Agriculture energy and water,9,7,2
S01012344,C. Manufacturing,15,9,6
S01012344,F. Construction,11,11,0
S01012344,G I. Distribution hotels and restaurants,34,15,19
S01012344,H J. Transport and communication,15,3,12
S01012344,K L M N. Financial real estate professional and administrative activities,16,8,8
S01012344,O P Q. Public administration education and health,30,8,22
S01012344,R S T U. Other,7,3,4
S01012344,Never worked,17,7,10
S01012345,All people aged 16 to 74 not in employment,161,74,87
S01012345,A B D E. Agriculture energy and water,15,10,5
S01012345,C. Manufacturing,14,5,9
S01012345,F. Construction,10,8,2
S01012345,G I. Distribution hotels and restaurants,28,14,14
S01012345,H J. Transport and communication,16,4,12
S01012345,K L M N. Financial real estate professional and administrative activities,19,13,6
S01012345,O P Q. Public administration education and health,32,7,25
S01012345,R S T U. Other,7,3,4
S01012345,Never worked,20,10,10
S01012346,All people aged 16 to 74 not in employment,206,84,122
S01012346,A B D E. Agriculture energy and water,9,8,1
S01012346,C. Manufacturing,16,9,7
S01012346,F. Construction,6,3,3
S01012346,G I. Distribution hotels and restaurants,26,10,16
S01012346,H J. Transport and communication,12,4,8
S01012346,K L M N. Financial real estate professional and administrative activities,30,18,12
S01012346,O P Q. Public administration education and health,71,17,54
S01012346,R S T U. Other,11,3,8
S01012346,Never worked,25,12,13
S01012347,All people aged 16 to 74 not in employment,193,73,120
S01012347,A B D E. Agriculture energy and water,4,3,1
S01012347,C. Manufacturing,19,7,12
S01012347,F. Construction,17,12,5
S01012347,G I. Distribution hotels and restaurants,41,11,30
S01012347,H J. Transport and communication,14,5,9
S01012347,K L M N. Financial real estate professional and administrative activities,24,11,13
S01012347,O P Q. Public administration education and health,49,12,37
S01012347,R S T U. Other,9,3,6
S01012347,Never worked,16,9,7
S01012348,All people aged 16 to 74 not in employment,192,87,105
S01012348,A B D E. Agriculture energy and water,6,5,1
S01012348,C. Manufacturing,10,7,3
S01012348,F. Construction,15,13,2
S01012348,G I. Distribution hotels and restaurants,31,12,19
S01012348,H J. Transport and communication,11,1,10
S01012348,K L M N. Financial real estate professional and administrative activities,15,8,7
S01012348,O P Q. Public administration education and health,64,23,41
S01012348,R S T U. Other,17,4,13
S01012348,Never worked,23,14,9
S01012349,All people aged 16 to 74 not in employment,249,95,154
S01012349,A B D E. Agriculture energy and water,16,8,8
S01012349,C. Manufacturing,70,33,37
S01012349,F. Construction,10,8,2
S01012349,G I. Distribution hotels and restaurants,40,15,25
S01012349,H J. Transport and communication,20,4,16
S01012349,K L M N. Financial real estate professional and administrative activities,17,7,10
S01012349,O P Q. Public administration education and health,35,6,29
S01012349,R S T U. Other,8,4,4
S01012349,Never worked,33,10,23
S01012350,All people aged 16 to 74 not in employment,221,92,129
S01012350,A B D E. Agriculture energy and water,10,6,4
S01012350,C. Manufacturing,39,19,20
S01012350,F. Construction,10,6,4
S01012350,G I. Distribution hotels and restaurants,35,14,21
S01012350,H J. Transport and communication,19,6,13
S01012350,K L M N. Financial real estate professional and administrative activities,18,9,9
S01012350,O P Q. Public administration education and health,50,11,39
S01012350,R S T U. Other,14,8,6
S01012350,Never worked,26,13,13
S01012351,All people aged 16 to 74 not in employment,207,85,122
S01012351,A B D E. Agriculture energy and water,11,5,6
S01012351,C. Manufacturing,47,17,30
S01012351,F. Construction,11,11,0
S01012351,G I. Distribution hotels and restaurants,46,14,32
S01012351,H J. Transport and communication,13,4,9
S01012351,K L M N. Financial real estate professional and administrative activities,15,8,7
S01012351,O P Q. Public administration education and health,31,8,23
S01012351,R S T U. Other,2,2,0
S01012351,Never worked,31,16,15
S01012352,All people aged 16 to 74 not in employment,205,93,112
S01012352,A B D E. Agriculture energy and water,12,7,5
S01012352,C. Manufacturing,31,12,19
S01012352,F. Construction,21,19,2
S01012352,G I. Distribution hotels and restaurants,45,25,20
S01012352,H J. Transport and communication,9,2,7
S01012352,K L M N. Financial real estate professional and administrative activities,14,3,11
S01012352,O P Q. Public administration education and health,43,16,27
S01012352,R S T U. Other,5,1,4
S01012352,Never worked,25,8,17
S01012353,All people aged 16 to 74 not in employment,195,90,105
S01012353,A B D E. Agriculture energy and water,11,9,2
S01012353,C. Manufacturing,28,21,7
S01012353,F. Construction,18,16,2
S01012353,G I. Distribution hotels and restaurants,31,13,18
S01012353,H J. Transport and communication,27,12,15
S01012353,K L M N. Financial real estate professional and administrative activities,12,4,8
S01012353,O P Q. Public administration education and health,39,5,34
S01012353,R S T U. Other,5,1,4
S01012353,Never worked,24,9,15
S01012354,All people aged 16 to 74 not in employment,210,99,111
S01012354,A B D E. Agriculture energy and water,13,11,2
S01012354,C. Manufacturing,30,11,19
S01012354,F. Construction,13,12,1
S01012354,G I. Distribution hotels and restaurants,35,17,18
S01012354,H J. Transport and communication,15,4,11
S01012354,K L M N. Financial real estate professional and administrative activities,20,13,7
S01012354,O P Q. Public administration education and health,56,22,34
S01012354,R S T U. Other,6,2,4
S01012354,Never worked,22,7,15
S01012355,All people aged 16 to 74 not in employment,227,100,127
S01012355,A B D E. Agriculture energy and water,13,10,3
S01012355,C. Manufacturing,21,10,11
S01012355,F. Construction,17,15,2
S01012355,G I. Distribution hotels and restaurants,27,13,14
S01012355,H J. Transport and communication,14,6,8
S01012355,K L M N. Financial real estate professional and administrative activities,20,12,8
S01012355,O P Q. Public administration education and health,71,19,52
S01012355,R S T U. Other,11,3,8
S01012355,Never worked,33,12,21
S01012356,All people aged 16 to 74 not in employment,182,81,101
S01012356,A B D E. Agriculture energy and water,7,6,1
S01012356,C. Manufacturing,36,16,20
S01012356,F. Construction,5,5,0
S01012356,G I. Distribution hotels and restaurants,33,16,17
S01012356,H J. Transport and communication,10,3,7
S01012356,K L M N. Financial real estate professional and administrative activities,10,7,3
S01012356,O P Q. Public administration education and health,54,12,42
S01012356,R S T U. Other,7,3,4
S01012356,Never worked,20,13,7
S01012357,All people aged 16 to 74 not in employment,215,100,115
S01012357,A B D E. Agriculture energy and water,22,13,9
S01012357,C. Manufacturing,26,17,9
S01012357,F. Construction,10,7,3
S01012357,G I. Distribution hotels and restaurants,38,20,18
S01012357,H J. Transport and communication,11,4,7
S01012357,K L M N. Financial real estate professional and administrative activities,22,10,12
S01012357,O P Q. Public administration education and health,59,17,42
S01012357,R S T U. Other,5,2,3
S01012357,Never worked,22,10,12
S01012358,All people aged 16 to 74 not in employment,220,95,125
S01012358,A B D E. Agriculture energy and water,18,12,6
S01012358,C. Manufacturing,23,10,13
S01012358,F. Construction,8,8,0
S01012358,G I. Distribution hotels and restaurants,34,17,17
S01012358,H J. Transport and communication,13,4,9
S01012358,K L M N. Financial real estate professional and administrative activities,28,15,13
S01012358,O P Q. Public administration education and health,49,14,35
S01012358,R S T U. Other,12,3,9
S01012358,Never worked,35,12,23
S01012359,All people aged 16 to 74 not in employment,257,114,143
S01012359,A B D E. Agriculture energy and water,17,9,8
S01012359,C. Manufacturing,65,30,35
S01012359,F. Construction,17,16,1
S01012359,G I. Distribution hotels and restaurants,52,25,27
S01012359,H J. Transport and communication,13,0,13
S01012359,K L M N. Financial real estate professional and administrative activities,16,11,5
S01012359,O P Q. Public administration education and health,35,9,26
S01012359,R S T U. Other,3,0,3
S01012359,Never worked,39,14,25
S01012360,All people aged 16 to 74 not in employment,245,106,139
S01012360,A B D E. Agriculture energy and water,8,7,1
S01012360,C. Manufacturing,47,23,24
S01012360,F. Construction,9,9,0
S01012360,G I. Distribution hotels and restaurants,43,18,25
S01012360,H J. Transport and communication,12,3,9
S01012360,K L M N. Financial real estate professional and administrative activities,10,5,5
S01012360,O P Q. Public administration education and health,40,11,29
S01012360,R S T U. Other,14,1,13
S01012360,Never worked,62,29,33
S01012361,All people aged 16 to 74 not in employment,210,86,124
S01012361,A B D E. Agriculture energy and water,11,3,8
S01012361,C. Manufacturing,39,14,25
S01012361,F. Construction,21,20,1
S01012361,G I. Distribution hotels and restaurants,40,16,24
S01012361,H J. Transport and communication,14,2,12
S01012361,K L M N. Financial real estate professional and administrative activities,18,11,7
S01012361,O P Q. Public administration education and health,30,10,20
S01012361,R S T U. Other,6,2,4
S01012361,Never worked,31,8,23
S01012362,All people aged 16 to 74 not in employment,248,106,142
S01012362,A B D E. Agriculture energy and water,14,10,4
S01012362,C. Manufacturing,44,20,24
S01012362,F. Construction,12,11,1
S01012362,G I. Distribution hotels and restaurants,40,17,23
S01012362,H J. Transport and communication,17,3,14
S01012362,K L M N. Financial real estate professional and administrative activities,21,10,11
S01012362,O P Q. Public administration education and health,36,7,29
S01012362,R S T U. Other,5,1,4
S01012362,Never worked,59,27,32
S01012363,All people aged 16 to 74 not in employment,329,146,183
S01012363,A B D E. Agriculture energy and water,20,9,11
S01012363,C. Manufacturing,68,35,33
S01012363,F. Construction,19,16,3
S01012363,G I. Distribution hotels and restaurants,57,31,26
S01012363,H J. Transport and communication,21,10,11
S01012363,K L M N. Financial real estate professional and administrative activities,22,12,10
S01012363,O P Q. Public administration education and health,56,13,43
S01012363,R S T U. Other,12,1,11
S01012363,Never worked,54,19,35
S01012364,All people aged 16 to 74 not in employment,192,94,98
S01012364,A B D E. Agriculture energy and water,11,8,3
S01012364,C. Manufacturing,59,28,31
S01012364,F. Construction,17,11,6
S01012364,G I. Distribution hotels and restaurants,32,15,17
S01012364,H J. Transport and communication,7,1,6
S01012364,K L M N. Financial real estate professional and administrative activities,9,6,3
S01012364,O P Q. Public administration education and health,34,12,22
S01012364,R S T U. Other,7,4,3
S01012364,Never worked,16,9,7
S01012365,All people aged 16 to 74 not in employment,204,92,112
S01012365,A B D E. Agriculture energy and water,15,3,12
S01012365,C. Manufacturing,67,27,40
S01012365,F. Construction,8,6,2
S01012365,G I. Distribution hotels and restaurants,26,10,16
S01012365,H J. Transport and communication,7,4,3
S01012365,K L M N. Financial real estate professional and administrative activities,11,6,5
S01012365,O P Q. Public administration education and health,41,18,23
S01012365,R S T U. Other,4,2,2
S01012365,Never worked,25,16,9
S01012366,All people aged 16 to 74 not in employment,238,115,123
S01012366,A B D E. Agriculture energy and water,18,11,7
S01012366,C. Manufacturing,72,34,38
S01012366,F. Construction,15,13,2
S01012366,G I. Distribution hotels and restaurants,36,18,18
S01012366,H J. Transport and communication,12,5,7
S01012366,K L M N. Financial real estate professional and administrative activities,15,9,6
S01012366,O P Q. Public administration education and health,34,9,25
S01012366,R S T U. Other,8,3,5
S01012366,Never worked,28,13,15
S01012367,All people aged 16 to 74 not in employment,243,102,141
S01012367,A B D E. Agriculture energy and water,14,8,6
S01012367,C. Manufacturing,75,34,41
S01012367,F. Construction,15,14,1
S01012367,G I. Distribution hotels and restaurants,41,17,24
S01012367,H J. Transport and communication,9,2,7
S01012367,K L M N. Financial real estate professional and administrative activities,14,4,10
S01012367,O P Q. Public administration education and health,48,10,38
S01012367,R S T U. Other,4,2,2
S01012367,Never worked,23,11,12
S01012368,All people aged 16 to 74 not in employment,173,86,87
S01012368,A B D E. Agriculture energy and water,3,2,1
S01012368,C. Manufacturing,41,23,18
S01012368,F. Construction,10,9,1
S01012368,G I. Distribution hotels and restaurants,26,13,13
S01012368,H J. Transport and communication,11,5,6
S01012368,K L M N. Financial real estate professional and administrative activities,15,6,9
S01012368,O P Q. Public administration education and health,53,20,33
S01012368,R S T U. Other,5,3,2
S01012368,Never worked,9,5,4
S01012369,All people aged 16 to 74 not in employment,241,103,138
S01012369,A B D E. Agriculture energy and water,18,13,5
S01012369,C. Manufacturing,70,31,39
S01012369,F. Construction,13,12,1
S01012369,G I. Distribution hotels and restaurants,31,14,17
S01012369,H J. Transport and communication,14,4,10
S01012369,K L M N. Financial real estate professional and administrative activities,15,7,8
S01012369,O P Q. Public administration education and health,45,10,35
S01012369,R S T U. Other,4,2,2
S01012369,Never worked,31,10,21
S01012370,All people aged 16 to 74 not in employment,266,113,153
S01012370,A B D E. Agriculture energy and water,14,10,4
S01012370,C. Manufacturing,80,35,45
S01012370,F. Construction,24,21,3
S01012370,G I. Distribution hotels and restaurants,28,12,16
S01012370,H J. Transport and communication,12,2,10
S01012370,K L M N. Financial real estate professional and administrative activities,20,9,11
S01012370,O P Q. Public administration education and health,56,12,44
S01012370,R S T U. Other,8,3,5
S01012370,Never worked,24,9,15
S01012371,All people aged 16 to 74 not in employment,262,116,146
S01012371,A B D E. Agriculture energy and water,9,8,1
S01012371,C. Manufacturing,80,33,47
S01012371,F. Construction,13,12,1
S01012371,G I. Distribution hotels and restaurants,37,18,19
S01012371,H J. Transport and communication,17,6,11
S01012371,K L M N. Financial real estate professional and administrative activities,20,9,11
S01012371,O P Q. Public administration education and health,36,5,31
S01012371,R S T U. Other,18,8,10
S01012371,Never worked,32,17,15
S01012372,All people aged 16 to 74 not in employment,208,98,110
S01012372,A B D E. Agriculture energy and water,12,5,7
S01012372,C. Manufacturing,71,36,35
S01012372,F. Construction,14,12,2
S01012372,G I. Distribution hotels and restaurants,18,10,8
S01012372,H J. Transport and communication,14,4,10
S01012372,K L M N. Financial real estate professional and administrative activities,10,7,3
S01012372,O P Q. Public administration education and health,30,10,20
S01012372,R S T U. Other,6,0,6
S01012372,Never worked,33,14,19
S01012373,All people aged 16 to 74 not in employment,286,121,165
S01012373,A B D E. Agriculture energy and water,16,10,6
S01012373,C. Manufacturing,60,23,37
S01012373,F. Construction,10,9,1
S01012373,G I. Distribution hotels and restaurants,45,17,28
S01012373,H J. Transport and communication,17,3,14
S01012373,K L M N. Financial real estate professional and administrative activities,24,11,13
S01012373,O P Q. Public administration education and health,55,19,36
S01012373,R S T U. Other,10,7,3
S01012373,Never worked,49,22,27
S01012374,All people aged 16 to 74 not in employment,193,74,119
S01012374,A B D E. Agriculture energy and water,5,4,1
S01012374,C. Manufacturing,47,17,30
S01012374,F. Construction,12,11,1
S01012374,G I. Distribution hotels and restaurants,25,14,11
S01012374,H J. Transport and communication,9,4,5
S01012374,K L M N. Financial real estate professional and administrative activities,13,4,9
S01012374,O P Q. Public administration education and health,47,7,40
S01012374,R S T U. Other,7,2,5
S01012374,Never worked,28,11,17
S01012375,All people aged 16 to 74 not in employment,234,96,138
S01012375,A B D E. Agriculture energy and water,8,4,4
S01012375,C. Manufacturing,71,25,46
S01012375,F. Construction,17,15,2
S01012375,G I. Distribution hotels and restaurants,26,10,16
S01012375,H J. Transport and communication,15,3,12
S01012375,K L M N. Financial real estate professional and administrative activities,15,8,7
S01012375,O P Q. Public administration education and health,38,10,28
S01012375,R S T U. Other,7,1,6
S01012375,Never worked,37,20,17
S01012376,All people aged 16 to 74 not in employment,232,112,120
S01012376,A B D E. Agriculture energy and water,20,15,5
S01012376,C. Manufacturing,24,15,9
S01012376,F. Construction,10,9,1
S01012376,G I. Distribution hotels and restaurants,23,11,12
S01012376,H J. Transport and communication,14,6,8
S01012376,K L M N. Financial real estate professional and administrative activities,23,12,11
S01012376,O P Q. Public administration education and health,82,30,52
S01012376,R S T U. Other,14,5,9
S01012376,Never worked,22,9,13
S01012377,All people aged 16 to 74 not in employment,176,72,104
S01012377,A B D E. Agriculture energy and water,7,5,2
S01012377,C. Manufacturing,15,8,7
S01012377,F. Construction,5,4,1
S01012377,G I. Distribution hotels and restaurants,21,11,10
S01012377,H J. Transport and communication,8,3,5
S01012377,K L M N. Financial real estate professional and administrative activities,29,12,17
S01012377,O P Q. Public administration education and health,66,20,46
S01012377,R S T U. Other,5,1,4
S01012377,Never worked,20,8,12
S01012378,All people aged 16 to 74 not in employment,161,65,96
S01012378,A B D E. Agriculture energy and water,9,5,4
S01012378,C. Manufacturing,11,7,4
S01012378,F. Construction,7,7,0
S01012378,G I. Distribution hotels and restaurants,11,3,8
S01012378,H J. Transport and communication,14,5,9
S01012378,K L M N. Financial real estate professional and administrative activities,15,7,8
S01012378,O P Q. Public administration education and health,57,17,40
S01012378,R S T U. Other,10,3,7
S01012378,Never worked,27,11,16
S01012379,All people aged 16 to 74 not in employment,157,74,83
S01012379,A B D E. Agriculture energy and water,8,8,0
S01012379,C. Manufacturing,10,6,4
S01012379,F. Construction,7,5,2
S01012379,G I. Distribution hotels and restaurants,20,9,11
S01012379,H J. Transport and communication,14,4,10
S01012379,K L M N. Financial real estate professional and administrative activities,19,10,9
S01012379,O P Q. Public administration education and health,55,21,34
S01012379,R S T U. Other,3,0,3
S01012379,Never worked,21,11,10
S01012380,All people aged 16 to 74 not in employment,220,99,121
S01012380,A B D E. Agriculture energy and water,8,5,3
S01012380,C. Manufacturing,39,23,16
S01012380,F. Construction,15,13,2
S01012380,G I. Distribution hotels and restaurants,37,18,19
S01012380,H J. Transport and communication,11,2,9
S01012380,K L M N. Financial real estate professional and administrative activities,13,8,5
S01012380,O P Q. Public administration education and health,50,11,39
S01012380,R S T U. Other,13,1,12
S01012380,Never worked,34,18,16
S01012381,All people aged 16 to 74 not in employment,225,100,125
S01012381,A B D E. Agriculture energy and water,4,4,0
S01012381,C. Manufacturing,43,23,20
S01012381,F. Construction,16,15,1
S01012381,G I. Distribution hotels and restaurants,40,18,22
S01012381,H J. Transport and communication,18,7,11
S01012381,K L M N. Financial real estate professional and administrative activities,20,9,11
S01012381,O P Q. Public administration education and health,52,11,41
S01012381,R S T U. Other,9,2,7
S01012381,Never worked,23,11,12
S01012382,All people aged 16 to 74 not in employment,222,100,122
S01012382,A B D E. Agriculture energy and water,2,1,1
S01012382,C. Manufacturing,31,13,18
S01012382,F. Construction,10,8,2
S01012382,G I. Distribution hotels and restaurants,44,16,28
S01012382,H J. Transport and communication,20,11,9
S01012382,K L M N. Financial real estate professional and administrative activities,20,11,9
S01012382,O P Q. Public administration education and health,66,23,43
S01012382,R S T U. Other,8,3,5
S01012382,Never worked,21,14,7
S01012383,All people aged 16 to 74 not in employment,211,88,123
S01012383,A B D E. Agriculture energy and water,7,5,2
S01012383,C. Manufacturing,48,19,29
S01012383,F. Construction,14,12,2
S01012383,G I. Distribution hotels and restaurants,32,13,19
S01012383,H J. Transport and communication,7,3,4
S01012383,K L M N. Financial real estate professional and administrative activities,17,10,7
S01012383,O P Q. Public administration education and health,58,13,45
S01012383,R S T U. Other,7,1,6
S01012383,Never worked,21,12,9
S01012384,All people aged 16 to 74 not in employment,132,49,83
S01012384,A B D E. Agriculture energy and water,3,2,1
S01012384,C. Manufacturing,27,13,14
S01012384,F. Construction,7,5,2
S01012384,G I. Distribution hotels and restaurants,18,7,11
S01012384,H J. Transport and communication,11,4,7
S01012384,K L M N. Financial real estate professional and administrative activities,10,4,6
S01012384,O P Q. Public administration education and health,39,9,30
S01012384,R S T U. Other,7,2,5
S01012384,Never worked,10,3,7
S01012385,All people aged 16 to 74 not in employment,157,73,84
S01012385,A B D E. Agriculture energy and water,4,3,1
S01012385,C. Manufacturing,23,14,9
S01012385,F. Construction,14,12,2
S01012385,G I. Distribution hotels and restaurants,26,13,13
S01012385,H J. Transport and communication,4,0,4
S01012385,K L M N. Financial real estate professional and administrative activities,21,10,11
S01012385,O P Q. Public administration education and health,33,6,27
S01012385,R S T U. Other,10,4,6
S01012385,Never worked,22,11,11
S01012386,All people aged 16 to 74 not in employment,282,135,147
S01012386,A B D E. Agriculture energy and water,9,8,1
S01012386,C. Manufacturing,48,25,23
S01012386,F. Construction,19,19,0
S01012386,G I. Distribution hotels and restaurants,46,18,28
S01012386,H J. Transport and communication,14,6,8
S01012386,K L M N. Financial real estate professional and administrative activities,31,15,16
S01012386,O P Q. Public administration education and health,44,12,32
S01012386,R S T U. Other,14,5,9
S01012386,Never worked,57,27,30
S01012387,All people aged 16 to 74 not in employment,165,66,99
S01012387,A B D E. Agriculture energy and water,7,3,4
S01012387,C. Manufacturing,10,7,3
S01012387,F. Construction,5,4,1
S01012387,G I. Distribution hotels and restaurants,43,26,17
S01012387,H J. Transport and communication,13,3,10
S01012387,K L M N. Financial real estate professional and administrative activities,17,7,10
S01012387,O P Q. Public administration education and health,49,8,41
S01012387,R S T U. Other,5,2,3
S01012387,Never worked,16,6,10
S01012388,All people aged 16 to 74 not in employment,109,45,64
S01012388,A B D E. Agriculture energy and water,6,6,0
S01012388,C. Manufacturing,7,2,5
S01012388,F. Construction,8,8,0
S01012388,G I. Distribution hotels and restaurants,20,10,10
S01012388,H J. Transport and communication,10,3,7
S01012388,K L M N. Financial real estate professional and administrative activities,8,4,4
S01012388,O P Q. Public administration education and health,32,4,28
S01012388,R S T U. Other,6,4,2
S01012388,Never worked,12,4,8
S01012389,All people aged 16 to 74 not in employment,143,71,72
S01012389,A B D E. Agriculture energy and water,5,4,1
S01012389,C. Manufacturing,12,8,4
S01012389,F. Construction,12,11,1
S01012389,G I. Distribution hotels and restaurants,27,17,10
S01012389,H J. Transport and communication,14,5,9
S01012389,K L M N. Financial real estate professional and administrative activities,11,4,7
S01012389,O P Q. Public administration education and health,34,7,27
S01012389,R S T U. Other,4,1,3
S01012389,Never worked,24,14,10
S01012390,All people aged 16 to 74 not in employment,138,63,75
S01012390,A B D E. Agriculture energy and water,7,5,2
S01012390,C. Manufacturing,10,5,5
S01012390,F. Construction,5,5,0
S01012390,G I. Distribution hotels and restaurants,38,20,18
S01012390,H J. Transport and communication,9,1,8
S01012390,K L M N. Financial real estate professional and administrative activities,12,6,6
S01012390,O P Q. Public administration education and health,39,10,29
S01012390,R S T U. Other,8,3,5
S01012390,Never worked,10,8,2
S01012391,All people aged 16 to 74 not in employment,157,69,88
S01012391,A B D E. Agriculture energy and water,9,9,0
S01012391,C. Manufacturing,14,9,5
S01012391,F. Construction,8,8,0
S01012391,G I. Distribution hotels and restaurants,34,17,17
S01012391,H J. Transport and communication,9,4,5
S01012391,K L M N. Financial real estate professional and administrative activities,16,6,10
S01012391,O P Q. Public administration education and health,38,4,34
S01012391,R S T U. Other,7,2,5
S01012391,Never worked,22,10,12
S01012392,All people aged 16 to 74 not in employment,137,60,77
S01012392,A B D E. Agriculture energy and water,7,3,4
S01012392,C. Manufacturing,11,9,2
S01012392,F. Construction,9,7,2
S01012392,G I. Distribution hotels and restaurants,33,15,18
S01012392,H J. Transport and communication,9,5,4
S01012392,K L M N. Financial real estate professional and administrative activities,6,3,3
S01012392,O P Q. Public administration education and health,35,6,29
S01012392,R S T U. Other,7,1,6
S01012392,Never worked,20,11,9
S01012393,All people aged 16 to 74 not in employment,154,69,85
S01012393,A B D E. Agriculture energy and water,9,9,0
S01012393,C. Manufacturing,15,12,3
S01012393,F. Construction,3,2,1
S01012393,G I. Distribution hotels and restaurants,43,24,19
S01012393,H J. Transport and communication,7,2,5
S01012393,K L M N. Financial real estate professional and administrative activities,8,3,5
S01012393,O P Q. Public administration education and health,46,8,38
S01012393,R S T U. Other,6,1,5
S01012393,Never worked,17,8,9
S01012394,All people aged 16 to 74 not in employment,133,54,79
S01012394,A B D E. Agriculture energy and water,5,5,0
S01012394,C. Manufacturing,8,4,4
S01012394,F. Construction,9,8,1
S01012394,G I. Distribution hotels and restaurants,32,11,21
S01012394,H J. Transport and communication,14,1,13
S01012394,K L M N. Financial real estate professional and administrative activities,10,4,6
S01012394,O P Q. Public administration education and health,29,8,21
S01012394,R S T U. Other,6,2,4
S01012394,Never worked,20,11,9
S01012395,All people aged 16 to 74 not in employment,96,42,54
S01012395,A B D E. Agriculture energy and water,3,3,0
S01012395,C. Manufacturing,12,8,4
S01012395,F. Construction,6,6,0
S01012395,G I. Distribution hotels and restaurants,21,8,13
S01012395,H J. Transport and communication,7,3,4
S01012395,K L M N. Financial real estate professional and administrative activities,7,4,3
S01012395,O P Q. Public administration education and health,27,4,23
S01012395,R S T U. Other,4,1,3
S01012395,Never worked,9,5,4
S01012396,All people aged 16 to 74 not in employment,130,66,64
S01012396,A B D E. Agriculture energy and water,7,7,0
S01012396,C. Manufacturing,12,7,5
S01012396,F. Construction,8,7,1
S01012396,G I. Distribution hotels and restaurants,30,14,16
S01012396,H J. Transport and communication,7,3,4
S01012396,K L M N. Financial real estate professional and administrative activities,9,6,3
S01012396,O P Q. Public administration education and health,32,9,23
S01012396,R S T U. Other,9,5,4
S01012396,Never worked,16,8,8
S01012397,All people aged 16 to 74 not in employment,181,85,96
S01012397,A B D E. Agriculture energy and water,5,3,2
S01012397,C. Manufacturing,13,7,6
S01012397,F. Construction,7,7,0
S01012397,G I. Distribution hotels and restaurants,54,28,26
S01012397,H J. Transport and communication,14,8,6
S01012397,K L M N. Financial real estate professional and administrative activities,13,6,7
S01012397,O P Q. Public administration education and health,54,13,41
S01012397,R S T U. Other,8,4,4
S01012397,Never worked,13,9,4
S01012398,All people aged 16 to 74 not in employment,125,61,64
S01012398,A B D E. Agriculture energy and water,5,4,1
S01012398,C. Manufacturing,12,10,2
S01012398,F. Construction,10,9,1
S01012398,G I. Distribution hotels and restaurants,36,16,20
S01012398,H J. Transport and communication,10,4,6
S01012398,K L M N. Financial real estate professional and administrative activities,9,4,5
S01012398,O P Q. Public administration education and health,23,3,20
S01012398,R S T U. Other,4,2,2
S01012398,Never worked,16,9,7
S01012399,All people aged 16 to 74 not in employment,110,42,68
S01012399,A B D E. Agriculture energy and water,8,5,3
S01012399,C. Manufacturing,5,3,2
S01012399,F. Construction,12,8,4
S01012399,G I. Distribution hotels and restaurants,31,12,19
S01012399,H J. Transport and communication,6,2,4
S01012399,K L M N. Financial real estate professional and administrative activities,10,6,4
S01012399,O P Q. Public administration education and health,26,2,24
S01012399,R S T U. Other,5,0,5
S01012399,Never worked,7,4,3
S01012400,All people aged 16 to 74 not in employment,96,42,54
S01012400,A B D E. Agriculture energy and water,9,7,2
S01012400,C. Manufacturing,8,6,2
S01012400,F. Construction,8,6,2
S01012400,G I. Distribution hotels and restaurants,25,10,15
S01012400,H J. Transport and communication,7,1,6
S01012400,K L M N. Financial real estate professional and administrative activities,8,4,4
S01012400,O P Q. Public administration education and health,16,2,14
S01012400,R S T U. Other,3,0,3
S01012400,Never worked,12,6,6
S01012401,All people aged 16 to 74 not in employment,151,86,65
S01012401,A B D E. Agriculture energy and water,9,8,1
S01012401,C. Manufacturing,19,15,4
S01012401,F. Construction,14,14,0
S01012401,G I. Distribution hotels and restaurants,38,21,17
S01012401,H J. Transport and communication,10,1,9
S01012401,K L M N. Financial real estate professional and administrative activities,9,4,5
S01012401,O P Q. Public administration education and health,32,6,26
S01012401,R S T U. Other,2,2,0
S01012401,Never worked,18,15,3
S01012402,All people aged 16 to 74 not in employment,57,23,34
S01012402,A B D E. Agriculture energy and water,3,1,2
S01012402,C. Manufacturing,4,1,3
S01012402,F. Construction,2,2,0
S01012402,G I. Distribution hotels and restaurants,12,6,6
S01012402,H J. Transport and communication,5,2,3
S01012402,K L M N. Financial real estate professional and administrative activities,3,1,2
S01012402,O P Q. Public administration education and health,16,6,10
S01012402,R S T U. Other,4,1,3
S01012402,Never worked,8,3,5
S01012403,All people aged 16 to 74 not in employment,143,64,79
S01012403,A B D E. Agriculture energy and water,12,11,1
S01012403,C. Manufacturing,16,7,9
S01012403,F. Construction,9,9,0
S01012403,G I. Distribution hotels and restaurants,26,11,15
S01012403,H J. Transport and communication,12,1,11
S01012403,K L M N. Financial real estate professional and administrative activities,9,5,4
S01012403,O P Q. Public administration education and health,41,10,31
S01012403,R S T U. Other,3,1,2
S01012403,Never worked,15,9,6
S01012404,All people aged 16 to 74 not in employment,178,92,86
S01012404,A B D E. Agriculture energy and water,15,14,1
S01012404,C. Manufacturing,24,17,7
S01012404,F. Construction,16,15,1
S01012404,G I. Distribution hotels and restaurants,30,12,18
S01012404,H J. Transport and communication,17,5,12
S01012404,K L M N. Financial real estate professional and administrative activities,4,2,2
S01012404,O P Q. Public administration education and health,46,11,35
S01012404,R S T U. Other,2,1,1
S01012404,Never worked,24,15,9
S01012405,All people aged 16 to 74 not in employment,103,52,51
S01012405,A B D E. Agriculture energy and water,10,8,2
S01012405,C. Manufacturing,10,3,7
S01012405,F. Construction,9,9,0
S01012405,G I. Distribution hotels and restaurants,19,9,10
S01012405,H J. Transport and communication,5,2,3
S01012405,K L M N. Financial real estate professional and administrative activities,7,5,2
S01012405,O P Q. Public administration education and health,24,6,18
S01012405,R S T U. Other,5,1,4
S01012405,Never worked,14,9,5
S01012406,All people aged 16 to 74 not in employment,123,47,76
S01012406,A B D E. Agriculture energy and water,5,4,1
S01012406,C. Manufacturing,11,4,7
S01012406,F. Construction,5,5,0
S01012406,G I. Distribution hotels and restaurants,23,13,10
S01012406,H J. Transport and communication,10,1,9
S01012406,K L M N. Financial real estate professional and administrative activities,8,5,3
S01012406,O P Q. Public administration education and health,39,8,31
S01012406,R S T U. Other,7,1,6
S01012406,Never worked,15,6,9
S01012407,All people aged 16 to 74 not in employment,129,57,72
S01012407,A B D E. Agriculture energy and water,10,10,0
S01012407,C. Manufacturing,6,3,3
S01012407,F. Construction,10,7,3
S01012407,G I. Distribution hotels and restaurants,31,17,14
S01012407,H J. Transport and communication,7,4,3
S01012407,K L M N. Financial real estate professional and administrative activities,9,3,6
S01012407,O P Q. Public administration education and health,38,4,34
S01012407,R S T U. Other,4,1,3
S01012407,Never worked,14,8,6
S01012408,All people aged 16 to 74 not in employment,108,42,66
S01012408,A B D E. Agriculture energy and water,13,9,4
S01012408,C. Manufacturing,6,2,4
S01012408,F. Construction,9,9,0
S01012408,G I. Distribution hotels and restaurants,15,6,9
S01012408,H J. Transport and communication,6,0,6
S01012408,K L M N. Financial real estate professional and administrative activities,4,2,2
S01012408,O P Q. Public administration education and health,31,7,24
S01012408,R S T U. Other,2,0,2
S01012408,Never worked,22,7,15
S01012409,All people aged 16 to 74 not in employment,120,62,58
S01012409,A B D E. Agriculture energy and water,14,11,3
S01012409,C. Manufacturing,9,7,2
S01012409,F. Construction,6,5,1
S01012409,G I. Distribution hotels and restaurants,25,12,13
S01012409,H J. Transport and communication,6,2,4
S01012409,K L M N. Financial real estate professional and administrative activities,10,5,5
S01012409,O P Q. Public administration education and health,32,6,26
S01012409,R S T U. Other,6,5,1
S01012409,Never worked,12,9,3
S01012410,All people aged 16 to 74 not in employment,166,72,94
S01012410,A B D E. Agriculture energy and water,8,6,2
S01012410,C. Manufacturing,11,5,6
S01012410,F. Construction,13,12,1
S01012410,G I. Distribution hotels and restaurants,34,20,14
S01012410,H J. Transport and communication,19,2,17
S01012410,K L M N. Financial real estate professional and administrative activities,18,6,12
S01012410,O P Q. Public administration education and health,38,7,31
S01012410,R S T U. Other,4,2,2
S01012410,Never worked,21,12,9
S01012411,All people aged 16 to 74 not in employment,179,87,92
S01012411,A B D E. Agriculture energy and water,16,12,4
S01012411,C. Manufacturing,11,6,5
S01012411,F. Construction,14,13,1
S01012411,G I. Distribution hotels and restaurants,36,13,23
S01012411,H J. Transport and communication,11,3,8
S01012411,K L M N. Financial real estate professional and administrative activities,13,5,8
S01012411,O P Q. Public administration education and health,28,4,24
S01012411,R S T U. Other,9,3,6
S01012411,Never worked,41,28,13
S01012412,All people aged 16 to 74 not in employment,123,72,51
S01012412,A B D E. Agriculture energy and water,14,13,1
S01012412,C. Manufacturing,12,7,5
S01012412,F. Construction,12,11,1
S01012412,G I. Distribution hotels and restaurants,22,15,7
S01012412,H J. Transport and communication,10,3,7
S01012412,K L M N. Financial real estate professional and administrative activities,11,5,6
S01012412,O P Q. Public administration education and health,26,8,18
S01012412,R S T U. Other,2,0,2
S01012412,Never worked,14,10,4
S01012413,All people aged 16 to 74 not in employment,214,93,121
S01012413,A B D E. Agriculture energy and water,19,14,5
S01012413,C. Manufacturing,22,8,14
S01012413,F. Construction,23,22,1
S01012413,G I. Distribution hotels and restaurants,36,21,15
S01012413,H J. Transport and communication,16,3,13
S01012413,K L M N. Financial real estate professional and administrative activities,9,4,5
S01012413,O P Q. Public administration education and health,73,17,56
S01012413,R S T U. Other,3,0,3
S01012413,Never worked,13,4,9
S01012414,All people aged 16 to 74 not in employment,178,87,91
S01012414,A B D E. Agriculture energy and water,14,12,2
S01012414,C. Manufacturing,9,4,5
S01012414,F. Construction,12,12,0
S01012414,G I. Distribution hotels and restaurants,30,14,16
S01012414,H J. Transport and communication,20,5,15
S01012414,K L M N. Financial real estate professional and administrative activities,9,7,2
S01012414,O P Q. Public administration education and health,67,23,44
S01012414,R S T U. Other,5,0,5
S01012414,Never worked,12,10,2
S01012415,All people aged 16 to 74 not in employment,128,58,70
S01012415,A B D E. Agriculture energy and water,21,20,1
S01012415,C. Manufacturing,20,9,11
S01012415,F. Construction,2,2,0
S01012415,G I. Distribution hotels and restaurants,20,11,9
S01012415,H J. Transport and communication,10,3,7
S01012415,K L M N. Financial real estate professional and administrative activities,2,0,2
S01012415,O P Q. Public administration education and health,33,3,30
S01012415,R S T U. Other,9,2,7
S01012415,Never worked,11,8,3
S01012416,All people aged 16 to 74 not in employment,127,54,73
S01012416,A B D E. Agriculture energy and water,14,13,1
S01012416,C. Manufacturing,22,6,16
S01012416,F. Construction,7,6,1
S01012416,G I. Distribution hotels and restaurants,19,13,6
S01012416,H J. Transport and communication,11,2,9
S01012416,K L M N. Financial real estate professional and administrative activities,4,1,3
S01012416,O P Q. Public administration education and health,35,7,28
S01012416,R S T U. Other,1,0,1
S01012416,Never worked,14,6,8
S01012417,All people aged 16 to 74 not in employment,207,93,114
S01012417,A B D E. Agriculture energy and water,17,14,3
S01012417,C. Manufacturing,24,15,9
S01012417,F. Construction,19,17,2
S01012417,G I. Distribution hotels and restaurants,31,15,16
S01012417,H J. Transport and communication,23,7,16
S01012417,K L M N. Financial real estate professional and administrative activities,15,5,10
S01012417,O P Q. Public administration education and health,55,11,44
S01012417,R S T U. Other,4,0,4
S01012417,Never worked,19,9,10
S01012418,All people aged 16 to 74 not in employment,237,113,124
S01012418,A B D E. Agriculture energy and water,20,15,5
S01012418,C. Manufacturing,19,10,9
S01012418,F. Construction,18,15,3
S01012418,G I. Distribution hotels and restaurants,42,20,22
S01012418,H J. Transport and communication,19,9,10
S01012418,K L M N. Financial real estate professional and administrative activities,25,16,9
S01012418,O P Q. Public administration education and health,53,10,43
S01012418,R S T U. Other,6,2,4
S01012418,Never worked,35,16,19
S01012419,All people aged 16 to 74 not in employment,230,89,141
S01012419,A B D E. Agriculture energy and water,13,9,4
S01012419,C. Manufacturing,21,14,7
S01012419,F. Construction,15,13,2
S01012419,G I. Distribution hotels and restaurants,38,12,26
S01012419,H J. Transport and communication,29,6,23
S01012419,K L M N. Financial real estate professional and administrative activities,21,6,15
S01012419,O P Q. Public administration education and health,53,14,39
S01012419,R S T U. Other,7,2,5
S01012419,Never worked,33,13,20
S01012420,All people aged 16 to 74 not in employment,243,100,143
S01012420,A B D E. Agriculture energy and water,10,8,2
S01012420,C. Manufacturing,51,23,28
S01012420,F. Construction,22,20,2
S01012420,G I. Distribution hotels and restaurants,31,10,21
S01012420,H J. Transport and communication,18,6,12
S01012420,K L M N. Financial real estate professional and administrative activities,19,6,13
S01012420,O P Q. Public administration education and health,36,6,30
S01012420,R S T U. Other,15,3,12
S01012420,Never worked,41,18,23
S01012421,All people aged 16 to 74 not in employment,204,88,116
S01012421,A B D E. Agriculture energy and water,7,4,3
S01012421,C. Manufacturing,20,12,8
S01012421,F. Construction,16,15,1
S01012421,G I. Distribution hotels and restaurants,44,19,25
S01012421,H J. Transport and communication,26,9,17
S01012421,K L M N. Financial real estate professional and administrative activities,8,5,3
S01012421,O P Q. Public administration education and health,49,8,41
S01012421,R S T U. Other,9,5,4
S01012421,Never worked,25,11,14
S01012422,All people aged 16 to 74 not in employment,240,110,130
S01012422,A B D E. Agriculture energy and water,9,5,4
S01012422,C. Manufacturing,22,12,10
S01012422,F. Construction,18,15,3
S01012422,G I. Distribution hotels and restaurants,30,11,19
S01012422,H J. Transport and communication,40,16,24
S01012422,K L M N. Financial real estate professional and administrative activities,20,8,12
S01012422,O P Q. Public administration education and health,61,22,39
S01012422,R S T U. Other,15,6,9
S01012422,Never worked,25,15,10
S01012423,All people aged 16 to 74 not in employment,233,99,134
S01012423,A B D E. Agriculture energy and water,15,11,4
S01012423,C. Manufacturing,28,20,8
S01012423,F. Construction,7,6,1
S01012423,G I. Distribution hotels and restaurants,38,20,18
S01012423,H J. Transport and communication,25,5,20
S01012423,K L M N. Financial real estate professional and administrative activities,23,10,13
S01012423,O P Q. Public administration education and health,57,11,46
S01012423,R S T U. Other,13,3,10
S01012423,Never worked,27,13,14
S01012424,All people aged 16 to 74 not in employment,248,112,136
S01012424,A B D E. Agriculture energy and water,11,7,4
S01012424,C. Manufacturing,49,32,17
S01012424,F. Construction,16,15,1
S01012424,G I. Distribution hotels and restaurants,49,19,30
S01012424,H J. Transport and communication,24,7,17
S01012424,K L M N. Financial real estate professional and administrative activities,20,8,12
S01012424,O P Q. Public administration education and health,46,13,33
S01012424,R S T U. Other,8,2,6
S01012424,Never worked,25,9,16
S01012425,All people aged 16 to 74 not in employment,243,97,146
S01012425,A B D E. Agriculture energy and water,10,5,5
S01012425,C. Manufacturing,38,19,19
S01012425,F. Construction,19,19,0
S01012425,G I. Distribution hotels and restaurants,41,13,28
S01012425,H J. Transport and communication,22,10,12
S01012425,K L M N. Financial real estate professional and administrative activities,23,9,14
S01012425,O P Q. Public administration education and health,34,5,29
S01012425,R S T U. Other,8,2,6
S01012425,Never worked,48,15,33
S01012426,All people aged 16 to 74 not in employment,175,79,96
S01012426,A B D E. Agriculture energy and water,9,5,4
S01012426,C. Manufacturing,31,18,13
S01012426,F. Construction,12,12,0
S01012426,G I. Distribution hotels and restaurants,21,11,10
S01012426,H J. Transport and communication,29,11,18
S01012426,K L M N. Financial real estate professional and administrative activities,8,4,4
S01012426,O P Q. Public administration education and health,34,5,29
S01012426,R S T U. Other,5,3,2
S01012426,Never worked,26,10,16
S01012427,All people aged 16 to 74 not in employment,237,113,124
S01012427,A B D E. Agriculture energy and water,9,9,0
S01012427,C. Manufacturing,33,23,10
S01012427,F. Construction,17,16,1
S01012427,G I. Distribution hotels and restaurants,37,16,21
S01012427,H J. Transport and communication,33,7,26
S01012427,K L M N. Financial real estate professional and administrative activities,19,7,12
S01012427,O P Q. Public administration education and health,37,7,30
S01012427,R S T U. Other,12,9,3
S01012427,Never worked,40,19,21
S01012428,All people aged 16 to 74 not in employment,194,81,113
S01012428,A B D E. Agriculture energy and water,13,10,3
S01012428,C. Manufacturing,26,17,9
S01012428,F. Construction,10,9,1
S01012428,G I. Distribution hotels and restaurants,40,10,30
S01012428,H J. Transport and communication,17,8,9
S01012428,K L M N. Financial real estate professional and administrative activities,14,7,7
S01012428,O P Q. Public administration education and health,49,11,38
S01012428,R S T U. Other,4,1,3
S01012428,Never worked,21,8,13
S01012429,All people aged 16 to 74 not in employment,203,86,117
S01012429,A B D E. Agriculture energy and water,7,5,2
S01012429,C. Manufacturing,37,23,14
S01012429,F. Construction,7,7,0
S01012429,G I. Distribution hotels and restaurants,40,17,23
S01012429,H J. Transport and communication,26,8,18
S01012429,K L M N. Financial real estate professional and administrative activities,11,3,8
S01012429,O P Q. Public administration education and health,42,7,35
S01012429,R S T U. Other,6,2,4
S01012429,Never worked,27,14,13
S01012430,All people aged 16 to 74 not in employment,165,79,86
S01012430,A B D E. Agriculture energy and water,10,8,2
S01012430,C. Manufacturing,21,14,7
S01012430,F. Construction,9,7,2
S01012430,G I. Distribution hotels and restaurants,29,11,18
S01012430,H J. Transport and communication,18,8,10
S01012430,K L M N. Financial real estate professional and administrative activities,4,3,1
S01012430,O P Q. Public administration education and health,40,8,32
S01012430,R S T U. Other,8,5,3
S01012430,Never worked,26,15,11
S01012431,All people aged 16 to 74 not in employment,276,119,157
S01012431,A B D E. Agriculture energy and water,7,6,1
S01012431,C. Manufacturing,33,21,12
S01012431,F. Construction,9,9,0
S01012431,G I. Distribution hotels and restaurants,52,22,30
S01012431,H J. Transport and communication,31,15,16
S01012431,K L M N. Financial real estate professional and administrative activities,25,12,13
S01012431,O P Q. Public administration education and health,59,12,47
S01012431,R S T U. Other,22,6,16
S01012431,Never worked,38,16,22
S01012432,All people aged 16 to 74 not in employment,261,117,144
S01012432,A B D E. Agriculture energy and water,13,10,3
S01012432,C. Manufacturing,40,28,12
S01012432,F. Construction,13,12,1
S01012432,G I. Distribution hotels and restaurants,48,20,28
S01012432,H J. Transport and communication,26,11,15
S01012432,K L M N. Financial real estate professional and administrative activities,17,6,11
S01012432,O P Q. Public administration education and health,63,15,48
S01012432,R S T U. Other,12,3,9
S01012432,Never worked,29,12,17
S01012433,All people aged 16 to 74 not in employment,156,69,87
S01012433,A B D E. Agriculture energy and water,6,4,2
S01012433,C. Manufacturing,26,16,10
S01012433,F. Construction,9,8,1
S01012433,G I. Distribution hotels and restaurants,27,12,15
S01012433,H J. Transport and communication,24,8,16
S01012433,K L M N. Financial real estate professional and administrative activities,11,2,9
S01012433,O P Q. Public administration education and health,28,7,21
S01012433,R S T U. Other,4,3,1
S01012433,Never worked,21,9,12
S01012434,All people aged 16 to 74 not in employment,203,95,108
S01012434,A B D E. Agriculture energy and water,7,6,1
S01012434,C. Manufacturing,41,22,19
S01012434,F. Construction,21,19,2
S01012434,G I. Distribution hotels and restaurants,32,12,20
S01012434,H J. Transport and communication,24,10,14
S01012434,K L M N. Financial real estate professional and administrative activities,10,3,7
S01012434,O P Q. Public administration education and health,28,5,23
S01012434,R S T U. Other,8,4,4
S01012434,Never worked,32,14,18
S01012435,All people aged 16 to 74 not in employment,200,92,108
S01012435,A B D E. Agriculture energy and water,7,7,0
S01012435,C. Manufacturing,24,12,12
S01012435,F. Construction,13,13,0
S01012435,G I. Distribution hotels and restaurants,42,17,25
S01012435,H J. Transport and communication,26,13,13
S01012435,K L M N. Financial real estate professional and administrative activities,12,5,7
S01012435,O P Q. Public administration education and health,34,9,25
S01012435,R S T U. Other,12,2,10
S01012435,Never worked,30,14,16
S01012436,All people aged 16 to 74 not in employment,243,103,140
S01012436,A B D E. Agriculture energy and water,10,8,2
S01012436,C. Manufacturing,27,17,10
S01012436,F. Construction,26,23,3
S01012436,G I. Distribution hotels and restaurants,32,13,19
S01012436,H J. Transport and communication,27,9,18
S01012436,K L M N. Financial real estate professional and administrative activities,16,3,13
S01012436,O P Q. Public administration education and health,55,10,45
S01012436,R S T U. Other,5,2,3
S01012436,Never worked,45,18,27
S01012437,All people aged 16 to 74 not in employment,230,110,120
S01012437,A B D E. Agriculture energy and water,3,3,0
S01012437,C. Manufacturing,21,9,12
S01012437,F. Construction,21,19,2
S01012437,G I. Distribution hotels and restaurants,37,19,18
S01012437,H J. Transport and communication,22,8,14
S01012437,K L M N. Financial real estate professional and administrative activities,22,7,15
S01012437,O P Q. Public administration education and health,53,17,36
S01012437,R S T U. Other,15,9,6
S01012437,Never worked,36,19,17
S01012438,All people aged 16 to 74 not in employment,196,83,113
S01012438,A B D E. Agriculture energy and water,13,10,3
S01012438,C. Manufacturing,28,12,16
S01012438,F. Construction,9,9,0
S01012438,G I. Distribution hotels and restaurants,33,12,21
S01012438,H J. Transport and communication,25,7,18
S01012438,K L M N. Financial real estate professional and administrative activities,17,7,10
S01012438,O P Q. Public administration education and health,32,5,27
S01012438,R S T U. Other,12,5,7
S01012438,Never worked,27,16,11
S01012439,All people aged 16 to 74 not in employment,260,116,144
S01012439,A B D E. Agriculture energy and water,10,8,2
S01012439,C. Manufacturing,28,18,10
S01012439,F. Construction,20,14,6
S01012439,G I. Distribution hotels and restaurants,44,21,23
S01012439,H J. Transport and communication,31,13,18
S01012439,K L M N. Financial real estate professional and administrative activities,23,6,17
S01012439,O P Q. Public administration education and health,51,15,36
S01012439,R S T U. Other,13,5,8
S01012439,Never worked,40,16,24
S01012440,All people aged 16 to 74 not in employment,140,62,78
S01012440,A B D E. Agriculture energy and water,13,12,1
S01012440,C. Manufacturing,7,5,2
S01012440,F. Construction,9,8,1
S01012440,G I. Distribution hotels and restaurants,25,7,18
S01012440,H J. Transport and communication,7,3,4
S01012440,K L M N. Financial real estate professional and administrative activities,22,11,11
S01012440,O P Q. Public administration education and health,40,10,30
S01012440,R S T U. Other,3,2,1
S01012440,Never worked,14,4,10
S01012441,All people aged 16 to 74 not in employment,230,113,117
S01012441,A B D E. Agriculture energy and water,17,12,5
S01012441,C. Manufacturing,13,10,3
S01012441,F. Construction,10,9,1
S01012441,G I. Distribution hotels and restaurants,42,24,18
S01012441,H J. Transport and communication,22,7,15
S01012441,K L M N. Financial real estate professional and administrative activities,28,12,16
S01012441,O P Q. Public administration education and health,58,19,39
S01012441,R S T U. Other,6,3,3
S01012441,Never worked,34,17,17
S01012442,All people aged 16 to 74 not in employment,265,121,144
S01012442,A B D E. Agriculture energy and water,14,13,1
S01012442,C. Manufacturing,22,13,9
S01012442,F. Construction,14,11,3
S01012442,G I. Distribution hotels and restaurants,44,21,23
S01012442,H J. Transport and communication,28,8,20
S01012442,K L M N. Financial real estate professional and administrative activities,33,15,18
S01012442,O P Q. Public administration education and health,63,15,48
S01012442,R S T U. Other,8,1,7
S01012442,Never worked,39,24,15
S01012443,All people aged 16 to 74 not in employment,173,73,100
S01012443,A B D E. Agriculture energy and water,12,9,3
S01012443,C. Manufacturing,13,3,10
S01012443,F. Construction,12,9,3
S01012443,G I. Distribution hotels and restaurants,24,13,11
S01012443,H J. Transport and communication,18,7,11
S01012443,K L M N. Financial real estate professional and administrative activities,26,6,20
S01012443,O P Q. Public administration education and health,34,8,26
S01012443,R S T U. Other,4,1,3
S01012443,Never worked,30,17,13
S01012444,All people aged 16 to 74 not in employment,298,146,152
S01012444,A B D E. Agriculture energy and water,10,9,1
S01012444,C. Manufacturing,30,23,7
S01012444,F. Construction,24,20,4
S01012444,G I. Distribution hotels and restaurants,40,20,20
S01012444,H J. Transport and communication,23,9,14
S01012444,K L M N. Financial real estate professional and administrative activities,28,15,13
S01012444,O P Q. Public administration education and health,68,20,48
S01012444,R S T U. Other,10,2,8
S01012444,Never worked,65,28,37
S01012445,All people aged 16 to 74 not in employment,125,48,77
S01012445,A B D E. Agriculture energy and water,4,2,2
S01012445,C. Manufacturing,13,8,5
S01012445,F. Construction,5,3,2
S01012445,G I. Distribution hotels and restaurants,24,9,15
S01012445,H J. Transport and communication,7,3,4
S01012445,K L M N. Financial real estate professional and administrative activities,11,5,6
S01012445,O P Q. Public administration education and health,31,6,25
S01012445,R S T U. Other,3,1,2
S01012445,Never worked,27,11,16
S01012446,All people aged 16 to 74 not in employment,138,61,77
S01012446,A B D E. Agriculture energy and water,5,3,2
S01012446,C. Manufacturing,14,10,4
S01012446,F. Construction,11,10,1
S01012446,G I. Distribution hotels and restaurants,34,14,20
S01012446,H J. Transport and communication,10,3,7
S01012446,K L M N. Financial real estate professional and administrative activities,10,4,6
S01012446,O P Q. Public administration education and health,37,7,30
S01012446,R S T U. Other,0,0,0
S01012446,Never worked,17,10,7
S01012447,All people aged 16 to 74 not in employment,203,90,113
S01012447,A B D E. Agriculture energy and water,7,7,0
S01012447,C. Manufacturing,18,12,6
S01012447,F. Construction,8,7,1
S01012447,G I. Distribution hotels and restaurants,36,12,24
S01012447,H J. Transport and communication,14,6,8
S01012447,K L M N. Financial real estate professional and administrative activities,18,7,11
S01012447,O P Q. Public administration education and health,61,16,45
S01012447,R S T U. Other,7,4,3
S01012447,Never worked,34,19,15
S01012448,All people aged 16 to 74 not in employment,227,97,130
S01012448,A B D E. Agriculture energy and water,14,11,3
S01012448,C. Manufacturing,14,9,5
S01012448,F. Construction,16,15,1
S01012448,G I. Distribution hotels and restaurants,46,17,29
S01012448,H J. Transport and communication,15,3,12
S01012448,K L M N. Financial real estate professional and administrative activities,15,5,10
S01012448,O P Q. Public administration education and health,58,12,46
S01012448,R S T U. Other,3,0,3
S01012448,Never worked,46,25,21
S01012449,All people aged 16 to 74 not in employment,135,67,68
S01012449,A B D E. Agriculture energy and water,15,10,5
S01012449,C. Manufacturing,13,9,4
S01012449,F. Construction,12,10,2
S01012449,G I. Distribution hotels and restaurants,25,11,14
S01012449,H J. Transport and communication,13,8,5
S01012449,K L M N. Financial real estate professional and administrative activities,10,1,9
S01012449,O P Q. Public administration education and health,23,8,15
S01012449,R S T U. Other,5,2,3
S01012449,Never worked,19,8,11
S01012450,All people aged 16 to 74 not in employment,228,95,133
S01012450,A B D E. Agriculture energy and water,9,4,5
S01012450,C. Manufacturing,18,13,5
S01012450,F. Construction,14,10,4
S01012450,G I. Distribution hotels and restaurants,40,19,21
S01012450,H J. Transport and communication,21,7,14
S01012450,K L M N. Financial real estate professional and administrative activities,19,6,13
S01012450,O P Q. Public administration education and health,53,14,39
S01012450,R S T U. Other,9,5,4
S01012450,Never worked,45,17,28
S01012451,All people aged 16 to 74 not in employment,312,124,188
S01012451,A B D E. Agriculture energy and water,8,4,4
S01012451,C. Manufacturing,27,18,9
S01012451,F. Construction,17,11,6
S01012451,G I. Distribution hotels and restaurants,39,16,23
S01012451,H J. Transport and communication,12,3,9
S01012451,K L M N. Financial real estate professional and administrative activities,45,19,26
S01012451,O P Q. Public administration education and health,121,30,91
S01012451,R S T U. Other,12,7,5
S01012451,Never worked,31,16,15
S01012452,All people aged 16 to 74 not in employment,148,65,83
S01012452,A B D E. Agriculture energy and water,3,2,1
S01012452,C. Manufacturing,12,8,4
S01012452,F. Construction,4,3,1
S01012452,G I. Distribution hotels and restaurants,25,14,11
S01012452,H J. Transport and communication,11,6,5
S01012452,K L M N. Financial real estate professional and administrative activities,22,10,12
S01012452,O P Q. Public administration education and health,50,13,37
S01012452,R S T U. Other,7,3,4
S01012452,Never worked,14,6,8
S01012453,All people aged 16 to 74 not in employment,228,93,135
S01012453,A B D E. Agriculture energy and water,4,3,1
S01012453,C. Manufacturing,26,17,9
S01012453,F. Construction,10,7,3
S01012453,G I. Distribution hotels and restaurants,50,16,34
S01012453,H J. Transport and communication,12,4,8
S01012453,K L M N. Financial real estate professional and administrative activities,31,10,21
S01012453,O P Q. Public administration education and health,66,18,48
S01012453,R S T U. Other,11,6,5
S01012453,Never worked,18,12,6
S01012454,All people aged 16 to 74 not in employment,205,95,110
S01012454,A B D E. Agriculture energy and water,11,9,2
S01012454,C. Manufacturing,12,11,1
S01012454,F. Construction,3,3,0
S01012454,G I. Distribution hotels and restaurants,33,19,14
S01012454,H J. Transport and communication,10,7,3
S01012454,K L M N. Financial real estate professional and administrative activities,15,8,7
S01012454,O P Q. Public administration education and health,80,19,61
S01012454,R S T U. Other,16,7,9
S01012454,Never worked,25,12,13
S01012455,All people aged 16 to 74 not in employment,188,75,113
S01012455,A B D E. Agriculture energy and water,2,2,0
S01012455,C. Manufacturing,13,8,5
S01012455,F. Construction,11,6,5
S01012455,G I. Distribution hotels and restaurants,40,18,22
S01012455,H J. Transport and communication,17,7,10
S01012455,K L M N. Financial real estate professional and administrative activities,32,12,20
S01012455,O P Q. Public administration education and health,52,10,42
S01012455,R S T U. Other,5,1,4
S01012455,Never worked,16,11,5
S01012456,All people aged 16 to 74 not in employment,249,104,145
S01012456,A B D E. Agriculture energy and water,9,7,2
S01012456,C. Manufacturing,23,17,6
S01012456,F. Construction,6,4,2
S01012456,G I. Distribution hotels and restaurants,50,26,24
S01012456,H J. Transport and communication,17,7,10
S01012456,K L M N. Financial real estate professional and administrative activities,37,19,18
S01012456,O P Q. Public administration education and health,76,10,66
S01012456,R S T U. Other,11,3,8
S01012456,Never worked,20,11,9
S01012457,All people aged 16 to 74 not in employment,343,143,200
S01012457,A B D E. Agriculture energy and water,9,6,3
S01012457,C. Manufacturing,47,32,15
S01012457,F. Construction,18,14,4
S01012457,G I. Distribution hotels and restaurants,58,24,34
S01012457,H J. Transport and communication,20,11,9
S01012457,K L M N. Financial real estate professional and administrative activities,48,18,30
S01012457,O P Q. Public administration education and health,115,28,87
S01012457,R S T U. Other,12,2,10
S01012457,Never worked,16,8,8
S01012458,All people aged 16 to 74 not in employment,234,107,127
S01012458,A B D E. Agriculture energy and water,5,4,1
S01012458,C. Manufacturing,19,10,9
S01012458,F. Construction,6,5,1
S01012458,G I. Distribution hotels and restaurants,36,16,20
S01012458,H J. Transport and communication,10,5,5
S01012458,K L M N. Financial real estate professional and administrative activities,40,22,18
S01012458,O P Q. Public administration education and health,75,19,56
S01012458,R S T U. Other,8,3,5
S01012458,Never worked,35,23,12
S01012459,All people aged 16 to 74 not in employment,153,69,84
S01012459,A B D E. Agriculture energy and water,2,2,0
S01012459,C. Manufacturing,12,8,4
S01012459,F. Construction,9,9,0
S01012459,G I. Distribution hotels and restaurants,43,17,26
S01012459,H J. Transport and communication,10,3,7
S01012459,K L M N. Financial real estate professional and administrative activities,13,4,9
S01012459,O P Q. Public administration education and health,27,9,18
S01012459,R S T U. Other,9,3,6
S01012459,Never worked,28,14,14
S01012460,All people aged 16 to 74 not in employment,177,78,99
S01012460,A B D E. Agriculture energy and water,4,4,0
S01012460,C. Manufacturing,22,17,5
S01012460,F. Construction,6,6,0
S01012460,G I. Distribution hotels and restaurants,38,14,24
S01012460,H J. Transport and communication,7,3,4
S01012460,K L M N. Financial real estate professional and administrative activities,15,4,11
S01012460,O P Q. Public administration education and health,60,18,42
S01012460,R S T U. Other,10,3,7
S01012460,Never worked,15,9,6
S01012461,All people aged 16 to 74 not in employment,117,51,66
S01012461,A B D E. Agriculture energy and water,6,6,0
S01012461,C. Manufacturing,16,7,9
S01012461,F. Construction,7,7,0
S01012461,G I. Distribution hotels and restaurants,24,12,12
S01012461,H J. Transport and communication,11,2,9
S01012461,K L M N. Financial real estate professional and administrative activities,6,3,3
S01012461,O P Q. Public administration education and health,29,7,22
S01012461,R S T U. Other,2,0,2
S01012461,Never worked,16,7,9
S01012462,All people aged 16 to 74 not in employment,242,108,134
S01012462,A B D E. Agriculture energy and water,7,6,1
S01012462,C. Manufacturing,28,23,5
S01012462,F. Construction,18,18,0
S01012462,G I. Distribution hotels and restaurants,49,16,33
S01012462,H J. Transport and communication,34,12,22
S01012462,K L M N. Financial real estate professional and administrative activities,12,5,7
S01012462,O P Q. Public administration education and health,42,7,35
S01012462,R S T U. Other,6,2,4
S01012462,Never worked,46,19,27
S01012463,All people aged 16 to 74 not in employment,196,84,112
S01012463,A B D E. Agriculture energy and water,5,4,1
S01012463,C. Manufacturing,17,11,6
S01012463,F. Construction,14,12,2
S01012463,G I. Distribution hotels and restaurants,43,13,30
S01012463,H J. Transport and communication,18,8,10
S01012463,K L M N. Financial real estate professional and administrative activities,18,9,9
S01012463,O P Q. Public administration education and health,38,7,31
S01012463,R S T U. Other,6,1,5
S01012463,Never worked,37,19,18
S01012464,All people aged 16 to 74 not in employment,186,85,101
S01012464,A B D E. Agriculture energy and water,7,6,1
S01012464,C. Manufacturing,16,11,5
S01012464,F. Construction,10,10,0
S01012464,G I. Distribution hotels and restaurants,45,16,29
S01012464,H J. Transport and communication,14,6,8
S01012464,K L M N. Financial real estate professional and administrative activities,13,6,7
S01012464,O P Q. Public administration education and health,33,7,26
S01012464,R S T U. Other,9,3,6
S01012464,Never worked,39,20,19
S01012465,All people aged 16 to 74 not in employment,229,90,139
S01012465,A B D E. Agriculture energy and water,4,1,3
S01012465,C. Manufacturing,15,11,4
S01012465,F. Construction,16,16,0
S01012465,G I. Distribution hotels and restaurants,49,19,30
S01012465,H J. Transport and communication,28,8,20
S01012465,K L M N. Financial real estate professional and administrative activities,12,3,9
S01012465,O P Q. Public administration education and health,54,9,45
S01012465,R S T U. Other,9,2,7
S01012465,Never worked,42,21,21
S01012466,All people aged 16 to 74 not in employment,250,116,134
S01012466,A B D E. Agriculture energy and water,5,4,1
S01012466,C. Manufacturing,18,14,4
S01012466,F. Construction,14,11,3
S01012466,G I. Distribution hotels and restaurants,58,20,38
S01012466,H J. Transport and communication,14,7,7
S01012466,K L M N. Financial real estate professional and administrative activities,20,11,9
S01012466,O P Q. Public administration education and health,73,24,49
S01012466,R S T U. Other,9,5,4
S01012466,Never worked,39,20,19
S01012467,All people aged 16 to 74 not in employment,192,68,124
S01012467,A B D E. Agriculture energy and water,5,4,1
S01012467,C. Manufacturing,13,4,9
S01012467,F. Construction,10,10,0
S01012467,G I. Distribution hotels and restaurants,53,19,34
S01012467,H J. Transport and communication,16,6,10
S01012467,K L M N. Financial real estate professional and administrative activities,22,8,14
S01012467,O P Q. Public administration education and health,48,6,42
S01012467,R S T U. Other,5,2,3
S01012467,Never worked,20,9,11
S01012468,All people aged 16 to 74 not in employment,201,95,106
S01012468,A B D E. Agriculture energy and water,3,2,1
S01012468,C. Manufacturing,17,14,3
S01012468,F. Construction,17,15,2
S01012468,G I. Distribution hotels and restaurants,48,23,25
S01012468,H J. Transport and communication,19,10,9
S01012468,K L M N. Financial real estate professional and administrative activities,18,1,17
S01012468,O P Q. Public administration education and health,49,17,32
S01012468,R S T U. Other,5,1,4
S01012468,Never worked,25,12,13
S01012469,All people aged 16 to 74 not in employment,212,81,131
S01012469,A B D E. Agriculture energy and water,7,5,2
S01012469,C. Manufacturing,13,7,6
S01012469,F. Construction,6,4,2
S01012469,G I. Distribution hotels and restaurants,35,9,26
S01012469,H J. Transport and communication,15,5,10
S01012469,K L M N. Financial real estate professional and administrative activities,23,9,14
S01012469,O P Q. Public administration education and health,82,26,56
S01012469,R S T U. Other,9,5,4
S01012469,Never worked,22,11,11
S01012470,All people aged 16 to 74 not in employment,276,120,156
S01012470,A B D E. Agriculture energy and water,5,5,0
S01012470,C. Manufacturing,23,14,9
S01012470,F. Construction,19,17,2
S01012470,G I. Distribution hotels and restaurants,58,25,33
S01012470,H J. Transport and communication,23,8,15
S01012470,K L M N. Financial real estate professional and administrative activities,16,6,10
S01012470,O P Q. Public administration education and health,74,19,55
S01012470,R S T U. Other,13,4,9
S01012470,Never worked,45,22,23
S01012471,All people aged 16 to 74 not in employment,232,89,143
S01012471,A B D E. Agriculture energy and water,10,7,3
S01012471,C. Manufacturing,19,13,6
S01012471,F. Construction,10,7,3
S01012471,G I. Distribution hotels and restaurants,32,14,18
S01012471,H J. Transport and communication,14,5,9
S01012471,K L M N. Financial real estate professional and administrative activities,37,17,20
S01012471,O P Q. Public administration education and health,80,14,66
S01012471,R S T U. Other,8,2,6
S01012471,Never worked,22,10,12
S01012472,All people aged 16 to 74 not in employment,217,94,123
S01012472,A B D E. Agriculture energy and water,3,2,1
S01012472,C. Manufacturing,19,10,9
S01012472,F. Construction,11,10,1
S01012472,G I. Distribution hotels and restaurants,49,16,33
S01012472,H J. Transport and communication,16,7,9
S01012472,K L M N. Financial real estate professional and administrative activities,13,5,8
S01012472,O P Q. Public administration education and health,76,28,48
S01012472,R S T U. Other,10,3,7
S01012472,Never worked,20,13,7
S01012473,All people aged 16 to 74 not in employment,142,59,83
S01012473,A B D E. Agriculture energy and water,3,2,1
S01012473,C. Manufacturing,9,7,2
S01012473,F. Construction,4,4,0
S01012473,G I. Distribution hotels and restaurants,26,9,17
S01012473,H J. Transport and communication,9,4,5
S01012473,K L M N. Financial real estate professional and administrative activities,18,9,9
S01012473,O P Q. Public administration education and health,53,15,38
S01012473,R S T U. Other,2,1,1
S01012473,Never worked,18,8,10
S01012474,All people aged 16 to 74 not in employment,239,99,140
S01012474,A B D E. Agriculture energy and water,9,6,3
S01012474,C. Manufacturing,20,14,6
S01012474,F. Construction,11,10,1
S01012474,G I. Distribution hotels and restaurants,47,15,32
S01012474,H J. Transport and communication,26,11,15
S01012474,K L M N. Financial real estate professional and administrative activities,14,5,9
S01012474,O P Q. Public administration education and health,66,19,47
S01012474,R S T U. Other,10,2,8
S01012474,Never worked,36,17,19
S01012475,All people aged 16 to 74 not in employment,180,80,100
S01012475,A B D E. Agriculture energy and water,0,0,0
S01012475,C. Manufacturing,23,13,10
S01012475,F. Construction,6,4,2
S01012475,G I. Distribution hotels and restaurants,44,17,27
S01012475,H J. Transport and communication,13,5,8
S01012475,K L M N. Financial real estate professional and administrative activities,25,7,18
S01012475,O P Q. Public administration education and health,43,17,26
S01012475,R S T U. Other,7,3,4
S01012475,Never worked,19,14,5
S01012476,All people aged 16 to 74 not in employment,271,117,154
S01012476,A B D E. Agriculture energy and water,4,4,0
S01012476,C. Manufacturing,24,12,12
S01012476,F. Construction,18,17,1
S01012476,G I. Distribution hotels and restaurants,68,30,38
S01012476,H J. Transport and communication,27,7,20
S01012476,K L M N. Financial real estate professional and administrative activities,17,8,9
S01012476,O P Q. Public administration education and health,61,11,50
S01012476,R S T U. Other,14,8,6
S01012476,Never worked,38,20,18
S01012477,All people aged 16 to 74 not in employment,171,78,93
S01012477,A B D E. Agriculture energy and water,3,3,0
S01012477,C. Manufacturing,14,9,5
S01012477,F. Construction,7,5,2
S01012477,G I. Distribution hotels and restaurants,30,10,20
S01012477,H J. Transport and communication,8,6,2
S01012477,K L M N. Financial real estate professional and administrative activities,25,11,14
S01012477,O P Q. Public administration education and health,59,22,37
S01012477,R S T U. Other,7,2,5
S01012477,Never worked,18,10,8
S01012478,All people aged 16 to 74 not in employment,198,92,106
S01012478,A B D E. Agriculture energy and water,6,3,3
S01012478,C. Manufacturing,22,17,5
S01012478,F. Construction,12,11,1
S01012478,G I. Distribution hotels and restaurants,38,18,20
S01012478,H J. Transport and communication,20,6,14
S01012478,K L M N. Financial real estate professional and administrative activities,14,3,11
S01012478,O P Q. Public administration education and health,39,9,30
S01012478,R S T U. Other,11,5,6
S01012478,Never worked,36,20,16
S01012479,All people aged 16 to 74 not in employment,141,67,74
S01012479,A B D E. Agriculture energy and water,6,6,0
S01012479,C. Manufacturing,17,12,5
S01012479,F. Construction,10,9,1
S01012479,G I. Distribution hotels and restaurants,29,11,18
S01012479,H J. Transport and communication,7,1,6
S01012479,K L M N. Financial real estate professional and administrative activities,8,4,4
S01012479,O P Q. Public administration education and health,35,9,26
S01012479,R S T U. Other,10,7,3
S01012479,Never worked,19,8,11
S01012480,All people aged 16 to 74 not in employment,166,70,96
S01012480,A B D E. Agriculture energy and water,6,5,1
S01012480,C. Manufacturing,17,11,6
S01012480,F. Construction,11,8,3
S01012480,G I. Distribution hotels and restaurants,49,17,32
S01012480,H J. Transport and communication,18,7,11
S01012480,K L M N. Financial real estate professional and administrative activities,12,2,10
S01012480,O P Q. Public administration education and health,29,8,21
S01012480,R S T U. Other,6,4,2
S01012480,Never worked,18,8,10
S01012481,All people aged 16 to 74 not in employment,260,132,128
S01012481,A B D E. Agriculture energy and water,5,5,0
S01012481,C. Manufacturing,20,14,6
S01012481,F. Construction,15,13,2
S01012481,G I. Distribution hotels and restaurants,38,10,28
S01012481,H J. Transport and communication,37,18,19
S01012481,K L M N. Financial real estate professional and administrative activities,25,16,9
S01012481,O P Q. Public administration education and health,46,18,28
S01012481,R S T U. Other,18,10,8
S01012481,Never worked,56,28,28
S01012482,All people aged 16 to 74 not in employment,251,116,135
S01012482,A B D E. Agriculture energy and water,8,7,1
S01012482,C. Manufacturing,11,8,3
S01012482,F. Construction,11,6,5
S01012482,G I. Distribution hotels and restaurants,42,16,26
S01012482,H J. Transport and communication,40,20,20
S01012482,K L M N. Financial real estate professional and administrative activities,31,11,20
S01012482,O P Q. Public administration education and health,58,17,41
S01012482,R S T U. Other,12,7,5
S01012482,Never worked,38,24,14
S01012483,All people aged 16 to 74 not in employment,321,164,157
S01012483,A B D E. Agriculture energy and water,8,7,1
S01012483,C. Manufacturing,16,13,3
S01012483,F. Construction,29,28,1
S01012483,G I. Distribution hotels and restaurants,69,33,36
S01012483,H J. Transport and communication,45,17,28
S01012483,K L M N. Financial real estate professional and administrative activities,35,14,21
S01012483,O P Q. Public administration education and health,58,26,32
S01012483,R S T U. Other,15,6,9
S01012483,Never worked,46,20,26
S01012484,All people aged 16 to 74 not in employment,231,98,133
S01012484,A B D E. Agriculture energy and water,2,2,0
S01012484,C. Manufacturing,12,6,6
S01012484,F. Construction,9,8,1
S01012484,G I. Distribution hotels and restaurants,36,15,21
S01012484,H J. Transport and communication,12,4,8
S01012484,K L M N. Financial real estate professional and administrative activities,33,10,23
S01012484,O P Q. Public administration education and health,82,30,52
S01012484,R S T U. Other,12,5,7
S01012484,Never worked,33,18,15
S01012485,All people aged 16 to 74 not in employment,225,88,137
S01012485,A B D E. Agriculture energy and water,6,6,0
S01012485,C. Manufacturing,14,10,4
S01012485,F. Construction,7,6,1
S01012485,G I. Distribution hotels and restaurants,28,14,14
S01012485,H J. Transport and communication,18,7,11
S01012485,K L M N. Financial real estate professional and administrative activities,26,15,11
S01012485,O P Q. Public administration education and health,95,19,76
S01012485,R S T U. Other,6,2,4
S01012485,Never worked,25,9,16
S01012486,All people aged 16 to 74 not in employment,173,87,86
S01012486,A B D E. Agriculture energy and water,3,1,2
S01012486,C. Manufacturing,18,11,7
S01012486,F. Construction,3,2,1
S01012486,G I. Distribution hotels and restaurants,20,10,10
S01012486,H J. Transport and communication,24,16,8
S01012486,K L M N. Financial real estate professional and administrative activities,21,10,11
S01012486,O P Q. Public administration education and health,60,24,36
S01012486,R S T U. Other,6,2,4
S01012486,Never worked,18,11,7
S01012487,All people aged 16 to 74 not in employment,173,77,96
S01012487,A B D E. Agriculture energy and water,2,2,0
S01012487,C. Manufacturing,14,11,3
S01012487,F. Construction,17,15,2
S01012487,G I. Distribution hotels and restaurants,45,19,26
S01012487,H J. Transport and communication,20,8,12
S01012487,K L M N. Financial real estate professional and administrative activities,11,1,10
S01012487,O P Q. Public administration education and health,28,8,20
S01012487,R S T U. Other,7,4,3
S01012487,Never worked,29,9,20
S01012488,All people aged 16 to 74 not in employment,258,125,133
S01012488,A B D E. Agriculture energy and water,5,3,2
S01012488,C. Manufacturing,31,20,11
S01012488,F. Construction,20,18,2
S01012488,G I. Distribution hotels and restaurants,47,22,25
S01012488,H J. Transport and communication,19,7,12
S01012488,K L M N. Financial real estate professional and administrative activities,28,14,14
S01012488,O P Q. Public administration education and health,64,20,44
S01012488,R S T U. Other,12,6,6
S01012488,Never worked,32,15,17
S01012489,All people aged 16 to 74 not in employment,384,180,204
S01012489,A B D E. Agriculture energy and water,8,7,1
S01012489,C. Manufacturing,34,26,8
S01012489,F. Construction,25,22,3
S01012489,G I. Distribution hotels and restaurants,76,42,34
S01012489,H J. Transport and communication,61,24,37
S01012489,K L M N. Financial real estate professional and administrative activities,32,10,22
S01012489,O P Q. Public administration education and health,64,14,50
S01012489,R S T U. Other,16,9,7
S01012489,Never worked,68,26,42
S01012490,All people aged 16 to 74 not in employment,363,215,148
S01012490,A B D E. Agriculture energy and water,6,6,0
S01012490,C. Manufacturing,35,28,7
S01012490,F. Construction,39,36,3
S01012490,G I. Distribution hotels and restaurants,63,44,19
S01012490,H J. Transport and communication,43,24,19
S01012490,K L M N. Financial real estate professional and administrative activities,44,28,16
S01012490,O P Q. Public administration education and health,56,14,42
S01012490,R S T U. Other,19,10,9
S01012490,Never worked,58,25,33
S01012491,All people aged 16 to 74 not in employment,174,86,88
S01012491,A B D E. Agriculture energy and water,1,1,0
S01012491,C. Manufacturing,10,8,2
S01012491,F. Construction,18,17,1
S01012491,G I. Distribution hotels and restaurants,31,15,16
S01012491,H J. Transport and communication,32,14,18
S01012491,K L M N. Financial real estate professional and administrative activities,15,5,10
S01012491,O P Q. Public administration education and health,27,13,14
S01012491,R S T U. Other,3,1,2
S01012491,Never worked,37,12,25
S01012492,All people aged 16 to 74 not in employment,379,196,183
S01012492,A B D E. Agriculture energy and water,10,9,1
S01012492,C. Manufacturing,26,20,6
S01012492,F. Construction,30,26,4
S01012492,G I. Distribution hotels and restaurants,90,44,46
S01012492,H J. Transport and communication,56,34,22
S01012492,K L M N. Financial real estate professional and administrative activities,21,14,7
S01012492,O P Q. Public administration education and health,56,18,38
S01012492,R S T U. Other,17,3,14
S01012492,Never worked,73,28,45
S01012493,All people aged 16 to 74 not in employment,253,127,126
S01012493,A B D E. Agriculture energy and water,5,5,0
S01012493,C. Manufacturing,24,17,7
S01012493,F. Construction,20,20,0
S01012493,G I. Distribution hotels and restaurants,55,24,31
S01012493,H J. Transport and communication,25,11,14
S01012493,K L M N. Financial real estate professional and administrative activities,26,11,15
S01012493,O P Q. Public administration education and health,60,24,36
S01012493,R S T U. Other,8,4,4
S01012493,Never worked,30,11,19
S01012494,All people aged 16 to 74 not in employment,310,145,165
S01012494,A B D E. Agriculture energy and water,8,6,2
S01012494,C. Manufacturing,25,19,6
S01012494,F. Construction,17,16,1
S01012494,G I. Distribution hotels and restaurants,89,33,56
S01012494,H J. Transport and communication,39,13,26
S01012494,K L M N. Financial real estate professional and administrative activities,16,8,8
S01012494,O P Q. Public administration education and health,48,17,31
S01012494,R S T U. Other,17,6,11
S01012494,Never worked,51,27,24
S01012495,All people aged 16 to 74 not in employment,329,158,171
S01012495,A B D E. Agriculture energy and water,6,4,2
S01012495,C. Manufacturing,31,22,9
S01012495,F. Construction,23,22,1
S01012495,G I. Distribution hotels and restaurants,64,30,34
S01012495,H J. Transport and communication,34,17,17
S01012495,K L M N. Financial real estate professional and administrative activities,28,8,20
S01012495,O P Q. Public administration education and health,81,22,59
S01012495,R S T U. Other,15,5,10
S01012495,Never worked,47,28,19
S01012496,All people aged 16 to 74 not in employment,250,119,131
S01012496,A B D E. Agriculture energy and water,6,5,1
S01012496,C. Manufacturing,21,12,9
S01012496,F. Construction,19,16,3
S01012496,G I. Distribution hotels and restaurants,49,25,24
S01012496,H J. Transport and communication,31,11,20
S01012496,K L M N. Financial real estate professional and administrative activities,21,7,14
S01012496,O P Q. Public administration education and health,42,13,29
S01012496,R S T U. Other,6,4,2
S01012496,Never worked,55,26,29
S01012497,All people aged 16 to 74 not in employment,188,101,87
S01012497,A B D E. Agriculture energy and water,7,4,3
S01012497,C. Manufacturing,23,16,7
S01012497,F. Construction,12,12,0
S01012497,G I. Distribution hotels and restaurants,39,23,16
S01012497,H J. Transport and communication,22,9,13
S01012497,K L M N. Financial real estate professional and administrative activities,11,2,9
S01012497,O P Q. Public administration education and health,30,7,23
S01012497,R S T U. Other,7,5,2
S01012497,Never worked,37,23,14
S01012498,All people aged 16 to 74 not in employment,317,135,182
S01012498,A B D E. Agriculture energy and water,5,5,0
S01012498,C. Manufacturing,32,23,9
S01012498,F. Construction,22,21,1
S01012498,G I. Distribution hotels and restaurants,53,25,28
S01012498,H J. Transport and communication,36,13,23
S01012498,K L M N. Financial real estate professional and administrative activities,24,7,17
S01012498,O P Q. Public administration education and health,53,6,47
S01012498,R S T U. Other,15,5,10
S01012498,Never worked,77,30,47
S01012499,All people aged 16 to 74 not in employment,222,98,124
S01012499,A B D E. Agriculture energy and water,3,3,0
S01012499,C. Manufacturing,15,12,3
S01012499,F. Construction,14,13,1
S01012499,G I. Distribution hotels and restaurants,38,17,21
S01012499,H J. Transport and communication,34,13,21
S01012499,K L M N. Financial real estate professional and administrative activities,21,9,12
S01012499,O P Q. Public administration education and health,37,5,32
S01012499,R S T U. Other,11,4,7
S01012499,Never worked,49,22,27
S01012500,All people aged 16 to 74 not in employment,164,85,79
S01012500,A B D E. Agriculture energy and water,4,4,0
S01012500,C. Manufacturing,24,22,2
S01012500,F. Construction,22,21,1
S01012500,G I. Distribution hotels and restaurants,33,14,19
S01012500,H J. Transport and communication,21,9,12
S01012500,K L M N. Financial real estate professional and administrative activities,11,5,6
S01012500,O P Q. Public administration education and health,16,2,14
S01012500,R S T U. Other,7,0,7
S01012500,Never worked,26,8,18
S01012501,All people aged 16 to 74 not in employment,228,101,127
S01012501,A B D E. Agriculture energy and water,9,7,2
S01012501,C. Manufacturing,12,8,4
S01012501,F. Construction,17,17,0
S01012501,G I. Distribution hotels and restaurants,50,21,29
S01012501,H J. Transport and communication,26,6,20
S01012501,K L M N. Financial real estate professional and administrative activities,19,6,13
S01012501,O P Q. Public administration education and health,29,8,21
S01012501,R S T U. Other,9,3,6
S01012501,Never worked,57,25,32
S01012502,All people aged 16 to 74 not in employment,316,128,188
S01012502,A B D E. Agriculture energy and water,5,4,1
S01012502,C. Manufacturing,19,7,12
S01012502,F. Construction,21,20,1
S01012502,G I. Distribution hotels and restaurants,44,14,30
S01012502,H J. Transport and communication,45,10,35
S01012502,K L M N. Financial real estate professional and administrative activities,34,16,18
S01012502,O P Q. Public administration education and health,51,17,34
S01012502,R S T U. Other,14,2,12
S01012502,Never worked,83,38,45
S01012503,All people aged 16 to 74 not in employment,228,114,114
S01012503,A B D E. Agriculture energy and water,9,9,0
S01012503,C. Manufacturing,24,17,7
S01012503,F. Construction,21,21,0
S01012503,G I. Distribution hotels and restaurants,45,21,24
S01012503,H J. Transport and communication,32,10,22
S01012503,K L M N. Financial real estate professional and administrative activities,13,7,6
S01012503,O P Q. Public administration education and health,38,9,29
S01012503,R S T U. Other,11,3,8
S01012503,Never worked,35,17,18
S01012504,All people aged 16 to 74 not in employment,206,78,128
S01012504,A B D E. Agriculture energy and water,4,3,1
S01012504,C. Manufacturing,23,14,9
S01012504,F. Construction,10,8,2
S01012504,G I. Distribution hotels and restaurants,48,23,25
S01012504,H J. Transport and communication,20,5,15
S01012504,K L M N. Financial real estate professional and administrative activities,12,6,6
S01012504,O P Q. Public administration education and health,43,4,39
S01012504,R S T U. Other,14,2,12
S01012504,Never worked,32,13,19
S01012505,All people aged 16 to 74 not in employment,352,160,192
S01012505,A B D E. Agriculture energy and water,7,6,1
S01012505,C. Manufacturing,29,20,9
S01012505,F. Construction,24,23,1
S01012505,G I. Distribution hotels and restaurants,71,36,35
S01012505,H J. Transport and communication,34,10,24
S01012505,K L M N. Financial real estate professional and administrative activities,39,15,24
S01012505,O P Q. Public administration education and health,74,20,54
S01012505,R S T U. Other,19,7,12
S01012505,Never worked,55,23,32
S01012506,All people aged 16 to 74 not in employment,146,63,83
S01012506,A B D E. Agriculture energy and water,1,0,1
S01012506,C. Manufacturing,19,15,4
S01012506,F. Construction,13,11,2
S01012506,G I. Distribution hotels and restaurants,37,16,21
S01012506,H J. Transport and communication,11,5,6
S01012506,K L M N. Financial real estate professional and administrative activities,10,1,9
S01012506,O P Q. Public administration education and health,32,7,25
S01012506,R S T U. Other,6,2,4
S01012506,Never worked,17,6,11
S01012507,All people aged 16 to 74 not in employment,306,143,163
S01012507,A B D E. Agriculture energy and water,13,12,1
S01012507,C. Manufacturing,29,21,8
S01012507,F. Construction,13,13,0
S01012507,G I. Distribution hotels and restaurants,64,24,40
S01012507,H J. Transport and communication,27,8,19
S01012507,K L M N. Financial real estate professional and administrative activities,30,14,16
S01012507,O P Q. Public administration education and health,77,21,56
S01012507,R S T U. Other,8,4,4
S01012507,Never worked,45,26,19
S01012508,All people aged 16 to 74 not in employment,189,82,107
S01012508,A B D E. Agriculture energy and water,4,3,1
S01012508,C. Manufacturing,18,12,6
S01012508,F. Construction,13,11,2
S01012508,G I. Distribution hotels and restaurants,42,13,29
S01012508,H J. Transport and communication,19,8,11
S01012508,K L M N. Financial real estate professional and administrative activities,19,10,9
S01012508,O P Q. Public administration education and health,36,9,27
S01012508,R S T U. Other,9,3,6
S01012508,Never worked,29,13,16
S01012509,All people aged 16 to 74 not in employment,132,52,80
S01012509,A B D E. Agriculture energy and water,5,3,2
S01012509,C. Manufacturing,13,10,3
S01012509,F. Construction,8,8,0
S01012509,G I. Distribution hotels and restaurants,27,7,20
S01012509,H J. Transport and communication,12,3,9
S01012509,K L M N. Financial real estate professional and administrative activities,11,3,8
S01012509,O P Q. Public administration education and health,34,9,25
S01012509,R S T U. Other,9,4,5
S01012509,Never worked,13,5,8
S01012510,All people aged 16 to 74 not in employment,205,87,118
S01012510,A B D E. Agriculture energy and water,3,3,0
S01012510,C. Manufacturing,29,17,12
S01012510,F. Construction,12,12,0
S01012510,G I. Distribution hotels and restaurants,47,20,27
S01012510,H J. Transport and communication,25,9,16
S01012510,K L M N. Financial real estate professional and administrative activities,11,3,8
S01012510,O P Q. Public administration education and health,40,9,31
S01012510,R S T U. Other,6,3,3
S01012510,Never worked,32,11,21
S01012511,All people aged 16 to 74 not in employment,171,79,92
S01012511,A B D E. Agriculture energy and water,3,3,0
S01012511,C. Manufacturing,16,11,5
S01012511,F. Construction,13,11,2
S01012511,G I. Distribution hotels and restaurants,37,14,23
S01012511,H J. Transport and communication,18,11,7
S01012511,K L M N. Financial real estate professional and administrative activities,18,6,12
S01012511,O P Q. Public administration education and health,38,8,30
S01012511,R S T U. Other,7,3,4
S01012511,Never worked,21,12,9
S01012512,All people aged 16 to 74 not in employment,195,85,110
S01012512,A B D E. Agriculture energy and water,5,5,0
S01012512,C. Manufacturing,22,18,4
S01012512,F. Construction,6,4,2
S01012512,G I. Distribution hotels and restaurants,41,18,23
S01012512,H J. Transport and communication,16,7,9
S01012512,K L M N. Financial real estate professional and administrative activities,12,6,6
S01012512,O P Q. Public administration education and health,38,6,32
S01012512,R S T U. Other,13,6,7
S01012512,Never worked,42,15,27
S01012513,All people aged 16 to 74 not in employment,110,54,56
S01012513,A B D E. Agriculture energy and water,1,1,0
S01012513,C. Manufacturing,14,11,3
S01012513,F. Construction,2,2,0
S01012513,G I. Distribution hotels and restaurants,18,9,9
S01012513,H J. Transport and communication,11,3,8
S01012513,K L M N. Financial real estate professional and administrative activities,14,7,7
S01012513,O P Q. Public administration education and health,31,10,21
S01012513,R S T U. Other,4,2,2
S01012513,Never worked,15,9,6
S01012514,All people aged 16 to 74 not in employment,129,54,75
S01012514,A B D E. Agriculture energy and water,0,0,0
S01012514,C. Manufacturing,10,5,5
S01012514,F. Construction,10,7,3
S01012514,G I. Distribution hotels and restaurants,22,9,13
S01012514,H J. Transport and communication,10,6,4
S01012514,K L M N. Financial real estate professional and administrative activities,16,5,11
S01012514,O P Q. Public administration education and health,26,5,21
S01012514,R S T U. Other,7,2,5
S01012514,Never worked,28,15,13
S01012515,All people aged 16 to 74 not in employment,185,87,98
S01012515,A B D E. Agriculture energy and water,8,6,2
S01012515,C. Manufacturing,17,12,5
S01012515,F. Construction,16,15,1
S01012515,G I. Distribution hotels and restaurants,47,19,28
S01012515,H J. Transport and communication,19,7,12
S01012515,K L M N. Financial real estate professional and administrative activities,8,5,3
S01012515,O P Q. Public administration education and health,39,7,32
S01012515,R S T U. Other,9,5,4
S01012515,Never worked,22,11,11
S01012516,All people aged 16 to 74 not in employment,196,77,119
S01012516,A B D E. Agriculture energy and water,3,3,0
S01012516,C. Manufacturing,20,14,6
S01012516,F. Construction,11,10,1
S01012516,G I. Distribution hotels and restaurants,45,19,26
S01012516,H J. Transport and communication,20,6,14
S01012516,K L M N. Financial real estate professional and administrative activities,17,7,10
S01012516,O P Q. Public administration education and health,47,5,42
S01012516,R S T U. Other,10,6,4
S01012516,Never worked,23,7,16
S01012517,All people aged 16 to 74 not in employment,229,100,129
S01012517,A B D E. Agriculture energy and water,6,6,0
S01012517,C. Manufacturing,26,19,7
S01012517,F. Construction,12,11,1
S01012517,G I. Distribution hotels and restaurants,48,18,30
S01012517,H J. Transport and communication,26,9,17
S01012517,K L M N. Financial real estate professional and administrative activities,16,10,6
S01012517,O P Q. Public administration education and health,45,9,36
S01012517,R S T U. Other,13,4,9
S01012517,Never worked,37,14,23
S01012518,All people aged 16 to 74 not in employment,160,69,91
S01012518,A B D E. Agriculture energy and water,2,2,0
S01012518,C. Manufacturing,7,4,3
S01012518,F. Construction,4,3,1
S01012518,G I. Distribution hotels and restaurants,44,18,26
S01012518,H J. Transport and communication,8,1,7
S01012518,K L M N. Financial real estate professional and administrative activities,18,11,7
S01012518,O P Q. Public administration education and health,42,12,30
S01012518,R S T U. Other,11,5,6
S01012518,Never worked,24,13,11
S01012519,All people aged 16 to 74 not in employment,143,67,76
S01012519,A B D E. Agriculture energy and water,3,2,1
S01012519,C. Manufacturing,22,17,5
S01012519,F. Construction,8,8,0
S01012519,G I. Distribution hotels and restaurants,31,16,15
S01012519,H J. Transport and communication,7,2,5
S01012519,K L M N. Financial real estate professional and administrative activities,10,4,6
S01012519,O P Q. Public administration education and health,35,7,28
S01012519,R S T U. Other,9,2,7
S01012519,Never worked,18,9,9
S01012520,All people aged 16 to 74 not in employment,200,86,114
S01012520,A B D E. Agriculture energy and water,6,4,2
S01012520,C. Manufacturing,12,10,2
S01012520,F. Construction,6,5,1
S01012520,G I. Distribution hotels and restaurants,39,14,25
S01012520,H J. Transport and communication,17,8,9
S01012520,K L M N. Financial real estate professional and administrative activities,23,10,13
S01012520,O P Q. Public administration education and health,60,24,36
S01012520,R S T U. Other,9,2,7
S01012520,Never worked,28,9,19
S01012521,All people aged 16 to 74 not in employment,125,56,69
S01012521,A B D E. Agriculture energy and water,2,2,0
S01012521,C. Manufacturing,8,4,4
S01012521,F. Construction,10,10,0
S01012521,G I. Distribution hotels and restaurants,20,8,12
S01012521,H J. Transport and communication,12,7,5
S01012521,K L M N. Financial real estate professional and administrative activities,13,5,8
S01012521,O P Q. Public administration education and health,36,12,24
S01012521,R S T U. Other,9,1,8
S01012521,Never worked,15,7,8
S01012522,All people aged 16 to 74 not in employment,251,115,136
S01012522,A B D E. Agriculture energy and water,2,1,1
S01012522,C. Manufacturing,30,19,11
S01012522,F. Construction,9,8,1
S01012522,G I. Distribution hotels and restaurants,49,24,25
S01012522,H J. Transport and communication,20,6,14
S01012522,K L M N. Financial real estate professional and administrative activities,33,14,19
S01012522,O P Q. Public administration education and health,75,25,50
S01012522,R S T U. Other,5,3,2
S01012522,Never worked,28,15,13
S01012523,All people aged 16 to 74 not in employment,215,100,115
S01012523,A B D E. Agriculture energy and water,7,7,0
S01012523,C. Manufacturing,13,10,3
S01012523,F. Construction,5,5,0
S01012523,G I. Distribution hotels and restaurants,38,18,20
S01012523,H J. Transport and communication,21,9,12
S01012523,K L M N. Financial real estate professional and administrative activities,22,12,10
S01012523,O P Q. Public administration education and health,63,19,44
S01012523,R S T U. Other,13,2,11
S01012523,Never worked,33,18,15
S01012524,All people aged 16 to 74 not in employment,247,91,156
S01012524,A B D E. Agriculture energy and water,1,1,0
S01012524,C. Manufacturing,35,21,14
S01012524,F. Construction,9,7,2
S01012524,G I. Distribution hotels and restaurants,41,13,28
S01012524,H J. Transport and communication,13,2,11
S01012524,K L M N. Financial real estate professional and administrative activities,37,14,23
S01012524,O P Q. Public administration education and health,78,20,58
S01012524,R S T U. Other,8,0,8
S01012524,Never worked,25,13,12
S01012525,All people aged 16 to 74 not in employment,181,74,107
S01012525,A B D E. Agriculture energy and water,4,2,2
S01012525,C. Manufacturing,16,11,5
S01012525,F. Construction,11,9,2
S01012525,G I. Distribution hotels and restaurants,26,6,20
S01012525,H J. Transport and communication,14,4,10
S01012525,K L M N. Financial real estate professional and administrative activities,22,7,15
S01012525,O P Q. Public administration education and health,61,22,39
S01012525,R S T U. Other,6,2,4
S01012525,Never worked,21,11,10
S01012526,All people aged 16 to 74 not in employment,224,96,128
S01012526,A B D E. Agriculture energy and water,5,4,1
S01012526,C. Manufacturing,22,15,7
S01012526,F. Construction,9,8,1
S01012526,G I. Distribution hotels and restaurants,47,20,27
S01012526,H J. Transport and communication,12,3,9
S01012526,K L M N. Financial real estate professional and administrative activities,32,17,15
S01012526,O P Q. Public administration education and health,76,19,57
S01012526,R S T U. Other,3,1,2
S01012526,Never worked,18,9,9
S01012527,All people aged 16 to 74 not in employment,169,72,97
S01012527,A B D E. Agriculture energy and water,1,1,0
S01012527,C. Manufacturing,17,11,6
S01012527,F. Construction,7,6,1
S01012527,G I. Distribution hotels and restaurants,35,15,20
S01012527,H J. Transport and communication,16,4,12
S01012527,K L M N. Financial real estate professional and administrative activities,20,8,12
S01012527,O P Q. Public administration education and health,57,20,37
S01012527,R S T U. Other,5,1,4
S01012527,Never worked,11,6,5
S01012528,All people aged 16 to 74 not in employment,212,101,111
S01012528,A B D E. Agriculture energy and water,4,4,0
S01012528,C. Manufacturing,23,16,7
S01012528,F. Construction,15,15,0
S01012528,G I. Distribution hotels and restaurants,41,15,26
S01012528,H J. Transport and communication,23,9,14
S01012528,K L M N. Financial real estate professional and administrative activities,17,4,13
S01012528,O P Q. Public administration education and health,30,12,18
S01012528,R S T U. Other,17,3,14
S01012528,Never worked,42,23,19
S01012529,All people aged 16 to 74 not in employment,196,87,109
S01012529,A B D E. Agriculture energy and water,5,5,0
S01012529,C. Manufacturing,16,8,8
S01012529,F. Construction,13,12,1
S01012529,G I. Distribution hotels and restaurants,39,24,15
S01012529,H J. Transport and communication,30,9,21
S01012529,K L M N. Financial real estate professional and administrative activities,21,8,13
S01012529,O P Q. Public administration education and health,42,8,34
S01012529,R S T U. Other,11,3,8
S01012529,Never worked,19,10,9
S01012530,All people aged 16 to 74 not in employment,223,88,135
S01012530,A B D E. Agriculture energy and water,7,6,1
S01012530,C. Manufacturing,20,15,5
S01012530,F. Construction,7,5,2
S01012530,G I. Distribution hotels and restaurants,34,10,24
S01012530,H J. Transport and communication,24,11,13
S01012530,K L M N. Financial real estate professional and administrative activities,26,10,16
S01012530,O P Q. Public administration education and health,74,15,59
S01012530,R S T U. Other,6,3,3
S01012530,Never worked,25,13,12
S01012531,All people aged 16 to 74 not in employment,188,80,108
S01012531,A B D E. Agriculture energy and water,8,6,2
S01012531,C. Manufacturing,27,15,12
S01012531,F. Construction,10,9,1
S01012531,G I. Distribution hotels and restaurants,31,14,17
S01012531,H J. Transport and communication,15,4,11
S01012531,K L M N. Financial real estate professional and administrative activities,18,5,13
S01012531,O P Q. Public administration education and health,42,9,33
S01012531,R S T U. Other,7,5,2
S01012531,Never worked,30,13,17
S01012532,All people aged 16 to 74 not in employment,214,89,125
S01012532,A B D E. Agriculture energy and water,7,4,3
S01012532,C. Manufacturing,27,17,10
S01012532,F. Construction,8,6,2
S01012532,G I. Distribution hotels and restaurants,47,20,27
S01012532,H J. Transport and communication,14,5,9
S01012532,K L M N. Financial real estate professional and administrative activities,18,5,13
S01012532,O P Q. Public administration education and health,59,18,41
S01012532,R S T U. Other,11,4,7
S01012532,Never worked,23,10,13
S01012533,All people aged 16 to 74 not in employment,147,60,87
S01012533,A B D E. Agriculture energy and water,2,1,1
S01012533,C. Manufacturing,16,13,3
S01012533,F. Construction,9,7,2
S01012533,G I. Distribution hotels and restaurants,30,13,17
S01012533,H J. Transport and communication,13,8,5
S01012533,K L M N. Financial real estate professional and administrative activities,15,6,9
S01012533,O P Q. Public administration education and health,40,3,37
S01012533,R S T U. Other,7,2,5
S01012533,Never worked,15,7,8
S01012534,All people aged 16 to 74 not in employment,155,67,88
S01012534,A B D E. Agriculture energy and water,8,5,3
S01012534,C. Manufacturing,18,12,6
S01012534,F. Construction,4,3,1
S01012534,G I. Distribution hotels and restaurants,31,12,19
S01012534,H J. Transport and communication,25,10,15
S01012534,K L M N. Financial real estate professional and administrative activities,7,2,5
S01012534,O P Q. Public administration education and health,33,8,25
S01012534,R S T U. Other,4,1,3
S01012534,Never worked,25,14,11
S01012535,All people aged 16 to 74 not in employment,226,94,132
S01012535,A B D E. Agriculture energy and water,12,10,2
S01012535,C. Manufacturing,41,29,12
S01012535,F. Construction,13,12,1
S01012535,G I. Distribution hotels and restaurants,37,11,26
S01012535,H J. Transport and communication,19,5,14
S01012535,K L M N. Financial real estate professional and administrative activities,12,3,9
S01012535,O P Q. Public administration education and health,49,3,46
S01012535,R S T U. Other,10,5,5
S01012535,Never worked,33,16,17
S01012536,All people aged 16 to 74 not in employment,218,96,122
S01012536,A B D E. Agriculture energy and water,6,5,1
S01012536,C. Manufacturing,22,15,7
S01012536,F. Construction,11,8,3
S01012536,G I. Distribution hotels and restaurants,40,18,22
S01012536,H J. Transport and communication,26,5,21
S01012536,K L M N. Financial real estate professional and administrative activities,14,4,10
S01012536,O P Q. Public administration education and health,44,16,28
S01012536,R S T U. Other,6,2,4
S01012536,Never worked,49,23,26
S01012537,All people aged 16 to 74 not in employment,291,134,157
S01012537,A B D E. Agriculture energy and water,21,15,6
S01012537,C. Manufacturing,32,20,12
S01012537,F. Construction,13,13,0
S01012537,G I. Distribution hotels and restaurants,78,32,46
S01012537,H J. Transport and communication,32,11,21
S01012537,K L M N. Financial real estate professional and administrative activities,24,11,13
S01012537,O P Q. Public administration education and health,40,11,29
S01012537,R S T U. Other,15,5,10
S01012537,Never worked,36,16,20
S01012538,All people aged 16 to 74 not in employment,325,143,182
S01012538,A B D E. Agriculture energy and water,13,11,2
S01012538,C. Manufacturing,37,28,9
S01012538,F. Construction,16,15,1
S01012538,G I. Distribution hotels and restaurants,77,26,51
S01012538,H J. Transport and communication,22,6,16
S01012538,K L M N. Financial real estate professional and administrative activities,27,12,15
S01012538,O P Q. Public administration education and health,73,19,54
S01012538,R S T U. Other,9,6,3
S01012538,Never worked,51,20,31
S01012539,All people aged 16 to 74 not in employment,183,80,103
S01012539,A B D E. Agriculture energy and water,11,7,4
S01012539,C. Manufacturing,23,16,7
S01012539,F. Construction,10,9,1
S01012539,G I. Distribution hotels and restaurants,33,8,25
S01012539,H J. Transport and communication,31,8,23
S01012539,K L M N. Financial real estate professional and administrative activities,14,6,8
S01012539,O P Q. Public administration education and health,34,11,23
S01012539,R S T U. Other,6,4,2
S01012539,Never worked,21,11,10
S01012540,All people aged 16 to 74 not in employment,242,106,136
S01012540,A B D E. Agriculture energy and water,13,10,3
S01012540,C. Manufacturing,26,15,11
S01012540,F. Construction,24,23,1
S01012540,G I. Distribution hotels and restaurants,46,19,27
S01012540,H J. Transport and communication,32,6,26
S01012540,K L M N. Financial real estate professional and administrative activities,15,5,10
S01012540,O P Q. Public administration education and health,36,4,32
S01012540,R S T U. Other,12,5,7
S01012540,Never worked,38,19,19
S01012541,All people aged 16 to 74 not in employment,251,126,125
S01012541,A B D E. Agriculture energy and water,16,13,3
S01012541,C. Manufacturing,30,24,6
S01012541,F. Construction,19,15,4
S01012541,G I. Distribution hotels and restaurants,41,25,16
S01012541,H J. Transport and communication,21,5,16
S01012541,K L M N. Financial real estate professional and administrative activities,25,8,17
S01012541,O P Q. Public administration education and health,54,9,45
S01012541,R S T U. Other,7,3,4
S01012541,Never worked,38,24,14
S01012542,All people aged 16 to 74 not in employment,312,144,168
S01012542,A B D E. Agriculture energy and water,8,7,1
S01012542,C. Manufacturing,29,17,12
S01012542,F. Construction,16,15,1
S01012542,G I. Distribution hotels and restaurants,55,22,33
S01012542,H J. Transport and communication,21,7,14
S01012542,K L M N. Financial real estate professional and administrative activities,22,12,10
S01012542,O P Q. Public administration education and health,66,19,47
S01012542,R S T U. Other,11,4,7
S01012542,Never worked,84,41,43
S01012543,All people aged 16 to 74 not in employment,170,67,103
S01012543,A B D E. Agriculture energy and water,7,5,2
S01012543,C. Manufacturing,18,11,7
S01012543,F. Construction,11,8,3
S01012543,G I. Distribution hotels and restaurants,32,9,23
S01012543,H J. Transport and communication,17,4,13
S01012543,K L M N. Financial real estate professional and administrative activities,19,12,7
S01012543,O P Q. Public administration education and health,45,7,38
S01012543,R S T U. Other,4,1,3
S01012543,Never worked,17,10,7
S01012544,All people aged 16 to 74 not in employment,208,99,109
S01012544,A B D E. Agriculture energy and water,7,3,4
S01012544,C. Manufacturing,29,14,15
S01012544,F. Construction,23,18,5
S01012544,G I. Distribution hotels and restaurants,33,14,19
S01012544,H J. Transport and communication,13,4,9
S01012544,K L M N. Financial real estate professional and administrative activities,24,13,11
S01012544,O P Q. Public administration education and health,50,17,33
S01012544,R S T U. Other,9,5,4
S01012544,Never worked,20,11,9
S01012545,All people aged 16 to 74 not in employment,122,52,70
S01012545,A B D E. Agriculture energy and water,3,3,0
S01012545,C. Manufacturing,20,6,14
S01012545,F. Construction,10,8,2
S01012545,G I. Distribution hotels and restaurants,24,11,13
S01012545,H J. Transport and communication,10,4,6
S01012545,K L M N. Financial real estate professional and administrative activities,12,5,7
S01012545,O P Q. Public administration education and health,24,6,18
S01012545,R S T U. Other,5,2,3
S01012545,Never worked,14,7,7
S01012546,All people aged 16 to 74 not in employment,227,90,137
S01012546,A B D E. Agriculture energy and water,6,6,0
S01012546,C. Manufacturing,22,14,8
S01012546,F. Construction,18,14,4
S01012546,G I. Distribution hotels and restaurants,44,15,29
S01012546,H J. Transport and communication,23,5,18
S01012546,K L M N. Financial real estate professional and administrative activities,18,8,10
S01012546,O P Q. Public administration education and health,47,6,41
S01012546,R S T U. Other,19,3,16
S01012546,Never worked,30,19,11
S01012547,All people aged 16 to 74 not in employment,264,114,150
S01012547,A B D E. Agriculture energy and water,8,5,3
S01012547,C. Manufacturing,32,20,12
S01012547,F. Construction,17,15,2
S01012547,G I. Distribution hotels and restaurants,43,19,24
S01012547,H J. Transport and communication,11,2,9
S01012547,K L M N. Financial real estate professional and administrative activities,26,8,18
S01012547,O P Q. Public administration education and health,86,26,60
S01012547,R S T U. Other,9,6,3
S01012547,Never worked,32,13,19
S01012548,All people aged 16 to 74 not in employment,259,99,160
S01012548,A B D E. Agriculture energy and water,7,5,2
S01012548,C. Manufacturing,26,12,14
S01012548,F. Construction,12,11,1
S01012548,G I. Distribution hotels and restaurants,54,20,34
S01012548,H J. Transport and communication,20,4,16
S01012548,K L M N. Financial real estate professional and administrative activities,34,14,20
S01012548,O P Q. Public administration education and health,78,22,56
S01012548,R S T U. Other,8,2,6
S01012548,Never worked,20,9,11
S01012549,All people aged 16 to 74 not in employment,156,67,89
S01012549,A B D E. Agriculture energy and water,3,3,0
S01012549,C. Manufacturing,20,14,6
S01012549,F. Construction,10,9,1
S01012549,G I. Distribution hotels and restaurants,30,11,19
S01012549,H J. Transport and communication,15,5,10
S01012549,K L M N. Financial real estate professional and administrative activities,12,7,5
S01012549,O P Q. Public administration education and health,33,5,28
S01012549,R S T U. Other,8,3,5
S01012549,Never worked,25,10,15
S01012550,All people aged 16 to 74 not in employment,244,105,139
S01012550,A B D E. Agriculture energy and water,6,4,2
S01012550,C. Manufacturing,24,16,8
S01012550,F. Construction,14,13,1
S01012550,G I. Distribution hotels and restaurants,47,23,24
S01012550,H J. Transport and communication,19,5,14
S01012550,K L M N. Financial real estate professional and administrative activities,25,9,16
S01012550,O P Q. Public administration education and health,55,10,45
S01012550,R S T U. Other,13,6,7
S01012550,Never worked,41,19,22
S01012551,All people aged 16 to 74 not in employment,172,65,107
S01012551,A B D E. Agriculture energy and water,2,2,0
S01012551,C. Manufacturing,27,16,11
S01012551,F. Construction,8,6,2
S01012551,G I. Distribution hotels and restaurants,35,11,24
S01012551,H J. Transport and communication,13,6,7
S01012551,K L M N. Financial real estate professional and administrative activities,24,9,15
S01012551,O P Q. Public administration education and health,47,12,35
S01012551,R S T U. Other,3,0,3
S01012551,Never worked,13,3,10
S01012552,All people aged 16 to 74 not in employment,246,102,144
S01012552,A B D E. Agriculture energy and water,9,7,2
S01012552,C. Manufacturing,29,19,10
S01012552,F. Construction,9,6,3
S01012552,G I. Distribution hotels and restaurants,51,22,29
S01012552,H J. Transport and communication,13,8,5
S01012552,K L M N. Financial real estate professional and administrative activities,27,8,19
S01012552,O P Q. Public administration education and health,72,15,57
S01012552,R S T U. Other,9,3,6
S01012552,Never worked,27,14,13
S01012553,All people aged 16 to 74 not in employment,159,69,90
S01012553,A B D E. Agriculture energy and water,3,2,1
S01012553,C. Manufacturing,17,10,7
S01012553,F. Construction,4,3,1
S01012553,G I. Distribution hotels and restaurants,32,12,20
S01012553,H J. Transport and communication,18,9,9
S01012553,K L M N. Financial real estate professional and administrative activities,15,5,10
S01012553,O P Q. Public administration education and health,40,12,28
S01012553,R S T U. Other,5,0,5
S01012553,Never worked,25,16,9
S01012554,All people aged 16 to 74 not in employment,123,57,66
S01012554,A B D E. Agriculture energy and water,3,3,0
S01012554,C. Manufacturing,8,7,1
S01012554,F. Construction,7,6,1
S01012554,G I. Distribution hotels and restaurants,22,10,12
S01012554,H J. Transport and communication,14,7,7
S01012554,K L M N. Financial real estate professional and administrative activities,10,2,8
S01012554,O P Q. Public administration education and health,41,11,30
S01012554,R S T U. Other,4,2,2
S01012554,Never worked,14,9,5
S01012555,All people aged 16 to 74 not in employment,139,69,70
S01012555,A B D E. Agriculture energy and water,3,2,1
S01012555,C. Manufacturing,10,4,6
S01012555,F. Construction,4,3,1
S01012555,G I. Distribution hotels and restaurants,30,18,12
S01012555,H J. Transport and communication,15,8,7
S01012555,K L M N. Financial real estate professional and administrative activities,20,11,9
S01012555,O P Q. Public administration education and health,35,12,23
S01012555,R S T U. Other,7,2,5
S01012555,Never worked,15,9,6
S01012556,All people aged 16 to 74 not in employment,157,72,85
S01012556,A B D E. Agriculture energy and water,7,6,1
S01012556,C. Manufacturing,17,12,5
S01012556,F. Construction,5,5,0
S01012556,G I. Distribution hotels and restaurants,24,10,14
S01012556,H J. Transport and communication,12,6,6
S01012556,K L M N. Financial real estate professional and administrative activities,18,5,13
S01012556,O P Q. Public administration education and health,41,11,30
S01012556,R S T U. Other,5,0,5
S01012556,Never worked,28,17,11
S01012557,All people aged 16 to 74 not in employment,185,84,101
S01012557,A B D E. Agriculture energy and water,4,3,1
S01012557,C. Manufacturing,22,15,7
S01012557,F. Construction,7,6,1
S01012557,G I. Distribution hotels and restaurants,26,10,16
S01012557,H J. Transport and communication,12,8,4
S01012557,K L M N. Financial real estate professional and administrative activities,28,9,19
S01012557,O P Q. Public administration education and health,55,17,38
S01012557,R S T U. Other,9,2,7
S01012557,Never worked,22,14,8
S01012558,All people aged 16 to 74 not in employment,177,84,93
S01012558,A B D E. Agriculture energy and water,3,3,0
S01012558,C. Manufacturing,22,15,7
S01012558,F. Construction,12,10,2
S01012558,G I. Distribution hotels and restaurants,32,11,21
S01012558,H J. Transport and communication,19,9,10
S01012558,K L M N. Financial real estate professional and administrative activities,12,5,7
S01012558,O P Q. Public administration education and health,45,13,32
S01012558,R S T U. Other,7,4,3
S01012558,Never worked,25,14,11
S01012559,All people aged 16 to 74 not in employment,246,109,137
S01012559,A B D E. Agriculture energy and water,11,7,4
S01012559,C. Manufacturing,28,20,8
S01012559,F. Construction,14,13,1
S01012559,G I. Distribution hotels and restaurants,47,21,26
S01012559,H J. Transport and communication,26,9,17
S01012559,K L M N. Financial real estate professional and administrative activities,18,4,14
S01012559,O P Q. Public administration education and health,58,20,38
S01012559,R S T U. Other,19,3,16
S01012559,Never worked,25,12,13
S01012560,All people aged 16 to 74 not in employment,178,74,104
S01012560,A B D E. Agriculture energy and water,5,4,1
S01012560,C. Manufacturing,29,19,10
S01012560,F. Construction,14,13,1
S01012560,G I. Distribution hotels and restaurants,40,9,31
S01012560,H J. Transport and communication,13,1,12
S01012560,K L M N. Financial real estate professional and administrative activities,15,5,10
S01012560,O P Q. Public administration education and health,34,14,20
S01012560,R S T U. Other,13,3,10
S01012560,Never worked,15,6,9
S01012561,All people aged 16 to 74 not in employment,232,95,137
S01012561,A B D E. Agriculture energy and water,3,2,1
S01012561,C. Manufacturing,16,12,4
S01012561,F. Construction,8,8,0
S01012561,G I. Distribution hotels and restaurants,39,18,21
S01012561,H J. Transport and communication,27,9,18
S01012561,K L M N. Financial real estate professional and administrative activities,25,10,15
S01012561,O P Q. Public administration education and health,65,15,50
S01012561,R S T U. Other,9,3,6
S01012561,Never worked,40,18,22
S01012562,All people aged 16 to 74 not in employment,232,108,124
S01012562,A B D E. Agriculture energy and water,6,6,0
S01012562,C. Manufacturing,31,25,6
S01012562,F. Construction,17,14,3
S01012562,G I. Distribution hotels and restaurants,42,18,24
S01012562,H J. Transport and communication,21,3,18
S01012562,K L M N. Financial real estate professional and administrative activities,26,15,11
S01012562,O P Q. Public administration education and health,48,11,37
S01012562,R S T U. Other,13,4,9
S01012562,Never worked,28,12,16
S01012563,All people aged 16 to 74 not in employment,228,95,133
S01012563,A B D E. Agriculture energy and water,4,3,1
S01012563,C. Manufacturing,26,17,9
S01012563,F. Construction,5,4,1
S01012563,G I. Distribution hotels and restaurants,41,18,23
S01012563,H J. Transport and communication,18,7,11
S01012563,K L M N. Financial real estate professional and administrative activities,34,9,25
S01012563,O P Q. Public administration education and health,76,22,54
S01012563,R S T U. Other,1,1,0
S01012563,Never worked,23,14,9
S01012564,All people aged 16 to 74 not in employment,254,98,156
S01012564,A B D E. Agriculture energy and water,6,5,1
S01012564,C. Manufacturing,30,21,9
S01012564,F. Construction,10,9,1
S01012564,G I. Distribution hotels and restaurants,44,12,32
S01012564,H J. Transport and communication,17,8,9
S01012564,K L M N. Financial real estate professional and administrative activities,29,9,20
S01012564,O P Q. Public administration education and health,84,19,65
S01012564,R S T U. Other,11,5,6
S01012564,Never worked,23,10,13
S01012565,All people aged 16 to 74 not in employment,218,80,138
S01012565,A B D E. Agriculture energy and water,2,1,1
S01012565,C. Manufacturing,17,10,7
S01012565,F. Construction,11,10,1
S01012565,G I. Distribution hotels and restaurants,45,16,29
S01012565,H J. Transport and communication,19,8,11
S01012565,K L M N. Financial real estate professional and administrative activities,19,7,12
S01012565,O P Q. Public administration education and health,77,15,62
S01012565,R S T U. Other,10,4,6
S01012565,Never worked,18,9,9
S01012566,All people aged 16 to 74 not in employment,195,77,118
S01012566,A B D E. Agriculture energy and water,0,0,0
S01012566,C. Manufacturing,20,12,8
S01012566,F. Construction,10,8,2
S01012566,G I. Distribution hotels and restaurants,24,9,15
S01012566,H J. Transport and communication,25,12,13
S01012566,K L M N. Financial real estate professional and administrative activities,19,5,14
S01012566,O P Q. Public administration education and health,59,17,42
S01012566,R S T U. Other,16,6,10
S01012566,Never worked,22,8,14
S01012567,All people aged 16 to 74 not in employment,321,148,173
S01012567,A B D E. Agriculture energy and water,7,2,5
S01012567,C. Manufacturing,27,20,7
S01012567,F. Construction,13,11,2
S01012567,G I. Distribution hotels and restaurants,67,28,39
S01012567,H J. Transport and communication,32,15,17
S01012567,K L M N. Financial real estate professional and administrative activities,38,20,18
S01012567,O P Q. Public administration education and health,79,21,58
S01012567,R S T U. Other,18,9,9
S01012567,Never worked,40,22,18
S01012568,All people aged 16 to 74 not in employment,203,92,111
S01012568,A B D E. Agriculture energy and water,2,1,1
S01012568,C. Manufacturing,24,18,6
S01012568,F. Construction,8,6,2
S01012568,G I. Distribution hotels and restaurants,22,9,13
S01012568,H J. Transport and communication,13,6,7
S01012568,K L M N. Financial real estate professional and administrative activities,27,8,19
S01012568,O P Q. Public administration education and health,71,21,50
S01012568,R S T U. Other,10,7,3
S01012568,Never worked,26,16,10
S01012569,All people aged 16 to 74 not in employment,236,92,144
S01012569,A B D E. Agriculture energy and water,6,4,2
S01012569,C. Manufacturing,20,14,6
S01012569,F. Construction,8,7,1
S01012569,G I. Distribution hotels and restaurants,37,11,26
S01012569,H J. Transport and communication,18,12,6
S01012569,K L M N. Financial real estate professional and administrative activities,30,12,18
S01012569,O P Q. Public administration education and health,74,17,57
S01012569,R S T U. Other,10,2,8
S01012569,Never worked,33,13,20
S01012570,All people aged 16 to 74 not in employment,127,51,76
S01012570,A B D E. Agriculture energy and water,9,9,0
S01012570,C. Manufacturing,5,2,3
S01012570,F. Construction,10,8,2
S01012570,G I. Distribution hotels and restaurants,20,8,12
S01012570,H J. Transport and communication,15,3,12
S01012570,K L M N. Financial real estate professional and administrative activities,11,3,8
S01012570,O P Q. Public administration education and health,25,5,20
S01012570,R S T U. Other,10,2,8
S01012570,Never worked,22,11,11
S01012571,All people aged 16 to 74 not in employment,221,101,120
S01012571,A B D E. Agriculture energy and water,11,9,2
S01012571,C. Manufacturing,13,10,3
S01012571,F. Construction,14,12,2
S01012571,G I. Distribution hotels and restaurants,50,27,23
S01012571,H J. Transport and communication,21,5,16
S01012571,K L M N. Financial real estate professional and administrative activities,20,12,8
S01012571,O P Q. Public administration education and health,58,10,48
S01012571,R S T U. Other,10,3,7
S01012571,Never worked,24,13,11
S01012572,All people aged 16 to 74 not in employment,144,56,88
S01012572,A B D E. Agriculture energy and water,5,3,2
S01012572,C. Manufacturing,15,7,8
S01012572,F. Construction,9,8,1
S01012572,G I. Distribution hotels and restaurants,29,12,17
S01012572,H J. Transport and communication,9,2,7
S01012572,K L M N. Financial real estate professional and administrative activities,11,5,6
S01012572,O P Q. Public administration education and health,33,7,26
S01012572,R S T U. Other,9,1,8
S01012572,Never worked,24,11,13
S01012573,All people aged 16 to 74 not in employment,191,74,117
S01012573,A B D E. Agriculture energy and water,13,8,5
S01012573,C. Manufacturing,14,9,5
S01012573,F. Construction,5,3,2
S01012573,G I. Distribution hotels and restaurants,34,14,20
S01012573,H J. Transport and communication,14,4,10
S01012573,K L M N. Financial real estate professional and administrative activities,15,3,12
S01012573,O P Q. Public administration education and health,56,16,40
S01012573,R S T U. Other,11,1,10
S01012573,Never worked,29,16,13
S01012574,All people aged 16 to 74 not in employment,205,78,127
S01012574,A B D E. Agriculture energy and water,9,5,4
S01012574,C. Manufacturing,13,7,6
S01012574,F. Construction,18,17,1
S01012574,G I. Distribution hotels and restaurants,26,8,18
S01012574,H J. Transport and communication,12,3,9
S01012574,K L M N. Financial real estate professional and administrative activities,20,4,16
S01012574,O P Q. Public administration education and health,73,20,53
S01012574,R S T U. Other,10,2,8
S01012574,Never worked,24,12,12
S01012575,All people aged 16 to 74 not in employment,144,60,84
S01012575,A B D E. Agriculture energy and water,9,7,2
S01012575,C. Manufacturing,5,3,2
S01012575,F. Construction,5,5,0
S01012575,G I. Distribution hotels and restaurants,24,11,13
S01012575,H J. Transport and communication,17,4,13
S01012575,K L M N. Financial real estate professional and administrative activities,11,5,6
S01012575,O P Q. Public administration education and health,43,15,28
S01012575,R S T U. Other,13,2,11
S01012575,Never worked,17,8,9
S01012576,All people aged 16 to 74 not in employment,162,53,109
S01012576,A B D E. Agriculture energy and water,13,9,4
S01012576,C. Manufacturing,5,2,3
S01012576,F. Construction,4,3,1
S01012576,G I. Distribution hotels and restaurants,35,10,25
S01012576,H J. Transport and communication,16,2,14
S01012576,K L M N. Financial real estate professional and administrative activities,20,10,10
S01012576,O P Q. Public administration education and health,55,15,40
S01012576,R S T U. Other,8,2,6
S01012576,Never worked,6,0,6
S01012577,All people aged 16 to 74 not in employment,165,67,98
S01012577,A B D E. Agriculture energy and water,14,11,3
S01012577,C. Manufacturing,11,3,8
S01012577,F. Construction,12,10,2
S01012577,G I. Distribution hotels and restaurants,31,10,21
S01012577,H J. Transport and communication,10,2,8
S01012577,K L M N. Financial real estate professional and administrative activities,18,9,9
S01012577,O P Q. Public administration education and health,46,11,35
S01012577,R S T U. Other,5,2,3
S01012577,Never worked,18,9,9
S01012578,All people aged 16 to 74 not in employment,250,110,140
S01012578,A B D E. Agriculture energy and water,17,10,7
S01012578,C. Manufacturing,20,14,6
S01012578,F. Construction,16,15,1
S01012578,G I. Distribution hotels and restaurants,42,16,26
S01012578,H J. Transport and communication,22,6,16
S01012578,K L M N. Financial real estate professional and administrative activities,24,12,12
S01012578,O P Q. Public administration education and health,71,19,52
S01012578,R S T U. Other,7,0,7
S01012578,Never worked,31,18,13
S01012579,All people aged 16 to 74 not in employment,180,71,109
S01012579,A B D E. Agriculture energy and water,11,11,0
S01012579,C. Manufacturing,16,7,9
S01012579,F. Construction,13,12,1
S01012579,G I. Distribution hotels and restaurants,26,10,16
S01012579,H J. Transport and communication,17,4,13
S01012579,K L M N. Financial real estate professional and administrative activities,19,8,11
S01012579,O P Q. Public administration education and health,40,8,32
S01012579,R S T U. Other,11,0,11
S01012579,Never worked,27,11,16
S01012580,All people aged 16 to 74 not in employment,170,63,107
S01012580,A B D E. Agriculture energy and water,13,7,6
S01012580,C. Manufacturing,16,10,6
S01012580,F. Construction,5,3,2
S01012580,G I. Distribution hotels and restaurants,18,9,9
S01012580,H J. Transport and communication,10,3,7
S01012580,K L M N. Financial real estate professional and administrative activities,20,5,15
S01012580,O P Q. Public administration education and health,51,10,41
S01012580,R S T U. Other,10,5,5
S01012580,Never worked,27,11,16
S01012581,All people aged 16 to 74 not in employment,200,92,108
S01012581,A B D E. Agriculture energy and water,10,8,2
S01012581,C. Manufacturing,12,6,6
S01012581,F. Construction,20,20,0
S01012581,G I. Distribution hotels and restaurants,37,13,24
S01012581,H J. Transport and communication,15,6,9
S01012581,K L M N. Financial real estate professional and administrative activities,17,12,5
S01012581,O P Q. Public administration education and health,44,5,39
S01012581,R S T U. Other,4,1,3
S01012581,Never worked,41,21,20
S01012582,All people aged 16 to 74 not in employment,196,95,101
S01012582,A B D E. Agriculture energy and water,15,9,6
S01012582,C. Manufacturing,14,9,5
S01012582,F. Construction,13,10,3
S01012582,G I. Distribution hotels and restaurants,22,9,13
S01012582,H J. Transport and communication,14,5,9
S01012582,K L M N. Financial real estate professional and administrative activities,20,12,8
S01012582,O P Q. Public administration education and health,57,19,38
S01012582,R S T U. Other,12,6,6
S01012582,Never worked,29,16,13
S01012583,All people aged 16 to 74 not in employment,177,89,88
S01012583,A B D E. Agriculture energy and water,6,6,0
S01012583,C. Manufacturing,19,8,11
S01012583,F. Construction,11,11,0
S01012583,G I. Distribution hotels and restaurants,42,19,23
S01012583,H J. Transport and communication,12,4,8
S01012583,K L M N. Financial real estate professional and administrative activities,13,9,4
S01012583,O P Q. Public administration education and health,38,13,25
S01012583,R S T U. Other,9,5,4
S01012583,Never worked,27,14,13
S01012584,All people aged 16 to 74 not in employment,187,86,101
S01012584,A B D E. Agriculture energy and water,14,10,4
S01012584,C. Manufacturing,15,8,7
S01012584,F. Construction,15,13,2
S01012584,G I. Distribution hotels and restaurants,34,15,19
S01012584,H J. Transport and communication,12,6,6
S01012584,K L M N. Financial real estate professional and administrative activities,18,8,10
S01012584,O P Q. Public administration education and health,51,13,38
S01012584,R S T U. Other,4,1,3
S01012584,Never worked,24,12,12
S01012585,All people aged 16 to 74 not in employment,220,87,133
S01012585,A B D E. Agriculture energy and water,9,8,1
S01012585,C. Manufacturing,17,10,7
S01012585,F. Construction,12,11,1
S01012585,G I. Distribution hotels and restaurants,45,16,29
S01012585,H J. Transport and communication,16,2,14
S01012585,K L M N. Financial real estate professional and administrative activities,15,7,8
S01012585,O P Q. Public administration education and health,55,10,45
S01012585,R S T U. Other,12,5,7
S01012585,Never worked,39,18,21
S01012586,All people aged 16 to 74 not in employment,293,196,97
S01012586,A B D E. Agriculture energy and water,12,7,5
S01012586,C. Manufacturing,22,16,6
S01012586,F. Construction,31,28,3
S01012586,G I. Distribution hotels and restaurants,43,26,17
S01012586,H J. Transport and communication,14,6,8
S01012586,K L M N. Financial real estate professional and administrative activities,33,22,11
S01012586,O P Q. Public administration education and health,54,23,31
S01012586,R S T U. Other,6,4,2
S01012586,Never worked,78,64,14
S01012587,All people aged 16 to 74 not in employment,194,80,114
S01012587,A B D E. Agriculture energy and water,7,6,1
S01012587,C. Manufacturing,26,10,16
S01012587,F. Construction,18,15,3
S01012587,G I. Distribution hotels and restaurants,30,14,16
S01012587,H J. Transport and communication,12,1,11
S01012587,K L M N. Financial real estate professional and administrative activities,13,6,7
S01012587,O P Q. Public administration education and health,53,12,41
S01012587,R S T U. Other,5,1,4
S01012587,Never worked,30,15,15
S01012588,All people aged 16 to 74 not in employment,155,60,95
S01012588,A B D E. Agriculture energy and water,9,6,3
S01012588,C. Manufacturing,14,6,8
S01012588,F. Construction,11,9,2
S01012588,G I. Distribution hotels and restaurants,27,11,16
S01012588,H J. Transport and communication,11,4,7
S01012588,K L M N. Financial real estate professional and administrative activities,18,7,11
S01012588,O P Q. Public administration education and health,36,5,31
S01012588,R S T U. Other,7,2,5
S01012588,Never worked,22,10,12
S01012589,All people aged 16 to 74 not in employment,173,69,104
S01012589,A B D E. Agriculture energy and water,9,6,3
S01012589,C. Manufacturing,21,10,11
S01012589,F. Construction,10,9,1
S01012589,G I. Distribution hotels and restaurants,33,12,21
S01012589,H J. Transport and communication,12,3,9
S01012589,K L M N. Financial real estate professional and administrative activities,14,3,11
S01012589,O P Q. Public administration education and health,38,10,28
S01012589,R S T U. Other,8,3,5
S01012589,Never worked,28,13,15
S01012590,All people aged 16 to 74 not in employment,250,101,149
S01012590,A B D E. Agriculture energy and water,10,9,1
S01012590,C. Manufacturing,33,11,22
S01012590,F. Construction,26,22,4
S01012590,G I. Distribution hotels and restaurants,49,23,26
S01012590,H J. Transport and communication,20,2,18
S01012590,K L M N. Financial real estate professional and administrative activities,22,5,17
S01012590,O P Q. Public administration education and health,44,9,35
S01012590,R S T U. Other,7,3,4
S01012590,Never worked,39,17,22
S01012591,All people aged 16 to 74 not in employment,304,139,165
S01012591,A B D E. Agriculture energy and water,24,21,3
S01012591,C. Manufacturing,52,25,27
S01012591,F. Construction,27,25,2
S01012591,G I. Distribution hotels and restaurants,49,21,28
S01012591,H J. Transport and communication,18,8,10
S01012591,K L M N. Financial real estate professional and administrative activities,18,6,12
S01012591,O P Q. Public administration education and health,60,15,45
S01012591,R S T U. Other,10,3,7
S01012591,Never worked,46,15,31
S01012592,All people aged 16 to 74 not in employment,133,62,71
S01012592,A B D E. Agriculture energy and water,3,3,0
S01012592,C. Manufacturing,14,13,1
S01012592,F. Construction,9,6,3
S01012592,G I. Distribution hotels and restaurants,27,11,16
S01012592,H J. Transport and communication,9,3,6
S01012592,K L M N. Financial real estate professional and administrative activities,11,4,7
S01012592,O P Q. Public administration education and health,35,10,25
S01012592,R S T U. Other,7,0,7
S01012592,Never worked,18,12,6
S01012593,All people aged 16 to 74 not in employment,176,77,99
S01012593,A B D E. Agriculture energy and water,4,2,2
S01012593,C. Manufacturing,16,8,8
S01012593,F. Construction,10,6,4
S01012593,G I. Distribution hotels and restaurants,33,12,21
S01012593,H J. Transport and communication,10,4,6
S01012593,K L M N. Financial real estate professional and administrative activities,17,7,10
S01012593,O P Q. Public administration education and health,47,14,33
S01012593,R S T U. Other,8,2,6
S01012593,Never worked,31,22,9
S01012594,All people aged 16 to 74 not in employment,149,64,85
S01012594,A B D E. Agriculture energy and water,3,1,2
S01012594,C. Manufacturing,14,6,8
S01012594,F. Construction,7,6,1
S01012594,G I. Distribution hotels and restaurants,22,9,13
S01012594,H J. Transport and communication,12,5,7
S01012594,K L M N. Financial real estate professional and administrative activities,17,10,7
S01012594,O P Q. Public administration education and health,41,11,30
S01012594,R S T U. Other,8,4,4
S01012594,Never worked,25,12,13
S01012595,All people aged 16 to 74 not in employment,195,82,113
S01012595,A B D E. Agriculture energy and water,3,2,1
S01012595,C. Manufacturing,12,6,6
S01012595,F. Construction,20,18,2
S01012595,G I. Distribution hotels and restaurants,48,21,27
S01012595,H J. Transport and communication,8,3,5
S01012595,K L M N. Financial real estate professional and administrative activities,20,8,12
S01012595,O P Q. Public administration education and health,53,12,41
S01012595,R S T U. Other,7,2,5
S01012595,Never worked,24,10,14
S01012596,All people aged 16 to 74 not in employment,230,100,130
S01012596,A B D E. Agriculture energy and water,2,1,1
S01012596,C. Manufacturing,28,14,14
S01012596,F. Construction,25,20,5
S01012596,G I. Distribution hotels and restaurants,38,21,17
S01012596,H J. Transport and communication,8,4,4
S01012596,K L M N. Financial real estate professional and administrative activities,26,11,15
S01012596,O P Q. Public administration education and health,46,5,41
S01012596,R S T U. Other,10,3,7
S01012596,Never worked,47,21,26
S01012597,All people aged 16 to 74 not in employment,84,34,50
S01012597,A B D E. Agriculture energy and water,3,1,2
S01012597,C. Manufacturing,8,8,0
S01012597,F. Construction,5,3,2
S01012597,G I. Distribution hotels and restaurants,22,8,14
S01012597,H J. Transport and communication,3,0,3
S01012597,K L M N. Financial real estate professional and administrative activities,8,5,3
S01012597,O P Q. Public administration education and health,15,2,13
S01012597,R S T U. Other,4,0,4
S01012597,Never worked,16,7,9
S01012598,All people aged 16 to 74 not in employment,142,63,79
S01012598,A B D E. Agriculture energy and water,5,4,1
S01012598,C. Manufacturing,9,7,2
S01012598,F. Construction,7,4,3
S01012598,G I. Distribution hotels and restaurants,20,10,10
S01012598,H J. Transport and communication,6,2,4
S01012598,K L M N. Financial real estate professional and administrative activities,15,10,5
S01012598,O P Q. Public administration education and health,49,14,35
S01012598,R S T U. Other,13,4,9
S01012598,Never worked,18,8,10
S01012599,All people aged 16 to 74 not in employment,177,73,104
S01012599,A B D E. Agriculture energy and water,3,0,3
S01012599,C. Manufacturing,20,11,9
S01012599,F. Construction,14,10,4
S01012599,G I. Distribution hotels and restaurants,29,15,14
S01012599,H J. Transport and communication,5,3,2
S01012599,K L M N. Financial real estate professional and administrative activities,22,3,19
S01012599,O P Q. Public administration education and health,50,18,32
S01012599,R S T U. Other,9,1,8
S01012599,Never worked,25,12,13
S01012600,All people aged 16 to 74 not in employment,173,77,96
S01012600,A B D E. Agriculture energy and water,4,4,0
S01012600,C. Manufacturing,18,12,6
S01012600,F. Construction,8,7,1
S01012600,G I. Distribution hotels and restaurants,18,10,8
S01012600,H J. Transport and communication,10,5,5
S01012600,K L M N. Financial real estate professional and administrative activities,25,10,15
S01012600,O P Q. Public administration education and health,59,12,47
S01012600,R S T U. Other,7,4,3
S01012600,Never worked,24,13,11
S01012601,All people aged 16 to 74 not in employment,171,70,101
S01012601,A B D E. Agriculture energy and water,2,1,1
S01012601,C. Manufacturing,11,10,1
S01012601,F. Construction,9,8,1
S01012601,G I. Distribution hotels and restaurants,34,15,19
S01012601,H J. Transport and communication,6,3,3
S01012601,K L M N. Financial real estate professional and administrative activities,19,3,16
S01012601,O P Q. Public administration education and health,59,14,45
S01012601,R S T U. Other,5,2,3
S01012601,Never worked,26,14,12
S01012602,All people aged 16 to 74 not in employment,190,75,115
S01012602,A B D E. Agriculture energy and water,0,0,0
S01012602,C. Manufacturing,18,9,9
S01012602,F. Construction,19,18,1
S01012602,G I. Distribution hotels and restaurants,34,16,18
S01012602,H J. Transport and communication,8,3,5
S01012602,K L M N. Financial real estate professional and administrative activities,28,7,21
S01012602,O P Q. Public administration education and health,37,3,34
S01012602,R S T U. Other,8,4,4
S01012602,Never worked,38,15,23
S01012603,All people aged 16 to 74 not in employment,231,114,117
S01012603,A B D E. Agriculture energy and water,8,7,1
S01012603,C. Manufacturing,28,19,9
S01012603,F. Construction,18,15,3
S01012603,G I. Distribution hotels and restaurants,47,27,20
S01012603,H J. Transport and communication,21,11,10
S01012603,K L M N. Financial real estate professional and administrative activities,22,8,14
S01012603,O P Q. Public administration education and health,49,10,39
S01012603,R S T U. Other,6,2,4
S01012603,Never worked,32,15,17
S01012604,All people aged 16 to 74 not in employment,218,85,133
S01012604,A B D E. Agriculture energy and water,7,4,3
S01012604,C. Manufacturing,22,9,13
S01012604,F. Construction,13,9,4
S01012604,G I. Distribution hotels and restaurants,34,12,22
S01012604,H J. Transport and communication,16,8,8
S01012604,K L M N. Financial real estate professional and administrative activities,27,14,13
S01012604,O P Q. Public administration education and health,58,15,43
S01012604,R S T U. Other,6,1,5
S01012604,Never worked,35,13,22
S01012605,All people aged 16 to 74 not in employment,175,74,101
S01012605,A B D E. Agriculture energy and water,4,4,0
S01012605,C. Manufacturing,23,17,6
S01012605,F. Construction,9,9,0
S01012605,G I. Distribution hotels and restaurants,37,16,21
S01012605,H J. Transport and communication,4,1,3
S01012605,K L M N. Financial real estate professional and administrative activities,16,7,9
S01012605,O P Q. Public administration education and health,51,10,41
S01012605,R S T U. Other,7,2,5
S01012605,Never worked,24,8,16
S01012606,All people aged 16 to 74 not in employment,62,18,44
S01012606,A B D E. Agriculture energy and water,1,1,0
S01012606,C. Manufacturing,3,3,0
S01012606,F. Construction,0,0,0
S01012606,G I. Distribution hotels and restaurants,14,4,10
S01012606,H J. Transport and communication,4,2,2
S01012606,K L M N. Financial real estate professional and administrative activities,7,1,6
S01012606,O P Q. Public administration education and health,16,3,13
S01012606,R S T U. Other,1,0,1
S01012606,Never worked,16,4,12
S01012607,All people aged 16 to 74 not in employment,210,90,120
S01012607,A B D E. Agriculture energy and water,9,6,3
S01012607,C. Manufacturing,24,12,12
S01012607,F. Construction,21,14,7
S01012607,G I. Distribution hotels and restaurants,35,16,19
S01012607,H J. Transport and communication,15,8,7
S01012607,K L M N. Financial real estate professional and administrative activities,14,4,10
S01012607,O P Q. Public administration education and health,46,11,35
S01012607,R S T U. Other,8,1,7
S01012607,Never worked,38,18,20
S01012608,All people aged 16 to 74 not in employment,223,103,120
S01012608,A B D E. Agriculture energy and water,5,4,1
S01012608,C. Manufacturing,37,23,14
S01012608,F. Construction,21,21,0
S01012608,G I. Distribution hotels and restaurants,37,13,24
S01012608,H J. Transport and communication,11,7,4
S01012608,K L M N. Financial real estate professional and administrative activities,15,5,10
S01012608,O P Q. Public administration education and health,57,14,43
S01012608,R S T U. Other,4,0,4
S01012608,Never worked,36,16,20
S01012609,All people aged 16 to 74 not in employment,254,100,154
S01012609,A B D E. Agriculture energy and water,2,2,0
S01012609,C. Manufacturing,31,20,11
S01012609,F. Construction,20,20,0
S01012609,G I. Distribution hotels and restaurants,46,18,28
S01012609,H J. Transport and communication,18,3,15
S01012609,K L M N. Financial real estate professional and administrative activities,17,5,12
S01012609,O P Q. Public administration education and health,62,9,53
S01012609,R S T U. Other,15,4,11
S01012609,Never worked,43,19,24
S01012610,All people aged 16 to 74 not in employment,306,138,168
S01012610,A B D E. Agriculture energy and water,12,9,3
S01012610,C. Manufacturing,37,21,16
S01012610,F. Construction,26,25,1
S01012610,G I. Distribution hotels and restaurants,58,20,38
S01012610,H J. Transport and communication,11,4,7
S01012610,K L M N. Financial real estate professional and administrative activities,21,5,16
S01012610,O P Q. Public administration education and health,53,15,38
S01012610,R S T U. Other,12,3,9
S01012610,Never worked,76,36,40
S01012611,All people aged 16 to 74 not in employment,254,112,142
S01012611,A B D E. Agriculture energy and water,9,6,3
S01012611,C. Manufacturing,35,20,15
S01012611,F. Construction,20,17,3
S01012611,G I. Distribution hotels and restaurants,30,13,17
S01012611,H J. Transport and communication,11,5,6
S01012611,K L M N. Financial real estate professional and administrative activities,18,8,10
S01012611,O P Q. Public administration education and health,86,24,62
S01012611,R S T U. Other,10,1,9
S01012611,Never worked,35,18,17
S01012612,All people aged 16 to 74 not in employment,273,113,160
S01012612,A B D E. Agriculture energy and water,7,5,2
S01012612,C. Manufacturing,27,19,8
S01012612,F. Construction,20,19,1
S01012612,G I. Distribution hotels and restaurants,43,17,26
S01012612,H J. Transport and communication,17,1,16
S01012612,K L M N. Financial real estate professional and administrative activities,31,12,19
S01012612,O P Q. Public administration education and health,65,16,49
S01012612,R S T U. Other,7,2,5
S01012612,Never worked,56,22,34
S01012613,All people aged 16 to 74 not in employment,199,88,111
S01012613,A B D E. Agriculture energy and water,4,3,1
S01012613,C. Manufacturing,23,14,9
S01012613,F. Construction,13,10,3
S01012613,G I. Distribution hotels and restaurants,39,18,21
S01012613,H J. Transport and communication,10,3,7
S01012613,K L M N. Financial real estate professional and administrative activities,23,11,12
S01012613,O P Q. Public administration education and health,52,11,41
S01012613,R S T U. Other,5,3,2
S01012613,Never worked,30,15,15
S01012614,All people aged 16 to 74 not in employment,305,145,160
S01012614,A B D E. Agriculture energy and water,5,4,1
S01012614,C. Manufacturing,26,19,7
S01012614,F. Construction,19,16,3
S01012614,G I. Distribution hotels and restaurants,53,28,25
S01012614,H J. Transport and communication,27,12,15
S01012614,K L M N. Financial real estate professional and administrative activities,26,12,14
S01012614,O P Q. Public administration education and health,91,24,67
S01012614,R S T U. Other,11,5,6
S01012614,Never worked,47,25,22
S01012615,All people aged 16 to 74 not in employment,182,74,108
S01012615,A B D E. Agriculture energy and water,6,4,2
S01012615,C. Manufacturing,15,8,7
S01012615,F. Construction,16,12,4
S01012615,G I. Distribution hotels and restaurants,28,15,13
S01012615,H J. Transport and communication,9,1,8
S01012615,K L M N. Financial real estate professional and administrative activities,21,4,17
S01012615,O P Q. Public administration education and health,45,7,38
S01012615,R S T U. Other,5,4,1
S01012615,Never worked,37,19,18
S01012616,All people aged 16 to 74 not in employment,236,93,143
S01012616,A B D E. Agriculture energy and water,9,7,2
S01012616,C. Manufacturing,18,11,7
S01012616,F. Construction,16,11,5
S01012616,G I. Distribution hotels and restaurants,32,11,21
S01012616,H J. Transport and communication,15,3,12
S01012616,K L M N. Financial real estate professional and administrative activities,23,8,15
S01012616,O P Q. Public administration education and health,74,15,59
S01012616,R S T U. Other,11,5,6
S01012616,Never worked,38,22,16
S01012617,All people aged 16 to 74 not in employment,78,32,46
S01012617,A B D E. Agriculture energy and water,1,0,1
S01012617,C. Manufacturing,6,3,3
S01012617,F. Construction,9,7,2
S01012617,G I. Distribution hotels and restaurants,15,6,9
S01012617,H J. Transport and communication,1,1,0
S01012617,K L M N. Financial real estate professional and administrative activities,2,1,1
S01012617,O P Q. Public administration education and health,22,4,18
S01012617,R S T U. Other,4,0,4
S01012617,Never worked,18,10,8
S01012618,All people aged 16 to 74 not in employment,128,49,79
S01012618,A B D E. Agriculture energy and water,4,1,3
S01012618,C. Manufacturing,10,6,4
S01012618,F. Construction,7,6,1
S01012618,G I. Distribution hotels and restaurants,22,10,12
S01012618,H J. Transport and communication,7,2,5
S01012618,K L M N. Financial real estate professional and administrative activities,8,4,4
S01012618,O P Q. Public administration education and health,32,5,27
S01012618,R S T U. Other,7,1,6
S01012618,Never worked,31,14,17
S01012619,All people aged 16 to 74 not in employment,182,90,92
S01012619,A B D E. Agriculture energy and water,3,2,1
S01012619,C. Manufacturing,15,10,5
S01012619,F. Construction,32,27,5
S01012619,G I. Distribution hotels and restaurants,40,18,22
S01012619,H J. Transport and communication,11,3,8
S01012619,K L M N. Financial real estate professional and administrative activities,4,2,2
S01012619,O P Q. Public administration education and health,34,7,27
S01012619,R S T U. Other,5,1,4
S01012619,Never worked,38,20,18
S01012620,All people aged 16 to 74 not in employment,197,85,112
S01012620,A B D E. Agriculture energy and water,8,5,3
S01012620,C. Manufacturing,15,8,7
S01012620,F. Construction,9,6,3
S01012620,G I. Distribution hotels and restaurants,37,22,15
S01012620,H J. Transport and communication,15,9,6
S01012620,K L M N. Financial real estate professional and administrative activities,21,7,14
S01012620,O P Q. Public administration education and health,63,18,45
S01012620,R S T U. Other,6,2,4
S01012620,Never worked,23,8,15
S01012621,All people aged 16 to 74 not in employment,180,90,90
S01012621,A B D E. Agriculture energy and water,4,3,1
S01012621,C. Manufacturing,17,14,3
S01012621,F. Construction,13,10,3
S01012621,G I. Distribution hotels and restaurants,20,10,10
S01012621,H J. Transport and communication,7,1,6
S01012621,K L M N. Financial real estate professional and administrative activities,22,6,16
S01012621,O P Q. Public administration education and health,56,20,36
S01012621,R S T U. Other,8,2,6
S01012621,Never worked,33,24,9
S01012622,All people aged 16 to 74 not in employment,195,87,108
S01012622,A B D E. Agriculture energy and water,6,4,2
S01012622,C. Manufacturing,15,10,5
S01012622,F. Construction,16,14,2
S01012622,G I. Distribution hotels and restaurants,32,14,18
S01012622,H J. Transport and communication,14,6,8
S01012622,K L M N. Financial real estate professional and administrative activities,19,8,11
S01012622,O P Q. Public administration education and health,54,10,44
S01012622,R S T U. Other,9,6,3
S01012622,Never worked,30,15,15
S01012623,All people aged 16 to 74 not in employment,205,91,114
S01012623,A B D E. Agriculture energy and water,7,4,3
S01012623,C. Manufacturing,14,10,4
S01012623,F. Construction,18,18,0
S01012623,G I. Distribution hotels and restaurants,37,17,20
S01012623,H J. Transport and communication,14,7,7
S01012623,K L M N. Financial real estate professional and administrative activities,14,6,8
S01012623,O P Q. Public administration education and health,67,16,51
S01012623,R S T U. Other,7,2,5
S01012623,Never worked,27,11,16
S01012624,All people aged 16 to 74 not in employment,191,75,116
S01012624,A B D E. Agriculture energy and water,3,2,1
S01012624,C. Manufacturing,10,6,4
S01012624,F. Construction,18,16,2
S01012624,G I. Distribution hotels and restaurants,35,13,22
S01012624,H J. Transport and communication,13,4,9
S01012624,K L M N. Financial real estate professional and administrative activities,20,7,13
S01012624,O P Q. Public administration education and health,47,11,36
S01012624,R S T U. Other,11,2,9
S01012624,Never worked,34,14,20
S01012625,All people aged 16 to 74 not in employment,142,72,70
S01012625,A B D E. Agriculture energy and water,3,2,1
S01012625,C. Manufacturing,11,7,4
S01012625,F. Construction,15,14,1
S01012625,G I. Distribution hotels and restaurants,29,15,14
S01012625,H J. Transport and communication,8,0,8
S01012625,K L M N. Financial real estate professional and administrative activities,9,6,3
S01012625,O P Q. Public administration education and health,29,7,22
S01012625,R S T U. Other,9,1,8
S01012625,Never worked,29,20,9
S01012626,All people aged 16 to 74 not in employment,125,53,72
S01012626,A B D E. Agriculture energy and water,4,4,0
S01012626,C. Manufacturing,9,5,4
S01012626,F. Construction,7,7,0
S01012626,G I. Distribution hotels and restaurants,34,15,19
S01012626,H J. Transport and communication,5,2,3
S01012626,K L M N. Financial real estate professional and administrative activities,9,3,6
S01012626,O P Q. Public administration education and health,37,9,28
S01012626,R S T U. Other,0,0,0
S01012626,Never worked,20,8,12
S01012627,All people aged 16 to 74 not in employment,174,82,92
S01012627,A B D E. Agriculture energy and water,3,3,0
S01012627,C. Manufacturing,12,5,7
S01012627,F. Construction,19,17,2
S01012627,G I. Distribution hotels and restaurants,29,13,16
S01012627,H J. Transport and communication,11,5,6
S01012627,K L M N. Financial real estate professional and administrative activities,15,10,5
S01012627,O P Q. Public administration education and health,42,14,28
S01012627,R S T U. Other,9,2,7
S01012627,Never worked,34,13,21
S01012628,All people aged 16 to 74 not in employment,190,67,123
S01012628,A B D E. Agriculture energy and water,6,4,2
S01012628,C. Manufacturing,17,8,9
S01012628,F. Construction,7,4,3
S01012628,G I. Distribution hotels and restaurants,27,9,18
S01012628,H J. Transport and communication,16,5,11
S01012628,K L M N. Financial real estate professional and administrative activities,22,8,14
S01012628,O P Q. Public administration education and health,58,9,49
S01012628,R S T U. Other,4,2,2
S01012628,Never worked,33,18,15
S01012629,All people aged 16 to 74 not in employment,101,48,53
S01012629,A B D E. Agriculture energy and water,4,2,2
S01012629,C. Manufacturing,9,3,6
S01012629,F. Construction,7,6,1
S01012629,G I. Distribution hotels and restaurants,16,6,10
S01012629,H J. Transport and communication,6,3,3
S01012629,K L M N. Financial real estate professional and administrative activities,10,5,5
S01012629,O P Q. Public administration education and health,27,9,18
S01012629,R S T U. Other,3,1,2
S01012629,Never worked,19,13,6
S01012630,All people aged 16 to 74 not in employment,260,115,145
S01012630,A B D E. Agriculture energy and water,4,2,2
S01012630,C. Manufacturing,21,13,8
S01012630,F. Construction,19,15,4
S01012630,G I. Distribution hotels and restaurants,39,21,18
S01012630,H J. Transport and communication,16,5,11
S01012630,K L M N. Financial real estate professional and administrative activities,36,21,15
S01012630,O P Q. Public administration education and health,79,18,61
S01012630,R S T U. Other,8,3,5
S01012630,Never worked,38,17,21
S01012631,All people aged 16 to 74 not in employment,255,121,134
S01012631,A B D E. Agriculture energy and water,9,5,4
S01012631,C. Manufacturing,28,19,9
S01012631,F. Construction,33,30,3
S01012631,G I. Distribution hotels and restaurants,48,22,26
S01012631,H J. Transport and communication,22,3,19
S01012631,K L M N. Financial real estate professional and administrative activities,23,11,12
S01012631,O P Q. Public administration education and health,35,6,29
S01012631,R S T U. Other,9,2,7
S01012631,Never worked,48,23,25
S01012632,All people aged 16 to 74 not in employment,176,76,100
S01012632,A B D E. Agriculture energy and water,3,2,1
S01012632,C. Manufacturing,16,8,8
S01012632,F. Construction,17,14,3
S01012632,G I. Distribution hotels and restaurants,43,18,25
S01012632,H J. Transport and communication,5,3,2
S01012632,K L M N. Financial real estate professional and administrative activities,14,5,9
S01012632,O P Q. Public administration education and health,47,12,35
S01012632,R S T U. Other,5,1,4
S01012632,Never worked,26,13,13
S01012633,All people aged 16 to 74 not in employment,191,85,106
S01012633,A B D E. Agriculture energy and water,12,8,4
S01012633,C. Manufacturing,16,12,4
S01012633,F. Construction,18,15,3
S01012633,G I. Distribution hotels and restaurants,34,13,21
S01012633,H J. Transport and communication,11,0,11
S01012633,K L M N. Financial real estate professional and administrative activities,21,9,12
S01012633,O P Q. Public administration education and health,49,16,33
S01012633,R S T U. Other,6,4,2
S01012633,Never worked,24,8,16
S01012634,All people aged 16 to 74 not in employment,227,119,108
S01012634,A B D E. Agriculture energy and water,12,10,2
S01012634,C. Manufacturing,29,18,11
S01012634,F. Construction,34,33,1
S01012634,G I. Distribution hotels and restaurants,36,13,23
S01012634,H J. Transport and communication,12,6,6
S01012634,K L M N. Financial real estate professional and administrative activities,22,13,9
S01012634,O P Q. Public administration education and health,49,7,42
S01012634,R S T U. Other,3,0,3
S01012634,Never worked,30,19,11
S01012635,All people aged 16 to 74 not in employment,287,117,170
S01012635,A B D E. Agriculture energy and water,12,10,2
S01012635,C. Manufacturing,26,14,12
S01012635,F. Construction,13,12,1
S01012635,G I. Distribution hotels and restaurants,50,17,33
S01012635,H J. Transport and communication,20,8,12
S01012635,K L M N. Financial real estate professional and administrative activities,32,14,18
S01012635,O P Q. Public administration education and health,85,21,64
S01012635,R S T U. Other,13,5,8
S01012635,Never worked,36,16,20
S01012636,All people aged 16 to 74 not in employment,120,44,76
S01012636,A B D E. Agriculture energy and water,8,4,4
S01012636,C. Manufacturing,8,3,5
S01012636,F. Construction,14,12,2
S01012636,G I. Distribution hotels and restaurants,18,5,13
S01012636,H J. Transport and communication,6,0,6
S01012636,K L M N. Financial real estate professional and administrative activities,13,7,6
S01012636,O P Q. Public administration education and health,31,7,24
S01012636,R S T U. Other,3,1,2
S01012636,Never worked,19,5,14
S01012637,All people aged 16 to 74 not in employment,273,115,158
S01012637,A B D E. Agriculture energy and water,10,7,3
S01012637,C. Manufacturing,45,20,25
S01012637,F. Construction,21,19,2
S01012637,G I. Distribution hotels and restaurants,49,26,23
S01012637,H J. Transport and communication,28,6,22
S01012637,K L M N. Financial real estate professional and administrative activities,19,8,11
S01012637,O P Q. Public administration education and health,39,8,31
S01012637,R S T U. Other,5,1,4
S01012637,Never worked,57,20,37
S01012638,All people aged 16 to 74 not in employment,257,104,153
S01012638,A B D E. Agriculture energy and water,11,9,2
S01012638,C. Manufacturing,26,11,15
S01012638,F. Construction,18,16,2
S01012638,G I. Distribution hotels and restaurants,66,33,33
S01012638,H J. Transport and communication,13,1,12
S01012638,K L M N. Financial real estate professional and administrative activities,27,12,15
S01012638,O P Q. Public administration education and health,58,9,49
S01012638,R S T U. Other,5,2,3
S01012638,Never worked,33,11,22
S01012639,All people aged 16 to 74 not in employment,235,104,131
S01012639,A B D E. Agriculture energy and water,14,10,4
S01012639,C. Manufacturing,37,18,19
S01012639,F. Construction,19,17,2
S01012639,G I. Distribution hotels and restaurants,28,18,10
S01012639,H J. Transport and communication,12,1,11
S01012639,K L M N. Financial real estate professional and administrative activities,16,8,8
S01012639,O P Q. Public administration education and health,65,9,56
S01012639,R S T U. Other,8,5,3
S01012639,Never worked,36,18,18
S01012640,All people aged 16 to 74 not in employment,372,168,204
S01012640,A B D E. Agriculture energy and water,23,19,4
S01012640,C. Manufacturing,35,13,22
S01012640,F. Construction,32,31,1
S01012640,G I. Distribution hotels and restaurants,67,38,29
S01012640,H J. Transport and communication,21,5,16
S01012640,K L M N. Financial real estate professional and administrative activities,35,16,19
S01012640,O P Q. Public administration education and health,83,25,58
S01012640,R S T U. Other,13,2,11
S01012640,Never worked,63,19,44
S01012641,All people aged 16 to 74 not in employment,280,120,160
S01012641,A B D E. Agriculture energy and water,11,10,1
S01012641,C. Manufacturing,35,13,22
S01012641,F. Construction,33,31,2
S01012641,G I. Distribution hotels and restaurants,45,20,25
S01012641,H J. Transport and communication,16,2,14
S01012641,K L M N. Financial real estate professional and administrative activities,19,7,12
S01012641,O P Q. Public administration education and health,74,16,58
S01012641,R S T U. Other,8,3,5
S01012641,Never worked,39,18,21
S01012642,All people aged 16 to 74 not in employment,307,126,181
S01012642,A B D E. Agriculture energy and water,9,5,4
S01012642,C. Manufacturing,38,11,27
S01012642,F. Construction,41,39,2
S01012642,G I. Distribution hotels and restaurants,45,18,27
S01012642,H J. Transport and communication,20,5,15
S01012642,K L M N. Financial real estate professional and administrative activities,28,13,15
S01012642,O P Q. Public administration education and health,55,5,50
S01012642,R S T U. Other,6,2,4
S01012642,Never worked,65,28,37
S01012643,All people aged 16 to 74 not in employment,136,56,80
S01012643,A B D E. Agriculture energy and water,10,4,6
S01012643,C. Manufacturing,20,5,15
S01012643,F. Construction,16,14,2
S01012643,G I. Distribution hotels and restaurants,21,14,7
S01012643,H J. Transport and communication,9,0,9
S01012643,K L M N. Financial real estate professional and administrative activities,6,3,3
S01012643,O P Q. Public administration education and health,27,3,24
S01012643,R S T U. Other,4,4,0
S01012643,Never worked,23,9,14
S01012644,All people aged 16 to 74 not in employment,186,79,107
S01012644,A B D E. Agriculture energy and water,4,3,1
S01012644,C. Manufacturing,13,5,8
S01012644,F. Construction,13,13,0
S01012644,G I. Distribution hotels and restaurants,35,18,17
S01012644,H J. Transport and communication,8,2,6
S01012644,K L M N. Financial real estate professional and administrative activities,24,12,12
S01012644,O P Q. Public administration education and health,40,4,36
S01012644,R S T U. Other,5,3,2
S01012644,Never worked,44,19,25
S01012645,All people aged 16 to 74 not in employment,196,86,110
S01012645,A B D E. Agriculture energy and water,9,6,3
S01012645,C. Manufacturing,22,15,7
S01012645,F. Construction,16,15,1
S01012645,G I. Distribution hotels and restaurants,41,16,25
S01012645,H J. Transport and communication,11,2,9
S01012645,K L M N. Financial real estate professional and administrative activities,17,7,10
S01012645,O P Q. Public administration education and health,42,10,32
S01012645,R S T U. Other,7,3,4
S01012645,Never worked,31,12,19
S01012646,All people aged 16 to 74 not in employment,209,86,123
S01012646,A B D E. Agriculture energy and water,6,4,2
S01012646,C. Manufacturing,13,7,6
S01012646,F. Construction,13,7,6
S01012646,G I. Distribution hotels and restaurants,38,17,21
S01012646,H J. Transport and communication,12,2,10
S01012646,K L M N. Financial real estate professional and administrative activities,29,12,17
S01012646,O P Q. Public administration education and health,60,16,44
S01012646,R S T U. Other,7,4,3
S01012646,Never worked,31,17,14
S01012647,All people aged 16 to 74 not in employment,103,34,69
S01012647,A B D E. Agriculture energy and water,1,0,1
S01012647,C. Manufacturing,7,3,4
S01012647,F. Construction,12,10,2
S01012647,G I. Distribution hotels and restaurants,18,1,17
S01012647,H J. Transport and communication,6,1,5
S01012647,K L M N. Financial real estate professional and administrative activities,11,4,7
S01012647,O P Q. Public administration education and health,29,7,22
S01012647,R S T U. Other,4,2,2
S01012647,Never worked,15,6,9
S01012648,All people aged 16 to 74 not in employment,180,79,101
S01012648,A B D E. Agriculture energy and water,5,3,2
S01012648,C. Manufacturing,36,12,24
S01012648,F. Construction,13,11,2
S01012648,G I. Distribution hotels and restaurants,30,12,18
S01012648,H J. Transport and communication,7,3,4
S01012648,K L M N. Financial real estate professional and administrative activities,15,11,4
S01012648,O P Q. Public administration education and health,30,6,24
S01012648,R S T U. Other,6,3,3
S01012648,Never worked,38,18,20
S01012649,All people aged 16 to 74 not in employment,199,85,114
S01012649,A B D E. Agriculture energy and water,7,3,4
S01012649,C. Manufacturing,13,7,6
S01012649,F. Construction,10,9,1
S01012649,G I. Distribution hotels and restaurants,23,9,14
S01012649,H J. Transport and communication,16,9,7
S01012649,K L M N. Financial real estate professional and administrative activities,9,7,2
S01012649,O P Q. Public administration education and health,52,10,42
S01012649,R S T U. Other,8,5,3
S01012649,Never worked,61,26,35
S01012650,All people aged 16 to 74 not in employment,163,73,90
S01012650,A B D E. Agriculture energy and water,7,3,4
S01012650,C. Manufacturing,23,13,10
S01012650,F. Construction,12,10,2
S01012650,G I. Distribution hotels and restaurants,25,12,13
S01012650,H J. Transport and communication,8,1,7
S01012650,K L M N. Financial real estate professional and administrative activities,14,6,8
S01012650,O P Q. Public administration education and health,48,17,31
S01012650,R S T U. Other,6,0,6
S01012650,Never worked,20,11,9
S01012651,All people aged 16 to 74 not in employment,210,108,102
S01012651,A B D E. Agriculture energy and water,7,5,2
S01012651,C. Manufacturing,45,20,25
S01012651,F. Construction,29,28,1
S01012651,G I. Distribution hotels and restaurants,43,19,24
S01012651,H J. Transport and communication,14,1,13
S01012651,K L M N. Financial real estate professional and administrative activities,19,13,6
S01012651,O P Q. Public administration education and health,21,4,17
S01012651,R S T U. Other,3,1,2
S01012651,Never worked,29,17,12
S01012652,All people aged 16 to 74 not in employment,251,100,151
S01012652,A B D E. Agriculture energy and water,2,1,1
S01012652,C. Manufacturing,31,16,15
S01012652,F. Construction,17,13,4
S01012652,G I. Distribution hotels and restaurants,48,20,28
S01012652,H J. Transport and communication,10,4,6
S01012652,K L M N. Financial real estate professional and administrative activities,29,12,17
S01012652,O P Q. Public administration education and health,74,15,59
S01012652,R S T U. Other,9,4,5
S01012652,Never worked,31,15,16
S01012653,All people aged 16 to 74 not in employment,264,124,140
S01012653,A B D E. Agriculture energy and water,10,10,0
S01012653,C. Manufacturing,29,8,21
S01012653,F. Construction,29,29,0
S01012653,G I. Distribution hotels and restaurants,42,16,26
S01012653,H J. Transport and communication,16,7,9
S01012653,K L M N. Financial real estate professional and administrative activities,20,7,13
S01012653,O P Q. Public administration education and health,34,6,28
S01012653,R S T U. Other,13,4,9
S01012653,Never worked,71,37,34
S01012654,All people aged 16 to 74 not in employment,172,75,97
S01012654,A B D E. Agriculture energy and water,3,3,0
S01012654,C. Manufacturing,26,11,15
S01012654,F. Construction,11,11,0
S01012654,G I. Distribution hotels and restaurants,29,13,16
S01012654,H J. Transport and communication,11,1,10
S01012654,K L M N. Financial real estate professional and administrative activities,25,15,10
S01012654,O P Q. Public administration education and health,40,7,33
S01012654,R S T U. Other,4,0,4
S01012654,Never worked,23,14,9
S01012655,All people aged 16 to 74 not in employment,323,142,181
S01012655,A B D E. Agriculture energy and water,13,8,5
S01012655,C. Manufacturing,50,13,37
S01012655,F. Construction,38,35,3
S01012655,G I. Distribution hotels and restaurants,49,21,28
S01012655,H J. Transport and communication,20,8,12
S01012655,K L M N. Financial real estate professional and administrative activities,21,10,11
S01012655,O P Q. Public administration education and health,61,18,43
S01012655,R S T U. Other,5,1,4
S01012655,Never worked,66,28,38
S01012656,All people aged 16 to 74 not in employment,249,105,144
S01012656,A B D E. Agriculture energy and water,11,7,4
S01012656,C. Manufacturing,46,20,26
S01012656,F. Construction,32,29,3
S01012656,G I. Distribution hotels and restaurants,49,20,29
S01012656,H J. Transport and communication,12,4,8
S01012656,K L M N. Financial real estate professional and administrative activities,23,8,15
S01012656,O P Q. Public administration education and health,39,7,32
S01012656,R S T U. Other,7,2,5
S01012656,Never worked,30,8,22
S01012657,All people aged 16 to 74 not in employment,160,63,97
S01012657,A B D E. Agriculture energy and water,3,0,3
S01012657,C. Manufacturing,33,14,19
S01012657,F. Construction,19,18,1
S01012657,G I. Distribution hotels and restaurants,29,12,17
S01012657,H J. Transport and communication,3,2,1
S01012657,K L M N. Financial real estate professional and administrative activities,7,1,6
S01012657,O P Q. Public administration education and health,29,3,26
S01012657,R S T U. Other,9,1,8
S01012657,Never worked,28,12,16
S01012658,All people aged 16 to 74 not in employment,262,100,162
S01012658,A B D E. Agriculture energy and water,8,4,4
S01012658,C. Manufacturing,29,16,13
S01012658,F. Construction,24,21,3
S01012658,G I. Distribution hotels and restaurants,56,21,35
S01012658,H J. Transport and communication,17,2,15
S01012658,K L M N. Financial real estate professional and administrative activities,23,8,15
S01012658,O P Q. Public administration education and health,67,13,54
S01012658,R S T U. Other,9,1,8
S01012658,Never worked,29,14,15
S01012659,All people aged 16 to 74 not in employment,156,65,91
S01012659,A B D E. Agriculture energy and water,2,1,1
S01012659,C. Manufacturing,18,9,9
S01012659,F. Construction,12,9,3
S01012659,G I. Distribution hotels and restaurants,34,13,21
S01012659,H J. Transport and communication,4,0,4
S01012659,K L M N. Financial real estate professional and administrative activities,16,7,9
S01012659,O P Q. Public administration education and health,32,7,25
S01012659,R S T U. Other,5,3,2
S01012659,Never worked,33,16,17
S01012660,All people aged 16 to 74 not in employment,203,90,113
S01012660,A B D E. Agriculture energy and water,6,3,3
S01012660,C. Manufacturing,47,22,25
S01012660,F. Construction,20,19,1
S01012660,G I. Distribution hotels and restaurants,34,14,20
S01012660,H J. Transport and communication,13,2,11
S01012660,K L M N. Financial real estate professional and administrative activities,14,6,8
S01012660,O P Q. Public administration education and health,40,11,29
S01012660,R S T U. Other,6,1,5
S01012660,Never worked,23,12,11
S01012661,All people aged 16 to 74 not in employment,175,68,107
S01012661,A B D E. Agriculture energy and water,4,2,2
S01012661,C. Manufacturing,23,9,14
S01012661,F. Construction,19,15,4
S01012661,G I. Distribution hotels and restaurants,30,11,19
S01012661,H J. Transport and communication,13,6,7
S01012661,K L M N. Financial real estate professional and administrative activities,15,8,7
S01012661,O P Q. Public administration education and health,43,4,39
S01012661,R S T U. Other,6,2,4
S01012661,Never worked,22,11,11
S01012662,All people aged 16 to 74 not in employment,255,107,148
S01012662,A B D E. Agriculture energy and water,9,5,4
S01012662,C. Manufacturing,45,15,30
S01012662,F. Construction,32,29,3
S01012662,G I. Distribution hotels and restaurants,49,22,27
S01012662,H J. Transport and communication,8,1,7
S01012662,K L M N. Financial real estate professional and administrative activities,23,13,10
S01012662,O P Q. Public administration education and health,46,9,37
S01012662,R S T U. Other,12,2,10
S01012662,Never worked,31,11,20
S01012663,All people aged 16 to 74 not in employment,210,96,114
S01012663,A B D E. Agriculture energy and water,7,4,3
S01012663,C. Manufacturing,30,13,17
S01012663,F. Construction,24,21,3
S01012663,G I. Distribution hotels and restaurants,39,12,27
S01012663,H J. Transport and communication,7,4,3
S01012663,K L M N. Financial real estate professional and administrative activities,24,12,12
S01012663,O P Q. Public administration education and health,38,8,30
S01012663,R S T U. Other,17,7,10
S01012663,Never worked,24,15,9
S01012664,All people aged 16 to 74 not in employment,217,103,114
S01012664,A B D E. Agriculture energy and water,2,1,1
S01012664,C. Manufacturing,39,20,19
S01012664,F. Construction,30,28,2
S01012664,G I. Distribution hotels and restaurants,44,16,28
S01012664,H J. Transport and communication,11,3,8
S01012664,K L M N. Financial real estate professional and administrative activities,13,5,8
S01012664,O P Q. Public administration education and health,42,13,29
S01012664,R S T U. Other,10,1,9
S01012664,Never worked,26,16,10
S01012665,All people aged 16 to 74 not in employment,259,101,158
S01012665,A B D E. Agriculture energy and water,13,7,6
S01012665,C. Manufacturing,61,22,39
S01012665,F. Construction,20,19,1
S01012665,G I. Distribution hotels and restaurants,45,21,24
S01012665,H J. Transport and communication,10,1,9
S01012665,K L M N. Financial real estate professional and administrative activities,22,9,13
S01012665,O P Q. Public administration education and health,39,7,32
S01012665,R S T U. Other,12,5,7
S01012665,Never worked,37,10,27
S01012666,All people aged 16 to 74 not in employment,244,88,156
S01012666,A B D E. Agriculture energy and water,11,7,4
S01012666,C. Manufacturing,57,20,37
S01012666,F. Construction,21,18,3
S01012666,G I. Distribution hotels and restaurants,39,12,27
S01012666,H J. Transport and communication,13,1,12
S01012666,K L M N. Financial real estate professional and administrative activities,23,9,14
S01012666,O P Q. Public administration education and health,49,8,41
S01012666,R S T U. Other,8,2,6
S01012666,Never worked,23,11,12
S01012667,All people aged 16 to 74 not in employment,223,116,107
S01012667,A B D E. Agriculture energy and water,13,6,7
S01012667,C. Manufacturing,43,23,20
S01012667,F. Construction,14,14,0
S01012667,G I. Distribution hotels and restaurants,47,28,19
S01012667,H J. Transport and communication,8,6,2
S01012667,K L M N. Financial real estate professional and administrative activities,20,13,7
S01012667,O P Q. Public administration education and health,31,8,23
S01012667,R S T U. Other,5,1,4
S01012667,Never worked,42,17,25
S01012668,All people aged 16 to 74 not in employment,232,93,139
S01012668,A B D E. Agriculture energy and water,7,3,4
S01012668,C. Manufacturing,51,17,34
S01012668,F. Construction,14,13,1
S01012668,G I. Distribution hotels and restaurants,38,23,15
S01012668,H J. Transport and communication,19,3,16
S01012668,K L M N. Financial real estate professional and administrative activities,20,9,11
S01012668,O P Q. Public administration education and health,29,5,24
S01012668,R S T U. Other,9,3,6
S01012668,Never worked,45,17,28
S01012669,All people aged 16 to 74 not in employment,205,85,120
S01012669,A B D E. Agriculture energy and water,5,4,1
S01012669,C. Manufacturing,31,21,10
S01012669,F. Construction,12,10,2
S01012669,G I. Distribution hotels and restaurants,32,8,24
S01012669,H J. Transport and communication,15,7,8
S01012669,K L M N. Financial real estate professional and administrative activities,28,14,14
S01012669,O P Q. Public administration education and health,56,10,46
S01012669,R S T U. Other,4,1,3
S01012669,Never worked,22,10,12
S01012670,All people aged 16 to 74 not in employment,203,95,108
S01012670,A B D E. Agriculture energy and water,6,3,3
S01012670,C. Manufacturing,31,17,14
S01012670,F. Construction,11,11,0
S01012670,G I. Distribution hotels and restaurants,37,12,25
S01012670,H J. Transport and communication,11,5,6
S01012670,K L M N. Financial real estate professional and administrative activities,13,6,7
S01012670,O P Q. Public administration education and health,62,22,40
S01012670,R S T U. Other,4,3,1
S01012670,Never worked,28,16,12
S01012671,All people aged 16 to 74 not in employment,247,111,136
S01012671,A B D E. Agriculture energy and water,8,5,3
S01012671,C. Manufacturing,63,24,39
S01012671,F. Construction,21,20,1
S01012671,G I. Distribution hotels and restaurants,38,19,19
S01012671,H J. Transport and communication,11,4,7
S01012671,K L M N. Financial real estate professional and administrative activities,18,4,14
S01012671,O P Q. Public administration education and health,30,8,22
S01012671,R S T U. Other,7,1,6
S01012671,Never worked,51,26,25
S01012672,All people aged 16 to 74 not in employment,300,139,161
S01012672,A B D E. Agriculture energy and water,14,9,5
S01012672,C. Manufacturing,67,22,45
S01012672,F. Construction,34,28,6
S01012672,G I. Distribution hotels and restaurants,66,35,31
S01012672,H J. Transport and communication,11,0,11
S01012672,K L M N. Financial real estate professional and administrative activities,25,9,16
S01012672,O P Q. Public administration education and health,39,10,29
S01012672,R S T U. Other,9,4,5
S01012672,Never worked,35,22,13
S01012673,All people aged 16 to 74 not in employment,208,82,126
S01012673,A B D E. Agriculture energy and water,5,2,3
S01012673,C. Manufacturing,40,12,28
S01012673,F. Construction,24,22,2
S01012673,G I. Distribution hotels and restaurants,41,15,26
S01012673,H J. Transport and communication,21,5,16
S01012673,K L M N. Financial real estate professional and administrative activities,14,3,11
S01012673,O P Q. Public administration education and health,26,8,18
S01012673,R S T U. Other,6,2,4
S01012673,Never worked,31,13,18
S01012674,All people aged 16 to 74 not in employment,224,108,116
S01012674,A B D E. Agriculture energy and water,4,1,3
S01012674,C. Manufacturing,42,14,28
S01012674,F. Construction,26,26,0
S01012674,G I. Distribution hotels and restaurants,32,19,13
S01012674,H J. Transport and communication,8,1,7
S01012674,K L M N. Financial real estate professional and administrative activities,14,8,6
S01012674,O P Q. Public administration education and health,36,10,26
S01012674,R S T U. Other,8,4,4
S01012674,Never worked,54,25,29
S01012675,All people aged 16 to 74 not in employment,274,123,151
S01012675,A B D E. Agriculture energy and water,12,5,7
S01012675,C. Manufacturing,59,23,36
S01012675,F. Construction,34,33,1
S01012675,G I. Distribution hotels and restaurants,34,16,18
S01012675,H J. Transport and communication,14,4,10
S01012675,K L M N. Financial real estate professional and administrative activities,21,7,14
S01012675,O P Q. Public administration education and health,44,10,34
S01012675,R S T U. Other,14,4,10
S01012675,Never worked,42,21,21
S01012676,All people aged 16 to 74 not in employment,200,85,115
S01012676,A B D E. Agriculture energy and water,6,5,1
S01012676,C. Manufacturing,26,11,15
S01012676,F. Construction,23,22,1
S01012676,G I. Distribution hotels and restaurants,36,14,22
S01012676,H J. Transport and communication,8,2,6
S01012676,K L M N. Financial real estate professional and administrative activities,16,9,7
S01012676,O P Q. Public administration education and health,41,8,33
S01012676,R S T U. Other,7,2,5
S01012676,Never worked,37,12,25
S01012677,All people aged 16 to 74 not in employment,196,89,107
S01012677,A B D E. Agriculture energy and water,1,1,0
S01012677,C. Manufacturing,26,11,15
S01012677,F. Construction,28,26,2
S01012677,G I. Distribution hotels and restaurants,27,14,13
S01012677,H J. Transport and communication,17,6,11
S01012677,K L M N. Financial real estate professional and administrative activities,15,8,7
S01012677,O P Q. Public administration education and health,38,5,33
S01012677,R S T U. Other,7,3,4
S01012677,Never worked,37,15,22
S01012678,All people aged 16 to 74 not in employment,137,69,68
S01012678,A B D E. Agriculture energy and water,3,1,2
S01012678,C. Manufacturing,14,5,9
S01012678,F. Construction,17,16,1
S01012678,G I. Distribution hotels and restaurants,19,8,11
S01012678,H J. Transport and communication,7,1,6
S01012678,K L M N. Financial real estate professional and administrative activities,14,6,8
S01012678,O P Q. Public administration education and health,31,11,20
S01012678,R S T U. Other,4,2,2
S01012678,Never worked,28,19,9
S01012679,All people aged 16 to 74 not in employment,224,103,121
S01012679,A B D E. Agriculture energy and water,1,1,0
S01012679,C. Manufacturing,32,17,15
S01012679,F. Construction,31,30,1
S01012679,G I. Distribution hotels and restaurants,41,16,25
S01012679,H J. Transport and communication,16,3,13
S01012679,K L M N. Financial real estate professional and administrative activities,26,4,22
S01012679,O P Q. Public administration education and health,43,9,34
S01012679,R S T U. Other,12,7,5
S01012679,Never worked,22,16,6
S01012680,All people aged 16 to 74 not in employment,97,41,56
S01012680,A B D E. Agriculture energy and water,2,2,0
S01012680,C. Manufacturing,12,5,7
S01012680,F. Construction,10,9,1
S01012680,G I. Distribution hotels and restaurants,19,6,13
S01012680,H J. Transport and communication,9,6,3
S01012680,K L M N. Financial real estate professional and administrative activities,5,0,5
S01012680,O P Q. Public administration education and health,19,2,17
S01012680,R S T U. Other,5,0,5
S01012680,Never worked,16,11,5
S01012681,All people aged 16 to 74 not in employment,189,80,109
S01012681,A B D E. Agriculture energy and water,11,8,3
S01012681,C. Manufacturing,23,12,11
S01012681,F. Construction,17,15,2
S01012681,G I. Distribution hotels and restaurants,37,13,24
S01012681,H J. Transport and communication,16,6,10
S01012681,K L M N. Financial real estate professional and administrative activities,15,6,9
S01012681,O P Q. Public administration education and health,35,9,26
S01012681,R S T U. Other,3,1,2
S01012681,Never worked,32,10,22
S01012682,All people aged 16 to 74 not in employment,183,82,101
S01012682,A B D E. Agriculture energy and water,3,3,0
S01012682,C. Manufacturing,30,12,18
S01012682,F. Construction,21,19,2
S01012682,G I. Distribution hotels and restaurants,40,18,22
S01012682,H J. Transport and communication,10,5,5
S01012682,K L M N. Financial real estate professional and administrative activities,12,3,9
S01012682,O P Q. Public administration education and health,45,13,32
S01012682,R S T U. Other,4,1,3
S01012682,Never worked,18,8,10
S01012683,All people aged 16 to 74 not in employment,212,87,125
S01012683,A B D E. Agriculture energy and water,5,5,0
S01012683,C. Manufacturing,26,14,12
S01012683,F. Construction,23,23,0
S01012683,G I. Distribution hotels and restaurants,37,7,30
S01012683,H J. Transport and communication,14,5,9
S01012683,K L M N. Financial real estate professional and administrative activities,19,9,10
S01012683,O P Q. Public administration education and health,48,10,38
S01012683,R S T U. Other,7,1,6
S01012683,Never worked,33,13,20
S01012684,All people aged 16 to 74 not in employment,136,67,69
S01012684,A B D E. Agriculture energy and water,6,4,2
S01012684,C. Manufacturing,12,5,7
S01012684,F. Construction,16,13,3
S01012684,G I. Distribution hotels and restaurants,16,7,9
S01012684,H J. Transport and communication,17,9,8
S01012684,K L M N. Financial real estate professional and administrative activities,17,11,6
S01012684,O P Q. Public administration education and health,25,3,22
S01012684,R S T U. Other,7,3,4
S01012684,Never worked,20,12,8
S01012685,All people aged 16 to 74 not in employment,208,94,114
S01012685,A B D E. Agriculture energy and water,6,4,2
S01012685,C. Manufacturing,27,9,18
S01012685,F. Construction,26,26,0
S01012685,G I. Distribution hotels and restaurants,43,18,25
S01012685,H J. Transport and communication,13,2,11
S01012685,K L M N. Financial real estate professional and administrative activities,19,11,8
S01012685,O P Q. Public administration education and health,36,8,28
S01012685,R S T U. Other,8,3,5
S01012685,Never worked,30,13,17
S01012686,All people aged 16 to 74 not in employment,214,87,127
S01012686,A B D E. Agriculture energy and water,5,3,2
S01012686,C. Manufacturing,17,9,8
S01012686,F. Construction,18,15,3
S01012686,G I. Distribution hotels and restaurants,38,16,22
S01012686,H J. Transport and communication,9,2,7
S01012686,K L M N. Financial real estate professional and administrative activities,24,8,16
S01012686,O P Q. Public administration education and health,67,18,49
S01012686,R S T U. Other,6,2,4
S01012686,Never worked,30,14,16
S01012687,All people aged 16 to 74 not in employment,173,73,100
S01012687,A B D E. Agriculture energy and water,12,7,5
S01012687,C. Manufacturing,23,18,5
S01012687,F. Construction,14,6,8
S01012687,G I. Distribution hotels and restaurants,23,10,13
S01012687,H J. Transport and communication,0,0,0
S01012687,K L M N. Financial real estate professional and administrative activities,29,14,15
S01012687,O P Q. Public administration education and health,56,14,42
S01012687,R S T U. Other,8,0,8
S01012687,Never worked,8,4,4
S01012688,All people aged 16 to 74 not in employment,217,88,129
S01012688,A B D E. Agriculture energy and water,6,3,3
S01012688,C. Manufacturing,20,11,9
S01012688,F. Construction,24,19,5
S01012688,G I. Distribution hotels and restaurants,46,13,33
S01012688,H J. Transport and communication,11,5,6
S01012688,K L M N. Financial real estate professional and administrative activities,27,8,19
S01012688,O P Q. Public administration education and health,46,9,37
S01012688,R S T U. Other,7,5,2
S01012688,Never worked,30,15,15
S01012689,All people aged 16 to 74 not in employment,125,51,74
S01012689,A B D E. Agriculture energy and water,3,2,1
S01012689,C. Manufacturing,11,7,4
S01012689,F. Construction,9,7,2
S01012689,G I. Distribution hotels and restaurants,16,6,10
S01012689,H J. Transport and communication,7,3,4
S01012689,K L M N. Financial real estate professional and administrative activities,22,8,14
S01012689,O P Q. Public administration education and health,31,5,26
S01012689,R S T U. Other,12,5,7
S01012689,Never worked,14,8,6
S01012690,All people aged 16 to 74 not in employment,130,52,78
S01012690,A B D E. Agriculture energy and water,3,1,2
S01012690,C. Manufacturing,14,2,12
S01012690,F. Construction,4,4,0
S01012690,G I. Distribution hotels and restaurants,28,13,15
S01012690,H J. Transport and communication,4,2,2
S01012690,K L M N. Financial real estate professional and administrative activities,14,6,8
S01012690,O P Q. Public administration education and health,39,14,25
S01012690,R S T U. Other,5,2,3
S01012690,Never worked,19,8,11
S01012691,All people aged 16 to 74 not in employment,188,76,112
S01012691,A B D E. Agriculture energy and water,2,1,1
S01012691,C. Manufacturing,14,11,3
S01012691,F. Construction,9,7,2
S01012691,G I. Distribution hotels and restaurants,34,11,23
S01012691,H J. Transport and communication,9,5,4
S01012691,K L M N. Financial real estate professional and administrative activities,24,13,11
S01012691,O P Q. Public administration education and health,54,13,41
S01012691,R S T U. Other,9,2,7
S01012691,Never worked,33,13,20
S01012692,All people aged 16 to 74 not in employment,218,96,122
S01012692,A B D E. Agriculture energy and water,7,4,3
S01012692,C. Manufacturing,25,9,16
S01012692,F. Construction,17,17,0
S01012692,G I. Distribution hotels and restaurants,33,15,18
S01012692,H J. Transport and communication,18,7,11
S01012692,K L M N. Financial real estate professional and administrative activities,11,4,7
S01012692,O P Q. Public administration education and health,61,13,48
S01012692,R S T U. Other,7,5,2
S01012692,Never worked,39,22,17
S01012693,All people aged 16 to 74 not in employment,189,77,112
S01012693,A B D E. Agriculture energy and water,4,3,1
S01012693,C. Manufacturing,27,12,15
S01012693,F. Construction,10,9,1
S01012693,G I. Distribution hotels and restaurants,30,8,22
S01012693,H J. Transport and communication,9,2,7
S01012693,K L M N. Financial real estate professional and administrative activities,22,10,12
S01012693,O P Q. Public administration education and health,46,18,28
S01012693,R S T U. Other,6,1,5
S01012693,Never worked,35,14,21
S01012694,All people aged 16 to 74 not in employment,100,40,60
S01012694,A B D E. Agriculture energy and water,2,2,0
S01012694,C. Manufacturing,14,8,6
S01012694,F. Construction,12,11,1
S01012694,G I. Distribution hotels and restaurants,25,9,16
S01012694,H J. Transport and communication,3,0,3
S01012694,K L M N. Financial real estate professional and administrative activities,13,3,10
S01012694,O P Q. Public administration education and health,21,3,18
S01012694,R S T U. Other,3,1,2
S01012694,Never worked,7,3,4
S01012695,All people aged 16 to 74 not in employment,200,83,117
S01012695,A B D E. Agriculture energy and water,11,7,4
S01012695,C. Manufacturing,16,4,12
S01012695,F. Construction,16,14,2
S01012695,G I. Distribution hotels and restaurants,36,21,15
S01012695,H J. Transport and communication,8,1,7
S01012695,K L M N. Financial real estate professional and administrative activities,22,11,11
S01012695,O P Q. Public administration education and health,56,11,45
S01012695,R S T U. Other,6,2,4
S01012695,Never worked,29,12,17
S01012696,All people aged 16 to 74 not in employment,287,197,90
S01012696,A B D E. Agriculture energy and water,7,3,4
S01012696,C. Manufacturing,21,14,7
S01012696,F. Construction,22,20,2
S01012696,G I. Distribution hotels and restaurants,41,32,9
S01012696,H J. Transport and communication,22,17,5
S01012696,K L M N. Financial real estate professional and administrative activities,22,13,9
S01012696,O P Q. Public administration education and health,43,20,23
S01012696,R S T U. Other,15,5,10
S01012696,Never worked,94,73,21
S01012697,All people aged 16 to 74 not in employment,115,46,69
S01012697,A B D E. Agriculture energy and water,12,11,1
S01012697,C. Manufacturing,8,4,4
S01012697,F. Construction,4,3,1
S01012697,G I. Distribution hotels and restaurants,19,10,9
S01012697,H J. Transport and communication,4,1,3
S01012697,K L M N. Financial real estate professional and administrative activities,9,4,5
S01012697,O P Q. Public administration education and health,32,4,28
S01012697,R S T U. Other,5,2,3
S01012697,Never worked,22,7,15
S01012698,All people aged 16 to 74 not in employment,193,92,101
S01012698,A B D E. Agriculture energy and water,5,2,3
S01012698,C. Manufacturing,23,11,12
S01012698,F. Construction,14,13,1
S01012698,G I. Distribution hotels and restaurants,41,16,25
S01012698,H J. Transport and communication,6,1,5
S01012698,K L M N. Financial real estate professional and administrative activities,17,8,9
S01012698,O P Q. Public administration education and health,57,23,34
S01012698,R S T U. Other,8,3,5
S01012698,Never worked,22,15,7
S01012699,All people aged 16 to 74 not in employment,238,89,149
S01012699,A B D E. Agriculture energy and water,8,6,2
S01012699,C. Manufacturing,24,7,17
S01012699,F. Construction,15,13,2
S01012699,G I. Distribution hotels and restaurants,38,17,21
S01012699,H J. Transport and communication,21,10,11
S01012699,K L M N. Financial real estate professional and administrative activities,23,9,14
S01012699,O P Q. Public administration education and health,65,12,53
S01012699,R S T U. Other,6,2,4
S01012699,Never worked,38,13,25
S01012700,All people aged 16 to 74 not in employment,211,96,115
S01012700,A B D E. Agriculture energy and water,10,6,4
S01012700,C. Manufacturing,25,14,11
S01012700,F. Construction,14,11,3
S01012700,G I. Distribution hotels and restaurants,55,24,31
S01012700,H J. Transport and communication,8,4,4
S01012700,K L M N. Financial real estate professional and administrative activities,11,5,6
S01012700,O P Q. Public administration education and health,47,10,37
S01012700,R S T U. Other,8,4,4
S01012700,Never worked,33,18,15
S01012701,All people aged 16 to 74 not in employment,167,73,94
S01012701,A B D E. Agriculture energy and water,5,3,2
S01012701,C. Manufacturing,27,15,12
S01012701,F. Construction,6,3,3
S01012701,G I. Distribution hotels and restaurants,23,7,16
S01012701,H J. Transport and communication,9,5,4
S01012701,K L M N. Financial real estate professional and administrative activities,26,11,15
S01012701,O P Q. Public administration education and health,50,18,32
S01012701,R S T U. Other,1,0,1
S01012701,Never worked,20,11,9
S01012702,All people aged 16 to 74 not in employment,136,53,83
S01012702,A B D E. Agriculture energy and water,5,3,2
S01012702,C. Manufacturing,18,7,11
S01012702,F. Construction,14,12,2
S01012702,G I. Distribution hotels and restaurants,23,10,13
S01012702,H J. Transport and communication,4,0,4
S01012702,K L M N. Financial real estate professional and administrative activities,15,7,8
S01012702,O P Q. Public administration education and health,35,7,28
S01012702,R S T U. Other,10,5,5
S01012702,Never worked,12,2,10
S01012703,All people aged 16 to 74 not in employment,95,45,50
S01012703,A B D E. Agriculture energy and water,2,2,0
S01012703,C. Manufacturing,10,7,3
S01012703,F. Construction,11,10,1
S01012703,G I. Distribution hotels and restaurants,13,5,8
S01012703,H J. Transport and communication,9,2,7
S01012703,K L M N. Financial real estate professional and administrative activities,11,4,7
S01012703,O P Q. Public administration education and health,10,2,8
S01012703,R S T U. Other,4,1,3
S01012703,Never worked,25,12,13
S01012704,All people aged 16 to 74 not in employment,225,100,125
S01012704,A B D E. Agriculture energy and water,7,5,2
S01012704,C. Manufacturing,37,15,22
S01012704,F. Construction,23,22,1
S01012704,G I. Distribution hotels and restaurants,34,18,16
S01012704,H J. Transport and communication,21,4,17
S01012704,K L M N. Financial real estate professional and administrative activities,17,9,8
S01012704,O P Q. Public administration education and health,36,6,30
S01012704,R S T U. Other,10,1,9
S01012704,Never worked,40,20,20
S01012705,All people aged 16 to 74 not in employment,116,42,74
S01012705,A B D E. Agriculture energy and water,2,1,1
S01012705,C. Manufacturing,10,6,4
S01012705,F. Construction,2,2,0
S01012705,G I. Distribution hotels and restaurants,14,5,9
S01012705,H J. Transport and communication,10,4,6
S01012705,K L M N. Financial real estate professional and administrative activities,12,3,9
S01012705,O P Q. Public administration education and health,30,6,24
S01012705,R S T U. Other,3,0,3
S01012705,Never worked,33,15,18
S01012706,All people aged 16 to 74 not in employment,208,105,103
S01012706,A B D E. Agriculture energy and water,2,0,2
S01012706,C. Manufacturing,39,21,18
S01012706,F. Construction,25,25,0
S01012706,G I. Distribution hotels and restaurants,39,18,21
S01012706,H J. Transport and communication,19,6,13
S01012706,K L M N. Financial real estate professional and administrative activities,16,11,5
S01012706,O P Q. Public administration education and health,30,3,27
S01012706,R S T U. Other,1,0,1
S01012706,Never worked,37,21,16
S01012707,All people aged 16 to 74 not in employment,185,90,95
S01012707,A B D E. Agriculture energy and water,4,4,0
S01012707,C. Manufacturing,19,9,10
S01012707,F. Construction,10,9,1
S01012707,G I. Distribution hotels and restaurants,32,11,21
S01012707,H J. Transport and communication,6,3,3
S01012707,K L M N. Financial real estate professional and administrative activities,22,11,11
S01012707,O P Q. Public administration education and health,62,25,37
S01012707,R S T U. Other,3,2,1
S01012707,Never worked,27,16,11
S01012708,All people aged 16 to 74 not in employment,249,111,138
S01012708,A B D E. Agriculture energy and water,9,3,6
S01012708,C. Manufacturing,38,17,21
S01012708,F. Construction,33,31,2
S01012708,G I. Distribution hotels and restaurants,46,16,30
S01012708,H J. Transport and communication,19,5,14
S01012708,K L M N. Financial real estate professional and administrative activities,18,12,6
S01012708,O P Q. Public administration education and health,37,10,27
S01012708,R S T U. Other,12,1,11
S01012708,Never worked,37,16,21
S01012709,All people aged 16 to 74 not in employment,162,72,90
S01012709,A B D E. Agriculture energy and water,6,6,0
S01012709,C. Manufacturing,28,13,15
S01012709,F. Construction,14,14,0
S01012709,G I. Distribution hotels and restaurants,28,13,15
S01012709,H J. Transport and communication,11,1,10
S01012709,K L M N. Financial real estate professional and administrative activities,21,9,12
S01012709,O P Q. Public administration education and health,36,11,25
S01012709,R S T U. Other,4,1,3
S01012709,Never worked,14,4,10
S01012710,All people aged 16 to 74 not in employment,198,96,102
S01012710,A B D E. Agriculture energy and water,7,4,3
S01012710,C. Manufacturing,35,15,20
S01012710,F. Construction,27,24,3
S01012710,G I. Distribution hotels and restaurants,36,14,22
S01012710,H J. Transport and communication,9,4,5
S01012710,K L M N. Financial real estate professional and administrative activities,17,13,4
S01012710,O P Q. Public administration education and health,32,10,22
S01012710,R S T U. Other,10,2,8
S01012710,Never worked,25,10,15
S01012711,All people aged 16 to 74 not in employment,294,166,128
S01012711,A B D E. Agriculture energy and water,10,6,4
S01012711,C. Manufacturing,31,12,19
S01012711,F. Construction,34,32,2
S01012711,G I. Distribution hotels and restaurants,64,42,22
S01012711,H J. Transport and communication,26,14,12
S01012711,K L M N. Financial real estate professional and administrative activities,26,13,13
S01012711,O P Q. Public administration education and health,43,20,23
S01012711,R S T U. Other,15,4,11
S01012711,Never worked,45,23,22
S01012712,All people aged 16 to 74 not in employment,246,105,141
S01012712,A B D E. Agriculture energy and water,3,2,1
S01012712,C. Manufacturing,22,13,9
S01012712,F. Construction,14,11,3
S01012712,G I. Distribution hotels and restaurants,42,12,30
S01012712,H J. Transport and communication,13,6,7
S01012712,K L M N. Financial real estate professional and administrative activities,40,18,22
S01012712,O P Q. Public administration education and health,70,24,46
S01012712,R S T U. Other,8,3,5
S01012712,Never worked,34,16,18
S01012713,All people aged 16 to 74 not in employment,199,81,118
S01012713,A B D E. Agriculture energy and water,0,0,0
S01012713,C. Manufacturing,28,17,11
S01012713,F. Construction,11,8,3
S01012713,G I. Distribution hotels and restaurants,28,10,18
S01012713,H J. Transport and communication,10,5,5
S01012713,K L M N. Financial real estate professional and administrative activities,21,10,11
S01012713,O P Q. Public administration education and health,71,21,50
S01012713,R S T U. Other,8,1,7
S01012713,Never worked,22,9,13
S01012714,All people aged 16 to 74 not in employment,174,82,92
S01012714,A B D E. Agriculture energy and water,5,2,3
S01012714,C. Manufacturing,18,14,4
S01012714,F. Construction,14,11,3
S01012714,G I. Distribution hotels and restaurants,22,7,15
S01012714,H J. Transport and communication,10,5,5
S01012714,K L M N. Financial real estate professional and administrative activities,31,18,13
S01012714,O P Q. Public administration education and health,57,16,41
S01012714,R S T U. Other,7,3,4
S01012714,Never worked,10,6,4
S01012715,All people aged 16 to 74 not in employment,223,103,120
S01012715,A B D E. Agriculture energy and water,3,1,2
S01012715,C. Manufacturing,32,17,15
S01012715,F. Construction,16,15,1
S01012715,G I. Distribution hotels and restaurants,43,17,26
S01012715,H J. Transport and communication,20,11,9
S01012715,K L M N. Financial real estate professional and administrative activities,30,14,16
S01012715,O P Q. Public administration education and health,49,14,35
S01012715,R S T U. Other,5,0,5
S01012715,Never worked,25,14,11
S01012716,All people aged 16 to 74 not in employment,240,90,150
S01012716,A B D E. Agriculture energy and water,9,7,2
S01012716,C. Manufacturing,23,13,10
S01012716,F. Construction,20,16,4
S01012716,G I. Distribution hotels and restaurants,28,10,18
S01012716,H J. Transport and communication,13,7,6
S01012716,K L M N. Financial real estate professional and administrative activities,33,11,22
S01012716,O P Q. Public administration education and health,92,20,72
S01012716,R S T U. Other,3,0,3
S01012716,Never worked,19,6,13
S01012717,All people aged 16 to 74 not in employment,292,138,154
S01012717,A B D E. Agriculture energy and water,9,7,2
S01012717,C. Manufacturing,42,22,20
S01012717,F. Construction,27,25,2
S01012717,G I. Distribution hotels and restaurants,51,19,32
S01012717,H J. Transport and communication,19,8,11
S01012717,K L M N. Financial real estate professional and administrative activities,29,18,11
S01012717,O P Q. Public administration education and health,70,18,52
S01012717,R S T U. Other,12,2,10
S01012717,Never worked,33,19,14
S01012718,All people aged 16 to 74 not in employment,257,108,149
S01012718,A B D E. Agriculture energy and water,2,2,0
S01012718,C. Manufacturing,35,17,18
S01012718,F. Construction,26,22,4
S01012718,G I. Distribution hotels and restaurants,39,12,27
S01012718,H J. Transport and communication,17,6,11
S01012718,K L M N. Financial real estate professional and administrative activities,27,7,20
S01012718,O P Q. Public administration education and health,55,17,38
S01012718,R S T U. Other,17,9,8
S01012718,Never worked,39,16,23
S01012719,All people aged 16 to 74 not in employment,237,109,128
S01012719,A B D E. Agriculture energy and water,9,8,1
S01012719,C. Manufacturing,33,18,15
S01012719,F. Construction,14,12,2
S01012719,G I. Distribution hotels and restaurants,40,16,24
S01012719,H J. Transport and communication,24,7,17
S01012719,K L M N. Financial real estate professional and administrative activities,27,17,10
S01012719,O P Q. Public administration education and health,50,13,37
S01012719,R S T U. Other,12,7,5
S01012719,Never worked,28,11,17
S01012720,All people aged 16 to 74 not in employment,129,81,48
S01012720,A B D E. Agriculture energy and water,0,0,0
S01012720,C. Manufacturing,14,8,6
S01012720,F. Construction,20,19,1
S01012720,G I. Distribution hotels and restaurants,24,18,6
S01012720,H J. Transport and communication,8,5,3
S01012720,K L M N. Financial real estate professional and administrative activities,8,6,2
S01012720,O P Q. Public administration education and health,23,9,14
S01012720,R S T U. Other,6,1,5
S01012720,Never worked,26,15,11
S01012721,All people aged 16 to 74 not in employment,166,65,101
S01012721,A B D E. Agriculture energy and water,4,1,3
S01012721,C. Manufacturing,32,14,18
S01012721,F. Construction,12,11,1
S01012721,G I. Distribution hotels and restaurants,28,8,20
S01012721,H J. Transport and communication,17,6,11
S01012721,K L M N. Financial real estate professional and administrative activities,19,6,13
S01012721,O P Q. Public administration education and health,33,8,25
S01012721,R S T U. Other,3,1,2
S01012721,Never worked,18,10,8
S01012722,All people aged 16 to 74 not in employment,301,150,151
S01012722,A B D E. Agriculture energy and water,8,4,4
S01012722,C. Manufacturing,67,31,36
S01012722,F. Construction,26,25,1
S01012722,G I. Distribution hotels and restaurants,60,30,30
S01012722,H J. Transport and communication,18,4,14
S01012722,K L M N. Financial real estate professional and administrative activities,25,18,7
S01012722,O P Q. Public administration education and health,44,11,33
S01012722,R S T U. Other,10,5,5
S01012722,Never worked,43,22,21
S01012723,All people aged 16 to 74 not in employment,220,119,101
S01012723,A B D E. Agriculture energy and water,7,5,2
S01012723,C. Manufacturing,31,19,12
S01012723,F. Construction,22,22,0
S01012723,G I. Distribution hotels and restaurants,38,22,16
S01012723,H J. Transport and communication,13,5,8
S01012723,K L M N. Financial real estate professional and administrative activities,17,11,6
S01012723,O P Q. Public administration education and health,42,12,30
S01012723,R S T U. Other,12,5,7
S01012723,Never worked,38,18,20
S01012724,All people aged 16 to 74 not in employment,192,85,107
S01012724,A B D E. Agriculture energy and water,2,2,0
S01012724,C. Manufacturing,29,14,15
S01012724,F. Construction,14,12,2
S01012724,G I. Distribution hotels and restaurants,32,10,22
S01012724,H J. Transport and communication,14,4,10
S01012724,K L M N. Financial real estate professional and administrative activities,23,10,13
S01012724,O P Q. Public administration education and health,43,12,31
S01012724,R S T U. Other,15,8,7
S01012724,Never worked,20,13,7
S01012725,All people aged 16 to 74 not in employment,225,102,123
S01012725,A B D E. Agriculture energy and water,4,4,0
S01012725,C. Manufacturing,26,12,14
S01012725,F. Construction,33,27,6
S01012725,G I. Distribution hotels and restaurants,36,19,17
S01012725,H J. Transport and communication,14,4,10
S01012725,K L M N. Financial real estate professional and administrative activities,20,6,14
S01012725,O P Q. Public administration education and health,44,9,35
S01012725,R S T U. Other,13,2,11
S01012725,Never worked,35,19,16
S01012726,All people aged 16 to 74 not in employment,182,75,107
S01012726,A B D E. Agriculture energy and water,0,0,0
S01012726,C. Manufacturing,39,15,24
S01012726,F. Construction,13,9,4
S01012726,G I. Distribution hotels and restaurants,36,20,16
S01012726,H J. Transport and communication,14,6,8
S01012726,K L M N. Financial real estate professional and administrative activities,12,3,9
S01012726,O P Q. Public administration education and health,36,8,28
S01012726,R S T U. Other,9,3,6
S01012726,Never worked,23,11,12
S01012727,All people aged 16 to 74 not in employment,256,108,148
S01012727,A B D E. Agriculture energy and water,11,7,4
S01012727,C. Manufacturing,52,16,36
S01012727,F. Construction,22,19,3
S01012727,G I. Distribution hotels and restaurants,45,19,26
S01012727,H J. Transport and communication,16,6,10
S01012727,K L M N. Financial real estate professional and administrative activities,15,7,8
S01012727,O P Q. Public administration education and health,35,8,27
S01012727,R S T U. Other,3,1,2
S01012727,Never worked,57,25,32
S01012728,All people aged 16 to 74 not in employment,271,109,162
S01012728,A B D E. Agriculture energy and water,1,0,1
S01012728,C. Manufacturing,29,14,15
S01012728,F. Construction,19,15,4
S01012728,G I. Distribution hotels and restaurants,58,26,32
S01012728,H J. Transport and communication,30,7,23
S01012728,K L M N. Financial real estate professional and administrative activities,27,16,11
S01012728,O P Q. Public administration education and health,46,9,37
S01012728,R S T U. Other,13,2,11
S01012728,Never worked,48,20,28
S01012729,All people aged 16 to 74 not in employment,205,89,116
S01012729,A B D E. Agriculture energy and water,3,1,2
S01012729,C. Manufacturing,31,15,16
S01012729,F. Construction,19,14,5
S01012729,G I. Distribution hotels and restaurants,39,14,25
S01012729,H J. Transport and communication,8,3,5
S01012729,K L M N. Financial real estate professional and administrative activities,20,7,13
S01012729,O P Q. Public administration education and health,39,10,29
S01012729,R S T U. Other,10,7,3
S01012729,Never worked,36,18,18
S01012730,All people aged 16 to 74 not in employment,172,77,95
S01012730,A B D E. Agriculture energy and water,4,2,2
S01012730,C. Manufacturing,31,16,15
S01012730,F. Construction,18,17,1
S01012730,G I. Distribution hotels and restaurants,44,16,28
S01012730,H J. Transport and communication,11,4,7
S01012730,K L M N. Financial real estate professional and administrative activities,12,7,5
S01012730,O P Q. Public administration education and health,25,4,21
S01012730,R S T U. Other,5,1,4
S01012730,Never worked,22,10,12
S01012731,All people aged 16 to 74 not in employment,223,91,132
S01012731,A B D E. Agriculture energy and water,11,7,4
S01012731,C. Manufacturing,27,15,12
S01012731,F. Construction,20,14,6
S01012731,G I. Distribution hotels and restaurants,46,18,28
S01012731,H J. Transport and communication,16,3,13
S01012731,K L M N. Financial real estate professional and administrative activities,20,8,12
S01012731,O P Q. Public administration education and health,34,10,24
S01012731,R S T U. Other,15,4,11
S01012731,Never worked,34,12,22
S01012732,All people aged 16 to 74 not in employment,210,93,117
S01012732,A B D E. Agriculture energy and water,5,3,2
S01012732,C. Manufacturing,48,25,23
S01012732,F. Construction,26,24,2
S01012732,G I. Distribution hotels and restaurants,38,9,29
S01012732,H J. Transport and communication,6,1,5
S01012732,K L M N. Financial real estate professional and administrative activities,19,10,9
S01012732,O P Q. Public administration education and health,43,14,29
S01012732,R S T U. Other,8,3,5
S01012732,Never worked,17,4,13
S01012733,All people aged 16 to 74 not in employment,124,47,77
S01012733,A B D E. Agriculture energy and water,7,5,2
S01012733,C. Manufacturing,14,5,9
S01012733,F. Construction,4,4,0
S01012733,G I. Distribution hotels and restaurants,24,8,16
S01012733,H J. Transport and communication,7,2,5
S01012733,K L M N. Financial real estate professional and administrative activities,13,5,8
S01012733,O P Q. Public administration education and health,20,5,15
S01012733,R S T U. Other,3,0,3
S01012733,Never worked,32,13,19
S01012734,All people aged 16 to 74 not in employment,79,31,48
S01012734,A B D E. Agriculture energy and water,2,1,1
S01012734,C. Manufacturing,8,2,6
S01012734,F. Construction,5,2,3
S01012734,G I. Distribution hotels and restaurants,10,4,6
S01012734,H J. Transport and communication,6,5,1
S01012734,K L M N. Financial real estate professional and administrative activities,9,3,6
S01012734,O P Q. Public administration education and health,12,5,7
S01012734,R S T U. Other,5,1,4
S01012734,Never worked,22,8,14
S01012735,All people aged 16 to 74 not in employment,168,71,97
S01012735,A B D E. Agriculture energy and water,8,2,6
S01012735,C. Manufacturing,34,16,18
S01012735,F. Construction,12,12,0
S01012735,G I. Distribution hotels and restaurants,31,11,20
S01012735,H J. Transport and communication,10,4,6
S01012735,K L M N. Financial real estate professional and administrative activities,16,9,7
S01012735,O P Q. Public administration education and health,28,6,22
S01012735,R S T U. Other,6,3,3
S01012735,Never worked,23,8,15
S01012736,All people aged 16 to 74 not in employment,222,95,127
S01012736,A B D E. Agriculture energy and water,5,4,1
S01012736,C. Manufacturing,27,14,13
S01012736,F. Construction,18,17,1
S01012736,G I. Distribution hotels and restaurants,49,21,28
S01012736,H J. Transport and communication,10,1,9
S01012736,K L M N. Financial real estate professional and administrative activities,24,9,15
S01012736,O P Q. Public administration education and health,45,9,36
S01012736,R S T U. Other,9,4,5
S01012736,Never worked,35,16,19
S01012737,All people aged 16 to 74 not in employment,159,69,90
S01012737,A B D E. Agriculture energy and water,2,2,0
S01012737,C. Manufacturing,25,13,12
S01012737,F. Construction,15,14,1
S01012737,G I. Distribution hotels and restaurants,40,13,27
S01012737,H J. Transport and communication,12,3,9
S01012737,K L M N. Financial real estate professional and administrative activities,9,4,5
S01012737,O P Q. Public administration education and health,24,5,19
S01012737,R S T U. Other,5,1,4
S01012737,Never worked,27,14,13
S01012738,All people aged 16 to 74 not in employment,178,85,93
S01012738,A B D E. Agriculture energy and water,2,1,1
S01012738,C. Manufacturing,31,14,17
S01012738,F. Construction,18,15,3
S01012738,G I. Distribution hotels and restaurants,26,13,13
S01012738,H J. Transport and communication,9,2,7
S01012738,K L M N. Financial real estate professional and administrative activities,15,5,10
S01012738,O P Q. Public administration education and health,30,7,23
S01012738,R S T U. Other,5,2,3
S01012738,Never worked,42,26,16
S01012739,All people aged 16 to 74 not in employment,111,42,69
S01012739,A B D E. Agriculture energy and water,1,1,0
S01012739,C. Manufacturing,7,3,4
S01012739,F. Construction,4,3,1
S01012739,G I. Distribution hotels and restaurants,23,10,13
S01012739,H J. Transport and communication,16,8,8
S01012739,K L M N. Financial real estate professional and administrative activities,16,4,12
S01012739,O P Q. Public administration education and health,19,3,16
S01012739,R S T U. Other,1,0,1
S01012739,Never worked,24,10,14
S01012740,All people aged 16 to 74 not in employment,120,48,72
S01012740,A B D E. Agriculture energy and water,1,0,1
S01012740,C. Manufacturing,8,1,7
S01012740,F. Construction,4,4,0
S01012740,G I. Distribution hotels and restaurants,26,8,18
S01012740,H J. Transport and communication,7,5,2
S01012740,K L M N. Financial real estate professional and administrative activities,22,9,13
S01012740,O P Q. Public administration education and health,23,9,14
S01012740,R S T U. Other,3,1,2
S01012740,Never worked,26,11,15
S01012741,All people aged 16 to 74 not in employment,101,43,58
S01012741,A B D E. Agriculture energy and water,4,2,2
S01012741,C. Manufacturing,8,4,4
S01012741,F. Construction,5,5,0
S01012741,G I. Distribution hotels and restaurants,21,5,16
S01012741,H J. Transport and communication,4,3,1
S01012741,K L M N. Financial real estate professional and administrative activities,13,6,7
S01012741,O P Q. Public administration education and health,28,11,17
S01012741,R S T U. Other,6,2,4
S01012741,Never worked,12,5,7
S01012742,All people aged 16 to 74 not in employment,164,70,94
S01012742,A B D E. Agriculture energy and water,5,4,1
S01012742,C. Manufacturing,29,15,14
S01012742,F. Construction,4,3,1
S01012742,G I. Distribution hotels and restaurants,33,10,23
S01012742,H J. Transport and communication,12,5,7
S01012742,K L M N. Financial real estate professional and administrative activities,12,7,5
S01012742,O P Q. Public administration education and health,49,14,35
S01012742,R S T U. Other,2,0,2
S01012742,Never worked,18,12,6
S01012743,All people aged 16 to 74 not in employment,128,50,78
S01012743,A B D E. Agriculture energy and water,0,0,0
S01012743,C. Manufacturing,10,3,7
S01012743,F. Construction,6,6,0
S01012743,G I. Distribution hotels and restaurants,19,5,14
S01012743,H J. Transport and communication,11,6,5
S01012743,K L M N. Financial real estate professional and administrative activities,21,10,11
S01012743,O P Q. Public administration education and health,39,7,32
S01012743,R S T U. Other,4,0,4
S01012743,Never worked,18,13,5
S01012744,All people aged 16 to 74 not in employment,128,56,72
S01012744,A B D E. Agriculture energy and water,2,1,1
S01012744,C. Manufacturing,17,5,12
S01012744,F. Construction,8,6,2
S01012744,G I. Distribution hotels and restaurants,27,16,11
S01012744,H J. Transport and communication,9,5,4
S01012744,K L M N. Financial real estate professional and administrative activities,16,8,8
S01012744,O P Q. Public administration education and health,29,10,19
S01012744,R S T U. Other,8,1,7
S01012744,Never worked,12,4,8
S01012745,All people aged 16 to 74 not in employment,176,71,105
S01012745,A B D E. Agriculture energy and water,4,4,0
S01012745,C. Manufacturing,28,14,14
S01012745,F. Construction,13,11,2
S01012745,G I. Distribution hotels and restaurants,28,12,16
S01012745,H J. Transport and communication,10,5,5
S01012745,K L M N. Financial real estate professional and administrative activities,19,5,14
S01012745,O P Q. Public administration education and health,52,14,38
S01012745,R S T U. Other,4,1,3
S01012745,Never worked,18,5,13
S01012746,All people aged 16 to 74 not in employment,164,67,97
S01012746,A B D E. Agriculture energy and water,4,2,2
S01012746,C. Manufacturing,26,14,12
S01012746,F. Construction,7,6,1
S01012746,G I. Distribution hotels and restaurants,32,11,21
S01012746,H J. Transport and communication,16,4,12
S01012746,K L M N. Financial real estate professional and administrative activities,18,8,10
S01012746,O P Q. Public administration education and health,30,9,21
S01012746,R S T U. Other,7,1,6
S01012746,Never worked,24,12,12
S01012747,All people aged 16 to 74 not in employment,250,116,134
S01012747,A B D E. Agriculture energy and water,4,2,2
S01012747,C. Manufacturing,32,18,14
S01012747,F. Construction,15,15,0
S01012747,G I. Distribution hotels and restaurants,60,30,30
S01012747,H J. Transport and communication,14,6,8
S01012747,K L M N. Financial real estate professional and administrative activities,20,5,15
S01012747,O P Q. Public administration education and health,46,15,31
S01012747,R S T U. Other,3,0,3
S01012747,Never worked,56,25,31
S01012748,All people aged 16 to 74 not in employment,278,134,144
S01012748,A B D E. Agriculture energy and water,4,2,2
S01012748,C. Manufacturing,33,15,18
S01012748,F. Construction,28,28,0
S01012748,G I. Distribution hotels and restaurants,51,25,26
S01012748,H J. Transport and communication,27,9,18
S01012748,K L M N. Financial real estate professional and administrative activities,32,14,18
S01012748,O P Q. Public administration education and health,34,9,25
S01012748,R S T U. Other,8,4,4
S01012748,Never worked,61,28,33
S01012749,All people aged 16 to 74 not in employment,300,130,170
S01012749,A B D E. Agriculture energy and water,5,3,2
S01012749,C. Manufacturing,44,21,23
S01012749,F. Construction,24,23,1
S01012749,G I. Distribution hotels and restaurants,43,18,25
S01012749,H J. Transport and communication,22,6,16
S01012749,K L M N. Financial real estate professional and administrative activities,28,13,15
S01012749,O P Q. Public administration education and health,43,12,31
S01012749,R S T U. Other,10,2,8
S01012749,Never worked,81,32,49
S01012750,All people aged 16 to 74 not in employment,250,123,127
S01012750,A B D E. Agriculture energy and water,1,1,0
S01012750,C. Manufacturing,39,21,18
S01012750,F. Construction,17,16,1
S01012750,G I. Distribution hotels and restaurants,60,30,30
S01012750,H J. Transport and communication,21,7,14
S01012750,K L M N. Financial real estate professional and administrative activities,24,13,11
S01012750,O P Q. Public administration education and health,24,4,20
S01012750,R S T U. Other,16,9,7
S01012750,Never worked,48,22,26
S01012751,All people aged 16 to 74 not in employment,264,117,147
S01012751,A B D E. Agriculture energy and water,5,3,2
S01012751,C. Manufacturing,58,29,29
S01012751,F. Construction,24,21,3
S01012751,G I. Distribution hotels and restaurants,44,18,26
S01012751,H J. Transport and communication,30,8,22
S01012751,K L M N. Financial real estate professional and administrative activities,26,9,17
S01012751,O P Q. Public administration education and health,34,9,25
S01012751,R S T U. Other,11,7,4
S01012751,Never worked,32,13,19
S01012752,All people aged 16 to 74 not in employment,234,96,138
S01012752,A B D E. Agriculture energy and water,4,4,0
S01012752,C. Manufacturing,43,19,24
S01012752,F. Construction,22,22,0
S01012752,G I. Distribution hotels and restaurants,49,14,35
S01012752,H J. Transport and communication,16,1,15
S01012752,K L M N. Financial real estate professional and administrative activities,15,8,7
S01012752,O P Q. Public administration education and health,37,9,28
S01012752,R S T U. Other,10,3,7
S01012752,Never worked,38,16,22
S01012753,All people aged 16 to 74 not in employment,175,64,111
S01012753,A B D E. Agriculture energy and water,1,1,0
S01012753,C. Manufacturing,32,10,22
S01012753,F. Construction,20,19,1
S01012753,G I. Distribution hotels and restaurants,34,9,25
S01012753,H J. Transport and communication,10,4,6
S01012753,K L M N. Financial real estate professional and administrative activities,14,6,8
S01012753,O P Q. Public administration education and health,32,4,28
S01012753,R S T U. Other,4,1,3
S01012753,Never worked,28,10,18
S01012754,All people aged 16 to 74 not in employment,195,98,97
S01012754,A B D E. Agriculture energy and water,2,2,0
S01012754,C. Manufacturing,40,20,20
S01012754,F. Construction,21,20,1
S01012754,G I. Distribution hotels and restaurants,36,21,15
S01012754,H J. Transport and communication,14,7,7
S01012754,K L M N. Financial real estate professional and administrative activities,15,5,10
S01012754,O P Q. Public administration education and health,31,7,24
S01012754,R S T U. Other,8,3,5
S01012754,Never worked,28,13,15
S01012755,All people aged 16 to 74 not in employment,215,107,108
S01012755,A B D E. Agriculture energy and water,2,1,1
S01012755,C. Manufacturing,38,23,15
S01012755,F. Construction,24,23,1
S01012755,G I. Distribution hotels and restaurants,45,22,23
S01012755,H J. Transport and communication,10,2,8
S01012755,K L M N. Financial real estate professional and administrative activities,20,10,10
S01012755,O P Q. Public administration education and health,29,9,20
S01012755,R S T U. Other,6,0,6
S01012755,Never worked,41,17,24
S01012756,All people aged 16 to 74 not in employment,176,79,97
S01012756,A B D E. Agriculture energy and water,6,3,3
S01012756,C. Manufacturing,39,19,20
S01012756,F. Construction,13,13,0
S01012756,G I. Distribution hotels and restaurants,36,16,20
S01012756,H J. Transport and communication,16,7,9
S01012756,K L M N. Financial real estate professional and administrative activities,8,1,7
S01012756,O P Q. Public administration education and health,28,5,23
S01012756,R S T U. Other,4,2,2
S01012756,Never worked,26,13,13
S01012757,All people aged 16 to 74 not in employment,149,64,85
S01012757,A B D E. Agriculture energy and water,2,1,1
S01012757,C. Manufacturing,39,18,21
S01012757,F. Construction,15,15,0
S01012757,G I. Distribution hotels and restaurants,33,14,19
S01012757,H J. Transport and communication,11,2,9
S01012757,K L M N. Financial real estate professional and administrative activities,7,2,5
S01012757,O P Q. Public administration education and health,24,4,20
S01012757,R S T U. Other,5,2,3
S01012757,Never worked,13,6,7
S01012758,All people aged 16 to 74 not in employment,185,75,110
S01012758,A B D E. Agriculture energy and water,5,3,2
S01012758,C. Manufacturing,33,18,15
S01012758,F. Construction,7,6,1
S01012758,G I. Distribution hotels and restaurants,41,14,27
S01012758,H J. Transport and communication,11,5,6
S01012758,K L M N. Financial real estate professional and administrative activities,16,5,11
S01012758,O P Q. Public administration education and health,33,6,27
S01012758,R S T U. Other,9,4,5
S01012758,Never worked,30,14,16
S01012759,All people aged 16 to 74 not in employment,247,119,128
S01012759,A B D E. Agriculture energy and water,4,3,1
S01012759,C. Manufacturing,49,26,23
S01012759,F. Construction,21,21,0
S01012759,G I. Distribution hotels and restaurants,46,15,31
S01012759,H J. Transport and communication,21,3,18
S01012759,K L M N. Financial real estate professional and administrative activities,17,7,10
S01012759,O P Q. Public administration education and health,30,10,20
S01012759,R S T U. Other,9,7,2
S01012759,Never worked,50,27,23
S01012760,All people aged 16 to 74 not in employment,332,143,189
S01012760,A B D E. Agriculture energy and water,10,6,4
S01012760,C. Manufacturing,43,16,27
S01012760,F. Construction,20,17,3
S01012760,G I. Distribution hotels and restaurants,57,27,30
S01012760,H J. Transport and communication,23,5,18
S01012760,K L M N. Financial real estate professional and administrative activities,34,16,18
S01012760,O P Q. Public administration education and health,51,6,45
S01012760,R S T U. Other,19,7,12
S01012760,Never worked,75,43,32
S01012761,All people aged 16 to 74 not in employment,224,112,112
S01012761,A B D E. Agriculture energy and water,10,6,4
S01012761,C. Manufacturing,46,29,17
S01012761,F. Construction,22,22,0
S01012761,G I. Distribution hotels and restaurants,36,20,16
S01012761,H J. Transport and communication,16,2,14
S01012761,K L M N. Financial real estate professional and administrative activities,17,8,9
S01012761,O P Q. Public administration education and health,34,11,23
S01012761,R S T U. Other,13,1,12
S01012761,Never worked,30,13,17
S01012762,All people aged 16 to 74 not in employment,214,93,121
S01012762,A B D E. Agriculture energy and water,4,2,2
S01012762,C. Manufacturing,45,25,20
S01012762,F. Construction,17,16,1
S01012762,G I. Distribution hotels and restaurants,43,15,28
S01012762,H J. Transport and communication,18,4,14
S01012762,K L M N. Financial real estate professional and administrative activities,18,9,9
S01012762,O P Q. Public administration education and health,36,8,28
S01012762,R S T U. Other,9,3,6
S01012762,Never worked,24,11,13
S01012763,All people aged 16 to 74 not in employment,132,57,75
S01012763,A B D E. Agriculture energy and water,3,3,0
S01012763,C. Manufacturing,22,9,13
S01012763,F. Construction,13,13,0
S01012763,G I. Distribution hotels and restaurants,28,9,19
S01012763,H J. Transport and communication,12,2,10
S01012763,K L M N. Financial real estate professional and administrative activities,6,2,4
S01012763,O P Q. Public administration education and health,17,4,13
S01012763,R S T U. Other,6,1,5
S01012763,Never worked,25,14,11
S01012764,All people aged 16 to 74 not in employment,239,108,131
S01012764,A B D E. Agriculture energy and water,5,3,2
S01012764,C. Manufacturing,40,20,20
S01012764,F. Construction,18,17,1
S01012764,G I. Distribution hotels and restaurants,45,18,27
S01012764,H J. Transport and communication,15,6,9
S01012764,K L M N. Financial real estate professional and administrative activities,26,11,15
S01012764,O P Q. Public administration education and health,38,15,23
S01012764,R S T U. Other,11,1,10
S01012764,Never worked,41,17,24
S01012765,All people aged 16 to 74 not in employment,208,89,119
S01012765,A B D E. Agriculture energy and water,5,3,2
S01012765,C. Manufacturing,57,20,37
S01012765,F. Construction,11,11,0
S01012765,G I. Distribution hotels and restaurants,37,16,21
S01012765,H J. Transport and communication,10,2,8
S01012765,K L M N. Financial real estate professional and administrative activities,16,11,5
S01012765,O P Q. Public administration education and health,29,6,23
S01012765,R S T U. Other,9,4,5
S01012765,Never worked,34,16,18
S01012766,All people aged 16 to 74 not in employment,212,85,127
S01012766,A B D E. Agriculture energy and water,2,2,0
S01012766,C. Manufacturing,38,13,25
S01012766,F. Construction,20,19,1
S01012766,G I. Distribution hotels and restaurants,46,17,29
S01012766,H J. Transport and communication,10,3,7
S01012766,K L M N. Financial real estate professional and administrative activities,20,7,13
S01012766,O P Q. Public administration education and health,22,2,20
S01012766,R S T U. Other,15,1,14
S01012766,Never worked,39,21,18
S01012767,All people aged 16 to 74 not in employment,149,65,84
S01012767,A B D E. Agriculture energy and water,2,1,1
S01012767,C. Manufacturing,24,14,10
S01012767,F. Construction,9,9,0
S01012767,G I. Distribution hotels and restaurants,32,11,21
S01012767,H J. Transport and communication,8,3,5
S01012767,K L M N. Financial real estate professional and administrative activities,14,5,9
S01012767,O P Q. Public administration education and health,39,8,31
S01012767,R S T U. Other,4,3,1
S01012767,Never worked,17,11,6
S01012768,All people aged 16 to 74 not in employment,177,87,90
S01012768,A B D E. Agriculture energy and water,0,0,0
S01012768,C. Manufacturing,24,13,11
S01012768,F. Construction,7,7,0
S01012768,G I. Distribution hotels and restaurants,30,9,21
S01012768,H J. Transport and communication,12,10,2
S01012768,K L M N. Financial real estate professional and administrative activities,21,8,13
S01012768,O P Q. Public administration education and health,60,27,33
S01012768,R S T U. Other,6,2,4
S01012768,Never worked,17,11,6
S01012769,All people aged 16 to 74 not in employment,97,48,49
S01012769,A B D E. Agriculture energy and water,1,0,1
S01012769,C. Manufacturing,11,4,7
S01012769,F. Construction,8,7,1
S01012769,G I. Distribution hotels and restaurants,22,8,14
S01012769,H J. Transport and communication,5,2,3
S01012769,K L M N. Financial real estate professional and administrative activities,6,3,3
S01012769,O P Q. Public administration education and health,16,6,10
S01012769,R S T U. Other,8,5,3
S01012769,Never worked,20,13,7
S01012770,All people aged 16 to 74 not in employment,235,95,140
S01012770,A B D E. Agriculture energy and water,1,1,0
S01012770,C. Manufacturing,37,18,19
S01012770,F. Construction,28,23,5
S01012770,G I. Distribution hotels and restaurants,55,18,37
S01012770,H J. Transport and communication,15,3,12
S01012770,K L M N. Financial real estate professional and administrative activities,25,8,17
S01012770,O P Q. Public administration education and health,36,12,24
S01012770,R S T U. Other,4,1,3
S01012770,Never worked,34,11,23
S01012771,All people aged 16 to 74 not in employment,219,94,125
S01012771,A B D E. Agriculture energy and water,4,2,2
S01012771,C. Manufacturing,48,22,26
S01012771,F. Construction,14,14,0
S01012771,G I. Distribution hotels and restaurants,42,16,26
S01012771,H J. Transport and communication,14,7,7
S01012771,K L M N. Financial real estate professional and administrative activities,16,5,11
S01012771,O P Q. Public administration education and health,39,10,29
S01012771,R S T U. Other,4,3,1
S01012771,Never worked,38,15,23
S01012772,All people aged 16 to 74 not in employment,212,89,123
S01012772,A B D E. Agriculture energy and water,11,5,6
S01012772,C. Manufacturing,47,17,30
S01012772,F. Construction,19,19,0
S01012772,G I. Distribution hotels and restaurants,34,14,20
S01012772,H J. Transport and communication,14,2,12
S01012772,K L M N. Financial real estate professional and administrative activities,19,11,8
S01012772,O P Q. Public administration education and health,28,3,25
S01012772,R S T U. Other,5,2,3
S01012772,Never worked,35,16,19
S01012773,All people aged 16 to 74 not in employment,280,117,163
S01012773,A B D E. Agriculture energy and water,3,1,2
S01012773,C. Manufacturing,57,19,38
S01012773,F. Construction,23,21,2
S01012773,G I. Distribution hotels and restaurants,47,20,27
S01012773,H J. Transport and communication,18,3,15
S01012773,K L M N. Financial real estate professional and administrative activities,27,13,14
S01012773,O P Q. Public administration education and health,52,13,39
S01012773,R S T U. Other,15,6,9
S01012773,Never worked,38,21,17
S01012774,All people aged 16 to 74 not in employment,217,100,117
S01012774,A B D E. Agriculture energy and water,3,1,2
S01012774,C. Manufacturing,33,18,15
S01012774,F. Construction,20,17,3
S01012774,G I. Distribution hotels and restaurants,36,17,19
S01012774,H J. Transport and communication,23,6,17
S01012774,K L M N. Financial real estate professional and administrative activities,26,10,16
S01012774,O P Q. Public administration education and health,29,7,22
S01012774,R S T U. Other,10,3,7
S01012774,Never worked,37,21,16
S01012775,All people aged 16 to 74 not in employment,128,59,69
S01012775,A B D E. Agriculture energy and water,2,1,1
S01012775,C. Manufacturing,15,7,8
S01012775,F. Construction,10,9,1
S01012775,G I. Distribution hotels and restaurants,21,8,13
S01012775,H J. Transport and communication,6,1,5
S01012775,K L M N. Financial real estate professional and administrative activities,12,7,5
S01012775,O P Q. Public administration education and health,34,11,23
S01012775,R S T U. Other,9,5,4
S01012775,Never worked,19,10,9
S01012776,All people aged 16 to 74 not in employment,246,117,129
S01012776,A B D E. Agriculture energy and water,10,10,0
S01012776,C. Manufacturing,62,33,29
S01012776,F. Construction,25,24,1
S01012776,G I. Distribution hotels and restaurants,42,17,25
S01012776,H J. Transport and communication,8,0,8
S01012776,K L M N. Financial real estate professional and administrative activities,29,14,15
S01012776,O P Q. Public administration education and health,26,6,20
S01012776,R S T U. Other,11,1,10
S01012776,Never worked,33,12,21
S01012777,All people aged 16 to 74 not in employment,163,77,86
S01012777,A B D E. Agriculture energy and water,5,3,2
S01012777,C. Manufacturing,21,12,9
S01012777,F. Construction,8,6,2
S01012777,G I. Distribution hotels and restaurants,28,13,15
S01012777,H J. Transport and communication,13,6,7
S01012777,K L M N. Financial real estate professional and administrative activities,11,5,6
S01012777,O P Q. Public administration education and health,19,2,17
S01012777,R S T U. Other,7,2,5
S01012777,Never worked,51,28,23
S01012778,All people aged 16 to 74 not in employment,192,98,94
S01012778,A B D E. Agriculture energy and water,3,3,0
S01012778,C. Manufacturing,32,16,16
S01012778,F. Construction,17,17,0
S01012778,G I. Distribution hotels and restaurants,36,15,21
S01012778,H J. Transport and communication,12,3,9
S01012778,K L M N. Financial real estate professional and administrative activities,11,10,1
S01012778,O P Q. Public administration education and health,19,7,12
S01012778,R S T U. Other,12,1,11
S01012778,Never worked,50,26,24
S01012779,All people aged 16 to 74 not in employment,123,55,68
S01012779,A B D E. Agriculture energy and water,5,4,1
S01012779,C. Manufacturing,15,9,6
S01012779,F. Construction,8,7,1
S01012779,G I. Distribution hotels and restaurants,20,7,13
S01012779,H J. Transport and communication,9,1,8
S01012779,K L M N. Financial real estate professional and administrative activities,19,8,11
S01012779,O P Q. Public administration education and health,13,1,12
S01012779,R S T U. Other,5,1,4
S01012779,Never worked,29,17,12
S01012780,All people aged 16 to 74 not in employment,238,93,145
S01012780,A B D E. Agriculture energy and water,7,5,2
S01012780,C. Manufacturing,36,13,23
S01012780,F. Construction,12,11,1
S01012780,G I. Distribution hotels and restaurants,38,17,21
S01012780,H J. Transport and communication,25,6,19
S01012780,K L M N. Financial real estate professional and administrative activities,21,8,13
S01012780,O P Q. Public administration education and health,34,7,27
S01012780,R S T U. Other,12,2,10
S01012780,Never worked,53,24,29
S01012781,All people aged 16 to 74 not in employment,177,80,97
S01012781,A B D E. Agriculture energy and water,5,5,0
S01012781,C. Manufacturing,26,11,15
S01012781,F. Construction,14,14,0
S01012781,G I. Distribution hotels and restaurants,33,13,20
S01012781,H J. Transport and communication,12,3,9
S01012781,K L M N. Financial real estate professional and administrative activities,16,6,10
S01012781,O P Q. Public administration education and health,38,8,30
S01012781,R S T U. Other,5,1,4
S01012781,Never worked,28,19,9
S01012782,All people aged 16 to 74 not in employment,217,106,111
S01012782,A B D E. Agriculture energy and water,8,4,4
S01012782,C. Manufacturing,44,22,22
S01012782,F. Construction,16,16,0
S01012782,G I. Distribution hotels and restaurants,32,14,18
S01012782,H J. Transport and communication,22,9,13
S01012782,K L M N. Financial real estate professional and administrative activities,27,15,12
S01012782,O P Q. Public administration education and health,17,5,12
S01012782,R S T U. Other,11,3,8
S01012782,Never worked,40,18,22
S01012783,All people aged 16 to 74 not in employment,234,106,128
S01012783,A B D E. Agriculture energy and water,2,1,1
S01012783,C. Manufacturing,51,24,27
S01012783,F. Construction,22,21,1
S01012783,G I. Distribution hotels and restaurants,30,7,23
S01012783,H J. Transport and communication,16,2,14
S01012783,K L M N. Financial real estate professional and administrative activities,26,17,9
S01012783,O P Q. Public administration education and health,30,6,24
S01012783,R S T U. Other,8,3,5
S01012783,Never worked,49,25,24
S01012784,All people aged 16 to 74 not in employment,204,98,106
S01012784,A B D E. Agriculture energy and water,3,3,0
S01012784,C. Manufacturing,29,13,16
S01012784,F. Construction,24,24,0
S01012784,G I. Distribution hotels and restaurants,47,14,33
S01012784,H J. Transport and communication,17,4,13
S01012784,K L M N. Financial real estate professional and administrative activities,19,13,6
S01012784,O P Q. Public administration education and health,28,7,21
S01012784,R S T U. Other,13,9,4
S01012784,Never worked,24,11,13
S01012785,All people aged 16 to 74 not in employment,263,129,134
S01012785,A B D E. Agriculture energy and water,10,9,1
S01012785,C. Manufacturing,46,21,25
S01012785,F. Construction,23,21,2
S01012785,G I. Distribution hotels and restaurants,47,23,24
S01012785,H J. Transport and communication,22,10,12
S01012785,K L M N. Financial real estate professional and administrative activities,29,13,16
S01012785,O P Q. Public administration education and health,32,7,25
S01012785,R S T U. Other,9,5,4
S01012785,Never worked,45,20,25
S01012786,All people aged 16 to 74 not in employment,294,142,152
S01012786,A B D E. Agriculture energy and water,6,3,3
S01012786,C. Manufacturing,40,17,23
S01012786,F. Construction,27,27,0
S01012786,G I. Distribution hotels and restaurants,43,21,22
S01012786,H J. Transport and communication,38,15,23
S01012786,K L M N. Financial real estate professional and administrative activities,26,16,10
S01012786,O P Q. Public administration education and health,44,13,31
S01012786,R S T U. Other,9,3,6
S01012786,Never worked,61,27,34
S01012787,All people aged 16 to 74 not in employment,116,57,59
S01012787,A B D E. Agriculture energy and water,0,0,0
S01012787,C. Manufacturing,20,8,12
S01012787,F. Construction,10,10,0
S01012787,G I. Distribution hotels and restaurants,15,7,8
S01012787,H J. Transport and communication,15,7,8
S01012787,K L M N. Financial real estate professional and administrative activities,12,5,7
S01012787,O P Q. Public administration education and health,13,5,8
S01012787,R S T U. Other,10,4,6
S01012787,Never worked,21,11,10
S01012788,All people aged 16 to 74 not in employment,230,102,128
S01012788,A B D E. Agriculture energy and water,8,7,1
S01012788,C. Manufacturing,38,18,20
S01012788,F. Construction,14,14,0
S01012788,G I. Distribution hotels and restaurants,47,18,29
S01012788,H J. Transport and communication,13,6,7
S01012788,K L M N. Financial real estate professional and administrative activities,16,8,8
S01012788,O P Q. Public administration education and health,20,2,18
S01012788,R S T U. Other,14,2,12
S01012788,Never worked,60,27,33
S01012789,All people aged 16 to 74 not in employment,232,109,123
S01012789,A B D E. Agriculture energy and water,3,1,2
S01012789,C. Manufacturing,36,15,21
S01012789,F. Construction,17,15,2
S01012789,G I. Distribution hotels and restaurants,37,14,23
S01012789,H J. Transport and communication,13,7,6
S01012789,K L M N. Financial real estate professional and administrative activities,29,18,11
S01012789,O P Q. Public administration education and health,55,18,37
S01012789,R S T U. Other,7,3,4
S01012789,Never worked,35,18,17
S01012790,All people aged 16 to 74 not in employment,82,36,46
S01012790,A B D E. Agriculture energy and water,3,3,0
S01012790,C. Manufacturing,9,2,7
S01012790,F. Construction,8,8,0
S01012790,G I. Distribution hotels and restaurants,11,6,5
S01012790,H J. Transport and communication,3,1,2
S01012790,K L M N. Financial real estate professional and administrative activities,11,4,7
S01012790,O P Q. Public administration education and health,17,5,12
S01012790,R S T U. Other,3,2,1
S01012790,Never worked,17,5,12
S01012791,All people aged 16 to 74 not in employment,206,89,117
S01012791,A B D E. Agriculture energy and water,1,0,1
S01012791,C. Manufacturing,35,21,14
S01012791,F. Construction,10,8,2
S01012791,G I. Distribution hotels and restaurants,28,11,17
S01012791,H J. Transport and communication,10,4,6
S01012791,K L M N. Financial real estate professional and administrative activities,20,8,12
S01012791,O P Q. Public administration education and health,79,28,51
S01012791,R S T U. Other,7,1,6
S01012791,Never worked,16,8,8
S01012792,All people aged 16 to 74 not in employment,272,132,140
S01012792,A B D E. Agriculture energy and water,8,4,4
S01012792,C. Manufacturing,51,23,28
S01012792,F. Construction,24,22,2
S01012792,G I. Distribution hotels and restaurants,45,24,21
S01012792,H J. Transport and communication,21,8,13
S01012792,K L M N. Financial real estate professional and administrative activities,28,17,11
S01012792,O P Q. Public administration education and health,55,14,41
S01012792,R S T U. Other,13,8,5
S01012792,Never worked,27,12,15
S01012793,All people aged 16 to 74 not in employment,337,195,142
S01012793,A B D E. Agriculture energy and water,7,7,0
S01012793,C. Manufacturing,48,30,18
S01012793,F. Construction,19,18,1
S01012793,G I. Distribution hotels and restaurants,64,39,25
S01012793,H J. Transport and communication,36,16,20
S01012793,K L M N. Financial real estate professional and administrative activities,32,17,15
S01012793,O P Q. Public administration education and health,41,12,29
S01012793,R S T U. Other,19,11,8
S01012793,Never worked,71,45,26
S01012794,All people aged 16 to 74 not in employment,157,73,84
S01012794,A B D E. Agriculture energy and water,3,3,0
S01012794,C. Manufacturing,23,12,11
S01012794,F. Construction,14,12,2
S01012794,G I. Distribution hotels and restaurants,33,16,17
S01012794,H J. Transport and communication,12,5,7
S01012794,K L M N. Financial real estate professional and administrative activities,25,13,12
S01012794,O P Q. Public administration education and health,32,7,25
S01012794,R S T U. Other,6,3,3
S01012794,Never worked,9,2,7
S01012795,All people aged 16 to 74 not in employment,369,157,212
S01012795,A B D E. Agriculture energy and water,7,4,3
S01012795,C. Manufacturing,69,34,35
S01012795,F. Construction,29,26,3
S01012795,G I. Distribution hotels and restaurants,72,35,37
S01012795,H J. Transport and communication,27,4,23
S01012795,K L M N. Financial real estate professional and administrative activities,23,13,10
S01012795,O P Q. Public administration education and health,52,12,40
S01012795,R S T U. Other,14,4,10
S01012795,Never worked,76,25,51
S01012796,All people aged 16 to 74 not in employment,179,72,107
S01012796,A B D E. Agriculture energy and water,6,4,2
S01012796,C. Manufacturing,38,14,24
S01012796,F. Construction,7,4,3
S01012796,G I. Distribution hotels and restaurants,25,14,11
S01012796,H J. Transport and communication,18,6,12
S01012796,K L M N. Financial real estate professional and administrative activities,20,4,16
S01012796,O P Q. Public administration education and health,32,13,19
S01012796,R S T U. Other,4,1,3
S01012796,Never worked,29,12,17
S01012797,All people aged 16 to 74 not in employment,194,77,117
S01012797,A B D E. Agriculture energy and water,4,3,1
S01012797,C. Manufacturing,31,11,20
S01012797,F. Construction,15,15,0
S01012797,G I. Distribution hotels and restaurants,31,14,17
S01012797,H J. Transport and communication,15,3,12
S01012797,K L M N. Financial real estate professional and administrative activities,19,3,16
S01012797,O P Q. Public administration education and health,24,7,17
S01012797,R S T U. Other,7,4,3
S01012797,Never worked,48,17,31
S01012798,All people aged 16 to 74 not in employment,178,77,101
S01012798,A B D E. Agriculture energy and water,2,2,0
S01012798,C. Manufacturing,15,7,8
S01012798,F. Construction,12,9,3
S01012798,G I. Distribution hotels and restaurants,32,14,18
S01012798,H J. Transport and communication,13,5,8
S01012798,K L M N. Financial real estate professional and administrative activities,22,8,14
S01012798,O P Q. Public administration education and health,49,11,38
S01012798,R S T U. Other,6,2,4
S01012798,Never worked,27,19,8
S01012799,All people aged 16 to 74 not in employment,182,69,113
S01012799,A B D E. Agriculture energy and water,10,10,0
S01012799,C. Manufacturing,13,3,10
S01012799,F. Construction,11,7,4
S01012799,G I. Distribution hotels and restaurants,33,9,24
S01012799,H J. Transport and communication,12,5,7
S01012799,K L M N. Financial real estate professional and administrative activities,22,9,13
S01012799,O P Q. Public administration education and health,55,13,42
S01012799,R S T U. Other,5,1,4
S01012799,Never worked,21,12,9
S01012800,All people aged 16 to 74 not in employment,225,97,128
S01012800,A B D E. Agriculture energy and water,4,3,1
S01012800,C. Manufacturing,25,13,12
S01012800,F. Construction,11,9,2
S01012800,G I. Distribution hotels and restaurants,43,22,21
S01012800,H J. Transport and communication,17,9,8
S01012800,K L M N. Financial real estate professional and administrative activities,24,10,14
S01012800,O P Q. Public administration education and health,65,16,49
S01012800,R S T U. Other,6,0,6
S01012800,Never worked,30,15,15
S01012801,All people aged 16 to 74 not in employment,112,44,68
S01012801,A B D E. Agriculture energy and water,2,2,0
S01012801,C. Manufacturing,13,8,5
S01012801,F. Construction,8,5,3
S01012801,G I. Distribution hotels and restaurants,21,8,13
S01012801,H J. Transport and communication,12,4,8
S01012801,K L M N. Financial real estate professional and administrative activities,14,6,8
S01012801,O P Q. Public administration education and health,29,6,23
S01012801,R S T U. Other,2,0,2
S01012801,Never worked,11,5,6
S01012802,All people aged 16 to 74 not in employment,147,64,83
S01012802,A B D E. Agriculture energy and water,1,1,0
S01012802,C. Manufacturing,12,6,6
S01012802,F. Construction,4,4,0
S01012802,G I. Distribution hotels and restaurants,29,12,17
S01012802,H J. Transport and communication,11,6,5
S01012802,K L M N. Financial real estate professional and administrative activities,22,7,15
S01012802,O P Q. Public administration education and health,35,12,23
S01012802,R S T U. Other,5,2,3
S01012802,Never worked,28,14,14
S01012803,All people aged 16 to 74 not in employment,178,82,96
S01012803,A B D E. Agriculture energy and water,3,1,2
S01012803,C. Manufacturing,13,8,5
S01012803,F. Construction,8,6,2
S01012803,G I. Distribution hotels and restaurants,29,13,16
S01012803,H J. Transport and communication,8,1,7
S01012803,K L M N. Financial real estate professional and administrative activities,28,10,18
S01012803,O P Q. Public administration education and health,48,17,31
S01012803,R S T U. Other,8,4,4
S01012803,Never worked,33,22,11
S01012804,All people aged 16 to 74 not in employment,207,89,118
S01012804,A B D E. Agriculture energy and water,9,5,4
S01012804,C. Manufacturing,26,12,14
S01012804,F. Construction,13,10,3
S01012804,G I. Distribution hotels and restaurants,34,15,19
S01012804,H J. Transport and communication,15,6,9
S01012804,K L M N. Financial real estate professional and administrative activities,17,5,12
S01012804,O P Q. Public administration education and health,47,15,32
S01012804,R S T U. Other,11,2,9
S01012804,Never worked,35,19,16
S01012805,All people aged 16 to 74 not in employment,238,94,144
S01012805,A B D E. Agriculture energy and water,6,6,0
S01012805,C. Manufacturing,34,20,14
S01012805,F. Construction,10,9,1
S01012805,G I. Distribution hotels and restaurants,48,20,28
S01012805,H J. Transport and communication,14,3,11
S01012805,K L M N. Financial real estate professional and administrative activities,22,6,16
S01012805,O P Q. Public administration education and health,53,7,46
S01012805,R S T U. Other,10,5,5
S01012805,Never worked,41,18,23
S01012806,All people aged 16 to 74 not in employment,201,76,125
S01012806,A B D E. Agriculture energy and water,7,3,4
S01012806,C. Manufacturing,21,9,12
S01012806,F. Construction,9,6,3
S01012806,G I. Distribution hotels and restaurants,36,17,19
S01012806,H J. Transport and communication,14,5,9
S01012806,K L M N. Financial real estate professional and administrative activities,17,8,9
S01012806,O P Q. Public administration education and health,44,8,36
S01012806,R S T U. Other,12,2,10
S01012806,Never worked,41,18,23
S01012807,All people aged 16 to 74 not in employment,117,40,77
S01012807,A B D E. Agriculture energy and water,2,1,1
S01012807,C. Manufacturing,11,5,6
S01012807,F. Construction,8,4,4
S01012807,G I. Distribution hotels and restaurants,19,7,12
S01012807,H J. Transport and communication,11,5,6
S01012807,K L M N. Financial real estate professional and administrative activities,15,4,11
S01012807,O P Q. Public administration education and health,25,6,19
S01012807,R S T U. Other,5,1,4
S01012807,Never worked,21,7,14
S01012808,All people aged 16 to 74 not in employment,251,106,145
S01012808,A B D E. Agriculture energy and water,9,4,5
S01012808,C. Manufacturing,34,16,18
S01012808,F. Construction,22,19,3
S01012808,G I. Distribution hotels and restaurants,40,20,20
S01012808,H J. Transport and communication,18,6,12
S01012808,K L M N. Financial real estate professional and administrative activities,18,7,11
S01012808,O P Q. Public administration education and health,66,15,51
S01012808,R S T U. Other,11,3,8
S01012808,Never worked,33,16,17
S01012809,All people aged 16 to 74 not in employment,172,86,86
S01012809,A B D E. Agriculture energy and water,2,0,2
S01012809,C. Manufacturing,16,7,9
S01012809,F. Construction,10,10,0
S01012809,G I. Distribution hotels and restaurants,37,18,19
S01012809,H J. Transport and communication,13,6,7
S01012809,K L M N. Financial real estate professional and administrative activities,25,9,16
S01012809,O P Q. Public administration education and health,36,12,24
S01012809,R S T U. Other,3,2,1
S01012809,Never worked,30,22,8
S01012810,All people aged 16 to 74 not in employment,274,135,139
S01012810,A B D E. Agriculture energy and water,9,5,4
S01012810,C. Manufacturing,29,18,11
S01012810,F. Construction,22,20,2
S01012810,G I. Distribution hotels and restaurants,58,30,28
S01012810,H J. Transport and communication,20,6,14
S01012810,K L M N. Financial real estate professional and administrative activities,35,22,13
S01012810,O P Q. Public administration education and health,56,15,41
S01012810,R S T U. Other,13,5,8
S01012810,Never worked,32,14,18
S01012811,All people aged 16 to 74 not in employment,233,88,145
S01012811,A B D E. Agriculture energy and water,6,3,3
S01012811,C. Manufacturing,33,18,15
S01012811,F. Construction,13,11,2
S01012811,G I. Distribution hotels and restaurants,37,13,24
S01012811,H J. Transport and communication,13,6,7
S01012811,K L M N. Financial real estate professional and administrative activities,17,5,12
S01012811,O P Q. Public administration education and health,62,13,49
S01012811,R S T U. Other,16,4,12
S01012811,Never worked,36,15,21
S01012812,All people aged 16 to 74 not in employment,138,59,79
S01012812,A B D E. Agriculture energy and water,2,2,0
S01012812,C. Manufacturing,17,11,6
S01012812,F. Construction,14,11,3
S01012812,G I. Distribution hotels and restaurants,22,6,16
S01012812,H J. Transport and communication,7,3,4
S01012812,K L M N. Financial real estate professional and administrative activities,13,5,8
S01012812,O P Q. Public administration education and health,33,8,25
S01012812,R S T U. Other,6,4,2
S01012812,Never worked,24,9,15
S01012813,All people aged 16 to 74 not in employment,256,103,153
S01012813,A B D E. Agriculture energy and water,6,2,4
S01012813,C. Manufacturing,20,11,9
S01012813,F. Construction,14,13,1
S01012813,G I. Distribution hotels and restaurants,34,12,22
S01012813,H J. Transport and communication,4,3,1
S01012813,K L M N. Financial real estate professional and administrative activities,43,22,21
S01012813,O P Q. Public administration education and health,93,22,71
S01012813,R S T U. Other,12,4,8
S01012813,Never worked,30,14,16
S01012814,All people aged 16 to 74 not in employment,137,55,82
S01012814,A B D E. Agriculture energy and water,3,2,1
S01012814,C. Manufacturing,13,9,4
S01012814,F. Construction,11,10,1
S01012814,G I. Distribution hotels and restaurants,28,10,18
S01012814,H J. Transport and communication,11,3,8
S01012814,K L M N. Financial real estate professional and administrative activities,15,7,8
S01012814,O P Q. Public administration education and health,30,4,26
S01012814,R S T U. Other,6,3,3
S01012814,Never worked,20,7,13
S01012815,All people aged 16 to 74 not in employment,105,45,60
S01012815,A B D E. Agriculture energy and water,3,1,2
S01012815,C. Manufacturing,11,7,4
S01012815,F. Construction,6,5,1
S01012815,G I. Distribution hotels and restaurants,22,7,15
S01012815,H J. Transport and communication,10,3,7
S01012815,K L M N. Financial real estate professional and administrative activities,14,6,8
S01012815,O P Q. Public administration education and health,14,2,12
S01012815,R S T U. Other,6,3,3
S01012815,Never worked,19,11,8
S01012816,All people aged 16 to 74 not in employment,110,40,70
S01012816,A B D E. Agriculture energy and water,1,0,1
S01012816,C. Manufacturing,8,4,4
S01012816,F. Construction,6,5,1
S01012816,G I. Distribution hotels and restaurants,22,8,14
S01012816,H J. Transport and communication,5,2,3
S01012816,K L M N. Financial real estate professional and administrative activities,13,6,7
S01012816,O P Q. Public administration education and health,20,3,17
S01012816,R S T U. Other,6,3,3
S01012816,Never worked,29,9,20
S01012817,All people aged 16 to 74 not in employment,58,23,35
S01012817,A B D E. Agriculture energy and water,0,0,0
S01012817,C. Manufacturing,3,0,3
S01012817,F. Construction,4,3,1
S01012817,G I. Distribution hotels and restaurants,15,8,7
S01012817,H J. Transport and communication,3,0,3
S01012817,K L M N. Financial real estate professional and administrative activities,4,3,1
S01012817,O P Q. Public administration education and health,6,0,6
S01012817,R S T U. Other,3,0,3
S01012817,Never worked,20,9,11
S01012818,All people aged 16 to 74 not in employment,168,70,98
S01012818,A B D E. Agriculture energy and water,4,3,1
S01012818,C. Manufacturing,9,5,4
S01012818,F. Construction,12,11,1
S01012818,G I. Distribution hotels and restaurants,41,17,24
S01012818,H J. Transport and communication,6,2,4
S01012818,K L M N. Financial real estate professional and administrative activities,13,4,9
S01012818,O P Q. Public administration education and health,35,10,25
S01012818,R S T U. Other,2,1,1
S01012818,Never worked,46,17,29
S01012819,All people aged 16 to 74 not in employment,281,125,156
S01012819,A B D E. Agriculture energy and water,5,3,2
S01012819,C. Manufacturing,52,24,28
S01012819,F. Construction,37,29,8
S01012819,G I. Distribution hotels and restaurants,51,21,30
S01012819,H J. Transport and communication,4,1,3
S01012819,K L M N. Financial real estate professional and administrative activities,29,13,16
S01012819,O P Q. Public administration education and health,39,9,30
S01012819,R S T U. Other,11,2,9
S01012819,Never worked,53,23,30
S01012820,All people aged 16 to 74 not in employment,152,67,85
S01012820,A B D E. Agriculture energy and water,4,1,3
S01012820,C. Manufacturing,15,5,10
S01012820,F. Construction,8,8,0
S01012820,G I. Distribution hotels and restaurants,35,18,17
S01012820,H J. Transport and communication,14,7,7
S01012820,K L M N. Financial real estate professional and administrative activities,17,8,9
S01012820,O P Q. Public administration education and health,19,3,16
S01012820,R S T U. Other,3,1,2
S01012820,Never worked,37,16,21
S01012821,All people aged 16 to 74 not in employment,126,50,76
S01012821,A B D E. Agriculture energy and water,1,1,0
S01012821,C. Manufacturing,4,1,3
S01012821,F. Construction,5,4,1
S01012821,G I. Distribution hotels and restaurants,25,11,14
S01012821,H J. Transport and communication,11,6,5
S01012821,K L M N. Financial real estate professional and administrative activities,9,3,6
S01012821,O P Q. Public administration education and health,13,3,10
S01012821,R S T U. Other,2,0,2
S01012821,Never worked,56,21,35
S01012822,All people aged 16 to 74 not in employment,176,92,84
S01012822,A B D E. Agriculture energy and water,5,1,4
S01012822,C. Manufacturing,27,14,13
S01012822,F. Construction,20,20,0
S01012822,G I. Distribution hotels and restaurants,31,19,12
S01012822,H J. Transport and communication,14,5,9
S01012822,K L M N. Financial real estate professional and administrative activities,21,11,10
S01012822,O P Q. Public administration education and health,25,6,19
S01012822,R S T U. Other,7,5,2
S01012822,Never worked,26,11,15
S01012823,All people aged 16 to 74 not in employment,133,62,71
S01012823,A B D E. Agriculture energy and water,0,0,0
S01012823,C. Manufacturing,12,5,7
S01012823,F. Construction,9,7,2
S01012823,G I. Distribution hotels and restaurants,14,6,8
S01012823,H J. Transport and communication,12,4,8
S01012823,K L M N. Financial real estate professional and administrative activities,10,3,7
S01012823,O P Q. Public administration education and health,25,5,20
S01012823,R S T U. Other,3,1,2
S01012823,Never worked,48,31,17
S01012824,All people aged 16 to 74 not in employment,146,68,78
S01012824,A B D E. Agriculture energy and water,0,0,0
S01012824,C. Manufacturing,31,13,18
S01012824,F. Construction,13,12,1
S01012824,G I. Distribution hotels and restaurants,34,17,17
S01012824,H J. Transport and communication,11,3,8
S01012824,K L M N. Financial real estate professional and administrative activities,7,2,5
S01012824,O P Q. Public administration education and health,17,5,12
S01012824,R S T U. Other,5,1,4
S01012824,Never worked,28,15,13
S01012825,All people aged 16 to 74 not in employment,168,89,79
S01012825,A B D E. Agriculture energy and water,2,1,1
S01012825,C. Manufacturing,32,19,13
S01012825,F. Construction,18,18,0
S01012825,G I. Distribution hotels and restaurants,33,19,14
S01012825,H J. Transport and communication,8,4,4
S01012825,K L M N. Financial real estate professional and administrative activities,24,14,10
S01012825,O P Q. Public administration education and health,25,5,20
S01012825,R S T U. Other,6,1,5
S01012825,Never worked,20,8,12
S01012826,All people aged 16 to 74 not in employment,214,97,117
S01012826,A B D E. Agriculture energy and water,2,1,1
S01012826,C. Manufacturing,27,9,18
S01012826,F. Construction,15,14,1
S01012826,G I. Distribution hotels and restaurants,42,20,22
S01012826,H J. Transport and communication,6,1,5
S01012826,K L M N. Financial real estate professional and administrative activities,23,10,13
S01012826,O P Q. Public administration education and health,19,6,13
S01012826,R S T U. Other,10,1,9
S01012826,Never worked,70,35,35
S01012827,All people aged 16 to 74 not in employment,91,38,53
S01012827,A B D E. Agriculture energy and water,1,1,0
S01012827,C. Manufacturing,9,4,5
S01012827,F. Construction,7,6,1
S01012827,G I. Distribution hotels and restaurants,11,6,5
S01012827,H J. Transport and communication,5,2,3
S01012827,K L M N. Financial real estate professional and administrative activities,13,3,10
S01012827,O P Q. Public administration education and health,10,1,9
S01012827,R S T U. Other,0,0,0
S01012827,Never worked,35,15,20
S01012828,All people aged 16 to 74 not in employment,68,30,38
S01012828,A B D E. Agriculture energy and water,0,0,0
S01012828,C. Manufacturing,5,1,4
S01012828,F. Construction,4,4,0
S01012828,G I. Distribution hotels and restaurants,17,8,9
S01012828,H J. Transport and communication,5,3,2
S01012828,K L M N. Financial real estate professional and administrative activities,8,4,4
S01012828,O P Q. Public administration education and health,14,3,11
S01012828,R S T U. Other,2,0,2
S01012828,Never worked,13,7,6
S01012829,All people aged 16 to 74 not in employment,271,107,164
S01012829,A B D E. Agriculture energy and water,2,0,2
S01012829,C. Manufacturing,47,17,30
S01012829,F. Construction,24,21,3
S01012829,G I. Distribution hotels and restaurants,47,25,22
S01012829,H J. Transport and communication,16,5,11
S01012829,K L M N. Financial real estate professional and administrative activities,26,11,15
S01012829,O P Q. Public administration education and health,41,5,36
S01012829,R S T U. Other,10,5,5
S01012829,Never worked,58,18,40
S01012830,All people aged 16 to 74 not in employment,225,93,132
S01012830,A B D E. Agriculture energy and water,7,5,2
S01012830,C. Manufacturing,41,17,24
S01012830,F. Construction,14,13,1
S01012830,G I. Distribution hotels and restaurants,48,20,28
S01012830,H J. Transport and communication,14,2,12
S01012830,K L M N. Financial real estate professional and administrative activities,19,9,10
S01012830,O P Q. Public administration education and health,33,9,24
S01012830,R S T U. Other,5,3,2
S01012830,Never worked,44,15,29
S01012831,All people aged 16 to 74 not in employment,232,104,128
S01012831,A B D E. Agriculture energy and water,7,6,1
S01012831,C. Manufacturing,55,22,33
S01012831,F. Construction,22,20,2
S01012831,G I. Distribution hotels and restaurants,49,20,29
S01012831,H J. Transport and communication,12,2,10
S01012831,K L M N. Financial real estate professional and administrative activities,19,10,9
S01012831,O P Q. Public administration education and health,39,12,27
S01012831,R S T U. Other,9,2,7
S01012831,Never worked,20,10,10
S01012832,All people aged 16 to 74 not in employment,148,63,85
S01012832,A B D E. Agriculture energy and water,3,2,1
S01012832,C. Manufacturing,21,10,11
S01012832,F. Construction,10,8,2
S01012832,G I. Distribution hotels and restaurants,31,13,18
S01012832,H J. Transport and communication,7,4,3
S01012832,K L M N. Financial real estate professional and administrative activities,16,4,12
S01012832,O P Q. Public administration education and health,27,8,19
S01012832,R S T U. Other,6,2,4
S01012832,Never worked,27,12,15
S01012833,All people aged 16 to 74 not in employment,269,127,142
S01012833,A B D E. Agriculture energy and water,6,4,2
S01012833,C. Manufacturing,48,24,24
S01012833,F. Construction,26,23,3
S01012833,G I. Distribution hotels and restaurants,46,20,26
S01012833,H J. Transport and communication,20,5,15
S01012833,K L M N. Financial real estate professional and administrative activities,18,12,6
S01012833,O P Q. Public administration education and health,36,8,28
S01012833,R S T U. Other,9,2,7
S01012833,Never worked,60,29,31
S01012834,All people aged 16 to 74 not in employment,207,102,105
S01012834,A B D E. Agriculture energy and water,5,4,1
S01012834,C. Manufacturing,40,18,22
S01012834,F. Construction,21,21,0
S01012834,G I. Distribution hotels and restaurants,34,12,22
S01012834,H J. Transport and communication,8,5,3
S01012834,K L M N. Financial real estate professional and administrative activities,20,9,11
S01012834,O P Q. Public administration education and health,36,9,27
S01012834,R S T U. Other,5,2,3
S01012834,Never worked,38,22,16
S01012835,All people aged 16 to 74 not in employment,285,143,142
S01012835,A B D E. Agriculture energy and water,3,2,1
S01012835,C. Manufacturing,43,17,26
S01012835,F. Construction,30,28,2
S01012835,G I. Distribution hotels and restaurants,54,28,26
S01012835,H J. Transport and communication,19,9,10
S01012835,K L M N. Financial real estate professional and administrative activities,14,6,8
S01012835,O P Q. Public administration education and health,62,18,44
S01012835,R S T U. Other,15,8,7
S01012835,Never worked,45,27,18
S01012836,All people aged 16 to 74 not in employment,102,36,66
S01012836,A B D E. Agriculture energy and water,1,1,0
S01012836,C. Manufacturing,12,5,7
S01012836,F. Construction,3,3,0
S01012836,G I. Distribution hotels and restaurants,13,6,7
S01012836,H J. Transport and communication,7,3,4
S01012836,K L M N. Financial real estate professional and administrative activities,12,2,10
S01012836,O P Q. Public administration education and health,17,1,16
S01012836,R S T U. Other,5,0,5
S01012836,Never worked,32,15,17
S01012837,All people aged 16 to 74 not in employment,309,162,147
S01012837,A B D E. Agriculture energy and water,5,3,2
S01012837,C. Manufacturing,30,19,11
S01012837,F. Construction,26,24,2
S01012837,G I. Distribution hotels and restaurants,70,41,29
S01012837,H J. Transport and communication,31,14,17
S01012837,K L M N. Financial real estate professional and administrative activities,29,19,10
S01012837,O P Q. Public administration education and health,44,11,33
S01012837,R S T U. Other,11,2,9
S01012837,Never worked,63,29,34
S01012838,All people aged 16 to 74 not in employment,385,185,200
S01012838,A B D E. Agriculture energy and water,5,4,1
S01012838,C. Manufacturing,41,26,15
S01012838,F. Construction,27,26,1
S01012838,G I. Distribution hotels and restaurants,84,50,34
S01012838,H J. Transport and communication,36,13,23
S01012838,K L M N. Financial real estate professional and administrative activities,50,19,31
S01012838,O P Q. Public administration education and health,52,11,41
S01012838,R S T U. Other,21,5,16
S01012838,Never worked,69,31,38
S01012839,All people aged 16 to 74 not in employment,143,62,81
S01012839,A B D E. Agriculture energy and water,1,0,1
S01012839,C. Manufacturing,24,12,12
S01012839,F. Construction,13,12,1
S01012839,G I. Distribution hotels and restaurants,25,12,13
S01012839,H J. Transport and communication,9,4,5
S01012839,K L M N. Financial real estate professional and administrative activities,13,3,10
S01012839,O P Q. Public administration education and health,38,9,29
S01012839,R S T U. Other,6,3,3
S01012839,Never worked,14,7,7
S01012840,All people aged 16 to 74 not in employment,119,52,67
S01012840,A B D E. Agriculture energy and water,2,1,1
S01012840,C. Manufacturing,13,8,5
S01012840,F. Construction,6,4,2
S01012840,G I. Distribution hotels and restaurants,21,9,12
S01012840,H J. Transport and communication,11,7,4
S01012840,K L M N. Financial real estate professional and administrative activities,13,5,8
S01012840,O P Q. Public administration education and health,24,8,16
S01012840,R S T U. Other,5,0,5
S01012840,Never worked,24,10,14
S01012841,All people aged 16 to 74 not in employment,123,53,70
S01012841,A B D E. Agriculture energy and water,8,5,3
S01012841,C. Manufacturing,17,8,9
S01012841,F. Construction,13,7,6
S01012841,G I. Distribution hotels and restaurants,20,9,11
S01012841,H J. Transport and communication,7,2,5
S01012841,K L M N. Financial real estate professional and administrative activities,14,5,9
S01012841,O P Q. Public administration education and health,30,13,17
S01012841,R S T U. Other,6,1,5
S01012841,Never worked,8,3,5
S01012842,All people aged 16 to 74 not in employment,93,41,52
S01012842,A B D E. Agriculture energy and water,0,0,0
S01012842,C. Manufacturing,7,6,1
S01012842,F. Construction,11,9,2
S01012842,G I. Distribution hotels and restaurants,18,9,9
S01012842,H J. Transport and communication,5,2,3
S01012842,K L M N. Financial real estate professional and administrative activities,7,2,5
S01012842,O P Q. Public administration education and health,19,3,16
S01012842,R S T U. Other,8,3,5
S01012842,Never worked,18,7,11
S01012843,All people aged 16 to 74 not in employment,216,87,129
S01012843,A B D E. Agriculture energy and water,7,6,1
S01012843,C. Manufacturing,27,16,11
S01012843,F. Construction,9,7,2
S01012843,G I. Distribution hotels and restaurants,27,13,14
S01012843,H J. Transport and communication,11,5,6
S01012843,K L M N. Financial real estate professional and administrative activities,28,5,23
S01012843,O P Q. Public administration education and health,58,13,45
S01012843,R S T U. Other,8,0,8
S01012843,Never worked,41,22,19
S01012844,All people aged 16 to 74 not in employment,150,67,83
S01012844,A B D E. Agriculture energy and water,0,0,0
S01012844,C. Manufacturing,10,5,5
S01012844,F. Construction,8,6,2
S01012844,G I. Distribution hotels and restaurants,22,12,10
S01012844,H J. Transport and communication,7,2,5
S01012844,K L M N. Financial real estate professional and administrative activities,19,10,9
S01012844,O P Q. Public administration education and health,49,18,31
S01012844,R S T U. Other,1,0,1
S01012844,Never worked,34,14,20
S01012845,All people aged 16 to 74 not in employment,180,79,101
S01012845,A B D E. Agriculture energy and water,3,1,2
S01012845,C. Manufacturing,11,10,1
S01012845,F. Construction,12,10,2
S01012845,G I. Distribution hotels and restaurants,25,10,15
S01012845,H J. Transport and communication,6,2,4
S01012845,K L M N. Financial real estate professional and administrative activities,16,6,10
S01012845,O P Q. Public administration education and health,54,12,42
S01012845,R S T U. Other,3,1,2
S01012845,Never worked,50,27,23
S01012846,All people aged 16 to 74 not in employment,336,146,190
S01012846,A B D E. Agriculture energy and water,9,8,1
S01012846,C. Manufacturing,57,28,29
S01012846,F. Construction,34,31,3
S01012846,G I. Distribution hotels and restaurants,74,34,40
S01012846,H J. Transport and communication,22,5,17
S01012846,K L M N. Financial real estate professional and administrative activities,31,10,21
S01012846,O P Q. Public administration education and health,54,15,39
S01012846,R S T U. Other,11,2,9
S01012846,Never worked,44,13,31
S01012847,All people aged 16 to 74 not in employment,138,67,71
S01012847,A B D E. Agriculture energy and water,3,2,1
S01012847,C. Manufacturing,24,16,8
S01012847,F. Construction,11,9,2
S01012847,G I. Distribution hotels and restaurants,29,14,15
S01012847,H J. Transport and communication,6,2,4
S01012847,K L M N. Financial real estate professional and administrative activities,17,6,11
S01012847,O P Q. Public administration education and health,19,5,14
S01012847,R S T U. Other,7,2,5
S01012847,Never worked,22,11,11
S01012848,All people aged 16 to 74 not in employment,158,53,105
S01012848,A B D E. Agriculture energy and water,3,2,1
S01012848,C. Manufacturing,18,10,8
S01012848,F. Construction,3,2,1
S01012848,G I. Distribution hotels and restaurants,38,15,23
S01012848,H J. Transport and communication,14,4,10
S01012848,K L M N. Financial real estate professional and administrative activities,12,4,8
S01012848,O P Q. Public administration education and health,39,6,33
S01012848,R S T U. Other,7,3,4
S01012848,Never worked,24,7,17
S01012849,All people aged 16 to 74 not in employment,177,75,102
S01012849,A B D E. Agriculture energy and water,2,0,2
S01012849,C. Manufacturing,24,12,12
S01012849,F. Construction,16,13,3
S01012849,G I. Distribution hotels and restaurants,37,19,18
S01012849,H J. Transport and communication,19,6,13
S01012849,K L M N. Financial real estate professional and administrative activities,23,8,15
S01012849,O P Q. Public administration education and health,19,4,15
S01012849,R S T U. Other,11,1,10
S01012849,Never worked,26,12,14
S01012850,All people aged 16 to 74 not in employment,224,107,117
S01012850,A B D E. Agriculture energy and water,2,0,2
S01012850,C. Manufacturing,21,11,10
S01012850,F. Construction,28,27,1
S01012850,G I. Distribution hotels and restaurants,54,28,26
S01012850,H J. Transport and communication,21,5,16
S01012850,K L M N. Financial real estate professional and administrative activities,18,9,9
S01012850,O P Q. Public administration education and health,40,8,32
S01012850,R S T U. Other,13,5,8
S01012850,Never worked,27,14,13
S01012851,All people aged 16 to 74 not in employment,245,110,135
S01012851,A B D E. Agriculture energy and water,1,1,0
S01012851,C. Manufacturing,27,11,16
S01012851,F. Construction,26,23,3
S01012851,G I. Distribution hotels and restaurants,41,19,22
S01012851,H J. Transport and communication,16,5,11
S01012851,K L M N. Financial real estate professional and administrative activities,22,9,13
S01012851,O P Q. Public administration education and health,53,13,40
S01012851,R S T U. Other,12,4,8
S01012851,Never worked,47,25,22
S01012852,All people aged 16 to 74 not in employment,174,78,96
S01012852,A B D E. Agriculture energy and water,4,3,1
S01012852,C. Manufacturing,22,16,6
S01012852,F. Construction,7,6,1
S01012852,G I. Distribution hotels and restaurants,30,16,14
S01012852,H J. Transport and communication,6,3,3
S01012852,K L M N. Financial real estate professional and administrative activities,26,12,14
S01012852,O P Q. Public administration education and health,49,13,36
S01012852,R S T U. Other,7,1,6
S01012852,Never worked,23,8,15
S01012853,All people aged 16 to 74 not in employment,211,88,123
S01012853,A B D E. Agriculture energy and water,2,1,1
S01012853,C. Manufacturing,27,18,9
S01012853,F. Construction,19,14,5
S01012853,G I. Distribution hotels and restaurants,40,14,26
S01012853,H J. Transport and communication,11,5,6
S01012853,K L M N. Financial real estate professional and administrative activities,27,10,17
S01012853,O P Q. Public administration education and health,60,17,43
S01012853,R S T U. Other,4,0,4
S01012853,Never worked,21,9,12
S01012854,All people aged 16 to 74 not in employment,157,66,91
S01012854,A B D E. Agriculture energy and water,6,2,4
S01012854,C. Manufacturing,17,11,6
S01012854,F. Construction,14,8,6
S01012854,G I. Distribution hotels and restaurants,18,13,5
S01012854,H J. Transport and communication,13,7,6
S01012854,K L M N. Financial real estate professional and administrative activities,23,8,15
S01012854,O P Q. Public administration education and health,42,9,33
S01012854,R S T U. Other,3,1,2
S01012854,Never worked,21,7,14
S01012855,All people aged 16 to 74 not in employment,121,64,57
S01012855,A B D E. Agriculture energy and water,1,0,1
S01012855,C. Manufacturing,12,9,3
S01012855,F. Construction,7,6,1
S01012855,G I. Distribution hotels and restaurants,22,14,8
S01012855,H J. Transport and communication,7,2,5
S01012855,K L M N. Financial real estate professional and administrative activities,25,10,15
S01012855,O P Q. Public administration education and health,18,9,9
S01012855,R S T U. Other,4,2,2
S01012855,Never worked,25,12,13
S01012856,All people aged 16 to 74 not in employment,210,107,103
S01012856,A B D E. Agriculture energy and water,6,6,0
S01012856,C. Manufacturing,43,24,19
S01012856,F. Construction,16,12,4
S01012856,G I. Distribution hotels and restaurants,37,15,22
S01012856,H J. Transport and communication,17,10,7
S01012856,K L M N. Financial real estate professional and administrative activities,19,8,11
S01012856,O P Q. Public administration education and health,34,11,23
S01012856,R S T U. Other,3,1,2
S01012856,Never worked,35,20,15
S01012857,All people aged 16 to 74 not in employment,272,123,149
S01012857,A B D E. Agriculture energy and water,4,0,4
S01012857,C. Manufacturing,33,19,14
S01012857,F. Construction,21,17,4
S01012857,G I. Distribution hotels and restaurants,56,32,24
S01012857,H J. Transport and communication,20,5,15
S01012857,K L M N. Financial real estate professional and administrative activities,17,6,11
S01012857,O P Q. Public administration education and health,60,14,46
S01012857,R S T U. Other,10,4,6
S01012857,Never worked,51,26,25
S01012858,All people aged 16 to 74 not in employment,236,111,125
S01012858,A B D E. Agriculture energy and water,5,3,2
S01012858,C. Manufacturing,25,13,12
S01012858,F. Construction,13,13,0
S01012858,G I. Distribution hotels and restaurants,60,29,31
S01012858,H J. Transport and communication,21,8,13
S01012858,K L M N. Financial real estate professional and administrative activities,15,5,10
S01012858,O P Q. Public administration education and health,43,14,29
S01012858,R S T U. Other,9,4,5
S01012858,Never worked,45,22,23
S01012859,All people aged 16 to 74 not in employment,296,145,151
S01012859,A B D E. Agriculture energy and water,3,1,2
S01012859,C. Manufacturing,37,23,14
S01012859,F. Construction,27,26,1
S01012859,G I. Distribution hotels and restaurants,61,30,31
S01012859,H J. Transport and communication,47,30,17
S01012859,K L M N. Financial real estate professional and administrative activities,21,8,13
S01012859,O P Q. Public administration education and health,43,8,35
S01012859,R S T U. Other,14,2,12
S01012859,Never worked,43,17,26
S01012860,All people aged 16 to 74 not in employment,289,123,166
S01012860,A B D E. Agriculture energy and water,6,4,2
S01012860,C. Manufacturing,47,28,19
S01012860,F. Construction,24,21,3
S01012860,G I. Distribution hotels and restaurants,58,20,38
S01012860,H J. Transport and communication,17,9,8
S01012860,K L M N. Financial real estate professional and administrative activities,29,14,15
S01012860,O P Q. Public administration education and health,61,7,54
S01012860,R S T U. Other,7,4,3
S01012860,Never worked,40,16,24
S01012861,All people aged 16 to 74 not in employment,164,68,96
S01012861,A B D E. Agriculture energy and water,1,0,1
S01012861,C. Manufacturing,19,14,5
S01012861,F. Construction,20,15,5
S01012861,G I. Distribution hotels and restaurants,33,13,20
S01012861,H J. Transport and communication,11,5,6
S01012861,K L M N. Financial real estate professional and administrative activities,13,6,7
S01012861,O P Q. Public administration education and health,38,6,32
S01012861,R S T U. Other,4,1,3
S01012861,Never worked,25,8,17
S01012862,All people aged 16 to 74 not in employment,220,116,104
S01012862,A B D E. Agriculture energy and water,2,1,1
S01012862,C. Manufacturing,23,14,9
S01012862,F. Construction,32,31,1
S01012862,G I. Distribution hotels and restaurants,45,23,22
S01012862,H J. Transport and communication,30,13,17
S01012862,K L M N. Financial real estate professional and administrative activities,17,8,9
S01012862,O P Q. Public administration education and health,27,5,22
S01012862,R S T U. Other,10,3,7
S01012862,Never worked,34,18,16
S01012863,All people aged 16 to 74 not in employment,237,137,100
S01012863,A B D E. Agriculture energy and water,6,5,1
S01012863,C. Manufacturing,28,19,9
S01012863,F. Construction,33,31,2
S01012863,G I. Distribution hotels and restaurants,52,30,22
S01012863,H J. Transport and communication,23,9,14
S01012863,K L M N. Financial real estate professional and administrative activities,25,13,12
S01012863,O P Q. Public administration education and health,24,12,12
S01012863,R S T U. Other,12,1,11
S01012863,Never worked,34,17,17
S01012864,All people aged 16 to 74 not in employment,288,152,136
S01012864,A B D E. Agriculture energy and water,8,8,0
S01012864,C. Manufacturing,48,30,18
S01012864,F. Construction,24,22,2
S01012864,G I. Distribution hotels and restaurants,62,36,26
S01012864,H J. Transport and communication,16,6,10
S01012864,K L M N. Financial real estate professional and administrative activities,27,12,15
S01012864,O P Q. Public administration education and health,36,10,26
S01012864,R S T U. Other,16,5,11
S01012864,Never worked,51,23,28
S01012865,All people aged 16 to 74 not in employment,232,96,136
S01012865,A B D E. Agriculture energy and water,3,3,0
S01012865,C. Manufacturing,30,11,19
S01012865,F. Construction,19,16,3
S01012865,G I. Distribution hotels and restaurants,55,27,28
S01012865,H J. Transport and communication,10,5,5
S01012865,K L M N. Financial real estate professional and administrative activities,24,12,12
S01012865,O P Q. Public administration education and health,42,4,38
S01012865,R S T U. Other,13,3,10
S01012865,Never worked,36,15,21
S01012866,All people aged 16 to 74 not in employment,222,107,115
S01012866,A B D E. Agriculture energy and water,3,1,2
S01012866,C. Manufacturing,22,12,10
S01012866,F. Construction,19,19,0
S01012866,G I. Distribution hotels and restaurants,55,29,26
S01012866,H J. Transport and communication,21,9,12
S01012866,K L M N. Financial real estate professional and administrative activities,21,11,10
S01012866,O P Q. Public administration education and health,34,9,25
S01012866,R S T U. Other,8,3,5
S01012866,Never worked,39,14,25
S01012867,All people aged 16 to 74 not in employment,299,146,153
S01012867,A B D E. Agriculture energy and water,7,6,1
S01012867,C. Manufacturing,44,21,23
S01012867,F. Construction,36,32,4
S01012867,G I. Distribution hotels and restaurants,59,35,24
S01012867,H J. Transport and communication,21,6,15
S01012867,K L M N. Financial real estate professional and administrative activities,26,14,12
S01012867,O P Q. Public administration education and health,36,5,31
S01012867,R S T U. Other,23,9,14
S01012867,Never worked,47,18,29
S01012868,All people aged 16 to 74 not in employment,207,105,102
S01012868,A B D E. Agriculture energy and water,4,4,0
S01012868,C. Manufacturing,27,7,20
S01012868,F. Construction,17,17,0
S01012868,G I. Distribution hotels and restaurants,40,24,16
S01012868,H J. Transport and communication,18,4,14
S01012868,K L M N. Financial real estate professional and administrative activities,25,15,10
S01012868,O P Q. Public administration education and health,31,8,23
S01012868,R S T U. Other,19,10,9
S01012868,Never worked,26,16,10
S01012869,All people aged 16 to 74 not in employment,210,103,107
S01012869,A B D E. Agriculture energy and water,3,3,0
S01012869,C. Manufacturing,24,9,15
S01012869,F. Construction,30,27,3
S01012869,G I. Distribution hotels and restaurants,37,17,20
S01012869,H J. Transport and communication,18,6,12
S01012869,K L M N. Financial real estate professional and administrative activities,13,6,7
S01012869,O P Q. Public administration education and health,18,3,15
S01012869,R S T U. Other,13,2,11
S01012869,Never worked,54,30,24
S01012870,All people aged 16 to 74 not in employment,285,142,143
S01012870,A B D E. Agriculture energy and water,7,6,1
S01012870,C. Manufacturing,32,20,12
S01012870,F. Construction,23,22,1
S01012870,G I. Distribution hotels and restaurants,64,29,35
S01012870,H J. Transport and communication,23,8,15
S01012870,K L M N. Financial real estate professional and administrative activities,28,12,16
S01012870,O P Q. Public administration education and health,63,17,46
S01012870,R S T U. Other,10,2,8
S01012870,Never worked,35,26,9
S01012871,All people aged 16 to 74 not in employment,241,90,151
S01012871,A B D E. Agriculture energy and water,6,4,2
S01012871,C. Manufacturing,27,13,14
S01012871,F. Construction,16,15,1
S01012871,G I. Distribution hotels and restaurants,47,17,30
S01012871,H J. Transport and communication,9,2,7
S01012871,K L M N. Financial real estate professional and administrative activities,27,6,21
S01012871,O P Q. Public administration education and health,75,20,55
S01012871,R S T U. Other,7,1,6
S01012871,Never worked,27,12,15
S01012872,All people aged 16 to 74 not in employment,172,80,92
S01012872,A B D E. Agriculture energy and water,2,2,0
S01012872,C. Manufacturing,18,7,11
S01012872,F. Construction,14,12,2
S01012872,G I. Distribution hotels and restaurants,39,19,20
S01012872,H J. Transport and communication,22,10,12
S01012872,K L M N. Financial real estate professional and administrative activities,24,10,14
S01012872,O P Q. Public administration education and health,21,4,17
S01012872,R S T U. Other,5,3,2
S01012872,Never worked,27,13,14
S01012873,All people aged 16 to 74 not in employment,187,81,106
S01012873,A B D E. Agriculture energy and water,2,2,0
S01012873,C. Manufacturing,22,13,9
S01012873,F. Construction,17,16,1
S01012873,G I. Distribution hotels and restaurants,28,14,14
S01012873,H J. Transport and communication,16,6,10
S01012873,K L M N. Financial real estate professional and administrative activities,22,10,12
S01012873,O P Q. Public administration education and health,35,9,26
S01012873,R S T U. Other,6,0,6
S01012873,Never worked,39,11,28
S01012874,All people aged 16 to 74 not in employment,256,116,140
S01012874,A B D E. Agriculture energy and water,5,5,0
S01012874,C. Manufacturing,28,14,14
S01012874,F. Construction,26,23,3
S01012874,G I. Distribution hotels and restaurants,53,16,37
S01012874,H J. Transport and communication,13,3,10
S01012874,K L M N. Financial real estate professional and administrative activities,28,15,13
S01012874,O P Q. Public administration education and health,56,18,38
S01012874,R S T U. Other,9,0,9
S01012874,Never worked,38,22,16
S01012875,All people aged 16 to 74 not in employment,185,87,98
S01012875,A B D E. Agriculture energy and water,3,3,0
S01012875,C. Manufacturing,22,10,12
S01012875,F. Construction,20,18,2
S01012875,G I. Distribution hotels and restaurants,42,19,23
S01012875,H J. Transport and communication,13,4,9
S01012875,K L M N. Financial real estate professional and administrative activities,17,3,14
S01012875,O P Q. Public administration education and health,26,10,16
S01012875,R S T U. Other,4,1,3
S01012875,Never worked,38,19,19
S01012876,All people aged 16 to 74 not in employment,268,125,143
S01012876,A B D E. Agriculture energy and water,5,4,1
S01012876,C. Manufacturing,33,20,13
S01012876,F. Construction,24,22,2
S01012876,G I. Distribution hotels and restaurants,67,29,38
S01012876,H J. Transport and communication,19,6,13
S01012876,K L M N. Financial real estate professional and administrative activities,21,9,12
S01012876,O P Q. Public administration education and health,45,9,36
S01012876,R S T U. Other,13,6,7
S01012876,Never worked,41,20,21
S01012877,All people aged 16 to 74 not in employment,234,95,139
S01012877,A B D E. Agriculture energy and water,4,2,2
S01012877,C. Manufacturing,38,19,19
S01012877,F. Construction,22,21,1
S01012877,G I. Distribution hotels and restaurants,47,25,22
S01012877,H J. Transport and communication,14,3,11
S01012877,K L M N. Financial real estate professional and administrative activities,22,8,14
S01012877,O P Q. Public administration education and health,51,7,44
S01012877,R S T U. Other,8,3,5
S01012877,Never worked,28,7,21
S01012878,All people aged 16 to 74 not in employment,204,79,125
S01012878,A B D E. Agriculture energy and water,7,4,3
S01012878,C. Manufacturing,22,10,12
S01012878,F. Construction,11,7,4
S01012878,G I. Distribution hotels and restaurants,40,12,28
S01012878,H J. Transport and communication,11,7,4
S01012878,K L M N. Financial real estate professional and administrative activities,33,13,20
S01012878,O P Q. Public administration education and health,46,12,34
S01012878,R S T U. Other,10,4,6
S01012878,Never worked,24,10,14
S01012879,All people aged 16 to 74 not in employment,181,79,102
S01012879,A B D E. Agriculture energy and water,4,4,0
S01012879,C. Manufacturing,19,12,7
S01012879,F. Construction,10,8,2
S01012879,G I. Distribution hotels and restaurants,36,18,18
S01012879,H J. Transport and communication,13,5,8
S01012879,K L M N. Financial real estate professional and administrative activities,26,8,18
S01012879,O P Q. Public administration education and health,36,9,27
S01012879,R S T U. Other,8,0,8
S01012879,Never worked,29,15,14
S01012880,All people aged 16 to 74 not in employment,216,89,127
S01012880,A B D E. Agriculture energy and water,4,3,1
S01012880,C. Manufacturing,14,12,2
S01012880,F. Construction,10,7,3
S01012880,G I. Distribution hotels and restaurants,34,17,17
S01012880,H J. Transport and communication,7,3,4
S01012880,K L M N. Financial real estate professional and administrative activities,26,10,16
S01012880,O P Q. Public administration education and health,74,17,57
S01012880,R S T U. Other,10,2,8
S01012880,Never worked,37,18,19
S01012881,All people aged 16 to 74 not in employment,224,89,135
S01012881,A B D E. Agriculture energy and water,4,4,0
S01012881,C. Manufacturing,17,12,5
S01012881,F. Construction,15,13,2
S01012881,G I. Distribution hotels and restaurants,35,12,23
S01012881,H J. Transport and communication,9,4,5
S01012881,K L M N. Financial real estate professional and administrative activities,31,5,26
S01012881,O P Q. Public administration education and health,77,21,56
S01012881,R S T U. Other,8,4,4
S01012881,Never worked,28,14,14
S01012882,All people aged 16 to 74 not in employment,200,92,108
S01012882,A B D E. Agriculture energy and water,3,3,0
S01012882,C. Manufacturing,30,15,15
S01012882,F. Construction,19,18,1
S01012882,G I. Distribution hotels and restaurants,37,16,21
S01012882,H J. Transport and communication,16,8,8
S01012882,K L M N. Financial real estate professional and administrative activities,20,5,15
S01012882,O P Q. Public administration education and health,27,7,20
S01012882,R S T U. Other,14,4,10
S01012882,Never worked,34,16,18
S01012883,All people aged 16 to 74 not in employment,271,140,131
S01012883,A B D E. Agriculture energy and water,13,9,4
S01012883,C. Manufacturing,43,23,20
S01012883,F. Construction,27,26,1
S01012883,G I. Distribution hotels and restaurants,61,25,36
S01012883,H J. Transport and communication,14,5,9
S01012883,K L M N. Financial real estate professional and administrative activities,27,15,12
S01012883,O P Q. Public administration education and health,38,12,26
S01012883,R S T U. Other,11,2,9
S01012883,Never worked,37,23,14
S01012884,All people aged 16 to 74 not in employment,153,72,81
S01012884,A B D E. Agriculture energy and water,5,2,3
S01012884,C. Manufacturing,15,6,9
S01012884,F. Construction,14,13,1
S01012884,G I. Distribution hotels and restaurants,30,15,15
S01012884,H J. Transport and communication,14,5,9
S01012884,K L M N. Financial real estate professional and administrative activities,17,7,10
S01012884,O P Q. Public administration education and health,30,10,20
S01012884,R S T U. Other,6,3,3
S01012884,Never worked,22,11,11
S01012885,All people aged 16 to 74 not in employment,152,68,84
S01012885,A B D E. Agriculture energy and water,4,0,4
S01012885,C. Manufacturing,26,12,14
S01012885,F. Construction,14,11,3
S01012885,G I. Distribution hotels and restaurants,34,15,19
S01012885,H J. Transport and communication,12,2,10
S01012885,K L M N. Financial real estate professional and administrative activities,7,4,3
S01012885,O P Q. Public administration education and health,16,3,13
S01012885,R S T U. Other,7,3,4
S01012885,Never worked,32,18,14
S01012886,All people aged 16 to 74 not in employment,183,79,104
S01012886,A B D E. Agriculture energy and water,3,2,1
S01012886,C. Manufacturing,23,14,9
S01012886,F. Construction,11,10,1
S01012886,G I. Distribution hotels and restaurants,32,13,19
S01012886,H J. Transport and communication,8,6,2
S01012886,K L M N. Financial real estate professional and administrative activities,29,11,18
S01012886,O P Q. Public administration education and health,44,10,34
S01012886,R S T U. Other,10,1,9
S01012886,Never worked,23,12,11
S01012887,All people aged 16 to 74 not in employment,184,76,108
S01012887,A B D E. Agriculture energy and water,2,1,1
S01012887,C. Manufacturing,17,9,8
S01012887,F. Construction,12,10,2
S01012887,G I. Distribution hotels and restaurants,30,13,17
S01012887,H J. Transport and communication,13,5,8
S01012887,K L M N. Financial real estate professional and administrative activities,28,14,14
S01012887,O P Q. Public administration education and health,55,12,43
S01012887,R S T U. Other,5,1,4
S01012887,Never worked,22,11,11
S01012888,All people aged 16 to 74 not in employment,214,93,121
S01012888,A B D E. Agriculture energy and water,6,5,1
S01012888,C. Manufacturing,21,15,6
S01012888,F. Construction,11,11,0
S01012888,G I. Distribution hotels and restaurants,22,6,16
S01012888,H J. Transport and communication,10,2,8
S01012888,K L M N. Financial real estate professional and administrative activities,32,11,21
S01012888,O P Q. Public administration education and health,70,23,47
S01012888,R S T U. Other,11,5,6
S01012888,Never worked,31,15,16
S01012889,All people aged 16 to 74 not in employment,164,67,97
S01012889,A B D E. Agriculture energy and water,5,2,3
S01012889,C. Manufacturing,20,8,12
S01012889,F. Construction,10,9,1
S01012889,G I. Distribution hotels and restaurants,26,16,10
S01012889,H J. Transport and communication,15,3,12
S01012889,K L M N. Financial real estate professional and administrative activities,23,8,15
S01012889,O P Q. Public administration education and health,28,7,21
S01012889,R S T U. Other,5,0,5
S01012889,Never worked,32,14,18
S01012890,All people aged 16 to 74 not in employment,251,103,148
S01012890,A B D E. Agriculture energy and water,9,5,4
S01012890,C. Manufacturing,30,13,17
S01012890,F. Construction,18,17,1
S01012890,G I. Distribution hotels and restaurants,45,16,29
S01012890,H J. Transport and communication,13,4,9
S01012890,K L M N. Financial real estate professional and administrative activities,28,5,23
S01012890,O P Q. Public administration education and health,40,7,33
S01012890,R S T U. Other,10,2,8
S01012890,Never worked,58,34,24
S01012891,All people aged 16 to 74 not in employment,165,65,100
S01012891,A B D E. Agriculture energy and water,6,2,4
S01012891,C. Manufacturing,28,14,14
S01012891,F. Construction,7,6,1
S01012891,G I. Distribution hotels and restaurants,38,18,20
S01012891,H J. Transport and communication,12,2,10
S01012891,K L M N. Financial real estate professional and administrative activities,21,2,19
S01012891,O P Q. Public administration education and health,29,11,18
S01012891,R S T U. Other,9,3,6
S01012891,Never worked,15,7,8
S01012892,All people aged 16 to 74 not in employment,394,187,207
S01012892,A B D E. Agriculture energy and water,4,3,1
S01012892,C. Manufacturing,52,26,26
S01012892,F. Construction,44,43,1
S01012892,G I. Distribution hotels and restaurants,74,41,33
S01012892,H J. Transport and communication,33,12,21
S01012892,K L M N. Financial real estate professional and administrative activities,35,20,15
S01012892,O P Q. Public administration education and health,72,12,60
S01012892,R S T U. Other,24,6,18
S01012892,Never worked,56,24,32
S01012893,All people aged 16 to 74 not in employment,242,115,127
S01012893,A B D E. Agriculture energy and water,8,6,2
S01012893,C. Manufacturing,23,10,13
S01012893,F. Construction,26,26,0
S01012893,G I. Distribution hotels and restaurants,53,25,28
S01012893,H J. Transport and communication,13,4,9
S01012893,K L M N. Financial real estate professional and administrative activities,29,12,17
S01012893,O P Q. Public administration education and health,35,11,24
S01012893,R S T U. Other,13,4,9
S01012893,Never worked,42,17,25
S01012894,All people aged 16 to 74 not in employment,150,69,81
S01012894,A B D E. Agriculture energy and water,5,4,1
S01012894,C. Manufacturing,19,11,8
S01012894,F. Construction,12,9,3
S01012894,G I. Distribution hotels and restaurants,29,9,20
S01012894,H J. Transport and communication,10,3,7
S01012894,K L M N. Financial real estate professional and administrative activities,7,2,5
S01012894,O P Q. Public administration education and health,27,3,24
S01012894,R S T U. Other,4,1,3
S01012894,Never worked,37,27,10
S01012895,All people aged 16 to 74 not in employment,83,26,57
S01012895,A B D E. Agriculture energy and water,6,2,4
S01012895,C. Manufacturing,10,5,5
S01012895,F. Construction,0,0,0
S01012895,G I. Distribution hotels and restaurants,11,3,8
S01012895,H J. Transport and communication,10,5,5
S01012895,K L M N. Financial real estate professional and administrative activities,11,4,7
S01012895,O P Q. Public administration education and health,13,1,12
S01012895,R S T U. Other,2,0,2
S01012895,Never worked,20,6,14
S01012896,All people aged 16 to 74 not in employment,314,146,168
S01012896,A B D E. Agriculture energy and water,8,5,3
S01012896,C. Manufacturing,63,32,31
S01012896,F. Construction,18,17,1
S01012896,G I. Distribution hotels and restaurants,59,26,33
S01012896,H J. Transport and communication,17,7,10
S01012896,K L M N. Financial real estate professional and administrative activities,26,13,13
S01012896,O P Q. Public administration education and health,75,20,55
S01012896,R S T U. Other,11,6,5
S01012896,Never worked,37,20,17
S01012897,All people aged 16 to 74 not in employment,114,46,68
S01012897,A B D E. Agriculture energy and water,0,0,0
S01012897,C. Manufacturing,11,6,5
S01012897,F. Construction,6,4,2
S01012897,G I. Distribution hotels and restaurants,22,8,14
S01012897,H J. Transport and communication,11,2,9
S01012897,K L M N. Financial real estate professional and administrative activities,11,4,7
S01012897,O P Q. Public administration education and health,24,10,14
S01012897,R S T U. Other,3,0,3
S01012897,Never worked,26,12,14
S01012898,All people aged 16 to 74 not in employment,64,23,41
S01012898,A B D E. Agriculture energy and water,2,1,1
S01012898,C. Manufacturing,5,4,1
S01012898,F. Construction,2,2,0
S01012898,G I. Distribution hotels and restaurants,14,4,10
S01012898,H J. Transport and communication,8,4,4
S01012898,K L M N. Financial real estate professional and administrative activities,6,3,3
S01012898,O P Q. Public administration education and health,11,0,11
S01012898,R S T U. Other,0,0,0
S01012898,Never worked,16,5,11
S01012899,All people aged 16 to 74 not in employment,202,110,92
S01012899,A B D E. Agriculture energy and water,3,1,2
S01012899,C. Manufacturing,38,20,18
S01012899,F. Construction,22,22,0
S01012899,G I. Distribution hotels and restaurants,56,39,17
S01012899,H J. Transport and communication,12,5,7
S01012899,K L M N. Financial real estate professional and administrative activities,19,8,11
S01012899,O P Q. Public administration education and health,39,10,29
S01012899,R S T U. Other,1,0,1
S01012899,Never worked,12,5,7
S01012900,All people aged 16 to 74 not in employment,154,63,91
S01012900,A B D E. Agriculture energy and water,2,1,1
S01012900,C. Manufacturing,15,6,9
S01012900,F. Construction,12,11,1
S01012900,G I. Distribution hotels and restaurants,28,16,12
S01012900,H J. Transport and communication,12,4,8
S01012900,K L M N. Financial real estate professional and administrative activities,10,3,7
S01012900,O P Q. Public administration education and health,50,14,36
S01012900,R S T U. Other,6,1,5
S01012900,Never worked,19,7,12
S01012901,All people aged 16 to 74 not in employment,182,79,103
S01012901,A B D E. Agriculture energy and water,3,0,3
S01012901,C. Manufacturing,23,12,11
S01012901,F. Construction,15,14,1
S01012901,G I. Distribution hotels and restaurants,52,25,27
S01012901,H J. Transport and communication,10,6,4
S01012901,K L M N. Financial real estate professional and administrative activities,26,10,16
S01012901,O P Q. Public administration education and health,31,6,25
S01012901,R S T U. Other,5,0,5
S01012901,Never worked,17,6,11
S01012902,All people aged 16 to 74 not in employment,205,99,106
S01012902,A B D E. Agriculture energy and water,0,0,0
S01012902,C. Manufacturing,33,23,10
S01012902,F. Construction,16,13,3
S01012902,G I. Distribution hotels and restaurants,42,23,19
S01012902,H J. Transport and communication,13,6,7
S01012902,K L M N. Financial real estate professional and administrative activities,21,11,10
S01012902,O P Q. Public administration education and health,48,9,39
S01012902,R S T U. Other,12,2,10
S01012902,Never worked,20,12,8
S01012903,All people aged 16 to 74 not in employment,220,106,114
S01012903,A B D E. Agriculture energy and water,4,1,3
S01012903,C. Manufacturing,35,17,18
S01012903,F. Construction,13,12,1
S01012903,G I. Distribution hotels and restaurants,47,20,27
S01012903,H J. Transport and communication,20,8,12
S01012903,K L M N. Financial real estate professional and administrative activities,20,10,10
S01012903,O P Q. Public administration education and health,42,14,28
S01012903,R S T U. Other,5,2,3
S01012903,Never worked,34,22,12
S01012904,All people aged 16 to 74 not in employment,200,78,122
S01012904,A B D E. Agriculture energy and water,1,0,1
S01012904,C. Manufacturing,20,11,9
S01012904,F. Construction,10,8,2
S01012904,G I. Distribution hotels and restaurants,44,14,30
S01012904,H J. Transport and communication,12,2,10
S01012904,K L M N. Financial real estate professional and administrative activities,23,15,8
S01012904,O P Q. Public administration education and health,43,8,35
S01012904,R S T U. Other,6,2,4
S01012904,Never worked,41,18,23
S01012905,All people aged 16 to 74 not in employment,174,81,93
S01012905,A B D E. Agriculture energy and water,3,1,2
S01012905,C. Manufacturing,27,15,12
S01012905,F. Construction,15,12,3
S01012905,G I. Distribution hotels and restaurants,35,13,22
S01012905,H J. Transport and communication,10,1,9
S01012905,K L M N. Financial real estate professional and administrative activities,16,8,8
S01012905,O P Q. Public administration education and health,29,8,21
S01012905,R S T U. Other,10,7,3
S01012905,Never worked,29,16,13
S01012906,All people aged 16 to 74 not in employment,197,79,118
S01012906,A B D E. Agriculture energy and water,2,2,0
S01012906,C. Manufacturing,30,16,14
S01012906,F. Construction,11,10,1
S01012906,G I. Distribution hotels and restaurants,41,16,25
S01012906,H J. Transport and communication,15,5,10
S01012906,K L M N. Financial real estate professional and administrative activities,21,8,13
S01012906,O P Q. Public administration education and health,49,9,40
S01012906,R S T U. Other,11,3,8
S01012906,Never worked,17,10,7
S01012907,All people aged 16 to 74 not in employment,215,92,123
S01012907,A B D E. Agriculture energy and water,1,1,0
S01012907,C. Manufacturing,32,14,18
S01012907,F. Construction,15,13,2
S01012907,G I. Distribution hotels and restaurants,54,21,33
S01012907,H J. Transport and communication,14,4,10
S01012907,K L M N. Financial real estate professional and administrative activities,25,11,14
S01012907,O P Q. Public administration education and health,43,14,29
S01012907,R S T U. Other,7,2,5
S01012907,Never worked,24,12,12
S01012908,All people aged 16 to 74 not in employment,226,98,128
S01012908,A B D E. Agriculture energy and water,2,2,0
S01012908,C. Manufacturing,41,22,19
S01012908,F. Construction,17,14,3
S01012908,G I. Distribution hotels and restaurants,52,24,28
S01012908,H J. Transport and communication,11,6,5
S01012908,K L M N. Financial real estate professional and administrative activities,34,11,23
S01012908,O P Q. Public administration education and health,34,8,26
S01012908,R S T U. Other,5,0,5
S01012908,Never worked,30,11,19
S01012909,All people aged 16 to 74 not in employment,149,60,89
S01012909,A B D E. Agriculture energy and water,1,0,1
S01012909,C. Manufacturing,19,13,6
S01012909,F. Construction,8,5,3
S01012909,G I. Distribution hotels and restaurants,35,13,22
S01012909,H J. Transport and communication,9,1,8
S01012909,K L M N. Financial real estate professional and administrative activities,19,10,9
S01012909,O P Q. Public administration education and health,33,6,27
S01012909,R S T U. Other,4,1,3
S01012909,Never worked,21,11,10
S01012910,All people aged 16 to 74 not in employment,290,152,138
S01012910,A B D E. Agriculture energy and water,9,4,5
S01012910,C. Manufacturing,46,32,14
S01012910,F. Construction,18,17,1
S01012910,G I. Distribution hotels and restaurants,59,33,26
S01012910,H J. Transport and communication,25,9,16
S01012910,K L M N. Financial real estate professional and administrative activities,41,21,20
S01012910,O P Q. Public administration education and health,50,15,35
S01012910,R S T U. Other,13,4,9
S01012910,Never worked,29,17,12
S01012911,All people aged 16 to 74 not in employment,194,88,106
S01012911,A B D E. Agriculture energy and water,0,0,0
S01012911,C. Manufacturing,23,12,11
S01012911,F. Construction,13,13,0
S01012911,G I. Distribution hotels and restaurants,45,19,26
S01012911,H J. Transport and communication,14,6,8
S01012911,K L M N. Financial real estate professional and administrative activities,18,9,9
S01012911,O P Q. Public administration education and health,49,12,37
S01012911,R S T U. Other,4,1,3
S01012911,Never worked,28,16,12
S01012912,All people aged 16 to 74 not in employment,188,83,105
S01012912,A B D E. Agriculture energy and water,5,5,0
S01012912,C. Manufacturing,20,12,8
S01012912,F. Construction,8,6,2
S01012912,G I. Distribution hotels and restaurants,51,22,29
S01012912,H J. Transport and communication,13,4,9
S01012912,K L M N. Financial real estate professional and administrative activities,22,11,11
S01012912,O P Q. Public administration education and health,37,10,27
S01012912,R S T U. Other,15,7,8
S01012912,Never worked,17,6,11
S01012913,All people aged 16 to 74 not in employment,218,88,130
S01012913,A B D E. Agriculture energy and water,4,1,3
S01012913,C. Manufacturing,35,15,20
S01012913,F. Construction,14,13,1
S01012913,G I. Distribution hotels and restaurants,47,17,30
S01012913,H J. Transport and communication,17,6,11
S01012913,K L M N. Financial real estate professional and administrative activities,20,8,12
S01012913,O P Q. Public administration education and health,44,11,33
S01012913,R S T U. Other,10,2,8
S01012913,Never worked,27,15,12
S01012914,All people aged 16 to 74 not in employment,219,110,109
S01012914,A B D E. Agriculture energy and water,3,2,1
S01012914,C. Manufacturing,29,15,14
S01012914,F. Construction,12,12,0
S01012914,G I. Distribution hotels and restaurants,48,23,25
S01012914,H J. Transport and communication,17,9,8
S01012914,K L M N. Financial real estate professional and administrative activities,19,13,6
S01012914,O P Q. Public administration education and health,53,14,39
S01012914,R S T U. Other,11,5,6
S01012914,Never worked,27,17,10
S01012915,All people aged 16 to 74 not in employment,189,79,110
S01012915,A B D E. Agriculture energy and water,2,1,1
S01012915,C. Manufacturing,33,16,17
S01012915,F. Construction,12,11,1
S01012915,G I. Distribution hotels and restaurants,35,13,22
S01012915,H J. Transport and communication,12,2,10
S01012915,K L M N. Financial real estate professional and administrative activities,21,10,11
S01012915,O P Q. Public administration education and health,46,15,31
S01012915,R S T U. Other,8,2,6
S01012915,Never worked,20,9,11
S01012916,All people aged 16 to 74 not in employment,210,100,110
S01012916,A B D E. Agriculture energy and water,2,2,0
S01012916,C. Manufacturing,26,17,9
S01012916,F. Construction,14,12,2
S01012916,G I. Distribution hotels and restaurants,37,15,22
S01012916,H J. Transport and communication,9,4,5
S01012916,K L M N. Financial real estate professional and administrative activities,25,5,20
S01012916,O P Q. Public administration education and health,61,22,39
S01012916,R S T U. Other,7,5,2
S01012916,Never worked,29,18,11
S01012917,All people aged 16 to 74 not in employment,163,77,86
S01012917,A B D E. Agriculture energy and water,2,2,0
S01012917,C. Manufacturing,24,15,9
S01012917,F. Construction,4,4,0
S01012917,G I. Distribution hotels and restaurants,17,8,9
S01012917,H J. Transport and communication,13,6,7
S01012917,K L M N. Financial real estate professional and administrative activities,19,6,13
S01012917,O P Q. Public administration education and health,48,14,34
S01012917,R S T U. Other,7,5,2
S01012917,Never worked,29,17,12
S01012918,All people aged 16 to 74 not in employment,93,46,47
S01012918,A B D E. Agriculture energy and water,0,0,0
S01012918,C. Manufacturing,22,12,10
S01012918,F. Construction,4,4,0
S01012918,G I. Distribution hotels and restaurants,14,8,6
S01012918,H J. Transport and communication,5,1,4
S01012918,K L M N. Financial real estate professional and administrative activities,10,4,6
S01012918,O P Q. Public administration education and health,22,7,15
S01012918,R S T U. Other,6,5,1
S01012918,Never worked,10,5,5
S01012919,All people aged 16 to 74 not in employment,132,56,76
S01012919,A B D E. Agriculture energy and water,1,1,0
S01012919,C. Manufacturing,23,15,8
S01012919,F. Construction,6,6,0
S01012919,G I. Distribution hotels and restaurants,23,6,17
S01012919,H J. Transport and communication,8,4,4
S01012919,K L M N. Financial real estate professional and administrative activities,10,2,8
S01012919,O P Q. Public administration education and health,42,9,33
S01012919,R S T U. Other,2,1,1
S01012919,Never worked,17,12,5
S01012920,All people aged 16 to 74 not in employment,203,98,105
S01012920,A B D E. Agriculture energy and water,1,1,0
S01012920,C. Manufacturing,30,19,11
S01012920,F. Construction,16,13,3
S01012920,G I. Distribution hotels and restaurants,33,13,20
S01012920,H J. Transport and communication,7,4,3
S01012920,K L M N. Financial real estate professional and administrative activities,25,9,16
S01012920,O P Q. Public administration education and health,74,27,47
S01012920,R S T U. Other,6,4,2
S01012920,Never worked,11,8,3
S01012921,All people aged 16 to 74 not in employment,175,75,100
S01012921,A B D E. Agriculture energy and water,2,2,0
S01012921,C. Manufacturing,25,15,10
S01012921,F. Construction,12,9,3
S01012921,G I. Distribution hotels and restaurants,35,13,22
S01012921,H J. Transport and communication,12,3,9
S01012921,K L M N. Financial real estate professional and administrative activities,17,4,13
S01012921,O P Q. Public administration education and health,35,8,27
S01012921,R S T U. Other,7,2,5
S01012921,Never worked,30,19,11
S01012922,All people aged 16 to 74 not in employment,220,95,125
S01012922,A B D E. Agriculture energy and water,1,0,1
S01012922,C. Manufacturing,32,18,14
S01012922,F. Construction,19,15,4
S01012922,G I. Distribution hotels and restaurants,42,17,25
S01012922,H J. Transport and communication,16,8,8
S01012922,K L M N. Financial real estate professional and administrative activities,17,4,13
S01012922,O P Q. Public administration education and health,53,16,37
S01012922,R S T U. Other,7,2,5
S01012922,Never worked,33,15,18
S01012923,All people aged 16 to 74 not in employment,173,81,92
S01012923,A B D E. Agriculture energy and water,3,3,0
S01012923,C. Manufacturing,23,15,8
S01012923,F. Construction,10,8,2
S01012923,G I. Distribution hotels and restaurants,46,23,23
S01012923,H J. Transport and communication,8,4,4
S01012923,K L M N. Financial real estate professional and administrative activities,16,2,14
S01012923,O P Q. Public administration education and health,33,10,23
S01012923,R S T U. Other,5,3,2
S01012923,Never worked,29,13,16
S01012924,All people aged 16 to 74 not in employment,127,64,63
S01012924,A B D E. Agriculture energy and water,3,1,2
S01012924,C. Manufacturing,11,8,3
S01012924,F. Construction,12,12,0
S01012924,G I. Distribution hotels and restaurants,26,10,16
S01012924,H J. Transport and communication,11,6,5
S01012924,K L M N. Financial real estate professional and administrative activities,12,6,6
S01012924,O P Q. Public administration education and health,29,12,17
S01012924,R S T U. Other,5,0,5
S01012924,Never worked,18,9,9
S01012925,All people aged 16 to 74 not in employment,120,45,75
S01012925,A B D E. Agriculture energy and water,4,1,3
S01012925,C. Manufacturing,13,6,7
S01012925,F. Construction,3,2,1
S01012925,G I. Distribution hotels and restaurants,18,4,14
S01012925,H J. Transport and communication,8,2,6
S01012925,K L M N. Financial real estate professional and administrative activities,17,8,9
S01012925,O P Q. Public administration education and health,36,12,24
S01012925,R S T U. Other,6,2,4
S01012925,Never worked,15,8,7
S01012926,All people aged 16 to 74 not in employment,171,82,89
S01012926,A B D E. Agriculture energy and water,4,2,2
S01012926,C. Manufacturing,23,16,7
S01012926,F. Construction,13,12,1
S01012926,G I. Distribution hotels and restaurants,27,12,15
S01012926,H J. Transport and communication,9,3,6
S01012926,K L M N. Financial real estate professional and administrative activities,16,6,10
S01012926,O P Q. Public administration education and health,45,14,31
S01012926,R S T U. Other,12,3,9
S01012926,Never worked,22,14,8
S01012927,All people aged 16 to 74 not in employment,206,106,100
S01012927,A B D E. Agriculture energy and water,2,2,0
S01012927,C. Manufacturing,32,23,9
S01012927,F. Construction,13,12,1
S01012927,G I. Distribution hotels and restaurants,48,21,27
S01012927,H J. Transport and communication,9,4,5
S01012927,K L M N. Financial real estate professional and administrative activities,19,11,8
S01012927,O P Q. Public administration education and health,39,11,28
S01012927,R S T U. Other,11,3,8
S01012927,Never worked,33,19,14
S01012928,All people aged 16 to 74 not in employment,188,68,120
S01012928,A B D E. Agriculture energy and water,3,2,1
S01012928,C. Manufacturing,11,5,6
S01012928,F. Construction,13,9,4
S01012928,G I. Distribution hotels and restaurants,36,10,26
S01012928,H J. Transport and communication,10,5,5
S01012928,K L M N. Financial real estate professional and administrative activities,23,6,17
S01012928,O P Q. Public administration education and health,56,15,41
S01012928,R S T U. Other,4,1,3
S01012928,Never worked,32,15,17
S01012929,All people aged 16 to 74 not in employment,194,85,109
S01012929,A B D E. Agriculture energy and water,1,0,1
S01012929,C. Manufacturing,21,9,12
S01012929,F. Construction,13,12,1
S01012929,G I. Distribution hotels and restaurants,36,21,15
S01012929,H J. Transport and communication,8,6,2
S01012929,K L M N. Financial real estate professional and administrative activities,21,9,12
S01012929,O P Q. Public administration education and health,61,13,48
S01012929,R S T U. Other,5,1,4
S01012929,Never worked,28,14,14
S01012930,All people aged 16 to 74 not in employment,231,102,129
S01012930,A B D E. Agriculture energy and water,1,1,0
S01012930,C. Manufacturing,42,29,13
S01012930,F. Construction,17,15,2
S01012930,G I. Distribution hotels and restaurants,38,15,23
S01012930,H J. Transport and communication,18,7,11
S01012930,K L M N. Financial real estate professional and administrative activities,27,15,12
S01012930,O P Q. Public administration education and health,63,12,51
S01012930,R S T U. Other,6,1,5
S01012930,Never worked,19,7,12
S01012931,All people aged 16 to 74 not in employment,233,111,122
S01012931,A B D E. Agriculture energy and water,1,0,1
S01012931,C. Manufacturing,42,25,17
S01012931,F. Construction,16,15,1
S01012931,G I. Distribution hotels and restaurants,36,15,21
S01012931,H J. Transport and communication,25,13,12
S01012931,K L M N. Financial real estate professional and administrative activities,25,13,12
S01012931,O P Q. Public administration education and health,54,13,41
S01012931,R S T U. Other,5,2,3
S01012931,Never worked,29,15,14
S01012932,All people aged 16 to 74 not in employment,105,44,61
S01012932,A B D E. Agriculture energy and water,3,1,2
S01012932,C. Manufacturing,13,5,8
S01012932,F. Construction,3,2,1
S01012932,G I. Distribution hotels and restaurants,20,11,9
S01012932,H J. Transport and communication,8,6,2
S01012932,K L M N. Financial real estate professional and administrative activities,9,2,7
S01012932,O P Q. Public administration education and health,23,9,14
S01012932,R S T U. Other,4,1,3
S01012932,Never worked,22,7,15
S01012933,All people aged 16 to 74 not in employment,200,87,113
S01012933,A B D E. Agriculture energy and water,3,2,1
S01012933,C. Manufacturing,38,23,15
S01012933,F. Construction,5,4,1
S01012933,G I. Distribution hotels and restaurants,36,18,18
S01012933,H J. Transport and communication,12,4,8
S01012933,K L M N. Financial real estate professional and administrative activities,19,7,12
S01012933,O P Q. Public administration education and health,39,8,31
S01012933,R S T U. Other,3,1,2
S01012933,Never worked,45,20,25
S01012934,All people aged 16 to 74 not in employment,205,83,122
S01012934,A B D E. Agriculture energy and water,5,4,1
S01012934,C. Manufacturing,28,16,12
S01012934,F. Construction,11,10,1
S01012934,G I. Distribution hotels and restaurants,29,8,21
S01012934,H J. Transport and communication,15,5,10
S01012934,K L M N. Financial real estate professional and administrative activities,20,9,11
S01012934,O P Q. Public administration education and health,69,18,51
S01012934,R S T U. Other,6,2,4
S01012934,Never worked,22,11,11
S01012935,All people aged 16 to 74 not in employment,191,96,95
S01012935,A B D E. Agriculture energy and water,4,4,0
S01012935,C. Manufacturing,29,15,14
S01012935,F. Construction,17,16,1
S01012935,G I. Distribution hotels and restaurants,32,14,18
S01012935,H J. Transport and communication,10,4,6
S01012935,K L M N. Financial real estate professional and administrative activities,16,5,11
S01012935,O P Q. Public administration education and health,38,11,27
S01012935,R S T U. Other,4,2,2
S01012935,Never worked,41,25,16
S01012936,All people aged 16 to 74 not in employment,168,65,103
S01012936,A B D E. Agriculture energy and water,4,3,1
S01012936,C. Manufacturing,20,9,11
S01012936,F. Construction,6,6,0
S01012936,G I. Distribution hotels and restaurants,31,13,18
S01012936,H J. Transport and communication,14,5,9
S01012936,K L M N. Financial real estate professional and administrative activities,16,5,11
S01012936,O P Q. Public administration education and health,40,12,28
S01012936,R S T U. Other,1,1,0
S01012936,Never worked,36,11,25
S01012937,All people aged 16 to 74 not in employment,180,88,92
S01012937,A B D E. Agriculture energy and water,6,5,1
S01012937,C. Manufacturing,22,14,8
S01012937,F. Construction,10,10,0
S01012937,G I. Distribution hotels and restaurants,37,18,19
S01012937,H J. Transport and communication,12,3,9
S01012937,K L M N. Financial real estate professional and administrative activities,23,11,12
S01012937,O P Q. Public administration education and health,28,8,20
S01012937,R S T U. Other,3,1,2
S01012937,Never worked,39,18,21
S01012938,All people aged 16 to 74 not in employment,209,93,116
S01012938,A B D E. Agriculture energy and water,2,2,0
S01012938,C. Manufacturing,25,12,13
S01012938,F. Construction,14,12,2
S01012938,G I. Distribution hotels and restaurants,36,12,24
S01012938,H J. Transport and communication,17,7,10
S01012938,K L M N. Financial real estate professional and administrative activities,18,7,11
S01012938,O P Q. Public administration education and health,60,23,37
S01012938,R S T U. Other,10,5,5
S01012938,Never worked,27,13,14
S01012939,All people aged 16 to 74 not in employment,136,57,79
S01012939,A B D E. Agriculture energy and water,1,1,0
S01012939,C. Manufacturing,16,5,11
S01012939,F. Construction,9,8,1
S01012939,G I. Distribution hotels and restaurants,19,6,13
S01012939,H J. Transport and communication,7,4,3
S01012939,K L M N. Financial real estate professional and administrative activities,15,8,7
S01012939,O P Q. Public administration education and health,44,15,29
S01012939,R S T U. Other,3,1,2
S01012939,Never worked,22,9,13
S01012940,All people aged 16 to 74 not in employment,134,51,83
S01012940,A B D E. Agriculture energy and water,3,2,1
S01012940,C. Manufacturing,17,10,7
S01012940,F. Construction,6,4,2
S01012940,G I. Distribution hotels and restaurants,23,11,12
S01012940,H J. Transport and communication,6,4,2
S01012940,K L M N. Financial real estate professional and administrative activities,15,3,12
S01012940,O P Q. Public administration education and health,34,5,29
S01012940,R S T U. Other,4,2,2
S01012940,Never worked,26,10,16
S01012941,All people aged 16 to 74 not in employment,152,69,83
S01012941,A B D E. Agriculture energy and water,2,2,0
S01012941,C. Manufacturing,15,4,11
S01012941,F. Construction,5,4,1
S01012941,G I. Distribution hotels and restaurants,20,10,10
S01012941,H J. Transport and communication,9,4,5
S01012941,K L M N. Financial real estate professional and administrative activities,26,11,15
S01012941,O P Q. Public administration education and health,32,11,21
S01012941,R S T U. Other,5,2,3
S01012941,Never worked,38,21,17
S01012942,All people aged 16 to 74 not in employment,209,93,116
S01012942,A B D E. Agriculture energy and water,2,1,1
S01012942,C. Manufacturing,40,18,22
S01012942,F. Construction,8,7,1
S01012942,G I. Distribution hotels and restaurants,52,29,23
S01012942,H J. Transport and communication,13,7,6
S01012942,K L M N. Financial real estate professional and administrative activities,16,8,8
S01012942,O P Q. Public administration education and health,29,3,26
S01012942,R S T U. Other,10,1,9
S01012942,Never worked,39,19,20
S01012943,All people aged 16 to 74 not in employment,147,58,89
S01012943,A B D E. Agriculture energy and water,6,5,1
S01012943,C. Manufacturing,17,6,11
S01012943,F. Construction,11,9,2
S01012943,G I. Distribution hotels and restaurants,31,11,20
S01012943,H J. Transport and communication,9,3,6
S01012943,K L M N. Financial real estate professional and administrative activities,10,2,8
S01012943,O P Q. Public administration education and health,34,9,25
S01012943,R S T U. Other,2,0,2
S01012943,Never worked,27,13,14
S01012944,All people aged 16 to 74 not in employment,129,63,66
S01012944,A B D E. Agriculture energy and water,4,4,0
S01012944,C. Manufacturing,11,6,5
S01012944,F. Construction,6,5,1
S01012944,G I. Distribution hotels and restaurants,25,8,17
S01012944,H J. Transport and communication,6,5,1
S01012944,K L M N. Financial real estate professional and administrative activities,14,5,9
S01012944,O P Q. Public administration education and health,35,11,24
S01012944,R S T U. Other,5,2,3
S01012944,Never worked,23,17,6
S01012945,All people aged 16 to 74 not in employment,136,51,85
S01012945,A B D E. Agriculture energy and water,0,0,0
S01012945,C. Manufacturing,12,6,6
S01012945,F. Construction,7,6,1
S01012945,G I. Distribution hotels and restaurants,19,8,11
S01012945,H J. Transport and communication,12,4,8
S01012945,K L M N. Financial real estate professional and administrative activities,15,6,9
S01012945,O P Q. Public administration education and health,32,5,27
S01012945,R S T U. Other,7,2,5
S01012945,Never worked,32,14,18
S01012946,All people aged 16 to 74 not in employment,157,70,87
S01012946,A B D E. Agriculture energy and water,0,0,0
S01012946,C. Manufacturing,18,11,7
S01012946,F. Construction,5,4,1
S01012946,G I. Distribution hotels and restaurants,29,16,13
S01012946,H J. Transport and communication,9,4,5
S01012946,K L M N. Financial real estate professional and administrative activities,17,3,14
S01012946,O P Q. Public administration education and health,38,11,27
S01012946,R S T U. Other,7,1,6
S01012946,Never worked,34,20,14
S01012947,All people aged 16 to 74 not in employment,104,45,59
S01012947,A B D E. Agriculture energy and water,3,2,1
S01012947,C. Manufacturing,10,6,4
S01012947,F. Construction,9,6,3
S01012947,G I. Distribution hotels and restaurants,15,7,8
S01012947,H J. Transport and communication,6,3,3
S01012947,K L M N. Financial real estate professional and administrative activities,4,1,3
S01012947,O P Q. Public administration education and health,28,6,22
S01012947,R S T U. Other,2,0,2
S01012947,Never worked,27,14,13
S01012948,All people aged 16 to 74 not in employment,151,79,72
S01012948,A B D E. Agriculture energy and water,6,5,1
S01012948,C. Manufacturing,17,12,5
S01012948,F. Construction,7,7,0
S01012948,G I. Distribution hotels and restaurants,24,11,13
S01012948,H J. Transport and communication,10,5,5
S01012948,K L M N. Financial real estate professional and administrative activities,12,4,8
S01012948,O P Q. Public administration education and health,38,14,24
S01012948,R S T U. Other,8,3,5
S01012948,Never worked,29,18,11
S01012949,All people aged 16 to 74 not in employment,154,72,82
S01012949,A B D E. Agriculture energy and water,3,2,1
S01012949,C. Manufacturing,16,10,6
S01012949,F. Construction,9,8,1
S01012949,G I. Distribution hotels and restaurants,21,11,10
S01012949,H J. Transport and communication,7,1,6
S01012949,K L M N. Financial real estate professional and administrative activities,17,4,13
S01012949,O P Q. Public administration education and health,50,19,31
S01012949,R S T U. Other,4,1,3
S01012949,Never worked,27,16,11
S01012950,All people aged 16 to 74 not in employment,155,67,88
S01012950,A B D E. Agriculture energy and water,1,0,1
S01012950,C. Manufacturing,13,7,6
S01012950,F. Construction,6,5,1
S01012950,G I. Distribution hotels and restaurants,35,10,25
S01012950,H J. Transport and communication,9,3,6
S01012950,K L M N. Financial real estate professional and administrative activities,12,7,5
S01012950,O P Q. Public administration education and health,33,12,21
S01012950,R S T U. Other,2,1,1
S01012950,Never worked,44,22,22
S01012951,All people aged 16 to 74 not in employment,103,41,62
S01012951,A B D E. Agriculture energy and water,4,2,2
S01012951,C. Manufacturing,2,1,1
S01012951,F. Construction,5,4,1
S01012951,G I. Distribution hotels and restaurants,19,10,9
S01012951,H J. Transport and communication,5,5,0
S01012951,K L M N. Financial real estate professional and administrative activities,16,6,10
S01012951,O P Q. Public administration education and health,18,3,15
S01012951,R S T U. Other,2,0,2
S01012951,Never worked,32,10,22
S01012952,All people aged 16 to 74 not in employment,173,54,119
S01012952,A B D E. Agriculture energy and water,1,1,0
S01012952,C. Manufacturing,16,5,11
S01012952,F. Construction,6,2,4
S01012952,G I. Distribution hotels and restaurants,29,12,17
S01012952,H J. Transport and communication,11,3,8
S01012952,K L M N. Financial real estate professional and administrative activities,23,7,16
S01012952,O P Q. Public administration education and health,50,9,41
S01012952,R S T U. Other,5,1,4
S01012952,Never worked,32,14,18
S01012953,All people aged 16 to 74 not in employment,140,56,84
S01012953,A B D E. Agriculture energy and water,2,0,2
S01012953,C. Manufacturing,19,11,8
S01012953,F. Construction,5,4,1
S01012953,G I. Distribution hotels and restaurants,22,5,17
S01012953,H J. Transport and communication,9,6,3
S01012953,K L M N. Financial real estate professional and administrative activities,18,9,9
S01012953,O P Q. Public administration education and health,39,9,30
S01012953,R S T U. Other,7,4,3
S01012953,Never worked,19,8,11
S01012954,All people aged 16 to 74 not in employment,95,44,51
S01012954,A B D E. Agriculture energy and water,0,0,0
S01012954,C. Manufacturing,9,6,3
S01012954,F. Construction,3,3,0
S01012954,G I. Distribution hotels and restaurants,15,10,5
S01012954,H J. Transport and communication,6,1,5
S01012954,K L M N. Financial real estate professional and administrative activities,15,3,12
S01012954,O P Q. Public administration education and health,25,8,17
S01012954,R S T U. Other,4,1,3
S01012954,Never worked,18,12,6
S01012955,All people aged 16 to 74 not in employment,195,83,112
S01012955,A B D E. Agriculture energy and water,5,2,3
S01012955,C. Manufacturing,25,14,11
S01012955,F. Construction,12,10,2
S01012955,G I. Distribution hotels and restaurants,31,9,22
S01012955,H J. Transport and communication,21,10,11
S01012955,K L M N. Financial real estate professional and administrative activities,14,6,8
S01012955,O P Q. Public administration education and health,46,14,32
S01012955,R S T U. Other,7,2,5
S01012955,Never worked,34,16,18
S01012956,All people aged 16 to 74 not in employment,293,128,165
S01012956,A B D E. Agriculture energy and water,6,5,1
S01012956,C. Manufacturing,37,21,16
S01012956,F. Construction,32,26,6
S01012956,G I. Distribution hotels and restaurants,45,17,28
S01012956,H J. Transport and communication,16,4,12
S01012956,K L M N. Financial real estate professional and administrative activities,30,6,24
S01012956,O P Q. Public administration education and health,66,18,48
S01012956,R S T U. Other,8,3,5
S01012956,Never worked,53,28,25
S01012957,All people aged 16 to 74 not in employment,177,92,85
S01012957,A B D E. Agriculture energy and water,1,0,1
S01012957,C. Manufacturing,26,15,11
S01012957,F. Construction,12,11,1
S01012957,G I. Distribution hotels and restaurants,35,22,13
S01012957,H J. Transport and communication,12,5,7
S01012957,K L M N. Financial real estate professional and administrative activities,14,9,5
S01012957,O P Q. Public administration education and health,42,16,26
S01012957,R S T U. Other,7,1,6
S01012957,Never worked,28,13,15
S01012958,All people aged 16 to 74 not in employment,122,54,68
S01012958,A B D E. Agriculture energy and water,2,1,1
S01012958,C. Manufacturing,18,11,7
S01012958,F. Construction,8,7,1
S01012958,G I. Distribution hotels and restaurants,20,8,12
S01012958,H J. Transport and communication,7,1,6
S01012958,K L M N. Financial real estate professional and administrative activities,8,6,2
S01012958,O P Q. Public administration education and health,26,2,24
S01012958,R S T U. Other,4,1,3
S01012958,Never worked,29,17,12
S01012959,All people aged 16 to 74 not in employment,102,39,63
S01012959,A B D E. Agriculture energy and water,0,0,0
S01012959,C. Manufacturing,5,3,2
S01012959,F. Construction,2,2,0
S01012959,G I. Distribution hotels and restaurants,17,5,12
S01012959,H J. Transport and communication,4,2,2
S01012959,K L M N. Financial real estate professional and administrative activities,11,4,7
S01012959,O P Q. Public administration education and health,27,8,19
S01012959,R S T U. Other,5,1,4
S01012959,Never worked,31,14,17
S01012960,All people aged 16 to 74 not in employment,168,74,94
S01012960,A B D E. Agriculture energy and water,3,3,0
S01012960,C. Manufacturing,14,11,3
S01012960,F. Construction,12,10,2
S01012960,G I. Distribution hotels and restaurants,41,13,28
S01012960,H J. Transport and communication,11,3,8
S01012960,K L M N. Financial real estate professional and administrative activities,23,9,14
S01012960,O P Q. Public administration education and health,32,6,26
S01012960,R S T U. Other,3,1,2
S01012960,Never worked,29,18,11
S01012961,All people aged 16 to 74 not in employment,100,39,61
S01012961,A B D E. Agriculture energy and water,2,1,1
S01012961,C. Manufacturing,19,9,10
S01012961,F. Construction,3,3,0
S01012961,G I. Distribution hotels and restaurants,23,11,12
S01012961,H J. Transport and communication,6,2,4
S01012961,K L M N. Financial real estate professional and administrative activities,11,2,9
S01012961,O P Q. Public administration education and health,23,5,18
S01012961,R S T U. Other,1,1,0
S01012961,Never worked,12,5,7
S01012962,All people aged 16 to 74 not in employment,151,68,83
S01012962,A B D E. Agriculture energy and water,1,0,1
S01012962,C. Manufacturing,19,13,6
S01012962,F. Construction,8,5,3
S01012962,G I. Distribution hotels and restaurants,28,10,18
S01012962,H J. Transport and communication,10,4,6
S01012962,K L M N. Financial real estate professional and administrative activities,19,8,11
S01012962,O P Q. Public administration education and health,43,17,26
S01012962,R S T U. Other,6,3,3
S01012962,Never worked,17,8,9
S01012963,All people aged 16 to 74 not in employment,126,55,71
S01012963,A B D E. Agriculture energy and water,4,3,1
S01012963,C. Manufacturing,23,14,9
S01012963,F. Construction,2,2,0
S01012963,G I. Distribution hotels and restaurants,19,8,11
S01012963,H J. Transport and communication,5,1,4
S01012963,K L M N. Financial real estate professional and administrative activities,14,3,11
S01012963,O P Q. Public administration education and health,27,7,20
S01012963,R S T U. Other,3,1,2
S01012963,Never worked,29,16,13
S01012964,All people aged 16 to 74 not in employment,78,30,48
S01012964,A B D E. Agriculture energy and water,2,1,1
S01012964,C. Manufacturing,6,3,3
S01012964,F. Construction,3,2,1
S01012964,G I. Distribution hotels and restaurants,15,8,7
S01012964,H J. Transport and communication,5,2,3
S01012964,K L M N. Financial real estate professional and administrative activities,5,3,2
S01012964,O P Q. Public administration education and health,17,3,14
S01012964,R S T U. Other,4,1,3
S01012964,Never worked,21,7,14
S01012965,All people aged 16 to 74 not in employment,134,49,85
S01012965,A B D E. Agriculture energy and water,0,0,0
S01012965,C. Manufacturing,11,7,4
S01012965,F. Construction,8,7,1
S01012965,G I. Distribution hotels and restaurants,24,6,18
S01012965,H J. Transport and communication,13,5,8
S01012965,K L M N. Financial real estate professional and administrative activities,14,5,9
S01012965,O P Q. Public administration education and health,36,3,33
S01012965,R S T U. Other,7,4,3
S01012965,Never worked,21,12,9
S01012966,All people aged 16 to 74 not in employment,123,51,72
S01012966,A B D E. Agriculture energy and water,2,0,2
S01012966,C. Manufacturing,16,9,7
S01012966,F. Construction,10,9,1
S01012966,G I. Distribution hotels and restaurants,28,10,18
S01012966,H J. Transport and communication,7,0,7
S01012966,K L M N. Financial real estate professional and administrative activities,13,5,8
S01012966,O P Q. Public administration education and health,23,7,16
S01012966,R S T U. Other,5,1,4
S01012966,Never worked,19,10,9
S01012967,All people aged 16 to 74 not in employment,120,52,68
S01012967,A B D E. Agriculture energy and water,1,0,1
S01012967,C. Manufacturing,23,12,11
S01012967,F. Construction,11,11,0
S01012967,G I. Distribution hotels and restaurants,21,8,13
S01012967,H J. Transport and communication,6,1,5
S01012967,K L M N. Financial real estate professional and administrative activities,8,2,6
S01012967,O P Q. Public administration education and health,28,10,18
S01012967,R S T U. Other,0,0,0
S01012967,Never worked,22,8,14
S01012968,All people aged 16 to 74 not in employment,172,72,100
S01012968,A B D E. Agriculture energy and water,4,3,1
S01012968,C. Manufacturing,22,13,9
S01012968,F. Construction,12,10,2
S01012968,G I. Distribution hotels and restaurants,27,18,9
S01012968,H J. Transport and communication,20,5,15
S01012968,K L M N. Financial real estate professional and administrative activities,21,6,15
S01012968,O P Q. Public administration education and health,48,10,38
S01012968,R S T U. Other,0,0,0
S01012968,Never worked,18,7,11
S01012969,All people aged 16 to 74 not in employment,190,83,107
S01012969,A B D E. Agriculture energy and water,5,3,2
S01012969,C. Manufacturing,31,20,11
S01012969,F. Construction,11,10,1
S01012969,G I. Distribution hotels and restaurants,37,13,24
S01012969,H J. Transport and communication,8,4,4
S01012969,K L M N. Financial real estate professional and administrative activities,18,7,11
S01012969,O P Q. Public administration education and health,40,10,30
S01012969,R S T U. Other,15,6,9
S01012969,Never worked,25,10,15
S01012970,All people aged 16 to 74 not in employment,140,55,85
S01012970,A B D E. Agriculture energy and water,1,0,1
S01012970,C. Manufacturing,17,7,10
S01012970,F. Construction,13,13,0
S01012970,G I. Distribution hotels and restaurants,28,10,18
S01012970,H J. Transport and communication,9,1,8
S01012970,K L M N. Financial real estate professional and administrative activities,14,6,8
S01012970,O P Q. Public administration education and health,27,3,24
S01012970,R S T U. Other,9,4,5
S01012970,Never worked,22,11,11
S01012971,All people aged 16 to 74 not in employment,252,97,155
S01012971,A B D E. Agriculture energy and water,1,1,0
S01012971,C. Manufacturing,39,23,16
S01012971,F. Construction,7,7,0
S01012971,G I. Distribution hotels and restaurants,52,17,35
S01012971,H J. Transport and communication,19,4,15
S01012971,K L M N. Financial real estate professional and administrative activities,22,5,17
S01012971,O P Q. Public administration education and health,44,8,36
S01012971,R S T U. Other,8,3,5
S01012971,Never worked,60,29,31
S01012972,All people aged 16 to 74 not in employment,208,78,130
S01012972,A B D E. Agriculture energy and water,5,3,2
S01012972,C. Manufacturing,38,20,18
S01012972,F. Construction,8,7,1
S01012972,G I. Distribution hotels and restaurants,36,17,19
S01012972,H J. Transport and communication,21,2,19
S01012972,K L M N. Financial real estate professional and administrative activities,25,9,16
S01012972,O P Q. Public administration education and health,35,5,30
S01012972,R S T U. Other,10,2,8
S01012972,Never worked,30,13,17
S01012973,All people aged 16 to 74 not in employment,198,88,110
S01012973,A B D E. Agriculture energy and water,3,2,1
S01012973,C. Manufacturing,30,13,17
S01012973,F. Construction,11,8,3
S01012973,G I. Distribution hotels and restaurants,38,15,23
S01012973,H J. Transport and communication,13,3,10
S01012973,K L M N. Financial real estate professional and administrative activities,19,9,10
S01012973,O P Q. Public administration education and health,42,13,29
S01012973,R S T U. Other,11,6,5
S01012973,Never worked,31,19,12
S01012974,All people aged 16 to 74 not in employment,300,136,164
S01012974,A B D E. Agriculture energy and water,5,2,3
S01012974,C. Manufacturing,55,28,27
S01012974,F. Construction,20,20,0
S01012974,G I. Distribution hotels and restaurants,62,29,33
S01012974,H J. Transport and communication,15,6,9
S01012974,K L M N. Financial real estate professional and administrative activities,28,9,19
S01012974,O P Q. Public administration education and health,56,15,41
S01012974,R S T U. Other,15,6,9
S01012974,Never worked,44,21,23
S01012975,All people aged 16 to 74 not in employment,163,66,97
S01012975,A B D E. Agriculture energy and water,2,1,1
S01012975,C. Manufacturing,27,14,13
S01012975,F. Construction,12,12,0
S01012975,G I. Distribution hotels and restaurants,35,17,18
S01012975,H J. Transport and communication,10,4,6
S01012975,K L M N. Financial real estate professional and administrative activities,18,5,13
S01012975,O P Q. Public administration education and health,30,4,26
S01012975,R S T U. Other,4,0,4
S01012975,Never worked,25,9,16
S01012976,All people aged 16 to 74 not in employment,163,67,96
S01012976,A B D E. Agriculture energy and water,3,3,0
S01012976,C. Manufacturing,24,13,11
S01012976,F. Construction,10,9,1
S01012976,G I. Distribution hotels and restaurants,39,13,26
S01012976,H J. Transport and communication,11,2,9
S01012976,K L M N. Financial real estate professional and administrative activities,13,8,5
S01012976,O P Q. Public administration education and health,40,9,31
S01012976,R S T U. Other,3,0,3
S01012976,Never worked,20,10,10
S01012977,All people aged 16 to 74 not in employment,192,87,105
S01012977,A B D E. Agriculture energy and water,2,2,0
S01012977,C. Manufacturing,23,15,8
S01012977,F. Construction,14,14,0
S01012977,G I. Distribution hotels and restaurants,45,18,27
S01012977,H J. Transport and communication,14,5,9
S01012977,K L M N. Financial real estate professional and administrative activities,13,7,6
S01012977,O P Q. Public administration education and health,31,3,28
S01012977,R S T U. Other,8,3,5
S01012977,Never worked,42,20,22
S01012978,All people aged 16 to 74 not in employment,246,111,135
S01012978,A B D E. Agriculture energy and water,0,0,0
S01012978,C. Manufacturing,36,20,16
S01012978,F. Construction,14,13,1
S01012978,G I. Distribution hotels and restaurants,48,29,19
S01012978,H J. Transport and communication,22,7,15
S01012978,K L M N. Financial real estate professional and administrative activities,20,4,16
S01012978,O P Q. Public administration education and health,39,7,32
S01012978,R S T U. Other,6,4,2
S01012978,Never worked,61,27,34
S01012979,All people aged 16 to 74 not in employment,144,49,95
S01012979,A B D E. Agriculture energy and water,3,1,2
S01012979,C. Manufacturing,20,9,11
S01012979,F. Construction,6,6,0
S01012979,G I. Distribution hotels and restaurants,21,9,12
S01012979,H J. Transport and communication,11,2,9
S01012979,K L M N. Financial real estate professional and administrative activities,12,2,10
S01012979,O P Q. Public administration education and health,32,5,27
S01012979,R S T U. Other,3,0,3
S01012979,Never worked,36,15,21
S01012980,All people aged 16 to 74 not in employment,165,75,90
S01012980,A B D E. Agriculture energy and water,3,0,3
S01012980,C. Manufacturing,25,11,14
S01012980,F. Construction,13,13,0
S01012980,G I. Distribution hotels and restaurants,38,17,21
S01012980,H J. Transport and communication,13,3,10
S01012980,K L M N. Financial real estate professional and administrative activities,16,6,10
S01012980,O P Q. Public administration education and health,22,6,16
S01012980,R S T U. Other,4,1,3
S01012980,Never worked,31,18,13
S01012981,All people aged 16 to 74 not in employment,179,74,105
S01012981,A B D E. Agriculture energy and water,2,2,0
S01012981,C. Manufacturing,25,12,13
S01012981,F. Construction,5,5,0
S01012981,G I. Distribution hotels and restaurants,49,24,25
S01012981,H J. Transport and communication,12,1,11
S01012981,K L M N. Financial real estate professional and administrative activities,15,7,8
S01012981,O P Q. Public administration education and health,34,6,28
S01012981,R S T U. Other,1,0,1
S01012981,Never worked,36,17,19
S01012982,All people aged 16 to 74 not in employment,198,88,110
S01012982,A B D E. Agriculture energy and water,1,0,1
S01012982,C. Manufacturing,23,13,10
S01012982,F. Construction,13,12,1
S01012982,G I. Distribution hotels and restaurants,47,20,27
S01012982,H J. Transport and communication,11,5,6
S01012982,K L M N. Financial real estate professional and administrative activities,24,11,13
S01012982,O P Q. Public administration education and health,47,10,37
S01012982,R S T U. Other,9,6,3
S01012982,Never worked,23,11,12
S01012983,All people aged 16 to 74 not in employment,199,84,115
S01012983,A B D E. Agriculture energy and water,5,3,2
S01012983,C. Manufacturing,28,19,9
S01012983,F. Construction,12,10,2
S01012983,G I. Distribution hotels and restaurants,32,13,19
S01012983,H J. Transport and communication,13,4,9
S01012983,K L M N. Financial real estate professional and administrative activities,18,6,12
S01012983,O P Q. Public administration education and health,56,14,42
S01012983,R S T U. Other,9,3,6
S01012983,Never worked,26,12,14
S01012984,All people aged 16 to 74 not in employment,130,49,81
S01012984,A B D E. Agriculture energy and water,3,0,3
S01012984,C. Manufacturing,26,12,14
S01012984,F. Construction,6,5,1
S01012984,G I. Distribution hotels and restaurants,21,9,12
S01012984,H J. Transport and communication,10,3,7
S01012984,K L M N. Financial real estate professional and administrative activities,12,5,7
S01012984,O P Q. Public administration education and health,25,5,20
S01012984,R S T U. Other,3,1,2
S01012984,Never worked,24,9,15
S01012985,All people aged 16 to 74 not in employment,180,73,107
S01012985,A B D E. Agriculture energy and water,2,2,0
S01012985,C. Manufacturing,18,8,10
S01012985,F. Construction,11,11,0
S01012985,G I. Distribution hotels and restaurants,37,14,23
S01012985,H J. Transport and communication,10,2,8
S01012985,K L M N. Financial real estate professional and administrative activities,22,13,9
S01012985,O P Q. Public administration education and health,38,4,34
S01012985,R S T U. Other,7,5,2
S01012985,Never worked,35,14,21
S01012986,All people aged 16 to 74 not in employment,191,80,111
S01012986,A B D E. Agriculture energy and water,4,4,0
S01012986,C. Manufacturing,32,20,12
S01012986,F. Construction,13,8,5
S01012986,G I. Distribution hotels and restaurants,46,21,25
S01012986,H J. Transport and communication,12,4,8
S01012986,K L M N. Financial real estate professional and administrative activities,11,3,8
S01012986,O P Q. Public administration education and health,45,5,40
S01012986,R S T U. Other,5,4,1
S01012986,Never worked,23,11,12
S01012987,All people aged 16 to 74 not in employment,187,94,93
S01012987,A B D E. Agriculture energy and water,1,1,0
S01012987,C. Manufacturing,37,19,18
S01012987,F. Construction,16,15,1
S01012987,G I. Distribution hotels and restaurants,30,15,15
S01012987,H J. Transport and communication,18,11,7
S01012987,K L M N. Financial real estate professional and administrative activities,16,5,11
S01012987,O P Q. Public administration education and health,31,6,25
S01012987,R S T U. Other,8,3,5
S01012987,Never worked,30,19,11
S01012988,All people aged 16 to 74 not in employment,232,94,138
S01012988,A B D E. Agriculture energy and water,2,0,2
S01012988,C. Manufacturing,40,24,16
S01012988,F. Construction,17,13,4
S01012988,G I. Distribution hotels and restaurants,39,15,24
S01012988,H J. Transport and communication,19,3,16
S01012988,K L M N. Financial real estate professional and administrative activities,20,6,14
S01012988,O P Q. Public administration education and health,54,14,40
S01012988,R S T U. Other,10,5,5
S01012988,Never worked,31,14,17
S01012989,All people aged 16 to 74 not in employment,218,96,122
S01012989,A B D E. Agriculture energy and water,3,2,1
S01012989,C. Manufacturing,37,20,17
S01012989,F. Construction,11,8,3
S01012989,G I. Distribution hotels and restaurants,37,15,22
S01012989,H J. Transport and communication,19,10,9
S01012989,K L M N. Financial real estate professional and administrative activities,21,9,12
S01012989,O P Q. Public administration education and health,48,16,32
S01012989,R S T U. Other,9,1,8
S01012989,Never worked,33,15,18
S01012990,All people aged 16 to 74 not in employment,150,66,84
S01012990,A B D E. Agriculture energy and water,4,2,2
S01012990,C. Manufacturing,26,15,11
S01012990,F. Construction,11,9,2
S01012990,G I. Distribution hotels and restaurants,25,15,10
S01012990,H J. Transport and communication,13,4,9
S01012990,K L M N. Financial real estate professional and administrative activities,17,5,12
S01012990,O P Q. Public administration education and health,23,4,19
S01012990,R S T U. Other,8,3,5
S01012990,Never worked,23,9,14
S01012991,All people aged 16 to 74 not in employment,196,88,108
S01012991,A B D E. Agriculture energy and water,4,2,2
S01012991,C. Manufacturing,40,23,17
S01012991,F. Construction,11,11,0
S01012991,G I. Distribution hotels and restaurants,31,7,24
S01012991,H J. Transport and communication,12,4,8
S01012991,K L M N. Financial real estate professional and administrative activities,30,17,13
S01012991,O P Q. Public administration education and health,38,9,29
S01012991,R S T U. Other,11,6,5
S01012991,Never worked,19,9,10
S01012992,All people aged 16 to 74 not in employment,191,81,110
S01012992,A B D E. Agriculture energy and water,1,1,0
S01012992,C. Manufacturing,23,10,13
S01012992,F. Construction,17,15,2
S01012992,G I. Distribution hotels and restaurants,37,11,26
S01012992,H J. Transport and communication,14,1,13
S01012992,K L M N. Financial real estate professional and administrative activities,19,11,8
S01012992,O P Q. Public administration education and health,39,9,30
S01012992,R S T U. Other,8,1,7
S01012992,Never worked,33,22,11
S01012993,All people aged 16 to 74 not in employment,192,80,112
S01012993,A B D E. Agriculture energy and water,6,5,1
S01012993,C. Manufacturing,29,12,17
S01012993,F. Construction,18,15,3
S01012993,G I. Distribution hotels and restaurants,34,17,17
S01012993,H J. Transport and communication,14,4,10
S01012993,K L M N. Financial real estate professional and administrative activities,9,2,7
S01012993,O P Q. Public administration education and health,42,10,32
S01012993,R S T U. Other,9,2,7
S01012993,Never worked,31,13,18
S01012994,All people aged 16 to 74 not in employment,239,114,125
S01012994,A B D E. Agriculture energy and water,6,5,1
S01012994,C. Manufacturing,30,18,12
S01012994,F. Construction,15,14,1
S01012994,G I. Distribution hotels and restaurants,54,22,32
S01012994,H J. Transport and communication,19,8,11
S01012994,K L M N. Financial real estate professional and administrative activities,36,15,21
S01012994,O P Q. Public administration education and health,41,11,30
S01012994,R S T U. Other,7,4,3
S01012994,Never worked,31,17,14
S01012995,All people aged 16 to 74 not in employment,157,70,87
S01012995,A B D E. Agriculture energy and water,2,1,1
S01012995,C. Manufacturing,32,18,14
S01012995,F. Construction,14,11,3
S01012995,G I. Distribution hotels and restaurants,30,12,18
S01012995,H J. Transport and communication,11,2,9
S01012995,K L M N. Financial real estate professional and administrative activities,12,6,6
S01012995,O P Q. Public administration education and health,34,8,26
S01012995,R S T U. Other,5,2,3
S01012995,Never worked,17,10,7
S01012996,All people aged 16 to 74 not in employment,145,57,88
S01012996,A B D E. Agriculture energy and water,4,3,1
S01012996,C. Manufacturing,22,9,13
S01012996,F. Construction,6,6,0
S01012996,G I. Distribution hotels and restaurants,18,9,9
S01012996,H J. Transport and communication,14,2,12
S01012996,K L M N. Financial real estate professional and administrative activities,11,6,5
S01012996,O P Q. Public administration education and health,41,8,33
S01012996,R S T U. Other,8,4,4
S01012996,Never worked,21,10,11
S01012997,All people aged 16 to 74 not in employment,157,72,85
S01012997,A B D E. Agriculture energy and water,1,1,0
S01012997,C. Manufacturing,25,17,8
S01012997,F. Construction,7,7,0
S01012997,G I. Distribution hotels and restaurants,38,17,21
S01012997,H J. Transport and communication,18,8,10
S01012997,K L M N. Financial real estate professional and administrative activities,18,6,12
S01012997,O P Q. Public administration education and health,31,6,25
S01012997,R S T U. Other,1,0,1
S01012997,Never worked,18,10,8
S01012998,All people aged 16 to 74 not in employment,210,88,122
S01012998,A B D E. Agriculture energy and water,2,2,0
S01012998,C. Manufacturing,33,17,16
S01012998,F. Construction,12,12,0
S01012998,G I. Distribution hotels and restaurants,40,11,29
S01012998,H J. Transport and communication,22,5,17
S01012998,K L M N. Financial real estate professional and administrative activities,16,3,13
S01012998,O P Q. Public administration education and health,35,11,24
S01012998,R S T U. Other,11,2,9
S01012998,Never worked,39,25,14
S01012999,All people aged 16 to 74 not in employment,109,48,61
S01012999,A B D E. Agriculture energy and water,1,1,0
S01012999,C. Manufacturing,20,8,12
S01012999,F. Construction,5,4,1
S01012999,G I. Distribution hotels and restaurants,28,10,18
S01012999,H J. Transport and communication,11,6,5
S01012999,K L M N. Financial real estate professional and administrative activities,9,6,3
S01012999,O P Q. Public administration education and health,13,1,12
S01012999,R S T U. Other,6,2,4
S01012999,Never worked,16,10,6
S01013000,All people aged 16 to 74 not in employment,162,63,99
S01013000,A B D E. Agriculture energy and water,4,2,2
S01013000,C. Manufacturing,32,16,16
S01013000,F. Construction,14,12,2
S01013000,G I. Distribution hotels and restaurants,33,12,21
S01013000,H J. Transport and communication,16,3,13
S01013000,K L M N. Financial real estate professional and administrative activities,12,7,5
S01013000,O P Q. Public administration education and health,32,4,28
S01013000,R S T U. Other,7,1,6
S01013000,Never worked,12,6,6
S01013001,All people aged 16 to 74 not in employment,86,33,53
S01013001,A B D E. Agriculture energy and water,0,0,0
S01013001,C. Manufacturing,1,0,1
S01013001,F. Construction,6,6,0
S01013001,G I. Distribution hotels and restaurants,10,4,6
S01013001,H J. Transport and communication,13,3,10
S01013001,K L M N. Financial real estate professional and administrative activities,14,6,8
S01013001,O P Q. Public administration education and health,28,8,20
S01013001,R S T U. Other,4,1,3
S01013001,Never worked,10,5,5
S01013002,All people aged 16 to 74 not in employment,115,44,71
S01013002,A B D E. Agriculture energy and water,2,2,0
S01013002,C. Manufacturing,8,3,5
S01013002,F. Construction,3,1,2
S01013002,G I. Distribution hotels and restaurants,22,10,12
S01013002,H J. Transport and communication,14,4,10
S01013002,K L M N. Financial real estate professional and administrative activities,18,6,12
S01013002,O P Q. Public administration education and health,29,6,23
S01013002,R S T U. Other,4,1,3
S01013002,Never worked,15,11,4
S01013003,All people aged 16 to 74 not in employment,167,69,98
S01013003,A B D E. Agriculture energy and water,2,1,1
S01013003,C. Manufacturing,8,6,2
S01013003,F. Construction,5,3,2
S01013003,G I. Distribution hotels and restaurants,25,9,16
S01013003,H J. Transport and communication,10,7,3
S01013003,K L M N. Financial real estate professional and administrative activities,33,16,17
S01013003,O P Q. Public administration education and health,58,14,44
S01013003,R S T U. Other,8,2,6
S01013003,Never worked,18,11,7
S01013004,All people aged 16 to 74 not in employment,152,55,97
S01013004,A B D E. Agriculture energy and water,2,1,1
S01013004,C. Manufacturing,13,8,5
S01013004,F. Construction,6,4,2
S01013004,G I. Distribution hotels and restaurants,18,9,9
S01013004,H J. Transport and communication,18,8,10
S01013004,K L M N. Financial real estate professional and administrative activities,25,9,16
S01013004,O P Q. Public administration education and health,39,6,33
S01013004,R S T U. Other,8,2,6
S01013004,Never worked,23,8,15
S01013005,All people aged 16 to 74 not in employment,181,78,103
S01013005,A B D E. Agriculture energy and water,4,3,1
S01013005,C. Manufacturing,10,7,3
S01013005,F. Construction,11,10,1
S01013005,G I. Distribution hotels and restaurants,23,11,12
S01013005,H J. Transport and communication,13,9,4
S01013005,K L M N. Financial real estate professional and administrative activities,31,11,20
S01013005,O P Q. Public administration education and health,52,12,40
S01013005,R S T U. Other,7,3,4
S01013005,Never worked,30,12,18
S01013006,All people aged 16 to 74 not in employment,150,56,94
S01013006,A B D E. Agriculture energy and water,4,4,0
S01013006,C. Manufacturing,7,3,4
S01013006,F. Construction,4,3,1
S01013006,G I. Distribution hotels and restaurants,23,7,16
S01013006,H J. Transport and communication,14,6,8
S01013006,K L M N. Financial real estate professional and administrative activities,18,11,7
S01013006,O P Q. Public administration education and health,41,9,32
S01013006,R S T U. Other,8,1,7
S01013006,Never worked,31,12,19
S01013007,All people aged 16 to 74 not in employment,255,95,160
S01013007,A B D E. Agriculture energy and water,7,3,4
S01013007,C. Manufacturing,14,9,5
S01013007,F. Construction,18,12,6
S01013007,G I. Distribution hotels and restaurants,34,17,17
S01013007,H J. Transport and communication,21,7,14
S01013007,K L M N. Financial real estate professional and administrative activities,43,16,27
S01013007,O P Q. Public administration education and health,83,15,68
S01013007,R S T U. Other,6,2,4
S01013007,Never worked,29,14,15
S01013008,All people aged 16 to 74 not in employment,231,81,150
S01013008,A B D E. Agriculture energy and water,4,3,1
S01013008,C. Manufacturing,17,10,7
S01013008,F. Construction,13,11,2
S01013008,G I. Distribution hotels and restaurants,39,17,22
S01013008,H J. Transport and communication,23,7,16
S01013008,K L M N. Financial real estate professional and administrative activities,30,8,22
S01013008,O P Q. Public administration education and health,74,15,59
S01013008,R S T U. Other,4,1,3
S01013008,Never worked,27,9,18
S01013009,All people aged 16 to 74 not in employment,167,60,107
S01013009,A B D E. Agriculture energy and water,3,2,1
S01013009,C. Manufacturing,10,5,5
S01013009,F. Construction,5,5,0
S01013009,G I. Distribution hotels and restaurants,30,15,15
S01013009,H J. Transport and communication,28,6,22
S01013009,K L M N. Financial real estate professional and administrative activities,22,11,11
S01013009,O P Q. Public administration education and health,49,9,40
S01013009,R S T U. Other,4,0,4
S01013009,Never worked,16,7,9
S01013010,All people aged 16 to 74 not in employment,126,54,72
S01013010,A B D E. Agriculture energy and water,5,1,4
S01013010,C. Manufacturing,14,10,4
S01013010,F. Construction,9,5,4
S01013010,G I. Distribution hotels and restaurants,20,7,13
S01013010,H J. Transport and communication,8,3,5
S01013010,K L M N. Financial real estate professional and administrative activities,16,7,9
S01013010,O P Q. Public administration education and health,27,4,23
S01013010,R S T U. Other,7,2,5
S01013010,Never worked,20,15,5
S01013011,All people aged 16 to 74 not in employment,133,51,82
S01013011,A B D E. Agriculture energy and water,8,5,3
S01013011,C. Manufacturing,9,5,4
S01013011,F. Construction,7,4,3
S01013011,G I. Distribution hotels and restaurants,12,3,9
S01013011,H J. Transport and communication,14,4,10
S01013011,K L M N. Financial real estate professional and administrative activities,16,5,11
S01013011,O P Q. Public administration education and health,32,7,25
S01013011,R S T U. Other,6,1,5
S01013011,Never worked,29,17,12
S01013012,All people aged 16 to 74 not in employment,171,74,97
S01013012,A B D E. Agriculture energy and water,2,2,0
S01013012,C. Manufacturing,11,7,4
S01013012,F. Construction,11,9,2
S01013012,G I. Distribution hotels and restaurants,26,11,15
S01013012,H J. Transport and communication,13,2,11
S01013012,K L M N. Financial real estate professional and administrative activities,23,14,9
S01013012,O P Q. Public administration education and health,40,8,32
S01013012,R S T U. Other,7,3,4
S01013012,Never worked,38,18,20
S01013013,All people aged 16 to 74 not in employment,150,54,96
S01013013,A B D E. Agriculture energy and water,6,4,2
S01013013,C. Manufacturing,7,4,3
S01013013,F. Construction,6,5,1
S01013013,G I. Distribution hotels and restaurants,27,11,16
S01013013,H J. Transport and communication,23,6,17
S01013013,K L M N. Financial real estate professional and administrative activities,19,5,14
S01013013,O P Q. Public administration education and health,41,8,33
S01013013,R S T U. Other,6,2,4
S01013013,Never worked,15,9,6
S01013014,All people aged 16 to 74 not in employment,187,74,113
S01013014,A B D E. Agriculture energy and water,8,8,0
S01013014,C. Manufacturing,16,9,7
S01013014,F. Construction,11,8,3
S01013014,G I. Distribution hotels and restaurants,29,13,16
S01013014,H J. Transport and communication,12,2,10
S01013014,K L M N. Financial real estate professional and administrative activities,19,7,12
S01013014,O P Q. Public administration education and health,61,11,50
S01013014,R S T U. Other,6,2,4
S01013014,Never worked,25,14,11
S01013015,All people aged 16 to 74 not in employment,139,54,85
S01013015,A B D E. Agriculture energy and water,4,3,1
S01013015,C. Manufacturing,11,7,4
S01013015,F. Construction,11,8,3
S01013015,G I. Distribution hotels and restaurants,12,6,6
S01013015,H J. Transport and communication,19,4,15
S01013015,K L M N. Financial real estate professional and administrative activities,15,7,8
S01013015,O P Q. Public administration education and health,47,9,38
S01013015,R S T U. Other,2,1,1
S01013015,Never worked,18,9,9
S01013016,All people aged 16 to 74 not in employment,135,59,76
S01013016,A B D E. Agriculture energy and water,3,2,1
S01013016,C. Manufacturing,6,5,1
S01013016,F. Construction,10,10,0
S01013016,G I. Distribution hotels and restaurants,14,7,7
S01013016,H J. Transport and communication,13,3,10
S01013016,K L M N. Financial real estate professional and administrative activities,16,6,10
S01013016,O P Q. Public administration education and health,50,16,34
S01013016,R S T U. Other,4,0,4
S01013016,Never worked,19,10,9
S01013017,All people aged 16 to 74 not in employment,219,93,126
S01013017,A B D E. Agriculture energy and water,12,7,5
S01013017,C. Manufacturing,10,6,4
S01013017,F. Construction,12,11,1
S01013017,G I. Distribution hotels and restaurants,45,17,28
S01013017,H J. Transport and communication,14,10,4
S01013017,K L M N. Financial real estate professional and administrative activities,25,10,15
S01013017,O P Q. Public administration education and health,67,13,54
S01013017,R S T U. Other,7,5,2
S01013017,Never worked,27,14,13
S01013018,All people aged 16 to 74 not in employment,219,87,132
S01013018,A B D E. Agriculture energy and water,10,8,2
S01013018,C. Manufacturing,21,12,9
S01013018,F. Construction,15,15,0
S01013018,G I. Distribution hotels and restaurants,27,11,16
S01013018,H J. Transport and communication,14,5,9
S01013018,K L M N. Financial real estate professional and administrative activities,27,11,16
S01013018,O P Q. Public administration education and health,73,16,57
S01013018,R S T U. Other,10,2,8
S01013018,Never worked,22,7,15
S01013019,All people aged 16 to 74 not in employment,174,64,110
S01013019,A B D E. Agriculture energy and water,7,6,1
S01013019,C. Manufacturing,11,8,3
S01013019,F. Construction,8,4,4
S01013019,G I. Distribution hotels and restaurants,14,5,9
S01013019,H J. Transport and communication,19,8,11
S01013019,K L M N. Financial real estate professional and administrative activities,27,5,22
S01013019,O P Q. Public administration education and health,57,15,42
S01013019,R S T U. Other,5,1,4
S01013019,Never worked,26,12,14
S01013020,All people aged 16 to 74 not in employment,95,43,52
S01013020,A B D E. Agriculture energy and water,5,5,0
S01013020,C. Manufacturing,5,3,2
S01013020,F. Construction,9,7,2
S01013020,G I. Distribution hotels and restaurants,16,6,10
S01013020,H J. Transport and communication,5,1,4
S01013020,K L M N. Financial real estate professional and administrative activities,10,3,7
S01013020,O P Q. Public administration education and health,31,9,22
S01013020,R S T U. Other,2,2,0
S01013020,Never worked,12,7,5
S01013021,All people aged 16 to 74 not in employment,99,39,60
S01013021,A B D E. Agriculture energy and water,2,1,1
S01013021,C. Manufacturing,4,2,2
S01013021,F. Construction,9,7,2
S01013021,G I. Distribution hotels and restaurants,20,8,12
S01013021,H J. Transport and communication,2,1,1
S01013021,K L M N. Financial real estate professional and administrative activities,6,2,4
S01013021,O P Q. Public administration education and health,27,5,22
S01013021,R S T U. Other,9,2,7
S01013021,Never worked,20,11,9
S01013022,All people aged 16 to 74 not in employment,100,49,51
S01013022,A B D E. Agriculture energy and water,4,4,0
S01013022,C. Manufacturing,5,2,3
S01013022,F. Construction,10,9,1
S01013022,G I. Distribution hotels and restaurants,13,4,9
S01013022,H J. Transport and communication,7,3,4
S01013022,K L M N. Financial real estate professional and administrative activities,11,5,6
S01013022,O P Q. Public administration education and health,27,8,19
S01013022,R S T U. Other,4,1,3
S01013022,Never worked,19,13,6
S01013023,All people aged 16 to 74 not in employment,241,109,132
S01013023,A B D E. Agriculture energy and water,6,3,3
S01013023,C. Manufacturing,21,14,7
S01013023,F. Construction,20,15,5
S01013023,G I. Distribution hotels and restaurants,28,7,21
S01013023,H J. Transport and communication,16,12,4
S01013023,K L M N. Financial real estate professional and administrative activities,20,9,11
S01013023,O P Q. Public administration education and health,99,33,66
S01013023,R S T U. Other,6,2,4
S01013023,Never worked,25,14,11
S01013024,All people aged 16 to 74 not in employment,124,51,73
S01013024,A B D E. Agriculture energy and water,4,3,1
S01013024,C. Manufacturing,6,5,1
S01013024,F. Construction,10,8,2
S01013024,G I. Distribution hotels and restaurants,21,6,15
S01013024,H J. Transport and communication,11,4,7
S01013024,K L M N. Financial real estate professional and administrative activities,14,3,11
S01013024,O P Q. Public administration education and health,40,10,30
S01013024,R S T U. Other,3,2,1
S01013024,Never worked,15,10,5
S01013025,All people aged 16 to 74 not in employment,131,61,70
S01013025,A B D E. Agriculture energy and water,1,1,0
S01013025,C. Manufacturing,11,9,2
S01013025,F. Construction,7,5,2
S01013025,G I. Distribution hotels and restaurants,24,15,9
S01013025,H J. Transport and communication,12,2,10
S01013025,K L M N. Financial real estate professional and administrative activities,13,6,7
S01013025,O P Q. Public administration education and health,37,12,25
S01013025,R S T U. Other,3,1,2
S01013025,Never worked,23,10,13
S01013026,All people aged 16 to 74 not in employment,254,134,120
S01013026,A B D E. Agriculture energy and water,19,19,0
S01013026,C. Manufacturing,23,17,6
S01013026,F. Construction,29,26,3
S01013026,G I. Distribution hotels and restaurants,40,19,21
S01013026,H J. Transport and communication,19,11,8
S01013026,K L M N. Financial real estate professional and administrative activities,25,13,12
S01013026,O P Q. Public administration education and health,54,12,42
S01013026,R S T U. Other,10,4,6
S01013026,Never worked,35,13,22
S01013027,All people aged 16 to 74 not in employment,336,149,187
S01013027,A B D E. Agriculture energy and water,11,9,2
S01013027,C. Manufacturing,39,22,17
S01013027,F. Construction,37,37,0
S01013027,G I. Distribution hotels and restaurants,61,24,37
S01013027,H J. Transport and communication,31,9,22
S01013027,K L M N. Financial real estate professional and administrative activities,20,9,11
S01013027,O P Q. Public administration education and health,57,8,49
S01013027,R S T U. Other,14,4,10
S01013027,Never worked,66,27,39
S01013028,All people aged 16 to 74 not in employment,101,36,65
S01013028,A B D E. Agriculture energy and water,7,2,5
S01013028,C. Manufacturing,5,4,1
S01013028,F. Construction,7,6,1
S01013028,G I. Distribution hotels and restaurants,24,9,15
S01013028,H J. Transport and communication,8,3,5
S01013028,K L M N. Financial real estate professional and administrative activities,12,5,7
S01013028,O P Q. Public administration education and health,17,2,15
S01013028,R S T U. Other,4,1,3
S01013028,Never worked,17,4,13
S01013029,All people aged 16 to 74 not in employment,184,83,101
S01013029,A B D E. Agriculture energy and water,9,8,1
S01013029,C. Manufacturing,21,11,10
S01013029,F. Construction,11,11,0
S01013029,G I. Distribution hotels and restaurants,35,15,20
S01013029,H J. Transport and communication,22,9,13
S01013029,K L M N. Financial real estate professional and administrative activities,11,4,7
S01013029,O P Q. Public administration education and health,40,10,30
S01013029,R S T U. Other,9,1,8
S01013029,Never worked,26,14,12
S01013030,All people aged 16 to 74 not in employment,181,76,105
S01013030,A B D E. Agriculture energy and water,6,5,1
S01013030,C. Manufacturing,15,12,3
S01013030,F. Construction,14,12,2
S01013030,G I. Distribution hotels and restaurants,26,13,13
S01013030,H J. Transport and communication,15,1,14
S01013030,K L M N. Financial real estate professional and administrative activities,12,6,6
S01013030,O P Q. Public administration education and health,47,11,36
S01013030,R S T U. Other,3,0,3
S01013030,Never worked,43,16,27
S01013031,All people aged 16 to 74 not in employment,179,81,98
S01013031,A B D E. Agriculture energy and water,10,10,0
S01013031,C. Manufacturing,22,16,6
S01013031,F. Construction,19,18,1
S01013031,G I. Distribution hotels and restaurants,27,11,16
S01013031,H J. Transport and communication,13,5,8
S01013031,K L M N. Financial real estate professional and administrative activities,18,4,14
S01013031,O P Q. Public administration education and health,42,11,31
S01013031,R S T U. Other,7,1,6
S01013031,Never worked,21,5,16
S01013032,All people aged 16 to 74 not in employment,103,35,68
S01013032,A B D E. Agriculture energy and water,1,1,0
S01013032,C. Manufacturing,7,4,3
S01013032,F. Construction,8,7,1
S01013032,G I. Distribution hotels and restaurants,24,10,14
S01013032,H J. Transport and communication,9,3,6
S01013032,K L M N. Financial real estate professional and administrative activities,15,4,11
S01013032,O P Q. Public administration education and health,26,4,22
S01013032,R S T U. Other,2,0,2
S01013032,Never worked,11,2,9
S01013033,All people aged 16 to 74 not in employment,123,53,70
S01013033,A B D E. Agriculture energy and water,6,6,0
S01013033,C. Manufacturing,5,4,1
S01013033,F. Construction,10,9,1
S01013033,G I. Distribution hotels and restaurants,24,4,20
S01013033,H J. Transport and communication,14,5,9
S01013033,K L M N. Financial real estate professional and administrative activities,11,4,7
S01013033,O P Q. Public administration education and health,30,7,23
S01013033,R S T U. Other,3,1,2
S01013033,Never worked,20,13,7
S01013034,All people aged 16 to 74 not in employment,202,92,110
S01013034,A B D E. Agriculture energy and water,29,26,3
S01013034,C. Manufacturing,21,11,10
S01013034,F. Construction,9,8,1
S01013034,G I. Distribution hotels and restaurants,39,18,21
S01013034,H J. Transport and communication,19,6,13
S01013034,K L M N. Financial real estate professional and administrative activities,13,1,12
S01013034,O P Q. Public administration education and health,38,9,29
S01013034,R S T U. Other,7,3,4
S01013034,Never worked,27,10,17
S01013035,All people aged 16 to 74 not in employment,213,82,131
S01013035,A B D E. Agriculture energy and water,20,19,1
S01013035,C. Manufacturing,20,7,13
S01013035,F. Construction,13,12,1
S01013035,G I. Distribution hotels and restaurants,50,15,35
S01013035,H J. Transport and communication,18,3,15
S01013035,K L M N. Financial real estate professional and administrative activities,24,8,16
S01013035,O P Q. Public administration education and health,28,3,25
S01013035,R S T U. Other,7,2,5
S01013035,Never worked,33,13,20
S01013036,All people aged 16 to 74 not in employment,241,108,133
S01013036,A B D E. Agriculture energy and water,7,6,1
S01013036,C. Manufacturing,18,7,11
S01013036,F. Construction,17,16,1
S01013036,G I. Distribution hotels and restaurants,50,17,33
S01013036,H J. Transport and communication,13,5,8
S01013036,K L M N. Financial real estate professional and administrative activities,32,16,16
S01013036,O P Q. Public administration education and health,37,9,28
S01013036,R S T U. Other,9,3,6
S01013036,Never worked,58,29,29
S01013037,All people aged 16 to 74 not in employment,170,77,93
S01013037,A B D E. Agriculture energy and water,4,4,0
S01013037,C. Manufacturing,14,9,5
S01013037,F. Construction,16,16,0
S01013037,G I. Distribution hotels and restaurants,32,11,21
S01013037,H J. Transport and communication,10,3,7
S01013037,K L M N. Financial real estate professional and administrative activities,17,8,9
S01013037,O P Q. Public administration education and health,53,15,38
S01013037,R S T U. Other,2,0,2
S01013037,Never worked,22,11,11
S01013038,All people aged 16 to 74 not in employment,241,106,135
S01013038,A B D E. Agriculture energy and water,7,7,0
S01013038,C. Manufacturing,19,13,6
S01013038,F. Construction,15,14,1
S01013038,G I. Distribution hotels and restaurants,37,15,22
S01013038,H J. Transport and communication,22,6,16
S01013038,K L M N. Financial real estate professional and administrative activities,13,5,8
S01013038,O P Q. Public administration education and health,63,15,48
S01013038,R S T U. Other,9,4,5
S01013038,Never worked,56,27,29
S01013039,All people aged 16 to 74 not in employment,92,32,60
S01013039,A B D E. Agriculture energy and water,2,2,0
S01013039,C. Manufacturing,5,3,2
S01013039,F. Construction,1,1,0
S01013039,G I. Distribution hotels and restaurants,13,5,8
S01013039,H J. Transport and communication,4,3,1
S01013039,K L M N. Financial real estate professional and administrative activities,15,2,13
S01013039,O P Q. Public administration education and health,22,4,18
S01013039,R S T U. Other,1,0,1
S01013039,Never worked,29,12,17
S01013040,All people aged 16 to 74 not in employment,193,80,113
S01013040,A B D E. Agriculture energy and water,4,1,3
S01013040,C. Manufacturing,18,9,9
S01013040,F. Construction,18,17,1
S01013040,G I. Distribution hotels and restaurants,51,17,34
S01013040,H J. Transport and communication,8,4,4
S01013040,K L M N. Financial real estate professional and administrative activities,12,3,9
S01013040,O P Q. Public administration education and health,55,14,41
S01013040,R S T U. Other,11,4,7
S01013040,Never worked,16,11,5
S01013041,All people aged 16 to 74 not in employment,119,55,64
S01013041,A B D E. Agriculture energy and water,3,3,0
S01013041,C. Manufacturing,10,6,4
S01013041,F. Construction,10,10,0
S01013041,G I. Distribution hotels and restaurants,16,6,10
S01013041,H J. Transport and communication,9,1,8
S01013041,K L M N. Financial real estate professional and administrative activities,12,6,6
S01013041,O P Q. Public administration education and health,39,8,31
S01013041,R S T U. Other,2,1,1
S01013041,Never worked,18,14,4
S01013042,All people aged 16 to 74 not in employment,165,88,77
S01013042,A B D E. Agriculture energy and water,2,2,0
S01013042,C. Manufacturing,5,2,3
S01013042,F. Construction,17,15,2
S01013042,G I. Distribution hotels and restaurants,39,26,13
S01013042,H J. Transport and communication,21,5,16
S01013042,K L M N. Financial real estate professional and administrative activities,11,4,7
S01013042,O P Q. Public administration education and health,32,10,22
S01013042,R S T U. Other,3,2,1
S01013042,Never worked,35,22,13
S01013043,All people aged 16 to 74 not in employment,215,93,122
S01013043,A B D E. Agriculture energy and water,9,8,1
S01013043,C. Manufacturing,14,7,7
S01013043,F. Construction,23,22,1
S01013043,G I. Distribution hotels and restaurants,33,14,19
S01013043,H J. Transport and communication,15,7,8
S01013043,K L M N. Financial real estate professional and administrative activities,17,5,12
S01013043,O P Q. Public administration education and health,40,10,30
S01013043,R S T U. Other,13,3,10
S01013043,Never worked,51,17,34
S01013044,All people aged 16 to 74 not in employment,248,99,149
S01013044,A B D E. Agriculture energy and water,4,2,2
S01013044,C. Manufacturing,22,10,12
S01013044,F. Construction,26,23,3
S01013044,G I. Distribution hotels and restaurants,49,16,33
S01013044,H J. Transport and communication,32,7,25
S01013044,K L M N. Financial real estate professional and administrative activities,24,6,18
S01013044,O P Q. Public administration education and health,41,11,30
S01013044,R S T U. Other,7,4,3
S01013044,Never worked,43,20,23
S01013045,All people aged 16 to 74 not in employment,144,47,97
S01013045,A B D E. Agriculture energy and water,3,3,0
S01013045,C. Manufacturing,11,6,5
S01013045,F. Construction,5,4,1
S01013045,G I. Distribution hotels and restaurants,25,9,16
S01013045,H J. Transport and communication,16,5,11
S01013045,K L M N. Financial real estate professional and administrative activities,14,5,9
S01013045,O P Q. Public administration education and health,40,3,37
S01013045,R S T U. Other,3,1,2
S01013045,Never worked,27,11,16
S01013046,All people aged 16 to 74 not in employment,158,78,80
S01013046,A B D E. Agriculture energy and water,4,4,0
S01013046,C. Manufacturing,12,10,2
S01013046,F. Construction,14,14,0
S01013046,G I. Distribution hotels and restaurants,35,17,18
S01013046,H J. Transport and communication,9,2,7
S01013046,K L M N. Financial real estate professional and administrative activities,19,6,13
S01013046,O P Q. Public administration education and health,27,8,19
S01013046,R S T U. Other,3,1,2
S01013046,Never worked,35,16,19
S01013047,All people aged 16 to 74 not in employment,147,66,81
S01013047,A B D E. Agriculture energy and water,0,0,0
S01013047,C. Manufacturing,12,8,4
S01013047,F. Construction,13,10,3
S01013047,G I. Distribution hotels and restaurants,29,11,18
S01013047,H J. Transport and communication,9,3,6
S01013047,K L M N. Financial real estate professional and administrative activities,16,8,8
S01013047,O P Q. Public administration education and health,32,5,27
S01013047,R S T U. Other,3,0,3
S01013047,Never worked,33,21,12
S01013048,All people aged 16 to 74 not in employment,136,65,71
S01013048,A B D E. Agriculture energy and water,7,6,1
S01013048,C. Manufacturing,12,7,5
S01013048,F. Construction,7,7,0
S01013048,G I. Distribution hotels and restaurants,32,15,17
S01013048,H J. Transport and communication,18,8,10
S01013048,K L M N. Financial real estate professional and administrative activities,14,6,8
S01013048,O P Q. Public administration education and health,27,9,18
S01013048,R S T U. Other,9,2,7
S01013048,Never worked,10,5,5
S01013049,All people aged 16 to 74 not in employment,199,92,107
S01013049,A B D E. Agriculture energy and water,6,5,1
S01013049,C. Manufacturing,13,11,2
S01013049,F. Construction,18,12,6
S01013049,G I. Distribution hotels and restaurants,37,13,24
S01013049,H J. Transport and communication,13,5,8
S01013049,K L M N. Financial real estate professional and administrative activities,15,7,8
S01013049,O P Q. Public administration education and health,66,19,47
S01013049,R S T U. Other,5,4,1
S01013049,Never worked,26,16,10
S01013050,All people aged 16 to 74 not in employment,280,130,150
S01013050,A B D E. Agriculture energy and water,10,8,2
S01013050,C. Manufacturing,24,13,11
S01013050,F. Construction,32,26,6
S01013050,G I. Distribution hotels and restaurants,46,17,29
S01013050,H J. Transport and communication,23,14,9
S01013050,K L M N. Financial real estate professional and administrative activities,25,7,18
S01013050,O P Q. Public administration education and health,63,16,47
S01013050,R S T U. Other,9,6,3
S01013050,Never worked,48,23,25
S01013051,All people aged 16 to 74 not in employment,251,114,137
S01013051,A B D E. Agriculture energy and water,15,12,3
S01013051,C. Manufacturing,19,14,5
S01013051,F. Construction,22,19,3
S01013051,G I. Distribution hotels and restaurants,52,17,35
S01013051,H J. Transport and communication,26,7,19
S01013051,K L M N. Financial real estate professional and administrative activities,15,6,9
S01013051,O P Q. Public administration education and health,57,20,37
S01013051,R S T U. Other,10,2,8
S01013051,Never worked,35,17,18
S01013052,All people aged 16 to 74 not in employment,202,81,121
S01013052,A B D E. Agriculture energy and water,1,0,1
S01013052,C. Manufacturing,15,9,6
S01013052,F. Construction,15,14,1
S01013052,G I. Distribution hotels and restaurants,36,18,18
S01013052,H J. Transport and communication,14,3,11
S01013052,K L M N. Financial real estate professional and administrative activities,21,9,12
S01013052,O P Q. Public administration education and health,55,11,44
S01013052,R S T U. Other,9,5,4
S01013052,Never worked,36,12,24
S01013053,All people aged 16 to 74 not in employment,204,96,108
S01013053,A B D E. Agriculture energy and water,4,3,1
S01013053,C. Manufacturing,15,8,7
S01013053,F. Construction,27,25,2
S01013053,G I. Distribution hotels and restaurants,39,17,22
S01013053,H J. Transport and communication,18,7,11
S01013053,K L M N. Financial real estate professional and administrative activities,16,9,7
S01013053,O P Q. Public administration education and health,43,6,37
S01013053,R S T U. Other,5,2,3
S01013053,Never worked,37,19,18
S01013054,All people aged 16 to 74 not in employment,172,76,96
S01013054,A B D E. Agriculture energy and water,5,5,0
S01013054,C. Manufacturing,11,7,4
S01013054,F. Construction,19,17,2
S01013054,G I. Distribution hotels and restaurants,28,16,12
S01013054,H J. Transport and communication,23,6,17
S01013054,K L M N. Financial real estate professional and administrative activities,14,4,10
S01013054,O P Q. Public administration education and health,46,9,37
S01013054,R S T U. Other,4,2,2
S01013054,Never worked,22,10,12
S01013055,All people aged 16 to 74 not in employment,206,91,115
S01013055,A B D E. Agriculture energy and water,6,6,0
S01013055,C. Manufacturing,16,14,2
S01013055,F. Construction,18,18,0
S01013055,G I. Distribution hotels and restaurants,41,13,28
S01013055,H J. Transport and communication,22,5,17
S01013055,K L M N. Financial real estate professional and administrative activities,24,10,14
S01013055,O P Q. Public administration education and health,39,7,32
S01013055,R S T U. Other,10,1,9
S01013055,Never worked,30,17,13
S01013056,All people aged 16 to 74 not in employment,256,116,140
S01013056,A B D E. Agriculture energy and water,9,7,2
S01013056,C. Manufacturing,20,14,6
S01013056,F. Construction,23,21,2
S01013056,G I. Distribution hotels and restaurants,42,18,24
S01013056,H J. Transport and communication,19,4,15
S01013056,K L M N. Financial real estate professional and administrative activities,16,8,8
S01013056,O P Q. Public administration education and health,69,21,48
S01013056,R S T U. Other,10,2,8
S01013056,Never worked,48,21,27
S01013057,All people aged 16 to 74 not in employment,289,126,163
S01013057,A B D E. Agriculture energy and water,5,5,0
S01013057,C. Manufacturing,20,14,6
S01013057,F. Construction,24,23,1
S01013057,G I. Distribution hotels and restaurants,54,20,34
S01013057,H J. Transport and communication,28,10,18
S01013057,K L M N. Financial real estate professional and administrative activities,33,17,16
S01013057,O P Q. Public administration education and health,55,10,45
S01013057,R S T U. Other,11,3,8
S01013057,Never worked,59,24,35
S01013058,All people aged 16 to 74 not in employment,76,34,42
S01013058,A B D E. Agriculture energy and water,1,1,0
S01013058,C. Manufacturing,6,4,2
S01013058,F. Construction,2,2,0
S01013058,G I. Distribution hotels and restaurants,7,2,5
S01013058,H J. Transport and communication,8,6,2
S01013058,K L M N. Financial real estate professional and administrative activities,6,2,4
S01013058,O P Q. Public administration education and health,22,3,19
S01013058,R S T U. Other,3,1,2
S01013058,Never worked,21,13,8
S01013059,All people aged 16 to 74 not in employment,214,87,127
S01013059,A B D E. Agriculture energy and water,7,5,2
S01013059,C. Manufacturing,15,7,8
S01013059,F. Construction,13,11,2
S01013059,G I. Distribution hotels and restaurants,30,16,14
S01013059,H J. Transport and communication,14,7,7
S01013059,K L M N. Financial real estate professional and administrative activities,26,6,20
S01013059,O P Q. Public administration education and health,81,20,61
S01013059,R S T U. Other,4,1,3
S01013059,Never worked,24,14,10
S01013060,All people aged 16 to 74 not in employment,145,63,82
S01013060,A B D E. Agriculture energy and water,2,0,2
S01013060,C. Manufacturing,10,8,2
S01013060,F. Construction,10,7,3
S01013060,G I. Distribution hotels and restaurants,12,7,5
S01013060,H J. Transport and communication,8,3,5
S01013060,K L M N. Financial real estate professional and administrative activities,14,7,7
S01013060,O P Q. Public administration education and health,52,12,40
S01013060,R S T U. Other,8,3,5
S01013060,Never worked,29,16,13
S01013061,All people aged 16 to 74 not in employment,224,101,123
S01013061,A B D E. Agriculture energy and water,4,4,0
S01013061,C. Manufacturing,18,11,7
S01013061,F. Construction,4,3,1
S01013061,G I. Distribution hotels and restaurants,26,13,13
S01013061,H J. Transport and communication,14,8,6
S01013061,K L M N. Financial real estate professional and administrative activities,41,21,20
S01013061,O P Q. Public administration education and health,91,27,64
S01013061,R S T U. Other,9,3,6
S01013061,Never worked,17,11,6
S01013062,All people aged 16 to 74 not in employment,199,76,123
S01013062,A B D E. Agriculture energy and water,3,1,2
S01013062,C. Manufacturing,10,7,3
S01013062,F. Construction,8,5,3
S01013062,G I. Distribution hotels and restaurants,14,3,11
S01013062,H J. Transport and communication,16,7,9
S01013062,K L M N. Financial real estate professional and administrative activities,35,14,21
S01013062,O P Q. Public administration education and health,73,17,56
S01013062,R S T U. Other,9,3,6
S01013062,Never worked,31,19,12
S01013063,All people aged 16 to 74 not in employment,213,87,126
S01013063,A B D E. Agriculture energy and water,5,4,1
S01013063,C. Manufacturing,14,9,5
S01013063,F. Construction,7,4,3
S01013063,G I. Distribution hotels and restaurants,17,3,14
S01013063,H J. Transport and communication,20,11,9
S01013063,K L M N. Financial real estate professional and administrative activities,35,13,22
S01013063,O P Q. Public administration education and health,74,23,51
S01013063,R S T U. Other,14,9,5
S01013063,Never worked,27,11,16
S01013064,All people aged 16 to 74 not in employment,255,112,143
S01013064,A B D E. Agriculture energy and water,5,5,0
S01013064,C. Manufacturing,20,11,9
S01013064,F. Construction,24,22,2
S01013064,G I. Distribution hotels and restaurants,59,21,38
S01013064,H J. Transport and communication,21,11,10
S01013064,K L M N. Financial real estate professional and administrative activities,23,4,19
S01013064,O P Q. Public administration education and health,57,16,41
S01013064,R S T U. Other,12,3,9
S01013064,Never worked,34,19,15
S01013065,All people aged 16 to 74 not in employment,270,124,146
S01013065,A B D E. Agriculture energy and water,11,9,2
S01013065,C. Manufacturing,15,10,5
S01013065,F. Construction,25,23,2
S01013065,G I. Distribution hotels and restaurants,46,22,24
S01013065,H J. Transport and communication,31,8,23
S01013065,K L M N. Financial real estate professional and administrative activities,20,9,11
S01013065,O P Q. Public administration education and health,64,19,45
S01013065,R S T U. Other,11,3,8
S01013065,Never worked,47,21,26
S01013066,All people aged 16 to 74 not in employment,187,89,98
S01013066,A B D E. Agriculture energy and water,6,4,2
S01013066,C. Manufacturing,8,5,3
S01013066,F. Construction,22,21,1
S01013066,G I. Distribution hotels and restaurants,38,15,23
S01013066,H J. Transport and communication,22,9,13
S01013066,K L M N. Financial real estate professional and administrative activities,21,5,16
S01013066,O P Q. Public administration education and health,31,7,24
S01013066,R S T U. Other,5,2,3
S01013066,Never worked,34,21,13
S01013067,All people aged 16 to 74 not in employment,344,171,173
S01013067,A B D E. Agriculture energy and water,3,1,2
S01013067,C. Manufacturing,11,7,4
S01013067,F. Construction,13,13,0
S01013067,G I. Distribution hotels and restaurants,55,28,27
S01013067,H J. Transport and communication,61,26,35
S01013067,K L M N. Financial real estate professional and administrative activities,35,17,18
S01013067,O P Q. Public administration education and health,48,18,30
S01013067,R S T U. Other,16,12,4
S01013067,Never worked,102,49,53
S01013068,All people aged 16 to 74 not in employment,298,140,158
S01013068,A B D E. Agriculture energy and water,7,7,0
S01013068,C. Manufacturing,15,9,6
S01013068,F. Construction,28,28,0
S01013068,G I. Distribution hotels and restaurants,57,22,35
S01013068,H J. Transport and communication,36,15,21
S01013068,K L M N. Financial real estate professional and administrative activities,24,8,16
S01013068,O P Q. Public administration education and health,43,17,26
S01013068,R S T U. Other,25,13,12
S01013068,Never worked,63,21,42
S01013069,All people aged 16 to 74 not in employment,292,158,134
S01013069,A B D E. Agriculture energy and water,6,4,2
S01013069,C. Manufacturing,13,7,6
S01013069,F. Construction,8,7,1
S01013069,G I. Distribution hotels and restaurants,49,29,20
S01013069,H J. Transport and communication,47,24,23
S01013069,K L M N. Financial real estate professional and administrative activities,24,7,17
S01013069,O P Q. Public administration education and health,43,26,17
S01013069,R S T U. Other,10,4,6
S01013069,Never worked,92,50,42
S01013070,All people aged 16 to 74 not in employment,282,137,145
S01013070,A B D E. Agriculture energy and water,8,7,1
S01013070,C. Manufacturing,6,3,3
S01013070,F. Construction,7,7,0
S01013070,G I. Distribution hotels and restaurants,44,19,25
S01013070,H J. Transport and communication,28,14,14
S01013070,K L M N. Financial real estate professional and administrative activities,24,12,12
S01013070,O P Q. Public administration education and health,30,13,17
S01013070,R S T U. Other,16,10,6
S01013070,Never worked,119,52,67
S01013071,All people aged 16 to 74 not in employment,446,236,210
S01013071,A B D E. Agriculture energy and water,4,2,2
S01013071,C. Manufacturing,13,8,5
S01013071,F. Construction,7,7,0
S01013071,G I. Distribution hotels and restaurants,86,45,41
S01013071,H J. Transport and communication,86,45,41
S01013071,K L M N. Financial real estate professional and administrative activities,30,16,14
S01013071,O P Q. Public administration education and health,45,17,28
S01013071,R S T U. Other,22,15,7
S01013071,Never worked,153,81,72
S01013072,All people aged 16 to 74 not in employment,204,102,102
S01013072,A B D E. Agriculture energy and water,15,14,1
S01013072,C. Manufacturing,14,10,4
S01013072,F. Construction,17,17,0
S01013072,G I. Distribution hotels and restaurants,31,15,16
S01013072,H J. Transport and communication,16,5,11
S01013072,K L M N. Financial real estate professional and administrative activities,18,8,10
S01013072,O P Q. Public administration education and health,43,10,33
S01013072,R S T U. Other,7,1,6
S01013072,Never worked,43,22,21
S01013073,All people aged 16 to 74 not in employment,241,98,143
S01013073,A B D E. Agriculture energy and water,2,1,1
S01013073,C. Manufacturing,13,6,7
S01013073,F. Construction,19,19,0
S01013073,G I. Distribution hotels and restaurants,42,22,20
S01013073,H J. Transport and communication,26,5,21
S01013073,K L M N. Financial real estate professional and administrative activities,19,7,12
S01013073,O P Q. Public administration education and health,39,4,35
S01013073,R S T U. Other,12,5,7
S01013073,Never worked,69,29,40
S01013074,All people aged 16 to 74 not in employment,245,114,131
S01013074,A B D E. Agriculture energy and water,8,8,0
S01013074,C. Manufacturing,18,11,7
S01013074,F. Construction,22,22,0
S01013074,G I. Distribution hotels and restaurants,35,14,21
S01013074,H J. Transport and communication,26,9,17
S01013074,K L M N. Financial real estate professional and administrative activities,20,10,10
S01013074,O P Q. Public administration education and health,42,9,33
S01013074,R S T U. Other,10,4,6
S01013074,Never worked,64,27,37
S01013075,All people aged 16 to 74 not in employment,363,182,181
S01013075,A B D E. Agriculture energy and water,16,15,1
S01013075,C. Manufacturing,23,16,7
S01013075,F. Construction,42,41,1
S01013075,G I. Distribution hotels and restaurants,50,23,27
S01013075,H J. Transport and communication,34,11,23
S01013075,K L M N. Financial real estate professional and administrative activities,28,9,19
S01013075,O P Q. Public administration education and health,76,27,49
S01013075,R S T U. Other,23,13,10
S01013075,Never worked,71,27,44
S01013076,All people aged 16 to 74 not in employment,320,138,182
S01013076,A B D E. Agriculture energy and water,4,2,2
S01013076,C. Manufacturing,10,6,4
S01013076,F. Construction,3,1,2
S01013076,G I. Distribution hotels and restaurants,52,18,34
S01013076,H J. Transport and communication,40,18,22
S01013076,K L M N. Financial real estate professional and administrative activities,27,14,13
S01013076,O P Q. Public administration education and health,37,15,22
S01013076,R S T U. Other,17,8,9
S01013076,Never worked,130,56,74
S01013077,All people aged 16 to 74 not in employment,244,105,139
S01013077,A B D E. Agriculture energy and water,7,5,2
S01013077,C. Manufacturing,19,11,8
S01013077,F. Construction,26,20,6
S01013077,G I. Distribution hotels and restaurants,48,26,22
S01013077,H J. Transport and communication,33,6,27
S01013077,K L M N. Financial real estate professional and administrative activities,18,6,12
S01013077,O P Q. Public administration education and health,51,16,35
S01013077,R S T U. Other,3,1,2
S01013077,Never worked,39,14,25
S01013078,All people aged 16 to 74 not in employment,196,88,108
S01013078,A B D E. Agriculture energy and water,8,7,1
S01013078,C. Manufacturing,19,12,7
S01013078,F. Construction,17,15,2
S01013078,G I. Distribution hotels and restaurants,29,13,16
S01013078,H J. Transport and communication,16,5,11
S01013078,K L M N. Financial real estate professional and administrative activities,18,7,11
S01013078,O P Q. Public administration education and health,35,8,27
S01013078,R S T U. Other,12,5,7
S01013078,Never worked,42,16,26
S01013079,All people aged 16 to 74 not in employment,423,84,339
S01013079,A B D E. Agriculture energy and water,4,3,1
S01013079,C. Manufacturing,17,4,13
S01013079,F. Construction,10,6,4
S01013079,G I. Distribution hotels and restaurants,38,5,33
S01013079,H J. Transport and communication,70,11,59
S01013079,K L M N. Financial real estate professional and administrative activities,51,13,38
S01013079,O P Q. Public administration education and health,67,12,55
S01013079,R S T U. Other,20,5,15
S01013079,Never worked,146,25,121
S01013080,All people aged 16 to 74 not in employment,238,116,122
S01013080,A B D E. Agriculture energy and water,5,3,2
S01013080,C. Manufacturing,9,6,3
S01013080,F. Construction,10,9,1
S01013080,G I. Distribution hotels and restaurants,40,13,27
S01013080,H J. Transport and communication,33,16,17
S01013080,K L M N. Financial real estate professional and administrative activities,22,13,9
S01013080,O P Q. Public administration education and health,63,25,38
S01013080,R S T U. Other,8,2,6
S01013080,Never worked,48,29,19
S01013081,All people aged 16 to 74 not in employment,172,65,107
S01013081,A B D E. Agriculture energy and water,4,2,2
S01013081,C. Manufacturing,10,8,2
S01013081,F. Construction,7,5,2
S01013081,G I. Distribution hotels and restaurants,21,8,13
S01013081,H J. Transport and communication,16,6,10
S01013081,K L M N. Financial real estate professional and administrative activities,18,3,15
S01013081,O P Q. Public administration education and health,79,23,56
S01013081,R S T U. Other,6,2,4
S01013081,Never worked,11,8,3
S01013082,All people aged 16 to 74 not in employment,226,102,124
S01013082,A B D E. Agriculture energy and water,3,1,2
S01013082,C. Manufacturing,19,14,5
S01013082,F. Construction,7,7,0
S01013082,G I. Distribution hotels and restaurants,42,21,21
S01013082,H J. Transport and communication,19,9,10
S01013082,K L M N. Financial real estate professional and administrative activities,26,11,15
S01013082,O P Q. Public administration education and health,81,26,55
S01013082,R S T U. Other,10,3,7
S01013082,Never worked,19,10,9
S01013083,All people aged 16 to 74 not in employment,1438,651,787
S01013083,A B D E. Agriculture energy and water,15,11,4
S01013083,C. Manufacturing,29,16,13
S01013083,F. Construction,17,14,3
S01013083,G I. Distribution hotels and restaurants,325,137,188
S01013083,H J. Transport and communication,297,124,173
S01013083,K L M N. Financial real estate professional and administrative activities,75,32,43
S01013083,O P Q. Public administration education and health,167,58,109
S01013083,R S T U. Other,97,58,39
S01013083,Never worked,416,201,215
S01013084,All people aged 16 to 74 not in employment,178,70,108
S01013084,A B D E. Agriculture energy and water,4,1,3
S01013084,C. Manufacturing,14,9,5
S01013084,F. Construction,9,8,1
S01013084,G I. Distribution hotels and restaurants,26,11,15
S01013084,H J. Transport and communication,14,7,7
S01013084,K L M N. Financial real estate professional and administrative activities,15,4,11
S01013084,O P Q. Public administration education and health,79,23,56
S01013084,R S T U. Other,3,0,3
S01013084,Never worked,14,7,7
S01013085,All people aged 16 to 74 not in employment,282,112,170
S01013085,A B D E. Agriculture energy and water,3,2,1
S01013085,C. Manufacturing,10,4,6
S01013085,F. Construction,3,3,0
S01013085,G I. Distribution hotels and restaurants,30,9,21
S01013085,H J. Transport and communication,28,17,11
S01013085,K L M N. Financial real estate professional and administrative activities,27,11,16
S01013085,O P Q. Public administration education and health,55,13,42
S01013085,R S T U. Other,10,3,7
S01013085,Never worked,116,50,66
S01013086,All people aged 16 to 74 not in employment,235,99,136
S01013086,A B D E. Agriculture energy and water,9,7,2
S01013086,C. Manufacturing,7,4,3
S01013086,F. Construction,3,2,1
S01013086,G I. Distribution hotels and restaurants,30,13,17
S01013086,H J. Transport and communication,27,14,13
S01013086,K L M N. Financial real estate professional and administrative activities,31,16,15
S01013086,O P Q. Public administration education and health,66,18,48
S01013086,R S T U. Other,12,2,10
S01013086,Never worked,50,23,27
S01013087,All people aged 16 to 74 not in employment,261,105,156
S01013087,A B D E. Agriculture energy and water,1,1,0
S01013087,C. Manufacturing,16,12,4
S01013087,F. Construction,7,4,3
S01013087,G I. Distribution hotels and restaurants,33,17,16
S01013087,H J. Transport and communication,24,11,13
S01013087,K L M N. Financial real estate professional and administrative activities,41,18,23
S01013087,O P Q. Public administration education and health,75,22,53
S01013087,R S T U. Other,3,0,3
S01013087,Never worked,61,20,41
S01013088,All people aged 16 to 74 not in employment,262,111,151
S01013088,A B D E. Agriculture energy and water,3,2,1
S01013088,C. Manufacturing,19,14,5
S01013088,F. Construction,7,5,2
S01013088,G I. Distribution hotels and restaurants,30,13,17
S01013088,H J. Transport and communication,14,6,8
S01013088,K L M N. Financial real estate professional and administrative activities,49,21,28
S01013088,O P Q. Public administration education and health,89,26,63
S01013088,R S T U. Other,11,3,8
S01013088,Never worked,40,21,19
S01013089,All people aged 16 to 74 not in employment,225,88,137
S01013089,A B D E. Agriculture energy and water,5,4,1
S01013089,C. Manufacturing,24,9,15
S01013089,F. Construction,12,11,1
S01013089,G I. Distribution hotels and restaurants,34,12,22
S01013089,H J. Transport and communication,20,7,13
S01013089,K L M N. Financial real estate professional and administrative activities,22,11,11
S01013089,O P Q. Public administration education and health,66,23,43
S01013089,R S T U. Other,8,1,7
S01013089,Never worked,34,10,24
S01013090,All people aged 16 to 74 not in employment,225,111,114
S01013090,A B D E. Agriculture energy and water,6,3,3
S01013090,C. Manufacturing,13,10,3
S01013090,F. Construction,11,10,1
S01013090,G I. Distribution hotels and restaurants,45,22,23
S01013090,H J. Transport and communication,31,13,18
S01013090,K L M N. Financial real estate professional and administrative activities,17,5,12
S01013090,O P Q. Public administration education and health,37,9,28
S01013090,R S T U. Other,9,3,6
S01013090,Never worked,56,36,20
S01013091,All people aged 16 to 74 not in employment,163,88,75
S01013091,A B D E. Agriculture energy and water,0,0,0
S01013091,C. Manufacturing,5,5,0
S01013091,F. Construction,5,5,0
S01013091,G I. Distribution hotels and restaurants,22,12,10
S01013091,H J. Transport and communication,33,19,14
S01013091,K L M N. Financial real estate professional and administrative activities,17,9,8
S01013091,O P Q. Public administration education and health,19,6,13
S01013091,R S T U. Other,7,3,4
S01013091,Never worked,55,29,26
S01013092,All people aged 16 to 74 not in employment,235,98,137
S01013092,A B D E. Agriculture energy and water,2,2,0
S01013092,C. Manufacturing,20,11,9
S01013092,F. Construction,7,6,1
S01013092,G I. Distribution hotels and restaurants,34,13,21
S01013092,H J. Transport and communication,16,3,13
S01013092,K L M N. Financial real estate professional and administrative activities,29,11,18
S01013092,O P Q. Public administration education and health,60,16,44
S01013092,R S T U. Other,11,3,8
S01013092,Never worked,56,33,23
S01013093,All people aged 16 to 74 not in employment,128,50,78
S01013093,A B D E. Agriculture energy and water,3,3,0
S01013093,C. Manufacturing,7,6,1
S01013093,F. Construction,7,7,0
S01013093,G I. Distribution hotels and restaurants,23,9,14
S01013093,H J. Transport and communication,7,3,4
S01013093,K L M N. Financial real estate professional and administrative activities,12,3,9
S01013093,O P Q. Public administration education and health,52,13,39
S01013093,R S T U. Other,4,0,4
S01013093,Never worked,13,6,7
S01013094,All people aged 16 to 74 not in employment,172,76,96
S01013094,A B D E. Agriculture energy and water,0,0,0
S01013094,C. Manufacturing,16,10,6
S01013094,F. Construction,11,9,2
S01013094,G I. Distribution hotels and restaurants,18,3,15
S01013094,H J. Transport and communication,9,5,4
S01013094,K L M N. Financial real estate professional and administrative activities,24,15,9
S01013094,O P Q. Public administration education and health,62,17,45
S01013094,R S T U. Other,9,1,8
S01013094,Never worked,23,16,7
S01013095,All people aged 16 to 74 not in employment,192,69,123
S01013095,A B D E. Agriculture energy and water,2,2,0
S01013095,C. Manufacturing,15,13,2
S01013095,F. Construction,3,2,1
S01013095,G I. Distribution hotels and restaurants,23,6,17
S01013095,H J. Transport and communication,12,4,8
S01013095,K L M N. Financial real estate professional and administrative activities,27,9,18
S01013095,O P Q. Public administration education and health,70,13,57
S01013095,R S T U. Other,6,1,5
S01013095,Never worked,34,19,15
S01013096,All people aged 16 to 74 not in employment,180,79,101
S01013096,A B D E. Agriculture energy and water,5,3,2
S01013096,C. Manufacturing,15,13,2
S01013096,F. Construction,6,6,0
S01013096,G I. Distribution hotels and restaurants,18,9,9
S01013096,H J. Transport and communication,18,4,14
S01013096,K L M N. Financial real estate professional and administrative activities,10,2,8
S01013096,O P Q. Public administration education and health,33,6,27
S01013096,R S T U. Other,3,0,3
S01013096,Never worked,72,36,36
S01013097,All people aged 16 to 74 not in employment,124,46,78
S01013097,A B D E. Agriculture energy and water,2,1,1
S01013097,C. Manufacturing,7,5,2
S01013097,F. Construction,4,3,1
S01013097,G I. Distribution hotels and restaurants,16,6,10
S01013097,H J. Transport and communication,10,4,6
S01013097,K L M N. Financial real estate professional and administrative activities,14,5,9
S01013097,O P Q. Public administration education and health,47,11,36
S01013097,R S T U. Other,10,2,8
S01013097,Never worked,14,9,5
S01013098,All people aged 16 to 74 not in employment,93,25,68
S01013098,A B D E. Agriculture energy and water,1,0,1
S01013098,C. Manufacturing,6,2,4
S01013098,F. Construction,2,1,1
S01013098,G I. Distribution hotels and restaurants,15,4,11
S01013098,H J. Transport and communication,6,0,6
S01013098,K L M N. Financial real estate professional and administrative activities,16,2,14
S01013098,O P Q. Public administration education and health,23,2,21
S01013098,R S T U. Other,3,1,2
S01013098,Never worked,21,13,8
S01013099,All people aged 16 to 74 not in employment,226,99,127
S01013099,A B D E. Agriculture energy and water,6,6,0
S01013099,C. Manufacturing,11,7,4
S01013099,F. Construction,13,13,0
S01013099,G I. Distribution hotels and restaurants,32,12,20
S01013099,H J. Transport and communication,17,4,13
S01013099,K L M N. Financial real estate professional and administrative activities,34,14,20
S01013099,O P Q. Public administration education and health,77,24,53
S01013099,R S T U. Other,8,3,5
S01013099,Never worked,28,16,12
S01013100,All people aged 16 to 74 not in employment,181,68,113
S01013100,A B D E. Agriculture energy and water,6,6,0
S01013100,C. Manufacturing,17,9,8
S01013100,F. Construction,6,3,3
S01013100,G I. Distribution hotels and restaurants,19,9,10
S01013100,H J. Transport and communication,8,2,6
S01013100,K L M N. Financial real estate professional and administrative activities,26,11,15
S01013100,O P Q. Public administration education and health,68,12,56
S01013100,R S T U. Other,6,1,5
S01013100,Never worked,25,15,10
S01013101,All people aged 16 to 74 not in employment,289,131,158
S01013101,A B D E. Agriculture energy and water,8,8,0
S01013101,C. Manufacturing,12,8,4
S01013101,F. Construction,24,20,4
S01013101,G I. Distribution hotels and restaurants,47,26,21
S01013101,H J. Transport and communication,34,17,17
S01013101,K L M N. Financial real estate professional and administrative activities,35,13,22
S01013101,O P Q. Public administration education and health,76,20,56
S01013101,R S T U. Other,10,5,5
S01013101,Never worked,43,14,29
S01013102,All people aged 16 to 74 not in employment,154,61,93
S01013102,A B D E. Agriculture energy and water,4,3,1
S01013102,C. Manufacturing,11,6,5
S01013102,F. Construction,4,4,0
S01013102,G I. Distribution hotels and restaurants,23,9,14
S01013102,H J. Transport and communication,13,4,9
S01013102,K L M N. Financial real estate professional and administrative activities,19,10,9
S01013102,O P Q. Public administration education and health,62,15,47
S01013102,R S T U. Other,5,4,1
S01013102,Never worked,13,6,7
S01013103,All people aged 16 to 74 not in employment,158,68,90
S01013103,A B D E. Agriculture energy and water,2,2,0
S01013103,C. Manufacturing,6,5,1
S01013103,F. Construction,5,4,1
S01013103,G I. Distribution hotels and restaurants,20,5,15
S01013103,H J. Transport and communication,6,3,3
S01013103,K L M N. Financial real estate professional and administrative activities,15,8,7
S01013103,O P Q. Public administration education and health,68,19,49
S01013103,R S T U. Other,6,2,4
S01013103,Never worked,30,20,10
S01013104,All people aged 16 to 74 not in employment,244,99,145
S01013104,A B D E. Agriculture energy and water,6,5,1
S01013104,C. Manufacturing,12,8,4
S01013104,F. Construction,17,13,4
S01013104,G I. Distribution hotels and restaurants,32,9,23
S01013104,H J. Transport and communication,19,7,12
S01013104,K L M N. Financial real estate professional and administrative activities,33,16,17
S01013104,O P Q. Public administration education and health,87,24,63
S01013104,R S T U. Other,10,3,7
S01013104,Never worked,28,14,14
S01013105,All people aged 16 to 74 not in employment,240,102,138
S01013105,A B D E. Agriculture energy and water,3,3,0
S01013105,C. Manufacturing,11,8,3
S01013105,F. Construction,12,10,2
S01013105,G I. Distribution hotels and restaurants,29,13,16
S01013105,H J. Transport and communication,20,9,11
S01013105,K L M N. Financial real estate professional and administrative activities,45,16,29
S01013105,O P Q. Public administration education and health,82,23,59
S01013105,R S T U. Other,9,2,7
S01013105,Never worked,29,18,11
S01013106,All people aged 16 to 74 not in employment,171,70,101
S01013106,A B D E. Agriculture energy and water,5,4,1
S01013106,C. Manufacturing,6,1,5
S01013106,F. Construction,15,15,0
S01013106,G I. Distribution hotels and restaurants,27,9,18
S01013106,H J. Transport and communication,15,3,12
S01013106,K L M N. Financial real estate professional and administrative activities,11,4,7
S01013106,O P Q. Public administration education and health,55,20,35
S01013106,R S T U. Other,12,3,9
S01013106,Never worked,25,11,14
S01013107,All people aged 16 to 74 not in employment,175,89,86
S01013107,A B D E. Agriculture energy and water,12,11,1
S01013107,C. Manufacturing,8,5,3
S01013107,F. Construction,12,8,4
S01013107,G I. Distribution hotels and restaurants,28,15,13
S01013107,H J. Transport and communication,11,3,8
S01013107,K L M N. Financial real estate professional and administrative activities,26,16,10
S01013107,O P Q. Public administration education and health,54,15,39
S01013107,R S T U. Other,5,3,2
S01013107,Never worked,19,13,6
S01013108,All people aged 16 to 74 not in employment,180,73,107
S01013108,A B D E. Agriculture energy and water,10,9,1
S01013108,C. Manufacturing,12,7,5
S01013108,F. Construction,8,8,0
S01013108,G I. Distribution hotels and restaurants,29,12,17
S01013108,H J. Transport and communication,20,7,13
S01013108,K L M N. Financial real estate professional and administrative activities,18,7,11
S01013108,O P Q. Public administration education and health,57,12,45
S01013108,R S T U. Other,9,2,7
S01013108,Never worked,17,9,8
S01013109,All people aged 16 to 74 not in employment,252,114,138
S01013109,A B D E. Agriculture energy and water,13,8,5
S01013109,C. Manufacturing,12,7,5
S01013109,F. Construction,12,11,1
S01013109,G I. Distribution hotels and restaurants,21,12,9
S01013109,H J. Transport and communication,26,11,15
S01013109,K L M N. Financial real estate professional and administrative activities,22,8,14
S01013109,O P Q. Public administration education and health,69,12,57
S01013109,R S T U. Other,7,0,7
S01013109,Never worked,70,45,25
S01013110,All people aged 16 to 74 not in employment,138,55,83
S01013110,A B D E. Agriculture energy and water,3,2,1
S01013110,C. Manufacturing,9,7,2
S01013110,F. Construction,6,5,1
S01013110,G I. Distribution hotels and restaurants,21,8,13
S01013110,H J. Transport and communication,19,6,13
S01013110,K L M N. Financial real estate professional and administrative activities,16,7,9
S01013110,O P Q. Public administration education and health,37,10,27
S01013110,R S T U. Other,8,1,7
S01013110,Never worked,19,9,10
S01013111,All people aged 16 to 74 not in employment,116,51,65
S01013111,A B D E. Agriculture energy and water,8,6,2
S01013111,C. Manufacturing,2,1,1
S01013111,F. Construction,6,6,0
S01013111,G I. Distribution hotels and restaurants,15,9,6
S01013111,H J. Transport and communication,16,4,12
S01013111,K L M N. Financial real estate professional and administrative activities,15,7,8
S01013111,O P Q. Public administration education and health,34,9,25
S01013111,R S T U. Other,4,0,4
S01013111,Never worked,16,9,7
S01013112,All people aged 16 to 74 not in employment,147,60,87
S01013112,A B D E. Agriculture energy and water,5,4,1
S01013112,C. Manufacturing,6,5,1
S01013112,F. Construction,10,8,2
S01013112,G I. Distribution hotels and restaurants,23,9,14
S01013112,H J. Transport and communication,28,10,18
S01013112,K L M N. Financial real estate professional and administrative activities,16,7,9
S01013112,O P Q. Public administration education and health,36,6,30
S01013112,R S T U. Other,5,3,2
S01013112,Never worked,18,8,10
S01013113,All people aged 16 to 74 not in employment,224,99,125
S01013113,A B D E. Agriculture energy and water,12,10,2
S01013113,C. Manufacturing,17,11,6
S01013113,F. Construction,11,11,0
S01013113,G I. Distribution hotels and restaurants,36,12,24
S01013113,H J. Transport and communication,25,9,16
S01013113,K L M N. Financial real estate professional and administrative activities,25,11,14
S01013113,O P Q. Public administration education and health,60,18,42
S01013113,R S T U. Other,11,5,6
S01013113,Never worked,27,12,15
S01013114,All people aged 16 to 74 not in employment,203,90,113
S01013114,A B D E. Agriculture energy and water,11,8,3
S01013114,C. Manufacturing,8,5,3
S01013114,F. Construction,15,13,2
S01013114,G I. Distribution hotels and restaurants,26,9,17
S01013114,H J. Transport and communication,31,12,19
S01013114,K L M N. Financial real estate professional and administrative activities,31,16,15
S01013114,O P Q. Public administration education and health,50,12,38
S01013114,R S T U. Other,6,3,3
S01013114,Never worked,25,12,13
S01013115,All people aged 16 to 74 not in employment,159,70,89
S01013115,A B D E. Agriculture energy and water,5,5,0
S01013115,C. Manufacturing,9,6,3
S01013115,F. Construction,8,7,1
S01013115,G I. Distribution hotels and restaurants,37,18,19
S01013115,H J. Transport and communication,26,9,17
S01013115,K L M N. Financial real estate professional and administrative activities,14,7,7
S01013115,O P Q. Public administration education and health,42,8,34
S01013115,R S T U. Other,5,2,3
S01013115,Never worked,13,8,5
S01013116,All people aged 16 to 74 not in employment,220,88,132
S01013116,A B D E. Agriculture energy and water,11,7,4
S01013116,C. Manufacturing,11,6,5
S01013116,F. Construction,9,8,1
S01013116,G I. Distribution hotels and restaurants,38,12,26
S01013116,H J. Transport and communication,24,12,12
S01013116,K L M N. Financial real estate professional and administrative activities,30,15,15
S01013116,O P Q. Public administration education and health,71,19,52
S01013116,R S T U. Other,9,3,6
S01013116,Never worked,17,6,11
S01013117,All people aged 16 to 74 not in employment,119,48,71
S01013117,A B D E. Agriculture energy and water,7,5,2
S01013117,C. Manufacturing,2,1,1
S01013117,F. Construction,8,8,0
S01013117,G I. Distribution hotels and restaurants,24,7,17
S01013117,H J. Transport and communication,21,6,15
S01013117,K L M N. Financial real estate professional and administrative activities,11,3,8
S01013117,O P Q. Public administration education and health,23,4,19
S01013117,R S T U. Other,6,3,3
S01013117,Never worked,17,11,6
S01013118,All people aged 16 to 74 not in employment,105,47,58
S01013118,A B D E. Agriculture energy and water,6,6,0
S01013118,C. Manufacturing,10,7,3
S01013118,F. Construction,2,2,0
S01013118,G I. Distribution hotels and restaurants,15,7,8
S01013118,H J. Transport and communication,15,4,11
S01013118,K L M N. Financial real estate professional and administrative activities,9,4,5
S01013118,O P Q. Public administration education and health,31,9,22
S01013118,R S T U. Other,5,2,3
S01013118,Never worked,12,6,6
S01013119,All people aged 16 to 74 not in employment,214,93,121
S01013119,A B D E. Agriculture energy and water,4,2,2
S01013119,C. Manufacturing,23,15,8
S01013119,F. Construction,10,9,1
S01013119,G I. Distribution hotels and restaurants,28,13,15
S01013119,H J. Transport and communication,28,8,20
S01013119,K L M N. Financial real estate professional and administrative activities,18,10,8
S01013119,O P Q. Public administration education and health,71,25,46
S01013119,R S T U. Other,11,4,7
S01013119,Never worked,21,7,14
S01013120,All people aged 16 to 74 not in employment,205,95,110
S01013120,A B D E. Agriculture energy and water,6,5,1
S01013120,C. Manufacturing,9,7,2
S01013120,F. Construction,7,6,1
S01013120,G I. Distribution hotels and restaurants,43,18,25
S01013120,H J. Transport and communication,33,16,17
S01013120,K L M N. Financial real estate professional and administrative activities,20,8,12
S01013120,O P Q. Public administration education and health,49,14,35
S01013120,R S T U. Other,15,9,6
S01013120,Never worked,23,12,11
S01013121,All people aged 16 to 74 not in employment,88,40,48
S01013121,A B D E. Agriculture energy and water,5,4,1
S01013121,C. Manufacturing,2,2,0
S01013121,F. Construction,9,8,1
S01013121,G I. Distribution hotels and restaurants,20,8,12
S01013121,H J. Transport and communication,25,6,19
S01013121,K L M N. Financial real estate professional and administrative activities,4,2,2
S01013121,O P Q. Public administration education and health,15,5,10
S01013121,R S T U. Other,0,0,0
S01013121,Never worked,8,5,3
S01013122,All people aged 16 to 74 not in employment,228,139,89
S01013122,A B D E. Agriculture energy and water,5,5,0
S01013122,C. Manufacturing,26,19,7
S01013122,F. Construction,23,23,0
S01013122,G I. Distribution hotels and restaurants,39,26,13
S01013122,H J. Transport and communication,20,9,11
S01013122,K L M N. Financial real estate professional and administrative activities,23,17,6
S01013122,O P Q. Public administration education and health,36,11,25
S01013122,R S T U. Other,10,5,5
S01013122,Never worked,46,24,22
S01013123,All people aged 16 to 74 not in employment,237,111,126
S01013123,A B D E. Agriculture energy and water,1,1,0
S01013123,C. Manufacturing,20,14,6
S01013123,F. Construction,24,23,1
S01013123,G I. Distribution hotels and restaurants,41,21,20
S01013123,H J. Transport and communication,22,7,15
S01013123,K L M N. Financial real estate professional and administrative activities,24,11,13
S01013123,O P Q. Public administration education and health,54,8,46
S01013123,R S T U. Other,11,7,4
S01013123,Never worked,40,19,21
S01013124,All people aged 16 to 74 not in employment,205,98,107
S01013124,A B D E. Agriculture energy and water,5,3,2
S01013124,C. Manufacturing,23,17,6
S01013124,F. Construction,15,15,0
S01013124,G I. Distribution hotels and restaurants,35,17,18
S01013124,H J. Transport and communication,14,1,13
S01013124,K L M N. Financial real estate professional and administrative activities,13,6,7
S01013124,O P Q. Public administration education and health,56,15,41
S01013124,R S T U. Other,4,2,2
S01013124,Never worked,40,22,18
S01013125,All people aged 16 to 74 not in employment,266,115,151
S01013125,A B D E. Agriculture energy and water,5,2,3
S01013125,C. Manufacturing,34,25,9
S01013125,F. Construction,18,17,1
S01013125,G I. Distribution hotels and restaurants,48,21,27
S01013125,H J. Transport and communication,16,2,14
S01013125,K L M N. Financial real estate professional and administrative activities,26,13,13
S01013125,O P Q. Public administration education and health,70,16,54
S01013125,R S T U. Other,6,2,4
S01013125,Never worked,43,17,26
S01013126,All people aged 16 to 74 not in employment,283,134,149
S01013126,A B D E. Agriculture energy and water,5,3,2
S01013126,C. Manufacturing,27,19,8
S01013126,F. Construction,28,27,1
S01013126,G I. Distribution hotels and restaurants,53,24,29
S01013126,H J. Transport and communication,26,4,22
S01013126,K L M N. Financial real estate professional and administrative activities,30,17,13
S01013126,O P Q. Public administration education and health,36,4,32
S01013126,R S T U. Other,13,6,7
S01013126,Never worked,65,30,35
S01013127,All people aged 16 to 74 not in employment,315,119,196
S01013127,A B D E. Agriculture energy and water,5,5,0
S01013127,C. Manufacturing,44,25,19
S01013127,F. Construction,25,22,3
S01013127,G I. Distribution hotels and restaurants,64,16,48
S01013127,H J. Transport and communication,31,3,28
S01013127,K L M N. Financial real estate professional and administrative activities,25,8,17
S01013127,O P Q. Public administration education and health,49,10,39
S01013127,R S T U. Other,9,1,8
S01013127,Never worked,63,29,34
S01013128,All people aged 16 to 74 not in employment,196,109,87
S01013128,A B D E. Agriculture energy and water,3,3,0
S01013128,C. Manufacturing,24,18,6
S01013128,F. Construction,23,20,3
S01013128,G I. Distribution hotels and restaurants,34,17,17
S01013128,H J. Transport and communication,15,5,10
S01013128,K L M N. Financial real estate professional and administrative activities,15,9,6
S01013128,O P Q. Public administration education and health,41,13,28
S01013128,R S T U. Other,12,7,5
S01013128,Never worked,29,17,12
S01013129,All people aged 16 to 74 not in employment,344,137,207
S01013129,A B D E. Agriculture energy and water,2,1,1
S01013129,C. Manufacturing,37,28,9
S01013129,F. Construction,30,26,4
S01013129,G I. Distribution hotels and restaurants,54,14,40
S01013129,H J. Transport and communication,26,8,18
S01013129,K L M N. Financial real estate professional and administrative activities,47,18,29
S01013129,O P Q. Public administration education and health,80,18,62
S01013129,R S T U. Other,12,3,9
S01013129,Never worked,56,21,35
S01013130,All people aged 16 to 74 not in employment,246,91,155
S01013130,A B D E. Agriculture energy and water,2,2,0
S01013130,C. Manufacturing,21,15,6
S01013130,F. Construction,13,10,3
S01013130,G I. Distribution hotels and restaurants,60,16,44
S01013130,H J. Transport and communication,19,5,14
S01013130,K L M N. Financial real estate professional and administrative activities,10,5,5
S01013130,O P Q. Public administration education and health,35,12,23
S01013130,R S T U. Other,13,2,11
S01013130,Never worked,73,24,49
S01013131,All people aged 16 to 74 not in employment,180,85,95
S01013131,A B D E. Agriculture energy and water,3,3,0
S01013131,C. Manufacturing,10,8,2
S01013131,F. Construction,24,23,1
S01013131,G I. Distribution hotels and restaurants,39,13,26
S01013131,H J. Transport and communication,23,5,18
S01013131,K L M N. Financial real estate professional and administrative activities,20,11,9
S01013131,O P Q. Public administration education and health,32,5,27
S01013131,R S T U. Other,6,2,4
S01013131,Never worked,23,15,8
S01013132,All people aged 16 to 74 not in employment,190,89,101
S01013132,A B D E. Agriculture energy and water,4,4,0
S01013132,C. Manufacturing,15,8,7
S01013132,F. Construction,19,16,3
S01013132,G I. Distribution hotels and restaurants,29,11,18
S01013132,H J. Transport and communication,18,8,10
S01013132,K L M N. Financial real estate professional and administrative activities,22,7,15
S01013132,O P Q. Public administration education and health,25,7,18
S01013132,R S T U. Other,15,3,12
S01013132,Never worked,43,25,18
S01013133,All people aged 16 to 74 not in employment,282,147,135
S01013133,A B D E. Agriculture energy and water,4,1,3
S01013133,C. Manufacturing,27,20,7
S01013133,F. Construction,31,31,0
S01013133,G I. Distribution hotels and restaurants,56,28,28
S01013133,H J. Transport and communication,27,14,13
S01013133,K L M N. Financial real estate professional and administrative activities,23,8,15
S01013133,O P Q. Public administration education and health,47,14,33
S01013133,R S T U. Other,18,7,11
S01013133,Never worked,49,24,25
S01013134,All people aged 16 to 74 not in employment,219,97,122
S01013134,A B D E. Agriculture energy and water,1,0,1
S01013134,C. Manufacturing,25,16,9
S01013134,F. Construction,11,6,5
S01013134,G I. Distribution hotels and restaurants,31,15,16
S01013134,H J. Transport and communication,25,7,18
S01013134,K L M N. Financial real estate professional and administrative activities,22,8,14
S01013134,O P Q. Public administration education and health,58,19,39
S01013134,R S T U. Other,12,8,4
S01013134,Never worked,34,18,16
S01013135,All people aged 16 to 74 not in employment,270,132,138
S01013135,A B D E. Agriculture energy and water,3,3,0
S01013135,C. Manufacturing,22,12,10
S01013135,F. Construction,30,29,1
S01013135,G I. Distribution hotels and restaurants,48,19,29
S01013135,H J. Transport and communication,29,11,18
S01013135,K L M N. Financial real estate professional and administrative activities,30,12,18
S01013135,O P Q. Public administration education and health,40,13,27
S01013135,R S T U. Other,5,4,1
S01013135,Never worked,63,29,34
S01013136,All people aged 16 to 74 not in employment,310,137,173
S01013136,A B D E. Agriculture energy and water,4,2,2
S01013136,C. Manufacturing,43,31,12
S01013136,F. Construction,31,28,3
S01013136,G I. Distribution hotels and restaurants,65,25,40
S01013136,H J. Transport and communication,9,2,7
S01013136,K L M N. Financial real estate professional and administrative activities,32,11,21
S01013136,O P Q. Public administration education and health,62,7,55
S01013136,R S T U. Other,14,8,6
S01013136,Never worked,50,23,27
S01013137,All people aged 16 to 74 not in employment,262,124,138
S01013137,A B D E. Agriculture energy and water,4,4,0
S01013137,C. Manufacturing,32,22,10
S01013137,F. Construction,29,29,0
S01013137,G I. Distribution hotels and restaurants,46,22,24
S01013137,H J. Transport and communication,19,4,15
S01013137,K L M N. Financial real estate professional and administrative activities,18,5,13
S01013137,O P Q. Public administration education and health,58,10,48
S01013137,R S T U. Other,11,3,8
S01013137,Never worked,45,25,20
S01013138,All people aged 16 to 74 not in employment,242,95,147
S01013138,A B D E. Agriculture energy and water,2,2,0
S01013138,C. Manufacturing,19,9,10
S01013138,F. Construction,14,12,2
S01013138,G I. Distribution hotels and restaurants,41,10,31
S01013138,H J. Transport and communication,32,8,24
S01013138,K L M N. Financial real estate professional and administrative activities,27,9,18
S01013138,O P Q. Public administration education and health,49,11,38
S01013138,R S T U. Other,10,5,5
S01013138,Never worked,48,29,19
S01013139,All people aged 16 to 74 not in employment,347,180,167
S01013139,A B D E. Agriculture energy and water,5,4,1
S01013139,C. Manufacturing,37,25,12
S01013139,F. Construction,34,31,3
S01013139,G I. Distribution hotels and restaurants,70,38,32
S01013139,H J. Transport and communication,19,6,13
S01013139,K L M N. Financial real estate professional and administrative activities,33,16,17
S01013139,O P Q. Public administration education and health,73,19,54
S01013139,R S T U. Other,17,6,11
S01013139,Never worked,59,35,24
S01013140,All people aged 16 to 74 not in employment,298,134,164
S01013140,A B D E. Agriculture energy and water,4,3,1
S01013140,C. Manufacturing,33,22,11
S01013140,F. Construction,19,19,0
S01013140,G I. Distribution hotels and restaurants,47,21,26
S01013140,H J. Transport and communication,16,1,15
S01013140,K L M N. Financial real estate professional and administrative activities,30,16,14
S01013140,O P Q. Public administration education and health,61,9,52
S01013140,R S T U. Other,10,5,5
S01013140,Never worked,78,38,40
S01013141,All people aged 16 to 74 not in employment,212,103,109
S01013141,A B D E. Agriculture energy and water,2,2,0
S01013141,C. Manufacturing,25,18,7
S01013141,F. Construction,20,19,1
S01013141,G I. Distribution hotels and restaurants,30,17,13
S01013141,H J. Transport and communication,11,2,9
S01013141,K L M N. Financial real estate professional and administrative activities,25,11,14
S01013141,O P Q. Public administration education and health,46,5,41
S01013141,R S T U. Other,7,3,4
S01013141,Never worked,46,26,20
S01013142,All people aged 16 to 74 not in employment,310,145,165
S01013142,A B D E. Agriculture energy and water,1,1,0
S01013142,C. Manufacturing,40,28,12
S01013142,F. Construction,21,19,2
S01013142,G I. Distribution hotels and restaurants,55,25,30
S01013142,H J. Transport and communication,22,7,15
S01013142,K L M N. Financial real estate professional and administrative activities,34,14,20
S01013142,O P Q. Public administration education and health,62,13,49
S01013142,R S T U. Other,14,4,10
S01013142,Never worked,61,34,27
S01013143,All people aged 16 to 74 not in employment,267,136,131
S01013143,A B D E. Agriculture energy and water,3,1,2
S01013143,C. Manufacturing,38,29,9
S01013143,F. Construction,13,10,3
S01013143,G I. Distribution hotels and restaurants,57,34,23
S01013143,H J. Transport and communication,21,8,13
S01013143,K L M N. Financial real estate professional and administrative activities,29,12,17
S01013143,O P Q. Public administration education and health,55,13,42
S01013143,R S T U. Other,7,2,5
S01013143,Never worked,44,27,17
S01013144,All people aged 16 to 74 not in employment,289,125,164
S01013144,A B D E. Agriculture energy and water,5,3,2
S01013144,C. Manufacturing,52,33,19
S01013144,F. Construction,21,19,2
S01013144,G I. Distribution hotels and restaurants,43,12,31
S01013144,H J. Transport and communication,19,6,13
S01013144,K L M N. Financial real estate professional and administrative activities,26,9,17
S01013144,O P Q. Public administration education and health,69,15,54
S01013144,R S T U. Other,9,3,6
S01013144,Never worked,45,25,20
S01013145,All people aged 16 to 74 not in employment,231,106,125
S01013145,A B D E. Agriculture energy and water,3,2,1
S01013145,C. Manufacturing,34,20,14
S01013145,F. Construction,16,14,2
S01013145,G I. Distribution hotels and restaurants,40,17,23
S01013145,H J. Transport and communication,13,4,9
S01013145,K L M N. Financial real estate professional and administrative activities,18,6,12
S01013145,O P Q. Public administration education and health,53,15,38
S01013145,R S T U. Other,13,5,8
S01013145,Never worked,41,23,18
S01013146,All people aged 16 to 74 not in employment,137,67,70
S01013146,A B D E. Agriculture energy and water,3,3,0
S01013146,C. Manufacturing,20,17,3
S01013146,F. Construction,14,12,2
S01013146,G I. Distribution hotels and restaurants,23,8,15
S01013146,H J. Transport and communication,8,3,5
S01013146,K L M N. Financial real estate professional and administrative activities,15,8,7
S01013146,O P Q. Public administration education and health,26,3,23
S01013146,R S T U. Other,7,1,6
S01013146,Never worked,21,12,9
S01013147,All people aged 16 to 74 not in employment,178,77,101
S01013147,A B D E. Agriculture energy and water,1,1,0
S01013147,C. Manufacturing,23,13,10
S01013147,F. Construction,14,10,4
S01013147,G I. Distribution hotels and restaurants,32,15,17
S01013147,H J. Transport and communication,7,3,4
S01013147,K L M N. Financial real estate professional and administrative activities,14,6,8
S01013147,O P Q. Public administration education and health,44,5,39
S01013147,R S T U. Other,4,0,4
S01013147,Never worked,39,24,15
S01013148,All people aged 16 to 74 not in employment,181,84,97
S01013148,A B D E. Agriculture energy and water,6,5,1
S01013148,C. Manufacturing,22,15,7
S01013148,F. Construction,19,18,1
S01013148,G I. Distribution hotels and restaurants,36,17,19
S01013148,H J. Transport and communication,4,2,2
S01013148,K L M N. Financial real estate professional and administrative activities,17,7,10
S01013148,O P Q. Public administration education and health,41,5,36
S01013148,R S T U. Other,9,3,6
S01013148,Never worked,27,12,15
S01013149,All people aged 16 to 74 not in employment,205,78,127
S01013149,A B D E. Agriculture energy and water,5,2,3
S01013149,C. Manufacturing,27,21,6
S01013149,F. Construction,9,8,1
S01013149,G I. Distribution hotels and restaurants,44,14,30
S01013149,H J. Transport and communication,24,4,20
S01013149,K L M N. Financial real estate professional and administrative activities,12,2,10
S01013149,O P Q. Public administration education and health,41,11,30
S01013149,R S T U. Other,5,0,5
S01013149,Never worked,38,16,22
S01013150,All people aged 16 to 74 not in employment,269,119,150
S01013150,A B D E. Agriculture energy and water,5,4,1
S01013150,C. Manufacturing,27,21,6
S01013150,F. Construction,18,15,3
S01013150,G I. Distribution hotels and restaurants,52,25,27
S01013150,H J. Transport and communication,22,9,13
S01013150,K L M N. Financial real estate professional and administrative activities,31,6,25
S01013150,O P Q. Public administration education and health,63,16,47
S01013150,R S T U. Other,11,4,7
S01013150,Never worked,40,19,21
S01013151,All people aged 16 to 74 not in employment,125,44,81
S01013151,A B D E. Agriculture energy and water,3,2,1
S01013151,C. Manufacturing,7,3,4
S01013151,F. Construction,10,9,1
S01013151,G I. Distribution hotels and restaurants,23,9,14
S01013151,H J. Transport and communication,6,1,5
S01013151,K L M N. Financial real estate professional and administrative activities,14,5,9
S01013151,O P Q. Public administration education and health,33,6,27
S01013151,R S T U. Other,3,0,3
S01013151,Never worked,26,9,17
S01013152,All people aged 16 to 74 not in employment,235,99,136
S01013152,A B D E. Agriculture energy and water,3,1,2
S01013152,C. Manufacturing,25,18,7
S01013152,F. Construction,11,10,1
S01013152,G I. Distribution hotels and restaurants,31,15,16
S01013152,H J. Transport and communication,19,9,10
S01013152,K L M N. Financial real estate professional and administrative activities,24,12,12
S01013152,O P Q. Public administration education and health,56,9,47
S01013152,R S T U. Other,11,3,8
S01013152,Never worked,55,22,33
S01013153,All people aged 16 to 74 not in employment,310,136,174
S01013153,A B D E. Agriculture energy and water,8,8,0
S01013153,C. Manufacturing,23,20,3
S01013153,F. Construction,22,21,1
S01013153,G I. Distribution hotels and restaurants,56,23,33
S01013153,H J. Transport and communication,31,10,21
S01013153,K L M N. Financial real estate professional and administrative activities,35,15,20
S01013153,O P Q. Public administration education and health,55,9,46
S01013153,R S T U. Other,13,5,8
S01013153,Never worked,67,25,42
S01013154,All people aged 16 to 74 not in employment,274,113,161
S01013154,A B D E. Agriculture energy and water,8,6,2
S01013154,C. Manufacturing,15,10,5
S01013154,F. Construction,31,26,5
S01013154,G I. Distribution hotels and restaurants,63,22,41
S01013154,H J. Transport and communication,30,9,21
S01013154,K L M N. Financial real estate professional and administrative activities,21,12,9
S01013154,O P Q. Public administration education and health,41,7,34
S01013154,R S T U. Other,15,5,10
S01013154,Never worked,50,16,34
S01013155,All people aged 16 to 74 not in employment,289,120,169
S01013155,A B D E. Agriculture energy and water,2,2,0
S01013155,C. Manufacturing,18,14,4
S01013155,F. Construction,18,18,0
S01013155,G I. Distribution hotels and restaurants,61,23,38
S01013155,H J. Transport and communication,28,10,18
S01013155,K L M N. Financial real estate professional and administrative activities,23,10,13
S01013155,O P Q. Public administration education and health,50,9,41
S01013155,R S T U. Other,12,2,10
S01013155,Never worked,77,32,45
S01013156,All people aged 16 to 74 not in employment,283,116,167
S01013156,A B D E. Agriculture energy and water,5,5,0
S01013156,C. Manufacturing,22,12,10
S01013156,F. Construction,18,16,2
S01013156,G I. Distribution hotels and restaurants,52,17,35
S01013156,H J. Transport and communication,26,8,18
S01013156,K L M N. Financial real estate professional and administrative activities,29,8,21
S01013156,O P Q. Public administration education and health,41,9,32
S01013156,R S T U. Other,17,3,14
S01013156,Never worked,73,38,35
S01013157,All people aged 16 to 74 not in employment,322,142,180
S01013157,A B D E. Agriculture energy and water,4,4,0
S01013157,C. Manufacturing,29,22,7
S01013157,F. Construction,22,19,3
S01013157,G I. Distribution hotels and restaurants,39,14,25
S01013157,H J. Transport and communication,33,18,15
S01013157,K L M N. Financial real estate professional and administrative activities,30,12,18
S01013157,O P Q. Public administration education and health,67,15,52
S01013157,R S T U. Other,8,2,6
S01013157,Never worked,90,36,54
S01013158,All people aged 16 to 74 not in employment,126,47,79
S01013158,A B D E. Agriculture energy and water,1,1,0
S01013158,C. Manufacturing,11,7,4
S01013158,F. Construction,7,6,1
S01013158,G I. Distribution hotels and restaurants,24,9,15
S01013158,H J. Transport and communication,8,5,3
S01013158,K L M N. Financial real estate professional and administrative activities,17,5,12
S01013158,O P Q. Public administration education and health,32,5,27
S01013158,R S T U. Other,2,1,1
S01013158,Never worked,24,8,16
S01013159,All people aged 16 to 74 not in employment,186,85,101
S01013159,A B D E. Agriculture energy and water,3,3,0
S01013159,C. Manufacturing,21,12,9
S01013159,F. Construction,13,10,3
S01013159,G I. Distribution hotels and restaurants,18,7,11
S01013159,H J. Transport and communication,14,6,8
S01013159,K L M N. Financial real estate professional and administrative activities,15,6,9
S01013159,O P Q. Public administration education and health,67,20,47
S01013159,R S T U. Other,7,3,4
S01013159,Never worked,28,18,10
S01013160,All people aged 16 to 74 not in employment,162,67,95
S01013160,A B D E. Agriculture energy and water,0,0,0
S01013160,C. Manufacturing,24,17,7
S01013160,F. Construction,12,9,3
S01013160,G I. Distribution hotels and restaurants,19,10,9
S01013160,H J. Transport and communication,11,4,7
S01013160,K L M N. Financial real estate professional and administrative activities,14,4,10
S01013160,O P Q. Public administration education and health,55,15,40
S01013160,R S T U. Other,8,0,8
S01013160,Never worked,19,8,11
S01013161,All people aged 16 to 74 not in employment,259,121,138
S01013161,A B D E. Agriculture energy and water,4,1,3
S01013161,C. Manufacturing,37,25,12
S01013161,F. Construction,26,25,1
S01013161,G I. Distribution hotels and restaurants,34,13,21
S01013161,H J. Transport and communication,22,8,14
S01013161,K L M N. Financial real estate professional and administrative activities,19,6,13
S01013161,O P Q. Public administration education and health,54,12,42
S01013161,R S T U. Other,19,11,8
S01013161,Never worked,44,20,24
S01013162,All people aged 16 to 74 not in employment,271,120,151
S01013162,A B D E. Agriculture energy and water,3,1,2
S01013162,C. Manufacturing,44,31,13
S01013162,F. Construction,28,26,2
S01013162,G I. Distribution hotels and restaurants,37,12,25
S01013162,H J. Transport and communication,18,8,10
S01013162,K L M N. Financial real estate professional and administrative activities,25,11,14
S01013162,O P Q. Public administration education and health,65,11,54
S01013162,R S T U. Other,14,3,11
S01013162,Never worked,37,17,20
S01013163,All people aged 16 to 74 not in employment,160,68,92
S01013163,A B D E. Agriculture energy and water,5,4,1
S01013163,C. Manufacturing,13,8,5
S01013163,F. Construction,14,14,0
S01013163,G I. Distribution hotels and restaurants,29,13,16
S01013163,H J. Transport and communication,17,5,12
S01013163,K L M N. Financial real estate professional and administrative activities,18,7,11
S01013163,O P Q. Public administration education and health,34,7,27
S01013163,R S T U. Other,4,1,3
S01013163,Never worked,26,9,17
S01013164,All people aged 16 to 74 not in employment,335,169,166
S01013164,A B D E. Agriculture energy and water,6,5,1
S01013164,C. Manufacturing,37,29,8
S01013164,F. Construction,33,31,2
S01013164,G I. Distribution hotels and restaurants,50,17,33
S01013164,H J. Transport and communication,25,12,13
S01013164,K L M N. Financial real estate professional and administrative activities,28,17,11
S01013164,O P Q. Public administration education and health,90,29,61
S01013164,R S T U. Other,12,4,8
S01013164,Never worked,54,25,29
S01013165,All people aged 16 to 74 not in employment,238,109,129
S01013165,A B D E. Agriculture energy and water,4,4,0
S01013165,C. Manufacturing,21,14,7
S01013165,F. Construction,17,15,2
S01013165,G I. Distribution hotels and restaurants,44,15,29
S01013165,H J. Transport and communication,20,6,14
S01013165,K L M N. Financial real estate professional and administrative activities,22,14,8
S01013165,O P Q. Public administration education and health,69,17,52
S01013165,R S T U. Other,6,1,5
S01013165,Never worked,35,23,12
S01013166,All people aged 16 to 74 not in employment,256,125,131
S01013166,A B D E. Agriculture energy and water,2,1,1
S01013166,C. Manufacturing,25,18,7
S01013166,F. Construction,27,27,0
S01013166,G I. Distribution hotels and restaurants,46,24,22
S01013166,H J. Transport and communication,23,8,15
S01013166,K L M N. Financial real estate professional and administrative activities,25,10,15
S01013166,O P Q. Public administration education and health,48,12,36
S01013166,R S T U. Other,10,3,7
S01013166,Never worked,50,22,28
S01013167,All people aged 16 to 74 not in employment,250,133,117
S01013167,A B D E. Agriculture energy and water,4,3,1
S01013167,C. Manufacturing,28,22,6
S01013167,F. Construction,27,26,1
S01013167,G I. Distribution hotels and restaurants,54,25,29
S01013167,H J. Transport and communication,29,15,14
S01013167,K L M N. Financial real estate professional and administrative activities,34,15,19
S01013167,O P Q. Public administration education and health,30,9,21
S01013167,R S T U. Other,11,5,6
S01013167,Never worked,33,13,20
S01013168,All people aged 16 to 74 not in employment,314,132,182
S01013168,A B D E. Agriculture energy and water,1,0,1
S01013168,C. Manufacturing,40,29,11
S01013168,F. Construction,14,13,1
S01013168,G I. Distribution hotels and restaurants,61,23,38
S01013168,H J. Transport and communication,19,4,15
S01013168,K L M N. Financial real estate professional and administrative activities,42,21,21
S01013168,O P Q. Public administration education and health,62,6,56
S01013168,R S T U. Other,14,7,7
S01013168,Never worked,61,29,32
S01013169,All people aged 16 to 74 not in employment,275,129,146
S01013169,A B D E. Agriculture energy and water,6,4,2
S01013169,C. Manufacturing,28,20,8
S01013169,F. Construction,21,17,4
S01013169,G I. Distribution hotels and restaurants,52,25,27
S01013169,H J. Transport and communication,25,10,15
S01013169,K L M N. Financial real estate professional and administrative activities,23,11,12
S01013169,O P Q. Public administration education and health,60,12,48
S01013169,R S T U. Other,13,9,4
S01013169,Never worked,47,21,26
S01013170,All people aged 16 to 74 not in employment,188,94,94
S01013170,A B D E. Agriculture energy and water,4,4,0
S01013170,C. Manufacturing,22,17,5
S01013170,F. Construction,20,19,1
S01013170,G I. Distribution hotels and restaurants,28,14,14
S01013170,H J. Transport and communication,17,8,9
S01013170,K L M N. Financial real estate professional and administrative activities,9,4,5
S01013170,O P Q. Public administration education and health,42,11,31
S01013170,R S T U. Other,2,2,0
S01013170,Never worked,44,15,29
S01013171,All people aged 16 to 74 not in employment,159,68,91
S01013171,A B D E. Agriculture energy and water,5,4,1
S01013171,C. Manufacturing,16,11,5
S01013171,F. Construction,7,6,1
S01013171,G I. Distribution hotels and restaurants,34,13,21
S01013171,H J. Transport and communication,12,3,9
S01013171,K L M N. Financial real estate professional and administrative activities,11,7,4
S01013171,O P Q. Public administration education and health,36,7,29
S01013171,R S T U. Other,4,3,1
S01013171,Never worked,34,14,20
S01013172,All people aged 16 to 74 not in employment,226,95,131
S01013172,A B D E. Agriculture energy and water,2,2,0
S01013172,C. Manufacturing,40,20,20
S01013172,F. Construction,11,9,2
S01013172,G I. Distribution hotels and restaurants,45,17,28
S01013172,H J. Transport and communication,18,6,12
S01013172,K L M N. Financial real estate professional and administrative activities,20,13,7
S01013172,O P Q. Public administration education and health,38,7,31
S01013172,R S T U. Other,10,4,6
S01013172,Never worked,42,17,25
S01013173,All people aged 16 to 74 not in employment,188,90,98
S01013173,A B D E. Agriculture energy and water,2,2,0
S01013173,C. Manufacturing,23,13,10
S01013173,F. Construction,14,12,2
S01013173,G I. Distribution hotels and restaurants,32,16,16
S01013173,H J. Transport and communication,14,6,8
S01013173,K L M N. Financial real estate professional and administrative activities,20,12,8
S01013173,O P Q. Public administration education and health,41,9,32
S01013173,R S T U. Other,6,1,5
S01013173,Never worked,36,19,17
S01013174,All people aged 16 to 74 not in employment,142,62,80
S01013174,A B D E. Agriculture energy and water,0,0,0
S01013174,C. Manufacturing,15,11,4
S01013174,F. Construction,9,8,1
S01013174,G I. Distribution hotels and restaurants,25,9,16
S01013174,H J. Transport and communication,9,3,6
S01013174,K L M N. Financial real estate professional and administrative activities,14,4,10
S01013174,O P Q. Public administration education and health,36,9,27
S01013174,R S T U. Other,7,3,4
S01013174,Never worked,27,15,12
S01013175,All people aged 16 to 74 not in employment,161,72,89
S01013175,A B D E. Agriculture energy and water,3,2,1
S01013175,C. Manufacturing,19,12,7
S01013175,F. Construction,13,10,3
S01013175,G I. Distribution hotels and restaurants,28,10,18
S01013175,H J. Transport and communication,14,7,7
S01013175,K L M N. Financial real estate professional and administrative activities,19,10,9
S01013175,O P Q. Public administration education and health,37,9,28
S01013175,R S T U. Other,6,0,6
S01013175,Never worked,22,12,10
S01013176,All people aged 16 to 74 not in employment,213,101,112
S01013176,A B D E. Agriculture energy and water,4,4,0
S01013176,C. Manufacturing,33,23,10
S01013176,F. Construction,15,12,3
S01013176,G I. Distribution hotels and restaurants,40,20,20
S01013176,H J. Transport and communication,19,4,15
S01013176,K L M N. Financial real estate professional and administrative activities,16,7,9
S01013176,O P Q. Public administration education and health,57,10,47
S01013176,R S T U. Other,7,3,4
S01013176,Never worked,22,18,4
S01013177,All people aged 16 to 74 not in employment,149,67,82
S01013177,A B D E. Agriculture energy and water,1,0,1
S01013177,C. Manufacturing,23,11,12
S01013177,F. Construction,7,6,1
S01013177,G I. Distribution hotels and restaurants,31,11,20
S01013177,H J. Transport and communication,12,5,7
S01013177,K L M N. Financial real estate professional and administrative activities,20,5,15
S01013177,O P Q. Public administration education and health,28,11,17
S01013177,R S T U. Other,6,3,3
S01013177,Never worked,21,15,6
S01013178,All people aged 16 to 74 not in employment,195,97,98
S01013178,A B D E. Agriculture energy and water,7,7,0
S01013178,C. Manufacturing,24,15,9
S01013178,F. Construction,8,8,0
S01013178,G I. Distribution hotels and restaurants,32,16,16
S01013178,H J. Transport and communication,21,9,12
S01013178,K L M N. Financial real estate professional and administrative activities,19,12,7
S01013178,O P Q. Public administration education and health,53,15,38
S01013178,R S T U. Other,6,3,3
S01013178,Never worked,25,12,13
S01013179,All people aged 16 to 74 not in employment,244,110,134
S01013179,A B D E. Agriculture energy and water,2,1,1
S01013179,C. Manufacturing,27,17,10
S01013179,F. Construction,15,15,0
S01013179,G I. Distribution hotels and restaurants,39,24,15
S01013179,H J. Transport and communication,18,7,11
S01013179,K L M N. Financial real estate professional and administrative activities,23,7,16
S01013179,O P Q. Public administration education and health,74,22,52
S01013179,R S T U. Other,11,3,8
S01013179,Never worked,35,14,21
S01013180,All people aged 16 to 74 not in employment,101,51,50
S01013180,A B D E. Agriculture energy and water,3,2,1
S01013180,C. Manufacturing,12,5,7
S01013180,F. Construction,10,8,2
S01013180,G I. Distribution hotels and restaurants,10,5,5
S01013180,H J. Transport and communication,9,7,2
S01013180,K L M N. Financial real estate professional and administrative activities,5,1,4
S01013180,O P Q. Public administration education and health,31,11,20
S01013180,R S T U. Other,3,3,0
S01013180,Never worked,18,9,9
S01013181,All people aged 16 to 74 not in employment,183,78,105
S01013181,A B D E. Agriculture energy and water,2,2,0
S01013181,C. Manufacturing,30,21,9
S01013181,F. Construction,13,12,1
S01013181,G I. Distribution hotels and restaurants,24,10,14
S01013181,H J. Transport and communication,15,7,8
S01013181,K L M N. Financial real estate professional and administrative activities,21,8,13
S01013181,O P Q. Public administration education and health,53,10,43
S01013181,R S T U. Other,5,0,5
S01013181,Never worked,20,8,12
S01013182,All people aged 16 to 74 not in employment,226,91,135
S01013182,A B D E. Agriculture energy and water,1,1,0
S01013182,C. Manufacturing,46,20,26
S01013182,F. Construction,10,10,0
S01013182,G I. Distribution hotels and restaurants,39,9,30
S01013182,H J. Transport and communication,10,5,5
S01013182,K L M N. Financial real estate professional and administrative activities,16,11,5
S01013182,O P Q. Public administration education and health,71,21,50
S01013182,R S T U. Other,7,1,6
S01013182,Never worked,26,13,13
S01013183,All people aged 16 to 74 not in employment,199,95,104
S01013183,A B D E. Agriculture energy and water,4,4,0
S01013183,C. Manufacturing,24,17,7
S01013183,F. Construction,11,10,1
S01013183,G I. Distribution hotels and restaurants,25,12,13
S01013183,H J. Transport and communication,16,10,6
S01013183,K L M N. Financial real estate professional and administrative activities,19,10,9
S01013183,O P Q. Public administration education and health,66,23,43
S01013183,R S T U. Other,11,0,11
S01013183,Never worked,23,9,14
S01013184,All people aged 16 to 74 not in employment,203,93,110
S01013184,A B D E. Agriculture energy and water,4,3,1
S01013184,C. Manufacturing,18,7,11
S01013184,F. Construction,15,15,0
S01013184,G I. Distribution hotels and restaurants,33,11,22
S01013184,H J. Transport and communication,20,11,9
S01013184,K L M N. Financial real estate professional and administrative activities,24,12,12
S01013184,O P Q. Public administration education and health,31,10,21
S01013184,R S T U. Other,4,2,2
S01013184,Never worked,54,22,32
S01013185,All people aged 16 to 74 not in employment,239,102,137
S01013185,A B D E. Agriculture energy and water,12,9,3
S01013185,C. Manufacturing,32,17,15
S01013185,F. Construction,13,10,3
S01013185,G I. Distribution hotels and restaurants,51,25,26
S01013185,H J. Transport and communication,12,1,11
S01013185,K L M N. Financial real estate professional and administrative activities,24,9,15
S01013185,O P Q. Public administration education and health,48,13,35
S01013185,R S T U. Other,10,3,7
S01013185,Never worked,37,15,22
S01013186,All people aged 16 to 74 not in employment,203,86,117
S01013186,A B D E. Agriculture energy and water,1,1,0
S01013186,C. Manufacturing,38,19,19
S01013186,F. Construction,9,9,0
S01013186,G I. Distribution hotels and restaurants,31,14,17
S01013186,H J. Transport and communication,20,5,15
S01013186,K L M N. Financial real estate professional and administrative activities,19,7,12
S01013186,O P Q. Public administration education and health,38,7,31
S01013186,R S T U. Other,8,2,6
S01013186,Never worked,39,22,17
S01013187,All people aged 16 to 74 not in employment,265,125,140
S01013187,A B D E. Agriculture energy and water,4,3,1
S01013187,C. Manufacturing,44,25,19
S01013187,F. Construction,18,18,0
S01013187,G I. Distribution hotels and restaurants,37,15,22
S01013187,H J. Transport and communication,30,10,20
S01013187,K L M N. Financial real estate professional and administrative activities,20,10,10
S01013187,O P Q. Public administration education and health,45,13,32
S01013187,R S T U. Other,6,0,6
S01013187,Never worked,61,31,30
S01013188,All people aged 16 to 74 not in employment,206,105,101
S01013188,A B D E. Agriculture energy and water,3,3,0
S01013188,C. Manufacturing,40,24,16
S01013188,F. Construction,13,13,0
S01013188,G I. Distribution hotels and restaurants,25,12,13
S01013188,H J. Transport and communication,18,8,10
S01013188,K L M N. Financial real estate professional and administrative activities,20,8,12
S01013188,O P Q. Public administration education and health,46,14,32
S01013188,R S T U. Other,5,3,2
S01013188,Never worked,36,20,16
S01013189,All people aged 16 to 74 not in employment,162,72,90
S01013189,A B D E. Agriculture energy and water,0,0,0
S01013189,C. Manufacturing,31,19,12
S01013189,F. Construction,9,9,0
S01013189,G I. Distribution hotels and restaurants,15,9,6
S01013189,H J. Transport and communication,10,3,7
S01013189,K L M N. Financial real estate professional and administrative activities,20,11,9
S01013189,O P Q. Public administration education and health,51,11,40
S01013189,R S T U. Other,6,1,5
S01013189,Never worked,20,9,11
S01013190,All people aged 16 to 74 not in employment,218,101,117
S01013190,A B D E. Agriculture energy and water,3,2,1
S01013190,C. Manufacturing,33,19,14
S01013190,F. Construction,15,11,4
S01013190,G I. Distribution hotels and restaurants,36,16,20
S01013190,H J. Transport and communication,8,2,6
S01013190,K L M N. Financial real estate professional and administrative activities,21,13,8
S01013190,O P Q. Public administration education and health,65,20,45
S01013190,R S T U. Other,5,2,3
S01013190,Never worked,32,16,16
S01013191,All people aged 16 to 74 not in employment,202,91,111
S01013191,A B D E. Agriculture energy and water,2,2,0
S01013191,C. Manufacturing,32,15,17
S01013191,F. Construction,11,8,3
S01013191,G I. Distribution hotels and restaurants,22,9,13
S01013191,H J. Transport and communication,16,9,7
S01013191,K L M N. Financial real estate professional and administrative activities,23,6,17
S01013191,O P Q. Public administration education and health,45,13,32
S01013191,R S T U. Other,5,3,2
S01013191,Never worked,46,26,20
S01013192,All people aged 16 to 74 not in employment,259,101,158
S01013192,A B D E. Agriculture energy and water,5,3,2
S01013192,C. Manufacturing,35,12,23
S01013192,F. Construction,13,11,2
S01013192,G I. Distribution hotels and restaurants,39,13,26
S01013192,H J. Transport and communication,20,10,10
S01013192,K L M N. Financial real estate professional and administrative activities,14,8,6
S01013192,O P Q. Public administration education and health,78,19,59
S01013192,R S T U. Other,11,4,7
S01013192,Never worked,44,21,23
S01013193,All people aged 16 to 74 not in employment,142,61,81
S01013193,A B D E. Agriculture energy and water,3,3,0
S01013193,C. Manufacturing,28,15,13
S01013193,F. Construction,8,8,0
S01013193,G I. Distribution hotels and restaurants,21,6,15
S01013193,H J. Transport and communication,7,3,4
S01013193,K L M N. Financial real estate professional and administrative activities,9,4,5
S01013193,O P Q. Public administration education and health,40,16,24
S01013193,R S T U. Other,10,1,9
S01013193,Never worked,16,5,11
S01013194,All people aged 16 to 74 not in employment,143,66,77
S01013194,A B D E. Agriculture energy and water,0,0,0
S01013194,C. Manufacturing,26,16,10
S01013194,F. Construction,17,13,4
S01013194,G I. Distribution hotels and restaurants,32,17,15
S01013194,H J. Transport and communication,9,2,7
S01013194,K L M N. Financial real estate professional and administrative activities,14,3,11
S01013194,O P Q. Public administration education and health,22,6,16
S01013194,R S T U. Other,10,4,6
S01013194,Never worked,13,5,8
S01013195,All people aged 16 to 74 not in employment,238,116,122
S01013195,A B D E. Agriculture energy and water,4,4,0
S01013195,C. Manufacturing,31,19,12
S01013195,F. Construction,19,18,1
S01013195,G I. Distribution hotels and restaurants,42,18,24
S01013195,H J. Transport and communication,17,6,11
S01013195,K L M N. Financial real estate professional and administrative activities,16,10,6
S01013195,O P Q. Public administration education and health,63,14,49
S01013195,R S T U. Other,14,10,4
S01013195,Never worked,32,17,15
S01013196,All people aged 16 to 74 not in employment,115,63,52
S01013196,A B D E. Agriculture energy and water,2,1,1
S01013196,C. Manufacturing,25,17,8
S01013196,F. Construction,10,9,1
S01013196,G I. Distribution hotels and restaurants,16,9,7
S01013196,H J. Transport and communication,8,4,4
S01013196,K L M N. Financial real estate professional and administrative activities,10,6,4
S01013196,O P Q. Public administration education and health,31,10,21
S01013196,R S T U. Other,2,0,2
S01013196,Never worked,11,7,4
S01013197,All people aged 16 to 74 not in employment,157,67,90
S01013197,A B D E. Agriculture energy and water,2,2,0
S01013197,C. Manufacturing,23,9,14
S01013197,F. Construction,6,5,1
S01013197,G I. Distribution hotels and restaurants,21,12,9
S01013197,H J. Transport and communication,10,6,4
S01013197,K L M N. Financial real estate professional and administrative activities,13,5,8
S01013197,O P Q. Public administration education and health,63,21,42
S01013197,R S T U. Other,4,1,3
S01013197,Never worked,15,6,9
S01013198,All people aged 16 to 74 not in employment,261,118,143
S01013198,A B D E. Agriculture energy and water,4,3,1
S01013198,C. Manufacturing,36,19,17
S01013198,F. Construction,10,10,0
S01013198,G I. Distribution hotels and restaurants,36,17,19
S01013198,H J. Transport and communication,14,5,9
S01013198,K L M N. Financial real estate professional and administrative activities,28,14,14
S01013198,O P Q. Public administration education and health,74,20,54
S01013198,R S T U. Other,6,2,4
S01013198,Never worked,53,28,25
S01013199,All people aged 16 to 74 not in employment,284,138,146
S01013199,A B D E. Agriculture energy and water,5,5,0
S01013199,C. Manufacturing,37,18,19
S01013199,F. Construction,23,21,2
S01013199,G I. Distribution hotels and restaurants,54,25,29
S01013199,H J. Transport and communication,27,9,18
S01013199,K L M N. Financial real estate professional and administrative activities,21,12,9
S01013199,O P Q. Public administration education and health,79,30,49
S01013199,R S T U. Other,8,3,5
S01013199,Never worked,30,15,15
S01013200,All people aged 16 to 74 not in employment,223,89,134
S01013200,A B D E. Agriculture energy and water,3,1,2
S01013200,C. Manufacturing,24,8,16
S01013200,F. Construction,17,16,1
S01013200,G I. Distribution hotels and restaurants,20,9,11
S01013200,H J. Transport and communication,15,7,8
S01013200,K L M N. Financial real estate professional and administrative activities,20,9,11
S01013200,O P Q. Public administration education and health,56,13,43
S01013200,R S T U. Other,6,2,4
S01013200,Never worked,62,24,38
S01013201,All people aged 16 to 74 not in employment,295,134,161
S01013201,A B D E. Agriculture energy and water,7,5,2
S01013201,C. Manufacturing,45,17,28
S01013201,F. Construction,29,27,2
S01013201,G I. Distribution hotels and restaurants,40,15,25
S01013201,H J. Transport and communication,31,12,19
S01013201,K L M N. Financial real estate professional and administrative activities,33,18,15
S01013201,O P Q. Public administration education and health,40,13,27
S01013201,R S T U. Other,7,2,5
S01013201,Never worked,63,25,38
S01013202,All people aged 16 to 74 not in employment,223,97,126
S01013202,A B D E. Agriculture energy and water,4,4,0
S01013202,C. Manufacturing,32,21,11
S01013202,F. Construction,16,13,3
S01013202,G I. Distribution hotels and restaurants,32,9,23
S01013202,H J. Transport and communication,13,7,6
S01013202,K L M N. Financial real estate professional and administrative activities,24,11,13
S01013202,O P Q. Public administration education and health,42,13,29
S01013202,R S T U. Other,8,1,7
S01013202,Never worked,52,18,34
S01013203,All people aged 16 to 74 not in employment,239,110,129
S01013203,A B D E. Agriculture energy and water,3,3,0
S01013203,C. Manufacturing,26,13,13
S01013203,F. Construction,23,20,3
S01013203,G I. Distribution hotels and restaurants,37,12,25
S01013203,H J. Transport and communication,31,7,24
S01013203,K L M N. Financial real estate professional and administrative activities,17,13,4
S01013203,O P Q. Public administration education and health,43,10,33
S01013203,R S T U. Other,10,4,6
S01013203,Never worked,49,28,21
S01013204,All people aged 16 to 74 not in employment,188,83,105
S01013204,A B D E. Agriculture energy and water,3,3,0
S01013204,C. Manufacturing,25,14,11
S01013204,F. Construction,6,5,1
S01013204,G I. Distribution hotels and restaurants,32,15,17
S01013204,H J. Transport and communication,23,7,16
S01013204,K L M N. Financial real estate professional and administrative activities,19,7,12
S01013204,O P Q. Public administration education and health,36,13,23
S01013204,R S T U. Other,9,3,6
S01013204,Never worked,35,16,19
S01013205,All people aged 16 to 74 not in employment,224,97,127
S01013205,A B D E. Agriculture energy and water,7,4,3
S01013205,C. Manufacturing,25,11,14
S01013205,F. Construction,14,12,2
S01013205,G I. Distribution hotels and restaurants,33,15,18
S01013205,H J. Transport and communication,20,6,14
S01013205,K L M N. Financial real estate professional and administrative activities,16,7,9
S01013205,O P Q. Public administration education and health,35,8,27
S01013205,R S T U. Other,6,1,5
S01013205,Never worked,68,33,35
S01013206,All people aged 16 to 74 not in employment,234,108,126
S01013206,A B D E. Agriculture energy and water,3,3,0
S01013206,C. Manufacturing,34,22,12
S01013206,F. Construction,24,23,1
S01013206,G I. Distribution hotels and restaurants,17,9,8
S01013206,H J. Transport and communication,19,2,17
S01013206,K L M N. Financial real estate professional and administrative activities,29,12,17
S01013206,O P Q. Public administration education and health,59,16,43
S01013206,R S T U. Other,8,2,6
S01013206,Never worked,41,19,22
S01013207,All people aged 16 to 74 not in employment,246,127,119
S01013207,A B D E. Agriculture energy and water,8,8,0
S01013207,C. Manufacturing,36,13,23
S01013207,F. Construction,29,29,0
S01013207,G I. Distribution hotels and restaurants,36,16,20
S01013207,H J. Transport and communication,22,10,12
S01013207,K L M N. Financial real estate professional and administrative activities,20,12,8
S01013207,O P Q. Public administration education and health,43,18,25
S01013207,R S T U. Other,11,2,9
S01013207,Never worked,41,19,22
S01013208,All people aged 16 to 74 not in employment,328,148,180
S01013208,A B D E. Agriculture energy and water,8,6,2
S01013208,C. Manufacturing,42,15,27
S01013208,F. Construction,28,27,1
S01013208,G I. Distribution hotels and restaurants,39,12,27
S01013208,H J. Transport and communication,34,11,23
S01013208,K L M N. Financial real estate professional and administrative activities,22,11,11
S01013208,O P Q. Public administration education and health,60,22,38
S01013208,R S T U. Other,9,6,3
S01013208,Never worked,86,38,48
S01013209,All people aged 16 to 74 not in employment,237,100,137
S01013209,A B D E. Agriculture energy and water,6,6,0
S01013209,C. Manufacturing,34,15,19
S01013209,F. Construction,22,20,2
S01013209,G I. Distribution hotels and restaurants,39,11,28
S01013209,H J. Transport and communication,12,6,6
S01013209,K L M N. Financial real estate professional and administrative activities,15,6,9
S01013209,O P Q. Public administration education and health,77,24,53
S01013209,R S T U. Other,5,4,1
S01013209,Never worked,27,8,19
S01013210,All people aged 16 to 74 not in employment,158,75,83
S01013210,A B D E. Agriculture energy and water,2,2,0
S01013210,C. Manufacturing,21,8,13
S01013210,F. Construction,8,7,1
S01013210,G I. Distribution hotels and restaurants,18,10,8
S01013210,H J. Transport and communication,13,6,7
S01013210,K L M N. Financial real estate professional and administrative activities,9,5,4
S01013210,O P Q. Public administration education and health,59,23,36
S01013210,R S T U. Other,6,0,6
S01013210,Never worked,22,14,8
S01013211,All people aged 16 to 74 not in employment,219,105,114
S01013211,A B D E. Agriculture energy and water,4,3,1
S01013211,C. Manufacturing,43,23,20
S01013211,F. Construction,18,16,2
S01013211,G I. Distribution hotels and restaurants,28,14,14
S01013211,H J. Transport and communication,21,7,14
S01013211,K L M N. Financial real estate professional and administrative activities,15,8,7
S01013211,O P Q. Public administration education and health,49,14,35
S01013211,R S T U. Other,9,3,6
S01013211,Never worked,32,17,15
S01013212,All people aged 16 to 74 not in employment,88,46,42
S01013212,A B D E. Agriculture energy and water,2,2,0
S01013212,C. Manufacturing,12,7,5
S01013212,F. Construction,4,4,0
S01013212,G I. Distribution hotels and restaurants,12,6,6
S01013212,H J. Transport and communication,7,3,4
S01013212,K L M N. Financial real estate professional and administrative activities,5,1,4
S01013212,O P Q. Public administration education and health,12,3,9
S01013212,R S T U. Other,6,4,2
S01013212,Never worked,28,16,12
S01013213,All people aged 16 to 74 not in employment,111,53,58
S01013213,A B D E. Agriculture energy and water,1,1,0
S01013213,C. Manufacturing,14,6,8
S01013213,F. Construction,10,10,0
S01013213,G I. Distribution hotels and restaurants,10,3,7
S01013213,H J. Transport and communication,7,3,4
S01013213,K L M N. Financial real estate professional and administrative activities,6,2,4
S01013213,O P Q. Public administration education and health,31,14,17
S01013213,R S T U. Other,4,1,3
S01013213,Never worked,28,13,15
S01013214,All people aged 16 to 74 not in employment,66,30,36
S01013214,A B D E. Agriculture energy and water,2,2,0
S01013214,C. Manufacturing,2,1,1
S01013214,F. Construction,2,2,0
S01013214,G I. Distribution hotels and restaurants,9,2,7
S01013214,H J. Transport and communication,5,3,2
S01013214,K L M N. Financial real estate professional and administrative activities,9,7,2
S01013214,O P Q. Public administration education and health,16,4,12
S01013214,R S T U. Other,3,2,1
S01013214,Never worked,18,7,11
S01013215,All people aged 16 to 74 not in employment,197,99,98
S01013215,A B D E. Agriculture energy and water,6,5,1
S01013215,C. Manufacturing,26,12,14
S01013215,F. Construction,14,13,1
S01013215,G I. Distribution hotels and restaurants,43,23,20
S01013215,H J. Transport and communication,23,9,14
S01013215,K L M N. Financial real estate professional and administrative activities,24,15,9
S01013215,O P Q. Public administration education and health,42,14,28
S01013215,R S T U. Other,8,2,6
S01013215,Never worked,11,6,5
S01013216,All people aged 16 to 74 not in employment,176,75,101
S01013216,A B D E. Agriculture energy and water,1,1,0
S01013216,C. Manufacturing,21,9,12
S01013216,F. Construction,13,13,0
S01013216,G I. Distribution hotels and restaurants,23,9,14
S01013216,H J. Transport and communication,18,7,11
S01013216,K L M N. Financial real estate professional and administrative activities,24,11,13
S01013216,O P Q. Public administration education and health,31,7,24
S01013216,R S T U. Other,5,3,2
S01013216,Never worked,40,15,25
S01013217,All people aged 16 to 74 not in employment,188,70,118
S01013217,A B D E. Agriculture energy and water,2,2,0
S01013217,C. Manufacturing,34,11,23
S01013217,F. Construction,9,8,1
S01013217,G I. Distribution hotels and restaurants,30,9,21
S01013217,H J. Transport and communication,13,5,8
S01013217,K L M N. Financial real estate professional and administrative activities,7,2,5
S01013217,O P Q. Public administration education and health,53,17,36
S01013217,R S T U. Other,7,1,6
S01013217,Never worked,33,15,18
S01013218,All people aged 16 to 74 not in employment,206,85,121
S01013218,A B D E. Agriculture energy and water,4,3,1
S01013218,C. Manufacturing,28,8,20
S01013218,F. Construction,21,21,0
S01013218,G I. Distribution hotels and restaurants,40,11,29
S01013218,H J. Transport and communication,18,5,13
S01013218,K L M N. Financial real estate professional and administrative activities,15,9,6
S01013218,O P Q. Public administration education and health,28,8,20
S01013218,R S T U. Other,5,0,5
S01013218,Never worked,47,20,27
S01013219,All people aged 16 to 74 not in employment,175,73,102
S01013219,A B D E. Agriculture energy and water,0,0,0
S01013219,C. Manufacturing,20,11,9
S01013219,F. Construction,10,9,1
S01013219,G I. Distribution hotels and restaurants,38,12,26
S01013219,H J. Transport and communication,24,10,14
S01013219,K L M N. Financial real estate professional and administrative activities,18,9,9
S01013219,O P Q. Public administration education and health,30,9,21
S01013219,R S T U. Other,13,5,8
S01013219,Never worked,22,8,14
S01013220,All people aged 16 to 74 not in employment,243,105,138
S01013220,A B D E. Agriculture energy and water,4,4,0
S01013220,C. Manufacturing,37,13,24
S01013220,F. Construction,16,16,0
S01013220,G I. Distribution hotels and restaurants,49,17,32
S01013220,H J. Transport and communication,26,7,19
S01013220,K L M N. Financial real estate professional and administrative activities,17,13,4
S01013220,O P Q. Public administration education and health,52,20,32
S01013220,R S T U. Other,10,3,7
S01013220,Never worked,32,12,20
S01013221,All people aged 16 to 74 not in employment,282,122,160
S01013221,A B D E. Agriculture energy and water,4,3,1
S01013221,C. Manufacturing,46,27,19
S01013221,F. Construction,17,17,0
S01013221,G I. Distribution hotels and restaurants,54,19,35
S01013221,H J. Transport and communication,23,9,14
S01013221,K L M N. Financial real estate professional and administrative activities,22,8,14
S01013221,O P Q. Public administration education and health,59,20,39
S01013221,R S T U. Other,8,1,7
S01013221,Never worked,49,18,31
S01013222,All people aged 16 to 74 not in employment,217,88,129
S01013222,A B D E. Agriculture energy and water,3,1,2
S01013222,C. Manufacturing,30,13,17
S01013222,F. Construction,11,11,0
S01013222,G I. Distribution hotels and restaurants,30,14,16
S01013222,H J. Transport and communication,23,6,17
S01013222,K L M N. Financial real estate professional and administrative activities,23,3,20
S01013222,O P Q. Public administration education and health,47,16,31
S01013222,R S T U. Other,15,5,10
S01013222,Never worked,35,19,16
S01013223,All people aged 16 to 74 not in employment,342,158,184
S01013223,A B D E. Agriculture energy and water,8,8,0
S01013223,C. Manufacturing,37,17,20
S01013223,F. Construction,25,24,1
S01013223,G I. Distribution hotels and restaurants,67,21,46
S01013223,H J. Transport and communication,43,23,20
S01013223,K L M N. Financial real estate professional and administrative activities,25,14,11
S01013223,O P Q. Public administration education and health,61,18,43
S01013223,R S T U. Other,14,6,8
S01013223,Never worked,62,27,35
S01013224,All people aged 16 to 74 not in employment,223,113,110
S01013224,A B D E. Agriculture energy and water,7,6,1
S01013224,C. Manufacturing,26,13,13
S01013224,F. Construction,28,26,2
S01013224,G I. Distribution hotels and restaurants,36,20,16
S01013224,H J. Transport and communication,24,8,16
S01013224,K L M N. Financial real estate professional and administrative activities,12,3,9
S01013224,O P Q. Public administration education and health,40,13,27
S01013224,R S T U. Other,13,6,7
S01013224,Never worked,37,18,19
S01013225,All people aged 16 to 74 not in employment,261,111,150
S01013225,A B D E. Agriculture energy and water,8,5,3
S01013225,C. Manufacturing,37,13,24
S01013225,F. Construction,14,13,1
S01013225,G I. Distribution hotels and restaurants,39,12,27
S01013225,H J. Transport and communication,22,6,16
S01013225,K L M N. Financial real estate professional and administrative activities,26,14,12
S01013225,O P Q. Public administration education and health,39,11,28
S01013225,R S T U. Other,17,10,7
S01013225,Never worked,59,27,32
S01013226,All people aged 16 to 74 not in employment,101,46,55
S01013226,A B D E. Agriculture energy and water,5,4,1
S01013226,C. Manufacturing,9,2,7
S01013226,F. Construction,6,5,1
S01013226,G I. Distribution hotels and restaurants,11,6,5
S01013226,H J. Transport and communication,5,2,3
S01013226,K L M N. Financial real estate professional and administrative activities,9,6,3
S01013226,O P Q. Public administration education and health,32,10,22
S01013226,R S T U. Other,5,2,3
S01013226,Never worked,19,9,10
S01013227,All people aged 16 to 74 not in employment,249,115,134
S01013227,A B D E. Agriculture energy and water,3,2,1
S01013227,C. Manufacturing,38,17,21
S01013227,F. Construction,22,19,3
S01013227,G I. Distribution hotels and restaurants,40,16,24
S01013227,H J. Transport and communication,23,7,16
S01013227,K L M N. Financial real estate professional and administrative activities,17,10,7
S01013227,O P Q. Public administration education and health,51,19,32
S01013227,R S T U. Other,17,6,11
S01013227,Never worked,38,19,19
S01013228,All people aged 16 to 74 not in employment,218,102,116
S01013228,A B D E. Agriculture energy and water,3,3,0
S01013228,C. Manufacturing,32,14,18
S01013228,F. Construction,16,14,2
S01013228,G I. Distribution hotels and restaurants,34,15,19
S01013228,H J. Transport and communication,20,12,8
S01013228,K L M N. Financial real estate professional and administrative activities,19,8,11
S01013228,O P Q. Public administration education and health,53,15,38
S01013228,R S T U. Other,14,7,7
S01013228,Never worked,27,14,13
S01013229,All people aged 16 to 74 not in employment,243,120,123
S01013229,A B D E. Agriculture energy and water,1,1,0
S01013229,C. Manufacturing,33,17,16
S01013229,F. Construction,20,20,0
S01013229,G I. Distribution hotels and restaurants,45,19,26
S01013229,H J. Transport and communication,20,6,14
S01013229,K L M N. Financial real estate professional and administrative activities,16,8,8
S01013229,O P Q. Public administration education and health,59,21,38
S01013229,R S T U. Other,3,2,1
S01013229,Never worked,46,26,20
S01013230,All people aged 16 to 74 not in employment,197,80,117
S01013230,A B D E. Agriculture energy and water,1,1,0
S01013230,C. Manufacturing,36,14,22
S01013230,F. Construction,13,12,1
S01013230,G I. Distribution hotels and restaurants,25,11,14
S01013230,H J. Transport and communication,13,4,9
S01013230,K L M N. Financial real estate professional and administrative activities,16,9,7
S01013230,O P Q. Public administration education and health,67,16,51
S01013230,R S T U. Other,5,3,2
S01013230,Never worked,21,10,11
S01013231,All people aged 16 to 74 not in employment,209,90,119
S01013231,A B D E. Agriculture energy and water,1,1,0
S01013231,C. Manufacturing,31,18,13
S01013231,F. Construction,20,17,3
S01013231,G I. Distribution hotels and restaurants,31,11,20
S01013231,H J. Transport and communication,27,5,22
S01013231,K L M N. Financial real estate professional and administrative activities,12,6,6
S01013231,O P Q. Public administration education and health,41,12,29
S01013231,R S T U. Other,13,3,10
S01013231,Never worked,33,17,16
S01013232,All people aged 16 to 74 not in employment,232,99,133
S01013232,A B D E. Agriculture energy and water,6,5,1
S01013232,C. Manufacturing,45,23,22
S01013232,F. Construction,15,14,1
S01013232,G I. Distribution hotels and restaurants,33,13,20
S01013232,H J. Transport and communication,18,6,12
S01013232,K L M N. Financial real estate professional and administrative activities,13,10,3
S01013232,O P Q. Public administration education and health,51,9,42
S01013232,R S T U. Other,19,5,14
S01013232,Never worked,32,14,18
S01013233,All people aged 16 to 74 not in employment,143,59,84
S01013233,A B D E. Agriculture energy and water,1,0,1
S01013233,C. Manufacturing,25,18,7
S01013233,F. Construction,10,8,2
S01013233,G I. Distribution hotels and restaurants,21,7,14
S01013233,H J. Transport and communication,10,5,5
S01013233,K L M N. Financial real estate professional and administrative activities,2,0,2
S01013233,O P Q. Public administration education and health,45,12,33
S01013233,R S T U. Other,4,1,3
S01013233,Never worked,25,8,17
S01013234,All people aged 16 to 74 not in employment,68,29,39
S01013234,A B D E. Agriculture energy and water,2,2,0
S01013234,C. Manufacturing,4,0,4
S01013234,F. Construction,5,5,0
S01013234,G I. Distribution hotels and restaurants,10,3,7
S01013234,H J. Transport and communication,5,1,4
S01013234,K L M N. Financial real estate professional and administrative activities,16,6,10
S01013234,O P Q. Public administration education and health,18,7,11
S01013234,R S T U. Other,2,0,2
S01013234,Never worked,6,5,1
S01013235,All people aged 16 to 74 not in employment,216,89,127
S01013235,A B D E. Agriculture energy and water,5,4,1
S01013235,C. Manufacturing,31,19,12
S01013235,F. Construction,14,14,0
S01013235,G I. Distribution hotels and restaurants,28,7,21
S01013235,H J. Transport and communication,23,6,17
S01013235,K L M N. Financial real estate professional and administrative activities,19,8,11
S01013235,O P Q. Public administration education and health,52,16,36
S01013235,R S T U. Other,18,7,11
S01013235,Never worked,26,8,18
S01013236,All people aged 16 to 74 not in employment,279,119,160
S01013236,A B D E. Agriculture energy and water,5,5,0
S01013236,C. Manufacturing,36,23,13
S01013236,F. Construction,21,16,5
S01013236,G I. Distribution hotels and restaurants,36,9,27
S01013236,H J. Transport and communication,21,9,12
S01013236,K L M N. Financial real estate professional and administrative activities,23,10,13
S01013236,O P Q. Public administration education and health,92,28,64
S01013236,R S T U. Other,9,4,5
S01013236,Never worked,36,15,21
S01013237,All people aged 16 to 74 not in employment,188,69,119
S01013237,A B D E. Agriculture energy and water,4,2,2
S01013237,C. Manufacturing,25,9,16
S01013237,F. Construction,7,7,0
S01013237,G I. Distribution hotels and restaurants,36,11,25
S01013237,H J. Transport and communication,16,5,11
S01013237,K L M N. Financial real estate professional and administrative activities,19,7,12
S01013237,O P Q. Public administration education and health,37,12,25
S01013237,R S T U. Other,10,4,6
S01013237,Never worked,34,12,22
S01013238,All people aged 16 to 74 not in employment,305,139,166
S01013238,A B D E. Agriculture energy and water,3,2,1
S01013238,C. Manufacturing,41,20,21
S01013238,F. Construction,28,28,0
S01013238,G I. Distribution hotels and restaurants,55,19,36
S01013238,H J. Transport and communication,33,13,20
S01013238,K L M N. Financial real estate professional and administrative activities,25,10,15
S01013238,O P Q. Public administration education and health,54,16,38
S01013238,R S T U. Other,10,2,8
S01013238,Never worked,56,29,27
S01013239,All people aged 16 to 74 not in employment,324,125,199
S01013239,A B D E. Agriculture energy and water,9,9,0
S01013239,C. Manufacturing,42,18,24
S01013239,F. Construction,27,26,1
S01013239,G I. Distribution hotels and restaurants,40,10,30
S01013239,H J. Transport and communication,21,12,9
S01013239,K L M N. Financial real estate professional and administrative activities,32,11,21
S01013239,O P Q. Public administration education and health,69,13,56
S01013239,R S T U. Other,19,4,15
S01013239,Never worked,65,22,43
S01013240,All people aged 16 to 74 not in employment,199,89,110
S01013240,A B D E. Agriculture energy and water,3,3,0
S01013240,C. Manufacturing,23,10,13
S01013240,F. Construction,21,16,5
S01013240,G I. Distribution hotels and restaurants,32,11,21
S01013240,H J. Transport and communication,23,7,16
S01013240,K L M N. Financial real estate professional and administrative activities,12,5,7
S01013240,O P Q. Public administration education and health,39,12,27
S01013240,R S T U. Other,3,2,1
S01013240,Never worked,43,23,20
S01013241,All people aged 16 to 74 not in employment,210,87,123
S01013241,A B D E. Agriculture energy and water,2,2,0
S01013241,C. Manufacturing,27,15,12
S01013241,F. Construction,9,9,0
S01013241,G I. Distribution hotels and restaurants,37,12,25
S01013241,H J. Transport and communication,20,10,10
S01013241,K L M N. Financial real estate professional and administrative activities,20,8,12
S01013241,O P Q. Public administration education and health,70,20,50
S01013241,R S T U. Other,5,2,3
S01013241,Never worked,20,9,11
S01013242,All people aged 16 to 74 not in employment,152,69,83
S01013242,A B D E. Agriculture energy and water,7,5,2
S01013242,C. Manufacturing,9,5,4
S01013242,F. Construction,13,9,4
S01013242,G I. Distribution hotels and restaurants,24,13,11
S01013242,H J. Transport and communication,16,5,11
S01013242,K L M N. Financial real estate professional and administrative activities,15,7,8
S01013242,O P Q. Public administration education and health,40,8,32
S01013242,R S T U. Other,8,4,4
S01013242,Never worked,20,13,7
S01013243,All people aged 16 to 74 not in employment,240,113,127
S01013243,A B D E. Agriculture energy and water,9,6,3
S01013243,C. Manufacturing,47,19,28
S01013243,F. Construction,17,17,0
S01013243,G I. Distribution hotels and restaurants,55,25,30
S01013243,H J. Transport and communication,16,2,14
S01013243,K L M N. Financial real estate professional and administrative activities,20,10,10
S01013243,O P Q. Public administration education and health,33,9,24
S01013243,R S T U. Other,6,5,1
S01013243,Never worked,37,20,17
S01013244,All people aged 16 to 74 not in employment,260,110,150
S01013244,A B D E. Agriculture energy and water,6,5,1
S01013244,C. Manufacturing,52,19,33
S01013244,F. Construction,25,23,2
S01013244,G I. Distribution hotels and restaurants,51,26,25
S01013244,H J. Transport and communication,13,3,10
S01013244,K L M N. Financial real estate professional and administrative activities,19,7,12
S01013244,O P Q. Public administration education and health,43,8,35
S01013244,R S T U. Other,13,3,10
S01013244,Never worked,38,16,22
S01013245,All people aged 16 to 74 not in employment,248,111,137
S01013245,A B D E. Agriculture energy and water,11,9,2
S01013245,C. Manufacturing,53,19,34
S01013245,F. Construction,29,28,1
S01013245,G I. Distribution hotels and restaurants,49,20,29
S01013245,H J. Transport and communication,16,3,13
S01013245,K L M N. Financial real estate professional and administrative activities,20,6,14
S01013245,O P Q. Public administration education and health,38,11,27
S01013245,R S T U. Other,3,0,3
S01013245,Never worked,29,15,14
S01013246,All people aged 16 to 74 not in employment,105,37,68
S01013246,A B D E. Agriculture energy and water,4,3,1
S01013246,C. Manufacturing,31,8,23
S01013246,F. Construction,9,8,1
S01013246,G I. Distribution hotels and restaurants,15,5,10
S01013246,H J. Transport and communication,7,2,5
S01013246,K L M N. Financial real estate professional and administrative activities,11,4,7
S01013246,O P Q. Public administration education and health,13,2,11
S01013246,R S T U. Other,3,0,3
S01013246,Never worked,12,5,7
S01013247,All people aged 16 to 74 not in employment,239,105,134
S01013247,A B D E. Agriculture energy and water,5,5,0
S01013247,C. Manufacturing,57,21,36
S01013247,F. Construction,23,21,2
S01013247,G I. Distribution hotels and restaurants,38,19,19
S01013247,H J. Transport and communication,19,7,12
S01013247,K L M N. Financial real estate professional and administrative activities,15,9,6
S01013247,O P Q. Public administration education and health,36,5,31
S01013247,R S T U. Other,5,2,3
S01013247,Never worked,41,16,25
S01013248,All people aged 16 to 74 not in employment,206,99,107
S01013248,A B D E. Agriculture energy and water,10,10,0
S01013248,C. Manufacturing,50,23,27
S01013248,F. Construction,24,21,3
S01013248,G I. Distribution hotels and restaurants,32,17,15
S01013248,H J. Transport and communication,13,3,10
S01013248,K L M N. Financial real estate professional and administrative activities,22,5,17
S01013248,O P Q. Public administration education and health,23,3,20
S01013248,R S T U. Other,10,3,7
S01013248,Never worked,22,14,8
S01013249,All people aged 16 to 74 not in employment,112,55,57
S01013249,A B D E. Agriculture energy and water,3,3,0
S01013249,C. Manufacturing,24,12,12
S01013249,F. Construction,8,8,0
S01013249,G I. Distribution hotels and restaurants,18,8,10
S01013249,H J. Transport and communication,6,2,4
S01013249,K L M N. Financial real estate professional and administrative activities,10,6,4
S01013249,O P Q. Public administration education and health,21,1,20
S01013249,R S T U. Other,1,1,0
S01013249,Never worked,21,14,7
S01013250,All people aged 16 to 74 not in employment,197,84,113
S01013250,A B D E. Agriculture energy and water,9,6,3
S01013250,C. Manufacturing,19,9,10
S01013250,F. Construction,11,11,0
S01013250,G I. Distribution hotels and restaurants,39,18,21
S01013250,H J. Transport and communication,11,3,8
S01013250,K L M N. Financial real estate professional and administrative activities,24,9,15
S01013250,O P Q. Public administration education and health,44,11,33
S01013250,R S T U. Other,6,1,5
S01013250,Never worked,34,16,18
S01013251,All people aged 16 to 74 not in employment,240,98,142
S01013251,A B D E. Agriculture energy and water,3,0,3
S01013251,C. Manufacturing,45,23,22
S01013251,F. Construction,18,17,1
S01013251,G I. Distribution hotels and restaurants,59,21,38
S01013251,H J. Transport and communication,13,3,10
S01013251,K L M N. Financial real estate professional and administrative activities,24,10,14
S01013251,O P Q. Public administration education and health,30,4,26
S01013251,R S T U. Other,5,1,4
S01013251,Never worked,43,19,24
S01013252,All people aged 16 to 74 not in employment,207,91,116
S01013252,A B D E. Agriculture energy and water,6,4,2
S01013252,C. Manufacturing,45,18,27
S01013252,F. Construction,21,20,1
S01013252,G I. Distribution hotels and restaurants,38,16,22
S01013252,H J. Transport and communication,16,7,9
S01013252,K L M N. Financial real estate professional and administrative activities,16,7,9
S01013252,O P Q. Public administration education and health,36,10,26
S01013252,R S T U. Other,5,0,5
S01013252,Never worked,24,9,15
S01013253,All people aged 16 to 74 not in employment,195,84,111
S01013253,A B D E. Agriculture energy and water,6,5,1
S01013253,C. Manufacturing,43,20,23
S01013253,F. Construction,19,17,2
S01013253,G I. Distribution hotels and restaurants,35,15,20
S01013253,H J. Transport and communication,9,1,8
S01013253,K L M N. Financial real estate professional and administrative activities,12,5,7
S01013253,O P Q. Public administration education and health,44,10,34
S01013253,R S T U. Other,6,2,4
S01013253,Never worked,21,9,12
S01013254,All people aged 16 to 74 not in employment,206,87,119
S01013254,A B D E. Agriculture energy and water,5,4,1
S01013254,C. Manufacturing,46,14,32
S01013254,F. Construction,13,12,1
S01013254,G I. Distribution hotels and restaurants,48,21,27
S01013254,H J. Transport and communication,7,2,5
S01013254,K L M N. Financial real estate professional and administrative activities,22,10,12
S01013254,O P Q. Public administration education and health,26,7,19
S01013254,R S T U. Other,4,3,1
S01013254,Never worked,35,14,21
S01013255,All people aged 16 to 74 not in employment,705,568,137
S01013255,A B D E. Agriculture energy and water,30,28,2
S01013255,C. Manufacturing,102,71,31
S01013255,F. Construction,134,133,1
S01013255,G I. Distribution hotels and restaurants,137,112,25
S01013255,H J. Transport and communication,24,17,7
S01013255,K L M N. Financial real estate professional and administrative activities,37,24,13
S01013255,O P Q. Public administration education and health,55,26,29
S01013255,R S T U. Other,23,11,12
S01013255,Never worked,163,146,17
S01013256,All people aged 16 to 74 not in employment,167,70,97
S01013256,A B D E. Agriculture energy and water,4,3,1
S01013256,C. Manufacturing,19,9,10
S01013256,F. Construction,11,9,2
S01013256,G I. Distribution hotels and restaurants,30,13,17
S01013256,H J. Transport and communication,9,1,8
S01013256,K L M N. Financial real estate professional and administrative activities,9,4,5
S01013256,O P Q. Public administration education and health,47,12,35
S01013256,R S T U. Other,5,1,4
S01013256,Never worked,33,18,15
S01013257,All people aged 16 to 74 not in employment,212,89,123
S01013257,A B D E. Agriculture energy and water,4,4,0
S01013257,C. Manufacturing,24,14,10
S01013257,F. Construction,21,20,1
S01013257,G I. Distribution hotels and restaurants,41,10,31
S01013257,H J. Transport and communication,19,3,16
S01013257,K L M N. Financial real estate professional and administrative activities,23,13,10
S01013257,O P Q. Public administration education and health,45,14,31
S01013257,R S T U. Other,9,1,8
S01013257,Never worked,26,10,16
S01013258,All people aged 16 to 74 not in employment,197,78,119
S01013258,A B D E. Agriculture energy and water,5,4,1
S01013258,C. Manufacturing,17,10,7
S01013258,F. Construction,9,8,1
S01013258,G I. Distribution hotels and restaurants,42,15,27
S01013258,H J. Transport and communication,17,5,12
S01013258,K L M N. Financial real estate professional and administrative activities,15,9,6
S01013258,O P Q. Public administration education and health,58,13,45
S01013258,R S T U. Other,9,3,6
S01013258,Never worked,25,11,14
S01013259,All people aged 16 to 74 not in employment,224,91,133
S01013259,A B D E. Agriculture energy and water,5,4,1
S01013259,C. Manufacturing,30,8,22
S01013259,F. Construction,19,17,2
S01013259,G I. Distribution hotels and restaurants,53,20,33
S01013259,H J. Transport and communication,14,3,11
S01013259,K L M N. Financial real estate professional and administrative activities,26,13,13
S01013259,O P Q. Public administration education and health,38,8,30
S01013259,R S T U. Other,13,3,10
S01013259,Never worked,26,15,11
S01013260,All people aged 16 to 74 not in employment,248,102,146
S01013260,A B D E. Agriculture energy and water,10,8,2
S01013260,C. Manufacturing,35,17,18
S01013260,F. Construction,18,17,1
S01013260,G I. Distribution hotels and restaurants,52,19,33
S01013260,H J. Transport and communication,12,2,10
S01013260,K L M N. Financial real estate professional and administrative activities,22,8,14
S01013260,O P Q. Public administration education and health,39,11,28
S01013260,R S T U. Other,12,5,7
S01013260,Never worked,48,15,33
S01013261,All people aged 16 to 74 not in employment,220,86,134
S01013261,A B D E. Agriculture energy and water,6,3,3
S01013261,C. Manufacturing,34,13,21
S01013261,F. Construction,16,15,1
S01013261,G I. Distribution hotels and restaurants,44,18,26
S01013261,H J. Transport and communication,16,4,12
S01013261,K L M N. Financial real estate professional and administrative activities,22,12,10
S01013261,O P Q. Public administration education and health,42,3,39
S01013261,R S T U. Other,8,2,6
S01013261,Never worked,32,16,16
S01013262,All people aged 16 to 74 not in employment,196,89,107
S01013262,A B D E. Agriculture energy and water,6,6,0
S01013262,C. Manufacturing,36,13,23
S01013262,F. Construction,19,15,4
S01013262,G I. Distribution hotels and restaurants,31,17,14
S01013262,H J. Transport and communication,15,1,14
S01013262,K L M N. Financial real estate professional and administrative activities,23,11,12
S01013262,O P Q. Public administration education and health,33,9,24
S01013262,R S T U. Other,9,3,6
S01013262,Never worked,24,14,10
S01013263,All people aged 16 to 74 not in employment,105,38,67
S01013263,A B D E. Agriculture energy and water,2,2,0
S01013263,C. Manufacturing,15,7,8
S01013263,F. Construction,5,3,2
S01013263,G I. Distribution hotels and restaurants,16,5,11
S01013263,H J. Transport and communication,11,5,6
S01013263,K L M N. Financial real estate professional and administrative activities,12,4,8
S01013263,O P Q. Public administration education and health,30,5,25
S01013263,R S T U. Other,2,1,1
S01013263,Never worked,12,6,6
S01013264,All people aged 16 to 74 not in employment,80,33,47
S01013264,A B D E. Agriculture energy and water,0,0,0
S01013264,C. Manufacturing,10,5,5
S01013264,F. Construction,2,0,2
S01013264,G I. Distribution hotels and restaurants,14,8,6
S01013264,H J. Transport and communication,6,6,0
S01013264,K L M N. Financial real estate professional and administrative activities,13,5,8
S01013264,O P Q. Public administration education and health,14,4,10
S01013264,R S T U. Other,0,0,0
S01013264,Never worked,21,5,16
S01013265,All people aged 16 to 74 not in employment,97,39,58
S01013265,A B D E. Agriculture energy and water,0,0,0
S01013265,C. Manufacturing,4,4,0
S01013265,F. Construction,1,1,0
S01013265,G I. Distribution hotels and restaurants,23,8,15
S01013265,H J. Transport and communication,5,1,4
S01013265,K L M N. Financial real estate professional and administrative activities,17,8,9
S01013265,O P Q. Public administration education and health,12,2,10
S01013265,R S T U. Other,3,1,2
S01013265,Never worked,32,14,18
S01013266,All people aged 16 to 74 not in employment,82,37,45
S01013266,A B D E. Agriculture energy and water,2,2,0
S01013266,C. Manufacturing,4,3,1
S01013266,F. Construction,7,7,0
S01013266,G I. Distribution hotels and restaurants,13,5,8
S01013266,H J. Transport and communication,6,2,4
S01013266,K L M N. Financial real estate professional and administrative activities,9,2,7
S01013266,O P Q. Public administration education and health,19,6,13
S01013266,R S T U. Other,4,0,4
S01013266,Never worked,18,10,8
S01013267,All people aged 16 to 74 not in employment,163,75,88
S01013267,A B D E. Agriculture energy and water,0,0,0
S01013267,C. Manufacturing,18,10,8
S01013267,F. Construction,10,9,1
S01013267,G I. Distribution hotels and restaurants,40,19,21
S01013267,H J. Transport and communication,10,3,7
S01013267,K L M N. Financial real estate professional and administrative activities,12,5,7
S01013267,O P Q. Public administration education and health,29,5,24
S01013267,R S T U. Other,6,1,5
S01013267,Never worked,38,23,15
S01013268,All people aged 16 to 74 not in employment,190,74,116
S01013268,A B D E. Agriculture energy and water,3,3,0
S01013268,C. Manufacturing,26,12,14
S01013268,F. Construction,12,11,1
S01013268,G I. Distribution hotels and restaurants,41,14,27
S01013268,H J. Transport and communication,10,3,7
S01013268,K L M N. Financial real estate professional and administrative activities,15,6,9
S01013268,O P Q. Public administration education and health,50,13,37
S01013268,R S T U. Other,2,0,2
S01013268,Never worked,31,12,19
S01013269,All people aged 16 to 74 not in employment,160,62,98
S01013269,A B D E. Agriculture energy and water,4,1,3
S01013269,C. Manufacturing,18,9,9
S01013269,F. Construction,5,5,0
S01013269,G I. Distribution hotels and restaurants,23,11,12
S01013269,H J. Transport and communication,11,4,7
S01013269,K L M N. Financial real estate professional and administrative activities,27,8,19
S01013269,O P Q. Public administration education and health,38,10,28
S01013269,R S T U. Other,4,2,2
S01013269,Never worked,30,12,18
S01013270,All people aged 16 to 74 not in employment,125,53,72
S01013270,A B D E. Agriculture energy and water,4,2,2
S01013270,C. Manufacturing,8,5,3
S01013270,F. Construction,6,6,0
S01013270,G I. Distribution hotels and restaurants,19,7,12
S01013270,H J. Transport and communication,8,2,6
S01013270,K L M N. Financial real estate professional and administrative activities,17,6,11
S01013270,O P Q. Public administration education and health,28,8,20
S01013270,R S T U. Other,3,1,2
S01013270,Never worked,32,16,16
S01013271,All people aged 16 to 74 not in employment,176,71,105
S01013271,A B D E. Agriculture energy and water,6,6,0
S01013271,C. Manufacturing,18,10,8
S01013271,F. Construction,6,5,1
S01013271,G I. Distribution hotels and restaurants,23,11,12
S01013271,H J. Transport and communication,3,2,1
S01013271,K L M N. Financial real estate professional and administrative activities,21,5,16
S01013271,O P Q. Public administration education and health,72,25,47
S01013271,R S T U. Other,7,1,6
S01013271,Never worked,20,6,14
S01013272,All people aged 16 to 74 not in employment,132,60,72
S01013272,A B D E. Agriculture energy and water,2,1,1
S01013272,C. Manufacturing,9,2,7
S01013272,F. Construction,3,2,1
S01013272,G I. Distribution hotels and restaurants,21,12,9
S01013272,H J. Transport and communication,9,3,6
S01013272,K L M N. Financial real estate professional and administrative activities,29,10,19
S01013272,O P Q. Public administration education and health,27,9,18
S01013272,R S T U. Other,5,1,4
S01013272,Never worked,27,20,7
S01013273,All people aged 16 to 74 not in employment,99,41,58
S01013273,A B D E. Agriculture energy and water,3,2,1
S01013273,C. Manufacturing,6,4,2
S01013273,F. Construction,0,0,0
S01013273,G I. Distribution hotels and restaurants,12,5,7
S01013273,H J. Transport and communication,7,3,4
S01013273,K L M N. Financial real estate professional and administrative activities,22,6,16
S01013273,O P Q. Public administration education and health,21,5,16
S01013273,R S T U. Other,7,2,5
S01013273,Never worked,21,14,7
S01013274,All people aged 16 to 74 not in employment,202,88,114
S01013274,A B D E. Agriculture energy and water,5,3,2
S01013274,C. Manufacturing,18,10,8
S01013274,F. Construction,10,9,1
S01013274,G I. Distribution hotels and restaurants,51,23,28
S01013274,H J. Transport and communication,17,5,12
S01013274,K L M N. Financial real estate professional and administrative activities,25,11,14
S01013274,O P Q. Public administration education and health,44,10,34
S01013274,R S T U. Other,3,0,3
S01013274,Never worked,29,17,12
S01013275,All people aged 16 to 74 not in employment,139,50,89
S01013275,A B D E. Agriculture energy and water,3,1,2
S01013275,C. Manufacturing,11,4,7
S01013275,F. Construction,4,4,0
S01013275,G I. Distribution hotels and restaurants,28,12,16
S01013275,H J. Transport and communication,18,7,11
S01013275,K L M N. Financial real estate professional and administrative activities,15,4,11
S01013275,O P Q. Public administration education and health,45,12,33
S01013275,R S T U. Other,0,0,0
S01013275,Never worked,15,6,9
S01013276,All people aged 16 to 74 not in employment,110,55,55
S01013276,A B D E. Agriculture energy and water,1,1,0
S01013276,C. Manufacturing,12,9,3
S01013276,F. Construction,7,6,1
S01013276,G I. Distribution hotels and restaurants,15,8,7
S01013276,H J. Transport and communication,11,4,7
S01013276,K L M N. Financial real estate professional and administrative activities,10,6,4
S01013276,O P Q. Public administration education and health,32,9,23
S01013276,R S T U. Other,5,3,2
S01013276,Never worked,17,9,8
S01013277,All people aged 16 to 74 not in employment,230,88,142
S01013277,A B D E. Agriculture energy and water,2,2,0
S01013277,C. Manufacturing,33,14,19
S01013277,F. Construction,9,8,1
S01013277,G I. Distribution hotels and restaurants,43,18,25
S01013277,H J. Transport and communication,16,8,8
S01013277,K L M N. Financial real estate professional and administrative activities,29,10,19
S01013277,O P Q. Public administration education and health,46,9,37
S01013277,R S T U. Other,9,0,9
S01013277,Never worked,43,19,24
S01013278,All people aged 16 to 74 not in employment,255,116,139
S01013278,A B D E. Agriculture energy and water,6,5,1
S01013278,C. Manufacturing,40,20,20
S01013278,F. Construction,15,15,0
S01013278,G I. Distribution hotels and restaurants,59,23,36
S01013278,H J. Transport and communication,19,4,15
S01013278,K L M N. Financial real estate professional and administrative activities,28,12,16
S01013278,O P Q. Public administration education and health,39,10,29
S01013278,R S T U. Other,8,4,4
S01013278,Never worked,41,23,18
S01013279,All people aged 16 to 74 not in employment,216,92,124
S01013279,A B D E. Agriculture energy and water,2,2,0
S01013279,C. Manufacturing,28,15,13
S01013279,F. Construction,10,10,0
S01013279,G I. Distribution hotels and restaurants,48,18,30
S01013279,H J. Transport and communication,17,5,12
S01013279,K L M N. Financial real estate professional and administrative activities,29,12,17
S01013279,O P Q. Public administration education and health,27,8,19
S01013279,R S T U. Other,4,2,2
S01013279,Never worked,51,20,31
S01013280,All people aged 16 to 74 not in employment,140,63,77
S01013280,A B D E. Agriculture energy and water,1,0,1
S01013280,C. Manufacturing,25,12,13
S01013280,F. Construction,8,6,2
S01013280,G I. Distribution hotels and restaurants,29,16,13
S01013280,H J. Transport and communication,10,4,6
S01013280,K L M N. Financial real estate professional and administrative activities,15,6,9
S01013280,O P Q. Public administration education and health,33,7,26
S01013280,R S T U. Other,2,0,2
S01013280,Never worked,17,12,5
S01013281,All people aged 16 to 74 not in employment,260,103,157
S01013281,A B D E. Agriculture energy and water,6,2,4
S01013281,C. Manufacturing,41,16,25
S01013281,F. Construction,11,10,1
S01013281,G I. Distribution hotels and restaurants,69,28,41
S01013281,H J. Transport and communication,21,7,14
S01013281,K L M N. Financial real estate professional and administrative activities,26,11,15
S01013281,O P Q. Public administration education and health,36,11,25
S01013281,R S T U. Other,9,2,7
S01013281,Never worked,41,16,25
S01013282,All people aged 16 to 74 not in employment,227,107,120
S01013282,A B D E. Agriculture energy and water,0,0,0
S01013282,C. Manufacturing,28,18,10
S01013282,F. Construction,11,10,1
S01013282,G I. Distribution hotels and restaurants,46,22,24
S01013282,H J. Transport and communication,37,14,23
S01013282,K L M N. Financial real estate professional and administrative activities,24,10,14
S01013282,O P Q. Public administration education and health,31,8,23
S01013282,R S T U. Other,11,4,7
S01013282,Never worked,39,21,18
S01013283,All people aged 16 to 74 not in employment,138,65,73
S01013283,A B D E. Agriculture energy and water,1,1,0
S01013283,C. Manufacturing,21,9,12
S01013283,F. Construction,8,8,0
S01013283,G I. Distribution hotels and restaurants,23,14,9
S01013283,H J. Transport and communication,18,7,11
S01013283,K L M N. Financial real estate professional and administrative activities,10,4,6
S01013283,O P Q. Public administration education and health,17,5,12
S01013283,R S T U. Other,4,2,2
S01013283,Never worked,36,15,21
S01013284,All people aged 16 to 74 not in employment,97,42,55
S01013284,A B D E. Agriculture energy and water,0,0,0
S01013284,C. Manufacturing,11,5,6
S01013284,F. Construction,3,3,0
S01013284,G I. Distribution hotels and restaurants,20,11,9
S01013284,H J. Transport and communication,7,1,6
S01013284,K L M N. Financial real estate professional and administrative activities,16,5,11
S01013284,O P Q. Public administration education and health,25,7,18
S01013284,R S T U. Other,1,1,0
S01013284,Never worked,14,9,5
S01013285,All people aged 16 to 74 not in employment,127,57,70
S01013285,A B D E. Agriculture energy and water,3,1,2
S01013285,C. Manufacturing,10,5,5
S01013285,F. Construction,6,5,1
S01013285,G I. Distribution hotels and restaurants,24,10,14
S01013285,H J. Transport and communication,12,4,8
S01013285,K L M N. Financial real estate professional and administrative activities,14,6,8
S01013285,O P Q. Public administration education and health,30,10,20
S01013285,R S T U. Other,2,1,1
S01013285,Never worked,26,15,11
S01013286,All people aged 16 to 74 not in employment,126,60,66
S01013286,A B D E. Agriculture energy and water,1,1,0
S01013286,C. Manufacturing,13,7,6
S01013286,F. Construction,3,2,1
S01013286,G I. Distribution hotels and restaurants,27,13,14
S01013286,H J. Transport and communication,14,6,8
S01013286,K L M N. Financial real estate professional and administrative activities,16,8,8
S01013286,O P Q. Public administration education and health,31,10,21
S01013286,R S T U. Other,1,0,1
S01013286,Never worked,20,13,7
S01013287,All people aged 16 to 74 not in employment,126,52,74
S01013287,A B D E. Agriculture energy and water,2,1,1
S01013287,C. Manufacturing,5,2,3
S01013287,F. Construction,7,4,3
S01013287,G I. Distribution hotels and restaurants,24,9,15
S01013287,H J. Transport and communication,8,3,5
S01013287,K L M N. Financial real estate professional and administrative activities,22,8,14
S01013287,O P Q. Public administration education and health,28,7,21
S01013287,R S T U. Other,5,2,3
S01013287,Never worked,25,16,9
S01013288,All people aged 16 to 74 not in employment,173,79,94
S01013288,A B D E. Agriculture energy and water,5,3,2
S01013288,C. Manufacturing,21,13,8
S01013288,F. Construction,8,8,0
S01013288,G I. Distribution hotels and restaurants,31,16,15
S01013288,H J. Transport and communication,14,3,11
S01013288,K L M N. Financial real estate professional and administrative activities,28,13,15
S01013288,O P Q. Public administration education and health,28,7,21
S01013288,R S T U. Other,6,0,6
S01013288,Never worked,32,16,16
S01013289,All people aged 16 to 74 not in employment,167,67,100
S01013289,A B D E. Agriculture energy and water,2,1,1
S01013289,C. Manufacturing,15,9,6
S01013289,F. Construction,13,10,3
S01013289,G I. Distribution hotels and restaurants,22,10,12
S01013289,H J. Transport and communication,10,3,7
S01013289,K L M N. Financial real estate professional and administrative activities,23,6,17
S01013289,O P Q. Public administration education and health,47,13,34
S01013289,R S T U. Other,8,1,7
S01013289,Never worked,27,14,13
S01013290,All people aged 16 to 74 not in employment,164,72,92
S01013290,A B D E. Agriculture energy and water,0,0,0
S01013290,C. Manufacturing,15,9,6
S01013290,F. Construction,9,9,0
S01013290,G I. Distribution hotels and restaurants,30,12,18
S01013290,H J. Transport and communication,12,5,7
S01013290,K L M N. Financial real estate professional and administrative activities,28,11,17
S01013290,O P Q. Public administration education and health,36,10,26
S01013290,R S T U. Other,4,1,3
S01013290,Never worked,30,15,15
S01013291,All people aged 16 to 74 not in employment,103,42,61
S01013291,A B D E. Agriculture energy and water,4,3,1
S01013291,C. Manufacturing,5,3,2
S01013291,F. Construction,6,5,1
S01013291,G I. Distribution hotels and restaurants,15,4,11
S01013291,H J. Transport and communication,9,5,4
S01013291,K L M N. Financial real estate professional and administrative activities,14,2,12
S01013291,O P Q. Public administration education and health,20,1,19
S01013291,R S T U. Other,8,3,5
S01013291,Never worked,22,16,6
S01013292,All people aged 16 to 74 not in employment,164,72,92
S01013292,A B D E. Agriculture energy and water,6,6,0
S01013292,C. Manufacturing,17,9,8
S01013292,F. Construction,11,9,2
S01013292,G I. Distribution hotels and restaurants,32,14,18
S01013292,H J. Transport and communication,16,6,10
S01013292,K L M N. Financial real estate professional and administrative activities,25,9,16
S01013292,O P Q. Public administration education and health,27,6,21
S01013292,R S T U. Other,9,1,8
S01013292,Never worked,21,12,9
S01013293,All people aged 16 to 74 not in employment,148,67,81
S01013293,A B D E. Agriculture energy and water,2,1,1
S01013293,C. Manufacturing,16,7,9
S01013293,F. Construction,8,6,2
S01013293,G I. Distribution hotels and restaurants,31,12,19
S01013293,H J. Transport and communication,12,9,3
S01013293,K L M N. Financial real estate professional and administrative activities,12,5,7
S01013293,O P Q. Public administration education and health,32,9,23
S01013293,R S T U. Other,6,3,3
S01013293,Never worked,29,15,14
S01013294,All people aged 16 to 74 not in employment,155,73,82
S01013294,A B D E. Agriculture energy and water,7,4,3
S01013294,C. Manufacturing,15,8,7
S01013294,F. Construction,11,9,2
S01013294,G I. Distribution hotels and restaurants,27,16,11
S01013294,H J. Transport and communication,17,6,11
S01013294,K L M N. Financial real estate professional and administrative activities,20,9,11
S01013294,O P Q. Public administration education and health,28,7,21
S01013294,R S T U. Other,1,0,1
S01013294,Never worked,29,14,15
S01013295,All people aged 16 to 74 not in employment,149,70,79
S01013295,A B D E. Agriculture energy and water,3,2,1
S01013295,C. Manufacturing,12,5,7
S01013295,F. Construction,10,10,0
S01013295,G I. Distribution hotels and restaurants,27,12,15
S01013295,H J. Transport and communication,6,3,3
S01013295,K L M N. Financial real estate professional and administrative activities,20,9,11
S01013295,O P Q. Public administration education and health,34,11,23
S01013295,R S T U. Other,4,2,2
S01013295,Never worked,33,16,17
S01013296,All people aged 16 to 74 not in employment,216,96,120
S01013296,A B D E. Agriculture energy and water,6,4,2
S01013296,C. Manufacturing,26,12,14
S01013296,F. Construction,26,24,2
S01013296,G I. Distribution hotels and restaurants,40,17,23
S01013296,H J. Transport and communication,17,9,8
S01013296,K L M N. Financial real estate professional and administrative activities,21,7,14
S01013296,O P Q. Public administration education and health,40,8,32
S01013296,R S T U. Other,11,3,8
S01013296,Never worked,29,12,17
S01013297,All people aged 16 to 74 not in employment,176,73,103
S01013297,A B D E. Agriculture energy and water,2,2,0
S01013297,C. Manufacturing,21,15,6
S01013297,F. Construction,8,8,0
S01013297,G I. Distribution hotels and restaurants,29,9,20
S01013297,H J. Transport and communication,19,8,11
S01013297,K L M N. Financial real estate professional and administrative activities,23,13,10
S01013297,O P Q. Public administration education and health,36,3,33
S01013297,R S T U. Other,13,4,9
S01013297,Never worked,25,11,14
S01013298,All people aged 16 to 74 not in employment,182,85,97
S01013298,A B D E. Agriculture energy and water,4,3,1
S01013298,C. Manufacturing,32,19,13
S01013298,F. Construction,9,8,1
S01013298,G I. Distribution hotels and restaurants,31,17,14
S01013298,H J. Transport and communication,15,3,12
S01013298,K L M N. Financial real estate professional and administrative activities,15,5,10
S01013298,O P Q. Public administration education and health,39,8,31
S01013298,R S T U. Other,5,2,3
S01013298,Never worked,32,20,12
S01013299,All people aged 16 to 74 not in employment,243,105,138
S01013299,A B D E. Agriculture energy and water,7,6,1
S01013299,C. Manufacturing,35,16,19
S01013299,F. Construction,22,20,2
S01013299,G I. Distribution hotels and restaurants,54,23,31
S01013299,H J. Transport and communication,23,6,17
S01013299,K L M N. Financial real estate professional and administrative activities,16,1,15
S01013299,O P Q. Public administration education and health,37,7,30
S01013299,R S T U. Other,13,4,9
S01013299,Never worked,36,22,14
S01013300,All people aged 16 to 74 not in employment,176,68,108
S01013300,A B D E. Agriculture energy and water,8,7,1
S01013300,C. Manufacturing,38,15,23
S01013300,F. Construction,14,12,2
S01013300,G I. Distribution hotels and restaurants,26,10,16
S01013300,H J. Transport and communication,20,2,18
S01013300,K L M N. Financial real estate professional and administrative activities,15,6,9
S01013300,O P Q. Public administration education and health,27,2,25
S01013300,R S T U. Other,7,2,5
S01013300,Never worked,21,12,9
S01013301,All people aged 16 to 74 not in employment,138,66,72
S01013301,A B D E. Agriculture energy and water,7,6,1
S01013301,C. Manufacturing,29,15,14
S01013301,F. Construction,10,8,2
S01013301,G I. Distribution hotels and restaurants,27,14,13
S01013301,H J. Transport and communication,8,1,7
S01013301,K L M N. Financial real estate professional and administrative activities,16,2,14
S01013301,O P Q. Public administration education and health,17,5,12
S01013301,R S T U. Other,3,2,1
S01013301,Never worked,21,13,8
S01013302,All people aged 16 to 74 not in employment,148,63,85
S01013302,A B D E. Agriculture energy and water,6,5,1
S01013302,C. Manufacturing,13,6,7
S01013302,F. Construction,10,10,0
S01013302,G I. Distribution hotels and restaurants,31,12,19
S01013302,H J. Transport and communication,16,6,10
S01013302,K L M N. Financial real estate professional and administrative activities,19,6,13
S01013302,O P Q. Public administration education and health,28,7,21
S01013302,R S T U. Other,5,0,5
S01013302,Never worked,20,11,9
S01013303,All people aged 16 to 74 not in employment,251,106,145
S01013303,A B D E. Agriculture energy and water,4,3,1
S01013303,C. Manufacturing,37,22,15
S01013303,F. Construction,15,10,5
S01013303,G I. Distribution hotels and restaurants,50,22,28
S01013303,H J. Transport and communication,12,5,7
S01013303,K L M N. Financial real estate professional and administrative activities,34,12,22
S01013303,O P Q. Public administration education and health,69,16,53
S01013303,R S T U. Other,7,1,6
S01013303,Never worked,23,15,8
S01013304,All people aged 16 to 74 not in employment,276,129,147
S01013304,A B D E. Agriculture energy and water,6,6,0
S01013304,C. Manufacturing,42,15,27
S01013304,F. Construction,24,22,2
S01013304,G I. Distribution hotels and restaurants,58,26,32
S01013304,H J. Transport and communication,26,7,19
S01013304,K L M N. Financial real estate professional and administrative activities,32,14,18
S01013304,O P Q. Public administration education and health,42,13,29
S01013304,R S T U. Other,7,4,3
S01013304,Never worked,39,22,17
S01013305,All people aged 16 to 74 not in employment,266,122,144
S01013305,A B D E. Agriculture energy and water,7,5,2
S01013305,C. Manufacturing,44,20,24
S01013305,F. Construction,28,25,3
S01013305,G I. Distribution hotels and restaurants,51,22,29
S01013305,H J. Transport and communication,22,10,12
S01013305,K L M N. Financial real estate professional and administrative activities,27,11,16
S01013305,O P Q. Public administration education and health,41,11,30
S01013305,R S T U. Other,7,1,6
S01013305,Never worked,39,17,22
S01013306,All people aged 16 to 74 not in employment,365,171,194
S01013306,A B D E. Agriculture energy and water,2,2,0
S01013306,C. Manufacturing,50,29,21
S01013306,F. Construction,35,34,1
S01013306,G I. Distribution hotels and restaurants,78,39,39
S01013306,H J. Transport and communication,40,11,29
S01013306,K L M N. Financial real estate professional and administrative activities,33,18,15
S01013306,O P Q. Public administration education and health,43,10,33
S01013306,R S T U. Other,13,6,7
S01013306,Never worked,71,22,49
S01013307,All people aged 16 to 74 not in employment,332,149,183
S01013307,A B D E. Agriculture energy and water,3,3,0
S01013307,C. Manufacturing,51,25,26
S01013307,F. Construction,28,25,3
S01013307,G I. Distribution hotels and restaurants,61,22,39
S01013307,H J. Transport and communication,27,6,21
S01013307,K L M N. Financial real estate professional and administrative activities,47,23,24
S01013307,O P Q. Public administration education and health,38,11,27
S01013307,R S T U. Other,8,2,6
S01013307,Never worked,69,32,37
S01013308,All people aged 16 to 74 not in employment,286,120,166
S01013308,A B D E. Agriculture energy and water,2,1,1
S01013308,C. Manufacturing,30,10,20
S01013308,F. Construction,16,14,2
S01013308,G I. Distribution hotels and restaurants,65,32,33
S01013308,H J. Transport and communication,37,13,24
S01013308,K L M N. Financial real estate professional and administrative activities,33,10,23
S01013308,O P Q. Public administration education and health,34,9,25
S01013308,R S T U. Other,13,4,9
S01013308,Never worked,56,27,29
S01013309,All people aged 16 to 74 not in employment,127,52,75
S01013309,A B D E. Agriculture energy and water,4,3,1
S01013309,C. Manufacturing,11,6,5
S01013309,F. Construction,8,7,1
S01013309,G I. Distribution hotels and restaurants,29,12,17
S01013309,H J. Transport and communication,12,2,10
S01013309,K L M N. Financial real estate professional and administrative activities,11,5,6
S01013309,O P Q. Public administration education and health,20,4,16
S01013309,R S T U. Other,3,1,2
S01013309,Never worked,29,12,17
S01013310,All people aged 16 to 74 not in employment,166,64,102
S01013310,A B D E. Agriculture energy and water,2,1,1
S01013310,C. Manufacturing,21,11,10
S01013310,F. Construction,10,10,0
S01013310,G I. Distribution hotels and restaurants,31,12,19
S01013310,H J. Transport and communication,15,2,13
S01013310,K L M N. Financial real estate professional and administrative activities,24,9,15
S01013310,O P Q. Public administration education and health,32,4,28
S01013310,R S T U. Other,7,3,4
S01013310,Never worked,24,12,12
S01013311,All people aged 16 to 74 not in employment,233,93,140
S01013311,A B D E. Agriculture energy and water,2,2,0
S01013311,C. Manufacturing,29,9,20
S01013311,F. Construction,18,17,1
S01013311,G I. Distribution hotels and restaurants,47,17,30
S01013311,H J. Transport and communication,20,8,12
S01013311,K L M N. Financial real estate professional and administrative activities,26,9,17
S01013311,O P Q. Public administration education and health,45,9,36
S01013311,R S T U. Other,5,1,4
S01013311,Never worked,41,21,20
S01013312,All people aged 16 to 74 not in employment,317,134,183
S01013312,A B D E. Agriculture energy and water,8,5,3
S01013312,C. Manufacturing,44,18,26
S01013312,F. Construction,24,22,2
S01013312,G I. Distribution hotels and restaurants,70,31,39
S01013312,H J. Transport and communication,18,4,14
S01013312,K L M N. Financial real estate professional and administrative activities,44,19,25
S01013312,O P Q. Public administration education and health,47,13,34
S01013312,R S T U. Other,9,3,6
S01013312,Never worked,53,19,34
S01013313,All people aged 16 to 74 not in employment,202,86,116
S01013313,A B D E. Agriculture energy and water,0,0,0
S01013313,C. Manufacturing,35,18,17
S01013313,F. Construction,9,9,0
S01013313,G I. Distribution hotels and restaurants,29,14,15
S01013313,H J. Transport and communication,14,3,11
S01013313,K L M N. Financial real estate professional and administrative activities,15,7,8
S01013313,O P Q. Public administration education and health,38,7,31
S01013313,R S T U. Other,7,0,7
S01013313,Never worked,55,28,27
S01013314,All people aged 16 to 74 not in employment,188,77,111
S01013314,A B D E. Agriculture energy and water,7,3,4
S01013314,C. Manufacturing,29,18,11
S01013314,F. Construction,13,10,3
S01013314,G I. Distribution hotels and restaurants,36,13,23
S01013314,H J. Transport and communication,21,5,16
S01013314,K L M N. Financial real estate professional and administrative activities,18,10,8
S01013314,O P Q. Public administration education and health,42,9,33
S01013314,R S T U. Other,6,0,6
S01013314,Never worked,16,9,7
S01013315,All people aged 16 to 74 not in employment,70,27,43
S01013315,A B D E. Agriculture energy and water,2,2,0
S01013315,C. Manufacturing,2,2,0
S01013315,F. Construction,1,0,1
S01013315,G I. Distribution hotels and restaurants,15,5,10
S01013315,H J. Transport and communication,6,2,4
S01013315,K L M N. Financial real estate professional and administrative activities,10,4,6
S01013315,O P Q. Public administration education and health,10,2,8
S01013315,R S T U. Other,9,4,5
S01013315,Never worked,15,6,9
S01013316,All people aged 16 to 74 not in employment,179,74,105
S01013316,A B D E. Agriculture energy and water,3,1,2
S01013316,C. Manufacturing,36,19,17
S01013316,F. Construction,12,12,0
S01013316,G I. Distribution hotels and restaurants,26,7,19
S01013316,H J. Transport and communication,8,2,6
S01013316,K L M N. Financial real estate professional and administrative activities,20,8,12
S01013316,O P Q. Public administration education and health,52,17,35
S01013316,R S T U. Other,4,0,4
S01013316,Never worked,18,8,10
S01013317,All people aged 16 to 74 not in employment,132,58,74
S01013317,A B D E. Agriculture energy and water,1,1,0
S01013317,C. Manufacturing,26,13,13
S01013317,F. Construction,7,7,0
S01013317,G I. Distribution hotels and restaurants,27,14,13
S01013317,H J. Transport and communication,10,3,7
S01013317,K L M N. Financial real estate professional and administrative activities,19,5,14
S01013317,O P Q. Public administration education and health,28,6,22
S01013317,R S T U. Other,2,0,2
S01013317,Never worked,12,9,3
S01013318,All people aged 16 to 74 not in employment,110,50,60
S01013318,A B D E. Agriculture energy and water,3,3,0
S01013318,C. Manufacturing,18,10,8
S01013318,F. Construction,7,6,1
S01013318,G I. Distribution hotels and restaurants,20,12,8
S01013318,H J. Transport and communication,8,1,7
S01013318,K L M N. Financial real estate professional and administrative activities,14,5,9
S01013318,O P Q. Public administration education and health,22,6,16
S01013318,R S T U. Other,2,1,1
S01013318,Never worked,16,6,10
S01013319,All people aged 16 to 74 not in employment,112,47,65
S01013319,A B D E. Agriculture energy and water,2,2,0
S01013319,C. Manufacturing,10,3,7
S01013319,F. Construction,4,3,1
S01013319,G I. Distribution hotels and restaurants,20,9,11
S01013319,H J. Transport and communication,7,1,6
S01013319,K L M N. Financial real estate professional and administrative activities,14,5,9
S01013319,O P Q. Public administration education and health,23,8,15
S01013319,R S T U. Other,1,1,0
S01013319,Never worked,31,15,16
S01013320,All people aged 16 to 74 not in employment,122,50,72
S01013320,A B D E. Agriculture energy and water,4,3,1
S01013320,C. Manufacturing,13,7,6
S01013320,F. Construction,3,2,1
S01013320,G I. Distribution hotels and restaurants,19,6,13
S01013320,H J. Transport and communication,17,5,12
S01013320,K L M N. Financial real estate professional and administrative activities,10,3,7
S01013320,O P Q. Public administration education and health,20,6,14
S01013320,R S T U. Other,4,3,1
S01013320,Never worked,32,15,17
S01013321,All people aged 16 to 74 not in employment,128,55,73
S01013321,A B D E. Agriculture energy and water,1,0,1
S01013321,C. Manufacturing,25,13,12
S01013321,F. Construction,10,10,0
S01013321,G I. Distribution hotels and restaurants,25,10,15
S01013321,H J. Transport and communication,11,6,5
S01013321,K L M N. Financial real estate professional and administrative activities,17,3,14
S01013321,O P Q. Public administration education and health,16,4,12
S01013321,R S T U. Other,7,2,5
S01013321,Never worked,16,7,9
S01013322,All people aged 16 to 74 not in employment,168,79,89
S01013322,A B D E. Agriculture energy and water,4,2,2
S01013322,C. Manufacturing,19,10,9
S01013322,F. Construction,8,6,2
S01013322,G I. Distribution hotels and restaurants,38,16,22
S01013322,H J. Transport and communication,12,3,9
S01013322,K L M N. Financial real estate professional and administrative activities,13,4,9
S01013322,O P Q. Public administration education and health,34,11,23
S01013322,R S T U. Other,5,1,4
S01013322,Never worked,35,26,9
S01013323,All people aged 16 to 74 not in employment,281,128,153
S01013323,A B D E. Agriculture energy and water,1,1,0
S01013323,C. Manufacturing,41,20,21
S01013323,F. Construction,17,17,0
S01013323,G I. Distribution hotels and restaurants,76,33,43
S01013323,H J. Transport and communication,29,12,17
S01013323,K L M N. Financial real estate professional and administrative activities,33,17,16
S01013323,O P Q. Public administration education and health,36,7,29
S01013323,R S T U. Other,9,2,7
S01013323,Never worked,39,19,20
S01013324,All people aged 16 to 74 not in employment,201,81,120
S01013324,A B D E. Agriculture energy and water,1,0,1
S01013324,C. Manufacturing,25,13,12
S01013324,F. Construction,10,9,1
S01013324,G I. Distribution hotels and restaurants,41,21,20
S01013324,H J. Transport and communication,21,4,17
S01013324,K L M N. Financial real estate professional and administrative activities,19,10,9
S01013324,O P Q. Public administration education and health,34,9,25
S01013324,R S T U. Other,7,1,6
S01013324,Never worked,43,14,29
S01013325,All people aged 16 to 74 not in employment,297,110,187
S01013325,A B D E. Agriculture energy and water,2,2,0
S01013325,C. Manufacturing,37,14,23
S01013325,F. Construction,16,15,1
S01013325,G I. Distribution hotels and restaurants,63,25,38
S01013325,H J. Transport and communication,28,6,22
S01013325,K L M N. Financial real estate professional and administrative activities,28,5,23
S01013325,O P Q. Public administration education and health,37,5,32
S01013325,R S T U. Other,10,1,9
S01013325,Never worked,76,37,39
S01013326,All people aged 16 to 74 not in employment,169,64,105
S01013326,A B D E. Agriculture energy and water,0,0,0
S01013326,C. Manufacturing,25,14,11
S01013326,F. Construction,9,8,1
S01013326,G I. Distribution hotels and restaurants,41,15,26
S01013326,H J. Transport and communication,16,2,14
S01013326,K L M N. Financial real estate professional and administrative activities,15,4,11
S01013326,O P Q. Public administration education and health,25,7,18
S01013326,R S T U. Other,7,2,5
S01013326,Never worked,31,12,19
S01013327,All people aged 16 to 74 not in employment,200,87,113
S01013327,A B D E. Agriculture energy and water,1,1,0
S01013327,C. Manufacturing,25,12,13
S01013327,F. Construction,14,9,5
S01013327,G I. Distribution hotels and restaurants,45,20,25
S01013327,H J. Transport and communication,25,5,20
S01013327,K L M N. Financial real estate professional and administrative activities,18,7,11
S01013327,O P Q. Public administration education and health,28,10,18
S01013327,R S T U. Other,2,0,2
S01013327,Never worked,42,23,19
S01013328,All people aged 16 to 74 not in employment,178,80,98
S01013328,A B D E. Agriculture energy and water,1,1,0
S01013328,C. Manufacturing,21,7,14
S01013328,F. Construction,14,14,0
S01013328,G I. Distribution hotels and restaurants,32,14,18
S01013328,H J. Transport and communication,19,5,14
S01013328,K L M N. Financial real estate professional and administrative activities,23,10,13
S01013328,O P Q. Public administration education and health,28,5,23
S01013328,R S T U. Other,5,1,4
S01013328,Never worked,35,23,12
S01013329,All people aged 16 to 74 not in employment,159,74,85
S01013329,A B D E. Agriculture energy and water,2,2,0
S01013329,C. Manufacturing,21,8,13
S01013329,F. Construction,11,10,1
S01013329,G I. Distribution hotels and restaurants,25,12,13
S01013329,H J. Transport and communication,19,8,11
S01013329,K L M N. Financial real estate professional and administrative activities,20,8,12
S01013329,O P Q. Public administration education and health,30,8,22
S01013329,R S T U. Other,4,1,3
S01013329,Never worked,27,17,10
S01013330,All people aged 16 to 74 not in employment,143,56,87
S01013330,A B D E. Agriculture energy and water,0,0,0
S01013330,C. Manufacturing,11,7,4
S01013330,F. Construction,2,2,0
S01013330,G I. Distribution hotels and restaurants,30,13,17
S01013330,H J. Transport and communication,19,6,13
S01013330,K L M N. Financial real estate professional and administrative activities,25,10,15
S01013330,O P Q. Public administration education and health,29,10,19
S01013330,R S T U. Other,6,2,4
S01013330,Never worked,21,6,15
S01013331,All people aged 16 to 74 not in employment,101,48,53
S01013331,A B D E. Agriculture energy and water,0,0,0
S01013331,C. Manufacturing,10,5,5
S01013331,F. Construction,1,1,0
S01013331,G I. Distribution hotels and restaurants,26,15,11
S01013331,H J. Transport and communication,10,5,5
S01013331,K L M N. Financial real estate professional and administrative activities,19,6,13
S01013331,O P Q. Public administration education and health,12,4,8
S01013331,R S T U. Other,2,1,1
S01013331,Never worked,21,11,10
S01013332,All people aged 16 to 74 not in employment,171,66,105
S01013332,A B D E. Agriculture energy and water,2,2,0
S01013332,C. Manufacturing,24,11,13
S01013332,F. Construction,6,5,1
S01013332,G I. Distribution hotels and restaurants,39,17,22
S01013332,H J. Transport and communication,20,7,13
S01013332,K L M N. Financial real estate professional and administrative activities,24,8,16
S01013332,O P Q. Public administration education and health,32,6,26
S01013332,R S T U. Other,4,2,2
S01013332,Never worked,20,8,12
S01013333,All people aged 16 to 74 not in employment,177,68,109
S01013333,A B D E. Agriculture energy and water,1,0,1
S01013333,C. Manufacturing,25,11,14
S01013333,F. Construction,19,12,7
S01013333,G I. Distribution hotels and restaurants,30,12,18
S01013333,H J. Transport and communication,19,5,14
S01013333,K L M N. Financial real estate professional and administrative activities,25,9,16
S01013333,O P Q. Public administration education and health,30,9,21
S01013333,R S T U. Other,6,1,5
S01013333,Never worked,22,9,13
S01013334,All people aged 16 to 74 not in employment,205,88,117
S01013334,A B D E. Agriculture energy and water,4,3,1
S01013334,C. Manufacturing,29,16,13
S01013334,F. Construction,12,11,1
S01013334,G I. Distribution hotels and restaurants,43,18,25
S01013334,H J. Transport and communication,22,4,18
S01013334,K L M N. Financial real estate professional and administrative activities,18,7,11
S01013334,O P Q. Public administration education and health,36,9,27
S01013334,R S T U. Other,2,0,2
S01013334,Never worked,39,20,19
S01013335,All people aged 16 to 74 not in employment,242,92,150
S01013335,A B D E. Agriculture energy and water,1,1,0
S01013335,C. Manufacturing,20,10,10
S01013335,F. Construction,16,15,1
S01013335,G I. Distribution hotels and restaurants,70,27,43
S01013335,H J. Transport and communication,30,13,17
S01013335,K L M N. Financial real estate professional and administrative activities,26,6,20
S01013335,O P Q. Public administration education and health,31,2,29
S01013335,R S T U. Other,9,1,8
S01013335,Never worked,39,17,22
S01013336,All people aged 16 to 74 not in employment,276,129,147
S01013336,A B D E. Agriculture energy and water,5,5,0
S01013336,C. Manufacturing,18,9,9
S01013336,F. Construction,17,15,2
S01013336,G I. Distribution hotels and restaurants,56,31,25
S01013336,H J. Transport and communication,37,13,24
S01013336,K L M N. Financial real estate professional and administrative activities,24,8,16
S01013336,O P Q. Public administration education and health,51,12,39
S01013336,R S T U. Other,7,3,4
S01013336,Never worked,61,33,28
S01013337,All people aged 16 to 74 not in employment,237,109,128
S01013337,A B D E. Agriculture energy and water,8,6,2
S01013337,C. Manufacturing,29,16,13
S01013337,F. Construction,12,9,3
S01013337,G I. Distribution hotels and restaurants,53,27,26
S01013337,H J. Transport and communication,21,11,10
S01013337,K L M N. Financial real estate professional and administrative activities,29,13,16
S01013337,O P Q. Public administration education and health,49,11,38
S01013337,R S T U. Other,3,0,3
S01013337,Never worked,33,16,17
S01013338,All people aged 16 to 74 not in employment,83,28,55
S01013338,A B D E. Agriculture energy and water,0,0,0
S01013338,C. Manufacturing,6,2,4
S01013338,F. Construction,0,0,0
S01013338,G I. Distribution hotels and restaurants,17,6,11
S01013338,H J. Transport and communication,4,1,3
S01013338,K L M N. Financial real estate professional and administrative activities,8,2,6
S01013338,O P Q. Public administration education and health,11,4,7
S01013338,R S T U. Other,5,1,4
S01013338,Never worked,32,12,20
S01013339,All people aged 16 to 74 not in employment,126,54,72
S01013339,A B D E. Agriculture energy and water,3,3,0
S01013339,C. Manufacturing,19,7,12
S01013339,F. Construction,3,1,2
S01013339,G I. Distribution hotels and restaurants,17,3,14
S01013339,H J. Transport and communication,11,6,5
S01013339,K L M N. Financial real estate professional and administrative activities,10,3,7
S01013339,O P Q. Public administration education and health,37,13,24
S01013339,R S T U. Other,6,3,3
S01013339,Never worked,20,15,5
S01013340,All people aged 16 to 74 not in employment,206,95,111
S01013340,A B D E. Agriculture energy and water,3,1,2
S01013340,C. Manufacturing,24,15,9
S01013340,F. Construction,11,10,1
S01013340,G I. Distribution hotels and restaurants,33,19,14
S01013340,H J. Transport and communication,12,7,5
S01013340,K L M N. Financial real estate professional and administrative activities,27,8,19
S01013340,O P Q. Public administration education and health,57,17,40
S01013340,R S T U. Other,9,4,5
S01013340,Never worked,30,14,16
S01013341,All people aged 16 to 74 not in employment,185,88,97
S01013341,A B D E. Agriculture energy and water,0,0,0
S01013341,C. Manufacturing,19,10,9
S01013341,F. Construction,17,13,4
S01013341,G I. Distribution hotels and restaurants,34,18,16
S01013341,H J. Transport and communication,18,9,9
S01013341,K L M N. Financial real estate professional and administrative activities,23,8,15
S01013341,O P Q. Public administration education and health,45,13,32
S01013341,R S T U. Other,10,6,4
S01013341,Never worked,19,11,8
S01013342,All people aged 16 to 74 not in employment,181,91,90
S01013342,A B D E. Agriculture energy and water,6,5,1
S01013342,C. Manufacturing,34,16,18
S01013342,F. Construction,17,17,0
S01013342,G I. Distribution hotels and restaurants,28,14,14
S01013342,H J. Transport and communication,11,7,4
S01013342,K L M N. Financial real estate professional and administrative activities,20,9,11
S01013342,O P Q. Public administration education and health,23,2,21
S01013342,R S T U. Other,6,2,4
S01013342,Never worked,36,19,17
S01013343,All people aged 16 to 74 not in employment,156,68,88
S01013343,A B D E. Agriculture energy and water,3,2,1
S01013343,C. Manufacturing,18,11,7
S01013343,F. Construction,14,10,4
S01013343,G I. Distribution hotels and restaurants,37,14,23
S01013343,H J. Transport and communication,15,4,11
S01013343,K L M N. Financial real estate professional and administrative activities,16,6,10
S01013343,O P Q. Public administration education and health,25,8,17
S01013343,R S T U. Other,4,1,3
S01013343,Never worked,24,12,12
S01013344,All people aged 16 to 74 not in employment,282,114,168
S01013344,A B D E. Agriculture energy and water,8,5,3
S01013344,C. Manufacturing,44,21,23
S01013344,F. Construction,15,14,1
S01013344,G I. Distribution hotels and restaurants,57,23,34
S01013344,H J. Transport and communication,21,6,15
S01013344,K L M N. Financial real estate professional and administrative activities,29,11,18
S01013344,O P Q. Public administration education and health,43,7,36
S01013344,R S T U. Other,10,2,8
S01013344,Never worked,55,25,30
S01013345,All people aged 16 to 74 not in employment,183,62,121
S01013345,A B D E. Agriculture energy and water,5,2,3
S01013345,C. Manufacturing,20,8,12
S01013345,F. Construction,4,2,2
S01013345,G I. Distribution hotels and restaurants,41,19,22
S01013345,H J. Transport and communication,20,3,17
S01013345,K L M N. Financial real estate professional and administrative activities,19,4,15
S01013345,O P Q. Public administration education and health,36,6,30
S01013345,R S T U. Other,5,2,3
S01013345,Never worked,33,16,17
S01013346,All people aged 16 to 74 not in employment,145,70,75
S01013346,A B D E. Agriculture energy and water,1,1,0
S01013346,C. Manufacturing,13,11,2
S01013346,F. Construction,5,5,0
S01013346,G I. Distribution hotels and restaurants,24,10,14
S01013346,H J. Transport and communication,12,6,6
S01013346,K L M N. Financial real estate professional and administrative activities,20,8,12
S01013346,O P Q. Public administration education and health,31,7,24
S01013346,R S T U. Other,6,5,1
S01013346,Never worked,33,17,16
S01013347,All people aged 16 to 74 not in employment,139,70,69
S01013347,A B D E. Agriculture energy and water,1,1,0
S01013347,C. Manufacturing,18,8,10
S01013347,F. Construction,6,5,1
S01013347,G I. Distribution hotels and restaurants,35,23,12
S01013347,H J. Transport and communication,12,5,7
S01013347,K L M N. Financial real estate professional and administrative activities,18,7,11
S01013347,O P Q. Public administration education and health,31,11,20
S01013347,R S T U. Other,4,2,2
S01013347,Never worked,14,8,6
S01013348,All people aged 16 to 74 not in employment,64,27,37
S01013348,A B D E. Agriculture energy and water,1,0,1
S01013348,C. Manufacturing,8,5,3
S01013348,F. Construction,3,2,1
S01013348,G I. Distribution hotels and restaurants,12,3,9
S01013348,H J. Transport and communication,6,3,3
S01013348,K L M N. Financial real estate professional and administrative activities,8,3,5
S01013348,O P Q. Public administration education and health,6,1,5
S01013348,R S T U. Other,5,1,4
S01013348,Never worked,15,9,6
S01013349,All people aged 16 to 74 not in employment,136,43,93
S01013349,A B D E. Agriculture energy and water,5,2,3
S01013349,C. Manufacturing,17,8,9
S01013349,F. Construction,4,4,0
S01013349,G I. Distribution hotels and restaurants,22,6,16
S01013349,H J. Transport and communication,12,5,7
S01013349,K L M N. Financial real estate professional and administrative activities,18,5,13
S01013349,O P Q. Public administration education and health,22,6,16
S01013349,R S T U. Other,2,0,2
S01013349,Never worked,34,7,27
S01013350,All people aged 16 to 74 not in employment,151,62,89
S01013350,A B D E. Agriculture energy and water,2,2,0
S01013350,C. Manufacturing,24,13,11
S01013350,F. Construction,10,9,1
S01013350,G I. Distribution hotels and restaurants,27,10,17
S01013350,H J. Transport and communication,14,2,12
S01013350,K L M N. Financial real estate professional and administrative activities,16,4,12
S01013350,O P Q. Public administration education and health,25,5,20
S01013350,R S T U. Other,8,4,4
S01013350,Never worked,25,13,12
S01013351,All people aged 16 to 74 not in employment,181,81,100
S01013351,A B D E. Agriculture energy and water,3,1,2
S01013351,C. Manufacturing,29,15,14
S01013351,F. Construction,8,6,2
S01013351,G I. Distribution hotels and restaurants,39,21,18
S01013351,H J. Transport and communication,6,2,4
S01013351,K L M N. Financial real estate professional and administrative activities,17,6,11
S01013351,O P Q. Public administration education and health,41,11,30
S01013351,R S T U. Other,10,2,8
S01013351,Never worked,28,17,11
S01013352,All people aged 16 to 74 not in employment,208,75,133
S01013352,A B D E. Agriculture energy and water,0,0,0
S01013352,C. Manufacturing,26,15,11
S01013352,F. Construction,5,4,1
S01013352,G I. Distribution hotels and restaurants,55,18,37
S01013352,H J. Transport and communication,26,6,20
S01013352,K L M N. Financial real estate professional and administrative activities,21,8,13
S01013352,O P Q. Public administration education and health,37,9,28
S01013352,R S T U. Other,4,2,2
S01013352,Never worked,34,13,21
S01013353,All people aged 16 to 74 not in employment,177,66,111
S01013353,A B D E. Agriculture energy and water,1,1,0
S01013353,C. Manufacturing,19,8,11
S01013353,F. Construction,8,6,2
S01013353,G I. Distribution hotels and restaurants,44,12,32
S01013353,H J. Transport and communication,12,6,6
S01013353,K L M N. Financial real estate professional and administrative activities,18,10,8
S01013353,O P Q. Public administration education and health,34,4,30
S01013353,R S T U. Other,2,0,2
S01013353,Never worked,39,19,20
S01013354,All people aged 16 to 74 not in employment,155,70,85
S01013354,A B D E. Agriculture energy and water,4,3,1
S01013354,C. Manufacturing,29,10,19
S01013354,F. Construction,6,5,1
S01013354,G I. Distribution hotels and restaurants,34,16,18
S01013354,H J. Transport and communication,10,6,4
S01013354,K L M N. Financial real estate professional and administrative activities,19,8,11
S01013354,O P Q. Public administration education and health,32,12,20
S01013354,R S T U. Other,4,0,4
S01013354,Never worked,17,10,7
S01013355,All people aged 16 to 74 not in employment,163,64,99
S01013355,A B D E. Agriculture energy and water,3,2,1
S01013355,C. Manufacturing,26,12,14
S01013355,F. Construction,10,10,0
S01013355,G I. Distribution hotels and restaurants,41,19,22
S01013355,H J. Transport and communication,10,1,9
S01013355,K L M N. Financial real estate professional and administrative activities,18,6,12
S01013355,O P Q. Public administration education and health,26,5,21
S01013355,R S T U. Other,3,0,3
S01013355,Never worked,26,9,17
S01013356,All people aged 16 to 74 not in employment,237,119,118
S01013356,A B D E. Agriculture energy and water,6,6,0
S01013356,C. Manufacturing,32,24,8
S01013356,F. Construction,29,27,2
S01013356,G I. Distribution hotels and restaurants,48,19,29
S01013356,H J. Transport and communication,23,7,16
S01013356,K L M N. Financial real estate professional and administrative activities,23,11,12
S01013356,O P Q. Public administration education and health,37,4,33
S01013356,R S T U. Other,6,2,4
S01013356,Never worked,33,19,14
S01013357,All people aged 16 to 74 not in employment,187,77,110
S01013357,A B D E. Agriculture energy and water,4,3,1
S01013357,C. Manufacturing,19,8,11
S01013357,F. Construction,11,10,1
S01013357,G I. Distribution hotels and restaurants,52,26,26
S01013357,H J. Transport and communication,14,2,12
S01013357,K L M N. Financial real estate professional and administrative activities,20,8,12
S01013357,O P Q. Public administration education and health,42,10,32
S01013357,R S T U. Other,8,3,5
S01013357,Never worked,17,7,10
S01013358,All people aged 16 to 74 not in employment,210,92,118
S01013358,A B D E. Agriculture energy and water,4,3,1
S01013358,C. Manufacturing,39,16,23
S01013358,F. Construction,16,15,1
S01013358,G I. Distribution hotels and restaurants,50,17,33
S01013358,H J. Transport and communication,18,5,13
S01013358,K L M N. Financial real estate professional and administrative activities,10,5,5
S01013358,O P Q. Public administration education and health,39,9,30
S01013358,R S T U. Other,5,2,3
S01013358,Never worked,29,20,9
S01013359,All people aged 16 to 74 not in employment,186,80,106
S01013359,A B D E. Agriculture energy and water,2,1,1
S01013359,C. Manufacturing,31,16,15
S01013359,F. Construction,16,16,0
S01013359,G I. Distribution hotels and restaurants,32,17,15
S01013359,H J. Transport and communication,24,3,21
S01013359,K L M N. Financial real estate professional and administrative activities,13,5,8
S01013359,O P Q. Public administration education and health,22,3,19
S01013359,R S T U. Other,4,0,4
S01013359,Never worked,42,19,23
S01013360,All people aged 16 to 74 not in employment,227,103,124
S01013360,A B D E. Agriculture energy and water,4,2,2
S01013360,C. Manufacturing,49,24,25
S01013360,F. Construction,22,22,0
S01013360,G I. Distribution hotels and restaurants,37,16,21
S01013360,H J. Transport and communication,25,9,16
S01013360,K L M N. Financial real estate professional and administrative activities,14,6,8
S01013360,O P Q. Public administration education and health,36,8,28
S01013360,R S T U. Other,9,2,7
S01013360,Never worked,31,14,17
S01013361,All people aged 16 to 74 not in employment,193,90,103
S01013361,A B D E. Agriculture energy and water,3,2,1
S01013361,C. Manufacturing,42,16,26
S01013361,F. Construction,17,16,1
S01013361,G I. Distribution hotels and restaurants,39,19,20
S01013361,H J. Transport and communication,8,2,6
S01013361,K L M N. Financial real estate professional and administrative activities,20,10,10
S01013361,O P Q. Public administration education and health,30,9,21
S01013361,R S T U. Other,7,3,4
S01013361,Never worked,27,13,14
S01013362,All people aged 16 to 74 not in employment,142,46,96
S01013362,A B D E. Agriculture energy and water,8,4,4
S01013362,C. Manufacturing,27,14,13
S01013362,F. Construction,8,7,1
S01013362,G I. Distribution hotels and restaurants,19,4,15
S01013362,H J. Transport and communication,11,2,9
S01013362,K L M N. Financial real estate professional and administrative activities,8,1,7
S01013362,O P Q. Public administration education and health,32,6,26
S01013362,R S T U. Other,6,1,5
S01013362,Never worked,23,7,16
S01013363,All people aged 16 to 74 not in employment,271,127,144
S01013363,A B D E. Agriculture energy and water,1,1,0
S01013363,C. Manufacturing,43,26,17
S01013363,F. Construction,25,22,3
S01013363,G I. Distribution hotels and restaurants,54,20,34
S01013363,H J. Transport and communication,19,8,11
S01013363,K L M N. Financial real estate professional and administrative activities,26,12,14
S01013363,O P Q. Public administration education and health,42,13,29
S01013363,R S T U. Other,14,2,12
S01013363,Never worked,47,23,24
S01013364,All people aged 16 to 74 not in employment,230,94,136
S01013364,A B D E. Agriculture energy and water,14,8,6
S01013364,C. Manufacturing,50,21,29
S01013364,F. Construction,11,11,0
S01013364,G I. Distribution hotels and restaurants,37,18,19
S01013364,H J. Transport and communication,15,5,10
S01013364,K L M N. Financial real estate professional and administrative activities,24,10,14
S01013364,O P Q. Public administration education and health,42,8,34
S01013364,R S T U. Other,6,0,6
S01013364,Never worked,31,13,18
S01013365,All people aged 16 to 74 not in employment,192,95,97
S01013365,A B D E. Agriculture energy and water,5,4,1
S01013365,C. Manufacturing,32,20,12
S01013365,F. Construction,17,14,3
S01013365,G I. Distribution hotels and restaurants,31,15,16
S01013365,H J. Transport and communication,11,6,5
S01013365,K L M N. Financial real estate professional and administrative activities,20,10,10
S01013365,O P Q. Public administration education and health,44,8,36
S01013365,R S T U. Other,12,4,8
S01013365,Never worked,20,14,6
S01013366,All people aged 16 to 74 not in employment,180,74,106
S01013366,A B D E. Agriculture energy and water,3,3,0
S01013366,C. Manufacturing,32,19,13
S01013366,F. Construction,7,7,0
S01013366,G I. Distribution hotels and restaurants,35,15,20
S01013366,H J. Transport and communication,9,2,7
S01013366,K L M N. Financial real estate professional and administrative activities,19,5,14
S01013366,O P Q. Public administration education and health,31,3,28
S01013366,R S T U. Other,6,2,4
S01013366,Never worked,38,18,20
S01013367,All people aged 16 to 74 not in employment,104,36,68
S01013367,A B D E. Agriculture energy and water,2,0,2
S01013367,C. Manufacturing,15,3,12
S01013367,F. Construction,6,5,1
S01013367,G I. Distribution hotels and restaurants,23,12,11
S01013367,H J. Transport and communication,4,1,3
S01013367,K L M N. Financial real estate professional and administrative activities,10,4,6
S01013367,O P Q. Public administration education and health,12,1,11
S01013367,R S T U. Other,4,0,4
S01013367,Never worked,28,10,18
S01013368,All people aged 16 to 74 not in employment,186,81,105
S01013368,A B D E. Agriculture energy and water,7,6,1
S01013368,C. Manufacturing,32,14,18
S01013368,F. Construction,18,17,1
S01013368,G I. Distribution hotels and restaurants,30,17,13
S01013368,H J. Transport and communication,10,6,4
S01013368,K L M N. Financial real estate professional and administrative activities,17,2,15
S01013368,O P Q. Public administration education and health,31,3,28
S01013368,R S T U. Other,6,2,4
S01013368,Never worked,35,14,21
S01013369,All people aged 16 to 74 not in employment,290,104,186
S01013369,A B D E. Agriculture energy and water,3,2,1
S01013369,C. Manufacturing,54,22,32
S01013369,F. Construction,19,19,0
S01013369,G I. Distribution hotels and restaurants,79,30,49
S01013369,H J. Transport and communication,21,6,15
S01013369,K L M N. Financial real estate professional and administrative activities,17,10,7
S01013369,O P Q. Public administration education and health,40,6,34
S01013369,R S T U. Other,12,2,10
S01013369,Never worked,45,7,38
S01013370,All people aged 16 to 74 not in employment,204,90,114
S01013370,A B D E. Agriculture energy and water,5,4,1
S01013370,C. Manufacturing,31,12,19
S01013370,F. Construction,18,18,0
S01013370,G I. Distribution hotels and restaurants,37,25,12
S01013370,H J. Transport and communication,23,1,22
S01013370,K L M N. Financial real estate professional and administrative activities,27,11,16
S01013370,O P Q. Public administration education and health,34,10,24
S01013370,R S T U. Other,8,4,4
S01013370,Never worked,21,5,16
S01013371,All people aged 16 to 74 not in employment,221,79,142
S01013371,A B D E. Agriculture energy and water,5,4,1
S01013371,C. Manufacturing,51,23,28
S01013371,F. Construction,11,10,1
S01013371,G I. Distribution hotels and restaurants,39,18,21
S01013371,H J. Transport and communication,16,2,14
S01013371,K L M N. Financial real estate professional and administrative activities,14,2,12
S01013371,O P Q. Public administration education and health,62,14,48
S01013371,R S T U. Other,5,0,5
S01013371,Never worked,18,6,12
S01013372,All people aged 16 to 74 not in employment,375,161,214
S01013372,A B D E. Agriculture energy and water,8,5,3
S01013372,C. Manufacturing,78,34,44
S01013372,F. Construction,30,26,4
S01013372,G I. Distribution hotels and restaurants,88,42,46
S01013372,H J. Transport and communication,30,8,22
S01013372,K L M N. Financial real estate professional and administrative activities,18,9,9
S01013372,O P Q. Public administration education and health,48,9,39
S01013372,R S T U. Other,12,0,12
S01013372,Never worked,63,28,35
S01013373,All people aged 16 to 74 not in employment,288,128,160
S01013373,A B D E. Agriculture energy and water,8,2,6
S01013373,C. Manufacturing,51,25,26
S01013373,F. Construction,17,17,0
S01013373,G I. Distribution hotels and restaurants,64,33,31
S01013373,H J. Transport and communication,19,4,15
S01013373,K L M N. Financial real estate professional and administrative activities,16,6,10
S01013373,O P Q. Public administration education and health,61,20,41
S01013373,R S T U. Other,12,6,6
S01013373,Never worked,40,15,25
S01013374,All people aged 16 to 74 not in employment,335,154,181
S01013374,A B D E. Agriculture energy and water,6,3,3
S01013374,C. Manufacturing,72,37,35
S01013374,F. Construction,23,22,1
S01013374,G I. Distribution hotels and restaurants,58,33,25
S01013374,H J. Transport and communication,35,7,28
S01013374,K L M N. Financial real estate professional and administrative activities,31,17,14
S01013374,O P Q. Public administration education and health,43,11,32
S01013374,R S T U. Other,6,1,5
S01013374,Never worked,61,23,38
S01013375,All people aged 16 to 74 not in employment,166,74,92
S01013375,A B D E. Agriculture energy and water,2,0,2
S01013375,C. Manufacturing,36,17,19
S01013375,F. Construction,10,9,1
S01013375,G I. Distribution hotels and restaurants,34,13,21
S01013375,H J. Transport and communication,19,6,13
S01013375,K L M N. Financial real estate professional and administrative activities,8,6,2
S01013375,O P Q. Public administration education and health,23,6,17
S01013375,R S T U. Other,7,3,4
S01013375,Never worked,27,14,13
S01013376,All people aged 16 to 74 not in employment,187,77,110
S01013376,A B D E. Agriculture energy and water,4,4,0
S01013376,C. Manufacturing,38,16,22
S01013376,F. Construction,11,10,1
S01013376,G I. Distribution hotels and restaurants,44,19,25
S01013376,H J. Transport and communication,7,3,4
S01013376,K L M N. Financial real estate professional and administrative activities,17,5,12
S01013376,O P Q. Public administration education and health,36,7,29
S01013376,R S T U. Other,9,4,5
S01013376,Never worked,21,9,12
S01013377,All people aged 16 to 74 not in employment,250,108,142
S01013377,A B D E. Agriculture energy and water,8,5,3
S01013377,C. Manufacturing,53,22,31
S01013377,F. Construction,11,11,0
S01013377,G I. Distribution hotels and restaurants,57,30,27
S01013377,H J. Transport and communication,28,6,22
S01013377,K L M N. Financial real estate professional and administrative activities,21,8,13
S01013377,O P Q. Public administration education and health,39,10,29
S01013377,R S T U. Other,5,2,3
S01013377,Never worked,28,14,14
S01013378,All people aged 16 to 74 not in employment,289,131,158
S01013378,A B D E. Agriculture energy and water,6,3,3
S01013378,C. Manufacturing,40,21,19
S01013378,F. Construction,23,20,3
S01013378,G I. Distribution hotels and restaurants,62,29,33
S01013378,H J. Transport and communication,27,8,19
S01013378,K L M N. Financial real estate professional and administrative activities,21,11,10
S01013378,O P Q. Public administration education and health,54,20,34
S01013378,R S T U. Other,8,3,5
S01013378,Never worked,48,16,32
S01013379,All people aged 16 to 74 not in employment,231,101,130
S01013379,A B D E. Agriculture energy and water,4,3,1
S01013379,C. Manufacturing,40,17,23
S01013379,F. Construction,21,17,4
S01013379,G I. Distribution hotels and restaurants,52,23,29
S01013379,H J. Transport and communication,20,8,12
S01013379,K L M N. Financial real estate professional and administrative activities,19,9,10
S01013379,O P Q. Public administration education and health,37,8,29
S01013379,R S T U. Other,7,2,5
S01013379,Never worked,31,14,17
S01013380,All people aged 16 to 74 not in employment,37,12,25
S01013380,A B D E. Agriculture energy and water,1,1,0
S01013380,C. Manufacturing,2,0,2
S01013380,F. Construction,5,3,2
S01013380,G I. Distribution hotels and restaurants,5,0,5
S01013380,H J. Transport and communication,3,0,3
S01013380,K L M N. Financial real estate professional and administrative activities,1,1,0
S01013380,O P Q. Public administration education and health,7,4,3
S01013380,R S T U. Other,1,0,1
S01013380,Never worked,12,3,9
S01013381,All people aged 16 to 74 not in employment,154,58,96
S01013381,A B D E. Agriculture energy and water,7,6,1
S01013381,C. Manufacturing,34,10,24
S01013381,F. Construction,11,11,0
S01013381,G I. Distribution hotels and restaurants,28,8,20
S01013381,H J. Transport and communication,10,2,8
S01013381,K L M N. Financial real estate professional and administrative activities,11,7,4
S01013381,O P Q. Public administration education and health,30,3,27
S01013381,R S T U. Other,4,2,2
S01013381,Never worked,19,9,10
S01013382,All people aged 16 to 74 not in employment,117,45,72
S01013382,A B D E. Agriculture energy and water,4,3,1
S01013382,C. Manufacturing,30,10,20
S01013382,F. Construction,5,5,0
S01013382,G I. Distribution hotels and restaurants,29,13,16
S01013382,H J. Transport and communication,7,0,7
S01013382,K L M N. Financial real estate professional and administrative activities,5,2,3
S01013382,O P Q. Public administration education and health,19,3,16
S01013382,R S T U. Other,4,2,2
S01013382,Never worked,14,7,7
S01013383,All people aged 16 to 74 not in employment,223,93,130
S01013383,A B D E. Agriculture energy and water,11,6,5
S01013383,C. Manufacturing,39,20,19
S01013383,F. Construction,17,16,1
S01013383,G I. Distribution hotels and restaurants,43,17,26
S01013383,H J. Transport and communication,11,4,7
S01013383,K L M N. Financial real estate professional and administrative activities,20,4,16
S01013383,O P Q. Public administration education and health,46,13,33
S01013383,R S T U. Other,6,0,6
S01013383,Never worked,30,13,17
S01013384,All people aged 16 to 74 not in employment,217,93,124
S01013384,A B D E. Agriculture energy and water,5,4,1
S01013384,C. Manufacturing,35,18,17
S01013384,F. Construction,19,18,1
S01013384,G I. Distribution hotels and restaurants,34,15,19
S01013384,H J. Transport and communication,30,11,19
S01013384,K L M N. Financial real estate professional and administrative activities,19,7,12
S01013384,O P Q. Public administration education and health,37,10,27
S01013384,R S T U. Other,9,2,7
S01013384,Never worked,29,8,21
S01013385,All people aged 16 to 74 not in employment,112,48,64
S01013385,A B D E. Agriculture energy and water,4,3,1
S01013385,C. Manufacturing,21,8,13
S01013385,F. Construction,12,11,1
S01013385,G I. Distribution hotels and restaurants,22,10,12
S01013385,H J. Transport and communication,6,1,5
S01013385,K L M N. Financial real estate professional and administrative activities,10,5,5
S01013385,O P Q. Public administration education and health,19,6,13
S01013385,R S T U. Other,3,0,3
S01013385,Never worked,15,4,11
S01013386,All people aged 16 to 74 not in employment,195,89,106
S01013386,A B D E. Agriculture energy and water,4,4,0
S01013386,C. Manufacturing,31,16,15
S01013386,F. Construction,6,6,0
S01013386,G I. Distribution hotels and restaurants,32,18,14
S01013386,H J. Transport and communication,12,7,5
S01013386,K L M N. Financial real estate professional and administrative activities,19,9,10
S01013386,O P Q. Public administration education and health,59,11,48
S01013386,R S T U. Other,8,2,6
S01013386,Never worked,24,16,8
S01013387,All people aged 16 to 74 not in employment,173,68,105
S01013387,A B D E. Agriculture energy and water,2,2,0
S01013387,C. Manufacturing,26,12,14
S01013387,F. Construction,15,13,2
S01013387,G I. Distribution hotels and restaurants,38,17,21
S01013387,H J. Transport and communication,15,1,14
S01013387,K L M N. Financial real estate professional and administrative activities,12,4,8
S01013387,O P Q. Public administration education and health,31,6,25
S01013387,R S T U. Other,6,2,4
S01013387,Never worked,28,11,17
S01013388,All people aged 16 to 74 not in employment,215,96,119
S01013388,A B D E. Agriculture energy and water,8,6,2
S01013388,C. Manufacturing,39,19,20
S01013388,F. Construction,14,13,1
S01013388,G I. Distribution hotels and restaurants,51,25,26
S01013388,H J. Transport and communication,16,6,10
S01013388,K L M N. Financial real estate professional and administrative activities,9,5,4
S01013388,O P Q. Public administration education and health,42,7,35
S01013388,R S T U. Other,11,6,5
S01013388,Never worked,25,9,16
S01013389,All people aged 16 to 74 not in employment,177,78,99
S01013389,A B D E. Agriculture energy and water,4,3,1
S01013389,C. Manufacturing,24,14,10
S01013389,F. Construction,15,14,1
S01013389,G I. Distribution hotels and restaurants,41,16,25
S01013389,H J. Transport and communication,12,1,11
S01013389,K L M N. Financial real estate professional and administrative activities,13,6,7
S01013389,O P Q. Public administration education and health,29,6,23
S01013389,R S T U. Other,12,4,8
S01013389,Never worked,27,14,13
S01013390,All people aged 16 to 74 not in employment,125,56,69
S01013390,A B D E. Agriculture energy and water,4,4,0
S01013390,C. Manufacturing,19,9,10
S01013390,F. Construction,12,11,1
S01013390,G I. Distribution hotels and restaurants,27,15,12
S01013390,H J. Transport and communication,6,1,5
S01013390,K L M N. Financial real estate professional and administrative activities,13,5,8
S01013390,O P Q. Public administration education and health,29,5,24
S01013390,R S T U. Other,4,0,4
S01013390,Never worked,11,6,5
S01013391,All people aged 16 to 74 not in employment,106,48,58
S01013391,A B D E. Agriculture energy and water,0,0,0
S01013391,C. Manufacturing,10,7,3
S01013391,F. Construction,12,12,0
S01013391,G I. Distribution hotels and restaurants,23,10,13
S01013391,H J. Transport and communication,5,0,5
S01013391,K L M N. Financial real estate professional and administrative activities,13,5,8
S01013391,O P Q. Public administration education and health,24,7,17
S01013391,R S T U. Other,4,1,3
S01013391,Never worked,15,6,9
S01013392,All people aged 16 to 74 not in employment,74,32,42
S01013392,A B D E. Agriculture energy and water,0,0,0
S01013392,C. Manufacturing,9,4,5
S01013392,F. Construction,3,2,1
S01013392,G I. Distribution hotels and restaurants,15,8,7
S01013392,H J. Transport and communication,1,1,0
S01013392,K L M N. Financial real estate professional and administrative activities,13,4,9
S01013392,O P Q. Public administration education and health,12,2,10
S01013392,R S T U. Other,5,3,2
S01013392,Never worked,16,8,8
S01013393,All people aged 16 to 74 not in employment,215,100,115
S01013393,A B D E. Agriculture energy and water,4,4,0
S01013393,C. Manufacturing,41,23,18
S01013393,F. Construction,16,14,2
S01013393,G I. Distribution hotels and restaurants,51,30,21
S01013393,H J. Transport and communication,30,9,21
S01013393,K L M N. Financial real estate professional and administrative activities,13,6,7
S01013393,O P Q. Public administration education and health,38,5,33
S01013393,R S T U. Other,5,1,4
S01013393,Never worked,17,8,9
S01013394,All people aged 16 to 74 not in employment,222,95,127
S01013394,A B D E. Agriculture energy and water,4,3,1
S01013394,C. Manufacturing,33,15,18
S01013394,F. Construction,16,16,0
S01013394,G I. Distribution hotels and restaurants,33,12,21
S01013394,H J. Transport and communication,19,6,13
S01013394,K L M N. Financial real estate professional and administrative activities,29,14,15
S01013394,O P Q. Public administration education and health,35,7,28
S01013394,R S T U. Other,6,2,4
S01013394,Never worked,47,20,27
S01013395,All people aged 16 to 74 not in employment,255,118,137
S01013395,A B D E. Agriculture energy and water,3,2,1
S01013395,C. Manufacturing,42,22,20
S01013395,F. Construction,18,16,2
S01013395,G I. Distribution hotels and restaurants,51,25,26
S01013395,H J. Transport and communication,13,8,5
S01013395,K L M N. Financial real estate professional and administrative activities,32,18,14
S01013395,O P Q. Public administration education and health,38,8,30
S01013395,R S T U. Other,4,1,3
S01013395,Never worked,54,18,36
S01013396,All people aged 16 to 74 not in employment,57,19,38
S01013396,A B D E. Agriculture energy and water,2,1,1
S01013396,C. Manufacturing,6,2,4
S01013396,F. Construction,1,1,0
S01013396,G I. Distribution hotels and restaurants,11,4,7
S01013396,H J. Transport and communication,3,2,1
S01013396,K L M N. Financial real estate professional and administrative activities,10,3,7
S01013396,O P Q. Public administration education and health,11,2,9
S01013396,R S T U. Other,0,0,0
S01013396,Never worked,13,4,9
S01013397,All people aged 16 to 74 not in employment,206,85,121
S01013397,A B D E. Agriculture energy and water,2,2,0
S01013397,C. Manufacturing,33,20,13
S01013397,F. Construction,11,10,1
S01013397,G I. Distribution hotels and restaurants,47,23,24
S01013397,H J. Transport and communication,14,3,11
S01013397,K L M N. Financial real estate professional and administrative activities,20,5,15
S01013397,O P Q. Public administration education and health,35,8,27
S01013397,R S T U. Other,5,2,3
S01013397,Never worked,39,12,27
S01013398,All people aged 16 to 74 not in employment,88,40,48
S01013398,A B D E. Agriculture energy and water,4,3,1
S01013398,C. Manufacturing,9,6,3
S01013398,F. Construction,5,4,1
S01013398,G I. Distribution hotels and restaurants,12,5,7
S01013398,H J. Transport and communication,7,2,5
S01013398,K L M N. Financial real estate professional and administrative activities,4,2,2
S01013398,O P Q. Public administration education and health,15,3,12
S01013398,R S T U. Other,2,1,1
S01013398,Never worked,30,14,16
S01013399,All people aged 16 to 74 not in employment,168,71,97
S01013399,A B D E. Agriculture energy and water,3,2,1
S01013399,C. Manufacturing,26,16,10
S01013399,F. Construction,5,5,0
S01013399,G I. Distribution hotels and restaurants,36,18,18
S01013399,H J. Transport and communication,15,3,12
S01013399,K L M N. Financial real estate professional and administrative activities,24,15,9
S01013399,O P Q. Public administration education and health,35,6,29
S01013399,R S T U. Other,3,1,2
S01013399,Never worked,21,5,16
S01013400,All people aged 16 to 74 not in employment,159,69,90
S01013400,A B D E. Agriculture energy and water,4,4,0
S01013400,C. Manufacturing,21,9,12
S01013400,F. Construction,12,11,1
S01013400,G I. Distribution hotels and restaurants,34,17,17
S01013400,H J. Transport and communication,10,1,9
S01013400,K L M N. Financial real estate professional and administrative activities,13,6,7
S01013400,O P Q. Public administration education and health,37,10,27
S01013400,R S T U. Other,8,4,4
S01013400,Never worked,20,7,13
S01013401,All people aged 16 to 74 not in employment,107,39,68
S01013401,A B D E. Agriculture energy and water,0,0,0
S01013401,C. Manufacturing,6,1,5
S01013401,F. Construction,6,5,1
S01013401,G I. Distribution hotels and restaurants,21,9,12
S01013401,H J. Transport and communication,4,0,4
S01013401,K L M N. Financial real estate professional and administrative activities,19,7,12
S01013401,O P Q. Public administration education and health,19,4,15
S01013401,R S T U. Other,4,0,4
S01013401,Never worked,28,13,15
S01013402,All people aged 16 to 74 not in employment,95,30,65
S01013402,A B D E. Agriculture energy and water,3,2,1
S01013402,C. Manufacturing,7,3,4
S01013402,F. Construction,5,4,1
S01013402,G I. Distribution hotels and restaurants,20,3,17
S01013402,H J. Transport and communication,9,0,9
S01013402,K L M N. Financial real estate professional and administrative activities,16,5,11
S01013402,O P Q. Public administration education and health,16,2,14
S01013402,R S T U. Other,2,0,2
S01013402,Never worked,17,11,6
S01013403,All people aged 16 to 74 not in employment,97,34,63
S01013403,A B D E. Agriculture energy and water,0,0,0
S01013403,C. Manufacturing,9,6,3
S01013403,F. Construction,3,0,3
S01013403,G I. Distribution hotels and restaurants,24,9,15
S01013403,H J. Transport and communication,7,3,4
S01013403,K L M N. Financial real estate professional and administrative activities,11,3,8
S01013403,O P Q. Public administration education and health,23,6,17
S01013403,R S T U. Other,4,0,4
S01013403,Never worked,16,7,9
S01013404,All people aged 16 to 74 not in employment,99,45,54
S01013404,A B D E. Agriculture energy and water,2,2,0
S01013404,C. Manufacturing,3,2,1
S01013404,F. Construction,7,6,1
S01013404,G I. Distribution hotels and restaurants,20,4,16
S01013404,H J. Transport and communication,5,3,2
S01013404,K L M N. Financial real estate professional and administrative activities,16,6,10
S01013404,O P Q. Public administration education and health,11,3,8
S01013404,R S T U. Other,4,2,2
S01013404,Never worked,31,17,14
S01013405,All people aged 16 to 74 not in employment,197,82,115
S01013405,A B D E. Agriculture energy and water,4,3,1
S01013405,C. Manufacturing,34,21,13
S01013405,F. Construction,10,8,2
S01013405,G I. Distribution hotels and restaurants,30,12,18
S01013405,H J. Transport and communication,22,7,15
S01013405,K L M N. Financial real estate professional and administrative activities,19,8,11
S01013405,O P Q. Public administration education and health,65,15,50
S01013405,R S T U. Other,2,1,1
S01013405,Never worked,11,7,4
S01013406,All people aged 16 to 74 not in employment,189,86,103
S01013406,A B D E. Agriculture energy and water,2,2,0
S01013406,C. Manufacturing,28,18,10
S01013406,F. Construction,18,18,0
S01013406,G I. Distribution hotels and restaurants,37,16,21
S01013406,H J. Transport and communication,16,4,12
S01013406,K L M N. Financial real estate professional and administrative activities,20,10,10
S01013406,O P Q. Public administration education and health,32,8,24
S01013406,R S T U. Other,9,1,8
S01013406,Never worked,27,9,18
S01013407,All people aged 16 to 74 not in employment,145,55,90
S01013407,A B D E. Agriculture energy and water,4,2,2
S01013407,C. Manufacturing,23,9,14
S01013407,F. Construction,5,4,1
S01013407,G I. Distribution hotels and restaurants,37,20,17
S01013407,H J. Transport and communication,15,5,10
S01013407,K L M N. Financial real estate professional and administrative activities,12,4,8
S01013407,O P Q. Public administration education and health,28,5,23
S01013407,R S T U. Other,0,0,0
S01013407,Never worked,21,6,15
S01013408,All people aged 16 to 74 not in employment,195,76,119
S01013408,A B D E. Agriculture energy and water,6,3,3
S01013408,C. Manufacturing,31,16,15
S01013408,F. Construction,12,11,1
S01013408,G I. Distribution hotels and restaurants,29,13,16
S01013408,H J. Transport and communication,11,3,8
S01013408,K L M N. Financial real estate professional and administrative activities,25,7,18
S01013408,O P Q. Public administration education and health,38,7,31
S01013408,R S T U. Other,8,2,6
S01013408,Never worked,35,14,21
S01013409,All people aged 16 to 74 not in employment,252,99,153
S01013409,A B D E. Agriculture energy and water,5,3,2
S01013409,C. Manufacturing,29,14,15
S01013409,F. Construction,16,13,3
S01013409,G I. Distribution hotels and restaurants,50,19,31
S01013409,H J. Transport and communication,25,8,17
S01013409,K L M N. Financial real estate professional and administrative activities,25,9,16
S01013409,O P Q. Public administration education and health,57,14,43
S01013409,R S T U. Other,9,1,8
S01013409,Never worked,36,18,18
S01013410,All people aged 16 to 74 not in employment,196,72,124
S01013410,A B D E. Agriculture energy and water,3,2,1
S01013410,C. Manufacturing,24,7,17
S01013410,F. Construction,18,15,3
S01013410,G I. Distribution hotels and restaurants,53,24,29
S01013410,H J. Transport and communication,19,5,14
S01013410,K L M N. Financial real estate professional and administrative activities,12,6,6
S01013410,O P Q. Public administration education and health,24,3,21
S01013410,R S T U. Other,7,1,6
S01013410,Never worked,36,9,27
S01013411,All people aged 16 to 74 not in employment,158,69,89
S01013411,A B D E. Agriculture energy and water,3,2,1
S01013411,C. Manufacturing,26,11,15
S01013411,F. Construction,14,12,2
S01013411,G I. Distribution hotels and restaurants,31,14,17
S01013411,H J. Transport and communication,13,5,8
S01013411,K L M N. Financial real estate professional and administrative activities,17,12,5
S01013411,O P Q. Public administration education and health,27,4,23
S01013411,R S T U. Other,5,0,5
S01013411,Never worked,22,9,13
S01013412,All people aged 16 to 74 not in employment,228,112,116
S01013412,A B D E. Agriculture energy and water,8,5,3
S01013412,C. Manufacturing,26,18,8
S01013412,F. Construction,14,14,0
S01013412,G I. Distribution hotels and restaurants,44,24,20
S01013412,H J. Transport and communication,24,10,14
S01013412,K L M N. Financial real estate professional and administrative activities,19,11,8
S01013412,O P Q. Public administration education and health,47,12,35
S01013412,R S T U. Other,7,5,2
S01013412,Never worked,39,13,26
S01013413,All people aged 16 to 74 not in employment,162,74,88
S01013413,A B D E. Agriculture energy and water,1,1,0
S01013413,C. Manufacturing,15,9,6
S01013413,F. Construction,18,15,3
S01013413,G I. Distribution hotels and restaurants,32,13,19
S01013413,H J. Transport and communication,10,6,4
S01013413,K L M N. Financial real estate professional and administrative activities,9,4,5
S01013413,O P Q. Public administration education and health,50,14,36
S01013413,R S T U. Other,11,2,9
S01013413,Never worked,16,10,6
S01013414,All people aged 16 to 74 not in employment,229,92,137
S01013414,A B D E. Agriculture energy and water,7,6,1
S01013414,C. Manufacturing,28,14,14
S01013414,F. Construction,17,16,1
S01013414,G I. Distribution hotels and restaurants,45,17,28
S01013414,H J. Transport and communication,21,8,13
S01013414,K L M N. Financial real estate professional and administrative activities,18,7,11
S01013414,O P Q. Public administration education and health,47,13,34
S01013414,R S T U. Other,14,3,11
S01013414,Never worked,32,8,24
S01013415,All people aged 16 to 74 not in employment,242,117,125
S01013415,A B D E. Agriculture energy and water,8,8,0
S01013415,C. Manufacturing,44,21,23
S01013415,F. Construction,20,19,1
S01013415,G I. Distribution hotels and restaurants,52,22,30
S01013415,H J. Transport and communication,20,3,17
S01013415,K L M N. Financial real estate professional and administrative activities,22,12,10
S01013415,O P Q. Public administration education and health,43,15,28
S01013415,R S T U. Other,12,3,9
S01013415,Never worked,21,14,7
S01013416,All people aged 16 to 74 not in employment,184,85,99
S01013416,A B D E. Agriculture energy and water,5,4,1
S01013416,C. Manufacturing,32,18,14
S01013416,F. Construction,10,10,0
S01013416,G I. Distribution hotels and restaurants,31,15,16
S01013416,H J. Transport and communication,16,3,13
S01013416,K L M N. Financial real estate professional and administrative activities,11,6,5
S01013416,O P Q. Public administration education and health,31,3,28
S01013416,R S T U. Other,4,2,2
S01013416,Never worked,44,24,20
S01013417,All people aged 16 to 74 not in employment,243,122,121
S01013417,A B D E. Agriculture energy and water,8,7,1
S01013417,C. Manufacturing,40,29,11
S01013417,F. Construction,32,28,4
S01013417,G I. Distribution hotels and restaurants,44,18,26
S01013417,H J. Transport and communication,16,4,12
S01013417,K L M N. Financial real estate professional and administrative activities,26,10,16
S01013417,O P Q. Public administration education and health,47,14,33
S01013417,R S T U. Other,10,4,6
S01013417,Never worked,20,8,12
S01013418,All people aged 16 to 74 not in employment,163,72,91
S01013418,A B D E. Agriculture energy and water,1,1,0
S01013418,C. Manufacturing,18,10,8
S01013418,F. Construction,14,12,2
S01013418,G I. Distribution hotels and restaurants,35,17,18
S01013418,H J. Transport and communication,11,5,6
S01013418,K L M N. Financial real estate professional and administrative activities,10,4,6
S01013418,O P Q. Public administration education and health,37,7,30
S01013418,R S T U. Other,7,2,5
S01013418,Never worked,30,14,16
S01013419,All people aged 16 to 74 not in employment,108,46,62
S01013419,A B D E. Agriculture energy and water,2,1,1
S01013419,C. Manufacturing,8,5,3
S01013419,F. Construction,3,3,0
S01013419,G I. Distribution hotels and restaurants,19,6,13
S01013419,H J. Transport and communication,7,4,3
S01013419,K L M N. Financial real estate professional and administrative activities,14,7,7
S01013419,O P Q. Public administration education and health,32,10,22
S01013419,R S T U. Other,6,1,5
S01013419,Never worked,17,9,8
S01013420,All people aged 16 to 74 not in employment,114,47,67
S01013420,A B D E. Agriculture energy and water,3,2,1
S01013420,C. Manufacturing,13,9,4
S01013420,F. Construction,8,8,0
S01013420,G I. Distribution hotels and restaurants,20,7,13
S01013420,H J. Transport and communication,12,1,11
S01013420,K L M N. Financial real estate professional and administrative activities,7,3,4
S01013420,O P Q. Public administration education and health,33,6,27
S01013420,R S T U. Other,2,1,1
S01013420,Never worked,16,10,6
S01013421,All people aged 16 to 74 not in employment,93,37,56
S01013421,A B D E. Agriculture energy and water,0,0,0
S01013421,C. Manufacturing,7,3,4
S01013421,F. Construction,6,6,0
S01013421,G I. Distribution hotels and restaurants,22,9,13
S01013421,H J. Transport and communication,8,5,3
S01013421,K L M N. Financial real estate professional and administrative activities,10,1,9
S01013421,O P Q. Public administration education and health,19,2,17
S01013421,R S T U. Other,5,2,3
S01013421,Never worked,16,9,7
S01013422,All people aged 16 to 74 not in employment,173,73,100
S01013422,A B D E. Agriculture energy and water,3,1,2
S01013422,C. Manufacturing,29,16,13
S01013422,F. Construction,16,14,2
S01013422,G I. Distribution hotels and restaurants,22,11,11
S01013422,H J. Transport and communication,14,4,10
S01013422,K L M N. Financial real estate professional and administrative activities,15,4,11
S01013422,O P Q. Public administration education and health,41,9,32
S01013422,R S T U. Other,4,0,4
S01013422,Never worked,29,14,15
S01013423,All people aged 16 to 74 not in employment,206,93,113
S01013423,A B D E. Agriculture energy and water,5,4,1
S01013423,C. Manufacturing,32,19,13
S01013423,F. Construction,13,11,2
S01013423,G I. Distribution hotels and restaurants,45,20,25
S01013423,H J. Transport and communication,14,3,11
S01013423,K L M N. Financial real estate professional and administrative activities,18,10,8
S01013423,O P Q. Public administration education and health,37,7,30
S01013423,R S T U. Other,2,1,1
S01013423,Never worked,40,18,22
S01013424,All people aged 16 to 74 not in employment,96,42,54
S01013424,A B D E. Agriculture energy and water,6,4,2
S01013424,C. Manufacturing,9,3,6
S01013424,F. Construction,8,8,0
S01013424,G I. Distribution hotels and restaurants,16,12,4
S01013424,H J. Transport and communication,3,1,2
S01013424,K L M N. Financial real estate professional and administrative activities,11,1,10
S01013424,O P Q. Public administration education and health,28,4,24
S01013424,R S T U. Other,1,0,1
S01013424,Never worked,14,9,5
S01013425,All people aged 16 to 74 not in employment,115,52,63
S01013425,A B D E. Agriculture energy and water,4,2,2
S01013425,C. Manufacturing,13,7,6
S01013425,F. Construction,11,9,2
S01013425,G I. Distribution hotels and restaurants,20,12,8
S01013425,H J. Transport and communication,10,3,7
S01013425,K L M N. Financial real estate professional and administrative activities,10,4,6
S01013425,O P Q. Public administration education and health,28,10,18
S01013425,R S T U. Other,9,1,8
S01013425,Never worked,10,4,6
S01013426,All people aged 16 to 74 not in employment,252,112,140
S01013426,A B D E. Agriculture energy and water,3,3,0
S01013426,C. Manufacturing,41,20,21
S01013426,F. Construction,18,17,1
S01013426,G I. Distribution hotels and restaurants,54,28,26
S01013426,H J. Transport and communication,19,4,15
S01013426,K L M N. Financial real estate professional and administrative activities,25,9,16
S01013426,O P Q. Public administration education and health,50,11,39
S01013426,R S T U. Other,6,2,4
S01013426,Never worked,36,18,18
S01013427,All people aged 16 to 74 not in employment,59,28,31
S01013427,A B D E. Agriculture energy and water,0,0,0
S01013427,C. Manufacturing,6,4,2
S01013427,F. Construction,2,1,1
S01013427,G I. Distribution hotels and restaurants,10,5,5
S01013427,H J. Transport and communication,5,2,3
S01013427,K L M N. Financial real estate professional and administrative activities,12,7,5
S01013427,O P Q. Public administration education and health,11,2,9
S01013427,R S T U. Other,3,0,3
S01013427,Never worked,10,7,3
S01013428,All people aged 16 to 74 not in employment,291,132,159
S01013428,A B D E. Agriculture energy and water,6,4,2
S01013428,C. Manufacturing,37,19,18
S01013428,F. Construction,20,16,4
S01013428,G I. Distribution hotels and restaurants,61,32,29
S01013428,H J. Transport and communication,29,4,25
S01013428,K L M N. Financial real estate professional and administrative activities,29,13,16
S01013428,O P Q. Public administration education and health,47,15,32
S01013428,R S T U. Other,8,1,7
S01013428,Never worked,54,28,26
S01013429,All people aged 16 to 74 not in employment,174,75,99
S01013429,A B D E. Agriculture energy and water,2,2,0
S01013429,C. Manufacturing,32,17,15
S01013429,F. Construction,12,10,2
S01013429,G I. Distribution hotels and restaurants,40,15,25
S01013429,H J. Transport and communication,5,1,4
S01013429,K L M N. Financial real estate professional and administrative activities,16,8,8
S01013429,O P Q. Public administration education and health,39,10,29
S01013429,R S T U. Other,8,2,6
S01013429,Never worked,20,10,10
S01013430,All people aged 16 to 74 not in employment,151,66,85
S01013430,A B D E. Agriculture energy and water,5,4,1
S01013430,C. Manufacturing,31,15,16
S01013430,F. Construction,16,14,2
S01013430,G I. Distribution hotels and restaurants,20,6,14
S01013430,H J. Transport and communication,13,4,9
S01013430,K L M N. Financial real estate professional and administrative activities,9,6,3
S01013430,O P Q. Public administration education and health,22,5,17
S01013430,R S T U. Other,6,1,5
S01013430,Never worked,29,11,18
S01013431,All people aged 16 to 74 not in employment,196,87,109
S01013431,A B D E. Agriculture energy and water,3,2,1
S01013431,C. Manufacturing,33,16,17
S01013431,F. Construction,14,10,4
S01013431,G I. Distribution hotels and restaurants,38,17,21
S01013431,H J. Transport and communication,12,3,9
S01013431,K L M N. Financial real estate professional and administrative activities,20,6,14
S01013431,O P Q. Public administration education and health,40,10,30
S01013431,R S T U. Other,3,2,1
S01013431,Never worked,33,21,12
S01013432,All people aged 16 to 74 not in employment,180,81,99
S01013432,A B D E. Agriculture energy and water,6,4,2
S01013432,C. Manufacturing,29,14,15
S01013432,F. Construction,14,12,2
S01013432,G I. Distribution hotels and restaurants,41,18,23
S01013432,H J. Transport and communication,17,7,10
S01013432,K L M N. Financial real estate professional and administrative activities,18,9,9
S01013432,O P Q. Public administration education and health,31,9,22
S01013432,R S T U. Other,11,2,9
S01013432,Never worked,13,6,7
S01013433,All people aged 16 to 74 not in employment,174,75,99
S01013433,A B D E. Agriculture energy and water,3,3,0
S01013433,C. Manufacturing,19,12,7
S01013433,F. Construction,14,13,1
S01013433,G I. Distribution hotels and restaurants,35,12,23
S01013433,H J. Transport and communication,14,3,11
S01013433,K L M N. Financial real estate professional and administrative activities,12,6,6
S01013433,O P Q. Public administration education and health,53,14,39
S01013433,R S T U. Other,5,1,4
S01013433,Never worked,19,11,8
S01013434,All people aged 16 to 74 not in employment,101,40,61
S01013434,A B D E. Agriculture energy and water,4,2,2
S01013434,C. Manufacturing,8,4,4
S01013434,F. Construction,5,3,2
S01013434,G I. Distribution hotels and restaurants,13,4,9
S01013434,H J. Transport and communication,9,4,5
S01013434,K L M N. Financial real estate professional and administrative activities,11,4,7
S01013434,O P Q. Public administration education and health,26,7,19
S01013434,R S T U. Other,3,0,3
S01013434,Never worked,22,12,10
S01013435,All people aged 16 to 74 not in employment,112,50,62
S01013435,A B D E. Agriculture energy and water,2,1,1
S01013435,C. Manufacturing,11,5,6
S01013435,F. Construction,5,4,1
S01013435,G I. Distribution hotels and restaurants,11,5,6
S01013435,H J. Transport and communication,5,1,4
S01013435,K L M N. Financial real estate professional and administrative activities,24,9,15
S01013435,O P Q. Public administration education and health,23,4,19
S01013435,R S T U. Other,4,2,2
S01013435,Never worked,27,19,8
S01013436,All people aged 16 to 74 not in employment,183,76,107
S01013436,A B D E. Agriculture energy and water,1,1,0
S01013436,C. Manufacturing,19,11,8
S01013436,F. Construction,9,9,0
S01013436,G I. Distribution hotels and restaurants,41,19,22
S01013436,H J. Transport and communication,11,3,8
S01013436,K L M N. Financial real estate professional and administrative activities,15,4,11
S01013436,O P Q. Public administration education and health,42,8,34
S01013436,R S T U. Other,9,3,6
S01013436,Never worked,36,18,18
S01013437,All people aged 16 to 74 not in employment,150,64,86
S01013437,A B D E. Agriculture energy and water,3,2,1
S01013437,C. Manufacturing,18,12,6
S01013437,F. Construction,16,16,0
S01013437,G I. Distribution hotels and restaurants,22,7,15
S01013437,H J. Transport and communication,5,1,4
S01013437,K L M N. Financial real estate professional and administrative activities,22,3,19
S01013437,O P Q. Public administration education and health,35,7,28
S01013437,R S T U. Other,2,1,1
S01013437,Never worked,27,15,12
S01013438,All people aged 16 to 74 not in employment,170,81,89
S01013438,A B D E. Agriculture energy and water,3,2,1
S01013438,C. Manufacturing,22,13,9
S01013438,F. Construction,15,15,0
S01013438,G I. Distribution hotels and restaurants,33,20,13
S01013438,H J. Transport and communication,12,3,9
S01013438,K L M N. Financial real estate professional and administrative activities,20,13,7
S01013438,O P Q. Public administration education and health,45,9,36
S01013438,R S T U. Other,2,0,2
S01013438,Never worked,18,6,12
S01013439,All people aged 16 to 74 not in employment,278,120,158
S01013439,A B D E. Agriculture energy and water,3,2,1
S01013439,C. Manufacturing,24,14,10
S01013439,F. Construction,8,8,0
S01013439,G I. Distribution hotels and restaurants,37,13,24
S01013439,H J. Transport and communication,15,8,7
S01013439,K L M N. Financial real estate professional and administrative activities,42,18,24
S01013439,O P Q. Public administration education and health,113,39,74
S01013439,R S T U. Other,10,4,6
S01013439,Never worked,26,14,12
S01013440,All people aged 16 to 74 not in employment,287,125,162
S01013440,A B D E. Agriculture energy and water,5,4,1
S01013440,C. Manufacturing,24,19,5
S01013440,F. Construction,14,9,5
S01013440,G I. Distribution hotels and restaurants,32,15,17
S01013440,H J. Transport and communication,19,11,8
S01013440,K L M N. Financial real estate professional and administrative activities,45,16,29
S01013440,O P Q. Public administration education and health,107,29,78
S01013440,R S T U. Other,9,4,5
S01013440,Never worked,32,18,14
S01013441,All people aged 16 to 74 not in employment,169,79,90
S01013441,A B D E. Agriculture energy and water,3,2,1
S01013441,C. Manufacturing,12,10,2
S01013441,F. Construction,5,4,1
S01013441,G I. Distribution hotels and restaurants,24,11,13
S01013441,H J. Transport and communication,10,5,5
S01013441,K L M N. Financial real estate professional and administrative activities,33,20,13
S01013441,O P Q. Public administration education and health,52,15,37
S01013441,R S T U. Other,6,0,6
S01013441,Never worked,24,12,12
S01013442,All people aged 16 to 74 not in employment,169,67,102
S01013442,A B D E. Agriculture energy and water,0,0,0
S01013442,C. Manufacturing,12,7,5
S01013442,F. Construction,5,5,0
S01013442,G I. Distribution hotels and restaurants,36,15,21
S01013442,H J. Transport and communication,12,6,6
S01013442,K L M N. Financial real estate professional and administrative activities,23,13,10
S01013442,O P Q. Public administration education and health,48,5,43
S01013442,R S T U. Other,9,5,4
S01013442,Never worked,24,11,13
S01013443,All people aged 16 to 74 not in employment,134,68,66
S01013443,A B D E. Agriculture energy and water,1,1,0
S01013443,C. Manufacturing,16,13,3
S01013443,F. Construction,8,6,2
S01013443,G I. Distribution hotels and restaurants,23,9,14
S01013443,H J. Transport and communication,12,7,5
S01013443,K L M N. Financial real estate professional and administrative activities,14,7,7
S01013443,O P Q. Public administration education and health,38,12,26
S01013443,R S T U. Other,4,2,2
S01013443,Never worked,18,11,7
S01013444,All people aged 16 to 74 not in employment,234,112,122
S01013444,A B D E. Agriculture energy and water,10,7,3
S01013444,C. Manufacturing,27,18,9
S01013444,F. Construction,18,16,2
S01013444,G I. Distribution hotels and restaurants,37,17,20
S01013444,H J. Transport and communication,25,9,16
S01013444,K L M N. Financial real estate professional and administrative activities,23,11,12
S01013444,O P Q. Public administration education and health,53,13,40
S01013444,R S T U. Other,9,2,7
S01013444,Never worked,32,19,13
S01013445,All people aged 16 to 74 not in employment,122,51,71
S01013445,A B D E. Agriculture energy and water,1,1,0
S01013445,C. Manufacturing,13,8,5
S01013445,F. Construction,4,3,1
S01013445,G I. Distribution hotels and restaurants,22,9,13
S01013445,H J. Transport and communication,8,3,5
S01013445,K L M N. Financial real estate professional and administrative activities,14,5,9
S01013445,O P Q. Public administration education and health,43,12,31
S01013445,R S T U. Other,0,0,0
S01013445,Never worked,17,10,7
S01013446,All people aged 16 to 74 not in employment,178,81,97
S01013446,A B D E. Agriculture energy and water,4,1,3
S01013446,C. Manufacturing,20,10,10
S01013446,F. Construction,15,13,2
S01013446,G I. Distribution hotels and restaurants,37,22,15
S01013446,H J. Transport and communication,9,3,6
S01013446,K L M N. Financial real estate professional and administrative activities,26,16,10
S01013446,O P Q. Public administration education and health,43,7,36
S01013446,R S T U. Other,3,0,3
S01013446,Never worked,21,9,12
S01013447,All people aged 16 to 74 not in employment,79,30,49
S01013447,A B D E. Agriculture energy and water,2,1,1
S01013447,C. Manufacturing,2,2,0
S01013447,F. Construction,1,1,0
S01013447,G I. Distribution hotels and restaurants,11,4,7
S01013447,H J. Transport and communication,5,1,4
S01013447,K L M N. Financial real estate professional and administrative activities,13,4,9
S01013447,O P Q. Public administration education and health,17,2,15
S01013447,R S T U. Other,4,1,3
S01013447,Never worked,24,14,10
S01013448,All people aged 16 to 74 not in employment,209,90,119
S01013448,A B D E. Agriculture energy and water,5,3,2
S01013448,C. Manufacturing,28,20,8
S01013448,F. Construction,8,6,2
S01013448,G I. Distribution hotels and restaurants,23,5,18
S01013448,H J. Transport and communication,12,8,4
S01013448,K L M N. Financial real estate professional and administrative activities,27,11,16
S01013448,O P Q. Public administration education and health,77,23,54
S01013448,R S T U. Other,6,2,4
S01013448,Never worked,23,12,11
S01013449,All people aged 16 to 74 not in employment,126,58,68
S01013449,A B D E. Agriculture energy and water,2,1,1
S01013449,C. Manufacturing,9,7,2
S01013449,F. Construction,9,9,0
S01013449,G I. Distribution hotels and restaurants,11,5,6
S01013449,H J. Transport and communication,5,3,2
S01013449,K L M N. Financial real estate professional and administrative activities,18,6,12
S01013449,O P Q. Public administration education and health,46,13,33
S01013449,R S T U. Other,9,1,8
S01013449,Never worked,17,13,4
S01013450,All people aged 16 to 74 not in employment,104,47,57
S01013450,A B D E. Agriculture energy and water,0,0,0
S01013450,C. Manufacturing,6,3,3
S01013450,F. Construction,7,4,3
S01013450,G I. Distribution hotels and restaurants,19,8,11
S01013450,H J. Transport and communication,5,1,4
S01013450,K L M N. Financial real estate professional and administrative activities,16,9,7
S01013450,O P Q. Public administration education and health,35,12,23
S01013450,R S T U. Other,3,3,0
S01013450,Never worked,13,7,6
S01013451,All people aged 16 to 74 not in employment,157,59,98
S01013451,A B D E. Agriculture energy and water,4,2,2
S01013451,C. Manufacturing,8,6,2
S01013451,F. Construction,2,2,0
S01013451,G I. Distribution hotels and restaurants,24,7,17
S01013451,H J. Transport and communication,6,3,3
S01013451,K L M N. Financial real estate professional and administrative activities,24,9,15
S01013451,O P Q. Public administration education and health,40,10,30
S01013451,R S T U. Other,2,1,1
S01013451,Never worked,47,19,28
S01013452,All people aged 16 to 74 not in employment,159,72,87
S01013452,A B D E. Agriculture energy and water,7,2,5
S01013452,C. Manufacturing,15,12,3
S01013452,F. Construction,9,8,1
S01013452,G I. Distribution hotels and restaurants,11,4,7
S01013452,H J. Transport and communication,12,8,4
S01013452,K L M N. Financial real estate professional and administrative activities,32,11,21
S01013452,O P Q. Public administration education and health,33,9,24
S01013452,R S T U. Other,9,3,6
S01013452,Never worked,31,15,16
S01013453,All people aged 16 to 74 not in employment,229,108,121
S01013453,A B D E. Agriculture energy and water,9,9,0
S01013453,C. Manufacturing,33,18,15
S01013453,F. Construction,15,15,0
S01013453,G I. Distribution hotels and restaurants,48,24,24
S01013453,H J. Transport and communication,23,4,19
S01013453,K L M N. Financial real estate professional and administrative activities,22,8,14
S01013453,O P Q. Public administration education and health,35,7,28
S01013453,R S T U. Other,10,6,4
S01013453,Never worked,34,17,17
S01013454,All people aged 16 to 74 not in employment,162,68,94
S01013454,A B D E. Agriculture energy and water,4,2,2
S01013454,C. Manufacturing,13,10,3
S01013454,F. Construction,13,10,3
S01013454,G I. Distribution hotels and restaurants,38,14,24
S01013454,H J. Transport and communication,13,6,7
S01013454,K L M N. Financial real estate professional and administrative activities,19,9,10
S01013454,O P Q. Public administration education and health,39,8,31
S01013454,R S T U. Other,9,3,6
S01013454,Never worked,14,6,8
S01013455,All people aged 16 to 74 not in employment,141,73,68
S01013455,A B D E. Agriculture energy and water,5,2,3
S01013455,C. Manufacturing,20,13,7
S01013455,F. Construction,15,13,2
S01013455,G I. Distribution hotels and restaurants,29,15,14
S01013455,H J. Transport and communication,10,4,6
S01013455,K L M N. Financial real estate professional and administrative activities,19,12,7
S01013455,O P Q. Public administration education and health,26,7,19
S01013455,R S T U. Other,4,2,2
S01013455,Never worked,13,5,8
S01013456,All people aged 16 to 74 not in employment,226,103,123
S01013456,A B D E. Agriculture energy and water,11,8,3
S01013456,C. Manufacturing,23,14,9
S01013456,F. Construction,17,15,2
S01013456,G I. Distribution hotels and restaurants,54,16,38
S01013456,H J. Transport and communication,18,7,11
S01013456,K L M N. Financial real estate professional and administrative activities,26,16,10
S01013456,O P Q. Public administration education and health,48,13,35
S01013456,R S T U. Other,7,3,4
S01013456,Never worked,22,11,11
S01013457,All people aged 16 to 74 not in employment,251,102,149
S01013457,A B D E. Agriculture energy and water,6,2,4
S01013457,C. Manufacturing,43,24,19
S01013457,F. Construction,18,18,0
S01013457,G I. Distribution hotels and restaurants,43,23,20
S01013457,H J. Transport and communication,21,4,17
S01013457,K L M N. Financial real estate professional and administrative activities,30,8,22
S01013457,O P Q. Public administration education and health,41,6,35
S01013457,R S T U. Other,12,3,9
S01013457,Never worked,37,14,23
S01013458,All people aged 16 to 74 not in employment,184,84,100
S01013458,A B D E. Agriculture energy and water,9,7,2
S01013458,C. Manufacturing,32,17,15
S01013458,F. Construction,14,12,2
S01013458,G I. Distribution hotels and restaurants,35,17,18
S01013458,H J. Transport and communication,9,2,7
S01013458,K L M N. Financial real estate professional and administrative activities,28,7,21
S01013458,O P Q. Public administration education and health,31,10,21
S01013458,R S T U. Other,7,1,6
S01013458,Never worked,19,11,8
S01013459,All people aged 16 to 74 not in employment,217,92,125
S01013459,A B D E. Agriculture energy and water,12,7,5
S01013459,C. Manufacturing,36,15,21
S01013459,F. Construction,26,25,1
S01013459,G I. Distribution hotels and restaurants,41,20,21
S01013459,H J. Transport and communication,9,2,7
S01013459,K L M N. Financial real estate professional and administrative activities,22,8,14
S01013459,O P Q. Public administration education and health,43,6,37
S01013459,R S T U. Other,4,1,3
S01013459,Never worked,24,8,16
S01013460,All people aged 16 to 74 not in employment,222,97,125
S01013460,A B D E. Agriculture energy and water,9,7,2
S01013460,C. Manufacturing,44,16,28
S01013460,F. Construction,17,12,5
S01013460,G I. Distribution hotels and restaurants,37,20,17
S01013460,H J. Transport and communication,23,12,11
S01013460,K L M N. Financial real estate professional and administrative activities,25,7,18
S01013460,O P Q. Public administration education and health,36,5,31
S01013460,R S T U. Other,6,3,3
S01013460,Never worked,25,15,10
S01013461,All people aged 16 to 74 not in employment,210,88,122
S01013461,A B D E. Agriculture energy and water,2,1,1
S01013461,C. Manufacturing,22,10,12
S01013461,F. Construction,20,17,3
S01013461,G I. Distribution hotels and restaurants,38,14,24
S01013461,H J. Transport and communication,24,10,14
S01013461,K L M N. Financial real estate professional and administrative activities,26,11,15
S01013461,O P Q. Public administration education and health,33,6,27
S01013461,R S T U. Other,7,1,6
S01013461,Never worked,38,18,20
S01013462,All people aged 16 to 74 not in employment,142,59,83
S01013462,A B D E. Agriculture energy and water,7,5,2
S01013462,C. Manufacturing,17,10,7
S01013462,F. Construction,7,7,0
S01013462,G I. Distribution hotels and restaurants,32,10,22
S01013462,H J. Transport and communication,10,4,6
S01013462,K L M N. Financial real estate professional and administrative activities,15,5,10
S01013462,O P Q. Public administration education and health,24,7,17
S01013462,R S T U. Other,7,1,6
S01013462,Never worked,23,10,13
S01013463,All people aged 16 to 74 not in employment,124,48,76
S01013463,A B D E. Agriculture energy and water,3,2,1
S01013463,C. Manufacturing,15,3,12
S01013463,F. Construction,9,8,1
S01013463,G I. Distribution hotels and restaurants,22,8,14
S01013463,H J. Transport and communication,9,1,8
S01013463,K L M N. Financial real estate professional and administrative activities,19,11,8
S01013463,O P Q. Public administration education and health,24,3,21
S01013463,R S T U. Other,4,1,3
S01013463,Never worked,19,11,8
S01013464,All people aged 16 to 74 not in employment,174,69,105
S01013464,A B D E. Agriculture energy and water,3,3,0
S01013464,C. Manufacturing,20,11,9
S01013464,F. Construction,10,7,3
S01013464,G I. Distribution hotels and restaurants,26,16,10
S01013464,H J. Transport and communication,10,2,8
S01013464,K L M N. Financial real estate professional and administrative activities,13,4,9
S01013464,O P Q. Public administration education and health,65,13,52
S01013464,R S T U. Other,5,2,3
S01013464,Never worked,22,11,11
S01013465,All people aged 16 to 74 not in employment,198,73,125
S01013465,A B D E. Agriculture energy and water,4,3,1
S01013465,C. Manufacturing,26,12,14
S01013465,F. Construction,19,19,0
S01013465,G I. Distribution hotels and restaurants,36,11,25
S01013465,H J. Transport and communication,14,4,10
S01013465,K L M N. Financial real estate professional and administrative activities,25,8,17
S01013465,O P Q. Public administration education and health,55,11,44
S01013465,R S T U. Other,7,1,6
S01013465,Never worked,12,4,8
S01013466,All people aged 16 to 74 not in employment,202,55,147
S01013466,A B D E. Agriculture energy and water,8,5,3
S01013466,C. Manufacturing,8,5,3
S01013466,F. Construction,5,5,0
S01013466,G I. Distribution hotels and restaurants,29,7,22
S01013466,H J. Transport and communication,23,4,19
S01013466,K L M N. Financial real estate professional and administrative activities,13,8,5
S01013466,O P Q. Public administration education and health,39,5,34
S01013466,R S T U. Other,19,1,18
S01013466,Never worked,58,15,43
S01013467,All people aged 16 to 74 not in employment,166,71,95
S01013467,A B D E. Agriculture energy and water,6,4,2
S01013467,C. Manufacturing,28,20,8
S01013467,F. Construction,11,7,4
S01013467,G I. Distribution hotels and restaurants,31,13,18
S01013467,H J. Transport and communication,8,3,5
S01013467,K L M N. Financial real estate professional and administrative activities,20,9,11
S01013467,O P Q. Public administration education and health,37,7,30
S01013467,R S T U. Other,4,1,3
S01013467,Never worked,21,7,14
S01013468,All people aged 16 to 74 not in employment,173,80,93
S01013468,A B D E. Agriculture energy and water,0,0,0
S01013468,C. Manufacturing,23,14,9
S01013468,F. Construction,15,14,1
S01013468,G I. Distribution hotels and restaurants,30,11,19
S01013468,H J. Transport and communication,10,5,5
S01013468,K L M N. Financial real estate professional and administrative activities,18,7,11
S01013468,O P Q. Public administration education and health,45,15,30
S01013468,R S T U. Other,4,1,3
S01013468,Never worked,28,13,15
S01013469,All people aged 16 to 74 not in employment,198,85,113
S01013469,A B D E. Agriculture energy and water,6,5,1
S01013469,C. Manufacturing,26,18,8
S01013469,F. Construction,15,12,3
S01013469,G I. Distribution hotels and restaurants,41,15,26
S01013469,H J. Transport and communication,13,4,9
S01013469,K L M N. Financial real estate professional and administrative activities,25,8,17
S01013469,O P Q. Public administration education and health,44,12,32
S01013469,R S T U. Other,7,2,5
S01013469,Never worked,21,9,12
S01013470,All people aged 16 to 74 not in employment,208,100,108
S01013470,A B D E. Agriculture energy and water,4,1,3
S01013470,C. Manufacturing,37,21,16
S01013470,F. Construction,17,15,2
S01013470,G I. Distribution hotels and restaurants,37,16,21
S01013470,H J. Transport and communication,15,3,12
S01013470,K L M N. Financial real estate professional and administrative activities,27,15,12
S01013470,O P Q. Public administration education and health,30,6,24
S01013470,R S T U. Other,6,1,5
S01013470,Never worked,35,22,13
S01013471,All people aged 16 to 74 not in employment,247,108,139
S01013471,A B D E. Agriculture energy and water,3,2,1
S01013471,C. Manufacturing,43,26,17
S01013471,F. Construction,13,9,4
S01013471,G I. Distribution hotels and restaurants,45,25,20
S01013471,H J. Transport and communication,18,5,13
S01013471,K L M N. Financial real estate professional and administrative activities,29,8,21
S01013471,O P Q. Public administration education and health,44,10,34
S01013471,R S T U. Other,11,4,7
S01013471,Never worked,41,19,22
S01013472,All people aged 16 to 74 not in employment,89,35,54
S01013472,A B D E. Agriculture energy and water,1,1,0
S01013472,C. Manufacturing,16,6,10
S01013472,F. Construction,5,4,1
S01013472,G I. Distribution hotels and restaurants,17,6,11
S01013472,H J. Transport and communication,4,3,1
S01013472,K L M N. Financial real estate professional and administrative activities,13,3,10
S01013472,O P Q. Public administration education and health,10,1,9
S01013472,R S T U. Other,5,1,4
S01013472,Never worked,18,10,8
S01013473,All people aged 16 to 74 not in employment,85,30,55
S01013473,A B D E. Agriculture energy and water,1,1,0
S01013473,C. Manufacturing,4,1,3
S01013473,F. Construction,4,1,3
S01013473,G I. Distribution hotels and restaurants,15,7,8
S01013473,H J. Transport and communication,10,4,6
S01013473,K L M N. Financial real estate professional and administrative activities,9,3,6
S01013473,O P Q. Public administration education and health,25,6,19
S01013473,R S T U. Other,1,1,0
S01013473,Never worked,16,6,10
S01013474,All people aged 16 to 74 not in employment,94,36,58
S01013474,A B D E. Agriculture energy and water,1,0,1
S01013474,C. Manufacturing,15,10,5
S01013474,F. Construction,2,1,1
S01013474,G I. Distribution hotels and restaurants,22,7,15
S01013474,H J. Transport and communication,4,2,2
S01013474,K L M N. Financial real estate professional and administrative activities,11,3,8
S01013474,O P Q. Public administration education and health,18,5,13
S01013474,R S T U. Other,3,1,2
S01013474,Never worked,18,7,11
S01013475,All people aged 16 to 74 not in employment,169,77,92
S01013475,A B D E. Agriculture energy and water,3,2,1
S01013475,C. Manufacturing,24,18,6
S01013475,F. Construction,7,6,1
S01013475,G I. Distribution hotels and restaurants,38,18,20
S01013475,H J. Transport and communication,8,3,5
S01013475,K L M N. Financial real estate professional and administrative activities,18,8,10
S01013475,O P Q. Public administration education and health,42,9,33
S01013475,R S T U. Other,3,1,2
S01013475,Never worked,26,12,14
S01013476,All people aged 16 to 74 not in employment,178,87,91
S01013476,A B D E. Agriculture energy and water,1,0,1
S01013476,C. Manufacturing,34,19,15
S01013476,F. Construction,14,13,1
S01013476,G I. Distribution hotels and restaurants,34,18,16
S01013476,H J. Transport and communication,12,5,7
S01013476,K L M N. Financial real estate professional and administrative activities,21,11,10
S01013476,O P Q. Public administration education and health,42,12,30
S01013476,R S T U. Other,4,1,3
S01013476,Never worked,16,8,8
S01013477,All people aged 16 to 74 not in employment,173,87,86
S01013477,A B D E. Agriculture energy and water,4,4,0
S01013477,C. Manufacturing,42,26,16
S01013477,F. Construction,15,14,1
S01013477,G I. Distribution hotels and restaurants,33,14,19
S01013477,H J. Transport and communication,13,5,8
S01013477,K L M N. Financial real estate professional and administrative activities,13,8,5
S01013477,O P Q. Public administration education and health,33,7,26
S01013477,R S T U. Other,2,0,2
S01013477,Never worked,18,9,9
S01013478,All people aged 16 to 74 not in employment,184,91,93
S01013478,A B D E. Agriculture energy and water,2,1,1
S01013478,C. Manufacturing,32,17,15
S01013478,F. Construction,13,13,0
S01013478,G I. Distribution hotels and restaurants,24,12,12
S01013478,H J. Transport and communication,14,2,12
S01013478,K L M N. Financial real estate professional and administrative activities,17,7,10
S01013478,O P Q. Public administration education and health,27,10,17
S01013478,R S T U. Other,10,3,7
S01013478,Never worked,45,26,19
S01013479,All people aged 16 to 74 not in employment,235,109,126
S01013479,A B D E. Agriculture energy and water,6,5,1
S01013479,C. Manufacturing,45,22,23
S01013479,F. Construction,19,18,1
S01013479,G I. Distribution hotels and restaurants,51,18,33
S01013479,H J. Transport and communication,11,4,7
S01013479,K L M N. Financial real estate professional and administrative activities,23,9,14
S01013479,O P Q. Public administration education and health,36,7,29
S01013479,R S T U. Other,11,4,7
S01013479,Never worked,33,22,11
S01013480,All people aged 16 to 74 not in employment,200,80,120
S01013480,A B D E. Agriculture energy and water,5,4,1
S01013480,C. Manufacturing,42,20,22
S01013480,F. Construction,18,14,4
S01013480,G I. Distribution hotels and restaurants,41,17,24
S01013480,H J. Transport and communication,15,2,13
S01013480,K L M N. Financial real estate professional and administrative activities,17,5,12
S01013480,O P Q. Public administration education and health,36,5,31
S01013480,R S T U. Other,9,4,5
S01013480,Never worked,17,9,8
S01013481,All people aged 16 to 74 not in employment,131,55,76
S01013481,A B D E. Agriculture energy and water,4,4,0
S01013481,C. Manufacturing,23,9,14
S01013481,F. Construction,8,7,1
S01013481,G I. Distribution hotels and restaurants,35,17,18
S01013481,H J. Transport and communication,8,3,5
S01013481,K L M N. Financial real estate professional and administrative activities,12,6,6
S01013481,O P Q. Public administration education and health,26,2,24
S01013481,R S T U. Other,1,1,0
S01013481,Never worked,14,6,8
