,LC6122SC0001,LC6122SC0002,LC6122SC0003,LC6122SC0004,LC6122SC0005,LC6122SC0006,LC6122SC0007,LC6122SC0008,LC6122SC0009,LC6122SC0010,LC6122SC0011,LC6122SC0012,LC6122SC0013,LC6122SC0014,LC6122SC0015,LC6122SC0016,LC6122SC0017,LC6122SC0018,LC6122SC0019,LC6122SC0020,LC6122SC0021,LC6122SC0022,LC6122SC0023,LC6122SC0024,LC6122SC0025,LC6122SC0026,LC6122SC0027,LC6122SC0028,LC6122SC0029,LC6122SC0030,LC6122SC0031,LC6122SC0032,LC6122SC0033,LC6122SC0034,LC6122SC0035,LC6122SC0036
S92000003,3970530,1939961,2030569,2516895,1295315,1221580,1453635,644646,808989,62884,33431,29453,201017,102841,98176,114179,55906,58273,82566,38162,44404,61283,25967,35316,55380,23557,31823,214667,93697,120970,401750,147221,254529,259909,123864,136045
S01006506,692,344,348,507,265,242,185,79,106,7,5,2,28,12,16,15,7,8,18,8,10,6,2,4,8,6,2,21,9,12,47,12,35,35,18,17
S01006507,640,294,346,461,222,239,179,72,107,9,3,6,16,7,9,15,5,10,9,5,4,12,5,7,4,1,3,27,17,10,54,16,38,33,13,20
S01006508,530,272,258,425,228,197,105,44,61,7,6,1,14,4,10,14,8,6,6,3,3,7,2,5,7,4,3,17,6,11,22,6,16,11,5,6
S01006509,420,200,220,305,151,154,115,49,66,8,4,4,20,11,9,6,2,4,9,1,8,5,3,2,3,3,0,22,10,12,28,9,19,14,6,8
S01006510,455,226,229,291,161,130,164,65,99,6,2,4,11,5,6,15,2,13,8,3,5,6,4,2,6,5,1,32,14,18,54,16,38,26,14,12
S01006511,551,269,282,348,177,171,203,92,111,12,9,3,18,10,8,13,8,5,10,4,6,11,5,6,6,2,4,34,19,15,77,21,56,22,14,8
S01006512,340,178,162,248,140,108,92,38,54,3,2,1,16,7,9,4,2,2,5,1,4,1,0,1,3,1,2,5,3,2,29,3,26,26,19,7
S01006513,417,195,222,275,149,126,142,46,96,6,2,4,11,4,7,8,1,7,12,8,4,4,0,4,4,0,4,21,7,14,56,14,42,20,10,10
S01006514,709,349,360,480,270,210,229,79,150,9,7,2,20,9,11,15,5,10,15,5,10,9,3,6,8,0,8,32,14,18,69,8,61,52,28,24
S01006515,537,271,266,370,212,158,167,59,108,10,5,5,20,11,9,10,5,5,11,4,7,5,3,2,6,2,4,26,7,19,46,6,40,33,16,17
S01006516,423,207,216,276,157,119,147,50,97,11,3,8,22,8,14,6,1,5,4,1,3,4,2,2,5,3,2,18,9,9,51,5,46,26,18,8
S01006517,727,356,371,511,282,229,216,74,142,9,5,4,29,14,15,11,2,9,13,4,9,11,3,8,4,0,4,36,10,26,62,11,51,41,25,16
S01006518,464,225,239,306,173,133,158,52,106,5,3,2,16,7,9,11,7,4,18,3,15,6,3,3,3,1,2,35,10,25,44,8,36,20,10,10
S01006519,625,295,330,429,225,204,196,70,126,7,5,2,14,4,10,17,9,8,8,2,6,7,5,2,9,2,7,32,12,20,59,8,51,43,23,20
S01006520,497,252,245,341,203,138,156,49,107,3,2,1,20,5,15,10,3,7,9,2,7,5,3,2,6,3,3,23,5,18,45,8,37,35,18,17
S01006521,495,244,251,338,204,134,157,40,117,7,1,6,23,8,15,7,4,3,11,4,7,9,2,7,7,1,6,26,8,18,47,4,43,20,8,12
S01006522,402,192,210,292,157,135,110,35,75,1,0,1,16,8,8,6,2,4,5,0,5,7,3,4,6,0,6,20,5,15,36,9,27,13,8,5
S01006523,655,323,332,454,250,204,201,73,128,12,8,4,27,14,13,14,7,7,5,1,4,7,2,5,7,2,5,38,13,25,71,16,55,20,10,10
S01006524,618,302,316,379,207,172,239,95,144,11,5,6,24,10,14,11,5,6,12,4,8,7,2,5,6,1,5,22,5,17,55,16,39,91,47,44
S01006525,566,282,284,370,210,160,196,72,124,9,3,6,26,12,14,14,5,9,16,6,10,7,2,5,9,2,7,31,17,14,60,15,45,24,10,14
S01006526,676,310,366,442,214,228,234,96,138,16,5,11,56,25,31,17,8,9,10,2,8,13,6,7,5,2,3,26,10,16,44,12,32,47,26,21
S01006527,496,240,256,315,172,143,181,68,113,13,8,5,35,10,25,16,6,10,15,8,7,4,1,3,8,5,3,24,6,18,36,10,26,30,14,16
S01006528,805,368,437,486,231,255,319,137,182,24,10,14,58,25,33,35,16,19,13,6,7,14,2,12,10,4,6,35,19,16,60,23,37,70,32,38
S01006529,696,375,321,472,279,193,224,96,128,12,5,7,58,24,34,23,12,11,7,2,5,11,4,7,6,4,2,33,14,19,33,11,22,41,20,21
S01006530,618,299,319,391,204,187,227,95,132,10,5,5,35,14,21,28,10,18,16,7,9,13,5,8,6,1,5,25,12,13,49,16,33,45,25,20
S01006531,718,351,367,433,229,204,285,122,163,14,6,8,52,26,26,25,13,12,21,8,13,8,4,4,12,6,6,36,13,23,59,19,40,58,27,31
S01006532,519,280,239,353,199,154,166,81,85,5,3,2,28,19,9,15,6,9,7,3,4,9,2,7,6,4,2,31,17,14,42,13,29,23,14,9
S01006533,539,259,280,401,214,187,138,45,93,5,3,2,15,5,10,18,7,11,10,5,5,4,2,2,5,2,3,24,6,18,39,10,29,18,5,13
S01006534,663,333,330,494,276,218,169,57,112,6,3,3,16,5,11,19,4,15,8,4,4,9,1,8,8,2,6,37,16,21,44,14,30,22,8,14
S01006535,871,454,417,679,366,313,192,88,104,15,11,4,46,31,15,14,4,10,9,5,4,13,2,11,5,3,2,27,11,16,33,6,27,30,15,15
S01006536,882,458,424,731,396,335,151,62,89,9,4,5,38,17,21,12,7,5,8,4,4,4,2,2,5,2,3,20,8,12,27,7,20,28,11,17
S01006537,538,251,287,358,184,174,180,67,113,5,2,3,18,7,11,14,6,8,14,5,9,8,4,4,12,6,6,29,11,18,65,18,47,15,8,7
S01006538,410,195,215,291,150,141,119,45,74,4,3,1,18,11,7,9,3,6,13,6,7,2,0,2,9,4,5,19,5,14,32,7,25,13,6,7
S01006539,521,238,283,370,189,181,151,49,102,6,1,5,18,6,12,11,4,7,15,4,11,5,3,2,7,6,1,33,8,25,42,12,30,14,5,9
S01006540,723,365,358,535,288,247,188,77,111,11,5,6,34,17,17,21,5,16,16,6,10,6,4,2,7,2,5,30,10,20,40,14,26,23,14,9
S01006541,513,244,269,366,191,175,147,53,94,8,5,3,16,6,10,8,2,6,17,9,8,5,4,1,3,2,1,35,11,24,48,10,38,7,4,3
S01006542,707,341,366,470,260,210,237,81,156,9,4,5,18,9,9,16,5,11,15,2,13,12,7,5,8,2,6,47,21,26,81,17,64,31,14,17
S01006543,526,245,281,371,194,177,155,51,104,5,2,3,16,6,10,16,7,9,9,5,4,10,3,7,6,2,4,29,10,19,51,13,38,13,3,10
S01006544,811,446,365,634,382,252,177,64,113,14,7,7,30,11,19,14,7,7,10,3,7,4,1,3,6,1,5,20,7,13,50,12,38,29,15,14
S01006545,759,393,366,558,309,249,201,84,117,10,6,4,30,15,15,14,7,7,20,8,12,3,2,1,7,3,4,30,11,19,61,17,44,26,15,11
S01006546,470,232,238,315,177,138,155,55,100,8,3,5,14,6,8,13,4,9,7,1,6,5,2,3,5,0,5,30,16,14,48,12,36,25,11,14
S01006547,638,297,341,415,220,195,223,77,146,9,3,6,36,18,18,16,5,11,8,3,5,13,5,8,10,4,6,42,17,25,68,15,53,21,7,14
S01006548,503,234,269,339,173,166,164,61,103,7,5,2,17,6,11,9,0,9,10,4,6,10,4,6,7,4,3,33,18,15,57,16,41,14,4,10
S01006549,606,306,300,398,232,166,208,74,134,14,7,7,27,12,15,18,8,10,10,1,9,8,2,6,11,5,6,26,8,18,69,19,50,25,12,13
S01006550,659,321,338,429,230,199,230,91,139,13,10,3,32,17,15,11,3,8,13,3,10,3,2,1,8,0,8,45,22,23,79,25,54,26,9,17
S01006551,492,250,242,315,166,149,177,84,93,8,6,2,19,10,9,14,8,6,7,2,5,8,1,7,9,6,3,26,12,14,68,28,40,18,11,7
S01006552,700,341,359,521,276,245,179,65,114,8,2,6,31,12,19,17,7,10,8,4,4,8,3,5,4,1,3,20,9,11,55,10,45,28,17,11
S01006553,550,263,287,348,182,166,202,81,121,9,4,5,16,8,8,17,10,7,16,7,9,9,4,5,10,2,8,48,20,28,60,18,42,17,8,9
S01006554,521,260,261,375,198,177,146,62,84,4,4,0,26,14,12,12,6,6,7,2,5,7,2,5,5,0,5,18,7,11,52,19,33,15,8,7
S01006555,621,300,321,455,232,223,166,68,98,7,5,2,15,3,12,8,5,3,11,3,8,7,6,1,9,4,5,29,9,20,53,20,33,27,13,14
S01006556,569,279,290,383,207,176,186,72,114,4,1,3,29,11,18,13,5,8,8,2,6,7,4,3,6,0,6,27,10,17,66,26,40,26,13,13
S01006557,525,253,272,359,176,183,166,77,89,8,7,1,23,14,9,16,8,8,16,3,13,9,5,4,10,5,5,25,9,16,40,16,24,19,10,9
S01006558,511,267,244,409,228,181,102,39,63,5,2,3,15,5,10,13,4,9,7,2,5,1,1,0,9,2,7,18,9,9,20,5,15,14,9,5
S01006559,472,245,227,325,185,140,147,60,87,9,5,4,31,16,15,12,6,6,5,1,4,4,1,3,6,1,5,10,3,7,21,3,18,49,24,25
S01006560,706,351,355,517,272,245,189,79,110,14,10,4,34,17,17,20,9,11,12,4,8,5,1,4,5,4,1,34,11,23,32,7,25,33,16,17
S01006561,558,272,286,398,207,191,160,65,95,2,1,1,19,11,8,11,4,7,14,8,6,10,3,7,3,2,1,32,12,20,42,8,34,27,16,11
S01006562,531,267,264,352,189,163,179,78,101,12,9,3,28,14,14,4,2,2,6,2,4,7,3,4,4,2,2,23,8,15,67,24,43,28,14,14
S01006563,602,303,299,408,228,180,194,75,119,8,2,6,24,11,13,17,7,10,21,11,10,13,7,6,7,1,6,27,9,18,48,13,35,29,14,15
S01006564,818,408,410,585,303,282,233,105,128,9,5,4,52,23,29,16,4,12,14,2,12,4,3,1,10,1,9,25,13,12,43,17,26,60,37,23
S01006565,925,481,444,608,332,276,317,149,168,33,20,13,120,45,75,30,17,13,13,6,7,17,10,7,4,1,3,16,10,6,25,10,15,59,30,29
S01006566,663,327,336,484,254,230,179,73,106,11,4,7,51,24,27,23,9,14,9,3,6,7,4,3,8,1,7,20,9,11,21,6,15,29,13,16
S01006567,735,381,354,500,265,235,235,116,119,27,13,14,46,19,27,28,15,13,11,6,5,11,6,5,2,1,1,27,12,15,31,17,14,52,27,25
S01006568,863,441,422,706,361,345,157,80,77,21,11,10,48,24,24,13,5,8,11,8,3,7,2,5,1,1,0,9,5,4,14,6,8,33,18,15
S01006569,470,229,241,351,185,166,119,44,75,6,3,3,27,14,13,10,4,6,5,0,5,5,2,3,8,3,5,11,3,8,19,7,12,28,8,20
S01006570,609,304,305,445,241,204,164,63,101,9,4,5,37,13,24,13,6,7,10,1,9,5,4,1,8,2,6,19,6,13,32,9,23,31,18,13
S01006571,697,353,344,525,292,233,172,61,111,9,4,5,39,19,20,18,6,12,9,3,6,6,1,5,7,2,5,23,10,13,40,10,30,21,6,15
S01006572,643,319,324,453,258,195,190,61,129,10,3,7,21,8,13,15,5,10,6,4,2,5,3,2,9,2,7,24,7,17,67,12,55,33,17,16
S01006573,534,266,268,390,212,178,144,54,90,10,3,7,27,14,13,7,5,2,12,4,8,5,1,4,3,0,3,28,9,19,32,10,22,20,8,12
S01006574,741,385,356,510,299,211,231,86,145,0,0,0,36,16,20,21,7,14,12,4,8,13,6,7,3,1,2,39,13,26,60,13,47,47,26,21
S01006575,721,390,331,531,305,226,190,85,105,10,8,2,34,21,13,14,9,5,13,4,9,8,6,2,8,2,6,22,4,18,47,16,31,34,15,19
S01006576,544,279,265,435,237,198,109,42,67,6,2,4,24,14,10,9,4,5,5,1,4,4,0,4,4,1,3,17,6,11,24,4,20,16,10,6
S01006577,651,328,323,510,277,233,141,51,90,8,3,5,34,19,15,9,2,7,10,1,9,4,2,2,4,2,2,10,2,8,36,10,26,26,10,16
S01006578,952,504,448,742,410,332,210,94,116,14,8,6,62,29,33,19,7,12,22,7,15,10,5,5,6,2,4,14,7,7,24,12,12,39,17,22
S01006579,882,484,398,709,410,299,173,74,99,25,14,11,63,24,39,17,4,13,10,4,6,5,1,4,4,1,3,6,3,3,17,6,11,26,17,9
S01006580,615,327,288,492,267,225,123,60,63,5,3,2,26,14,12,15,6,9,8,4,4,6,2,4,6,3,3,11,5,6,22,8,14,24,15,9
S01006581,670,342,328,478,272,206,192,70,122,13,10,3,21,9,12,17,8,9,6,0,6,18,5,13,8,2,6,28,8,20,51,8,43,30,20,10
S01006582,797,464,333,610,359,251,187,105,82,18,12,6,55,27,28,20,15,5,8,2,6,8,3,5,7,6,1,15,7,8,25,14,11,31,19,12
S01006583,666,347,319,507,284,223,159,63,96,20,12,8,70,22,48,15,5,10,10,4,6,2,2,0,0,0,0,7,2,5,9,2,7,26,14,12
S01006584,561,278,283,439,234,205,122,44,78,22,9,13,40,14,26,13,4,9,8,5,3,2,0,2,2,1,1,4,0,4,9,1,8,22,10,12
S01006585,691,370,321,469,253,216,222,117,105,15,6,9,49,25,24,22,9,13,17,10,7,4,3,1,9,6,3,23,15,8,47,25,22,36,18,18
S01006586,929,505,424,648,347,301,281,158,123,23,16,7,60,30,30,28,10,18,20,13,7,14,8,6,9,3,6,29,17,12,48,27,21,50,34,16
S01006587,501,268,233,370,209,161,131,59,72,22,12,10,41,18,23,9,3,6,6,1,5,6,1,5,0,0,0,9,3,6,18,11,7,20,10,10
S01006588,551,299,252,424,229,195,127,70,57,14,7,7,38,22,16,17,9,8,5,0,5,1,0,1,4,3,1,5,2,3,6,3,3,37,24,13
S01006589,624,369,255,438,258,180,186,111,75,26,14,12,61,40,21,19,11,8,10,7,3,2,0,2,6,4,2,13,8,5,18,15,3,31,12,19
S01006590,644,374,270,480,290,190,164,84,80,13,4,9,51,30,21,11,4,7,5,3,2,6,3,3,2,0,2,13,5,8,14,13,1,49,22,27
S01006591,649,332,317,530,276,254,119,56,63,11,7,4,31,19,12,10,2,8,6,1,5,4,3,1,4,1,3,12,5,7,15,5,10,26,13,13
S01006592,600,356,244,512,320,192,88,36,52,7,3,4,19,8,11,10,6,4,7,3,4,4,1,3,5,2,3,6,1,5,12,2,10,18,10,8
S01006593,677,395,282,550,332,218,127,63,64,15,6,9,36,21,15,4,1,3,6,2,4,8,3,5,5,3,2,9,5,4,13,4,9,31,18,13
S01006594,446,220,226,336,175,161,110,45,65,10,4,6,31,12,19,5,2,3,6,3,3,4,3,1,8,4,4,13,7,6,28,8,20,5,2,3
S01006595,828,425,403,685,376,309,143,49,94,15,4,11,32,9,23,16,8,8,8,3,5,7,1,6,2,1,1,13,5,8,29,12,17,21,6,15
S01006596,590,316,274,488,275,213,102,41,61,6,1,5,28,16,12,6,2,4,4,2,2,6,2,4,5,1,4,18,8,10,16,7,9,13,2,11
S01006597,488,270,218,408,226,182,80,44,36,6,4,2,24,12,12,10,6,4,4,2,2,2,2,0,2,0,2,7,4,3,11,7,4,14,7,7
S01006598,766,398,368,572,334,238,194,64,130,8,3,5,28,15,13,18,7,11,17,7,10,5,0,5,11,6,5,31,11,20,54,9,45,22,6,16
S01006599,648,330,318,450,250,200,198,80,118,16,5,11,46,19,27,17,5,12,6,1,5,11,6,5,10,4,6,30,13,17,40,16,24,22,11,11
S01006600,798,409,389,603,331,272,195,78,117,15,8,7,36,12,24,16,6,10,8,2,6,7,3,4,13,4,9,23,15,8,53,17,36,24,11,13
S01006601,847,445,402,644,352,292,203,93,110,19,8,11,35,13,22,23,16,7,12,5,7,7,4,3,5,4,1,34,12,22,37,15,22,31,16,15
S01006602,606,311,295,433,243,190,173,68,105,6,1,5,30,18,12,8,2,6,18,7,11,2,1,1,10,3,7,30,14,16,34,9,25,35,13,22
S01006603,625,295,330,391,206,185,234,89,145,7,5,2,25,11,14,29,11,18,11,4,7,12,5,7,14,3,11,40,19,21,58,20,38,38,11,27
S01006604,538,256,282,355,183,172,183,73,110,10,3,7,20,10,10,17,7,10,9,4,5,13,6,7,8,4,4,25,7,18,61,20,41,20,12,8
S01006605,548,259,289,364,187,177,184,72,112,10,7,3,27,14,13,19,7,12,11,4,7,5,2,3,11,2,9,29,13,16,52,17,35,20,6,14
S01006606,618,319,299,403,236,167,215,83,132,9,3,6,31,11,20,15,7,8,15,7,8,8,4,4,11,4,7,33,13,20,65,21,44,28,13,15
S01006607,695,333,362,493,250,243,202,83,119,7,5,2,21,11,10,16,7,9,13,3,10,13,6,7,16,6,10,32,15,17,59,21,38,25,9,16
S01006608,562,285,277,391,218,173,171,67,104,8,5,3,33,20,13,13,4,9,4,1,3,5,1,4,10,5,5,31,8,23,52,18,34,15,5,10
S01006609,772,364,408,530,272,258,242,92,150,6,4,2,20,8,12,9,5,4,15,6,9,14,5,9,16,10,6,66,23,43,74,24,50,22,7,15
S01006610,328,148,180,231,114,117,97,34,63,6,4,2,14,4,10,3,0,3,5,4,1,8,3,5,2,1,1,18,8,10,26,4,22,15,6,9
S01006611,654,299,355,437,211,226,217,88,129,12,5,7,34,19,15,20,10,10,12,6,6,13,3,10,11,3,8,28,12,16,56,17,39,31,13,18
S01006612,669,334,335,489,249,240,180,85,95,16,9,7,25,18,7,13,5,8,4,2,2,8,3,5,13,7,6,32,14,18,46,17,29,23,10,13
S01006613,472,226,246,402,199,203,70,27,43,5,2,3,16,6,10,1,1,0,7,3,4,4,1,3,2,2,0,13,5,8,12,1,11,10,6,4
S01006614,484,244,240,408,215,193,76,29,47,3,3,0,15,4,11,7,3,4,5,2,3,5,2,3,2,1,1,15,2,13,12,5,7,12,7,5
S01006615,551,274,277,453,248,205,98,26,72,7,5,2,17,5,12,17,4,13,7,0,7,6,0,6,7,1,6,12,5,7,13,2,11,12,4,8
S01006616,655,326,329,573,296,277,82,30,52,2,0,2,13,6,7,11,3,8,7,3,4,5,3,2,6,2,4,10,5,5,15,3,12,13,5,8
S01006617,520,259,261,398,214,184,122,45,77,6,0,6,17,8,9,12,4,8,9,3,6,5,2,3,8,5,3,18,6,12,35,11,24,12,6,6
S01006618,443,216,227,334,173,161,109,43,66,2,1,1,18,5,13,17,7,10,2,1,1,5,3,2,7,2,5,29,13,16,17,4,13,12,7,5
S01006619,705,336,369,533,267,266,172,69,103,8,7,1,37,14,23,10,4,6,13,5,8,8,4,4,17,10,7,26,7,19,33,7,26,20,11,9
S01006620,690,323,367,544,276,268,146,47,99,5,2,3,18,4,14,13,6,7,10,3,7,13,3,10,5,1,4,25,7,18,46,16,30,11,5,6
S01006621,414,196,218,314,161,153,100,35,65,3,1,2,16,2,14,5,3,2,15,6,9,6,3,3,5,3,2,19,6,13,23,8,15,8,3,5
S01006622,543,267,276,462,239,223,81,28,53,6,5,1,10,4,6,9,3,6,11,1,10,2,0,2,3,1,2,8,1,7,14,1,13,18,12,6
S01006623,584,319,265,418,240,178,166,79,87,13,8,5,25,15,10,8,3,5,6,3,3,10,3,7,6,3,3,30,16,14,44,16,28,24,12,12
S01006624,857,528,329,539,317,222,318,211,107,17,10,7,76,56,20,34,25,9,36,26,10,9,6,3,12,7,5,49,29,20,39,23,16,46,29,17
S01006625,510,257,253,369,192,177,141,65,76,8,6,2,17,7,10,8,4,4,8,3,5,10,6,4,9,2,7,20,10,10,41,17,24,20,10,10
S01006626,548,257,291,384,192,192,164,65,99,8,5,3,13,4,9,19,6,13,13,4,9,7,6,1,10,5,5,28,10,18,46,18,28,20,7,13
S01006627,753,391,362,564,297,267,189,94,95,14,10,4,47,24,23,19,4,15,16,11,5,19,10,9,7,3,4,18,11,7,33,18,15,16,3,13
S01006628,954,555,399,730,431,299,224,124,100,28,16,12,72,39,33,23,14,9,9,5,4,8,5,3,3,1,2,30,19,11,27,13,14,24,12,12
S01006629,568,277,291,360,197,163,208,80,128,6,1,5,36,16,20,18,9,9,11,2,9,9,7,2,13,6,7,34,11,23,39,11,28,42,17,25
S01006630,459,214,245,283,137,146,176,77,99,7,4,3,23,12,11,17,8,9,15,7,8,5,3,2,3,1,2,24,8,16,48,21,27,34,13,21
S01006631,711,352,359,489,247,242,222,105,117,11,6,5,26,17,9,21,10,11,15,7,8,6,3,3,16,8,8,32,19,13,55,22,33,40,13,27
S01006632,624,293,331,408,199,209,216,94,122,12,5,7,27,13,14,23,11,12,18,10,8,7,3,4,10,4,6,24,14,10,50,16,34,45,18,27
S01006633,503,242,261,308,164,144,195,78,117,6,5,1,24,12,12,16,3,13,8,4,4,7,0,7,8,4,4,27,14,13,51,21,30,48,15,33
S01006634,445,217,228,271,136,135,174,81,93,4,2,2,18,7,11,12,5,7,12,3,9,11,4,7,7,2,5,27,14,13,34,17,17,49,27,22
S01006635,485,241,244,327,172,155,158,69,89,12,8,4,25,7,18,12,6,6,7,2,5,8,5,3,0,0,0,35,18,17,38,13,25,21,10,11
S01006636,603,278,325,374,183,191,229,95,134,13,8,5,26,15,11,13,2,11,18,5,13,12,3,9,10,2,8,34,16,18,63,28,35,40,16,24
S01006637,619,355,264,427,248,179,192,107,85,9,5,4,48,29,19,13,8,5,7,1,6,11,5,6,6,4,2,22,11,11,39,23,16,37,21,16
S01006638,758,402,356,521,269,252,237,133,104,18,14,4,72,42,30,17,12,5,12,9,3,8,3,5,5,3,2,24,14,10,37,18,19,44,18,26
S01006639,805,429,376,524,278,246,281,151,130,23,9,14,73,36,37,17,8,9,17,6,11,13,7,6,2,2,0,29,19,10,62,36,26,45,28,17
S01006640,683,385,298,476,297,179,207,88,119,26,15,11,68,27,41,19,8,11,10,4,6,5,0,5,2,1,1,9,5,4,9,5,4,59,23,36
S01006641,940,524,416,675,384,291,265,140,125,23,12,11,78,41,37,26,16,10,15,6,9,8,8,0,4,3,1,13,6,7,24,15,9,74,33,41
S01006642,1306,676,630,636,313,323,670,363,307,47,23,24,276,130,146,63,37,26,19,9,10,10,7,3,9,6,3,17,10,7,27,14,13,202,127,75
S01006643,701,336,365,497,246,251,204,90,114,29,13,16,68,28,40,23,8,15,7,5,2,3,2,1,6,3,3,15,7,8,5,3,2,48,21,27
S01006644,893,449,444,597,318,279,296,131,165,29,14,15,87,34,53,34,21,13,15,2,13,10,4,6,3,2,1,12,3,9,36,15,21,70,36,34
S01006645,547,264,283,347,171,176,200,93,107,11,7,4,44,26,18,23,12,11,9,4,5,12,4,8,9,1,8,23,7,16,48,21,27,21,11,10
S01006646,943,512,431,433,210,223,510,302,208,58,39,19,211,116,95,31,19,12,10,5,5,3,0,3,4,3,1,11,6,5,18,9,9,164,105,59
S01006647,529,259,270,344,176,168,185,83,102,13,7,6,51,27,24,16,10,6,15,7,8,6,0,6,7,3,4,23,11,12,25,9,16,29,9,20
S01006648,1719,803,916,930,449,481,789,354,435,87,28,59,382,159,223,60,30,30,30,18,12,7,2,5,5,5,0,22,13,9,33,20,13,163,79,84
S01006649,881,465,416,622,348,274,259,117,142,23,9,14,82,43,39,15,5,10,16,8,8,12,7,5,6,5,1,22,9,13,38,21,17,45,10,35
S01006650,793,448,345,532,314,218,261,134,127,33,11,22,89,49,40,19,10,9,15,2,13,8,4,4,13,8,5,19,12,7,22,14,8,43,24,19
S01006651,564,338,226,336,207,129,228,131,97,19,7,12,58,38,20,23,15,8,15,8,7,5,3,2,3,1,2,12,6,6,34,15,19,59,38,21
S01006652,505,286,219,365,220,145,140,66,74,8,1,7,49,21,28,17,9,8,6,5,1,4,1,3,4,2,2,11,4,7,14,9,5,27,14,13
S01006653,500,263,237,356,198,158,144,65,79,12,4,8,48,28,20,9,5,4,9,4,5,2,1,1,4,3,1,14,5,9,17,6,11,29,9,20
S01006654,728,356,372,464,231,233,264,125,139,9,6,3,48,26,22,26,13,13,18,7,11,10,4,6,14,10,4,38,12,26,59,22,37,42,25,17
S01006655,620,330,290,378,191,187,242,139,103,12,8,4,41,20,21,23,13,10,17,9,8,3,2,1,9,3,6,24,13,11,50,26,24,63,45,18
S01006656,834,420,414,610,331,279,224,89,135,23,10,13,45,22,23,25,13,12,14,2,12,6,2,4,6,1,5,23,11,12,29,8,21,53,20,33
S01006657,474,252,222,326,182,144,148,70,78,13,3,10,56,29,27,8,3,5,13,5,8,2,1,1,2,1,1,5,2,3,24,13,11,25,13,12
S01006658,854,465,389,547,311,236,307,154,153,26,12,14,102,45,57,27,12,15,23,13,10,6,4,2,12,9,3,19,14,5,24,10,14,68,35,33
S01006659,566,288,278,330,177,153,236,111,125,24,14,10,79,38,41,31,13,18,13,7,6,4,2,2,3,0,3,21,11,10,19,7,12,42,19,23
S01006660,422,232,190,256,148,108,166,84,82,17,11,6,60,31,29,12,7,5,9,6,3,2,0,2,0,0,0,12,6,6,13,6,7,41,17,24
S01006661,567,289,278,334,184,150,233,105,128,24,12,12,63,26,37,24,12,12,19,7,12,8,3,5,4,2,2,14,4,10,31,13,18,46,26,20
S01006662,732,374,358,333,175,158,399,199,200,26,12,14,157,76,81,28,18,10,10,3,7,3,1,2,6,4,2,14,6,8,38,20,18,117,59,58
S01006663,512,260,252,286,149,137,226,111,115,21,9,12,93,44,49,20,11,9,16,10,6,4,1,3,6,4,2,7,5,2,9,0,9,50,27,23
S01006664,458,233,225,289,156,133,169,77,92,22,14,8,52,16,36,16,6,10,5,1,4,5,4,1,5,2,3,11,3,8,16,8,8,37,23,14
S01006665,655,320,335,367,192,175,288,128,160,25,9,16,107,46,61,17,9,8,10,5,5,1,1,0,5,1,4,16,8,8,20,7,13,87,42,45
S01006666,651,344,307,367,203,164,284,141,143,6,1,5,42,23,19,23,11,12,21,10,11,6,3,3,10,7,3,43,20,23,84,40,44,49,26,23
S01006667,613,336,277,341,183,158,272,153,119,18,12,6,62,40,22,34,23,11,10,2,8,8,5,3,14,5,9,23,10,13,51,31,20,52,25,27
S01006668,831,393,438,484,238,246,347,155,192,35,16,19,138,58,80,23,8,15,13,5,8,8,4,4,4,4,0,16,4,12,15,7,8,95,49,46
S01006669,1101,582,519,419,228,191,682,354,328,40,21,19,248,126,122,42,24,18,21,13,8,6,4,2,15,7,8,46,28,18,67,33,34,197,98,99
S01006670,839,362,477,464,200,264,375,162,213,52,12,40,125,59,66,32,13,19,20,7,13,8,4,4,7,3,4,10,7,3,35,18,17,86,39,47
S01006671,2327,1038,1289,604,272,332,1723,766,957,113,50,63,831,352,479,93,44,49,40,21,19,21,9,12,10,4,6,13,7,6,19,10,9,583,269,314
S01006672,648,311,337,373,184,189,275,127,148,18,10,8,71,30,41,23,9,14,11,2,9,8,1,7,3,1,2,36,17,19,40,18,22,65,39,26
S01006673,736,371,365,433,227,206,303,144,159,19,7,12,98,47,51,28,11,17,17,8,9,5,4,1,7,3,4,20,12,8,38,12,26,71,40,31
S01006674,662,325,337,399,218,181,263,107,156,18,10,8,28,10,18,28,12,16,21,10,11,13,5,8,15,6,9,47,17,30,60,26,34,33,11,22
S01006675,526,262,264,333,178,155,193,84,109,10,2,8,32,15,17,18,7,11,23,7,16,10,5,5,5,2,3,27,11,16,23,11,12,45,24,21
S01006676,569,293,276,342,181,161,227,112,115,11,8,3,35,21,14,21,9,12,20,9,11,7,1,6,10,6,4,32,12,20,54,25,29,37,21,16
S01006677,597,314,283,365,194,171,232,120,112,19,10,9,44,20,24,18,12,6,16,10,6,9,3,6,9,4,5,27,18,9,51,26,25,39,17,22
S01006678,893,459,434,548,279,269,345,180,165,10,9,1,73,46,27,25,14,11,24,10,14,19,10,9,16,7,9,51,17,34,68,34,34,59,33,26
S01006679,548,264,284,381,201,180,167,63,104,5,2,3,23,10,13,14,7,7,10,4,6,5,4,1,12,6,6,43,17,26,46,8,38,9,5,4
S01006680,630,324,306,414,232,182,216,92,124,18,12,6,37,14,23,19,7,12,16,10,6,9,3,6,10,4,6,22,10,12,46,17,29,39,15,24
S01006681,588,305,283,415,230,185,173,75,98,10,3,7,26,11,15,15,6,9,11,6,5,12,4,8,4,1,3,31,12,19,48,24,24,16,8,8
S01006682,629,319,310,401,222,179,228,97,131,12,7,5,32,11,21,23,11,12,12,4,8,11,4,7,8,4,4,25,8,17,53,28,25,52,20,32
S01006683,684,358,326,453,236,217,231,122,109,18,10,8,49,34,15,30,14,16,15,8,7,11,6,5,6,4,2,23,10,13,30,7,23,49,29,20
S01006684,589,335,254,382,222,160,207,113,94,7,2,5,38,21,17,20,8,12,17,6,11,7,5,2,5,4,1,29,14,15,53,31,22,31,22,9
S01006685,597,296,301,407,212,195,190,84,106,6,2,4,34,13,21,20,6,14,4,1,3,12,10,2,9,4,5,34,14,20,50,24,26,21,10,11
S01006686,472,235,237,326,172,154,146,63,83,3,2,1,25,9,16,7,4,3,10,5,5,4,0,4,14,7,7,24,11,13,42,15,27,17,10,7
S01006687,647,300,347,438,225,213,209,75,134,11,4,7,32,8,24,11,4,7,19,10,9,5,1,4,7,0,7,36,14,22,56,18,38,32,16,16
S01006688,672,322,350,409,219,190,263,103,160,11,3,8,30,15,15,20,9,11,15,5,10,17,8,9,13,7,6,50,24,26,84,23,61,23,9,14
S01006689,529,273,256,388,217,171,141,56,85,12,5,7,27,4,23,14,5,9,11,3,8,7,1,6,6,4,2,17,9,8,19,4,15,28,21,7
S01006690,472,238,234,320,167,153,152,71,81,8,6,2,36,19,17,13,5,8,12,7,5,6,3,3,6,2,4,12,5,7,30,7,23,29,17,12
S01006691,466,240,226,332,180,152,134,60,74,8,2,6,41,23,18,9,4,5,12,4,8,4,2,2,3,2,1,11,4,7,20,5,15,26,14,12
S01006692,594,302,292,381,204,177,213,98,115,18,10,8,37,20,17,16,4,12,20,14,6,13,5,8,5,3,2,21,10,11,49,14,35,34,18,16
S01006693,780,392,388,565,294,271,215,98,117,12,7,5,51,29,22,20,7,13,10,3,7,11,4,7,11,4,7,18,6,12,30,13,17,52,25,27
S01006694,555,257,298,324,167,157,231,90,141,10,3,7,23,12,11,22,11,11,18,6,12,9,3,6,10,4,6,49,22,27,74,22,52,16,7,9
S01006695,535,257,278,361,189,172,174,68,106,9,5,4,16,5,11,15,7,8,15,7,8,13,5,8,10,4,6,31,10,21,48,18,30,17,7,10
S01006696,608,286,322,396,195,201,212,91,121,12,4,8,34,18,16,19,11,8,11,2,9,8,5,3,8,4,4,24,10,14,59,22,37,37,15,22
S01006697,691,321,370,473,244,229,218,77,141,6,2,4,31,17,14,14,8,6,7,4,3,12,1,11,9,1,8,42,18,24,57,13,44,40,13,27
S01006698,511,249,262,318,164,154,193,85,108,9,5,4,27,10,17,20,8,12,17,6,11,4,2,2,6,3,3,31,19,12,53,23,30,26,9,17
S01006699,377,185,192,268,138,130,109,47,62,6,4,2,21,13,8,6,4,2,14,1,13,5,4,1,0,0,0,14,8,6,26,7,19,17,6,11
S01006700,658,312,346,419,206,213,239,106,133,11,7,4,27,14,13,21,13,8,15,9,6,10,3,7,12,5,7,37,17,20,65,23,42,41,15,26
S01006701,507,237,270,331,164,167,176,73,103,10,7,3,20,12,8,15,5,10,13,5,8,9,3,6,6,0,6,26,10,16,50,22,28,27,9,18
S01006702,563,269,294,402,213,189,161,56,105,8,7,1,17,6,11,14,3,11,12,6,6,7,3,4,10,3,7,29,10,19,52,14,38,12,4,8
S01006703,468,212,256,321,163,158,147,49,98,10,4,6,22,12,10,11,6,5,4,0,4,8,2,6,4,1,3,27,5,22,36,10,26,25,9,16
S01006704,446,219,227,272,140,132,174,79,95,6,3,3,17,7,10,18,7,11,8,3,5,11,6,5,9,4,5,25,12,13,51,25,26,29,12,17
S01006705,546,262,284,355,185,170,191,77,114,2,1,1,22,11,11,27,13,14,7,3,4,5,2,3,8,4,4,37,15,22,62,21,41,21,7,14
S01006706,451,220,231,321,171,150,130,49,81,3,1,2,18,8,10,7,2,5,8,1,7,3,1,2,5,1,4,19,9,10,40,12,28,27,14,13
S01006707,506,235,271,331,160,171,175,75,100,3,1,2,25,10,15,17,8,9,14,9,5,9,4,5,2,0,2,32,10,22,38,16,22,35,17,18
S01006708,558,264,294,383,200,183,175,64,111,10,4,6,26,9,17,3,3,0,11,5,6,13,6,7,6,2,4,32,13,19,55,15,40,19,7,12
S01006709,619,302,317,412,221,191,207,81,126,12,9,3,30,10,20,13,3,10,17,6,11,6,2,4,15,3,12,33,15,18,55,24,31,26,9,17
S01006710,640,297,343,447,226,221,193,71,122,9,7,2,13,9,4,15,4,11,15,6,9,7,1,6,5,1,4,37,15,22,73,19,54,19,9,10
S01006711,699,330,369,473,233,240,226,97,129,7,4,3,29,16,13,16,6,10,19,10,9,6,3,3,11,4,7,37,11,26,80,32,48,21,11,10
S01006712,381,186,195,251,129,122,130,57,73,2,1,1,23,12,11,11,6,5,7,3,4,3,1,2,5,2,3,27,14,13,41,12,29,11,6,5
S01006713,679,329,350,466,241,225,213,88,125,6,3,3,31,16,15,16,7,9,9,0,9,8,1,7,5,2,3,29,14,15,71,28,43,38,17,21
S01006714,513,260,253,342,183,159,171,77,94,8,4,4,22,16,6,11,4,7,5,4,1,8,3,5,9,1,8,28,15,13,53,19,34,27,11,16
S01006715,416,198,218,266,144,122,150,54,96,8,4,4,26,9,17,11,7,4,8,3,5,4,1,3,6,2,4,21,7,14,38,15,23,28,6,22
S01006716,478,226,252,317,162,155,161,64,97,5,3,2,22,6,16,14,9,5,8,4,4,6,2,4,4,1,3,27,13,14,49,14,35,26,12,14
S01006717,705,321,384,479,230,249,226,91,135,12,7,5,23,15,8,22,8,14,17,6,11,6,1,5,11,2,9,39,17,22,59,18,41,37,17,20
S01006718,471,231,240,310,163,147,161,68,93,5,3,2,17,10,7,12,8,4,3,1,2,4,1,3,11,4,7,27,11,16,47,11,36,35,19,16
S01006719,691,325,366,459,236,223,232,89,143,14,9,5,23,13,10,15,6,9,10,3,7,16,5,11,5,1,4,45,15,30,66,24,42,38,13,25
S01006720,446,224,222,311,172,139,135,52,83,7,6,1,22,10,12,13,6,7,9,0,9,4,1,3,8,4,4,16,5,11,38,9,29,18,11,7
S01006721,683,331,352,450,243,207,233,88,145,8,5,3,39,18,21,18,7,11,16,6,10,5,2,3,10,3,7,35,10,25,65,25,40,37,12,25
S01006722,585,286,299,372,193,179,213,93,120,9,5,4,21,11,10,16,5,11,17,8,9,6,3,3,10,5,5,25,13,12,71,22,49,38,21,17
S01006723,506,247,259,325,167,158,181,80,101,10,4,6,18,11,7,9,6,3,11,2,9,8,3,5,4,1,3,35,15,20,48,18,30,38,20,18
S01006724,676,301,375,402,205,197,274,96,178,11,3,8,34,14,20,29,10,19,17,7,10,10,4,6,10,4,6,32,8,24,56,16,40,75,30,45
S01006725,499,232,267,334,169,165,165,63,102,3,1,2,22,14,8,12,4,8,10,5,5,4,3,1,8,1,7,29,9,20,52,17,35,25,9,16
S01006726,975,470,505,615,328,287,360,142,218,18,9,9,43,19,24,31,14,17,17,5,12,28,9,19,11,6,5,61,18,43,64,24,40,87,38,49
S01006727,704,347,357,413,219,194,291,128,163,21,11,10,38,16,22,18,10,8,20,10,10,12,3,9,7,2,5,31,16,15,73,27,46,71,33,38
S01006728,542,231,311,367,175,192,175,56,119,9,2,7,19,8,11,17,4,13,10,0,10,5,2,3,12,3,9,27,7,20,45,13,32,31,17,14
S01006729,596,286,310,360,188,172,236,98,138,6,4,2,31,19,12,20,8,12,17,4,13,16,4,12,4,0,4,26,9,17,63,29,34,53,21,32
S01006730,547,275,272,389,201,188,158,74,84,7,3,4,25,13,12,21,12,9,8,3,5,10,4,6,10,4,6,24,10,14,27,9,18,26,16,10
S01006731,468,234,234,291,159,132,177,75,102,12,9,3,19,10,9,16,3,13,5,1,4,9,5,4,8,4,4,37,15,22,43,16,27,28,12,16
S01006732,795,393,402,542,297,245,253,96,157,24,7,17,47,21,26,13,6,7,9,5,4,12,4,8,11,3,8,29,12,17,57,16,41,51,22,29
S01006733,625,306,319,465,258,207,160,48,112,10,2,8,21,8,13,14,3,11,10,2,8,6,2,4,9,4,5,31,6,25,34,7,27,25,14,11
S01006734,693,338,355,527,295,232,166,43,123,9,2,7,18,5,13,19,6,13,7,4,3,10,1,9,3,0,3,27,7,20,36,3,33,37,15,22
S01006735,431,202,229,288,165,123,143,37,106,5,3,2,17,4,13,12,4,8,4,1,3,8,3,5,6,0,6,27,9,18,53,7,46,11,6,5
S01006736,762,364,398,653,326,327,109,38,71,6,2,4,23,11,12,12,8,4,8,0,8,4,1,3,6,0,6,17,4,13,21,7,14,12,5,7
S01006737,495,244,251,338,193,145,157,51,106,7,5,2,26,10,16,13,5,8,9,3,6,7,1,6,7,3,4,19,7,12,48,10,38,21,7,14
S01006738,684,378,306,577,333,244,107,45,62,10,3,7,16,9,7,12,4,8,8,4,4,4,2,2,4,3,1,17,5,12,22,9,13,14,6,8
S01006739,510,265,245,410,224,186,100,41,59,1,1,0,20,9,11,9,5,4,2,1,1,5,4,1,4,3,1,26,4,22,26,12,14,7,2,5
S01006740,557,284,273,392,212,180,165,72,93,13,9,4,15,6,9,12,5,7,8,4,4,9,3,6,8,2,6,31,12,19,50,17,33,19,14,5
S01006741,496,236,260,317,168,149,179,68,111,2,0,2,12,7,5,18,7,11,9,3,6,13,3,10,11,3,8,43,21,22,63,22,41,8,2,6
S01006742,328,159,169,208,112,96,120,47,73,6,5,1,9,3,6,10,4,6,8,4,4,5,1,4,10,2,8,34,16,18,32,8,24,6,4,2
S01006743,422,205,217,321,166,155,101,39,62,6,3,3,7,2,5,9,2,7,8,2,6,1,0,1,7,3,4,25,10,15,28,13,15,10,4,6
S01006744,498,247,251,384,201,183,114,46,68,3,1,2,14,9,5,10,2,8,11,4,7,7,1,6,9,3,6,17,9,8,32,11,21,11,6,5
S01006745,601,289,312,408,215,193,193,74,119,8,2,6,23,12,11,17,5,12,11,4,7,9,5,4,10,4,6,38,13,25,53,21,32,24,8,16
S01006746,592,280,312,426,207,219,166,73,93,10,5,5,17,13,4,15,8,7,2,0,2,8,1,7,6,2,4,36,18,18,47,17,30,25,9,16
S01006747,621,295,326,410,204,206,211,91,120,13,8,5,23,10,13,15,8,7,11,4,7,11,3,8,9,5,4,50,26,24,65,19,46,14,8,6
S01006748,701,367,334,482,282,200,219,85,134,9,4,5,27,9,18,19,10,9,12,6,6,12,6,6,6,3,3,49,21,28,68,21,47,17,5,12
S01006749,702,346,356,513,271,242,189,75,114,8,5,3,28,14,14,15,6,9,6,1,5,9,4,5,9,4,5,38,16,22,59,18,41,17,7,10
S01006750,539,276,263,354,194,160,185,82,103,8,3,5,33,12,21,24,13,11,11,9,2,6,4,2,2,1,1,27,10,17,39,17,22,35,13,22
S01006751,358,162,196,250,125,125,108,37,71,3,1,2,8,2,6,7,2,5,4,0,4,2,1,1,7,2,5,19,7,12,41,13,28,17,9,8
S01006752,521,242,279,347,173,174,174,69,105,8,3,5,24,9,15,15,8,7,9,5,4,10,4,6,11,5,6,39,21,18,45,9,36,13,5,8
S01006753,706,358,348,498,271,227,208,87,121,3,1,2,15,5,10,11,5,6,7,2,5,10,7,3,9,2,7,56,28,28,77,25,52,20,12,8
S01006754,745,365,380,493,273,220,252,92,160,10,2,8,24,11,13,22,7,15,21,5,16,21,8,13,10,5,5,47,19,28,79,23,56,18,12,6
S01006755,548,277,271,440,232,208,108,45,63,12,9,3,17,7,10,15,7,8,4,1,3,3,2,1,4,1,3,15,6,9,21,6,15,17,6,11
S01006756,540,290,250,431,250,181,109,40,69,10,4,6,26,13,13,7,3,4,11,2,9,8,2,6,6,3,3,7,2,5,12,2,10,22,9,13
S01006757,629,307,322,499,255,244,130,52,78,9,4,5,15,10,5,13,5,8,3,1,2,7,3,4,4,1,3,20,9,11,35,11,24,24,8,16
S01006758,575,290,285,459,243,216,116,47,69,3,1,2,20,10,10,15,5,10,11,6,5,6,3,3,5,1,4,28,11,17,20,6,14,8,4,4
S01006759,470,220,250,352,185,167,118,35,83,7,5,2,19,5,14,9,2,7,8,2,6,6,2,4,7,3,4,20,7,13,28,3,25,14,6,8
S01006760,398,186,212,327,159,168,71,27,44,7,2,5,16,5,11,4,2,2,5,3,2,4,1,3,3,1,2,12,6,6,12,3,9,8,4,4
S01006761,584,285,299,439,237,202,145,48,97,9,3,6,22,8,14,12,3,9,6,2,4,3,1,2,8,4,4,30,14,16,46,8,38,9,5,4
S01006762,573,268,305,384,208,176,189,60,129,5,2,3,26,8,18,18,8,10,6,4,2,19,6,13,6,2,4,37,11,26,60,13,47,12,6,6
S01006763,662,312,350,569,281,288,93,31,62,8,3,5,11,6,5,13,4,9,3,1,2,2,0,2,2,1,1,15,5,10,9,2,7,30,9,21
S01006764,656,330,326,543,294,249,113,36,77,5,3,2,26,7,19,9,4,5,10,1,9,6,4,2,5,3,2,16,3,13,23,5,18,13,6,7
S01006765,487,247,240,404,211,193,83,36,47,6,2,4,20,10,10,11,6,5,4,2,2,3,2,1,0,0,0,9,3,6,19,5,14,11,6,5
S01006766,487,244,243,385,202,183,102,42,60,4,1,3,16,10,6,10,7,3,2,2,0,3,1,2,7,2,5,14,5,9,22,1,21,24,13,11
S01006767,544,257,287,424,216,208,120,41,79,6,1,5,13,6,7,15,6,9,7,3,4,6,4,2,5,3,2,24,5,19,27,3,24,17,10,7
S01006768,495,249,246,381,202,179,114,47,67,9,5,4,18,8,10,10,4,6,11,5,6,3,1,2,3,1,2,13,3,10,22,8,14,25,12,13
S01006769,749,375,374,568,308,260,181,67,114,7,5,2,23,11,12,20,10,10,10,5,5,15,4,11,7,2,5,31,12,19,46,8,38,22,10,12
S01006770,544,264,280,397,206,191,147,58,89,5,4,1,18,6,12,17,8,9,11,5,6,6,3,3,6,2,4,33,13,20,34,8,26,17,9,8
S01006771,373,185,188,289,151,138,84,34,50,7,4,3,11,5,6,6,3,3,8,5,3,4,1,3,3,3,0,9,2,7,16,2,14,20,9,11
S01006772,683,357,326,545,298,247,138,59,79,7,3,4,21,10,11,17,7,10,8,3,5,8,2,6,5,2,3,27,8,19,28,9,19,17,15,2
S01006773,520,265,255,398,217,181,122,48,74,5,3,2,24,9,15,11,4,7,3,1,2,7,3,4,7,3,4,22,8,14,22,5,17,21,12,9
S01006774,534,265,269,420,221,199,114,44,70,10,6,4,22,11,11,15,6,9,4,1,3,6,2,4,3,1,2,15,4,11,23,5,18,16,8,8
S01006775,509,255,254,373,192,181,136,63,73,8,5,3,18,10,8,12,5,7,7,3,4,8,3,5,4,3,1,25,7,18,36,16,20,18,11,7
S01006776,352,173,179,249,131,118,103,42,61,4,1,3,13,7,6,7,2,5,8,5,3,5,3,2,3,2,1,21,8,13,32,11,21,10,3,7
S01006777,534,262,272,388,207,181,146,55,91,8,4,4,17,11,6,16,5,11,12,5,7,7,2,5,7,3,4,30,6,24,46,16,30,3,3,0
S01006778,525,261,264,368,202,166,157,59,98,4,2,2,30,13,17,13,6,7,13,3,10,6,2,4,2,0,2,34,15,19,42,13,29,13,5,8
S01006779,438,194,244,311,149,162,127,45,82,11,4,7,16,6,10,6,2,4,1,0,1,6,0,6,7,4,3,38,14,24,30,11,19,12,4,8
S01006780,458,236,222,316,172,144,142,64,78,4,2,2,23,14,9,9,3,6,11,7,4,4,2,2,11,6,5,33,16,17,28,5,23,19,9,10
S01006781,543,265,278,361,190,171,182,75,107,4,2,2,20,8,12,14,6,8,20,6,14,7,1,6,5,2,3,45,29,16,51,13,38,16,8,8
S01006782,590,295,295,452,249,203,138,46,92,11,2,9,21,8,13,12,6,6,5,2,3,8,2,6,6,3,3,25,5,20,29,8,21,21,10,11
S01006783,505,238,267,320,164,156,185,74,111,4,2,2,26,11,15,13,6,7,11,4,7,10,4,6,7,2,5,48,25,23,54,14,40,12,6,6
S01006784,502,260,242,375,205,170,127,55,72,12,5,7,30,13,17,7,4,3,12,7,5,2,0,2,4,2,2,24,12,12,26,6,20,10,6,4
S01006785,487,228,259,381,192,189,106,36,70,5,2,3,18,7,11,9,3,6,9,3,6,9,2,7,4,2,2,18,9,9,22,4,18,12,4,8
S01006786,645,330,315,482,273,209,163,57,106,14,10,4,24,11,13,15,7,8,10,4,6,10,5,5,6,1,5,17,3,14,43,7,36,24,9,15
S01006787,522,264,258,361,197,164,161,67,94,9,3,6,19,11,8,11,2,9,7,2,5,2,0,2,7,1,6,40,21,19,48,17,31,18,10,8
S01006788,611,325,286,476,264,212,135,61,74,8,4,4,12,3,9,13,6,7,5,2,3,3,1,2,9,4,5,23,7,16,22,8,14,40,26,14
S01006789,458,226,232,310,163,147,148,63,85,1,1,0,20,12,8,10,6,4,12,3,9,3,3,0,3,1,2,32,15,17,58,18,40,9,4,5
S01006790,610,291,319,403,210,193,207,81,126,11,4,7,28,9,19,18,6,12,11,4,7,11,3,8,16,9,7,41,16,25,61,24,37,10,6,4
S01006791,390,211,179,274,163,111,116,48,68,6,4,2,23,6,17,5,3,2,8,3,5,6,3,3,10,1,9,17,11,6,27,9,18,14,8,6
S01006792,376,190,186,268,146,122,108,44,64,6,4,2,15,7,8,6,2,4,6,2,4,8,3,5,4,0,4,15,8,7,38,13,25,10,5,5
S01006793,414,212,202,315,172,143,99,40,59,7,5,2,10,5,5,7,4,3,3,1,2,7,5,2,8,3,5,21,7,14,31,9,22,5,1,4
S01006794,436,212,224,271,143,128,165,69,96,7,3,4,24,13,11,16,6,10,11,6,5,5,2,3,7,4,3,27,13,14,59,18,41,9,4,5
S01006795,520,243,277,335,180,155,185,63,122,4,2,2,30,16,14,11,5,6,10,4,6,4,2,2,7,1,6,35,10,25,68,19,49,16,4,12
S01006796,401,194,207,280,155,125,121,39,82,6,2,4,25,11,14,9,4,5,8,1,7,1,0,1,3,1,2,24,7,17,31,6,25,14,7,7
S01006797,469,244,225,347,202,145,122,42,80,4,1,3,16,10,6,16,3,13,8,1,7,4,3,1,2,1,1,18,7,11,34,10,24,20,6,14
S01006798,452,220,232,354,194,160,98,26,72,6,0,6,16,7,9,8,3,5,3,0,3,6,0,6,3,0,3,25,7,18,21,7,14,10,2,8
S01006799,623,304,319,445,233,212,178,71,107,7,2,5,16,8,8,14,5,9,7,2,5,7,2,5,10,2,8,41,19,22,55,20,35,21,11,10
S01006800,635,326,309,434,254,180,201,72,129,9,4,5,34,20,14,15,7,8,17,9,8,8,3,5,8,4,4,37,12,25,54,8,46,19,5,14
S01006801,671,335,336,476,257,219,195,78,117,6,3,3,18,6,12,7,2,5,9,2,7,17,6,11,9,4,5,43,21,22,60,22,38,26,12,14
S01006802,493,249,244,350,196,154,143,53,90,16,6,10,26,13,13,11,4,7,12,4,8,0,0,0,5,2,3,24,11,13,38,9,29,11,4,7
S01006803,481,221,260,342,174,168,139,47,92,8,3,5,14,6,8,12,3,9,15,6,9,8,5,3,4,2,2,26,8,18,39,7,32,13,7,6
S01006804,541,269,272,408,225,183,133,44,89,7,2,5,24,12,12,16,6,10,7,2,5,8,4,4,7,2,5,25,7,18,31,5,26,8,4,4
S01006805,821,389,432,617,311,306,204,78,126,8,3,5,29,16,13,21,5,16,19,5,14,9,5,4,9,2,7,31,9,22,39,13,26,39,20,19
S01006806,794,398,396,580,320,260,214,78,136,9,6,3,31,13,18,17,7,10,10,6,4,13,6,7,15,4,11,34,14,20,62,15,47,23,7,16
S01006807,472,245,227,343,190,153,129,55,74,3,2,1,17,7,10,15,7,8,11,6,5,4,2,2,5,3,2,30,12,18,32,9,23,12,7,5
S01006808,467,227,240,326,183,143,141,44,97,6,2,4,16,5,11,7,2,5,10,5,5,6,1,5,5,2,3,29,10,19,45,10,35,17,7,10
S01006809,581,293,288,374,210,164,207,83,124,12,7,5,29,12,17,13,4,9,4,0,4,20,8,12,13,2,11,38,15,23,62,24,38,16,11,5
S01006810,656,335,321,441,252,189,215,83,132,3,0,3,25,12,13,18,6,12,11,2,9,10,2,8,14,6,8,40,14,26,65,25,40,29,16,13
S01006811,787,392,395,581,311,270,206,81,125,7,3,4,31,12,19,22,10,12,13,5,8,12,6,6,10,4,6,36,11,25,46,14,32,29,16,13
S01006812,575,309,266,441,259,182,134,50,84,7,6,1,22,4,18,13,5,8,14,5,9,10,3,7,4,2,2,19,3,16,23,6,17,22,16,6
S01006813,574,300,274,417,241,176,157,59,98,5,4,1,14,7,7,16,5,11,9,2,7,4,2,2,12,6,6,31,9,22,45,13,32,21,11,10
S01006814,594,283,311,417,225,192,177,58,119,8,4,4,18,8,10,14,4,10,7,2,5,9,1,8,10,6,4,26,7,19,47,9,38,38,17,21
S01006815,408,202,206,290,153,137,118,49,69,3,2,1,12,9,3,8,7,1,11,4,7,9,3,6,6,1,5,27,9,18,31,10,21,11,4,7
S01006816,533,262,271,372,199,173,161,63,98,7,2,5,11,4,7,13,3,10,12,6,6,6,2,4,18,5,13,34,15,19,41,16,25,19,10,9
S01006817,489,254,235,365,208,157,124,46,78,9,5,4,15,4,11,10,4,6,3,1,2,3,1,2,9,3,6,31,12,19,34,9,25,10,7,3
S01006818,544,275,269,414,225,189,130,50,80,7,3,4,18,11,7,7,0,7,4,2,2,7,3,4,4,2,2,28,13,15,37,7,30,18,9,9
S01006819,623,313,310,492,265,227,131,48,83,6,3,3,14,5,9,12,3,9,10,5,5,6,1,5,5,3,2,16,9,7,29,7,22,33,12,21
S01006820,354,174,180,257,131,126,97,43,54,7,5,2,11,7,4,5,2,3,7,3,4,7,1,6,2,2,0,20,10,10,24,6,18,14,7,7
S01006821,464,233,231,358,198,160,106,35,71,8,3,5,12,1,11,6,2,4,8,3,5,7,4,3,2,0,2,24,9,15,28,9,19,11,4,7
S01006822,584,294,290,451,250,201,133,44,89,10,6,4,21,5,16,7,5,2,4,1,3,4,0,4,7,1,6,21,8,13,34,5,29,25,13,12
S01006823,536,271,265,369,209,160,167,62,105,12,1,11,18,12,6,12,4,8,7,6,1,6,3,3,12,1,11,35,11,24,40,9,31,25,15,10
S01006824,601,286,315,414,216,198,187,70,117,9,4,5,22,5,17,14,9,5,11,5,6,6,2,4,13,3,10,34,14,20,34,10,24,44,18,26
S01006825,646,305,341,475,249,226,171,56,115,5,2,3,19,8,11,19,9,10,12,3,9,8,2,6,13,4,9,33,10,23,47,7,40,15,11,4
S01006826,683,338,345,492,271,221,191,67,124,5,3,2,21,11,10,23,10,13,10,3,7,7,2,5,13,3,10,26,12,14,52,6,46,34,17,17
S01006827,665,311,354,459,238,221,206,73,133,11,5,6,19,5,14,19,8,11,14,3,11,5,1,4,11,2,9,47,21,26,55,18,37,25,10,15
S01006828,702,357,345,504,279,225,198,78,120,11,6,5,25,9,16,20,10,10,12,2,10,8,3,5,11,5,6,40,20,20,53,15,38,18,8,10
S01006829,286,138,148,238,125,113,48,13,35,4,3,1,6,2,4,5,1,4,3,0,3,2,0,2,4,0,4,9,4,5,6,1,5,9,2,7
S01006830,571,261,310,403,201,202,168,60,108,4,1,3,25,16,9,16,10,6,13,3,10,9,3,6,6,0,6,25,9,16,44,6,38,26,12,14
S01006831,423,216,207,267,146,121,156,70,86,3,3,0,16,8,8,15,9,6,14,8,6,9,4,5,4,3,1,33,14,19,47,14,33,15,7,8
S01006832,765,367,398,526,286,240,239,81,158,17,7,10,27,11,16,18,9,9,16,4,12,13,4,9,5,3,2,43,8,35,72,24,48,28,11,17
S01006833,318,153,165,219,120,99,99,33,66,5,2,3,12,5,7,6,3,3,3,0,3,4,1,3,2,1,1,16,8,8,45,10,35,6,3,3
S01006834,374,187,187,305,166,139,69,21,48,4,1,3,15,7,8,3,0,3,1,0,1,3,0,3,3,1,2,7,1,6,12,3,9,21,8,13
S01006835,583,299,284,403,225,178,180,74,106,7,3,4,17,4,13,12,5,7,12,10,2,6,2,4,7,2,5,35,16,19,63,21,42,21,11,10
S01006836,367,184,183,295,163,132,72,21,51,6,2,4,9,3,6,3,2,1,5,0,5,2,0,2,5,2,3,10,3,7,21,4,17,11,5,6
S01006837,442,215,227,312,169,143,130,46,84,5,2,3,8,3,5,11,6,5,10,4,6,3,2,1,9,3,6,32,8,24,34,11,23,18,7,11
S01006838,485,240,245,370,200,170,115,40,75,6,4,2,17,7,10,4,2,2,3,0,3,3,1,2,6,0,6,29,8,21,28,7,21,19,11,8
S01006839,786,381,405,588,303,285,198,78,120,8,3,5,31,11,20,18,8,10,8,5,3,16,7,9,7,2,5,36,18,18,56,16,40,18,8,10
S01006840,744,363,381,559,288,271,185,75,110,9,3,6,12,8,4,13,6,7,16,11,5,2,1,1,12,2,10,47,22,25,54,13,41,20,9,11
S01006841,710,344,366,556,290,266,154,54,100,15,5,10,29,15,14,11,3,8,9,2,7,11,4,7,7,3,4,24,7,17,32,4,28,16,11,5
S01006842,643,325,318,497,269,228,146,56,90,5,4,1,21,10,11,17,8,9,11,5,6,5,2,3,5,1,4,26,11,15,39,8,31,17,7,10
S01006843,642,320,322,514,271,243,128,49,79,4,1,3,21,11,10,18,5,13,8,4,4,7,3,4,2,1,1,23,9,14,30,8,22,15,7,8
S01006844,560,285,275,454,250,204,106,35,71,2,0,2,12,6,6,5,2,3,6,3,3,11,3,8,4,1,3,26,8,18,27,4,23,13,8,5
S01006845,753,372,381,605,312,293,148,60,88,11,6,5,18,8,10,18,9,9,9,5,4,8,1,7,1,0,1,21,3,18,31,7,24,31,21,10
S01006846,438,228,210,345,190,155,93,38,55,3,2,1,16,8,8,6,2,4,4,2,2,9,1,8,7,3,4,10,3,7,23,5,18,15,12,3
S01006847,518,258,260,413,210,203,105,48,57,6,4,2,8,2,6,5,2,3,7,3,4,2,0,2,2,1,1,22,11,11,28,10,18,25,15,10
S01006848,737,387,350,486,295,191,251,92,159,9,6,3,30,9,21,18,5,13,9,4,5,12,7,5,14,5,9,40,15,25,58,6,52,61,35,26
S01006849,692,336,356,583,299,284,109,37,72,12,6,6,20,7,13,14,5,9,4,1,3,9,3,6,5,0,5,16,3,13,11,3,8,18,9,9
S01006850,743,340,403,602,293,309,141,47,94,11,4,7,22,9,13,10,5,5,9,4,5,3,0,3,7,3,4,26,5,21,28,8,20,25,9,16
S01006851,589,288,301,424,218,206,165,70,95,9,4,5,23,13,10,17,8,9,9,5,4,9,6,3,7,2,5,22,8,14,47,12,35,22,12,10
S01006852,468,237,231,339,178,161,129,59,70,5,4,1,19,5,14,19,11,8,8,6,2,6,2,4,8,4,4,31,13,18,21,6,15,12,8,4
S01006853,639,323,316,473,267,206,166,56,110,6,4,2,22,11,11,11,5,6,9,3,6,10,3,7,7,1,6,24,5,19,48,9,39,29,15,14
S01006854,643,307,336,434,234,200,209,73,136,4,3,1,17,6,11,15,8,7,21,8,13,9,1,8,13,4,9,41,10,31,69,22,47,20,11,9
S01006855,572,280,292,427,239,188,145,41,104,7,2,5,20,7,13,8,4,4,12,2,10,5,2,3,7,3,4,22,8,14,51,8,43,13,5,8
S01006856,483,242,241,373,197,176,110,45,65,3,0,3,19,9,10,9,5,4,7,2,5,4,3,1,8,0,8,22,10,12,27,9,18,11,7,4
S01006857,753,380,373,580,311,269,173,69,104,4,1,3,30,11,19,14,9,5,7,2,5,11,5,6,5,2,3,38,17,21,45,10,35,19,12,7
S01006858,483,246,237,354,192,162,129,54,75,8,4,4,13,8,5,7,3,4,6,4,2,8,4,4,9,2,7,25,6,19,36,13,23,17,10,7
S01006859,792,401,391,569,321,248,223,80,143,19,9,10,33,13,20,17,12,5,9,4,5,6,1,5,9,3,6,40,12,28,56,11,45,34,15,19
S01006860,393,184,209,291,147,144,102,37,65,6,1,5,12,7,5,9,4,5,5,3,2,5,2,3,12,5,7,16,5,11,26,6,20,11,4,7
S01006861,409,211,198,319,190,129,90,21,69,1,0,1,14,5,9,4,0,4,6,1,5,9,1,8,3,0,3,21,2,19,13,2,11,19,10,9
S01006862,502,239,263,365,192,173,137,47,90,3,2,1,22,12,10,7,2,5,14,6,8,7,2,5,4,1,3,39,11,28,34,9,25,7,2,5
S01006863,486,242,244,346,192,154,140,50,90,10,3,7,15,4,11,13,10,3,8,2,6,4,2,2,6,2,4,28,11,17,42,9,33,14,7,7
S01006864,305,154,151,230,129,101,75,25,50,2,0,2,9,1,8,5,4,1,6,2,4,7,2,5,4,1,3,15,1,14,12,6,6,15,8,7
S01006865,716,372,344,502,289,213,214,83,131,7,3,4,26,13,13,17,7,10,14,3,11,10,2,8,15,11,4,35,14,21,70,20,50,20,10,10
S01006866,413,207,206,255,143,112,158,64,94,7,5,2,16,7,9,11,4,7,9,4,5,4,3,1,11,4,7,35,14,21,48,15,33,17,8,9
S01006867,537,268,269,330,184,146,207,84,123,12,6,6,27,17,10,12,4,8,9,4,5,3,2,1,6,5,1,40,17,23,76,18,58,22,11,11
S01006868,624,311,313,443,252,191,181,59,122,6,2,4,21,6,15,8,4,4,17,4,13,14,5,9,11,3,8,37,14,23,48,15,33,19,6,13
S01006869,381,199,182,262,150,112,119,49,70,2,0,2,15,9,6,9,5,4,7,2,5,3,0,3,3,0,3,20,13,7,40,12,28,20,8,12
S01006870,355,179,176,243,134,109,112,45,67,4,0,4,20,11,9,7,4,3,6,1,5,4,2,2,9,3,6,17,8,9,35,9,26,10,7,3
S01006871,476,231,245,338,185,153,138,46,92,6,3,3,14,8,6,13,5,8,17,5,12,3,1,2,5,0,5,23,7,16,39,11,28,18,6,12
S01006872,504,252,252,373,208,165,131,44,87,6,1,5,21,8,13,12,3,9,8,3,5,4,2,2,8,4,4,17,7,10,47,13,34,8,3,5
S01006873,622,305,317,402,222,180,220,83,137,6,5,1,25,10,15,17,6,11,7,5,2,12,4,8,8,3,5,46,16,30,70,18,52,29,16,13
S01006874,447,227,220,336,187,149,111,40,71,5,3,2,16,7,9,13,5,8,9,3,6,7,1,6,5,0,5,14,7,7,26,4,22,16,10,6
S01006875,487,233,254,319,174,145,168,59,109,12,7,5,17,11,6,14,4,10,17,5,12,7,2,5,8,4,4,36,11,25,44,8,36,13,7,6
S01006876,702,359,343,538,294,244,164,65,99,13,4,9,17,7,10,13,4,9,4,2,2,11,6,5,9,5,4,33,15,18,45,12,33,19,10,9
S01006877,703,361,342,532,288,244,171,73,98,7,4,3,26,12,14,13,5,8,11,4,7,8,4,4,9,2,7,26,15,11,49,17,32,22,10,12
S01006878,520,267,253,380,216,164,140,51,89,6,4,2,19,5,14,9,4,5,3,0,3,8,4,4,8,1,7,30,13,17,43,14,29,14,6,8
S01006879,574,300,274,426,244,182,148,56,92,2,0,2,16,9,7,7,2,5,11,6,5,5,1,4,9,2,7,29,14,15,49,16,33,20,6,14
S01006880,443,219,224,353,189,164,90,30,60,4,2,2,15,7,8,10,3,7,10,3,7,8,2,6,4,2,2,10,5,5,23,3,20,6,3,3
S01006881,430,223,207,327,180,147,103,43,60,5,3,2,16,8,8,12,5,7,12,4,8,3,1,2,8,4,4,17,7,10,24,8,16,6,3,3
S01006882,258,122,136,179,91,88,79,31,48,2,0,2,17,10,7,4,1,3,1,0,1,1,1,0,6,4,2,20,7,13,23,6,17,5,2,3
S01006883,329,168,161,240,135,105,89,33,56,1,1,0,8,4,4,11,6,5,10,4,6,10,2,8,3,1,2,15,5,10,24,6,18,7,4,3
S01006884,627,317,310,458,256,202,169,61,108,6,4,2,19,5,14,19,8,11,10,7,3,5,1,4,10,5,5,29,10,19,50,10,40,21,11,10
S01006885,386,195,191,271,147,124,115,48,67,6,3,3,8,3,5,6,3,3,12,4,8,6,2,4,5,2,3,27,11,16,29,10,19,16,10,6
S01006886,575,282,293,406,214,192,169,68,101,12,4,8,25,9,16,17,6,11,15,11,4,8,3,5,6,2,4,23,12,11,41,9,32,22,12,10
S01006887,418,210,208,315,175,140,103,35,68,6,2,4,20,6,14,10,6,4,9,3,6,1,0,1,8,3,5,25,7,18,14,5,9,10,3,7
S01006888,596,296,300,437,236,201,159,60,99,9,3,6,21,8,13,7,3,4,12,5,7,10,5,5,5,1,4,33,10,23,35,12,23,27,13,14
S01006889,624,291,333,411,220,191,213,71,142,8,4,4,24,11,13,29,16,13,15,9,6,11,3,8,10,1,9,40,12,28,46,7,39,30,8,22
S01006890,487,246,241,359,200,159,128,46,82,8,4,4,17,6,11,16,9,7,9,5,4,4,1,3,6,1,5,15,4,11,40,9,31,13,7,6
S01006891,693,351,342,518,286,232,175,65,110,6,2,4,21,13,8,12,6,6,12,5,7,10,4,6,14,3,11,28,10,18,55,14,41,17,8,9
S01006892,458,218,240,329,172,157,129,46,83,6,2,4,13,9,4,12,7,5,11,2,9,8,2,6,4,0,4,26,14,12,38,7,31,11,3,8
S01006893,390,185,205,272,135,137,118,50,68,4,0,4,15,11,4,11,5,6,7,3,4,6,1,5,5,3,2,26,9,17,22,6,16,22,12,10
S01006894,718,352,366,477,261,216,241,91,150,4,2,2,29,13,16,19,9,10,12,6,6,13,7,6,12,3,9,57,20,37,63,15,48,32,16,16
S01006895,411,216,195,310,179,131,101,37,64,5,3,2,13,3,10,5,4,1,7,2,5,4,2,2,4,2,2,19,8,11,32,10,22,12,3,9
S01006896,606,296,310,447,236,211,159,60,99,6,4,2,19,7,12,19,9,10,11,6,5,6,2,4,8,2,6,24,10,14,49,13,36,17,7,10
S01006897,572,299,273,428,243,185,144,56,88,6,3,3,19,10,9,11,4,7,13,6,7,10,0,10,10,2,8,25,11,14,35,11,24,15,9,6
S01006898,559,270,289,430,228,202,129,42,87,8,4,4,16,6,10,9,3,6,6,3,3,9,2,7,6,2,4,26,11,15,31,6,25,18,5,13
S01006899,462,226,236,385,204,181,77,22,55,5,2,3,7,2,5,7,2,5,2,0,2,7,1,6,4,1,3,13,6,7,17,3,14,15,5,10
S01006900,467,234,233,373,200,173,94,34,60,7,3,4,18,7,11,8,3,5,1,0,1,4,0,4,1,0,1,14,1,13,21,7,14,20,13,7
S01006901,460,225,235,345,181,164,115,44,71,7,3,4,17,5,12,10,6,4,5,3,2,6,2,4,5,2,3,18,5,13,35,14,21,12,4,8
S01006902,502,253,249,371,203,168,131,50,81,5,2,3,18,10,8,7,3,4,14,5,9,8,1,7,7,4,3,25,9,16,31,8,23,16,8,8
S01006903,587,279,308,425,218,207,162,61,101,7,6,1,21,11,10,13,4,9,6,1,5,11,4,7,5,0,5,30,11,19,42,12,30,27,12,15
S01006904,491,231,260,361,188,173,130,43,87,8,3,5,21,9,12,15,6,9,7,4,3,10,5,5,4,0,4,17,7,10,36,4,32,12,5,7
S01006905,645,314,331,438,233,205,207,81,126,9,2,7,26,7,19,20,14,6,7,3,4,9,4,5,18,9,9,37,15,22,60,18,42,21,9,12
S01006906,582,279,303,385,196,189,197,83,114,7,6,1,29,13,16,10,6,4,16,6,10,15,6,9,5,1,4,48,25,23,52,13,39,15,7,8
S01006907,480,235,245,375,190,185,105,45,60,7,1,6,13,7,6,9,4,5,2,1,1,4,1,3,4,2,2,18,9,9,26,9,17,22,11,11
S01006908,618,297,321,446,240,206,172,57,115,8,4,4,23,12,11,17,8,9,7,5,2,7,2,5,6,2,4,32,10,22,58,10,48,14,4,10
S01006909,552,283,269,443,251,192,109,32,77,8,6,2,15,5,10,15,3,12,8,1,7,3,1,2,10,0,10,15,3,12,23,5,18,12,8,4
S01006910,665,348,317,526,289,237,139,59,80,6,3,3,20,10,10,11,5,6,7,3,4,6,2,4,5,1,4,18,5,13,41,15,26,25,15,10
S01006911,450,220,230,388,202,186,62,18,44,3,0,3,11,5,6,9,2,7,6,3,3,3,0,3,4,1,3,7,1,6,6,0,6,13,6,7
S01006912,364,190,174,273,151,122,91,39,52,1,1,0,14,8,6,9,6,3,7,3,4,6,2,4,3,2,1,13,5,8,24,7,17,14,5,9
S01006913,380,200,180,321,180,141,59,20,39,4,1,3,9,1,8,9,5,4,8,1,7,4,0,4,3,1,2,7,1,6,4,1,3,11,9,2
S01006914,557,287,270,452,256,196,105,31,74,6,2,4,20,10,10,15,3,12,5,0,5,5,3,2,2,1,1,10,1,9,28,4,24,14,7,7
S01006915,609,313,296,474,272,202,135,41,94,7,2,5,12,5,7,5,1,4,9,3,6,7,4,3,4,3,1,29,11,18,45,7,38,17,5,12
S01006916,391,187,204,297,158,139,94,29,65,5,3,2,16,7,9,13,4,9,10,3,7,8,2,6,5,1,4,10,3,7,16,3,13,11,3,8
S01006917,637,314,323,552,294,258,85,20,65,8,5,3,13,5,8,7,0,7,13,3,10,5,0,5,7,0,7,17,2,15,10,2,8,5,3,2
S01006918,349,170,179,259,135,124,90,35,55,1,1,0,10,6,4,9,3,6,6,2,4,2,0,2,3,1,2,26,9,17,26,10,16,7,3,4
S01006919,380,189,191,259,145,114,121,44,77,7,3,4,11,2,9,8,5,3,10,4,6,6,2,4,4,1,3,21,11,10,40,10,30,14,6,8
S01006920,355,176,179,263,138,125,92,38,54,1,0,1,15,10,5,7,2,5,6,0,6,5,3,2,9,5,4,19,10,9,27,6,21,3,2,1
S01006921,551,272,279,466,245,221,85,27,58,0,0,0,8,3,5,11,6,5,13,2,11,9,3,6,1,0,1,16,4,12,12,4,8,15,5,10
S01006922,385,197,188,269,153,116,116,44,72,9,2,7,16,5,11,10,8,2,3,1,2,4,2,2,3,1,2,28,9,19,30,5,25,13,11,2
S01006923,554,266,288,395,211,184,159,55,104,11,7,4,22,9,13,13,5,8,12,6,6,2,1,1,5,3,2,36,12,24,43,8,35,15,4,11
S01006924,426,215,211,338,194,144,88,21,67,6,2,4,15,5,10,5,0,5,4,1,3,6,1,5,6,1,5,18,4,14,17,4,13,11,3,8
S01006925,375,192,183,276,149,127,99,43,56,2,2,0,13,6,7,9,6,3,9,2,7,10,3,7,0,0,0,24,10,14,23,8,15,9,6,3
S01006926,528,264,264,426,231,195,102,33,69,4,4,0,15,6,9,15,7,8,6,1,5,2,1,1,6,0,6,22,8,14,27,3,24,5,3,2
S01006927,703,351,352,614,328,286,89,23,66,4,1,3,18,6,12,14,0,14,10,2,8,4,1,3,6,1,5,14,1,13,10,4,6,9,7,2
S01006928,776,387,389,623,337,286,153,50,103,9,6,3,26,10,16,7,1,6,9,3,6,9,2,7,4,0,4,24,7,17,44,11,33,21,10,11
S01006929,623,316,307,467,264,203,156,52,104,6,1,5,23,7,16,11,6,5,15,5,10,7,2,5,7,3,4,31,12,19,32,4,28,24,12,12
S01006930,719,350,369,529,283,246,190,67,123,9,5,4,22,7,15,20,7,13,11,2,9,10,6,4,13,6,7,28,10,18,49,13,36,28,11,17
S01006931,289,142,147,219,118,101,70,24,46,5,2,3,9,2,7,9,3,6,4,2,2,4,2,2,0,0,0,10,2,8,16,4,12,13,7,6
S01006932,433,203,230,339,175,164,94,28,66,10,3,7,20,9,11,7,3,4,3,1,2,4,0,4,3,0,3,17,2,15,16,2,14,14,8,6
S01006933,474,236,238,388,200,188,86,36,50,3,0,3,12,4,8,12,6,6,6,3,3,8,3,5,5,3,2,11,5,6,13,4,9,16,8,8
S01006934,448,219,229,313,178,135,135,41,94,7,2,5,9,2,7,13,2,11,15,8,7,7,3,4,2,1,1,22,8,14,31,8,23,29,7,22
S01006935,535,257,278,392,200,192,143,57,86,9,5,4,23,11,12,10,4,6,8,5,3,11,4,7,5,3,2,28,12,16,35,8,27,14,5,9
S01006936,480,226,254,339,175,164,141,51,90,6,2,4,18,9,9,13,5,8,14,6,8,7,4,3,12,4,8,23,6,17,33,10,23,15,5,10
S01006937,565,265,300,441,220,221,124,45,79,9,4,5,21,8,13,15,7,8,9,6,3,4,2,2,4,0,4,19,7,12,29,2,27,14,9,5
S01006938,382,186,196,300,151,149,82,35,47,9,4,5,14,8,6,8,5,3,8,3,5,2,0,2,4,2,2,11,6,5,22,5,17,4,2,2
S01006939,481,241,240,365,199,166,116,42,74,7,1,6,16,9,7,11,2,9,9,5,4,9,4,5,10,4,6,14,6,8,31,8,23,9,3,6
S01006940,743,369,374,551,296,255,192,73,119,14,6,8,32,12,20,18,8,10,11,9,2,4,0,4,5,0,5,33,14,19,45,14,31,30,10,20
S01006941,458,218,240,336,173,163,122,45,77,3,2,1,17,6,11,6,3,3,9,5,4,3,1,2,9,4,5,16,5,11,34,5,29,25,14,11
S01006942,793,375,418,606,317,289,187,58,129,11,3,8,23,12,11,15,3,12,22,3,19,9,5,4,9,1,8,28,11,17,47,9,38,23,11,12
S01006943,441,216,225,360,197,163,81,19,62,3,0,3,22,6,16,5,1,4,5,1,4,3,1,2,6,0,6,17,4,13,9,0,9,11,6,5
S01006944,616,302,314,537,280,257,79,22,57,6,2,4,12,2,10,10,1,9,2,1,1,1,0,1,2,1,1,11,3,8,17,3,14,18,9,9
S01006945,409,205,204,297,162,135,112,43,69,5,4,1,17,7,10,10,3,7,4,1,3,6,3,3,5,2,3,25,12,13,26,4,22,14,7,7
S01006946,621,306,315,490,261,229,131,45,86,8,3,5,16,9,7,13,4,9,11,3,8,5,3,2,7,2,5,29,6,23,27,7,20,15,8,7
S01006947,609,306,303,529,277,252,80,29,51,5,3,2,14,6,8,5,1,4,8,2,6,4,1,3,1,0,1,17,7,10,9,2,7,17,7,10
S01006948,657,315,342,481,257,224,176,58,118,7,3,4,21,5,16,17,2,15,18,6,12,10,2,8,11,6,5,33,17,16,45,11,34,14,6,8
S01006949,489,244,245,378,204,174,111,40,71,6,3,3,13,8,5,10,4,6,7,2,5,5,2,3,9,4,5,17,7,10,27,7,20,17,3,14
S01006950,379,182,197,330,168,162,49,14,35,3,2,1,10,3,7,8,0,8,1,0,1,1,0,1,1,0,1,10,1,9,10,5,5,5,3,2
S01006951,361,178,183,292,151,141,69,27,42,3,1,2,14,8,6,8,7,1,6,0,6,2,1,1,2,0,2,12,5,7,15,2,13,7,3,4
S01006952,667,343,324,473,274,199,194,69,125,10,6,4,23,8,15,13,2,11,13,4,9,9,2,7,11,2,9,45,15,30,54,20,34,16,10,6
S01006953,608,309,299,481,266,215,127,43,84,5,3,2,16,7,9,14,4,10,8,2,6,7,1,6,10,3,7,25,7,18,29,9,20,13,7,6
S01006954,621,318,303,491,263,228,130,55,75,7,6,1,20,9,11,23,12,11,6,2,4,5,3,2,7,3,4,25,6,19,24,6,18,13,8,5
S01006955,455,223,232,351,184,167,104,39,65,7,4,3,23,8,15,11,3,8,6,2,4,8,4,4,6,2,4,13,6,7,21,7,14,9,3,6
S01006956,804,404,400,653,348,305,151,56,95,10,4,6,21,6,15,16,9,7,12,4,8,11,3,8,5,0,5,28,11,17,28,6,22,20,13,7
S01006957,779,386,393,619,340,279,160,46,114,8,4,4,24,7,17,15,2,13,11,5,6,9,5,4,8,2,6,30,4,26,26,4,22,29,13,16
S01006958,665,324,341,444,244,200,221,80,141,15,9,6,31,13,18,15,3,12,9,4,5,13,2,11,9,5,4,46,17,29,64,17,47,19,10,9
S01006959,484,231,253,320,172,148,164,59,105,6,4,2,18,8,10,11,4,7,13,6,7,13,4,9,4,2,2,31,9,22,47,15,32,21,7,14
S01006960,674,327,347,556,298,258,118,29,89,6,2,4,15,3,12,10,2,8,10,1,9,5,1,4,10,1,9,16,4,12,22,4,18,24,11,13
S01006961,665,325,340,564,293,271,101,32,69,10,6,4,9,1,8,13,3,10,8,1,7,8,1,7,3,1,2,14,4,10,12,2,10,24,13,11
S01006962,675,330,345,482,264,218,193,66,127,7,4,3,23,9,14,9,3,6,16,8,8,9,2,7,9,3,6,48,20,28,52,9,43,20,8,12
S01006963,543,271,272,378,206,172,165,65,100,9,5,4,24,12,12,7,4,3,11,1,10,9,1,8,8,3,5,25,10,15,42,14,28,30,15,15
S01006964,621,331,290,484,275,209,137,56,81,11,7,4,21,10,11,15,6,9,9,4,5,8,4,4,10,3,7,24,10,14,25,5,20,14,7,7
S01006965,395,199,196,261,148,113,134,51,83,4,1,3,13,8,5,10,5,5,7,2,5,8,4,4,5,1,4,31,15,16,43,10,33,13,5,8
S01006966,444,205,239,324,149,175,120,56,64,4,2,2,13,9,4,17,8,9,6,5,1,6,3,3,7,2,5,22,10,12,27,8,19,18,9,9
S01006967,489,245,244,385,205,180,104,40,64,4,1,3,17,5,12,15,8,7,6,0,6,5,3,2,6,5,1,7,5,2,29,4,25,15,9,6
S01006968,402,192,210,308,160,148,94,32,62,3,2,1,10,1,9,8,3,5,7,2,5,3,0,3,4,1,3,23,7,16,28,10,18,8,6,2
S01006969,692,346,346,506,281,225,186,65,121,8,3,5,28,11,17,10,2,8,8,3,5,5,2,3,12,4,8,39,16,23,59,17,42,17,7,10
S01006970,529,255,274,413,219,194,116,36,80,4,3,1,15,7,8,17,5,12,6,1,5,5,2,3,5,0,5,13,4,9,26,4,22,25,10,15
S01006971,385,177,208,256,133,123,129,44,85,7,3,4,18,3,15,11,5,6,9,5,4,11,3,8,4,3,1,21,8,13,33,7,26,15,7,8
S01006972,406,215,191,309,173,136,97,42,55,5,3,2,15,9,6,10,5,5,5,0,5,2,1,1,2,1,1,22,8,14,22,5,17,14,10,4
S01006973,438,225,213,305,173,132,133,52,81,6,3,3,23,11,12,5,1,4,12,5,7,7,1,6,12,8,4,23,13,10,37,8,29,8,2,6
S01006974,775,379,396,594,321,273,181,58,123,8,4,4,31,12,19,21,9,12,12,5,7,17,6,11,5,3,2,34,8,26,34,5,29,19,6,13
S01006975,740,383,357,584,324,260,156,59,97,13,7,6,19,10,9,11,4,7,14,5,9,6,1,5,7,3,4,33,12,21,36,10,26,17,7,10
S01006976,354,185,169,276,156,120,78,29,49,10,4,6,6,4,2,4,1,3,8,3,5,2,0,2,6,1,5,12,6,6,21,6,15,9,4,5
S01006977,621,312,309,484,266,218,137,46,91,9,5,4,16,6,10,6,1,5,18,8,10,9,4,5,2,0,2,25,4,21,36,8,28,16,10,6
S01006978,656,345,311,471,272,199,185,73,112,5,3,2,24,11,13,18,9,9,16,6,10,7,2,5,10,4,6,33,16,17,43,10,33,29,12,17
S01006979,614,307,307,439,240,199,175,67,108,7,4,3,28,13,15,30,11,19,2,0,2,9,4,5,11,4,7,35,11,24,36,11,25,17,9,8
S01006980,652,330,322,483,267,216,169,63,106,6,3,3,17,8,9,11,5,6,10,7,3,9,1,8,6,2,4,29,14,15,51,11,40,30,12,18
S01006981,621,312,309,487,266,221,134,46,88,2,0,2,21,10,11,7,1,6,7,4,3,8,2,6,5,2,3,23,6,17,37,10,27,24,11,13
S01006982,640,310,330,509,268,241,131,42,89,4,3,1,27,12,15,14,4,10,12,4,8,9,0,9,4,2,2,25,8,17,24,3,21,12,6,6
S01006983,560,290,270,426,238,188,134,52,82,10,6,4,17,4,13,12,4,8,7,3,4,9,1,8,9,2,7,20,10,10,31,12,19,19,10,9
S01006984,543,279,264,425,239,186,118,40,78,6,2,4,20,7,13,13,4,9,7,1,6,7,4,3,5,2,3,15,6,9,30,7,23,15,7,8
S01006985,755,390,365,555,309,246,200,81,119,4,2,2,24,13,11,18,7,11,11,4,7,11,3,8,7,1,6,44,14,30,51,21,30,30,16,14
S01006986,468,232,236,364,196,168,104,36,68,5,2,3,17,8,9,10,4,6,6,3,3,11,3,8,1,0,1,14,4,10,18,1,17,22,11,11
S01006987,482,233,249,333,180,153,149,53,96,9,5,4,22,10,12,12,6,6,11,3,8,7,1,6,6,2,4,27,11,16,40,8,32,15,7,8
S01006988,442,218,224,345,181,164,97,37,60,5,2,3,7,2,5,16,7,9,4,2,2,4,1,3,2,0,2,19,7,12,18,4,14,22,12,10
S01006989,768,384,384,588,327,261,180,57,123,10,6,4,24,6,18,21,5,16,17,3,14,8,2,6,7,4,3,34,14,20,35,3,32,24,14,10
S01006990,642,320,322,519,276,243,123,44,79,12,4,8,16,5,11,7,2,5,8,0,8,5,0,5,7,3,4,19,4,15,24,10,14,25,16,9
S01006991,307,146,161,206,111,95,101,35,66,6,2,4,10,5,5,4,1,3,10,5,5,4,3,1,2,0,2,12,4,8,38,10,28,15,5,10
S01006992,487,258,229,356,208,148,131,50,81,9,2,7,16,7,9,13,7,6,11,4,7,4,2,2,6,1,5,21,9,12,30,9,21,21,9,12
S01006993,414,205,209,313,177,136,101,28,73,3,2,1,15,4,11,10,1,9,8,0,8,2,0,2,3,2,1,16,5,11,30,10,20,14,4,10
S01006994,471,259,212,349,204,145,122,55,67,8,4,4,15,9,6,11,3,8,15,9,6,6,2,4,5,2,3,18,8,10,27,6,21,17,12,5
S01006995,638,319,319,504,281,223,134,38,96,8,2,6,22,9,13,15,4,11,2,1,1,5,1,4,10,3,7,17,5,12,36,7,29,19,6,13
S01006996,554,270,284,427,229,198,127,41,86,6,3,3,15,5,10,12,5,7,9,4,5,3,2,1,7,0,7,27,5,22,34,8,26,14,9,5
S01006997,575,288,287,466,249,217,109,39,70,4,1,3,20,10,10,9,2,7,5,2,3,6,1,5,8,1,7,16,6,10,25,7,18,16,9,7
S01006998,829,420,409,643,347,296,186,73,113,8,4,4,29,14,15,17,5,12,15,3,12,14,5,9,11,6,5,23,8,15,48,14,34,21,14,7
S01006999,659,354,305,508,291,217,151,63,88,6,3,3,17,8,9,15,6,9,8,2,6,11,2,9,0,0,0,31,17,14,45,16,29,18,9,9
S01007000,692,343,349,505,274,231,187,69,118,8,4,4,21,13,8,14,4,10,15,8,7,14,6,8,4,2,2,37,9,28,52,14,38,22,9,13
S01007001,668,316,352,465,234,231,203,82,121,10,4,6,29,16,13,12,4,8,15,4,11,12,6,6,9,4,5,35,16,19,58,16,42,23,12,11
S01007002,422,212,210,302,160,142,120,52,68,4,1,3,11,8,3,14,4,10,11,8,3,7,1,6,5,1,4,17,8,9,26,8,18,25,13,12
S01007003,391,208,183,301,177,124,90,31,59,4,0,4,13,4,9,11,4,7,7,4,3,6,1,5,4,2,2,18,8,10,20,3,17,7,5,2
S01007004,550,288,262,411,228,183,139,60,79,7,3,4,7,2,5,11,5,6,6,3,3,10,5,5,14,8,6,22,7,15,41,15,26,21,12,9
S01007005,682,355,327,517,294,223,165,61,104,4,0,4,24,11,13,21,8,13,13,4,9,3,1,2,6,3,3,23,8,15,45,11,34,26,15,11
S01007006,675,349,326,453,263,190,222,86,136,11,6,5,31,13,18,13,5,8,13,4,9,10,3,7,15,5,10,41,17,24,67,24,43,21,9,12
S01007007,632,330,302,448,261,187,184,69,115,11,7,4,29,9,20,15,5,10,10,5,5,3,0,3,7,4,3,37,14,23,42,11,31,30,14,16
S01007008,728,358,370,506,262,244,222,96,126,8,6,2,24,10,14,19,7,12,19,7,12,6,3,3,6,2,4,36,14,22,59,24,35,45,23,22
S01007009,766,378,388,517,263,254,249,115,134,11,8,3,24,16,8,16,9,7,18,9,9,13,6,7,15,7,8,47,20,27,76,26,50,29,14,15
S01007010,535,249,286,355,179,176,180,70,110,13,8,5,27,11,16,8,2,6,12,7,5,5,0,5,12,5,7,27,13,14,60,17,43,16,7,9
S01007011,599,302,297,405,215,190,194,87,107,9,7,2,23,11,12,13,5,8,26,12,14,4,1,3,8,3,5,37,15,22,51,23,28,23,10,13
S01007012,504,234,270,302,147,155,202,87,115,5,2,3,20,12,8,22,6,16,16,12,4,10,4,6,11,5,6,33,13,20,55,18,37,30,15,15
S01007013,433,223,210,316,183,133,117,40,77,7,3,4,13,3,10,9,5,4,2,0,2,6,2,4,5,0,5,25,10,15,32,9,23,18,8,10
S01007014,743,385,358,578,327,251,165,58,107,8,4,4,24,9,15,15,4,11,12,2,10,10,2,8,9,4,5,39,12,27,23,7,16,25,14,11
S01007015,478,241,237,355,196,159,123,45,78,7,1,6,13,4,9,14,6,8,8,3,5,6,2,4,2,0,2,24,7,17,30,9,21,19,13,6
S01007016,465,243,222,350,209,141,115,34,81,6,2,4,9,4,5,9,4,5,8,1,7,9,2,7,1,0,1,23,6,17,31,6,25,19,9,10
S01007017,705,344,361,494,266,228,211,78,133,11,7,4,26,10,16,16,9,7,12,6,6,7,3,4,12,6,6,39,12,27,60,15,45,28,10,18
S01007018,690,340,350,478,253,225,212,87,125,8,5,3,17,6,11,23,11,12,10,1,9,11,5,6,10,5,5,60,26,34,53,17,36,20,11,9
S01007019,500,250,250,332,186,146,168,64,104,7,3,4,26,11,15,10,6,4,9,4,5,10,4,6,5,2,3,29,12,17,50,12,38,22,10,12
S01007020,556,275,281,385,211,174,171,64,107,6,1,5,19,6,13,12,4,8,13,7,6,12,3,9,5,3,2,30,10,20,45,17,28,29,13,16
S01007021,650,316,334,438,228,210,212,88,124,6,4,2,11,4,7,16,8,8,16,6,10,13,7,6,12,7,5,49,21,28,65,19,46,24,12,12
S01007022,350,165,185,217,111,106,133,54,79,4,2,2,18,7,11,7,3,4,9,3,6,10,0,10,9,6,3,28,11,17,30,9,21,18,13,5
S01007023,355,173,182,231,126,105,124,47,77,6,4,2,17,4,13,4,0,4,6,2,4,3,0,3,11,4,7,16,8,8,44,17,27,17,8,9
S01007024,766,380,386,519,275,244,247,105,142,8,6,2,29,14,15,14,4,10,21,12,9,15,3,12,11,4,7,38,18,20,74,29,45,37,15,22
S01007025,625,302,323,401,209,192,224,93,131,11,9,2,26,13,13,17,8,9,12,6,6,3,2,1,13,2,11,51,18,33,66,22,44,25,13,12
S01007026,637,325,312,386,216,170,251,109,142,9,6,3,28,11,17,17,9,8,9,1,8,11,5,6,6,0,6,57,27,30,86,35,51,28,15,13
S01007027,766,376,390,499,271,228,267,105,162,7,2,5,33,19,14,14,7,7,13,5,8,14,6,8,11,3,8,56,20,36,82,25,57,37,18,19
S01007028,563,294,269,386,218,168,177,76,101,8,2,6,17,9,8,11,5,6,11,4,7,10,6,4,9,5,4,35,13,22,50,17,33,26,15,11
S01007029,427,218,209,291,166,125,136,52,84,1,0,1,17,8,9,8,3,5,6,2,4,6,4,2,0,0,0,41,17,24,39,11,28,18,7,11
S01007030,609,302,307,395,220,175,214,82,132,7,5,2,27,15,12,14,5,9,15,5,10,13,3,10,15,5,10,49,20,29,60,20,40,14,4,10
S01007031,459,241,218,295,170,125,164,71,93,4,4,0,20,11,9,10,4,6,15,5,10,6,2,4,8,1,7,27,11,16,50,22,28,24,11,13
S01007032,720,379,341,437,244,193,283,135,148,12,6,6,38,17,21,18,11,7,16,10,6,14,9,5,9,4,5,49,22,27,67,24,43,60,32,28
S01007033,548,261,287,356,190,166,192,71,121,5,3,2,27,13,14,20,8,12,14,4,10,8,3,5,8,2,6,29,14,15,49,12,37,32,12,20
S01007034,443,215,228,302,163,139,141,52,89,4,1,3,16,6,10,5,2,3,17,7,10,8,3,5,8,2,6,15,6,9,39,11,28,29,14,15
S01007035,569,253,316,347,168,179,222,85,137,9,4,5,28,15,13,16,11,5,20,6,14,12,5,7,7,2,5,43,13,30,64,17,47,23,12,11
S01007036,658,327,331,433,232,201,225,95,130,10,6,4,25,9,16,14,7,7,12,5,7,11,5,6,8,2,6,44,20,24,57,17,40,44,24,20
S01007037,747,347,400,504,251,253,243,96,147,11,2,9,22,11,11,16,9,7,7,2,5,8,3,5,13,3,10,58,24,34,77,26,51,31,16,15
S01007038,570,283,287,392,219,173,178,64,114,6,4,2,19,7,12,17,7,10,10,2,8,10,3,7,8,1,7,28,13,15,46,15,31,34,12,22
S01007039,632,313,319,402,215,187,230,98,132,10,6,4,27,15,12,9,3,6,15,3,12,15,5,10,3,3,0,48,23,25,64,23,41,39,17,22
S01007040,466,220,246,299,151,148,167,69,98,3,2,1,21,10,11,15,8,7,12,5,7,7,4,3,3,2,1,30,9,21,53,19,34,23,10,13
S01007041,555,286,269,370,210,160,185,76,109,12,8,4,19,10,9,11,1,10,4,1,3,16,2,14,6,2,4,27,15,12,48,17,31,42,20,22
S01007042,514,260,254,344,196,148,170,64,106,9,3,6,18,6,12,21,11,10,10,4,6,8,2,6,7,1,6,30,11,19,37,12,25,30,14,16
S01007043,766,406,360,580,333,247,186,73,113,7,2,5,16,11,5,8,3,5,10,5,5,8,1,7,13,4,9,32,13,19,67,22,45,25,12,13
S01007044,504,246,258,310,171,139,194,75,119,8,2,6,23,9,14,9,5,4,7,1,6,9,3,6,9,5,4,40,22,18,60,18,42,29,10,19
S01007045,632,315,317,425,231,194,207,84,123,12,5,7,38,19,19,9,1,8,10,6,4,14,4,10,7,4,3,34,17,17,60,18,42,23,10,13
S01007046,472,242,230,322,183,139,150,59,91,3,0,3,11,5,6,9,3,6,7,2,5,9,3,6,10,6,4,26,12,14,48,21,27,27,7,20
S01007047,519,254,265,359,200,159,160,54,106,8,5,3,18,8,10,9,3,6,6,1,5,7,1,6,8,2,6,22,6,16,59,20,39,23,8,15
S01007048,726,393,333,505,305,200,221,88,133,7,5,2,27,8,19,12,5,7,13,6,7,16,5,11,10,5,5,45,21,24,53,15,38,38,18,20
S01007049,701,349,352,462,250,212,239,99,140,12,5,7,26,15,11,23,14,9,7,3,4,15,9,6,10,4,6,54,24,30,72,20,52,20,5,15
S01007050,477,246,231,318,178,140,159,68,91,7,3,4,31,10,21,13,9,4,6,3,3,10,5,5,7,2,5,31,9,22,25,9,16,29,18,11
S01007051,570,282,288,422,225,197,148,57,91,7,7,0,14,6,8,10,6,4,9,1,8,7,1,6,3,1,2,28,13,15,42,12,30,28,10,18
S01007052,442,218,224,303,170,133,139,48,91,6,2,4,20,6,14,11,6,5,12,4,8,4,1,3,4,1,3,28,11,17,34,7,27,20,10,10
S01007053,383,196,187,263,150,113,120,46,74,5,3,2,17,7,10,12,4,8,3,1,2,12,7,5,10,2,8,20,7,13,30,12,18,11,3,8
S01007054,691,348,343,475,259,216,216,89,127,6,3,3,30,14,16,17,11,6,18,7,11,11,6,5,15,7,8,45,16,29,47,16,31,27,9,18
S01007055,404,211,193,307,177,130,97,34,63,7,4,3,11,2,9,6,1,5,11,6,5,8,3,5,3,1,2,15,5,10,23,9,14,13,3,10
S01007056,478,254,224,352,206,146,126,48,78,9,4,5,20,5,15,7,3,4,7,2,5,4,1,3,1,0,1,21,9,12,34,8,26,23,16,7
S01007057,383,181,202,237,127,110,146,54,92,5,3,2,25,9,16,14,7,7,9,4,5,6,1,5,13,5,8,31,14,17,31,6,25,12,5,7
S01007058,401,194,207,257,136,121,144,58,86,4,2,2,17,10,7,8,4,4,7,5,2,6,2,4,10,3,7,28,14,14,54,13,41,10,5,5
S01007059,723,352,371,485,266,219,238,86,152,3,2,1,27,8,19,25,12,13,11,5,6,15,3,12,12,3,9,48,20,28,53,12,41,44,21,23
S01007060,463,212,251,280,137,143,183,75,108,11,8,3,29,10,19,14,5,9,10,7,3,6,1,5,8,3,5,25,9,16,49,13,36,31,19,12
S01007061,711,363,348,554,304,250,157,59,98,8,4,4,24,12,12,9,4,5,13,3,10,11,2,9,7,1,6,29,10,19,32,12,20,24,11,13
S01007062,539,287,252,405,228,177,134,59,75,13,7,6,15,6,9,18,7,11,2,0,2,1,0,1,9,4,5,23,7,16,29,9,20,24,19,5
S01007063,496,234,262,349,183,166,147,51,96,8,5,3,21,7,14,11,6,5,5,2,3,5,1,4,11,5,6,21,6,15,45,13,32,20,6,14
S01007064,502,257,245,379,205,174,123,52,71,5,2,3,16,10,6,7,2,5,8,5,3,1,0,1,4,2,2,30,11,19,34,9,25,18,11,7
S01007065,445,224,221,319,176,143,126,48,78,3,1,2,18,12,6,8,2,6,3,0,3,2,1,1,5,2,3,30,9,21,41,9,32,16,12,4
S01007066,511,273,238,370,219,151,141,54,87,10,5,5,19,8,11,13,6,7,7,3,4,1,0,1,9,0,9,29,11,18,35,10,25,18,11,7
S01007067,451,239,212,319,188,131,132,51,81,5,2,3,24,14,10,6,4,2,5,1,4,7,4,3,11,4,7,26,8,18,38,11,27,10,3,7
S01007068,545,252,293,359,194,165,186,58,128,5,1,4,20,10,10,19,10,9,12,2,10,10,3,7,5,1,4,47,13,34,49,12,37,19,6,13
S01007069,600,305,295,411,236,175,189,69,120,15,7,8,24,10,14,12,5,7,10,4,6,14,7,7,13,2,11,37,11,26,40,14,26,24,9,15
S01007070,395,201,194,264,142,122,131,59,72,4,2,2,21,13,8,11,4,7,12,8,4,4,1,3,4,0,4,31,11,20,33,15,18,11,5,6
S01007071,642,321,321,481,261,220,161,60,101,4,1,3,17,8,9,12,3,9,9,2,7,11,3,8,5,0,5,45,19,26,39,12,27,19,12,7
S01007072,493,244,249,381,205,176,112,39,73,10,7,3,18,11,7,9,1,8,6,1,5,2,2,0,6,1,5,20,7,13,31,3,28,10,6,4
S01007073,838,494,344,500,288,212,338,206,132,17,12,5,20,8,12,25,17,8,24,19,5,22,15,7,20,16,4,75,47,28,94,48,46,41,24,17
S01007074,517,243,274,362,185,177,155,58,97,13,7,6,17,8,9,12,7,5,8,2,6,12,6,6,8,2,6,29,8,21,43,12,31,13,6,7
S01007075,537,244,293,377,192,185,160,52,108,11,7,4,19,9,10,14,3,11,6,1,5,4,0,4,5,4,1,26,7,19,57,16,41,18,5,13
S01007076,580,288,292,414,224,190,166,64,102,9,6,3,26,13,13,17,8,9,15,6,9,3,1,2,9,1,8,25,7,18,39,8,31,23,14,9
S01007077,522,246,276,357,183,174,165,63,102,6,3,3,24,11,13,22,8,14,7,5,2,6,1,5,10,6,4,17,8,9,52,14,38,21,7,14
S01007078,642,304,338,394,205,189,248,99,149,17,7,10,23,13,10,17,8,9,14,8,6,9,1,8,10,7,3,48,20,28,78,20,58,32,15,17
S01007079,726,363,363,449,257,192,277,106,171,14,9,5,31,12,19,21,6,15,17,7,10,12,4,8,8,4,4,51,17,34,87,33,54,36,14,22
S01007080,557,268,289,349,182,167,208,86,122,15,8,7,28,13,15,21,8,13,13,4,9,8,3,5,6,3,3,33,17,16,60,16,44,24,14,10
S01007081,690,339,351,464,255,209,226,84,142,14,8,6,32,11,21,18,5,13,13,3,10,8,1,7,8,3,5,34,14,20,65,26,39,34,13,21
S01007082,410,193,217,275,137,138,135,56,79,5,2,3,14,9,5,7,2,5,13,4,9,7,2,5,1,0,1,22,7,15,39,17,22,27,13,14
S01007083,697,353,344,393,225,168,304,128,176,11,8,3,35,10,25,20,8,12,16,2,14,13,5,8,10,3,7,51,29,22,88,35,53,60,28,32
S01007084,435,206,229,290,152,138,145,54,91,4,3,1,15,5,10,9,4,5,14,4,10,3,1,2,7,3,4,30,16,14,52,15,37,11,3,8
S01007085,637,331,306,444,248,196,193,83,110,15,7,8,29,15,14,23,10,13,16,7,9,5,0,5,5,5,0,35,17,18,36,10,26,29,12,17
S01007086,871,450,421,570,308,262,301,142,159,24,15,9,42,18,24,41,16,25,17,4,13,18,9,9,7,7,0,33,25,8,52,24,28,67,24,43
S01007087,660,340,320,447,245,202,213,95,118,12,6,6,30,14,16,7,3,4,14,7,7,2,1,1,8,4,4,29,8,21,65,31,34,46,21,25
S01007088,408,197,211,228,121,107,180,76,104,13,4,9,23,11,12,20,10,10,8,3,5,6,1,5,2,1,1,30,11,19,44,18,26,34,17,17
S01007089,404,203,201,274,156,118,130,47,83,6,4,2,21,13,8,7,2,5,11,4,7,6,1,5,7,2,5,15,8,7,45,10,35,12,3,9
S01007090,414,226,188,332,189,143,82,37,45,9,7,2,9,5,4,10,6,4,6,3,3,0,0,0,3,1,2,15,7,8,18,4,14,12,4,8
S01007091,576,265,311,416,211,205,160,54,106,11,6,5,25,10,15,13,4,9,16,2,14,9,1,8,3,0,3,20,6,14,28,8,20,35,17,18
S01007092,449,202,247,289,138,151,160,64,96,6,4,2,19,14,5,16,4,12,11,6,5,7,3,4,5,2,3,26,9,17,51,16,35,19,6,13
S01007093,749,378,371,537,293,244,212,85,127,8,4,4,20,13,7,16,10,6,14,5,9,12,3,9,8,3,5,42,20,22,74,17,57,18,10,8
S01007094,679,341,338,484,267,217,195,74,121,7,4,3,18,6,12,15,8,7,10,3,7,10,4,6,12,5,7,41,17,24,63,21,42,19,6,13
S01007095,419,213,206,291,164,127,128,49,79,3,0,3,15,8,7,11,3,8,7,2,5,8,3,5,8,4,4,16,6,10,32,9,23,28,14,14
S01007096,602,309,293,464,258,206,138,51,87,10,6,4,15,7,8,9,3,6,17,4,13,11,4,7,9,3,6,25,6,19,26,8,18,16,10,6
S01007097,372,184,188,281,157,124,91,27,64,2,2,0,16,8,8,7,2,5,4,1,3,2,0,2,2,0,2,25,10,15,19,0,19,14,4,10
S01007098,617,302,315,447,246,201,170,56,114,10,5,5,26,9,17,15,5,10,7,2,5,6,1,5,12,3,9,30,13,17,43,9,34,21,9,12
S01007099,649,336,313,487,276,211,162,60,102,4,3,1,25,10,15,11,4,7,10,3,7,8,3,5,4,1,3,38,16,22,43,13,30,19,7,12
S01007100,561,289,272,389,223,166,172,66,106,9,7,2,22,8,14,18,7,11,4,0,4,8,2,6,8,3,5,21,6,15,54,17,37,28,16,12
S01007101,611,289,322,393,211,182,218,78,140,6,3,3,33,17,16,19,8,11,16,2,14,12,4,8,3,0,3,35,15,20,66,20,46,28,9,19
S01007102,553,284,269,367,202,165,186,82,104,10,9,1,25,13,12,11,5,6,11,9,2,9,3,6,11,4,7,31,11,20,51,16,35,27,12,15
S01007103,607,309,298,418,233,185,189,76,113,11,6,5,23,10,13,11,4,7,13,3,10,9,2,7,10,6,4,31,12,19,55,22,33,26,11,15
S01007104,377,190,187,240,134,106,137,56,81,5,3,2,11,3,8,16,7,9,9,6,3,7,3,4,9,3,6,26,10,16,41,16,25,13,5,8
S01007105,384,183,201,246,134,112,138,49,89,3,1,2,16,7,9,13,5,8,8,5,3,11,7,4,6,3,3,22,8,14,46,11,35,13,2,11
S01007106,550,276,274,333,186,147,217,90,127,5,3,2,33,18,15,30,15,15,12,6,6,7,5,2,9,4,5,31,11,20,67,21,46,23,7,16
S01007107,505,254,251,358,204,154,147,50,97,8,2,6,16,8,8,13,4,9,16,7,9,2,1,1,5,1,4,24,6,18,44,14,30,19,7,12
S01007108,433,224,209,301,168,133,132,56,76,3,1,2,16,3,13,12,8,4,8,4,4,4,1,3,5,1,4,26,16,10,43,16,27,15,6,9
S01007109,614,301,313,376,208,168,238,93,145,15,6,9,30,16,14,20,9,11,12,4,8,16,4,12,10,3,7,43,19,24,66,21,45,26,11,15
S01007110,558,265,293,369,196,173,189,69,120,13,6,7,20,12,8,24,7,17,16,4,12,7,2,5,8,4,4,24,8,16,55,19,36,22,7,15
S01007111,398,201,197,254,143,111,144,58,86,5,3,2,12,3,9,10,5,5,9,4,5,7,2,5,11,5,6,20,8,12,47,18,29,23,10,13
S01007112,434,221,213,284,163,121,150,58,92,4,3,1,16,5,11,13,7,6,5,3,2,7,4,3,6,3,3,28,13,15,52,12,40,19,8,11
S01007113,402,212,190,257,149,108,145,63,82,5,3,2,14,6,8,12,8,4,13,6,7,7,2,5,4,2,2,27,15,12,45,14,31,18,7,11
S01007114,659,331,328,454,249,205,205,82,123,9,4,5,27,12,15,16,8,8,7,5,2,9,4,5,14,3,11,39,15,24,63,18,45,21,13,8
S01007115,496,252,244,316,178,138,180,74,106,3,2,1,19,8,11,9,4,5,6,3,3,11,1,10,5,2,3,41,17,24,56,25,31,30,12,18
S01007116,718,365,353,533,299,234,185,66,119,14,5,9,31,13,18,13,7,6,2,0,2,7,1,6,8,2,6,27,8,19,48,13,35,35,17,18
S01007117,364,180,184,246,137,109,118,43,75,2,0,2,10,4,6,9,6,3,8,5,3,2,1,1,8,2,6,32,12,20,31,7,24,16,6,10
S01007118,516,240,276,334,167,167,182,73,109,3,3,0,27,12,15,20,4,16,10,5,5,13,5,8,11,3,8,27,12,15,40,9,31,31,20,11
S01007119,625,304,321,394,210,184,231,94,137,7,3,4,44,23,21,23,9,14,11,6,5,8,2,6,8,4,4,41,12,29,61,24,37,28,11,17
S01007120,862,418,444,539,290,249,323,128,195,12,7,5,43,20,23,34,17,17,13,6,7,16,6,10,22,9,13,62,22,40,78,29,49,43,12,31
S01007121,355,192,163,210,121,89,145,71,74,4,2,2,23,14,9,16,10,6,6,4,2,10,5,5,8,2,6,18,9,9,47,17,30,13,8,5
S01007122,453,220,233,299,159,140,154,61,93,7,3,4,15,8,7,8,3,5,10,4,6,8,2,6,10,3,7,32,14,18,46,18,28,18,6,12
S01007123,468,241,227,310,177,133,158,64,94,2,1,1,18,13,5,16,6,10,8,5,3,6,2,4,6,2,4,35,11,24,44,11,33,23,13,10
S01007124,666,325,341,473,261,212,193,64,129,6,1,5,26,10,16,22,5,17,16,4,12,8,1,7,7,3,4,38,17,21,51,12,39,19,11,8
S01007125,622,306,316,382,211,171,240,95,145,18,9,9,38,16,22,14,5,9,13,4,9,9,4,5,14,6,8,33,13,20,63,23,40,38,15,23
S01007126,681,327,354,407,207,200,274,120,154,7,6,1,33,19,14,21,16,5,17,5,12,13,4,9,11,2,9,45,22,23,64,23,41,63,23,40
S01007127,782,413,369,541,299,242,241,114,127,17,8,9,42,27,15,24,9,15,17,11,6,5,2,3,11,4,7,43,19,24,50,19,31,32,15,17
S01007128,618,291,327,355,187,168,263,104,159,10,4,6,29,12,17,28,14,14,22,8,14,9,1,8,14,9,5,52,21,31,75,27,48,24,8,16
S01007129,698,337,361,503,258,245,195,79,116,5,3,2,30,17,13,11,5,6,20,8,12,6,3,3,6,3,3,47,19,28,46,11,35,24,10,14
S01007130,456,220,236,312,156,156,144,64,80,3,2,1,19,11,8,10,3,7,9,4,5,8,2,6,6,2,4,30,15,15,47,17,30,12,8,4
S01007131,576,271,305,401,199,202,175,72,103,0,0,0,22,12,10,14,6,8,13,6,7,10,4,6,9,4,5,35,19,16,56,14,42,16,7,9
S01007132,517,243,274,362,178,184,155,65,90,11,5,6,21,10,11,12,6,6,9,2,7,6,1,5,7,4,3,33,14,19,38,13,25,18,10,8
S01007133,515,252,263,371,188,183,144,64,80,2,0,2,23,10,13,13,6,7,9,3,6,6,2,4,5,2,3,17,9,8,41,16,25,28,16,12
S01007134,542,271,271,391,202,189,151,69,82,5,2,3,23,9,14,11,8,3,10,5,5,6,1,5,5,3,2,27,12,15,44,18,26,20,11,9
S01007135,395,197,198,281,148,133,114,49,65,9,2,7,9,4,5,3,1,2,8,3,5,10,2,8,6,3,3,24,13,11,30,10,20,15,11,4
S01007136,384,190,194,280,142,138,104,48,56,5,4,1,11,2,9,6,5,1,5,2,3,7,3,4,3,1,2,25,11,14,21,6,15,21,14,7
S01007137,514,268,246,418,228,190,96,40,56,8,5,3,22,7,15,8,5,3,6,2,4,5,3,2,8,2,6,11,2,9,9,2,7,19,12,7
S01007138,443,219,224,320,165,155,123,54,69,7,4,3,14,5,9,6,3,3,8,4,4,6,3,3,4,2,2,27,16,11,37,11,26,14,6,8
S01007139,568,279,289,384,198,186,184,81,103,7,5,2,23,11,12,20,9,11,11,7,4,11,5,6,3,1,2,38,17,21,52,15,37,19,11,8
S01007140,783,387,396,496,265,231,287,122,165,15,4,11,30,17,13,28,10,18,21,9,12,12,7,5,9,7,2,55,22,33,78,27,51,39,19,20
S01007141,506,259,247,357,193,164,149,66,83,3,3,0,20,11,9,10,4,6,9,3,6,8,3,5,9,2,7,19,9,10,50,18,32,21,13,8
S01007142,403,209,194,305,156,149,98,53,45,2,1,1,6,5,1,7,6,1,2,0,2,1,0,1,10,6,4,8,2,6,19,8,11,43,25,18
S01007143,431,209,222,368,188,180,63,21,42,7,5,2,4,3,1,5,3,2,8,2,6,5,1,4,1,0,1,9,2,7,14,3,11,10,2,8
S01007144,572,285,287,372,196,176,200,89,111,7,3,4,28,17,11,18,13,5,20,10,10,14,8,6,15,6,9,29,12,17,46,13,33,23,7,16
S01007145,635,302,333,392,200,192,243,102,141,14,8,6,27,12,15,13,8,5,14,4,10,21,9,12,11,4,7,44,20,24,76,27,49,23,10,13
S01007146,517,253,264,329,169,160,188,84,104,4,2,2,36,18,18,19,8,11,17,6,11,16,11,5,7,3,4,22,10,12,47,15,32,20,11,9
S01007147,538,258,280,348,175,173,190,83,107,6,3,3,28,13,15,11,7,4,10,3,7,9,2,7,11,7,4,38,17,21,55,17,38,22,14,8
S01007148,414,208,206,272,135,137,142,73,69,5,2,3,16,9,7,15,8,7,8,6,2,9,5,4,10,3,7,24,12,12,35,14,21,20,14,6
S01007149,426,203,223,257,131,126,169,72,97,3,1,2,13,4,9,11,3,8,12,7,5,11,8,3,7,3,4,41,23,18,61,20,41,10,3,7
S01007150,500,250,250,280,158,122,220,92,128,4,0,4,17,9,8,11,6,5,8,3,5,18,9,9,12,5,7,55,29,26,75,21,54,20,10,10
S01007151,640,313,327,442,226,216,198,87,111,2,1,1,24,11,13,27,14,13,14,8,6,6,2,4,6,3,3,31,14,17,53,15,38,35,19,16
S01007152,410,198,212,266,132,134,144,66,78,4,2,2,19,14,5,12,5,7,11,4,7,5,2,3,7,4,3,21,7,14,51,21,30,14,7,7
S01007153,456,225,231,293,148,145,163,77,86,4,4,0,21,11,10,12,6,6,7,3,4,7,3,4,7,2,5,38,17,21,53,23,30,14,8,6
S01007154,513,243,270,328,160,168,185,83,102,5,3,2,23,13,10,12,5,7,12,6,6,5,4,1,11,4,7,44,27,17,57,13,44,16,8,8
S01007155,445,210,235,289,151,138,156,59,97,7,3,4,16,10,6,8,1,7,7,3,4,7,2,5,7,0,7,29,15,14,60,18,42,15,7,8
S01007156,549,266,283,358,192,166,191,74,117,5,2,3,31,12,19,18,9,9,15,4,11,9,3,6,8,4,4,28,16,12,50,10,40,27,14,13
S01007157,468,224,244,338,168,170,130,56,74,4,3,1,17,7,10,10,5,5,9,4,5,11,6,5,16,4,12,16,6,10,30,13,17,17,8,9
S01007158,698,353,345,503,268,235,195,85,110,12,7,5,25,13,12,23,10,13,12,5,7,9,4,5,12,5,7,37,17,20,40,13,27,25,11,14
S01007159,621,290,331,396,197,199,225,93,132,5,1,4,35,19,16,20,10,10,14,5,9,11,4,7,10,4,6,45,21,24,62,18,44,23,11,12
S01007160,617,282,335,356,174,182,261,108,153,8,2,6,32,17,15,21,8,13,16,5,11,11,4,7,10,4,6,48,23,25,73,21,52,42,24,18
S01007161,519,240,279,322,156,166,197,84,113,8,4,4,29,12,17,19,9,10,13,7,6,11,9,2,13,4,9,26,11,15,44,13,31,34,15,19
S01007162,365,169,196,237,115,122,128,54,74,7,3,4,23,10,13,7,2,5,10,8,2,9,2,7,1,1,0,24,13,11,36,11,25,11,4,7
S01007163,642,295,347,388,181,207,254,114,140,5,5,0,28,16,12,27,14,13,18,8,10,12,5,7,5,4,1,49,23,26,82,28,54,28,11,17
S01007164,419,195,224,260,119,141,159,76,83,8,4,4,14,8,6,11,6,5,10,3,7,9,3,6,5,4,1,39,23,16,39,12,27,24,13,11
S01007165,578,282,296,384,204,180,194,78,116,9,4,5,28,11,17,15,8,7,16,7,9,8,3,5,8,1,7,35,13,22,48,17,31,27,14,13
S01007166,487,237,250,303,161,142,184,76,108,10,4,6,19,12,7,11,6,5,16,10,6,6,3,3,9,4,5,36,12,24,61,17,44,16,8,8
S01007167,615,291,324,399,200,199,216,91,125,6,1,5,24,15,9,20,13,7,23,11,12,10,4,6,10,3,7,35,14,21,66,19,47,22,11,11
S01007168,746,359,387,500,260,240,246,99,147,8,3,5,31,18,13,18,8,10,20,11,9,7,3,4,22,11,11,48,27,21,67,11,56,25,7,18
S01007169,551,263,288,367,186,181,184,77,107,5,2,3,27,18,9,13,7,6,10,5,5,8,1,7,6,1,5,33,12,21,45,12,33,37,19,18
S01007170,514,267,247,352,188,164,162,79,83,8,5,3,25,14,11,14,10,4,11,7,4,7,2,5,4,3,1,31,16,15,42,14,28,20,8,12
S01007171,677,385,292,504,309,195,173,76,97,6,5,1,24,12,12,22,15,7,9,3,6,8,4,4,8,3,5,27,13,14,46,12,34,23,9,14
S01007172,621,309,312,362,202,160,259,107,152,6,2,4,32,19,13,15,9,6,12,8,4,13,9,4,16,11,5,39,11,28,94,24,70,32,14,18
S01007173,647,315,332,488,251,237,159,64,95,8,2,6,23,11,12,14,5,9,10,4,6,12,4,8,8,3,5,22,7,15,33,9,24,29,19,10
S01007174,609,301,308,423,224,199,186,77,109,7,5,2,29,13,16,15,5,10,13,6,7,4,1,3,9,3,6,33,11,22,31,13,18,45,20,25
S01007175,438,207,231,268,141,127,170,66,104,4,1,3,19,12,7,16,11,5,5,1,4,8,3,5,6,1,5,44,18,26,49,13,36,19,6,13
S01007176,501,250,251,319,176,143,182,74,108,7,2,5,21,10,11,21,7,14,9,3,6,11,4,7,12,4,8,35,14,21,47,18,29,19,12,7
S01007177,458,218,240,252,127,125,206,91,115,10,6,4,23,11,12,21,10,11,12,5,7,11,5,6,7,3,4,36,22,14,57,19,38,29,10,19
S01007178,769,368,401,453,226,227,316,142,174,17,11,6,43,25,18,24,13,11,12,5,7,13,4,9,15,2,13,44,21,23,92,34,58,56,27,29
S01007179,754,357,397,488,250,238,266,107,159,8,4,4,31,13,18,15,9,6,16,10,6,15,9,6,15,7,8,67,32,35,73,13,60,26,10,16
S01007180,521,246,275,309,155,154,212,91,121,5,4,1,29,15,14,12,9,3,14,6,8,5,1,4,8,1,7,29,11,18,89,30,59,21,14,7
S01007181,607,300,307,349,184,165,258,116,142,15,9,6,24,10,14,24,12,12,13,6,7,9,5,4,4,0,4,52,22,30,60,22,38,57,30,27
S01007182,785,361,424,501,250,251,284,111,173,7,3,4,28,16,12,24,11,13,20,11,9,21,5,16,7,2,5,54,24,30,88,26,62,35,13,22
S01007183,788,374,414,488,252,236,300,122,178,15,9,6,41,19,22,23,6,17,18,6,12,12,4,8,7,3,4,60,28,32,89,30,59,35,17,18
S01007184,810,391,419,485,236,249,325,155,170,22,13,9,38,23,15,27,13,14,17,5,12,15,9,6,18,8,10,46,26,20,102,42,60,40,16,24
S01007185,600,284,316,337,169,168,263,115,148,7,5,2,16,5,11,30,10,20,16,9,7,12,5,7,14,8,6,42,16,26,70,35,35,56,22,34
S01007186,463,224,239,256,128,128,207,96,111,7,5,2,25,8,17,21,15,6,15,9,6,9,0,9,7,3,4,31,14,17,45,15,30,47,27,20
S01007187,614,315,299,367,193,174,247,122,125,12,9,3,40,19,21,24,16,8,25,13,12,14,7,7,9,4,5,25,17,8,70,25,45,28,12,16
S01007188,473,246,227,321,171,150,152,75,77,5,3,2,11,5,6,15,6,9,9,4,5,7,4,3,10,3,7,33,20,13,37,14,23,25,16,9
S01007189,530,260,270,300,155,145,230,105,125,12,9,3,30,10,20,15,8,7,18,11,7,8,4,4,9,3,6,35,20,15,64,25,39,39,15,24
S01007190,595,296,299,346,184,162,249,112,137,10,5,5,25,14,11,14,5,9,16,9,7,7,1,6,9,2,7,44,30,14,89,29,60,35,17,18
S01007191,456,227,229,301,154,147,155,73,82,4,2,2,22,12,10,17,6,11,7,4,3,9,3,6,6,3,3,21,8,13,42,18,24,27,17,10
S01007192,451,214,237,269,133,136,182,81,101,5,1,4,20,14,6,14,7,7,12,6,6,6,1,5,8,3,5,26,10,16,50,17,33,41,22,19
S01007193,558,273,285,337,179,158,221,94,127,7,2,5,34,17,17,13,7,6,11,5,6,6,4,2,6,3,3,45,16,29,60,20,40,39,20,19
S01007194,432,201,231,223,107,116,209,94,115,8,4,4,32,20,12,10,5,5,4,2,2,12,6,6,8,3,5,27,7,20,64,27,37,44,20,24
S01007195,400,190,210,220,108,112,180,82,98,8,5,3,23,14,9,13,4,9,7,1,6,4,2,2,10,4,6,34,17,17,45,17,28,36,18,18
S01007196,522,241,281,315,163,152,207,78,129,6,2,4,37,17,20,25,9,16,15,3,12,7,1,6,7,1,6,31,15,16,47,16,31,32,14,18
S01007197,443,205,238,241,119,122,202,86,116,10,6,4,34,13,21,22,13,9,10,4,6,10,8,2,6,3,3,27,11,16,45,13,32,38,15,23
S01007198,369,165,204,211,105,106,158,60,98,10,4,6,15,8,7,15,5,10,10,7,3,9,2,7,11,3,8,22,8,14,28,10,18,38,13,25
S01007199,573,272,301,297,142,155,276,130,146,13,11,2,31,14,17,17,8,9,14,7,7,13,8,5,5,2,3,41,17,24,70,25,45,72,38,34
S01007200,667,330,337,440,224,216,227,106,121,9,5,4,25,14,11,22,14,8,13,8,5,11,5,6,7,2,5,46,16,30,56,20,36,38,22,16
S01007201,557,277,280,321,176,145,236,101,135,6,5,1,24,12,12,13,6,7,18,6,12,8,4,4,10,3,7,45,24,21,79,25,54,33,16,17
S01007202,571,278,293,333,181,152,238,97,141,6,4,2,30,12,18,22,8,14,23,7,16,10,2,8,16,9,7,49,22,27,49,16,33,33,17,16
S01007203,485,231,254,318,159,159,167,72,95,5,4,1,28,11,17,22,9,13,4,3,1,8,5,3,11,6,5,31,15,16,40,10,30,18,9,9
S01007204,778,377,401,511,265,246,267,112,155,7,2,5,36,14,22,23,13,10,13,6,7,14,4,10,10,5,5,51,22,29,65,26,39,48,20,28
S01007205,543,270,273,332,176,156,211,94,117,8,4,4,28,11,17,14,6,8,14,6,8,13,10,3,12,5,7,30,16,14,52,12,40,40,24,16
S01007206,282,137,145,179,98,81,103,39,64,5,5,0,8,4,4,9,2,7,8,2,6,6,2,4,3,0,3,22,9,13,31,11,20,11,4,7
S01007207,685,339,346,451,238,213,234,101,133,8,7,1,23,13,10,14,5,9,17,10,7,16,7,9,10,4,6,49,24,25,72,24,48,25,7,18
S01007208,729,363,366,438,236,202,291,127,164,17,14,3,48,24,24,44,16,28,16,6,10,10,6,4,9,1,8,40,13,27,72,32,40,35,15,20
S01007209,560,277,283,359,198,161,201,79,122,8,6,2,24,14,10,18,6,12,12,5,7,3,2,1,10,5,5,24,9,15,63,19,44,39,13,26
S01007210,565,269,296,372,198,174,193,71,122,10,4,6,28,14,14,10,5,5,15,2,13,7,3,4,8,2,6,26,12,14,52,16,36,37,13,24
S01007211,724,375,349,411,218,193,313,157,156,13,9,4,37,21,16,20,12,8,25,14,11,22,10,12,5,2,3,53,28,25,90,34,56,48,27,21
S01007212,421,208,213,275,150,125,146,58,88,5,2,3,17,6,11,12,5,7,10,3,7,9,3,6,3,1,2,27,11,16,42,17,25,21,10,11
S01007213,643,318,325,393,208,185,250,110,140,11,5,6,32,20,12,27,12,15,14,10,4,16,6,10,8,1,7,44,17,27,69,22,47,29,17,12
S01007214,544,265,279,321,159,162,223,106,117,11,6,5,26,15,11,28,18,10,12,5,7,9,4,5,11,5,6,37,15,22,58,25,33,31,13,18
S01007215,569,293,276,371,192,179,198,101,97,6,4,2,34,17,17,13,9,4,13,8,5,9,4,5,7,4,3,33,13,20,52,26,26,31,16,15
S01007216,524,256,268,349,187,162,175,69,106,4,3,1,10,7,3,19,8,11,15,7,8,12,5,7,2,1,1,26,7,19,64,23,41,23,8,15
S01007217,707,335,372,437,221,216,270,114,156,4,2,2,34,21,13,20,8,12,14,5,9,10,4,6,18,7,11,40,15,25,85,34,51,45,18,27
S01007218,652,329,323,429,244,185,223,85,138,10,6,4,24,8,16,17,6,11,19,6,13,11,8,3,7,4,3,52,20,32,64,19,45,19,8,11
S01007219,617,306,311,379,196,183,238,110,128,8,6,2,31,16,15,19,10,9,17,4,13,9,5,4,7,3,4,45,25,20,67,24,43,35,17,18
S01007220,511,258,253,337,179,158,174,79,95,1,0,1,22,6,16,11,8,3,7,5,2,8,3,5,6,3,3,39,18,21,47,21,26,33,15,18
S01007221,466,224,242,303,165,138,163,59,104,6,5,1,20,11,9,12,3,9,11,4,7,11,3,8,3,0,3,28,9,19,49,13,36,23,11,12
S01007222,604,296,308,389,213,176,215,83,132,5,3,2,19,6,13,16,6,10,7,2,5,12,5,7,8,4,4,45,18,27,66,25,41,37,14,23
S01007223,366,188,178,267,152,115,99,36,63,5,3,2,12,6,6,7,3,4,5,0,5,5,2,3,5,2,3,19,8,11,31,6,25,10,6,4
S01007224,420,198,222,274,143,131,146,55,91,5,2,3,16,8,8,7,2,5,12,4,8,4,0,4,4,2,2,32,14,18,56,18,38,10,5,5
S01007225,677,338,339,473,258,215,204,80,124,4,3,1,20,10,10,19,9,10,13,5,8,8,3,5,12,6,6,35,13,22,63,22,41,30,9,21
S01007226,612,308,304,424,237,187,188,71,117,4,1,3,22,10,12,11,7,4,13,7,6,11,3,8,7,3,4,26,11,15,57,11,46,37,18,19
S01007227,701,352,349,452,231,221,249,121,128,13,9,4,26,14,12,20,12,8,15,9,6,13,3,10,17,5,12,48,24,24,74,33,41,23,12,11
S01007228,480,246,234,324,182,142,156,64,92,5,2,3,25,14,11,14,5,9,11,5,6,5,1,4,5,3,2,24,9,15,43,13,30,24,12,12
S01007229,840,430,410,601,342,259,239,88,151,8,7,1,38,10,28,13,8,5,10,4,6,11,2,9,13,6,7,40,18,22,62,16,46,44,17,27
S01007230,536,269,267,314,166,148,222,103,119,11,7,4,28,14,14,22,9,13,21,8,13,5,3,2,10,2,8,24,11,13,46,23,23,55,26,29
S01007231,491,236,255,272,149,123,219,87,132,6,1,5,23,10,13,18,9,9,23,8,15,11,2,9,7,3,4,38,17,21,55,25,30,38,12,26
S01007232,530,265,265,300,152,148,230,113,117,16,12,4,26,14,12,21,9,12,10,6,4,7,2,5,8,5,3,42,23,19,55,25,30,45,17,28
S01007233,596,289,307,387,208,179,209,81,128,12,7,5,26,8,18,13,6,7,11,5,6,5,2,3,10,4,6,45,17,28,51,19,32,36,13,23
S01007234,431,205,226,270,136,134,161,69,92,7,3,4,21,14,7,10,4,6,11,5,6,12,5,7,8,2,6,18,8,10,43,15,28,31,13,18
S01007235,572,283,289,360,193,167,212,90,122,10,4,6,25,15,10,22,13,9,10,2,8,16,9,7,11,5,6,50,23,27,51,12,39,17,7,10
S01007236,452,225,227,312,163,149,140,62,78,8,3,5,23,10,13,16,9,7,10,5,5,8,3,5,5,1,4,17,7,10,33,11,22,20,13,7
S01007237,526,246,280,358,189,169,168,57,111,5,1,4,13,6,7,7,3,4,12,9,3,17,5,12,6,2,4,31,10,21,56,11,45,21,10,11
S01007238,696,334,362,459,236,223,237,98,139,14,7,7,25,17,8,15,9,6,12,4,8,13,4,9,16,5,11,38,18,20,73,19,54,31,15,16
S01007239,600,291,309,358,199,159,242,92,150,6,2,4,28,8,20,10,6,4,20,10,10,13,7,6,17,9,8,53,22,31,62,17,45,33,11,22
S01007240,440,224,216,291,163,128,149,61,88,5,1,4,20,12,8,16,8,8,12,5,7,9,2,7,4,2,2,23,13,10,42,10,32,18,8,10
S01007241,471,242,229,343,188,155,128,54,74,7,5,2,14,3,11,4,1,3,7,2,5,6,3,3,9,3,6,16,7,9,44,17,27,21,13,8
S01007242,727,340,387,466,233,233,261,107,154,7,2,5,28,16,12,20,10,10,16,5,11,16,6,10,5,4,1,38,16,22,104,39,65,27,9,18
S01007243,459,229,230,290,159,131,169,70,99,7,4,3,24,11,13,13,6,7,9,4,5,6,4,2,7,4,3,33,15,18,46,8,38,24,14,10
S01007244,569,284,285,352,189,163,217,95,122,8,4,4,22,14,8,16,6,10,11,7,4,10,4,6,14,8,6,46,26,20,71,19,52,19,7,12
S01007245,500,246,254,349,191,158,151,55,96,6,2,4,13,4,9,9,3,6,9,5,4,9,4,5,6,3,3,23,12,11,62,17,45,14,5,9
S01007246,444,231,213,304,172,132,140,59,81,4,2,2,19,8,11,10,6,4,14,6,8,6,3,3,9,4,5,20,10,10,38,9,29,20,11,9
S01007247,485,240,245,337,169,168,148,71,77,8,3,5,17,8,9,10,7,3,9,6,3,6,4,2,10,7,3,31,12,19,41,15,26,16,9,7
S01007248,571,282,289,354,192,162,217,90,127,1,1,0,22,11,11,15,8,7,18,11,7,9,6,3,15,6,9,47,20,27,63,14,49,27,13,14
S01007249,297,145,152,177,92,85,120,53,67,4,2,2,14,8,6,9,3,6,11,6,5,5,2,3,4,2,2,28,16,12,33,9,24,12,5,7
S01007250,627,314,313,456,235,221,171,79,92,8,5,3,19,11,8,14,5,9,16,8,8,6,4,2,9,6,3,33,16,17,37,9,28,29,15,14
S01007251,342,160,182,232,113,119,110,47,63,3,0,3,11,6,5,7,5,2,6,1,5,4,1,3,8,5,3,29,11,18,27,11,16,15,7,8
S01007252,586,289,297,399,223,176,187,66,121,11,3,8,17,6,11,17,5,12,16,8,8,9,3,6,9,3,6,38,14,24,36,8,28,34,16,18
S01007253,598,297,301,380,197,183,218,100,118,9,8,1,20,15,5,9,5,4,19,10,9,10,6,4,8,4,4,43,15,28,79,26,53,21,11,10
S01007254,574,267,307,343,172,171,231,95,136,9,4,5,32,15,17,12,7,5,12,6,6,6,2,4,7,3,4,36,10,26,58,19,39,59,29,30
S01007255,562,272,290,338,175,163,224,97,127,8,3,5,36,22,14,14,4,10,12,5,7,8,6,2,19,10,9,47,16,31,43,13,30,37,18,19
S01007256,563,276,287,391,203,188,172,73,99,9,5,4,23,11,12,17,7,10,12,6,6,16,5,11,9,5,4,24,10,14,38,11,27,24,13,11
S01007257,450,225,225,281,155,126,169,70,99,5,3,2,26,12,14,14,3,11,11,5,6,7,4,3,8,4,4,31,16,15,35,9,26,32,14,18
S01007258,618,305,313,381,200,181,237,105,132,6,4,2,30,18,12,17,5,12,13,6,7,10,4,6,12,6,6,53,23,30,52,17,35,44,22,22
S01007259,600,287,313,379,194,185,221,93,128,7,4,3,26,10,16,14,7,7,18,9,9,15,3,12,13,7,6,38,20,18,57,17,40,33,16,17
S01007260,663,317,346,409,208,201,254,109,145,13,11,2,39,14,25,22,12,10,21,11,10,12,2,10,9,3,6,35,15,20,48,17,31,55,24,31
S01007261,603,300,303,374,199,175,229,101,128,4,1,3,29,17,12,20,12,8,18,12,6,16,7,9,12,4,8,41,19,22,67,18,49,22,11,11
S01007262,533,257,276,343,171,172,190,86,104,6,3,3,27,15,12,22,10,12,10,6,4,8,4,4,10,4,6,43,19,24,34,10,24,30,15,15
S01007263,580,271,309,369,193,176,211,78,133,6,3,3,19,11,8,23,6,17,18,6,12,11,6,5,11,3,8,44,18,26,57,11,46,22,14,8
S01007264,544,270,274,350,194,156,194,76,118,7,5,2,23,5,18,18,6,12,8,4,4,9,4,5,12,6,6,39,18,21,52,16,36,26,12,14
S01007265,761,369,392,519,266,253,242,103,139,8,7,1,22,9,13,15,10,5,15,4,11,12,3,9,17,9,8,48,19,29,69,23,46,36,19,17
S01007266,511,253,258,367,196,171,144,57,87,2,1,1,17,12,5,9,4,5,7,1,6,5,0,5,4,3,1,31,17,14,50,15,35,19,4,15
S01007267,402,213,189,290,170,120,112,43,69,2,1,1,17,8,9,8,1,7,6,3,3,5,2,3,3,0,3,25,10,15,30,12,18,16,6,10
S01007268,461,240,221,312,170,142,149,70,79,6,4,2,13,6,7,11,4,7,10,5,5,5,1,4,9,4,5,30,13,17,36,17,19,29,16,13
S01007269,387,192,195,241,126,115,146,66,80,5,2,3,13,9,4,9,4,5,14,7,7,8,3,5,11,4,7,24,8,16,41,17,24,21,12,9
S01007270,345,172,173,264,141,123,81,31,50,3,2,1,6,3,3,7,4,3,5,1,4,6,2,4,6,3,3,11,4,7,22,5,17,15,7,8
S01007271,733,370,363,487,263,224,246,107,139,11,8,3,23,10,13,19,8,11,21,11,10,13,2,11,15,10,5,54,19,35,61,23,38,29,16,13
S01007272,596,284,312,360,183,177,236,101,135,12,8,4,32,17,15,19,9,10,17,10,7,8,1,7,10,2,8,37,14,23,65,23,42,36,17,19
S01007273,496,247,249,319,169,150,177,78,99,2,1,1,19,7,12,11,4,7,9,5,4,6,2,4,6,3,3,41,21,20,52,20,32,31,15,16
S01007274,602,317,285,390,207,183,212,110,102,8,4,4,32,23,9,15,10,5,13,9,4,9,6,3,14,6,8,35,18,17,58,21,37,28,13,15
S01007275,398,196,202,248,129,119,150,67,83,11,4,7,14,6,8,9,3,6,8,4,4,10,6,4,6,3,3,27,15,12,45,14,31,20,12,8
S01007276,604,289,315,387,206,181,217,83,134,6,3,3,28,13,15,16,4,12,10,4,6,8,3,5,12,3,9,42,19,23,55,15,40,40,19,21
S01007277,561,268,293,358,179,179,203,89,114,9,6,3,28,15,13,16,8,8,8,1,7,8,5,3,16,8,8,27,7,20,57,22,35,34,17,17
S01007278,391,183,208,262,136,126,129,47,82,3,2,1,16,10,6,8,3,5,8,2,6,5,1,4,4,3,1,18,4,14,45,11,34,22,11,11
S01007279,421,214,207,304,165,139,117,49,68,2,1,1,11,6,5,9,5,4,9,5,4,5,1,4,3,0,3,29,13,16,30,11,19,19,7,12
S01007280,426,219,207,281,161,120,145,58,87,4,1,3,20,11,9,14,5,9,9,4,5,13,4,9,4,2,2,26,8,18,42,19,23,13,4,9
S01007281,766,438,328,501,280,221,265,158,107,12,6,6,18,8,10,26,22,4,32,18,14,14,11,3,18,13,5,35,19,16,69,36,33,41,25,16
S01007282,406,208,198,295,164,131,111,44,67,2,0,2,10,7,3,11,5,6,5,3,2,9,2,7,1,0,1,22,9,13,29,8,21,22,10,12
S01007283,687,316,371,389,208,181,298,108,190,8,6,2,23,7,16,19,11,8,14,6,8,14,6,8,21,8,13,60,26,34,117,30,87,22,8,14
S01007284,601,275,326,406,199,207,195,76,119,7,3,4,16,5,11,14,4,10,9,2,7,18,6,12,4,2,2,38,16,22,62,29,33,27,9,18
S01007285,639,313,326,432,227,205,207,86,121,7,6,1,38,14,24,20,9,11,7,1,6,7,3,4,6,4,2,48,23,25,57,18,39,17,8,9
S01007286,707,338,369,490,257,233,217,81,136,11,2,9,39,19,20,18,5,13,20,7,13,8,1,7,11,5,6,49,22,27,45,15,30,16,5,11
S01007287,477,208,269,343,165,178,134,43,91,4,2,2,22,5,17,8,3,5,6,2,4,12,5,7,7,3,4,26,11,15,41,10,31,8,2,6
S01007288,438,214,224,302,160,142,136,54,82,3,1,2,15,3,12,11,6,5,9,5,4,7,1,6,10,4,6,25,12,13,44,19,25,12,3,9
S01007289,626,303,323,447,221,226,179,82,97,7,4,3,23,12,11,19,10,9,11,4,7,9,4,5,13,9,4,40,16,24,40,13,27,17,10,7
S01007290,504,239,265,359,176,183,145,63,82,9,5,4,36,18,18,14,4,10,11,2,9,5,3,2,4,2,2,14,3,11,25,10,15,27,16,11
S01007291,479,217,262,313,153,160,166,64,102,8,2,6,25,14,11,11,6,5,10,4,6,5,3,2,12,4,8,23,11,12,50,12,38,22,8,14
S01007292,593,295,298,423,224,199,170,71,99,7,2,5,31,18,13,15,5,10,10,5,5,10,5,5,13,6,7,32,8,24,33,10,23,19,12,7
S01007293,547,250,297,406,197,209,141,53,88,12,3,9,33,18,15,23,7,16,2,0,2,7,1,6,7,6,1,18,6,12,21,5,16,18,7,11
S01007294,684,338,346,477,243,234,207,95,112,12,6,6,37,15,22,18,8,10,5,2,3,9,6,3,10,6,4,34,15,19,51,16,35,31,21,10
S01007295,370,187,183,227,123,104,143,64,79,7,1,6,22,11,11,9,2,7,7,4,3,13,4,9,6,2,4,15,11,4,38,14,24,26,15,11
S01007296,464,250,214,319,178,141,145,72,73,13,6,7,19,11,8,13,9,4,9,5,4,10,6,4,9,3,6,23,11,12,34,11,23,15,10,5
S01007297,728,377,351,542,294,248,186,83,103,11,10,1,31,9,22,16,6,10,8,4,4,12,5,7,9,5,4,28,13,15,53,21,32,18,10,8
S01007298,395,188,207,279,143,136,116,45,71,7,4,3,26,10,16,3,0,3,6,0,6,12,6,6,2,1,1,23,11,12,27,9,18,10,4,6
S01007299,650,324,326,483,255,228,167,69,98,11,5,6,36,12,24,13,6,7,9,4,5,8,5,3,8,1,7,22,10,12,42,16,26,18,10,8
S01007300,355,181,174,250,138,112,105,43,62,9,5,4,17,7,10,11,4,7,14,5,9,3,3,0,4,2,2,13,2,11,24,10,14,10,5,5
S01007301,548,269,279,386,198,188,162,71,91,4,1,3,19,10,9,13,8,5,12,7,5,5,3,2,14,4,10,35,14,21,48,18,30,12,6,6
S01007302,465,229,236,318,163,155,147,66,81,7,5,2,28,12,16,10,5,5,8,6,2,11,7,4,6,4,2,16,6,10,46,13,33,15,8,7
S01007303,658,326,332,457,244,213,201,82,119,8,3,5,34,15,19,15,5,10,10,4,6,10,8,2,12,2,10,26,14,12,63,22,41,23,9,14
S01007304,501,248,253,326,172,154,175,76,99,7,3,4,24,11,13,11,6,5,9,5,4,14,6,8,8,2,6,33,13,20,52,21,31,17,9,8
S01007305,544,261,283,393,206,187,151,55,96,6,3,3,17,4,13,7,2,5,6,2,4,10,3,7,8,1,7,28,10,18,51,21,30,18,9,9
S01007306,551,256,295,367,185,182,184,71,113,9,5,4,31,15,16,13,5,8,7,4,3,18,8,10,9,3,6,33,9,24,47,18,29,17,4,13
S01007307,611,315,296,424,229,195,187,86,101,8,3,5,24,10,14,11,4,7,9,4,5,8,5,3,12,5,7,46,22,24,54,24,30,15,9,6
S01007308,628,313,315,412,218,194,216,95,121,6,3,3,25,12,13,16,6,10,13,6,7,9,4,5,9,6,3,52,21,31,66,28,38,20,9,11
S01007309,505,261,244,344,191,153,161,70,91,7,4,3,22,6,16,17,6,11,3,1,2,11,6,5,9,5,4,36,16,20,41,19,22,15,7,8
S01007310,601,286,315,349,188,161,252,98,154,5,3,2,37,10,27,15,3,12,13,7,6,12,5,7,6,2,4,44,22,22,94,32,62,26,14,12
S01007311,592,305,287,447,239,208,145,66,79,3,2,1,28,13,15,16,8,8,11,4,7,4,1,3,7,2,5,19,8,11,47,23,24,10,5,5
S01007312,543,252,291,344,176,168,199,76,123,10,3,7,17,7,10,16,8,8,17,5,12,10,5,5,9,5,4,44,18,26,61,19,42,15,6,9
S01007313,753,378,375,509,274,235,244,104,140,6,1,5,30,13,17,17,9,8,12,6,6,13,8,5,16,9,7,64,27,37,67,22,45,19,9,10
S01007314,493,245,248,371,194,177,122,51,71,4,4,0,20,10,10,12,7,5,6,2,4,0,0,0,11,4,7,22,9,13,26,7,19,21,8,13
S01007315,700,344,356,503,266,237,197,78,119,11,2,9,25,15,10,13,6,7,11,3,8,10,4,6,6,3,3,44,17,27,54,16,38,23,12,11
S01007316,648,311,337,392,191,201,256,120,136,10,5,5,18,9,9,19,6,13,14,10,4,10,3,7,16,9,7,42,22,20,86,31,55,41,25,16
S01007317,490,238,252,354,179,175,136,59,77,5,2,3,19,10,9,14,9,5,7,1,6,3,1,2,4,2,2,19,9,10,29,11,18,36,14,22
S01007318,439,205,234,295,143,152,144,62,82,3,2,1,15,8,7,18,6,12,15,6,9,7,2,5,4,2,2,24,10,14,47,20,27,11,6,5
S01007319,546,284,262,373,205,168,173,79,94,6,5,1,18,9,9,16,5,11,11,4,7,13,8,5,8,4,4,37,20,17,51,18,33,13,6,7
S01007320,557,273,284,373,198,175,184,75,109,4,2,2,25,11,14,8,5,3,3,0,3,14,7,7,5,2,3,48,17,31,51,15,36,26,16,10
S01007321,482,245,237,310,166,144,172,79,93,4,1,3,16,8,8,16,7,9,9,3,6,6,3,3,8,4,4,40,22,18,61,27,34,12,4,8
S01007322,552,273,279,363,203,160,189,70,119,5,3,2,29,7,22,14,7,7,11,3,8,17,6,11,11,7,4,25,9,16,54,15,39,23,13,10
S01007323,342,169,173,255,134,121,87,35,52,5,2,3,13,7,6,7,0,7,6,4,2,6,4,2,5,2,3,18,6,12,21,8,13,6,2,4
S01007324,258,115,143,168,81,87,90,34,56,5,2,3,18,4,14,6,1,5,5,1,4,3,1,2,2,1,1,14,5,9,27,14,13,10,5,5
S01007325,599,285,314,389,200,189,210,85,125,10,7,3,26,6,20,16,4,12,13,5,8,10,5,5,10,3,7,40,19,21,65,26,39,20,10,10
S01007326,592,303,289,385,209,176,207,94,113,10,5,5,29,18,11,17,9,8,11,4,7,11,6,5,12,6,6,42,19,23,54,19,35,21,8,13
S01007327,563,274,289,367,191,176,196,83,113,5,1,4,23,12,11,14,6,8,16,6,10,4,1,3,13,7,6,36,14,22,57,20,37,28,16,12
S01007328,633,309,324,417,216,201,216,93,123,6,4,2,25,8,17,12,7,5,13,4,9,7,3,4,11,6,5,31,15,16,74,32,42,37,14,23
S01007329,507,242,265,340,176,164,167,66,101,8,2,6,12,7,5,12,2,10,10,3,7,11,7,4,9,4,5,38,17,21,43,14,29,24,10,14
S01007330,571,286,285,339,176,163,232,110,122,11,7,4,23,13,10,18,5,13,11,8,3,8,5,3,13,5,8,39,20,19,94,38,56,15,9,6
S01007331,732,382,350,511,277,234,221,105,116,4,2,2,34,21,13,14,7,7,12,7,5,8,4,4,12,4,8,40,19,21,68,25,43,29,16,13
S01007332,385,197,188,239,131,108,146,66,80,4,2,2,17,10,7,4,2,2,6,4,2,4,1,3,6,3,3,31,16,15,47,16,31,27,12,15
S01007333,574,273,301,363,186,177,211,87,124,10,5,5,29,12,17,18,12,6,18,8,10,13,5,8,9,1,8,29,13,16,62,18,44,23,13,10
S01007334,509,249,260,275,143,132,234,106,128,11,3,8,37,27,10,17,9,8,5,3,2,11,4,7,10,1,9,39,24,15,67,22,45,37,13,24
S01007335,586,269,317,340,166,174,246,103,143,3,1,2,33,17,16,18,10,8,17,6,11,10,4,6,9,1,8,42,23,19,77,29,48,37,12,25
S01007336,400,241,159,227,142,85,173,99,74,3,2,1,16,12,4,19,13,6,14,10,4,6,3,3,6,4,2,26,13,13,49,24,25,34,18,16
S01007337,454,211,243,260,125,135,194,86,108,9,3,6,22,10,12,10,7,3,8,3,5,12,7,5,8,6,2,29,14,15,78,29,49,18,7,11
S01007338,554,265,289,362,185,177,192,80,112,1,1,0,23,10,13,15,5,10,4,1,3,8,2,6,8,4,4,22,11,11,78,29,49,33,17,16
S01007339,437,213,224,278,140,138,159,73,86,3,2,1,14,9,5,14,9,5,8,2,6,11,6,5,11,5,6,27,10,17,54,20,34,17,10,7
S01007340,349,174,175,183,95,88,166,79,87,5,0,5,14,7,7,13,7,6,13,10,3,13,2,11,6,3,3,33,19,14,51,22,29,18,9,9
S01007341,538,270,268,272,150,122,266,120,146,9,5,4,25,11,14,13,5,8,19,4,15,22,13,9,11,5,6,43,20,23,96,45,51,28,12,16
S01007342,622,293,329,369,191,178,253,102,151,7,4,3,33,12,21,17,6,11,8,3,5,13,6,7,9,2,7,55,26,29,83,33,50,28,10,18
S01007343,483,244,239,319,173,146,164,71,93,7,5,2,15,4,11,7,4,3,15,7,8,7,2,5,13,6,7,26,15,11,56,21,35,18,7,11
S01007344,320,155,165,184,95,89,136,60,76,1,1,0,9,2,7,7,3,4,8,5,3,5,2,3,2,2,0,21,12,9,62,25,37,21,8,13
S01007345,400,184,216,225,108,117,175,76,99,7,6,1,28,18,10,21,11,10,7,3,4,5,0,5,3,0,3,27,11,16,47,18,29,30,9,21
S01007346,416,210,206,215,113,102,201,97,104,3,2,1,37,19,18,20,14,6,9,5,4,6,3,3,6,2,4,28,13,15,70,31,39,22,8,14
S01007347,475,234,241,228,111,117,247,123,124,6,3,3,32,16,16,21,10,11,12,10,2,15,7,8,9,5,4,37,18,19,73,35,38,42,19,23
S01007348,422,197,225,244,127,117,178,70,108,5,2,3,23,14,9,11,5,6,11,1,10,6,3,3,9,2,7,24,8,16,55,22,33,34,13,21
S01007349,316,140,176,182,91,91,134,49,85,4,4,0,16,8,8,10,5,5,12,2,10,4,0,4,8,1,7,21,11,10,43,14,29,16,4,12
S01007350,414,217,197,243,130,113,171,87,84,4,2,2,23,13,10,10,6,4,6,1,5,13,6,7,10,5,5,25,15,10,58,28,30,22,11,11
S01007351,467,241,226,264,145,119,203,96,107,3,2,1,16,11,5,17,10,7,17,6,11,13,8,5,6,4,2,37,17,20,85,35,50,9,3,6
S01007352,411,218,193,243,149,94,168,69,99,5,2,3,24,11,13,6,2,4,16,7,9,9,6,3,11,3,8,25,15,10,60,19,41,12,4,8
S01007353,475,220,255,264,139,125,211,81,130,9,3,6,20,7,13,20,9,11,8,4,4,16,5,11,12,3,9,48,21,27,62,21,41,16,8,8
S01007354,583,289,294,313,166,147,270,123,147,8,3,5,26,11,15,21,6,15,11,9,2,21,10,11,13,5,8,54,28,26,87,35,52,29,16,13
S01007355,734,385,349,431,245,186,303,140,163,11,5,6,35,21,14,27,12,15,15,7,8,18,7,11,12,1,11,61,28,33,104,51,53,20,8,12
S01007356,552,252,300,289,151,138,263,101,162,11,4,7,30,14,16,21,7,14,13,4,9,18,4,14,7,2,5,42,13,29,100,43,57,21,10,11
S01007357,573,283,290,369,185,184,204,98,106,4,2,2,26,16,10,10,3,7,15,6,9,14,6,8,11,9,2,40,25,15,66,26,40,18,5,13
S01007358,712,368,344,506,286,220,206,82,124,3,2,1,32,16,16,14,4,10,15,6,9,15,5,10,12,7,5,38,15,23,56,18,38,21,9,12
S01007359,584,276,308,329,168,161,255,108,147,7,4,3,26,14,12,11,6,5,23,8,15,9,5,4,10,3,7,43,21,22,93,33,60,33,14,19
S01007360,424,209,215,220,114,106,204,95,109,6,2,4,21,11,10,9,4,5,12,7,5,11,3,8,12,7,5,41,21,20,74,28,46,18,12,6
S01007361,733,355,378,435,222,213,298,133,165,6,4,2,37,19,18,26,10,16,19,7,12,13,11,2,12,5,7,50,25,25,113,45,68,22,7,15
S01007362,526,253,273,326,167,159,200,86,114,6,5,1,21,13,8,10,4,6,7,4,3,9,4,5,6,4,2,35,13,22,83,25,58,23,14,9
S01007363,497,237,260,253,128,125,244,109,135,9,5,4,24,9,15,21,12,9,20,10,10,11,5,6,7,2,5,44,24,20,89,34,55,19,8,11
S01007364,633,281,352,343,154,189,290,127,163,17,7,10,46,19,27,17,7,10,14,8,6,11,4,7,10,2,8,35,15,20,88,33,55,52,32,20
S01007365,327,154,173,202,97,105,125,57,68,4,4,0,24,15,9,13,6,7,7,1,6,6,1,5,5,3,2,22,5,17,27,13,14,17,9,8
S01007366,328,158,170,149,78,71,179,80,99,5,3,2,17,12,5,17,8,9,7,1,6,8,3,5,7,4,3,24,12,12,57,19,38,37,18,19
S01007367,420,197,223,250,124,126,170,73,97,4,2,2,17,7,10,15,5,10,13,9,4,7,2,5,5,1,4,33,16,17,59,26,33,17,5,12
S01007368,376,168,208,200,93,107,176,75,101,7,4,3,25,12,13,18,8,10,7,2,5,6,4,2,8,1,7,15,6,9,61,24,37,29,14,15
S01007369,588,299,289,360,190,170,228,109,119,4,2,2,37,18,19,20,9,11,17,6,11,4,2,2,7,4,3,33,17,16,78,33,45,28,18,10
S01007370,588,284,304,378,191,187,210,93,117,20,8,12,38,23,15,26,9,17,11,5,6,12,8,4,4,2,2,28,6,22,43,18,25,28,14,14
S01007371,508,242,266,335,161,174,173,81,92,9,4,5,20,13,7,21,12,9,14,7,7,7,4,3,6,3,3,29,9,20,43,14,29,24,15,9
S01007372,608,310,298,365,196,169,243,114,129,11,7,4,24,14,10,23,14,9,7,4,3,10,2,8,10,3,7,38,16,22,100,39,61,20,15,5
S01007373,473,238,235,259,148,111,214,90,124,5,2,3,25,15,10,15,7,8,11,4,7,2,0,2,10,6,4,48,17,31,69,26,43,29,13,16
S01007374,408,204,204,269,140,129,139,64,75,3,2,1,17,11,6,15,8,7,9,4,5,8,3,5,9,6,3,21,8,13,41,15,26,16,7,9
S01007375,354,175,179,204,112,92,150,63,87,9,6,3,20,11,9,9,4,5,12,4,8,10,2,8,7,3,4,26,12,14,42,15,27,15,6,9
S01007376,631,297,334,360,172,188,271,125,146,5,2,3,22,14,8,17,11,6,25,11,14,10,6,4,13,5,8,45,22,23,74,32,42,60,22,38
S01007377,507,248,259,339,185,154,168,63,105,8,3,5,14,8,6,9,4,5,9,3,6,5,1,4,6,3,3,43,17,26,52,16,36,22,8,14
S01007378,1330,1076,254,1164,1002,162,166,74,92,10,8,2,17,10,7,14,3,11,7,0,7,8,3,5,11,6,5,29,12,17,43,17,26,27,15,12
S01007379,338,159,179,208,110,98,130,49,81,3,1,2,14,6,8,13,6,7,9,2,7,5,2,3,4,1,3,24,9,15,39,14,25,19,8,11
S01007380,425,212,213,290,154,136,135,58,77,4,2,2,23,12,11,17,5,12,9,2,7,5,3,2,7,4,3,15,5,10,28,10,18,27,15,12
S01007381,343,170,173,197,106,91,146,64,82,10,8,2,15,9,6,12,6,6,2,1,1,10,2,8,11,5,6,35,13,22,35,12,23,16,8,8
S01007382,494,244,250,325,175,150,169,69,100,5,5,0,15,7,8,16,8,8,7,1,6,3,2,1,6,3,3,35,16,19,52,13,39,30,14,16
S01007383,571,280,291,346,191,155,225,89,136,5,3,2,30,14,16,12,5,7,16,5,11,8,4,4,11,6,5,32,11,21,86,27,59,25,14,11
S01007384,557,266,291,384,200,184,173,66,107,5,2,3,36,13,23,8,3,5,11,4,7,7,4,3,6,3,3,27,8,19,49,14,35,24,15,9
S01007385,611,281,330,362,188,174,249,93,156,5,5,0,25,11,14,22,12,10,14,7,7,13,5,8,9,6,3,29,9,20,105,29,76,27,9,18
S01007386,599,286,313,354,185,169,245,101,144,8,5,3,23,13,10,17,9,8,14,4,10,13,4,9,9,5,4,56,28,28,71,18,53,34,15,19
S01007387,600,296,304,365,203,162,235,93,142,9,2,7,27,13,14,23,11,12,18,6,12,7,1,6,12,6,6,46,23,23,64,21,43,29,10,19
S01007388,530,264,266,342,171,171,188,93,95,5,3,2,24,15,9,13,8,5,8,4,4,10,5,5,3,1,2,46,25,21,49,14,35,30,18,12
S01007389,383,190,193,258,155,103,125,35,90,11,3,8,22,5,17,16,2,14,9,1,8,4,0,4,2,2,0,22,6,16,14,3,11,25,13,12
S01007390,362,155,207,258,130,128,104,25,79,4,0,4,19,5,14,8,3,5,11,1,10,5,1,4,4,1,3,22,1,21,9,1,8,22,12,10
S01007391,444,215,229,282,153,129,162,62,100,6,2,4,16,8,8,15,5,10,9,5,4,17,7,10,6,2,4,30,12,18,41,8,33,22,13,9
S01007392,345,163,182,203,112,91,142,51,91,4,1,3,17,6,11,22,4,18,8,3,5,7,3,4,3,1,2,23,11,12,45,18,27,13,4,9
S01007393,485,229,256,247,129,118,238,100,138,11,6,5,28,14,14,12,5,7,9,6,3,13,4,9,7,3,4,42,15,27,67,18,49,49,29,20
S01007394,429,207,222,242,127,115,187,80,107,4,1,3,23,10,13,9,5,4,8,5,3,6,6,0,10,4,6,42,14,28,61,20,41,24,15,9
S01007395,610,334,276,388,223,165,222,111,111,15,5,10,39,27,12,12,3,9,14,3,11,11,9,2,6,0,6,50,30,20,53,21,32,22,13,9
S01007396,614,287,327,377,192,185,237,95,142,8,3,5,28,17,11,23,8,15,17,11,6,4,0,4,13,5,8,37,9,28,70,25,45,37,17,20
S01007397,698,344,354,435,242,193,263,102,161,9,5,4,20,9,11,18,8,10,15,7,8,13,5,8,5,2,3,51,19,32,93,31,62,39,16,23
S01007398,492,222,270,287,126,161,205,96,109,5,3,2,24,13,11,21,9,12,11,3,8,10,3,7,8,5,3,31,13,18,55,27,28,40,20,20
S01007399,485,246,239,249,126,123,236,120,116,3,1,2,32,19,13,24,15,9,15,8,7,8,5,3,12,4,8,34,17,17,56,27,29,52,24,28
S01007400,522,254,268,330,162,168,192,92,100,7,3,4,22,12,10,16,8,8,15,9,6,10,6,4,5,4,1,37,17,20,52,17,35,28,16,12
S01007401,514,246,268,349,181,168,165,65,100,8,3,5,12,3,9,11,4,7,8,4,4,10,7,3,9,5,4,25,8,17,49,14,35,33,17,16
S01007402,458,219,239,310,159,151,148,60,88,5,2,3,14,11,3,4,2,2,8,1,7,7,3,4,8,2,6,27,8,19,50,18,32,25,13,12
S01007403,534,265,269,408,233,175,126,32,94,4,1,3,23,7,16,15,2,13,14,3,11,11,0,11,6,0,6,19,5,14,9,1,8,25,13,12
S01007404,326,177,149,223,129,94,103,48,55,7,4,3,16,11,5,6,1,5,8,5,3,8,4,4,5,1,4,17,7,10,22,6,16,14,9,5
S01007405,505,250,255,356,186,170,149,64,85,7,2,5,18,8,10,11,8,3,7,4,3,8,6,2,3,1,2,28,9,19,40,13,27,27,13,14
S01007406,458,226,232,293,150,143,165,76,89,4,1,3,22,14,8,21,12,9,11,6,5,10,4,6,9,4,5,32,15,17,40,13,27,16,7,9
S01007407,516,263,253,340,181,159,176,82,94,1,0,1,21,11,10,8,6,2,11,5,6,12,6,6,12,5,7,36,20,16,49,13,36,26,16,10
S01007408,443,211,232,281,137,144,162,74,88,6,3,3,21,11,10,17,11,6,9,4,5,4,3,1,8,3,5,21,8,13,51,21,30,25,10,15
S01007409,534,258,276,373,198,175,161,60,101,3,1,2,19,8,11,15,7,8,12,6,6,2,0,2,1,0,1,26,8,18,59,16,43,24,14,10
S01007410,502,229,273,258,138,120,244,91,153,9,3,6,17,7,10,16,6,10,11,6,5,7,1,6,10,3,7,37,12,25,92,32,60,45,21,24
S01007411,639,305,334,346,172,174,293,133,160,11,8,3,43,23,20,22,9,13,9,5,4,10,3,7,10,4,6,41,19,22,93,33,60,54,29,25
S01007412,348,173,175,206,113,93,142,60,82,6,4,2,12,7,5,8,5,3,9,5,4,3,2,1,1,0,1,23,6,17,53,17,36,27,14,13
S01007413,704,343,361,528,264,264,176,79,97,5,3,2,28,16,12,20,10,10,8,5,3,4,1,3,11,4,7,30,9,21,40,12,28,30,19,11
S01007414,512,250,262,398,207,191,114,43,71,2,1,1,13,4,9,9,5,4,4,2,2,5,3,2,5,3,2,22,8,14,34,10,24,20,7,13
S01007415,634,300,334,367,185,182,267,115,152,6,5,1,27,19,8,13,6,7,12,4,8,13,3,10,6,1,5,37,14,23,111,40,71,42,23,19
S01007416,411,184,227,197,97,100,214,87,127,8,3,5,18,4,14,23,16,7,14,8,6,9,2,7,12,3,9,27,14,13,55,17,38,48,20,28
S01007417,767,364,403,549,284,265,218,80,138,6,2,4,23,10,13,17,8,9,12,3,9,12,3,9,17,6,11,53,20,33,48,12,36,30,16,14
S01007418,500,235,265,297,147,150,203,88,115,4,3,1,19,7,12,14,6,8,13,6,7,7,5,2,4,1,3,22,9,13,83,35,48,37,16,21
S01007419,632,303,329,360,190,170,272,113,159,14,7,7,34,18,16,21,10,11,14,4,10,13,5,8,13,4,9,27,11,16,74,26,48,62,28,34
S01007420,1259,963,296,563,359,204,696,604,92,11,5,6,62,52,10,80,70,10,79,71,8,28,25,3,34,31,3,101,92,9,115,85,30,186,173,13
S01007421,498,246,252,351,185,166,147,61,86,11,6,5,15,9,6,9,7,2,6,0,6,8,2,6,10,5,5,20,5,15,43,17,26,25,10,15
S01007422,429,204,225,278,141,137,151,63,88,6,4,2,16,8,8,11,7,4,13,5,8,7,2,5,4,1,3,23,8,15,51,15,36,20,13,7
S01007423,553,274,279,409,213,196,144,61,83,5,2,3,17,10,7,9,5,4,7,2,5,11,3,8,2,0,2,28,12,16,49,20,29,16,7,9
S01007424,602,281,321,405,209,196,197,72,125,5,3,2,20,8,12,14,7,7,13,5,8,8,4,4,10,2,8,27,8,19,77,25,52,23,10,13
S01007425,670,327,343,421,219,202,249,108,141,10,6,4,31,16,15,25,15,10,16,7,9,9,4,5,12,5,7,45,18,27,71,19,52,30,18,12
S01007426,480,236,244,289,150,139,191,86,105,10,6,4,23,17,6,18,9,9,15,9,6,10,4,6,6,3,3,40,14,26,47,13,34,22,11,11
S01007427,496,233,263,265,125,140,231,108,123,10,8,2,28,12,16,19,12,7,17,12,5,11,4,7,9,3,6,38,16,22,76,29,47,23,12,11
S01007428,660,319,341,415,216,199,245,103,142,6,2,4,35,22,13,22,11,11,18,9,9,10,4,6,14,3,11,46,16,30,69,25,44,25,11,14
S01007429,563,277,286,383,194,189,180,83,97,9,4,5,21,9,12,22,12,10,7,3,4,3,1,2,3,2,1,25,9,16,55,25,30,35,18,17
S01007430,355,169,186,220,111,109,135,58,77,12,6,6,11,7,4,19,11,8,11,3,8,5,4,1,6,2,4,19,10,9,44,13,31,8,2,6
S01007431,448,219,229,300,147,153,148,72,76,8,4,4,19,10,9,19,11,8,6,2,4,9,5,4,4,2,2,27,14,13,33,11,22,23,13,10
S01007432,661,301,360,390,202,188,271,99,172,7,3,4,25,10,15,16,3,13,11,2,9,10,3,7,11,5,6,47,21,26,91,33,58,53,19,34
S01007433,605,296,309,365,194,171,240,102,138,5,2,3,22,13,9,15,9,6,13,5,8,9,6,3,10,2,8,40,18,22,94,31,63,32,16,16
S01007434,384,196,188,221,121,100,163,75,88,7,2,5,18,10,8,14,12,2,7,4,3,8,4,4,5,4,1,40,16,24,41,13,28,23,10,13
S01007435,532,264,268,341,170,171,191,94,97,2,2,0,25,11,14,16,9,7,16,9,7,7,2,5,6,4,2,35,16,19,62,28,34,22,13,9
S01007436,504,231,273,298,145,153,206,86,120,16,6,10,28,15,13,18,14,4,15,10,5,9,3,6,6,2,4,32,8,24,54,19,35,28,9,19
S01007437,338,173,165,201,113,88,137,60,77,4,1,3,24,14,10,10,4,6,9,5,4,5,2,3,7,3,4,20,8,12,37,12,25,21,11,10
S01007438,520,262,258,304,174,130,216,88,128,12,4,8,24,12,12,24,10,14,15,5,10,8,4,4,15,3,12,30,17,13,70,28,42,18,5,13
S01007439,547,273,274,325,178,147,222,95,127,10,5,5,24,13,11,17,10,7,19,9,10,6,2,4,10,4,6,35,15,20,77,25,52,24,12,12
S01007440,481,239,242,306,161,145,175,78,97,8,4,4,19,11,8,18,10,8,7,4,3,4,1,3,4,0,4,27,12,15,56,19,37,32,17,15
S01007441,439,206,233,290,142,148,149,64,85,4,1,3,17,11,6,8,4,4,11,6,5,7,3,4,8,3,5,33,13,20,47,15,32,14,8,6
S01007442,382,188,194,249,130,119,133,58,75,5,3,2,15,5,10,11,5,6,10,8,2,7,3,4,4,2,2,30,14,16,36,11,25,15,7,8
S01007443,649,318,331,350,185,165,299,133,166,2,1,1,29,15,14,17,10,7,16,6,10,14,5,9,16,7,9,50,24,26,82,26,56,73,39,34
S01007444,657,312,345,408,213,195,249,99,150,14,7,7,24,14,10,13,5,8,17,10,7,6,3,3,14,8,6,44,10,34,74,21,53,43,21,22
S01007445,472,232,240,287,149,138,185,83,102,3,2,1,22,12,10,8,4,4,14,7,7,12,8,4,10,3,7,39,18,21,56,16,40,21,13,8
S01007446,382,173,209,249,123,126,133,50,83,5,3,2,16,8,8,8,3,5,4,2,2,7,1,6,4,3,1,21,7,14,44,12,32,24,11,13
S01007447,384,194,190,236,133,103,148,61,87,3,2,1,14,9,5,8,1,7,9,6,3,5,3,2,4,3,1,36,16,20,51,14,37,18,7,11
S01007448,674,339,335,422,230,192,252,109,143,8,5,3,26,12,14,19,11,8,19,10,9,16,8,8,10,4,6,40,17,23,85,26,59,29,16,13
S01007449,757,364,393,440,222,218,317,142,175,10,5,5,24,13,11,38,22,16,14,6,8,19,8,11,14,5,9,47,17,30,101,45,56,50,21,29
S01007450,549,259,290,300,155,145,249,104,145,7,4,3,27,12,15,26,11,15,14,12,2,7,4,3,6,2,4,34,13,21,75,26,49,53,20,33
S01007451,477,225,252,304,147,157,173,78,95,3,3,0,22,13,9,18,9,9,8,4,4,5,2,3,11,5,6,23,12,11,58,18,40,25,12,13
S01007452,382,190,192,215,112,103,167,78,89,8,2,6,13,8,5,14,9,5,12,7,5,9,3,6,3,2,1,20,11,9,56,21,35,32,15,17
S01007453,450,221,229,345,179,166,105,42,63,5,2,3,14,8,6,12,3,9,4,1,3,7,2,5,2,1,1,13,4,9,20,5,15,28,16,12
S01007454,399,200,199,251,128,123,148,72,76,1,0,1,22,13,9,8,5,3,8,1,7,3,3,0,1,0,1,21,11,10,55,27,28,29,12,17
S01007455,639,288,351,365,186,179,274,102,172,11,4,7,32,16,16,19,4,15,14,9,5,12,2,10,13,4,9,39,18,21,84,26,58,50,19,31
S01007456,624,276,348,367,171,196,257,105,152,11,4,7,34,15,19,26,12,14,21,9,12,10,2,8,8,2,6,30,13,17,66,31,35,51,17,34
S01007457,796,397,399,479,246,233,317,151,166,8,4,4,29,18,11,21,17,4,15,10,5,16,7,9,16,4,12,40,21,19,98,35,63,74,35,39
S01007458,385,182,203,278,139,139,107,43,64,4,1,3,7,4,3,8,6,2,6,3,3,1,0,1,5,3,2,24,9,15,36,8,28,16,9,7
S01007459,474,220,254,292,146,146,182,74,108,5,3,2,17,8,9,15,8,7,12,6,6,6,4,2,9,5,4,21,12,9,83,24,59,14,4,10
S01007460,568,278,290,325,170,155,243,108,135,8,6,2,22,7,15,23,13,10,13,7,6,11,6,5,8,3,5,32,10,22,88,39,49,38,17,21
S01007461,529,250,279,253,120,133,276,130,146,5,3,2,30,20,10,20,8,12,24,10,14,7,1,6,14,7,7,33,19,14,78,33,45,65,29,36
S01007462,626,305,321,431,217,214,195,88,107,7,5,2,13,5,8,16,9,7,9,4,5,7,1,6,4,0,4,32,14,18,57,23,34,50,27,23
S01007463,698,327,371,324,168,156,374,159,215,8,5,3,30,20,10,23,9,14,18,8,10,18,5,13,10,4,6,47,22,25,118,45,73,102,41,61
S01007464,497,230,267,242,130,112,255,100,155,19,6,13,17,7,10,23,8,15,16,11,5,9,4,5,10,5,5,40,13,27,75,22,53,46,24,22
S01007465,567,281,286,233,122,111,334,159,175,8,1,7,34,22,12,30,14,16,17,6,11,5,2,3,14,7,7,49,24,25,96,44,52,81,39,42
S01007466,802,425,377,403,201,202,399,224,175,15,9,6,40,24,16,23,18,5,24,14,10,11,8,3,22,9,13,68,37,31,106,52,54,90,53,37
S01007467,720,346,374,429,218,211,291,128,163,7,2,5,44,23,21,14,4,10,17,10,7,16,6,10,6,3,3,33,15,18,114,44,70,40,21,19
S01007468,578,284,294,410,219,191,168,65,103,7,4,3,18,7,11,6,1,5,10,7,3,7,1,6,8,4,4,35,14,21,54,18,36,23,9,14
S01007469,434,211,223,278,140,138,156,71,85,5,2,3,13,9,4,15,7,8,14,5,9,8,5,3,8,3,5,26,11,15,39,17,22,28,12,16
S01007470,492,242,250,271,143,128,221,99,122,9,7,2,37,20,17,12,4,8,10,5,5,7,5,2,3,1,2,24,10,14,66,29,37,53,18,35
S01007471,353,169,184,250,128,122,103,41,62,3,1,2,6,4,2,6,1,5,5,3,2,3,1,2,8,5,3,19,7,12,33,9,24,20,10,10
S01007472,406,178,228,223,114,109,183,64,119,5,1,4,21,9,12,9,6,3,15,8,7,3,1,2,8,3,5,27,10,17,79,20,59,16,6,10
S01007473,339,160,179,207,101,106,132,59,73,3,0,3,13,5,8,7,4,3,8,5,3,1,0,1,6,4,2,25,12,13,51,19,32,18,10,8
S01007474,419,203,216,296,146,150,123,57,66,4,2,2,17,9,8,10,4,6,11,7,4,5,2,3,7,4,3,21,10,11,36,10,26,12,9,3
S01007475,463,224,239,313,152,161,150,72,78,3,2,1,22,12,10,15,7,8,5,4,1,5,1,4,5,4,1,29,11,18,47,18,29,19,13,6
S01007476,475,220,255,292,143,149,183,77,106,8,4,4,11,9,2,11,5,6,7,3,4,9,2,7,8,3,5,32,16,16,77,25,52,20,10,10
S01007477,403,196,207,273,140,133,130,56,74,3,1,2,16,6,10,11,5,6,8,5,3,7,3,4,7,2,5,21,10,11,43,16,27,14,8,6
S01007478,649,319,330,444,229,215,205,90,115,9,3,6,37,19,18,11,5,6,6,3,3,8,5,3,12,8,4,25,10,15,64,19,45,33,18,15
S01007479,427,205,222,307,153,154,120,52,68,8,4,4,14,6,8,6,2,4,11,3,8,3,3,0,7,2,5,15,8,7,34,12,22,22,12,10
S01007480,587,294,293,453,235,218,134,59,75,6,3,3,14,8,6,10,5,5,12,6,6,6,2,4,3,1,2,32,17,15,35,9,26,16,8,8
S01007481,610,282,328,345,180,165,265,102,163,8,4,4,23,7,16,18,9,9,5,3,2,13,7,6,12,2,10,56,24,32,112,40,72,18,6,12
S01007482,325,150,175,183,93,90,142,57,85,5,1,4,9,6,3,7,4,3,6,2,4,7,4,3,7,2,5,31,12,19,46,15,31,24,11,13
S01007483,574,281,293,368,191,177,206,90,116,4,1,3,16,10,6,14,9,5,13,4,9,12,6,6,13,4,9,32,14,18,67,26,41,35,16,19
S01007484,416,217,199,228,127,101,188,90,98,7,3,4,25,16,9,17,7,10,13,7,6,10,6,4,11,3,8,19,11,8,56,21,35,30,16,14
S01007485,336,147,189,167,74,93,169,73,96,5,4,1,18,8,10,24,8,16,9,6,3,9,5,4,9,3,6,20,9,11,47,20,27,28,10,18
S01007486,353,145,208,142,63,79,211,82,129,7,4,3,21,8,13,17,4,13,15,8,7,10,4,6,8,1,7,32,12,20,58,27,31,43,14,29
S01007487,692,361,331,382,202,180,310,159,151,6,5,1,43,32,11,19,10,9,15,12,3,16,7,9,5,1,4,38,21,17,106,42,64,62,29,33
S01007488,756,365,391,488,250,238,268,115,153,14,10,4,24,12,12,21,6,15,14,7,7,12,7,5,10,8,2,45,19,26,78,28,50,50,18,32
S01007489,618,287,331,393,192,201,225,95,130,12,8,4,16,8,8,17,10,7,10,3,7,12,2,10,11,5,6,40,13,27,72,26,46,35,20,15
S01007490,650,320,330,360,186,174,290,134,156,9,3,6,16,11,5,21,12,9,17,7,10,18,7,11,5,2,3,56,33,23,96,37,59,52,22,30
S01007491,796,366,430,510,243,267,286,123,163,10,7,3,30,18,12,18,6,12,16,5,11,14,6,8,9,2,7,68,29,39,73,24,49,48,26,22
S01007492,536,255,281,330,160,170,206,95,111,4,3,1,14,8,6,21,15,6,7,4,3,6,4,2,5,4,1,30,15,15,85,34,51,34,8,26
S01007493,623,299,324,396,199,197,227,100,127,7,3,4,32,14,18,17,12,5,14,7,7,10,2,8,4,2,2,39,22,17,69,25,44,35,13,22
S01007494,404,204,200,240,130,110,164,74,90,2,0,2,18,11,7,13,9,4,11,4,7,8,1,7,3,1,2,28,13,15,59,29,30,22,6,16
S01007495,626,319,307,433,232,201,193,87,106,3,2,1,28,14,14,14,9,5,9,6,3,16,9,7,7,2,5,33,16,17,64,24,40,19,5,14
S01007496,776,374,402,448,239,209,328,135,193,9,5,4,35,19,16,21,10,11,29,13,16,12,9,3,16,6,10,72,27,45,106,33,73,28,13,15
S01007497,439,227,212,259,151,108,180,76,104,5,2,3,13,5,8,8,3,5,9,7,2,3,1,2,13,6,7,34,14,20,56,18,38,39,20,19
S01007498,628,300,328,362,198,164,266,102,164,7,3,4,26,12,14,20,5,15,19,6,13,14,8,6,10,6,4,45,18,27,93,26,67,32,18,14
S01007499,635,323,312,410,226,184,225,97,128,8,3,5,29,16,13,13,7,6,12,6,6,6,3,3,12,3,9,38,18,20,68,29,39,39,12,27
S01007500,448,225,223,238,129,109,210,96,114,8,5,3,18,11,7,15,5,10,7,5,2,11,5,6,8,5,3,47,21,26,74,30,44,22,9,13
S01007501,528,255,273,265,138,127,263,117,146,8,5,3,29,12,17,19,6,13,14,8,6,17,9,8,7,5,2,60,28,32,94,38,56,15,6,9
S01007502,412,212,200,248,140,108,164,72,92,4,3,1,14,8,6,9,6,3,15,5,10,8,2,6,6,1,5,28,13,15,62,26,36,18,8,10
S01007503,758,369,389,439,233,206,319,136,183,13,3,10,34,17,17,21,8,13,20,13,7,13,5,8,9,3,6,73,35,38,98,36,62,38,16,22
S01007504,523,261,262,326,175,151,197,86,111,1,0,1,24,10,14,13,8,5,6,3,3,10,5,5,10,6,4,43,23,20,73,23,50,17,8,9
S01007505,321,152,169,208,113,95,113,39,74,3,1,2,21,8,13,7,1,6,5,1,4,10,2,8,6,1,5,20,10,10,28,10,18,13,5,8
S01007506,369,186,183,225,124,101,144,62,82,5,2,3,16,9,7,4,0,4,13,6,7,3,2,1,4,2,2,35,16,19,55,22,33,9,3,6
S01007507,669,331,338,399,211,188,270,120,150,6,3,3,31,15,16,27,11,16,16,6,10,14,8,6,9,2,7,37,15,22,93,40,53,37,20,17
S01007508,545,280,265,332,181,151,213,99,114,1,0,1,19,8,11,18,6,12,8,2,6,7,2,5,5,4,1,48,25,23,80,38,42,27,14,13
S01007509,479,245,234,289,152,137,190,93,97,9,4,5,24,18,6,10,6,4,8,2,6,8,4,4,12,6,6,38,22,16,60,24,36,21,7,14
S01007510,723,358,365,389,216,173,334,142,192,6,2,4,34,14,20,19,10,9,13,3,10,14,6,8,10,5,5,81,35,46,113,51,62,44,16,28
S01007511,612,295,317,303,163,140,309,132,177,10,4,6,23,12,11,19,6,13,12,9,3,12,4,8,15,7,8,52,20,32,110,45,65,56,25,31
S01007512,394,200,194,229,124,105,165,76,89,2,2,0,11,4,7,7,3,4,6,2,4,6,5,1,10,3,7,39,17,22,62,29,33,22,11,11
S01007513,761,358,403,449,227,222,312,131,181,9,4,5,35,20,15,15,6,9,17,7,10,11,6,5,16,9,7,58,28,30,90,32,58,61,19,42
S01007514,399,202,197,256,140,116,143,62,81,4,3,1,12,5,7,17,9,8,9,4,5,5,2,3,5,2,3,29,12,17,44,19,25,18,6,12
S01007515,422,197,225,237,122,115,185,75,110,9,5,4,23,14,9,11,5,6,8,5,3,5,1,4,8,2,6,44,18,26,57,20,37,20,5,15
S01007516,424,203,221,270,136,134,154,67,87,6,3,3,21,12,9,9,7,2,7,5,2,9,1,8,5,1,4,22,8,14,49,19,30,26,11,15
S01007517,315,148,167,174,91,83,141,57,84,6,3,3,5,1,4,10,5,5,8,4,4,4,2,2,7,4,3,36,15,21,50,16,34,15,7,8
S01007518,611,311,300,362,195,167,249,116,133,5,4,1,25,14,11,16,11,5,15,3,12,5,3,2,13,9,4,45,23,22,89,29,60,36,20,16
S01007519,338,169,169,196,107,89,142,62,80,3,1,2,15,7,8,6,3,3,6,3,3,12,5,7,6,3,3,31,16,15,50,20,30,13,4,9
S01007520,706,367,339,399,231,168,307,136,171,10,6,4,39,21,18,21,11,10,15,6,9,11,6,5,12,5,7,71,30,41,96,33,63,32,18,14
S01007521,344,171,173,220,116,104,124,55,69,4,3,1,11,4,7,12,6,6,6,3,3,5,2,3,7,5,2,24,12,12,47,16,31,8,4,4
S01007522,676,321,355,402,203,199,274,118,156,11,4,7,20,14,6,17,8,9,19,7,12,14,2,12,21,9,12,47,17,30,99,44,55,26,13,13
S01007523,404,194,210,254,134,120,150,60,90,7,3,4,15,9,6,12,3,9,6,2,4,6,2,4,5,1,4,23,13,10,49,15,34,27,12,15
S01007524,721,348,373,470,242,228,251,106,145,11,8,3,27,12,15,20,8,12,11,4,7,16,7,9,12,5,7,59,27,32,66,26,40,29,9,20
S01007525,375,185,190,234,127,107,141,58,83,3,1,2,13,6,7,16,8,8,3,2,1,7,3,4,9,1,8,31,13,18,51,20,31,8,4,4
S01007526,521,255,266,285,145,140,236,110,126,8,6,2,17,11,6,10,3,7,16,5,11,13,6,7,14,8,6,48,26,22,77,30,47,33,15,18
S01007527,582,299,283,365,199,166,217,100,117,5,3,2,26,14,12,17,12,5,13,6,7,10,7,3,10,5,5,49,21,28,65,22,43,22,10,12
S01007528,544,284,260,363,190,173,181,94,87,10,5,5,28,20,8,19,11,8,7,1,6,8,3,5,3,2,1,27,14,13,47,18,29,32,20,12
S01007529,476,224,252,274,139,135,202,85,117,5,3,2,10,2,8,21,9,12,20,8,12,8,4,4,10,5,5,31,16,15,80,30,50,17,8,9
S01007530,392,187,205,262,145,117,130,42,88,7,4,3,11,2,9,11,4,7,7,3,4,4,0,4,6,2,4,28,10,18,43,14,29,13,3,10
S01007531,518,241,277,327,170,157,191,71,120,7,4,3,19,8,11,14,5,9,9,4,5,11,2,9,7,1,6,42,18,24,48,13,35,34,16,18
S01007532,438,219,219,284,151,133,154,68,86,9,3,6,20,9,11,8,5,3,8,2,6,4,1,3,17,8,9,21,11,10,46,17,29,21,12,9
S01007533,407,194,213,275,143,132,132,51,81,7,4,3,14,3,11,13,7,6,9,5,4,6,2,4,6,2,4,22,6,16,38,13,25,17,9,8
S01007534,681,320,361,412,214,198,269,106,163,12,5,7,30,19,11,14,7,7,16,3,13,13,2,11,9,2,7,50,19,31,87,34,53,38,15,23
S01007535,735,340,395,449,210,239,286,130,156,8,5,3,18,8,10,20,10,10,19,9,10,15,10,5,12,3,9,38,21,17,99,35,64,57,29,28
S01007536,675,330,345,450,233,217,225,97,128,15,11,4,26,15,11,17,8,9,17,8,9,11,6,5,11,6,5,40,16,24,61,18,43,27,9,18
S01007537,718,339,379,440,210,230,278,129,149,15,5,10,32,15,17,15,6,9,17,9,8,13,8,5,14,9,5,46,26,20,98,42,56,28,9,19
S01007538,661,317,344,448,228,220,213,89,124,9,6,3,17,9,8,16,6,10,15,5,10,12,5,7,13,7,6,38,18,20,63,17,46,30,16,14
S01007539,454,227,227,278,142,136,176,85,91,6,2,4,15,9,6,9,3,6,9,4,5,4,3,1,9,5,4,46,22,24,63,26,37,15,11,4
S01007540,604,286,318,357,177,180,247,109,138,5,3,2,23,11,12,18,11,7,9,5,4,14,7,7,11,5,6,48,19,29,95,40,55,24,8,16
S01007541,530,261,269,329,180,149,201,81,120,4,1,3,25,11,14,15,7,8,8,3,5,9,4,5,11,6,5,38,14,24,68,21,47,23,14,9
S01007542,632,310,322,405,199,206,227,111,116,12,6,6,33,20,13,25,11,14,12,7,5,10,2,8,10,4,6,39,18,21,53,22,31,33,21,12
S01007543,811,388,423,516,253,263,295,135,160,10,7,3,31,12,19,26,15,11,23,11,12,20,8,12,10,6,4,54,22,32,89,37,52,32,17,15
S01007544,728,351,377,410,217,193,318,134,184,10,7,3,26,16,10,19,13,6,16,7,9,13,1,12,13,8,5,80,37,43,116,38,78,25,7,18
S01007545,596,284,312,382,194,188,214,90,124,8,3,5,25,12,13,25,11,14,13,7,6,10,5,5,12,5,7,37,15,22,63,21,42,21,11,10
S01007546,416,210,206,284,145,139,132,65,67,3,2,1,11,7,4,13,7,6,7,3,4,8,3,5,9,5,4,17,7,10,47,24,23,17,7,10
S01007547,425,218,207,302,171,131,123,47,76,5,1,4,11,5,6,7,4,3,4,2,2,5,1,4,9,4,5,21,9,12,47,16,31,14,5,9
S01007548,528,255,273,333,170,163,195,85,110,6,4,2,23,11,12,5,0,5,19,14,5,14,6,8,13,6,7,37,15,22,58,19,39,20,10,10
S01007549,442,202,240,247,119,128,195,83,112,6,4,2,29,13,16,15,6,9,18,7,11,4,2,2,3,3,0,28,12,16,77,28,49,15,8,7
S01007550,650,322,328,361,198,163,289,124,165,6,2,4,29,14,15,17,9,8,8,3,5,8,4,4,12,6,6,65,31,34,120,45,75,24,10,14
S01007551,688,342,346,433,224,209,255,118,137,5,0,5,26,9,17,25,17,8,19,9,10,10,4,6,17,6,11,37,21,16,83,38,45,33,14,19
S01007552,689,346,343,384,195,189,305,151,154,5,3,2,32,21,11,21,13,8,14,6,8,18,10,8,18,6,12,43,21,22,89,43,46,65,28,37
S01007553,653,312,341,316,164,152,337,148,189,9,2,7,21,11,10,24,11,13,14,7,7,16,7,9,12,7,5,49,18,31,131,59,72,61,26,35
S01007554,334,156,178,133,74,59,201,82,119,6,1,5,19,10,9,6,2,4,12,3,9,8,2,6,7,4,3,26,11,15,84,36,48,33,13,20
S01007555,379,202,177,237,138,99,142,64,78,4,3,1,21,12,9,7,4,3,8,3,5,6,4,2,5,2,3,22,9,13,55,20,35,14,7,7
S01007556,345,172,173,201,98,103,144,74,70,3,1,2,11,8,3,11,8,3,5,4,1,4,2,2,7,2,5,24,14,10,53,21,32,26,14,12
S01007557,810,373,437,457,230,227,353,143,210,9,3,6,29,12,17,24,16,8,8,3,5,9,2,7,11,4,7,53,19,34,138,52,86,72,32,40
S01007558,339,172,167,189,104,85,150,68,82,3,2,1,14,8,6,10,6,4,8,3,5,9,3,6,5,3,2,21,11,10,60,23,37,20,9,11
S01007559,529,268,261,382,205,177,147,63,84,5,0,5,17,10,7,7,2,5,10,4,6,12,5,7,5,2,3,25,9,16,39,15,24,27,16,11
S01007560,648,316,332,410,220,190,238,96,142,3,2,1,25,12,13,12,7,5,9,4,5,19,9,10,17,8,9,41,16,25,93,34,59,19,4,15
S01007561,497,229,268,279,139,140,218,90,128,5,2,3,22,9,13,20,10,10,13,5,8,13,6,7,10,5,5,37,15,22,66,27,39,32,11,21
S01007562,631,306,325,394,204,190,237,102,135,10,5,5,30,12,18,18,8,10,12,6,6,12,7,5,6,1,5,40,15,25,80,31,49,29,17,12
S01007563,636,310,326,392,200,192,244,110,134,8,5,3,28,16,12,22,10,12,12,6,6,11,6,5,10,5,5,50,22,28,74,29,45,29,11,18
S01007564,580,282,298,379,200,179,201,82,119,6,1,5,23,9,14,11,7,4,8,4,4,7,3,4,15,7,8,42,18,24,61,21,40,28,12,16
S01007565,723,349,374,446,229,217,277,120,157,10,3,7,31,15,16,17,8,9,14,6,8,14,8,6,21,10,11,62,30,32,69,25,44,39,15,24
S01007566,565,285,280,349,192,157,216,93,123,11,6,5,31,15,16,15,8,7,10,6,4,7,3,4,8,1,7,37,17,20,61,21,40,36,16,20
S01007567,457,243,214,318,172,146,139,71,68,7,6,1,19,12,7,5,4,1,9,6,3,1,1,0,8,3,5,23,11,12,44,15,29,23,13,10
S01007568,508,252,256,342,181,161,166,71,95,9,4,5,15,5,10,12,5,7,15,7,8,3,2,1,8,1,7,30,15,15,56,24,32,18,8,10
S01007569,597,313,284,395,223,172,202,90,112,6,4,2,21,8,13,14,8,6,13,8,5,16,8,8,5,2,3,40,21,19,62,17,45,25,14,11
S01007570,526,248,278,340,170,170,186,78,108,7,3,4,21,11,10,13,6,7,12,4,8,8,3,5,13,4,9,30,12,18,66,25,41,16,10,6
S01007571,413,208,205,287,157,130,126,51,75,6,0,6,17,7,10,8,3,5,3,1,2,5,0,5,3,1,2,26,11,15,39,17,22,19,11,8
S01007572,648,308,340,421,215,206,227,93,134,2,1,1,28,16,12,15,8,7,11,7,4,9,2,7,9,6,3,40,16,24,74,20,54,39,17,22
S01007573,633,303,330,534,267,267,99,36,63,9,5,4,10,3,7,4,1,3,5,2,3,3,1,2,5,2,3,21,7,14,23,8,15,19,7,12
S01007574,750,349,401,465,221,244,285,128,157,13,9,4,34,17,17,17,4,13,11,7,4,9,3,6,22,10,12,42,16,26,87,31,56,50,31,19
S01007575,616,314,302,336,169,167,280,145,135,8,4,4,33,23,10,20,11,9,14,10,4,11,7,4,18,9,9,59,31,28,77,29,48,40,21,19
S01007576,498,234,264,228,113,115,270,121,149,14,8,6,32,16,16,22,15,7,14,7,7,21,8,13,14,5,9,32,14,18,56,23,33,65,25,40
S01007577,492,222,270,251,117,134,241,105,136,13,7,6,30,17,13,16,9,7,12,4,8,8,3,5,10,3,7,44,18,26,65,26,39,43,18,25
S01007578,494,248,246,278,148,130,216,100,116,6,4,2,29,14,15,19,12,7,12,8,4,11,0,11,8,4,4,30,12,18,63,28,35,38,18,20
S01007579,456,195,261,281,120,161,175,75,100,7,5,2,25,14,11,9,2,7,8,1,7,7,1,6,10,2,8,25,10,15,46,18,28,38,22,16
S01007580,586,281,305,334,173,161,252,108,144,11,6,5,25,10,15,15,7,8,11,5,6,19,8,11,9,2,7,21,7,14,65,24,41,76,39,37
S01007581,368,181,187,218,111,107,150,70,80,8,8,0,21,9,12,8,5,3,4,2,2,7,2,5,7,3,4,15,4,11,45,19,26,35,18,17
S01007582,486,239,247,300,150,150,186,89,97,6,5,1,14,9,5,15,8,7,14,6,8,6,4,2,3,1,2,31,13,18,55,23,32,42,20,22
S01007583,755,344,411,416,185,231,339,159,180,18,11,7,49,29,20,27,16,11,22,9,13,9,4,5,18,8,10,51,25,26,87,33,54,58,24,34
S01007584,435,224,211,292,156,136,143,68,75,11,7,4,19,11,8,15,6,9,3,2,1,2,1,1,3,1,2,22,9,13,38,17,21,30,14,16
S01007585,640,306,334,409,209,200,231,97,134,14,6,8,24,11,13,10,6,4,16,7,9,7,3,4,9,5,4,42,14,28,85,32,53,24,13,11
S01007586,611,281,330,373,181,192,238,100,138,11,6,5,31,11,20,13,4,9,14,4,10,10,4,6,14,7,7,41,20,21,67,28,39,37,16,21
S01007587,618,372,246,324,165,159,294,207,87,10,8,2,26,16,10,30,26,4,38,29,9,14,12,2,15,6,9,33,25,8,71,38,33,57,47,10
S01007588,609,287,322,399,200,199,210,87,123,3,1,2,18,10,8,15,2,13,14,6,8,10,4,6,4,2,2,34,18,16,73,29,44,39,15,24
S01007589,610,297,313,422,225,197,188,72,116,9,4,5,19,6,13,17,4,13,10,6,4,8,3,5,3,1,2,27,11,16,53,16,37,42,21,21
S01007590,449,208,241,284,137,147,165,71,94,6,4,2,13,8,5,11,6,5,10,6,4,8,4,4,8,4,4,24,9,15,65,21,44,20,9,11
S01007591,452,227,225,318,168,150,134,59,75,11,6,5,15,8,7,7,5,2,8,6,2,7,2,5,4,2,2,23,13,10,39,12,27,20,5,15
S01007592,524,254,270,328,163,165,196,91,105,6,4,2,20,8,12,11,8,3,9,7,2,8,0,8,10,5,5,41,15,26,66,31,35,25,13,12
S01007593,783,369,414,497,238,259,286,131,155,10,6,4,20,11,9,23,10,13,16,12,4,23,7,16,9,3,6,44,25,19,110,44,66,31,13,18
S01007594,615,298,317,434,216,218,181,82,99,4,2,2,22,12,10,12,5,7,9,6,3,10,4,6,7,3,4,42,18,24,49,18,31,26,14,12
S01007595,811,394,417,561,292,269,250,102,148,10,7,3,16,6,10,15,8,7,12,5,7,7,1,6,17,9,8,56,22,34,62,21,41,55,23,32
S01007596,416,200,216,239,124,115,177,76,101,5,1,4,14,10,4,7,2,5,7,2,5,6,1,5,6,5,1,35,20,15,74,26,48,23,9,14
S01007597,487,250,237,327,181,146,160,69,91,5,1,4,19,8,11,15,8,7,8,2,6,7,3,4,9,4,5,30,19,11,49,16,33,18,8,10
S01007598,501,244,257,332,153,179,169,91,78,7,4,3,17,11,6,11,7,4,9,6,3,7,3,4,10,3,7,33,19,14,48,17,31,27,21,6
S01007599,641,311,330,429,220,209,212,91,121,12,5,7,27,14,13,12,5,7,7,3,4,11,3,8,8,0,8,29,13,16,67,31,36,39,17,22
S01007600,811,397,414,517,261,256,294,136,158,6,2,4,26,12,14,18,10,8,17,8,9,8,1,7,9,3,6,49,27,22,110,46,64,51,27,24
S01007601,503,246,257,401,201,200,102,45,57,7,2,5,21,9,12,9,6,3,9,6,3,6,3,3,3,0,3,20,6,14,16,6,10,11,7,4
S01007602,501,246,255,367,182,185,134,64,70,4,3,1,24,12,12,19,9,10,10,6,4,4,2,2,5,5,0,14,2,12,33,11,22,21,14,7
S01007603,616,308,308,484,246,238,132,62,70,7,4,3,12,7,5,13,8,5,6,3,3,4,2,2,12,5,7,24,12,12,35,15,20,19,6,13
S01007604,666,317,349,456,227,229,210,90,120,10,4,6,19,10,9,13,8,5,16,8,8,9,4,5,11,4,7,37,16,21,67,21,46,28,15,13
S01007605,640,302,338,457,230,227,183,72,111,5,1,4,20,13,7,11,1,10,6,4,2,12,7,5,8,4,4,36,11,25,69,23,46,16,8,8
S01007606,471,234,237,309,163,146,162,71,91,11,5,6,18,8,10,14,6,8,5,1,4,5,3,2,5,2,3,33,15,18,49,19,30,22,12,10
S01007607,536,259,277,388,195,193,148,64,84,6,3,3,13,5,8,7,4,3,4,1,3,8,3,5,8,5,3,24,10,14,58,19,39,20,14,6
S01007608,566,283,283,406,205,201,160,78,82,5,1,4,14,9,5,10,8,2,10,3,7,13,9,4,10,4,6,32,15,17,43,19,24,23,10,13
S01007609,683,318,365,424,200,224,259,118,141,6,4,2,33,20,13,17,8,9,13,4,9,7,1,6,14,9,5,45,20,25,80,29,51,44,23,21
S01007610,356,161,195,217,101,116,139,60,79,8,1,7,17,9,8,9,2,7,6,5,1,3,3,0,4,2,2,25,13,12,52,21,31,15,4,11
S01007611,683,340,343,386,199,187,297,141,156,4,1,3,48,25,23,17,8,9,18,10,8,8,3,5,13,7,6,63,30,33,88,42,46,38,15,23
S01007612,861,457,404,530,290,240,331,167,164,23,13,10,51,29,22,30,21,9,9,5,4,9,7,2,11,5,6,49,21,28,84,40,44,65,26,39
S01007613,597,313,284,392,209,183,205,104,101,8,6,2,32,22,10,14,7,7,13,8,5,4,2,2,10,5,5,31,15,16,62,22,40,31,17,14
S01007614,619,293,326,423,214,209,196,79,117,11,3,8,25,14,11,10,6,4,6,2,4,10,2,8,10,4,6,38,12,26,63,23,40,23,13,10
S01007615,785,374,411,530,254,276,255,120,135,12,7,5,36,22,14,20,10,10,18,7,11,14,6,8,8,6,2,41,19,22,78,28,50,28,15,13
S01007616,542,250,292,367,168,199,175,82,93,11,5,6,19,13,6,15,6,9,11,4,7,6,2,4,3,1,2,22,10,12,62,29,33,26,12,14
S01007617,401,195,206,249,120,129,152,75,77,10,5,5,14,6,8,12,6,6,8,6,2,8,3,5,5,2,3,30,18,12,46,19,27,19,10,9
S01007618,418,202,216,263,131,132,155,71,84,9,4,5,21,11,10,7,3,4,8,2,6,5,3,2,7,3,4,19,7,12,56,26,30,23,12,11
S01007619,456,211,245,297,146,151,159,65,94,3,0,3,17,8,9,10,6,4,9,6,3,4,2,2,5,2,3,25,11,14,54,18,36,32,12,20
S01007620,459,216,243,314,153,161,145,63,82,6,4,2,15,6,9,9,5,4,4,3,1,5,2,3,8,4,4,41,17,24,46,16,30,11,6,5
S01007621,473,227,246,328,165,163,145,62,83,7,5,2,14,6,8,15,10,5,14,9,5,5,1,4,6,2,4,27,11,16,53,15,38,4,3,1
S01007622,413,213,200,275,145,130,138,68,70,2,1,1,12,7,5,7,5,2,8,1,7,5,2,3,7,2,5,27,15,12,55,26,29,15,9,6
S01007623,463,218,245,319,158,161,144,60,84,4,4,0,9,7,2,12,6,6,4,0,4,7,0,7,8,4,4,32,11,21,44,18,26,24,10,14
S01007624,506,254,252,394,208,186,112,46,66,7,2,5,13,5,8,9,9,0,5,3,2,9,2,7,5,1,4,16,5,11,31,8,23,17,11,6
S01007625,384,177,207,278,137,141,106,40,66,4,1,3,9,5,4,8,3,5,7,3,4,5,1,4,4,1,3,22,6,16,30,14,16,17,6,11
S01007626,476,233,243,397,200,197,79,33,46,4,2,2,7,2,5,7,4,3,6,1,5,3,2,1,2,1,1,17,7,10,19,7,12,14,7,7
S01007627,393,193,200,295,155,140,98,38,60,3,1,2,14,6,8,7,3,4,2,1,1,2,0,2,4,2,2,18,5,13,31,9,22,17,11,6
S01007628,503,244,259,330,166,164,173,78,95,6,3,3,17,8,9,8,5,3,9,4,5,10,3,7,8,1,7,37,19,18,58,25,33,20,10,10
S01007629,527,251,276,359,192,167,168,59,109,4,0,4,20,5,15,9,5,4,12,6,6,6,3,3,6,1,5,29,9,20,66,23,43,16,7,9
S01007630,652,320,332,463,245,218,189,75,114,2,1,1,21,9,12,10,4,6,7,1,6,10,1,9,11,4,7,35,14,21,62,27,35,31,14,17
S01007631,449,223,226,311,170,141,138,53,85,2,1,1,13,7,6,8,4,4,9,4,5,8,4,4,9,4,5,35,12,23,40,9,31,14,8,6
S01007632,707,331,376,462,233,229,245,98,147,9,5,4,27,11,16,15,7,8,19,6,13,10,8,2,15,5,10,42,17,25,71,22,49,37,17,20
S01007633,717,357,360,454,240,214,263,117,146,8,4,4,35,19,16,21,8,13,13,5,8,14,5,9,12,10,2,45,22,23,84,27,57,31,17,14
S01007634,433,220,213,290,164,126,143,56,87,6,3,3,19,11,8,7,3,4,12,8,4,4,1,3,5,2,3,29,9,20,39,8,31,22,11,11
S01007635,489,227,262,268,140,128,221,87,134,3,0,3,22,10,12,13,7,6,13,3,10,12,6,6,10,6,4,45,17,28,80,24,56,23,14,9
S01007636,590,281,309,360,188,172,230,93,137,5,3,2,27,15,12,21,9,12,16,5,11,19,6,13,12,4,8,32,20,12,65,20,45,33,11,22
S01007637,611,301,310,404,209,195,207,92,115,12,7,5,17,8,9,16,12,4,15,8,7,16,4,12,8,2,6,32,15,17,61,23,38,30,13,17
S01007638,565,283,282,361,190,171,204,93,111,6,2,4,25,17,8,19,8,11,9,6,3,15,8,7,11,7,4,35,19,16,60,17,43,24,9,15
S01007639,782,369,413,512,258,254,270,111,159,16,9,7,44,25,19,16,9,7,21,4,17,6,3,3,10,4,6,36,13,23,83,25,58,38,19,19
S01007640,555,290,265,362,203,159,193,87,106,19,10,9,24,13,11,13,6,7,13,8,5,7,3,4,8,2,6,40,16,24,46,18,28,23,11,12
S01007641,607,303,304,404,214,190,203,89,114,4,3,1,25,15,10,13,8,5,13,7,6,12,6,6,16,8,8,31,13,18,70,20,50,19,9,10
S01007642,577,293,284,361,198,163,216,95,121,8,5,3,18,12,6,13,5,8,12,9,3,13,5,8,12,6,6,47,20,27,69,21,48,24,12,12
S01007643,663,314,349,430,210,220,233,104,129,6,4,2,27,17,10,17,10,7,16,5,11,10,2,8,13,6,7,38,20,18,78,29,49,28,11,17
S01007644,612,294,318,344,176,168,268,118,150,4,2,2,28,15,13,11,4,7,21,10,11,14,4,10,10,3,7,62,29,33,88,34,54,30,17,13
S01007645,418,218,200,270,151,119,148,67,81,8,5,3,20,9,11,11,6,5,9,4,5,5,3,2,2,2,0,32,11,21,47,22,25,14,5,9
S01007646,481,250,231,295,165,130,186,85,101,9,4,5,31,21,10,12,5,7,14,7,7,12,7,5,8,2,6,29,10,19,54,22,32,17,7,10
S01007647,536,264,272,335,171,164,201,93,108,6,2,4,24,12,12,20,14,6,15,7,8,5,2,3,13,6,7,44,16,28,50,18,32,24,16,8
S01007648,640,316,324,436,226,210,204,90,114,8,3,5,28,16,12,17,9,8,19,9,10,17,13,4,11,6,5,34,15,19,55,14,41,15,5,10
S01007649,558,283,275,379,206,173,179,77,102,4,3,1,16,7,9,9,4,5,12,8,4,12,3,9,7,4,3,40,19,21,45,17,28,34,12,22
S01007650,713,366,347,486,263,223,227,103,124,9,6,3,22,7,15,14,7,7,12,7,5,13,6,7,6,3,3,40,24,16,84,27,57,27,16,11
S01007651,428,211,217,307,161,146,121,50,71,3,2,1,17,5,12,9,4,5,13,8,5,8,2,6,6,3,3,11,5,6,34,11,23,20,10,10
S01007652,426,189,237,251,124,127,175,65,110,3,1,2,13,4,9,11,9,2,6,2,4,18,6,12,9,5,4,49,21,28,51,15,36,15,2,13
S01007653,690,326,364,465,235,230,225,91,134,8,3,5,25,9,16,17,9,8,19,10,9,21,12,9,11,8,3,40,19,21,61,11,50,23,10,13
S01007654,804,403,401,502,267,235,302,136,166,6,1,5,29,20,9,20,9,11,17,9,8,16,8,8,12,5,7,61,29,32,97,36,61,44,19,25
S01007655,613,307,306,396,224,172,217,83,134,9,3,6,23,7,16,12,4,8,12,3,9,10,3,7,11,6,5,46,18,28,75,28,47,19,11,8
S01007656,663,324,339,409,226,183,254,98,156,10,6,4,29,5,24,20,13,7,14,8,6,13,3,10,12,4,8,35,16,19,89,29,60,32,14,18
S01007657,336,168,168,238,122,116,98,46,52,3,3,0,12,6,6,6,4,2,1,1,0,3,1,2,3,0,3,25,13,12,34,14,20,11,4,7
S01007658,382,179,203,245,120,125,137,59,78,7,6,1,12,6,6,11,3,8,5,4,1,6,2,4,9,5,4,25,9,16,51,18,33,11,6,5
S01007659,585,305,280,359,191,168,226,114,112,3,2,1,15,10,5,16,12,4,15,5,10,5,1,4,15,10,5,50,28,22,91,35,56,16,11,5
S01007660,634,301,333,393,203,190,241,98,143,13,7,6,19,8,11,27,12,15,14,6,8,19,6,13,14,3,11,41,13,28,61,24,37,33,19,14
S01007661,492,247,245,327,168,159,165,79,86,6,4,2,20,11,9,7,6,1,6,3,3,6,3,3,8,5,3,30,12,18,59,27,32,23,8,15
S01007662,630,305,325,382,187,195,248,118,130,7,5,2,36,20,16,17,9,8,14,5,9,13,6,7,11,8,3,43,19,24,80,38,42,27,8,19
S01007663,624,310,314,396,208,188,228,102,126,6,1,5,29,22,7,16,6,10,15,7,8,17,6,11,7,2,5,44,21,23,76,32,44,18,5,13
S01007664,430,200,230,267,127,140,163,73,90,8,6,2,15,8,7,8,8,0,10,4,6,13,5,8,13,7,6,31,12,19,43,15,28,22,8,14
S01007665,457,225,232,317,162,155,140,63,77,3,1,2,16,12,4,8,5,3,7,3,4,2,0,2,5,2,3,33,16,17,50,17,33,16,7,9
S01007666,374,181,193,243,121,122,131,60,71,2,1,1,16,12,4,5,2,3,7,4,3,8,4,4,3,1,2,35,16,19,39,13,26,16,7,9
S01007667,516,256,260,377,198,179,139,58,81,6,4,2,17,8,9,6,6,0,5,1,4,6,1,5,8,2,6,31,15,16,48,16,32,12,5,7
S01007668,757,355,402,469,229,240,288,126,162,13,10,3,31,16,15,22,8,14,18,10,8,9,4,5,12,5,7,46,14,32,94,34,60,43,25,18
S01007669,456,202,254,259,124,135,197,78,119,8,5,3,37,17,20,11,4,7,8,4,4,9,7,2,12,4,8,32,14,18,48,14,34,32,9,23
S01007670,503,252,251,302,154,148,201,98,103,13,4,9,22,11,11,16,9,7,13,11,2,14,7,7,8,2,6,37,19,18,39,15,24,39,20,19
S01007671,553,282,271,390,208,182,163,74,89,3,3,0,23,9,14,7,4,3,8,6,2,8,3,5,2,2,0,28,18,10,68,23,45,16,6,10
S01007672,654,315,339,381,195,186,273,120,153,5,4,1,30,19,11,11,7,4,20,11,9,14,4,10,10,7,3,46,19,27,112,39,73,25,10,15
S01007673,540,268,272,395,209,186,145,59,86,2,1,1,19,6,13,8,5,3,8,6,2,11,4,7,6,3,3,26,13,13,47,15,32,18,6,12
S01007674,590,292,298,358,185,173,232,107,125,4,2,2,25,13,12,18,10,8,17,11,6,12,5,7,14,3,11,41,20,21,68,28,40,33,15,18
S01007675,478,237,241,308,163,145,170,74,96,11,8,3,22,11,11,20,7,13,6,1,5,8,2,6,8,5,3,41,19,22,44,18,26,10,3,7
S01007676,513,258,255,384,204,180,129,54,75,6,3,3,18,8,10,11,5,6,8,5,3,8,5,3,5,3,2,21,8,13,36,10,26,16,7,9
S01007677,348,166,182,251,128,123,97,38,59,4,2,2,9,3,6,3,1,2,5,2,3,6,3,3,6,2,4,21,10,11,31,9,22,12,6,6
S01007678,575,280,295,345,175,170,230,105,125,8,5,3,23,13,10,13,6,7,7,4,3,8,4,4,6,1,5,43,26,17,94,35,59,28,11,17
S01007679,602,286,316,313,157,156,289,129,160,8,5,3,37,21,16,16,8,8,14,9,5,10,4,6,12,4,8,66,28,38,102,40,62,24,10,14
S01007680,710,342,368,501,254,247,209,88,121,6,4,2,25,15,10,20,13,7,17,8,9,13,3,10,10,1,9,36,19,17,66,18,48,16,7,9
S01007681,316,161,155,218,117,101,98,44,54,2,2,0,12,5,7,5,4,1,6,3,3,9,3,6,7,4,3,20,7,13,30,13,17,7,3,4
S01007682,680,340,340,451,234,217,229,106,123,10,6,4,35,18,17,16,7,9,20,13,7,10,5,5,6,3,3,49,27,22,43,11,32,40,16,24
S01007683,522,262,260,329,162,167,193,100,93,7,3,4,21,12,9,9,5,4,9,6,3,15,6,9,2,1,1,22,10,12,37,14,23,71,43,28
S01007684,573,271,302,352,171,181,221,100,121,7,3,4,26,15,11,22,10,12,8,5,3,10,3,7,6,4,2,34,18,16,65,23,42,43,19,24
S01007685,746,344,402,370,172,198,376,172,204,31,16,15,119,48,71,23,14,9,10,5,5,7,5,2,9,2,7,30,11,19,32,12,20,115,59,56
S01007686,507,246,261,331,165,166,176,81,95,10,4,6,35,15,20,13,7,6,7,3,4,14,5,9,3,1,2,23,16,7,36,13,23,35,17,18
S01007687,717,334,383,426,216,210,291,118,173,19,13,6,85,32,53,29,10,19,25,11,14,8,5,3,13,5,8,22,8,14,29,7,22,61,27,34
S01007688,908,471,437,498,271,227,410,200,210,27,12,15,129,57,72,48,23,25,32,13,19,15,7,8,3,2,1,34,18,16,25,12,13,97,56,41
S01007689,498,215,283,292,136,156,206,79,127,18,2,16,69,26,43,22,11,11,4,2,2,4,0,4,6,0,6,6,3,3,17,8,9,60,27,33
S01007690,792,335,457,362,164,198,430,171,259,32,13,19,143,45,98,36,13,23,29,11,18,10,5,5,7,0,7,20,8,12,31,11,20,122,65,57
S01007691,2798,1345,1453,740,331,409,2058,1014,1044,160,68,92,850,408,442,169,87,82,76,35,41,24,12,12,12,8,4,43,18,25,55,28,27,669,350,319
S01007692,835,376,459,377,173,204,458,203,255,67,26,41,165,66,99,53,25,28,26,13,13,14,9,5,8,7,1,18,14,4,29,13,16,78,30,48
S01007693,922,440,482,293,131,162,629,309,320,51,21,30,240,92,148,36,22,14,27,12,15,6,3,3,4,2,2,17,10,7,19,14,5,229,133,96
S01007694,959,447,512,433,196,237,526,251,275,56,25,31,137,72,65,56,26,30,27,12,15,9,5,4,9,4,5,31,12,19,39,20,19,162,75,87
S01007695,757,380,377,404,203,201,353,177,176,25,14,11,69,38,31,37,13,24,24,11,13,17,14,3,11,8,3,29,13,16,77,35,42,64,31,33
S01007696,693,351,342,271,140,131,422,211,211,36,15,21,134,71,63,52,25,27,22,15,7,12,6,6,10,4,6,17,8,9,33,13,20,106,54,52
S01007697,767,407,360,421,215,206,346,192,154,22,16,6,58,31,27,37,26,11,17,10,7,15,11,4,12,5,7,40,25,15,83,37,46,62,31,31
S01007698,949,527,422,529,254,275,420,273,147,49,35,14,113,77,36,46,31,15,28,17,11,6,6,0,8,3,5,16,11,5,49,27,22,105,66,39
S01007699,672,335,337,372,185,187,300,150,150,28,10,18,79,41,38,21,11,10,13,6,7,5,3,2,12,6,6,25,13,12,41,19,22,76,41,35
S01007700,777,397,380,513,273,240,264,124,140,17,10,7,50,34,16,25,7,18,14,10,4,9,2,7,9,4,5,41,15,26,51,20,31,48,22,26
S01007701,458,257,201,194,98,96,264,159,105,17,9,8,59,32,27,31,23,8,17,13,4,9,9,0,6,4,2,22,10,12,34,17,17,69,42,27
S01007702,957,501,456,360,175,185,597,326,271,62,29,33,256,134,122,48,25,23,17,11,6,3,2,1,4,3,1,14,3,11,13,6,7,180,113,67
S01007703,624,311,313,368,192,176,256,119,137,10,4,6,46,19,27,27,13,14,18,6,12,18,9,9,9,1,8,15,9,6,67,28,39,46,30,16
S01007704,765,406,359,307,158,149,458,248,210,18,7,11,76,45,31,36,21,15,32,22,10,8,6,2,15,11,4,48,30,18,100,45,55,125,61,64
S01007705,735,438,297,292,165,127,443,273,170,39,21,18,146,80,66,43,32,11,27,19,8,10,8,2,9,7,2,7,6,1,10,10,0,152,90,62
S01007706,753,378,375,328,151,177,425,227,198,43,23,20,159,65,94,38,19,19,24,16,8,9,5,4,6,5,1,13,9,4,4,3,1,129,82,47
S01007707,759,413,346,470,265,205,289,148,141,17,10,7,100,44,56,28,19,9,19,10,9,2,1,1,14,10,4,15,5,10,13,6,7,81,43,38
S01007708,505,263,242,320,167,153,185,96,89,10,4,6,29,22,7,21,11,10,9,4,5,5,4,1,11,5,6,17,7,10,40,16,24,43,23,20
S01007709,487,260,227,238,123,115,249,137,112,14,12,2,34,15,19,25,13,12,17,12,5,4,2,2,14,5,9,27,15,12,55,30,25,59,33,26
S01007710,730,408,322,385,213,172,345,195,150,23,14,9,98,48,50,42,24,18,10,8,2,9,8,1,10,4,6,18,9,9,56,31,25,79,49,30
S01007711,904,460,444,451,208,243,453,252,201,36,24,12,117,69,48,36,22,14,17,9,8,5,3,2,13,7,6,16,10,6,78,35,43,135,73,62
S01007712,590,324,266,319,166,153,271,158,113,33,13,20,71,38,33,23,12,11,8,5,3,7,4,3,2,1,1,19,5,14,34,22,12,74,58,16
S01007713,396,191,205,213,112,101,183,79,104,12,10,2,29,8,21,19,5,14,8,5,3,5,1,4,4,0,4,30,12,18,28,11,17,48,27,21
S01007714,523,272,251,342,175,167,181,97,84,10,6,4,41,30,11,14,8,6,3,1,2,5,1,4,4,3,1,20,8,12,45,22,23,39,18,21
S01007715,397,189,208,206,100,106,191,89,102,10,7,3,19,14,5,20,6,14,9,3,6,11,7,4,8,4,4,20,12,8,32,11,21,62,25,37
S01007716,811,463,348,385,214,171,426,249,177,25,16,9,67,37,30,23,10,13,29,20,9,18,8,10,10,4,6,36,23,13,103,56,47,115,75,40
S01007717,789,436,353,383,207,176,406,229,177,14,12,2,61,37,24,35,17,18,37,19,18,15,8,7,10,7,3,55,28,27,92,52,40,87,49,38
S01007718,566,312,254,284,159,125,282,153,129,10,5,5,45,27,18,15,8,7,20,11,9,18,11,7,8,4,4,38,23,15,85,35,50,43,29,14
S01007719,774,387,387,427,208,219,347,179,168,7,7,0,39,26,13,32,17,15,16,6,10,12,9,3,8,5,3,49,29,20,137,65,72,47,15,32
S01007720,521,238,283,263,125,138,258,113,145,6,4,2,18,9,9,21,11,10,8,4,4,15,6,9,8,4,4,51,23,28,104,43,61,27,9,18
S01007721,578,268,310,346,172,174,232,96,136,3,1,2,40,22,18,22,11,11,13,4,9,11,6,5,9,5,4,25,10,15,79,22,57,30,15,15
S01007722,667,344,323,332,166,166,335,178,157,12,10,2,32,20,12,27,15,12,14,7,7,13,8,5,12,5,7,60,35,25,96,42,54,69,36,33
S01007723,726,379,347,344,180,164,382,199,183,16,11,5,30,17,13,21,11,10,17,12,5,13,7,6,14,7,7,51,31,20,145,70,75,75,33,42
S01007724,519,292,227,291,165,126,228,127,101,9,7,2,43,25,18,15,9,6,14,6,8,13,4,9,7,5,2,26,20,6,35,20,15,66,31,35
S01007725,631,317,314,345,175,170,286,142,144,17,9,8,27,13,14,16,6,10,19,9,10,17,10,7,8,4,4,34,22,12,84,43,41,64,26,38
S01007726,647,329,318,352,181,171,295,148,147,13,5,8,66,30,36,25,17,8,16,9,7,10,2,8,3,2,1,28,15,13,63,34,29,71,34,37
S01007727,845,416,429,412,198,214,433,218,215,22,9,13,73,47,26,34,16,18,15,9,6,15,7,8,17,8,9,35,17,18,94,41,53,128,64,64
S01007728,674,382,292,349,181,168,325,201,124,15,8,7,77,57,20,32,15,17,16,7,9,17,12,5,10,5,5,22,16,6,43,21,22,93,60,33
S01007729,654,341,313,391,202,189,263,139,124,12,8,4,55,34,21,18,8,10,31,14,17,15,7,8,6,5,1,25,16,9,37,14,23,64,33,31
S01007730,661,348,313,443,228,215,218,120,98,13,6,7,73,49,24,18,8,10,13,5,8,8,5,3,8,3,5,21,13,8,35,19,16,29,12,17
S01007731,589,290,299,431,214,217,158,76,82,8,4,4,20,10,10,15,9,6,12,5,7,6,4,2,7,5,2,23,7,16,30,13,17,37,19,18
S01007732,564,288,276,340,183,157,224,105,119,23,11,12,45,23,22,20,10,10,16,10,6,4,1,3,5,3,2,26,13,13,40,13,27,45,21,24
S01007733,642,319,323,447,232,215,195,87,108,6,3,3,33,20,13,19,10,9,13,7,6,9,4,5,9,6,3,26,11,15,38,14,24,42,12,30
S01007734,616,309,307,407,219,188,209,90,119,12,9,3,30,14,16,15,12,3,15,5,10,12,3,9,9,5,4,43,14,29,45,14,31,28,14,14
S01007735,637,307,330,423,222,201,214,85,129,6,4,2,33,14,19,18,10,8,16,9,7,12,2,10,9,4,5,34,11,23,54,17,37,32,14,18
S01007736,543,255,288,396,193,203,147,62,85,9,5,4,12,8,4,5,3,2,14,8,6,10,6,4,8,4,4,19,7,12,38,12,26,32,9,23
S01007737,757,349,408,477,241,236,280,108,172,10,1,9,43,23,20,29,16,13,13,4,9,10,5,5,11,3,8,50,13,37,66,23,43,48,20,28
S01007738,495,239,256,305,149,156,190,90,100,6,4,2,24,15,9,18,12,6,15,8,7,5,3,2,5,2,3,36,17,19,59,15,44,22,14,8
S01007739,390,179,211,211,104,107,179,75,104,2,1,1,17,9,8,10,6,4,8,3,5,13,7,6,6,1,5,40,19,21,67,18,49,16,11,5
S01007740,422,206,216,257,132,125,165,74,91,11,4,7,17,8,9,19,13,6,6,1,5,7,2,5,10,6,4,23,11,12,51,16,35,21,13,8
S01007741,508,229,279,271,129,142,237,100,137,10,7,3,30,11,19,16,10,6,9,5,4,7,5,2,8,1,7,39,20,19,90,28,62,28,13,15
S01007742,453,200,253,269,135,134,184,65,119,8,4,4,21,6,15,18,9,9,11,4,7,8,2,6,8,6,2,28,11,17,57,10,47,25,13,12
S01007743,666,335,331,405,208,197,261,127,134,15,10,5,38,15,23,24,19,5,21,11,10,9,4,5,10,5,5,36,18,18,72,34,38,36,11,25
S01007744,534,235,299,264,115,149,270,120,150,7,4,3,25,13,12,15,5,10,12,6,6,14,4,10,5,3,2,49,23,26,89,36,53,54,26,28
S01007745,496,246,250,312,156,156,184,90,94,3,3,0,21,13,8,13,11,2,5,3,2,10,6,4,9,3,6,29,10,19,75,34,41,19,7,12
S01007746,672,324,348,395,193,202,277,131,146,13,9,4,29,13,16,22,15,7,7,2,5,11,5,6,10,5,5,47,24,23,75,30,45,63,28,35
S01007747,388,173,215,208,99,109,180,74,106,5,1,4,27,15,12,16,7,9,9,3,6,10,3,7,7,2,5,21,13,8,46,16,30,39,14,25
S01007748,496,227,269,259,119,140,237,108,129,4,2,2,24,12,12,18,9,9,8,4,4,4,2,2,6,1,5,43,27,16,66,24,42,64,27,37
S01007749,537,264,273,337,167,170,200,97,103,8,5,3,30,16,14,20,9,11,14,7,7,9,4,5,8,3,5,32,16,16,50,20,30,29,17,12
S01007750,595,268,327,348,174,174,247,94,153,10,7,3,28,14,14,15,5,10,16,7,9,11,6,5,10,4,6,51,23,28,86,18,68,20,10,10
S01007751,491,237,254,277,149,128,214,88,126,8,4,4,16,9,7,23,11,12,15,6,9,12,7,5,7,1,6,42,19,23,58,16,42,33,15,18
S01007752,449,222,227,266,134,132,183,88,95,14,9,5,11,4,7,16,8,8,9,6,3,9,4,5,7,2,5,36,20,16,66,25,41,15,10,5
S01007753,382,176,206,224,110,114,158,66,92,5,2,3,20,10,10,11,4,7,10,6,4,7,1,6,5,5,0,22,9,13,56,22,34,22,7,15
S01007754,614,290,324,305,145,160,309,145,164,5,5,0,31,15,16,23,13,10,14,9,5,15,6,9,10,5,5,51,22,29,101,41,60,59,29,30
S01007755,570,252,318,286,140,146,284,112,172,10,8,2,25,12,13,21,8,13,20,6,14,13,6,7,11,5,6,39,15,24,80,28,52,65,24,41
S01007756,411,182,229,227,101,126,184,81,103,6,4,2,19,5,14,14,4,10,11,8,3,8,2,6,6,4,2,31,16,15,53,19,34,36,19,17
S01007757,589,282,307,347,175,172,242,107,135,3,3,0,27,16,11,19,14,5,15,6,9,11,6,5,11,2,9,53,21,32,80,27,53,23,12,11
S01007758,628,291,337,358,181,177,270,110,160,13,6,7,23,12,11,20,10,10,13,5,8,10,6,4,10,4,6,55,29,26,100,29,71,26,9,17
S01007759,733,333,400,451,212,239,282,121,161,14,8,6,35,17,18,20,13,7,18,12,6,9,3,6,12,5,7,41,18,23,99,32,67,34,13,21
S01007760,405,184,221,249,126,123,156,58,98,5,4,1,21,11,10,15,6,9,8,3,5,13,4,9,7,3,4,28,8,20,42,11,31,17,8,9
S01007761,639,311,328,443,234,209,196,77,119,8,6,2,15,5,10,22,12,10,7,2,5,7,2,5,5,3,2,46,20,26,53,10,43,33,17,16
S01007762,566,255,311,369,174,195,197,81,116,8,0,8,22,15,7,19,9,10,18,11,7,14,3,11,5,3,2,39,16,23,54,18,36,18,6,12
S01007763,335,163,172,178,99,79,157,64,93,1,1,0,15,6,9,16,11,5,8,5,3,8,3,5,6,2,4,28,11,17,65,21,44,10,4,6
S01007764,588,279,309,412,202,210,176,77,99,12,8,4,17,11,6,18,5,13,13,5,8,10,6,4,5,1,4,29,17,12,44,11,33,28,13,15
S01007765,496,238,258,294,152,142,202,86,116,9,6,3,16,8,8,15,5,10,14,7,7,10,5,5,10,5,5,39,20,19,75,20,55,14,10,4
S01007766,653,317,336,410,210,200,243,107,136,10,8,2,26,12,14,23,10,13,13,6,7,15,7,8,9,3,6,38,16,22,80,22,58,29,23,6
S01007767,658,315,343,432,214,218,226,101,125,6,2,4,24,13,11,24,11,13,16,7,9,5,3,2,13,6,7,39,20,19,73,25,48,26,14,12
S01007768,470,220,250,292,148,144,178,72,106,4,2,2,27,15,12,13,5,8,12,5,7,7,3,4,7,5,2,33,11,22,49,17,32,26,9,17
S01007769,532,249,283,315,159,156,217,90,127,6,4,2,30,16,14,17,9,8,14,6,8,12,5,7,10,5,5,35,17,18,72,20,52,21,8,13
S01007770,522,242,280,341,166,175,181,76,105,9,4,5,19,10,9,16,4,12,12,7,5,8,2,6,8,6,2,37,15,22,51,15,36,21,13,8
S01007771,376,169,207,208,101,107,168,68,100,4,0,4,15,5,10,12,6,6,12,8,4,12,5,7,13,8,5,25,11,14,61,19,42,14,6,8
S01007772,682,326,356,412,204,208,270,122,148,7,5,2,29,14,15,18,5,13,8,5,3,11,4,7,4,2,2,57,30,27,106,39,67,30,18,12
S01007773,581,269,312,380,188,192,201,81,120,8,3,5,16,10,6,26,11,15,14,8,6,9,3,6,10,4,6,39,23,16,58,13,45,21,6,15
S01007774,671,326,345,562,278,284,109,48,61,7,3,4,14,4,10,9,4,5,5,3,2,4,2,2,3,0,3,18,6,12,22,8,14,27,18,9
S01007775,628,293,335,457,228,229,171,65,106,10,7,3,26,13,13,17,7,10,14,6,8,6,3,3,9,2,7,28,13,15,34,7,27,27,7,20
S01007776,523,269,254,392,210,182,131,59,72,6,2,4,25,14,11,8,4,4,6,3,3,4,1,3,3,1,2,21,8,13,29,10,19,29,16,13
S01007777,661,329,332,554,288,266,107,41,66,6,2,4,17,10,7,12,5,7,9,2,7,4,2,2,1,0,1,15,4,11,15,0,15,28,16,12
S01007778,363,180,183,262,140,122,101,40,61,3,1,2,11,4,7,4,1,3,3,1,2,4,3,1,2,2,0,15,6,9,31,10,21,28,12,16
S01007779,577,292,285,404,210,194,173,82,91,5,1,4,23,16,7,14,7,7,10,6,4,7,3,4,10,3,7,35,21,14,45,14,31,24,11,13
S01007780,629,319,310,472,248,224,157,71,86,10,8,2,16,8,8,15,9,6,7,4,3,5,1,4,5,2,3,29,12,17,31,9,22,39,18,21
S01007781,722,350,372,536,261,275,186,89,97,12,7,5,20,9,11,21,14,7,12,7,5,7,5,2,8,4,4,25,10,15,50,14,36,31,19,12
S01007782,363,190,173,190,110,80,173,80,93,7,4,3,31,16,15,15,10,5,10,7,3,8,0,8,11,6,5,18,7,11,35,11,24,38,19,19
S01007783,588,278,310,219,105,114,369,173,196,9,9,0,22,14,8,35,18,17,24,10,14,19,9,10,10,4,6,51,24,27,137,59,78,62,26,36
S01007784,521,255,266,369,182,187,152,73,79,7,4,3,30,20,10,16,9,7,12,6,6,1,1,0,5,1,4,13,4,9,31,8,23,37,20,17
S01007785,404,165,239,197,77,120,207,88,119,7,4,3,25,11,14,13,5,8,6,1,5,8,4,4,7,1,6,20,9,11,67,25,42,54,28,26
S01007786,556,253,303,316,150,166,240,103,137,8,5,3,26,16,10,24,13,11,15,8,7,15,3,12,9,5,4,43,20,23,72,22,50,28,11,17
S01007787,489,217,272,277,127,150,212,90,122,9,3,6,23,9,14,19,4,15,13,4,9,5,2,3,11,7,4,37,17,20,52,24,28,43,20,23
S01007788,455,211,244,198,88,110,257,123,134,7,3,4,27,10,17,25,13,12,13,9,4,13,7,6,6,4,2,26,12,14,64,22,42,76,43,33
S01007789,455,210,245,239,120,119,216,90,126,8,7,1,19,6,13,16,9,7,9,3,6,4,0,4,3,2,1,16,7,9,76,30,46,65,26,39
S01007790,551,233,318,291,131,160,260,102,158,10,6,4,16,7,9,18,5,13,25,10,15,13,3,10,14,4,10,21,6,15,54,18,36,89,43,46
S01007791,356,180,176,289,146,143,67,34,33,2,2,0,7,4,3,9,5,4,9,4,5,1,1,0,3,0,3,10,4,6,17,7,10,9,7,2
S01007792,649,299,350,367,173,194,282,126,156,14,7,7,31,18,13,15,9,6,22,12,10,14,5,9,18,9,9,44,17,27,82,29,53,42,20,22
S01007793,646,287,359,307,136,171,339,151,188,9,4,5,31,15,16,27,15,12,18,11,7,17,7,10,20,8,12,31,16,15,113,46,67,73,29,44
S01007794,427,194,233,237,111,126,190,83,107,7,5,2,33,20,13,21,8,13,13,7,6,11,5,6,5,2,3,29,8,21,37,10,27,34,18,16
S01007795,435,191,244,269,121,148,166,70,96,9,5,4,24,8,16,12,6,6,12,5,7,7,3,4,4,0,4,27,12,15,48,19,29,23,12,11
S01007796,494,227,267,298,140,158,196,87,109,13,9,4,25,12,13,19,11,8,12,0,12,10,6,4,10,6,4,27,12,15,55,24,31,25,7,18
S01007797,376,175,201,188,84,104,188,91,97,5,2,3,22,13,9,16,9,7,6,0,6,11,7,4,15,5,10,28,20,8,48,18,30,37,17,20
S01007798,479,239,240,380,195,185,99,44,55,6,1,5,11,4,7,8,4,4,7,3,4,5,2,3,0,0,0,17,6,11,15,6,9,30,18,12
S01007799,427,199,228,342,170,172,85,29,56,7,4,3,13,6,7,8,2,6,9,3,6,4,2,2,2,0,2,8,1,7,10,2,8,24,9,15
S01007800,655,296,359,326,154,172,329,142,187,9,6,3,27,16,11,33,19,14,16,7,9,11,2,9,12,7,5,35,14,21,117,38,79,69,33,36
S01007801,752,389,363,282,143,139,470,246,224,14,8,6,84,54,30,27,16,11,18,10,8,17,5,12,13,6,7,37,10,27,130,59,71,130,78,52
S01007802,398,189,209,335,165,170,63,24,39,5,5,0,9,3,6,2,1,1,5,1,4,1,1,0,1,1,0,13,2,11,9,2,7,18,8,10
S01007803,728,315,413,325,151,174,403,164,239,9,4,5,46,20,26,39,14,25,17,10,7,10,3,7,11,6,5,63,16,47,118,44,74,90,47,43
S01007804,427,174,253,208,89,119,219,85,134,9,5,4,17,5,12,14,6,8,10,3,7,6,2,4,4,2,2,28,6,22,63,23,40,68,33,35
S01007805,351,138,213,201,86,115,150,52,98,5,0,5,22,12,10,15,8,7,8,1,7,4,2,2,2,2,0,14,2,12,33,6,27,47,19,28
S01007806,463,230,233,281,145,136,182,85,97,4,4,0,21,10,11,13,7,6,5,3,2,11,6,5,6,2,4,28,14,14,69,27,42,25,12,13
S01007807,515,241,274,369,177,192,146,64,82,6,1,5,16,7,9,7,4,3,7,4,3,11,4,7,10,6,4,22,9,13,35,12,23,32,17,15
S01007808,615,288,327,379,178,201,236,110,126,6,3,3,32,19,13,23,8,15,11,3,8,9,6,3,8,3,5,29,13,16,52,20,32,66,35,31
S01007809,675,319,356,467,234,233,208,85,123,10,7,3,35,20,15,7,3,4,12,5,7,9,4,5,10,3,7,37,21,16,63,14,49,25,8,17
S01007810,630,306,324,302,161,141,328,145,183,7,5,2,32,17,15,24,11,13,14,7,7,20,8,12,10,6,4,41,13,28,94,35,59,86,43,43
S01007811,606,271,335,360,167,193,246,104,142,6,3,3,27,16,11,20,9,11,9,4,5,6,1,5,6,2,4,30,13,17,71,26,45,71,30,41
S01007812,578,262,316,291,139,152,287,123,164,7,2,5,38,19,19,29,16,13,16,6,10,8,3,5,11,3,8,36,17,19,68,29,39,74,28,46
S01007813,547,255,292,285,136,149,262,119,143,7,5,2,38,21,17,15,5,10,16,9,7,17,7,10,4,2,2,45,19,26,64,25,39,56,26,30
S01007814,435,205,230,258,130,128,177,75,102,6,3,3,23,8,15,15,12,3,15,7,8,8,3,5,8,2,6,26,8,18,43,18,25,33,14,19
S01007815,687,330,357,474,228,246,213,102,111,3,3,0,23,19,4,22,17,5,9,5,4,5,0,5,8,4,4,34,16,18,64,15,49,45,23,22
S01007816,523,259,264,359,181,178,164,78,86,10,4,6,18,6,12,16,10,6,6,5,1,8,5,3,3,2,1,39,16,23,48,18,30,16,12,4
S01007817,355,162,193,197,95,102,158,67,91,2,1,1,16,6,10,14,7,7,9,4,5,6,2,4,10,6,4,30,16,14,58,16,42,13,9,4
S01007818,569,273,296,395,190,205,174,83,91,9,7,2,15,9,6,21,10,11,10,8,2,6,3,3,10,6,4,36,11,25,44,17,27,23,12,11
S01007819,594,286,308,395,204,191,199,82,117,4,1,3,16,8,8,11,7,4,17,9,8,13,9,4,8,4,4,38,14,24,62,21,41,30,9,21
S01007820,730,341,389,420,207,213,310,134,176,11,6,5,25,13,12,16,6,10,16,8,8,16,6,10,11,6,5,51,22,29,103,34,69,61,33,28
S01007821,419,193,226,281,136,145,138,57,81,6,3,3,17,11,6,10,5,5,3,1,2,5,1,4,6,3,3,26,8,18,44,15,29,21,10,11
S01007822,542,253,289,344,172,172,198,81,117,7,5,2,19,9,10,18,9,9,8,2,6,9,5,4,12,8,4,34,15,19,80,21,59,11,7,4
S01007823,538,260,278,377,194,183,161,66,95,11,3,8,26,13,13,11,4,7,8,5,3,6,2,4,5,2,3,20,8,12,49,16,33,25,13,12
S01007824,533,260,273,353,173,180,180,87,93,6,4,2,19,6,13,16,8,8,5,3,2,7,4,3,4,2,2,40,20,20,50,20,30,33,20,13
S01007825,735,361,374,481,243,238,254,118,136,18,11,7,34,22,12,19,12,7,12,6,6,15,6,9,9,3,6,42,19,23,74,24,50,31,15,16
S01007826,389,176,213,203,98,105,186,78,108,7,5,2,17,7,10,17,8,9,10,4,6,6,3,3,5,1,4,19,6,13,67,28,39,38,16,22
S01007827,477,217,260,332,151,181,145,66,79,8,3,5,30,15,15,16,10,6,9,4,5,6,4,2,1,0,1,16,6,10,31,14,17,28,10,18
S01007828,720,348,372,414,194,220,306,154,152,7,4,3,32,17,15,32,21,11,22,12,10,10,5,5,8,6,2,48,22,26,102,43,59,45,24,21
S01007829,421,198,223,221,110,111,200,88,112,4,4,0,19,11,8,8,4,4,13,6,7,12,7,5,9,4,5,30,11,19,79,29,50,26,12,14
S01007830,697,363,334,364,194,170,333,169,164,10,6,4,30,12,18,24,12,12,14,6,8,15,4,11,12,4,8,61,32,29,116,61,55,51,32,19
S01007831,633,300,333,300,136,164,333,164,169,13,5,8,39,20,19,28,14,14,14,8,6,14,8,6,12,6,6,41,19,22,104,47,57,68,37,31
S01007832,489,235,254,258,129,129,231,106,125,8,5,3,29,21,8,13,8,5,9,4,5,4,2,2,8,3,5,48,21,27,77,28,49,35,14,21
S01007833,519,235,284,230,119,111,289,116,173,9,5,4,23,14,9,23,10,13,20,10,10,9,7,2,17,8,9,50,21,29,117,31,86,21,10,11
S01007834,568,273,295,320,151,169,248,122,126,9,3,6,38,28,10,14,6,8,20,5,15,11,8,3,14,5,9,30,13,17,72,33,39,40,21,19
S01007835,499,233,266,321,155,166,178,78,100,10,6,4,16,8,8,20,11,9,9,4,5,7,2,5,8,4,4,32,15,17,48,16,32,28,12,16
S01007836,380,183,197,230,116,114,150,67,83,3,2,1,15,8,7,10,6,4,5,3,2,4,4,0,7,3,4,24,11,13,50,14,36,32,16,16
S01007837,594,276,318,370,187,183,224,89,135,8,4,4,31,11,20,16,6,10,13,6,7,15,9,6,8,3,5,43,23,20,65,14,51,25,13,12
S01007838,602,274,328,382,188,194,220,86,134,3,0,3,24,12,12,17,7,10,7,6,1,5,3,2,13,4,9,45,20,25,75,22,53,31,12,19
S01007839,487,220,267,252,124,128,235,96,139,10,2,8,37,14,23,24,12,12,12,5,7,2,0,2,6,1,5,29,19,10,52,12,40,63,31,32
S01007840,564,282,282,344,180,164,220,102,118,9,6,3,28,12,16,16,9,7,16,9,7,13,7,6,16,10,6,32,14,18,61,25,36,29,10,19
S01007841,504,234,270,316,144,172,188,90,98,14,6,8,13,6,7,17,8,9,9,7,2,8,3,5,9,4,5,33,18,15,54,23,31,31,15,16
S01007842,552,261,291,293,135,158,259,126,133,11,4,7,44,26,18,22,14,8,16,8,8,11,5,6,19,9,10,26,13,13,54,27,27,56,20,36
S01007843,522,248,274,295,138,157,227,110,117,13,6,7,33,20,13,24,14,10,11,6,5,9,5,4,9,6,3,25,12,13,51,17,34,52,24,28
S01007844,713,346,367,415,196,219,298,150,148,19,13,6,44,19,25,25,14,11,11,7,4,15,6,9,11,3,8,54,27,27,57,28,29,62,33,29
S01007845,606,258,348,330,148,182,276,110,166,5,1,4,18,6,12,32,14,18,19,8,11,15,7,8,17,7,10,39,17,22,65,25,40,66,25,41
S01007846,514,236,278,292,145,147,222,91,131,6,3,3,24,11,13,23,9,14,21,7,14,12,6,6,10,6,4,29,14,15,67,22,45,30,13,17
S01007847,658,303,355,383,185,198,275,118,157,11,5,6,34,14,20,25,10,15,14,7,7,8,4,4,14,7,7,35,14,21,86,38,48,48,19,29
S01007848,586,293,293,290,135,155,296,158,138,10,7,3,39,23,16,24,16,8,24,13,11,10,7,3,10,6,4,47,27,20,84,43,41,48,16,32
S01007849,629,277,352,375,170,205,254,107,147,8,6,2,32,18,14,25,15,10,14,6,8,23,7,16,8,2,6,37,16,21,51,18,33,56,19,37
S01007850,542,259,283,296,148,148,246,111,135,8,3,5,23,11,12,20,10,10,17,6,11,9,5,4,7,5,2,38,18,20,61,17,44,63,36,27
S01007851,628,300,328,351,186,165,277,114,163,10,4,6,27,12,15,20,11,9,13,2,11,10,4,6,7,2,5,48,26,22,117,41,76,25,12,13
S01007852,499,248,251,250,117,133,249,131,118,10,7,3,35,22,13,24,17,7,25,13,12,7,5,2,17,7,10,31,18,13,41,15,26,59,27,32
S01007853,465,232,233,188,92,96,277,140,137,6,4,2,36,15,21,24,15,9,21,15,6,12,6,6,7,5,2,41,19,22,77,35,42,53,26,27
S01007854,780,366,414,371,176,195,409,190,219,12,2,10,52,28,24,33,20,13,30,11,19,10,3,7,18,3,15,45,25,20,122,60,62,87,38,49
S01007855,390,210,180,212,100,112,178,110,68,8,5,3,29,18,11,15,10,5,17,11,6,10,9,1,6,4,2,25,16,9,44,29,15,24,8,16
S01007856,634,296,338,390,187,203,244,109,135,10,7,3,26,8,18,15,5,10,10,8,2,11,6,5,9,6,3,39,19,20,67,22,45,57,28,29
S01007857,352,142,210,190,83,107,162,59,103,6,2,4,14,4,10,12,7,5,8,2,6,3,1,2,8,1,7,31,10,21,41,13,28,39,19,20
S01007858,745,332,413,400,180,220,345,152,193,4,3,1,38,16,22,37,15,22,12,8,4,13,5,8,6,5,1,44,23,21,131,49,82,60,28,32
S01007859,358,169,189,180,91,89,178,78,100,6,1,5,17,7,10,6,5,1,11,4,7,14,7,7,7,3,4,20,9,11,60,23,37,37,19,18
S01007860,441,217,224,289,143,146,152,74,78,11,6,5,21,14,7,8,3,5,8,5,3,6,4,2,4,3,1,21,6,15,43,16,27,30,17,13
S01007861,495,249,246,274,139,135,221,110,111,10,7,3,24,17,7,25,16,9,10,3,7,16,6,10,12,8,4,31,15,16,57,21,36,36,17,19
S01007862,538,247,291,301,146,155,237,101,136,3,2,1,33,15,18,19,10,9,15,6,9,16,7,9,7,3,4,27,10,17,80,30,50,37,18,19
S01007863,641,290,351,304,155,149,337,135,202,12,3,9,44,21,23,18,8,10,21,9,12,20,5,15,18,7,11,65,24,41,72,26,46,67,32,35
S01007864,683,313,370,390,185,205,293,128,165,3,1,2,34,17,17,20,9,11,17,10,7,11,6,5,17,8,9,58,24,34,86,29,57,47,24,23
S01007865,483,232,251,397,196,201,86,36,50,4,3,1,12,4,8,7,4,3,2,1,1,2,0,2,6,1,5,7,5,2,13,3,10,33,15,18
S01007866,441,227,214,376,194,182,65,33,32,7,2,5,12,8,4,8,5,3,4,2,2,5,2,3,1,1,0,5,3,2,5,0,5,18,10,8
S01007867,348,168,180,239,119,120,109,49,60,5,3,2,10,8,2,10,3,7,4,0,4,7,2,5,3,2,1,16,9,7,41,16,25,13,6,7
S01007868,704,343,361,473,240,233,231,103,128,6,4,2,34,18,16,24,15,9,12,4,8,12,6,6,8,4,4,41,18,23,59,17,42,35,17,18
S01007869,696,323,373,490,244,246,206,79,127,7,2,5,28,11,17,15,5,10,16,8,8,5,3,2,5,3,2,23,7,16,58,15,43,49,25,24
S01007870,412,213,199,274,145,129,138,68,70,7,2,5,11,5,6,8,2,6,11,6,5,5,2,3,6,4,2,20,11,9,45,23,22,25,13,12
S01007871,485,229,256,209,111,98,276,118,158,5,1,4,21,9,12,13,4,9,10,6,4,4,2,2,7,2,5,45,22,23,119,52,67,52,20,32
S01007872,529,241,288,222,94,128,307,147,160,15,6,9,36,21,15,15,11,4,13,5,8,9,3,6,10,4,6,38,15,23,100,49,51,71,33,38
S01007873,506,255,251,307,159,148,199,96,103,7,3,4,19,10,9,10,7,3,7,4,3,9,5,4,9,3,6,24,16,8,72,26,46,42,22,20
S01007874,550,276,274,293,147,146,257,129,128,8,4,4,33,20,13,20,11,9,9,7,2,5,1,4,13,6,7,35,16,19,101,45,56,33,19,14
S01007875,396,190,206,257,122,135,139,68,71,5,3,2,18,11,7,6,3,3,9,5,4,4,1,3,5,2,3,18,8,10,52,23,29,22,12,10
S01007876,732,351,381,468,229,239,264,122,142,14,8,6,37,29,8,21,14,7,15,5,10,12,3,9,10,3,7,38,14,24,76,25,51,41,21,20
S01007877,588,303,285,326,179,147,262,124,138,7,5,2,22,14,8,23,10,13,11,5,6,11,5,6,6,4,2,33,16,17,106,45,61,43,20,23
S01007878,471,225,246,249,108,141,222,117,105,3,3,0,14,10,4,19,12,7,13,9,4,5,3,2,9,4,5,31,19,12,88,41,47,40,16,24
S01007879,558,261,297,273,132,141,285,129,156,7,5,2,19,7,12,15,8,7,23,10,13,8,3,5,7,4,3,46,24,22,105,43,62,55,25,30
S01007880,311,155,156,197,106,91,114,49,65,0,0,0,7,3,4,6,3,3,9,3,6,5,3,2,7,6,1,27,14,13,41,13,28,12,4,8
S01007881,410,204,206,216,123,93,194,81,113,8,3,5,17,6,11,15,5,10,9,2,7,7,4,3,9,6,3,25,10,15,74,27,47,30,18,12
S01007882,586,286,300,421,222,199,165,64,101,5,2,3,22,8,14,11,4,7,8,3,5,6,3,3,8,6,2,21,7,14,51,15,36,33,16,17
S01007883,793,381,412,537,269,268,256,112,144,9,6,3,34,18,16,16,5,11,9,6,3,19,6,13,10,4,6,33,17,16,84,32,52,42,18,24
S01007884,483,236,247,301,150,151,182,86,96,5,2,3,16,13,3,11,4,7,12,9,3,9,6,3,2,1,1,24,13,11,63,23,40,40,15,25
S01007885,567,270,297,268,145,123,299,125,174,10,3,7,27,12,15,29,19,10,16,6,10,14,6,8,8,4,4,38,18,20,98,35,63,59,22,37
S01007886,677,350,327,394,206,188,283,144,139,8,5,3,24,11,13,15,6,9,10,6,4,13,8,5,13,5,8,54,30,24,99,54,45,47,19,28
S01007887,429,226,203,307,167,140,122,59,63,4,2,2,6,3,3,6,2,4,6,5,1,9,5,4,5,0,5,15,11,4,45,15,30,26,16,10
S01007888,794,369,425,418,205,213,376,164,212,15,7,8,43,23,20,30,16,14,20,11,9,18,7,11,13,4,9,56,26,30,106,42,64,75,28,47
S01007889,390,177,213,218,103,115,172,74,98,5,2,3,21,10,11,10,5,5,7,3,4,8,1,7,5,1,4,33,18,15,66,26,40,17,8,9
S01007890,552,257,295,346,163,183,206,94,112,3,2,1,20,10,10,14,10,4,13,6,7,6,2,4,5,1,4,29,10,19,87,40,47,29,13,16
S01007891,639,314,325,418,206,212,221,108,113,3,2,1,22,13,9,11,7,4,10,6,4,10,5,5,10,2,8,47,21,26,74,37,37,34,15,19
S01007892,567,284,283,378,199,179,189,85,104,5,3,2,22,14,8,17,7,10,14,8,6,7,3,4,10,2,8,27,14,13,59,16,43,28,18,10
S01007893,764,373,391,487,251,236,277,122,155,11,8,3,28,17,11,10,6,4,14,7,7,17,7,10,15,4,11,51,20,31,81,34,47,50,19,31
S01007894,685,336,349,450,238,212,235,98,137,10,3,7,29,17,12,16,5,11,15,4,11,10,5,5,10,4,6,30,12,18,70,31,39,45,17,28
S01007895,402,187,215,240,121,119,162,66,96,2,0,2,18,6,12,12,6,6,12,6,6,10,6,4,7,3,4,32,12,20,47,15,32,22,12,10
S01007896,635,298,337,331,172,159,304,126,178,6,2,4,27,12,15,25,13,12,23,9,14,14,4,10,10,6,4,45,16,29,85,33,52,69,31,38
S01007897,332,178,154,230,129,101,102,49,53,4,1,3,11,6,5,7,6,1,8,4,4,2,0,2,3,2,1,22,11,11,30,13,17,15,6,9
S01007898,347,179,168,233,127,106,114,52,62,3,3,0,12,8,4,8,3,5,8,6,2,6,3,3,2,1,1,22,8,14,33,9,24,20,11,9
S01007899,289,158,131,199,111,88,90,47,43,4,1,3,9,7,2,6,4,2,2,0,2,2,0,2,2,1,1,19,10,9,32,14,18,14,10,4
S01007900,408,191,217,214,114,100,194,77,117,9,4,5,21,10,11,5,2,3,13,3,10,2,1,1,4,4,0,20,10,10,66,20,46,54,23,31
S01007901,521,253,268,291,149,142,230,104,126,9,5,4,27,17,10,17,12,5,17,8,9,4,1,3,8,2,6,22,13,9,83,31,52,43,15,28
S01007902,690,343,347,323,166,157,367,177,190,7,5,2,29,16,13,11,6,5,18,12,6,15,6,9,16,12,4,46,24,22,147,65,82,78,31,47
S01007903,479,233,246,228,122,106,251,111,140,8,6,2,22,13,9,14,6,8,11,4,7,11,7,4,13,5,8,33,20,13,106,34,72,33,16,17
S01007904,656,339,317,398,222,176,258,117,141,7,3,4,18,8,10,14,6,8,14,6,8,9,6,3,5,0,5,36,17,19,76,21,55,79,50,29
S01007905,509,243,266,232,122,110,277,121,156,9,5,4,22,5,17,24,14,10,12,5,7,16,6,10,11,5,6,33,15,18,88,35,53,62,31,31
S01007906,526,233,293,261,124,137,265,109,156,9,7,2,16,8,8,13,6,7,11,8,3,11,3,8,7,3,4,32,9,23,124,50,74,42,15,27
S01007907,428,210,218,218,113,105,210,97,113,5,2,3,11,6,5,8,4,4,10,6,4,9,5,4,5,1,4,40,22,18,86,36,50,36,15,21
S01007908,694,345,349,380,204,176,314,141,173,13,10,3,33,21,12,19,11,8,13,7,6,13,6,7,8,4,4,51,17,34,121,47,74,43,18,25
S01007909,398,197,201,241,133,108,157,64,93,7,5,2,15,6,9,13,6,7,4,2,2,6,4,2,5,0,5,27,12,15,51,16,35,29,13,16
S01007910,652,303,349,351,170,181,301,133,168,16,10,6,36,16,20,17,8,9,27,15,12,5,3,2,6,2,4,33,13,20,83,29,54,78,37,41
S01007911,576,281,295,355,182,173,221,99,122,6,4,2,25,16,9,13,6,7,13,8,5,3,1,2,7,2,5,34,17,17,83,26,57,37,19,18
S01007912,605,293,312,348,170,178,257,123,134,12,6,6,25,16,9,17,9,8,14,7,7,9,5,4,12,8,4,39,18,21,88,36,52,41,18,23
S01007913,449,232,217,237,126,111,212,106,106,7,5,2,21,13,8,19,9,10,8,4,4,9,6,3,8,5,3,33,17,16,58,25,33,49,22,27
S01007914,476,221,255,239,122,117,237,99,138,16,7,9,31,17,14,11,7,4,15,9,6,8,1,7,8,4,4,28,14,14,72,20,52,48,20,28
S01007915,631,312,319,374,189,185,257,123,134,11,8,3,33,16,17,16,9,7,23,12,11,13,9,4,12,4,8,34,21,13,74,21,53,41,23,18
S01007916,584,280,304,302,150,152,282,130,152,5,4,1,26,19,7,14,7,7,8,5,3,12,6,6,5,2,3,49,22,27,111,40,71,52,25,27
S01007917,648,320,328,369,188,181,279,132,147,12,6,6,31,21,10,23,14,9,21,14,7,15,8,7,9,6,3,43,17,26,77,28,49,48,18,30
S01007918,692,364,328,413,213,200,279,151,128,4,3,1,29,23,6,23,13,10,15,8,7,14,9,5,11,7,4,43,21,22,83,38,45,57,29,28
S01007919,587,293,294,383,209,174,204,84,120,7,4,3,28,15,13,21,12,9,16,9,7,5,3,2,8,5,3,36,12,24,53,14,39,30,10,20
S01007920,463,229,234,314,168,146,149,61,88,7,3,4,18,7,11,14,8,6,12,6,6,2,1,1,9,2,7,23,7,16,43,16,27,21,11,10
S01007921,690,341,349,358,177,181,332,164,168,12,10,2,35,26,9,13,5,8,10,5,5,14,5,9,12,7,5,40,18,22,131,58,73,65,30,35
S01007922,658,305,353,332,165,167,326,140,186,10,6,4,34,21,13,19,11,8,18,9,9,15,6,9,10,5,5,31,11,20,118,40,78,71,31,40
S01007923,734,357,377,495,251,244,239,106,133,3,0,3,28,19,9,19,8,11,15,5,10,7,1,6,9,4,5,38,21,17,78,32,46,42,16,26
S01007924,735,357,378,379,190,189,356,167,189,8,4,4,42,24,18,26,16,10,18,9,9,8,2,6,15,7,8,51,20,31,124,55,69,64,30,34
S01007925,367,190,177,253,145,108,114,45,69,10,4,6,13,5,8,8,4,4,10,4,6,5,0,5,5,2,3,15,7,8,37,11,26,11,8,3
S01007926,365,189,176,267,143,124,98,46,52,3,3,0,14,9,5,15,7,8,5,2,3,3,0,3,4,3,1,16,5,11,19,6,13,19,11,8
S01007927,494,253,241,358,189,169,136,64,72,9,6,3,20,9,11,11,4,7,9,2,7,8,7,1,3,1,2,14,5,9,39,18,21,23,12,11
S01007928,739,347,392,473,237,236,266,110,156,12,7,5,32,15,17,19,9,10,17,7,10,8,2,6,9,2,7,42,19,23,80,31,49,47,18,29
S01007929,568,293,275,417,227,190,151,66,85,9,5,4,19,11,8,16,7,9,4,3,1,6,2,4,4,3,1,33,14,19,36,11,25,24,10,14
S01007930,454,225,229,344,181,163,110,44,66,4,2,2,14,6,8,10,5,5,6,1,5,3,2,1,3,0,3,28,13,15,29,9,20,13,6,7
S01007931,821,383,438,509,254,255,312,129,183,14,7,7,45,23,22,23,8,15,21,10,11,9,2,7,9,6,3,49,26,23,100,28,72,42,19,23
S01007932,650,311,339,385,200,185,265,111,154,12,5,7,37,17,20,20,8,12,11,6,5,14,5,9,9,4,5,40,19,21,80,28,52,42,19,23
S01007933,616,279,337,397,199,198,219,80,139,9,3,6,27,12,15,15,7,8,16,5,11,5,2,3,5,3,2,36,14,22,59,14,45,47,20,27
S01007934,500,232,268,320,161,159,180,71,109,9,4,5,15,4,11,12,6,6,14,4,10,7,1,6,6,1,5,22,9,13,51,21,30,44,21,23
S01007935,593,285,308,368,194,174,225,91,134,12,7,5,41,17,24,14,6,8,13,7,6,7,2,5,8,2,6,36,20,16,60,18,42,34,12,22
S01007936,741,361,380,545,290,255,196,71,125,2,2,0,33,9,24,12,4,8,15,7,8,12,7,5,7,3,4,35,13,22,44,9,35,36,17,19
S01007937,813,388,425,567,280,287,246,108,138,10,8,2,34,19,15,24,13,11,16,8,8,13,4,9,18,8,10,37,16,21,53,12,41,41,20,21
S01007938,585,264,321,334,159,175,251,105,146,5,3,2,31,18,13,19,12,7,22,7,15,12,7,5,3,1,2,37,14,23,89,28,61,33,15,18
S01007939,620,286,334,348,175,173,272,111,161,9,3,6,36,18,18,25,12,13,17,9,8,4,2,2,13,5,8,32,14,18,78,23,55,58,25,33
S01007940,760,393,367,457,247,210,303,146,157,5,4,1,46,27,19,29,14,15,20,12,8,14,7,7,8,3,5,52,27,25,91,37,54,38,15,23
S01007941,513,247,266,348,179,169,165,68,97,7,2,5,25,14,11,10,5,5,8,2,6,8,2,6,2,1,1,28,16,12,51,13,38,26,13,13
S01007942,347,176,171,236,125,111,111,51,60,7,3,4,11,8,3,11,6,5,9,3,6,6,3,3,5,1,4,20,7,13,20,9,11,22,11,11
S01007943,482,232,250,281,144,137,201,88,113,10,5,5,27,13,14,18,12,6,22,7,15,9,4,5,9,4,5,38,19,19,53,16,37,15,8,7
S01007944,694,339,355,410,220,190,284,119,165,11,6,5,44,21,23,22,12,10,8,5,3,13,4,9,13,11,2,53,20,33,80,22,58,40,18,22
S01007945,631,320,311,342,183,159,289,137,152,13,9,4,24,14,10,21,10,11,23,16,7,16,5,11,11,6,5,49,27,22,88,35,53,44,15,29
S01007946,608,312,296,343,179,164,265,133,132,14,9,5,24,16,8,24,19,5,10,7,3,21,11,10,7,2,5,41,21,20,77,32,45,47,16,31
S01007947,572,282,290,331,174,157,241,108,133,3,2,1,20,13,7,26,16,10,16,10,6,16,7,9,8,5,3,37,14,23,72,23,49,43,18,25
S01007948,484,231,253,223,118,105,261,113,148,9,5,4,27,15,12,20,7,13,14,5,9,11,7,4,15,7,8,32,9,23,79,31,48,54,27,27
S01007949,605,278,327,366,173,193,239,105,134,13,7,6,26,18,8,23,12,11,17,8,9,13,7,6,7,4,3,42,16,26,74,24,50,24,9,15
S01007950,691,322,369,452,234,218,239,88,151,10,6,4,34,11,23,20,10,10,16,8,8,8,4,4,10,1,9,42,19,23,67,19,48,32,10,22
S01007951,561,265,296,363,183,180,198,82,116,7,3,4,28,13,15,16,9,7,7,5,2,10,3,7,7,1,6,30,15,15,59,18,41,34,15,19
S01007952,467,221,246,252,117,135,215,104,111,10,7,3,17,11,6,13,6,7,7,4,3,11,8,3,4,1,3,33,16,17,85,34,51,35,17,18
S01007953,710,325,385,434,219,215,276,106,170,7,3,4,28,17,11,22,7,15,24,11,13,7,4,3,6,4,2,48,15,33,86,29,57,48,16,32
S01007954,553,272,281,280,142,138,273,130,143,8,5,3,35,21,14,12,7,5,10,3,7,18,9,9,14,7,7,32,14,18,89,39,50,55,25,30
S01007955,606,280,326,370,184,186,236,96,140,7,5,2,28,17,11,23,11,12,11,2,9,18,7,11,7,5,2,33,14,19,60,16,44,49,19,30
S01007956,533,238,295,319,140,179,214,98,116,9,6,3,27,18,9,15,10,5,11,7,4,4,2,2,3,1,2,34,11,23,64,19,45,47,24,23
S01007957,702,335,367,397,195,202,305,140,165,5,3,2,30,17,13,13,6,7,14,4,10,9,5,4,11,6,5,51,27,24,115,43,72,57,29,28
S01007958,629,295,334,341,164,177,288,131,157,13,7,6,37,24,13,27,13,14,18,9,9,9,7,2,13,6,7,44,18,26,68,22,46,59,25,34
S01007959,597,298,299,391,199,192,206,99,107,11,6,5,22,11,11,15,12,3,14,10,4,9,6,3,6,2,4,35,13,22,76,30,46,18,9,9
S01007960,535,242,293,329,156,173,206,86,120,11,8,3,23,12,11,7,3,4,12,6,6,12,1,11,7,4,3,35,12,23,68,27,41,31,13,18
S01007961,1061,772,289,447,274,173,614,498,116,14,10,4,63,51,12,55,50,5,57,53,4,30,24,6,32,25,7,84,71,13,121,80,41,158,134,24
S01007962,418,189,229,245,125,120,173,64,109,6,5,1,27,15,12,10,6,4,7,2,5,8,3,5,4,3,1,29,9,20,45,12,33,37,9,28
S01007963,668,303,365,249,130,119,419,173,246,15,8,7,45,18,27,38,15,23,18,6,12,24,12,12,12,7,5,52,18,34,115,48,67,100,41,59
S01007964,569,272,297,299,149,150,270,123,147,4,1,3,43,29,14,18,9,9,21,9,12,10,4,6,9,4,5,42,16,26,77,27,50,46,24,22
S01007965,414,197,217,237,120,117,177,77,100,10,7,3,12,7,5,9,4,5,9,5,4,7,3,4,3,2,1,23,9,14,61,25,36,43,15,28
S01007966,661,275,386,328,151,177,333,124,209,9,2,7,29,13,16,25,10,15,19,9,10,17,5,12,15,7,8,47,19,28,98,30,68,74,29,45
S01007967,444,200,244,237,106,131,207,94,113,6,5,1,21,16,5,18,9,9,9,4,5,10,3,7,2,0,2,26,10,16,54,21,33,61,26,35
S01007968,614,291,323,373,194,179,241,97,144,10,3,7,25,15,10,26,11,15,14,9,5,7,3,4,11,2,9,37,17,20,74,18,56,37,19,18
S01007969,590,285,305,363,183,180,227,102,125,8,5,3,20,10,10,14,8,6,15,10,5,5,2,3,8,3,5,36,16,20,85,27,58,36,21,15
S01007970,625,290,335,397,198,199,228,92,136,7,3,4,27,18,9,19,7,12,18,8,10,5,3,2,6,5,1,46,15,31,68,22,46,32,11,21
S01007971,659,314,345,385,195,190,274,119,155,6,3,3,41,21,20,23,13,10,12,5,7,9,4,5,8,2,6,31,13,18,89,34,55,55,24,31
S01007972,600,292,308,397,195,202,203,97,106,8,1,7,34,20,14,12,7,5,14,8,6,8,4,4,4,1,3,29,13,16,61,23,38,33,20,13
S01007973,678,335,343,469,240,229,209,95,114,6,5,1,15,7,8,12,8,4,18,8,10,7,4,3,14,9,5,51,23,28,67,19,48,19,12,7
S01007974,610,281,329,332,155,177,278,126,152,7,6,1,22,14,8,16,8,8,11,5,6,18,10,8,11,4,7,44,12,32,100,47,53,49,20,29
S01007975,470,242,228,279,145,134,191,97,94,7,6,1,25,16,9,13,8,5,15,9,6,4,1,3,5,4,1,29,13,16,64,24,40,29,16,13
S01007976,536,259,277,301,155,146,235,104,131,10,4,6,32,20,12,13,3,10,10,3,7,12,8,4,13,7,6,46,22,24,76,27,49,23,10,13
S01007977,518,246,272,374,186,188,144,60,84,4,1,3,19,10,9,16,6,10,7,2,5,5,1,4,4,3,1,18,9,9,43,13,30,28,15,13
S01007978,456,245,211,308,171,137,148,74,74,12,5,7,19,16,3,17,7,10,15,8,7,9,4,5,8,4,4,16,9,7,30,10,20,22,11,11
S01007979,639,328,311,439,240,199,200,88,112,15,7,8,19,12,7,21,9,12,11,6,5,11,4,7,9,3,6,33,14,19,53,19,34,28,14,14
S01007980,528,262,266,339,173,166,189,89,100,4,3,1,26,17,9,18,12,6,9,4,5,4,2,2,11,4,7,20,10,10,67,21,46,30,16,14
S01007981,426,199,227,252,128,124,174,71,103,4,2,2,18,9,9,27,18,9,11,4,7,11,6,5,15,6,9,21,11,10,53,11,42,14,4,10
S01007982,400,185,215,249,116,133,151,69,82,3,0,3,13,6,7,12,7,5,12,8,4,6,4,2,10,4,6,34,15,19,48,17,31,13,8,5
S01007983,556,258,298,281,140,141,275,118,157,11,10,1,28,15,13,23,13,10,6,0,6,11,6,5,9,5,4,50,23,27,96,27,69,41,19,22
S01007984,615,290,325,357,171,186,258,119,139,3,2,1,28,19,9,14,9,5,13,6,7,18,11,7,13,5,8,51,26,25,76,23,53,42,18,24
S01007985,698,327,371,352,180,172,346,147,199,10,5,5,24,13,11,28,16,12,26,10,16,18,13,5,18,9,9,68,25,43,94,31,63,60,25,35
S01007986,437,210,227,255,127,128,182,83,99,3,3,0,20,13,7,10,2,8,13,7,6,9,5,4,8,1,7,35,17,18,52,18,34,32,17,15
S01007987,586,289,297,387,195,192,199,94,105,2,2,0,22,14,8,16,14,2,15,4,11,11,7,4,12,7,5,30,11,19,59,20,39,32,15,17
S01007988,632,299,333,334,170,164,298,129,169,10,6,4,32,15,17,17,11,6,21,6,15,13,3,10,7,2,5,65,28,37,83,32,51,50,26,24
S01007989,532,251,281,324,155,169,208,96,112,12,7,5,30,15,15,20,10,10,16,8,8,7,1,6,3,1,2,29,15,14,41,13,28,50,26,24
S01007990,665,308,357,449,216,233,216,92,124,12,7,5,23,18,5,26,13,13,15,6,9,8,1,7,4,1,3,27,11,16,55,16,39,46,19,27
S01007991,699,346,353,567,297,270,132,49,83,9,5,4,18,4,14,10,6,4,7,5,2,7,1,6,4,2,2,21,8,13,26,6,20,30,12,18
S01007992,484,235,249,384,201,183,100,34,66,6,2,4,18,6,12,9,2,7,4,0,4,2,1,1,5,2,3,13,3,10,12,2,10,31,16,15
S01007993,676,326,350,474,233,241,202,93,109,12,6,6,32,23,9,18,8,10,11,8,3,9,4,5,10,4,6,39,14,25,47,13,34,24,13,11
S01007994,596,287,309,486,245,241,110,42,68,9,5,4,17,9,8,14,3,11,3,1,2,4,1,3,5,2,3,18,9,9,15,3,12,25,9,16
S01007995,674,333,341,517,259,258,157,74,83,4,1,3,21,13,8,10,5,5,14,5,9,2,1,1,5,1,4,36,13,23,26,10,16,39,25,14
S01007996,361,181,180,240,125,115,121,56,65,5,5,0,13,7,6,6,3,3,8,5,3,8,4,4,5,3,2,24,13,11,34,8,26,18,8,10
S01007997,515,249,266,337,171,166,178,78,100,4,1,3,18,9,9,19,11,8,13,7,6,10,5,5,7,3,4,33,17,16,58,16,42,16,9,7
S01007998,399,197,202,263,140,123,136,57,79,2,1,1,16,7,9,17,9,8,8,3,5,3,2,1,3,2,1,18,2,16,51,22,29,18,9,9
S01007999,496,230,266,318,157,161,178,73,105,5,2,3,23,7,16,14,3,11,5,3,2,9,2,7,5,3,2,30,15,15,52,21,31,35,17,18
S01008000,627,275,352,349,156,193,278,119,159,10,4,6,34,21,13,18,8,10,11,6,5,15,4,11,9,5,4,37,19,18,79,30,49,65,22,43
S01008001,610,285,325,286,143,143,324,142,182,10,6,4,48,19,29,19,14,5,18,12,6,14,8,6,8,3,5,56,21,35,72,28,44,79,31,48
S01008002,584,285,299,283,149,134,301,136,165,11,10,1,31,18,13,17,10,7,29,13,16,4,1,3,9,3,6,32,20,12,72,24,48,96,37,59
S01008003,447,212,235,284,145,139,163,67,96,3,1,2,23,12,11,10,6,4,6,4,2,11,4,7,4,1,3,17,5,12,52,18,34,37,16,21
S01008004,454,209,245,329,160,169,125,49,76,9,4,5,18,11,7,14,4,10,10,1,9,5,2,3,4,2,2,9,1,8,26,11,15,30,13,17
S01008005,396,168,228,297,135,162,99,33,66,8,6,2,8,1,7,11,2,9,7,2,5,7,4,3,6,3,3,16,3,13,10,2,8,26,10,16
S01008006,413,183,230,173,88,85,240,95,145,5,2,3,17,9,8,15,4,11,17,5,12,10,4,6,5,2,3,32,15,17,73,27,46,66,27,39
S01008007,327,165,162,168,86,82,159,79,80,7,5,2,23,18,5,9,6,3,12,6,6,7,3,4,5,2,3,22,8,14,29,15,14,45,16,29
S01008008,439,203,236,252,121,131,187,82,105,10,7,3,15,7,8,13,4,9,14,5,9,10,5,5,7,5,2,13,7,6,51,17,34,54,25,29
S01008009,568,265,303,302,142,160,266,123,143,13,5,8,41,29,12,16,10,6,17,6,11,7,4,3,3,1,2,46,20,26,67,27,40,56,21,35
S01008010,722,374,348,392,205,187,330,169,161,9,3,6,52,29,23,30,18,12,19,10,9,6,2,4,17,8,9,58,33,25,62,26,36,77,40,37
S01008011,477,252,225,248,131,117,229,121,108,11,9,2,30,15,15,12,9,3,13,5,8,6,4,2,4,4,0,33,21,12,78,38,40,42,16,26
S01008012,646,336,310,416,209,207,230,127,103,11,9,2,27,13,14,20,10,10,13,9,4,14,8,6,7,4,3,37,23,14,56,24,32,45,27,18
S01008013,470,238,232,315,164,151,155,74,81,2,2,0,14,10,4,13,5,8,5,1,4,1,0,1,7,6,1,29,17,12,63,23,40,21,10,11
S01008014,487,241,246,321,162,159,166,79,87,10,5,5,19,16,3,20,12,8,10,6,4,5,3,2,6,1,5,29,13,16,40,9,31,27,14,13
S01008015,585,281,304,348,163,185,237,118,119,13,7,6,25,15,10,13,7,6,24,12,12,11,6,5,9,5,4,40,21,19,74,30,44,28,15,13
S01008016,587,282,305,353,177,176,234,105,129,7,5,2,21,14,7,17,7,10,13,8,5,5,3,2,5,3,2,42,20,22,90,34,56,34,11,23
S01008017,638,305,333,407,212,195,231,93,138,5,3,2,25,10,15,21,9,12,10,5,5,14,5,9,5,3,2,47,24,23,82,23,59,22,11,11
S01008018,489,235,254,308,164,144,181,71,110,7,1,6,24,11,13,22,15,7,11,4,7,10,3,7,9,4,5,28,13,15,54,16,38,16,4,12
S01008019,537,277,260,367,203,164,170,74,96,11,9,2,18,10,8,14,8,6,7,1,6,5,1,4,4,2,2,32,16,16,48,12,36,31,15,16
S01008020,475,235,240,351,179,172,124,56,68,10,6,4,26,11,15,10,5,5,6,3,3,6,2,4,3,1,2,21,11,10,27,11,16,15,6,9
S01008021,426,199,227,276,136,140,150,63,87,4,2,2,17,7,10,9,5,4,9,4,5,2,2,0,4,1,3,31,11,20,60,25,35,14,6,8
S01008022,550,272,278,371,190,181,179,82,97,5,2,3,22,14,8,14,9,5,12,6,6,6,2,4,10,3,7,37,18,19,47,15,32,26,13,13
S01008023,529,262,267,402,208,194,127,54,73,9,4,5,22,14,8,13,6,7,8,2,6,1,0,1,4,1,3,10,3,7,31,11,20,29,13,16
S01008024,477,225,252,415,196,219,62,29,33,4,4,0,14,5,9,0,0,0,9,2,7,0,0,0,7,3,4,5,2,3,10,5,5,13,8,5
S01008025,565,275,290,393,200,193,172,75,97,5,3,2,15,6,9,19,8,11,11,4,7,14,8,6,8,5,3,23,10,13,52,21,31,25,10,15
S01008026,761,378,383,484,259,225,277,119,158,9,4,5,21,12,9,33,20,13,11,4,7,15,4,11,16,8,8,43,22,21,86,28,58,43,17,26
S01008027,433,199,234,263,127,136,170,72,98,3,1,2,26,15,11,12,3,9,5,2,3,7,5,2,2,2,0,31,11,20,57,25,32,27,8,19
S01008028,439,221,218,315,165,150,124,56,68,3,2,1,15,9,6,14,8,6,5,2,3,5,1,4,3,2,1,31,13,18,29,8,21,19,11,8
S01008029,675,351,324,436,231,205,239,120,119,3,1,2,35,16,19,18,14,4,16,6,10,6,0,6,8,3,5,46,24,22,56,24,32,51,32,19
S01008030,811,376,435,518,249,269,293,127,166,13,7,6,28,17,11,25,15,10,19,7,12,9,7,2,10,4,6,46,19,27,100,30,70,43,21,22
S01008031,662,309,353,403,194,209,259,115,144,7,3,4,43,21,22,16,4,12,15,9,6,13,8,5,5,2,3,43,28,15,68,21,47,49,19,30
S01008032,691,330,361,441,218,223,250,112,138,10,4,6,25,13,12,14,9,5,13,7,6,11,5,6,7,3,4,43,26,17,85,23,62,42,22,20
S01008033,600,305,295,453,241,212,147,64,83,12,7,5,22,11,11,14,8,6,9,4,5,5,1,4,5,3,2,17,5,12,25,9,16,38,16,22
S01008034,578,273,305,444,220,224,134,53,81,7,4,3,15,7,8,7,3,4,12,4,8,6,2,4,6,0,6,17,7,10,27,8,19,37,18,19
S01008035,485,233,252,312,151,161,173,82,91,8,6,2,28,19,9,20,8,12,12,5,7,10,4,6,4,2,2,27,12,15,41,11,30,23,15,8
S01008036,515,262,253,336,178,158,179,84,95,6,3,3,24,15,9,11,5,6,11,10,1,13,5,8,7,2,5,30,13,17,47,13,34,30,18,12
S01008037,752,351,401,478,234,244,274,117,157,9,3,6,32,20,12,17,11,6,15,9,6,5,2,3,16,7,9,51,17,34,88,33,55,41,15,26
S01008038,530,240,290,370,178,192,160,62,98,8,3,5,19,6,13,16,7,9,13,4,9,5,3,2,2,2,0,30,8,22,40,17,23,27,12,15
S01008039,656,314,342,424,214,210,232,100,132,11,3,8,30,13,17,15,11,4,12,3,9,8,3,5,10,1,9,29,13,16,78,31,47,39,22,17
S01008040,568,267,301,356,189,167,212,78,134,6,2,4,20,8,12,16,8,8,10,5,5,14,6,8,11,2,9,39,14,25,64,20,44,32,13,19
S01008041,485,237,248,304,148,156,181,89,92,8,6,2,17,11,6,15,9,6,14,4,10,9,3,6,3,2,1,33,16,17,64,25,39,18,13,5
S01008042,397,187,210,254,133,121,143,54,89,8,3,5,16,9,7,13,5,8,6,1,5,7,5,2,10,7,3,22,6,16,39,7,32,22,11,11
S01008043,640,307,333,437,226,211,203,81,122,7,5,2,21,8,13,16,7,9,13,5,8,7,2,5,10,6,4,39,17,22,67,16,51,23,15,8
S01008044,686,324,362,468,240,228,218,84,134,9,4,5,33,11,22,17,6,11,8,5,3,6,1,5,6,4,2,41,20,21,61,13,48,37,20,17
S01008045,698,339,359,421,223,198,277,116,161,14,6,8,25,12,13,21,7,14,18,13,5,13,5,8,15,8,7,43,17,26,82,21,61,46,27,19
S01008046,549,239,310,311,148,163,238,91,147,12,7,5,30,13,17,21,7,14,11,4,7,6,2,4,8,3,5,41,12,29,73,26,47,36,17,19
S01008047,489,241,248,305,160,145,184,81,103,8,6,2,24,11,13,9,6,3,12,5,7,6,2,4,10,5,5,29,8,21,56,23,33,30,15,15
S01008048,425,210,215,241,130,111,184,80,104,5,4,1,24,16,8,11,5,6,12,2,10,7,4,3,7,5,2,37,16,21,58,16,42,23,12,11
S01008049,596,285,311,370,198,172,226,87,139,5,1,4,31,16,15,16,9,7,10,6,4,6,1,5,14,4,10,45,19,26,75,20,55,24,11,13
S01008050,437,200,237,261,134,127,176,66,110,4,4,0,15,5,10,13,6,7,9,3,6,9,2,7,9,4,5,29,14,15,63,18,45,25,10,15
S01008051,619,300,319,429,224,205,190,76,114,13,8,5,17,9,8,10,3,7,11,3,8,11,3,8,9,4,5,33,13,20,55,17,38,31,16,15
S01008052,602,301,301,431,229,202,171,72,99,9,2,7,25,14,11,12,7,5,15,3,12,11,6,5,12,7,5,28,12,16,36,9,27,23,12,11
S01008053,419,199,220,249,123,126,170,76,94,5,3,2,18,10,8,15,5,10,8,5,3,7,4,3,9,4,5,37,20,17,53,15,38,18,10,8
S01008054,528,270,258,341,188,153,187,82,105,6,3,3,19,9,10,15,8,7,12,5,7,7,4,3,4,2,2,32,16,16,66,19,47,26,16,10
S01008055,748,369,379,488,268,220,260,101,159,7,6,1,34,15,19,21,10,11,9,2,7,16,4,12,13,6,7,48,15,33,59,16,43,53,27,26
S01008056,494,242,252,314,172,142,180,70,110,7,4,3,20,10,10,9,4,5,17,6,11,6,5,1,8,3,5,23,6,17,62,14,48,28,18,10
S01008057,637,318,319,437,230,207,200,88,112,8,7,1,27,12,15,10,3,7,12,4,8,11,5,6,8,4,4,36,19,17,63,22,41,25,12,13
S01008058,695,327,368,488,251,237,207,76,131,11,6,5,26,16,10,11,2,9,16,5,11,13,4,9,9,3,6,34,15,19,46,11,35,41,14,27
S01008059,527,252,275,347,171,176,180,81,99,9,5,4,20,9,11,5,4,1,8,3,5,12,7,5,6,1,5,44,25,19,44,12,32,32,15,17
S01008060,696,323,373,463,231,232,233,92,141,9,3,6,28,11,17,15,5,10,13,5,8,11,5,6,12,6,6,48,17,31,56,21,35,41,19,22
S01008061,495,235,260,380,188,192,115,47,68,8,3,5,15,10,5,8,2,6,2,1,1,6,2,4,4,2,2,10,4,6,32,5,27,30,18,12
S01008062,638,298,340,428,215,213,210,83,127,5,4,1,29,13,16,14,6,8,18,5,13,11,2,9,6,4,2,44,15,29,61,20,41,22,14,8
S01008063,655,310,345,448,233,215,207,77,130,5,3,2,24,12,12,16,9,7,16,4,12,7,1,6,12,6,6,31,16,15,55,12,43,41,14,27
S01008064,522,237,285,315,156,159,207,81,126,10,4,6,26,13,13,17,9,8,8,2,6,8,2,6,9,3,6,22,6,16,57,12,45,50,30,20
S01008065,720,355,365,484,253,231,236,102,134,19,9,10,33,17,16,17,7,10,15,8,7,11,4,7,12,6,6,42,13,29,43,15,28,44,23,21
S01008066,659,325,334,423,229,194,236,96,140,17,11,6,27,11,16,14,9,5,15,6,9,19,10,9,5,3,2,38,15,23,58,11,47,43,20,23
S01008067,466,225,241,307,166,141,159,59,100,3,2,1,16,5,11,11,6,5,5,3,2,1,1,0,9,2,7,27,14,13,59,13,46,28,13,15
S01008068,701,333,368,467,238,229,234,95,139,9,6,3,37,19,18,14,3,11,14,5,9,11,4,7,10,7,3,41,16,25,70,26,44,28,9,19
S01008069,699,327,372,485,236,249,214,91,123,6,1,5,24,13,11,19,7,12,15,8,7,8,2,6,15,6,9,32,16,16,62,21,41,33,17,16
S01008070,686,324,362,476,235,241,210,89,121,9,4,5,28,9,19,17,8,9,13,5,8,5,0,5,11,6,5,34,18,16,64,24,40,29,15,14
S01008071,518,244,274,380,192,188,138,52,86,2,1,1,16,4,12,16,9,7,12,4,8,3,1,2,4,2,2,28,8,20,30,8,22,27,15,12
S01008072,603,292,311,402,214,188,201,78,123,5,2,3,29,9,20,20,8,12,12,6,6,13,5,8,8,3,5,35,11,24,41,9,32,38,25,13
S01008073,345,173,172,235,119,116,110,54,56,4,2,2,18,10,8,3,0,3,4,1,3,2,1,1,3,1,2,29,16,13,34,14,20,13,9,4
S01008074,719,343,376,497,240,257,222,103,119,8,3,5,30,17,13,11,5,6,11,4,7,15,9,6,13,5,8,45,17,28,50,20,30,39,23,16
S01008075,401,197,204,230,126,104,171,71,100,3,2,1,13,3,10,14,8,6,8,5,3,8,3,5,13,5,8,26,9,17,57,17,40,29,19,10
S01008076,418,195,223,228,114,114,190,81,109,5,2,3,21,11,10,9,4,5,11,2,9,6,3,3,8,3,5,42,25,17,67,20,47,21,11,10
S01008077,570,284,286,348,191,157,222,93,129,15,7,8,30,14,16,16,7,9,15,9,6,8,3,5,9,4,5,35,16,19,57,13,44,37,20,17
S01008078,595,299,296,373,207,166,222,92,130,6,3,3,25,15,10,10,5,5,10,4,6,18,10,8,8,4,4,30,11,19,73,19,54,42,21,21
S01008079,648,319,329,390,213,177,258,106,152,4,4,0,35,19,16,21,8,13,11,4,7,11,5,6,13,6,7,61,25,36,75,24,51,27,11,16
S01008080,497,239,258,336,178,158,161,61,100,5,1,4,15,6,9,12,4,8,9,3,6,9,4,5,8,2,6,29,16,13,56,17,39,18,8,10
S01008081,441,218,223,276,151,125,165,67,98,10,6,4,19,10,9,13,7,6,11,4,7,8,1,7,6,4,2,24,9,15,45,11,34,29,15,14
S01008082,607,290,317,407,201,206,200,89,111,7,3,4,26,14,12,17,10,7,16,9,7,12,7,5,10,4,6,29,13,16,53,16,37,30,13,17
S01008083,540,265,275,341,177,164,199,88,111,8,4,4,25,15,10,10,5,5,10,3,7,11,6,5,7,3,4,33,15,18,62,17,45,33,20,13
S01008084,654,306,348,418,211,207,236,95,141,11,5,6,30,15,15,23,10,13,9,4,5,12,5,7,7,5,2,39,17,22,68,16,52,37,18,19
S01008085,744,362,382,533,259,274,211,103,108,10,7,3,28,17,11,20,10,10,13,7,6,13,5,8,5,1,4,35,17,18,41,17,24,46,22,24
S01008086,812,397,415,577,293,284,235,104,131,10,7,3,31,14,17,17,8,9,18,8,10,9,1,8,5,4,1,36,14,22,69,22,47,40,26,14
S01008087,582,269,313,372,188,184,210,81,129,5,2,3,25,12,13,11,7,4,14,5,9,6,3,3,10,4,6,34,14,20,76,20,56,29,14,15
S01008088,682,326,356,422,213,209,260,113,147,8,6,2,25,15,10,27,12,15,13,9,4,9,5,4,6,2,4,41,21,20,97,26,71,34,17,17
S01008089,494,242,252,310,163,147,184,79,105,6,5,1,21,9,12,19,9,10,2,2,0,11,2,9,8,3,5,26,11,15,53,19,34,38,19,19
S01008090,541,262,279,379,195,184,162,67,95,9,4,5,23,9,14,6,6,0,7,4,3,12,3,9,4,2,2,26,10,16,44,10,34,31,19,12
S01008091,289,136,153,191,92,99,98,44,54,5,4,1,12,5,7,5,3,2,5,1,4,2,1,1,5,3,2,10,6,4,33,9,24,21,12,9
S01008092,630,320,310,396,214,182,234,106,128,9,4,5,27,15,12,5,2,3,12,5,7,7,4,3,5,1,4,49,26,23,87,32,55,33,17,16
S01008093,558,260,298,360,182,178,198,78,120,6,2,4,35,19,16,11,6,5,8,3,5,7,3,4,11,6,5,26,9,17,66,18,48,28,12,16
S01008094,488,238,250,316,172,144,172,66,106,5,2,3,12,8,4,11,5,6,8,6,2,4,1,3,9,4,5,29,8,21,61,17,44,33,15,18
S01008095,557,256,301,352,168,184,205,88,117,7,6,1,22,10,12,15,12,3,8,5,3,10,5,5,10,4,6,35,11,24,70,19,51,28,16,12
S01008096,554,273,281,337,171,166,217,102,115,6,4,2,23,15,8,18,9,9,16,6,10,10,4,6,11,6,5,28,14,14,81,28,53,24,16,8
S01008097,433,206,227,273,136,137,160,70,90,13,7,6,16,8,8,13,5,8,10,3,7,1,1,0,3,0,3,22,11,11,62,21,41,20,14,6
S01008098,539,255,284,379,185,194,160,70,90,4,2,2,21,9,12,9,3,6,9,4,5,7,3,4,6,5,1,21,8,13,48,17,31,35,19,16
S01008099,408,214,194,269,137,132,139,77,62,6,3,3,28,17,11,14,6,8,3,2,1,5,2,3,3,2,1,19,8,11,24,8,16,37,29,8
S01008100,671,320,351,399,212,187,272,108,164,9,3,6,38,18,20,22,13,9,13,3,10,8,2,6,9,1,8,51,18,33,83,25,58,39,25,14
S01008101,599,277,322,425,203,222,174,74,100,8,5,3,25,17,8,7,4,3,13,3,10,5,2,3,9,3,6,26,11,15,44,16,28,37,13,24
S01008102,607,303,304,380,187,193,227,116,111,9,5,4,27,15,12,12,4,8,8,7,1,11,5,6,8,6,2,34,11,23,77,39,38,41,24,17
S01008103,452,205,247,292,141,151,160,64,96,2,1,1,19,9,10,15,11,4,8,3,5,6,4,2,7,4,3,21,8,13,58,13,45,24,11,13
S01008104,659,308,351,405,193,212,254,115,139,7,4,3,25,17,8,21,13,8,13,5,8,19,7,12,10,4,6,40,19,21,65,19,46,54,27,27
S01008105,780,357,423,464,221,243,316,136,180,20,8,12,22,11,11,23,10,13,14,6,8,10,5,5,17,8,9,48,15,33,102,45,57,60,28,32
S01008106,575,259,316,314,145,169,261,114,147,6,4,2,25,17,8,18,11,7,13,5,8,12,6,6,5,2,3,36,12,24,97,40,57,49,17,32
S01008107,614,308,306,487,256,231,127,52,75,7,5,2,16,7,9,10,3,7,9,1,8,7,3,4,4,1,3,17,6,11,17,7,10,40,19,21
S01008108,531,246,285,394,191,203,137,55,82,7,2,5,27,17,10,12,5,7,11,5,6,6,4,2,5,1,4,17,5,12,31,7,24,21,9,12
S01008109,726,346,380,485,247,238,241,99,142,7,3,4,33,19,14,21,7,14,11,9,2,11,3,8,10,2,8,41,19,22,70,19,51,37,18,19
S01008110,652,317,335,484,238,246,168,79,89,6,4,2,21,9,12,14,5,9,4,1,3,7,4,3,10,6,4,24,12,12,50,19,31,32,19,13
S01008111,638,316,322,434,224,210,204,92,112,6,2,4,26,11,15,11,7,4,7,1,6,11,4,7,8,3,5,25,9,16,77,33,44,33,22,11
S01008112,614,287,327,385,189,196,229,98,131,16,8,8,32,19,13,16,6,10,6,4,2,8,3,5,4,1,3,42,16,26,75,24,51,30,17,13
S01008113,683,326,357,447,231,216,236,95,141,7,2,5,37,19,18,16,6,10,12,5,7,13,6,7,9,2,7,43,20,23,75,21,54,24,14,10
S01008114,510,254,256,337,177,160,173,77,96,8,3,5,23,12,11,16,10,6,10,5,5,7,4,3,8,5,3,20,12,8,58,12,46,23,14,9
S01008115,734,367,367,516,266,250,218,101,117,14,3,11,32,24,8,22,10,12,13,5,8,11,7,4,6,2,4,34,13,21,44,17,27,42,20,22
S01008116,703,324,379,472,235,237,231,89,142,17,2,15,22,13,9,16,4,12,16,7,9,16,5,11,6,3,3,42,20,22,54,15,39,42,20,22
S01008117,582,283,299,373,193,180,209,90,119,10,5,5,18,12,6,11,5,6,16,7,9,9,6,3,10,4,6,31,15,16,71,26,45,33,10,23
S01008118,587,265,322,386,194,192,201,71,130,5,2,3,23,13,10,20,10,10,10,4,6,9,4,5,10,6,4,32,8,24,68,19,49,24,5,19
S01008119,496,233,263,278,138,140,218,95,123,10,5,5,27,12,15,19,12,7,7,2,5,7,3,4,4,1,3,27,8,19,72,28,44,45,24,21
S01008120,431,200,231,272,140,132,159,60,99,2,1,1,20,9,11,16,8,8,5,1,4,8,2,6,6,3,3,34,12,22,50,15,35,18,9,9
S01008121,475,238,237,305,160,145,170,78,92,2,1,1,22,11,11,10,5,5,4,3,1,18,12,6,9,5,4,34,13,21,51,15,36,20,13,7
S01008122,529,276,253,346,191,155,183,85,98,9,5,4,34,20,14,21,10,11,11,7,4,7,2,5,8,2,6,18,9,9,45,16,29,30,14,16
S01008123,675,331,344,437,224,213,238,107,131,9,6,3,23,10,13,11,4,7,13,8,5,6,2,4,13,4,9,44,19,25,78,30,48,41,24,17
S01008124,635,307,328,433,222,211,202,85,117,9,4,5,18,7,11,18,9,9,9,6,3,12,3,9,5,1,4,29,17,12,61,18,43,41,20,21
S01008125,659,320,339,455,240,215,204,80,124,6,1,5,19,8,11,16,10,6,12,5,7,17,6,11,15,7,8,27,13,14,62,15,47,30,15,15
S01008126,644,317,327,459,226,233,185,91,94,10,3,7,33,17,16,17,11,6,11,5,6,8,4,4,15,8,7,28,11,17,31,12,19,32,20,12
S01008127,367,185,182,251,128,123,116,57,59,3,3,0,13,6,7,6,2,4,11,5,6,9,5,4,4,3,1,22,12,10,33,11,22,15,10,5
S01008128,695,342,353,442,228,214,253,114,139,7,5,2,28,21,7,20,10,10,13,5,8,14,4,10,10,4,6,50,28,22,73,17,56,38,20,18
S01008129,684,330,354,433,212,221,251,118,133,7,6,1,31,19,12,22,12,10,20,12,8,10,1,9,8,3,5,30,11,19,81,30,51,42,24,18
S01008130,748,390,358,468,247,221,280,143,137,10,4,6,25,15,10,30,20,10,15,10,5,9,4,5,6,2,4,46,21,25,78,30,48,61,37,24
S01008131,596,290,306,350,176,174,246,114,132,7,2,5,28,16,12,21,13,8,12,3,9,13,8,5,6,4,2,35,14,21,79,31,48,45,23,22
S01008132,716,346,370,469,242,227,247,104,143,6,4,2,26,15,11,19,13,6,14,6,8,10,2,8,12,5,7,39,19,20,94,27,67,27,13,14
S01008133,450,215,235,248,132,116,202,83,119,8,5,3,22,9,13,18,8,10,10,4,6,12,3,9,7,2,5,33,14,19,60,25,35,32,13,19
S01008134,470,235,235,325,167,158,145,68,77,7,5,2,20,12,8,7,4,3,9,5,4,5,1,4,7,4,3,17,7,10,52,21,31,21,9,12
S01008135,861,425,436,597,299,298,264,126,138,6,4,2,40,19,21,18,6,12,14,11,3,9,5,4,9,3,6,34,13,21,66,24,42,68,41,27
S01008136,681,336,345,434,217,217,247,119,128,11,8,3,20,15,5,13,9,4,10,5,5,9,4,5,15,8,7,35,12,23,90,36,54,44,22,22
S01008137,634,281,353,323,144,179,311,137,174,13,5,8,21,10,11,19,12,7,26,12,14,3,1,2,21,12,9,39,15,24,88,34,54,81,36,45
S01008138,613,293,320,329,150,179,284,143,141,7,3,4,39,21,18,17,10,7,13,7,6,8,5,3,5,3,2,40,16,24,93,43,50,62,35,27
S01008139,647,311,336,363,157,206,284,154,130,9,5,4,35,22,13,38,26,12,16,10,6,6,3,3,5,2,3,39,12,27,84,41,43,52,33,19
S01008140,344,167,177,204,104,100,140,63,77,8,2,6,10,8,2,8,4,4,9,5,4,7,3,4,3,2,1,23,9,14,45,16,29,27,14,13
S01008141,643,313,330,425,217,208,218,96,122,8,2,6,25,15,10,10,5,5,11,4,7,7,6,1,9,3,6,42,26,16,72,18,54,34,17,17
S01008142,636,307,329,445,224,221,191,83,108,14,5,9,29,13,16,24,12,12,10,6,4,7,1,6,7,4,3,22,6,16,48,18,30,30,18,12
S01008143,674,294,380,390,173,217,284,121,163,10,8,2,46,25,21,29,19,10,12,5,7,8,2,6,15,5,10,35,14,21,80,19,61,49,24,25
S01008144,468,233,235,308,164,144,160,69,91,7,1,6,23,10,13,13,6,7,9,2,7,5,2,3,4,4,0,24,13,11,43,10,33,32,21,11
S01008145,600,309,291,383,196,187,217,113,104,13,6,7,29,18,11,12,6,6,11,6,5,10,5,5,9,4,5,25,15,10,69,38,31,39,15,24
S01008146,376,182,194,210,111,99,166,71,95,7,4,3,18,6,12,8,4,4,7,3,4,8,3,5,5,4,1,21,10,11,68,25,43,24,12,12
S01008147,621,301,320,405,203,202,216,98,118,7,1,6,31,16,15,13,8,5,14,4,10,13,8,5,8,4,4,35,14,21,68,28,40,27,15,12
S01008148,620,318,302,420,214,206,200,104,96,5,3,2,40,23,17,15,12,3,13,5,8,7,2,5,8,6,2,34,17,17,50,22,28,28,14,14
S01008149,528,238,290,335,153,182,193,85,108,6,4,2,27,14,13,14,9,5,15,7,8,13,4,9,8,5,3,27,7,20,57,23,34,26,12,14
S01008150,686,322,364,407,203,204,279,119,160,5,3,2,26,10,16,20,9,11,8,3,5,12,7,5,12,5,7,47,22,25,99,35,64,50,25,25
S01008151,509,256,253,317,160,157,192,96,96,4,3,1,18,10,8,18,10,8,16,8,8,3,2,1,7,2,5,21,10,11,62,26,36,43,25,18
S01008152,755,326,429,437,198,239,318,128,190,13,6,7,31,15,16,32,14,18,24,15,9,12,6,6,10,3,7,56,24,32,100,29,71,40,16,24
S01008153,667,335,332,463,244,219,204,91,113,7,5,2,22,9,13,16,7,9,6,1,5,8,5,3,7,2,5,37,19,18,61,23,38,40,20,20
S01008154,635,303,332,377,183,194,258,120,138,8,4,4,39,24,15,21,10,11,15,10,5,11,5,6,13,7,6,46,15,31,73,26,47,32,19,13
S01008155,537,251,286,349,169,180,188,82,106,6,4,2,19,8,11,20,12,8,9,5,4,6,3,3,12,8,4,19,9,10,60,17,43,37,16,21
S01008156,704,336,368,438,211,227,266,125,141,11,10,1,40,23,17,25,16,9,5,3,2,17,7,10,13,6,7,41,20,21,72,21,51,42,19,23
S01008157,564,264,300,383,190,193,181,74,107,8,5,3,23,8,15,13,8,5,9,3,6,9,4,5,5,1,4,31,12,19,46,16,30,37,17,20
S01008158,602,287,315,462,233,229,140,54,86,17,6,11,15,4,11,20,8,12,8,4,4,5,2,3,4,1,3,12,8,4,33,11,22,26,10,16
S01008159,713,346,367,384,200,184,329,146,183,19,7,12,34,18,16,24,13,11,19,8,11,14,9,5,12,4,8,49,25,24,101,34,67,57,28,29
S01008160,663,316,347,389,190,199,274,126,148,16,6,10,32,19,13,20,13,7,13,5,8,11,6,5,6,3,3,41,18,23,81,31,50,54,25,29
S01008161,778,382,396,603,299,304,175,83,92,6,5,1,27,20,7,15,8,7,11,5,6,5,2,3,6,2,4,25,6,19,40,14,26,40,21,19
S01008162,756,377,379,520,276,244,236,101,135,6,3,3,32,13,19,21,13,8,21,7,14,9,5,4,9,3,6,36,19,17,80,25,55,22,13,9
S01008163,544,257,287,332,171,161,212,86,126,6,2,4,27,15,12,16,7,9,12,9,3,15,8,7,7,0,7,29,11,18,64,20,44,36,14,22
S01008164,1292,450,842,531,227,304,761,223,538,90,22,68,333,81,252,53,20,33,21,13,8,15,9,6,4,3,1,13,5,8,53,21,32,179,49,130
S01008165,545,281,264,441,233,208,104,48,56,7,4,3,22,11,11,14,5,9,1,0,1,4,2,2,0,0,0,11,3,8,15,6,9,30,17,13
S01008166,402,203,199,257,131,126,145,72,73,7,3,4,21,12,9,15,8,7,8,5,3,9,4,5,4,1,3,20,8,12,36,16,20,25,15,10
S01008167,521,243,278,310,158,152,211,85,126,11,8,3,18,8,10,15,9,6,10,5,5,6,3,3,7,2,5,28,9,19,80,29,51,36,12,24
S01008168,596,272,324,369,180,189,227,92,135,12,7,5,29,9,20,15,6,9,10,4,6,6,2,4,14,5,9,31,10,21,68,35,33,42,14,28
S01008169,531,249,282,376,183,193,155,66,89,8,3,5,26,15,11,9,5,4,9,3,6,10,0,10,7,4,3,24,10,14,34,13,21,28,13,15
S01008170,439,214,225,326,164,162,113,50,63,7,4,3,21,12,9,10,6,4,9,5,4,6,1,5,5,1,4,18,3,15,20,6,14,17,12,5
S01008171,527,240,287,350,166,184,177,74,103,7,3,4,30,9,21,12,5,7,10,3,7,3,1,2,15,7,8,32,11,21,45,24,21,23,11,12
S01008172,414,185,229,267,121,146,147,64,83,6,3,3,16,4,12,12,10,2,9,6,3,8,4,4,7,5,2,36,13,23,36,9,27,17,10,7
S01008173,491,224,267,357,170,187,134,54,80,9,2,7,12,5,7,12,7,5,8,4,4,6,3,3,8,4,4,26,8,18,30,8,22,23,13,10
S01008174,412,202,210,305,155,150,107,47,60,3,2,1,23,11,12,8,4,4,8,3,5,5,2,3,5,2,3,25,9,16,19,7,12,11,7,4
S01008175,579,268,311,410,197,213,169,71,98,8,3,5,39,17,22,10,6,4,13,4,9,9,2,7,5,2,3,22,11,11,45,16,29,18,10,8
S01008176,563,271,292,385,197,188,178,74,104,7,1,6,22,14,8,16,7,9,13,7,6,10,4,6,3,1,2,27,12,15,60,16,44,20,12,8
S01008177,552,268,284,340,177,163,212,91,121,5,0,5,28,19,9,18,9,9,12,5,7,8,1,7,10,5,5,33,14,19,74,21,53,24,17,7
S01008178,512,243,269,307,162,145,205,81,124,7,3,4,24,13,11,15,7,8,13,7,6,14,5,9,13,3,10,43,19,24,57,14,43,19,10,9
S01008179,387,184,203,294,147,147,93,37,56,10,5,5,12,8,4,2,2,0,6,4,2,2,1,1,4,1,3,16,3,13,17,3,14,24,10,14
S01008180,374,183,191,286,136,150,88,47,41,4,3,1,11,4,7,11,5,6,14,7,7,2,1,1,3,2,1,10,6,4,11,3,8,22,16,6
S01008181,515,254,261,337,178,159,178,76,102,9,6,3,25,16,9,8,3,5,17,8,9,11,3,8,12,7,5,33,14,19,37,11,26,26,8,18
S01008182,754,348,406,525,253,272,229,95,134,10,7,3,43,18,25,22,11,11,24,5,19,9,4,5,8,5,3,34,18,16,52,18,34,27,9,18
S01008183,476,229,247,341,165,176,135,64,71,10,5,5,27,16,11,8,2,6,8,3,5,5,1,4,1,0,1,21,10,11,37,16,21,18,11,7
S01008184,606,303,303,398,196,202,208,107,101,6,5,1,35,20,15,21,8,13,18,12,6,6,4,2,12,5,7,40,20,20,55,29,26,15,4,11
S01008185,762,351,411,506,243,263,256,108,148,13,2,11,35,16,19,29,12,17,13,7,6,13,5,8,11,5,6,42,17,25,71,27,44,29,17,12
S01008186,618,303,315,326,153,173,292,150,142,23,14,9,50,29,21,21,12,9,8,2,6,6,3,3,6,1,5,22,10,12,50,18,32,106,61,45
S01008187,454,216,238,297,145,152,157,71,86,4,2,2,17,8,9,6,0,6,12,7,5,2,0,2,7,3,4,30,13,17,44,24,20,35,14,21
S01008188,643,288,355,387,181,206,256,107,149,9,4,5,52,19,33,24,10,14,16,7,9,8,4,4,8,1,7,38,14,24,59,27,32,42,21,21
S01008189,431,197,234,274,137,137,157,60,97,6,3,3,20,10,10,22,5,17,8,4,4,7,3,4,6,2,4,23,12,11,50,14,36,15,7,8
S01008190,642,293,349,402,197,205,240,96,144,7,3,4,30,16,14,23,10,13,21,9,12,9,3,6,15,8,7,34,14,20,59,13,46,42,20,22
S01008191,357,153,204,222,105,117,135,48,87,1,0,1,14,8,6,13,5,8,8,2,6,2,0,2,10,2,8,20,12,8,41,10,31,26,9,17
S01008192,637,286,351,432,212,220,205,74,131,14,8,6,25,9,16,14,4,10,10,8,2,8,2,6,7,3,4,36,16,20,49,14,35,42,10,32
S01008193,560,266,294,389,190,199,171,76,95,8,7,1,35,20,15,17,7,10,11,3,8,6,3,3,5,2,3,22,12,10,38,6,32,29,16,13
S01008194,440,212,228,296,150,146,144,62,82,7,5,2,20,9,11,19,11,8,6,1,5,6,3,3,9,2,7,26,13,13,33,8,25,18,10,8
S01008195,590,281,309,385,184,201,205,97,108,11,6,5,31,15,16,12,7,5,13,5,8,13,6,7,6,4,2,23,10,13,45,18,27,51,26,25
S01008196,555,259,296,355,168,187,200,91,109,8,5,3,35,19,16,16,7,9,9,1,8,7,1,6,6,4,2,28,12,16,45,24,21,46,18,28
S01008197,731,367,364,596,305,291,135,62,73,13,7,6,24,8,16,18,11,7,10,2,8,7,3,4,5,2,3,12,1,11,15,6,9,31,22,9
S01008198,514,247,267,318,157,161,196,90,106,9,3,6,19,12,7,16,9,7,9,2,7,9,2,7,5,2,3,40,20,20,65,26,39,24,14,10
S01008199,581,284,297,331,169,162,250,115,135,12,8,4,30,18,12,20,5,15,17,10,7,8,5,3,10,6,4,33,11,22,67,24,43,53,28,25
S01008200,441,183,258,249,113,136,192,70,122,10,4,6,28,10,18,7,2,5,15,7,8,8,4,4,3,0,3,33,14,19,67,20,47,21,9,12
S01008201,582,298,284,329,167,162,253,131,122,10,7,3,33,23,10,23,12,11,11,8,3,17,7,10,11,8,3,32,10,22,74,29,45,42,27,15
S01008202,425,203,222,269,134,135,156,69,87,5,1,4,16,11,5,11,8,3,3,3,0,11,4,7,7,3,4,18,7,11,63,23,40,22,9,13
S01008203,424,204,220,240,115,125,184,89,95,7,5,2,30,19,11,24,15,9,9,6,3,13,7,6,6,0,6,23,4,19,44,17,27,28,16,12
S01008204,640,322,318,339,185,154,301,137,164,10,5,5,28,16,12,14,8,6,12,5,7,17,6,11,11,6,5,42,17,25,137,58,79,30,16,14
S01008205,512,252,260,334,164,170,178,88,90,4,3,1,21,14,7,18,9,9,13,8,5,3,2,1,7,5,2,29,11,18,57,26,31,26,10,16
S01008206,464,232,232,292,150,142,172,82,90,4,3,1,19,13,6,13,6,7,9,4,5,9,5,4,7,3,4,31,13,18,53,21,32,27,14,13
S01008207,434,214,220,277,139,138,157,75,82,6,2,4,24,14,10,9,4,5,7,3,4,5,1,4,6,2,4,22,9,13,49,22,27,29,18,11
S01008208,607,289,318,474,228,246,133,61,72,10,5,5,26,13,13,17,5,12,7,2,5,5,2,3,7,4,3,19,11,8,28,12,16,14,7,7
S01008209,408,193,215,328,160,168,80,33,47,5,1,4,19,10,9,5,3,2,2,2,0,1,0,1,8,3,5,5,2,3,21,8,13,14,4,10
S01008210,685,333,352,456,236,220,229,97,132,10,1,9,36,17,19,18,8,10,25,10,15,12,8,4,9,4,5,27,8,19,63,29,34,29,12,17
S01008211,665,323,342,435,223,212,230,100,130,8,5,3,28,17,11,22,11,11,24,11,13,6,2,4,6,2,4,34,15,19,70,22,48,32,15,17
S01008212,433,210,223,341,173,168,92,37,55,1,1,0,13,5,8,14,7,7,6,4,2,4,2,2,5,1,4,21,8,13,13,2,11,15,7,8
S01008213,745,370,375,531,277,254,214,93,121,8,3,5,32,15,17,7,3,4,15,7,8,13,7,6,5,2,3,34,14,20,53,14,39,47,28,19
S01008214,506,250,256,289,151,138,217,99,118,7,3,4,17,8,9,16,10,6,10,7,3,16,8,8,8,2,6,41,19,22,81,29,52,21,13,8
S01008215,553,262,291,378,188,190,175,74,101,5,4,1,23,12,11,13,7,6,20,11,9,7,2,5,14,3,11,22,12,10,39,14,25,32,9,23
S01008216,396,197,199,292,147,145,104,50,54,1,0,1,19,8,11,11,6,5,7,4,3,6,3,3,5,4,1,13,3,10,18,6,12,24,16,8
S01008217,438,220,218,321,171,150,117,49,68,6,2,4,17,8,9,8,4,4,6,2,4,2,0,2,5,3,2,22,11,11,42,15,27,9,4,5
S01008218,790,402,388,645,336,309,145,66,79,9,4,5,28,12,16,8,4,4,14,10,4,8,2,6,8,6,2,23,7,16,21,8,13,26,13,13
S01008219,752,363,389,522,267,255,230,96,134,14,8,6,30,14,16,13,8,5,9,5,4,15,8,7,8,4,4,31,14,17,69,18,51,41,17,24
S01008220,440,205,235,265,131,134,175,74,101,8,6,2,20,10,10,17,3,14,8,4,4,6,1,5,9,5,4,31,13,18,34,12,22,42,20,22
S01008221,500,241,259,285,144,141,215,97,118,14,9,5,36,22,14,15,8,7,21,9,12,14,7,7,2,1,1,16,6,10,43,14,29,54,21,33
S01008222,428,205,223,240,125,115,188,80,108,6,4,2,17,11,6,20,11,9,13,4,9,9,3,6,8,5,3,30,9,21,58,21,37,27,12,15
S01008223,434,209,225,249,122,127,185,87,98,7,4,3,15,9,6,11,6,5,17,11,6,9,6,3,7,1,6,32,9,23,62,27,35,25,14,11
S01008224,731,358,373,552,285,267,179,73,106,8,4,4,35,19,16,18,7,11,15,9,6,10,4,6,6,2,4,31,11,20,35,7,28,21,10,11
S01008225,558,272,286,379,196,183,179,76,103,6,2,4,22,14,8,15,7,8,16,4,12,10,5,5,9,3,6,34,11,23,40,14,26,27,16,11
S01008226,521,256,265,321,157,164,200,99,101,15,10,5,24,10,14,17,12,5,13,8,5,12,9,3,5,3,2,35,14,21,46,14,32,33,19,14
S01008227,621,306,315,375,192,183,246,114,132,5,3,2,25,9,16,16,11,5,19,14,5,8,4,4,16,6,10,51,27,24,77,26,51,29,14,15
S01008228,479,232,247,339,174,165,140,58,82,5,3,2,18,14,4,11,3,8,8,3,5,1,1,0,7,4,3,26,11,15,44,13,31,20,6,14
S01008229,516,238,278,324,158,166,192,80,112,13,8,5,19,7,12,17,10,7,15,7,8,9,3,6,5,3,2,34,12,22,59,23,36,21,7,14
S01008230,604,299,305,488,248,240,116,51,65,6,3,3,19,9,10,11,5,6,9,2,7,6,1,5,2,0,2,17,7,10,22,11,11,24,13,11
S01008231,521,251,270,444,227,217,77,24,53,4,4,0,16,4,12,7,2,5,5,1,4,3,1,2,4,1,3,9,0,9,10,4,6,19,7,12
S01008232,480,239,241,390,194,196,90,45,45,9,5,4,19,12,7,9,4,5,6,1,5,1,0,1,4,3,1,11,4,7,6,2,4,25,14,11
S01008233,344,178,166,272,145,127,72,33,39,7,2,5,6,3,3,6,2,4,8,5,3,3,0,3,3,1,2,8,2,6,13,5,8,18,13,5
S01008234,298,143,155,173,83,90,125,60,65,6,4,2,11,9,2,5,2,3,7,3,4,3,3,0,3,0,3,33,17,16,41,14,27,16,8,8
S01008235,597,296,301,401,206,195,196,90,106,1,0,1,22,12,10,19,9,10,15,8,7,4,1,3,7,5,2,35,13,22,70,27,43,23,15,8
S01008236,627,308,319,414,211,203,213,97,116,9,5,4,32,18,14,17,10,7,10,5,5,10,6,4,14,8,6,47,15,32,52,19,33,22,11,11
S01008237,647,325,322,426,225,201,221,100,121,4,3,1,30,14,16,23,14,9,13,3,10,12,6,6,8,3,5,38,13,25,63,27,36,30,17,13
S01008238,551,269,282,342,179,163,209,90,119,12,10,2,28,13,15,20,9,11,14,5,9,8,4,4,9,3,6,38,21,17,55,19,36,25,6,19
S01008239,570,277,293,411,213,198,159,64,95,7,3,4,18,7,11,8,4,4,7,2,5,10,6,4,9,5,4,30,14,16,52,13,39,18,10,8
S01008240,666,323,343,398,204,194,268,119,149,12,6,6,29,16,13,18,11,7,23,10,13,19,11,8,8,3,5,63,27,36,81,25,56,15,10,5
S01008241,501,252,249,301,152,149,200,100,100,6,5,1,31,17,14,16,8,8,17,8,9,11,5,6,4,3,1,42,25,17,57,17,40,16,12,4
S01008242,645,330,315,383,204,179,262,126,136,12,8,4,31,23,8,20,9,11,20,8,12,6,2,4,11,1,10,55,29,26,85,32,53,22,14,8
S01008243,647,321,326,460,248,212,187,73,114,6,3,3,21,9,12,8,2,6,9,4,5,14,5,9,6,3,3,35,13,22,57,17,40,31,17,14
S01008244,410,184,226,242,109,133,168,75,93,6,2,4,18,10,8,18,7,11,13,4,9,6,1,5,7,3,4,25,14,11,55,22,33,20,12,8
S01008245,715,357,358,507,269,238,208,88,120,8,5,3,24,11,13,16,10,6,15,8,7,9,3,6,13,4,9,38,15,23,63,22,41,22,10,12
S01008246,714,352,362,524,273,251,190,79,111,11,6,5,25,7,18,15,9,6,11,3,8,7,4,3,11,5,6,32,14,18,58,22,36,20,9,11
S01008247,612,306,306,434,221,213,178,85,93,2,1,1,24,15,9,15,7,8,9,5,4,11,5,6,11,4,7,26,14,12,50,19,31,30,15,15
S01008248,665,334,331,424,228,196,241,106,135,7,5,2,23,10,13,23,13,10,16,6,10,17,7,10,14,3,11,42,20,22,60,23,37,39,19,20
S01008249,674,339,335,445,246,199,229,93,136,8,2,6,23,12,11,16,7,9,16,9,7,13,7,6,12,7,5,39,20,19,76,19,57,26,10,16
S01008250,773,371,402,533,271,262,240,100,140,7,6,1,26,15,11,19,7,12,12,8,4,12,1,11,13,5,8,41,18,23,71,19,52,39,21,18
S01008251,518,248,270,381,199,182,137,49,88,7,4,3,13,4,9,13,3,10,7,5,2,5,0,5,9,4,5,20,6,14,33,9,24,30,14,16
S01008252,612,307,305,406,218,188,206,89,117,5,3,2,18,8,10,10,3,7,13,8,5,12,3,9,12,7,5,51,20,31,60,22,38,25,15,10
S01008253,550,273,277,352,184,168,198,89,109,2,1,1,17,10,7,13,7,6,19,9,10,13,5,8,8,4,4,33,13,20,68,26,42,25,14,11
S01008254,710,343,367,441,232,209,269,111,158,7,2,5,23,10,13,14,8,6,24,12,12,16,7,9,21,6,15,47,18,29,66,22,44,51,26,25
S01008255,527,241,286,359,179,180,168,62,106,11,6,5,22,7,15,8,4,4,9,3,6,4,1,3,6,0,6,30,8,22,47,15,32,31,18,13
S01008256,615,308,307,400,209,191,215,99,116,6,4,2,30,13,17,24,17,7,14,6,8,2,0,2,6,2,4,42,20,22,52,17,35,39,20,19
S01008257,401,185,216,256,131,125,145,54,91,4,1,3,15,7,8,15,4,11,2,2,0,4,2,2,8,2,6,26,11,15,50,17,33,21,8,13
S01008258,646,330,316,477,251,226,169,79,90,10,4,6,31,19,12,7,4,3,8,1,7,6,0,6,12,6,6,25,12,13,51,20,31,19,13,6
S01008259,558,290,268,392,216,176,166,74,92,5,2,3,14,6,8,18,10,8,7,1,6,12,5,7,8,4,4,25,12,13,57,23,34,20,11,9
S01008260,611,286,325,388,195,193,223,91,132,8,6,2,32,13,19,16,8,8,13,3,10,12,6,6,7,2,5,41,18,23,59,18,41,35,17,18
S01008261,659,320,339,437,227,210,222,93,129,4,2,2,19,11,8,22,5,17,16,7,9,13,4,9,11,5,6,38,20,18,57,23,34,42,16,26
S01008262,467,225,242,333,164,169,134,61,73,10,6,4,17,8,9,10,6,4,7,4,3,6,0,6,2,0,2,25,12,13,37,14,23,20,11,9
S01008263,426,219,207,286,156,130,140,63,77,2,0,2,19,10,9,6,1,5,4,2,2,2,2,0,4,2,2,35,13,22,49,21,28,19,12,7
S01008264,506,241,265,344,173,171,162,68,94,2,2,0,20,11,9,20,11,9,11,4,7,4,2,2,8,1,7,31,14,17,42,12,30,24,11,13
S01008265,453,214,239,278,155,123,175,59,116,3,2,1,17,6,11,11,5,6,13,6,7,19,5,14,7,3,4,33,14,19,59,14,45,13,4,9
S01008266,473,225,248,282,151,131,191,74,117,3,2,1,19,10,9,6,2,4,10,6,4,9,5,4,3,2,1,39,17,22,88,24,64,14,6,8
S01008267,606,300,306,406,227,179,200,73,127,12,8,4,25,10,15,11,3,8,13,6,7,12,5,7,11,5,6,42,15,27,51,11,40,23,10,13
S01008268,595,304,291,365,209,156,230,95,135,6,2,4,22,11,11,9,3,6,22,11,11,9,5,4,9,5,4,38,18,20,91,25,66,24,15,9
S01008269,507,241,266,283,149,134,224,92,132,6,5,1,13,8,5,13,6,7,14,6,8,5,3,2,8,4,4,38,19,19,102,30,72,25,11,14
S01008270,516,240,276,296,148,148,220,92,128,9,4,5,28,12,16,15,8,7,13,6,7,2,1,1,6,4,2,42,14,28,82,29,53,23,14,9
S01008271,507,254,253,318,165,153,189,89,100,7,4,3,20,15,5,23,8,15,14,7,7,11,9,2,7,0,7,28,11,17,50,18,32,29,17,12
S01008272,737,357,380,482,249,233,255,108,147,12,5,7,25,14,11,19,7,12,16,5,11,7,4,3,14,8,6,62,21,41,67,26,41,33,18,15
S01008273,593,279,314,367,180,187,226,99,127,6,3,3,33,21,12,16,8,8,11,4,7,13,4,9,12,4,8,38,18,20,67,21,46,30,16,14
S01008274,516,250,266,304,157,147,212,93,119,9,3,6,35,24,11,12,8,4,15,9,6,12,1,11,13,5,8,35,14,21,62,20,42,19,9,10
S01008275,392,191,201,258,141,117,134,50,84,2,1,1,23,9,14,16,7,9,5,2,3,6,3,3,7,2,5,14,4,10,43,11,32,18,11,7
S01008276,402,203,199,276,150,126,126,53,73,10,6,4,16,8,8,16,6,10,2,1,1,2,2,0,3,1,2,23,10,13,32,8,24,22,11,11
S01008277,371,176,195,264,140,124,107,36,71,5,2,3,17,9,8,10,1,9,4,1,3,5,2,3,5,3,2,16,6,10,26,3,23,19,9,10
S01008278,569,270,299,371,193,178,198,77,121,6,3,3,18,6,12,9,3,6,14,6,8,9,1,8,9,4,5,48,22,26,64,19,45,21,13,8
S01008279,522,248,274,335,171,164,187,77,110,4,3,1,19,9,10,11,6,5,15,6,9,11,4,7,14,7,7,37,15,22,61,18,43,15,9,6
S01008280,689,355,334,481,258,223,208,97,111,10,5,5,29,14,15,16,8,8,17,11,6,12,4,8,9,2,7,36,17,19,62,28,34,17,8,9
S01008281,547,269,278,394,206,188,153,63,90,11,4,7,11,4,7,9,4,5,9,4,5,8,1,7,11,4,7,38,18,20,35,16,19,21,8,13
S01008282,536,261,275,365,194,171,171,67,104,9,3,6,22,12,10,10,5,5,14,7,7,9,2,7,7,3,4,31,13,18,50,15,35,19,7,12
S01008283,369,188,181,278,145,133,91,43,48,5,4,1,11,3,8,8,5,3,5,2,3,9,4,5,5,4,1,13,4,9,19,8,11,16,9,7
S01008284,618,297,321,437,226,211,181,71,110,7,2,5,22,8,14,19,11,8,8,2,6,5,1,4,12,5,7,34,14,20,48,13,35,26,15,11
S01008285,552,251,301,316,156,160,236,95,141,14,3,11,28,15,13,17,4,13,10,4,6,13,7,6,8,3,5,35,17,18,83,32,51,28,10,18
S01008286,537,255,282,354,189,165,183,66,117,7,1,6,24,12,12,17,7,10,11,5,6,10,3,7,3,1,2,37,17,20,45,12,33,29,8,21
S01008287,567,272,295,376,191,185,191,81,110,4,2,2,26,15,11,25,15,10,16,6,10,7,1,6,3,1,2,29,12,17,50,16,34,31,13,18
S01008288,630,322,308,401,213,188,229,109,120,7,4,3,26,13,13,18,4,14,17,13,4,10,5,5,10,8,2,33,17,16,73,23,50,35,22,13
S01008289,495,237,258,342,175,167,153,62,91,13,9,4,20,13,7,9,4,5,8,3,5,6,1,5,4,0,4,22,9,13,56,18,38,15,5,10
S01008290,644,314,330,418,216,202,226,98,128,10,4,6,35,16,19,17,7,10,12,4,8,14,4,10,8,6,2,39,18,21,53,23,30,38,16,22
S01008291,509,244,265,315,165,150,194,79,115,7,5,2,17,8,9,13,7,6,10,3,7,11,5,6,9,4,5,46,19,27,70,23,47,11,5,6
S01008292,569,265,304,389,188,201,180,77,103,10,5,5,36,24,12,11,5,6,15,8,7,11,3,8,5,2,3,21,4,17,32,9,23,39,17,22
S01008293,415,205,210,297,153,144,118,52,66,2,0,2,13,8,5,2,2,0,6,3,3,7,1,6,6,4,2,28,8,20,32,12,20,22,14,8
S01008294,643,323,320,463,246,217,180,77,103,8,4,4,30,15,15,16,8,8,14,8,6,7,3,4,5,1,4,30,12,18,42,11,31,28,15,13
S01008295,765,375,390,553,282,271,212,93,119,12,9,3,28,9,19,13,7,6,23,16,7,5,3,2,12,7,5,32,14,18,51,13,38,36,15,21
S01008296,477,238,239,283,155,128,194,83,111,9,6,3,20,12,8,19,9,10,10,4,6,6,3,3,10,3,7,24,7,17,53,16,37,43,23,20
S01008297,551,268,283,393,207,186,158,61,97,5,1,4,20,7,13,11,5,6,10,5,5,8,4,4,4,1,3,18,5,13,51,15,36,31,18,13
S01008298,567,290,277,384,208,176,183,82,101,6,3,3,30,16,14,13,7,6,9,2,7,7,2,5,10,6,4,22,11,11,49,17,32,37,18,19
S01008299,551,276,275,278,149,129,273,127,146,9,6,3,26,15,11,25,15,10,14,8,6,13,8,5,10,5,5,43,17,26,91,30,61,42,23,19
S01008300,644,293,351,362,168,194,282,125,157,10,6,4,22,8,14,24,16,8,18,7,11,9,7,2,12,5,7,49,20,29,76,28,48,62,28,34
S01008301,666,330,336,463,242,221,203,88,115,10,5,5,22,11,11,15,8,7,10,5,5,8,3,5,11,5,6,30,18,12,60,14,46,37,19,18
S01008302,559,275,284,368,194,174,191,81,110,8,4,4,23,14,9,7,2,5,9,5,4,9,2,7,7,4,3,37,17,20,61,17,44,30,16,14
S01008303,422,209,213,275,143,132,147,66,81,6,5,1,21,13,8,9,7,2,7,1,6,4,0,4,2,0,2,22,8,14,50,19,31,26,13,13
S01008304,369,198,171,232,128,104,137,70,67,10,9,1,28,13,15,9,4,5,13,6,7,5,4,1,10,5,5,19,10,9,24,8,16,19,11,8
S01008305,619,292,327,429,210,219,190,82,108,8,3,5,23,13,10,22,11,11,16,4,12,7,2,5,6,2,4,31,18,13,57,17,40,20,12,8
S01008306,510,249,261,351,171,180,159,78,81,10,5,5,23,16,7,12,4,8,9,4,5,10,6,4,7,4,3,13,6,7,50,16,34,25,17,8
S01008307,420,206,214,313,160,153,107,46,61,9,4,5,12,6,6,8,3,5,7,4,3,3,3,0,4,3,1,11,4,7,37,9,28,16,10,6
S01008308,448,218,230,281,148,133,167,70,97,5,2,3,21,10,11,15,4,11,9,6,3,4,2,2,4,1,3,31,17,14,55,17,38,23,11,12
S01008309,522,242,280,273,135,138,249,107,142,11,6,5,28,12,16,18,11,7,8,1,7,8,5,3,8,3,5,39,16,23,76,29,47,53,24,29
S01008310,693,324,369,444,219,225,249,105,144,8,5,3,21,10,11,21,14,7,9,2,7,6,4,2,12,5,7,40,16,24,85,25,60,47,24,23
S01008311,284,152,132,187,103,84,97,49,48,6,1,5,10,6,4,14,9,5,5,2,3,5,3,2,2,2,0,12,7,5,29,10,19,14,9,5
S01008312,309,146,163,206,106,100,103,40,63,5,0,5,5,4,1,4,3,1,5,1,4,5,0,5,5,2,3,18,5,13,29,11,18,27,14,13
S01008313,675,310,365,338,162,176,337,148,189,9,2,7,37,19,18,21,11,10,20,11,9,6,1,5,12,5,7,38,17,21,131,55,76,63,27,36
S01008314,454,226,228,270,139,131,184,87,97,4,2,2,23,11,12,25,12,13,19,10,9,10,5,5,4,1,3,21,11,10,44,18,26,34,17,17
S01008315,567,257,310,317,151,166,250,106,144,8,4,4,33,15,18,26,11,15,13,3,10,10,5,5,9,4,5,33,13,20,73,37,36,45,14,31
S01008316,410,185,225,193,89,104,217,96,121,2,1,1,26,14,12,19,10,9,10,4,6,6,1,5,5,1,4,33,16,17,54,28,26,62,21,41
S01008317,551,273,278,354,186,168,197,87,110,10,5,5,33,21,12,11,1,10,11,2,9,11,4,7,1,1,0,20,4,16,52,22,30,48,27,21
S01008318,696,333,363,486,249,237,210,84,126,13,6,7,24,7,17,19,10,9,7,3,4,7,3,4,9,4,5,31,14,17,55,21,34,45,16,29
S01008319,529,241,288,311,150,161,218,91,127,6,4,2,19,7,12,20,8,12,10,9,1,5,2,3,6,2,4,27,12,15,93,31,62,32,16,16
S01008320,495,237,258,267,141,126,228,96,132,6,0,6,25,10,15,18,12,6,11,4,7,11,5,6,10,4,6,42,22,20,83,26,57,22,13,9
S01008321,420,203,217,303,151,152,117,52,65,2,1,1,19,9,10,13,7,6,2,0,2,4,4,0,4,2,2,8,4,4,30,8,22,35,17,18
S01008322,768,360,408,473,224,249,295,136,159,9,4,5,29,17,12,41,20,21,22,17,5,13,4,9,11,4,7,44,16,28,81,34,47,45,20,25
S01008323,576,257,319,304,152,152,272,105,167,13,7,6,25,15,10,21,7,14,17,9,8,12,2,10,10,3,7,28,10,18,94,30,64,52,22,30
S01008324,469,234,235,281,145,136,188,89,99,7,5,2,18,6,12,14,7,7,13,7,6,9,5,4,10,3,7,20,10,10,59,22,37,38,24,14
S01008325,530,240,290,308,138,170,222,102,120,9,8,1,32,14,18,20,10,10,6,1,5,7,1,6,14,3,11,27,14,13,50,26,24,57,25,32
S01008326,710,323,387,395,197,198,315,126,189,10,3,7,37,17,20,30,15,15,17,9,8,10,1,9,11,3,8,54,23,31,92,35,57,54,20,34
S01008327,623,292,331,375,188,187,248,104,144,9,3,6,23,11,12,13,6,7,15,6,9,3,2,1,8,4,4,41,17,24,83,29,54,53,26,27
S01008328,479,229,250,358,179,179,121,50,71,6,2,4,14,8,6,13,8,5,5,1,4,4,2,2,5,1,4,17,5,12,20,7,13,37,16,21
S01008329,657,320,337,460,237,223,197,83,114,10,2,8,21,14,7,9,4,5,14,8,6,16,6,10,6,3,3,36,16,20,38,11,27,47,19,28
S01008330,660,303,357,457,226,231,203,77,126,12,5,7,23,7,16,22,13,9,16,7,9,8,3,5,5,2,3,23,14,9,47,12,35,47,14,33
S01008331,453,215,238,342,169,173,111,46,65,8,5,3,15,7,8,12,3,9,9,2,7,3,2,1,2,1,1,13,5,8,22,8,14,27,13,14
S01008332,650,299,351,426,216,210,224,83,141,7,4,3,21,5,16,17,5,12,9,4,5,8,2,6,12,5,7,30,19,11,67,18,49,53,21,32
S01008333,651,317,334,390,203,187,261,114,147,11,7,4,29,11,18,11,4,7,15,9,6,10,6,4,12,7,5,46,19,27,100,36,64,27,15,12
S01008334,511,251,260,324,172,152,187,79,108,8,5,3,13,4,9,15,8,7,12,6,6,12,3,9,8,5,3,24,16,8,51,21,30,44,11,33
S01008335,511,233,278,306,148,158,205,85,120,9,5,4,25,11,14,12,4,8,16,6,10,6,3,3,7,2,5,36,22,14,63,21,42,31,11,20
S01008336,455,207,248,299,150,149,156,57,99,2,0,2,18,7,11,12,7,5,7,2,5,6,1,5,4,3,1,29,9,20,53,20,33,25,8,17
S01008337,620,290,330,465,233,232,155,57,98,9,6,3,18,6,12,11,7,4,13,5,8,8,4,4,11,4,7,25,9,16,25,3,22,35,13,22
S01008338,576,276,300,449,228,221,127,48,79,8,3,5,22,9,13,6,3,3,5,3,2,4,1,3,4,0,4,12,3,9,18,3,15,48,23,25
S01008339,486,240,246,377,190,187,109,50,59,12,8,4,13,8,5,13,5,8,6,4,2,6,1,5,3,0,3,16,4,12,14,6,8,26,14,12
S01008340,622,283,339,472,228,244,150,55,95,6,4,2,14,4,10,22,16,6,8,2,6,7,0,7,6,2,4,16,6,10,30,6,24,41,15,26
S01008341,481,236,245,369,189,180,112,47,65,8,6,2,13,6,7,13,7,6,7,5,2,5,1,4,5,1,4,11,4,7,27,8,19,23,9,14
S01008342,656,324,332,409,219,190,247,105,142,11,5,6,43,18,25,19,12,7,12,3,9,16,4,12,10,6,4,29,15,14,56,17,39,51,25,26
S01008343,611,309,302,397,218,179,214,91,123,5,4,1,28,13,15,24,10,14,16,7,9,8,2,6,7,3,4,37,18,19,56,19,37,33,15,18
S01008344,631,308,323,412,231,181,219,77,142,6,3,3,27,18,9,13,7,6,14,5,9,7,2,5,9,2,7,36,13,23,70,11,59,37,16,21
S01008345,674,330,344,390,218,172,284,112,172,12,6,6,31,13,18,25,12,13,13,5,8,7,3,4,4,2,2,46,18,28,88,20,68,58,33,25
S01008346,682,321,361,447,231,216,235,90,145,9,3,6,22,10,12,19,8,11,14,9,5,15,4,11,9,6,3,46,17,29,55,10,45,46,23,23
S01008347,636,299,337,398,196,202,238,103,135,12,7,5,32,15,17,23,11,12,12,9,3,5,1,4,7,4,3,35,13,22,72,21,51,40,22,18
S01008348,520,241,279,309,161,148,211,80,131,13,9,4,24,9,15,16,8,8,12,3,9,7,6,1,5,5,0,48,15,33,59,13,46,27,12,15
S01008349,603,288,315,393,212,181,210,76,134,3,3,0,15,3,12,10,4,6,13,5,8,8,2,6,6,4,2,38,13,25,69,18,51,48,24,24
S01008350,416,199,217,242,128,114,174,71,103,7,5,2,16,7,9,18,10,8,12,4,8,4,1,3,8,6,2,35,16,19,58,14,44,16,8,8
S01008351,626,296,330,424,213,211,202,83,119,8,6,2,27,11,16,16,9,7,8,3,5,11,4,7,7,0,7,29,13,16,59,15,44,37,22,15
S01008352,463,223,240,291,168,123,172,55,117,10,4,6,23,7,16,12,5,7,6,0,6,4,1,3,11,6,5,29,10,19,48,9,39,29,13,16
S01008353,351,168,183,224,119,105,127,49,78,3,3,0,14,6,8,12,6,6,2,0,2,2,1,1,3,2,1,23,8,15,40,9,31,28,14,14
S01008354,482,239,243,337,183,154,145,56,89,4,1,3,11,5,6,5,1,4,15,10,5,4,1,3,5,3,2,17,5,12,56,18,38,28,12,16
S01008355,457,216,241,277,135,142,180,81,99,4,3,1,21,14,7,18,12,6,7,3,4,5,1,4,6,3,3,27,10,17,63,21,42,29,14,15
S01008356,431,196,235,324,158,166,107,38,69,2,1,1,19,9,10,12,5,7,11,5,6,9,3,6,4,2,2,10,3,7,28,5,23,12,5,7
S01008357,502,236,266,344,167,177,158,69,89,9,3,6,12,7,5,14,6,8,6,1,5,5,3,2,8,2,6,28,18,10,54,20,34,22,9,13
S01008358,493,228,265,302,139,163,191,89,102,9,6,3,20,13,7,18,11,7,10,6,4,8,5,3,4,0,4,31,15,16,71,19,52,20,14,6
S01008359,446,212,234,308,160,148,138,52,86,3,2,1,11,4,7,10,4,6,8,4,4,4,3,1,9,1,8,27,11,16,45,13,32,21,10,11
S01008360,637,301,336,417,205,212,220,96,124,10,5,5,35,15,20,23,12,11,4,3,1,5,2,3,9,3,6,44,18,26,68,25,43,22,13,9
S01008361,389,189,200,273,138,135,116,51,65,5,3,2,19,13,6,3,3,0,9,4,5,7,1,6,3,3,0,22,7,15,25,5,20,23,12,11
S01008362,672,302,370,497,234,263,175,68,107,15,9,6,16,10,6,12,3,9,12,5,7,5,2,3,7,2,5,29,7,22,37,10,27,42,20,22
S01008363,552,267,285,370,198,172,182,69,113,5,1,4,23,12,11,23,9,14,12,7,5,7,3,4,8,2,6,40,14,26,41,10,31,23,11,12
S01008364,564,261,303,365,179,186,199,82,117,16,10,6,21,11,10,13,7,6,9,2,7,6,2,4,6,1,5,31,13,18,55,16,39,42,20,22
S01008365,510,245,265,292,150,142,218,95,123,8,4,4,40,18,22,15,5,10,19,10,9,11,7,4,6,3,3,28,12,16,58,20,38,33,16,17
S01008366,578,267,311,365,185,180,213,82,131,8,2,6,24,10,14,19,7,12,9,4,5,10,3,7,4,2,2,33,16,17,57,16,41,49,22,27
S01008367,549,254,295,339,163,176,210,91,119,9,6,3,21,11,10,19,5,14,13,7,6,4,1,3,4,1,3,30,14,16,59,19,40,51,27,24
S01008368,492,224,268,344,169,175,148,55,93,5,2,3,21,9,12,8,1,7,12,8,4,7,2,5,6,4,2,18,8,10,51,15,36,20,6,14
S01008369,383,175,208,250,119,131,133,56,77,7,4,3,14,6,8,8,6,2,8,6,2,9,5,4,5,3,2,24,9,15,36,9,27,22,8,14
S01008370,499,231,268,348,165,183,151,66,85,7,4,3,15,8,7,12,10,2,12,6,6,2,0,2,5,2,3,27,10,17,41,12,29,30,14,16
S01008371,567,269,298,388,186,202,179,83,96,8,3,5,27,17,10,12,9,3,9,5,4,10,4,6,2,0,2,27,11,16,49,16,33,35,18,17
S01008372,583,294,289,393,206,187,190,88,102,4,2,2,19,13,6,14,4,10,14,7,7,10,2,8,6,1,5,35,16,19,52,21,31,36,22,14
S01008373,579,278,301,417,217,200,162,61,101,8,6,2,27,11,16,13,4,9,8,4,4,5,1,4,7,2,5,31,13,18,34,6,28,29,14,15
S01008374,503,245,258,361,180,181,142,65,77,5,5,0,21,13,8,13,6,7,11,8,3,11,5,6,9,2,7,24,6,18,37,14,23,11,6,5
S01008375,570,290,280,401,215,186,169,75,94,9,5,4,20,10,10,14,4,10,10,4,6,12,6,6,9,3,6,18,11,7,45,15,30,32,17,15
S01008376,380,192,188,263,142,121,117,50,67,9,6,3,20,9,11,12,4,8,6,1,5,3,1,2,5,2,3,15,7,8,31,12,19,16,8,8
S01008377,528,265,263,381,198,183,147,67,80,4,3,1,30,18,12,14,3,11,8,2,6,5,3,2,5,2,3,19,9,10,30,9,21,32,18,14
S01008378,680,332,348,477,244,233,203,88,115,8,7,1,27,14,13,16,8,8,7,4,3,7,3,4,9,7,2,34,14,20,57,15,42,38,16,22
S01008379,375,179,196,221,119,102,154,60,94,8,2,6,12,4,8,11,4,7,11,9,2,6,3,3,7,4,3,27,10,17,46,13,33,26,11,15
S01008380,484,250,234,336,176,160,148,74,74,8,4,4,28,18,10,9,5,4,7,4,3,6,2,4,7,1,6,23,12,11,33,11,22,27,17,10
S01008381,465,226,239,358,181,177,107,45,62,6,1,5,22,10,12,12,3,9,8,5,3,6,3,3,5,2,3,18,5,13,13,6,7,17,10,7
S01008382,452,232,220,296,162,134,156,70,86,5,1,4,19,10,9,14,6,8,16,11,5,4,3,1,7,2,5,31,16,15,37,12,25,23,9,14
S01008383,342,169,173,249,132,117,93,37,56,7,4,3,7,5,2,10,3,7,2,1,1,6,2,4,4,2,2,20,5,15,24,8,16,13,7,6
S01008384,714,350,364,502,253,249,212,97,115,9,6,3,28,19,9,20,9,11,8,2,6,5,3,2,9,3,6,34,15,19,69,20,49,30,20,10
S01008385,475,239,236,317,171,146,158,68,90,4,0,4,23,11,12,13,6,7,7,2,5,10,4,6,10,4,6,33,16,17,38,11,27,20,14,6
S01008386,609,301,308,422,210,212,187,91,96,8,4,4,19,16,3,16,9,7,10,4,6,6,3,3,7,4,3,38,16,22,54,19,35,29,16,13
S01008387,441,209,232,328,159,169,113,50,63,5,2,3,11,7,4,16,12,4,3,2,1,2,1,1,7,1,6,14,5,9,32,8,24,23,12,11
S01008388,475,219,256,367,183,184,108,36,72,5,2,3,14,6,8,17,6,11,8,2,6,3,1,2,5,2,3,14,4,10,21,3,18,21,10,11
S01008389,372,160,212,210,98,112,162,62,100,7,5,2,12,7,5,13,5,8,9,2,7,5,4,1,6,4,2,24,12,12,70,18,52,16,5,11
S01008390,457,225,232,314,160,154,143,65,78,10,8,2,20,8,12,7,3,4,4,2,2,3,0,3,7,2,5,30,15,15,40,12,28,22,15,7
S01008391,492,246,246,310,173,137,182,73,109,6,5,1,26,12,14,10,3,7,13,5,8,10,4,6,12,6,6,29,14,15,51,13,38,25,11,14
S01008392,663,322,341,485,240,245,178,82,96,9,6,3,21,9,12,12,7,5,9,5,4,5,3,2,10,6,4,31,13,18,36,12,24,45,21,24
S01008393,534,256,278,343,180,163,191,76,115,9,4,5,15,8,7,12,5,7,6,2,4,5,2,3,8,8,0,34,12,22,63,17,46,39,18,21
S01008394,566,287,279,405,216,189,161,71,90,6,2,4,17,9,8,14,4,10,6,5,1,10,5,5,4,2,2,24,7,17,40,12,28,40,25,15
S01008395,395,195,200,295,152,143,100,43,57,10,5,5,13,7,6,10,4,6,5,4,1,2,0,2,1,1,0,14,6,8,20,7,13,25,9,16
S01008396,421,201,220,250,127,123,171,74,97,9,3,6,20,12,8,15,8,7,9,5,4,5,1,4,9,2,7,35,17,18,43,13,30,26,13,13
S01008397,713,339,374,469,235,234,244,104,140,16,6,10,44,18,26,19,9,10,8,4,4,13,8,5,11,7,4,46,18,28,50,17,33,37,17,20
S01008398,408,197,211,263,141,122,145,56,89,10,4,6,16,10,6,15,6,9,4,1,3,6,2,4,5,1,4,29,9,20,37,12,25,23,11,12
S01008399,368,165,203,221,118,103,147,47,100,6,3,3,10,4,6,8,3,5,9,3,6,6,1,5,5,3,2,23,10,13,50,11,39,30,9,21
S01008400,476,227,249,314,161,153,162,66,96,6,0,6,13,9,4,11,5,6,13,5,8,8,0,8,4,1,3,22,12,10,38,16,22,47,18,29
S01008401,672,317,355,445,218,227,227,99,128,10,8,2,32,20,12,24,12,12,4,1,3,13,6,7,4,4,0,30,10,20,61,18,43,49,20,29
S01008402,774,378,396,490,270,220,284,108,176,13,9,4,31,11,20,14,4,10,19,14,5,15,7,8,12,5,7,41,19,22,90,17,73,49,22,27
S01008403,431,200,231,279,140,139,152,60,92,5,3,2,18,10,8,6,3,3,12,5,7,6,1,5,8,3,5,19,9,10,51,16,35,27,10,17
S01008404,617,302,315,404,219,185,213,83,130,12,4,8,27,12,15,19,8,11,15,7,8,13,4,9,11,3,8,24,13,11,58,17,41,34,15,19
S01008405,545,272,273,385,206,179,160,66,94,8,5,3,27,14,13,9,5,4,6,1,5,8,3,5,6,1,5,29,15,14,29,6,23,38,16,22
S01008406,599,282,317,367,190,177,232,92,140,5,2,3,24,12,12,22,8,14,14,7,7,15,5,10,6,3,3,36,17,19,60,16,44,50,22,28
S01008407,355,169,186,214,102,112,141,67,74,7,4,3,11,5,6,9,5,4,6,3,3,9,3,6,4,1,3,12,2,10,46,26,20,37,18,19
S01008408,467,217,250,339,168,171,128,49,79,5,4,1,16,6,10,6,2,4,10,4,6,6,3,3,2,1,1,24,9,15,23,3,20,36,17,19
S01008409,603,285,318,376,185,191,227,100,127,6,3,3,33,17,16,24,11,13,15,5,10,4,1,3,9,4,5,37,17,20,59,23,36,40,19,21
S01008410,399,185,214,238,120,118,161,65,96,6,2,4,26,12,14,14,7,7,8,4,4,5,2,3,3,1,2,24,10,14,37,9,28,38,18,20
S01008411,455,212,243,315,141,174,140,71,69,7,4,3,19,9,10,15,9,6,9,5,4,8,3,5,6,5,1,25,11,14,25,9,16,26,16,10
S01008412,509,245,264,325,166,159,184,79,105,8,4,4,17,11,6,13,3,10,3,2,1,6,2,4,7,1,6,26,13,13,50,14,36,54,29,25
S01008413,407,207,200,265,142,123,142,65,77,2,0,2,19,9,10,12,5,7,10,5,5,4,0,4,3,1,2,17,8,9,39,17,22,36,20,16
S01008414,327,164,163,219,115,104,108,49,59,4,2,2,16,6,10,8,5,3,8,3,5,7,4,3,6,2,4,13,7,6,17,4,13,29,16,13
S01008415,621,301,320,434,219,215,187,82,105,10,3,7,31,19,12,11,4,7,5,3,2,9,2,7,7,1,6,21,10,11,54,17,37,39,23,16
S01008416,724,353,371,430,215,215,294,138,156,16,4,12,42,26,16,29,16,13,19,13,6,9,4,5,11,5,6,27,11,16,74,29,45,67,30,37
S01008417,548,270,278,353,174,179,195,96,99,4,1,3,21,15,6,17,13,4,12,4,8,9,6,3,12,8,4,37,16,21,55,17,38,28,16,12
S01008418,536,258,278,375,185,190,161,73,88,2,2,0,13,8,5,13,8,5,8,6,2,5,1,4,15,4,11,37,15,22,50,21,29,18,8,10
S01008419,349,178,171,242,125,117,107,53,54,6,4,2,6,4,2,13,6,7,6,2,4,2,1,1,10,5,5,20,10,10,22,7,15,22,14,8
S01008420,356,166,190,240,116,124,116,50,66,4,3,1,13,8,5,14,7,7,10,3,7,8,1,7,6,2,4,13,5,8,30,8,22,18,13,5
S01008421,620,290,330,431,210,221,189,80,109,6,1,5,25,11,14,27,13,14,12,7,5,11,5,6,5,2,3,22,7,15,44,17,27,37,17,20
S01008422,417,211,206,269,144,125,148,67,81,5,3,2,16,6,10,10,5,5,12,6,6,6,1,5,7,4,3,36,16,20,35,13,22,21,13,8
S01008423,750,369,381,482,253,229,268,116,152,9,5,4,29,13,16,14,6,8,18,5,13,13,7,6,19,5,14,42,21,21,75,23,52,49,31,18
S01008424,583,284,299,332,177,155,251,107,144,12,4,8,21,8,13,7,5,2,21,11,10,12,7,5,11,4,7,55,29,26,81,25,56,31,14,17
S01008425,2209,1319,890,677,364,313,1532,955,577,63,34,29,517,329,188,105,64,41,50,28,22,20,10,10,16,8,8,53,25,28,73,23,50,635,434,201
S01008426,407,186,221,253,130,123,154,56,98,6,2,4,19,6,13,9,3,6,11,3,8,14,7,7,6,6,0,29,10,19,32,5,27,28,14,14
S01008427,851,432,419,647,330,317,204,102,102,10,5,5,36,21,15,14,10,4,17,7,10,11,7,4,11,5,6,31,13,18,41,16,25,33,18,15
S01008428,457,220,237,298,149,149,159,71,88,5,1,4,19,13,6,17,9,8,9,2,7,4,3,1,12,5,7,19,10,9,45,14,31,29,14,15
S01008429,601,295,306,390,205,185,211,90,121,8,5,3,20,13,7,10,3,7,13,8,5,8,2,6,12,4,8,33,16,17,74,21,53,33,18,15
S01008430,469,220,249,302,147,155,167,73,94,8,4,4,18,8,10,9,5,4,8,2,6,12,4,8,8,6,2,34,18,16,38,11,27,32,15,17
S01008431,602,303,299,387,190,197,215,113,102,8,5,3,30,16,14,20,10,10,13,7,6,14,7,7,7,2,5,34,20,14,58,26,32,31,20,11
S01008432,497,243,254,300,162,138,197,81,116,7,3,4,25,13,12,14,7,7,10,2,8,10,3,7,9,3,6,36,18,18,63,22,41,23,10,13
S01008433,645,310,335,450,236,214,195,74,121,4,0,4,26,10,16,18,5,13,15,4,11,12,8,4,13,7,6,52,22,30,37,13,24,18,5,13
S01008434,630,313,317,415,215,200,215,98,117,12,5,7,22,12,10,20,7,13,22,9,13,10,2,8,16,8,8,38,20,18,44,17,27,31,18,13
S01008435,606,288,318,368,194,174,238,94,144,12,7,5,20,9,11,17,6,11,25,15,10,14,4,10,10,3,7,48,21,27,64,21,43,28,8,20
S01008436,619,293,326,412,205,207,207,88,119,11,6,5,25,13,12,19,7,12,14,4,10,7,2,5,9,3,6,47,24,23,37,9,28,38,20,18
S01008437,506,234,272,349,177,172,157,57,100,8,6,2,13,4,9,12,3,9,12,4,8,10,5,5,11,7,4,24,8,16,44,10,34,23,10,13
S01008438,335,166,169,245,127,118,90,39,51,5,2,3,10,5,5,7,3,4,7,2,5,3,1,2,6,4,2,11,2,9,17,8,9,24,12,12
S01008439,783,382,401,528,279,249,255,103,152,11,6,5,29,12,17,17,7,10,16,7,9,8,7,1,15,4,11,50,20,30,66,18,48,43,22,21
S01008440,688,323,365,440,231,209,248,92,156,8,5,3,34,16,18,22,10,12,21,6,15,6,3,3,11,7,4,40,18,22,74,19,55,32,8,24
S01008441,333,165,168,224,119,105,109,46,63,2,2,0,12,4,8,13,8,5,6,1,5,3,1,2,6,5,1,22,6,16,33,10,23,12,9,3
S01008442,519,251,268,385,192,193,134,59,75,4,2,2,21,12,9,9,5,4,5,1,4,6,2,4,8,1,7,28,11,17,28,12,16,25,13,12
S01008443,422,211,211,253,139,114,169,72,97,11,7,4,18,10,8,14,5,9,9,3,6,7,3,4,9,3,6,29,15,14,51,15,36,21,11,10
S01008444,479,243,236,337,194,143,142,49,93,13,3,10,28,12,16,11,3,8,8,3,5,6,2,4,8,2,6,21,5,16,24,7,17,23,12,11
S01008445,535,261,274,310,180,130,225,81,144,13,4,9,22,8,14,13,8,5,21,2,19,14,4,10,11,5,6,42,18,24,67,23,44,22,9,13
S01008446,726,429,297,400,209,191,326,220,106,9,5,4,31,22,9,19,10,9,7,4,3,8,5,3,7,3,4,37,17,20,59,12,47,149,142,7
S01008447,503,235,268,341,171,170,162,64,98,6,4,2,21,10,11,22,15,7,11,4,7,6,1,5,9,2,7,27,13,14,49,13,36,11,2,9
S01008448,578,296,282,365,198,167,213,98,115,10,5,5,28,17,11,14,5,9,14,6,8,5,1,4,10,2,8,30,10,20,69,33,36,33,19,14
S01008449,573,274,299,310,149,161,263,125,138,10,4,6,29,10,19,21,13,8,13,7,6,13,5,8,8,4,4,36,16,20,56,25,31,77,41,36
S01008450,384,159,225,224,93,131,160,66,94,8,4,4,33,12,21,25,11,14,8,2,6,2,1,1,6,5,1,16,8,8,31,9,22,31,14,17
S01008451,497,255,242,232,115,117,265,140,125,12,7,5,42,27,15,28,12,16,18,10,8,14,7,7,9,3,6,16,6,10,45,28,17,81,40,41
S01008452,433,215,218,233,108,125,200,107,93,4,2,2,33,25,8,15,12,3,10,6,4,7,3,4,14,0,14,28,14,14,33,18,15,56,27,29
S01008453,374,184,190,271,136,135,103,48,55,3,0,3,15,5,10,9,6,3,11,8,3,4,3,1,10,3,7,5,3,2,15,3,12,31,17,14
S01008454,674,303,371,354,171,183,320,132,188,13,6,7,54,27,27,15,3,12,11,6,5,5,2,3,9,4,5,32,15,17,73,23,50,108,46,62
S01008455,770,434,336,361,213,148,409,221,188,22,17,5,52,34,18,30,9,21,21,13,8,8,3,5,23,14,9,67,39,28,74,32,42,112,60,52
S01008456,747,417,330,359,217,142,388,200,188,15,11,4,61,29,32,45,34,11,34,14,20,19,11,8,11,3,8,48,23,25,72,43,29,83,32,51
S01008457,477,221,256,244,127,117,233,94,139,16,9,7,24,16,8,21,10,11,12,4,8,17,4,13,14,7,7,33,10,23,57,19,38,39,15,24
S01008458,747,368,379,465,238,227,282,130,152,14,12,2,41,23,18,21,14,7,20,12,8,16,3,13,10,5,5,45,12,33,52,19,33,63,30,33
S01008459,590,300,290,299,160,139,291,140,151,15,10,5,43,27,16,30,15,15,14,3,11,6,3,3,5,1,4,42,22,20,61,26,35,75,33,42
S01008460,552,276,276,259,138,121,293,138,155,18,13,5,48,26,22,23,14,9,19,11,8,9,2,7,9,3,6,35,13,22,55,26,29,77,30,47
S01008461,686,339,347,360,192,168,326,147,179,12,6,6,45,24,21,32,20,12,15,6,9,7,2,5,19,9,10,35,12,23,66,26,40,95,42,53
S01008462,457,259,198,189,101,88,268,158,110,5,4,1,33,24,9,17,9,8,14,10,4,11,8,3,15,10,5,42,23,19,80,43,37,51,27,24
S01008463,538,286,252,278,149,129,260,137,123,11,8,3,38,18,20,25,18,7,19,9,10,10,4,6,9,5,4,37,20,17,55,27,28,56,28,28
S01008464,637,283,354,418,206,212,219,77,142,11,5,6,25,11,14,18,3,15,14,6,8,7,2,5,5,3,2,39,13,26,67,21,46,33,13,20
S01008465,559,264,295,388,190,198,171,74,97,14,8,6,26,10,16,14,7,7,12,7,5,4,1,3,6,2,4,25,8,17,28,11,17,42,20,22
S01008466,564,286,278,351,185,166,213,101,112,13,12,1,35,16,19,33,21,12,14,5,9,13,8,5,3,2,1,30,10,20,31,7,24,41,20,21
S01008467,602,273,329,373,188,185,229,85,144,8,2,6,26,17,9,24,10,14,21,9,12,13,7,6,17,4,13,38,10,28,47,12,35,35,14,21
S01008468,454,216,238,258,133,125,196,83,113,11,3,8,19,7,12,12,7,5,8,2,6,11,4,7,8,5,3,26,13,13,36,12,24,65,30,35
S01008469,455,239,216,291,152,139,164,87,77,8,6,2,17,15,2,8,4,4,10,7,3,3,1,2,3,1,2,18,6,12,36,16,20,61,31,30
S01008470,549,280,269,282,150,132,267,130,137,16,11,5,33,19,14,15,7,8,18,10,8,17,7,10,7,2,5,33,13,20,65,33,32,63,28,35
S01008471,607,294,313,348,184,164,259,110,149,15,8,7,43,19,24,12,6,6,10,3,7,10,4,6,5,0,5,37,15,22,54,20,34,73,35,38
S01008472,508,240,268,284,148,136,224,92,132,17,8,9,30,17,13,15,5,10,11,4,7,7,3,4,9,2,7,23,10,13,45,15,30,67,28,39
S01008473,520,258,262,306,157,149,214,101,113,8,5,3,23,17,6,11,6,5,12,6,6,8,3,5,12,5,7,29,7,22,54,18,36,57,34,23
S01008474,584,286,298,329,181,148,255,105,150,8,0,8,35,21,14,24,7,17,17,7,10,8,4,4,8,3,5,45,17,28,72,29,43,38,17,21
S01008475,437,196,241,256,119,137,181,77,104,7,6,1,32,15,17,16,4,12,8,4,4,6,5,1,4,0,4,21,10,11,68,25,43,19,8,11
S01008476,524,250,274,308,149,159,216,101,115,7,3,4,21,12,9,13,6,7,13,7,6,8,3,5,12,5,7,45,19,26,56,24,32,41,22,19
S01008477,599,293,306,361,182,179,238,111,127,4,2,2,23,14,9,18,10,8,17,7,10,15,4,11,9,3,6,49,23,26,77,37,40,26,11,15
S01008478,568,261,307,318,151,167,250,110,140,17,8,9,39,19,20,18,5,13,10,5,5,10,5,5,7,2,5,29,12,17,76,33,43,44,21,23
S01008479,570,271,299,319,162,157,251,109,142,11,5,6,30,14,16,25,12,13,16,6,10,15,1,14,10,3,7,38,15,23,61,25,36,45,28,17
S01008480,480,233,247,298,151,147,182,82,100,16,11,5,17,8,9,12,5,7,12,7,5,5,1,4,7,3,4,23,12,11,28,12,16,62,23,39
S01008481,1351,969,382,476,276,200,875,693,182,32,29,3,115,106,9,109,97,12,59,49,10,32,25,7,44,34,10,112,71,41,176,116,60,196,166,30
S01008482,446,208,238,255,129,126,191,79,112,3,2,1,17,10,7,15,8,7,14,7,7,6,1,5,6,2,4,36,15,21,57,15,42,37,19,18
S01008483,463,235,228,282,149,133,181,86,95,4,2,2,33,23,10,16,9,7,8,1,7,8,3,5,8,2,6,21,10,11,49,20,29,34,16,18
S01008484,556,274,282,359,182,177,197,92,105,9,5,4,31,13,18,23,13,10,11,6,5,7,1,6,3,1,2,38,20,18,47,21,26,28,12,16
S01008485,753,371,382,499,264,235,254,107,147,14,8,6,38,23,15,15,7,8,20,7,13,10,3,7,11,3,8,55,24,31,51,13,38,40,19,21
S01008486,656,311,345,386,205,181,270,106,164,7,2,5,44,25,19,23,11,12,14,5,9,6,2,4,13,6,7,57,19,38,70,21,49,36,15,21
S01008487,642,337,305,507,275,232,135,62,73,14,6,8,33,14,19,12,7,5,10,5,5,7,3,4,4,2,2,21,12,9,12,7,5,22,6,16
S01008488,611,296,315,389,201,188,222,95,127,8,5,3,34,21,13,21,9,12,7,4,3,7,4,3,13,8,5,26,6,20,53,20,33,53,18,35
S01008489,494,230,264,302,150,152,192,80,112,6,3,3,20,10,10,16,6,10,11,5,6,4,2,2,9,4,5,32,14,18,47,15,32,47,21,26
S01008490,734,370,364,543,284,259,191,86,105,15,9,6,25,17,8,13,5,8,13,6,7,9,2,7,9,3,6,17,11,6,52,18,34,38,15,23
S01008491,777,385,392,494,254,240,283,131,152,16,8,8,39,19,20,28,14,14,17,8,9,10,4,6,7,4,3,21,13,8,27,10,17,118,51,67
S01008492,806,386,420,584,289,295,222,97,125,10,5,5,46,26,20,17,5,12,11,5,6,5,3,2,5,3,2,17,5,12,29,8,21,82,37,45
S01008493,608,285,323,385,189,196,223,96,127,10,6,4,39,21,18,25,10,15,12,7,5,5,1,4,7,5,2,32,14,18,44,8,36,49,24,25
S01008494,558,289,269,375,194,181,183,95,88,3,2,1,40,26,14,22,17,5,9,3,6,10,5,5,7,4,3,28,11,17,20,10,10,44,17,27
S01008495,841,452,389,580,307,273,261,145,116,38,30,8,57,30,27,23,9,14,10,7,3,4,2,2,4,2,2,29,16,13,24,16,8,72,33,39
S01008496,910,528,382,660,364,296,250,164,86,33,20,13,49,30,19,28,17,11,19,16,3,7,7,0,5,2,3,10,5,5,25,19,6,74,48,26
S01008497,738,399,339,567,305,262,171,94,77,15,9,6,41,26,15,11,7,4,18,10,8,4,1,3,5,4,1,17,8,9,24,13,11,36,16,20
S01008498,709,385,324,507,263,244,202,122,80,17,14,3,47,34,13,10,7,3,9,1,8,7,4,3,7,5,2,19,10,9,45,32,13,41,15,26
S01008499,919,523,396,620,343,277,299,180,119,40,26,14,87,57,30,27,12,15,16,8,8,7,4,3,6,4,2,26,14,12,22,11,11,68,44,24
S01008500,347,201,146,211,118,93,136,83,53,7,5,2,34,19,15,11,5,6,4,1,3,2,0,2,1,0,1,10,5,5,22,16,6,45,32,13
S01008501,553,286,267,408,221,187,145,65,80,13,9,4,43,27,16,13,4,9,5,1,4,4,2,2,4,0,4,7,3,4,12,4,8,44,15,29
S01008502,597,316,281,440,216,224,157,100,57,7,4,3,34,18,16,9,3,6,7,5,2,2,2,0,4,2,2,9,5,4,2,0,2,83,61,22
S01008503,728,373,355,583,292,291,145,81,64,12,5,7,43,29,14,21,9,12,6,2,4,6,4,2,1,0,1,14,6,8,9,4,5,33,22,11
S01008504,916,442,474,698,334,364,218,108,110,15,7,8,47,32,15,17,6,11,15,9,6,11,4,7,6,2,4,26,11,15,32,11,21,49,26,23
S01008505,571,269,302,444,210,234,127,59,68,7,4,3,25,14,11,17,10,7,8,1,7,3,3,0,3,3,0,20,8,12,15,4,11,29,12,17
S01008506,591,277,314,423,200,223,168,77,91,6,2,4,32,20,12,9,2,7,12,9,3,6,1,5,7,3,4,26,12,14,53,21,32,17,7,10
S01008507,780,349,431,533,247,286,247,102,145,27,11,16,88,35,53,19,7,12,18,8,10,7,2,5,2,1,1,7,6,1,22,11,11,57,21,36
S01008508,627,301,326,437,223,214,190,78,112,6,2,4,25,11,14,12,6,6,15,6,9,5,3,2,15,8,7,32,10,22,47,17,30,33,15,18
S01008509,730,332,398,512,246,266,218,86,132,8,2,6,40,16,24,21,10,11,11,6,5,13,2,11,10,4,6,33,13,20,56,21,35,26,12,14
S01008510,671,333,338,457,233,224,214,100,114,4,1,3,27,11,16,13,10,3,13,4,9,12,4,8,4,1,3,38,17,21,52,16,36,51,36,15
S01008511,626,304,322,408,216,192,218,88,130,4,0,4,35,14,21,22,11,11,12,6,6,7,1,6,8,2,6,35,18,17,55,15,40,40,21,19
S01008512,356,172,184,240,128,112,116,44,72,7,4,3,11,7,4,5,4,1,6,3,3,2,1,1,9,2,7,17,7,10,39,8,31,20,8,12
S01008513,465,224,241,291,158,133,174,66,108,8,4,4,29,10,19,17,7,10,13,7,6,5,2,3,6,2,4,32,11,21,42,15,27,22,8,14
S01008514,588,272,316,395,209,186,193,63,130,9,4,5,27,10,17,11,6,5,8,0,8,6,4,2,10,4,6,34,10,24,45,10,35,43,15,28
S01008515,522,255,267,400,203,197,122,52,70,5,0,5,14,8,6,15,5,10,8,2,6,5,2,3,7,2,5,23,7,16,24,10,14,21,16,5
S01008516,775,395,380,541,285,256,234,110,124,15,8,7,57,35,22,21,10,11,16,5,11,9,5,4,11,7,4,20,10,10,34,6,28,51,24,27
S01008517,681,331,350,479,231,248,202,100,102,14,9,5,46,29,17,17,6,11,4,1,3,8,5,3,5,0,5,10,5,5,31,12,19,67,33,34
S01008518,672,313,359,459,242,217,213,71,142,13,9,4,46,17,29,17,7,10,7,4,3,13,2,11,8,2,6,25,8,17,36,6,30,48,16,32
S01008519,564,259,305,383,193,190,181,66,115,9,3,6,26,9,17,10,5,5,17,7,10,5,0,5,8,1,7,36,13,23,34,10,24,36,18,18
S01008520,751,363,388,478,255,223,273,108,165,8,6,2,31,14,17,14,5,9,19,9,10,13,7,6,13,6,7,60,22,38,75,17,58,40,22,18
S01008521,640,322,318,416,224,192,224,98,126,13,10,3,23,12,11,17,9,8,13,5,8,12,5,7,9,3,6,40,16,24,62,17,45,35,21,14
S01008522,398,189,209,246,130,116,152,59,93,8,4,4,20,7,13,8,5,3,10,4,6,9,4,5,11,7,4,22,8,14,42,9,33,22,11,11
S01008523,701,340,361,478,255,223,223,85,138,5,2,3,35,18,17,10,5,5,18,3,15,12,4,8,7,2,5,42,16,26,65,18,47,29,17,12
S01008524,647,314,333,388,199,189,259,115,144,9,4,5,34,16,18,27,17,10,13,5,8,11,5,6,14,6,8,36,14,22,56,18,38,59,30,29
S01008525,500,226,274,282,130,152,218,96,122,9,6,3,32,13,19,17,13,4,10,7,3,10,2,8,12,4,8,39,9,30,52,26,26,37,16,21
S01008526,629,319,310,421,221,200,208,98,110,12,2,10,27,13,14,11,6,5,12,7,5,9,6,3,11,3,8,35,18,17,58,23,35,33,20,13
S01008527,545,240,305,391,182,209,154,58,96,8,4,4,23,10,13,21,5,16,8,4,4,6,1,5,8,3,5,19,9,10,26,7,19,35,15,20
S01008528,505,231,274,354,172,182,151,59,92,10,6,4,24,14,10,15,7,8,8,4,4,10,3,7,6,3,3,29,10,19,32,7,25,17,5,12
S01008529,532,256,276,371,190,181,161,66,95,7,5,2,12,3,9,21,10,11,16,7,9,13,6,7,6,1,5,24,6,18,36,12,24,26,16,10
S01008530,516,240,276,311,142,169,205,98,107,6,4,2,22,11,11,8,5,3,14,6,8,18,8,10,11,4,7,43,19,24,45,19,26,38,22,16
S01008531,547,247,300,333,154,179,214,93,121,9,7,2,25,17,8,17,6,11,19,7,12,8,1,7,11,6,5,36,17,19,49,13,36,40,19,21
S01008532,317,148,169,184,91,93,133,57,76,5,3,2,16,10,6,10,6,4,8,4,4,6,3,3,9,5,4,17,4,13,38,12,26,24,10,14
S01008533,360,185,175,254,157,97,106,28,78,2,0,2,23,2,21,10,2,8,9,1,8,4,0,4,2,0,2,16,5,11,12,3,9,28,15,13
S01008534,549,280,269,386,208,178,163,72,91,10,2,8,28,16,12,14,8,6,7,2,5,12,6,6,4,2,2,22,8,14,30,9,21,36,19,17
S01008535,543,263,280,370,189,181,173,74,99,4,2,2,19,4,15,20,12,8,9,6,3,9,4,5,11,5,6,31,13,18,39,10,29,31,18,13
S01008536,391,182,209,259,131,128,132,51,81,4,1,3,21,10,11,4,2,2,8,5,3,8,6,2,10,6,4,20,8,12,44,9,35,13,4,9
S01008537,508,240,268,320,156,164,188,84,104,5,3,2,14,6,8,18,4,14,17,10,7,6,4,2,10,3,7,38,21,17,60,19,41,20,14,6
S01008538,373,179,194,231,114,117,142,65,77,5,3,2,21,11,10,11,7,4,10,6,4,4,1,3,8,4,4,26,10,16,40,14,26,17,9,8
S01008539,613,294,319,437,220,217,176,74,102,9,7,2,26,14,12,10,6,4,15,5,10,4,2,2,9,4,5,24,10,14,56,15,41,23,11,12
S01008540,598,284,314,405,205,200,193,79,114,6,3,3,19,13,6,10,7,3,15,6,9,10,2,8,8,4,4,45,18,27,61,18,43,19,8,11
S01008541,618,285,333,435,211,224,183,74,109,6,2,4,19,12,7,13,5,8,17,7,10,7,2,5,10,2,8,30,13,17,43,14,29,38,17,21
S01008542,670,332,338,475,246,229,195,86,109,8,4,4,22,11,11,18,11,7,12,4,8,13,3,10,11,5,6,39,20,19,37,9,28,35,19,16
S01008543,542,270,272,405,217,188,137,53,84,6,3,3,21,12,9,12,5,7,5,1,4,9,4,5,5,1,4,24,7,17,31,12,19,24,8,16
S01008544,467,232,235,358,185,173,109,47,62,8,5,3,15,9,6,4,1,3,5,3,2,3,1,2,7,5,2,14,4,10,13,3,10,40,16,24
S01008545,626,303,323,410,219,191,216,84,132,13,7,6,18,8,10,16,6,10,10,3,7,8,2,6,10,4,6,34,17,17,61,19,42,46,18,28
S01008546,621,316,305,388,210,178,233,106,127,12,7,5,34,14,20,21,12,9,14,8,6,8,5,3,4,3,1,42,22,20,71,23,48,27,12,15
S01008547,786,374,412,586,294,292,200,80,120,9,4,5,34,21,13,18,6,12,11,3,8,11,4,7,10,5,5,28,10,18,37,9,28,42,18,24
S01008548,641,295,346,492,237,255,149,58,91,8,6,2,28,9,19,12,4,8,7,2,5,7,3,4,4,2,2,24,9,15,25,10,15,34,13,21
S01008549,736,352,384,508,254,254,228,98,130,5,2,3,32,21,11,17,9,8,14,6,8,12,3,9,13,3,10,36,18,18,63,24,39,36,12,24
S01008550,630,300,330,427,217,210,203,83,120,14,9,5,21,14,7,22,8,14,16,6,10,8,3,5,9,3,6,35,11,24,41,15,26,37,14,23
S01008551,771,372,399,538,272,266,233,100,133,6,2,4,33,19,14,24,13,11,8,1,7,13,4,9,10,9,1,42,16,26,65,21,44,32,15,17
S01008552,676,324,352,437,226,211,239,98,141,9,5,4,29,15,14,22,10,12,9,4,5,18,5,13,8,1,7,49,22,27,54,16,38,41,20,21
S01008553,411,205,206,252,130,122,159,75,84,3,2,1,16,11,5,13,3,10,8,5,3,12,6,6,6,3,3,34,16,18,39,15,24,28,14,14
S01008554,738,352,386,380,192,188,358,160,198,14,5,9,41,24,17,30,17,13,16,8,8,15,3,12,8,4,4,44,18,26,82,36,46,108,45,63
S01008555,755,334,421,397,190,207,358,144,214,12,9,3,45,20,25,27,9,18,18,7,11,12,3,9,14,4,10,46,16,30,95,47,48,89,29,60
S01008556,522,244,278,283,135,148,239,109,130,13,8,5,14,9,5,14,2,12,17,14,3,21,7,14,12,8,4,32,7,25,58,30,28,58,24,34
S01008557,584,266,318,308,151,157,276,115,161,11,6,5,27,12,15,21,9,12,12,5,7,9,5,4,8,3,5,47,15,32,81,36,45,60,24,36
S01008558,618,292,326,363,190,173,255,102,153,6,3,3,33,12,21,14,4,10,8,4,4,15,5,10,6,3,3,46,19,27,74,29,45,53,23,30
S01008559,495,226,269,289,143,146,206,83,123,6,3,3,17,9,8,12,6,6,9,5,4,9,3,6,13,3,10,30,14,16,65,18,47,45,22,23
S01008560,492,246,246,300,151,149,192,95,97,6,0,6,30,20,10,6,3,3,11,5,6,10,5,5,11,7,4,27,12,15,53,21,32,38,22,16
S01008561,472,238,234,291,157,134,181,81,100,17,10,7,27,10,17,11,1,10,10,6,4,9,6,3,4,2,2,33,13,20,38,17,21,32,16,16
S01008562,430,184,246,208,89,119,222,95,127,3,3,0,20,12,8,15,4,11,18,8,10,17,11,6,18,7,11,40,14,26,58,27,31,33,9,24
S01008563,612,282,330,360,180,180,252,102,150,3,2,1,30,13,17,24,12,12,12,9,3,18,2,16,8,5,3,48,18,30,51,19,32,58,22,36
S01008564,467,214,253,269,131,138,198,83,115,10,6,4,17,5,12,14,8,6,12,5,7,12,2,10,10,4,6,25,14,11,69,26,43,29,13,16
S01008565,653,289,364,363,163,200,290,126,164,8,5,3,40,18,22,22,13,9,16,8,8,13,4,9,10,2,8,38,21,17,84,27,57,59,28,31
S01008566,774,371,403,450,225,225,324,146,178,17,7,10,38,21,17,17,9,8,17,11,6,13,6,7,13,5,8,49,18,31,89,33,56,71,36,35
S01008567,541,273,268,322,179,143,219,94,125,11,6,5,26,14,12,8,5,3,16,9,7,5,3,2,10,5,5,37,12,25,52,16,36,54,24,30
S01008568,593,282,311,415,205,210,178,77,101,6,3,3,18,11,7,14,4,10,11,2,9,14,7,7,6,1,5,29,11,18,34,11,23,46,27,19
S01008569,492,292,200,237,142,95,255,150,105,4,3,1,44,30,14,27,19,8,15,5,10,10,5,5,16,8,8,23,10,13,45,31,14,71,39,32
S01008570,665,305,360,356,165,191,309,140,169,8,6,2,42,24,18,19,14,5,19,9,10,14,5,9,10,3,7,46,23,23,67,24,43,84,32,52
S01008571,492,237,255,284,142,142,208,95,113,9,5,4,20,11,9,20,12,8,20,7,13,14,7,7,12,6,6,35,15,20,50,22,28,28,10,18
S01008572,629,300,329,364,187,177,265,113,152,8,2,6,37,21,16,21,10,11,17,7,10,11,4,7,3,1,2,42,19,23,84,29,55,42,20,22
S01008573,606,302,304,435,225,210,171,77,94,6,4,2,27,14,13,10,6,4,11,5,6,7,3,4,13,4,9,24,9,15,35,18,17,38,14,24
S01008574,576,281,295,430,217,213,146,64,82,10,5,5,28,16,12,13,4,9,13,6,7,4,2,2,7,4,3,16,5,11,20,7,13,35,15,20
S01008575,594,279,315,392,205,187,202,74,128,6,2,4,27,12,15,19,8,11,18,4,14,9,2,7,8,3,5,27,8,19,42,12,30,46,23,23
S01008576,648,300,348,446,211,235,202,89,113,1,0,1,30,17,13,12,6,6,24,8,16,14,6,8,11,7,4,32,9,23,44,17,27,34,19,15
S01008577,575,276,299,374,180,194,201,96,105,11,7,4,30,17,13,10,5,5,14,7,7,8,4,4,9,2,7,32,18,14,58,19,39,29,17,12
S01008578,527,255,272,354,185,169,173,70,103,9,5,4,21,9,12,14,8,6,10,3,7,5,1,4,7,3,4,35,14,21,38,12,26,34,15,19
S01008579,506,244,262,291,148,143,215,96,119,6,5,1,20,13,7,23,7,16,12,7,5,14,4,10,6,3,3,41,19,22,60,24,36,33,14,19
S01008580,417,211,206,279,145,134,138,66,72,6,3,3,20,12,8,15,8,7,7,2,5,4,2,2,8,3,5,21,7,14,30,12,18,27,17,10
S01008581,672,316,356,389,189,200,283,127,156,8,6,2,35,23,12,27,15,12,24,7,17,12,2,10,14,6,8,31,13,18,84,30,54,48,25,23
S01008582,749,378,371,457,239,218,292,139,153,10,7,3,35,21,14,28,15,13,13,6,7,17,3,14,14,8,6,41,16,25,76,34,42,58,29,29
S01008583,519,257,262,307,150,157,212,107,105,9,6,3,26,12,14,10,3,7,11,4,7,8,4,4,4,3,1,35,18,17,54,29,25,55,28,27
S01008584,607,295,312,358,187,171,249,108,141,9,6,3,44,23,21,19,3,16,15,8,7,12,3,9,12,6,6,32,13,19,54,18,36,52,28,24
S01008585,433,216,217,264,136,128,169,80,89,9,6,3,17,11,6,10,6,4,11,4,7,8,4,4,11,5,6,23,11,12,46,19,27,34,14,20
S01008586,582,290,292,328,173,155,254,117,137,12,7,5,29,14,15,24,10,14,9,2,7,9,5,4,6,3,3,50,23,27,71,26,45,44,27,17
S01008587,718,372,346,369,201,168,349,171,178,14,8,6,69,38,31,27,11,16,13,6,7,9,6,3,9,2,7,27,13,14,51,17,34,130,70,60
S01008588,539,269,270,344,176,168,195,93,102,19,10,9,33,16,17,17,12,5,7,2,5,8,5,3,9,6,3,28,14,14,36,7,29,38,21,17
S01008589,255,123,132,171,86,85,84,37,47,5,1,4,11,6,5,5,3,2,8,3,5,3,1,2,4,1,3,10,4,6,22,10,12,16,8,8
S01008590,511,234,277,308,153,155,203,81,122,6,2,4,35,22,13,21,9,12,17,6,11,8,4,4,10,2,8,23,10,13,47,14,33,36,12,24
S01008591,627,332,295,392,209,183,235,123,112,15,10,5,55,38,17,17,9,8,15,7,8,12,8,4,9,4,5,28,12,16,28,11,17,56,24,32
S01008592,534,270,264,317,162,155,217,108,109,12,7,5,33,24,9,22,10,12,6,3,3,10,5,5,9,2,7,27,8,19,36,16,20,62,33,29
S01008593,544,264,280,361,193,168,183,71,112,7,3,4,28,12,16,15,4,11,14,5,9,5,3,2,8,3,5,32,15,17,44,11,33,30,15,15
S01008594,808,382,426,490,254,236,318,128,190,8,3,5,73,40,33,24,10,14,27,10,17,13,7,6,8,3,5,32,12,20,65,15,50,68,28,40
S01008595,661,338,323,336,178,158,325,160,165,17,11,6,37,21,16,19,14,5,22,12,10,19,8,11,9,0,9,33,12,21,101,49,52,68,33,35
S01008596,674,331,343,345,171,174,329,160,169,19,8,11,51,28,23,28,11,17,16,8,8,16,8,8,12,5,7,32,16,16,69,32,37,86,44,42
S01008597,638,311,327,427,207,220,211,104,107,4,3,1,24,12,12,16,10,6,7,4,3,5,3,2,14,3,11,34,19,15,78,31,47,29,19,10
S01008598,706,358,348,343,168,175,363,190,173,20,15,5,126,71,55,38,19,19,22,11,11,9,4,5,3,1,2,15,7,8,39,17,22,91,45,46
S01008599,754,409,345,453,252,201,301,157,144,22,8,14,87,49,38,35,17,18,14,4,10,13,9,4,7,2,5,25,11,14,20,3,17,78,54,24
S01008600,597,296,301,332,177,155,265,119,146,9,4,5,55,31,24,26,10,16,19,12,7,16,5,11,7,4,3,30,12,18,37,12,25,66,29,37
S01008601,2442,1077,1365,500,239,261,1942,838,1104,140,57,83,775,307,468,110,45,65,40,16,24,12,8,4,3,2,1,19,12,7,30,7,23,813,384,429
S01008602,586,282,304,295,156,139,291,126,165,17,12,5,111,45,66,26,13,13,15,4,11,5,5,0,3,1,2,17,7,10,19,6,13,78,33,45
S01008603,1041,512,529,524,270,254,517,242,275,52,21,31,173,83,90,60,34,26,29,15,14,12,6,6,2,0,2,16,9,7,34,8,26,139,66,73
S01008604,798,377,421,430,228,202,368,149,219,19,7,12,114,49,65,41,18,23,22,6,16,15,7,8,11,7,4,25,9,16,30,10,20,91,36,55
S01008605,609,327,282,372,200,172,237,127,110,27,11,16,66,38,28,27,19,8,19,7,12,5,2,3,9,8,1,16,8,8,15,6,9,53,28,25
S01008606,573,286,287,380,196,184,193,90,103,9,1,8,42,23,19,17,10,7,8,5,3,8,3,5,7,3,4,26,14,12,34,13,21,42,18,24
S01008607,428,208,220,263,135,128,165,73,92,7,5,2,19,11,8,9,5,4,13,4,9,10,3,7,6,0,6,36,22,14,44,13,31,21,10,11
S01008608,514,241,273,315,159,156,199,82,117,9,5,4,26,8,18,15,10,5,17,7,10,6,1,5,9,3,6,25,9,16,64,22,42,28,17,11
S01008609,609,288,321,385,197,188,224,91,133,11,8,3,34,11,23,17,8,9,15,8,7,9,2,7,10,4,6,32,12,20,57,18,39,39,20,19
S01008610,570,269,301,338,176,162,232,93,139,8,4,4,54,24,30,15,6,9,16,9,7,4,1,3,5,3,2,38,16,22,45,10,35,47,20,27
S01008611,1286,592,694,581,279,302,705,313,392,58,28,30,257,118,139,61,30,31,27,13,14,20,5,15,12,2,10,23,15,8,23,10,13,224,92,132
S01008612,713,358,355,378,202,176,335,156,179,34,18,16,115,63,52,37,14,23,16,4,12,14,7,7,3,3,0,22,10,12,19,5,14,75,32,43
S01008613,627,306,321,361,181,180,266,125,141,22,9,13,79,43,36,35,19,16,11,2,9,11,6,5,5,1,4,17,4,13,21,8,13,65,33,32
S01008614,624,313,311,293,154,139,331,159,172,25,10,15,149,69,80,30,17,13,19,14,5,8,3,5,6,1,5,18,11,7,20,9,11,56,25,31
S01008615,739,335,404,368,188,180,371,147,224,41,9,32,141,60,81,33,16,17,19,8,11,6,0,6,7,2,5,12,4,8,19,5,14,93,43,50
S01008616,671,268,403,319,147,172,352,121,231,44,18,26,143,48,95,43,7,36,22,9,13,9,2,7,7,1,6,9,4,5,9,5,4,66,27,39
S01008617,735,360,375,306,158,148,429,202,227,49,25,24,188,87,101,35,12,23,21,12,9,13,8,5,4,1,3,8,5,3,10,3,7,101,49,52
S01008618,669,324,345,295,132,163,374,192,182,37,21,16,156,83,73,41,18,23,24,13,11,12,5,7,7,5,2,10,6,4,5,2,3,82,39,43
S01008619,474,209,265,258,120,138,216,89,127,21,4,17,86,40,46,24,13,11,13,1,12,5,2,3,2,0,2,8,4,4,7,0,7,50,25,25
S01008620,756,324,432,360,168,192,396,156,240,37,20,17,173,68,105,40,13,27,23,7,16,5,2,3,4,3,1,8,3,5,15,5,10,91,35,56
S01008621,699,316,383,327,148,179,372,168,204,28,13,15,172,72,100,49,22,27,14,9,5,7,5,2,6,3,3,7,5,2,11,4,7,78,35,43
S01008622,456,223,233,252,131,121,204,92,112,17,10,7,72,33,39,33,18,15,21,12,9,2,0,2,1,0,1,13,4,9,14,0,14,31,15,16
S01008623,800,365,435,382,201,181,418,164,254,30,13,17,169,63,106,34,13,21,22,11,11,9,3,6,6,3,3,19,7,12,36,9,27,93,42,51
S01008624,486,239,247,266,144,122,220,95,125,13,5,8,24,9,15,24,12,12,11,7,4,14,10,4,8,5,3,41,17,24,68,22,46,17,8,9
S01008625,417,195,222,262,142,120,155,53,102,4,1,3,12,4,8,5,2,3,15,6,9,10,4,6,6,4,2,24,6,18,52,10,42,27,16,11
S01008626,684,336,348,482,255,227,202,81,121,6,2,4,36,17,19,20,9,11,11,6,5,9,3,6,6,4,2,21,6,15,44,8,36,49,26,23
S01008627,475,224,251,334,171,163,141,53,88,7,2,5,19,11,8,15,4,11,12,4,8,4,2,2,6,3,3,22,8,14,28,4,24,28,15,13
S01008628,491,242,249,332,161,171,159,81,78,10,6,4,31,22,9,12,7,5,7,4,3,9,4,5,5,1,4,18,10,8,31,12,19,36,15,21
S01008629,438,211,227,294,137,157,144,74,70,11,7,4,33,20,13,20,10,10,7,3,4,11,5,6,1,0,1,14,7,7,27,12,15,20,10,10
S01008630,460,245,215,291,158,133,169,87,82,14,6,8,52,27,25,14,7,7,6,4,2,8,4,4,4,1,3,11,4,7,19,5,14,41,29,12
S01008631,695,368,327,512,274,238,183,94,89,4,3,1,45,31,14,21,8,13,17,7,10,9,6,3,2,2,0,29,11,18,30,10,20,26,16,10
S01008632,780,415,365,459,225,234,321,190,131,10,4,6,39,17,22,23,8,15,13,7,6,13,7,6,5,1,4,13,7,6,83,48,35,122,91,31
S01008633,642,315,327,366,186,180,276,129,147,6,3,3,39,24,15,11,8,3,20,11,9,8,4,4,3,2,1,40,18,22,96,30,66,53,29,24
S01008634,571,309,262,353,192,161,218,117,101,20,10,10,50,31,19,16,8,8,11,6,5,11,5,6,6,3,3,17,9,8,36,13,23,51,32,19
S01008635,681,322,359,451,228,223,230,94,136,13,7,6,68,32,36,21,3,18,13,8,5,6,2,4,11,2,9,21,12,9,25,7,18,52,21,31
S01008636,683,314,369,428,206,222,255,108,147,19,10,9,76,36,40,25,11,14,15,5,10,15,6,9,6,2,4,20,13,7,35,8,27,44,17,27
S01008637,527,239,288,341,174,167,186,65,121,7,1,6,52,20,32,18,6,12,10,5,5,11,3,8,10,2,8,21,6,15,34,13,21,23,9,14
S01008638,649,338,311,363,193,170,286,145,141,19,7,12,89,43,46,30,16,14,11,4,7,7,5,2,7,4,3,19,8,11,53,28,25,51,30,21
S01008639,765,392,373,556,283,273,209,109,100,22,8,14,57,31,26,20,11,9,16,9,7,5,3,2,13,4,9,16,7,9,13,8,5,47,28,19
S01008640,687,336,351,457,232,225,230,104,126,24,9,15,76,33,43,19,9,10,21,6,15,9,3,6,3,2,1,13,3,10,8,2,6,57,37,20
S01008641,765,343,422,447,207,240,318,136,182,35,12,23,152,69,83,33,13,20,20,7,13,4,1,3,5,4,1,12,4,8,18,4,14,39,22,17
S01008642,806,400,406,555,275,280,251,125,126,15,6,9,106,49,57,29,15,14,13,8,5,6,5,1,8,3,5,21,9,12,15,3,12,38,27,11
S01008643,590,276,314,438,213,225,152,63,89,16,8,8,47,20,27,16,3,13,9,7,2,6,3,3,7,1,6,5,2,3,20,5,15,26,14,12
S01008644,644,333,311,415,203,212,229,130,99,26,15,11,80,41,39,25,18,7,12,7,5,6,4,2,5,1,4,12,7,5,13,3,10,50,34,16
S01008645,690,338,352,460,236,224,230,102,128,14,4,10,77,43,34,24,15,9,8,4,4,9,2,7,3,2,1,8,1,7,23,8,15,64,23,41
S01008646,707,376,331,525,282,243,182,94,88,11,5,6,55,36,19,21,9,12,9,4,5,7,3,4,5,2,3,12,5,7,33,15,18,29,15,14
S01008647,537,297,240,422,229,193,115,68,47,10,6,4,32,22,10,12,4,8,4,3,1,2,0,2,0,0,0,13,7,6,10,6,4,32,20,12
S01008648,548,275,273,395,191,204,153,84,69,26,12,14,45,30,15,9,6,3,8,4,4,3,1,2,2,1,1,13,5,8,26,10,16,21,15,6
S01008649,792,414,378,581,307,274,211,107,104,21,13,8,52,31,21,19,11,8,10,5,5,10,5,5,5,4,1,18,7,11,30,17,13,46,14,32
S01008650,693,346,347,514,260,254,179,86,93,28,14,14,44,19,25,14,9,5,7,3,4,6,4,2,5,1,4,16,8,8,20,12,8,39,16,23
S01008651,930,524,406,508,276,232,422,248,174,38,19,19,135,71,64,40,26,14,18,11,7,13,7,6,4,4,0,19,9,10,30,23,7,125,78,47
S01008652,538,291,247,380,204,176,158,87,71,9,4,5,37,20,17,20,12,8,8,5,3,4,2,2,3,3,0,18,12,6,26,17,9,33,12,21
S01008653,614,373,241,386,223,163,228,150,78,15,11,4,48,34,14,17,10,7,7,4,3,2,0,2,4,3,1,23,17,6,33,16,17,79,55,24
S01008654,871,504,367,590,328,262,281,176,105,16,9,7,70,45,25,41,22,19,17,9,8,5,2,3,1,1,0,28,15,13,39,25,14,64,48,16
S01008655,732,403,329,514,281,233,218,122,96,22,14,8,61,30,31,19,8,11,8,5,3,4,2,2,1,1,0,8,3,5,34,22,12,61,37,24
S01008656,591,348,243,382,228,154,209,120,89,16,7,9,48,26,22,16,10,6,17,9,8,6,3,3,6,6,0,15,11,4,36,18,18,49,30,19
S01008657,670,335,335,414,211,203,256,124,132,14,9,5,98,50,48,19,15,4,17,8,9,6,4,2,7,3,4,13,5,8,24,10,14,58,20,38
S01008658,1022,538,484,560,294,266,462,244,218,45,23,22,157,88,69,43,24,19,23,12,11,11,5,6,7,6,1,17,8,9,54,27,27,105,51,54
S01008659,773,416,357,458,237,221,315,179,136,31,14,17,100,68,32,25,12,13,18,11,7,6,3,3,6,2,4,23,11,12,30,16,14,76,42,34
S01008660,866,493,373,507,302,205,359,191,168,35,17,18,131,70,61,33,22,11,25,11,14,7,3,4,7,7,0,21,11,10,26,12,14,74,38,36
S01008661,916,419,497,460,232,228,456,187,269,48,19,29,140,53,87,29,13,16,19,6,13,9,3,6,7,1,6,18,13,5,35,18,17,151,61,90
S01008662,726,378,348,341,177,164,385,201,184,41,16,25,173,83,90,16,10,6,18,11,7,8,5,3,2,1,1,13,7,6,12,10,2,102,58,44
S01008663,774,398,376,420,222,198,354,176,178,29,12,17,123,60,63,28,18,10,14,6,8,15,11,4,3,3,0,22,11,11,33,19,14,87,36,51
S01008664,653,341,312,434,228,206,219,113,106,15,10,5,83,49,34,28,14,14,18,11,7,9,1,8,2,2,0,12,6,6,23,9,14,29,11,18
S01008665,1099,566,533,615,309,306,484,257,227,41,25,16,176,90,86,36,12,24,36,18,18,11,5,6,6,4,2,26,12,14,28,13,15,124,78,46
S01008666,925,448,477,435,216,219,490,232,258,38,16,22,210,94,116,31,14,17,22,13,9,10,5,5,3,1,2,15,6,9,21,9,12,140,74,66
S01008667,893,391,502,359,165,194,534,226,308,33,17,16,197,92,105,50,21,29,20,8,12,15,5,10,10,8,2,18,9,9,28,9,19,163,57,106
S01008668,578,275,303,290,146,144,288,129,159,18,7,11,117,57,60,29,9,20,18,1,17,7,2,5,1,1,0,6,2,4,9,4,5,83,46,37
S01008669,541,243,298,177,85,92,364,158,206,56,23,33,143,62,81,26,8,18,30,8,22,4,3,1,2,2,0,5,3,2,9,1,8,89,48,41
S01008670,822,382,440,296,136,160,526,246,280,45,17,28,232,109,123,42,24,18,16,7,9,9,4,5,10,5,5,13,5,8,8,4,4,151,71,80
S01008671,717,370,347,287,148,139,430,222,208,38,13,25,179,90,89,34,20,14,29,14,15,6,4,2,4,2,2,14,7,7,16,9,7,110,63,47
S01008672,620,285,335,281,147,134,339,138,201,23,5,18,115,52,63,28,14,14,15,5,10,4,3,1,4,2,2,14,4,10,20,4,16,116,49,67
S01008673,967,475,492,421,214,207,546,261,285,31,13,18,134,72,62,59,30,29,34,18,16,22,14,8,10,2,8,24,12,12,33,15,18,199,85,114
S01008674,911,472,439,389,202,187,522,270,252,18,13,5,207,98,109,39,20,19,20,11,9,10,2,8,6,4,2,12,8,4,22,7,15,188,107,81
S01008675,665,365,300,377,224,153,288,141,147,14,6,8,74,41,33,18,8,10,20,8,12,17,9,8,5,1,4,36,16,20,38,24,14,66,28,38
S01008676,722,354,368,436,218,218,286,136,150,15,8,7,106,48,58,25,9,16,23,8,15,8,4,4,3,1,2,13,6,7,14,6,8,79,46,33
S01008677,768,420,348,438,245,193,330,175,155,32,16,16,87,38,49,28,22,6,17,4,13,7,4,3,7,5,2,15,8,7,18,9,9,119,69,50
S01008678,1154,517,637,390,196,194,764,321,443,50,29,21,322,113,209,35,16,19,24,11,13,11,6,5,7,4,3,23,14,9,27,16,11,265,112,153
S01008679,1078,552,526,401,221,180,677,331,346,49,28,21,179,80,99,52,31,21,29,15,14,19,9,10,10,8,2,33,23,10,63,34,29,243,103,140
S01008680,590,307,283,257,140,117,333,167,166,19,7,12,110,59,51,24,12,12,15,10,5,7,2,5,3,2,1,16,9,7,20,13,7,119,53,66
S01008681,870,440,430,331,174,157,539,266,273,53,26,27,127,53,74,50,25,25,18,6,12,9,3,6,9,5,4,22,11,11,62,38,24,189,99,90
S01008682,690,362,328,371,196,175,319,166,153,31,13,18,86,52,34,29,14,15,8,3,5,5,4,1,6,2,4,12,6,6,41,18,23,101,54,47
S01008683,1327,574,753,408,219,189,919,355,564,40,25,15,253,104,149,48,22,26,35,19,16,20,5,15,15,6,9,44,19,25,88,36,52,376,119,257
S01008684,830,420,410,401,216,185,429,204,225,19,5,14,99,53,46,33,14,19,14,7,7,16,6,10,12,5,7,39,21,18,70,36,34,127,57,70
S01008685,920,471,449,439,210,229,481,261,220,38,21,17,149,60,89,37,22,15,22,14,8,15,7,8,15,9,6,38,25,13,67,48,19,100,55,45
S01008686,786,382,404,438,219,219,348,163,185,19,10,9,56,32,24,25,13,12,10,6,4,8,6,2,11,6,5,51,20,31,93,45,48,75,25,50
S01008687,601,322,279,447,243,204,154,79,75,11,3,8,54,24,30,18,15,3,6,3,3,5,3,2,1,0,1,13,8,5,16,9,7,30,14,16
S01008688,737,383,354,540,286,254,197,97,100,19,12,7,37,15,22,18,7,11,8,6,2,9,5,4,4,2,2,18,8,10,37,21,16,47,21,26
S01008689,743,369,374,564,275,289,179,94,85,13,8,5,52,28,24,25,10,15,9,3,6,5,4,1,3,2,1,13,8,5,36,17,19,23,14,9
S01008690,870,402,468,673,314,359,197,88,109,18,10,8,58,24,34,19,14,5,11,5,6,6,3,3,8,4,4,24,6,18,28,10,18,25,12,13
S01008691,957,503,454,737,389,348,220,114,106,13,8,5,57,25,32,19,10,9,15,8,7,8,5,3,8,6,2,30,15,15,39,17,22,31,20,11
S01008692,590,306,284,422,207,215,168,99,69,12,6,6,36,22,14,10,6,4,7,4,3,4,1,3,6,3,3,18,12,6,41,25,16,34,20,14
S01008693,353,163,190,239,113,126,114,50,64,0,0,0,15,7,8,7,3,4,5,3,2,7,3,4,5,1,4,22,14,8,40,15,25,13,4,9
S01008694,855,432,423,674,345,329,181,87,94,16,8,8,36,21,15,18,7,11,14,4,10,9,5,4,6,3,3,25,12,13,25,11,14,32,16,16
S01008695,545,254,291,406,185,221,139,69,70,13,7,6,28,18,10,17,8,9,7,1,6,1,0,1,8,5,3,14,5,9,25,10,15,26,15,11
S01008696,515,252,263,370,187,183,145,65,80,8,6,2,19,9,10,7,4,3,5,2,3,8,1,7,6,3,3,22,8,14,40,15,25,30,17,13
S01008697,804,410,394,535,281,254,269,129,140,8,3,5,33,15,18,15,8,7,16,9,7,24,12,12,14,3,11,62,31,31,58,20,38,39,28,11
S01008698,382,181,201,259,130,129,123,51,72,4,2,2,20,12,8,7,4,3,9,4,5,4,2,2,5,1,4,14,7,7,41,12,29,19,7,12
S01008699,639,296,343,396,203,193,243,93,150,4,1,3,28,12,16,25,13,12,14,5,9,8,3,5,10,7,3,39,9,30,67,24,43,48,19,29
S01008700,407,199,208,238,121,117,169,78,91,6,3,3,18,10,8,9,6,3,12,5,7,6,0,6,3,0,3,33,15,18,50,23,27,32,16,16
S01008701,296,143,153,157,77,80,139,66,73,8,6,2,19,10,9,11,8,3,9,3,6,1,0,1,4,2,2,17,6,11,29,13,16,41,18,23
S01008702,489,243,246,318,169,149,171,74,97,10,4,6,33,19,14,14,3,11,11,5,6,5,3,2,7,2,5,15,7,8,26,7,19,50,24,26
S01008703,728,352,376,359,190,169,369,162,207,12,9,3,40,17,23,17,8,9,19,7,12,14,8,6,11,3,8,38,20,18,93,46,47,125,44,81
S01008704,505,243,262,268,129,139,237,114,123,10,5,5,27,13,14,19,10,9,14,8,6,7,5,2,5,2,3,31,10,21,69,33,36,55,28,27
S01008705,360,170,190,198,100,98,162,70,92,3,2,1,19,7,12,11,3,8,11,5,6,4,0,4,4,2,2,17,9,8,47,22,25,46,20,26
S01008706,387,175,212,210,98,112,177,77,100,10,5,5,20,7,13,19,10,9,5,3,2,6,1,5,6,3,3,21,6,15,39,14,25,51,28,23
S01008707,588,274,314,270,133,137,318,141,177,8,3,5,33,19,14,18,7,11,13,7,6,8,1,7,17,6,11,45,13,32,73,30,43,103,55,48
S01008708,679,371,308,293,159,134,386,212,174,18,12,6,37,20,17,23,14,9,28,18,10,20,9,11,8,6,2,63,34,29,106,59,47,83,40,43
S01008709,525,233,292,284,134,150,241,99,142,10,7,3,18,7,11,13,9,4,14,3,11,10,4,6,11,3,8,39,13,26,64,27,37,62,26,36
S01008710,354,162,192,186,94,92,168,68,100,7,4,3,13,5,8,13,6,7,8,6,2,8,5,3,7,1,6,20,6,14,39,13,26,53,22,31
S01008711,514,238,276,277,143,134,237,95,142,10,5,5,26,15,11,14,8,6,14,4,10,4,1,3,7,1,6,35,17,18,80,30,50,47,14,33
S01008712,775,396,379,307,163,144,468,233,235,19,12,7,52,27,25,23,14,9,23,15,8,20,11,9,10,6,4,57,25,32,175,78,97,89,45,44
S01008713,438,203,235,248,121,127,190,82,108,7,3,4,21,10,11,17,7,10,7,4,3,9,3,6,3,1,2,32,14,18,47,23,24,47,17,30
S01008714,417,192,225,225,104,121,192,88,104,9,3,6,31,17,14,16,12,4,15,6,9,4,3,1,9,3,6,27,8,19,49,24,25,32,12,20
S01008715,548,263,285,313,154,159,235,109,126,2,1,1,23,13,10,13,4,9,14,5,9,4,2,2,9,7,2,42,23,19,79,29,50,49,25,24
S01008716,364,172,192,221,111,110,143,61,82,6,3,3,11,3,8,15,9,6,6,3,3,7,3,4,9,3,6,18,10,8,51,21,30,20,6,14
S01008717,327,157,170,228,113,115,99,44,55,3,2,1,8,3,5,8,3,5,9,4,5,6,2,4,1,0,1,21,8,13,19,7,12,24,15,9
S01008718,391,196,195,273,140,133,118,56,62,7,4,3,18,11,7,6,3,3,8,3,5,4,3,1,3,2,1,20,6,14,32,12,20,20,12,8
S01008719,757,349,408,507,254,253,250,95,155,15,9,6,24,14,10,16,5,11,22,8,14,13,3,10,11,5,6,37,13,24,50,17,33,62,21,41
S01008720,408,196,212,246,124,122,162,72,90,12,5,7,25,8,17,10,7,3,10,5,5,6,2,4,2,0,2,25,16,9,51,21,30,21,8,13
S01008721,621,310,311,494,249,245,127,61,66,5,4,1,17,9,8,9,5,4,7,1,6,5,2,3,7,5,2,20,7,13,28,12,16,29,16,13
S01008722,749,366,383,445,225,220,304,141,163,15,12,3,28,14,14,15,9,6,17,12,5,14,4,10,18,11,7,56,22,34,101,35,66,40,22,18
S01008723,530,269,261,373,193,180,157,76,81,7,4,3,24,13,11,15,9,6,5,3,2,6,2,4,8,2,6,21,7,14,32,14,18,39,22,17
S01008724,646,302,344,438,216,222,208,86,122,7,3,4,16,4,12,20,11,9,12,4,8,8,3,5,7,4,3,39,16,23,68,26,42,31,15,16
S01008725,559,268,291,390,194,196,169,74,95,13,9,4,22,11,11,15,6,9,9,3,6,10,7,3,9,3,6,26,9,17,42,14,28,23,12,11
S01008726,414,194,220,304,153,151,110,41,69,11,3,8,13,5,8,11,2,9,8,1,7,7,2,5,6,3,3,18,10,8,25,9,16,11,6,5
S01008727,777,355,422,513,249,264,264,106,158,14,6,8,51,21,30,21,11,10,16,3,13,5,1,4,5,2,3,50,26,24,65,18,47,37,18,19
S01008728,361,163,198,228,111,117,133,52,81,2,1,1,13,6,7,11,5,6,7,4,3,3,0,3,6,2,4,22,6,16,40,11,29,29,17,12
S01008729,514,244,270,359,180,179,155,64,91,10,5,5,19,8,11,7,2,5,10,2,8,7,4,3,8,5,3,30,14,16,33,11,22,31,13,18
S01008730,626,299,327,453,220,233,173,79,94,8,4,4,35,14,21,16,10,6,7,3,4,11,4,7,6,4,2,25,13,12,28,9,19,37,18,19
S01008731,323,155,168,179,86,93,144,69,75,3,1,2,15,10,5,8,4,4,5,3,2,5,3,2,4,0,4,26,10,16,52,24,28,26,14,12
S01008732,467,230,237,284,149,135,183,81,102,12,3,9,21,9,12,8,5,3,15,9,6,7,1,6,6,3,3,28,15,13,54,23,31,32,13,19
S01008733,666,323,343,510,256,254,156,67,89,6,4,2,22,8,14,13,10,3,12,4,8,14,5,9,9,4,5,28,11,17,42,18,24,10,3,7
S01008734,410,199,211,272,141,131,138,58,80,5,2,3,14,7,7,9,3,6,16,9,7,11,5,6,2,1,1,26,9,17,31,11,20,24,11,13
S01008735,710,340,370,446,227,219,264,113,151,8,4,4,29,18,11,18,4,14,15,8,7,16,6,10,14,7,7,54,24,30,74,24,50,36,18,18
S01008736,505,251,254,321,169,152,184,82,102,8,5,3,19,6,13,14,6,8,11,6,5,6,3,3,7,3,4,21,9,12,60,26,34,38,18,20
S01008737,561,271,290,374,195,179,187,76,111,10,4,6,14,4,10,13,7,6,14,7,7,14,5,9,7,5,2,39,14,25,53,19,34,23,11,12
S01008738,540,259,281,333,169,164,207,90,117,6,5,1,25,9,16,12,5,7,13,6,7,6,5,1,9,4,5,48,26,22,57,17,40,31,13,18
S01008739,428,210,218,289,150,139,139,60,79,6,4,2,19,8,11,12,5,7,12,7,5,9,1,8,5,3,2,22,9,13,34,12,22,20,11,9
S01008740,424,201,223,271,133,138,153,68,85,4,4,0,12,4,8,10,5,5,7,2,5,12,7,5,7,4,3,28,13,15,52,19,33,21,10,11
S01008741,676,331,345,445,230,215,231,101,130,12,4,8,28,15,13,22,12,10,13,5,8,14,6,8,7,2,5,50,24,26,57,16,41,28,17,11
S01008742,337,167,170,217,115,102,120,52,68,2,1,1,14,6,8,9,5,4,14,7,7,5,2,3,3,2,1,19,9,10,37,14,23,17,6,11
S01008743,697,332,365,430,218,212,267,114,153,10,7,3,46,16,30,28,15,13,6,4,2,17,7,10,11,6,5,42,15,27,68,25,43,39,19,20
S01008744,751,363,388,491,248,243,260,115,145,11,5,6,27,16,11,19,12,7,18,8,10,8,5,3,7,4,3,37,14,23,84,26,58,49,25,24
S01008745,346,161,185,243,119,124,103,42,61,6,2,4,17,7,10,6,3,3,6,4,2,3,1,2,5,1,4,13,3,10,29,13,16,18,8,10
S01008746,819,406,413,483,256,227,336,150,186,15,7,8,42,30,12,27,10,17,14,8,6,15,5,10,14,6,8,42,21,21,90,39,51,77,24,53
S01008747,361,168,193,235,113,122,126,55,71,3,1,2,19,12,7,12,7,5,4,3,1,6,1,5,2,1,1,25,10,15,38,15,23,17,5,12
S01008748,480,226,254,312,157,155,168,69,99,5,1,4,21,11,10,9,7,2,10,4,6,5,4,1,8,2,6,32,10,22,56,16,40,22,14,8
S01008749,728,359,369,466,241,225,262,118,144,12,6,6,21,9,12,24,14,10,21,9,12,13,6,7,7,3,4,52,23,29,61,20,41,51,28,23
S01008750,515,240,275,323,165,158,192,75,117,6,2,4,24,12,12,11,3,8,9,5,4,12,5,7,16,8,8,43,16,27,52,17,35,19,7,12
S01008751,431,211,220,264,135,129,167,76,91,3,1,2,8,5,3,18,13,5,11,5,6,11,6,5,6,2,4,35,13,22,53,22,31,22,9,13
S01008752,582,271,311,304,149,155,278,122,156,8,2,6,37,20,17,30,9,21,7,3,4,16,10,6,9,3,6,45,24,21,70,28,42,56,23,33
S01008753,402,184,218,230,104,126,172,80,92,3,1,2,20,9,11,15,10,5,13,4,9,6,0,6,7,3,4,36,19,17,53,25,28,19,9,10
S01008754,515,256,259,355,183,172,160,73,87,10,4,6,16,8,8,20,9,11,12,7,5,6,2,4,9,3,6,25,10,15,41,18,23,21,12,9
S01008755,750,370,380,506,281,225,244,89,155,8,4,4,29,7,22,19,12,7,29,9,20,12,5,7,12,2,10,35,8,27,49,21,28,51,21,30
S01008756,567,288,279,337,168,169,230,120,110,12,7,5,35,23,12,14,5,9,8,5,3,9,4,5,10,6,4,37,18,19,74,36,38,31,16,15
S01008757,491,249,242,207,107,100,284,142,142,7,6,1,15,10,5,26,18,8,18,11,7,14,4,10,9,6,3,30,15,15,125,59,66,40,13,27
S01008758,611,286,325,341,174,167,270,112,158,11,5,6,21,12,9,23,12,11,12,5,7,14,5,9,11,4,7,44,17,27,81,30,51,53,22,31
S01008759,414,173,241,218,101,117,196,72,124,11,7,4,26,12,14,16,6,10,13,5,8,16,4,12,8,0,8,28,12,16,50,17,33,28,9,19
S01008760,723,350,373,370,169,201,353,181,172,18,14,4,23,13,10,23,13,10,21,14,7,18,7,11,20,13,7,53,29,24,93,40,53,84,38,46
S01008761,562,282,280,418,220,198,144,62,82,7,7,0,27,10,17,15,4,11,5,1,4,5,0,5,3,0,3,14,4,10,14,5,9,54,31,23
S01008762,462,210,252,319,155,164,143,55,88,2,1,1,18,11,7,19,8,11,9,3,6,5,2,3,6,2,4,27,11,16,38,9,29,19,8,11
S01008763,719,336,383,582,281,301,137,55,82,6,2,4,25,14,11,16,4,12,10,7,3,6,1,5,9,6,3,26,10,16,27,6,21,12,5,7
S01008764,547,265,282,406,205,201,141,60,81,5,3,2,19,9,10,15,9,6,9,3,6,4,0,4,6,2,4,19,8,11,36,11,25,28,15,13
S01008765,653,306,347,497,236,261,156,70,86,12,3,9,31,17,14,14,4,10,7,3,4,7,0,7,5,1,4,21,13,8,32,13,19,27,16,11
S01008766,750,350,400,524,256,268,226,94,132,8,3,5,27,11,16,33,16,17,17,8,9,15,5,10,5,2,3,30,13,17,55,19,36,36,17,19
S01008767,420,210,210,284,144,140,136,66,70,9,3,6,19,8,11,5,2,3,10,5,5,4,2,2,1,1,0,20,6,14,39,19,20,29,20,9
S01008768,390,198,192,266,144,122,124,54,70,9,4,5,14,5,9,11,6,5,9,4,5,13,7,6,5,1,4,21,8,13,23,10,13,19,9,10
S01008769,613,328,285,520,281,239,93,47,46,11,8,3,19,14,5,2,0,2,6,4,2,4,0,4,1,0,1,12,5,7,19,2,17,19,14,5
S01008770,722,379,343,567,309,258,155,70,85,6,2,4,42,20,22,17,12,5,10,3,7,5,0,5,7,2,5,16,6,10,6,4,2,46,21,25
S01008771,620,329,291,446,243,203,174,86,88,15,6,9,28,15,13,12,4,8,15,7,8,4,2,2,9,4,5,20,9,11,29,13,16,42,26,16
S01008772,593,307,286,413,224,189,180,83,97,6,2,4,28,17,11,19,9,10,5,3,2,4,1,3,3,3,0,36,13,23,45,13,32,34,22,12
S01008773,856,435,421,609,322,287,247,113,134,8,5,3,40,25,15,20,12,8,19,6,13,7,3,4,9,6,3,35,17,18,74,30,44,35,9,26
S01008774,769,402,367,521,288,233,248,114,134,13,3,10,31,19,12,22,9,13,14,9,5,11,4,7,14,4,10,26,6,20,62,34,28,55,26,29
S01008775,391,195,196,280,142,138,111,53,58,8,4,4,21,8,13,9,2,7,7,5,2,5,3,2,8,4,4,17,8,9,14,7,7,22,12,10
S01008776,701,342,359,419,203,216,282,139,143,17,8,9,47,24,23,18,8,10,18,6,12,16,12,4,8,3,5,37,19,18,60,31,29,61,28,33
S01008777,901,542,359,491,291,200,410,251,159,22,16,6,45,29,16,34,23,11,24,15,9,11,9,2,13,7,6,59,29,30,146,90,56,56,33,23
S01008778,995,515,480,786,423,363,209,92,117,17,3,14,35,15,20,16,7,9,11,4,7,15,7,8,14,8,6,20,11,9,37,17,20,44,20,24
S01008779,655,342,313,550,287,263,105,55,50,11,5,6,33,16,17,10,7,3,13,6,7,5,3,2,1,0,1,13,8,5,7,2,5,12,8,4
S01008780,525,274,251,419,218,201,106,56,50,8,4,4,24,14,10,11,3,8,9,4,5,4,2,2,3,3,0,11,7,4,20,14,6,16,5,11
S01008781,776,401,375,616,331,285,160,70,90,14,10,4,31,18,13,16,7,9,11,4,7,5,3,2,8,1,7,23,8,15,25,10,15,27,9,18
S01008782,651,351,300,509,279,230,142,72,70,10,6,4,38,18,20,8,5,3,7,1,6,7,3,4,5,1,4,16,6,10,22,10,12,29,22,7
S01008783,364,168,196,308,151,157,56,17,39,6,1,5,10,4,6,2,2,0,4,2,2,4,0,4,4,1,3,9,1,8,10,5,5,7,1,6
S01008784,394,196,198,322,163,159,72,33,39,8,2,6,12,5,7,6,5,1,6,4,2,5,3,2,4,2,2,8,2,6,12,4,8,11,6,5
S01008785,685,343,342,395,213,182,290,130,160,11,3,8,42,28,14,16,5,11,17,8,9,23,1,22,20,10,10,48,23,25,56,31,25,57,21,36
S01008786,836,462,374,625,351,274,211,111,100,19,13,6,44,23,21,23,11,12,17,9,8,4,2,2,4,4,0,24,14,10,38,15,23,38,20,18
S01008787,268,142,126,122,68,54,146,74,72,6,2,4,31,17,14,12,7,5,5,4,1,7,3,4,4,1,3,18,8,10,37,24,13,26,8,18
S01008788,604,305,299,487,251,236,117,54,63,9,6,3,26,10,16,6,6,0,6,3,3,8,2,6,6,2,4,14,4,10,20,6,14,22,15,7
S01008789,486,233,253,283,133,150,203,100,103,9,7,2,20,6,14,11,10,1,13,4,9,2,2,0,5,1,4,27,19,8,88,43,45,28,8,20
S01008790,553,290,263,363,181,182,190,109,81,14,7,7,40,20,20,18,15,3,6,4,2,8,5,3,4,3,1,18,10,8,36,21,15,46,24,22
S01008791,767,389,378,567,296,271,200,93,107,18,13,5,52,26,26,22,13,9,5,3,2,9,6,3,4,1,3,16,9,7,25,7,18,49,15,34
S01008792,651,326,325,476,243,233,175,83,92,7,2,5,36,20,16,16,8,8,8,3,5,8,3,5,2,0,2,26,14,12,41,18,23,31,15,16
S01008793,345,184,161,193,101,92,152,83,69,12,8,4,30,18,12,14,7,7,10,7,3,6,3,3,4,2,2,6,3,3,30,13,17,40,22,18
S01008794,637,308,329,428,212,216,209,96,113,9,6,3,27,13,14,12,5,7,14,9,5,11,6,5,9,3,6,34,18,16,59,24,35,34,12,22
S01008795,963,505,458,741,386,355,222,119,103,17,10,7,52,26,26,17,4,13,13,9,4,5,1,4,6,2,4,20,8,12,33,19,14,59,40,19
S01008796,892,438,454,622,319,303,270,119,151,7,2,5,55,24,31,21,8,13,19,9,10,12,6,6,12,2,10,31,17,14,54,27,27,59,24,35
S01008797,834,439,395,617,317,300,217,122,95,6,3,3,53,34,19,20,13,7,11,7,4,9,6,3,7,6,1,27,17,10,52,22,30,32,14,18
S01008798,678,351,327,461,240,221,217,111,106,14,8,6,37,20,17,26,14,12,14,9,5,1,0,1,14,6,8,25,11,14,53,23,30,33,20,13
S01008799,555,298,257,406,224,182,149,74,75,13,11,2,25,17,8,2,1,1,7,2,5,6,1,5,3,1,2,26,9,17,22,12,10,45,20,25
S01008800,952,516,436,767,412,355,185,104,81,21,15,6,58,31,27,24,14,10,16,11,5,4,2,2,3,0,3,27,14,13,13,5,8,19,12,7
S01008801,855,455,400,653,349,304,202,106,96,21,9,12,45,23,22,27,16,11,7,3,4,8,4,4,8,4,4,20,12,8,32,17,15,34,18,16
S01008802,861,453,408,608,324,284,253,129,124,17,10,7,59,31,28,26,12,14,24,17,7,9,5,4,10,7,3,26,14,12,39,18,21,43,15,28
S01008803,831,421,410,574,293,281,257,128,129,21,12,9,44,19,25,23,15,8,16,8,8,8,4,4,8,5,3,27,15,12,54,25,29,56,25,31
S01008804,489,259,230,332,187,145,157,72,85,4,0,4,29,14,15,8,4,4,10,4,6,10,1,9,2,1,1,20,13,7,22,11,11,52,24,28
S01008805,570,309,261,402,210,192,168,99,69,13,6,7,41,22,19,11,7,4,6,1,5,8,6,2,2,1,1,14,7,7,11,8,3,62,41,21
S01008806,897,453,444,713,363,350,184,90,94,12,6,6,41,22,19,24,14,10,11,6,5,7,2,5,3,1,2,23,7,16,18,8,10,45,24,21
S01008807,712,353,359,526,265,261,186,88,98,11,5,6,38,15,23,21,11,10,11,5,6,4,1,3,4,4,0,26,18,8,36,15,21,35,14,21
S01008808,568,277,291,417,212,205,151,65,86,11,3,8,25,14,11,17,5,12,12,7,5,2,2,0,3,0,3,27,14,13,32,12,20,22,8,14
S01008809,541,289,252,373,203,170,168,86,82,15,8,7,44,25,19,18,6,12,13,5,8,3,2,1,6,3,3,16,12,4,25,11,14,28,14,14
S01008810,632,292,340,484,239,245,148,53,95,11,4,7,56,18,38,14,7,7,6,3,3,4,2,2,5,3,2,16,5,11,9,3,6,27,8,19
S01008811,765,391,374,562,286,276,203,105,98,21,10,11,65,30,35,18,9,9,10,7,3,7,6,1,6,3,3,13,8,5,19,14,5,44,18,26
S01008812,424,208,216,313,160,153,111,48,63,8,6,2,38,18,20,11,5,6,6,2,4,1,0,1,2,0,2,15,8,7,11,3,8,19,6,13
S01008813,793,406,387,512,264,248,281,142,139,18,11,7,55,30,25,18,7,11,15,8,7,11,7,4,5,4,1,28,17,11,60,24,36,71,34,37
S01008814,696,349,347,516,251,265,180,98,82,13,5,8,45,29,16,14,11,3,5,3,2,4,2,2,4,1,3,22,13,9,31,10,21,42,24,18
S01008815,776,419,357,568,305,263,208,114,94,20,16,4,39,16,23,21,12,9,12,5,7,3,2,1,0,0,0,28,21,7,44,26,18,41,16,25
S01008816,424,229,195,286,157,129,138,72,66,8,5,3,19,10,9,13,8,5,4,3,1,7,4,3,8,3,5,14,7,7,28,12,16,37,20,17
S01008817,642,310,332,459,227,232,183,83,100,9,4,5,31,13,18,20,9,11,14,6,8,6,2,4,9,5,4,29,17,12,39,19,20,26,8,18
S01008818,619,275,344,495,232,263,124,43,81,6,2,4,22,12,10,14,3,11,7,3,4,3,0,3,5,3,2,18,7,11,25,6,19,24,7,17
S01008819,571,283,288,448,224,224,123,59,64,5,1,4,25,14,11,7,4,3,8,4,4,6,2,4,4,2,2,19,13,6,34,13,21,15,6,9
S01008820,910,486,424,621,331,290,289,155,134,11,6,5,57,27,30,20,12,8,16,9,7,6,2,4,10,3,7,49,29,20,53,27,26,67,40,27
S01008821,524,248,276,390,195,195,134,53,81,8,3,5,19,7,12,18,8,10,4,1,3,4,3,1,3,2,1,22,8,14,20,4,16,36,17,19
S01008822,536,264,272,371,196,175,165,68,97,9,4,5,25,13,12,9,3,6,10,6,4,10,4,6,7,2,5,23,6,17,34,12,22,38,18,20
S01008823,453,226,227,333,181,152,120,45,75,8,4,4,13,6,7,15,5,10,5,0,5,4,1,3,5,3,2,17,6,11,34,8,26,19,12,7
S01008824,749,348,401,555,264,291,194,84,110,14,6,8,27,11,16,15,6,9,13,6,7,6,1,5,9,4,5,38,22,16,49,18,31,23,10,13
S01008825,451,220,231,355,177,178,96,43,53,7,3,4,15,11,4,4,2,2,6,0,6,6,2,4,3,1,2,19,10,9,26,6,20,10,8,2
S01008826,536,264,272,396,196,200,140,68,72,5,3,2,26,11,15,10,8,2,13,7,6,6,5,1,11,6,5,18,8,10,28,9,19,23,11,12
S01008827,491,242,249,321,171,150,170,71,99,7,4,3,21,11,10,14,6,8,6,2,4,7,3,4,2,0,2,34,17,17,49,13,36,30,15,15
S01008828,666,313,353,478,231,247,188,82,106,10,6,4,31,14,17,10,6,4,15,6,9,7,2,5,11,7,4,40,19,21,36,9,27,28,13,15
S01008829,493,222,271,319,150,169,174,72,102,7,3,4,21,10,11,13,7,6,5,3,2,7,3,4,7,4,3,25,11,14,42,11,31,47,20,27
S01008830,476,236,240,347,172,175,129,64,65,4,3,1,22,11,11,18,10,8,9,4,5,6,1,5,5,3,2,24,9,15,28,13,15,13,10,3
S01008831,552,273,279,345,185,160,207,88,119,6,2,4,31,18,13,9,6,3,7,3,4,12,7,5,12,4,8,45,17,28,56,16,40,29,15,14
S01008832,535,284,251,298,173,125,237,111,126,7,1,6,28,17,11,22,10,12,12,9,3,16,4,12,6,2,4,45,21,24,65,19,46,36,28,8
S01008833,732,384,348,512,281,231,220,103,117,12,7,5,40,21,19,17,10,7,5,0,5,8,6,2,10,4,6,40,23,17,57,9,48,31,23,8
S01008834,837,385,452,578,280,298,259,105,154,12,9,3,40,22,18,16,5,11,13,7,6,7,1,6,7,2,5,43,18,25,75,18,57,46,23,23
S01008835,608,283,325,411,201,210,197,82,115,5,2,3,27,12,15,17,6,11,14,6,8,12,6,6,10,7,3,33,17,16,57,18,39,22,8,14
S01008836,562,290,272,401,205,196,161,85,76,7,4,3,33,19,14,8,6,2,10,6,4,5,3,2,4,2,2,20,13,7,47,22,25,27,10,17
S01008837,918,501,417,723,401,322,195,100,95,14,9,5,44,25,19,10,6,4,8,5,3,11,5,6,12,5,7,21,10,11,34,17,17,41,18,23
S01008838,881,442,439,675,349,326,206,93,113,9,3,6,48,22,26,13,6,7,7,3,4,11,5,6,9,5,4,30,11,19,40,18,22,39,20,19
S01008839,876,444,432,655,338,317,221,106,115,12,4,8,51,30,21,17,6,11,9,4,5,9,4,5,7,3,4,29,13,16,52,25,27,35,17,18
S01008840,871,402,469,646,327,319,225,75,150,27,8,19,52,16,36,16,8,8,15,2,13,8,4,4,14,2,12,17,7,10,35,11,24,41,17,24
S01008841,475,236,239,377,194,183,98,42,56,10,3,7,24,5,19,7,3,4,9,5,4,6,2,4,1,1,0,15,8,7,10,5,5,16,10,6
S01008842,771,401,370,600,322,278,171,79,92,21,11,10,37,14,23,14,6,8,7,2,5,5,2,3,1,0,1,14,5,9,18,8,10,54,31,23
S01008843,886,413,473,631,310,321,255,103,152,19,13,6,75,30,45,17,5,12,12,5,7,10,4,6,4,1,3,21,12,9,28,12,16,69,21,48
S01008844,607,277,330,444,221,223,163,56,107,12,3,9,47,14,33,13,7,6,14,7,7,7,0,7,6,2,4,15,5,10,20,10,10,29,8,21
S01008845,778,374,404,501,243,258,277,131,146,25,10,15,84,35,49,23,16,7,8,4,4,10,6,4,9,4,5,19,9,10,21,7,14,78,40,38
S01008846,719,346,373,482,231,251,237,115,122,12,5,7,57,29,28,31,22,9,20,5,15,11,2,9,5,1,4,20,12,8,23,8,15,58,31,27
S01008847,523,275,248,337,187,150,186,88,98,19,11,8,69,31,38,18,6,12,10,3,7,6,3,3,4,1,3,6,6,0,14,7,7,40,20,20
S01008848,683,367,316,454,259,195,229,108,121,25,7,18,72,36,36,18,8,10,9,6,3,5,0,5,3,1,2,14,5,9,14,4,10,69,41,28
S01008849,630,316,314,442,232,210,188,84,104,15,6,9,52,21,31,11,7,4,6,1,5,2,2,0,5,3,2,17,4,13,32,10,22,48,30,18
S01008850,699,344,355,424,222,202,275,122,153,10,4,6,72,36,36,19,12,7,13,5,8,7,0,7,5,2,3,33,17,16,42,9,33,74,37,37
S01008851,869,429,440,586,289,297,283,140,143,11,5,6,56,31,25,38,20,18,19,10,9,10,7,3,5,3,2,36,20,16,71,31,40,37,13,24
S01008852,816,404,412,542,302,240,274,102,172,23,6,17,59,21,38,24,14,10,14,2,12,11,3,8,8,3,5,41,17,24,49,11,38,45,25,20
S01008853,599,273,326,450,231,219,149,42,107,13,3,10,46,13,33,7,2,5,5,2,3,9,4,5,3,1,2,13,4,9,13,4,9,40,9,31
S01008854,821,442,379,541,299,242,280,143,137,25,10,15,76,37,39,27,14,13,19,12,7,8,4,4,6,2,4,19,7,12,29,17,12,71,40,31
S01008855,949,475,474,712,376,336,237,99,138,17,5,12,60,29,31,26,11,15,15,6,9,10,5,5,7,1,6,28,9,19,37,11,26,37,22,15
S01008856,494,240,254,391,197,194,103,43,60,6,3,3,29,13,16,10,4,6,3,2,1,3,2,1,3,1,2,18,8,10,14,4,10,17,6,11
S01008857,655,312,343,524,257,267,131,55,76,12,5,7,28,9,19,12,5,7,8,4,4,7,3,4,8,3,5,16,4,12,18,5,13,22,17,5
S01008858,467,214,253,353,177,176,114,37,77,4,1,3,14,5,9,14,6,8,11,3,8,8,1,7,4,2,2,14,5,9,29,6,23,16,8,8
S01008859,902,472,430,710,380,330,192,92,100,13,7,6,53,33,20,13,9,4,8,3,5,8,3,5,8,4,4,23,9,14,51,20,31,15,4,11
S01008860,756,344,412,555,261,294,201,83,118,18,9,9,48,20,28,9,5,4,7,1,6,2,0,2,14,10,4,24,11,13,41,12,29,38,15,23
S01008861,583,285,298,415,228,187,168,57,111,5,0,5,23,8,15,8,3,5,9,0,9,11,4,7,5,2,3,29,13,16,44,9,35,34,18,16
S01008862,794,383,411,631,305,326,163,78,85,18,6,12,34,20,14,18,10,8,9,5,4,9,1,8,6,5,1,22,14,8,33,10,23,14,7,7
S01008863,592,278,314,471,224,247,121,54,67,8,2,6,23,12,11,7,4,3,7,4,3,10,2,8,4,1,3,20,9,11,29,11,18,13,9,4
S01008864,778,404,374,418,216,202,360,188,172,13,6,7,37,17,20,17,9,8,13,6,7,7,3,4,1,0,1,18,6,12,17,4,13,237,137,100
S01008865,666,320,346,501,246,255,165,74,91,13,8,5,31,17,14,10,5,5,11,6,5,5,1,4,5,1,4,27,14,13,40,12,28,23,10,13
S01008866,670,318,352,552,264,288,118,54,64,10,5,5,16,8,8,11,7,4,12,3,9,15,8,7,5,1,4,11,6,5,28,9,19,10,7,3
S01008867,640,313,327,486,259,227,154,54,100,8,4,4,21,9,12,18,3,15,9,5,4,3,1,2,6,2,4,28,11,17,47,12,35,14,7,7
S01008868,716,382,334,525,297,228,191,85,106,18,9,9,63,29,34,19,8,11,10,4,6,5,0,5,6,2,4,12,4,8,18,7,11,40,22,18
S01008869,860,459,401,618,356,262,242,103,139,11,4,7,49,22,27,19,11,8,15,7,8,10,7,3,9,6,3,36,13,23,58,20,38,35,13,22
S01008870,638,316,322,485,255,230,153,61,92,3,2,1,21,7,14,11,4,7,12,5,7,6,1,5,8,4,4,35,14,21,41,18,23,16,6,10
S01008871,933,504,429,644,358,286,289,146,143,27,10,17,78,51,27,25,9,16,21,9,12,11,6,5,8,4,4,17,4,13,39,15,24,63,38,25
S01008872,743,409,334,508,266,242,235,143,92,19,15,4,78,53,25,25,14,11,10,5,5,5,2,3,7,1,6,13,7,6,35,19,16,43,27,16
S01008873,533,269,264,404,219,185,129,50,79,2,1,1,25,11,14,8,4,4,4,1,3,5,3,2,5,3,2,22,11,11,33,4,29,25,12,13
S01008874,702,349,353,512,264,248,190,85,105,15,10,5,29,20,9,16,7,9,7,5,2,10,2,8,8,4,4,33,11,22,45,13,32,27,13,14
S01008875,662,342,320,499,263,236,163,79,84,16,9,7,29,15,14,13,3,10,16,7,9,5,2,3,5,2,3,23,13,10,25,8,17,31,20,11
S01008876,392,186,206,279,137,142,113,49,64,4,3,1,7,6,1,13,6,7,9,4,5,2,0,2,4,1,3,21,14,7,31,7,24,22,8,14
S01008877,402,195,207,293,149,144,109,46,63,5,2,3,15,7,8,7,3,4,9,4,5,3,2,1,4,3,1,19,7,12,24,5,19,23,13,10
S01008878,639,300,339,421,209,212,218,91,127,10,2,8,25,13,12,18,7,11,10,4,6,9,6,3,7,2,5,42,16,26,71,30,41,26,11,15
S01008879,611,285,326,428,203,225,183,82,101,6,2,4,23,10,13,19,6,13,9,5,4,8,3,5,3,0,3,38,17,21,55,25,30,22,14,8
S01008880,445,208,237,332,166,166,113,42,71,8,2,6,22,9,13,10,6,4,4,1,3,5,1,4,5,2,3,15,8,7,27,9,18,17,4,13
S01008881,395,195,200,244,141,103,151,54,97,13,7,6,21,10,11,11,2,9,6,5,1,3,1,2,4,1,3,28,8,20,47,16,31,18,4,14
S01008882,764,367,397,492,277,215,272,90,182,9,3,6,31,17,14,12,5,7,18,10,8,11,4,7,18,4,14,35,13,22,57,12,45,81,22,59
S01008883,589,271,318,377,199,178,212,72,140,6,3,3,21,10,11,18,5,13,13,5,8,8,2,6,8,2,6,29,12,17,69,13,56,40,20,20
S01008884,462,216,246,272,145,127,190,71,119,11,3,8,24,14,10,10,4,6,9,3,6,7,3,4,11,5,6,32,14,18,53,16,37,33,9,24
S01008885,596,290,306,403,218,185,193,72,121,8,3,5,23,13,10,16,7,9,6,0,6,8,3,5,12,6,6,30,13,17,50,10,40,40,17,23
S01008886,637,309,328,417,217,200,220,92,128,6,3,3,30,13,17,18,14,4,12,5,7,10,4,6,10,3,7,33,12,21,57,13,44,44,25,19
S01008887,546,263,283,377,185,192,169,78,91,11,7,4,24,15,9,16,8,8,14,7,7,7,3,4,10,3,7,17,9,8,37,9,28,33,17,16
S01008888,511,238,273,385,182,203,126,56,70,8,3,5,15,7,8,15,9,6,6,5,1,6,0,6,7,4,3,15,7,8,26,6,20,28,15,13
S01008889,417,203,214,310,168,142,107,35,72,7,2,5,6,1,5,16,2,14,1,0,1,7,2,5,4,2,2,21,11,10,27,10,17,18,5,13
S01008890,497,245,252,343,173,170,154,72,82,4,2,2,21,11,10,15,10,5,8,2,6,8,5,3,5,1,4,26,12,14,45,20,25,22,9,13
S01008891,532,253,279,363,177,186,169,76,93,5,2,3,17,12,5,19,6,13,11,5,6,7,2,5,4,1,3,30,13,17,55,21,34,21,14,7
S01008892,684,309,375,466,233,233,218,76,142,10,2,8,31,11,20,15,5,10,8,2,6,12,4,8,12,5,7,47,20,27,62,17,45,21,10,11
S01008893,623,312,311,436,222,214,187,90,97,12,6,6,26,14,12,18,10,8,9,5,4,6,2,4,8,4,4,30,12,18,47,18,29,31,19,12
S01008894,620,307,313,399,218,181,221,89,132,9,5,4,24,11,13,11,6,5,14,5,9,10,3,7,12,8,4,51,20,31,70,23,47,20,8,12
S01008895,483,221,262,314,164,150,169,57,112,6,2,4,23,7,16,12,1,11,10,6,4,9,3,6,7,1,6,34,16,18,54,11,43,14,10,4
S01008896,374,184,190,258,139,119,116,45,71,2,2,0,13,5,8,7,2,5,10,5,5,6,1,5,8,3,5,25,9,16,22,6,16,23,12,11
S01008897,462,208,254,303,155,148,159,53,106,5,2,3,23,11,12,12,1,11,12,5,7,6,2,4,6,3,3,26,12,14,47,12,35,22,5,17
S01008898,598,282,316,389,200,189,209,82,127,5,2,3,23,12,11,16,7,9,17,9,8,11,4,7,15,5,10,37,13,24,51,9,42,34,21,13
S01008899,590,276,314,334,166,168,256,110,146,10,9,1,33,17,16,18,10,8,11,2,9,19,6,13,7,3,4,45,18,27,69,26,43,44,19,25
S01008900,713,330,383,472,229,243,241,101,140,7,4,3,33,19,14,16,6,10,20,6,14,10,5,5,9,5,4,34,15,19,70,27,43,42,14,28
S01008901,601,286,315,371,184,187,230,102,128,9,6,3,14,6,8,18,14,4,10,5,5,11,7,4,4,1,3,34,16,18,77,22,55,53,25,28
S01008902,753,364,389,470,250,220,283,114,169,11,7,4,39,11,28,22,13,9,10,5,5,11,3,8,12,4,8,45,14,31,56,25,31,77,32,45
S01008903,697,324,373,433,204,229,264,120,144,10,6,4,22,12,10,12,6,6,13,9,4,22,7,15,13,1,12,48,23,25,78,32,46,46,24,22
S01008904,780,378,402,458,236,222,322,142,180,9,5,4,40,22,18,18,9,9,9,5,4,13,5,8,13,5,8,22,10,12,73,24,49,125,57,68
S01008905,815,410,405,420,229,191,395,181,214,28,23,5,59,38,21,34,19,15,20,7,13,21,8,13,13,5,8,41,13,28,85,29,56,94,39,55
S01008906,608,309,299,333,183,150,275,126,149,29,21,8,51,24,27,26,13,13,20,8,12,11,1,10,2,1,1,43,20,23,45,19,26,48,19,29
S01008907,410,170,240,188,87,101,222,83,139,8,0,8,31,17,14,17,10,7,13,3,10,4,1,3,11,5,6,17,3,14,54,19,35,67,25,42
S01008908,681,319,362,393,194,199,288,125,163,7,4,3,32,20,12,24,12,12,17,7,10,16,5,11,9,2,7,42,16,26,68,30,38,73,29,44
S01008909,610,286,324,404,204,200,206,82,124,7,5,2,21,13,8,19,8,11,13,5,8,15,9,6,14,4,10,41,8,33,43,12,31,33,18,15
S01008910,349,158,191,251,123,128,98,35,63,3,1,2,11,4,7,4,2,2,4,2,2,7,5,2,4,0,4,16,4,12,23,7,16,26,10,16
S01008911,728,370,358,584,319,265,144,51,93,7,2,5,33,11,22,17,6,11,13,7,6,14,6,8,5,2,3,11,4,7,25,6,19,19,7,12
S01008912,592,283,309,425,219,206,167,64,103,1,1,0,27,17,10,13,6,7,11,4,7,12,6,6,6,1,5,34,11,23,43,13,30,20,5,15
S01008913,494,248,246,377,202,175,117,46,71,8,5,3,15,10,5,8,1,7,9,2,7,7,4,3,2,0,2,13,7,6,28,4,24,27,13,14
S01008914,630,293,337,439,204,235,191,89,102,8,2,6,21,13,8,10,4,6,7,2,5,13,6,7,9,5,4,26,13,13,70,29,41,27,15,12
S01008915,411,204,207,281,149,132,130,55,75,1,1,0,6,1,5,7,4,3,6,1,5,1,0,1,5,4,1,25,11,14,45,13,32,34,20,14
S01008916,778,376,402,402,199,203,376,177,199,12,9,3,39,21,18,30,16,14,19,9,10,22,12,10,9,4,5,71,33,38,123,56,67,51,17,34
S01008917,532,266,266,277,139,138,255,127,128,10,6,4,40,19,21,26,15,11,14,9,5,7,3,4,12,3,9,33,19,14,60,27,33,53,26,27
S01008918,415,198,217,203,100,103,212,98,114,8,4,4,33,21,12,12,4,8,15,8,7,7,5,2,5,2,3,32,16,16,44,19,25,56,19,37
S01008919,393,201,192,191,110,81,202,91,111,5,3,2,31,14,17,14,5,9,7,3,4,15,9,6,4,3,1,18,9,9,53,21,32,55,24,31
S01008920,936,478,458,746,403,343,190,75,115,18,7,11,45,24,21,16,5,11,19,7,12,8,0,8,7,2,5,11,4,7,25,10,15,41,16,25
S01008921,543,259,284,265,135,130,278,124,154,7,6,1,44,30,14,19,13,6,14,6,8,8,2,6,7,2,5,36,7,29,76,32,44,67,26,41
S01008922,587,282,305,331,171,160,256,111,145,9,6,3,25,13,12,17,5,12,16,6,10,13,6,7,17,6,11,40,20,20,69,27,42,50,22,28
S01008923,544,248,296,339,163,176,205,85,120,5,3,2,20,9,11,24,10,14,12,4,8,8,4,4,12,9,3,34,14,20,60,22,38,30,10,20
S01008924,675,285,390,370,169,201,305,116,189,18,8,10,28,15,13,27,11,16,22,6,16,6,2,4,14,7,7,40,12,28,74,28,46,76,27,49
S01008925,496,230,266,355,179,176,141,51,90,4,2,2,25,10,15,16,7,9,11,1,10,6,1,5,12,2,10,23,9,14,16,10,6,28,9,19
S01008926,462,226,236,337,177,160,125,49,76,6,3,3,15,7,8,13,6,7,8,5,3,5,1,4,4,2,2,23,6,17,24,8,16,27,11,16
S01008927,651,306,345,495,252,243,156,54,102,6,2,4,40,15,25,19,9,10,10,2,8,3,1,2,4,1,3,20,5,15,28,11,17,26,8,18
S01008928,545,276,269,331,174,157,214,102,112,6,1,5,43,21,22,20,12,8,7,6,1,9,4,5,9,3,6,28,10,18,58,29,29,34,16,18
S01008929,611,369,242,233,139,94,378,230,148,14,7,7,63,38,25,32,21,11,23,14,9,10,7,3,19,6,13,44,26,18,87,63,24,86,48,38
S01008930,634,290,344,307,141,166,327,149,178,18,11,7,47,23,24,13,8,5,10,9,1,15,3,12,16,7,9,48,21,27,89,31,58,71,36,35
S01008931,547,248,299,306,139,167,241,109,132,10,4,6,27,16,11,17,8,9,7,5,2,10,5,5,8,3,5,29,15,14,61,19,42,72,34,38
S01008932,662,308,354,486,240,246,176,68,108,7,3,4,32,13,19,11,7,4,11,4,7,10,3,7,10,4,6,17,7,10,31,9,22,47,18,29
S01008933,491,225,266,284,140,144,207,85,122,9,3,6,21,11,10,18,3,15,21,13,8,7,4,3,9,3,6,27,17,10,29,8,21,66,23,43
S01008934,567,273,294,358,180,178,209,93,116,6,4,2,28,18,10,16,10,6,12,4,8,1,0,1,7,2,5,37,13,24,46,16,30,56,26,30
S01008935,613,296,317,410,225,185,203,71,132,8,5,3,23,7,16,12,3,9,11,2,9,10,2,8,7,3,4,44,18,26,64,17,47,24,14,10
S01008936,269,131,138,190,98,92,79,33,46,4,2,2,5,4,1,4,1,3,7,2,5,3,1,2,3,0,3,15,9,6,29,8,21,9,6,3
S01008937,599,285,314,391,187,204,208,98,110,9,5,4,24,14,10,15,9,6,8,3,5,7,6,1,15,6,9,31,12,19,70,27,43,29,16,13
S01008938,478,240,238,329,174,155,149,66,83,5,1,4,16,9,7,12,5,7,10,4,6,6,2,4,6,3,3,23,12,11,42,11,31,29,19,10
S01008939,548,263,285,359,184,175,189,79,110,6,2,4,21,10,11,15,7,8,13,6,7,8,6,2,7,3,4,37,13,24,53,16,37,29,16,13
S01008940,417,201,216,263,143,120,154,58,96,4,1,3,12,8,4,14,7,7,11,5,6,11,6,5,5,3,2,20,9,11,57,9,48,20,10,10
S01008941,564,260,304,371,188,183,193,72,121,5,4,1,21,8,13,16,7,9,17,7,10,7,3,4,14,8,6,30,8,22,67,18,49,16,9,7
S01008942,508,237,271,365,181,184,143,56,87,2,1,1,20,10,10,9,2,7,12,4,8,12,7,5,1,1,0,19,11,8,40,9,31,28,11,17
S01008943,592,278,314,336,180,156,256,98,158,10,4,6,23,11,12,16,9,7,13,5,8,17,6,11,13,4,9,44,20,24,86,21,65,34,18,16
S01008944,686,326,360,407,214,193,279,112,167,9,4,5,31,14,17,19,8,11,16,12,4,14,6,8,13,5,8,57,26,31,91,25,66,29,12,17
S01008945,558,273,285,393,208,185,165,65,100,4,2,2,16,9,7,9,2,7,16,7,9,13,4,9,4,2,2,32,16,16,50,10,40,21,13,8
S01008946,636,316,320,378,201,177,258,115,143,7,4,3,39,23,16,24,12,12,10,5,5,8,1,7,14,8,6,46,21,25,79,28,51,31,13,18
S01008947,681,324,357,451,224,227,230,100,130,10,6,4,18,11,7,13,6,7,10,5,5,10,2,8,11,3,8,48,24,24,65,20,45,45,23,22
S01008948,524,256,268,369,190,179,155,66,89,6,4,2,26,14,12,14,3,11,10,2,8,9,4,5,8,4,4,23,14,9,35,12,23,24,9,15
S01008949,653,309,344,436,216,220,217,93,124,14,5,9,20,11,9,14,5,9,12,7,5,11,2,9,7,3,4,34,11,23,64,26,38,41,23,18
S01008950,651,320,331,433,215,218,218,105,113,9,3,6,23,13,10,15,8,7,14,9,5,10,3,7,8,5,3,36,19,17,60,15,45,43,30,13
S01008951,623,281,342,393,189,204,230,92,138,7,3,4,19,14,5,11,6,5,18,5,13,8,3,5,5,1,4,43,16,27,73,27,46,46,17,29
S01008952,609,291,318,382,191,191,227,100,127,8,4,4,39,23,16,15,3,12,8,4,4,18,6,12,3,2,1,42,17,25,56,24,32,38,17,21
S01008953,624,288,336,400,188,212,224,100,124,7,6,1,31,17,14,16,7,9,15,11,4,6,2,4,13,7,6,34,15,19,55,16,39,47,19,28
S01008954,577,288,289,353,184,169,224,104,120,5,2,3,22,12,10,14,8,6,10,5,5,12,8,4,10,6,4,38,14,24,77,38,39,36,11,25
S01008955,476,227,249,349,171,178,127,56,71,5,3,2,13,6,7,15,6,9,3,2,1,6,2,4,8,3,5,29,10,19,21,11,10,27,13,14
S01008956,692,324,368,513,253,260,179,71,108,10,7,3,40,16,24,17,6,11,15,6,9,12,3,9,9,1,8,13,6,7,36,8,28,27,18,9
S01008957,738,358,380,473,230,243,265,128,137,8,6,2,27,18,9,13,6,7,20,8,12,16,11,5,17,5,12,41,19,22,76,29,47,47,26,21
S01008958,516,262,254,334,172,162,182,90,92,4,4,0,17,6,11,17,11,6,10,5,5,2,2,0,7,1,6,24,11,13,57,27,30,44,23,21
S01008959,652,299,353,454,218,236,198,81,117,9,4,5,24,15,9,17,7,10,15,5,10,17,7,10,8,3,5,32,13,19,48,17,31,28,10,18
S01008960,661,336,325,530,284,246,131,52,79,5,3,2,24,9,15,11,5,6,8,1,7,4,2,2,4,1,3,22,7,15,17,5,12,36,19,17
S01008961,570,272,298,379,183,196,191,89,102,17,10,7,26,14,12,12,10,2,14,8,6,4,2,2,6,2,4,34,14,20,48,15,33,30,14,16
S01008962,481,220,261,336,160,176,145,60,85,8,5,3,11,4,7,15,10,5,17,5,12,7,2,5,8,2,6,21,11,10,44,13,31,14,8,6
S01008963,571,280,291,383,189,194,188,91,97,5,2,3,21,11,10,18,7,11,12,5,7,3,2,1,10,7,3,45,18,27,46,20,26,28,19,9
S01008964,353,185,168,245,131,114,108,54,54,5,4,1,13,8,5,7,7,0,4,2,2,6,4,2,3,2,1,22,10,12,32,7,25,16,10,6
S01008965,516,251,265,323,171,152,193,80,113,9,8,1,12,7,5,15,10,5,8,3,5,8,4,4,8,3,5,46,21,25,67,17,50,20,7,13
S01008966,411,194,217,291,147,144,120,47,73,8,2,6,15,9,6,4,1,3,6,3,3,10,5,5,5,2,3,19,4,15,33,10,23,20,11,9
S01008967,711,326,385,475,245,230,236,81,155,11,6,5,23,11,12,19,9,10,11,5,6,6,2,4,10,3,7,47,15,32,80,21,59,29,9,20
S01008968,707,343,364,498,252,246,209,91,118,13,4,9,24,9,15,21,11,10,15,10,5,8,4,4,13,5,8,45,23,22,48,14,34,22,11,11
S01008969,766,369,397,533,271,262,233,98,135,11,5,6,27,15,12,14,7,7,15,6,9,17,6,11,12,8,4,45,20,25,67,21,46,25,10,15
S01008970,752,377,375,548,285,263,204,92,112,8,3,5,21,10,11,18,7,11,13,7,6,9,5,4,7,4,3,31,16,15,64,18,46,33,22,11
S01008971,522,266,256,368,199,169,154,67,87,8,5,3,20,10,10,10,4,6,9,4,5,10,4,6,8,3,5,26,13,13,42,14,28,21,10,11
S01008972,530,255,275,367,191,176,163,64,99,11,7,4,25,7,18,4,0,4,13,5,8,6,1,5,4,2,2,26,13,13,44,10,34,30,19,11
S01008973,585,286,299,397,209,188,188,77,111,5,3,2,24,10,14,12,8,4,11,3,8,10,4,6,9,3,6,33,11,22,50,17,33,34,18,16
S01008974,546,252,294,359,176,183,187,76,111,5,3,2,22,15,7,9,5,4,9,4,5,10,3,7,16,5,11,31,14,17,65,18,47,20,9,11
S01008975,453,206,247,275,134,141,178,72,106,4,2,2,17,7,10,15,7,8,3,0,3,9,3,6,5,2,3,32,14,18,72,28,44,21,9,12
S01008976,383,190,193,246,128,118,137,62,75,4,3,1,12,9,3,13,5,8,7,3,4,3,1,2,7,4,3,31,10,21,43,16,27,17,11,6
S01008977,446,215,231,310,162,148,136,53,83,7,5,2,9,4,5,12,6,6,9,3,6,8,2,6,7,4,3,30,8,22,36,10,26,18,11,7
S01008978,439,210,229,312,153,159,127,57,70,13,7,6,20,7,13,16,6,10,4,1,3,9,2,7,7,4,3,19,10,9,25,10,15,14,10,4
S01008979,551,242,309,413,192,221,138,50,88,8,5,3,26,9,17,16,2,14,7,2,5,6,1,5,5,3,2,12,3,9,19,7,12,39,18,21
S01008980,592,272,320,434,223,211,158,49,109,4,3,1,28,10,18,11,2,9,6,4,2,6,1,5,10,3,7,24,4,20,34,9,25,35,13,22
S01008981,479,220,259,324,158,166,155,62,93,3,2,1,13,6,7,12,6,6,15,7,8,11,5,6,10,5,5,36,13,23,46,14,32,9,4,5
S01008982,596,270,326,422,201,221,174,69,105,9,6,3,27,12,15,10,4,6,11,5,6,8,2,6,11,3,8,31,10,21,33,10,23,34,17,17
S01008983,522,265,257,413,213,200,109,52,57,7,4,3,13,9,4,14,4,10,9,0,9,2,0,2,6,3,3,10,3,7,20,11,9,28,18,10
S01008984,366,156,210,255,121,134,111,35,76,2,0,2,20,7,13,11,4,7,9,2,7,3,2,1,7,2,5,17,7,10,26,7,19,16,4,12
S01008985,525,274,251,394,207,187,131,67,64,2,2,0,26,21,5,11,6,5,6,1,5,8,2,6,5,2,3,24,10,14,31,14,17,18,9,9
S01008986,534,268,266,392,207,185,142,61,81,9,5,4,21,12,9,11,3,8,8,2,6,7,2,5,13,6,7,17,10,7,37,10,27,19,11,8
S01008987,611,309,302,420,219,201,191,90,101,10,4,6,20,9,11,15,8,7,7,6,1,11,7,4,9,4,5,35,13,22,59,22,37,25,17,8
S01008988,725,353,372,477,243,234,248,110,138,9,2,7,22,11,11,16,5,11,16,11,5,11,4,7,2,1,1,47,25,22,83,30,53,42,21,21
S01008989,540,278,262,432,228,204,108,50,58,14,9,5,15,8,7,5,1,4,4,2,2,7,6,1,7,2,5,18,9,9,16,6,10,22,7,15
S01008990,625,319,306,513,273,240,112,46,66,6,4,2,24,13,11,11,1,10,11,3,8,5,4,1,8,1,7,11,6,5,19,7,12,17,7,10
S01008991,736,356,380,590,296,294,146,60,86,6,3,3,24,10,14,14,7,7,15,4,11,5,1,4,4,4,0,16,3,13,20,8,12,42,20,22
S01008992,431,224,207,284,155,129,147,69,78,6,2,4,22,11,11,11,5,6,8,4,4,7,2,5,6,2,4,24,13,11,37,15,22,26,15,11
S01008993,799,380,419,571,292,279,228,88,140,12,7,5,35,13,22,16,5,11,16,7,9,16,8,8,10,3,7,39,16,23,52,12,40,32,17,15
S01008994,577,276,301,377,193,184,200,83,117,10,5,5,26,12,14,10,7,3,19,8,11,8,1,7,6,4,2,34,16,18,49,14,35,38,16,22
S01008995,657,325,332,477,245,232,180,80,100,7,3,4,32,14,18,15,7,8,15,6,9,9,5,4,9,4,5,26,10,16,33,14,19,34,17,17
S01008996,424,200,224,280,140,140,144,60,84,6,1,5,18,10,8,11,6,5,3,0,3,6,1,5,7,4,3,34,15,19,39,14,25,20,9,11
S01008997,734,363,371,545,282,263,189,81,108,6,4,2,30,18,12,12,3,9,9,7,2,12,3,9,9,3,6,30,12,18,44,14,30,37,17,20
S01008998,454,215,239,265,134,131,189,81,108,10,7,3,34,16,18,18,6,12,7,2,5,11,3,8,4,1,3,27,11,16,41,18,23,37,17,20
S01008999,610,292,318,361,184,177,249,108,141,9,3,6,28,12,16,21,10,11,19,12,7,22,9,13,12,6,6,48,18,30,65,24,41,25,14,11
S01009000,691,335,356,466,237,229,225,98,127,10,6,4,34,19,15,17,7,10,13,4,9,15,4,11,10,3,7,48,22,26,58,22,36,20,11,9
S01009001,604,285,319,410,213,197,194,72,122,5,2,3,24,11,13,13,5,8,14,4,10,13,4,9,6,2,4,34,13,21,55,16,39,30,15,15
S01009002,593,304,289,423,232,191,170,72,98,7,4,3,23,9,14,12,2,10,11,5,6,9,3,6,13,7,6,31,11,20,45,22,23,19,9,10
S01009003,705,336,369,514,274,240,191,62,129,9,4,5,34,11,23,7,1,6,10,1,9,8,3,5,9,3,6,31,11,20,55,16,39,28,12,16
S01009004,508,236,272,375,185,190,133,51,82,3,1,2,21,9,12,11,3,8,10,5,5,5,1,4,8,1,7,32,12,20,26,10,16,17,9,8
S01009005,554,265,289,383,195,188,171,70,101,10,5,5,14,5,9,17,8,9,14,6,8,6,2,4,7,2,5,39,15,24,41,14,27,23,13,10
S01009006,546,254,292,332,162,170,214,92,122,7,4,3,25,12,13,23,10,13,17,7,10,15,6,9,10,4,6,42,20,22,40,14,26,35,15,20
S01009007,491,244,247,323,168,155,168,76,92,1,0,1,21,8,13,20,8,12,8,2,6,11,6,5,4,1,3,33,17,16,43,15,28,27,19,8
S01009008,681,340,341,444,230,214,237,110,127,9,4,5,24,10,14,14,11,3,12,5,7,16,3,13,16,9,7,61,33,28,62,19,43,23,16,7
S01009009,327,153,174,202,101,101,125,52,73,3,1,2,14,8,6,13,10,3,10,4,6,9,3,6,4,2,2,21,8,13,35,11,24,16,5,11
S01009010,798,378,420,614,294,320,184,84,100,6,4,2,28,12,16,13,3,10,17,9,8,8,4,4,10,6,4,37,15,22,25,11,14,40,20,20
S01009011,675,335,340,547,279,268,128,56,72,6,3,3,21,9,12,12,4,8,14,5,9,12,5,7,9,5,4,13,5,8,26,8,18,15,12,3
S01009012,581,294,287,442,234,208,139,60,79,9,6,3,15,9,6,19,7,12,6,4,2,8,5,3,6,2,4,29,11,18,27,8,19,20,8,12
S01009013,700,325,375,512,249,263,188,76,112,7,3,4,26,13,13,13,9,4,12,4,8,13,4,9,10,6,4,34,13,21,36,11,25,37,13,24
S01009014,446,224,222,305,159,146,141,65,76,9,7,2,24,9,15,12,7,5,4,2,2,8,5,3,8,3,5,20,8,12,39,14,25,17,10,7
S01009015,459,222,237,280,143,137,179,79,100,7,4,3,28,17,11,5,3,2,9,3,6,4,0,4,9,3,6,38,19,19,59,24,35,20,6,14
S01009016,367,189,178,230,125,105,137,64,73,8,5,3,16,6,10,10,5,5,5,3,2,5,3,2,7,4,3,33,13,20,40,16,24,13,9,4
S01009017,447,228,219,278,149,129,169,79,90,10,4,6,20,11,9,20,10,10,11,3,8,7,4,3,9,3,6,33,16,17,41,19,22,18,9,9
S01009018,559,298,261,389,209,180,170,89,81,9,4,5,19,10,9,11,8,3,16,11,5,8,6,2,12,7,5,29,14,15,40,17,23,26,12,14
S01009019,391,204,187,278,154,124,113,50,63,3,2,1,14,7,7,11,5,6,11,8,3,8,6,2,8,4,4,23,7,16,27,10,17,8,1,7
S01009020,598,306,292,450,235,215,148,71,77,7,4,3,29,13,16,10,4,6,10,6,4,4,2,2,3,1,2,29,13,16,37,17,20,19,11,8
S01009021,560,275,285,377,188,189,183,87,96,7,5,2,18,8,10,12,5,7,14,6,8,4,3,1,15,7,8,35,18,17,55,23,32,23,12,11
S01009022,675,346,329,444,239,205,231,107,124,6,3,3,36,16,20,13,4,9,11,4,7,10,7,3,11,6,5,49,21,28,75,37,38,20,9,11
S01009023,700,370,330,423,235,188,277,135,142,14,5,9,41,23,18,21,8,13,16,8,8,9,6,3,9,6,3,55,34,21,87,35,52,25,10,15
S01009024,710,383,327,436,244,192,274,139,135,11,5,6,42,18,24,15,9,6,16,12,4,9,5,4,10,4,6,51,29,22,104,48,56,16,9,7
S01009025,669,348,321,439,237,202,230,111,119,17,11,6,28,15,13,27,18,9,12,7,5,11,5,6,15,4,11,39,17,22,55,21,34,26,13,13
S01009026,679,345,334,425,216,209,254,129,125,14,8,6,30,16,14,17,10,7,19,10,9,15,7,8,11,9,2,47,23,24,76,35,41,25,11,14
S01009027,565,281,284,336,177,159,229,104,125,12,7,5,26,8,18,12,7,5,14,4,10,17,8,9,7,7,0,53,25,28,61,26,35,27,12,15
S01009028,374,191,183,235,128,107,139,63,76,6,4,2,26,8,18,6,6,0,5,2,3,2,2,0,8,4,4,25,10,15,47,22,25,14,5,9
S01009029,457,234,223,286,158,128,171,76,95,6,4,2,24,10,14,11,6,5,11,7,4,9,5,4,7,3,4,30,11,19,51,20,31,22,10,12
S01009030,540,277,263,356,193,163,184,84,100,10,4,6,25,10,15,17,7,10,11,7,4,13,6,7,10,6,4,28,13,15,47,20,27,23,11,12
S01009031,566,292,274,365,207,158,201,85,116,13,8,5,20,5,15,19,13,6,11,3,8,9,3,6,11,4,7,40,18,22,59,24,35,19,7,12
S01009032,484,251,233,283,152,131,201,99,102,6,3,3,15,10,5,17,10,7,19,9,10,14,10,4,12,6,6,39,23,16,67,23,44,12,5,7
S01009033,565,302,263,350,199,151,215,103,112,4,4,0,21,10,11,9,5,4,12,6,6,14,5,9,13,9,4,53,33,20,67,22,45,22,9,13
S01009034,496,260,236,312,175,137,184,85,99,2,1,1,12,5,7,9,4,5,11,5,6,14,6,8,7,3,4,38,22,16,77,31,46,14,8,6
S01009035,669,331,338,459,237,222,210,94,116,11,7,4,22,8,14,21,14,7,13,3,10,7,2,5,5,2,3,44,21,23,58,19,39,29,18,11
S01009036,752,384,368,523,270,253,229,114,115,12,9,3,30,17,13,19,12,7,11,5,6,11,3,8,10,3,7,51,29,22,55,22,33,30,14,16
S01009037,660,325,335,464,239,225,196,86,110,11,6,5,32,17,15,14,5,9,7,5,2,5,0,5,5,4,1,45,20,25,50,17,33,27,12,15
S01009038,793,391,402,548,276,272,245,115,130,6,3,3,36,19,17,23,14,9,20,12,8,8,4,4,9,3,6,41,18,23,52,16,36,50,26,24
S01009039,500,254,246,329,170,159,171,84,87,4,4,0,34,23,11,19,7,12,15,6,9,5,1,4,4,1,3,26,13,13,40,16,24,24,13,11
S01009040,467,219,248,322,148,174,145,71,74,6,3,3,29,21,8,19,8,11,12,6,6,4,2,2,5,3,2,23,8,15,29,12,17,18,8,10
S01009041,638,335,303,439,242,197,199,93,106,14,10,4,21,7,14,19,8,11,13,9,4,7,3,4,7,5,2,38,16,22,59,24,35,21,11,10
S01009042,620,298,322,425,215,210,195,83,112,8,6,2,30,17,13,17,5,12,15,5,10,11,4,7,6,2,4,32,10,22,49,18,31,27,16,11
S01009043,478,231,247,326,165,161,152,66,86,4,3,1,19,12,7,10,6,4,14,10,4,7,4,3,6,1,5,22,10,12,48,14,34,22,6,16
S01009044,563,260,303,364,177,187,199,83,116,7,2,5,23,14,9,14,3,11,12,3,9,10,3,7,10,6,4,36,14,22,74,33,41,13,5,8
S01009045,490,243,247,320,171,149,170,72,98,9,6,3,18,7,11,23,11,12,4,3,1,7,2,5,7,1,6,32,11,21,56,25,31,14,6,8
S01009046,641,313,328,439,237,202,202,76,126,6,4,2,29,13,16,17,6,11,11,6,5,12,4,8,8,3,5,45,14,31,45,15,30,29,11,18
S01009047,586,300,286,413,213,200,173,87,86,7,6,1,28,19,9,19,8,11,10,4,6,11,6,5,8,4,4,35,13,22,38,18,20,17,9,8
S01009048,618,318,300,419,221,198,199,97,102,10,6,4,31,16,15,31,13,18,15,7,8,10,4,6,4,1,3,35,19,16,41,17,24,22,14,8
S01009049,452,218,234,296,148,148,156,70,86,0,0,0,17,11,6,17,7,10,10,7,3,11,8,3,5,2,3,42,17,25,47,15,32,7,3,4
S01009050,585,298,287,397,207,190,188,91,97,6,3,3,29,13,16,13,9,4,14,8,6,5,1,4,4,1,3,32,15,17,50,22,28,35,19,16
S01009051,516,244,272,368,186,182,148,58,90,2,1,1,22,15,7,6,4,2,6,3,3,3,2,1,7,2,5,28,5,23,44,13,31,30,13,17
S01009052,488,242,246,320,167,153,168,75,93,5,3,2,12,7,5,13,7,6,11,6,5,3,3,0,13,5,8,31,15,16,63,20,43,17,9,8
S01009053,402,201,201,190,88,102,212,113,99,6,4,2,31,17,14,15,11,4,19,14,5,8,4,4,10,3,7,28,13,15,57,31,26,38,16,22
S01009054,444,211,233,270,131,139,174,80,94,2,1,1,24,16,8,18,7,11,11,5,6,9,5,4,7,2,5,23,5,18,54,22,32,26,17,9
S01009055,643,320,323,453,232,221,190,88,102,5,3,2,21,12,9,15,11,4,14,7,7,11,6,5,8,0,8,40,18,22,54,20,34,22,11,11
S01009056,415,203,212,219,113,106,196,90,106,3,1,2,27,17,10,19,9,10,15,12,3,9,2,7,9,2,7,32,13,19,53,25,28,29,9,20
S01009057,403,195,208,236,123,113,167,72,95,8,2,6,26,15,11,15,8,7,11,6,5,17,4,13,4,2,2,16,5,11,42,16,26,28,14,14
S01009058,594,293,301,357,180,177,237,113,124,5,4,1,27,14,13,18,12,6,13,5,8,14,6,8,13,6,7,25,13,12,98,40,58,24,13,11
S01009059,657,327,330,474,244,230,183,83,100,7,3,4,17,8,9,18,13,5,14,6,8,5,2,3,8,2,6,24,12,12,45,15,30,45,22,23
S01009060,405,200,205,329,172,157,76,28,48,2,1,1,11,5,6,7,3,4,5,1,4,6,2,4,2,0,2,11,6,5,13,2,11,19,8,11
S01009061,632,289,343,433,202,231,199,87,112,10,6,4,20,11,9,12,8,4,11,6,5,9,3,6,8,3,5,36,13,23,67,26,41,26,11,15
S01009062,485,236,249,271,140,131,214,96,118,9,8,1,26,12,14,20,12,8,10,5,5,9,6,3,10,3,7,34,8,26,70,30,40,26,12,14
S01009063,569,276,293,390,191,199,179,85,94,4,4,0,11,6,5,22,11,11,11,7,4,10,3,7,12,5,7,31,16,15,56,21,35,22,12,10
S01009064,433,204,229,272,139,133,161,65,96,4,4,0,8,3,5,16,7,9,13,6,7,7,2,5,5,2,3,40,15,25,51,18,33,17,8,9
S01009065,476,219,257,268,128,140,208,91,117,12,7,5,24,10,14,15,6,9,12,6,6,8,3,5,3,0,3,27,16,11,60,21,39,47,22,25
S01009066,539,265,274,323,171,152,216,94,122,15,8,7,22,14,8,20,11,9,11,4,7,6,3,3,10,4,6,36,16,20,69,26,43,27,8,19
S01009067,637,315,322,502,261,241,135,54,81,12,5,7,19,9,10,13,5,8,10,3,7,6,1,5,4,1,3,14,5,9,30,10,20,27,15,12
S01009068,670,326,344,463,235,228,207,91,116,9,5,4,30,17,13,15,9,6,16,7,9,6,2,4,8,3,5,37,18,19,58,14,44,28,16,12
S01009069,510,244,266,380,187,193,130,57,73,7,4,3,23,13,10,11,5,6,8,5,3,6,1,5,12,5,7,26,12,14,25,7,18,12,5,7
S01009070,494,241,253,354,178,176,140,63,77,5,3,2,17,7,10,15,6,9,6,2,4,5,2,3,8,4,4,38,19,19,25,9,16,21,11,10
S01009071,379,185,194,254,130,124,125,55,70,3,1,2,13,8,5,15,7,8,5,0,5,6,3,3,5,3,2,26,11,15,32,11,21,20,11,9
S01009072,394,193,201,263,137,126,131,56,75,7,5,2,16,8,8,8,1,7,10,5,5,1,1,0,6,2,4,22,10,12,37,12,25,24,12,12
S01009073,447,203,244,258,127,131,189,76,113,6,5,1,22,11,11,15,7,8,4,2,2,6,3,3,5,2,3,36,12,24,67,21,46,28,13,15
S01009074,538,246,292,329,161,168,209,85,124,6,3,3,15,8,7,17,8,9,12,2,10,5,3,2,6,2,4,34,12,22,75,29,46,39,18,21
S01009075,418,202,216,243,124,119,175,78,97,6,5,1,18,8,10,13,9,4,13,4,9,6,2,4,4,2,2,31,16,15,63,21,42,21,11,10
S01009076,752,377,375,550,285,265,202,92,110,14,6,8,34,14,20,15,9,6,11,5,6,10,4,6,3,2,1,36,22,14,49,18,31,30,12,18
S01009077,491,253,238,317,173,144,174,80,94,6,5,1,22,9,13,21,12,9,12,9,3,12,7,5,6,1,5,22,9,13,43,13,30,30,15,15
S01009078,567,282,285,460,237,223,107,45,62,6,2,4,25,9,16,7,2,5,8,2,6,3,0,3,2,1,1,21,11,10,14,5,9,21,13,8
S01009079,630,301,329,377,198,179,253,103,150,9,6,3,31,20,11,20,11,9,11,4,7,9,3,6,9,3,6,38,12,26,88,31,57,38,13,25
S01009080,688,311,377,416,214,202,272,97,175,12,6,6,23,11,12,21,10,11,16,7,9,10,6,4,12,3,9,43,15,28,99,27,72,36,12,24
S01009081,501,253,248,332,180,152,169,73,96,5,3,2,19,11,8,9,5,4,8,5,3,7,1,6,6,3,3,21,11,10,74,23,51,20,11,9
S01009082,734,362,372,464,250,214,270,112,158,13,5,8,22,12,10,19,12,7,14,8,6,9,2,7,18,6,12,34,15,19,94,30,64,47,22,25
S01009083,585,281,304,371,190,181,214,91,123,5,2,3,26,14,12,18,11,7,6,4,2,15,6,9,14,8,6,35,14,21,65,19,46,30,13,17
S01009084,347,172,175,255,136,119,92,36,56,2,1,1,14,9,5,8,7,1,3,0,3,6,2,4,4,1,3,11,2,9,25,9,16,19,5,14
S01009085,572,285,287,497,256,241,75,29,46,1,1,0,12,6,6,6,1,5,4,0,4,2,1,1,0,0,0,14,4,10,14,4,10,22,12,10
S01009086,524,255,269,349,178,171,175,77,98,4,2,2,22,9,13,16,10,6,8,4,4,4,2,2,10,5,5,29,14,15,62,23,39,20,8,12
S01009087,455,209,246,272,133,139,183,76,107,5,1,4,18,10,8,16,9,7,7,2,5,8,1,7,4,3,1,35,13,22,70,25,45,20,12,8
S01009088,782,393,389,517,276,241,265,117,148,10,5,5,30,17,13,16,7,9,15,5,10,12,4,8,14,6,8,47,19,28,87,35,52,34,19,15
S01009089,672,325,347,529,274,255,143,51,92,6,3,3,17,8,9,15,9,6,9,3,6,5,0,5,5,1,4,30,8,22,22,7,15,34,12,22
S01009090,634,339,295,532,289,243,102,50,52,1,1,0,8,3,5,5,3,2,6,1,5,2,0,2,4,0,4,18,9,9,39,23,16,19,10,9
S01009091,474,233,241,388,199,189,86,34,52,8,4,4,10,4,6,8,2,6,9,4,5,11,6,5,0,0,0,8,4,4,16,5,11,16,5,11
S01009092,780,371,409,500,243,257,280,128,152,15,7,8,32,22,10,18,8,10,14,5,9,14,7,7,11,5,6,45,25,20,109,38,71,22,11,11
S01009093,570,259,311,375,186,189,195,73,122,9,5,4,22,8,14,20,11,9,13,4,9,12,6,6,5,2,3,29,8,21,57,19,38,28,10,18
S01009094,489,229,260,295,145,150,194,84,110,4,1,3,13,6,7,16,10,6,4,2,2,10,6,4,8,3,5,38,16,22,81,27,54,20,13,7
S01009095,593,304,289,395,206,189,198,98,100,1,1,0,24,14,10,17,12,5,9,2,7,9,4,5,8,5,3,23,13,10,63,24,39,44,23,21
S01009096,675,331,344,527,265,262,148,66,82,4,2,2,17,11,6,5,2,3,7,1,6,3,0,3,9,5,4,23,8,15,51,21,30,29,16,13
S01009097,661,324,337,496,258,238,165,66,99,4,3,1,19,7,12,13,6,7,13,6,7,15,6,9,9,4,5,29,7,22,28,6,22,35,21,14
S01009098,386,188,198,245,123,122,141,65,76,6,4,2,12,7,5,7,5,2,6,3,3,10,4,6,6,4,2,13,6,7,61,20,41,20,12,8
S01009099,564,280,284,361,186,175,203,94,109,12,9,3,28,14,14,8,3,5,6,3,3,7,2,5,3,3,0,42,21,21,61,20,41,36,19,17
S01009100,539,267,272,316,168,148,223,99,124,9,5,4,16,8,8,17,7,10,15,5,10,7,3,4,6,1,5,24,8,16,67,27,40,62,35,27
S01009101,706,344,362,451,232,219,255,112,143,8,4,4,27,14,13,17,11,6,14,8,6,11,4,7,9,1,8,33,12,21,98,40,58,38,18,20
S01009102,572,267,305,341,171,170,231,96,135,8,6,2,35,14,21,12,4,8,9,4,5,6,4,2,12,6,6,42,13,29,50,16,34,57,29,28
S01009103,437,211,226,273,140,133,164,71,93,13,7,6,17,10,7,7,0,7,7,2,5,10,6,4,7,3,4,23,11,12,58,22,36,22,10,12
S01009104,603,282,321,380,185,195,223,97,126,8,3,5,22,9,13,16,9,7,11,7,4,10,3,7,8,4,4,31,15,16,85,33,52,32,14,18
S01009105,592,282,310,419,208,211,173,74,99,9,2,7,24,11,13,10,5,5,13,5,8,4,1,3,3,1,2,30,20,10,50,14,36,30,15,15
S01009106,403,190,213,276,138,138,127,52,75,8,7,1,12,8,4,9,4,5,6,2,4,7,2,5,5,0,5,21,6,15,51,17,34,8,6,2
S01009107,625,302,323,461,228,233,164,74,90,4,3,1,27,12,15,10,4,6,7,5,2,5,2,3,6,2,4,30,16,14,45,11,34,30,19,11
S01009108,561,269,292,386,199,187,175,70,105,8,6,2,15,7,8,14,6,8,12,7,5,13,5,8,7,5,2,31,11,20,54,16,38,21,7,14
S01009109,546,262,284,378,189,189,168,73,95,8,3,5,21,12,9,15,8,7,6,4,2,9,5,4,14,6,8,33,14,19,43,14,29,19,7,12
S01009110,453,211,242,289,146,143,164,65,99,4,1,3,16,7,9,12,3,9,11,8,3,9,4,5,5,3,2,36,18,18,56,11,45,15,10,5
S01009111,668,315,353,511,255,256,157,60,97,10,7,3,17,5,12,16,6,10,8,1,7,7,3,4,3,1,2,22,10,12,44,13,31,30,14,16
S01009112,421,213,208,273,146,127,148,67,81,6,4,2,16,8,8,12,7,5,13,9,4,15,8,7,4,0,4,30,12,18,44,16,28,8,3,5
S01009113,681,356,325,465,261,204,216,95,121,7,5,2,17,7,10,14,8,6,14,5,9,9,6,3,9,5,4,34,14,20,81,31,50,31,14,17
S01009114,597,305,292,448,232,216,149,73,76,11,5,6,16,13,3,13,6,7,9,5,4,6,4,2,5,1,4,21,9,12,31,13,18,37,17,20
S01009115,455,220,235,340,162,178,115,58,57,10,6,4,15,12,3,6,5,1,5,2,3,11,4,7,8,4,4,16,6,10,30,9,21,14,10,4
S01009116,387,186,201,265,132,133,122,54,68,2,1,1,15,11,4,5,3,2,11,4,7,7,4,3,5,1,4,23,10,13,35,14,21,19,6,13
S01009117,639,301,338,450,219,231,189,82,107,6,2,4,20,10,10,11,3,8,10,2,8,8,5,3,7,3,4,32,12,20,59,25,34,36,20,16
S01009118,459,232,227,376,196,180,83,36,47,3,1,2,12,6,6,10,6,4,1,1,0,3,2,1,3,0,3,17,8,9,12,5,7,22,7,15
S01009119,560,281,279,335,177,158,225,104,121,9,5,4,18,9,9,20,11,9,17,9,8,8,5,3,12,5,7,24,12,12,78,29,49,39,19,20
S01009120,408,206,202,260,136,124,148,70,78,9,8,1,19,9,10,6,3,3,13,7,6,5,2,3,5,2,3,23,9,14,47,19,28,21,11,10
S01009121,627,314,313,420,219,201,207,95,112,5,2,3,25,14,11,23,13,10,10,3,7,7,4,3,7,1,6,35,16,19,71,27,44,24,15,9
S01009122,719,341,378,460,235,225,259,106,153,7,2,5,34,17,17,30,17,13,15,7,8,10,4,6,11,5,6,38,18,20,91,26,65,23,10,13
S01009123,427,202,225,304,156,148,123,46,77,8,4,4,16,8,8,12,8,4,8,4,4,6,3,3,5,2,3,16,4,12,28,6,22,24,7,17
S01009124,391,179,212,295,138,157,96,41,55,2,1,1,16,8,8,4,2,2,2,1,1,1,1,0,4,0,4,25,14,11,32,10,22,10,4,6
S01009125,490,239,251,296,154,142,194,85,109,8,5,3,27,15,12,17,10,7,9,4,5,14,9,5,7,4,3,32,11,21,58,19,39,22,8,14
S01009126,428,211,217,228,113,115,200,98,102,10,9,1,17,6,11,19,11,8,13,6,7,7,5,2,6,2,4,17,9,8,55,25,30,56,25,31
S01009127,444,203,241,248,117,131,196,86,110,9,5,4,23,12,11,20,7,13,11,7,4,11,5,6,6,1,5,36,17,19,46,19,27,34,13,21
S01009128,587,293,294,312,166,146,275,127,148,10,9,1,26,12,14,19,9,10,20,8,12,11,5,6,12,7,5,42,19,23,75,30,45,60,28,32
S01009129,367,171,196,211,102,109,156,69,87,3,1,2,23,10,13,8,3,5,9,5,4,6,5,1,4,2,2,25,11,14,49,15,34,29,17,12
S01009130,474,242,232,317,165,152,157,77,80,7,4,3,18,12,6,10,5,5,8,3,5,7,3,4,4,2,2,21,10,11,42,15,27,40,23,17
S01009131,370,182,188,235,121,114,135,61,74,6,1,5,20,15,5,4,3,1,9,2,7,6,2,4,6,1,5,23,11,12,43,16,27,18,10,8
S01009132,615,303,312,467,252,215,148,51,97,6,4,2,17,7,10,13,5,8,10,4,6,13,3,10,8,1,7,27,10,17,33,9,24,21,8,13
S01009133,450,245,205,275,155,120,175,90,85,6,4,2,12,7,5,19,7,12,15,11,4,6,5,1,8,4,4,32,17,15,54,25,29,23,10,13
S01009134,689,333,356,474,245,229,215,88,127,12,7,5,14,5,9,16,10,6,14,5,9,15,8,7,12,3,9,31,10,21,70,23,47,31,17,14
S01009135,441,221,220,346,177,169,95,44,51,6,4,2,17,9,8,9,3,6,5,3,2,7,1,6,9,6,3,6,2,4,11,5,6,25,11,14
S01009136,515,244,271,388,194,194,127,50,77,8,2,6,17,9,8,6,4,2,5,2,3,5,1,4,5,4,1,15,7,8,34,9,25,32,12,20
S01009137,435,207,228,386,195,191,49,12,37,3,0,3,6,1,5,5,3,2,5,1,4,4,1,3,3,1,2,6,0,6,7,1,6,10,4,6
S01009138,679,344,335,487,257,230,192,87,105,7,4,3,27,18,9,13,9,4,9,1,8,14,5,9,9,4,5,26,13,13,51,17,34,36,16,20
S01009139,336,170,166,214,111,103,122,59,63,5,3,2,16,7,9,13,10,3,6,5,1,5,2,3,2,1,1,18,10,8,29,8,21,28,13,15
S01009140,569,285,284,363,198,165,206,87,119,9,6,3,22,7,15,20,13,7,16,6,10,14,3,11,6,0,6,26,13,13,54,19,35,39,20,19
S01009141,640,329,311,383,199,184,257,130,127,9,6,3,25,17,8,24,14,10,23,9,14,8,6,2,4,3,1,29,13,16,95,41,54,40,21,19
S01009142,487,277,210,296,184,112,191,93,98,6,3,3,26,12,14,24,15,9,8,5,3,10,6,4,6,3,3,30,14,16,61,28,33,20,7,13
S01009143,435,211,224,244,121,123,191,90,101,9,7,2,17,10,7,16,12,4,11,5,6,5,3,2,4,3,1,24,9,15,71,27,44,34,14,20
S01009144,538,284,254,451,237,214,87,47,40,7,7,0,19,12,7,10,4,6,2,1,1,2,0,2,2,1,1,9,4,5,10,4,6,26,14,12
S01009145,808,418,390,458,247,211,350,171,179,6,3,3,32,17,15,25,16,9,25,14,11,10,4,6,17,5,12,62,32,30,133,58,75,40,22,18
S01009146,700,344,356,447,231,216,253,113,140,11,3,8,33,20,13,19,10,9,11,8,3,8,4,4,7,6,1,27,10,17,77,27,50,60,25,35
S01009147,578,268,310,331,170,161,247,98,149,9,8,1,29,19,10,19,6,13,12,5,7,18,8,10,10,4,6,34,14,20,72,19,53,44,15,29
S01009148,517,235,282,313,158,155,204,77,127,11,5,6,23,9,14,18,8,10,10,6,4,10,4,6,10,0,10,37,17,20,54,20,34,31,8,23
S01009149,610,304,306,414,216,198,196,88,108,14,11,3,30,18,12,8,3,5,7,3,4,9,4,5,6,5,1,37,19,18,61,19,42,24,6,18
S01009150,455,207,248,93,50,43,362,157,205,6,5,1,18,8,10,14,7,7,14,8,6,19,9,10,11,8,3,63,34,29,203,75,128,14,3,11
S01009151,587,292,295,341,181,160,246,111,135,9,7,2,32,14,18,21,10,11,9,7,2,10,3,7,8,2,6,31,17,14,99,37,62,27,14,13
S01009152,505,282,223,291,176,115,214,106,108,5,3,2,28,16,12,17,9,8,15,9,6,8,4,4,12,5,7,32,22,10,81,30,51,16,8,8
S01009153,373,211,162,277,167,110,96,44,52,3,0,3,17,8,9,9,6,3,8,5,3,2,1,1,4,1,3,13,6,7,29,11,18,11,6,5
S01009154,684,337,347,460,252,208,224,85,139,5,2,3,23,11,12,11,3,8,9,2,7,10,5,5,7,4,3,31,18,13,86,27,59,42,13,29
S01009155,400,199,201,259,134,125,141,65,76,3,2,1,27,17,10,6,2,4,8,4,4,9,4,5,6,5,1,19,7,12,44,16,28,19,8,11
S01009156,388,202,186,259,138,121,129,64,65,4,3,1,18,11,7,12,7,5,7,4,3,12,4,8,6,3,3,27,15,12,25,7,18,18,10,8
S01009157,607,294,313,401,200,201,206,94,112,7,5,2,28,15,13,16,8,8,9,3,6,18,7,11,8,4,4,32,15,17,56,21,35,32,16,16
S01009158,395,184,211,265,127,138,130,57,73,7,5,2,11,7,4,10,6,4,8,6,2,4,0,4,8,1,7,23,10,13,43,13,30,16,9,7
S01009159,379,182,197,194,92,102,185,90,95,5,4,1,20,12,8,17,6,11,4,4,0,6,2,4,11,7,4,32,15,17,60,25,35,30,15,15
S01009160,510,260,250,303,155,148,207,105,102,7,5,2,29,20,9,14,8,6,13,3,10,9,2,7,9,4,5,28,16,12,71,33,38,27,14,13
S01009161,468,225,243,248,114,134,220,111,109,5,1,4,24,14,10,24,12,12,11,7,4,6,3,3,8,7,1,42,24,18,74,31,43,26,12,14
S01009162,579,298,281,335,175,160,244,123,121,6,5,1,26,16,10,20,9,11,13,8,5,11,7,4,7,6,1,31,16,15,83,34,49,47,22,25
S01009163,369,174,195,226,104,122,143,70,73,4,3,1,23,19,4,9,3,6,11,4,7,7,4,3,3,0,3,19,9,10,45,20,25,22,8,14
S01009164,557,283,274,345,183,162,212,100,112,8,5,3,23,13,10,15,11,4,12,7,5,4,1,3,6,2,4,34,17,17,78,26,52,32,18,14
S01009165,543,265,278,299,150,149,244,115,129,19,11,8,35,21,14,15,5,10,19,10,9,10,4,6,5,1,4,29,12,17,67,28,39,45,23,22
S01009166,627,300,327,341,167,174,286,133,153,12,8,4,31,17,14,21,10,11,23,11,12,13,4,9,6,1,5,44,23,21,85,34,51,51,25,26
S01009167,389,193,196,239,128,111,150,65,85,7,6,1,15,8,7,10,7,3,15,8,7,3,1,2,8,6,2,14,2,12,46,14,32,32,13,19
S01009168,508,261,247,319,177,142,189,84,105,7,4,3,15,7,8,21,11,10,13,6,7,4,1,3,7,4,3,35,14,21,75,27,48,12,10,2
S01009169,528,254,274,256,126,130,272,128,144,8,4,4,18,10,8,18,13,5,17,10,7,10,3,7,10,5,5,43,21,22,124,54,70,24,8,16
S01009170,518,249,269,323,163,160,195,86,109,8,6,2,15,7,8,27,12,15,17,7,10,12,7,5,4,3,1,35,13,22,50,21,29,27,10,17
S01009171,517,257,260,334,179,155,183,78,105,7,5,2,26,12,14,28,16,12,9,5,4,15,5,10,5,2,3,25,6,19,44,16,28,24,11,13
S01009172,504,261,243,348,187,161,156,74,82,7,5,2,30,17,13,7,3,4,10,2,8,8,5,3,4,1,3,27,14,13,39,15,24,24,12,12
S01009173,584,278,306,429,221,208,155,57,98,3,0,3,19,8,11,14,7,7,7,2,5,6,3,3,6,2,4,30,15,15,52,14,38,18,6,12
S01009174,343,177,166,291,153,138,52,24,28,6,4,2,6,4,2,6,2,4,5,3,2,1,1,0,3,0,3,7,2,5,9,3,6,9,5,4
S01009175,629,310,319,514,261,253,115,49,66,9,6,3,17,5,12,12,8,4,3,1,2,7,2,5,5,1,4,16,8,8,25,9,16,21,9,12
S01009176,679,328,351,474,244,230,205,84,121,7,4,3,31,17,14,11,6,5,7,5,2,11,3,8,5,0,5,36,15,21,71,21,50,26,13,13
S01009177,629,284,345,387,185,202,242,99,143,20,7,13,32,17,15,18,8,10,12,3,9,19,8,11,13,8,5,28,8,20,62,24,38,38,16,22
S01009178,549,255,294,330,160,170,219,95,124,15,11,4,32,16,16,11,5,6,13,4,9,13,10,3,8,3,5,22,8,14,60,18,42,45,20,25
S01009179,522,254,268,324,158,166,198,96,102,8,6,2,33,17,16,16,8,8,17,9,8,7,3,4,13,5,8,27,12,15,46,17,29,31,19,12
S01009180,742,360,382,467,248,219,275,112,163,16,11,5,30,13,17,24,13,11,18,6,12,11,4,7,10,5,5,42,17,25,86,26,60,38,17,21
S01009181,634,305,329,408,206,202,226,99,127,9,5,4,23,10,13,11,5,6,13,7,6,13,7,6,2,2,0,41,19,22,82,31,51,32,13,19
S01009182,754,377,377,536,282,254,218,95,123,8,3,5,23,12,11,14,9,5,13,5,8,11,5,6,10,6,4,40,18,22,75,20,55,24,17,7
S01009183,585,298,287,459,238,221,126,60,66,7,4,3,13,9,4,15,10,5,7,4,3,4,3,1,5,1,4,20,8,12,32,5,27,23,16,7
S01009184,628,304,324,356,184,172,272,120,152,8,6,2,24,12,12,22,11,11,19,9,10,11,6,5,14,7,7,38,19,19,95,38,57,41,12,29
S01009185,652,314,338,399,209,190,253,105,148,12,8,4,29,16,13,20,7,13,11,6,5,10,4,6,13,5,8,36,13,23,82,30,52,40,16,24
S01009186,609,307,302,388,212,176,221,95,126,6,4,2,30,18,12,13,6,7,16,5,11,8,5,3,12,5,7,28,11,17,71,27,44,37,14,23
S01009187,387,190,197,251,130,121,136,60,76,3,3,0,16,6,10,11,4,7,4,3,1,5,3,2,9,3,6,29,16,13,42,15,27,17,7,10
S01009188,661,309,352,434,217,217,227,92,135,13,8,5,17,11,6,13,8,5,16,7,9,9,2,7,7,3,4,46,13,33,70,29,41,36,11,25
S01009189,551,276,275,329,179,150,222,97,125,7,4,3,34,21,13,15,5,10,24,8,16,9,4,5,14,3,11,24,9,15,58,26,32,37,17,20
S01009190,604,308,296,478,256,222,126,52,74,3,3,0,14,5,9,9,6,3,8,1,7,3,1,2,4,1,3,19,8,11,33,7,26,33,20,13
S01009191,495,237,258,415,212,203,80,25,55,8,4,4,10,4,6,5,1,4,7,1,6,4,1,3,2,0,2,11,2,9,8,2,6,25,10,15
S01009192,951,705,246,356,193,163,595,512,83,30,26,4,94,90,4,73,67,6,38,35,3,33,30,3,11,10,1,25,14,11,62,25,37,229,215,14
S01009193,239,118,121,199,99,100,40,19,21,3,2,1,7,2,5,2,1,1,2,1,1,0,0,0,3,2,1,6,1,5,7,3,4,10,7,3
S01009194,619,309,310,422,224,198,197,85,112,12,7,5,19,12,7,15,8,7,10,2,8,7,3,4,10,2,8,40,20,20,66,25,41,18,6,12
S01009195,621,308,313,498,256,242,123,52,71,4,0,4,15,8,7,9,6,3,6,3,3,7,5,2,4,3,1,16,3,13,40,15,25,22,9,13
S01009196,528,262,266,330,168,162,198,94,104,10,5,5,23,13,10,16,6,10,12,4,8,8,3,5,6,2,4,26,10,16,61,24,37,36,27,9
S01009197,745,362,383,546,279,267,199,83,116,14,9,5,25,12,13,18,5,13,12,5,7,7,2,5,13,5,8,36,20,16,50,16,34,24,9,15
S01009198,557,277,280,388,205,183,169,72,97,6,3,3,31,18,13,13,8,5,13,2,11,2,0,2,3,3,0,25,7,18,62,25,37,14,6,8
S01009199,452,216,236,328,165,163,124,51,73,4,2,2,17,12,5,10,4,6,6,2,4,3,0,3,8,5,3,21,5,16,36,13,23,19,8,11
S01009200,817,398,419,549,286,263,268,112,156,9,1,8,49,27,22,21,9,12,19,6,13,15,8,7,11,4,7,44,17,27,63,24,39,37,16,21
S01009201,502,239,263,323,160,163,179,79,100,9,4,5,25,14,11,10,2,8,9,4,5,6,4,2,8,2,6,31,16,15,43,18,25,38,15,23
S01009202,373,185,188,282,147,135,91,38,53,0,0,0,15,8,7,9,3,6,5,3,2,5,3,2,4,1,3,10,5,5,24,6,18,19,9,10
S01009203,442,208,234,223,116,107,219,92,127,7,2,5,22,14,8,17,11,6,11,4,7,11,5,6,8,5,3,33,16,17,85,30,55,25,5,20
S01009204,657,303,354,435,213,222,222,90,132,6,2,4,34,19,15,22,7,15,9,4,5,11,3,8,7,4,3,29,10,19,54,16,38,50,25,25
S01009205,587,302,285,453,237,216,134,65,69,7,5,2,23,14,9,17,8,9,11,6,5,5,1,4,4,2,2,15,8,7,29,8,21,23,13,10
S01009206,663,323,340,492,238,254,171,85,86,8,5,3,27,17,10,23,10,13,9,5,4,4,3,1,4,1,3,32,17,15,43,16,27,21,11,10
S01009207,629,314,315,390,200,190,239,114,125,10,6,4,26,17,9,17,8,9,17,6,11,11,7,4,19,10,9,34,21,13,99,35,64,6,4,2
S01009208,478,218,260,279,132,147,199,86,113,5,4,1,19,14,5,13,10,3,7,5,2,5,2,3,12,3,9,36,17,19,81,23,58,21,8,13
S01009209,458,228,230,287,147,140,171,81,90,7,3,4,26,15,11,13,7,6,9,7,2,7,4,3,7,3,4,31,19,12,56,17,39,15,6,9
S01009210,429,217,212,299,156,143,130,61,69,6,4,2,22,10,12,10,4,6,6,4,2,3,1,2,1,1,0,23,14,9,50,17,33,9,6,3
S01009211,468,229,239,312,164,148,156,65,91,7,6,1,17,9,8,12,4,8,11,3,8,7,5,2,6,2,4,22,7,15,44,14,30,30,15,15
S01009212,618,293,325,359,184,175,259,109,150,3,0,3,32,18,14,20,12,8,16,8,8,10,5,5,9,5,4,50,23,27,87,28,59,32,10,22
S01009213,637,314,323,411,206,205,226,108,118,14,9,5,34,20,14,15,7,8,6,4,2,8,4,4,7,1,6,34,16,18,71,28,43,37,19,18
S01009214,741,357,384,519,260,259,222,97,125,10,6,4,24,11,13,14,5,9,9,6,3,11,6,5,4,1,3,44,17,27,78,27,51,28,18,10
S01009215,685,345,340,430,222,208,255,123,132,9,6,3,30,15,15,23,13,10,16,9,7,9,4,5,12,6,6,37,12,25,82,39,43,37,19,18
S01009216,692,324,368,448,232,216,244,92,152,12,7,5,27,10,17,21,11,10,13,4,9,10,3,7,11,4,7,39,14,25,72,23,49,39,16,23
S01009217,460,205,255,252,113,139,208,92,116,9,4,5,21,12,9,20,10,10,8,5,3,5,0,5,8,2,6,34,15,19,66,25,41,37,19,18
S01009218,607,303,304,375,190,185,232,113,119,9,7,2,27,20,7,15,9,6,12,4,8,10,4,6,12,5,7,37,19,18,80,30,50,30,15,15
S01009219,475,237,238,288,147,141,187,90,97,2,2,0,25,16,9,21,14,7,12,6,6,14,9,5,8,4,4,24,9,15,63,20,43,18,10,8
S01009220,385,164,221,221,103,118,164,61,103,7,4,3,16,9,7,14,5,9,6,4,2,8,3,5,10,2,8,25,9,16,62,21,41,16,4,12
S01009221,399,201,198,257,133,124,142,68,74,7,3,4,18,11,7,12,4,8,7,6,1,7,2,5,7,3,4,19,10,9,47,21,26,18,8,10
S01009222,377,175,202,235,111,124,142,64,78,1,1,0,22,11,11,14,10,4,10,6,4,5,2,3,4,2,2,22,5,17,47,20,27,17,7,10
S01009223,410,197,213,261,137,124,149,60,89,5,3,2,12,8,4,7,2,5,8,4,4,9,3,6,5,2,3,24,10,14,57,18,39,22,10,12
S01009224,478,229,249,284,140,144,194,89,105,6,4,2,25,14,11,9,4,5,10,9,1,9,5,4,14,6,8,26,13,13,65,20,45,30,14,16
S01009225,390,193,197,259,132,127,131,61,70,5,4,1,8,3,5,9,7,2,6,3,3,3,1,2,5,2,3,19,7,12,61,26,35,15,8,7
S01009226,690,321,369,401,199,202,289,122,167,6,1,5,25,19,6,29,14,15,17,7,10,13,3,10,17,6,11,46,19,27,101,40,61,35,13,22
S01009227,425,193,232,260,128,132,165,65,100,9,5,4,7,4,3,13,5,8,8,3,5,7,3,4,5,1,4,29,13,16,75,28,47,12,3,9
S01009228,437,218,219,236,136,100,201,82,119,4,2,2,31,20,11,18,10,8,18,9,9,9,1,8,14,3,11,24,9,15,61,16,45,22,12,10
S01009229,430,215,215,275,144,131,155,71,84,6,3,3,20,14,6,11,9,2,8,4,4,3,1,2,8,4,4,22,12,10,58,19,39,19,5,14
S01009230,469,244,225,347,183,164,122,61,61,4,4,0,11,6,5,8,3,5,8,4,4,5,3,2,2,1,1,19,8,11,45,19,26,20,13,7
S01009231,734,353,381,493,248,245,241,105,136,14,9,5,28,7,21,19,8,11,15,6,9,11,6,5,8,3,5,37,17,20,87,37,50,22,12,10
S01009232,430,209,221,221,113,108,209,96,113,9,4,5,36,23,13,22,6,16,19,9,10,11,9,2,8,4,4,22,10,12,39,15,24,43,16,27
S01009233,408,206,202,231,120,111,177,86,91,6,2,4,21,12,9,12,7,5,5,3,2,8,4,4,6,1,5,32,17,15,71,31,40,16,9,7
S01009234,735,362,373,394,202,192,341,160,181,17,11,6,51,27,24,27,9,18,19,11,8,18,8,10,9,5,4,35,15,20,85,32,53,80,42,38
S01009235,690,356,334,423,234,189,267,122,145,9,5,4,39,26,13,24,11,13,14,6,8,10,2,8,11,1,10,37,16,21,94,41,53,29,14,15
S01009236,351,163,188,215,104,111,136,59,77,0,0,0,14,7,7,10,5,5,7,3,4,6,3,3,3,2,1,15,6,9,69,27,42,12,6,6
S01009237,640,325,315,438,229,209,202,96,106,6,3,3,22,10,12,17,11,6,6,4,2,7,2,5,8,5,3,45,25,20,67,23,44,24,13,11
S01009238,581,269,312,308,152,156,273,117,156,7,5,2,24,15,9,26,11,15,11,5,6,13,3,10,12,3,9,39,19,20,103,34,69,38,22,16
S01009239,643,299,344,441,223,218,202,76,126,9,3,6,24,7,17,23,10,13,12,5,7,11,3,8,3,1,2,32,12,20,60,23,37,28,12,16
S01009240,495,251,244,254,132,122,241,119,122,15,11,4,53,30,23,18,14,4,9,8,1,15,5,10,4,0,4,34,17,17,57,21,36,36,13,23
S01009241,663,316,347,356,176,180,307,140,167,6,5,1,45,28,17,23,11,12,18,10,8,17,7,10,14,5,9,41,12,29,97,41,56,46,21,25
S01009242,570,274,296,369,190,179,201,84,117,4,2,2,26,13,13,16,5,11,17,9,8,11,4,7,9,1,8,31,18,13,68,26,42,19,6,13
S01009243,742,357,385,502,265,237,240,92,148,10,6,4,23,14,9,31,11,20,12,5,7,15,4,11,8,5,3,44,18,26,72,19,53,25,10,15
S01009244,641,312,329,421,225,196,220,87,133,5,3,2,26,9,17,17,7,10,10,5,5,8,5,3,10,2,8,47,18,29,78,30,48,19,8,11
S01009245,670,340,330,434,230,204,236,110,126,13,8,5,32,16,16,13,9,4,18,6,12,9,5,4,12,6,6,42,18,24,77,33,44,20,9,11
S01009246,606,297,309,384,203,181,222,94,128,5,4,1,31,17,14,16,8,8,9,3,6,10,6,4,8,3,5,30,15,15,88,30,58,25,8,17
S01009247,749,362,387,519,260,259,230,102,128,6,3,3,36,17,19,20,10,10,17,9,8,15,7,8,10,4,6,49,24,25,55,15,40,22,13,9
S01009248,532,256,276,335,158,177,197,98,99,7,4,3,24,14,10,12,3,9,15,11,4,8,4,4,11,7,4,40,20,20,56,20,36,24,15,9
S01009249,610,311,299,379,203,176,231,108,123,5,5,0,20,12,8,15,4,11,12,7,5,10,2,8,9,4,5,30,17,13,93,41,52,37,16,21
S01009250,484,215,269,305,139,166,179,76,103,3,0,3,16,10,6,11,6,5,13,7,6,8,2,6,4,2,2,36,17,19,68,24,44,20,8,12
S01009251,435,214,221,263,135,128,172,79,93,7,6,1,20,10,10,15,3,12,12,7,5,7,4,3,6,2,4,24,16,8,55,17,38,26,14,12
S01009252,348,164,184,283,140,143,65,24,41,4,2,2,6,4,2,9,2,7,3,0,3,3,1,2,3,1,2,12,4,8,12,3,9,13,7,6
S01009253,345,148,197,169,82,87,176,66,110,3,1,2,9,6,3,11,7,4,9,4,5,11,5,6,8,3,5,35,14,21,72,17,55,18,9,9
S01009254,595,283,312,315,156,159,280,127,153,15,11,4,28,15,13,27,13,14,17,8,9,11,0,11,12,5,7,36,19,17,93,44,49,41,12,29
S01009255,516,292,224,360,208,152,156,84,72,4,1,3,27,14,13,8,7,1,15,13,2,10,4,6,13,6,7,29,18,11,35,18,17,15,3,12
S01009256,354,174,180,219,117,102,135,57,78,2,1,1,15,6,9,9,6,3,7,2,5,6,3,3,9,5,4,26,10,16,53,20,33,8,4,4
S01009257,531,273,258,340,192,148,191,81,110,15,7,8,20,11,9,17,7,10,9,4,5,8,4,4,10,4,6,29,14,15,72,26,46,11,4,7
S01009258,481,248,233,322,177,145,159,71,88,6,6,0,31,20,11,11,8,3,9,4,5,5,1,4,5,3,2,26,10,16,55,15,40,11,4,7
S01009259,693,343,350,501,259,242,192,84,108,4,2,2,31,17,14,15,6,9,11,6,5,9,4,5,4,2,2,37,17,20,65,24,41,16,6,10
S01009260,890,438,452,645,329,316,245,109,136,10,7,3,40,22,18,19,13,6,10,1,9,17,5,12,7,2,5,40,23,17,72,19,53,30,17,13
S01009261,553,268,285,315,166,149,238,102,136,7,7,0,34,10,24,13,7,6,12,5,7,12,4,8,10,5,5,38,17,21,90,42,48,22,5,17
S01009262,397,185,212,230,113,117,167,72,95,5,3,2,17,5,12,21,11,10,15,6,9,9,4,5,7,1,6,28,14,14,45,19,26,20,9,11
S01009263,632,305,327,512,254,258,120,51,69,12,8,4,13,5,8,5,3,2,12,4,8,5,2,3,3,2,1,27,13,14,25,6,19,18,8,10
S01009264,408,197,211,262,132,130,146,65,81,2,0,2,17,8,9,14,6,8,5,2,3,7,4,3,3,0,3,27,18,9,49,17,32,22,10,12
S01009265,593,276,317,377,175,202,216,101,115,7,4,3,20,9,11,18,10,8,9,7,2,12,5,7,8,4,4,33,15,18,73,30,43,36,17,19
S01009266,634,315,319,363,192,171,271,123,148,9,3,6,37,23,14,22,10,12,12,8,4,9,5,4,10,2,8,47,23,24,93,37,56,32,12,20
S01009267,612,309,303,389,198,191,223,111,112,8,6,2,26,16,10,20,9,11,14,4,10,10,5,5,5,2,3,34,15,19,67,31,36,39,23,16
S01009268,723,351,372,462,237,225,261,114,147,10,5,5,19,11,8,23,11,12,22,11,11,17,4,13,12,8,4,41,17,24,90,34,56,27,13,14
S01009269,624,308,316,353,177,176,271,131,140,5,3,2,43,28,15,20,8,12,10,5,5,7,1,6,13,8,5,37,18,19,81,35,46,55,25,30
S01009270,430,211,219,239,126,113,191,85,106,6,5,1,12,7,5,10,3,7,15,9,6,8,0,8,6,0,6,28,18,10,65,24,41,41,19,22
S01009271,718,357,361,493,262,231,225,95,130,14,5,9,33,16,17,15,9,6,13,4,9,9,7,2,10,5,5,43,16,27,53,18,35,35,15,20
S01009272,526,250,276,317,162,155,209,88,121,9,6,3,30,20,10,19,11,8,11,3,8,10,3,7,11,2,9,33,15,18,44,12,32,42,16,26
S01009273,373,189,184,229,123,106,144,66,78,1,0,1,18,11,7,13,5,8,15,6,9,8,5,3,6,1,5,24,13,11,43,15,28,16,10,6
S01009274,471,227,244,277,145,132,194,82,112,8,2,6,26,12,14,12,5,7,12,5,7,3,1,2,5,1,4,33,14,19,58,22,36,37,20,17
S01009275,504,261,243,305,176,129,199,85,114,8,3,5,15,5,10,9,4,5,14,6,8,10,4,6,13,9,4,24,12,12,68,23,45,38,19,19
S01009276,692,342,350,415,215,200,277,127,150,12,11,1,24,9,15,32,14,18,15,10,5,14,7,7,19,8,11,47,27,20,84,26,58,30,15,15
S01009277,418,220,198,288,153,135,130,67,63,6,5,1,13,7,6,7,5,2,5,2,3,6,2,4,12,7,5,26,15,11,39,12,27,16,12,4
S01009278,405,192,213,300,153,147,105,39,66,5,2,3,12,7,5,6,0,6,8,5,3,1,0,1,3,1,2,26,6,20,33,13,20,11,5,6
S01009279,464,228,236,290,152,138,174,76,98,6,3,3,15,7,8,21,7,14,8,3,5,9,5,4,1,1,0,36,14,22,56,24,32,22,12,10
S01009280,629,311,318,290,153,137,339,158,181,10,4,6,33,19,14,19,8,11,19,10,9,19,7,12,15,7,8,46,21,25,125,57,68,53,25,28
S01009281,615,287,328,288,145,143,327,142,185,8,3,5,33,16,17,26,15,11,17,9,8,10,5,5,9,5,4,41,21,20,138,54,84,45,14,31
S01009282,572,273,299,353,186,167,219,87,132,7,4,3,25,8,17,16,5,11,17,8,9,10,3,7,6,2,4,36,16,20,69,27,42,33,14,19
S01009283,337,173,164,262,132,130,75,41,34,8,5,3,11,6,5,6,5,1,6,5,1,3,1,2,1,0,1,7,2,5,20,8,12,13,9,4
S01009284,614,302,312,457,224,233,157,78,79,10,6,4,24,11,13,13,6,7,9,6,3,9,5,4,11,4,7,19,11,8,33,12,21,29,17,12
S01009285,675,322,353,479,239,240,196,83,113,13,5,8,33,13,20,11,7,4,21,7,14,9,4,5,11,7,4,35,17,18,28,6,22,35,17,18
S01009286,590,293,297,388,203,185,202,90,112,10,5,5,20,9,11,10,5,5,13,5,8,5,4,1,11,7,4,48,22,26,63,21,42,22,12,10
S01009287,543,265,278,326,174,152,217,91,126,5,1,4,27,19,8,17,5,12,14,10,4,6,4,2,10,4,6,60,22,38,62,18,44,16,8,8
S01009288,587,273,314,355,186,169,232,87,145,11,8,3,22,10,12,15,5,10,11,4,7,14,4,10,10,1,9,53,22,31,76,26,50,20,7,13
S01009289,673,332,341,429,238,191,244,94,150,6,3,3,27,11,16,17,6,11,19,6,13,5,3,2,12,4,8,51,25,26,87,26,61,20,10,10
S01009290,471,227,244,283,150,133,188,77,111,2,0,2,18,10,8,7,3,4,21,6,15,12,9,3,15,5,10,44,20,24,55,16,39,14,8,6
S01009291,766,381,385,523,273,250,243,108,135,9,7,2,25,13,12,17,8,9,16,8,8,14,5,9,7,2,5,47,24,23,82,28,54,26,13,13
S01009292,385,193,192,237,118,119,148,75,73,2,0,2,19,14,5,10,6,4,9,7,2,7,6,1,9,4,5,25,8,17,42,18,24,25,12,13
S01009293,522,259,263,389,200,189,133,59,74,4,2,2,9,6,3,13,6,7,8,3,5,9,4,5,7,6,1,23,11,12,38,11,27,22,10,12
S01009294,388,189,199,258,127,131,130,62,68,8,4,4,13,5,8,8,7,1,9,5,4,5,1,4,7,6,1,27,14,13,36,8,28,17,12,5
S01009295,511,246,265,358,181,177,153,65,88,7,5,2,19,10,9,15,4,11,12,4,8,6,2,4,8,3,5,23,12,11,46,15,31,17,10,7
S01009296,414,208,206,303,161,142,111,47,64,4,2,2,12,6,6,9,5,4,3,2,1,6,2,4,6,1,5,24,9,15,27,8,19,20,12,8
S01009297,652,324,328,486,248,238,166,76,90,5,1,4,13,5,8,20,13,7,13,5,8,13,6,7,4,3,1,35,15,20,33,10,23,30,18,12
S01009298,740,355,385,442,216,226,298,139,159,12,6,6,18,7,11,23,10,13,15,8,7,12,5,7,6,3,3,70,36,34,98,38,60,44,26,18
S01009299,713,361,352,510,261,249,203,100,103,4,3,1,29,16,13,25,14,11,10,6,4,10,3,7,6,1,5,31,16,15,49,17,32,39,24,15
S01009300,413,210,203,281,138,143,132,72,60,7,5,2,17,11,6,5,3,2,6,5,1,7,3,4,9,6,3,19,8,11,28,12,16,34,19,15
S01009301,730,367,363,426,217,209,304,150,154,14,9,5,49,30,19,32,16,16,20,7,13,11,4,7,13,4,9,38,20,18,73,40,33,54,20,34
S01009302,650,291,359,370,174,196,280,117,163,16,5,11,46,20,26,23,12,11,17,8,9,8,2,6,15,5,10,46,20,26,53,22,31,56,23,33
S01009303,564,280,284,359,189,170,205,91,114,3,2,1,28,11,17,13,7,6,17,8,9,13,8,5,7,3,4,28,9,19,72,32,40,24,11,13
S01009304,712,347,365,471,240,231,241,107,134,6,2,4,22,12,10,23,11,12,17,9,8,6,0,6,6,2,4,49,22,27,82,34,48,30,15,15
S01009305,573,280,293,368,180,188,205,100,105,7,5,2,30,17,13,17,7,10,16,10,6,16,7,9,10,5,5,42,20,22,50,22,28,17,7,10
S01009306,828,403,425,570,281,289,258,122,136,14,9,5,42,18,24,21,11,10,21,6,15,11,5,6,8,3,5,38,18,20,56,28,28,47,24,23
S01009307,817,431,386,549,292,257,268,139,129,15,7,8,41,27,14,29,15,14,18,11,7,15,9,6,9,4,5,31,18,13,73,31,42,37,17,20
S01009308,385,208,177,283,152,131,102,56,46,5,5,0,19,10,9,12,10,2,9,5,4,7,1,6,3,3,0,13,4,9,16,8,8,18,10,8
S01009309,580,294,286,438,231,207,142,63,79,6,4,2,27,13,14,16,9,7,10,6,4,3,2,1,6,1,5,24,13,11,30,7,23,20,8,12
S01009310,720,349,371,466,242,224,254,107,147,11,5,6,32,15,17,17,9,8,17,7,10,12,3,9,7,5,2,43,22,21,76,24,52,39,17,22
S01009311,531,252,279,294,156,138,237,96,141,7,4,3,32,13,19,14,9,5,10,1,9,2,0,2,12,4,8,42,19,23,67,26,41,51,20,31
S01009312,535,258,277,397,201,196,138,57,81,5,3,2,22,8,14,14,5,9,3,2,1,10,3,7,3,1,2,19,12,7,34,11,23,28,12,16
S01009313,411,195,216,247,122,125,164,73,91,4,4,0,18,11,7,14,8,6,6,4,2,6,1,5,3,1,2,27,11,16,53,19,34,33,14,19
S01009314,510,256,254,333,167,166,177,89,88,6,4,2,16,11,5,14,7,7,19,13,6,9,4,5,7,3,4,32,17,15,48,15,33,26,15,11
S01009315,477,232,245,285,146,139,192,86,106,7,3,4,20,11,9,17,9,8,8,4,4,10,2,8,12,7,5,27,13,14,55,19,36,36,18,18
S01009316,570,289,281,405,213,192,165,76,89,11,5,6,20,9,11,20,15,5,11,5,6,11,5,6,5,3,2,24,10,14,34,12,22,29,12,17
S01009317,650,318,332,441,227,214,209,91,118,7,4,3,23,15,8,19,8,11,10,3,7,10,1,9,11,5,6,42,14,28,60,22,38,27,19,8
S01009318,467,216,251,341,163,178,126,53,73,5,2,3,23,15,8,12,3,9,7,3,4,7,4,3,5,1,4,26,13,13,28,7,21,13,5,8
S01009319,636,310,326,387,206,181,249,104,145,4,4,0,27,14,13,15,7,8,11,3,8,14,8,6,12,8,4,45,22,23,103,30,73,18,8,10
S01009320,485,220,265,318,159,159,167,61,106,7,3,4,9,3,6,13,6,7,10,3,7,4,3,1,6,2,4,17,6,11,85,28,57,16,7,9
S01009321,519,242,277,316,167,149,203,75,128,5,2,3,13,6,7,15,7,8,21,9,12,11,4,7,13,2,11,53,23,30,61,17,44,11,5,6
S01009322,610,295,315,384,200,184,226,95,131,6,5,1,20,10,10,14,9,5,20,10,10,14,2,12,7,4,3,39,16,23,84,31,53,22,8,14
S01009323,491,238,253,296,155,141,195,83,112,6,3,3,13,5,8,15,5,10,12,4,8,2,0,2,9,4,5,42,22,20,73,28,45,23,12,11
S01009324,407,198,209,272,133,139,135,65,70,6,3,3,20,7,13,13,7,6,8,5,3,5,4,1,7,2,5,21,10,11,40,19,21,15,8,7
S01009325,529,249,280,412,206,206,117,43,74,5,3,2,17,9,8,10,4,6,5,2,3,5,1,4,2,2,0,23,9,14,35,8,27,15,5,10
S01009326,420,205,215,306,147,159,114,58,56,5,2,3,15,7,8,9,4,5,3,1,2,3,1,2,1,1,0,14,6,8,26,10,16,38,26,12
S01009327,414,193,221,240,124,116,174,69,105,7,1,6,16,8,8,14,9,5,14,7,7,10,6,4,6,3,3,35,10,25,53,17,36,19,8,11
S01009328,474,246,228,421,223,198,53,23,30,5,2,3,11,5,6,4,3,1,9,4,5,1,0,1,4,2,2,3,1,2,6,0,6,10,6,4
S01009329,331,158,173,284,144,140,47,14,33,2,2,0,8,4,4,6,2,4,4,0,4,1,0,1,3,1,2,7,3,4,10,0,10,6,2,4
S01009330,349,161,188,252,123,129,97,38,59,5,3,2,12,8,4,5,1,4,9,1,8,7,2,5,5,1,4,17,5,12,22,9,13,15,8,7
S01009331,395,189,206,324,165,159,71,24,47,5,1,4,18,5,13,4,3,1,1,0,1,2,0,2,0,0,0,9,2,7,14,5,9,18,8,10
S01009332,678,343,335,451,230,221,227,113,114,9,3,6,33,22,11,24,9,15,10,5,5,9,5,4,10,5,5,43,18,25,49,23,26,40,23,17
S01009333,535,282,253,363,195,168,172,87,85,4,2,2,20,14,6,20,15,5,14,7,7,12,3,9,3,1,2,25,12,13,48,18,30,26,15,11
S01009334,473,233,240,238,119,119,235,114,121,7,2,5,37,22,15,20,10,10,14,8,6,10,6,4,7,2,5,38,18,20,55,20,35,47,26,21
S01009335,592,291,301,347,170,177,245,121,124,7,4,3,21,14,7,19,8,11,24,18,6,11,4,7,22,13,9,22,10,12,66,24,42,53,26,27
S01009336,485,233,252,235,125,110,250,108,142,6,2,4,39,20,19,21,8,13,20,4,16,11,3,8,7,3,4,45,19,26,53,26,27,48,23,25
S01009337,526,248,278,292,140,152,234,108,126,5,3,2,22,7,15,19,14,5,13,4,9,15,9,6,12,6,6,38,20,18,56,23,33,54,22,32
S01009338,547,264,283,271,130,141,276,134,142,3,2,1,41,23,18,25,10,15,14,5,9,14,6,8,9,8,1,45,25,20,75,30,45,50,25,25
S01009339,590,299,291,318,170,148,272,129,143,9,3,6,38,15,23,23,12,11,11,6,5,9,4,5,19,9,10,45,21,24,61,33,28,57,26,31
S01009340,434,202,232,266,123,143,168,79,89,5,2,3,21,11,10,15,9,6,4,1,3,4,2,2,7,5,2,35,19,16,51,15,36,26,15,11
S01009341,447,222,225,258,141,117,189,81,108,4,2,2,26,15,11,12,3,9,13,4,9,6,2,4,4,2,2,32,15,17,52,17,35,40,21,19
S01009342,547,269,278,349,179,170,198,90,108,13,7,6,21,9,12,14,4,10,15,7,8,12,6,6,13,7,6,27,14,13,45,18,27,38,18,20
S01009343,433,199,234,298,139,159,135,60,75,5,3,2,27,10,17,11,4,7,11,7,4,8,1,7,6,3,3,20,13,7,30,11,19,17,8,9
S01009344,470,218,252,276,132,144,194,86,108,9,6,3,23,11,12,13,8,5,15,7,8,12,5,7,7,4,3,23,11,12,62,21,41,30,13,17
S01009345,697,340,357,475,242,233,222,98,124,11,6,5,30,17,13,14,7,7,11,6,5,15,6,9,8,3,5,31,14,17,62,18,44,40,21,19
S01009346,474,241,233,402,215,187,72,26,46,4,1,3,13,7,6,4,2,2,5,2,3,4,1,3,7,1,6,5,0,5,14,4,10,16,8,8
S01009347,457,232,225,370,202,168,87,30,57,4,0,4,13,4,9,5,4,1,10,2,8,6,1,5,3,1,2,13,2,11,19,6,13,14,10,4
S01009348,348,171,177,293,155,138,55,16,39,5,1,4,5,1,4,3,0,3,4,1,3,5,1,4,3,0,3,5,4,1,10,1,9,15,7,8
S01009349,557,287,270,461,245,216,96,42,54,5,2,3,20,10,10,11,6,5,8,4,4,4,1,3,6,2,4,13,4,9,12,2,10,17,11,6
S01009350,440,216,224,349,181,168,91,35,56,5,4,1,10,3,7,6,2,4,8,3,5,3,1,2,4,0,4,13,3,10,15,5,10,27,14,13
S01009351,388,200,188,333,176,157,55,24,31,4,2,2,10,6,4,4,0,4,5,4,1,6,2,4,3,0,3,4,1,3,6,2,4,13,7,6
S01009352,562,282,280,475,247,228,87,35,52,5,3,2,15,6,9,8,3,5,7,0,7,7,2,5,0,0,0,12,3,9,8,2,6,25,16,9
S01009353,285,143,142,235,128,107,50,15,35,0,0,0,9,4,5,7,3,4,2,1,1,2,1,1,2,0,2,13,3,10,5,0,5,10,3,7
S01009354,628,313,315,514,271,243,114,42,72,6,3,3,14,6,8,18,8,10,5,1,4,3,2,1,4,0,4,13,3,10,15,5,10,36,14,22
S01009355,694,348,346,464,250,214,230,98,132,7,3,4,31,11,20,23,14,9,17,10,7,3,2,1,15,4,11,49,20,29,64,24,40,21,10,11
S01009356,760,374,386,508,268,240,252,106,146,14,8,6,24,12,12,14,6,8,20,8,12,9,5,4,11,3,8,56,24,32,75,26,49,29,14,15
S01009357,359,181,178,285,149,136,74,32,42,6,3,3,11,3,8,8,6,2,4,2,2,7,3,4,4,2,2,13,5,8,10,3,7,11,5,6
S01009358,528,265,263,378,205,173,150,60,90,9,6,3,22,7,15,10,5,5,3,1,2,5,0,5,11,4,7,30,11,19,36,13,23,24,13,11
S01009359,565,282,283,437,238,199,128,44,84,11,4,7,27,13,14,12,5,7,4,0,4,4,0,4,6,1,5,22,5,17,19,5,14,23,11,12
S01009360,646,313,333,439,222,217,207,91,116,8,2,6,23,10,13,12,6,6,8,4,4,9,4,5,3,2,1,46,23,23,73,26,47,25,14,11
S01009361,592,292,300,393,208,185,199,84,115,9,6,3,20,11,9,8,3,5,14,5,9,6,5,1,9,3,6,49,23,26,55,13,42,29,15,14
S01009362,802,400,402,543,292,251,259,108,151,12,9,3,24,10,14,12,6,6,16,5,11,6,3,3,11,4,7,56,27,29,86,24,62,36,20,16
S01009363,633,312,321,399,200,199,234,112,122,10,6,4,26,17,9,26,9,17,20,9,11,18,7,11,8,5,3,34,17,17,61,27,34,31,15,16
S01009364,672,340,332,486,251,235,186,89,97,12,8,4,26,18,8,14,7,7,14,4,10,13,7,6,11,4,7,32,11,21,32,13,19,32,17,15
S01009365,445,211,234,284,139,145,161,72,89,5,1,4,18,7,11,9,7,2,12,8,4,12,4,8,12,4,8,21,10,11,47,22,25,25,9,16
S01009366,549,273,276,335,171,164,214,102,112,8,5,3,27,17,10,20,11,9,13,8,5,8,3,5,9,4,5,39,18,21,65,26,39,25,10,15
S01009367,473,233,240,305,149,156,168,84,84,6,4,2,19,14,5,11,7,4,18,7,11,6,1,5,7,1,6,27,15,12,53,26,27,21,9,12
S01009368,428,212,216,278,150,128,150,62,88,5,2,3,22,16,6,13,7,6,8,4,4,5,1,4,4,1,3,30,10,20,42,13,29,21,8,13
S01009369,431,210,221,298,152,146,133,58,75,4,2,2,11,5,6,12,6,6,5,2,3,4,2,2,3,2,1,17,11,6,44,12,32,33,16,17
S01009370,668,329,339,415,214,201,253,115,138,7,4,3,30,19,11,20,10,10,12,7,5,14,8,6,13,3,10,44,18,26,79,32,47,34,14,20
S01009371,397,186,211,262,124,138,135,62,73,2,2,0,16,8,8,10,4,6,5,3,2,6,5,1,2,2,0,25,10,15,47,16,31,22,12,10
S01009372,407,196,211,266,130,136,141,66,75,9,4,5,12,10,2,8,4,4,7,3,4,1,0,1,7,2,5,29,12,17,44,19,25,24,12,12
S01009373,597,296,301,359,192,167,238,104,134,5,3,2,36,19,17,14,7,7,10,4,6,8,1,7,7,4,3,28,12,16,80,36,44,50,18,32
S01009374,653,325,328,393,202,191,260,123,137,7,4,3,37,19,18,25,16,9,13,6,7,16,7,9,8,0,8,44,24,20,81,31,50,29,16,13
S01009375,606,297,309,356,188,168,250,109,141,13,6,7,35,22,13,25,14,11,18,5,13,2,0,2,8,5,3,47,14,33,67,26,41,35,17,18
S01009376,446,222,224,262,139,123,184,83,101,9,6,3,13,7,6,21,9,12,16,7,9,5,3,2,9,3,6,26,12,14,54,25,29,31,11,20
S01009377,978,587,391,824,533,291,154,54,100,9,6,3,39,16,23,14,2,12,4,2,2,7,3,4,3,2,1,16,4,12,28,5,23,34,14,20
S01009378,717,342,375,502,256,246,215,86,129,15,6,9,28,9,19,15,8,7,10,6,4,15,3,12,11,3,8,31,11,20,45,12,33,45,28,17
S01009379,678,317,361,509,259,250,169,58,111,8,4,4,17,10,7,23,6,17,6,2,4,10,3,7,7,2,5,24,8,16,31,9,22,43,14,29
S01009380,467,236,231,315,168,147,152,68,84,11,8,3,18,5,13,7,2,5,11,6,5,6,1,5,3,0,3,21,9,12,39,18,21,36,19,17
S01009381,517,260,257,381,195,186,136,65,71,4,2,2,24,16,8,13,6,7,6,1,5,8,3,5,6,4,2,22,10,12,34,15,19,19,8,11
S01009382,605,300,305,367,197,170,238,103,135,5,4,1,27,16,11,22,13,9,17,7,10,9,4,5,12,7,5,47,19,28,67,20,47,32,13,19
S01009383,638,334,304,413,216,197,225,118,107,8,5,3,31,20,11,23,13,10,16,8,8,15,8,7,3,0,3,41,26,15,57,22,35,31,16,15
S01009384,434,216,218,287,156,131,147,60,87,3,1,2,17,12,5,9,3,6,4,2,2,10,3,7,9,3,6,29,13,16,43,12,31,23,11,12
S01009385,381,180,201,257,125,132,124,55,69,6,5,1,23,15,8,3,0,3,11,6,5,9,3,6,6,2,4,26,9,17,24,9,15,16,6,10
S01009386,497,226,271,298,141,157,199,85,114,6,3,3,23,11,12,18,8,10,11,7,4,8,2,6,8,4,4,40,20,20,57,19,38,28,11,17
S01009387,441,204,237,252,128,124,189,76,113,7,3,4,20,9,11,27,12,15,21,10,11,8,4,4,10,4,6,23,9,14,48,15,33,25,10,15
S01009388,644,323,321,349,183,166,295,140,155,25,14,11,50,30,20,35,23,12,18,8,10,13,4,9,11,5,6,30,11,19,58,18,40,55,27,28
S01009389,726,374,352,448,241,207,278,133,145,10,6,4,31,16,15,30,17,13,19,9,10,19,7,12,16,8,8,45,25,20,82,35,47,26,10,16
S01009390,543,272,271,428,226,202,115,46,69,13,5,8,20,11,9,7,3,4,5,1,4,1,0,1,6,2,4,15,5,10,21,4,17,27,15,12
S01009391,509,249,260,410,204,206,99,45,54,8,4,4,21,15,6,8,1,7,7,2,5,7,2,5,2,0,2,11,3,8,16,5,11,19,13,6
S01009392,370,186,184,302,166,136,68,20,48,4,0,4,9,4,5,8,3,5,3,0,3,3,0,3,8,1,7,13,2,11,12,4,8,8,6,2
S01009393,528,258,270,377,197,180,151,61,90,11,4,7,23,12,11,13,8,5,9,4,5,6,2,4,4,0,4,37,13,24,25,8,17,23,10,13
S01009394,695,349,346,472,254,218,223,95,128,9,3,6,21,13,8,13,7,6,15,9,6,21,8,13,11,2,9,49,24,25,60,20,40,24,9,15
S01009395,498,227,271,290,140,150,208,87,121,8,5,3,21,15,6,21,10,11,10,7,3,7,1,6,14,6,8,49,18,31,66,20,46,12,5,7
S01009396,562,285,277,328,190,138,234,95,139,10,6,4,23,10,13,18,6,12,15,8,7,13,5,8,7,2,5,50,23,27,72,24,48,26,11,15
S01009397,534,263,271,354,174,180,180,89,91,8,6,2,32,17,15,11,7,4,10,4,6,17,12,5,3,2,1,32,21,11,46,11,35,21,9,12
S01009398,533,260,273,371,192,179,162,68,94,11,4,7,28,15,13,15,6,9,7,4,3,4,2,2,3,1,2,23,8,15,50,14,36,21,14,7
S01009399,534,261,273,375,199,176,159,62,97,8,3,5,20,12,8,9,7,2,10,6,4,12,2,10,5,1,4,33,13,20,47,14,33,15,4,11
S01009400,390,189,201,253,133,120,137,56,81,6,3,3,17,5,12,8,4,4,7,3,4,7,4,3,6,2,4,28,12,16,44,13,31,14,10,4
S01009401,504,246,258,283,159,124,221,87,134,10,5,5,27,14,13,20,12,8,12,4,8,6,1,5,10,6,4,45,20,25,69,19,50,22,6,16
S01009402,693,339,354,418,224,194,275,115,160,13,8,5,35,23,12,19,6,13,20,10,10,13,5,8,12,3,9,43,24,19,79,20,59,41,16,25
S01009403,400,196,204,291,153,138,109,43,66,3,2,1,18,9,9,7,4,3,11,4,7,11,3,8,5,1,4,14,8,6,21,2,19,19,10,9
S01009404,410,196,214,233,115,118,177,81,96,7,6,1,35,23,12,10,4,6,10,4,6,6,4,2,4,2,2,29,12,17,35,9,26,41,17,24
S01009405,315,164,151,207,113,94,108,51,57,5,4,1,10,5,5,12,8,4,2,2,0,9,3,6,4,2,2,27,11,16,28,12,16,11,4,7
S01009406,695,335,360,449,220,229,246,115,131,8,6,2,27,18,9,19,7,12,18,9,9,13,3,10,7,4,3,42,20,22,79,35,44,33,13,20
S01009407,393,190,203,241,131,110,152,59,93,3,1,2,21,14,7,20,9,11,6,3,3,6,1,5,2,1,1,23,8,15,48,13,35,23,9,14
S01009408,581,288,293,424,228,196,157,60,97,8,4,4,14,5,9,18,10,8,14,2,12,15,7,8,12,2,10,21,9,12,36,12,24,19,9,10
S01009409,492,236,256,289,143,146,203,93,110,6,1,5,18,9,9,11,4,7,9,5,4,12,5,7,10,6,4,38,24,14,68,27,41,31,12,19
S01009410,667,326,341,408,201,207,259,125,134,10,5,5,29,21,8,20,10,10,9,3,6,8,4,4,10,6,4,36,15,21,81,32,49,56,29,27
S01009411,641,301,340,380,188,192,261,113,148,6,3,3,26,15,11,28,16,12,16,5,11,19,6,13,7,3,4,40,17,23,82,37,45,37,11,26
S01009412,644,322,322,396,212,184,248,110,138,7,4,3,35,22,13,22,6,16,23,14,9,8,2,6,10,4,6,28,13,15,78,27,51,37,18,19
S01009413,774,399,375,488,255,233,286,144,142,16,9,7,35,21,14,26,12,14,14,11,3,10,2,8,15,7,8,49,22,27,80,32,48,41,28,13
S01009414,503,239,264,299,142,157,204,97,107,9,6,3,14,5,9,12,9,3,15,6,9,12,7,5,14,7,7,36,15,21,63,30,33,29,12,17
S01009415,600,295,305,335,173,162,265,122,143,11,8,3,27,15,12,22,10,12,12,9,3,11,4,7,16,10,6,40,13,27,74,33,41,52,20,32
S01009416,419,213,206,297,156,141,122,57,65,1,0,1,7,3,4,4,3,1,11,5,6,4,2,2,6,2,4,25,13,12,37,13,24,27,16,11
S01009417,222,110,112,178,92,86,44,18,26,0,0,0,10,5,5,3,2,1,4,1,3,1,0,1,1,0,1,5,3,2,13,4,9,7,3,4
S01009418,834,430,404,508,274,234,326,156,170,5,3,2,33,18,15,22,11,11,16,10,6,14,8,6,13,7,6,56,30,26,121,49,72,46,20,26
S01009419,428,203,225,241,126,115,187,77,110,10,5,5,19,10,9,11,6,5,10,3,7,10,2,8,9,5,4,33,10,23,50,19,31,35,17,18
S01009420,459,214,245,230,115,115,229,99,130,10,7,3,30,17,13,12,8,4,14,9,5,5,0,5,11,7,4,30,7,23,64,21,43,53,23,30
S01009421,522,248,274,277,145,132,245,103,142,15,9,6,27,22,5,19,11,8,21,9,12,9,3,6,18,5,13,36,12,24,56,23,33,44,9,35
S01009422,584,279,305,366,186,180,218,93,125,7,1,6,28,11,17,22,12,10,19,12,7,7,3,4,11,7,4,28,12,16,62,19,43,34,16,18
S01009423,691,338,353,544,281,263,147,57,90,10,5,5,24,8,16,15,6,9,7,2,5,4,2,2,9,2,7,27,15,12,24,5,19,27,12,15
S01009424,441,228,213,279,143,136,162,85,77,5,2,3,16,11,5,16,10,6,18,10,8,4,1,3,9,5,4,20,13,7,54,20,34,20,13,7
S01009425,558,288,270,330,177,153,228,111,117,7,4,3,29,13,16,21,16,5,12,8,4,10,7,3,5,4,1,46,19,27,71,26,45,27,14,13
S01009426,566,256,310,310,157,153,256,99,157,7,3,4,20,12,8,25,11,14,17,7,10,6,2,4,12,6,6,46,20,26,82,21,61,41,17,24
S01009427,433,202,231,229,112,117,204,90,114,5,4,1,29,16,13,16,13,3,9,5,4,12,3,9,4,3,1,41,13,28,57,26,31,31,7,24
S01009428,430,206,224,229,112,117,201,94,107,8,5,3,23,11,12,13,6,7,11,7,4,5,2,3,9,0,9,31,13,18,68,36,32,33,14,19
S01009429,514,258,256,272,140,132,242,118,124,9,7,2,24,18,6,15,5,10,7,4,3,10,7,3,12,8,4,31,12,19,85,34,51,49,23,26
S01009430,547,254,293,296,137,159,251,117,134,10,7,3,26,13,13,17,4,13,12,6,6,9,5,4,14,4,10,30,16,14,91,39,52,42,23,19
S01009431,477,224,253,278,131,147,199,93,106,6,3,3,15,6,9,15,9,6,9,4,5,8,2,6,7,4,3,29,12,17,66,31,35,44,22,22
S01009432,584,264,320,306,146,160,278,118,160,10,6,4,32,18,14,13,11,2,12,6,6,9,6,3,5,3,2,34,6,28,97,37,60,66,25,41
S01009433,590,278,312,293,154,139,297,124,173,10,4,6,26,13,13,21,8,13,13,6,7,16,7,9,14,5,9,39,16,23,83,31,52,75,34,41
S01009434,398,204,194,208,108,100,190,96,94,6,3,3,17,8,9,7,4,3,11,6,5,7,4,3,3,1,2,25,11,14,76,38,38,38,21,17
S01009435,544,269,275,261,133,128,283,136,147,9,8,1,33,17,16,19,8,11,19,11,8,11,9,2,2,1,1,39,16,23,93,42,51,58,24,34
S01009436,508,252,256,303,157,146,205,95,110,7,6,1,32,14,18,18,9,9,12,6,6,13,8,5,4,1,3,28,12,16,64,29,35,27,10,17
S01009437,514,259,255,307,155,152,207,104,103,14,10,4,19,11,8,21,13,8,8,2,6,7,2,5,6,4,2,33,14,19,78,36,42,21,12,9
S01009438,635,300,335,339,166,173,296,134,162,11,5,6,30,12,18,21,7,14,8,5,3,13,5,8,8,4,4,40,19,21,112,56,56,53,21,32
S01009439,690,333,357,357,195,162,333,138,195,4,1,3,22,14,8,38,22,16,18,7,11,9,5,4,11,3,8,40,13,27,132,48,84,59,25,34
S01009440,464,224,240,255,123,132,209,101,108,8,5,3,24,14,10,14,6,8,11,4,7,6,4,2,5,1,4,38,19,19,80,37,43,23,11,12
S01009441,582,260,322,343,160,183,239,100,139,6,3,3,29,16,13,30,18,12,16,7,9,11,3,8,4,3,1,30,14,16,70,22,48,43,14,29
S01009442,415,207,208,290,154,136,125,53,72,9,5,4,16,11,5,8,4,4,12,2,10,5,2,3,5,3,2,16,11,5,28,5,23,26,10,16
S01009443,499,247,252,332,168,164,167,79,88,6,2,4,17,10,7,10,4,6,6,4,2,8,5,3,5,2,3,32,24,8,61,18,43,22,10,12
S01009444,637,325,312,455,244,211,182,81,101,10,7,3,13,7,6,21,14,7,9,4,5,3,1,2,11,4,7,33,16,17,43,14,29,39,14,25
S01009445,591,286,305,354,181,173,237,105,132,14,7,7,19,6,13,23,12,11,10,6,4,10,3,7,8,4,4,32,18,14,80,30,50,41,19,22
S01009446,632,314,318,322,160,162,310,154,156,6,6,0,32,20,12,21,9,12,19,10,9,14,7,7,10,5,5,42,19,23,101,48,53,65,30,35
S01009447,391,186,205,227,111,116,164,75,89,8,5,3,18,12,6,11,8,3,5,3,2,6,3,3,6,1,5,26,9,17,52,20,32,32,14,18
S01009448,622,298,324,424,216,208,198,82,116,3,2,1,18,7,11,18,7,11,22,8,14,6,3,3,8,4,4,33,10,23,61,25,36,29,16,13
S01009449,375,175,200,216,114,102,159,61,98,2,1,1,13,5,8,17,11,6,12,5,7,4,0,4,3,2,1,27,12,15,57,16,41,24,9,15
S01009450,444,213,231,235,112,123,209,101,108,3,2,1,29,16,13,18,7,11,8,3,5,10,7,3,7,4,3,34,18,16,64,28,36,36,16,20
S01009451,716,361,355,383,205,178,333,156,177,10,6,4,40,26,14,28,12,16,15,8,7,10,3,7,9,5,4,47,22,25,113,44,69,61,30,31
S01009452,375,188,187,204,115,89,171,73,98,5,1,4,19,15,4,18,4,14,11,4,7,8,2,6,9,7,2,22,9,13,51,23,28,28,8,20
S01009453,738,368,370,437,215,222,301,153,148,12,6,6,31,19,12,24,17,7,25,15,10,8,4,4,9,5,4,40,20,20,97,43,54,55,24,31
S01009454,658,323,335,420,227,193,238,96,142,10,6,4,36,15,21,20,9,11,9,5,4,13,4,9,9,3,6,46,22,24,67,19,48,28,13,15
S01009455,615,306,309,404,225,179,211,81,130,10,5,5,24,13,11,18,4,14,5,3,2,15,8,7,8,1,7,38,17,21,69,18,51,24,12,12
S01009456,518,256,262,305,161,144,213,95,118,6,2,4,26,6,20,21,12,9,12,9,3,7,6,1,11,4,7,27,10,17,75,32,43,28,14,14
S01009457,445,218,227,305,159,146,140,59,81,3,2,1,16,11,5,12,4,8,14,5,9,8,3,5,7,3,4,26,10,16,43,16,27,11,5,6
S01009458,481,230,251,294,142,152,187,88,99,6,6,0,17,11,6,13,6,7,19,8,11,9,4,5,14,8,6,29,13,16,63,22,41,17,10,7
S01009459,649,321,328,372,187,185,277,134,143,11,8,3,29,19,10,34,16,18,15,5,10,14,9,5,16,7,9,47,23,24,82,34,48,29,13,16
S01009460,606,292,314,323,160,163,283,132,151,8,8,0,43,22,21,17,9,8,24,15,9,14,5,9,8,3,5,45,28,17,75,28,47,49,14,35
S01009461,405,204,201,304,156,148,101,48,53,6,3,3,18,10,8,14,7,7,6,4,2,9,3,6,4,3,1,13,5,8,24,10,14,7,3,4
S01009462,502,260,242,304,167,137,198,93,105,9,6,3,18,8,10,11,4,7,11,7,4,7,1,6,11,8,3,50,25,25,61,24,37,20,10,10
S01009463,483,231,252,286,145,141,197,86,111,5,5,0,30,15,15,18,11,7,8,2,6,8,3,5,11,4,7,31,11,20,70,27,43,16,8,8
S01009464,625,313,312,430,232,198,195,81,114,11,2,9,28,13,15,16,8,8,17,8,9,6,2,4,8,4,4,37,18,19,47,14,33,25,12,13
S01009465,440,200,240,269,134,135,171,66,105,4,1,3,24,12,12,12,4,8,9,6,3,7,4,3,6,0,6,28,10,18,60,18,42,21,11,10
S01009466,428,203,225,272,135,137,156,68,88,5,0,5,26,14,12,11,8,3,4,1,3,6,1,5,8,4,4,23,13,10,59,20,39,14,7,7
S01009467,570,278,292,355,174,181,215,104,111,9,8,1,16,10,6,23,13,10,16,6,10,11,4,7,11,3,8,45,23,22,57,20,37,27,17,10
S01009468,565,284,281,330,172,158,235,112,123,6,3,3,18,8,10,11,6,5,12,3,9,14,8,6,9,6,3,52,28,24,84,31,53,29,19,10
S01009469,619,283,336,366,169,197,253,114,139,15,8,7,46,29,17,29,13,16,13,7,6,13,3,10,10,6,4,38,19,19,62,19,43,27,10,17
S01009470,348,166,182,214,103,111,134,63,71,8,3,5,11,8,3,11,6,5,8,2,6,6,3,3,6,4,2,29,14,15,42,17,25,13,6,7
S01009471,469,239,230,219,125,94,250,114,136,5,3,2,24,12,12,14,8,6,19,11,8,13,5,8,14,9,5,41,16,25,91,43,48,29,7,22
S01009472,673,320,353,360,191,169,313,129,184,12,6,6,36,25,11,30,11,19,13,6,7,12,4,8,16,7,9,50,16,34,83,31,52,61,23,38
S01009473,684,359,325,382,202,180,302,157,145,21,11,10,28,15,13,31,23,8,14,10,4,16,8,8,17,10,7,50,28,22,69,32,37,56,20,36
S01009474,649,342,307,381,218,163,268,124,144,17,12,5,40,22,18,31,15,16,10,4,6,16,6,10,8,1,7,39,21,18,55,24,31,52,19,33
S01009475,431,204,227,306,155,151,125,49,76,3,0,3,17,11,6,11,4,7,6,4,2,5,3,2,4,2,2,25,9,16,33,8,25,21,8,13
S01009476,345,170,175,269,142,127,76,28,48,4,1,3,14,8,6,5,0,5,3,1,2,4,2,2,0,0,0,9,2,7,16,5,11,21,9,12
S01009477,513,255,258,341,180,161,172,75,97,5,2,3,18,5,13,16,12,4,13,4,9,7,4,3,5,1,4,27,12,15,56,15,41,25,20,5
S01009478,691,366,325,464,256,208,227,110,117,7,3,4,40,20,20,26,8,18,9,5,4,18,8,10,7,4,3,22,8,14,47,20,27,51,34,17
S01009479,614,323,291,378,214,164,236,109,127,15,7,8,34,13,21,17,11,6,18,5,13,12,3,9,7,4,3,41,23,18,51,23,28,41,20,21
S01009480,591,279,312,399,206,193,192,73,119,9,6,3,18,8,10,5,2,3,10,6,4,11,1,10,11,3,8,41,17,24,62,21,41,25,9,16
S01009481,693,351,342,505,262,243,188,89,99,6,2,4,38,19,19,14,7,7,8,4,4,8,4,4,7,2,5,27,11,16,51,22,29,29,18,11
S01009482,477,241,236,332,178,154,145,63,82,7,4,3,24,10,14,15,8,7,15,4,11,4,3,1,9,4,5,13,8,5,39,17,22,19,5,14
S01009483,576,302,274,426,231,195,150,71,79,9,5,4,25,16,9,23,13,10,8,4,4,8,3,5,4,0,4,15,6,9,41,16,25,17,8,9
S01009484,579,262,317,312,155,157,267,107,160,5,2,3,47,19,28,20,8,12,19,11,8,14,7,7,4,2,2,38,13,25,88,32,56,32,13,19
S01009485,565,258,307,316,168,148,249,90,159,10,6,4,23,6,17,15,8,7,15,7,8,6,4,2,11,2,9,42,17,25,86,23,63,41,17,24
S01009486,445,211,234,279,141,138,166,70,96,7,4,3,16,6,10,14,10,4,14,9,5,10,3,7,9,5,4,24,7,17,57,20,37,15,6,9
S01009487,561,275,286,347,176,171,214,99,115,4,2,2,23,7,16,17,10,7,17,7,10,11,7,4,6,3,3,37,21,16,60,20,40,39,22,17
S01009488,486,235,251,317,162,155,169,73,96,7,4,3,20,11,9,15,5,10,14,8,6,9,7,2,5,2,3,33,11,22,35,10,25,31,15,16
S01009489,586,289,297,317,167,150,269,122,147,8,3,5,26,13,13,22,12,10,14,6,8,12,5,7,12,4,8,45,20,25,72,35,37,58,24,34
S01009490,623,293,330,323,159,164,300,134,166,10,6,4,32,16,16,24,15,9,29,14,15,9,4,5,10,6,4,50,20,30,77,29,48,59,24,35
S01009491,491,225,266,241,123,118,250,102,148,5,1,4,30,17,13,22,12,10,13,6,7,15,5,10,14,7,7,40,17,23,77,27,50,34,10,24
S01009492,572,277,295,338,179,159,234,98,136,5,4,1,25,13,12,16,9,7,12,3,9,9,4,5,12,6,6,45,17,28,77,29,48,33,13,20
S01009493,597,300,297,355,195,160,242,105,137,9,5,4,23,15,8,10,4,6,26,13,13,8,5,3,13,4,9,41,22,19,94,27,67,18,10,8
S01009494,714,354,360,527,271,256,187,83,104,13,9,4,22,14,8,13,5,8,13,6,7,11,3,8,6,2,4,39,15,24,48,18,30,22,11,11
S01009495,696,335,361,498,248,250,198,87,111,8,6,2,22,12,10,12,3,9,15,5,10,8,6,2,12,5,7,39,17,22,47,14,33,35,19,16
S01009496,585,266,319,373,183,190,212,83,129,7,2,5,24,9,15,17,6,11,11,5,6,11,4,7,6,4,2,38,18,20,63,24,39,35,11,24
S01009497,736,346,390,472,233,239,264,113,151,6,3,3,30,17,13,24,14,10,23,10,13,12,2,10,15,5,10,56,24,32,61,17,44,37,21,16
S01009498,507,256,251,309,166,143,198,90,108,10,6,4,22,8,14,15,8,7,16,6,10,4,2,2,14,5,9,45,27,18,54,16,38,18,12,6
S01009499,597,276,321,347,169,178,250,107,143,15,6,9,32,12,20,17,11,6,14,5,9,11,6,5,15,5,10,43,27,16,73,24,49,30,11,19
S01009500,552,260,292,314,162,152,238,98,140,8,2,6,30,11,19,19,9,10,15,6,9,13,5,8,0,0,0,42,21,21,57,23,34,54,21,33
S01009501,474,229,245,261,133,128,213,96,117,9,7,2,25,15,10,20,11,9,14,5,9,9,3,6,11,7,4,24,11,13,63,22,41,38,15,23
S01009502,615,283,332,382,185,197,233,98,135,9,6,3,36,22,14,17,8,9,9,3,6,7,3,4,11,4,7,48,16,32,65,24,41,31,12,19
S01009503,537,243,294,365,165,200,172,78,94,7,1,6,24,12,12,9,6,3,13,8,5,10,7,3,8,1,7,28,10,18,53,24,29,20,9,11
S01009504,498,243,255,275,136,139,223,107,116,3,1,2,27,13,14,31,17,14,17,10,7,10,5,5,10,5,5,31,17,14,56,23,33,38,16,22
S01009505,555,242,313,276,135,141,279,107,172,13,7,6,46,25,21,31,13,18,13,3,10,9,4,5,13,7,6,29,8,21,61,15,46,64,25,39
S01009506,527,248,279,294,148,146,233,100,133,10,5,5,29,19,10,20,5,15,20,11,9,7,4,3,6,1,5,27,13,14,70,24,46,44,18,26
S01009507,614,295,319,416,217,199,198,78,120,9,4,5,26,15,11,12,3,9,11,8,3,14,5,9,3,2,1,31,11,20,50,13,37,42,17,25
S01009508,632,295,337,329,153,176,303,142,161,13,11,2,42,25,17,25,11,14,20,12,8,14,5,9,15,6,9,39,14,25,78,33,45,57,25,32
S01009509,715,356,359,425,222,203,290,134,156,16,12,4,35,18,17,32,22,10,22,15,7,11,5,6,10,1,9,36,16,20,68,24,44,60,21,39
S01009510,538,249,289,333,161,172,205,88,117,7,5,2,20,10,10,25,12,13,16,10,6,14,4,10,12,6,6,46,21,25,43,13,30,22,7,15
S01009511,440,212,228,285,149,136,155,63,92,4,3,1,17,9,8,11,6,5,9,3,6,6,2,4,6,2,4,28,12,16,56,16,40,18,10,8
S01009512,583,285,298,398,210,188,185,75,110,7,3,4,25,9,16,15,6,9,19,10,9,14,5,9,9,4,5,39,15,24,39,14,25,18,9,9
S01009513,443,211,232,282,136,146,161,75,86,9,7,2,18,11,7,15,7,8,9,4,5,6,5,1,10,5,5,37,16,21,46,16,30,11,4,7
S01009514,553,268,285,404,197,207,149,71,78,2,2,0,22,17,5,17,9,8,8,4,4,6,4,2,8,1,7,36,15,21,33,13,20,17,6,11
S01009515,515,235,280,298,139,159,217,96,121,5,4,1,22,11,11,15,7,8,11,7,4,10,3,7,13,6,7,43,20,23,62,23,39,36,15,21
S01009516,623,290,333,356,167,189,267,123,144,4,2,2,29,17,12,18,11,7,15,5,10,19,6,13,8,3,5,48,26,22,90,32,58,36,21,15
S01009517,697,344,353,564,284,280,133,60,73,8,5,3,23,13,10,11,4,7,10,4,6,7,3,4,5,2,3,17,4,13,22,11,11,30,14,16
S01009518,658,317,341,568,283,285,90,34,56,3,2,1,25,7,18,7,4,3,5,3,2,4,1,3,3,0,3,7,4,3,17,6,11,19,7,12
S01009519,390,195,195,262,138,124,128,57,71,13,8,5,14,6,8,8,4,4,6,4,2,9,5,4,5,2,3,22,6,16,24,10,14,27,12,15
S01009520,639,307,332,431,225,206,208,82,126,10,5,5,20,7,13,20,11,9,16,7,9,20,4,16,6,4,2,40,17,23,39,8,31,37,19,18
S01009521,617,287,330,281,133,148,336,154,182,11,6,5,39,19,20,29,16,13,9,5,4,9,5,4,18,6,12,59,33,26,107,39,68,55,25,30
S01009522,713,333,380,416,198,218,297,135,162,10,6,4,42,28,14,29,16,13,12,4,8,17,6,11,8,2,6,36,13,23,77,28,49,66,32,34
S01009523,434,193,241,214,105,109,220,88,132,10,3,7,33,12,21,12,9,3,10,7,3,15,9,6,10,4,6,18,5,13,62,15,47,50,24,26
S01009524,492,242,250,266,137,129,226,105,121,7,0,7,27,18,9,21,13,8,16,4,12,7,3,4,5,4,1,30,17,13,75,28,47,38,18,20
S01009525,398,197,201,224,124,100,174,73,101,8,5,3,18,6,12,7,3,4,11,3,8,4,2,2,4,2,2,20,5,15,59,26,33,43,21,22
S01009526,541,274,267,402,219,183,139,55,84,6,4,2,23,14,9,13,4,9,7,4,3,7,0,7,5,3,2,31,10,21,31,10,21,16,6,10
S01009527,506,258,248,314,165,149,192,93,99,10,4,6,26,15,11,12,6,6,19,8,11,6,2,4,8,2,6,28,17,11,56,23,33,27,16,11
S01009528,349,171,178,185,92,93,164,79,85,3,0,3,13,10,3,13,8,5,12,4,8,8,4,4,3,1,2,28,19,9,70,27,43,14,6,8
S01009529,412,208,204,265,134,131,147,74,73,3,1,2,21,13,8,16,8,8,15,10,5,6,3,3,9,4,5,26,13,13,39,15,24,12,7,5
S01009530,429,214,215,298,153,145,131,61,70,5,4,1,12,9,3,7,6,1,8,2,6,6,5,1,7,4,3,24,5,19,43,14,29,19,12,7
S01009531,607,298,309,311,163,148,296,135,161,7,5,2,31,21,10,22,11,11,13,6,7,16,7,9,16,6,10,45,23,22,109,39,70,37,17,20
S01009532,591,284,307,274,138,136,317,146,171,8,3,5,28,11,17,24,14,10,11,6,5,21,12,9,9,4,5,57,30,27,121,48,73,38,18,20
S01009533,588,280,308,354,172,182,234,108,126,5,4,1,30,17,13,20,8,12,9,2,7,19,7,12,7,1,6,34,17,17,79,35,44,31,17,14
S01009534,587,284,303,286,153,133,301,131,170,10,7,3,25,12,13,35,17,18,14,7,7,15,3,12,12,8,4,42,15,27,77,32,45,71,30,41
S01009535,457,228,229,236,127,109,221,101,120,12,7,5,32,17,15,30,15,15,16,8,8,8,1,7,11,2,9,26,11,15,42,17,25,44,23,21
S01009536,378,185,193,223,109,114,155,76,79,8,4,4,19,11,8,15,11,4,16,10,6,7,2,5,10,4,6,18,2,16,39,20,19,23,12,11
S01009537,399,202,197,216,109,107,183,93,90,8,5,3,32,17,15,12,8,4,9,6,3,5,2,3,4,1,3,36,15,21,53,22,31,24,17,7
S01009538,579,287,292,327,169,158,252,118,134,5,1,4,30,17,13,21,11,10,19,11,8,12,6,6,10,3,7,30,16,14,79,33,46,46,20,26
S01009539,650,319,331,414,213,201,236,106,130,21,12,9,24,14,10,15,8,7,17,6,11,11,8,3,4,3,1,36,14,22,86,28,58,22,13,9
S01009540,636,333,303,374,200,174,262,133,129,8,4,4,32,18,14,17,7,10,19,11,8,11,7,4,15,9,6,51,28,23,58,25,33,51,24,27
S01009541,581,282,299,386,199,187,195,83,112,4,1,3,23,12,11,12,6,6,11,4,7,10,6,4,11,5,6,31,15,16,51,19,32,42,15,27
S01009542,539,255,284,298,139,159,241,116,125,13,7,6,26,13,13,23,12,11,18,11,7,10,5,5,9,3,6,43,20,23,61,29,32,38,16,22
S01009543,402,188,214,236,120,116,166,68,98,5,1,4,22,13,9,15,5,10,9,2,7,6,4,2,10,1,9,24,16,8,57,21,36,18,5,13
S01009544,639,307,332,412,210,202,227,97,130,3,2,1,20,10,10,21,13,8,24,10,14,11,5,6,3,1,2,46,20,26,76,22,54,23,14,9
S01009545,582,275,307,353,174,179,229,101,128,12,8,4,20,10,10,15,9,6,11,3,8,7,1,6,16,5,11,41,16,25,66,27,39,41,22,19
S01009546,752,376,376,512,265,247,240,111,129,9,7,2,33,12,21,17,12,5,17,12,5,6,1,5,5,3,2,38,15,23,65,27,38,50,22,28
S01009547,557,264,293,352,170,182,205,94,111,4,2,2,32,18,14,22,15,7,11,5,6,9,5,4,6,4,2,26,12,14,56,15,41,39,18,21
S01009548,512,250,262,317,156,161,195,94,101,9,5,4,21,14,7,11,4,7,9,8,1,14,5,9,18,9,9,37,14,23,48,17,31,28,18,10
S01009549,581,299,282,392,215,177,189,84,105,6,3,3,29,12,17,17,8,9,10,7,3,11,4,7,6,2,4,36,15,21,52,18,34,22,15,7
S01009550,374,175,199,254,124,130,120,51,69,6,4,2,13,8,5,11,5,6,8,5,3,5,2,3,5,0,5,19,8,11,32,9,23,21,10,11
S01009551,391,189,202,239,131,108,152,58,94,9,7,2,26,9,17,9,6,3,14,6,8,9,2,7,2,1,1,26,9,17,33,11,22,24,7,17
S01009552,669,323,346,432,224,208,237,99,138,5,4,1,22,11,11,19,7,12,12,6,6,13,8,5,9,3,6,44,22,22,89,26,63,24,12,12
S01009553,626,308,318,346,186,160,280,122,158,9,5,4,40,21,19,27,13,14,17,5,12,11,4,7,10,6,4,40,13,27,72,31,41,54,24,30
S01009554,504,257,247,294,159,135,210,98,112,10,6,4,31,16,15,19,13,6,16,8,8,11,5,6,5,0,5,33,12,21,53,22,31,32,16,16
S01009555,571,276,295,369,188,181,202,88,114,6,4,2,28,18,10,23,13,10,8,2,6,11,5,6,11,4,7,34,12,22,56,23,33,25,7,18
S01009556,574,281,293,361,178,183,213,103,110,4,2,2,26,14,12,14,7,7,11,3,8,11,6,5,10,5,5,38,18,20,64,27,37,35,21,14
S01009557,493,226,267,262,118,144,231,108,123,14,9,5,31,18,13,21,10,11,18,11,7,8,4,4,6,3,3,41,19,22,59,20,39,33,14,19
S01009558,486,221,265,252,126,126,234,95,139,12,4,8,19,10,9,16,7,9,13,4,9,21,8,13,14,5,9,32,15,17,59,22,37,48,20,28
S01009559,654,312,342,360,184,176,294,128,166,10,6,4,37,26,11,19,8,11,21,8,13,13,6,7,12,3,9,44,26,18,73,19,54,65,26,39
S01009560,557,246,311,294,142,152,263,104,159,13,6,7,23,11,12,19,7,12,21,8,13,15,7,8,9,3,6,37,15,22,73,28,45,53,19,34
S01009561,383,194,189,211,109,102,172,85,87,7,4,3,22,15,7,11,7,4,12,5,7,6,4,2,5,3,2,28,13,15,55,20,35,26,14,12
S01009562,547,274,273,332,184,148,215,90,125,4,2,2,27,13,14,12,5,7,18,6,12,12,3,9,8,4,4,40,16,24,64,25,39,30,16,14
S01009563,551,260,291,315,158,157,236,102,134,8,5,3,22,15,7,14,7,7,14,7,7,15,5,10,13,5,8,45,23,22,66,20,46,39,15,24
S01009564,465,209,256,278,135,143,187,74,113,8,4,4,15,7,8,9,5,4,8,4,4,5,3,2,18,7,11,44,20,24,60,14,46,20,10,10
S01009565,426,198,228,225,115,110,201,83,118,7,3,4,19,10,9,19,6,13,9,5,4,4,0,4,7,4,3,45,18,27,49,16,33,42,21,21
S01009566,780,372,408,529,275,254,251,97,154,13,7,6,28,15,13,16,8,8,18,6,12,10,4,6,8,2,6,48,17,31,64,22,42,46,16,30
S01009567,663,327,336,399,209,190,264,118,146,3,2,1,38,25,13,24,11,13,20,12,8,15,10,5,11,3,8,52,21,31,66,18,48,35,16,19
S01009568,522,243,279,305,155,150,217,88,129,11,7,4,11,4,7,12,4,8,14,6,8,13,5,8,7,7,0,48,18,30,68,24,44,33,13,20
S01009569,601,275,326,361,176,185,240,99,141,5,3,2,20,13,7,14,9,5,19,10,9,8,3,5,11,5,6,45,16,29,87,30,57,31,10,21
S01009570,400,185,215,237,118,119,163,67,96,10,7,3,19,9,10,10,2,8,8,3,5,5,1,4,6,2,4,19,11,8,50,15,35,36,17,19
S01009571,511,253,258,264,133,131,247,120,127,6,2,4,39,26,13,24,12,12,16,11,5,7,4,3,4,1,3,29,11,18,64,26,38,58,27,31
S01009572,761,380,381,413,218,195,348,162,186,15,11,4,37,15,22,31,15,16,16,10,6,15,7,8,19,5,14,48,28,20,94,39,55,73,32,41
S01009573,537,253,284,274,144,130,263,109,154,6,3,3,29,16,13,24,13,11,14,6,8,8,3,5,7,4,3,29,14,15,79,26,53,67,24,43
S01009574,719,335,384,441,226,215,278,109,169,6,3,3,39,17,22,16,11,5,23,11,12,11,2,9,6,2,4,35,15,20,103,35,68,39,13,26
S01009575,381,182,199,239,120,119,142,62,80,5,4,1,26,13,13,11,6,5,9,5,4,7,4,3,3,0,3,20,12,8,44,10,34,17,8,9
S01009576,428,213,215,288,155,133,140,58,82,8,6,2,16,8,8,13,5,8,7,4,3,10,3,7,5,1,4,32,16,16,34,10,24,15,5,10
S01009577,556,269,287,361,184,177,195,85,110,10,8,2,30,16,14,21,10,11,9,4,5,10,5,5,14,6,8,23,7,16,43,16,27,35,13,22
S01009578,574,277,297,374,195,179,200,82,118,5,2,3,29,17,12,14,8,6,17,5,12,13,7,6,3,0,3,28,15,13,43,9,34,48,19,29
S01009579,806,401,405,515,261,254,291,140,151,7,5,2,32,21,11,31,14,17,18,9,9,15,3,12,13,7,6,45,22,23,85,36,49,45,23,22
S01009580,722,366,356,551,296,255,171,70,101,6,3,3,34,21,13,8,4,4,20,8,12,3,2,1,5,4,1,26,8,18,32,8,24,37,12,25
S01009581,439,215,224,254,134,120,185,81,104,10,5,5,21,12,9,11,7,4,6,2,4,18,10,8,9,3,6,30,16,14,60,13,47,20,13,7
S01009582,380,167,213,254,130,124,126,37,89,4,3,1,14,5,9,17,4,13,6,2,4,8,4,4,3,0,3,23,7,16,45,10,35,6,2,4
S01009583,582,261,321,355,175,180,227,86,141,7,4,3,31,13,18,14,8,6,14,9,5,9,2,7,9,2,7,46,19,27,55,15,40,42,14,28
S01009584,372,190,182,240,137,103,132,53,79,3,1,2,10,4,6,9,4,5,13,3,10,4,3,1,6,2,4,22,14,8,53,15,38,12,7,5
S01009585,730,358,372,474,248,226,256,110,146,8,5,3,33,19,14,18,9,9,26,10,16,11,5,6,17,5,12,40,12,28,62,23,39,41,22,19
S01009586,494,243,251,262,148,114,232,95,137,11,8,3,14,8,6,13,3,10,13,4,9,15,9,6,17,8,9,48,20,28,63,19,44,38,16,22
S01009587,497,257,240,278,155,123,219,102,117,4,2,2,24,11,13,13,7,6,15,7,8,11,7,4,6,2,4,50,25,25,72,24,48,24,17,7
S01009588,725,358,367,451,237,214,274,121,153,8,5,3,33,18,15,20,10,10,16,8,8,9,3,6,10,2,8,40,19,21,82,31,51,56,25,31
S01009589,677,329,348,439,223,216,238,106,132,3,2,1,29,14,15,26,15,11,9,3,6,6,2,4,14,5,9,44,21,23,55,20,35,52,24,28
S01009590,543,270,273,365,187,178,178,83,95,1,1,0,20,13,7,21,7,14,7,3,4,5,2,3,6,2,4,31,17,14,53,18,35,34,20,14
S01009591,533,269,264,368,192,176,165,77,88,6,2,4,22,10,12,10,6,4,11,5,6,12,5,7,6,4,2,34,21,13,46,15,31,18,9,9
S01009592,441,209,232,263,143,120,178,66,112,2,1,1,12,6,6,20,7,13,9,5,4,10,3,7,11,4,7,39,21,18,63,17,46,12,2,10
S01009593,454,226,228,315,163,152,139,63,76,4,3,1,20,14,6,11,4,7,10,4,6,5,0,5,11,3,8,18,7,11,36,16,20,24,12,12
S01009594,525,260,265,374,188,186,151,72,79,8,6,2,13,5,8,16,10,6,6,3,3,7,2,5,10,4,6,26,14,12,42,14,28,23,14,9
S01009595,392,199,193,282,149,133,110,50,60,8,5,3,15,8,7,8,4,4,3,2,1,2,0,2,3,1,2,21,13,8,25,8,17,25,9,16
S01009596,607,290,317,383,191,192,224,99,125,7,4,3,27,12,15,22,14,8,20,9,11,11,4,7,12,4,8,35,15,20,47,18,29,43,19,24
S01009597,619,283,336,329,153,176,290,130,160,12,3,9,42,23,19,32,16,16,11,5,6,18,6,12,13,6,7,37,14,23,64,27,37,61,30,31
S01009598,483,229,254,254,126,128,229,103,126,9,3,6,33,15,18,16,11,5,18,9,9,10,3,7,10,5,5,35,18,17,52,15,37,46,24,22
S01009599,687,334,353,409,206,203,278,128,150,12,9,3,31,18,13,23,11,12,13,4,9,18,8,10,10,3,7,42,20,22,80,29,51,49,26,23
S01009600,453,209,244,240,116,124,213,93,120,9,8,1,26,13,13,15,9,6,9,2,7,6,2,4,11,7,4,34,9,25,66,26,40,37,17,20
S01009601,505,250,255,303,153,150,202,97,105,4,2,2,21,13,8,17,8,9,17,8,9,6,4,2,8,4,4,29,11,18,53,22,31,47,25,22
S01009602,592,290,302,448,229,219,144,61,83,8,2,6,24,15,9,15,6,9,7,2,5,9,2,7,3,1,2,22,10,12,34,13,21,22,10,12
S01009603,442,215,227,295,158,137,147,57,90,2,1,1,16,6,10,14,6,8,4,2,2,7,4,3,7,4,3,24,9,15,37,6,31,36,19,17
S01009604,648,312,336,429,228,201,219,84,135,7,4,3,25,12,13,17,9,8,16,4,12,10,4,6,12,1,11,34,15,19,65,25,40,33,10,23
S01009605,580,275,305,305,159,146,275,116,159,14,8,6,22,12,10,15,7,8,17,4,13,8,3,5,11,3,8,36,16,20,92,35,57,60,28,32
S01009606,413,194,219,319,160,159,94,34,60,4,0,4,13,3,10,6,4,2,8,1,7,7,2,5,2,0,2,10,3,7,23,9,14,21,12,9
S01009607,404,195,209,269,142,127,135,53,82,6,5,1,17,8,9,15,6,9,10,6,4,9,3,6,5,0,5,17,6,11,43,13,30,13,6,7
S01009608,427,212,215,286,143,143,141,69,72,7,4,3,21,11,10,7,3,4,12,7,5,4,2,2,8,6,2,26,13,13,33,8,25,23,15,8
S01009609,606,307,299,403,216,187,203,91,112,12,8,4,30,13,17,12,4,8,11,5,6,9,4,5,5,2,3,43,25,18,48,14,34,33,16,17
S01009610,732,356,376,464,239,225,268,117,151,11,5,6,25,16,9,20,9,11,15,8,7,10,2,8,13,9,4,52,21,31,92,31,61,30,16,14
S01009611,408,194,214,284,140,144,124,54,70,4,2,2,14,10,4,9,3,6,7,3,4,8,3,5,2,1,1,28,12,16,38,13,25,14,7,7
S01009612,449,224,225,311,162,149,138,62,76,5,5,0,16,8,8,14,8,6,6,5,1,7,3,4,6,3,3,23,11,12,43,13,30,18,6,12
S01009613,355,181,174,262,138,124,93,43,50,4,4,0,14,10,4,13,3,10,7,2,5,7,3,4,5,3,2,18,11,7,15,4,11,10,3,7
S01009614,388,191,197,264,138,126,124,53,71,4,2,2,11,8,3,13,3,10,6,3,3,5,1,4,7,3,4,26,13,13,39,18,21,13,2,11
S01009615,303,155,148,171,89,82,132,66,66,4,2,2,9,4,5,13,6,7,4,3,1,7,5,2,8,5,3,26,10,16,44,21,23,17,10,7
S01009616,564,273,291,369,190,179,195,83,112,10,5,5,22,13,9,23,9,14,18,5,13,6,3,3,4,2,2,25,11,14,56,20,36,31,15,16
S01009617,568,279,289,401,208,193,167,71,96,2,1,1,16,6,10,15,7,8,7,3,4,8,3,5,11,6,5,37,13,24,46,19,27,25,13,12
S01009618,528,255,273,320,166,154,208,89,119,4,1,3,20,11,9,20,8,12,9,2,7,8,5,3,8,6,2,41,17,24,69,27,42,29,12,17
S01009619,464,226,238,245,126,119,219,100,119,3,1,2,29,18,11,11,4,7,16,5,11,11,5,6,5,3,2,32,17,15,77,28,49,35,19,16
S01009620,570,262,308,303,154,149,267,108,159,11,7,4,23,15,8,23,6,17,17,9,8,5,3,2,7,4,3,39,15,24,92,29,63,50,20,30
S01009621,591,296,295,325,160,165,266,136,130,8,5,3,23,12,11,14,10,4,18,8,10,15,8,7,8,4,4,48,28,20,86,42,44,46,19,27
S01009622,536,266,270,268,141,127,268,125,143,10,4,6,35,21,14,23,13,10,14,5,9,7,2,5,4,2,2,44,24,20,74,32,42,57,22,35
S01009623,355,154,201,198,96,102,157,58,99,2,1,1,15,8,7,8,0,8,7,2,5,9,1,8,6,5,1,32,15,17,48,17,31,30,9,21
S01009624,668,327,341,366,178,188,302,149,153,9,7,2,28,16,12,22,11,11,11,5,6,11,1,10,13,7,6,46,28,18,107,41,66,55,33,22
S01009625,602,280,322,369,179,190,233,101,132,4,2,2,24,13,11,16,7,9,19,11,8,9,6,3,13,8,5,32,13,19,68,22,46,48,19,29
S01009626,424,189,235,190,91,99,234,98,136,6,4,2,21,13,8,11,6,5,10,4,6,8,3,5,5,4,1,35,16,19,74,29,45,64,19,45
S01009627,587,283,304,325,162,163,262,121,141,10,7,3,29,16,13,14,5,9,10,7,3,13,5,8,4,1,3,35,16,19,91,35,56,56,29,27
S01009628,354,170,184,155,81,74,199,89,110,4,2,2,10,5,5,11,6,5,5,3,2,6,2,4,3,1,2,32,21,11,99,32,67,29,17,12
S01009629,769,365,404,438,219,219,331,146,185,13,8,5,30,17,13,22,6,16,14,7,7,16,6,10,17,7,10,46,19,27,85,32,53,88,44,44
S01009630,582,260,322,291,134,157,291,126,165,9,5,4,35,19,16,21,16,5,14,8,6,13,4,9,7,4,3,30,13,17,79,26,53,83,31,52
S01009631,544,298,246,264,142,122,280,156,124,12,9,3,28,23,5,27,16,11,20,13,7,8,3,5,9,6,3,43,23,20,90,44,46,43,19,24
S01009632,394,191,203,175,86,89,219,105,114,6,4,2,33,22,11,13,7,6,14,8,6,12,6,6,5,0,5,30,12,18,67,27,40,39,19,20
S01009633,512,244,268,247,130,117,265,114,151,13,10,3,27,13,14,20,12,8,13,7,6,7,1,6,12,7,5,29,9,20,69,25,44,75,30,45
S01009634,362,177,185,160,79,81,202,98,104,4,2,2,15,8,7,10,2,8,14,9,5,6,4,2,6,2,4,37,21,16,75,33,42,35,17,18
S01009635,654,320,334,384,204,180,270,116,154,9,4,5,24,14,10,27,13,14,14,5,9,12,5,7,12,6,6,44,19,25,90,36,54,38,14,24
S01009636,693,337,356,329,170,159,364,167,197,12,9,3,39,21,18,24,14,10,26,11,15,16,8,8,13,5,8,53,22,31,93,49,44,88,28,60
S01009637,548,260,288,339,171,168,209,89,120,7,4,3,28,18,10,17,6,11,19,5,14,4,4,0,8,3,5,28,12,16,61,22,39,37,15,22
S01009638,514,248,266,230,122,108,284,126,158,14,11,3,28,17,11,16,6,10,14,7,7,8,1,7,5,3,2,45,22,23,80,31,49,74,28,46
S01009639,560,277,283,338,172,166,222,105,117,6,4,2,35,23,12,21,10,11,11,6,5,12,5,7,7,2,5,32,13,19,58,20,38,40,22,18
S01009640,420,212,208,214,105,109,206,107,99,4,4,0,21,14,7,14,10,4,9,1,8,7,4,3,4,0,4,39,22,17,72,36,36,36,16,20
S01009641,563,265,298,309,151,158,254,114,140,10,7,3,27,14,13,16,8,8,13,7,6,11,5,6,9,4,5,47,19,28,92,38,54,29,12,17
S01009642,706,345,361,464,216,248,242,129,113,9,6,3,29,18,11,15,9,6,12,7,5,3,3,0,12,6,6,39,18,21,83,42,41,40,20,20
S01009643,419,214,205,343,183,160,76,31,45,6,4,2,7,2,5,9,3,6,8,4,4,2,1,1,3,0,3,16,6,10,12,4,8,13,7,6
S01009644,604,283,321,343,178,165,261,105,156,12,8,4,27,13,14,18,10,8,11,2,9,8,3,5,11,3,8,36,16,20,88,26,62,50,24,26
S01009645,474,214,260,277,142,135,197,72,125,6,5,1,23,11,12,11,6,5,7,2,5,12,3,9,4,2,2,35,11,24,71,22,49,28,10,18
S01009646,430,204,226,244,124,120,186,80,106,5,4,1,24,10,14,12,5,7,9,6,3,5,1,4,8,4,4,31,13,18,54,19,35,38,18,20
S01009647,424,207,217,222,116,106,202,91,111,4,2,2,18,13,5,25,12,13,11,5,6,3,3,0,3,1,2,31,14,17,75,25,50,32,16,16
S01009648,627,296,331,377,186,191,250,110,140,4,4,0,27,14,13,23,10,13,15,5,10,12,6,6,9,4,5,45,18,27,74,31,43,41,18,23
S01009649,793,376,417,445,218,227,348,158,190,12,8,4,37,23,14,22,11,11,15,7,8,15,7,8,13,7,6,69,31,38,107,38,69,58,26,32
S01009650,565,278,287,345,187,158,220,91,129,6,4,2,17,7,10,12,4,8,14,6,8,14,8,6,16,6,10,44,21,23,83,30,53,14,5,9
S01009651,682,323,359,434,224,210,248,99,149,15,8,7,30,15,15,20,9,11,11,8,3,7,1,6,14,5,9,44,18,26,84,24,60,23,11,12
S01009652,538,263,275,314,169,145,224,94,130,7,2,5,26,18,8,10,7,3,18,11,7,18,6,12,14,4,10,49,18,31,70,21,49,12,7,5
S01009653,389,185,204,273,145,128,116,40,76,2,2,0,9,3,6,7,4,3,8,2,6,4,1,3,5,1,4,21,10,11,45,14,31,15,3,12
S01009654,408,193,215,246,121,125,162,72,90,5,4,1,14,8,6,18,11,7,11,4,7,10,7,3,8,3,5,29,11,18,52,17,35,15,7,8
S01009655,641,302,339,353,167,186,288,135,153,12,10,2,33,24,9,17,7,10,17,7,10,7,3,4,10,8,2,43,22,21,98,27,71,51,27,24
S01009656,529,262,267,226,112,114,303,150,153,7,6,1,29,15,14,17,13,4,15,9,6,11,10,1,10,4,6,39,19,20,128,59,69,47,15,32
S01009657,599,306,293,379,199,180,220,107,113,8,6,2,20,10,10,21,9,12,22,13,9,12,7,5,6,2,4,34,19,15,58,23,35,39,18,21
S01009658,535,256,279,344,172,172,191,84,107,8,4,4,17,10,7,16,9,7,9,4,5,8,5,3,3,0,3,22,5,17,66,26,40,42,21,21
S01009659,384,202,182,228,124,104,156,78,78,5,1,4,19,13,6,9,6,3,9,5,4,5,3,2,5,3,2,29,16,13,45,16,29,30,15,15
S01009660,795,372,423,468,233,235,327,139,188,13,8,5,38,18,20,30,17,13,14,6,8,8,3,5,16,6,10,51,20,31,104,36,68,53,25,28
S01009661,640,332,308,443,237,206,197,95,102,10,5,5,20,12,8,15,9,6,11,5,6,10,2,8,10,6,4,25,11,14,73,30,43,23,15,8
S01009662,552,284,268,371,204,167,181,80,101,11,4,7,23,11,12,19,10,9,18,5,13,6,3,3,9,2,7,26,15,11,41,11,30,28,19,9
S01009663,492,245,247,312,155,157,180,90,90,7,4,3,27,16,11,15,8,7,12,7,5,7,5,2,8,2,6,29,11,18,47,20,27,28,17,11
S01009664,688,345,343,463,239,224,225,106,119,6,4,2,30,16,14,19,10,9,17,7,10,8,5,3,8,6,2,52,22,30,56,19,37,29,17,12
S01009665,475,234,241,309,159,150,166,75,91,6,5,1,19,13,6,12,8,4,15,9,6,8,3,5,5,2,3,31,15,16,48,10,38,22,10,12
S01009666,561,287,274,362,198,164,199,89,110,4,2,2,21,9,12,11,6,5,12,7,5,10,2,8,10,4,6,38,16,22,67,30,37,26,13,13
S01009667,384,181,203,266,137,129,118,44,74,2,0,2,21,9,12,9,5,4,8,2,6,7,4,3,3,0,3,21,8,13,39,11,28,8,5,3
S01009668,421,197,224,308,157,151,113,40,73,5,2,3,21,9,12,9,4,5,7,2,5,3,2,1,6,3,3,21,7,14,27,6,21,14,5,9
S01009669,361,176,185,229,120,109,132,56,76,3,0,3,15,11,4,9,4,5,12,8,4,7,3,4,5,1,4,23,11,12,46,11,35,12,7,5
S01009670,586,285,301,395,201,194,191,84,107,4,2,2,25,15,10,17,8,9,13,8,5,8,4,4,6,4,2,25,10,15,56,17,39,37,16,21
S01009671,485,235,250,341,177,164,144,58,86,10,5,5,22,11,11,5,3,2,8,4,4,6,1,5,3,1,2,28,7,21,36,12,24,26,14,12
S01009672,581,290,291,381,202,179,200,88,112,6,5,1,25,17,8,14,3,11,11,5,6,10,7,3,14,4,10,38,13,25,59,21,38,23,13,10
S01009673,590,296,294,379,206,173,211,90,121,5,2,3,26,18,8,13,2,11,13,9,4,13,5,8,14,6,8,40,18,22,59,21,38,28,9,19
S01009674,651,327,324,429,238,191,222,89,133,8,5,3,32,13,19,15,7,8,8,2,6,12,6,6,5,2,3,47,20,27,68,22,46,27,12,15
S01009675,682,333,349,449,230,219,233,103,130,9,5,4,31,18,13,22,8,14,15,7,8,13,5,8,18,7,11,43,21,22,49,13,36,33,19,14
S01009676,585,287,298,410,215,195,175,72,103,5,0,5,19,10,9,17,6,11,12,7,5,5,2,3,6,1,5,37,14,23,50,17,33,24,15,9
S01009677,446,217,229,306,167,139,140,50,90,6,2,4,16,5,11,17,6,11,4,1,3,2,2,0,6,3,3,28,10,18,47,16,31,14,5,9
S01009678,442,215,227,294,152,142,148,63,85,2,2,0,24,12,12,11,4,7,5,3,2,10,4,6,12,4,8,33,16,17,40,12,28,11,6,5
S01009679,676,341,335,433,233,200,243,108,135,5,1,4,21,9,12,19,14,5,13,5,8,18,8,10,14,7,7,49,21,28,67,27,40,37,16,21
S01009680,606,306,300,402,215,187,204,91,113,8,6,2,30,16,14,22,8,14,11,4,7,14,4,10,9,4,5,34,15,19,47,15,32,29,19,10
S01009681,530,280,250,320,167,153,210,113,97,7,4,3,15,7,8,16,10,6,9,3,6,9,4,5,6,2,4,16,7,9,84,47,37,48,29,19
S01009682,458,220,238,304,159,145,154,61,93,2,1,1,22,13,9,13,5,8,11,4,7,16,3,13,7,3,4,28,10,18,42,15,27,13,7,6
S01009683,608,300,308,361,182,179,247,118,129,14,8,6,43,25,18,18,8,10,10,6,4,12,5,7,7,2,5,28,15,13,57,16,41,58,33,25
S01009684,793,398,395,561,301,260,232,97,135,8,5,3,33,14,19,10,6,4,12,2,10,14,5,9,20,9,11,47,19,28,44,13,31,44,24,20
S01009685,458,226,232,282,148,134,176,78,98,9,4,5,23,10,13,19,7,12,8,5,3,7,3,4,5,2,3,33,19,14,48,14,34,24,14,10
S01009686,816,385,431,526,256,270,290,129,161,16,11,5,45,26,19,20,11,9,17,8,9,10,2,8,8,2,6,59,24,35,61,18,43,54,27,27
S01009687,523,263,260,346,195,151,177,68,109,3,1,2,21,8,13,17,5,12,15,2,13,9,4,5,7,6,1,29,12,17,50,16,34,26,14,12
S01009688,636,291,345,359,177,182,277,114,163,12,10,2,42,25,17,27,6,21,14,5,9,4,2,2,12,3,9,37,14,23,67,23,44,62,26,36
S01009689,452,215,237,306,151,155,146,64,82,11,7,4,34,15,19,11,4,7,4,1,3,6,3,3,5,1,4,19,6,13,27,10,17,29,17,12
S01009690,531,257,274,354,172,182,177,85,92,6,3,3,28,19,9,5,2,3,13,11,2,10,3,7,6,3,3,29,11,18,54,19,35,26,14,12
S01009691,424,202,222,281,140,141,143,62,81,5,3,2,20,12,8,13,3,10,10,3,7,5,2,3,9,4,5,25,9,16,33,12,21,23,14,9
S01009692,750,361,389,451,235,216,299,126,173,14,8,6,33,16,17,20,13,7,13,8,5,16,5,11,17,10,7,58,25,33,102,26,76,26,15,11
S01009693,461,231,230,301,153,148,160,78,82,3,3,0,27,15,12,13,7,6,6,3,3,8,1,7,8,5,3,30,16,14,44,15,29,21,13,8
S01009694,694,321,373,428,213,215,266,108,158,5,2,3,17,8,9,16,10,6,17,7,10,17,8,9,22,10,12,49,24,25,97,28,69,26,11,15
S01009695,463,216,247,294,154,140,169,62,107,4,2,2,21,6,15,11,4,7,20,8,12,14,8,6,7,4,3,34,14,20,47,9,38,11,7,4
S01009696,698,325,373,461,229,232,237,96,141,7,1,6,34,15,19,19,9,10,16,6,10,13,6,7,14,6,8,39,21,18,64,19,45,31,13,18
S01009697,525,268,257,349,189,160,176,79,97,7,5,2,23,14,9,17,9,8,8,4,4,6,1,5,8,5,3,35,14,21,61,22,39,11,5,6
S01009698,458,229,229,307,160,147,151,69,82,8,7,1,32,18,14,8,2,6,5,2,3,9,4,5,8,4,4,32,13,19,32,12,20,17,7,10
S01009699,330,173,157,168,99,69,162,74,88,2,0,2,25,11,14,10,10,0,6,4,2,11,4,7,7,4,3,28,15,13,58,19,39,15,7,8
S01009700,488,230,258,302,153,149,186,77,109,7,3,4,30,18,12,11,9,2,9,1,8,13,5,8,9,1,8,30,12,18,53,16,37,24,12,12
S01009701,286,138,148,152,79,73,134,59,75,4,2,2,13,9,4,8,2,6,8,5,3,5,2,3,4,2,2,21,10,11,59,22,37,12,5,7
S01009702,472,253,219,316,183,133,156,70,86,2,1,1,34,17,17,10,7,3,11,6,5,4,3,1,1,1,0,27,9,18,51,18,33,16,8,8
S01009703,414,192,222,257,131,126,157,61,96,8,6,2,19,9,10,16,4,12,11,2,9,11,6,5,8,4,4,23,7,16,52,19,33,9,4,5
S01009704,706,339,367,448,231,217,258,108,150,12,5,7,32,17,15,16,10,6,16,9,7,13,4,9,6,3,3,44,17,27,98,36,62,21,7,14
S01009705,549,286,263,364,196,168,185,90,95,6,4,2,21,13,8,15,11,4,10,4,6,16,7,9,10,5,5,28,15,13,60,19,41,19,12,7
S01009706,440,230,210,286,156,130,154,74,80,7,5,2,27,17,10,12,5,7,6,3,3,5,2,3,5,2,3,24,14,10,50,15,35,18,11,7
S01009707,359,177,182,255,125,130,104,52,52,4,3,1,16,8,8,7,2,5,6,4,2,6,3,3,3,2,1,20,9,11,23,10,13,19,11,8
S01009708,442,208,234,264,140,124,178,68,110,12,3,9,19,10,9,9,4,5,8,4,4,12,3,9,8,2,6,37,16,21,60,18,42,13,8,5
S01009709,618,305,313,368,199,169,250,106,144,8,4,4,30,14,16,26,14,12,14,7,7,10,2,8,8,6,2,45,15,30,89,30,59,20,14,6
S01009710,406,205,201,282,154,128,124,51,73,3,1,2,14,7,7,12,6,6,8,4,4,7,1,6,6,3,3,15,6,9,40,11,29,19,12,7
S01009711,549,276,273,346,182,164,203,94,109,5,3,2,24,12,12,21,16,5,9,6,3,9,3,6,9,1,8,42,22,20,51,15,36,33,16,17
S01009712,456,230,226,267,145,122,189,85,104,11,5,6,31,16,15,9,2,7,6,3,3,16,10,6,3,1,2,40,18,22,52,18,34,21,12,9
S01009713,653,306,347,361,183,178,292,123,169,5,1,4,34,13,21,21,14,7,10,6,4,7,2,5,11,4,7,59,28,31,112,37,75,33,18,15
S01009714,662,321,341,384,213,171,278,108,170,13,7,6,39,15,24,22,12,10,13,3,10,16,6,10,15,8,7,57,22,35,83,26,57,20,9,11
S01009715,500,260,240,320,185,135,180,75,105,2,1,1,28,10,18,11,3,8,6,3,3,6,1,5,8,2,6,36,20,16,64,20,44,19,15,4
S01009716,532,247,285,283,148,135,249,99,150,11,8,3,60,21,39,19,8,11,21,9,12,11,1,10,11,6,5,25,11,14,60,21,39,31,14,17
S01009717,858,382,476,305,135,170,553,247,306,44,17,27,167,73,94,45,17,28,23,12,11,12,6,6,16,7,9,37,20,17,40,12,28,169,83,86
S01009718,563,277,286,319,158,161,244,119,125,15,7,8,63,28,35,25,16,9,15,7,8,11,7,4,4,2,2,28,13,15,34,10,24,49,29,20
S01009719,571,267,304,345,168,177,226,99,127,8,4,4,50,27,23,25,15,10,17,2,15,11,5,6,10,2,8,31,11,20,43,14,29,31,19,12
S01009720,611,283,328,341,177,164,270,106,164,9,4,5,73,30,43,32,14,18,11,5,6,8,2,6,11,6,5,34,14,20,60,16,44,32,15,17
S01009721,551,248,303,154,74,80,397,174,223,37,11,26,166,71,95,34,15,19,19,12,7,10,6,4,0,0,0,5,4,1,4,1,3,122,54,68
S01009722,1012,448,564,269,129,140,743,319,424,48,15,33,298,133,165,50,27,23,21,8,13,3,2,1,9,5,4,24,12,12,42,14,28,248,103,145
S01009723,703,317,386,197,82,115,506,235,271,27,14,13,200,96,104,42,22,20,21,7,14,16,6,10,8,4,4,12,6,6,24,8,16,156,72,84
S01009724,813,399,414,360,181,179,453,218,235,44,17,27,134,73,61,31,18,13,26,14,12,14,5,9,12,8,4,40,20,20,49,19,30,103,44,59
S01009725,627,279,348,206,92,114,421,187,234,23,11,12,193,88,105,26,10,16,10,3,7,12,7,5,4,1,3,17,8,9,26,10,16,110,49,61
S01009726,988,403,585,220,98,122,768,305,463,49,17,32,304,125,179,48,17,31,28,16,12,5,0,5,1,1,0,14,7,7,11,5,6,308,117,191
S01009727,635,322,313,375,202,173,260,120,140,19,6,13,50,30,20,13,8,5,20,8,12,13,4,9,9,3,6,41,19,22,55,18,37,40,24,16
S01009728,562,280,282,353,188,165,209,92,117,9,3,6,31,15,16,13,10,3,17,6,11,15,9,6,8,4,4,27,9,18,62,20,42,27,16,11
S01009729,454,224,230,264,142,122,190,82,108,5,3,2,29,14,15,14,6,8,13,7,6,10,5,5,5,4,1,39,18,21,55,15,40,20,10,10
S01009730,423,215,208,256,134,122,167,81,86,13,9,4,45,17,28,14,8,6,6,3,3,6,3,3,8,3,5,16,7,9,34,18,16,25,13,12
S01009731,410,176,234,184,94,90,226,82,144,12,2,10,42,13,29,22,9,13,17,9,8,17,8,9,8,2,6,38,18,20,49,12,37,21,9,12
S01009732,661,306,355,259,126,133,402,180,222,30,12,18,149,57,92,33,18,15,23,11,12,8,3,5,8,6,2,18,8,10,46,15,31,87,50,37
S01009733,397,195,202,251,128,123,146,67,79,7,4,3,20,12,8,15,7,8,12,5,7,9,6,3,5,3,2,26,11,15,36,11,25,16,8,8
S01009734,653,328,325,441,224,217,212,104,108,12,5,7,37,24,13,12,7,5,10,4,6,12,4,8,10,6,4,30,16,14,57,20,37,32,18,14
S01009735,975,449,526,305,156,149,670,293,377,20,11,9,174,90,84,49,23,26,21,11,10,17,10,7,6,3,3,47,25,22,75,24,51,261,96,165
S01009736,2500,1113,1387,303,125,178,2197,988,1209,112,43,69,838,358,480,119,54,65,40,20,20,17,5,12,9,6,3,30,19,11,34,11,23,998,472,526
S01009737,590,284,306,419,226,193,171,58,113,11,5,6,31,8,23,20,7,13,7,2,5,20,7,13,6,3,3,24,9,15,37,9,28,15,8,7
S01009738,343,168,175,248,130,118,95,38,57,4,3,1,18,10,8,8,0,8,7,2,5,6,3,3,5,3,2,15,6,9,21,4,17,11,7,4
S01009739,566,290,276,431,236,195,135,54,81,7,3,4,21,10,11,21,7,14,13,5,8,1,0,1,10,6,4,17,4,13,18,5,13,27,14,13
S01009740,402,204,198,249,125,124,153,79,74,5,3,2,18,13,5,14,10,4,16,8,8,6,2,4,6,0,6,24,10,14,38,17,21,26,16,10
S01009741,681,459,222,578,444,134,103,15,88,6,2,4,24,3,21,13,2,11,8,0,8,10,1,9,10,0,10,12,3,9,8,1,7,12,3,9
S01009742,391,199,192,249,138,111,142,61,81,8,4,4,19,11,8,8,2,6,11,8,3,7,2,5,5,1,4,26,10,16,43,14,29,15,9,6
S01009743,694,341,353,447,235,212,247,106,141,7,3,4,33,13,20,18,10,8,12,7,5,14,7,7,11,3,8,55,26,29,76,26,50,21,11,10
S01009744,536,251,285,345,174,171,191,77,114,12,5,7,17,8,9,11,6,5,15,6,9,9,3,6,13,5,8,38,18,20,53,12,41,23,14,9
S01009745,803,381,422,548,268,280,255,113,142,10,5,5,29,14,15,27,11,16,17,11,6,13,4,9,14,5,9,49,25,24,68,24,44,28,14,14
S01009746,431,215,216,291,154,137,140,61,79,4,3,1,18,11,7,13,6,7,8,4,4,9,4,5,11,5,6,18,8,10,40,14,26,19,6,13
S01009747,506,244,262,338,166,172,168,78,90,9,6,3,19,9,10,14,8,6,12,7,5,10,3,7,6,4,2,40,18,22,37,12,25,21,11,10
S01009748,550,261,289,346,170,176,204,91,113,6,4,2,23,12,11,6,3,3,23,9,14,8,3,5,14,6,8,47,22,25,60,22,38,17,10,7
S01009749,721,345,376,477,245,232,244,100,144,9,3,6,38,19,19,18,9,9,13,8,5,7,2,5,5,4,1,46,22,24,70,20,50,38,13,25
S01009750,488,233,255,330,169,161,158,64,94,6,3,3,24,11,13,19,9,10,10,5,5,7,2,5,5,1,4,27,14,13,45,13,32,15,6,9
S01009751,627,296,331,421,213,208,206,83,123,6,1,5,24,8,16,21,13,8,20,8,12,11,4,7,5,3,2,41,16,25,50,17,33,28,13,15
S01009752,438,210,228,297,147,150,141,63,78,4,1,3,22,11,11,14,6,8,5,2,3,5,3,2,6,2,4,26,10,16,43,18,25,16,10,6
S01009753,461,228,233,295,149,146,166,79,87,3,3,0,25,15,10,9,5,4,11,6,5,11,5,6,10,6,4,37,14,23,40,15,25,20,10,10
S01009754,603,292,311,372,188,184,231,104,127,10,5,5,28,16,12,19,7,12,13,5,8,8,3,5,13,5,8,39,16,23,55,24,31,46,23,23
S01009755,495,245,250,333,176,157,162,69,93,12,7,5,31,14,17,13,3,10,12,4,8,2,1,1,2,2,0,28,6,22,33,17,16,29,15,14
S01009756,566,263,303,359,172,187,207,91,116,9,2,7,17,12,5,21,7,14,8,6,2,10,3,7,6,4,2,40,17,23,58,20,38,38,20,18
S01009757,495,237,258,311,153,158,184,84,100,5,3,2,15,7,8,18,9,9,10,7,3,7,4,3,10,5,5,39,20,19,52,15,37,28,14,14
S01009758,447,214,233,332,160,172,115,54,61,7,2,5,18,11,7,6,2,4,5,3,2,6,5,1,6,2,4,14,6,8,30,9,21,23,14,9
S01009759,661,270,391,323,146,177,338,124,214,15,11,4,46,22,24,23,10,13,21,2,19,13,3,10,20,10,10,42,13,29,55,20,35,103,33,70
S01009760,615,270,345,318,150,168,297,120,177,15,3,12,33,21,12,31,15,16,11,2,9,14,6,8,9,6,3,38,21,17,77,19,58,69,27,42
S01009761,699,322,377,464,231,233,235,91,144,10,5,5,22,11,11,16,5,11,13,6,7,12,6,6,8,5,3,38,16,22,61,16,45,55,21,34
S01009762,711,331,380,350,167,183,361,164,197,6,3,3,58,25,33,34,16,18,26,17,9,9,5,4,6,3,3,38,16,22,96,42,54,88,37,51
S01009763,572,282,290,417,220,197,155,62,93,7,5,2,19,10,9,21,11,10,7,3,4,7,1,6,6,2,4,14,3,11,26,6,20,48,21,27
S01009764,483,223,260,276,122,154,207,101,106,7,4,3,29,18,11,12,5,7,13,7,6,12,5,7,7,5,2,20,13,7,59,22,37,48,22,26
S01009765,668,318,350,442,229,213,226,89,137,8,4,4,24,12,12,18,10,8,15,7,8,7,2,5,2,0,2,29,8,21,66,26,40,57,20,37
S01009766,445,218,227,338,173,165,107,45,62,0,0,0,17,5,12,10,6,4,8,5,3,4,1,3,8,4,4,10,2,8,25,8,17,25,14,11
S01009767,413,200,213,198,95,103,215,105,110,9,6,3,28,20,8,8,6,2,4,3,1,6,2,4,10,4,6,24,9,15,67,28,39,59,27,32
S01009768,456,212,244,294,140,154,162,72,90,3,3,0,21,11,10,14,5,9,20,5,15,6,4,2,5,1,4,12,7,5,40,16,24,41,20,21
S01009769,491,220,271,374,175,199,117,45,72,5,1,4,18,5,13,12,5,7,7,2,5,5,3,2,3,1,2,11,5,6,36,15,21,20,8,12
S01009770,545,274,271,353,186,167,192,88,104,7,6,1,24,13,11,13,10,3,7,3,4,4,2,2,5,1,4,24,10,14,39,13,26,69,30,39
S01009771,652,307,345,441,229,212,211,78,133,13,6,7,27,20,7,11,4,7,7,4,3,14,3,11,4,0,4,30,11,19,36,13,23,69,17,52
S01009772,488,228,260,354,172,182,134,56,78,5,3,2,31,14,17,13,6,7,8,3,5,1,0,1,6,2,4,11,7,4,39,12,27,20,9,11
S01009773,415,213,202,280,160,120,135,53,82,4,3,1,19,10,9,8,3,5,11,3,8,4,1,3,5,3,2,11,1,10,10,2,8,63,27,36
S01009774,353,169,184,264,140,124,89,29,60,7,4,3,8,2,6,5,3,2,2,2,0,3,0,3,1,1,0,7,1,6,9,3,6,47,13,34
S01009775,631,285,346,276,136,140,355,149,206,9,5,4,28,12,16,30,14,16,12,8,4,12,3,9,4,2,2,43,17,26,115,49,66,102,39,63
S01009776,470,192,278,206,80,126,264,112,152,13,8,5,28,8,20,18,12,6,18,9,9,6,1,5,6,1,5,31,13,18,78,30,48,66,30,36
S01009777,366,194,172,219,114,105,147,80,67,3,2,1,15,11,4,11,5,6,7,7,0,2,1,1,4,4,0,22,13,9,49,20,29,34,17,17
S01009778,623,301,322,248,119,129,375,182,193,9,6,3,34,19,15,15,5,10,23,16,7,12,6,6,14,7,7,46,21,25,157,69,88,65,33,32
S01009779,375,168,207,169,77,92,206,91,115,7,2,5,28,16,12,18,8,10,8,2,6,4,1,3,7,1,6,27,9,18,66,30,36,41,22,19
S01009780,435,183,252,203,87,116,232,96,136,7,2,5,18,8,10,25,12,13,12,6,6,9,2,7,10,4,6,12,3,9,55,19,36,84,40,44
S01009781,392,175,217,199,96,103,193,79,114,2,1,1,14,6,8,11,6,5,12,3,9,5,1,4,6,2,4,14,4,10,76,27,49,53,29,24
S01009782,392,187,205,262,141,121,130,46,84,3,0,3,15,7,8,9,4,5,2,1,1,9,3,6,2,0,2,15,4,11,36,14,22,39,13,26
S01009783,544,231,313,306,136,170,238,95,143,9,3,6,21,6,15,19,11,8,12,5,7,11,2,9,7,4,3,15,5,10,71,29,42,73,30,43
S01009784,559,255,304,251,114,137,308,141,167,8,4,4,27,13,14,24,10,14,18,10,8,10,6,4,6,2,4,34,18,16,112,40,72,69,38,31
S01009785,588,257,331,286,124,162,302,133,169,17,11,6,22,13,9,12,7,5,8,4,4,10,1,9,4,2,2,20,11,9,119,45,74,90,39,51
S01009786,684,318,366,317,145,172,367,173,194,12,7,5,31,12,19,30,23,7,23,10,13,16,9,7,11,3,8,45,20,25,119,56,63,80,33,47
S01009787,642,296,346,308,144,164,334,152,182,7,5,2,33,22,11,16,11,5,18,8,10,13,8,5,3,2,1,29,9,20,133,52,81,82,35,47
S01009788,600,281,319,334,164,170,266,117,149,8,7,1,24,14,10,14,8,6,12,4,8,6,0,6,7,4,3,38,18,20,111,44,67,46,18,28
S01009789,648,290,358,346,161,185,302,129,173,17,7,10,32,26,6,16,7,9,17,5,12,4,1,3,9,6,3,42,14,28,114,41,73,51,22,29
S01009790,468,220,248,285,138,147,183,82,101,6,3,3,22,14,8,12,4,8,14,3,11,3,1,2,10,7,3,21,10,11,53,18,35,42,22,20
S01009791,478,215,263,228,107,121,250,108,142,10,4,6,20,9,11,23,18,5,11,4,7,7,3,4,5,3,2,27,6,21,78,33,45,69,28,41
S01009792,706,353,353,527,279,248,179,74,105,8,3,5,21,12,9,18,11,7,7,5,2,2,1,1,5,0,5,19,4,15,20,4,16,79,34,45
S01009793,684,329,355,440,218,222,244,111,133,10,4,6,28,12,16,20,10,10,18,12,6,14,6,8,8,5,3,44,25,19,73,25,48,29,12,17
S01009794,387,180,207,338,164,174,49,16,33,3,1,2,5,1,4,6,5,1,3,0,3,2,2,0,0,0,0,11,2,9,11,3,8,8,2,6
S01009795,632,295,337,497,247,250,135,48,87,9,6,3,20,8,12,13,5,8,5,2,3,8,2,6,4,3,1,11,4,7,28,5,23,37,13,24
S01009796,565,274,291,399,208,191,166,66,100,8,3,5,14,5,9,15,5,10,8,5,3,6,1,5,7,4,3,23,8,15,51,21,30,34,14,20
S01009797,590,293,297,429,218,211,161,75,86,13,9,4,21,9,12,11,8,3,9,3,6,7,2,5,4,1,3,20,13,7,35,10,25,41,20,21
S01009798,538,254,284,421,206,215,117,48,69,8,4,4,22,13,9,13,3,10,4,1,3,5,2,3,2,0,2,12,3,9,22,3,19,29,19,10
S01009799,600,271,329,292,136,156,308,135,173,11,5,6,29,12,17,26,16,10,2,2,0,18,9,9,7,4,3,49,22,27,95,33,62,71,32,39
S01009800,807,370,437,465,211,254,342,159,183,16,10,6,36,19,17,22,15,7,14,9,5,8,2,6,7,3,4,41,24,17,106,42,64,92,35,57
S01009801,640,292,348,320,161,159,320,131,189,15,12,3,31,14,17,24,14,10,14,6,8,11,5,6,8,2,6,41,17,24,102,31,71,74,30,44
S01009802,735,324,411,450,213,237,285,111,174,8,4,4,33,16,17,29,11,18,14,5,9,7,4,3,13,5,8,23,10,13,74,24,50,84,32,52
S01009803,576,262,314,284,120,164,292,142,150,10,7,3,24,16,8,21,9,12,20,13,7,13,6,7,14,3,11,37,15,22,70,25,45,83,48,35
S01009804,427,245,182,269,132,137,158,113,45,6,1,5,4,2,2,11,8,3,9,7,2,5,2,3,1,0,1,18,12,6,41,31,10,63,50,13
S01009805,696,319,377,364,170,194,332,149,183,11,8,3,37,18,19,37,13,24,10,4,6,8,4,4,4,1,3,34,15,19,97,40,57,94,46,48
S01009806,605,284,321,356,166,190,249,118,131,12,6,6,34,16,18,18,12,6,9,3,6,8,4,4,3,0,3,40,16,24,87,40,47,38,21,17
S01009807,727,341,386,430,209,221,297,132,165,8,2,6,37,19,18,32,13,19,8,5,3,11,8,3,8,3,5,59,27,32,57,22,35,77,33,44
S01009808,637,309,328,314,154,160,323,155,168,15,10,5,36,26,10,34,19,15,17,12,5,13,10,3,12,3,9,37,14,23,54,21,33,105,40,65
S01009809,509,242,267,339,172,167,170,70,100,7,3,4,16,8,8,13,6,7,11,2,9,12,5,7,5,2,3,26,7,19,50,19,31,30,18,12
S01009810,596,276,320,293,132,161,303,144,159,11,7,4,46,29,17,15,7,8,13,3,10,9,2,7,11,7,4,44,21,23,100,45,55,54,23,31
S01009811,793,374,419,404,198,206,389,176,213,11,8,3,38,23,15,22,12,10,14,7,7,12,5,7,10,6,4,49,22,27,146,52,94,87,41,46
S01009812,538,256,282,293,152,141,245,104,141,10,6,4,25,14,11,16,7,9,15,5,10,6,2,4,9,6,3,43,15,28,78,24,54,43,25,18
S01009813,494,212,282,220,99,121,274,113,161,13,5,8,16,7,9,17,10,7,9,6,3,8,4,4,6,3,3,22,6,16,67,26,41,116,46,70
S01009814,614,304,310,360,190,170,254,114,140,12,6,6,27,18,9,18,12,6,18,6,12,8,4,4,13,5,8,29,10,19,77,32,45,52,21,31
S01009815,547,259,288,362,171,191,185,88,97,5,0,5,32,18,14,9,5,4,6,1,5,4,3,1,4,2,2,31,17,14,56,25,31,38,17,21
S01009816,545,248,297,393,184,209,152,64,88,8,5,3,15,5,10,25,7,18,7,2,5,4,1,3,9,3,6,24,14,10,30,11,19,30,16,14
S01009817,486,231,255,288,139,149,198,92,106,9,6,3,20,9,11,17,12,5,8,1,7,3,1,2,4,2,2,31,17,14,72,27,45,34,17,17
S01009818,716,340,376,407,201,206,309,139,170,13,11,2,37,22,15,25,15,10,23,15,8,11,7,4,12,5,7,63,22,41,91,25,66,34,17,17
S01009819,456,222,234,250,117,133,206,105,101,8,5,3,29,13,16,15,9,6,4,3,1,3,2,1,11,7,4,31,17,14,83,39,44,22,10,12
S01009820,686,320,366,428,217,211,258,103,155,3,2,1,22,12,10,17,10,7,11,5,6,14,6,8,5,3,2,43,14,29,94,31,63,49,20,29
S01009821,490,231,259,322,161,161,168,70,98,10,4,6,19,12,7,15,8,7,6,1,5,6,1,5,8,3,5,18,9,9,54,19,35,32,13,19
S01009822,334,155,179,208,105,103,126,50,76,6,2,4,14,6,8,9,2,7,6,3,3,6,1,5,6,2,4,7,4,3,49,17,32,23,13,10
S01009823,501,219,282,258,113,145,243,106,137,10,7,3,29,11,18,20,8,12,13,5,8,12,3,9,9,3,6,24,11,13,61,23,38,65,35,30
S01009824,594,282,312,366,181,185,228,101,127,16,7,9,24,9,15,16,4,12,10,7,3,9,4,5,5,0,5,34,14,20,63,25,38,51,31,20
S01009825,723,331,392,415,192,223,308,139,169,10,5,5,53,31,22,16,9,7,10,8,2,4,2,2,9,1,8,37,14,23,94,33,61,75,36,39
S01009826,402,180,222,215,100,115,187,80,107,11,5,6,22,12,10,18,12,6,4,2,2,6,1,5,5,2,3,12,6,6,69,25,44,40,15,25
S01009827,624,275,349,332,156,176,292,119,173,10,8,2,26,16,10,16,7,9,9,2,7,8,5,3,17,3,14,38,13,25,107,42,65,61,23,38
S01009828,551,248,303,241,108,133,310,140,170,16,12,4,25,13,12,23,17,6,4,2,2,10,5,5,9,5,4,46,17,29,110,45,65,67,24,43
S01009829,712,345,367,444,216,228,268,129,139,8,6,2,42,23,19,17,9,8,19,12,7,9,8,1,10,4,6,42,20,22,63,23,40,58,24,34
S01009830,576,273,303,362,177,185,214,96,118,6,2,4,28,15,13,19,8,11,9,5,4,8,2,6,12,1,11,28,17,11,62,22,40,42,24,18
S01009831,560,263,297,409,192,217,151,71,80,13,6,7,20,12,8,16,11,5,12,3,9,3,2,1,11,6,5,22,11,11,21,4,17,33,16,17
S01009832,717,307,410,468,220,248,249,87,162,15,7,8,35,13,22,22,9,13,16,8,8,8,4,4,6,3,3,44,15,29,69,18,51,34,10,24
S01009833,441,208,233,298,140,158,143,68,75,3,2,1,20,13,7,11,6,5,7,1,6,6,1,5,8,3,5,16,9,7,37,16,21,35,17,18
S01009834,606,254,352,395,167,228,211,87,124,6,5,1,24,9,15,13,7,6,9,3,6,7,3,4,10,4,6,30,14,16,62,23,39,50,19,31
S01009835,376,159,217,212,91,121,164,68,96,4,1,3,13,6,7,16,10,6,5,1,4,2,0,2,5,4,1,25,7,18,62,25,37,32,14,18
S01009836,723,349,374,451,231,220,272,118,154,5,2,3,35,19,16,19,14,5,14,5,9,4,0,4,8,2,6,46,18,28,77,24,53,64,34,30
S01009837,481,227,254,275,128,147,206,99,107,4,2,2,22,10,12,9,4,5,14,10,4,7,5,2,3,2,1,21,8,13,85,37,48,41,21,20
S01009838,563,253,310,319,146,173,244,107,137,4,2,2,31,20,11,19,10,9,7,3,4,9,4,5,8,4,4,50,17,33,67,26,41,49,21,28
S01009839,795,372,423,419,185,234,376,187,189,19,7,12,54,27,27,56,35,21,14,8,6,12,6,6,11,4,7,41,18,23,91,49,42,78,33,45
S01009840,731,346,385,386,184,202,345,162,183,9,6,3,41,24,17,18,7,11,13,8,5,7,3,4,9,3,6,61,29,32,123,47,76,64,35,29
S01009841,651,345,306,340,174,166,311,171,140,6,2,4,52,29,23,21,13,8,18,8,10,13,7,6,14,7,7,30,18,12,82,40,42,75,47,28
S01009842,511,248,263,257,122,135,254,126,128,12,11,1,29,20,9,21,11,10,21,11,10,3,1,2,5,2,3,17,9,8,50,24,26,96,37,59
S01009843,467,240,227,187,92,95,280,148,132,6,2,4,31,18,13,18,11,7,16,11,5,9,4,5,8,5,3,33,13,20,76,39,37,83,45,38
S01009844,426,231,195,184,106,78,242,125,117,18,7,11,24,13,11,23,10,13,10,4,6,7,4,3,3,2,1,15,10,5,68,41,27,74,34,40
S01009845,603,323,280,311,175,136,292,148,144,14,7,7,45,26,19,33,20,13,21,10,11,12,7,5,5,2,3,24,17,7,32,22,10,106,37,69
S01009846,691,340,351,362,176,186,329,164,165,14,10,4,38,24,14,29,14,15,17,10,7,9,4,5,15,9,6,37,15,22,91,50,41,79,28,51
S01009847,452,201,251,272,118,154,180,83,97,9,5,4,35,16,19,19,10,9,9,4,5,4,2,2,3,3,0,16,4,12,44,22,22,41,17,24
S01009848,666,310,356,345,160,185,321,150,171,7,4,3,24,13,11,31,17,14,13,6,7,6,2,4,6,4,2,37,18,19,93,37,56,104,49,55
S01009849,518,243,275,298,146,152,220,97,123,8,4,4,15,7,8,13,7,6,11,4,7,4,2,2,6,1,5,29,14,15,98,39,59,36,19,17
S01009850,654,339,315,393,209,184,261,130,131,15,10,5,20,13,7,17,11,6,13,9,4,20,12,8,5,2,3,30,11,19,94,41,53,47,21,26
S01009851,595,285,310,337,155,182,258,130,128,5,4,1,14,10,4,15,5,10,13,9,4,10,5,5,8,2,6,32,18,14,122,56,66,39,21,18
S01009852,416,189,227,237,116,121,179,73,106,10,2,8,11,5,6,10,6,4,10,6,4,7,4,3,7,4,3,13,7,6,65,24,41,46,15,31
S01009853,592,267,325,336,159,177,256,108,148,10,4,6,36,17,19,23,12,11,13,6,7,10,2,8,7,5,2,27,12,15,79,28,51,51,22,29
S01009854,657,299,358,386,170,216,271,129,142,11,6,5,19,10,9,28,16,12,9,7,2,5,3,2,5,1,4,40,12,28,99,47,52,55,27,28
S01009855,426,208,218,285,144,141,141,64,77,9,4,5,14,9,5,8,4,4,7,4,3,5,1,4,5,3,2,21,11,10,42,15,27,30,13,17
S01009856,460,185,275,244,111,133,216,74,142,7,2,5,19,9,10,19,7,12,9,3,6,7,3,4,4,0,4,32,9,23,63,22,41,56,19,37
S01009857,629,296,333,380,194,186,249,102,147,10,7,3,26,14,12,16,6,10,14,7,7,9,5,4,6,1,5,25,12,13,96,29,67,47,21,26
S01009858,550,246,304,341,160,181,209,86,123,9,4,5,30,13,17,13,7,6,8,2,6,8,2,6,3,1,2,26,11,15,69,26,43,43,20,23
S01009859,806,392,414,334,160,174,472,232,240,15,5,10,42,25,17,43,23,20,24,16,8,19,12,7,6,1,5,44,31,13,172,78,94,107,41,66
S01009860,715,347,368,282,129,153,433,218,215,19,9,10,49,28,21,26,17,9,27,11,16,21,12,9,9,6,3,47,24,23,134,73,61,101,38,63
S01009861,802,416,386,378,196,182,424,220,204,23,12,11,50,31,19,21,13,8,18,8,10,20,11,9,12,8,4,48,20,28,89,49,40,143,68,75
S01009862,866,454,412,452,229,223,414,225,189,26,16,10,64,32,32,40,25,15,19,15,4,6,1,5,6,3,3,50,28,22,119,66,53,84,39,45
S01009863,662,374,288,370,212,158,292,162,130,18,15,3,43,27,16,24,15,9,15,11,4,10,3,7,5,2,3,27,12,15,61,36,25,89,41,48
S01009864,494,266,228,278,164,114,216,102,114,15,9,6,33,12,21,7,4,3,10,6,4,5,1,4,7,4,3,15,7,8,39,16,23,85,43,42
S01009865,375,193,182,226,125,101,149,68,81,2,1,1,26,18,8,5,3,2,7,4,3,6,4,2,3,0,3,15,4,11,43,24,19,42,10,32
S01009866,723,350,373,460,231,229,263,119,144,12,7,5,40,18,22,15,10,5,10,8,2,8,3,5,6,4,2,31,16,15,73,24,49,68,29,39
S01009867,877,500,377,651,372,279,226,128,98,11,5,6,33,20,13,10,7,3,13,10,3,5,2,3,12,6,6,30,14,16,56,29,27,56,35,21
S01009868,558,309,249,380,220,160,178,89,89,15,8,7,38,26,12,10,6,4,5,2,3,5,3,2,5,3,2,16,10,6,33,16,17,51,15,36
S01009869,455,279,176,294,176,118,161,103,58,9,6,3,31,22,9,13,10,3,10,6,4,7,4,3,4,2,2,9,5,4,13,10,3,65,38,27
S01009870,481,272,209,268,169,99,213,103,110,11,4,7,24,18,6,10,5,5,10,6,4,9,6,3,4,3,1,16,5,11,43,23,20,86,33,53
S01009871,719,371,348,361,188,173,358,183,175,14,9,5,29,13,16,25,10,15,15,6,9,9,7,2,5,3,2,59,32,27,112,57,55,90,46,44
S01009872,580,328,252,359,211,148,221,117,104,12,7,5,39,26,13,20,15,5,19,16,3,2,1,1,3,2,1,19,10,9,37,20,17,70,20,50
S01009873,684,370,314,389,211,178,295,159,136,11,6,5,30,19,11,23,14,9,22,9,13,4,3,1,3,1,2,27,17,10,91,57,34,84,33,51
S01009874,782,393,389,440,225,215,342,168,174,15,8,7,41,23,18,34,16,18,24,12,12,19,4,15,8,3,5,45,19,26,99,49,50,57,34,23
S01009875,504,251,253,234,142,92,270,109,161,9,4,5,36,17,19,8,3,5,10,4,6,5,2,3,9,4,5,20,8,12,32,12,20,141,55,86
S01009876,506,255,251,216,110,106,290,145,145,10,6,4,34,19,15,21,15,6,18,7,11,6,3,3,2,0,2,32,14,18,37,14,23,130,67,63
S01009877,684,324,360,411,221,190,273,103,170,11,2,9,30,15,15,20,10,10,18,6,12,6,3,3,4,1,3,31,15,16,51,16,35,102,35,67
S01009878,517,287,230,258,177,81,259,110,149,6,2,4,23,18,5,15,6,9,8,3,5,10,6,4,7,2,5,15,8,7,36,17,19,139,48,91
S01009879,661,326,335,434,231,203,227,95,132,15,6,9,26,16,10,11,4,7,11,5,6,8,5,3,15,7,8,32,13,19,43,13,30,66,26,40
S01009880,568,283,285,309,183,126,259,100,159,10,7,3,34,18,16,13,7,6,3,3,0,5,1,4,8,4,4,28,12,16,26,10,16,132,38,94
S01009881,391,214,177,222,149,73,169,65,104,5,3,2,13,6,7,7,5,2,6,0,6,6,2,4,3,2,1,6,3,3,11,2,9,112,42,70
S01009882,925,512,413,691,403,288,234,109,125,13,8,5,44,21,23,24,17,7,9,4,5,11,6,5,3,1,2,13,7,6,37,18,19,80,27,53
S01009883,590,315,275,316,204,112,274,111,163,10,7,3,31,14,17,17,9,8,8,6,2,9,3,6,2,1,1,21,10,11,28,17,11,148,44,104
S01009884,615,312,303,380,226,154,235,86,149,10,5,5,29,11,18,15,7,8,12,4,8,5,2,3,4,2,2,16,10,6,32,14,18,112,31,81
S01009885,621,306,315,326,193,133,295,113,182,12,2,10,36,18,18,19,12,7,12,2,10,7,3,4,8,4,4,12,5,7,36,16,20,153,51,102
S01009886,571,303,268,291,179,112,280,124,156,4,2,2,22,13,9,8,6,2,6,3,3,4,1,3,5,4,1,24,10,14,45,27,18,162,58,104
S01009887,749,441,308,384,228,156,365,213,152,13,13,0,54,38,16,29,18,11,12,9,3,19,13,6,8,7,1,20,15,5,65,31,34,145,69,76
S01009888,506,269,237,279,181,98,227,88,139,6,4,2,31,15,16,14,5,9,11,3,8,6,3,3,4,1,3,23,11,12,29,15,14,103,31,72
S01009889,601,333,268,333,203,130,268,130,138,8,5,3,31,16,15,11,6,5,9,4,5,10,7,3,4,1,3,26,9,17,44,21,23,125,61,64
S01009890,419,231,188,207,123,84,212,108,104,4,4,0,22,12,10,10,5,5,11,8,3,10,4,6,3,0,3,33,21,12,52,25,27,67,29,38
S01009891,577,311,266,327,179,148,250,132,118,5,4,1,38,30,8,19,13,6,9,6,3,14,4,10,13,10,3,31,18,13,63,29,34,58,18,40
S01009892,675,361,314,332,179,153,343,182,161,17,8,9,42,30,12,13,5,8,10,2,8,6,6,0,12,8,4,29,18,11,105,52,53,109,53,56
S01009893,650,373,277,396,243,153,254,130,124,10,7,3,46,32,14,28,26,2,8,3,5,6,3,3,6,3,3,14,8,6,40,20,20,96,28,68
S01009894,623,313,310,302,174,128,321,139,182,7,5,2,32,18,14,22,13,9,10,6,4,14,5,9,8,6,2,31,11,20,119,49,70,78,26,52
S01009895,595,330,265,287,158,129,308,172,136,9,7,2,37,21,16,18,10,8,14,7,7,7,5,2,9,7,2,27,17,10,101,54,47,86,44,42
S01009896,727,388,339,328,184,144,399,204,195,30,23,7,27,11,16,26,14,12,10,5,5,17,6,11,12,11,1,41,25,16,120,63,57,116,46,70
S01009897,715,368,347,408,208,200,307,160,147,18,13,5,43,23,20,22,12,10,16,10,6,8,4,4,9,6,3,39,18,21,103,50,53,49,24,25
S01009898,432,203,229,195,112,83,237,91,146,7,2,5,17,6,11,14,5,9,10,6,4,7,4,3,6,2,4,29,13,16,73,28,45,74,25,49
S01009899,632,321,311,457,230,227,175,91,84,8,4,4,21,14,7,15,9,6,7,5,2,7,5,2,15,9,6,32,16,16,41,18,23,29,11,18
S01009900,715,318,397,600,266,334,115,52,63,5,2,3,25,10,15,12,7,5,5,3,2,5,0,5,6,3,3,14,6,8,25,15,10,18,6,12
S01009901,717,355,362,582,295,287,135,60,75,4,2,2,26,17,9,9,2,7,12,3,9,7,1,6,5,2,3,22,10,12,21,11,10,29,12,17
S01009902,680,349,331,337,181,156,343,168,175,6,2,4,32,26,6,21,13,8,26,16,10,12,6,6,9,6,3,44,21,23,125,58,67,68,20,48
S01009903,639,327,312,418,234,184,221,93,128,12,6,6,35,19,16,9,5,4,10,5,5,8,2,6,3,2,1,10,5,5,43,20,23,91,29,62
S01009904,614,306,308,469,231,238,145,75,70,5,3,2,23,13,10,8,3,5,4,2,2,5,3,2,6,3,3,17,12,5,38,17,21,39,19,20
S01009905,605,367,238,365,222,143,240,145,95,16,15,1,39,26,13,13,11,2,9,4,5,9,3,6,4,3,1,16,8,8,30,15,15,104,60,44
S01009906,543,290,253,370,202,168,173,88,85,8,4,4,26,15,11,12,11,1,9,3,6,8,3,5,2,1,1,16,8,8,32,17,15,60,26,34
S01009907,711,395,316,417,213,204,294,182,112,8,5,3,54,38,16,29,26,3,15,5,10,9,7,2,2,1,1,23,11,12,53,32,21,101,57,44
S01009908,827,429,398,632,340,292,195,89,106,9,2,7,29,14,15,14,9,5,11,6,5,4,4,0,7,3,4,22,10,12,39,14,25,60,27,33
S01009909,743,412,331,539,296,243,204,116,88,16,10,6,41,27,14,25,12,13,7,6,1,5,2,3,5,4,1,28,19,9,31,18,13,46,18,28
S01009910,444,234,210,347,189,158,97,45,52,8,5,3,22,12,10,10,7,3,6,5,1,2,1,1,2,2,0,11,3,8,14,8,6,22,2,20
S01009911,747,359,388,496,245,251,251,114,137,9,6,3,32,16,16,20,10,10,17,6,11,11,3,8,6,4,2,31,14,17,65,27,38,60,28,32
S01009912,660,328,332,420,227,193,240,101,139,5,2,3,26,10,16,20,7,13,14,9,5,7,4,3,10,4,6,21,10,11,58,29,29,79,26,53
S01009913,568,274,294,356,204,152,212,70,142,5,2,3,29,10,19,10,4,6,7,5,2,9,4,5,4,1,3,25,8,17,26,6,20,97,30,67
S01009914,733,360,373,487,268,219,246,92,154,6,1,5,34,19,15,16,7,9,14,5,9,9,4,5,3,1,2,38,13,25,65,22,43,61,20,41
S01009915,686,351,335,475,259,216,211,92,119,15,6,9,27,16,11,11,4,7,7,6,1,7,3,4,8,6,2,24,9,15,49,19,30,63,23,40
S01009916,703,340,363,390,225,165,313,115,198,9,5,4,22,10,12,17,4,13,12,6,6,6,3,3,12,4,8,28,13,15,54,25,29,153,45,108
S01009917,536,270,266,387,208,179,149,62,87,6,4,2,19,7,12,13,9,4,8,1,7,7,6,1,2,0,2,20,9,11,32,10,22,42,16,26
S01009918,546,261,285,354,175,179,192,86,106,6,2,4,23,15,8,13,8,5,14,4,10,11,4,7,12,7,5,21,10,11,46,17,29,46,19,27
S01009919,851,399,452,528,270,258,323,129,194,23,15,8,49,21,28,18,6,12,21,10,11,10,3,7,10,3,7,46,24,22,75,28,47,71,19,52
S01009920,741,352,389,596,291,305,145,61,84,8,2,6,29,21,8,10,3,7,9,4,5,5,2,3,0,0,0,18,5,13,40,13,27,26,11,15
S01009921,576,302,274,458,245,213,118,57,61,12,8,4,22,15,7,9,5,4,8,6,2,4,1,3,0,0,0,15,7,8,29,8,21,19,7,12
S01009922,893,458,435,705,357,348,188,101,87,9,7,2,39,23,16,24,14,10,17,8,9,8,8,0,4,1,3,27,14,13,31,14,17,29,12,17
S01009923,728,386,342,512,283,229,216,103,113,12,6,6,42,30,12,15,9,6,11,3,8,11,3,8,9,3,6,26,12,14,64,29,35,26,8,18
S01009924,850,425,425,619,317,302,231,108,123,16,13,3,25,17,8,20,9,11,16,5,11,7,2,5,8,4,4,17,8,9,61,25,36,61,25,36
S01009925,584,280,304,468,216,252,116,64,52,6,4,2,27,17,10,8,6,2,8,4,4,7,4,3,6,2,4,12,4,8,15,7,8,27,16,11
S01009926,606,300,306,430,229,201,176,71,105,7,5,2,24,13,11,16,8,8,13,2,11,8,1,7,7,3,4,15,6,9,37,14,23,49,19,30
S01009927,399,206,193,263,142,121,136,64,72,9,2,7,14,11,3,11,6,5,5,4,1,3,3,0,5,4,1,19,8,11,48,17,31,22,9,13
S01009928,701,358,343,524,263,261,177,95,82,9,7,2,34,22,12,17,8,9,6,3,3,8,7,1,7,3,4,25,11,14,45,19,26,26,15,11
S01009929,378,179,199,265,131,134,113,48,65,8,5,3,21,6,15,13,8,5,6,2,4,6,2,4,5,2,3,12,4,8,28,12,16,14,7,7
S01009930,726,371,355,559,283,276,167,88,79,10,5,5,30,23,7,18,7,11,20,9,11,14,6,8,9,7,2,12,6,6,30,14,16,24,11,13
S01009931,671,342,329,559,287,272,112,55,57,10,7,3,24,12,12,16,8,8,8,3,5,5,4,1,3,0,3,15,5,10,19,8,11,12,8,4
S01009932,539,266,273,435,220,215,104,46,58,6,2,4,22,12,10,7,4,3,6,4,2,1,0,1,7,4,3,12,9,3,22,6,16,21,5,16
S01009933,721,382,339,396,215,181,325,167,158,19,10,9,39,28,11,24,15,9,21,9,12,10,4,6,7,2,5,46,23,23,97,48,49,62,28,34
S01009934,696,330,366,508,246,262,188,84,104,10,7,3,35,20,15,10,5,5,15,6,9,3,1,2,9,2,7,19,8,11,43,18,25,44,17,27
S01009935,399,210,189,172,95,77,227,115,112,8,4,4,18,12,6,16,9,7,12,8,4,9,5,4,9,5,4,27,18,9,89,40,49,39,14,25
S01009936,518,296,222,299,174,125,219,122,97,10,6,4,18,6,12,13,10,3,10,9,1,7,4,3,9,8,1,37,19,18,77,50,27,38,10,28
S01009937,336,162,174,140,77,63,196,85,111,2,2,0,16,9,7,13,10,3,8,6,2,4,2,2,6,2,4,23,9,14,51,22,29,73,23,50
S01009938,681,348,333,315,171,144,366,177,189,12,10,2,24,15,9,21,13,8,11,5,6,12,7,5,7,2,5,50,23,27,162,72,90,67,30,37
S01009939,664,357,307,207,105,102,457,252,205,9,6,3,51,32,19,42,25,17,24,10,14,7,3,4,19,15,4,44,25,19,76,37,39,185,99,86
S01009940,636,315,321,263,124,139,373,191,182,9,5,4,34,17,17,24,12,12,16,11,5,14,6,8,6,3,3,48,18,30,143,76,67,79,43,36
S01009941,739,337,402,462,245,217,277,92,185,12,4,8,46,23,23,16,8,8,15,3,12,10,3,7,6,4,2,27,10,17,35,5,30,110,32,78
S01009942,763,379,384,368,177,191,395,202,193,13,9,4,39,22,17,21,13,8,23,13,10,10,4,6,11,5,6,42,26,16,116,44,72,120,66,54
S01009943,631,299,332,263,123,140,368,176,192,12,9,3,36,22,14,22,16,6,17,2,15,17,8,9,9,4,5,42,24,18,139,59,80,74,32,42
S01009944,590,289,301,341,168,173,249,121,128,8,6,2,33,20,13,19,9,10,12,3,9,17,8,9,13,7,6,30,12,18,69,33,36,48,23,25
S01009945,683,306,377,380,184,196,303,122,181,5,3,2,29,15,14,25,11,14,18,9,9,6,2,4,7,3,4,43,16,27,98,30,68,72,33,39
S01009946,619,299,320,339,175,164,280,124,156,16,8,8,38,22,16,22,8,14,9,6,3,2,2,0,7,4,3,34,15,19,93,35,58,59,24,35
S01009947,416,192,224,233,116,117,183,76,107,6,4,2,17,6,11,15,9,6,9,6,3,9,4,5,9,6,3,21,4,17,56,18,38,41,19,22
S01009948,595,309,286,273,132,141,322,177,145,13,4,9,35,15,20,30,16,14,19,14,5,11,6,5,7,6,1,44,22,22,103,59,44,60,35,25
S01009949,590,300,290,334,177,157,256,123,133,9,5,4,21,12,9,22,16,6,7,2,5,11,5,6,8,1,7,43,23,20,83,35,48,52,24,28
S01009950,547,270,277,365,197,168,182,73,109,9,6,3,18,9,9,13,4,9,10,4,6,17,5,12,4,2,2,20,6,14,42,14,28,49,23,26
S01009951,576,287,289,370,202,168,206,85,121,12,9,3,25,11,14,13,7,6,8,3,5,7,2,5,8,4,4,26,14,12,44,13,31,63,22,41
S01009952,525,255,270,351,180,171,174,75,99,9,7,2,20,8,12,15,4,11,8,4,4,5,3,2,5,1,4,27,12,15,49,18,31,36,18,18
S01009953,669,314,355,443,211,232,226,103,123,15,9,6,35,21,14,14,7,7,7,2,5,12,5,7,10,6,4,37,18,19,56,20,36,40,15,25
S01009954,493,254,239,292,159,133,201,95,106,10,6,4,28,15,13,16,4,12,11,6,5,7,3,4,5,1,4,25,14,11,30,13,17,69,33,36
S01009955,716,354,362,443,240,203,273,114,159,6,2,4,33,13,20,19,7,12,9,4,5,14,5,9,10,3,7,34,17,17,81,36,45,67,27,40
S01009956,539,252,287,315,155,160,224,97,127,7,5,2,27,14,13,14,4,10,7,2,5,8,5,3,11,3,8,30,14,16,59,25,34,61,25,36
S01009957,558,276,282,387,199,188,171,77,94,4,3,1,25,16,9,11,4,7,8,3,5,12,8,4,6,2,4,35,17,18,42,13,29,28,11,17
S01009958,694,339,355,521,257,264,173,82,91,5,4,1,23,10,13,21,10,11,14,5,9,13,5,8,7,4,3,27,12,15,42,17,25,21,15,6
S01009959,468,216,252,288,146,142,180,70,110,11,6,5,21,12,9,24,9,15,4,2,2,9,6,3,8,3,5,24,7,17,43,11,32,36,14,22
S01009960,611,296,315,400,205,195,211,91,120,7,5,2,27,12,15,9,6,3,9,3,6,3,1,2,13,4,9,32,12,20,53,15,38,58,33,25
S01009961,508,247,261,307,156,151,201,91,110,11,9,2,24,12,12,14,6,8,12,3,9,5,5,0,10,5,5,26,9,17,63,24,39,36,18,18
S01009962,810,402,408,573,299,274,237,103,134,13,10,3,28,12,16,24,10,14,18,11,7,9,6,3,10,3,7,33,13,20,73,29,44,29,9,20
S01009963,605,304,301,431,229,202,174,75,99,7,4,3,24,13,11,14,6,8,7,5,2,7,2,5,7,1,6,27,15,12,43,13,30,38,16,22
S01009964,701,354,347,488,258,230,213,96,117,5,3,2,27,13,14,21,8,13,16,9,7,6,4,2,9,2,7,25,13,12,55,19,36,49,25,24
S01009965,546,273,273,374,202,172,172,71,101,4,2,2,26,13,13,17,9,8,10,4,6,3,1,2,5,1,4,29,14,15,58,22,36,20,5,15
S01009966,597,293,304,404,202,202,193,91,102,13,7,6,20,12,8,21,11,10,14,6,8,11,5,6,7,3,4,26,17,9,50,14,36,31,16,15
S01009967,626,302,324,431,210,221,195,92,103,5,3,2,31,22,9,20,10,10,16,8,8,6,2,4,10,4,6,39,16,23,45,14,31,23,13,10
S01009968,468,230,238,324,171,153,144,59,85,3,1,2,18,9,9,11,5,6,7,3,4,3,1,2,7,3,4,19,10,9,52,17,35,24,10,14
S01009969,626,306,320,381,200,181,245,106,139,9,5,4,24,17,7,18,6,12,16,8,8,13,7,6,11,4,7,37,20,17,79,22,57,38,17,21
S01009970,655,281,374,296,133,163,359,148,211,9,4,5,25,12,13,40,19,21,17,4,13,12,5,7,13,5,8,51,22,29,113,44,69,79,33,46
S01009971,834,385,449,440,216,224,394,169,225,16,8,8,43,23,20,19,11,8,25,16,9,18,4,14,8,4,4,52,23,29,134,47,87,79,33,46
S01009972,578,271,307,368,187,181,210,84,126,7,2,5,24,10,14,18,6,12,10,7,3,8,3,5,11,4,7,26,10,16,53,15,38,53,27,26
S01009973,553,249,304,359,163,196,194,86,108,8,4,4,23,9,14,13,5,8,4,1,3,10,8,2,7,6,1,21,6,15,65,28,37,43,19,24
S01009974,434,182,252,193,76,117,241,106,135,12,9,3,25,17,8,20,11,9,9,4,5,5,3,2,7,2,5,33,11,22,82,30,52,48,19,29
S01009975,580,260,320,210,94,116,370,166,204,12,8,4,23,14,9,22,13,9,10,1,9,3,1,2,9,6,3,34,12,22,143,66,77,114,45,69
S01009976,372,163,209,183,82,101,189,81,108,7,4,3,15,8,7,14,10,4,6,1,5,4,0,4,6,1,5,20,7,13,73,34,39,44,16,28
S01009977,738,390,348,247,130,117,491,260,231,9,6,3,34,17,17,43,27,16,14,8,6,17,10,7,2,0,2,50,24,26,211,109,102,111,59,52
S01009978,747,331,416,362,160,202,385,171,214,9,5,4,37,25,12,21,12,9,12,4,8,11,3,8,10,2,8,53,27,26,124,49,75,108,44,64
S01009979,408,180,228,166,77,89,242,103,139,13,10,3,18,7,11,13,5,8,5,3,2,3,1,2,4,2,2,22,11,11,119,44,75,45,20,25
S01009980,481,214,267,172,80,92,309,134,175,8,5,3,29,10,19,13,6,7,12,6,6,12,4,8,8,2,6,24,6,18,114,54,60,89,41,48
S01009981,496,223,273,233,101,132,263,122,141,7,5,2,25,12,13,16,9,7,6,2,4,11,8,3,8,1,7,25,9,16,100,43,57,65,33,32
S01009982,748,335,413,429,200,229,319,135,184,13,6,7,27,12,15,22,14,8,14,9,5,14,3,11,11,4,7,32,14,18,88,34,54,98,39,59
S01009983,418,180,238,162,61,101,256,119,137,12,7,5,14,6,8,27,17,10,10,3,7,9,4,5,5,2,3,23,10,13,49,23,26,107,47,60
S01009984,567,264,303,333,162,171,234,102,132,7,5,2,31,17,14,28,17,11,7,2,5,9,4,5,6,4,2,22,6,16,65,25,40,59,22,37
S01009985,456,222,234,200,98,102,256,124,132,7,5,2,24,13,11,20,9,11,20,8,12,11,8,3,12,6,6,24,8,16,60,25,35,78,42,36
S01009986,409,182,227,152,65,87,257,117,140,3,1,2,31,20,11,20,9,11,15,9,6,12,4,8,1,0,1,18,5,13,106,50,56,51,19,32
S01009987,618,305,313,311,140,171,307,165,142,9,5,4,28,22,6,19,13,6,12,10,2,4,4,0,13,7,6,37,13,24,133,61,72,52,30,22
S01009988,388,178,210,149,63,86,239,115,124,6,3,3,15,9,6,14,9,5,11,5,6,6,4,2,3,2,1,35,10,25,99,47,52,50,26,24
S01009989,612,293,319,383,187,196,229,106,123,9,6,3,28,16,12,19,8,11,7,3,4,6,3,3,7,1,6,37,13,24,61,21,40,55,35,20
S01009990,524,232,292,364,164,200,160,68,92,9,3,6,31,19,12,15,8,7,11,5,6,5,2,3,8,2,6,23,5,18,28,9,19,30,15,15
S01009991,601,271,330,413,187,226,188,84,104,12,6,6,36,15,21,13,6,7,8,4,4,5,1,4,7,4,3,17,7,10,46,15,31,44,26,18
S01009992,512,222,290,217,90,127,295,132,163,13,9,4,24,12,12,31,18,13,14,5,9,9,2,7,10,7,3,26,7,19,117,54,63,51,18,33
S01009993,626,296,330,458,227,231,168,69,99,8,7,1,30,10,20,12,5,7,8,5,3,5,5,0,11,2,9,24,9,15,46,11,35,24,15,9
S01009994,512,234,278,356,173,183,156,61,95,8,5,3,20,10,10,19,7,12,9,4,5,5,1,4,4,2,2,29,6,23,34,12,22,28,14,14
S01009995,517,232,285,366,169,197,151,63,88,7,4,3,19,9,10,14,10,4,7,1,6,10,4,6,6,4,2,21,6,15,36,8,28,31,17,14
S01009996,542,235,307,355,160,195,187,75,112,13,8,5,28,16,12,9,2,7,11,2,9,8,1,7,7,3,4,22,9,13,52,18,34,37,16,21
S01009997,441,215,226,309,160,149,132,55,77,7,2,5,21,8,13,9,5,4,9,2,7,5,3,2,2,1,1,15,7,8,31,11,20,33,16,17
S01009998,458,222,236,266,141,125,192,81,111,12,6,6,22,13,9,12,5,7,8,4,4,13,5,8,3,0,3,26,12,14,46,18,28,50,18,32
S01009999,540,265,275,337,183,154,203,82,121,13,8,5,27,13,14,16,5,11,17,7,10,9,3,6,3,1,2,31,14,17,54,15,39,33,16,17
S01010000,476,225,251,325,163,162,151,62,89,12,5,7,24,11,13,18,10,8,11,2,9,6,3,3,4,3,1,22,9,13,26,6,20,28,13,15
S01010001,567,255,312,370,183,187,197,72,125,10,4,6,25,10,15,14,8,6,15,2,13,10,5,5,7,2,5,20,10,10,42,12,30,54,19,35
S01010002,608,275,333,399,187,212,209,88,121,10,5,5,37,20,17,21,9,12,14,6,8,12,5,7,4,2,2,28,10,18,40,17,23,43,14,29
S01010003,546,263,283,369,183,186,177,80,97,6,3,3,29,14,15,14,10,4,12,7,5,3,2,1,6,3,3,29,9,20,50,15,35,28,17,11
S01010004,546,263,283,351,172,179,195,91,104,8,5,3,33,24,9,4,1,3,12,7,5,5,4,1,7,3,4,27,11,16,51,10,41,48,26,22
S01010005,620,311,309,417,200,217,203,111,92,14,9,5,28,18,10,19,8,11,14,7,7,6,5,1,8,3,5,21,11,10,56,29,27,37,21,16
S01010006,727,351,376,515,245,270,212,106,106,7,3,4,33,22,11,15,6,9,12,9,3,11,5,6,3,2,1,30,11,19,67,32,35,34,16,18
S01010007,719,367,352,529,290,239,190,77,113,9,3,6,34,15,19,21,11,10,7,2,5,12,3,9,6,4,2,29,12,17,44,12,32,28,15,13
S01010008,537,254,283,385,184,201,152,70,82,11,3,8,17,10,7,18,10,8,8,7,1,6,4,2,7,0,7,20,5,15,45,23,22,20,8,12
S01010009,505,289,216,385,216,169,120,73,47,9,5,4,14,7,7,12,10,2,6,2,4,0,0,0,3,0,3,9,4,5,44,28,16,23,17,6
S01010010,773,380,393,539,272,267,234,108,126,10,7,3,37,21,16,22,8,14,15,8,7,16,7,9,8,3,5,24,12,12,57,19,38,45,23,22
S01010011,601,301,300,373,183,190,228,118,110,9,6,3,29,11,18,14,11,3,13,7,6,7,6,1,6,3,3,32,18,14,103,48,55,15,8,7
S01010012,624,266,358,402,185,217,222,81,141,3,1,2,25,12,13,21,7,14,11,4,7,8,3,5,13,3,10,31,14,17,54,17,37,56,20,36
S01010013,659,324,335,468,225,243,191,99,92,11,4,7,28,16,12,13,7,6,8,5,3,9,2,7,6,3,3,26,13,13,58,29,29,32,20,12
S01010014,830,450,380,567,307,260,263,143,120,9,5,4,42,24,18,18,14,4,6,2,4,17,10,7,14,10,4,25,13,12,76,38,38,56,27,29
S01010015,696,354,342,503,256,247,193,98,95,22,14,8,43,19,24,16,6,10,10,5,5,5,5,0,6,3,3,14,7,7,26,12,14,51,27,24
S01010016,513,255,258,295,152,143,218,103,115,5,3,2,28,18,10,14,9,5,6,2,4,7,5,2,5,2,3,30,12,18,77,29,48,46,23,23
S01010017,555,230,325,284,113,171,271,117,154,12,4,8,20,6,14,26,19,7,22,11,11,11,6,5,2,1,1,27,9,18,82,28,54,69,33,36
S01010018,695,325,370,388,192,196,307,133,174,9,6,3,38,21,17,16,9,7,7,2,5,5,2,3,9,4,5,34,17,17,131,53,78,58,19,39
S01010019,522,228,294,234,103,131,288,125,163,3,2,1,32,14,18,12,10,2,9,5,4,16,8,8,11,6,5,35,14,21,99,38,61,71,28,43
S01010020,547,256,291,321,151,170,226,105,121,10,5,5,19,13,6,14,10,4,9,4,5,4,1,3,6,3,3,29,13,16,85,31,54,50,25,25
S01010021,597,296,301,223,108,115,374,188,186,16,10,6,36,25,11,28,19,9,23,14,9,13,7,6,10,7,3,35,15,20,85,40,45,128,51,77
S01010022,735,369,366,347,188,159,388,181,207,5,4,1,40,23,17,20,8,12,12,4,8,13,4,9,11,4,7,54,25,29,144,68,76,89,41,48
S01010023,455,219,236,162,82,80,293,137,156,4,1,3,22,12,10,15,8,7,10,4,6,4,2,2,9,4,5,30,17,13,136,69,67,63,20,43
S01010024,586,306,280,312,157,155,274,149,125,9,8,1,35,20,15,12,4,8,16,6,10,7,3,4,11,7,4,18,7,11,104,56,48,62,38,24
S01010025,438,235,203,183,102,81,255,133,122,5,5,0,18,12,6,21,10,11,13,8,5,8,4,4,10,0,10,18,12,6,96,49,47,66,33,33
S01010026,725,370,355,412,217,195,313,153,160,7,3,4,39,16,23,22,11,11,15,10,5,8,4,4,8,4,4,28,19,9,100,50,50,86,36,50
S01010027,719,376,343,425,227,198,294,149,145,15,6,9,45,24,21,25,16,9,13,6,7,7,5,2,6,2,4,23,9,14,76,33,43,84,48,36
S01010028,471,236,235,242,114,128,229,122,107,7,4,3,22,12,10,24,14,10,5,2,3,3,1,2,3,2,1,20,10,10,91,52,39,54,25,29
S01010029,485,251,234,185,89,96,300,162,138,10,9,1,20,13,7,13,10,3,12,8,4,7,2,5,9,7,2,54,30,24,124,59,65,51,24,27
S01010030,676,345,331,454,246,208,222,99,123,8,3,5,50,21,29,8,4,4,9,7,2,6,2,4,5,0,5,21,7,14,66,27,39,49,28,21
S01010031,725,462,263,482,296,186,243,166,77,20,10,10,78,57,21,17,11,6,16,12,4,6,4,2,3,3,0,20,13,7,23,17,6,60,39,21
S01010032,802,598,204,394,258,136,408,340,68,19,15,4,69,56,13,15,8,7,14,9,5,13,8,5,7,4,3,16,13,3,35,27,8,220,200,20
S01010033,728,390,338,384,208,176,344,182,162,13,8,5,44,26,18,17,11,6,17,10,7,10,4,6,6,4,2,34,13,21,92,51,41,111,55,56
S01010034,799,460,339,367,216,151,432,244,188,14,11,3,57,37,20,33,26,7,13,9,4,12,6,6,12,4,8,41,21,20,150,70,80,100,60,40
S01010035,545,328,217,227,141,86,318,187,131,11,6,5,42,31,11,13,6,7,18,15,3,8,4,4,7,5,2,33,19,14,67,44,23,119,57,62
S01010036,767,469,298,492,305,187,275,164,111,30,17,13,107,66,41,16,13,3,10,6,4,2,1,1,0,0,0,6,3,3,2,1,1,102,57,45
S01010037,476,221,255,196,94,102,280,127,153,3,2,1,29,18,11,13,6,7,9,4,5,7,4,3,4,3,1,32,17,15,129,54,75,54,19,35
S01010038,782,399,383,397,198,199,385,201,184,12,10,2,52,31,21,19,11,8,4,2,2,8,4,4,14,7,7,41,26,15,140,66,74,95,44,51
S01010039,921,527,394,616,351,265,305,176,129,28,11,17,103,50,53,33,26,7,13,7,6,6,5,1,4,1,3,8,7,1,20,14,6,90,55,35
S01010040,651,360,291,434,246,188,217,114,103,17,7,10,37,17,20,20,11,9,9,6,3,5,2,3,7,4,3,21,12,9,61,32,29,40,23,17
S01010041,608,374,234,372,220,152,236,154,82,12,3,9,47,27,20,25,20,5,7,6,1,10,10,0,6,6,0,24,18,6,48,32,16,57,32,25
S01010042,955,508,447,627,337,290,328,171,157,33,22,11,76,46,30,24,12,12,20,12,8,6,2,4,4,2,2,20,14,6,71,34,37,74,27,47
S01010043,615,314,301,320,159,161,295,155,140,12,5,7,39,22,17,18,11,7,23,15,8,9,7,2,13,8,5,29,17,12,88,47,41,64,23,41
S01010044,890,428,462,522,257,265,368,171,197,12,7,5,45,25,20,21,6,15,10,4,6,13,6,7,12,6,6,29,14,15,133,62,71,93,41,52
S01010045,381,166,215,147,60,87,234,106,128,4,1,3,11,8,3,16,7,9,11,2,9,3,2,1,4,0,4,24,13,11,96,41,55,65,32,33
S01010046,606,285,321,301,150,151,305,135,170,7,3,4,23,10,13,23,10,13,13,6,7,18,6,12,8,5,3,33,16,17,113,48,65,67,31,36
S01010047,615,305,310,255,121,134,360,184,176,9,5,4,34,14,20,17,5,12,8,3,5,15,10,5,8,4,4,46,27,19,133,63,70,90,53,37
S01010048,727,344,383,323,156,167,404,188,216,10,8,2,48,26,22,16,9,7,18,9,9,19,6,13,7,3,4,57,27,30,157,66,91,72,34,38
S01010049,561,234,327,252,109,143,309,125,184,13,7,6,29,10,19,21,14,7,14,6,8,4,1,3,7,1,6,31,14,17,108,41,67,82,31,51
S01010050,733,398,335,302,150,152,431,248,183,12,9,3,40,24,16,23,16,7,24,16,8,8,2,6,11,4,7,37,21,16,156,89,67,120,67,53
S01010051,528,261,267,222,106,116,306,155,151,8,4,4,28,20,8,23,8,15,12,3,9,14,9,5,7,2,5,26,15,11,108,55,53,80,39,41
S01010052,515,285,230,247,146,101,268,139,129,13,8,5,28,21,7,29,12,17,16,7,9,14,9,5,10,5,5,24,9,15,75,41,34,59,27,32
S01010053,666,303,363,343,168,175,323,135,188,13,9,4,36,16,20,12,7,5,9,4,5,8,4,4,5,3,2,29,14,15,115,42,73,96,36,60
S01010054,398,165,233,148,60,88,250,105,145,4,1,3,21,10,11,18,10,8,7,2,5,6,2,4,9,3,6,27,11,16,64,25,39,94,41,53
S01010055,874,491,383,413,205,208,461,286,175,10,6,4,39,22,17,18,9,9,20,15,5,16,9,7,12,3,9,58,41,17,171,113,58,117,68,49
S01010056,351,162,189,170,78,92,181,84,97,6,4,2,15,11,4,12,6,6,21,8,13,4,1,3,11,6,5,14,9,5,55,22,33,43,17,26
S01010057,293,129,164,171,78,93,122,51,71,5,3,2,16,6,10,10,3,7,12,6,6,0,0,0,2,0,2,11,6,5,30,13,17,36,14,22
S01010058,590,281,309,313,157,156,277,124,153,6,2,4,34,23,11,18,8,10,18,8,10,11,5,6,9,2,7,28,9,19,87,34,53,66,33,33
S01010059,506,238,268,326,141,185,180,97,83,8,5,3,30,18,12,15,10,5,11,6,5,13,5,8,8,5,3,19,11,8,47,22,25,29,15,14
S01010060,713,361,352,385,198,187,328,163,165,10,7,3,33,14,19,25,14,11,14,5,9,14,9,5,13,10,3,29,17,12,108,53,55,82,34,48
S01010061,395,195,200,262,120,142,133,75,58,7,4,3,22,19,3,12,5,7,3,2,1,6,2,4,5,1,4,11,5,6,35,17,18,32,20,12
S01010062,525,245,280,272,135,137,253,110,143,10,7,3,26,17,9,14,6,8,11,3,8,17,4,13,6,1,5,37,20,17,82,32,50,50,20,30
S01010063,778,404,374,385,199,186,393,205,188,12,7,5,48,32,16,37,20,17,15,10,5,20,6,14,12,7,5,44,24,20,123,60,63,82,39,43
S01010064,398,179,219,231,104,127,167,75,92,7,4,3,15,10,5,10,1,9,12,6,6,5,1,4,7,2,5,24,18,6,47,15,32,40,18,22
S01010065,635,287,348,334,161,173,301,126,175,12,7,5,19,14,5,13,3,10,12,8,4,10,3,7,13,9,4,32,14,18,128,41,87,62,27,35
S01010066,570,244,326,246,112,134,324,132,192,10,7,3,36,18,18,11,5,6,13,5,8,13,7,6,7,2,5,45,22,23,109,38,71,80,28,52
S01010067,438,197,241,184,90,94,254,107,147,7,3,4,31,16,15,18,8,10,12,5,7,3,1,2,12,5,7,35,16,19,79,32,47,57,21,36
S01010068,474,256,218,284,165,119,190,91,99,13,10,3,31,15,16,14,4,10,7,0,7,5,4,1,2,1,1,23,11,12,62,32,30,33,14,19
S01010069,656,322,334,489,243,246,167,79,88,11,8,3,18,9,9,17,13,4,7,5,2,5,3,2,4,0,4,27,13,14,52,17,35,26,11,15
S01010070,546,258,288,416,207,209,130,51,79,4,1,3,15,7,8,15,9,6,9,1,8,5,1,4,2,1,1,16,8,8,41,13,28,23,10,13
S01010071,593,295,298,365,196,169,228,99,129,6,1,5,31,21,10,20,6,14,10,3,7,11,5,6,8,4,4,26,8,18,67,29,38,49,22,27
S01010072,610,296,314,387,196,191,223,100,123,12,4,8,21,9,12,19,11,8,11,7,4,10,5,5,9,4,5,22,10,12,89,40,49,30,10,20
S01010073,555,277,278,371,189,182,184,88,96,5,4,1,14,11,3,10,7,3,2,1,1,9,5,4,7,1,6,33,18,15,73,24,49,31,17,14
S01010074,573,287,286,360,197,163,213,90,123,7,4,3,25,10,15,15,10,5,6,2,4,6,3,3,6,3,3,32,15,17,82,29,53,34,14,20
S01010075,444,212,232,227,116,111,217,96,121,7,5,2,15,8,7,11,7,4,9,7,2,13,7,6,5,0,5,29,9,20,91,33,58,37,20,17
S01010076,507,244,263,300,153,147,207,91,116,10,6,4,21,14,7,9,6,3,6,3,3,1,0,1,10,5,5,33,10,23,79,27,52,38,20,18
S01010077,472,213,259,237,107,130,235,106,129,5,4,1,25,11,14,14,11,3,9,4,5,7,5,2,3,2,1,27,13,14,102,42,60,43,14,29
S01010078,490,250,240,343,184,159,147,66,81,6,4,2,19,13,6,13,10,3,6,3,3,7,3,4,4,2,2,17,5,12,47,16,31,28,10,18
S01010079,710,348,362,479,249,230,231,99,132,8,2,6,34,15,19,12,6,6,9,3,6,13,6,7,5,1,4,31,11,20,80,33,47,39,22,17
S01010080,499,251,248,307,168,139,192,83,109,9,6,3,15,8,7,19,7,12,16,11,5,7,2,5,12,4,8,36,23,13,62,13,49,16,9,7
S01010081,546,267,279,332,178,154,214,89,125,11,5,6,20,6,14,14,9,5,10,4,6,6,1,5,7,2,5,39,21,18,71,26,45,36,15,21
S01010082,656,308,348,431,211,220,225,97,128,16,9,7,30,15,15,21,11,10,15,7,8,14,7,7,3,1,2,26,13,13,63,12,51,37,22,15
S01010083,541,266,275,268,141,127,273,125,148,3,3,0,25,13,12,21,12,9,16,8,8,12,7,5,10,4,6,34,18,16,98,34,64,54,26,28
S01010084,654,314,340,350,172,178,304,142,162,10,5,5,40,26,14,14,5,9,19,10,9,7,1,6,3,1,2,41,19,22,113,47,66,57,28,29
S01010085,599,296,303,386,211,175,213,85,128,8,1,7,22,14,8,25,10,15,12,5,7,13,6,7,6,3,3,25,12,13,82,26,56,20,8,12
S01010086,702,326,376,339,165,174,363,161,202,17,11,6,34,15,19,31,19,12,17,10,7,14,4,10,11,6,5,40,14,26,134,49,85,65,33,32
S01010087,449,218,231,271,138,133,178,80,98,5,3,2,11,2,9,18,10,8,16,9,7,8,5,3,7,4,3,32,12,20,61,22,39,20,13,7
S01010088,604,302,302,505,257,248,99,45,54,7,6,1,16,7,9,8,2,6,7,4,3,1,0,1,3,0,3,7,2,5,17,4,13,33,20,13
S01010089,546,266,280,303,155,148,243,111,132,15,5,10,25,14,11,18,11,7,8,5,3,12,3,9,5,4,1,28,10,18,89,43,46,43,16,27
S01010090,810,389,421,584,284,300,226,105,121,14,10,4,33,20,13,20,10,10,6,1,5,9,3,6,7,2,5,27,10,17,61,27,34,49,22,27
S01010091,654,322,332,485,240,245,169,82,87,8,2,6,26,15,11,13,7,6,15,7,8,3,1,2,4,0,4,24,11,13,31,12,19,45,27,18
S01010092,715,329,386,312,151,161,403,178,225,11,3,8,30,15,15,27,15,12,18,7,11,12,7,5,19,9,10,50,19,31,146,60,86,90,43,47
S01010093,676,307,369,432,205,227,244,102,142,21,8,13,38,20,18,17,7,10,11,5,6,8,2,6,9,4,5,28,11,17,73,27,46,39,18,21
S01010094,497,235,262,340,165,175,157,70,87,2,2,0,15,8,7,6,2,4,5,3,2,5,1,4,1,1,0,33,17,16,62,22,40,28,14,14
S01010095,534,261,273,371,192,179,163,69,94,6,3,3,23,13,10,12,1,11,5,1,4,9,3,6,7,3,4,25,14,11,55,21,34,21,10,11
S01010096,567,259,308,391,186,205,176,73,103,11,7,4,18,9,9,14,8,6,12,6,6,10,3,7,7,4,3,17,6,11,51,15,36,36,15,21
S01010097,543,258,285,351,174,177,192,84,108,8,6,2,22,14,8,9,6,3,12,6,6,5,0,5,4,1,3,29,12,17,66,26,40,37,13,24
S01010098,534,269,265,368,191,177,166,78,88,9,7,2,17,12,5,6,0,6,10,6,4,12,7,5,6,3,3,24,6,18,52,17,35,30,20,10
S01010099,511,241,270,342,167,175,169,74,95,10,6,4,22,13,9,11,3,8,9,5,4,7,4,3,6,2,4,31,13,18,47,14,33,26,14,12
S01010100,675,316,359,421,210,211,254,106,148,13,7,6,34,22,12,8,2,6,9,4,5,5,2,3,12,8,4,49,21,28,82,26,56,42,14,28
S01010101,566,273,293,376,187,189,190,86,104,8,8,0,27,13,14,15,7,8,10,4,6,7,2,5,11,6,5,20,3,17,72,33,39,20,10,10
S01010102,738,345,393,559,268,291,179,77,102,16,9,7,33,17,16,14,7,7,4,1,3,7,1,6,3,1,2,22,8,14,32,12,20,48,21,27
S01010103,758,354,404,594,295,299,164,59,105,13,7,6,40,18,22,16,7,9,5,1,4,8,2,6,4,1,3,15,5,10,30,4,26,33,14,19
S01010104,548,267,281,434,223,211,114,44,70,5,3,2,23,14,9,3,2,1,5,2,3,5,3,2,5,0,5,10,2,8,25,2,23,33,16,17
S01010105,311,139,172,168,84,84,143,55,88,3,0,3,14,5,9,7,3,4,7,4,3,3,0,3,2,1,1,15,6,9,45,14,31,47,22,25
S01010106,316,139,177,150,71,79,166,68,98,5,2,3,15,5,10,10,4,6,8,5,3,9,3,6,5,3,2,10,4,6,69,26,43,35,16,19
S01010107,604,289,315,326,159,167,278,130,148,10,5,5,44,25,19,25,15,10,15,6,9,11,7,4,11,7,4,20,6,14,75,25,50,67,34,33
S01010108,571,278,293,331,157,174,240,121,119,11,5,6,28,24,4,16,9,7,10,6,4,7,5,2,8,4,4,21,13,8,98,40,58,41,15,26
S01010109,590,289,301,353,169,184,237,120,117,7,2,5,40,24,16,18,8,10,7,2,5,9,5,4,6,3,3,23,14,9,55,29,26,72,33,39
S01010110,595,268,327,264,115,149,331,153,178,8,2,6,20,8,12,21,10,11,12,7,5,10,5,5,13,5,8,34,17,17,125,54,71,88,45,43
S01010111,722,326,396,299,137,162,423,189,234,8,4,4,54,25,29,20,9,11,11,6,5,10,3,7,13,7,6,38,21,17,141,47,94,128,67,61
S01010112,711,316,395,311,138,173,400,178,222,10,5,5,43,15,28,30,15,15,17,9,8,10,4,6,10,4,6,34,10,24,118,52,66,128,64,64
S01010113,374,167,207,177,77,100,197,90,107,7,3,4,20,10,10,16,8,8,13,6,7,12,7,5,2,0,2,23,12,11,54,23,31,50,21,29
S01010114,569,263,306,225,106,119,344,157,187,6,0,6,25,9,16,31,16,15,19,12,7,17,8,9,4,1,3,38,15,23,115,47,68,89,49,40
S01010115,473,221,252,330,161,169,143,60,83,5,3,2,15,7,8,6,3,3,6,2,4,6,3,3,4,3,1,22,4,18,30,12,18,49,23,26
S01010116,779,368,411,572,280,292,207,88,119,12,4,8,42,20,22,23,10,13,13,5,8,9,3,6,6,3,3,22,7,15,29,10,19,51,26,25
S01010117,488,230,258,370,180,190,118,50,68,3,2,1,16,10,6,14,3,11,5,2,3,2,1,1,9,2,7,15,6,9,30,12,18,24,12,12
S01010118,456,193,263,171,75,96,285,118,167,13,6,7,23,10,13,16,8,8,12,10,2,8,5,3,6,3,3,37,17,20,75,22,53,95,37,58
S01010119,380,157,223,206,88,118,174,69,105,8,5,3,29,16,13,13,2,11,7,2,5,5,2,3,4,2,2,14,3,11,47,16,31,47,21,26
S01010120,744,324,420,317,149,168,427,175,252,11,3,8,31,18,13,22,8,14,19,10,9,21,10,11,11,5,6,36,9,27,136,43,93,140,69,71
S01010121,497,220,277,233,106,127,264,114,150,12,2,10,33,22,11,21,12,9,19,8,11,2,0,2,7,3,4,31,9,22,61,24,37,78,34,44
S01010122,345,187,158,119,65,54,226,122,104,6,3,3,15,6,9,13,3,10,8,5,3,6,1,5,2,1,1,23,7,16,94,63,31,59,33,26
S01010123,513,223,290,271,115,156,242,108,134,11,9,2,25,14,11,21,13,8,13,9,4,8,4,4,8,4,4,19,4,15,73,27,46,64,24,40
S01010124,495,224,271,330,151,179,165,73,92,10,7,3,22,12,10,15,7,8,12,7,5,8,3,5,6,2,4,20,7,13,39,13,26,33,15,18
S01010125,395,170,225,218,96,122,177,74,103,4,1,3,16,3,13,13,6,7,13,6,7,5,3,2,9,3,6,22,1,21,52,27,25,43,24,19
S01010126,563,265,298,359,175,184,204,90,114,5,3,2,17,11,6,16,12,4,12,3,9,4,3,1,3,2,1,23,8,15,70,18,52,54,30,24
S01010127,462,226,236,219,106,113,243,120,123,11,7,4,24,14,10,18,11,7,10,8,2,6,3,3,14,8,6,26,12,14,91,40,51,43,17,26
S01010128,336,144,192,137,56,81,199,88,111,13,5,8,22,12,10,13,6,7,10,4,6,3,1,2,9,4,5,19,7,12,59,27,32,51,22,29
S01010129,530,237,293,215,99,116,315,138,177,6,3,3,38,15,23,20,6,14,12,5,7,9,2,7,9,4,5,39,18,21,92,44,48,90,41,49
S01010130,299,122,177,134,59,75,165,63,102,8,4,4,7,3,4,11,5,6,10,3,7,4,2,2,9,3,6,21,9,12,69,22,47,26,12,14
S01010131,733,347,386,479,249,230,254,98,156,13,6,7,28,19,9,16,11,5,18,4,14,10,7,3,7,3,4,31,17,14,94,19,75,37,12,25
S01010132,713,317,396,294,134,160,419,183,236,8,6,2,40,26,14,25,10,15,19,9,10,11,6,5,10,5,5,45,16,29,164,59,105,97,46,51
S01010133,530,243,287,230,106,124,300,137,163,9,6,3,25,16,9,17,10,7,18,6,12,12,6,6,12,7,5,34,12,22,120,45,75,53,29,24
S01010134,743,363,380,376,181,195,367,182,185,6,5,1,22,14,8,22,11,11,14,9,5,12,5,7,14,6,8,47,22,25,169,72,97,61,38,23
S01010135,544,253,291,260,128,132,284,125,159,10,5,5,27,18,9,17,7,10,11,6,5,12,4,8,6,1,5,34,13,21,106,38,68,61,33,28
S01010136,608,282,326,367,185,182,241,97,144,10,7,3,21,8,13,17,12,5,12,5,7,6,2,4,9,3,6,26,9,17,96,30,66,44,21,23
S01010137,666,292,374,352,165,187,314,127,187,11,5,6,31,18,13,10,5,5,19,9,10,17,10,7,10,3,7,38,17,21,123,40,83,55,20,35
S01010138,760,450,310,254,137,117,506,313,193,12,10,2,37,20,17,44,35,9,29,22,7,23,16,7,15,10,5,72,53,19,198,108,90,76,39,37
S01010139,780,382,398,403,199,204,377,183,194,12,8,4,36,23,13,23,16,7,22,10,12,18,10,8,13,3,10,43,16,27,139,60,79,71,37,34
S01010140,582,284,298,407,204,203,175,80,95,13,6,7,38,20,18,17,8,9,9,5,4,3,1,2,1,1,0,16,8,8,43,17,26,35,14,21
S01010141,613,291,322,284,130,154,329,161,168,9,4,5,32,13,19,18,13,5,18,10,8,4,1,3,10,7,3,31,13,18,123,65,58,84,35,49
S01010142,458,208,250,257,119,138,201,89,112,8,4,4,28,17,11,11,4,7,9,7,2,7,4,3,2,0,2,25,7,18,53,17,36,58,29,29
S01010143,517,251,266,270,132,138,247,119,128,9,9,0,13,9,4,16,13,3,10,7,3,5,2,3,2,0,2,30,12,18,127,52,75,35,15,20
S01010144,557,268,289,330,169,161,227,99,128,13,9,4,27,8,19,14,9,5,15,7,8,16,8,8,5,3,2,36,22,14,56,18,38,45,15,30
S01010145,586,283,303,336,169,167,250,114,136,9,5,4,43,23,20,20,10,10,15,7,8,11,8,3,7,1,6,27,14,13,69,23,46,49,23,26
S01010146,614,312,302,304,146,158,310,166,144,13,5,8,43,35,8,17,12,5,13,6,7,19,13,6,11,5,6,20,11,9,92,42,50,82,37,45
S01010147,718,307,411,312,123,189,406,184,222,18,9,9,43,23,20,26,14,12,16,7,9,7,5,2,6,2,4,53,23,30,128,56,72,109,45,64
S01010148,565,263,302,249,110,139,316,153,163,8,5,3,28,18,10,21,12,9,9,6,3,15,7,8,11,4,7,45,18,27,87,32,55,92,51,41
S01010149,408,192,216,281,133,148,127,59,68,3,2,1,13,4,9,7,3,4,6,1,5,3,2,1,2,2,0,5,0,5,46,20,26,42,25,17
S01010150,464,220,244,200,103,97,264,117,147,7,5,2,21,11,10,13,6,7,10,5,5,6,4,2,7,7,0,36,15,21,117,47,70,47,17,30
S01010151,431,200,231,176,79,97,255,121,134,8,5,3,21,11,10,9,8,1,6,4,2,7,4,3,5,1,4,27,17,10,121,43,78,51,28,23
S01010152,620,296,324,338,163,175,282,133,149,7,6,1,20,11,9,16,13,3,21,11,10,10,1,9,8,3,5,30,15,15,125,54,71,45,19,26
S01010153,688,324,364,343,171,172,345,153,192,17,12,5,28,17,11,15,8,7,12,5,7,9,4,5,5,5,0,45,20,25,134,54,80,80,28,52
S01010154,629,284,345,284,131,153,345,153,192,9,5,4,26,14,12,16,9,7,7,3,4,9,5,4,12,5,7,46,19,27,160,63,97,60,30,30
S01010155,511,222,289,267,124,143,244,98,146,5,3,2,12,5,7,8,6,2,6,3,3,6,3,3,6,3,3,31,14,17,120,39,81,50,22,28
S01010156,396,196,200,186,98,88,210,98,112,8,2,6,12,8,4,21,8,13,5,4,1,7,3,4,7,0,7,27,14,13,85,39,46,38,20,18
S01010157,423,175,248,161,69,92,262,106,156,7,4,3,30,17,13,13,7,6,11,6,5,5,0,5,8,3,5,22,9,13,103,38,65,63,22,41
S01010158,667,297,370,343,161,182,324,136,188,5,1,4,29,19,10,22,7,15,19,8,11,11,5,6,9,3,6,41,16,25,133,52,81,55,25,30
S01010159,513,233,280,256,121,135,257,112,145,5,4,1,17,6,11,12,6,6,9,4,5,5,1,4,12,7,5,31,15,16,121,50,71,45,19,26
S01010160,465,266,199,204,111,93,261,155,106,10,6,4,40,23,17,20,12,8,15,8,7,8,4,4,8,6,2,31,27,4,58,42,16,71,27,44
S01010161,469,221,248,296,135,161,173,86,87,9,7,2,18,9,9,8,5,3,4,3,1,5,1,4,3,2,1,16,6,10,57,29,28,53,24,29
S01010162,542,208,334,218,81,137,324,127,197,11,2,9,37,16,21,18,9,9,12,6,6,8,2,6,14,4,10,37,13,24,79,33,46,108,42,66
S01010163,442,202,240,189,91,98,253,111,142,3,2,1,23,8,15,14,8,6,11,4,7,6,3,3,8,5,3,26,9,17,87,37,50,75,35,40
S01010164,550,252,298,266,122,144,284,130,154,10,9,1,26,16,10,10,5,5,14,8,6,12,8,4,4,2,2,28,9,19,107,41,66,73,32,41
S01010165,459,214,245,201,99,102,258,115,143,5,2,3,23,8,15,22,11,11,13,8,5,12,5,7,6,4,2,27,13,14,70,30,40,80,34,46
S01010166,551,249,302,272,129,143,279,120,159,8,5,3,27,10,17,24,12,12,11,8,3,10,4,6,8,4,4,24,10,14,106,43,63,61,24,37
S01010167,612,289,323,247,122,125,365,167,198,5,3,2,26,17,9,24,9,15,15,7,8,14,5,9,17,7,10,68,33,35,143,61,82,53,25,28
S01010168,375,159,216,220,94,126,155,65,90,8,8,0,13,7,6,13,6,7,3,0,3,5,4,1,5,2,3,20,8,12,51,15,36,37,15,22
S01010169,611,277,334,341,173,168,270,104,166,11,3,8,20,8,12,25,7,18,12,4,8,6,5,1,12,4,8,28,4,24,74,32,42,82,37,45
S01010170,416,189,227,217,107,110,199,82,117,6,3,3,20,10,10,13,6,7,16,8,8,5,2,3,6,2,4,30,16,14,64,21,43,39,14,25
S01010171,726,320,406,289,128,161,437,192,245,10,2,8,43,29,14,25,13,12,13,5,8,10,4,6,14,11,3,55,20,35,112,41,71,155,67,88
S01010172,501,243,258,235,116,119,266,127,139,8,7,1,16,7,9,14,4,10,15,9,6,10,3,7,8,2,6,34,20,14,117,53,64,44,22,22
S01010173,529,243,286,301,152,149,228,91,137,9,8,1,27,11,16,13,9,4,9,5,4,8,3,5,8,1,7,22,3,19,81,32,49,51,19,32
S01010174,1251,1038,213,326,200,126,925,838,87,24,22,2,88,79,9,84,82,2,77,75,2,47,44,3,27,24,3,119,109,10,170,131,39,289,272,17
S01010175,344,168,176,186,93,93,158,75,83,9,4,5,19,12,7,13,5,8,2,2,0,4,3,1,5,2,3,18,8,10,59,27,32,29,12,17
S01010176,495,239,256,250,128,122,245,111,134,6,4,2,24,16,8,20,11,9,18,8,10,7,3,4,5,1,4,28,9,19,94,40,54,43,19,24
S01010177,541,237,304,228,96,132,313,141,172,13,6,7,33,21,12,21,12,9,14,5,9,9,7,2,8,2,6,30,13,17,84,28,56,101,47,54
S01010178,708,315,393,317,140,177,391,175,216,14,8,6,33,16,17,27,16,11,14,2,12,6,2,4,5,3,2,51,19,32,109,44,65,132,65,67
S01010179,640,292,348,286,138,148,354,154,200,13,6,7,27,19,8,15,5,10,18,8,10,13,5,8,14,6,8,30,14,16,127,50,77,97,41,56
S01010180,386,176,210,256,119,137,130,57,73,9,3,6,19,14,5,10,4,6,12,2,10,5,2,3,10,2,8,5,2,3,21,12,9,39,16,23
S01010181,450,194,256,193,92,101,257,102,155,5,4,1,14,6,8,15,8,7,17,7,10,8,1,7,11,5,6,21,9,12,87,27,60,79,35,44
S01010182,552,261,291,385,200,185,167,61,106,12,6,6,15,6,9,12,4,8,14,8,6,6,3,3,4,1,3,22,8,14,54,22,32,28,3,25
S01010183,320,134,186,152,62,90,168,72,96,6,2,4,20,8,12,10,6,4,3,2,1,4,1,3,5,1,4,21,11,10,55,21,34,44,20,24
S01010184,462,209,253,222,94,128,240,115,125,10,5,5,29,18,11,20,8,12,8,6,2,12,7,5,7,2,5,23,8,15,80,29,51,51,32,19
S01010185,445,195,250,217,89,128,228,106,122,9,5,4,23,13,10,17,9,8,8,4,4,8,3,5,13,5,8,20,10,10,77,29,48,53,28,25
S01010186,501,231,270,343,167,176,158,64,94,5,2,3,18,6,12,19,9,10,10,5,5,3,1,2,3,1,2,19,9,10,45,12,33,36,19,17
S01010187,528,252,276,388,187,201,140,65,75,7,6,1,15,7,8,3,1,2,12,9,3,5,1,4,9,3,6,16,6,10,45,17,28,28,15,13
S01010188,561,269,292,401,206,195,160,63,97,4,2,2,34,14,20,7,2,5,7,4,3,2,0,2,10,3,7,22,9,13,40,12,28,34,17,17
S01010189,730,367,363,582,295,287,148,72,76,4,1,3,30,15,15,8,4,4,16,7,9,4,2,2,0,0,0,11,5,6,23,7,16,52,31,21
S01010190,573,288,285,449,233,216,124,55,69,8,6,2,15,7,8,10,6,4,12,6,6,5,2,3,2,0,2,8,2,6,18,6,12,46,20,26
S01010191,521,257,264,395,196,199,126,61,65,4,2,2,17,8,9,11,8,3,6,4,2,8,2,6,6,1,5,12,2,10,21,9,12,41,25,16
S01010192,627,315,312,480,249,231,147,66,81,8,6,2,24,10,14,14,6,8,13,5,8,6,2,4,2,0,2,8,3,5,28,15,13,44,19,25
S01010193,575,281,294,406,205,201,169,76,93,7,3,4,22,9,13,19,6,13,6,3,3,4,2,2,12,8,4,23,11,12,40,12,28,36,22,14
S01010194,472,213,259,243,109,134,229,104,125,6,4,2,23,12,11,15,10,5,5,1,4,5,4,1,2,0,2,36,20,16,88,30,58,49,23,26
S01010195,390,185,205,208,103,105,182,82,100,8,3,5,16,7,9,7,4,3,6,5,1,7,2,5,5,3,2,15,7,8,73,31,42,45,20,25
S01010196,561,268,293,251,119,132,310,149,161,14,6,8,29,20,9,19,9,10,16,9,7,9,3,6,8,5,3,36,16,20,106,42,64,73,39,34
S01010197,500,214,286,264,114,150,236,100,136,8,6,2,21,11,10,12,5,7,6,5,1,7,6,1,7,3,4,18,9,9,96,30,66,61,25,36
S01010198,748,369,379,341,156,185,407,213,194,13,9,4,31,18,13,23,13,10,19,9,10,11,6,5,15,8,7,40,15,25,160,76,84,95,59,36
S01010199,375,152,223,182,76,106,193,76,117,4,1,3,28,13,15,16,11,5,12,4,8,2,1,1,3,2,1,23,9,14,56,19,37,49,16,33
S01010200,487,228,259,259,123,136,228,105,123,9,5,4,14,6,8,11,4,7,11,5,6,7,4,3,5,3,2,42,20,22,93,36,57,36,22,14
S01010201,453,219,234,290,147,143,163,72,91,12,9,3,15,10,5,11,5,6,5,3,2,3,1,2,2,0,2,16,8,8,69,27,42,30,9,21
S01010202,520,224,296,201,92,109,319,132,187,11,4,7,39,17,22,29,12,17,15,9,6,9,1,8,13,7,6,25,6,19,77,30,47,101,46,55
S01010203,504,235,269,370,183,187,134,52,82,5,3,2,24,11,13,14,5,9,5,2,3,4,1,3,3,2,1,9,3,6,30,11,19,40,14,26
S01010204,589,253,336,253,97,156,336,156,180,10,9,1,29,16,13,21,12,9,9,6,3,10,3,7,3,3,0,32,16,16,113,44,69,109,47,62
S01010205,534,228,306,287,126,161,247,102,145,4,1,3,17,8,9,19,7,12,5,1,4,11,9,2,9,2,7,26,8,18,89,36,53,67,30,37
S01010206,338,153,185,43,25,18,295,128,167,9,5,4,13,7,6,25,6,19,7,4,3,7,5,2,8,4,4,12,2,10,15,9,6,199,86,113
S01010207,459,222,237,134,68,66,325,154,171,13,9,4,38,15,23,8,3,5,17,10,7,9,4,5,7,4,3,15,6,9,51,23,28,167,80,87
S01010208,745,371,374,471,236,235,274,135,139,15,6,9,39,26,13,15,6,9,9,3,6,10,3,7,8,2,6,36,23,13,82,39,43,60,27,33
S01010209,677,318,359,357,177,180,320,141,179,9,4,5,29,11,18,20,6,14,19,10,9,8,3,5,12,9,3,39,13,26,108,47,61,76,38,38
S01010210,641,288,353,349,157,192,292,131,161,7,5,2,34,22,12,23,14,9,12,3,9,11,3,8,12,6,6,32,20,12,114,40,74,47,18,29
S01010211,634,284,350,262,116,146,372,168,204,12,8,4,33,18,15,22,17,5,17,8,9,9,3,6,12,4,8,39,15,24,133,56,77,95,39,56
S01010212,779,376,403,342,167,175,437,209,228,16,11,5,35,16,19,33,18,15,22,13,9,21,13,8,14,5,9,38,12,26,142,69,73,116,52,64
S01010213,657,289,368,353,175,178,304,114,190,5,2,3,37,16,21,28,15,13,12,4,8,11,7,4,14,6,8,31,9,22,118,39,79,48,16,32
S01010214,717,330,387,440,210,230,277,120,157,8,3,5,31,13,18,19,9,10,17,6,11,11,5,6,11,6,5,41,14,27,80,31,49,59,33,26
S01010215,608,258,350,247,106,141,361,152,209,11,4,7,22,13,9,20,15,5,19,6,13,18,11,7,12,6,6,44,24,20,150,53,97,65,20,45
S01010216,464,233,231,215,108,107,249,125,124,6,4,2,19,12,7,15,6,9,16,6,10,4,1,3,10,0,10,18,8,10,85,41,44,76,47,29
S01010217,598,275,323,279,150,129,319,125,194,13,10,3,33,18,15,21,3,18,10,5,5,14,4,10,13,7,6,29,13,16,63,28,35,123,37,86
S01010218,790,388,402,452,234,218,338,154,184,17,5,12,38,21,17,28,14,14,21,8,13,14,9,5,8,5,3,24,14,10,102,42,60,86,36,50
S01010219,382,203,179,172,97,75,210,106,104,7,4,3,23,16,7,17,9,8,9,1,8,3,2,1,2,0,2,31,19,12,39,18,21,79,37,42
S01010220,433,247,186,339,200,139,94,47,47,6,3,3,20,13,7,16,7,9,5,3,2,6,5,1,3,0,3,6,2,4,4,2,2,28,12,16
S01010221,394,198,196,158,75,83,236,123,113,11,7,4,20,15,5,12,8,4,1,0,1,8,5,3,7,2,5,26,14,12,82,34,48,69,38,31
S01010222,414,204,210,234,128,106,180,76,104,4,3,1,27,18,9,9,3,6,5,2,3,6,3,3,3,2,1,21,10,11,58,14,44,47,21,26
S01010223,462,244,218,224,119,105,238,125,113,8,5,3,22,17,5,13,5,8,13,10,3,13,10,3,9,2,7,23,14,9,80,39,41,57,23,34
S01010224,727,327,400,318,146,172,409,181,228,13,10,3,33,17,16,32,13,19,10,6,4,16,5,11,12,8,4,29,12,17,130,52,78,134,58,76
S01010225,636,320,316,328,171,157,308,149,159,10,7,3,34,19,15,22,9,13,8,3,5,10,4,6,13,6,7,34,19,15,77,37,40,100,45,55
S01010226,565,283,282,239,129,110,326,154,172,11,7,4,20,12,8,14,5,9,20,12,8,16,9,7,10,4,6,30,17,13,53,28,25,152,60,92
S01010227,454,227,227,169,105,64,285,122,163,10,5,5,35,16,19,10,6,4,5,2,3,7,5,2,8,3,5,18,9,9,38,19,19,154,57,97
S01010228,499,234,265,217,92,125,282,142,140,5,3,2,16,11,5,16,10,6,10,8,2,7,4,3,4,2,2,37,18,19,114,49,65,73,37,36
S01010229,787,373,414,437,205,232,350,168,182,17,8,9,34,20,14,11,5,6,12,8,4,11,7,4,14,3,11,38,17,21,123,51,72,90,49,41
S01010230,772,440,332,324,205,119,448,235,213,20,14,6,39,24,15,26,10,16,37,31,6,18,8,10,8,0,8,37,22,15,108,57,51,155,69,86
S01010231,712,315,397,368,170,198,344,145,199,19,6,13,38,20,18,18,12,6,10,1,9,7,3,4,8,3,5,31,14,17,112,47,65,101,39,62
S01010232,792,378,414,392,194,198,400,184,216,27,13,14,61,38,23,34,21,13,13,6,7,7,5,2,10,1,9,30,12,18,79,33,46,139,55,84
S01010233,705,346,359,289,153,136,416,193,223,30,17,13,36,22,14,36,19,17,9,3,6,12,7,5,10,5,5,27,15,12,104,51,53,152,54,98
S01010234,793,412,381,515,269,246,278,143,135,13,8,5,56,34,22,15,8,7,16,4,12,7,3,4,12,6,6,28,16,12,74,30,44,57,34,23
S01010235,742,372,370,550,281,269,192,91,101,15,8,7,61,30,31,16,7,9,13,4,9,4,2,2,4,0,4,6,2,4,18,6,12,55,32,23
S01010236,618,310,308,410,211,199,208,99,109,18,11,7,56,32,24,16,6,10,12,6,6,4,2,2,3,3,0,12,6,6,43,12,31,44,21,23
S01010237,543,286,257,382,214,168,161,72,89,13,8,5,33,17,16,10,6,4,14,7,7,3,1,2,3,1,2,24,6,18,42,15,27,19,11,8
S01010238,704,359,345,474,247,227,230,112,118,14,7,7,54,32,22,19,8,11,11,6,5,4,2,2,6,4,2,20,8,12,56,25,31,46,20,26
S01010239,612,303,309,314,167,147,298,136,162,10,2,8,29,20,9,24,13,11,7,4,3,7,2,5,11,5,6,32,16,16,113,44,69,65,30,35
S01010240,580,265,315,358,161,197,222,104,118,12,6,6,41,23,18,23,9,14,8,4,4,5,4,1,10,4,6,17,9,8,72,32,40,34,13,21
S01010241,830,412,418,500,244,256,330,168,162,19,12,7,55,34,21,30,20,10,12,6,6,9,4,5,9,3,6,40,17,23,113,50,63,43,22,21
S01010242,644,318,326,368,186,182,276,132,144,16,12,4,45,17,28,24,12,12,11,6,5,10,2,8,3,2,1,37,19,18,65,33,32,65,29,36
S01010243,833,418,415,448,222,226,385,196,189,20,12,8,69,42,27,32,13,19,33,18,15,13,7,6,10,6,4,46,26,20,59,28,31,103,44,59
S01010244,591,309,282,238,122,116,353,187,166,4,4,0,55,25,30,28,18,10,13,6,7,13,5,8,4,2,2,37,28,9,103,52,51,96,47,49
S01010245,741,338,403,267,110,157,474,228,246,12,5,7,54,29,25,25,8,17,20,11,9,12,5,7,13,2,11,45,24,21,150,78,72,143,66,77
S01010246,649,306,343,304,158,146,345,148,197,14,7,7,42,32,10,38,15,23,13,5,8,4,2,2,10,1,9,46,18,28,100,36,64,78,32,46
S01010247,581,282,299,365,182,183,216,100,116,6,2,4,28,19,9,14,5,9,5,2,3,5,2,3,4,2,2,27,12,15,85,35,50,42,21,21
S01010248,738,384,354,515,253,262,223,131,92,12,8,4,65,36,29,17,7,10,7,6,1,11,8,3,6,5,1,25,13,12,46,22,24,34,26,8
S01010249,617,319,298,392,209,183,225,110,115,19,11,8,65,32,33,22,11,11,12,8,4,6,3,3,5,2,3,19,12,7,46,17,29,31,14,17
S01010250,676,342,334,476,242,234,200,100,100,30,13,17,52,36,16,21,12,9,9,5,4,6,3,3,6,3,3,14,3,11,22,6,16,40,19,21
S01010251,558,290,268,401,213,188,157,77,80,24,10,14,39,25,14,20,9,11,10,5,5,5,1,4,3,1,2,8,4,4,10,2,8,38,20,18
S01010252,521,277,244,353,186,167,168,91,77,7,3,4,35,24,11,15,7,8,7,3,4,4,1,3,5,4,1,14,10,4,33,13,20,48,26,22
S01010253,481,243,238,209,99,110,272,144,128,7,3,4,49,29,20,16,12,4,12,7,5,7,4,3,9,5,4,25,17,8,76,33,43,71,34,37
S01010254,841,405,436,471,235,236,370,170,200,13,10,3,46,23,23,17,10,7,10,8,2,15,3,12,12,6,6,49,25,24,137,57,80,71,28,43
S01010255,523,266,257,231,105,126,292,161,131,13,10,3,35,23,12,21,12,9,18,14,4,15,10,5,6,3,3,35,19,16,79,37,42,70,33,37
S01010256,676,322,354,329,149,180,347,173,174,21,17,4,36,14,22,24,15,9,16,10,6,11,7,4,11,4,7,44,20,24,116,53,63,68,33,35
S01010257,770,439,331,321,165,156,449,274,175,24,8,16,121,73,48,29,18,11,20,11,9,12,11,1,8,8,0,9,4,5,53,28,25,173,113,60
S01010258,1461,721,740,464,237,227,997,484,513,43,16,27,398,200,198,81,39,42,21,18,3,14,4,10,5,3,2,8,2,6,5,4,1,422,198,224
S01010259,1089,601,488,332,165,167,757,436,321,47,25,22,213,117,96,35,23,12,33,22,11,9,7,2,14,11,3,34,20,14,105,55,50,267,156,111
S01010260,1780,921,859,659,371,288,1121,550,571,83,37,46,397,183,214,71,40,31,27,11,16,23,14,9,9,5,4,21,11,10,64,34,30,426,215,211
S01010261,2373,1124,1249,620,254,366,1753,870,883,144,56,88,677,307,370,107,52,55,40,18,22,24,13,11,18,9,9,44,22,22,116,62,54,583,331,252
S01010262,676,362,314,259,134,125,417,228,189,14,7,7,48,25,23,27,13,14,17,10,7,7,5,2,8,3,5,39,19,20,174,103,71,83,43,40
S01010263,713,428,285,441,268,173,272,160,112,15,8,7,102,59,43,25,16,9,12,6,6,5,2,3,6,5,1,10,4,6,20,12,8,77,48,29
S01010264,788,465,323,470,249,221,318,216,102,22,9,13,73,41,32,34,26,8,15,10,5,7,5,2,3,1,2,29,24,5,60,45,15,75,55,20
S01010265,1014,505,509,588,304,284,426,201,225,27,11,16,188,88,100,37,22,15,10,5,5,9,7,2,5,3,2,10,7,3,4,2,2,136,56,80
S01010266,474,225,249,251,135,116,223,90,133,22,5,17,68,28,40,16,8,8,8,3,5,1,1,0,2,2,0,9,5,4,17,10,7,80,28,52
S01010267,582,306,276,333,192,141,249,114,135,20,11,9,90,42,48,29,14,15,17,11,6,5,4,1,1,0,1,7,4,3,8,4,4,72,24,48
S01010268,753,366,387,390,196,194,363,170,193,25,12,13,99,42,57,29,13,16,18,12,6,4,1,3,6,3,3,8,4,4,40,22,18,134,61,73
S01010269,498,285,213,245,149,96,253,136,117,14,9,5,64,30,34,18,6,12,19,7,12,3,2,1,3,2,1,7,5,2,22,19,3,103,56,47
S01010270,972,581,391,381,223,158,591,358,233,19,13,6,93,41,52,33,17,16,20,13,7,19,14,5,16,7,9,60,41,19,220,133,87,111,79,32
S01010271,695,335,360,330,149,181,365,186,179,26,9,17,142,78,64,27,15,12,17,10,7,4,2,2,3,1,2,12,8,4,30,6,24,104,57,47
S01010272,891,553,338,437,276,161,454,277,177,34,23,11,67,31,36,21,16,5,11,6,5,17,9,8,13,7,6,32,25,7,113,85,28,146,75,71
S01010273,641,383,258,438,260,178,203,123,80,12,8,4,64,39,25,14,8,6,5,3,2,8,3,5,1,1,0,8,4,4,6,2,4,85,55,30
S01010274,548,347,201,355,234,121,193,113,80,13,8,5,64,35,29,14,10,4,6,5,1,4,2,2,1,0,1,12,7,5,20,12,8,59,34,25
S01010275,575,315,260,395,216,179,180,99,81,13,6,7,63,32,31,13,8,5,8,3,5,5,2,3,3,2,1,5,5,0,6,4,2,64,37,27
S01010276,920,557,363,661,413,248,259,144,115,19,10,9,52,32,20,23,15,8,25,6,19,10,5,5,5,1,4,17,7,10,16,8,8,92,60,32
S01010277,464,222,242,233,115,118,231,107,124,12,3,9,30,19,11,9,6,3,8,3,5,5,4,1,5,1,4,33,14,19,66,23,43,63,34,29
S01010278,472,216,256,273,144,129,199,72,127,11,5,6,28,9,19,12,3,9,2,0,2,4,1,3,7,0,7,18,10,8,47,17,30,70,27,43
S01010279,526,283,243,277,158,119,249,125,124,21,9,12,56,30,26,26,12,14,13,8,5,8,4,4,6,3,3,21,10,11,42,20,22,56,29,27
S01010280,719,410,309,476,276,200,243,134,109,19,13,6,82,57,25,21,10,11,14,7,7,5,5,0,4,1,3,12,8,4,27,11,16,59,22,37
S01010281,719,405,314,465,256,209,254,149,105,22,15,7,77,51,26,30,22,8,12,6,6,10,7,3,11,6,5,12,7,5,10,7,3,70,28,42
S01010282,841,445,396,496,273,223,345,172,173,24,12,12,68,30,38,18,9,9,13,10,3,5,4,1,7,5,2,40,19,21,78,40,38,92,43,49
S01010283,489,289,200,356,225,131,133,64,69,8,3,5,47,26,21,9,6,3,2,0,2,2,1,1,4,3,1,8,4,4,12,4,8,41,17,24
S01010284,1339,614,725,654,312,342,685,302,383,28,11,17,216,98,118,58,26,32,14,7,7,18,10,8,1,0,1,13,6,7,42,28,14,295,116,179
S01010285,719,368,351,414,203,211,305,165,140,25,10,15,93,60,33,28,17,11,14,8,6,9,4,5,5,1,4,22,11,11,34,15,19,75,39,36
S01010286,1443,661,782,495,270,225,948,391,557,59,29,30,282,99,183,70,32,38,25,11,14,13,7,6,6,3,3,12,4,8,16,8,8,465,198,267
S01010287,810,401,409,456,229,227,354,172,182,27,12,15,106,43,63,40,21,19,15,6,9,10,5,5,4,2,2,11,6,5,19,10,9,122,67,55
S01010288,745,382,363,456,245,211,289,137,152,23,9,14,93,42,51,18,9,9,10,5,5,8,3,5,3,2,1,13,6,7,15,8,7,106,53,53
S01010289,687,391,296,501,294,207,186,97,89,12,8,4,46,28,18,18,10,8,7,2,5,7,1,6,5,1,4,14,6,8,25,10,15,52,31,21
S01010290,485,253,232,280,160,120,205,93,112,12,2,10,56,27,29,21,8,13,9,6,3,8,1,7,7,2,5,10,4,6,20,11,9,62,32,30
S01010291,975,503,472,432,225,207,543,278,265,47,21,26,171,79,92,44,23,21,23,16,7,11,6,5,8,5,3,22,11,11,61,32,29,156,85,71
S01010292,831,412,419,483,242,241,348,170,178,46,26,20,118,57,61,36,17,19,27,15,12,13,3,10,7,3,4,13,4,9,11,7,4,77,38,39
S01010293,723,365,358,397,207,190,326,158,168,32,14,18,84,45,39,33,18,15,17,12,5,7,5,2,4,1,3,15,4,11,30,15,15,104,44,60
S01010294,631,281,350,302,144,158,329,137,192,32,15,17,131,57,74,39,16,23,12,8,4,4,4,0,5,2,3,5,1,4,14,7,7,87,27,60
S01010295,870,445,425,463,254,209,407,191,216,37,12,25,138,70,68,53,24,29,14,8,6,11,7,4,1,1,0,14,7,7,18,11,7,121,51,70
S01010296,560,269,291,287,155,132,273,114,159,25,12,13,60,23,37,36,16,20,19,14,5,2,1,1,2,2,0,8,3,5,38,15,23,83,28,55
S01010297,894,525,369,434,253,181,460,272,188,33,21,12,71,47,24,25,16,9,25,14,11,24,15,9,19,16,3,42,26,16,112,63,49,109,54,55
S01010298,677,323,354,376,175,201,301,148,153,14,10,4,55,34,21,22,7,15,11,8,3,6,2,4,4,4,0,23,6,17,97,46,51,69,31,38
S01010299,404,190,214,165,94,71,239,96,143,6,4,2,20,11,9,14,4,10,8,6,2,5,1,4,12,6,6,27,11,16,73,30,43,74,23,51
S01010300,764,415,349,394,212,182,370,203,167,15,6,9,55,32,23,24,14,10,12,5,7,10,8,2,9,6,3,48,22,26,65,30,35,132,80,52
S01010301,457,238,219,266,136,130,191,102,89,13,6,7,51,26,25,15,9,6,13,8,5,1,0,1,4,3,1,10,5,5,13,6,7,71,39,32
S01010302,495,280,215,171,100,71,324,180,144,8,4,4,40,28,12,24,19,5,12,5,7,5,2,3,10,3,7,30,18,12,87,45,42,108,56,52
S01010303,387,180,207,143,71,72,244,109,135,7,5,2,18,12,6,14,9,5,10,5,5,9,3,6,6,5,1,19,5,14,34,12,22,127,53,74
S01010304,456,237,219,214,113,101,242,124,118,3,1,2,32,17,15,13,7,6,11,5,6,3,0,3,13,6,7,21,6,15,76,51,25,70,31,39
S01010305,694,330,364,384,171,213,310,159,151,20,13,7,39,21,18,15,8,7,14,6,8,8,5,3,8,6,2,35,21,14,80,35,45,91,44,47
S01010306,675,343,332,412,207,205,263,136,127,13,7,6,72,25,47,33,15,18,20,15,5,8,6,2,4,1,3,13,8,5,20,9,11,80,50,30
S01010307,732,355,377,508,254,254,224,101,123,21,8,13,78,36,42,31,15,16,14,8,6,4,1,3,4,3,1,20,6,14,17,5,12,35,19,16
S01010308,858,411,447,536,269,267,322,142,180,18,7,11,90,42,48,37,18,19,20,10,10,12,5,7,8,4,4,14,9,5,28,8,20,95,39,56
S01010309,356,194,162,163,86,77,193,108,85,3,2,1,14,7,7,13,7,6,6,3,3,3,2,1,3,2,1,24,13,11,74,40,34,53,32,21
S01010310,540,279,261,267,133,134,273,146,127,8,1,7,30,21,9,28,20,8,11,9,2,5,4,1,7,2,5,26,12,14,69,33,36,89,44,45
S01010311,556,252,304,215,97,118,341,155,186,5,4,1,23,11,12,26,11,15,11,9,2,11,3,8,12,6,6,42,19,23,102,44,58,109,48,61
S01010312,647,297,350,257,131,126,390,166,224,5,2,3,43,23,20,24,13,11,10,3,7,7,3,4,7,2,5,50,19,31,129,60,69,115,41,74
S01010313,529,271,258,210,111,99,319,160,159,4,0,4,38,23,15,18,7,11,10,6,4,19,14,5,9,5,4,54,24,30,97,50,47,70,31,39
S01010314,1034,552,482,438,222,216,596,330,266,33,18,15,104,66,38,28,15,13,22,8,14,14,5,9,9,6,3,50,22,28,121,60,61,215,130,85
S01010315,678,296,382,412,188,224,266,108,158,13,8,5,44,27,17,14,6,8,11,4,7,9,4,5,5,1,4,22,8,14,64,24,40,84,26,58
S01010316,414,188,226,210,88,122,204,100,104,7,4,3,36,20,16,8,6,2,3,2,1,8,1,7,8,3,5,21,12,9,50,26,24,63,26,37
S01010317,660,324,336,455,229,226,205,95,110,15,4,11,78,45,33,20,13,7,13,5,8,3,0,3,2,2,0,12,6,6,26,5,21,36,15,21
S01010318,1497,697,800,432,204,228,1065,493,572,79,23,56,486,215,271,62,37,25,20,12,8,8,3,5,9,2,7,18,2,16,49,25,24,334,174,160
S01010319,624,312,312,406,207,199,218,105,113,18,9,9,46,25,21,19,10,9,11,7,4,11,6,5,7,3,4,18,8,10,36,11,25,52,26,26
S01010320,594,311,283,317,164,153,277,147,130,17,9,8,58,39,19,12,7,5,12,3,9,8,5,3,4,3,1,18,10,8,74,44,30,74,27,47
S01010321,634,313,321,386,193,193,248,120,128,17,3,14,49,31,18,19,10,9,11,5,6,4,0,4,6,2,4,20,6,14,69,39,30,53,24,29
S01010322,914,453,461,646,313,333,268,140,128,27,19,8,63,32,31,33,18,15,15,7,8,7,2,5,5,2,3,20,10,10,40,20,20,58,30,28
S01010323,466,211,255,178,85,93,288,126,162,3,2,1,35,23,12,18,4,14,11,3,8,5,1,4,5,3,2,15,6,9,105,48,57,91,36,55
S01010324,566,270,296,256,125,131,310,145,165,12,9,3,25,11,14,21,12,9,7,3,4,6,4,2,5,1,4,36,18,18,145,67,78,53,20,33
S01010325,666,314,352,283,141,142,383,173,210,10,4,6,27,13,14,17,8,9,13,5,8,12,4,8,6,4,2,48,20,28,176,82,94,74,33,41
S01010326,707,310,397,262,104,158,445,206,239,24,14,10,29,20,9,27,13,14,25,19,6,14,5,9,10,5,5,37,13,24,143,65,78,136,52,84
S01010327,660,284,376,383,169,214,277,115,162,3,2,1,24,11,13,21,11,10,13,4,9,7,3,4,7,3,4,29,10,19,83,25,58,90,46,44
S01010328,706,340,366,407,198,209,299,142,157,9,6,3,27,15,12,17,7,10,17,11,6,8,5,3,14,6,8,32,14,18,104,43,61,71,35,36
S01010329,435,212,223,242,120,122,193,92,101,5,3,2,19,7,12,8,3,5,9,4,5,7,5,2,8,4,4,22,9,13,80,40,40,35,17,18
S01010330,474,214,260,203,98,105,271,116,155,8,5,3,17,11,6,20,12,8,9,2,7,8,2,6,2,0,2,27,9,18,104,41,63,76,34,42
S01010331,643,300,343,313,151,162,330,149,181,5,3,2,18,9,9,18,12,6,21,5,16,10,5,5,10,4,6,43,15,28,153,75,78,52,21,31
S01010332,549,238,311,236,99,137,313,139,174,11,7,4,22,11,11,16,10,6,12,7,5,6,2,4,8,3,5,34,12,22,101,41,60,103,46,57
S01010333,712,327,385,388,181,207,324,146,178,6,3,3,40,25,15,30,13,17,11,8,3,5,2,3,8,5,3,43,16,27,117,41,76,64,33,31
S01010334,674,290,384,412,185,227,262,105,157,8,3,5,20,8,12,18,6,12,16,4,12,11,7,4,5,3,2,31,14,17,101,35,66,52,25,27
S01010335,573,275,298,264,135,129,309,140,169,9,4,5,21,17,4,27,13,14,20,5,15,7,4,3,7,4,3,30,13,17,106,42,64,82,38,44
S01010336,471,226,245,188,73,115,283,153,130,7,6,1,23,14,9,27,19,8,15,10,5,11,4,7,16,7,9,38,22,16,84,46,38,62,25,37
S01010337,485,211,274,246,107,139,239,104,135,3,1,2,18,11,7,21,14,7,10,3,7,9,4,5,1,0,1,17,7,10,104,43,61,56,21,35
S01010338,537,230,307,223,99,124,314,131,183,8,5,3,30,16,14,18,11,7,12,2,10,11,3,8,8,2,6,48,18,30,101,40,61,78,34,44
S01010339,489,210,279,226,100,126,263,110,153,5,3,2,31,12,19,11,6,5,9,3,6,9,4,5,10,4,6,20,12,8,106,43,63,62,23,39
S01010340,551,249,302,305,144,161,246,105,141,11,9,2,25,9,16,20,8,12,19,12,7,8,5,3,8,5,3,26,8,18,80,28,52,49,21,28
S01010341,441,197,244,257,120,137,184,77,107,5,3,2,17,8,9,16,7,9,16,4,12,9,6,3,6,2,4,19,11,8,63,23,40,33,13,20
S01010342,506,237,269,384,190,194,122,47,75,5,3,2,17,10,7,9,4,5,3,2,1,6,2,4,4,1,3,10,5,5,42,12,30,26,8,18
S01010343,745,347,398,564,274,290,181,73,108,8,5,3,39,20,19,8,4,4,7,4,3,6,4,2,7,3,4,23,7,16,38,12,26,45,14,31
S01010344,540,277,263,232,115,117,308,162,146,6,3,3,29,16,13,21,10,11,8,4,4,10,6,4,11,5,6,38,20,18,127,61,66,58,37,21
S01010345,339,165,174,253,119,134,86,46,40,5,2,3,18,7,11,6,6,0,3,2,1,4,1,3,0,0,0,7,4,3,11,7,4,32,17,15
S01010346,783,363,420,559,273,286,224,90,134,10,5,5,24,13,11,13,4,9,12,8,4,7,3,4,5,3,2,32,14,18,58,21,37,63,19,44
S01010347,885,375,510,399,183,216,486,192,294,19,12,7,97,29,68,32,12,20,17,9,8,16,4,12,13,4,9,32,13,19,86,29,57,174,80,94
S01010348,707,322,385,430,198,232,277,124,153,11,8,3,28,17,11,16,6,10,20,14,6,7,3,4,8,2,6,37,10,27,112,47,65,38,17,21
S01010349,666,311,355,361,163,198,305,148,157,6,4,2,34,26,8,20,10,10,12,7,5,14,7,7,8,3,5,30,12,18,132,54,78,49,25,24
S01010350,668,280,388,312,137,175,356,143,213,9,4,5,42,21,21,28,12,16,11,3,8,13,4,9,9,4,5,46,17,29,130,47,83,68,31,37
S01010351,636,291,345,405,181,224,231,110,121,12,7,5,29,15,14,19,8,11,10,5,5,7,2,5,5,2,3,22,12,10,61,25,36,66,34,32
S01010352,395,185,210,192,87,105,203,98,105,6,1,5,15,9,6,15,9,6,6,4,2,7,3,4,2,1,1,24,10,14,79,35,44,49,26,23
S01010353,706,360,346,252,135,117,454,225,229,16,10,6,44,27,17,28,11,17,28,17,11,17,7,10,16,9,7,39,20,19,143,80,63,123,44,79
S01010354,562,249,313,289,135,154,273,114,159,6,3,3,22,12,10,17,12,5,13,4,9,8,2,6,10,3,7,35,13,22,102,42,60,60,23,37
S01010355,582,294,288,319,170,149,263,124,139,5,3,2,22,10,12,22,16,6,12,6,6,10,6,4,5,3,2,26,15,11,79,35,44,82,30,52
S01010356,539,241,298,369,179,190,170,62,108,10,7,3,18,5,13,16,4,12,11,5,6,9,2,7,6,1,5,13,5,8,42,11,31,45,22,23
S01010357,468,231,237,217,102,115,251,129,122,10,8,2,26,8,18,21,10,11,17,10,7,9,6,3,6,2,4,33,16,17,86,46,40,43,23,20
S01010358,621,321,300,282,139,143,339,182,157,7,4,3,29,20,9,32,24,8,18,11,7,15,9,6,12,8,4,38,17,21,127,56,71,61,33,28
S01010359,553,240,313,238,117,121,315,123,192,8,3,5,30,17,13,25,8,17,10,6,4,17,8,9,11,2,9,33,10,23,96,32,64,85,37,48
S01010360,430,202,228,210,106,104,220,96,124,10,4,6,22,17,5,19,9,10,15,6,9,7,3,4,14,7,7,17,11,6,62,21,41,54,18,36
S01010361,485,276,209,184,93,91,301,183,118,12,9,3,36,27,9,20,12,8,16,9,7,17,10,7,10,4,6,44,29,15,87,53,34,59,30,29
S01010362,672,438,234,261,157,104,411,281,130,14,3,11,83,60,23,28,21,7,19,14,5,19,13,6,14,12,2,52,36,16,92,63,29,90,59,31
S01010363,607,313,294,415,218,197,192,95,97,6,2,4,37,15,22,19,12,7,14,6,8,10,6,4,11,6,5,30,15,15,37,18,19,28,15,13
S01010364,700,355,345,461,245,216,239,110,129,10,7,3,37,18,19,16,9,7,13,8,5,12,6,6,6,2,4,34,16,18,54,19,35,57,25,32
S01010365,782,369,413,556,276,280,226,93,133,10,3,7,38,18,20,26,14,12,15,5,10,9,4,5,10,4,6,36,16,20,38,9,29,44,20,24
S01010366,850,407,443,578,291,287,272,116,156,14,9,5,56,27,29,33,13,20,17,5,12,9,5,4,8,2,6,34,12,22,42,13,29,59,30,29
S01010367,1413,646,767,625,311,314,788,335,453,27,10,17,239,107,132,51,20,31,31,12,19,22,10,12,13,5,8,36,14,22,53,19,34,316,138,178
S01010368,543,270,273,388,196,192,155,74,81,8,5,3,19,9,10,12,6,6,13,7,6,7,2,5,6,2,4,28,15,13,39,14,25,23,14,9
S01010369,654,319,335,473,233,240,181,86,95,13,6,7,32,15,17,23,9,14,7,3,4,5,4,1,3,2,1,17,5,12,30,13,17,51,29,22
S01010370,618,308,310,433,227,206,185,81,104,17,9,8,48,22,26,21,10,11,15,5,10,7,3,4,4,1,3,12,5,7,21,6,15,40,20,20
S01010371,872,417,455,565,271,294,307,146,161,35,12,23,91,50,41,29,14,15,15,4,11,8,3,5,9,3,6,12,7,5,20,4,16,88,49,39
S01010372,431,209,222,315,155,160,116,54,62,8,2,6,24,14,10,13,7,6,8,2,6,6,2,4,5,3,2,9,3,6,20,10,10,23,11,12
S01010373,654,325,329,429,213,216,225,112,113,5,2,3,68,29,39,24,13,11,14,5,9,3,0,3,11,6,5,17,11,6,34,18,16,49,28,21
S01010374,792,355,437,523,247,276,269,108,161,20,5,15,96,40,56,18,7,11,12,7,5,10,6,4,7,2,5,26,9,17,25,9,16,55,23,32
S01010375,492,229,263,222,98,124,270,131,139,25,6,19,111,49,62,36,19,17,11,6,5,7,5,2,3,3,0,6,2,4,17,14,3,54,27,27
S01010376,659,331,328,348,190,158,311,141,170,23,12,11,83,37,46,30,12,18,12,5,7,11,2,9,4,3,1,12,4,8,14,8,6,122,58,64
S01010377,851,379,472,386,174,212,465,205,260,36,17,19,153,60,93,56,27,29,29,13,16,12,10,2,4,3,1,14,6,8,27,11,16,134,58,76
S01010378,678,281,397,297,123,174,381,158,223,44,15,29,151,52,99,38,21,17,24,13,11,7,2,5,4,4,0,9,2,7,13,7,6,91,42,49
S01010379,1044,491,553,456,227,229,588,264,324,61,29,32,215,92,123,52,22,30,27,19,8,16,8,8,8,6,2,17,9,8,29,13,16,163,66,97
S01010380,847,380,467,533,238,295,314,142,172,15,7,8,77,33,44,37,16,21,21,6,15,17,12,5,8,3,5,29,15,14,46,18,28,64,32,32
S01010381,561,283,278,348,183,165,213,100,113,17,8,9,57,23,34,23,15,8,11,6,5,3,2,1,2,0,2,14,10,4,13,6,7,73,30,43
S01010382,763,376,387,500,253,247,263,123,140,24,8,16,77,34,43,24,10,14,23,13,10,11,8,3,11,3,8,14,9,5,38,18,20,41,20,21
S01010383,575,279,296,285,145,140,290,134,156,13,6,7,52,29,23,33,18,15,11,7,4,6,3,3,11,6,5,17,10,7,65,32,33,82,23,59
S01010384,736,353,383,497,244,253,239,109,130,22,5,17,44,19,25,26,11,15,12,7,5,8,6,2,8,6,2,20,7,13,32,16,16,67,32,35
S01010385,749,339,410,443,211,232,306,128,178,19,8,11,71,31,40,25,7,18,16,9,7,11,6,5,5,4,1,36,10,26,56,25,31,67,28,39
S01010386,768,376,392,409,209,200,359,167,192,17,9,8,50,26,24,35,16,19,9,7,2,8,2,6,13,5,8,35,15,20,103,45,58,89,42,47
S01010387,940,489,451,588,322,266,352,167,185,24,14,10,86,45,41,36,18,18,18,10,8,4,1,3,8,3,5,23,9,14,57,19,38,96,48,48
S01010388,867,423,444,489,237,252,378,186,192,16,6,10,57,29,28,32,18,14,20,10,10,11,5,6,18,7,11,47,25,22,106,47,59,71,39,32
S01010389,967,522,445,696,401,295,271,121,150,20,5,15,62,32,30,23,13,10,10,6,4,6,2,4,6,4,2,12,5,7,19,7,12,113,47,66
S01010390,981,494,487,721,355,366,260,139,121,16,9,7,65,37,28,25,16,9,12,6,6,12,8,4,7,4,3,27,15,12,58,28,30,38,16,22
S01010391,707,345,362,503,249,254,204,96,108,14,4,10,55,24,31,15,8,7,9,3,6,3,0,3,5,1,4,23,16,7,46,27,19,34,13,21
S01010392,630,352,278,489,298,191,141,54,87,10,5,5,20,6,14,19,9,10,12,5,7,8,1,7,3,1,2,8,2,6,7,2,5,54,23,31
S01010393,880,426,454,634,307,327,246,119,127,12,4,8,51,23,28,27,15,12,17,11,6,8,4,4,9,4,5,23,13,10,59,27,32,40,18,22
S01010394,640,333,307,309,149,160,331,184,147,10,3,7,36,18,18,10,7,3,21,11,10,16,9,7,15,8,7,50,30,20,98,61,37,75,37,38
S01010395,840,431,409,538,274,264,302,157,145,14,9,5,79,41,38,33,17,16,21,15,6,8,5,3,4,2,2,27,15,12,67,30,37,49,23,26
S01010396,863,415,448,533,266,267,330,149,181,16,6,10,72,38,34,33,18,15,22,9,13,8,4,4,11,4,7,30,10,20,75,29,46,63,31,32
S01010397,475,225,250,320,146,174,155,79,76,13,10,3,51,27,24,18,10,8,7,2,5,8,6,2,1,0,1,9,2,7,22,6,16,26,16,10
S01010398,909,427,482,648,313,335,261,114,147,21,11,10,54,26,28,26,10,16,22,6,16,10,4,6,6,2,4,33,14,19,38,13,25,51,28,23
S01010399,946,475,471,735,376,359,211,99,112,19,14,5,49,20,29,12,4,8,16,6,10,8,3,5,6,4,2,28,12,16,27,10,17,46,26,20
S01010400,891,438,453,629,313,316,262,125,137,19,8,11,64,28,36,23,12,11,10,6,4,9,6,3,8,2,6,36,20,16,44,19,25,49,24,25
S01010401,592,287,305,366,192,174,226,95,131,21,4,17,61,27,34,18,7,11,11,3,8,21,7,14,5,3,2,19,10,9,43,22,21,27,12,15
S01010402,855,425,430,627,315,312,228,110,118,11,4,7,54,26,28,15,7,8,19,8,11,11,8,3,14,5,9,26,12,14,34,16,18,44,24,20
S01010403,836,417,419,577,300,277,259,117,142,14,6,8,65,25,40,20,7,13,17,7,10,9,7,2,7,2,5,25,13,12,53,28,25,49,22,27
S01010404,622,306,316,447,236,211,175,70,105,7,3,4,27,8,19,14,8,6,14,4,10,9,2,7,12,4,8,16,5,11,36,14,22,40,22,18
S01010405,660,341,319,485,259,226,175,82,93,12,9,3,48,18,30,15,8,7,9,4,5,10,3,7,5,2,3,20,7,13,24,12,12,32,19,13
S01010406,735,365,370,495,260,235,240,105,135,25,12,13,47,17,30,30,19,11,16,6,10,9,3,6,6,3,3,16,9,7,24,9,15,67,27,40
S01010407,819,346,473,424,192,232,395,154,241,28,9,19,160,74,86,35,10,25,25,13,12,12,6,6,3,2,1,16,6,10,14,8,6,102,26,76
S01010408,369,205,164,233,123,110,136,82,54,7,5,2,19,11,8,9,5,4,8,5,3,6,2,4,3,3,0,19,11,8,43,26,17,22,14,8
S01010409,491,246,245,329,171,158,162,75,87,10,5,5,22,9,13,23,12,11,9,5,4,8,3,5,4,2,2,18,8,10,27,13,14,41,18,23
S01010410,424,204,220,302,154,148,122,50,72,4,3,1,18,10,8,13,6,7,7,2,5,1,0,1,5,2,3,16,9,7,20,6,14,38,12,26
S01010411,738,353,385,509,276,233,229,77,152,9,3,6,32,12,20,21,12,9,13,5,8,6,1,5,3,1,2,31,10,21,48,11,37,66,22,44
S01010412,694,361,333,490,267,223,204,94,110,9,4,5,35,16,19,15,5,10,9,2,7,7,7,0,5,3,2,21,6,15,52,23,29,51,28,23
S01010413,503,244,259,302,157,145,201,87,114,5,3,2,35,18,17,21,7,14,10,4,6,11,1,10,7,3,4,29,15,14,48,19,29,35,17,18
S01010414,771,388,383,512,263,249,259,125,134,12,8,4,53,28,25,18,10,8,15,7,8,10,4,6,10,4,6,29,10,19,66,31,35,46,23,23
S01010415,776,402,374,434,227,207,342,175,167,8,6,2,44,31,13,21,10,11,13,7,6,10,6,4,10,5,5,43,18,25,128,60,68,65,32,33
S01010416,523,257,266,355,187,168,168,70,98,16,9,7,22,6,16,23,10,13,11,5,6,8,4,4,9,5,4,20,7,13,38,14,24,21,10,11
S01010417,428,185,243,327,146,181,101,39,62,8,4,4,11,3,8,10,2,8,8,4,4,2,0,2,6,3,3,16,10,6,18,6,12,22,7,15
S01010418,894,424,470,657,308,349,237,116,121,16,8,8,43,20,23,17,7,10,21,10,11,7,3,4,5,1,4,23,9,14,43,19,24,62,39,23
S01010419,772,349,423,559,268,291,213,81,132,7,2,5,32,12,20,19,13,6,13,2,11,16,4,12,12,5,7,29,8,21,61,22,39,24,13,11
S01010420,476,230,246,314,166,148,162,64,98,7,3,4,17,9,8,11,7,4,6,1,5,6,3,3,10,1,9,25,9,16,40,10,30,40,21,19
S01010421,637,317,320,425,216,209,212,101,111,8,7,1,37,17,20,15,6,9,9,7,2,10,5,5,8,2,6,32,17,15,49,16,33,44,24,20
S01010422,778,371,407,509,246,263,269,125,144,11,7,4,43,25,18,28,14,14,16,5,11,14,6,8,14,6,8,24,10,14,70,26,44,49,26,23
S01010423,661,317,344,357,172,185,304,145,159,9,6,3,32,19,13,27,15,12,15,4,11,6,4,2,14,8,6,44,21,23,78,39,39,79,29,50
S01010424,635,309,326,339,168,171,296,141,155,13,4,9,32,23,9,29,15,14,12,4,8,8,3,5,7,2,5,36,17,19,92,41,51,67,32,35
S01010425,819,391,428,458,200,258,361,191,170,17,9,8,49,30,19,26,15,11,24,18,6,11,8,3,5,2,3,43,20,23,111,53,58,75,36,39
S01010426,582,288,294,345,172,173,237,116,121,10,7,3,33,17,16,22,14,8,12,8,4,7,4,3,11,5,6,39,19,20,52,22,30,51,20,31
S01010427,703,378,325,314,172,142,389,206,183,6,4,2,29,19,10,22,18,4,23,13,10,12,10,2,14,4,10,33,14,19,105,47,58,145,77,68
S01010428,507,239,268,340,173,167,167,66,101,3,1,2,15,7,8,11,5,6,5,3,2,9,5,4,7,2,5,19,8,11,59,16,43,39,19,20
S01010429,725,351,374,526,258,268,199,93,106,12,6,6,42,20,22,21,9,12,6,2,4,7,3,4,4,3,1,24,13,11,48,15,33,35,22,13
S01010430,645,325,320,327,160,167,318,165,153,22,13,9,19,12,7,39,27,12,17,7,10,13,7,6,8,4,4,38,20,18,81,34,47,81,41,40
S01010431,514,253,261,358,187,171,156,66,90,12,5,7,32,11,21,15,7,8,7,2,5,5,4,1,8,5,3,22,10,12,23,8,15,32,14,18
S01010432,698,331,367,391,194,197,307,137,170,16,7,9,35,16,19,23,9,14,20,10,10,12,7,5,10,4,6,22,10,12,93,42,51,76,32,44
S01010433,537,299,238,206,129,77,331,170,161,6,3,3,38,23,15,17,9,8,12,6,6,12,10,2,7,5,2,26,19,7,30,19,11,183,76,107
S01010434,473,217,256,235,117,118,238,100,138,5,5,0,30,11,19,18,10,8,11,7,4,10,3,7,5,1,4,23,12,11,68,26,42,68,25,43
S01010435,443,218,225,277,140,137,166,78,88,6,4,2,20,11,9,7,4,3,3,2,1,5,2,3,4,2,2,28,12,16,63,24,39,30,17,13
S01010436,634,306,328,329,160,169,305,146,159,16,7,9,36,25,11,17,9,8,16,4,12,10,8,2,12,9,3,34,19,15,96,36,60,68,29,39
S01010437,406,193,213,222,104,118,184,89,95,6,3,3,16,11,5,15,9,6,4,0,4,5,3,2,1,0,1,28,16,12,67,34,33,42,13,29
S01010438,592,259,333,327,146,181,265,113,152,11,4,7,33,17,16,13,3,10,16,8,8,8,1,7,2,0,2,24,12,12,69,27,42,89,41,48
S01010439,772,340,432,484,216,268,288,124,164,14,8,6,38,21,17,26,12,14,14,8,6,9,2,7,9,4,5,30,16,14,65,23,42,83,30,53
S01010440,490,235,255,238,105,133,252,130,122,14,9,5,21,12,9,16,10,6,10,7,3,6,4,2,7,2,5,30,16,14,70,34,36,78,36,42
S01010441,686,314,372,532,243,289,154,71,83,12,7,5,20,11,9,26,13,13,13,7,6,5,3,2,6,5,1,14,5,9,35,12,23,23,8,15
S01010442,587,271,316,392,172,220,195,99,96,14,7,7,23,15,8,20,16,4,7,3,4,6,2,4,4,2,2,27,12,15,43,23,20,51,19,32
S01010443,378,163,215,240,105,135,138,58,80,11,4,7,15,5,10,10,3,7,7,3,4,1,0,1,8,3,5,16,7,9,46,20,26,24,13,11
S01010444,496,236,260,262,122,140,234,114,120,11,8,3,27,18,9,11,6,5,13,6,7,9,3,6,6,4,2,30,13,17,83,35,48,44,21,23
S01010445,581,270,311,306,152,154,275,118,157,10,8,2,23,12,11,10,4,6,6,3,3,7,3,4,8,2,6,21,8,13,113,44,69,77,34,43
S01010446,649,322,327,403,206,197,246,116,130,8,4,4,20,12,8,12,5,7,14,9,5,3,2,1,11,6,5,33,18,15,96,35,61,49,25,24
S01010447,747,372,375,349,165,184,398,207,191,7,2,5,50,27,23,25,12,13,12,5,7,13,4,9,12,4,8,51,31,20,135,68,67,93,54,39
S01010448,644,308,336,400,199,201,244,109,135,5,1,4,18,9,9,12,6,6,8,3,5,9,4,5,6,3,3,34,14,20,87,29,58,65,40,25
S01010449,571,263,308,293,137,156,278,126,152,7,5,2,28,15,13,17,5,12,16,6,10,7,4,3,16,8,8,32,13,19,108,43,65,47,27,20
S01010450,605,285,320,318,155,163,287,130,157,7,3,4,25,16,9,16,10,6,14,9,5,11,2,9,7,1,6,42,24,18,112,42,70,53,23,30
S01010451,600,322,278,281,147,134,319,175,144,7,5,2,30,21,9,38,29,9,15,7,8,16,8,8,4,3,1,49,27,22,91,41,50,69,34,35
S01010452,569,257,312,328,163,165,241,94,147,6,3,3,25,12,13,9,3,6,18,9,9,9,4,5,7,2,5,34,14,20,96,28,68,37,19,18
S01010453,513,267,246,234,123,111,279,144,135,8,2,6,33,19,14,24,14,10,17,7,10,9,6,3,4,2,2,32,18,14,68,35,33,84,41,43
S01010454,572,272,300,328,152,176,244,120,124,7,5,2,18,10,8,9,5,4,13,5,8,7,3,4,5,2,3,44,19,25,97,45,52,44,26,18
S01010455,697,339,358,302,153,149,395,186,209,8,5,3,31,15,16,33,21,12,17,11,6,14,5,9,14,8,6,47,16,31,159,78,81,72,27,45
S01010456,386,180,206,228,107,121,158,73,85,2,2,0,17,6,11,9,5,4,11,8,3,5,2,3,7,3,4,25,12,13,58,25,33,24,10,14
S01010457,466,227,239,243,118,125,223,109,114,9,9,0,25,20,5,23,7,16,8,3,5,3,1,2,6,3,3,24,14,10,72,29,43,53,23,30
S01010458,557,266,291,252,120,132,305,146,159,12,7,5,32,18,14,18,8,10,15,9,6,10,8,2,6,1,5,44,20,24,104,42,62,64,33,31
S01010459,409,190,219,197,99,98,212,91,121,2,1,1,25,9,16,17,5,12,5,3,2,15,8,7,8,4,4,24,8,16,68,28,40,48,25,23
S01010460,532,246,286,384,199,185,148,47,101,7,4,3,25,10,15,8,2,6,8,3,5,9,2,7,4,1,3,26,4,22,25,7,18,36,14,22
S01010461,519,259,260,245,124,121,274,135,139,8,4,4,24,17,7,17,6,11,18,13,5,9,2,7,14,6,8,32,14,18,92,42,50,60,31,29
S01010462,614,363,251,187,105,82,427,258,169,12,7,5,28,23,5,25,15,10,28,19,9,10,7,3,10,9,1,29,15,14,74,45,29,211,118,93
S01010463,567,271,296,350,175,175,217,96,121,7,3,4,23,10,13,13,6,7,14,8,6,4,4,0,7,4,3,38,18,20,64,27,37,47,16,31
S01010464,369,180,189,237,114,123,132,66,66,6,3,3,11,7,4,7,1,6,9,7,2,3,2,1,6,5,1,21,10,11,42,14,28,27,17,10
S01010465,769,343,426,572,260,312,197,83,114,9,4,5,30,15,15,14,5,9,12,5,7,7,4,3,9,5,4,23,12,11,50,15,35,43,18,25
S01010466,753,357,396,531,257,274,222,100,122,12,5,7,34,18,16,24,12,12,18,8,10,12,4,8,3,3,0,23,11,12,32,18,14,64,21,43
S01010467,596,270,326,356,183,173,240,87,153,11,4,7,32,8,24,16,7,9,11,5,6,15,4,11,17,8,9,28,13,15,74,26,48,36,12,24
S01010468,726,330,396,492,235,257,234,95,139,13,7,6,47,20,27,15,4,11,14,6,8,9,5,4,11,5,6,27,10,17,41,14,27,57,24,33
S01010469,473,245,228,273,145,128,200,100,100,11,7,4,25,7,18,15,9,6,18,9,9,6,4,2,7,2,5,27,11,16,55,30,25,36,21,15
S01010470,536,250,286,332,159,173,204,91,113,1,0,1,27,12,15,11,1,10,10,7,3,5,5,0,7,3,4,26,12,14,75,26,49,42,25,17
S01010471,472,207,265,256,126,130,216,81,135,8,3,5,20,14,6,17,6,11,4,3,1,6,1,5,12,2,10,17,7,10,79,24,55,53,21,32
S01010472,449,203,246,322,152,170,127,51,76,3,0,3,18,10,8,18,6,12,11,6,5,6,2,4,3,0,3,10,4,6,28,12,16,30,11,19
S01010473,630,290,340,407,196,211,223,94,129,12,6,6,40,17,23,13,5,8,16,7,9,18,8,10,8,4,4,23,11,12,56,22,34,37,14,23
S01010474,672,327,345,432,231,201,240,96,144,12,5,7,47,23,24,23,13,10,17,7,10,3,1,2,6,3,3,24,9,15,47,20,27,61,15,46
S01010475,560,259,301,435,212,223,125,47,78,11,6,5,29,8,21,11,4,7,6,2,4,8,3,5,5,3,2,14,5,9,19,7,12,22,9,13
S01010476,747,338,409,458,216,242,289,122,167,12,7,5,40,16,24,23,7,16,16,7,9,8,0,8,10,6,4,35,17,18,85,29,56,60,33,27
S01010477,559,260,299,339,160,179,220,100,120,8,4,4,22,14,8,12,8,4,13,7,6,5,2,3,6,1,5,29,10,19,89,35,54,36,19,17
S01010478,776,405,371,416,211,205,360,194,166,6,3,3,45,25,20,26,16,10,17,12,5,13,6,7,8,5,3,49,24,25,130,72,58,66,31,35
S01010479,735,343,392,416,198,218,319,145,174,17,9,8,38,17,21,20,9,11,22,8,14,12,6,6,4,0,4,42,23,19,108,45,63,56,28,28
S01010480,417,200,217,234,123,111,183,77,106,6,3,3,15,7,8,12,3,9,10,6,4,4,1,3,4,2,2,23,9,14,71,28,43,38,18,20
S01010481,459,209,250,205,100,105,254,109,145,15,11,4,27,17,10,18,8,10,10,3,7,6,1,5,10,3,7,20,7,13,76,29,47,72,30,42
S01010482,547,260,287,323,155,168,224,105,119,7,5,2,20,13,7,10,4,6,7,4,3,4,1,3,7,3,4,28,13,15,88,28,60,53,34,19
S01010483,758,359,399,440,222,218,318,137,181,8,5,3,27,12,15,18,11,7,11,6,5,10,3,7,17,6,11,54,13,41,124,59,65,49,22,27
S01010484,428,197,231,246,115,131,182,82,100,6,4,2,18,10,8,13,6,7,6,1,5,7,3,4,9,3,6,25,10,15,60,27,33,38,18,20
S01010485,684,332,352,432,215,217,252,117,135,17,12,5,28,13,15,15,8,7,11,6,5,11,3,8,6,2,4,32,14,18,69,29,40,63,30,33
S01010486,709,335,374,495,250,245,214,85,129,10,4,6,21,10,11,20,7,13,15,5,10,13,9,4,9,3,6,29,14,15,54,19,35,43,14,29
S01010487,683,328,355,436,212,224,247,116,131,13,7,6,26,15,11,17,8,9,15,8,7,5,2,3,7,1,6,49,21,28,72,33,39,43,21,22
S01010488,559,244,315,281,136,145,278,108,170,10,4,6,40,15,25,14,7,7,19,9,10,6,3,3,4,2,2,39,13,26,64,26,38,82,29,53
S01010489,719,348,371,381,182,199,338,166,172,16,10,6,29,14,15,27,20,7,14,4,10,12,7,5,11,6,5,43,20,23,106,44,62,80,41,39
S01010490,508,217,291,224,98,126,284,119,165,6,4,2,32,19,13,26,15,11,22,5,17,15,5,10,15,3,12,26,9,17,67,32,35,75,27,48
S01010491,610,248,362,273,114,159,337,134,203,13,8,5,34,17,17,25,12,13,20,9,11,20,9,11,15,3,12,38,11,27,81,28,53,91,37,54
S01010492,395,169,226,137,59,78,258,110,148,8,2,6,32,17,15,17,7,10,8,2,6,5,3,2,4,2,2,36,21,15,76,32,44,72,24,48
S01010493,473,201,272,192,87,105,281,114,167,4,2,2,45,25,20,17,8,9,17,3,14,6,3,3,12,5,7,28,7,21,69,30,39,83,31,52
S01010494,464,221,243,268,127,141,196,94,102,9,5,4,26,12,14,21,13,8,10,6,4,4,2,2,4,2,2,12,2,10,46,21,25,64,31,33
S01010495,626,273,353,280,123,157,346,150,196,5,2,3,37,19,18,24,11,13,9,8,1,16,8,8,19,10,9,46,15,31,88,37,51,102,40,62
S01010496,598,267,331,261,109,152,337,158,179,10,6,4,35,21,14,11,4,7,10,5,5,13,7,6,4,0,4,26,9,17,105,52,53,123,54,69
S01010497,547,252,295,281,129,152,266,123,143,6,5,1,31,21,10,16,9,7,7,3,4,15,4,11,3,0,3,18,8,10,70,32,38,100,41,59
S01010498,624,267,357,274,110,164,350,157,193,4,0,4,33,21,12,24,17,7,21,9,12,10,4,6,9,3,6,36,15,21,107,42,65,106,46,60
S01010499,586,301,285,174,93,81,412,208,204,6,3,3,30,15,15,23,19,4,26,12,14,11,6,5,13,8,5,38,22,16,120,55,65,145,68,77
S01010500,732,317,415,336,146,190,396,171,225,9,6,3,31,16,15,18,10,8,20,10,10,23,5,18,6,2,4,48,14,34,105,42,63,136,66,70
S01010501,673,291,382,367,165,202,306,126,180,10,5,5,31,19,12,19,9,10,17,9,8,13,6,7,6,4,2,38,14,24,96,28,68,76,32,44
S01010502,599,270,329,394,184,210,205,86,119,8,6,2,27,19,8,11,2,9,8,2,6,8,3,5,7,1,6,16,5,11,61,22,39,59,26,33
S01010503,503,221,282,240,108,132,263,113,150,9,2,7,17,12,5,13,7,6,15,9,6,8,4,4,6,2,4,14,7,7,100,40,60,81,30,51
S01010504,389,194,195,258,135,123,131,59,72,2,2,0,20,5,15,10,6,4,6,3,3,9,5,4,5,2,3,30,13,17,37,19,18,12,4,8
S01010505,423,199,224,282,148,134,141,51,90,7,1,6,21,12,9,10,3,7,18,3,15,5,0,5,7,1,6,20,8,12,38,20,18,15,3,12
S01010506,629,302,327,442,233,209,187,69,118,10,4,6,24,6,18,18,5,13,7,3,4,6,2,4,5,2,3,45,17,28,52,21,31,20,9,11
S01010507,588,290,298,415,216,199,173,74,99,8,5,3,36,15,21,11,6,5,7,2,5,7,2,5,9,1,8,25,12,13,38,13,25,32,18,14
S01010508,736,371,365,495,262,233,241,109,132,8,4,4,30,16,14,18,9,9,14,4,10,7,2,5,11,4,7,57,24,33,69,29,40,27,17,10
S01010509,735,374,361,538,284,254,197,90,107,10,3,7,18,9,9,22,12,10,14,4,10,10,2,8,10,4,6,54,29,25,41,15,26,18,12,6
S01010510,571,272,299,383,196,187,188,76,112,5,2,3,23,10,13,17,7,10,8,3,5,7,3,4,5,1,4,37,14,23,64,22,42,22,14,8
S01010511,620,298,322,426,218,208,194,80,114,9,5,4,27,9,18,16,8,8,11,1,10,11,0,11,9,4,5,27,15,12,61,24,37,23,14,9
S01010512,420,199,221,269,136,133,151,63,88,4,2,2,18,9,9,15,8,7,11,5,6,5,1,4,8,0,8,30,14,16,49,20,29,11,4,7
S01010513,576,292,284,416,223,193,160,69,91,7,3,4,26,7,19,12,9,3,7,3,4,11,5,6,8,4,4,32,13,19,44,18,26,13,7,6
S01010514,504,239,265,360,179,181,144,60,84,2,0,2,19,8,11,15,7,8,5,1,4,9,4,5,9,2,7,25,10,15,36,17,19,24,11,13
S01010515,600,278,322,408,206,202,192,72,120,8,0,8,28,15,13,15,6,9,20,10,10,8,2,6,12,4,8,33,12,21,46,13,33,22,10,12
S01010516,477,237,240,329,174,155,148,63,85,6,4,2,16,8,8,20,8,12,10,4,6,13,6,7,4,2,2,30,11,19,39,16,23,10,4,6
S01010517,642,322,320,432,240,192,210,82,128,13,7,6,34,21,13,31,9,22,7,1,6,7,3,4,9,4,5,38,14,24,43,16,27,28,7,21
S01010518,510,267,243,368,209,159,142,58,84,8,3,5,27,11,16,12,3,9,6,1,5,7,2,5,7,5,2,24,7,17,38,18,20,13,8,5
S01010519,542,255,287,373,190,183,169,65,104,9,4,5,27,10,17,15,5,10,13,4,9,8,3,5,11,6,5,32,11,21,32,13,19,22,9,13
S01010520,667,323,344,495,255,240,172,68,104,4,1,3,28,13,15,8,3,5,8,3,5,10,4,6,6,2,4,33,11,22,60,22,38,15,9,6
S01010521,563,273,290,401,209,192,162,64,98,10,6,4,37,16,21,15,4,11,8,3,5,5,1,4,3,0,3,30,15,15,42,15,27,12,4,8
S01010522,441,227,214,303,162,141,138,65,73,12,7,5,25,12,13,9,4,5,11,2,9,6,2,4,4,3,1,20,8,12,26,11,15,25,16,9
S01010523,433,196,237,277,129,148,156,67,89,6,3,3,33,15,18,16,5,11,14,5,9,11,4,7,9,4,5,25,10,15,27,11,16,15,10,5
S01010524,415,206,209,288,152,136,127,54,73,5,4,1,17,10,7,14,5,9,10,5,5,8,2,6,10,1,9,22,9,13,32,13,19,9,5,4
S01010525,486,243,243,309,179,130,177,64,113,7,1,6,17,5,12,13,5,8,8,2,6,13,6,7,11,4,7,37,17,20,52,17,35,19,7,12
S01010526,581,296,285,413,225,188,168,71,97,6,2,4,34,15,19,20,8,12,6,3,3,5,1,4,9,4,5,32,11,21,47,23,24,9,4,5
S01010527,658,319,339,414,212,202,244,107,137,11,6,5,41,23,18,15,6,9,10,7,3,15,8,7,7,2,5,47,22,25,79,27,52,19,6,13
S01010528,445,236,209,328,189,139,117,47,70,2,2,0,17,9,8,14,5,9,8,4,4,6,2,4,4,3,1,23,7,16,27,11,16,16,4,12
S01010529,528,263,265,369,193,176,159,70,89,11,9,2,17,8,9,13,3,10,7,4,3,10,4,6,10,6,4,31,16,15,45,14,31,15,6,9
S01010530,501,252,249,354,187,167,147,65,82,8,5,3,21,7,14,12,5,7,8,3,5,5,0,5,8,5,3,30,17,13,42,16,26,13,7,6
S01010531,803,382,421,587,304,283,216,78,138,14,8,6,37,13,24,20,9,11,11,3,8,8,5,3,13,4,9,34,16,18,58,16,42,21,4,17
S01010532,411,208,203,279,154,125,132,54,78,6,3,3,26,13,13,14,5,9,12,6,6,10,4,6,8,3,5,16,8,8,32,11,21,8,1,7
S01010533,419,214,205,284,158,126,135,56,79,7,4,3,9,6,3,13,8,5,5,1,4,10,6,4,9,2,7,26,13,13,45,11,34,11,5,6
S01010534,654,314,340,448,223,225,206,91,115,10,8,2,48,23,25,12,4,8,11,7,4,8,3,5,10,4,6,30,10,20,45,15,30,32,17,15
S01010535,524,253,271,356,188,168,168,65,103,13,6,7,20,11,9,12,4,8,8,2,6,10,4,6,9,3,6,34,18,16,47,12,35,15,5,10
S01010536,631,313,318,449,226,223,182,87,95,8,4,4,22,12,10,14,6,8,13,8,5,6,1,5,10,7,3,45,22,23,52,19,33,12,8,4
S01010537,630,326,304,487,259,228,143,67,76,6,3,3,23,14,9,14,5,9,13,5,8,12,5,7,3,0,3,27,15,12,31,11,20,14,9,5
S01010538,585,277,308,442,220,222,143,57,86,7,7,0,32,10,22,19,6,13,16,8,8,7,2,5,6,1,5,20,6,14,23,10,13,13,7,6
S01010539,913,462,451,717,377,340,196,85,111,12,6,6,33,16,17,15,6,9,16,7,9,5,3,2,8,4,4,40,18,22,58,21,37,9,4,5
S01010540,475,229,246,322,164,158,153,65,88,10,6,4,19,8,11,14,3,11,6,3,3,8,1,7,5,4,1,32,16,16,43,13,30,16,11,5
S01010541,649,303,346,453,218,235,196,85,111,9,5,4,36,18,18,14,9,5,12,4,8,14,7,7,13,5,8,44,16,28,47,16,31,7,5,2
S01010542,673,345,328,456,248,208,217,97,120,8,4,4,28,14,14,18,8,10,12,4,8,12,6,6,9,5,4,49,25,24,61,22,39,20,9,11
S01010543,470,236,234,344,186,158,126,50,76,10,4,6,19,10,9,8,4,4,11,5,6,6,4,2,7,2,5,26,9,17,28,9,19,11,3,8
S01010544,625,295,330,426,219,207,199,76,123,9,5,4,23,11,12,27,13,14,21,5,16,10,2,8,14,6,8,36,15,21,36,8,28,23,11,12
S01010545,509,256,253,332,177,155,177,79,98,8,6,2,25,12,13,12,3,9,4,4,0,14,6,8,6,3,3,32,16,16,58,19,39,18,10,8
S01010546,544,265,279,372,195,177,172,70,102,5,1,4,31,15,16,14,6,8,16,10,6,6,4,2,14,6,8,19,5,14,46,13,33,21,10,11
S01010547,567,289,278,379,214,165,188,75,113,8,1,7,20,12,8,11,3,8,13,7,6,8,4,4,8,5,3,42,22,20,58,13,45,20,8,12
S01010548,487,249,238,296,157,139,191,92,99,4,3,1,19,14,5,7,5,2,13,6,7,9,5,4,11,4,7,56,25,31,59,21,38,13,9,4
S01010549,660,316,344,467,246,221,193,70,123,10,5,5,22,8,14,15,7,8,17,8,9,13,3,10,12,4,8,41,12,29,45,14,31,18,9,9
S01010550,397,200,197,280,148,132,117,52,65,9,6,3,15,8,7,9,4,5,6,3,3,7,2,5,6,2,4,19,8,11,28,10,18,18,9,9
S01010551,485,239,246,337,183,154,148,56,92,4,3,1,25,13,12,15,5,10,10,4,6,9,3,6,8,3,5,25,7,18,33,8,25,19,10,9
S01010552,582,284,298,407,225,182,175,59,116,10,4,6,17,6,11,9,2,7,8,1,7,17,8,9,8,4,4,41,13,28,47,13,34,18,8,10
S01010553,486,253,233,328,190,138,158,63,95,9,5,4,28,10,18,9,3,6,11,2,9,7,2,5,12,7,5,24,8,16,44,19,25,14,7,7
S01010554,563,270,293,378,199,179,185,71,114,20,8,12,12,5,7,13,4,9,17,7,10,6,3,3,7,5,2,35,11,24,55,19,36,20,9,11
S01010555,711,360,351,478,251,227,233,109,124,13,5,8,46,33,13,27,7,20,12,8,4,14,6,8,7,3,4,40,18,22,52,18,34,22,11,11
S01010556,670,322,348,366,183,183,304,139,165,8,5,3,31,24,7,26,10,16,19,5,14,11,4,7,15,6,9,61,24,37,86,39,47,47,22,25
S01010557,440,203,237,276,139,137,164,64,100,13,7,6,21,8,13,13,5,8,12,4,8,4,1,3,7,3,4,24,12,12,44,16,28,26,8,18
S01010558,586,281,305,312,167,145,274,114,160,9,6,3,32,17,15,23,11,12,15,3,12,7,0,7,11,3,8,56,25,31,90,33,57,31,16,15
S01010559,491,239,252,290,162,128,201,77,124,6,4,2,20,10,10,22,11,11,16,4,12,2,1,1,8,1,7,44,19,25,65,15,50,18,12,6
S01010560,487,220,267,331,159,172,156,61,95,8,4,4,16,8,8,14,4,10,9,4,5,3,1,2,4,1,3,31,10,21,55,24,31,16,5,11
S01010561,495,233,262,327,174,153,168,59,109,6,3,3,16,6,10,15,8,7,11,2,9,17,5,12,7,3,4,39,16,23,39,6,33,18,10,8
S01010562,553,267,286,391,194,197,162,73,89,8,3,5,20,12,8,8,2,6,15,8,7,7,4,3,5,5,0,25,12,13,59,18,41,15,9,6
S01010563,390,193,197,263,142,121,127,51,76,5,4,1,17,9,8,15,8,7,8,2,6,5,3,2,9,3,6,18,3,15,34,10,24,16,9,7
S01010564,386,212,174,214,124,90,172,88,84,5,4,1,17,8,9,16,10,6,7,4,3,9,5,4,5,0,5,30,17,13,65,30,35,18,10,8
S01010565,492,239,253,282,153,129,210,86,124,16,9,7,33,10,23,10,5,5,10,6,4,11,4,7,12,4,8,41,19,22,57,18,39,20,11,9
S01010566,798,416,382,586,315,271,212,101,111,8,7,1,36,18,18,21,7,14,10,5,5,11,4,7,6,1,5,40,20,20,52,25,27,28,14,14
S01010567,795,409,386,567,302,265,228,107,121,7,2,5,33,21,12,22,9,13,11,3,8,12,6,6,4,1,3,29,12,17,49,17,32,61,36,25
S01010568,742,375,367,529,277,252,213,98,115,6,2,4,41,20,21,16,5,11,19,6,13,9,3,6,9,5,4,30,13,17,45,20,25,38,24,14
S01010569,675,388,287,522,329,193,153,59,94,11,8,3,21,9,12,12,3,9,14,8,6,7,0,7,4,0,4,21,10,11,32,7,25,31,14,17
S01010570,777,376,401,515,263,252,262,113,149,17,11,6,38,18,20,18,9,9,17,5,12,15,5,10,11,4,7,41,12,29,70,30,40,35,19,16
S01010571,626,332,294,493,266,227,133,66,67,12,9,3,25,11,14,8,1,7,15,7,8,5,3,2,4,2,2,23,12,11,32,14,18,9,7,2
S01010572,590,276,314,410,207,203,180,69,111,9,4,5,30,16,14,25,6,19,10,3,7,8,3,5,11,2,9,28,12,16,41,16,25,18,7,11
S01010573,406,196,210,312,150,162,94,46,48,5,4,1,10,6,4,10,6,4,8,5,3,3,2,1,4,2,2,17,9,8,28,8,20,9,4,5
S01010574,416,209,207,313,160,153,103,49,54,4,2,2,14,9,5,9,3,6,6,2,4,5,2,3,4,3,1,14,7,7,29,8,21,18,13,5
S01010575,511,242,269,350,175,175,161,67,94,13,5,8,19,10,9,7,1,6,10,7,3,11,4,7,11,6,5,34,13,21,42,14,28,14,7,7
S01010576,613,288,325,425,212,213,188,76,112,14,8,6,23,9,14,18,7,11,13,6,7,13,8,5,9,3,6,25,12,13,56,16,40,17,7,10
S01010577,659,308,351,436,233,203,223,75,148,12,5,7,31,12,19,22,6,16,6,3,3,11,4,7,6,2,4,39,10,29,50,13,37,46,20,26
S01010578,436,200,236,335,160,175,101,40,61,11,6,5,12,6,6,7,6,1,6,1,5,1,0,1,8,5,3,13,2,11,24,7,17,19,7,12
S01010579,580,281,299,431,224,207,149,57,92,6,1,5,21,12,9,11,6,5,8,2,6,6,1,5,7,4,3,24,10,14,46,13,33,20,8,12
S01010580,444,229,215,321,176,145,123,53,70,3,1,2,17,9,8,12,3,9,6,1,5,6,1,5,6,5,1,16,5,11,33,14,19,24,14,10
S01010581,402,192,210,320,159,161,82,33,49,4,2,2,13,4,9,9,5,4,4,1,3,2,1,1,2,1,1,14,5,9,19,6,13,15,8,7
S01010582,346,168,178,255,136,119,91,32,59,2,1,1,9,4,5,14,2,12,3,1,2,2,1,1,5,3,2,9,3,6,24,6,18,23,11,12
S01010583,742,338,404,563,276,287,179,62,117,15,7,8,30,8,22,10,4,6,10,2,8,7,3,4,7,2,5,29,13,16,46,9,37,25,14,11
S01010584,580,266,314,439,214,225,141,52,89,4,1,3,24,12,12,21,3,18,11,3,8,10,1,9,4,1,3,16,7,9,22,6,16,29,18,11
S01010585,595,275,320,512,248,264,83,27,56,8,5,3,12,3,9,8,1,7,5,2,3,4,1,3,3,0,3,14,2,12,8,3,5,21,10,11
S01010586,591,275,316,430,211,219,161,64,97,8,5,3,24,14,10,9,6,3,15,5,10,9,5,4,7,2,5,37,16,21,42,7,35,10,4,6
S01010587,527,253,274,367,181,186,160,72,88,6,5,1,23,15,8,12,5,7,10,7,3,9,5,4,9,4,5,23,7,16,38,11,27,30,13,17
S01010588,460,222,238,321,170,151,139,52,87,8,4,4,19,9,10,8,1,7,6,3,3,9,2,7,10,6,4,30,8,22,34,10,24,15,9,6
S01010589,482,233,249,364,183,181,118,50,68,3,3,0,13,8,5,6,3,3,5,0,5,4,1,3,7,2,5,15,9,6,42,14,28,23,10,13
S01010590,600,295,305,465,249,216,135,46,89,7,4,3,30,13,17,10,2,8,13,3,10,3,1,2,3,1,2,31,14,17,27,6,21,11,2,9
S01010591,531,253,278,444,220,224,87,33,54,6,2,4,18,11,7,11,4,7,6,0,6,4,3,1,5,2,3,12,2,10,12,2,10,13,7,6
S01010592,402,190,212,307,150,157,95,40,55,4,2,2,10,8,2,11,4,7,2,1,1,2,1,1,4,1,3,19,6,13,31,12,19,12,5,7
S01010593,465,215,250,344,177,167,121,38,83,6,2,4,14,5,9,11,5,6,5,2,3,2,1,1,2,1,1,26,8,18,38,7,31,17,7,10
S01010594,488,226,262,393,196,197,95,30,65,6,2,4,16,6,10,9,3,6,10,3,7,1,0,1,4,2,2,17,5,12,17,3,14,15,6,9
S01010595,555,266,289,458,227,231,97,39,58,8,5,3,20,8,12,11,3,8,4,0,4,4,0,4,4,2,2,12,1,11,16,7,9,18,13,5
S01010596,609,306,303,465,250,215,144,56,88,7,3,4,27,9,18,18,8,10,9,2,7,10,5,5,5,3,2,22,7,15,33,9,24,13,10,3
S01010597,481,231,250,391,191,200,90,40,50,7,3,4,18,9,9,9,2,7,7,1,6,4,1,3,4,3,1,10,3,7,15,9,6,16,9,7
S01010598,728,351,377,600,318,282,128,33,95,10,5,5,25,8,17,10,1,9,5,2,3,3,0,3,8,3,5,18,2,16,19,4,15,30,8,22
S01010599,447,201,246,330,157,173,117,44,73,4,2,2,15,9,6,12,4,8,3,2,1,9,3,6,1,0,1,29,9,20,34,10,24,10,5,5
S01010600,698,348,350,473,259,214,225,89,136,12,2,10,36,21,15,17,7,10,14,5,9,10,4,6,9,3,6,38,12,26,61,19,42,28,16,12
S01010601,450,211,239,289,147,142,161,64,97,6,3,3,21,13,8,4,1,3,15,4,11,7,1,6,5,1,4,23,8,15,65,24,41,15,9,6
S01010602,422,209,213,318,160,158,104,49,55,10,5,5,22,16,6,8,4,4,6,4,2,4,2,2,5,1,4,18,4,14,21,7,14,10,6,4
S01010603,600,290,310,431,226,205,169,64,105,7,3,4,17,9,8,18,6,12,14,4,10,15,5,10,7,1,6,29,14,15,50,15,35,12,7,5
S01010604,344,173,171,246,132,114,98,41,57,5,3,2,20,11,9,9,5,4,3,1,2,4,3,1,5,0,5,11,3,8,31,10,21,10,5,5
S01010605,668,333,335,454,238,216,214,95,119,5,3,2,30,15,15,11,7,4,12,6,6,7,4,3,11,5,6,48,15,33,63,22,41,27,18,9
S01010606,581,272,309,390,192,198,191,80,111,7,5,2,36,16,20,10,2,8,10,3,7,5,0,5,5,2,3,29,11,18,64,28,36,25,13,12
S01010607,603,306,297,447,237,210,156,69,87,5,4,1,29,14,15,12,6,6,13,7,6,3,0,3,3,2,1,30,10,20,41,10,31,20,16,4
S01010608,477,215,262,284,143,141,193,72,121,9,6,3,19,4,15,14,6,8,13,4,9,19,7,12,7,1,6,26,13,13,59,20,39,27,11,16
S01010609,429,211,218,293,150,143,136,61,75,6,4,2,14,7,7,8,3,5,13,5,8,7,3,4,8,3,5,20,8,12,40,17,23,20,11,9
S01010610,525,252,273,328,161,167,197,91,106,6,3,3,35,19,16,19,13,6,7,4,3,10,6,4,9,4,5,41,14,27,55,19,36,15,9,6
S01010611,717,347,370,514,266,248,203,81,122,6,3,3,39,20,19,20,5,15,9,5,4,6,3,3,9,5,4,25,8,17,67,25,42,22,7,15
S01010612,567,274,293,400,203,197,167,71,96,7,5,2,23,11,12,21,11,10,7,1,6,9,5,4,8,1,7,27,9,18,46,15,31,19,13,6
S01010613,522,235,287,326,154,172,196,81,115,8,5,3,24,12,12,17,8,9,6,3,3,9,2,7,8,2,6,42,18,24,68,22,46,14,9,5
S01010614,411,197,214,260,130,130,151,67,84,8,2,6,25,11,14,16,6,10,12,10,2,6,3,3,2,2,0,21,11,10,39,12,27,22,10,12
S01010615,639,311,328,496,258,238,143,53,90,10,3,7,24,6,18,17,5,12,9,2,7,7,3,4,6,2,4,20,11,9,38,18,20,12,3,9
S01010616,640,304,336,475,241,234,165,63,102,9,4,5,16,8,8,16,7,9,13,6,7,9,4,5,12,6,6,28,9,19,41,11,30,21,8,13
S01010617,688,322,366,527,260,267,161,62,99,8,5,3,27,14,13,11,7,4,3,2,1,9,4,5,8,5,3,35,9,26,41,11,30,19,5,14
S01010618,600,292,308,479,241,238,121,51,70,6,3,3,23,14,9,11,4,7,7,4,3,6,2,4,10,6,4,18,9,9,29,6,23,11,3,8
S01010619,499,269,230,371,198,173,128,71,57,9,6,3,23,10,13,14,6,8,9,6,3,9,4,5,3,2,1,15,6,9,22,13,9,24,18,6
S01010620,545,301,244,360,199,161,185,102,83,13,8,5,55,31,24,16,9,7,11,4,7,5,2,3,7,6,1,19,8,11,23,16,7,36,18,18
S01010621,741,395,346,505,290,215,236,105,131,18,11,7,21,11,10,23,11,12,6,1,5,16,7,9,10,3,7,23,7,16,69,29,40,50,25,25
S01010622,469,213,256,313,147,166,156,66,90,6,2,4,21,15,6,16,8,8,11,3,8,8,1,7,4,3,1,24,6,18,49,21,28,17,7,10
S01010623,548,257,291,390,229,161,158,28,130,6,4,2,29,7,22,23,0,23,18,1,17,14,1,13,6,0,6,21,3,18,26,7,19,15,5,10
S01010624,519,244,275,341,178,163,178,66,112,8,1,7,43,13,30,15,8,7,3,1,2,5,0,5,10,8,2,25,12,13,48,16,32,21,7,14
S01010625,578,289,289,379,205,174,199,84,115,3,3,0,25,14,11,12,5,7,8,4,4,5,2,3,13,6,7,43,16,27,74,25,49,16,9,7
S01010626,619,290,329,389,198,191,230,92,138,8,2,6,20,8,12,15,8,7,14,8,6,8,3,5,6,4,2,50,22,28,76,22,54,33,15,18
S01010627,637,342,295,462,255,207,175,87,88,10,8,2,26,14,12,14,6,8,5,1,4,4,2,2,5,2,3,30,10,20,48,23,25,33,21,12
S01010628,792,433,359,549,290,259,243,143,100,18,15,3,51,32,19,18,11,7,10,7,3,16,10,6,5,4,1,45,24,21,50,19,31,30,21,9
S01010629,654,319,335,432,221,211,222,98,124,10,5,5,31,15,16,17,8,9,17,9,8,5,1,4,5,1,4,41,16,25,70,30,40,26,13,13
S01010630,441,191,250,298,132,166,143,59,84,4,3,1,12,4,8,13,5,8,16,5,11,9,5,4,8,3,5,20,8,12,33,13,20,28,13,15
S01010631,462,236,226,348,183,165,114,53,61,7,4,3,19,8,11,10,7,3,10,6,4,5,3,2,6,2,4,19,11,8,31,9,22,7,3,4
S01010632,681,325,356,422,216,206,259,109,150,10,9,1,32,15,17,22,11,11,18,6,12,10,5,5,6,3,3,52,22,30,82,25,57,27,13,14
S01010633,704,345,359,427,230,197,277,115,162,19,7,12,31,13,18,17,7,10,18,8,10,12,7,5,9,3,6,48,20,28,83,32,51,40,18,22
S01010634,476,238,238,321,165,156,155,73,82,8,5,3,26,12,14,11,4,7,6,3,3,10,5,5,7,3,4,25,12,13,49,22,27,13,7,6
S01010635,577,289,288,365,193,172,212,96,116,9,5,4,23,12,11,21,6,15,8,5,3,10,5,5,7,3,4,23,7,16,77,35,42,34,18,16
S01010636,625,306,319,447,237,210,178,69,109,9,3,6,24,12,12,15,7,8,10,4,6,7,1,6,5,3,2,40,11,29,50,18,32,18,10,8
S01010637,445,234,211,301,163,138,144,71,73,8,5,3,15,6,9,15,11,4,10,4,6,7,2,5,10,7,3,14,9,5,49,17,32,16,10,6
S01010638,585,281,304,362,181,181,223,100,123,9,5,4,33,20,13,22,12,10,14,7,7,10,3,7,11,4,7,29,16,13,73,24,49,22,9,13
S01010639,871,429,442,557,289,268,314,140,174,11,8,3,58,27,31,39,20,19,22,9,13,14,9,5,13,4,9,42,17,25,72,25,47,43,21,22
S01010640,693,355,338,506,262,244,187,93,94,14,6,8,27,21,6,20,13,7,7,5,2,2,0,2,4,3,1,29,11,18,35,15,20,49,19,30
S01010641,726,364,362,421,221,200,305,143,162,18,15,3,38,20,18,32,11,21,18,6,12,23,9,14,18,8,10,50,22,28,58,29,29,50,23,27
S01010642,686,316,370,394,185,209,292,131,161,18,14,4,38,23,15,38,17,21,16,8,8,11,6,5,8,3,5,44,17,27,60,20,40,59,23,36
S01010643,511,233,278,296,149,147,215,84,131,9,6,3,36,18,18,21,9,12,10,2,8,13,6,7,7,2,5,25,8,17,43,12,31,51,21,30
S01010644,492,240,252,239,119,120,253,121,132,5,2,3,40,24,16,29,19,10,16,10,6,13,3,10,5,3,2,31,14,17,75,29,46,39,17,22
S01010645,445,226,219,350,184,166,95,42,53,4,3,1,13,7,6,11,2,9,9,4,5,4,2,2,4,2,2,14,8,6,25,9,16,11,5,6
S01010646,520,255,265,369,188,181,151,67,84,9,8,1,28,16,12,18,12,6,8,3,5,5,1,4,7,0,7,22,5,17,33,11,22,21,11,10
S01010647,522,263,259,388,208,180,134,55,79,6,4,2,21,12,9,11,4,7,10,2,8,4,2,2,7,5,2,16,4,12,39,13,26,20,9,11
S01010648,522,263,259,362,184,178,160,79,81,12,3,9,23,16,7,13,8,5,10,4,6,10,4,6,7,4,3,18,9,9,45,20,25,22,11,11
S01010649,415,210,205,303,163,140,112,47,65,8,4,4,12,7,5,9,4,5,12,8,4,5,1,4,9,4,5,24,5,19,27,12,15,6,2,4
S01010650,392,199,193,248,121,127,144,78,66,4,4,0,17,9,8,11,4,7,10,4,6,6,5,1,3,3,0,20,7,13,36,21,15,37,21,16
S01010651,533,254,279,350,185,165,183,69,114,6,5,1,26,12,14,16,5,11,7,3,4,8,3,5,5,0,5,33,13,20,49,12,37,33,16,17
S01010652,590,277,313,376,188,188,214,89,125,14,3,11,31,17,14,16,8,8,14,3,11,10,3,7,6,2,4,33,12,21,43,15,28,47,26,21
S01010653,482,233,249,357,183,174,125,50,75,7,5,2,15,8,7,12,3,9,5,1,4,8,3,5,9,5,4,20,8,12,29,7,22,20,10,10
S01010654,603,286,317,408,202,206,195,84,111,13,5,8,33,15,18,12,9,3,7,5,2,9,1,8,11,4,7,29,12,17,52,19,33,29,14,15
S01010655,657,327,330,466,249,217,191,78,113,10,5,5,35,18,17,10,5,5,12,4,8,8,4,4,6,1,5,38,16,22,54,17,37,18,8,10
S01010656,335,163,172,218,119,99,117,44,73,7,2,5,16,6,10,14,4,10,6,3,3,5,1,4,5,2,3,22,12,10,33,9,24,9,5,4
S01010657,498,255,243,352,196,156,146,59,87,6,2,4,26,11,15,15,6,9,9,4,5,5,0,5,3,2,1,25,13,12,41,13,28,16,8,8
S01010658,562,275,287,375,194,181,187,81,106,9,5,4,36,18,18,9,4,5,13,8,5,6,2,4,12,4,8,31,11,20,56,19,37,15,10,5
S01010659,501,257,244,332,178,154,169,79,90,8,6,2,23,11,12,12,8,4,11,9,2,12,4,8,2,1,1,23,8,15,51,16,35,27,16,11
S01010660,437,215,222,294,161,133,143,54,89,8,5,3,17,3,14,8,4,4,7,3,4,6,1,5,7,3,4,28,13,15,48,14,34,14,8,6
S01010661,449,213,236,325,173,152,124,40,84,8,5,3,17,7,10,21,6,15,5,0,5,7,1,6,4,2,2,14,5,9,33,9,24,15,5,10
S01010662,554,263,291,398,201,197,156,62,94,4,1,3,15,7,8,11,6,5,12,3,9,11,3,8,10,4,6,33,13,20,37,12,25,23,13,10
S01010663,709,354,355,479,270,209,230,84,146,13,6,7,26,8,18,16,6,10,11,7,4,18,6,12,16,6,10,37,17,20,76,21,55,17,7,10
S01010664,619,300,319,434,220,214,185,80,105,9,5,4,27,12,15,16,5,11,7,4,3,6,3,3,10,3,7,40,19,21,53,18,35,17,11,6
S01010665,686,343,343,436,234,202,250,109,141,6,4,2,44,22,22,21,5,16,20,9,11,11,7,4,10,4,6,42,16,26,80,34,46,16,8,8
S01010666,680,320,360,447,220,227,233,100,133,13,7,6,37,18,19,16,8,8,4,1,3,13,4,9,9,4,5,45,21,24,75,27,48,21,10,11
S01010667,523,260,263,383,201,182,140,59,81,5,4,1,19,9,10,17,5,12,11,5,6,5,3,2,9,4,5,17,8,9,41,15,26,16,6,10
S01010668,834,416,418,542,302,240,292,114,178,15,10,5,47,21,26,18,6,12,19,9,10,14,9,5,17,5,12,53,18,35,85,28,57,24,8,16
S01010669,417,224,193,278,173,105,139,51,88,7,3,4,21,7,14,7,2,5,11,3,8,9,3,6,5,0,5,26,11,15,40,14,26,13,8,5
S01010670,522,262,260,354,193,161,168,69,99,5,4,1,30,10,20,17,4,13,8,3,5,5,2,3,9,4,5,29,14,15,40,16,24,25,12,13
S01010671,576,276,300,358,184,174,218,92,126,5,1,4,43,13,30,17,10,7,15,4,11,15,6,9,6,1,5,33,18,15,57,24,33,27,15,12
S01010672,468,240,228,299,161,138,169,79,90,9,5,4,36,17,19,11,6,5,6,2,4,8,6,2,3,2,1,28,15,13,46,10,36,22,16,6
S01010673,696,365,331,453,237,216,243,128,115,14,8,6,44,22,22,14,7,7,17,9,8,14,7,7,6,5,1,45,26,19,70,31,39,19,13,6
S01010674,715,364,351,485,272,213,230,92,138,8,6,2,40,17,23,17,4,13,16,8,8,10,3,7,10,3,7,56,22,34,54,17,37,19,12,7
S01010675,480,238,242,303,168,135,177,70,107,7,2,5,19,7,12,14,10,4,15,10,5,8,2,6,13,2,11,41,12,29,52,21,31,8,4,4
S01010676,713,340,373,442,233,209,271,107,164,9,2,7,65,23,42,21,11,10,15,7,8,10,5,5,6,2,4,54,21,33,67,30,37,24,6,18
S01010677,363,173,190,226,116,110,137,57,80,8,4,4,26,11,15,14,4,10,9,4,5,7,1,6,7,3,4,24,11,13,36,17,19,6,2,4
S01010678,472,242,230,309,168,141,163,74,89,5,0,5,32,12,20,8,3,5,14,8,6,8,4,4,5,4,1,28,14,14,45,20,25,18,9,9
S01010679,421,214,207,280,141,139,141,73,68,6,5,1,28,17,11,14,9,5,7,5,2,11,2,9,6,2,4,22,10,12,33,17,16,14,6,8
S01010680,472,230,242,314,162,152,158,68,90,6,2,4,30,12,18,12,5,7,6,5,1,6,4,2,7,3,4,27,13,14,50,19,31,14,5,9
S01010681,759,360,399,520,252,268,239,108,131,15,11,4,50,24,26,20,9,11,22,10,12,11,4,7,12,5,7,32,11,21,41,18,23,36,16,20
S01010682,731,363,368,500,257,243,231,106,125,5,4,1,37,19,18,20,12,8,10,6,4,17,11,6,15,2,13,52,22,30,51,20,31,24,10,14
S01010683,738,364,374,456,245,211,282,119,163,10,6,4,35,13,22,32,17,15,22,13,9,15,7,8,9,7,2,48,19,29,87,29,58,24,8,16
S01010684,612,303,309,385,207,178,227,96,131,17,10,7,37,11,26,16,7,9,16,9,7,8,3,5,11,4,7,42,18,24,67,28,39,13,6,7
S01010685,472,237,235,280,150,130,192,87,105,4,4,0,24,13,11,16,10,6,15,4,11,10,7,3,13,8,5,43,16,27,54,21,33,13,4,9
S01010686,523,267,256,344,186,158,179,81,98,10,1,9,26,10,16,15,7,8,6,2,4,5,4,1,9,6,3,33,17,16,53,24,29,22,10,12
S01010687,607,299,308,384,196,188,223,103,120,5,4,1,30,14,16,17,6,11,13,5,8,10,7,3,6,2,4,52,22,30,74,33,41,16,10,6
S01010688,560,292,268,372,209,163,188,83,105,3,2,1,25,10,15,15,6,9,9,3,6,14,5,9,10,6,4,38,23,15,62,23,39,12,5,7
S01010689,557,276,281,335,185,150,222,91,131,3,2,1,27,9,18,11,5,6,9,3,6,11,6,5,17,9,8,49,20,29,84,33,51,11,4,7
S01010690,466,238,228,334,184,150,132,54,78,6,2,4,27,12,15,6,2,4,8,4,4,6,2,4,4,2,2,23,12,11,41,14,27,11,4,7
S01010691,563,277,286,388,200,188,175,77,98,7,5,2,28,12,16,15,7,8,11,5,6,16,7,9,11,3,8,31,14,17,43,19,24,13,5,8
S01010692,538,259,279,406,210,196,132,49,83,6,3,3,16,6,10,8,3,5,16,4,12,11,2,9,6,3,3,28,14,14,23,9,14,18,5,13
S01010693,363,189,174,249,134,115,114,55,59,6,5,1,13,8,5,9,4,5,3,1,2,2,2,0,6,4,2,18,8,10,44,18,26,13,5,8
S01010694,425,213,212,239,128,111,186,85,101,3,1,2,21,10,11,8,4,4,16,11,5,14,9,5,11,6,5,38,15,23,63,22,41,12,7,5
S01010695,545,273,272,380,200,180,165,73,92,10,5,5,27,17,10,12,5,7,8,4,4,6,2,4,10,2,8,26,11,15,45,14,31,21,13,8
S01010696,721,371,350,519,284,235,202,87,115,6,2,4,29,13,16,14,9,5,14,8,6,10,3,7,9,2,7,36,16,20,58,22,36,26,12,14
S01010697,845,409,436,526,284,242,319,125,194,12,4,8,25,11,14,25,7,18,25,10,15,14,5,9,16,9,7,49,20,29,90,33,57,63,26,37
S01010698,560,279,281,350,176,174,210,103,107,10,5,5,35,17,18,21,12,9,9,1,8,8,3,5,8,3,5,45,21,24,53,27,26,21,14,7
S01010699,463,237,226,334,181,153,129,56,73,4,3,1,18,9,9,16,9,7,10,3,7,6,0,6,4,1,3,22,12,10,31,12,19,18,7,11
S01010700,457,225,232,324,171,153,133,54,79,7,5,2,18,9,9,16,6,10,6,1,5,7,4,3,9,5,4,19,7,12,40,11,29,11,6,5
S01010701,774,393,381,549,301,248,225,92,133,13,6,7,31,16,15,19,11,8,11,4,7,10,1,9,7,3,4,45,16,29,62,21,41,27,14,13
S01010702,747,380,367,511,278,233,236,102,134,10,7,3,30,19,11,15,8,7,11,2,9,9,8,1,10,2,8,44,16,28,80,23,57,27,17,10
S01010703,642,324,318,448,248,200,194,76,118,4,3,1,22,12,10,13,3,10,14,5,9,5,2,3,7,4,3,39,13,26,64,22,42,26,12,14
S01010704,471,230,241,299,162,137,172,68,104,5,4,1,24,11,13,8,3,5,11,2,9,8,3,5,12,4,8,33,8,25,51,25,26,20,8,12
S01010705,819,403,416,547,291,256,272,112,160,8,4,4,37,17,20,34,15,19,23,8,15,10,4,6,8,2,6,34,14,20,82,30,52,36,18,18
S01010706,490,247,243,315,182,133,175,65,110,7,3,4,34,15,19,16,5,11,20,9,11,6,0,6,12,1,11,23,9,14,33,13,20,24,10,14
S01010707,540,272,268,377,209,168,163,63,100,9,3,6,14,6,8,17,9,8,13,8,5,3,1,2,3,2,1,23,6,17,53,16,37,28,12,16
S01010708,412,202,210,289,151,138,123,51,72,6,3,3,15,7,8,7,3,4,10,6,4,5,2,3,4,1,3,24,12,12,36,8,28,16,9,7
S01010709,534,263,271,402,206,196,132,57,75,10,5,5,13,6,7,17,7,10,9,6,3,4,1,3,5,2,3,19,10,9,35,9,26,20,11,9
S01010710,553,255,298,341,174,167,212,81,131,16,10,6,38,13,25,15,4,11,14,7,7,7,3,4,16,3,13,26,10,16,45,17,28,35,14,21
S01010711,544,261,283,383,200,183,161,61,100,9,3,6,25,15,10,9,2,7,10,5,5,8,2,6,7,1,6,31,15,16,50,12,38,12,6,6
S01010712,525,257,268,356,186,170,169,71,98,3,1,2,27,12,15,10,4,6,9,5,4,9,4,5,4,2,2,28,11,17,45,15,30,34,17,17
S01010713,585,268,317,421,206,215,164,62,102,8,2,6,27,15,12,14,6,8,13,2,11,3,2,1,6,2,4,27,7,20,41,16,25,25,10,15
S01010714,531,239,292,310,153,157,221,86,135,1,0,1,31,22,9,22,8,14,14,8,6,10,4,6,9,2,7,39,14,25,63,21,42,32,7,25
S01010715,511,229,282,337,158,179,174,71,103,11,7,4,25,12,13,14,10,4,14,3,11,7,1,6,9,5,4,31,9,22,53,20,33,10,4,6
S01010716,649,322,327,451,236,215,198,86,112,12,3,9,37,24,13,11,8,3,15,7,8,5,2,3,11,5,6,31,14,17,52,14,38,24,9,15
S01010717,472,235,237,314,162,152,158,73,85,5,3,2,12,6,6,9,3,6,8,6,2,11,6,5,5,3,2,32,16,16,55,20,35,21,10,11
S01010718,702,342,360,498,262,236,204,80,124,12,6,6,28,11,17,17,8,9,13,6,7,10,1,9,6,3,3,35,17,18,52,11,41,31,17,14
S01010719,460,220,240,316,167,149,144,53,91,5,3,2,22,9,13,3,0,3,9,3,6,5,1,4,4,1,3,40,16,24,34,9,25,22,11,11
S01010720,520,244,276,323,167,156,197,77,120,8,3,5,26,15,11,17,8,9,12,3,9,5,1,4,9,4,5,30,11,19,69,21,48,21,11,10
S01010721,477,225,252,318,165,153,159,60,99,6,3,3,20,5,15,8,5,3,10,4,6,10,3,7,9,4,5,36,13,23,47,17,30,13,6,7
S01010722,605,282,323,406,201,205,199,81,118,15,9,6,30,18,12,7,3,4,9,2,7,17,5,12,11,1,10,36,17,19,47,15,32,27,11,16
S01010723,671,329,342,484,252,232,187,77,110,9,4,5,31,17,14,13,5,8,13,3,10,9,3,6,10,5,5,35,8,27,38,15,23,29,17,12
S01010724,635,311,324,471,249,222,164,62,102,5,2,3,27,13,14,17,6,11,12,2,10,10,4,6,6,2,4,25,9,16,47,14,33,15,10,5
S01010725,554,270,284,394,204,190,160,66,94,8,4,4,27,16,11,12,2,10,10,5,5,6,5,1,11,5,6,26,15,11,45,8,37,15,6,9
S01010726,697,329,368,432,214,218,265,115,150,7,3,4,32,20,12,15,7,8,16,6,10,14,8,6,14,6,8,52,24,28,92,31,61,23,10,13
S01010727,491,251,240,308,172,136,183,79,104,7,6,1,29,11,18,10,4,6,16,9,7,6,2,4,9,3,6,35,17,18,52,18,34,19,9,10
S01010728,388,180,208,254,122,132,134,58,76,4,2,2,12,7,5,10,3,7,4,1,3,9,5,4,8,3,5,35,13,22,38,20,18,14,4,10
S01010729,558,291,267,403,221,182,155,70,85,4,1,3,10,8,2,9,3,6,7,2,5,5,1,4,8,5,3,37,15,22,59,25,34,16,10,6
S01010730,651,322,329,454,244,210,197,78,119,12,3,9,27,12,15,15,5,10,12,3,9,7,3,4,12,4,8,33,13,20,53,21,32,26,14,12
S01010731,679,320,359,442,222,220,237,98,139,10,6,4,38,21,17,18,10,8,18,5,13,9,4,5,12,6,6,30,11,19,74,24,50,28,11,17
S01010732,621,268,353,354,166,188,267,102,165,6,1,5,34,20,14,20,7,13,27,10,17,12,6,6,11,2,9,32,16,16,84,25,59,41,15,26
S01010733,414,196,218,233,120,113,181,76,105,10,6,4,24,7,17,8,4,4,16,6,10,9,5,4,5,2,3,25,9,16,47,19,28,37,18,19
S01010734,665,326,339,383,202,181,282,124,158,6,4,2,40,22,18,18,12,6,11,5,6,15,7,8,6,2,4,40,18,22,75,28,47,71,26,45
S01010735,447,217,230,253,140,113,194,77,117,8,7,1,33,18,15,15,9,6,9,2,7,9,3,6,10,1,9,24,8,16,40,16,24,46,13,33
S01010736,391,200,191,250,142,108,141,58,83,7,4,3,13,6,7,8,3,5,13,4,9,7,3,4,10,5,5,33,19,14,40,9,31,10,5,5
S01010737,804,379,425,472,247,225,332,132,200,16,8,8,31,13,18,29,6,23,13,8,5,9,5,4,14,6,8,56,23,33,113,43,70,51,20,31
S01010738,411,196,215,263,127,136,148,69,79,1,1,0,22,14,8,11,5,6,9,5,4,9,3,6,14,7,7,23,14,9,38,11,27,21,9,12
S01010739,643,316,327,415,214,201,228,102,126,6,3,3,36,18,18,18,12,6,14,9,5,11,6,5,10,4,6,44,14,30,51,16,35,38,20,18
S01010740,361,171,190,187,96,91,174,75,99,8,5,3,21,14,7,16,10,6,14,5,9,6,1,5,3,0,3,27,12,15,54,19,35,25,9,16
S01010741,439,223,216,261,135,126,178,88,90,6,4,2,28,18,10,14,6,8,7,0,7,9,6,3,9,3,6,39,22,17,46,19,27,20,10,10
S01010742,516,251,265,334,171,163,182,80,102,8,2,6,18,9,9,11,7,4,14,6,8,9,2,7,5,0,5,32,18,14,51,16,35,34,20,14
S01010743,499,252,247,280,148,132,219,104,115,3,2,1,27,17,10,24,14,10,12,4,8,9,5,4,6,3,3,22,6,16,66,24,42,50,29,21
S01010744,796,388,408,515,269,246,281,119,162,8,5,3,38,22,16,19,7,12,14,4,10,9,3,6,5,2,3,55,23,32,88,32,56,45,21,24
S01010745,465,227,238,284,151,133,181,76,105,15,8,7,23,9,14,14,6,8,7,2,5,9,4,5,4,3,1,26,14,12,65,23,42,18,7,11
S01010746,777,383,394,512,268,244,265,115,150,10,6,4,47,28,19,19,6,13,11,6,5,5,2,3,10,3,7,48,23,25,74,24,50,41,17,24
S01010747,622,310,312,378,197,181,244,113,131,11,5,6,26,11,15,19,10,9,14,6,8,12,4,8,11,8,3,39,14,25,71,31,40,41,24,17
S01010748,479,233,246,295,158,137,184,75,109,5,3,2,21,12,9,18,7,11,15,4,11,7,3,4,10,4,6,28,11,17,56,19,37,24,12,12
S01010749,467,235,232,294,161,133,173,74,99,4,2,2,28,13,15,9,5,4,6,1,5,9,4,5,13,6,7,25,10,15,63,24,39,16,9,7
S01010750,481,235,246,280,153,127,201,82,119,7,3,4,21,10,11,10,5,5,17,5,12,14,7,7,6,4,2,42,21,21,64,21,43,20,6,14
S01010751,534,258,276,281,141,140,253,117,136,10,10,0,21,12,9,22,7,15,10,3,7,14,6,8,11,5,6,41,17,24,80,35,45,44,22,22
S01010752,544,244,300,334,162,172,210,82,128,11,8,3,32,14,18,21,5,16,11,2,9,7,1,6,7,2,5,31,15,16,59,25,34,31,10,21
S01010753,765,368,397,449,244,205,316,124,192,12,5,7,42,23,19,24,13,11,23,9,14,27,5,22,14,6,8,39,12,27,66,23,43,69,28,41
S01010754,473,229,244,290,153,137,183,76,107,6,4,2,26,14,12,14,4,10,9,5,4,4,0,4,16,3,13,37,17,20,49,20,29,22,9,13
S01010755,456,219,237,304,157,147,152,62,90,6,5,1,18,10,8,12,5,7,9,2,7,4,2,2,12,3,9,25,13,12,51,15,36,15,7,8
S01010756,477,232,245,332,181,151,145,51,94,2,1,1,21,10,11,10,4,6,7,3,4,10,4,6,10,4,6,20,12,8,53,11,42,12,2,10
S01010757,569,285,284,349,192,157,220,93,127,4,1,3,25,13,12,13,5,8,13,9,4,11,6,5,17,7,10,46,21,25,64,20,44,27,11,16
S01010758,506,262,244,296,166,130,210,96,114,6,4,2,39,24,15,16,7,9,7,2,5,6,1,5,10,7,3,44,18,26,65,25,40,17,8,9
S01010759,439,213,226,291,146,145,148,67,81,4,2,2,24,15,9,12,5,7,10,5,5,6,4,2,6,0,6,18,9,9,42,15,27,26,12,14
S01010760,397,183,214,223,115,108,174,68,106,6,5,1,32,14,18,14,8,6,11,3,8,5,3,2,10,4,6,19,9,10,64,17,47,13,5,8
S01010761,402,201,201,272,146,126,130,55,75,3,2,1,17,8,9,10,3,7,8,5,3,4,1,3,2,0,2,25,9,16,49,22,27,12,5,7
S01010762,435,215,220,271,148,123,164,67,97,11,6,5,14,9,5,14,3,11,10,2,8,10,7,3,6,2,4,29,13,16,50,17,33,20,8,12
S01010763,475,236,239,307,170,137,168,66,102,3,3,0,20,7,13,18,9,9,8,0,8,5,4,1,7,3,4,27,11,16,56,19,37,24,10,14
S01010764,429,211,218,265,145,120,164,66,98,8,3,5,8,2,6,7,5,2,6,2,4,11,5,6,7,1,6,45,21,24,59,22,37,13,5,8
S01010765,746,381,365,452,243,209,294,138,156,10,6,4,36,20,16,21,11,10,21,9,12,16,10,6,20,9,11,57,25,32,84,35,49,29,13,16
S01010766,560,270,290,314,157,157,246,113,133,10,4,6,26,11,15,17,8,9,16,10,6,15,8,7,8,4,4,50,25,25,84,32,52,20,11,9
S01010767,506,242,264,286,140,146,220,102,118,6,5,1,30,15,15,10,5,5,11,6,5,8,4,4,5,1,4,54,25,29,68,26,42,28,15,13
S01010768,410,196,214,232,117,115,178,79,99,2,2,0,30,13,17,10,7,3,10,6,4,10,1,9,10,7,3,28,12,16,53,22,31,25,9,16
S01010769,381,187,194,224,118,106,157,69,88,4,2,2,22,13,9,14,6,8,10,5,5,14,4,10,2,1,1,35,13,22,43,19,24,13,6,7
S01010770,646,318,328,428,219,209,218,99,119,10,8,2,18,9,9,20,9,11,12,4,8,15,5,10,11,2,9,44,18,26,52,23,29,36,21,15
S01010771,621,314,307,337,183,154,284,131,153,9,4,5,32,17,15,23,10,13,17,13,4,14,6,8,11,5,6,56,24,32,97,43,54,25,9,16
S01010772,617,300,317,333,176,157,284,124,160,12,9,3,30,11,19,30,16,14,11,5,6,7,2,5,16,10,6,46,16,30,86,38,48,46,17,29
S01010773,604,307,297,381,202,179,223,105,118,5,2,3,21,12,9,25,13,12,13,6,7,10,7,3,11,2,9,43,24,19,77,31,46,18,8,10
S01010774,529,260,269,314,164,150,215,96,119,4,2,2,23,13,10,13,6,7,16,4,12,13,4,9,12,6,6,40,21,19,62,22,40,32,18,14
S01010775,494,247,247,377,194,183,117,53,64,3,2,1,16,11,5,7,3,4,9,6,3,4,0,4,7,2,5,21,7,14,35,15,20,15,7,8
S01010776,402,202,200,259,135,124,143,67,76,5,5,0,17,10,7,8,4,4,10,5,5,7,4,3,8,1,7,21,7,14,47,22,25,20,9,11
S01010777,380,184,196,227,112,115,153,72,81,10,4,6,23,14,9,8,4,4,11,7,4,6,3,3,11,5,6,22,7,15,38,16,22,24,12,12
S01010778,356,172,184,193,107,86,163,65,98,5,2,3,15,7,8,8,5,3,8,4,4,7,0,7,7,4,3,22,9,13,45,17,28,46,17,29
S01010779,564,277,287,304,162,142,260,115,145,9,7,2,26,12,14,21,8,13,9,5,4,16,8,8,11,5,6,42,15,27,64,27,37,62,28,34
S01010780,406,188,218,259,127,132,147,61,86,5,3,2,21,11,10,15,3,12,7,5,2,6,3,3,6,2,4,19,4,15,49,18,31,19,12,7
S01010781,600,302,298,409,221,188,191,81,110,6,4,2,21,10,11,25,12,13,13,7,6,9,3,6,11,6,5,29,13,16,50,14,36,27,12,15
S01010782,439,221,218,245,144,101,194,77,117,5,4,1,17,9,8,12,3,9,14,8,6,9,5,4,12,6,6,29,7,22,61,17,44,35,18,17
S01010783,419,208,211,241,140,101,178,68,110,8,6,2,19,6,13,13,6,7,11,4,7,9,3,6,6,4,2,28,8,20,50,20,30,34,11,23
S01010784,529,252,277,319,153,166,210,99,111,11,6,5,23,12,11,8,2,6,18,7,11,11,7,4,6,4,2,30,13,17,55,21,34,48,27,21
S01010785,532,272,260,359,202,157,173,70,103,6,3,3,21,13,8,15,4,11,14,6,8,8,3,5,10,3,7,31,14,17,52,16,36,16,8,8
S01010786,485,244,241,347,183,164,138,61,77,7,2,5,8,5,3,11,7,4,7,3,4,3,1,2,11,7,4,29,13,16,32,9,23,30,14,16
S01010787,655,340,315,446,257,189,209,83,126,7,4,3,17,5,12,19,12,7,19,9,10,6,2,4,11,4,7,47,17,30,58,18,40,25,12,13
S01010788,461,235,226,345,180,165,116,55,61,4,3,1,12,7,5,10,5,5,9,2,7,5,2,3,6,3,3,11,6,5,38,15,23,21,12,9
S01010789,551,275,276,352,190,162,199,85,114,10,6,4,29,14,15,17,8,9,11,6,5,7,2,5,7,1,6,38,11,27,57,25,32,23,12,11
S01010790,512,275,237,336,200,136,176,75,101,6,2,4,19,8,11,6,2,4,9,4,5,9,3,6,5,3,2,41,17,24,56,25,31,25,11,14
S01010791,642,319,323,394,215,179,248,104,144,6,4,2,33,14,19,18,6,12,12,5,7,12,3,9,13,9,4,58,25,33,69,31,38,27,7,20
S01010792,461,242,219,292,174,118,169,68,101,8,3,5,20,6,14,13,7,6,14,5,9,8,6,2,7,4,3,38,13,25,38,15,23,23,9,14
S01010793,485,246,239,337,187,150,148,59,89,3,2,1,20,14,6,8,4,4,7,3,4,8,6,2,10,3,7,29,10,19,43,12,31,20,5,15
S01010794,412,196,216,283,154,129,129,42,87,5,3,2,19,7,12,6,1,5,10,2,8,6,2,4,3,0,3,28,9,19,36,12,24,16,6,10
S01010795,727,362,365,443,240,203,284,122,162,12,6,6,27,17,10,29,11,18,22,10,12,17,6,11,15,4,11,56,25,31,76,27,49,30,16,14
S01010796,630,327,303,444,243,201,186,84,102,12,4,8,28,16,12,7,6,1,14,5,9,9,3,6,15,5,10,22,12,10,59,27,32,20,6,14
S01010797,581,288,293,429,234,195,152,54,98,5,2,3,24,10,14,8,2,6,9,4,5,7,3,4,7,1,6,31,12,19,43,13,30,18,7,11
S01010798,494,255,239,325,180,145,169,75,94,5,3,2,30,19,11,10,4,6,11,4,7,12,7,5,9,2,7,33,16,17,43,13,30,16,7,9
S01010799,681,334,347,421,219,202,260,115,145,11,4,7,32,18,14,21,9,12,16,9,7,14,4,10,13,6,7,35,17,18,90,33,57,28,15,13
S01010800,537,259,278,358,188,170,179,71,108,8,2,6,23,11,12,13,10,3,8,0,8,10,5,5,12,7,5,39,13,26,41,13,28,25,10,15
S01010801,525,261,264,326,165,161,199,96,103,9,5,4,24,16,8,17,5,12,6,3,3,7,5,2,12,4,8,32,17,15,64,25,39,28,16,12
S01010802,419,209,210,293,151,142,126,58,68,6,2,4,27,17,10,12,6,6,8,3,5,2,0,2,3,1,2,16,12,4,35,8,27,17,9,8
S01010803,428,211,217,253,128,125,175,83,92,7,3,4,25,13,12,12,7,5,10,6,4,9,2,7,12,5,7,22,14,8,45,16,29,33,17,16
S01010804,431,221,210,284,151,133,147,70,77,1,0,1,16,8,8,6,4,2,10,4,6,9,6,3,9,4,5,37,16,21,34,14,20,25,14,11
S01010805,637,323,314,417,224,193,220,99,121,9,5,4,22,8,14,16,9,7,19,6,13,10,4,6,8,5,3,41,15,26,68,27,41,27,20,7
S01010806,678,325,353,393,195,198,285,130,155,13,7,6,32,21,11,19,10,9,19,6,13,15,7,8,7,1,6,41,18,23,77,31,46,62,29,33
S01010807,408,202,206,276,149,127,132,53,79,4,2,2,17,10,7,13,4,9,7,1,6,3,0,3,4,1,3,29,13,16,39,17,22,16,5,11
S01010808,388,186,202,260,134,126,128,52,76,5,2,3,16,8,8,4,2,2,7,2,5,6,4,2,10,4,6,24,11,13,35,10,25,21,9,12
S01010809,584,295,289,410,224,186,174,71,103,8,5,3,29,11,18,14,4,10,12,6,6,7,2,5,8,4,4,25,10,15,50,21,29,21,8,13
S01010810,370,181,189,198,107,91,172,74,98,2,1,1,23,10,13,9,6,3,10,4,6,10,6,4,7,3,4,43,21,22,46,15,31,22,8,14
S01010811,659,348,311,432,244,188,227,104,123,9,5,4,36,15,21,18,11,7,16,9,7,8,5,3,9,0,9,28,16,12,82,33,49,21,10,11
S01010812,373,198,175,236,130,106,137,68,69,4,2,2,34,10,24,11,9,2,8,5,3,6,4,2,6,4,2,22,14,8,27,9,18,19,11,8
S01010813,424,226,198,271,150,121,153,76,77,9,8,1,41,16,25,11,5,6,6,3,3,9,8,1,5,3,2,20,8,12,43,19,24,9,6,3
S01010814,484,247,237,319,177,142,165,70,95,3,1,2,22,10,12,5,2,3,11,7,4,13,9,4,11,4,7,37,14,23,47,16,31,16,7,9
S01010815,341,185,156,240,138,102,101,47,54,1,0,1,10,5,5,8,5,3,5,4,1,8,5,3,5,1,4,15,8,7,37,14,23,12,5,7
S01010816,419,197,222,248,132,116,171,65,106,4,2,2,17,9,8,10,5,5,12,4,8,9,2,7,4,1,3,32,16,16,53,10,43,30,16,14
S01010817,656,311,345,408,210,198,248,101,147,8,3,5,23,13,10,17,8,9,12,5,7,18,7,11,9,5,4,42,17,25,76,22,54,43,21,22
S01010818,698,334,364,459,245,214,239,89,150,5,3,2,31,12,19,16,7,9,13,8,5,11,4,7,12,4,8,39,16,23,84,19,65,28,16,12
S01010819,581,278,303,358,181,177,223,97,126,6,4,2,19,9,10,15,7,8,14,3,11,7,3,4,10,6,4,49,20,29,80,33,47,23,12,11
S01010820,396,198,198,260,130,130,136,68,68,2,1,1,17,12,5,11,8,3,4,3,1,7,4,3,5,2,3,20,10,10,50,17,33,20,11,9
S01010821,436,205,231,256,130,126,180,75,105,3,2,1,18,10,8,13,7,6,15,7,8,10,3,7,8,4,4,39,19,20,56,16,40,18,7,11
S01010822,567,276,291,350,180,170,217,96,121,9,2,7,23,9,14,11,5,6,10,5,5,7,5,2,6,3,3,27,11,16,45,13,32,79,43,36
S01010823,346,170,176,236,112,124,110,58,52,9,6,3,13,10,3,8,4,4,4,1,3,2,0,2,3,1,2,7,3,4,36,18,18,28,15,13
S01010824,524,259,265,403,207,196,121,52,69,9,6,3,17,5,12,8,1,7,6,3,3,9,4,5,7,1,6,15,7,8,23,13,10,27,12,15
S01010825,245,115,130,191,95,96,54,20,34,2,0,2,9,5,4,2,0,2,5,2,3,2,0,2,5,2,3,8,3,5,13,4,9,8,4,4
S01010826,581,277,304,350,181,169,231,96,135,11,6,5,20,8,12,19,7,12,16,5,11,8,5,3,13,6,7,45,18,27,62,24,38,37,17,20
S01010827,476,227,249,343,163,180,133,64,69,7,6,1,18,9,9,13,8,5,5,3,2,3,2,1,5,2,3,22,9,13,39,18,21,21,7,14
S01010828,928,442,486,699,351,348,229,91,138,11,6,5,39,21,18,10,4,6,14,6,8,8,2,6,4,0,4,40,11,29,51,18,33,52,23,29
S01010829,731,362,369,455,238,217,276,124,152,7,4,3,45,25,20,23,12,11,17,6,11,17,7,10,12,4,8,44,24,20,86,28,58,25,14,11
S01010830,442,222,220,296,153,143,146,69,77,7,4,3,24,17,7,15,5,10,9,3,6,6,3,3,4,1,3,25,10,15,33,14,19,23,12,11
S01010831,432,206,226,353,178,175,79,28,51,1,1,0,10,3,7,7,4,3,6,2,4,5,1,4,2,1,1,11,3,8,13,6,7,24,7,17
S01010832,593,294,299,428,210,218,165,84,81,15,8,7,21,14,7,8,1,7,5,2,3,10,5,5,5,4,1,25,12,13,35,18,17,41,20,21
S01010833,701,362,339,505,270,235,196,92,104,4,2,2,30,11,19,17,5,12,10,4,6,5,2,3,17,9,8,34,15,19,44,17,27,35,27,8
S01010834,702,343,359,441,227,214,261,116,145,11,4,7,34,18,16,20,10,10,9,3,6,6,5,1,10,6,4,46,21,25,102,39,63,23,10,13
S01010835,510,242,268,314,160,154,196,82,114,2,0,2,17,12,5,15,7,8,10,6,4,9,4,5,11,4,7,31,14,17,73,24,49,28,11,17
S01010836,616,305,311,391,200,191,225,105,120,11,8,3,31,21,10,19,10,9,11,3,8,10,5,5,10,3,7,35,18,17,70,23,47,28,14,14
S01010837,501,228,273,288,141,147,213,87,126,9,6,3,21,11,10,14,6,8,14,5,9,6,2,4,9,4,5,39,13,26,74,25,49,27,15,12
S01010838,610,290,320,417,209,208,193,81,112,12,9,3,21,11,10,9,4,5,13,5,8,7,6,1,8,4,4,27,8,19,67,22,45,29,12,17
S01010839,504,239,265,312,156,156,192,83,109,8,4,4,34,20,14,8,6,2,13,6,7,11,4,7,12,4,8,24,6,18,55,17,38,27,16,11
S01010840,376,194,182,229,120,109,147,74,73,4,4,0,22,13,9,10,5,5,16,7,9,11,5,6,4,2,2,24,19,5,39,13,26,17,6,11
S01010841,603,297,306,380,200,180,223,97,126,19,12,7,30,12,18,9,3,6,12,6,6,17,4,13,7,2,5,40,20,20,60,26,34,29,12,17
S01010842,659,313,346,321,166,155,338,147,191,9,3,6,41,14,27,23,11,12,10,8,2,12,7,5,9,2,7,49,24,25,137,57,80,48,21,27
S01010843,480,245,235,273,136,137,207,109,98,8,6,2,27,23,4,11,7,4,9,6,3,6,3,3,8,2,6,31,19,12,83,31,52,24,12,12
S01010844,512,250,262,332,170,162,180,80,100,9,4,5,22,9,13,16,8,8,5,2,3,8,4,4,7,4,3,34,13,21,57,22,35,22,14,8
S01010845,477,237,240,290,152,138,187,85,102,6,4,2,21,8,13,11,7,4,6,0,6,12,5,7,9,5,4,28,12,16,69,32,37,25,12,13
S01010846,596,289,307,380,186,194,216,103,113,7,4,3,32,17,15,17,4,13,7,2,5,10,3,7,9,4,5,30,20,10,55,22,33,49,27,22
S01010847,509,241,268,369,179,190,140,62,78,9,2,7,18,7,11,10,4,6,10,3,7,3,1,2,10,5,5,19,10,9,36,18,18,25,12,13
S01010848,503,230,273,270,139,131,233,91,142,15,6,9,32,9,23,12,5,7,11,5,6,11,6,5,8,3,5,31,12,19,63,22,41,50,23,27
S01010849,687,316,371,366,163,203,321,153,168,12,7,5,29,17,12,18,10,8,9,2,7,9,5,4,19,10,9,41,25,16,102,44,58,82,33,49
S01010850,609,282,327,296,138,158,313,144,169,7,4,3,37,21,16,13,3,10,16,6,10,5,1,4,6,2,4,49,26,23,115,54,61,65,27,38
S01010851,574,243,331,332,143,189,242,100,142,6,4,2,30,16,14,20,10,10,11,6,5,7,1,6,8,5,3,31,9,22,74,28,46,55,21,34
S01010852,565,268,297,334,163,171,231,105,126,14,8,6,27,18,9,12,6,6,14,4,10,7,4,3,5,3,2,43,22,21,70,27,43,39,13,26
S01010853,663,320,343,420,202,218,243,118,125,12,6,6,20,13,7,27,9,18,7,5,2,8,4,4,10,6,4,36,18,18,84,38,46,39,19,20
S01010854,660,287,373,379,174,205,281,113,168,10,3,7,25,13,12,19,7,12,14,4,10,12,3,9,12,4,8,41,13,28,76,30,46,72,36,36
S01010855,412,189,223,242,118,124,170,71,99,9,4,5,20,9,11,8,4,4,5,1,4,6,3,3,9,3,6,26,11,15,52,21,31,35,15,20
S01010856,633,316,317,333,170,163,300,146,154,10,6,4,29,17,12,15,7,8,18,4,14,17,11,6,8,1,7,52,28,24,106,46,60,45,26,19
S01010857,629,273,356,425,194,231,204,79,125,17,11,6,31,11,20,5,1,4,7,3,4,13,5,8,7,2,5,21,3,18,51,18,33,52,25,27
S01010858,522,253,269,303,156,147,219,97,122,7,6,1,27,13,14,13,8,5,12,5,7,6,2,4,8,0,8,34,14,20,73,30,43,39,19,20
S01010859,538,254,284,287,146,141,251,108,143,9,6,3,26,19,7,15,2,13,8,2,6,5,1,4,10,2,8,26,13,13,96,38,58,56,25,31
S01010860,487,215,272,279,124,155,208,91,117,14,10,4,26,12,14,19,10,9,16,7,9,4,1,3,8,4,4,40,19,21,52,16,36,29,12,17
S01010861,477,217,260,244,120,124,233,97,136,10,5,5,26,15,11,18,6,12,11,3,8,9,3,6,13,6,7,31,9,22,84,39,45,31,11,20
S01010862,420,207,213,176,90,86,244,117,127,12,6,6,35,18,17,21,11,10,14,6,8,4,3,1,6,4,2,33,18,15,63,23,40,56,28,28
S01010863,566,275,291,345,174,171,221,101,120,8,3,5,34,18,16,18,9,9,12,7,5,12,4,8,8,4,4,40,19,21,62,26,36,27,11,16
S01010864,431,215,216,290,149,141,141,66,75,4,3,1,15,7,8,10,5,5,10,4,6,2,0,2,3,1,2,26,14,12,49,20,29,22,12,10
S01010865,536,259,277,301,159,142,235,100,135,4,0,4,17,5,12,17,5,12,16,7,9,7,4,3,20,11,9,40,23,17,82,25,57,32,20,12
S01010866,482,247,235,267,141,126,215,106,109,7,3,4,26,12,14,10,6,4,6,4,2,7,2,5,14,8,6,47,22,25,73,40,33,25,9,16
S01010867,472,232,240,297,156,141,175,76,99,7,5,2,21,11,10,6,3,3,8,3,5,5,2,3,9,4,5,25,12,13,66,23,43,28,13,15
S01010868,580,275,305,337,162,175,243,113,130,6,3,3,22,13,9,13,4,9,15,8,7,12,6,6,7,4,3,29,13,16,91,37,54,48,25,23
S01010869,565,276,289,374,188,186,191,88,103,10,5,5,25,12,13,10,4,6,9,6,3,10,5,5,9,6,3,32,16,16,42,12,30,44,22,22
S01010870,565,263,302,381,186,195,184,77,107,13,6,7,22,10,12,8,6,2,10,4,6,14,4,10,9,3,6,35,18,17,54,20,34,19,6,13
S01010871,626,297,329,424,211,213,202,86,116,10,4,6,33,19,14,18,9,9,12,3,9,10,6,4,7,5,2,27,16,11,51,14,37,34,10,24
S01010872,571,276,295,353,174,179,218,102,116,4,1,3,29,20,9,17,11,6,6,2,4,12,4,8,18,10,8,29,13,16,76,31,45,27,10,17
S01010873,364,190,174,175,85,90,189,105,84,5,3,2,14,9,5,17,8,9,4,2,2,6,6,0,7,2,5,36,20,16,74,42,32,26,13,13
S01010874,589,296,293,403,203,200,186,93,93,12,9,3,31,18,13,12,9,3,10,5,5,8,5,3,11,4,7,29,14,15,33,9,24,40,20,20
S01010875,395,190,205,273,132,141,122,58,64,6,6,0,18,10,8,15,9,6,4,1,3,10,3,7,2,1,1,20,7,13,26,7,19,21,14,7
S01010876,552,250,302,328,144,184,224,106,118,7,6,1,33,17,16,10,5,5,9,2,7,13,6,7,13,8,5,39,15,24,54,22,32,46,25,21
S01010877,733,361,372,425,209,216,308,152,156,7,5,2,29,17,12,25,9,16,21,7,14,18,9,9,10,5,5,57,29,28,91,44,47,50,27,23
S01010878,892,503,389,424,236,188,468,267,201,22,16,6,41,22,19,25,16,9,21,16,5,12,6,6,16,9,7,79,46,33,161,78,83,91,58,33
S01010879,655,315,340,447,219,228,208,96,112,6,2,4,23,15,8,13,9,4,14,9,5,8,3,5,5,4,1,39,16,23,67,18,49,33,20,13
S01010880,403,179,224,218,100,118,185,79,106,8,6,2,21,11,10,15,7,8,5,3,2,9,4,5,8,1,7,32,11,21,54,19,35,33,17,16
S01010881,455,221,234,267,131,136,188,90,98,1,0,1,29,21,8,10,5,5,11,3,8,7,3,4,13,10,3,23,11,12,62,17,45,32,20,12
S01010882,441,229,212,298,149,149,143,80,63,11,9,2,16,12,4,12,9,3,8,5,3,2,2,0,4,1,3,20,10,10,36,14,22,34,18,16
S01010883,664,333,331,464,236,228,200,97,103,12,9,3,26,17,9,13,7,6,10,6,4,1,0,1,6,3,3,34,17,17,43,16,27,55,22,33
S01010884,534,250,284,236,116,120,298,134,164,15,6,9,23,14,9,13,6,7,14,6,8,14,8,6,15,6,9,46,23,23,102,41,61,56,24,32
S01010885,709,345,364,333,154,179,376,191,185,7,4,3,51,31,20,22,9,13,20,4,16,15,5,10,20,10,10,43,21,22,122,61,61,76,46,30
S01010886,383,183,200,209,101,108,174,82,92,12,9,3,19,13,6,7,2,5,10,1,9,3,3,0,3,1,2,24,9,15,48,22,26,48,22,26
S01010887,604,288,316,249,126,123,355,162,193,10,5,5,35,22,13,13,7,6,11,4,7,21,7,14,8,4,4,40,19,21,143,57,86,74,37,37
S01010888,630,320,310,342,164,178,288,156,132,11,9,2,34,26,8,18,10,8,24,13,11,6,3,3,13,5,8,46,27,19,96,42,54,40,21,19
S01010889,438,228,210,214,110,104,224,118,106,10,6,4,27,19,8,10,4,6,13,8,5,14,10,4,5,2,3,34,23,11,74,27,47,37,19,18
S01010890,515,244,271,227,103,124,288,141,147,11,7,4,29,20,9,13,9,4,12,7,5,8,2,6,10,2,8,43,16,27,136,64,72,26,14,12
S01010891,308,172,136,107,58,49,201,114,87,13,9,4,20,10,10,6,1,5,4,2,2,6,4,2,7,6,1,20,7,13,74,47,27,51,28,23
S01010892,646,327,319,311,151,160,335,176,159,11,10,1,33,19,14,17,9,8,9,6,3,13,3,10,11,7,4,46,23,23,143,69,74,52,30,22
S01010893,386,203,183,169,80,89,217,123,94,8,5,3,14,7,7,9,6,3,15,4,11,6,4,2,4,3,1,39,26,13,93,52,41,29,16,13
S01010894,464,227,237,289,135,154,175,92,83,5,4,1,18,10,8,12,4,8,11,7,4,1,0,1,7,4,3,26,13,13,69,36,33,26,14,12
S01010895,324,155,169,134,62,72,190,93,97,6,4,2,15,10,5,4,3,1,7,3,4,11,3,8,8,3,5,24,14,10,76,35,41,39,18,21
S01010896,525,251,274,240,115,125,285,136,149,10,6,4,30,17,13,19,9,10,13,7,6,17,5,12,8,3,5,45,24,21,97,45,52,46,20,26
S01010897,622,296,326,307,156,151,315,140,175,18,10,8,36,16,20,22,12,10,17,11,6,9,4,5,6,2,4,44,14,30,104,44,60,59,27,32
S01010898,473,235,238,244,130,114,229,105,124,7,6,1,21,11,10,12,5,7,14,7,7,3,1,2,9,3,6,24,9,15,85,41,44,54,22,32
S01010899,455,226,229,309,159,150,146,67,79,11,5,6,25,13,12,7,5,2,2,0,2,2,2,0,6,3,3,24,5,19,34,14,20,35,20,15
S01010900,493,217,276,260,118,142,233,99,134,11,7,4,33,16,17,23,12,11,12,1,11,12,6,6,8,1,7,37,18,19,61,26,35,36,12,24
S01010901,325,151,174,150,63,87,175,88,87,6,4,2,21,14,7,11,7,4,9,2,7,3,1,2,4,1,3,25,14,11,67,30,37,29,15,14
S01010902,742,343,399,409,200,209,333,143,190,13,9,4,30,20,10,24,10,14,12,5,7,12,4,8,12,4,8,49,22,27,124,52,72,57,17,40
S01010903,603,282,321,265,120,145,338,162,176,12,9,3,27,17,10,20,9,11,13,5,8,10,2,8,17,9,8,49,25,24,124,55,69,66,31,35
S01010904,430,207,223,207,100,107,223,107,116,8,4,4,32,18,14,11,6,5,12,7,5,5,3,2,6,4,2,27,11,16,64,27,37,58,27,31
S01010905,486,211,275,299,146,153,187,65,122,4,1,3,22,9,13,18,2,16,7,0,7,4,3,1,3,1,2,23,6,17,54,22,32,52,21,31
S01010906,724,343,381,443,220,223,281,123,158,7,5,2,33,17,16,17,6,11,19,8,11,7,3,4,9,2,7,34,13,21,88,38,50,67,31,36
S01010907,391,187,204,317,157,160,74,30,44,2,2,0,11,9,2,6,2,4,2,0,2,2,1,1,6,2,4,11,3,8,21,5,16,13,6,7
S01010908,455,226,229,277,143,134,178,83,95,4,3,1,28,20,8,15,9,6,7,5,2,5,3,2,2,0,2,28,11,17,60,16,44,29,16,13
S01010909,551,274,277,349,176,173,202,98,104,7,4,3,23,19,4,13,6,7,7,1,6,11,3,8,7,4,3,37,16,21,54,13,41,43,32,11
S01010910,376,178,198,179,85,94,197,93,104,6,4,2,17,13,4,19,13,6,13,7,6,7,3,4,11,4,7,28,11,17,65,27,38,31,11,20
S01010911,399,216,183,173,90,83,226,126,100,8,7,1,15,11,4,22,7,15,8,4,4,7,4,3,9,3,6,40,24,16,98,53,45,19,13,6
S01010912,483,248,235,196,92,104,287,156,131,9,5,4,24,15,9,15,10,5,13,5,8,12,7,5,5,3,2,47,29,18,100,48,52,62,34,28
S01010913,504,260,244,328,176,152,176,84,92,2,2,0,23,8,15,12,5,7,12,8,4,8,3,5,8,4,4,24,10,14,54,25,29,33,19,14
S01010914,528,249,279,376,179,197,152,70,82,9,5,4,19,11,8,13,6,7,7,2,5,6,4,2,12,6,6,21,6,15,38,17,21,27,13,14
S01010915,575,275,300,389,189,200,186,86,100,14,7,7,26,17,9,11,6,5,7,4,3,7,4,3,6,2,4,18,8,10,59,15,44,38,23,15
S01010916,433,251,182,178,93,85,255,158,97,5,3,2,43,29,14,11,5,6,14,7,7,12,7,5,14,11,3,48,33,15,54,30,24,54,33,21
S01010917,537,276,261,309,159,150,228,117,111,10,6,4,20,11,9,13,6,7,11,6,5,10,8,2,2,0,2,46,25,21,78,38,40,38,17,21
S01010918,532,245,287,277,134,143,255,111,144,5,5,0,23,17,6,13,7,6,16,8,8,13,3,10,8,6,2,34,13,21,92,31,61,51,21,30
S01010919,613,282,331,325,157,168,288,125,163,5,2,3,31,15,16,18,8,10,16,5,11,4,3,1,15,8,7,53,21,32,92,39,53,54,24,30
S01010920,439,200,239,197,90,107,242,110,132,12,7,5,30,15,15,9,4,5,6,1,5,7,2,5,12,7,5,38,16,22,78,33,45,50,25,25
S01010921,486,246,240,248,128,120,238,118,120,4,4,0,35,22,13,11,8,3,7,4,3,7,1,6,5,2,3,36,14,22,78,36,42,55,27,28
S01010922,630,289,341,301,145,156,329,144,185,15,10,5,39,18,21,18,5,13,6,4,2,5,1,4,15,4,11,40,22,18,113,48,65,78,32,46
S01010923,687,325,362,345,157,188,342,168,174,12,8,4,48,31,17,22,9,13,18,11,7,16,7,9,14,8,6,56,23,33,106,47,59,50,24,26
S01010924,472,230,242,270,141,129,202,89,113,4,2,2,19,10,9,16,10,6,7,5,2,10,6,4,3,0,3,29,12,17,85,33,52,29,11,18
S01010925,619,293,326,311,156,155,308,137,171,7,5,2,35,16,19,24,12,12,18,12,6,18,6,12,18,8,10,56,31,25,94,33,61,38,14,24
S01010926,614,298,316,313,147,166,301,151,150,10,9,1,45,29,16,17,9,8,12,4,8,11,7,4,9,5,4,43,17,26,107,45,62,47,26,21
S01010927,418,188,230,232,116,116,186,72,114,3,3,0,15,7,8,14,3,11,7,6,1,4,2,2,12,5,7,32,13,19,62,21,41,37,12,25
S01010928,526,242,284,259,131,128,267,111,156,8,6,2,26,15,11,15,5,10,10,3,7,9,2,7,10,4,6,45,19,26,89,33,56,55,24,31
S01010929,483,220,263,227,101,126,256,119,137,8,7,1,38,28,10,14,9,5,20,4,16,8,4,4,7,2,5,27,14,13,92,33,59,42,18,24
S01010930,666,332,334,520,269,251,146,63,83,10,5,5,20,14,6,18,10,8,12,6,6,9,1,8,4,2,2,24,7,17,30,8,22,19,10,9
S01010931,331,165,166,217,116,101,114,49,65,5,3,2,11,8,3,8,3,5,4,1,3,6,3,3,10,5,5,31,14,17,27,7,20,12,5,7
S01010932,413,196,217,265,130,135,148,66,82,10,6,4,14,6,8,18,9,9,4,2,2,9,4,5,3,2,1,21,9,12,44,17,27,25,11,14
S01010933,560,287,273,399,217,182,161,70,91,6,3,3,25,11,14,11,4,7,13,9,4,6,2,4,8,2,6,42,19,23,27,8,19,23,12,11
S01010934,779,390,389,549,287,262,230,103,127,7,3,4,24,10,14,23,11,12,16,10,6,14,4,10,14,6,8,47,19,28,60,25,35,25,15,10
S01010935,473,223,250,259,137,122,214,86,128,10,6,4,18,13,5,19,8,11,11,3,8,9,2,7,13,7,6,40,14,26,73,23,50,21,10,11
S01010936,526,246,280,352,171,181,174,75,99,4,2,2,23,10,13,14,8,6,12,7,5,7,1,6,5,1,4,38,24,14,53,16,37,18,6,12
S01010937,573,275,298,412,202,210,161,73,88,4,1,3,25,16,9,16,9,7,11,5,6,14,5,9,10,4,6,35,18,17,29,7,22,17,8,9
S01010938,572,289,283,327,161,166,245,128,117,8,7,1,37,24,13,12,5,7,20,13,7,17,6,11,9,4,5,43,20,23,61,23,38,38,26,12
S01010939,402,204,198,267,151,116,135,53,82,9,3,6,23,10,13,13,5,8,5,0,5,11,9,2,8,2,6,22,7,15,30,8,22,14,9,5
S01010940,520,255,265,369,185,184,151,70,81,6,4,2,15,11,4,4,3,1,19,10,9,5,1,4,6,2,4,28,14,14,48,15,33,20,10,10
S01010941,668,338,330,453,237,216,215,101,114,3,1,2,34,22,12,15,11,4,16,6,10,13,6,7,8,6,2,34,15,19,53,18,35,39,16,23
S01010942,523,261,262,336,180,156,187,81,106,5,2,3,19,9,10,11,4,7,13,5,8,11,3,8,20,6,14,38,19,19,50,18,32,20,15,5
S01010943,469,217,252,304,145,159,165,72,93,6,4,2,19,12,7,17,7,10,13,6,7,8,3,5,4,0,4,32,13,19,39,15,24,27,12,15
S01010944,431,193,238,267,131,136,164,62,102,8,4,4,26,11,15,10,4,6,8,0,8,7,3,4,11,4,7,25,12,13,51,12,39,18,12,6
S01010945,415,185,230,288,133,155,127,52,75,5,4,1,16,9,7,13,8,5,12,4,8,4,2,2,7,3,4,22,6,16,31,11,20,17,5,12
S01010946,600,290,310,407,210,197,193,80,113,8,1,7,30,16,14,12,6,6,10,4,6,6,1,5,7,4,3,32,19,13,49,14,35,39,15,24
S01010947,404,188,216,248,130,118,156,58,98,3,2,1,25,7,18,9,2,7,10,4,6,9,4,5,5,3,2,30,13,17,44,13,31,21,10,11
S01010948,510,250,260,325,169,156,185,81,104,6,4,2,30,17,13,18,8,10,17,5,12,8,2,6,14,4,10,37,17,20,35,12,23,20,12,8
S01010949,732,348,384,509,252,257,223,96,127,10,5,5,28,13,15,20,10,10,10,8,2,15,6,9,8,5,3,36,8,28,66,24,42,30,17,13
S01010950,616,292,324,380,193,187,236,99,137,10,6,4,33,22,11,16,4,12,8,4,4,9,5,4,15,4,11,49,20,29,78,25,53,18,9,9
S01010951,469,223,246,324,166,158,145,57,88,6,4,2,15,7,8,17,3,14,10,6,4,12,5,7,7,4,3,22,7,15,34,10,24,22,11,11
S01010952,392,198,194,300,160,140,92,38,54,2,2,0,10,8,2,7,3,4,4,1,3,1,1,0,3,0,3,16,6,10,23,6,17,26,11,15
S01010953,438,210,228,316,160,156,122,50,72,4,2,2,19,8,11,7,0,7,7,3,4,8,3,5,6,2,4,24,7,17,28,15,13,19,10,9
S01010954,517,293,224,393,232,161,124,61,63,8,4,4,18,10,8,9,6,3,4,0,4,9,7,2,6,3,3,25,13,12,25,7,18,20,11,9
S01010955,691,350,341,479,282,197,212,68,144,12,4,8,25,10,15,26,8,18,14,2,12,13,2,11,15,5,10,34,7,27,40,12,28,33,18,15
S01010956,545,267,278,382,201,181,163,66,97,11,6,5,20,14,6,11,5,6,8,2,6,13,8,5,4,1,3,32,14,18,43,8,35,21,8,13
S01010957,443,211,232,303,151,152,140,60,80,7,4,3,15,8,7,6,3,3,5,2,3,8,5,3,7,3,4,37,21,16,44,10,34,11,4,7
S01010958,364,185,179,231,122,109,133,63,70,4,1,3,14,8,6,7,5,2,6,3,3,12,4,8,7,5,2,32,16,16,38,16,22,13,5,8
S01010959,442,205,237,299,136,163,143,69,74,4,2,2,19,10,9,15,9,6,12,7,5,2,1,1,8,3,5,28,13,15,34,14,20,21,10,11
S01010960,812,402,410,524,267,257,288,135,153,15,6,9,35,19,16,23,9,14,20,6,14,13,7,6,9,4,5,42,20,22,78,37,41,53,27,26
S01010961,411,207,204,270,138,132,141,69,72,5,3,2,20,11,9,11,8,3,7,1,6,5,2,3,3,2,1,30,14,16,40,23,17,20,5,15
S01010962,462,235,227,262,135,127,200,100,100,6,5,1,21,16,5,27,10,17,12,7,5,20,7,13,12,5,7,46,21,25,45,22,23,11,7,4
S01010963,699,334,365,513,249,264,186,85,101,4,3,1,23,14,9,20,6,14,8,5,3,8,1,7,14,8,6,35,10,25,45,18,27,29,20,9
S01010964,406,194,212,255,129,126,151,65,86,5,2,3,11,5,6,15,6,9,18,6,12,6,4,2,4,2,2,41,22,19,42,14,28,9,4,5
S01010965,393,189,204,243,122,121,150,67,83,6,3,3,17,11,6,13,5,8,8,2,6,4,2,2,4,3,1,28,10,18,37,16,21,33,15,18
S01010966,536,267,269,333,166,167,203,101,102,5,5,0,24,11,13,16,8,8,12,7,5,10,6,4,12,4,8,35,19,16,60,20,40,29,21,8
S01010967,487,224,263,311,151,160,176,73,103,5,4,1,17,7,10,19,7,12,6,2,4,9,2,7,5,1,4,35,14,21,46,24,22,34,12,22
S01010968,535,253,282,341,170,171,194,83,111,3,2,1,21,8,13,16,9,7,21,10,11,10,2,8,8,4,4,35,12,23,55,21,34,25,15,10
S01010969,444,214,230,274,134,140,170,80,90,7,2,5,22,11,11,8,2,6,11,8,3,14,8,6,9,6,3,31,17,14,47,19,28,21,7,14
S01010970,704,354,350,477,259,218,227,95,132,10,5,5,20,12,8,20,12,8,17,6,11,8,1,7,7,3,4,41,18,23,71,26,45,33,12,21
S01010971,772,371,401,559,283,276,213,88,125,15,10,5,33,21,12,14,2,12,11,4,7,10,4,6,9,1,8,33,10,23,53,13,40,35,23,12
S01010972,613,283,330,376,196,180,237,87,150,7,6,1,30,12,18,27,9,18,13,6,7,17,9,8,10,3,7,40,12,28,42,11,31,51,19,32
S01010973,389,192,197,247,131,116,142,61,81,5,3,2,15,7,8,5,3,2,8,3,5,11,4,7,9,5,4,34,13,21,35,11,24,20,12,8
S01010974,522,261,261,342,177,165,180,84,96,4,1,3,24,12,12,16,10,6,7,4,3,7,2,5,10,5,5,28,9,19,59,30,29,25,11,14
S01010975,350,169,181,203,107,96,147,62,85,5,1,4,22,11,11,9,5,4,12,6,6,3,0,3,0,0,0,25,10,15,44,16,28,27,13,14
S01010976,399,200,199,267,134,133,132,66,66,2,1,1,10,6,4,13,8,5,6,3,3,10,2,8,6,3,3,31,15,16,21,12,9,33,16,17
S01010977,535,248,287,370,175,195,165,73,92,6,5,1,22,6,16,6,3,3,8,2,6,7,3,4,6,1,5,31,15,16,46,23,23,33,15,18
S01010978,518,249,269,335,168,167,183,81,102,2,1,1,23,9,14,22,13,9,12,6,6,7,2,5,6,2,4,24,10,14,59,23,36,28,15,13
S01010979,592,270,322,392,184,208,200,86,114,8,3,5,20,10,10,24,9,15,14,7,7,6,2,4,9,3,6,28,16,12,48,16,32,43,20,23
S01010980,538,250,288,342,158,184,196,92,104,7,3,4,18,13,5,13,7,6,9,4,5,12,4,8,13,5,8,32,13,19,58,25,33,34,18,16
S01010981,535,246,289,312,146,166,223,100,123,5,4,1,24,7,17,23,13,10,16,5,11,11,4,7,6,6,0,38,19,19,62,27,35,38,15,23
S01010982,884,449,435,566,310,256,318,139,179,9,4,5,30,14,16,35,18,17,13,5,8,25,10,15,16,8,8,43,18,25,106,45,61,41,17,24
S01010983,578,269,309,388,201,187,190,68,122,4,1,3,16,7,9,18,8,10,5,0,5,15,5,10,13,6,7,28,8,20,65,20,45,26,13,13
S01010984,506,241,265,269,140,129,237,101,136,7,5,2,21,10,11,10,3,7,14,6,8,7,3,4,18,7,11,62,30,32,72,26,46,26,11,15
S01010985,444,216,228,302,153,149,142,63,79,4,1,3,25,16,9,9,2,7,6,0,6,1,0,1,9,3,6,26,14,12,38,13,25,24,14,10
S01010986,386,195,191,304,160,144,82,35,47,3,2,1,13,7,6,9,4,5,2,0,2,11,5,6,6,2,4,7,3,4,15,4,11,16,8,8
S01010987,433,212,221,349,184,165,84,28,56,5,1,4,10,4,6,4,2,2,5,2,3,7,1,6,4,2,2,16,4,12,14,1,13,19,11,8
S01010988,442,215,227,348,173,175,94,42,52,9,4,5,14,10,4,8,3,5,5,1,4,5,2,3,2,1,1,17,3,14,13,4,9,21,14,7
S01010989,689,335,354,625,312,313,64,23,41,2,0,2,12,7,5,6,2,4,5,3,2,1,0,1,5,0,5,10,2,8,11,2,9,12,7,5
S01010990,596,284,312,378,187,191,218,97,121,14,7,7,20,12,8,22,16,6,11,3,8,14,9,5,15,4,11,49,23,26,55,16,39,18,7,11
S01010991,413,201,212,291,144,147,122,57,65,8,4,4,16,9,7,14,7,7,8,4,4,5,4,1,6,1,5,19,9,10,33,12,21,13,7,6
S01010992,394,195,199,316,167,149,78,28,50,9,2,7,8,4,4,9,4,5,6,0,6,2,0,2,2,0,2,13,5,8,10,4,6,19,9,10
S01010993,471,227,244,336,167,169,135,60,75,8,8,0,12,7,5,10,3,7,5,2,3,5,3,2,4,1,3,36,15,21,42,13,29,13,8,5
S01010994,781,387,394,536,275,261,245,112,133,5,3,2,30,13,17,23,16,7,22,12,10,13,3,10,9,5,4,48,17,31,65,22,43,30,21,9
S01010995,575,273,302,406,194,212,169,79,90,5,4,1,41,25,16,20,12,8,13,4,9,9,3,6,10,6,4,23,9,14,31,11,20,17,5,12
S01010996,432,211,221,320,165,155,112,46,66,5,4,1,14,4,10,10,4,6,5,2,3,5,3,2,3,2,1,22,5,17,31,11,20,17,11,6
S01010997,482,232,250,289,154,135,193,78,115,7,4,3,12,5,7,17,6,11,12,6,6,13,4,9,12,4,8,46,21,25,60,23,37,14,5,9
S01010998,419,197,222,289,148,141,130,49,81,3,1,2,12,5,7,9,4,5,10,4,6,6,3,3,2,1,1,26,12,14,47,8,39,15,11,4
S01010999,650,316,334,381,198,183,269,118,151,8,6,2,24,15,9,20,10,10,9,2,7,11,4,7,16,6,10,53,18,35,92,36,56,36,21,15
S01011000,645,322,323,439,234,205,206,88,118,12,8,4,28,12,16,15,6,9,17,8,9,5,2,3,7,2,5,39,15,24,58,21,37,25,14,11
S01011001,482,241,241,315,162,153,167,79,88,3,3,0,25,19,6,19,9,10,6,2,4,8,3,5,5,2,3,29,14,15,41,13,28,31,14,17
S01011002,521,250,271,331,166,165,190,84,106,10,5,5,31,13,18,18,8,10,12,5,7,8,2,6,7,1,6,30,20,10,51,16,35,23,14,9
S01011003,485,234,251,321,156,165,164,78,86,7,5,2,27,14,13,12,5,7,7,2,5,4,1,3,4,2,2,17,8,9,54,24,30,32,17,15
S01011004,452,209,243,340,166,174,112,43,69,7,2,5,13,4,9,11,4,7,6,1,5,4,1,3,2,1,1,16,8,8,32,12,20,21,10,11
S01011005,500,239,261,295,152,143,205,87,118,11,5,6,21,10,11,22,7,15,13,8,5,14,5,9,14,5,9,31,14,17,55,17,38,24,16,8
S01011006,746,361,385,554,282,272,192,79,113,8,5,3,26,15,11,12,5,7,11,3,8,12,6,6,16,4,12,32,15,17,45,11,34,30,15,15
S01011007,480,236,244,305,153,152,175,83,92,4,1,3,19,12,7,11,4,7,12,5,7,10,7,3,7,4,3,25,11,14,61,23,38,26,16,10
S01011008,600,295,305,361,188,173,239,107,132,10,6,4,26,12,14,27,16,11,20,7,13,11,4,7,7,2,5,45,21,24,62,25,37,31,14,17
S01011009,395,185,210,281,130,151,114,55,59,6,3,3,20,14,6,12,7,5,6,3,3,5,2,3,4,2,2,12,3,9,26,12,14,23,9,14
S01011010,450,221,229,264,138,126,186,83,103,6,4,2,24,17,7,10,3,7,11,2,9,10,7,3,8,1,7,21,9,12,48,18,30,48,22,26
S01011011,586,284,302,314,156,158,272,128,144,8,5,3,37,19,18,19,12,7,23,10,13,13,4,9,8,3,5,44,22,22,59,26,33,61,27,34
S01011012,506,235,271,273,132,141,233,103,130,6,4,2,36,21,15,12,4,8,16,5,11,15,4,11,6,4,2,25,10,15,72,27,45,45,24,21
S01011013,583,276,307,367,186,181,216,90,126,4,2,2,22,18,4,16,4,12,15,6,9,14,3,11,9,3,6,33,15,18,83,28,55,20,11,9
S01011014,657,321,336,458,231,227,199,90,109,9,3,6,31,15,16,28,12,16,12,8,4,7,2,5,11,6,5,36,13,23,40,19,21,25,12,13
S01011015,350,162,188,241,119,122,109,43,66,4,1,3,14,10,4,17,4,13,13,6,7,7,1,6,5,3,2,10,7,3,23,7,16,16,4,12
S01011016,626,315,311,495,257,238,131,58,73,9,4,5,29,17,12,9,3,6,11,6,5,6,1,5,6,1,5,14,6,8,16,7,9,31,13,18
S01011017,630,294,336,438,216,222,192,78,114,12,5,7,19,7,12,18,6,12,9,5,4,10,2,8,10,6,4,34,19,15,55,16,39,25,12,13
S01011018,625,317,308,423,225,198,202,92,110,6,3,3,25,15,10,18,7,11,13,7,6,11,6,5,7,1,6,45,19,26,45,16,29,32,18,14
S01011019,736,367,369,530,279,251,206,88,118,12,5,7,30,11,19,20,10,10,14,7,7,11,9,2,7,2,5,31,15,16,47,13,34,34,16,18
S01011020,351,181,170,255,136,119,96,45,51,3,0,3,12,6,6,10,6,4,10,6,4,2,1,1,8,4,4,14,7,7,29,9,20,8,6,2
S01011021,646,307,339,395,201,194,251,106,145,7,4,3,22,16,6,21,6,15,15,6,9,7,4,3,7,5,2,32,10,22,79,23,56,61,32,29
S01011022,414,197,217,269,134,135,145,63,82,7,2,5,12,7,5,14,7,7,7,4,3,5,2,3,6,2,4,28,13,15,35,12,23,31,14,17
S01011023,614,287,327,409,206,203,205,81,124,9,3,6,25,14,11,25,7,18,15,8,7,5,2,3,6,3,3,21,9,12,49,17,32,50,18,32
S01011024,547,250,297,321,152,169,226,98,128,5,5,0,24,15,9,18,7,11,22,9,13,7,4,3,4,3,1,33,10,23,51,14,37,62,31,31
S01011025,536,272,264,351,171,180,185,101,84,7,3,4,36,18,18,18,8,10,12,6,6,4,3,1,5,2,3,20,10,10,47,25,22,36,26,10
S01011026,449,219,230,265,137,128,184,82,102,9,5,4,28,12,16,15,7,8,16,9,7,14,8,6,11,6,5,29,12,17,40,14,26,22,9,13
S01011027,626,288,338,386,198,188,240,90,150,6,2,4,31,14,17,26,11,15,16,6,10,10,4,6,5,3,2,35,11,24,58,20,38,53,19,34
S01011028,689,304,385,371,185,186,318,119,199,15,5,10,47,18,29,31,11,20,25,13,12,14,6,8,9,3,6,70,30,40,57,19,38,50,14,36
S01011029,473,226,247,297,153,144,176,73,103,8,5,3,16,9,7,15,8,7,12,6,6,7,4,3,10,4,6,40,12,28,37,12,25,31,13,18
S01011030,766,375,391,552,284,268,214,91,123,8,5,3,25,12,13,17,6,11,14,6,8,13,4,9,10,4,6,27,11,16,55,23,32,45,20,25
S01011031,515,242,273,309,143,166,206,99,107,0,0,0,27,16,11,16,6,10,18,10,8,8,3,5,4,0,4,46,24,22,49,18,31,38,22,16
S01011032,594,292,302,355,180,175,239,112,127,14,7,7,35,23,12,16,7,9,11,6,5,10,5,5,8,2,6,42,17,25,57,25,32,46,20,26
S01011033,480,240,240,360,186,174,120,54,66,3,1,2,9,4,5,7,6,1,6,2,4,7,3,4,4,1,3,23,11,12,44,14,30,17,12,5
S01011034,477,222,255,299,138,161,178,84,94,4,1,3,22,11,11,17,14,3,12,5,7,11,2,9,9,8,1,30,13,17,51,19,32,22,11,11
S01011035,486,227,259,311,155,156,175,72,103,10,5,5,21,6,15,17,8,9,5,0,5,8,3,5,7,4,3,25,12,13,45,16,29,37,18,19
S01011036,495,240,255,341,177,164,154,63,91,9,6,3,13,7,6,11,2,9,13,3,10,15,8,7,7,3,4,22,7,15,40,18,22,24,9,15
S01011037,685,332,353,415,211,204,270,121,149,8,6,2,47,23,24,33,13,20,20,11,9,5,2,3,5,1,4,28,12,16,64,30,34,60,23,37
S01011038,622,286,336,348,174,174,274,112,162,13,8,5,31,13,18,19,8,11,20,6,14,7,3,4,11,5,6,37,18,19,71,21,50,65,30,35
S01011039,598,307,291,400,220,180,198,87,111,11,5,6,26,11,15,18,8,10,12,6,6,7,5,2,10,4,6,26,10,16,52,23,29,36,15,21
S01011040,523,243,280,308,153,155,215,90,125,6,3,3,32,18,14,12,5,7,11,4,7,13,5,8,5,2,3,28,10,18,58,26,32,50,17,33
S01011041,523,236,287,278,130,148,245,106,139,6,5,1,21,12,9,34,14,20,16,8,8,12,4,8,14,2,12,28,13,15,56,21,35,58,27,31
S01011042,603,294,309,430,212,218,173,82,91,6,4,2,19,12,7,26,13,13,13,7,6,11,4,7,10,3,7,20,9,11,44,21,23,24,9,15
S01011043,503,247,256,302,158,144,201,89,112,11,8,3,31,13,18,14,6,8,19,10,9,8,0,8,8,3,5,34,13,21,51,21,30,25,15,10
S01011044,530,248,282,309,147,162,221,101,120,13,8,5,35,18,17,30,15,15,18,11,7,6,1,5,7,4,3,24,8,16,50,22,28,38,14,24
S01011045,582,287,295,386,211,175,196,76,120,3,2,1,36,13,23,15,6,9,12,5,7,8,3,5,12,4,8,33,13,20,55,19,36,22,11,11
S01011046,680,364,316,458,268,190,222,96,126,6,4,2,28,12,16,19,8,11,15,8,7,12,5,7,14,9,5,38,13,25,66,26,40,24,11,13
S01011047,724,347,377,465,253,212,259,94,165,6,1,5,37,11,26,18,9,9,16,5,11,15,5,10,11,5,6,49,20,29,86,30,56,21,8,13
S01011048,709,342,367,470,244,226,239,98,141,15,3,12,26,12,14,17,8,9,10,5,5,7,3,4,11,6,5,42,19,23,85,35,50,26,7,19
S01011049,512,255,257,351,195,156,161,60,101,6,2,4,15,2,13,18,9,9,9,5,4,8,4,4,13,6,7,40,17,23,43,11,32,9,4,5
S01011050,595,305,290,411,231,180,184,74,110,6,4,2,24,8,16,11,3,8,8,4,4,10,5,5,13,4,9,38,21,17,51,13,38,23,12,11
S01011051,687,342,345,476,254,222,211,88,123,8,4,4,27,14,13,22,10,12,12,5,7,8,6,2,8,3,5,41,18,23,63,20,43,22,8,14
S01011052,572,281,291,370,188,182,202,93,109,6,2,4,19,11,8,10,4,6,15,6,9,6,3,3,9,4,5,42,28,14,77,25,52,18,10,8
S01011053,478,231,247,293,161,132,185,70,115,9,6,3,21,11,10,9,3,6,13,4,9,9,5,4,11,1,10,32,10,22,48,18,30,33,12,21
S01011054,400,203,197,279,148,131,121,55,66,3,3,0,15,12,3,7,2,5,10,4,6,5,2,3,8,3,5,24,8,16,33,11,22,16,10,6
S01011055,428,220,208,297,171,126,131,49,82,4,1,3,18,10,8,9,2,7,8,4,4,9,1,8,5,1,4,30,14,16,30,9,21,18,7,11
S01011056,501,246,255,372,209,163,129,37,92,5,2,3,14,5,9,5,0,5,9,5,4,6,1,5,7,2,5,25,8,17,42,9,33,16,5,11
S01011057,439,229,210,313,180,133,126,49,77,8,2,6,11,3,8,11,4,7,5,1,4,7,2,5,3,2,1,28,12,16,43,19,24,10,4,6
S01011058,487,238,249,348,187,161,139,51,88,7,3,4,24,11,13,9,4,5,6,1,5,9,6,3,11,4,7,24,7,17,31,8,23,18,7,11
S01011059,476,239,237,323,183,140,153,56,97,9,3,6,20,4,16,10,4,6,15,9,6,8,4,4,8,2,6,25,7,18,43,19,24,15,4,11
S01011060,594,293,301,394,215,179,200,78,122,9,4,5,18,7,11,14,6,8,16,6,10,14,6,8,9,6,3,32,12,20,67,22,45,21,9,12
S01011061,619,313,306,425,219,206,194,94,100,12,4,8,28,14,14,19,9,10,14,5,9,12,6,6,6,4,2,40,21,19,40,20,20,23,11,12
S01011062,660,343,317,486,271,215,174,72,102,6,1,5,16,5,11,12,5,7,10,6,4,9,3,6,6,2,4,31,17,14,62,24,38,22,9,13
S01011063,736,341,395,462,230,232,274,111,163,13,9,4,24,13,11,19,10,9,19,9,10,12,4,8,14,6,8,43,15,28,88,28,60,42,17,25
S01011064,750,368,382,517,279,238,233,89,144,7,4,3,25,10,15,19,6,13,8,4,4,13,4,9,15,7,8,50,23,27,76,23,53,20,8,12
S01011065,524,263,261,327,188,139,197,75,122,8,4,4,26,12,14,12,4,8,11,5,6,8,5,3,7,3,4,40,15,25,55,13,42,30,14,16
S01011066,374,184,190,231,121,110,143,63,80,5,3,2,15,9,6,12,7,5,10,4,6,4,2,2,7,3,4,33,13,20,44,16,28,13,6,7
S01011067,394,196,198,236,134,102,158,62,96,5,3,2,19,11,8,14,5,9,8,4,4,11,2,9,9,2,7,32,16,16,47,16,31,13,3,10
S01011068,389,188,201,242,129,113,147,59,88,8,4,4,13,7,6,8,4,4,11,5,6,7,3,4,5,1,4,25,13,12,58,18,40,12,4,8
S01011069,418,209,209,244,138,106,174,71,103,12,6,6,15,6,9,9,2,7,15,6,9,7,5,2,10,5,5,29,12,17,61,24,37,16,5,11
S01011070,455,226,229,310,177,133,145,49,96,9,3,6,12,6,6,4,2,2,9,3,6,12,3,9,4,1,3,32,13,19,55,15,40,8,3,5
S01011071,637,324,313,388,221,167,249,103,146,10,5,5,32,14,18,28,8,20,13,8,5,9,3,6,12,6,6,42,16,26,84,32,52,19,11,8
S01011072,740,358,382,516,271,245,224,87,137,10,7,3,30,11,19,23,12,11,15,4,11,7,2,5,12,5,7,39,17,22,65,18,47,23,11,12
S01011073,528,265,263,354,200,154,174,65,109,10,6,4,18,8,10,9,2,7,15,4,11,7,4,3,8,3,5,38,12,26,55,18,37,14,8,6
S01011074,456,229,227,320,176,144,136,53,83,5,2,3,16,10,6,15,8,7,4,2,2,10,4,6,4,1,3,23,11,12,39,8,31,20,7,13
S01011075,507,232,275,313,159,154,194,73,121,5,2,3,22,10,12,20,9,11,14,4,10,17,5,12,7,3,4,34,11,23,41,13,28,34,16,18
S01011076,517,262,255,331,183,148,186,79,107,10,8,2,18,9,9,18,5,13,12,2,10,11,4,7,13,7,6,30,17,13,51,18,33,23,9,14
S01011077,537,240,297,300,138,162,237,102,135,8,5,3,33,16,17,21,10,11,11,4,7,10,4,6,12,6,6,45,22,23,63,22,41,34,13,21
S01011078,795,397,398,532,290,242,263,107,156,10,4,6,17,8,9,18,11,7,25,8,17,10,4,6,15,5,10,43,20,23,88,28,60,37,19,18
S01011079,775,406,369,541,311,230,234,95,139,15,6,9,25,14,11,15,7,8,13,4,9,22,11,11,13,6,7,39,17,22,64,16,48,28,14,14
S01011080,733,364,369,468,256,212,265,108,157,10,7,3,33,12,21,21,11,10,9,4,5,12,7,5,4,1,3,51,27,24,77,18,59,48,21,27
S01011081,598,295,303,380,208,172,218,87,131,9,6,3,30,15,15,10,5,5,19,7,12,10,1,9,12,6,6,51,18,33,43,14,29,34,15,19
S01011082,336,150,186,212,111,101,124,39,85,8,3,5,17,8,9,5,5,0,7,3,4,4,0,4,2,2,0,23,3,20,41,10,31,17,5,12
S01011083,570,295,275,370,209,161,200,86,114,10,5,5,21,14,7,15,4,11,12,4,8,7,1,6,13,6,7,42,18,24,62,26,36,18,8,10
S01011084,591,295,296,372,203,169,219,92,127,10,6,4,37,10,27,15,8,7,9,5,4,10,3,7,7,3,4,36,18,18,74,29,45,21,10,11
S01011085,675,330,345,442,219,223,233,111,122,10,4,6,24,14,10,15,7,8,12,6,6,10,2,8,15,8,7,54,30,24,59,25,34,34,15,19
S01011086,475,246,229,311,187,124,164,59,105,4,3,1,17,7,10,17,6,11,9,0,9,14,7,7,6,2,4,24,10,14,54,17,37,19,7,12
S01011087,429,205,224,286,149,137,143,56,87,8,4,4,17,6,11,10,6,4,10,4,6,5,4,1,7,4,3,23,9,14,47,12,35,16,7,9
S01011088,697,325,372,457,235,222,240,90,150,17,8,9,24,9,15,15,7,8,10,1,9,16,6,10,11,5,6,59,23,36,55,17,38,33,14,19
S01011089,462,214,248,276,138,138,186,76,110,14,6,8,17,11,6,16,8,8,14,6,8,8,3,5,6,1,5,36,15,21,46,10,36,29,16,13
S01011090,548,273,275,369,206,163,179,67,112,4,1,3,17,8,9,19,10,9,11,4,7,16,6,10,8,3,5,29,14,15,59,17,42,16,4,12
S01011091,491,253,238,360,203,157,131,50,81,10,7,3,22,8,14,8,5,3,11,3,8,3,1,2,5,4,1,31,10,21,34,8,26,7,4,3
S01011092,316,144,172,186,90,96,130,54,76,2,1,1,19,7,12,10,6,4,3,1,2,8,1,7,6,2,4,26,12,14,25,11,14,31,13,18
S01011093,475,236,239,336,185,151,139,51,88,7,3,4,14,5,9,10,7,3,5,2,3,5,2,3,7,3,4,28,12,16,48,13,35,15,4,11
S01011094,370,188,182,275,148,127,95,40,55,5,3,2,11,5,6,5,4,1,4,1,3,7,1,6,2,0,2,23,10,13,21,6,15,17,10,7
S01011095,598,309,289,436,245,191,162,64,98,7,3,4,24,11,13,18,8,10,9,2,7,5,0,5,13,9,4,26,8,18,42,12,30,18,11,7
S01011096,433,223,210,315,166,149,118,57,61,10,4,6,18,9,9,6,3,3,9,4,5,7,4,3,3,2,1,20,13,7,18,6,12,27,12,15
S01011097,518,260,258,376,204,172,142,56,86,9,3,6,19,9,10,16,3,13,10,7,3,8,2,6,5,0,5,19,11,8,38,14,24,18,7,11
S01011098,577,290,287,402,216,186,175,74,101,9,4,5,28,14,14,15,6,9,11,1,10,13,4,9,10,6,4,35,15,20,41,15,26,13,9,4
S01011099,627,304,323,411,218,193,216,86,130,9,6,3,35,21,14,18,8,10,19,5,14,9,2,7,12,6,6,35,11,24,50,17,33,29,10,19
S01011100,321,157,164,209,115,94,112,42,70,5,1,4,14,5,9,9,5,4,10,4,6,5,3,2,8,4,4,20,8,12,32,10,22,9,2,7
S01011101,459,219,240,272,144,128,187,75,112,9,6,3,32,15,17,18,6,12,7,1,6,8,1,7,9,4,5,26,12,14,49,17,32,29,13,16
S01011102,503,234,269,301,151,150,202,83,119,10,3,7,28,14,14,19,6,13,17,10,7,10,1,9,7,1,6,45,18,27,42,19,23,24,11,13
S01011103,441,228,213,276,143,133,165,85,80,12,8,4,25,10,15,12,9,3,8,5,3,8,4,4,9,8,1,22,12,10,38,14,24,31,15,16
S01011104,456,221,235,280,144,136,176,77,99,3,1,2,15,7,8,10,5,5,6,2,4,12,6,6,10,4,6,26,14,12,53,12,41,41,26,15
S01011105,613,297,316,408,203,205,205,94,111,11,9,2,14,7,7,17,10,7,10,4,6,13,5,8,14,4,10,41,16,25,64,26,38,21,13,8
S01011106,637,293,344,451,248,203,186,45,141,13,5,8,43,9,34,28,9,19,16,4,12,11,5,6,10,2,8,21,2,19,21,6,15,23,3,20
S01011107,633,295,338,488,246,242,145,49,96,15,8,7,31,12,19,15,5,10,9,2,7,10,0,10,6,1,5,23,4,19,9,2,7,27,15,12
S01011108,418,212,206,299,154,145,119,58,61,9,6,3,18,12,6,9,4,5,4,0,4,4,1,3,5,2,3,11,6,5,30,13,17,29,14,15
S01011109,619,303,316,434,225,209,185,78,107,7,4,3,22,13,9,17,8,9,11,3,8,15,6,9,5,2,3,41,21,20,51,14,37,16,7,9
S01011110,539,257,282,369,188,181,170,69,101,7,3,4,29,17,12,11,5,6,9,3,6,12,4,8,5,2,3,28,11,17,44,15,29,25,9,16
S01011111,648,294,354,422,213,209,226,81,145,16,9,7,37,19,18,12,3,9,8,4,4,11,3,8,11,4,7,38,14,24,42,9,33,51,16,35
S01011112,624,294,330,514,258,256,110,36,74,8,5,3,21,6,15,9,2,7,5,1,4,6,4,2,3,0,3,15,6,9,24,8,16,19,4,15
S01011113,696,346,350,486,252,234,210,94,116,7,3,4,26,14,12,10,3,7,17,7,10,7,2,5,7,2,5,51,28,23,63,23,40,22,12,10
S01011114,575,290,285,403,216,187,172,74,98,6,2,4,30,14,16,13,8,5,18,8,10,4,2,2,8,3,5,28,10,18,45,17,28,20,10,10
S01011115,691,333,358,461,240,221,230,93,137,12,6,6,40,16,24,24,9,15,13,4,9,7,4,3,13,3,10,42,17,25,46,22,24,33,12,21
S01011116,501,245,256,333,179,154,168,66,102,10,7,3,24,10,14,10,4,6,15,4,11,7,4,3,4,2,2,25,6,19,47,14,33,26,15,11
S01011117,546,284,262,371,207,164,175,77,98,6,3,3,18,7,11,12,8,4,11,9,2,7,4,3,8,2,6,34,15,19,53,16,37,26,13,13
S01011118,597,280,317,413,209,204,184,71,113,6,4,2,33,13,20,10,3,7,10,4,6,10,5,5,8,5,3,33,11,22,43,6,37,31,20,11
S01011119,666,320,346,427,229,198,239,91,148,6,4,2,26,10,16,13,5,8,12,4,8,6,1,5,10,3,7,43,19,24,91,30,61,32,15,17
S01011120,510,247,263,297,156,141,213,91,122,2,1,1,16,5,11,5,3,2,12,6,6,15,4,11,11,6,5,31,14,17,98,40,58,23,12,11
S01011121,408,206,202,290,155,135,118,51,67,8,6,2,28,10,18,8,3,5,5,4,1,1,0,1,5,3,2,16,9,7,33,8,25,14,8,6
S01011122,480,229,251,337,174,163,143,55,88,11,5,6,29,15,14,19,5,14,6,3,3,3,3,0,4,0,4,22,16,6,29,5,24,20,3,17
S01011123,811,398,413,565,306,259,246,92,154,10,4,6,27,13,14,19,7,12,16,7,9,12,4,8,16,5,11,54,19,35,64,22,42,28,11,17
S01011124,449,211,238,345,175,170,104,36,68,11,6,5,14,7,7,12,5,7,7,0,7,9,0,9,6,3,3,18,7,11,15,4,11,12,4,8
S01011125,374,179,195,268,133,135,106,46,60,4,3,1,21,10,11,5,3,2,5,3,2,6,2,4,4,0,4,22,10,12,15,2,13,24,13,11
S01011126,337,167,170,250,134,116,87,33,54,9,4,5,13,5,8,11,4,7,6,0,6,4,2,2,8,4,4,11,3,8,13,3,10,12,8,4
S01011127,324,160,164,241,153,88,83,7,76,8,1,7,14,0,14,9,1,8,14,0,14,5,0,5,7,0,7,8,1,7,4,1,3,14,3,11
S01011128,562,270,292,362,191,171,200,79,121,8,3,5,29,14,15,19,11,8,15,10,5,12,4,8,11,5,6,31,13,18,45,11,34,30,8,22
S01011129,679,326,353,489,263,226,190,63,127,10,6,4,28,12,16,13,3,10,9,0,9,15,5,10,7,3,4,29,10,19,57,16,41,22,8,14
S01011130,444,219,225,273,151,122,171,68,103,4,3,1,13,6,7,16,9,7,10,4,6,8,1,7,8,1,7,24,11,13,64,26,38,24,7,17
S01011131,508,264,244,352,202,150,156,62,94,14,9,5,24,6,18,12,7,5,14,4,10,10,5,5,7,1,6,20,6,14,32,13,19,23,11,12
S01011132,683,354,329,465,262,203,218,92,126,12,4,8,20,9,11,16,10,6,15,7,8,7,5,2,12,7,5,39,14,25,68,24,44,29,12,17
S01011133,338,169,169,219,120,99,119,49,70,7,2,5,19,11,8,6,4,2,4,1,3,6,1,5,7,3,4,24,10,14,35,13,22,11,4,7
S01011134,589,313,276,400,231,169,189,82,107,7,4,3,27,17,10,14,6,8,10,5,5,8,7,1,11,7,4,35,17,18,65,15,50,12,4,8
S01011135,567,272,295,379,199,180,188,73,115,9,2,7,30,14,16,26,6,20,14,5,9,4,3,1,8,3,5,40,13,27,29,9,20,28,18,10
S01011136,487,246,241,326,172,154,161,74,87,12,7,5,21,14,7,11,4,7,6,2,4,5,1,4,9,5,4,32,17,15,49,16,33,16,8,8
S01011137,343,156,187,240,119,121,103,37,66,10,3,7,18,6,12,9,3,6,6,2,4,8,2,6,3,2,1,9,4,5,27,9,18,13,6,7
S01011138,450,224,226,335,183,152,115,41,74,6,3,3,18,10,8,14,2,12,6,2,4,3,1,2,9,2,7,16,3,13,23,6,17,20,12,8
S01011139,1102,767,335,977,722,255,125,45,80,5,4,1,33,11,22,12,5,7,7,1,6,4,1,3,7,0,7,19,6,13,21,7,14,17,10,7
S01011140,407,203,204,278,144,134,129,59,70,6,2,4,24,16,8,7,1,6,10,4,6,7,3,4,5,2,3,16,6,10,32,14,18,22,11,11
S01011141,414,194,220,280,140,140,134,54,80,7,6,1,20,13,7,10,6,4,11,3,8,5,0,5,5,0,5,29,15,14,33,4,29,14,7,7
S01011142,870,454,416,435,231,204,435,223,212,21,11,10,69,39,30,19,9,10,14,3,11,11,7,4,11,1,10,40,17,23,40,13,27,210,123,87
S01011143,694,324,370,460,232,228,234,92,142,5,4,1,27,12,15,16,5,11,8,5,3,13,6,7,17,7,10,39,15,24,80,26,54,29,12,17
S01011144,534,273,261,370,200,170,164,73,91,6,4,2,21,14,7,18,4,14,12,3,9,8,5,3,7,3,4,33,12,21,37,13,24,22,15,7
S01011145,482,240,242,336,174,162,146,66,80,8,4,4,23,17,6,16,7,9,5,4,1,7,2,5,10,2,8,19,7,12,43,15,28,15,8,7
S01011146,553,270,283,345,182,163,208,88,120,8,4,4,26,13,13,21,10,11,12,6,6,13,7,6,4,0,4,49,21,28,56,20,36,19,7,12
S01011147,770,397,373,531,297,234,239,100,139,11,8,3,41,23,18,22,7,15,13,4,9,12,8,4,8,4,4,33,11,22,73,20,53,26,15,11
S01011148,607,317,290,419,240,179,188,77,111,9,4,5,21,14,7,18,4,14,4,2,2,10,5,5,11,5,6,32,14,18,59,19,40,24,10,14
S01011149,690,393,297,545,354,191,145,39,106,7,3,4,18,8,10,12,1,11,13,1,12,10,2,8,10,3,7,27,10,17,25,5,20,23,6,17
S01011150,318,155,163,247,137,110,71,18,53,5,4,1,16,3,13,6,0,6,5,1,4,3,0,3,3,0,3,15,2,13,6,1,5,12,7,5
S01011151,412,216,196,275,159,116,137,57,80,4,3,1,34,14,20,16,5,11,12,3,9,7,3,4,10,3,7,11,5,6,20,4,16,23,17,6
S01011152,509,239,270,332,172,160,177,67,110,6,4,2,31,15,16,7,2,5,5,1,4,14,4,10,10,4,6,34,10,24,53,18,35,17,9,8
S01011153,642,320,322,385,211,174,257,109,148,12,7,5,45,24,21,26,11,15,13,7,6,10,2,8,8,5,3,38,19,19,79,25,54,26,9,17
S01011154,418,221,197,248,141,107,170,80,90,11,5,6,23,17,6,20,10,10,11,2,9,6,2,4,10,3,7,28,12,16,45,19,26,16,10,6
S01011155,457,235,222,274,148,126,183,87,96,8,4,4,14,7,7,23,13,10,10,8,2,13,6,7,11,3,8,27,12,15,54,21,33,23,13,10
S01011156,451,218,233,307,156,151,144,62,82,7,4,3,23,15,8,11,3,8,10,5,5,14,6,8,9,5,4,19,8,11,32,8,24,19,8,11
S01011157,461,234,227,304,160,144,157,74,83,3,1,2,23,13,10,17,10,7,10,6,4,9,4,5,7,5,2,39,19,20,44,11,33,5,5,0
S01011158,374,186,188,228,121,107,146,65,81,8,3,5,15,11,4,17,10,7,5,1,4,6,2,4,9,6,3,30,13,17,47,13,34,9,6,3
S01011159,389,184,205,222,113,109,167,71,96,6,5,1,23,11,12,11,2,9,10,7,3,10,4,6,7,6,1,35,18,17,57,15,42,8,3,5
S01011160,680,343,337,479,255,224,201,88,113,8,5,3,30,19,11,21,11,10,13,9,4,10,3,7,12,3,9,34,12,22,38,10,28,35,16,19
S01011161,469,222,247,301,155,146,168,67,101,5,0,5,24,15,9,10,5,5,11,5,6,15,6,9,8,3,5,39,15,24,36,10,26,20,8,12
S01011162,343,165,178,200,111,89,143,54,89,5,2,3,17,7,10,10,5,5,12,6,6,8,1,7,12,5,7,26,7,19,34,13,21,19,8,11
S01011163,619,303,316,406,209,197,213,94,119,14,7,7,34,17,17,15,8,7,11,5,6,16,7,9,8,5,3,31,12,19,47,13,34,37,20,17
S01011164,515,239,276,341,171,170,174,68,106,4,2,2,30,19,11,12,6,6,12,8,4,8,0,8,9,2,7,40,13,27,38,12,26,21,6,15
S01011165,541,260,281,311,167,144,230,93,137,17,8,9,39,19,20,22,9,13,15,9,6,8,5,3,10,2,8,38,16,22,56,16,40,25,9,16
S01011166,373,174,199,235,122,113,138,52,86,4,1,3,22,13,9,5,0,5,9,4,5,6,3,3,9,4,5,31,12,19,34,8,26,18,7,11
S01011167,566,279,287,358,189,169,208,90,118,8,3,5,31,11,20,20,6,14,12,6,6,11,6,5,9,7,2,27,11,16,67,28,39,23,12,11
S01011168,656,333,323,429,243,186,227,90,137,18,13,5,37,17,20,20,9,11,7,4,3,9,3,6,9,2,7,49,17,32,52,12,40,26,13,13
S01011169,682,342,340,522,279,243,160,63,97,5,2,3,30,18,12,9,2,7,6,1,5,9,0,9,7,0,7,31,12,19,36,9,27,27,19,8
S01011170,692,338,354,432,236,196,260,102,158,10,3,7,42,19,23,26,8,18,15,8,7,11,6,5,8,3,5,49,22,27,70,22,48,29,11,18
S01011171,677,335,342,463,240,223,214,95,119,9,3,6,44,22,22,15,4,11,10,3,7,7,4,3,14,6,8,37,18,19,66,26,40,12,9,3
S01011172,570,289,281,351,184,167,219,105,114,7,3,4,35,21,14,18,9,9,6,2,4,11,3,8,9,3,6,51,21,30,69,36,33,13,7,6
S01011173,407,182,225,236,122,114,171,60,111,5,1,4,30,17,13,13,5,8,11,2,9,10,3,7,3,1,2,26,9,17,58,18,40,15,4,11
S01011174,319,165,154,186,101,85,133,64,69,7,6,1,10,8,2,3,2,1,9,3,6,9,7,2,7,3,4,28,9,19,49,20,29,11,6,5
S01011175,366,167,199,217,101,116,149,66,83,4,4,0,15,7,8,16,10,6,8,3,5,6,2,4,7,4,3,27,7,20,47,17,30,19,12,7
S01011176,401,192,209,225,116,109,176,76,100,6,5,1,16,6,10,13,4,9,7,3,4,10,4,6,5,2,3,39,19,20,62,21,41,18,12,6
S01011177,628,307,321,423,214,209,205,93,112,8,4,4,15,11,4,19,11,8,10,6,4,12,3,9,10,2,8,45,25,20,67,25,42,19,6,13
S01011178,359,169,190,218,113,105,141,56,85,6,4,2,23,7,16,18,9,9,9,4,5,7,3,4,3,1,2,15,7,8,41,12,29,19,9,10
S01011179,476,227,249,281,133,148,195,94,101,5,3,2,23,18,5,23,12,11,9,2,7,8,2,6,8,5,3,23,10,13,64,24,40,32,18,14
S01011180,502,234,268,220,105,115,282,129,153,4,2,2,35,23,12,22,13,9,13,6,7,2,1,1,10,4,6,49,25,24,92,31,61,55,24,31
S01011181,382,198,184,254,141,113,128,57,71,3,1,2,12,5,7,5,3,2,6,3,3,5,1,4,13,7,6,37,16,21,34,12,22,13,9,4
S01011182,330,170,160,219,120,99,111,50,61,3,3,0,10,7,3,10,8,2,7,1,6,7,3,4,5,3,2,20,7,13,31,9,22,18,9,9
S01011183,430,210,220,265,134,131,165,76,89,7,3,4,18,11,7,10,7,3,3,1,2,10,7,3,7,4,3,25,11,14,49,19,30,36,13,23
S01011184,605,299,306,428,217,211,177,82,95,2,2,0,21,9,12,12,5,7,7,5,2,8,4,4,5,3,2,34,17,17,55,23,32,33,14,19
S01011185,518,252,266,320,163,157,198,89,109,5,5,0,21,14,7,27,13,14,20,7,13,10,3,7,13,6,7,23,14,9,51,14,37,28,13,15
S01011186,686,326,360,387,194,193,299,132,167,10,4,6,17,9,8,24,8,16,20,12,8,8,4,4,9,4,5,57,29,28,115,40,75,39,22,17
S01011187,573,284,289,346,173,173,227,111,116,8,7,1,28,14,14,34,19,15,23,13,10,11,5,6,10,4,6,38,15,23,61,25,36,14,9,5
S01011188,714,356,358,422,227,195,292,129,163,7,4,3,29,15,14,40,23,17,16,10,6,10,3,7,15,8,7,51,16,35,78,24,54,46,26,20
S01011189,616,291,325,400,197,203,216,94,122,10,7,3,22,10,12,12,4,8,6,5,1,15,6,9,7,3,4,46,24,22,63,24,39,35,11,24
S01011190,466,225,241,264,134,130,202,91,111,8,7,1,21,12,9,13,9,4,6,2,4,11,5,6,4,2,2,31,15,16,71,20,51,37,19,18
S01011191,398,181,217,240,113,127,158,68,90,5,4,1,17,8,9,14,8,6,9,3,6,6,1,5,7,4,3,27,12,15,54,22,32,19,6,13
S01011192,537,257,280,335,170,165,202,87,115,6,5,1,31,14,17,20,14,6,15,4,11,4,1,3,8,2,6,37,19,18,46,13,33,35,15,20
S01011193,531,254,277,287,146,141,244,108,136,12,7,5,35,17,18,11,6,5,21,10,11,12,4,8,9,4,5,27,13,14,63,24,39,54,23,31
S01011194,533,243,290,275,132,143,258,111,147,10,5,5,39,25,14,23,8,15,17,5,12,7,3,4,5,2,3,39,16,23,62,21,41,56,26,30
S01011195,570,261,309,352,171,181,218,90,128,5,0,5,26,13,13,29,12,17,10,3,7,13,8,5,8,3,5,40,20,20,49,14,35,38,17,21
S01011196,657,307,350,357,177,180,300,130,170,7,3,4,28,15,13,31,13,18,15,8,7,16,8,8,14,6,8,51,19,32,86,33,53,52,25,27
S01011197,630,287,343,314,158,156,316,129,187,13,6,7,33,17,16,30,12,18,16,7,9,13,7,6,7,5,2,37,14,23,98,34,64,69,27,42
S01011198,463,207,256,264,125,139,199,82,117,8,2,6,22,14,8,18,11,7,7,3,4,5,2,3,8,1,7,35,14,21,52,20,32,44,15,29
S01011199,595,282,313,367,177,190,228,105,123,15,8,7,30,14,16,13,7,6,17,8,9,7,3,4,9,5,4,35,17,18,59,21,38,43,22,21
S01011200,582,284,298,355,188,167,227,96,131,5,3,2,21,11,10,25,13,12,11,6,5,7,2,5,9,6,3,33,17,16,81,26,55,35,12,23
S01011201,472,229,243,297,157,140,175,72,103,8,3,5,20,13,7,17,8,9,7,3,4,8,3,5,4,1,3,29,10,19,55,19,36,27,12,15
S01011202,630,288,342,377,167,210,253,121,132,8,6,2,31,22,9,21,9,12,10,3,7,13,3,10,7,2,5,26,17,9,99,36,63,38,23,15
S01011203,596,266,330,381,175,206,215,91,124,8,6,2,31,17,14,12,8,4,8,2,6,11,7,4,9,3,6,33,16,17,65,15,50,38,17,21
S01011204,436,210,226,296,143,153,140,67,73,3,1,2,18,10,8,12,8,4,8,4,4,8,6,2,8,3,5,23,8,15,44,16,28,16,11,5
S01011205,495,240,255,392,199,193,103,41,62,6,3,3,19,9,10,10,4,6,5,2,3,6,1,5,3,0,3,18,5,13,16,4,12,20,13,7
S01011206,548,266,282,397,205,192,151,61,90,5,1,4,30,15,15,13,6,7,9,2,7,12,6,6,1,1,0,17,7,10,33,10,23,31,13,18
S01011207,570,278,292,353,182,171,217,96,121,6,3,3,19,8,11,16,7,9,9,5,4,7,4,3,8,6,2,32,14,18,75,26,49,45,23,22
S01011208,691,335,356,523,261,262,168,74,94,8,2,6,22,13,9,15,5,10,14,10,4,6,3,3,7,3,4,19,8,11,37,5,32,40,25,15
S01011209,477,216,261,276,137,139,201,79,122,12,5,7,31,16,15,9,4,5,9,4,5,10,4,6,9,5,4,27,8,19,68,22,46,26,11,15
S01011210,583,306,277,368,200,168,215,106,109,7,4,3,12,5,7,18,7,11,15,8,7,12,5,7,6,4,2,31,14,17,65,29,36,49,30,19
S01011211,527,253,274,380,185,195,147,68,79,10,6,4,18,14,4,6,4,2,10,2,8,7,4,3,7,3,4,17,7,10,32,6,26,40,22,18
S01011212,406,172,234,226,107,119,180,65,115,4,2,2,20,11,9,18,9,9,12,7,5,6,0,6,10,3,7,29,10,19,43,10,33,38,13,25
S01011213,772,338,434,417,195,222,355,143,212,21,12,9,43,26,17,29,7,22,18,9,9,10,2,8,17,3,14,46,23,23,101,31,70,70,30,40
S01011214,629,287,342,312,149,163,317,138,179,7,3,4,39,19,20,23,9,14,17,14,3,17,7,10,12,5,7,46,18,28,93,38,55,63,25,38
S01011215,432,209,223,201,93,108,231,116,115,8,4,4,16,11,5,31,20,11,9,3,6,10,8,2,9,3,6,37,19,18,63,28,35,48,20,28
S01011216,341,165,176,183,86,97,158,79,79,4,3,1,33,17,16,14,12,2,8,3,5,9,6,3,5,2,3,23,11,12,42,13,29,20,12,8
S01011217,585,260,325,295,139,156,290,121,169,8,7,1,28,14,14,23,12,11,19,9,10,16,6,10,12,5,7,36,13,23,81,30,51,67,25,42
S01011218,471,218,253,214,104,110,257,114,143,11,8,3,25,16,9,15,7,8,17,8,9,16,9,7,5,0,5,42,25,17,67,17,50,59,24,35
S01011219,600,286,314,317,151,166,283,135,148,7,5,2,24,14,10,27,10,17,16,9,7,9,7,2,17,7,10,38,15,23,92,40,52,53,28,25
S01011220,677,317,360,365,181,184,312,136,176,7,3,4,30,15,15,27,13,14,18,9,9,13,6,7,12,2,10,37,18,19,111,45,66,57,25,32
S01011221,696,319,377,428,207,221,268,112,156,11,7,4,31,21,10,18,8,10,15,9,6,12,5,7,12,4,8,37,11,26,81,25,56,51,22,29
S01011222,496,230,266,275,141,134,221,89,132,5,5,0,19,8,11,15,4,11,14,6,8,11,5,6,14,5,9,32,15,17,76,20,56,35,21,14
S01011223,570,272,298,366,176,190,204,96,108,3,2,1,30,13,17,12,8,4,10,2,8,12,5,7,10,6,4,34,18,16,64,25,39,29,17,12
S01011224,506,254,252,268,144,124,238,110,128,5,3,2,31,17,14,14,8,6,3,0,3,6,3,3,10,5,5,34,16,18,89,43,46,46,15,31
S01011225,513,232,281,253,126,127,260,106,154,12,9,3,30,17,13,23,6,17,9,5,4,11,3,8,10,5,5,39,15,24,74,29,45,52,17,35
S01011226,703,338,365,411,206,205,292,132,160,10,5,5,30,20,10,24,8,16,16,9,7,10,5,5,7,4,3,76,42,34,82,25,57,37,14,23
S01011227,545,277,268,320,171,149,225,106,119,6,6,0,35,18,17,14,7,7,10,4,6,16,11,5,8,5,3,43,20,23,58,21,37,35,14,21
S01011228,595,297,298,308,161,147,287,136,151,16,10,6,30,19,11,19,10,9,19,7,12,8,4,4,16,8,8,46,24,22,95,31,64,38,23,15
S01011229,383,178,205,166,78,88,217,100,117,4,3,1,31,18,13,17,10,7,17,2,15,9,3,6,3,2,1,32,17,15,62,27,35,42,18,24
S01011230,698,330,368,261,129,132,437,201,236,14,7,7,48,31,17,23,13,10,26,14,12,11,5,6,21,5,16,66,34,32,135,56,79,93,36,57
S01011231,440,198,242,207,104,103,233,94,139,7,2,5,23,12,11,16,8,8,9,5,4,12,7,5,7,2,5,33,14,19,85,29,56,41,15,26
S01011232,777,405,372,446,233,213,331,172,159,13,11,2,31,21,10,35,20,15,21,17,4,14,6,8,9,5,4,48,23,25,102,42,60,58,27,31
S01011233,295,155,140,119,57,62,176,98,78,7,6,1,15,8,7,7,5,2,10,4,6,8,5,3,1,1,0,28,15,13,50,19,31,50,35,15
S01011234,751,340,411,364,176,188,387,164,223,14,12,2,32,17,15,27,11,16,30,13,17,17,6,11,6,4,2,47,18,29,115,44,71,99,39,60
S01011235,297,138,159,121,58,63,176,80,96,6,3,3,21,9,12,10,4,6,9,5,4,3,2,1,4,1,3,17,7,10,67,32,35,39,17,22
S01011236,438,207,231,236,117,119,202,90,112,10,7,3,19,9,10,12,6,6,7,4,3,8,6,2,13,6,7,25,10,15,79,32,47,29,10,19
S01011237,552,253,299,277,137,140,275,116,159,10,6,4,29,17,12,20,9,11,13,4,9,7,4,3,12,4,8,27,7,20,84,29,55,73,36,37
S01011238,480,228,252,216,101,115,264,127,137,6,4,2,45,29,16,13,7,6,10,2,8,14,1,13,6,2,4,32,14,18,74,35,39,64,33,31
S01011239,546,291,255,253,136,117,293,155,138,12,8,4,23,16,7,30,20,10,17,9,8,13,7,6,11,7,4,28,15,13,115,53,62,44,20,24
S01011240,564,308,256,248,118,130,316,190,126,14,11,3,37,26,11,30,18,12,20,14,6,18,7,11,6,1,5,40,28,12,103,52,51,48,33,15
S01011241,783,414,369,406,223,183,377,191,186,6,4,2,49,30,19,32,18,14,17,10,7,16,11,5,14,7,7,49,22,27,138,63,75,56,26,30
S01011242,570,269,301,298,142,156,272,127,145,7,3,4,41,22,19,15,7,8,12,3,9,15,6,9,3,3,0,43,19,24,93,42,51,43,22,21
S01011243,675,331,344,283,123,160,392,208,184,10,4,6,52,27,25,33,25,8,24,11,13,12,4,8,10,6,4,60,42,18,111,52,59,80,37,43
S01011244,535,266,269,246,118,128,289,148,141,13,6,7,35,21,14,21,12,9,17,11,6,11,9,2,13,5,8,32,23,9,83,34,49,64,27,37
S01011245,659,302,357,305,130,175,354,172,182,12,9,3,42,17,25,30,17,13,8,4,4,21,13,8,10,8,2,56,28,28,107,47,60,68,29,39
S01011246,681,333,348,415,201,214,266,132,134,13,10,3,33,21,12,28,20,8,21,8,13,17,7,10,14,6,8,35,15,20,82,33,49,23,12,11
S01011247,587,275,312,340,173,167,247,102,145,7,3,4,25,11,14,22,8,14,15,8,7,11,6,5,10,4,6,43,21,22,92,33,59,22,8,14
S01011248,588,262,326,386,179,207,202,83,119,3,2,1,22,13,9,15,5,10,11,6,5,11,6,5,6,2,4,18,9,9,84,28,56,32,12,20
S01011249,568,274,294,368,180,188,200,94,106,8,6,2,22,11,11,8,3,5,18,11,7,14,6,8,7,2,5,22,11,11,72,30,42,29,14,15
S01011250,767,346,421,422,187,235,345,159,186,12,7,5,51,27,24,27,15,12,28,14,14,10,3,7,13,7,6,36,15,21,91,34,57,77,37,40
S01011251,659,286,373,365,170,195,294,116,178,15,8,7,39,23,16,28,13,15,16,4,12,11,3,8,2,1,1,32,9,23,89,31,58,62,24,38
S01011252,612,265,347,307,142,165,305,123,182,13,7,6,41,21,20,25,8,17,16,5,11,10,5,5,6,1,5,34,8,26,88,38,50,72,30,42
S01011253,638,283,355,324,147,177,314,136,178,12,4,8,39,17,22,16,8,8,15,9,6,13,4,9,11,6,5,32,11,21,92,39,53,84,38,46
S01011254,756,377,379,527,275,252,229,102,127,7,6,1,26,16,10,14,7,7,16,6,10,12,7,5,9,3,6,40,19,21,62,17,45,43,21,22
S01011255,567,285,282,423,218,205,144,67,77,9,7,2,17,9,8,11,7,4,10,3,7,5,3,2,8,1,7,21,11,10,35,12,23,28,14,14
S01011256,331,162,169,249,122,127,82,40,42,5,2,3,10,6,4,6,1,5,8,2,6,1,1,0,2,0,2,15,9,6,18,8,10,17,11,6
S01011257,325,153,172,160,82,78,165,71,94,2,1,1,17,6,11,8,2,6,12,7,5,6,3,3,6,2,4,24,15,9,75,26,49,15,9,6
S01011258,445,207,238,267,137,130,178,70,108,2,1,1,24,9,15,17,6,11,8,4,4,8,4,4,2,0,2,23,12,11,64,20,44,30,14,16
S01011259,564,285,279,313,165,148,251,120,131,13,7,6,28,17,11,18,8,10,12,6,6,11,5,6,7,4,3,39,25,14,94,36,58,29,12,17
S01011260,549,275,274,302,150,152,247,125,122,7,4,3,25,17,8,18,8,10,14,8,6,4,2,2,5,2,3,45,24,21,89,36,53,40,24,16
S01011261,579,274,305,268,134,134,311,140,171,11,6,5,44,25,19,20,11,9,9,3,6,9,5,4,8,4,4,38,13,25,90,31,59,82,42,40
S01011262,367,168,199,205,99,106,162,69,93,4,2,2,17,3,14,9,6,3,10,4,6,11,5,6,5,3,2,26,13,13,49,17,32,31,16,15
S01011263,796,368,428,524,260,264,272,108,164,11,3,8,40,23,17,23,9,14,8,2,6,8,2,6,10,2,8,35,9,26,80,31,49,57,27,30
S01011264,485,225,260,267,127,140,218,98,120,8,5,3,27,14,13,14,9,5,14,7,7,13,7,6,6,1,5,30,14,16,60,22,38,46,19,27
S01011265,750,328,422,376,162,214,374,166,208,23,13,10,46,24,22,33,16,17,21,10,11,16,7,9,8,3,5,49,21,28,92,33,59,86,39,47
S01011266,662,298,364,378,183,195,284,115,169,14,7,7,29,15,14,10,2,8,11,8,3,7,4,3,13,5,8,36,14,22,116,36,80,48,24,24
S01011267,445,210,235,246,121,125,199,89,110,9,4,5,12,5,7,11,5,6,13,6,7,9,6,3,8,5,3,29,17,12,88,31,57,20,10,10
S01011268,293,153,140,160,89,71,133,64,69,4,2,2,17,9,8,5,2,3,9,5,4,7,3,4,2,1,1,30,16,14,44,19,25,15,7,8
S01011269,389,183,206,187,87,100,202,96,106,3,3,0,15,6,9,22,15,7,17,9,8,8,4,4,9,1,8,33,16,17,70,28,42,25,14,11
S01011270,523,256,267,284,137,147,239,119,120,8,4,4,25,15,10,19,9,10,12,7,5,8,5,3,11,5,6,29,13,16,85,35,50,42,26,16
S01011271,598,296,302,297,146,151,301,150,151,10,8,2,28,17,11,19,7,12,18,13,5,14,9,5,11,6,5,46,21,25,102,40,62,53,29,24
S01011272,576,291,285,289,140,149,287,151,136,6,3,3,38,28,10,24,14,10,19,13,6,6,2,4,11,3,8,29,22,7,111,44,67,43,22,21
S01011273,626,270,356,319,145,174,307,125,182,6,3,3,31,20,11,16,11,5,26,17,9,12,7,5,9,3,6,43,13,30,83,25,58,81,26,55
S01011274,637,297,340,351,179,172,286,118,168,9,4,5,31,21,10,18,6,12,15,8,7,18,9,9,6,2,4,42,14,28,75,25,50,72,29,43
S01011275,496,233,263,231,117,114,265,116,149,7,6,1,38,26,12,20,10,10,13,5,8,11,1,10,2,1,1,37,14,23,72,27,45,65,26,39
S01011276,698,333,365,370,196,174,328,137,191,16,8,8,29,13,16,24,10,14,20,8,12,9,4,5,12,6,6,53,21,32,81,27,54,84,40,44
S01011277,554,265,289,371,190,181,183,75,108,9,5,4,24,14,10,17,8,9,7,4,3,7,3,4,10,3,7,32,12,20,52,16,36,25,10,15
S01011278,400,196,204,307,154,153,93,42,51,3,0,3,9,5,4,9,7,2,10,6,4,2,1,1,3,1,2,20,7,13,22,8,14,15,7,8
S01011279,504,239,265,322,162,160,182,77,105,4,4,0,18,8,10,22,12,10,13,7,6,10,5,5,5,2,3,29,12,17,51,18,33,30,9,21
S01011280,487,246,241,283,151,132,204,95,109,5,0,5,25,12,13,21,14,7,17,7,10,12,4,8,10,6,4,36,18,18,54,19,35,24,15,9
S01011281,495,244,251,346,177,169,149,67,82,13,6,7,23,11,12,13,8,5,9,1,8,3,3,0,7,3,4,24,13,11,35,9,26,22,13,9
S01011282,671,323,348,495,242,253,176,81,95,11,4,7,20,10,10,15,3,12,8,5,3,7,2,5,7,4,3,30,16,14,44,18,26,34,19,15
S01011283,543,286,257,426,229,197,117,57,60,8,5,3,23,16,7,9,6,3,4,3,1,1,0,1,5,2,3,12,3,9,31,10,21,24,12,12
S01011284,406,200,206,348,177,171,58,23,35,4,2,2,11,5,6,5,2,3,5,2,3,2,1,1,1,0,1,9,2,7,13,6,7,8,3,5
S01011285,528,232,296,307,133,174,221,99,122,12,8,4,32,19,13,18,11,7,7,4,3,10,2,8,4,2,2,30,13,17,75,23,52,33,17,16
S01011286,515,241,274,289,140,149,226,101,125,10,9,1,23,15,8,16,9,7,12,4,8,8,4,4,6,3,3,23,8,15,78,23,55,50,26,24
S01011287,601,271,330,330,150,180,271,121,150,7,6,1,35,14,21,28,18,10,21,13,8,6,3,3,8,2,6,35,16,19,75,23,52,56,26,30
S01011288,555,237,318,323,144,179,232,93,139,5,2,3,19,14,5,20,12,8,11,4,7,14,7,7,11,4,7,35,9,26,63,20,43,54,21,33
S01011289,682,303,379,378,173,205,304,130,174,10,3,7,40,20,20,22,10,12,17,10,7,13,5,8,13,7,6,40,20,20,97,28,69,52,27,25
S01011290,826,398,428,443,230,213,383,168,215,10,7,3,39,24,15,29,19,10,20,10,10,25,8,17,16,7,9,48,25,23,142,45,97,54,23,31
S01011291,619,294,325,329,166,163,290,128,162,2,0,2,46,20,26,28,12,16,14,7,7,10,6,4,10,5,5,51,25,26,92,36,56,37,17,20
S01011292,512,253,259,239,121,118,273,132,141,10,6,4,39,23,16,31,19,12,9,5,4,18,9,9,9,3,6,26,11,15,77,31,46,54,25,29
S01011293,529,252,277,295,139,156,234,113,121,8,7,1,22,17,5,15,8,7,12,6,6,11,3,8,11,3,8,38,21,17,83,29,54,34,19,15
S01011294,609,282,327,275,137,138,334,145,189,15,11,4,32,17,15,28,17,11,20,10,10,13,2,11,15,8,7,35,18,17,141,48,93,35,14,21
S01011295,741,355,386,435,218,217,306,137,169,9,3,6,34,20,14,26,15,11,15,9,6,18,6,12,13,7,6,50,22,28,109,38,71,32,17,15
S01011296,434,207,227,220,95,125,214,112,102,13,10,3,18,13,5,15,11,4,14,7,7,5,3,2,7,2,5,27,15,12,81,34,47,34,17,17
S01011297,622,292,330,362,172,190,260,120,140,11,7,4,28,18,10,16,9,7,15,7,8,4,1,3,9,4,5,32,16,16,83,22,61,62,36,26
S01011298,460,226,234,230,120,110,230,106,124,9,4,5,26,15,11,12,8,4,12,8,4,5,2,3,8,4,4,23,7,16,67,27,40,68,31,37
S01011299,388,196,192,267,150,117,121,46,75,2,0,2,18,9,9,7,3,4,7,4,3,6,2,4,5,0,5,15,6,9,44,14,30,17,8,9
S01011300,708,335,373,359,181,178,349,154,195,13,5,8,29,13,16,28,12,16,22,12,10,9,4,5,21,9,12,64,31,33,108,47,61,55,21,34
S01011301,543,267,276,329,174,155,214,93,121,8,3,5,21,11,10,21,12,9,17,10,7,5,2,3,11,2,9,37,18,19,61,18,43,33,17,16
S01011302,639,305,334,293,149,144,346,156,190,7,6,1,41,18,23,24,16,8,23,12,11,17,6,11,10,8,2,52,23,29,121,46,75,51,21,30
S01011303,754,370,384,523,273,250,231,97,134,10,7,3,24,15,9,15,9,6,11,3,8,11,5,6,14,6,8,38,16,22,79,23,56,29,13,16
S01011304,497,238,259,280,148,132,217,90,127,6,3,3,17,10,7,22,6,16,3,0,3,8,1,7,11,3,8,33,18,15,57,22,35,60,27,33
S01011305,608,288,320,365,192,173,243,96,147,7,5,2,25,9,16,26,11,15,11,4,7,6,3,3,9,4,5,37,14,23,63,17,46,59,29,30
S01011306,411,177,234,201,102,99,210,75,135,7,3,4,27,12,15,20,7,13,8,3,5,8,1,7,9,4,5,51,21,30,49,13,36,31,11,20
S01011307,350,184,166,219,133,86,131,51,80,4,1,3,20,10,10,10,5,5,10,1,9,5,0,5,1,0,1,22,9,13,43,19,24,16,6,10
S01011308,358,180,178,221,118,103,137,62,75,2,1,1,18,10,8,13,7,6,7,0,7,6,1,5,9,3,6,22,12,10,35,14,21,25,14,11
S01011309,522,254,268,311,162,149,211,92,119,2,1,1,21,7,14,15,9,6,6,3,3,9,4,5,9,5,4,42,22,20,84,28,56,23,13,10
S01011310,502,239,263,297,158,139,205,81,124,6,3,3,24,12,12,21,6,15,12,3,9,7,2,5,9,2,7,32,13,19,67,28,39,27,12,15
S01011311,527,242,285,333,162,171,194,80,114,9,5,4,17,8,9,11,3,8,13,8,5,8,3,5,8,3,5,41,18,23,73,26,47,14,6,8
S01011312,828,414,414,476,256,220,352,158,194,12,9,3,43,23,20,23,9,14,18,9,9,9,3,6,19,11,8,81,40,41,114,42,72,33,12,21
S01011313,524,253,271,328,162,166,196,91,105,10,6,4,26,15,11,17,6,11,9,6,3,10,6,4,5,3,2,43,17,26,59,23,36,17,9,8
S01011314,807,402,405,515,275,240,292,127,165,14,6,8,36,17,19,21,8,13,16,10,6,19,14,5,14,5,9,58,23,35,82,33,49,32,11,21
S01011315,289,128,161,170,79,91,119,49,70,1,1,0,15,7,8,8,2,6,7,1,6,5,1,4,5,1,4,21,12,9,37,15,22,20,9,11
S01011316,521,228,293,290,131,159,231,97,134,4,3,1,27,18,9,15,7,8,11,4,7,7,1,6,7,1,6,34,12,22,71,26,45,55,25,30
S01011317,522,240,282,260,130,130,262,110,152,5,2,3,26,12,14,19,5,14,11,8,3,11,5,6,15,7,8,48,24,24,99,33,66,28,14,14
S01011318,636,306,330,355,196,159,281,110,171,13,6,7,20,9,11,26,13,13,19,5,14,14,6,8,16,9,7,43,18,25,105,30,75,25,14,11
S01011319,566,271,295,318,166,152,248,105,143,6,3,3,35,20,15,20,11,9,13,5,8,14,6,8,7,4,3,49,25,24,80,22,58,24,9,15
S01011320,376,179,197,211,109,102,165,70,95,9,4,5,11,4,7,11,6,5,5,3,2,7,3,4,6,5,1,27,12,15,64,22,42,25,11,14
S01011321,465,211,254,326,155,171,139,56,83,8,5,3,16,8,8,11,5,6,6,2,4,9,3,6,5,0,5,20,9,11,44,15,29,20,9,11
S01011322,468,219,249,296,147,149,172,72,100,7,2,5,25,12,13,18,4,14,11,3,8,10,6,4,9,3,6,22,11,11,40,14,26,30,17,13
S01011323,674,315,359,412,200,212,262,115,147,14,8,6,22,14,8,25,6,19,17,12,5,13,4,9,12,2,10,33,15,18,80,28,52,46,26,20
S01011324,330,166,164,187,98,89,143,68,75,5,3,2,17,12,5,8,3,5,8,5,3,6,1,5,8,3,5,19,7,12,48,19,29,24,15,9
S01011325,563,277,286,293,146,147,270,131,139,10,3,7,33,16,17,24,10,14,14,8,6,17,8,9,13,7,6,48,21,27,82,47,35,29,11,18
S01011326,544,272,272,272,137,135,272,135,137,6,2,4,36,21,15,30,15,15,19,2,17,12,8,4,15,7,8,37,20,17,95,50,45,22,10,12
S01011327,516,254,262,233,113,120,283,141,142,5,3,2,25,9,16,20,10,10,15,9,6,14,9,5,15,9,6,49,22,27,95,41,54,45,29,16
S01011328,501,247,254,277,140,137,224,107,117,11,5,6,23,11,12,18,10,8,8,3,5,18,11,7,13,4,9,41,19,22,67,29,38,25,15,10
S01011329,634,308,326,339,180,159,295,128,167,12,7,5,24,12,12,29,17,12,15,7,8,15,4,11,14,4,10,49,23,26,110,40,70,27,14,13
S01011330,519,239,280,311,152,159,208,87,121,3,2,1,28,15,13,10,1,9,7,3,4,11,7,4,5,2,3,38,14,24,83,28,55,23,15,8
S01011331,527,248,279,265,137,128,262,111,151,13,9,4,24,13,11,26,11,15,29,13,16,12,3,9,8,3,5,31,18,13,93,33,60,26,8,18
S01011332,636,311,325,374,191,183,262,120,142,11,7,4,33,19,14,15,7,8,11,3,8,13,9,4,19,4,15,46,21,25,91,37,54,23,13,10
S01011333,520,256,264,260,143,117,260,113,147,7,5,2,25,15,10,17,8,9,14,9,5,5,2,3,16,8,8,47,24,23,114,38,76,15,4,11
S01011334,550,275,275,384,207,177,166,68,98,4,2,2,23,12,11,14,5,9,7,2,5,10,3,7,10,6,4,29,13,16,45,13,32,24,12,12
S01011335,703,332,371,384,202,182,319,130,189,7,3,4,35,15,20,24,9,15,12,5,7,12,6,6,18,8,10,60,29,31,120,42,78,31,13,18
S01011336,437,213,224,262,136,126,175,77,98,1,0,1,21,9,12,14,7,7,4,1,3,7,4,3,11,4,7,25,14,11,59,20,39,33,18,15
S01011337,545,281,264,316,179,137,229,102,127,7,5,2,27,14,13,18,7,11,16,7,9,8,2,6,4,3,1,55,27,28,70,24,46,24,13,11
S01011338,488,233,255,295,146,149,193,87,106,11,10,1,23,12,11,17,8,9,11,3,8,11,6,5,9,7,2,34,12,22,48,17,31,29,12,17
S01011339,421,205,216,229,107,122,192,98,94,5,3,2,25,15,10,15,8,7,11,5,6,1,0,1,9,5,4,33,18,15,32,12,20,61,32,29
S01011340,504,233,271,272,133,139,232,100,132,4,2,2,18,11,7,21,12,9,19,7,12,12,5,7,5,4,1,32,13,19,78,28,50,43,18,25
S01011341,552,275,277,332,173,159,220,102,118,4,4,0,35,19,16,17,9,8,13,9,4,11,4,7,11,6,5,32,13,19,53,17,36,44,21,23
S01011342,539,267,272,333,172,161,206,95,111,6,2,4,18,6,12,20,10,10,14,10,4,15,10,5,12,4,8,35,14,21,56,23,33,30,16,14
S01011343,626,314,312,326,168,158,300,146,154,4,3,1,30,19,11,18,13,5,13,6,7,17,6,11,12,6,6,32,14,18,114,52,62,60,27,33
S01011344,636,305,331,323,162,161,313,143,170,12,7,5,40,28,12,26,15,11,14,6,8,14,6,8,13,6,7,55,25,30,94,32,62,45,18,27
S01011345,558,249,309,309,139,170,249,110,139,7,5,2,35,18,17,21,9,12,14,11,3,20,9,11,6,2,4,36,18,18,60,19,41,50,19,31
S01011346,509,246,263,291,144,147,218,102,116,6,4,2,20,10,10,10,5,5,9,3,6,7,5,2,7,4,3,29,16,13,85,30,55,45,25,20
S01011347,780,391,389,432,231,201,348,160,188,13,9,4,53,29,24,32,24,8,13,2,11,11,9,2,13,6,7,59,27,32,111,33,78,43,21,22
S01011348,669,302,367,373,181,192,296,121,175,13,9,4,32,11,21,21,11,10,14,6,8,13,8,5,12,6,6,54,28,26,80,20,60,57,22,35
S01011349,717,362,355,555,281,274,162,81,81,5,3,2,26,17,9,17,9,8,10,2,8,11,6,5,6,4,2,21,10,11,39,14,25,27,16,11
S01011350,503,249,254,318,165,153,185,84,101,4,2,2,19,11,8,22,16,6,13,6,7,8,2,6,6,3,3,33,14,19,53,12,41,27,18,9
S01011351,526,250,276,265,130,135,261,120,141,9,5,4,21,14,7,26,12,14,18,9,9,12,6,6,11,3,8,36,19,17,80,31,49,48,21,27
S01011352,474,232,242,301,145,156,173,87,86,3,3,0,20,15,5,13,11,2,17,11,6,7,4,3,6,3,3,21,10,11,49,9,40,37,21,16
S01011353,487,233,254,296,146,150,191,87,104,8,6,2,17,11,6,16,6,10,15,9,6,10,6,4,2,1,1,29,16,13,60,18,42,34,14,20
S01011354,542,259,283,339,163,176,203,96,107,9,1,8,19,13,6,18,10,8,4,2,2,18,10,8,4,1,3,44,21,23,65,26,39,22,12,10
S01011355,698,348,350,440,232,208,258,116,142,6,4,2,23,12,11,23,14,9,13,7,6,10,1,9,10,7,3,48,23,25,78,22,56,47,26,21
S01011356,735,372,363,519,279,240,216,93,123,2,1,1,22,13,9,17,11,6,12,5,7,5,2,3,15,9,6,32,19,13,78,20,58,33,13,20
S01011357,646,323,323,386,201,185,260,122,138,12,4,8,23,12,11,13,9,4,13,3,10,15,11,4,7,2,5,40,21,19,105,42,63,32,18,14
S01011358,426,201,225,333,157,176,93,44,49,7,3,4,12,8,4,10,5,5,7,5,2,3,1,2,3,1,2,8,1,7,16,6,10,27,14,13
S01011359,564,291,273,298,165,133,266,126,140,11,9,2,19,11,8,20,12,8,19,9,10,12,5,7,10,4,6,26,13,13,115,43,72,34,20,14
S01011360,565,283,282,318,160,158,247,123,124,16,10,6,40,22,18,23,16,7,19,8,11,10,4,6,4,1,3,25,12,13,67,32,35,43,18,25
S01011361,427,259,168,193,120,73,234,139,95,11,6,5,49,37,12,35,21,14,16,6,10,10,7,3,4,3,1,18,11,7,43,24,19,48,24,24
S01011362,403,203,200,322,168,154,81,35,46,4,2,2,14,6,8,3,2,1,4,2,2,2,1,1,3,0,3,13,5,8,24,8,16,14,9,5
S01011363,660,314,346,358,181,177,302,133,169,12,5,7,37,22,15,27,14,13,16,7,9,17,11,6,5,4,1,38,13,25,96,36,60,54,21,33
S01011364,475,229,246,326,161,165,149,68,81,7,4,3,14,6,8,14,10,4,12,5,7,4,1,3,5,1,4,25,16,9,55,17,38,13,8,5
S01011365,442,215,227,343,168,175,99,47,52,7,3,4,14,7,7,4,2,2,4,1,3,4,2,2,6,1,5,18,9,9,27,15,12,15,7,8
S01011366,342,154,188,189,90,99,153,64,89,6,4,2,13,11,2,10,7,3,9,1,8,9,4,5,5,2,3,25,9,16,59,20,39,17,6,11
S01011367,628,286,342,360,177,183,268,109,159,16,10,6,26,10,16,30,14,16,18,6,12,8,5,3,22,7,15,34,14,20,86,34,52,28,9,19
S01011368,628,305,323,528,270,258,100,35,65,7,3,4,10,4,6,17,7,10,4,0,4,10,5,5,8,0,8,6,2,4,15,4,11,23,10,13
S01011369,606,316,290,354,194,160,252,122,130,7,5,2,27,17,10,15,8,7,16,10,6,10,6,4,6,1,5,47,19,28,85,32,53,39,24,15
S01011370,598,300,298,466,235,231,132,65,67,8,5,3,21,14,7,11,4,7,11,5,6,6,1,5,4,3,1,16,4,12,35,17,18,20,12,8
S01011371,680,344,336,397,204,193,283,140,143,17,13,4,43,21,22,29,17,12,20,10,10,10,5,5,9,2,7,42,20,22,72,31,41,41,21,20
S01011372,504,280,224,257,151,106,247,129,118,16,7,9,31,23,8,20,9,11,18,11,7,11,7,4,11,5,6,22,6,16,72,37,35,46,24,22
S01011373,509,263,246,252,130,122,257,133,124,13,8,5,32,21,11,41,30,11,22,11,11,13,6,7,7,2,5,30,15,15,60,24,36,39,16,23
S01011374,526,250,276,392,193,199,134,57,77,10,3,7,24,12,12,8,2,6,10,4,6,7,1,6,3,2,1,18,5,13,26,11,15,28,17,11
S01011375,493,261,232,310,165,145,183,96,87,11,7,4,28,21,7,22,11,11,7,3,4,13,6,7,9,7,2,22,15,7,46,13,33,25,13,12
S01011376,352,170,182,205,104,101,147,66,81,6,6,0,15,6,9,12,7,5,11,8,3,5,3,2,9,3,6,18,7,11,64,22,42,7,4,3
S01011377,451,217,234,317,157,160,134,60,74,6,4,2,20,9,11,10,5,5,5,3,2,8,4,4,8,4,4,15,9,6,43,16,27,19,6,13
S01011378,570,272,298,354,184,170,216,88,128,4,2,2,21,11,10,10,5,5,9,2,7,6,4,2,7,5,2,40,13,27,97,39,58,22,7,15
S01011379,703,357,346,526,275,251,177,82,95,15,9,6,27,15,12,5,3,2,12,7,5,10,4,6,7,3,4,23,13,10,47,13,34,31,15,16
S01011380,525,254,271,341,173,168,184,81,103,8,6,2,18,10,8,7,5,2,11,4,7,6,2,4,7,5,2,20,9,11,70,22,48,37,18,19
S01011381,482,234,248,307,159,148,175,75,100,8,2,6,24,6,18,21,13,8,10,6,4,9,6,3,6,2,4,22,6,16,60,23,37,15,11,4
S01011382,422,222,200,270,144,126,152,78,74,7,4,3,19,10,9,12,7,5,6,2,4,3,2,1,6,3,3,19,13,6,50,18,32,30,19,11
S01011383,523,247,276,232,113,119,291,134,157,4,3,1,25,12,13,22,11,11,15,6,9,14,11,3,11,7,4,35,16,19,121,46,75,44,22,22
S01011384,502,237,265,206,98,108,296,139,157,10,5,5,36,20,16,24,11,13,22,12,10,12,5,7,8,6,2,31,12,19,85,37,48,68,31,37
S01011385,702,340,362,357,181,176,345,159,186,15,11,4,29,17,12,24,12,12,24,12,12,12,6,6,12,7,5,51,22,29,115,47,68,63,25,38
S01011386,403,181,222,206,96,110,197,85,112,13,8,5,13,7,6,18,12,6,13,6,7,5,3,2,5,1,4,23,11,12,55,21,34,52,16,36
S01011387,608,292,316,302,150,152,306,142,164,6,1,5,26,17,9,22,14,8,21,14,7,19,9,10,8,2,6,39,19,20,96,36,60,69,30,39
S01011388,797,398,399,605,313,292,192,85,107,7,5,2,33,18,15,14,6,8,11,6,5,6,3,3,10,5,5,19,7,12,53,20,33,39,15,24
S01011389,590,287,303,355,160,195,235,127,108,10,7,3,29,14,15,12,8,4,14,12,2,7,4,3,5,2,3,30,11,19,76,36,40,52,33,19
S01011390,609,288,321,328,173,155,281,115,166,8,3,5,36,18,18,19,9,10,18,10,8,4,2,2,8,0,8,35,14,21,107,39,68,46,20,26
S01011391,484,228,256,284,147,137,200,81,119,14,6,8,17,6,11,17,9,8,6,2,4,12,5,7,7,3,4,17,8,9,69,27,42,41,15,26
S01011392,511,246,265,282,140,142,229,106,123,9,4,5,27,16,11,21,10,11,11,5,6,16,9,7,12,3,9,27,12,15,56,21,35,50,26,24
S01011393,603,307,296,355,186,169,248,121,127,10,8,2,29,17,12,16,8,8,11,6,5,8,5,3,6,5,1,34,16,18,100,38,62,34,18,16
S01011394,399,202,197,320,163,157,79,39,40,3,2,1,9,6,3,9,7,2,4,2,2,4,3,1,4,0,4,6,1,5,22,9,13,18,9,9
S01011395,567,264,303,324,153,171,243,111,132,5,2,3,33,18,15,17,11,6,12,5,7,11,3,8,10,4,6,34,18,16,89,35,54,32,15,17
S01011396,555,266,289,315,153,162,240,113,127,5,1,4,12,11,1,17,9,8,14,9,5,4,2,2,9,3,6,35,17,18,96,43,53,48,18,30
S01011397,548,261,287,308,152,156,240,109,131,12,7,5,19,14,5,27,18,9,17,9,8,10,3,7,6,0,6,21,10,11,87,33,54,41,15,26
S01011398,540,254,286,280,134,146,260,120,140,13,7,6,17,7,10,25,13,12,20,9,11,10,5,5,12,6,6,37,24,13,72,24,48,54,25,29
S01011399,391,181,210,218,105,113,173,76,97,7,4,3,18,9,9,11,6,5,8,4,4,9,2,7,11,4,7,22,12,10,60,23,37,27,12,15
S01011400,529,253,276,362,178,184,167,75,92,5,3,2,23,10,13,13,9,4,8,3,5,7,5,2,8,3,5,26,11,15,53,19,34,24,12,12
S01011401,471,233,238,283,150,133,188,83,105,8,4,4,7,4,3,10,7,3,8,3,5,6,2,4,6,1,5,25,18,7,77,27,50,41,17,24
S01011402,647,289,358,357,165,192,290,124,166,12,7,5,27,15,12,22,15,7,15,10,5,12,3,9,12,6,6,39,16,23,121,41,80,30,11,19
S01011403,400,195,205,279,147,132,121,48,73,2,1,1,12,3,9,10,5,5,9,3,6,3,1,2,6,3,3,6,4,2,36,15,21,37,13,24
S01011404,710,323,387,385,187,198,325,136,189,11,4,7,24,12,12,28,16,12,19,10,9,6,2,4,10,4,6,42,21,21,131,47,84,54,20,34
S01011405,443,213,230,274,144,130,169,69,100,5,4,1,20,8,12,12,9,3,5,2,3,4,1,3,10,3,7,23,10,13,55,16,39,35,16,19
S01011406,475,228,247,302,139,163,173,89,84,4,4,0,17,9,8,16,9,7,8,5,3,10,6,4,11,5,6,19,9,10,65,26,39,23,16,7
S01011407,807,386,421,519,274,245,288,112,176,15,9,6,30,18,12,27,10,17,25,10,15,13,1,12,11,6,5,37,14,23,91,31,60,39,13,26
S01011408,589,274,315,365,179,186,224,95,129,16,10,6,22,15,7,23,12,11,14,7,7,10,4,6,3,1,2,31,12,19,67,21,46,38,13,25
S01011409,587,267,320,343,163,180,244,104,140,13,6,7,29,15,14,20,10,10,10,5,5,8,4,4,8,4,4,30,9,21,76,31,45,50,20,30
S01011410,455,211,244,299,141,158,156,70,86,4,3,1,19,17,2,15,9,6,9,1,8,2,1,1,6,1,5,21,9,12,61,18,43,19,11,8
S01011411,470,234,236,307,159,148,163,75,88,7,4,3,26,17,9,16,10,6,9,7,2,2,0,2,4,2,2,18,8,10,56,20,36,25,7,18
S01011412,659,322,337,437,226,211,222,96,126,12,5,7,19,10,9,18,11,7,5,2,3,9,5,4,12,8,4,30,17,13,87,24,63,30,14,16
S01011413,445,229,216,332,178,154,113,51,62,7,5,2,12,8,4,12,4,8,6,2,4,5,2,3,7,4,3,6,2,4,26,7,19,32,17,15
S01011414,605,296,309,351,185,166,254,111,143,11,6,5,33,22,11,25,16,9,8,3,5,11,2,9,11,4,7,31,9,22,72,27,45,52,22,30
S01011415,667,340,327,440,219,221,227,121,106,8,7,1,25,19,6,20,11,9,19,5,14,8,6,2,2,0,2,23,15,8,90,40,50,32,18,14
S01011416,517,258,259,355,176,179,162,82,80,8,5,3,9,6,3,17,10,7,12,6,6,5,3,2,7,3,4,27,14,13,45,17,28,32,18,14
S01011417,594,286,308,353,187,166,241,99,142,8,3,5,32,22,10,21,13,8,9,4,5,10,5,5,6,4,2,30,14,16,99,23,76,26,11,15
S01011418,429,201,228,229,120,109,200,81,119,6,3,3,14,9,5,16,8,8,14,3,11,10,5,5,9,5,4,18,10,8,88,28,60,25,10,15
S01011419,425,212,213,255,139,116,170,73,97,7,3,4,11,5,6,9,2,7,9,5,4,13,9,4,7,3,4,15,7,8,69,26,43,30,13,17
S01011420,380,191,189,183,93,90,197,98,99,11,2,9,21,14,7,11,5,6,11,5,6,7,5,2,4,3,1,20,5,15,76,37,39,36,22,14
S01011421,441,205,236,318,157,161,123,48,75,2,0,2,21,9,12,13,6,7,9,5,4,11,8,3,5,0,5,14,2,12,18,8,10,30,10,20
S01011422,505,238,267,268,135,133,237,103,134,13,6,7,19,8,11,14,7,7,17,13,4,7,3,4,7,4,3,30,17,13,87,26,61,43,19,24
S01011423,381,187,194,171,97,74,210,90,120,7,3,4,21,16,5,21,11,10,18,7,11,9,6,3,12,4,8,13,4,9,58,20,38,51,19,32
S01011424,424,203,221,264,137,127,160,66,94,11,3,8,17,7,10,13,11,2,11,7,4,6,2,4,4,1,3,19,6,13,59,23,36,20,6,14
S01011425,640,301,339,334,172,162,306,129,177,15,11,4,33,11,22,21,11,10,16,10,6,16,5,11,10,8,2,35,15,20,97,31,66,63,27,36
S01011426,719,362,357,539,285,254,180,77,103,7,3,4,18,6,12,22,10,12,13,4,9,11,8,3,10,3,7,25,14,11,44,17,27,30,12,18
S01011427,524,267,257,293,167,126,231,100,131,11,6,5,31,18,13,19,10,9,12,4,8,11,5,6,7,3,4,28,7,21,81,31,50,31,16,15
S01011428,387,203,184,237,135,102,150,68,82,5,1,4,12,8,4,8,3,5,6,4,2,7,4,3,9,5,4,28,10,18,56,24,32,19,9,10
S01011429,1021,765,256,471,295,176,550,470,80,7,6,1,29,23,6,46,41,5,43,35,8,34,32,2,40,37,3,90,81,9,126,102,24,135,113,22
S01011430,680,328,352,479,240,239,201,88,113,9,6,3,33,18,15,13,9,4,13,8,5,15,7,8,5,2,3,29,9,20,50,15,35,34,14,20
S01011431,798,390,408,471,252,219,327,138,189,11,4,7,25,16,9,26,12,14,21,9,12,13,6,7,10,5,5,36,19,17,134,51,83,51,16,35
S01011432,819,397,422,482,247,235,337,150,187,12,4,8,30,16,14,32,20,12,21,8,13,17,6,11,11,8,3,43,16,27,131,54,77,40,18,22
S01011433,640,292,348,349,170,179,291,122,169,16,10,6,33,12,21,32,14,18,11,6,5,12,6,6,15,2,13,23,14,9,79,28,51,70,30,40
S01011434,423,203,220,272,140,132,151,63,88,10,8,2,15,8,7,13,6,7,13,5,8,5,4,1,10,3,7,12,5,7,55,18,37,18,6,12
S01011435,712,341,371,500,253,247,212,88,124,10,7,3,26,13,13,16,8,8,10,5,5,7,3,4,7,2,5,26,12,14,69,24,45,41,14,27
S01011436,544,274,270,316,159,157,228,115,113,9,6,3,33,19,14,19,11,8,20,8,12,11,6,5,8,3,5,27,12,15,65,31,34,36,19,17
S01011437,552,272,280,311,163,148,241,109,132,7,5,2,22,11,11,16,11,5,15,10,5,14,7,7,7,4,3,31,17,14,85,28,57,44,16,28
S01011438,406,197,209,209,107,102,197,90,107,14,8,6,22,15,7,12,6,6,11,6,5,6,2,4,9,4,5,15,4,11,62,21,41,46,24,22
S01011439,657,336,321,395,213,182,262,123,139,15,7,8,22,14,8,20,12,8,15,10,5,14,8,6,5,2,3,33,17,16,89,27,62,49,26,23
S01011440,443,213,230,260,137,123,183,76,107,12,5,7,18,13,5,17,6,11,9,3,6,4,1,3,6,3,3,36,18,18,64,21,43,17,6,11
S01011441,603,299,304,354,182,172,249,117,132,8,2,6,27,12,15,17,10,7,15,9,6,15,8,7,9,3,6,34,16,18,81,32,49,43,25,18
S01011442,492,237,255,280,143,137,212,94,118,8,6,2,13,9,4,12,8,4,9,5,4,9,3,6,6,4,2,37,12,25,82,32,50,36,15,21
S01011443,464,222,242,254,131,123,210,91,119,7,3,4,19,11,8,13,11,2,12,5,7,12,5,7,11,4,7,32,17,15,72,22,50,32,13,19
S01011444,570,275,295,289,151,138,281,124,157,5,1,4,28,18,10,20,11,9,20,10,10,9,5,4,11,8,3,35,16,19,112,39,73,41,16,25
S01011445,406,192,214,252,132,120,154,60,94,6,4,2,14,5,9,12,4,8,16,11,5,4,2,2,5,1,4,31,7,24,49,20,29,17,6,11
S01011446,387,185,202,254,136,118,133,49,84,1,1,0,17,8,9,8,4,4,13,4,9,0,0,0,5,1,4,15,6,9,52,17,35,22,8,14
S01011447,636,280,356,385,186,199,251,94,157,12,9,3,31,17,14,12,3,9,13,6,7,8,4,4,5,0,5,36,10,26,83,26,57,51,19,32
S01011448,705,355,350,475,255,220,230,100,130,12,5,7,24,11,13,23,11,12,11,7,4,7,2,5,8,3,5,39,19,20,64,24,40,42,18,24
S01011449,393,206,187,225,132,93,168,74,94,5,4,1,21,14,7,14,8,6,12,5,7,7,2,5,5,3,2,14,7,7,64,21,43,26,10,16
S01011450,471,224,247,315,169,146,156,55,101,5,1,4,20,12,8,7,4,3,8,6,2,8,3,5,3,1,2,24,9,15,48,12,36,33,7,26
S01011451,540,281,259,387,212,175,153,69,84,5,4,1,24,11,13,13,7,6,14,5,9,2,1,1,3,0,3,19,8,11,19,4,15,54,29,25
S01011452,737,388,349,517,284,233,220,104,116,5,2,3,28,20,8,25,12,13,11,4,7,8,6,2,8,5,3,30,14,16,67,23,44,38,18,20
S01011453,525,266,259,320,174,146,205,92,113,7,5,2,24,13,11,18,6,12,13,7,6,7,3,4,8,4,4,35,19,16,56,20,36,37,15,22
S01011454,571,264,307,343,164,179,228,100,128,6,3,3,31,20,11,18,9,9,9,4,5,13,4,9,8,2,6,23,7,16,84,28,56,36,23,13
S01011455,559,257,302,300,144,156,259,113,146,8,4,4,28,17,11,24,9,15,17,9,8,5,2,3,7,1,6,29,17,12,89,34,55,52,20,32
S01011456,642,305,337,341,169,172,301,136,165,14,9,5,29,16,13,17,7,10,13,5,8,10,2,8,11,5,6,38,18,20,110,42,68,59,32,27
S01011457,691,326,365,411,206,205,280,120,160,17,10,7,33,15,18,23,9,14,16,7,9,11,5,6,6,2,4,36,18,18,84,33,51,54,21,33
S01011458,855,415,440,658,331,327,197,84,113,11,6,5,20,12,8,16,11,5,11,3,8,6,3,3,5,3,2,16,6,10,53,19,34,59,21,38
S01011459,765,370,395,561,273,288,204,97,107,16,12,4,24,15,9,13,6,7,12,7,5,6,2,4,5,2,3,24,10,14,69,27,42,35,16,19
S01011460,525,244,281,339,168,171,186,76,110,8,6,2,28,16,12,5,4,1,10,4,6,6,2,4,7,2,5,15,4,11,59,19,40,48,19,29
S01011461,548,272,276,340,168,172,208,104,104,16,10,6,25,11,14,23,15,8,6,4,2,8,1,7,6,1,5,24,12,12,51,19,32,49,31,18
S01011462,701,361,340,464,252,212,237,109,128,9,5,4,26,13,13,15,6,9,21,10,11,8,2,6,7,5,2,26,15,11,93,35,58,32,18,14
S01011463,513,258,255,340,181,159,173,77,96,3,2,1,14,9,5,20,9,11,12,3,9,9,5,4,8,4,4,16,8,8,69,23,46,22,14,8
S01011464,431,224,207,344,190,154,87,34,53,6,3,3,15,6,9,5,0,5,5,3,2,4,0,4,0,0,0,13,4,9,16,5,11,23,13,10
S01011465,383,189,194,198,110,88,185,79,106,3,3,0,25,12,13,12,5,7,2,0,2,10,3,7,3,1,2,25,9,16,58,25,33,47,21,26
S01011466,448,213,235,238,116,122,210,97,113,3,3,0,14,9,5,25,15,10,8,4,4,13,6,7,6,4,2,23,9,14,85,38,47,33,9,24
S01011467,403,197,206,261,135,126,142,62,80,4,3,1,20,7,13,10,5,5,10,5,5,4,2,2,2,1,1,17,7,10,46,16,30,29,16,13
S01011468,614,310,304,519,275,244,95,35,60,5,3,2,17,6,11,5,2,3,4,2,2,2,0,2,6,1,5,7,1,6,15,5,10,34,15,19
S01011469,620,312,308,353,184,169,267,128,139,12,8,4,34,22,12,21,13,8,7,2,5,6,3,3,8,4,4,21,11,10,70,28,42,88,37,51
S01011470,840,398,442,499,250,249,341,148,193,8,5,3,30,11,19,19,8,11,22,12,10,19,12,7,14,5,9,64,23,41,102,41,61,63,31,32
S01011471,664,323,341,390,203,187,274,120,154,7,6,1,34,18,16,33,22,11,12,6,6,17,6,11,9,5,4,47,20,27,93,29,64,22,8,14
S01011472,693,380,313,341,182,159,352,198,154,5,3,2,48,26,22,46,36,10,15,8,7,14,6,8,14,7,7,52,32,20,111,47,64,47,33,14
S01011473,493,248,245,218,117,101,275,131,144,5,4,1,32,16,16,20,12,8,15,5,10,10,5,5,11,2,9,38,19,19,111,52,59,33,16,17
S01011474,582,285,297,282,157,125,300,128,172,12,9,3,25,16,9,35,19,16,15,10,5,8,1,7,11,6,5,48,20,28,112,34,78,34,13,21
S01011475,409,204,205,191,99,92,218,105,113,4,3,1,22,14,8,14,9,5,18,7,11,3,0,3,12,7,5,38,18,20,85,36,49,22,11,11
S01011476,379,185,194,273,130,143,106,55,51,7,5,2,9,5,4,8,3,5,15,10,5,4,2,2,8,5,3,16,5,11,26,12,14,13,8,5
S01011477,670,331,339,423,217,206,247,114,133,7,2,5,27,14,13,25,13,12,9,4,5,17,5,12,11,4,7,45,25,20,79,34,45,27,13,14
S01011478,784,389,395,565,300,265,219,89,130,11,5,6,33,13,20,13,6,7,8,4,4,14,6,8,9,4,5,31,16,15,69,17,52,31,18,13
S01011479,616,297,319,405,202,203,211,95,116,8,5,3,27,14,13,14,9,5,15,9,6,8,2,6,11,4,7,37,23,14,67,17,50,24,12,12
S01011480,738,354,384,538,283,255,200,71,129,7,0,7,21,10,11,18,5,13,13,5,8,10,4,6,8,2,6,32,15,17,66,18,48,25,12,13
S01011481,597,286,311,446,225,221,151,61,90,13,7,6,19,9,10,8,5,3,7,3,4,7,3,4,4,1,3,17,7,10,48,15,33,28,11,17
S01011482,666,320,346,368,186,182,298,134,164,8,5,3,26,13,13,19,10,9,21,11,10,15,6,9,13,4,9,53,28,25,102,40,62,41,17,24
S01011483,421,207,214,291,150,141,130,57,73,7,5,2,14,7,7,9,4,5,8,3,5,7,3,4,6,2,4,17,11,6,37,12,25,25,10,15
S01011484,642,300,342,353,177,176,289,123,166,11,10,1,32,16,16,19,10,9,11,4,7,9,5,4,7,3,4,34,13,21,107,40,67,59,22,37
S01011485,705,326,379,340,168,172,365,158,207,16,7,9,26,15,11,27,18,9,16,6,10,20,9,11,17,8,9,42,19,23,124,42,82,77,34,43
S01011486,389,173,216,181,94,87,208,79,129,7,5,2,25,9,16,13,8,5,6,3,3,7,2,5,8,2,6,30,13,17,74,24,50,38,13,25
S01011487,809,373,436,487,233,254,322,140,182,11,7,4,35,16,19,24,10,14,15,4,11,11,7,4,10,5,5,35,8,27,91,41,50,90,42,48
S01011488,484,239,245,239,123,116,245,116,129,8,6,2,26,15,11,11,5,6,15,9,6,12,4,8,2,2,0,28,13,15,89,41,48,54,21,33
S01011489,540,274,266,425,217,208,115,57,58,7,4,3,17,8,9,4,3,1,8,4,4,0,0,0,0,0,0,17,7,10,24,6,18,38,25,13
S01011490,747,346,401,477,228,249,270,118,152,13,9,4,29,17,12,25,10,15,12,7,5,12,6,6,12,4,8,36,15,21,92,33,59,39,17,22
S01011491,385,180,205,210,99,111,175,81,94,8,8,0,23,12,11,11,6,5,10,6,4,9,5,4,8,5,3,20,8,12,52,19,33,34,12,22
S01011492,566,297,269,334,189,145,232,108,124,20,15,5,31,20,11,13,8,5,9,5,4,5,3,2,13,2,11,25,11,14,64,27,37,52,17,35
S01011493,394,188,206,328,163,165,66,25,41,12,4,8,7,2,5,1,1,0,4,1,3,1,0,1,3,1,2,7,3,4,13,6,7,18,7,11
S01011494,544,262,282,338,167,171,206,95,111,10,7,3,17,10,7,23,14,9,11,4,7,8,4,4,10,3,7,23,12,11,67,26,41,37,15,22
S01011495,605,297,308,328,165,163,277,132,145,15,9,6,20,13,7,12,9,3,21,6,15,12,7,5,9,5,4,32,14,18,97,45,52,59,24,35
S01011496,472,213,259,259,134,125,213,79,134,11,6,5,28,9,19,17,5,12,19,12,7,6,4,2,9,2,7,25,10,15,55,17,38,43,14,29
S01011497,483,249,234,358,193,165,125,56,69,12,8,4,10,7,3,8,3,5,7,3,4,10,5,5,4,2,2,15,7,8,24,4,20,35,17,18
S01011498,533,276,257,421,228,193,112,48,64,7,4,3,14,6,8,6,4,2,5,1,4,1,0,1,6,1,5,12,6,6,28,6,22,33,20,13
S01011499,619,310,309,451,237,214,168,73,95,7,5,2,27,14,13,13,6,7,14,9,5,8,1,7,3,0,3,18,9,9,47,17,30,31,12,19
S01011500,391,198,193,259,133,126,132,65,67,3,1,2,12,4,8,13,11,2,8,4,4,5,2,3,4,1,3,14,8,6,54,23,31,19,11,8
S01011501,498,231,267,267,127,140,231,104,127,7,6,1,31,16,15,19,8,11,12,8,4,7,5,2,7,4,3,26,6,20,86,32,54,36,19,17
S01011502,566,269,297,353,183,170,213,86,127,9,4,5,17,9,8,19,9,10,13,8,5,13,6,7,8,3,5,27,10,17,74,25,49,33,12,21
S01011503,479,227,252,284,145,139,195,82,113,4,2,2,21,15,6,19,9,10,9,3,6,9,4,5,6,5,1,28,6,22,63,23,40,36,15,21
S01011504,434,215,219,255,141,114,179,74,105,7,3,4,24,13,11,11,6,5,8,3,5,9,3,6,3,1,2,23,8,15,65,22,43,29,15,14
S01011505,518,259,259,300,156,144,218,103,115,13,4,9,34,18,16,14,10,4,19,11,8,10,3,7,6,3,3,21,12,9,64,28,36,37,14,23
S01011506,358,162,196,220,108,112,138,54,84,4,3,1,17,8,9,15,7,8,4,2,2,7,4,3,1,1,0,18,6,12,46,15,31,26,8,18
S01011507,463,222,241,278,144,134,185,78,107,2,1,1,23,16,7,11,4,7,12,4,8,11,3,8,5,2,3,20,11,9,60,25,35,41,12,29
S01011508,755,388,367,528,278,250,227,110,117,9,6,3,54,33,21,12,6,6,12,4,8,11,4,7,2,1,1,22,11,11,66,26,40,39,19,20
S01011509,489,243,246,320,178,142,169,65,104,8,2,6,23,10,13,11,7,4,6,1,5,7,4,3,8,3,5,14,4,10,54,21,33,38,13,25
S01011510,779,355,424,431,206,225,348,149,199,37,27,10,33,15,18,31,19,12,12,5,7,18,6,12,11,4,7,38,13,25,98,34,64,70,26,44
S01011511,394,198,196,211,101,110,183,97,86,8,4,4,30,20,10,16,10,6,12,5,7,8,5,3,6,5,1,26,13,13,56,25,31,21,10,11
S01011512,669,301,368,310,150,160,359,151,208,16,10,6,48,24,24,25,15,10,27,16,11,12,5,7,10,3,7,38,13,25,114,44,70,69,21,48
S01011513,572,273,299,305,150,155,267,123,144,11,7,4,34,19,15,19,12,7,13,8,5,14,7,7,4,1,3,37,13,24,82,34,48,53,22,31
S01011514,685,329,356,396,197,199,289,132,157,19,11,8,28,14,14,20,8,12,11,7,4,8,7,1,4,2,2,31,18,13,103,39,64,65,26,39
S01011515,436,209,227,312,151,161,124,58,66,5,2,3,15,9,6,16,13,3,6,2,4,3,2,1,1,0,1,18,9,9,38,13,25,22,8,14
S01011516,705,350,355,532,279,253,173,71,102,10,3,7,30,14,16,12,7,5,7,3,4,10,5,5,4,1,3,23,12,11,42,10,32,35,16,19
S01011517,406,195,211,259,132,127,147,63,84,7,4,3,13,5,8,18,13,5,3,0,3,7,3,4,5,4,1,20,9,11,54,17,37,20,8,12
S01011518,487,243,244,242,141,101,245,102,143,3,1,2,23,10,13,16,11,5,17,6,11,12,9,3,8,3,5,33,9,24,96,38,58,37,15,22
S01011519,593,301,292,347,184,163,246,117,129,10,6,4,29,14,15,17,11,6,13,6,7,9,5,4,2,0,2,24,16,8,100,39,61,42,20,22
S01011520,422,201,221,218,103,115,204,98,106,4,1,3,21,10,11,17,14,3,7,5,2,8,4,4,5,3,2,9,6,3,83,38,45,50,17,33
S01011521,700,327,373,386,207,179,314,120,194,19,11,8,35,17,18,32,14,18,8,6,2,14,5,9,7,2,5,38,14,24,91,23,68,70,28,42
S01011522,681,319,362,403,200,203,278,119,159,13,5,8,26,16,10,26,12,14,15,6,9,15,7,8,6,3,3,28,15,13,110,41,69,39,14,25
S01011523,586,312,274,368,203,165,218,109,109,4,3,1,31,23,8,27,15,12,9,6,3,8,3,5,5,2,3,27,14,13,67,20,47,40,23,17
S01011524,720,351,369,529,272,257,191,79,112,14,9,5,23,14,9,17,6,11,12,5,7,12,6,6,6,2,4,23,6,17,55,19,36,29,12,17
S01011525,689,324,365,483,245,238,206,79,127,6,5,1,15,10,5,12,2,10,10,4,6,5,2,3,6,3,3,20,8,12,87,30,57,45,15,30
S01011526,781,370,411,489,267,222,292,103,189,10,6,4,37,11,26,26,15,11,12,4,8,10,0,10,8,2,6,32,10,22,109,36,73,48,19,29
S01011527,557,270,287,337,179,158,220,91,129,9,7,2,19,10,9,16,10,6,14,7,7,10,4,6,5,1,4,34,15,19,85,27,58,28,10,18
S01011528,719,341,378,415,207,208,304,134,170,10,5,5,28,14,14,32,13,19,14,7,7,5,1,4,6,4,2,49,23,26,113,45,68,47,22,25
S01011529,362,161,201,196,88,108,166,73,93,9,4,5,16,12,4,15,7,8,9,7,2,9,2,7,7,2,5,24,8,16,51,22,29,26,9,17
S01011530,728,355,373,435,211,224,293,144,149,6,5,1,31,16,15,29,19,10,8,3,5,11,3,8,8,3,5,46,25,21,98,36,62,56,34,22
S01011531,803,385,418,573,301,272,230,84,146,10,5,5,23,10,13,15,5,10,4,1,3,9,2,7,7,5,2,32,15,17,90,29,61,40,12,28
S01011532,468,229,239,352,183,169,116,46,70,9,5,4,14,7,7,7,2,5,5,4,1,9,4,5,2,1,1,15,5,10,31,4,27,24,14,10
S01011533,475,242,233,239,118,121,236,124,112,16,13,3,18,10,8,23,8,15,7,4,3,13,7,6,10,5,5,34,19,15,72,36,36,43,22,21
S01011534,553,280,273,336,183,153,217,97,120,5,3,2,19,8,11,18,9,9,8,3,5,7,0,7,12,10,2,37,12,25,80,34,46,31,18,13
S01011535,640,300,340,284,135,149,356,165,191,13,6,7,41,25,16,25,12,13,16,4,12,13,5,8,10,3,7,54,32,22,122,51,71,62,27,35
S01011536,555,273,282,397,206,191,158,67,91,7,3,4,27,15,12,13,7,6,13,8,5,10,5,5,5,0,5,19,10,9,38,11,27,26,8,18
S01011537,435,204,231,338,162,176,97,42,55,6,4,2,18,10,8,5,4,1,11,4,7,4,2,2,1,1,0,15,4,11,21,6,15,16,7,9
S01011538,532,258,274,367,187,180,165,71,94,3,1,2,20,10,10,15,6,9,10,5,5,7,3,4,12,5,7,21,9,12,50,16,34,27,16,11
S01011539,568,284,284,309,161,148,259,123,136,11,9,2,29,20,9,21,14,7,9,4,5,12,5,7,7,1,6,27,10,17,95,38,57,48,22,26
S01011540,791,369,422,517,251,266,274,118,156,7,5,2,26,16,10,20,9,11,6,5,1,8,3,5,6,1,5,29,13,16,121,46,75,51,20,31
S01011541,678,314,364,407,204,203,271,110,161,14,10,4,27,14,13,19,7,12,11,5,6,6,0,6,9,1,8,41,15,26,80,29,51,64,29,35
S01011542,699,338,361,413,209,204,286,129,157,10,6,4,34,18,16,27,17,10,20,7,13,19,9,10,13,5,8,36,15,21,87,31,56,40,21,19
S01011543,591,275,316,328,163,165,263,112,151,12,7,5,30,15,15,7,4,3,14,5,9,12,3,9,6,3,3,36,10,26,87,37,50,59,28,31
S01011544,515,252,263,283,150,133,232,102,130,9,7,2,23,12,11,20,11,9,12,3,9,8,4,4,6,4,2,25,10,15,94,34,60,35,17,18
S01011545,452,216,236,262,132,130,190,84,106,7,7,0,10,5,5,14,8,6,9,4,5,5,1,4,4,2,2,33,13,20,83,32,51,25,12,13
S01011546,547,266,281,437,216,221,110,50,60,6,1,5,22,17,5,7,2,5,4,1,3,2,2,0,3,0,3,18,6,12,17,5,12,31,16,15
S01011547,432,198,234,335,157,178,97,41,56,12,2,10,10,6,4,10,5,5,4,3,1,1,0,1,5,2,3,13,5,8,18,6,12,24,12,12
S01011548,543,255,288,339,161,178,204,94,110,9,5,4,27,19,8,15,10,5,8,4,4,4,3,1,7,4,3,19,5,14,89,36,53,26,8,18
S01011549,625,311,314,403,208,195,222,103,119,7,5,2,20,8,12,14,11,3,13,9,4,21,12,9,12,6,6,31,16,15,78,21,57,26,15,11
S01011550,564,274,290,381,191,190,183,83,100,7,3,4,27,11,16,16,8,8,10,4,6,9,6,3,10,5,5,23,13,10,58,22,36,23,11,12
S01011551,406,192,214,259,138,121,147,54,93,5,4,1,8,3,5,12,9,3,5,1,4,5,0,5,6,0,6,24,9,15,59,18,41,23,10,13
S01011552,568,270,298,393,177,216,175,93,82,11,7,4,16,10,6,17,9,8,13,8,5,5,2,3,6,4,2,22,12,10,49,16,33,36,25,11
S01011553,615,299,316,475,237,238,140,62,78,7,5,2,21,11,10,8,4,4,10,3,7,4,2,2,6,3,3,13,4,9,24,7,17,47,23,24
S01011554,657,305,352,388,188,200,269,117,152,9,8,1,28,18,10,12,4,8,27,13,14,8,6,2,8,3,5,33,17,16,113,37,76,31,11,20
S01011555,438,208,230,269,127,142,169,81,88,6,3,3,16,8,8,12,5,7,11,7,4,7,1,6,4,0,4,16,8,8,53,23,30,44,26,18
S01011556,378,185,193,212,102,110,166,83,83,4,1,3,17,13,4,16,14,2,15,7,8,8,2,6,4,2,2,23,10,13,47,21,26,32,13,19
S01011557,550,260,290,350,179,171,200,81,119,6,3,3,15,7,8,22,9,13,11,4,7,4,1,3,1,1,0,17,7,10,90,31,59,34,18,16
S01011558,428,209,219,273,132,141,155,77,78,6,4,2,20,13,7,15,5,10,8,3,5,7,4,3,8,4,4,20,14,6,42,16,26,29,14,15
S01011559,471,231,240,252,128,124,219,103,116,9,5,4,21,13,8,21,14,7,10,5,5,7,3,4,4,0,4,21,9,12,90,35,55,36,19,17
S01011560,580,277,303,343,178,165,237,99,138,9,6,3,24,13,11,17,8,9,8,6,2,13,3,10,7,3,4,31,9,22,94,38,56,34,13,21
S01011561,602,279,323,325,148,177,277,131,146,14,9,5,30,17,13,19,10,9,17,8,9,11,7,4,13,5,8,24,10,14,98,38,60,51,27,24
S01011562,466,202,264,263,122,141,203,80,123,7,5,2,20,15,5,12,4,8,9,1,8,2,0,2,6,2,4,22,9,13,63,17,46,62,27,35
S01011563,556,243,313,304,140,164,252,103,149,7,6,1,30,16,14,12,3,9,9,3,6,14,6,8,5,0,5,25,9,16,79,29,50,71,31,40
S01011564,711,340,371,483,236,247,228,104,124,9,4,5,25,11,14,15,7,8,10,1,9,4,2,2,5,4,1,31,19,12,95,37,58,34,19,15
S01011565,705,331,374,467,233,234,238,98,140,6,4,2,33,13,20,28,11,17,7,3,4,4,4,0,11,6,5,36,14,22,74,25,49,39,18,21
S01011566,673,299,374,384,186,198,289,113,176,15,6,9,39,17,22,27,6,21,22,7,15,10,5,5,12,0,12,31,12,19,81,33,48,52,27,25
S01011567,715,347,368,404,200,204,311,147,164,6,1,5,36,19,17,14,8,6,19,12,7,6,3,3,8,5,3,41,22,19,119,50,69,62,27,35
S01011568,612,302,310,403,203,200,209,99,110,7,6,1,31,18,13,14,7,7,8,2,6,5,2,3,3,1,2,27,9,18,78,31,47,36,23,13
S01011569,743,340,403,445,224,221,298,116,182,18,13,5,36,14,22,20,7,13,16,9,7,11,6,5,9,6,3,31,10,21,109,32,77,48,19,29
S01011570,537,254,283,308,146,162,229,108,121,2,2,0,20,11,9,12,9,3,9,4,5,6,3,3,11,4,7,25,11,14,107,51,56,37,13,24
S01011571,498,249,249,280,148,132,218,101,117,14,8,6,26,17,9,13,6,7,12,7,5,8,0,8,2,0,2,29,13,16,90,42,48,24,8,16
S01011572,451,225,226,273,143,130,178,82,96,6,4,2,22,12,10,17,9,8,10,8,2,7,3,4,1,0,1,24,11,13,63,22,41,28,13,15
S01011573,783,388,395,557,294,263,226,94,132,15,7,8,24,13,11,18,6,12,16,6,10,6,1,5,10,5,5,20,9,11,73,28,45,44,19,25
S01011574,570,273,297,402,203,199,168,70,98,8,4,4,15,9,6,15,7,8,9,6,3,8,4,4,6,0,6,15,6,9,66,21,45,26,13,13
S01011575,381,192,189,216,108,108,165,84,81,20,16,4,14,9,5,14,10,4,4,2,2,8,5,3,2,0,2,15,6,9,59,23,36,29,13,16
S01011576,576,284,292,256,141,115,320,143,177,12,7,5,40,22,18,27,12,15,11,4,7,18,5,13,4,2,2,37,17,20,121,50,71,50,24,26
S01011577,547,267,280,351,174,177,196,93,103,10,5,5,28,16,12,13,9,4,6,3,3,11,3,8,8,3,5,31,14,17,54,24,30,35,16,19
S01011578,642,303,339,380,177,203,262,126,136,14,9,5,34,19,15,20,10,10,17,9,8,15,8,7,5,3,2,29,11,18,71,31,40,57,26,31
S01011579,820,406,414,560,294,266,260,112,148,9,5,4,36,19,17,15,8,7,20,9,11,14,4,10,5,3,2,46,18,28,71,24,47,44,22,22
S01011580,537,255,282,331,164,167,206,91,115,5,4,1,23,9,14,21,8,13,10,6,4,6,3,3,5,3,2,19,7,12,69,32,37,48,19,29
S01011581,567,285,282,287,142,145,280,143,137,4,3,1,27,12,15,22,13,9,9,6,3,10,7,3,10,3,7,33,16,17,120,64,56,45,19,26
S01011582,848,415,433,614,303,311,234,112,122,15,10,5,29,20,9,21,15,6,9,3,6,6,3,3,10,4,6,42,23,19,74,19,55,28,15,13
S01011583,524,239,285,335,162,173,189,77,112,9,5,4,34,15,19,13,7,6,9,6,3,4,2,2,14,3,11,29,11,18,57,17,40,20,11,9
S01011584,536,272,264,324,176,148,212,96,116,5,4,1,26,11,15,12,6,6,11,5,6,4,2,2,13,4,9,34,15,19,75,35,40,32,14,18
S01011585,513,230,283,323,147,176,190,83,107,6,5,1,22,10,12,7,5,2,13,6,7,2,0,2,10,6,4,23,11,12,73,22,51,34,18,16
S01011586,425,216,209,257,135,122,168,81,87,7,3,4,16,12,4,10,6,4,14,7,7,9,1,8,8,5,3,24,12,12,50,20,30,30,15,15
S01011587,417,179,238,248,115,133,169,64,105,8,6,2,16,4,12,8,4,4,12,6,6,6,1,5,7,1,6,16,8,8,64,20,44,32,14,18
S01011588,568,264,304,330,171,159,238,93,145,4,3,1,21,10,11,21,11,10,19,4,15,8,4,4,2,1,1,31,12,19,74,27,47,58,21,37
S01011589,637,308,329,389,210,179,248,98,150,5,3,2,19,11,8,10,3,7,10,6,4,8,2,6,7,4,3,32,12,20,117,40,77,40,17,23
S01011590,511,247,264,296,151,145,215,96,119,7,4,3,23,12,11,13,9,4,8,3,5,13,2,11,3,1,2,25,11,14,83,36,47,40,18,22
S01011591,477,248,229,247,131,116,230,117,113,9,5,4,21,10,11,20,13,7,9,4,5,12,7,5,5,4,1,35,22,13,78,32,46,41,20,21
S01011592,508,238,270,279,123,156,229,115,114,6,4,2,31,20,11,17,13,4,13,6,7,6,1,5,6,3,3,30,14,16,78,35,43,42,19,23
S01011593,536,249,287,339,169,170,197,80,117,9,3,6,17,9,8,23,7,16,7,3,4,12,4,8,6,2,4,18,8,10,74,29,45,31,15,16
S01011594,344,177,167,212,111,101,132,66,66,5,2,3,13,8,5,10,4,6,7,4,3,3,2,1,8,5,3,15,7,8,58,27,31,13,7,6
S01011595,475,251,224,344,191,153,131,60,71,12,7,5,23,11,12,10,4,6,4,1,3,4,1,3,5,3,2,22,9,13,33,16,17,18,8,10
S01011596,779,366,413,514,254,260,265,112,153,10,6,4,26,13,13,19,8,11,22,12,10,14,4,10,7,4,3,42,15,27,70,29,41,55,21,34
S01011597,436,219,217,323,165,158,113,54,59,8,6,2,13,9,4,6,3,3,9,6,3,5,1,4,2,2,0,10,5,5,38,9,29,22,13,9
S01011598,646,390,256,265,158,107,381,232,149,20,13,7,55,39,16,50,28,22,24,19,5,12,9,3,17,10,7,60,33,27,83,47,36,60,34,26
S01011599,596,283,313,360,187,173,236,96,140,10,4,6,24,14,10,17,10,7,9,3,6,10,3,7,9,6,3,31,15,16,93,29,64,33,12,21
S01011600,561,273,288,334,173,161,227,100,127,8,7,1,28,16,12,6,3,3,11,5,6,12,6,6,13,5,8,38,18,20,80,26,54,31,14,17
S01011601,644,312,332,494,243,251,150,69,81,11,7,4,23,10,13,12,7,5,7,4,3,3,1,2,8,4,4,12,7,5,39,11,28,35,18,17
S01011602,442,222,220,263,133,130,179,89,90,9,8,1,24,19,5,8,3,5,13,3,10,6,3,3,6,5,1,27,10,17,50,20,30,36,18,18
S01011603,566,271,295,284,147,137,282,124,158,8,2,6,28,18,10,30,15,15,16,9,7,7,1,6,7,3,4,39,16,23,109,49,60,38,11,27
S01011604,460,221,239,263,138,125,197,83,114,12,8,4,24,16,8,19,4,15,12,6,6,5,2,3,5,2,3,29,15,14,57,17,40,34,13,21
S01011605,622,302,320,373,187,186,249,115,134,12,7,5,32,21,11,25,9,16,15,6,9,9,4,5,12,5,7,28,13,15,85,38,47,31,12,19
S01011606,725,358,367,602,311,291,123,47,76,7,4,3,16,4,12,10,4,6,4,0,4,5,0,5,2,1,1,11,5,6,35,13,22,33,16,17
S01011607,469,225,244,336,177,159,133,48,85,8,4,4,24,10,14,14,5,9,8,3,5,4,1,3,5,1,4,16,6,10,35,9,26,19,9,10
S01011608,726,361,365,567,291,276,159,70,89,10,5,5,22,14,8,12,7,5,6,1,5,9,3,6,2,0,2,20,7,13,51,20,31,27,13,14
S01011609,722,341,381,356,166,190,366,175,191,30,15,15,28,15,13,26,12,14,22,7,15,7,3,4,12,5,7,42,22,20,117,54,63,82,42,40
S01011610,598,282,316,340,169,171,258,113,145,7,5,2,36,18,18,18,9,9,10,2,8,7,2,5,8,3,5,25,14,11,83,31,52,64,29,35
S01011611,516,261,255,357,177,180,159,84,75,10,6,4,19,15,4,14,9,5,15,8,7,4,3,1,5,2,3,17,7,10,46,18,28,29,16,13
S01011612,451,220,231,393,197,196,58,23,35,6,2,4,7,5,2,5,0,5,1,0,1,1,0,1,5,1,4,6,2,4,8,3,5,19,10,9
S01011613,753,366,387,488,252,236,265,114,151,11,7,4,32,15,17,15,7,8,17,9,8,13,6,7,17,8,9,44,25,19,83,21,62,33,16,17
S01011614,339,163,176,238,127,111,101,36,65,8,3,5,6,1,5,10,2,8,7,3,4,4,2,2,2,1,1,14,7,7,37,10,27,13,7,6
S01011615,526,246,280,291,150,141,235,96,139,14,7,7,23,13,10,22,9,13,12,5,7,4,0,4,2,0,2,31,12,19,91,33,58,36,17,19
S01011616,307,145,162,149,79,70,158,66,92,9,6,3,15,9,6,9,7,2,12,5,7,4,1,3,4,3,1,13,5,8,63,20,43,29,10,19
S01011617,645,295,350,365,168,197,280,127,153,11,5,6,29,12,17,21,13,8,14,6,8,7,5,2,5,1,4,40,25,15,103,33,70,50,27,23
S01011618,437,201,236,259,126,133,178,75,103,5,2,3,19,9,10,13,6,7,14,6,8,4,2,2,4,3,1,26,9,17,61,22,39,32,16,16
S01011619,795,391,404,601,315,286,194,76,118,8,5,3,31,15,16,23,10,13,12,7,5,11,2,9,6,1,5,22,11,11,53,11,42,28,14,14
S01011620,796,398,398,664,345,319,132,53,79,9,3,6,20,10,10,13,5,8,14,6,8,5,2,3,7,1,6,14,5,9,23,9,14,27,12,15
S01011621,572,270,302,379,189,190,193,81,112,8,4,4,29,17,12,18,6,12,7,3,4,9,4,5,5,1,4,34,19,15,53,14,39,30,13,17
S01011622,468,243,225,363,199,164,105,44,61,7,3,4,17,11,6,6,3,3,8,3,5,6,1,5,2,0,2,21,10,11,23,7,16,15,6,9
S01011623,514,244,270,298,149,149,216,95,121,7,2,5,22,14,8,17,4,13,11,4,7,6,2,4,10,8,2,36,18,18,73,27,46,34,16,18
S01011624,528,236,292,378,186,192,150,50,100,10,4,6,24,6,18,9,4,5,9,4,5,6,2,4,4,3,1,15,5,10,43,10,33,30,12,18
S01011625,428,198,230,267,135,132,161,63,98,8,5,3,15,8,7,15,7,8,6,1,5,8,4,4,4,3,1,24,12,12,59,14,45,22,9,13
S01011626,617,311,306,484,257,227,133,54,79,10,5,5,17,8,9,9,3,6,10,4,6,8,5,3,5,1,4,9,4,5,30,7,23,35,17,18
S01011627,516,252,264,430,217,213,86,35,51,5,4,1,9,6,3,5,2,3,4,2,2,9,4,5,3,1,2,14,3,11,16,2,14,21,11,10
S01011628,822,408,414,555,288,267,267,120,147,19,6,13,37,21,16,20,14,6,13,7,6,6,1,5,9,2,7,37,18,19,83,31,52,43,20,23
S01011629,450,211,239,250,132,118,200,79,121,7,2,5,25,13,12,10,5,5,11,6,5,13,7,6,9,3,6,24,8,16,72,23,49,29,12,17
S01011630,469,226,243,275,138,137,194,88,106,3,2,1,18,12,6,11,8,3,10,5,5,8,4,4,13,8,5,22,13,9,74,19,55,35,17,18
S01011631,439,213,226,225,123,102,214,90,124,4,1,3,28,13,15,22,14,8,13,8,5,9,1,8,3,2,1,24,8,16,65,25,40,46,18,28
S01011632,541,240,301,333,159,174,208,81,127,10,4,6,21,10,11,9,4,5,13,8,5,10,3,7,6,3,3,29,7,22,65,23,42,45,19,26
S01011633,515,247,268,279,147,132,236,100,136,5,0,5,30,16,14,18,9,9,13,5,8,9,5,4,5,2,3,30,11,19,80,29,51,46,23,23
S01011634,417,189,228,212,105,107,205,84,121,4,2,2,23,16,7,25,7,18,15,5,10,10,4,6,5,3,2,28,9,19,54,19,35,41,19,22
S01011635,506,236,270,282,151,131,224,85,139,5,3,2,18,9,9,20,9,11,13,4,9,4,1,3,8,3,5,30,13,17,69,22,47,57,21,36
S01011636,520,233,287,279,143,136,241,90,151,10,4,6,26,11,15,20,9,11,12,5,7,16,4,12,3,1,2,23,12,11,81,28,53,50,16,34
S01011637,525,245,280,291,139,152,234,106,128,5,2,3,34,15,19,17,11,6,12,7,5,9,6,3,8,4,4,27,11,16,72,25,47,50,25,25
S01011638,382,174,208,223,103,120,159,71,88,4,2,2,18,9,9,11,9,2,9,5,4,10,3,7,7,4,3,22,11,11,60,21,39,18,7,11
S01011639,420,190,230,227,116,111,193,74,119,7,5,2,16,8,8,12,3,9,7,2,5,4,1,3,9,3,6,24,7,17,79,30,49,35,15,20
S01011640,508,241,267,288,154,134,220,87,133,11,5,6,16,10,6,14,6,8,11,7,4,15,4,11,10,7,3,25,7,18,74,21,53,44,20,24
S01011641,367,180,187,249,131,118,118,49,69,3,2,1,13,7,6,12,6,6,9,3,6,6,3,3,4,1,3,14,4,10,44,13,31,13,10,3
S01011642,622,297,325,402,202,200,220,95,125,12,7,5,32,16,16,23,15,8,12,3,9,13,6,7,10,3,7,29,13,16,63,16,47,26,16,10
S01011643,422,216,206,307,168,139,115,48,67,2,2,0,12,7,5,7,2,5,6,3,3,4,1,3,6,2,4,25,8,17,33,13,20,20,10,10
S01011644,487,229,258,319,166,153,168,63,105,8,4,4,23,13,10,10,3,7,8,2,6,8,3,5,4,2,2,26,9,17,67,18,49,14,9,5
S01011645,382,168,214,228,108,120,154,60,94,6,3,3,21,12,9,14,6,8,6,5,1,8,3,5,8,4,4,21,7,14,55,13,42,15,7,8
S01011646,550,273,277,352,185,167,198,88,110,10,6,4,27,16,11,16,10,6,8,4,4,6,3,3,6,1,5,36,12,24,61,24,37,28,12,16
S01011647,673,314,359,496,250,246,177,64,113,9,4,5,28,13,15,4,1,3,14,4,10,6,3,3,2,1,1,27,11,16,38,9,29,49,18,31
S01011648,502,243,259,365,190,175,137,53,84,4,0,4,17,5,12,12,5,7,5,3,2,2,1,1,8,4,4,24,15,9,36,10,26,29,10,19
S01011649,360,173,187,237,125,112,123,48,75,7,4,3,14,5,9,12,4,8,6,3,3,3,1,2,3,1,2,12,6,6,48,21,27,18,3,15
S01011650,528,249,279,331,171,160,197,78,119,8,5,3,29,15,14,13,8,5,9,6,3,9,3,6,9,5,4,32,14,18,57,15,42,31,7,24
S01011651,693,350,343,442,238,204,251,112,139,10,8,2,19,11,8,18,6,12,21,9,12,10,7,3,4,2,2,39,19,20,97,34,63,33,16,17
S01011652,612,297,315,419,218,201,193,79,114,10,6,4,29,15,14,14,6,8,8,5,3,9,4,5,8,2,6,27,12,15,46,9,37,42,20,22
S01011653,661,304,357,373,184,189,288,120,168,5,3,2,33,17,16,17,10,7,22,11,11,9,4,5,5,4,1,45,14,31,80,29,51,72,28,44
S01011654,723,350,373,401,206,195,322,144,178,7,5,2,36,19,17,31,14,17,20,14,6,17,4,13,16,8,8,41,19,22,88,33,55,66,28,38
S01011655,646,303,343,341,173,168,305,130,175,11,9,2,30,18,12,28,13,15,10,6,4,21,10,11,14,6,8,45,16,29,104,37,67,42,15,27
S01011656,464,227,237,232,117,115,232,110,122,10,10,0,23,16,7,30,12,18,17,10,7,13,7,6,7,5,2,31,12,19,55,16,39,46,22,24
S01011657,405,196,209,204,104,100,201,92,109,5,4,1,30,15,15,13,7,6,7,1,6,8,2,6,6,2,4,22,9,13,65,27,38,45,25,20
S01011658,498,257,241,297,170,127,201,87,114,6,4,2,19,11,8,13,5,8,11,4,7,13,4,9,7,4,3,25,12,13,69,26,43,38,17,21
S01011659,584,274,310,321,159,162,263,115,148,16,8,8,30,15,15,24,13,11,13,7,6,6,5,1,15,4,11,25,9,16,103,41,62,31,13,18
S01011660,733,361,372,483,249,234,250,112,138,13,6,7,16,7,9,21,12,9,16,11,5,12,5,7,8,6,2,40,17,23,78,30,48,46,18,28
S01011661,406,201,205,237,123,114,169,78,91,10,7,3,21,13,8,10,6,4,11,8,3,3,1,2,3,3,0,25,10,15,63,19,44,23,11,12
S01011662,473,240,233,367,196,171,106,44,62,6,6,0,12,5,7,9,4,5,5,0,5,6,4,2,3,2,1,10,4,6,35,7,28,20,12,8
S01011663,735,368,367,405,198,207,330,170,160,12,9,3,50,29,21,27,18,9,15,8,7,22,9,13,13,6,7,30,11,19,85,42,43,76,38,38
S01011664,789,377,412,375,197,178,414,180,234,14,6,8,37,20,17,27,13,14,14,7,7,10,5,5,13,6,7,48,21,27,155,61,94,96,41,55
S01011665,657,309,348,354,189,165,303,120,183,6,3,3,33,12,21,27,15,12,23,12,11,11,4,7,10,2,8,36,16,20,103,39,64,54,17,37
S01011666,655,311,344,313,157,156,342,154,188,12,9,3,32,16,16,36,24,12,16,9,7,13,9,4,10,2,8,45,24,21,125,37,88,53,24,29
S01011667,580,292,288,326,180,146,254,112,142,9,4,5,23,12,11,18,9,9,9,4,5,10,4,6,6,3,3,40,16,24,91,46,45,48,14,34
S01011668,756,353,403,406,210,196,350,143,207,5,4,1,45,23,22,26,10,16,24,9,15,19,5,14,8,1,7,38,13,25,110,41,69,75,37,38
S01011669,496,241,255,285,149,136,211,92,119,10,5,5,24,11,13,19,10,9,11,7,4,7,3,4,10,5,5,40,17,23,68,25,43,22,9,13
S01011670,379,186,193,239,120,119,140,66,74,9,4,5,21,15,6,10,5,5,5,2,3,4,0,4,4,1,3,21,6,15,38,15,23,28,18,10
S01011671,493,233,260,305,162,143,188,71,117,3,2,1,23,9,14,14,6,8,8,5,3,9,3,6,9,4,5,30,12,18,77,23,54,15,7,8
S01011672,429,202,227,235,117,118,194,85,109,5,3,2,17,10,7,17,8,9,7,3,4,6,4,2,7,3,4,29,12,17,67,25,42,39,17,22
S01011673,502,245,257,298,154,144,204,91,113,5,2,3,17,11,6,20,12,8,15,9,6,6,1,5,9,3,6,29,16,13,60,15,45,43,22,21
S01011674,761,366,395,496,254,242,265,112,153,7,2,5,32,13,19,24,11,13,17,8,9,4,1,3,9,4,5,41,22,19,83,30,53,48,21,27
S01011675,685,328,357,389,200,189,296,128,168,12,4,8,30,16,14,15,9,6,12,7,5,9,3,6,9,2,7,46,18,28,105,43,62,58,26,32
S01011676,516,237,279,271,138,133,245,99,146,2,0,2,32,19,13,19,10,9,14,9,5,6,2,4,5,1,4,29,14,15,87,21,66,51,23,28
S01011677,449,228,221,306,155,151,143,73,70,12,7,5,21,17,4,13,10,3,5,3,2,8,4,4,5,1,4,16,5,11,30,10,20,33,16,17
S01011678,352,168,184,168,81,87,184,87,97,9,3,6,15,13,2,15,6,9,7,7,0,3,2,1,5,4,1,24,13,11,63,25,38,43,14,29
S01011679,407,190,217,324,166,158,83,24,59,4,1,3,15,5,10,14,6,8,3,1,2,3,1,2,2,1,1,10,2,8,17,3,14,15,4,11
S01011680,771,389,382,413,235,178,358,154,204,11,9,2,33,18,15,29,22,7,19,11,8,15,3,12,12,5,7,40,16,24,124,39,85,75,31,44
S01011681,615,286,329,392,194,198,223,92,131,3,0,3,27,15,12,19,9,10,5,1,4,6,4,2,11,5,6,34,9,25,80,34,46,38,15,23
S01011682,404,246,158,223,128,95,181,118,63,5,4,1,13,9,4,20,14,6,7,3,4,5,1,4,5,2,3,21,12,9,64,41,23,41,32,9
S01011683,577,298,279,356,200,156,221,98,123,7,3,4,24,13,11,15,10,5,17,5,12,5,3,2,12,4,8,26,12,14,73,24,49,42,24,18
S01011684,400,196,204,241,134,107,159,62,97,9,3,6,13,7,6,17,9,8,6,2,4,9,3,6,6,2,4,20,10,10,58,19,39,21,7,14
S01011685,585,291,294,471,242,229,114,49,65,12,10,2,22,13,9,5,2,3,6,1,5,1,0,1,2,1,1,13,5,8,31,7,24,22,10,12
S01011686,657,319,338,472,245,227,185,74,111,7,3,4,23,14,9,15,8,7,19,13,6,7,3,4,4,0,4,25,8,17,58,14,44,27,11,16
S01011687,649,320,329,382,215,167,267,105,162,10,5,5,22,10,12,25,12,13,11,7,4,11,2,9,9,3,6,23,6,17,96,33,63,60,27,33
S01011688,602,305,297,425,232,193,177,73,104,6,3,3,16,7,9,18,8,10,8,3,5,7,2,5,6,3,3,20,5,15,58,23,35,38,19,19
S01011689,509,260,249,374,196,178,135,64,71,9,6,3,14,5,9,10,8,2,7,4,3,5,2,3,5,5,0,20,6,14,40,11,29,25,17,8
S01011690,715,353,362,523,264,259,192,89,103,7,2,5,25,13,12,25,17,8,15,5,10,5,2,3,5,3,2,19,9,10,49,19,30,42,19,23
S01011691,444,211,233,315,161,154,129,50,79,8,6,2,22,15,7,14,2,12,7,2,5,1,0,1,3,1,2,15,4,11,35,10,25,24,10,14
S01011692,813,400,413,442,237,205,371,163,208,16,7,9,36,21,15,30,15,15,19,8,11,12,4,8,10,6,4,49,24,25,148,55,93,51,23,28
S01011693,624,303,321,442,223,219,182,80,102,8,3,5,19,12,7,11,6,5,16,10,6,6,4,2,6,1,5,29,10,19,58,20,38,29,14,15
S01011694,376,181,195,300,150,150,76,31,45,4,2,2,14,8,6,6,2,4,5,1,4,4,1,3,2,1,1,8,2,6,16,5,11,17,9,8
S01011695,662,324,338,528,269,259,134,55,79,1,1,0,24,11,13,9,1,8,9,3,6,7,1,6,1,0,1,18,10,8,41,16,25,24,12,12
S01011696,722,346,376,607,315,292,115,31,84,2,0,2,28,8,20,10,2,8,4,2,2,5,4,1,3,1,2,20,4,16,17,1,16,26,9,17
S01011697,723,340,383,537,261,276,186,79,107,6,3,3,23,7,16,14,7,7,12,6,6,9,6,3,2,0,2,26,15,11,58,20,38,36,15,21
S01011698,505,243,262,303,148,155,202,95,107,9,5,4,25,14,11,12,6,6,9,6,3,13,9,4,6,2,4,33,15,18,69,26,43,26,12,14
S01011699,707,351,356,480,245,235,227,106,121,8,5,3,29,19,10,24,16,8,12,5,7,11,2,9,10,7,3,23,9,14,75,27,48,35,16,19
S01011700,578,272,306,352,177,175,226,95,131,8,6,2,32,18,14,23,8,15,14,6,8,11,4,7,4,3,1,31,10,21,75,24,51,28,16,12
S01011701,757,378,379,550,298,252,207,80,127,9,3,6,36,15,21,12,2,10,9,5,4,9,2,7,8,2,6,28,12,16,65,21,44,31,18,13
S01011702,548,251,297,340,166,174,208,85,123,14,7,7,16,8,8,10,4,6,14,7,7,10,4,6,11,6,5,31,10,21,78,27,51,24,12,12
S01011703,453,220,233,323,171,152,130,49,81,8,6,2,19,7,12,11,5,6,7,4,3,11,2,9,6,3,3,16,7,9,33,8,25,19,7,12
S01011704,515,250,265,400,202,198,115,48,67,10,6,4,19,8,11,9,5,4,8,3,5,6,1,5,4,1,3,12,3,9,26,10,16,21,11,10
S01011705,558,251,307,343,164,179,215,87,128,10,3,7,20,8,12,9,1,8,14,8,6,13,5,8,5,1,4,29,14,15,65,24,41,50,23,27
S01011706,752,370,382,462,246,216,290,124,166,10,3,7,32,19,13,23,8,15,22,13,9,15,5,10,11,3,8,34,20,14,104,33,71,39,20,19
S01011707,548,257,291,345,171,174,203,86,117,6,2,4,21,9,12,20,9,11,21,13,8,12,4,8,7,2,5,37,21,16,65,22,43,14,4,10
S01011708,726,316,410,416,190,226,310,126,184,12,3,9,22,11,11,18,6,12,18,10,8,5,3,2,9,4,5,48,22,26,123,40,83,55,27,28
S01011709,729,340,389,456,215,241,273,125,148,11,5,6,28,18,10,24,13,11,20,8,12,16,5,11,12,5,7,31,14,17,78,34,44,53,23,30
S01011710,459,203,256,263,121,142,196,82,114,7,5,2,24,10,14,9,8,1,5,1,4,3,2,1,4,2,2,32,15,17,74,28,46,38,11,27
S01011711,497,214,283,267,136,131,230,78,152,4,0,4,20,11,9,25,12,13,20,3,17,8,2,6,5,1,4,24,5,19,85,28,57,39,16,23
S01011712,422,196,226,280,128,152,142,68,74,9,7,2,17,8,9,18,10,8,8,6,2,3,2,1,2,1,1,23,10,13,44,16,28,18,8,10
S01011713,690,335,355,456,233,223,234,102,132,6,3,3,36,22,14,19,8,11,13,7,6,6,3,3,9,3,6,44,21,23,69,20,49,32,15,17
S01011714,390,196,194,331,163,168,59,33,26,5,5,0,9,4,5,6,4,2,3,1,2,4,4,0,1,0,1,5,0,5,11,5,6,15,10,5
S01011715,456,201,255,259,126,133,197,75,122,9,4,5,9,6,3,18,9,9,9,5,4,4,1,3,9,2,7,22,9,13,87,32,55,30,7,23
S01011716,686,332,354,514,260,254,172,72,100,11,7,4,35,19,16,12,4,8,13,5,8,9,4,5,1,1,0,21,6,15,43,11,32,27,15,12
S01011717,584,289,295,384,199,185,200,90,110,8,7,1,19,8,11,27,14,13,14,9,5,4,1,3,8,3,5,33,15,18,64,21,43,23,12,11
S01011718,567,284,283,473,234,239,94,50,44,4,2,2,12,7,5,7,4,3,5,2,3,3,3,0,5,3,2,8,4,4,24,9,15,26,16,10
S01011719,524,257,267,431,217,214,93,40,53,6,3,3,14,6,8,7,4,3,4,2,2,5,3,2,4,0,4,13,3,10,13,4,9,27,15,12
S01011720,442,222,220,299,156,143,143,66,77,8,6,2,16,10,6,11,5,6,12,6,6,3,0,3,5,1,4,41,17,24,35,12,23,12,9,3
S01011721,540,257,283,324,163,161,216,94,122,11,3,8,20,14,6,25,9,16,11,5,6,5,3,2,10,5,5,34,17,17,77,25,52,23,13,10
S01011722,525,244,281,289,150,139,236,94,142,15,7,8,26,16,10,23,12,11,18,4,14,9,3,6,11,5,6,37,16,21,66,17,49,31,14,17
S01011723,715,351,364,451,235,216,264,116,148,11,7,4,26,15,11,30,17,13,14,6,8,7,3,4,11,3,8,35,14,21,96,33,63,34,18,16
S01011724,519,245,274,393,189,204,126,56,70,4,2,2,17,8,9,5,2,3,11,1,10,8,4,4,3,1,2,14,4,10,22,7,15,42,27,15
S01011725,489,246,243,404,219,185,85,27,58,5,3,2,14,5,9,9,3,6,2,0,2,3,3,0,4,1,3,10,0,10,16,5,11,22,7,15
S01011726,418,206,212,328,165,163,90,41,49,5,3,2,12,6,6,10,3,7,5,3,2,3,3,0,2,0,2,16,5,11,15,3,12,22,15,7
S01011727,553,281,272,456,243,213,97,38,59,7,2,5,15,5,10,9,5,4,11,5,6,3,0,3,0,0,0,16,6,10,18,6,12,18,9,9
S01011728,717,344,373,492,249,243,225,95,130,5,3,2,33,17,16,17,8,9,11,3,8,12,5,7,7,2,5,40,13,27,64,22,42,36,22,14
S01011729,518,243,275,285,137,148,233,106,127,10,6,4,32,15,17,21,14,7,7,2,5,7,2,5,9,3,6,36,19,17,70,23,47,41,22,19
S01011730,713,355,358,459,246,213,254,109,145,5,2,3,20,11,9,30,14,16,14,6,8,14,7,7,11,8,3,58,26,32,85,26,59,17,9,8
S01011731,630,292,338,404,202,202,226,90,136,8,7,1,23,10,13,16,7,9,14,2,12,6,5,1,7,5,2,39,16,23,73,21,52,40,17,23
S01011732,658,318,340,454,228,226,204,90,114,9,7,2,29,15,14,26,13,13,15,7,8,17,4,13,5,2,3,31,16,15,48,14,34,24,12,12
S01011733,650,319,331,409,215,194,241,104,137,9,5,4,31,19,12,23,10,13,12,6,6,10,2,8,15,9,6,40,11,29,77,28,49,24,14,10
S01011734,585,301,284,380,205,175,205,96,109,5,3,2,36,15,21,7,3,4,16,10,6,8,3,5,7,5,2,25,17,8,76,28,48,25,12,13
S01011735,576,290,286,359,191,168,217,99,118,7,5,2,30,14,16,18,11,7,19,10,9,12,4,8,14,7,7,32,19,13,58,14,44,27,15,12
S01011736,549,254,295,368,178,190,181,76,105,8,5,3,36,15,21,12,4,8,13,9,4,9,2,7,0,0,0,25,10,15,50,14,36,28,17,11
S01011737,505,237,268,283,143,140,222,94,128,12,5,7,34,15,19,14,6,8,5,4,1,11,3,8,10,6,4,25,10,15,58,23,35,53,22,31
S01011738,779,392,387,476,250,226,303,142,161,23,11,12,52,26,26,23,19,4,17,6,11,5,1,4,6,2,4,39,12,27,86,38,48,52,27,25
S01011739,383,192,191,238,126,112,145,66,79,11,7,4,19,10,9,16,7,9,8,3,5,8,5,3,5,1,4,21,13,8,35,8,27,22,12,10
S01011740,572,283,289,283,140,143,289,143,146,12,6,6,39,19,20,15,10,5,34,24,10,7,1,6,13,6,7,28,14,14,85,38,47,56,25,31
S01011741,493,244,249,292,161,131,201,83,118,5,5,0,20,13,7,17,9,8,14,5,9,14,5,9,5,2,3,32,13,19,60,17,43,34,14,20
S01011742,561,261,300,347,170,177,214,91,123,8,6,2,26,15,11,24,15,9,17,7,10,5,2,3,5,3,2,30,9,21,61,16,45,38,18,20
S01011743,595,264,331,397,191,206,198,73,125,5,1,4,29,12,17,12,5,7,11,5,6,12,3,9,8,3,5,25,13,12,70,19,51,26,12,14
S01011744,603,272,331,364,185,179,239,87,152,8,2,6,28,14,14,19,10,9,17,6,11,9,4,5,12,2,10,31,12,19,85,24,61,30,13,17
S01011745,488,220,268,270,139,131,218,81,137,15,9,6,16,7,9,14,7,7,8,4,4,6,3,3,2,1,1,28,8,20,98,27,71,31,15,16
S01011746,388,193,195,230,106,124,158,87,71,9,7,2,19,15,4,17,13,4,12,8,4,7,4,3,6,4,2,25,7,18,42,20,22,21,9,12
S01011747,704,332,372,374,188,186,330,144,186,23,15,8,33,19,14,31,13,18,16,10,6,9,1,8,17,5,12,59,16,43,84,33,51,58,32,26
S01011748,619,280,339,370,182,188,249,98,151,8,4,4,27,12,15,29,16,13,19,8,11,7,2,5,8,2,6,37,11,26,66,20,46,48,23,25
S01011749,552,296,256,295,175,120,257,121,136,16,7,9,36,19,17,39,23,16,13,7,6,10,6,4,9,2,7,21,9,12,41,13,28,72,35,37
S01011750,642,301,341,369,193,176,273,108,165,12,5,7,29,14,15,22,12,10,16,9,7,9,1,8,7,3,4,36,11,25,102,37,65,40,16,24
S01011751,745,377,368,454,240,214,291,137,154,14,8,6,45,23,22,37,19,18,23,13,10,10,7,3,9,2,7,37,11,26,66,30,36,50,24,26
S01011752,687,330,357,486,238,248,201,92,109,11,6,5,37,27,10,15,8,7,10,7,3,8,3,5,6,2,4,30,8,22,62,20,42,22,11,11
S01011753,602,292,310,372,188,184,230,104,126,14,11,3,34,22,12,21,13,8,17,10,7,5,2,3,11,2,9,35,15,20,66,19,47,27,10,17
S01011754,543,246,297,330,158,172,213,88,125,11,5,6,25,13,12,20,8,12,14,7,7,10,5,5,6,1,5,29,10,19,67,24,43,31,15,16
S01011755,728,384,344,481,261,220,247,123,124,13,7,6,32,18,14,20,13,7,14,10,4,14,7,7,13,3,10,40,20,20,62,26,36,39,19,20
S01011756,745,351,394,467,224,243,278,127,151,18,11,7,31,18,13,26,11,15,17,8,9,13,6,7,14,5,9,37,18,19,81,28,53,41,22,19
S01011757,520,246,274,315,153,162,205,93,112,6,3,3,24,15,9,22,11,11,11,5,6,5,3,2,10,5,5,38,17,21,57,21,36,32,13,19
S01011758,479,230,249,313,159,154,166,71,95,5,3,2,23,10,13,10,3,7,9,5,4,8,1,7,8,2,6,27,13,14,45,16,29,31,18,13
S01011759,627,297,330,368,183,185,259,114,145,8,4,4,31,15,16,26,14,12,12,5,7,10,7,3,11,4,7,46,20,26,78,30,48,37,15,22
S01011760,697,331,366,428,220,208,269,111,158,8,4,4,39,20,19,19,8,11,14,4,10,12,5,7,5,2,3,50,26,24,88,26,62,34,16,18
S01011761,492,234,258,317,168,149,175,66,109,10,3,7,24,14,10,10,7,3,15,3,12,11,5,6,8,2,6,25,9,16,45,11,34,27,12,15
S01011762,503,240,263,294,155,139,209,85,124,11,6,5,42,19,23,16,7,9,8,4,4,15,6,9,5,2,3,26,11,15,50,15,35,36,15,21
S01011763,603,280,323,386,195,191,217,85,132,8,4,4,24,11,13,18,6,12,16,7,9,9,3,6,8,4,4,33,15,18,75,22,53,26,13,13
S01011764,326,154,172,206,103,103,120,51,69,6,5,1,13,6,7,12,5,7,4,1,3,2,1,1,6,3,3,18,9,9,39,13,26,20,8,12
S01011765,799,383,416,597,288,309,202,95,107,14,11,3,30,17,13,20,14,6,7,5,2,5,2,3,11,4,7,25,7,18,46,13,33,44,22,22
S01011766,395,190,205,282,140,142,113,50,63,4,2,2,20,12,8,4,1,3,9,4,5,2,1,1,6,1,5,16,7,9,37,17,20,15,5,10
S01011767,663,329,334,391,204,187,272,125,147,10,4,6,33,19,14,26,18,8,11,6,5,15,6,9,20,8,12,34,16,18,83,26,57,40,22,18
S01011768,530,255,275,334,157,177,196,98,98,8,6,2,27,11,16,16,13,3,19,9,10,9,4,5,8,3,5,29,13,16,51,22,29,29,17,12
S01011769,466,233,233,266,141,125,200,92,108,4,1,3,15,9,6,13,5,8,14,7,7,6,1,5,5,3,2,41,21,20,78,32,46,24,13,11
S01011770,606,312,294,357,201,156,249,111,138,9,6,3,37,17,20,28,17,11,15,11,4,6,3,3,10,3,7,32,16,16,77,20,57,35,18,17
S01011771,522,246,276,401,199,202,121,47,74,7,4,3,15,6,9,4,2,2,9,3,6,3,1,2,6,2,4,19,9,10,29,4,25,29,16,13
S01011772,848,423,425,587,315,272,261,108,153,5,2,3,37,18,19,16,6,10,17,7,10,8,5,3,12,5,7,36,16,20,79,25,54,51,24,27
S01011773,439,217,222,371,186,185,68,31,37,8,4,4,9,5,4,3,2,1,5,2,3,4,2,2,3,1,2,5,0,5,13,4,9,18,11,7
S01011774,678,325,353,492,243,249,186,82,104,16,9,7,26,15,11,12,5,7,5,3,2,9,2,7,4,1,3,33,11,22,38,12,26,43,24,19
S01011775,463,232,231,383,196,187,80,36,44,5,3,2,12,7,5,3,1,2,5,2,3,5,2,3,3,1,2,7,2,5,12,4,8,28,14,14
S01011776,729,365,364,588,305,283,141,60,81,7,3,4,18,9,9,12,3,9,12,8,4,4,2,2,5,2,3,11,4,7,36,10,26,36,19,17
S01011777,460,221,239,349,181,168,111,40,71,8,6,2,11,4,7,13,5,8,7,5,2,2,2,0,6,1,5,21,7,14,32,6,26,11,4,7
S01011778,465,225,240,363,186,177,102,39,63,5,3,2,15,8,7,13,4,9,2,2,0,3,0,3,4,0,4,12,7,5,34,7,27,14,8,6
S01011779,595,288,307,417,217,200,178,71,107,2,1,1,16,10,6,12,9,3,12,8,4,5,0,5,6,1,5,37,14,23,64,15,49,24,13,11
S01011780,709,358,351,520,286,234,189,72,117,5,3,2,28,13,15,15,5,10,14,6,8,5,2,3,4,0,4,29,16,13,57,12,45,32,15,17
S01011781,437,210,227,308,165,143,129,45,84,4,4,0,21,5,16,8,5,3,5,2,3,3,0,3,4,2,2,17,5,12,45,13,32,22,9,13
S01011782,556,281,275,382,202,180,174,79,95,7,1,6,27,20,7,14,4,10,7,2,5,8,4,4,8,4,4,20,8,12,58,23,35,25,13,12
S01011783,464,243,221,321,171,150,143,72,71,7,4,3,24,12,12,13,6,7,7,4,3,12,6,6,4,2,2,21,8,13,35,14,21,20,16,4
S01011784,615,264,351,381,177,204,234,87,147,8,2,6,30,13,17,21,12,9,14,4,10,9,3,6,5,3,2,29,9,20,73,21,52,45,20,25
S01011785,634,292,342,421,209,212,213,83,130,13,8,5,24,13,11,10,5,5,10,6,4,8,2,6,7,2,5,35,17,18,79,23,56,27,7,20
S01011786,293,143,150,230,120,110,63,23,40,5,2,3,7,2,5,4,1,3,4,1,3,2,0,2,2,1,1,6,1,5,6,2,4,27,13,14
S01011787,751,368,383,395,207,188,356,161,195,20,6,14,46,26,20,18,10,8,16,6,10,23,11,12,6,1,5,40,18,22,127,46,81,60,37,23
S01011788,496,256,240,361,200,161,135,56,79,11,6,5,17,10,7,14,8,6,6,1,5,9,2,7,7,1,6,16,5,11,29,7,22,26,16,10
S01011789,501,241,260,318,162,156,183,79,104,5,2,3,27,20,7,19,8,11,7,3,4,9,3,6,5,1,4,36,21,15,52,12,40,23,9,14
S01011790,749,350,399,446,221,225,303,129,174,15,10,5,28,15,13,24,8,16,15,8,7,13,9,4,9,3,6,57,27,30,75,22,53,67,27,40
S01011791,547,249,298,319,162,157,228,87,141,9,6,3,28,13,15,14,6,8,12,8,4,8,3,5,10,5,5,45,10,35,65,22,43,37,14,23
S01011792,638,322,316,356,195,161,282,127,155,10,6,4,24,13,11,14,4,10,21,7,14,11,8,3,15,9,6,39,17,22,124,51,73,24,12,12
S01011793,518,249,269,335,168,167,183,81,102,4,1,3,27,16,11,14,8,6,11,5,6,9,0,9,5,2,3,33,15,18,58,22,36,22,12,10
S01011794,669,310,359,380,181,199,289,129,160,8,2,6,33,17,16,25,11,14,21,11,10,16,9,7,13,5,8,41,19,22,88,31,57,44,24,20
S01011795,477,246,231,269,154,115,208,92,116,8,7,1,22,10,12,15,5,10,17,4,13,5,2,3,7,1,6,37,18,19,77,36,41,20,9,11
S01011796,554,257,297,321,156,165,233,101,132,5,3,2,37,20,17,12,7,5,21,11,10,7,5,2,12,3,9,31,9,22,74,30,44,34,13,21
S01011797,801,399,402,573,296,277,228,103,125,16,8,8,28,14,14,22,11,11,17,10,7,11,4,7,7,1,6,38,20,18,58,18,40,31,17,14
S01011798,411,190,221,241,121,120,170,69,101,5,2,3,16,7,9,10,3,7,13,10,3,5,2,3,4,1,3,37,13,24,50,15,35,30,16,14
S01011799,704,342,362,443,233,210,261,109,152,5,2,3,19,12,7,22,10,12,18,9,9,13,5,8,14,3,11,46,24,22,86,22,64,38,22,16
S01011800,378,189,189,254,141,113,124,48,76,5,3,2,4,2,2,9,4,5,11,8,3,3,0,3,5,1,4,21,8,13,54,18,36,12,4,8
S01011801,440,208,232,227,113,114,213,95,118,10,9,1,25,11,14,13,8,5,8,4,4,13,4,9,9,2,7,36,18,18,61,21,40,38,18,20
S01011802,494,240,254,288,152,136,206,88,118,10,5,5,25,14,11,19,9,10,9,3,6,12,4,8,13,6,7,28,14,14,69,25,44,21,8,13
S01011803,435,200,235,259,124,135,176,76,100,12,6,6,20,15,5,12,7,5,11,5,6,7,4,3,6,2,4,32,14,18,52,14,38,24,9,15
S01011804,547,262,285,374,191,183,173,71,102,4,3,1,29,11,18,13,8,5,8,2,6,7,6,1,4,2,2,38,17,21,56,18,38,14,4,10
S01011805,418,205,213,280,144,136,138,61,77,5,3,2,33,12,21,16,10,6,7,4,3,14,4,10,5,2,3,19,9,10,29,11,18,10,6,4
S01011806,560,276,284,377,199,178,183,77,106,5,1,4,21,10,11,13,3,10,10,4,6,12,4,8,13,8,5,30,14,16,70,30,40,9,3,6
S01011807,831,421,410,610,325,285,221,96,125,8,3,5,34,17,17,19,5,14,11,6,5,10,3,7,10,4,6,46,22,24,61,24,37,22,12,10
S01011808,455,231,224,330,174,156,125,57,68,3,1,2,18,10,8,14,6,8,9,8,1,8,3,5,10,5,5,20,9,11,24,5,19,19,10,9
S01011809,556,275,281,402,217,185,154,58,96,4,1,3,21,9,12,12,4,8,14,6,8,10,5,5,8,4,4,26,11,15,44,10,34,15,8,7
S01011810,709,352,357,496,266,230,213,86,127,9,6,3,31,12,19,17,7,10,13,11,2,12,7,5,9,3,6,39,12,27,66,19,47,17,9,8
S01011811,776,391,385,554,302,252,222,89,133,9,6,3,26,8,18,29,13,16,11,7,4,12,5,7,15,4,11,37,16,21,64,23,41,19,7,12
S01011812,491,250,241,349,187,162,142,63,79,3,3,0,18,9,9,4,1,3,12,2,10,9,3,6,4,3,1,36,19,17,40,17,23,16,6,10
S01011813,572,279,293,427,230,197,145,49,96,5,3,2,20,8,12,8,3,5,8,1,7,5,1,4,4,2,2,30,11,19,47,14,33,18,6,12
S01011814,517,250,267,403,218,185,114,32,82,4,3,1,19,6,13,5,3,2,3,2,1,1,1,0,8,3,5,26,7,19,41,5,36,7,2,5
S01011815,579,284,295,441,220,221,138,64,74,6,4,2,21,10,11,6,4,2,11,4,7,7,3,4,6,2,4,32,14,18,33,17,16,16,6,10
S01011816,476,233,243,351,185,166,125,48,77,7,4,3,24,10,14,8,1,7,6,2,4,5,0,5,7,1,6,29,16,13,27,9,18,12,5,7
S01011817,550,283,267,430,234,196,120,49,71,8,3,5,14,5,9,7,3,4,13,7,6,5,3,2,3,1,2,22,10,12,33,12,21,15,5,10
S01011818,800,385,415,607,306,301,193,79,114,4,2,2,25,14,11,11,3,8,11,3,8,12,6,6,8,4,4,50,21,29,53,17,36,19,9,10
S01011819,665,335,330,466,247,219,199,88,111,12,5,7,21,8,13,19,5,14,14,9,5,11,5,6,7,2,5,45,21,24,56,25,31,14,8,6
S01011820,518,240,278,372,192,180,146,48,98,7,2,5,7,3,4,9,3,6,8,5,3,9,3,6,3,1,2,23,7,16,52,17,35,28,7,21
S01011821,335,156,179,220,113,107,115,43,72,4,1,3,12,5,7,13,4,9,5,2,3,9,5,4,3,2,1,14,7,7,34,13,21,21,4,17
S01011822,544,278,266,404,214,190,140,64,76,5,1,4,31,20,11,11,4,7,8,6,2,4,1,3,9,3,6,18,8,10,40,14,26,14,7,7
S01011823,456,206,250,326,153,173,130,53,77,1,1,0,24,14,10,3,1,2,2,0,2,7,2,5,2,1,1,31,11,20,41,14,27,19,9,10
S01011824,520,262,258,379,202,177,141,60,81,5,4,1,24,14,10,10,2,8,9,5,4,3,0,3,3,0,3,26,8,18,45,22,23,16,5,11
S01011825,409,199,210,285,145,140,124,54,70,3,1,2,14,4,10,12,9,3,12,5,7,3,1,2,4,3,1,20,8,12,40,11,29,16,12,4
S01011826,495,244,251,371,189,182,124,55,69,4,3,1,24,14,10,8,1,7,5,1,4,5,2,3,5,3,2,24,14,10,36,12,24,13,5,8
S01011827,417,213,204,217,121,96,200,92,108,10,5,5,19,7,12,19,7,12,12,7,5,4,1,3,10,5,5,36,16,20,76,37,39,14,7,7
S01011828,692,365,327,486,267,219,206,98,108,6,2,4,27,15,12,19,6,13,17,11,6,12,2,10,10,5,5,30,14,16,68,32,36,17,11,6
S01011829,321,166,155,241,131,110,80,35,45,6,4,2,8,1,7,5,2,3,7,3,4,3,2,1,3,0,3,15,11,4,27,10,17,6,2,4
S01011830,439,225,214,287,165,122,152,60,92,3,2,1,24,7,17,8,2,6,9,2,7,4,3,1,4,2,2,36,18,18,49,17,32,15,7,8
S01011831,666,349,317,393,219,174,273,130,143,6,3,3,19,13,6,19,10,9,10,5,5,16,9,7,13,9,4,52,23,29,102,41,61,36,17,19
S01011832,628,315,313,441,243,198,187,72,115,9,2,7,26,9,17,15,4,11,9,4,5,9,4,5,9,5,4,31,16,15,59,20,39,20,8,12
S01011833,712,342,370,459,238,221,253,104,149,7,4,3,29,13,16,21,13,8,16,7,9,14,6,8,8,7,1,43,16,27,71,18,53,44,20,24
S01011834,347,171,176,254,136,118,93,35,58,4,3,1,7,4,3,10,7,3,3,1,2,7,2,5,8,4,4,12,2,10,29,7,22,13,5,8
S01011835,516,257,259,379,196,183,137,61,76,4,4,0,13,4,9,13,5,8,9,5,4,4,3,1,5,1,4,26,11,15,41,15,26,22,13,9
S01011836,609,304,305,379,204,175,230,100,130,11,8,3,24,13,11,22,12,10,13,3,10,7,5,2,15,7,8,42,15,27,66,23,43,30,14,16
S01011837,502,247,255,329,175,154,173,72,101,5,3,2,27,10,17,5,3,2,9,4,5,6,0,6,2,0,2,28,14,14,61,24,37,30,14,16
S01011838,641,321,320,413,229,184,228,92,136,9,6,3,33,16,17,9,2,7,16,7,9,7,2,5,9,4,5,43,18,25,87,28,59,15,9,6
S01011839,735,351,384,494,259,235,241,92,149,6,4,2,28,12,16,23,11,12,19,10,9,11,5,6,10,2,8,46,24,22,66,12,54,32,12,20
S01011840,738,350,388,517,258,259,221,92,129,14,6,8,30,14,16,13,5,8,15,6,9,13,8,5,5,1,4,48,18,30,56,17,39,27,17,10
S01011841,662,318,344,452,228,224,210,90,120,7,3,4,26,10,16,19,11,8,11,8,3,5,3,2,13,7,6,36,14,22,66,20,46,27,14,13
S01011842,700,347,353,446,222,224,254,125,129,4,2,2,33,19,14,16,7,9,15,9,6,12,8,4,13,8,5,65,26,39,64,25,39,32,21,11
S01011843,754,367,387,508,276,232,246,91,155,14,8,6,27,10,17,20,8,12,16,7,9,10,3,7,13,6,7,42,16,26,75,16,59,29,17,12
S01011844,512,240,272,349,183,166,163,57,106,8,4,4,21,10,11,12,4,8,8,2,6,3,0,3,6,0,6,28,13,15,56,15,41,21,9,12
S01011845,614,285,329,412,199,213,202,86,116,12,7,5,19,10,9,12,4,8,9,4,5,5,2,3,12,5,7,34,14,20,78,29,49,21,11,10
S01011846,648,303,345,457,230,227,191,73,118,9,5,4,23,15,8,15,8,7,11,4,7,5,1,4,9,2,7,42,18,24,51,9,42,26,11,15
S01011847,327,164,163,222,122,100,105,42,63,6,1,5,13,5,8,11,5,6,5,3,2,7,3,4,4,2,2,22,10,12,32,10,22,5,3,2
S01011848,532,250,282,384,195,189,148,55,93,11,3,8,22,11,11,11,7,4,8,3,5,5,3,2,9,2,7,23,5,18,43,15,28,16,6,10
S01011849,597,290,307,448,230,218,149,60,89,3,1,2,21,10,11,15,6,9,9,2,7,17,7,10,8,3,5,28,15,13,33,10,23,15,6,9
S01011850,524,257,267,361,195,166,163,62,101,7,4,3,21,9,12,18,7,11,6,4,2,13,3,10,7,3,4,27,12,15,51,16,35,13,4,9
S01011851,639,311,328,442,221,221,197,90,107,9,6,3,31,17,14,18,8,10,11,6,5,8,2,6,6,3,3,34,15,19,59,20,39,21,13,8
S01011852,702,346,356,488,259,229,214,87,127,10,5,5,29,14,15,23,17,6,12,2,10,13,5,8,10,6,4,30,9,21,57,17,40,30,12,18
S01011853,525,263,262,378,201,177,147,62,85,6,3,3,19,7,12,10,7,3,16,5,11,4,2,2,2,1,1,30,11,19,44,16,28,16,10,6
S01011854,564,269,295,377,195,182,187,74,113,7,3,4,18,12,6,14,8,6,11,6,5,10,3,7,10,1,9,27,9,18,74,24,50,16,8,8
S01011855,615,292,323,419,205,214,196,87,109,11,9,2,31,18,13,28,14,14,10,3,7,11,7,4,8,3,5,22,6,16,52,19,33,23,8,15
S01011856,494,232,262,281,149,132,213,83,130,7,5,2,22,9,13,23,15,8,11,3,8,7,4,3,8,5,3,40,14,26,75,20,55,20,8,12
S01011857,494,240,254,346,186,160,148,54,94,3,1,2,8,5,3,12,4,8,12,6,6,9,2,7,7,2,5,25,11,14,50,11,39,22,12,10
S01011858,564,254,310,335,173,162,229,81,148,8,3,5,19,7,12,13,3,10,15,8,7,11,6,5,3,1,2,51,21,30,85,23,62,24,9,15
S01011859,586,276,310,323,169,154,263,107,156,12,4,8,13,3,10,18,12,6,13,4,9,14,1,13,12,3,9,57,24,33,102,41,61,22,15,7
S01011860,484,259,225,392,223,169,92,36,56,2,2,0,16,9,7,6,3,3,3,1,2,0,0,0,5,0,5,11,4,7,30,9,21,19,8,11
S01011861,565,286,279,375,213,162,190,73,117,3,0,3,21,9,12,14,4,10,12,4,8,11,6,5,24,9,15,31,11,20,57,19,38,17,11,6
S01011862,699,347,352,404,222,182,295,125,170,5,3,2,32,21,11,21,7,14,17,5,12,13,8,5,22,11,11,75,30,45,92,30,62,18,10,8
S01011863,552,266,286,339,178,161,213,88,125,13,7,6,30,14,16,12,5,7,11,5,6,12,5,7,6,2,4,29,12,17,61,17,44,39,21,18
S01011864,521,257,264,336,174,162,185,83,102,8,5,3,20,12,8,15,7,8,13,3,10,11,6,5,7,4,3,39,20,19,58,18,40,14,8,6
S01011865,431,202,229,274,136,138,157,66,91,10,3,7,12,8,4,14,6,8,6,1,5,9,4,5,11,5,6,26,10,16,54,19,35,15,10,5
S01011866,563,272,291,381,200,181,182,72,110,7,2,5,14,8,6,20,10,10,18,5,13,5,1,4,5,1,4,40,17,23,49,15,34,24,13,11
S01011867,666,320,346,468,232,236,198,88,110,9,4,5,23,11,12,15,7,8,13,3,10,9,3,6,14,9,5,32,15,17,61,27,34,22,9,13
S01011868,610,297,313,422,213,209,188,84,104,6,5,1,32,21,11,10,3,7,12,6,6,13,3,10,6,3,3,35,15,20,50,16,34,24,12,12
S01011869,601,303,298,430,223,207,171,80,91,4,3,1,31,15,16,10,5,5,11,5,6,11,6,5,5,2,3,31,19,12,47,12,35,21,13,8
S01011870,508,246,262,315,161,154,193,85,108,11,3,8,35,17,18,11,3,8,12,6,6,5,1,4,7,2,5,36,20,16,42,17,25,34,16,18
S01011871,799,382,417,567,296,271,232,86,146,17,7,10,33,14,19,22,9,13,19,9,10,8,3,5,9,3,6,32,14,18,54,11,43,38,16,22
S01011872,674,329,345,476,254,222,198,75,123,12,3,9,24,15,9,19,7,12,14,7,7,7,3,4,18,5,13,21,10,11,58,13,45,25,12,13
S01011873,608,292,316,441,225,216,167,67,100,10,4,6,22,10,12,12,4,8,13,4,9,10,5,5,4,2,2,28,12,16,44,11,33,24,15,9
S01011874,496,240,256,368,189,179,128,51,77,5,2,3,14,5,9,8,5,3,6,1,5,10,4,6,6,5,1,27,10,17,36,8,28,16,11,5
S01011875,470,230,240,297,147,150,173,83,90,4,3,1,28,17,11,6,3,3,11,8,3,9,4,5,7,5,2,37,14,23,49,16,33,22,13,9
S01011876,698,353,345,495,261,234,203,92,111,9,3,6,28,17,11,16,10,6,15,6,9,11,6,5,7,4,3,29,14,15,67,25,42,21,7,14
S01011877,418,205,213,284,153,131,134,52,82,4,2,2,15,6,9,10,3,7,9,4,5,9,4,5,2,2,0,29,14,15,45,16,29,11,1,10
S01011878,917,467,450,517,271,246,400,196,204,15,7,8,51,18,33,23,12,11,19,11,8,7,4,3,12,5,7,37,18,19,64,15,49,172,106,66
S01011879,415,204,211,274,145,129,141,59,82,8,5,3,17,6,11,10,6,4,14,7,7,5,3,2,4,2,2,26,11,15,28,6,22,29,13,16
S01011880,444,221,223,299,167,132,145,54,91,4,2,2,24,9,15,10,5,5,9,3,6,3,1,2,8,1,7,22,10,12,43,12,31,22,11,11
S01011881,549,269,280,417,201,216,132,68,64,6,4,2,13,7,6,8,2,6,6,2,4,9,5,4,9,5,4,26,10,16,38,16,22,17,17,0
S01011882,679,333,346,449,226,223,230,107,123,13,7,6,22,11,11,13,5,8,17,9,8,12,6,6,11,7,4,40,21,19,71,22,49,31,19,12
S01011883,857,357,500,561,272,289,296,85,211,14,5,9,41,9,32,19,8,11,20,5,15,12,5,7,11,5,6,39,17,22,63,20,43,77,11,66
S01011884,325,167,158,233,127,106,92,40,52,2,2,0,17,9,8,8,3,5,9,4,5,4,4,0,1,0,1,21,11,10,20,4,16,10,3,7
S01011885,479,238,241,378,203,175,101,35,66,3,0,3,10,3,7,11,3,8,7,1,6,8,4,4,4,2,2,27,9,18,20,5,15,11,8,3
S01011886,637,304,333,437,223,214,200,81,119,7,6,1,27,12,15,15,4,11,18,8,10,15,7,8,11,7,4,36,12,24,50,15,35,21,10,11
S01011887,419,215,204,289,151,138,130,64,66,13,10,3,12,7,5,17,10,7,7,4,3,6,4,2,4,2,2,24,11,13,30,7,23,17,9,8
S01011888,606,281,325,421,197,224,185,84,101,10,5,5,28,13,15,18,9,9,7,3,4,10,6,4,14,7,7,19,4,15,43,15,28,36,22,14
S01011889,628,305,323,405,214,191,223,91,132,9,5,4,29,13,16,19,7,12,15,7,8,12,6,6,10,4,6,44,17,27,61,18,43,24,14,10
S01011890,514,251,263,376,184,192,138,67,71,9,5,4,14,11,3,8,5,3,7,0,7,5,1,4,5,3,2,25,12,13,46,17,29,19,13,6
S01011891,1049,795,254,372,211,161,677,584,93,10,7,3,78,72,6,62,50,12,64,49,15,40,35,5,23,20,3,131,118,13,113,89,24,156,144,12
S01011892,771,382,389,621,315,306,150,67,83,16,8,8,25,12,13,17,7,10,12,5,7,8,0,8,6,4,2,22,12,10,33,14,19,11,5,6
S01011893,708,355,353,504,258,246,204,97,107,13,9,4,28,17,11,26,12,14,12,7,5,16,6,10,10,3,7,37,17,20,46,18,28,16,8,8
S01011894,483,243,240,349,184,165,134,59,75,6,5,1,21,8,13,12,4,8,7,5,2,4,2,2,6,3,3,19,7,12,44,17,27,15,8,7
S01011895,448,221,227,273,146,127,175,75,100,5,1,4,28,12,16,11,6,5,10,3,7,4,3,1,9,4,5,36,19,17,50,17,33,22,10,12
S01011896,625,292,333,430,217,213,195,75,120,8,6,2,18,10,8,19,7,12,12,6,6,7,1,6,10,3,7,29,13,16,70,20,50,22,9,13
S01011897,710,318,392,476,229,247,234,89,145,16,7,9,31,11,20,19,9,10,7,1,6,13,7,6,13,4,9,37,20,17,62,16,46,36,14,22
S01011898,494,235,259,358,170,188,136,65,71,8,5,3,17,7,10,6,2,4,10,6,4,2,1,1,2,0,2,30,12,18,40,16,24,21,16,5
S01011899,601,270,331,379,182,197,222,88,134,11,4,7,19,7,12,13,6,7,10,4,6,9,4,5,8,2,6,40,17,23,91,34,57,21,10,11
S01011900,549,276,273,387,203,184,162,73,89,4,2,2,19,6,13,8,5,3,12,8,4,7,6,1,3,1,2,29,11,18,57,20,37,23,14,9
S01011901,651,308,343,447,230,217,204,78,126,10,5,5,32,19,13,19,9,10,12,3,9,13,4,9,15,7,8,28,10,18,60,16,44,15,5,10
S01011902,787,377,410,516,264,252,271,113,158,7,5,2,22,9,13,16,7,9,16,5,11,12,7,5,9,3,6,51,25,26,108,40,68,30,12,18
S01011903,573,274,299,370,196,174,203,78,125,10,4,6,21,8,13,16,6,10,12,6,6,10,5,5,6,4,2,39,14,25,70,20,50,19,11,8
S01011904,559,261,298,383,188,195,176,73,103,8,5,3,16,9,7,13,8,5,14,9,5,7,2,5,10,2,8,32,10,22,56,19,37,20,9,11
S01011905,559,271,288,421,217,204,138,54,84,3,2,1,14,5,9,8,4,4,7,3,4,8,4,4,5,2,3,23,7,16,40,11,29,30,16,14
S01011906,325,154,171,228,119,109,97,35,62,9,7,2,9,4,5,9,5,4,8,2,6,10,4,6,4,0,4,15,4,11,26,5,21,7,4,3
S01011907,585,282,303,447,229,218,138,53,85,9,6,3,18,7,11,15,3,12,3,0,3,8,4,4,7,4,3,25,8,17,38,9,29,15,12,3
S01011908,286,141,145,227,116,111,59,25,34,5,3,2,8,2,6,9,5,4,2,0,2,4,0,4,3,2,1,8,2,6,15,8,7,5,3,2
S01011909,775,370,405,682,334,348,93,36,57,9,4,5,19,8,11,9,3,6,8,4,4,3,1,2,7,2,5,12,4,8,13,5,8,13,5,8
S01011910,659,301,358,404,200,204,255,101,154,18,3,15,39,17,22,28,14,14,27,8,19,7,2,5,8,5,3,29,6,23,55,21,34,44,25,19
S01011911,462,211,251,317,151,166,145,60,85,4,2,2,19,13,6,11,5,6,10,6,4,0,0,0,6,3,3,23,8,15,43,12,31,29,11,18
S01011912,515,246,269,365,178,187,150,68,82,6,4,2,23,13,10,5,1,4,13,8,5,4,3,1,3,1,2,27,12,15,47,16,31,22,10,12
S01011913,534,247,287,345,162,183,189,85,104,4,4,0,34,13,21,14,5,9,12,5,7,11,6,5,6,2,4,31,17,14,48,21,27,29,12,17
S01011914,586,274,312,377,185,192,209,89,120,14,9,5,23,10,13,20,6,14,16,7,9,15,6,9,5,3,2,29,10,19,44,18,26,43,20,23
S01011915,591,292,299,388,203,185,203,89,114,7,4,3,25,14,11,16,9,7,10,5,5,4,1,3,11,6,5,32,11,21,58,18,40,40,21,19
S01011916,420,191,229,270,125,145,150,66,84,6,4,2,14,6,8,14,6,8,7,3,4,7,1,6,5,1,4,24,8,16,40,18,22,33,19,14
S01011917,372,158,214,247,110,137,125,48,77,8,4,4,21,10,11,11,4,7,8,4,4,3,1,2,5,1,4,20,9,11,27,7,20,22,8,14
S01011918,564,256,308,317,139,178,247,117,130,11,3,8,38,16,22,21,11,10,18,7,11,6,3,3,17,10,7,27,16,11,56,23,33,53,28,25
S01011919,724,373,351,475,238,237,249,135,114,20,14,6,46,23,23,14,11,3,16,6,10,13,4,9,5,3,2,32,15,17,41,16,25,62,43,19
S01011920,475,231,244,325,157,168,150,74,76,7,5,2,28,16,12,14,8,6,7,3,4,3,0,3,9,5,4,17,7,10,39,15,24,26,15,11
S01011921,419,187,232,276,137,139,143,50,93,5,2,3,18,9,9,15,6,9,11,2,9,2,0,2,4,1,3,20,7,13,52,18,34,16,5,11
S01011922,581,288,293,382,195,187,199,93,106,13,9,4,35,13,22,11,6,5,13,7,6,8,1,7,9,6,3,31,12,19,52,27,25,27,12,15
S01011923,643,304,339,405,205,200,238,99,139,13,10,3,39,20,19,26,9,17,13,10,3,15,6,9,10,3,7,28,9,19,47,15,32,47,17,30
S01011924,329,161,168,217,111,106,112,50,62,4,3,1,20,8,12,7,2,5,8,4,4,4,3,1,7,2,5,20,7,13,33,14,19,9,7,2
S01011925,544,275,269,445,229,216,99,46,53,5,3,2,16,8,8,11,4,7,7,3,4,1,1,0,4,1,3,11,4,7,18,8,10,26,14,12
S01011926,483,223,260,326,159,167,157,64,93,8,4,4,26,16,10,13,3,10,16,7,9,7,2,5,11,2,9,20,9,11,36,13,23,20,8,12
S01011927,468,213,255,292,132,160,176,81,95,7,5,2,27,13,14,13,5,8,12,7,5,8,5,3,8,2,6,36,13,23,43,16,27,22,15,7
S01011928,565,262,303,360,179,181,205,83,122,12,8,4,24,13,11,14,8,6,11,3,8,11,2,9,14,7,7,34,13,21,61,19,42,24,10,14
S01011929,531,252,279,354,173,181,177,79,98,4,2,2,20,10,10,18,13,5,9,5,4,8,2,6,13,5,8,24,9,15,55,20,35,26,13,13
S01011930,476,218,258,318,155,163,158,63,95,5,1,4,23,14,9,15,5,10,10,7,3,8,3,5,11,4,7,22,4,18,42,10,32,22,15,7
S01011931,457,221,236,274,144,130,183,77,106,9,6,3,21,13,8,10,3,7,19,14,5,5,1,4,5,0,5,33,13,20,42,13,29,39,14,25
S01011932,497,238,259,373,186,187,124,52,72,8,5,3,21,8,13,13,4,9,9,4,5,4,0,4,4,2,2,18,7,11,15,6,9,32,16,16
S01011933,516,271,245,368,200,168,148,71,77,12,12,0,21,8,13,11,7,4,10,6,4,5,2,3,4,2,2,30,11,19,31,10,21,24,13,11
S01011934,821,436,385,533,292,241,288,144,144,12,9,3,57,33,24,20,8,12,14,7,7,14,5,9,5,2,3,40,20,20,63,17,46,63,43,20
S01011935,686,381,305,502,282,220,184,99,85,14,8,6,29,16,13,11,7,4,14,6,8,5,2,3,7,5,2,32,15,17,41,21,20,31,19,12
S01011936,554,280,274,398,200,198,156,80,76,11,6,5,36,19,17,13,9,4,4,1,3,4,2,2,4,1,3,20,11,9,37,12,25,27,19,8
S01011937,542,303,239,394,218,176,148,85,63,9,6,3,11,9,2,12,5,7,13,6,7,4,1,3,5,3,2,21,6,15,39,24,15,34,25,9
S01011938,539,264,275,385,192,193,154,72,82,6,5,1,25,10,15,17,10,7,3,0,3,6,3,3,2,1,1,26,14,12,56,20,36,13,9,4
S01011939,641,353,288,417,229,188,224,124,100,12,4,8,37,21,16,31,16,15,10,4,6,14,7,7,9,8,1,22,11,11,50,28,22,39,25,14
S01011940,338,186,152,240,137,103,98,49,49,11,6,5,8,6,2,11,5,6,7,3,4,2,0,2,0,0,0,21,10,11,11,3,8,27,16,11
S01011941,627,372,255,472,268,204,155,104,51,13,10,3,34,23,11,20,16,4,9,5,4,5,4,1,6,3,3,9,4,5,39,24,15,20,15,5
S01011942,661,381,280,470,268,202,191,113,78,12,9,3,25,19,6,20,10,10,9,5,4,6,4,2,3,3,0,23,11,12,46,22,24,47,30,17
S01011943,946,509,437,577,300,277,369,209,160,27,14,13,66,41,25,39,22,17,16,10,6,21,15,6,15,6,9,45,24,21,76,40,36,64,37,27
S01011944,340,164,176,207,108,99,133,56,77,10,7,3,15,6,9,15,5,10,6,3,3,4,1,3,6,2,4,26,12,14,36,11,25,15,9,6
S01011945,605,305,300,347,192,155,258,113,145,9,7,2,23,8,15,17,8,9,9,5,4,7,4,3,14,9,5,39,17,22,102,34,68,38,21,17
S01011946,561,277,284,323,169,154,238,108,130,11,4,7,35,23,12,19,9,10,9,6,3,13,9,4,12,3,9,57,24,33,58,19,39,24,11,13
S01011947,354,173,181,216,113,103,138,60,78,2,1,1,21,11,10,11,7,4,9,3,6,5,3,2,4,3,1,37,17,20,36,11,25,13,4,9
S01011948,789,383,406,484,245,239,305,138,167,6,3,3,33,20,13,11,4,7,8,3,5,16,7,9,13,6,7,48,20,28,91,36,55,79,39,40
S01011949,545,246,299,303,156,147,242,90,152,8,6,2,32,20,12,12,4,8,19,4,15,16,7,9,16,7,9,56,19,37,75,19,56,8,4,4
S01011950,514,232,282,307,151,156,207,81,126,4,2,2,15,8,7,15,7,8,13,6,7,13,4,9,5,3,2,44,23,21,82,24,58,16,4,12
S01011951,484,223,261,323,166,157,161,57,104,3,1,2,13,6,7,9,4,5,13,3,10,5,0,5,9,4,5,34,13,21,59,18,41,16,8,8
S01011952,354,168,186,234,121,113,120,47,73,3,0,3,16,7,9,6,3,3,6,2,4,6,1,5,3,0,3,38,23,15,34,7,27,8,4,4
S01011953,524,252,272,360,193,167,164,59,105,4,1,3,24,12,12,18,8,10,11,6,5,8,3,5,6,2,4,34,7,27,43,10,33,16,10,6
S01011954,350,166,184,228,117,111,122,49,73,5,4,1,12,8,4,12,6,6,13,4,9,1,0,1,6,3,3,27,10,17,40,11,29,6,3,3
S01011955,686,320,366,460,219,241,226,101,125,6,3,3,30,21,9,18,6,12,16,7,9,11,5,6,10,4,6,38,17,21,73,25,48,24,13,11
S01011956,717,351,366,528,273,255,189,78,111,14,10,4,26,9,17,12,8,4,10,1,9,10,3,7,10,5,5,28,11,17,59,20,39,20,11,9
S01011957,721,401,320,499,300,199,222,101,121,8,4,4,27,13,14,20,12,8,16,10,6,11,3,8,9,4,5,44,18,26,49,14,35,38,23,15
S01011958,799,403,396,545,305,240,254,98,156,6,3,3,24,10,14,26,8,18,19,6,13,8,4,4,10,4,6,59,27,32,88,32,56,14,4,10
S01011959,665,318,347,428,213,215,237,105,132,7,4,3,29,15,14,20,11,9,8,4,4,15,3,12,9,3,6,32,13,19,64,23,41,53,29,24
S01011960,603,294,309,466,242,224,137,52,85,6,4,2,17,6,11,9,4,5,16,6,10,9,1,8,8,4,4,25,13,12,32,8,24,15,6,9
S01011961,531,248,283,409,202,207,122,46,76,9,4,5,17,6,11,9,7,2,6,1,5,10,3,7,12,4,8,24,8,16,29,9,20,6,4,2
S01011962,512,254,258,366,196,170,146,58,88,7,2,5,16,7,9,6,3,3,6,4,2,12,2,10,6,1,5,32,15,17,44,18,26,17,6,11
S01011963,359,172,187,247,125,122,112,47,65,9,5,4,9,4,5,13,5,8,7,3,4,6,1,5,10,3,7,24,8,16,24,12,12,10,6,4
S01011964,759,370,389,522,271,251,237,99,138,6,3,3,38,23,15,21,7,14,20,8,12,12,4,8,6,3,3,45,23,22,65,20,45,24,8,16
S01011965,549,267,282,327,157,170,222,110,112,4,1,3,24,14,10,10,3,7,10,4,6,12,7,5,14,7,7,46,21,25,64,24,40,38,29,9
S01011966,600,288,312,390,199,191,210,89,121,3,2,1,31,19,12,14,6,8,15,3,12,13,7,6,10,6,4,40,21,19,59,16,43,25,9,16
S01011967,909,515,394,563,301,262,346,214,132,11,5,6,30,19,11,38,32,6,29,19,10,15,9,6,17,15,2,67,38,29,92,43,49,47,34,13
S01011968,752,348,404,509,251,258,243,97,146,14,6,8,31,19,12,23,8,15,25,12,13,15,7,8,13,3,10,31,15,16,63,17,46,28,10,18
S01011969,762,379,383,494,266,228,268,113,155,11,6,5,27,14,13,14,5,9,18,7,11,13,7,6,20,8,12,56,25,31,83,27,56,26,14,12
S01011970,711,356,355,489,250,239,222,106,116,11,9,2,22,13,9,18,8,10,9,5,4,13,7,6,16,5,11,43,21,22,55,21,34,35,17,18
S01011971,392,197,195,278,153,125,114,44,70,2,1,1,15,6,9,7,2,5,7,3,4,9,4,5,6,0,6,25,11,14,30,10,20,13,7,6
S01011972,886,457,429,589,318,271,297,139,158,11,6,5,32,22,10,20,9,11,16,9,7,13,7,6,15,4,11,63,31,32,87,27,60,40,24,16
S01011973,463,230,233,322,171,151,141,59,82,10,2,8,20,14,6,10,7,3,11,4,7,6,3,3,5,1,4,34,14,20,34,9,25,11,5,6
S01011974,591,308,283,411,230,181,180,78,102,4,2,2,14,7,7,15,7,8,7,2,5,8,5,3,13,7,6,51,26,25,50,14,36,18,8,10
S01011975,352,174,178,225,123,102,127,51,76,6,1,5,23,9,14,9,5,4,5,1,4,8,4,4,11,5,6,25,11,14,31,11,20,9,4,5
S01011976,573,270,303,370,189,181,203,81,122,8,5,3,16,7,9,13,8,5,9,3,6,15,4,11,11,3,8,46,17,29,64,24,40,21,10,11
S01011977,880,438,442,548,298,250,332,140,192,17,7,10,25,12,13,22,14,8,22,10,12,14,7,7,13,4,9,65,33,32,108,32,76,46,21,25
S01011978,470,208,262,280,137,143,190,71,119,7,5,2,29,13,16,12,3,9,15,3,12,10,3,7,16,6,10,30,10,20,57,20,37,14,8,6
S01011979,724,379,345,523,295,228,201,84,117,6,3,3,20,12,8,9,3,6,9,5,4,15,5,10,18,9,9,45,18,27,58,17,41,21,12,9
S01011980,318,162,156,206,116,90,112,46,66,5,1,4,15,7,8,10,2,8,4,2,2,7,5,2,4,2,2,26,16,10,29,5,24,12,6,6
S01011981,716,366,350,515,281,234,201,85,116,12,6,6,30,12,18,15,6,9,18,8,10,10,6,4,14,8,6,27,13,14,54,16,38,21,10,11
S01011982,717,364,353,515,289,226,202,75,127,9,2,7,21,9,12,11,5,6,15,7,8,9,5,4,8,3,5,40,14,26,65,19,46,24,11,13
S01011983,548,272,276,363,194,169,185,78,107,6,2,4,29,13,16,11,9,2,12,4,8,8,5,3,13,4,9,43,20,23,51,16,35,12,5,7
S01011984,468,222,246,294,151,143,174,71,103,11,6,5,15,11,4,10,5,5,13,4,9,5,1,4,11,4,7,29,11,18,51,16,35,29,13,16
S01011985,526,249,277,368,185,183,158,64,94,3,2,1,21,10,11,13,7,6,9,1,8,9,4,5,12,3,9,18,11,7,41,11,30,32,15,17
S01011986,480,225,255,277,134,143,203,91,112,13,7,6,26,18,8,17,9,8,15,8,7,8,3,5,9,1,8,34,15,19,53,21,32,28,9,19
S01011987,703,335,368,439,216,223,264,119,145,15,8,7,33,16,17,26,11,15,14,6,8,12,6,6,16,8,8,40,18,22,78,31,47,30,15,15
S01011988,501,245,256,288,157,131,213,88,125,6,5,1,14,6,8,18,5,13,10,2,8,2,2,0,10,7,3,44,19,25,66,25,41,43,17,26
S01011989,616,294,322,416,206,210,200,88,112,7,6,1,24,13,11,15,9,6,17,8,9,14,6,8,11,4,7,40,19,21,53,15,38,19,8,11
S01011990,527,244,283,312,163,149,215,81,134,12,5,7,29,19,10,18,6,12,14,4,10,13,6,7,9,3,6,41,14,27,63,20,43,16,4,12
S01011991,521,256,265,354,181,173,167,75,92,10,5,5,13,5,8,16,10,6,7,0,7,7,4,3,7,2,5,33,15,18,50,18,32,24,16,8
S01011992,673,317,356,434,226,208,239,91,148,8,5,3,27,8,19,25,14,11,16,8,8,16,6,10,15,6,9,44,18,26,67,18,49,21,8,13
S01011993,625,301,324,415,202,213,210,99,111,9,2,7,26,14,12,20,13,7,9,3,6,10,6,4,9,3,6,34,14,20,63,28,35,30,16,14
S01011994,518,243,275,255,129,126,263,114,149,4,1,3,32,18,14,11,6,5,16,9,7,9,3,6,12,5,7,63,31,32,97,31,66,19,10,9
S01011995,613,319,294,453,255,198,160,64,96,8,3,5,22,12,10,9,7,2,11,6,5,8,2,6,11,8,3,32,11,21,41,5,36,18,10,8
S01011996,404,192,212,269,139,130,135,53,82,7,4,3,13,8,5,8,3,5,8,2,6,5,1,4,6,2,4,29,10,19,30,7,23,29,16,13
S01011997,668,320,348,469,233,236,199,87,112,14,7,7,20,9,11,15,7,8,10,4,6,11,4,7,9,3,6,33,14,19,64,27,37,23,12,11
S01011998,382,188,194,246,132,114,136,56,80,5,3,2,12,2,10,17,8,9,8,4,4,4,2,2,5,2,3,32,16,16,50,17,33,3,2,1
S01011999,477,235,242,359,182,177,118,53,65,3,3,0,14,7,7,3,2,1,9,6,3,10,4,6,6,3,3,20,9,11,40,11,29,13,8,5
S01012000,335,162,173,248,128,120,87,34,53,2,2,0,16,5,11,11,4,7,8,4,4,5,3,2,7,3,4,13,6,7,22,5,17,3,2,1
S01012001,459,224,235,335,180,155,124,44,80,4,1,3,17,7,10,10,1,9,18,8,10,7,2,5,6,3,3,23,8,15,34,11,23,5,3,2
S01012002,391,185,206,249,131,118,142,54,88,1,0,1,12,7,5,15,8,7,10,3,7,10,4,6,3,0,3,23,6,17,53,17,36,15,9,6
S01012003,419,217,202,286,151,135,133,66,67,5,4,1,20,16,4,13,5,8,10,3,7,13,7,6,6,3,3,24,12,12,33,11,22,9,5,4
S01012004,638,300,338,427,219,208,211,81,130,3,1,2,22,10,12,20,12,8,11,4,7,9,4,5,11,6,5,44,17,27,66,12,54,25,15,10
S01012005,644,315,329,471,236,235,173,79,94,14,5,9,19,11,8,19,8,11,9,3,6,9,5,4,7,1,6,35,17,18,40,18,22,21,11,10
S01012006,708,390,318,399,222,177,309,168,141,20,9,11,58,32,26,9,3,6,11,6,5,4,4,0,15,7,8,25,11,14,26,9,17,141,87,54
S01012007,580,290,290,386,205,181,194,85,109,4,2,2,20,10,10,14,6,8,9,4,5,8,4,4,15,10,5,50,24,26,60,17,43,14,8,6
S01012008,707,350,357,503,251,252,204,99,105,10,7,3,31,13,18,10,5,5,8,3,5,8,2,6,5,2,3,32,16,16,53,17,36,47,34,13
S01012009,557,266,291,430,222,208,127,44,83,6,2,4,23,9,14,9,3,6,5,0,5,8,3,5,5,2,3,28,13,15,29,6,23,14,6,8
S01012010,872,411,461,609,309,300,263,102,161,5,3,2,37,15,22,18,7,11,10,4,6,10,3,7,13,6,7,52,20,32,102,38,64,16,6,10
S01012011,824,397,427,587,284,303,237,113,124,16,12,4,25,17,8,24,12,12,19,9,10,12,6,6,10,4,6,45,20,25,60,15,45,26,18,8
S01012012,477,229,248,285,146,139,192,83,109,10,6,4,27,14,13,18,11,7,16,7,9,7,3,4,15,6,9,29,13,16,60,17,43,10,6,4
S01012013,580,281,299,397,202,195,183,79,104,9,5,4,19,9,10,17,6,11,13,8,5,4,3,1,6,1,5,34,14,20,68,28,40,13,5,8
S01012014,600,306,294,433,228,205,167,78,89,6,3,3,30,16,14,8,4,4,16,11,5,13,5,8,6,2,4,31,10,21,40,13,27,17,14,3
S01012015,655,317,338,457,236,221,198,81,117,9,4,5,35,16,19,16,5,11,17,5,12,14,7,7,17,6,11,21,10,11,48,14,34,21,14,7
S01012016,667,348,319,480,261,219,187,87,100,9,2,7,19,9,10,14,11,3,12,7,5,16,7,9,10,5,5,31,13,18,56,22,34,20,11,9
S01012017,400,206,194,250,139,111,150,67,83,3,3,0,19,6,13,10,4,6,6,2,4,8,6,2,11,4,7,24,9,15,46,19,27,23,14,9
S01012018,657,351,306,455,260,195,202,91,111,5,4,1,23,8,15,17,5,12,12,8,4,14,4,10,14,6,8,29,16,13,65,23,42,23,17,6
S01012019,616,311,305,432,216,216,184,95,89,4,3,1,32,20,12,19,14,5,12,7,5,13,3,10,4,4,0,31,12,19,46,15,31,23,17,6
S01012020,509,251,258,301,155,146,208,96,112,8,3,5,31,17,14,10,2,8,11,5,6,12,7,5,7,3,4,35,17,18,70,32,38,24,10,14
S01012021,437,206,231,284,143,141,153,63,90,11,6,5,18,10,8,15,8,7,15,8,7,6,1,5,9,4,5,15,5,10,33,11,22,31,10,21
S01012022,495,231,264,343,162,181,152,69,83,2,1,1,18,8,10,11,9,2,8,6,2,12,4,8,9,2,7,25,10,15,46,18,28,21,11,10
S01012023,418,203,215,292,150,142,126,53,73,2,2,0,18,7,11,11,2,9,8,3,5,3,2,1,7,2,5,20,11,9,37,12,25,20,12,8
S01012024,654,305,349,462,226,236,192,79,113,14,7,7,21,8,13,16,8,8,11,3,8,6,3,3,9,4,5,46,21,25,43,15,28,26,10,16
S01012025,524,262,262,359,184,175,165,78,87,6,5,1,14,5,9,13,6,7,11,5,6,11,6,5,6,1,5,36,18,18,57,23,34,11,9,2
S01012026,454,219,235,356,176,180,98,43,55,4,3,1,9,3,6,6,1,5,6,5,1,5,1,4,5,4,1,10,3,7,21,7,14,32,16,16
S01012027,665,335,330,445,230,215,220,105,115,7,3,4,21,11,10,17,8,9,12,5,7,8,2,6,11,5,6,38,16,22,70,30,40,36,25,11
S01012028,711,353,358,462,242,220,249,111,138,14,6,8,33,14,19,34,18,16,20,7,13,10,5,5,9,4,5,43,23,20,56,19,37,30,15,15
S01012029,810,413,397,544,271,273,266,142,124,12,5,7,29,17,12,21,15,6,15,10,5,6,3,3,11,2,9,34,23,11,90,46,44,48,21,27
S01012030,512,258,254,375,196,179,137,62,75,5,4,1,15,5,10,13,7,6,9,6,3,4,2,2,11,5,6,27,11,16,32,13,19,21,9,12
S01012031,418,201,217,256,124,132,162,77,85,3,2,1,20,13,7,9,5,4,10,5,5,10,4,6,11,2,9,27,16,11,60,23,37,12,7,5
S01012032,273,134,139,192,99,93,81,35,46,1,1,0,9,4,5,5,1,4,7,3,4,2,1,1,4,3,1,9,5,4,32,10,22,12,7,5
S01012033,622,313,309,388,200,188,234,113,121,8,5,3,21,12,9,16,10,6,14,6,8,10,5,5,12,5,7,40,25,15,83,30,53,30,15,15
S01012034,602,288,314,383,201,182,219,87,132,7,3,4,21,8,13,21,9,12,7,2,5,7,1,6,11,5,6,36,15,21,75,28,47,34,16,18
S01012035,694,345,349,429,233,196,265,112,153,10,5,5,43,24,19,23,14,9,10,3,7,10,5,5,10,4,6,52,21,31,76,27,49,31,9,22
S01012036,665,319,346,401,207,194,264,112,152,8,5,3,38,17,21,17,10,7,8,5,3,15,10,5,20,7,13,48,25,23,69,17,52,41,16,25
S01012037,697,322,375,377,190,187,320,132,188,10,6,4,35,18,17,32,15,17,11,4,7,16,5,11,12,9,3,40,15,25,107,31,76,57,29,28
S01012038,607,257,350,285,132,153,322,125,197,8,5,3,26,14,12,23,8,15,18,7,11,21,5,16,14,6,8,32,13,19,96,30,66,84,37,47
S01012039,740,353,387,390,200,190,350,153,197,7,3,4,40,20,20,23,16,7,13,7,6,14,6,8,12,4,8,58,22,36,112,36,76,71,39,32
S01012040,524,264,260,364,198,166,160,66,94,4,4,0,19,9,10,15,5,10,6,0,6,9,3,6,9,2,7,23,11,12,37,13,24,38,19,19
S01012041,646,314,332,397,206,191,249,108,141,5,4,1,34,14,20,13,6,7,12,6,6,15,10,5,12,3,9,44,18,26,81,25,56,33,22,11
S01012042,675,303,372,417,202,215,258,101,157,6,2,4,22,10,12,29,14,15,17,9,8,16,9,7,5,1,4,44,19,25,84,26,58,35,11,24
S01012043,658,315,343,363,183,180,295,132,163,8,5,3,37,22,15,24,11,13,22,7,15,7,4,3,12,4,8,34,12,22,88,35,53,63,32,31
S01012044,654,310,344,301,144,157,353,166,187,11,9,2,27,14,13,20,9,11,16,8,8,20,12,8,12,7,5,45,21,24,154,61,93,48,25,23
S01012045,828,431,397,490,265,225,338,166,172,13,6,7,30,16,14,26,13,13,20,7,13,12,4,8,12,4,8,55,31,24,97,45,52,73,40,33
S01012046,502,235,267,244,106,138,258,129,129,8,5,3,22,16,6,14,5,9,15,9,6,12,2,10,10,4,6,26,15,11,94,40,54,57,33,24
S01012047,667,308,359,350,165,185,317,143,174,8,3,5,32,12,20,22,16,6,14,6,8,13,5,8,11,10,1,44,15,29,115,49,66,58,27,31
S01012048,512,236,276,266,135,131,246,101,145,7,4,3,26,12,14,17,7,10,10,5,5,11,5,6,9,2,7,40,15,25,79,32,47,47,19,28
S01012049,527,242,285,333,159,174,194,83,111,8,2,6,22,10,12,14,6,8,16,11,5,10,6,4,7,3,4,30,8,22,58,28,30,29,9,20
S01012050,776,366,410,541,271,270,235,95,140,8,3,5,28,9,19,20,10,10,14,6,8,7,3,4,7,3,4,29,10,19,74,27,47,48,24,24
S01012051,365,178,187,228,118,110,137,60,77,4,2,2,17,9,8,13,7,6,11,4,7,9,5,4,2,2,0,21,12,9,41,9,32,19,10,9
S01012052,660,324,336,424,224,200,236,100,136,8,1,7,24,12,12,29,14,15,17,9,8,14,7,7,6,2,4,37,13,24,65,24,41,36,18,18
S01012053,662,318,344,369,167,202,293,151,142,8,6,2,42,23,19,28,17,11,19,8,11,15,8,7,7,3,4,45,25,20,89,45,44,40,16,24
S01012054,615,307,308,328,159,169,287,148,139,16,13,3,46,28,18,32,15,17,22,14,8,11,5,6,13,7,6,43,23,20,60,26,34,44,17,27
S01012055,622,288,334,359,182,177,263,106,157,15,7,8,29,15,14,15,7,8,14,7,7,9,5,4,18,9,9,42,12,30,91,33,58,30,11,19
S01012056,592,296,296,362,182,180,230,114,116,8,6,2,18,12,6,16,11,5,17,6,11,9,3,6,7,3,4,33,13,20,77,28,49,45,32,13
S01012057,576,277,299,390,200,190,186,77,109,3,1,2,18,10,8,17,10,7,16,6,10,6,1,5,4,1,3,30,14,16,62,18,44,30,16,14
S01012058,558,263,295,361,181,180,197,82,115,5,4,1,23,9,14,16,7,9,15,4,11,14,6,8,9,1,8,39,20,19,53,19,34,23,12,11
S01012059,628,301,327,365,172,193,263,129,134,7,4,3,17,10,7,20,11,9,12,7,5,10,3,7,6,4,2,60,21,39,86,42,44,45,27,18
S01012060,620,298,322,364,187,177,256,111,145,3,1,2,32,17,15,14,6,8,16,10,6,8,5,3,10,5,5,40,18,22,83,27,56,50,22,28
S01012061,760,362,398,480,245,235,280,117,163,8,5,3,29,12,17,21,9,12,26,9,17,15,6,9,13,5,8,53,25,28,69,25,44,46,21,25
S01012062,656,326,330,486,252,234,170,74,96,14,10,4,22,12,10,15,6,9,8,4,4,8,2,6,8,4,4,25,7,18,42,16,26,28,13,15
S01012063,398,178,220,288,138,150,110,40,70,10,5,5,21,6,15,15,9,6,3,1,2,4,0,4,3,1,2,18,4,14,21,7,14,15,7,8
S01012064,468,199,269,194,87,107,274,112,162,7,2,5,38,21,17,21,11,10,8,3,5,16,6,10,11,2,9,27,8,19,55,21,34,91,38,53
S01012065,409,179,230,158,67,91,251,112,139,6,1,5,16,11,5,14,6,8,13,8,5,8,6,2,2,1,1,41,12,29,53,21,32,98,46,52
S01012066,619,274,345,360,170,190,259,104,155,10,4,6,29,13,16,27,15,12,6,2,4,17,5,12,12,1,11,30,13,17,56,22,34,72,29,43
S01012067,405,183,222,180,87,93,225,96,129,7,4,3,34,21,13,20,12,8,6,3,3,8,3,5,2,1,1,30,9,21,56,17,39,62,26,36
S01012068,403,173,230,127,51,76,276,122,154,5,3,2,26,13,13,27,21,6,12,3,9,9,2,7,8,4,4,20,6,14,70,27,43,99,43,56
S01012069,387,189,198,179,81,98,208,108,100,5,2,3,29,17,12,17,13,4,12,9,3,7,4,3,2,0,2,27,14,13,63,29,34,46,20,26
S01012070,546,276,270,250,131,119,296,145,151,6,5,1,36,16,20,31,21,10,35,19,16,13,5,8,15,5,10,37,24,13,66,23,43,57,27,30
S01012071,836,436,400,425,223,202,411,213,198,18,14,4,43,27,16,28,13,15,25,13,12,17,7,10,21,8,13,50,28,22,135,73,62,74,30,44
S01012072,863,476,387,435,229,206,428,247,181,21,13,8,65,36,29,30,13,17,24,10,14,18,10,8,11,9,2,42,19,23,105,65,40,112,72,40
S01012073,538,255,283,380,187,193,158,68,90,8,4,4,20,11,9,16,5,11,13,3,10,7,2,5,5,2,3,19,8,11,36,16,20,34,17,17
S01012074,545,265,280,415,210,205,130,55,75,10,7,3,18,6,12,11,3,8,10,5,5,5,1,4,2,1,1,23,11,12,24,7,17,27,14,13
S01012075,574,270,304,447,213,234,127,57,70,12,7,5,29,12,17,11,4,7,5,3,2,3,1,2,2,0,2,27,10,17,8,4,4,30,16,14
S01012076,531,252,279,363,182,181,168,70,98,7,5,2,18,14,4,16,7,9,4,2,2,9,4,5,4,0,4,29,10,19,56,21,35,25,7,18
S01012077,561,271,290,342,172,170,219,99,120,7,4,3,31,16,15,12,5,7,23,9,14,7,1,6,8,2,6,29,10,19,64,30,34,38,22,16
S01012078,673,333,340,473,248,225,200,85,115,7,3,4,36,21,15,18,8,10,13,5,8,6,2,4,8,3,5,20,7,13,47,14,33,45,22,23
S01012079,671,298,373,384,176,208,287,122,165,13,7,6,43,22,21,24,9,15,19,10,9,17,7,10,9,2,7,32,13,19,83,23,60,47,29,18
S01012080,549,224,325,312,143,169,237,81,156,11,3,8,24,14,10,19,5,14,18,6,12,15,4,11,8,6,2,35,7,28,53,23,30,54,13,41
S01012081,542,263,279,287,138,149,255,125,130,13,8,5,31,19,12,27,12,15,12,6,6,12,7,5,10,4,6,46,24,22,61,28,33,43,17,26
S01012082,451,225,226,242,120,122,209,105,104,2,1,1,27,13,14,15,7,8,13,6,7,8,5,3,8,3,5,21,12,9,78,41,37,37,17,20
S01012083,532,252,280,268,140,128,264,112,152,6,2,4,27,14,13,18,8,10,10,4,6,14,8,6,12,4,8,35,19,16,113,41,72,29,12,17
S01012084,440,211,229,312,156,156,128,55,73,4,2,2,18,10,8,11,4,7,10,6,4,9,5,4,5,2,3,24,6,18,30,13,17,17,7,10
S01012085,539,266,273,363,191,172,176,75,101,8,4,4,13,7,6,11,5,6,15,4,11,7,5,2,10,6,4,39,18,21,55,16,39,18,10,8
S01012086,670,317,353,386,187,199,284,130,154,11,8,3,32,16,16,27,10,17,10,4,6,15,5,10,9,3,6,47,28,19,88,39,49,45,17,28
S01012087,504,232,272,310,148,162,194,84,110,10,6,4,20,10,10,10,4,6,13,9,4,11,4,7,12,2,10,31,14,17,60,22,38,27,13,14
S01012088,535,261,274,389,193,196,146,68,78,9,6,3,26,15,11,7,3,4,7,2,5,4,1,3,5,2,3,21,7,14,35,14,21,32,18,14
S01012089,648,295,353,450,213,237,198,82,116,10,8,2,23,12,11,23,11,12,16,5,11,8,4,4,10,1,9,40,14,26,46,19,27,22,8,14
S01012090,708,349,359,444,238,206,264,111,153,11,7,4,34,12,22,22,13,9,20,10,10,16,5,11,14,6,8,51,21,30,65,25,40,31,12,19
S01012091,429,208,221,311,152,159,118,56,62,7,5,2,15,11,4,9,7,2,6,3,3,4,2,2,9,2,7,20,8,12,28,10,18,20,8,12
S01012092,407,198,209,289,148,141,118,50,68,6,4,2,7,4,3,15,9,6,9,6,3,3,1,2,7,3,4,28,11,17,32,7,25,11,5,6
S01012093,435,215,220,282,145,137,153,70,83,5,2,3,19,9,10,17,10,7,10,6,4,7,3,4,7,5,2,20,7,13,60,22,38,8,6,2
S01012094,582,283,299,396,201,195,186,82,104,9,6,3,28,13,15,19,8,11,6,2,4,7,5,2,11,7,4,26,11,15,56,14,42,24,16,8
S01012095,838,411,427,561,272,289,277,139,138,18,9,9,29,12,17,20,12,8,20,8,12,6,5,1,14,10,4,36,14,22,71,32,39,63,37,26
S01012096,667,300,367,369,171,198,298,129,169,20,7,13,25,7,18,17,9,8,12,7,5,12,4,8,10,4,6,53,26,27,104,45,59,45,20,25
S01012097,489,227,262,300,148,152,189,79,110,8,4,4,20,15,5,19,7,12,9,3,6,5,2,3,7,5,2,31,16,15,51,13,38,39,14,25
S01012098,466,218,248,286,146,140,180,72,108,6,4,2,24,8,16,14,5,9,11,5,6,9,5,4,10,4,6,28,11,17,44,16,28,34,14,20
S01012099,583,272,311,324,150,174,259,122,137,7,4,3,23,14,9,24,15,9,12,6,6,11,3,8,14,7,7,40,17,23,85,29,56,43,27,16
S01012100,759,332,427,455,207,248,304,125,179,12,7,5,27,18,9,25,14,11,12,5,7,13,5,8,9,3,6,41,15,26,102,33,69,63,25,38
S01012101,604,296,308,410,200,210,194,96,98,7,3,4,19,14,5,12,9,3,9,4,5,8,4,4,5,3,2,35,17,18,60,21,39,39,21,18
S01012102,474,205,269,269,112,157,205,93,112,6,4,2,37,18,19,16,7,9,15,9,6,13,7,6,1,1,0,30,7,23,54,25,29,33,15,18
S01012103,722,343,379,517,251,266,205,92,113,11,6,5,27,14,13,17,11,6,13,6,7,10,6,4,12,1,11,37,15,22,58,25,33,20,8,12
S01012104,676,326,350,509,270,239,167,56,111,10,5,5,32,10,22,9,2,7,9,2,7,5,0,5,12,3,9,18,7,11,45,10,35,27,17,10
S01012105,841,401,440,599,291,308,242,110,132,19,12,7,32,14,18,14,9,5,13,10,3,14,7,7,9,4,5,39,18,21,77,23,54,25,13,12
S01012106,832,408,424,618,311,307,214,97,117,14,9,5,31,16,15,20,11,9,21,6,15,11,5,6,6,3,3,23,7,16,54,19,35,34,21,13
S01012107,510,246,264,320,166,154,190,80,110,11,9,2,16,8,8,7,6,1,14,7,7,8,2,6,15,7,8,26,11,15,63,21,42,30,9,21
S01012108,610,268,342,319,153,166,291,115,176,7,5,2,18,4,14,16,8,8,24,12,12,6,4,2,8,3,5,53,22,31,140,49,91,19,8,11
S01012109,714,341,373,425,208,217,289,133,156,18,8,10,34,19,15,25,13,12,23,7,16,15,6,9,10,3,7,40,21,19,70,36,34,54,20,34
S01012110,541,256,285,310,152,158,231,104,127,6,4,2,27,17,10,22,10,12,16,6,10,4,3,1,11,5,6,34,16,18,93,37,56,18,6,12
S01012111,417,214,203,236,123,113,181,91,90,11,10,1,18,9,9,11,7,4,7,3,4,11,1,10,6,5,1,26,12,14,48,23,25,43,21,22
S01012112,535,237,298,306,147,159,229,90,139,5,1,4,21,11,10,18,9,9,13,6,7,11,5,6,16,8,8,39,13,26,90,32,58,16,5,11
S01012113,738,352,386,447,229,218,291,123,168,10,4,6,33,19,14,18,8,10,21,7,14,7,1,6,12,8,4,43,16,27,111,39,72,36,21,15
S01012114,757,361,396,425,197,228,332,164,168,13,6,7,75,44,31,21,12,9,19,11,8,10,6,4,9,5,4,28,14,14,54,14,40,103,52,51
S01012115,379,175,204,235,105,130,144,70,74,7,6,1,7,4,3,9,3,6,2,2,0,3,0,3,10,6,4,23,9,14,66,28,38,17,12,5
S01012116,431,204,227,276,135,141,155,69,86,6,3,3,17,8,9,7,2,5,9,6,3,1,0,1,5,2,3,33,17,16,57,21,36,20,10,10
S01012117,559,271,288,472,237,235,87,34,53,3,1,2,16,8,8,10,2,8,3,1,2,2,2,0,4,1,3,15,6,9,19,4,15,15,9,6
S01012118,482,228,254,380,184,196,102,44,58,7,2,5,14,4,10,5,2,3,9,5,4,7,3,4,5,2,3,15,7,8,18,4,14,22,15,7
S01012119,705,345,360,453,236,217,252,109,143,9,6,3,26,14,12,16,7,9,15,10,5,18,7,11,10,5,5,51,22,29,68,21,47,39,17,22
S01012120,435,213,222,256,124,132,179,89,90,5,4,1,13,6,7,19,9,10,14,10,4,14,4,10,6,3,3,18,9,9,49,19,30,41,25,16
S01012121,665,307,358,370,188,182,295,119,176,13,9,4,32,13,19,18,7,11,13,4,9,15,9,6,16,7,9,48,21,27,86,29,57,54,20,34
S01012122,617,289,328,370,179,191,247,110,137,16,13,3,34,15,19,18,8,10,11,6,5,13,4,9,7,2,5,32,16,16,72,23,49,44,23,21
S01012123,393,191,202,270,134,136,123,57,66,6,3,3,18,9,9,9,5,4,5,2,3,7,2,5,4,1,3,16,7,9,29,10,19,29,18,11
S01012124,430,196,234,302,145,157,128,51,77,6,2,4,16,5,11,12,6,6,10,4,6,8,0,8,4,3,1,18,9,9,33,10,23,21,12,9
S01012125,618,318,300,325,162,163,293,156,137,14,9,5,39,29,10,31,16,15,20,8,12,10,7,3,10,4,6,34,16,18,91,43,48,44,24,20
S01012126,628,340,288,471,253,218,157,87,70,12,8,4,33,19,14,20,13,7,15,8,7,6,4,2,3,2,1,23,12,11,24,10,14,21,11,10
S01012127,713,416,297,421,238,183,292,178,114,13,5,8,70,49,21,32,21,11,26,15,11,12,5,7,4,2,2,32,19,13,42,25,17,61,37,24
S01012128,414,221,193,276,152,124,138,69,69,22,13,9,20,10,10,8,3,5,9,3,6,4,3,1,3,1,2,22,12,10,28,15,13,22,9,13
S01012129,558,290,268,346,184,162,212,106,106,9,6,3,33,19,14,16,10,6,10,3,7,9,5,4,4,2,2,27,15,12,54,26,28,50,20,30
S01012130,774,394,380,433,218,215,341,176,165,7,2,5,28,16,12,34,23,11,20,12,8,11,4,7,17,10,7,53,24,29,122,57,65,49,28,21
S01012131,935,507,428,477,252,225,458,255,203,16,7,9,76,47,29,38,27,11,20,8,12,22,9,13,15,8,7,46,26,20,97,56,41,128,67,61
S01012132,561,267,294,312,149,163,249,118,131,17,10,7,56,28,28,18,12,6,13,7,6,17,4,13,8,2,6,18,8,10,45,21,24,57,26,31
S01012133,778,427,351,416,221,195,362,206,156,25,17,8,79,43,36,23,20,3,16,12,4,20,10,10,9,7,2,22,10,12,43,20,23,125,67,58
S01012134,861,415,446,559,278,281,302,137,165,12,10,2,49,31,18,12,4,8,26,13,13,14,8,6,11,5,6,42,12,30,85,31,54,51,23,28
S01012135,702,366,336,357,172,185,345,194,151,12,7,5,40,26,14,27,16,11,18,11,7,12,8,4,16,5,11,53,33,20,100,52,48,67,36,31
S01012136,699,372,327,394,198,196,305,174,131,46,38,8,37,24,13,33,20,13,14,8,6,13,4,9,5,3,2,35,23,12,71,34,37,51,20,31
S01012137,514,272,242,267,136,131,247,136,111,13,8,5,19,13,6,19,7,12,10,8,2,7,3,4,6,4,2,30,12,18,96,51,45,47,30,17
S01012138,681,340,341,451,229,222,230,111,119,8,6,2,34,21,13,11,5,6,9,6,3,7,2,5,9,3,6,32,13,19,70,23,47,50,32,18
S01012139,656,309,347,427,210,217,229,99,130,9,3,6,34,21,13,15,7,8,15,3,12,7,5,2,10,3,7,36,16,20,69,24,45,34,17,17
S01012140,397,195,202,272,134,138,125,61,64,6,4,2,19,12,7,9,6,3,10,5,5,4,1,3,6,2,4,22,9,13,33,13,20,16,9,7
S01012141,755,372,383,487,238,249,268,134,134,9,5,4,34,18,16,21,12,9,9,5,4,15,13,2,13,7,6,56,23,33,70,30,40,41,21,20
S01012142,693,331,362,438,235,203,255,96,159,11,5,6,24,9,15,19,6,13,14,3,11,14,8,6,13,6,7,53,28,25,87,21,66,20,10,10
S01012143,633,313,320,405,218,187,228,95,133,10,6,4,25,13,12,16,11,5,12,6,6,8,1,7,10,2,8,50,16,34,67,22,45,30,18,12
S01012144,743,374,369,496,265,231,247,109,138,9,1,8,24,16,8,21,9,12,15,7,8,10,5,5,11,3,8,56,30,26,62,18,44,39,20,19
S01012145,732,351,381,490,246,244,242,105,137,10,9,1,24,8,16,16,4,12,15,6,9,19,7,12,11,6,5,45,22,23,65,18,47,37,25,12
S01012146,701,304,397,393,196,197,308,108,200,8,2,6,48,11,37,22,8,14,17,4,13,14,6,8,13,6,7,50,15,35,97,45,52,39,11,28
S01012147,572,243,329,282,132,150,290,111,179,14,4,10,31,15,16,24,7,17,21,9,12,13,1,12,16,5,11,39,18,21,81,34,47,51,18,33
S01012148,540,238,302,264,114,150,276,124,152,8,2,6,33,15,18,24,10,14,24,5,19,17,9,8,10,6,4,32,14,18,72,38,34,56,25,31
S01012149,620,315,305,393,218,175,227,97,130,5,4,1,39,19,20,15,6,9,13,4,9,4,1,3,7,4,3,32,8,24,52,23,29,60,28,32
S01012150,553,264,289,290,148,142,263,116,147,9,6,3,27,14,13,8,7,1,15,7,8,10,3,7,11,5,6,48,19,29,89,33,56,46,22,24
S01012151,552,269,283,293,147,146,259,122,137,2,1,1,23,15,8,13,7,6,18,10,8,15,8,7,8,6,2,40,19,21,97,34,63,43,22,21
S01012152,565,295,270,286,152,134,279,143,136,9,6,3,26,14,12,24,19,5,13,10,3,12,6,6,5,4,1,31,12,19,96,38,58,63,34,29
S01012153,433,233,200,245,125,120,188,108,80,13,9,4,28,19,9,13,9,4,10,4,6,7,2,5,8,4,4,23,13,10,49,24,25,37,24,13
S01012154,637,329,308,336,174,162,301,155,146,20,9,11,35,16,19,39,27,12,13,8,5,7,6,1,10,2,8,36,21,15,91,38,53,50,28,22
S01012155,461,251,210,259,135,124,202,116,86,10,6,4,20,16,4,32,22,10,15,8,7,5,4,1,9,8,1,29,19,10,55,22,33,27,11,16
S01012156,474,243,231,242,118,124,232,125,107,9,4,5,24,18,6,20,12,8,19,10,9,8,3,5,7,3,4,33,15,18,73,37,36,39,23,16
S01012157,742,349,393,492,244,248,250,105,145,8,6,2,30,15,15,26,14,12,27,10,17,8,5,3,15,5,10,38,16,22,58,16,42,40,18,22
S01012158,843,436,407,614,319,295,229,117,112,18,10,8,36,23,13,23,9,14,12,4,8,12,7,5,6,3,3,25,14,11,43,11,32,54,36,18
S01012159,411,200,211,253,125,128,158,75,83,6,4,2,20,13,7,14,6,8,10,2,8,5,1,4,6,3,3,43,23,20,35,16,19,19,7,12
S01012160,525,239,286,355,161,194,170,78,92,11,7,4,24,12,12,17,12,5,13,8,5,9,5,4,6,3,3,38,17,21,42,8,34,10,6,4
S01012161,322,124,198,188,76,112,134,48,86,10,2,8,18,10,8,14,6,8,4,1,3,6,3,3,2,1,1,17,6,11,45,14,31,18,5,13
S01012162,663,301,362,409,191,218,254,110,144,8,5,3,37,19,18,16,5,11,9,7,2,14,3,11,7,2,5,31,14,17,63,24,39,69,31,38
S01012163,561,271,290,350,173,177,211,98,113,15,9,6,32,12,20,15,7,8,10,5,5,8,4,4,2,0,2,29,9,20,47,19,28,53,33,20
S01012164,794,371,423,657,327,330,137,44,93,5,3,2,26,9,17,11,2,9,9,1,8,7,1,6,5,0,5,14,7,7,23,10,13,37,11,26
S01012165,670,298,372,368,180,188,302,118,184,11,5,6,44,23,21,18,10,8,18,4,14,16,3,13,6,4,2,41,14,27,88,32,56,60,23,37
S01012166,473,209,264,313,148,165,160,61,99,8,3,5,26,6,20,12,3,9,12,2,10,6,4,2,10,4,6,17,6,11,44,19,25,25,14,11
S01012167,649,322,327,405,208,197,244,114,130,6,3,3,35,21,14,28,14,14,9,3,6,11,3,8,12,7,5,51,26,25,76,29,47,16,8,8
S01012168,611,311,300,400,206,194,211,105,106,12,11,1,31,17,14,18,9,9,9,5,4,10,5,5,12,6,6,36,12,24,60,27,33,23,13,10
S01012169,639,315,324,369,185,184,270,130,140,13,6,7,37,19,18,23,13,10,9,6,3,12,6,6,6,3,3,43,22,21,87,37,50,40,18,22
S01012170,697,312,385,419,205,214,278,107,171,7,3,4,28,12,16,15,6,9,22,8,14,14,7,7,13,6,7,39,9,30,110,42,68,30,14,16
S01012171,762,354,408,477,223,254,285,131,154,9,7,2,27,13,14,28,17,11,17,8,9,15,7,8,13,7,6,56,27,29,91,31,60,29,14,15
S01012172,550,260,290,317,150,167,233,110,123,11,7,4,23,9,14,24,10,14,11,7,4,5,1,4,10,5,5,38,19,19,74,30,44,37,22,15
S01012173,482,231,251,298,151,147,184,80,104,8,4,4,18,11,7,10,4,6,11,4,7,9,6,3,14,7,7,29,15,14,63,20,43,22,9,13
S01012174,657,314,343,539,269,270,118,45,73,10,6,4,16,9,7,11,5,6,14,2,12,4,0,4,4,1,3,12,4,8,25,9,16,22,9,13
S01012175,656,330,326,473,252,221,183,78,105,18,10,8,21,11,10,12,4,8,6,3,3,15,7,8,3,2,1,32,15,17,54,16,38,22,10,12
S01012176,704,343,361,480,245,235,224,98,126,13,8,5,34,19,15,22,10,12,10,5,5,13,8,5,14,3,11,38,18,20,57,18,39,23,9,14
S01012177,502,250,252,327,173,154,175,77,98,10,5,5,17,9,8,17,6,11,9,6,3,4,1,3,10,5,5,36,13,23,44,17,27,28,15,13
S01012178,431,212,219,291,145,146,140,67,73,4,0,4,25,14,11,16,9,7,12,3,9,5,2,3,4,1,3,26,17,9,33,13,20,15,8,7
S01012179,429,199,230,264,125,139,165,74,91,6,5,1,15,5,10,7,5,2,10,3,7,7,3,4,9,3,6,33,18,15,48,22,26,30,10,20
S01012180,407,180,227,224,104,120,183,76,107,3,3,0,13,5,8,22,10,12,10,5,5,10,5,5,8,5,3,36,13,23,65,21,44,16,9,7
S01012181,553,271,282,330,170,160,223,101,122,8,5,3,24,11,13,13,11,2,16,12,4,6,3,3,8,6,2,38,16,22,78,24,54,32,13,19
S01012182,831,416,415,655,342,313,176,74,102,8,4,4,27,17,10,16,4,12,12,5,7,3,2,1,6,3,3,27,9,18,30,8,22,47,22,25
S01012183,571,289,282,363,193,170,208,96,112,12,11,1,26,13,13,20,12,8,8,3,5,9,5,4,6,2,4,31,14,17,55,20,35,41,16,25
S01012184,435,227,208,332,176,156,103,51,52,11,8,3,22,14,8,15,8,7,7,4,3,3,1,2,3,0,3,6,1,5,25,10,15,11,5,6
S01012185,613,359,254,360,204,156,253,155,98,8,5,3,30,19,11,22,15,7,7,5,2,7,4,3,9,7,2,32,22,10,71,40,31,67,38,29
S01012186,501,234,267,274,136,138,227,98,129,6,4,2,19,8,11,21,12,9,10,4,6,9,6,3,11,5,6,45,17,28,81,34,47,25,8,17
S01012187,517,250,267,296,149,147,221,101,120,11,6,5,29,11,18,18,6,12,18,9,9,9,2,7,2,0,2,35,15,20,62,29,33,37,23,14
S01012188,398,189,209,261,122,139,137,67,70,7,5,2,13,9,4,14,4,10,8,7,1,6,2,4,10,3,7,20,10,10,44,17,27,15,10,5
S01012189,421,212,209,311,161,150,110,51,59,6,3,3,13,8,5,13,5,8,5,1,4,6,1,5,6,2,4,18,10,8,27,12,15,16,9,7
S01012190,393,177,216,322,150,172,71,27,44,4,2,2,8,3,5,6,1,5,7,3,4,5,1,4,2,0,2,15,5,10,15,6,9,9,6,3
S01012191,693,348,345,482,255,227,211,93,118,8,2,6,30,18,12,23,7,16,15,10,5,11,3,8,12,6,6,36,18,18,48,12,36,28,17,11
S01012192,397,197,200,266,136,130,131,61,70,6,4,2,12,7,5,13,8,5,12,7,5,5,3,2,6,4,2,19,5,14,33,11,22,25,12,13
S01012193,422,216,206,354,192,162,68,24,44,5,0,5,19,6,13,4,2,2,3,1,2,1,0,1,0,0,0,7,2,5,14,3,11,15,10,5
S01012194,425,213,212,325,160,165,100,53,47,12,7,5,15,7,8,14,8,6,4,4,0,2,1,1,4,2,2,11,4,7,12,3,9,26,17,9
S01012195,843,417,426,613,311,302,230,106,124,17,11,6,23,13,10,20,7,13,16,8,8,7,4,3,10,4,6,48,17,31,49,20,29,40,22,18
S01012196,424,194,230,338,163,175,86,31,55,7,3,4,7,3,4,8,2,6,3,0,3,3,3,0,1,1,0,13,2,11,17,6,11,27,11,16
S01012197,529,244,285,314,150,164,215,94,121,5,2,3,23,15,8,19,10,9,15,5,10,8,5,3,10,5,5,28,7,21,89,38,51,18,7,11
S01012198,647,294,353,436,205,231,211,89,122,7,4,3,21,10,11,15,7,8,16,7,9,13,7,6,10,2,8,28,10,18,63,24,39,38,18,20
S01012199,568,276,292,351,185,166,217,91,126,13,7,6,24,14,10,14,6,8,15,11,4,11,5,6,11,4,7,36,12,24,71,20,51,22,12,10
S01012200,486,224,262,292,135,157,194,89,105,10,6,4,22,13,9,15,7,8,7,5,2,12,6,6,6,1,5,31,12,19,65,24,41,26,15,11
S01012201,556,262,294,359,176,183,197,86,111,3,2,1,19,12,7,21,11,10,14,6,8,10,6,4,7,3,4,34,14,20,64,22,42,25,10,15
S01012202,441,209,232,297,149,148,144,60,84,2,1,1,19,12,7,9,4,5,11,4,7,10,5,5,5,2,3,28,14,14,43,10,33,17,8,9
S01012203,617,297,320,415,208,207,202,89,113,13,10,3,26,16,10,18,12,6,8,4,4,7,2,5,7,1,6,33,13,20,61,20,41,29,11,18
S01012204,646,333,313,486,254,232,160,79,81,9,5,4,17,9,8,21,12,9,10,7,3,5,2,3,2,0,2,25,10,15,32,11,21,39,23,16
S01012205,548,267,281,402,207,195,146,60,86,8,4,4,22,8,14,13,5,8,11,4,7,9,5,4,4,1,3,22,11,11,39,11,28,18,11,7
S01012206,650,316,334,502,252,250,148,64,84,5,2,3,22,11,11,17,10,7,5,3,2,2,1,1,8,2,6,31,13,18,32,8,24,26,14,12
S01012207,642,297,345,400,198,202,242,99,143,14,6,8,24,12,12,17,6,11,17,9,8,7,4,3,8,4,4,38,11,27,87,29,58,30,18,12
S01012208,731,366,365,465,255,210,266,111,155,11,3,8,32,13,19,11,6,5,22,10,12,10,2,8,15,7,8,50,17,33,80,35,45,35,18,17
S01012209,537,263,274,334,177,157,203,86,117,6,2,4,21,12,9,18,10,8,13,7,6,11,4,7,11,4,7,35,11,24,60,22,38,28,14,14
S01012210,527,244,283,318,148,170,209,96,113,7,3,4,21,15,6,16,8,8,11,9,2,5,2,3,10,3,7,32,13,19,77,25,52,30,18,12
S01012211,664,326,338,439,219,220,225,107,118,9,6,3,37,22,15,14,9,5,9,5,4,11,8,3,4,2,2,34,14,20,79,30,49,28,11,17
S01012212,619,317,302,381,201,180,238,116,122,8,6,2,36,22,14,21,13,8,12,6,6,9,2,7,9,4,5,53,26,27,63,23,40,27,14,13
S01012213,669,335,334,436,230,206,233,105,128,9,6,3,31,17,14,24,7,17,22,11,11,11,3,8,12,4,8,46,26,20,65,22,43,13,9,4
S01012214,502,247,255,329,177,152,173,70,103,6,3,3,20,12,8,12,6,6,10,5,5,9,4,5,10,3,7,31,13,18,59,15,44,16,9,7
S01012215,687,353,334,481,264,217,206,89,117,13,3,10,26,10,16,19,13,6,8,1,7,8,2,6,11,5,6,36,16,20,53,23,30,32,16,16
S01012216,551,269,282,391,198,193,160,71,89,5,2,3,20,10,10,15,6,9,5,3,2,6,1,5,12,7,5,26,11,15,47,19,28,24,12,12
S01012217,410,184,226,227,97,130,183,87,96,9,8,1,12,8,4,16,10,6,11,2,9,8,3,5,3,2,1,37,9,28,43,21,22,44,24,20
S01012218,332,154,178,175,82,93,157,72,85,8,3,5,31,20,11,12,5,7,11,6,5,5,1,4,5,2,3,20,9,11,33,12,21,32,14,18
S01012219,611,268,343,311,150,161,300,118,182,5,2,3,30,14,16,19,9,10,11,4,7,6,1,5,6,4,2,56,23,33,106,35,71,61,26,35
S01012220,470,237,233,233,119,114,237,118,119,11,9,2,18,10,8,19,14,5,16,9,7,7,4,3,5,4,1,44,22,22,86,35,51,31,11,20
S01012221,468,206,262,253,120,133,215,86,129,6,2,4,12,7,5,8,6,2,9,2,7,2,0,2,10,4,6,40,12,28,92,36,56,36,17,19
S01012222,602,303,299,343,179,164,259,124,135,7,3,4,21,15,6,21,11,10,15,6,9,11,5,6,12,7,5,42,23,19,93,34,59,37,20,17
S01012223,510,244,266,284,148,136,226,96,130,7,5,2,19,8,11,15,9,6,8,2,6,9,2,7,10,3,7,34,17,17,87,29,58,37,21,16
S01012224,544,260,284,358,177,181,186,83,103,2,1,1,20,14,6,9,4,5,9,2,7,5,4,1,5,1,4,27,9,18,62,21,41,47,27,20
S01012225,750,353,397,462,222,240,288,131,157,6,5,1,41,24,17,19,13,6,15,8,7,7,2,5,13,4,9,39,16,23,93,36,57,55,23,32
S01012226,538,247,291,352,161,191,186,86,100,7,4,3,28,18,10,10,6,4,11,6,5,4,1,3,7,3,4,35,16,19,58,20,38,26,12,14
S01012227,496,231,265,316,155,161,180,76,104,5,4,1,21,10,11,18,10,8,13,8,5,9,3,6,7,2,5,25,11,14,56,16,40,26,12,14
S01012228,511,245,266,341,168,173,170,77,93,11,6,5,21,12,9,14,4,10,10,4,6,10,3,7,4,2,2,16,4,12,54,21,33,30,21,9
S01012229,542,252,290,398,191,207,144,61,83,10,4,6,17,8,9,19,11,8,7,4,3,9,2,7,7,2,5,16,7,9,39,13,26,20,10,10
S01012230,692,326,366,494,240,254,198,86,112,12,5,7,29,12,17,10,4,6,5,2,3,10,2,8,8,4,4,37,16,21,53,19,34,34,22,12
S01012231,619,307,312,437,228,209,182,79,103,9,5,4,26,14,12,14,9,5,14,9,5,5,2,3,6,2,4,31,11,20,35,9,26,42,18,24
S01012232,637,315,322,451,230,221,186,85,101,9,4,5,29,15,14,18,7,11,16,7,9,8,6,2,7,2,5,27,12,15,36,15,21,36,17,19
S01012233,714,359,355,477,245,232,237,114,123,6,4,2,35,22,13,18,10,8,15,7,8,12,5,7,14,7,7,41,21,20,62,21,41,34,17,17
S01012234,811,392,419,580,294,286,231,98,133,15,6,9,36,16,20,14,10,4,8,3,5,19,7,12,7,3,4,28,11,17,53,12,41,51,30,21
S01012235,356,182,174,207,113,94,149,69,80,2,1,1,22,13,9,15,4,11,20,11,9,11,5,6,4,1,3,24,12,12,39,15,24,12,7,5
S01012236,451,204,247,291,134,157,160,70,90,6,2,4,14,4,10,9,5,4,22,12,10,13,8,5,6,3,3,23,11,12,37,14,23,30,11,19
S01012237,580,294,286,365,193,172,215,101,114,10,7,3,15,5,10,16,10,6,4,1,3,14,6,8,9,6,3,42,18,24,64,23,41,41,25,16
S01012238,455,231,224,279,146,133,176,85,91,8,6,2,25,10,15,15,9,6,8,7,1,5,3,2,8,4,4,23,12,11,57,20,37,27,14,13
S01012239,444,223,221,250,130,120,194,93,101,5,3,2,24,11,13,10,5,5,13,5,8,4,1,3,5,2,3,34,17,17,58,25,33,41,24,17
S01012240,616,303,313,352,180,172,264,123,141,6,2,4,24,15,9,20,13,7,16,9,7,8,1,7,16,6,10,49,26,23,85,33,52,40,18,22
S01012241,418,198,220,256,144,112,162,54,108,1,0,1,20,3,17,17,7,10,11,6,5,14,3,11,10,5,5,32,13,19,35,12,23,22,5,17
S01012242,587,276,311,379,200,179,208,76,132,10,7,3,26,10,16,20,5,15,11,3,8,9,5,4,8,1,7,40,15,25,44,11,33,40,19,21
S01012243,449,217,232,292,157,135,157,60,97,5,2,3,19,11,8,11,3,8,13,6,7,6,1,5,5,3,2,35,12,23,37,9,28,26,13,13
S01012244,709,349,360,500,260,240,209,89,120,16,4,12,25,11,14,12,3,9,14,7,7,4,1,3,8,4,4,30,10,20,39,14,25,61,35,26
S01012245,503,237,266,331,167,164,172,70,102,6,4,2,25,10,15,10,8,2,12,5,7,10,5,5,9,2,7,33,11,22,51,15,36,16,10,6
S01012246,550,263,287,392,202,190,158,61,97,10,3,7,21,12,9,8,4,4,13,2,11,12,5,7,6,1,5,36,12,24,27,10,17,25,12,13
S01012247,553,259,294,395,197,198,158,62,96,5,1,4,21,14,7,10,3,7,8,4,4,4,2,2,6,3,3,30,13,17,51,14,37,23,8,15
S01012248,607,308,299,445,238,207,162,70,92,7,4,3,19,12,7,17,8,9,8,6,2,8,3,5,7,4,3,38,11,27,33,11,22,25,11,14
S01012249,641,327,314,461,259,202,180,68,112,8,3,5,18,8,10,17,6,11,4,1,3,11,5,6,11,5,6,28,10,18,52,13,39,31,17,14
S01012250,511,252,259,380,202,178,131,50,81,4,2,2,18,9,9,4,0,4,3,1,2,11,4,7,4,3,1,24,11,13,42,15,27,21,5,16
S01012251,671,333,338,449,239,210,222,94,128,14,8,6,33,17,16,20,8,12,18,9,9,12,5,7,7,4,3,29,13,16,58,16,42,31,14,17
S01012252,510,249,261,356,168,188,154,81,73,6,3,3,17,8,9,22,16,6,15,10,5,8,4,4,3,1,2,29,14,15,33,13,20,21,12,9
S01012253,665,316,349,441,212,229,224,104,120,4,3,1,23,12,11,27,13,14,17,7,10,12,6,6,16,7,9,53,19,34,46,19,27,26,18,8
S01012254,621,288,333,433,213,220,188,75,113,9,2,7,26,13,13,22,14,8,15,7,8,10,2,8,8,1,7,32,13,19,50,16,34,16,7,9
S01012255,627,311,316,404,216,188,223,95,128,14,8,6,23,10,13,19,10,9,11,4,7,12,6,6,9,5,4,54,26,28,61,14,47,20,12,8
S01012256,619,300,319,431,230,201,188,70,118,12,5,7,28,12,16,17,3,14,13,7,6,10,4,6,11,5,6,40,12,28,36,12,24,21,10,11
S01012257,698,331,367,469,234,235,229,97,132,13,4,9,21,8,13,19,8,11,11,7,4,9,5,4,9,6,3,49,24,25,71,26,45,27,9,18
S01012258,517,240,277,318,165,153,199,75,124,9,5,4,18,10,8,13,6,7,21,7,14,14,7,7,10,4,6,36,16,20,61,13,48,17,7,10
S01012259,428,204,224,257,130,127,171,74,97,1,0,1,16,11,5,17,7,10,10,6,4,11,4,7,11,5,6,35,19,16,58,16,42,12,6,6
S01012260,597,288,309,372,204,168,225,84,141,6,4,2,26,10,16,13,6,7,10,3,7,12,3,9,10,1,9,49,23,26,75,25,50,24,9,15
S01012261,596,283,313,438,220,218,158,63,95,11,7,4,16,8,8,9,4,5,11,6,5,11,0,11,5,3,2,29,13,16,49,12,37,17,10,7
S01012262,609,305,304,431,239,192,178,66,112,5,4,1,32,12,20,15,7,8,9,6,3,3,0,3,17,6,11,28,13,15,53,10,43,16,8,8
S01012263,547,278,269,366,197,169,181,81,100,11,9,2,31,11,20,13,6,7,12,6,6,12,7,5,9,1,8,28,15,13,41,16,25,24,10,14
S01012264,339,163,176,206,110,96,133,53,80,6,2,4,17,9,8,12,8,4,7,5,2,13,3,10,5,0,5,28,10,18,38,13,25,7,3,4
S01012265,564,283,281,363,189,174,201,94,107,7,5,2,34,25,9,20,3,17,12,8,4,10,4,6,10,3,7,33,16,17,44,16,28,31,14,17
S01012266,770,356,414,489,238,251,281,118,163,13,6,7,32,16,16,19,6,13,14,9,5,13,6,7,17,8,9,62,30,32,90,26,64,21,11,10
S01012267,533,270,263,358,190,168,175,80,95,7,3,4,21,13,8,15,7,8,8,6,2,13,6,7,12,6,6,30,14,16,62,19,43,7,6,1
S01012268,470,236,234,341,180,161,129,56,73,5,4,1,8,4,4,12,6,6,7,3,4,7,3,4,13,8,5,22,6,16,32,10,22,23,12,11
S01012269,711,350,361,493,257,236,218,93,125,11,7,4,21,8,13,25,16,9,18,6,12,9,2,7,7,2,5,44,19,25,52,17,35,31,16,15
S01012270,550,263,287,372,189,183,178,74,104,11,5,6,20,5,15,24,15,9,8,4,4,4,2,2,12,6,6,21,7,14,45,17,28,33,13,20
S01012271,780,402,378,573,315,258,207,87,120,11,3,8,30,18,12,9,5,4,18,9,9,16,6,10,11,4,7,29,17,12,44,14,30,39,11,28
S01012272,513,261,252,365,194,171,148,67,81,10,4,6,20,12,8,14,7,7,10,4,6,10,4,6,7,4,3,20,9,11,35,12,23,22,11,11
S01012273,543,263,280,359,185,174,184,78,106,5,1,4,26,14,12,9,5,4,14,7,7,8,5,3,5,1,4,41,16,25,60,20,40,16,9,7
S01012274,718,370,348,513,257,256,205,113,92,9,7,2,37,21,16,21,12,9,9,6,3,7,2,5,11,5,6,36,25,11,45,16,29,30,19,11
S01012275,681,322,359,463,231,232,218,91,127,20,6,14,66,22,44,18,10,8,17,9,8,4,1,3,8,2,6,13,6,7,37,18,19,35,17,18
S01012276,703,348,355,484,248,236,219,100,119,11,8,3,39,19,20,23,10,13,18,13,5,11,1,10,20,6,14,26,14,12,43,14,29,28,15,13
S01012277,774,384,390,546,276,270,228,108,120,13,8,5,43,22,21,19,11,8,15,4,11,11,3,8,8,4,4,37,22,15,51,16,35,31,18,13
S01012278,530,259,271,333,169,164,197,90,107,9,2,7,45,27,18,15,8,7,12,6,6,5,1,4,10,3,7,38,19,19,39,14,25,24,10,14
S01012279,600,288,312,393,211,182,207,77,130,16,6,10,35,13,22,20,7,13,7,3,4,12,5,7,16,4,12,29,10,19,35,14,21,37,15,22
S01012280,698,334,364,467,242,225,231,92,139,14,4,10,35,19,16,14,5,9,19,7,12,14,3,11,8,3,5,48,18,30,41,12,29,38,21,17
S01012281,527,262,265,395,207,188,132,55,77,9,7,2,19,10,9,13,6,7,8,3,5,7,3,4,8,2,6,20,3,17,25,9,16,23,12,11
S01012282,833,337,496,454,209,245,379,128,251,18,4,14,88,21,67,30,12,18,23,10,13,18,5,13,9,4,5,48,17,31,71,27,44,74,28,46
S01012283,629,306,323,434,222,212,195,84,111,5,3,2,32,13,19,19,11,8,14,7,7,9,3,6,7,2,5,26,11,15,51,20,31,32,14,18
S01012284,569,293,276,345,177,168,224,116,108,13,6,7,32,24,8,25,12,13,12,6,6,10,1,9,10,5,5,41,23,18,39,18,21,42,21,21
S01012285,416,203,213,257,132,125,159,71,88,1,0,1,28,15,13,13,8,5,5,2,3,12,4,8,8,3,5,31,12,19,43,18,25,18,9,9
S01012286,821,384,437,459,227,232,362,157,205,21,9,12,59,23,36,48,25,23,25,10,15,17,7,10,13,4,9,58,27,31,70,28,42,51,24,27
S01012287,698,337,361,373,186,187,325,151,174,16,12,4,47,19,28,28,17,11,24,9,15,17,8,9,20,6,14,44,23,21,75,33,42,54,24,30
S01012288,573,292,281,313,170,143,260,122,138,7,5,2,48,31,17,33,19,14,18,7,11,12,2,10,12,0,12,50,22,28,44,24,20,36,12,24
S01012289,621,295,326,357,178,179,264,117,147,2,1,1,18,9,9,14,7,7,14,6,8,14,6,8,16,8,8,45,20,25,92,27,65,49,33,16
S01012290,381,168,213,251,117,134,130,51,79,6,4,2,20,10,10,7,5,2,7,2,5,6,2,4,8,3,5,29,6,23,33,14,19,14,5,9
S01012291,687,341,346,477,229,248,210,112,98,9,7,2,37,23,14,10,3,7,8,6,2,11,6,5,14,4,10,36,23,13,49,16,33,36,24,12
S01012292,484,220,264,297,148,149,187,72,115,9,3,6,21,10,11,15,6,9,8,2,6,10,2,8,9,5,4,35,19,16,62,18,44,18,7,11
S01012293,344,163,181,227,111,116,117,52,65,3,3,0,16,7,9,13,7,6,5,3,2,5,4,1,6,2,4,22,9,13,31,11,20,16,6,10
S01012294,667,308,359,455,214,241,212,94,118,9,5,4,25,12,13,18,10,8,12,5,7,9,4,5,10,5,5,42,24,18,48,12,36,39,17,22
S01012295,538,251,287,399,187,212,139,64,75,1,1,0,16,10,6,12,8,4,13,6,7,4,4,0,4,2,2,21,7,14,40,13,27,28,13,15
S01012296,606,289,317,476,241,235,130,48,82,6,3,3,22,10,12,8,2,6,16,7,9,8,3,5,14,2,12,17,5,12,27,11,16,12,5,7
S01012297,439,217,222,324,175,149,115,42,73,5,1,4,10,4,6,11,5,6,11,6,5,7,2,5,5,2,3,27,11,16,29,8,21,10,3,7
S01012298,600,302,298,416,221,195,184,81,103,8,5,3,16,6,10,9,4,5,12,3,9,7,1,6,8,2,6,46,22,24,57,24,33,21,14,7
S01012299,475,234,241,352,179,173,123,55,68,2,0,2,18,8,10,11,7,4,4,1,3,6,1,5,3,1,2,27,14,13,33,12,21,19,11,8
S01012300,480,232,248,299,160,139,181,72,109,7,4,3,24,15,9,13,5,8,7,6,1,12,3,9,6,2,4,33,15,18,48,9,39,31,13,18
S01012301,718,363,355,477,262,215,241,101,140,9,7,2,19,7,12,19,11,8,21,10,11,12,4,8,13,5,8,52,25,27,61,17,44,35,15,20
S01012302,455,243,212,291,161,130,164,82,82,6,5,1,24,16,8,16,12,4,4,3,1,10,6,4,7,4,3,20,8,12,58,20,38,19,8,11
S01012303,664,336,328,468,254,214,196,82,114,14,9,5,24,8,16,18,10,8,6,5,1,10,4,6,7,3,4,47,20,27,42,8,34,28,15,13
S01012304,727,365,362,489,278,211,238,87,151,9,4,5,41,15,26,14,5,9,11,4,7,9,2,7,19,11,8,46,13,33,66,25,41,23,8,15
S01012305,506,258,248,302,167,135,204,91,113,8,3,5,21,11,10,13,5,8,15,7,8,10,5,5,10,4,6,31,12,19,54,20,34,42,24,18
S01012306,387,182,205,243,133,110,144,49,95,5,0,5,14,4,10,8,2,6,9,5,4,11,5,6,11,5,6,30,12,18,38,10,28,18,6,12
S01012307,458,238,220,291,166,125,167,72,95,7,2,5,15,8,7,14,10,4,14,6,8,7,1,6,7,3,4,32,15,17,45,13,32,26,14,12
S01012308,620,307,313,431,226,205,189,81,108,13,7,6,24,15,9,13,7,6,19,11,8,10,4,6,10,5,5,33,10,23,40,11,29,27,11,16
S01012309,398,191,207,254,127,127,144,64,80,5,2,3,14,10,4,8,6,2,7,2,5,6,1,5,11,6,5,29,13,16,51,20,31,13,4,9
S01012310,692,353,339,450,246,204,242,107,135,5,2,3,27,11,16,16,6,10,14,5,9,12,3,9,17,8,9,55,22,33,76,35,41,20,15,5
S01012311,415,199,216,227,125,102,188,74,114,12,3,9,19,12,7,7,3,4,11,3,8,5,2,3,4,3,1,40,18,22,66,22,44,24,8,16
S01012312,793,411,382,514,292,222,279,119,160,6,5,1,34,22,12,26,14,12,15,4,11,12,5,7,14,4,10,64,31,33,67,17,50,41,17,24
S01012313,598,299,299,396,214,182,202,85,117,7,3,4,35,13,22,20,11,9,7,4,3,4,1,3,7,3,4,35,17,18,66,23,43,21,10,11
S01012314,605,278,327,378,182,196,227,96,131,4,3,1,31,18,13,20,11,9,10,4,6,8,2,6,11,3,8,43,20,23,74,20,54,26,15,11
S01012315,527,277,250,299,161,138,228,116,112,6,2,4,26,15,11,19,15,4,16,10,6,11,7,4,18,6,12,47,20,27,56,28,28,29,13,16
S01012316,456,219,237,263,142,121,193,77,116,6,2,4,23,14,9,17,5,12,9,3,6,14,6,8,8,2,6,35,18,17,72,23,49,9,4,5
S01012317,366,177,189,238,124,114,128,53,75,6,3,3,12,9,3,12,7,5,9,4,5,4,2,2,15,5,10,14,4,10,41,14,27,15,5,10
S01012318,602,283,319,378,207,171,224,76,148,4,1,3,33,9,24,10,5,5,19,8,11,21,4,17,11,0,11,42,19,23,50,15,35,34,15,19
S01012319,578,292,286,414,230,184,164,62,102,3,2,1,24,9,15,4,0,4,10,5,5,3,1,2,13,3,10,31,12,19,55,16,39,21,14,7
S01012320,492,256,236,325,178,147,167,78,89,11,6,5,22,11,11,8,4,4,13,6,7,11,3,8,2,2,0,23,8,15,41,17,24,36,21,15
S01012321,546,267,279,316,171,145,230,96,134,14,12,2,37,14,23,22,12,10,10,6,4,17,11,6,8,4,4,38,10,28,62,18,44,22,9,13
S01012322,742,355,387,479,242,237,263,113,150,10,7,3,34,13,21,14,5,9,21,9,12,12,5,7,9,3,6,35,17,18,94,38,56,34,16,18
S01012323,676,347,329,406,235,171,270,112,158,4,3,1,25,6,19,22,14,8,13,4,9,10,4,6,15,4,11,61,31,30,96,36,60,24,10,14
S01012324,601,294,307,378,205,173,223,89,134,7,4,3,27,10,17,15,9,6,19,7,12,5,3,2,12,3,9,47,21,26,71,28,43,20,4,16
S01012325,422,197,225,197,102,95,225,95,130,5,4,1,14,9,5,14,5,9,8,3,5,11,6,5,16,5,11,63,29,34,80,25,55,14,9,5
S01012326,412,220,192,231,132,99,181,88,93,7,4,3,23,16,7,19,11,8,10,4,6,7,3,4,7,5,2,38,14,24,47,23,24,23,8,15
S01012327,570,267,303,359,187,172,211,80,131,7,4,3,30,13,17,17,8,9,13,5,8,3,1,2,12,8,4,44,16,28,55,14,41,30,11,19
S01012328,405,207,198,210,120,90,195,87,108,6,5,1,17,7,10,16,7,9,11,4,7,18,8,10,9,6,3,48,23,25,60,22,38,10,5,5
S01012329,613,296,317,383,206,177,230,90,140,6,4,2,28,14,14,17,7,10,12,8,4,13,3,10,14,3,11,37,16,21,83,26,57,20,9,11
S01012330,429,205,224,268,135,133,161,70,91,8,5,3,19,9,10,14,9,5,8,3,5,12,4,8,6,1,5,31,14,17,41,15,26,22,10,12
S01012331,446,211,235,341,169,172,105,42,63,6,3,3,14,8,6,8,3,5,10,5,5,6,1,5,5,2,3,12,6,6,34,9,25,10,5,5
S01012332,744,368,376,528,283,245,216,85,131,12,8,4,38,14,24,15,9,6,13,9,4,11,5,6,9,3,6,46,15,31,44,14,30,28,8,20
S01012333,720,355,365,470,246,224,250,109,141,7,2,5,36,22,14,15,7,8,14,7,7,13,3,10,5,1,4,50,24,26,85,32,53,25,11,14
S01012334,589,279,310,369,196,173,220,83,137,8,3,5,21,11,10,21,7,14,21,10,11,13,7,6,13,6,7,47,20,27,55,12,43,21,7,14
S01012335,745,358,387,564,283,281,181,75,106,9,6,3,19,9,10,14,7,7,4,0,4,12,5,7,4,0,4,52,20,32,39,15,24,28,13,15
S01012336,427,197,230,287,142,145,140,55,85,1,1,0,8,4,4,13,9,4,12,2,10,13,4,9,9,6,3,36,14,22,32,7,25,16,8,8
S01012337,596,284,312,354,178,176,242,106,136,6,5,1,33,17,16,12,6,6,20,9,11,14,4,10,10,2,8,39,17,22,73,29,44,35,17,18
S01012338,502,245,257,321,174,147,181,71,110,3,1,2,14,5,9,15,6,9,14,6,8,7,2,5,8,2,6,35,15,20,62,22,40,23,12,11
S01012339,432,203,229,269,140,129,163,63,100,5,1,4,17,8,9,18,6,12,7,4,3,10,4,6,7,4,3,33,13,20,51,20,31,15,3,12
S01012340,696,314,382,451,220,231,245,94,151,10,3,7,29,9,20,20,9,11,19,8,11,16,5,11,11,3,8,36,14,22,72,21,51,32,22,10
S01012341,740,380,360,543,285,258,197,95,102,7,5,2,20,9,11,19,10,9,10,7,3,10,6,4,6,3,3,39,20,19,61,21,40,25,14,11
S01012342,661,314,347,444,224,220,217,90,127,10,3,7,18,6,12,13,4,9,20,8,12,7,5,2,14,9,5,50,30,20,66,18,48,19,7,12
S01012343,760,375,385,510,281,229,250,94,156,4,0,4,35,16,19,19,8,11,10,2,8,15,6,9,16,9,7,60,26,34,64,17,47,27,10,17
S01012344,454,218,236,300,147,153,154,71,83,4,4,0,26,15,11,15,8,7,19,4,15,2,2,0,6,3,3,28,12,16,37,16,21,17,7,10
S01012345,520,265,255,359,191,168,161,74,87,11,10,1,20,10,10,13,9,4,13,7,6,7,1,6,6,3,3,28,11,17,43,13,30,20,10,10
S01012346,615,316,299,409,232,177,206,84,122,10,1,9,19,11,8,12,5,7,15,6,9,7,6,1,10,5,5,48,17,31,60,21,39,25,12,13
S01012347,552,252,300,359,179,180,193,73,120,7,4,3,23,7,16,17,7,10,20,10,10,8,2,6,12,6,6,41,13,28,49,15,34,16,9,7
S01012348,509,237,272,317,150,167,192,87,105,3,2,1,25,8,17,17,12,5,8,5,3,6,2,4,13,4,9,33,18,15,64,22,42,23,14,9
S01012349,679,312,367,430,217,213,249,95,154,9,1,8,26,14,12,20,11,9,20,7,13,17,3,14,17,6,11,48,25,23,59,18,41,33,10,23
S01012350,553,268,285,332,176,156,221,92,129,6,2,4,26,14,12,17,8,9,11,6,5,8,6,2,10,4,6,56,19,37,61,20,41,26,13,13
S01012351,610,288,322,403,203,200,207,85,122,4,2,2,29,13,16,18,10,8,15,6,9,12,4,8,10,4,6,40,16,24,48,14,34,31,16,15
S01012352,547,274,273,342,181,161,205,93,112,9,6,3,19,12,7,18,13,5,12,3,9,8,4,4,9,6,3,49,23,26,56,18,38,25,8,17
S01012353,561,279,282,366,189,177,195,90,105,13,5,8,31,22,9,14,6,8,9,4,5,8,1,7,12,4,8,39,20,19,45,19,26,24,9,15
S01012354,545,280,265,335,181,154,210,99,111,8,2,6,22,15,7,16,9,7,12,7,5,10,7,3,8,2,6,55,25,30,57,25,32,22,7,15
S01012355,714,378,336,487,278,209,227,100,127,0,0,0,29,14,15,17,8,9,9,4,5,13,6,7,7,4,3,42,24,18,77,28,49,33,12,21
S01012356,478,225,253,296,144,152,182,81,101,4,2,2,10,8,2,10,5,5,14,8,6,14,3,11,6,1,5,44,24,20,60,17,43,20,13,7
S01012357,654,324,330,439,224,215,215,100,115,8,5,3,17,11,6,21,9,12,19,12,7,15,6,9,14,10,4,36,16,20,63,21,42,22,10,12
S01012358,609,305,304,389,210,179,220,95,125,4,3,1,23,13,10,12,5,7,15,8,7,14,7,7,18,7,11,43,23,20,56,17,39,35,12,23
S01012359,570,274,296,313,160,153,257,114,143,9,6,3,31,21,10,19,10,9,25,13,12,14,3,11,13,7,6,40,16,24,67,24,43,39,14,25
S01012360,561,265,296,316,159,157,245,106,139,12,6,6,26,8,18,15,9,6,18,7,11,11,3,8,9,2,7,39,16,23,53,26,27,62,29,33
S01012361,447,204,243,237,118,119,210,86,124,6,5,1,27,19,8,18,11,7,22,12,10,12,4,8,8,0,8,36,12,24,50,15,35,31,8,23
S01012362,556,256,300,308,150,158,248,106,142,6,2,4,33,18,15,18,9,9,13,2,11,18,7,11,9,7,2,36,15,21,56,19,37,59,27,32
S01012363,729,368,361,400,222,178,329,146,183,16,6,10,51,32,19,23,8,15,22,12,10,15,6,9,14,9,5,59,23,36,75,31,44,54,19,35
S01012364,510,259,251,318,165,153,192,94,98,9,7,2,31,20,11,15,6,9,15,7,8,14,7,7,7,3,4,29,16,13,56,19,37,16,9,7
S01012365,696,350,346,492,258,234,204,92,112,5,2,3,10,3,7,15,4,11,9,3,6,5,3,2,16,10,6,55,32,23,64,19,45,25,16,9
S01012366,671,335,336,433,220,213,238,115,123,9,4,5,28,18,10,25,14,11,21,13,8,7,3,4,12,6,6,53,23,30,55,21,34,28,13,15
S01012367,685,344,341,442,242,200,243,102,141,3,2,1,23,9,14,26,9,17,20,10,10,12,4,8,12,5,7,55,23,32,69,29,40,23,11,12
S01012368,448,225,223,275,139,136,173,86,87,8,5,3,21,12,9,14,7,7,7,4,3,6,1,5,9,3,6,44,17,27,55,32,23,9,5,4
S01012369,658,316,342,417,213,204,241,103,138,11,7,4,17,12,5,21,13,8,17,7,10,11,5,6,15,4,11,36,15,21,82,30,52,31,10,21
S01012370,711,348,363,445,235,210,266,113,153,11,6,5,28,18,10,17,5,12,16,5,11,9,4,5,17,8,9,54,26,28,90,32,58,24,9,15
S01012371,672,331,341,410,215,195,262,116,146,3,2,1,25,10,15,21,13,8,17,9,8,10,4,6,21,8,13,60,27,33,73,26,47,32,17,15
S01012372,551,284,267,343,186,157,208,98,110,5,3,2,22,14,8,12,7,5,8,4,4,18,8,10,13,5,8,41,17,24,56,26,30,33,14,19
S01012373,746,359,387,460,238,222,286,121,165,13,7,6,33,16,17,18,9,9,15,7,8,10,7,3,15,5,10,55,22,33,78,26,52,49,22,27
S01012374,659,308,351,466,234,232,193,74,119,10,3,7,20,13,7,13,6,7,11,6,5,13,6,7,9,3,6,38,11,27,51,15,36,28,11,17
S01012375,668,310,358,434,214,220,234,96,138,13,6,7,27,13,14,27,12,15,9,6,3,12,3,9,15,6,9,42,17,25,52,13,39,37,20,17
S01012376,731,355,376,499,243,256,232,112,120,12,7,5,29,20,9,19,9,10,9,4,5,12,5,7,17,6,11,52,28,24,60,24,36,22,9,13
S01012377,543,271,272,367,199,168,176,72,104,7,3,4,16,9,7,18,5,13,11,3,8,7,4,3,12,9,3,24,10,14,61,21,40,20,8,12
S01012378,456,226,230,295,161,134,161,65,96,4,1,3,14,7,7,12,4,8,14,11,3,9,4,5,5,1,4,34,12,22,42,14,28,27,11,16
S01012379,398,202,196,241,128,113,157,74,83,6,5,1,18,8,10,19,8,11,11,5,6,7,4,3,10,6,4,26,11,15,39,16,23,21,11,10
S01012380,673,322,351,453,223,230,220,99,121,5,2,3,34,19,15,17,11,6,21,9,12,10,2,8,13,7,6,39,16,23,47,15,32,34,18,16
S01012381,573,280,293,348,180,168,225,100,125,6,3,3,26,12,14,18,15,3,11,6,5,18,9,9,14,5,9,47,19,28,62,20,42,23,11,12
S01012382,725,360,365,503,260,243,222,100,122,13,9,4,17,10,7,27,13,14,16,7,9,13,5,8,11,3,8,42,22,20,62,17,45,21,14,7
S01012383,601,287,314,390,199,191,211,88,123,8,5,3,20,13,7,27,13,14,14,6,8,12,3,9,7,2,5,49,21,28,53,13,40,21,12,9
S01012384,380,183,197,248,134,114,132,49,83,8,3,5,18,6,12,9,3,6,6,5,1,7,3,4,8,3,5,34,16,18,32,7,25,10,3,7
S01012385,554,280,274,397,207,190,157,73,84,7,4,3,26,11,15,20,12,8,10,6,4,10,7,3,13,7,6,19,8,11,30,7,23,22,11,11
S01012386,714,359,355,432,224,208,282,135,147,11,9,2,34,20,14,33,13,20,20,10,10,14,6,8,14,5,9,47,24,23,52,21,31,57,27,30
S01012387,692,344,348,527,278,249,165,66,99,8,2,6,22,8,14,8,6,2,14,7,7,10,6,4,7,2,5,32,16,16,48,13,35,16,6,10
S01012388,516,260,256,407,215,192,109,45,64,3,2,1,9,6,3,7,3,4,12,6,6,6,2,4,7,3,4,29,11,18,24,8,16,12,4,8
S01012389,630,327,303,487,256,231,143,71,72,8,4,4,17,8,9,8,4,4,9,4,5,7,3,4,11,7,4,26,13,13,33,14,19,24,14,10
S01012390,583,302,281,445,239,206,138,63,75,8,4,4,20,9,11,6,0,6,16,8,8,7,3,4,11,4,7,22,10,12,38,17,21,10,8,2
S01012391,752,378,374,595,309,286,157,69,88,7,4,3,21,11,10,8,5,3,9,6,3,13,6,7,10,6,4,33,13,20,34,8,26,22,10,12
S01012392,569,284,285,432,224,208,137,60,77,10,5,5,22,12,10,4,1,3,8,4,4,4,2,2,6,1,5,32,15,17,31,9,22,20,11,9
S01012393,684,346,338,530,277,253,154,69,85,5,1,4,29,13,16,6,3,3,13,8,5,6,1,5,4,1,3,42,25,17,32,9,23,17,8,9
S01012394,475,221,254,342,167,175,133,54,79,5,0,5,25,12,13,13,8,5,10,0,10,8,4,4,5,1,4,23,11,12,24,7,17,20,11,9
S01012395,439,219,220,343,177,166,96,42,54,7,3,4,12,6,6,6,4,2,5,1,4,3,1,2,7,4,3,22,10,12,25,8,17,9,5,4
S01012396,468,247,221,338,181,157,130,66,64,8,3,5,24,15,9,7,5,2,7,4,3,4,2,2,7,7,0,35,15,20,22,7,15,16,8,8
S01012397,636,325,311,455,240,215,181,85,96,9,5,4,24,11,13,12,7,5,8,5,3,11,6,5,7,5,2,33,15,18,64,22,42,13,9,4
S01012398,665,360,305,540,299,241,125,61,64,11,6,5,16,10,6,8,4,4,5,3,2,1,0,1,6,3,3,29,16,13,33,10,23,16,9,7
S01012399,451,217,234,341,175,166,110,42,68,8,6,2,13,5,8,10,3,7,3,3,0,6,2,4,3,1,2,23,6,17,37,12,25,7,4,3
S01012400,455,241,214,359,199,160,96,42,54,5,3,2,10,4,6,12,3,9,5,3,2,4,0,4,7,4,3,17,9,8,24,10,14,12,6,6
S01012401,619,343,276,468,257,211,151,86,65,10,6,4,21,9,12,7,6,1,9,8,1,12,4,8,4,2,2,34,16,18,36,20,16,18,15,3
S01012402,335,168,167,278,145,133,57,23,34,2,2,0,9,2,7,6,4,2,0,0,0,5,2,3,5,2,3,11,5,6,11,3,8,8,3,5
S01012403,793,404,389,650,340,310,143,64,79,10,7,3,20,8,12,17,8,9,6,3,3,12,4,8,7,3,4,25,9,16,31,13,18,15,9,6
S01012404,736,392,344,558,300,258,178,92,86,15,9,6,25,13,12,20,12,8,11,7,4,7,1,6,6,4,2,30,14,16,40,17,23,24,15,9
S01012405,529,274,255,426,222,204,103,52,51,9,8,1,13,8,5,5,3,2,3,1,2,7,2,5,5,1,4,21,11,10,26,9,17,14,9,5
S01012406,461,232,229,338,185,153,123,47,76,6,1,5,14,4,10,4,0,4,7,3,4,6,4,2,6,2,4,30,13,17,35,14,21,15,6,9
S01012407,589,302,287,460,245,215,129,57,72,10,2,8,13,8,5,5,1,4,12,3,9,7,3,4,12,4,8,27,12,15,29,16,13,14,8,6
S01012408,460,229,231,352,187,165,108,42,66,9,2,7,10,7,3,8,4,4,4,1,3,3,0,3,7,3,4,18,9,9,27,9,18,22,7,15
S01012409,497,266,231,377,204,173,120,62,58,5,2,3,18,8,10,7,5,2,6,3,3,6,3,3,1,0,1,27,13,14,38,19,19,12,9,3
S01012410,795,408,387,629,336,293,166,72,94,5,3,2,18,11,7,10,4,6,9,2,7,12,3,9,7,4,3,46,22,24,38,11,27,21,12,9
S01012411,718,387,331,539,300,239,179,87,92,10,7,3,19,9,10,9,2,7,10,4,6,13,8,5,11,2,9,34,14,20,32,13,19,41,28,13
S01012412,487,261,226,364,189,175,123,72,51,3,1,2,14,7,7,13,7,6,12,9,3,12,5,7,5,3,2,21,13,8,29,17,12,14,10,4
S01012413,696,357,339,482,264,218,214,93,121,12,4,8,21,11,10,14,4,10,13,9,4,11,4,7,10,6,4,47,22,25,73,29,44,13,4,9
S01012414,522,274,248,344,187,157,178,87,91,13,9,4,24,12,12,15,9,6,5,2,3,15,8,7,10,5,5,36,15,21,48,17,31,12,10,2
S01012415,402,212,190,274,154,120,128,58,70,13,9,4,20,10,10,4,2,2,6,3,3,6,2,4,5,3,2,35,13,22,28,8,20,11,8,3
S01012416,408,210,198,281,156,125,127,54,73,5,5,0,14,3,11,9,4,5,5,1,4,6,5,1,7,2,5,30,14,16,37,14,23,14,6,8
S01012417,469,229,240,262,136,126,207,93,114,6,4,2,15,7,8,13,4,9,9,6,3,8,3,5,11,4,7,51,25,26,75,31,44,19,9,10
S01012418,610,327,283,373,214,159,237,113,124,10,6,4,23,14,9,16,8,8,12,5,7,17,8,9,9,5,4,42,21,21,73,30,43,35,16,19
S01012419,572,283,289,342,194,148,230,89,141,7,3,4,19,7,12,21,9,12,14,7,7,10,5,5,11,4,7,46,17,29,69,24,45,33,13,20
S01012420,625,299,326,382,199,183,243,100,143,11,6,5,25,13,12,17,4,13,13,7,6,17,4,13,12,7,5,40,20,20,67,21,46,41,18,23
S01012421,555,270,285,351,182,169,204,88,116,10,6,4,26,13,13,15,5,10,5,3,2,15,6,9,14,8,6,34,18,16,60,18,42,25,11,14
S01012422,645,327,318,405,217,188,240,110,130,4,2,2,27,13,14,25,10,15,13,8,5,19,10,9,11,5,6,46,22,24,70,25,45,25,15,10
S01012423,624,300,324,391,201,190,233,99,134,10,6,4,28,16,12,8,6,2,14,7,7,13,5,8,10,4,6,41,16,25,82,26,56,27,13,14
S01012424,671,312,359,423,200,223,248,112,136,10,6,4,28,17,11,31,16,15,15,10,5,10,4,6,12,5,7,49,24,25,68,21,47,25,9,16
S01012425,433,189,244,190,92,98,243,97,146,8,5,3,21,11,10,17,8,9,13,4,9,8,1,7,8,3,5,34,18,16,86,32,54,48,15,33
S01012426,343,154,189,168,75,93,175,79,96,4,2,2,24,14,10,15,9,6,9,5,4,9,6,3,3,1,2,30,11,19,55,21,34,26,10,16
S01012427,485,234,251,248,121,127,237,113,124,5,1,4,29,17,12,23,10,13,11,3,8,7,3,4,11,4,7,30,16,14,81,40,41,40,19,21
S01012428,486,223,263,292,142,150,194,81,113,3,2,1,22,13,9,8,3,5,10,6,4,9,7,2,17,5,12,40,19,21,64,18,46,21,8,13
S01012429,407,187,220,204,101,103,203,86,117,5,4,1,17,13,4,14,8,6,10,2,8,13,2,11,9,3,6,38,12,26,70,28,42,27,14,13
S01012430,414,195,219,249,116,133,165,79,86,1,1,0,21,13,8,6,1,5,13,9,4,7,4,3,6,1,5,28,15,13,57,20,37,26,15,11
S01012431,652,310,342,376,191,185,276,119,157,7,2,5,31,18,13,26,14,12,15,7,8,12,5,7,5,2,3,40,20,20,102,35,67,38,16,22
S01012432,513,240,273,252,123,129,261,117,144,7,5,2,29,15,14,28,14,14,14,5,9,15,8,7,11,6,5,38,21,17,90,31,59,29,12,17
S01012433,391,197,194,235,128,107,156,69,87,3,2,1,18,11,7,13,9,4,5,0,5,9,4,5,5,3,2,25,14,11,57,17,40,21,9,12
S01012434,512,249,263,309,154,155,203,95,108,2,1,1,21,15,6,18,9,9,13,5,8,5,0,5,7,4,3,32,17,15,73,30,43,32,14,18
S01012435,485,232,253,285,140,145,200,92,108,6,3,3,31,15,16,19,7,12,14,6,8,11,6,5,8,4,4,25,15,10,56,22,34,30,14,16
S01012436,542,257,285,299,154,145,243,103,140,3,1,2,36,16,20,23,13,10,10,5,5,10,4,6,8,5,3,42,13,29,66,28,38,45,18,27
S01012437,565,277,288,335,167,168,230,110,120,6,4,2,28,18,10,15,11,4,16,7,9,5,4,1,11,4,7,37,15,22,76,28,48,36,19,17
S01012438,506,245,261,310,162,148,196,83,113,8,5,3,29,16,13,13,8,5,11,5,6,10,4,6,13,7,6,34,12,22,51,10,41,27,16,11
S01012439,559,266,293,299,150,149,260,116,144,7,3,4,35,18,17,29,11,18,13,7,6,15,8,7,13,5,8,38,20,18,70,28,42,40,16,24
S01012440,407,202,205,267,140,127,140,62,78,7,6,1,21,14,7,11,3,8,6,2,4,2,0,2,7,4,3,28,13,15,44,16,28,14,4,10
S01012441,688,343,345,458,230,228,230,113,117,2,1,1,25,18,7,21,14,7,22,11,11,13,6,7,10,4,6,40,21,19,63,21,42,34,17,17
S01012442,749,371,378,484,250,234,265,121,144,2,0,2,38,22,16,25,13,12,11,7,4,17,4,13,15,6,9,34,13,21,84,32,52,39,24,15
S01012443,571,284,287,398,211,187,173,73,100,5,3,2,17,9,8,16,4,12,7,6,1,9,4,5,12,6,6,22,10,12,55,14,41,30,17,13
S01012444,627,319,308,329,173,156,298,146,152,7,4,3,15,8,7,25,13,12,10,2,8,11,8,3,13,6,7,44,26,18,108,51,57,65,28,37
S01012445,387,194,193,262,146,116,125,48,77,5,1,4,17,10,7,12,5,7,5,3,2,5,1,4,2,1,1,15,5,10,37,11,26,27,11,16
S01012446,370,171,199,232,110,122,138,61,77,6,2,4,17,11,6,11,5,6,3,1,2,4,2,2,6,2,4,24,9,15,50,19,31,17,10,7
S01012447,649,305,344,446,215,231,203,90,113,7,2,5,23,15,8,15,7,8,6,2,4,13,4,9,7,4,3,34,12,22,64,25,39,34,19,15
S01012448,667,320,347,440,223,217,227,97,130,6,2,4,21,9,12,15,7,8,15,8,7,19,9,10,13,7,6,44,18,26,48,12,36,46,25,21
S01012449,444,215,229,309,148,161,135,67,68,4,3,1,22,14,8,7,6,1,8,5,3,4,2,2,2,2,0,25,13,12,44,14,30,19,8,11
S01012450,654,327,327,426,232,194,228,95,133,4,0,4,40,17,23,10,4,6,15,8,7,9,7,2,9,3,6,41,24,17,55,15,40,45,17,28
S01012451,623,281,342,311,157,154,312,124,188,8,4,4,32,15,17,22,11,11,16,4,12,13,6,7,21,10,11,59,27,32,110,31,79,31,16,15
S01012452,404,185,219,256,120,136,148,65,83,3,3,0,9,2,7,10,8,2,5,2,3,5,2,3,4,1,3,36,22,14,62,19,43,14,6,8
S01012453,599,303,296,371,210,161,228,93,135,7,3,4,28,10,18,13,5,8,15,5,10,13,7,6,12,8,4,61,22,39,61,21,40,18,12,6
S01012454,474,222,252,269,127,142,205,95,110,5,2,3,31,17,14,21,13,8,7,6,1,9,4,5,6,3,3,49,23,26,52,15,37,25,12,13
S01012455,430,214,216,242,139,103,188,75,113,3,3,0,15,7,8,12,5,7,14,6,8,14,8,6,10,2,8,35,16,19,69,17,52,16,11,5
S01012456,546,263,283,297,159,138,249,104,145,4,2,2,25,15,10,25,16,9,12,5,7,18,9,9,12,5,7,52,22,30,81,19,62,20,11,9
S01012457,658,314,344,315,171,144,343,143,200,9,2,7,26,18,8,17,9,8,19,12,7,19,9,10,25,10,15,68,33,35,144,42,102,16,8,8
S01012458,566,279,287,332,172,160,234,107,127,10,8,2,21,9,12,15,5,10,8,5,3,15,9,6,10,4,6,50,23,27,70,21,49,35,23,12
S01012459,540,263,277,387,194,193,153,69,84,3,3,0,17,7,10,11,6,5,8,3,5,9,3,6,3,2,1,26,11,15,48,20,28,28,14,14
S01012460,410,190,220,233,112,121,177,78,99,3,0,3,23,13,10,18,8,10,11,7,4,5,2,3,8,3,5,34,14,20,60,22,38,15,9,6
S01012461,376,175,201,259,124,135,117,51,66,5,2,3,17,7,10,3,1,2,12,5,7,4,1,3,4,3,1,21,10,11,35,15,20,16,7,9
S01012462,556,255,301,314,147,167,242,108,134,10,7,3,32,22,10,13,7,6,14,7,7,7,0,7,7,2,5,36,15,21,77,29,48,46,19,27
S01012463,451,213,238,255,129,126,196,84,112,5,4,1,23,10,13,27,15,12,3,1,2,7,3,4,8,2,6,22,5,17,64,25,39,37,19,18
S01012464,476,226,250,290,141,149,186,85,101,9,6,3,32,15,17,16,8,8,6,2,4,10,3,7,11,7,4,23,11,12,40,13,27,39,20,19
S01012465,542,255,287,313,165,148,229,90,139,6,2,4,30,13,17,16,8,8,21,7,14,14,7,7,11,4,7,35,13,22,54,15,39,42,21,21
S01012466,582,286,296,332,170,162,250,116,134,9,5,4,32,23,9,29,13,16,11,6,5,14,6,8,11,4,7,46,19,27,59,20,39,39,20,19
S01012467,496,218,278,304,150,154,192,68,124,8,4,4,27,5,22,9,3,6,14,7,7,10,3,7,11,5,6,25,11,14,68,21,47,20,9,11
S01012468,550,277,273,349,182,167,201,95,106,8,4,4,26,14,12,14,6,8,13,9,4,5,4,1,9,5,4,33,13,20,68,28,40,25,12,13
S01012469,556,255,301,344,174,170,212,81,131,9,5,4,25,11,14,12,7,5,15,6,9,12,6,6,12,6,6,39,17,22,66,12,54,22,11,11
S01012470,683,317,366,407,197,210,276,120,156,8,6,2,25,10,15,23,13,10,10,4,6,13,7,6,14,5,9,46,19,27,92,34,58,45,22,23
S01012471,605,284,321,373,195,178,232,89,143,13,4,9,22,11,11,9,2,7,13,4,9,13,6,7,17,7,10,43,20,23,80,25,55,22,10,12
S01012472,498,231,267,281,137,144,217,94,123,5,3,2,23,14,9,17,11,6,10,3,7,10,5,5,11,5,6,48,21,27,73,19,54,20,13,7
S01012473,414,203,211,272,144,128,142,59,83,6,6,0,11,7,4,15,6,9,11,2,9,5,4,1,6,0,6,37,19,18,33,7,26,18,8,10
S01012474,534,242,292,295,143,152,239,99,140,5,3,2,25,6,19,18,7,11,23,11,12,8,4,4,7,2,5,33,16,17,84,33,51,36,17,19
S01012475,450,222,228,270,142,128,180,80,100,2,2,0,24,14,10,9,3,6,7,3,4,6,3,3,12,7,5,35,17,18,66,17,49,19,14,5
S01012476,676,302,374,405,185,220,271,117,154,6,4,2,25,16,9,26,11,15,13,8,5,15,4,11,14,4,10,47,18,29,87,32,55,38,20,18
S01012477,524,252,272,353,174,179,171,78,93,10,5,5,27,14,13,20,12,8,11,5,6,9,4,5,11,7,4,29,11,18,36,10,26,18,10,8
S01012478,607,292,315,409,200,209,198,92,106,12,5,7,19,9,10,11,7,4,12,8,4,10,5,5,8,3,5,29,16,13,61,19,42,36,20,16
S01012479,533,263,270,392,196,196,141,67,74,6,3,3,19,13,6,13,8,5,14,6,8,9,2,7,6,4,2,20,12,8,35,11,24,19,8,11
S01012480,450,244,206,284,174,110,166,70,96,4,2,2,20,6,14,16,10,6,8,4,4,8,2,6,6,3,3,27,13,14,59,22,37,18,8,10
S01012481,671,343,328,411,211,200,260,132,128,14,5,9,47,29,18,24,11,13,11,6,5,8,5,3,15,6,9,21,10,11,64,32,32,56,28,28
S01012482,561,277,284,310,161,149,251,116,135,10,7,3,36,17,19,15,10,5,15,7,8,12,5,7,12,8,4,31,14,17,82,24,58,38,24,14
S01012483,698,359,339,377,195,182,321,164,157,19,10,9,40,23,17,30,15,15,12,7,5,11,4,7,13,4,9,35,25,10,115,56,59,46,20,26
S01012484,579,279,300,348,181,167,231,98,133,11,6,5,30,11,19,12,6,6,10,2,8,11,4,7,10,6,4,37,17,20,77,28,49,33,18,15
S01012485,588,280,308,363,192,171,225,88,137,11,4,7,22,10,12,16,8,8,8,4,4,13,2,11,15,12,3,42,18,24,73,21,52,25,9,16
S01012486,368,179,189,195,92,103,173,87,86,6,4,2,12,6,6,9,5,4,7,5,2,6,2,4,10,7,3,26,11,15,79,36,43,18,11,7
S01012487,476,234,242,303,157,146,173,77,96,8,5,3,19,8,11,15,5,10,8,6,2,12,5,7,4,1,3,19,11,8,59,27,32,29,9,20
S01012488,693,345,348,435,220,215,258,125,133,12,9,3,25,13,12,21,12,9,20,10,10,12,7,5,6,1,5,38,14,24,92,44,48,32,15,17
S01012489,801,384,417,417,204,213,384,180,204,20,12,8,71,40,31,33,13,20,18,11,7,17,9,8,15,8,7,59,24,35,83,37,46,68,26,42
S01012490,779,430,349,416,215,201,363,215,148,19,16,3,49,28,21,38,22,16,16,10,6,10,6,4,13,9,4,41,28,13,119,71,48,58,25,33
S01012491,343,162,181,169,76,93,174,86,88,8,5,3,29,17,12,16,9,7,6,4,2,6,5,1,5,2,3,24,9,15,43,23,20,37,12,25
S01012492,631,333,298,252,137,115,379,196,183,15,7,8,53,30,23,39,21,18,19,9,10,6,4,2,10,5,5,50,30,20,114,62,52,73,28,45
S01012493,463,243,220,210,116,94,253,127,126,7,4,3,17,11,6,12,4,8,12,7,5,9,4,5,9,2,7,43,28,15,114,56,58,30,11,19
S01012494,720,348,372,410,203,207,310,145,165,17,9,8,66,25,41,20,13,7,19,10,9,13,7,6,8,5,3,36,16,20,80,33,47,51,27,24
S01012495,757,368,389,428,210,218,329,158,171,16,7,9,49,22,27,32,21,11,15,8,7,8,5,3,15,12,3,40,20,20,107,35,72,47,28,19
S01012496,571,270,301,321,151,170,250,119,131,13,9,4,28,16,12,14,12,2,11,5,6,9,5,4,4,1,3,31,12,19,85,33,52,55,26,29
S01012497,378,188,190,190,87,103,188,101,87,13,12,1,25,15,10,6,3,3,9,6,3,4,1,3,7,3,4,27,13,14,60,25,35,37,23,14
S01012498,592,264,328,275,129,146,317,135,182,10,4,6,40,25,15,27,11,16,14,5,9,17,8,9,13,5,8,37,14,23,82,33,49,77,30,47
S01012499,499,220,279,277,122,155,222,98,124,10,5,5,41,23,18,19,11,8,11,7,4,5,2,3,8,1,7,30,10,20,49,17,32,49,22,27
S01012500,347,167,180,183,82,101,164,85,79,9,5,4,24,18,6,10,5,5,13,11,2,12,6,6,3,2,1,24,10,14,43,20,23,26,8,18
S01012501,428,199,229,200,98,102,228,101,127,1,1,0,17,8,9,24,12,12,17,8,9,15,3,12,5,4,1,26,13,13,66,27,39,57,25,32
S01012502,574,236,338,258,108,150,316,128,188,11,6,5,46,26,20,29,8,21,24,11,13,20,7,13,7,3,4,30,10,20,66,19,47,83,38,45
S01012503,467,227,240,239,113,126,228,114,114,7,3,4,25,17,8,23,12,11,14,7,7,8,3,5,3,2,1,34,21,13,79,32,47,35,17,18
S01012504,446,192,254,240,114,126,206,78,128,7,5,2,20,9,11,13,5,8,18,8,10,10,4,6,9,3,6,37,9,28,60,22,38,32,13,19
S01012505,783,366,417,431,206,225,352,160,192,18,7,11,42,20,22,27,15,12,23,14,9,14,3,11,6,2,4,46,22,24,121,54,67,55,23,32
S01012506,360,176,184,214,113,101,146,63,83,4,2,2,15,6,9,10,7,3,12,9,3,2,1,1,4,1,3,30,12,18,52,19,33,17,6,11
S01012507,730,343,387,424,200,224,306,143,163,10,6,4,24,13,11,23,9,14,16,6,10,20,7,13,9,5,4,54,19,35,105,52,53,45,26,19
S01012508,558,265,293,369,183,186,189,82,107,6,1,5,18,10,8,17,7,10,15,7,8,11,5,6,6,3,3,23,10,13,64,26,38,29,13,16
S01012509,401,187,214,269,135,134,132,52,80,6,1,5,18,10,8,9,5,4,10,4,6,7,3,4,4,1,3,24,10,14,41,13,28,13,5,8
S01012510,659,313,346,454,226,228,205,87,118,7,2,5,17,11,6,16,11,5,11,4,7,9,4,5,9,5,4,36,14,22,68,25,43,32,11,21
S01012511,514,242,272,343,163,180,171,79,92,4,3,1,20,11,9,10,4,6,12,6,6,8,4,4,11,7,4,29,13,16,56,19,37,21,12,9
S01012512,480,227,253,285,142,143,195,85,110,15,7,8,17,13,4,20,11,9,10,2,8,8,2,6,8,3,5,31,12,19,44,20,24,42,15,27
S01012513,423,205,218,313,151,162,110,54,56,3,2,1,13,9,4,10,5,5,8,5,3,7,3,4,4,2,2,20,8,12,30,11,19,15,9,6
S01012514,719,342,377,590,288,302,129,54,75,9,2,7,22,7,15,6,4,2,8,4,4,7,1,6,4,3,1,15,7,8,30,11,19,28,15,13
S01012515,434,201,233,249,114,135,185,87,98,8,5,3,20,12,8,13,7,6,9,7,2,4,1,3,7,5,2,28,13,15,74,26,48,22,11,11
S01012516,466,204,262,270,127,143,196,77,119,9,4,5,31,15,16,15,7,8,5,2,3,14,6,8,9,2,7,34,14,20,56,20,36,23,7,16
S01012517,640,306,334,411,206,205,229,100,129,10,4,6,27,14,13,16,5,11,13,8,5,13,5,8,4,2,2,37,17,20,72,31,41,37,14,23
S01012518,428,206,222,268,137,131,160,69,91,4,2,2,18,7,11,16,9,7,7,4,3,9,5,4,2,0,2,20,6,14,60,23,37,24,13,11
S01012519,386,193,193,243,126,117,143,67,76,7,6,1,17,10,7,8,2,6,8,6,2,7,5,2,5,2,3,24,11,13,49,16,33,18,9,9
S01012520,564,279,285,364,193,171,200,86,114,6,4,2,21,12,9,14,8,6,10,5,5,16,8,8,3,3,0,39,17,22,63,20,43,28,9,19
S01012521,371,189,182,246,133,113,125,56,69,9,6,3,9,4,5,13,8,5,8,6,2,3,1,2,4,2,2,21,9,12,43,13,30,15,7,8
S01012522,651,330,321,400,215,185,251,115,136,8,6,2,24,11,13,19,11,8,14,8,6,12,7,5,13,6,7,48,22,26,85,29,56,28,15,13
S01012523,638,316,322,423,216,207,215,100,115,7,2,5,19,13,6,16,9,7,11,8,3,12,6,6,12,4,8,36,16,20,69,24,45,33,18,15
S01012524,630,292,338,383,201,182,247,91,156,8,3,5,24,12,12,19,7,12,14,9,5,6,3,3,11,3,8,40,18,22,100,23,77,25,13,12
S01012525,564,272,292,383,198,185,181,74,107,8,5,3,22,9,13,23,7,16,12,7,5,12,5,7,6,3,3,38,15,23,39,12,27,21,11,10
S01012526,574,282,292,350,186,164,224,96,128,6,2,4,24,14,10,14,3,11,13,9,4,13,7,6,12,7,5,53,21,32,71,24,47,18,9,9
S01012527,448,223,225,279,151,128,169,72,97,5,3,2,16,11,5,11,6,5,12,6,6,11,4,7,11,3,8,36,16,20,56,17,39,11,6,5
S01012528,616,296,320,404,195,209,212,101,111,9,4,5,26,14,12,15,9,6,7,3,4,9,3,6,8,2,6,27,15,12,69,28,41,42,23,19
S01012529,539,246,293,343,159,184,196,87,109,8,5,3,28,12,16,12,9,3,14,8,6,8,4,4,9,6,3,43,13,30,55,20,35,19,10,9
S01012530,608,288,320,385,200,185,223,88,135,10,4,6,22,12,10,15,8,7,21,6,15,11,4,7,9,5,4,36,14,22,74,22,52,25,13,12
S01012531,566,277,289,378,197,181,188,80,108,10,7,3,18,13,5,14,7,7,11,3,8,11,3,8,2,0,2,38,21,17,54,13,41,30,13,17
S01012532,597,286,311,383,197,186,214,89,125,7,5,2,30,14,16,20,12,8,11,6,5,4,1,3,4,1,3,38,15,23,77,25,52,23,10,13
S01012533,420,210,210,273,150,123,147,60,87,1,1,0,12,6,6,11,5,6,11,7,4,3,2,1,5,3,2,36,10,26,53,19,34,15,7,8
S01012534,421,201,220,266,134,132,155,67,88,5,2,3,15,5,10,8,2,6,9,5,4,4,3,1,8,5,3,22,10,12,59,21,38,25,14,11
S01012535,626,301,325,400,207,193,226,94,132,8,1,7,31,16,15,14,7,7,12,4,8,8,2,6,4,3,1,33,13,20,83,32,51,33,16,17
S01012536,576,271,305,358,175,183,218,96,122,8,5,3,23,12,11,22,10,12,10,5,5,4,1,3,6,1,5,30,13,17,66,26,40,49,23,26
S01012537,620,305,315,329,171,158,291,134,157,13,9,4,46,25,21,23,13,10,18,9,9,16,9,7,4,1,3,37,21,16,98,31,67,36,16,20
S01012538,791,366,425,466,223,243,325,143,182,14,9,5,35,16,19,25,11,14,9,6,3,13,3,10,7,1,6,67,34,33,104,43,61,51,20,31
S01012539,523,268,255,340,188,152,183,80,103,6,3,3,15,11,4,13,5,8,11,5,6,5,5,0,11,4,7,34,16,18,67,20,47,21,11,10
S01012540,528,251,277,286,145,141,242,106,136,14,10,4,26,18,8,17,10,7,12,2,10,9,4,5,12,5,7,26,10,16,88,28,60,38,19,19
S01012541,808,404,404,557,278,279,251,126,125,9,7,2,30,13,17,15,10,5,17,6,11,12,4,8,10,5,5,43,18,25,77,39,38,38,24,14
S01012542,702,343,359,390,199,191,312,144,168,12,8,4,37,24,13,13,7,6,8,6,2,11,7,4,18,7,11,48,25,23,81,19,62,84,41,43
S01012543,522,246,276,352,179,173,170,67,103,11,3,8,29,12,17,18,6,12,11,5,6,6,1,5,10,5,5,13,7,6,55,18,37,17,10,7
S01012544,581,278,303,373,179,194,208,99,109,6,5,1,17,13,4,12,9,3,16,6,10,9,4,5,9,5,4,42,20,22,77,26,51,20,11,9
S01012545,335,154,181,213,102,111,122,52,70,4,2,2,14,5,9,7,5,2,6,5,1,7,3,4,7,1,6,17,8,9,46,16,30,14,7,7
S01012546,602,282,320,375,192,183,227,90,137,8,5,3,33,11,22,20,8,12,11,3,8,12,4,8,11,3,8,34,13,21,68,24,44,30,19,11
S01012547,565,282,283,301,168,133,264,114,150,4,1,3,29,15,14,22,15,7,22,11,11,13,4,9,15,8,7,48,22,26,79,25,54,32,13,19
S01012548,630,294,336,371,195,176,259,99,160,4,2,2,31,13,18,11,6,5,15,4,11,18,8,10,13,5,8,42,18,24,105,34,71,20,9,11
S01012549,399,183,216,243,116,127,156,67,89,2,2,0,23,11,12,12,5,7,12,6,6,9,3,6,5,2,3,25,12,13,43,16,27,25,10,15
S01012550,621,291,330,377,186,191,244,105,139,6,3,3,29,20,9,15,8,7,14,4,10,8,2,6,11,2,9,38,15,23,82,32,50,41,19,22
S01012551,624,301,323,452,236,216,172,65,107,5,2,3,22,11,11,17,8,9,14,6,8,6,2,4,7,3,4,29,12,17,59,18,41,13,3,10
S01012552,706,344,362,460,242,218,246,102,144,10,3,7,27,15,12,16,7,9,14,5,9,11,8,3,14,5,9,38,18,20,89,27,62,27,14,13
S01012553,623,304,319,464,235,229,159,69,90,10,2,8,28,16,12,12,5,7,11,6,5,8,3,5,7,1,6,24,6,18,34,14,20,25,16,9
S01012554,357,166,191,234,109,125,123,57,66,8,3,5,16,9,7,15,8,7,8,6,2,6,3,3,7,4,3,20,9,11,29,6,23,14,9,5
S01012555,416,212,204,277,143,134,139,69,70,5,2,3,22,10,12,18,13,5,11,6,5,10,4,6,4,2,2,18,10,8,36,13,23,15,9,6
S01012556,437,210,227,280,138,142,157,72,85,6,3,3,22,11,11,15,6,9,13,5,8,4,3,1,13,8,5,26,9,17,30,10,20,28,17,11
S01012557,447,222,225,262,138,124,185,84,101,11,3,8,29,19,10,9,4,5,19,13,6,7,3,4,7,2,5,21,11,10,60,15,45,22,14,8
S01012558,454,231,223,277,147,130,177,84,93,9,3,6,21,11,10,13,8,5,13,7,6,8,1,7,5,3,2,30,17,13,53,20,33,25,14,11
S01012559,538,258,280,292,149,143,246,109,137,8,4,4,30,17,13,20,8,12,19,11,8,11,3,8,10,6,4,46,19,27,77,29,48,25,12,13
S01012560,392,170,222,214,96,118,178,74,104,0,0,0,7,5,2,13,6,7,12,5,7,8,3,5,12,5,7,28,11,17,83,33,50,15,6,9
S01012561,549,250,299,317,155,162,232,95,137,3,2,1,27,14,13,23,13,10,12,4,8,8,4,4,8,2,6,37,12,25,74,26,48,40,18,22
S01012562,568,283,285,336,175,161,232,108,124,10,7,3,30,19,11,21,8,13,13,7,6,12,5,7,9,1,8,41,17,24,68,32,36,28,12,16
S01012563,475,231,244,247,136,111,228,95,133,10,6,4,22,9,13,15,8,7,13,6,7,10,5,5,18,10,8,45,15,30,72,22,50,23,14,9
S01012564,608,279,329,354,181,173,254,98,156,9,3,6,33,14,19,16,8,8,16,5,11,17,10,7,9,8,1,45,20,25,86,20,66,23,10,13
S01012565,538,247,291,320,167,153,218,80,138,5,2,3,23,9,14,18,10,8,7,4,3,11,5,6,16,4,12,31,18,13,89,19,70,18,9,9
S01012566,544,252,292,349,175,174,195,77,118,6,2,4,15,8,7,14,6,8,21,10,11,6,2,4,14,8,6,29,16,13,68,17,51,22,8,14
S01012567,792,392,400,471,244,227,321,148,173,13,7,6,49,25,24,27,16,11,18,13,5,13,5,8,13,5,8,61,31,30,87,24,63,40,22,18
S01012568,436,213,223,233,121,112,203,92,111,4,1,3,29,16,13,12,9,3,8,3,5,16,8,8,10,3,7,30,13,17,68,23,45,26,16,10
S01012569,559,267,292,323,175,148,236,92,144,4,1,3,25,15,10,21,13,8,10,4,6,8,3,5,7,3,4,45,19,26,83,21,62,33,13,20
S01012570,367,187,180,240,136,104,127,51,76,3,2,1,12,4,8,8,1,7,12,7,5,4,0,4,6,3,3,19,9,10,41,14,27,22,11,11
S01012571,624,324,300,403,223,180,221,101,120,3,1,2,37,18,19,20,7,13,12,6,6,7,2,5,8,1,7,46,22,24,64,31,33,24,13,11
S01012572,408,208,200,264,152,112,144,56,88,8,5,3,25,15,10,9,3,6,8,4,4,7,0,7,4,0,4,20,6,14,39,12,27,24,11,13
S01012573,633,318,315,442,244,198,191,74,117,6,0,6,17,10,7,16,7,9,10,3,7,10,4,6,11,3,8,32,12,20,60,19,41,29,16,13
S01012574,654,310,344,449,232,217,205,78,127,5,1,4,26,13,13,9,6,3,8,1,7,13,7,6,11,3,8,45,15,30,64,20,44,24,12,12
S01012575,474,228,246,330,168,162,144,60,84,6,4,2,24,11,13,9,3,6,5,4,1,5,1,4,10,2,8,26,12,14,42,15,27,17,8,9
S01012576,545,248,297,383,195,188,162,53,109,5,2,3,18,11,7,18,6,12,12,3,9,10,2,8,10,3,7,28,9,19,55,17,38,6,0,6
S01012577,569,284,285,404,217,187,165,67,98,1,1,0,25,11,14,10,3,7,9,3,6,12,6,6,9,4,5,26,9,17,55,21,34,18,9,9
S01012578,661,319,342,411,209,202,250,110,140,8,4,4,24,11,13,22,8,14,11,5,6,14,10,4,8,3,5,47,21,26,85,30,55,31,18,13
S01012579,522,254,268,342,183,159,180,71,109,6,2,4,19,7,12,17,9,8,5,2,3,14,9,5,15,2,13,28,12,16,49,17,32,27,11,16
S01012580,588,291,297,418,228,190,170,63,107,5,0,5,18,8,10,16,11,5,9,4,5,8,3,5,7,5,2,38,14,24,42,7,35,27,11,16
S01012581,521,257,264,321,165,156,200,92,108,4,2,2,27,19,8,24,10,14,9,3,6,6,2,4,7,2,5,29,13,16,53,20,33,41,21,20
S01012582,690,346,344,494,251,243,196,95,101,9,5,4,30,15,15,19,11,8,10,5,5,8,5,3,6,2,4,31,17,14,54,19,35,29,16,13
S01012583,525,272,253,348,183,165,177,89,88,5,3,2,27,15,12,15,9,6,11,4,7,6,2,4,6,3,3,29,16,13,51,23,28,27,14,13
S01012584,555,263,292,368,177,191,187,86,101,5,5,0,28,17,11,12,6,6,12,5,7,5,3,2,10,6,4,36,13,23,55,19,36,24,12,12
S01012585,610,308,302,390,221,169,220,87,133,14,8,6,28,15,13,24,4,20,8,1,7,7,2,5,6,4,2,32,14,18,62,21,41,39,18,21
S01012586,751,445,306,458,249,209,293,196,97,9,4,5,18,8,10,13,8,5,6,3,3,6,1,5,8,5,3,38,26,12,117,77,40,78,64,14
S01012587,655,325,330,461,245,216,194,80,114,12,7,5,16,9,7,15,5,10,13,5,8,11,3,8,5,2,3,35,14,21,57,20,37,30,15,15
S01012588,493,239,254,338,179,159,155,60,95,7,4,3,19,7,12,15,7,8,10,2,8,7,6,1,6,3,3,17,8,9,52,13,39,22,10,12
S01012589,510,240,270,337,171,166,173,69,104,5,1,4,16,9,7,18,7,11,4,3,1,7,5,2,6,3,3,29,10,19,60,18,42,28,13,15
S01012590,592,295,297,342,194,148,250,101,149,12,5,7,40,17,23,20,8,12,12,5,7,10,4,6,13,8,5,31,8,23,73,29,44,39,17,22
S01012591,577,289,288,273,150,123,304,139,165,10,3,7,14,10,4,24,14,10,25,15,10,11,5,6,10,5,5,48,23,25,116,49,67,46,15,31
S01012592,431,227,204,298,165,133,133,62,71,8,4,4,11,5,6,15,8,7,12,7,5,9,5,4,3,2,1,19,8,11,38,11,27,18,12,6
S01012593,647,322,325,471,245,226,176,77,99,5,3,2,23,10,13,14,7,7,15,6,9,9,6,3,5,1,4,23,6,17,51,16,35,31,22,9
S01012594,361,169,192,212,105,107,149,64,85,5,4,1,19,9,10,8,4,4,8,3,5,7,5,2,7,2,5,26,13,13,44,12,32,25,12,13
S01012595,492,236,256,297,154,143,195,82,113,6,2,4,22,12,10,11,7,4,10,4,6,4,2,2,9,6,3,43,17,26,66,22,44,24,10,14
S01012596,566,271,295,336,171,165,230,100,130,9,5,4,33,19,14,11,6,5,10,2,8,9,3,6,11,3,8,32,17,15,68,24,44,47,21,26
S01012597,334,160,174,250,126,124,84,34,50,2,1,1,16,8,8,6,3,3,8,5,3,3,0,3,4,1,3,10,1,9,19,8,11,16,7,9
S01012598,530,265,265,388,202,186,142,63,79,5,1,4,19,10,9,11,9,2,13,6,7,9,5,4,5,2,3,24,9,15,38,13,25,18,8,10
S01012599,494,246,248,317,173,144,177,73,104,1,1,0,17,9,8,16,7,9,15,7,8,13,7,6,7,4,3,24,11,13,59,15,44,25,12,13
S01012600,571,283,288,398,206,192,173,77,96,5,2,3,29,14,15,18,9,9,16,10,6,1,1,0,5,1,4,28,12,16,47,15,32,24,13,11
S01012601,691,339,352,520,269,251,171,70,101,5,3,2,15,8,7,13,4,9,15,7,8,16,8,8,7,2,5,29,10,19,45,14,31,26,14,12
S01012602,434,200,234,244,125,119,190,75,115,8,2,6,18,9,9,13,6,7,10,5,5,6,3,3,8,1,7,23,9,14,66,25,41,38,15,23
S01012603,531,267,264,300,153,147,231,114,117,5,3,2,36,21,15,17,10,7,17,9,8,16,6,10,9,5,4,20,8,12,79,37,42,32,15,17
S01012604,514,239,275,296,154,142,218,85,133,7,3,4,32,18,14,16,9,7,11,5,6,8,3,5,4,2,2,37,17,20,68,15,53,35,13,22
S01012605,386,173,213,211,99,112,175,74,101,8,4,4,18,10,8,20,9,11,7,5,2,12,8,4,7,5,2,33,10,23,46,15,31,24,8,16
S01012606,547,271,276,485,253,232,62,18,44,6,2,4,6,3,3,6,3,3,6,2,4,2,0,2,1,0,1,10,2,8,9,2,7,16,4,12
S01012607,596,296,300,386,206,180,210,90,120,9,4,5,26,13,13,23,10,13,10,6,4,5,3,2,7,4,3,21,11,10,71,21,50,38,18,20
S01012608,613,295,318,390,192,198,223,103,120,7,2,5,22,18,4,16,9,7,11,4,7,6,3,3,6,2,4,29,14,15,90,35,55,36,16,20
S01012609,614,275,339,360,175,185,254,100,154,8,2,6,28,18,10,16,8,8,13,6,7,14,2,12,6,3,3,45,21,24,81,21,60,43,19,24
S01012610,691,330,361,385,192,193,306,138,168,9,7,2,31,14,17,26,10,16,18,6,12,13,4,9,15,9,6,39,19,20,79,33,46,76,36,40
S01012611,659,323,336,405,211,194,254,112,142,6,2,4,40,18,22,24,13,11,15,7,8,9,3,6,11,4,7,30,13,17,84,34,50,35,18,17
S01012612,569,276,293,296,163,133,273,113,160,8,3,5,23,9,14,25,17,8,15,8,7,8,5,3,13,5,8,34,15,19,91,29,62,56,22,34
S01012613,521,256,265,322,168,154,199,88,111,7,6,1,31,16,15,16,6,10,14,9,5,6,2,4,3,1,2,31,15,16,61,18,43,30,15,15
S01012614,799,393,406,494,248,246,305,145,160,13,10,3,29,15,14,14,7,7,23,10,13,16,7,9,13,5,8,61,26,35,89,40,49,47,25,22
S01012615,515,252,263,333,178,155,182,74,108,2,0,2,20,9,11,17,7,10,18,7,11,2,0,2,8,3,5,25,13,12,53,16,37,37,19,18
S01012616,688,336,352,452,243,209,236,93,143,7,5,2,28,12,16,23,9,14,15,4,11,10,5,5,13,2,11,30,11,19,72,23,49,38,22,16
S01012617,305,148,157,227,116,111,78,32,46,4,1,3,6,5,1,4,1,3,4,3,1,5,1,4,1,0,1,19,6,13,17,5,12,18,10,8
S01012618,420,207,213,292,158,134,128,49,79,5,3,2,12,8,4,15,8,7,5,2,3,7,2,5,2,1,1,16,3,13,35,8,27,31,14,17
S01012619,407,200,207,225,110,115,182,90,92,4,1,3,18,14,4,17,8,9,8,4,4,7,4,3,10,4,6,24,12,12,56,23,33,38,20,18
S01012620,566,276,290,369,191,178,197,85,112,3,2,1,25,10,15,13,7,6,8,6,2,13,5,8,10,3,7,44,22,22,58,22,36,23,8,15
S01012621,437,216,221,257,126,131,180,90,90,4,3,1,17,7,10,7,4,3,10,5,5,3,0,3,8,6,2,36,19,17,62,22,40,33,24,9
S01012622,540,263,277,345,176,169,195,87,108,6,5,1,27,11,16,11,9,2,15,5,10,13,7,6,10,5,5,31,10,21,52,20,32,30,15,15
S01012623,506,246,260,301,155,146,205,91,114,5,4,1,22,10,12,22,9,13,8,6,2,12,6,6,10,3,7,30,18,12,69,24,45,27,11,16
S01012624,522,245,277,331,170,161,191,75,116,3,3,0,25,12,13,21,11,10,8,3,5,17,6,11,5,3,2,27,7,20,51,16,35,34,14,20
S01012625,401,188,213,259,116,143,142,72,70,7,4,3,22,11,11,8,3,5,6,5,1,3,2,1,5,1,4,15,8,7,47,18,29,29,20,9
S01012626,374,179,195,249,126,123,125,53,72,7,4,3,13,7,6,6,1,5,6,4,2,4,1,3,6,3,3,26,13,13,37,12,25,20,8,12
S01012627,412,202,210,238,120,118,174,82,92,5,4,1,24,16,8,21,13,8,7,4,3,5,3,2,9,1,8,29,15,14,40,13,27,34,13,21
S01012628,670,322,348,480,255,225,190,67,123,7,2,5,27,9,18,7,2,5,13,6,7,15,5,10,10,2,8,30,12,18,48,11,37,33,18,15
S01012629,351,172,179,250,124,126,101,48,53,7,5,2,11,7,4,6,3,3,9,2,7,3,2,1,6,1,5,19,10,9,21,5,16,19,13,6
S01012630,614,315,299,354,200,154,260,115,145,12,9,3,27,13,14,13,6,7,12,9,3,9,5,4,10,6,4,48,22,26,91,28,63,38,17,21
S01012631,681,328,353,426,207,219,255,121,134,14,7,7,30,17,13,21,8,13,18,12,6,12,5,7,10,3,7,35,16,19,67,30,37,48,23,25
S01012632,551,284,267,375,208,167,176,76,100,3,3,0,26,16,10,8,6,2,10,3,7,10,3,7,4,0,4,31,8,23,58,24,34,26,13,13
S01012633,527,262,265,336,177,159,191,85,106,6,5,1,27,13,14,15,7,8,11,4,7,7,3,4,9,2,7,35,20,15,57,23,34,24,8,16
S01012634,526,267,259,299,148,151,227,119,108,5,3,2,23,12,11,17,11,6,17,8,9,7,2,5,10,6,4,32,17,15,86,41,45,30,19,11
S01012635,824,399,425,537,282,255,287,117,170,7,4,3,38,15,23,20,11,9,16,9,7,20,8,12,14,3,11,59,26,33,77,25,52,36,16,20
S01012636,466,222,244,346,178,168,120,44,76,5,3,2,14,8,6,12,6,6,10,2,8,5,3,2,5,1,4,22,8,14,28,8,20,19,5,14
S01012637,612,291,321,339,176,163,273,115,158,10,8,2,21,12,9,17,9,8,18,7,11,15,6,9,7,3,4,46,18,28,82,32,50,57,20,37
S01012638,630,293,337,373,189,184,257,104,153,8,3,5,28,12,16,20,14,6,19,10,9,10,5,5,6,2,4,47,21,26,86,26,60,33,11,22
S01012639,620,309,311,385,205,180,235,104,131,4,0,4,29,22,7,18,8,10,9,4,5,6,2,4,7,3,4,45,18,27,81,29,52,36,18,18
S01012640,703,346,357,331,178,153,372,168,204,11,7,4,43,32,11,28,13,15,24,11,13,16,8,8,17,9,8,60,27,33,110,42,68,63,19,44
S01012641,678,324,354,398,204,194,280,120,160,10,4,6,32,18,14,22,17,5,9,7,2,9,5,4,11,4,7,49,22,27,99,25,74,39,18,21
S01012642,601,267,334,294,141,153,307,126,181,12,3,9,27,12,15,29,14,15,24,16,8,12,5,7,12,6,6,39,17,22,87,25,62,65,28,37
S01012643,339,159,180,203,103,100,136,56,80,10,5,5,8,5,3,12,7,5,8,3,5,5,3,2,4,3,1,24,7,17,42,14,28,23,9,14
S01012644,477,218,259,291,139,152,186,79,107,7,3,4,22,16,6,11,1,10,7,4,3,7,4,3,7,1,6,29,12,17,52,19,33,44,19,25
S01012645,576,291,285,380,205,175,196,86,110,10,6,4,17,12,5,16,7,9,17,7,10,7,3,4,7,4,3,35,14,21,56,21,35,31,12,19
S01012646,706,346,360,497,260,237,209,86,123,4,2,2,21,12,9,15,6,9,9,6,3,20,8,12,8,5,3,48,13,35,53,17,36,31,17,14
S01012647,525,260,265,422,226,196,103,34,69,6,2,4,21,12,9,10,4,6,5,1,4,6,3,3,7,0,7,16,2,14,17,4,13,15,6,9
S01012648,411,195,216,231,116,115,180,79,101,5,4,1,17,12,5,13,8,5,9,4,5,8,2,6,3,1,2,29,12,17,58,18,40,38,18,20
S01012649,505,241,264,306,156,150,199,85,114,12,10,2,12,6,6,11,7,4,7,4,3,11,1,10,4,2,2,20,8,12,61,21,40,61,26,35
S01012650,466,238,228,303,165,138,163,73,90,4,4,0,21,12,9,14,8,6,9,6,3,6,2,4,6,2,4,32,14,18,51,14,37,20,11,9
S01012651,472,220,252,262,112,150,210,108,102,7,5,2,19,12,7,14,8,6,13,8,5,4,1,3,7,3,4,34,20,14,83,34,49,29,17,12
S01012652,828,413,415,577,313,264,251,100,151,7,5,2,34,15,19,16,7,9,18,10,8,11,6,5,9,4,5,43,16,27,82,22,60,31,15,16
S01012653,671,333,338,407,209,198,264,124,140,11,9,2,27,10,17,21,14,7,9,4,5,13,6,7,14,4,10,27,12,15,71,28,43,71,37,34
S01012654,576,280,296,404,205,199,172,75,97,6,4,2,20,7,13,20,11,9,8,6,2,8,5,3,6,1,5,32,12,20,49,15,34,23,14,9
S01012655,816,399,417,493,257,236,323,142,181,9,4,5,21,9,12,31,20,11,9,6,3,14,7,7,13,6,7,36,18,18,124,44,80,66,28,38
S01012656,595,269,326,346,164,182,249,105,144,8,3,5,30,21,9,18,10,8,15,6,9,6,2,4,9,1,8,32,13,19,101,41,60,30,8,22
S01012657,395,182,213,235,119,116,160,63,97,3,0,3,15,7,8,8,5,3,3,1,2,8,3,5,5,2,3,22,10,12,68,23,45,28,12,16
S01012658,747,345,402,485,245,240,262,100,162,4,2,2,30,13,17,22,11,11,12,3,9,10,5,5,11,3,8,38,15,23,106,34,72,29,14,15
S01012659,746,355,391,590,290,300,156,65,91,12,8,4,13,10,3,13,5,8,10,5,5,7,3,4,6,2,4,24,8,16,38,8,30,33,16,17
S01012660,532,252,280,329,162,167,203,90,113,10,5,5,21,10,11,17,14,3,8,6,2,12,4,8,9,6,3,27,9,18,76,24,52,23,12,11
S01012661,582,276,306,407,208,199,175,68,107,8,5,3,23,12,11,17,6,11,12,6,6,8,3,5,5,0,5,23,9,14,57,16,41,22,11,11
S01012662,567,259,308,312,152,160,255,107,148,12,8,4,34,23,11,11,5,6,10,5,5,14,6,8,10,5,5,40,17,23,93,27,66,31,11,20
S01012663,545,259,286,335,163,172,210,96,114,6,5,1,22,12,10,16,7,9,17,11,6,13,7,6,6,5,1,28,12,16,78,22,56,24,15,9
S01012664,691,355,336,474,252,222,217,103,114,7,2,5,32,22,10,9,6,3,18,14,4,8,2,6,3,1,2,44,17,27,70,23,47,26,16,10
S01012665,521,234,287,262,133,129,259,101,158,9,5,4,34,20,14,13,7,6,15,7,8,10,3,7,4,0,4,40,16,24,97,33,64,37,10,27
S01012666,497,206,291,253,118,135,244,88,156,10,5,5,20,8,12,21,9,12,10,4,6,10,4,6,6,3,3,45,16,29,99,28,71,23,11,12
S01012667,445,223,222,222,107,115,223,116,107,4,2,2,27,21,6,11,4,7,18,12,6,13,8,5,9,6,3,31,16,15,68,30,38,42,17,25
S01012668,547,248,299,315,155,160,232,93,139,6,4,2,32,15,17,19,8,11,10,7,3,8,3,5,7,2,5,32,10,22,73,27,46,45,17,28
S01012669,569,266,303,364,181,183,205,85,120,7,5,2,25,12,13,22,11,11,10,6,4,9,2,7,10,3,7,28,13,15,72,23,49,22,10,12
S01012670,545,266,279,342,171,171,203,95,108,3,0,3,17,8,9,11,7,4,14,7,7,11,4,7,14,8,6,41,18,23,64,27,37,28,16,12
S01012671,685,335,350,438,224,214,247,111,136,6,3,3,20,10,10,17,8,9,11,7,4,8,3,5,4,3,1,33,13,20,97,38,59,51,26,25
S01012672,547,267,280,247,128,119,300,139,161,7,5,2,32,19,13,19,11,8,13,6,7,21,7,14,3,0,3,58,31,27,112,38,74,35,22,13
S01012673,456,197,259,248,115,133,208,82,126,7,6,1,17,9,8,23,9,14,12,3,9,12,3,9,2,1,1,27,8,19,77,30,47,31,13,18
S01012674,414,199,215,190,91,99,224,108,116,11,8,3,18,16,2,18,11,7,11,8,3,5,2,3,10,6,4,25,9,16,72,23,49,54,25,29
S01012675,604,295,309,330,172,158,274,123,151,5,5,0,29,12,17,18,12,6,19,12,7,10,2,8,15,5,10,29,13,16,107,41,66,42,21,21
S01012676,595,287,308,395,202,193,200,85,115,5,4,1,26,19,7,25,11,14,13,7,6,7,2,5,7,3,4,25,10,15,55,17,38,37,12,25
S01012677,439,209,230,243,120,123,196,89,107,2,1,1,21,12,9,21,16,5,13,10,3,9,2,7,7,1,6,22,13,9,64,19,45,37,15,22
S01012678,553,262,291,416,193,223,137,69,68,9,3,6,15,12,3,14,5,9,6,5,1,8,4,4,8,1,7,10,5,5,39,15,24,28,19,9
S01012679,594,299,295,370,196,174,224,103,121,4,2,2,18,8,10,27,18,9,10,4,6,9,4,5,10,5,5,40,20,20,84,26,58,22,16,6
S01012680,406,200,206,309,159,150,97,41,56,1,0,1,9,3,6,10,6,4,5,2,3,7,1,6,1,1,0,15,8,7,33,9,24,16,11,5
S01012681,518,240,278,329,160,169,189,80,109,6,4,2,20,13,7,20,12,8,6,4,2,12,2,10,10,5,5,30,14,16,53,16,37,32,10,22
S01012682,520,249,271,337,167,170,183,82,101,6,2,4,23,16,7,13,8,5,10,7,3,12,6,6,6,2,4,26,17,9,69,16,53,18,8,10
S01012683,568,269,299,356,182,174,212,87,125,6,1,5,40,22,18,18,11,7,18,5,13,11,2,9,14,2,12,24,9,15,48,22,26,33,13,20
S01012684,406,201,205,270,134,136,136,67,69,4,3,1,11,5,6,11,6,5,7,3,4,4,2,2,4,2,2,21,8,13,54,26,28,20,12,8
S01012685,579,281,298,371,187,184,208,94,114,9,4,5,22,15,7,21,13,8,9,4,5,11,3,8,7,1,6,36,15,21,63,26,37,30,13,17
S01012686,711,362,349,497,275,222,214,87,127,12,7,5,21,14,7,19,9,10,15,6,9,9,4,5,9,4,5,34,16,18,65,13,52,30,14,16
S01012687,384,177,207,211,104,107,173,73,100,6,2,4,15,7,8,10,5,5,13,5,8,6,3,3,7,4,3,51,25,26,57,18,39,8,4,4
S01012688,591,289,302,374,201,173,217,88,129,14,8,6,17,11,6,27,11,16,15,5,10,6,2,4,2,2,0,35,7,28,71,27,44,30,15,15
S01012689,358,170,188,233,119,114,125,51,74,7,4,3,16,9,7,7,3,4,4,2,2,8,4,4,8,3,5,14,8,6,47,10,37,14,8,6
S01012690,391,193,198,261,141,120,130,52,78,3,2,1,19,10,9,5,3,2,8,4,4,4,2,2,2,2,0,21,11,10,49,10,39,19,8,11
S01012691,548,260,288,360,184,176,188,76,112,9,5,4,29,18,11,5,2,3,6,3,3,11,4,7,7,1,6,33,10,23,55,20,35,33,13,20
S01012692,557,263,294,339,167,172,218,96,122,6,1,5,27,15,12,22,7,15,15,6,9,7,5,2,7,3,4,27,14,13,68,23,45,39,22,17
S01012693,662,323,339,473,246,227,189,77,112,5,1,4,27,14,13,14,7,7,5,4,1,10,2,8,12,5,7,22,12,10,59,18,41,35,14,21
S01012694,328,152,176,228,112,116,100,40,60,5,2,3,6,4,2,9,3,6,6,3,3,7,3,4,2,1,1,19,7,12,39,14,25,7,3,4
S01012695,612,311,301,412,228,184,200,83,117,15,7,8,11,8,3,14,9,5,11,4,7,18,5,13,6,2,4,35,13,22,61,23,38,29,12,17
S01012696,702,428,274,415,231,184,287,197,90,11,9,2,62,43,19,12,6,6,9,8,1,12,7,5,3,3,0,31,20,11,53,28,25,94,73,21
S01012697,380,187,193,265,141,124,115,46,69,3,3,0,9,6,3,5,1,4,8,4,4,8,1,7,5,2,3,12,6,6,43,16,27,22,7,15
S01012698,590,298,292,397,206,191,193,92,101,8,4,4,25,17,8,13,5,8,5,3,2,13,6,7,9,0,9,39,24,15,59,18,41,22,15,7
S01012699,786,363,423,548,274,274,238,89,149,6,3,3,34,15,19,19,9,10,15,6,9,8,3,5,7,4,3,35,14,21,76,22,54,38,13,25
S01012700,614,303,311,403,207,196,211,96,115,12,10,2,22,10,12,14,5,9,10,5,5,10,7,3,1,1,0,34,14,20,75,26,49,33,18,15
S01012701,431,212,219,264,139,125,167,73,94,6,3,3,15,8,7,12,11,1,3,1,2,8,6,2,9,2,7,24,9,15,70,22,48,20,11,9
S01012702,451,212,239,315,159,156,136,53,83,5,3,2,20,10,10,8,4,4,9,5,4,3,1,2,4,1,3,20,7,13,55,20,35,12,2,10
S01012703,456,223,233,361,178,183,95,45,50,1,0,1,15,13,2,7,4,3,5,2,3,3,2,1,1,1,0,10,2,8,28,9,19,25,12,13
S01012704,563,266,297,338,166,172,225,100,125,5,2,3,27,16,11,17,8,9,8,3,5,4,2,2,6,3,3,37,16,21,81,30,51,40,20,20
S01012705,574,266,308,458,224,234,116,42,74,5,3,2,14,4,10,9,4,5,1,0,1,8,4,4,5,2,3,13,5,8,28,5,23,33,15,18
S01012706,516,271,245,308,166,142,208,105,103,4,4,0,25,15,10,16,8,8,16,11,5,5,4,1,3,1,2,36,18,18,66,23,43,37,21,16
S01012707,699,349,350,514,259,255,185,90,95,9,5,4,18,12,6,11,6,5,17,10,7,12,3,9,12,5,7,27,16,11,52,17,35,27,16,11
S01012708,548,259,289,299,148,151,249,111,138,11,5,6,17,11,6,21,10,11,19,9,10,12,7,5,10,6,4,22,9,13,100,38,62,37,16,21
S01012709,379,170,209,217,98,119,162,72,90,4,3,1,15,7,8,14,8,6,10,5,5,12,6,6,9,4,5,23,10,13,61,25,36,14,4,10
S01012710,534,271,263,336,175,161,198,96,102,8,5,3,15,12,3,15,7,8,6,1,5,8,2,6,9,6,3,29,13,16,83,40,43,25,10,15
S01012711,626,324,302,332,158,174,294,166,128,4,3,1,30,21,9,19,14,5,14,8,6,19,14,5,13,7,6,47,31,16,103,45,58,45,23,22
S01012712,613,296,317,367,191,176,246,105,141,9,6,3,28,13,15,15,6,9,14,8,6,10,4,6,15,5,10,39,19,20,82,28,54,34,16,18
S01012713,526,248,278,327,167,160,199,81,118,7,5,2,18,12,6,12,4,8,15,8,7,9,3,6,7,1,6,35,15,20,74,24,50,22,9,13
S01012714,441,220,221,267,138,129,174,82,92,4,3,1,15,9,6,8,3,5,15,10,5,14,9,5,6,2,4,36,19,17,66,21,45,10,6,4
S01012715,556,274,282,333,171,162,223,103,120,8,4,4,30,17,13,12,6,6,15,11,4,13,8,5,9,1,8,29,10,19,82,32,50,25,14,11
S01012716,611,288,323,371,198,173,240,90,150,8,2,6,23,11,12,20,7,13,14,5,9,5,2,3,4,2,2,52,18,34,95,37,58,19,6,13
S01012717,725,359,366,433,221,212,292,138,154,14,6,8,36,19,17,18,8,10,21,9,12,8,5,3,17,13,4,43,19,24,102,40,62,33,19,14
S01012718,726,363,363,469,255,214,257,108,149,6,4,2,36,16,20,18,12,6,17,9,8,13,6,7,7,2,5,32,13,19,89,30,59,39,16,23
S01012719,644,333,311,407,224,183,237,109,128,9,5,4,32,19,13,19,12,7,23,9,14,14,6,8,8,3,5,26,11,15,78,33,45,28,11,17
S01012720,447,251,196,318,170,148,129,81,48,1,1,0,34,21,13,12,9,3,9,7,2,3,1,2,3,3,0,11,8,3,30,16,14,26,15,11
S01012721,472,225,247,306,160,146,166,65,101,5,3,2,13,7,6,11,6,5,12,7,5,5,2,3,8,3,5,25,5,20,69,22,47,18,10,8
S01012722,576,286,290,275,136,139,301,150,151,10,8,2,28,16,12,12,7,5,15,6,9,20,13,7,7,2,5,30,19,11,136,57,79,43,22,21
S01012723,510,257,253,290,138,152,220,119,101,5,3,2,30,19,11,19,14,5,12,7,5,8,4,4,9,6,3,28,13,15,71,35,36,38,18,20
S01012724,551,277,274,359,192,167,192,85,107,7,4,3,23,15,8,3,3,0,15,4,11,8,3,5,6,4,2,38,16,22,72,23,49,20,13,7
S01012725,698,358,340,473,256,217,225,102,123,6,1,5,35,19,16,16,6,10,14,10,4,7,2,5,4,2,2,35,22,13,73,21,52,35,19,16
S01012726,431,201,230,249,126,123,182,75,107,4,2,2,25,15,10,12,6,6,12,5,7,6,2,4,12,5,7,24,10,14,64,19,45,23,11,12
S01012727,528,243,285,272,135,137,256,108,148,8,4,4,26,15,11,16,10,6,11,5,6,8,1,7,6,5,1,27,14,13,97,29,68,57,25,32
S01012728,556,249,307,285,140,145,271,109,162,5,2,3,37,20,17,21,5,16,23,7,16,8,7,1,10,1,9,34,14,20,85,33,52,48,20,28
S01012729,638,297,341,433,208,225,205,89,116,7,2,5,19,9,10,12,7,5,12,10,2,5,1,4,15,7,8,37,19,18,62,16,46,36,18,18
S01012730,428,199,229,256,122,134,172,77,95,6,3,3,26,11,15,14,8,6,13,8,5,6,0,6,14,6,8,15,5,10,56,26,30,22,10,12
S01012731,571,272,299,348,181,167,223,91,132,12,6,6,17,9,8,9,6,3,10,4,6,12,5,7,8,2,6,27,13,14,94,34,60,34,12,22
S01012732,520,241,279,310,148,162,210,93,117,10,7,3,21,12,9,13,8,5,15,10,5,14,9,5,9,5,4,31,16,15,80,22,58,17,4,13
S01012733,755,369,386,631,322,309,124,47,77,6,4,2,15,8,7,6,1,5,6,2,4,4,2,2,4,1,3,21,4,17,30,12,18,32,13,19
S01012734,422,200,222,343,169,174,79,31,48,7,3,4,13,8,5,5,1,4,4,2,2,1,0,1,2,0,2,13,5,8,12,4,8,22,8,14
S01012735,376,183,193,208,112,96,168,71,97,4,3,1,12,10,2,12,7,5,5,2,3,4,2,2,4,2,2,31,10,21,73,27,46,23,8,15
S01012736,707,348,359,485,253,232,222,95,127,14,7,7,24,14,10,12,6,6,13,6,7,8,3,5,6,2,4,40,16,24,70,25,45,35,16,19
S01012737,608,302,306,449,233,216,159,69,90,3,1,2,24,13,11,10,6,4,11,5,6,1,1,0,4,1,3,30,7,23,49,21,28,27,14,13
S01012738,474,223,251,296,138,158,178,85,93,9,6,3,13,7,6,11,7,4,3,3,0,9,5,4,5,1,4,20,7,13,66,23,43,42,26,16
S01012739,612,308,304,501,266,235,111,42,69,10,6,4,18,9,9,8,2,6,9,4,5,6,2,4,1,0,1,22,6,16,13,3,10,24,10,14
S01012740,621,301,320,501,253,248,120,48,72,8,1,7,27,12,15,8,4,4,7,2,5,6,1,5,5,3,2,13,6,7,20,8,12,26,11,15
S01012741,471,231,240,370,188,182,101,43,58,8,4,4,14,9,5,12,5,7,8,4,4,4,3,1,4,3,1,18,7,11,21,3,18,12,5,7
S01012742,551,274,277,387,204,183,164,70,94,4,3,1,18,9,9,20,7,13,11,4,7,5,2,3,9,4,5,19,11,8,60,18,42,18,12,6
S01012743,449,210,239,321,160,161,128,50,78,2,1,1,19,11,8,7,3,4,3,1,2,4,2,2,5,3,2,28,9,19,42,7,35,18,13,5
S01012744,556,274,282,428,218,210,128,56,72,3,2,1,12,5,7,13,9,4,17,11,6,7,3,4,5,4,1,21,10,11,38,8,30,12,4,8
S01012745,532,246,286,356,175,181,176,71,105,9,5,4,17,10,7,12,4,8,6,4,2,7,2,5,9,3,6,32,17,15,66,21,45,18,5,13
S01012746,614,305,309,450,238,212,164,67,97,3,2,1,24,14,10,12,7,5,9,1,8,6,2,4,12,6,6,25,9,16,49,14,35,24,12,12
S01012747,629,304,325,379,188,191,250,116,134,12,9,3,32,20,12,18,9,9,14,5,9,11,8,3,13,5,8,29,12,17,65,23,42,56,25,31
S01012748,591,287,304,313,153,160,278,134,144,7,4,3,42,24,18,17,8,9,19,14,5,8,4,4,12,6,6,35,19,16,77,27,50,61,28,33
S01012749,645,305,340,345,175,170,300,130,170,13,5,8,44,18,26,23,15,8,14,6,8,5,4,1,15,8,7,32,12,20,73,30,43,81,32,49
S01012750,588,289,299,338,166,172,250,123,127,10,4,6,29,22,7,15,9,6,15,7,8,12,6,6,11,7,4,25,13,12,85,33,52,48,22,26
S01012751,596,288,308,332,171,161,264,117,147,9,6,3,22,10,12,14,12,2,10,3,7,7,5,2,12,6,6,43,22,21,115,40,75,32,13,19
S01012752,638,301,337,404,205,199,234,96,138,6,5,1,25,13,12,17,6,11,10,3,7,11,5,6,8,1,7,24,10,14,95,37,58,38,16,22
S01012753,371,150,221,196,86,110,175,64,111,5,2,3,20,7,13,19,8,11,3,0,3,6,2,4,7,2,5,19,8,11,68,25,43,28,10,18
S01012754,438,225,213,243,127,116,195,98,97,10,8,2,20,11,9,15,9,6,13,8,5,3,2,1,5,3,2,34,12,22,67,32,35,28,13,15
S01012755,387,175,212,172,68,104,215,107,108,11,4,7,24,14,10,8,5,3,10,2,8,3,3,0,10,8,2,30,18,12,78,36,42,41,17,24
S01012756,378,185,193,202,106,96,176,79,97,2,0,2,15,8,7,12,6,6,9,5,4,6,2,4,6,4,2,21,12,9,79,29,50,26,13,13
S01012757,359,168,191,210,104,106,149,64,85,3,1,2,12,6,6,7,4,3,9,6,3,5,2,3,6,2,4,30,12,18,64,25,39,13,6,7
S01012758,450,200,250,265,125,140,185,75,110,6,3,3,21,7,14,20,11,9,13,4,9,13,4,9,11,5,6,10,4,6,61,23,38,30,14,16
S01012759,549,258,291,302,139,163,247,119,128,8,8,0,11,7,4,19,9,10,9,7,2,11,4,7,5,1,4,40,19,21,94,37,57,50,27,23
S01012760,696,320,376,364,177,187,332,143,189,12,9,3,34,18,16,26,6,20,19,7,12,20,7,13,8,4,4,44,14,30,94,35,59,75,43,32
S01012761,599,301,298,375,189,186,224,112,112,7,6,1,19,15,4,24,18,6,9,1,8,8,4,4,5,1,4,36,19,17,86,35,51,30,13,17
S01012762,567,270,297,353,177,176,214,93,121,5,3,2,20,15,5,15,7,8,15,9,6,5,3,2,2,1,1,37,17,20,91,27,64,24,11,13
S01012763,326,150,176,194,93,101,132,57,75,5,3,2,12,5,7,7,3,4,10,6,4,3,2,1,1,1,0,14,7,7,55,16,39,25,14,11
S01012764,569,277,292,330,169,161,239,108,131,4,4,0,29,17,12,25,12,13,8,5,3,7,2,5,9,1,8,34,14,20,82,36,46,41,17,24
S01012765,553,256,297,345,167,178,208,89,119,6,4,2,22,8,14,16,7,9,16,10,6,10,5,5,6,5,1,23,11,12,75,23,52,34,16,18
S01012766,642,298,344,430,213,217,212,85,127,8,3,5,19,10,9,19,6,13,7,5,2,12,7,5,5,1,4,31,6,25,72,26,46,39,21,18
S01012767,458,228,230,309,163,146,149,65,84,8,5,3,18,5,13,11,7,4,10,5,5,7,3,4,9,5,4,30,11,19,39,13,26,17,11,6
S01012768,592,296,296,415,209,206,177,87,90,4,2,2,21,13,8,13,5,8,7,2,5,15,6,9,8,4,4,24,15,9,68,29,39,17,11,6
S01012769,342,179,163,245,131,114,97,48,49,2,1,1,8,3,5,13,7,6,4,3,1,7,3,4,3,1,2,9,4,5,31,13,18,20,13,7
S01012770,628,291,337,393,196,197,235,95,140,13,6,7,18,7,11,21,10,11,11,6,5,12,1,11,5,2,3,21,13,8,100,39,61,34,11,23
S01012771,554,257,297,335,163,172,219,94,125,5,2,3,18,8,10,17,7,10,12,5,7,4,1,3,6,2,4,32,17,15,87,37,50,38,15,23
S01012772,505,233,272,293,144,149,212,89,123,14,9,5,16,10,6,15,11,4,8,2,6,10,5,5,10,3,7,27,8,19,77,25,52,35,16,19
S01012773,674,336,338,394,219,175,280,117,163,11,5,6,35,26,9,26,11,15,15,8,7,14,4,10,9,4,5,38,12,26,94,26,68,38,21,17
S01012774,676,329,347,459,229,230,217,100,117,6,3,3,34,15,19,12,5,7,16,11,5,7,4,3,7,3,4,30,13,17,68,25,43,37,21,16
S01012775,329,169,160,201,110,91,128,59,69,7,3,4,11,5,6,9,4,5,8,4,4,4,4,0,2,2,0,21,12,9,47,15,32,19,10,9
S01012776,594,297,297,348,180,168,246,117,129,8,6,2,16,13,3,21,15,6,13,6,7,11,5,6,5,2,3,33,14,19,106,44,62,33,12,21
S01012777,699,332,367,536,255,281,163,77,86,8,6,2,20,12,8,10,4,6,7,4,3,3,2,1,4,1,3,19,8,11,41,12,29,51,28,23
S01012778,527,250,277,335,152,183,192,98,94,9,4,5,24,12,12,17,7,10,6,3,3,4,2,2,8,5,3,21,11,10,53,28,25,50,26,24
S01012779,332,156,176,209,101,108,123,55,68,7,5,2,9,3,6,11,5,6,3,3,0,5,1,4,4,2,2,19,7,12,36,12,24,29,17,12
S01012780,524,225,299,286,132,154,238,93,145,7,4,3,25,14,11,21,9,12,15,5,10,13,4,9,6,2,4,26,11,15,72,20,52,53,24,29
S01012781,514,257,257,337,177,160,177,80,97,10,2,8,16,9,7,13,7,6,17,9,8,13,6,7,7,3,4,28,12,16,45,13,32,28,19,9
S01012782,464,226,238,247,120,127,217,106,111,7,4,3,25,14,11,15,10,5,11,3,8,11,5,6,4,3,1,31,13,18,73,36,37,40,18,22
S01012783,524,239,285,290,133,157,234,106,128,8,3,5,26,16,10,18,6,12,17,11,6,8,3,5,3,0,3,13,4,9,92,38,54,49,25,24
S01012784,565,282,283,361,184,177,204,98,106,14,8,6,22,10,12,22,12,10,11,4,7,7,4,3,9,4,5,24,10,14,71,35,36,24,11,13
S01012785,543,265,278,280,136,144,263,129,134,8,4,4,34,22,12,23,11,12,14,10,4,10,3,7,10,4,6,25,12,13,94,43,51,45,20,25
S01012786,551,270,281,257,128,129,294,142,152,11,4,7,45,29,16,25,11,14,26,16,10,6,1,5,7,5,2,28,19,9,85,30,55,61,27,34
S01012787,433,208,225,317,151,166,116,57,59,5,5,0,11,8,3,13,4,9,11,6,5,3,0,3,3,1,2,9,5,4,40,17,23,21,11,10
S01012788,477,236,241,247,134,113,230,102,128,10,6,4,20,13,7,19,10,9,10,2,8,6,1,5,7,3,4,18,4,14,80,36,44,60,27,33
S01012789,586,292,294,354,183,171,232,109,123,7,6,1,28,17,11,16,8,8,14,7,7,1,1,0,7,2,5,29,17,12,95,33,62,35,18,17
S01012790,438,210,228,356,174,182,82,36,46,4,1,3,16,9,7,3,1,2,1,1,0,3,2,1,2,2,0,11,5,6,25,10,15,17,5,12
S01012791,523,252,271,317,163,154,206,89,117,4,4,0,25,18,7,13,3,10,11,5,6,16,6,10,7,5,2,40,19,21,74,21,53,16,8,8
S01012792,696,332,364,424,200,224,272,132,140,8,6,2,34,17,17,11,8,3,10,7,3,9,6,3,9,4,5,36,21,15,128,51,77,27,12,15
S01012793,624,349,275,287,154,133,337,195,142,15,8,7,60,37,23,29,21,8,18,7,11,13,5,8,13,10,3,28,14,14,90,48,42,71,45,26
S01012794,494,260,234,337,187,150,157,73,84,9,5,4,26,16,10,22,10,12,9,8,1,9,5,4,2,1,1,23,9,14,48,17,31,9,2,7
S01012795,787,364,423,418,207,211,369,157,212,11,7,4,41,30,11,25,17,8,16,6,10,9,3,6,11,1,10,47,21,26,133,47,86,76,25,51
S01012796,581,283,298,402,211,191,179,72,107,9,4,5,22,11,11,13,7,6,9,2,7,6,1,5,9,4,5,24,9,15,58,22,36,29,12,17
S01012797,528,232,296,334,155,179,194,77,117,6,4,2,20,11,9,19,8,11,5,3,2,9,5,4,3,1,2,28,10,18,56,18,38,48,17,31
S01012798,518,256,262,340,179,161,178,77,101,10,4,6,20,11,9,12,6,6,7,5,2,7,4,3,2,1,1,35,10,25,58,17,41,27,19,8
S01012799,555,275,280,373,206,167,182,69,113,6,5,1,23,9,14,13,7,6,18,10,8,5,1,4,8,4,4,29,7,22,59,14,45,21,12,9
S01012800,674,333,341,449,236,213,225,97,128,16,9,7,32,16,16,12,8,4,7,3,4,6,4,2,11,3,8,39,14,25,72,25,47,30,15,15
S01012801,297,137,160,185,93,92,112,44,68,4,1,3,11,2,9,11,9,2,6,1,5,3,2,1,6,2,4,19,10,9,41,12,29,11,5,6
S01012802,461,229,232,314,165,149,147,64,83,9,5,4,23,16,7,10,3,7,6,4,2,3,1,2,5,0,5,32,12,20,31,9,22,28,14,14
S01012803,544,269,275,366,187,179,178,82,96,3,1,2,30,14,16,21,8,13,7,5,2,7,4,3,4,2,2,23,11,12,50,15,35,33,22,11
S01012804,561,262,299,354,173,181,207,89,118,8,2,6,32,15,17,17,12,5,11,4,7,7,2,5,9,3,6,28,8,20,60,24,36,35,19,16
S01012805,664,297,367,426,203,223,238,94,144,10,6,4,29,11,18,24,15,9,11,5,6,7,3,4,12,3,9,35,7,28,69,26,43,41,18,23
S01012806,550,264,286,349,188,161,201,76,125,10,6,4,23,10,13,12,5,7,13,3,10,7,2,5,8,3,5,21,10,11,66,19,47,41,18,23
S01012807,436,207,229,319,167,152,117,40,77,4,1,3,16,6,10,4,1,3,7,2,5,8,2,6,7,3,4,21,12,9,29,6,23,21,7,14
S01012808,757,364,393,506,258,248,251,106,145,14,7,7,22,12,10,19,8,11,21,10,11,3,2,1,4,1,3,41,13,28,94,37,57,33,16,17
S01012809,494,257,237,322,171,151,172,86,86,6,5,1,25,14,11,17,9,8,8,2,6,3,3,0,9,2,7,26,11,15,48,18,30,30,22,8
S01012810,648,316,332,374,181,193,274,135,139,10,6,4,41,26,15,25,20,5,12,6,6,16,4,12,14,8,6,49,23,26,75,28,47,32,14,18
S01012811,587,278,309,354,190,164,233,88,145,8,3,5,21,10,11,10,6,4,10,4,6,6,3,3,5,1,4,47,19,28,90,27,63,36,15,21
S01012812,520,245,275,382,186,196,138,59,79,7,3,4,13,5,8,15,10,5,10,6,4,5,2,3,4,1,3,20,9,11,40,14,26,24,9,15
S01012813,693,331,362,437,228,209,256,103,153,9,8,1,26,9,17,23,8,15,8,4,4,3,1,2,16,7,9,48,22,26,93,30,63,30,14,16
S01012814,624,309,315,487,254,233,137,55,82,7,4,3,17,8,9,12,5,7,9,6,3,13,7,6,3,1,2,23,5,18,33,12,21,20,7,13
S01012815,620,303,317,515,258,257,105,45,60,6,3,3,11,5,6,13,8,5,10,3,7,6,3,3,2,0,2,20,6,14,18,6,12,19,11,8
S01012816,425,202,223,315,162,153,110,40,70,7,3,4,13,5,8,10,3,7,11,6,5,4,1,3,1,0,1,6,2,4,29,11,18,29,9,20
S01012817,382,189,193,324,166,158,58,23,35,4,3,1,10,2,8,5,3,2,0,0,0,3,1,2,3,1,2,5,2,3,8,2,6,20,9,11
S01012818,614,295,319,446,225,221,168,70,98,8,6,2,18,12,6,8,4,4,13,5,8,3,1,2,8,1,7,28,12,16,36,12,24,46,17,29
S01012819,555,260,295,274,135,139,281,125,156,7,6,1,24,11,13,17,8,9,20,13,7,10,4,6,8,3,5,37,17,20,105,40,65,53,23,30
S01012820,772,378,394,620,311,309,152,67,85,13,8,5,29,14,15,11,6,5,10,3,7,5,1,4,2,1,1,18,10,8,27,8,19,37,16,21
S01012821,549,275,274,423,225,198,126,50,76,7,4,3,17,8,9,9,3,6,5,2,3,4,1,3,5,3,2,9,2,7,14,6,8,56,21,35
S01012822,345,165,180,169,73,96,176,92,84,6,3,3,33,23,10,11,7,4,11,10,1,7,2,5,9,7,2,19,7,12,54,22,32,26,11,15
S01012823,626,317,309,493,255,238,133,62,71,8,4,4,13,7,6,10,6,4,7,0,7,6,1,5,5,2,3,17,3,14,19,8,11,48,31,17
S01012824,492,228,264,346,160,186,146,68,78,9,5,4,10,6,4,12,8,4,8,1,7,10,5,5,4,2,2,13,5,8,52,21,31,28,15,13
S01012825,380,205,175,212,116,96,168,89,79,2,0,2,19,13,6,15,5,10,15,9,6,6,3,3,6,3,3,29,18,11,56,30,26,20,8,12
S01012826,436,187,249,222,90,132,214,97,117,7,1,6,33,20,13,11,4,7,13,8,5,7,3,4,4,0,4,20,6,14,49,20,29,70,35,35
S01012827,475,243,232,384,205,179,91,38,53,3,2,1,10,6,4,8,1,7,6,1,5,5,1,4,2,2,0,11,6,5,11,4,7,35,15,20
S01012828,456,232,224,388,202,186,68,30,38,5,4,1,9,6,3,6,2,4,7,1,6,5,1,4,4,3,1,5,3,2,14,3,11,13,7,6
S01012829,607,268,339,336,161,175,271,107,164,6,3,3,29,16,13,29,16,13,5,3,2,14,8,6,7,0,7,24,13,11,99,30,69,58,18,40
S01012830,526,246,280,301,153,148,225,93,132,4,3,1,19,11,8,13,5,8,10,8,2,16,10,6,3,1,2,26,12,14,90,28,62,44,15,29
S01012831,466,232,234,234,128,106,232,104,128,9,4,5,26,16,10,18,11,7,6,3,3,14,6,8,8,6,2,31,14,17,100,34,66,20,10,10
S01012832,407,182,225,259,119,140,148,63,85,11,4,7,20,12,8,12,4,8,7,2,5,6,4,2,6,3,3,23,11,12,36,11,25,27,12,15
S01012833,529,236,293,260,109,151,269,127,142,5,3,2,22,15,7,17,8,9,14,6,8,6,3,3,9,2,7,29,15,14,107,46,61,60,29,31
S01012834,491,244,247,284,142,142,207,102,105,10,6,4,28,17,11,14,7,7,9,4,5,5,3,2,11,6,5,18,10,8,74,27,47,38,22,16
S01012835,679,338,341,394,195,199,285,143,142,3,2,1,28,11,17,25,13,12,13,7,6,9,4,5,6,3,3,37,18,19,119,58,61,45,27,18
S01012836,495,230,265,393,194,199,102,36,66,5,1,4,16,5,11,5,2,3,6,1,5,4,1,3,5,1,4,12,3,9,17,7,10,32,15,17
S01012837,565,293,272,256,131,125,309,162,147,18,12,6,43,24,19,33,18,15,13,6,7,11,6,5,11,5,6,36,15,21,81,47,34,63,29,34
S01012838,686,336,350,301,151,150,385,185,200,15,4,11,52,28,24,40,25,15,27,7,20,14,4,10,22,10,12,63,33,30,83,43,40,69,31,38
S01012839,551,262,289,408,200,208,143,62,81,6,2,4,17,7,10,17,12,5,6,3,3,13,8,5,7,3,4,26,13,13,37,7,30,14,7,7
S01012840,580,295,285,461,243,218,119,52,67,6,3,3,14,3,11,10,8,2,6,1,5,2,1,1,8,2,6,23,15,8,26,9,17,24,10,14
S01012841,461,232,229,338,179,159,123,53,70,8,4,4,20,13,7,15,7,8,8,2,6,7,2,5,6,1,5,18,8,10,33,13,20,8,3,5
S01012842,393,187,206,300,146,154,93,41,52,4,3,1,8,4,4,10,4,6,4,1,3,5,3,2,8,3,5,23,10,13,13,6,7,18,7,11
S01012843,707,339,368,491,252,239,216,87,129,4,1,3,27,7,20,10,3,7,13,4,9,9,3,6,6,2,4,45,19,26,61,26,35,41,22,19
S01012844,521,265,256,371,198,173,150,67,83,10,6,4,20,11,9,11,5,6,14,3,11,9,4,5,6,2,4,23,13,10,23,9,14,34,14,20
S01012845,511,241,270,331,162,169,180,79,101,8,4,4,19,9,10,14,3,11,10,5,5,5,3,2,4,1,3,29,8,21,41,19,22,50,27,23
S01012846,695,337,358,359,191,168,336,146,190,12,8,4,40,22,18,26,11,15,14,8,6,12,5,7,9,7,2,37,14,23,142,58,84,44,13,31
S01012847,403,193,210,265,126,139,138,67,71,7,5,2,23,11,12,7,3,4,6,4,2,6,2,4,6,3,3,12,7,5,49,21,28,22,11,11
S01012848,541,258,283,383,205,178,158,53,105,7,4,3,15,7,8,15,6,9,13,5,8,5,2,3,9,1,8,23,6,17,47,15,32,24,7,17
S01012849,528,243,285,351,168,183,177,75,102,7,5,2,28,9,19,13,9,4,6,3,3,6,4,2,4,0,4,24,13,11,63,20,43,26,12,14
S01012850,529,264,265,305,157,148,224,107,117,3,2,1,18,10,8,13,5,8,10,7,3,5,1,4,7,2,5,31,20,11,110,46,64,27,14,13
S01012851,611,284,327,366,174,192,245,110,135,8,4,4,22,15,7,11,6,5,7,2,5,4,2,2,8,5,3,37,10,27,101,41,60,47,25,22
S01012852,534,257,277,360,179,181,174,78,96,5,2,3,19,5,14,16,10,6,5,2,3,8,6,2,11,5,6,37,21,16,50,19,31,23,8,15
S01012853,593,282,311,382,194,188,211,88,123,7,2,5,31,14,17,17,7,10,14,10,4,5,2,3,6,4,2,34,14,20,76,26,50,21,9,12
S01012854,646,302,344,489,236,253,157,66,91,11,4,7,32,19,13,15,6,9,9,5,4,2,1,1,5,3,2,23,9,14,39,12,27,21,7,14
S01012855,517,258,259,396,194,202,121,64,57,4,2,2,29,23,6,6,2,4,4,3,1,6,2,4,5,1,4,20,11,9,22,8,14,25,12,13
S01012856,506,269,237,296,162,134,210,107,103,4,3,1,11,7,4,12,7,5,9,5,4,9,3,6,7,2,5,31,20,11,92,40,52,35,20,15
S01012857,578,270,308,306,147,159,272,123,149,8,4,4,31,14,17,12,7,5,8,6,2,5,1,4,10,8,2,33,13,20,114,44,70,51,26,25
S01012858,571,282,289,335,171,164,236,111,125,8,5,3,23,12,11,7,2,5,16,11,5,4,2,2,7,2,5,29,8,21,97,47,50,45,22,23
S01012859,797,391,406,501,246,255,296,145,151,15,11,4,52,32,20,28,12,16,21,15,6,8,2,6,10,4,6,34,13,21,85,39,46,43,17,26
S01012860,669,302,367,380,179,201,289,123,166,4,2,2,26,16,10,16,5,11,14,7,7,5,4,1,6,0,6,36,15,21,142,58,84,40,16,24
S01012861,539,245,294,375,177,198,164,68,96,6,3,3,21,10,11,18,8,10,8,3,5,6,2,4,5,3,2,28,11,17,47,20,27,25,8,17
S01012862,461,244,217,241,128,113,220,116,104,9,6,3,34,22,12,14,7,7,15,9,6,7,2,5,10,3,7,29,18,11,68,31,37,34,18,16
S01012863,527,298,229,290,161,129,237,137,100,10,4,6,29,13,16,25,19,6,10,8,2,7,3,4,9,3,6,35,18,17,78,52,26,34,17,17
S01012864,635,315,320,347,163,184,288,152,136,9,5,4,43,29,14,28,17,11,17,12,5,11,4,7,8,2,6,39,22,17,82,38,44,51,23,28
S01012865,557,258,299,325,162,163,232,96,136,5,3,2,21,9,12,10,4,6,17,10,7,9,2,7,10,2,8,28,13,15,96,38,58,36,15,21
S01012866,589,271,318,367,164,203,222,107,115,10,6,4,33,22,11,15,13,2,10,7,3,8,2,6,10,8,2,37,15,22,60,20,40,39,14,25
S01012867,559,271,288,260,125,135,299,146,153,7,4,3,22,13,9,16,10,6,15,9,6,12,6,6,7,4,3,43,18,25,130,64,66,47,18,29
S01012868,458,238,220,251,133,118,207,105,102,8,2,6,27,17,10,10,5,5,18,10,8,11,6,5,3,1,2,37,17,20,67,31,36,26,16,10
S01012869,405,188,217,195,85,110,210,103,107,6,4,2,26,14,12,12,8,4,11,4,7,9,5,4,4,1,3,30,19,11,58,18,40,54,30,24
S01012870,729,366,363,444,224,220,285,142,143,7,5,2,25,15,10,26,11,15,6,4,2,8,4,4,12,5,7,42,23,19,124,49,75,35,26,9
S01012871,635,291,344,394,201,193,241,90,151,6,4,2,26,9,17,28,14,14,14,4,10,10,4,6,14,5,9,38,17,21,78,21,57,27,12,15
S01012872,552,277,275,380,197,183,172,80,92,7,5,2,24,9,15,14,8,6,8,6,2,11,5,6,7,5,2,23,11,12,51,18,33,27,13,14
S01012873,621,285,336,434,204,230,187,81,106,11,8,3,21,11,10,12,8,4,11,3,8,9,2,7,8,6,2,28,12,16,48,20,28,39,11,28
S01012874,583,275,308,327,159,168,256,116,140,9,7,2,19,12,7,25,15,10,23,13,10,13,1,12,12,4,8,32,15,17,85,27,58,38,22,16
S01012875,455,229,226,270,142,128,185,87,98,7,3,4,18,14,4,14,9,5,14,3,11,6,3,3,4,3,1,33,13,20,51,20,31,38,19,19
S01012876,584,267,317,316,142,174,268,125,143,11,2,9,31,17,14,17,11,6,14,9,5,10,6,4,7,2,5,39,20,19,98,38,60,41,20,21
S01012877,552,248,304,318,153,165,234,95,139,6,4,2,21,11,10,14,6,8,8,5,3,10,6,4,6,3,3,39,15,24,102,38,64,28,7,21
S01012878,726,340,386,522,261,261,204,79,125,17,10,7,29,13,16,12,7,5,16,6,10,12,3,9,8,1,7,32,13,19,54,16,38,24,10,14
S01012879,535,247,288,354,168,186,181,79,102,19,10,9,23,7,16,7,3,4,11,6,5,10,1,9,5,1,4,27,16,11,50,20,30,29,15,14
S01012880,659,320,339,443,231,212,216,89,127,7,6,1,20,10,10,19,10,9,10,3,7,6,3,3,9,3,6,36,20,16,72,16,56,37,18,19
S01012881,604,280,324,380,191,189,224,89,135,10,8,2,29,13,16,12,5,7,14,6,8,17,8,9,8,2,6,43,17,26,63,16,47,28,14,14
S01012882,452,216,236,252,124,128,200,92,108,5,4,1,24,14,10,15,9,6,7,2,5,9,5,4,11,3,8,33,15,18,62,24,38,34,16,18
S01012883,456,232,224,185,92,93,271,140,131,5,2,3,31,20,11,29,15,14,17,10,7,8,3,5,6,2,4,36,21,15,102,44,58,37,23,14
S01012884,352,173,179,199,101,98,153,72,81,8,6,2,23,12,11,12,6,6,9,4,5,6,1,5,5,1,4,22,10,12,46,21,25,22,11,11
S01012885,347,170,177,195,102,93,152,68,84,9,3,6,17,7,10,8,5,3,6,3,3,10,7,3,8,3,5,21,7,14,41,15,26,32,18,14
S01012886,573,279,294,390,200,190,183,79,104,5,1,4,24,14,10,20,8,12,11,6,5,4,1,3,6,3,3,30,17,13,60,17,43,23,12,11
S01012887,542,253,289,358,177,181,184,76,108,2,1,1,15,8,7,15,9,6,8,5,3,11,4,7,3,0,3,36,18,18,72,20,52,22,11,11
S01012888,588,281,307,374,188,186,214,93,121,6,3,3,30,16,14,11,7,4,14,6,8,12,4,8,9,5,4,35,18,17,66,19,47,31,15,16
S01012889,651,305,346,487,238,249,164,67,97,9,5,4,17,13,4,12,6,6,6,2,4,10,4,6,4,2,2,22,6,16,52,15,37,32,14,18
S01012890,529,242,287,278,139,139,251,103,148,7,5,2,25,12,13,13,5,8,11,6,5,8,2,6,6,4,2,32,10,22,91,25,66,58,34,24
S01012891,408,180,228,243,115,128,165,65,100,7,4,3,7,3,4,11,4,7,12,9,3,6,2,4,6,2,4,20,12,8,81,22,59,15,7,8
S01012892,834,396,438,440,209,231,394,187,207,14,11,3,32,19,13,35,17,18,23,13,10,15,5,10,9,2,7,43,26,17,167,70,97,56,24,32
S01012893,529,242,287,287,127,160,242,115,127,9,4,5,31,22,9,15,9,6,14,7,7,6,1,5,9,8,1,36,13,23,80,34,46,42,17,25
S01012894,568,279,289,418,210,208,150,69,81,8,4,4,20,10,10,8,3,5,4,1,3,10,3,7,4,2,2,19,7,12,40,12,28,37,27,10
S01012895,388,189,199,305,163,142,83,26,57,5,1,4,15,6,9,8,4,4,6,1,5,4,3,1,4,1,3,7,2,5,14,2,12,20,6,14
S01012896,681,340,341,367,194,173,314,146,168,14,8,6,33,15,18,19,9,10,21,10,11,17,10,7,9,5,4,60,28,32,104,41,63,37,20,17
S01012897,451,211,240,337,165,172,114,46,68,5,2,3,13,7,6,8,4,4,6,1,5,5,2,3,4,1,3,16,6,10,31,11,20,26,12,14
S01012898,397,191,206,333,168,165,64,23,41,6,3,3,8,4,4,6,2,4,6,1,5,0,0,0,1,0,1,12,6,6,9,2,7,16,5,11
S01012899,444,237,207,242,127,115,202,110,92,7,6,1,22,19,3,23,12,11,13,7,6,6,4,2,5,2,3,47,26,21,67,29,38,12,5,7
S01012900,457,229,228,303,166,137,154,63,91,6,3,3,21,11,10,8,2,6,1,0,1,10,6,4,3,2,1,26,10,16,60,22,38,19,7,12
S01012901,523,247,276,341,168,173,182,79,103,11,3,8,31,17,14,20,10,10,12,6,6,16,9,7,6,3,3,25,9,16,44,16,28,17,6,11
S01012902,585,295,290,380,196,184,205,99,106,12,10,2,34,26,8,11,0,11,9,3,6,13,8,5,6,4,2,39,18,21,61,18,43,20,12,8
S01012903,619,294,325,399,188,211,220,106,114,11,5,6,24,14,10,18,8,10,18,8,10,13,5,8,7,3,4,37,19,18,58,22,36,34,22,12
S01012904,573,264,309,373,186,187,200,78,122,13,5,8,23,16,7,10,4,6,12,5,7,12,2,10,9,3,6,27,9,18,53,16,37,41,18,23
S01012905,465,216,249,291,135,156,174,81,93,9,5,4,29,17,12,17,7,10,8,2,6,10,3,7,7,3,4,23,13,10,42,15,27,29,16,13
S01012906,693,329,364,496,250,246,197,79,118,12,8,4,32,17,15,17,8,9,11,6,5,10,4,6,10,3,7,24,6,18,64,17,47,17,10,7
S01012907,607,290,317,392,198,194,215,92,123,12,8,4,17,8,9,20,12,8,14,5,9,15,7,8,12,4,8,40,18,22,61,18,43,24,12,12
S01012908,524,243,281,298,145,153,226,98,128,8,4,4,26,13,13,24,13,11,17,7,10,6,1,5,10,5,5,44,21,23,61,23,38,30,11,19
S01012909,411,200,211,262,140,122,149,60,89,4,0,4,19,9,10,9,6,3,13,5,8,10,5,5,9,1,8,23,13,10,41,10,31,21,11,10
S01012910,654,356,298,364,204,160,290,152,138,9,3,6,31,20,11,28,15,13,21,7,14,10,6,4,17,9,8,53,29,24,92,46,46,29,17,12
S01012911,536,266,270,342,178,164,194,88,106,6,3,3,23,13,10,20,14,6,15,8,7,1,1,0,7,3,4,30,13,17,64,17,47,28,16,12
S01012912,476,221,255,288,138,150,188,83,105,4,2,2,20,12,8,17,8,9,9,5,4,10,6,4,11,3,8,34,20,14,66,21,45,17,6,11
S01012913,623,293,330,405,205,200,218,88,130,7,6,1,27,9,18,15,7,8,14,9,5,11,4,7,5,2,3,27,11,16,85,25,60,27,15,12
S01012914,636,337,299,417,227,190,219,110,109,10,8,2,27,14,13,18,9,9,16,9,7,15,8,7,10,3,7,32,17,15,64,25,39,27,17,10
S01012915,745,363,382,556,284,272,189,79,110,11,7,4,31,21,10,12,3,9,13,6,7,13,8,5,8,3,5,29,10,19,52,12,40,20,9,11
S01012916,510,262,248,300,162,138,210,100,110,7,3,4,28,13,15,11,5,6,12,8,4,8,4,4,12,7,5,41,22,19,62,20,42,29,18,11
S01012917,537,263,274,374,186,188,163,77,86,9,3,6,26,17,9,13,6,7,7,2,5,6,4,2,2,0,2,21,10,11,50,18,32,29,17,12
S01012918,352,184,168,259,138,121,93,46,47,3,2,1,10,7,3,11,5,6,5,1,4,6,3,3,3,2,1,17,6,11,28,15,13,10,5,5
S01012919,334,162,172,202,106,96,132,56,76,3,2,1,11,4,7,9,6,3,8,3,5,4,1,3,4,1,3,23,9,14,53,18,35,17,12,5
S01012920,466,235,231,263,137,126,203,98,105,6,4,2,24,10,14,15,11,4,13,8,5,16,9,7,7,3,4,53,26,27,58,19,39,11,8,3
S01012921,511,232,279,336,157,179,175,75,100,7,3,4,15,7,8,21,10,11,14,3,11,4,1,3,8,1,7,25,18,7,51,13,38,30,19,11
S01012922,719,341,378,499,246,253,220,95,125,10,4,6,40,23,17,12,6,6,9,4,5,6,2,4,9,2,7,34,15,19,67,24,43,33,15,18
S01012923,541,258,283,368,177,191,173,81,92,12,8,4,18,11,7,8,4,4,18,13,5,5,2,3,9,5,4,34,15,19,40,10,30,29,13,16
S01012924,395,210,185,268,146,122,127,64,63,4,2,2,22,12,10,9,4,5,8,5,3,7,4,3,8,2,6,23,13,10,28,13,15,18,9,9
S01012925,378,189,189,258,144,114,120,45,75,2,0,2,17,9,8,6,3,3,10,2,8,9,3,6,2,0,2,25,11,14,34,9,25,15,8,7
S01012926,558,278,280,387,196,191,171,82,89,5,3,2,17,7,10,17,10,7,13,4,9,7,5,2,8,4,4,36,18,18,46,17,29,22,14,8
S01012927,582,294,288,376,188,188,206,106,100,13,10,3,24,13,11,14,11,3,6,4,2,13,5,8,12,5,7,41,21,20,50,18,32,33,19,14
S01012928,596,283,313,408,215,193,188,68,120,6,2,4,25,13,12,15,6,9,11,4,7,9,3,6,5,2,3,29,10,19,56,13,43,32,15,17
S01012929,541,261,280,347,176,171,194,85,109,8,4,4,26,17,9,14,8,6,14,7,7,12,5,7,6,2,4,29,9,20,57,19,38,28,14,14
S01012930,607,313,294,376,211,165,231,102,129,4,3,1,28,15,13,17,8,9,18,11,7,10,5,5,8,4,4,47,19,28,80,30,50,19,7,12
S01012931,649,321,328,416,210,206,233,111,122,5,3,2,24,16,8,26,15,11,14,6,8,13,5,8,9,6,3,36,18,18,77,27,50,29,15,14
S01012932,368,178,190,263,134,129,105,44,61,5,4,1,18,12,6,5,4,1,4,2,2,4,1,3,6,1,5,11,5,6,30,8,22,22,7,15
S01012933,597,293,304,397,206,191,200,87,113,7,5,2,14,4,10,23,12,11,15,6,9,12,5,7,4,2,2,29,15,14,51,18,33,45,20,25
S01012934,500,237,263,295,154,141,205,83,122,3,1,2,22,11,11,20,11,9,12,7,5,7,2,5,14,5,9,36,10,26,69,25,44,22,11,11
S01012935,616,308,308,425,212,213,191,96,95,9,5,4,20,11,9,10,6,4,11,4,7,12,4,8,5,3,2,31,16,15,52,22,30,41,25,16
S01012936,524,246,278,356,181,175,168,65,103,10,5,5,13,7,6,9,4,5,9,7,2,9,4,5,5,0,5,21,7,14,56,20,36,36,11,25
S01012937,526,268,258,346,180,166,180,88,92,7,4,3,31,17,14,16,13,3,6,2,4,7,3,4,8,2,6,20,10,10,46,19,27,39,18,21
S01012938,528,256,272,319,163,156,209,93,116,10,4,6,22,16,6,21,12,9,14,9,5,7,4,3,12,4,8,36,17,19,60,14,46,27,13,14
S01012939,477,235,242,341,178,163,136,57,79,12,6,6,20,12,8,13,6,7,8,3,5,5,2,3,4,1,3,21,10,11,31,8,23,22,9,13
S01012940,555,266,289,421,215,206,134,51,83,3,3,0,17,6,11,8,4,4,9,4,5,6,1,5,8,4,4,22,12,10,35,7,28,26,10,16
S01012941,592,306,286,440,237,203,152,69,83,9,7,2,32,19,13,9,3,6,7,4,3,9,2,7,3,0,3,15,4,11,30,9,21,38,21,17
S01012942,555,256,299,346,163,183,209,93,116,5,4,1,25,18,7,15,9,6,19,11,8,5,0,5,9,3,6,36,11,25,56,18,38,39,19,20
S01012943,538,258,280,391,200,191,147,58,89,5,3,2,14,6,8,20,9,11,11,6,5,6,1,5,7,5,2,22,9,13,35,6,29,27,13,14
S01012944,379,186,193,250,123,127,129,63,66,8,5,3,10,4,6,14,7,7,10,6,4,6,5,1,4,3,1,17,5,12,37,11,26,23,17,6
S01012945,538,262,276,402,211,191,136,51,85,11,3,8,18,8,10,14,5,9,10,5,5,2,0,2,8,1,7,14,7,7,27,8,19,32,14,18
S01012946,658,324,334,501,254,247,157,70,87,8,5,3,33,13,20,12,5,7,10,5,5,7,4,3,5,3,2,23,10,13,25,5,20,34,20,14
S01012947,365,182,183,261,137,124,104,45,59,7,3,4,13,7,6,8,4,4,5,2,3,6,2,4,2,0,2,16,6,10,20,7,13,27,14,13
S01012948,553,258,295,402,179,223,151,79,72,9,6,3,26,15,11,7,3,4,11,5,6,10,6,4,6,4,2,19,8,11,34,14,20,29,18,11
S01012949,562,283,279,408,211,197,154,72,82,5,2,3,17,10,7,15,8,7,12,5,7,11,6,5,6,5,1,25,11,14,36,9,27,27,16,11
S01012950,672,342,330,517,275,242,155,67,88,9,1,8,27,16,11,12,5,7,9,5,4,13,9,4,2,0,2,10,4,6,29,5,24,44,22,22
S01012951,646,330,316,543,289,254,103,41,62,11,6,5,13,7,6,8,4,4,7,2,5,5,3,2,6,1,5,6,3,3,15,5,10,32,10,22
S01012952,463,231,232,290,177,113,173,54,119,5,2,3,21,9,12,11,3,8,6,3,3,7,1,6,7,4,3,29,10,19,55,8,47,32,14,18
S01012953,541,273,268,401,217,184,140,56,84,9,3,6,23,12,11,7,0,7,10,5,5,10,4,6,4,1,3,23,11,12,35,12,23,19,8,11
S01012954,380,195,185,285,151,134,95,44,51,5,3,2,10,8,2,12,5,7,9,5,4,6,2,4,3,2,1,10,3,7,22,4,18,18,12,6
S01012955,697,356,341,502,273,229,195,83,112,8,4,4,27,13,14,10,5,5,13,8,5,7,5,2,5,3,2,30,12,18,61,17,44,34,16,18
S01012956,683,327,356,390,199,191,293,128,165,6,2,4,32,16,16,16,10,6,7,3,4,16,6,10,13,8,5,42,18,24,108,37,71,53,28,25
S01012957,483,244,239,306,152,154,177,92,85,8,5,3,19,14,5,18,12,6,8,4,4,11,4,7,3,2,1,31,17,14,51,21,30,28,13,15
S01012958,416,206,210,294,152,142,122,54,68,2,1,1,17,9,8,11,4,7,7,2,5,4,1,3,3,0,3,11,7,4,38,13,25,29,17,12
S01012959,455,217,238,353,178,175,102,39,63,8,0,8,16,6,10,4,1,3,8,4,4,1,1,0,2,0,2,16,6,10,16,7,9,31,14,17
S01012960,478,223,255,310,149,161,168,74,94,10,4,6,23,13,10,15,8,7,12,7,5,11,7,4,5,0,5,22,9,13,41,8,33,29,18,11
S01012961,400,187,213,300,148,152,100,39,61,4,2,2,11,4,7,11,4,7,6,2,4,4,1,3,6,3,3,15,9,6,31,9,22,12,5,7
S01012962,526,257,269,375,189,186,151,68,83,7,3,4,21,13,8,17,12,5,6,4,2,10,5,5,9,3,6,30,12,18,34,8,26,17,8,9
S01012963,590,292,298,464,237,227,126,55,71,10,4,6,20,9,11,9,5,4,8,7,1,8,2,6,2,1,1,14,5,9,26,6,20,29,16,13
S01012964,443,218,225,365,188,177,78,30,48,6,4,2,14,5,9,4,3,1,4,1,3,3,1,2,2,1,1,13,4,9,11,4,7,21,7,14
S01012965,458,225,233,324,176,148,134,49,85,11,5,6,18,8,10,7,6,1,12,2,10,10,1,9,8,2,6,20,5,15,27,8,19,21,12,9
S01012966,518,246,272,395,195,200,123,51,72,3,3,0,16,10,6,16,9,7,9,3,6,5,1,4,9,3,6,19,7,12,27,5,22,19,10,9
S01012967,383,184,199,263,132,131,120,52,68,6,0,6,16,5,11,17,12,5,7,6,1,4,2,2,6,4,2,18,8,10,24,7,17,22,8,14
S01012968,504,243,261,332,171,161,172,72,100,13,9,4,28,14,14,22,7,15,7,3,4,12,5,7,5,1,4,23,7,16,44,19,25,18,7,11
S01012969,512,243,269,322,160,162,190,83,107,6,4,2,30,17,13,17,10,7,11,3,8,9,7,2,8,4,4,34,10,24,50,18,32,25,10,15
S01012970,449,218,231,309,163,146,140,55,85,5,2,3,19,9,10,10,7,3,11,4,7,3,1,2,5,2,3,18,8,10,47,11,36,22,11,11
S01012971,628,286,342,376,189,187,252,97,155,8,6,2,32,20,12,24,8,16,21,9,12,13,3,10,6,2,4,33,7,26,55,13,42,60,29,31
S01012972,572,265,307,364,187,177,208,78,130,5,4,1,25,11,14,15,10,5,14,3,11,9,5,4,10,4,6,40,11,29,60,17,43,30,13,17
S01012973,587,289,298,389,201,188,198,88,110,14,8,6,9,4,5,10,3,7,12,3,9,8,3,5,9,3,6,39,19,20,66,26,40,31,19,12
S01012974,703,346,357,403,210,193,300,136,164,13,5,8,31,18,13,26,16,10,25,17,8,16,6,10,7,3,4,46,15,31,92,35,57,44,21,23
S01012975,431,199,232,268,133,135,163,66,97,9,6,3,19,11,8,16,10,6,5,5,0,11,1,10,7,3,4,24,9,15,47,12,35,25,9,16
S01012976,401,190,211,238,123,115,163,67,96,6,3,3,20,11,9,16,8,8,12,5,7,7,4,3,6,0,6,27,11,16,49,15,34,20,10,10
S01012977,541,266,275,349,179,170,192,87,105,14,9,5,26,14,12,24,16,8,9,1,8,15,8,7,9,3,6,19,8,11,34,8,26,42,20,22
S01012978,618,296,322,372,185,187,246,111,135,12,9,3,32,17,15,15,4,11,12,7,5,9,4,5,15,6,9,37,11,26,53,26,27,61,27,34
S01012979,476,224,252,332,175,157,144,49,95,6,2,4,12,4,8,14,8,6,10,2,8,5,1,4,6,2,4,20,6,14,35,9,26,36,15,21
S01012980,494,237,257,329,162,167,165,75,90,5,2,3,15,8,7,11,3,8,14,11,3,8,2,6,8,4,4,28,16,12,45,11,34,31,18,13
S01012981,585,287,298,406,213,193,179,74,105,8,4,4,17,8,9,17,6,11,12,2,10,12,8,4,4,2,2,24,9,15,49,18,31,36,17,19
S01012982,619,289,330,421,201,220,198,88,110,12,7,5,25,15,10,12,6,6,13,4,9,10,6,4,9,3,6,49,19,30,45,17,28,23,11,12
S01012983,566,269,297,367,185,182,199,84,115,15,9,6,23,10,13,15,10,5,10,6,4,10,4,6,7,3,4,35,14,21,58,16,42,26,12,14
S01012984,472,220,252,342,171,171,130,49,81,5,2,3,19,9,10,12,6,6,7,3,4,3,1,2,4,2,2,23,9,14,33,8,25,24,9,15
S01012985,574,284,290,394,211,183,180,73,107,7,5,2,26,14,12,17,5,12,5,3,2,10,6,4,6,0,6,25,11,14,49,15,34,35,14,21
S01012986,560,273,287,369,193,176,191,80,111,7,4,3,19,9,10,23,10,13,17,8,9,7,2,5,6,4,2,34,16,18,55,16,39,23,11,12
S01012987,539,263,276,352,169,183,187,94,93,6,3,3,20,13,7,15,9,6,10,5,5,8,3,5,8,4,4,29,13,16,61,25,36,30,19,11
S01012988,620,293,327,388,199,189,232,94,138,8,7,1,31,12,19,19,9,10,16,6,10,6,2,4,6,3,3,42,16,26,73,25,48,31,14,17
S01012989,663,318,345,445,222,223,218,96,122,12,7,5,22,13,9,21,12,9,13,6,7,6,4,2,5,1,4,38,17,21,68,21,47,33,15,18
S01012990,429,198,231,279,132,147,150,66,84,5,2,3,19,10,9,14,9,5,8,8,0,10,5,5,10,7,3,15,2,13,46,14,32,23,9,14
S01012991,561,265,296,365,177,188,196,88,108,5,4,1,30,12,18,19,12,7,16,8,8,13,4,9,7,4,3,26,9,17,61,26,35,19,9,10
S01012992,549,258,291,358,177,181,191,81,110,5,5,0,20,10,10,13,8,5,13,4,9,11,0,11,10,3,7,32,11,21,54,18,36,33,22,11
S01012993,494,221,273,302,141,161,192,80,112,6,5,1,16,10,6,18,8,10,17,6,11,9,6,3,12,6,6,30,13,17,53,13,40,31,13,18
S01012994,656,341,315,417,227,190,239,114,125,18,9,9,38,24,14,26,14,12,13,4,9,14,4,10,8,2,6,25,12,13,66,28,38,31,17,14
S01012995,628,309,319,471,239,232,157,70,87,14,12,2,23,8,15,10,5,5,8,4,4,10,8,2,8,2,6,18,7,11,49,14,35,17,10,7
S01012996,533,248,285,388,191,197,145,57,88,12,7,5,23,10,13,19,6,13,9,5,4,4,3,1,4,1,3,10,3,7,43,12,31,21,10,11
S01012997,364,179,185,207,107,100,157,72,85,6,3,3,19,13,6,15,10,5,11,5,6,9,4,5,11,4,7,33,15,18,35,8,27,18,10,8
S01012998,771,365,406,561,277,284,210,88,122,16,6,10,23,10,13,11,4,7,6,3,3,9,1,8,14,7,7,39,19,20,53,13,40,39,25,14
S01012999,346,170,176,237,122,115,109,48,61,6,4,2,13,7,6,9,3,6,9,7,2,3,0,3,4,1,3,15,6,9,34,10,24,16,10,6
S01013000,475,221,254,313,158,155,162,63,99,12,6,6,17,6,11,14,8,6,14,2,12,9,4,5,4,2,2,26,10,16,54,19,35,12,6,6
S01013001,282,137,145,196,104,92,86,33,53,4,0,4,12,2,10,8,4,4,2,2,0,6,2,4,7,3,4,8,2,6,29,13,16,10,5,5
S01013002,367,188,179,252,144,108,115,44,71,8,4,4,15,8,7,9,1,8,6,4,2,6,1,5,6,2,4,29,9,20,21,4,17,15,11,4
S01013003,454,219,235,287,150,137,167,69,98,2,1,1,13,5,8,14,8,6,12,6,6,5,3,2,15,8,7,31,15,16,57,12,45,18,11,7
S01013004,474,217,257,322,162,160,152,55,97,5,2,3,22,6,16,16,8,8,9,6,3,10,3,7,10,3,7,21,13,8,36,6,30,23,8,15
S01013005,517,247,270,336,169,167,181,78,103,5,3,2,30,18,12,15,8,7,13,8,5,5,1,4,6,1,5,24,11,13,53,16,37,30,12,18
S01013006,457,225,232,307,169,138,150,56,94,9,6,3,20,14,6,12,4,8,6,1,5,5,1,4,3,1,2,26,9,17,38,8,30,31,12,19
S01013007,654,294,360,399,199,200,255,95,160,6,1,5,32,16,16,23,10,13,19,7,12,5,3,2,9,4,5,50,18,32,82,22,60,29,14,15
S01013008,570,258,312,339,177,162,231,81,150,8,3,5,30,15,15,21,8,13,16,6,10,11,4,7,5,2,3,38,16,22,75,18,57,27,9,18
S01013009,439,188,251,272,128,144,167,60,107,4,3,1,23,12,11,12,3,9,12,5,7,4,1,3,10,3,7,33,11,22,53,15,38,16,7,9
S01013010,438,218,220,312,164,148,126,54,72,6,3,3,9,7,2,12,5,7,6,3,3,1,0,1,8,3,5,17,5,12,47,13,34,20,15,5
S01013011,477,219,258,344,168,176,133,51,82,5,2,3,15,6,9,6,2,4,10,4,6,7,2,5,6,3,3,16,5,11,39,10,29,29,17,12
S01013012,476,217,259,305,143,162,171,74,97,5,3,2,10,5,5,16,9,7,10,4,6,12,6,6,10,4,6,26,9,17,44,16,28,38,18,20
S01013013,510,240,270,360,186,174,150,54,96,9,3,6,20,9,11,11,6,5,5,3,2,6,4,2,11,2,9,39,12,27,34,6,28,15,9,6
S01013014,523,252,271,336,178,158,187,74,113,4,3,1,27,11,16,11,5,6,11,7,4,7,3,4,8,2,6,39,15,24,55,14,41,25,14,11
S01013015,531,257,274,392,203,189,139,54,85,8,4,4,21,12,9,11,3,8,8,3,5,2,1,1,7,2,5,21,9,12,43,11,32,18,9,9
S01013016,459,229,230,324,170,154,135,59,76,6,3,3,19,9,10,6,3,3,7,2,5,6,2,4,10,6,4,24,14,10,38,10,28,19,10,9
S01013017,596,283,313,377,190,187,219,93,126,6,4,2,22,9,13,17,7,10,9,4,5,10,4,6,15,5,10,37,16,21,76,30,46,27,14,13
S01013018,687,325,362,468,238,230,219,87,132,9,3,6,26,13,13,15,8,7,11,7,4,11,6,5,9,3,6,48,20,28,68,20,48,22,7,15
S01013019,634,298,336,460,234,226,174,64,110,6,4,2,33,11,22,16,3,13,7,5,2,12,4,8,8,5,3,29,11,18,37,9,28,26,12,14
S01013020,333,158,175,238,115,123,95,43,52,5,3,2,8,5,3,6,4,2,2,1,1,1,1,0,5,3,2,16,7,9,40,12,28,12,7,5
S01013021,342,164,178,243,125,118,99,39,60,3,2,1,12,5,7,7,4,3,8,6,2,6,1,5,2,0,2,16,2,14,25,8,17,20,11,9
S01013022,310,151,159,210,102,108,100,49,51,4,4,0,16,5,11,7,3,4,5,1,4,6,6,0,4,0,4,19,7,12,20,10,10,19,13,6
S01013023,642,306,336,401,197,204,241,109,132,8,6,2,24,11,13,22,15,7,19,9,10,12,5,7,9,4,5,54,25,29,68,20,48,25,14,11
S01013024,365,175,190,241,124,117,124,51,73,8,5,3,9,5,4,13,5,8,8,3,5,2,1,1,9,3,6,19,7,12,41,12,29,15,10,5
S01013025,413,205,208,282,144,138,131,61,70,1,0,1,13,4,9,15,9,6,8,4,4,6,4,2,3,1,2,31,17,14,31,12,19,23,10,13
S01013026,760,388,372,506,254,252,254,134,120,7,6,1,25,13,12,14,6,8,16,11,5,11,6,5,20,15,5,55,28,27,71,36,35,35,13,22
S01013027,726,331,395,390,182,208,336,149,187,15,9,6,33,14,19,41,22,19,8,2,6,8,5,3,17,11,6,52,21,31,96,38,58,66,27,39
S01013028,367,190,177,266,154,112,101,36,65,9,4,5,11,5,6,10,4,6,2,0,2,5,1,4,4,2,2,17,8,9,26,8,18,17,4,13
S01013029,435,209,226,251,126,125,184,83,101,7,4,3,13,7,6,12,6,6,8,5,3,8,6,2,6,3,3,33,13,20,71,25,46,26,14,12
S01013030,454,216,238,273,140,133,181,76,105,3,2,1,19,13,6,15,9,6,7,5,2,5,2,3,5,2,3,26,10,16,58,17,41,43,16,27
S01013031,479,225,254,300,144,156,179,81,98,5,3,2,19,11,8,17,6,11,12,5,7,9,3,6,19,8,11,24,17,7,53,23,30,21,5,16
S01013032,564,276,288,461,241,220,103,35,68,9,6,3,18,6,12,6,4,2,10,4,6,7,1,6,5,2,3,15,4,11,22,6,16,11,2,9
S01013033,496,240,256,373,187,186,123,53,70,4,1,3,18,6,12,12,6,6,4,2,2,11,2,9,2,2,0,17,6,11,35,15,20,20,13,7
S01013034,537,251,286,335,159,176,202,92,110,8,4,4,23,15,8,12,5,7,9,1,8,8,4,4,5,0,5,37,15,22,73,38,35,27,10,17
S01013035,506,223,283,293,141,152,213,82,131,9,2,7,23,12,11,14,6,8,10,3,7,8,2,6,11,3,8,29,9,20,76,32,44,33,13,20
S01013036,585,274,311,344,166,178,241,108,133,15,7,8,32,17,15,25,7,18,8,4,4,8,4,4,5,3,2,32,14,18,58,23,35,58,29,29
S01013037,567,277,290,397,200,197,170,77,93,10,6,4,25,15,10,18,9,9,6,4,2,9,5,4,4,0,4,16,5,11,60,22,38,22,11,11
S01013038,701,338,363,460,232,228,241,106,135,11,4,7,26,17,9,23,9,14,8,3,5,15,9,6,10,8,2,29,10,19,63,19,44,56,27,29
S01013039,416,190,226,324,158,166,92,32,60,7,4,3,14,6,8,7,2,5,4,1,3,1,0,1,1,0,1,11,3,8,18,4,14,29,12,17
S01013040,480,230,250,287,150,137,193,80,113,6,4,2,25,16,9,10,4,6,11,9,2,9,4,5,9,3,6,33,10,23,74,19,55,16,11,5
S01013041,445,232,213,326,177,149,119,55,64,6,3,3,11,8,3,10,4,6,5,4,1,5,1,4,3,0,3,21,7,14,40,14,26,18,14,4
S01013042,613,306,307,448,218,230,165,88,77,10,7,3,20,13,7,14,7,7,4,3,1,5,2,3,2,1,1,21,9,12,54,24,30,35,22,13
S01013043,510,242,268,295,149,146,215,93,122,8,5,3,21,10,11,22,15,7,16,6,10,6,3,3,6,4,2,27,7,20,58,26,32,51,17,34
S01013044,610,285,325,362,186,176,248,99,149,5,2,3,29,12,17,19,6,13,12,7,5,10,4,6,8,5,3,35,19,16,87,24,63,43,20,23
S01013045,490,224,266,346,177,169,144,47,97,5,1,4,15,6,9,13,9,4,13,6,7,1,0,1,6,0,6,15,2,13,49,12,37,27,11,16
S01013046,392,189,203,234,111,123,158,78,80,2,2,0,15,8,7,9,4,5,9,7,2,6,2,4,5,3,2,23,13,10,54,23,31,35,16,19
S01013047,685,337,348,538,271,267,147,66,81,3,1,2,20,12,8,7,4,3,10,4,6,2,0,2,10,6,4,24,9,15,38,9,29,33,21,12
S01013048,646,331,315,510,266,244,136,65,71,7,5,2,23,11,12,11,8,3,6,4,2,10,2,8,6,1,5,17,8,9,46,21,25,10,5,5
S01013049,639,317,322,440,225,215,199,92,107,11,5,6,32,18,14,12,8,4,12,7,5,13,6,7,6,2,4,27,13,14,60,17,43,26,16,10
S01013050,608,291,317,328,161,167,280,130,150,9,3,6,24,16,8,15,7,8,16,10,6,8,5,3,5,4,1,49,24,25,106,38,68,48,23,25
S01013051,667,323,344,416,209,207,251,114,137,13,7,6,21,13,8,18,7,11,14,11,3,10,4,6,2,2,0,39,11,28,99,42,57,35,17,18
S01013052,522,231,291,320,150,170,202,81,121,6,3,3,26,14,12,15,1,14,10,6,4,7,5,2,1,0,1,34,19,15,67,21,46,36,12,24
S01013053,465,219,246,261,123,138,204,96,108,4,1,3,19,10,9,18,8,10,6,5,1,8,3,5,7,5,2,31,10,21,74,35,39,37,19,18
S01013054,504,243,261,332,167,165,172,76,96,9,4,5,19,12,7,15,7,8,9,5,4,12,6,6,9,4,5,26,11,15,51,17,34,22,10,12
S01013055,512,247,265,306,156,150,206,91,115,4,1,3,20,10,10,27,13,14,12,5,7,6,2,4,7,3,4,29,12,17,71,28,43,30,17,13
S01013056,677,318,359,421,202,219,256,116,140,8,5,3,22,16,6,19,9,10,6,3,3,6,2,4,7,4,3,39,17,22,101,39,62,48,21,27
S01013057,602,265,337,313,139,174,289,126,163,8,5,3,42,24,18,20,7,13,21,9,12,14,5,9,10,4,6,37,19,18,78,29,49,59,24,35
S01013058,414,202,212,338,168,170,76,34,42,6,3,3,10,6,4,9,2,7,4,2,2,4,2,2,0,0,0,8,2,6,14,4,10,21,13,8
S01013059,521,258,263,307,171,136,214,87,127,12,5,7,19,13,6,13,7,6,15,5,10,9,5,4,16,8,8,43,13,30,63,17,46,24,14,10
S01013060,381,193,188,236,130,106,145,63,82,4,3,1,15,9,6,16,10,6,8,4,4,7,3,4,5,2,3,20,7,13,41,9,32,29,16,13
S01013061,563,270,293,339,169,170,224,101,123,4,3,1,23,15,8,22,9,13,11,6,5,7,3,4,4,2,2,46,22,24,90,30,60,17,11,6
S01013062,573,277,296,374,201,173,199,76,123,7,1,6,24,9,15,14,7,7,5,2,3,10,6,4,10,4,6,37,15,22,61,13,48,31,19,12
S01013063,580,280,300,367,193,174,213,87,126,16,7,9,24,11,13,11,4,7,7,5,2,13,6,7,9,4,5,43,16,27,63,23,40,27,11,16
S01013064,634,306,328,379,194,185,255,112,143,17,13,4,22,15,7,10,5,5,22,8,14,5,1,4,11,3,8,47,18,29,87,30,57,34,19,15
S01013065,661,328,333,391,204,187,270,124,146,3,1,2,27,20,7,20,10,10,13,5,8,12,5,7,8,5,3,40,17,23,100,40,60,47,21,26
S01013066,552,274,278,365,185,180,187,89,98,8,4,4,24,12,12,16,8,8,13,9,4,7,2,5,7,2,5,21,5,16,57,26,31,34,21,13
S01013067,768,377,391,424,206,218,344,171,173,38,21,17,106,56,50,33,14,19,26,11,15,8,4,4,3,1,2,8,2,6,20,13,7,102,49,53
S01013068,636,301,335,338,161,177,298,140,158,24,14,10,61,26,35,20,12,8,20,13,7,10,7,3,10,5,5,27,13,14,63,29,34,63,21,42
S01013069,648,314,334,356,156,200,292,158,134,32,13,19,91,51,40,21,9,12,14,10,4,5,4,1,5,3,2,14,10,4,18,8,10,92,50,42
S01013070,546,267,279,264,130,134,282,137,145,23,10,13,59,38,21,19,6,13,13,6,7,5,3,2,4,2,2,10,4,6,30,16,14,119,52,67
S01013071,914,433,481,468,197,271,446,236,210,58,29,29,142,72,70,37,16,21,23,18,5,8,4,4,3,2,1,11,5,6,11,9,2,153,81,72
S01013072,408,201,207,204,99,105,204,102,102,7,4,3,19,13,6,15,7,8,9,4,5,7,2,5,4,4,0,27,12,15,73,34,39,43,22,21
S01013073,585,251,334,344,153,191,241,98,143,9,1,8,29,15,14,18,6,12,16,3,13,8,3,5,2,2,0,31,12,19,59,27,32,69,29,40
S01013074,493,234,259,248,120,128,245,114,131,9,6,3,31,22,9,9,5,4,11,5,6,14,7,7,7,4,3,26,9,17,74,29,45,64,27,37
S01013075,657,339,318,294,157,137,363,182,181,11,5,6,56,41,15,22,15,7,14,4,10,17,11,6,7,6,1,37,15,22,128,58,70,71,27,44
S01013076,641,306,335,321,168,153,320,138,182,34,17,17,89,38,51,22,13,9,4,4,0,2,0,2,7,3,4,7,2,5,25,5,20,130,56,74
S01013077,504,226,278,260,121,139,244,105,139,7,5,2,20,8,12,20,11,9,11,3,8,9,2,7,10,5,5,42,19,23,86,38,48,39,14,25
S01013078,417,198,219,221,110,111,196,88,108,13,8,5,32,15,17,9,2,7,11,7,4,8,3,5,5,3,2,25,9,16,51,25,26,42,16,26
S01013079,1022,379,643,599,295,304,423,84,339,25,5,20,42,13,29,42,8,34,14,2,12,2,0,2,17,1,16,48,9,39,87,21,66,146,25,121
S01013080,645,331,314,407,215,192,238,116,122,15,10,5,46,28,18,21,10,11,14,4,10,7,4,3,4,1,3,23,10,13,60,20,40,48,29,19
S01013081,498,237,261,326,172,154,172,65,107,7,2,5,22,9,13,14,4,10,8,1,7,8,2,6,8,5,3,35,14,21,59,20,39,11,8,3
S01013082,660,322,338,434,220,214,226,102,124,7,5,2,30,16,14,22,13,9,12,4,8,9,7,2,5,2,3,41,17,24,81,28,53,19,10,9
S01013083,2163,971,1192,725,320,405,1438,651,787,249,114,135,572,252,320,95,40,55,31,12,19,17,11,6,4,2,2,20,5,15,34,14,20,416,201,215
S01013084,530,261,269,352,191,161,178,70,108,10,8,2,20,9,11,16,5,11,11,5,6,9,3,6,10,2,8,31,15,16,57,16,41,14,7,7
S01013085,486,217,269,204,105,99,282,112,170,4,3,1,50,22,28,16,11,5,7,2,5,7,4,3,5,0,5,24,9,15,53,11,42,116,50,66
S01013086,679,326,353,444,227,217,235,99,136,8,2,6,44,18,26,30,15,15,10,5,5,5,2,3,9,5,4,21,9,12,58,20,38,50,23,27
S01013087,610,288,322,349,183,166,261,105,156,9,6,3,46,18,28,24,15,9,14,9,5,6,2,4,8,4,4,29,11,18,64,20,44,61,20,41
S01013088,687,349,338,425,238,187,262,111,151,9,3,6,22,9,13,18,12,6,7,4,3,17,8,9,14,6,8,45,22,23,90,26,64,40,21,19
S01013089,563,268,295,338,180,158,225,88,137,7,4,3,30,13,17,12,8,4,11,6,5,12,6,6,14,3,11,42,18,24,63,20,43,34,10,24
S01013090,651,333,318,426,222,204,225,111,114,29,12,17,53,28,25,17,6,11,8,4,4,3,2,1,5,3,2,29,13,16,25,7,18,56,36,20
S01013091,448,237,211,285,149,136,163,88,75,24,16,8,38,21,17,14,8,6,11,6,5,3,3,0,3,2,1,7,2,5,8,1,7,55,29,26
S01013092,676,318,358,441,220,221,235,98,137,15,2,13,31,7,24,24,11,13,21,11,10,2,0,2,4,2,2,32,10,22,50,22,28,56,33,23
S01013093,357,180,177,229,130,99,128,50,78,4,3,1,9,4,5,14,6,8,5,0,5,6,4,2,9,4,5,31,16,15,37,7,30,13,6,7
S01013094,446,218,228,274,142,132,172,76,96,4,0,4,16,10,6,12,5,7,6,2,4,5,5,0,7,2,5,37,18,19,62,18,44,23,16,7
S01013095,607,301,306,415,232,183,192,69,123,10,4,6,21,7,14,11,3,8,12,5,7,10,4,6,5,2,3,45,14,31,44,11,33,34,19,15
S01013096,420,194,226,240,115,125,180,79,101,4,1,3,18,7,11,8,7,1,16,5,11,6,2,4,2,1,1,22,8,14,32,12,20,72,36,36
S01013097,466,221,245,342,175,167,124,46,78,7,5,2,14,3,11,11,5,6,8,6,2,8,2,6,3,0,3,25,7,18,34,9,25,14,9,5
S01013098,416,203,213,323,178,145,93,25,68,4,0,4,10,3,7,5,1,4,8,1,7,6,0,6,2,1,1,15,1,14,22,5,17,21,13,8
S01013099,645,311,334,419,212,207,226,99,127,2,1,1,27,14,13,23,11,12,17,10,7,13,5,8,10,5,5,37,16,21,69,21,48,28,16,12
S01013100,416,201,215,235,133,102,181,68,113,1,1,0,12,6,6,10,4,6,11,5,6,8,4,4,5,0,5,32,19,13,77,14,63,25,15,10
S01013101,716,337,379,427,206,221,289,131,158,7,5,2,38,26,12,21,11,10,14,7,7,15,4,11,15,5,10,43,22,21,93,37,56,43,14,29
S01013102,409,189,220,255,128,127,154,61,93,2,2,0,10,4,6,13,9,4,11,5,6,12,5,7,3,2,1,30,9,21,60,19,41,13,6,7
S01013103,590,280,310,432,212,220,158,68,90,14,4,10,15,11,4,13,2,11,6,2,4,7,3,4,4,0,4,27,14,13,42,12,30,30,20,10
S01013104,718,343,375,474,244,230,244,99,145,14,4,10,20,11,9,15,9,6,16,5,11,6,2,4,14,9,5,39,16,23,92,29,63,28,14,14
S01013105,658,322,336,418,220,198,240,102,138,6,4,2,30,16,14,8,2,6,15,4,11,16,7,9,14,8,6,39,20,19,83,23,60,29,18,11
S01013106,577,287,290,406,217,189,171,70,101,11,5,6,31,16,15,13,4,9,7,4,3,6,2,4,5,1,4,29,14,15,44,13,31,25,11,14
S01013107,512,266,246,337,177,160,175,89,86,7,3,4,20,12,8,17,8,9,6,4,2,12,6,6,7,3,4,39,24,15,48,16,32,19,13,6
S01013108,436,204,232,256,131,125,180,73,107,9,5,4,23,11,12,17,9,8,11,4,7,6,1,5,3,1,2,49,18,31,45,15,30,17,9,8
S01013109,824,422,402,572,308,264,252,114,138,4,2,2,28,15,13,16,9,7,13,4,9,9,4,5,16,8,8,37,10,27,59,17,42,70,45,25
S01013110,437,231,206,299,176,123,138,55,83,4,3,1,17,9,8,10,3,7,10,4,6,9,1,8,6,2,4,24,10,14,39,14,25,19,9,10
S01013111,341,164,177,225,113,112,116,51,65,4,4,0,23,11,12,7,3,4,9,1,8,3,1,2,7,4,3,20,9,11,27,9,18,16,9,7
S01013112,457,222,235,310,162,148,147,60,87,12,3,9,22,8,14,16,8,8,5,5,0,6,1,5,6,2,4,20,7,13,42,18,24,18,8,10
S01013113,572,267,305,348,168,180,224,99,125,7,3,4,39,20,19,22,9,13,20,12,8,2,1,1,6,4,2,23,7,16,78,31,47,27,12,15
S01013114,620,315,305,417,225,192,203,90,113,3,3,0,30,19,11,15,6,9,16,7,9,8,2,6,7,3,4,42,14,28,57,24,33,25,12,13
S01013115,465,229,236,306,159,147,159,70,89,6,1,5,21,9,12,10,4,6,11,6,5,7,5,2,7,3,4,26,11,15,58,23,35,13,8,5
S01013116,559,263,296,339,175,164,220,88,132,9,4,5,29,14,15,14,6,8,12,7,5,12,2,10,15,5,10,37,15,22,75,29,46,17,6,11
S01013117,477,239,238,358,191,167,119,48,71,3,2,1,15,7,8,6,3,3,8,2,6,4,2,2,8,1,7,23,6,17,35,14,21,17,11,6
S01013118,418,216,202,313,169,144,105,47,58,5,3,2,17,6,11,9,3,6,7,5,2,2,0,2,3,1,2,20,7,13,30,16,14,12,6,6
S01013119,607,294,313,393,201,192,214,93,121,6,2,4,26,9,17,16,11,5,8,3,5,13,5,8,10,5,5,43,22,21,71,29,42,21,7,14
S01013120,736,375,361,531,280,251,205,95,110,6,3,3,39,18,21,13,7,6,4,3,1,8,3,5,10,6,4,38,13,25,64,30,34,23,12,11
S01013121,314,155,159,226,115,111,88,40,48,3,1,2,19,10,9,12,5,7,6,3,3,1,1,0,4,3,1,12,6,6,23,6,17,8,5,3
S01013122,446,246,200,218,107,111,228,139,89,14,8,6,28,25,3,22,17,5,15,12,3,9,3,6,8,3,5,17,8,9,69,39,30,46,24,22
S01013123,568,260,308,331,149,182,237,111,126,10,8,2,35,22,13,19,9,10,14,3,11,8,5,3,10,5,5,38,15,23,63,25,38,40,19,21
S01013124,537,253,284,332,155,177,205,98,107,8,4,4,13,8,5,20,9,11,14,8,6,3,1,2,10,7,3,21,10,11,76,29,47,40,22,18
S01013125,587,281,306,321,166,155,266,115,151,12,9,3,37,22,15,18,4,14,16,5,11,11,5,6,12,9,3,46,16,30,71,28,43,43,17,26
S01013126,547,255,292,264,121,143,283,134,149,8,6,2,36,18,18,32,17,15,13,5,8,9,4,5,12,7,5,31,12,19,77,35,42,65,30,35
S01013127,585,241,344,270,122,148,315,119,196,7,5,2,35,19,16,18,9,9,16,5,11,16,3,13,10,5,5,49,13,36,101,31,70,63,29,34
S01013128,517,253,264,321,144,177,196,109,87,9,4,5,32,14,18,12,4,8,12,9,3,9,3,6,9,7,2,23,14,9,61,37,24,29,17,12
S01013129,858,396,462,514,259,255,344,137,207,11,3,8,40,21,19,29,13,16,23,11,12,13,5,8,16,6,10,53,20,33,103,37,66,56,21,35
S01013130,515,208,307,269,117,152,246,91,155,10,4,6,26,12,14,20,12,8,21,7,14,7,2,5,17,8,9,26,5,21,46,17,29,73,24,49
S01013131,484,220,264,304,135,169,180,85,95,4,3,1,35,15,20,14,7,7,12,5,7,6,1,5,8,1,7,37,15,22,41,23,18,23,15,8
S01013132,429,196,233,239,107,132,190,89,101,13,5,8,27,16,11,12,7,5,3,1,2,3,1,2,9,3,6,21,7,14,59,24,35,43,25,18
S01013133,611,307,304,329,160,169,282,147,135,9,6,3,28,13,15,16,5,11,15,4,11,11,3,8,6,2,4,53,33,20,95,57,38,49,24,25
S01013134,601,292,309,382,195,187,219,97,122,8,5,3,21,12,9,14,6,8,11,5,6,7,2,5,7,2,5,41,17,24,76,30,46,34,18,16
S01013135,559,254,305,289,122,167,270,132,138,9,7,2,31,22,9,26,13,13,13,5,8,17,5,12,9,5,4,23,10,13,79,36,43,63,29,34
S01013136,699,352,347,389,215,174,310,137,173,5,1,4,41,20,21,32,19,13,14,7,7,7,6,1,13,6,7,55,22,33,93,33,60,50,23,27
S01013137,565,276,289,303,152,151,262,124,138,7,6,1,23,13,10,18,12,6,12,4,8,2,0,2,12,6,6,39,25,14,104,33,71,45,25,20
S01013138,492,209,283,250,114,136,242,95,147,12,6,6,35,15,20,24,10,14,15,4,11,7,1,6,11,3,8,31,9,22,59,18,41,48,29,19
S01013139,647,317,330,300,137,163,347,180,167,11,8,3,44,23,21,24,14,10,20,12,8,14,6,8,10,3,7,55,26,29,110,53,57,59,35,24
S01013140,598,271,327,300,137,163,298,134,164,8,5,3,28,14,14,21,9,12,18,11,7,4,3,1,9,4,5,33,13,20,99,37,62,78,38,40
S01013141,461,222,239,249,119,130,212,103,109,8,5,3,20,11,9,11,7,4,9,5,4,7,2,5,8,5,3,35,12,23,68,30,38,46,26,20
S01013142,566,255,311,256,110,146,310,145,165,16,12,4,27,12,15,27,13,14,22,12,10,13,6,7,12,1,11,28,8,20,104,47,57,61,34,27
S01013143,651,317,334,384,181,203,267,136,131,16,14,2,30,18,12,19,9,10,12,6,6,10,4,6,9,5,4,47,22,25,80,31,49,44,27,17
S01013144,666,313,353,377,188,189,289,125,164,6,3,3,29,11,18,20,12,8,20,7,13,8,6,2,12,1,11,54,25,29,95,35,60,45,25,20
S01013145,528,258,270,297,152,145,231,106,125,9,5,4,23,13,10,19,10,9,6,6,0,11,5,6,12,7,5,23,9,14,87,28,59,41,23,18
S01013146,327,160,167,190,93,97,137,67,70,7,5,2,14,9,5,11,5,6,6,4,2,4,2,2,1,1,0,25,9,16,48,20,28,21,12,9
S01013147,515,253,262,337,176,161,178,77,101,5,2,3,14,6,8,11,4,7,10,2,8,7,2,5,5,2,3,28,11,17,59,24,35,39,24,15
S01013148,565,263,302,384,179,205,181,84,97,3,1,2,14,10,4,16,9,7,8,4,4,7,3,4,11,6,5,35,15,20,60,24,36,27,12,15
S01013149,619,279,340,414,201,213,205,78,127,10,3,7,31,13,18,17,9,8,10,5,5,8,1,7,9,4,5,26,9,17,56,18,38,38,16,22
S01013150,646,296,350,377,177,200,269,119,150,5,5,0,26,9,17,17,8,9,9,3,6,16,7,9,9,3,6,42,21,21,105,44,61,40,19,21
S01013151,424,196,228,299,152,147,125,44,81,5,3,2,18,9,9,8,5,3,7,0,7,3,1,2,2,2,0,24,11,13,32,4,28,26,9,17
S01013152,659,313,346,424,214,210,235,99,136,8,4,4,23,10,13,17,8,9,7,4,3,14,6,8,7,2,5,35,12,23,69,31,38,55,22,33
S01013153,621,292,329,311,156,155,310,136,174,13,5,8,39,14,25,21,10,11,26,15,11,13,7,6,10,3,7,40,19,21,81,38,43,67,25,42
S01013154,702,306,396,428,193,235,274,113,161,7,4,3,40,29,11,18,7,11,21,10,11,14,4,10,10,1,9,35,11,24,79,31,48,50,16,34
S01013155,651,286,365,362,166,196,289,120,169,5,4,1,46,24,22,25,11,14,12,4,8,14,2,12,8,5,3,38,13,25,64,25,39,77,32,45
S01013156,619,275,344,336,159,177,283,116,167,11,2,9,18,9,9,25,13,12,9,4,5,11,5,6,10,1,9,47,17,30,79,27,52,73,38,35
S01013157,694,315,379,372,173,199,322,142,180,8,7,1,51,28,23,30,11,19,18,9,9,7,1,6,8,4,4,37,14,23,73,32,41,90,36,54
S01013158,419,199,220,293,152,141,126,47,79,3,0,3,17,8,9,8,3,5,9,5,4,12,6,6,3,0,3,17,8,9,33,9,24,24,8,16
S01013159,553,277,276,367,192,175,186,85,101,6,4,2,21,10,11,13,9,4,10,6,4,7,3,4,6,3,3,42,14,28,53,18,35,28,18,10
S01013160,558,258,300,396,191,205,162,67,95,7,5,2,21,7,14,15,10,5,16,6,10,4,1,3,3,1,2,32,12,20,45,17,28,19,8,11
S01013161,765,381,384,506,260,246,259,121,138,7,4,3,30,17,13,18,7,11,14,8,6,16,4,12,14,6,8,43,21,22,73,34,39,44,20,24
S01013162,610,290,320,339,170,169,271,120,151,11,4,7,22,16,6,18,14,4,21,9,12,8,3,5,13,5,8,45,18,27,96,34,62,37,17,20
S01013163,561,276,285,401,208,193,160,68,92,5,3,2,28,18,10,14,7,7,11,7,4,8,2,6,5,2,3,26,11,15,37,9,28,26,9,17
S01013164,783,412,371,448,243,205,335,169,166,12,6,6,43,27,16,29,16,13,24,15,9,14,6,8,19,15,4,46,19,27,94,40,54,54,25,29
S01013165,643,310,333,405,201,204,238,109,129,5,5,0,41,20,21,16,5,11,18,6,12,6,3,3,13,7,6,31,13,18,73,27,46,35,23,12
S01013166,502,259,243,246,134,112,256,125,131,6,4,2,25,8,17,22,10,12,18,10,8,6,0,6,9,5,4,42,24,18,78,42,36,50,22,28
S01013167,503,267,236,253,134,119,250,133,117,14,8,6,29,16,13,32,17,15,20,11,9,17,9,8,6,4,2,36,18,18,63,37,26,33,13,20
S01013168,658,304,354,344,172,172,314,132,182,5,2,3,21,9,12,26,16,10,22,14,8,7,3,4,12,3,9,48,22,26,112,34,78,61,29,32
S01013169,596,295,301,321,166,155,275,129,146,6,5,1,30,22,8,21,6,15,19,8,11,7,3,4,6,2,4,46,22,24,93,40,53,47,21,26
S01013170,387,203,184,199,109,90,188,94,94,6,5,1,19,12,7,17,13,4,6,2,4,9,2,7,6,5,1,21,9,12,60,31,29,44,15,29
S01013171,493,228,265,334,160,174,159,68,91,10,3,7,25,13,12,11,2,9,4,2,2,7,4,3,7,2,5,24,9,15,37,19,18,34,14,20
S01013172,574,252,322,348,157,191,226,95,131,8,6,2,22,12,10,19,8,11,11,6,5,8,1,7,8,2,6,27,11,16,81,32,49,42,17,25
S01013173,624,304,320,436,214,222,188,90,98,9,6,3,18,8,10,12,8,4,11,5,6,10,2,8,11,5,6,26,18,8,55,19,36,36,19,17
S01013174,600,295,305,458,233,225,142,62,80,8,6,2,33,18,15,9,2,7,3,2,1,7,3,4,5,1,4,24,4,20,26,11,15,27,15,12
S01013175,613,293,320,452,221,231,161,72,89,8,4,4,22,12,10,14,7,7,18,8,10,4,1,3,3,1,2,25,10,15,45,17,28,22,12,10
S01013176,584,284,300,371,183,188,213,101,112,11,6,5,32,15,17,12,8,4,11,5,6,5,0,5,9,1,8,36,14,22,75,34,41,22,18,4
S01013177,485,243,242,336,176,160,149,67,82,5,5,0,24,12,12,13,9,4,10,1,9,6,3,3,8,3,5,27,6,21,35,13,22,21,15,6
S01013178,575,281,294,380,184,196,195,97,98,13,9,4,28,16,12,12,6,6,8,5,3,11,7,4,8,4,4,25,11,14,65,27,38,25,12,13
S01013179,653,314,339,409,204,205,244,110,134,14,8,6,35,15,20,18,13,5,17,9,8,13,3,10,11,8,3,35,15,20,66,25,41,35,14,21
S01013180,354,176,178,253,125,128,101,51,50,10,3,7,16,13,3,10,2,8,8,5,3,5,2,3,0,0,0,14,7,7,20,10,10,18,9,9
S01013181,546,258,288,363,180,183,183,78,105,3,1,2,18,10,8,13,6,7,9,1,8,11,6,5,7,5,2,29,16,13,73,25,48,20,8,12
S01013182,536,254,282,310,163,147,226,91,135,8,4,4,15,4,11,16,11,5,17,8,9,15,3,12,10,5,5,25,10,15,94,33,61,26,13,13
S01013183,657,344,313,458,249,209,199,95,104,13,6,7,18,10,8,14,7,7,18,7,11,16,10,6,5,3,2,34,21,13,58,22,36,23,9,14
S01013184,416,194,222,213,101,112,203,93,110,6,5,1,23,8,15,18,10,8,23,12,11,8,5,3,2,1,1,24,10,14,45,20,25,54,22,32
S01013185,562,253,309,323,151,172,239,102,137,10,4,6,29,14,15,22,11,11,12,3,9,3,2,1,10,1,9,34,15,19,82,37,45,37,15,22
S01013186,496,225,271,293,139,154,203,86,117,13,9,4,21,10,11,14,6,8,20,8,12,9,2,7,8,1,7,21,13,8,58,15,43,39,22,17
S01013187,617,293,324,352,168,184,265,125,140,8,6,2,23,10,13,18,9,9,10,2,8,9,4,5,8,6,2,43,20,23,85,37,48,61,31,30
S01013188,675,340,335,469,235,234,206,105,101,10,7,3,28,18,10,18,10,8,10,4,6,7,2,5,8,3,5,34,17,17,55,24,31,36,20,16
S01013189,480,232,248,318,160,158,162,72,90,6,3,3,22,11,11,13,7,6,3,1,2,9,5,4,5,3,2,29,16,13,55,17,38,20,9,11
S01013190,596,290,306,378,189,189,218,101,117,7,3,4,20,9,11,16,12,4,13,2,11,7,4,3,9,5,4,37,13,24,77,37,40,32,16,16
S01013191,789,389,400,587,298,289,202,91,111,8,7,1,28,12,16,15,8,7,6,3,3,5,3,2,7,1,6,24,8,16,63,23,40,46,26,20
S01013192,706,320,386,447,219,228,259,101,158,12,6,6,19,10,9,23,9,14,11,2,9,13,1,12,17,8,9,34,19,15,86,25,61,44,21,23
S01013193,504,245,259,362,184,178,142,61,81,3,1,2,30,19,11,7,4,3,11,5,6,7,0,7,8,5,3,23,9,14,37,13,24,16,5,11
S01013194,471,243,228,328,177,151,143,66,77,11,7,4,16,6,10,18,9,9,10,6,4,6,3,3,3,2,1,24,10,14,42,18,24,13,5,8
S01013195,763,396,367,525,280,245,238,116,122,20,7,13,35,16,19,16,9,7,14,9,5,2,1,1,8,8,0,32,17,15,79,32,47,32,17,15
S01013196,504,273,231,389,210,179,115,63,52,7,5,2,22,15,7,3,1,2,7,3,4,11,3,8,3,1,2,11,9,2,40,19,21,11,7,4
S01013197,412,201,211,255,134,121,157,67,90,4,3,1,20,13,7,12,6,6,17,7,10,7,3,4,4,3,1,33,13,20,45,13,32,15,6,9
S01013198,601,288,313,340,170,170,261,118,143,5,1,4,27,17,10,17,12,5,15,9,6,7,2,5,9,2,7,35,12,23,93,35,58,53,28,25
S01013199,687,342,345,403,204,199,284,138,146,10,2,8,36,26,10,23,13,10,20,8,12,9,3,6,13,9,4,35,19,16,108,43,65,30,15,15
S01013200,529,240,289,306,151,155,223,89,134,4,1,3,26,12,14,11,5,6,9,5,4,10,4,6,16,7,9,23,11,12,62,20,42,62,24,38
S01013201,557,268,289,262,134,128,295,134,161,5,5,0,41,23,18,17,9,8,8,5,3,8,4,4,11,6,5,34,15,19,108,42,66,63,25,38
S01013202,428,200,228,205,103,102,223,97,126,7,6,1,28,15,13,24,9,15,9,7,2,11,5,6,8,1,7,26,13,13,58,23,35,52,18,34
S01013203,538,265,273,299,155,144,239,110,129,10,6,4,25,11,14,12,5,7,13,6,7,8,2,6,8,5,3,28,8,20,86,39,47,49,28,21
S01013204,610,292,318,422,209,213,188,83,105,8,2,6,24,13,11,17,10,7,19,8,11,9,4,5,6,1,5,19,10,9,51,19,32,35,16,19
S01013205,440,206,234,216,109,107,224,97,127,12,7,5,21,11,10,10,2,8,13,9,4,8,4,4,10,3,7,20,7,13,62,21,41,68,33,35
S01013206,489,241,248,255,133,122,234,108,126,9,5,4,29,17,12,20,8,12,13,8,5,8,3,5,11,4,7,22,10,12,81,34,47,41,19,22
S01013207,596,287,309,350,160,190,246,127,119,6,2,4,28,15,13,18,11,7,13,7,6,6,2,4,13,4,9,34,18,16,87,49,38,41,19,22
S01013208,717,341,376,389,193,196,328,148,180,11,6,5,37,19,18,28,15,13,23,8,15,15,5,10,9,3,6,29,16,13,90,38,52,86,38,48
S01013209,621,288,333,384,188,196,237,100,137,4,4,0,31,16,15,16,9,7,18,5,13,11,5,6,12,4,8,41,16,25,77,33,44,27,8,19
S01013210,475,240,235,317,165,152,158,75,83,4,2,2,22,12,10,17,9,8,9,5,4,5,2,3,3,1,2,28,16,12,48,14,34,22,14,8
S01013211,680,329,351,461,224,237,219,105,114,11,4,7,35,18,17,14,8,6,13,5,8,10,4,6,6,5,1,29,19,10,69,25,44,32,17,15
S01013212,468,247,221,380,201,179,88,46,42,10,4,6,17,11,6,5,2,3,2,1,1,2,2,0,3,3,0,11,4,7,10,3,7,28,16,12
S01013213,449,222,227,338,169,169,111,53,58,3,1,2,13,9,4,10,7,3,9,4,5,3,1,2,9,5,4,17,7,10,19,6,13,28,13,15
S01013214,339,173,166,273,143,130,66,30,36,2,1,1,8,5,3,1,0,1,3,2,1,6,3,3,2,2,0,16,6,10,10,4,6,18,7,11
S01013215,636,321,315,439,222,217,197,99,98,14,9,5,29,19,10,13,8,5,13,7,6,15,10,5,8,5,3,40,17,23,54,18,36,11,6,5
S01013216,441,207,234,265,132,133,176,75,101,5,2,3,31,18,13,9,4,5,7,5,2,8,4,4,9,4,5,18,7,11,49,16,33,40,15,25
S01013217,521,234,287,333,164,169,188,70,118,3,2,1,26,9,17,13,9,4,11,3,8,12,4,8,5,1,4,31,11,20,54,16,38,33,15,18
S01013218,445,198,247,239,113,126,206,85,121,3,1,2,28,12,16,15,6,9,12,3,9,7,2,5,11,7,4,24,9,15,59,25,34,47,20,27
S01013219,405,184,221,230,111,119,175,73,102,13,9,4,26,15,11,13,4,9,12,3,9,9,1,8,7,3,4,30,14,16,43,16,27,22,8,14
S01013220,491,234,257,248,129,119,243,105,138,3,1,2,32,12,20,19,14,5,17,9,8,13,6,7,14,6,8,35,18,17,78,27,51,32,12,20
S01013221,677,315,362,395,193,202,282,122,160,9,6,3,30,10,20,11,7,4,27,6,21,11,7,4,8,5,3,49,21,28,88,42,46,49,18,31
S01013222,433,187,246,216,99,117,217,88,129,9,7,2,15,8,7,8,2,6,17,6,11,7,2,5,13,3,10,33,16,17,80,25,55,35,19,16
S01013223,785,384,401,443,226,217,342,158,184,8,3,5,52,34,18,34,22,12,15,1,14,10,1,9,13,7,6,42,21,21,106,42,64,62,27,35
S01013224,638,317,321,415,204,211,223,113,110,8,4,4,38,23,15,15,7,8,10,5,5,11,5,6,8,5,3,28,13,15,68,33,35,37,18,19
S01013225,589,270,319,328,159,169,261,111,150,9,4,5,27,9,18,14,6,8,13,6,7,8,6,2,4,2,2,29,13,16,98,38,60,59,27,32
S01013226,388,184,204,287,138,149,101,46,55,3,2,1,22,11,11,5,4,1,3,1,2,4,3,1,10,4,6,10,3,7,25,9,16,19,9,10
S01013227,507,246,261,258,131,127,249,115,134,5,3,2,26,12,14,29,15,14,8,3,5,4,0,4,15,5,10,35,17,18,89,41,48,38,19,19
S01013228,575,288,287,357,186,171,218,102,116,12,8,4,26,18,8,13,6,7,13,9,4,9,2,7,14,10,4,32,9,23,72,26,46,27,14,13
S01013229,580,279,301,337,159,178,243,120,123,6,5,1,17,16,1,20,9,11,14,8,6,8,0,8,7,2,5,42,17,25,83,37,46,46,26,20
S01013230,479,223,256,282,143,139,197,80,117,3,2,1,27,13,14,8,1,7,13,4,9,12,7,5,10,6,4,32,8,24,71,29,42,21,10,11
S01013231,559,253,306,350,163,187,209,90,119,8,2,6,22,7,15,13,5,8,14,8,6,7,3,4,9,2,7,33,15,18,70,31,39,33,17,16
S01013232,527,250,277,295,151,144,232,99,133,7,4,3,21,8,13,21,8,13,9,3,6,13,7,6,5,3,2,28,16,12,96,36,60,32,14,18
S01013233,435,221,214,292,162,130,143,59,84,4,3,1,11,9,2,14,8,6,5,4,1,6,4,2,9,2,7,22,8,14,47,13,34,25,8,17
S01013234,303,152,151,235,123,112,68,29,39,4,1,3,13,5,8,7,3,4,0,0,0,2,0,2,6,3,3,11,3,8,19,9,10,6,5,1
S01013235,612,308,304,396,219,177,216,89,127,11,7,4,15,9,6,19,8,11,12,6,6,14,3,11,7,3,4,42,19,23,70,26,44,26,8,18
S01013236,675,321,354,396,202,194,279,119,160,19,4,15,33,11,22,16,9,7,15,8,7,14,6,8,11,6,5,50,29,21,85,31,54,36,15,21
S01013237,617,304,313,429,235,194,188,69,119,11,6,5,26,7,19,11,6,5,6,4,2,4,3,1,7,3,4,30,9,21,59,19,40,34,12,22
S01013238,563,265,298,258,126,132,305,139,166,12,8,4,32,18,14,12,7,5,17,7,10,11,4,7,14,5,9,47,18,29,104,43,61,56,29,27
S01013239,660,295,365,336,170,166,324,125,199,12,7,5,34,13,21,22,11,11,18,11,7,14,7,7,16,4,12,42,15,27,101,35,66,65,22,43
S01013240,403,190,213,204,101,103,199,89,110,11,7,4,15,10,5,20,8,12,13,4,9,5,4,1,8,2,6,29,11,18,55,20,35,43,23,20
S01013241,665,330,335,455,243,212,210,87,123,5,1,4,25,14,11,14,10,4,13,7,6,16,6,10,11,5,6,39,14,25,67,21,46,20,9,11
S01013242,451,227,224,299,158,141,152,69,83,7,2,5,12,7,5,18,9,9,12,4,8,8,3,5,4,2,2,28,16,12,43,13,30,20,13,7
S01013243,569,278,291,329,165,164,240,113,127,6,4,2,38,20,18,15,9,6,18,10,8,8,5,3,16,9,7,23,10,13,79,26,53,37,20,17
S01013244,544,257,287,284,147,137,260,110,150,12,9,3,17,7,10,20,9,11,8,6,2,5,2,3,11,3,8,45,20,25,104,38,66,38,16,22
S01013245,753,372,381,505,261,244,248,111,137,10,4,6,29,16,13,19,10,9,11,6,5,10,3,7,6,3,3,45,20,25,89,34,55,29,15,14
S01013246,345,164,181,240,127,113,105,37,68,5,3,2,12,5,7,3,2,1,1,0,1,4,0,4,2,0,2,15,5,10,51,17,34,12,5,7
S01013247,557,259,298,318,154,164,239,105,134,11,8,3,34,14,20,20,12,8,7,4,3,9,2,7,10,3,7,27,12,15,80,34,46,41,16,25
S01013248,471,228,243,265,129,136,206,99,107,6,4,2,26,19,7,14,7,7,18,6,12,11,6,5,8,2,6,27,12,15,74,29,45,22,14,8
S01013249,337,168,169,225,113,112,112,55,57,1,0,1,20,11,9,9,4,5,4,1,3,2,0,2,2,1,1,13,6,7,40,18,22,21,14,7
S01013250,668,336,332,471,252,219,197,84,113,8,3,5,32,18,14,18,10,8,18,7,11,12,5,7,5,3,2,23,9,14,47,13,34,34,16,18
S01013251,531,260,271,291,162,129,240,98,142,10,6,4,23,13,10,29,12,17,16,7,9,19,11,8,9,0,9,41,13,28,50,17,33,43,19,24
S01013252,521,261,260,314,170,144,207,91,116,10,7,3,21,14,7,22,11,11,13,4,9,13,5,8,9,4,5,36,18,18,59,19,40,24,9,15
S01013253,537,271,266,342,187,155,195,84,111,9,6,3,22,13,9,14,8,6,9,6,3,10,4,6,11,4,7,42,15,27,57,19,38,21,9,12
S01013254,469,226,243,263,139,124,206,87,119,7,5,2,24,14,10,12,5,7,10,5,5,9,2,7,10,4,6,31,16,15,68,22,46,35,14,21
S01013255,1158,821,337,453,253,200,705,568,137,20,14,6,78,62,16,64,59,5,46,35,11,39,34,5,47,39,8,108,87,21,140,92,48,163,146,17
S01013256,516,247,269,349,177,172,167,70,97,7,3,4,13,6,7,17,4,13,14,6,8,5,2,3,5,1,4,25,13,12,48,17,31,33,18,15
S01013257,574,278,296,362,189,173,212,89,123,3,2,1,22,13,9,16,8,8,12,1,11,13,7,6,10,6,4,37,16,21,73,26,47,26,10,16
S01013258,588,286,302,391,208,183,197,78,119,8,3,5,25,12,13,19,9,10,18,9,9,12,5,7,7,3,4,30,10,20,53,16,37,25,11,14
S01013259,622,295,327,398,204,194,224,91,133,11,7,4,38,24,14,15,3,12,15,5,10,11,1,10,11,4,7,34,12,22,63,20,43,26,15,11
S01013260,633,289,344,385,187,198,248,102,146,6,3,3,40,22,18,17,6,11,11,3,8,16,5,11,10,2,8,22,10,12,78,36,42,48,15,33
S01013261,575,272,303,355,186,169,220,86,134,8,2,6,24,10,14,16,5,11,12,6,6,13,6,7,13,9,4,37,13,24,65,19,46,32,16,16
S01013262,485,234,251,289,145,144,196,89,107,8,3,5,19,11,8,18,9,9,17,8,9,12,5,7,10,5,5,36,18,18,52,16,36,24,14,10
S01013263,388,197,191,283,159,124,105,38,67,9,3,6,12,5,7,7,4,3,6,2,4,7,3,4,1,0,1,27,6,21,24,9,15,12,6,6
S01013264,372,185,187,292,152,140,80,33,47,4,3,1,13,6,7,6,4,2,8,5,3,4,3,1,2,0,2,11,2,9,11,5,6,21,5,16
S01013265,478,239,239,381,200,181,97,39,58,9,5,4,13,6,7,5,3,2,4,1,3,7,2,5,1,0,1,16,6,10,10,2,8,32,14,18
S01013266,415,205,210,333,168,165,82,37,45,4,3,1,11,4,7,5,1,4,7,4,3,4,2,2,3,0,3,20,10,10,10,3,7,18,10,8
S01013267,408,190,218,245,115,130,163,75,88,6,1,5,20,10,10,13,6,7,5,1,4,7,5,2,5,2,3,35,18,17,34,9,25,38,23,15
S01013268,613,288,325,423,214,209,190,74,116,9,3,6,32,14,18,14,4,10,14,4,10,12,4,8,8,5,3,30,15,15,40,13,27,31,12,19
S01013269,730,359,371,570,297,273,160,62,98,5,3,2,23,13,10,17,8,9,8,4,4,13,1,12,8,3,5,20,9,11,36,9,27,30,12,18
S01013270,593,287,306,468,234,234,125,53,72,9,7,2,21,13,8,11,3,8,10,3,7,7,3,4,3,2,1,16,3,13,16,3,13,32,16,16
S01013271,469,234,235,293,163,130,176,71,105,4,3,1,22,9,13,14,4,10,8,1,7,13,8,5,10,3,7,34,18,16,51,19,32,20,6,14
S01013272,553,284,269,421,224,197,132,60,72,9,4,5,23,13,10,13,4,9,6,1,5,11,6,5,5,3,2,13,4,9,25,5,20,27,20,7
S01013273,635,329,306,536,288,248,99,41,58,5,5,0,12,4,8,8,3,5,4,1,3,3,0,3,3,2,1,16,3,13,27,9,18,21,14,7
S01013274,651,337,314,449,249,200,202,88,114,16,9,7,33,15,18,19,6,13,15,7,8,10,4,6,9,3,6,33,16,17,38,11,27,29,17,12
S01013275,508,245,263,369,195,174,139,50,89,10,4,6,23,12,11,10,5,5,11,2,9,11,4,7,5,4,1,24,8,16,30,5,25,15,6,9
S01013276,488,258,230,378,203,175,110,55,55,7,5,2,18,12,6,16,8,8,12,3,9,1,0,1,5,2,3,11,6,5,23,10,13,17,9,8
S01013277,681,316,365,451,228,223,230,88,142,4,1,3,24,9,15,20,6,14,4,1,3,16,5,11,9,2,7,30,15,15,80,30,50,43,19,24
S01013278,607,285,322,352,169,183,255,116,139,16,6,10,41,24,17,24,16,8,17,6,11,7,3,4,7,5,2,31,12,19,71,21,50,41,23,18
S01013279,527,240,287,311,148,163,216,92,124,9,4,5,28,13,15,22,12,10,10,3,7,8,1,7,10,3,7,28,12,16,50,24,26,51,20,31
S01013280,412,207,205,272,144,128,140,63,77,7,5,2,20,11,9,10,6,4,15,6,9,5,2,3,3,1,2,28,14,14,35,6,29,17,12,5
S01013281,677,308,369,417,205,212,260,103,157,19,8,11,35,20,15,15,6,9,15,10,5,10,5,5,4,2,2,36,13,23,85,23,62,41,16,25
S01013282,611,288,323,384,181,203,227,107,120,8,4,4,35,23,12,14,3,11,23,12,11,17,6,11,9,4,5,26,12,14,56,22,34,39,21,18
S01013283,524,285,239,386,220,166,138,65,73,9,5,4,19,9,10,11,8,3,6,3,3,13,4,9,4,2,2,21,9,12,19,10,9,36,15,21
S01013284,516,250,266,419,208,211,97,42,55,5,5,0,12,7,5,8,3,5,3,1,2,10,5,5,10,2,8,17,6,11,18,4,14,14,9,5
S01013285,522,247,275,395,190,205,127,57,70,4,4,0,16,9,7,11,3,8,8,4,4,10,4,6,4,2,2,23,9,14,25,7,18,26,15,11
S01013286,534,264,270,408,204,204,126,60,66,3,2,1,15,10,5,15,12,3,6,2,4,4,2,2,6,3,3,23,8,15,34,8,26,20,13,7
S01013287,618,313,305,492,261,231,126,52,74,11,5,6,17,5,12,14,8,6,7,2,5,5,1,4,2,2,0,20,6,14,25,7,18,25,16,9
S01013288,482,236,246,309,157,152,173,79,94,6,4,2,23,13,10,8,5,3,10,5,5,11,6,5,13,6,7,35,12,23,35,12,23,32,16,16
S01013289,562,269,293,395,202,193,167,67,100,2,1,1,23,11,12,16,6,10,13,4,9,7,2,5,12,6,6,27,10,17,40,13,27,27,14,13
S01013290,655,316,339,491,244,247,164,72,92,12,6,6,25,12,13,14,7,7,9,4,5,15,4,11,10,5,5,23,8,15,26,11,15,30,15,15
S01013291,522,260,262,419,218,201,103,42,61,8,1,7,15,5,10,11,5,6,6,3,3,8,4,4,8,1,7,14,3,11,11,4,7,22,16,6
S01013292,602,301,301,438,229,209,164,72,92,12,10,2,24,14,10,17,8,9,16,4,12,8,3,5,3,2,1,26,8,18,37,11,26,21,12,9
S01013293,559,275,284,411,208,203,148,67,81,7,5,2,25,12,13,10,6,4,8,3,5,7,2,5,3,2,1,29,16,13,30,6,24,29,15,14
S01013294,573,283,290,418,210,208,155,73,82,8,6,2,27,16,11,10,5,5,9,4,5,8,0,8,6,4,2,26,15,11,32,9,23,29,14,15
S01013295,609,293,316,460,223,237,149,70,79,16,9,7,28,14,14,15,8,7,5,2,3,5,1,4,4,2,2,23,12,11,20,6,14,33,16,17
S01013296,534,254,280,318,158,160,216,96,120,10,5,5,24,11,13,24,14,10,15,4,11,11,5,6,10,4,6,35,16,19,58,25,33,29,12,17
S01013297,524,250,274,348,177,171,176,73,103,5,2,3,26,13,13,16,6,10,16,9,7,9,6,3,11,1,10,29,13,16,39,12,27,25,11,14
S01013298,505,256,249,323,171,152,182,85,97,6,3,3,21,11,10,11,7,4,8,2,6,10,3,7,8,5,3,33,14,19,53,20,33,32,20,12
S01013299,763,348,415,520,243,277,243,105,138,8,6,2,37,18,19,20,11,9,14,2,12,13,5,8,7,2,5,37,12,25,71,27,44,36,22,14
S01013300,445,217,228,269,149,120,176,68,108,4,1,3,17,9,8,15,11,4,9,4,5,7,5,2,11,2,9,31,11,20,61,13,48,21,12,9
S01013301,373,187,186,235,121,114,138,66,72,8,4,4,18,10,8,8,2,6,4,1,3,7,5,2,7,2,5,22,10,12,43,19,24,21,13,8
S01013302,481,244,237,333,181,152,148,63,85,8,6,2,20,11,9,14,6,8,10,4,6,5,1,4,10,3,7,30,13,17,31,8,23,20,11,9
S01013303,679,331,348,428,225,203,251,106,145,10,5,5,32,18,14,17,12,5,10,8,2,15,7,8,16,4,12,49,15,34,79,22,57,23,15,8
S01013304,710,362,348,434,233,201,276,129,147,21,12,9,33,18,15,29,11,18,31,20,11,12,3,9,11,3,8,31,16,15,69,24,45,39,22,17
S01013305,740,369,371,474,247,227,266,122,144,11,7,4,36,19,17,25,14,11,15,6,9,7,3,4,10,4,6,42,18,24,81,34,47,39,17,22
S01013306,742,378,364,377,207,170,365,171,194,21,8,13,48,28,20,35,16,19,33,18,15,19,11,8,7,5,2,46,18,28,85,45,40,71,22,49
S01013307,792,394,398,460,245,215,332,149,183,22,8,14,54,33,21,32,15,17,17,6,11,14,9,5,13,3,10,50,23,27,61,20,41,69,32,37
S01013308,653,289,364,367,169,198,286,120,166,26,11,15,49,27,22,19,7,12,22,7,15,14,2,12,12,5,7,41,18,23,47,16,31,56,27,29
S01013309,476,243,233,349,191,158,127,52,75,5,2,3,14,6,8,12,7,5,8,6,2,4,2,2,4,0,4,18,3,15,33,14,19,29,12,17
S01013310,483,228,255,317,164,153,166,64,102,8,6,2,22,14,8,16,2,14,7,2,5,8,2,6,8,3,5,32,12,20,41,11,30,24,12,12
S01013311,605,280,325,372,187,185,233,93,140,11,4,7,34,18,16,20,7,13,14,7,7,13,2,11,6,3,3,34,13,21,60,18,42,41,21,20
S01013312,788,393,395,471,259,212,317,134,183,11,8,3,44,25,19,23,11,12,18,12,6,9,1,8,13,3,10,58,23,35,88,32,56,53,19,34
S01013313,509,238,271,307,152,155,202,86,116,7,2,5,26,11,15,18,10,8,14,7,7,11,5,6,4,2,2,22,12,10,45,9,36,55,28,27
S01013314,495,225,270,307,148,159,188,77,111,6,2,4,21,10,11,12,7,5,13,5,8,3,0,3,10,6,4,35,14,21,72,24,48,16,9,7
S01013315,379,190,189,309,163,146,70,27,43,2,1,1,17,7,10,6,2,4,5,1,4,1,1,0,8,2,6,8,4,4,8,3,5,15,6,9
S01013316,498,235,263,319,161,158,179,74,105,8,6,2,19,7,12,12,8,4,8,2,6,11,3,8,6,4,2,41,23,18,56,13,43,18,8,10
S01013317,430,220,210,298,162,136,132,58,74,6,5,1,15,9,6,9,3,6,16,6,10,3,2,1,7,4,3,28,12,16,36,8,28,12,9,3
S01013318,466,234,232,356,184,172,110,50,60,6,3,3,21,11,10,4,4,0,8,5,3,6,3,3,5,2,3,23,8,15,21,8,13,16,6,10
S01013319,422,211,211,310,164,146,112,47,65,10,5,5,11,5,6,5,4,1,6,2,4,7,3,4,4,3,1,14,6,8,24,4,20,31,15,16
S01013320,726,359,367,604,309,295,122,50,72,13,6,7,21,8,13,12,9,3,5,0,5,6,3,3,2,1,1,13,4,9,18,4,14,32,15,17
S01013321,331,159,172,203,104,99,128,55,73,3,2,1,17,12,5,17,6,11,11,6,5,5,3,2,2,0,2,17,9,8,40,10,30,16,7,9
S01013322,556,273,283,388,194,194,168,79,89,9,5,4,23,9,14,12,8,4,10,5,5,7,1,6,7,2,5,21,6,15,44,17,27,35,26,9
S01013323,738,357,381,457,229,228,281,128,153,20,11,9,37,26,11,29,13,16,15,3,12,17,8,9,12,5,7,34,15,19,78,28,50,39,19,20
S01013324,481,231,250,280,150,130,201,81,120,9,4,5,27,12,15,28,13,15,11,6,5,3,1,2,6,2,4,33,10,23,41,19,22,43,14,29
S01013325,641,260,381,344,150,194,297,110,187,14,3,11,31,14,17,20,9,11,15,8,7,10,1,9,15,5,10,36,12,24,80,21,59,76,37,39
S01013326,409,184,225,240,120,120,169,64,105,13,4,9,25,15,10,13,5,8,5,4,1,5,0,5,9,4,5,24,8,16,44,12,32,31,12,19
S01013327,529,247,282,329,160,169,200,87,113,9,6,3,37,17,20,18,9,9,8,5,3,7,2,5,5,2,3,26,11,15,48,12,36,42,23,19
S01013328,465,229,236,287,149,138,178,80,98,5,3,2,25,12,13,16,9,7,9,2,7,7,2,5,15,6,9,25,10,15,41,13,28,35,23,12
S01013329,402,194,208,243,120,123,159,74,85,10,4,6,19,11,8,8,3,5,6,3,3,10,5,5,6,4,2,23,13,10,50,14,36,27,17,10
S01013330,807,415,392,664,359,305,143,56,87,7,6,1,25,12,13,22,9,13,13,4,9,6,2,4,8,4,4,20,8,12,21,5,16,21,6,15
S01013331,475,250,225,374,202,172,101,48,53,18,13,5,18,12,6,13,4,9,4,0,4,3,1,2,2,1,1,7,1,6,15,5,10,21,11,10
S01013332,499,229,270,328,163,165,171,66,105,13,7,6,24,14,10,16,9,7,12,5,7,10,2,8,4,1,3,15,4,11,57,16,41,20,8,12
S01013333,622,313,309,445,245,200,177,68,109,7,2,5,30,16,14,17,9,8,17,4,13,8,3,5,12,3,9,24,9,15,40,13,27,22,9,13
S01013334,555,264,291,350,176,174,205,88,117,13,5,8,22,11,11,22,9,13,12,6,6,7,3,4,19,7,12,32,11,21,39,16,23,39,20,19
S01013335,560,259,301,318,167,151,242,92,150,19,9,10,31,15,16,21,10,11,15,2,13,7,2,5,14,2,12,39,9,30,57,26,31,39,17,22
S01013336,648,312,336,372,183,189,276,129,147,8,5,3,39,19,20,19,8,11,22,13,9,11,5,6,9,5,4,43,19,24,64,22,42,61,33,28
S01013337,732,374,358,495,265,230,237,109,128,11,6,5,20,10,10,24,14,10,16,7,9,10,6,4,10,5,5,50,23,27,63,22,41,33,16,17
S01013338,381,192,189,298,164,134,83,28,55,7,3,4,9,4,5,5,2,3,6,1,5,4,2,2,2,1,1,8,1,7,10,2,8,32,12,20
S01013339,456,217,239,330,163,167,126,54,72,3,2,1,11,2,9,14,4,10,11,6,5,3,1,2,7,4,3,24,10,14,33,10,23,20,15,5
S01013340,656,322,334,450,227,223,206,95,111,8,5,3,28,18,10,20,15,5,14,6,8,13,5,8,10,3,7,38,15,23,45,14,31,30,14,16
S01013341,701,373,328,516,285,231,185,88,97,14,11,3,29,15,14,24,12,12,9,4,5,9,4,5,15,7,8,37,15,22,29,9,20,19,11,8
S01013342,475,254,221,294,163,131,181,91,90,4,2,2,26,11,15,21,10,11,9,6,3,9,6,3,5,3,2,24,8,16,47,26,21,36,19,17
S01013343,504,249,255,348,181,167,156,68,88,8,6,2,28,15,13,9,2,7,5,3,2,6,2,4,5,2,3,30,10,20,41,16,25,24,12,12
S01013344,593,278,315,311,164,147,282,114,168,7,2,5,30,10,20,30,12,18,12,4,8,7,3,4,14,6,8,40,18,22,87,34,53,55,25,30
S01013345,548,267,281,365,205,160,183,62,121,9,4,5,21,8,13,16,10,6,13,4,9,10,3,7,11,4,7,25,7,18,45,6,39,33,16,17
S01013346,616,312,304,471,242,229,145,70,75,11,7,4,23,12,11,7,4,3,12,6,6,6,1,5,9,7,2,19,9,10,25,7,18,33,17,16
S01013347,560,286,274,421,216,205,139,70,69,13,6,7,23,13,10,17,8,9,10,6,4,9,5,4,5,4,1,24,12,12,24,8,16,14,8,6
S01013348,338,167,171,274,140,134,64,27,37,5,5,0,14,2,12,4,2,2,5,2,3,1,0,1,3,2,1,6,0,6,11,5,6,15,9,6
S01013349,611,310,301,475,267,208,136,43,93,15,13,2,25,8,17,8,2,6,12,2,10,7,2,5,1,0,1,18,5,13,16,4,12,34,7,27
S01013350,506,247,259,355,185,170,151,62,89,9,3,6,30,13,17,17,11,6,5,1,4,4,1,3,8,7,1,21,5,16,32,8,24,25,13,12
S01013351,596,288,308,415,207,208,181,81,100,7,6,1,25,12,13,19,11,8,13,4,9,4,3,1,11,6,5,34,11,23,40,11,29,28,17,11
S01013352,674,311,363,466,236,230,208,75,133,10,3,7,21,8,13,21,10,11,12,4,8,16,3,13,7,3,4,36,13,23,51,18,33,34,13,21
S01013353,488,222,266,311,156,155,177,66,111,9,3,6,10,5,5,11,2,9,12,4,8,10,1,9,10,4,6,30,17,13,46,11,35,39,19,20
S01013354,555,271,284,400,201,199,155,70,85,4,2,2,17,10,7,6,4,2,11,5,6,11,4,7,6,2,4,33,19,14,50,14,36,17,10,7
S01013355,482,226,256,319,162,157,163,64,99,5,3,2,17,10,7,14,6,8,8,4,4,7,1,6,8,2,6,27,10,17,51,19,32,26,9,17
S01013356,563,280,283,326,161,165,237,119,118,6,3,3,41,28,13,18,8,10,11,4,7,10,3,7,10,7,3,51,19,32,57,28,29,33,19,14
S01013357,613,295,318,426,218,208,187,77,110,6,3,3,26,14,12,10,6,4,14,8,6,17,6,11,11,4,7,38,16,22,48,13,35,17,7,10
S01013358,607,297,310,397,205,192,210,92,118,8,3,5,21,11,10,15,7,8,11,7,4,13,5,8,9,2,7,36,16,20,68,21,47,29,20,9
S01013359,453,210,243,267,130,137,186,80,106,6,3,3,27,11,16,9,3,6,14,9,5,3,1,2,7,2,5,23,12,11,55,20,35,42,19,23
S01013360,521,250,271,294,147,147,227,103,124,12,9,3,33,19,14,16,4,12,15,9,6,9,2,7,8,1,7,33,13,20,70,32,38,31,14,17
S01013361,448,207,241,255,117,138,193,90,103,8,7,1,16,5,11,12,7,5,15,11,4,9,3,6,9,5,4,30,12,18,67,27,40,27,13,14
S01013362,341,144,197,199,98,101,142,46,96,5,1,4,17,5,12,10,2,8,5,2,3,3,2,1,4,3,1,26,10,16,49,14,35,23,7,16
S01013363,568,289,279,297,162,135,271,127,144,12,9,3,37,20,17,26,13,13,11,4,7,16,7,9,11,5,6,52,24,28,59,22,37,47,23,24
S01013364,690,345,345,460,251,209,230,94,136,13,7,6,20,10,10,13,7,6,17,7,10,10,6,4,10,6,4,39,16,23,77,22,55,31,13,18
S01013365,641,318,323,449,223,226,192,95,97,8,4,4,29,18,11,15,9,6,12,5,7,8,2,6,11,3,8,38,20,18,51,20,31,20,14,6
S01013366,687,332,355,507,258,249,180,74,106,6,3,3,18,6,12,11,5,6,11,2,9,9,5,4,8,5,3,37,15,22,42,15,27,38,18,20
S01013367,452,220,232,348,184,164,104,36,68,5,3,2,10,6,4,2,0,2,6,4,2,6,1,5,6,2,4,15,6,9,26,4,22,28,10,18
S01013368,554,273,281,368,192,176,186,81,105,8,4,4,22,13,9,7,4,3,15,7,8,9,4,5,9,6,3,33,11,22,48,18,30,35,14,21
S01013369,636,282,354,346,178,168,290,104,186,17,11,6,28,15,13,16,4,12,17,7,10,19,9,10,19,7,12,42,20,22,87,24,63,45,7,38
S01013370,435,213,222,231,123,108,204,90,114,13,8,5,39,20,19,14,4,10,18,9,9,10,5,5,10,6,4,26,11,15,53,22,31,21,5,16
S01013371,467,210,257,246,131,115,221,79,142,2,1,1,20,10,10,19,10,9,13,6,7,10,4,6,10,3,7,39,15,24,90,24,66,18,6,12
S01013372,791,367,424,416,206,210,375,161,214,18,13,5,47,23,24,28,15,13,16,6,10,14,4,10,15,2,13,68,30,38,106,40,66,63,28,35
S01013373,667,327,340,379,199,180,288,128,160,7,5,2,38,28,10,25,14,11,11,6,5,12,6,6,21,4,17,55,20,35,79,30,49,40,15,25
S01013374,667,310,357,332,156,176,335,154,181,7,4,3,38,24,14,27,14,13,19,7,12,9,6,3,20,10,10,52,20,32,102,46,56,61,23,38
S01013375,429,204,225,263,130,133,166,74,92,11,7,4,16,7,9,12,6,6,9,3,6,9,4,5,6,1,5,22,11,11,54,21,33,27,14,13
S01013376,435,209,226,248,132,116,187,77,110,6,3,3,26,12,14,8,5,3,13,7,6,11,6,5,2,0,2,26,8,18,74,27,47,21,9,12
S01013377,558,277,281,308,169,139,250,108,142,5,0,5,34,19,15,19,10,9,24,13,11,10,5,5,10,3,7,45,18,27,75,26,49,28,14,14
S01013378,750,364,386,461,233,228,289,131,158,16,8,8,50,22,28,21,12,9,16,8,8,13,6,7,13,7,6,46,25,21,66,27,39,48,16,32
S01013379,664,318,346,433,217,216,231,101,130,10,5,5,31,18,13,11,5,6,4,3,1,20,9,11,10,6,4,49,20,29,65,21,44,31,14,17
S01013380,90,44,46,53,32,21,37,12,25,1,0,1,4,2,2,3,2,1,1,1,0,3,0,3,2,1,1,8,2,6,3,1,2,12,3,9
S01013381,380,185,195,226,127,99,154,58,96,9,2,7,15,9,6,13,5,8,6,1,5,4,0,4,7,5,2,35,10,25,46,17,29,19,9,10
S01013382,421,215,206,304,170,134,117,45,72,8,5,3,10,6,4,6,3,3,4,2,2,4,0,4,9,2,7,17,5,12,45,15,30,14,7,7
S01013383,505,244,261,282,151,131,223,93,130,7,5,2,27,12,15,19,8,11,11,9,2,7,2,5,11,7,4,44,15,29,67,22,45,30,13,17
S01013384,547,259,288,330,166,164,217,93,124,5,4,1,24,12,12,17,10,7,8,5,3,15,4,11,6,2,4,42,21,21,71,27,44,29,8,21
S01013385,372,185,187,260,137,123,112,48,64,4,2,2,16,10,6,9,6,3,9,4,5,3,2,1,3,2,1,24,4,20,29,14,15,15,4,11
S01013386,659,323,336,464,234,230,195,89,106,7,5,2,19,8,11,15,7,8,12,5,7,7,1,6,11,5,6,42,18,24,58,24,34,24,16,8
S01013387,407,193,214,234,125,109,173,68,105,4,2,2,28,14,14,11,6,5,8,4,4,4,2,2,9,3,6,39,12,27,42,14,28,28,11,17
S01013388,534,260,274,319,164,155,215,96,119,10,5,5,24,16,8,17,10,7,14,7,7,4,2,2,8,5,3,32,14,18,81,28,53,25,9,16
S01013389,588,287,301,411,209,202,177,78,99,8,6,2,25,12,13,16,6,10,12,9,3,6,1,5,12,3,9,27,15,12,44,12,32,27,14,13
S01013390,353,179,174,228,123,105,125,56,69,5,3,2,12,4,8,10,5,5,11,6,5,4,3,1,5,3,2,31,12,19,36,14,22,11,6,5
S01013391,318,152,166,212,104,108,106,48,58,7,6,1,10,5,5,12,3,9,10,7,3,5,3,2,6,1,5,14,5,9,27,12,15,15,6,9
S01013392,549,275,274,475,243,232,74,32,42,4,2,2,12,8,4,9,2,7,8,4,4,6,1,5,0,0,0,10,5,5,9,2,7,16,8,8
S01013393,521,261,260,306,161,145,215,100,115,11,6,5,27,15,12,14,3,11,13,8,5,14,7,7,7,3,4,40,22,18,72,28,44,17,8,9
S01013394,500,242,258,278,147,131,222,95,127,5,4,1,33,18,15,16,5,11,16,8,8,11,4,7,3,3,0,21,8,13,70,25,45,47,20,27
S01013395,493,236,257,238,118,120,255,118,137,7,4,3,39,22,17,21,8,13,18,8,10,13,6,7,16,9,7,41,20,21,46,23,23,54,18,36
S01013396,496,247,249,439,228,211,57,19,38,4,3,1,12,6,6,5,0,5,2,0,2,3,1,2,3,1,2,4,1,3,11,3,8,13,4,9
S01013397,649,316,333,443,231,212,206,85,121,7,5,2,25,10,15,15,10,5,17,9,8,6,3,3,9,2,7,31,13,18,57,21,36,39,12,27
S01013398,438,224,214,350,184,166,88,40,48,8,6,2,11,6,5,8,4,4,4,2,2,5,2,3,2,1,1,11,4,7,9,1,8,30,14,16
S01013399,766,372,394,598,301,297,168,71,97,8,6,2,14,9,5,12,3,9,11,4,7,10,4,6,7,3,4,37,21,16,48,16,32,21,5,16
S01013400,504,255,249,345,186,159,159,69,90,8,2,6,21,9,12,19,11,8,7,4,3,6,3,3,5,2,3,24,13,11,49,18,31,20,7,13
S01013401,611,297,314,504,258,246,107,39,68,6,4,2,16,6,10,14,4,10,6,4,2,3,0,3,7,2,5,15,4,11,12,2,10,28,13,15
S01013402,763,377,386,668,347,321,95,30,65,7,2,5,19,5,14,10,5,5,8,0,8,9,1,8,4,1,3,11,2,9,10,3,7,17,11,6
S01013403,622,305,317,525,271,254,97,34,63,10,5,5,16,7,9,11,4,7,4,0,4,5,2,3,6,1,5,17,3,14,12,5,7,16,7,9
S01013404,416,201,215,317,156,161,99,45,54,4,3,1,18,10,8,8,2,6,5,0,5,6,4,2,2,1,1,11,5,6,14,3,11,31,17,14
S01013405,498,234,264,301,152,149,197,82,115,9,3,6,20,10,10,20,11,9,13,8,5,11,5,6,5,1,4,41,14,27,67,23,44,11,7,4
S01013406,456,212,244,267,126,141,189,86,103,7,5,2,32,21,11,16,10,6,16,5,11,5,4,1,4,1,3,31,15,16,51,16,35,27,9,18
S01013407,386,187,199,241,132,109,145,55,90,3,1,2,16,11,5,11,2,9,11,4,7,7,3,4,8,3,5,24,11,13,44,14,30,21,6,15
S01013408,454,207,247,259,131,128,195,76,119,14,10,4,16,8,8,18,9,9,11,3,8,11,4,7,4,1,3,38,15,23,48,12,36,35,14,21
S01013409,805,387,418,553,288,265,252,99,153,17,8,9,40,18,22,16,5,11,15,6,9,15,6,9,18,9,9,31,11,20,64,18,46,36,18,18
S01013410,471,209,262,275,137,138,196,72,124,9,5,4,33,17,16,16,9,7,15,7,8,11,3,8,6,4,2,36,10,26,34,8,26,36,9,27
S01013411,550,278,272,392,209,183,158,69,89,9,4,5,23,13,10,15,3,12,18,13,5,7,5,2,4,2,2,32,13,19,28,7,21,22,9,13
S01013412,623,310,313,395,198,197,228,112,116,13,7,6,30,16,14,21,10,11,12,6,6,10,6,4,7,4,3,38,24,14,58,26,32,39,13,26
S01013413,552,276,276,390,202,188,162,74,88,4,1,3,21,9,12,15,6,9,12,7,5,10,6,4,5,2,3,29,11,18,50,22,28,16,10,6
S01013414,605,288,317,376,196,180,229,92,137,9,6,3,22,8,14,17,5,12,10,5,5,8,2,6,9,6,3,42,23,19,80,29,51,32,8,24
S01013415,489,241,248,247,124,123,242,117,125,9,4,5,32,11,21,23,13,10,17,10,7,10,5,5,11,4,7,34,21,13,85,35,50,21,14,7
S01013416,452,227,225,268,142,126,184,85,99,11,5,6,17,8,9,14,5,9,7,5,2,7,2,5,7,3,4,28,15,13,49,18,31,44,24,20
S01013417,673,346,327,430,224,206,243,122,121,16,9,7,41,23,18,13,9,4,14,8,6,5,2,3,9,2,7,51,27,24,74,34,40,20,8,12
S01013418,476,242,234,313,170,143,163,72,91,6,3,3,28,18,10,11,3,8,10,4,6,3,1,2,6,2,4,27,11,16,42,16,26,30,14,16
S01013419,363,174,189,255,128,127,108,46,62,10,3,7,11,7,4,10,2,8,7,4,3,4,2,2,5,2,3,18,4,14,26,13,13,17,9,8
S01013420,425,201,224,311,154,157,114,47,67,3,1,2,13,9,4,13,5,8,6,2,4,5,1,4,4,2,2,21,8,13,33,9,24,16,10,6
S01013421,556,270,286,463,233,230,93,37,56,10,4,6,15,9,6,6,2,4,4,2,2,1,0,1,2,1,1,26,7,19,13,3,10,16,9,7
S01013422,540,252,288,367,179,188,173,73,100,7,2,5,17,10,7,14,7,7,5,3,2,2,1,1,7,2,5,42,13,29,50,21,29,29,14,15
S01013423,628,304,324,422,211,211,206,93,113,12,8,4,23,12,11,22,11,11,8,5,3,10,4,6,5,0,5,38,18,20,48,17,31,40,18,22
S01013424,370,183,187,274,141,133,96,42,54,7,4,3,9,5,4,9,3,6,6,1,5,7,0,7,4,1,3,12,7,5,28,12,16,14,9,5
S01013425,332,165,167,217,113,104,115,52,63,5,2,3,16,11,5,8,6,2,13,9,4,8,3,5,5,0,5,22,7,15,28,10,18,10,4,6
S01013426,615,292,323,363,180,183,252,112,140,8,2,6,25,20,5,25,16,9,15,10,5,12,3,9,11,3,8,42,17,25,78,23,55,36,18,18
S01013427,332,171,161,273,143,130,59,28,31,3,2,1,6,4,2,11,7,4,2,1,1,3,0,3,5,1,4,7,3,4,12,3,9,10,7,3
S01013428,719,367,352,428,235,193,291,132,159,15,6,9,43,28,15,23,5,18,20,8,12,7,4,3,8,2,6,49,20,29,72,31,41,54,28,26
S01013429,525,256,269,351,181,170,174,75,99,15,9,6,25,11,14,10,5,5,12,3,9,9,2,7,8,5,3,22,10,12,53,20,33,20,10,10
S01013430,521,256,265,370,190,180,151,66,85,4,2,2,20,14,6,10,3,7,5,1,4,10,6,4,5,1,4,25,13,12,43,15,28,29,11,18
S01013431,510,248,262,314,161,153,196,87,109,10,8,2,19,11,8,19,6,13,7,3,4,11,5,6,8,3,5,29,11,18,60,19,41,33,21,12
S01013432,545,262,283,365,181,184,180,81,99,12,7,5,17,8,9,16,10,6,13,8,5,11,5,6,8,1,7,44,15,29,46,21,25,13,6,7
S01013433,549,264,285,375,189,186,174,75,99,6,2,4,12,6,6,16,9,7,11,6,5,17,7,10,7,4,3,36,13,23,50,17,33,19,11,8
S01013434,398,200,198,297,160,137,101,40,61,8,4,4,9,7,2,5,1,4,5,2,3,4,2,2,2,1,1,19,6,13,27,5,22,22,12,10
S01013435,480,242,238,368,192,176,112,50,62,8,4,4,10,7,3,8,3,5,5,2,3,7,3,4,4,0,4,16,7,9,27,5,22,27,19,8
S01013436,615,286,329,432,210,222,183,76,107,6,3,3,30,11,19,9,4,5,8,5,3,11,7,4,5,1,4,33,9,24,45,18,27,36,18,18
S01013437,523,256,267,373,192,181,150,64,86,5,1,4,18,10,8,15,7,8,6,1,5,13,5,8,5,2,3,26,6,20,35,17,18,27,15,12
S01013438,430,208,222,260,127,133,170,81,89,11,8,3,20,17,3,10,8,2,12,7,5,15,6,9,3,2,1,35,9,26,46,18,28,18,6,12
S01013439,694,331,363,416,211,205,278,120,158,15,11,4,36,15,21,20,10,10,18,4,14,14,5,9,14,10,4,58,25,33,77,26,51,26,14,12
S01013440,773,379,394,486,254,232,287,125,162,6,2,4,36,18,18,22,13,9,14,7,7,9,6,3,16,4,12,62,26,36,90,31,59,32,18,14
S01013441,558,289,269,389,210,179,169,79,90,9,4,5,22,13,9,16,8,8,10,5,5,6,3,3,8,4,4,30,15,15,44,15,29,24,12,12
S01013442,607,282,325,438,215,223,169,67,102,11,2,9,18,10,8,15,7,8,10,6,4,8,3,5,8,2,6,22,10,12,53,16,37,24,11,13
S01013443,457,236,221,323,168,155,134,68,66,0,0,0,15,9,6,13,5,8,7,3,4,11,7,4,10,7,3,21,9,12,39,17,22,18,11,7
S01013444,703,340,363,469,228,241,234,112,122,7,3,4,33,16,17,15,12,3,20,9,11,9,4,5,8,6,2,34,18,16,76,25,51,32,19,13
S01013445,410,206,204,288,155,133,122,51,71,6,3,3,18,11,7,5,2,3,2,1,1,4,1,3,8,2,6,22,8,14,40,13,27,17,10,7
S01013446,508,251,257,330,170,160,178,81,97,6,6,0,24,17,7,18,6,12,8,4,4,11,4,7,12,8,4,27,13,14,51,14,37,21,9,12
S01013447,419,209,210,340,179,161,79,30,49,4,2,2,19,9,10,7,2,5,6,2,4,1,0,1,2,0,2,10,1,9,6,0,6,24,14,10
S01013448,577,284,293,368,194,174,209,90,119,6,3,3,23,12,11,18,9,9,11,5,6,14,6,8,12,3,9,38,17,21,64,23,41,23,12,11
S01013449,499,242,257,373,184,189,126,58,68,0,0,0,17,11,6,7,2,5,16,5,11,1,0,1,5,1,4,24,12,12,39,14,25,17,13,4
S01013450,451,223,228,347,176,171,104,47,57,3,3,0,11,7,4,11,3,8,8,5,3,12,5,7,6,5,1,23,8,15,17,4,13,13,7,6
S01013451,656,318,338,499,259,240,157,59,98,14,3,11,24,7,17,9,6,3,9,4,5,5,2,3,9,4,5,16,7,9,24,7,17,47,19,28
S01013452,576,293,283,417,221,196,159,72,87,8,5,3,28,15,13,13,7,6,11,7,4,10,5,5,7,1,6,14,5,9,37,12,25,31,15,16
S01013453,547,271,276,318,163,155,229,108,121,12,9,3,27,12,15,16,8,8,14,7,7,11,5,6,9,5,4,46,18,28,60,27,33,34,17,17
S01013454,572,286,286,410,218,192,162,68,94,4,2,2,22,12,10,12,4,8,12,3,9,9,3,6,11,3,8,26,14,12,52,21,31,14,6,8
S01013455,427,225,202,286,152,134,141,73,68,6,6,0,17,8,9,16,7,9,10,7,3,7,5,2,12,8,4,27,12,15,33,15,18,13,5,8
S01013456,591,285,306,365,182,183,226,103,123,13,7,6,28,18,10,21,11,10,19,12,7,10,5,5,10,3,7,39,15,24,64,21,43,22,11,11
S01013457,655,303,352,404,201,203,251,102,149,6,1,5,30,14,16,26,14,12,18,5,13,17,4,13,3,1,2,48,20,28,66,29,37,37,14,23
S01013458,564,291,273,380,207,173,184,84,100,9,5,4,25,16,9,20,5,15,6,3,3,6,3,3,11,6,5,43,21,22,45,14,31,19,11,8
S01013459,610,302,308,393,210,183,217,92,125,8,4,4,27,13,14,15,5,10,14,12,2,9,3,6,6,3,3,34,11,23,80,33,47,24,8,16
S01013460,597,282,315,375,185,190,222,97,125,17,11,6,25,14,11,16,8,8,11,4,7,16,6,10,11,3,8,34,14,20,67,22,45,25,15,10
S01013461,781,385,396,571,297,274,210,88,122,18,12,6,28,10,18,15,7,8,12,8,4,7,2,5,15,6,9,25,10,15,52,15,37,38,18,20
S01013462,657,321,336,515,262,253,142,59,83,7,1,6,23,8,15,13,8,5,5,3,2,8,1,7,5,2,3,23,13,10,35,13,22,23,10,13
S01013463,397,185,212,273,137,136,124,48,76,11,7,4,29,10,19,10,4,6,3,1,2,3,0,3,6,0,6,15,4,11,28,11,17,19,11,8
S01013464,536,248,288,362,179,183,174,69,105,5,2,3,13,4,9,18,9,9,10,6,4,9,5,4,13,3,10,35,12,23,49,17,32,22,11,11
S01013465,514,252,262,316,179,137,198,73,125,7,2,5,27,15,12,19,10,9,9,5,4,4,2,2,8,1,7,42,13,29,70,21,49,12,4,8
S01013466,376,159,217,174,104,70,202,55,147,22,7,15,56,9,47,13,3,10,3,2,1,5,4,1,5,2,3,10,2,8,30,11,19,58,15,43
S01013467,671,329,342,505,258,247,166,71,95,9,5,4,17,4,13,12,8,4,9,5,4,10,4,6,5,1,4,31,15,16,52,22,30,21,7,14
S01013468,481,232,249,308,152,156,173,80,93,6,3,3,20,12,8,10,5,5,10,4,6,13,7,6,11,6,5,27,12,15,48,18,30,28,13,15
S01013469,585,281,304,387,196,191,198,85,113,10,6,4,14,10,4,16,8,8,13,8,5,10,2,8,10,3,7,44,18,26,60,21,39,21,9,12
S01013470,550,273,277,342,173,169,208,100,108,5,5,0,27,13,14,17,12,5,16,6,10,11,4,7,6,2,4,39,13,26,52,23,29,35,22,13
S01013471,702,336,366,455,228,227,247,108,139,9,3,6,37,22,15,29,14,15,13,7,6,8,4,4,7,2,5,38,14,24,65,23,42,41,19,22
S01013472,445,224,221,356,189,167,89,35,54,4,1,3,11,4,7,13,3,10,8,4,4,8,4,4,3,0,3,11,3,8,13,6,7,18,10,8
S01013473,466,228,238,381,198,183,85,30,55,6,2,4,12,5,7,13,5,8,3,1,2,4,1,3,4,2,2,11,3,8,16,5,11,16,6,10
S01013474,443,211,232,349,175,174,94,36,58,13,4,9,18,6,12,8,3,5,5,1,4,5,3,2,2,1,1,12,7,5,13,4,9,18,7,11
S01013475,492,253,239,323,176,147,169,77,92,9,5,4,18,7,11,14,7,7,18,7,11,9,5,4,6,4,2,25,13,12,44,17,27,26,12,14
S01013476,496,245,251,318,158,160,178,87,91,8,5,3,19,12,7,15,8,7,11,5,6,12,6,6,10,2,8,32,19,13,55,22,33,16,8,8
S01013477,459,243,216,286,156,130,173,87,86,4,3,1,24,11,13,17,10,7,11,6,5,10,7,3,5,3,2,27,15,12,57,23,34,18,9,9
S01013478,643,331,312,459,240,219,184,91,93,9,7,2,26,14,12,20,10,10,11,8,3,8,5,3,5,1,4,21,7,14,39,13,26,45,26,19
S01013479,599,290,309,364,181,183,235,109,126,14,4,10,27,10,17,17,11,6,11,1,10,11,6,5,16,11,5,40,18,22,66,26,40,33,22,11
S01013480,494,231,263,294,151,143,200,80,120,4,1,3,20,13,7,23,9,14,15,4,11,10,5,5,5,3,2,49,22,27,57,14,43,17,9,8
S01013481,353,174,179,222,119,103,131,55,76,8,4,4,10,9,1,10,6,4,11,5,6,9,3,6,5,2,3,22,7,15,42,13,29,14,6,8
