,LC6123SC0001,LC6123SC0002,LC6123SC0003,LC6123SC0004,LC6123SC0005,LC6123SC0006,LC6123SC0007,LC6123SC0008,LC6123SC0009,LC6123SC0010,LC6123SC0011,LC6123SC0012,LC6123SC0013,LC6123SC0014,LC6123SC0015,LC6123SC0016,LC6123SC0017,LC6123SC0018,LC6123SC0019,LC6123SC0020,LC6123SC0021,LC6123SC0022,LC6123SC0023,LC6123SC0024,LC6123SC0025,LC6123SC0026,LC6123SC0027,LC6123SC0028,LC6123SC0029,LC6123SC0030,LC6123SC0031,LC6123SC0032,LC6123SC0033
S92000003,1453635,644646,808989,63614,36466,27148,130302,50633,79669,84344,48641,35703,145520,23685,121835,142964,118617,24347,111995,17266,94729,139556,32011,107545,120212,84928,35284,255219,108535,146684,259909,123864,136045
S01006506,185,79,106,8,5,3,34,13,21,13,7,6,25,2,23,23,20,3,11,1,10,12,4,8,7,5,2,17,4,13,35,18,17
S01006507,179,72,107,7,5,2,9,2,7,11,2,9,21,3,18,16,15,1,18,2,16,18,2,16,12,11,1,34,17,17,33,13,20
S01006508,105,44,61,6,2,4,18,4,14,8,6,2,19,4,15,9,8,1,9,1,8,7,3,4,4,3,1,14,8,6,11,5,6
S01006509,115,49,66,0,0,0,7,3,4,7,3,4,8,0,8,10,8,2,10,1,9,18,4,14,16,15,1,25,9,16,14,6,8
S01006510,164,65,99,7,5,2,19,3,16,8,2,6,16,4,12,18,18,0,19,0,19,19,3,16,8,6,2,24,10,14,26,14,12
S01006511,203,92,111,13,11,2,37,15,22,13,9,4,33,5,28,18,15,3,16,1,15,17,5,12,16,8,8,18,9,9,22,14,8
S01006512,92,38,54,7,3,4,16,4,12,7,3,4,14,2,12,3,1,2,6,0,6,8,2,6,2,1,1,3,3,0,26,19,7
S01006513,142,46,96,9,5,4,32,8,24,10,5,5,28,3,25,7,6,1,15,4,11,9,1,8,7,4,3,5,0,5,20,10,10
S01006514,229,79,150,14,6,8,71,22,49,25,11,14,30,2,28,6,2,4,13,1,12,8,2,6,3,1,2,7,4,3,52,28,24
S01006515,167,59,108,17,9,8,34,6,28,14,9,5,27,1,26,7,4,3,6,2,4,15,5,10,4,3,1,10,4,6,33,16,17
S01006516,147,50,97,16,7,9,39,10,29,9,0,9,22,2,20,5,4,1,12,4,8,6,2,4,5,3,2,7,0,7,26,18,8
S01006517,216,74,142,12,7,5,52,14,38,12,5,7,44,3,41,14,9,5,8,0,8,16,2,14,7,6,1,10,3,7,41,25,16
S01006518,158,52,106,21,13,8,53,14,39,19,5,14,15,2,13,5,3,2,9,0,9,7,0,7,2,2,0,7,3,4,20,10,10
S01006519,196,70,126,20,15,5,36,12,24,21,8,13,39,2,37,6,3,3,9,0,9,13,3,10,2,1,1,7,3,4,43,23,20
S01006520,156,49,107,15,8,7,42,6,36,15,8,7,24,1,23,5,3,2,7,1,6,7,3,4,1,0,1,5,1,4,35,18,17
S01006521,157,40,117,16,7,9,44,9,35,21,4,17,20,2,18,7,5,2,9,1,8,10,0,10,1,1,0,9,3,6,20,8,12
S01006522,110,35,75,6,3,3,40,11,29,16,6,10,17,2,15,0,0,0,9,2,7,4,0,4,0,0,0,5,3,2,13,8,5
S01006523,201,73,128,19,10,9,55,17,38,22,11,11,34,4,30,12,9,3,16,1,15,9,2,7,4,4,0,10,5,5,20,10,10
S01006524,239,95,144,16,12,4,53,15,38,12,5,7,25,2,23,5,5,0,16,2,14,9,1,8,2,2,0,10,4,6,91,47,44
S01006525,196,72,124,14,13,1,58,20,38,20,7,13,26,1,25,6,5,1,19,3,16,13,4,9,4,3,1,12,6,6,24,10,14
S01006526,234,96,138,7,1,6,10,1,9,9,4,5,25,3,22,14,14,0,26,1,25,29,10,19,15,12,3,52,24,28,47,26,21
S01006527,181,68,113,11,1,10,14,5,9,6,2,4,18,1,17,15,11,4,19,1,18,21,5,16,11,9,2,36,19,17,30,14,16
S01006528,319,137,182,4,2,2,26,8,18,17,8,9,23,5,18,33,28,5,33,4,29,34,8,26,20,19,1,59,23,36,70,32,38
S01006529,224,96,128,7,3,4,21,12,9,16,7,9,19,4,15,16,14,2,20,1,19,29,5,24,11,9,2,44,21,23,41,20,21
S01006530,227,95,132,9,3,6,18,6,12,10,8,2,17,5,12,20,14,6,20,3,17,37,7,30,13,10,3,38,14,24,45,25,20
S01006531,285,122,163,8,2,6,13,8,5,16,9,7,20,5,15,23,20,3,23,3,20,32,5,27,22,17,5,70,26,44,58,27,31
S01006532,166,81,85,8,6,2,27,8,19,15,12,3,29,4,25,15,13,2,8,2,6,15,5,10,6,6,0,20,11,9,23,14,9
S01006533,138,45,93,8,4,4,40,14,26,5,2,3,26,1,25,10,6,4,9,0,9,8,2,6,3,3,0,11,8,3,18,5,13
S01006534,169,57,112,11,8,3,46,14,32,21,9,12,32,5,27,7,5,2,9,1,8,13,2,11,3,2,1,5,3,2,22,8,14
S01006535,192,88,104,9,5,4,19,6,13,29,20,9,37,7,30,12,11,1,16,5,11,16,5,11,9,7,2,15,7,8,30,15,15
S01006536,151,62,89,8,6,2,22,11,11,13,3,10,29,7,22,9,7,2,8,3,5,11,2,9,8,8,0,15,4,11,28,11,17
S01006537,180,67,113,14,7,7,48,17,31,16,9,7,38,2,36,12,11,1,9,0,9,10,1,9,6,4,2,12,8,4,15,8,7
S01006538,119,45,74,3,1,2,29,11,18,15,9,6,26,4,22,5,5,0,6,0,6,8,1,7,4,2,2,10,6,4,13,6,7
S01006539,151,49,102,10,6,4,43,11,32,16,7,9,26,4,22,13,11,2,9,1,8,13,2,11,2,2,0,5,0,5,14,5,9
S01006540,188,77,111,12,8,4,38,16,22,24,12,12,39,2,37,8,8,0,8,1,7,8,1,7,3,3,0,25,12,13,23,14,9
S01006541,147,53,94,6,5,1,43,16,27,9,3,6,36,2,34,6,4,2,5,0,5,17,6,11,6,6,0,12,7,5,7,4,3
S01006542,237,81,156,21,9,12,59,17,42,19,11,8,49,6,43,13,10,3,18,4,14,9,1,8,4,4,0,14,5,9,31,14,17
S01006543,155,51,104,14,9,5,40,14,26,13,7,6,36,4,32,8,5,3,7,0,7,9,2,7,5,5,0,10,2,8,13,3,10
S01006544,177,64,113,14,9,5,39,14,25,16,4,12,35,3,32,7,5,2,5,0,5,10,4,6,8,6,2,14,4,10,29,15,14
S01006545,201,84,117,11,8,3,30,14,16,27,12,15,47,11,36,8,7,1,12,0,12,13,1,12,11,9,2,16,7,9,26,15,11
S01006546,155,55,100,6,4,2,44,11,33,12,7,5,26,2,24,5,5,0,7,0,7,9,2,7,5,5,0,16,8,8,25,11,14
S01006547,223,77,146,19,13,6,41,12,29,14,8,6,38,2,36,13,11,2,20,0,20,22,4,18,5,5,0,30,15,15,21,7,14
S01006548,164,61,103,13,7,6,50,23,27,10,6,4,43,6,37,5,5,0,10,1,9,12,2,10,4,4,0,3,3,0,14,4,10
S01006549,208,74,134,20,13,7,55,18,37,21,8,13,41,4,37,6,4,2,9,2,7,10,3,7,5,4,1,16,6,10,25,12,13
S01006550,230,91,139,17,12,5,67,31,36,19,13,6,50,3,47,10,7,3,5,0,5,15,5,10,8,6,2,13,5,8,26,9,17
S01006551,177,84,93,9,5,4,18,9,9,7,4,3,20,1,19,18,16,2,21,1,20,25,10,15,16,13,3,25,14,11,18,11,7
S01006552,179,65,114,7,2,5,41,12,29,20,16,4,39,2,37,3,2,1,16,1,15,8,1,7,3,3,0,14,9,5,28,17,11
S01006553,202,81,121,13,10,3,30,9,21,16,9,7,34,4,30,21,16,5,13,3,10,15,3,12,8,4,4,35,15,20,17,8,9
S01006554,146,62,84,7,5,2,15,7,8,13,7,6,23,1,22,12,11,1,15,1,14,12,1,11,10,8,2,24,13,11,15,8,7
S01006555,166,68,98,6,3,3,4,1,3,12,6,6,20,2,18,15,14,1,17,2,15,16,4,12,16,14,2,33,9,24,27,13,14
S01006556,186,72,114,6,5,1,8,0,8,6,2,4,20,2,18,19,17,2,20,1,19,19,1,18,18,14,4,44,17,27,26,13,13
S01006557,166,77,89,7,3,4,10,5,5,13,9,4,14,2,12,19,15,4,19,1,18,8,2,6,9,8,1,48,22,26,19,10,9
S01006558,102,39,63,2,0,2,31,11,20,8,4,4,16,4,12,6,6,0,7,1,6,7,0,7,1,1,0,10,3,7,14,9,5
S01006559,147,60,87,5,1,4,33,8,25,9,5,4,14,0,14,4,4,0,9,1,8,8,4,4,4,4,0,12,9,3,49,24,25
S01006560,189,79,110,8,5,3,54,18,36,17,8,9,31,7,24,3,3,0,7,2,5,12,4,8,4,4,0,20,12,8,33,16,17
S01006561,160,65,95,13,6,7,45,15,30,12,7,5,28,1,27,9,9,0,3,0,3,12,5,7,2,1,1,9,5,4,27,16,11
S01006562,179,78,101,9,5,4,23,6,17,13,10,3,34,8,26,18,16,2,15,0,15,14,4,10,4,3,1,21,12,9,28,14,14
S01006563,194,75,119,9,4,5,48,17,31,16,9,7,24,4,20,10,9,1,19,4,15,16,1,15,8,7,1,15,6,9,29,14,15
S01006564,233,105,128,5,3,2,17,4,13,11,3,8,20,3,17,12,11,1,24,5,19,27,7,20,16,14,2,41,18,23,60,37,23
S01006565,317,149,168,7,3,4,24,14,10,13,5,8,14,4,10,15,13,2,24,7,17,62,20,42,15,13,2,84,40,44,59,30,29
S01006566,179,73,106,4,2,2,36,10,26,20,13,7,19,5,14,11,10,1,18,5,13,12,1,11,5,2,3,25,12,13,29,13,16
S01006567,235,116,119,1,1,0,20,9,11,8,6,2,17,2,15,22,15,7,27,7,20,21,6,15,16,15,1,51,28,23,52,27,25
S01006568,157,80,77,6,1,5,26,8,18,9,6,3,11,4,7,14,12,2,9,2,7,24,12,12,3,2,1,22,15,7,33,18,15
S01006569,119,44,75,7,6,1,33,15,18,9,2,7,9,1,8,6,5,1,7,0,7,8,3,5,2,2,0,10,2,8,28,8,20
S01006570,164,63,101,6,1,5,30,13,17,19,7,12,31,7,24,6,6,0,14,1,13,9,0,9,6,5,1,12,5,7,31,18,13
S01006571,172,61,111,13,9,4,54,14,40,15,10,5,29,3,26,3,3,0,5,0,5,14,7,7,1,1,0,17,8,9,21,6,15
S01006572,190,61,129,19,14,5,49,13,36,14,4,10,34,1,33,3,2,1,12,1,11,15,2,13,4,4,0,7,3,4,33,17,16
S01006573,144,54,90,10,10,0,43,10,33,20,4,16,21,5,16,6,6,0,7,2,5,6,3,3,2,2,0,9,4,5,20,8,12
S01006574,231,86,145,23,10,13,66,22,44,30,12,18,28,2,26,6,4,2,9,2,7,10,2,8,3,2,1,9,4,5,47,26,21
S01006575,190,85,105,6,3,3,34,10,24,16,7,9,34,11,23,19,16,3,14,4,10,13,7,6,7,5,2,13,7,6,34,15,19
S01006576,109,42,67,4,2,2,26,11,15,11,4,7,12,0,12,4,4,0,11,2,9,9,2,7,1,1,0,15,6,9,16,10,6
S01006577,141,51,90,5,4,1,31,10,21,12,4,8,18,3,15,8,8,0,13,1,12,13,5,8,3,3,0,12,3,9,26,10,16
S01006578,210,94,116,8,6,2,32,8,24,15,8,7,23,6,17,15,12,3,14,6,8,20,3,17,5,5,0,39,23,16,39,17,22
S01006579,173,74,99,8,5,3,28,9,19,7,4,3,24,0,24,6,4,2,14,1,13,27,14,13,7,5,2,26,15,11,26,17,9
S01006580,123,60,63,4,4,0,32,19,13,9,3,6,16,4,12,10,8,2,7,1,6,10,1,9,3,2,1,8,3,5,24,15,9
S01006581,192,70,122,13,8,5,50,14,36,14,6,8,37,5,32,11,9,2,10,0,10,15,3,12,3,2,1,9,3,6,30,20,10
S01006582,187,105,82,7,3,4,15,8,7,16,8,8,12,4,8,18,15,3,18,5,13,24,7,17,7,7,0,39,29,10,31,19,12
S01006583,159,63,96,5,4,1,8,4,4,12,4,8,11,3,8,9,8,1,16,2,14,25,8,17,5,4,1,42,12,30,26,14,12
S01006584,122,44,78,2,1,1,13,5,8,10,4,6,14,4,10,6,6,0,9,1,8,22,4,18,3,2,1,21,7,14,22,10,12
S01006585,222,117,105,3,1,2,14,5,9,15,6,9,26,6,20,32,29,3,9,2,7,30,15,15,13,12,1,44,23,21,36,18,18
S01006586,281,158,123,8,4,4,20,14,6,13,8,5,17,6,11,28,25,3,23,4,19,34,11,23,11,10,1,77,42,35,50,34,16
S01006587,131,59,72,4,3,1,7,4,3,6,1,5,6,2,4,8,7,1,12,3,9,36,13,23,7,6,1,25,10,15,20,10,10
S01006588,127,70,57,2,1,1,14,7,7,1,1,0,15,4,11,3,3,0,8,2,6,15,8,7,3,2,1,29,18,11,37,24,13
S01006589,186,111,75,2,2,0,10,7,3,15,13,2,14,4,10,22,20,2,9,1,8,27,13,14,7,7,0,49,32,17,31,12,19
S01006590,164,84,80,5,5,0,15,8,7,15,4,11,9,5,4,9,8,1,5,0,5,19,9,10,8,5,3,30,18,12,49,22,27
S01006591,119,56,63,4,2,2,13,5,8,3,2,1,14,4,10,10,9,1,7,0,7,11,6,5,5,3,2,26,12,14,26,13,13
S01006592,88,36,52,2,0,2,14,6,8,7,2,5,10,1,9,5,4,1,6,0,6,11,6,5,4,4,0,11,3,8,18,10,8
S01006593,127,63,64,6,4,2,19,8,11,11,5,6,8,0,8,7,6,1,5,0,5,17,8,9,7,7,0,16,7,9,31,18,13
S01006594,110,45,65,3,3,0,17,6,11,6,3,3,20,4,16,6,6,0,12,4,8,11,2,9,7,7,0,23,8,15,5,2,3
S01006595,143,49,94,8,3,5,15,4,11,12,5,7,19,1,18,9,7,2,6,0,6,22,3,19,8,8,0,23,12,11,21,6,15
S01006596,102,41,61,2,2,0,20,11,9,15,6,9,16,1,15,5,4,1,3,1,2,9,4,5,5,2,3,14,8,6,13,2,11
S01006597,80,44,36,4,4,0,8,5,3,3,1,2,6,3,3,9,9,0,6,1,5,12,4,8,1,1,0,17,9,8,14,7,7
S01006598,194,64,130,16,11,5,45,11,34,24,10,14,29,3,26,15,11,4,12,1,11,16,3,13,5,3,2,10,5,5,22,6,16
S01006599,198,80,118,10,5,5,15,1,14,12,7,5,12,1,11,20,16,4,23,3,20,29,7,22,18,13,5,37,16,21,22,11,11
S01006600,195,78,117,9,5,4,30,8,22,17,8,9,27,4,23,15,14,1,10,2,8,22,3,19,11,7,4,30,16,14,24,11,13
S01006601,203,93,110,6,2,4,27,9,18,15,12,3,31,7,24,21,20,1,12,2,10,24,2,22,6,6,0,30,17,13,31,16,15
S01006602,173,68,105,13,7,6,34,14,20,20,15,5,25,5,20,9,6,3,11,0,11,15,3,12,4,4,0,7,1,6,35,13,22
S01006603,234,89,145,10,4,6,11,5,6,11,8,3,20,5,15,29,17,12,19,2,17,30,4,26,15,11,4,51,22,29,38,11,27
S01006604,183,73,110,5,1,4,7,3,4,5,2,3,23,2,21,20,17,3,24,3,21,27,4,23,19,18,1,33,11,22,20,12,8
S01006605,184,72,112,5,3,2,5,4,1,12,9,3,20,2,18,19,17,2,15,1,14,18,0,18,21,19,2,49,11,38,20,6,14
S01006606,215,83,132,18,8,10,32,9,23,16,8,8,30,3,27,18,15,3,20,3,17,18,3,15,11,10,1,24,11,13,28,13,15
S01006607,202,83,119,8,5,3,10,4,6,7,1,6,30,4,26,24,22,2,17,2,15,21,3,18,20,16,4,40,17,23,25,9,16
S01006608,171,67,104,10,6,4,24,9,15,13,10,3,23,3,20,21,17,4,17,2,15,24,5,19,7,6,1,17,4,13,15,5,10
S01006609,242,92,150,4,2,2,3,2,1,11,5,6,36,4,32,31,23,8,39,2,37,13,2,11,26,22,4,57,23,34,22,7,15
S01006610,97,34,63,1,1,0,4,2,2,2,1,1,17,2,15,14,10,4,9,2,7,13,2,11,4,2,2,18,6,12,15,6,9
S01006611,217,88,129,3,1,2,5,3,2,9,6,3,15,3,12,33,25,8,27,1,26,24,3,21,18,14,4,52,19,33,31,13,18
S01006612,180,85,95,2,2,0,10,6,4,13,7,6,16,6,10,22,18,4,14,0,14,24,4,20,16,14,2,40,18,22,23,10,13
S01006613,70,27,43,1,1,0,5,1,4,6,2,4,15,2,13,6,4,2,4,1,3,8,2,6,4,4,0,11,4,7,10,6,4
S01006614,76,29,47,3,0,3,5,0,5,10,3,7,10,4,6,9,7,2,8,0,8,5,1,4,7,6,1,7,1,6,12,7,5
S01006615,98,26,72,9,5,4,10,4,6,7,1,6,21,2,19,4,3,1,9,0,9,17,2,15,4,4,0,5,1,4,12,4,8
S01006616,82,30,52,2,1,1,3,1,2,8,4,4,16,2,14,6,5,1,2,0,2,10,1,9,6,6,0,16,5,11,13,5,8
S01006617,122,45,77,4,1,3,6,3,3,4,2,2,20,5,15,14,13,1,12,1,11,12,0,12,7,5,2,31,9,22,12,6,6
S01006618,109,43,66,7,4,3,12,5,7,8,2,6,17,3,14,10,8,2,7,0,7,12,2,10,9,5,4,15,7,8,12,7,5
S01006619,172,69,103,9,6,3,11,5,6,12,8,4,25,0,25,20,16,4,10,0,10,22,3,19,13,12,1,30,8,22,20,11,9
S01006620,146,47,99,11,4,7,11,5,6,3,1,2,20,2,18,16,10,6,18,2,16,17,1,16,12,9,3,27,8,19,11,5,6
S01006621,100,35,65,4,4,0,3,0,3,3,2,1,17,2,15,9,8,1,11,0,11,10,0,10,11,10,1,24,6,18,8,3,5
S01006622,81,28,53,1,0,1,9,1,8,7,4,3,10,0,10,5,3,2,7,0,7,5,1,4,5,1,4,14,6,8,18,12,6
S01006623,166,79,87,4,3,1,6,2,4,5,2,3,21,4,17,32,25,7,12,1,11,17,5,12,15,13,2,30,12,18,24,12,12
S01006624,318,211,107,8,7,1,10,4,6,10,7,3,25,5,20,55,54,1,22,5,17,26,7,19,42,39,3,74,54,20,46,29,17
S01006625,141,65,76,2,1,1,6,1,5,9,7,2,11,1,10,22,20,2,15,3,12,11,1,10,11,9,2,34,12,22,20,10,10
S01006626,164,65,99,2,1,1,7,3,4,4,4,0,11,2,9,19,14,5,19,3,16,18,2,16,14,13,1,50,16,34,20,7,13
S01006627,189,94,95,8,6,2,9,4,5,1,0,1,15,2,13,29,22,7,18,2,16,15,7,8,26,22,4,52,26,26,16,3,13
S01006628,224,124,100,6,3,3,9,2,7,6,5,1,21,6,15,40,29,11,14,5,9,33,13,20,20,19,1,51,30,21,24,12,12
S01006629,208,80,128,4,3,1,9,5,4,6,4,2,17,1,16,25,19,6,18,1,17,21,3,18,13,9,4,53,18,35,42,17,25
S01006630,176,77,99,2,0,2,4,3,1,6,4,2,4,0,4,28,17,11,17,2,15,9,2,7,13,11,2,59,25,34,34,13,21
S01006631,222,105,117,8,3,5,4,3,1,16,10,6,9,1,8,26,21,5,20,4,16,13,7,6,18,16,2,68,27,41,40,13,27
S01006632,216,94,122,2,2,0,4,2,2,7,3,4,10,3,7,27,18,9,18,4,14,15,0,15,30,21,9,58,23,35,45,18,27
S01006633,195,78,117,5,4,1,7,2,5,9,5,4,8,1,7,22,16,6,12,2,10,20,4,16,18,17,1,46,12,34,48,15,33
S01006634,174,81,93,3,2,1,5,3,2,3,2,1,7,3,4,22,17,5,21,1,20,5,0,5,20,15,5,39,11,28,49,27,22
S01006635,158,69,89,5,3,2,5,2,3,7,5,2,13,5,8,23,17,6,22,1,21,17,2,15,11,9,2,34,15,19,21,10,11
S01006636,229,95,134,3,1,2,4,2,2,6,3,3,7,1,6,30,21,9,22,2,20,19,3,16,24,18,6,74,28,46,40,16,24
S01006637,192,107,85,3,2,1,16,6,10,14,11,3,15,4,11,20,19,1,10,3,7,24,6,18,12,8,4,41,27,14,37,21,16
S01006638,237,133,104,3,1,2,12,6,6,12,9,3,12,4,8,16,14,2,20,5,15,35,12,23,17,17,0,66,47,19,44,18,26
S01006639,281,151,130,7,4,3,16,7,9,17,11,6,26,7,19,24,23,1,16,3,13,38,9,29,22,20,2,70,39,31,45,28,17
S01006640,207,88,119,2,1,1,15,7,8,6,3,3,28,6,22,8,8,0,10,3,7,33,9,24,5,2,3,41,26,15,59,23,36
S01006641,265,140,125,4,2,2,19,7,12,8,5,3,14,8,6,22,21,1,13,4,9,31,10,21,14,14,0,66,36,30,74,33,41
S01006642,670,363,307,8,6,2,55,30,25,31,15,16,54,25,29,27,23,4,38,12,26,114,48,66,19,17,2,122,60,62,202,127,75
S01006643,204,90,114,2,1,1,11,4,7,13,4,9,10,2,8,14,14,0,15,6,9,38,10,28,8,7,1,45,21,24,48,21,27
S01006644,296,131,165,6,5,1,22,7,15,10,3,7,9,2,7,18,14,4,28,3,25,43,17,26,12,8,4,78,36,42,70,36,34
S01006645,200,93,107,3,0,3,9,5,4,13,9,4,15,5,10,18,15,3,19,2,17,26,5,21,16,14,2,60,27,33,21,11,10
S01006646,510,302,208,7,6,1,33,25,8,33,22,11,25,10,15,21,20,1,23,8,15,85,42,43,10,6,4,109,58,51,164,105,59
S01006647,185,83,102,0,0,0,11,5,6,10,2,8,11,3,8,18,15,3,16,6,10,23,5,18,12,12,0,55,26,29,29,9,20
S01006648,789,354,435,6,4,2,34,22,12,38,23,15,53,20,33,27,25,2,72,10,62,183,69,114,23,17,6,190,85,105,163,79,84
S01006649,259,117,142,5,4,1,23,11,12,10,9,1,17,3,14,19,13,6,28,7,21,42,12,30,11,10,1,59,38,21,45,10,35
S01006650,261,134,127,6,3,3,25,13,12,17,15,2,14,4,10,12,12,0,28,10,18,40,12,28,10,9,1,66,32,34,43,24,19
S01006651,228,131,97,4,1,3,22,7,15,9,8,1,19,8,11,14,10,4,19,9,10,27,13,14,13,9,4,42,28,14,59,38,21
S01006652,140,66,74,2,0,2,11,7,4,9,1,8,7,3,4,9,7,2,14,4,10,21,9,12,7,6,1,33,15,18,27,14,13
S01006653,144,65,79,2,1,1,23,9,14,6,2,4,23,6,17,6,5,1,10,3,7,15,7,8,6,6,0,24,17,7,29,9,20
S01006654,264,125,139,7,3,4,13,5,8,19,10,9,22,4,18,29,19,10,22,3,19,27,4,23,22,22,0,61,30,31,42,25,17
S01006655,242,139,103,8,4,4,22,9,13,17,12,5,24,3,21,18,14,4,15,5,10,15,6,9,14,10,4,46,31,15,63,45,18
S01006656,224,89,135,3,1,2,20,7,13,16,8,8,26,4,22,12,9,3,14,2,12,30,11,19,11,8,3,39,19,20,53,20,33
S01006657,148,70,78,4,2,2,15,5,10,8,4,4,16,6,10,9,7,2,13,6,7,15,7,8,7,4,3,36,16,20,25,13,12
S01006658,307,154,153,6,3,3,23,8,15,15,9,6,24,4,20,20,17,3,15,5,10,29,12,17,17,11,6,90,50,40,68,35,33
S01006659,236,111,125,8,3,5,28,15,13,12,6,6,25,6,19,7,6,1,21,6,15,42,16,26,9,8,1,42,26,16,42,19,23
S01006660,166,84,82,5,4,1,10,4,6,10,3,7,10,3,7,16,13,3,10,4,6,27,12,15,6,5,1,31,19,12,41,17,24
S01006661,233,105,128,10,7,3,24,8,16,11,8,3,19,3,16,9,5,4,23,3,20,37,14,23,4,4,0,50,27,23,46,26,20
S01006662,399,199,200,6,4,2,43,23,20,26,15,11,34,14,20,15,10,5,15,4,11,42,15,27,13,10,3,88,45,43,117,59,58
S01006663,226,111,115,2,2,0,21,11,10,20,10,10,16,3,13,7,6,1,12,2,10,29,14,15,3,2,1,66,34,32,50,27,23
S01006664,169,77,92,5,1,4,19,5,14,12,8,4,6,2,4,5,5,0,17,3,14,30,12,18,8,7,1,30,11,19,37,23,14
S01006665,288,128,160,9,7,2,16,9,7,11,7,4,23,10,13,16,11,5,22,5,17,41,10,31,7,4,3,56,23,33,87,42,45
S01006666,284,141,143,4,3,1,8,3,5,11,6,5,14,1,13,34,28,6,30,6,24,17,3,14,34,29,5,83,36,47,49,26,23
S01006667,272,153,119,4,1,3,15,9,6,19,13,6,10,3,7,29,25,4,31,9,22,29,14,15,18,16,2,65,38,27,52,25,27
S01006668,347,155,192,4,3,1,26,15,11,14,9,5,24,6,18,10,8,2,25,3,22,66,20,46,5,4,1,78,38,40,95,49,46
S01006669,682,354,328,13,11,2,68,28,40,34,19,15,46,17,29,28,26,2,44,16,28,80,33,47,30,25,5,142,81,61,197,98,99
S01006670,375,162,213,6,3,3,27,9,18,19,6,13,31,13,18,24,22,2,31,11,20,53,12,41,12,8,4,86,39,47,86,39,47
S01006671,1723,766,957,18,8,10,128,72,56,95,56,39,103,41,62,37,31,6,109,31,78,287,102,185,20,18,2,343,138,205,583,269,314
S01006672,275,127,148,4,2,2,20,11,9,12,4,8,22,4,18,15,14,1,23,6,17,28,6,22,14,11,3,72,30,42,65,39,26
S01006673,303,144,159,6,4,2,21,5,16,21,11,10,22,10,12,18,15,3,24,4,20,34,13,21,20,15,5,66,27,39,71,40,31
S01006674,263,107,156,8,4,4,13,3,10,9,4,5,22,2,20,32,29,3,25,3,22,27,5,22,23,17,6,71,29,42,33,11,22
S01006675,193,84,109,2,1,1,5,2,3,8,4,4,11,2,9,17,11,6,18,4,14,25,4,21,8,8,0,54,24,30,45,24,21
S01006676,227,112,115,5,2,3,4,3,1,10,6,4,15,6,9,21,19,2,27,4,23,22,4,18,16,13,3,70,34,36,37,21,16
S01006677,232,120,112,4,2,2,8,0,8,7,5,2,23,3,20,32,26,6,12,2,10,25,11,14,22,19,3,60,35,25,39,17,22
S01006678,345,180,165,7,4,3,16,8,8,13,7,6,20,4,16,42,37,5,27,5,22,31,11,20,28,23,5,102,48,54,59,33,26
S01006679,167,63,104,4,3,1,17,7,10,11,6,5,26,2,24,17,16,1,14,3,11,25,4,21,11,7,4,33,10,23,9,5,4
S01006680,216,92,124,1,0,1,4,2,2,7,6,1,15,2,13,28,21,7,20,1,19,16,4,12,23,18,5,63,23,40,39,15,24
S01006681,173,75,98,2,2,0,12,5,7,7,4,3,14,3,11,21,18,3,16,3,13,21,1,20,24,17,7,40,14,26,16,8,8
S01006682,228,97,131,2,1,1,12,4,8,8,2,6,11,2,9,23,18,5,20,6,14,21,6,15,22,17,5,57,21,36,52,20,32
S01006683,231,122,109,6,5,1,19,12,7,17,11,6,12,2,10,17,14,3,19,4,15,24,8,16,20,14,6,48,23,25,49,29,20
S01006684,207,113,94,4,2,2,9,6,3,9,6,3,15,4,11,26,24,2,19,3,16,27,7,20,18,16,2,49,23,26,31,22,9
S01006685,190,84,106,9,5,4,4,1,3,12,8,4,10,0,10,23,18,5,15,2,13,18,3,15,17,13,4,61,24,37,21,10,11
S01006686,146,63,83,3,3,0,8,3,5,4,1,3,14,2,12,13,8,5,17,2,15,20,2,18,17,15,2,33,17,16,17,10,7
S01006687,209,75,134,4,1,3,8,1,7,7,4,3,29,2,27,21,14,7,16,2,14,26,4,22,19,14,5,47,17,30,32,16,16
S01006688,263,103,160,11,6,5,25,14,11,13,6,7,41,3,38,25,20,5,34,4,30,32,8,24,17,15,2,42,18,24,23,9,14
S01006689,141,56,85,9,5,4,14,7,7,13,3,10,23,4,19,1,1,0,8,0,8,14,3,11,3,2,1,28,10,18,28,21,7
S01006690,152,71,81,2,2,0,8,3,5,10,4,6,12,2,10,4,3,1,20,4,16,22,11,11,11,7,4,34,18,16,29,17,12
S01006691,134,60,74,2,1,1,17,8,9,11,7,4,15,2,13,6,4,2,14,1,13,13,3,10,8,4,4,22,16,6,26,14,12
S01006692,213,98,115,11,6,5,28,14,14,16,7,9,27,5,22,18,16,2,19,2,17,22,6,16,7,7,0,31,17,14,34,18,16
S01006693,215,98,117,1,0,1,25,10,15,7,3,4,16,8,8,18,16,2,18,0,18,25,10,15,12,11,1,41,15,26,52,25,27
S01006694,231,90,141,4,3,1,7,2,5,13,7,6,23,3,20,25,22,3,36,6,30,32,4,28,20,15,5,55,21,34,16,7,9
S01006695,174,68,106,10,7,3,8,1,7,11,8,3,15,2,13,21,15,6,25,3,22,16,0,16,14,12,2,37,13,24,17,7,10
S01006696,212,91,121,6,4,2,12,3,9,8,4,4,14,4,10,25,20,5,25,2,23,24,9,15,8,7,1,53,23,30,37,15,22
S01006697,218,77,141,6,3,3,13,4,9,5,2,3,18,1,17,22,18,4,25,2,23,31,12,19,13,11,2,45,11,34,40,13,27
S01006698,193,85,108,2,2,0,13,5,8,9,7,2,12,3,9,22,17,5,15,2,13,25,6,19,14,12,2,55,22,33,26,9,17
S01006699,109,47,62,4,3,1,15,5,10,4,2,2,12,2,10,5,5,0,10,2,8,17,9,8,6,5,1,19,8,11,17,6,11
S01006700,239,106,133,9,7,2,18,6,12,12,9,3,29,6,23,18,17,1,18,3,15,19,4,15,11,9,2,64,30,34,41,15,26
S01006701,176,73,103,3,1,2,1,0,1,6,2,4,17,2,15,21,16,5,15,0,15,19,2,17,15,14,1,52,27,25,27,9,18
S01006702,161,56,105,2,1,1,9,2,7,2,2,0,22,0,22,15,12,3,20,3,17,17,0,17,20,16,4,42,16,26,12,4,8
S01006703,147,49,98,3,2,1,9,5,4,1,1,0,14,0,14,12,10,2,16,2,14,18,3,15,8,5,3,41,12,29,25,9,16
S01006704,174,79,95,5,3,2,3,1,2,4,3,1,6,2,4,18,14,4,19,1,18,19,1,18,25,21,4,46,21,25,29,12,17
S01006705,191,77,114,5,4,1,9,3,6,7,2,5,12,1,11,28,23,5,20,2,18,13,1,12,22,17,5,54,17,37,21,7,14
S01006706,130,49,81,4,1,3,3,0,3,5,1,4,10,0,10,11,6,5,7,0,7,24,7,17,12,10,2,27,10,17,27,14,13
S01006707,175,75,100,1,0,1,3,2,1,3,1,2,10,2,8,12,9,3,26,3,23,21,7,14,13,13,0,51,21,30,35,17,18
S01006708,175,64,111,6,3,3,9,4,5,5,4,1,18,2,16,30,20,10,21,0,21,22,2,20,14,13,1,31,9,22,19,7,12
S01006709,207,81,126,2,2,0,13,5,8,8,3,5,17,2,15,29,19,10,21,3,18,16,3,13,18,13,5,57,22,35,26,9,17
S01006710,193,71,122,3,1,2,4,0,4,12,9,3,21,3,18,24,18,6,25,1,24,24,4,20,16,13,3,45,13,32,19,9,10
S01006711,226,97,129,4,4,0,8,4,4,10,5,5,20,4,16,28,20,8,30,2,28,19,2,17,14,12,2,72,33,39,21,11,10
S01006712,130,57,73,4,1,3,3,1,2,4,4,0,13,2,11,21,17,4,16,0,16,10,3,7,9,8,1,39,15,24,11,6,5
S01006713,213,88,125,2,0,2,1,1,0,5,3,2,19,2,17,26,21,5,21,1,20,17,2,15,24,21,3,60,20,40,38,17,21
S01006714,171,77,94,5,4,1,9,4,5,9,3,6,15,2,13,27,21,6,14,1,13,15,5,10,9,8,1,41,18,23,27,11,16
S01006715,150,54,96,1,0,1,5,4,1,3,0,3,8,2,6,15,14,1,12,1,11,14,2,12,14,10,4,50,15,35,28,6,22
S01006716,161,64,97,3,1,2,4,3,1,3,2,1,9,1,8,17,12,5,19,1,18,19,0,19,20,18,2,41,14,27,26,12,14
S01006717,226,91,135,5,2,3,9,2,7,5,3,2,15,0,15,33,30,3,24,1,23,25,2,23,21,17,4,52,17,35,37,17,20
S01006718,161,68,93,2,0,2,5,2,3,5,1,4,11,4,7,14,10,4,17,1,16,13,2,11,16,12,4,43,17,26,35,19,16
S01006719,232,89,143,6,6,0,6,2,4,11,6,5,17,1,16,23,18,5,19,3,16,26,4,22,20,13,7,66,23,43,38,13,25
S01006720,135,52,83,2,0,2,5,1,4,7,5,2,11,0,11,12,10,2,8,1,7,21,5,16,9,7,2,42,12,30,18,11,7
S01006721,233,88,145,5,4,1,8,3,5,12,7,5,18,1,17,24,17,7,24,2,22,16,2,14,20,13,7,69,27,42,37,12,25
S01006722,213,93,120,2,0,2,7,0,7,6,2,4,22,7,15,23,20,3,20,2,18,18,3,15,21,17,4,56,21,35,38,21,17
S01006723,181,80,101,3,2,1,8,4,4,10,3,7,9,1,8,20,16,4,16,0,16,17,3,14,17,14,3,43,17,26,38,20,18
S01006724,274,96,178,5,3,2,2,1,1,4,2,2,11,0,11,10,7,3,23,2,21,23,4,19,27,22,5,94,25,69,75,30,45
S01006725,165,63,102,5,3,2,1,0,1,5,3,2,9,2,7,23,18,5,14,2,12,12,0,12,17,12,5,54,14,40,25,9,16
S01006726,360,142,218,5,3,2,11,2,9,7,5,2,23,5,18,25,18,7,30,2,28,34,2,32,36,24,12,102,43,59,87,38,49
S01006727,291,128,163,2,1,1,9,2,7,4,4,0,12,1,11,34,24,10,19,4,15,20,3,17,27,22,5,93,34,59,71,33,38
S01006728,175,56,119,5,3,2,13,5,8,3,2,1,14,0,14,10,5,5,19,3,16,26,3,23,11,9,2,43,9,34,31,17,14
S01006729,236,98,138,3,1,2,5,1,4,8,4,4,16,5,11,17,13,4,25,6,19,17,4,13,20,19,1,72,24,48,53,21,32
S01006730,158,74,84,5,2,3,9,2,7,8,6,2,15,5,10,22,20,2,12,1,11,14,2,12,14,9,5,33,11,22,26,16,10
S01006731,177,75,102,1,0,1,1,0,1,3,0,3,11,2,9,26,21,5,16,3,13,21,4,17,20,17,3,50,16,34,28,12,16
S01006732,253,96,157,12,7,5,36,11,25,15,6,9,28,3,25,13,9,4,20,3,17,11,3,8,13,12,1,54,20,34,51,22,29
S01006733,160,48,112,8,2,6,28,8,20,20,8,12,31,2,29,7,5,2,14,0,14,13,3,10,3,1,2,11,5,6,25,14,11
S01006734,166,43,123,5,3,2,22,2,20,16,3,13,30,0,30,5,5,0,12,2,10,16,2,14,7,5,2,16,6,10,37,15,22
S01006735,143,37,106,14,7,7,39,8,31,15,6,9,31,4,27,4,3,1,9,0,9,12,2,10,0,0,0,8,1,7,11,6,5
S01006736,109,38,71,8,7,1,16,6,10,11,4,7,19,4,15,5,3,2,7,0,7,19,2,17,2,2,0,10,5,5,12,5,7
S01006737,157,51,106,10,6,4,28,9,19,15,7,8,25,1,24,13,9,4,18,2,16,9,0,9,7,5,2,11,5,6,21,7,14
S01006738,107,45,62,2,1,1,8,3,5,10,6,4,10,3,7,12,8,4,11,2,9,13,1,12,7,6,1,20,9,11,14,6,8
S01006739,100,41,59,9,2,7,8,4,4,11,7,4,11,1,10,9,7,2,8,1,7,7,0,7,9,8,1,21,9,12,7,2,5
S01006740,165,72,93,4,2,2,10,3,7,6,3,3,12,2,10,16,14,2,15,1,14,17,1,16,20,16,4,46,16,30,19,14,5
S01006741,179,68,111,9,4,5,10,5,5,7,3,4,20,3,17,17,13,4,24,3,21,18,1,17,24,20,4,42,14,28,8,2,6
S01006742,120,47,73,4,4,0,5,0,5,6,4,2,9,0,9,14,9,5,18,1,17,19,3,16,13,12,1,26,10,16,6,4,2
S01006743,101,39,62,7,4,3,5,3,2,9,4,5,14,2,12,3,3,0,15,3,12,7,1,6,14,12,2,17,3,14,10,4,6
S01006744,114,46,68,5,1,4,6,1,5,7,5,2,13,4,9,18,17,1,17,0,17,9,0,9,11,8,3,17,4,13,11,6,5
S01006745,193,74,119,2,1,1,9,3,6,4,1,3,18,3,15,17,14,3,27,1,26,23,1,22,32,27,5,37,15,22,24,8,16
S01006746,166,73,93,7,6,1,10,5,5,4,1,3,11,1,10,19,16,3,17,1,16,22,5,17,11,11,0,40,18,22,25,9,16
S01006747,211,91,120,9,6,3,39,21,18,19,13,6,40,2,38,23,19,4,17,1,16,17,1,16,16,13,3,17,7,10,14,8,6
S01006748,219,85,134,21,17,4,24,12,12,19,12,7,41,3,38,21,18,3,15,2,13,26,2,24,10,7,3,25,7,18,17,5,12
S01006749,189,75,114,4,4,0,14,5,9,8,4,4,29,3,26,15,14,1,15,2,13,17,1,16,26,22,4,44,13,31,17,7,10
S01006750,185,82,103,3,0,3,12,5,7,13,10,3,18,3,15,22,16,6,11,1,10,22,3,19,21,19,2,28,12,16,35,13,22
S01006751,108,37,71,1,1,0,13,4,9,5,3,2,10,2,8,11,10,1,14,0,14,10,1,9,7,3,4,20,4,16,17,9,8
S01006752,174,69,105,8,4,4,4,0,4,9,5,4,21,3,18,20,16,4,17,2,15,16,3,13,22,15,7,44,16,28,13,5,8
S01006753,208,87,121,11,8,3,29,10,19,19,14,5,38,2,36,19,17,2,15,2,13,15,3,12,18,14,4,24,5,19,20,12,8
S01006754,252,92,160,17,12,5,34,11,23,24,14,10,59,2,57,16,14,2,21,3,18,28,6,22,15,11,4,20,7,13,18,12,6
S01006755,108,45,63,5,2,3,13,4,9,5,3,2,14,3,11,17,14,3,4,1,3,11,2,9,4,3,1,18,7,11,17,6,11
S01006756,109,40,69,8,3,5,18,6,12,7,2,5,15,3,12,5,4,1,8,2,6,14,4,10,2,2,0,10,5,5,22,9,13
S01006757,130,52,78,3,3,0,12,8,4,7,4,3,28,4,24,10,8,2,13,1,12,12,2,10,9,8,1,12,6,6,24,8,16
S01006758,116,47,69,6,5,1,12,4,8,7,4,3,25,5,20,11,8,3,7,2,5,11,1,10,8,7,1,21,7,14,8,4,4
S01006759,118,35,83,9,6,3,9,2,7,4,2,2,12,0,12,9,6,3,14,1,13,17,3,14,8,8,0,22,1,21,14,6,8
S01006760,71,27,44,5,4,1,7,2,5,5,2,3,13,2,11,8,8,0,6,0,6,7,0,7,1,1,0,11,4,7,8,4,4
S01006761,145,48,97,7,3,4,8,2,6,10,7,3,33,5,28,11,10,1,14,0,14,27,3,24,10,9,1,16,4,12,9,5,4
S01006762,189,60,129,16,9,7,32,12,20,11,6,5,36,1,35,13,11,2,18,1,17,22,1,21,11,9,2,18,4,14,12,6,6
S01006763,93,31,62,5,3,2,7,4,3,4,2,2,15,0,15,11,9,2,5,0,5,6,1,5,3,1,2,7,2,5,30,9,21
S01006764,113,36,77,4,3,1,12,6,6,8,4,4,18,0,18,7,4,3,6,0,6,17,2,15,4,3,1,24,8,16,13,6,7
S01006765,83,36,47,2,0,2,12,6,6,7,2,5,11,0,11,9,7,2,7,1,6,10,3,7,9,7,2,5,4,1,11,6,5
S01006766,102,42,60,14,7,7,10,3,7,7,4,3,18,3,15,3,2,1,6,1,5,12,3,9,3,2,1,5,4,1,24,13,11
S01006767,120,41,79,2,0,2,6,0,6,13,3,10,24,3,21,12,11,1,11,2,9,14,2,12,6,5,1,15,5,10,17,10,7
S01006768,114,47,67,5,2,3,18,8,10,8,4,4,22,3,19,6,5,1,7,1,6,8,2,6,6,5,1,9,5,4,25,12,13
S01006769,181,67,114,4,3,1,19,5,14,12,5,7,24,4,20,21,15,6,18,4,14,18,3,15,11,10,1,32,8,24,22,10,12
S01006770,147,58,89,5,2,3,12,6,6,19,8,11,29,5,24,8,8,0,18,2,16,13,4,9,11,7,4,15,7,8,17,9,8
S01006771,84,34,50,3,3,0,10,4,6,7,4,3,12,0,12,3,1,2,4,0,4,10,3,7,5,4,1,10,6,4,20,9,11
S01006772,138,59,79,9,2,7,15,4,11,5,3,2,29,6,23,17,16,1,13,1,12,14,2,12,7,5,2,12,5,7,17,15,2
S01006773,122,48,74,7,4,3,9,2,7,5,3,2,30,4,26,11,9,2,11,2,9,10,3,7,4,3,1,14,6,8,21,12,9
S01006774,114,44,70,5,2,3,23,9,14,9,8,1,14,1,13,3,2,1,11,0,11,16,5,11,6,4,2,11,5,6,16,8,8
S01006775,136,63,73,6,4,2,8,3,5,6,5,1,17,0,17,12,11,1,15,2,13,11,2,9,15,14,1,28,11,17,18,11,7
S01006776,103,42,61,5,4,1,1,0,1,7,4,3,14,3,11,14,12,2,7,1,6,17,3,14,9,9,0,19,3,16,10,3,7
S01006777,146,55,91,7,6,1,21,9,12,18,11,7,42,5,37,10,10,0,11,0,11,13,1,12,4,2,2,17,8,9,3,3,0
S01006778,157,59,98,3,3,0,17,7,10,13,9,4,24,1,23,19,13,6,13,2,11,12,1,11,10,7,3,33,11,22,13,5,8
S01006779,127,45,82,2,1,1,4,1,3,5,2,3,16,3,13,10,7,3,16,2,14,15,1,14,15,14,1,32,10,22,12,4,8
S01006780,142,64,78,9,7,2,15,7,8,4,2,2,15,0,15,8,7,1,10,4,6,18,6,12,10,10,0,34,12,22,19,9,10
S01006781,182,75,107,13,11,2,14,6,8,14,13,1,52,6,46,21,16,5,10,0,10,18,4,14,8,8,0,16,3,13,16,8,8
S01006782,138,46,92,11,4,7,19,7,12,11,8,3,20,0,20,7,7,0,9,2,7,10,0,10,1,1,0,29,7,22,21,10,11
S01006783,185,74,111,11,8,3,30,11,19,10,6,4,31,4,27,23,19,4,11,1,10,17,1,16,10,10,0,30,8,22,12,6,6
S01006784,127,55,72,5,4,1,18,5,13,11,4,7,21,4,17,15,15,0,14,1,13,9,0,9,13,10,3,11,6,5,10,6,4
S01006785,106,36,70,6,4,2,9,4,5,12,4,8,21,1,20,9,8,1,10,1,9,13,2,11,3,3,0,11,5,6,12,4,8
S01006786,163,57,106,9,8,1,20,9,11,8,6,2,22,1,21,13,10,3,16,1,15,28,6,22,4,4,0,19,3,16,24,9,15
S01006787,161,67,94,9,4,5,13,5,8,16,9,7,30,5,25,16,15,1,8,2,6,19,1,18,9,8,1,23,8,15,18,10,8
S01006788,135,61,74,2,1,1,9,2,7,6,1,5,11,0,11,7,6,1,16,3,13,15,1,14,10,9,1,19,12,7,40,26,14
S01006789,148,63,85,29,16,13,27,11,16,10,7,3,10,0,10,14,9,5,10,4,6,17,3,14,8,5,3,14,4,10,9,4,5
S01006790,207,81,126,21,11,10,41,21,20,19,7,12,28,4,24,17,15,2,20,1,19,18,2,16,10,9,1,23,5,18,10,6,4
S01006791,116,48,68,7,4,3,21,10,11,11,3,8,13,1,12,11,5,6,10,1,9,6,2,4,8,5,3,15,9,6,14,8,6
S01006792,108,44,64,8,4,4,22,13,9,11,4,7,15,1,14,5,4,1,14,2,12,6,0,6,2,1,1,15,10,5,10,5,5
S01006793,99,40,59,7,4,3,13,7,6,9,2,7,10,2,8,15,10,5,9,1,8,10,1,9,7,7,0,14,5,9,5,1,4
S01006794,165,69,96,10,5,5,34,10,24,17,10,7,13,3,10,25,19,6,14,3,11,6,1,5,5,5,0,32,9,23,9,4,5
S01006795,185,63,122,31,20,11,36,7,29,11,6,5,20,0,20,12,10,2,21,3,18,13,1,12,8,6,2,17,6,11,16,4,12
S01006796,121,39,82,17,4,13,25,10,15,10,3,7,16,0,16,10,8,2,10,1,9,12,2,10,3,2,1,4,2,2,14,7,7
S01006797,122,42,80,15,10,5,27,8,19,10,6,4,14,2,12,6,4,2,7,0,7,10,2,8,4,2,2,9,2,7,20,6,14
S01006798,98,26,72,6,3,3,23,5,18,9,4,5,13,1,12,8,6,2,8,1,7,13,0,13,3,3,0,5,1,4,10,2,8
S01006799,178,71,107,15,9,6,25,6,19,10,6,4,21,2,19,21,17,4,19,1,18,12,5,7,7,6,1,27,8,19,21,11,10
S01006800,201,72,129,24,15,9,46,13,33,23,9,14,24,1,23,20,17,3,13,1,12,11,0,11,6,4,2,15,7,8,19,5,14
S01006801,195,78,117,13,5,8,24,7,17,12,7,5,25,4,21,19,16,3,24,2,22,15,3,12,15,14,1,22,8,14,26,12,14
S01006802,143,53,90,10,7,3,20,7,13,11,5,6,19,2,17,13,8,5,14,1,13,9,1,8,11,10,1,25,8,17,11,4,7
S01006803,139,47,92,13,6,7,14,4,10,7,3,4,16,1,15,7,5,2,18,3,15,12,1,11,8,7,1,31,10,21,13,7,6
S01006804,133,44,89,7,2,5,16,6,10,12,6,6,17,1,16,10,9,1,14,0,14,15,2,13,9,6,3,25,8,17,8,4,4
S01006805,204,78,126,18,9,9,21,5,16,8,3,5,21,1,20,18,14,4,24,2,22,12,4,8,10,10,0,33,10,23,39,20,19
S01006806,214,78,136,14,8,6,25,8,17,16,10,6,31,2,29,19,16,3,18,1,17,16,4,12,14,9,5,38,13,25,23,7,16
S01006807,129,55,74,9,6,3,19,11,8,10,4,6,19,2,17,8,6,2,11,3,8,6,0,6,13,8,5,22,8,14,12,7,5
S01006808,141,44,97,8,5,3,21,5,16,10,7,3,27,2,25,11,9,2,14,1,13,9,0,9,6,5,1,18,3,15,17,7,10
S01006809,207,83,124,16,8,8,24,8,16,10,3,7,21,3,18,27,20,7,23,1,22,19,0,19,20,16,4,31,13,18,16,11,5
S01006810,215,83,132,17,11,6,24,4,20,15,6,9,20,1,19,19,13,6,13,3,10,20,2,18,19,14,5,39,13,26,29,16,13
S01006811,206,81,125,13,8,5,33,13,20,16,7,9,29,1,28,29,17,12,16,1,15,8,1,7,15,10,5,18,7,11,29,16,13
S01006812,134,50,84,7,3,4,19,6,13,10,3,7,8,0,8,9,5,4,19,1,18,10,2,8,12,8,4,18,6,12,22,16,6
S01006813,157,59,98,10,8,2,19,5,14,7,3,4,14,1,13,19,9,10,13,2,11,19,5,14,13,9,4,22,6,16,21,11,10
S01006814,177,58,119,9,6,3,29,5,24,15,8,7,29,3,26,9,6,3,12,0,12,16,3,13,4,4,0,16,6,10,38,17,21
S01006815,118,49,69,7,4,3,6,1,5,5,3,2,8,0,8,13,8,5,20,4,16,10,3,7,13,8,5,25,14,11,11,4,7
S01006816,161,63,98,9,5,4,13,5,8,16,10,6,22,1,21,15,10,5,17,1,16,13,2,11,14,10,4,23,9,14,19,10,9
S01006817,124,46,78,7,3,4,10,2,8,3,0,3,18,1,17,13,10,3,13,3,10,15,1,14,15,11,4,20,8,12,10,7,3
S01006818,130,50,80,9,5,4,30,9,21,5,5,0,13,0,13,12,7,5,17,3,14,8,2,6,6,3,3,12,7,5,18,9,9
S01006819,131,48,83,10,5,5,17,5,12,16,6,10,12,2,10,4,4,0,9,1,8,8,2,6,9,6,3,13,5,8,33,12,21
S01006820,97,43,54,8,6,2,22,12,10,7,1,6,12,1,11,6,6,0,9,0,9,7,2,5,5,4,1,7,4,3,14,7,7
S01006821,106,35,71,9,7,2,16,5,11,6,2,4,22,1,21,9,7,2,10,0,10,10,1,9,5,4,1,8,4,4,11,4,7
S01006822,133,44,89,10,5,5,19,7,12,13,4,9,24,0,24,7,4,3,6,0,6,16,3,13,4,4,0,9,4,5,25,13,12
S01006823,167,62,105,10,6,4,27,11,16,17,9,8,28,1,27,14,10,4,12,1,11,13,0,13,7,6,1,14,3,11,25,15,10
S01006824,187,70,117,4,2,2,3,1,2,6,3,3,12,1,11,25,20,5,15,1,14,31,3,28,15,11,4,32,10,22,44,18,26
S01006825,171,56,115,5,2,3,27,5,22,14,10,4,14,2,12,16,12,4,20,1,19,19,0,19,14,10,4,27,3,24,15,11,4
S01006826,191,67,124,18,9,9,18,6,12,8,6,2,26,4,22,13,11,2,24,1,23,12,0,12,9,8,1,29,5,24,34,17,17
S01006827,206,73,133,6,3,3,23,11,12,9,5,4,30,1,29,21,16,5,19,2,17,18,4,14,15,12,3,40,9,31,25,10,15
S01006828,198,78,120,8,5,3,28,8,20,15,7,8,29,3,26,24,21,3,19,1,18,18,2,16,14,12,2,25,11,14,18,8,10
S01006829,48,13,35,3,1,2,9,3,6,6,2,4,7,0,7,0,0,0,5,1,4,6,1,5,1,1,0,2,2,0,9,2,7
S01006830,168,60,108,9,5,4,13,2,11,7,3,4,30,5,25,14,12,2,17,0,17,19,3,16,11,10,1,22,8,14,26,12,14
S01006831,156,70,86,11,8,3,38,21,17,20,12,8,19,2,17,10,7,3,11,1,10,12,2,10,8,6,2,12,4,8,15,7,8
S01006832,239,81,158,21,12,9,52,10,42,21,10,11,26,4,22,14,12,2,17,1,16,21,2,19,5,4,1,34,15,19,28,11,17
S01006833,99,33,66,9,6,3,28,9,19,6,5,1,28,1,27,6,5,1,6,1,5,4,1,3,0,0,0,6,2,4,6,3,3
S01006834,69,21,48,4,1,3,7,2,5,5,2,3,6,0,6,1,1,0,11,1,10,4,2,2,2,1,1,8,3,5,21,8,13
S01006835,180,74,106,16,9,7,16,4,12,10,5,5,27,7,20,26,20,6,20,1,19,12,1,11,10,8,2,22,8,14,21,11,10
S01006836,72,21,51,3,1,2,15,4,11,7,0,7,6,0,6,3,1,2,7,1,6,5,0,5,5,4,1,10,5,5,11,5,6
S01006837,130,46,84,11,6,5,21,5,16,16,9,7,21,0,21,10,8,2,12,4,8,12,3,9,2,1,1,7,3,4,18,7,11
S01006838,115,40,75,7,6,1,12,4,8,6,4,2,11,0,11,7,6,1,14,1,13,12,0,12,9,8,1,18,0,18,19,11,8
S01006839,198,78,120,16,8,8,29,9,20,13,8,5,32,6,26,15,12,3,22,1,21,14,3,11,13,11,2,26,12,14,18,8,10
S01006840,185,75,110,13,6,7,29,14,15,27,14,13,36,6,30,14,13,1,11,0,11,19,2,17,8,8,0,8,3,5,20,9,11
S01006841,154,54,100,4,1,3,13,4,9,17,9,8,33,0,33,6,4,2,14,0,14,14,6,8,9,8,1,28,11,17,16,11,5
S01006842,146,56,90,10,7,3,15,6,9,16,8,8,28,2,26,11,9,2,11,1,10,14,4,10,11,8,3,13,4,9,17,7,10
S01006843,128,49,79,2,1,1,9,5,4,10,5,5,24,4,20,6,5,1,16,4,12,22,6,16,10,9,1,14,3,11,15,7,8
S01006844,106,35,71,7,4,3,10,2,8,5,3,2,20,2,18,5,3,2,5,1,4,13,1,12,11,7,4,17,4,13,13,8,5
S01006845,148,60,88,11,6,5,13,5,8,6,3,3,30,1,29,10,7,3,12,2,10,15,5,10,6,5,1,14,5,9,31,21,10
S01006846,93,38,55,6,2,4,4,1,3,7,3,4,13,1,12,7,6,1,7,1,6,12,2,10,5,4,1,17,6,11,15,12,3
S01006847,105,48,57,7,3,4,7,5,2,11,6,5,17,1,16,4,4,0,11,3,8,6,2,4,5,4,1,12,5,7,25,15,10
S01006848,251,92,159,12,4,8,28,7,21,26,8,18,32,0,32,13,11,2,20,4,16,20,4,16,13,12,1,26,7,19,61,35,26
S01006849,109,37,72,5,1,4,6,2,4,2,1,1,22,2,20,6,3,3,14,1,13,15,5,10,7,7,0,14,6,8,18,9,9
S01006850,141,47,94,2,1,1,9,3,6,6,4,2,18,2,16,7,7,0,17,1,16,20,1,19,11,7,4,26,12,14,25,9,16
S01006851,165,70,95,4,1,3,4,0,4,10,7,3,25,2,23,16,15,1,17,3,14,16,2,14,22,19,3,29,9,20,22,12,10
S01006852,129,59,70,9,5,4,26,14,12,6,4,2,23,1,22,13,12,1,9,1,8,5,2,3,8,7,1,18,5,13,12,8,4
S01006853,166,56,110,12,7,5,37,9,28,18,7,11,21,1,20,11,8,3,11,2,9,7,3,4,3,2,1,17,2,15,29,15,14
S01006854,209,73,136,17,7,10,35,19,16,21,8,13,24,0,24,16,7,9,21,0,21,13,1,12,15,14,1,27,6,21,20,11,9
S01006855,145,41,104,6,4,2,31,9,22,10,3,7,27,0,27,14,9,5,9,1,8,15,2,13,4,4,0,16,4,12,13,5,8
S01006856,110,45,65,8,1,7,18,7,11,12,7,5,14,2,12,10,6,4,12,1,11,5,0,5,7,7,0,13,7,6,11,7,4
S01006857,173,69,104,17,9,8,28,10,18,14,3,11,15,1,14,27,16,11,9,0,9,13,2,11,10,9,1,21,7,14,19,12,7
S01006858,129,54,75,4,3,1,26,7,19,15,10,5,15,0,15,12,8,4,12,2,10,8,3,5,11,8,3,9,3,6,17,10,7
S01006859,223,80,143,26,16,10,49,14,35,20,11,9,34,3,31,7,5,2,16,2,14,22,6,16,5,4,1,10,4,6,34,15,19
S01006860,102,37,65,7,3,4,10,2,8,4,2,2,10,2,8,15,13,2,15,3,12,13,2,11,4,4,0,13,2,11,11,4,7
S01006861,90,21,69,8,1,7,16,2,14,10,2,8,14,0,14,1,1,0,12,0,12,4,1,3,3,2,1,3,2,1,19,10,9
S01006862,137,47,90,6,1,5,24,9,15,11,8,3,21,1,20,13,11,2,18,0,18,10,3,7,6,5,1,21,7,14,7,2,5
S01006863,140,50,90,6,5,1,20,7,13,9,1,8,20,1,19,12,9,3,18,4,14,15,4,11,8,7,1,18,5,13,14,7,7
S01006864,75,25,50,10,6,4,7,1,6,8,2,6,6,0,6,2,2,0,6,2,4,8,0,8,2,1,1,11,3,8,15,8,7
S01006865,214,83,131,25,14,11,51,21,30,21,8,13,38,5,33,10,9,1,10,1,9,17,2,15,4,4,0,18,9,9,20,10,10
S01006866,158,64,94,13,12,1,42,14,28,20,11,9,28,3,25,10,10,0,12,1,11,9,1,8,3,2,1,4,2,2,17,8,9
S01006867,207,84,123,14,8,6,58,21,37,27,12,15,27,1,26,19,14,5,6,0,6,18,7,11,5,4,1,11,6,5,22,11,11
S01006868,181,59,122,10,5,5,24,8,16,17,5,12,19,3,16,20,14,6,21,2,19,19,1,18,12,10,2,20,5,15,19,6,13
S01006869,119,49,70,7,4,3,21,8,13,6,4,2,8,1,7,16,12,4,10,0,10,11,4,7,8,5,3,12,3,9,20,8,12
S01006870,112,45,67,14,8,6,31,11,20,14,10,4,13,0,13,2,2,0,6,0,6,8,2,6,4,3,1,10,2,8,10,7,3
S01006871,138,46,92,13,7,6,22,5,17,11,3,8,23,2,21,11,6,5,6,0,6,17,5,12,6,6,0,11,6,5,18,6,12
S01006872,131,44,87,11,6,5,35,6,29,13,10,3,18,0,18,9,8,1,11,2,9,10,0,10,5,4,1,11,5,6,8,3,5
S01006873,220,83,137,21,9,12,42,13,29,22,15,7,33,3,30,16,11,5,21,0,21,12,2,10,9,7,2,15,7,8,29,16,13
S01006874,111,40,71,8,4,4,23,6,17,10,5,5,12,2,10,8,4,4,11,0,11,4,0,4,6,4,2,13,5,8,16,10,6
S01006875,168,59,109,11,3,8,14,3,11,11,6,5,23,2,21,19,15,4,34,3,31,8,3,5,8,8,0,27,9,18,13,7,6
S01006876,164,65,99,10,5,5,27,5,22,14,10,4,24,4,20,12,8,4,13,0,13,9,3,6,11,10,1,25,10,15,19,10,9
S01006877,171,73,98,15,10,5,31,13,18,16,8,8,29,2,27,15,13,2,15,3,12,12,3,9,3,3,0,13,8,5,22,10,12
S01006878,140,51,89,11,7,4,21,2,19,12,5,7,21,4,17,20,16,4,7,0,7,6,2,4,5,4,1,23,5,18,14,6,8
S01006879,148,56,92,10,4,6,31,12,19,11,8,3,18,1,17,26,14,12,7,0,7,7,0,7,6,5,1,12,6,6,20,6,14
S01006880,90,30,60,9,6,3,12,4,8,12,4,8,15,2,13,7,4,3,9,0,9,8,2,6,4,4,0,8,1,7,6,3,3
S01006881,103,43,60,11,8,3,27,10,17,5,3,2,13,1,12,8,7,1,9,2,7,8,1,7,5,4,1,11,4,7,6,3,3
S01006882,79,31,48,2,1,1,4,1,3,1,1,0,10,0,10,9,5,4,15,5,10,10,1,9,5,5,0,18,10,8,5,2,3
S01006883,89,33,56,8,5,3,13,1,12,8,4,4,10,0,10,10,10,0,10,2,8,8,1,7,2,0,2,13,6,7,7,4,3
S01006884,169,61,108,5,4,1,11,3,8,13,7,6,26,2,24,18,14,4,24,0,24,20,1,19,13,11,2,18,8,10,21,11,10
S01006885,115,48,67,5,2,3,22,9,13,11,7,4,15,1,14,9,8,1,8,0,8,8,2,6,6,4,2,15,5,10,16,10,6
S01006886,169,68,101,12,7,5,39,13,26,21,9,12,22,3,19,13,11,2,14,1,13,5,1,4,5,3,2,16,8,8,22,12,10
S01006887,103,35,68,11,5,6,18,5,13,8,2,6,9,0,9,9,8,1,10,1,9,10,3,7,7,6,1,11,2,9,10,3,7
S01006888,159,60,99,7,4,3,26,6,20,10,4,6,26,5,21,21,18,3,15,1,14,6,0,6,4,1,3,17,8,9,27,13,14
S01006889,213,71,142,9,3,6,11,2,9,16,9,7,34,4,30,19,14,5,17,1,16,16,3,13,14,12,2,47,15,32,30,8,22
S01006890,128,46,82,12,4,8,14,3,11,12,8,4,20,1,19,10,7,3,10,0,10,12,1,11,13,11,2,12,4,8,13,7,6
S01006891,175,65,110,12,7,5,25,5,20,20,11,9,27,3,24,16,16,0,12,1,11,15,1,14,9,8,1,22,5,17,17,8,9
S01006892,129,46,83,5,3,2,6,2,4,9,6,3,12,1,11,15,9,6,13,4,9,17,2,15,12,9,3,29,7,22,11,3,8
S01006893,118,50,68,4,3,1,12,3,9,8,3,5,11,1,10,6,6,0,2,0,2,13,2,11,11,10,1,29,10,19,22,12,10
S01006894,241,91,150,17,8,9,27,12,15,18,8,10,35,4,31,19,13,6,15,0,15,24,2,22,15,12,3,39,16,23,32,16,16
S01006895,101,37,64,1,0,1,7,3,4,7,4,3,9,0,9,13,11,2,5,0,5,10,0,10,14,10,4,23,6,17,12,3,9
S01006896,159,60,99,10,6,4,25,7,18,10,8,2,22,3,19,13,10,3,12,0,12,12,0,12,10,8,2,28,11,17,17,7,10
S01006897,144,56,88,7,5,2,15,7,8,15,9,6,16,2,14,9,8,1,18,1,17,24,4,20,7,6,1,18,5,13,15,9,6
S01006898,129,42,87,2,1,1,16,2,14,14,8,6,15,2,13,6,6,0,14,1,13,14,3,11,9,8,1,21,6,15,18,5,13
S01006899,77,22,55,4,3,1,5,1,4,7,2,5,10,0,10,4,3,1,9,0,9,10,4,6,4,3,1,9,1,8,15,5,10
S01006900,94,34,60,3,1,2,5,3,2,6,4,2,13,0,13,6,5,1,11,0,11,15,1,14,7,2,5,8,5,3,20,13,7
S01006901,115,44,71,5,2,3,10,5,5,8,3,5,8,1,7,15,11,4,9,0,9,9,0,9,8,4,4,31,14,17,12,4,8
S01006902,131,50,81,6,6,0,11,5,6,11,2,9,23,1,22,18,13,5,9,0,9,14,3,11,9,6,3,14,6,8,16,8,8
S01006903,162,61,101,2,1,1,13,3,10,5,1,4,16,5,11,19,13,6,16,3,13,19,3,16,16,11,5,29,9,20,27,12,15
S01006904,130,43,87,12,6,6,14,3,11,6,4,2,21,3,18,8,6,2,11,0,11,14,1,13,12,9,3,20,6,14,12,5,7
S01006905,207,81,126,19,4,15,29,11,18,16,9,7,27,3,24,21,17,4,12,2,10,19,3,16,17,15,2,26,8,18,21,9,12
S01006906,197,83,114,4,2,2,6,3,3,13,5,8,29,7,22,27,24,3,21,3,18,18,3,15,16,12,4,48,17,31,15,7,8
S01006907,105,45,60,8,5,3,10,1,9,7,4,3,9,1,8,11,10,1,9,3,6,7,3,4,3,2,1,19,5,14,22,11,11
S01006908,172,57,115,3,1,2,10,2,8,10,6,4,25,2,23,17,11,6,16,2,14,23,6,17,17,15,2,37,8,29,14,4,10
S01006909,109,32,77,9,6,3,20,4,16,7,3,4,28,1,27,8,3,5,7,0,7,6,1,5,3,2,1,9,4,5,12,8,4
S01006910,139,59,80,18,12,6,17,4,13,13,6,7,13,1,12,17,12,5,9,0,9,12,4,8,4,3,1,11,2,9,25,15,10
S01006911,62,18,44,3,1,2,4,0,4,5,0,5,6,0,6,5,4,1,11,0,11,5,2,3,3,2,1,7,3,4,13,6,7
S01006912,91,39,52,8,8,0,17,6,11,6,3,3,7,0,7,4,3,1,8,0,8,11,3,8,4,3,1,12,8,4,14,5,9
S01006913,59,20,39,5,3,2,12,2,10,6,1,5,10,2,8,1,1,0,4,0,4,4,0,4,2,1,1,4,1,3,11,9,2
S01006914,105,31,74,11,7,4,15,2,13,5,2,3,20,1,19,9,5,4,10,1,9,4,0,4,5,2,3,12,4,8,14,7,7
S01006915,135,41,94,8,3,5,23,8,15,13,5,8,20,1,19,10,9,1,10,0,10,9,0,9,7,6,1,18,4,14,17,5,12
S01006916,94,29,65,5,4,1,10,1,9,7,5,2,19,0,19,6,6,0,10,2,8,11,1,10,3,2,1,12,5,7,11,3,8
S01006917,85,20,65,5,3,2,9,1,8,7,3,4,24,1,23,6,4,2,14,0,14,5,1,4,2,2,0,8,2,6,5,3,2
S01006918,90,35,55,6,1,5,9,6,3,9,2,7,14,3,11,8,8,0,10,1,9,10,1,9,10,8,2,7,2,5,7,3,4
S01006919,121,44,77,8,5,3,28,8,20,11,5,6,19,3,16,6,4,2,9,0,9,9,0,9,9,9,0,8,4,4,14,6,8
S01006920,92,38,54,6,5,1,6,3,3,10,5,5,15,1,14,10,7,3,8,0,8,12,3,9,6,6,0,16,6,10,3,2,1
S01006921,85,27,58,4,1,3,14,6,8,9,5,4,12,1,11,7,4,3,5,0,5,8,1,7,4,3,1,7,1,6,15,5,10
S01006922,116,44,72,7,5,2,21,8,13,5,4,1,13,0,13,5,3,2,14,0,14,14,1,13,9,7,2,15,5,10,13,11,2
S01006923,159,55,104,12,7,5,27,10,17,17,9,8,27,3,24,11,6,5,18,2,16,9,1,8,10,9,1,13,4,9,15,4,11
S01006924,88,21,67,4,1,3,20,4,16,11,3,8,12,1,11,10,7,3,4,0,4,8,1,7,1,0,1,7,1,6,11,3,8
S01006925,99,43,56,3,3,0,17,8,9,13,7,6,16,0,16,10,9,1,9,1,8,6,0,6,6,6,0,10,3,7,9,6,3
S01006926,102,33,69,5,3,2,16,6,10,10,3,7,22,2,20,8,6,2,12,0,12,11,2,9,5,5,0,8,3,5,5,3,2
S01006927,89,23,66,4,2,2,12,3,9,6,1,5,20,1,19,4,3,1,14,0,14,5,0,5,3,2,1,12,4,8,9,7,2
S01006928,153,50,103,10,6,4,11,2,9,8,4,4,25,1,24,12,9,3,20,1,19,7,0,7,11,8,3,28,9,19,21,10,11
S01006929,156,52,104,20,15,5,36,9,27,9,2,7,31,1,30,5,5,0,13,2,11,9,1,8,2,2,0,7,3,4,24,12,12
S01006930,190,67,123,19,13,6,42,16,26,19,9,10,35,3,32,7,5,2,11,1,10,13,2,11,4,3,1,12,4,8,28,11,17
S01006931,70,24,46,5,1,4,10,2,8,6,3,3,12,3,9,5,4,1,5,0,5,6,1,5,3,2,1,5,1,4,13,7,6
S01006932,94,28,66,8,3,5,9,1,8,4,2,2,18,0,18,2,2,0,10,0,10,13,2,11,6,5,1,10,5,5,14,8,6
S01006933,86,36,50,4,3,1,13,5,8,8,6,2,23,1,22,5,4,1,3,0,3,5,1,4,2,1,1,7,7,0,16,8,8
S01006934,135,41,94,2,0,2,14,4,10,11,5,6,23,2,21,14,11,3,10,1,9,7,1,6,7,5,2,18,5,13,29,7,22
S01006935,143,57,86,6,3,3,29,15,14,15,9,6,27,1,26,11,9,2,11,2,9,12,2,10,7,7,0,11,4,7,14,5,9
S01006936,141,51,90,8,4,4,25,10,15,14,7,7,20,2,18,7,7,0,12,2,10,17,3,14,8,7,1,15,4,11,15,5,10
S01006937,124,45,79,13,7,6,23,4,19,14,9,5,23,2,21,8,5,3,8,0,8,7,0,7,4,4,0,10,5,5,14,9,5
S01006938,82,35,47,4,2,2,11,4,7,6,3,3,11,0,11,6,5,1,5,0,5,9,1,8,9,9,0,17,9,8,4,2,2
S01006939,116,42,74,8,6,2,31,11,20,16,8,8,23,2,21,5,5,0,7,0,7,8,4,4,1,0,1,8,3,5,9,3,6
S01006940,192,73,119,13,10,3,25,10,15,12,6,6,37,2,35,14,14,0,19,3,16,18,5,13,4,4,0,20,9,11,30,10,20
S01006941,122,45,77,5,1,4,25,6,19,6,3,3,18,2,16,6,6,0,9,0,9,8,2,6,9,9,0,11,2,9,25,14,11
S01006942,187,58,129,11,8,3,25,5,20,20,8,12,35,1,34,12,11,1,16,1,15,24,2,22,8,7,1,13,4,9,23,11,12
S01006943,81,19,62,7,3,4,19,2,17,7,0,7,15,0,15,0,0,0,5,0,5,11,2,9,1,1,0,5,5,0,11,6,5
S01006944,79,22,57,1,1,0,9,1,8,6,0,6,13,1,12,6,5,1,10,1,9,6,0,6,2,2,0,8,2,6,18,9,9
S01006945,112,43,69,5,5,0,17,4,13,10,6,4,19,2,17,8,8,0,14,0,14,9,3,6,8,4,4,8,4,4,14,7,7
S01006946,131,45,86,8,5,3,22,4,18,11,5,6,26,4,22,4,3,1,8,1,7,11,2,9,7,5,2,19,8,11,15,8,7
S01006947,80,29,51,1,1,0,10,3,7,6,3,3,8,1,7,7,6,1,9,0,9,6,1,5,3,3,0,13,4,9,17,7,10
S01006948,176,58,118,15,12,3,30,7,23,17,6,11,31,4,27,18,14,4,18,0,18,10,2,8,6,3,3,17,4,13,14,6,8
S01006949,111,40,71,9,5,4,12,5,7,12,6,6,18,1,17,13,8,5,4,0,4,10,3,7,10,8,2,6,1,5,17,3,14
S01006950,49,14,35,2,1,1,5,1,4,2,0,2,6,1,5,4,3,1,4,0,4,6,0,6,3,3,0,12,2,10,5,3,2
S01006951,69,27,42,6,4,2,3,2,1,8,5,3,12,1,11,6,4,2,7,1,6,6,2,4,3,3,0,11,2,9,7,3,4
S01006952,194,69,125,6,2,4,24,6,18,22,10,12,31,1,30,23,18,5,16,1,15,19,4,15,14,10,4,23,7,16,16,10,6
S01006953,127,43,84,12,9,3,19,5,14,12,7,5,22,0,22,7,7,0,12,0,12,13,2,11,3,3,0,14,3,11,13,7,6
S01006954,130,55,75,3,2,1,23,7,16,9,7,2,23,5,18,14,8,6,8,2,6,12,3,9,4,3,1,21,10,11,13,8,5
S01006955,104,39,65,5,3,2,5,0,5,6,4,2,14,2,12,11,9,2,15,2,13,15,2,13,8,7,1,16,7,9,9,3,6
S01006956,151,56,95,6,4,2,19,5,14,14,6,8,25,0,25,11,10,1,18,2,16,10,3,7,8,7,1,20,6,14,20,13,7
S01006957,160,46,114,9,3,6,10,2,8,17,5,12,30,1,29,6,6,0,22,3,19,15,3,12,6,5,1,16,5,11,29,13,16
S01006958,221,80,141,9,5,4,39,19,20,21,12,9,38,4,34,16,13,3,23,0,23,17,1,16,18,10,8,21,6,15,19,10,9
S01006959,164,59,105,4,1,3,22,8,14,13,7,6,17,1,16,18,13,5,7,1,6,21,4,17,8,5,3,33,12,21,21,7,14
S01006960,118,29,89,7,4,3,14,4,10,14,2,12,21,1,20,6,2,4,13,1,12,8,0,8,2,1,1,9,3,6,24,11,13
S01006961,101,32,69,6,2,4,6,2,4,14,4,10,17,0,17,5,3,2,7,0,7,11,4,7,2,1,1,9,3,6,24,13,11
S01006962,193,66,127,13,5,8,22,11,11,6,4,2,29,6,23,21,17,4,21,1,20,24,1,23,10,7,3,27,6,21,20,8,12
S01006963,165,65,100,12,9,3,14,3,11,18,12,6,22,1,21,16,12,4,15,0,15,11,1,10,10,4,6,17,8,9,30,15,15
S01006964,137,56,81,8,4,4,21,6,15,8,5,3,19,3,16,22,15,7,7,0,7,9,2,7,12,9,3,17,5,12,14,7,7
S01006965,134,51,83,8,6,2,24,7,17,11,9,2,21,2,19,12,9,3,11,0,11,13,3,10,7,4,3,14,6,8,13,5,8
S01006966,120,56,64,4,3,1,14,6,8,6,5,1,8,1,7,15,12,3,15,0,15,12,3,9,12,11,1,16,6,10,18,9,9
S01006967,104,40,64,2,1,1,12,4,8,5,2,3,17,3,14,9,6,3,8,0,8,13,3,10,7,5,2,16,7,9,15,9,6
S01006968,94,32,62,4,3,1,9,1,8,6,4,2,13,0,13,5,5,0,14,0,14,5,1,4,4,4,0,26,8,18,8,6,2
S01006969,186,65,121,11,4,7,21,5,16,11,8,3,23,4,19,20,15,5,16,1,15,17,2,15,11,6,5,39,13,26,17,7,10
S01006970,116,36,80,3,2,1,10,5,5,13,6,7,27,5,22,1,1,0,9,1,8,12,0,12,5,4,1,11,2,9,25,10,15
S01006971,129,44,85,3,1,2,11,3,8,0,0,0,19,2,17,13,10,3,12,0,12,17,1,16,13,11,2,26,9,17,15,7,8
S01006972,97,42,55,5,5,0,14,4,10,7,4,3,15,1,14,9,9,0,9,0,9,13,1,12,2,2,0,9,6,3,14,10,4
S01006973,133,52,81,14,8,6,28,12,16,9,5,4,17,1,16,14,10,4,8,0,8,18,3,15,7,6,1,10,5,5,8,2,6
S01006974,181,58,123,10,8,2,35,10,25,16,5,11,29,2,27,11,7,4,14,2,12,17,2,15,9,9,0,21,7,14,19,6,13
S01006975,156,59,97,12,6,6,28,11,17,11,8,3,24,2,22,11,8,3,11,2,9,14,2,12,10,8,2,18,5,13,17,7,10
S01006976,78,29,49,12,6,6,7,3,4,3,2,1,9,0,9,7,6,1,11,0,11,8,1,7,4,4,0,8,3,5,9,4,5
S01006977,137,46,91,12,7,5,18,4,14,8,4,4,17,1,16,13,10,3,14,0,14,10,1,9,6,3,3,23,6,17,16,10,6
S01006978,185,73,112,11,7,4,27,12,15,12,7,5,21,2,19,21,17,4,16,0,16,19,3,16,6,4,2,23,9,14,29,12,17
S01006979,175,67,108,18,9,9,26,9,17,9,6,3,26,2,24,19,11,8,14,2,12,11,0,11,13,11,2,22,8,14,17,9,8
S01006980,169,63,106,10,9,1,21,6,15,16,7,9,29,4,25,13,10,3,13,1,12,13,1,12,6,4,2,18,9,9,30,12,18
S01006981,134,46,88,6,3,3,15,2,13,4,1,3,18,1,17,22,14,8,7,1,6,11,0,11,6,5,1,21,8,13,24,11,13
S01006982,131,42,89,5,3,2,11,3,8,7,3,4,27,5,22,14,4,10,8,0,8,18,5,13,10,8,2,19,5,14,12,6,6
S01006983,134,52,82,9,1,8,17,6,11,12,5,7,18,1,17,15,14,1,9,0,9,16,4,12,9,7,2,10,4,6,19,10,9
S01006984,118,40,78,4,3,1,20,6,14,9,5,4,17,2,15,12,7,5,11,1,10,8,0,8,11,8,3,11,1,10,15,7,8
S01006985,200,81,119,13,5,8,19,6,13,15,8,7,22,2,20,20,16,4,14,1,13,20,4,16,21,14,7,26,9,17,30,16,14
S01006986,104,36,68,2,1,1,9,3,6,5,3,2,17,3,14,8,4,4,6,0,6,9,1,8,7,3,4,19,7,12,22,11,11
S01006987,149,53,96,10,4,6,25,7,18,15,7,8,24,5,19,17,11,6,10,2,8,9,1,8,6,4,2,18,5,13,15,7,8
S01006988,97,37,60,4,1,3,9,2,7,9,4,5,12,2,10,8,3,5,7,0,7,8,2,6,10,6,4,8,5,3,22,12,10
S01006989,180,57,123,13,5,8,27,7,20,17,4,13,33,2,31,10,9,1,14,0,14,8,1,7,8,5,3,26,10,16,24,14,10
S01006990,123,44,79,13,6,7,19,6,13,9,1,8,24,3,21,5,4,1,7,1,6,6,2,4,5,3,2,10,2,8,25,16,9
S01006991,101,35,66,2,0,2,12,4,8,5,2,3,8,0,8,11,7,4,9,1,8,9,1,8,13,11,2,17,4,13,15,5,10
S01006992,131,50,81,10,6,4,17,5,12,9,5,4,15,0,15,10,7,3,13,0,13,5,1,4,11,6,5,20,11,9,21,9,12
S01006993,101,28,73,4,1,3,13,3,10,9,4,5,8,1,7,16,9,7,15,1,14,7,1,6,3,0,3,12,4,8,14,4,10
S01006994,122,55,67,7,4,3,18,6,12,7,3,4,13,1,12,22,15,7,11,0,11,11,3,8,7,7,0,9,4,5,17,12,5
S01006995,134,38,96,6,4,2,22,6,16,11,4,7,14,0,14,11,9,2,20,0,20,8,1,7,11,7,4,12,1,11,19,6,13
S01006996,127,41,86,5,4,1,7,0,7,12,4,8,11,1,10,9,8,1,14,1,13,19,3,16,11,8,3,25,3,22,14,9,5
S01006997,109,39,70,3,2,1,11,3,8,9,5,4,19,1,18,9,6,3,9,1,8,7,1,6,8,6,2,18,5,13,16,9,7
S01006998,186,73,113,10,4,6,21,4,17,24,11,13,23,1,22,22,17,5,19,2,17,7,0,7,10,7,3,29,13,16,21,14,7
S01006999,151,63,88,5,4,1,9,3,6,11,5,6,26,5,21,20,15,5,17,3,14,6,1,5,12,10,2,27,8,19,18,9,9
S01007000,187,69,118,8,4,4,17,3,14,15,5,10,26,2,24,26,22,4,20,1,19,12,2,10,10,7,3,31,14,17,22,9,13
S01007001,203,82,121,13,11,2,25,8,17,15,5,10,27,5,22,20,17,3,18,0,18,17,4,13,16,12,4,29,8,21,23,12,11
S01007002,120,52,68,5,2,3,13,3,10,4,1,3,14,2,12,12,11,1,8,1,7,9,2,7,12,10,2,18,7,11,25,13,12
S01007003,90,31,59,4,2,2,9,3,6,8,2,6,13,1,12,7,5,2,10,2,8,8,0,8,8,5,3,16,6,10,7,5,2
S01007004,139,60,79,9,5,4,19,4,15,11,6,5,19,2,17,15,13,2,11,1,10,4,0,4,12,11,1,18,6,12,21,12,9
S01007005,165,61,104,9,3,6,32,10,22,14,9,5,14,0,14,12,7,5,15,1,14,14,1,13,13,9,4,16,6,10,26,15,11
S01007006,222,86,136,13,8,5,25,9,16,9,4,5,13,1,12,26,17,9,27,4,23,22,1,21,18,15,3,48,18,30,21,9,12
S01007007,184,69,115,13,8,5,26,9,17,8,3,5,10,1,9,25,19,6,22,1,21,11,2,9,10,5,5,29,7,22,30,14,16
S01007008,222,96,126,9,5,4,15,7,8,8,3,5,16,2,14,19,16,3,29,5,24,20,3,17,14,14,0,47,18,29,45,23,22
S01007009,249,115,134,10,5,5,29,12,17,8,4,4,24,5,19,32,28,4,19,0,19,23,4,19,26,22,4,49,21,28,29,14,15
S01007010,180,70,110,12,8,4,30,9,21,13,4,9,19,1,18,24,21,3,26,4,22,16,2,14,7,7,0,17,7,10,16,7,9
S01007011,194,87,107,6,3,3,13,3,10,9,7,2,20,1,19,28,23,5,15,1,14,16,4,12,25,18,7,39,17,22,23,10,13
S01007012,202,87,115,5,3,2,7,2,5,8,3,5,12,2,10,32,26,6,22,3,19,16,0,16,24,14,10,46,19,27,30,15,15
S01007013,117,40,77,10,5,5,9,4,5,7,3,4,19,1,18,17,9,8,9,1,8,6,0,6,1,1,0,21,8,13,18,8,10
S01007014,165,58,107,8,3,5,14,5,9,17,6,11,16,3,13,13,12,1,22,1,21,17,1,16,7,4,3,26,9,17,25,14,11
S01007015,123,45,78,7,2,5,14,5,9,5,4,1,13,2,11,13,6,7,14,1,13,10,1,9,9,5,4,19,6,13,19,13,6
S01007016,115,34,81,6,1,5,17,3,14,10,2,8,13,0,13,13,12,1,15,2,13,4,2,2,2,2,0,16,1,15,19,9,10
S01007017,211,78,133,6,3,3,9,1,8,7,7,0,17,3,14,26,17,9,19,1,18,31,3,28,23,17,6,45,16,29,28,10,18
S01007018,212,87,125,14,9,5,11,3,8,11,7,4,27,5,22,29,18,11,25,1,24,19,4,15,20,16,4,36,13,23,20,11,9
S01007019,168,64,104,7,5,2,11,4,7,9,7,2,14,2,12,13,7,6,15,0,15,15,1,14,25,14,11,37,14,23,22,10,12
S01007020,171,64,107,9,3,6,19,4,15,9,6,3,14,1,13,24,19,5,15,0,15,14,2,12,17,13,4,21,3,18,29,13,16
S01007021,212,88,124,5,3,2,21,6,15,8,6,2,17,1,16,30,22,8,20,5,15,23,2,21,17,10,7,47,21,26,24,12,12
S01007022,133,54,79,7,4,3,15,4,11,3,1,2,11,0,11,16,10,6,13,2,11,12,3,9,10,7,3,28,10,18,18,13,5
S01007023,124,47,77,6,4,2,11,2,9,7,2,5,15,3,12,15,10,5,15,3,12,8,1,7,14,8,6,16,6,10,17,8,9
S01007024,247,105,142,16,7,9,34,11,23,18,11,7,20,3,17,29,22,7,20,3,17,18,3,15,15,12,3,40,18,22,37,15,22
S01007025,224,93,131,7,3,4,20,11,9,13,7,6,12,0,12,35,26,9,29,2,27,12,0,12,27,21,6,44,10,34,25,13,12
S01007026,251,109,142,16,8,8,34,10,24,16,10,6,20,3,17,35,27,8,23,4,19,22,3,19,20,17,3,37,12,25,28,15,13
S01007027,267,105,162,12,6,6,22,6,16,16,9,7,23,0,23,27,23,4,26,0,26,18,2,16,29,21,8,57,20,37,37,18,19
S01007028,177,76,101,12,4,8,18,3,15,11,6,5,15,1,14,24,21,3,21,2,19,16,6,10,10,7,3,24,11,13,26,15,11
S01007029,136,52,84,9,5,4,14,5,9,13,5,8,9,1,8,16,9,7,13,1,12,10,0,10,18,14,4,16,5,11,18,7,11
S01007030,214,82,132,15,6,9,15,5,10,14,7,7,19,2,17,28,24,4,28,5,23,28,5,23,21,13,8,32,11,21,14,4,10
S01007031,164,71,93,12,6,6,16,6,10,12,7,5,9,1,8,17,15,2,19,2,17,13,3,10,12,9,3,30,11,19,24,11,13
S01007032,283,135,148,11,7,4,30,9,21,8,6,2,20,3,17,36,29,7,22,7,15,20,2,18,23,18,5,53,22,31,60,32,28
S01007033,192,71,121,7,2,5,20,10,10,9,5,4,14,3,11,16,11,5,25,4,21,12,0,12,16,12,4,41,12,29,32,12,20
S01007034,141,52,89,4,0,4,12,4,8,6,4,2,13,0,13,10,6,4,14,1,13,13,0,13,18,15,3,22,8,14,29,14,15
S01007035,222,85,137,4,0,4,12,1,11,5,3,2,13,3,10,33,24,9,27,2,25,24,6,18,21,15,6,60,19,41,23,12,11
S01007036,225,95,130,20,12,8,25,9,16,9,4,5,23,4,19,25,19,6,25,5,20,19,4,15,10,8,2,25,6,19,44,24,20
S01007037,243,96,147,6,4,2,14,4,10,6,2,4,17,2,15,44,37,7,43,4,39,22,4,18,16,10,6,44,13,31,31,16,15
S01007038,178,64,114,6,3,3,17,3,14,3,1,2,15,4,11,23,16,7,15,1,14,23,1,22,14,13,1,28,10,18,34,12,22
S01007039,230,98,132,8,4,4,13,2,11,4,3,1,17,1,16,36,31,5,24,2,22,23,7,16,19,14,5,47,17,30,39,17,22
S01007040,167,69,98,7,4,3,11,4,7,4,3,1,16,1,15,20,18,2,18,3,15,16,1,15,17,13,4,35,12,23,23,10,13
S01007041,185,76,109,7,4,3,10,0,10,14,9,5,14,3,11,20,17,3,22,4,18,10,1,9,8,7,1,38,11,27,42,20,22
S01007042,170,64,106,5,1,4,13,5,8,13,8,5,13,4,9,18,11,7,17,0,17,18,2,16,18,9,9,25,10,15,30,14,16
S01007043,186,73,113,12,6,6,23,8,15,11,7,4,22,2,20,25,21,4,14,0,14,10,2,8,18,12,6,26,3,23,25,12,13
S01007044,194,75,119,15,4,11,8,2,6,10,8,2,21,1,20,37,28,9,15,4,11,19,2,17,11,10,1,29,6,23,29,10,19
S01007045,207,84,123,12,8,4,21,4,17,11,5,6,13,1,12,25,21,4,22,3,19,16,4,12,16,10,6,48,18,30,23,10,13
S01007046,150,59,91,7,1,6,17,6,11,12,6,6,10,0,10,23,18,5,10,1,9,7,1,6,13,10,3,24,9,15,27,7,20
S01007047,160,54,106,9,7,2,14,3,11,14,8,6,16,2,14,22,15,7,12,0,12,17,0,17,15,8,7,18,3,15,23,8,15
S01007048,221,88,133,14,9,5,10,2,8,7,3,4,29,4,25,30,23,7,24,4,20,22,4,18,19,12,7,28,9,19,38,18,20
S01007049,239,99,140,16,7,9,14,4,10,10,3,7,10,1,9,42,36,6,33,2,31,18,1,17,37,24,13,39,16,23,20,5,15
S01007050,159,68,91,8,2,6,15,6,9,7,3,4,9,0,9,16,11,5,18,3,15,15,5,10,17,12,5,25,8,17,29,18,11
S01007051,148,57,91,8,5,3,18,5,13,10,7,3,14,3,11,10,8,2,6,0,6,10,2,8,10,5,5,34,12,22,28,10,18
S01007052,139,48,91,4,3,1,10,3,7,12,5,7,13,1,12,16,8,8,9,0,9,11,0,11,17,11,6,27,7,20,20,10,10
S01007053,120,46,74,7,5,2,14,2,12,13,5,8,13,0,13,17,16,1,14,1,13,8,1,7,8,6,2,15,7,8,11,3,8
S01007054,216,89,127,10,3,7,11,4,7,11,6,5,22,2,20,38,27,11,23,3,20,10,1,9,25,19,6,39,15,24,27,9,18
S01007055,97,34,63,4,2,2,10,3,7,8,4,4,6,0,6,12,9,3,11,2,9,11,0,11,8,6,2,14,5,9,13,3,10
S01007056,126,48,78,1,1,0,11,2,9,4,3,1,16,1,15,18,13,5,15,1,14,12,1,11,10,5,5,16,5,11,23,16,7
S01007057,146,54,92,7,1,6,16,6,10,8,6,2,14,2,12,17,13,4,16,0,16,14,0,14,16,13,3,26,8,18,12,5,7
S01007058,144,58,86,10,5,5,6,2,4,2,1,1,15,1,14,26,20,6,18,2,16,12,1,11,14,11,3,31,10,21,10,5,5
S01007059,238,86,152,13,8,5,14,2,12,5,2,3,30,1,29,32,23,9,19,0,19,20,2,18,19,14,5,42,13,29,44,21,23
S01007060,183,75,108,7,5,2,7,6,1,6,3,3,13,2,11,13,8,5,17,0,17,18,3,15,23,12,11,48,17,31,31,19,12
S01007061,157,59,98,20,9,11,21,6,15,11,5,6,19,3,16,15,12,3,11,0,11,16,3,13,7,6,1,13,4,9,24,11,13
S01007062,134,59,75,7,2,5,19,9,10,11,7,4,17,2,15,13,7,6,7,1,6,9,0,9,5,1,4,22,11,11,24,19,5
S01007063,147,51,96,14,7,7,10,2,8,8,4,4,15,2,13,19,14,5,17,1,16,10,1,9,16,8,8,18,6,12,20,6,14
S01007064,123,52,71,3,2,1,12,5,7,6,3,3,14,0,14,20,14,6,11,2,9,3,1,2,11,7,4,25,7,18,18,11,7
S01007065,126,48,78,17,10,7,26,8,18,10,4,6,12,3,9,6,3,3,12,3,9,13,2,11,4,2,2,10,1,9,16,12,4
S01007066,141,54,87,8,3,5,10,3,7,6,4,2,16,0,16,13,9,4,13,1,12,16,2,14,16,13,3,25,8,17,18,11,7
S01007067,132,51,81,6,3,3,11,4,7,6,2,4,17,4,13,16,13,3,16,1,15,16,3,13,15,12,3,19,6,13,10,3,7
S01007068,186,58,128,13,5,8,20,5,15,12,7,5,24,2,22,17,13,4,19,2,17,21,2,19,13,8,5,28,8,20,19,6,13
S01007069,189,69,120,4,0,4,15,3,12,11,5,6,18,1,17,29,21,8,11,0,11,19,4,15,16,11,5,42,15,27,24,9,15
S01007070,131,59,72,8,3,5,5,1,4,8,4,4,9,0,9,23,18,5,12,1,11,5,0,5,15,13,2,35,14,21,11,5,6
S01007071,161,60,101,7,5,2,15,5,10,5,1,4,17,2,15,17,12,5,12,1,11,15,3,12,13,8,5,41,11,30,19,12,7
S01007072,112,39,73,3,1,2,9,3,6,8,2,6,11,2,9,10,7,3,13,1,12,18,2,16,10,7,3,20,8,12,10,6,4
S01007073,338,206,132,18,13,5,16,6,10,27,21,6,30,7,23,43,36,7,23,7,16,36,11,25,38,28,10,66,53,13,41,24,17
S01007074,155,58,97,5,1,4,5,1,4,11,6,5,8,0,8,29,21,8,8,0,8,16,1,15,17,11,6,43,11,32,13,6,7
S01007075,160,52,108,4,3,1,8,1,7,10,7,3,6,2,4,27,14,13,17,1,16,16,1,15,15,8,7,39,10,29,18,5,13
S01007076,166,64,102,2,0,2,8,2,6,13,8,5,8,1,7,15,8,7,13,2,11,14,1,13,22,13,9,48,15,33,23,14,9
S01007077,165,63,102,5,2,3,9,2,7,8,6,2,16,3,13,29,19,10,10,1,9,18,0,18,14,10,4,35,13,22,21,7,14
S01007078,248,99,149,8,3,5,16,7,9,6,3,3,31,5,26,36,25,11,10,3,7,29,3,26,27,17,10,53,18,35,32,15,17
S01007079,277,106,171,14,7,7,14,1,13,13,5,8,18,2,16,44,31,13,25,1,24,31,3,28,33,21,12,49,21,28,36,14,22
S01007080,208,86,122,9,2,7,6,1,5,7,3,4,18,0,18,32,24,8,16,4,12,20,4,16,27,13,14,49,21,28,24,14,10
S01007081,226,84,142,4,2,2,5,1,4,8,3,5,16,1,15,37,23,14,18,1,17,17,3,14,22,13,9,65,24,41,34,13,21
S01007082,135,56,79,8,4,4,7,1,6,7,4,3,8,1,7,16,10,6,8,0,8,8,3,5,18,10,8,28,10,18,27,13,14
S01007083,304,128,176,13,6,7,8,3,5,10,6,4,19,2,17,44,32,12,16,1,15,20,1,19,38,22,16,76,27,49,60,28,32
S01007084,145,54,91,7,4,3,12,6,6,11,5,6,16,3,13,17,14,3,6,1,5,21,3,18,12,8,4,32,7,25,11,3,8
S01007085,193,83,110,5,2,3,10,4,6,8,5,3,15,1,14,34,27,7,21,3,18,13,1,12,15,10,5,43,18,25,29,12,17
S01007086,301,142,159,8,4,4,5,2,3,7,5,2,16,6,10,44,30,14,23,2,21,25,9,16,28,20,8,78,40,38,67,24,43
S01007087,213,95,118,5,2,3,5,2,3,4,2,2,9,1,8,36,28,8,15,4,11,11,2,9,18,9,9,64,24,40,46,21,25
S01007088,180,76,104,3,3,0,3,1,2,4,2,2,7,1,6,30,18,12,9,0,9,11,0,11,19,11,8,60,23,37,34,17,17
S01007089,130,47,83,7,5,2,8,2,6,11,5,6,22,1,21,11,8,3,11,3,8,15,5,10,15,9,6,18,6,12,12,3,9
S01007090,82,37,45,2,0,2,3,2,1,3,2,1,8,1,7,14,13,1,7,0,7,9,1,8,11,7,4,13,7,6,12,4,8
S01007091,160,54,106,5,4,1,6,0,6,3,2,1,11,1,10,22,13,9,15,2,13,16,0,16,8,4,4,39,11,28,35,17,18
S01007092,160,64,96,4,2,2,8,2,6,8,4,4,16,4,12,16,14,2,13,2,11,17,1,16,18,14,4,41,15,26,19,6,13
S01007093,212,85,127,13,5,8,16,5,11,13,9,4,32,2,30,30,27,3,21,1,20,21,1,20,18,12,6,30,13,17,18,10,8
S01007094,195,74,121,10,3,7,16,5,11,12,8,4,21,4,17,30,23,7,14,0,14,14,1,13,18,11,7,41,13,28,19,6,13
S01007095,128,49,79,4,2,2,16,5,11,8,2,6,14,0,14,13,11,2,5,0,5,10,1,9,12,9,3,18,5,13,28,14,14
S01007096,138,51,87,10,5,5,15,2,13,13,8,5,18,3,15,12,10,2,16,0,16,11,2,9,7,4,3,20,7,13,16,10,6
S01007097,91,27,64,4,1,3,6,1,5,3,2,1,15,1,14,12,8,4,7,0,7,9,1,8,12,6,6,9,3,6,14,4,10
S01007098,170,56,114,13,7,6,20,4,16,13,7,6,21,2,19,20,14,6,25,0,25,11,3,8,8,5,3,18,5,13,21,9,12
S01007099,162,60,102,6,3,3,13,5,8,5,3,2,27,3,24,19,14,5,17,1,16,12,5,7,20,10,10,24,9,15,19,7,12
S01007100,172,66,106,7,3,4,17,4,13,10,4,6,18,0,18,17,15,2,15,0,15,12,3,9,15,10,5,33,11,22,28,16,12
S01007101,218,78,140,10,7,3,5,2,3,5,1,4,18,3,15,21,17,4,26,0,26,18,5,13,26,20,6,61,14,47,28,9,19
S01007102,186,82,104,15,9,6,17,6,11,8,4,4,14,2,12,25,20,5,16,0,16,12,3,9,25,17,8,27,9,18,27,12,15
S01007103,189,76,113,10,4,6,13,7,6,6,5,1,21,0,21,31,27,4,10,0,10,24,3,21,14,8,6,34,11,23,26,11,15
S01007104,137,56,81,6,5,1,17,6,11,7,4,3,18,1,17,19,14,5,14,3,11,14,1,13,10,9,1,19,8,11,13,5,8
S01007105,138,49,89,12,6,6,3,1,2,8,3,5,14,1,13,26,19,7,9,2,7,13,1,12,12,5,7,28,9,19,13,2,11
S01007106,217,90,127,11,4,7,16,4,12,15,9,6,11,0,11,42,33,9,17,2,15,28,4,24,19,14,5,35,13,22,23,7,16
S01007107,147,50,97,21,11,10,17,7,10,9,5,4,25,1,24,11,10,1,18,0,18,9,1,8,4,2,2,14,6,8,19,7,12
S01007108,132,56,76,7,1,6,13,4,9,7,6,1,17,3,14,21,17,4,11,2,9,9,2,7,12,8,4,20,7,13,15,6,9
S01007109,238,93,145,3,1,2,9,2,7,8,4,4,9,0,9,43,26,17,15,1,14,26,0,26,38,25,13,61,23,38,26,11,15
S01007110,189,69,120,7,1,6,6,2,4,11,9,2,23,4,19,37,27,10,15,1,14,14,0,14,18,8,10,36,10,26,22,7,15
S01007111,144,58,86,7,4,3,9,2,7,3,1,2,9,1,8,26,20,6,17,3,14,14,1,13,18,11,7,18,5,13,23,10,13
S01007112,150,58,92,10,4,6,16,4,12,10,7,3,14,2,12,25,16,9,5,2,3,13,1,12,11,4,7,27,10,17,19,8,11
S01007113,145,63,82,11,5,6,33,11,22,6,4,2,14,1,13,20,17,3,8,0,8,7,1,6,14,9,5,14,8,6,18,7,11
S01007114,205,82,123,9,5,4,14,5,9,7,6,1,17,0,17,35,26,9,24,3,21,27,1,26,15,11,4,36,12,24,21,13,8
S01007115,180,74,106,13,7,6,13,6,7,10,8,2,18,2,16,32,25,7,9,1,8,18,0,18,15,5,10,22,8,14,30,12,18
S01007116,185,66,119,6,4,2,5,1,4,8,2,6,19,1,18,27,22,5,19,1,18,22,3,19,10,6,4,34,9,25,35,17,18
S01007117,118,43,75,11,6,5,19,8,11,7,5,2,11,0,11,14,11,3,10,0,10,11,0,11,9,4,5,10,3,7,16,6,10
S01007118,182,73,109,5,2,3,7,2,5,7,5,2,12,1,11,27,17,10,10,3,7,10,0,10,24,11,13,49,12,37,31,20,11
S01007119,231,94,137,8,3,5,8,3,5,4,2,2,11,1,10,47,33,14,17,2,15,18,4,14,30,21,9,60,14,46,28,11,17
S01007120,323,128,195,6,1,5,10,2,8,11,9,2,22,3,19,54,39,15,23,4,19,28,3,25,38,23,15,88,32,56,43,12,31
S01007121,145,71,74,10,8,2,7,3,4,1,0,1,9,2,7,18,17,1,15,2,13,16,1,15,14,7,7,42,23,19,13,8,5
S01007122,154,61,93,9,4,5,14,6,8,8,5,3,14,2,12,23,17,6,10,1,9,18,1,17,15,12,3,25,7,18,18,6,12
S01007123,158,64,94,8,3,5,4,1,3,6,6,0,9,1,8,23,15,8,13,1,12,12,0,12,19,10,9,41,14,27,23,13,10
S01007124,193,64,129,5,1,4,12,4,8,8,2,6,19,1,18,30,20,10,17,2,15,18,0,18,28,17,11,37,6,31,19,11,8
S01007125,240,95,145,9,1,8,16,3,13,8,4,4,15,3,12,40,28,12,11,0,11,20,1,19,22,15,7,61,25,36,38,15,23
S01007126,274,120,154,4,4,0,6,4,2,7,3,4,4,1,3,48,37,11,25,2,23,15,2,13,40,20,20,62,24,38,63,23,40
S01007127,241,114,127,6,3,3,7,3,4,5,3,2,7,2,5,53,42,11,18,0,18,16,2,14,30,20,10,67,24,43,32,15,17
S01007128,263,104,159,3,2,1,11,2,9,6,3,3,7,1,6,50,30,20,19,1,18,22,1,21,30,18,12,91,38,53,24,8,16
S01007129,195,79,116,22,16,6,47,16,31,21,13,8,23,3,20,16,12,4,10,0,10,9,0,9,11,4,7,12,5,7,24,10,14
S01007130,144,64,80,3,0,3,19,9,10,14,10,4,20,1,19,12,12,0,13,2,11,10,2,8,19,14,5,22,6,16,12,8,4
S01007131,175,72,103,11,9,2,33,15,18,28,13,15,28,3,25,9,9,0,12,3,9,9,1,8,14,9,5,15,3,12,16,7,9
S01007132,155,65,90,9,6,3,30,11,19,16,9,7,28,4,24,20,16,4,5,0,5,13,3,10,4,2,2,12,4,8,18,10,8
S01007133,144,64,80,14,8,6,19,7,12,10,8,2,18,1,17,19,11,8,9,1,8,9,0,9,6,5,1,12,7,5,28,16,12
S01007134,151,69,82,10,8,2,23,7,16,13,5,8,9,0,9,15,13,2,9,1,8,8,2,6,15,11,4,29,11,18,20,11,9
S01007135,114,49,65,10,6,4,36,12,24,9,5,4,10,1,9,8,6,2,8,1,7,5,0,5,7,4,3,6,3,3,15,11,4
S01007136,104,48,56,10,9,1,25,9,16,11,4,7,9,0,9,6,5,1,6,2,4,5,1,4,3,3,0,8,1,7,21,14,7
S01007137,96,40,56,7,5,2,8,1,7,12,5,7,14,3,11,7,5,2,6,0,6,11,3,8,1,0,1,11,6,5,19,12,7
S01007138,123,54,69,9,7,2,20,6,14,7,4,3,23,2,21,15,12,3,9,1,8,8,3,5,9,7,2,9,6,3,14,6,8
S01007139,184,81,103,19,12,7,18,4,14,10,5,5,25,1,24,18,15,3,11,2,9,23,4,19,22,19,3,19,8,11,19,11,8
S01007140,287,122,165,26,12,14,37,13,24,26,18,8,44,6,38,24,19,5,18,2,16,26,4,22,15,15,0,32,14,18,39,19,20
S01007141,149,66,83,12,7,5,18,5,13,9,7,2,26,1,25,12,10,2,7,1,6,11,4,7,13,11,2,20,7,13,21,13,8
S01007142,98,53,45,2,1,1,12,4,8,8,5,3,2,0,2,7,7,0,3,0,3,7,4,3,3,2,1,11,5,6,43,25,18
S01007143,63,21,42,2,2,0,8,3,5,4,3,1,10,0,10,2,2,0,11,1,10,6,1,5,4,4,0,6,3,3,10,2,8
S01007144,200,89,111,13,11,2,20,9,11,10,4,6,19,3,16,21,17,4,27,1,26,9,2,7,27,22,5,31,13,18,23,7,16
S01007145,243,102,141,19,14,5,47,18,29,14,9,5,41,4,37,21,17,4,22,6,16,18,4,14,15,13,2,23,7,16,23,10,13
S01007146,188,84,104,9,5,4,31,12,19,17,10,7,26,3,23,18,17,1,16,5,11,19,5,14,10,8,2,22,8,14,20,11,9
S01007147,190,83,107,10,6,4,36,13,23,21,13,8,24,5,19,21,15,6,17,1,16,15,4,11,7,7,0,17,5,12,22,14,8
S01007148,142,73,69,10,7,3,20,11,9,12,9,3,24,1,23,16,15,1,8,0,8,15,5,10,8,7,1,9,4,5,20,14,6
S01007149,169,72,97,14,9,5,31,12,19,15,11,4,32,9,23,14,10,4,15,2,13,12,3,9,10,9,1,16,4,12,10,3,7
S01007150,220,92,128,21,15,6,43,23,20,17,8,9,52,4,48,13,13,0,19,3,16,16,4,12,7,5,2,12,7,5,20,10,10
S01007151,198,87,111,20,11,9,20,8,12,15,11,4,38,4,34,20,14,6,11,2,9,14,3,11,10,8,2,15,7,8,35,19,16
S01007152,144,66,78,12,8,4,28,13,15,15,10,5,20,2,18,13,12,1,14,3,11,13,2,11,4,4,0,11,5,6,14,7,7
S01007153,163,77,86,7,4,3,26,11,15,19,14,5,23,5,18,18,13,5,17,4,13,12,4,8,14,11,3,13,3,10,14,8,6
S01007154,185,83,102,6,4,2,34,12,22,19,13,6,32,5,27,12,10,2,14,6,8,17,3,14,7,3,4,28,19,9,16,8,8
S01007155,156,59,97,10,7,3,23,7,16,10,7,3,30,4,26,10,9,1,13,2,11,15,3,12,5,3,2,25,10,15,15,7,8
S01007156,191,74,117,8,5,3,14,4,10,10,6,4,24,5,19,22,19,3,20,1,19,23,3,20,16,9,7,27,8,19,27,14,13
S01007157,130,56,74,10,6,4,8,1,7,11,5,6,13,3,10,10,10,0,18,4,14,10,2,8,9,9,0,24,8,16,17,8,9
S01007158,195,85,110,7,5,2,19,10,9,11,8,3,25,4,21,31,27,4,16,3,13,17,4,13,11,6,5,33,7,26,25,11,14
S01007159,225,93,132,4,3,1,16,2,14,19,8,11,19,3,16,20,16,4,25,4,21,24,8,16,20,16,4,55,22,33,23,11,12
S01007160,261,108,153,10,2,8,12,6,6,18,7,11,22,1,21,35,27,8,26,4,22,23,8,15,26,17,9,47,12,35,42,24,18
S01007161,197,84,113,8,5,3,20,8,12,14,12,2,31,6,25,14,13,1,18,1,17,19,3,16,8,7,1,31,14,17,34,15,19
S01007162,128,54,74,5,2,3,11,0,11,15,11,4,22,7,15,13,13,0,7,0,7,10,2,8,12,8,4,22,7,15,11,4,7
S01007163,254,114,140,8,4,4,26,12,14,25,17,8,37,10,27,27,24,3,22,3,19,31,5,26,20,14,6,30,14,16,28,11,17
S01007164,159,76,83,10,6,4,21,13,8,12,8,4,20,3,17,17,15,2,11,1,10,15,4,11,9,7,2,20,6,14,24,13,11
S01007165,194,78,116,16,8,8,36,17,19,12,5,7,31,2,29,16,11,5,14,3,11,21,5,16,6,5,1,15,8,7,27,14,13
S01007166,184,76,108,16,12,4,27,12,15,10,8,2,23,1,22,20,12,8,16,2,14,22,4,18,13,7,6,21,10,11,16,8,8
S01007167,216,91,125,20,11,9,42,14,28,25,19,6,42,8,34,15,13,2,11,1,10,20,5,15,7,5,2,12,4,8,22,11,11
S01007168,246,99,147,14,8,6,39,20,19,26,17,9,43,5,38,22,18,4,20,1,19,22,4,18,18,15,3,17,4,13,25,7,18
S01007169,184,77,107,8,3,5,22,8,14,16,13,3,39,10,29,11,7,4,9,0,9,18,3,15,9,8,1,15,6,9,37,19,18
S01007170,162,79,83,9,8,1,24,7,17,15,9,6,18,2,16,25,20,5,11,2,9,4,2,2,11,8,3,25,13,12,20,8,12
S01007171,173,76,97,9,4,5,16,6,10,11,6,5,26,2,24,24,21,3,8,1,7,12,3,9,14,11,3,30,13,17,23,9,14
S01007172,259,107,152,33,18,15,32,12,20,18,10,8,36,2,34,28,21,7,21,3,18,11,2,9,20,13,7,28,12,16,32,14,18
S01007173,159,64,95,8,5,3,6,2,4,10,6,4,16,0,16,14,12,2,18,3,15,24,2,22,11,8,3,23,7,16,29,19,10
S01007174,186,77,109,12,10,2,17,7,10,6,2,4,14,2,12,15,10,5,15,1,14,19,3,16,12,8,4,31,14,17,45,20,25
S01007175,170,66,104,8,5,3,7,3,4,13,8,5,29,2,27,20,15,5,11,2,9,19,3,16,20,14,6,24,8,16,19,6,13
S01007176,182,74,108,10,7,3,10,2,8,7,5,2,22,2,20,26,22,4,17,1,16,19,2,17,22,15,7,30,6,24,19,12,7
S01007177,206,91,115,6,1,5,14,5,9,7,6,1,18,3,15,25,20,5,11,1,10,20,4,16,21,17,4,55,24,31,29,10,19
S01007178,316,142,174,13,5,8,11,5,6,15,9,6,23,3,20,48,38,10,26,1,25,33,8,25,33,25,8,58,21,37,56,27,29
S01007179,266,107,159,20,11,9,25,17,8,24,14,10,43,7,36,14,9,5,20,3,17,22,3,19,20,18,2,52,15,37,26,10,16
S01007180,212,91,121,25,13,12,43,19,24,7,6,1,36,4,32,22,19,3,8,0,8,18,3,15,10,7,3,22,6,16,21,14,7
S01007181,258,116,142,19,13,6,32,19,13,25,12,13,38,4,34,16,14,2,17,2,15,18,4,14,11,6,5,25,12,13,57,30,27
S01007182,284,111,173,20,14,6,43,16,27,16,10,6,31,2,29,24,21,3,18,1,17,25,3,22,23,15,8,49,16,33,35,13,22
S01007183,300,122,178,15,8,7,20,3,17,27,15,12,26,0,26,40,33,7,28,1,27,29,4,25,19,15,4,61,26,35,35,17,18
S01007184,325,155,170,15,7,8,19,9,10,16,10,6,21,2,19,58,48,10,30,3,27,32,11,21,29,21,8,65,28,37,40,16,24
S01007185,263,115,148,4,2,2,15,8,7,12,5,7,13,5,8,23,18,5,17,2,15,25,6,19,30,25,5,68,22,46,56,22,34
S01007186,207,96,111,7,1,6,5,3,2,5,4,1,15,1,14,23,17,6,11,1,10,15,1,14,15,11,4,64,30,34,47,27,20
S01007187,247,122,125,7,4,3,12,4,8,14,6,8,23,3,20,39,31,8,18,5,13,15,5,10,32,25,7,59,27,32,28,12,16
S01007188,152,75,77,11,4,7,13,4,9,11,5,6,9,1,8,23,16,7,11,2,9,8,0,8,20,15,5,21,12,9,25,16,9
S01007189,230,105,125,8,5,3,16,7,9,6,6,0,21,1,20,27,27,0,18,5,13,30,5,25,25,18,7,40,16,24,39,15,24
S01007190,249,112,137,14,10,4,13,4,9,15,12,3,27,4,23,32,22,10,18,1,17,32,4,28,26,21,5,37,17,20,35,17,18
S01007191,155,73,82,5,1,4,8,2,6,6,4,2,7,1,6,18,16,2,12,1,11,22,3,19,14,10,4,36,18,18,27,17,10
S01007192,182,81,101,8,3,5,5,2,3,3,3,0,9,1,8,23,17,6,17,3,14,19,1,18,16,13,3,41,16,25,41,22,19
S01007193,221,94,127,9,2,7,3,2,1,11,2,9,6,1,5,40,35,5,16,1,15,23,3,20,28,15,13,46,13,33,39,20,19
S01007194,209,94,115,4,2,2,2,1,1,7,5,2,9,2,7,32,25,7,20,2,18,21,1,20,25,16,9,45,20,25,44,20,24
S01007195,180,82,98,7,4,3,12,6,6,7,3,4,11,1,10,23,20,3,14,2,12,13,4,9,13,6,7,44,18,26,36,18,18
S01007196,207,78,129,8,6,2,8,2,6,13,7,6,10,0,10,21,17,4,17,1,16,26,2,24,21,10,11,51,19,32,32,14,18
S01007197,202,86,116,4,2,2,3,1,2,5,2,3,13,3,10,16,15,1,12,2,10,31,5,26,26,19,7,54,22,32,38,15,23
S01007198,158,60,98,6,1,5,3,1,2,9,5,4,13,2,11,17,13,4,11,4,7,9,1,8,19,12,7,33,8,25,38,13,25
S01007199,276,130,146,10,4,6,7,1,6,9,5,4,10,1,9,32,28,4,22,6,16,34,8,26,26,23,3,54,16,38,72,38,34
S01007200,227,106,121,5,3,2,8,2,6,7,5,2,11,1,10,30,25,5,22,0,22,31,5,26,27,20,7,48,23,25,38,22,16
S01007201,236,101,135,9,6,3,16,9,7,15,10,5,18,2,16,34,28,6,16,2,14,23,1,22,24,14,10,48,13,35,33,16,17
S01007202,238,97,141,5,3,2,14,7,7,8,2,6,16,3,13,26,24,2,28,5,23,37,3,34,26,16,10,45,17,28,33,17,16
S01007203,167,72,95,4,2,2,8,3,5,3,2,1,13,4,9,18,15,3,7,1,6,17,3,14,32,20,12,47,13,34,18,9,9
S01007204,267,112,155,10,7,3,41,14,27,25,14,11,20,3,17,27,18,9,18,0,18,21,5,16,22,17,5,35,14,21,48,20,28
S01007205,211,94,117,14,7,7,37,16,21,9,6,3,17,0,17,15,13,2,13,3,10,19,5,14,13,8,5,34,12,22,40,24,16
S01007206,103,39,64,4,2,2,12,8,4,7,3,4,7,0,7,11,9,2,11,0,11,5,0,5,10,6,4,25,7,18,11,4,7
S01007207,234,101,133,7,4,3,26,9,17,15,12,3,29,1,28,29,23,6,12,0,12,19,2,17,27,23,4,45,20,25,25,7,18
S01007208,291,127,164,8,2,6,12,5,7,17,11,6,24,3,21,47,37,10,18,1,17,25,1,24,23,17,6,82,35,47,35,15,20
S01007209,201,79,122,13,6,7,12,4,8,11,6,5,16,4,12,16,12,4,18,2,16,25,4,21,13,10,3,38,18,20,39,13,26
S01007210,193,71,122,3,1,2,5,3,2,11,5,6,7,2,5,28,23,5,21,0,21,15,2,13,16,8,8,50,14,36,37,13,24
S01007211,313,157,156,20,13,7,14,5,9,18,14,4,15,2,13,40,36,4,23,4,19,33,4,29,26,20,6,76,32,44,48,27,21
S01007212,146,58,88,10,4,6,17,7,10,7,6,1,19,3,16,19,14,5,11,2,9,11,1,10,8,7,1,23,4,19,21,10,11
S01007213,250,110,140,17,10,7,23,5,18,23,12,11,23,3,20,17,13,4,19,1,18,30,5,25,22,18,4,47,26,21,29,17,12
S01007214,223,106,117,4,3,1,21,7,14,8,7,1,13,1,12,22,21,1,19,2,17,19,0,19,23,19,4,63,33,30,31,13,18
S01007215,198,101,97,7,3,4,13,9,4,12,9,3,12,1,11,26,23,3,21,1,20,20,4,16,15,13,2,41,22,19,31,16,15
S01007216,175,69,106,10,7,3,25,9,16,10,6,4,18,3,15,12,8,4,18,4,14,19,5,14,16,10,6,24,9,15,23,8,15
S01007217,270,114,156,11,5,6,11,1,10,8,4,4,15,3,12,22,20,2,23,4,19,34,3,31,37,31,6,64,25,39,45,18,27
S01007218,223,85,138,11,9,2,43,16,27,23,13,10,32,2,30,16,12,4,14,2,12,23,3,20,11,8,3,31,12,19,19,8,11
S01007219,238,110,128,9,2,7,12,5,7,10,8,2,15,6,9,21,20,1,21,5,16,26,2,24,27,25,2,62,20,42,35,17,18
S01007220,174,79,95,14,10,4,6,2,4,5,3,2,7,0,7,13,11,2,21,1,20,12,0,12,21,19,2,42,18,24,33,15,18
S01007221,163,59,104,7,5,2,18,6,12,9,4,5,21,1,20,18,17,1,12,0,12,18,2,16,17,8,9,20,5,15,23,11,12
S01007222,215,83,132,16,12,4,19,7,12,8,5,3,17,0,17,21,19,2,16,0,16,25,3,22,25,13,12,31,10,21,37,14,23
S01007223,99,36,63,6,4,2,15,5,10,6,3,3,13,2,11,8,4,4,14,0,14,8,2,6,10,8,2,9,2,7,10,6,4
S01007224,146,55,91,9,6,3,22,10,12,5,3,2,30,2,28,13,8,5,13,1,12,6,0,6,12,10,2,26,10,16,10,5,5
S01007225,204,80,124,17,14,3,30,11,19,10,7,3,24,2,22,17,14,3,19,1,18,8,2,6,13,10,3,36,10,26,30,9,21
S01007226,188,71,117,8,2,6,26,5,21,15,5,10,16,2,14,23,14,9,9,1,8,16,5,11,15,10,5,23,9,14,37,18,19
S01007227,249,121,128,17,12,5,18,9,9,27,11,16,26,7,19,27,24,3,23,3,20,26,5,21,28,22,6,34,16,18,23,12,11
S01007228,156,64,92,10,4,6,24,6,18,7,5,2,11,0,11,13,11,2,18,2,16,10,2,8,11,8,3,28,14,14,24,12,12
S01007229,239,88,151,13,7,6,32,9,23,22,12,10,24,3,21,21,13,8,18,2,16,18,3,15,15,10,5,32,12,20,44,17,27
S01007230,222,103,119,5,2,3,12,5,7,9,7,2,12,1,11,33,22,11,12,3,9,25,4,21,20,15,5,39,18,21,55,26,29
S01007231,219,87,132,8,5,3,6,2,4,6,2,4,13,3,10,28,20,8,26,2,24,25,6,19,20,14,6,49,21,28,38,12,26
S01007232,230,113,117,6,1,5,5,3,2,9,6,3,10,1,9,31,28,3,15,4,11,26,5,21,31,25,6,52,23,29,45,17,28
S01007233,209,81,128,6,2,4,16,4,12,13,7,6,15,2,13,20,15,5,22,2,20,21,2,19,22,20,2,38,14,24,36,13,23
S01007234,161,69,92,2,1,1,8,1,7,9,5,4,14,2,12,17,12,5,8,2,6,15,3,12,16,12,4,41,18,23,31,13,18
S01007235,212,90,122,14,7,7,25,8,17,17,9,8,18,2,16,30,25,5,15,2,13,20,7,13,17,10,7,39,13,26,17,7,10
S01007236,140,62,78,6,4,2,10,2,8,9,8,1,15,1,14,21,16,5,9,1,8,20,2,18,11,7,4,19,8,11,20,13,7
S01007237,168,57,111,2,2,0,26,8,18,13,10,3,19,0,19,15,10,5,19,2,17,14,1,13,14,11,3,25,3,22,21,10,11
S01007238,237,98,139,9,5,4,27,7,20,9,3,6,23,3,20,26,23,3,12,0,12,31,5,26,29,24,5,40,13,27,31,15,16
S01007239,242,92,150,27,18,9,45,14,31,16,5,11,28,2,26,23,19,4,21,4,17,19,5,14,7,5,2,23,9,14,33,11,22
S01007240,149,61,88,14,8,6,23,8,15,6,3,3,19,5,14,20,12,8,16,3,13,7,2,5,9,8,1,17,4,13,18,8,10
S01007241,128,54,74,12,4,8,15,6,9,8,6,2,13,2,11,12,6,6,12,0,12,10,2,8,8,5,3,17,10,7,21,13,8
S01007242,261,107,154,14,8,6,36,13,23,15,10,5,41,8,33,30,23,7,23,0,23,14,4,10,28,23,5,33,9,24,27,9,18
S01007243,169,70,99,9,4,5,24,7,17,10,6,4,23,2,21,19,15,4,9,1,8,16,7,9,9,6,3,26,8,18,24,14,10
S01007244,217,95,122,25,13,12,31,11,20,18,10,8,23,1,22,30,21,9,14,2,12,10,2,8,19,15,4,28,13,15,19,7,12
S01007245,151,55,96,14,6,8,15,7,8,8,3,5,17,1,16,13,9,4,15,1,14,18,6,12,12,8,4,25,9,16,14,5,9
S01007246,140,59,81,12,6,6,11,1,10,11,8,3,13,1,12,16,11,5,10,1,9,9,2,7,14,9,5,24,9,15,20,11,9
S01007247,148,71,77,5,2,3,14,6,8,15,10,5,17,1,16,19,15,4,7,2,5,15,4,11,13,11,2,27,11,16,16,9,7
S01007248,217,90,127,24,17,7,38,10,28,21,8,13,28,4,24,15,14,1,11,1,10,22,4,18,15,13,2,16,6,10,27,13,14
S01007249,120,53,67,10,6,4,9,3,6,6,5,1,20,3,17,21,14,7,10,2,8,7,2,5,12,10,2,13,3,10,12,5,7
S01007250,171,79,92,8,7,1,14,3,11,10,4,6,20,3,17,23,19,4,12,3,9,13,5,8,10,7,3,32,13,19,29,15,14
S01007251,110,47,63,6,2,4,12,5,7,4,4,0,7,0,7,6,4,2,8,2,6,13,2,11,12,10,2,27,11,16,15,7,8
S01007252,187,66,121,11,4,7,12,1,11,9,7,2,16,2,14,20,17,3,19,2,17,22,0,22,15,12,3,29,5,24,34,16,18
S01007253,218,100,118,20,11,9,16,7,9,21,12,9,30,1,29,30,26,4,12,2,10,22,4,18,22,19,3,24,7,17,21,11,10
S01007254,231,95,136,5,2,3,9,1,8,13,5,8,16,2,14,31,23,8,10,2,8,17,4,13,18,10,8,53,17,36,59,29,30
S01007255,224,97,127,2,1,1,13,5,8,11,8,3,18,6,12,29,23,6,19,1,18,19,1,18,22,17,5,54,17,37,37,18,19
S01007256,172,73,99,2,1,1,19,4,15,2,1,1,16,5,11,20,17,3,18,4,14,16,4,12,15,11,4,40,13,27,24,13,11
S01007257,169,70,99,5,4,1,16,6,10,4,0,4,13,0,13,26,20,6,16,1,15,16,1,15,17,14,3,24,10,14,32,14,18
S01007258,237,105,132,10,5,5,26,6,20,16,11,5,24,3,21,18,13,5,22,6,16,15,2,13,20,14,6,42,23,19,44,22,22
S01007259,221,93,128,11,6,5,5,1,4,4,3,1,17,0,17,26,20,6,22,5,17,24,6,18,28,19,9,51,17,34,33,16,17
S01007260,254,109,145,7,4,3,6,1,5,10,2,8,18,4,14,27,22,5,17,0,17,26,5,21,30,24,6,58,23,35,55,24,31
S01007261,229,101,128,10,7,3,21,12,9,21,14,7,39,3,36,23,19,4,11,0,11,20,3,17,30,21,9,32,11,21,22,11,11
S01007262,190,86,104,7,4,3,7,3,4,8,6,2,9,1,8,19,14,5,20,2,18,21,3,18,26,16,10,43,22,21,30,15,15
S01007263,211,78,133,11,7,4,11,2,9,7,3,4,22,6,16,24,17,7,13,2,11,29,1,28,27,16,11,45,10,35,22,14,8
S01007264,194,76,118,14,6,8,25,10,15,17,7,10,18,1,17,20,14,6,8,1,7,16,2,14,18,12,6,32,11,21,26,12,14
S01007265,242,103,139,5,2,3,8,3,5,12,8,4,22,4,18,29,21,8,24,3,21,20,2,18,30,19,11,56,22,34,36,19,17
S01007266,144,57,87,7,3,4,14,5,9,6,3,3,17,2,15,19,16,3,12,0,12,8,1,7,13,10,3,29,13,16,19,4,15
S01007267,112,43,69,8,3,5,18,5,13,9,5,4,16,1,15,10,10,0,3,0,3,9,1,8,7,3,4,16,9,7,16,6,10
S01007268,149,70,79,14,9,5,26,8,18,8,3,5,9,1,8,12,9,3,13,3,10,4,1,3,4,4,0,30,16,14,29,16,13
S01007269,146,66,80,15,9,6,15,5,10,8,6,2,23,4,19,22,17,5,5,1,4,4,0,4,8,2,6,25,10,15,21,12,9
S01007270,81,31,50,4,2,2,13,3,10,8,2,6,6,0,6,5,4,1,4,1,3,2,0,2,6,5,1,18,7,11,15,7,8
S01007271,246,107,139,22,15,7,20,7,13,18,8,10,22,0,22,37,31,6,19,0,19,20,3,17,21,16,5,38,11,27,29,16,13
S01007272,236,101,135,3,1,2,15,8,7,7,1,6,11,1,10,45,32,13,17,3,14,28,5,23,25,12,13,49,21,28,36,17,19
S01007273,177,78,99,10,5,5,20,9,11,9,3,6,11,4,7,17,13,4,16,1,15,18,4,14,13,9,4,32,15,17,31,15,16
S01007274,212,110,102,10,5,5,15,5,10,13,8,5,14,1,13,30,25,5,20,3,17,20,5,15,16,13,3,46,32,14,28,13,15
S01007275,150,67,83,14,10,4,25,9,16,7,4,3,28,5,23,10,9,1,11,1,10,9,2,7,13,9,4,13,6,7,20,12,8
S01007276,217,83,134,7,2,5,25,9,16,15,8,7,26,3,23,20,13,7,24,5,19,15,2,13,12,7,5,33,15,18,40,19,21
S01007277,203,89,114,13,5,8,38,18,20,15,13,2,28,5,23,14,12,2,13,1,12,15,2,13,14,10,4,19,6,13,34,17,17
S01007278,129,47,82,15,8,7,20,6,14,7,3,4,22,0,22,9,8,1,8,1,7,8,2,6,9,6,3,9,2,7,22,11,11
S01007279,117,49,68,5,4,1,24,10,14,9,5,4,7,0,7,14,12,2,10,2,8,6,1,5,8,3,5,15,5,10,19,7,12
S01007280,145,58,87,12,8,4,16,5,11,14,10,4,16,2,14,13,11,2,19,1,18,10,1,9,9,9,0,23,7,16,13,4,9
S01007281,265,158,107,12,6,6,17,6,11,14,9,5,18,3,15,47,39,8,20,2,18,17,6,11,29,28,1,50,34,16,41,25,16
S01007282,111,44,67,8,3,5,14,4,10,3,2,1,6,1,5,18,14,4,10,2,8,8,1,7,7,3,4,15,4,11,22,10,12
S01007283,298,108,190,29,15,14,44,14,30,28,14,14,42,5,37,34,29,5,26,2,24,18,2,16,14,12,2,41,7,34,22,8,14
S01007284,195,76,119,16,9,7,34,8,26,9,4,5,16,1,15,28,22,6,14,1,13,9,0,9,5,5,0,37,17,20,27,9,18
S01007285,207,86,121,28,15,13,33,14,19,20,11,9,19,3,16,22,11,11,20,0,20,11,3,8,8,8,0,29,13,16,17,8,9
S01007286,217,81,136,22,8,14,30,14,16,11,7,4,29,3,26,19,13,6,19,5,14,16,2,14,13,12,1,42,12,30,16,5,11
S01007287,134,43,91,15,4,11,23,5,18,7,4,3,11,3,8,16,12,4,17,3,14,8,1,7,10,7,3,19,2,17,8,2,6
S01007288,136,54,82,19,5,14,21,9,12,8,6,2,13,1,12,15,10,5,18,4,14,8,1,7,8,8,0,14,7,7,12,3,9
S01007289,179,82,97,12,5,7,27,7,20,18,9,9,29,3,26,22,20,2,11,2,9,16,7,9,12,9,3,15,10,5,17,10,7
S01007290,145,63,82,3,2,1,12,6,6,4,2,2,6,1,5,15,10,5,16,2,14,22,5,17,7,7,0,33,12,21,27,16,11
S01007291,166,64,102,6,2,4,11,2,9,9,5,4,10,0,10,21,17,4,16,3,13,15,5,10,12,11,1,44,11,33,22,8,14
S01007292,170,71,99,14,8,6,25,5,20,6,5,1,20,1,19,13,12,1,19,3,16,16,4,12,10,9,1,28,12,16,19,12,7
S01007293,141,53,88,2,2,0,6,1,5,1,0,1,5,0,5,22,18,4,11,0,11,25,6,19,10,9,1,41,10,31,18,7,11
S01007294,207,95,112,11,7,4,21,7,14,6,4,2,10,1,9,23,19,4,25,3,22,14,2,12,15,12,3,51,19,32,31,21,10
S01007295,143,64,79,5,1,4,2,2,0,9,6,3,6,2,4,16,12,4,14,2,12,11,0,11,5,5,0,49,19,30,26,15,11
S01007296,145,72,73,6,5,1,19,4,15,12,7,5,10,3,7,15,13,2,9,1,8,13,4,9,8,8,0,38,17,21,15,10,5
S01007297,186,83,103,15,8,7,34,12,22,9,4,5,17,2,15,20,16,4,17,4,13,22,6,16,7,7,0,27,14,13,18,10,8
S01007298,116,45,71,5,1,4,12,3,9,5,3,2,15,3,12,18,15,3,10,2,8,17,1,16,6,6,0,18,7,11,10,4,6
S01007299,167,69,98,16,7,9,15,5,10,10,5,5,14,1,13,22,17,5,12,2,10,18,2,16,14,12,2,28,8,20,18,10,8
S01007300,105,43,62,4,1,3,2,1,1,2,1,1,9,0,9,15,13,2,11,2,9,19,4,15,7,7,0,26,9,17,10,5,5
S01007301,162,71,91,28,20,8,34,10,24,14,10,4,14,0,14,15,10,5,11,1,10,7,0,7,8,7,1,19,7,12,12,6,6
S01007302,147,66,81,3,1,2,6,1,5,7,3,4,11,1,10,18,16,2,13,4,9,24,2,22,18,16,2,32,14,18,15,8,7
S01007303,201,82,119,32,20,12,34,11,23,11,6,5,26,0,26,15,14,1,10,4,6,22,4,18,9,6,3,19,8,11,23,9,14
S01007304,175,76,99,18,9,9,41,18,23,19,12,7,18,4,14,18,10,8,9,1,8,8,2,6,8,6,2,19,5,14,17,9,8
S01007305,151,55,96,19,11,8,24,4,20,13,6,7,19,1,18,15,12,3,14,1,13,6,1,5,5,5,0,18,5,13,18,9,9
S01007306,184,71,113,14,11,3,34,13,21,17,10,7,24,1,23,17,13,4,7,0,7,19,2,17,8,7,1,27,10,17,17,4,13
S01007307,187,86,101,17,9,8,42,17,25,14,10,4,18,2,16,25,20,5,12,0,12,14,1,13,9,8,1,21,10,11,15,9,6
S01007308,216,95,121,25,12,13,31,14,17,22,14,8,26,2,24,22,16,6,15,5,10,9,0,9,10,9,1,36,14,22,20,9,11
S01007309,161,70,91,12,5,7,35,16,19,5,3,2,14,2,12,24,20,4,14,2,12,12,2,10,7,7,0,23,6,17,15,7,8
S01007310,252,98,154,19,9,10,46,13,33,19,11,8,27,5,22,36,26,10,24,0,24,14,3,11,14,11,3,27,6,21,26,14,12
S01007311,145,66,79,12,4,8,14,4,10,9,9,0,12,1,11,18,15,3,10,1,9,22,1,21,11,10,1,27,16,11,10,5,5
S01007312,199,76,123,20,12,8,44,19,25,15,4,11,28,6,22,17,12,5,12,2,10,12,0,12,7,6,1,29,9,20,15,6,9
S01007313,244,104,140,38,19,19,51,23,28,23,12,11,33,2,31,22,16,6,9,2,7,8,3,5,15,12,3,26,6,20,19,9,10
S01007314,122,51,71,13,7,6,25,7,18,4,2,2,12,1,11,9,7,2,6,3,3,5,1,4,8,8,0,19,7,12,21,8,13
S01007315,197,78,119,9,6,3,40,12,28,11,3,8,16,2,14,27,22,5,27,3,24,14,1,13,8,8,0,22,9,13,23,12,11
S01007316,256,120,136,18,9,9,35,14,21,12,9,3,31,2,29,29,25,4,21,2,19,11,2,9,11,9,2,47,23,24,41,25,16
S01007317,136,59,77,7,2,5,26,13,13,4,3,1,11,1,10,12,10,2,12,2,10,4,1,3,4,3,1,20,10,10,36,14,22
S01007318,144,62,82,8,5,3,17,8,9,8,2,6,13,2,11,27,20,7,19,1,18,10,3,7,5,4,1,26,11,15,11,6,5
S01007319,173,79,94,11,6,5,28,12,16,7,4,3,19,2,17,24,19,5,12,2,10,13,4,9,10,8,2,36,16,20,13,6,7
S01007320,184,75,109,19,9,10,38,9,29,13,9,4,20,3,17,16,8,8,9,0,9,10,6,4,8,5,3,25,10,15,26,16,10
S01007321,172,79,93,27,14,13,34,11,23,13,8,5,14,0,14,29,23,6,12,4,8,4,0,4,13,7,6,14,8,6,12,4,8
S01007322,189,70,119,19,7,12,20,6,14,8,5,3,12,0,12,30,25,5,21,0,21,12,0,12,4,4,0,40,10,30,23,13,10
S01007323,87,35,52,4,1,3,9,1,8,3,2,1,8,1,7,14,10,4,10,2,8,8,1,7,10,10,0,15,5,10,6,2,4
S01007324,90,34,56,7,4,3,23,10,13,5,3,2,8,0,8,5,2,3,8,0,8,3,1,2,8,6,2,13,3,10,10,5,5
S01007325,210,85,125,20,11,9,37,10,27,10,5,5,16,3,13,22,16,6,24,4,20,10,1,9,17,14,3,34,11,23,20,10,10
S01007326,207,94,113,16,10,6,31,10,21,10,5,5,12,0,12,27,18,9,18,2,16,10,2,8,24,23,1,38,16,22,21,8,13
S01007327,196,83,113,7,2,5,14,2,12,4,3,1,17,6,11,22,18,4,34,2,32,12,1,11,19,18,1,39,15,24,28,16,12
S01007328,216,93,123,12,3,9,17,5,12,11,6,5,15,2,13,27,22,5,19,2,17,14,1,13,22,20,2,42,18,24,37,14,23
S01007329,167,66,101,12,6,6,25,9,16,5,3,2,19,5,14,23,13,10,16,1,15,9,2,7,8,5,3,26,12,14,24,10,14
S01007330,232,110,122,22,8,14,36,12,24,21,15,6,24,3,21,46,40,6,24,2,22,5,0,5,6,4,2,33,17,16,15,9,6
S01007331,221,105,116,12,6,6,20,13,7,6,3,3,27,4,23,31,27,4,21,2,19,19,3,16,24,16,8,32,15,17,29,16,13
S01007332,146,66,80,15,9,6,10,4,6,12,9,3,16,2,14,25,16,9,6,1,5,13,3,10,6,5,1,16,5,11,27,12,15
S01007333,211,87,124,19,11,8,34,10,24,13,7,6,28,2,26,31,21,10,15,3,12,14,2,12,12,6,6,22,12,10,23,13,10
S01007334,234,106,128,7,5,2,7,2,5,7,5,2,16,5,11,38,32,6,25,1,24,28,7,21,18,11,7,51,25,26,37,13,24
S01007335,246,103,143,10,2,8,10,4,6,11,10,1,11,1,10,48,38,10,17,2,15,23,2,21,30,15,15,49,17,32,37,12,25
S01007336,173,99,74,8,4,4,8,6,2,11,8,3,6,1,5,27,21,6,13,4,9,19,4,15,10,6,4,37,27,10,34,18,16
S01007337,194,86,108,7,2,5,17,7,10,11,6,5,18,6,12,25,18,7,16,5,11,24,2,22,21,16,5,37,17,20,18,7,11
S01007338,192,80,112,2,2,0,8,1,7,13,7,6,11,0,11,28,25,3,18,1,17,24,3,21,20,13,7,35,11,24,33,17,16
S01007339,159,73,86,12,7,5,27,8,19,8,7,1,22,1,21,21,17,4,11,2,9,12,5,7,11,8,3,18,8,10,17,10,7
S01007340,166,79,87,14,9,5,28,10,18,21,10,11,14,1,13,21,20,1,13,2,11,11,4,7,6,4,2,20,10,10,18,9,9
S01007341,266,120,146,23,13,10,36,15,21,29,19,10,23,3,20,34,27,7,26,4,22,23,4,19,12,9,3,32,14,18,28,12,16
S01007342,253,102,151,46,24,22,44,16,28,24,17,7,46,5,41,18,16,2,12,0,12,10,1,9,10,7,3,15,6,9,28,10,18
S01007343,164,71,93,18,9,9,26,6,20,10,9,1,23,3,20,20,17,3,10,2,8,7,4,3,9,8,1,23,6,17,18,7,11
S01007344,136,60,76,14,5,9,23,11,12,5,3,2,12,3,9,13,13,0,14,1,13,11,1,10,8,7,1,15,8,7,21,8,13
S01007345,175,76,99,4,3,1,13,6,7,3,3,0,10,1,9,27,21,6,22,4,18,9,1,8,14,11,3,43,17,26,30,9,21
S01007346,201,97,104,11,1,10,8,1,7,8,5,3,10,1,9,38,33,5,15,2,13,27,9,18,18,15,3,44,22,22,22,8,14
S01007347,247,123,124,12,7,5,12,7,5,11,10,1,13,2,11,36,31,5,21,2,19,25,6,19,25,19,6,50,20,30,42,19,23
S01007348,178,70,108,5,1,4,8,2,6,6,1,5,9,1,8,31,25,6,19,3,16,25,3,22,14,11,3,27,10,17,34,13,21
S01007349,134,49,85,7,1,6,10,4,6,3,3,0,11,0,11,24,21,3,15,2,13,14,2,12,10,8,2,24,4,20,16,4,12
S01007350,171,87,84,13,6,7,18,8,10,15,9,6,11,2,9,21,18,3,16,4,12,10,4,6,10,8,2,35,17,18,22,11,11
S01007351,203,96,107,28,16,12,29,8,21,19,12,7,18,2,16,28,26,2,16,2,14,13,2,11,20,17,3,23,8,15,9,3,6
S01007352,168,69,99,18,8,10,31,13,18,14,6,8,27,5,22,24,14,10,12,2,10,5,1,4,15,12,3,10,4,6,12,4,8
S01007353,211,81,130,15,9,6,42,16,26,16,9,7,26,3,23,24,21,3,19,2,17,15,1,14,10,8,2,28,4,24,16,8,8
S01007354,270,123,147,29,13,16,34,10,24,23,12,11,37,5,32,39,35,4,24,6,18,12,2,10,17,14,3,26,10,16,29,16,13
S01007355,303,140,163,28,15,13,48,16,32,36,26,10,34,5,29,40,33,7,24,8,16,24,4,20,19,16,3,30,9,21,20,8,12
S01007356,263,101,162,35,16,19,46,12,34,17,10,7,31,4,27,19,16,3,28,4,24,17,3,14,17,14,3,32,12,20,21,10,11
S01007357,204,98,106,26,14,12,37,15,22,16,8,8,17,6,11,29,23,6,12,1,11,13,2,11,15,14,1,21,10,11,18,5,13
S01007358,206,82,124,20,9,11,21,5,16,18,11,7,28,6,22,31,24,7,12,1,11,17,2,15,9,8,1,29,7,22,21,9,12
S01007359,255,108,147,14,7,7,19,6,13,11,9,2,25,1,24,35,27,8,28,3,25,30,10,20,22,16,6,38,15,23,33,14,19
S01007360,204,95,109,15,8,7,30,12,18,23,16,7,30,6,24,20,15,5,24,5,19,15,3,12,10,9,1,19,9,10,18,12,6
S01007361,298,133,165,31,18,13,48,15,33,27,17,10,39,7,32,31,26,5,27,5,22,20,4,16,17,16,1,36,18,18,22,7,15
S01007362,200,86,114,18,9,9,20,9,11,16,11,5,26,2,24,20,19,1,19,2,17,24,5,19,6,6,0,28,9,19,23,14,9
S01007363,244,109,135,18,12,6,43,19,24,21,17,4,29,1,28,25,20,5,22,3,19,22,5,17,13,12,1,32,12,20,19,8,11
S01007364,290,127,163,2,1,1,12,8,4,12,10,2,14,2,12,35,31,4,41,4,37,41,5,36,20,16,4,61,18,43,52,32,20
S01007365,125,57,68,8,3,5,12,6,6,13,9,4,5,0,5,15,15,0,17,4,13,7,0,7,7,4,3,24,7,17,17,9,8
S01007366,179,80,99,2,2,0,7,3,4,3,3,0,15,2,13,23,18,5,19,5,14,23,1,22,14,11,3,36,17,19,37,18,19
S01007367,170,73,97,13,8,5,17,7,10,12,7,5,16,4,12,26,20,6,17,2,15,10,1,9,16,11,5,26,8,18,17,5,12
S01007368,176,75,101,7,2,5,8,1,7,10,7,3,17,2,15,25,24,1,15,1,14,13,4,9,5,4,1,47,16,31,29,14,15
S01007369,228,109,119,11,5,6,20,6,14,15,10,5,19,4,15,23,18,5,30,5,25,20,6,14,20,15,5,42,22,20,28,18,10
S01007370,210,93,117,8,3,5,28,12,16,16,10,6,26,1,25,25,21,4,15,3,12,22,6,16,7,4,3,35,19,16,28,14,14
S01007371,173,81,92,13,8,5,5,2,3,19,12,7,18,2,16,14,11,3,25,2,23,16,8,8,11,9,2,28,12,16,24,15,9
S01007372,243,114,129,24,11,13,36,11,25,15,10,5,28,7,21,28,24,4,28,3,25,21,6,15,18,17,1,25,10,15,20,15,5
S01007373,214,90,124,19,11,8,40,9,31,22,18,4,22,4,18,27,22,5,14,0,14,12,1,11,11,7,4,18,5,13,29,13,16
S01007374,139,64,75,5,3,2,29,13,16,13,7,6,16,3,13,19,14,5,6,2,4,11,2,9,11,9,2,13,4,9,16,7,9
S01007375,150,63,87,14,11,3,30,8,22,22,15,7,21,1,20,11,10,1,14,2,12,8,2,6,3,3,0,12,5,7,15,6,9
S01007376,271,125,146,16,12,4,16,6,10,14,13,1,25,7,18,34,28,6,19,1,18,22,3,19,22,15,7,43,18,25,60,22,38
S01007377,168,63,105,17,11,6,31,12,19,26,15,11,26,3,23,6,5,1,12,1,11,11,1,10,4,3,1,13,4,9,22,8,14
S01007378,166,74,92,14,6,8,31,10,21,20,14,6,15,1,14,12,8,4,14,1,13,11,2,9,11,10,1,11,7,4,27,15,12
S01007379,130,49,81,4,4,0,6,0,6,3,2,1,11,0,11,16,10,6,17,1,16,5,0,5,10,8,2,39,16,23,19,8,11
S01007380,135,58,77,6,5,1,9,1,8,7,5,2,21,7,14,12,11,1,16,1,15,4,0,4,3,3,0,30,10,20,27,15,12
S01007381,146,64,82,13,9,4,35,10,25,16,7,9,22,3,19,9,9,0,10,1,9,9,6,3,3,2,1,13,9,4,16,8,8
S01007382,169,69,100,19,11,8,26,7,19,19,14,5,24,5,19,9,7,2,6,0,6,14,3,11,3,2,1,19,6,13,30,14,16
S01007383,225,89,136,21,10,11,40,20,20,19,7,12,39,3,36,15,11,4,16,1,15,15,4,11,16,13,3,19,6,13,25,14,11
S01007384,173,66,107,11,8,3,24,10,14,20,13,7,25,1,24,7,5,2,14,1,13,17,6,11,5,2,3,26,5,21,24,15,9
S01007385,249,93,156,25,17,8,40,17,23,23,12,11,30,2,28,25,19,6,30,2,28,20,2,18,11,7,4,18,6,12,27,9,18
S01007386,245,101,144,24,16,8,83,30,53,24,15,9,27,3,24,19,15,4,10,0,10,14,2,12,2,2,0,8,3,5,34,15,19
S01007387,235,93,142,18,14,4,72,24,48,20,12,8,38,7,31,15,12,3,13,0,13,10,4,6,3,3,0,17,7,10,29,10,19
S01007388,188,93,95,20,15,5,35,13,22,23,18,5,32,6,26,6,6,0,13,4,9,13,3,10,1,1,0,15,9,6,30,18,12
S01007389,125,35,90,3,1,2,6,1,5,8,2,6,9,1,8,5,4,1,23,3,20,17,2,15,2,1,1,27,7,20,25,13,12
S01007390,104,25,79,7,2,5,1,0,1,8,2,6,13,1,12,8,4,4,13,1,12,6,0,6,3,1,2,23,2,21,22,12,10
S01007391,162,62,100,20,11,9,29,11,18,16,11,5,31,5,26,5,5,0,10,0,10,11,1,10,1,1,0,17,4,13,22,13,9
S01007392,142,51,91,21,14,7,30,9,21,15,8,7,23,2,21,9,7,2,10,0,10,9,3,6,1,1,0,11,3,8,13,4,9
S01007393,238,100,138,17,9,8,50,20,30,26,16,10,31,5,26,9,5,4,12,2,10,18,2,16,5,4,1,21,8,13,49,29,20
S01007394,187,80,107,20,11,9,45,18,27,23,12,11,32,5,27,6,5,1,15,1,14,9,5,4,4,3,1,9,5,4,24,15,9
S01007395,222,111,111,16,8,8,24,14,10,20,14,6,15,1,14,23,21,2,30,4,26,22,7,15,10,9,1,40,20,20,22,13,9
S01007396,237,95,142,17,9,8,20,6,14,18,15,3,18,5,13,16,11,5,35,1,34,22,4,18,19,18,1,35,9,26,37,17,20
S01007397,263,102,161,20,15,5,58,22,36,25,17,8,32,3,29,22,15,7,17,1,16,22,2,20,6,6,0,22,5,17,39,16,23
S01007398,205,96,109,4,2,2,5,1,4,5,4,1,7,1,6,33,30,3,18,2,16,18,3,15,17,15,2,58,18,40,40,20,20
S01007399,236,120,116,10,5,5,14,5,9,14,8,6,12,1,11,32,30,2,14,2,12,12,0,12,20,16,4,56,29,27,52,24,28
S01007400,192,92,100,12,5,7,25,10,15,14,12,2,17,6,11,23,17,6,21,2,19,19,6,13,3,3,0,30,15,15,28,16,12
S01007401,165,65,100,11,8,3,21,6,15,18,14,4,26,4,22,11,8,3,11,0,11,13,1,12,5,4,1,16,3,13,33,17,16
S01007402,148,60,88,5,1,4,20,7,13,24,13,11,20,3,17,11,7,4,10,0,10,12,4,8,5,5,0,16,7,9,25,13,12
S01007403,126,32,94,4,1,3,11,3,8,10,3,7,13,0,13,6,4,2,19,0,19,13,2,11,3,1,2,22,5,17,25,13,12
S01007404,103,48,55,9,6,3,13,4,9,11,7,4,15,4,11,11,7,4,4,0,4,10,2,8,10,8,2,6,1,5,14,9,5
S01007405,149,64,85,19,12,7,37,12,25,13,6,7,15,1,14,10,9,1,6,0,6,10,2,8,5,4,1,7,5,2,27,13,14
S01007406,165,76,89,19,12,7,41,15,26,23,15,8,28,9,19,10,9,1,6,1,5,11,1,10,4,3,1,7,4,3,16,7,9
S01007407,176,82,94,14,8,6,32,15,17,18,12,6,28,6,22,14,11,3,13,1,12,4,0,4,14,11,3,13,2,11,26,16,10
S01007408,162,74,88,6,3,3,21,7,14,14,10,4,10,1,9,22,17,5,23,4,19,9,3,6,11,9,2,21,10,11,25,10,15
S01007409,161,60,101,7,5,2,14,4,10,15,6,9,21,3,18,8,7,1,18,2,16,14,1,13,15,10,5,25,8,17,24,14,10
S01007410,244,91,153,3,1,2,3,0,3,5,3,2,12,0,12,28,20,8,24,1,23,21,0,21,45,29,16,58,16,42,45,21,24
S01007411,293,133,160,9,5,4,7,5,2,12,6,6,15,2,13,24,20,4,26,2,24,20,3,17,53,36,17,73,25,48,54,29,25
S01007412,142,60,82,2,0,2,4,1,3,3,1,2,17,1,16,14,9,5,11,2,9,15,2,13,19,17,2,30,13,17,27,14,13
S01007413,176,79,97,8,5,3,15,6,9,13,5,8,13,1,12,16,14,2,13,4,9,21,1,20,20,16,4,27,8,19,30,19,11
S01007414,114,43,71,13,10,3,8,4,4,9,5,4,10,0,10,10,8,2,10,0,10,13,2,11,7,3,4,14,4,10,20,7,13
S01007415,267,115,152,8,4,4,8,3,5,7,3,4,15,3,12,22,16,6,16,3,13,28,2,26,52,31,21,69,27,42,42,23,19
S01007416,214,87,127,5,3,2,2,0,2,5,2,3,10,1,9,20,17,3,18,1,17,18,2,16,40,24,16,48,17,31,48,20,28
S01007417,218,80,138,11,4,7,31,10,21,24,11,13,35,4,31,11,10,1,16,2,14,30,6,24,15,12,3,15,5,10,30,16,14
S01007418,203,88,115,5,3,2,2,1,1,8,5,3,12,0,12,18,14,4,14,1,13,15,4,11,38,23,15,54,21,33,37,16,21
S01007419,272,113,159,6,3,3,9,2,7,9,8,1,18,3,15,20,16,4,19,2,17,25,3,22,45,22,23,59,26,33,62,28,34
S01007420,696,604,92,24,18,6,20,14,6,41,38,3,25,10,15,129,128,1,24,11,13,27,12,15,83,80,3,137,120,17,186,173,13
S01007421,147,61,86,6,5,1,5,4,1,8,4,4,10,1,9,13,11,2,18,2,16,20,1,19,16,12,4,26,11,15,25,10,15
S01007422,151,63,88,7,1,6,17,4,13,9,7,2,17,2,15,19,15,4,11,2,9,10,2,8,12,8,4,29,9,20,20,13,7
S01007423,144,61,83,3,1,2,11,3,8,10,6,4,20,3,17,13,9,4,16,4,12,18,5,13,12,10,2,25,13,12,16,7,9
S01007424,197,72,125,17,10,7,24,9,15,25,13,12,39,3,36,11,10,1,16,1,15,14,1,13,9,7,2,19,8,11,23,10,13
S01007425,249,108,141,12,7,5,39,21,18,22,15,7,34,4,30,21,18,3,13,1,12,27,5,22,15,6,9,36,13,23,30,18,12
S01007426,191,86,105,10,2,8,18,7,11,4,3,1,23,6,17,13,12,1,20,8,12,16,5,11,18,12,6,47,20,27,22,11,11
S01007427,231,108,123,8,1,7,8,4,4,10,7,3,16,4,12,34,22,12,22,1,21,26,4,22,40,30,10,44,23,21,23,12,11
S01007428,245,103,142,12,4,8,9,2,7,9,7,2,23,2,21,36,32,4,19,1,18,32,4,28,33,21,12,47,19,28,25,11,14
S01007429,180,83,97,7,2,5,15,4,11,10,7,3,15,2,13,22,17,5,10,0,10,16,2,14,21,16,5,29,15,14,35,18,17
S01007430,135,58,77,8,5,3,26,9,17,7,5,2,18,5,13,16,13,3,8,1,7,8,1,7,16,8,8,20,9,11,8,2,6
S01007431,148,72,76,12,4,8,19,11,8,13,10,3,21,3,18,14,14,0,15,1,14,8,3,5,6,5,1,17,8,9,23,13,10
S01007432,271,99,172,18,6,12,15,3,12,15,9,6,27,5,22,25,19,6,20,3,17,21,3,18,29,19,10,48,13,35,53,19,34
S01007433,240,102,138,20,13,7,19,4,15,12,3,9,26,3,23,23,18,5,26,5,21,19,1,18,31,21,10,32,18,14,32,16,16
S01007434,163,75,88,4,2,2,3,1,2,6,1,5,8,0,8,21,20,1,14,2,12,18,3,15,23,17,6,43,19,24,23,10,13
S01007435,191,94,97,9,6,3,23,7,16,19,10,9,15,1,14,27,23,4,17,4,13,16,5,11,17,13,4,26,12,14,22,13,9
S01007436,206,86,120,6,4,2,19,4,15,8,6,2,11,2,9,25,18,7,12,2,10,21,1,20,28,19,9,48,21,27,28,9,19
S01007437,137,60,77,6,3,3,13,6,7,4,2,2,15,1,14,16,15,1,15,3,12,16,2,14,14,7,7,17,10,7,21,11,10
S01007438,216,88,128,8,4,4,11,3,8,17,11,6,17,3,14,32,23,9,14,2,12,36,8,28,21,15,6,42,14,28,18,5,13
S01007439,222,95,127,11,7,4,18,8,10,11,5,6,22,4,18,27,21,6,18,1,17,25,4,21,25,14,11,41,19,22,24,12,12
S01007440,175,78,97,10,6,4,8,3,5,11,7,4,17,0,17,19,17,2,7,2,5,20,3,17,18,10,8,33,13,20,32,17,15
S01007441,149,64,85,15,7,8,27,14,13,18,12,6,29,2,27,6,5,1,2,0,2,12,2,10,9,5,4,17,9,8,14,8,6
S01007442,133,58,75,9,9,0,26,15,11,10,8,2,25,4,21,9,7,2,13,1,12,14,2,12,5,3,2,7,2,5,15,7,8
S01007443,299,133,166,26,18,8,62,22,40,19,9,10,32,2,30,20,18,2,17,3,14,10,1,9,15,11,4,25,10,15,73,39,34
S01007444,249,99,150,27,15,12,62,20,42,22,12,10,24,4,20,17,12,5,16,2,14,12,1,11,11,7,4,15,5,10,43,21,22
S01007445,185,83,102,17,13,4,52,27,25,20,11,9,20,1,19,9,6,3,13,2,11,20,2,18,5,4,1,8,4,4,21,13,8
S01007446,133,50,83,16,11,5,32,10,22,15,4,11,11,3,8,6,3,3,7,1,6,6,2,4,5,2,3,11,3,8,24,11,13
S01007447,148,61,87,16,12,4,42,16,26,10,6,4,18,1,17,12,6,6,7,1,6,13,4,9,5,5,0,7,3,4,18,7,11
S01007448,252,109,143,10,4,6,21,7,14,23,17,6,33,2,31,33,28,5,23,3,20,22,1,21,26,19,7,32,12,20,29,16,13
S01007449,317,142,175,18,7,11,19,10,9,23,15,8,32,3,29,27,24,3,17,3,14,20,5,15,39,26,13,72,28,44,50,21,29
S01007450,249,104,145,8,3,5,11,6,5,13,9,4,11,2,9,21,19,2,29,1,28,22,3,19,27,18,9,54,23,31,53,20,33
S01007451,173,78,95,9,6,3,5,2,3,9,5,4,14,1,13,21,19,2,9,2,7,22,3,19,20,15,5,39,13,26,25,12,13
S01007452,167,78,89,10,6,4,11,5,6,7,6,1,10,1,9,14,10,4,9,1,8,20,3,17,22,18,4,32,13,19,32,15,17
S01007453,105,42,63,12,4,8,11,3,8,7,2,5,6,1,5,6,4,2,6,2,4,15,3,12,6,4,2,8,3,5,28,16,12
S01007454,148,72,76,3,2,1,3,1,2,6,5,1,14,3,11,8,6,2,6,1,5,16,7,9,32,22,10,31,13,18,29,12,17
S01007455,274,102,172,5,3,2,15,5,10,8,2,6,17,2,15,24,19,5,31,2,29,32,4,28,40,25,15,52,21,31,50,19,31
S01007456,257,105,152,8,4,4,4,3,1,4,2,2,10,2,8,19,14,5,27,3,24,28,3,25,38,31,7,68,26,42,51,17,34
S01007457,317,151,166,12,7,5,14,5,9,16,9,7,30,8,22,30,26,4,21,5,16,24,4,20,32,20,12,64,32,32,74,35,39
S01007458,107,43,64,6,3,3,14,3,11,7,4,3,14,3,11,10,7,3,7,0,7,6,1,5,10,5,5,17,8,9,16,9,7
S01007459,182,74,108,4,2,2,18,6,12,17,12,5,18,3,15,22,18,4,17,1,16,15,4,11,25,14,11,32,10,22,14,4,10
S01007460,243,108,135,7,2,5,9,3,6,9,4,5,13,1,12,32,25,7,29,3,26,22,6,16,28,25,3,56,22,34,38,17,21
S01007461,276,130,146,7,3,4,4,2,2,11,5,6,9,2,7,40,29,11,21,5,16,28,7,21,29,17,12,62,31,31,65,29,36
S01007462,195,88,107,8,3,5,8,5,3,7,5,2,12,2,10,16,11,5,13,3,10,11,2,9,22,10,12,48,20,28,50,27,23
S01007463,374,159,215,8,7,1,7,2,5,9,7,2,14,2,12,32,24,8,29,3,26,35,6,29,49,32,17,89,35,54,102,41,61
S01007464,255,100,155,8,1,7,3,0,3,4,1,3,11,1,10,22,19,3,24,3,21,30,8,22,31,22,9,76,21,55,46,24,22
S01007465,334,159,175,5,2,3,7,4,3,16,11,5,6,0,6,27,25,2,17,2,15,35,4,31,51,31,20,89,41,48,81,39,42
S01007466,399,224,175,9,5,4,15,11,4,16,8,8,14,5,9,48,41,7,26,4,22,37,8,29,51,41,10,93,48,45,90,53,37
S01007467,291,128,163,14,7,7,23,9,14,12,8,4,29,5,24,26,22,4,21,2,19,22,1,21,40,29,11,64,24,40,40,21,19
S01007468,168,65,103,14,10,4,13,3,10,11,6,5,22,1,21,17,13,4,13,1,12,19,2,17,17,13,4,19,7,12,23,9,14
S01007469,156,71,85,2,1,1,7,2,5,17,13,4,6,0,6,16,15,1,11,2,9,14,0,14,25,14,11,30,12,18,28,12,16
S01007470,221,99,122,8,4,4,9,6,3,9,6,3,20,4,16,25,24,1,22,3,19,16,4,12,22,16,6,37,14,23,53,18,35
S01007471,103,41,62,3,1,2,5,0,5,4,3,1,8,1,7,6,5,1,12,1,11,6,0,6,17,10,7,22,10,12,20,10,10
S01007472,183,64,119,4,1,3,6,3,3,3,2,1,16,4,12,21,18,3,16,0,16,20,0,20,32,20,12,49,10,39,16,6,10
S01007473,132,59,73,4,2,2,6,3,3,4,1,3,13,2,11,14,11,3,11,1,10,12,3,9,27,20,7,23,6,17,18,10,8
S01007474,123,57,66,9,7,2,20,10,10,11,5,6,19,4,15,6,4,2,7,2,5,18,3,15,4,4,0,17,9,8,12,9,3
S01007475,150,72,78,6,3,3,27,14,13,12,11,1,18,3,15,10,8,2,11,3,8,12,2,10,14,9,5,21,6,15,19,13,6
S01007476,183,77,106,13,7,6,37,16,21,7,5,2,21,0,21,16,14,2,12,1,11,14,2,12,20,11,9,23,11,12,20,10,10
S01007477,130,56,74,10,6,4,16,5,11,9,6,3,15,1,14,8,8,0,17,0,17,9,3,6,13,10,3,19,9,10,14,8,6
S01007478,205,90,115,18,8,10,23,8,15,12,5,7,10,4,6,14,12,2,21,5,16,19,2,17,19,15,4,36,13,23,33,18,15
S01007479,120,52,68,10,4,6,7,2,5,6,3,3,4,0,4,15,11,4,14,1,13,7,1,6,16,13,3,19,5,14,22,12,10
S01007480,134,59,75,9,6,3,12,5,7,8,3,5,9,0,9,13,12,1,10,2,8,16,3,13,14,11,3,27,9,18,16,8,8
S01007481,265,102,163,23,12,11,46,19,27,33,21,12,35,5,30,30,19,11,16,1,15,23,4,19,9,5,4,32,10,22,18,6,12
S01007482,142,57,85,12,5,7,13,3,10,4,2,2,8,1,7,17,11,6,13,3,10,11,1,10,10,8,2,30,12,18,24,11,13
S01007483,206,90,116,6,4,2,3,0,3,9,6,3,12,1,11,32,23,9,23,3,20,15,3,12,22,17,5,49,17,32,35,16,19
S01007484,188,90,98,3,1,2,4,1,3,9,6,3,16,6,10,24,18,6,22,4,18,19,1,18,28,22,6,33,15,18,30,16,14
S01007485,169,73,96,1,1,0,2,1,1,5,1,4,5,1,4,17,13,4,10,0,10,21,1,20,29,16,13,51,29,22,28,10,18
S01007486,211,82,129,2,1,1,0,0,0,10,4,6,7,0,7,16,12,4,18,1,17,16,1,15,20,13,7,79,36,43,43,14,29
S01007487,310,159,151,9,3,6,2,1,1,15,10,5,17,1,16,37,30,7,21,5,16,15,0,15,42,29,13,90,51,39,62,29,33
S01007488,268,115,153,11,6,5,15,2,13,7,5,2,23,5,18,38,36,2,27,5,22,22,3,19,29,18,11,46,17,29,50,18,32
S01007489,225,95,130,12,5,7,15,4,11,9,4,5,20,1,19,28,21,7,11,1,10,19,2,17,22,15,7,54,22,32,35,20,15
S01007490,290,134,156,7,4,3,8,5,3,14,10,4,20,2,18,38,31,7,22,2,20,28,2,26,29,24,5,72,32,40,52,22,30
S01007491,286,123,163,9,4,5,8,0,8,9,6,3,21,3,18,31,26,5,27,4,23,35,6,29,32,21,11,66,27,39,48,26,22
S01007492,206,95,111,6,3,3,7,0,7,9,7,2,16,3,13,28,22,6,19,4,15,19,3,16,24,22,2,44,23,21,34,8,26
S01007493,227,100,127,10,5,5,7,4,3,13,7,6,21,5,16,21,18,3,27,4,23,25,8,17,24,17,7,44,19,25,35,13,22
S01007494,164,74,90,18,9,9,15,8,7,7,5,2,12,3,9,23,16,7,13,0,13,11,3,8,12,11,1,31,13,18,22,6,16
S01007495,193,87,106,11,4,7,29,11,18,21,13,8,22,2,20,26,22,4,17,2,15,11,5,6,14,10,4,23,13,10,19,5,14
S01007496,328,135,193,37,18,19,42,11,31,28,15,13,34,5,29,40,29,11,25,1,24,17,2,15,26,24,2,51,17,34,28,13,15
S01007497,180,76,104,11,4,7,8,3,5,5,4,1,7,0,7,13,9,4,16,2,14,17,3,14,20,14,6,44,17,27,39,20,19
S01007498,266,102,164,14,6,8,17,7,10,13,7,6,16,2,14,32,23,9,32,2,30,32,7,25,22,13,9,56,17,39,32,18,14
S01007499,225,97,128,13,8,5,9,4,5,6,2,4,11,1,10,26,19,7,22,0,22,20,5,15,27,20,7,52,26,26,39,12,27
S01007500,210,96,114,18,6,12,16,8,8,14,8,6,15,4,11,29,27,2,12,0,12,20,2,18,24,18,6,40,14,26,22,9,13
S01007501,263,117,146,14,6,8,32,13,19,20,14,6,36,7,29,47,33,14,27,2,25,9,3,6,22,17,5,41,16,25,15,6,9
S01007502,164,72,92,14,5,9,10,4,6,10,5,5,14,2,12,32,24,8,11,1,10,8,0,8,12,7,5,35,16,19,18,8,10
S01007503,319,136,183,12,5,7,30,9,21,19,11,8,24,4,20,34,25,9,35,7,28,28,4,24,42,31,11,57,24,33,38,16,22
S01007504,197,86,111,15,10,5,27,15,12,10,7,3,21,1,20,24,17,7,18,2,16,13,0,13,21,15,6,31,11,20,17,8,9
S01007505,113,39,74,12,5,7,10,1,9,5,3,2,3,0,3,22,12,10,14,0,14,9,1,8,7,6,1,18,6,12,13,5,8
S01007506,144,62,82,14,8,6,21,5,16,13,7,6,20,2,18,21,17,4,13,1,12,5,1,4,11,10,1,17,8,9,9,3,6
S01007507,270,120,150,13,7,6,26,12,14,14,7,7,29,2,27,38,27,11,26,2,24,30,8,22,14,10,4,43,25,18,37,20,17
S01007508,213,99,114,12,7,5,25,12,13,18,13,5,23,2,21,24,19,5,15,1,14,17,3,14,16,10,6,36,18,18,27,14,13
S01007509,190,93,97,16,11,5,28,10,18,10,6,4,24,2,22,27,22,5,6,2,4,12,4,8,13,10,3,33,19,14,21,7,14
S01007510,334,142,192,28,13,15,38,13,25,18,7,11,36,6,30,45,34,11,32,6,26,25,4,21,22,19,3,46,24,22,44,16,28
S01007511,309,132,177,14,8,6,17,8,9,10,7,3,18,2,16,30,20,10,38,4,34,27,6,21,28,24,4,71,28,43,56,25,31
S01007512,165,76,89,14,9,5,27,9,18,14,8,6,14,2,12,22,17,5,18,3,15,5,3,2,4,2,2,25,12,13,22,11,11
S01007513,312,131,181,16,12,4,20,6,14,9,4,5,20,3,17,36,26,10,27,3,24,29,5,24,35,24,11,59,29,30,61,19,42
S01007514,143,62,81,9,4,5,8,2,6,7,3,4,7,1,6,24,19,5,19,1,18,13,5,8,8,5,3,30,16,14,18,6,12
S01007515,185,75,110,23,8,15,37,15,22,18,14,4,19,1,18,17,14,3,13,1,12,11,5,6,7,6,1,20,6,14,20,5,15
S01007516,154,67,87,8,3,5,8,3,5,5,3,2,9,5,4,21,14,7,13,3,10,10,1,9,21,12,9,33,12,21,26,11,15
S01007517,141,57,84,6,5,1,20,7,13,11,4,7,17,3,14,15,14,1,18,2,16,8,1,7,8,6,2,23,8,15,15,7,8
S01007518,249,116,133,18,11,7,15,1,14,11,7,4,11,2,9,30,21,9,21,2,19,19,8,11,28,21,7,60,23,37,36,20,16
S01007519,142,62,80,14,5,9,27,12,15,9,6,3,20,3,17,13,12,1,14,5,9,8,1,7,6,4,2,18,10,8,13,4,9
S01007520,307,136,171,20,8,12,34,13,21,12,9,3,30,3,27,39,32,7,41,5,36,20,4,16,22,17,5,57,27,30,32,18,14
S01007521,124,55,69,15,11,4,19,8,11,18,8,10,16,1,15,16,11,5,13,0,13,2,1,1,4,3,1,13,8,5,8,4,4
S01007522,274,118,156,27,12,15,42,17,25,18,9,9,30,8,22,25,19,6,33,1,32,16,1,15,10,8,2,47,30,17,26,13,13
S01007523,150,60,90,11,4,7,26,10,16,13,8,5,18,1,17,8,4,4,6,1,5,13,4,9,11,8,3,17,8,9,27,12,15
S01007524,251,106,145,18,7,11,37,18,19,21,13,8,29,4,25,40,25,15,22,0,22,12,2,10,17,16,1,26,12,14,29,9,20
S01007525,141,58,83,12,8,4,17,6,11,6,3,3,12,0,12,25,12,13,12,1,11,11,2,9,18,17,1,20,5,15,8,4,4
S01007526,236,110,126,16,11,5,38,14,24,20,12,8,25,5,20,21,17,4,23,4,19,16,3,13,17,14,3,27,15,12,33,15,18
S01007527,217,100,117,14,9,5,39,18,21,9,5,4,21,0,21,27,22,5,19,1,18,14,1,13,22,17,5,30,17,13,22,10,12
S01007528,181,94,87,11,6,5,12,5,7,7,4,3,16,7,9,26,18,8,10,3,7,15,1,14,13,12,1,39,18,21,32,20,12
S01007529,202,85,117,16,9,7,41,17,24,19,9,10,20,2,18,24,17,7,14,0,14,16,3,13,16,13,3,19,7,12,17,8,9
S01007530,130,42,88,12,7,5,23,8,15,13,6,7,15,2,13,13,5,8,14,1,13,9,2,7,5,3,2,13,5,8,13,3,10
S01007531,191,71,120,13,9,4,31,5,26,15,9,6,18,1,17,17,8,9,23,2,21,11,4,7,10,8,2,19,9,10,34,16,18
S01007532,154,68,86,11,10,1,21,6,15,14,9,5,13,1,12,16,10,6,18,3,15,8,1,7,6,5,1,26,11,15,21,12,9
S01007533,132,51,81,9,5,4,17,4,13,9,6,3,10,1,9,21,13,8,16,2,14,10,0,10,6,5,1,17,6,11,17,9,8
S01007534,269,106,163,17,10,7,12,6,6,8,6,2,22,2,20,29,22,7,31,4,27,39,3,36,17,14,3,56,24,32,38,15,23
S01007535,286,130,156,15,10,5,24,8,16,15,10,5,35,4,31,36,29,7,20,4,16,21,3,18,23,17,6,40,16,24,57,29,28
S01007536,225,97,128,7,5,2,17,5,12,9,7,2,22,1,21,24,21,3,24,1,23,22,3,19,23,19,4,50,26,24,27,9,18
S01007537,278,129,149,19,12,7,32,15,17,13,9,4,22,5,17,42,34,8,17,0,17,31,3,28,21,17,4,53,25,28,28,9,19
S01007538,213,89,124,24,15,9,21,8,13,9,6,3,32,7,25,16,13,3,20,2,18,19,1,18,11,9,2,31,12,19,30,16,14
S01007539,176,85,91,19,10,9,30,10,20,15,12,3,32,4,28,19,16,3,10,1,9,5,2,3,13,11,2,18,8,10,15,11,4
S01007540,247,109,138,12,10,2,17,6,11,17,11,6,22,4,18,34,26,8,26,1,25,23,3,20,35,24,11,37,16,21,24,8,16
S01007541,201,81,120,17,8,9,31,13,18,11,7,4,27,3,24,19,13,6,23,2,21,13,1,12,13,10,3,24,10,14,23,14,9
S01007542,227,111,116,16,9,7,7,3,4,13,6,7,20,2,18,24,20,4,22,2,20,12,2,10,21,16,5,59,30,29,33,21,12
S01007543,295,135,160,8,5,3,16,7,9,8,2,6,24,1,23,41,30,11,33,0,33,25,4,21,43,31,12,65,38,27,32,17,15
S01007544,318,134,184,44,28,16,71,29,42,28,13,15,50,7,43,22,16,6,14,2,12,16,5,11,18,15,3,30,12,18,25,7,18
S01007545,214,90,124,14,7,7,32,13,19,18,6,12,24,3,21,16,12,4,16,1,15,26,8,18,21,19,2,26,10,16,21,11,10
S01007546,132,65,67,13,8,5,12,4,8,10,7,3,16,4,12,12,11,1,7,2,5,7,0,7,20,16,4,18,6,12,17,7,10
S01007547,123,47,76,6,5,1,19,3,16,7,2,5,15,2,13,16,14,2,11,1,10,10,1,9,8,7,1,17,7,10,14,5,9
S01007548,195,85,110,10,3,7,24,8,16,15,7,8,12,1,11,24,19,5,19,4,15,16,2,14,22,16,6,33,15,18,20,10,10
S01007549,195,83,112,19,12,7,20,8,12,18,12,6,26,3,23,19,16,3,17,1,16,17,5,12,8,7,1,36,11,25,15,8,7
S01007550,289,124,165,24,13,11,44,17,27,28,17,11,32,3,29,27,23,4,23,2,21,24,3,21,24,18,6,39,18,21,24,10,14
S01007551,255,118,137,31,17,14,37,16,21,14,5,9,28,1,27,36,25,11,17,5,12,11,4,7,17,14,3,31,17,14,33,14,19
S01007552,305,151,154,10,9,1,7,3,4,10,9,1,16,0,16,40,32,8,25,3,22,26,5,21,51,34,17,55,28,27,65,28,37
S01007553,337,148,189,7,2,5,9,6,3,8,4,4,16,2,14,22,14,8,31,1,30,25,3,22,81,47,34,77,43,34,61,26,35
S01007554,201,82,119,3,2,1,2,0,2,7,2,5,5,1,4,10,8,2,17,2,15,23,1,22,56,35,21,45,18,27,33,13,20
S01007555,142,64,78,7,4,3,19,7,12,7,5,2,14,4,10,15,10,5,15,1,14,5,0,5,15,11,4,31,15,16,14,7,7
S01007556,144,74,70,3,1,2,3,3,0,4,3,1,8,2,6,22,18,4,13,3,10,13,3,10,21,13,8,31,14,17,26,14,12
S01007557,353,143,210,10,4,6,9,2,7,14,10,4,14,0,14,37,19,18,32,2,30,27,1,26,65,45,20,73,28,45,72,32,40
S01007558,150,68,82,11,6,5,12,3,9,10,6,4,12,1,11,22,16,6,17,5,12,9,1,8,16,14,2,21,7,14,20,9,11
S01007559,147,63,84,12,7,5,24,9,15,10,3,7,14,1,13,14,10,4,11,1,10,17,3,14,2,2,0,16,11,5,27,16,11
S01007560,238,96,142,16,9,7,23,9,14,14,8,6,24,3,21,24,20,4,29,2,27,22,3,19,30,21,9,37,17,20,19,4,15
S01007561,218,90,128,14,10,4,18,6,12,6,5,1,20,2,18,19,12,7,26,4,22,20,4,16,21,15,6,42,21,21,32,11,21
S01007562,237,102,135,20,10,10,33,12,21,18,9,9,23,3,20,21,15,6,23,2,21,18,5,13,10,9,1,42,20,22,29,17,12
S01007563,244,110,134,19,13,6,39,16,23,16,10,6,28,2,26,28,23,5,21,3,18,19,6,13,14,10,4,31,16,15,29,11,18
S01007564,201,82,119,10,7,3,29,10,19,13,6,7,21,3,18,25,21,4,19,5,14,18,3,15,11,8,3,27,7,20,28,12,16
S01007565,277,120,157,16,12,4,36,16,20,15,7,8,33,8,25,27,25,2,25,1,24,26,3,23,20,16,4,40,17,23,39,15,24
S01007566,216,93,123,16,8,8,18,12,6,14,7,7,20,3,17,26,15,11,14,3,11,22,3,19,14,11,3,36,15,21,36,16,20
S01007567,139,71,68,16,9,7,22,9,13,9,8,1,11,0,11,15,12,3,7,2,5,11,1,10,15,13,2,10,4,6,23,13,10
S01007568,166,71,95,13,8,5,28,10,18,10,6,4,22,0,22,15,13,2,13,1,12,12,2,10,11,9,2,24,14,10,18,8,10
S01007569,202,90,112,8,6,2,22,7,15,12,5,7,26,5,21,18,16,2,20,3,17,19,6,13,16,13,3,36,15,21,25,14,11
S01007570,186,78,108,11,3,8,27,11,16,12,10,2,28,5,23,18,13,5,22,2,20,18,4,14,16,15,1,18,5,13,16,10,6
S01007571,126,51,75,7,6,1,25,8,17,9,3,6,10,0,10,11,10,1,16,2,14,9,2,7,4,3,1,16,6,10,19,11,8
S01007572,227,93,134,18,10,8,18,8,10,9,2,7,16,0,16,20,15,5,28,4,24,13,3,10,16,14,2,50,20,30,39,17,22
S01007573,99,36,63,9,5,4,11,4,7,12,8,4,14,1,13,3,3,0,8,0,8,10,0,10,6,5,1,7,3,4,19,7,12
S01007574,285,128,157,3,1,2,5,1,4,8,7,1,16,1,15,34,29,5,25,3,22,41,4,37,32,23,9,71,28,43,50,31,19
S01007575,280,145,135,7,2,5,4,1,3,3,3,0,20,6,14,28,24,4,23,8,15,26,3,23,33,28,5,96,49,47,40,21,19
S01007576,270,121,149,3,1,2,7,2,5,6,5,1,11,3,8,26,22,4,17,1,16,31,9,22,27,18,9,77,35,42,65,25,40
S01007577,241,105,136,3,2,1,7,4,3,6,5,1,10,0,10,13,10,3,19,3,16,28,7,21,29,26,3,83,30,53,43,18,25
S01007578,216,100,116,3,2,1,5,2,3,3,3,0,7,2,5,21,16,5,19,2,17,24,2,22,35,27,8,61,26,35,38,18,20
S01007579,175,75,100,6,3,3,5,1,4,1,1,0,9,0,9,16,15,1,23,7,16,19,5,14,9,8,1,49,13,36,38,22,16
S01007580,252,108,144,0,0,0,9,1,8,8,5,3,6,2,4,20,16,4,29,5,24,22,4,18,24,17,7,58,19,39,76,39,37
S01007581,150,70,80,2,1,1,5,3,2,3,2,1,5,0,5,10,10,0,14,2,12,19,4,15,13,11,2,44,19,25,35,18,17
S01007582,186,89,97,4,3,1,7,4,3,4,3,1,7,1,6,21,16,5,18,4,14,28,8,20,23,18,5,32,12,20,42,20,22
S01007583,339,159,180,12,6,6,13,3,10,11,6,5,13,5,8,39,34,5,36,8,28,24,3,21,43,36,7,90,34,56,58,24,34
S01007584,143,68,75,2,1,1,8,3,5,10,7,3,5,1,4,15,12,3,12,5,7,11,2,9,15,13,2,35,10,25,30,14,16
S01007585,231,97,134,12,7,5,28,11,17,12,6,6,30,3,27,20,16,4,16,2,14,21,8,13,16,13,3,52,18,34,24,13,11
S01007586,238,100,138,8,6,2,11,3,8,8,3,5,14,3,11,32,20,12,22,8,14,30,8,22,22,16,6,54,17,37,37,16,21
S01007587,294,207,87,13,8,5,33,16,17,12,10,2,29,7,22,40,39,1,17,9,8,12,3,9,28,26,2,53,42,11,57,47,10
S01007588,210,87,123,12,9,3,44,17,27,15,11,4,32,7,25,15,13,2,14,1,13,8,0,8,13,7,6,18,7,11,39,15,24
S01007589,188,72,116,7,3,4,21,4,17,9,6,3,25,4,21,10,9,1,26,3,23,15,4,11,15,12,3,18,6,12,42,21,21
S01007590,165,71,94,15,11,4,37,11,26,13,11,2,27,6,21,13,11,2,14,1,13,7,0,7,8,7,1,11,4,7,20,9,11
S01007591,134,59,75,4,2,2,16,6,10,9,6,3,13,1,12,11,10,1,13,2,11,17,7,10,12,11,1,19,9,10,20,5,15
S01007592,196,91,105,2,2,0,17,8,9,12,6,6,11,1,10,25,19,6,24,2,22,24,4,20,13,13,0,43,23,20,25,13,12
S01007593,286,131,155,11,7,4,38,14,24,27,18,9,35,7,28,28,20,8,25,5,20,32,14,18,24,19,5,35,14,21,31,13,18
S01007594,181,82,99,14,7,7,17,3,14,9,9,0,19,1,18,20,20,0,21,1,20,20,6,14,16,15,1,19,6,13,26,14,12
S01007595,250,102,148,10,3,7,38,16,22,18,11,7,23,1,22,18,12,6,18,2,16,15,4,11,24,19,5,31,11,20,55,23,32
S01007596,177,76,101,16,10,6,20,5,15,9,6,3,17,2,15,22,17,5,14,3,11,13,4,9,21,14,7,22,6,16,23,9,14
S01007597,160,69,91,17,13,4,23,6,17,8,4,4,17,3,14,24,18,6,16,1,15,11,2,9,11,7,4,15,7,8,18,8,10
S01007598,169,91,78,11,6,5,30,9,21,11,7,4,16,7,9,21,19,2,16,4,12,14,4,10,8,6,2,15,8,7,27,21,6
S01007599,212,91,121,8,5,3,30,11,19,10,6,4,14,1,13,17,14,3,17,3,14,13,3,10,16,12,4,48,19,29,39,17,22
S01007600,294,136,158,18,13,5,39,15,24,20,14,6,34,3,31,31,25,6,20,3,17,23,5,18,18,17,1,40,14,26,51,27,24
S01007601,102,45,57,4,3,1,13,2,11,8,6,2,11,2,9,8,8,0,7,0,7,12,6,6,9,6,3,19,5,14,11,7,4
S01007602,134,64,70,7,5,2,21,7,14,9,7,2,18,4,14,10,6,4,6,4,2,20,5,15,9,7,2,13,5,8,21,14,7
S01007603,132,62,70,11,6,5,24,7,17,11,8,3,16,5,11,12,9,3,7,3,4,13,3,10,9,9,0,10,6,4,19,6,13
S01007604,210,90,120,19,12,7,27,10,17,15,9,6,30,5,25,9,8,1,20,2,18,24,6,18,14,12,2,24,11,13,28,15,13
S01007605,183,72,111,11,7,4,30,12,18,13,9,4,30,4,26,16,12,4,18,2,16,16,2,14,13,8,5,20,8,12,16,8,8
S01007606,162,71,91,10,8,2,35,10,25,13,11,2,22,3,19,14,11,3,11,1,10,11,3,8,10,7,3,14,5,9,22,12,10
S01007607,148,64,84,6,5,1,26,14,12,8,6,2,26,1,25,14,8,6,10,0,10,12,3,9,10,8,2,16,5,11,20,14,6
S01007608,160,78,82,13,9,4,25,8,17,14,9,5,19,3,16,21,17,4,9,2,7,11,3,8,11,10,1,14,7,7,23,10,13
S01007609,259,118,141,14,6,8,30,12,18,6,4,2,19,1,18,29,27,2,27,6,21,18,3,15,27,22,5,45,14,31,44,23,21
S01007610,139,60,79,5,4,1,16,5,11,6,2,4,12,2,10,17,16,1,15,4,11,7,4,3,17,8,9,29,11,18,15,4,11
S01007611,297,141,156,13,7,6,25,9,16,12,8,4,34,9,25,27,23,4,21,1,20,26,4,22,35,33,2,66,32,34,38,15,23
S01007612,331,167,164,11,5,6,19,7,12,11,6,5,20,8,12,43,35,8,23,6,17,33,10,23,33,29,4,73,35,38,65,26,39
S01007613,205,104,101,10,5,5,35,16,19,18,12,6,17,2,15,22,17,5,14,3,11,20,5,15,12,11,1,26,16,10,31,17,14
S01007614,196,79,117,29,16,13,41,16,25,18,12,6,29,2,27,9,7,2,11,1,10,21,4,17,9,7,2,6,1,5,23,13,10
S01007615,255,120,135,10,6,4,37,18,19,16,9,7,29,4,25,21,15,6,26,6,20,17,4,13,25,21,4,46,22,24,28,15,13
S01007616,175,82,93,5,3,2,13,4,9,5,3,2,11,4,7,27,23,4,20,1,19,15,1,14,22,15,7,31,16,15,26,12,14
S01007617,152,75,77,7,4,3,7,2,5,5,3,2,7,2,5,16,14,2,10,4,6,16,1,15,26,20,6,39,15,24,19,10,9
S01007618,155,71,84,0,0,0,1,1,0,7,2,5,7,1,6,24,18,6,13,4,9,13,1,12,28,22,6,39,10,29,23,12,11
S01007619,159,65,94,6,2,4,7,4,3,1,1,0,9,2,7,13,9,4,17,0,17,17,4,13,23,18,5,34,13,21,32,12,20
S01007620,145,63,82,5,2,3,17,7,10,3,2,1,19,2,17,24,20,4,18,1,17,9,4,5,19,15,4,20,4,16,11,6,5
S01007621,145,62,83,7,5,2,15,5,10,10,7,3,17,3,14,17,12,5,11,1,10,19,2,17,19,14,5,26,10,16,4,3,1
S01007622,138,68,70,10,6,4,9,5,4,7,6,1,18,2,16,16,12,4,7,2,5,12,1,11,19,15,4,25,10,15,15,9,6
S01007623,144,60,84,9,4,5,21,8,13,16,8,8,19,3,16,11,9,2,5,0,5,9,2,7,11,9,2,19,7,12,24,10,14
S01007624,112,46,66,6,2,4,7,1,6,5,5,0,13,0,13,8,5,3,11,3,8,11,0,11,18,13,5,16,6,10,17,11,6
S01007625,106,40,66,5,4,1,6,2,4,7,4,3,15,2,13,7,7,0,13,1,12,9,1,8,12,9,3,15,4,11,17,6,11
S01007626,79,33,46,8,6,2,8,2,6,3,1,2,8,1,7,6,3,3,12,2,10,9,2,7,4,4,0,7,5,2,14,7,7
S01007627,98,38,60,5,1,4,17,7,10,6,4,2,19,2,17,5,4,1,8,0,8,9,2,7,6,3,3,6,4,2,17,11,6
S01007628,173,78,95,9,5,4,19,11,8,12,9,3,37,4,33,17,15,2,12,1,11,15,5,10,13,11,2,19,7,12,20,10,10
S01007629,168,59,109,7,3,4,18,6,12,11,7,4,25,4,21,17,9,8,12,1,11,14,1,13,23,18,5,25,3,22,16,7,9
S01007630,189,75,114,13,7,6,16,6,10,15,11,4,25,3,22,24,18,6,10,0,10,23,2,21,9,8,1,23,6,17,31,14,17
S01007631,138,53,85,10,4,6,30,9,21,11,7,4,17,0,17,22,14,8,9,0,9,6,1,5,9,7,2,10,3,7,14,8,6
S01007632,245,98,147,15,9,6,23,8,15,13,8,5,30,3,27,21,13,8,29,2,27,25,8,17,25,17,8,27,13,14,37,17,20
S01007633,263,117,146,13,8,5,34,12,22,14,7,7,20,2,18,24,18,6,24,1,23,28,7,21,34,23,11,41,22,19,31,17,14
S01007634,143,56,87,12,6,6,11,5,6,7,4,3,10,2,8,16,12,4,18,1,17,11,1,10,9,6,3,27,8,19,22,11,11
S01007635,221,87,134,26,13,13,39,13,26,15,8,7,33,4,29,24,16,8,13,1,12,19,4,15,10,7,3,19,7,12,23,14,9
S01007636,230,93,137,10,6,4,22,11,11,11,8,3,29,1,28,14,12,2,23,4,19,14,2,12,29,25,4,45,13,32,33,11,22
S01007637,207,92,115,3,1,2,7,3,4,6,4,2,13,5,8,27,21,6,25,3,22,21,3,18,27,23,4,48,16,32,30,13,17
S01007638,204,93,111,8,4,4,20,6,14,8,8,0,13,0,13,32,24,8,19,2,17,23,8,15,24,19,5,33,13,20,24,9,15
S01007639,270,111,159,15,9,6,17,4,13,9,6,3,20,3,17,21,17,4,20,1,19,30,2,28,28,22,6,72,28,44,38,19,19
S01007640,193,87,106,14,5,9,21,9,12,12,9,3,21,5,16,24,19,5,14,0,14,19,0,19,14,14,0,31,15,16,23,11,12
S01007641,203,89,114,18,13,5,30,10,20,16,10,6,22,3,19,17,12,5,17,2,15,13,2,11,17,15,2,34,13,21,19,9,10
S01007642,216,95,121,32,18,14,41,14,27,18,13,5,26,2,24,19,16,3,11,0,11,15,2,13,13,12,1,17,6,11,24,12,12
S01007643,233,104,129,22,15,7,34,17,17,13,5,8,21,3,18,23,15,8,29,3,26,15,4,11,19,16,3,29,15,14,28,11,17
S01007644,268,118,150,38,24,14,34,19,15,18,9,9,27,6,21,20,12,8,17,0,17,24,3,21,17,14,3,43,14,29,30,17,13
S01007645,148,67,81,22,13,9,15,3,12,13,8,5,12,2,10,28,23,5,10,2,8,10,0,10,9,9,0,15,2,13,14,5,9
S01007646,186,85,101,20,7,13,29,13,16,11,7,4,15,2,13,24,20,4,20,5,15,10,1,9,10,7,3,30,16,14,17,7,10
S01007647,201,93,108,16,8,8,15,5,10,16,7,9,22,3,19,21,13,8,18,5,13,16,5,11,18,15,3,35,16,19,24,16,8
S01007648,204,90,114,14,8,6,27,12,15,10,6,4,17,0,17,34,21,13,19,1,18,12,1,11,24,19,5,32,17,15,15,5,10
S01007649,179,77,102,7,6,1,6,1,5,8,3,5,13,2,11,24,15,9,13,1,12,11,1,10,28,14,14,35,22,13,34,12,22
S01007650,227,103,124,20,14,6,27,8,19,7,4,3,16,2,14,36,23,13,26,3,23,15,4,11,25,19,6,28,10,18,27,16,11
S01007651,121,50,71,10,7,3,11,4,7,4,2,2,17,2,15,19,11,8,8,0,8,6,1,5,6,3,3,20,10,10,20,10,10
S01007652,175,65,110,13,5,8,8,3,5,17,12,5,19,0,19,12,8,4,23,1,22,11,0,11,22,19,3,35,15,20,15,2,13
S01007653,225,91,134,15,9,6,19,8,11,15,7,8,23,2,21,27,16,11,20,4,16,25,6,19,27,16,11,31,13,18,23,10,13
S01007654,302,136,166,13,4,9,19,9,10,16,10,6,35,6,29,35,28,7,23,2,21,20,3,17,43,29,14,54,26,28,44,19,25
S01007655,217,83,134,14,6,8,25,11,14,17,5,12,23,1,22,29,16,13,18,1,17,19,3,16,21,17,4,32,12,20,19,11,8
S01007656,254,98,156,22,11,11,30,10,20,16,7,9,16,0,16,33,21,12,35,8,27,18,5,13,14,10,4,38,12,26,32,14,18
S01007657,98,46,52,7,5,2,8,3,5,12,7,5,8,1,7,9,8,1,8,1,7,6,1,5,9,8,1,20,8,12,11,4,7
S01007658,137,59,78,11,8,3,18,6,12,13,8,5,15,1,14,18,14,4,12,0,12,5,0,5,12,10,2,22,6,16,11,6,5
S01007659,226,114,112,13,4,9,20,11,9,10,4,6,14,2,12,45,37,8,23,4,19,11,3,8,28,20,8,46,18,28,16,11,5
S01007660,241,98,143,2,1,1,11,3,8,11,5,6,12,2,10,24,16,8,22,3,19,20,3,17,62,24,38,44,22,22,33,19,14
S01007661,165,79,86,5,4,1,11,5,6,9,7,2,16,2,14,20,18,2,12,1,11,11,5,6,27,16,11,31,13,18,23,8,15
S01007662,248,118,130,13,8,5,9,3,6,11,8,3,22,7,15,39,31,8,18,0,18,24,4,20,36,24,12,49,25,24,27,8,19
S01007663,228,102,126,8,1,7,22,12,10,21,11,10,23,3,20,36,27,9,23,4,19,23,3,20,32,27,5,22,9,13,18,5,13
S01007664,163,73,90,4,1,3,3,2,1,6,5,1,11,2,9,24,23,1,12,1,11,14,2,12,31,18,13,36,11,25,22,8,14
S01007665,140,63,77,1,1,0,2,1,1,8,5,3,13,1,12,22,18,4,11,2,9,12,1,11,25,14,11,30,13,17,16,7,9
S01007666,131,60,71,7,5,2,10,4,6,5,4,1,16,4,12,26,17,9,10,0,10,15,2,13,12,7,5,14,10,4,16,7,9
S01007667,139,58,81,8,4,4,18,7,11,11,9,2,20,1,19,15,12,3,12,2,10,11,2,9,15,12,3,17,4,13,12,5,7
S01007668,288,126,162,3,1,2,11,1,10,10,6,4,21,4,17,58,37,21,17,2,15,23,2,21,43,26,17,59,22,37,43,25,18
S01007669,197,78,119,4,1,3,2,0,2,6,3,3,7,1,6,24,20,4,11,0,11,16,6,10,50,21,29,45,17,28,32,9,23
S01007670,201,98,103,5,3,2,14,6,8,8,3,5,9,1,8,34,23,11,11,1,10,12,2,10,36,22,14,33,17,16,39,20,19
S01007671,163,74,89,10,6,4,20,5,15,15,10,5,12,1,11,20,18,2,13,3,10,14,4,10,20,14,6,23,7,16,16,6,10
S01007672,273,120,153,31,20,11,52,22,30,21,14,7,37,4,33,33,22,11,14,1,13,8,0,8,28,19,9,24,8,16,25,10,15
S01007673,145,59,86,7,4,3,8,1,7,7,4,3,11,0,11,19,13,6,8,0,8,11,2,9,31,21,10,25,8,17,18,6,12
S01007674,232,107,125,11,3,8,6,2,4,3,3,0,15,3,12,22,19,3,9,1,8,24,3,21,55,36,19,54,22,32,33,15,18
S01007675,170,74,96,13,8,5,22,11,11,16,9,7,23,2,21,21,17,4,11,0,11,15,2,13,20,15,5,19,7,12,10,3,7
S01007676,129,54,75,12,7,5,8,1,7,3,1,2,17,2,15,14,10,4,11,2,9,12,4,8,19,16,3,17,4,13,16,7,9
S01007677,97,38,59,11,7,4,9,3,6,6,3,3,14,2,12,2,1,1,6,0,6,11,2,9,8,6,2,18,8,10,12,6,6
S01007678,230,105,125,7,5,2,9,4,5,7,3,4,16,4,12,28,21,7,13,1,12,19,3,16,49,37,12,54,16,38,28,11,17
S01007679,289,129,160,13,7,6,14,6,8,10,8,2,31,4,27,31,25,6,15,2,13,29,4,25,58,37,21,64,26,38,24,10,14
S01007680,209,88,121,11,5,6,17,3,14,18,14,4,23,3,20,26,19,7,15,2,13,27,7,20,27,18,9,29,10,19,16,7,9
S01007681,98,44,54,5,3,2,2,1,1,4,2,2,7,4,3,12,10,2,6,1,5,12,1,11,13,10,3,30,9,21,7,3,4
S01007682,229,106,123,23,16,7,59,28,31,16,12,4,32,4,28,9,9,0,4,1,3,18,5,13,11,10,1,17,5,12,40,16,24
S01007683,193,100,93,2,2,0,46,17,29,12,7,5,17,3,14,8,7,1,2,0,2,12,5,7,4,4,0,19,12,7,71,43,28
S01007684,221,100,121,16,8,8,62,28,34,17,12,5,27,4,23,16,11,5,8,3,5,17,5,12,4,4,0,11,6,5,43,19,24
S01007685,376,172,204,15,8,7,56,27,29,16,7,9,29,10,19,8,8,0,22,7,15,55,18,37,5,3,2,55,25,30,115,59,56
S01007686,176,81,95,10,6,4,36,16,20,15,8,7,15,4,11,9,9,0,15,2,13,16,4,12,8,8,0,17,7,10,35,17,18
S01007687,291,118,173,11,6,5,57,19,38,30,19,11,30,5,25,7,5,2,20,6,14,34,14,20,4,3,1,37,14,23,61,27,34
S01007688,410,200,210,9,6,3,53,20,33,40,20,20,23,12,11,15,13,2,36,11,25,57,24,33,13,7,6,67,31,36,97,56,41
S01007689,206,79,127,2,0,2,12,4,8,20,5,15,14,5,9,11,10,1,8,1,7,36,14,22,7,6,1,36,7,29,60,27,33
S01007690,430,171,259,4,1,3,39,17,22,41,24,17,23,5,18,18,13,5,35,4,31,65,15,50,10,6,4,73,21,52,122,65,57
S01007691,2058,1014,1044,30,16,14,126,70,56,134,75,59,113,46,67,52,41,11,108,38,70,351,138,213,41,37,4,434,203,231,669,350,319
S01007692,458,203,255,3,0,3,38,20,18,22,13,9,39,11,28,23,22,1,46,14,32,88,31,57,10,8,2,111,54,57,78,30,48
S01007693,629,309,320,1,0,1,21,11,10,22,13,9,44,17,27,17,14,3,31,13,18,111,44,67,9,9,0,144,55,89,229,133,96
S01007694,526,251,275,4,1,3,24,17,7,35,16,19,32,16,16,21,17,4,34,10,24,79,30,49,13,12,1,122,57,65,162,75,87
S01007695,353,177,176,7,5,2,55,32,23,26,14,12,33,4,29,33,27,6,19,3,16,34,14,20,24,20,4,58,27,31,64,31,33
S01007696,422,211,211,8,5,3,28,15,13,19,9,10,31,18,13,18,14,4,31,10,21,66,25,41,19,14,5,96,47,49,106,54,52
S01007697,346,192,154,10,6,4,36,21,15,24,16,8,32,11,21,17,14,3,25,13,12,28,18,10,35,28,7,77,34,43,62,31,31
S01007698,420,273,147,9,9,0,35,24,11,26,16,10,37,20,17,29,27,2,19,7,12,52,22,30,18,17,1,90,65,25,105,66,39
S01007699,300,150,150,6,5,1,20,10,10,13,7,6,18,4,14,15,12,3,37,12,25,37,19,18,17,9,8,61,31,30,76,41,35
S01007700,264,124,140,13,9,4,54,23,31,13,6,7,22,5,17,22,21,1,15,1,14,27,5,22,8,4,4,42,28,14,48,22,26
S01007701,264,159,105,6,5,1,25,15,10,11,6,5,21,7,14,18,15,3,12,7,5,19,5,14,25,18,7,58,39,19,69,42,27
S01007702,597,326,271,16,14,2,44,23,21,24,18,6,38,15,23,18,16,2,29,8,21,109,44,65,14,9,5,125,66,59,180,113,67
S01007703,256,119,137,8,4,4,24,10,14,19,8,11,20,4,16,22,14,8,26,9,17,19,5,14,19,13,6,53,22,31,46,30,16
S01007704,458,248,210,9,4,5,14,9,5,20,9,11,22,7,15,38,33,5,33,8,25,37,14,23,42,32,10,118,71,47,125,61,64
S01007705,443,273,170,5,4,1,23,12,11,27,19,8,29,17,12,15,15,0,10,3,7,76,50,26,19,17,2,87,46,41,152,90,62
S01007706,425,227,198,7,6,1,32,18,14,27,20,7,18,8,10,11,9,2,24,6,18,83,38,45,10,5,5,84,35,49,129,82,47
S01007707,289,148,141,14,13,1,30,6,24,23,20,3,26,13,13,7,5,2,12,4,8,39,14,25,6,5,1,51,25,26,81,43,38
S01007708,185,96,89,5,3,2,9,3,6,9,5,4,15,2,13,21,19,2,11,3,8,20,8,12,22,14,8,30,16,14,43,23,20
S01007709,249,137,112,6,3,3,11,4,7,15,11,4,7,1,6,22,22,0,18,3,15,23,8,15,24,15,9,64,37,27,59,33,26
S01007710,345,195,150,14,14,0,26,19,7,30,21,9,23,7,16,25,19,6,19,5,14,47,19,28,24,20,4,58,22,36,79,49,30
S01007711,453,252,201,3,2,1,18,9,9,28,19,9,27,13,14,31,23,8,27,8,19,47,27,20,28,19,9,109,59,50,135,73,62
S01007712,271,158,113,7,4,3,12,4,8,22,16,6,27,8,19,14,13,1,22,5,17,28,11,17,12,12,0,53,27,26,74,58,16
S01007713,183,79,104,3,2,1,16,10,6,5,2,3,22,6,16,11,8,3,11,2,9,22,5,17,11,4,7,34,13,21,48,27,21
S01007714,181,97,84,9,4,5,9,7,2,3,3,0,20,5,15,28,25,3,7,2,5,13,3,10,20,13,7,33,17,16,39,18,21
S01007715,191,89,102,1,1,0,9,2,7,6,2,4,7,2,5,20,16,4,18,4,14,22,11,11,16,13,3,30,13,17,62,25,37
S01007716,426,249,177,8,5,3,15,5,10,16,13,3,25,14,11,37,32,5,31,6,25,42,19,23,44,37,7,93,43,50,115,75,40
S01007717,406,229,177,6,2,4,22,13,9,17,11,6,24,9,15,39,35,4,30,6,24,37,15,22,47,32,15,97,57,40,87,49,38
S01007718,282,153,129,2,1,1,15,6,9,12,8,4,25,10,15,23,21,2,23,5,18,18,3,15,48,34,14,73,36,37,43,29,14
S01007719,347,179,168,6,4,2,11,5,6,14,9,5,18,2,16,46,38,8,24,3,21,29,6,23,57,43,14,95,54,41,47,15,32
S01007720,258,113,145,5,3,2,9,1,8,10,6,4,26,3,23,36,34,2,26,9,17,28,7,21,37,22,15,54,19,35,27,9,18
S01007721,232,96,136,4,1,3,9,4,5,12,5,7,13,2,11,33,23,10,20,5,15,31,5,26,30,21,9,50,15,35,30,15,15
S01007722,335,178,157,10,5,5,2,1,1,10,6,4,16,0,16,43,40,3,22,6,16,37,10,27,42,35,7,84,39,45,69,36,33
S01007723,382,199,183,4,1,3,13,7,6,16,11,5,20,4,16,53,40,13,36,12,24,23,9,14,51,37,14,91,45,46,75,33,42
S01007724,228,127,101,5,2,3,6,5,1,6,3,3,16,12,4,9,5,4,20,7,13,28,12,16,13,11,2,59,39,20,66,31,35
S01007725,286,142,144,4,3,1,11,7,4,14,7,7,18,4,14,24,22,2,14,3,11,26,7,19,33,23,10,78,40,38,64,26,38
S01007726,295,148,147,8,8,0,14,6,8,11,8,3,12,6,6,24,19,5,21,3,18,36,10,26,26,17,9,72,37,35,71,34,37
S01007727,433,218,215,6,3,3,13,7,6,19,14,5,31,11,20,36,25,11,38,7,31,26,13,13,35,27,8,101,47,54,128,64,64
S01007728,325,201,124,6,6,0,17,12,5,18,12,6,17,6,11,26,22,4,26,5,21,35,19,16,25,20,5,62,39,23,93,60,33
S01007729,263,139,124,5,2,3,10,6,4,17,10,7,15,5,10,15,12,3,24,7,17,32,10,22,32,25,7,49,29,20,64,33,31
S01007730,218,120,98,6,5,1,19,9,10,8,5,3,20,7,13,10,8,2,18,10,8,44,21,23,23,19,4,41,24,17,29,12,17
S01007731,158,76,82,2,1,1,4,3,1,7,6,1,14,2,12,11,8,3,11,2,9,27,12,15,17,12,5,28,11,17,37,19,18
S01007732,224,105,119,1,0,1,7,4,3,13,6,7,21,6,15,16,14,2,16,6,10,31,13,18,17,12,5,57,23,34,45,21,24
S01007733,195,87,108,14,12,2,30,10,20,12,7,5,23,5,18,15,14,1,7,3,4,20,5,15,10,8,2,22,11,11,42,12,30
S01007734,209,90,119,14,7,7,35,10,25,16,11,5,33,3,30,22,16,6,11,0,11,13,3,10,15,14,1,22,12,10,28,14,14
S01007735,214,85,129,9,8,1,35,11,24,14,10,4,33,3,30,19,16,3,14,2,12,23,6,17,14,9,5,21,6,15,32,14,18
S01007736,147,62,85,10,6,4,8,1,7,7,4,3,14,3,11,13,12,1,9,2,7,19,6,13,19,13,6,16,6,10,32,9,23
S01007737,280,108,172,14,6,8,28,14,14,21,12,9,26,3,23,30,25,5,24,1,23,30,4,26,19,11,8,40,12,28,48,20,28
S01007738,190,90,100,6,3,3,15,5,10,13,7,6,30,5,25,26,24,2,17,4,13,18,4,14,22,16,6,21,8,13,22,14,8
S01007739,179,75,104,11,6,5,10,4,6,8,6,2,26,2,24,19,14,5,15,0,15,18,2,16,20,13,7,36,17,19,16,11,5
S01007740,165,74,91,10,7,3,20,8,12,15,6,9,26,6,20,17,15,2,12,1,11,10,2,8,8,5,3,26,11,15,21,13,8
S01007741,237,100,137,2,1,1,14,5,9,13,8,5,29,7,22,23,20,3,22,4,18,24,6,18,36,24,12,46,12,34,28,13,15
S01007742,184,65,119,9,5,4,16,5,11,14,6,8,19,3,16,15,9,6,19,1,18,23,7,16,13,9,4,31,7,24,25,13,12
S01007743,261,127,134,2,1,1,9,7,2,12,5,7,17,4,13,27,26,1,21,3,18,41,16,25,32,29,3,64,25,39,36,11,25
S01007744,270,120,150,3,2,1,6,2,4,8,4,4,15,0,15,25,22,3,19,4,15,37,3,34,36,27,9,67,30,37,54,26,28
S01007745,184,90,94,2,2,0,5,2,3,11,6,5,12,1,11,25,16,9,11,3,8,21,6,15,26,19,7,52,28,24,19,7,12
S01007746,277,131,146,4,1,3,3,1,2,6,4,2,12,1,11,32,24,8,16,2,14,14,0,14,32,22,10,95,48,47,63,28,35
S01007747,180,74,106,1,0,1,4,2,2,2,0,2,9,1,8,23,20,3,6,0,6,17,2,15,28,19,9,51,16,35,39,14,25
S01007748,237,108,129,8,3,5,6,1,5,13,9,4,15,3,12,27,20,7,11,4,7,15,2,13,28,21,7,50,18,32,64,27,37
S01007749,200,97,103,7,6,1,26,14,12,13,7,6,33,6,27,24,24,0,13,1,12,25,3,22,16,11,5,14,8,6,29,17,12
S01007750,247,94,153,27,18,9,62,25,37,27,14,13,49,8,41,12,7,5,16,0,16,20,2,18,6,6,0,8,4,4,20,10,10
S01007751,214,88,126,22,17,5,51,16,35,22,10,12,30,4,26,14,10,4,9,2,7,13,3,10,6,5,1,14,6,8,33,15,18
S01007752,183,88,95,13,10,3,42,17,25,24,12,12,26,5,21,13,9,4,6,1,5,14,6,8,10,7,3,20,11,9,15,10,5
S01007753,158,66,92,2,1,1,3,2,1,10,7,3,9,0,9,20,14,6,20,4,16,13,6,7,21,12,9,38,13,25,22,7,15
S01007754,309,145,164,11,5,6,7,2,5,5,2,3,13,1,12,30,23,7,24,5,19,24,7,17,50,34,16,86,37,49,59,29,30
S01007755,284,112,172,8,5,3,8,2,6,12,7,5,4,1,3,27,19,8,24,1,23,29,7,22,36,19,17,71,27,44,65,24,41
S01007756,184,81,103,1,1,0,2,1,1,7,2,5,11,0,11,26,19,7,11,2,9,18,3,15,29,16,13,43,18,25,36,19,17
S01007757,242,107,135,11,10,1,51,20,31,19,13,6,58,10,48,20,19,1,11,1,10,17,5,12,13,10,3,19,7,12,23,12,11
S01007758,270,110,160,29,19,10,68,23,45,26,14,12,40,6,34,23,20,3,14,2,12,20,4,16,9,7,2,15,6,9,26,9,17
S01007759,282,121,161,19,10,9,44,16,28,28,16,12,33,6,27,25,23,2,17,3,14,25,3,22,16,11,5,41,20,21,34,13,21
S01007760,156,58,98,18,15,3,43,13,30,10,3,7,35,6,29,8,6,2,13,1,12,5,1,4,2,2,0,5,3,2,17,8,9
S01007761,196,77,119,13,9,4,55,17,38,23,15,8,19,1,18,9,7,2,16,4,12,17,2,15,1,1,0,10,4,6,33,17,16
S01007762,197,81,116,7,4,3,36,13,23,20,8,12,26,7,19,29,24,5,6,0,6,19,1,18,12,10,2,24,8,16,18,6,12
S01007763,157,64,93,6,1,5,12,6,6,13,9,4,22,6,16,16,12,4,17,2,15,14,2,12,7,6,1,40,16,24,10,4,6
S01007764,176,77,99,13,10,3,37,13,24,13,9,4,32,3,29,13,11,2,8,0,8,12,4,8,10,9,1,10,5,5,28,13,15
S01007765,202,86,116,8,5,3,41,14,27,21,16,5,41,8,33,18,18,0,18,3,15,20,4,16,11,7,4,10,1,9,14,10,4
S01007766,243,107,136,24,17,7,47,19,28,31,18,13,54,9,45,10,8,2,12,0,12,22,5,17,4,2,2,10,6,4,29,23,6
S01007767,226,101,125,10,7,3,44,20,24,26,21,5,38,3,35,25,17,8,15,2,13,21,7,14,6,4,2,15,6,9,26,14,12
S01007768,178,72,106,23,16,7,43,13,30,10,4,6,21,3,18,11,9,2,6,1,5,16,2,14,9,8,1,13,7,6,26,9,17
S01007769,217,90,127,19,14,5,51,22,29,21,13,8,44,2,42,19,19,0,12,2,10,14,2,12,7,4,3,9,4,5,21,8,13
S01007770,181,76,105,24,15,9,51,22,29,14,8,6,37,1,36,9,8,1,6,1,5,7,3,4,2,2,0,10,3,7,21,13,8
S01007771,168,68,100,9,6,3,52,26,26,18,12,6,29,2,27,14,10,4,8,0,8,15,1,14,5,4,1,4,1,3,14,6,8
S01007772,270,122,148,11,7,4,21,6,15,25,17,8,27,3,24,34,29,5,30,4,26,35,12,23,21,14,7,36,12,24,30,18,12
S01007773,201,81,120,15,12,3,45,17,28,26,18,8,23,3,20,18,13,5,6,1,5,25,2,23,4,2,2,18,7,11,21,6,15
S01007774,109,48,61,4,3,1,13,4,9,12,9,3,10,1,9,3,2,1,10,0,10,13,3,10,6,5,1,11,3,8,27,18,9
S01007775,171,65,106,7,5,2,29,8,21,15,8,7,27,7,20,7,7,0,17,3,14,20,6,14,9,7,2,13,7,6,27,7,20
S01007776,131,59,72,6,5,1,25,13,12,17,9,8,18,2,16,5,3,2,7,1,6,10,2,8,5,4,1,9,4,5,29,16,13
S01007777,107,41,66,5,1,4,17,2,15,9,3,6,10,1,9,4,3,1,4,1,3,18,8,10,3,3,0,9,3,6,28,16,12
S01007778,101,40,61,7,4,3,16,3,13,7,2,5,9,2,7,5,5,0,2,1,1,6,0,6,7,6,1,14,5,9,28,12,16
S01007779,173,82,91,3,2,1,13,3,10,10,4,6,19,4,15,20,16,4,15,2,13,19,8,11,21,16,5,29,16,13,24,11,13
S01007780,157,71,86,4,1,3,11,5,6,13,6,7,15,3,12,13,12,1,9,2,7,13,3,10,18,11,7,22,10,12,39,18,21
S01007781,186,89,97,3,2,1,9,0,9,4,2,2,16,3,13,19,17,2,14,3,11,21,8,13,27,20,7,42,15,27,31,19,12
S01007782,173,80,93,6,2,4,6,3,3,6,1,5,8,1,7,20,16,4,16,1,15,16,9,7,22,18,4,35,10,25,38,19,19
S01007783,369,173,196,4,1,3,4,3,1,8,4,4,22,4,18,41,32,9,26,9,17,36,10,26,54,34,20,112,50,62,62,26,36
S01007784,152,73,79,4,3,1,5,3,2,6,5,1,8,2,6,19,13,6,18,1,17,17,4,13,9,4,5,29,18,11,37,20,17
S01007785,207,88,119,2,2,0,1,0,1,10,5,5,9,1,8,25,18,7,16,1,15,22,4,18,21,11,10,47,18,29,54,28,26
S01007786,240,103,137,4,0,4,4,0,4,10,6,4,11,0,11,29,21,8,26,7,19,32,7,25,35,27,8,61,24,37,28,11,17
S01007787,212,90,122,4,2,2,4,1,3,5,2,3,10,1,9,17,13,4,23,6,17,28,4,24,25,22,3,53,19,34,43,20,23
S01007788,257,123,134,1,1,0,2,1,1,6,2,4,12,1,11,16,15,1,20,2,18,33,9,24,31,17,14,60,32,28,76,43,33
S01007789,216,90,126,4,1,3,5,3,2,8,5,3,4,2,2,25,21,4,25,2,23,16,4,12,21,14,7,43,12,31,65,26,39
S01007790,260,102,158,4,2,2,3,1,2,5,2,3,3,0,3,12,11,1,27,3,24,47,6,41,14,10,4,56,24,32,89,43,46
S01007791,67,34,33,4,2,2,1,1,0,2,2,0,3,1,2,6,4,2,9,2,7,11,5,6,10,7,3,12,3,9,9,7,2
S01007792,282,126,156,7,4,3,6,1,5,9,5,4,13,1,12,43,35,8,20,1,19,28,2,26,42,31,11,72,26,46,42,20,22
S01007793,339,151,188,4,3,1,11,4,7,9,7,2,12,5,7,36,24,12,30,4,26,36,8,28,38,25,13,90,42,48,73,29,44
S01007794,190,83,107,2,2,0,9,6,3,7,4,3,16,2,14,22,18,4,17,3,14,20,2,18,21,13,8,42,15,27,34,18,16
S01007795,166,70,96,2,2,0,4,0,4,10,1,9,9,1,8,18,13,5,14,4,10,21,5,16,23,16,7,42,16,26,23,12,11
S01007796,196,87,109,3,2,1,6,3,3,7,3,4,13,4,9,25,20,5,16,4,12,32,10,22,25,19,6,44,15,29,25,7,18
S01007797,188,91,97,6,0,6,6,2,4,7,5,2,9,2,7,22,17,5,18,5,13,10,5,5,23,16,7,50,22,28,37,17,20
S01007798,99,44,55,3,1,2,9,3,6,5,1,4,10,3,7,7,7,0,4,0,4,9,1,8,8,7,1,14,3,11,30,18,12
S01007799,85,29,56,5,2,3,3,0,3,5,2,3,9,2,7,3,3,0,8,0,8,12,3,9,5,4,1,11,4,7,24,9,15
S01007800,329,142,187,6,5,1,7,0,7,6,5,1,16,2,14,25,17,8,27,4,23,24,8,16,47,30,17,102,38,64,69,33,36
S01007801,470,246,224,11,5,6,6,3,3,9,7,2,15,5,10,34,26,8,35,7,28,58,25,33,58,43,15,114,47,67,130,78,52
S01007802,63,24,39,1,1,0,3,0,3,5,3,2,6,1,5,4,2,2,5,1,4,4,0,4,4,3,1,13,5,8,18,8,10
S01007803,403,164,239,1,1,0,6,3,3,5,4,1,24,2,22,33,24,9,39,3,36,36,9,27,58,31,27,111,40,71,90,47,43
S01007804,219,85,134,3,0,3,4,0,4,4,3,1,14,2,12,10,10,0,14,1,13,23,2,21,26,14,12,53,20,33,68,33,35
S01007805,150,52,98,0,0,0,3,2,1,0,0,0,6,2,4,11,6,5,9,1,8,25,8,17,16,7,9,33,7,26,47,19,28
S01007806,182,85,97,0,0,0,2,0,2,8,5,3,18,5,13,16,13,3,15,3,12,14,0,14,30,25,5,54,22,32,25,12,13
S01007807,146,64,82,1,0,1,13,6,7,11,10,1,12,1,11,11,6,5,15,0,15,15,2,13,11,10,1,25,12,13,32,17,15
S01007808,236,110,126,5,3,2,10,2,8,4,2,2,17,4,13,18,16,2,17,4,13,19,7,12,21,14,7,59,23,36,66,35,31
S01007809,208,85,123,7,6,1,32,7,25,13,8,5,28,3,25,26,20,6,20,3,17,21,11,10,12,7,5,24,12,12,25,8,17
S01007810,328,145,183,7,4,3,6,1,5,7,5,2,15,5,10,38,33,5,24,3,21,32,4,28,33,19,14,80,28,52,86,43,43
S01007811,246,104,142,6,3,3,5,1,4,8,6,2,18,2,16,22,19,3,15,2,13,18,2,16,25,17,8,58,22,36,71,30,41
S01007812,287,123,164,2,0,2,3,2,1,3,2,1,9,0,9,25,22,3,28,3,25,41,8,33,29,25,4,73,33,40,74,28,46
S01007813,262,119,143,9,4,5,8,0,8,6,3,3,27,5,22,29,24,5,15,3,12,33,7,26,32,23,9,47,24,23,56,26,30
S01007814,177,75,102,3,0,3,9,2,7,8,6,2,14,2,12,24,17,7,14,2,12,7,0,7,26,19,7,39,13,26,33,14,19
S01007815,213,102,111,10,5,5,19,9,10,12,8,4,24,1,23,19,17,2,12,4,8,20,7,13,20,12,8,32,16,16,45,23,22
S01007816,164,78,86,14,9,5,22,8,14,10,8,2,16,1,15,15,12,3,19,3,16,15,4,11,14,11,3,23,10,13,16,12,4
S01007817,158,67,91,4,2,2,4,1,3,5,0,5,18,2,16,19,17,2,13,2,11,8,1,7,31,19,12,43,14,29,13,9,4
S01007818,174,83,91,5,4,1,12,1,11,9,8,1,21,5,16,18,14,4,16,1,15,22,8,14,29,21,8,19,9,10,23,12,11
S01007819,199,82,117,6,5,1,14,7,7,10,5,5,16,2,14,25,20,5,17,1,16,21,5,16,30,19,11,30,9,21,30,9,21
S01007820,310,134,176,5,3,2,12,2,10,19,10,9,33,4,29,31,27,4,27,6,21,28,6,22,36,25,11,58,18,40,61,33,28
S01007821,138,57,81,4,3,1,9,2,7,9,3,6,16,1,15,19,14,5,11,3,8,11,3,8,13,7,6,25,11,14,21,10,11
S01007822,198,81,117,5,3,2,16,4,12,19,12,7,32,6,26,19,16,3,13,1,12,24,4,20,24,15,9,35,13,22,11,7,4
S01007823,161,66,95,8,3,5,20,6,14,11,6,5,22,2,20,15,14,1,9,1,8,14,4,10,12,7,5,25,10,15,25,13,12
S01007824,180,87,93,11,8,3,27,10,17,10,9,1,29,3,26,22,16,6,10,2,8,10,2,8,9,5,4,19,12,7,33,20,13
S01007825,254,118,136,13,12,1,19,10,9,19,14,5,46,7,39,21,18,3,25,5,20,24,8,16,32,18,14,24,11,13,31,15,16
S01007826,186,78,108,2,1,1,5,2,3,5,2,3,8,2,6,24,20,4,10,0,10,19,0,19,20,14,6,55,21,34,38,16,22
S01007827,145,66,79,6,5,1,8,3,5,8,5,3,7,1,6,10,8,2,18,6,12,21,4,17,12,11,1,27,13,14,28,10,18
S01007828,306,154,152,7,2,5,21,9,12,17,10,7,29,7,22,38,29,9,27,6,21,30,15,15,37,31,6,55,21,34,45,24,21
S01007829,200,88,112,8,4,4,20,13,7,11,4,7,19,5,14,19,17,2,17,6,11,21,5,16,20,13,7,39,9,30,26,12,14
S01007830,333,169,164,7,3,4,12,2,10,19,16,3,34,4,30,42,36,6,21,1,20,33,11,22,34,26,8,80,38,42,51,32,19
S01007831,333,164,169,7,3,4,15,5,10,24,15,9,18,2,16,38,30,8,29,5,24,31,7,24,45,30,15,58,30,28,68,37,31
S01007832,231,106,125,5,2,3,12,5,7,9,6,3,20,5,15,21,19,2,27,6,21,18,6,12,27,18,9,57,25,32,35,14,21
S01007833,289,116,173,12,8,4,18,7,11,22,12,10,37,4,33,38,28,10,28,8,20,25,3,22,42,19,23,46,17,29,21,10,11
S01007834,248,122,126,1,0,1,14,5,9,10,8,2,26,6,20,23,17,6,18,1,17,29,10,19,28,22,6,59,32,27,40,21,19
S01007835,178,78,100,4,4,0,28,11,17,8,7,1,19,1,18,15,11,4,14,2,12,15,3,12,16,13,3,31,14,17,28,12,16
S01007836,150,67,83,7,5,2,26,9,17,9,5,4,26,4,22,15,14,1,5,0,5,12,2,10,11,7,4,7,5,2,32,16,16
S01007837,224,89,135,13,9,4,25,11,14,20,11,9,47,7,40,22,20,2,18,1,17,22,4,18,9,4,5,23,9,14,25,13,12
S01007838,220,86,134,11,8,3,38,16,22,11,5,6,38,1,37,25,20,5,18,5,13,19,6,13,8,6,2,21,7,14,31,12,19
S01007839,235,96,139,5,1,4,15,6,9,5,4,1,19,4,15,21,20,1,27,4,23,22,9,13,16,9,7,42,8,34,63,31,32
S01007840,220,102,118,6,5,1,15,5,10,18,12,6,19,6,13,21,17,4,26,10,16,18,4,14,18,12,6,50,21,29,29,10,19
S01007841,188,90,98,3,1,2,8,6,2,4,1,3,17,7,10,27,21,6,12,0,12,17,2,15,25,21,4,44,16,28,31,15,16
S01007842,259,126,133,3,1,2,10,8,2,6,4,2,20,6,14,31,25,6,19,5,14,35,8,27,20,15,5,59,34,25,56,20,36
S01007843,227,110,117,4,1,3,6,3,3,11,5,6,18,7,11,25,21,4,27,11,16,22,7,15,20,13,7,42,18,24,52,24,28
S01007844,298,150,148,9,3,6,22,11,11,12,4,8,22,3,19,36,34,2,22,6,16,15,3,12,21,15,6,77,38,39,62,33,29
S01007845,276,110,166,1,1,0,8,4,4,8,2,6,17,3,14,18,15,3,21,4,17,24,6,18,34,21,13,79,29,50,66,25,41
S01007846,222,91,131,2,1,1,3,0,3,14,12,2,21,3,18,24,21,3,24,4,20,31,5,26,25,17,8,48,15,33,30,13,17
S01007847,275,118,157,3,0,3,12,2,10,12,11,1,19,4,15,30,24,6,26,2,24,27,6,21,36,26,10,62,24,38,48,19,29
S01007848,296,158,138,2,0,2,8,2,6,8,6,2,14,4,10,39,36,3,21,6,15,27,4,23,46,39,7,83,45,38,48,16,32
S01007849,254,107,147,8,3,5,7,1,6,9,5,4,11,2,9,18,14,4,28,3,25,25,7,18,25,20,5,67,33,34,56,19,37
S01007850,246,111,135,8,7,1,2,1,1,5,1,4,16,3,13,27,23,4,17,1,16,25,6,19,28,18,10,55,15,40,63,36,27
S01007851,277,114,163,8,3,5,15,4,11,14,8,6,15,1,14,40,34,6,28,4,24,27,2,25,34,22,12,71,24,47,25,12,13
S01007852,249,131,118,6,4,2,9,3,6,12,7,5,12,4,8,20,18,2,18,4,14,27,7,20,30,26,4,56,31,25,59,27,32
S01007853,277,140,137,8,2,6,14,4,10,8,6,2,17,5,12,25,22,3,22,4,18,24,6,18,36,26,10,70,39,31,53,26,27
S01007854,409,190,219,8,3,5,14,5,9,13,10,3,15,2,13,48,42,6,30,11,19,55,14,41,39,28,11,100,37,63,87,38,49
S01007855,178,110,68,5,3,2,2,2,0,7,4,3,7,6,1,30,27,3,14,4,10,25,12,13,21,16,5,43,28,15,24,8,16
S01007856,244,109,135,8,0,8,10,5,5,10,6,4,18,4,14,29,25,4,13,4,9,25,4,21,20,15,5,54,18,36,57,28,29
S01007857,162,59,103,5,2,3,2,1,1,8,4,4,7,2,5,15,10,5,15,3,12,20,2,18,14,5,9,37,11,26,39,19,20
S01007858,345,152,193,8,4,4,14,7,7,19,13,6,32,5,27,37,27,10,37,7,30,34,14,20,46,28,18,58,19,39,60,28,32
S01007859,178,78,100,1,0,1,7,3,4,7,3,4,10,3,7,15,12,3,23,5,18,13,6,7,21,12,9,44,15,29,37,19,18
S01007860,152,74,78,3,2,1,7,3,4,6,5,1,15,4,11,8,6,2,14,4,10,21,4,17,15,13,2,33,16,17,30,17,13
S01007861,221,110,111,1,0,1,7,3,4,10,5,5,14,2,12,26,21,5,15,1,14,31,9,22,32,25,7,49,27,22,36,17,19
S01007862,237,101,136,4,0,4,4,3,1,13,2,11,9,2,7,24,22,2,22,3,19,28,7,21,47,29,18,49,15,34,37,18,19
S01007863,337,135,202,4,3,1,5,3,2,10,4,6,18,3,15,33,28,5,34,3,31,51,11,40,38,21,17,77,27,50,67,32,35
S01007864,293,128,165,2,2,0,12,4,8,15,10,5,27,2,25,29,25,4,28,6,22,26,2,24,38,24,14,69,29,40,47,24,23
S01007865,86,36,50,2,1,1,2,1,1,7,2,5,10,0,10,5,5,0,4,0,4,5,2,3,4,3,1,14,7,7,33,15,18
S01007866,65,33,32,2,0,2,4,1,3,2,1,1,8,2,6,5,5,0,4,0,4,8,3,5,8,8,0,6,3,3,18,10,8
S01007867,109,49,60,10,6,4,20,9,11,14,7,7,12,0,12,9,8,1,4,0,4,6,0,6,12,7,5,9,6,3,13,6,7
S01007868,231,103,128,10,7,3,46,22,24,26,13,13,34,3,31,13,11,2,11,1,10,18,6,12,16,11,5,22,12,10,35,17,18
S01007869,206,79,127,6,4,2,52,17,35,15,7,8,22,3,19,10,5,5,9,1,8,22,6,16,10,5,5,11,6,5,49,25,24
S01007870,138,68,70,3,2,1,11,6,5,6,4,2,5,1,4,21,15,6,21,2,19,11,0,11,18,16,2,17,9,8,25,13,12
S01007871,276,118,158,4,2,2,6,1,5,4,1,3,12,1,11,22,18,4,27,7,20,24,2,22,54,36,18,71,30,41,52,20,32
S01007872,307,147,160,5,2,3,5,3,2,7,5,2,8,2,6,20,15,5,29,8,21,25,3,22,61,41,20,76,35,41,71,33,38
S01007873,199,96,103,10,2,8,6,3,3,5,4,1,15,1,14,21,18,3,21,5,16,15,1,14,30,24,6,34,16,18,42,22,20
S01007874,257,129,128,9,6,3,11,3,8,8,5,3,24,7,17,27,24,3,24,3,21,21,6,15,51,39,12,49,17,32,33,19,14
S01007875,139,68,71,6,2,4,7,3,4,5,2,3,10,3,7,22,20,2,11,0,11,10,3,7,15,12,3,31,11,20,22,12,10
S01007876,264,122,142,8,2,6,13,6,7,11,8,3,19,3,16,42,35,7,29,2,27,30,5,25,25,19,6,46,21,25,41,21,20
S01007877,262,124,138,11,4,7,7,4,3,7,5,2,15,4,11,26,20,6,24,2,22,24,5,19,52,39,13,53,21,32,43,20,23
S01007878,222,117,105,11,5,6,7,2,5,8,7,1,7,1,6,35,31,4,24,6,18,12,2,10,34,24,10,44,23,21,40,16,24
S01007879,285,129,156,7,3,4,5,1,4,6,3,3,10,0,10,34,25,9,24,2,22,23,3,20,47,35,12,74,32,42,55,25,30
S01007880,114,49,65,11,7,4,17,9,8,6,1,5,8,1,7,15,9,6,9,1,8,6,1,5,15,12,3,15,4,11,12,4,8
S01007881,194,81,113,5,2,3,9,6,3,4,3,1,14,3,11,19,13,6,20,2,18,16,0,16,30,19,11,47,15,32,30,18,12
S01007882,165,64,101,16,11,5,20,7,13,11,6,5,16,0,16,16,10,6,12,2,10,14,1,13,11,8,3,16,3,13,33,16,17
S01007883,256,112,144,9,4,5,13,5,8,11,9,2,26,4,22,33,24,9,27,1,26,14,4,10,32,25,7,49,18,31,42,18,24
S01007884,182,86,96,5,4,1,4,1,3,4,3,1,12,1,11,24,20,4,18,5,13,12,3,9,30,20,10,33,14,19,40,15,25
S01007885,299,125,174,9,6,3,6,0,6,7,4,3,17,3,14,37,30,7,27,6,21,24,3,21,39,19,20,74,32,42,59,22,37
S01007886,283,144,139,14,10,4,18,8,10,8,6,2,19,5,14,37,32,5,26,7,19,17,3,14,35,24,11,62,30,32,47,19,28
S01007887,122,59,63,5,3,2,8,3,5,11,5,6,10,2,8,16,11,5,10,1,9,10,1,9,15,11,4,11,6,5,26,16,10
S01007888,376,164,212,8,4,4,9,3,6,8,7,1,10,1,9,46,36,10,44,3,41,29,7,22,45,38,7,102,37,65,75,28,47
S01007889,172,74,98,4,4,0,6,4,2,4,3,1,13,0,13,21,18,3,23,3,20,13,2,11,23,18,5,48,14,34,17,8,9
S01007890,206,94,112,7,2,5,10,4,6,5,1,4,12,2,10,31,25,6,20,5,15,22,2,20,32,25,7,38,15,23,29,13,16
S01007891,221,108,113,5,3,2,7,3,4,10,8,2,11,2,9,32,25,7,24,1,23,17,4,13,28,25,3,53,22,31,34,15,19
S01007892,189,85,104,14,6,8,22,8,14,12,8,4,14,2,12,25,18,7,16,1,15,15,2,13,16,12,4,27,10,17,28,18,10
S01007893,277,122,155,22,10,12,37,14,23,16,12,4,35,8,27,19,15,4,18,2,16,20,6,14,25,21,4,35,15,20,50,19,31
S01007894,235,98,137,5,1,4,6,2,4,9,4,5,18,3,15,35,28,7,17,1,16,23,7,16,31,25,6,46,10,36,45,17,28
S01007895,162,66,96,7,5,2,25,7,18,17,11,6,15,1,14,18,15,3,8,0,8,19,3,16,16,9,7,15,3,12,22,12,10
S01007896,304,126,178,6,5,1,8,3,5,7,5,2,15,1,14,44,29,15,22,4,18,34,4,30,34,23,11,65,21,44,69,31,38
S01007897,102,49,53,3,2,1,11,5,6,11,3,8,5,2,3,18,12,6,11,3,8,7,2,5,11,9,2,10,5,5,15,6,9
S01007898,114,52,62,6,3,3,11,2,9,5,2,3,13,1,12,23,15,8,5,0,5,8,5,3,12,9,3,11,4,7,20,11,9
S01007899,90,47,43,2,1,1,9,4,5,8,2,6,5,2,3,12,11,1,6,2,4,5,2,3,11,10,1,18,3,15,14,10,4
S01007900,194,77,117,8,2,6,6,1,5,2,2,0,5,1,4,12,8,4,13,2,11,14,2,12,35,22,13,45,14,31,54,23,31
S01007901,230,104,126,1,1,0,10,2,8,11,8,3,13,5,8,23,17,6,31,7,24,14,2,12,39,25,14,45,22,23,43,15,28
S01007902,367,177,190,6,4,2,7,4,3,12,9,3,14,0,14,49,35,14,31,7,24,23,3,20,83,53,30,64,31,33,78,31,47
S01007903,251,111,140,18,9,9,14,1,13,17,11,6,19,2,17,26,22,4,26,2,24,15,2,13,41,26,15,42,20,22,33,16,17
S01007904,258,117,141,22,12,10,19,6,13,14,4,10,14,3,11,25,21,4,17,5,12,17,1,16,25,9,16,26,6,20,79,50,29
S01007905,277,121,156,6,5,1,2,1,1,4,3,1,14,0,14,33,23,10,19,1,18,27,1,26,49,34,15,61,22,39,62,31,31
S01007906,265,109,156,3,2,1,4,1,3,5,1,4,9,2,7,29,17,12,16,0,16,13,1,12,72,46,26,72,24,48,42,15,27
S01007907,210,97,113,10,5,5,10,4,6,2,1,1,9,2,7,23,17,6,18,5,13,18,1,17,42,28,14,42,19,23,36,15,21
S01007908,314,141,173,14,3,11,11,2,9,12,7,5,25,5,20,30,23,7,22,3,19,26,7,19,88,52,36,43,21,22,43,18,25
S01007909,157,64,93,2,1,1,5,3,2,5,2,3,7,0,7,17,13,4,15,2,13,13,3,10,28,18,10,36,9,27,29,13,16
S01007910,301,133,168,8,4,4,6,2,4,9,5,4,7,1,6,33,23,10,26,4,22,27,5,22,40,24,16,67,28,39,78,37,41
S01007911,221,99,122,6,2,4,13,6,7,6,4,2,17,1,16,28,20,8,25,5,20,15,4,11,30,20,10,44,18,26,37,19,18
S01007912,257,123,134,6,3,3,19,9,10,0,0,0,13,2,11,33,28,5,28,4,24,18,2,16,49,35,14,50,22,28,41,18,23
S01007913,212,106,106,7,5,2,6,0,6,3,2,1,11,6,5,24,23,1,20,3,17,19,7,12,30,18,12,43,20,23,49,22,27
S01007914,237,99,138,10,3,7,7,3,4,6,4,2,9,1,8,25,19,6,23,8,15,26,4,22,28,12,16,55,25,30,48,20,28
S01007915,257,123,134,9,6,3,12,4,8,10,5,5,20,3,17,36,34,2,25,4,21,24,7,17,39,21,18,41,16,25,41,23,18
S01007916,282,130,152,9,3,6,13,5,8,6,5,1,18,3,15,26,21,5,26,5,21,16,4,12,52,36,16,64,23,41,52,25,27
S01007917,279,132,147,10,8,2,9,1,8,8,6,2,16,3,13,40,32,8,24,5,19,18,1,17,45,28,17,61,30,31,48,18,30
S01007918,279,151,128,7,3,4,20,9,11,6,3,3,15,1,14,47,42,5,22,8,14,20,3,17,36,25,11,49,28,21,57,29,28
S01007919,204,84,120,14,9,5,31,14,17,17,9,8,23,3,20,21,18,3,16,1,15,13,2,11,19,10,9,20,8,12,30,10,20
S01007920,149,61,88,11,9,2,14,4,10,10,4,6,19,1,18,23,17,6,24,3,21,7,2,5,8,5,3,12,5,7,21,11,10
S01007921,332,164,168,4,3,1,9,6,3,8,2,6,22,9,13,33,28,5,29,8,21,20,4,16,53,36,17,89,38,51,65,30,35
S01007922,326,140,186,3,2,1,8,1,7,9,4,5,7,1,6,35,24,11,38,4,34,17,3,14,65,47,18,73,23,50,71,31,40
S01007923,239,106,133,9,3,6,15,4,11,13,8,5,18,4,14,25,24,1,27,2,25,24,6,18,29,23,6,37,16,21,42,16,26
S01007924,356,167,189,9,5,4,16,8,8,8,8,0,16,4,12,44,36,8,33,2,31,31,7,24,51,34,17,84,33,51,64,30,34
S01007925,114,45,69,9,4,5,16,5,11,11,5,6,20,5,15,14,9,5,5,0,5,8,3,5,5,3,2,15,3,12,11,8,3
S01007926,98,46,52,7,3,4,9,2,7,7,4,3,15,3,12,15,12,3,4,0,4,8,2,6,8,5,3,6,4,2,19,11,8
S01007927,136,64,72,10,6,4,19,7,12,6,2,4,16,3,13,21,18,3,6,1,5,11,2,9,10,8,2,14,5,9,23,12,11
S01007928,266,110,156,19,12,7,32,9,23,25,15,10,38,6,32,22,21,1,13,2,11,29,6,23,20,12,8,21,9,12,47,18,29
S01007929,151,66,85,15,7,8,20,10,10,9,6,3,17,3,14,16,12,4,11,2,9,17,6,11,10,8,2,12,2,10,24,10,14
S01007930,110,44,66,6,3,3,14,3,11,13,8,5,17,3,14,13,12,1,8,0,8,6,2,4,7,5,2,13,2,11,13,6,7
S01007931,312,129,183,15,9,6,45,16,29,25,16,9,38,5,33,31,22,9,14,0,14,21,5,16,41,24,17,40,13,27,42,19,23
S01007932,265,111,154,18,16,2,56,20,36,18,12,6,46,7,39,18,14,4,14,1,13,22,2,20,15,13,2,16,7,9,42,19,23
S01007933,219,80,139,13,7,6,19,8,11,14,8,6,18,0,18,24,18,6,12,2,10,26,4,22,14,4,10,32,9,23,47,20,27
S01007934,180,71,109,6,2,4,10,5,5,13,6,7,15,0,15,20,17,3,15,0,15,13,3,10,18,7,11,26,10,16,44,21,23
S01007935,225,91,134,15,10,5,17,6,11,18,8,10,24,5,19,21,17,4,16,3,13,29,3,26,15,11,4,36,16,20,34,12,22
S01007936,196,71,125,13,6,7,39,10,29,13,7,6,33,3,30,18,13,5,13,3,10,10,0,10,10,7,3,11,5,6,36,17,19
S01007937,246,108,138,9,5,4,29,14,15,24,13,11,33,4,29,24,23,1,17,1,16,26,8,18,21,15,6,22,5,17,41,20,21
S01007938,251,105,146,7,3,4,8,1,7,10,4,6,20,2,18,39,29,10,26,3,23,19,6,13,37,19,18,52,23,29,33,15,18
S01007939,272,111,161,5,2,3,6,2,4,3,1,2,19,2,17,37,31,6,27,2,25,26,2,24,31,17,14,60,27,33,58,25,33
S01007940,303,146,157,13,8,5,20,6,14,21,16,5,29,3,26,45,38,7,21,1,20,23,10,13,42,22,20,51,27,24,38,15,23
S01007941,165,68,97,9,4,5,18,9,9,8,6,2,27,1,26,24,20,4,11,1,10,15,3,12,13,6,7,14,5,9,26,13,13
S01007942,111,51,60,7,4,3,5,2,3,4,3,1,14,4,10,12,10,2,8,0,8,10,2,8,11,8,3,18,7,11,22,11,11
S01007943,201,88,113,15,11,4,17,5,12,9,4,5,23,2,21,30,28,2,25,3,22,15,3,12,25,11,14,27,13,14,15,8,7
S01007944,284,119,165,10,5,5,17,5,12,19,13,6,27,2,25,38,26,12,17,1,16,20,2,18,47,24,23,49,23,26,40,18,22
S01007945,289,137,152,11,5,6,23,14,9,16,9,7,27,5,22,33,26,7,24,3,21,21,6,15,39,30,9,51,24,27,44,15,29
S01007946,265,133,132,12,9,3,12,5,7,18,12,6,12,1,11,40,31,9,12,2,10,27,6,21,41,26,15,44,25,19,47,16,31
S01007947,241,108,133,14,12,2,28,7,21,15,8,7,20,1,19,37,29,8,21,4,17,12,3,9,33,19,14,18,7,11,43,18,25
S01007948,261,113,148,7,3,4,9,2,7,11,4,7,14,2,12,30,23,7,18,4,14,19,2,17,45,30,15,54,16,38,54,27,27
S01007949,239,105,134,16,14,2,33,15,18,14,6,8,27,0,27,25,22,3,13,3,10,22,3,19,31,22,9,34,11,23,24,9,15
S01007950,239,88,151,22,14,8,19,2,17,10,6,4,41,4,37,28,18,10,22,3,19,20,5,15,19,15,4,26,11,15,32,10,22
S01007951,198,82,116,10,8,2,12,5,7,4,1,3,17,0,17,23,20,3,18,3,15,17,2,15,22,13,9,41,15,26,34,15,19
S01007952,215,104,111,6,2,4,8,3,5,12,9,3,14,2,12,34,30,4,17,2,15,17,2,15,31,17,14,41,20,21,35,17,18
S01007953,276,106,170,5,1,4,6,3,3,6,5,1,24,4,20,32,24,8,25,4,21,28,2,26,47,26,21,55,21,34,48,16,32
S01007954,273,130,143,3,2,1,8,2,6,9,6,3,9,3,6,43,33,10,15,0,15,21,4,17,44,27,17,66,28,38,55,25,30
S01007955,236,96,140,2,1,1,4,1,3,13,6,7,15,2,13,27,23,4,22,3,19,25,5,20,23,13,10,56,23,33,49,19,30
S01007956,214,98,116,4,0,4,3,1,2,7,5,2,14,2,12,20,15,5,15,2,13,21,3,18,39,30,9,44,16,28,47,24,23
S01007957,305,140,165,8,4,4,10,3,7,11,6,5,24,4,20,49,34,15,17,1,16,15,3,12,44,28,16,70,28,42,57,29,28
S01007958,288,131,157,7,4,3,8,4,4,10,6,4,19,3,16,46,41,5,23,3,20,33,9,24,29,17,12,54,19,35,59,25,34
S01007959,206,99,107,12,11,1,14,3,11,17,9,8,24,1,23,31,24,7,16,7,9,10,3,7,25,22,3,39,10,29,18,9,9
S01007960,206,86,120,3,1,2,4,2,2,8,3,5,7,0,7,26,21,5,22,4,18,28,10,18,27,16,11,50,16,34,31,13,18
S01007961,614,498,116,22,16,6,33,15,18,21,17,4,23,5,18,127,123,4,19,9,10,36,21,15,52,50,2,123,108,15,158,134,24
S01007962,173,64,109,4,2,2,1,0,1,5,2,3,9,2,7,29,21,8,11,1,10,21,2,19,18,11,7,38,14,24,37,9,28
S01007963,419,173,246,7,2,5,2,1,1,5,3,2,16,1,15,44,33,11,46,5,41,42,13,29,56,31,25,101,43,58,100,41,59
S01007964,270,123,147,3,2,1,4,1,3,13,8,5,11,1,10,36,31,5,27,3,24,29,10,19,34,19,15,67,24,43,46,24,22
S01007965,177,77,100,8,5,3,3,3,0,3,2,1,10,3,7,21,17,4,16,2,14,23,5,18,23,14,9,27,11,16,43,15,28
S01007966,333,124,209,7,4,3,10,2,8,13,6,7,18,2,16,29,22,7,38,3,35,33,6,27,37,19,18,74,31,43,74,29,45
S01007967,207,94,113,4,2,2,4,1,3,8,4,4,11,2,9,13,12,1,17,3,14,16,6,10,26,18,8,47,20,27,61,26,35
S01007968,241,97,144,6,3,3,4,1,3,11,4,7,28,4,24,30,22,8,22,6,16,25,5,20,24,15,9,54,18,36,37,19,18
S01007969,227,102,125,5,3,2,6,3,3,9,3,6,25,2,23,24,17,7,22,6,16,22,6,16,28,19,9,50,22,28,36,21,15
S01007970,228,92,136,5,3,2,11,4,7,6,4,2,20,3,17,19,16,3,21,4,17,27,3,24,31,21,10,56,23,33,32,11,21
S01007971,274,119,155,11,5,6,6,2,4,5,3,2,21,2,19,31,25,6,28,4,24,13,3,10,39,28,11,65,23,42,55,24,31
S01007972,203,97,106,8,4,4,8,2,6,8,5,3,12,3,9,32,26,6,18,2,16,18,2,16,19,14,5,47,19,28,33,20,13
S01007973,209,95,114,15,11,4,22,9,13,16,11,5,34,6,28,22,16,6,13,3,10,29,5,24,17,13,4,22,9,13,19,12,7
S01007974,278,126,152,7,2,5,5,3,2,8,6,2,22,3,19,28,21,7,24,3,21,31,5,26,45,33,12,59,30,29,49,20,29
S01007975,191,97,94,3,3,0,6,3,3,13,12,1,24,5,19,22,22,0,9,1,8,20,4,16,17,12,5,48,19,29,29,16,13
S01007976,235,104,131,6,1,5,11,6,5,13,5,8,21,2,19,27,23,4,15,3,12,21,3,18,37,22,15,61,29,32,23,10,13
S01007977,144,60,84,9,5,4,14,6,8,7,4,3,6,1,5,16,11,5,11,1,10,24,3,21,13,11,2,16,3,13,28,15,13
S01007978,148,74,74,3,2,1,8,3,5,5,3,2,9,1,8,29,22,7,17,2,15,9,4,5,7,6,1,39,20,19,22,11,11
S01007979,200,88,112,12,8,4,37,14,23,23,10,13,20,2,18,9,8,1,13,1,12,18,6,12,14,11,3,26,14,12,28,14,14
S01007980,189,89,100,8,5,3,18,7,11,12,10,2,18,2,16,25,22,3,19,1,18,11,1,10,21,11,10,27,14,13,30,16,14
S01007981,174,71,103,9,6,3,20,8,12,14,12,2,27,2,25,19,17,2,14,1,13,21,3,18,15,9,6,21,9,12,14,4,10
S01007982,151,69,82,8,5,3,25,11,14,11,8,3,20,1,19,20,17,3,9,3,6,20,2,18,7,7,0,18,7,11,13,8,5
S01007983,275,118,157,10,4,6,8,6,2,11,7,4,18,2,16,28,20,8,26,3,23,27,10,17,42,27,15,64,20,44,41,19,22
S01007984,258,119,139,7,4,3,15,7,8,13,10,3,22,2,20,39,32,7,20,3,17,20,2,18,28,23,5,52,18,34,42,18,24
S01007985,346,147,199,8,6,2,5,2,3,10,5,5,22,3,19,43,36,7,34,5,29,42,2,40,39,31,8,83,32,51,60,25,35
S01007986,182,83,99,5,3,2,10,3,7,9,5,4,17,3,14,21,19,2,13,2,11,23,4,19,23,16,7,29,11,18,32,17,15
S01007987,199,94,105,6,4,2,12,6,6,12,8,4,20,7,13,25,21,4,10,2,8,24,1,23,24,16,8,34,14,20,32,15,17
S01007988,298,129,169,8,6,2,7,4,3,14,8,6,18,3,15,31,26,5,28,4,24,43,4,39,40,32,8,59,16,43,50,26,24
S01007989,208,96,112,3,2,1,6,1,5,11,6,5,16,3,13,23,21,2,21,4,17,23,3,20,13,10,3,42,20,22,50,26,24
S01007990,216,92,124,5,4,1,8,4,4,9,4,5,12,4,8,19,15,4,21,3,18,31,10,21,17,13,4,48,16,32,46,19,27
S01007991,132,49,83,13,6,7,12,6,6,8,2,6,20,5,15,8,8,0,12,0,12,14,3,11,5,3,2,10,4,6,30,12,18
S01007992,100,34,66,4,0,4,6,0,6,4,1,3,10,0,10,4,3,1,8,0,8,13,5,8,4,4,0,16,5,11,31,16,15
S01007993,202,93,109,8,4,4,30,15,15,13,10,3,24,3,21,20,15,5,13,1,12,28,4,24,19,15,4,23,13,10,24,13,11
S01007994,110,42,68,7,5,2,11,5,6,8,3,5,20,3,17,6,5,1,5,0,5,10,2,8,4,4,0,14,6,8,25,9,16
S01007995,157,74,83,5,3,2,10,5,5,17,9,8,21,3,18,12,11,1,9,1,8,20,4,16,9,7,2,15,6,9,39,25,14
S01007996,121,56,65,9,6,3,20,8,12,10,9,1,12,1,11,11,9,2,7,1,6,15,5,10,7,6,1,12,3,9,18,8,10
S01007997,178,78,100,17,11,6,47,17,30,15,10,5,19,3,16,18,15,3,10,0,10,13,2,11,11,8,3,12,3,9,16,9,7
S01007998,136,57,79,16,10,6,28,11,17,10,5,5,15,2,13,8,8,0,7,1,6,15,1,14,12,9,3,7,1,6,18,9,9
S01007999,178,73,105,2,0,2,3,2,1,4,2,2,11,3,8,15,13,2,21,3,18,27,4,23,23,15,8,37,14,23,35,17,18
S01008000,278,119,159,5,3,2,8,3,5,6,1,5,14,3,11,35,32,3,19,4,15,23,3,20,32,22,10,71,26,45,65,22,43
S01008001,324,142,182,4,3,1,8,4,4,13,8,5,6,2,4,33,31,2,23,2,21,31,9,22,42,23,19,85,29,56,79,31,48
S01008002,301,136,165,9,5,4,7,1,6,9,3,6,8,0,8,38,31,7,18,5,13,17,6,11,35,22,13,64,26,38,96,37,59
S01008003,163,67,96,10,5,5,5,0,5,3,2,1,10,2,8,10,10,0,16,3,13,15,4,11,21,11,10,36,14,22,37,16,21
S01008004,125,49,76,4,2,2,7,4,3,5,2,3,9,0,9,9,6,3,12,2,10,19,5,14,9,3,6,21,12,9,30,13,17
S01008005,99,33,66,2,2,0,4,1,3,6,1,5,7,1,6,13,11,2,6,0,6,20,2,18,6,3,3,9,2,7,26,10,16
S01008006,240,95,145,5,1,4,4,2,2,4,2,2,8,1,7,24,16,8,20,1,19,24,6,18,29,17,12,56,22,34,66,27,39
S01008007,159,79,80,0,0,0,3,0,3,7,4,3,6,2,4,20,17,3,8,1,7,16,5,11,14,8,6,40,26,14,45,16,29
S01008008,187,82,105,0,0,0,5,1,4,6,2,4,8,1,7,11,9,2,12,3,9,17,4,13,26,15,11,48,22,26,54,25,29
S01008009,266,123,143,9,6,3,15,7,8,7,4,3,22,2,20,36,30,6,13,4,9,30,8,22,30,20,10,48,21,27,56,21,35
S01008010,330,169,161,10,7,3,9,3,6,20,13,7,12,1,11,38,32,6,19,5,14,32,7,25,35,24,11,78,37,41,77,40,37
S01008011,229,121,108,5,1,4,5,3,2,8,4,4,8,5,3,31,24,7,13,2,11,24,5,19,35,23,12,58,38,20,42,16,26
S01008012,230,127,103,8,7,1,13,4,9,10,8,2,19,7,12,30,25,5,19,4,15,25,8,17,27,22,5,34,15,19,45,27,18
S01008013,155,74,81,7,4,3,11,5,6,8,3,5,12,2,10,23,18,5,11,5,6,15,5,10,18,12,6,29,10,19,21,10,11
S01008014,166,79,87,8,3,5,17,7,10,8,5,3,14,4,10,24,20,4,12,2,10,16,2,14,23,14,9,17,8,9,27,14,13
S01008015,237,118,119,8,4,4,10,8,2,12,6,6,19,2,17,36,27,9,18,3,15,22,6,16,34,26,8,50,21,29,28,15,13
S01008016,234,105,129,8,5,3,10,0,10,11,8,3,17,5,12,38,32,6,14,3,11,22,2,20,33,22,11,47,17,30,34,11,23
S01008017,231,93,138,18,13,5,43,19,24,23,11,12,39,5,34,25,22,3,10,0,10,26,3,23,5,2,3,20,7,13,22,11,11
S01008018,181,71,110,15,10,5,34,14,20,12,9,3,25,3,22,21,17,4,12,1,11,24,4,20,8,6,2,14,3,11,16,4,12
S01008019,170,74,96,7,5,2,31,13,18,13,9,4,25,1,24,11,10,1,11,2,9,17,4,13,9,8,1,15,7,8,31,15,16
S01008020,124,56,68,3,3,0,15,7,8,13,7,6,11,1,10,10,7,3,10,2,8,20,9,11,9,4,5,18,10,8,15,6,9
S01008021,150,63,87,14,11,3,25,11,14,13,8,5,25,1,24,16,13,3,8,1,7,12,0,12,11,8,3,12,4,8,14,6,8
S01008022,179,82,97,15,11,4,34,13,21,12,8,4,23,3,20,14,11,3,6,1,5,19,5,14,12,12,0,18,5,13,26,13,13
S01008023,127,54,73,5,2,3,21,9,12,11,6,5,18,3,15,10,9,1,3,0,3,13,2,11,8,7,1,9,3,6,29,13,16
S01008024,62,29,33,5,2,3,10,2,8,6,4,2,5,3,2,4,2,2,5,0,5,5,1,4,2,2,0,7,5,2,13,8,5
S01008025,172,75,97,7,2,5,14,4,10,11,6,5,19,2,17,21,17,4,16,2,14,16,4,12,19,18,1,24,10,14,25,10,15
S01008026,277,119,158,11,7,4,18,8,10,12,9,3,15,2,13,35,28,7,34,3,31,34,6,28,29,22,7,46,17,29,43,17,26
S01008027,170,72,98,1,1,0,5,1,4,9,3,6,18,5,13,27,23,4,20,3,17,12,3,9,22,14,8,29,11,18,27,8,19
S01008028,124,56,68,4,3,1,10,4,6,5,3,2,19,3,16,9,7,2,11,1,10,14,6,8,8,4,4,25,14,11,19,11,8
S01008029,239,120,119,13,7,6,26,10,16,15,8,7,25,6,19,32,23,9,12,2,10,16,0,16,20,15,5,29,17,12,51,32,19
S01008030,293,127,166,13,10,3,27,8,19,24,14,10,35,3,32,38,30,8,25,6,19,25,5,20,28,15,13,35,15,20,43,21,22
S01008031,259,115,144,13,10,3,10,4,6,15,11,4,21,3,18,25,17,8,22,2,20,22,6,16,33,18,15,49,25,24,49,19,30
S01008032,250,112,138,11,7,4,7,2,5,12,7,5,21,2,19,37,28,9,18,1,17,30,6,24,36,21,15,36,16,20,42,22,20
S01008033,147,64,83,10,8,2,27,8,19,13,8,5,16,4,12,11,9,2,8,1,7,16,7,9,2,1,1,6,2,4,38,16,22
S01008034,134,53,81,5,3,2,24,10,14,12,7,5,28,4,24,8,7,1,5,0,5,8,2,6,2,0,2,5,2,3,37,18,19
S01008035,173,82,91,11,6,5,21,14,7,16,10,6,39,2,37,14,13,1,6,0,6,23,8,15,8,7,1,12,7,5,23,15,8
S01008036,179,84,95,7,6,1,39,16,23,21,14,7,30,2,28,7,7,0,10,1,9,14,7,7,9,8,1,12,5,7,30,18,12
S01008037,274,117,157,4,2,2,18,9,9,14,7,7,28,5,23,36,31,5,26,5,21,41,7,34,22,20,2,44,16,28,41,15,26
S01008038,160,62,98,4,3,1,10,2,8,6,3,3,14,0,14,20,18,2,24,2,22,17,4,13,12,11,1,26,7,19,27,12,15
S01008039,232,100,132,6,4,2,19,7,12,14,6,8,31,1,30,29,21,8,20,0,20,27,11,16,19,16,3,28,12,16,39,22,17
S01008040,212,78,134,10,8,2,56,18,38,18,10,8,30,2,28,11,9,2,16,0,16,13,3,10,8,7,1,18,8,10,32,13,19
S01008041,181,89,92,11,7,4,26,9,17,17,10,7,33,4,29,19,19,0,17,3,14,14,6,8,14,12,2,12,6,6,18,13,5
S01008042,143,54,89,8,3,5,40,13,27,16,9,7,18,1,17,5,4,1,10,1,9,10,4,6,6,5,1,8,3,5,22,11,11
S01008043,203,81,122,15,6,9,64,23,41,20,11,9,28,6,22,12,6,6,12,1,11,19,6,13,4,4,0,6,3,3,23,15,8
S01008044,218,84,134,10,4,6,64,22,42,26,16,10,33,3,30,9,8,1,12,1,11,14,4,10,2,2,0,11,4,7,37,20,17
S01008045,277,116,161,24,18,6,63,23,40,17,8,9,45,3,42,14,11,3,13,3,10,23,5,18,12,12,0,20,6,14,46,27,19
S01008046,238,91,147,11,4,7,31,15,16,16,5,11,41,4,37,13,9,4,16,3,13,29,10,19,15,14,1,30,10,20,36,17,19
S01008047,184,81,103,17,10,7,46,22,24,16,5,11,32,4,28,8,6,2,6,2,4,9,4,5,8,8,0,12,5,7,30,15,15
S01008048,184,80,104,12,12,0,51,20,31,26,19,7,33,2,31,4,4,0,8,0,8,15,4,11,4,4,0,8,3,5,23,12,11
S01008049,226,87,139,14,14,0,71,29,42,22,8,14,50,6,44,6,6,0,11,0,11,13,3,10,10,8,2,5,2,3,24,11,13
S01008050,176,66,110,13,8,5,51,20,31,16,7,9,34,5,29,4,4,0,6,0,6,13,5,8,4,4,0,10,3,7,25,10,15
S01008051,190,76,114,13,8,5,53,16,37,25,12,13,34,7,27,7,7,0,7,0,7,9,2,7,3,3,0,8,5,3,31,16,15
S01008052,171,72,99,15,7,8,54,23,31,16,10,6,22,2,20,5,5,0,7,0,7,12,5,7,4,3,1,13,5,8,23,12,11
S01008053,170,76,94,11,6,5,55,25,30,15,9,6,30,7,23,9,9,0,8,2,6,15,4,11,2,1,1,7,3,4,18,10,8
S01008054,187,82,105,21,14,7,51,18,33,11,6,5,28,3,25,7,6,1,9,1,8,16,6,10,5,5,0,13,7,6,26,16,10
S01008055,260,101,159,17,10,7,82,30,52,29,12,17,42,6,36,6,6,0,11,0,11,10,4,6,1,1,0,9,5,4,53,27,26
S01008056,180,70,110,8,6,2,55,18,37,18,8,10,27,1,26,5,3,2,12,3,9,14,4,10,7,6,1,6,3,3,28,18,10
S01008057,200,88,112,12,5,7,75,28,47,23,13,10,24,7,17,6,5,1,10,5,5,19,8,11,3,3,0,3,2,1,25,12,13
S01008058,207,76,131,15,10,5,56,16,40,19,12,7,31,5,26,5,4,1,5,0,5,19,5,14,5,5,0,11,5,6,41,14,27
S01008059,180,81,99,11,8,3,45,19,26,15,12,3,25,3,22,7,7,0,14,5,9,14,2,12,7,6,1,10,4,6,32,15,17
S01008060,233,92,141,13,11,2,46,16,30,16,12,4,46,8,38,11,7,4,21,3,18,22,7,15,7,6,1,10,3,7,41,19,22
S01008061,115,47,68,10,3,7,11,5,6,10,5,5,21,0,21,6,4,2,8,3,5,11,6,5,4,3,1,4,0,4,30,18,12
S01008062,210,83,127,14,7,7,40,7,33,18,14,4,44,7,37,18,15,3,21,4,17,16,4,12,11,10,1,6,1,5,22,14,8
S01008063,207,77,130,10,8,2,47,15,32,20,13,7,32,3,29,9,8,1,11,1,10,24,9,15,5,2,3,8,4,4,41,14,27
S01008064,207,81,126,11,4,7,13,2,11,12,4,8,23,2,21,17,16,1,27,6,21,25,6,19,6,4,2,23,7,16,50,30,20
S01008065,236,102,134,15,8,7,75,28,47,24,14,10,25,4,21,12,11,1,13,2,11,13,4,9,7,6,1,8,2,6,44,23,21
S01008066,236,96,140,17,13,4,84,31,53,27,12,15,23,1,22,3,2,1,8,1,7,20,8,12,4,3,1,7,5,2,43,20,23
S01008067,159,59,100,17,13,4,55,15,40,4,2,2,25,3,22,6,5,1,7,1,6,9,2,7,5,3,2,3,2,1,28,13,15
S01008068,234,95,139,29,20,9,52,22,30,17,9,8,37,1,36,22,20,2,14,2,12,17,5,12,4,3,1,14,4,10,28,9,19
S01008069,214,91,123,6,4,2,23,10,13,15,9,6,36,7,29,23,22,1,20,1,19,25,4,21,10,7,3,23,10,13,33,17,16
S01008070,210,89,121,9,3,6,14,4,10,18,10,8,49,9,40,27,24,3,15,2,13,18,3,15,8,8,0,23,11,12,29,15,14
S01008071,138,52,86,3,0,3,31,13,18,17,10,7,22,1,21,5,5,0,5,1,4,13,2,11,2,1,1,13,4,9,27,15,12
S01008072,201,78,123,16,12,4,40,16,24,18,8,10,39,3,36,5,3,2,14,1,13,18,3,15,2,0,2,11,7,4,38,25,13
S01008073,110,54,56,15,8,7,39,14,25,12,10,2,9,1,8,6,6,0,5,1,4,6,2,4,3,2,1,2,1,1,13,9,4
S01008074,222,103,119,14,9,5,64,26,38,26,21,5,29,3,26,10,7,3,7,2,5,24,6,18,3,2,1,6,4,2,39,23,16
S01008075,171,71,100,13,8,5,49,18,31,20,13,7,26,3,23,5,2,3,10,0,10,12,4,8,2,1,1,5,3,2,29,19,10
S01008076,190,81,109,22,15,7,64,26,38,20,12,8,33,6,27,2,2,0,9,0,9,15,7,8,3,2,1,1,0,1,21,11,10
S01008077,222,93,129,24,18,6,61,23,38,21,11,10,35,3,32,10,8,2,13,1,12,14,4,10,2,2,0,5,3,2,37,20,17
S01008078,222,92,130,16,13,3,69,28,41,15,4,11,35,4,31,10,8,2,7,2,5,19,8,11,3,3,0,6,1,5,42,21,21
S01008079,258,106,152,22,17,5,100,40,60,19,13,6,46,7,39,7,6,1,13,3,10,11,4,7,4,3,1,9,2,7,27,11,16
S01008080,161,61,100,16,9,7,40,15,25,11,6,5,28,3,25,11,9,2,12,2,10,12,2,10,6,5,1,7,2,5,18,8,10
S01008081,165,67,98,12,8,4,36,14,22,18,12,6,29,6,23,7,7,0,10,1,9,15,3,12,2,0,2,7,1,6,29,15,14
S01008082,200,89,111,23,17,6,48,17,31,25,15,10,26,3,23,9,7,2,7,2,5,16,5,11,9,6,3,7,4,3,30,13,17
S01008083,199,88,111,21,18,3,47,14,33,22,14,8,28,3,25,11,9,2,15,1,14,14,4,10,3,3,0,5,2,3,33,20,13
S01008084,236,95,141,17,12,5,35,13,22,19,13,6,42,6,36,24,18,6,20,1,19,19,6,13,5,5,0,18,3,15,37,18,19
S01008085,211,103,108,17,12,5,32,15,17,21,14,7,32,6,26,16,16,0,9,2,7,16,4,12,8,7,1,14,5,9,46,22,24
S01008086,235,104,131,12,6,6,25,10,15,16,7,9,35,9,26,28,24,4,15,1,14,25,7,18,11,9,2,28,5,23,40,26,14
S01008087,210,81,129,13,9,4,30,16,14,13,9,4,51,6,45,12,10,2,10,2,8,19,3,16,6,5,1,27,7,20,29,14,15
S01008088,260,113,147,16,11,5,38,20,18,27,18,9,50,3,47,27,25,2,16,3,13,29,5,24,9,6,3,14,5,9,34,17,17
S01008089,184,79,105,12,8,4,17,5,12,14,11,3,38,9,29,17,15,2,10,1,9,23,2,21,9,7,2,6,2,4,38,19,19
S01008090,162,67,95,4,3,1,26,11,15,9,8,1,25,2,23,7,6,1,13,2,11,13,1,12,13,10,3,21,5,16,31,19,12
S01008091,98,44,54,0,0,0,21,10,11,5,3,2,14,3,11,4,4,0,5,1,4,12,6,6,4,3,1,12,2,10,21,12,9
S01008092,234,106,128,15,14,1,55,27,28,19,14,5,46,4,42,12,12,0,18,2,16,15,2,13,11,10,1,10,4,6,33,17,16
S01008093,198,78,120,13,6,7,39,16,23,14,11,3,41,9,32,8,8,0,12,1,11,28,8,20,9,6,3,6,1,5,28,12,16
S01008094,172,66,106,18,14,4,31,10,21,11,8,3,38,3,35,6,6,0,6,0,6,15,4,11,5,4,1,9,2,7,33,15,18
S01008095,205,88,117,7,5,2,22,7,15,14,11,3,43,5,38,26,24,2,11,1,10,20,6,14,11,7,4,23,6,17,28,16,12
S01008096,217,102,115,14,8,6,39,14,25,21,14,7,33,5,28,23,22,1,16,2,14,20,4,16,11,10,1,16,7,9,24,16,8
S01008097,160,70,90,9,6,3,27,10,17,14,9,5,25,6,19,15,12,3,10,1,9,22,6,16,2,2,0,16,4,12,20,14,6
S01008098,160,70,90,8,5,3,20,10,10,12,8,4,27,3,24,10,9,1,12,2,10,14,2,12,12,9,3,10,3,7,35,19,16
S01008099,139,77,62,6,3,3,12,6,6,2,2,0,29,5,24,12,12,0,15,3,12,6,3,3,8,8,0,12,6,6,37,29,8
S01008100,272,108,164,19,8,11,64,24,40,17,5,12,38,6,32,29,23,6,11,1,10,23,2,21,15,11,4,17,3,14,39,25,14
S01008101,174,74,100,7,6,1,19,10,9,10,7,3,17,1,16,19,16,3,7,1,6,19,4,15,10,7,3,29,9,20,37,13,24
S01008102,227,116,111,7,7,0,20,11,9,15,11,4,33,5,28,24,21,3,17,1,16,21,4,17,20,18,2,29,14,15,41,24,17
S01008103,160,64,96,5,2,3,9,1,8,5,3,2,16,1,15,15,11,4,10,3,7,24,7,17,11,10,1,41,15,26,24,11,13
S01008104,254,115,139,8,6,2,14,7,7,11,8,3,34,9,25,20,13,7,18,0,18,37,12,25,20,18,2,38,15,23,54,27,27
S01008105,316,136,180,12,5,7,10,2,8,14,8,6,30,5,25,36,30,6,30,6,24,34,4,30,27,24,3,63,24,39,60,28,32
S01008106,261,114,147,8,3,5,14,7,7,10,8,2,17,3,14,32,26,6,30,4,26,17,5,12,22,19,3,62,22,40,49,17,32
S01008107,127,52,75,6,1,5,7,1,6,5,3,2,10,1,9,12,11,1,12,2,10,13,6,7,2,1,1,20,7,13,40,19,21
S01008108,137,55,82,9,6,3,13,5,8,17,12,5,31,3,28,9,8,1,4,0,4,11,4,7,6,3,3,16,5,11,21,9,12
S01008109,241,99,142,9,6,3,27,11,16,11,8,3,43,3,40,22,20,2,9,1,8,33,10,23,15,14,1,35,8,27,37,18,19
S01008110,168,79,89,7,5,2,16,8,8,16,10,6,36,4,32,19,18,1,5,0,5,14,2,12,8,5,3,15,8,7,32,19,13
S01008111,204,92,112,15,10,5,27,13,14,21,12,9,31,2,29,17,13,4,11,2,9,24,5,19,13,11,2,12,2,10,33,22,11
S01008112,229,98,131,13,10,3,40,23,17,9,6,3,45,9,36,21,19,2,14,1,13,27,1,26,12,8,4,18,4,14,30,17,13
S01008113,236,95,141,12,7,5,50,19,31,20,13,7,45,4,41,14,14,0,12,0,12,24,4,20,11,9,2,24,11,13,24,14,10
S01008114,173,77,96,9,8,1,22,7,15,14,10,4,24,4,20,13,13,0,19,3,16,23,5,18,7,4,3,19,9,10,23,14,9
S01008115,218,101,117,10,7,3,18,5,13,18,12,6,36,4,32,21,17,4,14,0,14,19,9,10,16,13,3,24,14,10,42,20,22
S01008116,231,89,142,9,5,4,45,14,31,26,15,11,39,4,35,15,13,2,12,4,8,25,5,20,5,4,1,13,5,8,42,20,22
S01008117,209,90,119,14,9,5,55,23,32,25,14,11,30,5,25,9,8,1,8,3,5,20,8,12,4,4,0,11,6,5,33,10,23
S01008118,201,71,130,5,4,1,29,8,21,13,4,9,25,2,23,27,24,3,16,2,14,32,5,27,6,6,0,24,11,13,24,5,19
S01008119,218,95,123,9,5,4,17,4,13,8,3,5,25,0,25,32,30,2,19,3,16,21,4,17,10,8,2,32,14,18,45,24,21
S01008120,159,60,99,13,8,5,38,12,26,13,7,6,25,2,23,8,8,0,14,2,12,13,5,8,1,1,0,16,6,10,18,9,9
S01008121,170,78,92,15,10,5,47,24,23,20,9,11,31,6,25,12,9,3,6,0,6,7,0,7,5,5,0,7,2,5,20,13,7
S01008122,183,85,98,15,13,2,44,16,28,16,11,5,38,6,32,9,7,2,7,1,6,8,6,2,3,3,0,13,8,5,30,14,16
S01008123,238,107,131,21,15,6,76,32,44,20,15,5,37,3,34,9,9,0,10,1,9,13,4,9,2,1,1,9,3,6,41,24,17
S01008124,202,85,117,6,5,1,51,23,28,17,12,5,33,2,31,10,9,1,13,2,11,15,5,10,5,4,1,11,3,8,41,20,21
S01008125,204,80,124,15,14,1,39,13,26,17,7,10,39,3,36,9,7,2,10,1,9,18,6,12,13,11,2,14,3,11,30,15,15
S01008126,185,91,94,14,10,4,41,19,22,19,13,6,23,2,21,14,12,2,7,0,7,19,3,16,5,5,0,11,7,4,32,20,12
S01008127,116,57,59,6,4,2,35,19,16,7,5,2,17,0,17,12,11,1,9,1,8,9,2,7,4,3,1,2,2,0,15,10,5
S01008128,253,114,139,15,10,5,48,18,30,23,14,9,43,10,33,18,16,2,21,1,20,14,7,7,9,8,1,24,10,14,38,20,18
S01008129,251,118,133,4,2,2,20,4,16,19,8,11,28,6,22,28,25,3,16,1,15,22,9,13,24,20,4,48,19,29,42,24,18
S01008130,280,143,137,7,5,2,14,7,7,20,16,4,27,2,25,33,30,3,18,1,17,27,7,20,23,21,2,50,17,33,61,37,24
S01008131,246,114,132,9,4,5,19,9,10,15,9,6,20,2,18,30,27,3,17,1,16,29,5,24,19,15,4,43,19,24,45,23,22
S01008132,247,104,143,19,14,5,64,27,37,31,15,16,48,7,41,11,11,0,14,2,12,15,3,12,7,6,1,11,6,5,27,13,14
S01008133,202,83,119,8,4,4,41,15,26,16,9,7,20,3,17,16,15,1,16,1,15,16,2,14,11,11,0,26,10,16,32,13,19
S01008134,145,68,77,8,5,3,16,7,9,11,6,5,20,3,17,23,23,0,14,2,12,13,2,11,9,8,1,10,3,7,21,9,12
S01008135,264,126,138,14,8,6,29,11,18,20,9,11,19,4,15,29,26,3,26,2,24,16,3,13,12,10,2,31,12,19,68,41,27
S01008136,247,119,128,5,4,1,18,6,12,17,12,5,25,5,20,27,25,2,31,9,22,26,5,21,19,15,4,35,16,19,44,22,22
S01008137,311,137,174,2,1,1,13,7,6,7,2,5,16,5,11,49,32,17,32,6,26,25,8,17,16,13,3,70,27,43,81,36,45
S01008138,284,143,141,7,2,5,14,8,6,8,7,1,13,2,11,29,25,4,35,7,28,20,3,17,32,27,5,64,27,37,62,35,27
S01008139,284,154,130,7,5,2,21,6,15,17,14,3,29,5,24,42,39,3,30,11,19,19,5,14,21,17,4,46,19,27,52,33,19
S01008140,140,63,77,4,1,3,5,2,3,5,2,3,13,2,11,16,14,2,12,5,7,11,0,11,11,10,1,36,13,23,27,14,13
S01008141,218,96,122,11,7,4,30,11,19,21,14,7,38,4,34,19,16,3,12,2,10,22,5,17,13,12,1,18,8,10,34,17,17
S01008142,191,83,108,9,6,3,18,11,7,19,14,5,28,2,26,19,17,2,12,1,11,32,5,27,5,2,3,19,7,12,30,18,12
S01008143,284,121,163,5,3,2,38,13,25,22,11,11,30,4,26,22,17,5,20,3,17,29,9,20,27,21,6,42,16,26,49,24,25
S01008144,160,69,91,6,5,1,29,11,18,14,9,5,29,1,28,11,10,1,5,0,5,20,5,15,8,6,2,6,1,5,32,21,11
S01008145,217,113,104,7,5,2,7,3,4,12,5,7,9,0,9,23,20,3,17,6,11,16,2,14,38,35,3,49,22,27,39,15,24
S01008146,166,71,95,5,4,1,13,6,7,8,4,4,14,1,13,18,15,3,17,2,15,16,2,14,14,9,5,37,16,21,24,12,12
S01008147,216,98,118,6,3,3,14,3,11,14,11,3,27,4,23,29,26,3,27,7,20,27,3,24,18,16,2,27,10,17,27,15,12
S01008148,200,104,96,9,8,1,24,10,14,13,9,4,19,3,16,23,22,1,19,1,18,21,8,13,19,14,5,25,15,10,28,14,14
S01008149,193,85,108,7,5,2,15,4,11,11,6,5,20,3,17,26,24,2,23,3,20,19,2,17,20,16,4,26,10,16,26,12,14
S01008150,279,119,160,9,4,5,27,7,20,11,6,5,13,1,12,33,28,5,23,1,22,26,3,23,25,23,2,62,21,41,50,25,25
S01008151,192,96,96,6,3,3,11,5,6,6,3,3,17,4,13,25,22,3,21,3,18,21,2,19,20,15,5,22,14,8,43,25,18
S01008152,318,128,190,11,6,5,29,9,20,15,8,7,31,5,26,36,34,2,44,5,39,39,8,31,26,18,8,47,19,28,40,16,24
S01008153,204,91,113,8,6,2,39,18,21,19,11,8,32,5,27,20,18,2,7,0,7,12,2,10,5,3,2,22,8,14,40,20,20
S01008154,258,120,138,19,12,7,59,26,33,19,16,3,47,6,41,19,17,2,16,4,12,23,7,16,11,9,2,13,4,9,32,19,13
S01008155,188,82,106,7,4,3,31,11,20,24,17,7,23,6,17,15,12,3,19,4,15,16,4,12,6,5,1,10,3,7,37,16,21
S01008156,266,125,141,15,6,9,28,11,17,18,13,5,46,10,36,23,17,6,21,2,19,21,5,16,17,16,1,35,26,9,42,19,23
S01008157,181,74,107,8,4,4,32,10,22,12,6,6,22,3,19,18,16,2,20,3,17,14,4,10,8,5,3,10,6,4,37,17,20
S01008158,140,54,86,6,6,0,20,5,15,10,6,4,25,2,23,21,17,4,11,0,11,9,1,8,1,0,1,11,7,4,26,10,16
S01008159,329,146,183,16,12,4,31,5,26,7,2,5,27,3,24,33,28,5,49,11,38,29,5,24,26,22,4,54,30,24,57,28,29
S01008160,274,126,148,4,3,1,24,9,15,13,7,6,20,4,16,33,24,9,35,7,28,16,6,10,22,19,3,53,22,31,54,25,29
S01008161,175,83,92,5,2,3,17,10,7,13,6,7,23,2,21,27,18,9,11,5,6,16,7,9,5,3,2,18,9,9,40,21,19
S01008162,236,101,135,7,4,3,54,18,36,11,4,7,12,1,11,24,21,3,26,5,21,18,2,16,17,17,0,45,16,29,22,13,9
S01008163,212,86,126,5,2,3,7,3,4,11,4,7,16,1,15,30,27,3,18,3,15,33,3,30,16,11,5,40,18,22,36,14,22
S01008164,761,223,538,18,11,7,41,12,29,25,7,18,66,15,51,33,22,11,55,10,45,138,27,111,17,13,4,189,57,132,179,49,130
S01008165,104,48,56,2,2,0,8,4,4,7,2,5,15,1,14,5,4,1,8,4,4,14,4,10,5,5,0,10,5,5,30,17,13
S01008166,145,72,73,0,0,0,5,2,3,7,4,3,8,2,6,22,18,4,11,2,9,21,6,15,12,10,2,34,13,21,25,15,10
S01008167,211,85,126,9,6,3,3,0,3,8,4,4,18,1,17,29,21,8,14,3,11,28,2,26,20,19,1,46,17,29,36,12,24
S01008168,227,92,135,10,5,5,7,3,4,5,3,2,15,4,11,24,21,3,26,1,25,34,6,28,17,14,3,47,21,26,42,14,28
S01008169,155,66,89,6,4,2,2,1,1,3,0,3,17,2,15,14,12,2,21,3,18,18,5,13,18,16,2,28,10,18,28,13,15
S01008170,113,50,63,9,3,6,13,5,8,7,4,3,16,3,13,10,10,0,5,0,5,15,3,12,6,5,1,15,5,10,17,12,5
S01008171,177,74,103,9,3,6,5,0,5,10,4,6,19,4,15,18,15,3,17,3,14,25,3,22,16,13,3,35,18,17,23,11,12
S01008172,147,64,83,6,4,2,7,1,6,6,3,3,24,5,19,19,19,0,16,2,14,16,2,14,11,8,3,25,10,15,17,10,7
S01008173,134,54,80,6,3,3,13,3,10,9,5,4,20,1,19,12,12,0,11,3,8,13,1,12,8,6,2,19,7,12,23,13,10
S01008174,107,47,60,3,1,2,6,1,5,3,2,1,19,4,15,10,10,0,8,0,8,20,7,13,8,7,1,19,8,11,11,7,4
S01008175,169,71,98,3,2,1,12,4,8,9,4,5,16,4,12,22,18,4,20,3,17,16,4,12,14,13,1,39,9,30,18,10,8
S01008176,178,74,104,20,8,12,34,11,23,16,8,8,26,7,19,13,11,2,7,2,5,18,4,14,3,3,0,21,8,13,20,12,8
S01008177,212,91,121,7,5,2,9,5,4,12,6,6,33,3,30,24,21,3,24,2,22,27,6,21,9,8,1,43,18,25,24,17,7
S01008178,205,81,124,10,5,5,16,3,13,21,14,7,56,8,48,17,16,1,10,3,7,23,5,18,13,10,3,20,7,13,19,10,9
S01008179,93,37,56,4,3,1,7,1,6,4,4,0,15,0,15,5,4,1,3,0,3,19,6,13,2,2,0,10,7,3,24,10,14
S01008180,88,47,41,7,4,3,8,5,3,6,4,2,14,3,11,6,5,1,5,1,4,8,2,6,3,3,0,9,4,5,22,16,6
S01008181,178,76,102,11,4,7,17,9,8,19,11,8,34,5,29,16,12,4,15,4,11,16,5,11,6,5,1,18,13,5,26,8,18
S01008182,229,95,134,5,3,2,18,5,13,10,4,6,38,12,26,25,23,2,26,1,25,24,6,18,8,8,0,48,24,24,27,9,18
S01008183,135,64,71,3,3,0,10,3,7,7,5,2,24,7,17,13,10,3,8,0,8,19,6,13,5,3,2,28,16,12,18,11,7
S01008184,208,107,101,5,0,5,20,11,9,15,10,5,31,7,24,31,30,1,21,5,16,16,6,10,14,12,2,40,22,18,15,4,11
S01008185,256,108,148,8,1,7,21,7,14,17,7,10,28,3,25,28,25,3,28,6,22,27,4,23,17,14,3,53,24,29,29,17,12
S01008186,292,150,142,10,4,6,20,6,14,17,13,4,28,5,23,19,18,1,16,2,14,25,8,17,8,7,1,43,26,17,106,61,45
S01008187,157,71,86,6,3,3,9,4,5,7,3,4,13,0,13,20,17,3,10,2,8,24,9,15,11,7,4,22,12,10,35,14,21
S01008188,256,107,149,8,6,2,13,3,10,12,8,4,22,4,18,19,16,3,30,1,29,35,9,26,12,10,2,63,29,34,42,21,21
S01008189,157,60,97,11,5,6,14,6,8,12,8,4,33,5,28,14,13,1,18,2,16,13,5,8,4,3,1,23,6,17,15,7,8
S01008190,240,96,144,12,6,6,9,1,8,5,3,2,26,10,16,23,16,7,26,0,26,23,4,19,22,18,4,52,18,34,42,20,22
S01008191,135,48,87,4,3,1,11,1,10,4,4,0,21,5,16,9,7,2,8,0,8,16,3,13,5,4,1,31,12,19,26,9,17
S01008192,205,74,131,7,2,5,15,8,7,8,4,4,27,5,22,20,18,2,15,2,13,24,4,20,16,13,3,31,8,23,42,10,32
S01008193,171,76,95,3,2,1,20,9,11,9,6,3,22,4,18,13,9,4,14,1,13,27,8,19,10,10,0,24,11,13,29,16,13
S01008194,144,62,82,7,5,2,19,6,13,7,2,5,19,6,13,13,11,2,11,3,8,15,3,12,6,5,1,29,11,18,18,10,8
S01008195,205,97,108,5,1,4,7,3,4,8,6,2,14,2,12,17,14,3,18,3,15,32,11,21,19,18,1,34,13,21,51,26,25
S01008196,200,91,109,3,1,2,8,3,5,7,3,4,14,2,12,20,17,3,15,4,11,27,6,21,15,12,3,45,25,20,46,18,28
S01008197,135,62,73,6,2,4,6,5,1,8,3,5,20,3,17,14,11,3,10,0,10,11,1,10,6,5,1,23,10,13,31,22,9
S01008198,196,90,106,6,3,3,7,3,4,9,7,2,19,4,15,28,24,4,18,3,15,22,2,20,20,15,5,43,15,28,24,14,10
S01008199,250,115,135,2,1,1,2,0,2,6,2,4,11,2,9,19,17,2,16,4,12,32,5,27,35,26,9,74,30,44,53,28,25
S01008200,192,70,122,2,1,1,7,4,3,14,6,8,18,3,15,20,17,3,13,2,11,32,1,31,14,11,3,51,16,35,21,9,12
S01008201,253,131,122,11,4,7,7,2,5,7,5,2,13,1,12,36,30,6,26,7,19,28,7,21,20,19,1,63,29,34,42,27,15
S01008202,156,69,87,2,1,1,5,2,3,5,4,1,23,3,20,22,17,5,14,2,12,16,4,12,14,13,1,33,14,19,22,9,13
S01008203,184,89,95,5,2,3,6,2,4,6,4,2,11,1,10,22,17,5,16,3,13,25,5,20,19,19,0,46,20,26,28,16,12
S01008204,301,137,164,10,6,4,15,4,11,15,5,10,34,5,29,41,39,2,26,6,20,34,4,30,38,29,9,58,23,35,30,16,14
S01008205,178,88,90,6,6,0,5,0,5,5,1,4,15,2,13,26,24,2,14,4,10,17,6,11,15,12,3,49,23,26,26,10,16
S01008206,172,82,90,4,1,3,5,2,3,3,2,1,16,2,14,29,28,1,20,2,18,14,0,14,16,13,3,38,18,20,27,14,13
S01008207,157,75,82,2,0,2,2,1,1,3,1,2,11,3,8,13,11,2,15,0,15,19,4,15,19,16,3,44,21,23,29,18,11
S01008208,133,61,72,9,5,4,4,1,3,8,4,4,27,8,19,15,14,1,12,5,7,14,2,12,5,5,0,25,10,15,14,7,7
S01008209,80,33,47,1,0,1,5,3,2,8,4,4,11,1,10,13,11,2,5,0,5,11,2,9,4,4,0,8,4,4,14,4,10
S01008210,229,97,132,21,13,8,13,3,10,13,5,8,42,6,36,19,18,1,24,5,19,23,5,18,20,19,1,25,11,14,29,12,17
S01008211,230,100,130,11,7,4,22,8,14,14,4,10,26,4,22,33,31,2,15,3,12,24,4,20,16,12,4,37,12,25,32,15,17
S01008212,92,37,55,5,4,1,8,2,6,9,3,6,17,2,15,7,6,1,5,0,5,10,3,7,4,4,0,12,6,6,15,7,8
S01008213,214,93,121,14,7,7,11,2,9,9,4,5,39,7,32,21,19,2,15,2,13,23,10,13,8,7,1,27,7,20,47,28,19
S01008214,217,99,118,15,6,9,15,9,6,9,7,2,27,5,22,32,29,3,21,1,20,23,5,18,12,11,1,42,13,29,21,13,8
S01008215,175,74,101,5,2,3,13,6,7,9,5,4,28,3,25,27,24,3,13,1,12,18,6,12,10,8,2,20,10,10,32,9,23
S01008216,104,50,54,9,6,3,8,2,6,10,9,1,15,0,15,10,9,1,2,0,2,10,2,8,6,4,2,10,2,8,24,16,8
S01008217,117,49,68,11,7,4,18,8,10,17,12,5,27,3,24,6,6,0,9,0,9,9,1,8,5,5,0,6,3,3,9,4,5
S01008218,145,66,79,13,6,7,9,3,6,14,12,2,26,4,22,18,13,5,10,3,7,12,3,9,4,3,1,13,6,7,26,13,13
S01008219,230,96,134,10,5,5,13,7,6,14,3,11,30,7,23,21,20,1,19,1,18,26,6,20,18,13,5,38,17,21,41,17,24
S01008220,175,74,101,5,3,2,4,2,2,5,2,3,7,1,6,21,16,5,19,2,17,28,6,22,12,9,3,32,13,19,42,20,22
S01008221,215,97,118,3,1,2,8,0,8,4,4,0,9,3,6,27,23,4,15,3,12,34,5,29,21,16,5,40,21,19,54,21,33
S01008222,188,80,108,6,2,4,5,0,5,5,5,0,23,3,20,23,21,2,16,4,12,25,1,24,18,16,2,40,16,24,27,12,15
S01008223,185,87,98,6,0,6,4,1,3,10,8,2,19,2,17,25,22,3,19,2,17,30,10,20,14,9,5,33,19,14,25,14,11
S01008224,179,73,106,11,1,10,12,5,7,14,12,2,31,6,25,17,14,3,18,3,15,18,4,14,12,9,3,25,9,16,21,10,11
S01008225,179,76,103,10,4,6,12,4,8,8,7,1,27,4,23,22,15,7,14,2,12,17,2,15,9,8,1,33,14,19,27,16,11
S01008226,200,99,101,5,2,3,8,2,6,5,4,1,20,4,16,21,19,2,20,3,17,22,4,18,25,21,4,41,21,20,33,19,14
S01008227,246,114,132,9,3,6,8,1,7,11,8,3,19,5,14,31,27,4,23,4,19,25,2,23,27,17,10,64,33,31,29,14,15
S01008228,140,58,82,11,5,6,11,5,6,10,5,5,18,1,17,20,16,4,10,1,9,18,5,13,7,5,2,15,9,6,20,6,14
S01008229,192,80,112,4,2,2,8,2,6,3,2,1,16,2,14,31,26,5,14,1,13,28,3,25,20,17,3,47,18,29,21,7,14
S01008230,116,51,65,8,3,5,6,1,5,7,1,6,17,4,13,10,10,0,6,0,6,14,4,10,7,5,2,17,10,7,24,13,11
S01008231,77,24,53,3,2,1,1,0,1,5,1,4,19,0,19,4,4,0,4,0,4,12,4,8,2,2,0,8,4,4,19,7,12
S01008232,90,45,45,4,3,1,4,3,1,6,2,4,7,2,5,6,6,0,10,2,8,9,1,8,6,6,0,13,6,7,25,14,11
S01008233,72,33,39,3,1,2,3,0,3,4,3,1,6,2,4,4,4,0,6,0,6,10,2,8,4,1,3,14,7,7,18,13,5
S01008234,125,60,65,4,3,1,8,2,6,0,0,0,13,2,11,23,18,5,10,0,10,13,2,11,15,13,2,23,12,11,16,8,8
S01008235,196,90,106,12,8,4,15,7,8,2,1,1,26,4,22,22,18,4,16,0,16,23,3,20,16,15,1,41,19,22,23,15,8
S01008236,213,97,116,11,6,5,24,9,15,20,11,9,26,4,22,31,30,1,17,0,17,28,6,22,3,3,0,31,17,14,22,11,11
S01008237,221,100,121,9,3,6,22,8,14,14,8,6,26,4,22,30,25,5,23,2,21,15,6,9,12,11,1,40,16,24,30,17,13
S01008238,209,90,119,6,4,2,9,4,5,10,6,4,20,3,17,30,25,5,22,2,20,20,4,16,25,17,8,42,19,23,25,6,19
S01008239,159,64,95,4,3,1,10,3,7,7,5,2,21,3,18,22,13,9,16,0,16,20,5,15,13,13,0,28,9,19,18,10,8
S01008240,268,119,149,33,22,11,60,22,38,30,21,9,56,9,47,15,13,2,16,5,11,19,7,12,7,6,1,17,4,13,15,10,5
S01008241,200,100,100,33,23,10,58,27,31,17,13,4,39,9,30,10,7,3,6,1,5,8,2,6,4,4,0,9,2,7,16,12,4
S01008242,262,126,136,21,16,5,50,20,30,20,11,9,35,4,31,32,27,5,16,3,13,14,0,14,20,13,7,32,18,14,22,14,8
S01008243,187,73,114,11,3,8,33,14,19,21,10,11,31,4,27,8,6,2,13,1,12,13,1,12,9,7,2,17,10,7,31,17,14
S01008244,168,75,93,21,13,8,32,12,20,16,8,8,24,3,21,17,12,5,13,1,12,6,1,5,7,7,0,12,6,6,20,12,8
S01008245,208,88,120,15,7,8,39,15,24,18,9,9,23,3,20,16,13,3,18,1,17,15,5,10,15,14,1,27,11,16,22,10,12
S01008246,190,79,111,12,7,5,32,13,19,22,8,14,25,2,23,18,15,3,12,1,11,13,3,10,16,13,3,20,8,12,20,9,11
S01008247,178,85,93,20,9,11,29,13,16,13,6,7,19,6,13,17,14,3,12,1,11,12,6,6,13,9,4,13,6,7,30,15,15
S01008248,241,106,135,16,9,7,36,13,23,19,10,9,19,3,16,34,25,9,13,0,13,20,4,16,13,11,2,32,12,20,39,19,20
S01008249,229,93,136,25,17,8,43,18,25,22,11,11,36,2,34,20,15,5,10,0,10,13,4,9,12,10,2,22,6,16,26,10,16
S01008250,240,100,140,15,7,8,57,19,38,28,12,16,28,4,24,23,21,2,18,2,16,9,1,8,7,6,1,16,7,9,39,21,18
S01008251,137,49,88,11,7,4,29,9,20,9,5,4,22,2,20,10,7,3,7,1,6,13,1,12,0,0,0,6,3,3,30,14,16
S01008252,206,89,117,19,13,6,47,18,29,18,7,11,42,9,33,11,11,0,10,1,9,12,1,11,4,3,1,18,11,7,25,15,10
S01008253,198,89,109,5,3,2,16,5,11,12,9,3,25,3,22,32,27,5,18,3,15,15,4,11,12,11,1,38,10,28,25,14,11
S01008254,269,111,158,13,5,8,15,6,9,12,7,5,31,6,25,26,24,2,31,3,28,31,4,27,15,12,3,44,18,26,51,26,25
S01008255,168,62,106,4,3,1,25,7,18,16,6,10,21,5,16,14,10,4,15,1,14,14,2,12,8,4,4,20,6,14,31,18,13
S01008256,215,99,116,4,0,4,11,6,5,6,4,2,17,3,14,29,26,3,24,1,23,27,5,22,16,10,6,42,24,18,39,20,19
S01008257,145,54,91,10,5,5,20,7,13,9,4,5,16,4,12,14,10,4,13,2,11,15,1,14,4,4,0,23,9,14,21,8,13
S01008258,169,79,90,17,13,4,25,13,12,7,5,2,23,4,19,17,14,3,17,4,13,20,6,14,8,4,4,16,3,13,19,13,6
S01008259,166,74,92,11,8,3,25,10,15,15,4,11,19,4,15,15,10,5,12,2,10,7,1,6,8,7,1,34,17,17,20,11,9
S01008260,223,91,132,9,4,5,24,8,16,13,10,3,15,2,13,18,14,4,33,2,31,24,6,18,7,5,2,45,23,22,35,17,18
S01008261,222,93,129,6,3,3,13,4,9,8,4,4,11,1,10,25,21,4,28,6,22,17,2,15,20,15,5,52,21,31,42,16,26
S01008262,134,61,73,7,4,3,25,11,14,6,4,2,21,4,17,11,9,2,8,0,8,7,3,4,11,11,0,18,4,14,20,11,9
S01008263,140,63,77,13,8,5,26,11,15,11,5,6,21,4,17,12,11,1,15,3,12,10,0,10,4,3,1,9,6,3,19,12,7
S01008264,162,68,94,15,12,3,16,2,14,15,7,8,22,3,19,21,19,2,8,0,8,8,1,7,7,6,1,26,7,19,24,11,13
S01008265,175,59,116,12,6,6,45,16,29,16,11,5,46,4,42,10,7,3,14,2,12,3,0,3,4,4,0,12,5,7,13,4,9
S01008266,191,74,117,28,25,3,66,26,40,15,5,10,35,3,32,10,7,3,7,0,7,2,0,2,1,1,0,13,1,12,14,6,8
S01008267,200,73,127,27,16,11,38,11,27,17,3,14,24,4,20,14,12,2,13,0,13,11,0,11,9,8,1,24,9,15,23,10,13
S01008268,230,95,135,34,23,11,66,25,41,17,7,10,40,7,33,12,8,4,14,1,13,7,0,7,5,2,3,11,7,4,24,15,9
S01008269,224,92,132,28,17,11,52,25,27,31,16,15,37,4,33,11,5,6,4,0,4,19,8,11,6,3,3,11,3,8,25,11,14
S01008270,220,92,128,26,14,12,50,18,32,25,13,12,39,8,31,11,9,2,12,3,9,8,2,6,6,2,4,20,9,11,23,14,9
S01008271,189,89,100,20,13,7,34,10,24,9,2,7,26,8,18,13,11,2,17,7,10,13,5,8,7,5,2,21,11,10,29,17,12
S01008272,255,108,147,28,15,13,48,17,31,24,13,11,21,2,19,22,16,6,21,2,19,19,3,16,13,11,2,26,11,15,33,18,15
S01008273,226,99,127,24,14,10,59,25,34,15,6,9,32,7,25,10,9,1,12,2,10,17,2,15,4,4,0,23,14,9,30,16,14
S01008274,212,93,119,14,7,7,23,8,15,15,10,5,21,1,20,32,29,3,32,4,28,18,4,14,6,6,0,32,15,17,19,9,10
S01008275,134,50,84,14,6,8,35,12,23,5,1,4,15,1,14,9,9,0,9,2,7,10,1,9,4,2,2,15,5,10,18,11,7
S01008276,126,53,73,12,9,3,23,9,14,6,2,4,21,3,18,9,7,2,9,0,9,10,2,8,9,8,1,5,2,3,22,11,11
S01008277,107,36,71,9,4,5,17,6,11,17,4,13,14,1,13,7,4,3,7,0,7,5,1,4,3,2,1,9,5,4,19,9,10
S01008278,198,77,121,25,16,9,52,16,36,27,13,14,22,3,19,7,6,1,11,2,9,15,2,13,5,3,2,13,3,10,21,13,8
S01008279,187,77,110,13,8,5,27,12,15,5,2,3,26,2,24,19,16,3,18,1,17,13,2,11,16,13,3,35,12,23,15,9,6
S01008280,208,97,111,24,12,12,30,10,20,21,14,7,13,0,13,30,25,5,23,3,20,13,4,9,12,10,2,25,11,14,17,8,9
S01008281,153,63,90,10,8,2,26,9,17,15,7,8,19,3,16,9,7,2,12,1,11,12,4,8,8,7,1,21,9,12,21,8,13
S01008282,171,67,104,9,7,2,17,6,11,9,4,5,26,4,22,17,12,5,20,4,16,12,3,9,14,10,4,28,10,18,19,7,12
S01008283,91,43,48,6,4,2,14,8,6,8,2,6,11,1,10,10,9,1,4,1,3,6,1,5,4,3,1,12,5,7,16,9,7
S01008284,181,71,110,14,7,7,16,5,11,11,5,6,18,2,16,15,13,2,17,0,17,19,4,15,10,8,2,35,12,23,26,15,11
S01008285,236,95,141,4,0,4,14,5,9,11,7,4,12,2,10,27,20,7,30,3,27,21,1,20,21,20,1,68,27,41,28,10,18
S01008286,183,66,117,7,2,5,12,2,10,11,5,6,16,2,14,21,20,1,16,4,12,16,1,15,11,7,4,44,15,29,29,8,21
S01008287,191,81,110,6,4,2,16,5,11,6,2,4,23,7,16,24,19,5,14,0,14,12,2,10,12,9,3,47,20,27,31,13,18
S01008288,229,109,120,10,5,5,45,18,27,11,6,5,26,4,22,22,17,5,12,4,8,14,4,10,8,6,2,46,23,23,35,22,13
S01008289,153,62,91,5,3,2,10,1,9,7,5,2,19,1,18,28,21,7,10,1,9,15,6,9,14,12,2,30,7,23,15,5,10
S01008290,226,98,128,19,5,14,31,12,19,18,12,6,21,3,18,23,21,2,14,0,14,15,4,11,8,6,2,39,19,20,38,16,22
S01008291,194,79,115,11,5,6,18,6,12,11,5,6,38,5,33,19,17,2,16,1,15,22,4,18,19,18,1,29,13,16,11,5,6
S01008292,180,77,103,9,4,5,11,3,8,3,3,0,16,0,16,23,19,4,17,2,15,23,5,18,10,8,2,29,16,13,39,17,22
S01008293,118,52,66,10,6,4,24,11,13,10,6,4,19,3,16,6,6,0,5,0,5,9,1,8,2,1,1,11,4,7,22,14,8
S01008294,180,77,103,8,5,3,21,8,13,12,6,6,23,5,18,16,13,3,18,2,16,14,4,10,11,7,4,29,12,17,28,15,13
S01008295,212,93,119,10,8,2,25,10,15,22,14,8,30,5,25,21,18,3,18,1,17,24,8,16,15,10,5,11,4,7,36,15,21
S01008296,194,83,111,5,1,4,5,4,1,16,9,7,21,5,16,23,17,6,20,2,18,18,1,17,18,11,7,25,10,15,43,23,20
S01008297,158,61,97,11,6,5,12,2,10,12,7,5,23,6,17,12,8,4,16,1,15,15,4,11,14,7,7,12,2,10,31,18,13
S01008298,183,82,101,12,7,5,12,5,7,13,7,6,23,3,20,13,11,2,18,1,17,17,7,10,15,9,6,23,14,9,37,18,19
S01008299,273,127,146,14,6,8,16,8,8,17,9,8,13,3,10,30,21,9,33,9,24,27,5,22,28,16,12,53,27,26,42,23,19
S01008300,282,125,157,9,3,6,21,10,11,14,8,6,30,4,26,22,18,4,23,6,17,33,7,26,23,16,7,45,25,20,62,28,34
S01008301,203,88,115,8,6,2,26,10,16,11,5,6,31,8,23,20,18,2,17,0,17,15,3,12,13,10,3,25,9,16,37,19,18
S01008302,191,81,110,21,18,3,39,10,29,16,8,8,28,4,24,11,7,4,9,0,9,13,5,8,9,6,3,15,7,8,30,16,14
S01008303,147,66,81,5,3,2,7,4,3,6,1,5,25,2,23,17,15,2,9,1,8,16,3,13,13,10,3,23,14,9,26,13,13
S01008304,137,70,67,12,7,5,25,13,12,7,3,4,15,2,13,9,7,2,12,2,10,14,8,6,12,10,2,12,7,5,19,11,8
S01008305,190,82,108,12,8,4,19,5,14,11,9,2,39,7,32,25,23,2,20,1,19,13,4,9,13,8,5,18,5,13,20,12,8
S01008306,159,78,81,2,2,0,17,6,11,18,13,5,23,5,18,9,9,0,21,3,18,17,6,11,6,5,1,21,12,9,25,17,8
S01008307,107,46,61,6,4,2,8,2,6,10,5,5,22,5,17,6,6,0,7,0,7,7,0,7,9,7,2,16,7,9,16,10,6
S01008308,167,70,97,8,7,1,42,19,23,17,9,8,30,3,27,10,9,1,10,1,9,15,4,11,5,4,1,7,3,4,23,11,12
S01008309,249,107,142,18,7,11,13,4,9,10,6,4,20,3,17,16,14,2,24,5,19,27,5,22,31,20,11,37,19,18,53,24,29
S01008310,249,105,144,10,3,7,10,3,7,8,2,6,33,7,26,30,25,5,22,3,19,22,7,15,16,8,8,51,23,28,47,24,23
S01008311,97,49,48,2,1,1,6,3,3,1,0,1,5,0,5,12,11,1,9,1,8,10,2,8,14,9,5,24,13,11,14,9,5
S01008312,103,40,63,2,1,1,5,2,3,0,0,0,22,6,16,3,2,1,11,3,8,8,1,7,10,7,3,15,4,11,27,14,13
S01008313,337,148,189,7,3,4,16,8,8,15,10,5,28,3,25,39,32,7,26,3,23,30,7,23,44,28,16,69,27,42,63,27,36
S01008314,184,87,97,5,1,4,8,3,5,9,7,2,16,3,13,20,18,2,24,4,20,15,3,12,23,18,5,30,13,17,34,17,17
S01008315,250,106,144,7,6,1,12,6,6,13,9,4,22,3,19,23,18,5,19,1,18,30,6,24,26,18,8,53,25,28,45,14,31
S01008316,217,96,121,4,1,3,3,1,2,8,6,2,7,2,5,20,18,2,23,2,21,24,9,15,18,16,2,48,20,28,62,21,41
S01008317,197,87,110,6,2,4,12,5,7,7,4,3,19,1,18,19,17,2,17,2,15,15,5,10,16,9,7,38,15,23,48,27,21
S01008318,210,84,126,13,12,1,30,13,17,17,7,10,31,2,29,19,17,2,17,0,17,14,4,10,5,4,1,19,9,10,45,16,29
S01008319,218,91,127,2,0,2,7,4,3,14,6,8,31,3,28,23,15,8,20,3,17,31,9,22,23,18,5,35,17,18,32,16,16
S01008320,228,96,132,13,8,5,24,8,16,22,8,14,33,4,29,20,16,4,22,4,18,22,3,19,22,20,2,28,12,16,22,13,9
S01008321,117,52,65,5,4,1,9,6,3,5,2,3,20,2,18,12,11,1,9,1,8,12,3,9,5,4,1,5,2,3,35,17,18
S01008322,295,136,159,13,8,5,26,9,17,14,9,5,36,7,29,29,28,1,29,3,26,27,10,17,26,22,4,50,20,30,45,20,25
S01008323,272,105,167,10,4,6,6,2,4,9,4,5,27,6,21,26,23,3,27,1,26,23,5,18,28,13,15,64,25,39,52,22,30
S01008324,188,89,99,6,4,2,3,1,2,9,4,5,10,0,10,25,23,2,17,3,14,26,4,22,18,9,9,36,17,19,38,24,14
S01008325,222,102,120,6,4,2,7,2,5,9,2,7,11,2,9,18,17,1,17,2,15,16,3,13,22,17,5,59,28,31,57,25,32
S01008326,315,126,189,3,1,2,11,1,10,18,9,9,29,3,26,40,34,6,26,2,24,41,7,34,29,20,9,64,29,35,54,20,34
S01008327,248,104,144,4,0,4,10,3,7,7,4,3,25,4,21,23,20,3,26,3,23,25,5,20,25,19,6,50,20,30,53,26,27
S01008328,121,50,71,8,4,4,18,4,14,11,6,5,11,1,10,3,3,0,5,1,4,13,6,7,6,6,0,9,3,6,37,16,21
S01008329,197,83,114,17,13,4,32,13,19,17,11,6,30,6,24,11,10,1,10,2,8,20,2,18,5,4,1,8,3,5,47,19,28
S01008330,203,77,126,8,5,3,22,10,12,21,13,8,26,6,20,6,3,3,18,1,17,30,8,22,10,10,0,15,7,8,47,14,33
S01008331,111,46,65,7,3,4,15,5,10,8,5,3,13,2,11,5,3,2,6,2,4,16,5,11,4,2,2,10,6,4,27,13,14
S01008332,224,83,141,23,14,9,38,14,24,23,12,11,34,3,31,7,6,1,9,0,9,25,6,19,1,1,0,11,6,5,53,21,32
S01008333,261,114,147,32,28,4,51,21,30,33,21,12,50,4,46,9,7,2,10,1,9,35,10,25,5,3,2,9,4,5,27,15,12
S01008334,187,79,108,28,20,8,35,18,17,14,9,5,23,4,19,11,8,3,11,0,11,15,6,9,2,2,0,4,1,3,44,11,33
S01008335,205,85,120,7,3,4,20,8,12,16,7,9,31,8,23,24,24,0,23,2,21,15,4,11,10,9,1,28,9,19,31,11,20
S01008336,156,57,99,13,7,6,13,4,9,9,5,4,22,2,20,12,10,2,6,0,6,22,6,16,8,4,4,26,11,15,25,8,17
S01008337,155,57,98,6,3,3,19,10,9,25,11,14,15,1,14,12,10,2,10,0,10,14,2,12,4,2,2,15,5,10,35,13,22
S01008338,127,48,79,4,2,2,10,3,7,18,8,10,16,1,15,2,2,0,8,0,8,10,2,8,3,3,0,8,4,4,48,23,25
S01008339,109,50,59,7,4,3,19,8,11,6,4,2,20,5,15,5,4,1,6,1,5,11,3,8,6,6,0,3,1,2,26,14,12
S01008340,150,55,95,13,12,1,23,8,15,12,5,7,21,3,18,2,1,1,12,1,11,17,4,13,2,2,0,7,4,3,41,15,26
S01008341,112,47,65,10,7,3,14,4,10,10,6,4,19,1,18,5,5,0,4,1,3,14,5,9,2,2,0,11,7,4,23,9,14
S01008342,247,105,142,14,9,5,32,13,19,24,10,14,31,5,26,19,19,0,16,2,14,22,11,11,6,4,2,32,7,25,51,25,26
S01008343,214,91,123,28,19,9,58,24,34,16,7,9,36,7,29,6,6,0,8,3,5,17,4,13,4,3,1,8,3,5,33,15,18
S01008344,219,77,142,33,20,13,38,6,32,19,8,11,45,6,39,9,7,2,8,1,7,16,5,11,4,4,0,10,4,6,37,16,21
S01008345,284,112,172,41,25,16,64,22,42,23,10,13,49,4,45,5,5,0,15,1,14,16,4,12,2,2,0,11,6,5,58,33,25
S01008346,235,90,145,30,16,14,57,18,39,18,7,11,34,8,26,6,6,0,14,2,12,20,6,14,4,2,2,6,2,4,46,23,23
S01008347,238,103,135,26,21,5,44,20,24,29,15,14,41,5,36,8,8,0,9,1,8,29,7,22,6,2,4,6,2,4,40,22,18
S01008348,211,80,131,15,11,4,41,13,28,19,11,8,40,9,31,10,9,1,18,0,18,29,6,23,4,3,1,8,6,2,27,12,15
S01008349,210,76,134,29,17,12,51,15,36,11,4,7,39,4,35,4,3,1,4,0,4,15,4,11,2,2,0,7,3,4,48,24,24
S01008350,174,71,103,22,16,6,40,19,21,15,9,6,39,4,35,8,7,1,11,0,11,14,3,11,3,3,0,6,2,4,16,8,8
S01008351,202,83,119,16,11,5,36,14,22,27,13,14,31,2,29,10,8,2,12,0,12,18,4,14,6,5,1,9,4,5,37,22,15
S01008352,172,55,117,19,14,5,45,15,30,24,7,17,25,0,25,3,2,1,9,0,9,13,2,11,0,0,0,5,2,3,29,13,16
S01008353,127,49,78,12,8,4,20,7,13,13,8,5,30,3,27,2,2,0,2,0,2,12,4,8,0,0,0,8,3,5,28,14,14
S01008354,145,56,89,17,10,7,21,7,14,12,4,8,17,1,16,9,8,1,8,1,7,12,4,8,7,7,0,14,2,12,28,12,16
S01008355,180,81,99,12,6,6,17,8,9,12,5,7,28,2,26,18,16,2,4,0,4,23,5,18,16,15,1,21,10,11,29,14,15
S01008356,107,38,69,6,2,4,20,4,16,12,4,8,19,3,16,6,6,0,7,0,7,7,1,6,8,7,1,10,6,4,12,5,7
S01008357,158,69,89,7,6,1,31,15,16,15,12,3,25,4,21,16,14,2,16,2,14,15,3,12,2,2,0,9,2,7,22,9,13
S01008358,191,89,102,7,7,0,23,8,15,14,11,3,27,0,27,18,16,2,18,5,13,20,6,14,15,11,4,29,11,18,20,14,6
S01008359,138,52,86,10,7,3,25,8,17,11,6,5,31,4,27,13,10,3,10,1,9,6,2,4,3,2,1,8,2,6,21,10,11
S01008360,220,96,124,23,13,10,48,18,30,29,18,11,45,7,38,11,10,1,7,0,7,17,4,13,8,6,2,10,7,3,22,13,9
S01008361,116,51,65,11,6,5,16,4,12,14,10,4,16,1,15,4,3,1,7,0,7,10,6,4,6,5,1,9,4,5,23,12,11
S01008362,175,68,107,12,6,6,22,8,14,20,10,10,25,3,22,13,10,3,13,1,12,20,7,13,4,3,1,4,0,4,42,20,22
S01008363,182,69,113,17,14,3,45,12,33,16,8,8,38,7,31,9,7,2,6,0,6,20,6,14,3,2,1,5,2,3,23,11,12
S01008364,199,82,117,13,8,5,38,12,26,23,14,9,32,3,29,10,8,2,12,0,12,15,8,7,1,1,0,13,8,5,42,20,22
S01008365,218,95,123,24,15,9,45,18,27,21,11,10,35,7,28,15,12,3,10,0,10,20,7,13,4,4,0,11,5,6,33,16,17
S01008366,213,82,131,9,5,4,24,10,14,15,7,8,29,4,25,16,15,1,13,0,13,29,8,21,11,5,6,18,6,12,49,22,27
S01008367,210,91,119,7,3,4,14,4,10,12,7,5,27,3,24,18,17,1,17,3,14,17,3,14,16,13,3,31,11,20,51,27,24
S01008368,148,55,93,7,5,2,20,11,9,18,10,8,32,6,26,6,5,1,10,0,10,18,3,15,5,5,0,12,4,8,20,6,14
S01008369,133,56,77,10,8,2,23,9,14,7,5,2,15,1,14,13,10,3,11,1,10,8,4,4,7,5,2,17,5,12,22,8,14
S01008370,151,66,85,10,6,4,21,8,13,14,9,5,20,3,17,11,7,4,8,2,6,18,5,13,2,2,0,17,10,7,30,14,16
S01008371,179,83,96,10,5,5,41,19,22,22,16,6,28,5,23,8,8,0,10,2,8,19,7,12,2,2,0,4,1,3,35,18,17
S01008372,190,88,102,15,12,3,27,12,15,13,8,5,38,6,32,13,12,1,16,1,15,15,3,12,10,8,2,7,4,3,36,22,14
S01008373,162,61,101,11,9,2,36,9,27,12,6,6,31,3,28,10,8,2,6,0,6,19,9,10,3,2,1,5,1,4,29,14,15
S01008374,142,65,77,9,3,6,26,15,11,22,16,6,27,6,21,9,7,2,7,0,7,16,5,11,4,2,2,11,5,6,11,6,5
S01008375,169,75,94,13,10,3,37,16,21,17,11,6,32,2,30,3,3,0,12,2,10,14,7,7,3,2,1,6,5,1,32,17,15
S01008376,117,50,67,11,8,3,26,12,14,12,7,5,18,2,16,7,4,3,8,2,6,11,3,8,2,1,1,6,3,3,16,8,8
S01008377,147,67,80,6,3,3,25,9,16,11,7,4,26,6,20,10,9,1,9,1,8,13,5,8,1,1,0,14,8,6,32,18,14
S01008378,203,88,115,12,9,3,34,13,21,16,10,6,36,11,25,10,10,0,16,1,15,19,5,14,6,3,3,16,10,6,38,16,22
S01008379,154,60,94,10,8,2,36,10,26,12,10,2,28,6,22,8,8,0,6,0,6,18,1,17,5,4,1,5,2,3,26,11,15
S01008380,148,74,74,6,5,1,22,8,14,15,12,3,32,5,27,10,10,0,7,1,6,19,11,8,4,3,1,6,2,4,27,17,10
S01008381,107,45,62,8,4,4,13,3,10,11,5,6,18,4,14,9,9,0,7,0,7,13,4,9,4,3,1,7,3,4,17,10,7
S01008382,156,70,86,18,14,4,22,7,15,18,13,5,32,3,29,8,8,0,6,2,4,9,2,7,7,6,1,13,6,7,23,9,14
S01008383,93,37,56,10,6,4,23,8,15,11,6,5,13,1,12,2,2,0,4,3,1,10,2,8,2,2,0,5,0,5,13,7,6
S01008384,212,97,115,7,3,4,22,9,13,16,9,7,41,4,37,16,13,3,16,1,15,32,14,18,11,10,1,21,14,7,30,20,10
S01008385,158,68,90,13,10,3,37,14,23,16,5,11,28,2,26,12,9,3,8,1,7,12,3,9,4,4,0,8,6,2,20,14,6
S01008386,187,91,96,4,2,2,27,13,14,12,9,3,38,9,29,16,14,2,17,3,14,16,4,12,12,10,2,16,11,5,29,16,13
S01008387,113,50,63,6,4,2,16,7,9,7,2,5,11,3,8,8,8,0,13,1,12,17,9,8,3,1,2,9,3,6,23,12,11
S01008388,108,36,72,3,2,1,8,2,6,6,3,3,28,5,23,12,10,2,9,1,8,11,2,9,2,1,1,8,0,8,21,10,11
S01008389,162,62,100,19,15,4,38,9,29,14,11,3,33,1,32,7,7,0,9,3,6,10,1,9,6,5,1,10,5,5,16,5,11
S01008390,143,65,78,9,8,1,27,11,16,15,8,7,25,1,24,8,7,1,9,2,7,12,3,9,7,5,2,9,5,4,22,15,7
S01008391,182,73,109,9,7,2,34,10,24,26,16,10,30,5,25,14,11,3,11,0,11,16,2,14,3,2,1,14,9,5,25,11,14
S01008392,178,82,96,8,6,2,49,21,28,9,4,5,30,9,21,5,5,0,9,1,8,6,3,3,4,4,0,13,8,5,45,21,24
S01008393,191,76,115,17,12,5,44,18,26,18,7,11,34,5,29,11,9,2,8,0,8,11,4,7,3,3,0,6,0,6,39,18,21
S01008394,161,71,90,18,13,5,26,7,19,10,4,6,29,3,26,9,7,2,8,0,8,12,6,6,4,4,0,5,2,3,40,25,15
S01008395,100,43,57,6,4,2,13,6,7,8,6,2,18,3,15,6,6,0,7,2,5,8,3,5,1,0,1,8,4,4,25,9,16
S01008396,171,74,97,12,8,4,30,14,16,13,7,6,36,7,29,10,10,0,17,2,15,12,3,9,5,4,1,10,6,4,26,13,13
S01008397,244,104,140,23,17,6,44,19,25,32,19,13,46,5,41,11,11,0,12,0,12,24,9,15,7,5,2,8,2,6,37,17,20
S01008398,145,56,89,13,11,2,28,10,18,13,7,6,39,6,33,6,4,2,6,0,6,12,4,8,1,0,1,4,3,1,23,11,12
S01008399,147,47,100,9,5,4,22,7,15,13,5,8,33,4,29,11,8,3,10,1,9,12,4,8,1,1,0,6,3,3,30,9,21
S01008400,162,66,96,4,1,3,31,12,19,12,8,4,21,6,15,10,10,0,10,1,9,15,1,14,5,4,1,7,5,2,47,18,29
S01008401,227,99,128,12,8,4,40,17,23,21,13,8,49,9,40,13,11,2,11,3,8,20,8,12,5,5,0,7,5,2,49,20,29
S01008402,284,108,176,42,30,12,66,17,49,14,9,5,54,4,50,9,7,2,10,1,9,24,8,16,6,4,2,10,6,4,49,22,27
S01008403,152,60,92,7,5,2,35,15,20,11,6,5,32,4,28,10,7,3,8,1,7,10,2,8,6,5,1,6,5,1,27,10,17
S01008404,213,83,130,17,10,7,50,18,32,18,13,5,44,7,37,10,7,3,5,0,5,18,5,13,3,3,0,14,5,9,34,15,19
S01008405,160,66,94,15,9,6,40,14,26,13,5,8,19,5,14,6,5,1,5,1,4,12,5,7,3,1,2,9,5,4,38,16,22
S01008406,232,92,140,18,8,10,46,17,29,25,13,12,35,6,29,13,11,2,5,0,5,23,8,15,8,4,4,9,3,6,50,22,28
S01008407,141,67,74,10,7,3,19,6,13,17,9,8,17,3,14,18,17,1,2,0,2,10,2,8,3,1,2,8,4,4,37,18,19
S01008408,128,49,79,4,2,2,10,3,7,6,3,3,26,8,18,10,9,1,13,0,13,11,1,10,3,2,1,9,4,5,36,17,19
S01008409,227,100,127,13,7,6,17,6,11,14,7,7,40,9,31,22,21,1,16,4,12,26,7,19,10,5,5,29,15,14,40,19,21
S01008410,161,65,96,12,6,6,29,11,18,10,5,5,27,6,21,7,6,1,6,1,5,9,1,8,5,4,1,18,7,11,38,18,20
S01008411,140,71,69,8,6,2,16,7,9,9,5,4,21,2,19,10,8,2,10,3,7,13,4,9,8,7,1,19,13,6,26,16,10
S01008412,184,79,105,11,6,5,32,12,20,11,4,7,23,6,17,8,8,0,16,4,12,16,2,14,6,6,0,7,2,5,54,29,25
S01008413,142,65,77,12,6,6,19,7,12,5,3,2,25,6,19,9,9,0,11,2,9,9,2,7,7,7,0,9,3,6,36,20,16
S01008414,108,49,59,10,7,3,22,10,12,11,7,4,14,2,12,4,2,2,6,2,4,9,2,7,1,1,0,2,0,2,29,16,13
S01008415,187,82,105,8,4,4,15,6,9,11,8,3,28,4,24,10,9,1,12,0,12,23,5,18,13,12,1,28,11,17,39,23,16
S01008416,294,138,156,8,5,3,20,12,8,20,11,9,27,6,21,23,21,2,25,4,21,29,11,18,24,18,6,51,20,31,67,30,37
S01008417,195,96,99,15,13,2,56,25,31,22,9,13,32,9,23,12,12,0,7,0,7,10,3,7,6,5,1,7,4,3,28,16,12
S01008418,161,73,88,13,11,2,36,18,18,17,7,10,35,5,30,14,13,1,6,2,4,8,1,7,3,2,1,11,6,5,18,8,10
S01008419,107,53,54,11,6,5,16,3,13,10,8,2,15,3,12,4,4,0,6,1,5,8,4,4,4,3,1,11,7,4,22,14,8
S01008420,116,50,66,3,0,3,31,14,17,3,1,2,24,4,20,8,8,0,6,0,6,9,2,7,4,4,0,10,4,6,18,13,5
S01008421,189,80,109,9,6,3,23,10,13,13,5,8,23,3,20,13,12,1,15,2,13,16,6,10,9,9,0,31,10,21,37,17,20
S01008422,148,67,81,12,10,2,46,20,26,11,3,8,32,6,26,8,7,1,4,0,4,3,3,0,3,3,0,8,2,6,21,13,8
S01008423,268,116,152,32,24,8,56,20,36,27,12,15,45,4,41,8,7,1,17,3,14,14,6,8,7,5,2,13,4,9,49,31,18
S01008424,251,107,144,25,18,7,68,31,37,25,15,10,56,8,48,9,9,0,9,1,8,19,4,15,2,2,0,7,5,2,31,14,17
S01008425,1532,955,577,29,18,11,176,103,73,88,56,32,120,47,73,49,43,6,52,21,31,153,91,62,28,22,6,202,120,82,635,434,201
S01008426,154,56,98,2,1,1,9,1,8,4,3,1,18,2,16,16,11,5,14,4,10,15,2,13,9,8,1,39,10,29,28,14,14
S01008427,204,102,102,7,4,3,25,11,14,24,20,4,39,11,28,14,12,2,21,5,16,12,3,9,15,11,4,14,7,7,33,18,15
S01008428,159,71,88,6,2,4,15,7,8,3,2,1,22,1,21,16,13,3,13,1,12,11,1,10,15,13,2,29,17,12,29,14,15
S01008429,211,90,121,9,7,2,35,14,21,21,17,4,43,7,36,22,18,4,11,0,11,17,2,15,4,4,0,16,3,13,33,18,15
S01008430,167,73,94,13,9,4,23,12,11,13,8,5,34,5,29,5,4,1,12,4,8,11,4,7,10,9,1,14,3,11,32,15,17
S01008431,215,113,102,11,8,3,40,18,22,16,13,3,50,12,38,19,17,2,10,2,8,14,3,11,10,10,0,14,10,4,31,20,11
S01008432,197,81,116,23,14,9,36,19,17,14,7,7,46,5,41,17,15,2,13,1,12,15,5,10,3,3,0,7,2,5,23,10,13
S01008433,195,74,121,14,11,3,18,8,10,11,4,7,54,11,43,17,17,0,12,1,11,20,1,19,10,9,1,21,7,14,18,5,13
S01008434,215,98,117,15,6,9,22,9,13,21,14,7,50,9,41,20,19,1,11,0,11,14,4,10,13,12,1,18,7,11,31,18,13
S01008435,238,94,144,11,9,2,35,21,14,19,13,6,70,10,60,15,14,1,17,2,15,18,2,16,13,10,3,12,5,7,28,8,20
S01008436,207,88,119,11,6,5,50,18,32,11,8,3,33,3,30,15,15,0,11,1,10,16,4,12,9,7,2,13,6,7,38,20,18
S01008437,157,57,100,9,1,8,29,10,19,14,7,7,26,6,20,14,11,3,14,2,12,10,2,8,7,5,2,11,3,8,23,10,13
S01008438,90,39,51,9,6,3,23,7,16,6,3,3,8,1,7,2,2,0,3,0,3,4,2,2,4,3,1,7,3,4,24,12,12
S01008439,255,103,152,23,16,7,84,32,52,26,13,13,41,9,32,8,4,4,9,1,8,9,2,7,2,2,0,10,2,8,43,22,21
S01008440,248,92,156,25,13,12,81,36,45,31,16,15,34,5,29,10,5,5,13,1,12,12,6,6,3,1,2,7,1,6,32,8,24
S01008441,109,46,63,8,5,3,28,10,18,12,6,6,23,5,18,3,3,0,6,1,5,9,1,8,4,3,1,4,3,1,12,9,3
S01008442,134,59,75,15,9,6,36,14,22,18,8,10,13,2,11,4,4,0,7,1,6,6,1,5,4,3,1,6,4,2,25,13,12
S01008443,169,72,97,18,11,7,35,14,21,20,9,11,31,6,25,13,11,2,9,0,9,11,5,6,3,3,0,8,2,6,21,11,10
S01008444,142,49,93,9,5,4,27,5,22,6,1,5,33,5,28,9,8,1,10,1,9,11,3,8,2,2,0,12,7,5,23,12,11
S01008445,225,81,144,11,6,5,34,11,23,20,14,6,43,6,37,16,11,5,12,1,11,24,4,20,7,7,0,36,12,24,22,9,13
S01008446,326,220,106,16,11,5,61,25,36,19,8,11,36,4,32,8,7,1,7,1,6,5,3,2,4,4,0,21,15,6,149,142,7
S01008447,162,64,98,20,14,6,54,14,40,17,8,9,24,6,18,11,10,1,7,0,7,8,4,4,1,1,0,9,5,4,11,2,9
S01008448,213,98,115,17,11,6,30,13,17,13,8,5,46,11,35,18,15,3,14,4,10,16,6,10,5,5,0,21,6,15,33,19,14
S01008449,263,125,138,9,2,7,8,4,4,6,6,0,11,2,9,19,16,3,20,4,16,28,8,20,15,9,6,70,33,37,77,41,36
S01008450,160,66,94,5,2,3,3,2,1,9,4,5,7,3,4,9,8,1,23,2,21,17,2,15,18,17,1,38,12,26,31,14,17
S01008451,265,140,125,1,1,0,8,5,3,9,6,3,12,4,8,23,22,1,24,7,17,17,4,13,15,12,3,75,39,36,81,40,41
S01008452,200,107,93,4,2,2,4,3,1,3,3,0,7,1,6,17,13,4,17,7,10,14,5,9,14,12,2,64,34,30,56,27,29
S01008453,103,48,55,3,1,2,3,1,2,1,1,0,7,1,6,4,4,0,8,1,7,17,4,13,8,6,2,21,12,9,31,17,14
S01008454,320,132,188,3,2,1,5,4,1,12,6,6,19,3,16,13,12,1,29,5,24,48,13,35,17,14,3,66,27,39,108,46,62
S01008455,409,221,188,7,3,4,18,10,8,9,8,1,17,8,9,33,25,8,24,5,19,44,20,24,24,22,2,121,60,61,112,60,52
S01008456,388,200,188,13,8,5,11,5,6,10,9,1,21,8,13,49,45,4,33,6,27,46,13,33,27,21,6,95,53,42,83,32,51
S01008457,233,94,139,7,4,3,14,6,8,6,5,1,26,4,22,12,10,2,23,5,18,15,4,11,26,21,5,65,20,45,39,15,24
S01008458,282,130,152,7,2,5,8,5,3,15,11,4,27,5,22,34,26,8,21,5,16,37,7,30,20,18,2,50,21,29,63,30,33
S01008459,291,140,151,1,1,0,8,6,2,11,9,2,14,4,10,20,15,5,17,3,14,33,10,23,15,13,2,97,46,51,75,33,42
S01008460,293,138,155,3,2,1,4,3,1,7,5,2,15,2,13,34,30,4,19,6,13,34,10,24,16,14,2,84,36,48,77,30,47
S01008461,326,147,179,3,1,2,12,3,9,6,4,2,18,3,15,29,26,3,25,5,20,34,10,24,19,19,0,85,34,51,95,42,53
S01008462,268,158,110,3,2,1,8,6,2,9,7,2,27,7,20,41,36,5,19,5,14,14,5,9,18,14,4,78,49,29,51,27,24
S01008463,260,137,123,6,4,2,6,2,4,2,0,2,20,6,14,38,34,4,21,5,16,16,4,12,22,16,6,73,38,35,56,28,28
S01008464,219,77,142,5,1,4,14,4,10,6,3,3,38,6,32,21,18,3,19,3,16,19,2,17,10,7,3,54,20,34,33,13,20
S01008465,171,74,97,3,2,1,9,5,4,7,6,1,22,2,20,9,7,2,16,5,11,21,5,16,8,8,0,34,14,20,42,20,22
S01008466,213,101,112,2,0,2,10,8,2,8,5,3,33,7,26,25,21,4,15,3,12,17,2,15,15,11,4,47,24,23,41,20,21
S01008467,229,85,144,6,3,3,12,2,10,4,1,3,38,4,34,21,16,5,20,1,19,20,3,17,20,16,4,53,25,28,35,14,21
S01008468,196,83,113,5,3,2,4,1,3,7,3,4,16,5,11,12,10,2,18,4,14,12,1,11,15,11,4,42,15,27,65,30,35
S01008469,164,87,77,3,1,2,8,5,3,3,3,0,8,3,5,15,14,1,11,3,8,11,7,4,15,14,1,29,6,23,61,31,30
S01008470,267,130,137,3,1,2,6,4,2,9,6,3,19,1,18,36,31,5,28,10,18,18,1,17,19,16,3,66,32,34,63,28,35
S01008471,259,110,149,2,1,1,5,0,5,10,5,5,19,3,16,22,19,3,18,4,14,33,6,27,16,16,0,61,21,40,73,35,38
S01008472,224,92,132,3,1,2,12,6,6,6,2,4,24,2,22,17,15,2,11,4,7,18,2,16,13,10,3,53,22,31,67,28,39
S01008473,214,101,113,9,6,3,7,3,4,5,2,3,21,4,17,19,16,3,16,1,15,12,4,8,13,10,3,55,21,34,57,34,23
S01008474,255,105,150,5,1,4,5,0,5,12,7,5,23,1,22,28,25,3,21,4,17,32,7,25,11,11,0,80,32,48,38,17,21
S01008475,181,77,104,5,5,0,6,4,2,8,5,3,26,5,21,15,12,3,16,3,13,23,5,18,17,14,3,46,16,30,19,8,11
S01008476,216,101,115,6,2,4,10,4,6,4,1,3,21,2,19,17,13,4,10,2,8,24,6,18,18,17,1,65,32,33,41,22,19
S01008477,238,111,127,1,0,1,6,2,4,10,6,4,36,5,31,33,30,3,18,3,15,19,3,16,23,20,3,66,31,35,26,11,15
S01008478,250,110,140,7,3,4,13,7,6,14,7,7,32,6,26,26,19,7,18,4,14,21,5,16,13,9,4,62,29,33,44,21,23
S01008479,251,109,142,5,4,1,9,4,5,16,10,6,29,2,27,31,28,3,14,1,13,32,5,27,10,9,1,60,18,42,45,28,17
S01008480,182,82,100,4,3,1,4,3,1,7,5,2,13,7,6,15,11,4,18,3,15,15,7,8,13,10,3,31,10,21,62,23,39
S01008481,875,693,182,35,28,7,25,18,7,33,33,0,41,9,32,160,154,6,35,9,26,45,24,21,98,96,2,207,156,51,196,166,30
S01008482,191,79,112,4,3,1,6,2,4,10,5,5,29,4,25,26,25,1,17,3,14,18,3,15,7,5,2,37,10,27,37,19,18
S01008483,181,86,95,4,0,4,17,14,3,3,3,0,23,4,19,24,18,6,16,4,12,17,6,11,14,10,4,29,11,18,34,16,18
S01008484,197,92,105,6,3,3,8,5,3,10,5,5,33,2,31,28,28,0,22,4,18,15,5,10,13,13,0,34,15,19,28,12,16
S01008485,254,107,147,9,5,4,14,5,9,21,16,5,42,2,40,25,22,3,16,0,16,35,11,24,12,9,3,40,18,22,40,19,21
S01008486,270,106,164,6,2,4,10,5,5,14,10,4,60,9,51,31,21,10,19,4,15,28,7,21,17,15,2,49,18,31,36,15,21
S01008487,135,62,73,6,4,2,19,11,8,9,4,5,14,3,11,5,5,0,10,4,6,15,4,11,10,9,1,25,12,13,22,6,16
S01008488,222,95,127,9,6,3,13,8,5,11,3,8,28,4,24,16,15,1,20,6,14,22,6,16,12,10,2,38,19,19,53,18,35
S01008489,192,80,112,8,5,3,4,2,2,18,10,8,30,5,25,16,12,4,10,2,8,17,2,15,7,5,2,35,16,19,47,21,26
S01008490,191,86,105,6,3,3,10,4,6,12,6,6,28,7,21,11,9,2,16,4,12,24,9,15,7,7,0,39,22,17,38,15,23
S01008491,283,131,152,8,5,3,24,14,10,15,10,5,25,3,22,16,13,3,12,1,11,17,7,10,10,9,1,38,18,20,118,51,67
S01008492,222,97,125,5,1,4,18,9,9,16,8,8,20,3,17,13,11,2,15,2,13,18,9,9,8,7,1,27,10,17,82,37,45
S01008493,223,96,127,11,5,6,12,3,9,10,6,4,39,7,32,11,10,1,13,2,11,32,12,20,9,9,0,37,18,19,49,24,25
S01008494,183,95,88,7,5,2,16,15,1,8,4,4,12,3,9,10,9,1,10,3,7,21,10,11,9,8,1,46,21,25,44,17,27
S01008495,261,145,116,8,6,2,17,10,7,9,5,4,18,6,12,21,19,2,13,2,11,41,24,17,20,13,7,42,27,15,72,33,39
S01008496,250,164,86,5,1,4,32,24,8,21,12,9,20,12,8,28,28,0,18,7,11,10,7,3,4,4,0,38,21,17,74,48,26
S01008497,171,94,77,4,2,2,20,12,8,10,7,3,22,11,11,13,12,1,8,1,7,13,6,7,8,7,1,37,20,17,36,16,20
S01008498,202,122,80,7,4,3,13,6,7,13,9,4,17,3,14,36,30,6,12,7,5,14,8,6,15,13,2,34,27,7,41,15,26
S01008499,299,180,119,9,6,3,28,15,13,30,14,16,27,15,12,30,28,2,15,2,13,26,13,13,11,10,1,55,33,22,68,44,24
S01008500,136,83,53,1,1,0,7,4,3,5,2,3,7,1,6,14,11,3,9,2,7,9,2,7,12,8,4,27,20,7,45,32,13
S01008501,145,65,80,1,1,0,19,5,14,11,7,4,14,4,10,8,6,2,5,1,4,13,6,7,2,2,0,28,18,10,44,15,29
S01008502,157,100,57,3,3,0,18,11,7,9,5,4,9,3,6,7,6,1,4,0,4,5,1,4,2,2,0,17,8,9,83,61,22
S01008503,145,81,64,3,2,1,13,9,4,14,6,8,13,2,11,15,13,2,6,3,3,14,5,9,2,1,1,32,18,14,33,22,11
S01008504,218,108,110,6,5,1,34,12,22,15,9,6,34,8,26,16,15,1,9,1,8,19,7,12,8,7,1,28,18,10,49,26,23
S01008505,127,59,68,4,3,1,25,13,12,13,9,4,17,2,15,8,7,1,12,2,10,11,4,7,2,2,0,6,5,1,29,12,17
S01008506,168,77,91,14,8,6,37,11,26,17,12,5,27,8,19,15,13,2,7,1,6,10,5,5,4,3,1,20,9,11,17,7,10
S01008507,247,102,145,13,7,6,24,9,15,16,10,6,25,12,13,13,11,2,10,4,6,39,10,29,4,4,0,46,14,32,57,21,36
S01008508,190,78,112,17,12,5,54,23,31,14,4,10,37,9,28,7,4,3,9,2,7,7,1,6,4,3,1,8,5,3,33,15,18
S01008509,218,86,132,10,6,4,44,16,28,30,17,13,41,7,34,13,10,3,13,1,12,18,5,13,3,1,2,20,11,9,26,12,14
S01008510,214,100,114,15,11,4,26,8,18,19,10,9,44,6,38,15,14,1,10,1,9,16,2,14,4,4,0,14,8,6,51,36,15
S01008511,218,88,130,25,16,9,46,20,26,17,7,10,36,7,29,10,7,3,12,1,11,17,3,14,5,2,3,10,4,6,40,21,19
S01008512,116,44,72,10,10,0,26,7,19,10,7,3,24,3,21,2,0,2,7,0,7,8,2,6,1,1,0,8,6,2,20,8,12
S01008513,174,66,108,19,16,3,57,20,37,15,9,6,26,3,23,7,4,3,9,1,8,6,0,6,1,1,0,12,4,8,22,8,14
S01008514,193,63,130,7,2,5,60,20,40,15,7,8,29,6,23,8,3,5,7,0,7,11,4,7,0,0,0,13,6,7,43,15,28
S01008515,122,52,70,5,3,2,33,12,21,16,5,11,18,4,14,6,6,0,6,0,6,11,3,8,2,1,1,4,2,2,21,16,5
S01008516,234,110,124,7,4,3,43,13,30,21,8,13,30,8,22,15,12,3,16,3,13,19,15,4,8,6,2,24,17,7,51,24,27
S01008517,202,100,102,5,4,1,36,13,23,16,11,5,28,8,20,4,4,0,10,4,6,15,7,8,1,1,0,20,15,5,67,33,34
S01008518,213,71,142,4,1,3,64,25,39,18,9,9,31,3,28,5,5,0,11,2,9,14,3,11,2,1,1,16,6,10,48,16,32
S01008519,181,66,115,15,6,9,60,21,39,15,6,9,23,2,21,3,1,2,12,4,8,9,4,5,1,1,0,7,3,4,36,18,18
S01008520,273,108,165,34,19,15,92,31,61,29,11,18,41,9,32,7,5,2,10,1,9,7,3,4,1,1,0,12,6,6,40,22,18
S01008521,224,98,126,22,18,4,71,25,46,18,5,13,35,11,24,12,8,4,10,0,10,8,3,5,3,1,2,10,6,4,35,21,14
S01008522,152,59,93,19,14,5,45,18,27,21,5,16,22,2,20,4,4,0,6,0,6,9,2,7,1,0,1,3,3,0,22,11,11
S01008523,223,85,138,27,16,11,53,18,35,33,9,24,49,8,41,6,5,1,6,2,4,9,2,7,3,2,1,8,6,2,29,17,12
S01008524,259,115,144,6,3,3,12,2,10,10,8,2,20,3,17,21,18,3,28,6,22,25,3,22,19,17,2,59,25,34,59,30,29
S01008525,218,96,122,5,0,5,17,7,10,9,7,2,15,4,11,21,16,5,22,5,17,28,5,23,15,14,1,49,22,27,37,16,21
S01008526,208,98,110,7,4,3,11,4,7,11,7,4,28,3,25,24,23,1,27,6,21,16,5,11,10,7,3,41,19,22,33,20,13
S01008527,154,58,96,5,2,3,6,4,2,11,4,7,18,7,11,14,13,1,22,2,20,13,1,12,6,3,3,24,7,17,35,15,20
S01008528,151,59,92,5,3,2,12,4,8,12,5,7,22,4,18,13,12,1,22,1,21,22,8,14,7,6,1,19,11,8,17,5,12
S01008529,161,66,95,4,2,2,11,3,8,8,6,2,20,2,18,14,11,3,19,1,18,12,3,9,14,12,2,33,10,23,26,16,10
S01008530,205,98,107,5,3,2,5,2,3,3,3,0,24,6,18,24,21,3,25,1,24,21,5,16,16,14,2,44,21,23,38,22,16
S01008531,214,93,121,4,2,2,11,4,7,9,3,6,26,4,22,21,19,2,20,5,15,15,4,11,16,11,5,52,22,30,40,19,21
S01008532,133,57,76,6,4,2,7,2,5,4,2,2,19,2,17,11,8,3,10,3,7,11,4,7,12,12,0,29,10,19,24,10,14
S01008533,106,28,78,1,0,1,9,2,7,5,2,3,11,2,9,5,3,2,10,0,10,13,1,12,2,1,1,22,2,20,28,15,13
S01008534,163,72,91,10,5,5,18,9,9,16,10,6,31,6,25,6,4,2,10,3,7,11,3,8,4,4,0,21,9,12,36,19,17
S01008535,173,74,99,13,10,3,25,8,17,14,9,5,42,4,38,12,10,2,3,0,3,17,3,14,7,7,0,9,5,4,31,18,13
S01008536,132,51,81,15,11,4,39,11,28,8,2,6,23,5,18,5,5,0,7,0,7,9,3,6,5,5,0,8,5,3,13,4,9
S01008537,188,84,104,20,15,5,54,25,29,11,5,6,47,10,37,6,5,1,8,0,8,14,4,10,3,3,0,5,3,2,20,14,6
S01008538,142,65,77,13,8,5,47,17,30,12,6,6,23,5,18,6,6,0,7,2,5,7,3,4,3,3,0,7,6,1,17,9,8
S01008539,176,74,102,14,10,4,48,25,23,13,5,8,42,8,34,5,3,2,4,0,4,16,6,10,1,1,0,10,5,5,23,11,12
S01008540,193,79,114,17,8,9,57,25,32,16,8,8,47,11,36,9,9,0,7,0,7,9,2,7,5,5,0,7,3,4,19,8,11
S01008541,183,74,109,8,4,4,46,22,24,16,12,4,43,9,34,2,2,0,7,0,7,15,3,12,2,2,0,6,3,3,38,17,21
S01008542,195,86,109,15,12,3,43,16,27,22,14,8,35,5,30,3,3,0,12,2,10,13,7,6,5,4,1,12,4,8,35,19,16
S01008543,137,53,84,9,7,2,20,7,13,15,7,8,28,6,22,9,5,4,5,1,4,11,3,8,3,3,0,13,6,7,24,8,16
S01008544,109,47,62,8,7,1,15,4,11,14,2,12,9,3,6,3,3,0,7,2,5,4,2,2,3,3,0,6,5,1,40,16,24
S01008545,216,84,132,21,13,8,70,25,45,16,7,9,28,6,22,8,7,1,8,0,8,12,4,8,1,1,0,6,3,3,46,18,28
S01008546,233,106,127,28,22,6,59,23,36,24,14,10,40,11,29,7,5,2,16,2,14,19,6,13,5,3,2,8,8,0,27,12,15
S01008547,200,80,120,11,6,5,31,12,19,10,6,4,23,3,20,17,15,2,16,2,14,18,5,13,7,5,2,25,8,17,42,18,24
S01008548,149,58,91,8,5,3,7,3,4,6,2,4,16,0,16,20,15,5,15,2,13,16,3,13,11,8,3,16,7,9,34,13,21
S01008549,228,98,130,16,12,4,18,7,11,17,9,8,37,4,33,25,23,2,20,4,16,21,6,15,16,14,2,22,7,15,36,12,24
S01008550,203,83,120,20,12,8,31,9,22,14,6,8,41,9,32,16,14,2,8,1,7,13,3,10,7,6,1,16,9,7,37,14,23
S01008551,233,100,133,10,8,2,42,16,26,17,10,7,47,11,36,15,12,3,13,1,12,21,3,18,11,11,0,25,13,12,32,15,17
S01008552,239,98,141,15,5,10,41,17,24,15,7,8,40,6,34,15,13,2,17,3,14,21,5,16,8,8,0,26,14,12,41,20,21
S01008553,159,75,84,10,7,3,6,2,4,12,7,5,19,4,15,13,13,0,17,2,15,11,4,7,13,11,2,30,11,19,28,14,14
S01008554,358,160,198,8,5,3,7,4,3,3,1,2,19,1,18,30,21,9,30,9,21,33,10,23,33,26,7,87,38,49,108,45,63
S01008555,358,144,214,8,5,3,9,4,5,15,8,7,24,3,21,33,27,6,38,4,34,26,7,19,24,22,2,92,35,57,89,29,60
S01008556,239,109,130,3,1,2,8,2,6,6,1,5,19,4,15,39,32,7,18,3,15,20,6,14,11,11,0,57,25,32,58,24,34
S01008557,276,115,161,11,5,6,6,4,2,6,1,5,25,4,21,32,28,4,28,5,23,26,3,23,21,19,2,61,22,39,60,24,36
S01008558,255,102,153,6,3,3,10,5,5,10,5,5,23,7,16,41,30,11,24,2,22,21,3,18,10,5,5,57,19,38,53,23,30
S01008559,206,83,123,2,1,1,3,1,2,5,4,1,12,0,12,33,22,11,30,6,24,12,2,10,17,10,7,47,15,32,45,22,23
S01008560,192,95,97,4,3,1,3,0,3,4,2,2,24,4,20,27,25,2,18,3,15,19,8,11,23,19,4,32,9,23,38,22,16
S01008561,181,81,100,12,7,5,15,5,10,11,5,6,21,4,17,15,12,3,13,1,12,18,5,13,11,10,1,33,16,17,32,16,16
S01008562,222,95,127,1,1,0,4,1,3,8,7,1,23,3,20,31,24,7,22,4,18,23,7,16,10,8,2,67,31,36,33,9,24
S01008563,252,102,150,8,1,7,11,7,4,10,9,1,19,4,15,19,17,2,32,1,31,19,2,17,17,16,1,59,23,36,58,22,36
S01008564,198,83,115,7,1,6,10,2,8,11,6,5,18,2,16,21,21,0,20,2,18,13,3,10,23,20,3,46,13,33,29,13,16
S01008565,290,126,164,9,6,3,8,4,4,10,7,3,35,3,32,39,35,4,35,7,28,23,1,22,11,10,1,61,25,36,59,28,31
S01008566,324,146,178,11,7,4,13,7,6,6,5,1,25,4,21,44,34,10,39,4,35,28,2,26,16,13,3,71,34,37,71,36,35
S01008567,219,94,125,7,4,3,4,1,3,12,2,10,18,4,14,13,11,2,19,1,18,27,10,17,19,18,1,46,19,27,54,24,30
S01008568,178,77,101,5,1,4,11,5,6,10,5,5,20,1,19,17,14,3,8,0,8,21,2,19,11,11,0,29,11,18,46,27,19
S01008569,255,150,105,4,2,2,11,6,5,6,3,3,5,2,3,27,24,3,15,1,14,27,12,15,13,12,1,76,49,27,71,39,32
S01008570,309,140,169,6,3,3,13,4,9,15,8,7,19,4,15,35,30,5,29,7,22,17,5,12,21,18,3,70,29,41,84,32,52
S01008571,208,95,113,8,4,4,12,7,5,13,8,5,21,4,17,22,20,2,24,6,18,21,3,18,19,17,2,40,16,24,28,10,18
S01008572,265,113,152,9,3,6,21,7,14,19,7,12,30,10,20,22,19,3,21,7,14,32,4,28,25,21,4,44,15,29,42,20,22
S01008573,171,77,94,8,6,2,12,3,9,12,9,3,30,5,25,20,14,6,6,2,4,10,3,7,10,9,1,25,12,13,38,14,24
S01008574,146,64,82,9,3,6,22,12,10,9,5,4,20,3,17,12,9,3,4,0,4,18,7,11,6,5,1,11,5,6,35,15,20
S01008575,202,74,128,20,10,10,27,9,18,21,13,8,42,4,38,13,8,5,14,2,12,11,0,11,2,2,0,6,3,3,46,23,23
S01008576,202,89,113,9,6,3,31,17,14,23,13,10,30,3,27,21,17,4,10,3,7,18,0,18,6,6,0,20,5,15,34,19,15
S01008577,201,96,105,11,7,4,42,23,19,22,12,10,33,2,31,11,9,2,7,2,5,22,7,15,5,5,0,19,12,7,29,17,12
S01008578,173,70,103,24,14,10,58,24,34,10,4,6,25,2,23,7,4,3,1,0,1,6,1,5,1,1,0,7,5,2,34,15,19
S01008579,215,96,119,15,7,8,60,27,33,13,7,6,39,7,32,14,13,1,7,1,6,12,3,9,9,9,0,13,8,5,33,14,19
S01008580,138,66,72,6,3,3,22,12,10,9,7,2,19,2,17,13,10,3,10,3,7,10,2,8,5,5,0,17,5,12,27,17,10
S01008581,283,127,156,7,4,3,10,5,5,16,8,8,32,5,27,29,26,3,30,2,28,30,11,19,18,16,2,63,25,38,48,25,23
S01008582,292,139,153,12,8,4,14,5,9,14,10,4,28,6,22,45,41,4,33,2,31,25,8,17,14,12,2,49,18,31,58,29,29
S01008583,212,107,105,4,3,1,24,10,14,13,5,8,23,7,16,18,16,2,15,6,9,14,4,10,13,11,2,33,17,16,55,28,27
S01008584,249,108,141,8,5,3,19,6,13,13,6,7,28,4,24,16,15,1,36,7,29,19,8,11,10,8,2,48,21,27,52,28,24
S01008585,169,80,89,2,2,0,12,6,6,9,7,2,23,7,16,19,18,1,12,1,11,14,3,11,6,5,1,38,17,21,34,14,20
S01008586,254,117,137,11,5,6,11,6,5,8,4,4,32,11,21,30,23,7,23,3,20,23,4,19,17,17,0,55,17,38,44,27,17
S01008587,349,171,178,26,15,11,78,34,44,28,16,12,25,1,24,16,10,6,7,1,6,14,8,6,10,9,1,15,7,8,130,70,60
S01008588,195,93,102,6,5,1,47,22,25,21,11,10,22,7,15,9,4,5,8,2,6,18,6,12,2,2,0,24,13,11,38,21,17
S01008589,84,37,47,9,7,2,15,5,10,5,4,1,14,3,11,4,3,1,8,0,8,5,4,1,1,1,0,7,2,5,16,8,8
S01008590,203,81,122,15,10,5,34,13,21,19,8,11,42,12,30,4,3,1,9,2,7,22,10,12,5,3,2,17,8,9,36,12,24
S01008591,235,123,112,9,7,2,55,27,28,23,13,10,21,6,15,11,9,2,15,5,10,18,11,7,4,3,1,23,18,5,56,24,32
S01008592,217,108,109,7,5,2,30,15,15,13,8,5,16,4,12,13,9,4,8,0,8,25,11,14,9,7,2,34,16,18,62,33,29
S01008593,183,71,112,24,13,11,60,22,38,16,6,10,20,1,19,4,3,1,12,2,10,7,2,5,4,4,0,6,3,3,30,15,15
S01008594,318,128,190,26,10,16,78,29,49,32,17,15,37,2,35,7,5,2,12,2,10,17,7,10,5,5,0,36,23,13,68,28,40
S01008595,325,160,165,4,2,2,28,14,14,20,12,8,33,13,20,32,26,6,29,4,25,17,2,15,26,22,4,68,32,36,68,33,35
S01008596,329,160,169,4,2,2,24,11,13,15,7,8,16,4,12,36,33,3,27,4,23,22,9,13,19,16,3,80,30,50,86,44,42
S01008597,211,104,107,10,5,5,34,17,17,10,2,8,41,11,30,28,23,5,15,2,13,18,6,12,8,6,2,18,13,5,29,19,10
S01008598,363,190,173,4,0,4,51,25,26,23,12,11,38,20,18,16,15,1,22,7,15,39,19,20,4,3,1,75,44,31,91,45,46
S01008599,301,157,144,16,9,7,71,31,40,22,13,9,32,8,24,5,4,1,15,5,10,33,10,23,0,0,0,29,23,6,78,54,24
S01008600,265,119,146,16,8,8,68,30,38,20,11,9,27,6,21,7,4,3,16,3,13,12,6,6,2,2,0,31,20,11,66,29,37
S01008601,1942,838,1104,17,12,5,87,55,32,104,56,48,96,26,70,31,22,9,132,39,93,270,97,173,10,6,4,382,141,241,813,384,429
S01008602,291,126,165,6,3,3,38,15,23,21,8,13,20,5,15,14,10,4,20,3,17,42,20,22,6,6,0,46,23,23,78,33,45
S01008603,517,242,275,12,6,6,45,26,19,45,25,20,28,8,20,24,17,7,32,9,23,59,25,34,5,2,3,128,58,70,139,66,73
S01008604,368,149,219,22,10,12,79,34,45,35,16,19,27,6,21,15,12,3,25,7,18,24,6,18,5,5,0,45,17,28,91,36,55
S01008605,237,127,110,8,2,6,34,13,21,22,16,6,26,11,15,11,11,0,14,5,9,33,13,20,4,4,0,32,24,8,53,28,25
S01008606,193,90,103,14,8,6,64,34,30,12,6,6,21,7,14,6,3,3,9,1,8,9,3,6,2,1,1,14,9,5,42,18,24
S01008607,165,73,92,22,12,10,68,23,45,14,5,9,8,1,7,3,3,0,6,2,4,9,6,3,4,4,0,10,7,3,21,10,11
S01008608,199,82,117,14,10,4,82,30,52,15,7,8,20,5,15,3,2,1,12,2,10,12,1,11,3,3,0,10,5,5,28,17,11
S01008609,224,91,133,22,14,8,59,23,36,14,7,7,34,7,27,10,6,4,14,2,12,17,2,15,4,4,0,11,6,5,39,20,19
S01008610,232,93,139,13,9,4,53,21,32,30,14,16,29,6,23,4,4,0,10,1,9,18,4,14,3,3,0,25,11,14,47,20,27
S01008611,705,313,392,9,6,3,95,53,42,61,34,27,59,24,35,16,11,5,44,14,30,81,28,53,13,12,1,103,39,64,224,92,132
S01008612,335,156,179,9,5,4,27,13,14,40,20,20,22,8,14,12,9,3,19,5,14,44,16,28,7,6,1,80,42,38,75,32,43
S01008613,266,125,141,11,5,6,44,14,30,21,13,8,31,15,16,3,3,0,15,2,13,27,13,14,4,3,1,45,24,21,65,33,32
S01008614,331,159,172,5,4,1,50,30,20,31,17,14,33,11,22,13,12,1,25,5,20,38,16,22,10,8,2,70,31,39,56,25,31
S01008615,371,147,224,5,2,3,47,18,29,26,11,15,27,8,19,15,9,6,23,2,21,50,15,35,2,2,0,83,37,46,93,43,50
S01008616,352,121,231,9,4,5,33,8,25,27,12,15,31,9,22,6,4,2,25,5,20,60,16,44,2,1,1,93,35,58,66,27,39
S01008617,429,202,227,6,3,3,32,14,18,35,22,13,32,11,21,11,6,5,43,11,32,57,23,34,8,7,1,104,56,48,101,49,52
S01008618,374,192,182,4,3,1,40,24,16,27,16,11,31,16,15,7,6,1,31,11,20,43,16,27,11,10,1,98,51,47,82,39,43
S01008619,216,89,127,5,2,3,18,9,9,14,5,9,17,3,14,14,8,6,15,4,11,24,10,14,3,1,2,56,22,34,50,25,25
S01008620,396,156,240,2,2,0,54,24,30,40,22,18,21,4,17,14,8,6,32,12,20,58,16,42,5,2,3,79,31,48,91,35,56
S01008621,372,168,204,9,7,2,43,17,26,32,20,12,26,9,17,12,12,0,18,10,8,57,15,42,9,7,2,88,36,52,78,35,43
S01008622,204,92,112,5,1,4,30,8,22,17,10,7,18,4,14,9,4,5,10,1,9,37,28,9,1,1,0,46,20,26,31,15,16
S01008623,418,164,254,14,7,7,86,28,58,39,14,25,47,13,34,15,12,3,17,6,11,33,11,22,5,4,1,69,27,42,93,42,51
S01008624,220,95,125,27,14,13,68,27,41,24,10,14,22,7,15,14,11,3,12,2,10,12,2,10,11,9,2,13,5,8,17,8,9
S01008625,155,53,102,20,10,10,55,16,39,16,6,10,21,4,17,0,0,0,4,0,4,6,1,5,0,0,0,6,0,6,27,16,11
S01008626,202,81,121,19,11,8,62,16,46,12,4,8,22,5,17,10,4,6,3,2,1,10,2,8,0,0,0,15,11,4,49,26,23
S01008627,141,53,88,13,6,7,49,18,31,14,4,10,9,1,8,5,0,5,6,1,5,11,3,8,1,1,0,5,4,1,28,15,13
S01008628,159,81,78,11,9,2,49,27,22,11,4,7,15,5,10,4,3,1,5,1,4,11,7,4,2,1,1,15,9,6,36,15,21
S01008629,144,74,70,4,3,1,41,25,16,13,5,8,13,3,10,2,2,0,14,6,8,11,5,6,3,3,0,23,12,11,20,10,10
S01008630,169,87,82,7,3,4,32,13,19,12,4,8,15,4,11,6,5,1,6,2,4,15,7,8,1,1,0,34,19,15,41,29,12
S01008631,183,94,89,10,6,4,51,28,23,12,4,8,20,4,16,9,8,1,8,2,6,21,9,12,3,3,0,23,14,9,26,16,10
S01008632,321,190,131,12,10,2,38,13,25,19,9,10,19,6,13,21,16,5,22,10,12,28,8,20,8,3,5,32,24,8,122,91,31
S01008633,276,129,147,24,18,6,91,33,58,25,13,12,28,9,19,9,9,0,8,3,5,23,8,15,1,1,0,14,6,8,53,29,24
S01008634,218,117,101,23,14,9,54,23,31,20,11,9,18,7,11,4,3,1,8,0,8,11,6,5,5,4,1,24,17,7,51,32,19
S01008635,230,94,136,15,5,10,50,19,31,20,5,15,19,6,13,5,5,0,8,3,5,18,6,12,5,4,1,38,20,18,52,21,31
S01008636,255,108,147,18,15,3,62,24,38,22,10,12,27,7,20,7,5,2,16,7,9,18,7,11,5,3,2,36,13,23,44,17,27
S01008637,186,65,121,17,9,8,55,20,35,24,12,12,14,1,13,6,2,4,8,1,7,13,4,9,1,1,0,25,6,19,23,9,14
S01008638,286,145,141,9,4,5,40,18,22,21,13,8,25,7,18,14,12,2,24,5,19,28,11,17,10,8,2,64,37,27,51,30,21
S01008639,209,109,100,10,4,6,32,15,17,29,15,14,19,10,9,7,4,3,10,5,5,21,14,7,2,2,0,32,12,20,47,28,19
S01008640,230,104,126,2,0,2,34,12,22,26,13,13,23,7,16,7,7,0,15,7,8,30,8,22,1,1,0,35,12,23,57,37,20
S01008641,318,136,182,9,5,4,37,10,27,23,10,13,23,10,13,15,11,4,21,5,16,53,19,34,5,2,3,93,42,51,39,22,17
S01008642,251,125,126,11,6,5,56,22,34,36,14,22,18,5,13,10,9,1,15,5,10,27,10,17,4,4,0,36,23,13,38,27,11
S01008643,152,63,89,4,1,3,32,11,21,12,4,8,19,4,15,14,12,2,6,1,5,20,8,12,0,0,0,19,8,11,26,14,12
S01008644,229,130,99,7,4,3,24,12,12,18,13,5,19,4,15,10,7,3,16,3,13,21,14,7,4,3,1,60,36,24,50,34,16
S01008645,230,102,128,7,5,2,25,14,11,16,9,7,23,8,15,13,9,4,7,4,3,27,7,20,5,4,1,43,19,24,64,23,41
S01008646,182,94,88,5,3,2,29,13,16,16,9,7,23,6,17,10,8,2,13,1,12,14,9,5,9,9,0,34,21,13,29,15,14
S01008647,115,68,47,1,0,1,10,6,4,12,8,4,11,6,5,5,5,0,10,1,9,9,4,5,1,1,0,24,17,7,32,20,12
S01008648,153,84,69,4,2,2,16,7,9,15,9,6,14,5,9,8,8,0,8,0,8,20,7,13,6,5,1,41,26,15,21,15,6
S01008649,211,107,104,4,3,1,21,9,12,19,12,7,22,11,11,17,16,1,11,4,7,24,12,12,9,9,0,38,17,21,46,14,32
S01008650,179,86,93,2,2,0,28,13,15,10,6,4,22,7,15,7,6,1,11,3,8,28,14,14,2,2,0,30,17,13,39,16,23
S01008651,422,248,174,9,6,3,40,22,18,43,28,15,24,10,14,21,19,2,12,5,7,44,14,30,12,12,0,92,54,38,125,78,47
S01008652,158,87,71,8,7,1,17,9,8,10,5,5,9,6,3,11,10,1,12,4,8,14,8,6,7,6,1,37,20,17,33,12,21
S01008653,228,150,78,5,4,1,8,4,4,9,9,0,18,6,12,21,16,5,11,5,6,21,12,9,11,11,0,45,28,17,79,55,24
S01008654,281,176,105,8,2,6,29,20,9,25,13,12,16,8,8,14,13,1,17,2,15,35,21,14,6,5,1,67,44,23,64,48,16
S01008655,218,122,96,9,7,2,18,9,9,15,12,3,15,5,10,14,14,0,20,5,15,23,9,14,11,9,2,32,15,17,61,37,24
S01008656,209,120,89,4,1,3,14,8,6,17,11,6,12,3,9,16,15,1,9,3,6,24,11,13,10,6,4,54,32,22,49,30,19
S01008657,256,124,132,5,3,2,37,14,23,29,20,9,23,9,14,13,12,1,17,3,14,20,10,10,7,7,0,47,26,21,58,20,38
S01008658,462,244,218,13,8,5,48,32,16,45,27,18,31,11,20,32,29,3,23,10,13,57,17,40,17,12,5,91,47,44,105,51,54
S01008659,315,179,136,11,5,6,18,12,6,24,14,10,24,7,17,13,12,1,28,10,18,44,23,21,9,5,4,68,49,19,76,42,34
S01008660,359,191,168,15,10,5,49,22,27,36,20,16,20,7,13,13,10,3,28,6,22,29,13,16,10,10,0,85,55,30,74,38,36
S01008661,456,187,269,7,2,5,26,16,10,28,11,17,33,10,23,12,9,3,39,10,29,77,25,52,14,13,1,69,30,39,151,61,90
S01008662,385,201,184,4,4,0,26,11,15,23,17,6,14,7,7,11,11,0,35,10,25,74,38,36,10,9,1,86,36,50,102,58,44
S01008663,354,176,178,7,4,3,27,14,13,26,14,12,31,12,19,25,21,4,27,6,21,38,18,20,6,5,1,80,46,34,87,36,51
S01008664,219,113,106,2,2,0,30,15,15,17,10,7,13,8,5,13,8,5,9,1,8,33,16,17,8,5,3,65,37,28,29,11,18
S01008665,484,257,227,12,8,4,40,15,25,38,23,15,24,14,10,29,27,2,27,6,21,60,20,40,6,5,1,124,61,63,124,78,46
S01008666,490,232,258,2,2,0,56,26,30,37,16,21,38,13,25,19,10,9,31,10,21,59,28,31,10,7,3,98,46,52,140,74,66
S01008667,534,226,308,5,1,4,85,37,48,36,26,10,43,16,27,17,15,2,24,6,18,75,29,46,6,4,2,80,35,45,163,57,106
S01008668,288,129,159,3,1,2,45,26,19,25,11,14,25,9,16,6,5,1,24,4,20,20,6,14,3,3,0,54,18,36,83,46,37
S01008669,364,158,206,6,2,4,23,15,8,23,9,14,20,7,13,8,4,4,28,9,19,63,25,38,4,3,1,100,36,64,89,48,41
S01008670,526,246,280,10,6,4,46,23,23,41,18,23,38,15,23,13,10,3,48,19,29,62,27,35,2,1,1,115,56,59,151,71,80
S01008671,430,222,208,8,7,1,38,22,16,37,27,10,33,8,25,13,8,5,43,10,33,52,21,31,5,5,0,91,51,40,110,63,47
S01008672,339,138,201,4,2,2,33,8,25,28,20,8,21,4,17,10,6,4,24,6,18,31,13,18,9,6,3,63,24,39,116,49,67
S01008673,546,261,285,16,11,5,78,35,43,41,17,24,34,15,19,19,15,4,37,13,24,46,25,21,7,5,2,69,40,29,199,85,114
S01008674,522,270,252,8,5,3,81,38,43,49,20,29,32,14,18,15,10,5,21,7,14,36,18,18,9,7,2,83,44,39,188,107,81
S01008675,288,141,147,8,6,2,42,20,22,33,19,14,38,15,23,13,11,2,22,10,12,20,6,14,4,3,1,42,23,19,66,28,38
S01008676,286,136,150,3,3,0,31,7,24,26,12,14,30,5,25,10,8,2,13,5,8,31,10,21,12,10,2,51,30,21,79,46,33
S01008677,330,175,155,5,4,1,49,29,20,32,18,14,18,3,15,10,10,0,17,9,8,25,9,16,4,4,0,51,20,31,119,69,50
S01008678,764,321,443,12,8,4,85,29,56,61,32,29,44,9,35,21,20,1,38,13,25,80,28,52,12,11,1,146,59,87,265,112,153
S01008679,677,331,346,14,10,4,52,22,30,49,24,25,43,12,31,30,28,2,41,12,29,71,41,30,20,18,2,114,61,53,243,103,140
S01008680,333,167,166,9,7,2,30,21,9,27,12,15,19,8,11,16,15,1,25,13,12,27,6,21,5,5,0,56,27,29,119,53,66
S01008681,539,266,273,11,5,6,35,24,11,38,24,14,35,16,19,21,18,3,38,7,31,53,11,42,15,12,3,104,50,54,189,99,90
S01008682,319,166,153,6,3,3,35,22,13,27,14,13,21,8,13,13,12,1,14,5,9,35,17,18,5,5,0,62,26,36,101,54,47
S01008683,919,355,564,14,8,6,117,51,66,58,23,35,58,9,49,37,34,3,54,14,40,53,16,37,23,19,4,129,62,67,376,119,257
S01008684,429,204,225,22,14,8,32,10,22,33,20,13,35,17,18,29,24,5,28,7,21,31,12,19,14,10,4,78,33,45,127,57,70
S01008685,481,261,220,13,9,4,36,19,17,35,20,15,44,10,34,33,27,6,29,15,14,52,22,30,25,23,2,114,61,53,100,55,45
S01008686,348,163,185,10,9,1,26,16,10,26,17,9,38,11,27,27,19,8,27,5,22,26,10,16,21,15,6,72,36,36,75,25,50
S01008687,154,79,75,6,2,4,19,11,8,8,3,5,13,9,4,12,10,2,14,6,8,14,4,10,5,5,0,33,15,18,30,14,16
S01008688,197,97,100,3,2,1,23,11,12,15,9,6,20,5,15,15,13,2,16,7,9,22,9,13,6,6,0,30,14,16,47,21,26
S01008689,179,94,85,2,0,2,17,10,7,9,6,3,24,7,17,18,14,4,8,0,8,20,11,9,14,12,2,44,20,24,23,14,9
S01008690,197,88,109,5,4,1,39,18,21,14,2,12,29,14,15,17,12,5,11,2,9,17,5,12,7,4,3,33,15,18,25,12,13
S01008691,220,114,106,8,4,4,28,10,18,24,12,12,28,9,19,20,19,1,26,9,17,21,10,11,7,7,0,27,14,13,31,20,11
S01008692,168,99,69,9,6,3,11,7,4,13,8,5,15,7,8,15,12,3,11,6,5,14,6,8,13,8,5,33,19,14,34,20,14
S01008693,114,50,64,7,6,1,7,3,4,8,4,4,18,2,16,15,11,4,8,2,6,12,3,9,9,8,1,17,7,10,13,4,9
S01008694,181,87,94,11,7,4,20,12,8,16,7,9,26,7,19,13,10,3,11,4,7,17,5,12,6,5,1,29,14,15,32,16,16
S01008695,139,69,70,7,5,2,11,4,7,18,10,8,22,6,16,11,9,2,10,2,8,13,7,6,2,2,0,19,9,10,26,15,11
S01008696,145,65,80,13,7,6,25,12,13,8,4,4,32,7,25,10,9,1,6,3,3,10,1,9,1,1,0,10,4,6,30,17,13
S01008697,269,129,140,25,17,8,50,23,27,22,14,8,50,6,44,26,21,5,14,3,11,16,1,15,9,9,0,18,7,11,39,28,11
S01008698,123,51,72,5,4,1,16,6,10,16,12,4,26,5,21,5,5,0,13,3,10,14,5,9,2,2,0,7,2,5,19,7,12
S01008699,243,93,150,7,5,2,14,4,10,10,4,6,36,6,30,21,17,4,18,6,12,28,8,20,14,11,3,47,13,34,48,19,29
S01008700,169,78,91,14,12,2,38,18,20,18,10,8,29,4,25,4,3,1,6,4,2,10,1,9,3,3,0,15,7,8,32,16,16
S01008701,139,66,73,0,0,0,4,2,2,6,4,2,6,3,3,12,8,4,8,1,7,17,2,15,6,6,0,39,22,17,41,18,23
S01008702,171,74,97,5,2,3,12,5,7,8,4,4,13,3,10,9,7,2,20,6,14,21,4,17,5,5,0,28,14,14,50,24,26
S01008703,369,162,207,10,3,7,12,5,7,8,5,3,17,5,12,36,27,9,30,5,25,24,8,16,23,17,6,84,43,41,125,44,81
S01008704,237,114,123,4,3,1,11,8,3,12,10,2,20,4,16,14,11,3,25,2,23,16,5,11,22,18,4,58,25,33,55,28,27
S01008705,162,70,92,4,3,1,4,3,1,4,1,3,9,3,6,12,9,3,16,2,14,12,2,10,12,11,1,43,16,27,46,20,26
S01008706,177,77,100,1,0,1,1,0,1,1,1,0,6,0,6,20,15,5,15,1,14,24,4,20,11,6,5,47,22,25,51,28,23
S01008707,318,141,177,8,5,3,2,0,2,7,4,3,18,4,14,26,17,9,31,2,29,35,7,28,26,21,5,62,26,36,103,55,48
S01008708,386,212,174,7,5,2,8,4,4,24,19,5,26,11,15,37,31,6,26,5,21,45,16,29,31,25,6,99,56,43,83,40,43
S01008709,241,99,142,6,2,4,2,1,1,10,5,5,11,1,10,24,22,2,26,5,21,23,3,20,22,15,7,55,19,36,62,26,36
S01008710,168,68,100,3,2,1,7,2,5,6,5,1,10,3,7,18,14,4,19,2,17,14,3,11,1,1,0,37,14,23,53,22,31
S01008711,237,95,142,7,5,2,5,4,1,6,4,2,10,2,8,23,16,7,20,3,17,23,3,20,19,14,5,77,30,47,47,14,33
S01008712,468,233,235,13,5,8,19,9,10,18,9,9,31,9,22,61,51,10,42,7,35,39,13,26,37,33,4,119,52,67,89,45,44
S01008713,190,82,108,2,1,1,3,2,1,4,1,3,10,2,8,17,16,1,31,10,21,19,3,16,15,12,3,42,18,24,47,17,30
S01008714,192,88,104,7,4,3,9,4,5,11,7,4,17,0,17,24,18,6,16,3,13,16,4,12,18,17,1,42,19,23,32,12,20
S01008715,235,109,126,5,3,2,4,2,2,11,9,2,22,5,17,28,23,5,20,2,18,18,3,15,23,19,4,55,18,37,49,25,24
S01008716,143,61,82,3,3,0,4,1,3,3,1,2,15,1,14,27,25,2,18,3,15,12,1,11,13,11,2,28,9,19,20,6,14
S01008717,99,44,55,9,6,3,4,0,4,6,4,2,7,2,5,8,5,3,10,1,9,11,4,7,9,5,4,11,2,9,24,15,9
S01008718,118,56,62,3,1,2,6,2,4,3,3,0,20,4,16,18,15,3,12,1,11,12,1,11,10,10,0,14,7,7,20,12,8
S01008719,250,95,155,7,4,3,12,3,9,3,2,1,15,2,13,23,18,5,18,2,16,44,9,35,19,15,4,47,19,28,62,21,41
S01008720,162,72,90,7,4,3,6,3,3,11,10,1,17,3,14,16,13,3,16,8,8,24,9,15,9,5,4,35,9,26,21,8,13
S01008721,127,61,66,4,4,0,4,2,2,18,13,5,25,4,21,8,6,2,8,0,8,13,4,9,7,7,0,11,5,6,29,16,13
S01008722,304,141,163,35,19,16,40,16,24,26,14,12,55,11,44,20,17,3,10,1,9,25,7,18,18,16,2,35,18,17,40,22,18
S01008723,157,76,81,9,6,3,13,8,5,17,10,7,26,2,24,16,11,5,10,2,8,9,5,4,1,1,0,17,9,8,39,22,17
S01008724,208,86,122,20,11,9,43,14,29,14,11,3,39,10,29,13,11,2,15,1,14,16,2,14,4,4,0,13,7,6,31,15,16
S01008725,169,74,95,9,6,3,27,13,14,11,3,8,29,4,25,16,14,2,13,4,9,18,5,13,7,7,0,16,6,10,23,12,11
S01008726,110,41,69,7,6,1,41,14,27,9,2,7,16,2,14,6,4,2,6,1,5,6,1,5,3,3,0,5,2,3,11,6,5
S01008727,264,106,158,12,6,6,57,18,39,32,11,21,40,4,36,15,13,2,14,6,8,23,7,16,5,5,0,29,18,11,37,18,19
S01008728,133,52,81,7,1,6,11,4,7,14,4,10,12,3,9,6,5,1,13,2,11,19,2,17,6,6,0,16,8,8,29,17,12
S01008729,155,64,91,9,6,3,29,12,17,13,5,8,18,4,14,8,6,2,9,2,7,21,7,14,3,3,0,14,6,8,31,13,18
S01008730,173,79,94,4,1,3,33,13,20,10,2,8,15,3,12,12,11,1,13,3,10,12,2,10,11,10,1,26,16,10,37,18,19
S01008731,144,69,75,6,3,3,10,5,5,4,2,2,20,2,18,14,9,5,8,2,6,13,1,12,16,15,1,27,16,11,26,14,12
S01008732,183,81,102,9,7,2,14,4,10,7,2,5,19,2,17,27,24,3,15,1,14,17,4,13,12,10,2,31,14,17,32,13,19
S01008733,156,67,89,8,2,6,17,7,10,9,7,2,22,4,18,14,12,2,10,0,10,15,4,11,16,15,1,35,13,22,10,3,7
S01008734,138,58,80,11,5,6,19,11,8,14,5,9,26,2,24,18,14,4,3,0,3,11,2,9,4,4,0,8,4,4,24,11,13
S01008735,264,113,151,25,15,10,54,19,35,24,16,8,56,12,44,23,15,8,14,2,12,20,6,14,5,4,1,7,6,1,36,18,18
S01008736,184,82,102,13,7,6,18,7,11,15,10,5,25,5,20,21,18,3,11,1,10,24,7,17,3,3,0,16,6,10,38,18,20
S01008737,187,76,111,4,2,2,22,10,12,23,15,8,52,9,43,11,10,1,9,2,7,18,5,13,7,7,0,18,5,13,23,11,12
S01008738,207,90,117,15,11,4,27,13,14,28,17,11,47,8,39,16,13,3,5,0,5,18,6,12,8,6,2,12,3,9,31,13,18
S01008739,139,60,79,3,2,1,10,4,6,6,4,2,24,4,20,23,17,6,11,1,10,18,3,15,6,6,0,18,8,10,20,11,9
S01008740,153,68,85,12,6,6,11,3,8,12,7,5,40,9,31,19,18,1,7,2,5,14,5,9,5,4,1,12,4,8,21,10,11
S01008741,231,101,130,4,3,1,11,5,6,18,14,4,57,10,47,31,26,5,12,1,11,34,5,29,13,11,2,23,9,14,28,17,11
S01008742,120,52,68,6,3,3,15,8,7,11,6,5,18,2,16,11,8,3,7,0,7,9,2,7,8,8,0,18,9,9,17,6,11
S01008743,267,114,153,10,5,5,15,3,12,19,9,10,27,6,21,26,20,6,12,1,11,31,3,28,20,16,4,68,32,36,39,19,20
S01008744,260,115,145,14,7,7,16,10,6,13,2,11,35,5,30,25,20,5,16,2,14,22,10,12,14,12,2,56,22,34,49,25,24
S01008745,103,42,61,4,3,1,25,11,14,3,0,3,20,6,14,4,4,0,6,2,4,7,2,5,2,2,0,14,4,10,18,8,10
S01008746,336,150,186,10,6,4,9,3,6,10,7,3,36,6,30,32,28,4,24,2,22,25,8,17,27,21,6,86,45,41,77,24,53
S01008747,126,55,71,9,5,4,13,5,8,10,7,3,31,8,23,11,11,0,8,0,8,7,2,5,6,5,1,14,7,7,17,5,12
S01008748,168,69,99,9,6,3,20,4,16,8,4,4,46,10,36,15,13,2,10,2,8,12,3,9,9,8,1,17,5,12,22,14,8
S01008749,262,118,144,20,9,11,25,13,12,17,13,4,58,10,48,19,15,4,15,2,13,19,2,17,16,14,2,22,12,10,51,28,23
S01008750,192,75,117,12,9,3,21,6,15,19,12,7,45,5,40,17,16,1,10,1,9,16,4,12,7,4,3,26,11,15,19,7,12
S01008751,167,76,91,1,0,1,12,5,7,16,6,10,22,1,21,19,15,4,10,1,9,12,5,7,19,19,0,34,15,19,22,9,13
S01008752,278,122,156,7,4,3,5,0,5,9,5,4,18,6,12,32,27,5,29,5,24,35,5,30,20,18,2,67,29,38,56,23,33
S01008753,172,80,92,1,0,1,5,3,2,11,4,7,18,4,14,14,14,0,15,0,15,15,7,8,17,16,1,57,23,34,19,9,10
S01008754,160,73,87,4,2,2,7,3,4,5,2,3,16,6,10,21,18,3,13,3,10,14,3,11,11,10,1,48,14,34,21,12,9
S01008755,244,89,155,3,1,2,7,2,5,12,5,7,20,2,18,23,17,6,26,1,25,23,9,14,17,13,4,62,18,44,51,21,30
S01008756,230,120,110,3,2,1,5,3,2,5,4,1,21,6,15,28,23,5,17,3,14,16,7,9,21,19,2,83,37,46,31,16,15
S01008757,284,142,142,6,4,2,9,6,3,7,1,6,12,5,7,37,32,5,25,5,20,24,5,19,27,22,5,97,49,48,40,13,27
S01008758,270,112,158,2,0,2,9,1,8,9,5,4,32,5,27,24,21,3,24,4,20,29,7,22,17,12,5,71,35,36,53,22,31
S01008759,196,72,124,5,2,3,10,4,6,9,4,5,20,3,17,25,19,6,22,0,22,22,3,19,12,9,3,43,19,24,28,9,19
S01008760,353,181,172,7,1,6,9,6,3,20,9,11,28,4,24,33,30,3,16,6,10,32,7,25,20,19,1,104,61,43,84,38,46
S01008761,144,62,82,5,2,3,10,6,4,6,2,4,16,2,14,7,7,0,8,1,7,19,4,15,4,4,0,15,3,12,54,31,23
S01008762,143,55,88,7,4,3,10,3,7,8,6,2,24,3,21,12,10,2,14,1,13,12,2,10,12,12,0,25,6,19,19,8,11
S01008763,137,55,82,2,1,1,15,6,9,7,5,2,28,6,22,19,14,5,12,0,12,14,1,13,5,5,0,23,12,11,12,5,7
S01008764,141,60,81,3,2,1,17,5,12,11,6,5,12,3,9,13,9,4,9,3,6,20,6,14,9,5,4,19,6,13,28,15,13
S01008765,156,70,86,5,1,4,19,6,13,14,4,10,22,3,19,17,14,3,7,0,7,14,5,9,9,8,1,22,13,9,27,16,11
S01008766,226,94,132,9,4,5,21,4,17,19,12,7,29,5,24,33,26,7,16,0,16,16,4,12,11,9,2,36,13,23,36,17,19
S01008767,136,66,70,6,4,2,6,1,5,6,2,4,20,3,17,18,16,2,4,1,3,18,5,13,6,4,2,23,10,13,29,20,9
S01008768,124,54,70,7,2,5,6,2,4,13,3,10,16,4,12,9,8,1,5,1,4,10,2,8,9,9,0,30,14,16,19,9,10
S01008769,93,47,46,6,4,2,14,8,6,12,5,7,12,3,9,1,1,0,6,0,6,8,5,3,7,5,2,8,2,6,19,14,5
S01008770,155,70,85,10,7,3,22,8,14,14,7,7,11,2,9,5,5,0,8,0,8,20,10,10,6,6,0,13,4,9,46,21,25
S01008771,174,86,88,18,10,8,16,7,9,15,11,4,19,6,13,9,7,2,11,0,11,22,4,18,9,7,2,13,8,5,42,26,16
S01008772,180,83,97,7,3,4,21,8,13,16,9,7,26,2,24,13,12,1,10,0,10,13,3,10,10,10,0,30,14,16,34,22,12
S01008773,247,113,134,7,3,4,11,5,6,20,10,10,36,7,29,33,28,5,19,3,16,20,11,9,10,8,2,56,29,27,35,9,26
S01008774,248,114,134,6,0,6,12,4,8,11,7,4,28,8,20,27,22,5,22,3,19,22,7,15,7,7,0,58,30,28,55,26,29
S01008775,111,53,58,4,1,3,14,5,9,8,4,4,12,3,9,13,12,1,10,2,8,8,1,7,4,3,1,16,10,6,22,12,10
S01008776,282,139,143,10,3,7,7,3,4,15,9,6,33,10,23,21,14,7,31,10,21,23,10,13,19,14,5,62,38,24,61,28,33
S01008777,410,251,159,9,6,3,15,14,1,22,14,8,35,11,24,42,36,6,22,9,13,35,12,23,47,44,3,127,72,55,56,33,23
S01008778,209,92,117,17,9,8,24,12,12,16,9,7,17,2,15,13,11,2,10,3,7,36,8,28,7,7,0,25,11,14,44,20,24
S01008779,105,55,50,11,7,4,14,11,3,10,6,4,20,8,12,4,4,0,8,0,8,10,2,8,1,1,0,15,8,7,12,8,4
S01008780,106,56,50,10,7,3,9,7,2,12,9,3,8,2,6,6,6,0,6,2,4,15,5,10,6,6,0,18,7,11,16,5,11
S01008781,160,70,90,8,3,5,8,4,4,9,5,4,15,2,13,17,16,1,16,2,14,18,4,14,12,11,1,30,14,16,27,9,18
S01008782,142,72,70,11,7,4,7,5,2,12,4,8,15,4,11,6,5,1,7,1,6,12,1,11,10,8,2,33,15,18,29,22,7
S01008783,56,17,39,3,0,3,10,2,8,4,1,3,8,3,5,5,4,1,7,1,6,4,1,3,0,0,0,8,4,4,7,1,6
S01008784,72,33,39,6,4,2,2,1,1,9,2,7,8,2,6,9,9,0,6,1,5,10,5,5,1,1,0,10,2,8,11,6,5
S01008785,290,130,160,7,3,4,17,12,5,13,5,8,24,5,19,33,28,5,22,4,18,23,3,20,21,20,1,73,29,44,57,21,36
S01008786,211,111,100,10,4,6,21,13,8,22,11,11,14,6,8,16,14,2,18,5,13,21,5,16,7,6,1,44,27,17,38,20,18
S01008787,146,74,72,3,2,1,14,10,4,4,2,2,7,1,6,12,11,1,17,5,12,15,4,11,13,13,0,35,18,17,26,8,18
S01008788,117,54,63,4,3,1,10,6,4,8,6,2,14,2,12,4,3,1,6,0,6,13,3,10,8,8,0,28,8,20,22,15,7
S01008789,203,100,103,12,8,4,11,4,7,13,7,6,19,7,12,33,29,4,13,3,10,13,2,11,15,13,2,46,19,27,28,8,20
S01008790,190,109,81,7,7,0,20,12,8,9,6,3,9,1,8,18,16,2,19,4,15,15,3,12,9,9,0,38,27,11,46,24,22
S01008791,200,93,107,10,9,1,17,11,6,19,11,8,20,1,19,18,15,3,8,1,7,19,9,10,9,9,0,31,12,19,49,15,34
S01008792,175,83,92,6,3,3,14,6,8,11,9,2,19,6,13,15,13,2,16,2,14,19,4,15,9,7,2,35,18,17,31,15,16
S01008793,152,83,69,4,2,2,7,4,3,9,5,4,12,3,9,11,11,0,11,2,9,12,2,10,10,9,1,36,23,13,40,22,18
S01008794,209,96,113,7,4,3,4,0,4,7,4,3,24,9,15,26,23,3,20,4,16,18,8,10,17,11,6,52,21,31,34,12,22
S01008795,222,119,103,12,8,4,21,7,14,23,13,10,14,5,9,14,13,1,15,4,11,22,9,13,7,7,0,35,13,22,59,40,19
S01008796,270,119,151,9,5,4,10,5,5,17,8,9,23,9,14,31,22,9,18,3,15,28,5,23,21,19,2,54,19,35,59,24,35
S01008797,217,122,95,10,7,3,15,8,7,17,14,3,29,11,18,24,20,4,25,10,15,14,5,9,12,11,1,39,22,17,32,14,18
S01008798,217,111,106,4,2,2,10,4,6,19,13,6,21,5,16,24,17,7,18,4,14,20,6,14,15,15,0,53,25,28,33,20,13
S01008799,149,74,75,2,1,1,10,6,4,4,3,1,10,4,6,8,7,1,10,0,10,16,9,7,12,9,3,32,15,17,45,20,25
S01008800,185,104,81,7,6,1,11,6,5,11,6,5,34,16,18,9,7,2,18,6,12,28,16,12,5,5,0,43,24,19,19,12,7
S01008801,202,106,96,8,5,3,20,13,7,19,9,10,24,8,16,14,14,0,16,6,10,18,5,13,10,7,3,39,21,18,34,18,16
S01008802,253,129,124,7,5,2,36,18,18,19,10,9,17,8,9,28,23,5,16,2,14,19,9,10,10,9,1,58,30,28,43,15,28
S01008803,257,128,129,4,2,2,20,10,10,15,8,7,20,9,11,28,23,5,20,4,16,28,10,18,12,10,2,54,27,27,56,25,31
S01008804,157,72,85,9,7,2,9,3,6,5,5,0,15,5,10,13,9,4,10,2,8,10,2,8,8,8,0,26,7,19,52,24,28
S01008805,168,99,69,5,4,1,21,12,9,5,3,2,11,3,8,9,6,3,3,1,2,25,14,11,7,6,1,20,9,11,62,41,21
S01008806,184,90,94,7,4,3,22,11,11,20,12,8,15,5,10,12,9,3,18,3,15,17,9,8,7,5,2,21,8,13,45,24,21
S01008807,186,88,98,6,4,2,17,6,11,18,8,10,22,7,15,20,18,2,12,5,7,28,11,17,8,6,2,20,9,11,35,14,21
S01008808,151,65,86,10,5,5,20,8,12,13,9,4,14,4,10,7,4,3,7,1,6,22,5,17,12,10,2,24,11,13,22,8,14
S01008809,168,86,82,15,9,6,31,14,17,16,7,9,15,6,9,9,9,0,8,2,6,14,3,11,1,1,0,31,21,10,28,14,14
S01008810,148,53,95,7,4,3,21,7,14,26,13,13,22,5,17,5,4,1,7,0,7,12,5,7,2,1,1,19,6,13,27,8,19
S01008811,203,105,98,8,4,4,21,14,7,17,11,6,23,9,14,18,17,1,13,1,12,17,10,7,7,6,1,35,15,20,44,18,26
S01008812,111,48,63,1,1,0,17,11,6,14,8,6,12,2,10,9,8,1,4,0,4,14,3,11,1,1,0,20,8,12,19,6,13
S01008813,281,142,139,5,2,3,20,5,15,19,12,7,21,7,14,22,19,3,25,6,19,32,12,20,17,16,1,49,29,20,71,34,37
S01008814,180,98,82,3,3,0,28,13,15,13,8,5,20,2,18,14,12,2,7,4,3,20,9,11,10,10,0,23,13,10,42,24,18
S01008815,208,114,94,5,2,3,12,5,7,19,10,9,18,7,11,33,30,3,13,8,5,10,6,4,7,6,1,50,24,26,41,16,25
S01008816,138,72,66,7,3,4,15,10,5,6,4,2,19,5,14,15,10,5,7,3,4,8,3,5,5,4,1,19,10,9,37,20,17
S01008817,183,83,100,5,4,1,14,3,11,12,9,3,17,3,14,26,21,5,14,1,13,13,6,7,10,9,1,46,19,27,26,8,18
S01008818,124,43,81,7,2,5,9,2,7,8,4,4,20,3,17,10,9,1,10,1,9,15,3,12,7,5,2,14,7,7,24,7,17
S01008819,123,59,64,3,0,3,21,9,12,14,13,1,15,3,12,11,10,1,7,1,6,15,4,11,5,3,2,17,10,7,15,6,9
S01008820,289,155,134,12,6,6,20,10,10,23,14,9,19,7,12,20,18,2,14,3,11,25,5,20,21,20,1,68,32,36,67,40,27
S01008821,134,53,81,3,2,1,28,9,19,6,2,4,13,2,11,4,3,1,13,2,11,5,3,2,5,5,0,21,8,13,36,17,19
S01008822,165,68,97,12,6,6,48,19,29,11,4,7,19,5,14,5,4,1,8,1,7,13,5,8,3,3,0,8,3,5,38,18,20
S01008823,120,45,75,13,5,8,23,4,19,11,5,6,20,4,16,5,3,2,5,4,1,10,1,9,4,3,1,10,4,6,19,12,7
S01008824,194,84,110,8,3,5,37,9,28,27,16,11,35,9,26,15,14,1,14,4,10,13,1,12,9,7,2,13,11,2,23,10,13
S01008825,96,43,53,5,5,0,29,9,20,7,5,2,14,5,9,3,2,1,8,2,6,7,1,6,3,3,0,10,3,7,10,8,2
S01008826,140,68,72,5,5,0,20,6,14,23,13,10,17,1,16,15,12,3,8,0,8,5,3,2,5,5,0,19,12,7,23,11,12
S01008827,170,71,99,22,12,10,41,17,24,29,14,15,27,3,24,3,3,0,9,2,7,3,1,2,3,3,0,3,1,2,30,15,15
S01008828,188,82,106,15,11,4,33,8,25,22,10,12,32,5,27,13,10,3,9,1,8,15,5,10,7,7,0,14,12,2,28,13,15
S01008829,174,72,102,8,6,2,36,13,23,10,5,5,23,5,18,9,9,0,12,1,11,9,2,7,6,5,1,14,6,8,47,20,27
S01008830,129,64,65,9,5,4,22,10,12,23,11,12,27,7,20,7,6,1,7,2,5,3,2,1,4,4,0,14,7,7,13,10,3
S01008831,207,88,119,12,6,6,60,24,36,22,12,10,38,9,29,13,10,3,6,2,4,8,2,6,2,2,0,17,6,11,29,15,14
S01008832,237,111,126,17,8,9,62,21,41,27,12,15,33,4,29,10,8,2,5,1,4,12,6,6,8,6,2,27,17,10,36,28,8
S01008833,220,103,117,14,7,7,51,18,33,23,13,10,30,5,25,8,5,3,7,5,2,19,6,13,12,10,2,25,11,14,31,23,8
S01008834,259,105,154,16,9,7,62,24,38,26,9,17,52,6,46,14,11,3,10,5,5,10,4,6,3,3,0,20,11,9,46,23,23
S01008835,197,82,115,14,11,3,21,9,12,18,9,9,42,3,39,15,12,3,15,4,11,16,3,13,8,8,0,26,15,11,22,8,14
S01008836,161,85,76,3,1,2,13,7,6,9,7,2,13,5,8,17,16,1,11,2,9,16,11,5,11,8,3,41,18,23,27,10,17
S01008837,195,100,95,7,6,1,25,11,14,27,13,14,28,8,20,19,17,2,11,3,8,9,5,4,3,2,1,25,17,8,41,18,23
S01008838,206,93,113,10,5,5,24,13,11,20,7,13,39,12,27,14,13,1,9,4,5,19,7,12,3,3,0,29,9,20,39,20,19
S01008839,221,106,115,20,15,5,32,12,20,18,9,9,21,5,16,10,9,1,17,7,10,19,5,14,13,12,1,36,15,21,35,17,18
S01008840,225,75,150,12,5,7,27,12,15,25,8,17,41,6,35,10,6,4,11,3,8,27,6,21,5,5,0,26,7,19,41,17,24
S01008841,98,42,56,7,6,1,10,3,7,9,3,6,12,3,9,9,9,0,6,0,6,13,3,10,3,3,0,13,2,11,16,10,6
S01008842,171,79,92,8,5,3,15,7,8,5,2,3,16,4,12,8,4,4,11,7,4,23,8,15,3,1,2,28,10,18,54,31,23
S01008843,255,103,152,15,9,6,38,19,19,10,7,3,29,7,22,11,10,1,11,2,9,32,9,23,6,6,0,34,13,21,69,21,48
S01008844,163,56,107,13,7,6,20,9,11,13,4,9,18,5,13,13,10,3,11,0,11,17,2,15,3,2,1,26,9,17,29,8,21
S01008845,277,131,146,6,3,3,48,16,32,25,18,7,23,10,13,13,8,5,15,4,11,26,9,17,3,1,2,40,22,18,78,40,38
S01008846,237,115,122,10,7,3,41,24,17,15,7,8,28,9,19,8,5,3,13,5,8,23,10,13,4,1,3,37,16,21,58,31,27
S01008847,186,88,98,7,5,2,31,17,14,19,8,11,25,7,18,9,8,1,17,6,11,17,9,8,5,3,2,16,5,11,40,20,20
S01008848,229,108,121,7,3,4,38,14,24,20,12,8,20,7,13,8,6,2,3,0,3,17,5,12,5,5,0,42,15,27,69,41,28
S01008849,188,84,104,10,8,2,38,17,21,16,8,8,22,1,21,7,6,1,11,3,8,11,5,6,1,1,0,24,5,19,48,30,18
S01008850,275,122,153,16,12,4,56,19,37,31,16,15,30,9,21,9,5,4,7,1,6,15,5,10,1,1,0,36,17,19,74,37,37
S01008851,283,140,143,20,11,9,51,20,31,34,17,17,25,7,18,30,25,5,20,9,11,18,7,11,5,5,0,43,26,17,37,13,24
S01008852,274,102,172,17,7,10,91,30,61,31,8,23,36,6,30,5,5,0,12,3,9,7,3,4,2,2,0,28,13,15,45,25,20
S01008853,149,42,107,7,3,4,30,12,18,9,3,6,20,1,19,8,6,2,6,2,4,13,3,10,1,0,1,15,3,12,40,9,31
S01008854,280,143,137,12,10,2,48,24,24,42,20,22,29,11,18,11,9,2,9,1,8,21,7,14,5,4,1,32,17,15,71,40,31
S01008855,237,99,138,21,14,7,52,14,38,33,14,19,38,15,23,4,3,1,8,3,5,17,2,15,2,2,0,25,10,15,37,22,15
S01008856,103,43,60,9,6,3,10,2,8,10,7,3,19,2,17,9,7,2,8,2,6,8,2,6,1,1,0,12,8,4,17,6,11
S01008857,131,55,76,6,2,4,36,11,25,14,6,8,9,5,4,7,5,2,6,0,6,15,2,13,3,2,1,13,5,8,22,17,5
S01008858,114,37,77,9,3,6,33,8,25,13,5,8,18,3,15,5,4,1,5,0,5,6,2,4,2,1,1,7,3,4,16,8,8
S01008859,192,92,100,16,10,6,31,19,12,18,10,8,28,3,25,15,14,1,16,5,11,19,3,16,8,8,0,26,16,10,15,4,11
S01008860,201,83,118,13,4,9,35,18,17,21,10,11,18,4,14,18,15,3,19,1,18,9,1,8,8,6,2,22,9,13,38,15,23
S01008861,168,57,111,15,8,7,49,13,36,23,7,16,21,4,17,6,4,2,7,0,7,4,0,4,1,1,0,8,2,6,34,18,16
S01008862,163,78,85,11,4,7,45,26,19,21,13,8,24,3,21,10,9,1,6,1,5,10,4,6,3,2,1,19,9,10,14,7,7
S01008863,121,54,67,11,5,6,30,12,18,11,6,5,19,5,14,6,4,2,4,2,2,11,1,10,3,2,1,13,8,5,13,9,4
S01008864,360,188,172,7,5,2,23,7,16,22,11,11,27,3,24,6,5,1,12,5,7,7,6,1,2,1,1,17,8,9,237,137,100
S01008865,165,74,91,10,5,5,39,15,24,17,11,6,21,2,19,7,5,2,15,6,9,11,3,8,4,3,1,18,14,4,23,10,13
S01008866,118,54,64,14,7,7,29,14,15,8,1,7,15,3,12,10,7,3,11,4,7,5,2,3,1,1,0,15,8,7,10,7,3
S01008867,154,54,100,29,15,14,49,19,30,24,6,18,22,5,17,5,1,4,4,0,4,5,0,5,1,1,0,1,0,1,14,7,7
S01008868,191,85,106,12,5,7,31,13,18,23,12,11,22,8,14,3,3,0,16,1,15,18,4,14,2,2,0,24,15,9,40,22,18
S01008869,242,103,139,18,9,9,64,26,38,24,12,12,24,4,20,18,13,5,17,6,11,14,5,9,4,3,1,24,12,12,35,13,22
S01008870,153,61,92,18,12,6,50,22,28,23,10,13,20,1,19,8,7,1,2,1,1,4,1,3,1,1,0,11,0,11,16,6,10
S01008871,289,146,143,22,10,12,48,25,23,30,14,16,38,12,26,11,8,3,17,4,13,23,12,11,2,2,0,35,21,14,63,38,25
S01008872,235,143,92,16,11,5,59,29,30,17,10,7,15,4,11,6,5,1,13,6,7,20,17,3,6,5,1,40,29,11,43,27,16
S01008873,129,50,79,13,7,6,36,14,22,15,3,12,20,1,19,3,2,1,5,3,2,3,2,1,1,1,0,8,5,3,25,12,13
S01008874,190,85,105,18,15,3,33,12,21,18,10,8,31,8,23,13,9,4,14,0,14,10,3,7,6,5,1,20,10,10,27,13,14
S01008875,163,79,84,10,7,3,20,9,11,15,10,5,21,4,17,13,9,4,15,1,14,15,3,12,4,3,1,19,13,6,31,20,11
S01008876,113,49,64,6,4,2,19,11,8,12,5,7,24,5,19,6,5,1,7,2,5,6,1,5,1,1,0,10,7,3,22,8,14
S01008877,109,46,63,6,4,2,15,3,12,11,6,5,28,5,23,6,5,1,8,1,7,3,1,2,5,5,0,4,3,1,23,13,10
S01008878,218,91,127,14,8,6,16,8,8,13,6,7,39,7,32,17,16,1,18,2,16,13,2,11,16,13,3,46,18,28,26,11,15
S01008879,183,82,101,12,8,4,20,9,11,14,5,9,33,4,29,20,14,6,15,0,15,10,2,8,19,17,2,18,9,9,22,14,8
S01008880,113,42,71,14,8,6,13,3,10,18,7,11,21,6,15,5,4,1,8,1,7,6,3,3,3,3,0,8,3,5,17,4,13
S01008881,151,54,97,21,11,10,46,19,27,13,4,9,28,3,25,2,2,0,7,3,4,7,3,4,4,4,0,5,1,4,18,4,14
S01008882,272,90,182,27,12,15,74,29,45,27,11,16,39,6,33,4,2,2,5,3,2,4,1,3,1,0,1,10,4,6,81,22,59
S01008883,212,72,140,30,20,10,64,15,49,25,10,15,36,4,32,0,0,0,3,0,3,7,1,6,1,1,0,6,1,5,40,20,20
S01008884,190,71,119,28,18,10,50,18,32,13,9,4,37,4,33,6,5,1,9,0,9,5,2,3,3,2,1,6,4,2,33,9,24
S01008885,193,72,121,25,12,13,51,21,30,17,4,13,28,4,24,5,5,0,6,2,4,14,4,10,1,1,0,6,2,4,40,17,23
S01008886,220,92,128,21,12,9,43,19,24,20,9,11,43,9,34,3,2,1,7,1,6,19,5,14,6,2,4,14,8,6,44,25,19
S01008887,169,78,91,8,6,2,34,12,22,16,11,5,30,8,22,9,8,1,7,0,7,11,3,8,10,7,3,11,6,5,33,17,16
S01008888,126,56,70,24,16,8,22,9,13,7,2,5,18,0,18,5,4,1,4,0,4,7,2,5,2,2,0,9,6,3,28,15,13
S01008889,107,35,72,13,7,6,12,5,7,4,2,2,22,1,21,4,3,1,10,0,10,5,0,5,9,8,1,10,4,6,18,5,13
S01008890,154,72,82,12,8,4,24,9,15,14,11,3,33,9,24,10,9,1,12,3,9,9,3,6,8,6,2,10,5,5,22,9,13
S01008891,169,76,93,15,11,4,35,16,19,20,8,12,35,6,29,11,11,0,6,2,4,13,2,11,5,5,0,8,1,7,21,14,7
S01008892,218,76,142,19,6,13,44,17,27,11,7,4,47,6,41,9,8,1,21,6,15,23,6,17,4,4,0,19,6,13,21,10,11
S01008893,187,90,97,24,14,10,37,21,16,15,8,7,37,5,32,14,11,3,10,4,6,12,3,9,4,4,0,3,1,2,31,19,12
S01008894,221,89,132,33,19,14,70,31,39,23,11,12,36,6,30,10,7,3,7,0,7,12,4,8,0,0,0,10,3,7,20,8,12
S01008895,169,57,112,19,15,4,49,12,37,17,7,10,39,8,31,1,0,1,10,0,10,10,2,8,3,2,1,7,1,6,14,10,4
S01008896,116,45,71,10,6,4,36,14,22,11,5,6,18,2,16,2,1,1,4,0,4,6,1,5,3,2,1,3,2,1,23,12,11
S01008897,159,53,106,22,13,9,44,12,32,14,9,5,28,5,23,9,6,3,9,1,8,9,1,8,1,0,1,1,1,0,22,5,17
S01008898,209,82,127,24,14,10,53,19,34,19,9,10,36,5,31,5,3,2,13,1,12,9,4,5,3,1,2,13,5,8,34,21,13
S01008899,256,110,146,2,1,1,4,3,1,8,3,5,21,7,14,26,23,3,24,5,19,34,5,29,10,8,2,83,36,47,44,19,25
S01008900,241,101,140,2,2,0,8,4,4,5,1,4,25,7,18,24,19,5,23,3,20,21,2,19,27,24,3,64,25,39,42,14,28
S01008901,230,102,128,12,8,4,10,3,7,7,3,4,16,1,15,27,23,4,21,2,19,16,1,15,20,16,4,48,20,28,53,25,28
S01008902,283,114,169,4,2,2,13,7,6,12,7,5,23,4,19,21,17,4,21,4,17,29,6,23,15,8,7,68,27,41,77,32,45
S01008903,264,120,144,6,4,2,3,0,3,9,4,5,28,3,25,33,30,3,30,4,26,17,3,14,30,26,4,62,22,40,46,24,22
S01008904,322,142,180,5,3,2,10,5,5,4,2,2,19,5,14,23,17,6,21,5,16,17,3,14,27,24,3,71,21,50,125,57,68
S01008905,395,181,214,8,4,4,5,2,3,15,10,5,22,6,16,21,19,2,33,5,28,54,15,39,20,17,3,123,64,59,94,39,55
S01008906,275,126,149,5,2,3,11,5,6,10,7,3,18,4,14,23,19,4,26,2,24,31,11,20,17,14,3,86,43,43,48,19,29
S01008907,222,83,139,2,0,2,4,1,3,4,3,1,6,3,3,31,26,5,16,2,14,22,2,20,4,3,1,66,18,48,67,25,42
S01008908,288,125,163,11,5,6,7,2,5,13,9,4,33,3,30,27,25,2,17,2,15,32,8,24,20,18,2,55,24,31,73,29,44
S01008909,206,82,124,8,6,2,7,3,4,10,6,4,23,5,18,21,17,4,22,1,21,23,4,19,9,8,1,50,14,36,33,18,15
S01008910,98,35,63,1,0,1,0,0,0,3,1,2,11,0,11,10,9,1,11,2,9,8,0,8,6,5,1,22,8,14,26,10,16
S01008911,144,51,93,5,3,2,20,3,17,11,6,5,16,2,14,6,6,0,9,2,7,30,9,21,3,3,0,25,10,15,19,7,12
S01008912,167,64,103,11,5,6,26,6,20,16,11,5,30,3,27,15,13,2,20,8,12,13,3,10,2,1,1,14,9,5,20,5,15
S01008913,117,46,71,2,0,2,8,3,5,5,1,4,16,3,13,13,12,1,13,1,12,15,2,13,4,4,0,14,7,7,27,13,14
S01008914,191,89,102,2,1,1,8,3,5,12,11,1,28,3,25,23,21,2,14,2,12,19,5,14,14,12,2,44,16,28,27,15,12
S01008915,130,55,75,6,6,0,14,4,10,12,7,5,22,3,19,12,9,3,8,1,7,6,0,6,4,2,2,12,3,9,34,20,14
S01008916,376,177,199,8,6,2,17,9,8,19,11,8,24,4,20,39,33,6,31,3,28,40,9,31,37,31,6,110,54,56,51,17,34
S01008917,255,127,128,3,2,1,10,5,5,9,7,2,16,2,14,27,19,8,22,6,16,19,3,16,17,14,3,79,43,36,53,26,27
S01008918,212,98,114,6,4,2,7,3,4,5,5,0,8,2,6,26,20,6,18,4,14,20,4,16,16,12,4,50,25,25,56,19,37
S01008919,202,91,111,2,1,1,5,0,5,6,2,4,14,4,10,16,11,5,18,3,15,12,3,9,13,10,3,61,33,28,55,24,31
S01008920,190,75,115,11,5,6,16,6,10,17,10,7,21,1,20,13,11,2,18,1,17,13,2,11,5,3,2,35,20,15,41,16,25
S01008921,278,124,154,3,1,2,5,2,3,7,5,2,11,2,9,37,30,7,21,6,15,25,6,19,17,11,6,85,35,50,67,26,41
S01008922,256,111,145,8,6,2,8,4,4,8,3,5,30,3,27,24,18,6,23,7,16,26,5,21,15,13,2,64,30,34,50,22,28
S01008923,205,85,120,3,1,2,10,7,3,9,5,4,26,1,25,13,13,0,19,3,16,14,7,7,18,16,2,63,22,41,30,10,20
S01008924,305,116,189,8,2,6,10,4,6,7,6,1,17,3,14,21,13,8,25,4,21,45,10,35,21,18,3,75,29,46,76,27,49
S01008925,141,51,90,4,3,1,2,1,1,7,1,6,11,3,8,9,8,1,10,1,9,17,3,14,11,6,5,42,16,26,28,9,19
S01008926,125,49,76,2,0,2,4,1,3,9,4,5,9,0,9,12,10,2,14,2,12,10,0,10,11,10,1,27,11,16,27,11,16
S01008927,156,54,102,5,2,3,10,5,5,6,4,2,15,4,11,7,4,3,33,4,29,21,5,16,8,6,2,25,12,13,26,8,18
S01008928,214,102,112,3,2,1,6,5,1,12,6,6,15,3,12,28,23,5,18,5,13,19,4,15,10,9,1,69,29,40,34,16,18
S01008929,378,230,148,4,4,0,10,5,5,13,10,3,17,6,11,39,34,5,32,7,25,23,4,19,37,34,3,117,78,39,86,48,38
S01008930,327,149,178,5,3,2,12,8,4,10,3,7,11,6,5,32,29,3,34,3,31,28,6,22,17,14,3,107,41,66,71,36,35
S01008931,241,109,132,4,1,3,2,0,2,7,3,4,14,5,9,17,13,4,11,3,8,23,2,21,17,14,3,74,34,40,72,34,38
S01008932,176,68,108,3,2,1,9,5,4,12,8,4,7,0,7,16,11,5,18,1,17,15,1,14,12,7,5,37,15,22,47,18,29
S01008933,207,85,122,4,0,4,7,3,4,4,3,1,5,1,4,17,13,4,16,2,14,14,4,10,16,14,2,58,22,36,66,23,43
S01008934,209,93,116,2,0,2,9,4,5,7,5,2,13,1,12,18,15,3,18,5,13,28,8,20,12,9,3,46,20,26,56,26,30
S01008935,203,71,132,12,6,6,32,10,22,11,7,4,51,7,44,15,12,3,15,0,15,16,3,13,8,7,1,19,5,14,24,14,10
S01008936,79,33,46,9,6,3,16,7,9,9,5,4,18,1,17,3,3,0,6,2,4,7,1,6,1,1,0,1,1,0,9,6,3
S01008937,208,98,110,12,5,7,24,13,11,12,5,7,53,12,41,15,13,2,13,3,10,17,7,10,8,8,0,25,16,9,29,16,13
S01008938,149,66,83,5,2,3,23,9,14,11,8,3,33,2,31,16,14,2,11,2,9,12,5,7,6,5,1,3,0,3,29,19,10
S01008939,189,79,110,12,7,5,23,14,9,17,10,7,33,5,28,16,12,4,19,0,19,17,5,12,7,6,1,16,4,12,29,16,13
S01008940,154,58,96,14,10,4,46,14,32,14,7,7,36,4,32,4,4,0,5,0,5,9,6,3,1,1,0,5,2,3,20,10,10
S01008941,193,72,121,32,20,12,56,19,37,24,9,15,31,3,28,8,5,3,7,2,5,13,3,10,3,2,1,3,0,3,16,9,7
S01008942,143,56,87,5,3,2,32,14,18,20,9,11,25,5,20,6,5,1,5,1,4,7,0,7,4,2,2,11,6,5,28,11,17
S01008943,256,98,158,31,22,9,64,21,43,30,16,14,52,7,45,6,2,4,10,0,10,14,3,11,2,2,0,13,7,6,34,18,16
S01008944,279,112,167,41,34,7,73,27,46,33,13,20,62,9,53,6,3,3,6,0,6,16,5,11,4,3,1,9,6,3,29,12,17
S01008945,165,65,100,20,14,6,42,14,28,16,6,10,39,7,32,1,1,0,5,0,5,8,3,5,3,3,0,10,4,6,21,13,8
S01008946,258,115,143,24,13,11,74,32,42,34,24,10,41,7,34,9,9,0,8,1,7,22,7,15,3,3,0,12,6,6,31,13,18
S01008947,230,100,130,20,14,6,60,22,38,21,13,8,38,5,33,5,4,1,8,0,8,19,8,11,6,5,1,8,6,2,45,23,22
S01008948,155,66,89,18,14,4,31,8,23,8,5,3,24,5,19,12,11,1,11,2,9,15,3,12,1,1,0,11,8,3,24,9,15
S01008949,217,93,124,5,1,4,10,3,7,9,6,3,29,5,24,26,22,4,25,2,23,24,5,19,18,13,5,30,13,17,41,23,18
S01008950,218,105,113,11,9,2,16,5,11,7,3,4,19,4,15,16,13,3,15,3,12,29,3,26,11,11,0,51,24,27,43,30,13
S01008951,230,92,138,5,3,2,9,3,6,8,4,4,26,2,24,29,28,1,23,4,19,24,5,19,11,9,2,49,17,32,46,17,29
S01008952,227,100,127,2,2,0,4,2,2,8,3,5,24,8,16,23,18,5,25,5,20,30,6,24,16,15,1,57,24,33,38,17,21
S01008953,224,100,124,7,7,0,12,6,6,11,7,4,19,3,16,21,15,6,14,2,12,25,8,17,17,17,0,51,16,35,47,19,28
S01008954,224,104,120,6,2,4,9,5,4,13,7,6,22,3,19,32,28,4,20,2,18,21,8,13,15,14,1,50,24,26,36,11,25
S01008955,127,56,71,12,7,5,21,6,15,11,5,6,19,6,13,7,6,1,7,0,7,10,4,6,5,5,0,8,4,4,27,13,14
S01008956,179,71,108,8,5,3,22,4,18,15,10,5,24,5,19,13,12,1,19,0,19,22,3,19,7,6,1,22,8,14,27,18,9
S01008957,265,128,137,9,4,5,31,14,17,22,15,7,51,11,40,25,23,2,14,2,12,26,7,19,14,13,1,26,13,13,47,26,21
S01008958,182,90,92,3,2,1,13,6,7,15,9,6,26,6,20,19,16,3,7,1,6,14,4,10,7,4,3,34,19,15,44,23,21
S01008959,198,81,117,4,1,3,15,5,10,11,6,5,43,9,34,15,12,3,8,2,6,32,7,25,11,11,0,31,18,13,28,10,18
S01008960,131,52,79,13,9,4,19,3,16,9,5,4,20,1,19,5,4,1,3,0,3,17,5,12,2,2,0,7,4,3,36,19,17
S01008961,191,89,102,15,10,5,32,16,16,24,15,9,23,1,22,9,9,0,9,0,9,16,6,10,9,7,2,24,11,13,30,14,16
S01008962,145,60,85,13,10,3,18,4,14,14,8,6,32,7,25,13,10,3,8,1,7,15,4,11,5,5,0,13,3,10,14,8,6
S01008963,188,91,97,13,7,6,35,12,23,17,10,7,36,7,29,20,17,3,9,2,7,14,4,10,8,8,0,8,5,3,28,19,9
S01008964,108,54,54,7,5,2,17,9,8,18,7,11,23,6,17,5,4,1,4,0,4,7,5,2,4,4,0,7,4,3,16,10,6
S01008965,193,80,113,18,14,4,36,14,22,18,12,6,62,11,51,8,7,1,8,1,7,5,4,1,6,5,1,12,5,7,20,7,13
S01008966,120,47,73,4,3,1,16,6,10,9,5,4,36,8,28,9,6,3,6,0,6,13,4,9,3,3,0,4,1,3,20,11,9
S01008967,236,81,155,17,6,11,54,24,30,23,13,10,53,9,44,13,9,4,12,2,10,16,2,14,3,3,0,16,4,12,29,9,20
S01008968,209,91,118,12,6,6,48,25,23,19,10,9,52,11,41,12,11,1,10,3,7,17,4,13,8,7,1,9,3,6,22,11,11
S01008969,233,98,135,12,9,3,38,9,29,24,14,10,40,5,35,23,20,3,12,3,9,19,7,12,14,13,1,26,8,18,25,10,15
S01008970,204,92,112,20,14,6,54,24,30,17,8,9,40,2,38,8,7,1,7,1,6,8,3,5,4,3,1,13,8,5,33,22,11
S01008971,154,67,87,11,8,3,40,16,24,13,9,4,33,5,28,6,5,1,7,1,6,12,5,7,5,4,1,6,4,2,21,10,11
S01008972,163,64,99,10,9,1,60,22,38,18,6,12,29,5,24,1,1,0,4,0,4,7,2,5,1,0,1,3,0,3,30,19,11
S01008973,188,77,111,12,7,5,33,14,19,11,6,5,44,6,38,14,13,1,10,2,8,10,4,6,6,1,5,14,6,8,34,18,16
S01008974,187,76,111,10,5,5,31,10,21,20,12,8,41,11,30,7,7,0,14,3,11,13,3,10,7,4,3,24,12,12,20,9,11
S01008975,178,72,106,7,2,5,13,5,8,12,4,8,27,6,21,19,18,1,14,2,12,22,2,20,14,13,1,29,11,18,21,9,12
S01008976,137,62,75,10,7,3,27,11,16,11,3,8,28,4,24,10,8,2,7,1,6,7,2,5,8,7,1,12,8,4,17,11,6
S01008977,136,53,83,6,6,0,22,6,16,16,7,9,37,7,30,12,10,2,5,0,5,10,1,9,4,3,1,6,2,4,18,11,7
S01008978,127,57,70,6,5,1,8,3,5,5,1,4,29,7,22,12,10,2,10,3,7,16,3,13,10,10,0,17,5,12,14,10,4
S01008979,138,50,88,8,3,5,9,2,7,4,2,2,18,3,15,15,13,2,19,1,18,11,1,10,4,2,2,11,5,6,39,18,21
S01008980,158,49,109,3,2,1,5,2,3,9,3,6,20,4,16,15,8,7,15,0,15,25,6,19,5,5,0,26,6,20,35,13,22
S01008981,155,62,93,6,5,1,20,10,10,11,7,4,37,7,30,12,11,1,12,1,11,18,2,16,11,9,2,19,6,13,9,4,5
S01008982,174,69,105,8,5,3,10,3,7,8,3,5,28,5,23,11,11,0,13,0,13,22,4,18,11,7,4,29,14,15,34,17,17
S01008983,109,52,57,5,3,2,7,4,3,2,2,0,15,1,14,6,6,0,8,1,7,13,2,11,7,7,0,18,8,10,28,18,10
S01008984,111,35,76,5,1,4,5,1,4,8,6,2,15,1,14,13,12,1,13,1,12,6,2,4,4,4,0,26,3,23,16,4,12
S01008985,131,67,64,4,3,1,6,2,4,9,6,3,29,7,22,17,16,1,8,1,7,9,2,7,6,6,0,25,15,10,18,9,9
S01008986,142,61,81,9,4,5,13,5,8,12,8,4,37,6,31,12,10,2,10,2,8,13,3,10,6,6,0,11,6,5,19,11,8
S01008987,191,90,101,6,4,2,14,9,5,12,8,4,55,12,43,25,22,3,10,3,7,19,4,15,8,6,2,17,5,12,25,17,8
S01008988,248,110,138,16,10,6,23,11,12,7,5,2,51,9,42,25,23,2,14,5,9,21,5,16,11,9,2,38,12,26,42,21,21
S01008989,108,50,58,4,3,1,10,9,1,6,4,2,19,4,15,7,5,2,13,1,12,7,4,3,4,4,0,16,9,7,22,7,15
S01008990,112,46,66,4,3,1,14,4,10,8,4,4,22,8,14,11,9,2,10,0,10,10,2,8,3,3,0,13,6,7,17,7,10
S01008991,146,60,86,9,4,5,12,3,9,7,3,4,24,4,20,12,10,2,5,1,4,15,6,9,3,2,1,17,7,10,42,20,22
S01008992,147,69,78,5,4,1,12,2,10,12,10,2,25,4,21,14,12,2,9,2,7,10,2,8,4,2,2,30,16,14,26,15,11
S01008993,228,88,140,22,14,8,35,12,23,19,10,9,43,9,34,16,12,4,15,0,15,21,2,19,6,4,2,19,8,11,32,17,15
S01008994,200,83,117,8,4,4,12,5,7,8,3,5,21,3,18,19,14,5,19,1,18,12,4,8,18,16,2,45,17,28,38,16,22
S01008995,180,80,100,11,7,4,33,15,18,19,11,8,32,4,28,9,8,1,9,1,8,12,3,9,5,4,1,16,10,6,34,17,17
S01008996,144,60,84,4,2,2,7,4,3,7,4,3,18,2,16,9,6,3,12,2,10,15,3,12,14,10,4,38,18,20,20,9,11
S01008997,189,81,108,9,5,4,15,5,10,8,3,5,23,1,22,18,13,5,16,3,13,18,8,10,15,11,4,30,15,15,37,17,20
S01008998,189,81,108,4,0,4,7,2,5,11,8,3,16,4,12,13,11,2,14,1,13,23,3,20,22,17,5,42,18,24,37,17,20
S01008999,249,108,141,15,11,4,22,6,16,10,6,4,33,7,26,22,19,3,22,2,20,29,6,23,26,22,4,45,15,30,25,14,11
S01009000,225,98,127,18,11,7,32,15,17,18,10,8,47,8,39,22,14,8,19,1,18,24,10,14,9,8,1,16,10,6,20,11,9
S01009001,194,72,122,13,7,6,25,9,16,18,10,8,48,7,41,13,11,2,7,0,7,22,3,19,9,4,5,9,6,3,30,15,15
S01009002,170,72,98,15,10,5,27,9,18,17,8,9,25,3,22,12,9,3,15,1,14,13,6,7,7,4,3,20,13,7,19,9,10
S01009003,191,62,129,14,9,5,37,13,24,12,4,8,34,4,30,6,6,0,12,1,11,14,1,13,7,6,1,27,6,21,28,12,16
S01009004,133,51,82,0,0,0,17,9,8,3,1,2,27,8,19,11,7,4,9,0,9,13,1,12,12,11,1,24,5,19,17,9,8
S01009005,171,70,101,8,6,2,12,9,3,15,8,7,32,7,25,16,13,3,17,0,17,19,2,17,5,4,1,24,8,16,23,13,10
S01009006,214,92,122,6,2,4,17,10,7,13,6,7,40,7,33,18,18,0,13,0,13,19,4,15,14,12,2,39,18,21,35,15,20
S01009007,168,76,92,4,1,3,8,3,5,10,7,3,20,3,17,21,18,3,13,1,12,17,3,14,19,8,11,29,13,16,27,19,8
S01009008,237,110,127,16,11,5,54,32,22,30,17,13,41,5,36,10,7,3,17,2,15,15,3,12,7,3,4,24,14,10,23,16,7
S01009009,125,52,73,7,5,2,7,3,4,3,1,2,16,4,12,16,14,2,8,1,7,15,0,15,3,1,2,34,18,16,16,5,11
S01009010,184,84,100,7,4,3,26,10,16,13,11,2,29,8,21,17,13,4,11,0,11,11,3,8,9,7,2,21,8,13,40,20,20
S01009011,128,56,72,4,2,2,21,10,11,7,5,2,23,5,18,4,4,0,16,2,14,11,3,8,9,8,1,18,5,13,15,12,3
S01009012,139,60,79,10,8,2,19,4,15,17,9,8,28,5,23,8,8,0,7,0,7,9,2,7,9,9,0,12,7,5,20,8,12
S01009013,188,76,112,15,9,6,20,13,7,18,10,8,29,6,23,14,11,3,17,2,15,17,4,13,7,4,3,14,4,10,37,13,24
S01009014,141,65,76,8,4,4,16,2,14,7,5,2,7,1,6,18,16,2,16,2,14,12,1,11,13,12,1,27,12,15,17,10,7
S01009015,179,79,100,6,4,2,25,8,17,10,8,2,6,1,5,29,26,3,21,1,20,8,0,8,21,19,2,33,6,27,20,6,14
S01009016,137,64,73,5,2,3,24,6,18,7,1,6,8,3,5,22,20,2,11,0,11,9,0,9,13,12,1,25,11,14,13,9,4
S01009017,169,79,90,11,9,2,14,4,10,9,5,4,12,3,9,23,20,3,21,1,20,15,2,13,13,13,0,33,13,20,18,9,9
S01009018,170,89,81,11,7,4,13,7,6,3,0,3,6,0,6,23,18,5,11,1,10,15,5,10,15,15,0,47,24,23,26,12,14
S01009019,113,50,63,9,4,5,13,1,12,7,5,2,8,2,6,18,15,3,12,0,12,3,1,2,11,11,0,24,10,14,8,1,7
S01009020,148,71,77,8,6,2,13,5,8,7,3,4,9,5,4,17,16,1,20,0,20,9,2,7,7,6,1,39,17,22,19,11,8
S01009021,183,87,96,14,8,6,42,14,28,12,9,3,10,3,7,21,17,4,21,1,20,5,1,4,15,15,0,20,7,13,23,12,11
S01009022,231,107,124,7,5,2,38,14,24,16,12,4,15,4,11,37,29,8,32,4,28,8,0,8,20,13,7,38,17,21,20,9,11
S01009023,277,135,142,8,3,5,43,16,27,15,11,4,16,1,15,41,37,4,42,3,39,6,1,5,25,23,2,56,30,26,25,10,15
S01009024,274,139,135,16,10,6,33,7,26,14,11,3,26,8,18,47,39,8,33,2,31,10,2,8,23,20,3,56,31,25,16,9,7
S01009025,230,111,119,13,8,5,42,11,31,13,5,8,16,5,11,34,30,4,17,3,14,13,1,12,21,18,3,35,17,18,26,13,13
S01009026,254,129,125,11,10,1,34,12,22,8,5,3,19,2,17,51,45,6,29,2,27,19,6,13,24,21,3,34,15,19,25,11,14
S01009027,229,104,125,21,13,8,32,11,21,19,16,3,16,0,16,34,25,9,27,2,25,9,2,7,19,16,3,25,7,18,27,12,15
S01009028,139,63,76,4,2,2,28,9,19,9,4,5,14,1,13,30,26,4,12,1,11,4,1,3,7,6,1,17,8,9,14,5,9
S01009029,171,76,95,7,5,2,29,8,21,5,2,3,10,2,8,32,26,6,16,1,15,10,1,9,18,14,4,22,7,15,22,10,12
S01009030,184,84,100,1,1,0,18,7,11,9,5,4,19,4,15,32,21,11,18,1,17,15,5,10,19,17,2,30,12,18,23,11,12
S01009031,201,85,116,4,2,2,16,3,13,14,8,6,23,3,20,33,26,7,30,1,29,13,4,9,26,22,4,23,9,14,19,7,12
S01009032,201,99,102,7,4,3,29,10,19,9,6,3,22,2,20,36,32,4,22,2,20,10,4,6,17,15,2,37,19,18,12,5,7
S01009033,215,103,112,4,2,2,30,6,24,10,4,6,16,5,11,37,32,5,24,2,22,9,3,6,31,26,5,32,14,18,22,9,13
S01009034,184,85,99,5,3,2,27,7,20,13,9,4,15,3,12,27,22,5,20,1,19,15,2,13,22,18,4,26,12,14,14,8,6
S01009035,210,94,116,6,4,2,28,6,22,18,14,4,15,1,14,32,25,7,22,2,20,17,4,13,13,7,6,30,13,17,29,18,11
S01009036,229,114,115,11,7,4,35,13,22,15,12,3,15,2,13,37,33,4,20,2,18,13,2,11,15,13,2,38,16,22,30,14,16
S01009037,196,86,110,8,8,0,25,8,17,7,4,3,19,1,18,33,27,6,21,2,19,13,2,11,12,11,1,31,11,20,27,12,15
S01009038,245,115,130,9,7,2,28,13,15,14,9,5,24,4,20,31,27,4,20,1,19,26,6,20,12,11,1,31,11,20,50,26,24
S01009039,171,84,87,6,2,4,12,2,10,2,1,1,15,5,10,36,28,8,11,0,11,24,5,19,13,12,1,28,16,12,24,13,11
S01009040,145,71,74,2,1,1,15,3,12,5,3,2,11,2,9,22,21,1,17,1,16,10,2,8,13,12,1,32,18,14,18,8,10
S01009041,199,93,106,7,5,2,34,13,21,11,8,3,17,2,15,39,32,7,12,1,11,16,1,15,14,11,3,28,9,19,21,11,10
S01009042,195,83,112,8,6,2,14,4,10,12,7,5,21,3,18,26,22,4,24,2,22,14,4,10,15,8,7,34,11,23,27,16,11
S01009043,152,66,86,4,2,2,17,8,9,5,3,2,21,4,17,23,20,3,8,0,8,19,4,15,8,8,0,25,11,14,22,6,16
S01009044,199,83,116,11,6,5,22,9,13,11,7,4,21,3,18,25,20,5,18,1,17,23,3,20,22,17,5,33,12,21,13,5,8
S01009045,170,72,98,7,5,2,20,7,13,4,3,1,19,3,16,28,24,4,20,1,19,16,1,15,17,15,2,25,7,18,14,6,8
S01009046,202,76,126,7,5,2,23,0,23,15,9,6,23,7,16,34,28,6,18,1,17,17,2,15,6,6,0,30,7,23,29,11,18
S01009047,173,87,86,7,4,3,25,9,16,15,9,6,16,2,14,31,31,0,19,3,16,11,2,9,9,8,1,23,10,13,17,9,8
S01009048,199,97,102,6,1,5,35,12,23,3,1,2,24,7,17,31,28,3,21,3,18,11,2,9,18,16,2,28,13,15,22,14,8
S01009049,156,70,86,12,6,6,20,8,12,9,8,1,20,4,16,18,16,2,15,1,14,16,4,12,17,14,3,22,6,16,7,3,4
S01009050,188,91,97,12,10,2,24,8,16,8,5,3,27,6,21,16,12,4,10,2,8,13,3,10,22,18,4,21,8,13,35,19,16
S01009051,148,58,90,5,0,5,8,2,6,6,2,4,7,1,6,13,8,5,9,1,8,16,1,15,21,17,4,33,13,20,30,13,17
S01009052,168,75,93,10,6,4,12,3,9,12,8,4,15,1,14,23,22,1,15,1,14,21,2,19,15,9,6,28,14,14,17,9,8
S01009053,212,113,99,4,2,2,2,0,2,2,1,1,7,3,4,27,25,2,17,5,12,28,4,24,23,13,10,64,44,20,38,16,22
S01009054,174,80,94,6,5,1,7,0,7,10,8,2,20,3,17,22,20,2,20,2,18,22,4,18,20,14,6,21,7,14,26,17,9
S01009055,190,88,102,11,9,2,23,9,14,7,4,3,21,2,19,26,21,5,14,1,13,16,1,15,24,19,5,26,11,15,22,11,11
S01009056,196,90,106,12,8,4,0,0,0,2,1,1,7,1,6,24,23,1,22,2,20,25,1,24,34,22,12,41,23,18,29,9,20
S01009057,167,72,95,3,1,2,8,3,5,8,6,2,11,1,10,23,16,7,16,3,13,15,2,13,16,10,6,39,16,23,28,14,14
S01009058,237,113,124,6,2,4,12,1,11,9,8,1,28,7,21,39,31,8,28,8,20,27,5,22,28,21,7,36,17,19,24,13,11
S01009059,183,83,100,6,2,4,13,3,10,10,7,3,14,1,13,25,22,3,10,2,8,20,2,18,13,10,3,27,12,15,45,22,23
S01009060,76,28,48,8,2,6,8,3,5,3,3,0,12,1,11,7,6,1,6,1,5,3,0,3,3,2,1,7,2,5,19,8,11
S01009061,199,87,112,7,2,5,8,3,5,10,8,2,15,0,15,24,20,4,15,3,12,21,1,20,18,16,2,55,23,32,26,11,15
S01009062,214,96,118,8,6,2,7,5,2,11,10,1,19,1,18,26,24,2,18,2,16,25,6,19,32,21,11,42,9,33,26,12,14
S01009063,179,85,94,9,6,3,21,8,13,13,11,2,17,4,13,20,16,4,19,3,16,19,3,16,12,11,1,27,11,16,22,12,10
S01009064,161,65,96,4,2,2,10,2,8,8,6,2,17,1,16,23,20,3,17,3,14,16,1,15,15,11,4,34,11,23,17,8,9
S01009065,208,91,117,5,3,2,10,1,9,6,4,2,11,2,9,22,20,2,17,2,15,25,4,21,22,17,5,43,16,27,47,22,25
S01009066,216,94,122,10,7,3,8,3,5,11,5,6,12,1,11,27,25,2,16,2,14,28,2,26,30,23,7,47,18,29,27,8,19
S01009067,135,54,81,5,5,0,12,4,8,5,3,2,14,1,13,15,10,5,13,0,13,16,2,14,7,5,2,21,9,12,27,15,12
S01009068,207,91,116,6,2,4,18,6,12,11,6,5,25,3,22,23,19,4,19,5,14,20,4,16,22,18,4,35,12,23,28,16,12
S01009069,130,57,73,9,7,2,26,8,18,9,5,4,15,4,11,10,9,1,9,1,8,12,1,11,11,7,4,17,10,7,12,5,7
S01009070,140,63,77,5,3,2,11,2,9,11,6,5,17,1,16,23,21,2,11,0,11,13,4,9,14,9,5,14,6,8,21,11,10
S01009071,125,55,70,4,3,1,6,3,3,7,5,2,16,1,15,11,10,1,13,3,10,13,0,13,13,9,4,22,10,12,20,11,9
S01009072,131,56,75,4,2,2,6,2,4,7,5,2,12,2,10,10,9,1,11,1,10,17,2,15,16,9,7,24,12,12,24,12,12
S01009073,189,76,113,7,3,4,5,0,5,6,4,2,13,2,11,30,23,7,20,4,16,14,1,13,28,15,13,38,11,27,28,13,15
S01009074,209,85,124,4,3,1,5,3,2,10,7,3,10,1,9,17,13,4,24,1,23,18,0,18,31,18,13,51,21,30,39,18,21
S01009075,175,78,97,9,7,2,6,2,4,6,2,4,17,1,16,25,22,3,13,0,13,16,2,14,26,15,11,36,16,20,21,11,10
S01009076,202,92,110,5,4,1,19,10,9,18,11,7,32,6,26,18,16,2,21,5,16,14,1,13,22,18,4,23,9,14,30,12,18
S01009077,174,80,94,10,8,2,21,6,15,8,6,2,17,1,16,19,16,3,11,1,10,11,3,8,14,13,1,33,11,22,30,15,15
S01009078,107,45,62,9,5,4,13,5,8,9,5,4,9,1,8,5,4,1,9,0,9,12,5,7,5,2,3,15,5,10,21,13,8
S01009079,253,103,150,6,1,5,8,4,4,13,11,2,25,2,23,39,32,7,26,5,21,23,2,21,26,16,10,49,17,32,38,13,25
S01009080,272,97,175,17,12,5,9,2,7,14,4,10,26,2,24,28,22,6,19,1,18,40,4,36,31,22,9,52,16,36,36,12,24
S01009081,169,73,96,6,3,3,15,6,9,11,5,6,15,2,13,21,19,2,14,1,13,23,3,20,11,9,2,33,14,19,20,11,9
S01009082,270,112,158,10,3,7,7,3,4,6,2,4,25,5,20,35,30,5,27,2,25,30,6,24,30,19,11,53,20,33,47,22,25
S01009083,214,91,123,9,5,4,12,3,9,9,5,4,23,4,19,27,25,2,16,0,16,30,3,27,27,22,5,31,11,20,30,13,17
S01009084,92,36,56,4,2,2,9,2,7,3,2,1,13,2,11,11,10,1,7,1,6,12,2,10,6,6,0,8,4,4,19,5,14
S01009085,75,29,46,4,2,2,4,1,3,4,2,2,9,0,9,4,4,0,6,0,6,10,3,7,6,4,2,6,1,5,22,12,10
S01009086,175,77,98,7,4,3,13,8,5,5,2,3,18,5,13,22,20,2,17,1,16,17,2,15,20,15,5,36,12,24,20,8,12
S01009087,183,76,107,5,3,2,5,1,4,15,5,10,17,4,13,18,14,4,21,2,19,22,4,18,19,14,5,41,17,24,20,12,8
S01009088,265,117,148,26,17,9,31,11,20,14,6,8,35,8,27,28,23,5,21,2,19,23,4,19,16,13,3,37,14,23,34,19,15
S01009089,143,51,92,12,5,7,13,5,8,14,9,5,21,3,18,7,7,0,12,1,11,16,4,12,2,1,1,12,4,8,34,12,22
S01009090,102,50,52,2,0,2,4,0,4,9,6,3,12,1,11,14,12,2,7,1,6,6,2,4,9,6,3,20,12,8,19,10,9
S01009091,86,34,52,8,6,2,15,5,10,11,8,3,10,0,10,3,2,1,5,0,5,8,3,5,5,2,3,5,3,2,16,5,11
S01009092,280,128,152,13,9,4,39,13,26,14,8,6,28,4,24,28,24,4,26,4,22,31,7,24,39,31,8,40,17,23,22,11,11
S01009093,195,73,122,5,1,4,10,4,6,6,3,3,14,2,12,25,22,3,26,5,21,23,5,18,15,10,5,43,11,32,28,10,18
S01009094,194,84,110,15,12,3,55,19,36,15,9,6,35,6,29,10,10,0,14,3,11,13,6,7,7,5,2,10,1,9,20,13,7
S01009095,198,98,100,13,7,6,17,7,10,18,8,10,15,2,13,21,20,1,13,3,10,18,4,14,15,12,3,24,12,12,44,23,21
S01009096,148,66,82,4,1,3,13,5,8,13,8,5,13,1,12,9,8,1,10,1,9,21,6,15,13,10,3,23,10,13,29,16,13
S01009097,165,66,99,7,4,3,19,8,11,12,6,6,22,4,18,14,12,2,25,3,22,19,2,17,5,5,0,7,1,6,35,21,14
S01009098,141,65,76,17,15,2,22,10,12,11,9,2,19,1,18,9,5,4,6,0,6,19,2,17,12,8,4,6,3,3,20,12,8
S01009099,203,94,109,4,1,3,21,7,14,12,9,3,15,1,14,30,27,3,14,3,11,28,7,21,12,11,1,31,9,22,36,19,17
S01009100,223,99,124,10,4,6,11,4,7,8,5,3,12,1,11,17,17,0,27,5,22,22,5,17,17,9,8,37,14,23,62,35,27
S01009101,255,112,143,7,3,4,14,7,7,10,7,3,12,1,11,30,27,3,21,4,17,41,6,35,30,21,9,52,18,34,38,18,20
S01009102,231,96,135,5,2,3,5,0,5,6,3,3,16,5,11,18,13,5,16,2,14,35,9,26,25,16,9,48,17,31,57,29,28
S01009103,164,71,93,9,7,2,16,7,9,15,9,6,25,4,21,12,9,3,17,1,16,12,1,11,16,11,5,20,12,8,22,10,12
S01009104,223,97,126,7,2,5,18,5,13,9,7,2,27,2,25,30,23,7,16,2,14,23,5,18,25,24,1,36,13,23,32,14,18
S01009105,173,74,99,7,2,5,10,4,6,14,8,6,16,3,13,22,20,2,20,2,18,14,1,13,17,14,3,23,5,18,30,15,15
S01009106,127,52,75,4,2,2,15,1,14,7,5,2,12,1,11,11,9,2,16,2,14,18,5,13,11,10,1,25,11,14,8,6,2
S01009107,164,74,90,7,3,4,23,11,12,11,8,3,20,2,18,6,3,3,15,0,15,13,3,10,15,12,3,24,13,11,30,19,11
S01009108,175,70,105,9,9,0,34,10,24,10,7,3,37,5,32,15,15,0,9,0,9,14,3,11,11,10,1,15,4,11,21,7,14
S01009109,168,73,95,11,6,5,24,12,12,17,12,5,25,4,21,11,10,1,9,0,9,18,3,15,13,12,1,21,7,14,19,7,12
S01009110,164,65,99,2,1,1,16,5,11,11,5,6,18,2,16,29,24,5,19,2,17,18,1,17,14,10,4,22,5,17,15,10,5
S01009111,157,60,97,6,1,5,18,7,11,9,4,5,24,4,20,18,16,2,13,2,11,15,1,14,4,4,0,20,7,13,30,14,16
S01009112,148,67,81,7,5,2,42,15,27,13,13,0,22,5,17,11,9,2,10,3,7,19,2,17,9,7,2,7,5,2,8,3,5
S01009113,216,95,121,13,8,5,17,8,9,23,20,3,25,2,23,22,16,6,20,0,20,22,1,21,25,20,5,18,6,12,31,14,17
S01009114,149,73,76,4,2,2,8,5,3,4,2,2,7,2,5,18,16,2,11,1,10,20,4,16,11,11,0,29,13,16,37,17,20
S01009115,115,58,57,7,5,2,12,6,6,10,8,2,13,1,12,11,10,1,11,0,11,9,3,6,9,5,4,19,10,9,14,10,4
S01009116,122,54,68,9,8,1,17,9,8,8,5,3,22,1,21,15,14,1,13,0,13,6,2,4,5,4,1,8,5,3,19,6,13
S01009117,189,82,107,9,3,6,3,1,2,6,2,4,13,3,10,15,12,3,20,0,20,20,6,14,30,19,11,37,16,21,36,20,16
S01009118,83,36,47,4,2,2,1,1,0,1,0,1,12,3,9,11,9,2,5,1,4,6,2,4,9,7,2,12,4,8,22,7,15
S01009119,225,104,121,6,4,2,4,0,4,6,4,2,7,1,6,26,22,4,25,5,20,25,3,22,31,20,11,56,26,30,39,19,20
S01009120,148,70,78,3,3,0,6,1,5,7,2,5,7,0,7,14,12,2,16,4,12,13,2,11,15,14,1,46,21,25,21,11,10
S01009121,207,95,112,3,2,1,9,4,5,6,4,2,21,2,19,30,23,7,15,3,12,21,4,17,31,24,7,47,14,33,24,15,9
S01009122,259,106,153,17,7,10,28,13,15,16,9,7,23,3,20,30,22,8,27,6,21,23,1,22,27,16,11,45,19,26,23,10,13
S01009123,123,46,77,11,4,7,8,2,6,10,7,3,12,0,12,12,10,2,7,0,7,7,2,5,8,7,1,24,7,17,24,7,17
S01009124,96,41,55,9,4,5,11,6,5,4,1,3,10,1,9,9,8,1,8,0,8,7,0,7,12,10,2,16,7,9,10,4,6
S01009125,194,85,109,13,7,6,18,5,13,6,5,1,12,1,11,16,14,2,19,0,19,13,0,13,32,25,7,43,20,23,22,8,14
S01009126,200,98,102,2,0,2,7,3,4,6,2,4,5,1,4,29,26,3,14,4,10,16,5,11,14,10,4,51,22,29,56,25,31
S01009127,196,86,110,2,0,2,4,2,2,7,5,2,14,4,10,20,17,3,21,4,17,17,3,14,23,17,6,54,21,33,34,13,21
S01009128,275,127,148,5,3,2,5,1,4,8,4,4,9,2,7,25,20,5,28,5,23,33,12,21,34,27,7,68,25,43,60,28,32
S01009129,156,69,87,3,1,2,6,0,6,3,3,0,6,1,5,15,14,1,18,3,15,18,3,15,18,13,5,40,14,26,29,17,12
S01009130,157,77,80,1,1,0,1,1,0,8,4,4,8,0,8,21,19,2,15,3,12,22,4,18,8,7,1,33,15,18,40,23,17
S01009131,135,61,74,2,1,1,6,3,3,3,3,0,7,4,3,19,17,2,15,2,13,10,2,8,17,12,5,38,7,31,18,10,8
S01009132,148,51,97,5,1,4,13,6,7,13,6,7,21,2,19,12,9,3,11,0,11,22,3,19,7,5,2,23,11,12,21,8,13
S01009133,175,90,85,4,3,1,4,3,1,5,3,2,14,2,12,19,17,2,19,2,17,23,9,14,20,17,3,44,24,20,23,10,13
S01009134,215,88,127,14,7,7,15,5,10,17,13,4,15,3,12,16,13,3,23,0,23,24,5,19,22,14,8,38,11,27,31,17,14
S01009135,95,44,51,5,3,2,8,6,2,4,3,1,5,0,5,8,6,2,8,0,8,13,4,9,4,4,0,15,7,8,25,11,14
S01009136,127,50,77,8,5,3,11,4,7,8,6,2,15,1,14,6,3,3,8,2,6,12,2,10,7,5,2,20,10,10,32,12,20
S01009137,49,12,37,1,0,1,2,1,1,3,1,2,9,0,9,3,2,1,3,1,2,11,1,10,2,1,1,5,1,4,10,4,6
S01009138,192,87,105,12,5,7,15,6,9,12,10,2,30,5,25,21,20,1,17,3,14,17,3,14,14,10,4,18,9,9,36,16,20
S01009139,122,59,63,4,3,1,5,2,3,6,3,3,5,1,4,11,9,2,5,1,4,16,6,10,16,11,5,26,10,16,28,13,15
S01009140,206,87,119,17,11,6,13,2,11,4,0,4,14,1,13,23,21,2,14,2,12,32,7,25,20,13,7,30,10,20,39,20,19
S01009141,257,130,127,5,3,2,12,6,6,10,6,4,20,6,14,26,23,3,28,6,22,23,2,21,28,25,3,65,32,33,40,21,19
S01009142,191,93,98,9,7,2,10,3,7,14,7,7,22,8,14,24,23,1,16,3,13,22,7,15,16,14,2,38,14,24,20,7,13
S01009143,191,90,101,3,1,2,2,1,1,6,5,1,9,0,9,34,26,8,13,1,12,12,0,12,32,25,7,46,17,29,34,14,20
S01009144,87,47,40,2,1,1,3,2,1,7,7,0,8,1,7,10,7,3,4,1,3,12,6,6,4,3,1,11,5,6,26,14,12
S01009145,350,171,179,7,5,2,5,0,5,15,5,10,42,9,33,53,43,10,24,8,16,41,7,34,51,37,14,72,35,37,40,22,18
S01009146,253,113,140,2,1,1,5,2,3,11,8,3,13,1,12,36,26,10,16,1,15,23,6,17,27,18,9,60,25,35,60,25,35
S01009147,247,98,149,3,0,3,6,1,5,9,7,2,14,4,10,25,20,5,22,3,19,24,3,21,37,21,16,63,24,39,44,15,29
S01009148,204,77,127,5,2,3,3,2,1,8,7,1,12,2,10,33,24,9,8,1,7,30,5,25,12,10,2,62,16,46,31,8,23
S01009149,196,88,108,17,7,10,28,14,14,13,9,4,27,4,23,13,13,0,12,4,8,23,7,16,14,11,3,25,13,12,24,6,18
S01009150,362,157,205,9,5,4,15,2,13,19,13,6,47,4,43,53,45,8,28,4,24,34,7,27,67,48,19,76,26,50,14,3,11
S01009151,246,111,135,13,8,5,18,7,11,11,5,6,33,6,27,34,28,6,19,5,14,20,4,16,18,15,3,53,19,34,27,14,13
S01009152,214,106,108,14,7,7,10,4,6,9,7,2,17,1,16,35,30,5,24,4,20,22,4,18,23,21,2,44,20,24,16,8,8
S01009153,96,44,52,6,1,5,10,4,6,7,4,3,11,2,9,8,6,2,6,2,4,10,4,6,8,7,1,19,8,11,11,6,5
S01009154,224,85,139,21,14,7,35,11,24,17,10,7,33,6,27,20,16,4,12,2,10,13,1,12,10,7,3,21,5,16,42,13,29
S01009155,141,65,76,13,7,6,27,13,14,11,7,4,20,4,16,11,8,3,7,0,7,10,4,6,11,8,3,12,6,6,19,8,11
S01009156,129,64,65,20,14,6,21,9,12,9,8,1,18,4,14,6,5,1,5,0,5,12,2,10,9,7,2,11,5,6,18,10,8
S01009157,206,94,112,6,4,2,8,2,6,8,4,4,22,3,19,34,27,7,15,2,13,30,6,24,21,18,3,30,12,18,32,16,16
S01009158,130,57,73,3,2,1,8,4,4,7,2,5,8,2,6,14,11,3,16,4,12,24,7,17,10,7,3,24,9,15,16,9,7
S01009159,185,90,95,0,0,0,5,2,3,6,4,2,11,1,10,24,17,7,18,1,17,16,7,9,29,20,9,46,23,23,30,15,15
S01009160,207,105,102,6,3,3,6,3,3,4,3,1,17,5,12,33,31,2,16,3,13,19,3,16,27,18,9,52,22,30,27,14,13
S01009161,220,111,109,1,0,1,5,2,3,5,2,3,16,4,12,30,26,4,22,2,20,33,7,26,28,27,1,54,29,25,26,12,14
S01009162,244,123,121,2,0,2,5,3,2,11,6,5,18,3,15,41,37,4,17,6,11,20,4,16,30,21,9,53,21,32,47,22,25
S01009163,143,70,73,4,1,3,13,6,7,10,9,1,20,4,16,17,15,2,6,0,6,18,4,14,17,15,2,16,8,8,22,8,14
S01009164,212,100,112,2,2,0,2,1,1,4,4,0,16,4,12,31,26,5,14,0,14,30,7,23,31,22,9,50,16,34,32,18,14
S01009165,244,115,129,5,0,5,11,4,7,7,4,3,23,8,15,28,25,3,21,2,19,26,6,20,24,21,3,54,22,32,45,23,22
S01009166,286,133,153,4,3,1,7,2,5,9,7,2,9,1,8,32,29,3,23,6,17,31,4,27,40,24,16,80,32,48,51,25,26
S01009167,150,65,85,3,2,1,3,1,2,1,0,1,6,2,4,17,17,0,13,2,11,16,2,14,22,12,10,37,14,23,32,13,19
S01009168,189,84,105,22,14,8,40,18,22,9,5,4,26,7,19,13,8,5,9,1,8,27,4,23,9,7,2,22,10,12,12,10,2
S01009169,272,128,144,14,9,5,16,6,10,9,4,5,23,3,20,39,33,6,28,4,24,19,5,14,40,32,8,60,24,36,24,8,16
S01009170,195,86,109,4,3,1,4,2,2,7,5,2,15,4,11,20,18,2,26,5,21,14,4,10,28,19,9,50,16,34,27,10,17
S01009171,183,78,105,5,1,4,10,3,7,9,7,2,14,1,13,23,20,3,20,1,19,21,5,16,16,12,4,41,17,24,24,11,13
S01009172,156,74,82,9,6,3,37,19,18,18,8,10,28,6,22,7,5,2,4,0,4,8,5,3,8,7,1,13,6,7,24,12,12
S01009173,155,57,98,12,7,5,28,10,18,17,12,5,24,3,21,12,9,3,11,0,11,19,3,16,7,5,2,7,2,5,18,6,12
S01009174,52,24,28,5,4,1,7,2,5,7,3,4,4,0,4,2,1,1,1,0,1,5,0,5,3,2,1,9,7,2,9,5,4
S01009175,115,49,66,11,7,4,13,5,8,12,5,7,16,2,14,12,10,2,6,0,6,10,2,8,7,7,0,7,2,5,21,9,12
S01009176,205,84,121,12,8,4,35,9,26,18,10,8,44,6,38,17,15,2,8,0,8,19,4,15,16,13,3,10,6,4,26,13,13
S01009177,242,99,143,7,3,4,7,4,3,7,4,3,20,1,19,31,23,8,19,0,19,30,4,26,26,20,6,57,24,33,38,16,22
S01009178,219,95,124,1,1,0,6,2,4,5,2,3,16,1,15,26,24,2,18,2,16,27,5,22,26,18,8,49,20,29,45,20,25
S01009179,198,96,102,8,3,5,11,6,5,9,7,2,20,3,17,16,14,2,13,1,12,29,6,23,23,18,5,38,19,19,31,19,12
S01009180,275,112,163,13,6,7,8,5,3,8,0,8,25,3,22,44,34,10,31,4,27,20,5,15,31,18,13,57,20,37,38,17,21
S01009181,226,99,127,8,4,4,14,5,9,6,5,1,16,3,13,20,17,3,16,3,13,13,1,12,33,25,8,68,23,45,32,13,19
S01009182,218,95,123,16,7,9,16,9,7,14,4,10,24,5,19,20,16,4,16,0,16,20,2,18,24,20,4,44,15,29,24,17,7
S01009183,126,60,66,8,3,5,16,9,7,13,9,4,18,3,15,11,10,1,3,1,2,10,0,10,6,2,4,18,7,11,23,16,7
S01009184,272,120,152,12,7,5,18,7,11,9,6,3,14,1,13,36,33,3,24,2,22,31,5,26,29,24,5,58,23,35,41,12,29
S01009185,253,105,148,8,3,5,15,5,10,17,9,8,19,4,15,24,23,1,23,1,22,25,6,19,33,19,14,49,19,30,40,16,24
S01009186,221,95,126,4,2,2,12,3,9,2,2,0,24,3,21,37,33,4,21,2,19,23,1,22,22,17,5,39,18,21,37,14,23
S01009187,136,60,76,10,9,1,23,8,15,5,2,3,24,4,20,18,15,3,12,0,12,7,2,5,10,8,2,10,5,5,17,7,10
S01009188,227,92,135,10,4,6,9,4,5,10,4,6,13,1,12,21,19,2,25,0,25,23,5,18,28,20,8,52,24,28,36,11,25
S01009189,222,97,125,5,4,1,5,1,4,7,4,3,16,0,16,26,20,6,16,0,16,19,3,16,35,21,14,56,27,29,37,17,20
S01009190,126,52,74,10,7,3,13,5,8,9,6,3,17,0,17,8,7,1,14,1,13,8,1,7,4,2,2,10,3,7,33,20,13
S01009191,80,25,55,8,5,3,5,2,3,8,2,6,8,0,8,5,2,3,4,0,4,10,2,8,3,2,1,4,0,4,25,10,15
S01009192,595,512,83,11,9,2,12,5,7,28,25,3,15,3,12,110,107,3,9,1,8,32,18,14,27,26,1,122,103,19,229,215,14
S01009193,40,19,21,0,0,0,1,0,1,1,1,0,6,0,6,5,4,1,5,0,5,4,1,3,4,4,0,4,2,2,10,7,3
S01009194,197,85,112,14,10,4,36,15,21,20,13,7,34,1,33,20,17,3,9,0,9,16,5,11,14,13,1,16,5,11,18,6,12
S01009195,123,52,71,4,1,3,14,5,9,14,10,4,18,3,15,10,6,4,7,1,6,11,3,8,6,6,0,17,8,9,22,9,13
S01009196,198,94,104,9,8,1,17,5,12,14,7,7,25,7,18,16,15,1,17,1,16,27,5,22,13,10,3,24,9,15,36,27,9
S01009197,199,83,116,12,7,5,29,10,19,19,9,10,29,3,26,24,20,4,13,3,10,19,3,16,13,9,4,17,10,7,24,9,15
S01009198,169,72,97,16,6,10,25,9,16,17,12,5,31,8,23,10,8,2,10,2,8,15,6,9,7,6,1,24,9,15,14,6,8
S01009199,124,51,73,3,1,2,7,1,6,13,7,6,17,2,15,17,14,3,13,1,12,11,3,8,15,9,6,9,5,4,19,8,11
S01009200,268,112,156,22,16,6,27,8,19,21,11,10,44,5,39,20,16,4,19,2,17,33,13,20,19,13,6,26,12,14,37,16,21
S01009201,179,79,100,13,8,5,10,1,9,14,9,5,11,2,9,16,12,4,19,3,16,12,1,11,22,15,7,24,13,11,38,15,23
S01009202,91,38,53,7,5,2,11,4,7,9,6,3,16,4,12,5,4,1,4,0,4,8,0,8,5,4,1,7,2,5,19,9,10
S01009203,219,92,127,1,0,1,9,3,6,11,9,2,10,0,10,26,22,4,17,1,16,29,5,24,39,25,14,52,22,30,25,5,20
S01009204,222,90,132,10,6,4,6,3,3,12,4,8,20,4,16,26,21,5,14,1,13,23,1,22,12,8,4,49,17,32,50,25,25
S01009205,134,65,69,16,11,5,16,9,7,11,7,4,18,4,14,11,10,1,10,0,10,11,2,9,12,6,6,6,3,3,23,13,10
S01009206,171,85,86,12,6,6,25,8,17,17,12,5,25,9,16,19,14,5,16,2,14,8,2,6,14,13,1,14,8,6,21,11,10
S01009207,239,114,125,21,13,8,53,25,28,28,19,9,45,6,39,28,25,3,12,0,12,18,4,14,15,10,5,13,8,5,6,4,2
S01009208,199,86,113,20,12,8,28,11,17,11,8,3,29,4,25,22,16,6,13,2,11,18,4,14,15,10,5,22,11,11,21,8,13
S01009209,171,81,90,15,13,2,28,12,16,17,12,5,21,3,18,17,14,3,23,3,20,9,1,8,12,10,2,14,7,7,15,6,9
S01009210,130,61,69,8,4,4,15,4,11,8,6,2,19,3,16,18,15,3,13,2,11,12,3,9,14,11,3,14,7,7,9,6,3
S01009211,156,65,91,7,2,5,14,7,7,14,7,7,17,2,15,13,10,3,5,1,4,21,5,16,10,7,3,25,9,16,30,15,15
S01009212,259,109,150,13,7,6,10,2,8,15,9,6,24,6,18,34,27,7,20,3,17,20,3,17,31,22,9,60,20,40,32,10,22
S01009213,226,108,118,11,6,5,6,3,3,10,10,0,11,4,7,36,28,8,17,0,17,20,3,17,31,19,12,47,16,31,37,19,18
S01009214,222,97,125,12,9,3,24,10,14,19,9,10,29,2,27,25,19,6,16,0,16,21,3,18,20,16,4,28,11,17,28,18,10
S01009215,255,123,132,6,3,3,12,4,8,12,7,5,27,4,23,47,39,8,16,0,16,25,2,23,26,22,4,47,23,24,37,19,18
S01009216,244,92,152,4,1,3,4,3,1,6,5,1,25,1,24,37,29,8,17,4,13,33,3,30,23,15,8,56,15,41,39,16,23
S01009217,208,92,116,8,8,0,4,0,4,4,2,2,11,0,11,27,24,3,16,0,16,24,1,23,22,16,6,55,22,33,37,19,18
S01009218,232,113,119,12,10,2,23,8,15,15,10,5,28,3,25,28,27,1,11,1,10,24,1,23,28,22,6,33,16,17,30,15,15
S01009219,187,90,97,4,2,2,4,0,4,6,4,2,15,4,11,24,21,3,13,1,12,17,2,15,35,31,4,51,15,36,18,10,8
S01009220,164,61,103,10,5,5,7,4,3,4,2,2,18,1,17,18,14,4,13,0,13,19,1,18,15,13,2,44,17,27,16,4,12
S01009221,142,68,74,4,3,1,4,2,2,5,3,2,11,0,11,18,14,4,12,1,11,17,2,15,17,15,2,36,20,16,18,8,10
S01009222,142,64,78,2,0,2,1,0,1,2,1,1,6,1,5,19,17,2,10,2,8,12,1,11,20,14,6,53,21,32,17,7,10
S01009223,149,60,89,0,0,0,4,1,3,6,6,0,14,3,11,11,8,3,9,1,8,22,3,19,17,10,7,44,18,26,22,10,12
S01009224,194,89,105,10,6,4,5,2,3,9,7,2,15,2,13,16,14,2,13,0,13,12,4,8,22,16,6,62,24,38,30,14,16
S01009225,131,61,70,4,3,1,3,2,1,4,2,2,11,0,11,16,15,1,15,4,11,12,2,10,17,11,6,34,14,20,15,8,7
S01009226,289,122,167,9,5,4,12,3,9,14,9,5,26,3,23,38,34,4,10,1,9,25,2,23,27,24,3,93,28,65,35,13,22
S01009227,165,65,100,10,2,8,7,3,4,12,8,4,15,2,13,18,13,5,17,3,14,18,2,16,26,20,6,30,9,21,12,3,9
S01009228,201,82,119,5,0,5,5,1,4,8,4,4,17,2,15,19,19,0,18,3,15,23,2,21,29,19,10,55,20,35,22,12,10
S01009229,155,71,84,5,3,2,6,2,4,13,10,3,21,2,19,14,11,3,10,1,9,21,4,17,22,20,2,24,13,11,19,5,14
S01009230,122,61,61,4,4,0,5,2,3,9,5,4,13,3,10,18,14,4,9,0,9,11,0,11,19,15,4,14,5,9,20,13,7
S01009231,241,105,136,5,2,3,16,4,12,17,7,10,26,5,21,37,33,4,15,0,15,21,1,20,31,24,7,51,17,34,22,12,10
S01009232,209,96,113,4,4,0,1,0,1,7,4,3,13,1,12,25,20,5,12,0,12,19,2,17,26,17,9,59,32,27,43,16,27
S01009233,177,86,91,4,3,1,5,1,4,14,12,2,10,0,10,30,26,4,13,1,12,24,5,19,25,17,8,36,12,24,16,9,7
S01009234,341,160,181,5,5,0,4,1,3,10,6,4,25,9,16,23,21,2,21,0,21,30,6,24,44,28,16,99,42,57,80,42,38
S01009235,267,122,145,11,4,7,8,3,5,17,10,7,26,3,23,28,24,4,17,2,15,23,4,19,32,25,7,76,33,43,29,14,15
S01009236,136,59,77,3,2,1,12,3,9,12,10,2,27,3,24,17,15,2,11,1,10,9,1,8,13,10,3,20,8,12,12,6,6
S01009237,202,96,106,15,7,8,20,8,12,23,15,8,33,5,28,25,23,2,15,2,13,18,3,15,16,16,0,13,4,9,24,13,11
S01009238,273,117,156,5,2,3,12,5,7,5,5,0,32,5,27,33,26,7,18,2,16,35,2,33,34,22,12,61,26,35,38,22,16
S01009239,202,76,126,6,0,6,7,3,4,8,6,2,19,3,16,21,18,3,19,0,19,24,3,21,21,14,7,49,17,32,28,12,16
S01009240,241,119,122,2,1,1,7,3,4,4,1,3,19,3,16,24,21,3,18,5,13,13,1,12,32,24,8,86,47,39,36,13,23
S01009241,307,140,167,5,2,3,8,3,5,10,7,3,26,2,24,35,29,6,21,3,18,30,3,27,39,32,7,87,38,49,46,21,25
S01009242,201,84,117,8,4,4,15,7,8,19,15,4,30,3,27,22,17,5,15,0,15,25,3,22,26,20,6,22,9,13,19,6,13
S01009243,240,92,148,6,2,4,10,2,8,14,9,5,24,5,19,33,28,5,22,0,22,26,2,24,23,15,8,57,19,38,25,10,15
S01009244,220,87,133,15,11,4,32,11,21,25,19,6,36,3,33,16,12,4,17,1,16,17,1,16,22,14,8,21,7,14,19,8,11
S01009245,236,110,126,15,11,4,17,8,9,17,9,8,32,4,28,20,18,2,13,4,9,29,5,24,30,25,5,43,17,26,20,9,11
S01009246,222,94,128,7,4,3,4,2,2,6,5,1,30,4,26,24,21,3,12,4,8,17,1,16,48,27,21,49,18,31,25,8,17
S01009247,230,102,128,6,2,4,8,3,5,9,6,3,20,4,16,22,22,0,21,3,18,28,3,25,31,22,9,63,24,39,22,13,9
S01009248,197,98,99,9,5,4,19,7,12,14,8,6,27,6,21,18,17,1,15,0,15,11,7,4,35,25,10,25,8,17,24,15,9
S01009249,231,108,123,4,3,1,6,2,4,9,6,3,21,4,17,31,25,6,11,3,8,18,5,13,39,22,17,55,22,33,37,16,21
S01009250,179,76,103,4,2,2,7,5,2,11,6,5,17,1,16,23,17,6,15,4,11,18,1,17,26,15,11,38,17,21,20,8,12
S01009251,172,79,93,7,4,3,11,7,4,10,9,1,18,1,17,15,13,2,13,3,10,16,3,13,19,10,9,37,15,22,26,14,12
S01009252,65,24,41,2,1,1,5,2,3,6,4,2,13,0,13,1,1,0,8,2,6,4,1,3,8,5,3,5,1,4,13,7,6
S01009253,176,66,110,5,4,1,6,2,4,8,7,1,16,0,16,18,13,5,12,0,12,15,2,13,24,15,9,54,14,40,18,9,9
S01009254,280,127,153,11,9,2,9,4,5,10,8,2,23,1,22,26,24,2,18,2,16,18,2,16,45,29,16,79,36,43,41,12,29
S01009255,156,84,72,6,3,3,12,5,7,8,8,0,10,1,9,20,18,2,6,1,5,16,4,12,33,23,10,30,18,12,15,3,12
S01009256,135,57,78,13,6,7,12,6,6,12,5,7,16,0,16,16,15,1,9,1,8,12,0,12,18,10,8,19,10,9,8,4,4
S01009257,191,81,110,9,5,4,16,4,12,21,15,6,30,3,27,14,12,2,17,2,15,18,1,17,26,20,6,29,15,14,11,4,7
S01009258,159,71,88,10,6,4,24,7,17,10,6,4,16,0,16,21,18,3,7,2,5,16,1,15,20,16,4,24,11,13,11,4,7
S01009259,192,84,108,11,9,2,21,14,7,9,4,5,31,3,28,23,19,4,15,3,12,13,1,12,23,17,6,30,8,22,16,6,10
S01009260,245,109,136,4,3,1,13,6,7,8,4,4,35,8,27,26,23,3,16,2,14,26,7,19,42,27,15,45,12,33,30,17,13
S01009261,238,102,136,10,5,5,9,4,5,13,7,6,17,3,14,22,19,3,16,2,14,23,2,21,25,16,9,81,39,42,22,5,17
S01009262,167,72,95,6,3,3,1,0,1,6,3,3,8,1,7,23,18,5,18,3,15,16,4,12,25,15,10,44,16,28,20,9,11
S01009263,120,51,69,7,3,4,13,3,10,14,10,4,15,2,13,7,7,0,6,1,5,14,2,12,8,7,1,18,8,10,18,8,10
S01009264,146,65,81,10,8,2,19,10,9,8,8,0,22,2,20,12,10,2,14,2,12,11,1,10,13,12,1,15,2,13,22,10,12
S01009265,216,101,115,9,6,3,19,10,9,8,4,4,21,3,18,27,23,4,15,2,13,13,2,11,23,17,6,45,17,28,36,17,19
S01009266,271,123,148,7,3,4,21,9,12,15,14,1,23,4,19,31,24,7,22,2,20,28,6,22,39,32,7,53,17,36,32,12,20
S01009267,223,111,112,8,3,5,27,13,14,18,9,9,20,1,19,25,25,0,14,0,14,16,4,12,24,20,4,32,13,19,39,23,16
S01009268,261,114,147,12,9,3,16,5,11,15,5,10,15,2,13,24,22,2,20,1,19,23,2,21,49,37,12,60,18,42,27,13,14
S01009269,271,131,140,13,5,8,5,1,4,7,5,2,12,1,11,29,25,4,21,1,20,29,11,18,43,31,12,57,26,31,55,25,30
S01009270,191,85,106,7,3,4,8,4,4,2,2,0,10,1,9,21,16,5,10,3,7,15,2,13,25,19,6,52,16,36,41,19,22
S01009271,225,95,130,10,8,2,23,7,16,19,15,4,22,1,21,24,21,3,23,3,20,26,2,24,20,16,4,23,7,16,35,15,20
S01009272,209,88,121,4,1,3,5,0,5,13,10,3,12,3,9,18,15,3,20,4,16,27,3,24,24,14,10,44,22,22,42,16,26
S01009273,144,66,78,14,6,8,25,12,13,17,12,5,19,3,16,17,11,6,12,1,11,8,2,6,7,6,1,9,3,6,16,10,6
S01009274,194,82,112,5,2,3,28,13,15,5,3,2,21,1,20,17,16,1,17,3,14,19,1,18,17,12,5,28,11,17,37,20,17
S01009275,199,85,114,12,5,7,20,8,12,17,4,13,15,2,13,19,15,4,15,1,14,17,5,12,17,12,5,29,14,15,38,19,19
S01009276,277,127,150,31,17,14,32,17,15,22,11,11,36,4,32,28,25,3,20,3,17,30,6,24,20,13,7,28,16,12,30,15,15
S01009277,130,67,63,17,12,5,26,10,16,16,11,5,18,3,15,8,8,0,10,0,10,8,4,4,5,4,1,6,3,3,16,12,4
S01009278,105,39,66,8,3,5,12,6,6,10,4,6,10,2,8,6,5,1,9,0,9,14,4,10,9,6,3,16,4,12,11,5,6
S01009279,174,76,98,4,1,3,20,11,9,15,8,7,21,2,19,22,19,3,15,1,14,14,0,14,11,9,2,30,13,17,22,12,10
S01009280,339,158,181,5,2,3,3,1,2,15,6,9,11,0,11,41,32,9,23,2,21,20,3,17,77,54,23,91,33,58,53,25,28
S01009281,327,142,185,7,4,3,14,4,10,10,7,3,19,0,19,35,27,8,22,3,19,22,4,18,62,46,16,91,33,58,45,14,31
S01009282,219,87,132,20,14,6,30,11,19,22,8,14,27,8,19,20,10,10,18,0,18,10,2,8,14,10,4,25,10,15,33,14,19
S01009283,75,41,34,6,4,2,6,1,5,6,4,2,3,3,0,9,7,2,5,0,5,6,1,5,4,3,1,17,9,8,13,9,4
S01009284,157,78,79,7,5,2,22,7,15,20,15,5,20,3,17,12,10,2,12,1,11,15,6,9,11,8,3,9,6,3,29,17,12
S01009285,196,83,113,5,4,1,14,5,9,22,15,7,32,7,25,15,14,1,19,0,19,30,6,24,8,7,1,16,8,8,35,17,18
S01009286,202,90,112,20,13,7,22,5,17,28,17,11,26,5,21,21,17,4,19,3,16,20,6,14,13,10,3,11,2,9,22,12,10
S01009287,217,91,126,24,14,10,67,27,40,20,13,7,32,3,29,12,11,1,8,0,8,10,1,9,7,6,1,21,8,13,16,8,8
S01009288,232,87,145,18,11,7,44,17,27,30,13,17,44,5,39,18,15,3,13,1,12,13,3,10,9,6,3,23,9,14,20,7,13
S01009289,244,94,150,27,15,12,32,13,19,22,11,11,50,0,50,24,24,0,11,1,10,20,1,19,17,13,4,21,6,15,20,10,10
S01009290,188,77,111,19,12,7,46,17,29,19,16,3,32,4,28,11,10,1,19,0,19,20,4,16,3,3,0,5,3,2,14,8,6
S01009291,243,108,135,13,11,2,25,13,12,23,12,11,40,6,34,26,23,3,22,2,20,28,7,21,10,7,3,30,14,16,26,13,13
S01009292,148,75,73,3,1,2,7,1,6,5,2,3,5,2,3,19,15,4,13,2,11,10,2,8,17,12,5,44,26,18,25,12,13
S01009293,133,59,74,4,3,1,12,6,6,7,5,2,13,2,11,15,14,1,15,1,14,11,2,9,14,10,4,20,6,14,22,10,12
S01009294,130,62,68,15,11,4,18,6,12,12,6,6,13,3,10,14,12,2,11,2,9,14,2,12,6,4,2,10,4,6,17,12,5
S01009295,153,65,88,5,4,1,14,9,5,15,6,9,31,3,28,17,16,1,12,0,12,14,3,11,11,8,3,17,6,11,17,10,7
S01009296,111,47,64,4,2,2,10,2,8,7,3,4,14,2,12,11,8,3,7,1,6,13,1,12,11,9,2,14,7,7,20,12,8
S01009297,166,76,90,12,9,3,27,11,16,20,15,5,27,4,23,9,6,3,12,1,11,10,5,5,5,3,2,14,4,10,30,18,12
S01009298,298,139,159,8,6,2,6,3,3,12,9,3,26,8,18,32,26,6,33,0,33,26,2,24,51,34,17,60,25,35,44,26,18
S01009299,203,100,103,6,3,3,22,5,17,17,9,8,23,9,14,24,21,3,14,3,11,18,4,14,16,12,4,24,10,14,39,24,15
S01009300,132,72,60,9,8,1,7,4,3,6,2,4,5,1,4,16,13,3,9,1,8,12,6,6,10,9,1,24,9,15,34,19,15
S01009301,304,150,154,9,6,3,14,3,11,24,14,10,22,7,15,23,21,2,19,3,16,40,16,24,24,18,6,75,42,33,54,20,34
S01009302,280,117,163,4,3,1,5,1,4,11,4,7,11,1,10,28,26,2,30,3,27,29,5,24,29,16,13,77,35,42,56,23,33
S01009303,205,91,114,10,6,4,42,19,23,12,6,6,36,11,25,15,13,2,8,2,6,18,1,17,14,9,5,26,13,13,24,11,13
S01009304,241,107,134,10,4,6,22,7,15,23,18,5,29,5,24,22,19,3,23,3,20,29,5,24,14,11,3,39,20,19,30,15,15
S01009305,205,100,105,7,6,1,26,10,16,19,14,5,25,1,24,20,17,3,17,2,15,18,6,12,14,8,6,42,29,13,17,7,10
S01009306,258,122,136,10,4,6,20,7,13,12,8,4,25,3,22,21,20,1,20,4,16,32,15,17,20,13,7,51,24,27,47,24,23
S01009307,268,139,129,14,11,3,24,9,15,20,14,6,38,8,30,28,24,4,13,1,12,29,13,16,21,16,5,44,26,18,37,17,20
S01009308,102,56,46,6,5,1,13,4,9,11,10,1,9,2,7,13,11,2,5,1,4,6,2,4,6,5,1,15,6,9,18,10,8
S01009309,142,63,79,4,2,2,21,11,10,11,7,4,13,3,10,9,9,0,13,4,9,16,2,14,6,5,1,29,12,17,20,8,12
S01009310,254,107,147,21,16,5,44,18,26,29,17,12,42,5,37,12,12,0,11,0,11,23,5,18,14,11,3,19,6,13,39,17,22
S01009311,237,96,141,10,5,5,2,0,2,8,4,4,13,5,8,23,18,5,19,4,15,38,7,31,13,9,4,60,24,36,51,20,31
S01009312,138,57,81,5,3,2,13,5,8,7,2,5,12,3,9,9,6,3,11,2,9,14,5,9,14,11,3,25,8,17,28,12,16
S01009313,164,73,91,6,5,1,4,1,3,6,2,4,8,0,8,22,19,3,22,5,17,16,1,15,9,5,4,38,21,17,33,14,19
S01009314,177,89,88,11,11,0,27,16,11,17,15,2,34,3,31,14,12,2,7,2,5,22,6,16,6,3,3,13,6,7,26,15,11
S01009315,192,86,106,10,5,5,10,6,4,12,8,4,16,2,14,18,16,2,20,3,17,20,5,15,22,16,6,28,7,21,36,18,18
S01009316,165,76,89,13,9,4,24,9,15,12,5,7,31,3,28,22,20,2,9,2,7,6,3,3,11,9,2,8,4,4,29,12,17
S01009317,209,91,118,15,11,4,35,12,23,21,14,7,50,8,42,13,12,1,12,1,11,15,0,15,8,7,1,13,7,6,27,19,8
S01009318,126,53,73,8,6,2,27,11,16,18,11,7,14,3,11,5,4,1,9,0,9,21,7,14,2,2,0,9,4,5,13,5,8
S01009319,249,104,145,14,11,3,52,21,31,33,20,13,49,4,45,18,15,3,12,2,10,27,7,20,6,4,2,20,12,8,18,8,10
S01009320,167,61,106,6,5,1,16,7,9,11,6,5,19,3,16,11,9,2,17,2,15,26,1,25,9,3,6,36,18,18,16,7,9
S01009321,203,75,128,21,14,7,29,15,14,13,9,4,56,6,50,20,15,5,15,1,14,22,1,21,7,7,0,9,2,7,11,5,6
S01009322,226,95,131,13,8,5,25,16,9,23,12,11,41,1,40,11,11,0,21,4,17,24,8,16,16,14,2,30,13,17,22,8,14
S01009323,195,83,112,16,9,7,14,4,10,12,9,3,23,5,18,20,16,4,19,0,19,19,2,17,16,13,3,33,13,20,23,12,11
S01009324,135,65,70,9,6,3,2,1,1,5,3,2,13,0,13,20,18,2,3,0,3,15,2,13,18,16,2,35,11,24,15,8,7
S01009325,117,43,74,6,4,2,11,4,7,5,1,4,25,4,21,10,8,2,13,4,9,12,2,10,10,7,3,10,4,6,15,5,10
S01009326,114,58,56,4,3,1,4,1,3,4,4,0,7,2,5,5,4,1,14,1,13,14,4,10,9,5,4,15,8,7,38,26,12
S01009327,174,69,105,10,7,3,29,14,15,16,10,6,30,6,24,13,10,3,12,0,12,17,2,15,6,5,1,22,7,15,19,8,11
S01009328,53,23,30,4,2,2,7,3,4,6,4,2,4,0,4,5,4,1,8,2,6,7,1,6,0,0,0,2,1,1,10,6,4
S01009329,47,14,33,5,2,3,3,0,3,4,2,2,4,0,4,5,4,1,7,0,7,6,3,3,0,0,0,7,1,6,6,2,4
S01009330,97,38,59,4,0,4,6,3,3,9,5,4,13,0,13,6,6,0,9,1,8,15,4,11,7,5,2,13,6,7,15,8,7
S01009331,71,24,47,4,2,2,4,1,3,7,2,5,10,0,10,3,2,1,3,0,3,14,6,8,0,0,0,8,3,5,18,8,10
S01009332,227,113,114,14,11,3,38,17,21,30,20,10,31,10,21,15,10,5,15,0,15,21,6,15,6,6,0,17,10,7,40,23,17
S01009333,172,87,85,3,1,2,8,5,3,9,5,4,14,1,13,21,19,2,10,1,9,23,9,14,19,15,4,39,16,23,26,15,11
S01009334,235,114,121,7,3,4,9,4,5,11,9,2,21,6,15,29,25,4,18,0,18,16,1,15,23,15,8,54,25,29,47,26,21
S01009335,245,121,124,5,3,2,8,3,5,14,9,5,9,1,8,28,24,4,14,3,11,26,10,16,26,16,10,62,26,36,53,26,27
S01009336,250,108,142,5,3,2,10,4,6,16,8,8,9,2,7,19,17,2,14,1,13,39,8,31,34,25,9,56,17,39,48,23,25
S01009337,234,108,126,10,7,3,7,1,6,8,2,6,10,4,6,20,17,3,18,1,17,24,7,17,29,20,9,54,27,27,54,22,32
S01009338,276,134,142,5,3,2,13,4,9,11,9,2,8,0,8,26,22,4,24,6,18,30,7,23,27,17,10,82,41,41,50,25,25
S01009339,272,129,143,7,2,5,5,3,2,5,4,1,21,5,16,32,28,4,22,5,17,31,7,24,25,19,6,67,30,37,57,26,31
S01009340,168,79,89,1,1,0,5,2,3,2,2,0,9,4,5,20,19,1,13,1,12,26,3,23,23,17,6,43,15,28,26,15,11
S01009341,189,81,108,7,3,4,3,1,2,5,3,2,17,10,7,21,17,4,20,4,16,22,2,20,16,8,8,38,12,26,40,21,19
S01009342,198,90,108,8,5,3,5,4,1,5,5,0,23,5,18,27,21,6,18,2,16,15,4,11,19,13,6,40,13,27,38,18,20
S01009343,135,60,75,4,1,3,6,4,2,9,6,3,24,4,20,20,17,3,8,2,6,16,3,13,7,4,3,24,11,13,17,8,9
S01009344,194,86,108,1,0,1,8,4,4,4,4,0,20,2,18,23,20,3,18,2,16,21,3,18,17,12,5,52,26,26,30,13,17
S01009345,222,98,124,6,3,3,11,5,6,9,6,3,24,4,20,27,25,2,18,0,18,24,4,20,23,16,7,40,14,26,40,21,19
S01009346,72,26,46,8,4,4,5,2,3,6,4,2,10,1,9,2,0,2,3,0,3,8,1,7,3,2,1,11,4,7,16,8,8
S01009347,87,30,57,9,5,4,13,4,9,5,3,2,13,2,11,5,3,2,7,1,6,9,0,9,4,1,3,8,1,7,14,10,4
S01009348,55,16,39,5,3,2,4,2,2,4,1,3,6,0,6,2,1,1,7,0,7,8,0,8,1,1,0,3,1,2,15,7,8
S01009349,96,42,54,8,5,3,11,4,7,11,7,4,13,2,11,5,4,1,5,1,4,11,0,11,5,3,2,10,5,5,17,11,6
S01009350,91,35,56,4,3,1,4,1,3,9,6,3,10,1,9,6,5,1,8,1,7,13,2,11,2,1,1,8,1,7,27,14,13
S01009351,55,24,31,8,3,5,3,2,1,5,2,3,4,0,4,3,2,1,5,2,3,4,0,4,4,2,2,6,4,2,13,7,6
S01009352,87,35,52,2,1,1,9,2,7,6,2,4,15,2,13,4,3,1,3,1,2,11,3,8,6,4,2,6,1,5,25,16,9
S01009353,50,15,35,9,6,3,4,2,2,1,0,1,7,1,6,1,0,1,7,1,6,7,0,7,3,2,1,1,0,1,10,3,7
S01009354,114,42,72,3,1,2,14,6,8,9,3,6,13,1,12,6,6,0,11,3,8,12,2,10,5,3,2,5,3,2,36,14,22
S01009355,230,98,132,12,9,3,34,18,16,26,17,9,46,9,37,15,14,1,22,6,16,20,0,20,11,8,3,23,7,16,21,10,11
S01009356,252,106,146,13,8,5,24,10,14,30,20,10,46,6,40,20,17,3,20,4,16,29,4,25,12,8,4,29,15,14,29,14,15
S01009357,74,32,42,7,4,3,6,4,2,4,2,2,15,2,13,2,2,0,7,2,5,14,6,8,2,2,0,6,3,3,11,5,6
S01009358,150,60,90,18,9,9,17,9,8,18,9,9,26,3,23,14,11,3,7,0,7,15,2,13,2,1,1,9,3,6,24,13,11
S01009359,128,44,84,6,2,4,16,5,11,14,6,8,15,2,13,8,5,3,9,2,7,15,3,12,6,4,2,16,4,12,23,11,12
S01009360,207,91,116,13,7,6,37,15,22,18,10,8,26,7,19,17,15,2,13,0,13,18,5,13,17,11,6,23,7,16,25,14,11
S01009361,199,84,115,12,5,7,18,9,9,10,8,2,28,7,21,23,18,5,17,0,17,24,4,20,12,7,5,26,11,15,29,15,14
S01009362,259,108,151,8,4,4,39,18,21,21,16,5,51,7,44,12,11,1,20,0,20,21,5,16,17,12,5,34,15,19,36,20,16
S01009363,234,112,122,9,5,4,9,5,4,9,6,3,25,7,18,32,29,3,16,2,14,27,5,22,21,14,7,55,24,31,31,15,16
S01009364,186,89,97,3,2,1,6,2,4,13,9,4,19,1,18,20,16,4,17,4,13,23,5,18,24,20,4,29,13,16,32,17,15
S01009365,161,72,89,6,4,2,8,4,4,5,4,1,23,3,20,25,21,4,7,0,7,21,7,14,12,8,4,29,12,17,25,9,16
S01009366,214,102,112,11,6,5,7,5,2,10,6,4,23,1,22,28,26,2,18,6,12,23,5,18,27,20,7,42,17,25,25,10,15
S01009367,168,84,84,3,2,1,7,5,2,14,7,7,17,4,13,23,21,2,10,2,8,23,4,19,19,15,4,31,15,16,21,9,12
S01009368,150,62,88,3,1,2,6,3,3,7,6,1,16,2,14,12,10,2,7,1,6,23,2,21,15,9,6,40,20,20,21,8,13
S01009369,133,58,75,3,1,2,6,2,4,4,2,2,17,5,12,14,13,1,6,1,5,15,1,14,7,7,0,28,10,18,33,16,17
S01009370,253,115,138,11,5,6,12,5,7,12,9,3,33,8,25,30,26,4,17,0,17,23,4,19,28,21,7,53,23,30,34,14,20
S01009371,135,62,73,3,1,2,6,4,2,5,5,0,12,3,9,12,10,2,10,1,9,12,1,11,15,11,4,38,14,24,22,12,10
S01009372,141,66,75,2,0,2,11,6,5,9,4,5,14,2,12,14,14,0,7,0,7,15,4,11,18,13,5,27,11,16,24,12,12
S01009373,238,104,134,6,0,6,5,2,3,20,11,9,17,1,16,31,27,4,15,0,15,25,3,22,21,20,1,48,22,26,50,18,32
S01009374,260,123,137,9,8,1,8,3,5,15,11,4,27,4,23,30,25,5,24,2,22,30,6,24,26,18,8,62,30,32,29,16,13
S01009375,250,109,141,6,4,2,5,1,4,12,6,6,25,3,22,34,26,8,24,3,21,27,4,23,29,21,8,53,24,29,35,17,18
S01009376,184,83,101,3,3,0,5,1,4,9,7,2,20,6,14,17,12,5,11,1,10,19,4,15,23,17,6,46,21,25,31,11,20
S01009377,154,54,100,5,4,1,10,1,9,6,1,5,14,1,13,14,10,4,17,0,17,22,6,16,15,11,4,17,6,11,34,14,20
S01009378,215,86,129,6,1,5,6,5,1,16,8,8,22,3,19,16,13,3,21,3,18,30,2,28,21,11,10,32,12,20,45,28,17
S01009379,169,58,111,4,2,2,8,2,6,11,6,5,20,3,17,7,6,1,15,2,13,21,6,15,5,5,0,35,12,23,43,14,29
S01009380,152,68,84,4,2,2,5,1,4,19,12,7,14,3,11,9,8,1,14,4,10,11,2,9,10,5,5,30,12,18,36,19,17
S01009381,136,65,71,9,6,3,17,10,7,10,5,5,21,4,17,12,12,0,8,2,6,16,5,11,7,5,2,17,8,9,19,8,11
S01009382,238,103,135,7,3,4,11,5,6,13,9,4,29,6,23,27,22,5,10,1,9,31,6,25,32,20,12,46,18,28,32,13,19
S01009383,225,118,107,8,4,4,18,11,7,16,6,10,17,4,13,21,20,1,14,4,10,22,7,15,30,25,5,48,21,27,31,16,15
S01009384,147,60,87,11,7,4,34,10,24,20,11,9,26,4,22,10,10,0,7,0,7,4,1,3,8,4,4,4,2,2,23,11,12
S01009385,124,55,69,14,10,4,19,7,12,7,3,4,18,4,14,10,10,0,5,2,3,15,3,12,6,5,1,14,5,9,16,6,10
S01009386,199,85,114,4,2,2,7,1,6,11,8,3,16,4,12,24,21,3,17,2,15,25,5,20,26,18,8,41,13,28,28,11,17
S01009387,189,76,113,4,2,2,14,10,4,9,4,5,26,6,20,13,10,3,13,3,10,24,4,20,18,16,2,43,11,32,25,10,15
S01009388,295,140,155,7,3,4,6,2,4,15,10,5,12,3,9,23,19,4,30,5,25,38,7,31,29,25,4,80,39,41,55,27,28
S01009389,278,133,145,19,10,9,29,19,10,30,21,9,44,10,34,25,21,4,23,3,20,26,6,20,15,9,6,41,24,17,26,10,16
S01009390,115,46,69,6,3,3,19,7,12,10,4,6,26,5,21,4,4,0,3,0,3,11,3,8,4,3,1,5,2,3,27,15,12
S01009391,99,45,54,3,1,2,18,8,10,7,6,1,16,4,12,6,5,1,6,1,5,12,2,10,1,0,1,11,5,6,19,13,6
S01009392,68,20,48,5,1,4,9,2,7,5,0,5,14,1,13,5,3,2,8,0,8,9,4,5,1,0,1,4,3,1,8,6,2
S01009393,151,61,90,7,4,3,20,9,11,10,7,3,25,4,21,13,12,1,10,0,10,18,3,15,9,4,5,16,8,8,23,10,13
S01009394,223,95,128,24,19,5,43,21,22,19,13,6,48,11,37,6,4,2,19,2,17,15,3,12,11,6,5,14,7,7,24,9,15
S01009395,208,87,121,18,13,5,58,24,34,31,18,13,29,3,26,14,11,3,10,0,10,18,2,16,12,8,4,6,3,3,12,5,7
S01009396,234,95,139,27,18,9,52,23,29,31,15,16,40,7,33,9,6,3,12,0,12,21,4,17,4,4,0,12,7,5,26,11,15
S01009397,180,89,91,10,8,2,32,22,10,26,17,9,25,3,22,16,11,5,11,0,11,20,7,13,5,4,1,14,8,6,21,9,12
S01009398,162,68,94,7,1,6,17,5,12,14,9,5,24,3,21,20,16,4,11,3,8,17,5,12,12,7,5,19,5,14,21,14,7
S01009399,159,62,97,11,8,3,25,15,10,7,4,3,28,4,24,12,10,2,15,4,11,20,4,16,14,5,9,12,4,8,15,4,11
S01009400,137,56,81,4,4,0,11,3,8,9,6,3,28,4,24,12,11,1,8,1,7,20,4,16,13,9,4,18,4,14,14,10,4
S01009401,221,87,134,14,11,3,41,15,26,28,15,13,35,7,28,20,16,4,17,0,17,21,5,16,6,4,2,17,8,9,22,6,16
S01009402,275,115,160,20,13,7,46,24,22,26,15,11,42,7,35,23,19,4,15,1,14,27,5,22,15,10,5,20,5,15,41,16,25
S01009403,109,43,66,3,2,1,8,7,1,11,5,6,20,4,16,8,5,3,8,1,7,10,2,8,3,1,2,19,6,13,19,10,9
S01009404,177,81,96,3,2,1,2,0,2,8,3,5,9,1,8,17,17,0,9,1,8,23,7,16,22,13,9,43,20,23,41,17,24
S01009405,108,51,57,5,3,2,6,2,4,5,3,2,15,1,14,16,15,1,7,0,7,11,4,7,18,13,5,14,6,8,11,4,7
S01009406,246,115,131,11,9,2,11,3,8,14,11,3,16,4,12,23,19,4,24,4,20,23,3,20,29,24,5,62,25,37,33,13,20
S01009407,152,59,93,6,3,3,9,2,7,9,4,5,14,4,10,13,12,1,15,0,15,16,4,12,15,12,3,32,9,23,23,9,14
S01009408,157,60,97,7,4,3,11,3,8,10,7,3,26,3,23,21,17,4,11,3,8,15,0,15,13,8,5,24,6,18,19,9,10
S01009409,203,93,110,3,1,2,11,6,5,5,2,3,10,1,9,20,15,5,14,4,10,22,3,19,37,27,10,50,22,28,31,12,19
S01009410,259,125,134,7,3,4,4,0,4,11,9,2,8,0,8,28,27,1,21,3,18,30,4,26,36,25,11,58,25,33,56,29,27
S01009411,261,113,148,4,0,4,2,0,2,7,4,3,18,4,14,32,28,4,23,5,18,35,2,33,40,30,10,63,29,34,37,11,26
S01009412,248,110,138,5,2,3,4,0,4,11,5,6,19,1,18,31,24,7,14,1,13,29,9,20,41,26,15,57,24,33,37,18,19
S01009413,286,144,142,9,6,3,21,10,11,15,13,2,20,2,18,35,27,8,25,4,21,30,8,22,39,25,14,51,21,30,41,28,13
S01009414,204,97,107,10,6,4,14,7,7,14,12,2,15,4,11,26,20,6,21,0,21,23,5,18,22,13,9,30,18,12,29,12,17
S01009415,265,122,143,11,7,4,12,8,4,17,9,8,20,4,16,29,24,5,20,2,18,26,5,21,33,24,9,45,19,26,52,20,32
S01009416,122,57,65,2,1,1,16,11,5,9,3,6,12,2,10,11,10,1,10,0,10,12,3,9,17,10,7,6,1,5,27,16,11
S01009417,44,18,26,3,1,2,5,0,5,2,2,0,4,0,4,4,3,1,6,0,6,1,1,0,4,2,2,8,6,2,7,3,4
S01009418,326,156,170,9,6,3,11,4,7,15,9,6,20,4,16,40,33,7,25,3,22,22,8,14,49,30,19,89,39,50,46,20,26
S01009419,187,77,110,8,4,4,4,2,2,5,4,1,12,1,11,17,14,3,17,1,16,26,6,20,24,11,13,39,17,22,35,17,18
S01009420,229,99,130,2,1,1,5,4,1,8,7,1,7,1,6,18,17,1,18,1,17,19,4,15,29,15,14,70,26,44,53,23,30
S01009421,245,103,142,4,1,3,6,4,2,14,12,2,8,0,8,31,26,5,19,0,19,28,4,24,34,24,10,57,23,34,44,9,35
S01009422,218,93,125,11,4,7,14,4,10,7,2,5,12,2,10,22,16,6,15,2,13,22,4,18,32,20,12,49,23,26,34,16,18
S01009423,147,57,90,3,2,1,13,2,11,10,6,4,26,4,22,9,8,1,14,1,13,17,6,11,11,8,3,17,8,9,27,12,15
S01009424,162,85,77,7,3,4,17,10,7,10,8,2,17,3,14,19,18,1,15,2,13,16,2,14,21,14,7,20,12,8,20,13,7
S01009425,228,111,117,6,3,3,21,9,12,12,10,2,19,3,16,30,28,2,20,4,16,21,4,17,35,21,14,37,15,22,27,14,13
S01009426,256,99,157,7,2,5,6,0,6,9,4,5,21,2,19,24,21,3,19,3,16,28,6,22,39,26,13,62,18,44,41,17,24
S01009427,204,90,114,5,3,2,9,3,6,3,3,0,7,0,7,23,17,6,16,4,12,24,2,22,40,31,9,46,20,26,31,7,24
S01009428,201,94,107,7,3,4,6,2,4,7,5,2,10,2,8,29,23,6,19,1,18,19,2,17,41,25,16,30,17,13,33,14,19
S01009429,242,118,124,7,5,2,4,4,0,1,0,1,10,2,8,23,21,2,26,7,19,23,2,21,44,32,12,55,22,33,49,23,26
S01009430,251,117,134,10,5,5,16,4,12,3,1,2,10,2,8,20,20,0,17,2,15,25,2,23,48,30,18,60,28,32,42,23,19
S01009431,199,93,106,9,2,7,11,6,5,5,3,2,6,1,5,23,20,3,12,0,12,16,4,12,25,15,10,48,20,28,44,22,22
S01009432,278,118,160,8,6,2,3,1,2,7,6,1,12,2,10,21,16,5,17,2,15,18,3,15,58,31,27,68,26,42,66,25,41
S01009433,297,124,173,7,2,5,5,3,2,8,4,4,13,2,11,27,25,2,24,5,19,29,5,24,39,17,22,70,27,43,75,34,41
S01009434,190,96,94,4,1,3,1,1,0,10,7,3,10,1,9,19,14,5,11,2,9,19,5,14,47,33,14,31,11,20,38,21,17
S01009435,283,136,147,3,3,0,9,3,6,11,10,1,4,3,1,21,19,2,21,5,16,26,3,23,52,30,22,78,36,42,58,24,34
S01009436,205,95,110,3,0,3,8,4,4,13,9,4,13,3,10,22,20,2,24,2,22,19,3,16,32,26,6,44,18,26,27,10,17
S01009437,207,104,103,8,4,4,6,2,4,7,4,3,9,2,7,28,23,5,16,2,14,27,5,22,38,30,8,47,20,27,21,12,9
S01009438,296,134,162,12,7,5,6,3,3,5,3,2,15,3,12,34,31,3,32,7,25,28,1,27,40,26,14,71,32,39,53,21,32
S01009439,333,138,195,7,3,4,7,3,4,14,10,4,10,3,7,36,26,10,36,3,33,39,4,35,58,32,26,67,29,38,59,25,34
S01009440,209,101,108,9,2,7,7,3,4,7,5,2,13,4,9,28,22,6,19,2,17,22,3,19,36,28,8,45,21,24,23,11,12
S01009441,239,100,139,3,0,3,4,1,3,6,4,2,4,0,4,38,30,8,23,0,23,28,1,27,30,22,8,60,28,32,43,14,29
S01009442,125,53,72,7,3,4,11,2,9,7,5,2,13,3,10,15,13,2,10,2,8,12,3,9,9,7,2,15,5,10,26,10,16
S01009443,167,79,88,12,10,2,5,3,2,6,4,2,17,0,17,21,19,2,19,4,15,15,4,11,26,18,8,24,7,17,22,10,12
S01009444,182,81,101,6,3,3,14,7,7,5,5,0,18,4,14,22,20,2,20,0,20,24,4,20,21,14,7,13,10,3,39,14,25
S01009445,237,105,132,3,2,1,5,2,3,7,4,3,11,2,9,33,30,3,23,4,19,31,2,29,33,20,13,50,20,30,41,19,22
S01009446,310,154,156,6,3,3,12,3,9,14,3,11,14,5,9,41,34,7,25,4,21,26,5,21,49,31,18,58,36,22,65,30,35
S01009447,164,75,89,3,0,3,6,3,3,7,5,2,10,0,10,24,19,5,10,1,9,18,4,14,26,17,9,28,12,16,32,14,18
S01009448,198,82,116,5,2,3,13,3,10,10,7,3,21,6,15,16,13,3,20,3,17,22,2,20,19,10,9,43,20,23,29,16,13
S01009449,159,61,98,6,3,3,6,2,4,6,1,5,6,2,4,18,16,2,18,0,18,17,1,16,22,12,10,36,15,21,24,9,15
S01009450,209,101,108,2,0,2,5,1,4,9,5,4,9,1,8,13,12,1,17,3,14,23,3,20,50,33,17,45,27,18,36,16,20
S01009451,333,156,177,3,2,1,7,2,5,12,10,2,13,0,13,42,38,4,29,2,27,32,2,30,52,30,22,82,40,42,61,30,31
S01009452,171,73,98,3,2,1,1,0,1,2,2,0,9,2,7,20,19,1,22,1,21,17,1,16,20,14,6,49,24,25,28,8,20
S01009453,301,153,148,6,3,3,6,4,2,10,7,3,25,3,22,46,43,3,22,6,16,34,8,26,40,27,13,57,28,29,55,24,31
S01009454,238,96,142,21,11,10,54,19,35,14,8,6,33,4,29,22,17,5,19,4,15,14,4,10,8,7,1,25,9,16,28,13,15
S01009455,211,81,130,32,22,10,58,14,44,16,6,10,37,7,30,12,8,4,6,1,5,12,4,8,4,4,0,10,3,7,24,12,12
S01009456,213,95,118,8,2,6,12,5,7,16,11,5,14,2,12,28,19,9,23,3,20,15,3,12,28,14,14,41,22,19,28,14,14
S01009457,140,59,81,12,7,5,19,7,12,10,7,3,18,2,16,13,9,4,12,1,11,7,2,5,16,10,6,22,9,13,11,5,6
S01009458,187,88,99,13,9,4,25,10,15,11,7,4,21,2,19,21,20,1,10,1,9,23,6,17,20,14,6,26,9,17,17,10,7
S01009459,277,134,143,14,7,7,23,9,14,11,3,8,12,1,11,53,44,9,24,2,22,27,11,16,29,23,6,55,21,34,29,13,16
S01009460,283,132,151,7,4,3,7,3,4,10,3,7,10,2,8,43,36,7,27,4,23,32,13,19,37,26,11,61,27,34,49,14,35
S01009461,101,48,53,11,5,6,26,12,14,13,8,5,9,1,8,5,4,1,5,1,4,7,1,6,8,7,1,10,6,4,7,3,4
S01009462,198,93,105,9,6,3,14,8,6,14,9,5,22,2,20,27,26,1,17,4,13,24,6,18,20,11,9,31,11,20,20,10,10
S01009463,197,86,111,10,7,3,23,10,13,11,8,3,35,9,26,16,16,0,18,1,17,21,2,19,23,17,6,24,8,16,16,8,8
S01009464,195,81,114,13,8,5,23,13,10,14,5,9,30,4,26,24,23,1,16,2,14,20,2,18,6,5,1,24,7,17,25,12,13
S01009465,171,66,105,1,0,1,10,4,6,10,7,3,16,0,16,21,17,4,14,0,14,25,2,23,16,11,5,37,14,23,21,11,10
S01009466,156,68,88,9,7,2,37,16,21,13,7,6,27,3,24,20,17,3,9,1,8,7,0,7,10,7,3,10,3,7,14,7,7
S01009467,215,104,111,21,11,10,45,19,26,24,18,6,24,3,21,16,15,1,17,2,15,20,3,17,7,6,1,14,10,4,27,17,10
S01009468,235,112,123,8,3,5,23,11,12,13,9,4,14,3,11,29,19,10,22,1,21,33,10,23,23,17,6,41,20,21,29,19,10
S01009469,253,114,139,22,15,7,32,12,20,27,15,12,27,3,24,27,23,4,21,2,19,22,4,18,12,11,1,36,19,17,27,10,17
S01009470,134,63,71,8,3,5,14,6,8,12,7,5,14,2,12,18,16,2,13,4,9,19,6,13,11,8,3,12,5,7,13,6,7
S01009471,250,114,136,13,6,7,10,3,7,15,9,6,13,2,11,28,26,2,18,3,15,32,7,25,30,24,6,62,27,35,29,7,22
S01009472,313,129,184,9,6,3,23,8,15,12,9,3,27,3,24,37,29,8,20,2,18,38,7,31,22,17,5,64,25,39,61,23,38
S01009473,302,157,145,8,4,4,5,3,2,2,2,0,9,3,6,46,42,4,30,6,24,37,14,23,31,27,4,78,36,42,56,20,36
S01009474,268,124,144,14,5,9,11,4,7,18,11,7,13,4,9,30,26,4,24,3,21,28,5,23,25,22,3,53,25,28,52,19,33
S01009475,125,49,76,10,6,4,10,1,9,9,6,3,23,5,18,13,12,1,11,0,11,9,0,9,9,6,3,10,5,5,21,8,13
S01009476,76,28,48,2,1,1,12,5,7,6,2,4,9,2,7,3,1,2,8,0,8,7,2,5,3,3,0,5,3,2,21,9,12
S01009477,172,75,97,7,4,3,36,10,26,11,7,4,23,5,18,15,11,4,18,3,15,12,4,8,7,6,1,18,5,13,25,20,5
S01009478,227,110,117,17,9,8,8,4,4,11,7,4,16,2,14,21,19,2,21,2,19,23,5,18,14,13,1,45,15,30,51,34,17
S01009479,236,109,127,9,5,4,38,13,25,12,8,4,18,4,14,19,18,1,16,2,14,32,7,25,18,16,2,33,16,17,41,20,21
S01009480,192,73,119,11,9,2,41,16,25,11,4,7,28,6,22,13,12,1,18,4,14,19,4,15,6,4,2,20,5,15,25,9,16
S01009481,188,89,99,11,6,5,15,5,10,9,5,4,15,3,12,25,18,7,21,3,18,17,4,13,18,15,3,28,12,16,29,18,11
S01009482,145,63,82,6,4,2,15,4,11,8,7,1,11,4,7,19,17,2,17,3,14,16,2,14,10,4,6,24,13,11,19,5,14
S01009483,150,71,79,7,3,4,18,7,11,14,8,6,14,2,12,14,10,4,8,1,7,18,7,11,11,10,1,29,15,14,17,8,9
S01009484,267,107,160,12,7,5,22,9,13,17,9,8,43,8,35,25,22,3,35,5,30,29,7,22,15,11,4,37,16,21,32,13,19
S01009485,249,90,159,17,12,5,15,5,10,14,7,7,25,3,22,18,17,1,24,2,22,27,5,22,13,8,5,55,14,41,41,17,24
S01009486,166,70,96,7,4,3,20,7,13,18,11,7,25,3,22,11,11,0,11,4,7,15,5,10,14,11,3,30,8,22,15,6,9
S01009487,214,99,115,4,3,1,10,5,5,8,6,2,17,2,15,20,19,1,20,4,16,26,1,25,24,21,3,46,16,30,39,22,17
S01009488,169,73,96,6,4,2,14,5,9,2,2,0,14,3,11,20,19,1,14,1,13,22,4,18,14,6,8,32,14,18,31,15,16
S01009489,269,122,147,5,3,2,14,6,8,9,5,4,14,5,9,32,28,4,28,3,25,34,5,29,35,29,6,40,14,26,58,24,34
S01009490,300,134,166,5,1,4,5,1,4,7,6,1,15,0,15,37,34,3,25,3,22,32,7,25,40,18,22,75,40,35,59,24,35
S01009491,250,102,148,9,6,3,11,5,6,14,6,8,19,3,16,20,16,4,21,4,17,23,4,19,43,22,21,56,26,30,34,10,24
S01009492,234,98,136,8,4,4,4,2,2,11,7,4,14,3,11,22,20,2,22,3,19,24,2,22,42,24,18,54,20,34,33,13,20
S01009493,242,105,137,20,16,4,81,35,46,19,12,7,39,5,34,18,14,4,10,4,6,18,3,15,8,4,4,11,2,9,18,10,8
S01009494,187,83,104,19,8,11,29,12,17,17,10,7,23,3,20,18,17,1,13,2,11,16,2,14,14,12,2,16,6,10,22,11,11
S01009495,198,87,111,17,13,4,22,12,10,13,7,6,30,2,28,20,18,2,13,1,12,21,6,15,11,7,4,16,2,14,35,19,16
S01009496,212,83,129,4,2,2,6,2,4,12,5,7,15,4,11,25,23,2,14,1,13,26,0,26,32,23,9,43,12,31,35,11,24
S01009497,264,113,151,11,5,6,11,4,7,13,10,3,17,1,16,25,22,3,33,6,27,39,4,35,26,16,10,52,24,28,37,21,16
S01009498,198,90,108,17,12,5,36,13,23,22,18,4,38,6,32,16,15,1,14,4,10,14,0,14,7,3,4,16,7,9,18,12,6
S01009499,250,107,143,14,7,7,38,20,18,17,14,3,22,2,20,15,13,2,30,3,27,26,5,21,20,15,5,38,17,21,30,11,19
S01009500,238,98,140,7,2,5,11,4,7,6,5,1,5,0,5,18,15,3,22,5,17,28,4,24,26,18,8,61,24,37,54,21,33
S01009501,213,96,117,3,1,2,7,2,5,4,3,1,11,2,9,32,27,5,15,0,15,24,3,21,23,18,5,56,25,31,38,15,23
S01009502,233,98,135,11,5,6,6,3,3,8,6,2,10,1,9,22,20,2,20,2,18,32,11,21,36,19,17,57,19,38,31,12,19
S01009503,172,78,94,6,3,3,15,7,8,9,7,2,10,0,10,23,16,7,7,0,7,25,2,23,16,13,3,41,21,20,20,9,11
S01009504,223,107,116,5,3,2,4,1,3,4,4,0,19,4,15,22,16,6,19,2,17,36,7,29,22,21,1,54,33,21,38,16,22
S01009505,279,107,172,3,2,1,3,2,1,7,5,2,19,4,15,27,21,6,26,0,26,33,6,27,24,18,6,73,24,49,64,25,39
S01009506,233,100,133,7,3,4,6,3,3,8,4,4,12,0,12,29,26,3,19,1,18,33,6,27,18,12,6,57,27,30,44,18,26
S01009507,198,78,120,8,6,2,8,2,6,8,6,2,17,3,14,20,15,5,13,1,12,30,6,24,12,8,4,40,14,26,42,17,25
S01009508,303,142,161,10,7,3,2,2,0,8,4,4,18,1,17,39,37,2,25,5,20,46,12,34,28,21,7,70,28,42,57,25,32
S01009509,290,134,156,3,1,2,14,7,7,9,6,3,12,1,11,41,34,7,23,2,21,31,7,24,30,21,9,67,34,33,60,21,39
S01009510,205,88,117,13,5,8,37,16,21,18,13,5,22,1,21,23,18,5,12,2,10,23,5,18,14,12,2,21,9,12,22,7,15
S01009511,155,63,92,9,6,3,26,8,18,10,7,3,27,5,22,9,9,0,8,2,6,25,5,20,8,6,2,15,5,10,18,10,8
S01009512,185,75,110,12,5,7,23,10,13,18,18,0,25,1,24,12,8,4,20,2,18,21,5,16,14,9,5,22,8,14,18,9,9
S01009513,161,75,86,9,8,1,36,17,19,7,6,1,26,4,22,17,13,4,10,3,7,16,2,14,10,9,1,19,9,10,11,4,7
S01009514,149,71,78,4,3,1,18,10,8,14,13,1,21,5,16,16,15,1,10,0,10,25,3,22,12,9,3,12,7,5,17,6,11
S01009515,217,96,121,3,3,0,10,4,6,9,8,1,16,2,14,29,25,4,21,3,18,30,8,22,18,8,10,45,20,25,36,15,21
S01009516,267,123,144,9,6,3,7,2,5,14,9,5,16,2,14,34,30,4,39,5,34,38,9,29,25,20,5,49,19,30,36,21,15
S01009517,133,60,73,10,6,4,12,6,6,11,9,2,13,1,12,9,7,2,16,2,14,17,5,12,4,4,0,11,6,5,30,14,16
S01009518,90,34,56,4,2,2,6,0,6,3,2,1,8,4,4,6,5,1,12,0,12,11,2,9,8,6,2,13,6,7,19,7,12
S01009519,128,57,71,7,6,1,8,4,4,2,1,1,12,1,11,15,11,4,9,0,9,16,3,13,11,10,1,21,9,12,27,12,15
S01009520,208,82,126,9,5,4,21,9,12,15,8,7,21,6,15,19,12,7,17,1,16,21,1,20,11,8,3,37,13,24,37,19,18
S01009521,336,154,182,10,6,4,8,1,7,20,13,7,20,1,19,38,30,8,30,5,25,31,6,25,40,31,9,84,36,48,55,25,30
S01009522,297,135,162,11,5,6,8,4,4,8,2,6,11,2,9,22,15,7,20,5,15,32,8,24,38,27,11,81,35,46,66,32,34
S01009523,220,88,132,4,0,4,7,2,5,7,6,1,15,1,14,17,14,3,14,0,14,28,4,24,24,17,7,54,20,34,50,24,26
S01009524,226,105,121,11,5,6,7,5,2,18,11,7,18,4,14,27,24,3,12,2,10,26,5,21,23,15,8,46,16,30,38,18,20
S01009525,174,73,101,5,3,2,7,3,4,5,2,3,9,0,9,14,12,2,11,2,9,20,2,18,16,11,5,44,17,27,43,21,22
S01009526,139,55,84,10,4,6,9,3,6,7,5,2,17,1,16,19,17,2,13,1,12,20,5,15,12,7,5,16,6,10,16,6,10
S01009527,192,93,99,3,2,1,15,7,8,4,0,4,20,3,17,24,21,3,22,2,20,25,8,17,15,13,2,37,21,16,27,16,11
S01009528,164,79,85,5,4,1,18,8,10,7,6,1,16,2,14,30,25,5,16,3,13,21,1,20,19,16,3,18,8,10,14,6,8
S01009529,147,74,73,11,7,4,21,10,11,8,6,2,23,4,19,15,12,3,9,0,9,12,3,9,15,13,2,21,12,9,12,7,5
S01009530,131,61,70,12,6,6,23,9,14,11,7,4,21,5,16,12,10,2,3,0,3,9,1,8,10,7,3,11,4,7,19,12,7
S01009531,296,135,161,5,3,2,7,3,4,11,6,5,25,6,19,38,32,6,21,4,17,29,6,23,45,26,19,78,32,46,37,17,20
S01009532,317,146,171,8,4,4,15,3,12,11,7,4,22,2,20,47,39,8,34,5,29,23,5,18,38,34,4,81,29,52,38,18,20
S01009533,234,108,126,6,4,2,7,1,6,9,6,3,12,2,10,35,26,9,23,2,21,27,6,21,24,16,8,60,28,32,31,17,14
S01009534,301,131,170,8,7,1,5,2,3,13,8,5,17,4,13,23,20,3,26,1,25,43,6,37,28,22,6,67,31,36,71,30,41
S01009535,221,101,120,10,5,5,10,4,6,7,6,1,9,2,7,16,13,3,17,4,13,22,7,15,21,11,10,65,26,39,44,23,21
S01009536,155,76,79,1,0,1,6,3,3,9,6,3,7,1,6,20,17,3,11,2,9,21,4,17,23,19,4,34,12,22,23,12,11
S01009537,183,93,90,8,4,4,14,5,9,7,6,1,11,0,11,25,23,2,14,2,12,28,8,20,18,16,2,34,12,22,24,17,7
S01009538,252,118,134,13,6,7,29,11,18,9,3,6,15,1,14,28,26,2,17,4,13,30,9,21,21,18,3,44,20,24,46,20,26
S01009539,236,106,130,9,4,5,10,7,3,10,5,5,26,5,21,25,21,4,21,3,18,30,5,25,28,23,5,55,20,35,22,13,9
S01009540,262,133,129,2,1,1,11,7,4,9,7,2,21,2,19,35,28,7,19,4,15,31,14,17,30,23,7,53,23,30,51,24,27
S01009541,195,83,112,9,7,2,13,4,9,7,4,3,18,3,15,20,18,2,18,0,18,16,2,14,18,16,2,34,14,20,42,15,27
S01009542,241,116,125,9,3,6,7,1,6,6,4,2,7,0,7,40,35,5,16,2,14,23,6,17,27,19,8,68,30,38,38,16,22
S01009543,166,68,98,9,4,5,14,4,10,9,5,4,12,1,11,21,15,6,20,5,15,13,2,11,24,15,9,26,12,14,18,5,13
S01009544,227,97,130,17,5,12,14,4,10,8,5,3,23,3,20,28,26,2,21,5,16,20,1,19,31,19,12,42,15,27,23,14,9
S01009545,229,101,128,8,5,3,16,8,8,9,5,4,8,3,5,37,25,12,21,4,17,15,0,15,23,15,8,51,14,37,41,22,19
S01009546,240,111,129,4,1,3,8,4,4,7,5,2,12,0,12,23,20,3,17,2,15,20,2,18,42,32,10,57,23,34,50,22,28
S01009547,205,94,111,6,4,2,9,5,4,9,7,2,14,3,11,22,20,2,10,1,9,29,6,23,35,20,15,32,10,22,39,18,21
S01009548,195,94,101,13,4,9,10,6,4,10,7,3,11,0,11,13,12,1,18,7,11,19,4,15,28,15,13,45,21,24,28,18,10
S01009549,189,84,105,15,10,5,7,3,4,8,4,4,11,1,10,21,19,2,17,2,15,35,8,27,16,7,9,37,15,22,22,15,7
S01009550,120,51,69,10,6,4,12,4,8,4,3,1,14,2,12,18,12,6,3,0,3,11,3,8,9,5,4,18,6,12,21,10,11
S01009551,152,58,94,7,3,4,17,4,13,4,4,0,19,3,16,14,11,3,11,3,8,16,4,12,21,15,6,19,4,15,24,7,17
S01009552,237,99,138,18,10,8,31,11,20,8,4,4,23,4,19,26,23,3,24,0,24,15,3,12,31,21,10,37,11,26,24,12,12
S01009553,280,122,158,8,5,3,8,5,3,7,5,2,11,2,9,30,23,7,20,3,17,29,2,27,46,22,24,67,31,36,54,24,30
S01009554,210,98,112,14,8,6,11,5,6,8,5,3,13,0,13,19,15,4,18,2,16,27,10,17,30,17,13,38,20,18,32,16,16
S01009555,202,88,114,14,7,7,11,6,5,10,4,6,18,3,15,28,24,4,15,4,11,29,7,22,26,15,11,26,11,15,25,7,18
S01009556,213,103,110,7,4,3,10,6,4,6,4,2,14,2,12,20,16,4,11,1,10,25,5,20,37,24,13,48,20,28,35,21,14
S01009557,231,108,123,3,1,2,6,4,2,9,8,1,12,1,11,27,22,5,20,2,18,30,5,25,33,18,15,58,33,25,33,14,19
S01009558,234,95,139,5,2,3,5,0,5,4,2,2,9,1,8,26,20,6,23,3,20,33,9,24,22,13,9,59,25,34,48,20,28
S01009559,294,128,166,6,1,5,9,8,1,9,7,2,18,2,16,33,26,7,19,6,13,35,6,29,34,21,13,66,25,41,65,26,39
S01009560,263,104,159,4,2,2,15,2,13,9,6,3,9,2,7,35,32,3,28,3,25,26,8,18,31,14,17,53,16,37,53,19,34
S01009561,172,85,87,3,3,0,6,3,3,12,7,5,12,2,10,17,15,2,16,5,11,17,3,14,26,15,11,37,18,19,26,14,12
S01009562,215,90,125,9,2,7,16,9,7,8,5,3,18,1,17,24,19,5,22,5,17,14,3,11,36,18,18,38,12,26,30,16,14
S01009563,236,102,134,9,5,4,18,5,13,8,5,3,9,1,8,31,24,7,20,6,14,16,5,11,41,23,18,45,13,32,39,15,24
S01009564,187,74,113,12,9,3,16,6,10,11,7,4,23,2,21,14,9,5,11,3,8,22,2,20,21,11,10,37,15,22,20,10,10
S01009565,201,83,118,7,2,5,11,4,7,8,5,3,19,2,17,26,21,5,18,3,15,23,4,19,18,11,7,29,10,19,42,21,21
S01009566,251,97,154,14,8,6,20,6,14,11,7,4,17,3,14,17,12,5,23,2,21,21,2,19,33,23,10,49,18,31,46,16,30
S01009567,264,118,146,6,2,4,25,10,15,8,7,1,29,9,20,24,20,4,26,1,25,22,2,20,34,24,10,55,27,28,35,16,19
S01009568,217,88,129,2,1,1,15,5,10,9,8,1,22,5,17,21,19,2,14,2,12,25,4,21,34,18,16,42,13,29,33,13,20
S01009569,240,99,141,7,4,3,11,4,7,7,4,3,23,1,22,25,20,5,17,2,15,17,5,12,39,26,13,63,23,40,31,10,21
S01009570,163,67,96,5,4,1,3,1,2,9,2,7,13,3,10,10,7,3,13,3,10,17,2,15,23,15,8,34,13,21,36,17,19
S01009571,247,120,127,4,1,3,6,3,3,3,3,0,7,2,5,31,29,2,19,2,17,20,4,16,42,26,16,57,23,34,58,27,31
S01009572,348,162,186,8,7,1,7,3,4,8,3,5,14,7,7,36,29,7,31,4,27,39,9,30,50,31,19,82,37,45,73,32,41
S01009573,263,109,154,7,3,4,5,2,3,4,4,0,9,1,8,24,18,6,13,0,13,25,5,20,37,24,13,72,28,44,67,24,43
S01009574,278,109,169,8,4,4,14,7,7,9,5,4,16,3,13,29,24,5,29,5,24,17,2,15,45,21,24,72,25,47,39,13,26
S01009575,142,62,80,9,8,1,15,5,10,5,3,2,9,1,8,17,11,6,15,5,10,14,1,13,11,6,5,30,14,16,17,8,9
S01009576,140,58,82,9,7,2,18,10,8,13,6,7,15,3,12,10,10,0,16,2,14,15,2,13,13,8,5,16,5,11,15,5,10
S01009577,195,85,110,18,12,6,15,7,8,13,7,6,24,3,21,30,25,5,10,1,9,15,5,10,17,6,11,18,6,12,35,13,22
S01009578,200,82,118,12,6,6,9,5,4,9,7,2,18,3,15,13,12,1,18,1,17,23,5,18,18,12,6,32,12,20,48,19,29
S01009579,291,140,151,18,11,7,19,9,10,17,12,5,23,2,21,33,30,3,24,1,23,30,3,27,41,29,12,41,20,21,45,23,22
S01009580,171,70,101,7,4,3,19,9,10,15,9,6,20,5,15,10,7,3,8,0,8,25,8,17,9,8,1,21,8,13,37,12,25
S01009581,185,81,104,8,5,3,10,5,5,6,5,1,20,8,12,21,18,3,13,2,11,27,2,25,23,14,9,37,9,28,20,13,7
S01009582,126,37,89,3,2,1,8,1,7,6,2,4,18,3,15,14,9,5,14,0,14,11,0,11,18,9,9,28,9,19,6,2,4
S01009583,227,86,141,6,3,3,4,1,3,10,8,2,26,5,21,27,21,6,23,5,18,28,0,28,31,18,13,30,11,19,42,14,28
S01009584,132,53,79,10,6,4,18,6,12,8,4,4,22,4,18,15,11,4,12,1,11,7,2,5,13,8,5,15,4,11,12,7,5
S01009585,256,110,146,8,5,3,4,3,1,13,5,8,21,4,17,30,25,5,17,4,13,38,3,35,35,23,12,49,16,33,41,22,19
S01009586,232,95,137,7,5,2,18,8,10,14,8,6,31,4,27,30,24,6,14,0,14,21,1,20,27,17,10,32,12,20,38,16,22
S01009587,219,102,117,8,5,3,13,7,6,10,5,5,21,1,20,25,21,4,15,1,14,22,4,18,34,20,14,47,21,26,24,17,7
S01009588,274,121,153,6,3,3,13,4,9,9,4,5,21,8,13,38,30,8,15,1,14,29,4,25,36,23,13,51,19,32,56,25,31
S01009589,238,106,132,2,2,0,6,1,5,10,7,3,14,2,12,27,22,5,22,1,21,20,3,17,38,23,15,47,21,26,52,24,28
S01009590,178,83,95,15,11,4,31,10,21,14,10,4,18,4,14,14,12,2,10,2,8,15,2,13,12,7,5,15,5,10,34,20,14
S01009591,165,77,88,12,9,3,30,14,16,12,9,3,16,0,16,16,13,3,9,1,8,19,2,17,18,13,5,15,7,8,18,9,9
S01009592,178,66,112,13,9,4,37,17,20,16,10,6,26,2,24,19,14,5,14,1,13,14,1,13,12,5,7,15,5,10,12,2,10
S01009593,139,63,76,19,13,6,19,7,12,11,7,4,21,2,19,8,7,1,6,1,5,10,3,7,11,6,5,10,5,5,24,12,12
S01009594,151,72,79,10,7,3,20,6,14,14,12,2,22,2,20,10,10,0,9,1,8,13,3,10,11,7,4,19,10,9,23,14,9
S01009595,110,50,60,5,3,2,13,7,6,10,7,3,12,3,9,7,4,3,9,2,7,9,7,2,7,2,5,13,6,7,25,9,16
S01009596,224,99,125,10,4,6,6,4,2,11,8,3,17,2,15,22,16,6,17,3,14,30,7,23,33,20,13,35,16,19,43,19,24
S01009597,290,130,160,8,2,6,7,2,5,9,6,3,11,0,11,30,27,3,32,6,26,38,3,35,38,24,14,56,30,26,61,30,31
S01009598,229,103,126,1,0,1,17,4,13,9,5,4,16,4,12,20,17,3,14,2,12,27,5,22,31,17,14,48,25,23,46,24,22
S01009599,278,128,150,7,3,4,14,6,8,18,13,5,21,3,18,30,26,4,26,2,24,30,4,26,33,21,12,50,24,26,49,26,23
S01009600,213,93,120,5,1,4,6,2,4,16,10,6,19,2,17,24,21,3,20,1,19,18,4,14,21,16,5,47,19,28,37,17,20
S01009601,202,97,105,0,0,0,6,3,3,15,7,8,17,1,16,17,16,1,16,1,15,18,3,15,27,23,4,39,18,21,47,25,22
S01009602,144,61,83,11,7,4,15,6,9,14,9,5,16,3,13,13,9,4,10,1,9,14,2,12,12,9,3,17,5,12,22,10,12
S01009603,147,57,90,7,3,4,10,3,7,12,7,5,17,0,17,16,12,4,10,0,10,16,3,13,10,6,4,13,4,9,36,19,17
S01009604,219,84,135,6,3,3,13,3,10,14,7,7,13,3,10,22,16,6,26,3,23,29,6,23,27,17,10,36,16,20,33,10,23
S01009605,275,116,159,13,6,7,7,4,3,13,4,9,18,4,14,30,24,6,23,4,19,31,7,24,33,19,14,47,16,31,60,28,32
S01009606,94,34,60,11,6,5,12,4,8,4,1,3,11,0,11,3,2,1,10,2,8,11,1,10,5,3,2,6,3,3,21,12,9
S01009607,135,53,82,7,5,2,20,9,11,10,5,5,26,3,23,11,8,3,8,1,7,11,2,9,13,11,2,16,3,13,13,6,7
S01009608,141,69,72,7,3,4,9,4,5,1,0,1,10,1,9,15,14,1,17,2,15,14,6,8,16,13,3,29,11,18,23,15,8
S01009609,203,91,112,6,4,2,23,9,14,18,9,9,19,3,16,19,16,3,16,4,12,14,1,13,22,15,7,33,14,19,33,16,17
S01009610,268,117,151,9,5,4,25,10,15,21,11,10,33,4,29,39,33,6,20,2,18,26,7,19,28,15,13,37,14,23,30,16,14
S01009611,124,54,70,11,9,2,16,6,10,5,5,0,22,0,22,18,14,4,8,3,5,10,1,9,10,7,3,10,2,8,14,7,7
S01009612,138,62,76,4,1,3,4,3,1,6,3,3,13,1,12,22,18,4,9,0,9,11,5,6,26,16,10,25,9,16,18,6,12
S01009613,93,43,50,7,4,3,17,8,9,10,7,3,6,0,6,9,8,1,7,1,6,7,0,7,10,6,4,10,6,4,10,3,7
S01009614,124,53,71,7,7,0,14,4,10,6,6,0,17,1,16,18,13,5,6,0,6,6,1,5,20,13,7,17,6,11,13,2,11
S01009615,132,66,66,13,10,3,9,3,6,8,5,3,12,2,10,15,15,0,11,0,11,11,1,10,18,11,7,18,9,9,17,10,7
S01009616,195,83,112,13,6,7,7,2,5,15,10,5,20,3,17,16,16,0,23,2,21,19,5,14,16,8,8,35,16,19,31,15,16
S01009617,167,71,96,5,2,3,14,8,6,13,7,6,9,0,9,21,16,5,20,2,18,21,5,16,12,10,2,27,8,19,25,13,12
S01009618,208,89,119,3,2,1,4,1,3,9,6,3,20,1,19,27,22,5,17,1,16,18,2,16,41,28,13,40,14,26,29,12,17
S01009619,219,100,119,8,4,4,7,2,5,8,6,2,23,2,21,22,18,4,20,7,13,23,7,16,36,25,11,37,10,27,35,19,16
S01009620,267,108,159,8,2,6,12,7,5,8,4,4,8,3,5,25,22,3,30,3,27,25,2,23,45,27,18,56,18,38,50,20,30
S01009621,266,136,130,13,9,4,9,6,3,14,10,4,23,3,20,41,40,1,24,3,21,15,1,14,30,21,9,51,24,27,46,19,27
S01009622,268,125,143,4,1,3,8,4,4,10,7,3,11,0,11,38,31,7,12,2,10,31,6,25,31,22,9,66,30,36,57,22,35
S01009623,157,58,99,4,2,2,4,1,3,2,2,0,15,3,12,17,17,0,18,2,16,13,1,12,14,10,4,40,11,29,30,9,21
S01009624,302,149,153,9,5,4,10,5,5,8,4,4,7,2,5,36,31,5,25,5,20,34,4,30,50,33,17,68,27,41,55,33,22
S01009625,233,101,132,3,2,1,1,0,1,8,7,1,13,1,12,29,27,2,23,2,21,21,2,19,30,21,9,57,20,37,48,19,29
S01009626,234,98,136,5,3,2,4,3,1,7,5,2,6,1,5,26,25,1,14,1,13,18,1,17,37,24,13,53,16,37,64,19,45
S01009627,262,121,141,5,2,3,5,2,3,6,4,2,8,3,5,25,23,2,27,4,23,18,6,12,48,28,20,64,20,44,56,29,27
S01009628,199,89,110,4,2,2,5,1,4,8,6,2,12,1,11,13,11,2,19,4,15,15,2,13,43,31,12,51,14,37,29,17,12
S01009629,331,146,185,11,7,4,7,1,6,7,3,4,9,1,8,28,22,6,21,1,20,38,4,34,42,25,17,80,38,42,88,44,44
S01009630,291,126,165,6,5,1,4,3,1,5,3,2,10,2,8,31,28,3,15,1,14,28,2,26,34,18,16,75,33,42,83,31,52
S01009631,280,156,124,2,1,1,11,5,6,16,13,3,6,2,4,37,34,3,22,5,17,24,4,20,47,38,9,72,35,37,43,19,24
S01009632,219,105,114,0,0,0,3,0,3,8,4,4,6,0,6,29,25,4,22,0,22,25,1,24,34,22,12,53,34,19,39,19,20
S01009633,265,114,151,4,1,3,5,1,4,5,4,1,8,4,4,17,13,4,21,2,19,32,6,26,34,22,12,64,31,33,75,30,45
S01009634,202,98,104,4,3,1,4,3,1,5,3,2,13,1,12,26,26,0,20,3,17,21,1,20,29,24,5,45,17,28,35,17,18
S01009635,270,116,154,8,3,5,19,6,13,9,8,1,13,1,12,36,34,2,22,4,18,28,3,25,36,20,16,61,23,38,38,14,24
S01009636,364,167,197,12,6,6,6,2,4,8,7,1,12,2,10,37,34,3,29,2,27,32,3,29,43,32,11,97,51,46,88,28,60
S01009637,209,89,120,13,10,3,8,1,7,9,4,5,12,4,8,27,23,4,10,1,9,18,3,15,32,16,16,43,12,31,37,15,22
S01009638,284,126,158,6,3,3,3,1,2,10,6,4,7,1,6,29,25,4,24,5,19,25,4,21,36,26,10,70,27,43,74,28,46
S01009639,222,105,117,14,12,2,33,14,19,20,13,7,31,6,25,12,11,1,12,2,10,20,3,17,14,8,6,26,14,12,40,22,18
S01009640,206,107,99,10,2,8,15,7,8,7,4,3,15,3,12,23,20,3,7,0,7,22,8,14,32,26,6,39,21,18,36,16,20
S01009641,254,114,140,12,6,6,17,6,11,14,6,8,33,10,23,37,28,9,17,2,15,28,6,22,30,23,7,37,15,22,29,12,17
S01009642,242,129,113,5,3,2,20,10,10,16,14,2,29,2,27,30,27,3,18,7,11,14,3,11,34,26,8,36,17,19,40,20,20
S01009643,76,31,45,3,3,0,2,0,2,5,3,2,8,1,7,5,5,0,11,0,11,11,0,11,7,5,2,11,7,4,13,7,6
S01009644,261,105,156,7,4,3,15,5,10,5,4,1,18,4,14,25,22,3,20,0,20,27,4,23,29,13,16,65,25,40,50,24,26
S01009645,197,72,125,5,2,3,5,1,4,7,5,2,13,1,12,23,20,3,20,2,18,21,3,18,31,19,12,44,9,35,28,10,18
S01009646,186,80,106,4,4,0,4,2,2,2,1,1,14,2,12,21,18,3,13,0,13,24,3,21,29,15,14,37,17,20,38,18,20
S01009647,202,91,111,4,3,1,10,4,6,9,6,3,14,4,10,26,19,7,21,1,20,18,1,17,27,18,9,41,19,22,32,16,16
S01009648,250,110,140,7,2,5,8,3,5,10,4,6,12,0,12,42,37,5,26,2,24,23,1,22,28,23,5,53,20,33,41,18,23
S01009649,348,158,190,12,4,8,17,4,13,16,13,3,29,9,20,32,30,2,40,7,33,33,4,29,46,25,21,65,36,29,58,26,32
S01009650,220,91,129,21,14,7,51,14,37,27,23,4,33,6,27,16,14,2,15,1,14,11,1,10,12,6,6,20,7,13,14,5,9
S01009651,248,99,149,22,14,8,48,20,28,17,7,10,26,6,20,24,17,7,23,1,22,17,4,13,7,5,2,41,14,27,23,11,12
S01009652,224,94,130,30,19,11,58,20,38,12,8,4,42,3,39,15,11,4,10,1,9,23,9,14,11,11,0,11,5,6,12,7,5
S01009653,116,40,76,17,9,8,19,4,15,7,3,4,16,1,15,15,14,1,7,0,7,6,0,6,7,4,3,7,2,5,15,3,12
S01009654,162,72,90,8,4,4,34,11,23,7,5,2,20,2,18,25,20,5,9,0,9,10,2,8,17,11,6,17,10,7,15,7,8
S01009655,288,135,153,9,6,3,10,5,5,6,3,3,14,2,12,35,29,6,21,5,16,23,3,20,42,30,12,77,25,52,51,27,24
S01009656,303,150,153,7,5,2,5,2,3,5,3,2,13,3,10,43,37,6,17,1,16,21,1,20,56,40,16,89,43,46,47,15,32
S01009657,220,107,113,12,7,5,11,5,6,13,7,6,18,3,15,25,23,2,20,4,16,19,4,15,24,17,7,39,19,20,39,18,21
S01009658,191,84,107,4,1,3,6,3,3,6,3,3,10,3,7,19,18,1,17,3,14,18,3,15,26,15,11,43,14,29,42,21,21
S01009659,156,78,78,6,5,1,12,4,8,1,0,1,7,2,5,15,13,2,15,3,12,11,2,9,31,21,10,28,13,15,30,15,15
S01009660,327,139,188,6,3,3,15,7,8,21,15,6,21,5,16,32,28,4,33,4,29,31,4,27,42,24,18,73,24,49,53,25,28
S01009661,197,95,102,14,6,8,30,9,21,22,13,9,19,4,15,24,22,2,18,4,14,13,6,7,15,12,3,19,4,15,23,15,8
S01009662,181,80,101,11,7,4,17,6,11,13,10,3,19,0,19,18,16,2,17,1,16,26,3,23,15,12,3,17,6,11,28,19,9
S01009663,180,90,90,14,9,5,30,16,14,16,8,8,16,1,15,10,8,2,11,0,11,13,5,8,14,10,4,28,16,12,28,17,11
S01009664,225,106,119,16,8,8,34,12,22,12,8,4,26,3,23,21,16,5,21,6,15,11,1,10,20,17,3,35,18,17,29,17,12
S01009665,166,75,91,14,9,5,24,7,17,8,3,5,14,3,11,23,20,3,16,6,10,13,1,12,7,6,1,25,10,15,22,10,12
S01009666,199,89,110,12,8,4,14,3,11,17,10,7,26,5,21,25,22,3,15,1,14,19,4,15,14,11,3,31,12,19,26,13,13
S01009667,118,44,74,9,3,6,29,12,17,6,2,4,17,2,15,10,7,3,13,0,13,8,2,6,6,5,1,12,6,6,8,5,3
S01009668,113,40,73,12,5,7,19,9,10,7,5,2,13,0,13,12,6,6,8,2,6,11,2,9,4,1,3,13,5,8,14,5,9
S01009669,132,56,76,6,0,6,22,11,11,9,6,3,12,2,10,18,16,2,11,0,11,10,1,9,11,6,5,21,7,14,12,7,5
S01009670,191,84,107,12,8,4,20,7,13,10,3,7,21,4,17,12,10,2,10,1,9,7,3,4,17,11,6,45,21,24,37,16,21
S01009671,144,58,86,11,6,5,24,5,19,14,8,6,13,3,10,13,12,1,11,0,11,5,1,4,7,3,4,20,6,14,26,14,12
S01009672,200,88,112,12,5,7,19,8,11,11,6,5,21,5,16,34,27,7,18,3,15,14,5,9,15,8,7,33,8,25,23,13,10
S01009673,211,90,121,17,14,3,23,9,14,17,12,5,22,3,19,21,18,3,32,3,29,17,3,14,17,10,7,17,9,8,28,9,19
S01009674,222,89,133,14,10,4,44,17,27,12,4,8,29,4,25,21,16,5,16,2,14,17,4,13,17,9,8,25,11,14,27,12,15
S01009675,233,103,130,13,8,5,35,17,18,23,13,10,42,5,37,21,15,6,10,2,8,12,1,11,18,11,7,26,12,14,33,19,14
S01009676,175,72,103,15,6,9,15,2,13,11,5,6,14,3,11,21,16,5,13,1,12,11,0,11,17,10,7,34,14,20,24,15,9
S01009677,140,50,90,13,8,5,25,6,19,11,5,6,18,1,17,10,7,3,10,1,9,14,1,13,11,9,2,14,7,7,14,5,9
S01009678,148,63,85,8,6,2,14,2,12,8,8,0,21,1,20,17,13,4,8,1,7,15,4,11,20,12,8,26,10,16,11,6,5
S01009679,243,108,135,15,8,7,16,6,10,19,9,10,22,4,18,30,22,8,20,1,19,25,3,22,32,24,8,27,15,12,37,16,21
S01009680,204,91,113,8,5,3,11,6,5,16,10,6,16,0,16,20,18,2,27,2,25,22,4,18,26,17,9,29,10,19,29,19,10
S01009681,210,113,97,4,1,3,19,5,14,11,5,6,8,2,6,24,20,4,22,2,20,10,3,7,21,18,3,43,28,15,48,29,19
S01009682,154,61,93,8,6,2,48,21,27,11,5,6,26,3,23,10,7,3,12,3,9,11,3,8,5,3,2,10,3,7,13,7,6
S01009683,247,118,129,16,7,9,44,18,26,14,9,5,29,7,22,22,20,2,19,2,17,14,6,8,7,7,0,24,9,15,58,33,25
S01009684,232,97,135,23,11,12,42,18,24,17,8,9,29,3,26,18,12,6,13,0,13,16,5,11,6,5,1,24,11,13,44,24,20
S01009685,176,78,98,6,5,1,25,4,21,8,4,4,19,3,16,19,18,1,23,4,19,16,6,10,12,12,0,24,8,16,24,14,10
S01009686,290,129,161,12,3,9,35,16,19,14,10,4,19,3,16,28,19,9,26,5,21,28,2,26,29,24,5,45,20,25,54,27,27
S01009687,177,68,109,3,1,2,28,8,20,12,7,5,20,5,15,12,7,5,20,2,18,13,3,10,10,9,1,33,12,21,26,14,12
S01009688,277,114,163,12,4,8,15,4,11,13,7,6,18,3,15,30,23,7,16,2,14,29,2,27,22,16,6,60,27,33,62,26,36
S01009689,146,64,82,2,0,2,11,4,7,8,5,3,10,0,10,25,20,5,11,0,11,15,4,11,6,4,2,29,10,19,29,17,12
S01009690,177,85,92,5,4,1,25,10,15,15,8,7,8,1,7,19,11,8,14,3,11,15,5,10,9,7,2,41,22,19,26,14,12
S01009691,143,62,81,6,1,5,35,17,18,4,2,2,21,6,15,8,6,2,13,2,11,12,2,10,7,6,1,14,6,8,23,14,9
S01009692,299,126,173,23,12,11,39,14,25,31,15,16,43,5,38,22,20,2,24,5,19,36,8,28,16,12,4,39,20,19,26,15,11
S01009693,160,78,82,9,6,3,31,12,19,18,11,7,27,6,21,14,13,1,8,0,8,7,0,7,8,7,1,17,10,7,21,13,8
S01009694,266,108,158,30,12,18,51,23,28,26,15,11,36,7,29,15,11,4,16,4,12,28,5,23,12,10,2,26,10,16,26,11,15
S01009695,169,62,107,13,3,10,29,13,16,16,8,8,27,3,24,21,17,4,11,2,9,15,1,14,7,5,2,19,3,16,11,7,4
S01009696,237,96,141,23,16,7,54,20,34,16,10,6,29,3,26,23,19,4,17,2,15,16,1,15,7,7,0,21,5,16,31,13,18
S01009697,176,79,97,18,16,2,41,15,26,15,8,7,21,2,19,13,10,3,9,1,8,11,2,9,11,8,3,26,12,14,11,5,6
S01009698,151,69,82,19,9,10,27,13,14,19,11,8,11,0,11,20,12,8,15,2,13,4,2,2,9,9,0,10,4,6,17,7,10
S01009699,162,74,88,32,21,11,29,12,17,8,4,4,20,2,18,15,13,2,12,2,10,7,2,5,7,7,0,17,4,13,15,7,8
S01009700,186,77,109,17,10,7,26,11,15,16,5,11,18,2,16,12,9,3,13,1,12,9,1,8,18,16,2,33,10,23,24,12,12
S01009701,134,59,75,13,11,2,38,13,25,16,10,6,17,3,14,14,9,5,3,0,3,11,1,10,4,3,1,6,4,2,12,5,7
S01009702,156,70,86,15,8,7,25,9,16,11,8,3,17,2,15,15,14,1,12,1,11,20,7,13,6,5,1,19,8,11,16,8,8
S01009703,157,61,96,15,10,5,19,5,14,8,4,4,16,2,14,24,21,3,23,0,23,15,1,14,4,3,1,24,11,13,9,4,5
S01009704,258,108,150,17,9,8,41,18,23,26,15,11,26,5,21,28,24,4,30,5,25,27,3,24,14,9,5,28,13,15,21,7,14
S01009705,185,90,95,10,8,2,26,7,19,7,6,1,14,2,12,38,31,7,22,1,21,15,4,11,13,10,3,21,9,12,19,12,7
S01009706,154,74,80,13,10,3,21,6,15,9,5,4,16,2,14,25,22,3,11,0,11,14,4,10,8,6,2,19,8,11,18,11,7
S01009707,104,52,52,4,2,2,14,8,6,8,4,4,9,3,6,10,9,1,13,1,12,7,3,4,7,7,0,13,4,9,19,11,8
S01009708,178,68,110,23,16,7,27,6,21,9,7,2,23,2,21,17,15,2,22,4,18,17,1,16,4,4,0,23,5,18,13,8,5
S01009709,250,106,144,20,8,12,35,8,27,13,9,4,32,4,28,27,22,5,28,10,18,25,4,21,13,11,2,37,16,21,20,14,6
S01009710,124,51,73,10,5,5,13,5,8,10,6,4,12,2,10,11,11,0,12,1,11,17,2,15,3,3,0,17,4,13,19,12,7
S01009711,203,94,109,15,8,7,17,9,8,8,5,3,14,1,13,34,28,6,19,5,14,14,2,12,9,9,0,40,11,29,33,16,17
S01009712,189,85,104,15,8,7,31,12,19,19,12,7,12,2,10,23,18,5,20,5,15,15,4,11,9,7,2,24,5,19,21,12,9
S01009713,292,123,169,24,19,5,60,26,34,23,15,8,33,4,29,36,23,13,20,3,17,23,2,21,8,4,4,32,9,23,33,18,15
S01009714,278,108,170,33,19,14,71,29,42,14,6,8,46,8,38,25,20,5,24,3,21,13,1,12,10,8,2,22,5,17,20,9,11
S01009715,180,75,105,13,7,6,56,21,35,10,4,6,16,1,15,16,11,5,12,2,10,7,0,7,8,6,2,23,8,15,19,15,4
S01009716,249,99,150,15,9,6,55,20,35,23,14,9,28,3,25,14,12,2,18,5,13,21,0,21,9,8,1,35,14,21,31,14,17
S01009717,553,247,306,8,5,3,54,20,34,40,18,22,36,7,29,30,24,6,46,16,30,48,16,32,13,11,2,109,47,62,169,83,86
S01009718,244,119,125,11,5,6,26,15,11,16,9,7,12,2,10,23,20,3,18,7,11,13,3,10,13,8,5,63,21,42,49,29,20
S01009719,226,99,127,8,3,5,13,10,3,13,8,5,22,7,15,20,14,6,19,5,14,32,6,26,11,8,3,57,19,38,31,19,12
S01009720,270,106,164,10,4,6,24,6,18,20,15,5,25,6,19,20,17,3,24,3,21,34,10,24,15,12,3,66,18,48,32,15,17
S01009721,397,174,223,9,4,5,39,22,17,31,16,15,32,9,23,9,8,1,28,7,21,46,14,32,3,3,0,78,37,41,122,54,68
S01009722,743,319,424,19,14,5,73,25,48,60,27,33,52,19,33,11,9,2,51,25,26,82,27,55,8,7,1,139,63,76,248,103,145
S01009723,506,235,271,6,5,1,67,36,31,47,31,16,41,9,32,10,7,3,30,12,18,44,20,24,5,5,0,100,38,62,156,72,84
S01009724,453,218,235,6,4,2,49,22,27,31,20,11,39,20,19,24,18,6,43,19,24,39,16,23,13,12,1,106,43,63,103,44,59
S01009725,421,187,234,8,6,2,34,20,14,32,16,16,40,12,28,13,13,0,29,7,22,42,13,29,5,4,1,108,47,61,110,49,61
S01009726,768,305,463,12,6,6,58,28,30,47,21,26,42,13,29,17,15,2,45,14,31,90,38,52,7,7,0,142,46,96,308,117,191
S01009727,260,120,140,25,17,8,44,15,29,24,10,14,34,6,28,11,8,3,20,7,13,15,3,12,8,6,2,39,24,15,40,24,16
S01009728,209,92,117,15,8,7,58,24,34,17,12,5,38,10,28,7,6,1,12,1,11,8,2,6,5,4,1,22,9,13,27,16,11
S01009729,190,82,108,15,11,4,79,34,45,8,3,5,28,7,21,8,7,1,12,2,10,9,1,8,3,1,2,8,6,2,20,10,10
S01009730,167,81,86,8,5,3,20,9,11,20,13,7,24,8,16,17,11,6,7,3,4,14,4,10,5,5,0,27,10,17,25,13,12
S01009731,226,82,144,16,9,7,59,27,32,21,9,12,38,7,31,11,8,3,10,2,8,17,2,15,1,0,1,32,9,23,21,9,12
S01009732,402,180,222,14,7,7,60,25,35,47,22,25,35,13,22,16,12,4,24,8,16,44,11,33,7,6,1,68,26,42,87,50,37
S01009733,146,67,79,9,4,5,28,15,13,7,5,2,11,0,11,17,11,6,16,3,13,8,4,4,7,6,1,27,11,16,16,8,8
S01009734,212,104,108,28,17,11,47,18,29,14,8,6,13,2,11,17,15,2,13,2,11,14,2,12,6,5,1,28,17,11,32,18,14
S01009735,670,293,377,35,26,9,127,63,64,54,25,29,54,17,37,15,9,6,19,7,12,45,16,29,6,6,0,54,28,26,261,96,165
S01009736,2197,988,1209,24,16,8,133,63,70,146,85,61,169,52,117,26,23,3,118,37,81,233,89,144,12,8,4,338,143,195,998,472,526
S01009737,171,58,113,8,4,4,12,2,10,15,6,9,18,3,15,9,7,2,16,1,15,20,1,19,16,11,5,42,15,27,15,8,7
S01009738,95,38,57,5,2,3,11,5,6,10,5,5,11,0,11,5,2,3,2,1,1,13,3,10,12,9,3,15,4,11,11,7,4
S01009739,135,54,81,8,6,2,15,3,12,10,5,5,10,2,8,12,9,3,13,2,11,18,6,12,6,4,2,16,3,13,27,14,13
S01009740,153,79,74,5,3,2,7,2,5,11,8,3,16,5,11,15,13,2,15,3,12,16,3,13,15,12,3,27,14,13,26,16,10
S01009741,103,15,88,3,1,2,2,1,1,10,2,8,15,0,15,4,4,0,19,0,19,13,1,12,1,1,0,24,2,22,12,3,9
S01009742,142,61,81,10,8,2,36,12,24,17,9,8,19,2,17,13,7,6,13,4,9,5,2,3,4,2,2,10,6,4,15,9,6
S01009743,247,106,141,17,11,6,67,29,38,19,10,9,41,6,35,23,19,4,16,3,13,11,2,9,10,8,2,22,7,15,21,11,10
S01009744,191,77,114,20,13,7,29,10,19,15,9,6,40,2,38,14,13,1,11,2,9,13,3,10,12,5,7,14,6,8,23,14,9
S01009745,255,113,142,18,12,6,50,20,30,27,22,5,33,3,30,18,13,5,19,2,17,21,5,16,10,9,1,31,13,18,28,14,14
S01009746,140,61,79,19,8,11,25,13,12,13,5,8,15,4,11,14,13,1,8,3,5,6,1,5,6,2,4,15,6,9,19,6,13
S01009747,168,78,90,8,4,4,20,7,13,9,8,1,20,2,18,18,15,3,20,5,15,15,1,14,10,9,1,27,16,11,21,11,10
S01009748,204,91,113,12,8,4,37,15,22,20,8,12,25,2,23,20,17,3,21,1,20,16,5,11,18,15,3,18,10,8,17,10,7
S01009749,244,100,144,9,5,4,50,17,33,16,12,4,28,5,23,20,13,7,14,0,14,19,6,13,18,14,4,32,15,17,38,13,25
S01009750,158,64,94,11,7,4,15,6,9,15,7,8,19,1,18,20,11,9,14,1,13,9,2,7,18,13,5,22,10,12,15,6,9
S01009751,206,83,123,4,1,3,11,1,10,19,10,9,17,2,15,26,22,4,23,4,19,17,3,14,20,10,10,41,17,24,28,13,15
S01009752,141,63,78,14,9,5,50,23,27,17,9,8,18,1,17,7,6,1,3,0,3,8,1,7,1,1,0,7,3,4,16,10,6
S01009753,166,79,87,7,4,3,41,18,23,16,7,9,16,5,11,12,10,2,15,5,10,12,2,10,6,6,0,21,12,9,20,10,10
S01009754,231,104,127,14,10,4,53,20,33,21,10,11,21,2,19,12,12,0,17,2,15,16,5,11,11,10,1,20,10,10,46,23,23
S01009755,162,69,93,11,8,3,43,18,25,11,5,6,20,2,18,9,9,0,14,1,13,13,5,8,2,2,0,10,4,6,29,15,14
S01009756,207,91,116,18,11,7,59,22,37,17,14,3,21,2,19,13,9,4,12,0,12,7,0,7,7,5,2,15,8,7,38,20,18
S01009757,184,84,100,19,14,5,50,26,24,15,8,7,21,3,18,12,10,2,15,1,14,11,3,8,3,3,0,10,2,8,28,14,14
S01009758,115,54,61,5,2,3,6,4,2,7,4,3,12,2,10,16,14,2,7,2,5,14,4,10,8,6,2,17,2,15,23,14,9
S01009759,338,124,214,2,1,1,6,2,4,7,4,3,12,2,10,29,26,3,27,4,23,40,5,35,21,15,6,91,32,59,103,33,70
S01009760,297,120,177,3,3,0,6,2,4,5,3,2,21,6,15,32,26,6,28,6,22,29,6,23,23,10,13,81,31,50,69,27,42
S01009761,235,91,144,12,7,5,14,6,8,8,3,5,26,3,23,20,18,2,16,1,15,33,7,26,17,14,3,34,11,23,55,21,34
S01009762,361,164,197,6,3,3,3,1,2,8,4,4,16,2,14,39,37,2,25,3,22,40,9,31,32,20,12,104,48,56,88,37,51
S01009763,155,62,93,18,8,10,18,5,13,15,8,7,10,0,10,6,4,2,7,1,6,18,7,11,5,3,2,10,5,5,48,21,27
S01009764,207,101,106,2,2,0,7,2,5,2,2,0,17,4,13,22,20,2,13,3,10,33,9,24,22,16,6,41,21,20,48,22,26
S01009765,226,89,137,7,4,3,11,3,8,9,5,4,18,3,15,25,23,2,16,2,14,24,7,17,16,7,9,43,15,28,57,20,37
S01009766,107,45,62,3,2,1,7,2,5,2,1,1,11,0,11,13,10,3,9,2,7,13,2,11,7,7,0,17,5,12,25,14,11
S01009767,215,105,110,6,4,2,7,1,6,5,4,1,11,4,7,20,18,2,18,5,13,23,5,18,20,16,4,46,21,25,59,27,32
S01009768,162,72,90,1,1,0,6,2,4,3,2,1,11,0,11,14,12,2,10,1,9,29,4,25,11,9,2,36,21,15,41,20,21
S01009769,117,45,72,3,2,1,6,2,4,4,1,3,12,0,12,11,10,1,10,2,8,14,2,12,12,6,6,25,12,13,20,8,12
S01009770,192,88,104,7,2,5,5,1,4,10,6,4,16,5,11,18,17,1,6,2,4,22,13,9,14,6,8,25,6,19,69,30,39
S01009771,211,78,133,9,6,3,8,2,6,13,5,8,28,8,20,19,16,3,13,3,10,20,6,14,10,7,3,22,8,14,69,17,52
S01009772,134,56,78,5,2,3,7,3,4,11,7,4,13,5,8,10,8,2,14,0,14,21,3,18,16,11,5,17,8,9,20,9,11
S01009773,135,53,82,5,2,3,7,2,5,10,4,6,11,2,9,2,0,2,10,5,5,18,8,10,2,1,1,7,2,5,63,27,36
S01009774,89,29,60,2,1,1,6,4,2,2,1,1,4,0,4,4,2,2,2,0,2,12,4,8,4,3,1,6,1,5,47,13,34
S01009775,355,149,206,3,0,3,9,4,5,4,1,3,9,1,8,36,27,9,25,6,19,35,16,19,30,20,10,102,35,67,102,39,63
S01009776,264,112,152,1,1,0,3,2,1,7,2,5,14,3,11,26,22,4,21,1,20,29,5,24,27,19,8,70,27,43,66,30,36
S01009777,147,80,67,2,2,0,3,1,2,4,3,1,6,1,5,17,14,3,16,4,12,15,5,10,15,9,6,35,24,11,34,17,17
S01009778,375,182,193,3,2,1,14,5,9,9,4,5,22,5,17,40,38,2,24,4,20,28,3,25,56,32,24,114,56,58,65,33,32
S01009779,206,91,115,3,2,1,4,1,3,3,2,1,9,0,9,26,22,4,25,6,19,25,1,24,24,18,6,46,17,29,41,22,19
S01009780,232,96,136,3,1,2,1,0,1,6,3,3,12,3,9,15,11,4,24,2,22,21,4,17,17,13,4,49,19,30,84,40,44
S01009781,193,79,114,4,0,4,2,0,2,3,2,1,14,3,11,12,10,2,11,2,9,24,4,20,21,9,12,49,20,29,53,29,24
S01009782,130,46,84,0,0,0,4,3,1,5,0,5,7,1,6,4,3,1,13,2,11,11,2,9,9,7,2,38,15,23,39,13,26
S01009783,238,95,143,2,0,2,3,1,2,9,5,4,13,2,11,12,7,5,20,2,18,25,4,21,18,15,3,63,29,34,73,30,43
S01009784,308,141,167,6,2,4,7,2,5,15,6,9,7,1,6,33,24,9,25,5,20,43,10,33,35,23,12,68,30,38,69,38,31
S01009785,302,133,169,4,1,3,3,0,3,8,4,4,16,3,13,33,28,5,22,4,18,31,4,27,29,16,13,66,34,32,90,39,51
S01009786,367,173,194,5,3,2,9,3,6,6,4,2,30,6,24,31,26,5,36,9,27,35,8,27,44,33,11,91,48,43,80,33,47
S01009787,334,152,182,3,1,2,2,1,1,12,6,6,12,3,9,47,43,4,21,0,21,38,6,32,37,22,15,80,35,45,82,35,47
S01009788,266,117,149,5,4,1,6,3,3,11,6,5,25,6,19,30,27,3,34,9,25,27,4,23,23,18,5,59,22,37,46,18,28
S01009789,302,129,173,1,1,0,10,4,6,14,6,8,28,3,25,32,30,2,23,5,18,39,6,33,30,23,7,74,29,45,51,22,29
S01009790,183,82,101,5,2,3,5,1,4,6,1,5,16,1,15,20,17,3,12,0,12,13,3,10,23,16,7,41,19,22,42,22,20
S01009791,250,108,142,4,1,3,4,2,2,6,2,4,15,1,14,33,31,2,15,2,13,30,5,25,20,14,6,54,22,32,69,28,41
S01009792,179,74,105,4,3,1,10,0,10,7,3,4,11,1,10,14,11,3,17,6,11,19,8,11,6,4,2,12,4,8,79,34,45
S01009793,244,111,133,15,14,1,22,7,15,15,8,7,37,6,31,25,19,6,16,2,14,29,8,21,20,19,1,36,16,20,29,12,17
S01009794,49,16,33,2,1,1,3,0,3,2,2,0,10,0,10,6,5,1,1,0,1,6,1,5,3,3,0,8,2,6,8,2,6
S01009795,135,48,87,6,3,3,8,2,6,8,1,7,23,2,21,15,13,2,4,1,3,20,7,13,5,4,1,9,2,7,37,13,24
S01009796,166,66,100,8,5,3,12,2,10,7,3,4,24,4,20,13,12,1,17,4,13,16,3,13,18,14,4,17,5,12,34,14,20
S01009797,161,75,86,13,10,3,20,7,13,9,6,3,18,2,16,9,9,0,9,2,7,18,8,10,8,5,3,16,6,10,41,20,21
S01009798,117,48,69,4,2,2,10,3,7,11,6,5,12,1,11,10,9,1,7,0,7,25,4,21,0,0,0,9,4,5,29,19,10
S01009799,308,135,173,2,2,0,3,2,1,9,3,6,19,2,17,27,22,5,28,6,22,33,4,29,37,24,13,79,38,41,71,32,39
S01009800,342,159,183,3,2,1,9,6,3,5,4,1,27,8,19,39,36,3,25,5,20,36,7,29,38,29,9,68,27,41,92,35,57
S01009801,320,131,189,3,3,0,3,1,2,5,2,3,33,6,27,40,32,8,25,6,19,30,4,26,32,24,8,75,23,52,74,30,44
S01009802,285,111,174,4,3,1,5,2,3,12,7,5,23,5,18,23,18,5,29,1,28,31,6,25,27,20,7,47,17,30,84,32,52
S01009803,292,142,150,6,2,4,7,2,5,9,2,7,15,3,12,32,28,4,29,5,24,26,4,22,25,19,6,60,29,31,83,48,35
S01009804,158,113,45,3,1,2,3,2,1,5,3,2,12,6,6,18,13,5,10,6,4,6,4,2,16,11,5,22,17,5,63,50,13
S01009805,332,149,183,5,1,4,9,5,4,7,3,4,21,8,13,29,24,5,32,7,25,30,7,23,23,16,7,82,32,50,94,46,48
S01009806,249,118,131,5,3,2,18,5,13,19,13,6,26,5,21,30,26,4,25,3,22,31,8,23,22,17,5,35,17,18,38,21,17
S01009807,297,132,165,3,3,0,13,7,6,12,6,6,30,6,24,29,23,6,27,5,22,33,8,25,18,13,5,55,28,27,77,33,44
S01009808,323,155,168,8,3,5,5,2,3,17,10,7,18,5,13,23,22,1,23,5,18,27,10,17,26,19,7,71,39,32,105,40,65
S01009809,170,70,100,2,1,1,10,4,6,7,3,4,21,4,17,11,10,1,18,5,13,28,4,24,18,15,3,25,6,19,30,18,12
S01009810,303,144,159,2,2,0,7,3,4,16,12,4,24,5,19,32,30,2,33,6,27,35,7,28,35,26,9,65,30,35,54,23,31
S01009811,389,176,213,6,1,5,5,2,3,12,9,3,36,5,31,36,32,4,34,15,19,37,9,28,44,33,11,92,29,63,87,41,46
S01009812,245,104,141,4,3,1,11,4,7,8,2,6,36,6,30,27,20,7,24,2,22,25,8,17,26,19,7,41,15,26,43,25,18
S01009813,274,113,161,3,0,3,4,1,3,8,5,3,19,5,14,21,16,5,14,3,11,21,7,14,20,11,9,48,19,29,116,46,70
S01009814,254,114,140,6,3,3,22,6,16,20,13,7,29,5,24,27,23,4,21,3,18,23,7,16,17,14,3,37,19,18,52,21,31
S01009815,185,88,97,4,2,2,12,3,9,7,4,3,18,6,12,26,25,1,15,1,14,25,6,19,11,9,2,29,15,14,38,17,21
S01009816,152,64,88,3,1,2,9,3,6,10,4,6,18,3,15,11,10,1,17,1,16,21,3,18,14,10,4,19,13,6,30,16,14
S01009817,198,92,106,8,5,3,11,5,6,14,9,5,27,6,21,24,21,3,26,5,21,19,5,14,15,12,3,20,7,13,34,17,17
S01009818,309,139,170,15,12,3,43,14,29,30,22,8,54,4,50,34,31,3,31,3,28,26,9,17,14,11,3,28,16,12,34,17,17
S01009819,206,105,101,6,5,1,15,7,8,16,9,7,32,7,25,27,26,1,20,6,14,18,5,13,23,15,8,27,15,12,22,10,12
S01009820,258,103,155,11,7,4,14,7,7,12,4,8,41,4,37,27,23,4,20,5,15,26,7,19,19,12,7,39,14,25,49,20,29
S01009821,168,70,98,8,6,2,22,9,13,6,4,2,19,3,16,16,15,1,20,3,17,11,2,9,7,5,2,27,10,17,32,13,19
S01009822,126,50,76,3,1,2,10,7,3,2,1,1,12,0,12,14,14,0,13,2,11,19,2,17,8,5,3,22,5,17,23,13,10
S01009823,243,106,137,6,5,1,7,0,7,14,5,9,11,1,10,22,20,2,16,3,13,27,3,24,12,8,4,63,26,37,65,35,30
S01009824,228,101,127,1,1,0,3,1,2,13,6,7,20,2,18,22,19,3,24,2,22,16,3,13,25,15,10,53,21,32,51,31,20
S01009825,308,139,169,6,1,5,5,1,4,16,12,4,19,5,14,32,27,5,35,7,28,21,4,17,33,19,14,66,27,39,75,36,39
S01009826,187,80,107,5,2,3,3,2,1,4,2,2,14,4,10,14,13,1,25,2,23,25,5,20,14,9,5,43,26,17,40,15,25
S01009827,292,119,173,6,2,4,4,2,2,10,5,5,31,5,26,32,24,8,18,0,18,30,5,25,34,19,15,66,34,32,61,23,38
S01009828,310,140,170,9,5,4,7,0,7,13,6,7,17,4,13,28,23,5,28,8,20,34,8,26,42,34,8,65,28,37,67,24,43
S01009829,268,129,139,4,2,2,5,4,1,6,1,5,30,3,27,44,41,3,20,3,17,27,11,16,19,14,5,55,26,29,58,24,34
S01009830,214,96,118,2,1,1,8,3,5,4,1,3,20,5,15,26,25,1,23,3,20,25,9,16,12,5,7,52,20,32,42,24,18
S01009831,151,71,80,3,2,1,7,3,4,9,5,4,21,7,14,14,14,0,13,2,11,19,5,14,13,9,4,19,8,11,33,16,17
S01009832,249,87,162,8,3,5,24,5,19,9,4,5,29,3,26,23,18,5,23,6,17,39,8,31,26,20,6,34,10,24,34,10,24
S01009833,143,68,75,6,1,5,10,4,6,3,2,1,12,2,10,24,20,4,8,2,6,12,2,10,13,11,2,20,7,13,35,17,18
S01009834,211,87,124,9,6,3,7,1,6,5,2,3,14,0,14,25,20,5,13,3,10,22,7,15,7,5,2,59,24,35,50,19,31
S01009835,164,68,96,2,1,1,2,1,1,8,6,2,12,1,11,16,15,1,12,1,11,13,1,12,13,9,4,54,19,35,32,14,18
S01009836,272,118,154,6,3,3,8,2,6,7,2,5,18,3,15,25,18,7,25,5,20,24,3,21,28,23,5,67,25,42,64,34,30
S01009837,206,99,107,2,0,2,4,2,2,11,6,5,11,1,10,28,24,4,13,0,13,12,3,9,26,18,8,58,24,34,41,21,20
S01009838,244,107,137,2,0,2,9,2,7,5,2,3,23,6,17,40,36,4,28,6,22,18,4,14,12,8,4,58,22,36,49,21,28
S01009839,376,187,189,2,2,0,2,0,2,19,6,13,26,8,18,50,45,5,44,8,36,37,13,24,37,31,6,81,41,40,78,33,45
S01009840,345,162,183,9,2,7,11,4,7,16,9,7,26,5,21,52,44,8,25,5,20,21,3,18,33,25,8,88,30,58,64,35,29
S01009841,311,171,140,8,6,2,11,5,6,13,9,4,18,8,10,33,27,6,23,4,19,32,10,22,22,15,7,76,40,36,75,47,28
S01009842,254,126,128,5,4,1,12,9,3,5,4,1,8,2,6,22,18,4,17,8,9,16,5,11,21,15,6,52,24,28,96,37,59
S01009843,280,148,132,5,1,4,2,2,0,7,2,5,16,5,11,26,24,2,20,9,11,15,4,11,21,18,3,85,38,47,83,45,38
S01009844,242,125,117,5,5,0,5,3,2,3,2,1,10,5,5,24,23,1,12,3,9,25,10,15,12,8,4,72,32,40,74,34,40
S01009845,292,148,144,0,0,0,11,8,3,9,6,3,7,4,3,17,14,3,18,6,12,30,15,15,23,19,4,71,39,32,106,37,69
S01009846,329,164,165,7,4,3,16,11,5,16,7,9,16,4,12,38,31,7,21,3,18,28,9,19,29,26,3,79,41,38,79,28,51
S01009847,180,83,97,4,2,2,2,2,0,10,5,5,18,3,15,16,16,0,15,5,10,18,2,16,13,8,5,43,23,20,41,17,24
S01009848,321,150,171,5,4,1,7,3,4,10,4,6,17,3,14,34,29,5,21,3,18,23,9,14,30,22,8,70,24,46,104,49,55
S01009849,220,97,123,3,1,2,6,2,4,15,6,9,23,6,17,26,24,2,21,3,18,24,6,18,24,15,9,42,15,27,36,19,17
S01009850,261,130,131,1,1,0,13,10,3,13,9,4,24,5,19,35,31,4,28,7,21,27,7,20,19,12,7,54,27,27,47,21,26
S01009851,258,130,128,6,4,2,8,3,5,8,5,3,19,1,18,36,33,3,22,5,17,22,7,15,33,20,13,65,31,34,39,21,18
S01009852,179,73,106,8,6,2,8,2,6,6,5,1,30,5,25,12,10,2,16,4,12,11,5,6,12,8,4,30,13,17,46,15,31
S01009853,256,108,148,3,2,1,11,2,9,13,10,3,36,3,33,17,16,1,21,4,17,26,7,19,19,17,2,59,25,34,51,22,29
S01009854,271,129,142,1,1,0,12,8,4,14,9,5,20,1,19,25,23,2,19,7,12,33,9,24,27,13,14,65,31,34,55,27,28
S01009855,141,64,77,2,1,1,6,3,3,9,5,4,12,2,10,14,11,3,17,5,12,11,5,6,13,10,3,27,9,18,30,13,17
S01009856,216,74,142,4,1,3,25,8,17,7,3,4,28,2,26,16,15,1,24,2,22,15,3,12,10,6,4,31,15,16,56,19,37
S01009857,249,102,147,9,4,5,19,2,17,23,12,11,30,3,27,21,16,5,20,9,11,27,8,19,18,15,3,35,12,23,47,21,26
S01009858,209,86,123,3,2,1,2,0,2,12,6,6,26,4,22,21,19,2,17,3,14,32,3,29,12,9,3,41,20,21,43,20,23
S01009859,472,232,240,11,5,6,14,8,6,9,3,6,33,3,30,56,50,6,29,4,25,40,15,25,46,33,13,127,70,57,107,41,66
S01009860,433,218,215,3,2,1,10,3,7,16,11,5,20,3,17,66,56,10,32,6,26,37,10,27,37,30,7,111,59,52,101,38,63
S01009861,424,220,204,6,4,2,11,6,5,21,17,4,15,6,9,31,24,7,34,17,17,45,14,31,29,20,9,89,44,45,143,68,75
S01009862,414,225,189,9,3,6,14,11,3,17,6,11,23,6,17,42,36,6,30,11,19,50,24,26,27,21,6,118,68,50,84,39,45
S01009863,292,162,130,3,2,1,11,8,3,11,7,4,21,6,15,31,28,3,12,6,6,31,13,18,30,24,6,53,27,26,89,41,48
S01009864,216,102,114,3,3,0,10,5,5,17,7,10,12,1,11,10,10,0,10,2,8,21,6,15,18,6,12,30,19,11,85,43,42
S01009865,149,68,81,7,5,2,5,3,2,10,8,2,5,1,4,14,10,4,13,6,7,24,3,21,7,5,2,22,17,5,42,10,32
S01009866,263,119,144,4,1,3,9,3,6,12,5,7,18,6,12,27,20,7,20,3,17,28,14,14,23,12,11,54,26,28,68,29,39
S01009867,226,128,98,13,8,5,21,17,4,13,6,7,9,3,6,21,18,3,10,4,6,24,12,12,12,7,5,47,18,29,56,35,21
S01009868,178,89,89,5,1,4,15,6,9,5,5,0,11,2,9,22,19,3,10,2,8,24,19,5,9,8,1,26,12,14,51,15,36
S01009869,161,103,58,4,3,1,6,4,2,11,7,4,7,2,5,19,19,0,4,2,2,16,7,9,10,9,1,19,12,7,65,38,27
S01009870,213,103,110,6,2,4,7,4,3,6,2,4,9,4,5,21,17,4,8,4,4,20,14,6,14,9,5,36,14,22,86,33,53
S01009871,358,183,175,9,5,4,23,9,14,17,9,8,30,7,23,24,18,6,30,9,21,33,12,21,33,28,5,69,40,29,90,46,44
S01009872,221,117,104,4,2,2,8,4,4,17,10,7,12,6,6,26,22,4,11,4,7,32,24,8,15,10,5,26,15,11,70,20,50
S01009873,295,159,136,16,11,5,26,13,13,22,12,10,28,5,23,24,21,3,11,5,6,23,12,11,16,14,2,45,33,12,84,33,51
S01009874,342,168,174,10,5,5,47,15,32,26,14,12,37,8,29,35,31,4,26,4,22,32,9,23,25,16,9,47,32,15,57,34,23
S01009875,270,109,161,7,6,1,6,2,4,4,1,3,16,3,13,15,9,6,8,2,6,24,7,17,12,7,5,37,17,20,141,55,86
S01009876,290,145,145,5,3,2,10,6,4,4,2,2,16,3,13,14,10,4,15,3,12,32,14,18,11,6,5,53,31,22,130,67,63
S01009877,273,103,170,17,12,5,50,21,29,21,8,13,21,4,17,5,5,0,12,4,8,24,6,18,5,2,3,16,6,10,102,35,67
S01009878,259,110,149,12,10,2,7,2,5,9,5,4,13,2,11,15,13,2,10,0,10,13,6,7,8,6,2,33,18,15,139,48,91
S01009879,227,95,132,28,20,8,53,17,36,17,7,10,21,6,15,4,4,0,9,0,9,15,6,9,4,3,1,10,6,4,66,26,40
S01009880,259,100,159,18,12,6,26,16,10,11,7,4,19,1,18,5,5,0,4,0,4,27,10,17,6,5,1,11,6,5,132,38,94
S01009881,169,65,104,1,1,0,3,0,3,6,2,4,6,0,6,2,2,0,2,0,2,15,8,7,6,2,4,16,8,8,112,42,70
S01009882,234,109,125,4,2,2,19,6,13,9,4,5,14,7,7,19,16,3,11,2,9,25,7,18,17,15,2,36,23,13,80,27,53
S01009883,274,111,163,8,5,3,10,2,8,7,4,3,12,5,7,18,14,4,6,1,5,23,8,15,9,8,1,33,20,13,148,44,104
S01009884,235,86,149,7,4,3,8,2,6,13,5,8,18,5,13,12,9,3,10,2,8,27,14,13,7,5,2,21,9,12,112,31,81
S01009885,295,113,182,14,11,3,13,4,9,11,6,5,15,3,12,8,7,1,12,1,11,40,18,22,11,5,6,18,7,11,153,51,102
S01009886,280,124,156,8,5,3,14,8,6,8,4,4,13,3,10,13,12,1,7,1,6,21,12,9,15,11,4,19,10,9,162,58,104
S01009887,365,213,152,13,9,4,15,9,6,8,6,2,19,7,12,28,24,4,9,2,7,38,19,19,20,15,5,70,53,17,145,69,76
S01009888,227,88,139,6,2,4,8,1,7,7,4,3,15,4,11,15,14,1,10,3,7,30,11,19,9,8,1,24,10,14,103,31,72
S01009889,268,130,138,3,2,1,12,5,7,10,4,6,16,5,11,16,16,0,7,1,6,32,9,23,15,7,8,32,20,12,125,61,64
S01009890,212,108,104,8,7,1,4,0,4,4,3,1,7,2,5,23,16,7,12,4,8,31,14,17,18,9,9,38,24,14,67,29,38
S01009891,250,132,118,9,6,3,10,5,5,25,14,11,21,7,14,29,27,2,14,10,4,20,5,15,19,14,5,45,26,19,58,18,40
S01009892,343,182,161,4,1,3,7,2,5,21,13,8,20,7,13,34,31,3,16,5,11,29,6,23,24,17,7,79,47,32,109,53,56
S01009893,254,130,124,8,5,3,16,11,5,9,6,3,13,4,9,18,16,2,14,7,7,30,17,13,10,6,4,40,30,10,96,28,68
S01009894,321,139,182,12,7,5,10,2,8,14,6,8,23,7,16,34,28,6,25,6,19,51,15,36,20,14,6,54,28,26,78,26,52
S01009895,308,172,136,4,2,2,15,11,4,16,9,7,16,1,15,33,26,7,17,6,11,31,14,17,28,24,4,62,35,27,86,44,42
S01009896,399,204,195,12,10,2,9,4,5,15,10,5,24,6,18,37,33,4,24,6,18,35,14,21,39,33,6,88,42,46,116,46,70
S01009897,307,160,147,10,7,3,15,7,8,28,9,19,29,8,21,32,32,0,19,6,13,22,7,15,23,20,3,80,40,40,49,24,25
S01009898,237,91,146,3,1,2,4,3,1,4,2,2,26,5,21,25,22,3,18,4,14,26,4,22,18,11,7,39,14,25,74,25,49
S01009899,175,91,84,10,6,4,15,5,10,14,9,5,21,8,13,13,12,1,10,2,8,23,12,11,12,10,2,28,16,12,29,11,18
S01009900,115,52,63,4,2,2,15,8,7,10,5,5,9,1,8,15,13,2,4,0,4,17,5,12,7,5,2,16,7,9,18,6,12
S01009901,135,60,75,3,3,0,16,8,8,11,3,8,17,2,15,15,13,2,5,1,4,19,6,13,5,5,0,15,7,8,29,12,17
S01009902,343,168,175,8,5,3,11,5,6,17,12,5,29,7,22,37,32,5,22,6,16,35,10,25,44,33,11,72,38,34,68,20,48
S01009903,221,93,128,19,12,7,12,4,8,15,9,6,12,2,10,14,12,2,6,2,4,29,11,18,9,6,3,14,6,8,91,29,62
S01009904,145,75,70,6,5,1,10,4,6,9,5,4,12,2,10,10,10,0,10,3,7,16,9,7,6,3,3,27,15,12,39,19,20
S01009905,240,145,95,8,5,3,12,9,3,19,16,3,15,6,9,7,6,1,10,3,7,26,10,16,6,6,0,33,24,9,104,60,44
S01009906,173,88,85,5,2,3,12,4,8,8,5,3,5,0,5,16,15,1,12,2,10,12,5,7,10,9,1,33,20,13,60,26,34
S01009907,294,182,112,11,8,3,20,15,5,26,19,7,15,5,10,30,26,4,12,3,9,25,6,19,16,14,2,38,29,9,101,57,44
S01009908,195,89,106,10,4,6,27,14,13,11,4,7,16,2,14,15,12,3,8,2,6,15,6,9,6,6,0,27,12,15,60,27,33
S01009909,204,116,88,12,7,5,27,21,6,18,11,7,14,3,11,17,16,1,13,4,9,20,10,10,8,6,2,29,20,9,46,18,28
S01009910,97,45,52,2,2,0,6,0,6,10,4,6,9,7,2,7,5,2,4,2,2,15,5,10,6,5,1,16,13,3,22,2,20
S01009911,251,114,137,19,9,10,40,11,29,16,5,11,17,4,13,25,19,6,10,4,6,19,4,15,14,10,4,31,20,11,60,28,32
S01009912,240,101,139,15,10,5,50,21,29,15,9,6,26,5,21,10,7,3,7,0,7,13,4,9,10,9,1,15,10,5,79,26,53
S01009913,212,70,142,19,10,9,27,10,17,7,1,6,18,1,17,6,5,1,5,2,3,16,3,13,9,6,3,8,2,6,97,30,67
S01009914,246,92,154,13,10,3,57,14,43,21,10,11,34,5,29,12,11,1,12,6,6,19,6,13,6,6,0,11,4,7,61,20,41
S01009915,211,92,119,23,15,8,43,15,28,15,8,7,20,6,14,8,7,1,8,1,7,18,8,10,6,6,0,7,3,4,63,23,40
S01009916,313,115,198,20,16,4,29,10,19,6,3,3,23,6,17,9,7,2,10,1,9,39,18,21,8,3,5,16,6,10,153,45,108
S01009917,149,62,87,13,7,6,25,7,18,10,6,4,22,4,18,10,9,1,5,0,5,9,5,4,4,4,0,9,4,5,42,16,26
S01009918,192,86,106,8,6,2,38,15,23,15,6,9,27,7,20,8,6,2,9,3,6,15,9,6,12,9,3,14,6,8,46,19,27
S01009919,323,129,194,6,5,1,26,13,13,15,9,6,38,7,31,26,23,3,30,8,22,44,11,33,14,11,3,53,23,30,71,19,52
S01009920,145,61,84,3,2,1,22,8,14,13,7,6,19,2,17,11,10,1,7,1,6,13,2,11,9,8,1,22,10,12,26,11,15
S01009921,118,57,61,3,1,2,12,3,9,13,8,5,18,7,11,12,11,1,8,3,5,12,8,4,7,1,6,14,8,6,19,7,12
S01009922,188,101,87,12,10,2,25,12,13,17,14,3,31,6,25,16,15,1,9,3,6,23,12,11,10,10,0,16,7,9,29,12,17
S01009923,216,103,113,10,5,5,25,11,14,35,23,12,27,7,20,12,11,1,16,6,10,20,7,13,15,10,5,30,15,15,26,8,18
S01009924,231,108,123,13,10,3,19,5,14,15,4,11,21,5,16,21,19,2,17,6,11,28,13,15,10,7,3,26,14,12,61,25,36
S01009925,116,64,52,5,4,1,7,4,3,5,4,1,16,6,10,10,9,1,11,2,9,15,7,8,2,2,0,18,10,8,27,16,11
S01009926,176,71,105,8,6,2,14,2,12,12,6,6,24,9,15,8,8,0,11,3,8,17,5,12,10,7,3,23,6,17,49,19,30
S01009927,136,64,72,5,5,0,12,4,8,16,11,5,15,2,13,12,12,0,10,0,10,14,6,8,6,3,3,24,12,12,22,9,13
S01009928,177,95,82,21,13,8,40,22,18,24,14,10,14,2,12,10,9,1,9,1,8,12,5,7,4,4,0,17,10,7,26,15,11
S01009929,113,48,65,10,6,4,17,9,8,14,6,8,16,4,12,10,8,2,10,0,10,9,3,6,4,3,1,9,2,7,14,7,7
S01009930,167,88,79,6,5,1,24,12,12,20,8,12,23,9,14,15,12,3,12,5,7,16,7,9,8,8,0,19,11,8,24,11,13
S01009931,112,55,57,4,3,1,14,8,6,14,7,7,17,3,14,14,12,2,9,1,8,15,6,9,4,3,1,9,4,5,12,8,4
S01009932,104,46,58,3,3,0,15,5,10,9,6,3,11,1,10,8,7,1,4,0,4,11,4,7,11,11,0,11,4,7,21,5,16
S01009933,325,167,158,11,5,6,13,7,6,22,13,9,27,5,22,44,40,4,19,5,14,33,15,18,22,17,5,72,32,40,62,28,34
S01009934,188,84,104,13,5,8,26,16,10,9,4,5,19,3,16,18,17,1,15,1,14,15,6,9,6,4,2,23,11,12,44,17,27
S01009935,227,115,112,1,1,0,6,5,1,12,7,5,18,6,12,32,27,5,19,3,16,22,6,16,34,25,9,44,21,23,39,14,25
S01009936,219,122,97,4,4,0,13,9,4,12,5,7,21,8,13,31,28,3,12,6,6,19,7,12,20,14,6,49,31,18,38,10,28
S01009937,196,85,111,2,1,1,3,3,0,15,10,5,10,3,7,13,10,3,12,3,9,14,2,12,14,13,1,40,17,23,73,23,50
S01009938,366,177,189,5,2,3,14,2,12,14,9,5,27,8,19,45,42,3,28,8,20,37,6,31,47,30,17,82,40,42,67,30,37
S01009939,457,252,205,7,4,3,18,15,3,16,11,5,29,7,22,35,33,2,20,9,11,40,15,25,24,17,7,83,42,41,185,99,86
S01009940,373,191,182,7,5,2,3,2,1,7,1,6,24,6,18,46,42,4,33,7,26,30,6,24,41,24,17,103,55,48,79,43,36
S01009941,277,92,185,13,9,4,9,2,7,11,5,6,21,1,20,16,11,5,13,2,11,48,14,34,10,8,2,26,8,18,110,32,78
S01009942,395,202,193,4,2,2,4,3,1,5,3,2,24,5,19,47,40,7,34,7,27,28,10,18,25,14,11,104,52,52,120,66,54
S01009943,368,176,192,7,5,2,2,1,1,8,6,2,15,1,14,47,39,8,31,3,28,30,9,21,44,28,16,110,52,58,74,32,42
S01009944,249,121,128,5,5,0,12,6,6,8,7,1,26,8,18,31,27,4,24,3,21,31,5,26,17,13,4,47,24,23,48,23,25
S01009945,303,122,181,6,4,2,3,1,2,15,7,8,37,7,30,24,21,3,32,7,25,41,13,28,20,10,10,53,19,34,72,33,39
S01009946,280,124,156,8,2,6,17,5,12,15,9,6,28,9,19,25,21,4,20,8,12,31,8,23,31,19,12,46,19,27,59,24,35
S01009947,183,76,107,5,1,4,10,2,8,9,5,4,24,5,19,14,11,3,16,3,13,17,7,10,14,11,3,33,12,21,41,19,22
S01009948,322,177,145,11,6,5,9,3,6,7,3,4,33,12,21,55,52,3,20,2,18,39,11,28,27,20,7,61,33,28,60,35,25
S01009949,256,123,133,6,5,1,11,6,5,10,7,3,28,4,24,17,15,2,22,3,19,28,6,22,25,21,4,57,32,25,52,24,28
S01009950,182,73,109,17,11,6,38,14,24,17,5,12,21,2,19,8,6,2,3,0,3,12,5,7,8,5,3,9,2,7,49,23,26
S01009951,206,85,121,24,14,10,59,17,42,6,4,2,13,2,11,8,8,0,4,1,3,11,4,7,3,3,0,15,10,5,63,22,41
S01009952,174,75,99,5,4,1,29,13,16,14,6,8,36,4,32,11,11,0,9,1,8,17,7,10,5,5,0,12,6,6,36,18,18
S01009953,226,103,123,16,11,5,44,20,24,16,10,6,30,6,24,22,16,6,10,0,10,9,3,6,14,10,4,25,12,13,40,15,25
S01009954,201,95,106,15,9,6,25,10,15,14,8,6,21,4,17,10,9,1,9,2,7,14,7,7,8,5,3,16,8,8,69,33,36
S01009955,273,114,159,14,11,3,26,7,19,15,4,11,31,4,27,18,17,1,21,6,15,29,6,23,13,10,3,39,22,17,67,27,40
S01009956,224,97,127,15,12,3,25,10,15,9,5,4,25,4,21,17,15,2,17,4,13,17,3,14,10,8,2,28,11,17,61,25,36
S01009957,171,77,94,11,7,4,47,22,25,13,7,6,27,5,22,10,8,2,8,3,5,8,3,5,7,4,3,12,7,5,28,11,17
S01009958,173,82,91,8,5,3,26,7,19,21,13,8,35,6,29,16,15,1,7,3,4,17,4,13,6,5,1,16,9,7,21,15,6
S01009959,180,70,110,14,9,5,50,19,31,9,3,6,26,7,19,5,5,0,7,0,7,15,3,12,4,3,1,14,7,7,36,14,22
S01009960,211,91,120,13,10,3,43,16,27,13,6,7,30,4,26,12,10,2,8,1,7,19,5,14,6,4,2,9,2,7,58,33,25
S01009961,201,91,110,11,9,2,24,8,16,17,6,11,29,3,26,19,19,0,13,3,10,22,8,14,7,5,2,23,12,11,36,18,18
S01009962,237,103,134,12,8,4,17,5,12,21,9,12,34,5,29,31,26,5,21,3,18,17,6,11,15,10,5,40,22,18,29,9,20
S01009963,174,75,99,6,4,2,27,10,17,10,8,2,28,6,22,18,14,4,16,1,15,12,4,8,5,4,1,14,8,6,38,16,22
S01009964,213,96,117,16,9,7,33,12,21,23,15,8,27,2,25,21,21,0,9,1,8,19,4,15,5,3,2,11,4,7,49,25,24
S01009965,172,71,101,11,9,2,16,5,11,21,12,9,32,5,27,18,16,2,13,3,10,18,5,13,5,4,1,18,7,11,20,5,15
S01009966,193,91,102,4,2,2,14,3,11,14,11,3,37,6,31,29,25,4,11,1,10,21,7,14,14,9,5,18,11,7,31,16,15
S01009967,195,92,103,20,16,4,47,19,28,15,10,5,40,11,29,5,4,1,9,0,9,14,4,10,7,6,1,15,9,6,23,13,10
S01009968,144,59,85,4,1,3,8,2,6,5,5,0,27,7,20,16,16,0,12,1,11,15,3,12,12,10,2,21,4,17,24,10,14
S01009969,245,106,139,20,15,5,40,17,23,20,13,7,42,4,38,16,14,2,18,2,16,15,1,14,15,13,2,21,10,11,38,17,21
S01009970,359,148,211,5,3,2,2,0,2,10,4,6,22,4,18,40,30,10,19,4,15,42,3,39,35,21,14,105,46,59,79,33,46
S01009971,394,169,225,4,3,1,10,4,6,14,9,5,23,2,21,41,36,5,32,7,25,57,12,45,45,27,18,89,36,53,79,33,46
S01009972,210,84,126,13,6,7,10,5,5,11,3,8,29,1,28,12,11,1,17,5,12,14,6,8,20,11,9,31,9,22,53,27,26
S01009973,194,86,108,3,1,2,4,1,3,5,3,2,10,3,7,27,22,5,18,4,14,10,2,8,25,14,11,49,17,32,43,19,24
S01009974,241,106,135,4,3,1,4,2,2,8,6,2,15,6,9,35,30,5,26,5,21,18,6,12,27,11,16,56,18,38,48,19,29
S01009975,370,166,204,3,2,1,1,0,1,3,1,2,12,2,10,47,35,12,27,7,20,32,9,23,40,30,10,91,35,56,114,45,69
S01009976,189,81,108,0,0,0,9,3,6,3,3,0,10,0,10,16,15,1,14,3,11,16,6,10,28,15,13,49,20,29,44,16,28
S01009977,491,260,231,14,10,4,8,6,2,13,8,5,21,3,18,62,51,11,33,10,23,39,8,31,63,37,26,127,68,59,111,59,52
S01009978,385,171,214,8,4,4,9,7,2,9,4,5,19,2,17,41,35,6,35,9,26,30,7,23,43,23,20,83,36,47,108,44,64
S01009979,242,103,139,4,1,3,4,1,3,4,3,1,8,1,7,23,19,4,25,2,23,19,4,15,32,21,11,78,31,47,45,20,25
S01009980,309,134,175,3,2,1,6,3,3,11,5,6,15,3,12,38,29,9,26,7,19,29,6,23,26,14,12,66,24,42,89,41,48
S01009981,263,122,141,6,4,2,4,1,3,8,7,1,15,4,11,23,21,2,22,3,19,23,6,17,27,14,13,70,29,41,65,33,32
S01009982,319,135,184,6,1,5,7,1,6,8,2,6,7,0,7,33,30,3,24,3,21,30,7,23,31,17,14,75,35,40,98,39,59
S01009983,256,119,137,0,0,0,4,2,2,6,4,2,7,0,7,20,16,4,14,4,10,25,5,20,14,10,4,59,31,28,107,47,60
S01009984,234,102,132,4,2,2,7,4,3,7,3,4,17,0,17,25,22,3,15,3,12,20,7,13,24,15,9,56,24,32,59,22,37
S01009985,256,124,132,3,1,2,3,1,2,6,5,1,16,6,10,20,19,1,20,2,18,22,4,18,25,15,10,63,29,34,78,42,36
S01009986,257,117,140,4,1,3,5,1,4,8,6,2,18,4,14,30,21,9,19,7,12,17,2,15,33,23,10,72,33,39,51,19,32
S01009987,307,165,142,4,1,3,4,3,1,9,6,3,25,4,21,48,40,8,25,5,20,20,6,14,33,22,11,87,48,39,52,30,22
S01009988,239,115,124,0,0,0,3,0,3,11,9,2,15,3,12,30,25,5,20,2,18,17,3,14,19,16,3,74,31,43,50,26,24
S01009989,229,106,123,4,1,3,12,6,6,10,6,4,22,3,19,23,19,4,24,4,20,17,5,12,11,7,4,51,20,31,55,35,20
S01009990,160,68,92,6,5,1,4,2,2,8,4,4,20,3,17,11,10,1,16,2,14,22,9,13,11,9,2,32,9,23,30,15,15
S01009991,188,84,104,6,4,2,11,3,8,9,3,6,21,2,19,21,20,1,14,1,13,27,3,24,12,8,4,23,14,9,44,26,18
S01009992,295,132,163,4,1,3,3,0,3,9,4,5,21,6,15,22,19,3,23,7,16,34,6,28,42,25,17,86,46,40,51,18,33
S01009993,168,69,99,12,5,7,9,5,4,6,3,3,28,3,25,19,16,3,22,1,21,15,3,12,9,8,1,24,10,14,24,15,9
S01009994,156,61,95,4,2,2,9,4,5,11,6,5,26,5,21,8,7,1,16,1,15,20,3,17,7,4,3,27,15,12,28,14,14
S01009995,151,63,88,7,1,6,7,2,5,9,5,4,22,4,18,13,11,2,11,2,9,25,7,18,11,8,3,15,6,9,31,17,14
S01009996,187,75,112,5,2,3,12,7,5,0,0,0,19,1,18,21,18,3,22,4,18,31,9,22,9,5,4,31,13,18,37,16,21
S01009997,132,55,77,4,4,0,6,1,5,5,2,3,18,2,16,16,14,2,9,2,7,17,2,15,6,3,3,18,9,9,33,16,17
S01009998,192,81,111,14,9,5,21,8,13,12,8,4,28,3,25,14,13,1,12,2,10,13,5,8,12,11,1,16,4,12,50,18,32
S01009999,203,82,121,5,5,0,25,10,15,20,8,12,39,6,33,14,14,0,17,2,15,24,7,17,6,5,1,20,9,11,33,16,17
S01010000,151,62,89,2,1,1,7,4,3,6,3,3,31,7,24,11,9,2,11,1,10,24,8,16,8,8,0,23,8,15,28,13,15
S01010001,197,72,125,4,3,1,18,9,9,9,3,6,20,3,17,12,9,3,14,3,11,20,4,16,9,4,5,37,15,22,54,19,35
S01010002,209,88,121,7,3,4,8,2,6,14,8,6,23,6,17,30,27,3,13,4,9,23,1,22,11,10,1,37,13,24,43,14,29
S01010003,177,80,97,11,8,3,15,6,9,11,7,4,31,5,26,16,16,0,19,5,14,15,4,11,9,6,3,22,6,16,28,17,11
S01010004,195,91,104,8,6,2,21,11,10,12,7,5,35,8,27,11,9,2,10,1,9,21,7,14,7,5,2,22,11,11,48,26,22
S01010005,203,111,92,3,2,1,12,11,1,14,9,5,27,6,21,14,12,2,22,4,18,28,12,16,18,14,4,28,20,8,37,21,16
S01010006,212,106,106,6,3,3,14,9,5,11,6,5,22,4,18,28,27,1,19,2,17,16,2,14,22,18,4,40,19,21,34,16,18
S01010007,190,77,113,9,3,6,22,10,12,12,8,4,30,6,24,16,16,0,15,0,15,30,5,25,12,9,3,16,5,11,28,15,13
S01010008,152,70,82,11,8,3,13,4,9,15,8,7,19,8,11,12,9,3,14,2,12,12,2,10,10,10,0,26,11,15,20,8,12
S01010009,120,73,47,2,1,1,7,4,3,7,5,2,9,3,6,14,13,1,14,4,10,10,3,7,9,5,4,25,18,7,23,17,6
S01010010,234,108,126,10,8,2,49,19,30,21,13,8,33,7,26,17,14,3,12,1,11,25,7,18,9,7,2,13,9,4,45,23,22
S01010011,228,118,110,11,7,4,18,9,9,19,13,6,38,4,34,30,28,2,17,6,11,20,5,15,20,16,4,40,22,18,15,8,7
S01010012,222,81,141,6,4,2,20,5,15,13,7,6,36,6,30,18,17,1,15,0,15,18,3,15,15,12,3,25,7,18,56,20,36
S01010013,191,99,92,3,2,1,20,9,11,20,13,7,27,6,21,20,18,2,9,3,6,20,5,15,10,10,0,30,13,17,32,20,12
S01010014,263,143,120,14,10,4,17,10,7,25,11,14,31,8,23,22,18,4,18,5,13,26,11,15,20,18,2,34,25,9,56,27,29
S01010015,193,98,95,11,5,6,11,6,5,18,7,11,16,5,11,13,12,1,11,3,8,15,6,9,11,9,2,36,18,18,51,27,24
S01010016,218,103,115,2,2,0,6,2,4,10,7,3,15,2,13,24,22,2,17,3,14,27,1,26,22,18,4,49,23,26,46,23,23
S01010017,271,117,154,2,2,0,8,2,6,6,2,4,28,5,23,19,16,3,24,7,17,23,6,17,17,12,5,75,32,43,69,33,36
S01010018,307,133,174,5,2,3,7,0,7,7,4,3,23,7,16,37,30,7,23,4,19,24,7,17,46,27,19,77,33,44,58,19,39
S01010019,288,125,163,5,3,2,3,2,1,5,2,3,19,5,14,43,35,8,30,6,24,29,8,21,18,9,9,65,27,38,71,28,43
S01010020,226,105,121,8,3,5,6,2,4,5,2,3,19,2,17,34,28,6,15,0,15,9,5,4,21,12,9,59,26,33,50,25,25
S01010021,374,188,186,3,1,2,9,5,4,6,3,3,25,3,22,33,29,4,17,11,6,40,16,24,31,24,7,82,45,37,128,51,77
S01010022,388,181,207,4,1,3,6,4,2,19,13,6,26,7,19,36,34,2,31,4,27,32,6,26,49,28,21,96,43,53,89,41,48
S01010023,293,137,156,7,3,4,7,3,4,12,6,6,13,3,10,44,39,5,12,2,10,26,3,23,35,30,5,74,28,46,63,20,43
S01010024,274,149,125,4,3,1,11,5,6,12,5,7,13,5,8,31,27,4,22,6,16,21,7,14,31,24,7,67,29,38,62,38,24
S01010025,255,133,122,3,2,1,11,7,4,7,4,3,12,2,10,24,21,3,15,3,12,20,5,15,31,22,9,66,34,32,66,33,33
S01010026,313,153,160,9,4,5,4,2,2,15,9,6,11,2,9,28,25,3,23,7,16,33,8,25,25,18,7,79,42,37,86,36,50
S01010027,294,149,145,6,3,3,5,1,4,12,6,6,12,2,10,40,33,7,21,5,16,29,10,19,28,16,12,57,25,32,84,48,36
S01010028,229,122,107,4,3,1,4,2,2,9,6,3,9,2,7,28,25,3,11,2,9,24,5,19,31,27,4,55,25,30,54,25,29
S01010029,300,162,138,8,5,3,4,2,2,18,11,7,23,7,16,46,42,4,11,3,8,14,5,9,37,22,15,88,41,47,51,24,27
S01010030,222,99,123,2,0,2,16,9,7,12,3,9,17,6,11,23,19,4,11,2,9,23,6,17,14,7,7,55,19,36,49,28,21
S01010031,243,166,77,5,3,2,21,14,7,34,28,6,9,4,5,24,20,4,6,3,3,26,14,12,8,8,0,50,33,17,60,39,21
S01010032,408,340,68,6,5,1,8,3,5,30,28,2,18,9,9,32,32,0,10,4,6,20,9,11,8,8,0,56,42,14,220,200,20
S01010033,344,182,162,9,7,2,23,12,11,14,8,6,18,4,14,35,32,3,23,7,16,28,11,17,26,23,3,57,23,34,111,55,56
S01010034,432,244,188,7,6,1,9,4,5,24,17,7,14,6,8,39,33,6,18,7,11,36,19,17,58,40,18,127,52,75,100,60,40
S01010035,318,187,131,7,6,1,9,3,6,8,6,2,10,3,7,39,35,4,11,4,7,27,11,16,30,25,5,58,37,21,119,57,62
S01010036,275,164,111,9,5,4,27,17,10,19,13,6,13,6,7,6,5,1,14,9,5,31,14,17,5,5,0,49,33,16,102,57,45
S01010037,280,127,153,3,1,2,6,3,3,9,6,3,21,7,14,30,26,4,24,6,18,18,5,13,35,19,16,80,35,45,54,19,35
S01010038,385,201,184,4,2,2,18,9,9,24,17,7,19,3,16,45,36,9,19,7,12,34,12,22,43,21,22,84,50,34,95,44,51
S01010039,305,176,129,5,2,3,27,20,7,18,10,8,28,7,21,23,20,3,11,4,7,36,17,19,8,5,3,59,36,23,90,55,35
S01010040,217,114,103,8,5,3,15,7,8,19,11,8,15,3,12,25,19,6,12,6,6,24,7,17,16,8,8,43,25,18,40,23,17
S01010041,236,154,82,2,1,1,18,16,2,19,18,1,13,6,7,31,30,1,10,6,4,22,8,14,20,16,4,44,21,23,57,32,25
S01010042,328,171,157,4,2,2,14,12,2,29,21,8,27,12,15,34,30,4,11,5,6,42,16,26,21,10,11,72,36,36,74,27,47
S01010043,295,155,140,7,6,1,6,2,4,19,9,10,16,9,7,24,22,2,21,10,11,42,18,24,35,23,12,61,33,28,64,23,41
S01010044,368,171,197,7,4,3,15,4,11,15,11,4,26,5,21,36,32,4,17,5,12,33,6,27,53,37,16,73,26,47,93,41,52
S01010045,234,106,128,2,2,0,1,0,1,1,1,0,7,1,6,20,14,6,16,2,14,13,4,9,36,21,15,73,29,44,65,32,33
S01010046,305,135,170,6,3,3,6,2,4,9,6,3,21,3,18,34,26,8,16,2,14,20,2,18,44,22,22,82,38,44,67,31,36
S01010047,360,184,176,6,5,1,7,3,4,15,10,5,17,4,13,30,24,6,15,4,11,37,10,27,52,31,21,91,40,51,90,53,37
S01010048,404,188,216,5,2,3,6,2,4,15,12,3,13,3,10,43,38,5,34,12,22,34,5,29,71,37,34,111,43,68,72,34,38
S01010049,309,125,184,8,1,7,4,1,3,4,3,1,12,1,11,21,17,4,21,6,15,26,6,20,47,22,25,84,37,47,82,31,51
S01010050,431,248,183,5,1,4,7,3,4,10,8,2,10,1,9,49,46,3,23,8,15,36,14,22,35,21,14,136,79,57,120,67,53
S01010051,306,155,151,3,2,1,9,8,1,5,1,4,21,10,11,26,23,3,13,3,10,27,5,22,29,18,11,93,46,47,80,39,41
S01010052,268,139,129,10,7,3,6,2,4,5,1,4,18,7,11,35,30,5,19,4,15,19,7,12,27,22,5,70,32,38,59,27,32
S01010053,323,135,188,3,3,0,12,11,1,7,4,3,12,3,9,26,22,4,19,3,16,33,5,28,44,26,18,71,22,49,96,36,60
S01010054,250,105,145,1,0,1,3,0,3,4,3,1,10,2,8,16,15,1,10,2,8,28,6,22,26,15,11,58,21,37,94,41,53
S01010055,461,286,175,6,4,2,11,7,4,18,17,1,22,10,12,57,50,7,31,15,16,40,7,33,57,45,12,102,63,39,117,68,49
S01010056,181,84,97,3,2,1,3,2,1,4,3,1,12,0,12,22,19,3,12,2,10,12,4,8,14,11,3,56,24,32,43,17,26
S01010057,122,51,71,3,2,1,4,0,4,4,2,2,6,1,5,10,9,1,8,1,7,15,4,11,15,10,5,21,8,13,36,14,22
S01010058,277,124,153,5,2,3,4,1,3,9,2,7,11,2,9,23,18,5,22,5,17,26,3,23,38,24,14,73,34,39,66,33,33
S01010059,180,97,83,3,2,1,2,0,2,9,6,3,9,1,8,29,25,4,15,7,8,13,1,12,24,18,6,47,22,25,29,15,14
S01010060,328,163,165,8,2,6,7,3,4,13,9,4,18,6,12,31,27,4,17,1,16,29,7,22,41,29,12,82,45,37,82,34,48
S01010061,133,75,58,0,0,0,3,1,2,4,0,4,13,4,9,14,14,0,12,4,8,12,7,5,14,10,4,29,15,14,32,20,12
S01010062,253,110,143,2,0,2,7,2,5,14,6,8,16,4,12,30,27,3,15,4,11,26,5,21,34,25,9,59,17,42,50,20,30
S01010063,393,205,188,8,4,4,8,6,2,8,4,4,21,5,16,41,41,0,26,7,19,51,12,39,50,37,13,98,50,48,82,39,43
S01010064,167,75,92,1,1,0,5,3,2,8,5,3,8,3,5,11,9,2,12,3,9,21,7,14,20,12,8,41,14,27,40,18,22
S01010065,301,126,175,4,2,2,2,0,2,12,6,6,17,1,16,35,29,6,26,2,24,26,5,21,46,23,23,71,31,40,62,27,35
S01010066,324,132,192,6,1,5,3,1,2,5,0,5,13,1,12,35,34,1,19,5,14,27,4,23,37,21,16,99,37,62,80,28,52
S01010067,254,107,147,2,0,2,3,1,2,5,4,1,11,3,8,23,22,1,23,8,15,24,5,19,28,9,19,78,34,44,57,21,36
S01010068,190,91,99,3,2,1,9,5,4,15,7,8,10,1,9,19,16,3,16,4,12,16,4,12,20,12,8,49,26,23,33,14,19
S01010069,167,79,88,11,5,6,4,1,3,13,6,7,15,1,14,22,19,3,10,2,8,13,6,7,20,15,5,33,13,20,26,11,15
S01010070,130,51,79,4,2,2,14,9,5,5,3,2,14,1,13,10,9,1,9,1,8,22,1,21,13,8,5,16,7,9,23,10,13
S01010071,228,99,129,8,6,2,8,2,6,8,3,5,18,1,17,32,27,5,19,2,17,33,7,26,24,15,9,29,14,15,49,22,27
S01010072,223,100,123,6,3,3,8,4,4,10,6,4,23,5,18,27,21,6,17,4,13,26,1,25,24,19,5,52,27,25,30,10,20
S01010073,184,88,96,4,3,1,13,6,7,17,13,4,20,6,14,21,18,3,9,4,5,20,3,17,15,10,5,34,8,26,31,17,14
S01010074,213,90,123,7,5,2,28,10,18,16,9,7,41,4,37,18,17,1,13,4,9,15,2,13,25,20,5,16,5,11,34,14,20
S01010075,217,96,121,4,2,2,6,4,2,3,3,0,25,6,19,19,16,3,20,2,18,16,2,14,45,26,19,42,15,27,37,20,17
S01010076,207,91,116,3,2,1,3,2,1,6,2,4,17,3,14,24,20,4,16,3,13,23,5,18,26,15,11,51,19,32,38,20,18
S01010077,235,106,129,4,3,1,8,3,5,10,6,4,16,1,15,28,24,4,15,4,11,23,6,17,39,27,12,49,18,31,43,14,29
S01010078,147,66,81,8,6,2,11,6,5,5,3,2,23,2,21,18,17,1,7,2,5,20,9,11,8,5,3,19,6,13,28,10,18
S01010079,231,99,132,15,11,4,22,6,16,14,10,4,42,2,40,24,21,3,11,0,11,23,12,11,17,10,7,24,5,19,39,22,17
S01010080,192,83,109,18,15,3,19,8,11,9,3,6,49,3,46,22,19,3,9,2,7,18,6,12,19,14,5,13,4,9,16,9,7
S01010081,214,89,125,20,15,5,23,6,17,17,11,6,39,4,35,15,15,0,10,1,9,25,5,20,18,13,5,11,4,7,36,15,21
S01010082,225,97,128,11,6,5,16,8,8,17,9,8,33,5,28,22,19,3,20,5,15,29,7,22,17,8,9,23,8,15,37,22,15
S01010083,273,125,148,4,2,2,5,1,4,6,5,1,33,4,29,30,25,5,17,6,11,24,7,17,41,27,14,59,22,37,54,26,28
S01010084,304,142,162,4,2,2,8,4,4,7,3,4,28,6,22,35,33,2,25,5,20,34,4,30,42,31,11,64,26,38,57,28,29
S01010085,213,85,128,3,1,2,16,7,9,14,9,5,36,2,34,29,27,2,12,2,10,28,5,23,15,11,4,40,13,27,20,8,12
S01010086,363,161,202,7,3,4,6,0,6,11,7,4,27,7,20,43,36,7,21,3,18,42,6,36,53,34,19,88,32,56,65,33,32
S01010087,178,80,98,8,4,4,19,10,9,10,8,2,31,4,27,26,22,4,10,0,10,20,3,17,18,11,7,16,5,11,20,13,7
S01010088,99,45,54,7,3,4,2,2,0,4,2,2,15,2,13,7,6,1,6,3,3,11,1,10,5,3,2,9,3,6,33,20,13
S01010089,243,111,132,6,5,1,9,5,4,9,6,3,24,1,23,29,23,6,20,7,13,39,10,29,25,21,4,39,17,22,43,16,27
S01010090,226,105,121,13,7,6,20,11,9,6,3,3,22,6,16,21,17,4,18,4,14,24,6,18,17,13,4,36,16,20,49,22,27
S01010091,169,82,87,3,1,2,8,5,3,8,4,4,12,2,10,14,13,1,13,1,12,19,4,15,16,12,4,31,13,18,45,27,18
S01010092,403,178,225,7,5,2,16,9,7,17,6,11,32,10,22,46,33,13,21,1,20,45,7,38,45,29,16,84,35,49,90,43,47
S01010093,244,102,142,12,8,4,13,7,6,16,7,9,26,3,23,30,26,4,15,0,15,34,6,28,23,15,8,36,12,24,39,18,21
S01010094,157,70,87,8,5,3,20,7,13,7,3,4,22,1,21,20,18,2,9,1,8,17,5,12,9,8,1,17,8,9,28,14,14
S01010095,163,69,94,7,5,2,8,3,5,14,6,8,33,3,30,25,24,1,8,2,6,16,1,15,10,9,1,21,6,15,21,10,11
S01010096,176,73,103,4,3,1,13,7,6,17,9,8,21,2,19,7,7,0,14,4,10,30,5,25,11,9,2,23,12,11,36,15,21
S01010097,192,84,108,5,1,4,13,5,8,15,8,7,18,4,14,27,26,1,11,1,10,25,5,20,21,13,8,20,8,12,37,13,24
S01010098,166,78,88,9,5,4,11,4,7,9,5,4,23,2,21,20,19,1,17,2,15,13,5,8,13,8,5,21,8,13,30,20,10
S01010099,169,74,95,6,4,2,16,8,8,17,10,7,30,4,26,15,13,2,9,0,9,20,5,15,13,12,1,17,4,13,26,14,12
S01010100,254,106,148,10,4,6,13,6,7,13,7,6,41,5,36,30,25,5,12,4,8,26,4,22,24,18,6,43,19,24,42,14,28
S01010101,190,86,104,10,8,2,9,5,4,11,10,1,34,2,32,24,20,4,14,4,10,22,5,17,18,14,4,28,8,20,20,10,10
S01010102,179,77,102,7,5,2,9,7,2,14,9,5,18,4,14,20,12,8,7,3,4,26,5,21,11,5,6,19,6,13,48,21,27
S01010103,164,59,105,3,1,2,12,4,8,5,3,2,17,3,14,11,10,1,17,1,16,23,5,18,15,10,5,28,8,20,33,14,19
S01010104,114,44,70,2,2,0,5,2,3,5,0,5,9,2,7,9,7,2,13,0,13,14,4,10,8,6,2,16,5,11,33,16,17
S01010105,143,55,88,3,1,2,1,1,0,2,1,1,3,0,3,13,9,4,7,2,5,17,1,16,15,8,7,35,10,25,47,22,25
S01010106,166,68,98,0,0,0,1,0,1,3,2,1,4,0,4,17,14,3,14,3,11,22,4,18,19,12,7,51,17,34,35,16,19
S01010107,278,130,148,2,1,1,3,0,3,5,4,1,15,3,12,29,22,7,19,5,14,35,10,25,31,19,12,72,32,40,67,34,33
S01010108,240,121,119,6,2,4,2,0,2,3,2,1,16,6,10,36,33,3,12,5,7,17,0,17,41,29,12,66,29,37,41,15,26
S01010109,237,120,117,2,1,1,4,2,2,6,4,2,9,1,8,35,28,7,10,4,6,21,3,18,20,14,6,58,30,28,72,33,39
S01010110,331,153,178,4,3,1,4,2,2,5,2,3,13,2,11,35,29,6,25,2,23,29,6,23,44,28,16,84,34,50,88,45,43
S01010111,423,189,234,2,1,1,5,1,4,11,7,4,12,2,10,47,41,6,24,6,18,40,5,35,42,19,23,112,40,72,128,67,61
S01010112,400,178,222,7,1,6,6,4,2,10,5,5,11,1,10,31,26,5,28,6,22,40,4,36,26,18,8,113,49,64,128,64,64
S01010113,197,90,107,2,1,1,2,0,2,2,2,0,16,2,14,18,16,2,8,3,5,21,4,17,26,19,7,52,22,30,50,21,29
S01010114,344,157,187,7,5,2,2,2,0,7,2,5,17,3,14,43,33,10,24,5,19,32,9,23,32,19,13,91,30,61,89,49,40
S01010115,143,60,83,5,1,4,5,3,2,3,0,3,6,2,4,13,12,1,12,2,10,16,3,13,7,4,3,27,10,17,49,23,26
S01010116,207,88,119,6,4,2,3,2,1,14,5,9,15,4,11,17,12,5,22,2,20,29,8,21,16,15,1,34,10,24,51,26,25
S01010117,118,50,68,4,2,2,8,3,5,5,2,3,10,1,9,13,10,3,16,4,12,12,1,11,8,6,2,18,9,9,24,12,12
S01010118,285,118,167,4,2,2,1,0,1,10,6,4,14,0,14,16,13,3,17,6,11,30,12,18,27,13,14,71,29,42,95,37,58
S01010119,174,69,105,4,2,2,3,1,2,4,2,2,8,0,8,15,11,4,17,2,15,12,2,10,24,15,9,40,13,27,47,21,26
S01010120,427,175,252,6,0,6,3,1,2,13,3,10,18,3,15,32,25,7,36,8,28,38,7,31,42,27,15,99,32,67,140,69,71
S01010121,264,114,150,1,1,0,6,2,4,5,3,2,16,6,10,20,19,1,26,6,20,34,4,30,21,9,12,57,30,27,78,34,44
S01010122,226,122,104,6,5,1,4,1,3,5,3,2,11,2,9,27,23,4,14,7,7,24,4,20,17,12,5,59,32,27,59,33,26
S01010123,242,108,134,7,4,3,3,0,3,9,7,2,10,1,9,30,26,4,15,5,10,23,8,15,22,11,11,59,22,37,64,24,40
S01010124,165,73,92,12,6,6,0,0,0,4,2,2,10,1,9,17,13,4,12,1,11,28,9,19,18,13,5,31,13,18,33,15,18
S01010125,177,74,103,3,1,2,1,0,1,4,2,2,9,0,9,19,15,4,16,1,15,15,1,14,13,9,4,54,21,33,43,24,19
S01010126,204,90,114,1,1,0,2,1,1,5,2,3,5,1,4,14,13,1,16,3,13,24,6,18,30,16,14,53,17,36,54,30,24
S01010127,243,120,123,5,2,3,7,2,5,5,2,3,14,3,11,32,28,4,14,5,9,24,4,20,30,19,11,69,38,31,43,17,26
S01010128,199,88,111,2,2,0,3,0,3,6,2,4,5,1,4,23,19,4,17,4,13,27,6,21,23,15,8,42,17,25,51,22,29
S01010129,315,138,177,9,1,8,3,0,3,9,3,6,15,2,13,34,28,6,16,4,12,34,5,29,32,21,11,73,33,40,90,41,49
S01010130,165,63,102,1,1,0,2,0,2,1,1,0,6,0,6,22,19,3,13,2,11,22,4,18,25,13,12,47,11,36,26,12,14
S01010131,254,98,156,17,6,11,21,9,12,14,10,4,34,5,29,25,23,2,17,1,16,25,6,19,25,15,10,39,11,28,37,12,25
S01010132,419,183,236,8,1,7,8,3,5,13,8,5,24,2,22,36,27,9,27,4,23,35,7,28,61,48,13,110,37,73,97,46,51
S01010133,300,137,163,4,1,3,4,1,3,10,6,4,19,6,13,32,29,3,29,5,24,26,6,20,36,25,11,87,29,58,53,29,24
S01010134,367,182,185,6,4,2,5,2,3,9,7,2,20,2,18,55,48,7,18,1,17,36,6,30,59,35,24,98,39,59,61,38,23
S01010135,284,125,159,6,5,1,6,3,3,9,4,5,28,6,22,33,27,6,16,2,14,27,3,24,38,20,18,60,22,38,61,33,28
S01010136,241,97,144,6,2,4,5,2,3,11,6,5,27,4,23,14,13,1,17,4,13,31,5,26,38,21,17,48,19,29,44,21,23
S01010137,314,127,187,7,5,2,15,5,10,10,3,7,39,3,36,43,31,12,25,5,20,33,5,28,32,20,12,55,30,25,55,20,35
S01010138,506,313,193,14,6,8,8,2,6,27,22,5,20,7,13,73,64,9,31,13,18,42,17,25,93,72,21,122,71,51,76,39,37
S01010139,377,183,194,6,3,3,15,7,8,16,7,9,30,0,30,46,40,6,26,5,21,28,5,23,47,32,15,92,47,45,71,37,34
S01010140,175,80,95,4,1,3,7,6,1,6,4,2,12,1,11,26,25,1,10,2,8,23,7,16,10,6,4,42,14,28,35,14,21
S01010141,329,161,168,4,1,3,7,4,3,4,1,3,13,3,10,39,34,5,20,6,14,30,3,27,32,24,8,96,50,46,84,35,49
S01010142,201,89,112,3,0,3,6,4,2,4,1,3,10,1,9,19,16,3,16,1,15,19,6,13,30,21,9,36,10,26,58,29,29
S01010143,247,119,128,5,2,3,6,2,4,11,7,4,18,3,15,43,33,10,15,4,11,21,2,19,45,31,14,48,20,28,35,15,20
S01010144,227,99,128,5,0,5,10,6,4,14,5,9,19,0,19,31,25,6,14,5,9,21,9,12,27,14,13,41,20,21,45,15,30
S01010145,250,114,136,4,1,3,6,3,3,14,7,7,29,5,24,24,21,3,22,10,12,24,6,18,28,18,10,50,20,30,49,23,26
S01010146,310,166,144,5,4,1,9,5,4,11,10,1,19,7,12,38,28,10,16,6,10,24,9,15,28,23,5,78,37,41,82,37,45
S01010147,406,184,222,3,2,1,7,4,3,16,7,9,22,6,16,37,34,3,35,8,27,40,5,35,37,22,15,100,51,49,109,45,64
S01010148,316,153,163,4,3,1,6,3,3,5,4,1,17,8,9,30,23,7,20,8,12,26,7,19,33,16,17,83,30,53,92,51,41
S01010149,127,59,68,3,1,2,3,2,1,7,5,2,8,1,7,7,5,2,6,2,4,12,2,10,13,10,3,26,6,20,42,25,17
S01010150,264,117,147,1,0,1,5,2,3,6,2,4,22,2,20,38,32,6,23,6,17,19,2,17,50,32,18,53,22,31,47,17,30
S01010151,255,121,134,4,2,2,8,3,5,9,8,1,24,1,23,25,21,4,14,4,10,15,1,14,39,25,14,66,28,38,51,28,23
S01010152,282,133,149,8,4,4,11,4,7,8,4,4,22,6,16,40,32,8,16,5,11,23,6,17,28,17,11,81,36,45,45,19,26
S01010153,345,153,192,12,7,5,12,7,5,10,7,3,28,4,24,39,34,5,24,6,18,25,5,20,46,26,20,69,29,40,80,28,52
S01010154,345,153,192,8,4,4,14,9,5,9,6,3,31,6,25,36,27,9,25,7,18,39,8,31,37,25,12,86,31,55,60,30,30
S01010155,244,98,146,5,2,3,9,4,5,6,3,3,21,4,17,27,24,3,17,4,13,20,3,17,41,22,19,48,10,38,50,22,28
S01010156,210,98,112,4,1,3,10,3,7,4,1,3,12,1,11,30,27,3,18,1,17,14,1,13,28,18,10,52,25,27,38,20,18
S01010157,262,106,156,7,2,5,2,1,1,5,3,2,19,1,18,37,31,6,15,1,14,21,9,12,20,10,10,73,26,47,63,22,41
S01010158,324,136,188,4,0,4,7,2,5,14,6,8,19,5,14,33,31,2,27,4,23,45,4,41,47,33,14,73,26,47,55,25,30
S01010159,257,112,145,7,4,3,4,2,2,11,6,5,21,4,17,32,25,7,18,2,16,18,1,17,39,25,14,62,24,38,45,19,26
S01010160,261,155,106,13,13,0,8,5,3,1,1,0,7,1,6,36,32,4,17,5,12,16,6,10,25,22,3,67,43,24,71,27,44
S01010161,173,86,87,3,3,0,1,0,1,3,2,1,4,0,4,16,16,0,7,0,7,18,4,14,23,13,10,45,24,21,53,24,29
S01010162,324,127,197,2,0,2,3,1,2,6,2,4,19,3,16,31,26,5,21,4,17,22,6,16,27,18,9,85,25,60,108,42,66
S01010163,253,111,142,0,0,0,4,2,2,7,5,2,21,1,20,29,25,4,13,1,12,25,7,18,20,12,8,59,23,36,75,35,40
S01010164,284,130,154,3,2,1,5,2,3,5,2,3,19,4,15,32,24,8,15,3,12,29,8,21,29,17,12,74,36,38,73,32,41
S01010165,258,115,143,3,2,1,1,0,1,3,2,1,26,5,21,27,24,3,12,3,9,22,4,18,25,18,7,59,23,36,80,34,46
S01010166,279,120,159,5,2,3,2,0,2,6,4,2,15,4,11,31,26,5,21,4,17,29,6,23,32,21,11,77,29,48,61,24,37
S01010167,365,167,198,2,1,1,3,2,1,12,3,9,24,4,20,41,37,4,24,9,15,41,10,31,52,37,15,113,39,74,53,25,28
S01010168,155,65,90,2,1,1,1,0,1,8,5,3,9,3,6,18,12,6,11,5,6,16,3,13,16,5,11,37,16,21,37,15,22
S01010169,270,104,166,4,0,4,4,2,2,3,2,1,15,3,12,12,11,1,20,3,17,30,2,28,33,22,11,67,22,45,82,37,45
S01010170,199,82,117,4,1,3,2,1,1,5,3,2,9,3,6,31,24,7,11,3,8,24,3,21,21,14,7,53,16,37,39,14,25
S01010171,437,192,245,3,0,3,1,1,0,6,3,3,11,4,7,44,40,4,29,4,25,32,5,27,47,20,27,109,48,61,155,67,88
S01010172,266,127,139,7,4,3,4,1,3,15,9,6,21,0,21,33,27,6,22,10,12,22,5,17,38,18,20,60,31,29,44,22,22
S01010173,228,91,137,1,0,1,6,2,4,8,2,6,40,8,32,22,19,3,15,7,8,26,3,23,25,18,7,34,13,21,51,19,32
S01010174,925,838,87,13,9,4,20,15,5,45,37,8,15,5,10,162,158,4,22,15,7,43,34,9,107,103,4,209,190,19,289,272,17
S01010175,158,75,83,10,5,5,2,1,1,13,9,4,10,2,8,14,13,1,10,4,6,21,5,16,16,10,6,33,14,19,29,12,17
S01010176,245,111,134,10,4,6,10,4,6,15,7,8,17,2,15,28,22,6,18,5,13,26,7,19,25,18,7,53,23,30,43,19,24
S01010177,313,141,172,3,2,1,2,0,2,5,4,1,9,2,7,24,17,7,21,6,15,33,10,23,25,19,6,90,34,56,101,47,54
S01010178,391,175,216,3,2,1,6,3,3,10,5,5,20,5,15,37,28,9,20,5,15,37,13,24,31,15,16,95,34,61,132,65,67
S01010179,354,154,200,5,1,4,5,0,5,15,9,6,14,2,12,31,24,7,25,6,19,32,7,25,31,18,13,99,46,53,97,41,56
S01010180,130,57,73,2,1,1,10,1,9,4,0,4,3,0,3,16,16,0,9,1,8,12,2,10,13,11,2,22,9,13,39,16,23
S01010181,257,102,155,8,2,6,4,2,2,6,3,3,14,0,14,7,7,0,22,2,20,16,1,15,29,21,8,72,29,43,79,35,44
S01010182,167,61,106,8,4,4,11,2,9,13,6,7,13,2,11,16,12,4,12,0,12,14,2,12,16,15,1,36,15,21,28,3,25
S01010183,168,72,96,1,0,1,4,0,4,6,2,4,9,3,6,18,17,1,15,5,10,12,1,11,17,7,10,42,17,25,44,20,24
S01010184,240,115,125,6,5,1,4,1,3,2,1,1,16,5,11,24,20,4,25,6,19,20,9,11,21,11,10,71,25,46,51,32,19
S01010185,228,106,122,1,1,0,0,0,0,5,3,2,11,3,8,37,29,8,26,5,21,14,2,12,16,10,6,65,25,40,53,28,25
S01010186,158,64,94,4,3,1,15,6,9,15,9,6,16,0,16,11,10,1,11,2,9,14,1,13,10,6,4,26,8,18,36,19,17
S01010187,140,65,75,5,2,3,8,2,6,11,9,2,17,3,14,14,13,1,11,1,10,13,3,10,10,5,5,23,12,11,28,15,13
S01010188,160,63,97,7,4,3,13,2,11,12,4,8,17,5,12,14,14,0,9,0,9,20,2,18,14,10,4,20,5,15,34,17,17
S01010189,148,72,76,5,1,4,7,2,5,11,9,2,14,3,11,10,7,3,3,1,2,15,3,12,11,7,4,20,8,12,52,31,21
S01010190,124,55,69,14,9,5,11,3,8,4,2,2,16,2,14,4,4,0,4,2,2,7,3,4,7,3,4,11,7,4,46,20,26
S01010191,126,61,65,6,2,4,7,3,4,7,5,2,6,2,4,10,8,2,10,1,9,17,3,14,7,5,2,15,7,8,41,25,16
S01010192,147,66,81,8,4,4,2,1,1,11,4,7,13,2,11,16,12,4,5,1,4,15,8,7,8,5,3,25,10,15,44,19,25
S01010193,169,76,93,10,4,6,20,6,14,6,3,3,19,5,14,19,18,1,13,2,11,16,3,13,8,7,1,22,6,16,36,22,14
S01010194,229,104,125,3,3,0,8,5,3,12,7,5,27,3,24,26,22,4,20,3,17,19,4,15,21,17,4,44,17,27,49,23,26
S01010195,182,82,100,2,1,1,4,1,3,9,6,3,10,2,8,15,14,1,19,7,12,16,4,12,20,14,6,42,13,29,45,20,25
S01010196,310,149,161,3,2,1,7,2,5,5,2,3,20,9,11,32,29,3,23,4,19,25,7,18,28,20,8,94,35,59,73,39,34
S01010197,236,100,136,1,0,1,8,5,3,3,2,1,10,1,9,21,16,5,22,5,17,27,5,22,23,17,6,60,24,36,61,25,36
S01010198,407,213,194,5,1,4,7,2,5,9,4,5,19,7,12,42,34,8,26,8,18,42,9,33,45,41,4,117,48,69,95,59,36
S01010199,193,76,117,2,2,0,2,0,2,6,2,4,6,2,4,15,14,1,14,3,11,28,5,23,17,12,5,54,20,34,49,16,33
S01010200,228,105,123,1,0,1,2,2,0,7,3,4,18,2,16,34,31,3,20,4,16,15,2,13,27,18,9,68,21,47,36,22,14
S01010201,163,72,91,3,1,2,2,0,2,3,0,3,13,1,12,16,14,2,19,6,13,11,4,7,19,17,2,47,20,27,30,9,21
S01010202,319,132,187,5,1,4,8,2,6,5,1,4,17,2,15,23,22,1,25,5,20,32,2,30,29,21,8,74,30,44,101,46,55
S01010203,134,52,82,1,0,1,5,4,1,4,3,1,9,0,9,12,8,4,12,2,10,9,0,9,18,14,4,24,7,17,40,14,26
S01010204,336,156,180,1,1,0,7,4,3,6,2,4,13,5,8,36,28,8,29,3,26,38,14,24,28,19,9,69,33,36,109,47,62
S01010205,247,102,145,5,1,4,15,4,11,1,0,1,10,1,9,18,16,2,22,1,21,23,4,19,23,18,5,63,27,36,67,30,37
S01010206,295,128,167,6,4,2,6,4,2,1,1,0,7,2,5,13,12,1,15,0,15,16,4,12,2,2,0,30,13,17,199,86,113
S01010207,325,154,171,8,7,1,11,3,8,5,2,3,9,4,5,19,18,1,26,6,20,23,7,16,13,9,4,44,18,26,167,80,87
S01010208,274,135,139,3,2,1,9,3,6,11,5,6,36,10,26,38,33,5,19,2,17,21,5,16,19,18,1,58,30,28,60,27,33
S01010209,320,141,179,8,3,5,13,5,8,9,4,5,16,1,15,39,34,5,22,5,17,31,4,27,23,14,9,83,33,50,76,38,38
S01010210,292,131,161,5,0,5,13,4,9,14,8,6,26,6,20,44,37,7,32,11,21,20,3,17,28,22,6,63,22,41,47,18,29
S01010211,372,168,204,4,3,1,8,4,4,6,3,3,26,2,24,42,33,9,27,11,16,34,9,25,34,26,8,96,38,58,95,39,56
S01010212,437,209,228,5,2,3,10,3,7,6,5,1,29,7,22,40,37,3,43,15,28,36,13,23,35,18,17,117,57,60,116,52,64
S01010213,304,114,190,10,2,8,8,2,6,5,4,1,22,1,21,31,24,7,33,4,29,31,7,24,32,25,7,84,29,55,48,16,32
S01010214,277,120,157,10,5,5,17,5,12,7,3,4,25,4,21,36,28,8,18,2,16,32,6,26,19,14,5,54,20,34,59,33,26
S01010215,361,152,209,7,4,3,10,1,9,11,8,3,24,3,21,40,31,9,34,7,27,29,6,23,46,34,12,95,38,57,65,20,45
S01010216,249,125,124,4,0,4,5,0,5,5,3,2,13,1,12,25,21,4,11,3,8,29,8,21,19,12,7,62,30,32,76,47,29
S01010217,319,125,194,6,0,6,2,1,1,10,7,3,11,2,9,22,21,1,21,5,16,32,6,26,17,13,4,75,33,42,123,37,86
S01010218,338,154,184,9,3,6,8,3,5,5,5,0,18,5,13,41,37,4,29,3,26,34,9,25,30,24,6,78,29,49,86,36,50
S01010219,210,106,104,2,1,1,7,3,4,10,5,5,8,2,6,24,22,2,15,4,11,16,2,14,11,9,2,38,21,17,79,37,42
S01010220,94,47,47,5,4,1,10,4,6,11,6,5,7,2,5,8,6,2,6,1,5,9,5,4,2,2,0,8,5,3,28,12,16
S01010221,236,123,113,1,0,1,6,1,5,13,7,6,13,1,12,21,18,3,12,4,8,21,10,11,21,16,5,59,28,31,69,38,31
S01010222,180,76,104,1,0,1,5,2,3,3,2,1,7,0,7,17,14,3,13,2,11,22,4,18,21,16,5,44,15,29,47,21,26
S01010223,238,125,113,5,4,1,9,7,2,8,4,4,12,0,12,35,30,5,17,3,14,22,9,13,19,15,4,54,30,24,57,23,34
S01010224,409,181,228,7,5,2,9,3,6,8,3,5,11,3,8,26,21,5,30,7,23,39,8,31,41,31,10,104,42,62,134,58,76
S01010225,308,149,159,8,6,2,8,3,5,4,3,1,16,2,14,27,26,1,20,5,15,17,4,13,14,10,4,94,45,49,100,45,55
S01010226,326,154,172,6,3,3,16,5,11,9,8,1,13,4,9,17,15,2,16,6,10,18,5,13,21,18,3,58,30,28,152,60,92
S01010227,285,122,163,0,0,0,6,3,3,10,6,4,7,2,5,11,10,1,10,2,8,19,6,13,16,12,4,52,24,28,154,57,97
S01010228,282,142,140,5,4,1,4,4,0,3,1,2,11,3,8,30,24,6,20,4,16,21,6,15,38,27,11,77,32,45,73,37,36
S01010229,350,168,182,4,1,3,4,0,4,8,6,2,13,3,10,39,34,5,18,7,11,41,10,31,33,20,13,100,38,62,90,49,41
S01010230,448,235,213,4,1,3,11,6,5,12,12,0,14,7,7,29,22,7,31,11,20,42,21,21,37,20,17,113,66,47,155,69,86
S01010231,344,145,199,5,4,1,11,3,8,13,8,5,16,3,13,25,20,5,20,5,15,30,7,23,31,15,16,92,41,51,101,39,62
S01010232,400,184,216,7,3,4,7,4,3,7,6,1,23,7,16,30,22,8,23,5,18,39,11,28,27,15,12,98,56,42,139,55,84
S01010233,416,193,223,9,2,7,8,3,5,10,5,5,26,7,19,41,34,7,20,6,14,21,7,14,43,34,9,86,41,45,152,54,98
S01010234,278,143,135,5,1,4,19,7,12,17,9,8,32,9,23,24,24,0,17,8,9,32,11,21,18,11,7,57,29,28,57,34,23
S01010235,192,91,101,6,0,6,12,9,3,18,10,8,13,4,9,5,5,0,14,4,10,29,6,23,8,6,2,32,15,17,55,32,23
S01010236,208,99,109,2,1,1,21,8,13,19,13,6,19,4,15,17,14,3,10,1,9,28,11,17,13,10,3,35,16,19,44,21,23
S01010237,161,72,89,1,1,0,18,5,13,9,8,1,24,7,17,17,14,3,17,3,14,18,5,13,7,5,2,31,13,18,19,11,8
S01010238,230,112,118,15,11,4,16,9,7,15,8,7,14,3,11,21,18,3,14,2,12,27,9,18,18,13,5,44,19,25,46,20,26
S01010239,298,136,162,5,2,3,7,1,6,7,3,4,17,3,14,38,30,8,17,3,14,27,10,17,27,16,11,88,38,50,65,30,35
S01010240,222,104,118,10,6,4,15,6,9,11,8,3,21,3,18,18,16,2,23,7,16,25,9,16,19,13,6,46,23,23,34,13,21
S01010241,330,168,162,12,5,7,18,9,9,27,15,12,35,4,31,39,37,2,25,7,18,33,12,21,33,27,6,65,30,35,43,22,21
S01010242,276,132,144,4,0,4,11,3,8,17,10,7,15,3,12,35,30,5,14,3,11,31,7,24,24,16,8,60,31,29,65,29,36
S01010243,385,196,189,3,3,0,9,6,3,18,10,8,25,8,17,35,31,4,28,9,19,48,17,31,22,16,6,94,52,42,103,44,59
S01010244,353,187,166,6,2,4,10,5,5,16,9,7,17,5,12,22,20,2,28,13,15,27,8,19,53,37,16,78,41,37,96,47,49
S01010245,474,228,246,4,0,4,4,3,1,19,12,7,11,2,9,48,42,6,32,10,22,40,10,30,50,20,30,123,63,60,143,66,77
S01010246,345,148,197,3,1,2,9,5,4,15,7,8,12,3,9,37,26,11,29,10,19,46,6,40,33,18,15,83,40,43,78,32,46
S01010247,216,100,116,2,1,1,8,3,5,5,3,2,13,2,11,31,26,5,18,4,14,26,8,18,26,16,10,45,16,29,42,21,21
S01010248,223,131,92,7,2,5,20,13,7,15,7,8,24,7,17,31,29,2,14,7,7,35,16,19,8,7,1,35,17,18,34,26,8
S01010249,225,110,115,7,6,1,23,10,13,18,14,4,24,7,17,16,15,1,15,5,10,31,7,24,14,12,2,46,20,26,31,14,17
S01010250,200,100,100,2,1,1,19,10,9,12,10,2,16,4,12,11,9,2,8,1,7,34,14,20,6,4,2,52,28,24,40,19,21
S01010251,157,77,80,2,2,0,13,7,6,15,5,10,5,0,5,10,8,2,6,3,3,31,13,18,8,6,2,29,13,16,38,20,18
S01010252,168,91,77,2,1,1,18,13,5,6,3,3,19,6,13,12,7,5,11,3,8,17,8,9,13,11,2,22,13,9,48,26,22
S01010253,272,144,128,6,1,5,14,10,4,10,5,5,9,2,7,49,42,7,20,9,11,20,11,9,20,9,11,53,21,32,71,34,37
S01010254,370,170,200,7,5,2,7,2,5,9,5,4,19,5,14,34,27,7,31,8,23,40,12,28,49,32,17,103,46,57,71,28,43
S01010255,292,161,131,7,5,2,3,1,2,10,8,2,14,4,10,37,34,3,22,7,15,26,7,19,46,33,13,57,29,28,70,33,37
S01010256,347,173,174,2,0,2,9,7,2,18,7,11,20,10,10,28,23,5,23,8,15,37,9,28,41,27,14,101,49,52,68,33,35
S01010257,449,274,175,2,1,1,26,15,11,38,26,12,36,15,21,24,21,3,17,6,11,43,20,23,13,12,1,77,45,32,173,113,60
S01010258,997,484,513,17,12,5,108,64,44,88,54,34,54,15,39,25,16,9,34,7,27,106,43,63,14,12,2,129,63,66,422,198,224
S01010259,757,436,321,6,3,3,27,15,12,28,21,7,46,10,36,44,41,3,36,9,27,95,54,41,32,27,5,176,100,76,267,156,111
S01010260,1121,550,571,17,12,5,83,48,35,72,36,36,56,24,32,41,38,3,48,17,31,163,49,114,20,18,2,195,93,102,426,215,211
S01010261,1753,870,883,23,12,11,83,48,35,61,39,22,87,26,61,66,57,9,110,29,81,281,123,158,51,40,11,408,165,243,583,331,252
S01010262,417,228,189,12,8,4,26,10,16,9,6,3,11,1,10,50,44,6,19,8,11,34,10,24,41,32,9,132,66,66,83,43,40
S01010263,272,160,112,14,6,8,49,31,18,30,19,11,23,12,11,6,5,1,3,2,1,27,13,14,5,5,0,38,19,19,77,48,29
S01010264,318,216,102,14,8,6,22,14,8,22,16,6,23,7,16,31,29,2,17,9,8,28,12,16,19,17,2,67,49,18,75,55,20
S01010265,426,201,225,14,8,6,51,25,26,57,34,23,26,9,17,12,11,1,12,8,4,59,21,38,3,3,0,56,26,30,136,56,80
S01010266,223,90,133,3,2,1,10,5,5,24,9,15,11,2,9,17,14,3,12,3,9,30,15,15,3,3,0,33,9,24,80,28,52
S01010267,249,114,135,4,2,2,22,13,9,24,14,10,19,9,10,7,5,2,8,3,5,36,14,22,5,3,2,52,27,25,72,24,48
S01010268,363,170,193,7,5,2,24,14,10,30,17,13,14,3,11,20,19,1,13,4,9,52,21,31,14,8,6,55,18,37,134,61,73
S01010269,253,136,117,4,3,1,14,11,3,23,10,13,9,1,8,10,10,0,10,3,7,22,9,13,12,12,0,46,21,25,103,56,47
S01010270,591,358,233,21,14,7,36,15,21,26,12,14,36,11,25,69,54,15,45,26,19,50,23,27,46,40,6,151,84,67,111,79,32
S01010271,365,186,179,5,2,3,21,12,9,28,14,14,18,4,14,23,22,1,15,4,11,66,28,38,6,6,0,79,37,42,104,57,47
S01010272,454,277,177,8,5,3,31,23,8,23,16,7,20,7,13,44,41,3,27,18,9,45,16,29,28,25,3,82,51,31,146,75,71
S01010273,203,123,80,0,0,0,25,7,18,14,13,1,9,8,1,12,8,4,5,1,4,20,12,8,5,5,0,28,14,14,85,55,30
S01010274,193,113,80,1,1,0,24,15,9,25,16,9,6,4,2,8,7,1,11,5,6,18,8,10,12,11,1,29,12,17,59,34,25
S01010275,180,99,81,1,1,0,23,14,9,9,4,5,11,3,8,6,6,0,10,0,10,17,9,8,4,4,0,35,21,14,64,37,27
S01010276,259,144,115,15,9,6,37,18,19,28,17,11,22,5,17,9,8,1,11,2,9,18,6,12,9,9,0,18,10,8,92,60,32
S01010277,231,107,124,6,4,2,7,3,4,5,4,1,21,5,16,20,16,4,19,4,15,19,6,13,15,10,5,56,21,35,63,34,29
S01010278,199,72,127,4,3,1,11,5,6,10,3,7,12,2,10,15,10,5,15,3,12,24,5,19,4,3,1,34,11,23,70,27,43
S01010279,249,125,124,4,3,1,19,8,11,10,7,3,21,3,18,16,14,2,19,8,11,32,11,21,12,10,2,60,32,28,56,29,27
S01010280,243,134,109,5,4,1,22,12,10,12,6,6,22,9,13,23,22,1,10,4,6,30,18,12,15,11,4,45,26,19,59,22,37
S01010281,254,149,105,3,2,1,35,20,15,18,12,6,16,8,8,20,19,1,16,7,9,38,23,15,10,9,1,28,21,7,70,28,42
S01010282,345,172,173,7,2,5,24,9,15,27,13,14,25,12,13,33,24,9,16,5,11,40,20,20,13,11,2,68,33,35,92,43,49
S01010283,133,64,69,5,4,1,10,1,9,2,1,1,9,2,7,5,5,0,8,2,6,17,6,11,5,5,0,31,21,10,41,17,24
S01010284,685,302,383,12,7,5,88,43,45,52,21,31,60,26,34,18,17,1,23,15,8,52,11,41,15,12,3,70,34,36,295,116,179
S01010285,305,165,140,7,2,5,29,20,9,41,24,17,15,5,10,12,9,3,15,4,11,29,15,14,14,11,3,68,36,32,75,39,36
S01010286,948,391,557,11,5,6,48,26,22,56,26,30,56,13,43,16,13,3,36,11,25,94,31,63,11,8,3,155,60,95,465,198,267
S01010287,354,172,182,12,8,4,15,6,9,24,14,10,27,10,17,10,6,4,15,4,11,46,19,27,1,1,0,82,37,45,122,67,55
S01010288,289,137,152,7,7,0,30,14,16,16,5,11,22,7,15,7,6,1,8,4,4,31,11,20,10,6,4,52,24,28,106,53,53
S01010289,186,97,89,18,10,8,29,11,18,11,6,5,11,4,7,7,5,2,14,6,8,12,6,6,4,4,0,28,14,14,52,31,21
S01010290,205,93,112,6,3,3,19,6,13,14,9,5,22,9,13,8,7,1,11,3,8,23,4,19,8,6,2,32,14,18,62,32,30
S01010291,543,278,265,9,6,3,46,21,25,35,20,15,38,19,19,24,20,4,36,11,25,70,25,45,12,9,3,117,62,55,156,85,71
S01010292,348,170,178,6,6,0,44,20,24,18,10,8,28,8,20,17,15,2,18,5,13,54,24,30,8,6,2,78,38,40,77,38,39
S01010293,326,158,168,5,2,3,20,10,10,17,13,4,17,5,12,21,18,3,16,5,11,48,22,26,8,6,2,70,33,37,104,44,60
S01010294,329,137,192,7,5,2,17,8,9,30,18,12,17,4,13,16,13,3,20,8,12,53,18,35,6,4,2,76,32,44,87,27,60
S01010295,407,191,216,6,5,1,26,17,9,26,13,13,29,11,18,22,17,5,18,7,11,59,26,33,8,7,1,92,37,55,121,51,70
S01010296,273,114,159,8,5,3,25,16,9,19,9,10,21,6,15,11,8,3,11,4,7,34,17,17,6,2,4,55,19,36,83,28,55
S01010297,460,272,188,5,3,2,27,15,12,26,22,4,34,10,24,35,32,3,29,18,11,35,17,18,38,29,9,122,72,50,109,54,55
S01010298,301,148,153,6,4,2,16,9,7,30,13,17,25,9,16,29,23,6,19,8,11,31,12,19,15,11,4,61,28,33,69,31,38
S01010299,239,96,143,5,3,2,12,6,6,5,3,2,13,2,11,29,22,7,16,5,11,20,3,17,19,11,8,46,18,28,74,23,51
S01010300,370,203,167,11,7,4,34,22,12,19,14,5,28,10,18,18,14,4,12,1,11,30,12,18,15,12,3,71,31,40,132,80,52
S01010301,191,102,89,6,5,1,15,8,7,19,13,6,10,4,6,14,9,5,7,1,6,15,8,7,3,2,1,31,13,18,71,39,32
S01010302,324,180,144,4,3,1,6,4,2,10,8,2,16,6,10,33,28,5,25,7,18,32,12,20,20,15,5,70,41,29,108,56,52
S01010303,244,109,135,3,1,2,5,4,1,10,7,3,14,3,11,14,11,3,3,1,2,17,5,12,13,10,3,38,14,24,127,53,74
S01010304,242,124,118,4,1,3,15,8,7,10,6,4,11,2,9,22,22,0,14,4,10,23,3,20,12,7,5,61,40,21,70,31,39
S01010305,310,159,151,4,2,2,25,11,14,20,11,9,17,5,12,30,27,3,18,4,14,22,10,12,18,9,9,65,36,29,91,44,47
S01010306,263,136,127,2,2,0,23,15,8,23,7,16,27,8,19,9,7,2,16,7,9,31,10,21,9,8,1,43,22,21,80,50,30
S01010307,224,101,123,6,5,1,23,9,14,20,13,7,27,9,18,8,8,0,19,6,13,30,10,20,8,8,0,48,14,34,35,19,16
S01010308,322,142,180,3,1,2,58,23,35,25,13,12,23,12,11,7,7,0,21,6,15,32,16,16,11,7,4,47,18,29,95,39,56
S01010309,193,108,85,3,2,1,3,2,1,1,1,0,13,4,9,15,15,0,11,1,10,14,1,13,22,19,3,58,31,27,53,32,21
S01010310,273,146,127,4,4,0,4,3,1,4,3,1,12,5,7,36,27,9,11,2,9,27,5,22,20,16,4,66,37,29,89,44,45
S01010311,341,155,186,6,2,4,6,2,4,5,2,3,12,0,12,41,36,5,18,5,13,21,5,16,35,25,10,88,30,58,109,48,61
S01010312,390,166,224,4,2,2,7,1,6,11,8,3,12,5,7,37,28,9,26,6,20,39,12,27,21,13,8,118,50,68,115,41,74
S01010313,319,160,159,4,4,0,6,2,4,4,4,0,11,4,7,30,28,2,23,5,18,35,13,22,30,22,8,106,47,59,70,31,39
S01010314,596,330,266,14,9,5,29,19,10,22,11,11,32,9,23,40,31,9,29,9,20,56,22,34,35,25,10,124,65,59,215,130,85
S01010315,266,108,158,3,2,1,13,5,8,10,6,4,14,1,13,23,21,2,24,4,20,28,10,18,19,13,6,48,20,28,84,26,58
S01010316,204,100,104,2,1,1,7,3,4,3,3,0,15,2,13,13,12,1,13,4,9,22,7,15,15,13,2,51,29,22,63,26,37
S01010317,205,95,110,5,3,2,27,11,16,21,15,6,14,3,11,17,14,3,11,1,10,27,13,14,5,3,2,42,17,25,36,15,21
S01010318,1065,493,572,10,7,3,31,22,9,44,27,17,51,16,35,29,26,3,74,19,55,207,86,121,18,16,2,267,100,167,334,174,160
S01010319,218,105,113,3,1,2,18,10,8,10,3,7,20,9,11,14,13,1,14,4,10,24,5,19,15,11,4,48,23,25,52,26,26
S01010320,277,147,130,4,3,1,16,6,10,17,10,7,11,1,10,30,26,4,15,1,14,21,10,11,19,18,1,70,45,25,74,27,47
S01010321,248,120,128,7,2,5,14,6,8,15,9,6,12,6,6,22,16,6,18,5,13,31,14,17,17,12,5,59,26,33,53,24,29
S01010322,268,140,128,15,8,7,57,28,29,25,16,9,21,5,16,10,10,0,17,4,13,31,15,16,12,11,1,22,13,9,58,30,28
S01010323,288,126,162,3,1,2,2,0,2,4,2,2,14,3,11,15,14,1,15,5,10,23,5,18,25,15,10,96,45,51,91,36,55
S01010324,310,145,165,7,4,3,10,3,7,10,4,6,18,3,15,47,40,7,31,8,23,23,5,18,40,26,14,71,32,39,53,20,33
S01010325,383,173,210,5,4,1,6,5,1,13,5,8,27,1,26,48,43,5,28,7,21,29,2,27,43,31,12,110,42,68,74,33,41
S01010326,445,206,239,6,3,3,6,3,3,11,3,8,11,2,9,47,39,8,23,7,16,45,13,32,38,23,15,122,61,61,136,52,84
S01010327,277,115,162,6,2,4,6,2,4,9,3,6,13,0,13,20,14,6,18,3,15,21,3,18,27,18,9,67,24,43,90,46,44
S01010328,299,142,157,11,7,4,4,1,3,16,6,10,23,3,20,31,26,5,19,6,13,25,10,15,27,18,9,72,30,42,71,35,36
S01010329,193,92,101,5,3,2,2,0,2,3,3,0,12,2,10,19,19,0,11,6,5,20,5,15,23,17,6,63,20,43,35,17,18
S01010330,271,116,155,3,1,2,4,1,3,8,5,3,10,3,7,30,26,4,28,7,21,20,5,15,22,9,13,70,25,45,76,34,42
S01010331,330,149,181,3,2,1,8,4,4,12,7,5,22,5,17,46,36,10,25,9,16,35,2,33,43,33,10,84,30,54,52,21,31
S01010332,313,139,174,2,1,1,3,0,3,6,3,3,9,3,6,38,32,6,22,5,17,29,4,25,31,22,9,70,23,47,103,46,57
S01010333,324,146,178,7,3,4,8,6,2,7,6,1,21,7,14,48,33,15,27,5,22,23,3,20,33,19,14,86,31,55,64,33,31
S01010334,262,105,157,3,1,2,2,1,1,7,5,2,29,7,22,31,24,7,26,6,20,25,5,20,29,17,12,58,14,44,52,25,27
S01010335,309,140,169,9,6,3,7,4,3,6,2,4,17,5,12,30,24,6,27,9,18,31,3,28,30,22,8,70,27,43,82,38,44
S01010336,283,153,130,1,0,1,10,6,4,6,5,1,12,0,12,26,24,2,21,2,19,24,3,21,36,32,4,85,56,29,62,25,37
S01010337,239,104,135,4,2,2,3,3,0,3,2,1,15,2,13,34,31,3,16,1,15,21,3,18,28,20,8,59,19,40,56,21,35
S01010338,314,131,183,7,4,3,9,4,5,5,4,1,16,1,15,31,24,7,17,3,14,32,5,27,29,18,11,90,34,56,78,34,44
S01010339,263,110,153,2,1,1,4,3,1,12,6,6,17,4,13,30,24,6,22,2,20,14,2,12,32,23,9,68,22,46,62,23,39
S01010340,246,105,141,6,4,2,3,1,2,8,2,6,23,4,19,23,16,7,16,4,12,23,4,19,29,23,6,66,26,40,49,21,28
S01010341,184,77,107,4,3,1,2,0,2,11,6,5,19,3,16,18,17,1,19,3,16,17,4,13,17,12,5,44,16,28,33,13,20
S01010342,122,47,75,0,0,0,6,3,3,3,1,2,12,0,12,15,14,1,6,1,5,10,4,6,12,8,4,32,8,24,26,8,18
S01010343,181,73,108,2,2,0,7,4,3,5,3,2,17,4,13,29,24,5,15,2,13,20,3,17,10,6,4,31,11,20,45,14,31
S01010344,308,162,146,4,2,2,3,1,2,7,4,3,26,4,22,43,38,5,15,3,12,28,10,18,39,28,11,85,35,50,58,37,21
S01010345,86,46,40,3,3,0,7,3,4,5,1,4,9,1,8,10,10,0,2,0,2,7,4,3,0,0,0,11,7,4,32,17,15
S01010346,224,90,134,7,2,5,17,10,7,14,7,7,15,3,12,15,14,1,16,1,15,21,4,17,16,10,6,40,20,20,63,19,44
S01010347,486,192,294,5,2,3,15,5,10,18,8,10,28,9,19,34,26,8,53,10,43,54,10,44,26,19,7,79,23,56,174,80,94
S01010348,277,124,153,2,2,0,6,4,2,10,6,4,33,3,30,37,34,3,20,3,17,29,5,24,30,24,6,72,26,46,38,17,21
S01010349,305,148,157,5,3,2,4,2,2,4,2,2,18,5,13,44,36,8,33,8,25,32,6,26,39,30,9,77,31,46,49,25,24
S01010350,356,143,213,3,1,2,8,3,5,9,3,6,35,5,30,35,25,10,30,3,27,38,5,33,44,32,12,86,35,51,68,31,37
S01010351,231,110,121,11,7,4,9,7,2,6,2,4,9,1,8,20,17,3,15,1,14,20,7,13,18,13,5,57,21,36,66,34,32
S01010352,203,98,105,6,5,1,3,1,2,8,5,3,16,1,15,24,21,3,16,3,13,18,3,15,17,15,2,46,18,28,49,26,23
S01010353,454,225,229,4,3,1,14,4,10,14,10,4,16,1,15,54,49,5,26,4,22,49,14,35,34,26,8,120,70,50,123,44,79
S01010354,273,114,159,3,2,1,7,1,6,9,5,4,17,4,13,20,16,4,19,3,16,37,8,29,36,26,10,65,26,39,60,23,37
S01010355,263,124,139,4,4,0,6,3,3,3,1,2,13,4,9,34,27,7,15,2,13,20,5,15,28,19,9,58,29,29,82,30,52
S01010356,170,62,108,2,1,1,10,3,7,11,5,6,18,2,16,10,7,3,24,4,20,12,3,9,14,10,4,24,5,19,45,22,23
S01010357,251,129,122,1,1,0,6,3,3,6,5,1,20,3,17,42,36,6,20,4,16,19,2,17,23,18,5,71,34,37,43,23,20
S01010358,339,182,157,12,8,4,3,1,2,7,3,4,18,4,14,41,36,5,25,11,14,25,5,20,39,27,12,108,54,54,61,33,28
S01010359,315,123,192,2,1,1,4,4,0,8,3,5,18,2,16,24,19,5,32,6,26,35,5,30,29,19,10,78,27,51,85,37,48
S01010360,220,96,124,2,2,0,6,3,3,12,6,6,11,1,10,16,16,0,19,7,12,7,1,6,15,11,4,78,31,47,54,18,36
S01010361,301,183,118,8,6,2,11,10,1,10,5,5,25,8,17,43,40,3,23,7,16,22,6,16,29,26,3,71,45,26,59,30,29
S01010362,411,281,130,10,7,3,12,3,9,9,5,4,12,5,7,62,57,5,26,13,13,30,15,15,36,32,4,124,85,39,90,59,31
S01010363,192,95,97,13,10,3,37,16,21,17,8,9,28,5,23,10,10,0,13,5,8,19,7,12,5,5,0,22,14,8,28,15,13
S01010364,239,110,129,9,3,6,52,23,29,20,16,4,36,9,27,11,9,2,10,1,9,17,9,8,3,3,0,24,12,12,57,25,32
S01010365,226,93,133,17,12,5,71,30,41,21,8,13,18,2,16,9,5,4,13,2,11,19,8,11,1,1,0,13,5,8,44,20,24
S01010366,272,116,156,6,3,3,65,32,33,30,13,17,30,4,26,13,8,5,12,2,10,18,6,12,13,9,4,26,9,17,59,30,29
S01010367,788,335,453,27,20,7,119,49,70,63,28,35,56,12,44,13,9,4,30,11,19,76,21,55,13,10,3,75,37,38,316,138,178
S01010368,155,74,81,9,3,6,50,28,22,19,11,8,15,2,13,6,6,0,4,0,4,13,4,9,3,2,1,13,4,9,23,14,9
S01010369,181,86,95,8,5,3,29,14,15,21,7,14,13,2,11,6,4,2,8,3,5,15,4,11,4,4,0,26,14,12,51,29,22
S01010370,185,81,104,7,3,4,32,13,19,28,14,14,17,5,12,8,8,0,11,2,9,16,2,14,3,2,1,23,12,11,40,20,20
S01010371,307,146,161,9,1,8,50,14,36,29,17,12,23,12,11,7,5,2,15,9,6,41,18,23,6,4,2,39,17,22,88,49,39
S01010372,116,54,62,7,6,1,22,11,11,13,5,8,8,2,6,6,6,0,9,3,6,15,6,9,3,2,1,10,2,8,23,11,12
S01010373,225,112,113,6,3,3,42,18,24,21,10,11,19,8,11,7,7,0,6,1,5,27,9,18,9,8,1,39,20,19,49,28,21
S01010374,269,108,161,11,7,4,49,23,26,18,6,12,17,5,12,11,10,1,13,3,10,49,16,33,2,2,0,44,13,31,55,23,32
S01010375,270,131,139,6,3,3,18,10,8,17,14,3,15,7,8,14,13,1,22,6,16,47,14,33,6,6,0,71,31,40,54,27,27
S01010376,311,141,170,6,3,3,28,15,13,19,3,16,22,11,11,7,7,0,22,7,15,34,13,21,4,2,2,47,22,25,122,58,64
S01010377,465,205,260,15,8,7,39,16,23,31,9,22,39,18,21,20,17,3,27,6,21,62,26,36,17,11,6,81,36,45,134,58,76
S01010378,381,158,223,6,5,1,26,11,15,19,10,9,28,8,20,11,10,1,25,5,20,67,28,39,1,1,0,107,38,69,91,42,49
S01010379,588,264,324,16,8,8,49,34,15,54,30,24,35,9,26,16,13,3,35,11,24,84,27,57,7,6,1,129,60,69,163,66,97
S01010380,314,142,172,10,7,3,52,19,33,31,13,18,34,10,24,12,10,2,20,8,12,34,12,22,12,9,3,45,22,23,64,32,32
S01010381,213,100,113,4,2,2,22,12,10,16,8,8,11,5,6,9,8,1,11,4,7,26,14,12,3,3,0,38,14,24,73,30,43
S01010382,263,123,140,5,3,2,21,8,13,27,16,11,24,4,20,20,16,4,17,7,10,33,15,18,13,11,2,62,23,39,41,20,21
S01010383,290,134,156,9,5,4,25,13,12,14,12,2,18,4,14,21,17,4,16,3,13,28,11,17,14,13,1,63,33,30,82,23,59
S01010384,239,109,130,6,4,2,31,14,17,18,10,8,17,5,12,15,12,3,12,0,12,25,7,18,6,6,0,42,19,23,67,32,35
S01010385,306,128,178,6,3,3,31,10,21,19,10,9,25,7,18,25,18,7,27,12,15,31,9,22,14,10,4,61,21,40,67,28,39
S01010386,359,167,192,5,2,3,24,13,11,21,9,12,33,9,24,37,35,2,20,5,15,37,12,25,21,17,4,72,23,49,89,42,47
S01010387,352,167,185,10,7,3,40,16,24,25,17,8,27,4,23,29,26,3,10,3,7,40,12,28,10,9,1,65,25,40,96,48,48
S01010388,378,186,192,10,5,5,31,13,18,17,9,8,28,9,19,34,33,1,31,8,23,38,11,27,28,22,6,90,37,53,71,39,32
S01010389,271,121,150,9,4,5,22,10,12,26,12,14,22,5,17,10,9,1,9,4,5,17,5,12,7,7,0,36,18,18,113,47,66
S01010390,260,139,121,8,6,2,34,18,16,32,21,11,23,7,16,17,14,3,16,6,10,28,11,17,10,8,2,54,32,22,38,16,22
S01010391,204,96,108,2,1,1,26,8,18,14,7,7,15,2,13,22,19,3,11,2,9,26,11,15,15,11,4,39,22,17,34,13,21
S01010392,141,54,87,5,1,4,24,8,16,13,7,6,12,1,11,4,4,0,5,0,5,6,4,2,2,2,0,16,4,12,54,23,31
S01010393,246,119,127,3,1,2,39,18,21,27,17,10,21,8,13,28,22,6,17,6,11,27,6,21,8,6,2,36,17,19,40,18,22
S01010394,331,184,147,12,6,6,15,9,6,25,20,5,27,7,20,37,35,2,16,5,11,30,11,19,22,19,3,72,35,37,75,37,38
S01010395,302,157,145,7,4,3,30,18,12,30,20,10,29,7,22,25,22,3,25,6,19,43,16,27,24,23,1,40,18,22,49,23,26
S01010396,330,149,181,13,6,7,40,17,23,22,12,10,25,6,19,25,23,2,26,8,18,36,12,24,15,13,2,65,21,44,63,31,32
S01010397,155,79,76,8,4,4,30,11,19,12,5,7,12,2,10,5,4,1,10,3,7,18,11,7,4,4,0,30,19,11,26,16,10
S01010398,261,114,147,10,4,6,52,15,37,13,6,7,27,8,19,18,14,4,17,2,15,27,11,16,8,7,1,38,19,19,51,28,23
S01010399,211,99,112,11,10,1,57,16,41,19,12,7,21,5,16,4,3,1,12,0,12,11,8,3,6,5,1,24,14,10,46,26,20
S01010400,262,125,137,19,17,2,64,29,35,26,16,10,29,3,26,12,8,4,7,3,4,14,3,11,8,6,2,34,16,18,49,24,25
S01010401,226,95,131,10,5,5,52,28,24,21,12,9,26,4,22,8,6,2,11,4,7,23,5,18,3,3,0,45,16,29,27,12,15
S01010402,228,110,118,8,3,5,67,29,38,23,14,9,25,7,18,8,7,1,6,2,4,25,9,16,3,3,0,19,12,7,44,24,20
S01010403,259,117,142,17,9,8,63,25,38,21,14,7,24,6,18,19,16,3,11,2,9,24,7,17,5,3,2,26,13,13,49,22,27
S01010404,175,70,105,9,5,4,51,17,34,23,11,12,9,2,7,3,1,2,9,1,8,12,3,9,5,3,2,14,5,9,40,22,18
S01010405,175,82,93,12,5,7,47,17,30,24,12,12,21,6,15,12,12,0,8,0,8,7,3,4,1,1,0,11,7,4,32,19,13
S01010406,240,105,135,8,2,6,36,16,20,17,7,10,9,1,8,16,13,3,17,10,7,35,14,21,2,1,1,33,14,19,67,27,40
S01010407,395,154,241,6,3,3,41,16,25,39,23,16,28,7,21,10,5,5,24,9,15,61,26,35,4,4,0,80,35,45,102,26,76
S01010408,136,82,54,7,3,4,21,11,10,15,11,4,16,6,10,6,6,0,11,7,4,12,5,7,8,8,0,18,11,7,22,14,8
S01010409,162,75,87,10,8,2,35,15,20,11,8,3,18,3,15,6,3,3,8,3,5,11,4,7,10,9,1,12,4,8,41,18,23
S01010410,122,50,72,7,2,5,32,13,19,9,4,5,10,0,10,6,5,1,5,2,3,8,6,2,3,3,0,4,3,1,38,12,26
S01010411,229,77,152,11,8,3,61,17,44,26,10,16,26,4,22,5,3,2,7,3,4,9,2,7,2,2,0,16,6,10,66,22,44
S01010412,204,94,110,15,8,7,41,20,21,11,6,5,22,2,20,8,7,1,12,1,11,14,6,8,5,4,1,25,12,13,51,28,23
S01010413,201,87,114,18,7,11,66,28,38,21,8,13,18,3,15,8,7,1,9,4,5,12,8,4,1,1,0,13,4,9,35,17,18
S01010414,259,125,134,13,7,6,64,23,41,25,11,14,32,7,25,19,18,1,10,5,5,16,6,10,14,13,1,20,12,8,46,23,23
S01010415,342,175,167,10,6,4,24,11,13,15,9,6,34,7,27,48,45,3,22,5,17,32,8,24,23,19,4,69,33,36,65,32,33
S01010416,168,70,98,11,6,5,42,17,25,9,6,3,29,6,23,9,8,1,9,2,7,13,5,8,5,5,0,20,5,15,21,10,11
S01010417,101,39,62,8,4,4,26,5,21,7,4,3,6,4,2,7,3,4,4,1,3,6,1,5,5,4,1,10,6,4,22,7,15
S01010418,237,116,121,8,6,2,55,17,38,22,14,8,19,5,14,11,9,2,13,0,13,20,5,15,3,3,0,24,18,6,62,39,23
S01010419,213,81,132,7,2,5,67,20,47,24,14,10,30,8,22,11,8,3,11,2,9,18,5,13,5,4,1,16,5,11,24,13,11
S01010420,162,64,98,6,4,2,24,7,17,12,3,9,17,2,15,11,10,1,18,6,12,9,3,6,5,2,3,20,6,14,40,21,19
S01010421,212,101,111,17,10,7,61,25,36,15,7,8,24,4,20,10,8,2,8,4,4,15,6,9,9,8,1,9,5,4,44,24,20
S01010422,269,125,144,11,6,5,43,14,29,21,7,14,33,7,26,22,21,1,23,9,14,21,8,13,13,12,1,33,15,18,49,26,23
S01010423,304,145,159,4,2,2,12,4,8,20,13,7,17,0,17,34,30,4,28,10,18,23,8,15,12,12,0,75,37,38,79,29,50
S01010424,296,141,155,13,8,5,11,3,8,17,10,7,25,5,20,29,26,3,17,5,12,33,7,26,22,16,6,62,29,33,67,32,35
S01010425,361,191,170,10,5,5,9,4,5,13,7,6,22,6,16,47,42,5,28,3,25,42,17,25,34,30,4,81,41,40,75,36,39
S01010426,237,116,121,5,3,2,15,5,10,14,9,5,18,6,12,27,24,3,18,4,14,17,4,13,19,16,3,53,25,28,51,20,31
S01010427,389,206,183,10,6,4,26,10,16,20,13,7,27,4,23,33,29,4,21,5,16,27,12,15,18,15,3,62,35,27,145,77,68
S01010428,167,66,101,5,2,3,31,9,22,7,2,5,30,6,24,14,12,2,9,3,6,8,3,5,6,2,4,18,8,10,39,19,20
S01010429,199,93,106,19,11,8,34,12,22,27,14,13,19,5,14,9,9,0,14,2,12,15,5,10,10,8,2,17,5,12,35,22,13
S01010430,318,165,153,11,7,4,7,2,5,11,5,6,24,8,16,33,30,3,25,5,20,26,8,18,18,18,0,82,41,41,81,41,40
S01010431,156,66,90,9,5,4,40,15,25,12,6,6,17,5,12,2,1,1,5,2,3,20,5,15,7,6,1,12,7,5,32,14,18
S01010432,307,137,170,4,2,2,6,2,4,9,6,3,18,2,16,33,24,9,25,7,18,39,8,31,25,21,4,72,33,39,76,32,44
S01010433,331,170,161,6,4,2,12,6,6,4,3,1,6,2,4,22,18,4,10,3,7,33,21,12,14,13,1,41,24,17,183,76,107
S01010434,238,100,138,7,5,2,9,2,7,13,9,4,19,3,16,29,23,6,11,0,11,22,4,18,19,12,7,41,17,24,68,25,43
S01010435,166,78,88,3,0,3,5,3,2,10,7,3,24,7,17,15,14,1,13,1,12,12,2,10,10,10,0,44,17,27,30,17,13
S01010436,305,146,159,2,0,2,15,10,5,13,7,6,21,8,13,26,24,2,23,4,19,37,14,23,21,13,8,79,37,42,68,29,39
S01010437,184,89,95,4,3,1,6,4,2,6,5,1,22,7,15,19,19,0,24,6,18,10,0,10,22,18,4,29,14,15,42,13,29
S01010438,265,113,152,3,1,2,9,4,5,8,4,4,13,1,12,19,14,5,20,3,17,33,6,27,15,11,4,56,28,28,89,41,48
S01010439,288,124,164,7,4,3,11,1,10,13,5,8,15,3,12,23,20,3,21,5,16,26,6,20,22,15,7,67,35,32,83,30,53
S01010440,252,130,122,5,5,0,7,4,3,5,3,2,17,6,11,24,22,2,23,8,15,19,5,14,21,13,8,53,28,25,78,36,42
S01010441,154,71,83,4,1,3,9,3,6,9,4,5,12,0,12,24,22,2,10,4,6,14,2,12,15,8,7,34,19,15,23,8,15
S01010442,195,99,96,5,4,1,6,2,4,9,2,7,9,3,6,18,17,1,11,3,8,18,4,14,13,12,1,55,33,22,51,19,32
S01010443,138,58,80,1,0,1,4,0,4,10,3,7,12,2,10,13,12,1,13,2,11,20,1,19,11,9,2,30,16,14,24,13,11
S01010444,234,114,120,9,5,4,7,3,4,7,4,3,13,1,12,37,33,4,17,4,13,23,5,18,21,16,5,56,22,34,44,21,23
S01010445,275,118,157,4,3,1,5,3,2,2,2,0,19,4,15,31,25,6,31,5,26,23,4,19,21,14,7,62,24,38,77,34,43
S01010446,246,116,130,6,2,4,11,5,6,15,9,6,21,2,19,36,30,6,19,2,17,18,3,15,20,19,1,51,19,32,49,25,24
S01010447,398,207,191,3,1,2,8,2,6,17,12,5,30,5,25,58,52,6,42,9,33,44,10,34,35,26,9,68,36,32,93,54,39
S01010448,244,109,135,5,1,4,11,4,7,14,4,10,29,4,25,19,16,3,14,5,9,23,6,17,17,14,3,47,15,32,65,40,25
S01010449,278,126,152,8,3,5,5,1,4,10,6,4,20,1,19,33,31,2,26,4,22,32,7,25,32,23,9,65,23,42,47,27,20
S01010450,287,130,157,7,4,3,13,2,11,9,6,3,26,9,17,40,36,4,32,5,27,28,2,26,29,25,4,50,18,32,53,23,30
S01010451,319,175,144,9,5,4,10,5,5,15,10,5,21,8,13,32,28,4,25,4,21,29,12,17,21,16,5,88,53,35,69,34,35
S01010452,241,94,147,6,2,4,17,3,14,11,6,5,24,0,24,26,21,5,26,6,20,28,6,22,22,14,8,44,17,27,37,19,18
S01010453,279,144,135,8,5,3,19,11,8,4,4,0,22,6,16,28,22,6,11,2,9,37,18,19,17,12,5,49,23,26,84,41,43
S01010454,244,120,124,3,1,2,13,8,5,5,4,1,29,3,26,30,28,2,22,3,19,18,4,14,27,21,6,53,22,31,44,26,18
S01010455,395,186,209,12,4,8,19,5,14,10,6,4,18,6,12,43,41,2,36,5,31,45,14,31,43,32,11,97,46,51,72,27,45
S01010456,158,73,85,2,1,1,9,3,6,11,8,3,18,5,13,14,12,2,15,3,12,6,0,6,20,13,7,39,18,21,24,10,14
S01010457,223,109,114,7,4,3,10,6,4,12,6,6,14,5,9,26,22,4,19,3,16,14,3,11,15,13,2,53,24,29,53,23,30
S01010458,305,146,159,6,3,3,9,4,5,11,8,3,33,8,25,29,26,3,32,7,25,33,12,21,29,20,9,59,25,34,64,33,31
S01010459,212,91,121,9,4,5,12,3,9,7,4,3,19,7,12,13,12,1,20,3,17,21,2,19,11,7,4,52,24,28,48,25,23
S01010460,148,47,101,15,8,7,22,3,19,17,9,8,13,1,12,6,4,2,7,0,7,13,3,10,3,2,1,16,3,13,36,14,22
S01010461,274,135,139,9,7,2,18,12,6,11,9,2,24,5,19,27,26,1,32,9,23,21,4,17,17,12,5,55,20,35,60,31,29
S01010462,427,258,169,6,4,2,5,2,3,12,11,1,11,2,9,36,34,2,22,7,15,21,7,14,26,23,3,77,50,27,211,118,93
S01010463,217,96,121,7,3,4,23,11,12,22,16,6,26,6,20,20,19,1,22,8,14,13,0,13,11,11,0,26,6,20,47,16,31
S01010464,132,66,66,4,3,1,8,3,5,4,0,4,12,2,10,14,13,1,11,3,8,12,3,9,12,9,3,28,13,15,27,17,10
S01010465,197,83,114,12,8,4,21,8,13,6,3,3,27,4,23,17,14,3,14,4,10,15,3,12,11,9,2,31,12,19,43,18,25
S01010466,222,100,122,8,4,4,31,16,15,18,7,11,17,3,14,13,13,0,15,1,14,18,7,11,10,7,3,28,21,7,64,21,43
S01010467,240,87,153,23,13,10,54,15,39,21,10,11,40,5,35,9,8,1,11,2,9,20,7,13,6,6,0,20,9,11,36,12,24
S01010468,234,95,139,13,6,7,49,19,30,15,4,11,23,7,16,12,10,2,14,3,11,18,3,15,10,10,0,23,9,14,57,24,33
S01010469,200,100,100,4,2,2,23,7,16,19,10,9,21,4,17,27,22,5,23,4,19,17,10,7,11,9,2,19,11,8,36,21,15
S01010470,204,91,113,3,0,3,8,3,5,14,9,5,22,4,18,13,11,2,17,0,17,23,2,21,24,16,8,38,21,17,42,25,17
S01010471,216,81,135,8,2,6,9,2,7,5,2,3,21,2,19,21,17,4,17,2,15,21,4,17,12,9,3,49,20,29,53,21,32
S01010472,127,51,76,4,3,1,19,7,12,4,2,2,5,1,4,5,4,1,11,1,10,9,4,5,8,6,2,32,12,20,30,11,19
S01010473,223,94,129,3,1,2,22,8,14,16,8,8,23,6,17,18,15,3,20,4,16,24,4,20,18,17,1,42,17,25,37,14,23
S01010474,240,96,144,3,2,1,16,9,7,12,3,9,33,7,26,18,17,1,19,2,17,23,6,17,13,12,1,42,23,19,61,15,46
S01010475,125,47,78,2,2,0,19,3,16,10,7,3,28,3,25,10,8,2,11,2,9,8,4,4,3,3,0,12,6,6,22,9,13
S01010476,289,122,167,10,7,3,17,4,13,20,12,8,39,5,34,23,18,5,30,5,25,24,11,13,10,8,2,56,19,37,60,33,27
S01010477,220,100,120,4,1,3,3,2,1,8,6,2,25,4,21,27,24,3,23,5,18,24,6,18,24,15,9,46,18,28,36,19,17
S01010478,360,194,166,7,4,3,19,6,13,24,14,10,30,9,21,50,47,3,26,3,23,32,9,23,29,27,2,77,44,33,66,31,35
S01010479,319,145,174,12,6,6,23,13,10,17,9,8,24,3,21,29,28,1,36,9,27,33,6,27,22,16,6,67,27,40,56,28,28
S01010480,183,77,106,6,4,2,10,2,8,7,4,3,14,2,12,21,18,3,11,5,6,25,5,20,13,9,4,38,10,28,38,18,20
S01010481,254,109,145,4,1,3,6,1,5,6,3,3,13,3,10,31,27,4,20,2,18,27,10,17,20,18,2,55,14,41,72,30,42
S01010482,224,105,119,8,1,7,11,5,6,7,3,4,22,4,18,28,24,4,11,2,9,16,6,10,17,12,5,51,14,37,53,34,19
S01010483,318,137,181,7,3,4,9,4,5,25,15,10,32,3,29,34,31,3,41,9,32,24,7,17,28,19,9,69,24,45,49,22,27
S01010484,182,82,100,6,3,3,1,0,1,6,3,3,12,5,7,20,17,3,17,3,14,18,6,12,20,17,3,44,10,34,38,18,20
S01010485,252,117,135,9,5,4,14,4,10,17,10,7,23,4,19,30,26,4,19,2,17,23,8,15,19,15,4,35,13,22,63,30,33
S01010486,214,85,129,11,9,2,28,9,19,18,7,11,29,6,23,21,19,2,16,1,15,21,6,15,6,6,0,21,8,13,43,14,29
S01010487,247,116,131,8,5,3,10,3,7,22,14,8,29,4,25,29,28,1,25,6,19,20,5,15,23,19,4,38,11,27,43,21,22
S01010488,278,108,170,6,3,3,4,1,3,6,3,3,12,1,11,17,14,3,31,5,26,26,3,23,21,18,3,73,31,42,82,29,53
S01010489,338,166,172,3,0,3,12,6,6,9,5,4,20,2,18,33,30,3,37,11,26,24,6,18,34,23,11,86,42,44,80,41,39
S01010490,284,119,165,0,0,0,5,2,3,13,7,6,13,4,9,27,23,4,35,6,29,29,8,21,16,12,4,71,30,41,75,27,48
S01010491,337,134,203,7,4,3,2,0,2,14,2,12,18,3,15,25,24,1,33,5,28,41,11,30,27,19,8,79,29,50,91,37,54
S01010492,258,110,148,4,4,0,2,1,1,4,3,1,15,3,12,20,20,0,26,6,20,27,10,17,27,16,11,61,23,38,72,24,48
S01010493,281,114,167,2,0,2,2,1,1,8,4,4,15,1,14,20,19,1,14,4,10,31,11,20,24,20,4,82,23,59,83,31,52
S01010494,196,94,102,2,1,1,1,0,1,6,3,3,5,1,4,20,19,1,17,1,16,16,1,15,16,12,4,49,25,24,64,31,33
S01010495,346,150,196,9,4,5,3,1,2,11,6,5,17,3,14,31,28,3,25,6,19,38,11,27,28,21,7,82,30,52,102,40,62
S01010496,337,158,179,6,4,2,5,0,5,8,5,3,8,4,4,28,25,3,24,4,20,30,11,19,33,24,9,72,27,45,123,54,69
S01010497,266,123,143,1,0,1,2,0,2,7,2,5,13,4,9,26,18,8,13,4,9,24,6,18,17,12,5,63,36,27,100,41,59
S01010498,350,157,193,5,4,1,5,2,3,6,2,4,10,1,9,29,26,3,26,8,18,25,2,23,33,26,7,105,40,65,106,46,60
S01010499,412,208,204,3,3,0,6,3,3,7,3,4,15,3,12,41,38,3,26,6,20,34,13,21,42,28,14,93,43,50,145,68,77
S01010500,396,171,225,3,2,1,7,3,4,7,4,3,18,3,15,26,24,2,26,4,22,30,8,22,27,16,11,116,41,75,136,66,70
S01010501,306,126,180,5,3,2,8,1,7,7,3,4,15,2,13,33,29,4,25,8,17,30,6,24,28,19,9,79,23,56,76,32,44
S01010502,205,86,119,6,2,4,1,1,0,10,6,4,10,3,7,16,15,1,20,4,16,17,5,12,18,11,7,48,13,35,59,26,33
S01010503,263,113,150,1,1,0,2,1,1,4,2,2,11,2,9,25,22,3,28,4,24,18,1,17,26,19,7,67,31,36,81,30,51
S01010504,131,59,72,9,6,3,29,11,18,8,7,1,10,3,7,14,12,2,15,1,14,9,2,7,3,3,0,22,10,12,12,4,8
S01010505,141,51,90,6,4,2,26,10,16,6,2,4,8,0,8,23,15,8,19,1,18,7,1,6,7,6,1,24,9,15,15,3,12
S01010506,187,69,118,17,6,11,39,12,27,8,3,5,13,1,12,24,18,6,14,1,13,14,1,13,7,7,0,31,11,20,20,9,11
S01010507,173,74,99,10,7,3,8,3,5,5,2,3,6,0,6,24,17,7,13,2,11,21,2,19,13,12,1,41,11,30,32,18,14
S01010508,241,109,132,14,8,6,48,13,35,21,11,10,18,1,17,27,19,8,18,2,16,8,3,5,18,17,1,42,18,24,27,17,10
S01010509,197,90,107,19,12,7,31,12,19,17,8,9,13,0,13,17,14,3,19,1,18,12,2,10,10,9,1,41,20,21,18,12,6
S01010510,188,76,112,6,4,2,23,3,20,12,6,6,17,2,15,18,14,4,21,1,20,15,3,12,14,12,2,40,17,23,22,14,8
S01010511,194,80,114,5,3,2,10,4,6,5,3,2,10,2,8,16,12,4,18,1,17,41,3,38,19,17,2,47,21,26,23,14,9
S01010512,151,63,88,8,3,5,14,3,11,10,6,4,12,0,12,16,15,1,15,6,9,9,0,9,16,16,0,40,10,30,11,4,7
S01010513,160,69,91,16,7,9,22,8,14,5,4,1,16,2,14,16,14,2,22,2,20,11,0,11,16,16,0,23,9,14,13,7,6
S01010514,144,60,84,10,4,6,6,2,4,1,0,1,11,2,9,20,19,1,13,0,13,15,4,11,10,8,2,34,10,24,24,11,13
S01010515,192,72,120,7,2,5,4,1,3,10,5,5,11,0,11,29,24,5,13,1,12,29,2,27,20,15,5,47,12,35,22,10,12
S01010516,148,63,85,17,7,10,27,14,13,6,3,3,18,1,17,17,14,3,5,0,5,11,2,9,9,8,1,28,10,18,10,4,6
S01010517,210,82,128,10,4,6,12,3,9,8,7,1,18,1,17,23,17,6,17,6,11,26,7,19,16,13,3,52,17,35,28,7,21
S01010518,142,58,84,6,3,3,24,9,15,6,1,5,12,3,9,13,11,2,14,2,12,15,2,13,9,7,2,30,12,18,13,8,5
S01010519,169,65,104,12,8,4,9,3,6,11,5,6,13,3,10,11,8,3,11,1,10,33,8,25,10,9,1,37,11,26,22,9,13
S01010520,172,68,104,8,4,4,12,5,7,8,5,3,14,2,12,20,18,2,17,5,12,26,1,25,10,8,2,42,11,31,15,9,6
S01010521,162,64,98,7,2,5,4,0,4,8,4,4,19,4,15,12,12,0,15,4,11,20,0,20,14,12,2,51,22,29,12,4,8
S01010522,138,65,73,8,3,5,7,1,6,5,3,2,10,0,10,13,13,0,14,1,13,12,2,10,10,9,1,34,17,17,25,16,9
S01010523,156,67,89,8,3,5,2,2,0,9,4,5,7,0,7,18,16,2,11,1,10,27,5,22,12,9,3,47,17,30,15,10,5
S01010524,127,54,73,11,6,5,22,4,18,12,9,3,15,4,11,12,10,2,10,3,7,6,0,6,7,6,1,23,7,16,9,5,4
S01010525,177,64,113,20,10,10,32,11,21,13,5,8,22,1,21,23,18,5,18,1,17,9,1,8,10,8,2,11,2,9,19,7,12
S01010526,168,71,97,21,8,13,15,6,9,14,7,7,15,3,12,23,16,7,15,2,13,14,3,11,18,14,4,24,8,16,9,4,5
S01010527,244,107,137,17,8,9,23,7,16,10,8,2,16,4,12,29,22,7,28,5,23,15,3,12,23,19,4,64,25,39,19,6,13
S01010528,117,47,70,8,4,4,29,11,18,9,3,6,10,2,8,9,6,3,6,2,4,4,0,4,6,4,2,20,11,9,16,4,12
S01010529,159,70,89,13,10,3,19,5,14,6,5,1,18,2,16,18,12,6,11,2,9,18,3,15,18,18,0,23,7,16,15,6,9
S01010530,147,65,82,23,11,12,22,8,14,5,3,2,11,0,11,18,10,8,14,1,13,8,3,5,12,11,1,21,11,10,13,7,6
S01010531,216,78,138,23,8,15,35,9,26,13,10,3,14,0,14,29,18,11,26,3,23,12,0,12,15,15,0,28,11,17,21,4,17
S01010532,132,54,78,17,13,4,20,8,12,9,6,3,15,1,14,11,9,2,11,1,10,11,0,11,4,4,0,26,11,15,8,1,7
S01010533,135,56,79,4,3,1,36,11,25,7,6,1,12,0,12,18,14,4,11,0,11,9,3,6,2,2,0,25,12,13,11,5,6
S01010534,206,91,115,11,5,6,38,11,27,15,10,5,13,2,11,20,19,1,20,5,15,16,2,14,16,11,5,25,9,16,32,17,15
S01010535,168,65,103,12,3,9,33,13,20,20,12,8,14,2,12,16,14,2,18,3,15,14,5,9,3,2,1,23,6,17,15,5,10
S01010536,182,87,95,9,6,3,15,4,11,14,7,7,14,4,10,21,14,7,21,5,16,21,5,16,12,11,1,43,23,20,12,8,4
S01010537,143,67,76,13,9,4,6,4,2,9,6,3,18,3,15,10,9,1,16,1,15,21,4,17,10,9,1,26,13,13,14,9,5
S01010538,143,57,86,11,5,6,20,11,9,9,3,6,10,1,9,15,9,6,11,0,11,15,2,13,8,6,2,31,13,18,13,7,6
S01010539,196,85,111,18,13,5,24,8,16,20,12,8,26,5,21,20,13,7,25,5,20,21,7,14,12,9,3,21,9,12,9,4,5
S01010540,153,65,88,11,8,3,34,11,23,22,9,13,14,2,12,13,11,2,10,0,10,11,1,10,7,7,0,15,5,10,16,11,5
S01010541,196,85,111,23,14,9,36,15,21,12,5,7,29,4,25,24,17,7,20,2,18,10,2,8,13,9,4,22,12,10,7,5,2
S01010542,217,97,120,23,14,9,44,21,23,18,12,6,28,4,24,23,16,7,17,2,15,8,0,8,12,11,1,24,8,16,20,9,11
S01010543,126,50,76,19,9,10,13,4,9,14,10,4,19,1,18,12,11,1,9,0,9,9,1,8,6,6,0,14,5,9,11,3,8
S01010544,199,76,123,7,2,5,25,11,14,8,5,3,24,2,22,29,19,10,17,0,17,21,5,16,9,7,2,36,14,22,23,11,12
S01010545,177,79,98,9,3,6,24,10,14,9,2,7,20,5,15,21,17,4,24,3,21,11,2,9,12,12,0,29,15,14,18,10,8
S01010546,172,70,102,12,6,6,22,8,14,14,9,5,19,4,15,23,12,11,15,2,13,8,2,6,10,9,1,28,8,20,21,10,11
S01010547,188,75,113,16,10,6,32,10,22,17,12,5,20,3,17,22,14,8,18,0,18,5,0,5,11,10,1,27,8,19,20,8,12
S01010548,191,92,99,22,13,9,41,18,23,14,10,4,24,4,20,25,23,2,18,0,18,9,2,7,8,7,1,17,6,11,13,9,4
S01010549,193,70,123,15,8,7,27,9,18,15,9,6,29,4,25,18,14,4,30,2,28,18,5,13,8,6,2,15,4,11,18,9,9
S01010550,117,52,65,2,1,1,11,5,6,3,1,2,10,3,7,12,8,4,7,0,7,20,3,17,11,9,2,23,13,10,18,9,9
S01010551,148,56,92,7,4,3,26,10,16,19,7,12,17,1,16,15,10,5,14,1,13,9,0,9,5,5,0,17,8,9,19,10,9
S01010552,175,59,116,14,7,7,35,11,24,10,3,7,17,2,15,11,6,5,20,2,18,14,2,12,12,9,3,24,9,15,18,8,10
S01010553,158,63,95,11,8,3,27,7,20,21,14,7,16,1,15,14,11,3,18,2,16,14,5,9,4,4,0,19,4,15,14,7,7
S01010554,185,71,114,14,5,9,14,4,10,16,2,14,22,6,16,28,21,7,15,1,14,17,1,16,10,9,1,29,13,16,20,9,11
S01010555,233,109,124,17,10,7,18,7,11,26,12,14,24,8,16,21,18,3,28,5,23,18,4,14,19,18,1,40,16,24,22,11,11
S01010556,304,139,165,6,4,2,18,10,8,22,14,8,26,3,23,30,26,4,32,3,29,35,10,25,23,20,3,65,27,38,47,22,25
S01010557,164,64,100,10,5,5,16,7,9,10,6,4,19,0,19,14,13,1,12,0,12,17,1,16,12,10,2,28,14,14,26,8,18
S01010558,274,114,160,25,14,11,29,7,22,24,15,9,25,1,24,29,26,3,28,2,26,24,5,19,12,9,3,47,19,28,31,16,15
S01010559,201,77,124,16,12,4,42,11,31,18,11,7,35,3,32,17,14,3,17,2,15,14,1,13,8,7,1,16,4,12,18,12,6
S01010560,156,61,95,15,10,5,25,10,15,7,6,1,27,3,24,17,13,4,17,0,17,7,0,7,6,6,0,19,8,11,16,5,11
S01010561,168,59,109,20,9,11,37,14,23,13,7,6,28,3,25,8,8,0,12,0,12,8,0,8,5,4,1,19,4,15,18,10,8
S01010562,162,73,89,14,4,10,10,2,8,11,10,1,18,4,14,20,16,4,17,2,15,16,4,12,11,11,0,30,11,19,15,9,6
S01010563,127,51,76,5,2,3,8,3,5,1,0,1,11,3,8,16,15,1,16,1,15,16,2,14,10,7,3,28,9,19,16,9,7
S01010564,172,88,84,7,1,6,7,1,6,5,2,3,11,4,7,28,25,3,23,4,19,16,1,15,20,17,3,37,23,14,18,10,8
S01010565,210,86,124,13,6,7,21,7,14,8,4,4,16,3,13,26,25,1,22,1,21,27,6,21,8,7,1,49,16,33,20,11,9
S01010566,212,101,111,23,12,11,34,15,19,16,9,7,25,3,22,17,14,3,16,2,14,11,3,8,12,12,0,30,17,13,28,14,14
S01010567,228,107,121,20,9,11,34,13,21,12,7,5,23,0,23,19,14,5,11,2,9,15,2,13,9,8,1,24,16,8,61,36,25
S01010568,213,98,115,15,7,8,30,11,19,8,6,2,20,1,19,25,21,4,13,2,11,26,7,19,9,7,2,29,12,17,38,24,14
S01010569,153,59,94,5,2,3,14,3,11,15,10,5,21,1,20,15,13,2,8,0,8,20,2,18,7,6,1,17,8,9,31,14,17
S01010570,262,113,149,9,5,4,9,3,6,15,5,10,23,5,18,34,29,5,30,6,24,35,5,30,21,19,2,51,17,34,35,19,16
S01010571,133,66,67,10,6,4,17,8,9,6,2,4,14,3,11,19,17,2,13,3,10,16,2,14,6,6,0,23,12,11,9,7,2
S01010572,180,69,111,6,2,4,14,4,10,3,3,0,18,4,14,23,19,4,16,2,14,33,7,26,8,4,4,41,17,24,18,7,11
S01010573,94,46,48,1,0,1,3,2,1,5,4,1,5,0,5,18,15,3,10,3,7,10,2,8,11,8,3,22,8,14,9,4,5
S01010574,103,49,54,7,4,3,12,1,11,9,8,1,13,2,11,9,7,2,5,1,4,14,4,10,6,5,1,10,4,6,18,13,5
S01010575,161,67,94,16,7,9,25,10,15,13,8,5,30,3,27,16,13,3,10,2,8,12,0,12,10,9,1,15,8,7,14,7,7
S01010576,188,76,112,12,10,2,45,20,25,17,12,5,35,1,34,11,7,4,8,1,7,21,4,17,10,8,2,12,6,6,17,7,10
S01010577,223,75,148,7,6,1,12,1,11,5,2,3,17,3,14,20,13,7,28,5,23,27,6,21,10,9,1,51,10,41,46,20,26
S01010578,101,40,61,7,4,3,4,0,4,1,0,1,9,3,6,8,6,2,12,2,10,15,3,12,8,7,1,18,8,10,19,7,12
S01010579,149,57,92,6,2,4,17,5,12,13,9,4,22,4,18,12,8,4,12,4,8,18,3,15,12,8,4,17,6,11,20,8,12
S01010580,123,53,70,3,1,2,6,2,4,8,3,5,11,3,8,8,6,2,13,1,12,9,0,9,11,8,3,30,15,15,24,14,10
S01010581,82,33,49,3,2,1,8,4,4,5,2,3,11,0,11,8,6,2,9,1,8,11,3,8,2,1,1,10,6,4,15,8,7
S01010582,91,32,59,6,3,3,15,4,11,10,6,4,14,3,11,3,2,1,8,0,8,5,1,4,4,1,3,3,1,2,23,11,12
S01010583,179,62,117,15,5,10,24,8,16,15,9,6,28,2,26,9,8,1,20,1,19,20,3,17,8,7,1,15,5,10,25,14,11
S01010584,141,52,89,13,8,5,16,4,12,4,2,2,16,0,16,11,10,1,12,0,12,14,1,13,10,5,5,16,4,12,29,18,11
S01010585,83,27,56,4,2,2,5,2,3,5,1,4,15,2,13,6,5,1,7,0,7,10,1,9,3,3,0,7,1,6,21,10,11
S01010586,161,64,97,12,11,1,31,11,20,14,9,5,27,5,22,7,7,0,19,1,18,22,3,19,6,3,3,13,10,3,10,4,6
S01010587,160,72,88,8,7,1,30,12,18,10,4,6,20,5,15,17,14,3,12,3,9,15,1,14,10,10,0,8,3,5,30,13,17
S01010588,139,52,87,11,4,7,15,6,9,8,3,5,22,2,20,11,10,1,11,0,11,17,4,13,8,6,2,21,8,13,15,9,6
S01010589,118,50,68,4,2,2,4,1,3,5,4,1,11,1,10,17,15,2,9,1,8,14,1,13,8,6,2,23,9,14,23,10,13
S01010590,135,46,89,13,6,7,26,7,19,15,10,5,22,3,19,8,7,1,9,0,9,12,1,11,5,5,0,14,5,9,11,2,9
S01010591,87,33,54,2,1,1,8,3,5,12,5,7,10,2,8,4,4,0,7,1,6,16,4,12,4,3,1,11,3,8,13,7,6
S01010592,95,40,55,3,2,1,4,1,3,8,6,2,18,3,15,10,10,0,13,1,12,10,1,9,8,7,1,9,4,5,12,5,7
S01010593,121,38,83,6,3,3,23,5,18,9,4,5,16,0,16,10,8,2,8,1,7,14,2,12,6,5,1,12,3,9,17,7,10
S01010594,95,30,65,7,4,3,10,2,8,9,6,3,16,1,15,8,5,3,7,0,7,10,2,8,3,3,0,10,1,9,15,6,9
S01010595,97,39,58,4,1,3,6,1,5,5,3,2,9,1,8,9,7,2,17,2,15,13,3,10,3,3,0,13,5,8,18,13,5
S01010596,144,56,88,15,4,11,24,8,16,7,2,5,16,1,15,11,10,1,18,4,14,11,0,11,9,8,1,20,9,11,13,10,3
S01010597,90,40,50,2,1,1,10,2,8,2,2,0,9,0,9,14,11,3,6,0,6,13,2,11,6,6,0,12,7,5,16,9,7
S01010598,128,33,95,6,3,3,14,5,9,8,3,5,20,0,20,5,5,0,21,2,19,12,0,12,2,2,0,10,5,5,30,8,22
S01010599,117,44,73,12,6,6,23,7,16,9,7,2,14,2,12,5,2,3,12,1,11,10,1,9,8,7,1,14,6,8,10,5,5
S01010600,225,89,136,21,11,10,40,16,24,11,5,6,33,2,31,23,18,5,16,3,13,17,4,13,8,5,3,28,9,19,28,16,12
S01010601,161,64,97,14,9,5,30,7,23,13,6,7,27,3,24,23,16,7,8,0,8,16,1,15,4,4,0,11,9,2,15,9,6
S01010602,104,49,55,9,5,4,13,3,10,8,5,3,12,2,10,8,8,0,14,4,10,10,2,8,11,9,2,9,5,4,10,6,4
S01010603,169,64,105,12,7,5,26,10,16,14,10,4,27,2,25,17,14,3,15,1,14,25,4,21,7,6,1,14,3,11,12,7,5
S01010604,98,41,57,12,8,4,18,5,13,13,7,6,14,1,13,7,7,0,5,0,5,10,4,6,3,1,2,6,3,3,10,5,5
S01010605,214,95,119,22,13,9,41,16,25,14,10,4,33,5,28,23,18,5,12,0,12,18,2,16,5,3,2,19,10,9,27,18,9
S01010606,191,80,111,1,0,1,11,3,8,10,5,5,16,1,15,30,27,3,19,3,16,20,3,17,18,14,4,41,11,30,25,13,12
S01010607,156,69,87,9,6,3,38,14,24,12,8,4,26,2,24,11,9,2,7,1,6,18,7,11,0,0,0,15,6,9,20,16,4
S01010608,193,72,121,4,2,2,14,3,11,11,5,6,12,2,10,16,14,2,11,0,11,35,6,29,9,7,2,54,22,32,27,11,16
S01010609,136,61,75,8,3,5,7,7,0,4,2,2,16,2,14,15,13,2,15,1,14,16,5,11,3,3,0,32,14,18,20,11,9
S01010610,197,91,106,14,7,7,37,18,19,15,10,5,31,4,27,25,19,6,16,0,16,12,2,10,6,6,0,26,16,10,15,9,6
S01010611,203,81,122,5,2,3,14,6,8,12,4,8,16,6,10,32,24,8,29,1,28,24,4,20,7,5,2,42,22,20,22,7,15
S01010612,167,71,96,7,2,5,12,3,9,7,6,1,24,5,19,15,12,3,14,1,13,30,8,22,11,11,0,28,10,18,19,13,6
S01010613,196,81,115,7,3,4,30,9,21,13,11,2,17,1,16,22,16,6,23,2,21,20,3,17,13,12,1,37,15,22,14,9,5
S01010614,151,67,84,6,5,1,3,2,1,6,6,0,14,1,13,21,17,4,6,0,6,19,3,16,11,9,2,43,14,29,22,10,12
S01010615,143,53,90,5,4,1,13,4,9,10,4,6,19,4,15,13,13,0,15,1,14,20,2,18,8,5,3,28,13,15,12,3,9
S01010616,165,63,102,9,7,2,30,10,20,15,12,3,24,2,22,16,13,3,14,2,12,20,3,17,2,2,0,14,4,10,21,8,13
S01010617,161,62,99,11,6,5,30,7,23,11,7,4,13,2,11,14,11,3,18,2,16,16,3,13,10,7,3,19,12,7,19,5,14
S01010618,121,51,70,2,1,1,15,5,10,11,6,5,17,3,14,13,12,1,11,4,7,14,2,12,8,7,1,19,8,11,11,3,8
S01010619,128,71,57,4,2,2,7,3,4,5,3,2,7,4,3,21,17,4,7,2,5,19,4,15,13,10,3,21,8,13,24,18,6
S01010620,185,102,83,5,2,3,3,2,1,9,4,5,6,1,5,25,25,0,13,2,11,32,15,17,7,5,2,49,28,21,36,18,18
S01010621,236,105,131,15,9,6,44,15,29,17,14,3,18,2,16,13,12,1,22,3,19,23,5,18,10,9,1,24,11,13,50,25,25
S01010622,156,66,90,4,3,1,4,2,2,4,3,1,11,1,10,12,10,2,23,3,20,20,7,13,15,14,1,46,16,30,17,7,10
S01010623,158,28,130,10,1,9,13,1,12,10,4,6,20,2,18,9,7,2,24,1,23,29,3,26,5,3,2,23,1,22,15,5,10
S01010624,178,66,112,7,3,4,16,6,10,9,7,2,12,3,9,18,16,2,28,4,24,23,4,19,7,7,0,37,9,28,21,7,14
S01010625,199,84,115,28,21,7,55,18,37,15,9,6,28,3,25,15,10,5,14,1,13,14,3,11,4,4,0,10,6,4,16,9,7
S01010626,230,92,138,16,7,9,54,23,31,16,9,7,34,3,31,17,15,2,19,5,14,18,4,14,4,3,1,19,8,11,33,15,18
S01010627,175,87,88,11,5,6,34,13,21,12,6,6,21,6,15,13,12,1,7,2,5,13,4,9,10,8,2,21,10,11,33,21,12
S01010628,243,143,100,6,2,4,37,13,24,14,10,4,22,4,18,42,38,4,12,2,10,23,11,12,16,13,3,41,29,12,30,21,9
S01010629,222,98,124,20,12,8,49,18,31,15,11,4,16,3,13,22,16,6,11,1,10,15,6,9,12,5,7,36,13,23,26,13,13
S01010630,143,59,84,6,1,5,12,8,4,7,4,3,15,1,14,14,11,3,13,2,11,11,4,7,11,10,1,26,5,21,28,13,15
S01010631,114,53,61,3,1,2,12,5,7,5,3,2,14,0,14,11,10,1,5,1,4,19,5,14,7,7,0,31,18,13,7,3,4
S01010632,259,109,150,9,4,5,16,2,14,5,3,2,32,2,30,36,33,3,22,4,18,30,6,24,19,17,2,63,25,38,27,13,14
S01010633,277,115,162,6,4,2,6,3,3,10,7,3,16,3,13,27,22,5,39,6,33,39,3,36,27,22,5,67,27,40,40,18,22
S01010634,155,73,82,3,2,1,9,4,5,8,3,5,9,1,8,23,18,5,15,4,11,13,4,9,11,11,0,51,19,32,13,7,6
S01010635,212,96,116,2,1,1,11,5,6,13,9,4,15,3,12,21,18,3,20,2,18,32,6,26,20,17,3,44,17,27,34,18,16
S01010636,178,69,109,19,8,11,26,4,22,5,4,1,27,4,23,14,12,2,12,2,10,18,1,17,9,8,1,30,16,14,18,10,8
S01010637,144,71,73,3,0,3,6,3,3,3,1,2,13,8,5,18,14,4,11,2,9,19,2,17,11,8,3,44,23,21,16,10,6
S01010638,223,100,123,11,5,6,10,5,5,10,3,7,10,2,8,36,33,3,23,4,19,30,6,24,15,12,3,56,21,35,22,9,13
S01010639,314,140,174,11,5,6,11,5,6,7,2,5,19,5,14,42,29,13,31,6,25,37,8,29,22,13,9,91,46,45,43,21,22
S01010640,187,93,94,9,4,5,14,5,9,10,5,5,15,4,11,21,17,4,10,3,7,9,2,7,14,13,1,36,21,15,49,19,30
S01010641,305,143,162,9,4,5,7,3,4,11,7,4,21,2,19,39,38,1,39,4,35,35,8,27,15,13,2,79,41,38,50,23,27
S01010642,292,131,161,3,2,1,2,0,2,8,5,3,15,2,13,40,37,3,21,3,18,34,2,32,23,22,1,87,35,52,59,23,36
S01010643,215,84,131,1,0,1,3,2,1,4,1,3,11,2,9,20,14,6,20,4,16,32,8,24,10,7,3,63,25,38,51,21,30
S01010644,253,121,132,5,4,1,4,1,3,4,3,1,10,2,8,35,29,6,20,2,18,29,6,23,17,15,2,90,42,48,39,17,22
S01010645,95,42,53,5,3,2,16,8,8,4,2,2,10,1,9,6,4,2,10,2,8,16,4,12,8,7,1,9,6,3,11,5,6
S01010646,151,67,84,8,5,3,20,7,13,8,6,2,16,1,15,15,14,1,21,5,16,21,4,17,8,8,0,13,6,7,21,11,10
S01010647,134,55,79,5,3,2,16,6,10,4,3,1,12,2,10,14,11,3,19,1,18,22,7,15,13,12,1,9,1,8,20,9,11
S01010648,160,79,81,10,6,4,14,7,7,8,6,2,13,3,10,21,21,0,13,0,13,19,2,17,11,10,1,29,13,16,22,11,11
S01010649,112,47,65,5,1,4,19,7,12,7,6,1,20,3,17,17,14,3,12,2,10,11,4,7,6,6,0,9,2,7,6,2,4
S01010650,144,78,66,6,3,3,12,5,7,8,4,4,10,2,8,17,15,2,5,2,3,15,4,11,3,3,0,31,19,12,37,21,16
S01010651,183,69,114,4,3,1,12,4,8,6,2,4,24,1,23,17,13,4,20,3,17,22,4,18,11,9,2,34,14,20,33,16,17
S01010652,214,89,125,11,4,7,23,10,13,8,8,0,19,5,14,16,14,2,21,1,20,33,8,25,11,8,3,25,5,20,47,26,21
S01010653,125,50,75,8,5,3,11,4,7,5,4,1,19,0,19,15,11,4,8,1,7,16,3,13,11,10,1,12,2,10,20,10,10
S01010654,195,84,111,7,5,2,13,1,12,4,2,2,22,3,19,29,28,1,23,4,19,25,5,20,9,6,3,34,16,18,29,14,15
S01010655,191,78,113,21,7,14,25,9,16,13,9,4,18,3,15,25,19,6,18,1,17,17,5,12,11,11,0,25,6,19,18,8,10
S01010656,117,44,73,11,4,7,12,3,9,10,4,6,8,1,7,18,15,3,11,2,9,6,0,6,11,9,2,21,1,20,9,5,4
S01010657,146,59,87,12,7,5,27,8,19,17,8,9,20,1,19,14,13,1,10,0,10,7,0,7,11,9,2,12,5,7,16,8,8
S01010658,187,81,106,17,11,6,40,11,29,19,11,8,17,1,16,16,15,1,21,3,18,12,2,10,12,10,2,18,7,11,15,10,5
S01010659,169,79,90,16,9,7,33,14,19,12,7,5,24,3,21,10,9,1,12,1,11,10,4,6,6,6,0,19,10,9,27,16,11
S01010660,143,54,89,11,5,6,16,6,10,5,2,3,14,0,14,13,11,2,15,1,14,22,3,19,7,6,1,26,12,14,14,8,6
S01010661,124,40,84,7,1,6,10,3,7,4,2,2,12,2,10,19,17,2,13,1,12,18,2,16,2,2,0,24,5,19,15,5,10
S01010662,156,62,94,13,9,4,19,9,10,11,4,7,23,2,21,14,10,4,16,1,15,8,2,6,8,6,2,21,6,15,23,13,10
S01010663,230,84,146,18,12,6,37,13,24,16,6,10,31,2,29,25,18,7,15,0,15,28,6,22,9,6,3,34,14,20,17,7,10
S01010664,185,80,105,20,10,10,31,14,17,17,9,8,20,5,15,16,13,3,16,1,15,18,4,14,6,5,1,24,8,16,17,11,6
S01010665,250,109,141,22,14,8,44,16,28,19,11,8,32,1,31,35,29,6,19,3,16,17,4,13,14,11,3,32,12,20,16,8,8
S01010666,233,100,133,25,14,11,29,9,20,17,11,6,34,5,29,25,22,3,22,6,16,24,3,21,13,11,2,23,9,14,21,10,11
S01010667,140,59,81,27,15,12,7,4,3,11,6,5,20,2,18,13,9,4,9,1,8,9,3,6,8,4,4,20,9,11,16,6,10
S01010668,292,114,178,31,15,16,37,12,25,32,20,12,27,2,25,31,24,7,21,4,17,21,4,17,23,18,5,45,7,38,24,8,16
S01010669,139,51,88,11,3,8,21,8,13,7,6,1,14,2,12,18,12,6,23,0,23,3,0,3,6,5,1,23,7,16,13,8,5
S01010670,168,69,99,12,8,4,34,10,24,12,9,3,10,3,7,14,11,3,16,2,14,10,1,9,10,9,1,25,4,21,25,12,13
S01010671,218,92,126,17,6,11,43,16,27,9,6,3,17,1,16,28,20,8,6,2,4,12,1,11,10,8,2,49,17,32,27,15,12
S01010672,169,79,90,11,6,5,5,3,2,3,2,1,16,1,15,21,16,5,14,3,11,23,4,19,16,15,1,38,13,25,22,16,6
S01010673,243,128,115,21,10,11,26,7,19,18,13,5,27,8,19,38,34,4,16,2,14,18,6,12,17,15,2,43,20,23,19,13,6
S01010674,230,92,138,19,5,14,36,17,19,15,8,7,15,2,13,27,21,6,32,3,29,16,3,13,11,9,2,40,12,28,19,12,7
S01010675,177,70,107,23,13,10,27,7,20,20,8,12,11,1,10,24,18,6,20,3,17,8,0,8,7,6,1,29,10,19,8,4,4
S01010676,271,107,164,18,12,6,53,22,31,16,9,7,22,2,20,28,18,10,27,2,25,27,6,21,14,13,1,42,17,25,24,6,18
S01010677,137,57,80,8,5,3,29,10,19,9,5,4,21,3,18,17,16,1,14,0,14,10,2,8,6,6,0,17,8,9,6,2,4
S01010678,163,74,89,8,5,3,19,5,14,11,4,7,10,1,9,29,21,8,23,3,20,8,2,6,16,13,3,21,11,10,18,9,9
S01010679,141,73,68,12,5,7,12,5,7,10,5,5,12,3,9,26,24,2,13,3,10,7,1,6,9,9,0,26,12,14,14,6,8
S01010680,158,68,90,16,9,7,6,2,4,6,6,0,12,1,11,23,18,5,14,2,12,14,2,12,12,10,2,41,13,28,14,5,9
S01010681,239,108,131,10,7,3,21,6,15,11,7,4,17,4,13,34,25,9,22,1,21,26,4,22,14,12,2,48,26,22,36,16,20
S01010682,231,106,125,16,6,10,36,16,20,22,14,8,25,3,22,20,18,2,22,5,17,14,4,10,13,12,1,39,18,21,24,10,14
S01010683,282,119,163,16,10,6,37,11,26,24,12,12,38,5,33,28,20,8,30,5,25,17,8,9,16,15,1,52,25,27,24,8,16
S01010684,227,96,131,21,13,8,37,17,20,22,15,7,22,4,18,27,18,9,24,3,21,17,0,17,12,11,1,32,9,23,13,6,7
S01010685,192,87,105,16,11,5,43,15,28,16,11,5,13,2,11,29,23,6,20,1,19,5,0,5,13,10,3,24,10,14,13,4,9
S01010686,179,81,98,19,10,9,28,11,17,10,4,6,15,4,11,23,20,3,16,3,13,12,2,10,10,9,1,24,8,16,22,10,12
S01010687,223,103,120,20,10,10,37,13,24,20,15,5,22,3,19,18,15,3,20,3,17,19,6,13,14,13,1,37,15,22,16,10,6
S01010688,188,83,105,21,12,9,44,15,29,19,12,7,23,1,22,23,16,7,10,5,5,7,0,7,7,6,1,22,11,11,12,5,7
S01010689,222,91,131,18,8,10,45,21,24,15,7,8,26,4,22,33,25,8,16,1,15,12,2,10,11,9,2,35,10,25,11,4,7
S01010690,132,54,78,13,6,7,16,4,12,10,7,3,11,0,11,21,18,3,11,0,11,14,3,11,7,7,0,18,5,13,11,4,7
S01010691,175,77,98,15,6,9,33,18,15,17,10,7,27,4,23,21,16,5,12,2,10,8,1,7,9,9,0,20,6,14,13,5,8
S01010692,132,49,83,8,5,3,10,3,7,7,3,4,10,1,9,18,15,3,20,1,19,11,1,10,11,9,2,19,6,13,18,5,13
S01010693,114,55,59,9,5,4,29,15,14,9,5,4,7,0,7,11,11,0,5,0,5,7,2,5,9,7,2,15,5,10,13,5,8
S01010694,186,85,101,16,8,8,34,17,17,19,8,11,20,7,13,24,18,6,16,2,14,8,3,5,10,6,4,27,9,18,12,7,5
S01010695,165,73,92,13,8,5,30,11,19,14,8,6,20,1,19,10,9,1,8,0,8,21,4,17,15,12,3,13,7,6,21,13,8
S01010696,202,87,115,17,9,8,26,7,19,10,5,5,19,2,17,28,20,8,16,3,13,19,7,12,14,13,1,27,9,18,26,12,14
S01010697,319,125,194,23,16,7,45,21,24,25,13,12,34,4,30,25,20,5,34,3,31,18,3,15,11,8,3,41,11,30,63,26,37
S01010698,210,103,107,13,6,7,36,14,22,11,6,5,11,2,9,28,19,9,25,2,23,10,3,7,16,16,0,39,21,18,21,14,7
S01010699,129,56,73,12,8,4,12,5,7,10,5,5,10,1,9,18,12,6,15,1,14,7,1,6,9,6,3,18,10,8,18,7,11
S01010700,133,54,79,8,7,1,18,6,12,7,3,4,12,0,12,19,17,2,11,1,10,19,2,17,6,5,1,22,7,15,11,6,5
S01010701,225,92,133,11,6,5,18,6,12,18,9,9,26,2,24,26,18,8,23,1,22,24,5,19,17,14,3,35,17,18,27,14,13
S01010702,236,102,134,27,12,15,33,9,24,18,11,7,30,4,26,24,21,3,23,2,21,16,2,14,21,19,2,17,5,12,27,17,10
S01010703,194,76,118,16,8,8,20,4,16,23,12,11,25,1,24,21,16,5,15,3,12,20,2,18,10,10,0,18,8,10,26,12,14
S01010704,172,68,104,3,0,3,12,4,8,6,3,3,12,2,10,20,16,4,18,2,16,17,0,17,22,18,4,42,15,27,20,8,12
S01010705,272,112,160,18,5,13,25,7,18,12,2,10,30,3,27,45,37,8,21,2,19,28,3,25,21,20,1,36,15,21,36,18,18
S01010706,175,65,110,5,4,1,15,4,11,8,7,1,20,3,17,13,10,3,17,2,15,25,2,23,16,16,0,32,7,25,24,10,14
S01010707,163,63,100,17,8,9,29,10,19,11,7,4,21,2,19,14,12,2,9,2,7,12,2,10,5,3,2,17,5,12,28,12,16
S01010708,123,51,72,3,2,1,15,6,9,3,1,2,18,1,17,20,18,2,13,0,13,15,3,12,5,5,0,15,6,9,16,9,7
S01010709,132,57,75,5,3,2,17,8,9,7,3,4,20,1,19,14,13,1,12,1,11,12,5,7,9,6,3,16,6,10,20,11,9
S01010710,212,81,131,8,3,5,10,4,6,9,3,6,15,0,15,35,27,8,15,1,14,40,6,34,9,7,2,36,16,20,35,14,21
S01010711,161,61,100,15,9,6,31,13,18,15,9,6,23,0,23,15,13,2,14,2,12,13,2,11,7,7,0,16,0,16,12,6,6
S01010712,169,71,98,5,3,2,11,5,6,8,6,2,8,1,7,19,18,1,17,1,16,16,4,12,14,10,4,37,6,31,34,17,17
S01010713,164,62,102,5,5,0,9,2,7,5,1,4,12,1,11,18,15,3,15,1,14,27,6,21,13,10,3,35,11,24,25,10,15
S01010714,221,86,135,10,3,7,11,3,8,6,3,3,11,3,8,25,20,5,23,4,19,29,4,25,22,16,6,52,23,29,32,7,25
S01010715,174,71,103,9,4,5,14,6,8,10,3,7,10,2,8,32,27,5,20,2,18,25,4,21,16,12,4,28,7,21,10,4,6
S01010716,198,86,112,4,2,2,24,7,17,18,14,4,14,0,14,25,20,5,11,4,7,21,4,17,16,10,6,41,16,25,24,9,15
S01010717,158,73,85,9,7,2,37,20,17,14,11,3,26,2,24,15,13,2,14,1,13,7,2,5,5,4,1,10,3,7,21,10,11
S01010718,204,80,124,9,7,2,25,13,12,14,7,7,38,5,33,16,12,4,15,4,11,26,2,24,10,8,2,20,5,15,31,17,14
S01010719,144,53,91,7,3,4,21,6,15,8,6,2,18,1,17,18,15,3,11,0,11,10,4,6,4,3,1,25,4,21,22,11,11
S01010720,197,77,120,16,7,9,44,16,28,17,11,6,24,3,21,16,13,3,20,1,19,9,1,8,5,5,0,25,9,16,21,11,10
S01010721,159,60,99,13,6,7,46,15,31,10,8,2,21,2,19,11,10,1,9,0,9,17,1,16,6,5,1,13,7,6,13,6,7
S01010722,199,81,118,9,5,4,27,7,20,14,8,6,25,1,24,30,25,5,23,3,20,18,5,13,8,6,2,18,10,8,27,11,16
S01010723,187,77,110,11,5,6,34,12,22,17,10,7,26,3,23,16,12,4,20,0,20,14,3,11,9,9,0,11,6,5,29,17,12
S01010724,164,62,102,10,6,4,26,9,17,14,5,9,17,4,13,12,10,2,17,0,17,18,5,13,8,6,2,27,7,20,15,10,5
S01010725,160,66,94,12,9,3,26,11,15,14,10,4,31,4,27,13,11,2,12,1,11,8,0,8,8,5,3,21,9,12,15,6,9
S01010726,265,115,150,27,16,11,49,20,29,24,10,14,36,3,33,33,25,8,13,3,10,21,4,17,15,13,2,24,11,13,23,10,13
S01010727,183,79,104,18,12,6,36,15,21,10,7,3,29,4,25,17,15,2,10,1,9,25,4,21,5,5,0,14,7,7,19,9,10
S01010728,134,58,76,10,4,6,29,12,17,18,11,7,10,1,9,14,12,2,9,2,7,11,1,10,7,6,1,12,5,7,14,4,10
S01010729,155,70,85,10,8,2,34,14,20,15,5,10,16,2,14,16,13,3,14,2,12,9,1,8,10,9,1,15,6,9,16,10,6
S01010730,197,78,119,20,11,9,39,12,27,22,12,10,20,1,19,18,13,5,14,2,12,10,2,8,9,6,3,19,5,14,26,14,12
S01010731,237,98,139,16,7,9,34,14,20,16,9,7,16,0,16,35,25,10,26,3,23,17,2,15,16,13,3,33,14,19,28,11,17
S01010732,267,102,165,10,4,6,8,2,6,7,4,3,15,1,14,44,26,18,20,3,17,23,2,21,37,25,12,62,20,42,41,15,26
S01010733,181,76,105,2,0,2,1,1,0,3,1,2,14,3,11,21,17,4,17,3,14,30,3,27,20,13,7,36,17,19,37,18,19
S01010734,282,124,158,5,2,3,5,3,2,11,6,5,11,1,10,40,31,9,18,3,15,32,7,25,20,17,3,69,28,41,71,26,45
S01010735,194,77,117,9,5,4,7,2,5,11,4,7,5,1,4,23,14,9,10,1,9,24,5,19,16,12,4,43,20,23,46,13,33
S01010736,141,58,83,5,3,2,18,8,10,12,7,5,24,2,22,13,10,3,14,3,11,10,0,10,14,14,0,21,6,15,10,5,5
S01010737,332,132,200,11,6,5,26,8,18,11,8,3,32,2,30,36,29,7,31,5,26,32,2,30,32,23,9,70,29,41,51,20,31
S01010738,148,69,79,2,2,0,12,4,8,5,3,2,11,3,8,25,22,3,7,2,5,17,3,14,17,15,2,31,6,25,21,9,12
S01010739,228,102,126,6,5,1,11,6,5,5,5,0,23,6,17,30,24,6,24,2,22,22,2,20,16,11,5,53,21,32,38,20,18
S01010740,174,75,99,2,2,0,5,3,2,7,3,4,10,3,7,22,13,9,13,0,13,20,3,17,15,12,3,55,27,28,25,9,16
S01010741,178,88,90,11,5,6,14,8,6,13,7,6,20,6,14,20,19,1,18,1,17,11,0,11,21,16,5,30,16,14,20,10,10
S01010742,182,80,102,7,5,2,11,2,9,5,4,1,14,3,11,17,15,2,19,0,19,19,3,16,17,14,3,39,14,25,34,20,14
S01010743,219,104,115,3,2,1,3,1,2,9,4,5,13,3,10,32,27,5,14,1,13,24,3,21,14,13,1,57,21,36,50,29,21
S01010744,281,119,162,12,4,8,30,12,18,20,8,12,17,3,14,39,30,9,27,4,23,23,5,18,17,11,6,51,21,30,45,21,24
S01010745,181,76,105,7,3,4,14,4,10,9,6,3,16,2,14,31,23,8,21,0,21,11,2,9,21,17,4,33,12,21,18,7,11
S01010746,265,115,150,25,16,9,22,9,13,8,2,6,26,6,20,32,24,8,29,1,28,28,8,20,13,11,2,41,21,20,41,17,24
S01010747,244,113,131,11,3,8,13,5,8,14,7,7,19,0,19,33,29,4,22,0,22,15,2,13,33,25,8,43,18,25,41,24,17
S01010748,184,75,109,14,7,7,23,6,17,14,9,5,16,2,14,31,26,5,15,0,15,15,1,14,7,6,1,25,6,19,24,12,12
S01010749,173,74,99,10,3,7,23,11,12,16,9,7,16,3,13,23,18,5,13,1,12,19,3,16,9,8,1,28,9,19,16,9,7
S01010750,201,82,119,18,8,10,23,8,15,14,10,4,20,4,16,30,22,8,16,1,15,18,2,16,16,15,1,26,6,20,20,6,14
S01010751,253,117,136,4,2,2,14,5,9,8,4,4,15,2,13,55,42,13,22,2,20,19,1,18,19,13,6,53,24,29,44,22,22
S01010752,210,82,128,9,7,2,17,7,10,10,6,4,25,6,19,23,18,5,20,4,16,27,4,23,11,8,3,37,12,25,31,10,21
S01010753,316,124,192,10,5,5,24,4,20,13,7,6,19,2,17,39,30,9,20,0,20,35,2,33,27,22,5,60,24,36,69,28,41
S01010754,183,76,107,11,3,8,16,6,10,10,4,6,15,2,13,17,14,3,17,3,14,20,5,15,16,13,3,39,17,22,22,9,13
S01010755,152,62,90,9,4,5,9,4,5,5,5,0,11,0,11,21,15,6,10,0,10,35,4,31,15,14,1,22,9,13,15,7,8
S01010756,145,51,94,15,9,6,17,3,14,10,8,2,22,1,21,17,13,4,13,1,12,15,5,10,6,5,1,18,4,14,12,2,10
S01010757,220,93,127,14,8,6,24,9,15,16,11,5,20,5,15,35,19,16,20,3,17,23,4,19,15,13,2,26,10,16,27,11,16
S01010758,210,96,114,16,11,5,32,14,18,22,14,8,17,0,17,28,21,7,24,4,20,15,2,13,8,8,0,31,14,17,17,8,9
S01010759,148,67,81,7,3,4,14,4,10,4,2,2,10,2,8,14,10,4,21,6,15,15,7,8,15,15,0,22,6,16,26,12,14
S01010760,174,68,106,11,6,5,35,18,17,5,4,1,25,3,22,18,14,4,11,0,11,13,2,11,8,6,2,35,10,25,13,5,8
S01010761,130,55,75,15,9,6,21,9,12,5,3,2,12,0,12,19,14,5,17,1,16,6,0,6,5,5,0,18,9,9,12,5,7
S01010762,164,67,97,12,6,6,18,7,11,12,8,4,16,1,15,29,23,6,16,1,15,12,2,10,6,5,1,23,6,17,20,8,12
S01010763,168,66,102,6,4,2,23,6,17,5,1,4,16,4,12,24,19,5,16,2,14,9,1,8,10,7,3,35,12,23,24,10,14
S01010764,164,66,98,17,13,4,32,11,21,15,7,8,22,2,20,21,15,6,10,0,10,10,1,9,8,8,0,16,4,12,13,5,8
S01010765,294,138,156,27,18,9,37,17,20,11,7,4,26,2,24,31,25,6,25,3,22,26,7,19,25,21,4,57,25,32,29,13,16
S01010766,246,113,133,15,7,8,45,16,29,10,5,5,22,7,15,34,26,8,27,8,19,23,2,21,13,12,1,37,19,18,20,11,9
S01010767,220,102,118,12,9,3,12,4,8,10,6,4,20,5,15,31,24,7,22,4,18,24,5,19,16,13,3,45,17,28,28,15,13
S01010768,178,79,99,7,5,2,13,4,9,7,4,3,19,4,15,32,25,7,12,2,10,17,1,16,13,9,4,33,16,17,25,9,16
S01010769,157,69,88,15,7,8,23,9,14,13,6,7,16,1,15,20,20,0,20,4,16,13,2,11,14,11,3,10,3,7,13,6,7
S01010770,218,99,119,11,5,6,13,3,10,11,8,3,23,4,19,20,17,3,14,2,12,22,1,21,18,16,2,50,22,28,36,21,15
S01010771,284,131,153,24,13,11,32,18,14,19,14,5,23,2,21,38,27,11,33,6,27,18,1,17,29,24,5,43,17,26,25,9,16
S01010772,284,124,160,13,8,5,32,13,19,8,6,2,26,3,23,43,34,9,26,3,23,12,3,9,28,22,6,50,15,35,46,17,29
S01010773,223,105,118,10,5,5,21,9,12,17,11,6,31,3,28,42,35,7,23,4,19,15,2,13,22,18,4,24,10,14,18,8,10
S01010774,215,96,119,11,2,9,15,5,10,10,7,3,32,7,25,27,23,4,23,0,23,17,5,12,10,8,2,38,21,17,32,18,14
S01010775,117,53,64,6,2,4,17,11,6,7,4,3,14,0,14,16,12,4,9,2,7,10,2,8,6,5,1,17,8,9,15,7,8
S01010776,143,67,76,4,3,1,17,6,11,6,3,3,11,2,9,21,15,6,14,3,11,16,2,14,16,14,2,18,10,8,20,9,11
S01010777,153,72,81,6,2,4,8,5,3,6,4,2,8,2,6,20,16,4,11,1,10,21,4,17,16,14,2,33,12,21,24,12,12
S01010778,163,65,98,4,0,4,2,0,2,3,2,1,8,2,6,16,14,2,17,1,16,20,3,17,18,13,5,29,13,16,46,17,29
S01010779,260,115,145,13,7,6,15,6,9,3,0,3,11,2,9,24,20,4,24,2,22,29,4,25,20,17,3,59,29,30,62,28,34
S01010780,147,61,86,3,1,2,20,5,15,6,5,1,11,2,9,16,13,3,14,0,14,17,2,15,14,11,3,27,10,17,19,12,7
S01010781,191,81,110,13,5,8,23,11,12,12,9,3,20,3,17,19,15,4,15,2,13,24,4,20,11,9,2,27,11,16,27,12,15
S01010782,194,77,117,16,7,9,16,5,11,8,5,3,15,2,13,15,11,4,19,3,16,21,1,20,15,12,3,34,13,21,35,18,17
S01010783,178,68,110,4,1,3,3,1,2,7,4,3,16,3,13,21,18,3,13,3,10,21,4,17,13,11,2,46,12,34,34,11,23
S01010784,210,99,111,7,2,5,2,2,0,7,4,3,12,1,11,27,19,8,21,3,18,21,8,13,11,8,3,54,25,29,48,27,21
S01010785,173,70,103,10,4,6,25,12,13,8,5,3,21,2,19,22,18,4,19,0,19,18,2,16,7,5,2,27,14,13,16,8,8
S01010786,138,61,77,8,3,5,16,7,9,7,2,5,7,1,6,13,11,2,8,0,8,11,3,8,15,13,2,23,7,16,30,14,16
S01010787,209,83,126,14,5,9,18,8,10,10,6,4,28,4,24,30,22,8,15,0,15,21,2,19,11,7,4,37,17,20,25,12,13
S01010788,116,55,61,9,5,4,5,3,2,11,7,4,14,1,13,9,7,2,10,1,9,10,2,8,13,12,1,14,5,9,21,12,9
S01010789,199,85,114,10,5,5,17,5,12,13,9,4,15,2,13,23,20,3,20,1,19,26,6,20,14,13,1,38,12,26,23,12,11
S01010790,176,75,101,16,7,9,15,7,8,5,3,2,9,1,8,23,16,7,18,0,18,23,6,17,16,14,2,26,10,16,25,11,14
S01010791,248,104,144,11,4,7,26,11,15,30,17,13,22,3,19,34,27,7,29,6,23,15,2,13,17,12,5,37,15,22,27,7,20
S01010792,169,68,101,5,2,3,12,5,7,3,2,1,11,1,10,20,16,4,9,0,9,18,1,17,25,13,12,43,19,24,23,9,14
S01010793,148,59,89,6,4,2,21,5,16,10,8,2,19,1,18,17,17,0,3,1,2,20,3,17,12,10,2,20,5,15,20,5,15
S01010794,129,42,87,11,5,6,19,8,11,7,3,4,16,1,15,13,8,5,9,0,9,10,0,10,9,6,3,19,5,14,16,6,10
S01010795,284,122,162,15,9,6,22,9,13,25,10,15,30,2,28,30,24,6,31,2,29,27,2,25,38,31,7,36,17,19,30,16,14
S01010796,186,84,102,7,2,5,29,13,16,22,12,10,13,2,11,28,23,5,13,1,12,17,10,7,14,8,6,23,7,16,20,6,14
S01010797,152,54,98,18,9,9,14,6,8,11,6,5,24,0,24,15,13,2,13,1,12,16,3,13,7,7,0,16,2,14,18,7,11
S01010798,169,75,94,13,7,6,30,16,14,9,5,4,20,4,16,20,15,5,14,0,14,9,2,7,10,7,3,28,12,16,16,7,9
S01010799,260,115,145,14,7,7,32,10,22,14,12,2,17,3,14,30,21,9,25,4,21,23,5,18,22,18,4,55,20,35,28,15,13
S01010800,179,71,108,7,3,4,7,0,7,13,10,3,13,0,13,30,23,7,19,1,18,15,3,12,14,10,4,36,11,25,25,10,15
S01010801,199,96,103,3,2,1,13,6,7,10,9,1,9,1,8,29,22,7,18,3,15,26,3,23,20,18,2,43,16,27,28,16,12
S01010802,126,58,68,2,2,0,20,8,12,5,3,2,9,1,8,14,11,3,7,2,5,17,3,14,6,5,1,29,14,15,17,9,8
S01010803,175,83,92,9,4,5,15,8,7,7,4,3,13,1,12,18,16,2,10,2,8,21,5,16,14,10,4,35,16,19,33,17,16
S01010804,147,70,77,10,5,5,12,7,5,18,14,4,17,0,17,13,8,5,10,2,8,12,3,9,10,9,1,20,8,12,25,14,11
S01010805,220,99,121,20,9,11,29,17,12,16,11,5,24,1,23,25,20,5,20,1,19,25,3,22,9,8,1,25,9,16,27,20,7
S01010806,285,130,155,3,1,2,22,10,12,23,17,6,26,6,20,24,22,2,26,4,22,29,6,23,18,15,3,52,20,32,62,29,33
S01010807,132,53,79,4,2,2,17,11,6,7,4,3,13,2,11,18,17,1,10,0,10,18,3,15,8,5,3,21,4,17,16,5,11
S01010808,128,52,76,3,1,2,23,13,10,14,12,2,15,1,14,9,7,2,8,0,8,10,1,9,5,4,1,20,4,16,21,9,12
S01010809,174,71,103,13,5,8,29,12,17,21,12,9,14,1,13,13,9,4,3,0,3,16,1,15,13,10,3,31,13,18,21,8,13
S01010810,172,74,98,11,6,5,20,5,15,14,10,4,21,2,19,25,21,4,15,2,13,7,1,6,13,12,1,24,7,17,22,8,14
S01010811,227,104,123,17,9,8,35,9,26,22,13,9,24,4,20,29,23,6,12,2,10,9,1,8,17,14,3,41,19,22,21,10,11
S01010812,137,68,69,7,5,2,8,5,3,8,7,1,7,1,6,23,17,6,18,5,13,7,0,7,8,8,0,32,9,23,19,11,8
S01010813,153,76,77,12,5,7,13,7,6,11,8,3,10,1,9,25,21,4,25,3,22,13,8,5,6,5,1,29,12,17,9,6,3
S01010814,165,70,95,16,6,10,29,14,15,6,3,3,16,2,14,24,17,7,15,2,13,11,2,9,9,8,1,23,9,14,16,7,9
S01010815,101,47,54,12,7,5,12,4,8,2,1,1,4,0,4,21,16,5,8,3,5,10,1,9,7,7,0,13,3,10,12,5,7
S01010816,171,65,106,14,8,6,47,16,31,15,7,8,20,0,20,11,8,3,12,1,11,10,3,7,3,2,1,9,4,5,30,16,14
S01010817,248,101,147,22,14,8,53,17,36,25,13,12,45,4,41,17,16,1,6,1,5,15,2,13,4,3,1,18,10,8,43,21,22
S01010818,239,89,150,19,15,4,46,13,33,28,11,17,32,3,29,12,9,3,19,2,17,25,6,19,9,3,6,21,11,10,28,16,12
S01010819,223,97,126,14,10,4,26,9,17,18,8,10,25,3,22,31,29,2,17,4,13,21,3,18,17,9,8,31,10,21,23,12,11
S01010820,136,68,68,13,9,4,28,10,18,21,10,11,20,4,16,11,8,3,5,1,4,3,1,2,9,9,0,6,5,1,20,11,9
S01010821,180,75,105,21,14,7,50,18,32,18,12,6,28,4,24,9,7,2,11,2,9,8,0,8,5,5,0,12,6,6,18,7,11
S01010822,217,96,121,24,18,6,18,8,10,17,2,15,23,3,20,11,7,4,12,6,6,15,3,12,2,1,1,16,5,11,79,43,36
S01010823,110,58,52,1,1,0,4,2,2,5,2,3,10,2,8,20,15,5,7,1,6,11,4,7,11,9,2,13,7,6,28,15,13
S01010824,121,52,69,9,7,2,8,4,4,10,5,5,16,1,15,10,9,1,6,1,5,14,2,12,5,4,1,16,7,9,27,12,15
S01010825,54,20,34,2,1,1,7,2,5,4,4,0,7,0,7,4,2,2,4,1,3,4,0,4,8,5,3,6,1,5,8,4,4
S01010826,231,96,135,26,16,10,36,16,20,22,12,10,40,7,33,16,12,4,14,1,13,15,3,12,15,9,6,10,3,7,37,17,20
S01010827,133,64,69,8,4,4,15,9,6,14,14,0,25,5,20,10,9,1,9,1,8,7,3,4,12,8,4,12,4,8,21,7,14
S01010828,229,91,138,16,7,9,25,8,17,25,11,14,34,7,27,18,15,3,11,2,9,18,6,12,6,3,3,24,9,15,52,23,29
S01010829,276,124,152,32,23,9,40,18,22,31,20,11,42,4,38,15,13,2,21,3,18,25,9,16,23,14,9,22,6,16,25,14,11
S01010830,146,69,77,9,4,5,10,5,5,15,13,2,16,1,15,12,9,3,7,2,5,10,1,9,11,9,2,33,13,20,23,12,11
S01010831,79,28,51,4,2,2,7,4,3,6,4,2,7,3,4,2,2,0,9,2,7,5,0,5,5,2,3,10,2,8,24,7,17
S01010832,165,84,81,5,2,3,14,2,12,9,6,3,17,7,10,20,19,1,11,3,8,8,2,6,14,11,3,26,12,14,41,20,21
S01010833,196,92,104,16,8,8,31,18,13,19,10,9,35,4,31,7,6,1,9,1,8,13,2,11,13,9,4,18,7,11,35,27,8
S01010834,261,116,145,23,19,4,56,19,37,37,25,12,44,9,35,17,14,3,14,1,13,25,8,17,9,7,2,13,4,9,23,10,13
S01010835,196,82,114,16,11,5,34,16,18,25,13,12,35,4,31,11,11,0,11,0,11,14,3,11,8,4,4,14,9,5,28,11,17
S01010836,225,105,120,19,12,7,40,20,20,14,10,4,30,3,27,17,9,8,9,1,8,26,9,17,14,12,2,28,15,13,28,14,14
S01010837,213,87,126,8,6,2,7,1,6,11,8,3,29,6,23,24,22,2,15,4,11,26,3,23,19,11,8,47,11,36,27,15,12
S01010838,193,81,112,7,6,1,8,4,4,7,3,4,20,2,18,27,25,2,14,1,13,26,4,22,18,12,6,37,12,25,29,12,17
S01010839,192,83,109,8,7,1,18,5,13,9,7,2,26,5,21,18,14,4,18,0,18,18,5,13,17,12,5,33,12,21,27,16,11
S01010840,147,74,73,7,5,2,14,6,8,14,8,6,20,4,16,18,15,3,10,1,9,19,9,10,8,6,2,20,14,6,17,6,11
S01010841,223,97,126,11,4,7,22,10,12,18,10,8,29,10,19,26,22,4,16,2,14,22,0,22,12,10,2,38,17,21,29,12,17
S01010842,338,147,191,9,5,4,10,4,6,13,9,4,41,8,33,28,24,4,28,3,25,50,11,39,36,29,7,75,33,42,48,21,27
S01010843,207,109,98,4,3,1,12,6,6,16,13,3,28,8,20,25,25,0,17,3,14,26,8,18,23,16,7,32,15,17,24,12,12
S01010844,180,80,100,5,2,3,29,11,18,12,11,1,36,3,33,16,16,0,9,2,7,17,6,11,10,7,3,24,8,16,22,14,8
S01010845,187,85,102,9,6,3,19,8,11,6,6,0,20,4,16,30,24,6,18,2,16,19,5,14,13,7,6,28,11,17,25,12,13
S01010846,216,103,113,3,2,1,3,1,2,11,4,7,21,7,14,29,24,5,19,1,18,16,5,11,18,9,9,47,23,24,49,27,22
S01010847,140,62,78,5,2,3,12,5,7,11,8,3,20,6,14,13,11,2,11,0,11,16,2,14,9,8,1,18,8,10,25,12,13
S01010848,233,91,142,5,2,3,5,2,3,10,4,6,9,1,8,19,15,4,23,3,20,25,3,22,21,15,6,66,23,43,50,23,27
S01010849,321,153,168,7,3,4,5,2,3,13,10,3,5,1,4,45,39,6,20,2,18,28,6,22,37,20,17,79,37,42,82,33,49
S01010850,313,144,169,10,5,5,6,1,5,5,5,0,16,2,14,37,34,3,23,5,18,26,8,18,41,24,17,84,33,51,65,27,38
S01010851,242,100,142,2,0,2,7,3,4,11,10,1,8,3,5,25,22,3,15,4,11,23,1,22,28,14,14,68,22,46,55,21,34
S01010852,231,105,126,2,0,2,7,2,5,4,4,0,13,7,6,20,20,0,24,7,17,24,4,20,38,24,14,60,24,36,39,13,26
S01010853,243,118,125,7,2,5,9,5,4,6,2,4,13,3,10,27,26,1,16,2,14,23,4,19,38,22,16,65,33,32,39,19,20
S01010854,281,113,168,2,1,1,10,3,7,17,8,9,14,2,12,22,22,0,20,3,17,34,4,30,30,18,12,60,16,44,72,36,36
S01010855,170,71,99,4,2,2,8,3,5,5,3,2,7,1,6,25,21,4,12,1,11,17,3,14,17,9,8,40,13,27,35,15,20
S01010856,300,146,154,4,4,0,8,2,6,13,11,2,30,3,27,39,37,2,18,2,16,42,2,40,32,23,9,69,36,33,45,26,19
S01010857,204,79,125,4,2,2,10,1,9,4,2,2,13,2,11,15,14,1,18,0,18,25,4,21,21,14,7,42,15,27,52,25,27
S01010858,219,97,122,3,0,3,12,7,5,6,2,4,10,1,9,28,25,3,13,2,11,30,2,28,28,15,13,50,24,26,39,19,20
S01010859,251,108,143,2,1,1,2,0,2,5,2,3,13,5,8,26,23,3,22,2,20,18,0,18,34,20,14,73,30,43,56,25,31
S01010860,208,91,117,7,3,4,4,1,3,16,11,5,10,0,10,22,19,3,10,1,9,26,2,24,31,17,14,53,25,28,29,12,17
S01010861,233,97,136,4,4,0,7,2,5,5,1,4,14,2,12,19,17,2,13,2,11,35,4,31,34,19,15,71,35,36,31,11,20
S01010862,244,117,127,5,4,1,9,1,8,5,3,2,3,1,2,29,19,10,16,3,13,20,5,15,35,26,9,66,27,39,56,28,28
S01010863,221,101,120,7,4,3,46,20,26,24,13,11,25,7,18,26,25,1,13,3,10,22,4,18,8,3,5,23,11,12,27,11,16
S01010864,141,66,75,5,4,1,32,16,16,11,10,1,33,6,27,3,2,1,7,1,6,14,4,10,6,6,0,8,5,3,22,12,10
S01010865,235,100,135,11,5,6,48,12,36,17,14,3,56,19,37,16,12,4,15,0,15,14,5,9,11,9,2,15,4,11,32,20,12
S01010866,215,106,109,11,7,4,25,8,17,21,15,6,29,5,24,33,30,3,12,2,10,18,5,13,19,14,5,22,11,11,25,9,16
S01010867,175,76,99,9,8,1,35,14,21,15,9,6,23,3,20,11,10,1,16,4,12,14,3,11,11,6,5,13,6,7,28,13,15
S01010868,243,113,130,9,5,4,36,15,21,24,17,7,33,6,27,22,19,3,17,3,14,11,2,9,15,8,7,28,13,15,48,25,23
S01010869,191,88,103,13,6,7,30,13,17,21,14,7,30,4,26,12,10,2,8,2,6,16,5,11,7,4,3,10,8,2,44,22,22
S01010870,184,77,107,13,5,8,28,7,21,12,8,4,19,5,14,17,15,2,14,0,14,17,2,15,15,11,4,30,18,12,19,6,13
S01010871,202,86,116,9,5,4,25,10,15,12,9,3,18,6,12,17,15,2,16,3,13,29,8,21,14,9,5,28,11,17,34,10,24
S01010872,218,102,116,3,2,1,16,9,7,18,10,8,37,7,30,26,24,2,16,2,14,21,6,15,21,13,8,33,19,14,27,10,17
S01010873,189,105,84,0,0,0,9,3,6,11,6,5,10,3,7,28,28,0,12,2,10,18,4,14,24,19,5,51,27,24,26,13,13
S01010874,186,93,93,9,4,5,20,10,10,12,8,4,25,11,14,14,12,2,15,3,12,19,7,12,10,6,4,22,12,10,40,20,20
S01010875,122,58,64,1,0,1,7,5,2,12,7,5,15,2,13,14,12,2,9,0,9,16,4,12,10,2,8,17,12,5,21,14,7
S01010876,224,106,118,3,2,1,17,11,6,8,3,5,16,5,11,19,17,2,14,7,7,24,3,21,23,14,9,54,19,35,46,25,21
S01010877,308,152,156,16,12,4,25,11,14,22,12,10,27,3,24,42,37,5,21,5,16,31,6,25,24,16,8,50,23,27,50,27,23
S01010878,468,267,201,5,3,2,14,7,7,22,15,7,42,8,34,67,63,4,27,8,19,29,4,25,47,32,15,124,69,55,91,58,33
S01010879,208,96,112,6,5,1,16,5,11,7,6,1,24,4,20,17,16,1,16,2,14,21,5,16,26,18,8,42,15,27,33,20,13
S01010880,185,79,106,6,2,4,9,6,3,8,6,2,9,1,8,18,15,3,16,2,14,17,0,17,18,7,11,51,23,28,33,17,16
S01010881,188,90,98,5,3,2,12,3,9,10,8,2,23,5,18,22,18,4,12,1,11,16,5,11,17,11,6,39,16,23,32,20,12
S01010882,143,80,63,2,1,1,11,6,5,5,4,1,15,4,11,8,8,0,9,2,7,11,6,5,18,13,5,30,18,12,34,18,16
S01010883,200,97,103,6,3,3,8,3,5,9,6,3,7,0,7,23,21,2,16,2,14,11,4,7,21,16,5,44,20,24,55,22,33
S01010884,298,134,164,7,2,5,10,2,8,10,6,4,16,4,12,35,29,6,18,4,14,30,4,26,46,27,19,70,32,38,56,24,32
S01010885,376,191,185,7,3,4,7,1,6,13,8,5,15,5,10,43,37,6,22,4,18,36,3,33,44,32,12,113,52,61,76,46,30
S01010886,174,82,92,1,1,0,3,1,2,3,1,2,17,1,16,22,21,1,13,4,9,12,2,10,18,11,7,37,18,19,48,22,26
S01010887,355,162,193,6,1,5,3,1,2,9,7,2,19,4,15,40,31,9,32,7,25,36,7,29,40,24,16,96,43,53,74,37,37
S01010888,288,156,132,5,4,1,15,8,7,11,5,6,13,2,11,32,29,3,23,7,16,28,6,22,33,24,9,88,50,38,40,21,19
S01010889,224,118,106,7,1,6,3,1,2,8,8,0,17,3,14,25,23,2,11,3,8,19,1,18,37,30,7,60,29,31,37,19,18
S01010890,288,141,147,2,0,2,9,4,5,11,8,3,22,8,14,44,39,5,13,5,8,37,13,24,32,16,16,92,34,58,26,14,12
S01010891,201,114,87,4,4,0,4,4,0,3,1,2,12,6,6,30,30,0,7,2,5,7,1,6,28,15,13,55,23,32,51,28,23
S01010892,335,176,159,7,3,4,7,2,5,17,11,6,18,3,15,45,41,4,29,11,18,32,5,27,48,29,19,80,41,39,52,30,22
S01010893,217,123,94,2,0,2,4,3,1,7,5,2,25,9,16,31,29,2,15,4,11,17,5,12,32,24,8,55,28,27,29,16,13
S01010894,175,92,83,6,4,2,2,2,0,9,7,2,3,1,2,28,26,2,15,4,11,18,3,15,18,8,10,50,23,27,26,14,12
S01010895,190,93,97,5,3,2,6,2,4,7,6,1,10,2,8,23,21,2,12,2,10,19,4,15,17,12,5,52,23,29,39,18,21
S01010896,285,136,149,5,3,2,10,2,8,11,9,2,15,6,9,33,31,2,18,1,17,23,4,19,34,22,12,90,38,52,46,20,26
S01010897,315,140,175,2,1,1,6,2,4,10,6,4,11,1,10,36,31,5,20,4,16,46,9,37,41,21,20,84,38,46,59,27,32
S01010898,229,105,124,3,2,1,1,0,1,12,7,5,6,0,6,26,25,1,21,5,16,22,2,20,36,24,12,48,18,30,54,22,32
S01010899,146,67,79,0,0,0,5,0,5,3,2,1,4,2,2,10,7,3,19,4,15,16,4,12,18,11,7,36,17,19,35,20,15
S01010900,233,99,134,2,1,1,2,2,0,7,5,2,11,3,8,32,29,3,17,3,14,24,5,19,34,19,15,68,20,48,36,12,24
S01010901,175,88,87,2,1,1,4,2,2,1,1,0,5,1,4,22,21,1,12,0,12,17,4,13,26,15,11,57,28,29,29,15,14
S01010902,333,143,190,10,3,7,16,5,11,14,8,6,16,4,12,43,40,3,23,3,20,36,7,29,40,20,20,78,36,42,57,17,40
S01010903,338,162,176,5,3,2,8,3,5,8,7,1,15,3,12,55,42,13,25,3,22,24,4,20,45,29,16,87,37,50,66,31,35
S01010904,223,107,116,0,0,0,1,1,0,8,5,3,11,1,10,23,21,2,14,2,12,18,4,14,29,18,11,61,28,33,58,27,31
S01010905,187,65,122,1,1,0,5,2,3,9,6,3,10,0,10,11,11,0,21,4,17,30,1,29,16,8,8,32,11,21,52,21,31
S01010906,281,123,158,5,2,3,8,3,5,7,6,1,13,4,9,29,25,4,25,5,20,14,3,11,31,15,16,82,29,53,67,31,36
S01010907,74,30,44,9,7,2,2,1,1,5,2,3,6,0,6,4,4,0,4,1,3,12,2,10,10,5,5,9,2,7,13,6,7
S01010908,178,83,95,3,3,0,10,2,8,7,6,1,12,6,6,22,17,5,16,1,15,17,5,12,26,14,12,36,13,23,29,16,13
S01010909,202,98,104,8,5,3,15,4,11,13,6,7,17,3,14,24,19,5,17,3,14,18,4,14,22,9,13,25,13,12,43,32,11
S01010910,197,93,104,0,0,0,8,4,4,11,4,7,10,1,9,24,23,1,13,3,10,19,6,13,28,18,10,53,23,30,31,11,20
S01010911,226,126,100,3,2,1,5,2,3,5,3,2,18,3,15,40,37,3,24,9,15,19,3,16,39,22,17,54,32,22,19,13,6
S01010912,287,156,131,5,2,3,17,9,8,5,4,1,12,1,11,41,41,0,20,6,14,21,7,14,27,16,11,77,36,41,62,34,28
S01010913,176,84,92,5,3,2,14,5,9,11,10,1,19,2,17,26,23,3,10,1,9,14,3,11,20,6,14,24,12,12,33,19,14
S01010914,152,70,82,2,2,0,9,3,6,6,3,3,8,0,8,23,23,0,14,1,13,16,2,14,27,14,13,20,9,11,27,13,14
S01010915,186,86,100,1,1,0,7,3,4,4,4,0,12,2,10,15,12,3,20,1,19,21,8,13,30,12,18,38,20,18,38,23,15
S01010916,255,158,97,1,0,1,3,1,2,6,3,3,17,10,7,37,37,0,17,7,10,11,1,10,37,19,18,72,47,25,54,33,21
S01010917,228,117,111,6,2,4,10,4,6,9,5,4,18,6,12,28,27,1,16,2,14,17,8,9,24,15,9,62,31,31,38,17,21
S01010918,255,111,144,3,2,1,5,2,3,6,5,1,15,1,14,37,30,7,24,6,18,22,5,17,36,17,19,56,22,34,51,21,30
S01010919,288,125,163,4,2,2,8,3,5,6,4,2,13,4,9,44,36,8,26,0,26,24,3,21,42,17,25,67,32,35,54,24,30
S01010920,242,110,132,2,0,2,3,0,3,9,6,3,11,2,9,35,33,2,20,2,18,19,4,15,32,12,20,61,26,35,50,25,25
S01010921,238,118,120,2,1,1,0,0,0,7,3,4,9,2,7,31,24,7,18,3,15,19,6,13,44,23,21,53,29,24,55,27,28
S01010922,329,144,185,7,2,5,4,2,2,15,8,7,15,5,10,44,35,9,26,2,24,21,4,17,43,17,26,76,37,39,78,32,46
S01010923,342,168,174,3,1,2,10,4,6,15,10,5,14,2,12,49,45,4,27,4,23,24,6,18,70,34,36,80,38,42,50,24,26
S01010924,202,89,113,1,0,1,4,0,4,5,3,2,6,1,5,26,24,2,16,1,15,15,1,14,36,19,17,64,29,35,29,11,18
S01010925,308,137,171,4,3,1,5,0,5,6,4,2,21,5,16,46,42,4,24,7,17,33,4,29,49,27,22,82,31,51,38,14,24
S01010926,301,151,150,5,4,1,5,2,3,8,2,6,13,4,9,47,39,8,19,2,17,27,4,23,44,25,19,86,43,43,47,26,21
S01010927,186,72,114,7,4,3,1,1,0,3,1,2,5,2,3,22,15,7,13,0,13,19,2,17,36,19,17,43,16,27,37,12,25
S01010928,267,111,156,5,3,2,6,3,3,8,6,2,17,3,14,28,24,4,29,4,25,18,1,17,40,21,19,61,22,39,55,24,31
S01010929,256,119,137,2,1,1,4,1,3,6,5,1,3,1,2,38,30,8,23,6,17,28,12,16,39,12,27,71,33,38,42,18,24
S01010930,146,63,83,12,6,6,36,16,20,27,11,16,13,0,13,7,6,1,8,2,6,7,3,4,9,7,2,8,2,6,19,10,9
S01010931,114,49,65,10,6,4,14,7,7,6,2,4,19,2,17,13,8,5,10,2,8,8,3,5,12,11,1,10,3,7,12,5,7
S01010932,148,66,82,2,2,0,9,1,8,3,2,1,14,1,13,20,13,7,20,3,17,7,2,5,12,10,2,36,21,15,25,11,14
S01010933,161,70,91,14,7,7,25,11,14,16,7,9,27,5,22,11,9,2,8,1,7,15,7,8,10,8,2,12,3,9,23,12,11
S01010934,230,103,127,13,7,6,51,28,23,20,12,8,42,6,36,26,23,3,17,1,16,19,4,15,3,0,3,14,7,7,25,15,10
S01010935,214,86,128,17,9,8,49,19,30,14,12,2,41,7,34,14,12,2,15,3,12,14,3,11,4,4,0,25,7,18,21,10,11
S01010936,174,75,99,11,5,6,13,2,11,8,5,3,26,4,22,26,21,5,15,3,12,6,2,4,11,9,2,40,18,22,18,6,12
S01010937,161,73,88,8,7,1,18,7,11,13,12,1,31,6,25,19,19,0,14,1,13,15,2,13,5,5,0,21,6,15,17,8,9
S01010938,245,128,117,9,4,5,4,1,3,15,12,3,26,6,20,27,24,3,17,3,14,20,4,16,20,17,3,69,31,38,38,26,12
S01010939,135,53,82,9,3,6,13,5,8,8,5,3,24,3,21,12,12,0,18,2,16,13,4,9,3,3,0,21,7,14,14,9,5
S01010940,151,70,81,9,6,3,31,19,12,13,9,4,32,6,26,14,12,2,9,0,9,10,1,9,2,2,0,11,5,6,20,10,10
S01010941,215,101,114,10,5,5,33,16,17,23,19,4,37,11,26,16,14,2,15,2,13,20,4,16,6,4,2,16,10,6,39,16,23
S01010942,187,81,106,12,7,5,37,17,20,25,16,9,38,7,31,10,8,2,11,0,11,16,2,14,5,4,1,13,5,8,20,15,5
S01010943,165,72,93,9,5,4,3,2,1,4,2,2,7,0,7,14,13,1,24,3,21,21,7,14,15,13,2,41,15,26,27,12,15
S01010944,164,62,102,5,1,4,3,0,3,10,7,3,26,4,22,11,7,4,16,3,13,13,0,13,19,15,4,43,13,30,18,12,6
S01010945,127,52,75,7,1,6,5,1,4,5,3,2,13,2,11,23,21,2,15,2,13,13,4,9,13,10,3,16,3,13,17,5,12
S01010946,193,80,113,8,5,3,6,1,5,9,5,4,17,0,17,18,16,2,15,2,13,17,2,15,21,15,6,43,19,24,39,15,24
S01010947,156,58,98,5,2,3,6,1,5,9,5,4,23,1,22,14,13,1,16,2,14,14,1,13,9,8,1,39,15,24,21,10,11
S01010948,185,81,104,5,4,1,3,2,1,5,2,3,24,3,21,23,17,6,21,3,18,21,5,16,20,14,6,43,19,24,20,12,8
S01010949,223,96,127,11,8,3,27,12,15,17,12,5,48,6,42,26,20,6,16,5,11,20,3,17,13,8,5,15,5,10,30,17,13
S01010950,236,99,137,7,4,3,27,16,11,22,12,10,41,6,35,28,27,1,28,5,23,26,5,21,5,3,2,34,12,22,18,9,9
S01010951,145,57,88,1,0,1,9,3,6,9,5,4,21,3,18,18,14,4,15,1,14,18,5,13,5,5,0,27,10,17,22,11,11
S01010952,92,38,54,3,3,0,7,1,6,3,1,2,9,2,7,8,8,0,6,1,5,11,4,7,4,3,1,15,4,11,26,11,15
S01010953,122,50,72,3,1,2,8,2,6,7,4,3,27,6,21,11,9,2,10,2,8,8,3,5,7,5,2,22,8,14,19,10,9
S01010954,124,61,63,4,3,1,7,4,3,22,17,5,21,2,19,7,4,3,11,2,9,10,3,7,5,4,1,17,11,6,20,11,9
S01010955,212,68,144,17,8,9,32,11,21,22,12,10,24,2,22,10,6,4,26,1,25,28,1,27,5,4,1,15,5,10,33,18,15
S01010956,163,66,97,17,8,9,27,8,19,17,7,10,10,2,8,18,17,1,15,2,13,11,1,10,11,7,4,16,6,10,21,8,13
S01010957,140,60,80,10,8,2,23,8,15,20,10,10,27,5,22,14,11,3,13,2,11,9,4,5,5,5,0,8,3,5,11,4,7
S01010958,133,63,70,8,4,4,26,11,15,8,1,7,19,3,16,12,12,0,9,3,6,4,1,3,13,13,0,21,10,11,13,5,8
S01010959,143,69,74,9,5,4,22,8,14,10,7,3,18,4,14,13,12,1,13,3,10,10,2,8,10,8,2,17,10,7,21,10,11
S01010960,288,135,153,17,4,13,21,7,14,9,5,4,19,4,15,27,20,7,23,2,21,26,8,18,29,26,3,64,32,32,53,27,26
S01010961,141,69,72,3,2,1,5,3,2,9,7,2,13,1,12,21,18,3,8,1,7,15,4,11,15,15,0,32,13,19,20,5,15
S01010962,200,100,100,11,7,4,8,4,4,6,5,1,30,7,23,28,27,1,27,5,22,16,3,13,18,18,0,45,17,28,11,7,4
S01010963,186,85,101,7,4,3,8,3,5,5,3,2,26,7,19,22,18,4,16,3,13,24,5,19,12,7,5,37,15,22,29,20,9
S01010964,151,65,86,6,5,1,17,6,11,10,6,4,20,3,17,13,11,2,24,3,21,12,4,8,18,14,4,22,9,13,9,4,5
S01010965,150,67,83,6,2,4,3,1,2,6,3,3,14,2,12,18,15,3,13,0,13,13,2,11,15,12,3,29,15,14,33,15,18
S01010966,203,101,102,8,3,5,10,4,6,7,4,3,22,2,20,30,24,6,21,2,19,15,2,13,19,17,2,42,22,20,29,21,8
S01010967,176,73,103,3,1,2,8,4,4,8,6,2,21,4,17,14,13,1,18,2,16,19,3,16,20,16,4,31,12,19,34,12,22
S01010968,194,83,111,8,5,3,13,5,8,17,8,9,41,5,36,23,21,2,19,1,18,13,2,11,13,11,2,22,10,12,25,15,10
S01010969,170,80,90,5,2,3,21,9,12,22,13,9,25,7,18,24,21,3,15,3,12,11,2,9,7,6,1,19,10,9,21,7,14
S01010970,227,95,132,13,6,7,18,3,15,16,10,6,31,6,25,23,20,3,18,4,14,22,5,17,18,14,4,35,15,20,33,12,21
S01010971,213,88,125,10,9,1,26,10,16,17,7,10,33,5,28,17,13,4,23,2,21,25,3,22,9,7,2,18,9,9,35,23,12
S01010972,237,87,150,6,2,4,10,4,6,2,0,2,20,2,18,31,28,3,29,3,26,26,2,24,13,13,0,49,14,35,51,19,32
S01010973,142,61,81,5,2,3,11,3,8,9,5,4,34,8,26,17,15,2,8,1,7,10,1,9,10,7,3,18,7,11,20,12,8
S01010974,180,84,96,3,2,1,5,1,4,3,3,0,15,2,13,29,29,0,14,2,12,19,6,13,26,20,6,41,8,33,25,11,14
S01010975,147,62,85,6,1,5,5,1,4,5,3,2,7,1,6,15,8,7,13,1,12,11,1,10,20,16,4,38,17,21,27,13,14
S01010976,132,66,66,2,2,0,8,3,5,6,4,2,10,4,6,14,14,0,13,1,12,17,2,15,9,8,1,20,12,8,33,16,17
S01010977,165,73,92,2,2,0,6,3,3,5,4,1,20,1,19,25,22,3,14,1,13,17,1,16,13,13,0,30,11,19,33,15,18
S01010978,183,81,102,9,3,6,3,1,2,2,2,0,19,4,15,26,17,9,32,7,25,12,5,7,13,10,3,39,17,22,28,15,13
S01010979,200,86,114,6,3,3,4,2,2,10,7,3,18,7,11,19,14,5,24,4,20,22,3,19,13,10,3,41,16,25,43,20,23
S01010980,196,92,104,4,1,3,15,8,7,9,7,2,28,7,21,23,20,3,12,2,10,19,0,19,13,10,3,39,19,20,34,18,16
S01010981,223,100,123,11,7,4,13,6,7,12,9,3,25,5,20,20,17,3,26,5,21,15,2,13,24,22,2,39,12,27,38,15,23
S01010982,318,139,179,20,8,12,59,26,33,37,21,16,48,9,39,33,27,6,22,6,16,18,3,15,18,11,7,22,11,11,41,17,24
S01010983,190,68,122,6,4,2,16,3,13,4,3,1,42,4,38,28,24,4,21,4,17,16,1,15,11,5,6,20,7,13,26,13,13
S01010984,237,101,136,16,14,2,25,16,9,18,11,7,57,7,50,21,18,3,15,1,14,25,5,20,15,11,4,19,7,12,26,11,15
S01010985,142,63,79,2,2,0,9,3,6,9,6,3,21,3,18,18,13,5,13,1,12,15,1,14,8,8,0,23,12,11,24,14,10
S01010986,82,35,47,6,6,0,11,5,6,7,2,5,17,3,14,2,2,0,6,1,5,12,4,8,3,3,0,2,1,1,16,8,8
S01010987,84,28,56,4,3,1,10,3,7,7,1,6,18,2,16,4,4,0,8,0,8,8,2,6,2,1,1,4,1,3,19,11,8
S01010988,94,42,52,6,5,1,4,2,2,5,1,4,22,1,21,5,4,1,6,1,5,8,5,3,5,3,2,12,6,6,21,14,7
S01010989,64,23,41,2,1,1,6,2,4,7,3,4,10,2,8,3,3,0,10,0,10,8,1,7,2,2,0,4,2,2,12,7,5
S01010990,218,97,121,8,6,2,6,0,6,10,7,3,31,7,24,33,28,5,19,0,19,23,5,18,34,24,10,36,13,23,18,7,11
S01010991,122,57,65,1,0,1,12,6,6,8,6,2,17,1,16,14,12,2,8,0,8,18,6,12,10,9,1,21,10,11,13,7,6
S01010992,78,28,50,7,3,4,8,1,7,9,3,6,13,2,11,4,3,1,3,0,3,8,3,5,2,2,0,5,2,3,19,9,10
S01010993,135,60,75,8,4,4,13,7,6,9,6,3,20,5,15,8,6,2,18,3,15,14,3,11,7,6,1,25,12,13,13,8,5
S01010994,245,112,133,14,9,5,54,24,30,22,14,8,38,5,33,15,12,3,22,3,19,19,7,12,7,6,1,24,11,13,30,21,9
S01010995,169,79,90,14,10,4,20,10,10,17,8,9,34,9,25,19,15,4,7,1,6,19,8,11,10,9,1,12,4,8,17,5,12
S01010996,112,46,66,6,2,4,17,6,11,12,8,4,19,2,17,7,5,2,8,0,8,12,1,11,5,5,0,9,6,3,17,11,6
S01010997,193,78,115,24,17,7,37,24,13,14,10,4,53,6,47,10,8,2,7,0,7,19,3,16,5,3,2,10,2,8,14,5,9
S01010998,130,49,81,16,10,6,30,9,21,16,5,11,21,3,18,7,5,2,10,2,8,9,2,7,0,0,0,6,2,4,15,11,4
S01010999,269,118,151,30,18,12,48,23,25,18,11,7,45,12,33,16,14,2,21,1,20,16,2,14,13,7,6,26,9,17,36,21,15
S01011000,206,88,118,12,4,8,18,6,12,15,8,7,24,3,21,27,24,3,17,1,16,16,3,13,18,13,5,34,12,22,25,14,11
S01011001,167,79,88,5,3,2,8,5,3,7,4,3,10,2,8,15,11,4,20,3,17,17,4,13,17,16,1,37,17,20,31,14,17
S01011002,190,84,106,6,2,4,7,0,7,9,6,3,30,6,24,27,22,5,13,2,11,14,4,10,22,17,5,39,11,28,23,14,9
S01011003,164,78,86,6,2,4,2,1,1,4,3,1,22,3,19,24,23,1,12,1,11,13,0,13,9,7,2,40,21,19,32,17,15
S01011004,112,43,69,5,3,2,4,1,3,6,4,2,14,3,11,10,9,1,18,0,18,12,3,9,9,7,2,13,3,10,21,10,11
S01011005,205,87,118,5,2,3,6,4,2,10,6,4,24,7,17,28,23,5,27,4,23,24,3,21,14,7,7,43,15,28,24,16,8
S01011006,192,79,113,10,5,5,13,5,8,6,5,1,21,1,20,18,16,2,16,1,15,27,2,25,17,15,2,34,14,20,30,15,15
S01011007,175,83,92,5,2,3,6,4,2,5,2,3,11,1,10,21,20,1,19,2,17,16,3,13,17,12,5,49,21,28,26,16,10
S01011008,239,107,132,6,1,5,14,6,8,11,9,2,24,1,23,35,27,8,20,2,18,20,8,12,24,19,5,54,20,34,31,14,17
S01011009,114,55,59,1,1,0,3,1,2,9,5,4,4,1,3,17,14,3,8,2,6,11,1,10,8,5,3,30,16,14,23,9,14
S01011010,186,83,103,5,1,4,5,2,3,4,2,2,22,2,20,20,17,3,18,4,14,17,3,14,13,12,1,34,18,16,48,22,26
S01011011,272,128,144,6,6,0,4,1,3,5,3,2,33,7,26,36,31,5,28,3,25,21,2,19,22,20,2,56,28,28,61,27,34
S01011012,233,103,130,2,2,0,7,2,5,4,1,3,14,2,12,20,17,3,16,2,14,28,7,21,25,22,3,72,24,48,45,24,21
S01011013,216,90,126,10,3,7,4,2,2,13,8,5,23,5,18,25,21,4,17,3,14,25,3,22,24,21,3,55,13,42,20,11,9
S01011014,199,90,109,6,3,3,9,5,4,14,8,6,38,6,32,24,23,1,19,2,17,23,7,16,11,10,1,30,14,16,25,12,13
S01011015,109,43,66,3,1,2,7,3,4,6,5,1,10,1,9,13,11,2,10,2,8,21,4,17,9,6,3,14,6,8,16,4,12
S01011016,131,58,73,4,3,1,9,2,7,8,2,6,8,4,4,17,13,4,13,0,13,20,8,12,3,2,1,18,11,7,31,13,18
S01011017,192,78,114,16,10,6,36,16,20,21,10,11,31,4,27,18,15,3,13,1,12,12,0,12,6,4,2,14,6,8,25,12,13
S01011018,202,92,110,10,3,7,12,5,7,15,12,3,23,3,20,23,17,6,22,1,21,19,5,14,17,16,1,29,12,17,32,18,14
S01011019,206,88,118,17,10,7,27,8,19,13,6,7,17,1,16,22,19,3,15,2,13,15,2,13,14,12,2,32,12,20,34,16,18
S01011020,96,45,51,5,3,2,20,10,10,8,6,2,13,1,12,9,7,2,5,1,4,8,1,7,7,6,1,13,4,9,8,6,2
S01011021,251,106,145,6,3,3,7,3,4,9,4,5,19,2,17,22,16,6,20,3,17,26,6,20,28,21,7,53,16,37,61,32,29
S01011022,145,63,82,2,1,1,1,1,0,4,3,1,12,2,10,10,9,1,8,1,7,20,2,18,21,17,4,36,13,23,31,14,17
S01011023,205,81,124,12,7,5,4,2,2,8,5,3,11,3,8,24,15,9,26,4,22,14,2,12,13,10,3,43,15,28,50,18,32
S01011024,226,98,128,2,2,0,7,2,5,7,6,1,14,1,13,21,17,4,20,2,18,17,4,13,21,16,5,55,17,38,62,31,31
S01011025,185,101,84,3,2,1,4,1,3,1,1,0,14,3,11,24,21,3,19,2,17,20,6,14,16,12,4,48,27,21,36,26,10
S01011026,184,82,102,3,2,1,2,2,0,6,3,3,20,4,16,26,22,4,18,3,15,20,4,16,14,11,3,53,22,31,22,9,13
S01011027,240,90,150,4,1,3,5,2,3,5,4,1,12,4,8,17,13,4,20,2,18,31,5,26,22,18,4,71,22,49,53,19,34
S01011028,318,119,199,11,5,6,3,2,1,13,7,6,31,4,27,35,32,3,41,2,39,39,10,29,22,17,5,73,26,47,50,14,36
S01011029,176,73,103,5,2,3,3,2,1,6,4,2,21,3,18,20,17,3,19,4,15,21,7,14,13,7,6,37,14,23,31,13,18
S01011030,214,91,123,6,4,2,8,2,6,15,12,3,29,5,24,20,16,4,21,3,18,23,6,17,18,12,6,29,11,18,45,20,25
S01011031,206,99,107,4,2,2,11,4,7,5,2,3,23,4,19,27,26,1,16,1,15,22,5,17,14,12,2,46,21,25,38,22,16
S01011032,239,112,127,4,3,1,7,3,4,13,8,5,16,3,13,28,25,3,25,4,21,21,3,18,18,15,3,61,28,33,46,20,26
S01011033,120,54,66,4,2,2,6,2,4,8,5,3,21,2,19,12,10,2,13,3,10,6,0,6,11,9,2,22,9,13,17,12,5
S01011034,178,84,94,7,2,5,2,0,2,6,4,2,16,4,12,18,15,3,18,6,12,27,6,21,25,20,5,37,16,21,22,11,11
S01011035,175,72,103,5,3,2,5,1,4,3,2,1,12,1,11,14,14,0,25,3,22,14,0,14,19,15,4,41,15,26,37,18,19
S01011036,154,63,91,8,4,4,13,4,9,11,5,6,16,1,15,11,10,1,9,1,8,15,2,13,18,15,3,29,12,17,24,9,15
S01011037,270,121,149,4,3,1,9,2,7,5,2,3,18,4,14,35,30,5,26,3,23,21,3,18,24,21,3,68,30,38,60,23,37
S01011038,274,112,162,4,4,0,5,1,4,4,2,2,17,0,17,28,21,7,33,3,30,22,2,20,33,26,7,63,23,40,65,30,35
S01011039,198,87,111,7,4,3,10,4,6,16,8,8,23,5,18,19,17,2,13,1,12,14,2,12,18,15,3,42,16,26,36,15,21
S01011040,215,90,125,4,3,1,6,3,3,5,1,4,17,4,13,19,16,3,24,2,22,15,3,12,23,19,4,52,22,30,50,17,33
S01011041,245,106,139,6,3,3,8,1,7,8,4,4,14,1,13,26,24,2,20,1,19,30,6,24,16,12,4,59,27,32,58,27,31
S01011042,173,82,91,10,8,2,21,9,12,3,3,0,18,1,17,29,27,2,20,4,16,10,2,8,9,7,2,29,12,17,24,9,15
S01011043,201,89,112,7,3,4,15,5,10,9,2,7,24,7,17,26,22,4,16,1,15,17,4,13,17,13,4,45,17,28,25,15,10
S01011044,221,101,120,6,1,5,6,1,5,12,7,5,12,2,10,28,22,6,19,2,17,24,8,16,22,19,3,54,25,29,38,14,24
S01011045,196,76,120,18,8,10,21,7,14,7,1,6,17,3,14,27,19,8,21,3,18,9,3,6,15,14,1,39,7,32,22,11,11
S01011046,222,96,126,15,8,7,24,7,17,17,9,8,19,2,17,38,30,8,24,1,23,10,1,9,18,12,6,33,15,18,24,11,13
S01011047,259,94,165,15,8,7,33,13,20,20,9,11,33,3,30,25,17,8,26,2,24,16,3,13,28,23,5,42,8,34,21,8,13
S01011048,239,98,141,17,12,5,22,7,15,10,5,5,19,2,17,28,21,7,24,2,22,14,1,13,30,22,8,49,19,30,26,7,19
S01011049,161,60,101,4,2,2,16,3,13,8,5,3,12,2,10,16,12,4,21,0,21,16,3,13,24,17,7,35,12,23,9,4,5
S01011050,184,74,110,11,8,3,18,7,11,16,11,5,19,1,18,16,14,2,23,2,21,13,0,13,18,11,7,27,8,19,23,12,11
S01011051,211,88,123,15,8,7,17,5,12,10,7,3,21,3,18,22,19,3,26,3,23,14,1,13,26,19,7,38,15,23,22,8,14
S01011052,202,93,109,14,11,3,18,3,15,10,7,3,22,4,18,23,21,2,15,1,14,11,1,10,18,14,4,53,21,32,18,10,8
S01011053,185,70,115,7,3,4,6,1,5,7,4,3,19,4,15,14,8,6,12,0,12,20,0,20,22,18,4,45,20,25,33,12,21
S01011054,121,55,66,6,5,1,15,4,11,4,2,2,10,2,8,21,15,6,8,0,8,6,0,6,19,13,6,16,4,12,16,10,6
S01011055,131,49,82,5,0,5,11,5,6,12,5,7,13,0,13,14,11,3,11,0,11,8,0,8,11,9,2,28,12,16,18,7,11
S01011056,129,37,92,8,4,4,14,4,10,5,3,2,18,1,17,16,10,6,13,2,11,12,0,12,6,4,2,21,4,17,16,5,11
S01011057,126,49,77,2,1,1,12,3,9,7,6,1,5,0,5,21,15,6,17,1,16,8,0,8,15,8,7,29,11,18,10,4,6
S01011058,139,51,88,8,4,4,13,2,11,15,7,8,13,2,11,22,14,8,17,4,13,10,2,8,7,4,3,16,5,11,18,7,11
S01011059,153,56,97,9,3,6,20,8,12,11,5,6,18,2,16,14,12,2,13,0,13,14,2,12,17,13,4,22,7,15,15,4,11
S01011060,200,78,122,11,7,4,20,6,14,11,4,7,20,1,19,22,16,6,20,2,18,19,1,18,24,18,6,32,14,18,21,9,12
S01011061,194,94,100,8,4,4,2,1,1,9,8,1,8,2,6,30,23,7,19,2,17,12,0,12,32,25,7,51,18,33,23,11,12
S01011062,174,72,102,11,5,6,6,0,6,6,3,3,8,1,7,20,17,3,21,1,20,17,2,15,31,18,13,32,16,16,22,9,13
S01011063,274,111,163,6,2,4,11,5,6,8,6,2,27,2,25,29,23,6,23,5,18,24,2,22,34,25,9,70,24,46,42,17,25
S01011064,233,89,144,10,7,3,23,10,13,11,6,5,25,3,22,26,17,9,25,3,22,23,1,22,27,19,8,43,15,28,20,8,12
S01011065,197,75,122,4,2,2,27,9,18,16,8,8,22,5,17,16,13,3,23,2,21,20,3,17,10,9,1,29,10,19,30,14,16
S01011066,143,63,80,10,7,3,21,6,15,15,11,4,22,8,14,9,8,1,16,1,15,10,1,9,8,6,2,19,9,10,13,6,7
S01011067,158,62,96,13,6,7,16,7,9,15,6,9,21,2,19,19,15,4,12,2,10,16,1,15,18,13,5,15,7,8,13,3,10
S01011068,147,59,88,2,1,1,12,7,5,11,9,2,14,1,13,16,12,4,14,1,13,14,0,14,23,14,9,29,10,19,12,4,8
S01011069,174,71,103,7,5,2,18,6,12,13,9,4,13,3,10,24,20,4,22,4,18,17,1,16,19,12,7,25,6,19,16,5,11
S01011070,145,49,96,5,2,3,13,2,11,12,7,5,15,1,14,20,18,2,21,4,17,15,0,15,11,5,6,25,7,18,8,3,5
S01011071,249,103,146,9,4,5,35,15,20,18,14,4,32,3,29,34,27,7,28,3,25,20,4,16,18,11,7,36,11,25,19,11,8
S01011072,224,87,137,13,4,9,16,6,10,20,10,10,23,1,22,37,29,8,19,2,17,20,2,18,22,15,7,31,7,24,23,11,12
S01011073,174,65,109,8,3,5,14,3,11,11,6,5,17,3,14,22,17,5,14,3,11,18,2,16,19,9,10,37,11,26,14,8,6
S01011074,136,53,83,2,2,0,9,1,8,7,3,4,12,3,9,24,18,6,13,3,10,17,1,16,16,11,5,16,4,12,20,7,13
S01011075,194,73,121,6,3,3,4,1,3,6,6,0,12,0,12,25,13,12,13,5,8,20,0,20,31,15,16,43,14,29,34,16,18
S01011076,186,79,107,6,4,2,11,3,8,8,5,3,12,0,12,29,27,2,14,0,14,16,2,14,28,18,10,39,11,28,23,9,14
S01011077,237,102,135,3,1,2,7,3,4,6,4,2,12,4,8,34,28,6,13,0,13,26,0,26,41,26,15,61,23,38,34,13,21
S01011078,263,107,156,16,7,9,31,12,19,15,10,5,40,4,36,31,26,5,19,2,17,30,3,27,13,10,3,31,14,17,37,19,18
S01011079,234,95,139,21,8,13,14,1,13,14,9,5,21,3,18,28,24,4,26,1,25,21,3,18,22,13,9,39,19,20,28,14,14
S01011080,265,108,157,16,6,10,15,6,9,7,5,2,26,2,24,36,31,5,21,3,18,26,4,22,30,18,12,40,12,28,48,21,27
S01011081,218,87,131,6,2,4,4,2,2,9,5,4,14,1,13,25,23,2,26,4,22,20,1,19,33,14,19,47,20,27,34,15,19
S01011082,124,39,85,2,1,1,6,0,6,4,2,2,10,0,10,19,16,3,18,1,17,7,1,6,18,9,9,23,4,19,17,5,12
S01011083,200,86,114,15,7,8,25,12,13,9,6,3,10,2,8,29,18,11,17,0,17,10,0,10,30,20,10,37,13,24,18,8,10
S01011084,219,92,127,14,5,9,35,11,24,27,20,7,30,2,28,23,18,5,23,3,20,9,1,8,14,11,3,23,11,12,21,10,11
S01011085,233,111,122,21,14,7,33,16,17,26,15,11,33,5,28,22,22,0,11,1,10,16,3,13,16,12,4,21,8,13,34,15,19
S01011086,164,59,105,13,8,5,26,9,17,12,8,4,24,3,21,14,11,3,11,0,11,16,0,16,11,9,2,18,4,14,19,7,12
S01011087,143,56,87,5,2,3,5,3,2,9,4,5,10,1,9,17,12,5,13,0,13,14,4,10,22,12,10,32,11,21,16,7,9
S01011088,240,90,150,19,8,11,28,6,22,17,10,7,24,1,23,28,22,6,26,3,23,16,1,15,16,8,8,33,17,16,33,14,19
S01011089,186,76,110,6,3,3,17,7,10,8,6,2,18,0,18,21,19,2,15,1,14,16,3,13,20,14,6,36,7,29,29,16,13
S01011090,179,67,112,16,6,10,25,10,15,16,9,7,23,1,22,22,15,7,7,2,5,16,4,12,18,11,7,20,5,15,16,4,12
S01011091,131,50,81,10,8,2,20,6,14,12,8,4,17,2,15,14,10,4,8,0,8,9,3,6,13,6,7,21,3,18,7,4,3
S01011092,130,54,76,3,1,2,4,1,3,12,7,5,4,0,4,13,11,2,13,2,11,8,4,4,9,5,4,33,10,23,31,13,18
S01011093,139,51,88,14,7,7,26,9,17,10,6,4,16,2,14,11,8,3,9,1,8,16,4,12,9,8,1,13,2,11,15,4,11
S01011094,95,40,55,7,4,3,14,5,9,6,5,1,7,0,7,9,6,3,9,0,9,13,4,9,3,3,0,10,3,7,17,10,7
S01011095,162,64,98,16,6,10,22,6,16,13,7,6,25,2,23,14,13,1,7,0,7,12,0,12,14,11,3,21,8,13,18,11,7
S01011096,118,57,61,5,3,2,10,5,5,6,2,4,15,1,14,10,7,3,5,1,4,7,0,7,17,16,1,16,10,6,27,12,15
S01011097,142,56,86,9,2,7,26,9,17,18,10,8,9,1,8,12,10,2,15,1,14,8,2,6,12,8,4,15,6,9,18,7,11
S01011098,175,74,101,7,4,3,24,5,19,15,8,7,22,3,19,15,13,2,14,0,14,12,2,10,18,16,2,35,14,21,13,9,4
S01011099,216,86,130,6,3,3,9,2,7,10,7,3,14,2,12,24,20,4,20,0,20,26,10,16,20,15,5,58,17,41,29,10,19
S01011100,112,42,70,6,2,4,9,2,7,3,2,1,13,1,12,19,16,3,8,1,7,18,4,14,15,10,5,12,2,10,9,2,7
S01011101,187,75,112,3,2,1,4,0,4,8,7,1,7,0,7,19,16,3,14,0,14,17,0,17,26,18,8,60,19,41,29,13,16
S01011102,202,83,119,6,2,4,2,1,1,5,3,2,7,0,7,28,20,8,17,1,16,21,4,17,28,21,7,64,20,44,24,11,13
S01011103,165,85,80,5,4,1,9,3,6,5,2,3,9,0,9,18,15,3,9,2,7,19,5,14,22,18,4,38,21,17,31,15,16
S01011104,176,77,99,10,3,7,27,6,21,8,4,4,22,1,21,17,17,0,10,3,7,11,2,9,12,8,4,18,7,11,41,26,15
S01011105,205,94,111,11,4,7,11,4,7,8,3,5,16,5,11,19,19,0,22,3,19,22,3,19,27,22,5,48,18,30,21,13,8
S01011106,186,45,141,9,2,7,9,1,8,5,2,3,13,0,13,13,10,3,26,0,26,35,4,31,15,9,6,38,14,24,23,3,20
S01011107,145,49,96,3,1,2,6,1,5,7,4,3,7,0,7,8,7,1,11,0,11,33,4,29,15,7,8,28,10,18,27,15,12
S01011108,119,58,61,4,1,3,3,2,1,3,3,0,5,2,3,10,8,2,13,1,12,15,4,11,11,7,4,26,16,10,29,14,15
S01011109,185,78,107,12,6,6,14,4,10,21,13,8,21,2,19,14,11,3,12,2,10,20,4,16,17,12,5,38,17,21,16,7,9
S01011110,170,69,101,4,3,1,4,3,1,9,6,3,14,2,12,16,15,1,21,4,17,21,4,17,11,8,3,45,15,30,25,9,16
S01011111,226,81,145,9,5,4,5,0,5,4,4,0,6,2,4,22,16,6,21,3,18,34,5,29,18,11,7,56,19,37,51,16,35
S01011112,110,36,74,5,3,2,10,6,4,5,2,3,10,1,9,11,7,4,8,1,7,10,0,10,8,6,2,24,6,18,19,4,15
S01011113,210,94,116,8,5,3,17,5,12,12,6,6,19,3,16,29,23,6,16,2,14,31,3,28,16,14,2,40,21,19,22,12,10
S01011114,172,74,98,6,2,4,20,9,11,10,8,2,26,6,20,13,11,2,19,4,15,19,4,15,13,7,6,26,13,13,20,10,10
S01011115,230,93,137,8,4,4,9,3,6,5,3,2,13,3,10,32,27,5,24,1,23,29,4,25,19,15,4,58,21,37,33,12,21
S01011116,168,66,102,8,6,2,6,1,5,8,3,5,11,0,11,13,12,1,23,3,20,18,4,14,13,8,5,42,14,28,26,15,11
S01011117,175,77,98,14,8,6,31,9,22,13,9,4,22,6,16,13,8,5,17,5,12,12,2,10,8,6,2,19,11,8,26,13,13
S01011118,184,71,113,14,10,4,42,10,32,10,3,7,21,2,19,12,10,2,18,2,16,16,7,9,6,3,3,14,4,10,31,20,11
S01011119,239,91,148,25,14,11,53,18,35,15,10,5,27,4,23,13,11,2,15,0,15,23,5,18,12,8,4,24,6,18,32,15,17
S01011120,213,91,122,15,10,5,52,24,28,21,15,6,42,5,37,18,12,6,14,1,13,11,2,9,5,4,1,12,6,6,23,12,11
S01011121,118,51,67,4,1,3,10,4,6,8,4,4,10,2,8,10,7,3,17,3,14,12,3,9,8,5,3,25,14,11,14,8,6
S01011122,143,55,88,7,3,4,12,3,9,8,6,2,9,1,8,14,11,3,16,4,12,14,3,11,12,7,5,31,14,17,20,3,17
S01011123,246,92,154,6,2,4,7,1,6,10,5,5,19,4,15,30,26,4,30,3,27,29,4,25,32,19,13,55,17,38,28,11,17
S01011124,104,36,68,3,1,2,2,0,2,5,4,1,9,2,7,13,11,2,14,1,13,6,1,5,4,2,2,36,10,26,12,4,8
S01011125,106,46,60,8,4,4,4,0,4,6,4,2,4,0,4,9,7,2,10,1,9,9,1,8,14,8,6,18,8,10,24,13,11
S01011126,87,33,54,3,0,3,3,1,2,2,0,2,8,0,8,14,13,1,7,1,6,12,0,12,7,4,3,19,6,13,12,8,4
S01011127,83,7,76,0,0,0,4,0,4,7,2,5,6,0,6,0,0,0,15,0,15,21,1,20,1,1,0,15,0,15,14,3,11
S01011128,200,79,121,8,2,6,11,2,9,11,8,3,15,3,12,29,23,6,10,0,10,20,2,18,19,12,7,47,19,28,30,8,22
S01011129,190,63,127,18,10,8,33,6,27,17,10,7,38,3,35,6,5,1,18,1,17,13,4,9,9,8,1,16,8,8,22,8,14
S01011130,171,68,103,5,2,3,6,3,3,16,8,8,13,1,12,13,10,3,15,2,13,16,3,13,22,20,2,41,12,29,24,7,17
S01011131,156,62,94,9,6,3,9,5,4,12,7,5,13,3,10,17,15,2,15,3,12,16,2,14,7,3,4,35,7,28,23,11,12
S01011132,218,92,126,10,7,3,33,14,19,17,12,5,32,3,29,21,20,1,22,3,19,18,2,16,16,14,2,20,5,15,29,12,17
S01011133,119,49,70,2,1,1,5,2,3,11,8,3,9,2,7,12,10,2,9,1,8,20,4,16,11,8,3,29,9,20,11,4,7
S01011134,189,82,107,19,11,8,14,4,10,14,10,4,21,1,20,30,27,3,16,4,12,17,2,15,16,12,4,30,7,23,12,4,8
S01011135,188,73,115,9,2,7,7,3,4,11,7,4,14,0,14,18,12,6,20,2,18,26,2,24,15,12,3,40,15,25,28,18,10
S01011136,161,74,87,9,6,3,17,5,12,13,10,3,16,2,14,21,19,2,11,0,11,11,1,10,15,10,5,32,13,19,16,8,8
S01011137,103,37,66,6,3,3,14,5,9,8,4,4,10,1,9,8,7,1,4,0,4,16,3,13,2,1,1,22,7,15,13,6,7
S01011138,115,41,74,0,0,0,6,0,6,7,4,3,8,2,6,14,12,2,10,1,9,13,0,13,7,5,2,30,5,25,20,12,8
S01011139,125,45,80,2,1,1,5,2,3,19,8,11,13,4,9,8,5,3,17,1,16,12,2,10,6,5,1,26,7,19,17,10,7
S01011140,129,59,70,6,3,3,7,4,3,5,2,3,7,2,5,14,11,3,9,0,9,13,2,11,16,13,3,30,11,19,22,11,11
S01011141,134,54,80,7,2,5,6,3,3,16,10,6,12,1,11,10,8,2,8,1,7,14,2,12,18,11,7,29,9,20,14,7,7
S01011142,435,223,212,16,6,10,29,9,20,32,21,11,33,5,28,27,20,7,15,5,10,26,9,17,5,4,1,42,21,21,210,123,87
S01011143,234,92,142,21,10,11,25,10,15,15,10,5,25,3,22,22,16,6,27,3,24,25,6,19,18,13,5,27,9,18,29,12,17
S01011144,164,73,91,12,8,4,14,6,8,12,7,5,18,2,16,14,13,1,23,3,20,12,0,12,13,10,3,24,9,15,22,15,7
S01011145,146,66,80,8,6,2,24,11,13,14,8,6,18,3,15,22,20,2,18,1,17,8,0,8,2,2,0,17,7,10,15,8,7
S01011146,208,88,120,10,5,5,14,6,8,20,12,8,24,6,18,27,22,5,23,1,22,21,4,17,16,12,4,34,13,21,19,7,12
S01011147,239,100,139,15,8,7,23,6,17,16,6,10,26,3,23,30,28,2,24,0,24,21,4,17,20,14,6,38,16,22,26,15,11
S01011148,188,77,111,14,5,9,26,11,15,14,11,3,13,1,12,24,16,8,13,2,11,15,2,13,13,10,3,32,9,23,24,10,14
S01011149,145,39,106,8,4,4,18,2,16,23,8,15,15,3,12,7,5,2,9,0,9,20,1,19,9,7,2,13,3,10,23,6,17
S01011150,71,18,53,2,1,1,7,0,7,8,2,6,7,0,7,5,5,0,14,2,12,9,1,8,1,0,1,6,0,6,12,7,5
S01011151,137,57,80,5,2,3,8,1,7,18,6,12,8,0,8,9,7,2,16,0,16,18,7,11,12,6,6,20,11,9,23,17,6
S01011152,177,67,110,16,11,5,41,14,27,16,7,9,30,3,27,14,12,2,10,0,10,11,2,9,9,6,3,13,3,10,17,9,8
S01011153,257,109,148,13,6,7,31,13,18,20,14,6,30,4,26,32,25,7,21,2,19,28,3,25,16,15,1,40,18,22,26,9,17
S01011154,170,80,90,9,3,6,7,2,5,10,8,2,18,1,17,17,14,3,22,4,18,18,7,11,14,13,1,39,18,21,16,10,6
S01011155,183,87,96,14,6,8,20,8,12,18,11,7,19,7,12,16,11,5,20,9,11,16,5,11,7,6,1,30,11,19,23,13,10
S01011156,144,62,82,8,3,5,15,6,9,15,12,3,24,3,21,17,13,4,8,3,5,15,3,12,10,5,5,13,6,7,19,8,11
S01011157,157,74,83,12,7,5,26,13,13,22,16,6,19,1,18,12,10,2,23,5,18,13,4,9,9,8,1,16,5,11,5,5,0
S01011158,146,65,81,14,6,8,31,11,20,13,9,4,21,4,17,14,11,3,18,3,15,10,3,7,7,6,1,9,6,3,9,6,3
S01011159,167,71,96,4,0,4,16,6,10,12,6,6,13,0,13,21,20,1,20,5,15,23,4,19,16,15,1,34,12,22,8,3,5
S01011160,201,88,113,6,3,3,13,2,11,14,10,4,14,2,12,25,23,2,18,1,17,26,5,21,14,10,4,36,16,20,35,16,19
S01011161,168,67,101,5,2,3,7,1,6,12,9,3,16,2,14,18,14,4,23,3,20,21,2,19,13,12,1,33,14,19,20,8,12
S01011162,143,54,89,8,5,3,10,3,7,7,5,2,12,1,11,15,12,3,9,2,7,20,4,16,9,9,0,34,5,29,19,8,11
S01011163,213,94,119,4,2,2,6,3,3,9,4,5,17,6,11,26,21,5,25,2,23,23,1,22,19,15,4,47,20,27,37,20,17
S01011164,174,68,106,12,4,8,15,6,9,15,11,4,14,2,12,21,18,3,25,3,22,21,3,18,9,7,2,21,8,13,21,6,15
S01011165,230,93,137,10,3,7,4,1,3,15,8,7,14,3,11,27,25,2,19,1,18,28,2,26,26,21,5,62,20,42,25,9,16
S01011166,138,52,86,7,3,4,29,10,19,11,8,3,19,4,15,10,7,3,15,2,13,5,0,5,8,6,2,16,5,11,18,7,11
S01011167,208,90,118,24,14,10,46,20,26,18,8,10,25,4,21,19,15,4,19,1,18,8,1,7,7,7,0,19,8,11,23,12,11
S01011168,227,90,137,23,11,12,30,10,20,14,6,8,28,5,23,28,19,9,17,2,15,19,3,16,14,13,1,28,8,20,26,13,13
S01011169,160,63,97,7,1,6,19,4,15,18,9,9,15,0,15,13,11,2,17,2,15,16,5,11,10,8,2,18,4,14,27,19,8
S01011170,260,102,158,17,8,9,35,10,25,27,13,14,25,3,22,32,23,9,20,2,18,25,3,22,22,18,4,28,11,17,29,11,18
S01011171,214,95,119,20,11,9,55,23,32,26,13,13,22,2,20,17,15,2,11,1,10,18,4,14,8,7,1,25,10,15,12,9,3
S01011172,219,105,114,19,7,12,38,22,16,19,10,9,25,5,20,32,26,6,24,1,23,10,5,5,10,8,2,29,14,15,13,7,6
S01011173,171,60,111,25,11,14,33,10,23,13,5,8,17,1,16,16,11,5,15,3,12,18,5,13,7,6,1,12,4,8,15,4,11
S01011174,133,64,69,11,6,5,32,16,16,12,8,4,8,0,8,15,14,1,12,0,12,13,3,10,5,3,2,14,8,6,11,6,5
S01011175,149,66,83,5,2,3,16,5,11,9,4,5,10,1,9,17,13,4,24,2,22,11,5,6,8,6,2,30,16,14,19,12,7
S01011176,176,76,100,29,19,10,33,10,23,15,7,8,17,5,12,10,6,4,14,2,12,11,2,9,8,7,1,21,6,15,18,12,6
S01011177,205,93,112,28,16,12,36,16,20,11,7,4,16,2,14,18,16,2,15,1,14,24,5,19,14,13,1,24,11,13,19,6,13
S01011178,141,56,85,5,3,2,9,1,8,5,3,2,19,1,18,22,16,6,9,1,8,17,3,14,17,13,4,19,6,13,19,9,10
S01011179,195,94,101,4,4,0,9,0,9,3,2,1,17,2,15,28,24,4,14,2,12,14,2,12,26,16,10,48,24,24,32,18,14
S01011180,282,129,153,4,3,1,7,2,5,7,3,4,6,0,6,48,37,11,20,3,17,14,5,9,51,28,23,70,24,46,55,24,31
S01011181,128,57,71,15,6,9,9,5,4,10,4,6,19,3,16,14,10,4,7,0,7,11,5,6,11,8,3,19,7,12,13,9,4
S01011182,111,50,61,9,5,4,7,2,5,7,5,2,12,1,11,14,11,3,6,1,5,13,2,11,13,11,2,12,3,9,18,9,9
S01011183,165,76,89,8,3,5,12,6,6,8,5,3,9,2,7,19,16,3,8,1,7,17,7,10,19,12,7,29,11,18,36,13,23
S01011184,177,82,95,15,8,7,29,13,16,19,13,6,26,5,21,11,10,1,5,0,5,19,4,15,13,10,3,7,5,2,33,14,19
S01011185,198,89,109,12,7,5,17,3,14,18,12,6,22,3,19,26,24,2,13,1,12,20,1,19,13,11,2,29,14,15,28,13,15
S01011186,299,132,167,12,5,7,18,10,8,16,12,4,30,4,26,38,35,3,22,3,19,36,5,31,32,16,16,56,20,36,39,22,17
S01011187,227,111,116,12,9,3,31,12,19,18,15,3,33,5,28,27,25,2,20,0,20,25,4,21,29,23,6,18,9,9,14,9,5
S01011188,292,129,163,12,6,6,13,7,6,15,8,7,26,3,23,32,25,7,23,3,20,32,5,27,33,25,8,60,21,39,46,26,20
S01011189,216,94,122,14,8,6,14,3,11,11,8,3,24,2,22,23,22,1,23,5,18,12,2,10,23,17,6,37,16,21,35,11,24
S01011190,202,91,111,6,2,4,6,1,5,7,6,1,16,2,14,29,27,2,16,2,14,21,4,17,25,13,12,39,15,24,37,19,18
S01011191,158,68,90,7,2,5,5,1,4,10,5,5,9,2,7,17,14,3,16,4,12,12,3,9,26,18,8,37,13,24,19,6,13
S01011192,202,87,115,4,3,1,7,4,3,11,5,6,15,3,12,15,14,1,17,1,16,24,5,19,20,15,5,54,22,32,35,15,20
S01011193,244,108,136,5,3,2,8,3,5,9,5,4,16,2,14,32,24,8,19,4,15,19,2,17,25,14,11,57,28,29,54,23,31
S01011194,258,111,147,5,0,5,6,1,5,8,6,2,10,1,9,27,26,1,20,2,18,33,10,23,33,24,9,60,15,45,56,26,30
S01011195,218,90,128,6,2,4,4,0,4,11,7,4,11,0,11,27,23,4,21,1,20,26,5,21,32,19,13,42,16,26,38,17,21
S01011196,300,130,170,8,2,6,13,5,8,10,7,3,18,2,16,38,32,6,26,8,18,30,3,27,31,19,12,74,27,47,52,25,27
S01011197,316,129,187,4,2,2,7,2,5,13,5,8,21,1,20,37,32,5,23,3,20,31,2,29,34,18,16,77,37,40,69,27,42
S01011198,199,82,117,4,1,3,6,3,3,10,6,4,11,3,8,31,25,6,12,2,10,25,2,23,26,14,12,30,11,19,44,15,29
S01011199,228,105,123,9,6,3,8,3,5,9,4,5,18,3,15,28,27,1,27,1,26,32,11,21,20,12,8,34,16,18,43,22,21
S01011200,227,96,131,10,7,3,12,5,7,14,9,5,21,0,21,26,22,4,15,3,12,25,3,22,28,16,12,41,19,22,35,12,23
S01011201,175,72,103,6,3,3,4,1,3,8,3,5,21,1,20,29,23,6,20,6,14,10,1,9,21,11,10,29,11,18,27,12,15
S01011202,253,121,132,11,3,8,4,1,3,10,6,4,17,1,16,37,30,7,20,4,16,28,11,17,29,19,10,59,23,36,38,23,15
S01011203,215,91,124,9,6,3,14,6,8,9,7,2,16,0,16,20,18,2,16,4,12,30,5,25,27,13,14,36,15,21,38,17,21
S01011204,140,67,73,11,7,4,25,10,15,10,7,3,11,1,10,18,13,5,9,1,8,19,2,17,9,8,1,12,7,5,16,11,5
S01011205,103,41,62,5,2,3,6,2,4,8,4,4,10,1,9,12,10,2,10,0,10,9,2,7,9,5,4,14,2,12,20,13,7
S01011206,151,61,90,9,5,4,11,3,8,10,3,7,12,3,9,9,9,0,12,0,12,17,2,15,12,8,4,28,15,13,31,13,18
S01011207,217,96,121,13,7,6,8,2,6,10,6,4,18,1,17,20,16,4,23,3,20,33,8,25,26,21,5,21,9,12,45,23,22
S01011208,168,74,94,11,6,5,13,3,10,11,7,4,16,2,14,17,13,4,12,1,11,12,5,7,10,5,5,26,7,19,40,25,15
S01011209,201,79,122,8,3,5,9,3,6,12,7,5,23,2,21,25,20,5,18,2,16,23,5,18,18,11,7,39,15,24,26,11,15
S01011210,215,106,109,20,14,6,21,11,10,21,12,9,26,3,23,15,13,2,13,3,10,13,4,9,17,11,6,20,5,15,49,30,19
S01011211,147,68,79,7,5,2,10,3,7,8,7,1,14,1,13,12,9,3,10,2,8,16,5,11,11,7,4,19,7,12,40,22,18
S01011212,180,65,115,3,0,3,3,2,1,7,3,4,5,0,5,24,20,4,11,1,10,21,2,19,22,13,9,46,11,35,38,13,25
S01011213,355,143,212,21,10,11,17,7,10,11,3,8,24,2,22,53,43,10,21,3,18,34,2,32,41,22,19,63,21,42,70,30,40
S01011214,317,138,179,4,2,2,5,1,4,13,11,2,25,5,20,38,30,8,32,6,26,41,12,29,28,19,9,68,27,41,63,25,38
S01011215,231,116,115,5,3,2,4,3,1,6,4,2,11,3,8,40,32,8,14,0,14,29,9,20,27,21,6,47,21,26,48,20,28
S01011216,158,79,79,4,3,1,4,2,2,9,6,3,10,1,9,18,16,2,14,1,13,15,5,10,24,15,9,40,18,22,20,12,8
S01011217,290,121,169,6,5,1,8,2,6,4,2,2,16,2,14,35,29,6,34,5,29,30,3,27,34,22,12,56,26,30,67,25,42
S01011218,257,114,143,4,0,4,9,5,4,5,3,2,11,2,9,23,20,3,23,3,20,26,5,21,37,25,12,60,27,33,59,24,35
S01011219,283,135,148,6,3,3,7,4,3,7,4,3,18,3,15,43,38,5,28,2,26,18,3,15,41,27,14,62,23,39,53,28,25
S01011220,312,136,176,4,1,3,6,2,4,12,7,5,27,8,19,46,39,7,24,2,22,34,5,29,38,23,15,64,24,40,57,25,32
S01011221,268,112,156,5,3,2,8,3,5,8,7,1,16,0,16,40,35,5,18,2,16,39,9,30,29,17,12,54,14,40,51,22,29
S01011222,221,89,132,6,2,4,7,6,1,4,2,2,15,1,14,34,28,6,29,5,24,23,3,20,22,8,14,46,13,33,35,21,14
S01011223,204,96,108,4,2,2,16,6,10,7,4,3,28,4,24,26,23,3,12,1,11,14,2,12,30,20,10,38,17,21,29,17,12
S01011224,238,110,128,8,4,4,12,7,5,10,9,1,18,1,17,34,29,5,17,5,12,15,5,10,28,17,11,50,18,32,46,15,31
S01011225,260,106,154,9,5,4,9,4,5,7,3,4,14,2,12,22,17,5,16,2,14,36,8,28,35,21,14,60,27,33,52,17,35
S01011226,292,132,160,23,20,3,35,17,18,17,9,8,42,6,36,36,29,7,22,2,20,33,7,26,29,19,10,18,9,9,37,14,23
S01011227,225,106,119,10,6,4,18,11,7,16,8,8,9,3,6,23,19,4,17,2,15,22,5,17,24,15,9,51,23,28,35,14,21
S01011228,287,136,151,12,8,4,11,4,7,18,12,6,29,2,27,33,29,4,23,3,20,33,11,22,30,19,11,60,25,35,38,23,15
S01011229,217,100,117,7,5,2,6,1,5,11,7,4,15,3,12,29,22,7,21,3,18,20,3,17,27,17,10,39,21,18,42,18,24
S01011230,437,201,236,9,5,4,11,4,7,8,5,3,16,4,12,46,37,9,29,5,24,45,11,34,62,39,23,118,55,63,93,36,57
S01011231,233,94,139,5,4,1,4,3,1,4,2,2,10,0,10,26,22,4,16,1,15,31,2,29,44,27,17,52,18,34,41,15,26
S01011232,331,172,159,13,8,5,15,9,6,17,11,6,22,4,18,54,47,7,20,3,17,30,10,20,38,22,16,64,31,33,58,27,31
S01011233,176,98,78,7,5,2,7,4,3,6,4,2,13,1,12,18,17,1,9,2,7,14,3,11,20,12,8,32,15,17,50,35,15
S01011234,387,164,223,14,5,9,8,6,2,14,7,7,18,1,17,43,35,8,31,5,26,29,7,22,47,21,26,84,38,46,99,39,60
S01011235,176,80,96,4,2,2,4,1,3,6,3,3,10,2,8,21,16,5,14,3,11,17,5,12,23,16,7,38,15,23,39,17,22
S01011236,202,90,112,8,7,1,9,4,5,12,8,4,11,1,10,25,20,5,20,4,16,14,3,11,27,16,11,47,17,30,29,10,19
S01011237,275,116,159,4,2,2,7,1,6,13,8,5,17,2,15,24,20,4,19,3,16,27,5,22,31,16,15,60,23,37,73,36,37
S01011238,264,127,137,3,3,0,7,1,6,8,6,2,17,3,14,23,20,3,30,2,28,15,4,11,37,25,12,60,30,30,64,33,31
S01011239,293,155,138,12,7,5,14,3,11,8,5,3,19,3,16,49,46,3,24,2,22,20,7,13,40,28,12,63,34,29,44,20,24
S01011240,316,190,126,14,5,9,8,1,7,16,11,5,17,5,12,39,39,0,35,4,31,31,10,21,42,32,10,66,50,16,48,33,15
S01011241,377,191,186,20,14,6,26,6,20,35,20,15,28,6,22,46,41,5,25,4,21,38,5,33,54,42,12,49,27,22,56,26,30
S01011242,272,127,145,15,5,10,18,4,14,16,12,4,20,2,18,42,36,6,32,7,25,26,4,22,27,18,9,33,17,16,43,22,21
S01011243,392,208,184,7,3,4,20,11,9,16,12,4,27,5,22,39,34,5,36,5,31,34,11,23,46,35,11,87,55,32,80,37,43
S01011244,289,148,141,6,4,2,12,5,7,9,2,7,23,8,15,40,36,4,26,5,21,17,4,13,38,28,10,54,29,25,64,27,37
S01011245,354,172,182,9,5,4,8,4,4,22,16,6,31,2,29,44,42,2,23,3,20,27,6,21,40,30,10,82,35,47,68,29,39
S01011246,266,132,134,18,8,10,21,9,12,21,13,8,28,8,20,34,29,5,33,3,30,17,3,14,32,27,5,39,20,19,23,12,11
S01011247,247,102,145,23,11,12,33,12,21,25,16,9,38,7,31,28,23,5,24,2,22,18,3,15,20,15,5,16,5,11,22,8,14
S01011248,202,83,119,7,5,2,12,5,7,11,8,3,10,1,9,25,19,6,19,3,16,17,1,16,33,19,14,36,10,26,32,12,20
S01011249,200,94,106,8,6,2,15,7,8,11,8,3,21,0,21,26,25,1,16,3,13,21,5,16,25,17,8,28,9,19,29,14,15
S01011250,345,159,186,8,4,4,10,3,7,14,9,5,19,3,16,41,35,6,37,10,27,37,5,32,41,25,16,61,28,33,77,37,40
S01011251,294,116,178,10,5,5,5,1,4,8,6,2,20,1,19,34,27,7,27,3,24,30,5,25,30,20,10,68,24,44,62,24,38
S01011252,305,123,182,5,3,2,3,1,2,12,7,5,18,3,15,37,26,11,28,4,24,30,5,25,31,18,13,69,26,43,72,30,42
S01011253,314,136,178,4,3,1,5,3,2,8,4,4,14,3,11,28,23,5,36,5,31,33,7,26,35,24,11,67,26,41,84,38,46
S01011254,229,102,127,14,9,5,16,8,8,11,8,3,15,2,13,22,18,4,17,1,16,34,7,27,22,19,3,35,9,26,43,21,22
S01011255,144,67,77,8,5,3,15,9,6,14,11,3,18,3,15,11,10,1,13,0,13,16,2,14,10,9,1,11,4,7,28,14,14
S01011256,82,40,42,2,1,1,9,3,6,6,6,0,9,2,7,8,7,1,7,1,6,8,3,5,6,3,3,10,3,7,17,11,6
S01011257,165,71,94,3,0,3,34,10,24,16,11,5,24,1,23,16,16,0,16,3,13,13,4,9,16,10,6,12,7,5,15,9,6
S01011258,178,70,108,8,5,3,27,7,20,14,8,6,16,4,12,17,12,5,10,2,8,11,2,9,17,10,7,28,6,22,30,14,16
S01011259,251,120,131,9,4,5,26,14,12,16,9,7,24,3,21,33,30,3,21,3,18,23,5,18,36,23,13,34,17,17,29,12,17
S01011260,247,125,122,15,11,4,26,11,15,19,13,6,32,6,26,16,13,3,23,0,23,19,2,17,29,26,3,28,19,9,40,24,16
S01011261,311,140,171,10,4,6,8,4,4,12,9,3,16,5,11,29,22,7,23,1,22,24,0,24,36,22,14,71,31,40,82,42,40
S01011262,162,69,93,2,1,1,9,2,7,12,8,4,17,2,15,17,15,2,14,1,13,16,3,13,17,12,5,27,9,18,31,16,15
S01011263,272,108,164,3,2,1,11,6,5,12,2,10,18,0,18,23,21,2,25,6,19,40,6,34,33,21,12,50,17,33,57,27,30
S01011264,218,98,120,7,5,2,7,1,6,7,4,3,13,0,13,33,29,4,18,1,17,23,3,20,23,18,5,41,18,23,46,19,27
S01011265,374,166,208,11,7,4,11,5,6,15,11,4,17,2,15,34,29,5,39,4,35,43,10,33,28,20,8,90,39,51,86,39,47
S01011266,284,115,169,7,3,4,6,1,5,12,11,1,21,2,19,45,31,14,25,4,21,29,1,28,32,18,14,59,20,39,48,24,24
S01011267,199,89,110,9,6,3,23,9,14,22,16,6,21,3,18,18,15,3,16,1,15,20,5,15,17,11,6,33,13,20,20,10,10
S01011268,133,64,69,5,3,2,16,3,13,8,5,3,11,2,9,16,14,2,7,0,7,4,0,4,16,12,4,35,18,17,15,7,8
S01011269,202,96,106,7,2,5,10,6,4,14,10,4,24,5,19,20,15,5,16,4,12,15,2,13,23,15,8,48,23,25,25,14,11
S01011270,239,119,120,6,1,5,4,4,0,15,13,2,16,3,13,33,24,9,22,4,18,18,2,16,25,15,10,58,27,31,42,26,16
S01011271,301,150,151,16,8,8,13,9,4,14,8,6,26,3,23,41,36,5,24,4,20,27,8,19,34,20,14,53,25,28,53,29,24
S01011272,287,151,136,5,3,2,7,5,2,16,11,5,14,0,14,47,41,6,26,5,21,18,4,14,37,25,12,74,35,39,43,22,21
S01011273,307,125,182,10,8,2,4,1,3,11,8,3,21,1,20,32,26,6,18,2,16,21,5,16,31,15,16,78,33,45,81,26,55
S01011274,286,118,168,4,2,2,6,3,3,7,3,4,20,2,18,33,28,5,28,3,25,28,5,23,37,23,14,51,20,31,72,29,43
S01011275,265,116,149,6,3,3,9,5,4,12,7,5,9,1,8,29,25,4,28,3,25,19,3,16,37,21,16,51,22,29,65,26,39
S01011276,328,137,191,9,4,5,5,2,3,12,6,6,14,2,12,25,21,4,29,2,27,36,8,28,51,27,24,63,25,38,84,40,44
S01011277,183,75,108,2,1,1,16,8,8,15,11,4,31,4,27,18,13,5,13,0,13,21,5,16,18,15,3,24,8,16,25,10,15
S01011278,93,42,51,5,2,3,7,1,6,5,3,2,9,2,7,10,10,0,11,2,9,8,2,6,9,8,1,14,5,9,15,7,8
S01011279,182,77,105,6,3,3,18,7,11,14,10,4,25,2,23,12,12,0,18,1,17,22,10,12,14,13,1,23,10,13,30,9,21
S01011280,204,95,109,9,7,2,45,24,21,13,8,5,33,5,28,21,16,5,20,0,20,21,6,15,10,9,1,8,5,3,24,15,9
S01011281,149,67,82,13,8,5,17,8,9,12,7,5,15,0,15,14,14,0,16,2,14,13,5,8,11,6,5,16,4,12,22,13,9
S01011282,176,81,95,5,3,2,14,6,8,10,7,3,12,1,11,22,21,1,15,2,13,20,5,15,13,8,5,31,9,22,34,19,15
S01011283,117,57,60,4,2,2,3,2,1,10,6,4,12,1,11,12,12,0,7,2,5,16,4,12,9,3,6,20,13,7,24,12,12
S01011284,58,23,35,5,2,3,3,2,1,3,1,2,7,0,7,6,6,0,6,0,6,6,2,4,4,3,1,10,4,6,8,3,5
S01011285,221,99,122,5,4,1,8,1,7,2,2,0,3,2,1,33,29,4,18,5,13,30,6,24,27,13,14,62,20,42,33,17,16
S01011286,226,101,125,2,2,0,4,3,1,8,5,3,17,4,13,20,17,3,20,3,17,29,9,20,29,14,15,47,18,29,50,26,24
S01011287,271,121,150,7,6,1,6,1,5,12,7,5,14,1,13,34,29,5,24,1,23,28,10,18,24,16,8,66,24,42,56,26,30
S01011288,232,93,139,8,4,4,5,2,3,6,6,0,17,1,16,25,22,3,20,3,17,23,3,20,27,15,12,47,16,31,54,21,33
S01011289,304,130,174,6,2,4,9,6,3,13,9,4,14,1,13,33,27,6,36,2,34,27,2,25,44,27,17,70,27,43,52,27,25
S01011290,383,168,215,13,8,5,18,7,11,7,5,2,25,5,20,44,39,5,44,7,37,45,11,34,45,23,22,88,40,48,54,23,31
S01011291,290,128,162,12,9,3,6,3,3,8,1,7,21,3,18,32,27,5,35,1,34,26,6,20,54,36,18,59,25,34,37,17,20
S01011292,273,132,141,6,2,4,3,3,0,6,4,2,18,5,13,36,29,7,27,5,22,25,6,19,35,20,15,63,33,30,54,25,29
S01011293,234,113,121,5,4,1,3,1,2,12,4,8,12,0,12,25,22,3,22,2,20,24,8,16,37,21,16,60,32,28,34,19,15
S01011294,334,145,189,10,6,4,14,5,9,9,4,5,22,5,17,49,44,5,28,7,21,34,9,25,46,25,21,87,26,61,35,14,21
S01011295,306,137,169,15,10,5,60,29,31,19,9,10,46,7,39,33,29,4,21,1,20,20,5,15,26,17,9,34,13,21,32,17,15
S01011296,214,112,102,7,4,3,11,5,6,10,5,5,22,6,16,29,26,3,11,0,11,21,4,17,33,24,9,36,21,15,34,17,17
S01011297,260,120,140,4,1,3,11,5,6,12,6,6,4,2,2,21,17,4,17,4,13,21,0,21,39,18,21,69,31,38,62,36,26
S01011298,230,106,124,8,4,4,3,2,1,8,5,3,8,2,6,26,23,3,18,2,16,16,2,14,33,19,14,42,16,26,68,31,37
S01011299,121,46,75,10,4,6,18,5,13,6,3,3,15,2,13,15,11,4,10,1,9,6,1,5,10,7,3,14,4,10,17,8,9
S01011300,349,154,195,6,4,2,6,4,2,8,6,2,38,11,27,51,45,6,28,5,23,31,3,28,53,31,22,73,24,49,55,21,34
S01011301,214,93,121,17,8,9,25,13,12,11,8,3,26,3,23,21,16,5,16,3,13,22,4,18,21,12,9,22,9,13,33,17,16
S01011302,346,156,190,12,9,3,11,4,7,20,10,10,26,3,23,52,42,10,27,1,26,24,3,21,55,33,22,68,30,38,51,21,30
S01011303,231,97,134,10,6,4,24,9,15,20,8,12,33,5,28,22,18,4,23,5,18,21,7,14,22,16,6,27,10,17,29,13,16
S01011304,217,90,127,1,1,0,4,0,4,9,5,4,19,3,16,16,11,5,16,0,16,21,7,14,26,18,8,45,18,27,60,27,33
S01011305,243,96,147,7,1,6,3,1,2,17,11,6,12,1,11,24,19,5,18,1,17,32,5,27,25,16,9,46,12,34,59,29,30
S01011306,210,75,135,5,2,3,11,3,8,11,4,7,22,3,19,21,17,4,15,0,15,24,3,21,30,18,12,40,14,26,31,11,20
S01011307,131,51,80,8,4,4,18,7,11,10,2,8,19,4,15,17,13,4,7,1,6,12,2,10,9,7,2,15,5,10,16,6,10
S01011308,137,62,75,12,8,4,16,5,11,13,5,8,22,3,19,12,12,0,9,0,9,11,3,8,7,7,0,10,5,5,25,14,11
S01011309,211,92,119,28,19,9,46,18,28,14,10,4,35,2,33,16,12,4,13,3,10,18,2,16,11,8,3,7,5,2,23,13,10
S01011310,205,81,124,21,8,13,24,6,18,22,13,9,21,2,19,25,20,5,15,1,14,15,1,14,8,6,2,27,12,15,27,12,15
S01011311,194,80,114,15,12,3,57,23,34,19,14,5,29,2,27,11,9,2,16,2,14,13,2,11,8,7,1,12,3,9,14,6,8
S01011312,352,158,194,45,31,14,104,46,58,32,15,17,45,7,38,30,24,6,14,1,13,18,5,13,12,8,4,19,9,10,33,12,21
S01011313,196,91,105,11,7,4,43,23,20,8,4,4,27,5,22,28,23,5,16,1,15,14,4,10,12,8,4,20,7,13,17,9,8
S01011314,292,127,165,18,12,6,55,17,38,29,17,12,41,4,37,28,25,3,16,4,12,23,7,16,21,15,6,29,15,14,32,11,21
S01011315,119,49,70,5,4,1,8,3,5,4,1,3,7,1,6,15,12,3,16,3,13,7,1,6,9,6,3,28,9,19,20,9,11
S01011316,231,97,134,6,2,4,20,9,11,13,7,6,15,1,14,22,17,5,27,4,23,14,1,13,16,13,3,43,18,25,55,25,30
S01011317,262,110,152,31,17,14,51,30,21,31,19,12,44,3,41,17,14,3,20,2,18,17,3,14,5,5,0,18,3,15,28,14,14
S01011318,281,110,171,29,18,11,51,18,33,22,9,13,49,8,41,16,13,3,20,4,16,21,2,19,18,11,7,30,13,17,25,14,11
S01011319,248,105,143,18,12,6,64,28,36,22,15,7,42,6,36,13,10,3,13,0,13,18,2,16,16,15,1,18,8,10,24,9,15
S01011320,165,70,95,5,3,2,12,4,8,12,7,5,19,4,15,23,18,5,19,2,17,21,3,18,9,8,1,20,10,10,25,11,14
S01011321,139,56,83,4,1,3,17,10,7,10,7,3,11,0,11,11,7,4,15,2,13,15,4,11,4,2,2,32,14,18,20,9,11
S01011322,172,72,100,13,7,6,15,8,7,12,8,4,21,1,20,14,14,0,13,1,12,19,1,18,8,5,3,27,10,17,30,17,13
S01011323,262,115,147,14,7,7,22,10,12,12,7,5,26,2,24,26,20,6,22,1,21,30,2,28,19,15,4,45,25,20,46,26,20
S01011324,143,68,75,9,5,4,16,7,9,9,8,1,15,0,15,21,18,3,10,1,9,13,3,10,4,3,1,22,8,14,24,15,9
S01011325,270,131,139,7,3,4,10,8,2,19,11,8,28,4,24,58,48,10,27,4,23,23,4,19,19,14,5,50,24,26,29,11,18
S01011326,272,135,137,11,4,7,18,6,12,19,13,6,19,4,15,46,41,5,31,9,22,28,5,23,27,21,6,51,22,29,22,10,12
S01011327,283,141,142,23,11,12,23,5,18,22,15,7,29,6,23,46,36,10,23,6,17,15,2,13,19,11,8,38,20,18,45,29,16
S01011328,224,107,117,27,15,12,30,7,23,18,14,4,19,2,17,33,22,11,19,6,13,12,3,9,15,10,5,26,13,13,25,15,10
S01011329,295,128,167,21,13,8,40,15,25,30,22,8,41,5,36,21,17,4,31,7,24,40,7,33,17,17,0,27,11,16,27,14,13
S01011330,208,87,121,15,9,6,40,22,18,18,14,4,47,5,42,8,8,0,10,1,9,23,3,20,5,2,3,19,8,11,23,15,8
S01011331,262,111,151,29,22,7,51,24,27,22,14,8,49,6,43,19,17,2,18,1,17,24,4,20,7,6,1,17,9,8,26,8,18
S01011332,262,120,142,26,17,9,51,22,29,24,18,6,44,8,36,17,12,5,21,3,18,25,5,20,12,10,2,19,12,7,23,13,10
S01011333,260,113,147,36,26,10,50,26,24,25,14,11,57,4,53,21,19,2,12,0,12,22,5,17,8,5,3,14,10,4,15,4,11
S01011334,166,68,98,13,5,8,18,8,10,20,11,9,21,2,19,17,15,2,11,0,11,9,1,8,10,6,4,23,8,15,24,12,12
S01011335,319,130,189,36,29,7,70,28,42,29,16,13,57,4,53,22,13,9,21,2,19,20,6,14,13,9,4,20,10,10,31,13,18
S01011336,175,77,98,12,9,3,17,8,9,3,1,2,10,2,8,18,16,2,19,0,19,18,1,17,13,11,2,32,11,21,33,18,15
S01011337,229,102,127,22,17,5,66,29,37,23,14,9,36,7,29,13,11,2,13,1,12,12,1,11,4,3,1,16,6,10,24,13,11
S01011338,193,87,106,6,3,3,12,5,7,13,10,3,12,1,11,25,18,7,11,3,8,18,2,16,24,15,9,43,18,25,29,12,17
S01011339,192,98,94,11,6,5,17,7,10,9,6,3,12,5,7,17,14,3,10,1,9,16,4,12,9,5,4,30,18,12,61,32,29
S01011340,232,100,132,6,3,3,7,4,3,12,4,8,14,3,11,30,23,7,21,3,18,23,3,20,30,20,10,46,19,27,43,18,25
S01011341,220,102,118,4,0,4,14,9,5,9,6,3,15,2,13,19,16,3,27,5,22,25,8,17,19,11,8,44,24,20,44,21,23
S01011342,206,95,111,10,7,3,9,4,5,10,5,5,27,4,23,30,25,5,23,0,23,18,7,11,22,16,6,27,11,16,30,16,14
S01011343,300,146,154,7,6,1,11,3,8,10,6,4,15,1,14,35,33,2,30,5,25,27,5,22,53,31,22,52,29,23,60,27,33
S01011344,313,143,170,4,3,1,13,10,3,5,5,0,16,3,13,36,31,5,30,6,24,32,11,21,64,34,30,68,22,46,45,18,27
S01011345,249,110,139,2,0,2,5,0,5,3,1,2,12,0,12,37,32,5,19,0,19,20,9,11,41,20,21,60,29,31,50,19,31
S01011346,218,102,116,3,2,1,7,2,5,7,6,1,27,6,21,21,18,3,13,0,13,12,3,9,32,15,17,51,25,26,45,25,20
S01011347,348,160,188,16,5,11,25,14,11,18,9,9,40,7,33,43,38,5,37,5,32,22,7,15,40,28,12,64,26,38,43,21,22
S01011348,296,121,175,11,6,5,12,4,8,11,6,5,25,4,21,35,26,9,23,4,19,31,2,29,38,26,12,53,21,32,57,22,35
S01011349,162,81,81,9,5,4,11,5,6,17,10,7,16,1,15,18,16,2,12,5,7,17,2,15,13,10,3,22,11,11,27,16,11
S01011350,185,84,101,11,6,5,31,18,13,17,13,4,30,4,26,18,14,4,17,1,16,9,1,8,6,3,3,19,6,13,27,18,9
S01011351,261,120,141,6,4,2,8,2,6,14,8,6,15,1,14,32,24,8,21,5,16,17,1,16,30,17,13,70,37,33,48,21,27
S01011352,173,87,86,9,5,4,4,0,4,6,3,3,16,2,14,23,22,1,11,2,9,14,3,11,22,13,9,31,16,15,37,21,16
S01011353,191,87,104,5,2,3,7,3,4,13,12,1,20,3,17,26,17,9,16,2,14,14,4,10,22,14,8,34,16,18,34,14,20
S01011354,203,96,107,10,4,6,23,9,14,19,13,6,31,4,27,14,12,2,18,3,15,12,4,8,19,14,5,35,21,14,22,12,10
S01011355,258,116,142,11,7,4,20,7,13,11,6,5,33,3,30,26,23,3,22,1,21,33,8,25,32,24,8,23,11,12,47,26,21
S01011356,216,93,123,12,7,5,24,7,17,16,9,7,22,6,16,25,18,7,16,2,14,21,5,16,19,12,7,28,14,14,33,13,20
S01011357,260,122,138,8,5,3,27,12,15,19,15,4,32,3,29,22,18,4,22,3,19,20,3,17,34,21,13,44,24,20,32,18,14
S01011358,93,44,49,7,6,1,8,4,4,7,4,3,16,1,15,5,4,1,6,1,5,9,5,4,4,3,1,4,2,2,27,14,13
S01011359,266,126,140,11,7,4,14,5,9,14,8,6,24,4,20,36,32,4,21,3,18,33,3,30,35,20,15,44,24,20,34,20,14
S01011360,247,123,124,5,3,2,4,2,2,7,2,5,12,4,8,39,34,5,21,4,17,21,4,17,33,18,15,62,34,28,43,18,25
S01011361,234,139,95,6,4,2,6,3,3,9,7,2,16,7,9,25,24,1,16,6,10,18,7,11,25,15,10,65,42,23,48,24,24
S01011362,81,35,46,7,5,2,4,1,3,7,2,5,4,0,4,15,10,5,5,0,5,14,1,13,4,3,1,7,4,3,14,9,5
S01011363,302,133,169,11,7,4,18,9,9,13,7,6,30,3,27,35,33,2,21,6,15,30,1,29,35,24,11,55,22,33,54,21,33
S01011364,149,68,81,3,2,1,13,4,9,13,11,2,19,2,17,16,14,2,16,4,12,18,2,16,13,10,3,25,11,14,13,8,5
S01011365,99,47,52,4,2,2,9,2,7,8,4,4,10,2,8,12,11,1,5,0,5,10,3,7,11,6,5,15,10,5,15,7,8
S01011366,153,64,89,5,3,2,4,1,3,8,6,2,20,5,15,16,15,1,9,1,8,14,2,12,20,12,8,40,13,27,17,6,11
S01011367,268,109,159,6,2,4,16,9,7,22,10,12,21,5,16,34,26,8,24,5,19,42,10,32,25,17,8,50,16,34,28,9,19
S01011368,100,35,65,2,1,1,7,3,4,6,3,3,18,3,15,5,4,1,8,1,7,14,3,11,6,2,4,11,5,6,23,10,13
S01011369,252,122,130,4,3,1,21,10,11,10,6,4,28,2,26,32,31,1,19,4,15,22,4,18,31,22,9,46,16,30,39,24,15
S01011370,132,65,67,6,4,2,9,3,6,6,1,5,10,4,6,14,13,1,9,1,8,21,4,17,13,10,3,24,13,11,20,12,8
S01011371,283,140,143,5,3,2,5,3,2,13,8,5,34,8,26,27,25,2,24,4,20,29,4,25,37,28,9,68,36,32,41,21,20
S01011372,247,129,118,0,0,0,5,3,2,11,8,3,20,5,15,27,25,2,19,5,14,22,6,16,30,23,7,67,30,37,46,24,22
S01011373,257,133,124,2,2,0,12,6,6,9,7,2,6,0,6,51,48,3,20,4,16,33,7,26,31,19,12,54,24,30,39,16,23
S01011374,134,57,77,3,0,3,4,2,2,7,4,3,21,3,18,10,8,2,12,4,8,17,3,14,10,5,5,22,11,11,28,17,11
S01011375,183,96,87,7,4,3,13,8,5,12,10,2,26,5,21,20,18,2,15,5,10,12,3,9,18,12,6,35,18,17,25,13,12
S01011376,147,66,81,4,3,1,5,2,3,5,3,2,15,2,13,19,17,2,17,4,13,15,1,14,26,17,9,34,13,21,7,4,3
S01011377,134,60,74,4,3,1,35,15,20,16,12,4,21,1,20,9,8,1,4,2,2,10,5,5,3,3,0,13,5,8,19,6,13
S01011378,216,88,128,14,9,5,16,7,9,14,10,4,49,8,41,17,15,2,14,3,11,27,6,21,16,13,3,27,10,17,22,7,15
S01011379,177,82,95,9,5,4,22,12,10,8,7,1,36,5,31,10,10,0,8,1,7,30,13,17,10,7,3,13,7,6,31,15,16
S01011380,184,81,103,9,5,4,12,5,7,15,9,6,28,6,22,16,12,4,11,3,8,21,3,18,17,13,4,18,7,11,37,18,19
S01011381,175,75,100,7,6,1,12,5,7,18,6,12,35,3,32,15,13,2,12,1,11,15,2,13,19,14,5,27,14,13,15,11,4
S01011382,152,78,74,7,2,5,4,2,2,6,6,0,9,2,7,21,14,7,12,3,9,14,3,11,17,15,2,32,12,20,30,19,11
S01011383,291,134,157,7,1,6,10,6,4,4,2,2,18,5,13,26,19,7,31,4,27,24,5,19,35,26,9,92,44,48,44,22,22
S01011384,296,139,157,6,2,4,6,3,3,8,3,5,6,1,5,29,28,1,16,6,10,32,5,27,48,28,20,77,32,45,68,31,37
S01011385,345,159,186,6,4,2,6,5,1,6,5,1,21,4,17,44,39,5,26,4,22,36,5,31,49,36,13,88,32,56,63,25,38
S01011386,197,85,112,2,2,0,1,0,1,4,4,0,9,2,7,22,18,4,13,2,11,19,4,15,25,16,9,50,21,29,52,16,36
S01011387,306,142,164,5,1,4,9,3,6,10,8,2,14,3,11,30,26,4,26,3,23,26,4,22,41,27,14,76,37,39,69,30,39
S01011388,192,85,107,5,4,1,5,1,4,11,8,3,17,4,13,15,13,2,18,5,13,28,10,18,20,12,8,34,13,21,39,15,24
S01011389,235,127,108,6,3,3,9,3,6,7,5,2,20,10,10,23,21,2,14,0,14,32,12,20,28,19,9,44,21,23,52,33,19
S01011390,281,115,166,7,3,4,10,2,8,8,1,7,16,4,12,39,34,5,20,0,20,34,5,29,43,30,13,58,16,42,46,20,26
S01011391,200,81,119,1,1,0,8,1,7,8,7,1,11,1,10,23,18,5,18,3,15,23,2,21,18,10,8,49,23,26,41,15,26
S01011392,229,106,123,5,2,3,7,2,5,5,5,0,10,0,10,36,34,2,23,2,21,24,6,18,27,14,13,42,15,27,50,26,24
S01011393,248,121,127,11,5,6,8,4,4,12,9,3,23,5,18,32,26,6,20,1,19,24,4,20,40,27,13,44,22,22,34,18,16
S01011394,79,39,40,0,0,0,4,2,2,6,3,3,9,2,7,13,11,2,6,1,5,5,1,4,6,6,0,12,4,8,18,9,9
S01011395,243,111,132,2,1,1,9,3,6,13,7,6,23,3,20,35,31,4,25,4,21,25,2,23,22,13,9,57,32,25,32,15,17
S01011396,240,113,127,14,7,7,14,7,7,8,6,2,25,4,21,31,27,4,10,1,9,17,3,14,27,15,12,46,25,21,48,18,30
S01011397,240,109,131,4,0,4,13,4,9,6,2,4,15,4,11,31,22,9,8,1,7,33,14,19,30,23,7,59,24,35,41,15,26
S01011398,260,120,140,7,4,3,7,0,7,7,6,1,14,5,9,35,29,6,25,5,20,27,4,23,29,14,15,55,28,27,54,25,29
S01011399,173,76,97,3,1,2,10,5,5,6,3,3,4,0,4,22,20,2,17,2,15,18,1,17,22,11,11,44,21,23,27,12,15
S01011400,167,75,92,4,4,0,14,5,9,8,4,4,18,3,15,21,17,4,15,2,13,12,3,9,20,11,9,31,14,17,24,12,12
S01011401,188,83,105,9,4,5,13,4,9,11,6,5,24,2,22,13,13,0,10,2,8,11,4,7,22,15,7,34,16,18,41,17,24
S01011402,290,124,166,14,9,5,26,10,16,13,8,5,41,8,33,37,30,7,19,3,16,33,7,26,22,12,10,55,26,29,30,11,19
S01011403,121,48,73,1,1,0,6,1,5,4,1,3,6,1,5,18,14,4,5,2,3,12,2,10,14,8,6,18,5,13,37,13,24
S01011404,325,136,189,7,1,6,19,7,12,12,8,4,31,5,26,44,39,5,20,3,17,37,7,30,32,25,7,69,21,48,54,20,34
S01011405,169,69,100,11,7,4,14,5,9,16,9,7,24,4,20,9,6,3,7,1,6,20,5,15,13,5,8,20,11,9,35,16,19
S01011406,173,89,84,9,7,2,11,3,8,3,2,1,12,2,10,26,23,3,16,3,13,20,4,16,24,15,9,29,14,15,23,16,7
S01011407,288,112,176,11,7,4,24,7,17,21,10,11,40,3,37,34,29,5,17,4,13,28,8,20,20,14,6,54,17,37,39,13,26
S01011408,224,95,129,8,4,4,8,3,5,7,3,4,18,1,17,31,26,5,22,4,18,21,4,17,22,14,8,49,23,26,38,13,25
S01011409,244,104,140,5,1,4,10,3,7,16,6,10,15,4,11,20,19,1,20,3,17,25,4,21,26,17,9,57,27,30,50,20,30
S01011410,156,70,86,3,1,2,5,3,2,7,4,3,19,3,16,17,16,1,13,4,9,14,6,8,21,11,10,38,11,27,19,11,8
S01011411,163,75,88,5,2,3,8,4,4,5,3,2,19,4,15,22,21,1,9,1,8,16,4,12,19,14,5,35,15,20,25,7,18
S01011412,222,96,126,14,13,1,41,17,24,16,11,5,40,5,35,16,13,3,11,3,8,27,6,21,13,9,4,14,5,9,30,14,16
S01011413,113,51,62,3,2,1,6,2,4,7,3,4,16,1,15,9,6,3,9,2,7,15,7,8,8,6,2,8,5,3,32,17,15
S01011414,254,111,143,8,7,1,18,8,10,10,7,3,23,2,21,30,27,3,18,1,17,29,5,24,23,14,9,43,18,25,52,22,30
S01011415,227,121,106,8,4,4,17,6,11,16,10,6,16,0,16,27,26,1,20,4,16,22,6,16,34,24,10,35,23,12,32,18,14
S01011416,162,82,80,9,7,2,22,6,16,16,15,1,23,5,18,15,12,3,11,2,9,13,3,10,7,5,2,14,9,5,32,18,14
S01011417,241,99,142,4,1,3,9,5,4,9,4,5,24,1,23,29,26,3,22,4,18,25,5,20,32,20,12,61,22,39,26,11,15
S01011418,200,81,119,1,1,0,7,3,4,8,4,4,12,0,12,24,23,1,15,1,14,16,0,16,30,18,12,62,21,41,25,10,15
S01011419,170,73,97,2,1,1,14,1,13,3,1,2,10,2,8,20,16,4,19,1,18,12,2,10,28,18,10,32,18,14,30,13,17
S01011420,197,98,99,6,4,2,10,3,7,6,4,2,5,2,3,24,21,3,16,1,15,26,7,19,21,12,9,47,22,25,36,22,14
S01011421,123,48,75,6,3,3,9,6,3,9,3,6,6,0,6,14,9,5,11,1,10,11,1,10,6,4,2,21,11,10,30,10,20
S01011422,237,103,134,4,2,2,9,1,8,4,2,2,5,1,4,21,17,4,29,2,27,28,8,20,43,31,12,51,20,31,43,19,24
S01011423,210,90,120,4,1,3,6,3,3,13,8,5,10,1,9,19,15,4,11,1,10,25,4,21,31,18,13,40,20,20,51,19,32
S01011424,160,66,94,4,1,3,2,1,1,4,2,2,11,3,8,27,24,3,17,3,14,18,2,16,25,12,13,32,12,20,20,6,14
S01011425,306,129,177,12,9,3,24,4,20,11,5,6,25,4,21,32,26,6,22,5,17,33,8,25,30,16,14,54,25,29,63,27,36
S01011426,180,77,103,4,1,3,19,11,8,20,10,10,16,0,16,19,16,3,15,0,15,15,4,11,18,15,3,24,8,16,30,12,18
S01011427,231,100,131,4,2,2,18,7,11,6,3,3,20,0,20,28,23,5,20,5,15,21,3,18,31,22,9,52,19,33,31,16,15
S01011428,150,68,82,5,3,2,9,3,6,5,4,1,9,1,8,15,13,2,18,4,14,15,1,14,18,15,3,37,15,22,19,9,10
S01011429,550,470,80,18,13,5,21,12,9,17,15,2,13,1,12,119,118,1,19,5,14,21,16,5,74,70,4,113,107,6,135,113,22
S01011430,201,88,113,8,5,3,14,4,10,9,8,1,16,2,14,18,15,3,19,4,15,18,4,14,21,13,8,44,19,25,34,14,20
S01011431,327,138,189,8,6,2,20,7,13,13,7,6,19,1,18,41,31,10,30,4,26,25,5,20,50,35,15,70,26,44,51,16,35
S01011432,337,150,187,10,4,6,15,7,8,4,2,2,31,3,28,35,32,3,33,0,33,26,6,20,64,38,26,79,40,39,40,18,22
S01011433,291,122,169,0,0,0,5,2,3,5,3,2,12,1,11,24,20,4,26,6,20,31,8,23,42,26,16,76,26,50,70,30,40
S01011434,151,63,88,7,5,2,17,5,12,10,6,4,14,2,12,15,11,4,8,0,8,12,2,10,23,16,7,27,10,17,18,6,12
S01011435,212,88,124,5,3,2,22,8,14,14,7,7,19,5,14,18,11,7,15,0,15,20,9,11,23,17,6,35,14,21,41,14,27
S01011436,228,115,113,8,4,4,9,4,5,7,6,1,20,3,17,23,22,1,23,4,19,21,2,19,33,26,7,48,25,23,36,19,17
S01011437,241,109,132,2,2,0,11,4,7,3,2,1,16,1,15,36,33,3,23,3,20,10,1,9,38,28,10,58,19,39,44,16,28
S01011438,197,90,107,1,1,0,3,2,1,2,1,1,8,0,8,24,21,3,14,1,13,16,5,11,41,20,21,42,15,27,46,24,22
S01011439,262,123,139,7,6,1,18,2,16,11,5,6,15,2,13,28,26,2,15,1,14,27,9,18,34,20,14,58,26,32,49,26,23
S01011440,183,76,107,5,2,3,4,2,2,5,3,2,12,2,10,22,17,5,11,0,11,22,4,18,39,26,13,46,14,32,17,6,11
S01011441,249,117,132,10,5,5,5,3,2,8,4,4,7,3,4,24,23,1,19,2,17,26,0,26,54,29,25,53,23,30,43,25,18
S01011442,212,94,118,7,4,3,4,0,4,3,3,0,16,3,13,19,18,1,16,2,14,20,6,14,45,30,15,46,13,33,36,15,21
S01011443,210,91,119,3,1,2,8,4,4,12,8,4,19,5,14,21,13,8,7,2,5,10,1,9,43,25,18,55,19,36,32,13,19
S01011444,281,124,157,6,3,3,4,2,2,5,3,2,14,5,9,28,26,2,29,5,24,24,3,21,63,35,28,67,26,41,41,16,25
S01011445,154,60,94,4,1,3,3,1,2,4,3,1,16,2,14,11,10,1,12,1,11,12,0,12,29,17,12,46,19,27,17,6,11
S01011446,133,49,84,9,5,4,10,6,4,7,3,4,14,1,13,10,5,5,4,0,4,19,5,14,14,9,5,24,7,17,22,8,14
S01011447,251,94,157,5,3,2,5,0,5,11,5,6,20,1,19,29,24,5,20,1,19,23,4,19,30,16,14,57,21,36,51,19,32
S01011448,230,100,130,8,3,5,12,3,9,12,7,5,21,4,17,24,24,0,18,2,16,33,10,23,23,14,9,37,15,22,42,18,24
S01011449,168,74,94,2,1,1,10,3,7,7,6,1,9,0,9,16,14,2,14,2,12,16,3,13,24,13,11,44,22,22,26,10,16
S01011450,156,55,101,12,9,3,13,4,9,7,4,3,17,0,17,11,10,1,13,2,11,12,3,9,17,9,8,21,7,14,33,7,26
S01011451,153,69,84,11,6,5,9,2,7,13,9,4,15,0,15,13,12,1,9,0,9,16,3,13,7,5,2,6,3,3,54,29,25
S01011452,220,104,116,14,8,6,25,7,18,14,11,3,19,6,13,24,19,5,12,3,9,19,3,16,26,12,14,29,17,12,38,18,20
S01011453,205,92,113,3,1,2,12,2,10,13,9,4,16,2,14,23,19,4,21,6,15,17,1,16,30,20,10,33,17,16,37,15,22
S01011454,228,100,128,11,7,4,14,6,8,9,2,7,14,3,11,25,22,3,17,3,14,22,3,19,21,12,9,59,19,40,36,23,13
S01011455,259,113,146,5,1,4,11,3,8,8,6,2,14,1,13,32,28,4,17,2,15,36,5,31,37,21,16,47,26,21,52,20,32
S01011456,301,136,165,5,1,4,12,2,10,7,5,2,16,2,14,36,28,8,26,3,23,26,6,20,50,31,19,64,26,38,59,32,27
S01011457,280,120,160,2,1,1,9,4,5,9,4,5,13,2,11,32,28,4,20,2,18,25,9,16,38,23,15,78,26,52,54,21,33
S01011458,197,84,113,10,5,5,17,7,10,5,2,3,12,2,10,18,16,2,8,0,8,23,6,17,15,8,7,30,17,13,59,21,38
S01011459,204,97,107,5,3,2,10,2,8,10,8,2,14,2,12,22,16,6,23,5,18,17,4,13,32,23,9,36,18,18,35,16,19
S01011460,186,76,110,1,1,0,4,3,1,12,7,5,11,3,8,11,9,2,13,3,10,15,1,14,23,11,12,48,19,29,48,19,29
S01011461,208,104,104,0,0,0,7,2,5,5,3,2,16,3,13,15,12,3,19,4,15,30,7,23,18,13,5,49,29,20,49,31,18
S01011462,237,109,128,3,2,1,16,3,13,6,3,3,30,5,25,30,27,3,15,2,13,29,6,23,35,26,9,41,17,24,32,18,14
S01011463,173,77,96,7,7,0,4,1,3,9,4,5,18,2,16,21,18,3,15,2,13,25,5,20,31,15,16,21,9,12,22,14,8
S01011464,87,34,53,9,2,7,3,2,1,5,2,3,7,0,7,4,3,1,8,0,8,8,3,5,7,4,3,13,5,8,23,13,10
S01011465,185,79,106,5,2,3,8,5,3,4,3,1,10,3,7,17,15,2,8,2,6,19,3,16,30,12,18,37,13,24,47,21,26
S01011466,210,97,113,2,0,2,5,2,3,14,7,7,19,5,14,21,17,4,12,3,9,11,7,4,38,24,14,55,23,32,33,9,24
S01011467,142,62,80,3,0,3,8,2,6,6,4,2,15,3,12,15,13,2,14,5,9,17,2,15,15,8,7,20,9,11,29,16,13
S01011468,95,35,60,3,2,1,2,1,1,5,0,5,10,1,9,7,7,0,7,2,5,10,2,8,6,1,5,11,4,7,34,15,19
S01011469,267,128,139,8,6,2,3,2,1,10,8,2,14,1,13,19,16,3,10,3,7,20,6,14,28,20,8,67,29,38,88,37,51
S01011470,341,148,193,10,7,3,14,5,9,20,12,8,37,6,31,31,25,6,19,2,17,37,3,34,53,40,13,57,17,40,63,31,32
S01011471,274,120,154,8,7,1,33,11,22,14,7,7,30,9,21,25,20,5,16,4,12,36,8,28,39,26,13,51,20,31,22,8,14
S01011472,352,198,154,7,4,3,14,5,9,13,7,6,42,19,23,36,35,1,30,5,25,35,11,24,38,33,5,90,46,44,47,33,14
S01011473,275,131,144,7,4,3,9,3,6,13,9,4,33,6,27,31,28,3,19,4,15,32,9,23,43,29,14,55,23,32,33,16,17
S01011474,300,128,172,9,2,7,18,7,11,18,13,5,28,5,23,20,20,0,23,4,19,31,8,23,35,24,11,84,32,52,34,13,21
S01011475,218,105,113,9,6,3,13,5,8,15,5,10,21,5,16,26,24,2,13,3,10,22,2,20,29,23,6,48,21,27,22,11,11
S01011476,106,55,51,6,5,1,23,10,13,7,5,2,24,5,19,5,5,0,5,2,3,9,4,5,10,8,2,4,3,1,13,8,5
S01011477,247,114,133,26,16,10,40,21,19,20,15,5,55,9,46,14,13,1,15,3,12,19,2,17,16,14,2,15,8,7,27,13,14
S01011478,219,89,130,16,10,6,44,18,26,18,11,7,42,5,37,14,12,2,11,2,9,24,4,20,10,5,5,9,4,5,31,18,13
S01011479,211,95,116,17,13,4,28,11,17,18,15,3,46,7,39,21,17,4,15,2,13,17,4,13,14,11,3,11,3,8,24,12,12
S01011480,200,71,129,16,10,6,32,14,18,12,5,7,49,4,45,13,12,1,10,2,8,19,3,16,9,5,4,15,4,11,25,12,13
S01011481,151,61,90,8,5,3,5,1,4,6,5,1,19,3,16,13,12,1,11,0,11,14,3,11,19,12,7,28,9,19,28,11,17
S01011482,298,134,164,8,7,1,16,9,7,13,7,6,39,8,31,32,32,0,22,5,17,28,6,22,32,21,11,67,22,45,41,17,24
S01011483,130,57,73,7,5,2,19,5,14,10,7,3,16,3,13,18,13,5,5,0,5,7,2,5,8,5,3,15,7,8,25,10,15
S01011484,289,123,166,2,0,2,8,3,5,8,6,2,27,1,26,29,28,1,14,4,10,26,3,23,38,25,13,78,31,47,59,22,37
S01011485,365,158,207,9,3,6,8,2,6,11,6,5,16,6,10,34,30,4,23,4,19,38,7,31,57,32,25,92,34,58,77,34,43
S01011486,208,79,129,2,2,0,2,0,2,6,1,5,15,3,12,18,15,3,21,2,19,24,4,20,34,19,15,48,20,28,38,13,25
S01011487,322,140,182,3,1,2,8,1,7,6,1,5,15,2,13,31,28,3,22,3,19,41,6,35,32,19,13,74,37,37,90,42,48
S01011488,245,116,129,6,3,3,2,1,1,8,2,6,9,1,8,26,23,3,17,2,15,13,7,6,38,29,9,72,27,45,54,21,33
S01011489,115,57,58,3,2,1,3,0,3,6,3,3,9,0,9,10,7,3,10,2,8,9,2,7,9,6,3,18,10,8,38,25,13
S01011490,270,118,152,2,1,1,11,4,7,9,5,4,20,6,14,37,29,8,14,3,11,24,3,21,45,25,20,69,25,44,39,17,22
S01011491,175,81,94,4,2,2,8,4,4,4,3,1,17,5,12,20,18,2,16,4,12,14,2,12,23,16,7,35,15,20,34,12,22
S01011492,232,108,124,2,0,2,2,2,0,7,2,5,11,1,10,17,15,2,12,4,8,19,3,16,41,29,12,69,35,34,52,17,35
S01011493,66,25,41,1,0,1,4,1,3,2,1,1,3,1,2,7,6,1,5,0,5,8,2,6,6,2,4,12,5,7,18,7,11
S01011494,206,95,111,8,5,3,8,4,4,11,7,4,22,3,19,26,25,1,6,0,6,20,3,17,18,10,8,50,23,27,37,15,22
S01011495,277,132,145,10,5,5,14,10,4,5,3,2,23,3,20,35,32,3,22,5,17,25,5,20,27,18,9,57,27,30,59,24,35
S01011496,213,79,134,2,1,1,2,1,1,2,0,2,5,2,3,20,19,1,26,6,20,26,2,24,22,13,9,65,21,44,43,14,29
S01011497,125,56,69,4,1,3,9,2,7,3,2,1,19,3,16,15,15,0,2,0,2,14,5,9,5,3,2,19,8,11,35,17,18
S01011498,112,48,64,0,0,0,8,3,5,8,5,3,8,0,8,11,8,3,6,0,6,12,1,11,11,5,6,15,6,9,33,20,13
S01011499,168,73,95,7,6,1,8,3,5,8,5,3,12,2,10,19,15,4,13,2,11,14,4,10,20,11,9,36,13,23,31,12,19
S01011500,132,65,67,5,4,1,4,1,3,7,5,2,10,1,9,14,14,0,7,0,7,14,0,14,17,13,4,35,16,19,19,11,8
S01011501,231,104,127,5,3,2,2,0,2,6,2,4,14,3,11,40,26,14,14,2,12,14,3,11,37,18,19,63,28,35,36,19,17
S01011502,213,86,127,4,4,0,4,1,3,10,4,6,20,4,16,28,25,3,12,1,11,22,3,19,33,14,19,47,18,29,33,12,21
S01011503,195,82,113,5,3,2,8,4,4,6,2,4,18,3,15,15,14,1,9,2,7,19,5,14,35,16,19,44,18,26,36,15,21
S01011504,179,74,105,11,6,5,9,5,4,4,1,3,21,5,16,13,12,1,18,2,16,17,2,15,29,16,13,28,10,18,29,15,14
S01011505,218,103,115,5,3,2,9,6,3,4,1,3,11,2,9,26,20,6,18,8,10,24,6,18,28,19,9,56,24,32,37,14,23
S01011506,138,54,84,2,1,1,6,1,5,10,7,3,12,1,11,20,18,2,10,0,10,19,1,18,19,13,6,14,4,10,26,8,18
S01011507,185,78,107,9,5,4,9,2,7,5,3,2,13,1,12,20,15,5,7,2,5,20,3,17,23,13,10,38,22,16,41,12,29
S01011508,227,110,117,3,2,1,6,2,4,11,7,4,18,2,16,28,23,5,14,1,13,25,11,14,34,21,13,49,22,27,39,19,20
S01011509,169,65,104,4,4,0,9,1,8,10,6,4,17,2,15,16,14,2,12,4,8,19,1,18,24,12,12,20,8,12,38,13,25
S01011510,348,149,199,5,2,3,10,3,7,8,4,4,37,15,22,36,33,3,30,4,26,35,7,28,56,29,27,61,26,35,70,26,44
S01011511,183,97,86,2,2,0,5,2,3,3,3,0,10,0,10,23,21,2,12,0,12,17,3,14,33,26,7,57,30,27,21,10,11
S01011512,359,151,208,5,2,3,9,5,4,9,4,5,19,1,18,34,32,2,30,3,27,32,9,23,53,36,17,99,38,61,69,21,48
S01011513,267,123,144,3,2,1,4,2,2,8,6,2,20,4,16,33,27,6,18,3,15,20,6,14,36,18,18,72,33,39,53,22,31
S01011514,289,132,157,5,3,2,5,2,3,9,7,2,14,2,12,38,33,5,17,3,14,29,1,28,39,23,16,68,32,36,65,26,39
S01011515,124,58,66,3,2,1,7,1,6,12,7,5,13,2,11,10,8,2,6,2,4,12,2,10,17,14,3,22,12,10,22,8,14
S01011516,173,71,102,10,7,3,11,7,4,14,8,6,25,2,23,12,10,2,9,2,7,25,5,20,14,7,7,18,7,11,35,16,19
S01011517,147,63,84,5,2,3,3,1,2,7,4,3,11,0,11,28,26,2,12,3,9,11,1,10,27,12,15,23,6,17,20,8,12
S01011518,245,102,143,3,1,2,3,1,2,9,4,5,19,3,16,27,26,1,13,0,13,22,2,20,51,26,25,61,24,37,37,15,22
S01011519,246,117,129,9,2,7,6,2,4,10,7,3,15,3,12,38,32,6,10,2,8,15,3,12,39,24,15,62,22,40,42,20,22
S01011520,204,98,106,1,1,0,6,3,3,10,8,2,7,2,5,21,16,5,9,3,6,15,0,15,27,18,9,58,30,28,50,17,33
S01011521,314,120,194,10,4,6,11,1,10,7,4,3,25,8,17,32,27,5,30,1,29,35,6,29,37,19,18,57,22,35,70,28,42
S01011522,278,119,159,9,4,5,15,4,11,9,6,3,24,5,19,31,25,6,19,3,16,31,8,23,37,21,16,64,29,35,39,14,25
S01011523,218,109,109,6,5,1,7,1,6,9,6,3,11,2,9,29,27,2,13,1,12,18,5,13,27,17,10,58,22,36,40,23,17
S01011524,191,79,112,7,4,3,10,2,8,12,7,5,26,6,20,15,15,0,14,4,10,18,2,16,25,16,9,35,11,24,29,12,17
S01011525,206,79,127,3,2,1,6,1,5,9,5,4,17,3,14,22,19,3,13,1,12,28,6,22,27,12,15,36,15,21,45,15,30
S01011526,292,103,189,3,1,2,18,9,9,10,4,6,40,4,36,29,24,5,23,0,23,35,6,29,39,21,18,47,15,32,48,19,29
S01011527,220,91,129,11,7,4,21,9,12,14,10,4,36,6,30,28,22,6,11,3,8,15,2,13,25,15,10,31,7,24,28,10,18
S01011528,304,134,170,9,7,2,13,6,7,11,4,7,27,3,24,29,26,3,26,5,21,36,5,31,43,29,14,63,27,36,47,22,25
S01011529,166,73,93,5,4,1,3,2,1,1,1,0,13,1,12,18,16,2,19,4,15,21,6,15,18,7,11,42,23,19,26,9,17
S01011530,293,144,149,4,2,2,13,4,9,11,8,3,25,3,22,28,26,2,24,6,18,26,7,19,33,25,8,73,29,44,56,34,22
S01011531,230,84,146,7,5,2,14,5,9,9,6,3,25,4,21,18,17,1,23,2,21,29,6,23,31,15,16,34,12,22,40,12,28
S01011532,116,46,70,5,3,2,8,2,6,17,8,9,16,1,15,4,4,0,6,1,5,10,1,9,13,7,6,13,5,8,24,14,10
S01011533,236,124,112,6,2,4,10,8,2,10,6,4,7,2,5,24,19,5,18,3,15,12,4,8,49,30,19,57,28,29,43,22,21
S01011534,217,97,120,5,1,4,8,1,7,11,6,5,28,5,23,14,10,4,5,1,4,19,2,17,44,25,19,52,28,24,31,18,13
S01011535,356,165,191,3,1,2,15,7,8,11,6,5,21,5,16,39,36,3,27,4,23,36,9,27,49,30,19,93,40,53,62,27,35
S01011536,158,67,91,10,6,4,18,8,10,8,6,2,21,2,19,15,14,1,5,1,4,22,4,18,13,8,5,20,10,10,26,8,18
S01011537,97,42,55,4,1,3,14,5,9,5,4,1,11,2,9,5,4,1,5,2,3,15,4,11,11,8,3,11,5,6,16,7,9
S01011538,165,71,94,11,7,4,18,3,15,14,10,4,26,1,25,16,11,5,5,2,3,16,2,14,15,10,5,17,9,8,27,16,11
S01011539,259,123,136,6,2,4,9,5,4,8,6,2,13,2,11,23,21,2,17,5,12,22,3,19,49,26,23,64,31,33,48,22,26
S01011540,274,118,156,3,2,1,7,2,5,10,6,4,22,0,22,28,23,5,12,0,12,22,6,16,48,25,23,71,34,37,51,20,31
S01011541,271,110,161,3,2,1,4,1,3,5,3,2,12,3,9,23,20,3,20,1,19,27,5,22,44,21,23,69,25,44,64,29,35
S01011542,286,129,157,6,3,3,8,0,8,2,1,1,16,3,13,35,32,3,24,3,21,30,5,25,64,35,29,61,26,35,40,21,19
S01011543,263,112,151,6,5,1,4,1,3,4,1,3,12,1,11,17,15,2,15,2,13,17,3,14,53,25,28,76,31,45,59,28,31
S01011544,232,102,130,1,1,0,5,3,2,8,6,2,14,1,13,18,14,4,12,2,10,28,5,23,45,24,21,66,29,37,35,17,18
S01011545,190,84,106,3,2,1,7,4,3,3,2,1,10,1,9,23,21,2,12,2,10,17,2,15,42,24,18,48,14,34,25,12,13
S01011546,110,50,60,2,2,0,8,4,4,7,4,3,18,6,12,14,10,4,4,0,4,12,4,8,7,1,6,7,3,4,31,16,15
S01011547,97,41,56,5,2,3,7,2,5,5,4,1,5,2,3,8,5,3,6,0,6,11,1,10,16,10,6,10,3,7,24,12,12
S01011548,204,94,110,5,4,1,8,6,2,7,5,2,29,4,25,22,19,3,11,1,10,24,7,17,31,22,9,41,18,23,26,8,18
S01011549,222,103,119,14,10,4,20,13,7,13,9,4,33,5,28,23,20,3,11,2,9,19,3,16,27,13,14,36,13,23,26,15,11
S01011550,183,83,100,15,12,3,22,10,12,19,14,5,35,4,31,14,10,4,12,1,11,19,4,15,12,9,3,12,8,4,23,11,12
S01011551,147,54,93,10,5,5,6,2,4,7,3,4,13,2,11,15,13,2,14,0,14,13,3,10,14,7,7,32,9,23,23,10,13
S01011552,175,93,82,9,7,2,11,6,5,12,5,7,23,3,20,17,17,0,11,2,9,13,4,9,16,12,4,27,12,15,36,25,11
S01011553,140,62,78,11,7,4,10,4,6,6,4,2,17,3,14,11,8,3,5,1,4,17,5,12,5,2,3,11,5,6,47,23,24
S01011554,269,117,152,7,3,4,11,4,7,7,4,3,32,5,27,41,33,8,20,4,16,25,3,22,48,32,16,47,18,29,31,11,20
S01011555,169,81,88,4,1,3,5,1,4,5,3,2,6,2,4,20,18,2,10,1,9,16,0,16,17,8,9,42,21,21,44,26,18
S01011556,166,83,83,1,1,0,3,2,1,3,3,0,5,0,5,27,24,3,18,2,16,24,5,19,24,16,8,29,17,12,32,13,19
S01011557,200,81,119,3,2,1,5,2,3,4,3,1,11,1,10,15,11,4,21,4,17,25,5,20,40,20,20,42,15,27,34,18,16
S01011558,155,77,78,5,3,2,6,2,4,6,6,0,7,1,6,15,12,3,6,1,5,17,4,13,26,20,6,38,14,24,29,14,15
S01011559,219,103,116,8,4,4,3,0,3,4,4,0,13,2,11,27,24,3,10,1,9,25,6,19,43,24,19,50,19,31,36,19,17
S01011560,237,99,138,6,3,3,5,1,4,2,0,2,10,0,10,29,20,9,26,5,21,20,2,18,46,28,18,59,27,32,34,13,21
S01011561,277,131,146,2,0,2,16,5,11,6,4,2,18,3,15,24,21,3,24,2,22,28,7,21,40,24,16,68,38,30,51,27,24
S01011562,203,80,123,1,1,0,0,0,0,6,4,2,15,4,11,18,13,5,15,2,13,25,4,21,18,7,11,43,18,25,62,27,35
S01011563,252,103,149,1,0,1,8,1,7,5,1,4,6,1,5,20,17,3,15,4,11,37,5,32,32,20,12,57,23,34,71,31,40
S01011564,228,104,124,7,4,3,6,2,4,7,5,2,16,0,16,24,20,4,14,1,13,28,7,21,35,18,17,57,28,29,34,19,15
S01011565,238,98,140,0,0,0,2,2,0,7,2,5,16,2,14,27,25,2,14,3,11,35,1,34,29,18,11,69,27,42,39,18,21
S01011566,289,113,176,2,0,2,6,3,3,8,4,4,17,4,13,21,17,4,15,1,14,47,5,42,54,31,23,67,21,46,52,27,25
S01011567,311,147,164,4,3,1,8,2,6,5,5,0,28,7,21,37,32,5,23,4,19,32,4,28,48,31,17,64,32,32,62,27,35
S01011568,209,99,110,6,3,3,6,2,4,10,6,4,15,3,12,21,18,3,18,6,12,26,4,22,37,20,17,34,14,20,36,23,13
S01011569,298,116,182,7,5,2,9,4,5,13,7,6,33,1,32,33,26,7,30,11,19,33,4,29,44,23,21,48,16,32,48,19,29
S01011570,229,108,121,5,3,2,2,1,1,12,12,0,15,3,12,25,23,2,27,6,21,31,7,24,36,22,14,39,18,21,37,13,24
S01011571,218,101,117,9,1,8,3,2,1,6,3,3,19,2,17,22,17,5,19,3,16,26,11,15,34,22,12,56,32,24,24,8,16
S01011572,178,82,96,9,4,5,12,2,10,12,10,2,16,3,13,19,18,1,7,0,7,21,7,14,24,13,11,30,12,18,28,13,15
S01011573,226,94,132,6,1,5,9,5,4,10,5,5,20,2,18,19,16,3,25,3,22,23,5,18,27,16,11,43,22,21,44,19,25
S01011574,168,70,98,5,2,3,9,4,5,7,6,1,13,2,11,20,16,4,11,2,9,16,1,15,28,12,16,33,12,21,26,13,13
S01011575,165,84,81,3,1,2,2,0,2,16,15,1,7,2,5,15,12,3,10,4,6,20,3,17,23,13,10,40,21,19,29,13,16
S01011576,320,143,177,4,3,1,7,5,2,10,5,5,23,6,17,39,32,7,16,1,15,35,7,28,53,29,24,83,31,52,50,24,26
S01011577,196,93,103,3,1,2,12,4,8,6,3,3,22,6,16,23,21,2,9,0,9,25,9,16,24,17,7,37,16,21,35,16,19
S01011578,262,126,136,6,3,3,8,4,4,2,1,1,17,2,15,30,29,1,32,8,24,28,5,23,32,20,12,50,28,22,57,26,31
S01011579,260,112,148,18,15,3,33,13,20,26,15,11,43,5,38,21,18,3,11,0,11,32,10,22,14,9,5,18,5,13,44,22,22
S01011580,206,91,115,10,3,7,5,1,4,8,6,2,10,2,8,21,19,2,20,1,19,22,4,18,25,13,12,37,23,14,48,19,29
S01011581,280,143,137,10,6,4,3,1,2,8,7,1,17,3,14,37,31,6,16,2,14,22,1,21,54,39,15,68,34,34,45,19,26
S01011582,234,112,122,13,6,7,40,21,19,19,12,7,40,11,29,14,13,1,15,4,11,29,11,18,16,11,5,20,8,12,28,15,13
S01011583,189,77,112,7,3,4,11,3,8,8,4,4,15,0,15,27,24,3,15,2,13,23,2,21,22,9,13,41,19,22,20,11,9
S01011584,212,96,116,3,1,2,3,0,3,8,4,4,20,5,15,29,28,1,15,2,13,33,5,28,24,18,6,45,19,26,32,14,18
S01011585,190,83,107,6,3,3,9,4,5,7,4,3,19,1,18,25,23,2,15,4,11,29,8,21,13,9,4,33,9,24,34,18,16
S01011586,168,81,87,5,2,3,4,2,2,1,0,1,11,3,8,28,27,1,15,4,11,23,4,19,20,14,6,31,10,21,30,15,15
S01011587,169,64,105,2,0,2,4,2,2,5,2,3,8,1,7,22,15,7,12,1,11,18,2,16,27,14,13,39,13,26,32,14,18
S01011588,238,93,145,8,4,4,6,1,5,6,2,4,15,4,11,20,19,1,15,1,14,28,2,26,32,16,16,50,23,27,58,21,37
S01011589,248,98,150,10,4,6,9,2,7,11,8,3,19,3,16,24,21,3,22,2,20,31,4,27,35,23,12,47,14,33,40,17,23
S01011590,215,96,119,5,2,3,9,5,4,6,3,3,24,5,19,24,23,1,15,1,14,16,1,15,27,18,9,49,20,29,40,18,22
S01011591,230,117,113,3,1,2,6,2,4,9,5,4,20,8,12,38,37,1,13,0,13,17,3,14,29,18,11,54,23,31,41,20,21
S01011592,229,115,114,2,1,1,3,2,1,9,5,4,15,5,10,29,28,1,14,3,11,24,2,22,36,21,15,55,29,26,42,19,23
S01011593,197,80,117,7,4,3,11,6,5,7,4,3,28,3,25,30,23,7,15,3,12,19,2,17,17,8,9,32,12,20,31,15,16
S01011594,132,66,66,1,0,1,6,5,1,4,3,1,13,1,12,18,17,1,12,3,9,10,1,9,26,18,8,29,11,18,13,7,6
S01011595,131,60,71,4,1,3,28,7,21,5,2,3,12,6,6,13,12,1,5,0,5,14,7,7,10,3,7,22,14,8,18,8,10
S01011596,265,112,153,6,5,1,38,19,19,6,4,2,27,1,26,25,23,2,17,2,15,27,4,23,25,14,11,39,19,20,55,21,34
S01011597,113,54,59,0,0,0,5,1,4,7,6,1,11,3,8,12,12,0,9,1,8,13,2,11,13,11,2,21,5,16,22,13,9
S01011598,381,232,149,1,0,1,5,1,4,20,17,3,14,4,10,52,45,7,23,12,11,49,13,36,52,46,6,105,60,45,60,34,26
S01011599,236,96,140,6,1,5,12,4,8,9,6,3,22,2,20,32,27,5,20,2,18,21,4,17,29,18,11,52,20,32,33,12,21
S01011600,227,100,127,7,3,4,12,4,8,13,12,1,18,1,17,29,27,2,13,4,9,28,4,24,32,17,15,44,14,30,31,14,17
S01011601,150,69,81,12,5,7,8,3,5,10,6,4,20,3,17,11,10,1,5,2,3,12,3,9,18,10,8,19,9,10,35,18,17
S01011602,179,89,90,4,2,2,6,3,3,4,2,2,10,3,7,19,16,3,11,1,10,20,5,15,26,21,5,43,18,25,36,18,18
S01011603,282,124,158,2,1,1,4,1,3,16,8,8,28,5,23,35,33,2,16,4,12,37,8,29,45,26,19,61,27,34,38,11,27
S01011604,197,83,114,3,2,1,9,4,5,2,2,0,15,2,13,23,19,4,14,1,13,21,4,17,34,19,15,42,17,25,34,13,21
S01011605,249,115,134,1,0,1,7,1,6,9,3,6,29,5,24,29,26,3,24,3,21,29,4,25,42,31,11,48,30,18,31,12,19
S01011606,123,47,76,7,1,6,5,2,3,6,4,2,14,2,12,10,7,3,5,0,5,15,0,15,15,9,6,13,6,7,33,16,17
S01011607,133,48,85,2,1,1,13,6,7,8,3,5,18,1,17,14,11,3,12,0,12,18,1,17,16,7,9,13,9,4,19,9,10
S01011608,159,70,89,6,3,3,7,2,5,15,10,5,26,3,23,24,20,4,9,1,8,9,2,7,16,8,8,20,8,12,27,13,14
S01011609,366,175,191,3,1,2,6,2,4,9,5,4,8,3,5,41,38,3,19,0,19,50,8,42,54,32,22,94,44,50,82,42,40
S01011610,258,113,145,5,3,2,6,1,5,5,4,1,14,2,12,31,25,6,15,3,12,27,3,24,34,24,10,57,19,38,64,29,35
S01011611,159,84,75,5,3,2,10,5,5,13,4,9,23,5,18,15,13,2,10,2,8,9,5,4,22,18,4,23,13,10,29,16,13
S01011612,58,23,35,3,2,1,5,2,3,7,2,5,3,1,2,2,1,1,5,0,5,5,2,3,5,1,4,4,2,2,19,10,9
S01011613,265,114,151,20,16,4,42,18,24,23,16,7,51,3,48,22,17,5,9,1,8,20,5,15,23,15,8,22,7,15,33,16,17
S01011614,101,36,65,5,3,2,6,2,4,7,3,4,11,2,9,10,7,3,10,2,8,7,1,6,9,4,5,23,5,18,13,7,6
S01011615,235,96,139,6,2,4,13,5,8,13,6,7,18,2,16,21,18,3,13,0,13,22,6,16,35,15,20,58,25,33,36,17,19
S01011616,158,66,92,3,3,0,3,2,1,2,1,1,15,1,14,20,19,1,5,0,5,16,0,16,31,14,17,34,16,18,29,10,19
S01011617,280,127,153,3,0,3,4,0,4,10,4,6,15,2,13,33,29,4,18,4,14,26,5,21,58,32,26,63,24,39,50,27,23
S01011618,178,75,103,1,0,1,3,1,2,12,7,5,12,2,10,22,18,4,15,0,15,16,3,13,26,13,13,39,15,24,32,16,16
S01011619,194,76,118,9,6,3,14,8,6,15,9,6,30,1,29,15,13,2,17,4,13,18,3,15,25,13,12,23,5,18,28,14,14
S01011620,132,53,79,6,0,6,15,4,11,4,4,0,14,2,12,4,3,1,10,2,8,19,9,10,14,10,4,19,7,12,27,12,15
S01011621,193,81,112,8,4,4,13,4,9,13,7,6,18,2,16,19,17,2,13,0,13,31,7,24,21,15,6,27,12,15,30,13,17
S01011622,105,44,61,6,3,3,16,3,13,7,7,0,10,2,8,9,7,2,10,1,9,13,5,8,8,6,2,11,4,7,15,6,9
S01011623,216,95,121,6,3,3,10,3,7,8,5,3,13,2,11,26,24,2,19,4,15,24,3,21,34,18,16,42,17,25,34,16,18
S01011624,150,50,100,6,2,4,10,3,7,7,3,4,17,3,14,9,7,2,7,1,6,22,3,19,18,10,8,24,6,18,30,12,18
S01011625,161,63,98,6,2,4,13,4,9,7,6,1,18,2,16,16,11,5,8,2,6,16,4,12,30,17,13,25,6,19,22,9,13
S01011626,133,54,79,7,1,6,11,5,6,7,3,4,16,1,15,10,10,0,11,0,11,15,6,9,11,9,2,10,2,8,35,17,18
S01011627,86,35,51,3,1,2,3,3,0,3,2,1,11,1,10,4,4,0,7,1,6,8,1,7,14,7,7,12,4,8,21,11,10
S01011628,267,120,147,22,13,9,21,9,12,20,12,8,40,6,34,21,20,1,10,2,8,28,7,21,27,20,7,35,11,24,43,20,23
S01011629,200,79,121,5,2,3,7,2,5,2,2,0,10,0,10,21,18,3,17,1,16,23,3,20,39,26,13,47,13,34,29,12,17
S01011630,194,88,106,2,1,1,6,2,4,1,0,1,19,3,16,23,21,2,15,4,11,19,4,15,34,23,11,40,13,27,35,17,18
S01011631,214,90,124,4,1,3,0,0,0,3,2,1,9,2,7,25,21,4,16,0,16,23,4,19,33,20,13,55,22,33,46,18,28
S01011632,208,81,127,3,2,1,6,0,6,3,2,1,8,0,8,24,19,5,16,2,14,19,4,15,35,20,15,49,13,36,45,19,26
S01011633,236,100,136,4,2,2,12,4,8,3,1,2,13,1,12,30,25,5,18,6,12,33,2,31,31,19,12,46,17,29,46,23,23
S01011634,205,84,121,3,0,3,10,0,10,10,7,3,14,3,11,25,20,5,14,1,13,21,4,17,27,20,7,40,10,30,41,19,22
S01011635,224,85,139,8,3,5,4,1,3,7,5,2,12,3,9,29,23,6,15,2,13,20,0,20,34,16,18,38,11,27,57,21,36
S01011636,241,90,151,6,2,4,8,5,3,4,0,4,15,4,11,22,19,3,15,2,13,25,2,23,34,14,20,62,26,36,50,16,34
S01011637,234,106,128,4,1,3,7,3,4,10,6,4,20,3,17,20,15,5,18,4,14,29,8,21,34,21,13,42,20,22,50,25,25
S01011638,159,71,88,5,5,0,5,1,4,6,4,2,17,0,17,24,21,3,8,1,7,22,1,21,21,13,8,33,18,15,18,7,11
S01011639,193,74,119,8,0,8,3,1,2,6,3,3,11,2,9,20,17,3,16,1,15,20,5,15,28,14,14,46,16,30,35,15,20
S01011640,220,87,133,7,4,3,7,2,5,4,1,3,14,2,12,18,14,4,22,1,21,24,4,20,27,12,15,53,27,26,44,20,24
S01011641,118,49,69,9,4,5,5,2,3,8,4,4,32,3,29,9,9,0,10,0,10,9,2,7,12,8,4,11,7,4,13,10,3
S01011642,220,95,125,12,9,3,26,11,15,14,10,4,44,8,36,13,12,1,6,2,4,37,5,32,19,9,10,23,13,10,26,16,10
S01011643,115,48,67,3,0,3,13,3,10,4,3,1,19,2,17,17,15,2,8,0,8,9,3,6,8,6,2,14,6,8,20,10,10
S01011644,168,63,105,6,2,4,17,4,13,13,7,6,23,3,20,15,10,5,13,2,11,16,3,13,24,12,12,27,11,16,14,9,5
S01011645,154,60,94,3,3,0,15,4,11,8,5,3,20,2,18,14,11,3,18,2,16,19,1,18,23,15,8,19,10,9,15,7,8
S01011646,198,88,110,9,6,3,30,15,15,14,8,6,43,6,37,21,21,0,7,2,5,11,3,8,16,5,11,19,10,9,28,12,16
S01011647,177,64,113,6,1,5,15,5,10,9,6,3,20,4,16,14,12,2,11,0,11,23,5,18,16,6,10,14,7,7,49,18,31
S01011648,137,53,84,3,1,2,6,2,4,4,1,3,9,0,9,14,13,1,6,1,5,20,3,17,14,10,4,32,12,20,29,10,19
S01011649,123,48,75,6,5,1,7,2,5,3,3,0,5,0,5,7,5,2,11,1,10,14,1,13,23,15,8,29,13,16,18,3,15
S01011650,197,78,119,12,7,5,26,8,18,10,6,4,27,1,26,26,25,1,9,1,8,19,4,15,17,10,7,20,9,11,31,7,24
S01011651,251,112,139,14,8,6,10,6,4,14,9,5,30,4,26,31,28,3,21,5,16,25,6,19,25,13,12,48,17,31,33,16,17
S01011652,193,79,114,12,8,4,20,6,14,13,8,5,17,1,16,15,13,2,11,0,11,25,6,19,16,11,5,22,6,16,42,20,22
S01011653,288,120,168,3,2,1,11,3,8,5,2,3,18,4,14,44,41,3,16,1,15,33,2,31,31,13,18,55,24,31,72,28,44
S01011654,322,144,178,10,6,4,21,7,14,13,12,1,24,0,24,31,27,4,12,1,11,34,6,28,42,24,18,69,33,36,66,28,38
S01011655,305,130,175,7,3,4,6,3,3,8,6,2,23,2,21,38,32,6,27,4,23,31,8,23,43,32,11,80,25,55,42,15,27
S01011656,232,110,122,3,2,1,4,1,3,4,3,1,5,0,5,31,27,4,19,7,12,27,2,25,39,23,16,54,23,31,46,22,24
S01011657,201,92,109,5,3,2,8,0,8,5,3,2,7,0,7,21,20,1,11,0,11,19,5,14,23,12,11,57,24,33,45,25,20
S01011658,201,87,114,1,1,0,6,4,2,5,4,1,8,1,7,21,17,4,19,4,15,19,3,16,40,23,17,44,13,31,38,17,21
S01011659,263,115,148,3,1,2,12,4,8,6,3,3,17,3,14,36,29,7,26,1,25,23,5,18,41,32,9,68,24,44,31,13,18
S01011660,250,112,138,15,11,4,20,5,15,10,8,2,24,6,18,31,27,4,14,2,12,25,6,19,24,18,6,41,11,30,46,18,28
S01011661,169,78,91,7,3,4,6,4,2,6,4,2,16,2,14,23,22,1,8,0,8,14,2,12,26,15,11,40,15,25,23,11,12
S01011662,106,44,62,6,4,2,5,2,3,7,1,6,16,4,12,9,9,0,12,2,10,12,0,12,8,7,1,11,3,8,20,12,8
S01011663,330,170,160,1,1,0,8,3,5,9,6,3,12,5,7,31,29,2,22,3,19,45,19,26,46,31,15,80,35,45,76,38,38
S01011664,414,180,234,6,3,3,9,3,6,12,6,6,14,3,11,33,27,6,28,4,24,35,8,27,69,46,23,112,39,73,96,41,55
S01011665,303,120,183,7,2,5,12,3,9,12,8,4,31,3,28,27,19,8,32,7,25,30,10,20,41,30,11,57,21,36,54,17,37
S01011666,342,154,188,6,2,4,8,4,4,13,8,5,30,3,27,39,32,7,22,4,18,47,11,36,42,25,17,82,41,41,53,24,29
S01011667,254,112,142,5,3,2,8,4,4,8,4,4,15,3,12,20,18,2,12,3,9,31,8,23,42,28,14,65,27,38,48,14,34
S01011668,350,143,207,8,2,6,9,5,4,5,1,4,24,3,21,25,21,4,25,2,23,34,5,29,51,34,17,94,33,61,75,37,38
S01011669,211,92,119,13,11,2,30,12,18,16,9,7,24,5,19,19,16,3,15,4,11,33,7,26,12,8,4,27,11,16,22,9,13
S01011670,140,66,74,4,1,3,7,2,5,3,0,3,8,0,8,12,11,1,11,2,9,15,1,14,17,13,4,35,18,17,28,18,10
S01011671,188,71,117,11,6,5,20,4,16,6,3,3,30,3,27,18,18,0,14,0,14,26,5,21,21,15,6,27,10,17,15,7,8
S01011672,194,85,109,12,7,5,17,4,13,8,3,5,15,0,15,22,17,5,12,3,9,20,3,17,18,14,4,31,17,14,39,17,22
S01011673,204,91,113,5,2,3,5,0,5,3,1,2,16,4,12,26,21,5,15,5,10,21,5,16,31,17,14,39,14,25,43,22,21
S01011674,265,112,153,10,6,4,9,2,7,17,11,6,21,2,19,20,18,2,23,4,19,25,10,15,40,22,18,52,16,36,48,21,27
S01011675,296,128,168,4,2,2,13,7,6,10,6,4,14,0,14,31,25,6,27,2,25,36,3,33,48,30,18,55,27,28,58,26,32
S01011676,245,99,146,2,2,0,5,2,3,1,1,0,11,1,10,22,16,6,21,4,17,26,3,23,43,22,21,63,25,38,51,23,28
S01011677,143,73,70,6,4,2,6,4,2,6,2,4,11,1,10,17,15,2,5,1,4,18,7,11,14,8,6,27,15,12,33,16,17
S01011678,184,87,97,8,5,3,5,1,4,6,3,3,8,1,7,15,14,1,8,2,6,15,4,11,22,18,4,54,25,29,43,14,29
S01011679,83,24,59,6,4,2,7,2,5,4,2,2,10,0,10,10,6,4,7,0,7,10,0,10,5,3,2,9,3,6,15,4,11
S01011680,358,154,204,10,6,4,13,3,10,10,7,3,24,5,19,28,22,6,30,5,25,28,7,21,57,35,22,83,33,50,75,31,44
S01011681,223,92,131,9,6,3,7,3,4,4,3,1,18,4,14,27,21,6,20,2,18,20,3,17,32,23,9,48,12,36,38,15,23
S01011682,181,118,63,8,6,2,11,2,9,14,10,4,13,7,6,33,28,5,10,1,9,9,5,4,14,13,1,28,14,14,41,32,9
S01011683,221,98,123,3,1,2,3,1,2,9,5,4,17,1,16,26,19,7,13,2,11,28,3,25,37,26,11,43,16,27,42,24,18
S01011684,159,62,97,3,1,2,16,6,10,14,7,7,11,1,10,17,15,2,12,1,11,18,2,16,22,16,6,25,6,19,21,7,14
S01011685,114,49,65,0,0,0,5,1,4,3,2,1,12,1,11,10,9,1,9,1,8,17,5,12,17,10,7,19,10,9,22,10,12
S01011686,185,74,111,12,9,3,23,9,14,16,10,6,25,1,24,15,13,2,16,2,14,18,3,15,17,12,5,16,4,12,27,11,16
S01011687,267,105,162,2,2,0,12,5,7,8,4,4,27,2,25,23,17,6,11,1,10,31,3,28,40,27,13,53,17,36,60,27,33
S01011688,177,73,104,7,2,5,15,6,9,8,5,3,15,1,14,13,11,2,8,0,8,19,5,14,17,6,11,37,18,19,38,19,19
S01011689,135,64,71,15,8,7,3,2,1,6,3,3,28,8,20,12,10,2,5,1,4,15,3,12,12,6,6,14,6,8,25,17,8
S01011690,192,89,103,9,5,4,9,3,6,12,7,5,14,2,12,32,27,5,9,0,9,25,4,21,18,14,4,22,8,14,42,19,23
S01011691,129,50,79,7,5,2,13,3,10,7,3,4,10,0,10,11,8,3,9,1,8,14,3,11,13,6,7,21,11,10,24,10,14
S01011692,371,163,208,5,3,2,15,3,12,18,10,8,33,7,26,48,45,3,27,6,21,46,1,45,65,44,21,63,21,42,51,23,28
S01011693,182,80,102,4,4,0,19,6,13,14,8,6,33,5,28,20,20,0,8,2,6,14,0,14,16,11,5,25,10,15,29,14,15
S01011694,76,31,45,3,1,2,10,4,6,3,2,1,5,1,4,5,3,2,5,0,5,8,3,5,11,7,4,9,1,8,17,9,8
S01011695,134,55,79,7,5,2,14,4,10,15,10,5,19,1,18,4,4,0,8,2,6,14,2,12,13,9,4,16,6,10,24,12,12
S01011696,115,31,84,15,7,8,16,4,12,11,2,9,16,0,16,5,4,1,6,0,6,12,3,9,1,1,0,7,1,6,26,9,17
S01011697,186,79,107,6,2,4,17,7,10,12,6,6,22,2,20,14,10,4,12,4,8,21,7,14,18,16,2,28,10,18,36,15,21
S01011698,202,95,107,4,2,2,7,0,7,11,5,6,18,3,15,34,27,7,13,1,12,16,2,14,26,22,4,47,21,26,26,12,14
S01011699,227,106,121,11,8,3,19,5,14,15,11,4,28,4,24,35,31,4,12,1,11,28,8,20,21,16,5,23,6,17,35,16,19
S01011700,226,95,131,10,7,3,18,10,8,13,8,5,42,5,37,21,18,3,19,4,15,20,4,16,20,14,6,35,9,26,28,16,12
S01011701,207,80,127,18,11,7,21,3,18,21,14,7,41,6,35,17,13,4,12,0,12,18,5,13,9,5,4,19,5,14,31,18,13
S01011702,208,85,123,14,9,5,22,10,12,13,9,4,22,0,22,24,21,3,18,1,17,26,4,22,10,7,3,35,12,23,24,12,12
S01011703,130,49,81,8,4,4,29,10,19,14,8,6,18,4,14,12,11,1,10,0,10,7,1,6,2,1,1,11,3,8,19,7,12
S01011704,115,48,67,8,5,3,12,5,7,11,7,4,18,0,18,4,4,0,8,1,7,11,2,9,6,4,2,16,9,7,21,11,10
S01011705,215,87,128,4,2,2,11,4,7,5,3,2,23,2,21,16,14,2,10,2,8,23,4,19,28,21,7,45,12,33,50,23,27
S01011706,290,124,166,11,9,2,28,9,19,9,4,5,36,4,32,32,27,5,19,2,17,33,6,27,28,19,9,55,24,31,39,20,19
S01011707,203,86,117,10,5,5,30,10,20,21,15,6,34,5,29,17,14,3,19,3,16,17,4,13,21,19,2,20,7,13,14,4,10
S01011708,310,126,184,10,8,2,19,2,17,20,13,7,40,7,33,39,35,4,24,1,23,31,3,28,33,19,14,39,11,28,55,27,28
S01011709,273,125,148,12,5,7,15,7,8,20,8,12,21,4,17,27,24,3,22,7,15,22,1,21,38,30,8,43,16,27,53,23,30
S01011710,196,82,114,2,0,2,4,1,3,2,1,1,8,2,6,21,21,0,11,3,8,31,8,23,19,13,6,60,22,38,38,11,27
S01011711,230,78,152,2,2,0,12,3,9,9,4,5,10,1,9,24,19,5,23,2,21,38,7,31,23,9,14,50,15,35,39,16,23
S01011712,142,68,74,5,2,3,4,2,2,9,8,1,14,2,12,15,15,0,11,2,9,12,1,11,21,17,4,33,11,22,18,8,10
S01011713,234,102,132,11,8,3,11,3,8,15,9,6,26,4,22,28,26,2,19,3,16,24,5,19,34,22,12,34,7,27,32,15,17
S01011714,59,33,26,1,0,1,4,0,4,2,2,0,6,2,4,5,4,1,4,1,3,6,4,2,3,2,1,13,8,5,15,10,5
S01011715,197,75,122,4,3,1,4,0,4,6,6,0,14,2,12,29,24,5,11,2,9,20,3,17,28,15,13,51,13,38,30,7,23
S01011716,172,72,100,7,5,2,17,9,8,7,3,4,20,2,18,18,15,3,18,4,14,18,0,18,18,12,6,22,7,15,27,15,12
S01011717,200,90,110,6,2,4,14,3,11,14,9,5,31,3,28,27,25,2,15,1,14,22,7,15,24,20,4,24,8,16,23,12,11
S01011718,94,50,44,5,3,2,5,2,3,9,3,6,11,3,8,9,9,0,3,1,2,9,1,8,6,4,2,11,8,3,26,16,10
S01011719,93,40,53,5,3,2,10,3,7,4,3,1,14,1,13,7,7,0,6,1,5,8,2,6,0,0,0,12,5,7,27,15,12
S01011720,143,66,77,14,9,5,23,11,12,16,9,7,27,3,24,10,9,1,9,1,8,12,4,8,6,4,2,14,7,7,12,9,3
S01011721,216,94,122,4,2,2,10,2,8,13,9,4,23,3,20,29,24,5,17,1,16,28,3,25,20,14,6,49,23,26,23,13,10
S01011722,236,94,142,13,7,6,13,2,11,8,5,3,30,3,27,29,24,5,25,4,21,26,4,22,30,20,10,31,11,20,31,14,17
S01011723,264,116,148,9,5,4,12,1,11,13,7,6,31,5,26,23,20,3,13,1,12,37,10,27,33,24,9,59,25,34,34,18,16
S01011724,126,56,70,4,1,3,4,2,2,5,2,3,10,0,10,11,10,1,6,0,6,17,4,13,11,7,4,16,3,13,42,27,15
S01011725,85,27,58,2,2,0,9,3,6,7,4,3,13,1,12,6,5,1,5,0,5,8,0,8,1,1,0,12,4,8,22,7,15
S01011726,90,41,49,4,2,2,5,1,4,5,2,3,13,1,12,10,9,1,8,1,7,14,4,10,5,3,2,4,3,1,22,15,7
S01011727,97,38,59,9,4,5,11,4,7,7,2,5,13,0,13,3,3,0,7,1,6,13,4,9,6,4,2,10,7,3,18,9,9
S01011728,225,95,130,8,3,5,10,3,7,5,2,3,31,5,26,30,26,4,21,5,16,21,2,19,23,12,11,40,15,25,36,22,14
S01011729,233,106,127,4,0,4,4,4,0,10,5,5,28,3,25,26,23,3,15,1,14,16,2,14,29,19,10,60,27,33,41,22,19
S01011730,254,109,145,9,5,4,27,12,15,24,16,8,53,5,48,28,28,0,16,2,14,20,3,17,22,16,6,38,13,25,17,9,8
S01011731,226,90,136,5,1,4,9,3,6,15,9,6,28,3,25,26,23,3,17,3,14,19,0,19,32,23,9,35,8,27,40,17,23
S01011732,204,90,114,6,5,1,36,11,25,19,14,5,37,8,29,20,16,4,7,1,6,20,3,17,16,13,3,19,7,12,24,12,12
S01011733,241,104,137,6,4,2,17,5,12,14,10,4,38,4,34,27,24,3,18,2,16,24,5,19,19,15,4,54,21,33,24,14,10
S01011734,205,96,109,4,4,0,25,6,19,11,8,3,22,3,19,24,22,2,14,2,12,27,5,22,26,22,4,27,12,15,25,12,13
S01011735,217,99,118,9,4,5,40,13,27,17,11,6,41,7,34,24,23,1,9,1,8,14,1,13,15,14,1,21,10,11,27,15,12
S01011736,181,76,105,5,2,3,4,1,3,8,5,3,25,3,22,15,12,3,11,1,10,27,5,22,19,14,5,39,16,23,28,17,11
S01011737,222,94,128,5,3,2,9,2,7,9,6,3,25,7,18,19,18,1,14,0,14,22,4,18,20,12,8,46,20,26,53,22,31
S01011738,303,142,161,5,4,1,22,6,16,19,13,6,39,9,30,21,20,1,13,2,11,38,13,25,30,20,10,64,28,36,52,27,25
S01011739,145,66,79,3,1,2,9,4,5,7,5,2,19,2,17,16,14,2,8,1,7,17,4,13,17,9,8,27,14,13,22,12,10
S01011740,289,143,146,6,4,2,11,3,8,5,3,2,21,5,16,34,32,2,24,4,20,30,9,21,30,23,7,72,35,37,56,25,31
S01011741,201,83,118,4,4,0,5,1,4,5,3,2,29,5,24,27,26,1,18,2,16,14,0,14,14,9,5,51,19,32,34,14,20
S01011742,214,91,123,4,1,3,16,4,12,13,9,4,23,4,19,18,15,3,15,2,13,24,3,21,25,18,7,38,17,21,38,18,20
S01011743,198,73,125,6,2,4,14,2,12,13,11,2,31,4,27,23,18,5,17,2,15,22,3,19,17,11,6,29,8,21,26,12,14
S01011744,239,87,152,6,2,4,19,5,14,12,9,3,36,2,34,19,14,5,21,4,17,22,3,19,31,17,14,43,18,25,30,13,17
S01011745,218,81,137,5,3,2,7,0,7,7,3,4,23,3,20,27,20,7,13,1,12,24,3,21,20,12,8,61,21,40,31,15,16
S01011746,158,87,71,3,3,0,3,2,1,1,1,0,10,2,8,25,22,3,10,1,9,18,5,13,25,18,7,42,24,18,21,9,12
S01011747,330,144,186,7,4,3,7,3,4,15,9,6,21,1,20,37,29,8,27,6,21,39,10,29,29,17,12,90,33,57,58,32,26
S01011748,249,98,151,5,2,3,6,3,3,6,5,1,19,2,17,25,17,8,16,2,14,45,5,40,36,24,12,43,15,28,48,23,25
S01011749,257,121,136,7,2,5,6,4,2,5,4,1,8,1,7,18,16,2,18,2,16,36,7,29,25,17,8,62,33,29,72,35,37
S01011750,273,108,165,4,2,2,15,7,8,17,12,5,28,3,25,36,29,7,21,4,17,37,8,29,25,13,12,50,14,36,40,16,24
S01011751,291,137,154,2,1,1,10,3,7,16,10,6,30,5,25,28,25,3,21,4,17,40,8,32,27,20,7,67,37,30,50,24,26
S01011752,201,92,109,4,1,3,6,3,3,6,3,3,21,5,16,25,22,3,15,1,14,23,4,19,31,23,8,48,19,29,22,11,11
S01011753,230,104,126,11,6,5,45,16,29,19,15,4,40,8,32,16,14,2,7,1,6,24,9,15,20,15,5,21,10,11,27,10,17
S01011754,213,88,125,5,2,3,15,6,9,8,8,0,37,4,33,22,17,5,10,0,10,25,6,19,22,16,6,38,14,24,31,15,16
S01011755,247,123,124,4,1,3,11,5,6,11,11,0,22,1,21,36,30,6,19,2,17,24,9,15,30,19,11,51,26,25,39,19,20
S01011756,278,127,151,3,1,2,10,4,6,15,11,4,34,5,29,22,20,2,25,2,23,44,18,26,22,19,3,62,25,37,41,22,19
S01011757,205,93,112,10,2,8,7,2,5,10,7,3,26,8,18,22,18,4,15,0,15,26,8,18,23,17,6,34,18,16,32,13,19
S01011758,166,71,95,6,1,5,15,5,10,8,3,5,25,4,21,14,13,1,12,2,10,18,2,16,11,8,3,26,15,11,31,18,13
S01011759,259,114,145,11,5,6,5,1,4,12,12,0,30,3,27,35,32,3,18,3,15,34,9,25,28,21,7,49,13,36,37,15,22
S01011760,269,111,158,7,4,3,9,3,6,15,12,3,37,6,31,25,24,1,20,0,20,34,8,26,29,20,9,59,18,41,34,16,18
S01011761,175,66,109,9,4,5,5,1,4,7,4,3,21,1,20,18,14,4,16,0,16,24,1,23,19,17,2,29,12,17,27,12,15
S01011762,209,85,124,8,4,4,11,6,5,9,5,4,18,1,17,23,18,5,14,1,13,39,9,30,17,12,5,34,14,20,36,15,21
S01011763,217,85,132,5,1,4,9,3,6,7,5,2,35,6,29,19,16,3,23,0,23,20,3,17,33,22,11,40,16,24,26,13,13
S01011764,120,51,69,7,4,3,4,1,3,9,7,2,21,4,17,12,10,2,4,1,3,14,1,13,9,6,3,20,9,11,20,8,12
S01011765,202,95,107,3,1,2,24,13,11,13,10,3,29,5,24,20,20,0,14,2,12,26,9,17,7,6,1,22,7,15,44,22,22
S01011766,113,50,63,11,10,1,8,3,5,11,6,5,15,2,13,10,9,1,6,1,5,10,3,7,14,10,4,13,1,12,15,5,10
S01011767,272,125,147,11,6,5,13,5,8,13,6,7,27,3,24,37,33,4,18,0,18,24,6,18,30,20,10,59,24,35,40,22,18
S01011768,196,98,98,3,2,1,8,3,5,9,3,6,27,8,19,23,21,2,10,2,8,18,10,8,26,18,8,43,14,29,29,17,12
S01011769,200,92,108,12,6,6,15,4,11,9,6,3,28,4,24,21,19,2,15,2,13,24,6,18,21,18,3,31,14,17,24,13,11
S01011770,249,111,138,6,1,5,13,4,9,12,4,8,27,5,22,27,22,5,27,6,21,26,9,17,22,16,6,54,26,28,35,18,17
S01011771,121,47,74,3,3,0,14,5,9,12,5,7,16,0,16,12,8,4,1,0,1,13,4,9,6,3,3,15,3,12,29,16,13
S01011772,261,108,153,29,17,12,29,10,19,21,14,7,42,7,35,14,11,3,12,3,9,35,10,25,17,8,9,11,4,7,51,24,27
S01011773,68,31,37,2,2,0,7,3,4,5,2,3,13,1,12,6,3,3,7,2,5,3,2,1,2,2,0,5,3,2,18,11,7
S01011774,186,82,104,10,5,5,9,4,5,16,12,4,20,2,18,14,12,2,19,2,17,24,6,18,10,5,5,21,10,11,43,24,19
S01011775,80,36,44,2,2,0,6,2,4,5,4,1,15,2,13,5,5,0,2,1,1,10,3,7,0,0,0,7,3,4,28,14,14
S01011776,141,60,81,11,7,4,10,6,4,7,4,3,29,4,25,11,10,1,7,0,7,19,5,14,3,3,0,8,2,6,36,19,17
S01011777,111,40,71,4,2,2,14,4,10,9,6,3,18,2,16,13,11,2,8,1,7,14,3,11,4,2,2,16,5,11,11,4,7
S01011778,102,39,63,6,4,2,5,1,4,6,2,4,18,3,15,7,3,4,8,2,6,16,6,10,9,6,3,13,4,9,14,8,6
S01011779,178,71,107,11,5,6,23,7,16,21,11,10,29,3,26,16,14,2,9,1,8,13,1,12,13,10,3,19,6,13,24,13,11
S01011780,189,72,117,15,6,9,24,9,15,17,10,7,32,3,29,7,7,0,10,0,10,15,4,11,19,11,8,18,7,11,32,15,17
S01011781,129,45,84,6,4,2,8,1,7,8,6,2,24,3,21,8,5,3,5,0,5,20,1,19,12,11,1,16,5,11,22,9,13
S01011782,174,79,95,5,3,2,34,15,19,14,9,5,25,3,22,14,12,2,8,1,7,19,4,15,10,9,1,20,10,10,25,13,12
S01011783,143,72,71,8,5,3,21,8,13,10,7,3,23,3,20,18,18,0,6,1,5,11,2,9,10,6,4,16,6,10,20,16,4
S01011784,234,87,147,7,4,3,6,2,4,11,6,5,39,6,33,13,12,1,15,2,13,37,5,32,19,11,8,42,19,23,45,20,25
S01011785,213,83,130,8,4,4,10,3,7,14,7,7,34,6,28,27,22,5,22,3,19,21,4,17,15,10,5,35,17,18,27,7,20
S01011786,63,23,40,3,2,1,4,1,3,4,1,3,9,0,9,2,2,0,3,0,3,6,1,5,3,2,1,2,1,1,27,13,14
S01011787,356,161,195,9,3,6,7,1,6,12,9,3,24,8,16,37,31,6,32,3,29,33,2,31,49,27,22,93,40,53,60,37,23
S01011788,135,56,79,18,11,7,21,6,15,19,8,11,16,2,14,6,4,2,8,1,7,9,2,7,4,3,1,8,3,5,26,16,10
S01011789,183,79,104,14,10,4,19,5,14,13,7,6,30,4,26,16,15,1,11,1,10,10,4,6,19,13,6,28,11,17,23,9,14
S01011790,303,129,174,11,8,3,19,6,13,8,4,4,26,2,24,40,31,9,24,6,18,23,3,20,29,19,10,56,23,33,67,27,40
S01011791,228,87,141,6,2,4,5,2,3,13,10,3,24,3,21,25,23,2,22,2,20,18,7,11,17,8,9,61,16,45,37,14,23
S01011792,282,127,155,8,6,2,17,4,13,20,11,9,29,8,21,35,30,5,32,6,26,32,5,27,28,22,6,57,23,34,24,12,12
S01011793,183,81,102,12,8,4,27,12,15,9,7,2,25,2,23,23,21,2,12,1,11,20,1,19,12,9,3,21,8,13,22,12,10
S01011794,289,129,160,7,4,3,11,3,8,14,11,3,28,5,23,31,28,3,29,6,23,34,6,28,33,23,10,58,19,39,44,24,20
S01011795,208,92,116,8,3,5,13,1,12,7,7,0,17,3,14,27,26,1,25,4,21,18,3,15,24,19,5,49,17,32,20,9,11
S01011796,233,101,132,2,0,2,8,1,7,15,8,7,16,3,13,24,24,0,16,1,15,25,0,25,26,20,6,67,31,36,34,13,21
S01011797,228,103,125,12,10,2,27,12,15,24,18,6,35,2,33,22,20,2,18,0,18,24,3,21,9,8,1,26,13,13,31,17,14
S01011798,170,69,101,5,4,1,7,0,7,9,5,4,14,1,13,20,18,2,24,2,22,15,3,12,19,11,8,27,9,18,30,16,14
S01011799,261,109,152,10,6,4,29,11,18,14,9,5,34,2,32,36,30,6,18,0,18,27,8,19,18,13,5,37,8,29,38,22,16
S01011800,124,48,76,2,1,1,5,0,5,6,4,2,16,1,15,22,19,3,8,0,8,11,2,9,15,10,5,27,7,20,12,4,8
S01011801,213,95,118,4,3,1,7,3,4,5,3,2,21,1,20,26,22,4,18,1,17,24,8,16,22,13,9,48,23,25,38,18,20
S01011802,206,88,118,9,5,4,4,0,4,8,5,3,20,0,20,33,29,4,11,2,9,25,2,23,33,22,11,42,15,27,21,8,13
S01011803,176,76,100,9,4,5,7,1,6,11,2,9,13,4,9,26,20,6,14,1,13,18,5,13,26,21,5,28,9,19,24,9,15
S01011804,173,71,102,5,1,4,21,9,12,6,4,2,18,6,12,21,18,3,19,1,18,11,1,10,17,12,5,41,15,26,14,4,10
S01011805,138,61,77,16,9,7,20,3,17,9,5,4,12,2,10,19,12,7,16,2,14,6,3,3,7,6,1,23,13,10,10,6,4
S01011806,183,77,106,19,11,8,26,7,19,11,6,5,13,3,10,22,16,6,14,2,12,19,3,16,17,14,3,33,12,21,9,3,6
S01011807,221,96,125,11,5,6,42,18,24,13,9,4,21,4,17,29,19,10,21,4,17,9,1,8,11,8,3,42,16,26,22,12,10
S01011808,125,57,68,4,4,0,18,6,12,4,3,1,10,2,8,7,4,3,10,0,10,11,2,9,11,10,1,31,16,15,19,10,9
S01011809,154,58,96,12,6,6,17,7,10,9,5,4,15,4,11,24,14,10,17,1,16,20,2,18,8,7,1,17,4,13,15,8,7
S01011810,213,86,127,17,6,11,26,7,19,14,9,5,20,4,16,34,23,11,19,1,18,15,4,11,15,12,3,36,11,25,17,9,8
S01011811,222,89,133,13,5,8,34,8,26,18,13,5,17,4,13,41,29,12,29,6,23,15,2,13,13,9,4,23,6,17,19,7,12
S01011812,142,63,79,6,6,0,30,10,20,11,8,3,14,3,11,23,18,5,13,3,10,8,2,6,3,2,1,18,5,13,16,6,10
S01011813,145,49,96,8,4,4,17,3,14,8,6,2,12,2,10,15,11,4,16,0,16,14,2,12,9,5,4,28,10,18,18,6,12
S01011814,114,32,82,8,3,5,17,5,12,9,6,3,8,0,8,16,7,9,11,3,8,14,0,14,5,2,3,19,4,15,7,2,5
S01011815,138,64,74,4,4,0,21,7,14,8,6,2,11,2,9,20,15,5,13,2,11,8,2,6,10,9,1,27,11,16,16,6,10
S01011816,125,48,77,11,8,3,25,9,16,9,5,4,25,4,21,9,7,2,11,1,10,8,2,6,4,4,0,11,3,8,12,5,7
S01011817,120,49,71,14,6,8,13,2,11,10,6,4,6,0,6,19,17,2,11,1,10,10,0,10,8,5,3,14,7,7,15,5,10
S01011818,193,79,114,11,7,4,17,4,13,11,5,6,19,1,18,20,18,2,22,2,20,22,5,17,17,13,4,35,15,20,19,9,10
S01011819,199,88,111,11,6,5,12,3,9,9,7,2,14,2,12,22,19,3,23,3,20,27,7,20,22,18,4,45,15,30,14,8,6
S01011820,146,48,98,8,4,4,18,7,11,3,2,1,13,0,13,17,12,5,12,2,10,12,2,10,9,8,1,26,4,22,28,7,21
S01011821,115,43,72,3,1,2,6,1,5,2,2,0,7,3,4,14,14,0,4,0,4,19,3,16,7,6,1,32,9,23,21,4,17
S01011822,140,64,76,8,5,3,14,3,11,2,2,0,9,3,6,18,15,3,13,2,11,10,2,8,14,13,1,38,12,26,14,7,7
S01011823,130,53,77,6,4,2,8,3,5,5,3,2,8,1,7,16,11,5,5,0,5,23,2,21,9,8,1,31,12,19,19,9,10
S01011824,141,60,81,1,0,1,8,4,4,8,8,0,12,1,11,18,15,3,14,3,11,16,2,14,14,11,3,34,11,23,16,5,11
S01011825,124,54,70,4,2,2,10,4,6,10,8,2,11,1,10,13,6,7,11,2,9,10,1,9,14,13,1,25,5,20,16,12,4
S01011826,124,55,69,8,5,3,10,4,6,11,9,2,13,2,11,16,16,0,12,1,11,13,0,13,4,3,1,24,10,14,13,5,8
S01011827,200,92,108,11,5,6,36,14,22,9,8,1,8,1,7,31,23,8,25,2,23,6,2,4,18,13,5,42,17,25,14,7,7
S01011828,206,98,108,10,4,6,28,9,19,16,9,7,23,6,17,32,24,8,18,3,15,12,2,10,18,15,3,32,15,17,17,11,6
S01011829,80,35,45,4,1,3,11,2,9,6,6,0,8,2,6,15,12,3,8,1,7,7,2,5,4,4,0,11,3,8,6,2,4
S01011830,152,60,92,8,5,3,23,6,17,16,11,5,15,4,11,16,9,7,15,0,15,7,2,5,6,4,2,31,12,19,15,7,8
S01011831,273,130,143,13,6,7,35,20,15,21,13,8,15,2,13,42,32,10,31,3,28,17,3,14,20,13,7,43,21,22,36,17,19
S01011832,187,72,115,15,7,8,28,8,20,12,7,5,15,3,12,27,19,8,22,1,21,8,1,7,15,9,6,25,9,16,20,8,12
S01011833,253,104,149,31,17,14,39,16,23,29,13,16,22,1,21,23,17,6,18,4,14,12,2,10,12,6,6,23,8,15,44,20,24
S01011834,93,35,58,12,6,6,20,8,12,4,0,4,13,3,10,3,3,0,5,0,5,7,0,7,7,6,1,9,4,5,13,5,8
S01011835,137,61,76,9,2,7,20,6,14,16,10,6,18,3,15,11,10,1,8,3,5,10,3,7,6,6,0,17,5,12,22,13,9
S01011836,230,100,130,20,14,6,55,18,37,24,15,9,23,5,18,16,10,6,12,3,9,19,5,14,12,8,4,19,8,11,30,14,16
S01011837,173,72,101,16,11,5,42,11,31,10,6,4,17,1,16,12,11,1,10,1,9,8,3,5,9,7,2,19,7,12,30,14,16
S01011838,228,92,136,31,18,13,53,19,34,21,14,7,33,4,29,13,9,4,14,2,12,22,7,15,10,4,6,16,6,10,15,9,6
S01011839,241,92,149,17,15,2,49,17,32,19,10,9,36,2,34,16,13,3,13,4,9,29,7,22,11,7,4,19,5,14,32,12,20
S01011840,221,92,129,21,14,7,25,8,17,18,13,5,29,2,27,21,17,4,23,0,23,21,4,17,10,7,3,26,10,16,27,17,10
S01011841,210,90,120,12,10,2,27,11,16,10,6,4,29,5,24,17,13,4,18,0,18,19,3,16,19,15,4,32,13,19,27,14,13
S01011842,254,125,129,14,10,4,21,3,18,15,8,7,20,4,16,26,24,2,22,1,21,26,6,20,22,18,4,56,30,26,32,21,11
S01011843,246,91,155,31,14,17,48,16,32,25,12,13,39,4,35,14,9,5,14,2,12,12,0,12,15,11,4,19,6,13,29,17,12
S01011844,163,57,106,24,12,12,37,8,29,16,8,8,21,2,19,12,9,3,6,0,6,7,3,4,2,1,1,17,5,12,21,9,12
S01011845,202,86,116,17,13,4,26,10,16,14,8,6,27,3,24,21,17,4,18,1,17,13,1,12,9,5,4,36,17,19,21,11,10
S01011846,191,73,118,28,20,8,40,10,30,17,6,11,19,1,18,14,11,3,9,1,8,14,3,11,4,4,0,20,6,14,26,11,15
S01011847,105,42,63,13,8,5,28,10,18,15,8,7,20,3,17,7,7,0,6,1,5,7,1,6,0,0,0,4,1,3,5,3,2
S01011848,148,55,93,14,11,3,26,6,20,14,6,8,20,2,18,12,9,3,13,3,10,10,0,10,4,3,1,19,9,10,16,6,10
S01011849,149,60,89,17,11,6,26,9,17,10,7,3,13,3,10,12,9,3,11,1,10,12,1,11,4,3,1,29,10,19,15,6,9
S01011850,163,62,101,27,17,10,33,12,21,17,8,9,24,2,22,11,5,6,10,1,9,14,3,11,4,4,0,10,6,4,13,4,9
S01011851,197,90,107,15,7,8,26,11,15,10,2,8,14,2,12,26,20,6,26,4,22,12,1,11,9,8,1,38,22,16,21,13,8
S01011852,214,87,127,12,4,8,21,6,15,19,10,9,30,4,26,18,16,2,12,1,11,14,2,12,18,15,3,40,17,23,30,12,18
S01011853,147,62,85,17,9,8,25,9,16,11,7,4,18,3,15,13,11,2,12,1,11,11,1,10,5,5,0,19,6,13,16,10,6
S01011854,187,74,113,21,12,9,30,10,20,12,5,7,28,3,25,31,20,11,10,2,8,16,2,14,7,5,2,16,7,9,16,8,8
S01011855,196,87,109,8,4,4,10,3,7,7,5,2,11,1,10,33,28,5,22,2,20,19,2,17,18,15,3,45,19,26,23,8,15
S01011856,213,83,130,41,26,15,42,15,27,28,16,12,28,1,27,10,6,4,13,0,13,14,2,12,1,1,0,16,8,8,20,8,12
S01011857,148,54,94,17,11,6,15,2,13,12,5,7,14,1,13,13,7,6,14,0,14,13,2,11,7,5,2,21,9,12,22,12,10
S01011858,229,81,148,36,23,13,51,16,35,20,9,11,26,1,25,13,9,4,14,1,13,12,0,12,2,2,0,31,11,20,24,9,15
S01011859,263,107,156,26,17,9,51,14,37,18,11,7,49,5,44,28,19,9,16,1,15,13,2,11,10,10,0,30,13,17,22,15,7
S01011860,92,36,56,14,8,6,11,4,7,9,6,3,10,0,10,4,4,0,10,2,8,3,0,3,1,1,0,11,3,8,19,8,11
S01011861,190,73,117,25,13,12,42,16,26,21,11,10,19,2,17,13,8,5,13,0,13,11,0,11,7,5,2,22,7,15,17,11,6
S01011862,295,125,170,44,31,13,77,30,47,27,13,14,36,3,33,23,17,6,29,4,25,12,1,11,6,6,0,23,10,13,18,10,8
S01011863,213,88,125,16,6,10,58,20,38,10,5,5,21,6,15,15,11,4,12,2,10,13,3,10,4,2,2,25,12,13,39,21,18
S01011864,185,83,102,19,12,7,51,20,31,18,14,4,28,2,26,8,5,3,11,2,9,15,5,10,6,6,0,15,9,6,14,8,6
S01011865,157,66,91,6,2,4,22,8,14,11,4,7,27,5,22,16,16,0,13,1,12,11,1,10,5,4,1,31,15,16,15,10,5
S01011866,182,72,110,7,3,4,24,7,17,12,7,5,23,2,21,20,17,3,21,4,17,14,3,11,6,5,1,31,11,20,24,13,11
S01011867,198,88,110,9,6,3,10,3,7,10,5,5,14,1,13,29,24,5,22,1,21,17,3,14,15,14,1,50,22,28,22,9,13
S01011868,188,84,104,11,10,1,21,7,14,13,7,6,22,4,18,17,11,6,17,2,15,16,3,13,13,12,1,34,16,18,24,12,12
S01011869,171,80,91,12,5,7,21,7,14,8,6,2,18,2,16,18,15,3,13,2,11,14,3,11,15,13,2,31,14,17,21,13,8
S01011870,193,85,108,16,9,7,9,2,7,9,5,4,11,3,8,26,17,9,19,5,14,16,2,14,12,9,3,41,17,24,34,16,18
S01011871,232,86,146,21,14,7,27,6,21,23,8,15,26,1,25,21,16,5,28,4,24,12,1,11,7,6,1,29,14,15,38,16,22
S01011872,198,75,123,11,8,3,45,16,29,15,8,7,31,1,30,19,15,4,12,0,12,16,2,14,6,4,2,18,9,9,25,12,13
S01011873,167,67,100,20,13,7,28,7,21,14,6,8,26,1,25,8,5,3,12,4,8,14,2,12,9,9,0,12,5,7,24,15,9
S01011874,128,51,77,7,3,4,19,6,13,6,2,4,17,2,15,17,14,3,11,1,10,15,3,12,5,4,1,15,5,10,16,11,5
S01011875,173,83,90,6,4,2,19,6,13,9,7,2,25,3,22,26,22,4,9,3,6,16,2,14,13,13,0,28,10,18,22,13,9
S01011876,203,92,111,20,16,4,41,17,24,16,11,5,23,2,21,23,19,4,13,2,11,14,2,12,7,6,1,25,10,15,21,7,14
S01011877,134,52,82,11,6,5,12,4,8,10,5,5,24,3,21,20,18,2,12,2,10,7,1,6,10,7,3,17,5,12,11,1,10
S01011878,400,196,204,21,9,12,43,15,28,33,19,14,29,4,25,15,10,5,18,5,13,23,9,14,8,7,1,38,12,26,172,106,66
S01011879,141,59,82,6,3,3,27,12,15,11,6,5,18,2,16,11,9,2,11,1,10,17,5,12,3,3,0,8,5,3,29,13,16
S01011880,145,54,91,13,8,5,29,9,20,13,4,9,14,1,13,15,8,7,12,1,11,6,1,5,8,6,2,13,5,8,22,11,11
S01011881,132,68,64,16,11,5,22,11,11,10,6,4,12,1,11,7,6,1,15,2,13,8,2,6,4,3,1,21,9,12,17,17,0
S01011882,230,107,123,18,12,6,19,4,15,18,11,7,24,4,20,17,13,4,25,5,20,18,1,17,19,18,1,41,20,21,31,19,12
S01011883,296,85,211,18,9,9,52,15,37,32,18,14,37,7,30,13,8,5,15,1,14,14,1,13,12,10,2,26,5,21,77,11,66
S01011884,92,40,52,7,2,5,9,3,6,16,10,6,7,1,6,14,8,6,3,1,2,7,2,5,8,5,3,11,5,6,10,3,7
S01011885,101,35,66,12,5,7,25,7,18,13,4,9,13,1,12,9,5,4,3,0,3,5,1,4,3,3,0,7,1,6,11,8,3
S01011886,200,81,119,16,8,8,35,18,17,13,8,5,34,4,30,18,14,4,11,0,11,19,3,16,9,4,5,24,12,12,21,10,11
S01011887,130,64,66,2,2,0,13,6,7,14,9,5,10,1,9,13,11,2,11,0,11,16,4,12,7,5,2,27,17,10,17,9,8
S01011888,185,84,101,8,5,3,12,4,8,15,8,7,10,0,10,26,21,5,13,0,13,19,5,14,9,7,2,37,12,25,36,22,14
S01011889,223,91,132,15,5,10,38,12,26,20,9,11,39,6,33,20,17,3,21,4,17,14,2,12,9,9,0,23,13,10,24,14,10
S01011890,138,67,71,3,1,2,21,8,13,13,11,2,17,5,12,11,8,3,8,2,6,15,2,13,7,7,0,24,10,14,19,13,6
S01011891,677,584,93,13,12,1,24,16,8,30,28,2,19,7,12,128,126,2,16,3,13,39,23,16,89,87,2,163,138,25,156,144,12
S01011892,150,67,83,11,8,3,27,9,18,13,6,7,23,5,18,14,11,3,9,2,7,21,7,14,6,5,1,15,9,6,11,5,6
S01011893,204,97,107,12,8,4,22,11,11,21,11,10,31,2,29,22,17,5,15,5,10,16,3,13,13,12,1,36,20,16,16,8,8
S01011894,134,59,75,7,3,4,14,7,7,5,4,1,17,3,14,10,9,1,12,3,9,18,4,14,9,5,4,27,13,14,15,8,7
S01011895,175,75,100,15,10,5,32,10,22,20,14,6,26,7,19,8,6,2,10,1,9,19,3,16,7,5,2,16,9,7,22,10,12
S01011896,195,75,120,12,7,5,27,8,19,12,9,3,36,5,31,21,19,2,14,3,11,20,2,18,9,6,3,22,7,15,22,9,13
S01011897,234,89,145,11,8,3,44,15,29,24,15,9,32,2,30,17,14,3,15,0,15,24,4,20,13,11,2,18,6,12,36,14,22
S01011898,136,65,71,15,10,5,38,13,25,15,13,2,22,3,19,6,5,1,8,0,8,4,1,3,1,1,0,6,3,3,21,16,5
S01011899,222,88,134,11,10,1,32,11,21,23,18,5,49,6,43,17,15,2,12,1,11,32,5,27,11,9,2,14,3,11,21,10,11
S01011900,162,73,89,13,9,4,35,14,21,14,10,4,27,7,20,10,7,3,8,1,7,16,5,11,6,4,2,10,2,8,23,14,9
S01011901,204,78,126,18,9,9,39,16,23,21,9,12,32,7,25,17,12,5,17,1,16,18,4,14,5,4,1,22,11,11,15,5,10
S01011902,271,113,158,24,19,5,56,21,35,24,18,6,49,6,43,19,14,5,19,2,17,26,7,19,6,5,1,18,9,9,30,12,18
S01011903,203,78,125,10,6,4,45,19,26,17,12,5,49,4,45,16,13,3,10,0,10,18,2,16,5,4,1,14,7,7,19,11,8
S01011904,176,73,103,17,10,7,32,11,21,19,15,4,27,5,22,9,6,3,12,2,10,20,6,14,5,2,3,15,7,8,20,9,11
S01011905,138,54,84,10,5,5,18,9,9,11,6,5,22,3,19,6,6,0,14,1,13,12,3,9,4,3,1,11,2,9,30,16,14
S01011906,97,35,62,2,1,1,16,2,14,14,11,3,24,3,21,6,5,1,5,0,5,12,2,10,3,2,1,8,5,3,7,4,3
S01011907,138,53,85,7,4,3,16,3,13,15,8,7,20,1,19,7,5,2,7,1,6,23,4,19,5,3,2,23,12,11,15,12,3
S01011908,59,25,34,6,4,2,3,0,3,8,5,3,11,0,11,7,5,2,3,0,3,7,4,3,3,2,1,6,2,4,5,3,2
S01011909,93,36,57,11,7,4,4,2,2,7,3,4,9,3,6,11,7,4,6,0,6,17,2,15,3,3,0,12,4,8,13,5,8
S01011910,255,101,154,6,5,1,7,0,7,8,6,2,12,3,9,30,26,4,24,1,23,33,5,28,13,11,2,78,19,59,44,25,19
S01011911,145,60,85,13,7,6,4,2,2,5,2,3,13,2,11,16,12,4,12,3,9,11,3,8,13,12,1,29,6,23,29,11,18
S01011912,150,68,82,3,2,1,5,2,3,5,5,0,9,0,9,29,26,3,8,1,7,14,0,14,7,5,2,48,17,31,22,10,12
S01011913,189,85,104,11,7,4,10,4,6,11,8,3,8,1,7,27,22,5,16,1,15,23,2,21,11,8,3,43,20,23,29,12,17
S01011914,209,89,120,4,3,1,4,2,2,9,7,2,12,5,7,23,20,3,23,0,23,24,0,24,14,13,1,53,19,34,43,20,23
S01011915,203,89,114,2,1,1,12,3,9,5,3,2,14,1,13,28,22,6,15,2,13,15,4,11,21,19,2,51,13,38,40,21,19
S01011916,150,66,84,2,0,2,4,3,1,4,2,2,8,1,7,16,14,2,14,2,12,17,1,16,13,12,1,39,12,27,33,19,14
S01011917,125,48,77,4,4,0,2,0,2,10,8,2,14,1,13,7,6,1,7,3,4,20,4,16,12,10,2,27,4,23,22,8,14
S01011918,247,117,130,11,7,4,7,2,5,9,3,6,10,0,10,22,18,4,24,4,20,22,4,18,14,10,4,75,41,34,53,28,25
S01011919,249,135,114,8,5,3,14,7,7,13,8,5,21,4,17,20,18,2,12,1,11,25,8,17,15,13,2,59,28,31,62,43,19
S01011920,150,74,76,3,0,3,3,0,3,1,0,1,9,4,5,22,21,1,14,1,13,19,3,16,16,12,4,37,18,19,26,15,11
S01011921,143,50,93,1,0,1,6,3,3,7,3,4,13,2,11,20,17,3,13,4,9,20,2,18,9,7,2,38,7,31,16,5,11
S01011922,199,93,106,5,1,4,6,3,3,6,2,4,12,2,10,28,21,7,18,3,15,29,7,22,13,11,2,55,31,24,27,12,15
S01011923,238,99,139,2,0,2,2,1,1,12,8,4,10,2,8,15,12,3,24,9,15,29,3,26,21,14,7,76,33,43,47,17,30
S01011924,112,50,62,6,4,2,2,1,1,3,1,2,11,2,9,17,16,1,7,0,7,14,0,14,10,6,4,33,13,20,9,7,2
S01011925,99,46,53,4,3,1,10,6,4,8,6,2,7,1,6,5,3,2,10,2,8,10,3,7,2,0,2,17,8,9,26,14,12
S01011926,157,64,93,3,1,2,3,1,2,4,3,1,17,0,17,20,13,7,14,2,12,17,5,12,7,7,0,52,24,28,20,8,12
S01011927,176,81,95,7,3,4,5,2,3,6,4,2,18,2,16,19,14,5,26,4,22,24,8,16,9,8,1,40,21,19,22,15,7
S01011928,205,83,122,7,1,6,9,1,8,6,3,3,16,4,12,32,24,8,14,1,13,26,3,23,27,18,9,44,18,26,24,10,14
S01011929,177,79,98,5,3,2,5,1,4,9,6,3,20,5,15,17,11,6,11,3,8,20,4,16,18,15,3,46,18,28,26,13,13
S01011930,158,63,95,5,1,4,3,0,3,6,5,1,14,2,12,18,10,8,17,2,15,20,4,16,9,8,1,44,16,28,22,15,7
S01011931,183,77,106,2,1,1,5,4,1,7,5,2,7,1,6,20,16,4,15,3,12,21,1,20,9,7,2,58,25,33,39,14,25
S01011932,124,52,72,4,2,2,10,1,9,3,1,2,7,1,6,17,15,2,12,1,11,12,2,10,5,4,1,22,9,13,32,16,16
S01011933,148,71,77,5,2,3,5,0,5,12,8,4,6,0,6,14,11,3,5,0,5,20,9,11,12,10,2,45,18,27,24,13,11
S01011934,288,144,144,8,3,5,24,12,12,13,12,1,24,5,19,35,32,3,24,3,21,36,7,29,10,6,4,51,21,30,63,43,20
S01011935,184,99,85,8,6,2,5,1,4,11,9,2,15,4,11,19,14,5,8,0,8,21,8,13,17,11,6,49,27,22,31,19,12
S01011936,156,80,76,10,5,5,17,6,11,13,8,5,14,1,13,11,6,5,13,2,11,16,8,8,9,8,1,26,17,9,27,19,8
S01011937,148,85,63,7,4,3,4,2,2,14,9,5,8,2,6,18,17,1,20,4,16,10,4,6,8,5,3,25,13,12,34,25,9
S01011938,154,72,82,14,12,2,20,5,15,10,4,6,20,4,16,13,11,2,13,5,8,20,4,16,3,3,0,28,15,13,13,9,4
S01011939,224,124,100,13,10,3,7,5,2,15,7,8,17,3,14,27,23,4,20,6,14,26,8,18,12,9,3,48,28,20,39,25,14
S01011940,98,49,49,3,1,2,3,0,3,3,3,0,5,0,5,14,11,3,8,0,8,12,2,10,6,4,2,17,12,5,27,16,11
S01011941,155,104,51,3,2,1,11,7,4,10,8,2,5,3,2,25,21,4,9,1,8,25,12,13,11,9,2,36,26,10,20,15,5
S01011942,191,113,78,2,1,1,8,2,6,11,8,3,12,4,8,20,19,1,11,3,8,16,4,12,10,8,2,54,34,20,47,30,17
S01011943,369,209,160,11,8,3,14,6,8,14,9,5,17,3,14,52,46,6,39,10,29,56,18,38,31,27,4,71,45,26,64,37,27
S01011944,133,56,77,16,8,8,32,11,21,7,6,1,22,2,20,10,10,0,8,1,7,10,1,9,4,3,1,9,5,4,15,9,6
S01011945,258,113,145,26,23,3,60,23,37,27,12,15,47,8,39,9,4,5,13,3,10,16,2,14,4,3,1,18,14,4,38,21,17
S01011946,238,108,130,18,12,6,24,7,17,12,8,4,29,6,23,25,24,1,26,5,21,31,7,24,14,9,5,35,19,16,24,11,13
S01011947,138,60,78,6,3,3,16,8,8,17,13,4,24,2,22,16,15,1,15,2,13,10,4,6,7,4,3,14,5,9,13,4,9
S01011948,305,138,167,24,12,12,51,21,30,15,8,7,35,5,30,23,22,1,20,1,19,19,6,13,9,9,0,30,15,15,79,39,40
S01011949,242,90,152,26,13,13,66,23,43,23,13,10,38,4,34,19,15,4,15,3,12,23,3,20,4,3,1,20,9,11,8,4,4
S01011950,207,81,126,12,9,3,27,10,17,14,10,4,27,2,25,18,15,3,18,3,15,26,3,23,14,12,2,35,13,22,16,4,12
S01011951,161,57,104,10,7,3,23,8,15,16,9,7,27,3,24,12,9,3,18,0,18,17,1,16,6,4,2,16,8,8,16,8,8
S01011952,120,47,73,15,9,6,21,9,12,14,7,7,25,3,22,9,5,4,7,1,6,9,3,6,3,2,1,9,4,5,8,4,4
S01011953,164,59,105,15,9,6,31,10,21,15,5,10,31,4,27,13,10,3,13,2,11,9,2,7,4,3,1,17,4,13,16,10,6
S01011954,122,49,73,7,5,2,13,3,10,9,5,4,14,0,14,15,13,2,16,3,13,16,2,14,4,4,0,22,11,11,6,3,3
S01011955,226,101,125,10,5,5,22,7,15,24,15,9,29,6,23,21,15,6,15,3,12,25,7,18,15,14,1,41,16,25,24,13,11
S01011956,189,78,111,10,7,3,32,15,17,17,6,11,26,2,24,23,22,1,15,3,12,15,2,13,9,5,4,22,5,17,20,11,9
S01011957,222,101,121,17,12,5,34,9,25,18,5,13,21,1,20,20,15,5,14,2,12,17,4,13,18,18,0,25,12,13,38,23,15
S01011958,254,98,156,21,10,11,58,21,37,20,11,9,25,5,20,19,11,8,17,0,17,26,7,19,19,17,2,35,12,23,14,4,10
S01011959,237,105,132,14,10,4,37,12,25,14,7,7,26,5,21,17,16,1,18,1,17,11,3,8,15,13,2,32,9,23,53,29,24
S01011960,137,52,85,16,12,4,18,5,13,10,5,5,18,1,17,15,11,4,10,0,10,10,2,8,5,5,0,20,5,15,15,6,9
S01011961,122,46,76,5,2,3,14,3,11,12,6,6,18,2,16,19,14,5,9,0,9,11,3,8,9,7,2,19,5,14,6,4,2
S01011962,146,58,88,14,8,6,30,12,18,12,4,8,22,2,20,12,11,1,9,0,9,11,2,9,7,6,1,12,7,5,17,6,11
S01011963,112,47,65,4,2,2,12,4,8,9,6,3,11,1,10,9,5,4,14,1,13,11,1,10,8,6,2,24,15,9,10,6,4
S01011964,237,99,138,17,11,6,30,15,15,20,12,8,43,2,41,23,19,4,14,1,13,19,4,15,21,15,6,26,12,14,24,8,16
S01011965,222,110,112,8,5,3,47,13,34,18,10,8,23,2,21,21,20,1,8,4,4,11,3,8,17,11,6,31,13,18,38,29,9
S01011966,210,89,121,21,16,5,42,15,27,19,10,9,28,5,23,16,12,4,11,0,11,15,5,10,18,12,6,15,5,10,25,9,16
S01011967,346,214,132,17,10,7,45,15,30,25,15,10,28,5,23,53,47,6,18,1,17,21,12,9,40,35,5,52,40,12,47,34,13
S01011968,243,97,146,13,8,5,37,13,24,14,5,9,37,4,33,24,21,3,22,5,17,23,7,16,16,15,1,29,9,20,28,10,18
S01011969,268,113,155,13,8,5,32,13,19,16,7,9,30,5,25,34,23,11,19,3,16,24,1,23,29,17,12,45,22,23,26,14,12
S01011970,222,106,116,4,3,1,8,3,5,7,5,2,19,2,17,32,26,6,10,1,9,21,5,16,37,22,15,49,22,27,35,17,18
S01011971,114,44,70,5,3,2,22,4,18,8,5,3,12,1,11,8,7,1,12,2,10,10,2,8,11,8,3,13,5,8,13,7,6
S01011972,297,139,158,31,18,13,42,14,28,22,15,7,36,6,30,32,23,9,21,3,18,18,3,15,20,18,2,35,15,20,40,24,16
S01011973,141,59,82,13,4,9,28,12,16,8,4,4,18,3,15,15,11,4,10,2,8,9,1,8,6,6,0,23,11,12,11,5,6
S01011974,180,78,102,27,16,11,34,12,22,15,11,4,21,1,20,12,12,0,18,2,16,9,1,8,9,8,1,17,7,10,18,8,10
S01011975,127,51,76,7,3,4,25,9,16,9,5,4,16,2,14,9,8,1,7,1,6,14,2,12,7,7,0,24,10,14,9,4,5
S01011976,203,81,122,19,11,8,29,8,21,13,10,3,18,1,17,21,16,5,23,1,22,15,1,14,9,9,0,35,14,21,21,10,11
S01011977,332,140,192,18,11,7,29,12,17,27,16,11,35,8,27,35,23,12,39,4,35,28,6,22,25,16,9,50,23,27,46,21,25
S01011978,190,71,119,16,8,8,16,6,10,13,6,7,15,2,13,20,15,5,26,3,23,19,0,19,16,13,3,35,10,25,14,8,6
S01011979,201,84,117,31,19,12,32,9,23,12,10,2,28,2,26,19,13,6,12,1,11,10,1,9,10,8,2,26,9,17,21,12,9
S01011980,112,46,66,14,7,7,22,6,16,14,8,6,10,0,10,9,7,2,11,0,11,3,0,3,4,4,0,13,8,5,12,6,6
S01011981,201,85,116,16,8,8,33,7,26,18,13,5,20,1,19,28,19,9,19,2,17,8,3,5,11,9,2,27,13,14,21,10,11
S01011982,202,75,127,21,10,11,36,13,23,18,7,11,21,1,20,19,13,6,15,3,12,14,3,11,12,9,3,22,5,17,24,11,13
S01011983,185,78,107,20,6,14,33,14,19,19,9,10,14,3,11,28,21,7,9,0,9,14,2,12,8,8,0,28,10,18,12,5,7
S01011984,174,71,103,9,7,2,8,3,5,7,5,2,11,2,9,21,15,6,8,1,7,14,2,12,10,4,6,57,19,38,29,13,16
S01011985,158,64,94,10,6,4,14,5,9,10,8,2,18,2,16,20,14,6,11,0,11,16,2,14,7,5,2,20,7,13,32,15,17
S01011986,203,91,112,6,1,5,8,6,2,3,2,1,5,1,4,25,25,0,16,2,14,30,6,24,19,13,6,63,26,37,28,9,19
S01011987,264,119,145,7,5,2,26,8,18,25,16,9,24,3,21,27,21,6,22,3,19,24,7,17,25,14,11,54,27,27,30,15,15
S01011988,213,88,125,19,14,5,27,11,16,18,11,7,27,2,25,10,6,4,16,3,13,20,2,18,13,11,2,20,11,9,43,17,26
S01011989,200,88,112,15,9,6,21,5,16,14,12,2,25,3,22,28,21,7,12,2,10,17,4,13,19,15,4,30,9,21,19,8,11
S01011990,215,81,134,19,12,7,32,7,25,18,12,6,29,4,25,19,15,4,25,0,25,15,4,11,14,11,3,28,12,16,16,4,12
S01011991,167,75,92,14,10,4,16,3,13,9,6,3,25,5,20,15,15,0,13,0,13,11,1,10,8,7,1,32,12,20,24,16,8
S01011992,239,91,148,12,6,6,58,24,34,19,8,11,39,3,36,20,18,2,13,1,12,20,2,18,20,17,3,17,4,13,21,8,13
S01011993,210,99,111,9,4,5,12,4,8,9,6,3,20,3,17,23,19,4,18,1,17,14,2,12,23,16,7,52,28,24,30,16,14
S01011994,263,114,149,35,21,14,73,21,52,25,12,13,39,6,33,24,19,5,10,2,8,9,1,8,14,13,1,15,9,6,19,10,9
S01011995,160,64,96,11,5,6,24,9,15,16,8,8,16,0,16,18,17,1,19,3,16,11,2,9,5,5,0,22,5,17,18,10,8
S01011996,135,53,82,4,0,4,10,4,6,6,3,3,17,0,17,14,11,3,6,0,6,15,2,13,9,7,2,25,10,15,29,16,13
S01011997,199,87,112,12,4,8,26,14,12,12,3,9,20,5,15,24,20,4,23,6,17,16,5,11,9,5,4,34,13,21,23,12,11
S01011998,136,56,80,14,8,6,28,10,18,20,10,10,25,4,21,11,9,2,7,2,5,15,4,11,6,6,0,7,1,6,3,2,1
S01011999,118,53,65,6,6,0,24,7,17,9,5,4,10,2,8,13,10,3,7,1,6,9,2,7,14,7,7,13,5,8,13,8,5
S01012000,87,34,53,7,3,4,11,3,8,5,3,2,14,3,11,12,12,0,14,1,13,8,1,7,3,2,1,10,4,6,3,2,1
S01012001,124,44,80,7,3,4,10,4,6,11,5,6,9,0,9,14,11,3,19,1,18,14,1,13,10,7,3,25,9,16,5,3,2
S01012002,142,54,88,6,6,0,12,3,9,11,7,4,20,3,17,16,7,9,13,1,12,13,1,12,15,13,2,21,4,17,15,9,6
S01012003,133,66,67,11,6,5,13,3,10,5,3,2,11,1,10,16,15,1,9,2,7,19,4,15,9,8,1,31,19,12,9,5,4
S01012004,211,81,130,16,6,10,27,9,18,13,8,5,28,4,24,16,13,3,13,0,13,25,3,22,10,6,4,38,17,21,25,15,10
S01012005,173,79,94,11,6,5,25,11,14,11,5,6,26,2,24,16,15,1,13,3,10,13,6,7,11,9,2,26,11,15,21,11,10
S01012006,309,168,141,20,11,9,20,8,12,15,9,6,14,1,13,12,9,3,15,5,10,16,5,11,10,8,2,46,25,21,141,87,54
S01012007,194,85,109,17,9,8,43,19,24,12,7,5,23,2,21,23,15,8,21,3,18,16,6,10,13,12,1,12,4,8,14,8,6
S01012008,204,99,105,16,13,3,31,8,23,13,9,4,20,2,18,20,14,6,15,1,14,16,6,10,6,5,1,20,7,13,47,34,13
S01012009,127,44,83,9,6,3,22,9,13,9,5,4,15,1,14,12,7,5,10,2,8,5,0,5,10,4,6,21,4,17,14,6,8
S01012010,263,102,161,31,15,16,68,27,41,20,10,10,34,2,32,22,18,4,14,2,12,20,7,13,8,5,3,30,10,20,16,6,10
S01012011,237,113,124,19,9,10,41,19,22,16,8,8,16,6,10,28,21,7,27,2,25,20,2,18,12,10,2,32,18,14,26,18,8
S01012012,192,83,109,21,9,12,35,16,19,18,10,8,30,6,24,16,13,3,12,0,12,24,6,18,9,9,0,17,8,9,10,6,4
S01012013,183,79,104,17,11,6,34,14,20,12,9,3,28,3,25,26,17,9,8,1,7,11,3,8,12,10,2,22,6,16,13,5,8
S01012014,167,78,89,16,3,13,17,7,10,16,7,9,14,3,11,31,24,7,11,2,9,7,1,6,7,7,0,31,10,21,17,14,3
S01012015,198,81,117,15,7,8,34,13,21,8,3,5,26,1,25,17,14,3,19,2,17,14,5,9,7,6,1,37,16,21,21,14,7
S01012016,187,87,100,18,10,8,42,21,21,14,8,6,23,3,20,18,14,4,13,1,12,14,3,11,9,8,1,16,8,8,20,11,9
S01012017,150,67,83,16,12,4,36,14,22,7,2,5,16,1,15,12,8,4,12,1,11,6,3,3,3,3,0,19,9,10,23,14,9
S01012018,202,91,111,21,12,9,53,17,36,21,9,12,17,5,12,14,8,6,13,1,12,8,2,6,9,8,1,23,12,11,23,17,6
S01012019,184,95,89,8,5,3,26,12,14,12,7,5,32,6,26,22,19,3,17,1,16,17,9,8,15,12,3,12,7,5,23,17,6
S01012020,208,96,112,2,2,0,27,12,15,16,7,9,20,0,20,30,28,2,20,4,16,8,1,7,23,17,6,38,15,23,24,10,14
S01012021,153,63,90,7,5,2,30,11,19,9,4,5,19,2,17,10,10,0,9,0,9,13,6,7,11,7,4,14,8,6,31,10,21
S01012022,152,69,83,3,2,1,11,3,8,7,4,3,22,4,18,20,16,4,14,2,12,14,3,11,16,13,3,24,11,13,21,11,10
S01012023,126,53,73,12,9,3,24,8,16,10,5,5,19,3,16,12,8,4,9,0,9,5,2,3,8,2,6,7,4,3,20,12,8
S01012024,192,79,113,10,5,5,29,13,16,18,13,5,30,4,26,11,11,0,14,2,12,18,5,13,18,15,3,18,1,17,26,10,16
S01012025,165,78,87,11,6,5,14,8,6,11,7,4,21,3,18,17,14,3,16,3,13,19,5,14,21,15,6,24,8,16,11,9,2
S01012026,98,43,55,6,3,3,7,2,5,6,2,4,9,1,8,6,5,1,3,0,3,16,5,11,5,5,0,8,4,4,32,16,16
S01012027,220,105,115,11,5,6,21,8,13,15,9,6,29,4,25,20,15,5,20,3,17,19,7,12,16,11,5,33,18,15,36,25,11
S01012028,249,111,138,36,24,12,64,21,43,29,23,6,30,2,28,10,8,2,12,2,10,25,9,16,1,1,0,12,6,6,30,15,15
S01012029,266,142,124,15,12,3,24,13,11,28,23,5,25,6,19,30,24,6,14,3,11,25,5,20,23,20,3,34,15,19,48,21,27
S01012030,137,62,75,10,8,2,18,6,12,10,4,6,18,2,16,16,13,3,7,0,7,8,4,4,8,7,1,21,9,12,21,9,12
S01012031,162,77,85,19,14,5,50,22,28,20,11,9,27,6,21,11,8,3,4,0,4,11,3,8,2,2,0,6,4,2,12,7,5
S01012032,81,35,46,8,7,1,21,7,14,8,3,5,14,2,12,6,5,1,4,0,4,3,0,3,3,2,1,2,2,0,12,7,5
S01012033,234,113,121,9,7,2,35,15,20,17,13,4,40,5,35,30,25,5,13,2,11,21,5,16,19,13,6,20,13,7,30,15,15
S01012034,219,87,132,8,4,4,31,12,19,17,8,9,24,7,17,20,16,4,13,0,13,25,5,20,20,12,8,27,7,20,34,16,18
S01012035,265,112,153,21,17,4,45,17,28,16,13,3,37,7,30,21,17,4,20,1,19,24,4,20,26,14,12,24,13,11,31,9,22
S01012036,264,112,152,16,9,7,45,20,25,19,11,8,44,3,41,31,28,3,12,4,8,14,0,14,17,12,5,25,9,16,41,16,25
S01012037,320,132,188,6,4,2,9,3,6,13,5,8,27,4,23,37,32,5,37,3,34,34,7,27,29,17,12,71,28,43,57,29,28
S01012038,322,125,197,5,3,2,7,0,7,9,3,6,16,3,13,26,23,3,28,5,23,34,6,28,46,26,20,67,19,48,84,37,47
S01012039,350,153,197,9,2,7,7,4,3,13,7,6,28,6,22,46,36,10,34,4,30,28,6,22,42,25,17,72,24,48,71,39,32
S01012040,160,66,94,14,11,3,12,3,9,12,6,6,14,0,14,14,10,4,9,1,8,15,1,14,15,9,6,17,6,11,38,19,19
S01012041,249,108,141,7,7,0,14,5,9,11,7,4,22,2,20,26,22,4,31,5,26,35,12,23,29,12,17,41,14,27,33,22,11
S01012042,258,101,157,4,3,1,7,0,7,15,7,8,16,2,14,28,20,8,22,0,22,38,11,27,29,24,5,64,23,41,35,11,24
S01012043,295,132,163,8,6,2,13,6,7,13,2,11,16,2,14,33,28,5,29,1,28,23,3,20,27,17,10,70,35,35,63,32,31
S01012044,353,166,187,13,9,4,6,3,3,13,9,4,26,5,21,34,28,6,37,7,30,28,7,21,46,30,16,102,43,59,48,25,23
S01012045,338,166,172,8,6,2,14,4,10,22,13,9,30,3,27,43,39,4,30,3,27,33,10,23,34,23,11,51,25,26,73,40,33
S01012046,258,129,129,6,3,3,2,0,2,13,8,5,19,1,18,44,37,7,18,2,16,27,7,20,35,22,13,37,16,21,57,33,24
S01012047,317,143,174,9,5,4,5,3,2,12,4,8,20,2,18,36,27,9,32,9,23,20,3,17,43,32,11,82,31,51,58,27,31
S01012048,246,101,145,7,1,6,7,1,6,11,6,5,17,3,14,26,24,2,24,2,22,28,5,23,33,23,10,46,17,29,47,19,28
S01012049,194,83,111,9,5,4,14,8,6,11,7,4,18,1,17,24,22,2,13,1,12,23,3,20,16,10,6,37,17,20,29,9,20
S01012050,235,95,140,10,7,3,9,4,5,12,6,6,17,2,15,15,13,2,25,5,20,26,4,22,26,17,9,47,13,34,48,24,24
S01012051,137,60,77,10,7,3,15,4,11,7,4,3,24,6,18,10,10,0,10,1,9,12,1,11,6,5,1,24,12,12,19,10,9
S01012052,236,100,136,5,3,2,12,2,10,14,7,7,16,0,16,27,20,7,24,7,17,30,5,25,35,25,10,37,13,24,36,18,18
S01012053,293,151,142,7,2,5,11,3,8,8,5,3,28,6,22,33,31,2,28,9,19,30,9,21,47,36,11,61,34,27,40,16,24
S01012054,287,148,139,5,4,1,6,2,4,10,6,4,19,5,14,38,31,7,27,5,22,31,17,14,37,25,12,70,36,34,44,17,27
S01012055,263,106,157,15,9,6,3,2,1,12,7,5,25,2,23,29,21,8,17,3,14,38,10,28,37,23,14,57,18,39,30,11,19
S01012056,230,114,116,7,4,3,25,8,17,14,8,6,30,7,23,25,20,5,13,2,11,21,5,16,24,14,10,26,14,12,45,32,13
S01012057,186,77,109,15,13,2,32,11,21,20,12,8,38,3,35,10,7,3,8,1,7,15,2,13,8,6,2,10,6,4,30,16,14
S01012058,197,82,115,18,13,5,37,14,23,9,7,2,29,5,24,11,10,1,21,3,18,21,3,18,8,6,2,20,9,11,23,12,11
S01012059,263,129,134,9,4,5,11,6,5,11,7,4,13,1,12,40,36,4,23,6,17,35,7,28,23,13,10,53,22,31,45,27,18
S01012060,256,111,145,5,3,2,15,2,13,10,4,6,24,4,20,27,23,4,28,8,20,16,4,12,29,21,8,52,20,32,50,22,28
S01012061,280,117,163,22,15,7,44,15,29,26,20,6,34,4,30,26,21,5,20,0,20,22,1,21,17,11,6,23,9,14,46,21,25
S01012062,170,74,96,6,2,4,16,3,13,17,13,4,21,2,19,22,18,4,13,3,10,16,6,10,9,5,4,22,9,13,28,13,15
S01012063,110,40,70,4,2,2,8,0,8,7,3,4,10,1,9,5,5,0,17,0,17,13,7,6,14,11,3,17,4,13,15,7,8
S01012064,274,112,162,1,0,1,2,2,0,1,1,0,8,1,7,13,11,2,23,2,21,31,8,23,18,11,7,86,38,48,91,38,53
S01012065,251,112,139,0,0,0,1,0,1,3,3,0,7,1,6,17,14,3,12,1,11,17,2,15,28,24,4,68,21,47,98,46,52
S01012066,259,104,155,4,4,0,3,2,1,5,1,4,13,2,11,23,20,3,13,2,11,31,6,25,25,18,7,70,20,50,72,29,43
S01012067,225,96,129,2,0,2,5,2,3,7,5,2,6,0,6,18,14,4,21,7,14,24,5,19,19,13,6,61,24,37,62,26,36
S01012068,276,122,154,1,1,0,3,0,3,5,2,3,15,2,13,22,17,5,17,1,16,10,1,9,27,21,6,77,34,43,99,43,56
S01012069,208,108,100,3,3,0,11,5,6,2,1,1,6,1,5,21,19,2,15,4,11,14,5,9,23,17,6,67,33,34,46,20,26
S01012070,296,145,151,4,1,3,11,6,5,10,2,8,23,1,22,32,31,1,20,3,17,24,9,15,32,24,8,83,41,42,57,27,30
S01012071,411,213,198,13,7,6,9,7,2,14,9,5,18,4,14,47,43,4,38,6,32,40,15,25,37,32,5,121,60,61,74,30,44
S01012072,428,247,181,14,10,4,10,7,3,13,6,7,18,4,14,42,39,3,30,8,22,34,10,24,52,41,11,103,50,53,112,72,40
S01012073,158,68,90,5,1,4,6,2,4,9,4,5,13,4,9,10,8,2,12,1,11,19,5,14,17,11,6,33,15,18,34,17,17
S01012074,130,55,75,2,0,2,9,3,6,6,2,4,18,4,14,17,16,1,15,0,15,9,3,6,7,5,2,20,8,12,27,14,13
S01012075,127,57,70,8,1,7,9,3,6,11,5,6,9,2,7,11,11,0,9,0,9,15,4,11,4,3,1,21,12,9,30,16,14
S01012076,168,70,98,6,5,1,12,3,9,15,10,5,16,4,12,16,15,1,17,1,16,13,4,9,22,14,8,26,7,19,25,7,18
S01012077,219,99,120,11,7,4,8,3,5,6,4,2,13,1,12,20,18,2,28,3,25,20,6,14,21,14,7,54,21,33,38,22,16
S01012078,200,85,115,7,4,3,14,5,9,8,5,3,26,5,21,20,15,5,14,1,13,16,4,12,18,10,8,32,14,18,45,22,23
S01012079,287,122,165,11,5,6,12,5,7,10,4,6,25,5,20,26,22,4,31,2,29,21,4,17,24,19,5,80,27,53,47,29,18
S01012080,237,81,156,4,3,1,5,1,4,8,7,1,14,0,14,14,11,3,31,2,29,29,9,20,25,16,9,53,19,34,54,13,41
S01012081,255,125,130,4,2,2,4,2,2,12,7,5,20,3,17,25,22,3,21,3,18,28,9,19,38,30,8,60,30,30,43,17,26
S01012082,209,105,104,2,1,1,5,3,2,7,5,2,16,3,13,23,22,1,23,4,19,18,6,12,20,18,2,58,26,32,37,17,20
S01012083,264,112,152,3,1,2,5,1,4,8,5,3,13,1,12,40,29,11,26,2,24,27,6,21,32,24,8,81,31,50,29,12,17
S01012084,128,55,73,9,5,4,8,3,5,10,5,5,19,2,17,15,15,0,11,1,10,10,2,8,11,9,2,18,6,12,17,7,10
S01012085,176,75,101,5,3,2,15,8,7,11,8,3,20,4,16,17,14,3,20,4,16,17,3,14,14,11,3,39,10,29,18,10,8
S01012086,284,130,154,8,5,3,7,3,4,9,4,5,22,7,15,39,36,3,30,4,26,30,7,23,24,19,5,70,28,42,45,17,28
S01012087,194,84,110,8,6,2,13,4,9,5,4,1,32,3,29,18,16,2,16,3,13,15,5,10,17,13,4,43,17,26,27,13,14
S01012088,146,68,78,9,5,4,11,6,5,11,6,5,18,0,18,11,11,0,10,2,8,15,3,12,10,9,1,19,8,11,32,18,14
S01012089,198,82,116,14,9,5,38,14,24,17,12,5,38,7,31,15,12,3,20,1,19,13,3,10,11,9,2,10,7,3,22,8,14
S01012090,264,111,153,25,18,7,73,31,42,29,14,15,42,5,37,14,14,0,9,0,9,11,1,10,10,8,2,20,8,12,31,12,19
S01012091,118,56,62,4,3,1,13,6,7,5,4,1,18,4,14,17,14,3,8,0,8,12,3,9,9,7,2,12,7,5,20,8,12
S01012092,118,50,68,13,9,4,19,6,13,6,2,4,13,2,11,12,10,2,8,1,7,13,5,8,6,4,2,17,6,11,11,5,6
S01012093,153,70,83,8,2,6,26,16,10,8,6,2,35,9,26,18,14,4,13,1,12,3,0,3,10,6,4,24,10,14,8,6,2
S01012094,186,82,104,13,8,5,48,19,29,13,9,4,24,3,21,13,11,2,10,2,8,17,3,14,7,6,1,17,5,12,24,16,8
S01012095,277,139,138,8,4,4,19,8,11,6,4,2,23,3,20,32,28,4,25,8,17,28,9,19,19,9,10,54,29,25,63,37,26
S01012096,298,129,169,5,3,2,11,1,10,17,9,8,20,3,17,32,27,5,29,4,25,37,7,30,38,29,9,64,26,38,45,20,25
S01012097,189,79,110,4,1,3,8,3,5,5,4,1,16,4,12,28,25,3,27,3,24,12,2,10,19,13,6,31,10,21,39,14,25
S01012098,180,72,108,7,5,2,9,1,8,7,5,2,15,2,13,20,19,1,23,5,18,21,3,18,9,6,3,35,12,23,34,14,20
S01012099,259,122,137,9,4,5,10,2,8,9,7,2,14,0,14,31,26,5,19,4,15,30,9,21,29,22,7,65,21,44,43,27,16
S01012100,304,125,179,8,7,1,14,7,7,10,6,4,29,4,25,26,21,5,23,3,20,33,6,27,21,14,7,77,32,45,63,25,38
S01012101,194,96,98,9,6,3,48,22,26,8,4,4,25,4,21,16,13,3,10,4,6,12,7,5,7,5,2,20,10,10,39,21,18
S01012102,205,93,112,5,2,3,9,3,6,14,11,3,16,2,14,22,17,5,13,3,10,29,7,22,13,10,3,51,23,28,33,15,18
S01012103,205,92,113,1,0,1,13,3,10,12,7,5,19,3,16,25,22,3,16,3,13,33,5,28,25,20,5,41,21,20,20,8,12
S01012104,167,56,111,9,5,4,26,6,20,13,4,9,30,0,30,10,9,1,11,1,10,18,7,11,4,2,2,19,5,14,27,17,10
S01012105,242,110,132,19,11,8,37,11,26,15,11,4,30,6,24,35,27,8,20,3,17,27,7,20,13,11,2,21,10,11,25,13,12
S01012106,214,97,117,18,13,5,34,20,14,21,7,14,34,2,32,10,9,1,15,4,11,21,4,17,7,3,4,20,14,6,34,21,13
S01012107,190,80,110,10,5,5,41,15,26,14,13,1,25,6,19,17,13,4,15,2,13,11,2,9,10,5,5,17,10,7,30,9,21
S01012108,291,115,176,6,2,4,7,4,3,16,9,7,32,7,25,23,21,2,29,6,23,39,7,32,40,27,13,80,24,56,19,8,11
S01012109,289,133,156,5,3,2,10,2,8,18,4,14,23,4,19,41,40,1,22,5,17,35,8,27,23,19,4,58,28,30,54,20,34
S01012110,231,104,127,2,1,1,14,8,6,12,5,7,28,7,21,21,19,2,29,6,23,29,4,25,29,25,4,49,23,26,18,6,12
S01012111,181,91,90,2,0,2,8,3,5,9,6,3,15,2,13,19,15,4,21,8,13,10,2,8,15,13,2,39,21,18,43,21,22
S01012112,229,90,139,7,4,3,25,8,17,17,5,12,25,6,19,31,26,5,23,6,17,18,3,15,17,12,5,50,15,35,16,5,11
S01012113,291,123,168,12,7,5,15,5,10,14,5,9,39,7,32,30,27,3,25,0,25,36,5,31,34,29,5,50,17,33,36,21,15
S01012114,332,164,168,16,13,3,43,18,25,23,10,13,35,9,26,19,18,1,10,2,8,33,13,20,11,3,8,39,26,13,103,52,51
S01012115,144,70,74,3,1,2,6,4,2,6,3,3,18,3,15,16,13,3,10,1,9,18,5,13,18,15,3,32,13,19,17,12,5
S01012116,155,69,86,2,1,1,5,4,1,12,10,2,21,3,18,14,13,1,19,3,16,14,4,10,18,13,5,30,8,22,20,10,10
S01012117,87,34,53,6,3,3,11,4,7,5,4,1,11,1,10,4,3,1,12,1,11,9,2,7,6,6,0,8,1,7,15,9,6
S01012118,102,44,58,6,3,3,12,7,5,4,3,1,14,1,13,7,3,4,8,1,7,15,2,13,6,3,3,8,6,2,22,15,7
S01012119,252,109,143,14,8,6,41,22,19,16,10,6,47,4,43,24,22,2,21,2,19,25,9,16,14,12,2,11,3,8,39,17,22
S01012120,179,89,90,3,2,1,7,2,5,5,2,3,9,1,8,23,20,3,15,4,11,14,4,10,19,13,6,43,16,27,41,25,16
S01012121,295,119,176,1,0,1,12,4,8,11,7,4,23,4,19,32,26,6,33,8,25,36,8,28,32,21,11,61,21,40,54,20,34
S01012122,247,110,137,6,3,3,8,1,7,10,3,7,21,5,16,23,22,1,29,3,26,23,7,16,31,26,5,52,17,35,44,23,21
S01012123,123,57,66,4,3,1,11,3,8,7,2,5,11,5,6,13,11,2,6,2,4,10,1,9,11,6,5,21,6,15,29,18,11
S01012124,128,51,77,3,2,1,10,4,6,9,6,3,19,5,14,9,6,3,8,1,7,15,3,12,9,7,2,25,5,20,21,12,9
S01012125,293,156,137,8,8,0,11,3,8,16,11,5,23,7,16,44,35,9,33,9,24,25,6,19,28,21,7,61,32,29,44,24,20
S01012126,157,87,70,3,3,0,15,8,7,8,4,4,26,7,19,24,21,3,9,3,6,15,9,6,13,9,4,23,12,11,21,11,10
S01012127,292,178,114,6,2,4,12,6,6,15,10,5,21,12,9,18,17,1,18,4,14,37,12,25,19,13,6,85,65,20,61,37,24
S01012128,138,69,69,4,0,4,12,8,4,9,6,3,18,6,12,16,15,1,4,0,4,24,6,18,13,11,2,16,8,8,22,9,13
S01012129,212,106,106,7,2,5,12,4,8,10,5,5,22,5,17,25,24,1,12,3,9,18,7,11,22,20,2,34,16,18,50,20,30
S01012130,341,176,165,14,10,4,16,6,10,17,9,8,29,4,25,36,33,3,33,10,23,28,5,23,41,33,8,78,38,40,49,28,21
S01012131,458,255,203,9,5,4,14,9,5,11,8,3,42,12,30,43,39,4,24,9,15,46,16,30,51,43,8,90,47,43,128,67,61
S01012132,249,118,131,3,3,0,15,8,7,4,3,1,23,5,18,13,12,1,18,4,14,34,11,23,16,11,5,66,35,31,57,26,31
S01012133,362,206,156,7,6,1,30,16,14,16,13,3,18,5,13,22,21,1,21,6,15,43,14,29,16,14,2,64,44,20,125,67,58
S01012134,302,137,165,16,12,4,43,20,23,16,7,9,45,7,38,26,22,4,14,5,9,28,8,20,19,15,4,44,18,26,51,23,28
S01012135,345,194,151,7,5,2,13,7,6,10,7,3,23,8,15,42,41,1,29,8,21,35,10,25,38,28,10,81,44,37,67,36,31
S01012136,305,174,131,3,2,1,10,5,5,20,16,4,20,4,16,32,29,3,45,27,18,29,9,20,32,29,3,63,33,30,51,20,31
S01012137,247,136,111,8,5,3,9,2,7,13,10,3,32,11,21,33,27,6,15,4,11,22,6,16,26,22,4,42,19,23,47,30,17
S01012138,230,111,119,9,6,3,33,14,19,17,11,6,31,8,23,18,15,3,15,3,12,14,5,9,10,8,2,33,9,24,50,32,18
S01012139,229,99,130,5,2,3,12,6,6,11,4,7,34,4,30,25,21,4,25,5,20,25,7,18,28,26,2,30,7,23,34,17,17
S01012140,125,61,64,7,5,2,26,15,11,16,9,7,13,0,13,13,11,2,5,0,5,12,3,9,5,4,1,12,5,7,16,9,7
S01012141,268,134,134,14,11,3,38,16,22,22,14,8,44,7,37,27,26,1,20,3,17,28,11,17,16,13,3,18,12,6,41,21,20
S01012142,255,96,159,19,15,4,41,7,34,31,21,10,61,7,54,21,19,2,13,0,13,24,7,17,11,9,2,14,1,13,20,10,10
S01012143,228,95,133,13,9,4,41,15,26,28,13,15,48,8,40,15,15,0,8,1,7,25,6,19,9,7,2,11,3,8,30,18,12
S01012144,247,109,138,18,12,6,36,14,22,10,6,4,53,10,43,20,17,3,18,2,16,18,4,14,14,13,1,21,11,10,39,20,19
S01012145,242,105,137,17,9,8,52,22,30,17,9,8,47,8,39,17,15,2,15,2,13,23,6,17,9,5,4,8,4,4,37,25,12
S01012146,308,108,200,3,2,1,11,2,9,10,6,4,31,6,25,29,20,9,30,3,27,41,1,40,41,30,11,73,27,46,39,11,28
S01012147,290,111,179,3,1,2,6,4,2,8,3,5,24,4,20,27,20,7,34,2,32,35,10,25,32,22,10,70,27,43,51,18,33
S01012148,276,124,152,6,6,0,5,2,3,12,3,9,15,1,14,25,23,2,29,5,24,36,7,29,27,24,3,65,28,37,56,25,31
S01012149,227,97,130,5,3,2,13,3,10,9,7,2,31,4,27,26,22,4,18,4,14,23,8,15,9,7,2,33,11,22,60,28,32
S01012150,263,116,147,5,4,1,5,0,5,8,1,7,15,2,13,39,31,8,21,1,20,34,11,23,34,23,11,56,21,35,46,22,24
S01012151,259,122,137,9,8,1,17,8,9,5,3,2,18,2,16,37,34,3,16,4,12,22,8,14,30,17,13,62,16,46,43,22,21
S01012152,279,143,136,9,7,2,6,1,5,9,5,4,17,0,17,33,31,2,20,10,10,30,10,20,22,15,7,70,30,40,63,34,29
S01012153,188,108,80,6,5,1,7,5,2,9,4,5,8,2,6,28,22,6,19,5,14,24,15,9,11,9,2,39,17,22,37,24,13
S01012154,301,155,146,6,5,1,9,4,5,10,8,2,23,5,18,33,29,4,28,9,19,39,10,29,31,19,12,72,38,34,50,28,22
S01012155,202,116,86,7,4,3,6,2,4,8,4,4,19,8,11,34,33,1,16,6,10,15,3,12,25,22,3,45,23,22,27,11,16
S01012156,232,125,107,1,1,0,5,2,3,7,7,0,24,8,16,25,20,5,25,2,23,15,4,11,30,22,8,61,36,25,39,23,16
S01012157,250,105,145,3,2,1,6,4,2,7,5,2,19,5,14,25,19,6,30,4,26,23,6,17,29,19,10,68,23,45,40,18,22
S01012158,229,117,112,5,4,1,24,9,15,17,11,6,21,9,12,19,16,3,12,2,10,27,5,22,12,6,6,38,19,19,54,36,18
S01012159,158,75,83,6,3,3,11,3,8,12,7,5,26,6,20,27,25,2,14,1,13,15,4,11,15,11,4,13,8,5,19,7,12
S01012160,170,78,92,6,6,0,15,7,8,18,13,5,29,3,26,17,15,2,12,2,10,20,3,17,15,12,3,28,11,17,10,6,4
S01012161,134,48,86,3,1,2,5,3,2,3,2,1,8,1,7,8,7,1,6,1,5,21,4,17,12,8,4,50,16,34,18,5,13
S01012162,254,110,144,5,4,1,9,4,5,9,8,1,16,0,16,17,15,2,25,0,25,29,7,22,17,10,7,58,31,27,69,31,38
S01012163,211,98,113,0,0,0,13,6,7,9,5,4,17,1,16,16,14,2,21,5,16,15,5,10,21,16,5,46,13,33,53,33,20
S01012164,137,44,93,5,4,1,5,1,4,7,2,5,15,1,14,10,9,1,11,1,10,19,3,16,9,7,2,19,5,14,37,11,26
S01012165,302,118,184,6,1,5,7,3,4,5,3,2,23,3,20,31,26,5,24,4,20,35,2,33,27,21,6,84,32,52,60,23,37
S01012166,160,61,99,4,2,2,5,2,3,5,3,2,23,2,21,20,18,2,7,0,7,25,4,21,12,6,6,34,10,24,25,14,11
S01012167,244,114,130,11,6,5,6,2,4,12,9,3,34,3,31,36,34,2,24,5,19,29,9,20,25,17,8,51,21,30,16,8,8
S01012168,211,105,106,8,7,1,28,16,12,18,13,5,32,4,28,23,20,3,16,3,13,28,8,20,20,16,4,15,5,10,23,13,10
S01012169,270,130,140,6,2,4,14,7,7,13,9,4,34,5,29,44,38,6,17,3,14,22,5,17,32,20,12,48,23,25,40,18,22
S01012170,278,107,171,8,3,5,14,6,8,11,5,6,35,3,32,32,30,2,33,1,32,29,6,23,32,22,10,54,17,37,30,14,16
S01012171,285,131,154,6,4,2,8,3,5,14,9,5,20,4,16,39,33,6,21,6,15,37,7,30,38,26,12,73,25,48,29,14,15
S01012172,233,110,123,3,2,1,10,5,5,9,8,1,22,5,17,28,20,8,13,4,9,27,3,24,25,19,6,59,22,37,37,22,15
S01012173,184,80,104,6,6,0,33,11,22,18,13,5,34,1,33,19,19,0,9,2,7,15,4,11,11,9,2,17,6,11,22,9,13
S01012174,118,45,73,5,2,3,8,0,8,16,9,7,21,4,17,7,6,1,10,1,9,12,6,6,6,3,3,11,5,6,22,9,13
S01012175,183,78,105,7,4,3,21,7,14,20,17,3,23,0,23,24,20,4,15,2,13,20,5,15,11,9,2,20,4,16,22,10,12
S01012176,224,98,126,11,9,2,23,8,15,20,14,6,38,6,32,23,21,2,19,1,18,24,8,16,16,11,5,27,11,16,23,9,14
S01012177,175,77,98,6,3,3,14,7,7,9,7,2,30,6,24,24,19,5,13,1,12,15,3,12,10,6,4,26,10,16,28,15,13
S01012178,140,67,73,5,5,0,20,12,8,10,7,3,34,6,28,11,11,0,6,1,5,14,2,12,14,12,2,11,3,8,15,8,7
S01012179,165,74,91,14,11,3,10,2,8,11,5,6,24,2,22,23,22,1,9,1,8,9,4,5,8,7,1,27,10,17,30,10,20
S01012180,183,76,107,6,2,4,21,9,12,15,6,9,23,4,19,18,16,2,14,2,12,15,2,13,17,15,2,38,11,27,16,9,7
S01012181,223,101,122,18,9,9,18,8,10,10,6,4,24,5,19,31,27,4,14,3,11,24,2,22,16,12,4,36,16,20,32,13,19
S01012182,176,74,102,9,5,4,17,5,12,14,8,6,19,4,15,14,10,4,6,1,5,25,7,18,9,6,3,16,6,10,47,22,25
S01012183,208,96,112,9,6,3,8,5,3,17,13,4,18,2,16,21,20,1,15,1,14,30,9,21,18,13,5,31,11,20,41,16,25
S01012184,103,51,52,3,3,0,12,7,5,7,4,3,9,2,7,14,12,2,12,1,11,16,4,12,9,8,1,10,5,5,11,5,6
S01012185,253,155,98,3,2,1,6,3,3,9,6,3,13,5,8,35,32,3,17,7,10,16,5,11,28,24,4,59,33,26,67,38,29
S01012186,227,98,129,7,5,2,13,3,10,14,10,4,31,8,23,28,26,2,9,2,7,31,4,27,26,18,8,43,14,29,25,8,17
S01012187,221,101,120,4,2,2,6,2,4,10,6,4,28,0,28,24,20,4,13,2,11,16,5,11,34,22,12,49,19,30,37,23,14
S01012188,137,67,70,8,4,4,12,6,6,14,11,3,24,2,22,14,14,0,8,0,8,10,2,8,17,11,6,15,7,8,15,10,5
S01012189,110,51,59,3,1,2,8,2,6,2,1,1,12,2,10,17,13,4,6,0,6,11,2,9,13,9,4,22,12,10,16,9,7
S01012190,71,27,44,2,0,2,8,1,7,7,1,6,11,2,9,5,5,0,8,2,6,8,2,6,6,3,3,7,5,2,9,6,3
S01012191,211,93,118,16,12,4,36,14,22,14,9,5,35,3,32,24,22,2,12,0,12,21,4,17,8,7,1,17,5,12,28,17,11
S01012192,131,61,70,3,3,0,18,8,10,7,5,2,27,6,21,16,12,4,5,0,5,8,3,5,13,10,3,9,2,7,25,12,13
S01012193,68,24,44,3,1,2,5,4,1,5,4,1,17,0,17,2,1,1,7,0,7,8,1,7,2,1,1,4,2,2,15,10,5
S01012194,100,53,47,6,4,2,7,4,3,9,6,3,18,4,14,7,5,2,4,0,4,14,7,7,1,1,0,8,5,3,26,17,9
S01012195,230,106,124,12,7,5,25,9,16,16,11,5,39,5,34,22,20,2,15,2,13,24,9,15,15,13,2,22,8,14,40,22,18
S01012196,86,31,55,2,0,2,5,1,4,6,3,3,11,2,9,6,5,1,3,0,3,15,5,10,3,3,0,8,1,7,27,11,16
S01012197,215,94,121,5,2,3,7,3,4,14,3,11,18,1,17,31,28,3,22,3,19,24,5,19,28,23,5,48,19,29,18,7,11
S01012198,211,89,122,5,2,3,13,3,10,10,5,5,31,6,25,25,20,5,20,1,19,21,5,16,21,15,6,27,14,13,38,18,20
S01012199,217,91,126,10,3,7,6,4,2,15,6,9,25,3,22,30,22,8,25,4,21,27,4,23,16,13,3,41,20,21,22,12,10
S01012200,194,89,105,5,3,2,8,3,5,4,1,3,20,2,18,32,27,5,14,1,13,28,5,23,25,15,10,32,17,15,26,15,11
S01012201,197,86,111,6,5,1,8,3,5,12,6,6,22,5,17,26,21,5,15,0,15,22,4,18,16,11,5,45,21,24,25,10,15
S01012202,144,60,84,2,1,1,11,3,8,11,7,4,27,2,25,20,17,3,7,1,6,16,5,11,12,9,3,21,7,14,17,8,9
S01012203,202,89,113,16,10,6,14,9,5,20,11,9,41,3,38,22,19,3,14,2,12,19,9,10,9,6,3,18,9,9,29,11,18
S01012204,160,79,81,6,4,2,12,2,10,16,8,8,21,3,18,18,16,2,7,1,6,18,8,10,9,7,2,14,7,7,39,23,16
S01012205,146,60,86,16,11,5,15,7,8,5,2,3,26,2,24,13,12,1,14,0,14,20,5,15,6,6,0,13,4,9,18,11,7
S01012206,148,64,84,3,3,0,11,4,7,14,7,7,19,2,17,12,6,6,12,3,9,15,5,10,17,13,4,19,7,12,26,14,12
S01012207,242,99,143,8,2,6,14,4,10,13,5,8,36,4,32,34,31,3,27,1,26,19,6,13,19,16,3,42,12,30,30,18,12
S01012208,266,111,155,5,3,2,13,4,9,10,5,5,41,2,39,36,33,3,27,4,23,30,3,27,24,19,5,45,20,25,35,18,17
S01012209,203,86,117,3,2,1,11,4,7,10,6,4,26,4,22,22,16,6,26,5,21,20,4,16,19,16,3,38,15,23,28,14,14
S01012210,209,96,113,9,5,4,7,2,5,13,8,5,25,1,24,26,22,4,19,3,16,22,2,20,24,20,4,34,15,19,30,18,12
S01012211,225,107,118,15,11,4,17,5,12,17,9,8,32,6,26,22,18,4,17,3,14,22,9,13,23,19,4,32,16,16,28,11,17
S01012212,238,116,122,17,14,3,40,23,17,29,18,11,40,5,35,20,18,2,17,4,13,23,5,18,10,7,3,15,8,7,27,14,13
S01012213,233,105,128,19,12,7,47,24,23,26,19,7,46,3,43,18,16,2,13,1,12,22,8,14,8,6,2,21,7,14,13,9,4
S01012214,173,70,103,12,7,5,40,17,23,21,13,8,36,3,33,8,7,1,7,1,6,15,3,12,7,6,1,11,4,7,16,9,7
S01012215,206,89,117,5,3,2,29,15,14,20,15,5,42,3,39,16,14,2,16,3,13,18,5,13,13,10,3,15,5,10,32,16,16
S01012216,160,71,89,14,8,6,21,8,13,15,11,4,33,6,27,15,13,2,5,0,5,12,1,11,8,6,2,13,6,7,24,12,12
S01012217,183,87,96,5,4,1,3,2,1,7,6,1,7,0,7,19,18,1,18,2,16,17,1,16,25,16,9,38,14,24,44,24,20
S01012218,157,72,85,5,3,2,3,2,1,8,1,7,8,1,7,24,21,3,9,2,7,27,5,22,9,8,1,32,15,17,32,14,18
S01012219,300,118,182,1,1,0,7,2,5,10,7,3,25,5,20,37,29,8,22,1,21,32,8,24,24,14,10,81,25,56,61,26,35
S01012220,237,118,119,5,1,4,7,3,4,9,4,5,14,2,12,30,26,4,17,6,11,22,6,16,37,28,9,65,31,34,31,11,20
S01012221,215,86,129,5,3,2,7,0,7,6,3,3,21,4,17,29,26,3,22,3,19,16,3,13,20,13,7,53,14,39,36,17,19
S01012222,259,124,135,5,3,2,7,2,5,6,5,1,26,8,18,36,31,5,19,1,18,30,5,25,40,29,11,53,20,33,37,20,17
S01012223,226,96,130,3,0,3,4,1,3,9,3,6,21,6,15,30,28,2,25,1,24,22,4,18,30,20,10,45,12,33,37,21,16
S01012224,186,83,103,3,1,2,6,0,6,9,6,3,6,2,4,23,21,2,16,4,12,21,3,18,20,13,7,35,6,29,47,27,20
S01012225,288,131,157,4,3,1,13,5,8,8,7,1,15,3,12,40,32,8,21,3,18,32,10,22,38,23,15,62,22,40,55,23,32
S01012226,186,86,100,5,4,1,12,6,6,8,2,6,27,4,23,22,21,1,14,5,9,21,6,15,17,14,3,34,12,22,26,12,14
S01012227,180,76,104,8,5,3,10,3,7,6,3,3,21,5,16,18,18,0,13,3,10,26,5,21,16,13,3,36,9,27,26,12,14
S01012228,170,77,93,5,3,2,6,3,3,7,3,4,19,2,17,17,16,1,18,3,15,24,6,18,16,9,7,28,11,17,30,21,9
S01012229,144,61,83,3,3,0,14,3,11,8,3,5,26,5,21,25,20,5,12,1,11,12,2,10,10,7,3,14,7,7,20,10,10
S01012230,198,86,112,14,10,4,30,11,19,19,10,9,42,2,40,14,11,3,7,1,6,15,3,12,12,11,1,11,5,6,34,22,12
S01012231,182,79,103,14,10,4,33,14,19,17,12,5,34,5,29,6,6,0,7,1,6,16,6,10,4,3,1,9,4,5,42,18,24
S01012232,186,85,101,19,9,10,25,9,16,21,14,7,30,5,25,8,6,2,10,3,7,14,7,7,11,9,2,12,6,6,36,17,19
S01012233,237,114,123,31,27,4,55,20,35,27,21,6,28,2,26,16,12,4,12,1,11,18,7,11,7,5,2,9,2,7,34,17,17
S01012234,231,98,133,18,10,8,29,12,17,25,14,11,38,5,33,9,9,0,13,1,12,13,2,11,13,10,3,22,5,17,51,30,21
S01012235,149,69,80,15,12,3,42,17,25,18,11,7,23,3,20,8,8,0,5,0,5,10,1,9,8,6,2,8,4,4,12,7,5
S01012236,160,70,90,6,6,0,15,7,8,10,7,3,21,4,17,18,14,4,14,0,14,13,1,12,12,12,0,21,8,13,30,11,19
S01012237,215,101,114,27,20,7,50,20,30,19,11,8,31,3,28,8,7,1,14,1,13,9,3,6,4,3,1,12,8,4,41,25,16
S01012238,176,85,91,9,7,2,8,3,5,9,7,2,14,2,12,16,16,0,19,2,17,17,6,11,18,14,4,39,14,25,27,14,13
S01012239,194,93,101,5,3,2,6,2,4,17,9,8,13,3,10,23,18,5,25,5,20,16,4,12,19,12,7,29,13,16,41,24,17
S01012240,264,123,141,12,9,3,29,13,16,10,6,4,30,8,22,24,20,4,20,2,18,25,3,22,24,22,2,50,22,28,40,18,22
S01012241,162,54,108,16,10,6,47,18,29,27,12,15,19,2,17,4,3,1,8,0,8,11,1,10,1,0,1,7,3,4,22,5,17
S01012242,208,76,132,9,5,4,62,19,43,16,8,8,40,6,34,8,8,0,7,1,6,15,6,9,6,2,4,5,2,3,40,19,21
S01012243,157,60,97,7,4,3,34,7,27,15,11,4,27,2,25,11,10,1,16,2,14,8,1,7,7,6,1,6,4,2,26,13,13
S01012244,209,89,120,27,15,12,44,15,29,16,7,9,18,3,15,7,5,2,16,2,14,9,1,8,2,2,0,9,4,5,61,35,26
S01012245,172,70,102,18,9,9,49,21,28,12,4,8,24,4,20,9,8,1,12,2,10,11,1,10,5,4,1,16,7,9,16,10,6
S01012246,158,61,97,10,8,2,47,15,32,11,7,4,26,3,23,6,6,0,10,1,9,9,1,8,7,6,1,7,2,5,25,12,13
S01012247,158,62,96,17,10,7,35,11,24,13,9,4,13,0,13,15,10,5,10,3,7,10,2,8,5,2,3,17,7,10,23,8,15
S01012248,162,70,92,14,8,6,18,9,9,17,9,8,20,1,19,25,19,6,12,0,12,10,0,10,11,8,3,10,5,5,25,11,14
S01012249,180,68,112,22,11,11,34,14,20,10,4,6,25,2,23,4,4,0,18,1,17,7,1,6,6,4,2,23,10,13,31,17,14
S01012250,131,50,81,11,8,3,29,10,19,9,8,1,16,1,15,13,9,4,6,0,6,8,0,8,4,3,1,14,6,8,21,5,16
S01012251,222,94,128,8,6,2,12,3,9,6,5,1,23,5,18,25,21,4,19,2,17,19,2,17,14,9,5,65,27,38,31,14,17
S01012252,154,81,73,5,1,4,9,6,3,10,5,5,12,8,4,18,16,2,16,1,15,24,8,16,16,11,5,23,13,10,21,12,9
S01012253,224,104,120,11,4,7,33,13,20,11,4,7,24,2,22,27,22,5,19,1,18,19,3,16,15,12,3,39,25,14,26,18,8
S01012254,188,75,113,11,3,8,29,10,19,15,9,6,18,5,13,16,13,3,23,3,20,18,2,16,9,7,2,33,16,17,16,7,9
S01012255,223,95,128,31,14,17,45,16,29,19,11,8,26,2,24,30,25,5,14,1,13,16,2,14,4,3,1,18,9,9,20,12,8
S01012256,188,70,118,15,8,7,34,17,17,14,4,10,27,3,24,8,7,1,14,0,14,22,4,18,11,8,3,22,9,13,21,10,11
S01012257,229,97,132,10,7,3,44,22,22,13,5,8,25,6,19,17,14,3,25,2,23,13,1,12,16,13,3,39,18,21,27,9,18
S01012258,199,75,124,21,17,4,50,13,37,26,19,7,42,4,38,4,3,1,10,1,9,10,2,8,6,5,1,13,4,9,17,7,10
S01012259,171,74,97,30,16,14,49,24,25,19,11,8,25,3,22,10,7,3,5,1,4,11,0,11,2,2,0,8,4,4,12,6,6
S01012260,225,84,141,20,10,10,31,9,22,13,7,6,27,2,25,20,14,6,22,6,16,21,3,18,15,13,2,32,11,21,24,9,15
S01012261,158,63,95,16,12,4,35,8,27,9,6,3,32,2,30,9,7,2,12,1,11,12,7,5,6,5,1,10,5,5,17,10,7
S01012262,178,66,112,22,9,13,32,14,18,13,6,7,22,2,20,19,11,8,17,2,15,10,1,9,8,5,3,19,8,11,16,8,8
S01012263,181,81,100,9,4,5,14,7,7,15,9,6,11,2,9,20,15,5,25,4,21,16,3,13,15,12,3,32,15,17,24,10,14
S01012264,133,53,80,12,9,3,22,8,14,8,4,4,17,4,13,15,12,3,13,1,12,16,2,14,10,5,5,13,5,8,7,3,4
S01012265,201,94,107,10,3,7,7,4,3,5,4,1,10,2,8,12,11,1,24,3,21,17,7,10,22,13,9,63,33,30,31,14,17
S01012266,281,118,163,20,14,6,26,12,14,16,10,6,44,7,37,39,28,11,29,6,23,18,0,18,28,12,16,40,18,22,21,11,10
S01012267,175,80,95,25,16,9,32,12,20,22,14,8,30,5,25,15,12,3,8,1,7,10,1,9,16,10,6,10,3,7,7,6,1
S01012268,129,56,73,17,9,8,23,4,19,8,5,3,11,2,9,16,13,3,7,3,4,4,1,3,8,6,2,12,1,11,23,12,11
S01012269,218,93,125,15,9,6,27,10,17,15,8,7,24,2,22,18,17,1,14,1,13,15,3,12,13,9,4,46,18,28,31,16,15
S01012270,178,74,104,5,3,2,11,5,6,5,2,3,15,3,12,19,15,4,21,2,19,17,4,13,17,13,4,35,14,21,33,13,20
S01012271,207,87,120,15,9,6,40,14,26,15,8,7,14,1,13,24,19,5,15,1,14,13,4,9,6,5,1,26,15,11,39,11,28
S01012272,148,67,81,16,9,7,22,9,13,11,7,4,20,3,17,14,12,2,10,0,10,10,3,7,7,5,2,16,8,8,22,11,11
S01012273,184,78,106,21,14,7,30,13,17,19,12,7,26,4,22,11,9,2,19,2,17,21,4,17,8,5,3,13,6,7,16,9,7
S01012274,205,113,92,9,6,3,30,17,13,13,9,4,28,8,20,20,17,3,21,8,13,15,6,9,13,9,4,26,14,12,30,19,11
S01012275,218,91,127,9,5,4,8,4,4,16,8,8,10,1,9,28,21,7,14,0,14,40,6,34,16,14,2,42,15,27,35,17,18
S01012276,219,100,119,9,6,3,30,16,14,18,5,13,12,2,10,20,18,2,19,5,14,25,6,19,13,9,4,45,18,27,28,15,13
S01012277,228,108,120,13,7,6,20,7,13,12,5,7,16,3,13,33,28,5,21,2,19,22,6,16,20,12,8,40,20,20,31,18,13
S01012278,197,90,107,7,3,4,21,6,15,13,7,6,13,1,12,19,16,3,9,0,9,16,5,11,21,15,6,54,27,27,24,10,14
S01012279,207,77,130,9,3,6,16,6,10,5,4,1,18,8,10,24,18,6,23,3,20,30,3,27,9,7,2,36,10,26,37,15,22
S01012280,231,92,139,7,4,3,10,0,10,9,6,3,18,2,16,28,25,3,30,2,28,25,2,23,18,9,9,48,21,27,38,21,17
S01012281,132,55,77,6,2,4,10,4,6,8,6,2,11,0,11,11,9,2,13,3,10,18,1,17,10,5,5,22,13,9,23,12,11
S01012282,379,128,251,15,9,6,31,9,22,19,14,5,45,4,41,28,23,5,22,1,21,68,9,59,23,12,11,54,19,35,74,28,46
S01012283,195,84,111,14,10,4,22,8,14,11,7,4,19,4,15,18,15,3,9,2,7,23,2,21,14,10,4,33,12,21,32,14,18
S01012284,224,116,108,12,10,2,12,5,7,14,8,6,15,2,13,30,25,5,22,6,16,16,7,9,17,11,6,44,21,23,42,21,21
S01012285,159,71,88,14,6,8,29,13,16,16,10,6,25,2,23,11,11,0,10,2,8,10,5,5,9,4,5,17,9,8,18,9,9
S01012286,362,157,205,27,17,10,19,6,13,13,9,4,26,7,19,31,25,6,27,3,24,48,7,41,46,25,21,74,34,40,51,24,27
S01012287,325,151,174,4,2,2,15,6,9,11,5,6,13,1,12,33,26,7,26,4,22,39,11,28,43,32,11,87,40,47,54,24,30
S01012288,260,122,138,5,4,1,14,4,10,9,8,1,12,3,9,22,15,7,26,3,23,27,9,18,38,31,7,71,33,38,36,12,24
S01012289,264,117,147,21,13,8,75,29,46,14,8,6,39,9,30,10,9,1,20,2,18,15,2,13,11,9,2,10,3,7,49,33,16
S01012290,130,51,79,19,9,10,11,0,11,4,2,2,15,5,10,13,11,2,14,2,12,14,3,11,12,8,4,14,6,8,14,5,9
S01012291,210,112,98,21,13,8,39,19,20,17,11,6,18,4,14,19,16,3,12,2,10,20,7,13,9,6,3,19,10,9,36,24,12
S01012292,187,72,115,30,15,15,48,17,31,12,10,2,19,0,19,10,7,3,13,4,9,22,4,18,2,2,0,13,6,7,18,7,11
S01012293,117,52,65,8,6,2,15,7,8,6,6,0,18,5,13,13,9,4,15,2,13,9,4,5,8,6,2,9,1,8,16,6,10
S01012294,212,94,118,11,6,5,21,10,11,11,6,5,10,1,9,24,20,4,19,1,18,24,5,19,16,12,4,37,16,21,39,17,22
S01012295,139,64,75,5,2,3,8,3,5,11,6,5,10,2,8,10,9,1,11,2,9,20,6,14,9,5,4,27,16,11,28,13,15
S01012296,130,48,82,7,3,4,26,11,15,10,5,5,16,0,16,13,11,2,14,0,14,12,2,10,6,4,2,14,7,7,12,5,7
S01012297,115,42,73,12,5,7,19,6,13,8,3,5,20,4,16,16,12,4,12,1,11,3,0,3,6,6,0,9,2,7,10,3,7
S01012298,184,81,103,15,11,4,23,7,16,15,8,7,31,1,30,16,14,2,21,2,19,14,3,11,15,13,2,13,8,5,21,14,7
S01012299,123,55,68,12,6,6,17,8,9,9,6,3,13,0,13,7,7,0,13,3,10,5,2,3,7,5,2,21,7,14,19,11,8
S01012300,181,72,109,15,3,12,15,3,12,6,3,3,17,5,12,19,16,3,13,1,12,7,0,7,17,10,7,41,18,23,31,13,18
S01012301,241,101,140,21,12,9,35,15,20,20,12,8,28,3,25,23,20,3,17,2,15,9,0,9,15,11,4,38,11,27,35,15,20
S01012302,164,82,82,12,6,6,21,11,10,12,10,2,15,2,13,25,20,5,13,1,12,10,1,9,14,12,2,23,11,12,19,8,11
S01012303,196,82,114,12,3,9,36,11,25,19,9,10,20,3,17,23,18,5,11,1,10,11,3,8,10,7,3,26,12,14,28,15,13
S01012304,238,87,151,20,6,14,35,8,27,11,8,3,30,5,25,28,20,8,28,2,26,16,5,11,15,11,4,32,14,18,23,8,15
S01012305,204,91,113,9,5,4,26,9,17,13,9,4,26,2,24,15,14,1,16,0,16,10,1,9,15,11,4,32,16,16,42,24,18
S01012306,144,49,95,9,4,5,13,3,10,6,2,4,12,2,10,13,9,4,11,1,10,15,2,13,13,9,4,34,11,23,18,6,12
S01012307,167,72,95,6,4,2,15,4,11,7,7,0,21,0,21,11,8,3,19,1,18,10,3,7,23,19,4,29,12,17,26,14,12
S01012308,189,81,108,12,7,5,12,3,9,5,3,2,20,2,18,17,14,3,17,5,12,16,4,12,19,15,4,44,17,27,27,11,16
S01012309,144,64,80,8,6,2,20,9,11,12,8,4,15,2,13,16,11,5,12,2,10,12,1,11,14,12,2,22,9,13,13,4,9
S01012310,242,107,135,31,12,19,43,19,24,20,9,11,23,6,17,31,26,5,19,0,19,18,3,15,12,8,4,25,9,16,20,15,5
S01012311,188,74,114,12,5,7,30,10,20,15,9,6,17,7,10,22,17,5,21,2,19,14,2,12,11,4,7,22,10,12,24,8,16
S01012312,279,119,160,15,7,8,30,15,15,20,11,9,30,4,26,27,20,7,26,3,23,23,7,16,23,19,4,44,16,28,41,17,24
S01012313,202,85,117,16,9,7,16,8,8,17,7,10,25,3,22,18,15,3,19,3,16,7,0,7,22,18,4,41,12,29,21,10,11
S01012314,227,96,131,4,2,2,13,6,7,9,5,4,15,2,13,34,24,10,26,6,20,25,5,20,25,17,8,50,14,36,26,15,11
S01012315,228,116,112,18,12,6,20,9,11,11,9,2,16,1,15,30,28,2,20,3,17,18,3,15,31,21,10,35,17,18,29,13,16
S01012316,193,77,116,9,6,3,13,6,7,7,6,1,12,2,10,31,18,13,20,0,20,17,2,15,30,15,15,45,18,27,9,4,5
S01012317,128,53,75,10,4,6,15,6,9,13,8,5,15,4,11,20,13,7,8,1,7,6,0,6,11,7,4,15,5,10,15,5,10
S01012318,224,76,148,9,3,6,13,4,9,9,4,5,15,1,14,26,20,6,21,1,20,19,3,16,30,11,19,48,14,34,34,15,19
S01012319,164,62,102,7,4,3,29,8,21,8,3,5,27,2,25,18,14,4,9,0,9,13,1,12,12,8,4,20,8,12,21,14,7
S01012320,167,78,89,7,4,3,5,2,3,3,1,2,8,0,8,15,12,3,14,0,14,17,2,15,30,22,8,32,14,18,36,21,15
S01012321,230,96,134,22,14,8,18,6,12,11,6,5,22,0,22,25,20,5,29,5,24,17,1,16,23,18,5,41,17,24,22,9,13
S01012322,263,113,150,29,18,11,48,16,32,21,13,8,37,5,32,22,17,5,18,1,17,11,3,8,18,14,4,25,10,15,34,16,18
S01012323,270,112,158,32,20,12,44,18,26,23,10,13,37,4,33,30,24,6,20,3,17,20,2,18,16,11,5,24,10,14,24,10,14
S01012324,223,89,134,25,15,10,29,9,20,21,15,6,31,1,30,30,22,8,15,3,12,17,4,13,12,9,3,23,7,16,20,4,16
S01012325,225,95,130,20,15,5,27,12,15,13,9,4,35,5,30,16,12,4,29,3,26,28,2,26,13,11,2,30,17,13,14,9,5
S01012326,181,88,93,18,7,11,16,9,7,7,5,2,15,3,12,30,20,10,15,4,11,7,0,7,13,10,3,37,22,15,23,8,15
S01012327,211,80,131,21,8,13,18,6,12,12,7,5,20,1,19,21,12,9,20,3,17,14,3,11,23,17,6,32,12,20,30,11,19
S01012328,195,87,108,24,10,14,47,19,28,19,13,6,10,1,9,21,17,4,17,2,15,12,1,11,14,9,5,21,10,11,10,5,5
S01012329,230,90,140,15,6,9,32,10,22,23,15,8,25,3,22,28,18,10,28,3,25,9,5,4,18,13,5,32,8,24,20,9,11
S01012330,161,70,91,12,6,6,24,11,13,11,9,2,17,2,15,16,12,4,17,3,14,12,1,11,9,6,3,21,10,11,22,10,12
S01012331,105,42,63,8,5,3,21,9,12,9,5,4,14,2,12,3,3,0,9,0,9,8,1,7,11,8,3,12,4,8,10,5,5
S01012332,216,85,131,21,9,12,39,17,22,15,9,6,20,5,15,25,18,7,17,0,17,15,3,12,11,8,3,25,8,17,28,8,20
S01012333,250,109,141,20,10,10,32,16,16,24,14,10,33,4,29,22,19,3,26,3,23,20,7,13,24,13,11,24,12,12,25,11,14
S01012334,220,83,137,5,2,3,12,4,8,10,6,4,23,3,20,38,25,13,23,3,20,18,2,16,23,13,10,47,18,29,21,7,14
S01012335,181,75,106,4,2,2,16,6,10,8,6,2,20,2,18,17,15,2,21,2,19,19,3,16,17,11,6,31,15,16,28,13,15
S01012336,140,55,85,4,2,2,2,0,2,7,2,5,14,1,13,27,20,7,14,1,13,14,2,12,14,10,4,28,9,19,16,8,8
S01012337,242,106,136,6,4,2,17,9,8,8,5,3,27,3,24,26,18,8,25,3,22,23,3,20,24,17,7,51,27,24,35,17,18
S01012338,181,71,110,11,7,4,14,4,10,10,7,3,24,3,21,19,14,5,19,1,18,14,3,11,18,10,8,29,10,19,23,12,11
S01012339,163,63,100,11,4,7,24,10,14,10,5,5,18,1,17,19,14,5,11,1,10,17,6,11,11,8,3,27,11,16,15,3,12
S01012340,245,94,151,24,13,11,41,16,25,15,12,3,25,2,23,13,9,4,20,1,19,24,5,19,9,3,6,42,11,31,32,22,10
S01012341,197,95,102,19,11,8,37,14,23,14,11,3,20,4,16,18,14,4,15,4,11,16,5,11,11,6,5,22,12,10,25,14,11
S01012342,217,90,127,20,8,12,31,16,15,17,11,6,23,2,21,26,17,9,17,5,12,17,0,17,13,9,4,34,15,19,19,7,12
S01012343,250,94,156,34,19,15,45,16,29,22,11,11,35,5,30,17,13,4,20,2,18,11,3,8,16,9,7,23,6,17,27,10,17
S01012344,154,71,83,6,3,3,11,4,7,10,6,4,8,0,8,21,18,3,16,2,14,15,4,11,14,12,2,36,15,21,17,7,10
S01012345,161,74,87,8,7,1,8,3,5,5,2,3,19,3,16,23,16,7,15,2,13,14,3,11,15,10,5,34,18,16,20,10,10
S01012346,206,84,122,14,9,5,45,19,26,21,12,9,20,0,20,14,7,7,20,3,17,11,2,9,14,10,4,22,10,12,25,12,13
S01012347,193,73,120,14,11,3,25,9,16,10,4,6,27,2,25,21,16,5,19,4,15,20,3,17,13,7,6,28,8,20,16,9,7
S01012348,192,87,105,16,10,6,35,18,17,16,8,8,23,3,20,18,15,3,16,0,16,20,6,14,10,6,4,15,7,8,23,14,9
S01012349,249,95,154,15,6,9,7,3,4,3,1,2,18,3,15,32,21,11,26,4,22,19,2,17,52,34,18,44,11,33,33,10,23
S01012350,221,92,129,23,12,11,22,9,13,9,9,0,21,6,15,25,19,6,29,0,29,11,3,8,26,13,13,29,8,21,26,13,13
S01012351,207,85,122,4,1,3,11,4,7,7,6,1,16,4,12,20,13,7,14,2,12,20,1,19,34,18,16,50,20,30,31,16,15
S01012352,205,93,112,21,10,11,12,5,7,10,6,4,11,4,7,25,19,6,20,3,17,14,5,9,34,21,13,33,12,21,25,8,17
S01012353,195,90,105,13,6,7,15,4,11,10,5,5,16,2,14,27,23,4,15,1,14,16,2,14,17,14,3,42,24,18,24,9,15
S01012354,210,99,111,13,8,5,19,9,10,14,10,4,13,3,10,31,20,11,21,3,18,13,2,11,19,13,6,45,24,21,22,7,15
S01012355,227,100,127,16,9,7,29,13,16,24,9,15,26,2,24,38,27,11,17,2,15,8,1,7,13,13,0,23,12,11,33,12,21
S01012356,182,81,101,14,9,5,25,6,19,13,9,4,27,8,19,16,13,3,12,1,11,11,0,11,19,9,10,25,13,12,20,13,7
S01012357,215,100,115,33,20,13,42,19,23,19,12,7,24,4,20,23,15,8,10,1,9,10,1,9,19,11,8,13,7,6,22,10,12
S01012358,220,95,125,20,11,9,32,14,18,13,8,5,20,1,19,28,18,10,18,4,14,10,2,8,20,14,6,24,11,13,35,12,23
S01012359,257,114,143,6,4,2,6,3,3,8,4,4,3,0,3,26,16,10,19,0,19,27,6,21,56,28,28,67,39,28,39,14,25
S01012360,245,106,139,4,2,2,9,1,8,6,2,4,9,1,8,23,15,8,25,7,18,26,5,21,43,30,13,38,14,24,62,29,33
S01012361,210,86,124,6,4,2,4,2,2,3,1,2,8,1,7,30,24,6,19,4,15,21,5,16,34,14,20,54,23,31,31,8,23
S01012362,248,106,142,4,2,2,7,5,2,3,2,1,10,5,5,24,12,12,22,3,19,26,5,21,40,21,19,53,24,29,59,27,32
S01012363,329,146,183,15,5,10,25,6,19,13,9,4,25,5,20,42,35,7,19,3,16,26,6,20,67,39,28,43,19,24,54,19,35
S01012364,192,94,98,4,4,0,15,6,9,7,4,3,16,6,10,24,17,7,11,3,8,21,4,17,43,21,22,35,20,15,16,9,7
S01012365,204,92,112,16,13,3,15,11,4,19,13,6,23,1,22,25,14,11,11,1,10,13,1,12,38,16,22,19,6,13,25,16,9
S01012366,238,115,123,13,7,6,12,9,3,9,8,1,23,4,19,36,24,12,15,4,11,20,6,14,44,18,26,38,22,16,28,13,15
S01012367,243,102,141,14,6,8,17,5,12,11,8,3,27,2,25,33,20,13,21,3,18,13,1,12,49,23,26,35,23,12,23,11,12
S01012368,173,86,87,13,7,6,24,13,11,15,13,2,21,2,19,24,21,3,15,1,14,10,3,7,23,12,11,19,9,10,9,5,4
S01012369,241,103,138,16,13,3,20,6,14,13,13,0,21,2,19,22,12,10,13,1,12,21,6,15,42,18,24,42,22,20,31,10,21
S01012370,266,113,153,13,5,8,14,7,7,11,8,3,19,4,15,44,32,12,26,3,23,9,2,7,49,24,25,57,19,38,24,9,15
S01012371,262,116,146,14,6,8,13,6,7,9,7,2,21,2,19,35,24,11,19,2,17,23,9,14,50,19,31,46,24,22,32,17,15
S01012372,208,98,110,8,4,4,11,6,5,4,3,1,14,5,9,35,19,16,15,2,13,10,2,8,45,24,21,33,19,14,33,14,19
S01012373,286,121,165,16,5,11,24,12,12,17,10,7,23,4,19,26,18,8,12,3,9,22,6,16,49,20,29,48,21,27,49,22,27
S01012374,193,74,119,10,9,1,12,0,12,7,6,1,21,5,16,23,14,9,17,1,16,13,2,11,25,11,14,37,15,22,28,11,17
S01012375,234,96,138,4,2,2,5,1,4,7,4,3,13,3,10,30,20,10,19,4,15,25,3,22,48,13,35,46,26,20,37,20,17
S01012376,232,112,120,18,14,4,48,20,28,25,17,8,29,3,26,28,23,5,16,2,14,11,5,6,12,9,3,23,10,13,22,9,13
S01012377,176,72,104,25,12,13,40,14,26,12,9,3,30,5,25,13,11,2,11,0,11,4,1,3,12,8,4,9,4,5,20,8,12
S01012378,161,65,96,19,8,11,34,15,19,10,5,5,17,3,14,16,13,3,12,1,11,7,0,7,11,8,3,8,1,7,27,11,16
S01012379,157,74,83,14,9,5,40,15,25,7,5,2,14,2,12,18,17,1,11,2,9,7,1,6,11,8,3,14,4,10,21,11,10
S01012380,220,99,121,15,8,7,10,2,8,13,8,5,18,4,14,35,21,14,25,3,22,20,3,17,19,16,3,31,16,15,34,18,16
S01012381,225,100,125,12,8,4,13,4,9,14,7,7,17,2,15,34,27,7,25,5,20,22,4,18,21,15,6,44,17,27,23,11,12
S01012382,222,100,122,17,8,9,28,9,19,16,12,4,31,4,27,25,22,3,14,3,11,28,9,19,16,11,5,26,8,18,21,14,7
S01012383,211,88,123,5,4,1,28,11,17,12,8,4,20,3,17,24,16,8,18,2,16,19,2,17,31,17,14,33,13,20,21,12,9
S01012384,132,49,83,11,4,7,20,8,12,10,7,3,7,0,7,10,7,3,20,1,19,10,4,6,15,9,6,19,6,13,10,3,7
S01012385,157,73,84,11,6,5,15,7,8,18,7,11,16,4,12,15,10,5,13,1,12,13,6,7,10,6,4,24,15,9,22,11,11
S01012386,282,135,147,10,5,5,8,6,2,9,4,5,18,3,15,34,23,11,29,6,23,28,6,22,41,30,11,48,25,23,57,27,30
S01012387,165,66,99,12,7,5,27,5,22,18,11,7,17,1,16,21,12,9,10,3,7,15,3,12,10,10,0,19,8,11,16,6,10
S01012388,109,45,64,9,3,6,17,4,13,11,7,4,12,2,10,10,5,5,8,1,7,8,1,7,11,10,1,11,8,3,12,4,8
S01012389,143,71,72,5,3,2,15,3,12,6,3,3,6,1,5,20,15,5,13,2,11,10,4,6,12,10,2,32,16,16,24,14,10
S01012390,138,63,75,9,7,2,18,9,9,7,4,3,16,3,13,16,12,4,13,2,11,12,1,11,10,9,1,27,8,19,10,8,2
S01012391,157,69,88,13,7,6,8,0,8,13,6,7,13,0,13,29,22,7,15,2,13,11,2,9,14,11,3,19,9,10,22,10,12
S01012392,137,60,77,8,6,2,14,2,12,7,5,2,18,3,15,11,10,1,14,0,14,10,1,9,10,8,2,25,14,11,20,11,9
S01012393,154,69,85,15,11,4,23,6,17,7,3,4,15,3,12,17,12,5,10,1,9,23,7,16,8,8,0,19,10,9,17,8,9
S01012394,133,54,79,8,4,4,12,4,8,4,2,2,11,1,10,16,8,8,10,1,9,10,1,9,14,11,3,28,11,17,20,11,9
S01012395,96,42,54,3,2,1,17,6,11,2,1,1,7,0,7,12,11,1,5,1,4,14,3,11,8,8,0,19,5,14,9,5,4
S01012396,130,66,64,4,3,1,10,4,6,5,4,1,11,4,7,19,16,3,17,3,14,16,4,12,11,10,1,21,10,11,16,8,8
S01012397,181,85,96,9,6,3,34,14,20,16,10,6,14,5,9,14,12,2,19,4,15,21,2,19,16,13,3,25,10,15,13,9,4
S01012398,125,61,64,11,8,3,16,3,13,5,3,2,8,2,6,15,15,0,3,1,2,19,3,16,11,10,1,21,7,14,16,9,7
S01012399,110,42,68,0,0,0,5,0,5,4,3,1,20,5,15,18,13,5,11,0,11,16,1,15,8,7,1,21,9,12,7,4,3
S01012400,96,42,54,3,2,1,3,2,1,6,3,3,10,3,7,13,10,3,5,0,5,8,0,8,13,9,4,23,7,16,12,6,6
S01012401,151,86,65,5,3,2,7,1,6,5,5,0,11,3,8,20,16,4,10,2,8,11,3,8,19,17,2,45,21,24,18,15,3
S01012402,57,23,34,2,1,1,4,1,3,5,5,0,6,0,6,8,6,2,5,0,5,5,0,5,6,4,2,8,3,5,8,3,5
S01012403,143,64,79,7,5,2,19,7,12,15,10,5,11,2,9,27,20,7,12,0,12,14,0,14,6,4,2,17,7,10,15,9,6
S01012404,178,92,86,11,4,7,18,7,11,11,9,2,12,2,10,30,26,4,16,2,14,13,0,13,15,14,1,28,13,15,24,15,9
S01012405,103,52,51,7,6,1,15,8,7,3,2,1,15,3,12,12,7,5,10,1,9,11,2,9,7,6,1,9,8,1,14,9,5
S01012406,123,47,76,6,2,4,22,5,17,7,6,1,2,0,2,17,9,8,17,3,14,5,0,5,11,9,2,21,7,14,15,6,9
S01012407,129,57,72,4,4,0,14,5,9,3,3,0,20,2,18,13,10,3,16,1,15,15,4,11,10,8,2,20,12,8,14,8,6
S01012408,108,42,66,3,1,2,13,4,9,9,5,4,9,1,8,13,7,6,8,1,7,6,0,6,9,8,1,16,8,8,22,7,15
S01012409,120,62,58,9,4,5,14,5,9,9,6,3,8,0,8,21,18,3,5,0,5,10,2,8,15,13,2,17,5,12,12,9,3
S01012410,166,72,94,10,6,4,19,4,15,11,9,2,14,3,11,15,7,8,12,2,10,10,2,8,20,15,5,34,12,22,21,12,9
S01012411,179,87,92,7,3,4,10,4,6,9,3,6,13,3,10,20,17,3,16,0,16,15,3,12,13,10,3,35,16,19,41,28,13
S01012412,123,72,51,5,2,3,8,4,4,2,2,0,6,2,4,28,22,6,7,0,7,11,6,5,11,9,2,31,15,16,14,10,4
S01012413,214,93,121,17,10,7,24,10,14,14,11,3,17,1,16,36,27,9,23,2,21,10,1,9,24,13,11,36,14,22,13,4,9
S01012414,178,87,91,11,9,2,22,6,16,8,6,2,14,4,10,30,22,8,13,1,12,18,2,16,14,10,4,36,17,19,12,10,2
S01012415,128,58,70,5,4,1,10,3,7,2,0,2,10,2,8,26,21,5,16,0,16,8,3,5,11,10,1,29,7,22,11,8,3
S01012416,127,54,73,4,2,2,14,7,7,6,6,0,5,0,5,31,17,14,10,0,10,7,0,7,14,11,3,22,5,17,14,6,8
S01012417,207,93,114,15,6,9,19,4,15,12,8,4,19,2,17,32,26,6,18,2,16,14,4,10,16,12,4,43,20,23,19,9,10
S01012418,237,113,124,20,11,9,25,6,19,13,5,8,21,4,17,28,24,4,18,1,17,16,4,12,26,23,3,35,19,16,35,16,19
S01012419,230,89,141,23,7,16,21,6,15,13,6,7,22,2,20,23,21,2,19,2,17,21,3,18,23,16,7,32,13,19,33,13,20
S01012420,243,100,143,12,7,5,10,4,6,11,5,6,17,3,14,29,22,7,16,3,13,18,2,16,36,19,17,53,17,36,41,18,23
S01012421,204,88,116,15,7,8,24,6,18,19,14,5,13,2,11,29,22,7,16,0,16,14,2,12,19,14,5,30,10,20,25,11,14
S01012422,240,110,130,23,13,10,29,11,18,31,15,16,19,2,17,34,24,10,20,2,18,13,1,12,11,9,2,35,18,17,25,15,10
S01012423,233,99,134,15,4,11,27,14,13,20,12,8,14,1,13,29,21,8,36,5,31,15,3,12,18,15,3,32,11,21,27,13,14
S01012424,248,112,136,13,4,9,10,3,7,8,5,3,21,6,15,25,21,4,23,6,17,31,7,24,37,30,7,55,21,34,25,9,16
S01012425,243,97,146,4,1,3,7,2,5,8,2,6,12,2,10,31,29,2,19,4,15,23,1,22,26,14,12,65,27,38,48,15,33
S01012426,175,79,96,3,1,2,1,0,1,8,4,4,12,3,9,17,16,1,22,3,19,13,4,9,22,16,6,51,22,29,26,10,16
S01012427,237,113,124,7,5,2,4,0,4,13,2,11,13,8,5,26,25,1,25,8,17,22,5,17,30,26,4,57,15,42,40,19,21
S01012428,194,81,113,9,4,5,12,5,7,13,6,7,14,0,14,28,24,4,17,3,14,37,8,29,18,14,4,25,9,16,21,8,13
S01012429,203,86,117,13,8,5,15,6,9,6,1,5,22,4,18,21,17,4,15,3,12,16,1,15,22,12,10,46,20,26,27,14,13
S01012430,165,79,86,13,8,5,15,5,10,8,5,3,16,3,13,21,21,0,15,0,15,16,3,13,9,6,3,26,13,13,26,15,11
S01012431,276,119,157,29,12,17,28,11,17,12,5,7,25,2,23,28,21,7,29,6,23,20,3,17,24,21,3,43,22,21,38,16,22
S01012432,261,117,144,21,11,10,25,10,15,14,9,5,25,3,22,25,20,5,22,5,17,18,1,17,29,24,5,53,22,31,29,12,17
S01012433,156,69,87,5,0,5,6,2,4,5,4,1,12,1,11,21,16,5,15,2,13,14,3,11,19,15,4,38,17,21,21,9,12
S01012434,203,95,108,4,3,1,6,2,4,5,3,2,12,0,12,35,30,5,20,6,14,18,3,15,31,19,12,40,15,25,32,14,18
S01012435,200,92,108,3,1,2,7,6,1,8,4,4,14,3,11,17,16,1,25,5,20,22,2,20,26,18,8,48,23,25,30,14,16
S01012436,243,103,140,5,5,0,14,2,12,4,3,1,30,5,25,34,30,4,23,3,20,12,0,12,21,17,4,55,20,35,45,18,27
S01012437,230,110,120,10,7,3,12,5,7,14,12,2,17,2,15,37,29,8,18,4,14,17,2,15,23,13,10,46,17,29,36,19,17
S01012438,196,83,113,7,5,2,9,2,7,6,2,4,19,1,18,23,16,7,18,5,13,20,3,17,26,18,8,41,15,26,27,16,11
S01012439,260,116,144,13,9,4,20,6,14,11,5,6,35,4,31,32,26,6,15,2,13,18,6,12,30,24,6,46,18,28,40,16,24
S01012440,140,62,78,9,6,3,18,5,13,12,10,2,26,2,24,20,17,3,11,2,9,12,2,10,9,9,0,9,5,4,14,4,10
S01012441,230,113,117,19,11,8,40,17,23,19,13,6,18,3,15,27,18,9,15,3,12,15,3,12,13,11,2,30,17,13,34,17,17
S01012442,265,121,144,19,11,8,40,16,24,17,7,10,29,4,25,31,26,5,21,3,18,17,2,15,16,13,3,36,15,21,39,24,15
S01012443,173,73,100,16,10,6,12,4,8,10,6,4,25,2,23,21,17,4,14,1,13,12,3,9,9,5,4,24,8,16,30,17,13
S01012444,298,146,152,18,13,5,39,16,23,18,12,6,32,6,26,34,28,6,16,4,12,24,5,19,22,19,3,30,15,15,65,28,37
S01012445,125,48,77,11,7,4,18,6,12,14,9,5,15,0,15,7,6,1,10,1,9,8,0,8,5,3,2,10,5,5,27,11,16
S01012446,138,61,77,5,1,4,6,2,4,11,6,5,14,2,12,17,15,2,15,2,13,15,3,12,14,12,2,24,8,16,17,10,7
S01012447,203,90,113,14,7,7,31,14,17,14,8,6,34,5,29,21,16,5,15,1,14,14,1,13,14,13,1,12,6,6,34,19,15
S01012448,227,97,130,11,3,8,27,9,18,15,9,6,27,4,23,22,20,2,19,2,17,21,3,18,17,15,2,22,7,15,46,25,21
S01012449,135,67,68,7,5,2,8,3,5,5,3,2,14,1,13,26,22,4,9,3,6,15,3,12,12,11,1,20,8,12,19,8,11
S01012450,228,95,133,21,12,9,34,13,21,17,8,9,19,2,17,21,15,6,10,4,6,23,5,18,11,10,1,27,9,18,45,17,28
S01012451,312,124,188,36,24,12,89,32,57,26,17,9,60,4,56,15,13,2,16,2,14,17,3,14,6,6,0,16,7,9,31,16,15
S01012452,148,65,83,20,13,7,24,9,15,14,9,5,22,3,19,10,8,2,17,3,14,11,5,6,7,6,1,9,3,6,14,6,8
S01012453,228,93,135,38,25,13,46,18,28,28,16,12,45,4,41,6,4,2,10,1,9,18,2,16,5,3,2,14,8,6,18,12,6
S01012454,205,95,110,19,15,4,45,16,29,21,14,7,36,5,31,11,11,0,16,3,13,9,3,6,7,6,1,16,10,6,25,12,13
S01012455,188,75,113,43,29,14,49,18,31,12,5,7,37,4,33,5,4,1,9,0,9,8,1,7,3,2,1,6,1,5,16,11,5
S01012456,249,104,145,29,18,11,60,23,37,37,25,12,40,4,36,12,9,3,15,1,14,19,4,15,6,6,0,11,3,8,20,11,9
S01012457,343,143,200,47,36,11,93,33,60,40,28,12,65,7,58,21,18,3,17,1,16,27,5,22,5,3,2,12,4,8,16,8,8
S01012458,234,107,127,25,16,9,70,25,45,26,19,7,31,5,26,7,6,1,8,2,6,13,2,11,4,1,3,15,8,7,35,23,12
S01012459,153,69,84,12,7,5,14,7,7,9,5,4,18,4,14,17,16,1,13,3,10,24,3,21,8,7,1,10,3,7,28,14,14
S01012460,177,78,99,12,7,5,32,11,21,21,16,5,30,4,26,13,11,2,13,3,10,23,6,17,11,9,2,7,2,5,15,9,6
S01012461,117,51,66,0,0,0,7,2,5,6,4,2,8,1,7,18,14,4,12,2,10,15,3,12,14,11,3,21,7,14,16,7,9
S01012462,242,108,134,1,0,1,14,5,9,8,4,4,9,0,9,32,26,6,19,4,15,35,7,28,20,17,3,58,26,32,46,19,27
S01012463,196,84,112,4,2,2,10,3,7,7,5,2,14,1,13,23,20,3,25,2,23,18,1,17,11,10,1,47,21,26,37,19,18
S01012464,186,85,101,5,3,2,4,4,0,4,2,2,6,1,5,25,22,3,25,1,24,28,4,24,15,10,5,35,18,17,39,20,19
S01012465,229,90,139,4,0,4,13,1,12,8,5,3,14,2,12,27,24,3,29,3,26,27,1,26,19,17,2,46,16,30,42,21,21
S01012466,250,116,134,14,8,6,36,15,21,18,13,5,24,6,18,20,17,3,22,3,19,35,6,29,16,15,1,26,13,13,39,20,19
S01012467,192,68,124,9,3,6,14,4,10,6,4,2,21,5,16,19,15,4,26,2,24,30,5,25,15,11,4,32,10,22,20,9,11
S01012468,201,95,106,10,8,2,11,2,9,12,9,3,29,6,23,28,26,2,26,5,21,27,8,19,10,9,1,23,10,13,25,12,13
S01012469,212,81,131,21,12,9,56,23,33,17,10,7,37,8,29,13,9,4,19,2,17,16,2,14,6,3,3,5,1,4,22,11,11
S01012470,276,120,156,10,6,4,23,11,12,17,11,6,33,5,28,29,26,3,33,4,29,27,4,23,16,12,4,43,19,24,45,22,23
S01012471,232,89,143,32,23,9,69,22,47,25,15,10,29,0,29,11,8,3,14,1,13,10,2,8,5,4,1,15,4,11,22,10,12
S01012472,217,94,123,22,17,5,44,21,23,24,14,10,37,4,33,14,10,4,12,1,11,28,4,24,8,6,2,8,4,4,20,13,7
S01012473,142,59,83,11,5,6,32,13,19,13,7,6,17,5,12,12,8,4,12,0,12,13,5,8,5,3,2,9,5,4,18,8,10
S01012474,239,99,140,15,11,4,27,7,20,23,14,9,37,8,29,24,18,6,10,1,9,22,3,19,15,10,5,30,10,20,36,17,19
S01012475,180,80,100,17,9,8,31,17,14,9,7,2,34,3,31,17,14,3,7,1,6,21,3,18,10,9,1,15,3,12,19,14,5
S01012476,271,117,154,17,11,6,17,6,11,13,7,6,25,3,22,29,26,3,26,7,19,37,4,33,23,18,5,46,15,31,38,20,18
S01012477,171,78,93,7,6,1,29,13,16,12,8,4,35,7,28,20,14,6,17,4,13,15,4,11,8,7,1,10,5,5,18,10,8
S01012478,198,92,106,9,5,4,6,3,3,8,3,5,21,2,19,31,26,5,15,1,14,22,4,18,15,14,1,35,14,21,36,20,16
S01012479,141,67,74,8,6,2,15,9,6,12,8,4,18,1,17,18,15,3,16,7,9,14,5,9,7,3,4,14,5,9,19,8,11
S01012480,166,70,96,9,8,1,19,8,11,9,4,5,16,4,12,10,10,0,16,3,13,27,3,24,17,14,3,25,8,17,18,8,10
S01012481,260,132,128,12,8,4,27,14,13,23,14,9,18,0,18,30,25,5,11,2,9,26,5,21,17,16,1,40,20,20,56,28,28
S01012482,251,116,135,23,11,12,43,17,26,24,11,13,31,7,24,21,19,2,14,4,10,23,8,15,10,6,4,24,9,15,38,24,14
S01012483,321,164,157,18,8,10,20,8,12,22,11,11,25,7,18,34,30,4,20,0,20,33,11,22,31,29,2,72,40,32,46,20,26
S01012484,231,98,133,25,10,15,54,23,31,26,12,14,33,6,27,15,15,0,16,1,15,13,1,12,6,5,1,10,7,3,33,18,15
S01012485,225,88,137,22,12,10,79,27,52,12,9,3,30,4,26,8,7,1,18,2,16,15,8,7,7,7,0,9,3,6,25,9,16
S01012486,173,87,86,28,22,6,53,22,31,11,6,5,25,6,19,13,9,4,6,0,6,11,4,7,2,2,0,6,5,1,18,11,7
S01012487,173,77,96,5,3,2,4,1,3,6,4,2,12,1,11,22,20,2,17,2,15,24,4,20,12,11,1,42,22,20,29,9,20
S01012488,258,125,133,7,4,3,17,7,10,19,16,3,31,3,28,26,23,3,30,10,20,25,4,21,28,23,5,43,20,23,32,15,17
S01012489,384,180,204,11,6,5,7,3,4,15,8,7,15,4,11,50,45,5,44,10,34,34,10,24,30,24,6,110,44,66,68,26,42
S01012490,363,215,148,14,9,5,23,8,15,14,13,1,18,3,15,47,46,1,24,4,20,24,12,12,38,35,3,103,60,43,58,25,33
S01012491,174,86,88,3,2,1,2,1,1,7,6,1,4,2,2,18,16,2,14,5,9,17,2,15,10,9,1,62,31,31,37,12,25
S01012492,379,196,183,9,7,2,9,2,7,9,3,6,25,8,17,48,44,4,34,6,28,46,10,36,39,36,3,87,52,35,73,28,45
S01012493,253,127,126,20,8,12,17,11,6,10,7,3,22,7,15,24,22,2,22,2,20,21,3,18,28,24,4,59,32,27,30,11,19
S01012494,310,145,165,14,8,6,7,5,2,16,10,6,16,3,13,32,27,5,23,7,16,51,6,45,31,23,8,69,29,40,51,27,24
S01012495,329,158,171,8,5,3,15,4,11,15,11,4,29,7,22,39,35,4,34,5,29,29,7,22,30,26,4,83,30,53,47,28,19
S01012496,250,119,131,5,3,2,6,3,3,5,4,1,17,2,15,35,32,3,20,3,17,28,6,22,19,13,6,60,27,33,55,26,29
S01012497,188,101,87,6,3,3,6,2,4,6,5,1,4,1,3,23,21,2,15,1,14,19,7,12,26,21,5,46,17,29,37,23,14
S01012498,317,135,182,10,4,6,4,1,3,9,6,3,7,2,5,37,30,7,35,2,33,29,5,24,27,21,6,82,34,48,77,30,47
S01012499,222,98,124,5,4,1,8,3,5,7,2,5,12,0,12,33,26,7,25,6,19,16,2,14,18,16,2,49,17,32,49,22,27
S01012500,164,85,79,6,4,2,3,0,3,2,1,1,4,1,3,22,21,1,14,2,12,14,0,14,24,23,1,49,25,24,26,8,18
S01012501,228,101,127,2,1,1,2,1,1,8,7,1,4,2,2,23,17,6,26,3,23,26,2,24,16,15,1,64,28,36,57,25,32
S01012502,316,128,188,10,3,7,4,1,3,5,3,2,9,3,6,30,26,4,39,7,32,22,5,17,14,8,6,100,34,66,83,38,45
S01012503,228,114,114,4,4,0,5,2,3,8,5,3,10,3,7,41,31,10,20,2,18,21,5,16,19,15,4,65,30,35,35,17,18
S01012504,206,78,128,8,2,6,8,5,3,6,3,3,8,0,8,25,19,6,30,2,28,17,3,14,17,12,5,55,19,36,32,13,19
S01012505,352,160,192,11,6,5,19,6,13,12,5,7,20,2,18,38,31,7,29,4,25,36,10,26,37,28,9,95,45,50,55,23,32
S01012506,146,63,83,4,2,2,10,2,8,5,5,0,20,3,17,16,15,1,19,2,17,24,6,18,13,11,2,18,11,7,17,6,11
S01012507,306,143,163,13,4,9,18,6,12,27,18,9,26,5,21,39,35,4,32,6,26,23,1,22,29,24,5,54,18,36,45,26,19
S01012508,189,82,107,5,4,1,8,4,4,9,7,2,17,3,14,19,14,5,22,2,20,24,3,21,16,16,0,40,16,24,29,13,16
S01012509,132,52,80,5,0,5,11,4,7,12,9,3,24,2,22,21,17,4,12,1,11,16,3,13,9,8,1,9,3,6,13,5,8
S01012510,205,87,118,7,3,4,12,5,7,8,5,3,21,3,18,32,26,6,19,4,15,18,1,17,19,16,3,37,13,24,32,11,21
S01012511,171,79,92,12,5,7,12,6,6,9,5,4,23,2,21,20,18,2,15,5,10,21,3,18,10,9,1,28,14,14,21,12,9
S01012512,195,85,110,8,4,4,9,4,5,12,5,7,16,3,13,21,17,4,22,0,22,16,3,13,16,13,3,33,21,12,42,15,27
S01012513,110,54,56,7,5,2,18,7,11,12,9,3,13,1,12,6,6,0,8,2,6,12,3,9,8,8,0,11,4,7,15,9,6
S01012514,129,54,75,7,2,5,11,3,8,10,5,5,17,3,14,12,11,1,9,0,9,12,2,10,7,6,1,16,7,9,28,15,13
S01012515,185,87,98,10,4,6,6,2,4,9,8,1,12,2,10,19,17,2,23,4,19,26,5,21,22,19,3,36,15,21,22,11,11
S01012516,196,77,119,11,6,5,19,4,15,11,5,6,14,2,12,23,21,2,24,3,21,25,4,21,16,14,2,30,11,19,23,7,16
S01012517,229,100,129,10,4,6,19,8,11,9,6,3,19,3,16,27,27,0,29,5,24,26,1,25,16,13,3,37,19,18,37,14,23
S01012518,160,69,91,9,4,5,31,13,18,21,12,9,26,5,21,4,4,0,12,3,9,12,4,8,8,7,1,13,4,9,24,13,11
S01012519,143,67,76,7,5,2,17,4,13,11,9,2,14,3,11,21,18,3,16,4,12,12,1,11,8,7,1,19,7,12,18,9,9
S01012520,200,86,114,19,8,11,48,27,21,13,8,5,28,3,25,12,9,3,10,2,8,17,6,11,7,6,1,18,8,10,28,9,19
S01012521,125,56,69,9,8,1,18,9,9,8,5,3,21,4,17,18,14,4,9,0,9,13,1,12,2,2,0,12,6,6,15,7,8
S01012522,251,115,136,25,18,7,51,21,30,30,17,13,40,10,30,22,17,5,14,2,12,17,4,13,8,5,3,16,6,10,28,15,13
S01012523,215,100,115,11,5,6,31,14,17,21,13,8,26,1,25,21,19,2,15,1,14,24,7,17,9,9,0,24,13,11,33,18,15
S01012524,247,91,156,15,5,10,43,18,25,19,11,8,47,5,42,26,20,6,19,0,19,19,4,15,11,5,6,23,10,13,25,13,12
S01012525,181,74,107,9,6,3,30,14,16,17,10,7,35,4,31,23,21,2,10,2,8,17,0,17,4,4,0,15,2,13,21,11,10
S01012526,224,96,128,18,10,8,54,24,30,33,21,12,33,1,32,20,18,2,11,2,9,20,2,18,5,3,2,12,6,6,18,9,9
S01012527,169,72,97,16,11,5,25,11,14,16,11,5,28,4,24,15,12,3,17,2,15,19,6,13,8,4,4,14,5,9,11,6,5
S01012528,212,101,111,4,2,2,8,4,4,5,4,1,6,1,5,29,23,6,24,4,20,23,3,20,23,17,6,48,20,28,42,23,19
S01012529,196,87,109,8,7,1,18,5,13,10,5,5,22,1,21,33,28,5,10,0,10,18,5,13,15,13,2,43,13,30,19,10,9
S01012530,223,88,135,8,5,3,37,16,21,16,10,6,43,5,38,25,21,4,13,0,13,26,4,22,6,3,3,24,11,13,25,13,12
S01012531,188,80,108,17,10,7,19,8,11,17,10,7,24,5,19,13,11,2,14,0,14,12,4,8,12,7,5,30,12,18,30,13,17
S01012532,214,89,125,20,12,8,15,5,10,18,12,6,26,5,21,23,18,5,24,4,20,21,4,17,19,13,6,25,6,19,23,10,13
S01012533,147,60,87,9,6,3,20,4,16,9,3,6,18,1,17,23,21,2,11,1,10,15,0,15,9,8,1,18,9,9,15,7,8
S01012534,155,67,88,6,2,4,13,4,9,9,5,4,14,2,12,15,12,3,13,3,10,20,5,15,17,14,3,23,6,17,25,14,11
S01012535,226,94,132,4,1,3,6,1,5,12,5,7,18,1,17,36,34,2,18,1,17,14,2,12,27,22,5,58,11,47,33,16,17
S01012536,218,96,122,8,2,6,10,3,7,11,7,4,14,2,12,30,27,3,20,3,17,21,5,16,13,12,1,42,12,30,49,23,26
S01012537,291,134,157,7,3,4,8,5,3,12,7,5,18,4,14,37,33,4,19,4,15,42,11,31,33,24,9,79,27,52,36,16,20
S01012538,325,143,182,18,7,11,15,3,12,19,13,6,19,4,15,27,24,3,27,1,26,41,5,36,36,33,3,72,33,39,51,20,31
S01012539,183,80,103,10,6,4,16,12,4,9,8,1,12,0,12,19,13,6,13,3,10,25,3,22,14,10,4,44,14,30,21,11,10
S01012540,242,106,136,3,1,2,3,2,1,9,6,3,9,0,9,28,19,9,21,3,18,27,5,22,34,28,6,70,23,47,38,19,19
S01012541,251,126,125,11,7,4,16,3,13,14,7,7,16,5,11,33,31,2,24,3,21,28,8,20,24,23,1,47,15,32,38,24,14
S01012542,312,144,168,26,16,10,35,16,19,17,12,5,39,7,32,24,20,4,21,4,17,19,1,18,14,10,4,33,17,16,84,41,43
S01012543,170,67,103,14,8,6,19,9,10,11,5,6,26,1,25,17,13,4,18,1,17,11,2,9,14,9,5,23,9,14,17,10,7
S01012544,208,99,109,16,10,6,19,9,10,19,11,8,22,5,17,27,21,6,17,4,13,17,3,14,23,16,7,28,9,19,20,11,9
S01012545,122,52,70,1,1,0,5,1,4,9,8,1,14,2,12,9,8,1,13,2,11,12,2,10,20,13,7,25,8,17,14,7,7
S01012546,227,90,137,11,3,8,21,7,14,15,9,6,29,4,25,24,20,4,23,2,21,21,3,18,18,11,7,35,12,23,30,19,11
S01012547,264,114,150,22,16,6,52,21,31,16,12,4,41,9,32,26,18,8,22,3,19,16,2,14,13,12,1,24,8,16,32,13,19
S01012548,259,99,160,21,12,9,35,14,21,22,14,8,52,5,47,26,21,5,24,3,21,25,6,19,7,6,1,27,9,18,20,9,11
S01012549,156,67,89,3,0,3,5,1,4,8,3,5,12,1,11,28,24,4,14,3,11,15,2,13,15,11,4,31,12,19,25,10,15
S01012550,244,105,139,7,1,6,20,6,14,17,6,11,30,7,23,22,20,2,21,1,20,21,6,15,17,12,5,48,27,21,41,19,22
S01012551,172,65,107,15,8,7,22,8,14,23,15,8,32,9,23,20,17,3,12,0,12,21,1,20,2,1,1,12,3,9,13,3,10
S01012552,246,102,144,10,6,4,36,13,23,20,13,7,56,10,46,20,18,2,18,0,18,27,8,19,13,10,3,19,10,9,27,14,13
S01012553,159,69,90,5,1,4,20,10,10,17,9,8,24,6,18,12,11,1,11,0,11,18,1,17,9,8,1,18,7,11,25,16,9
S01012554,123,57,66,8,6,2,18,8,10,9,3,6,17,3,14,10,9,1,11,1,10,12,2,10,10,10,0,14,6,8,14,9,5
S01012555,139,69,70,15,10,5,22,14,8,16,11,5,23,3,20,9,8,1,9,1,8,14,4,10,4,3,1,12,6,6,15,9,6
S01012556,157,72,85,14,8,6,28,14,14,17,10,7,19,2,17,12,11,1,9,0,9,16,4,12,5,3,2,9,3,6,28,17,11
S01012557,185,84,101,26,20,6,33,13,20,9,5,4,38,3,35,11,9,2,12,6,6,14,1,13,10,8,2,10,5,5,22,14,8
S01012558,177,84,93,6,2,4,11,6,5,10,7,3,8,1,7,27,22,5,16,0,16,23,6,17,14,11,3,37,15,22,25,14,11
S01012559,246,109,137,9,9,0,15,8,7,23,15,8,31,7,24,25,15,10,26,6,20,31,7,24,20,16,4,41,14,27,25,12,13
S01012560,178,74,104,9,4,5,11,3,8,11,8,3,25,4,21,32,31,1,12,0,12,23,0,23,16,11,5,24,7,17,15,6,9
S01012561,232,95,137,13,6,7,25,10,15,8,4,4,29,6,23,24,19,5,21,2,19,19,5,14,16,12,4,37,13,24,40,18,22
S01012562,232,108,124,9,4,5,22,10,12,14,9,5,14,1,13,28,26,2,22,4,18,23,4,19,12,12,0,60,26,34,28,12,16
S01012563,228,95,133,32,20,12,70,25,45,23,13,10,31,6,25,7,5,2,7,0,7,16,3,13,6,4,2,13,5,8,23,14,9
S01012564,254,98,156,27,15,12,48,14,34,31,18,13,32,1,31,25,24,1,19,2,17,22,1,21,9,5,4,18,8,10,23,10,13
S01012565,218,80,138,10,6,4,42,14,28,30,12,18,29,4,25,16,13,3,11,1,10,27,6,21,8,5,3,27,10,17,18,9,9
S01012566,195,77,118,11,5,6,27,12,15,19,10,9,30,3,27,7,7,0,15,6,9,19,3,16,9,9,0,36,14,22,22,8,14
S01012567,321,148,173,18,10,8,37,16,21,21,9,12,41,4,37,27,24,3,36,12,24,40,12,28,19,17,2,42,22,20,40,22,18
S01012568,203,92,111,19,9,10,57,23,34,24,15,9,21,3,18,8,6,2,18,5,13,8,0,8,9,9,0,13,6,7,26,16,10
S01012569,236,92,144,30,21,9,64,20,44,23,11,12,34,5,29,17,14,3,9,1,8,13,1,12,3,2,1,10,4,6,33,13,20
S01012570,127,51,76,5,2,3,10,3,7,7,5,2,15,0,15,14,9,5,11,0,11,14,3,11,14,11,3,15,7,8,22,11,11
S01012571,221,101,120,12,6,6,18,7,11,20,9,11,16,1,15,20,14,6,24,1,23,21,6,15,28,23,5,38,21,17,24,13,11
S01012572,144,56,88,5,2,3,19,5,14,15,9,6,15,1,14,13,8,5,13,0,13,9,1,8,12,9,3,19,10,9,24,11,13
S01012573,191,74,117,14,9,5,30,13,17,16,7,9,29,4,25,9,6,3,20,2,18,15,4,11,15,11,4,14,2,12,29,16,13
S01012574,205,78,127,15,10,5,36,11,25,20,11,9,25,2,23,20,16,4,23,0,23,14,3,11,8,5,3,20,8,12,24,12,12
S01012575,144,60,84,6,4,2,26,13,13,18,7,11,20,2,18,11,8,3,11,0,11,9,2,7,7,5,2,19,11,8,17,8,9
S01012576,162,53,109,13,7,6,38,17,21,7,4,3,20,1,19,14,9,5,17,1,16,15,2,13,9,5,4,23,7,16,6,0,6
S01012577,165,67,98,11,5,6,24,11,13,7,4,3,23,2,21,22,17,5,11,1,10,13,2,11,14,11,3,22,5,17,18,9,9
S01012578,250,110,140,25,11,14,35,12,23,15,10,5,24,1,23,38,28,10,15,2,13,20,6,14,11,8,3,36,14,22,31,18,13
S01012579,180,71,109,11,5,6,27,11,16,5,1,4,16,3,13,20,14,6,20,1,19,14,1,13,15,11,4,25,13,12,27,11,16
S01012580,170,63,107,12,7,5,28,11,17,13,5,8,19,0,19,20,11,9,18,1,17,12,2,10,7,6,1,14,9,5,27,11,16
S01012581,200,92,108,7,3,4,13,4,9,13,11,2,10,1,9,20,15,5,18,0,18,19,6,13,12,11,1,47,20,27,41,21,20
S01012582,196,95,101,15,10,5,26,11,15,17,13,4,13,1,12,26,19,7,21,3,18,9,1,8,12,10,2,28,11,17,29,16,13
S01012583,177,89,88,11,4,7,16,9,7,6,5,1,20,3,17,26,19,7,11,4,7,14,2,12,11,9,2,35,20,15,27,14,13
S01012584,187,86,101,12,8,4,31,16,15,7,3,4,18,2,16,25,17,8,13,3,10,16,3,13,10,10,0,31,12,19,24,12,12
S01012585,220,87,133,8,3,5,21,8,13,10,5,5,11,1,10,24,17,7,28,4,24,24,3,21,16,14,2,39,14,25,39,18,21
S01012586,293,196,97,13,7,6,20,13,7,19,14,5,22,5,17,33,28,5,18,3,15,18,6,12,21,17,4,51,39,12,78,64,14
S01012587,194,80,114,16,10,6,29,8,21,11,6,5,13,2,11,30,18,12,15,0,15,14,3,11,14,8,6,22,10,12,30,15,15
S01012588,155,60,95,10,6,4,10,4,6,12,6,6,27,0,27,13,10,3,17,1,16,9,1,8,18,16,2,17,6,11,22,10,12
S01012589,173,69,104,4,2,2,10,5,5,9,5,4,12,1,11,17,12,5,19,2,17,15,2,13,26,18,8,33,9,24,28,13,15
S01012590,250,101,149,4,0,4,19,7,12,7,4,3,14,0,14,28,21,7,22,2,20,25,4,21,40,29,11,52,17,35,39,17,22
S01012591,304,139,165,6,2,4,21,8,13,9,4,5,21,5,16,29,29,0,26,5,21,24,1,23,53,35,18,69,35,34,46,15,31
S01012592,133,62,71,14,10,4,16,9,7,10,5,5,17,2,15,13,10,3,17,1,16,12,3,9,7,7,0,9,3,6,18,12,6
S01012593,176,77,99,16,7,9,23,10,13,11,8,3,21,1,20,15,14,1,15,0,15,11,1,10,12,6,6,21,8,13,31,22,9
S01012594,149,64,85,6,4,2,19,5,14,13,10,3,20,3,17,15,13,2,11,3,8,14,1,13,15,9,6,11,4,7,25,12,13
S01012595,195,82,113,4,1,3,18,3,15,14,8,6,28,4,24,24,22,2,18,2,16,17,4,13,21,18,3,27,10,17,24,10,14
S01012596,230,100,130,0,0,0,10,3,7,11,6,5,16,2,14,23,17,6,19,1,18,14,3,11,38,27,11,52,20,32,47,21,26
S01012597,84,34,50,3,2,1,8,2,6,4,2,2,11,2,9,10,7,3,8,1,7,9,0,9,7,7,0,8,4,4,16,7,9
S01012598,142,63,79,9,5,4,27,12,15,13,10,3,24,3,21,12,10,2,10,1,9,7,1,6,13,10,3,9,3,6,18,8,10
S01012599,177,73,104,11,6,5,22,11,11,14,5,9,25,7,18,11,8,3,18,1,17,13,3,10,13,10,3,25,10,15,25,12,13
S01012600,173,77,96,13,13,0,30,11,19,10,7,3,28,4,24,14,10,4,20,4,16,12,3,9,8,7,1,14,5,9,24,13,11
S01012601,171,70,101,12,6,6,30,12,18,14,9,5,25,3,22,11,10,1,12,1,11,16,3,13,9,8,1,16,4,12,26,14,12
S01012602,190,75,115,5,2,3,14,4,10,10,6,4,19,2,17,20,18,2,17,1,16,16,3,13,14,12,2,37,12,25,38,15,23
S01012603,231,114,117,9,6,3,12,5,7,9,8,1,37,9,28,29,25,4,13,4,9,19,3,16,29,25,4,42,14,28,32,15,17
S01012604,218,85,133,8,5,3,19,9,10,14,12,2,15,1,14,22,20,2,21,3,18,19,2,17,18,7,11,47,13,34,35,13,22
S01012605,175,74,101,5,2,3,25,10,15,11,6,5,22,5,17,15,14,1,23,4,19,14,2,12,14,12,2,22,11,11,24,8,16
S01012606,62,18,44,7,3,4,3,0,3,6,2,4,5,0,5,2,0,2,6,0,6,8,3,5,3,3,0,6,3,3,16,4,12
S01012607,210,90,120,6,6,0,24,7,17,8,3,5,27,5,22,24,19,5,19,3,16,12,1,11,13,11,2,39,17,22,38,18,20
S01012608,223,103,120,9,6,3,13,3,10,6,4,2,20,3,17,32,28,4,17,5,12,21,4,17,25,18,7,44,16,28,36,16,20
S01012609,254,100,154,2,0,2,10,2,8,10,6,4,15,1,14,31,29,2,33,3,30,29,5,24,23,17,6,58,18,40,43,19,24
S01012610,306,138,168,12,7,5,15,5,10,16,11,5,25,1,24,27,27,0,18,2,16,32,3,29,31,22,9,54,24,30,76,36,40
S01012611,254,112,142,10,5,5,41,16,25,20,13,7,27,5,22,17,15,2,30,5,25,16,1,15,26,21,5,32,13,19,35,18,17
S01012612,273,113,160,7,3,4,23,9,14,19,14,5,32,4,28,25,20,5,25,4,21,20,2,18,27,21,6,39,14,25,56,22,34
S01012613,199,88,111,14,6,8,15,5,10,11,8,3,23,4,19,23,19,4,21,1,20,13,0,13,22,17,5,27,13,14,30,15,15
S01012614,305,145,160,16,9,7,43,17,26,23,15,8,33,4,29,26,19,7,28,7,21,30,11,19,18,17,1,41,21,20,47,25,22
S01012615,182,74,108,12,7,5,29,7,22,13,7,6,21,2,19,10,7,3,13,1,12,13,3,10,16,12,4,18,9,9,37,19,18
S01012616,236,93,143,22,10,12,38,13,25,16,9,7,29,3,26,24,16,8,21,1,20,10,3,7,9,8,1,29,8,21,38,22,16
S01012617,78,32,46,5,3,2,17,8,9,2,1,1,12,1,11,3,2,1,7,0,7,4,1,3,6,3,3,4,3,1,18,10,8
S01012618,128,49,79,7,4,3,11,1,10,7,3,4,12,2,10,11,7,4,8,0,8,13,2,11,12,10,2,16,6,10,31,14,17
S01012619,182,90,92,11,7,4,13,4,9,4,2,2,11,1,10,36,31,5,12,1,11,17,1,16,17,15,2,23,8,15,38,20,18
S01012620,197,85,112,20,16,4,36,11,25,10,10,0,46,9,37,14,9,5,11,0,11,13,4,9,8,6,2,16,12,4,23,8,15
S01012621,180,90,90,9,9,0,39,14,25,14,11,3,30,4,26,19,16,3,10,0,10,10,3,7,6,4,2,10,5,5,33,24,9
S01012622,195,87,108,17,12,5,20,8,12,11,8,3,24,3,21,17,12,5,24,3,21,19,7,12,12,9,3,21,10,11,30,15,15
S01012623,205,91,114,9,7,2,17,4,13,12,9,3,15,4,11,27,24,3,26,2,24,15,0,15,20,16,4,37,14,23,27,11,16
S01012624,191,75,116,9,4,5,9,3,6,9,4,5,21,4,17,23,19,4,17,2,15,19,2,17,14,12,2,36,11,25,34,14,20
S01012625,142,72,70,3,1,2,8,4,4,8,4,4,9,1,8,17,16,1,16,2,14,8,1,7,15,14,1,29,9,20,29,20,9
S01012626,125,53,72,8,4,4,24,10,14,6,2,4,17,1,16,16,15,1,5,0,5,12,4,8,8,6,2,9,3,6,20,8,12
S01012627,174,82,92,7,4,3,16,9,7,16,9,7,8,0,8,26,24,2,15,2,13,15,2,13,12,8,4,25,11,14,34,13,21
S01012628,190,67,123,10,7,3,29,9,20,21,7,14,38,5,33,8,5,3,13,0,13,11,0,11,10,9,1,17,7,10,33,18,15
S01012629,101,48,53,6,4,2,16,6,10,8,6,2,16,2,14,7,6,1,4,0,4,7,0,7,5,2,3,13,9,4,19,13,6
S01012630,260,115,145,13,8,5,39,16,23,17,7,10,32,7,25,28,22,6,17,3,14,19,7,12,17,13,4,40,15,25,38,17,21
S01012631,255,121,134,6,3,3,11,3,8,10,7,3,13,1,12,41,39,2,25,1,24,29,7,22,21,13,8,51,24,27,48,23,25
S01012632,176,76,100,12,7,5,18,5,13,15,10,5,27,2,25,13,13,0,15,1,14,17,4,13,17,14,3,16,7,9,26,13,13
S01012633,191,85,106,23,16,7,21,11,10,15,7,8,20,2,18,22,19,3,13,2,11,20,3,17,13,10,3,20,7,13,24,8,16
S01012634,227,119,108,13,6,7,18,7,11,16,8,8,13,0,13,34,33,1,20,0,20,15,4,11,28,21,7,40,21,19,30,19,11
S01012635,287,117,170,31,19,12,50,17,33,12,9,3,31,1,30,30,25,5,22,1,21,22,4,18,17,13,4,36,12,24,36,16,20
S01012636,120,44,76,3,2,1,17,4,13,8,5,3,16,0,16,20,16,4,4,0,4,11,1,10,6,3,3,16,8,8,19,5,14
S01012637,273,115,158,8,4,4,7,1,6,6,1,5,14,2,12,28,17,11,18,3,15,21,3,18,41,29,12,73,35,38,57,20,37
S01012638,257,104,153,9,6,3,21,7,14,11,7,4,18,3,15,25,19,6,24,2,22,23,5,18,37,27,10,56,17,39,33,11,22
S01012639,235,104,131,6,3,3,9,4,5,7,5,2,17,2,15,33,24,9,32,4,28,11,3,8,32,22,10,52,19,33,36,18,18
S01012640,372,168,204,20,12,8,12,5,7,17,10,7,22,1,21,44,38,6,44,4,40,24,6,18,54,41,13,72,32,40,63,19,44
S01012641,280,120,160,11,5,6,24,5,19,12,7,5,20,4,16,39,33,6,34,3,31,25,6,19,34,21,13,42,18,24,39,18,21
S01012642,307,126,181,6,3,3,10,2,8,5,1,4,12,2,10,32,23,9,25,0,25,20,3,17,49,27,22,83,37,46,65,28,37
S01012643,136,56,80,8,4,4,10,4,6,2,0,2,4,0,4,18,15,3,16,1,15,8,3,5,29,14,15,18,6,12,23,9,14
S01012644,186,79,107,4,1,3,7,1,6,9,5,4,5,0,5,17,13,4,20,2,18,15,3,12,20,16,4,45,19,26,44,19,25
S01012645,196,86,110,10,4,6,15,3,12,11,8,3,19,4,15,25,22,3,26,2,24,16,2,14,20,18,2,23,11,12,31,12,19
S01012646,209,86,123,11,7,4,19,6,13,18,11,7,24,2,22,27,19,8,28,7,21,15,2,13,14,10,4,22,5,17,31,17,14
S01012647,103,34,69,3,0,3,10,3,7,7,2,5,15,1,14,19,17,2,9,0,9,16,1,15,2,1,1,7,3,4,15,6,9
S01012648,180,79,101,6,4,2,7,4,3,6,3,3,12,1,11,24,17,7,19,1,18,15,3,12,27,13,14,26,15,11,38,18,20
S01012649,199,85,114,8,5,3,20,4,16,14,12,2,11,2,9,17,15,2,17,3,14,14,2,12,11,7,4,26,9,17,61,26,35
S01012650,163,73,90,13,6,7,15,8,7,13,7,6,25,7,18,18,15,3,13,0,13,5,0,5,19,14,5,22,5,17,20,11,9
S01012651,210,108,102,5,2,3,4,0,4,2,0,2,15,3,12,32,26,6,10,2,8,14,2,12,43,28,15,56,28,28,29,17,12
S01012652,251,100,151,16,7,9,43,13,30,24,16,8,42,4,38,23,21,2,12,1,11,28,8,20,10,6,4,22,9,13,31,15,16
S01012653,264,124,140,6,0,6,10,3,7,10,6,4,12,2,10,35,27,8,23,3,20,23,6,17,36,21,15,38,19,19,71,37,34
S01012654,172,75,97,13,7,6,20,10,10,11,9,2,20,1,19,15,14,1,14,2,12,13,2,11,14,7,7,29,9,20,23,14,9
S01012655,323,142,181,16,9,7,13,7,6,11,7,4,37,8,29,43,29,14,25,5,20,26,5,21,41,19,22,45,25,20,66,28,38
S01012656,249,105,144,9,4,5,7,3,4,13,7,6,16,1,15,37,32,5,20,1,19,29,6,23,40,18,22,48,25,23,30,8,22
S01012657,160,63,97,5,1,4,5,2,3,5,3,2,20,1,19,27,23,4,16,1,15,13,1,12,22,9,13,19,10,9,28,12,16
S01012658,262,100,162,11,7,4,21,7,14,19,12,7,42,2,40,37,33,4,20,0,20,32,2,30,20,13,7,31,10,21,29,14,15
S01012659,156,65,91,5,3,2,12,5,7,8,4,4,17,3,14,11,10,1,17,4,13,23,3,20,16,10,6,14,7,7,33,16,17
S01012660,203,90,113,7,3,4,10,5,5,11,7,4,22,4,18,36,28,8,13,1,12,16,2,14,35,15,20,30,13,17,23,12,11
S01012661,175,68,107,10,4,6,15,3,12,13,7,6,21,2,19,23,17,6,17,2,15,15,4,11,16,7,9,23,11,12,22,11,11
S01012662,255,107,148,9,5,4,12,2,10,9,5,4,17,4,13,42,34,8,22,3,19,29,6,23,41,23,18,43,14,29,31,11,20
S01012663,210,96,114,13,8,5,18,10,8,17,11,6,31,4,27,35,31,4,16,1,15,19,1,18,18,6,12,19,9,10,24,15,9
S01012664,217,103,114,9,3,6,13,4,9,11,7,4,20,2,18,37,31,6,15,3,12,19,5,14,33,16,17,34,16,18,26,16,10
S01012665,259,101,158,3,2,1,7,1,6,9,4,5,17,4,13,33,26,7,21,2,19,25,3,22,49,20,29,58,29,29,37,10,27
S01012666,244,88,156,5,2,3,2,0,2,8,4,4,10,1,9,33,21,12,31,7,24,29,5,24,49,17,32,54,20,34,23,11,12
S01012667,223,116,107,13,9,4,8,4,4,7,6,1,17,2,15,26,19,7,14,2,12,10,2,8,43,29,14,43,26,17,42,17,25
S01012668,232,93,139,2,2,0,3,0,3,9,5,4,21,4,17,33,24,9,16,2,14,18,5,13,39,17,22,46,17,29,45,17,28
S01012669,205,85,120,15,10,5,26,9,17,13,9,4,29,4,25,26,22,4,15,1,14,27,6,21,20,12,8,12,2,10,22,10,12
S01012670,203,95,108,14,10,4,34,18,16,21,16,5,30,3,27,24,17,7,14,4,10,19,4,15,9,6,3,10,1,9,28,16,12
S01012671,247,111,136,5,5,0,7,1,6,5,4,1,11,2,9,26,21,5,17,1,16,21,3,18,59,28,31,45,20,25,51,26,25
S01012672,300,139,161,1,0,1,6,2,4,13,10,3,12,2,10,36,28,8,18,2,16,31,2,29,63,30,33,85,41,44,35,22,13
S01012673,208,82,126,3,1,2,6,2,4,5,2,3,16,3,13,31,26,5,12,1,11,28,5,23,30,6,24,46,23,23,31,13,18
S01012674,224,108,116,5,2,3,2,0,2,7,4,3,15,3,12,32,29,3,18,3,15,13,3,10,32,16,16,46,23,23,54,25,29
S01012675,274,123,151,4,0,4,8,3,5,8,3,5,13,0,13,40,35,5,25,1,24,17,4,13,53,23,30,64,33,31,42,21,21
S01012676,200,85,115,6,5,1,8,3,5,11,9,2,16,2,14,30,26,4,23,2,21,18,2,16,17,9,8,34,15,19,37,12,25
S01012677,196,89,107,13,8,5,9,3,6,6,5,1,7,0,7,28,24,4,21,2,19,13,3,10,19,9,10,43,20,23,37,15,22
S01012678,137,69,68,12,7,5,13,1,12,11,8,3,15,4,11,15,13,2,8,1,7,10,5,5,8,5,3,17,6,11,28,19,9
S01012679,224,103,121,13,8,5,15,4,11,10,7,3,28,6,22,26,23,3,17,3,14,23,4,19,26,16,10,44,16,28,22,16,6
S01012680,97,41,56,6,3,3,6,1,5,6,3,3,11,0,11,14,12,2,14,1,13,9,2,7,7,5,2,8,3,5,16,11,5
S01012681,189,80,109,10,7,3,12,3,9,7,4,3,18,2,16,25,23,2,11,1,10,20,5,15,20,12,8,34,13,21,32,10,22
S01012682,183,82,101,14,10,4,16,7,9,11,6,5,25,3,22,20,19,1,14,2,12,25,10,15,22,14,8,18,3,15,18,8,10
S01012683,212,87,125,5,3,2,11,2,9,14,9,5,20,4,16,31,28,3,19,2,17,24,1,23,21,13,8,34,12,22,33,13,20
S01012684,136,67,69,8,4,4,12,6,6,10,7,3,21,6,15,17,13,4,12,1,11,7,1,6,11,6,5,18,11,7,20,12,8
S01012685,208,94,114,6,3,3,5,4,1,13,8,5,15,2,13,31,29,2,16,1,15,22,1,21,25,14,11,45,19,26,30,13,17
S01012686,214,87,127,13,6,7,39,20,19,21,11,10,37,0,37,17,15,2,9,1,8,17,3,14,9,7,2,22,10,12,30,14,16
S01012687,173,73,100,22,16,6,50,20,30,18,13,5,41,6,35,9,6,3,7,0,7,8,2,6,3,2,1,7,4,3,8,4,4
S01012688,217,88,129,13,5,8,26,10,16,18,12,6,35,5,30,29,24,5,13,1,12,17,2,15,15,9,6,21,5,16,30,15,15
S01012689,125,51,74,11,7,4,23,8,15,10,3,7,22,0,22,10,8,2,14,5,9,5,2,3,2,2,0,14,8,6,14,8,6
S01012690,130,52,78,5,2,3,24,12,12,9,3,6,20,3,17,8,6,2,10,1,9,12,4,8,12,8,4,11,5,6,19,8,11
S01012691,188,76,112,18,14,4,44,16,28,11,7,4,26,1,25,13,11,2,10,2,8,19,1,18,4,3,1,10,8,2,33,13,20
S01012692,218,96,122,7,2,5,31,7,24,10,8,2,25,5,20,27,24,3,12,4,8,20,5,15,15,5,10,32,14,18,39,22,17
S01012693,189,77,112,22,17,5,37,17,20,14,8,6,31,1,30,12,8,4,6,0,6,14,3,11,9,4,5,9,5,4,35,14,21
S01012694,100,40,60,11,9,2,8,3,5,1,0,1,9,1,8,8,7,1,12,2,10,15,2,13,12,8,4,17,5,12,7,3,4
S01012695,200,83,117,15,8,7,25,8,17,23,13,10,20,3,17,18,15,3,17,0,17,11,3,8,20,13,7,22,8,14,29,12,17
S01012696,287,197,90,11,8,3,29,14,15,15,12,3,24,7,17,27,23,4,13,3,10,18,11,7,12,10,2,44,36,8,94,73,21
S01012697,115,46,69,6,2,4,18,7,11,6,3,3,17,3,14,16,11,5,9,0,9,4,1,3,9,7,2,8,5,3,22,7,15
S01012698,193,92,101,15,11,4,23,10,13,26,17,9,29,4,25,19,13,6,12,3,9,24,5,19,9,7,2,14,7,7,22,15,7
S01012699,238,89,149,18,10,8,33,10,23,16,8,8,20,2,18,23,17,6,19,2,17,18,3,15,25,16,9,28,8,20,38,13,25
S01012700,211,96,115,17,9,8,25,9,16,16,12,4,39,8,31,16,13,3,15,2,13,19,7,12,14,9,5,17,9,8,33,18,15
S01012701,167,73,94,8,6,2,32,16,16,12,9,3,37,8,29,13,12,1,6,0,6,21,4,17,8,2,6,10,5,5,20,11,9
S01012702,136,53,83,6,2,4,17,6,11,11,9,2,20,1,19,13,10,3,11,2,9,12,6,6,20,10,10,14,5,9,12,2,10
S01012703,95,45,50,4,2,2,7,5,2,5,2,3,6,0,6,9,8,1,6,0,6,6,1,5,10,6,4,17,9,8,25,12,13
S01012704,225,100,125,6,2,4,2,1,1,13,4,9,10,1,9,33,30,3,26,3,23,21,4,17,33,22,11,41,13,28,40,20,20
S01012705,116,42,74,8,4,4,15,7,8,6,3,3,16,1,15,8,6,2,5,1,4,12,1,11,4,0,4,9,4,5,33,15,18
S01012706,208,105,103,2,2,0,5,2,3,9,5,4,10,3,7,31,28,3,15,0,15,21,2,19,37,24,13,41,18,23,37,21,16
S01012707,185,90,95,21,16,5,32,18,14,22,13,9,36,10,26,6,5,1,13,1,12,16,4,12,5,4,1,7,3,4,27,16,11
S01012708,249,111,138,9,4,5,9,4,5,7,4,3,24,4,20,35,32,3,15,2,13,28,3,25,33,18,15,52,24,28,37,16,21
S01012709,162,72,90,9,8,1,10,4,6,7,6,1,16,2,14,22,20,2,10,2,8,20,4,16,20,9,11,34,13,21,14,4,10
S01012710,198,96,102,7,4,3,13,8,5,8,3,5,17,5,12,34,31,3,14,1,13,23,6,17,25,10,15,32,18,14,25,10,15
S01012711,294,166,128,11,9,2,10,6,4,14,11,3,16,5,11,41,39,2,25,5,20,21,3,18,51,36,15,60,29,31,45,23,22
S01012712,246,105,141,27,20,7,45,27,18,12,9,3,50,7,43,8,7,1,15,0,15,25,4,21,13,10,3,17,5,12,34,16,18
S01012713,199,81,118,13,10,3,38,17,21,16,11,5,36,3,33,16,14,2,15,1,14,16,2,14,12,9,3,15,5,10,22,9,13
S01012714,174,82,92,24,20,4,34,14,20,17,12,5,49,10,39,9,8,1,9,2,7,10,3,7,5,5,0,7,2,5,10,6,4
S01012715,223,103,120,9,6,3,14,7,7,15,8,7,42,10,32,23,21,2,17,1,16,20,4,16,22,14,8,36,18,18,25,14,11
S01012716,240,90,150,28,17,11,63,26,37,20,10,10,46,4,42,14,9,5,11,0,11,22,7,15,10,7,3,7,4,3,19,6,13
S01012717,292,138,154,11,8,3,37,16,21,20,13,7,50,12,38,34,29,5,16,5,11,31,5,26,22,14,8,38,17,21,33,19,14
S01012718,257,108,149,12,6,6,31,12,19,16,10,6,33,6,27,30,25,5,18,3,15,26,3,23,20,14,6,32,13,19,39,16,23
S01012719,237,109,128,8,4,4,25,11,14,11,7,4,24,7,17,30,25,5,14,1,13,22,6,16,27,16,11,48,21,27,28,11,17
S01012720,129,81,48,5,3,2,14,6,8,9,6,3,12,3,9,15,14,1,2,1,1,11,4,7,16,13,3,19,16,3,26,15,11
S01012721,166,65,101,3,3,0,15,4,11,7,3,4,23,5,18,18,13,5,4,2,2,19,4,15,20,7,13,39,14,25,18,10,8
S01012722,301,150,151,6,6,0,10,4,6,14,9,5,23,9,14,36,32,4,10,1,9,26,4,22,58,21,37,75,42,33,43,22,21
S01012723,220,119,101,9,8,1,10,5,5,8,4,4,15,4,11,33,30,3,19,6,13,16,4,12,31,20,11,41,20,21,38,18,20
S01012724,192,85,107,8,4,4,16,4,12,12,6,6,24,8,16,25,21,4,18,3,15,19,1,18,25,12,13,25,13,12,20,13,7
S01012725,225,102,123,11,7,4,18,9,9,12,6,6,29,5,24,30,26,4,15,1,14,26,9,17,19,12,7,30,8,22,35,19,16
S01012726,182,75,107,10,8,2,12,5,7,12,5,7,24,3,21,16,12,4,10,0,10,13,1,12,29,13,16,33,17,16,23,11,12
S01012727,256,108,148,3,2,1,4,0,4,11,4,7,15,4,11,36,27,9,13,0,13,26,5,21,37,17,20,54,24,30,57,25,32
S01012728,271,109,162,4,0,4,8,2,6,14,4,10,20,3,17,35,31,4,26,4,22,32,5,27,29,17,12,55,23,32,48,20,28
S01012729,205,89,116,4,4,0,17,5,12,19,10,9,18,3,15,22,19,3,6,0,6,30,5,25,26,12,14,27,13,14,36,18,18
S01012730,172,77,95,6,2,4,5,3,2,8,1,7,10,1,9,30,23,7,11,1,10,20,1,19,21,12,9,39,23,16,22,10,12
S01012731,223,91,132,5,2,3,6,2,4,10,9,1,27,2,25,27,25,2,23,3,20,22,5,17,27,13,14,42,18,24,34,12,22
S01012732,210,93,117,8,5,3,7,4,3,9,3,6,20,9,11,38,31,7,27,4,23,23,1,22,31,19,12,30,13,17,17,4,13
S01012733,124,47,77,7,4,3,10,4,6,7,1,6,18,5,13,11,10,1,9,1,8,15,5,10,5,2,3,10,2,8,32,13,19
S01012734,79,31,48,5,3,2,6,2,4,10,5,5,9,2,7,3,3,0,3,0,3,7,1,6,4,2,2,10,5,5,22,8,14
S01012735,168,71,97,4,2,2,7,3,4,8,5,3,19,2,17,19,16,3,13,3,10,17,3,14,22,13,9,36,16,20,23,8,15
S01012736,222,95,127,6,3,3,10,3,7,12,7,5,28,4,24,31,28,3,21,5,16,26,2,24,21,14,7,32,13,19,35,16,19
S01012737,159,69,90,4,4,0,8,2,6,6,3,3,18,4,14,21,18,3,11,1,10,24,3,21,15,9,6,25,11,14,27,14,13
S01012738,178,85,93,6,2,4,5,2,3,9,7,2,10,3,7,24,21,3,14,2,12,15,6,9,17,6,11,36,10,26,42,26,16
S01012739,111,42,69,12,7,5,13,5,8,6,1,5,15,1,14,11,9,2,3,0,3,13,5,8,5,3,2,9,1,8,24,10,14
S01012740,120,48,72,4,2,2,10,6,4,5,3,2,18,3,15,14,10,4,7,2,5,16,3,13,9,5,4,11,3,8,26,11,15
S01012741,101,43,58,6,3,3,11,7,4,9,3,6,17,3,14,10,9,1,9,4,5,15,3,12,6,3,3,6,3,3,12,5,7
S01012742,164,70,94,11,8,3,30,12,18,13,11,2,25,2,23,11,11,0,7,0,7,18,2,16,17,8,9,14,4,10,18,12,6
S01012743,128,50,78,9,6,3,25,6,19,11,7,4,25,4,21,7,5,2,5,0,5,13,1,12,3,1,2,12,7,5,18,13,5
S01012744,128,56,72,7,6,1,17,9,8,14,8,6,24,2,22,16,13,3,9,1,8,12,5,7,9,4,5,8,4,4,12,4,8
S01012745,176,71,105,10,6,4,21,8,13,23,15,8,36,5,31,14,11,3,8,0,8,20,6,14,12,10,2,14,5,9,18,5,13
S01012746,164,67,97,16,9,7,17,8,9,14,9,5,20,2,18,10,5,5,11,2,9,20,3,17,14,10,4,18,7,11,24,12,12
S01012747,250,116,134,11,5,6,17,7,10,13,6,7,30,5,25,30,24,6,5,3,2,28,7,21,21,16,5,39,18,21,56,25,31
S01012748,278,134,144,4,1,3,3,2,1,7,6,1,13,4,9,46,39,7,13,3,10,29,4,25,34,20,14,68,27,41,61,28,33
S01012749,300,130,170,4,1,3,6,2,4,13,7,6,17,4,13,32,23,9,22,2,20,24,7,17,43,24,19,58,28,30,81,32,49
S01012750,250,123,127,4,2,2,5,2,3,9,6,3,15,4,11,30,24,6,9,1,8,24,5,19,37,22,15,69,35,34,48,22,26
S01012751,264,117,147,7,4,3,8,3,5,12,7,5,22,3,19,41,34,7,15,5,10,26,7,19,42,23,19,59,18,41,32,13,19
S01012752,234,96,138,1,1,0,9,2,7,4,2,2,22,6,16,35,30,5,14,0,14,20,0,20,30,18,12,61,21,40,38,16,22
S01012753,175,64,111,5,1,4,5,0,5,3,0,3,8,1,7,20,20,0,14,1,13,15,0,15,33,14,19,44,17,27,28,10,18
S01012754,195,98,97,2,1,1,11,3,8,16,11,5,9,1,8,27,23,4,14,1,13,18,3,15,27,17,10,43,25,18,28,13,15
S01012755,215,107,108,2,1,1,5,1,4,7,4,3,14,4,10,31,29,2,15,2,13,22,5,17,30,17,13,48,27,21,41,17,24
S01012756,176,79,97,3,1,2,7,1,6,8,6,2,23,2,21,30,24,6,9,1,8,18,5,13,24,15,9,28,11,17,26,13,13
S01012757,149,64,85,6,3,3,8,4,4,6,3,3,8,1,7,20,16,4,7,0,7,13,3,10,33,16,17,35,12,23,13,6,7
S01012758,185,75,110,7,3,4,11,4,7,11,5,6,16,0,16,24,21,3,14,2,12,25,3,22,20,14,6,27,9,18,30,14,16
S01012759,247,119,128,1,0,1,9,1,8,6,5,1,14,3,11,38,32,6,16,8,8,31,4,27,32,15,17,50,24,26,50,27,23
S01012760,332,143,189,7,6,1,14,6,8,11,6,5,27,4,23,29,23,6,35,2,33,28,4,24,45,21,24,61,28,33,75,43,32
S01012761,224,112,112,3,1,2,6,1,5,11,10,1,29,11,18,31,24,7,14,1,13,18,2,16,41,29,12,41,20,21,30,13,17
S01012762,214,93,121,7,3,4,12,5,7,9,8,1,31,3,28,32,29,3,9,2,7,21,1,20,31,19,12,38,12,26,24,11,13
S01012763,132,57,75,5,3,2,2,1,1,7,3,4,6,0,6,17,17,0,6,0,6,14,0,14,19,8,11,31,11,20,25,14,11
S01012764,239,108,131,6,4,2,6,4,2,13,5,8,22,6,16,30,26,4,16,5,11,21,2,19,38,21,17,46,18,28,41,17,24
S01012765,208,89,119,11,6,5,10,0,10,16,11,5,12,1,11,35,23,12,5,1,4,20,1,19,35,16,19,30,14,16,34,16,18
S01012766,212,85,127,6,5,1,5,1,4,8,1,7,14,0,14,26,21,5,14,1,13,20,1,19,39,17,22,41,17,24,39,21,18
S01012767,149,65,84,7,5,2,17,5,12,13,10,3,25,0,25,18,16,2,7,1,6,16,5,11,15,9,6,14,3,11,17,11,6
S01012768,177,87,90,9,5,4,22,13,9,18,13,5,28,5,23,22,18,4,12,2,10,16,6,10,16,11,5,17,3,14,17,11,6
S01012769,97,48,49,2,1,1,5,1,4,10,6,4,14,2,12,10,6,4,4,0,4,9,3,6,14,10,4,9,6,3,20,13,7
S01012770,235,95,140,10,5,5,7,4,3,15,8,7,32,3,29,22,18,4,14,3,11,27,4,23,33,19,14,41,20,21,34,11,23
S01012771,219,94,125,9,6,3,13,7,6,10,4,6,23,5,18,15,15,0,19,4,15,28,4,24,34,21,13,30,13,17,38,15,23
S01012772,212,89,123,5,1,4,6,1,5,4,0,4,16,3,13,27,25,2,13,3,10,17,1,16,29,13,16,60,26,34,35,16,19
S01012773,280,117,163,9,2,7,12,7,5,12,7,5,27,6,21,29,24,5,22,5,17,25,3,22,41,19,22,65,23,42,38,21,17
S01012774,217,100,117,8,4,4,7,4,3,11,7,4,20,3,17,28,24,4,12,1,11,19,1,18,24,16,8,51,19,32,37,21,16
S01012775,128,59,69,6,4,2,6,5,1,10,5,5,18,2,16,10,10,0,13,2,11,17,4,13,14,10,4,15,7,8,19,10,9
S01012776,246,117,129,2,1,1,4,2,2,8,7,1,17,3,14,40,37,3,16,5,11,25,3,22,52,28,24,49,19,30,33,12,21
S01012777,163,77,86,4,3,1,1,0,1,9,3,6,13,2,11,14,14,0,20,4,16,14,2,12,18,14,4,19,7,12,51,28,23
S01012778,192,98,94,8,3,5,3,1,2,5,4,1,12,4,8,19,16,3,17,2,15,13,2,11,28,17,11,37,23,14,50,26,24
S01012779,123,55,68,1,0,1,2,1,1,4,3,1,6,2,4,9,9,0,10,0,10,13,0,13,17,10,7,32,13,19,29,17,12
S01012780,238,93,145,4,1,3,8,3,5,12,5,7,13,1,12,22,19,3,18,3,15,24,5,19,34,16,18,50,16,34,53,24,29
S01012781,177,80,97,5,5,0,12,5,7,24,14,10,21,1,20,27,25,2,14,0,14,19,4,15,13,5,8,14,2,12,28,19,9
S01012782,217,106,111,4,1,3,4,3,1,6,4,2,15,4,11,40,33,7,10,1,9,19,4,15,28,16,12,51,22,29,40,18,22
S01012783,234,106,128,2,2,0,4,2,2,3,2,1,15,4,11,27,22,5,11,1,10,24,3,21,32,10,22,67,35,32,49,25,24
S01012784,204,98,106,4,2,2,12,7,5,13,8,5,14,2,12,28,22,6,12,3,9,27,5,22,27,14,13,43,24,19,24,11,13
S01012785,263,129,134,5,3,2,7,4,3,8,5,3,15,2,13,33,30,3,14,6,8,22,4,18,42,23,19,72,32,40,45,20,25
S01012786,294,142,152,3,2,1,7,3,4,11,4,7,18,5,13,33,30,3,20,5,15,22,4,18,37,19,18,82,43,39,61,27,34
S01012787,116,57,59,5,1,4,1,0,1,7,3,4,11,2,9,18,16,2,6,2,4,9,2,7,12,5,7,26,15,11,21,11,10
S01012788,230,102,128,6,3,3,6,1,5,6,6,0,9,0,9,23,19,4,12,0,12,21,4,17,25,12,13,62,30,32,60,27,33
S01012789,232,109,123,10,6,4,24,11,13,13,9,4,22,9,13,24,20,4,19,3,16,30,7,23,18,10,8,37,16,21,35,18,17
S01012790,82,36,46,3,2,1,15,5,10,2,2,0,16,6,10,6,6,0,2,0,2,5,0,5,9,5,4,7,5,2,17,5,12
S01012791,206,89,117,16,10,6,42,20,22,15,13,2,44,6,38,16,11,5,13,2,11,18,6,12,11,8,3,15,5,10,16,8,8
S01012792,272,132,140,10,7,3,19,7,12,17,12,5,33,8,25,40,33,7,11,5,6,27,10,17,39,23,16,49,15,34,27,12,15
S01012793,337,195,142,6,3,3,9,4,5,15,11,4,20,6,14,31,31,0,20,6,14,34,12,22,37,26,11,94,51,43,71,45,26
S01012794,157,73,84,18,14,4,26,11,15,16,9,7,20,2,18,10,9,1,8,3,5,18,8,10,11,7,4,21,8,13,9,2,7
S01012795,369,157,212,6,3,3,9,3,6,10,5,5,11,3,8,49,41,8,33,7,26,41,10,31,51,32,19,83,28,55,76,25,51
S01012796,179,72,107,4,2,2,9,3,6,8,4,4,18,6,12,17,14,3,9,2,7,15,4,11,28,14,14,42,11,31,29,12,17
S01012797,194,77,117,1,0,1,2,1,1,7,3,4,15,5,10,21,17,4,13,1,12,17,3,14,24,10,14,46,20,26,48,17,31
S01012798,178,77,101,19,14,5,31,10,21,12,7,5,33,5,28,12,9,3,9,0,9,15,1,14,7,4,3,13,8,5,27,19,8
S01012799,182,69,113,17,8,9,43,16,27,23,6,17,24,5,19,8,7,1,9,0,9,17,6,11,10,6,4,10,3,7,21,12,9
S01012800,225,97,128,24,17,7,48,23,25,21,7,14,30,3,27,17,12,5,5,0,5,31,8,23,12,11,1,7,1,6,30,15,15
S01012801,112,44,68,11,8,3,26,9,17,7,4,3,18,1,17,8,6,2,4,0,4,15,5,10,4,2,2,8,4,4,11,5,6
S01012802,147,64,83,23,18,5,25,9,16,15,7,8,19,0,19,7,7,0,5,0,5,13,3,10,2,0,2,10,6,4,28,14,14
S01012803,178,82,96,11,9,2,30,12,18,16,7,9,37,6,31,15,13,2,5,0,5,17,6,11,4,3,1,10,4,6,33,22,11
S01012804,207,89,118,12,7,5,24,9,15,11,6,5,27,5,22,13,13,0,19,1,18,17,4,13,20,8,12,29,17,12,35,19,16
S01012805,238,94,144,8,4,4,13,4,9,10,6,4,27,3,24,24,20,4,19,3,16,31,9,22,23,18,5,42,9,33,41,18,23
S01012806,201,76,125,7,5,2,14,4,10,14,6,8,17,3,14,17,13,4,25,3,22,21,5,16,15,11,4,30,8,22,41,18,23
S01012807,117,40,77,20,14,6,16,3,13,13,5,8,20,1,19,4,4,0,5,0,5,8,2,6,3,2,1,7,2,5,21,7,14
S01012808,251,106,145,19,12,7,27,8,19,22,11,11,42,7,35,20,17,3,16,2,14,30,11,19,21,13,8,21,9,12,33,16,17
S01012809,172,86,86,13,8,5,28,12,16,9,4,5,18,3,15,15,11,4,9,2,7,19,3,16,19,15,4,12,6,6,30,22,8
S01012810,274,135,139,9,6,3,11,5,6,15,9,6,33,4,29,34,28,6,30,6,24,29,7,22,30,27,3,51,29,22,32,14,18
S01012811,233,88,145,9,4,5,27,11,16,7,4,3,33,3,30,18,17,1,20,3,17,21,3,18,25,17,8,37,11,26,36,15,21
S01012812,138,59,79,7,5,2,17,10,7,6,3,3,20,2,18,14,14,0,6,2,4,13,1,12,11,6,5,20,7,13,24,9,15
S01012813,256,103,153,23,16,7,76,26,50,23,15,8,50,6,44,8,8,0,9,1,8,17,5,12,9,5,4,11,7,4,30,14,16
S01012814,137,55,82,10,5,5,9,2,7,9,7,2,21,1,20,18,15,3,9,1,8,14,2,12,14,12,2,13,3,10,20,7,13
S01012815,105,45,60,5,1,4,11,4,7,9,6,3,10,3,7,13,11,2,8,0,8,14,2,12,5,2,3,11,5,6,19,11,8
S01012816,110,40,70,7,4,3,4,0,4,7,5,2,8,2,6,8,8,0,7,0,7,15,1,14,10,5,5,15,6,9,29,9,20
S01012817,58,23,35,4,1,3,1,0,1,3,1,2,7,4,3,2,2,0,3,0,3,9,2,7,2,1,1,7,3,4,20,9,11
S01012818,168,70,98,2,2,0,9,3,6,12,8,4,18,5,13,16,15,1,16,1,15,25,6,19,7,3,4,17,10,7,46,17,29
S01012819,281,125,156,4,3,1,2,2,0,11,4,7,22,2,20,35,29,6,19,4,15,34,8,26,49,29,20,52,21,31,53,23,30
S01012820,152,67,85,8,5,3,8,6,2,9,2,7,19,3,16,12,12,0,11,1,10,18,8,10,15,9,6,15,5,10,37,16,21
S01012821,126,50,76,4,2,2,6,3,3,4,2,2,10,0,10,9,9,0,6,0,6,17,5,12,6,5,1,8,3,5,56,21,35
S01012822,176,92,84,6,2,4,5,4,1,4,4,0,10,1,9,22,22,0,14,3,11,15,6,9,15,8,7,59,31,28,26,11,15
S01012823,133,62,71,3,2,1,4,2,2,3,2,1,15,3,12,12,9,3,9,2,7,10,1,9,11,5,6,18,5,13,48,31,17
S01012824,146,68,78,7,5,2,5,2,3,8,3,5,15,4,11,17,15,2,11,3,8,8,2,6,29,14,15,18,5,13,28,15,13
S01012825,168,89,79,2,1,1,12,7,5,9,6,3,11,4,7,22,20,2,14,1,13,14,3,11,26,19,7,38,20,18,20,8,12
S01012826,214,97,117,1,0,1,6,6,0,9,1,8,10,3,7,20,17,3,13,3,10,21,4,17,24,11,13,40,17,23,70,35,35
S01012827,91,38,53,3,2,1,2,1,1,4,1,3,9,0,9,9,6,3,8,1,7,5,1,4,10,8,2,6,3,3,35,15,20
S01012828,68,30,38,3,2,1,3,2,1,10,6,4,5,1,4,4,4,0,9,1,8,8,0,8,3,0,3,10,7,3,13,7,6
S01012829,271,107,164,7,3,4,4,2,2,13,9,4,19,3,16,29,26,3,24,2,22,27,9,18,42,21,21,48,14,34,58,18,40
S01012830,225,93,132,13,8,5,5,2,3,8,3,5,22,3,19,17,16,1,9,5,4,24,5,19,36,19,17,47,17,30,44,15,29
S01012831,232,104,128,6,5,1,13,7,6,14,7,7,17,3,14,34,28,6,15,1,14,26,4,22,37,18,19,50,21,29,20,10,10
S01012832,148,63,85,5,3,2,6,3,3,10,7,3,13,1,12,15,11,4,11,1,10,20,5,15,17,10,7,24,10,14,27,12,15
S01012833,269,127,142,4,3,1,4,1,3,8,7,1,19,2,17,27,20,7,24,3,21,21,2,19,45,30,15,57,30,27,60,29,31
S01012834,207,102,105,5,3,2,13,7,6,11,8,3,20,1,19,19,18,1,14,2,12,22,1,21,34,20,14,31,20,11,38,22,16
S01012835,285,143,142,15,7,8,14,5,9,19,11,8,25,4,21,42,38,4,14,3,11,20,3,17,40,24,16,51,21,30,45,27,18
S01012836,102,36,66,6,4,2,5,1,4,3,0,3,12,1,11,8,6,2,11,0,11,12,1,11,8,5,3,5,3,2,32,15,17
S01012837,309,162,147,9,7,2,3,1,2,13,6,7,17,5,12,38,30,8,29,6,23,35,9,26,29,20,9,73,49,24,63,29,34
S01012838,385,185,200,11,6,5,12,3,9,12,3,9,18,4,14,28,25,3,38,7,31,42,14,28,49,38,11,106,54,52,69,31,38
S01012839,143,62,81,11,6,5,9,1,8,20,9,11,17,4,13,19,16,3,15,2,13,12,3,9,12,7,5,14,7,7,14,7,7
S01012840,119,52,67,8,5,3,10,4,6,10,6,4,18,2,16,13,10,3,6,0,6,12,6,6,5,3,2,13,6,7,24,10,14
S01012841,123,53,70,6,6,0,11,6,5,15,10,5,19,3,16,16,13,3,10,1,9,15,2,13,10,5,5,13,4,9,8,3,5
S01012842,93,41,52,6,4,2,9,2,7,6,4,2,16,3,13,11,11,0,4,1,3,10,2,8,3,2,1,10,5,5,18,7,11
S01012843,216,87,129,13,10,3,41,15,26,13,8,5,44,5,39,15,14,1,13,0,13,15,3,12,13,8,5,8,2,6,41,22,19
S01012844,150,67,83,5,3,2,33,16,17,18,12,6,17,4,13,4,3,1,6,1,5,12,3,9,7,5,2,14,6,8,34,14,20
S01012845,180,79,101,10,7,3,30,12,18,15,9,6,25,2,23,12,10,2,9,0,9,12,1,11,7,6,1,10,5,5,50,27,23
S01012846,336,146,190,10,7,3,15,7,8,8,7,1,34,4,30,40,35,5,27,5,22,36,6,30,49,35,14,73,27,46,44,13,31
S01012847,138,67,71,7,5,2,1,0,1,5,2,3,28,4,24,20,19,1,3,1,2,18,4,14,20,15,5,14,6,8,22,11,11
S01012848,158,53,105,10,5,5,18,4,14,9,3,6,21,5,16,18,14,4,7,1,6,15,3,12,12,7,5,24,4,20,24,7,17
S01012849,177,75,102,4,3,1,6,4,2,12,2,10,20,0,20,26,24,2,14,4,10,21,3,18,15,12,3,33,11,22,26,12,14
S01012850,224,107,117,9,6,3,6,0,6,13,6,7,14,3,11,32,29,3,23,6,17,18,3,15,31,19,12,51,21,30,27,14,13
S01012851,245,110,135,6,4,2,14,4,10,25,19,6,26,2,24,21,20,1,14,3,11,24,3,21,28,15,13,40,15,25,47,25,22
S01012852,174,78,96,7,5,2,34,18,16,16,8,8,42,6,36,9,8,1,2,0,2,20,11,9,7,6,1,14,8,6,23,8,15
S01012853,211,88,123,10,6,4,23,5,18,23,14,9,41,10,31,21,19,2,11,3,8,27,6,21,14,7,7,20,9,11,21,9,12
S01012854,157,66,91,9,9,0,17,6,11,14,7,7,32,4,28,11,9,2,10,2,8,12,4,8,15,9,6,16,9,7,21,7,14
S01012855,121,64,57,6,3,3,13,8,5,18,13,5,14,3,11,8,6,2,5,2,3,5,1,4,10,8,2,17,8,9,25,12,13
S01012856,210,107,103,7,3,4,10,3,7,11,7,4,28,7,21,26,22,4,12,3,9,17,4,13,25,20,5,39,18,21,35,20,15
S01012857,272,123,149,6,3,3,10,2,8,17,10,7,40,7,33,33,29,4,24,6,18,19,3,16,24,19,5,48,18,30,51,26,25
S01012858,236,111,125,6,2,4,6,3,3,8,5,3,24,6,18,23,20,3,20,6,14,26,4,22,28,20,8,50,23,27,45,22,23
S01012859,296,145,151,8,4,4,3,2,1,16,6,10,30,3,27,38,35,3,22,3,19,32,9,23,29,20,9,75,46,29,43,17,26
S01012860,289,123,166,13,9,4,18,5,13,16,7,9,48,6,42,34,31,3,15,1,14,30,6,24,31,20,11,44,22,22,40,16,24
S01012861,164,68,96,10,6,4,13,6,7,7,5,2,20,2,18,22,21,1,15,2,13,18,2,16,9,8,1,25,8,17,25,8,17
S01012862,220,116,104,6,3,3,6,3,3,4,2,2,23,7,16,27,24,3,18,5,13,19,2,17,21,19,2,62,33,29,34,18,16
S01012863,237,137,100,6,4,2,7,5,2,12,10,2,19,6,13,31,29,2,17,6,11,21,3,18,26,20,6,64,37,27,34,17,17
S01012864,288,152,136,4,2,2,17,14,3,9,5,4,27,2,25,31,28,3,18,5,13,28,6,22,29,20,9,74,47,27,51,23,28
S01012865,232,96,136,4,2,2,12,5,7,10,6,4,29,4,25,33,24,9,13,1,12,26,5,21,22,13,9,47,21,26,36,15,21
S01012866,222,107,115,8,4,4,5,3,2,11,6,5,19,4,15,31,28,3,16,5,11,27,5,22,17,12,5,49,26,23,39,14,25
S01012867,299,146,153,2,2,0,5,2,3,8,3,5,23,4,19,43,38,5,18,1,17,22,4,18,43,30,13,88,44,44,47,18,29
S01012868,207,105,102,8,4,4,2,0,2,5,1,4,13,2,11,29,26,3,16,9,7,16,3,13,36,24,12,56,20,36,26,16,10
S01012869,210,103,107,5,1,4,4,3,1,4,2,2,15,2,13,28,21,7,10,1,9,24,5,19,20,14,6,46,24,22,54,30,24
S01012870,285,142,143,8,2,6,18,7,11,25,18,7,39,2,37,37,35,2,14,1,13,33,6,27,36,28,8,40,17,23,35,26,9
S01012871,241,90,151,8,3,5,23,8,15,21,11,10,47,8,39,22,21,1,23,0,23,32,6,26,18,13,5,20,8,12,27,12,15
S01012872,172,80,92,1,1,0,7,3,4,16,13,3,27,3,24,29,22,7,15,1,14,18,6,12,10,7,3,22,11,11,27,13,14
S01012873,187,81,106,6,2,4,10,4,6,14,7,7,27,6,21,20,18,2,11,2,9,14,3,11,16,15,1,30,13,17,39,11,28
S01012874,256,116,140,9,2,7,11,8,3,10,5,5,29,4,25,29,26,3,25,7,18,27,5,22,17,9,8,61,28,33,38,22,16
S01012875,185,87,98,4,3,1,8,4,4,10,5,5,13,1,12,19,16,3,15,6,9,22,7,15,19,10,9,37,16,21,38,19,19
S01012876,268,125,143,6,3,3,4,2,2,7,3,4,20,4,16,33,28,5,24,6,18,45,9,36,38,29,9,50,21,29,41,20,21
S01012877,234,95,139,11,7,4,8,2,6,4,4,0,23,3,20,32,29,3,20,1,19,21,4,17,33,21,12,54,17,37,28,7,21
S01012878,204,79,125,7,2,5,31,16,15,27,14,13,41,8,33,11,10,1,13,1,12,26,5,21,10,7,3,14,6,8,24,10,14
S01012879,181,79,102,9,6,3,17,7,10,23,10,13,24,2,22,15,13,2,10,0,10,20,9,11,12,9,3,22,8,14,29,15,14
S01012880,216,89,127,11,10,1,43,15,28,18,14,4,46,6,40,7,7,0,14,0,14,15,4,11,15,12,3,10,3,7,37,18,19
S01012881,224,89,135,12,7,5,38,13,25,16,10,6,47,4,43,21,19,2,14,2,12,22,6,16,12,8,4,14,6,8,28,14,14
S01012882,200,92,108,4,2,2,3,2,1,19,8,11,12,2,10,19,17,2,14,3,11,25,4,21,26,16,10,44,22,22,34,16,18
S01012883,271,140,131,6,3,3,4,2,2,7,5,2,21,5,16,42,39,3,23,7,16,30,4,26,38,24,14,63,28,35,37,23,14
S01012884,153,72,81,4,2,2,12,5,7,10,3,7,13,1,12,23,19,4,9,4,5,15,2,13,13,7,6,32,18,14,22,11,11
S01012885,152,68,84,3,2,1,0,0,0,4,3,1,6,1,5,13,12,1,9,2,7,20,4,16,27,14,13,38,12,26,32,18,14
S01012886,183,79,104,12,9,3,22,11,11,21,13,8,34,3,31,17,14,3,19,1,18,13,5,8,8,5,3,14,6,8,23,12,11
S01012887,184,76,108,5,4,1,33,15,18,12,7,5,37,5,32,16,15,1,10,1,9,23,4,19,18,12,6,8,2,6,22,11,11
S01012888,214,93,121,15,10,5,55,25,30,19,15,4,38,7,31,13,11,2,7,0,7,12,3,9,3,2,1,21,5,16,31,15,16
S01012889,164,67,97,10,8,2,15,5,10,8,3,5,15,2,13,11,10,1,14,3,11,12,2,10,17,9,8,30,11,19,32,14,18
S01012890,251,103,148,4,3,1,6,1,5,6,2,4,21,2,19,26,22,4,19,1,18,26,4,22,25,14,11,60,20,40,58,34,24
S01012891,165,65,100,5,3,2,6,3,3,6,2,4,17,2,15,15,12,3,13,2,11,22,5,17,29,17,12,37,12,25,15,7,8
S01012892,394,187,207,15,9,6,11,5,6,8,5,3,30,6,24,56,49,7,38,8,30,31,6,25,51,36,15,98,39,59,56,24,32
S01012893,242,115,127,6,5,1,3,2,1,4,3,1,16,0,16,33,28,5,22,7,15,28,8,20,31,20,11,57,25,32,42,17,25
S01012894,150,69,81,8,4,4,9,2,7,5,2,3,23,1,22,16,13,3,7,0,7,12,1,11,9,7,2,24,12,12,37,27,10
S01012895,83,26,57,9,5,4,9,4,5,4,0,4,7,0,7,7,6,1,4,0,4,9,1,8,6,3,3,8,1,7,20,6,14
S01012896,314,146,168,14,7,7,23,9,14,23,15,8,43,11,32,35,29,6,25,3,22,29,7,22,36,20,16,49,25,24,37,20,17
S01012897,114,46,68,9,3,6,7,4,3,10,7,3,15,2,13,7,6,1,6,0,6,12,2,10,10,5,5,12,5,7,26,12,14
S01012898,64,23,41,8,4,4,3,0,3,4,2,2,6,0,6,5,5,0,5,1,4,10,1,9,4,4,0,3,1,2,16,5,11
S01012899,202,110,92,6,6,0,6,2,4,13,8,5,27,10,17,32,28,4,17,3,14,15,2,13,36,28,8,38,18,20,12,5,7
S01012900,154,63,91,10,7,3,26,9,17,8,4,4,19,2,17,21,15,6,8,2,6,8,2,6,10,6,4,25,9,16,19,7,12
S01012901,182,79,103,8,5,3,5,1,4,11,6,5,26,5,21,22,21,1,13,1,12,35,11,24,21,12,9,24,11,13,17,6,11
S01012902,205,99,106,6,5,1,17,5,12,12,9,3,33,7,26,21,20,1,21,3,18,24,8,16,15,10,5,36,20,16,20,12,8
S01012903,220,106,114,6,4,2,13,8,5,9,4,5,23,4,19,31,29,2,15,1,14,31,6,25,28,14,14,30,14,16,34,22,12
S01012904,200,78,122,7,4,3,8,3,5,11,7,4,26,3,23,18,18,0,20,2,18,26,3,23,16,9,7,27,11,16,41,18,23
S01012905,174,81,93,6,4,2,4,3,1,16,11,5,18,1,17,21,20,1,20,4,16,20,5,15,15,10,5,25,7,18,29,16,13
S01012906,197,79,118,8,3,5,24,9,15,15,4,11,29,5,24,18,15,3,12,0,12,27,5,22,17,12,5,30,16,14,17,10,7
S01012907,215,92,123,2,1,1,11,2,9,17,14,3,32,5,27,24,22,2,14,3,11,32,3,29,29,14,15,30,16,14,24,12,12
S01012908,226,98,128,5,3,2,9,5,4,8,3,5,17,2,15,46,32,14,17,4,13,26,4,22,25,16,9,43,18,25,30,11,19
S01012909,149,60,89,8,4,4,10,4,6,5,3,2,29,2,27,13,12,1,11,3,8,16,1,15,16,13,3,20,7,13,21,11,10
S01012910,290,152,138,10,6,4,13,5,8,17,12,5,28,5,23,45,39,6,26,6,20,30,8,22,38,30,8,54,24,30,29,17,12
S01012911,194,88,106,9,6,3,20,9,11,15,12,3,18,1,17,25,22,3,14,2,12,30,9,21,8,4,4,27,7,20,28,16,12
S01012912,188,83,105,8,4,4,11,5,6,9,8,1,27,4,23,21,20,1,14,4,10,24,4,20,15,11,4,42,17,25,17,6,11
S01012913,218,88,130,5,3,2,13,5,8,9,7,2,32,4,28,33,27,6,15,2,13,28,2,26,23,12,11,33,11,22,27,15,12
S01012914,219,110,109,9,8,1,17,3,14,13,8,5,22,6,16,24,21,3,17,3,14,29,7,22,20,16,4,41,21,20,27,17,10
S01012915,189,79,110,14,9,5,9,3,6,15,9,6,21,1,20,17,15,2,16,2,14,17,3,14,22,13,9,38,15,23,20,9,11
S01012916,210,100,110,5,5,0,23,9,14,16,9,7,38,5,33,20,19,1,13,5,8,20,5,15,21,15,6,25,10,15,29,18,11
S01012917,163,77,86,10,8,2,27,10,17,9,6,3,26,5,21,17,17,0,9,0,9,16,4,12,10,5,5,10,5,5,29,17,12
S01012918,93,46,47,3,3,0,6,0,6,8,7,1,8,2,6,12,11,1,9,1,8,8,2,6,11,5,6,18,10,8,10,5,5
S01012919,132,56,76,4,2,2,16,6,10,8,4,4,21,1,20,22,20,2,9,0,9,15,2,13,10,7,3,10,2,8,17,12,5
S01012920,203,98,105,22,17,5,52,28,24,16,9,7,44,4,40,13,12,1,9,4,5,21,6,15,8,6,2,7,4,3,11,8,3
S01012921,175,75,100,10,5,5,9,3,6,6,5,1,26,5,21,20,15,5,17,2,15,21,6,15,17,10,7,19,5,14,30,19,11
S01012922,220,95,125,7,5,2,14,5,9,17,7,10,33,8,25,26,23,3,19,1,18,23,5,18,20,12,8,28,14,14,33,15,18
S01012923,173,81,92,12,9,3,10,3,7,8,8,0,23,3,20,24,23,1,9,1,8,20,4,16,16,10,6,22,7,15,29,13,16
S01012924,127,64,63,6,4,2,9,5,4,7,4,3,17,4,13,13,11,2,7,1,6,15,5,10,10,8,2,25,13,12,18,9,9
S01012925,120,45,75,7,4,3,19,9,10,14,9,5,23,3,20,6,4,2,4,0,4,19,3,16,8,3,5,5,2,3,15,8,7
S01012926,171,82,89,8,6,2,13,7,6,21,14,7,28,5,23,11,10,1,15,2,13,20,7,13,11,9,2,22,8,14,22,14,8
S01012927,206,106,100,6,4,2,9,5,4,12,10,2,23,4,19,22,20,2,16,3,13,29,8,21,19,15,4,37,18,19,33,19,14
S01012928,188,68,120,7,3,4,28,9,19,17,9,8,40,9,31,9,8,1,10,2,8,18,0,18,13,9,4,14,4,10,32,15,17
S01012929,194,85,109,9,6,3,19,10,9,7,4,3,45,7,38,23,19,4,14,0,14,18,9,9,14,10,4,17,6,11,28,14,14
S01012930,231,102,129,11,11,0,30,11,19,16,9,7,29,4,25,27,23,4,15,1,14,22,6,16,17,13,4,45,17,28,19,7,12
S01012931,233,111,122,8,4,4,12,4,8,17,9,8,27,4,23,38,36,2,12,1,11,22,4,18,24,15,9,44,19,25,29,15,14
S01012932,105,44,61,1,0,1,8,1,7,15,10,5,15,3,12,7,6,1,4,1,3,10,3,7,10,7,3,13,6,7,22,7,15
S01012933,200,87,113,6,3,3,15,5,10,7,5,2,22,3,19,25,21,4,12,2,10,13,2,11,24,12,12,31,14,17,45,20,25
S01012934,205,83,122,10,4,6,28,10,18,15,10,5,22,4,18,21,14,7,11,5,6,22,2,20,17,10,7,37,13,24,22,11,11
S01012935,191,96,95,8,7,1,13,7,6,7,4,3,19,3,16,21,20,1,7,0,7,20,2,18,33,18,15,22,10,12,41,25,16
S01012936,168,65,103,7,5,2,14,6,8,6,4,2,23,3,20,13,9,4,6,0,6,12,0,12,21,15,6,30,12,18,36,11,25
S01012937,180,88,92,7,5,2,11,7,4,13,7,6,22,2,20,18,16,2,6,1,5,21,7,14,16,12,4,27,13,14,39,18,21
S01012938,209,93,116,22,16,6,26,10,16,22,12,10,24,9,15,21,15,6,10,0,10,20,2,18,14,8,6,23,8,15,27,13,14
S01012939,136,57,79,9,7,2,24,15,9,13,8,5,25,3,22,9,8,1,7,0,7,12,1,11,8,4,4,7,2,5,22,9,13
S01012940,134,51,83,7,5,2,19,9,10,14,8,6,21,2,19,11,9,2,8,0,8,14,2,12,8,5,3,6,1,5,26,10,16
S01012941,152,69,83,11,8,3,24,14,10,16,8,8,25,2,23,7,7,0,7,1,6,18,7,11,2,0,2,4,1,3,38,21,17
S01012942,209,93,116,4,2,2,9,4,5,4,3,1,20,3,17,23,19,4,13,1,12,28,8,20,27,15,12,42,19,23,39,19,20
S01012943,147,58,89,4,2,2,12,5,7,10,7,3,28,5,23,14,9,5,8,0,8,16,1,15,12,7,5,16,9,7,27,13,14
S01012944,129,63,66,11,5,6,18,9,9,16,9,7,23,4,19,9,8,1,8,2,6,12,3,9,3,3,0,6,3,3,23,17,6
S01012945,136,51,85,11,6,5,24,9,15,9,4,5,24,3,21,9,8,1,8,0,8,9,4,5,3,1,2,7,2,5,32,14,18
S01012946,157,70,87,9,5,4,21,9,12,18,6,12,15,2,13,13,11,2,6,0,6,15,3,12,12,9,3,14,5,9,34,20,14
S01012947,104,45,59,9,7,2,16,6,10,7,4,3,18,1,17,6,6,0,4,0,4,8,2,6,4,2,2,5,3,2,27,14,13
S01012948,151,79,72,6,2,4,18,9,9,12,11,1,23,6,17,15,15,0,7,0,7,13,3,10,12,9,3,16,6,10,29,18,11
S01012949,154,72,82,8,5,3,16,4,12,11,7,4,30,8,22,18,16,2,8,3,5,12,3,9,9,6,3,15,4,11,27,16,11
S01012950,155,67,88,4,2,2,16,8,8,14,10,4,21,4,17,6,6,0,4,0,4,29,6,23,8,4,4,9,5,4,44,22,22
S01012951,103,41,62,12,9,3,7,2,5,8,2,6,19,3,16,6,4,2,2,1,1,7,3,4,2,1,1,8,6,2,32,10,22
S01012952,173,54,119,25,12,13,38,9,29,17,6,11,28,4,24,4,3,1,10,1,9,9,2,7,5,2,3,5,1,4,32,14,18
S01012953,140,56,84,5,3,2,21,13,8,10,5,5,30,3,27,13,11,2,7,1,6,16,4,12,6,3,3,13,5,8,19,8,11
S01012954,95,44,51,5,4,1,10,3,7,6,3,3,21,5,16,7,6,1,5,1,4,9,3,6,5,4,1,9,3,6,18,12,6
S01012955,195,83,112,13,7,6,37,15,22,16,10,6,26,3,23,17,14,3,7,1,6,14,2,12,13,7,6,18,8,10,34,16,18
S01012956,293,128,165,10,5,5,30,10,20,12,8,4,44,5,39,42,32,10,15,3,12,19,2,17,23,13,10,45,22,23,53,28,25
S01012957,177,92,85,8,5,3,13,7,6,8,8,0,20,7,13,23,20,3,12,0,12,15,5,10,21,15,6,29,12,17,28,13,15
S01012958,122,54,68,4,3,1,6,2,4,5,4,1,14,1,13,13,11,2,13,1,12,8,1,7,11,6,5,19,8,11,29,17,12
S01012959,102,39,63,3,2,1,5,2,3,6,6,0,16,1,15,5,4,1,10,0,10,12,1,11,5,5,0,9,4,5,31,14,17
S01012960,168,74,94,5,5,0,22,8,14,8,4,4,21,8,13,19,16,3,12,2,10,26,2,24,6,5,1,20,6,14,29,18,11
S01012961,100,39,61,7,5,2,11,6,5,14,7,7,22,3,19,5,5,0,7,0,7,6,0,6,4,4,0,12,4,8,12,5,7
S01012962,151,68,83,6,4,2,27,16,11,14,11,3,28,4,24,18,15,3,11,2,9,13,2,11,7,4,3,10,2,8,17,8,9
S01012963,126,55,71,11,9,2,8,0,8,13,6,7,20,5,15,5,4,1,4,0,4,18,7,11,10,5,5,8,3,5,29,16,13
S01012964,78,30,48,2,1,1,8,1,7,4,3,1,10,2,8,4,3,1,6,0,6,10,2,8,3,3,0,10,8,2,21,7,14
S01012965,134,49,85,3,2,1,13,3,10,8,3,5,16,1,15,12,11,1,15,1,14,19,2,17,9,7,2,18,7,11,21,12,9
S01012966,123,51,72,7,4,3,1,0,1,11,10,1,20,2,18,11,10,1,9,0,9,13,1,12,10,6,4,22,8,14,19,10,9
S01012967,120,52,68,2,0,2,5,2,3,7,5,2,11,1,10,16,14,2,11,2,9,13,4,9,15,10,5,18,6,12,22,8,14
S01012968,172,72,100,5,2,3,11,7,4,10,5,5,22,6,16,15,10,5,19,1,18,11,3,8,19,13,6,42,18,24,18,7,11
S01012969,190,83,107,10,5,5,7,1,6,14,12,2,20,3,17,17,16,1,19,4,15,18,2,16,21,13,8,39,17,22,25,10,15
S01012970,140,55,85,0,0,0,4,1,3,11,8,3,14,1,13,18,17,1,13,0,13,18,2,16,16,8,8,24,7,17,22,11,11
S01012971,252,97,155,8,3,5,8,3,5,7,4,3,23,2,21,18,15,3,24,2,22,22,4,18,29,19,10,53,16,37,60,29,31
S01012972,208,78,130,1,1,0,8,1,7,7,6,1,21,2,19,22,18,4,22,4,18,14,1,13,27,18,9,56,14,42,30,13,17
S01012973,198,88,110,7,6,1,10,4,6,13,7,6,20,7,13,18,16,2,26,5,21,21,0,21,20,13,7,32,11,21,31,19,12
S01012974,300,136,164,9,5,4,12,3,9,12,8,4,29,4,25,45,39,6,20,2,18,37,5,32,46,28,18,46,21,25,44,21,23
S01012975,163,66,97,4,1,3,5,4,1,5,2,3,18,2,16,26,22,4,13,2,11,17,6,11,23,13,10,27,5,22,25,9,16
S01012976,163,67,96,5,1,4,16,4,12,3,3,0,11,3,8,13,10,3,20,3,17,21,2,19,20,15,5,34,16,18,20,10,10
S01012977,192,87,105,11,4,7,6,3,3,7,5,2,6,1,5,25,22,3,24,1,23,27,6,21,17,13,4,27,12,15,42,20,22
S01012978,246,111,135,5,5,0,12,2,10,9,6,3,11,0,11,25,22,3,18,1,17,21,6,15,34,23,11,50,19,31,61,27,34
S01012979,144,49,95,6,1,5,10,1,9,8,5,3,10,1,9,11,9,2,15,2,13,11,1,10,15,10,5,22,4,18,36,15,21
S01012980,165,75,90,5,2,3,7,2,5,10,7,3,21,5,16,24,22,2,6,0,6,19,2,17,11,4,7,31,13,18,31,18,13
S01012981,179,74,105,12,3,9,6,1,5,3,2,1,21,5,16,16,13,3,13,2,11,22,5,17,20,12,8,30,14,16,36,17,19
S01012982,198,88,110,4,3,1,9,2,7,10,10,0,36,7,29,16,16,0,17,1,16,15,3,12,23,16,7,45,19,26,23,11,12
S01012983,199,84,115,6,4,2,29,13,16,16,12,4,36,7,29,17,15,2,15,4,11,19,4,15,18,10,8,17,3,14,26,12,14
S01012984,130,49,81,4,2,2,5,2,3,16,9,7,15,1,14,8,8,0,12,0,12,9,1,8,14,6,8,23,11,12,24,9,15
S01012985,180,73,107,4,3,1,13,5,8,9,7,2,21,5,16,20,14,6,15,1,14,21,5,16,17,11,6,25,8,17,35,14,21
S01012986,191,80,111,5,3,2,8,4,4,11,2,9,28,6,22,18,16,2,14,0,14,24,4,20,23,19,4,37,15,22,23,11,12
S01012987,187,94,93,4,2,2,10,6,4,7,5,2,14,1,13,28,23,5,15,1,14,14,3,11,25,17,8,40,17,23,30,19,11
S01012988,232,94,138,11,5,6,17,7,10,11,8,3,21,4,17,24,23,1,21,3,18,27,2,25,27,13,14,42,15,27,31,14,17
S01012989,218,96,122,8,3,5,17,11,6,12,8,4,34,4,30,31,29,2,16,3,13,22,7,15,18,8,10,27,8,19,33,15,18
S01012990,150,66,84,4,3,1,3,1,2,9,5,4,22,6,16,15,15,0,13,3,10,12,3,9,21,12,9,28,9,19,23,9,14
S01012991,196,88,108,4,3,1,12,6,6,11,8,3,29,7,22,24,23,1,17,5,12,16,1,15,22,13,9,42,13,29,19,9,10
S01012992,191,81,110,6,1,5,17,3,14,14,10,4,22,5,17,25,18,7,17,1,16,16,0,16,10,4,6,31,17,14,33,22,11
S01012993,192,80,112,7,4,3,13,5,8,10,5,5,24,3,21,25,23,2,8,0,8,19,4,15,21,9,12,34,14,20,31,13,18
S01012994,239,114,125,12,7,5,9,4,5,15,9,6,33,9,24,27,25,2,15,0,15,33,6,27,20,13,7,44,24,20,31,17,14
S01012995,157,70,87,3,1,2,10,2,8,17,13,4,19,1,18,18,16,2,11,1,10,19,5,14,21,14,7,22,7,15,17,10,7
S01012996,145,57,88,1,0,1,12,4,8,10,8,2,14,2,12,17,13,4,14,1,13,15,4,11,9,4,5,32,11,21,21,10,11
S01012997,157,72,85,10,6,4,10,4,6,11,7,4,16,2,14,17,16,1,14,2,12,22,7,15,18,11,7,21,7,14,18,10,8
S01012998,210,88,122,4,2,2,9,7,2,11,4,7,22,4,18,23,19,4,20,1,19,28,2,26,20,13,7,34,11,23,39,25,14
S01012999,109,48,61,2,1,1,7,1,6,5,3,2,10,2,8,14,11,3,6,1,5,19,5,14,9,5,4,21,9,12,16,10,6
S01013000,162,63,99,2,0,2,8,2,6,13,4,9,17,2,15,25,22,3,12,0,12,21,3,18,24,15,9,28,9,19,12,6,6
S01013001,86,33,53,11,6,5,18,7,11,10,4,6,10,0,10,7,7,0,9,0,9,2,0,2,3,3,0,6,1,5,10,5,5
S01013002,115,44,71,10,3,7,26,8,18,13,6,7,11,2,9,4,4,0,8,2,6,11,3,8,4,2,2,13,3,10,15,11,4
S01013003,167,69,98,21,14,7,57,22,35,19,9,10,26,6,20,2,1,1,7,0,7,8,2,6,3,1,2,6,3,3,18,11,7
S01013004,152,55,97,8,4,4,35,10,25,12,9,3,18,3,15,8,6,2,15,2,13,11,3,8,4,4,0,18,6,12,23,8,15
S01013005,181,78,103,24,18,6,50,16,34,16,9,7,21,3,18,13,9,4,8,0,8,11,4,7,1,1,0,7,6,1,30,12,18
S01013006,150,56,94,13,10,3,43,13,30,11,5,6,18,1,17,9,6,3,5,1,4,9,1,8,4,4,0,7,3,4,31,12,19
S01013007,255,95,160,29,20,9,76,26,50,12,6,6,44,4,40,16,14,2,19,0,19,11,2,9,6,6,0,13,3,10,29,14,15
S01013008,231,81,150,21,15,6,47,15,32,22,11,11,28,0,28,19,14,5,13,2,11,11,1,10,9,7,2,34,7,27,27,9,18
S01013009,167,60,107,12,5,7,31,9,22,14,10,4,21,2,19,13,11,2,16,0,16,15,5,10,7,6,1,22,5,17,16,7,9
S01013010,126,54,72,19,10,9,24,8,16,6,3,3,20,1,19,11,9,2,6,0,6,2,0,2,8,6,2,10,2,8,20,15,5
S01013011,133,51,82,12,7,5,21,7,14,6,2,4,21,1,20,9,5,4,8,1,7,9,3,6,3,3,0,15,5,10,29,17,12
S01013012,171,74,97,15,9,6,19,7,12,12,6,6,16,3,13,17,11,6,13,2,11,9,0,9,10,9,1,22,9,13,38,18,20
S01013013,150,54,96,15,9,6,21,7,14,13,5,8,17,1,16,11,7,4,18,4,14,11,5,6,4,3,1,25,4,21,15,9,6
S01013014,187,74,113,13,7,6,32,10,22,13,6,7,24,2,22,19,18,1,22,1,21,13,3,10,9,7,2,17,6,11,25,14,11
S01013015,139,54,85,12,7,5,33,11,22,15,5,10,11,2,9,10,10,0,9,0,9,5,0,5,4,3,1,22,7,15,18,9,9
S01013016,135,59,76,18,10,8,34,10,24,11,6,5,22,4,18,14,13,1,9,2,7,2,2,0,1,1,0,5,1,4,19,10,9
S01013017,219,93,126,21,11,10,32,14,18,12,6,6,25,4,21,18,15,3,24,2,22,15,0,15,22,16,6,23,11,12,27,14,13
S01013018,219,87,132,18,12,6,50,19,31,26,14,12,25,1,24,13,12,1,15,1,14,20,6,14,12,10,2,18,5,13,22,7,15
S01013019,174,64,110,11,6,5,35,11,24,19,6,13,26,5,21,14,9,5,9,0,9,8,1,7,7,7,0,19,7,12,26,12,14
S01013020,95,43,52,5,3,2,4,1,3,5,3,2,12,1,11,13,13,0,8,1,7,10,1,9,7,6,1,19,7,12,12,7,5
S01013021,99,39,60,4,3,1,6,4,2,8,4,4,14,0,14,5,3,2,7,0,7,7,0,7,5,5,0,23,9,14,20,11,9
S01013022,100,49,51,3,1,2,12,8,4,7,3,4,12,2,10,6,6,0,11,1,10,8,2,6,3,3,0,19,10,9,19,13,6
S01013023,241,109,132,21,17,4,70,31,39,23,15,8,39,7,32,11,9,2,13,3,10,23,3,20,5,3,2,11,7,4,25,14,11
S01013024,124,51,73,13,8,5,20,7,13,9,7,2,24,1,23,8,7,1,8,2,6,13,2,11,4,4,0,10,3,7,15,10,5
S01013025,131,61,70,19,11,8,15,8,7,10,7,3,14,3,11,13,9,4,10,1,9,2,0,2,11,10,1,14,2,12,23,10,13
S01013026,254,134,120,14,7,7,15,7,8,11,6,5,20,1,19,34,30,4,17,2,15,18,9,9,37,33,4,53,26,27,35,13,22
S01013027,336,149,187,5,2,3,8,4,4,7,4,3,12,3,9,38,34,4,34,2,32,38,5,33,34,25,9,94,43,51,66,27,39
S01013028,101,36,65,8,4,4,8,2,6,2,2,0,6,0,6,12,8,4,10,1,9,13,3,10,10,9,1,15,3,12,17,4,13
S01013029,184,83,101,2,1,1,4,2,2,2,1,1,8,1,7,21,12,9,20,3,17,10,1,9,38,31,7,53,17,36,26,14,12
S01013030,181,76,105,4,2,2,5,2,3,7,6,1,11,3,8,15,12,3,24,2,22,8,0,8,20,18,2,44,15,29,43,16,27
S01013031,179,81,98,2,2,0,4,2,2,6,4,2,7,1,6,19,16,3,15,1,14,18,2,16,31,24,7,56,24,32,21,5,16
S01013032,103,35,68,5,1,4,7,3,4,7,3,4,11,1,10,11,9,2,12,0,12,17,5,12,5,4,1,17,7,10,11,2,9
S01013033,123,53,70,7,3,4,7,2,5,3,3,0,7,2,5,9,5,4,8,0,8,17,4,13,13,10,3,32,11,21,20,13,7
S01013034,202,92,110,3,3,0,5,1,4,2,1,1,12,3,9,16,11,5,22,7,15,18,3,15,40,34,6,57,19,38,27,10,17
S01013035,213,82,131,3,3,0,3,0,3,4,4,0,10,1,9,17,12,5,13,1,12,36,4,32,39,27,12,55,17,38,33,13,20
S01013036,241,108,133,6,2,4,6,5,1,7,4,3,14,1,13,29,26,3,20,2,18,25,1,24,20,15,5,56,23,33,58,29,29
S01013037,170,77,93,6,5,1,17,6,11,15,10,5,22,1,21,19,16,3,11,3,8,25,5,20,11,9,2,22,11,11,22,11,11
S01013038,241,106,135,8,6,2,16,3,13,14,8,6,17,2,15,18,13,5,20,6,14,20,3,17,21,15,6,51,23,28,56,27,29
S01013039,92,32,60,1,1,0,5,1,4,7,5,2,16,0,16,4,2,2,8,1,7,10,3,7,2,2,0,10,5,5,29,12,17
S01013040,193,80,113,11,6,5,13,4,9,16,11,5,14,0,14,18,16,2,27,3,24,36,7,29,19,12,7,23,10,13,16,11,5
S01013041,119,55,64,3,1,2,7,2,5,8,4,4,10,3,7,11,10,1,14,1,13,15,5,10,10,7,3,23,8,15,18,14,4
S01013042,165,88,77,8,6,2,7,1,6,4,3,1,9,3,6,20,15,5,13,5,8,20,10,10,14,11,3,35,12,23,35,22,13
S01013043,215,93,122,5,5,0,6,4,2,10,8,2,12,1,11,18,17,1,18,5,13,20,4,16,18,14,4,57,18,39,51,17,34
S01013044,248,99,149,12,5,7,8,3,5,8,7,1,13,1,12,30,22,8,15,1,14,29,5,24,24,14,10,66,21,45,43,20,23
S01013045,144,47,97,3,1,2,11,4,7,8,3,5,12,1,11,4,4,0,16,1,15,18,4,14,15,12,3,30,6,24,27,11,16
S01013046,158,78,80,2,0,2,3,0,3,8,5,3,9,4,5,17,15,2,12,2,10,17,4,13,18,17,1,37,15,22,35,16,19
S01013047,147,66,81,9,3,6,13,3,10,9,5,4,17,3,14,11,8,3,9,2,7,21,7,14,10,6,4,15,8,7,33,21,12
S01013048,136,65,71,11,4,7,11,5,6,8,5,3,10,0,10,18,14,4,9,0,9,20,5,15,17,15,2,22,12,10,10,5,5
S01013049,199,92,107,13,13,0,33,16,17,17,8,9,34,2,32,21,18,3,12,3,9,20,5,15,9,8,1,14,3,11,26,16,10
S01013050,280,130,150,15,9,6,12,4,8,15,11,4,25,2,23,34,29,5,21,4,17,26,2,24,30,22,8,54,24,30,48,23,25
S01013051,251,114,137,7,4,3,17,11,6,16,10,6,30,4,26,22,19,3,20,6,14,29,3,26,26,22,4,49,18,31,35,17,18
S01013052,202,81,121,4,2,2,10,3,7,9,9,0,20,3,17,24,19,5,16,0,16,25,7,18,17,15,2,41,11,30,36,12,24
S01013053,204,96,108,4,2,2,8,2,6,5,4,1,11,1,10,29,25,4,21,3,18,23,5,18,14,10,4,52,25,27,37,19,18
S01013054,172,76,96,11,7,4,13,6,7,12,6,6,16,0,16,19,16,3,17,2,15,21,7,14,13,12,1,28,10,18,22,10,12
S01013055,206,91,115,5,0,5,12,2,10,8,6,2,13,1,12,20,20,0,19,0,19,28,5,23,20,17,3,51,23,28,30,17,13
S01013056,256,116,140,3,2,1,12,5,7,9,7,2,13,2,11,29,28,1,32,7,25,19,0,19,22,21,1,69,23,46,48,21,27
S01013057,289,126,163,8,3,5,8,4,4,7,4,3,22,2,20,32,27,5,27,1,26,33,6,27,22,20,2,71,35,36,59,24,35
S01013058,76,34,42,3,1,2,9,3,6,5,3,2,10,1,9,8,8,0,5,1,4,6,1,5,1,1,0,8,2,6,21,13,8
S01013059,214,87,127,18,15,3,41,14,27,18,6,12,44,6,38,11,9,2,20,5,15,12,4,8,10,7,3,16,7,9,24,14,10
S01013060,145,63,82,13,5,8,37,13,24,13,10,3,22,1,21,8,7,1,7,1,6,8,5,3,2,2,0,6,3,3,29,16,13
S01013061,224,101,123,30,23,7,62,26,36,25,16,9,40,6,34,8,7,1,12,1,11,9,4,5,5,3,2,16,4,12,17,11,6
S01013062,199,76,123,22,12,10,66,26,40,23,8,15,27,1,26,6,5,1,8,1,7,8,1,7,1,1,0,7,2,5,31,19,12
S01013063,213,87,126,32,22,10,61,26,35,15,7,8,31,4,27,5,4,1,8,2,6,10,1,9,5,1,4,19,9,10,27,11,16
S01013064,255,112,143,8,5,3,10,3,7,12,4,8,26,4,22,30,26,4,23,4,19,33,6,27,21,17,4,58,24,34,34,19,15
S01013065,270,124,146,5,1,4,14,5,9,8,5,3,20,6,14,29,26,3,26,8,18,27,7,20,22,19,3,72,26,46,47,21,26
S01013066,187,89,98,6,0,6,12,3,9,5,5,0,25,3,22,18,18,0,10,0,10,20,6,14,16,14,2,41,19,22,34,21,13
S01013067,344,171,173,2,1,1,21,10,11,27,17,10,34,10,24,12,10,2,21,10,11,52,23,29,11,9,2,62,32,30,102,49,53
S01013068,298,140,158,7,5,2,19,7,12,15,10,5,13,5,8,19,17,2,20,7,13,47,13,34,24,21,3,71,34,37,63,21,42
S01013069,292,158,134,11,7,4,17,12,5,16,12,4,20,5,15,7,5,2,12,5,7,40,17,23,7,4,3,70,41,29,92,50,42
S01013070,282,137,145,2,1,1,19,11,8,17,13,4,15,4,11,11,10,1,15,5,10,33,13,20,15,12,3,36,16,20,119,52,67
S01013071,446,236,210,8,6,2,17,7,10,23,16,7,25,10,15,19,17,2,31,9,22,59,26,33,16,12,4,95,52,43,153,81,72
S01013072,204,102,102,2,2,0,5,4,1,2,1,1,10,1,9,16,16,0,21,3,18,18,2,16,32,31,1,55,20,35,43,22,21
S01013073,241,98,143,5,3,2,6,1,5,6,2,4,7,2,5,14,11,3,27,1,26,19,6,13,20,19,1,68,24,44,69,29,40
S01013074,245,114,131,5,1,4,6,4,2,9,6,3,5,0,5,25,19,6,27,6,21,18,4,14,30,23,7,56,24,32,64,27,37
S01013075,363,182,181,11,6,5,13,7,6,17,14,3,14,1,13,41,36,5,34,9,25,27,8,19,40,36,4,95,38,57,71,27,44
S01013076,320,138,182,11,7,4,20,9,11,16,8,8,29,13,16,5,4,1,14,5,9,51,15,36,5,5,0,39,16,23,130,56,74
S01013077,244,105,139,5,2,3,6,2,4,9,6,3,17,1,16,33,28,5,19,2,17,25,5,20,23,18,5,68,27,41,39,14,25
S01013078,196,88,108,4,3,1,5,1,4,8,2,6,15,3,12,23,20,3,15,5,10,17,4,13,15,12,3,52,22,30,42,16,26
S01013079,423,84,339,5,2,3,25,8,17,20,5,15,36,5,31,22,12,10,29,4,25,31,2,29,17,4,13,92,17,75,146,25,121
S01013080,238,116,122,16,9,7,36,22,14,21,9,12,27,4,23,10,6,4,13,4,9,26,9,17,10,9,1,31,15,16,48,29,19
S01013081,172,65,107,11,7,4,44,17,27,12,9,3,35,2,33,13,11,2,13,2,11,10,0,10,5,3,2,18,6,12,11,8,3
S01013082,226,102,124,15,11,4,32,17,15,22,17,5,52,11,41,16,15,1,16,2,14,20,5,15,10,8,2,24,6,18,19,10,9
S01013083,1438,651,787,21,10,11,55,21,34,72,40,32,93,33,60,39,35,4,88,30,58,301,117,184,20,14,6,333,150,183,416,201,215
S01013084,178,70,108,13,5,8,54,21,33,21,12,9,22,2,20,10,7,3,11,2,9,16,3,13,4,3,1,13,8,5,14,7,7
S01013085,282,112,170,11,6,5,27,14,13,20,9,11,25,5,20,11,10,1,19,3,16,24,6,18,5,3,2,24,6,18,116,50,66
S01013086,235,99,136,9,6,3,56,21,35,18,10,8,32,6,26,15,13,2,12,2,10,18,6,12,3,3,0,22,9,13,50,23,27
S01013087,261,105,156,27,20,7,64,24,40,29,13,16,25,6,19,7,3,4,13,4,9,13,3,10,5,5,0,17,7,10,61,20,41
S01013088,262,111,151,47,29,18,69,34,35,22,11,11,48,3,45,8,5,3,11,1,10,8,4,4,3,1,2,6,2,4,40,21,19
S01013089,225,88,137,8,3,5,38,18,20,15,9,6,20,4,16,16,14,2,16,1,15,20,3,17,23,13,10,35,13,22,34,10,24
S01013090,225,111,114,7,1,6,25,8,17,11,6,5,21,4,17,13,13,0,12,4,8,34,13,21,9,9,0,37,17,20,56,36,20
S01013091,163,88,75,2,1,1,11,2,9,6,5,1,13,5,8,4,4,0,9,4,5,13,7,6,5,5,0,45,26,19,55,29,26
S01013092,235,98,137,10,7,3,28,12,16,15,6,9,34,7,27,12,11,1,19,0,19,24,5,19,7,5,2,30,12,18,56,33,23
S01013093,128,50,78,17,13,4,26,4,22,17,12,5,24,0,24,5,4,1,6,0,6,10,4,6,5,5,0,5,2,3,13,6,7
S01013094,172,76,96,14,9,5,58,30,28,13,8,5,28,1,27,9,7,2,8,0,8,11,2,9,1,1,0,7,2,5,23,16,7
S01013095,192,69,123,15,6,9,67,22,45,18,7,11,14,1,13,5,5,0,9,0,9,14,3,11,1,0,1,15,6,9,34,19,15
S01013096,180,79,101,8,3,5,10,1,9,6,4,2,18,0,18,13,10,3,6,0,6,7,4,3,11,10,1,29,11,18,72,36,36
S01013097,124,46,78,11,5,6,29,10,19,13,4,9,15,2,13,5,4,1,15,1,14,8,2,6,2,2,0,12,7,5,14,9,5
S01013098,93,25,68,14,4,10,21,2,19,8,1,7,9,1,8,2,1,1,6,1,5,8,1,7,2,1,1,2,0,2,21,13,8
S01013099,226,99,127,20,13,7,57,23,34,30,14,16,27,2,25,15,13,2,17,3,14,9,3,6,6,5,1,17,7,10,28,16,12
S01013100,181,68,113,27,22,5,59,13,46,10,4,6,34,5,29,9,4,5,6,0,6,5,1,4,4,3,1,2,1,1,25,15,10
S01013101,289,131,158,13,7,6,27,9,18,17,13,4,28,7,21,39,35,4,28,2,26,21,6,15,11,11,0,62,27,35,43,14,29
S01013102,154,61,93,12,8,4,43,14,29,17,13,4,23,1,22,8,6,2,9,2,7,12,4,8,6,4,2,11,3,8,13,6,7
S01013103,158,68,90,12,10,2,33,10,23,7,6,1,25,3,22,8,8,0,20,3,17,13,3,10,2,2,0,8,3,5,30,20,10
S01013104,244,99,145,18,13,5,74,31,43,22,10,12,37,6,31,14,10,4,13,3,10,19,3,16,5,4,1,14,5,9,28,14,14
S01013105,240,102,138,18,13,5,65,26,39,21,9,12,44,7,37,12,11,1,15,2,13,13,2,11,7,6,1,16,8,8,29,18,11
S01013106,171,70,101,12,3,9,24,8,16,5,4,1,14,3,11,25,22,3,17,2,15,15,1,14,11,10,1,23,6,17,25,11,14
S01013107,175,89,86,25,16,9,33,11,22,15,11,4,27,3,24,15,13,2,13,4,9,8,3,5,9,8,1,11,7,4,19,13,6
S01013108,180,73,107,18,8,10,27,10,17,11,8,3,27,2,25,18,15,3,21,1,20,14,5,9,8,6,2,19,9,10,17,9,8
S01013109,252,114,138,15,9,6,41,9,32,11,6,5,28,2,26,25,18,7,10,0,10,13,6,7,11,9,2,28,10,18,70,45,25
S01013110,138,55,83,19,13,6,23,7,16,15,3,12,21,4,17,10,6,4,8,1,7,4,0,4,5,5,0,14,7,7,19,9,10
S01013111,116,51,65,10,5,5,30,13,17,6,3,3,15,0,15,9,8,1,4,2,2,7,3,4,3,3,0,16,5,11,16,9,7
S01013112,147,60,87,13,6,7,11,2,9,14,7,7,15,3,12,16,15,1,13,2,11,14,0,14,5,5,0,28,12,16,18,8,10
S01013113,224,99,125,15,8,7,20,7,13,15,7,8,18,1,17,26,20,6,20,2,18,20,2,18,25,22,3,38,18,20,27,12,15
S01013114,203,90,113,28,15,13,27,9,18,16,11,5,21,3,18,19,14,5,12,0,12,18,6,12,7,7,0,30,13,17,25,12,13
S01013115,159,70,89,18,6,12,25,7,18,12,8,4,13,3,10,14,12,2,12,3,9,18,4,14,7,7,0,27,12,15,13,8,5
S01013116,220,88,132,32,19,13,50,13,37,19,13,6,32,5,27,19,13,6,11,1,10,21,5,16,9,8,1,10,5,5,17,6,11
S01013117,119,48,71,7,0,7,11,3,8,9,6,3,8,1,7,11,9,2,11,1,10,14,3,11,7,7,0,24,7,17,17,11,6
S01013118,105,47,58,17,10,7,19,8,11,11,7,4,10,2,8,4,3,1,7,1,6,6,1,5,4,4,0,15,5,10,12,6,6
S01013119,214,93,121,30,17,13,37,12,25,20,13,7,14,2,12,21,13,8,22,6,16,13,3,10,12,10,2,24,10,14,21,7,14
S01013120,205,95,110,17,11,6,22,7,15,15,8,7,19,6,13,24,22,2,26,4,22,14,1,13,12,11,1,33,13,20,23,12,11
S01013121,88,40,48,12,4,8,9,2,7,3,2,1,5,0,5,5,4,1,5,0,5,6,1,5,11,11,0,24,11,13,8,5,3
S01013122,228,139,89,6,5,1,4,3,1,7,7,0,10,1,9,26,24,2,25,10,15,16,4,12,26,21,5,62,40,22,46,24,22
S01013123,237,111,126,4,2,2,11,4,7,13,7,6,21,1,20,30,27,3,24,3,21,18,4,14,17,14,3,59,30,29,40,19,21
S01013124,205,98,107,2,2,0,5,2,3,6,1,5,19,10,9,34,29,5,20,6,14,18,4,14,10,7,3,51,15,36,40,22,18
S01013125,266,115,151,11,5,6,13,6,7,13,6,7,40,5,35,36,32,4,26,5,21,23,9,14,20,18,2,41,12,29,43,17,26
S01013126,283,134,149,2,1,1,4,4,0,6,2,4,20,3,17,34,32,2,20,0,20,30,10,20,25,18,7,77,34,43,65,30,35
S01013127,315,119,196,2,1,1,11,6,5,14,6,8,20,2,18,34,27,7,25,3,22,42,7,35,19,11,8,85,27,58,63,29,34
S01013128,196,109,87,5,3,2,4,2,2,6,4,2,13,2,11,32,30,2,16,0,16,24,9,15,19,15,4,48,27,21,29,17,12
S01013129,344,137,207,5,2,3,18,9,9,21,13,8,41,4,37,47,37,10,29,4,25,46,8,38,23,18,5,58,21,37,56,21,35
S01013130,246,91,155,3,0,3,6,3,3,6,4,2,16,3,13,25,24,1,26,3,23,44,7,37,7,5,2,40,18,22,73,24,49
S01013131,180,85,95,1,0,1,5,2,3,6,2,4,15,1,14,20,19,1,20,4,16,23,8,15,14,13,1,53,21,32,23,15,8
S01013132,190,89,101,3,1,2,6,4,2,6,4,2,17,2,15,25,21,4,14,1,13,24,3,21,13,7,6,39,21,18,43,25,18
S01013133,282,147,135,6,3,3,7,0,7,11,7,4,19,3,16,52,49,3,30,8,22,29,4,25,23,13,10,56,36,20,49,24,25
S01013134,219,97,122,3,2,1,16,8,8,15,11,4,25,2,23,21,18,3,22,1,21,21,5,16,24,19,5,38,13,25,34,18,16
S01013135,270,132,138,6,1,5,3,1,2,4,3,1,15,5,10,33,29,4,16,2,14,36,9,27,25,20,5,69,33,36,63,29,34
S01013136,310,137,173,9,3,6,4,1,3,7,5,2,38,6,32,50,43,7,30,5,25,32,7,25,24,20,4,66,24,42,50,23,27
S01013137,262,124,138,4,1,3,4,2,2,8,4,4,26,2,24,47,44,3,24,3,21,19,3,16,26,22,4,59,18,41,45,25,20
S01013138,242,95,147,2,2,0,3,1,2,7,4,3,21,2,19,25,25,0,22,4,18,41,4,37,14,8,6,59,16,43,48,29,19
S01013139,347,180,167,14,7,7,9,4,5,9,6,3,19,3,16,44,43,1,48,9,39,40,14,26,32,21,11,73,38,35,59,35,24
S01013140,298,134,164,10,5,5,8,6,2,9,2,7,20,5,15,30,30,0,20,1,19,34,8,26,19,13,6,70,26,44,78,38,40
S01013141,212,103,109,5,4,1,14,3,11,9,4,5,17,4,13,22,21,1,21,4,17,17,3,14,11,9,2,50,25,25,46,26,20
S01013142,310,145,165,7,2,5,8,4,4,15,9,6,24,3,21,30,27,3,28,6,22,40,10,30,22,14,8,75,36,39,61,34,27
S01013143,267,136,131,9,3,6,12,5,7,9,4,5,23,3,20,37,33,4,18,3,15,21,7,14,27,19,8,67,32,35,44,27,17
S01013144,289,125,164,9,4,5,19,8,11,11,5,6,31,2,29,34,31,3,22,1,21,27,0,27,39,27,12,52,22,30,45,25,20
S01013145,231,106,125,6,6,0,7,3,4,14,6,8,28,4,24,31,28,3,22,2,20,25,4,21,17,13,4,40,17,23,41,23,18
S01013146,137,67,70,3,2,1,1,0,1,8,5,3,17,3,14,24,22,2,11,2,9,12,2,10,12,10,2,28,9,19,21,12,9
S01013147,178,77,101,1,1,0,10,3,7,7,3,4,25,1,24,16,14,2,14,1,13,24,7,17,18,15,3,24,8,16,39,24,15
S01013148,181,84,97,11,6,5,13,5,8,9,7,2,21,1,20,32,27,5,5,0,5,21,4,17,11,8,3,31,14,17,27,12,15
S01013149,205,78,127,6,2,4,4,2,2,12,7,5,20,3,17,19,19,0,19,2,17,24,2,22,20,15,5,43,10,33,38,16,22
S01013150,269,119,150,7,7,0,16,6,10,18,14,4,42,4,38,36,32,4,24,2,22,28,8,20,15,11,4,43,16,27,40,19,21
S01013151,125,44,81,7,5,2,9,3,6,7,3,4,26,2,24,14,11,3,8,0,8,11,3,8,4,3,1,13,5,8,26,9,17
S01013152,235,99,136,5,4,1,15,4,11,9,2,7,28,1,27,27,23,4,17,2,15,22,7,15,18,17,1,39,17,22,55,22,33
S01013153,310,136,174,3,3,0,3,2,1,10,7,3,20,5,15,34,32,2,33,6,27,37,5,32,27,24,3,76,27,49,67,25,42
S01013154,274,113,161,9,6,3,7,3,4,8,3,5,27,3,24,41,38,3,27,5,22,31,5,26,11,8,3,63,26,37,50,16,34
S01013155,289,120,169,4,2,2,6,3,3,8,6,2,13,3,10,26,19,7,32,2,30,43,6,37,14,10,4,66,37,29,77,32,45
S01013156,283,116,167,4,0,4,8,3,5,6,4,2,17,3,14,27,23,4,25,3,22,35,4,31,13,10,3,75,28,47,73,38,35
S01013157,322,142,180,13,11,2,9,7,2,11,2,9,16,4,12,36,32,4,35,2,33,26,4,22,17,13,4,69,31,38,90,36,54
S01013158,126,47,79,8,4,4,16,6,10,8,7,1,19,2,17,9,9,0,13,2,11,10,0,10,6,4,2,13,5,8,24,8,16
S01013159,186,85,101,12,7,5,19,7,12,17,12,5,33,4,29,22,18,4,15,3,12,9,4,5,11,6,5,20,6,14,28,18,10
S01013160,162,67,95,10,7,3,22,12,10,19,13,6,38,2,36,13,12,1,15,2,13,7,2,5,5,5,0,14,4,10,19,8,11
S01013161,259,121,138,6,4,2,11,4,7,13,8,5,24,1,23,43,38,5,20,3,17,18,0,18,28,22,6,52,21,31,44,20,24
S01013162,271,120,151,4,3,1,17,7,10,13,8,5,33,4,29,46,43,3,26,4,22,25,5,20,21,16,5,49,13,36,37,17,20
S01013163,160,68,92,7,5,2,9,3,6,9,6,3,14,0,14,22,20,2,15,1,14,18,3,15,12,11,1,28,10,18,26,9,17
S01013164,335,169,166,5,2,3,33,17,16,18,11,7,33,3,30,55,49,6,27,7,20,31,9,22,32,25,7,47,21,26,54,25,29
S01013165,238,109,129,11,5,6,24,10,14,16,9,7,23,8,15,26,24,2,25,1,24,21,5,16,15,9,6,42,15,27,35,23,12
S01013166,256,125,131,4,0,4,7,4,3,4,4,0,19,4,15,36,35,1,29,5,24,31,9,22,18,13,5,58,29,29,50,22,28
S01013167,250,133,117,9,4,5,5,4,1,9,7,2,26,3,23,35,33,2,18,1,17,40,15,25,16,15,1,59,38,21,33,13,20
S01013168,314,132,182,7,3,4,11,5,6,10,4,6,32,2,30,34,31,3,31,4,27,45,8,37,19,17,2,64,29,35,61,29,32
S01013169,275,129,146,9,4,5,10,4,6,6,5,1,31,5,26,38,34,4,31,6,25,36,14,22,19,15,4,48,21,27,47,21,26
S01013170,188,94,94,3,0,3,7,0,7,11,8,3,15,2,13,30,26,4,14,4,10,12,4,8,17,16,1,35,19,16,44,15,29
S01013171,159,68,91,5,1,4,14,6,8,11,7,4,15,1,14,17,14,3,14,3,11,21,6,15,8,6,2,20,10,10,34,14,20
S01013172,226,95,131,8,3,5,6,2,4,14,9,5,22,5,17,31,25,6,17,4,13,23,5,18,22,14,8,41,11,30,42,17,25
S01013173,188,90,98,5,3,2,12,4,8,11,6,5,14,1,13,29,28,1,17,1,16,17,5,12,15,12,3,32,11,21,36,19,17
S01013174,142,62,80,5,4,1,19,7,12,11,7,4,20,0,20,13,11,2,10,2,8,14,3,11,11,8,3,12,5,7,27,15,12
S01013175,161,72,89,12,7,5,8,4,4,11,4,7,20,3,17,24,22,2,17,2,15,13,2,11,16,12,4,18,4,14,22,12,10
S01013176,213,101,112,6,3,3,23,6,17,14,9,5,26,3,23,35,33,2,16,3,13,26,6,20,18,10,8,27,10,17,22,18,4
S01013177,149,67,82,6,4,2,11,3,8,15,8,7,26,3,23,14,14,0,5,0,5,24,8,16,13,8,5,14,4,10,21,15,6
S01013178,195,97,98,7,5,2,15,7,8,17,8,9,26,4,22,17,14,3,19,5,14,13,4,9,23,22,1,33,16,17,25,12,13
S01013179,244,110,134,11,8,3,22,9,13,23,13,10,41,5,36,23,19,4,17,1,16,25,15,10,12,10,2,35,16,19,35,14,21
S01013180,101,51,50,6,5,1,8,4,4,5,2,3,8,0,8,19,15,4,8,3,5,4,1,3,6,3,3,19,9,10,18,9,9
S01013181,183,78,105,5,3,2,16,5,11,9,4,5,23,3,20,28,24,4,13,1,12,15,3,12,15,10,5,39,17,22,20,8,12
S01013182,226,91,135,5,2,3,17,6,11,7,6,1,19,6,13,24,20,4,31,4,27,25,3,22,25,12,13,47,19,28,26,13,13
S01013183,199,95,104,8,5,3,27,11,16,19,15,4,24,2,22,16,13,3,13,1,12,18,6,12,17,14,3,34,19,15,23,9,14
S01013184,203,93,110,8,5,3,3,1,2,7,5,2,15,7,8,22,16,6,18,4,14,25,7,18,17,10,7,34,16,18,54,22,32
S01013185,239,102,137,10,5,5,6,0,6,15,5,10,21,4,17,26,24,2,24,7,17,26,4,22,18,11,7,56,27,29,37,15,22
S01013186,203,86,117,6,2,4,4,1,3,5,2,3,10,2,8,14,13,1,27,5,22,14,1,13,32,19,13,52,19,33,39,22,17
S01013187,265,125,140,11,7,4,6,3,3,12,10,2,18,1,17,33,28,5,22,5,17,20,1,19,22,11,11,60,28,32,61,31,30
S01013188,206,105,101,6,1,5,13,5,8,9,5,4,29,7,22,20,16,4,12,4,8,22,9,13,22,15,7,37,23,14,36,20,16
S01013189,162,72,90,7,4,3,15,7,8,13,7,6,28,7,21,13,13,0,14,0,14,11,3,8,17,12,5,24,10,14,20,9,11
S01013190,218,101,117,6,5,1,13,4,9,14,9,5,25,5,20,28,26,2,16,3,13,27,9,18,22,14,8,35,10,25,32,16,16
S01013191,202,91,111,7,5,2,13,7,6,16,9,7,40,5,35,19,19,0,14,1,13,10,3,7,14,8,6,23,8,15,46,26,20
S01013192,259,101,158,7,4,3,25,8,17,13,6,7,31,6,25,22,17,5,26,7,19,23,5,18,25,10,15,43,17,26,44,21,23
S01013193,142,61,81,11,4,7,4,3,1,10,7,3,22,7,15,11,10,1,15,1,14,10,1,9,16,10,6,27,13,14,16,5,11
S01013194,143,66,77,5,3,2,12,5,7,12,6,6,23,5,18,11,11,0,5,0,5,17,4,13,19,11,8,26,16,10,13,5,8
S01013195,238,116,122,9,3,6,10,3,7,15,9,6,30,6,24,32,31,1,20,4,16,22,7,15,24,18,6,44,18,26,32,17,15
S01013196,115,63,52,4,3,1,10,5,5,10,7,3,10,1,9,18,14,4,10,1,9,8,1,7,14,9,5,20,15,5,11,7,4
S01013197,157,67,90,9,7,2,28,9,19,14,10,4,28,6,22,11,11,0,9,1,8,10,3,7,14,6,8,19,8,11,15,6,9
S01013198,261,118,143,9,7,2,19,7,12,10,4,6,24,1,23,23,21,2,21,4,17,19,3,16,27,16,11,56,27,29,53,28,25
S01013199,284,138,146,17,13,4,33,9,24,22,12,10,23,4,19,40,36,4,21,6,15,21,6,15,31,19,12,46,18,28,30,15,15
S01013200,223,89,134,2,1,1,17,6,11,14,7,7,12,3,9,19,18,1,17,5,12,13,4,9,18,9,9,49,12,37,62,24,38
S01013201,295,134,161,4,3,1,2,2,0,10,7,3,7,1,6,24,19,5,25,6,19,30,8,22,38,19,19,92,44,48,63,25,38
S01013202,223,97,126,13,6,7,14,8,6,9,7,2,13,1,12,20,18,2,16,3,13,27,6,21,15,8,7,44,22,22,52,18,34
S01013203,239,110,129,10,4,6,11,6,5,2,1,1,12,0,12,25,21,4,16,5,11,23,3,20,22,15,7,69,27,42,49,28,21
S01013204,188,83,105,5,4,1,7,2,5,14,8,6,14,4,10,16,13,3,18,3,15,14,2,12,17,13,4,48,18,30,35,16,19
S01013205,224,97,127,4,0,4,1,0,1,4,1,3,8,1,7,25,19,6,20,2,18,20,4,16,24,17,7,50,20,30,68,33,35
S01013206,234,108,126,5,3,2,1,0,1,12,8,4,21,2,19,23,22,1,30,2,28,9,3,6,28,20,8,64,29,35,41,19,22
S01013207,246,127,119,4,4,0,14,4,10,8,4,4,18,4,14,31,31,0,19,5,14,20,4,16,36,25,11,55,27,28,41,19,22
S01013208,328,148,180,10,5,5,7,5,2,16,9,7,17,2,15,28,22,6,22,3,19,34,7,27,36,22,14,72,35,37,86,38,48
S01013209,237,100,137,10,5,5,17,6,11,11,5,6,25,5,20,19,19,0,20,4,16,26,2,24,30,21,9,52,25,27,27,8,19
S01013210,158,75,83,7,3,4,31,16,15,12,5,7,25,7,18,16,15,1,8,2,6,9,1,8,6,3,3,22,9,13,22,14,8
S01013211,219,105,114,16,7,9,6,1,5,13,12,1,18,0,18,34,30,4,17,2,15,17,5,12,25,14,11,41,17,24,32,17,15
S01013212,88,46,42,4,2,2,8,3,5,2,2,0,7,2,5,4,3,1,6,3,3,9,5,4,8,4,4,12,6,6,28,16,12
S01013213,111,53,58,4,1,3,12,5,7,9,6,3,12,2,10,12,11,1,7,2,5,6,0,6,7,4,3,14,9,5,28,13,15
S01013214,66,30,36,4,2,2,1,0,1,9,4,5,7,1,6,8,8,0,4,0,4,6,2,4,2,2,0,7,4,3,18,7,11
S01013215,197,99,98,8,6,2,10,4,6,17,10,7,22,5,17,21,17,4,13,3,10,28,11,17,20,12,8,47,25,22,11,6,5
S01013216,176,75,101,1,1,0,5,3,2,6,2,4,14,2,12,23,22,1,18,4,14,18,5,13,15,8,7,36,13,23,40,15,25
S01013217,188,70,118,7,3,4,5,2,3,3,2,1,12,1,11,14,12,2,15,1,14,19,2,17,30,15,15,50,17,33,33,15,18
S01013218,206,85,121,2,1,1,4,0,4,6,2,4,14,2,12,21,16,5,11,0,11,21,0,21,28,19,9,52,25,27,47,20,27
S01013219,175,73,102,4,3,1,8,3,5,13,7,6,7,2,5,20,18,2,23,4,19,31,5,26,7,3,4,40,20,20,22,8,14
S01013220,243,105,138,2,1,1,5,2,3,10,6,4,19,6,13,25,22,3,21,5,16,34,6,28,30,15,15,65,30,35,32,12,20
S01013221,282,122,160,8,3,5,9,4,5,14,9,5,20,3,17,36,27,9,18,3,15,28,4,24,27,17,10,73,34,39,49,18,31
S01013222,217,88,129,3,2,1,4,2,2,5,2,3,21,3,18,21,14,7,17,3,14,19,7,12,27,19,8,65,17,48,35,19,16
S01013223,342,158,184,8,3,5,7,2,5,21,8,13,27,8,19,40,31,9,28,9,19,43,9,34,40,26,14,66,35,31,62,27,35
S01013224,223,113,110,6,2,4,10,5,5,13,6,7,23,4,19,29,28,1,16,3,13,17,6,11,31,21,10,41,20,21,37,18,19
S01013225,261,111,150,5,1,4,4,0,4,9,5,4,12,2,10,28,23,5,22,4,18,32,6,26,32,13,19,58,30,28,59,27,32
S01013226,101,46,55,9,6,3,8,2,6,9,6,3,7,0,7,11,10,1,12,3,9,5,1,4,9,4,5,12,5,7,19,9,10
S01013227,249,115,134,5,3,2,6,3,3,9,5,4,15,2,13,39,35,4,33,6,27,27,6,21,28,12,16,49,24,25,38,19,19
S01013228,218,102,116,6,5,1,5,2,3,7,4,3,14,2,12,24,17,7,22,4,18,26,5,21,36,25,11,51,24,27,27,14,13
S01013229,243,120,123,5,3,2,6,2,4,10,7,3,17,4,13,27,24,3,14,1,13,33,7,26,29,22,7,56,24,32,46,26,20
S01013230,197,80,117,0,0,0,15,5,10,8,6,2,23,5,18,26,24,2,24,2,22,16,1,15,19,9,10,45,18,27,21,10,11
S01013231,209,90,119,6,2,4,5,3,2,11,4,7,26,3,23,23,21,2,19,2,17,14,5,9,25,18,7,47,15,32,33,17,16
S01013232,232,99,133,2,1,1,9,3,6,11,3,8,16,2,14,27,25,2,28,5,23,18,5,13,43,27,16,46,14,32,32,14,18
S01013233,143,59,84,8,2,6,13,4,9,8,4,4,7,0,7,22,19,3,15,2,13,11,3,8,15,10,5,19,7,12,25,8,17
S01013234,68,29,39,7,3,4,9,6,3,8,4,4,11,3,8,5,4,1,4,0,4,7,3,4,1,0,1,10,1,9,6,5,1
S01013235,216,89,127,9,5,4,17,6,11,17,11,6,27,4,23,28,24,4,17,5,12,15,0,15,19,14,5,41,12,29,26,8,18
S01013236,279,119,160,15,8,7,48,16,32,32,23,9,40,4,36,27,24,3,14,1,13,20,2,18,16,10,6,31,16,15,36,15,21
S01013237,188,69,119,8,2,6,5,0,5,15,10,5,14,1,13,26,16,10,12,1,11,29,4,25,16,8,8,29,15,14,34,12,22
S01013238,305,139,166,5,1,4,4,2,2,13,7,6,25,3,22,37,34,3,28,6,22,35,4,31,40,26,14,62,27,35,56,29,27
S01013239,324,125,199,7,2,5,11,6,5,18,6,12,12,2,10,39,37,2,40,6,34,34,6,28,33,15,18,65,23,42,65,22,43
S01013240,199,89,110,2,0,2,6,2,4,5,3,2,12,5,7,20,13,7,21,2,19,19,4,15,20,13,7,51,24,27,43,23,20
S01013241,210,87,123,16,10,6,33,12,21,20,14,6,43,8,35,13,13,0,13,2,11,22,5,17,13,9,4,17,5,12,20,9,11
S01013242,152,69,83,20,10,10,23,9,14,13,7,6,15,1,14,17,12,5,10,1,9,17,8,9,4,3,1,13,5,8,20,13,7
S01013243,240,113,127,7,4,3,6,1,5,8,4,4,25,8,17,19,14,5,12,2,10,20,3,17,49,31,18,57,26,31,37,20,17
S01013244,260,110,150,9,3,6,8,3,5,9,4,5,22,0,22,31,24,7,11,2,9,29,8,21,46,31,15,57,19,38,38,16,22
S01013245,248,111,137,13,7,6,11,4,7,11,7,4,25,0,25,26,25,1,13,3,10,33,4,29,47,24,23,40,22,18,29,15,14
S01013246,105,37,68,3,2,1,4,2,2,4,2,2,9,0,9,8,7,1,5,1,4,11,0,11,20,8,12,29,10,19,12,5,7
S01013247,239,105,134,5,3,2,5,1,4,6,3,3,12,3,9,26,22,4,12,1,11,23,4,19,51,28,23,58,24,34,41,16,25
S01013248,206,99,107,7,4,3,4,1,3,6,3,3,20,5,15,20,16,4,12,3,9,15,4,11,42,25,17,58,24,34,22,14,8
S01013249,112,55,57,2,1,1,3,0,3,2,1,1,6,1,5,10,7,3,8,1,7,12,2,10,24,18,6,24,10,14,21,14,7
S01013250,197,84,113,10,6,4,15,6,9,16,7,9,13,2,11,15,11,4,16,3,13,24,6,18,17,13,4,37,14,23,34,16,18
S01013251,240,98,142,2,1,1,3,1,2,4,1,3,11,0,11,23,21,2,18,1,17,27,2,25,41,23,18,68,29,39,43,19,24
S01013252,207,91,116,15,11,4,11,6,5,10,5,5,16,2,14,13,10,3,10,1,9,15,2,13,29,14,15,64,31,33,24,9,15
S01013253,195,84,111,8,3,5,15,8,7,8,5,3,22,6,16,18,13,5,21,5,16,9,0,9,24,17,7,49,18,31,21,9,12
S01013254,206,87,119,7,3,4,2,1,1,6,2,4,12,1,11,18,18,0,9,1,8,14,2,12,40,19,21,63,26,37,35,14,21
S01013255,705,568,137,13,9,4,18,9,9,11,7,4,32,11,21,151,147,4,16,6,10,35,15,20,106,86,20,160,132,28,163,146,17
S01013256,167,70,97,11,7,4,15,6,9,7,2,5,13,1,12,14,10,4,14,0,14,13,2,11,17,11,6,30,13,17,33,18,15
S01013257,212,89,123,10,6,4,11,2,9,9,5,4,29,7,22,26,24,2,16,1,15,29,2,27,23,20,3,33,12,21,26,10,16
S01013258,197,78,119,20,14,6,15,8,7,14,9,5,25,5,20,17,11,6,21,1,20,25,1,24,15,14,1,20,4,16,25,11,14
S01013259,224,91,133,9,3,6,11,3,8,15,8,7,25,3,22,18,15,3,27,5,22,22,3,19,28,15,13,43,21,22,26,15,11
S01013260,248,102,146,3,1,2,10,4,6,6,3,3,9,2,7,23,19,4,20,6,14,27,4,23,38,25,13,64,23,41,48,15,33
S01013261,220,86,134,0,0,0,5,3,2,8,5,3,8,1,7,22,17,5,23,2,21,25,2,23,34,19,15,63,21,42,32,16,16
S01013262,196,89,107,6,2,4,5,2,3,7,3,4,22,4,18,24,19,5,16,4,12,11,0,11,34,22,12,47,19,28,24,14,10
S01013263,105,38,67,11,6,5,18,8,10,9,2,7,16,2,14,8,6,2,9,1,8,10,1,9,6,4,2,6,2,4,12,6,6
S01013264,80,33,47,6,3,3,6,3,3,7,4,3,11,1,10,7,6,1,2,0,2,7,3,4,7,5,2,6,3,3,21,5,16
S01013265,97,39,58,5,4,1,10,3,7,7,2,5,10,1,9,5,5,0,4,0,4,19,7,12,1,1,0,4,2,2,32,14,18
S01013266,82,37,45,3,2,1,8,3,5,6,5,1,8,1,7,9,8,1,10,1,9,10,1,9,4,3,1,6,3,3,18,10,8
S01013267,163,75,88,5,2,3,8,3,5,5,3,2,16,4,12,12,12,0,12,0,12,21,1,20,19,16,3,27,11,16,38,23,15
S01013268,190,74,116,5,1,4,10,4,6,13,8,5,12,0,12,17,14,3,16,1,15,27,6,21,21,15,6,38,13,25,31,12,19
S01013269,160,62,98,3,1,2,28,12,16,12,7,5,21,2,19,10,8,2,13,2,11,17,7,10,11,7,4,15,4,11,30,12,18
S01013270,125,53,72,13,9,4,18,7,11,10,6,4,20,2,18,7,5,2,8,2,6,10,2,8,2,2,0,5,2,3,32,16,16
S01013271,176,71,105,17,12,5,52,24,28,13,6,7,41,7,34,6,5,1,6,0,6,12,4,8,4,4,0,5,3,2,20,6,14
S01013272,132,60,72,12,6,6,15,7,8,19,10,9,23,4,19,4,3,1,9,0,9,8,3,5,5,3,2,10,4,6,27,20,7
S01013273,99,41,58,4,3,1,7,1,6,13,6,7,22,5,17,4,4,0,8,0,8,8,4,4,1,0,1,11,4,7,21,14,7
S01013274,202,88,114,14,9,5,23,7,16,23,16,7,32,3,29,16,15,1,10,1,9,29,9,20,6,3,3,20,8,12,29,17,12
S01013275,139,50,89,7,4,3,21,8,13,10,8,2,21,3,18,9,6,3,16,1,15,19,4,15,10,6,4,11,4,7,15,6,9
S01013276,110,55,55,3,2,1,13,6,7,6,3,3,13,3,10,10,8,2,8,2,6,14,4,10,7,7,0,19,11,8,17,9,8
S01013277,230,88,142,7,3,4,6,1,5,12,7,5,17,5,12,17,12,5,29,1,28,28,2,26,28,20,8,43,18,25,43,19,24
S01013278,255,116,139,9,6,3,7,3,4,11,5,6,22,6,16,19,15,4,13,1,12,42,6,36,35,29,6,56,22,34,41,23,18
S01013279,216,92,124,5,4,1,10,2,8,13,8,5,12,3,9,21,17,4,10,1,9,27,5,22,21,12,9,46,20,26,51,20,31
S01013280,140,63,77,5,3,2,9,2,7,7,3,4,22,8,14,8,7,1,12,1,11,17,3,14,16,11,5,27,13,14,17,12,5
S01013281,260,103,157,5,1,4,5,4,1,9,5,4,25,6,19,22,20,2,21,2,19,36,5,31,32,17,15,64,27,37,41,16,25
S01013282,227,107,120,2,1,1,4,1,3,8,5,3,20,4,16,23,18,5,21,1,20,24,9,15,24,18,6,62,29,33,39,21,18
S01013283,138,65,73,4,2,2,8,3,5,0,0,0,12,0,12,10,8,2,7,2,5,20,11,9,17,10,7,24,14,10,36,15,21
S01013284,97,42,55,4,3,1,10,4,6,13,6,7,18,0,18,8,5,3,3,0,3,8,2,6,8,7,1,11,6,5,14,9,5
S01013285,127,57,70,3,3,0,14,9,5,3,1,2,18,2,16,15,10,5,7,1,6,16,1,15,11,8,3,14,7,7,26,15,11
S01013286,126,60,66,5,3,2,14,7,7,8,6,2,20,3,17,9,9,0,5,1,4,15,6,9,9,5,4,21,7,14,20,13,7
S01013287,126,52,74,8,7,1,18,5,13,16,9,7,23,2,21,3,2,1,5,1,4,11,2,9,4,2,2,13,6,7,25,16,9
S01013288,173,79,94,10,6,4,15,12,3,7,2,5,21,2,19,20,18,2,17,1,16,18,5,13,12,11,1,21,6,15,32,16,16
S01013289,167,67,100,17,9,8,23,9,14,16,8,8,25,1,24,13,10,3,14,2,12,7,0,7,8,7,1,17,7,10,27,14,13
S01013290,164,72,92,5,2,3,9,4,5,11,6,5,19,4,15,15,14,1,16,3,13,15,1,14,17,14,3,27,9,18,30,15,15
S01013291,103,42,61,6,2,4,2,0,2,3,0,3,13,1,12,10,7,3,14,2,12,9,1,8,4,4,0,20,9,11,22,16,6
S01013292,164,72,92,8,6,2,7,2,5,10,6,4,28,7,21,17,15,2,16,1,15,22,9,13,10,7,3,25,7,18,21,12,9
S01013293,148,67,81,6,4,2,18,8,10,8,6,2,21,2,19,10,8,2,10,1,9,19,7,12,11,10,1,16,6,10,29,15,14
S01013294,155,73,82,6,3,3,7,2,5,7,6,1,23,4,19,10,9,1,9,4,5,20,5,15,15,13,2,29,13,16,29,14,15
S01013295,149,70,79,5,2,3,6,4,2,8,6,2,29,5,24,15,14,1,8,1,7,14,3,11,10,5,5,21,14,7,33,16,17
S01013296,216,96,120,3,1,2,7,3,4,7,3,4,15,1,14,29,25,4,17,3,14,27,7,20,24,17,7,58,24,34,29,12,17
S01013297,176,73,103,5,3,2,15,6,9,10,4,6,18,3,15,17,13,4,16,0,16,25,3,22,13,11,2,32,19,13,25,11,14
S01013298,182,85,97,11,5,6,12,5,7,7,4,3,20,2,18,18,10,8,10,0,10,16,6,10,22,16,6,34,17,17,32,20,12
S01013299,243,105,138,7,2,5,12,1,11,14,8,6,20,6,14,26,17,9,15,1,14,32,6,26,23,17,6,58,25,33,36,22,14
S01013300,176,68,108,1,0,1,7,2,5,5,0,5,26,6,20,25,18,7,10,0,10,14,1,13,34,17,17,33,12,21,21,12,9
S01013301,138,66,72,2,2,0,3,0,3,4,0,4,11,2,9,13,12,1,6,1,5,16,4,12,28,20,8,34,12,22,21,13,8
S01013302,148,63,85,7,4,3,9,3,6,6,3,3,24,3,21,16,14,2,11,2,9,19,5,14,9,7,2,27,11,16,20,11,9
S01013303,251,106,145,13,8,5,19,9,10,16,10,6,52,5,47,19,17,2,24,4,20,23,6,17,25,18,7,37,14,23,23,15,8
S01013304,276,129,147,8,2,6,11,4,7,20,13,7,17,6,11,32,21,11,16,6,10,30,4,26,43,27,16,60,24,36,39,22,17
S01013305,266,122,144,10,5,5,4,3,1,15,11,4,27,6,21,24,19,5,16,4,12,21,2,19,43,28,15,67,27,40,39,17,22
S01013306,365,171,194,6,2,4,5,4,1,12,6,6,18,4,14,33,30,3,26,4,22,42,5,37,48,37,11,104,57,47,71,22,49
S01013307,332,149,183,6,3,3,4,1,3,9,7,2,27,7,20,36,30,6,24,3,21,38,5,33,37,21,16,82,40,42,69,32,37
S01013308,286,120,166,6,1,5,9,4,5,5,4,1,22,3,19,16,13,3,25,5,20,41,9,32,31,19,12,75,35,40,56,27,29
S01013309,127,52,75,8,5,3,8,5,3,6,3,3,15,1,14,10,8,2,8,0,8,13,3,10,7,6,1,23,9,14,29,12,17
S01013310,166,64,102,1,1,0,11,5,6,7,3,4,15,1,14,10,8,2,19,1,18,22,4,18,10,7,3,47,22,25,24,12,12
S01013311,233,93,140,6,3,3,12,4,8,12,5,7,21,2,19,23,19,4,13,1,12,23,4,19,25,9,16,57,25,32,41,21,20
S01013312,317,134,183,10,3,7,12,5,7,15,10,5,30,4,26,36,27,9,17,1,16,33,8,25,44,28,16,67,29,38,53,19,34
S01013313,202,86,116,4,2,2,11,2,9,6,4,2,21,2,19,15,13,2,20,1,19,13,4,9,19,10,9,38,20,18,55,28,27
S01013314,188,77,111,7,2,5,7,1,6,10,8,2,24,3,21,18,17,1,16,1,15,27,8,19,15,11,4,48,17,31,16,9,7
S01013315,70,27,43,5,2,3,6,3,3,6,2,4,9,0,9,2,1,1,6,0,6,12,7,5,5,5,0,4,1,3,15,6,9
S01013316,179,74,105,14,9,5,26,13,13,14,10,4,36,3,33,16,15,1,14,2,12,10,2,8,19,8,11,12,4,8,18,8,10
S01013317,132,58,74,8,3,5,11,2,9,10,9,1,23,3,20,12,11,1,4,0,4,18,4,14,18,13,5,16,4,12,12,9,3
S01013318,110,50,60,6,4,2,12,5,7,5,2,3,19,4,15,7,7,0,9,1,8,11,4,7,11,8,3,14,9,5,16,6,10
S01013319,112,47,65,4,3,1,3,2,1,9,4,5,11,2,9,5,3,2,8,0,8,12,4,8,7,3,4,22,11,11,31,15,16
S01013320,122,50,72,2,2,0,10,5,5,12,7,5,13,1,12,5,2,3,4,0,4,16,4,12,8,6,2,20,8,12,32,15,17
S01013321,128,55,73,5,0,5,3,0,3,10,6,4,12,3,9,18,17,1,9,0,9,11,0,11,21,14,7,23,8,15,16,7,9
S01013322,168,79,89,8,2,6,15,9,6,6,3,3,21,7,14,11,7,4,9,0,9,18,2,16,19,14,5,26,9,17,35,26,9
S01013323,281,128,153,12,1,11,3,2,1,5,4,1,26,4,22,35,28,7,25,4,21,41,11,30,30,21,9,65,34,31,39,19,20
S01013324,201,81,120,8,3,5,11,5,6,3,1,2,15,3,12,19,14,5,16,2,14,22,3,19,18,15,3,46,21,25,43,14,29
S01013325,297,110,187,6,4,2,1,0,1,13,4,9,8,1,7,22,16,6,26,2,24,45,8,37,33,20,13,67,18,49,76,37,39
S01013326,169,64,105,2,1,1,9,4,5,6,4,2,14,3,11,9,8,1,14,1,13,18,1,17,19,14,5,47,16,31,31,12,19
S01013327,200,87,113,5,1,4,9,6,3,7,2,5,15,2,13,13,8,5,10,4,6,22,6,16,16,13,3,61,22,39,42,23,19
S01013328,178,80,98,3,1,2,3,1,2,1,1,0,9,2,7,23,19,4,10,3,7,18,2,16,21,10,11,55,18,37,35,23,12
S01013329,159,74,85,4,4,0,10,4,6,5,3,2,9,0,9,12,12,0,18,4,14,20,6,14,20,13,7,34,11,23,27,17,10
S01013330,143,56,87,9,5,4,11,4,7,15,11,4,20,3,17,6,6,0,8,0,8,12,3,9,17,11,6,24,7,17,21,6,15
S01013331,101,48,53,7,3,4,8,7,1,4,2,2,7,2,5,2,2,0,5,1,4,15,3,12,7,4,3,25,13,12,21,11,10
S01013332,171,66,105,7,2,5,10,4,6,16,8,8,13,0,13,10,9,1,10,1,9,20,8,12,18,11,7,47,15,32,20,8,12
S01013333,177,68,109,4,4,0,9,6,3,10,2,8,28,4,24,17,13,4,16,2,14,24,2,22,16,11,5,31,15,16,22,9,13
S01013334,205,88,117,3,2,1,4,1,3,4,4,0,9,2,7,17,13,4,22,4,18,24,5,19,24,16,8,59,21,38,39,20,19
S01013335,242,92,150,3,1,2,5,0,5,5,0,5,14,2,12,21,17,4,22,1,21,44,13,31,21,14,7,68,27,41,39,17,22
S01013336,276,129,147,4,2,2,7,4,3,13,6,7,14,3,11,25,15,10,22,3,19,37,15,22,20,13,7,73,35,38,61,33,28
S01013337,237,109,128,17,10,7,26,12,14,21,13,8,33,3,30,18,17,1,11,1,10,22,7,15,16,12,4,40,18,22,33,16,17
S01013338,83,28,55,9,7,2,4,1,3,7,3,4,13,1,12,2,1,1,5,0,5,8,2,6,2,1,1,1,0,1,32,12,20
S01013339,126,54,72,7,5,2,20,11,9,8,4,4,26,3,23,6,5,1,7,0,7,9,2,7,10,4,6,13,5,8,20,15,5
S01013340,206,95,111,22,17,5,23,13,10,15,7,8,34,5,29,18,16,2,18,2,16,21,6,15,9,6,3,16,9,7,30,14,16
S01013341,185,88,97,15,12,3,21,9,12,19,13,6,30,2,28,16,14,2,16,3,13,21,9,12,8,7,1,20,8,12,19,11,8
S01013342,181,91,90,3,2,1,4,1,3,3,1,2,12,1,11,20,20,0,14,2,12,19,6,13,28,20,8,42,19,23,36,19,17
S01013343,156,68,88,4,2,2,10,4,6,10,6,4,11,3,8,12,10,2,6,2,4,27,3,24,17,14,3,35,12,23,24,12,12
S01013344,282,114,168,7,3,4,4,0,4,6,4,2,32,8,24,28,19,9,21,3,18,25,4,21,37,24,13,67,24,43,55,25,30
S01013345,183,62,121,5,2,3,8,1,7,6,2,4,14,2,12,6,4,2,17,1,16,22,3,19,27,14,13,45,17,28,33,16,17
S01013346,145,70,75,6,4,2,14,10,4,11,6,5,9,1,8,16,13,3,11,1,10,23,7,16,3,2,1,19,9,10,33,17,16
S01013347,139,70,69,13,8,5,8,5,3,15,11,4,22,2,20,12,9,3,6,0,6,10,2,8,14,12,2,25,13,12,14,8,6
S01013348,64,27,37,4,2,2,6,4,2,6,2,4,10,0,10,4,4,0,1,0,1,8,0,8,5,3,2,5,3,2,15,9,6
S01013349,136,43,93,6,2,4,9,3,6,13,5,8,9,1,8,3,2,1,10,2,8,17,3,14,11,8,3,24,10,14,34,7,27
S01013350,151,62,89,5,3,2,5,1,4,9,2,7,11,1,10,17,12,5,12,2,10,19,1,18,23,19,4,25,8,17,25,13,12
S01013351,181,81,100,10,7,3,9,2,7,7,4,3,22,6,16,14,12,2,14,1,13,26,4,22,20,13,7,31,15,16,28,17,11
S01013352,208,75,133,5,2,3,8,4,4,19,9,10,23,1,22,17,14,3,14,2,12,38,6,32,16,12,4,34,12,22,34,13,21
S01013353,177,66,111,4,0,4,6,1,5,9,4,5,17,4,13,9,7,2,11,2,9,22,2,20,23,16,7,37,11,26,39,19,20
S01013354,155,70,85,7,3,4,4,2,2,5,2,3,24,4,20,19,18,1,13,3,10,15,4,11,20,11,9,31,13,18,17,10,7
S01013355,163,64,99,2,1,1,7,3,4,3,2,1,15,1,14,15,14,1,14,2,12,20,3,17,23,17,6,38,12,26,26,9,17
S01013356,237,119,118,6,3,3,3,2,1,12,9,3,19,5,14,34,33,1,14,0,14,25,2,23,28,22,6,63,24,39,33,19,14
S01013357,187,77,110,9,6,3,14,7,7,17,7,10,29,2,27,15,9,6,18,6,12,20,4,16,17,12,5,31,17,14,17,7,10
S01013358,210,92,118,5,3,2,6,4,2,10,4,6,15,1,14,24,21,3,19,5,14,24,4,20,31,18,13,47,12,35,29,20,9
S01013359,186,80,106,9,7,2,5,3,2,2,1,1,7,0,7,13,10,3,15,2,13,17,2,15,22,15,7,54,21,33,42,19,23
S01013360,227,103,124,5,3,2,2,0,2,7,5,2,19,2,17,27,24,3,14,4,10,22,5,17,37,22,15,63,24,39,31,14,17
S01013361,193,90,103,3,3,0,2,2,0,4,2,2,20,4,16,17,15,2,19,5,14,16,4,12,26,15,11,59,27,32,27,13,14
S01013362,142,46,96,3,0,3,4,1,3,3,1,2,12,0,12,15,14,1,11,1,10,12,1,11,17,8,9,42,13,29,23,7,16
S01013363,271,127,144,10,5,5,1,0,1,9,6,3,13,2,11,26,20,6,22,3,19,35,7,28,36,29,7,72,32,40,47,23,24
S01013364,230,94,136,9,6,3,17,3,14,11,5,6,19,0,19,22,16,6,16,3,13,18,2,16,50,30,20,37,16,21,31,13,18
S01013365,192,95,97,12,7,5,16,7,9,14,10,4,27,4,23,19,16,3,15,3,12,15,6,9,22,12,10,32,16,16,20,14,6
S01013366,180,74,106,9,6,3,9,5,4,13,9,4,25,3,22,14,12,2,10,0,10,15,3,12,19,9,10,28,9,19,38,18,20
S01013367,104,36,68,6,2,4,5,2,3,0,0,0,11,1,10,8,7,1,6,0,6,8,3,5,16,5,11,16,6,10,28,10,18
S01013368,186,81,105,6,5,1,9,2,7,5,1,4,19,2,17,22,20,2,10,0,10,11,2,9,18,9,9,51,26,25,35,14,21
S01013369,290,104,186,7,4,3,5,2,3,9,4,5,24,4,20,24,19,5,22,4,18,44,8,36,47,27,20,63,25,38,45,7,38
S01013370,204,90,114,8,3,5,4,1,3,19,16,3,11,0,11,24,21,3,16,0,16,15,7,8,24,13,11,62,24,38,21,5,16
S01013371,221,79,142,8,6,2,17,5,12,13,9,4,20,2,18,17,11,6,24,5,19,22,5,17,40,20,20,42,10,32,18,6,12
S01013372,375,161,214,9,3,6,6,1,5,12,8,4,22,7,15,34,32,2,22,2,20,38,9,29,69,33,36,100,38,62,63,28,35
S01013373,288,128,160,12,6,6,11,4,7,8,5,3,27,6,21,24,17,7,38,7,31,28,6,22,44,31,13,56,31,25,40,15,25
S01013374,335,154,181,4,3,1,10,6,4,6,4,2,10,1,9,26,25,1,29,4,25,25,5,20,59,35,24,105,48,57,61,23,38
S01013375,166,74,92,3,2,1,6,3,3,3,3,0,15,5,10,15,12,3,8,0,8,19,2,17,34,23,11,36,10,26,27,14,13
S01013376,187,77,110,10,3,7,8,2,6,5,3,2,11,3,8,23,17,6,15,3,12,16,1,15,30,17,13,48,19,29,21,9,12
S01013377,250,108,142,7,5,2,9,2,7,13,7,6,29,6,23,16,15,1,12,2,10,27,7,20,40,23,17,69,27,42,28,14,14
S01013378,289,131,158,13,7,6,23,11,12,17,9,8,22,6,16,34,25,9,23,6,17,34,9,25,29,17,12,46,25,21,48,16,32
S01013379,231,101,130,19,11,8,13,5,8,14,10,4,25,2,23,22,20,2,13,0,13,19,6,13,28,15,13,47,18,29,31,14,17
S01013380,37,12,25,0,0,0,2,1,1,4,2,2,4,1,3,5,4,1,3,0,3,2,0,2,0,0,0,5,1,4,12,3,9
S01013381,154,58,96,5,3,2,9,3,6,4,4,0,8,1,7,24,21,3,10,1,9,14,0,14,28,10,18,33,6,27,19,9,10
S01013382,117,45,72,5,2,3,0,0,0,5,3,2,10,1,9,8,7,1,10,1,9,15,3,12,22,8,14,28,13,15,14,7,7
S01013383,223,93,130,2,0,2,4,2,2,10,7,3,19,4,15,23,21,2,12,2,10,24,1,23,41,25,16,58,18,40,30,13,17
S01013384,217,93,124,12,7,5,16,8,8,7,4,3,13,3,10,23,20,3,14,2,12,17,2,15,32,25,7,54,14,40,29,8,21
S01013385,112,48,64,4,3,1,10,5,5,7,3,4,16,2,14,21,16,5,4,1,3,10,1,9,10,7,3,15,6,9,15,4,11
S01013386,195,89,106,10,8,2,24,6,18,11,7,4,34,8,26,22,18,4,9,1,8,18,5,13,16,11,5,27,9,18,24,16,8
S01013387,173,68,105,4,1,3,9,2,7,7,3,4,16,3,13,19,15,4,11,1,10,15,2,13,23,15,8,41,15,26,28,11,17
S01013388,215,96,119,10,9,1,9,6,3,8,6,2,24,7,17,23,18,5,16,1,15,13,0,13,34,22,12,53,18,35,25,9,16
S01013389,177,78,99,3,1,2,6,1,5,11,7,4,19,5,14,17,15,2,11,1,10,24,4,20,27,21,6,32,9,23,27,14,13
S01013390,125,56,69,5,3,2,4,3,1,2,1,1,13,4,9,13,10,3,9,2,7,12,2,10,22,17,5,34,8,26,11,6,5
S01013391,106,48,58,3,1,2,17,5,12,8,6,2,7,1,6,13,11,2,5,0,5,12,1,11,10,7,3,16,10,6,15,6,9
S01013392,74,32,42,2,2,0,4,2,2,5,2,3,11,3,8,7,5,2,5,0,5,9,0,9,6,5,1,9,5,4,16,8,8
S01013393,215,100,115,5,3,2,6,4,2,4,1,3,14,1,13,25,22,3,17,1,16,27,5,22,43,29,14,57,26,31,17,8,9
S01013394,222,95,127,3,1,2,9,3,6,9,4,5,17,3,14,21,18,3,15,2,13,21,4,17,22,14,8,58,26,32,47,20,27
S01013395,255,118,137,3,2,1,3,2,1,6,5,1,15,4,11,17,17,0,24,4,20,30,2,28,39,27,12,64,37,27,54,18,36
S01013396,57,19,38,4,1,3,4,1,3,7,3,4,6,1,5,2,1,1,3,1,2,5,0,5,5,4,1,8,3,5,13,4,9
S01013397,206,85,121,2,0,2,6,2,4,11,3,8,14,2,12,18,16,2,13,3,10,17,3,14,30,21,9,56,23,33,39,12,27
S01013398,88,40,48,2,1,1,4,0,4,8,7,1,8,2,6,6,6,0,7,0,7,9,1,8,3,3,0,11,6,5,30,14,16
S01013399,168,71,97,7,5,2,9,4,5,9,4,5,19,1,18,14,11,3,11,0,11,16,3,13,24,18,6,38,20,18,21,5,16
S01013400,159,69,90,3,1,2,9,5,4,5,3,2,14,2,12,14,12,2,17,3,14,22,7,15,17,12,5,38,17,21,20,7,13
S01013401,107,39,68,3,0,3,10,4,6,7,4,3,13,1,12,4,2,2,11,2,9,12,3,9,3,1,2,16,9,7,28,13,15
S01013402,95,30,65,2,1,1,11,3,8,6,3,3,15,0,15,4,3,1,7,0,7,16,1,15,4,2,2,13,6,7,17,11,6
S01013403,97,34,63,6,3,3,11,2,9,5,3,2,12,2,10,7,5,2,7,0,7,14,2,12,5,2,3,14,8,6,16,7,9
S01013404,99,45,54,6,2,4,4,3,1,3,2,1,8,0,8,10,10,0,8,1,7,12,1,11,4,4,0,13,5,8,31,17,14
S01013405,197,82,115,13,11,2,26,11,15,8,6,2,32,2,30,14,12,2,17,2,15,16,1,15,23,16,7,37,14,23,11,7,4
S01013406,189,86,103,2,1,1,5,2,3,3,2,1,19,4,15,30,27,3,10,0,10,20,2,18,18,14,4,55,25,30,27,9,18
S01013407,145,55,90,2,2,0,2,2,0,5,3,2,13,1,12,13,9,4,12,1,11,15,2,13,17,13,4,45,16,29,21,6,15
S01013408,195,76,119,7,5,2,6,1,5,7,3,4,16,3,13,18,13,5,20,0,20,20,6,14,23,16,7,43,15,28,35,14,21
S01013409,252,99,153,10,8,2,24,8,16,17,8,9,22,3,19,22,17,5,24,4,20,32,6,26,18,12,6,47,15,32,36,18,18
S01013410,196,72,124,2,1,1,1,0,1,2,2,0,17,5,12,22,17,5,17,0,17,33,8,25,17,10,7,49,20,29,36,9,27
S01013411,158,69,89,5,4,1,14,8,6,10,1,9,17,3,14,17,14,3,11,1,10,19,6,13,15,9,6,28,14,14,22,9,13
S01013412,228,112,116,10,5,5,15,6,9,12,6,6,14,2,12,18,18,0,16,4,12,20,7,13,21,18,3,63,33,30,39,13,26
S01013413,162,74,88,9,5,4,28,11,17,15,9,6,23,3,20,15,14,1,7,1,6,15,4,11,11,6,5,23,11,12,16,10,6
S01013414,229,92,137,6,2,4,17,10,7,9,5,4,25,1,24,19,18,1,24,6,18,32,5,27,26,18,8,39,19,20,32,8,24
S01013415,242,117,125,8,3,5,8,3,5,12,5,7,17,3,14,26,20,6,17,4,13,32,4,28,39,29,10,62,32,30,21,14,7
S01013416,184,85,99,4,2,2,5,3,2,8,5,3,9,1,8,9,7,2,19,1,18,21,6,15,25,17,8,40,19,21,44,24,20
S01013417,243,122,121,7,4,3,16,6,10,16,9,7,25,3,22,34,28,6,16,1,15,25,5,20,37,32,5,47,26,21,20,8,12
S01013418,163,72,91,6,4,2,7,1,6,6,3,3,14,2,12,15,14,1,14,1,13,20,6,14,16,11,5,35,16,19,30,14,16
S01013419,108,46,62,3,3,0,21,8,13,14,11,3,21,1,20,5,4,1,5,0,5,15,5,10,3,2,1,4,3,1,17,9,8
S01013420,114,47,67,8,3,5,11,5,6,2,2,0,12,3,9,9,7,2,13,1,12,13,2,11,11,8,3,19,6,13,16,10,6
S01013421,93,37,56,4,1,3,6,2,4,3,1,2,13,1,12,8,6,2,10,0,10,11,4,7,9,6,3,13,7,6,16,9,7
S01013422,173,73,100,6,4,2,8,4,4,4,2,2,18,1,17,21,21,0,16,0,16,15,3,12,22,14,8,34,10,24,29,14,15
S01013423,206,93,113,11,6,5,13,3,10,12,7,5,23,7,16,23,15,8,8,0,8,23,6,17,21,16,5,32,15,17,40,18,22
S01013424,96,42,54,7,4,3,11,3,8,6,3,3,19,3,16,9,7,2,5,0,5,6,4,2,8,5,3,11,4,7,14,9,5
S01013425,115,52,63,9,6,3,10,5,5,7,4,3,17,3,14,16,14,2,10,1,9,10,4,6,8,6,2,18,5,13,10,4,6
S01013426,252,112,140,4,4,0,3,0,3,15,9,6,29,3,26,16,15,1,22,5,17,22,4,18,36,28,8,69,26,43,36,18,18
S01013427,59,28,31,4,3,1,6,2,4,5,4,1,8,2,6,4,4,0,6,0,6,9,4,5,1,0,1,6,2,4,10,7,3
S01013428,291,132,159,9,4,5,12,7,5,15,6,9,16,4,12,27,23,4,24,5,19,36,9,27,35,23,12,63,23,40,54,28,26
S01013429,174,75,99,3,2,1,10,6,4,7,4,3,26,7,19,18,14,4,21,1,20,17,0,17,18,13,5,34,18,16,20,10,10
S01013430,151,66,85,7,4,3,8,4,4,10,7,3,8,1,7,18,14,4,9,1,8,11,1,10,21,12,9,30,11,19,29,11,18
S01013431,196,87,109,15,10,5,9,1,8,11,9,2,16,2,14,11,8,3,10,2,8,25,4,21,27,17,10,39,13,26,33,21,12
S01013432,180,81,99,8,4,4,21,6,15,6,4,2,13,3,10,19,14,5,12,2,10,20,5,15,30,18,12,38,19,19,13,6,7
S01013433,174,75,99,14,9,5,28,14,14,11,6,5,16,2,14,20,15,5,20,2,18,17,3,14,15,10,5,14,3,11,19,11,8
S01013434,101,40,61,4,4,0,20,8,12,12,6,6,16,1,15,2,0,2,7,1,6,5,1,4,4,2,2,9,5,4,22,12,10
S01013435,112,50,62,16,10,6,23,9,14,8,2,6,16,0,16,4,2,2,1,0,1,7,3,4,5,2,3,5,3,2,27,19,8
S01013436,183,76,107,9,5,4,11,5,6,10,5,5,18,3,15,12,9,3,13,0,13,17,1,16,21,16,5,36,14,22,36,18,18
S01013437,150,64,86,1,0,1,14,7,7,8,4,4,18,0,18,17,15,2,14,1,13,13,3,10,11,11,0,27,8,19,27,15,12
S01013438,170,81,89,12,9,3,26,10,16,8,5,3,19,3,16,15,13,2,7,1,6,13,4,9,25,20,5,27,10,17,18,6,12
S01013439,278,120,158,29,19,10,87,34,53,28,19,9,37,6,31,15,12,3,15,2,13,18,5,13,5,4,1,18,5,13,26,14,12
S01013440,287,125,162,26,21,5,95,37,58,28,13,15,48,9,39,12,11,1,11,2,9,15,4,11,6,6,0,14,4,10,32,18,14
S01013441,169,79,90,25,19,6,40,16,24,20,9,11,20,3,17,7,7,0,6,0,6,11,4,7,6,4,2,10,5,5,24,12,12
S01013442,169,67,102,16,8,8,28,7,21,13,7,6,19,3,16,12,10,2,12,1,11,15,4,11,12,10,2,18,6,12,24,11,13
S01013443,134,68,66,10,6,4,16,7,9,10,7,3,22,9,13,16,13,3,9,1,8,14,3,11,4,3,1,15,8,7,18,11,7
S01013444,234,112,122,10,6,4,28,10,18,20,11,9,25,3,22,30,21,9,13,3,10,19,5,14,21,16,5,36,18,18,32,19,13
S01013445,122,51,71,12,6,6,39,13,26,8,4,4,20,2,18,6,6,0,3,1,2,5,0,5,5,5,0,7,4,3,17,10,7
S01013446,178,81,97,5,4,1,12,4,8,4,2,2,30,7,23,17,17,0,19,3,16,22,8,14,17,12,5,31,15,16,21,9,12
S01013447,79,30,49,2,0,2,16,5,11,8,1,7,7,1,6,3,3,0,6,0,6,6,2,4,0,0,0,7,4,3,24,14,10
S01013448,209,90,119,17,11,6,53,24,29,22,17,5,46,8,38,8,8,0,12,0,12,15,4,11,4,3,1,9,3,6,23,12,11
S01013449,126,58,68,10,8,2,26,13,13,11,6,5,23,5,18,4,4,0,11,1,10,8,2,6,5,3,2,11,3,8,17,13,4
S01013450,104,47,57,7,7,0,21,7,14,10,7,3,18,4,14,6,3,3,6,2,4,12,4,8,2,1,1,9,5,4,13,7,6
S01013451,157,59,98,7,5,2,29,7,22,9,5,4,26,5,21,7,6,1,5,0,5,18,7,11,5,4,1,4,1,3,47,19,28
S01013452,159,72,87,15,12,3,39,20,19,11,5,6,31,5,26,8,5,3,7,0,7,6,1,5,4,4,0,7,5,2,31,15,16
S01013453,229,108,121,4,1,3,9,5,4,6,5,1,18,7,11,32,30,2,16,0,16,26,5,21,32,21,11,52,17,35,34,17,17
S01013454,162,68,94,11,7,4,18,4,14,7,6,1,26,4,22,19,14,5,13,3,10,13,0,13,21,17,4,20,7,13,14,6,8
S01013455,141,73,68,14,9,5,15,4,11,14,8,6,18,4,14,18,16,2,5,1,4,8,2,6,17,13,4,19,11,8,13,5,8
S01013456,226,103,123,6,2,4,4,2,2,13,9,4,20,6,14,30,24,6,19,3,16,32,4,28,29,19,10,51,23,28,22,11,11
S01013457,251,102,149,2,2,0,5,3,2,4,3,1,25,5,20,29,24,5,20,2,18,23,4,19,32,22,10,74,23,51,37,14,23
S01013458,184,84,100,9,8,1,16,6,10,6,3,3,31,5,26,17,16,1,12,3,9,12,0,12,21,12,9,41,20,21,19,11,8
S01013459,217,92,125,2,1,1,10,4,6,8,2,6,21,4,17,33,25,8,16,0,16,16,1,15,29,19,10,58,28,30,24,8,16
S01013460,222,97,125,8,4,4,10,6,4,6,3,3,23,3,20,29,24,5,14,2,12,21,4,17,27,19,8,59,17,42,25,15,10
S01013461,210,88,122,8,3,5,13,6,7,5,4,1,29,5,24,17,14,3,18,2,16,18,6,12,16,9,7,48,21,27,38,18,20
S01013462,142,59,83,2,0,2,8,3,5,11,9,2,19,3,16,16,12,4,10,3,7,21,5,16,10,7,3,22,7,15,23,10,13
S01013463,124,48,76,1,1,0,7,2,5,6,3,3,14,1,13,8,6,2,18,2,16,20,6,14,10,7,3,21,9,12,19,11,8
S01013464,174,69,105,12,9,3,30,8,22,11,8,3,25,3,22,8,7,1,16,1,15,10,3,7,17,13,4,23,6,17,22,11,11
S01013465,198,73,125,10,5,5,18,9,9,10,7,3,40,9,31,23,21,2,23,0,23,18,1,17,16,10,6,28,7,21,12,4,8
S01013466,202,55,147,8,2,6,19,6,13,6,4,2,10,2,8,11,5,6,22,0,22,23,3,20,4,4,0,41,14,27,58,15,43
S01013467,166,71,95,6,4,2,19,6,13,11,5,6,27,4,23,13,12,1,10,0,10,15,3,12,24,21,3,20,9,11,21,7,14
S01013468,173,80,93,9,6,3,14,5,9,8,8,0,22,6,16,19,15,4,14,3,11,10,1,9,17,15,2,32,8,24,28,13,15
S01013469,198,85,113,12,5,7,21,12,9,13,8,5,40,3,37,20,17,3,12,5,7,25,6,19,14,13,1,20,7,13,21,9,12
S01013470,208,100,108,15,6,9,8,4,4,12,7,5,17,3,14,18,15,3,14,2,12,17,2,15,37,24,13,35,15,20,35,22,13
S01013471,247,108,139,10,7,3,13,6,7,10,5,5,30,2,28,24,20,4,20,4,16,22,6,16,25,20,5,52,19,33,41,19,22
S01013472,89,35,54,4,2,2,3,0,3,5,2,3,15,1,14,9,8,1,5,0,5,14,3,11,7,3,4,9,6,3,18,10,8
S01013473,85,30,55,5,4,1,8,2,6,2,0,2,11,2,9,5,3,2,9,2,7,10,3,7,8,4,4,11,4,7,16,6,10
S01013474,94,36,58,2,2,0,5,4,1,6,3,3,17,1,16,8,7,1,4,0,4,14,4,10,6,5,1,14,3,11,18,7,11
S01013475,169,77,92,3,2,1,13,4,9,8,5,3,29,5,24,23,21,2,13,2,11,19,4,15,10,10,0,25,12,13,26,12,14
S01013476,178,87,91,13,11,2,17,8,9,18,14,4,26,2,24,23,20,3,9,2,7,11,3,8,16,10,6,29,9,20,16,8,8
S01013477,173,87,86,6,5,1,5,1,4,7,3,4,17,4,13,23,17,6,9,0,9,15,2,13,25,19,6,48,27,21,18,9,9
S01013478,184,91,93,6,2,4,4,1,3,13,7,6,14,2,12,19,16,3,9,2,7,15,5,10,22,16,6,37,14,23,45,26,19
S01013479,235,109,126,3,0,3,9,5,4,8,6,2,27,4,23,26,23,3,17,2,15,26,3,23,39,23,16,47,21,26,33,22,11
S01013480,200,80,120,5,2,3,9,3,6,4,3,1,25,0,25,22,16,6,17,5,12,18,3,15,33,19,14,50,20,30,17,9,8
S01013481,131,55,76,9,4,5,12,2,10,9,7,2,13,3,10,12,8,4,8,0,8,16,2,14,20,14,6,18,9,9,14,6,8
