,LC6120SC0001,LC6120SC0002,LC6120SC0003,LC6120SC0004,LC6120SC0005,LC6120SC0006,LC6120SC0007,LC6120SC0008,LC6120SC0009,LC6120SC0010,LC6120SC0011,LC6120SC0012,LC6120SC0013,LC6120SC0014,LC6120SC0015,LC6120SC0016,LC6120SC0017,LC6120SC0018,LC6120SC0019,LC6120SC0020,LC6120SC0021,LC6120SC0022,LC6120SC0023,LC6120SC0024,LC6120SC0025,LC6120SC0026,LC6120SC0027,LC6120SC0028,LC6120SC0029,LC6120SC0030
S92000003,2516895,1295315,1221580,210819,131180,79639,421639,189317,232322,318380,183543,134837,286144,59358,226786,315177,284474,30703,244508,43791,200717,234367,77438,156929,193594,170789,22805,292267,155425,136842
S01006506,507,265,242,46,30,16,133,71,62,69,37,32,60,5,55,61,54,7,45,6,39,22,9,13,35,33,2,36,20,16
S01006507,461,222,239,43,28,15,83,45,38,40,21,19,57,4,53,58,51,7,44,4,40,43,11,32,34,31,3,59,27,32
S01006508,425,228,197,42,35,7,87,47,40,67,34,33,77,19,58,51,45,6,22,2,20,24,6,18,24,23,1,31,17,14
S01006509,305,151,154,28,20,8,43,16,27,39,22,17,46,5,41,44,41,3,35,6,29,26,7,19,26,23,3,18,11,7
S01006510,291,161,130,32,22,10,51,24,27,39,23,16,34,5,29,45,42,3,36,8,28,11,3,8,21,20,1,22,14,8
S01006511,348,177,171,37,27,10,97,43,54,57,33,24,36,5,31,36,32,4,22,5,17,20,6,14,15,14,1,28,12,16
S01006512,248,140,108,29,21,8,80,43,37,32,21,11,21,1,20,33,31,2,17,2,15,9,4,5,7,7,0,20,10,10
S01006513,275,149,126,26,20,6,84,36,48,45,25,20,30,6,24,30,29,1,12,1,11,24,13,11,13,12,1,11,7,4
S01006514,480,270,210,78,63,15,148,81,67,79,49,30,55,12,43,28,24,4,30,9,21,22,6,16,15,14,1,25,12,13
S01006515,370,212,158,48,40,8,148,82,66,52,35,17,37,8,29,23,17,6,17,3,14,14,6,8,7,7,0,24,14,10
S01006516,276,157,119,46,34,12,83,42,41,43,27,16,14,2,12,15,13,2,43,15,28,10,5,5,6,6,0,16,13,3
S01006517,511,282,229,66,52,14,171,86,85,65,39,26,45,6,39,36,33,3,28,4,24,32,9,23,31,31,0,37,22,15
S01006518,306,173,133,54,44,10,107,50,57,42,29,13,28,7,21,16,15,1,15,3,12,18,7,11,14,12,2,12,6,6
S01006519,429,225,204,58,46,12,136,70,66,57,32,25,54,13,41,21,19,2,41,7,34,15,9,6,18,14,4,29,15,14
S01006520,341,203,138,48,41,7,147,91,56,47,25,22,31,8,23,11,10,1,17,2,15,18,11,7,9,9,0,13,6,7
S01006521,338,204,134,80,65,15,123,73,50,46,26,20,29,2,27,18,17,1,11,0,11,6,4,2,12,9,3,13,8,5
S01006522,292,157,135,44,34,10,128,65,63,36,22,14,26,4,22,12,9,3,13,5,8,13,4,9,7,7,0,13,7,6
S01006523,454,250,204,71,52,19,163,83,80,74,47,27,42,7,35,28,24,4,23,5,18,23,9,14,15,15,0,15,8,7
S01006524,379,207,172,60,44,16,116,62,54,44,23,21,43,6,37,20,18,2,37,12,25,17,10,7,23,18,5,19,14,5
S01006525,370,210,160,54,41,13,121,68,53,58,30,28,37,6,31,22,21,1,19,1,18,15,10,5,12,12,0,32,21,11
S01006526,442,214,228,29,17,12,58,27,31,47,29,18,48,10,38,66,57,9,41,2,39,45,16,29,29,25,4,79,31,48
S01006527,315,172,143,13,6,7,32,19,13,31,18,13,31,8,23,40,37,3,46,6,40,28,13,15,38,34,4,56,31,25
S01006528,486,231,255,27,19,8,61,29,32,45,28,17,69,14,55,53,48,5,50,7,43,65,15,50,39,39,0,77,32,45
S01006529,472,279,193,24,14,10,92,54,38,64,45,19,56,17,39,65,62,3,38,11,27,49,17,32,20,20,0,64,39,25
S01006530,391,204,187,23,13,10,49,21,28,29,21,8,43,11,32,56,51,5,51,14,37,50,18,32,28,25,3,62,30,32
S01006531,433,229,204,18,11,7,46,24,22,35,19,16,50,17,33,48,43,5,57,10,47,39,15,24,38,36,2,102,54,48
S01006532,353,199,154,44,34,10,110,63,47,51,30,21,47,10,37,27,27,0,19,4,15,29,13,16,9,9,0,17,9,8
S01006533,401,214,187,56,38,18,146,72,74,74,40,34,35,9,26,25,23,2,13,1,12,19,8,11,13,12,1,20,11,9
S01006534,494,276,218,63,44,19,185,99,86,86,51,35,49,12,37,32,30,2,17,3,14,19,5,14,12,12,0,31,20,11
S01006535,679,366,313,55,41,14,222,113,109,122,56,66,77,21,56,59,55,4,25,5,20,40,18,22,25,24,1,54,33,21
S01006536,731,396,335,61,33,28,199,103,96,162,99,63,85,20,65,51,45,6,29,8,21,56,20,36,38,34,4,50,34,16
S01006537,358,184,174,42,31,11,109,55,54,55,28,27,45,13,32,26,24,2,28,4,24,20,8,12,14,12,2,19,9,10
S01006538,291,150,141,32,21,11,89,45,44,47,23,24,31,7,24,27,24,3,12,1,11,20,5,15,12,11,1,21,13,8
S01006539,370,189,181,47,31,16,118,59,59,77,37,40,39,13,26,22,20,2,17,2,15,25,11,14,10,10,0,15,6,9
S01006540,535,288,247,58,44,14,163,89,74,95,47,48,76,19,57,38,35,3,32,7,25,36,19,17,13,13,0,24,15,9
S01006541,366,191,175,49,35,14,106,57,49,66,35,31,60,15,45,24,24,0,21,4,17,10,2,8,11,10,1,19,9,10
S01006542,470,260,210,58,45,13,162,95,67,81,53,28,63,15,48,28,24,4,25,1,24,22,8,14,15,14,1,16,5,11
S01006543,371,194,177,50,37,13,110,46,64,54,36,18,63,12,51,35,31,4,19,5,14,12,4,8,15,15,0,13,8,5
S01006544,634,382,252,92,77,15,245,139,106,95,60,35,62,14,48,46,44,2,19,3,16,32,10,22,23,20,3,20,15,5
S01006545,558,309,249,63,40,23,170,93,77,107,57,50,66,14,52,38,36,2,24,6,18,31,15,16,28,26,2,31,22,9
S01006546,315,177,138,46,36,10,100,54,46,48,30,18,45,9,36,27,26,1,13,0,13,16,6,10,13,13,0,7,3,4
S01006547,415,220,195,72,53,19,103,47,56,42,22,20,52,16,36,19,17,2,30,9,21,25,8,17,29,26,3,43,22,21
S01006548,339,173,166,42,30,12,105,46,59,62,38,24,40,6,34,28,26,2,16,1,15,17,8,9,13,13,0,16,5,11
S01006549,398,232,166,62,50,12,131,69,62,52,32,20,45,10,35,33,30,3,15,5,10,27,11,16,18,18,0,15,7,8
S01006550,429,230,199,57,43,14,128,63,65,64,39,25,71,15,56,35,34,1,18,2,16,20,10,10,14,13,1,22,11,11
S01006551,315,166,149,22,13,9,58,34,24,29,16,13,38,4,34,35,34,1,36,6,30,17,4,13,26,25,1,54,30,24
S01006552,521,276,245,51,30,21,168,95,73,80,59,21,73,12,61,38,34,4,41,6,35,24,5,19,19,17,2,27,18,9
S01006553,348,182,166,38,28,10,76,33,43,51,26,25,44,9,35,33,32,1,36,8,28,21,6,15,22,20,2,27,20,7
S01006554,375,198,177,28,18,10,86,45,41,43,25,18,41,8,33,45,41,4,34,2,32,22,4,18,29,27,2,47,28,19
S01006555,455,232,223,32,20,12,81,39,42,48,28,20,57,16,41,46,44,2,44,9,35,28,7,21,45,39,6,74,30,44
S01006556,383,207,176,24,16,8,40,13,27,33,17,16,46,13,33,56,50,6,48,5,43,27,15,12,42,37,5,67,41,26
S01006557,359,176,183,22,14,8,33,16,17,29,14,15,48,10,38,46,43,3,60,13,47,25,7,18,33,31,2,63,28,35
S01006558,409,228,181,27,19,8,171,88,83,72,45,27,42,9,33,39,33,6,7,0,7,25,13,12,11,11,0,15,10,5
S01006559,325,185,140,40,30,10,143,81,62,59,33,26,28,6,22,12,10,2,8,3,5,22,12,10,4,4,0,9,6,3
S01006560,517,272,245,73,51,22,218,101,117,76,43,33,46,13,33,31,25,6,19,3,16,13,4,9,14,13,1,27,19,8
S01006561,398,207,191,44,24,20,172,91,81,54,36,18,35,9,26,21,19,2,18,3,15,21,4,17,12,11,1,21,10,11
S01006562,352,189,163,41,23,18,114,64,50,39,23,16,48,11,37,24,21,3,21,4,17,21,11,10,17,16,1,27,16,11
S01006563,408,228,180,26,20,6,176,95,81,48,28,20,41,10,31,34,29,5,18,3,15,22,13,9,21,21,0,22,9,13
S01006564,585,303,282,38,23,15,146,68,78,91,53,38,46,10,36,52,51,1,46,10,36,58,19,39,30,29,1,78,40,38
S01006565,608,332,276,41,25,16,143,84,59,94,60,34,65,16,49,56,51,5,35,5,30,67,22,45,27,23,4,80,46,34
S01006566,484,254,230,34,20,14,170,89,81,77,40,37,48,13,35,42,40,2,24,5,19,31,13,18,16,12,4,42,22,20
S01006567,500,265,235,24,17,7,106,55,51,92,53,39,51,9,42,52,43,9,34,6,28,44,18,26,28,24,4,69,40,29
S01006568,706,361,345,42,26,16,251,122,129,118,57,61,60,14,46,61,53,8,39,13,26,55,25,30,29,26,3,51,25,26
S01006569,351,185,166,31,20,11,119,66,53,52,22,30,29,4,25,28,24,4,24,7,17,20,12,8,12,11,1,36,19,17
S01006570,445,241,204,52,37,15,163,87,76,77,42,35,40,7,33,29,24,5,22,6,16,16,6,10,15,15,0,31,17,14
S01006571,525,292,233,59,38,21,191,105,86,92,56,36,54,15,39,35,29,6,20,9,11,28,12,16,12,11,1,34,17,17
S01006572,453,258,195,90,65,25,186,94,92,59,39,20,37,9,28,22,19,3,22,6,16,15,8,7,12,12,0,10,6,4
S01006573,390,212,178,72,50,22,166,86,80,44,27,17,37,5,32,19,16,3,12,2,10,12,5,7,14,14,0,14,7,7
S01006574,510,299,211,97,70,27,192,116,76,78,46,32,41,10,31,25,21,4,22,5,17,20,6,14,16,14,2,19,11,8
S01006575,531,305,226,78,51,27,207,121,86,72,35,37,51,13,38,36,35,1,17,4,13,30,15,15,17,17,0,23,14,9
S01006576,435,237,198,49,34,15,165,90,75,76,39,37,39,8,31,28,22,6,13,4,9,21,9,12,16,15,1,28,16,12
S01006577,510,277,233,44,29,15,182,103,79,87,44,43,60,14,46,40,38,2,24,5,19,35,15,20,15,14,1,23,15,8
S01006578,742,410,332,48,34,14,224,121,103,134,78,56,76,18,58,65,61,4,39,12,27,54,19,35,32,28,4,70,39,31
S01006579,709,410,299,48,26,22,210,125,85,121,71,50,77,19,58,61,55,6,38,13,25,47,20,27,38,37,1,69,44,25
S01006580,492,267,225,37,23,14,177,97,80,87,43,44,47,10,37,36,32,4,17,4,13,34,16,18,24,23,1,33,19,14
S01006581,478,272,206,65,45,20,177,106,71,74,42,32,48,10,38,26,22,4,20,3,17,28,15,13,21,19,2,19,10,9
S01006582,610,359,251,46,24,22,180,111,69,80,40,40,70,23,47,35,31,4,32,12,20,51,30,21,36,33,3,80,55,25
S01006583,507,284,223,23,13,10,157,98,59,82,54,28,54,16,38,33,29,4,27,7,20,52,18,34,17,17,0,62,32,30
S01006584,439,234,205,34,21,13,128,75,53,82,45,37,39,5,34,40,33,7,23,5,18,35,10,25,16,12,4,42,28,14
S01006585,469,253,216,26,15,11,91,51,40,55,31,24,50,16,34,50,44,6,38,7,31,50,21,29,30,26,4,79,42,37
S01006586,648,347,301,46,22,24,153,89,64,84,45,39,68,27,41,56,47,9,34,5,29,78,38,40,32,29,3,97,45,52
S01006587,370,209,161,30,16,14,73,48,25,46,26,20,44,11,33,41,36,5,33,11,22,38,16,22,17,16,1,48,29,19
S01006588,424,229,195,37,23,14,86,51,35,56,35,21,40,10,30,27,25,2,39,8,31,53,25,28,16,15,1,70,37,33
S01006589,438,258,180,22,12,10,71,44,27,55,38,17,35,11,24,53,46,7,32,9,23,57,27,30,25,24,1,88,47,41
S01006590,480,290,190,46,25,21,124,83,41,79,54,25,49,19,30,42,38,4,39,11,28,49,23,26,16,16,0,36,21,15
S01006591,530,276,254,39,18,21,153,87,66,72,33,39,67,13,54,49,46,3,37,12,25,45,17,28,19,18,1,49,32,17
S01006592,512,320,192,38,23,15,161,106,55,110,64,46,44,15,29,59,57,2,22,5,17,23,9,14,29,24,5,26,17,9
S01006593,550,332,218,36,24,12,178,106,72,110,61,49,43,18,25,53,47,6,24,5,19,38,17,21,31,28,3,37,26,11
S01006594,336,175,161,27,17,10,88,48,40,46,25,21,48,8,40,30,29,1,29,4,25,24,11,13,15,13,2,29,20,9
S01006595,685,376,309,55,33,22,214,128,86,128,67,61,93,26,67,45,41,4,29,8,21,52,28,24,29,22,7,40,23,17
S01006596,488,275,213,46,24,22,176,93,83,75,47,28,48,16,32,46,41,5,25,6,19,29,15,14,23,22,1,20,11,9
S01006597,408,226,182,20,10,10,111,59,52,72,33,39,43,16,27,46,44,2,29,8,21,28,17,11,20,19,1,39,20,19
S01006598,572,334,238,69,52,17,211,122,89,97,58,39,57,13,44,54,48,6,23,3,20,19,6,13,23,20,3,19,12,7
S01006599,450,250,200,36,20,16,88,47,41,56,36,20,59,9,50,56,51,5,31,4,27,44,21,23,32,31,1,48,31,17
S01006600,603,331,272,51,36,15,171,95,76,102,56,46,78,18,60,57,54,3,44,12,32,36,13,23,31,29,2,33,18,15
S01006601,644,352,292,47,28,19,186,103,83,98,52,46,91,23,68,70,64,6,33,11,22,48,21,27,23,22,1,48,28,20
S01006602,433,243,190,61,41,20,168,90,78,66,40,26,34,6,28,32,30,2,13,2,11,22,11,11,15,14,1,22,9,13
S01006603,391,206,185,14,6,8,21,12,9,36,17,19,59,13,46,63,57,6,43,8,35,40,16,24,37,36,1,78,41,37
S01006604,355,183,172,23,15,8,32,13,19,36,23,13,55,10,45,45,40,5,36,5,31,34,13,21,38,38,0,56,26,30
S01006605,364,187,177,11,9,2,33,16,17,33,13,20,41,7,34,55,44,11,40,4,36,28,8,20,55,51,4,68,35,33
S01006606,403,236,167,40,29,11,71,31,40,56,42,14,55,10,45,50,47,3,26,4,22,21,8,13,39,36,3,45,29,16
S01006607,493,250,243,19,11,8,49,23,26,45,22,23,79,20,59,73,70,3,46,8,38,48,10,38,55,50,5,79,36,43
S01006608,391,218,173,28,22,6,70,35,35,58,39,19,60,2,58,65,58,7,23,1,22,18,7,11,39,38,1,30,16,14
S01006609,530,272,258,26,16,10,41,20,21,49,30,19,79,12,67,84,76,8,57,4,53,42,13,29,58,52,6,94,49,45
S01006610,231,114,117,18,8,10,10,3,7,22,11,11,31,6,25,44,42,2,28,2,26,22,6,16,24,19,5,32,17,15
S01006611,437,211,226,18,11,7,37,20,17,47,28,19,68,15,53,55,50,5,46,2,44,53,9,44,45,40,5,68,36,32
S01006612,489,249,240,25,19,6,68,29,39,58,35,23,75,22,53,60,50,10,60,7,53,41,12,29,49,42,7,53,33,20
S01006613,402,199,203,30,22,8,52,26,26,72,37,35,88,13,75,54,51,3,26,1,25,29,7,22,28,28,0,23,14,9
S01006614,408,215,193,27,22,5,86,45,41,82,45,37,64,15,49,50,41,9,24,2,22,20,5,15,33,29,4,22,11,11
S01006615,453,248,205,53,36,17,80,44,36,80,55,25,75,11,64,49,45,4,32,2,30,25,9,16,36,35,1,23,11,12
S01006616,573,296,277,27,20,7,84,49,35,78,42,36,103,13,90,85,82,3,49,2,47,60,18,42,56,54,2,31,16,15
S01006617,398,214,184,40,31,9,44,23,21,57,37,20,70,9,61,49,45,4,33,4,29,31,9,22,43,38,5,31,18,13
S01006618,334,173,161,34,19,15,41,20,21,46,23,23,53,10,43,58,56,2,27,1,26,24,5,19,25,25,0,26,14,12
S01006619,533,267,266,32,26,6,74,32,42,69,34,35,72,10,62,83,78,5,50,3,47,48,12,36,45,37,8,60,35,25
S01006620,544,276,268,31,19,12,68,32,36,76,45,31,80,11,69,78,69,9,46,4,42,62,21,41,54,47,7,49,28,21
S01006621,314,161,153,20,12,8,35,17,18,44,25,19,40,5,35,50,47,3,29,3,26,30,6,24,31,28,3,35,18,17
S01006622,462,239,223,37,24,13,70,37,33,70,35,35,85,14,71,70,67,3,33,5,28,34,12,22,33,29,4,30,16,14
S01006623,418,240,178,21,12,9,46,27,19,47,32,15,52,15,37,64,60,4,40,5,35,39,10,29,46,42,4,63,37,26
S01006624,539,317,222,19,11,8,70,31,39,49,32,17,50,17,33,91,82,9,46,9,37,42,18,24,62,56,6,110,61,49
S01006625,369,192,177,19,16,3,32,19,13,36,18,18,45,10,35,62,52,10,43,7,36,30,10,20,36,33,3,66,27,39
S01006626,384,192,192,14,8,6,16,5,11,28,18,10,46,11,35,69,58,11,43,4,39,41,16,25,28,25,3,99,47,52
S01006627,564,297,267,30,17,13,65,29,36,63,33,30,62,14,48,86,67,19,55,13,42,34,19,15,63,49,14,106,56,50
S01006628,730,431,299,18,10,8,100,50,50,65,43,22,51,13,38,112,97,15,77,24,53,60,35,25,69,57,12,178,102,76
S01006629,360,197,163,16,12,4,19,12,7,26,18,8,31,9,22,56,49,7,47,5,42,30,11,19,44,41,3,91,40,51
S01006630,283,137,146,13,6,7,9,3,6,9,5,4,30,5,25,41,39,2,56,9,47,25,6,19,37,35,2,63,29,34
S01006631,489,247,242,25,11,14,45,24,21,39,20,19,52,13,39,67,58,9,57,7,50,43,16,27,48,40,8,113,58,55
S01006632,408,199,209,16,9,7,39,12,27,38,20,18,31,10,21,58,49,9,54,8,46,34,8,26,48,39,9,90,44,46
S01006633,308,164,144,7,7,0,11,7,4,23,14,9,31,7,24,43,35,8,23,3,20,34,10,24,47,43,4,89,38,51
S01006634,271,136,135,14,7,7,14,6,8,11,5,6,20,1,19,50,42,8,36,6,30,19,7,12,33,29,4,74,33,41
S01006635,327,172,155,7,2,5,31,18,13,21,14,7,33,6,27,53,48,5,46,7,39,28,7,21,47,41,6,61,29,32
S01006636,374,183,191,7,2,5,15,11,4,17,10,7,34,7,27,43,33,10,46,3,43,46,9,37,77,68,9,89,40,49
S01006637,427,248,179,30,15,15,90,58,32,58,40,18,48,14,34,42,38,4,31,8,23,43,19,24,21,19,2,64,37,27
S01006638,521,269,252,28,17,11,91,42,49,67,39,28,67,20,47,36,30,6,41,9,32,67,40,27,23,18,5,101,54,47
S01006639,524,278,246,29,17,12,80,41,39,76,44,32,53,12,41,47,42,5,46,16,30,69,37,32,38,34,4,86,35,51
S01006640,476,297,179,35,26,9,125,93,32,82,47,35,49,23,26,50,46,4,22,6,16,51,18,33,16,16,0,46,22,24
S01006641,675,384,291,23,15,8,155,88,67,96,62,34,80,29,51,64,63,1,54,14,40,72,28,44,34,32,2,97,53,44
S01006642,636,313,323,25,16,9,104,60,44,88,58,30,59,15,44,50,39,11,54,13,41,126,36,90,25,25,0,105,51,54
S01006643,497,246,251,23,16,7,103,52,51,77,40,37,60,22,38,33,31,2,34,11,23,77,29,48,19,17,2,71,28,43
S01006644,597,318,279,28,19,9,122,77,45,73,37,36,61,15,46,43,38,5,55,11,44,82,35,47,41,38,3,92,48,44
S01006645,347,171,176,19,12,7,44,23,21,37,19,18,36,9,27,40,32,8,38,11,27,46,14,32,25,23,2,62,28,34
S01006646,433,210,223,24,15,9,62,32,30,53,35,18,34,10,24,24,18,6,28,9,19,96,37,59,21,15,6,91,39,52
S01006647,344,176,168,28,11,17,35,23,12,47,28,19,42,16,26,29,27,2,36,10,26,45,17,28,26,21,5,56,23,33
S01006648,930,449,481,54,29,25,118,73,45,103,57,46,93,26,67,75,66,9,67,8,59,158,44,114,47,44,3,215,102,113
S01006649,622,348,274,17,10,7,132,81,51,79,50,29,75,24,51,58,50,8,50,15,35,73,31,42,41,38,3,97,49,48
S01006650,532,314,218,25,14,11,96,51,45,64,45,19,57,21,36,62,57,5,41,18,23,58,27,31,20,20,0,109,61,48
S01006651,336,207,129,15,13,2,62,41,21,41,26,15,36,10,26,35,31,4,17,5,12,39,15,24,25,23,2,66,43,23
S01006652,365,220,145,24,17,7,74,48,26,57,37,20,41,9,32,39,35,4,19,9,10,51,22,29,15,15,0,45,28,17
S01006653,356,198,158,24,15,9,123,61,62,58,36,22,26,5,21,26,25,1,28,8,20,28,16,12,11,10,1,32,22,10
S01006654,464,231,233,24,14,10,81,36,45,46,21,25,52,13,39,51,49,2,62,10,52,36,14,22,29,25,4,83,49,34
S01006655,378,191,187,37,23,14,142,68,74,52,29,23,39,8,31,24,23,1,22,5,17,24,7,17,13,13,0,25,15,10
S01006656,610,331,279,28,12,16,160,91,69,89,51,38,63,14,49,62,54,8,42,7,35,57,30,27,33,31,2,76,41,35
S01006657,326,182,144,17,11,6,63,32,31,29,19,10,40,11,29,31,27,4,34,12,22,36,21,15,22,19,3,54,30,24
S01006658,547,311,236,22,17,5,80,43,37,51,28,23,40,11,29,68,59,9,53,14,39,74,38,36,37,35,2,122,66,56
S01006659,330,177,153,20,15,5,81,42,39,44,28,16,37,6,31,29,28,1,25,9,16,35,16,19,10,9,1,49,24,25
S01006660,256,148,108,12,7,5,37,20,17,26,17,9,21,3,18,32,30,2,24,8,16,26,16,10,13,10,3,65,37,28
S01006661,334,184,150,16,13,3,80,54,26,39,22,17,46,14,32,26,22,4,19,4,15,43,13,30,12,12,0,53,30,23
S01006662,333,175,158,18,11,7,32,16,16,30,13,17,24,8,16,34,33,1,35,9,26,46,19,27,24,23,1,90,43,47
S01006663,286,149,137,19,15,4,58,32,26,34,15,19,33,14,19,25,24,1,14,4,10,36,9,27,7,5,2,60,31,29
S01006664,289,156,133,10,4,6,50,32,18,47,23,24,16,5,11,24,21,3,16,6,10,60,25,35,17,15,2,49,25,24
S01006665,367,192,175,29,20,9,65,33,32,34,17,17,38,18,20,36,34,2,18,3,15,54,21,33,10,9,1,83,37,46
S01006666,367,203,164,14,8,6,24,10,14,28,25,3,24,3,21,66,53,13,57,17,40,23,9,14,39,37,2,92,41,51
S01006667,341,183,158,13,10,3,28,11,17,30,18,12,27,7,20,41,34,7,36,8,28,33,8,25,57,57,0,76,30,46
S01006668,484,238,246,22,15,7,105,59,46,66,42,24,49,12,37,27,23,4,39,8,31,86,32,54,17,14,3,73,33,40
S01006669,419,228,191,21,14,7,85,56,29,38,22,16,38,6,32,38,33,5,50,12,38,42,18,24,27,25,2,80,42,38
S01006670,464,200,264,21,11,10,60,27,33,58,29,29,60,17,43,36,28,8,28,7,21,96,27,69,20,18,2,85,36,49
S01006671,604,272,332,33,25,8,67,31,36,47,24,23,41,10,31,22,20,2,53,19,34,146,50,96,16,15,1,179,78,101
S01006672,373,184,189,14,8,6,49,22,27,25,15,10,32,8,24,33,28,5,47,12,35,54,19,35,34,33,1,85,39,46
S01006673,433,227,206,21,10,11,72,40,32,37,18,19,38,12,26,52,46,6,54,15,39,39,12,27,27,22,5,93,52,41
S01006674,399,218,181,18,11,7,26,10,16,24,17,7,35,9,26,70,59,11,48,11,37,36,12,24,46,44,2,96,45,51
S01006675,333,178,155,8,4,4,25,14,11,10,5,5,23,7,16,44,40,4,36,5,31,25,10,15,46,43,3,116,50,66
S01006676,342,181,161,11,7,4,44,27,17,16,14,2,23,4,19,40,33,7,49,11,38,32,10,22,44,41,3,83,34,49
S01006677,365,194,171,20,11,9,22,13,9,37,20,17,30,8,22,51,48,3,45,10,35,44,16,28,39,38,1,77,30,47
S01006678,548,279,269,21,10,11,25,10,15,48,31,17,38,10,28,89,80,9,57,8,49,42,4,38,68,61,7,160,65,95
S01006679,381,201,180,22,17,5,63,30,33,39,22,17,57,14,43,45,39,6,37,5,32,33,14,19,38,37,1,47,23,24
S01006680,414,232,182,17,11,6,24,14,10,20,14,6,27,8,19,78,70,8,56,8,48,29,8,21,48,45,3,115,54,61
S01006681,415,230,185,22,12,10,52,31,21,72,43,29,51,13,38,49,45,4,31,5,26,41,14,27,43,38,5,54,29,25
S01006682,401,222,179,16,8,8,44,26,18,16,11,5,21,7,14,58,47,11,39,5,34,29,6,23,52,43,9,126,69,57
S01006683,453,236,217,14,8,6,51,27,24,33,21,12,35,12,23,50,46,4,67,14,53,47,15,32,43,40,3,113,53,60
S01006684,382,222,160,18,12,6,32,19,13,31,13,18,31,11,20,50,47,3,49,10,39,43,22,21,55,49,6,73,39,34
S01006685,407,212,195,25,16,9,43,20,23,45,27,18,50,10,40,51,48,3,40,6,34,33,8,25,35,34,1,85,43,42
S01006686,326,172,154,14,6,8,37,22,15,37,24,13,30,10,20,41,36,5,50,8,42,31,13,18,27,23,4,59,30,29
S01006687,438,225,213,15,10,5,63,33,30,57,33,24,47,11,36,56,51,5,51,6,45,44,12,32,42,37,5,63,32,31
S01006688,409,219,190,39,26,13,66,33,33,54,33,21,56,9,47,59,55,4,48,9,39,28,8,20,26,25,1,33,21,12
S01006689,388,217,171,41,30,11,141,73,68,47,31,16,52,19,33,34,30,4,20,4,16,23,10,13,14,12,2,16,8,8
S01006690,320,167,153,20,11,9,94,48,46,48,23,25,40,10,30,19,19,0,13,6,7,28,11,17,19,18,1,39,21,18
S01006691,332,180,152,16,13,3,103,56,47,39,22,17,47,14,33,28,24,4,19,6,13,19,6,13,15,15,0,46,24,22
S01006692,381,204,177,31,17,14,113,53,60,52,29,23,37,7,30,36,30,6,19,4,15,28,11,17,33,31,2,32,22,10
S01006693,565,294,271,41,22,19,111,58,53,55,32,23,68,9,59,82,77,5,45,6,39,53,18,35,33,29,4,77,43,34
S01006694,324,167,157,10,3,7,22,6,16,29,21,8,38,4,34,43,42,1,45,8,37,26,8,18,36,34,2,75,41,34
S01006695,361,189,172,22,14,8,45,29,16,21,9,12,48,7,41,56,54,2,41,6,35,34,5,29,35,35,0,59,30,29
S01006696,396,195,201,13,7,6,47,20,27,30,19,11,52,9,43,45,41,4,43,6,37,37,8,29,42,40,2,87,45,42
S01006697,473,244,229,24,16,8,56,21,35,35,24,11,59,8,51,65,63,2,61,8,53,40,11,29,50,49,1,83,44,39
S01006698,318,164,154,5,4,1,47,19,28,35,19,16,42,7,35,39,38,1,32,5,27,23,4,19,28,26,2,67,42,25
S01006699,268,138,130,19,14,5,43,20,23,33,15,18,35,9,26,28,25,3,25,3,22,13,4,9,22,22,0,50,26,24
S01006700,419,206,213,34,20,14,85,34,51,53,32,21,42,7,35,42,39,3,42,6,36,24,5,19,41,37,4,56,26,30
S01006701,331,164,167,14,10,4,23,7,16,23,11,12,35,8,27,59,51,8,30,4,26,43,8,35,36,34,2,68,31,37
S01006702,402,213,189,13,3,10,23,10,13,28,19,9,47,15,32,64,58,6,60,9,51,34,5,29,53,49,4,80,45,35
S01006703,321,163,158,12,6,6,30,9,21,27,18,9,31,8,23,38,36,2,48,5,43,30,7,23,45,40,5,60,34,26
S01006704,272,140,132,12,9,3,16,4,12,19,9,10,41,7,34,42,40,2,33,6,27,17,3,14,32,30,2,60,32,28
S01006705,355,185,170,18,11,7,18,8,10,20,11,9,43,12,31,61,50,11,42,6,36,28,4,24,62,58,4,63,25,38
S01006706,321,171,150,9,6,3,32,12,20,34,19,15,40,9,31,54,49,5,49,4,45,26,9,17,30,30,0,47,33,14
S01006707,331,160,171,15,8,7,35,14,21,27,11,16,41,10,31,43,38,5,43,6,37,23,5,18,34,31,3,70,37,33
S01006708,383,200,183,14,10,4,47,13,34,36,20,16,53,9,44,56,52,4,55,18,37,28,10,18,37,34,3,57,34,23
S01006709,412,221,191,21,16,5,25,15,10,28,21,7,62,13,49,57,52,5,60,4,56,44,16,28,52,51,1,63,33,30
S01006710,447,226,221,22,15,7,31,10,21,50,33,17,63,15,48,60,53,7,67,7,60,42,16,26,59,56,3,53,21,32
S01006711,473,233,240,20,16,4,43,17,26,52,31,21,64,7,57,64,62,2,54,3,51,57,14,43,50,47,3,69,36,33
S01006712,251,129,122,15,10,5,24,4,20,26,15,11,32,3,29,44,43,1,27,2,25,19,4,15,23,23,0,41,25,16
S01006713,466,241,225,14,8,6,30,12,18,46,26,20,59,11,48,67,58,9,59,7,52,42,12,30,61,57,4,88,50,38
S01006714,342,183,159,9,5,4,35,15,20,29,17,12,52,8,44,44,42,2,43,6,37,18,4,14,53,49,4,59,37,22
S01006715,266,144,122,8,5,3,25,13,12,15,9,6,16,6,10,30,29,1,39,8,31,21,7,14,33,30,3,79,37,42
S01006716,317,162,155,10,10,0,27,9,18,30,20,10,33,12,21,50,46,4,46,7,39,25,6,19,29,27,2,67,25,42
S01006717,479,230,249,16,7,9,33,10,23,36,21,15,61,11,50,84,75,9,65,6,59,47,9,38,53,49,4,84,42,42
S01006718,310,163,147,23,12,11,18,9,9,15,11,4,20,6,14,48,43,5,55,5,50,27,14,13,44,43,1,60,20,40
S01006719,459,236,223,23,9,14,44,18,26,45,25,20,45,9,36,64,62,2,58,10,48,35,9,26,50,46,4,95,48,47
S01006720,311,172,139,11,5,6,21,9,12,36,26,10,27,6,21,56,52,4,46,8,38,16,1,15,38,37,1,60,28,32
S01006721,450,243,207,21,15,6,36,12,24,38,29,9,47,9,38,59,52,7,49,4,45,36,6,30,77,65,12,87,51,36
S01006722,372,193,179,15,8,7,32,16,16,32,16,16,33,9,24,51,45,6,64,9,55,27,7,20,46,44,2,72,39,33
S01006723,325,167,158,20,10,10,32,16,16,28,18,10,45,9,36,42,40,2,39,5,34,25,3,22,31,31,0,63,35,28
S01006724,402,205,197,15,8,7,23,9,14,26,17,9,28,9,19,67,61,6,44,7,37,45,11,34,49,41,8,105,42,63
S01006725,334,169,165,21,12,9,18,7,11,22,17,5,32,3,29,51,42,9,48,5,43,43,14,29,42,41,1,57,28,29
S01006726,615,328,287,18,9,9,31,15,16,39,27,12,37,12,25,92,81,11,76,14,62,58,17,41,71,62,9,193,91,102
S01006727,413,219,194,10,5,5,14,8,6,27,18,9,40,9,31,70,64,6,46,7,39,38,12,26,48,41,7,120,55,65
S01006728,367,175,192,23,13,10,38,14,24,28,12,16,37,7,30,58,54,4,44,5,39,31,4,27,38,32,6,70,34,36
S01006729,360,188,172,12,7,5,24,8,16,31,21,10,30,9,21,59,44,15,52,14,38,22,8,14,33,30,3,97,47,50
S01006730,389,201,188,16,7,9,33,14,19,38,24,14,50,9,41,60,54,6,46,4,42,29,15,14,41,37,4,76,37,39
S01006731,291,159,132,16,6,10,14,7,7,30,16,14,36,7,29,57,52,5,34,5,29,22,7,15,39,35,4,43,24,19
S01006732,542,297,245,71,52,19,128,63,65,77,46,31,61,11,50,64,57,7,31,4,27,33,9,24,19,18,1,58,37,21
S01006733,465,258,207,54,45,9,151,88,63,73,47,26,71,14,57,30,29,1,25,3,22,22,4,18,25,25,0,14,3,11
S01006734,527,295,232,56,42,14,168,95,73,83,49,34,65,8,57,46,46,0,28,2,26,23,8,15,33,30,3,25,15,10
S01006735,288,165,123,35,28,7,89,53,36,48,31,17,39,7,32,20,19,1,12,2,10,16,7,9,17,15,2,12,3,9
S01006736,653,326,327,67,46,21,173,86,87,114,59,55,95,20,75,58,53,5,46,3,43,34,13,21,39,36,3,27,10,17
S01006737,338,193,145,50,38,12,74,38,36,41,27,14,47,8,39,45,41,4,18,2,16,18,7,11,20,18,2,25,14,11
S01006738,577,333,244,32,19,13,73,42,31,95,61,34,78,16,62,84,83,1,58,12,46,41,14,27,52,45,7,64,41,23
S01006739,410,224,186,27,16,11,65,32,33,61,37,24,65,19,46,62,57,5,36,6,30,26,7,19,32,31,1,36,19,17
S01006740,392,212,180,16,10,6,42,14,28,52,38,14,57,8,49,54,54,0,31,3,28,31,7,24,52,49,3,57,29,28
S01006741,317,168,149,13,8,5,34,16,18,23,15,8,48,11,37,44,42,2,29,1,28,23,5,18,45,42,3,58,28,30
S01006742,208,112,96,8,7,1,25,11,14,22,12,10,31,9,22,19,17,2,20,1,19,20,4,16,24,24,0,39,27,12
S01006743,321,166,155,20,12,8,49,17,32,37,25,12,44,8,36,46,44,2,29,4,25,41,14,27,26,24,2,29,18,11
S01006744,384,201,183,23,15,8,55,22,33,46,26,20,49,11,38,45,42,3,40,7,33,37,15,22,45,41,4,44,22,22
S01006745,408,215,193,22,13,9,43,23,20,45,28,17,48,9,39,58,56,2,40,2,38,35,5,30,52,46,6,65,33,32
S01006746,426,207,219,16,8,8,42,14,28,41,22,19,68,18,50,59,51,8,53,7,46,54,12,42,56,53,3,37,22,15
S01006747,410,204,206,25,18,7,73,26,47,71,45,26,64,13,51,55,51,4,40,4,36,27,5,22,24,24,0,31,18,13
S01006748,482,282,200,44,29,15,76,40,36,60,43,17,63,12,51,80,76,4,45,7,38,34,11,23,37,33,4,43,31,12
S01006749,513,271,242,29,12,17,53,27,26,60,41,19,75,16,59,70,68,2,53,8,45,45,15,30,57,52,5,71,32,39
S01006750,354,194,160,28,19,9,32,15,17,44,30,14,40,11,29,55,54,1,37,2,35,25,5,20,44,40,4,49,18,31
S01006751,250,125,125,21,18,3,28,11,17,29,15,14,28,5,23,30,28,2,29,1,28,26,11,15,25,24,1,34,12,22
S01006752,347,173,174,20,9,11,37,23,14,39,21,18,50,9,41,51,42,9,35,5,30,28,5,23,31,30,1,56,29,27
S01006753,498,271,227,42,30,12,90,45,45,73,43,30,61,13,48,64,60,4,29,2,27,39,14,25,49,47,2,51,17,34
S01006754,493,273,220,41,28,13,96,44,52,73,45,28,69,16,53,57,57,0,31,5,26,40,15,25,48,42,6,38,21,17
S01006755,440,232,208,42,29,13,85,40,45,77,38,39,58,4,54,64,57,7,22,3,19,23,10,13,35,34,1,34,17,17
S01006756,431,250,181,53,38,15,138,66,72,89,58,31,48,12,36,38,37,1,11,2,9,20,9,11,19,17,2,15,11,4
S01006757,499,255,244,34,25,9,85,37,48,103,50,53,77,14,63,74,68,6,26,4,22,34,8,26,33,32,1,33,17,16
S01006758,459,243,216,42,30,12,92,46,46,71,35,36,64,13,51,52,49,3,28,0,28,41,15,26,34,30,4,35,25,10
S01006759,352,185,167,21,18,3,63,35,28,57,32,25,64,10,54,45,43,2,26,0,26,29,12,17,27,26,1,20,9,11
S01006760,327,159,168,24,12,12,57,27,30,55,37,18,65,9,56,35,34,1,24,7,17,24,1,23,24,22,2,19,10,9
S01006761,439,237,202,33,29,4,63,29,34,74,46,28,72,15,57,45,43,2,23,3,20,46,13,33,47,43,4,36,16,20
S01006762,384,208,176,35,25,10,72,39,33,45,27,18,59,12,47,68,64,4,34,4,30,26,7,19,23,19,4,22,11,11
S01006763,569,281,288,50,35,15,102,44,58,94,56,38,94,21,73,68,60,8,41,1,40,46,7,39,36,34,2,38,23,15
S01006764,543,294,249,41,27,14,79,40,39,90,61,29,87,12,75,75,70,5,41,7,34,41,11,30,32,30,2,57,36,21
S01006765,404,211,193,27,18,9,55,30,25,75,47,28,63,8,55,51,43,8,33,3,30,38,19,19,29,27,2,33,16,17
S01006766,385,202,183,46,30,16,76,36,40,69,43,26,47,10,37,34,33,1,32,3,29,31,8,23,16,15,1,34,24,10
S01006767,424,216,208,24,16,8,57,31,26,65,43,22,63,10,53,60,55,5,37,2,35,46,12,34,28,26,2,44,21,23
S01006768,381,202,179,54,39,15,84,52,32,44,25,19,53,7,46,39,38,1,23,3,20,40,14,26,17,14,3,27,10,17
S01006769,568,308,260,35,24,11,80,40,40,83,55,28,77,14,63,85,78,7,59,7,52,52,17,35,49,47,2,48,26,22
S01006770,397,206,191,21,17,4,65,28,37,56,32,24,76,20,56,45,44,1,37,8,29,36,7,29,31,31,0,30,19,11
S01006771,289,151,138,28,20,8,45,24,21,51,38,13,47,5,42,38,34,4,17,1,16,31,8,23,13,12,1,19,9,10
S01006772,545,298,247,43,32,11,96,48,48,81,56,25,90,15,75,79,78,1,34,3,31,48,8,40,39,37,2,35,21,14
S01006773,398,217,181,31,23,8,57,29,28,63,37,26,68,16,52,53,50,3,26,2,24,39,13,26,39,38,1,22,9,13
S01006774,420,221,199,34,26,8,58,29,29,58,41,17,78,17,61,51,47,4,29,0,29,47,10,37,30,29,1,35,22,13
S01006775,373,192,181,25,18,7,48,21,27,57,27,30,59,14,45,39,36,3,26,5,21,29,10,19,48,42,6,42,19,23
S01006776,249,131,118,16,11,5,22,8,14,22,16,6,37,8,29,34,32,2,28,4,24,20,7,13,34,33,1,36,12,24
S01006777,388,207,181,25,16,9,62,27,35,46,36,10,68,15,53,52,50,2,33,3,30,36,9,27,25,23,2,41,28,13
S01006778,368,202,166,24,19,5,45,26,19,46,29,17,59,14,45,51,49,2,31,4,27,43,17,26,23,22,1,46,22,24
S01006779,311,149,162,19,13,6,28,11,17,29,19,10,45,10,35,37,30,7,34,3,31,28,8,20,43,40,3,48,15,33
S01006780,316,172,144,31,18,13,38,17,21,50,34,16,37,4,33,40,38,2,29,6,23,36,11,25,23,23,0,32,21,11
S01006781,361,190,171,29,23,6,57,28,29,36,17,19,64,14,50,49,47,2,27,5,22,30,10,20,23,22,1,46,24,22
S01006782,452,249,203,46,33,13,83,33,50,64,43,21,64,18,46,64,60,4,31,4,27,33,10,23,35,34,1,32,14,18
S01006783,320,164,156,19,12,7,42,20,22,42,26,16,48,4,44,44,42,2,25,5,20,39,9,30,33,32,1,28,14,14
S01006784,375,205,170,23,13,10,83,38,45,73,40,33,47,16,31,43,41,2,26,6,20,22,6,16,29,29,0,29,16,13
S01006785,381,192,189,37,31,6,63,30,33,56,30,26,59,10,49,39,36,3,28,3,25,39,13,26,21,18,3,39,21,18
S01006786,482,273,209,56,41,15,106,58,48,84,54,30,66,17,49,43,40,3,27,2,25,41,15,26,30,30,0,29,16,13
S01006787,361,197,164,34,20,14,55,32,23,41,22,19,63,14,49,48,46,2,27,4,23,29,11,18,33,29,4,31,19,12
S01006788,476,264,212,44,35,9,90,49,41,88,50,38,60,10,50,54,52,2,29,2,27,38,11,27,33,29,4,40,26,14
S01006789,310,163,147,44,25,19,30,13,17,33,22,11,25,6,19,49,46,3,42,3,39,29,7,22,30,28,2,28,13,15
S01006790,403,210,193,54,32,22,41,16,25,32,24,8,41,14,27,73,60,13,35,8,27,31,4,27,34,28,6,62,24,38
S01006791,274,163,111,31,17,14,34,17,17,27,18,9,16,1,15,84,75,9,25,6,19,11,3,8,15,11,4,31,15,16
S01006792,268,146,122,28,17,11,38,20,18,28,18,10,18,2,16,54,43,11,36,7,29,14,5,9,23,22,1,29,12,17
S01006793,315,172,143,63,33,30,25,10,15,23,18,5,22,5,17,62,51,11,29,5,24,22,6,16,18,18,0,51,26,25
S01006794,271,143,128,18,11,7,41,20,21,26,18,8,20,1,19,47,44,3,35,3,32,17,5,12,27,24,3,40,17,23
S01006795,335,180,155,46,32,14,89,47,42,35,23,12,35,6,29,37,34,3,35,4,31,10,3,7,20,19,1,28,12,16
S01006796,280,155,125,26,16,10,58,26,32,40,24,16,29,3,26,51,48,3,25,6,19,12,4,8,17,17,0,22,11,11
S01006797,347,202,145,53,38,15,74,33,41,42,30,12,28,3,25,58,51,7,36,9,27,5,2,3,23,22,1,28,14,14
S01006798,354,194,160,59,39,20,57,28,29,37,25,12,37,3,34,73,65,8,24,2,22,15,4,11,20,16,4,32,12,20
S01006799,445,233,212,28,16,12,51,26,25,60,38,22,46,3,43,74,68,6,56,3,53,40,15,25,41,40,1,49,24,25
S01006800,434,254,180,54,38,16,115,70,45,54,32,22,36,5,31,63,60,3,21,1,20,30,12,18,24,21,3,37,15,22
S01006801,476,257,219,46,34,12,102,45,57,53,30,23,56,5,51,91,82,9,33,3,30,20,4,16,41,33,8,34,21,13
S01006802,350,196,154,35,23,12,51,23,28,29,12,17,29,4,25,75,66,9,38,11,27,21,4,17,32,29,3,40,24,16
S01006803,342,174,168,25,15,10,33,13,20,38,26,12,30,5,25,71,59,12,49,3,46,24,8,16,34,30,4,38,15,23
S01006804,408,225,183,41,33,8,79,33,46,52,31,21,41,5,36,62,57,5,38,3,35,17,6,11,43,40,3,35,17,18
S01006805,617,311,306,52,35,17,98,49,49,72,44,28,56,3,53,104,93,11,70,8,62,40,9,31,64,49,15,61,21,40
S01006806,580,320,260,57,35,22,113,51,62,54,38,16,66,6,60,108,95,13,48,4,44,21,8,13,60,55,5,53,28,25
S01006807,343,190,153,29,19,10,58,24,34,48,28,20,40,8,32,52,48,4,32,3,29,14,7,7,33,29,4,37,24,13
S01006808,326,183,143,46,30,16,72,45,27,49,27,22,38,5,33,45,43,2,31,4,27,9,3,6,18,17,1,18,9,9
S01006809,374,210,164,41,25,16,39,15,24,48,33,15,37,9,28,50,48,2,37,4,33,22,5,17,46,44,2,54,27,27
S01006810,441,252,189,47,28,19,97,43,54,58,33,25,27,11,16,76,67,9,34,4,30,30,12,18,46,39,7,26,15,11
S01006811,581,311,270,62,34,28,135,70,65,79,41,38,55,8,47,87,79,8,34,2,32,21,8,13,52,46,6,56,23,33
S01006812,441,259,182,36,26,10,84,42,42,55,35,20,46,7,39,79,74,5,31,7,24,26,8,18,47,41,6,37,19,18
S01006813,417,241,176,39,26,13,45,23,22,54,31,23,37,3,34,82,77,5,38,3,35,31,11,20,49,44,5,42,23,19
S01006814,417,225,192,56,31,25,92,48,44,66,42,24,45,6,39,54,50,4,30,2,28,27,12,15,24,24,0,23,10,13
S01006815,290,153,137,21,13,8,22,12,10,37,21,16,30,4,26,46,40,6,31,5,26,28,8,20,27,26,1,48,24,24
S01006816,372,199,173,50,28,22,54,27,27,49,29,20,43,10,33,50,44,6,38,3,35,28,12,16,32,30,2,28,16,12
S01006817,365,208,157,29,22,7,75,38,37,40,25,15,25,6,19,61,52,9,28,2,26,16,2,14,31,26,5,60,35,25
S01006818,414,225,189,47,29,18,73,34,39,50,30,20,48,6,42,85,73,12,30,3,27,21,6,15,30,26,4,30,18,12
S01006819,492,265,227,64,42,22,106,48,58,77,45,32,47,7,40,82,66,16,36,6,30,11,3,8,28,27,1,41,21,20
S01006820,257,131,126,36,26,10,75,34,41,25,15,10,38,5,33,31,26,5,12,1,11,8,1,7,19,15,4,13,8,5
S01006821,358,198,160,60,41,19,72,39,33,43,21,22,43,7,36,51,44,7,19,1,18,15,4,11,34,32,2,21,9,12
S01006822,451,250,201,64,46,18,83,38,45,59,33,26,40,4,36,79,66,13,35,8,27,30,10,20,29,27,2,32,18,14
S01006823,369,209,160,26,23,3,109,59,50,58,34,24,52,17,35,43,38,5,19,1,18,22,5,17,18,17,1,22,15,7
S01006824,414,216,198,21,9,12,36,16,20,43,30,13,39,8,31,76,67,9,51,4,47,29,7,22,46,43,3,73,32,41
S01006825,475,249,226,23,15,8,71,31,40,60,42,18,71,18,53,62,58,4,54,5,49,37,9,28,44,43,1,53,28,25
S01006826,492,271,221,59,47,12,106,53,53,70,41,29,55,6,49,55,51,4,33,6,27,41,17,24,33,29,4,40,21,19
S01006827,459,238,221,38,24,14,84,46,38,53,27,26,59,11,48,59,56,3,45,8,37,28,7,21,29,26,3,64,33,31
S01006828,504,279,225,52,29,23,81,41,40,56,43,13,75,19,56,89,83,6,40,5,35,35,10,25,28,26,2,48,23,25
S01006829,238,125,113,24,16,8,67,32,35,51,29,22,20,1,19,25,23,2,15,1,14,9,5,4,14,12,2,13,6,7
S01006830,403,201,202,23,14,9,60,25,35,52,37,15,55,7,48,59,55,4,35,1,34,55,17,38,26,23,3,38,22,16
S01006831,267,146,121,28,20,8,60,31,29,39,27,12,40,8,32,27,26,1,17,3,14,26,8,18,15,13,2,15,10,5
S01006832,526,286,240,84,65,19,122,60,62,69,36,33,63,16,47,53,47,6,44,7,37,25,8,17,30,29,1,36,18,18
S01006833,219,120,99,28,22,6,72,31,41,35,24,11,23,3,20,19,18,1,6,0,6,12,5,7,9,9,0,15,8,7
S01006834,305,166,139,52,43,9,78,34,44,58,35,23,30,4,26,24,22,2,12,1,11,16,2,14,13,13,0,22,12,10
S01006835,403,225,178,51,37,14,84,41,43,62,33,29,25,5,20,61,54,7,37,8,29,32,12,20,22,21,1,29,14,15
S01006836,295,163,132,31,24,7,76,44,32,49,31,18,33,4,29,31,27,4,18,1,17,25,5,20,13,13,0,19,14,5
S01006837,312,169,143,31,24,7,68,35,33,41,22,19,38,6,32,43,38,5,21,2,19,18,8,10,19,17,2,33,17,16
S01006838,370,200,170,28,20,8,85,45,40,51,30,21,44,8,36,56,51,5,26,1,25,27,12,15,21,19,2,32,14,18
S01006839,588,303,285,40,26,14,98,55,43,91,54,37,90,21,69,80,73,7,52,11,41,60,8,52,31,28,3,46,27,19
S01006840,559,288,271,56,39,17,125,55,70,96,53,43,84,13,71,68,63,5,36,8,28,34,11,23,35,32,3,25,14,11
S01006841,556,290,266,44,33,11,126,65,61,90,54,36,84,13,71,53,51,2,37,3,34,48,17,31,35,33,2,39,21,18
S01006842,497,269,228,38,26,12,75,40,35,70,49,21,96,8,88,64,63,1,29,3,26,47,17,30,38,34,4,40,29,11
S01006843,514,271,243,37,23,14,66,40,26,68,49,19,107,23,84,67,65,2,41,6,35,56,21,35,41,36,5,31,8,23
S01006844,454,250,204,26,14,12,52,30,22,69,44,25,79,19,60,63,58,5,46,8,38,40,18,22,39,35,4,40,24,16
S01006845,605,312,293,57,43,14,99,48,51,85,45,40,99,20,79,84,76,8,43,5,38,58,18,40,39,35,4,41,22,19
S01006846,345,190,155,21,17,4,45,19,26,35,20,15,51,10,41,68,63,5,29,8,21,39,10,29,27,26,1,30,17,13
S01006847,413,210,203,37,24,13,64,36,28,63,37,26,63,7,56,58,55,3,37,6,31,41,10,31,24,22,2,26,13,13
S01006848,486,295,191,81,59,22,113,57,56,55,33,22,46,8,38,50,47,3,20,2,18,19,9,10,50,47,3,52,33,19
S01006849,583,299,284,63,40,23,110,53,57,100,57,43,84,18,66,74,70,4,44,2,42,28,4,24,41,39,2,39,16,23
S01006850,602,293,309,45,29,16,71,31,40,78,47,31,80,10,70,94,87,7,55,3,52,79,17,62,46,42,4,54,27,27
S01006851,424,218,206,27,17,10,43,19,24,58,33,25,70,15,55,56,54,2,34,3,31,39,7,32,44,41,3,53,29,24
S01006852,339,178,161,44,33,11,54,20,34,51,34,17,49,5,44,50,44,6,16,2,14,30,10,20,25,21,4,20,9,11
S01006853,473,267,206,74,52,22,146,78,68,52,28,24,43,8,35,59,49,10,31,9,22,12,1,11,33,31,2,23,11,12
S01006854,434,234,200,48,38,10,89,32,57,58,36,22,48,10,38,65,59,6,32,2,30,34,14,20,34,33,1,26,10,16
S01006855,427,239,188,72,56,16,100,53,47,64,38,26,48,4,44,66,59,7,25,0,25,14,6,8,10,9,1,28,14,14
S01006856,373,197,176,54,36,18,88,41,47,45,26,19,37,1,36,65,59,6,27,4,23,20,5,15,17,15,2,20,10,10
S01006857,580,311,269,71,45,26,118,51,67,70,36,34,65,8,57,128,113,15,35,6,29,19,6,13,29,27,2,45,19,26
S01006858,354,192,162,33,26,7,93,44,49,46,26,20,37,9,28,66,54,12,20,1,19,7,0,7,27,22,5,25,10,15
S01006859,569,321,248,86,61,25,143,76,67,91,57,34,64,12,52,52,49,3,47,4,43,25,10,15,30,29,1,31,23,8
S01006860,291,147,144,14,9,5,36,11,25,23,16,7,22,5,17,45,41,4,38,4,34,35,9,26,29,27,2,49,25,24
S01006861,319,190,129,40,30,10,90,62,28,54,33,21,36,5,31,23,22,1,17,3,14,20,8,12,15,15,0,24,12,12
S01006862,365,192,173,32,22,10,65,35,30,46,30,16,39,1,38,54,49,5,37,3,34,33,7,26,28,25,3,31,20,11
S01006863,346,192,154,25,16,9,49,18,31,37,25,12,39,6,33,71,70,1,26,1,25,27,7,20,26,26,0,46,23,23
S01006864,230,129,101,22,16,6,37,17,20,35,24,11,23,3,20,30,28,2,28,6,22,20,6,14,17,17,0,18,12,6
S01006865,502,289,213,69,44,25,111,58,53,61,36,25,33,7,26,78,66,12,35,5,30,34,13,21,32,29,3,49,31,18
S01006866,255,143,112,18,14,4,61,35,26,55,39,16,29,5,24,29,24,5,20,0,20,13,5,8,8,7,1,22,14,8
S01006867,330,184,146,46,38,8,108,58,50,54,30,24,31,5,26,33,33,0,21,2,19,11,1,10,6,6,0,20,11,9
S01006868,443,252,191,34,25,9,80,44,36,56,37,19,39,6,33,68,65,3,37,6,31,35,11,24,37,37,0,57,21,36
S01006869,262,150,112,23,16,7,47,31,16,32,19,13,29,6,23,37,35,2,20,2,18,14,3,11,29,25,4,31,13,18
S01006870,243,134,109,25,18,7,52,25,27,30,21,9,22,5,17,37,34,3,21,2,19,25,12,13,15,11,4,16,6,10
S01006871,338,185,153,37,27,10,78,38,40,57,38,19,31,7,24,47,44,3,32,3,29,17,7,10,16,13,3,23,8,15
S01006872,373,208,165,51,39,12,113,58,55,45,28,17,37,4,33,58,52,6,15,3,12,12,2,10,13,9,4,29,13,16
S01006873,402,222,180,53,36,17,100,51,49,56,29,27,29,5,24,73,66,7,26,2,24,19,6,13,12,11,1,34,16,18
S01006874,336,187,149,39,28,11,70,39,31,30,18,12,29,4,25,66,55,11,34,6,28,19,3,16,25,24,1,24,10,14
S01006875,319,174,145,22,10,12,62,31,31,28,13,15,22,3,19,73,61,12,25,4,21,18,5,13,34,33,1,35,14,21
S01006876,538,294,244,53,33,20,93,45,48,50,27,23,49,5,44,113,100,13,50,7,43,34,13,21,43,38,5,53,26,27
S01006877,532,288,244,45,36,9,114,51,63,75,44,31,51,5,46,117,104,13,41,2,39,27,9,18,27,26,1,35,11,24
S01006878,380,216,164,38,20,18,51,24,27,42,22,20,21,5,16,106,84,22,34,6,28,15,7,8,31,24,7,42,24,18
S01006879,426,244,182,47,29,18,78,35,43,37,26,11,33,0,33,102,91,11,40,9,31,20,5,15,27,24,3,42,25,17
S01006880,353,189,164,47,32,15,85,43,42,60,35,25,41,6,35,45,39,6,22,1,21,19,7,12,25,20,5,9,6,3
S01006881,327,180,147,49,37,12,60,23,37,37,21,16,36,3,33,60,53,7,20,1,19,16,4,12,21,20,1,28,18,10
S01006882,179,91,88,8,7,1,19,4,15,22,14,8,20,2,18,27,25,2,23,3,20,10,1,9,30,27,3,20,8,12
S01006883,240,135,105,23,16,7,45,22,23,27,13,14,25,4,21,41,40,1,21,2,19,20,10,10,14,14,0,24,14,10
S01006884,458,256,202,40,30,10,72,35,37,60,39,21,52,11,41,65,61,4,52,7,45,26,8,18,41,41,0,50,24,26
S01006885,271,147,124,33,21,12,57,28,29,35,23,12,30,1,29,49,42,7,21,3,18,15,5,10,18,17,1,13,7,6
S01006886,406,214,192,50,30,20,103,48,55,55,31,24,30,5,25,63,52,11,31,2,29,20,7,13,24,24,0,30,15,15
S01006887,315,175,140,43,38,5,71,35,36,39,19,20,35,3,32,47,43,4,21,2,19,14,3,11,22,20,2,23,12,11
S01006888,437,236,201,40,25,15,95,42,53,65,39,26,45,8,37,87,79,8,37,4,33,13,4,9,21,20,1,34,15,19
S01006889,411,220,191,23,16,7,32,18,14,39,26,13,37,11,26,68,58,10,41,1,40,45,11,34,56,49,7,70,30,40
S01006890,359,200,159,38,26,12,76,45,31,59,35,24,54,8,46,48,45,3,25,4,21,17,5,12,18,17,1,24,15,9
S01006891,518,286,232,52,41,11,95,50,45,62,38,24,49,9,40,79,73,6,44,1,43,37,10,27,37,35,2,63,29,34
S01006892,329,172,157,16,13,3,45,17,28,38,22,16,40,5,35,56,53,3,33,3,30,25,6,19,38,34,4,38,19,19
S01006893,272,135,137,28,20,8,27,7,20,21,13,8,30,6,24,39,37,2,31,2,29,36,9,27,25,25,0,35,16,19
S01006894,477,261,216,27,21,6,79,42,37,80,49,31,61,5,56,86,81,5,34,6,28,37,11,26,28,23,5,45,23,22
S01006895,310,179,131,23,12,11,34,21,13,30,17,13,37,6,31,71,64,7,26,5,21,17,5,12,24,19,5,48,30,18
S01006896,447,236,211,30,20,10,66,28,38,59,42,17,58,9,49,74,69,5,40,6,34,38,13,25,26,22,4,56,27,29
S01006897,428,243,185,28,16,12,63,35,28,62,43,19,52,11,41,77,75,2,30,4,26,47,9,38,31,28,3,38,22,16
S01006898,430,228,202,31,16,15,69,30,39,53,33,20,70,13,57,59,56,3,29,2,27,30,13,17,43,41,2,46,24,22
S01006899,385,204,181,31,24,7,71,34,37,75,45,30,60,11,49,42,40,2,22,1,21,31,5,26,26,25,1,27,19,8
S01006900,373,200,173,30,22,8,52,26,26,42,32,10,48,3,45,65,62,3,33,0,33,41,11,30,39,38,1,23,6,17
S01006901,345,181,164,24,16,8,32,11,21,46,21,25,40,10,30,63,56,7,31,4,27,37,12,25,34,33,1,38,18,20
S01006902,371,203,168,24,18,6,46,22,24,57,36,21,41,8,33,60,55,5,30,2,28,44,15,29,26,25,1,43,22,21
S01006903,425,218,207,24,13,11,61,25,36,41,28,13,49,10,39,74,65,9,41,5,36,37,10,27,29,28,1,69,34,35
S01006904,361,188,173,33,26,7,56,29,27,40,27,13,32,4,28,64,56,8,38,4,34,37,8,29,23,22,1,38,12,26
S01006905,438,233,205,49,35,14,85,37,48,48,28,20,46,4,42,64,59,5,33,4,29,38,14,24,29,26,3,46,26,20
S01006906,385,196,189,17,10,7,29,14,15,44,30,14,34,5,29,65,62,3,55,13,42,42,5,37,31,29,2,68,28,40
S01006907,375,190,185,34,18,16,36,11,25,41,17,24,50,10,40,74,65,9,24,4,20,33,12,21,29,27,2,54,26,28
S01006908,446,240,206,29,20,9,61,24,37,43,25,18,46,3,43,90,81,9,46,10,36,47,23,24,29,28,1,55,26,29
S01006909,443,251,192,54,36,18,99,47,52,77,55,22,57,7,50,69,62,7,24,1,23,19,8,11,27,25,2,17,10,7
S01006910,526,289,237,63,43,20,134,60,74,79,45,34,54,13,41,83,75,8,33,4,29,30,6,24,29,28,1,21,15,6
S01006911,388,202,186,39,24,15,112,53,59,77,44,33,36,8,28,39,39,0,23,3,20,23,8,15,19,17,2,20,6,14
S01006912,273,151,122,34,21,13,56,27,29,38,22,16,20,1,19,50,47,3,17,3,14,16,4,12,8,8,0,34,18,16
S01006913,321,180,141,36,28,8,72,44,28,48,24,24,47,14,33,43,38,5,17,1,16,22,5,17,19,17,2,17,9,8
S01006914,452,256,196,42,29,13,103,58,45,67,35,32,35,2,33,77,69,8,27,3,24,21,6,15,27,23,4,53,31,22
S01006915,474,272,202,42,30,12,100,46,54,68,42,26,56,11,45,83,77,6,32,8,24,21,6,15,32,30,2,40,22,18
S01006916,297,158,139,24,17,7,57,26,31,49,30,19,33,1,32,42,40,2,17,1,16,23,6,17,27,24,3,25,13,12
S01006917,552,294,258,72,47,25,145,75,70,110,62,48,77,12,65,57,53,4,19,1,18,25,8,17,25,20,5,22,16,6
S01006918,259,135,124,24,15,9,60,30,30,48,32,16,33,4,29,33,33,0,24,2,22,8,0,8,13,11,2,16,8,8
S01006919,259,145,114,24,22,2,56,28,28,34,18,16,36,7,29,41,37,4,19,1,18,17,7,10,16,16,0,16,9,7
S01006920,263,138,125,25,16,9,45,26,19,37,26,11,39,3,36,31,29,2,30,3,27,20,8,12,16,14,2,20,13,7
S01006921,466,245,221,43,30,13,103,46,57,94,56,38,57,7,50,45,42,3,26,2,24,36,15,21,32,30,2,30,17,13
S01006922,269,153,116,43,30,13,53,23,30,32,22,10,20,0,20,36,33,3,13,1,12,20,10,10,25,22,3,27,12,15
S01006923,395,211,184,54,39,15,79,40,39,51,28,23,43,3,40,56,52,4,30,5,25,30,11,19,29,26,3,23,7,16
S01006924,338,194,144,55,34,21,70,34,36,46,33,13,26,1,25,59,52,7,27,1,26,13,7,6,22,21,1,20,11,9
S01006925,276,149,127,26,19,7,53,25,28,42,30,12,42,6,36,41,40,1,18,1,17,22,5,17,15,14,1,17,9,8
S01006926,426,231,195,45,40,5,89,47,42,73,47,26,71,7,64,48,44,4,24,2,22,24,6,18,31,27,4,21,11,10
S01006927,614,328,286,52,34,18,166,79,87,131,81,50,89,20,69,62,60,2,29,1,28,31,12,19,35,31,4,19,10,9
S01006928,623,337,286,52,36,16,120,54,66,93,52,41,69,10,59,104,95,9,43,8,35,28,8,20,50,45,5,64,29,35
S01006929,467,264,203,76,61,15,144,84,60,69,46,23,60,11,49,25,24,1,23,2,21,39,13,26,10,8,2,21,15,6
S01006930,529,283,246,67,51,16,129,64,65,95,59,36,80,11,69,45,41,4,20,3,17,41,15,26,30,27,3,22,12,10
S01006931,219,118,101,28,20,8,55,28,27,32,20,12,24,3,21,24,21,3,13,2,11,18,6,12,8,8,0,17,10,7
S01006932,339,175,164,38,30,8,73,36,37,62,33,29,50,13,37,28,27,1,26,2,24,18,5,13,23,18,5,21,11,10
S01006933,388,200,188,22,15,7,100,51,49,54,35,19,57,13,44,31,31,0,35,7,28,37,14,23,23,21,2,29,13,16
S01006934,313,178,135,32,22,10,81,40,41,38,21,17,32,7,25,49,43,6,20,3,17,11,4,7,25,25,0,25,13,12
S01006935,392,200,192,35,27,8,101,44,57,61,43,18,58,9,49,41,36,5,21,2,19,28,9,19,17,17,0,30,13,17
S01006936,339,175,164,26,20,6,74,33,41,64,42,22,55,11,44,26,25,1,29,5,24,29,11,18,19,19,0,17,9,8
S01006937,441,220,221,33,22,11,75,38,37,78,43,35,68,18,50,58,52,6,43,4,39,34,11,23,26,18,8,26,14,12
S01006938,300,151,149,18,13,5,64,30,34,49,29,20,43,7,36,36,36,0,26,1,25,27,8,19,12,11,1,25,16,9
S01006939,365,199,166,36,27,9,75,45,30,51,35,16,57,10,47,32,27,5,31,3,28,34,13,21,23,23,0,26,16,10
S01006940,551,296,255,45,30,15,138,75,63,83,51,32,79,19,60,58,51,7,38,7,31,41,16,25,27,25,2,42,22,20
S01006941,336,173,163,23,16,7,59,28,31,45,28,17,60,8,52,39,38,1,27,4,23,27,10,17,28,26,2,28,15,13
S01006942,606,317,289,70,60,10,127,62,65,98,69,29,92,13,79,54,50,4,55,7,48,47,14,33,22,20,2,41,22,19
S01006943,360,197,163,53,39,14,112,61,51,76,45,31,29,6,23,22,19,3,26,2,24,14,4,10,12,11,1,16,10,6
S01006944,537,280,257,49,35,14,121,59,62,100,57,43,90,17,73,56,53,3,33,5,28,25,8,17,31,30,1,32,16,16
S01006945,297,162,135,33,25,8,79,42,37,43,29,14,46,13,33,26,23,3,20,5,15,15,4,11,16,15,1,19,6,13
S01006946,490,261,229,55,41,14,109,51,58,102,54,48,58,14,44,50,48,2,38,3,35,20,9,11,29,28,1,29,13,16
S01006947,529,277,252,47,31,16,105,52,53,96,57,39,75,14,61,55,48,7,37,4,33,40,16,24,38,35,3,36,20,16
S01006948,481,257,224,60,46,14,84,42,42,63,38,25,64,13,51,67,57,10,41,2,39,27,8,19,34,31,3,41,20,21
S01006949,378,204,174,53,35,18,100,44,56,62,39,23,33,5,28,47,43,4,24,4,20,21,8,13,18,15,3,20,11,9
S01006950,330,168,162,34,21,13,78,37,41,70,34,36,32,1,31,37,37,0,20,0,20,16,4,12,24,23,1,19,11,8
S01006951,292,151,141,23,16,7,42,18,24,39,21,18,48,11,37,37,31,6,23,5,18,18,5,13,31,30,1,31,14,17
S01006952,473,274,199,48,34,14,67,43,24,60,39,21,65,9,56,76,70,6,35,2,33,32,11,21,55,51,4,35,15,20
S01006953,481,266,215,59,41,18,96,55,41,85,53,32,62,11,51,52,45,7,28,4,24,33,9,24,30,28,2,36,20,16
S01006954,491,263,228,54,38,16,95,43,52,67,44,23,73,10,63,67,63,4,36,3,33,29,9,20,36,33,3,34,20,14
S01006955,351,184,167,31,19,12,62,26,36,54,28,26,35,9,26,50,49,1,38,3,35,26,8,18,25,20,5,30,22,8
S01006956,653,348,305,64,43,21,146,70,76,125,73,52,70,19,51,80,71,9,43,3,40,45,8,37,45,41,4,35,20,15
S01006957,619,340,279,71,47,24,149,68,81,81,54,27,93,13,80,83,79,4,36,3,33,34,12,22,46,45,1,26,19,7
S01006958,444,244,200,36,26,10,105,46,59,64,44,20,44,9,35,59,57,2,33,6,27,31,8,23,37,31,6,35,17,18
S01006959,320,172,148,30,20,10,50,24,26,38,17,21,34,10,24,42,37,5,32,5,27,25,10,15,36,29,7,33,20,13
S01006960,556,298,258,78,55,23,119,60,59,87,57,30,61,8,53,59,59,0,43,3,40,47,13,34,29,27,2,33,16,17
S01006961,564,293,271,57,43,14,129,58,71,121,74,47,62,6,56,59,54,5,34,5,29,44,13,31,30,29,1,28,11,17
S01006962,482,264,218,31,21,10,91,48,43,71,47,24,60,9,51,70,67,3,37,7,30,36,7,29,43,39,4,43,19,24
S01006963,378,206,172,32,23,9,60,28,32,65,47,18,45,6,39,51,48,3,41,4,37,38,10,28,26,26,0,20,14,6
S01006964,484,275,209,26,15,11,70,31,39,71,47,24,59,10,49,91,86,5,39,7,32,39,15,24,47,39,8,42,25,17
S01006965,261,148,113,26,19,7,59,26,33,36,24,12,25,5,20,46,41,5,21,2,19,17,8,9,16,16,0,15,7,8
S01006966,324,149,175,16,8,8,37,11,26,26,18,8,39,6,33,57,48,9,33,3,30,43,10,33,25,23,2,48,22,26
S01006967,385,205,180,32,23,9,72,35,37,49,33,16,48,6,42,55,53,2,37,5,32,33,6,27,30,29,1,29,15,14
S01006968,308,160,148,14,8,6,39,17,22,32,20,12,36,5,31,59,56,3,24,3,21,42,9,33,25,24,1,37,18,19
S01006969,506,281,225,45,28,17,76,39,37,60,41,19,67,6,61,80,75,5,43,11,32,38,7,31,49,45,4,48,29,19
S01006970,413,219,194,46,36,10,84,39,45,56,40,16,72,11,61,53,49,4,34,4,30,26,9,17,19,18,1,23,13,10
S01006971,256,133,123,23,15,8,29,11,18,32,17,15,28,2,26,40,38,2,23,3,20,18,5,13,28,27,1,35,15,20
S01006972,309,173,136,36,31,5,58,28,30,38,21,17,45,7,38,47,40,7,16,0,16,17,5,12,23,23,0,29,18,11
S01006973,305,173,132,43,32,11,63,23,40,51,31,20,37,9,28,35,34,1,16,2,14,9,5,4,16,14,2,35,23,12
S01006974,594,321,273,66,55,11,143,74,69,87,52,35,72,13,59,73,66,7,52,2,50,32,8,24,37,36,1,32,15,17
S01006975,584,324,260,65,40,25,105,48,57,64,33,31,66,9,57,116,104,12,51,11,40,25,8,17,45,42,3,47,29,18
S01006976,276,156,120,38,29,9,51,23,28,34,22,12,29,5,24,48,43,5,18,3,15,19,9,10,16,16,0,23,6,17
S01006977,484,266,218,53,39,14,79,40,39,64,34,30,45,4,41,92,86,6,39,1,38,32,8,24,33,28,5,47,26,21
S01006978,471,272,199,49,28,21,89,48,41,58,38,20,47,6,41,90,80,10,29,4,25,28,9,19,40,33,7,41,26,15
S01006979,439,240,199,48,29,19,89,44,45,52,26,26,40,8,32,88,80,8,31,4,27,25,4,21,30,26,4,36,19,17
S01006980,483,267,216,52,37,15,92,44,48,60,41,19,60,6,54,82,72,10,41,9,32,26,7,19,36,32,4,34,19,15
S01006981,487,266,221,58,40,18,93,42,51,64,32,32,49,11,38,74,69,5,30,1,29,23,6,17,40,37,3,56,28,28
S01006982,509,268,241,45,32,13,86,31,55,76,47,29,66,4,62,74,71,3,34,5,29,35,7,28,56,51,5,37,20,17
S01006983,426,238,188,46,33,13,71,36,35,70,45,25,51,13,38,74,63,11,33,2,31,21,4,17,31,28,3,29,14,15
S01006984,425,239,186,39,24,15,106,55,51,72,41,31,45,10,35,72,64,8,29,3,26,16,8,8,23,21,2,23,13,10
S01006985,555,309,246,48,35,13,93,44,49,64,46,18,62,8,54,97,91,6,55,5,50,32,11,21,50,44,6,54,25,29
S01006986,364,196,168,25,18,7,79,38,41,49,33,16,47,8,39,57,54,3,30,1,29,22,4,18,27,25,2,28,15,13
S01006987,333,180,153,31,18,13,69,34,35,50,35,15,36,3,33,41,37,4,25,1,24,25,14,11,17,17,0,39,21,18
S01006988,345,181,164,34,21,13,73,31,42,47,26,21,35,6,29,61,59,2,27,3,24,18,1,17,18,17,1,32,17,15
S01006989,588,327,261,73,56,17,131,67,64,82,48,34,62,10,52,91,80,11,38,3,35,39,12,27,39,33,6,33,18,15
S01006990,519,276,243,69,50,19,126,62,64,81,45,36,76,14,62,74,64,10,28,1,27,21,7,14,26,26,0,18,7,11
S01006991,206,111,95,12,6,6,27,15,12,21,13,8,18,3,15,43,35,8,21,2,19,15,4,11,19,18,1,30,15,15
S01006992,356,208,148,37,26,11,79,36,43,46,33,13,36,5,31,65,59,6,18,2,16,18,7,11,23,20,3,34,20,14
S01006993,313,177,136,17,12,5,33,13,20,55,36,19,32,4,28,85,72,13,25,4,21,11,4,7,20,15,5,35,17,18
S01006994,349,204,145,19,14,5,64,34,30,55,37,18,39,4,35,62,56,6,15,4,11,20,4,16,29,26,3,46,25,21
S01006995,504,281,223,49,34,15,83,42,41,60,38,22,52,5,47,108,90,18,33,6,27,26,6,20,42,34,8,51,26,25
S01006996,427,229,198,41,28,13,44,22,22,52,28,24,51,1,50,91,82,9,33,2,31,24,11,13,40,34,6,51,21,30
S01006997,466,249,217,59,43,16,94,46,48,77,49,28,51,5,46,66,56,10,34,2,32,21,6,15,33,28,5,31,14,17
S01006998,643,347,296,58,37,21,128,54,74,96,60,36,70,9,61,131,121,10,43,5,38,29,8,21,36,30,6,52,23,29
S01006999,508,291,217,34,20,14,65,27,38,53,25,28,47,4,43,156,137,19,33,6,27,19,5,14,39,37,2,62,30,32
S01007000,505,274,231,50,35,15,90,43,47,61,37,24,45,9,36,96,85,11,51,0,51,29,9,20,39,34,5,44,22,22
S01007001,465,234,231,53,31,22,84,35,49,62,39,23,50,6,44,74,65,9,38,2,36,28,4,24,29,28,1,47,24,23
S01007002,302,160,142,27,21,6,53,18,35,30,22,8,32,2,30,59,53,6,28,2,26,11,1,10,24,23,1,38,18,20
S01007003,301,177,124,20,14,6,46,19,27,24,17,7,25,4,21,79,73,6,22,1,21,16,3,13,21,20,1,48,26,22
S01007004,411,228,183,23,17,6,79,34,45,41,22,19,37,3,34,107,97,10,37,4,33,19,5,14,31,28,3,37,18,19
S01007005,517,294,223,44,29,15,119,49,70,60,38,22,48,6,42,107,97,10,35,5,30,21,8,13,42,36,6,41,26,15
S01007006,453,263,190,36,24,12,58,29,29,41,17,24,35,7,28,113,98,15,45,3,42,30,9,21,48,45,3,47,31,16
S01007007,448,261,187,46,21,25,55,24,31,43,27,16,33,1,32,143,123,20,22,3,19,24,7,17,40,36,4,42,19,23
S01007008,506,262,244,29,20,9,56,22,34,43,27,16,44,2,42,105,99,6,67,6,61,35,5,30,56,49,7,71,32,39
S01007009,517,263,254,35,18,17,68,29,39,59,33,26,50,8,42,90,83,7,52,7,45,48,14,34,46,38,8,69,33,36
S01007010,355,179,176,34,26,8,58,22,36,28,14,14,42,5,37,58,54,4,42,5,37,21,2,19,34,29,5,38,22,16
S01007011,405,215,190,31,18,13,33,11,22,26,20,6,35,6,29,86,78,8,51,6,45,36,12,24,52,44,8,55,20,35
S01007012,302,147,155,11,7,4,14,6,8,14,7,7,26,1,25,57,51,6,42,3,39,33,5,28,47,41,6,58,26,32
S01007013,316,183,133,33,23,10,47,20,27,29,16,13,33,3,30,74,71,3,26,3,23,12,3,9,30,24,6,32,20,12
S01007014,578,327,251,63,45,18,83,33,50,62,41,21,61,9,52,128,113,15,47,7,40,38,8,30,47,42,5,49,29,20
S01007015,355,196,159,41,23,18,35,12,23,32,18,14,35,4,31,93,83,10,28,3,25,17,2,15,40,35,5,34,16,18
S01007016,350,209,141,38,29,9,45,23,22,37,23,14,28,4,24,76,71,5,31,2,29,10,2,8,39,33,6,46,22,24
S01007017,494,266,228,20,15,5,43,20,23,37,16,21,45,6,39,107,101,6,55,4,51,30,4,26,68,57,11,89,43,46
S01007018,478,253,225,34,22,12,46,19,27,47,34,13,63,6,57,73,69,4,63,9,54,30,9,21,55,48,7,67,37,30
S01007019,332,186,146,16,6,10,35,13,22,20,12,8,32,9,23,70,67,3,22,1,21,29,7,22,43,39,4,65,32,33
S01007020,385,211,174,36,27,9,50,20,30,25,13,12,33,3,30,77,68,9,27,2,25,32,4,28,56,50,6,49,24,25
S01007021,438,228,210,23,15,8,46,17,29,28,18,10,52,8,44,81,76,5,51,6,45,31,9,22,65,52,13,61,27,34
S01007022,217,111,106,20,13,7,17,5,12,24,15,9,20,3,17,40,37,3,28,3,25,17,3,14,18,17,1,33,15,18
S01007023,231,126,105,24,10,14,19,6,13,23,11,12,16,0,16,60,55,5,24,2,22,11,1,10,29,26,3,25,15,10
S01007024,519,275,244,38,23,15,64,22,42,47,29,18,54,7,47,119,104,15,60,5,55,22,9,13,45,41,4,70,35,35
S01007025,401,209,192,19,11,8,29,11,18,37,18,19,26,4,22,70,64,6,62,5,57,32,6,26,58,57,1,68,33,35
S01007026,386,216,170,33,13,20,45,15,30,33,23,10,29,3,26,81,76,5,34,3,31,24,5,19,55,51,4,52,27,25
S01007027,499,271,228,39,24,15,59,24,35,58,40,18,34,4,30,104,97,7,72,11,61,33,5,28,50,44,6,50,22,28
S01007028,386,218,168,34,23,11,59,24,35,27,18,9,39,6,33,89,73,16,41,8,33,23,8,15,33,30,3,41,28,13
S01007029,291,166,125,15,11,4,33,12,21,21,11,10,21,1,20,102,85,17,20,4,16,17,5,12,18,15,3,44,22,22
S01007030,395,220,175,32,20,12,31,14,17,23,12,11,24,3,21,85,78,7,52,5,47,29,6,23,57,49,8,62,33,29
S01007031,295,170,125,17,9,8,33,13,20,28,16,12,17,6,11,75,63,12,30,5,25,26,9,17,34,28,6,35,21,14
S01007032,437,244,193,35,21,14,57,21,36,52,29,23,32,5,27,78,76,2,65,17,48,27,7,20,41,38,3,50,30,20
S01007033,356,190,166,15,12,3,23,11,12,31,20,11,29,1,28,75,69,6,70,9,61,24,5,19,44,41,3,45,22,23
S01007034,302,163,139,17,7,10,35,16,19,44,32,12,20,4,16,43,41,2,54,11,43,24,5,19,28,24,4,37,23,14
S01007035,347,168,179,21,12,9,13,5,8,20,8,12,10,2,8,67,61,6,77,11,66,27,4,23,35,31,4,77,34,43
S01007036,433,232,201,47,30,17,67,29,38,44,28,16,29,4,25,80,73,7,55,6,49,24,4,20,39,39,0,48,19,29
S01007037,504,251,253,22,7,15,28,2,26,41,28,13,40,4,36,112,103,9,68,6,62,45,10,35,64,56,8,84,35,49
S01007038,392,219,173,28,17,11,35,9,26,31,23,8,35,5,30,90,81,9,49,10,39,27,6,21,52,45,7,45,23,22
S01007039,402,215,187,22,15,7,33,13,20,40,24,16,40,5,35,89,81,8,59,3,56,18,4,14,45,41,4,56,29,27
S01007040,299,151,148,14,6,8,23,11,12,14,7,7,22,0,22,62,57,5,62,13,49,25,2,23,37,32,5,40,23,17
S01007041,370,210,160,23,12,11,33,17,16,37,25,12,33,6,27,79,77,2,51,9,42,26,6,20,36,32,4,52,26,26
S01007042,344,196,148,23,16,7,36,17,19,24,13,11,32,6,26,82,76,6,35,3,32,26,9,17,52,41,11,34,15,19
S01007043,580,333,247,43,24,19,90,37,53,60,36,24,45,3,42,149,134,15,47,5,42,28,7,21,47,41,6,71,46,25
S01007044,310,171,139,22,13,9,36,11,25,37,22,15,25,2,23,88,81,7,36,4,32,16,5,11,26,21,5,24,12,12
S01007045,425,231,194,38,26,12,62,27,35,40,28,12,38,1,37,118,93,25,46,3,43,15,6,9,35,31,4,33,16,17
S01007046,322,183,139,23,14,9,39,12,27,29,22,7,32,2,30,68,62,6,26,4,22,28,10,18,39,33,6,38,24,14
S01007047,359,200,159,30,20,10,45,18,27,40,26,14,34,2,32,106,93,13,21,0,21,20,3,17,25,22,3,38,16,22
S01007048,505,305,200,17,13,4,53,27,26,57,34,23,41,4,37,155,138,17,50,7,43,28,7,21,60,50,10,44,25,19
S01007049,462,250,212,29,14,15,38,15,23,34,26,8,43,6,37,101,92,9,46,3,43,28,7,21,62,49,13,81,38,43
S01007050,318,178,140,30,20,10,32,16,16,37,20,17,25,4,21,78,71,7,24,0,24,15,2,13,37,28,9,40,17,23
S01007051,422,225,197,26,14,12,49,15,34,46,32,14,41,5,36,106,101,5,46,5,41,32,8,24,28,26,2,48,19,29
S01007052,303,170,133,24,14,10,32,12,20,29,21,8,34,6,28,68,61,7,24,2,22,16,4,12,43,36,7,33,14,19
S01007053,263,150,113,25,13,12,38,18,20,27,16,11,23,2,21,73,64,9,19,1,18,16,4,12,26,24,2,16,8,8
S01007054,475,259,216,26,16,10,47,17,30,50,26,24,37,7,30,113,100,13,44,5,39,32,8,24,58,51,7,68,29,39
S01007055,307,177,130,27,15,12,44,20,24,26,15,11,28,2,26,84,76,8,21,2,19,18,3,15,23,21,2,36,23,13
S01007056,352,206,146,35,27,8,57,31,26,43,30,13,32,5,27,85,75,10,31,3,28,21,0,21,16,15,1,32,20,12
S01007057,237,127,110,18,10,8,30,11,19,34,26,8,33,6,27,49,44,5,20,0,20,12,0,12,18,16,2,23,14,9
S01007058,257,136,121,12,9,3,22,11,11,30,21,9,31,2,29,57,50,7,19,1,18,23,4,19,33,26,7,30,12,18
S01007059,485,266,219,36,23,13,59,26,33,79,56,23,48,8,40,93,84,9,52,8,44,29,6,23,37,34,3,52,21,31
S01007060,280,137,143,19,8,11,13,6,7,19,10,9,21,2,19,53,49,4,36,4,32,39,10,29,34,31,3,46,17,29
S01007061,554,304,250,63,42,21,103,47,56,77,46,31,66,6,60,119,102,17,33,4,29,25,5,20,32,31,1,36,21,15
S01007062,405,228,177,48,31,17,72,33,39,41,18,23,46,6,40,104,89,15,28,4,24,12,8,4,36,29,7,18,10,8
S01007063,349,183,166,19,13,6,50,20,30,34,19,15,33,6,27,75,70,5,38,3,35,19,4,15,43,34,9,38,14,24
S01007064,379,205,174,41,29,12,60,30,30,44,30,14,37,2,35,84,70,14,30,2,28,15,1,14,34,28,6,34,13,21
S01007065,319,176,143,36,22,14,60,31,29,43,29,14,27,4,23,59,49,10,22,1,21,17,2,15,32,28,4,23,10,13
S01007066,370,219,151,44,27,17,55,27,28,37,22,15,31,3,28,98,85,13,28,6,22,14,7,7,29,26,3,34,16,18
S01007067,319,188,131,26,20,6,42,18,24,49,29,20,43,11,32,52,50,2,25,2,23,22,7,15,41,40,1,19,11,8
S01007068,359,194,165,41,24,17,50,18,32,48,38,10,29,4,25,51,46,5,34,7,27,18,4,14,45,39,6,43,14,29
S01007069,411,236,175,35,24,11,28,12,16,61,46,15,41,6,35,62,58,4,37,6,31,34,7,27,63,50,13,50,27,23
S01007070,264,142,122,11,6,5,22,8,14,28,17,11,29,10,19,50,47,3,33,4,29,19,3,16,25,19,6,47,28,19
S01007071,481,261,220,33,24,9,66,29,37,66,40,26,45,11,34,80,71,9,54,4,50,34,8,26,42,38,4,61,36,25
S01007072,381,205,176,47,32,15,30,13,17,44,34,10,52,9,43,78,63,15,23,3,20,33,3,30,34,30,4,40,18,22
S01007073,500,288,212,44,27,17,47,20,27,76,53,23,53,9,44,88,83,5,43,4,39,40,11,29,53,50,3,56,31,25
S01007074,362,185,177,12,9,3,36,16,20,29,19,10,31,5,26,73,67,6,47,3,44,35,9,26,33,23,10,66,34,32
S01007075,377,192,185,15,4,11,24,13,11,27,19,8,40,9,31,67,59,8,31,6,25,43,6,37,45,34,11,85,42,43
S01007076,414,224,190,18,8,10,27,13,14,41,30,11,47,15,32,57,53,4,44,4,40,44,7,37,61,57,4,75,37,38
S01007077,357,183,174,16,9,7,37,12,25,32,22,10,45,8,37,56,50,6,35,2,33,30,5,25,49,46,3,57,29,28
S01007078,394,205,189,31,24,7,32,15,17,35,25,10,36,6,30,56,48,8,43,2,41,34,5,29,54,44,10,73,36,37
S01007079,449,257,192,30,17,13,53,27,26,34,21,13,33,8,25,86,74,12,54,8,46,22,4,18,63,56,7,74,42,32
S01007080,349,182,167,23,18,5,20,8,12,38,28,10,38,10,28,60,51,9,39,2,37,31,6,25,47,35,12,53,24,29
S01007081,464,255,209,28,20,8,26,9,17,31,19,12,29,9,20,125,94,31,31,3,28,50,9,41,62,52,10,82,40,42
S01007082,275,137,138,11,6,5,20,7,13,28,16,12,13,1,12,51,41,10,27,2,25,18,1,17,41,30,11,66,33,33
S01007083,393,225,168,13,7,6,12,7,5,30,19,11,28,7,21,87,76,11,28,5,23,40,15,25,67,47,20,88,42,46
S01007084,290,152,138,22,14,8,29,13,16,33,20,13,38,5,33,64,55,9,23,2,21,17,4,13,25,19,6,39,20,19
S01007085,444,248,196,31,20,11,45,20,25,53,39,14,30,6,24,74,59,15,42,4,38,26,7,19,57,40,17,86,53,33
S01007086,570,308,262,21,14,7,26,12,14,50,31,19,25,6,19,97,75,22,50,10,40,50,11,39,96,69,27,155,80,75
S01007087,447,245,202,15,8,7,32,16,16,26,17,9,18,8,10,74,60,14,44,8,36,39,10,29,98,68,30,101,50,51
S01007088,228,121,107,8,6,2,15,7,8,10,7,3,15,3,12,55,40,15,27,2,25,16,5,11,38,28,10,44,23,21
S01007089,274,156,118,31,22,9,34,14,20,36,25,11,32,4,28,49,45,4,22,4,18,24,6,18,24,22,2,22,14,8
S01007090,332,189,143,25,22,3,26,10,16,41,33,8,50,7,43,65,60,5,37,2,35,23,4,19,31,28,3,34,23,11
S01007091,416,211,205,24,13,11,36,11,25,49,33,16,44,8,36,68,64,4,49,6,43,49,8,41,48,44,4,49,24,25
S01007092,289,138,151,13,7,6,21,5,16,28,19,9,25,6,19,54,49,5,35,4,31,29,2,27,35,25,10,49,21,28
S01007093,537,293,244,29,22,7,74,35,39,65,46,19,82,12,70,93,90,3,43,1,42,33,7,26,54,47,7,64,33,31
S01007094,484,267,217,35,22,13,38,16,22,72,49,23,53,6,47,94,87,7,46,7,39,35,4,31,59,54,5,52,22,30
S01007095,291,164,127,31,16,15,48,20,28,34,25,9,24,2,22,68,61,7,22,1,21,11,1,10,24,22,2,29,16,13
S01007096,464,258,206,37,25,12,82,39,43,55,29,26,56,12,44,93,84,9,34,4,30,25,6,19,51,48,3,31,11,20
S01007097,281,157,124,23,14,9,40,18,22,31,18,13,32,2,30,64,60,4,26,5,21,18,3,15,26,24,2,21,13,8
S01007098,447,246,201,58,36,22,57,19,38,63,40,23,51,4,47,94,90,4,37,5,32,22,6,16,41,34,7,24,12,12
S01007099,487,276,211,54,33,21,47,15,32,63,44,19,52,6,46,116,107,9,47,7,40,32,9,23,41,35,6,35,20,15
S01007100,389,223,166,30,22,8,56,21,35,44,30,14,34,7,27,70,65,5,36,3,33,23,4,19,46,41,5,50,30,20
S01007101,393,211,182,23,14,9,27,10,17,43,26,17,24,4,20,77,68,9,50,7,43,28,5,23,60,53,7,61,24,37
S01007102,367,202,165,30,14,16,44,19,25,36,23,13,33,6,27,83,71,12,31,2,29,16,3,13,52,43,9,42,21,21
S01007103,418,233,185,22,17,5,35,13,22,45,32,13,41,4,37,99,95,4,52,5,47,24,2,22,44,42,2,56,23,33
S01007104,240,134,106,29,14,15,25,14,11,20,10,10,17,0,17,62,51,11,22,4,18,6,1,5,22,21,1,37,19,18
S01007105,246,134,112,11,6,5,33,19,14,35,21,14,21,2,19,54,50,4,20,1,19,28,3,25,27,26,1,17,6,11
S01007106,333,186,147,15,12,3,34,10,24,42,31,11,34,5,29,77,69,8,28,5,23,16,5,11,35,32,3,52,17,35
S01007107,358,204,154,41,30,11,33,13,20,45,27,18,37,2,35,77,72,5,28,1,27,16,4,12,35,30,5,46,25,21
S01007108,301,168,133,28,20,8,29,13,16,33,17,16,23,0,23,87,72,15,27,4,23,17,1,16,26,24,2,31,17,14
S01007109,376,208,168,32,18,14,16,12,4,26,16,10,30,5,25,75,63,12,41,4,37,18,2,16,64,54,10,74,34,40
S01007110,369,196,173,38,22,16,25,10,15,42,31,11,34,5,29,84,76,8,33,2,31,24,1,23,43,37,6,46,12,34
S01007111,254,143,111,18,10,8,21,11,10,22,13,9,28,5,23,57,53,4,24,5,19,26,6,20,26,23,3,32,17,15
S01007112,284,163,121,26,17,9,32,14,18,26,20,6,33,4,29,68,64,4,21,1,20,19,3,16,31,25,6,28,15,13
S01007113,257,149,108,30,17,13,46,25,21,25,16,9,19,5,14,44,40,4,16,6,10,17,5,12,32,25,7,28,10,18
S01007114,454,249,205,19,10,9,45,23,22,48,34,14,40,9,31,96,85,11,52,7,45,38,6,32,55,48,7,61,27,34
S01007115,316,178,138,20,10,10,25,14,11,41,31,10,34,3,31,62,58,4,26,2,24,29,5,24,43,39,4,36,16,20
S01007116,533,299,234,48,34,14,79,36,43,55,43,12,62,7,55,109,98,11,42,3,39,43,11,32,60,55,5,35,12,23
S01007117,246,137,109,19,14,5,31,14,17,32,25,7,25,1,24,51,48,3,22,2,20,24,5,19,20,16,4,22,12,10
S01007118,334,167,167,11,6,5,18,8,10,27,18,9,22,3,19,65,55,10,37,1,36,33,6,27,52,40,12,69,30,39
S01007119,394,210,184,19,8,11,14,9,5,29,18,11,24,5,19,98,85,13,37,6,31,36,6,30,60,46,14,77,27,50
S01007120,539,290,249,17,8,9,25,10,15,44,29,15,31,4,27,98,76,22,52,6,46,39,7,32,116,89,27,117,61,56
S01007121,210,121,89,7,4,3,10,6,4,17,12,5,13,3,10,38,35,3,11,1,10,15,4,11,45,34,11,54,22,32
S01007122,299,159,140,11,8,3,41,17,24,38,29,9,29,5,24,58,54,4,29,5,24,24,6,18,33,23,10,36,12,24
S01007123,310,177,133,17,9,8,19,8,11,28,22,6,24,3,21,57,50,7,25,5,20,25,8,17,51,41,10,64,31,33
S01007124,473,261,212,28,17,11,45,20,25,36,22,14,44,7,37,104,99,5,41,4,37,41,5,36,64,50,14,70,37,33
S01007125,382,211,171,17,10,7,30,18,12,23,16,7,19,5,14,82,73,9,32,2,30,32,5,27,66,50,16,81,32,49
S01007126,407,207,200,5,2,3,14,7,7,23,15,8,14,3,11,80,65,15,30,3,27,22,4,18,86,55,31,133,53,80
S01007127,541,299,242,14,9,5,31,16,15,28,20,8,18,3,15,101,83,18,40,13,27,23,6,17,127,73,54,159,76,83
S01007128,355,187,168,10,7,3,23,11,12,39,26,13,13,2,11,73,55,18,32,5,27,36,7,29,59,48,11,70,26,44
S01007129,503,258,245,69,43,26,170,82,88,80,45,35,58,9,49,37,34,3,26,6,20,25,9,16,15,14,1,23,16,7
S01007130,312,156,156,23,15,8,74,32,42,49,28,21,39,5,34,33,31,2,19,3,16,32,14,18,19,17,2,24,11,13
S01007131,401,199,202,35,19,16,92,30,62,61,39,22,47,13,34,56,52,4,28,3,25,32,13,19,19,18,1,31,12,19
S01007132,362,178,184,23,16,7,78,30,48,50,32,18,57,8,49,40,39,1,25,4,21,40,13,27,25,25,0,24,11,13
S01007133,371,188,183,31,16,15,81,33,48,41,25,16,39,6,33,66,54,12,26,3,23,25,4,21,34,33,1,28,14,14
S01007134,391,202,189,37,25,12,80,27,53,37,22,15,45,5,40,70,67,3,33,3,30,21,7,14,33,29,4,35,17,18
S01007135,281,148,133,32,21,11,83,34,49,40,28,12,31,6,25,29,27,2,16,1,15,11,2,9,13,13,0,26,16,10
S01007136,280,142,138,43,27,16,82,35,47,45,29,16,34,5,29,35,29,6,10,1,9,9,2,7,7,6,1,15,8,7
S01007137,418,228,190,56,44,12,113,51,62,73,43,30,45,5,40,28,28,0,34,8,26,26,10,16,28,28,0,15,11,4
S01007138,320,165,155,36,26,10,68,22,46,48,26,22,39,6,33,44,41,3,19,2,17,15,5,10,30,27,3,21,10,11
S01007139,384,198,186,39,27,12,64,25,39,41,24,17,46,5,41,72,60,12,35,3,32,26,5,21,31,29,2,30,20,10
S01007140,496,265,231,54,41,13,104,36,68,85,52,33,50,10,40,68,58,10,31,2,29,26,11,15,33,27,6,45,28,17
S01007141,357,193,164,41,28,13,69,21,48,47,24,23,37,5,32,69,64,5,25,3,22,16,5,11,29,29,0,24,14,10
S01007142,305,156,149,39,33,6,76,31,45,65,41,24,33,5,28,16,14,2,26,5,21,28,11,17,11,11,0,11,5,6
S01007143,368,188,180,35,25,10,90,31,59,64,36,28,44,11,33,51,47,4,31,3,28,18,7,11,18,18,0,17,10,7
S01007144,372,196,176,43,25,18,60,25,35,38,22,16,30,4,26,72,58,14,35,6,29,17,7,10,28,24,4,49,25,24
S01007145,392,200,192,30,19,11,89,37,52,54,25,29,45,10,35,51,50,1,37,7,30,36,14,22,22,22,0,28,16,12
S01007146,329,169,160,35,26,9,78,27,51,44,32,12,40,8,32,34,28,6,22,3,19,27,11,16,27,21,6,22,13,9
S01007147,348,175,173,26,18,8,67,30,37,51,33,18,50,7,43,42,39,3,28,5,23,37,10,27,21,21,0,26,12,14
S01007148,272,135,137,25,15,10,59,28,31,39,22,17,37,4,33,28,25,3,25,6,19,23,8,15,20,19,1,16,8,8
S01007149,257,131,126,23,13,10,36,15,21,43,25,18,43,12,31,29,26,3,24,6,18,18,6,12,14,10,4,27,18,9
S01007150,280,158,122,27,22,5,68,30,38,43,31,12,32,7,25,27,23,4,23,6,17,24,12,12,14,13,1,22,14,8
S01007151,442,226,216,39,25,14,114,53,61,65,44,21,46,5,41,54,53,1,37,2,35,35,13,22,16,14,2,36,17,19
S01007152,266,132,134,26,18,8,64,23,41,47,25,22,31,9,22,29,26,3,21,4,17,24,10,14,10,9,1,14,8,6
S01007153,293,148,145,32,22,10,59,20,39,44,30,14,44,12,32,35,32,3,21,1,20,20,6,14,20,17,3,18,8,10
S01007154,328,160,168,22,11,11,60,25,35,58,27,31,37,9,28,41,41,0,35,4,31,30,12,18,20,19,1,25,12,13
S01007155,289,151,138,30,18,12,66,22,44,42,30,12,37,9,28,32,31,1,25,4,21,22,12,10,13,11,2,22,14,8
S01007156,358,192,166,17,12,5,50,17,33,52,29,23,44,5,39,61,58,3,32,4,28,32,10,22,33,32,1,37,25,12
S01007157,338,168,170,21,4,17,36,10,26,42,26,16,41,6,35,56,49,7,43,7,36,25,11,14,34,32,2,40,23,17
S01007158,503,268,235,40,31,9,75,26,49,79,45,34,66,14,52,60,55,5,47,9,38,45,18,27,49,46,3,42,24,18
S01007159,396,197,199,28,16,12,41,16,25,38,22,16,40,13,27,62,57,5,49,2,47,40,12,28,43,37,6,55,22,33
S01007160,356,174,182,18,14,4,45,15,30,44,19,25,44,8,36,55,47,8,53,8,45,28,8,20,38,38,0,31,17,14
S01007161,322,156,166,29,17,12,48,15,33,49,29,20,38,8,30,51,44,7,41,5,36,19,8,11,20,16,4,27,14,13
S01007162,237,115,122,17,9,8,44,17,27,39,19,20,20,9,11,28,25,3,24,1,23,26,8,18,11,11,0,28,16,12
S01007163,388,181,207,35,21,14,70,31,39,63,35,28,43,3,40,39,35,4,44,5,39,27,6,21,25,23,2,42,22,20
S01007164,260,119,141,12,7,5,56,20,36,45,22,23,28,5,23,38,36,2,24,3,21,23,4,19,15,15,0,19,7,12
S01007165,384,204,180,41,25,16,94,35,59,62,38,24,41,8,33,65,61,4,19,2,17,20,6,14,21,21,0,21,8,13
S01007166,303,161,142,19,14,5,69,29,40,52,34,18,40,8,32,36,35,1,20,4,16,23,6,17,17,14,3,27,17,10
S01007167,399,200,199,39,24,15,71,32,39,65,44,21,61,11,50,40,38,2,33,3,30,29,8,21,22,20,2,39,20,19
S01007168,500,260,240,43,30,13,118,52,66,68,45,23,70,14,56,50,45,5,43,12,31,42,17,25,25,23,2,41,22,19
S01007169,367,186,181,32,19,13,71,30,41,51,30,21,48,7,41,38,35,3,35,7,28,41,22,19,30,29,1,21,7,14
S01007170,352,188,164,41,21,20,55,18,37,38,14,24,32,4,28,82,78,4,21,2,19,20,6,14,27,25,2,36,20,16
S01007171,504,309,195,54,32,22,42,17,25,98,75,23,31,4,27,92,79,13,24,5,19,34,8,26,45,35,10,84,54,30
S01007172,362,202,160,48,33,15,75,39,36,43,25,18,31,1,30,54,45,9,32,6,26,18,4,14,27,25,2,34,24,10
S01007173,488,251,237,27,16,11,60,26,34,93,57,36,64,10,54,74,68,6,44,9,35,47,9,38,47,37,10,32,19,13
S01007174,423,224,199,42,26,16,48,16,32,58,35,23,54,13,41,69,62,7,35,5,30,26,11,15,46,39,7,45,17,28
S01007175,268,141,127,17,11,6,25,9,16,54,33,21,23,2,21,50,43,7,25,5,20,14,3,11,23,21,2,37,14,23
S01007176,319,176,143,15,9,6,34,17,17,72,55,17,31,5,26,37,33,4,36,7,29,29,5,24,32,24,8,33,21,12
S01007177,252,127,125,16,6,10,17,9,8,34,20,14,23,2,21,36,34,2,33,8,25,30,12,18,23,20,3,40,16,24
S01007178,453,226,227,31,15,16,27,11,16,44,27,17,43,9,34,66,55,11,75,19,56,31,8,23,64,47,17,72,35,37
S01007179,488,250,238,51,29,22,95,34,61,74,55,19,60,10,50,59,48,11,41,4,37,35,10,25,45,43,2,28,17,11
S01007180,309,155,154,33,24,9,57,23,34,44,26,18,48,5,43,38,35,3,21,6,15,24,7,17,16,14,2,28,15,13
S01007181,349,184,165,48,29,19,66,25,41,65,43,22,41,11,30,43,39,4,25,3,22,21,8,13,22,21,1,18,5,13
S01007182,501,250,251,42,23,19,87,40,47,69,38,31,55,6,49,63,58,5,41,8,33,43,12,31,55,44,11,46,21,25
S01007183,488,252,236,32,19,13,56,27,29,57,27,30,58,6,52,93,87,6,62,9,53,28,10,18,47,38,9,55,29,26
S01007184,485,236,249,24,11,13,55,20,35,56,35,21,63,9,54,79,72,7,44,7,37,41,9,32,52,42,10,71,31,40
S01007185,337,169,168,20,11,9,27,15,12,40,22,18,37,9,28,51,46,5,50,8,42,23,5,18,26,17,9,63,36,27
S01007186,256,128,128,13,7,6,15,5,10,26,13,13,22,3,19,40,34,6,34,5,29,20,4,16,35,29,6,51,28,23
S01007187,367,193,174,41,25,16,28,15,13,43,20,23,29,5,24,62,54,8,41,13,28,31,8,23,31,23,8,61,30,31
S01007188,321,171,150,26,14,12,26,9,17,39,21,18,23,5,18,64,56,8,31,3,28,23,7,16,45,33,12,44,23,21
S01007189,300,155,145,17,8,9,19,6,13,42,24,18,28,9,19,53,47,6,40,5,35,28,10,18,28,24,4,45,22,23
S01007190,346,184,162,19,10,9,29,14,15,53,28,25,29,9,20,67,63,4,40,7,33,27,8,19,31,25,6,51,20,31
S01007191,301,154,147,19,9,10,22,13,9,25,14,11,21,3,18,50,42,8,35,6,29,24,3,21,42,36,6,63,28,35
S01007192,269,133,136,15,10,5,22,8,14,16,5,11,16,2,14,45,43,2,35,4,31,39,11,28,28,24,4,53,26,27
S01007193,337,179,158,13,5,8,25,9,16,31,17,14,23,4,19,70,63,7,42,6,36,22,6,16,37,35,2,74,34,40
S01007194,223,107,116,11,5,6,9,4,5,22,10,12,13,4,9,33,28,5,32,4,28,26,7,19,27,25,2,50,20,30
S01007195,220,108,112,18,15,3,15,7,8,24,12,12,13,2,11,35,28,7,24,3,21,26,7,19,21,15,6,44,19,25
S01007196,315,163,152,12,7,5,23,9,14,44,20,24,31,8,23,58,52,6,34,4,30,33,7,26,35,31,4,45,25,20
S01007197,241,119,122,9,5,4,19,6,13,19,7,12,19,2,17,52,49,3,21,2,19,17,3,14,30,23,7,55,22,33
S01007198,211,105,106,17,11,6,14,6,8,26,16,10,15,2,13,36,32,4,23,3,20,22,3,19,19,17,2,39,15,24
S01007199,297,142,155,12,5,7,18,6,12,17,6,11,29,7,22,47,44,3,28,7,21,36,5,31,42,33,9,68,29,39
S01007200,440,224,216,24,12,12,36,19,17,50,23,27,47,5,42,87,81,6,42,6,36,45,9,36,49,41,8,60,28,32
S01007201,321,176,145,24,11,13,36,15,21,37,20,17,40,6,34,56,53,3,28,3,25,22,10,12,45,41,4,33,17,16
S01007202,333,181,152,14,7,7,23,10,13,42,25,17,28,6,22,66,60,6,40,8,32,37,9,28,39,33,6,44,23,21
S01007203,318,159,159,22,12,10,26,9,17,45,25,20,36,7,29,48,45,3,25,5,20,39,9,30,31,26,5,46,21,25
S01007204,511,265,246,56,29,27,79,28,51,67,34,33,50,6,44,98,87,11,35,5,30,27,7,20,47,44,3,52,25,27
S01007205,332,176,156,27,15,12,59,27,32,42,26,16,37,7,30,55,51,4,23,1,22,22,4,18,29,27,2,38,18,20
S01007206,179,98,81,7,3,4,24,7,17,26,18,8,15,3,12,35,29,6,10,0,10,19,6,13,23,22,1,20,10,10
S01007207,451,238,213,37,20,17,53,28,25,54,32,22,58,5,53,76,70,6,40,9,31,45,11,34,39,35,4,49,28,21
S01007208,438,236,202,32,16,16,46,27,19,44,27,17,46,13,33,81,71,10,54,7,47,34,9,25,35,35,0,66,31,35
S01007209,359,198,161,31,20,11,54,33,21,46,29,17,34,4,30,49,43,6,42,10,32,33,10,23,26,25,1,44,24,20
S01007210,372,198,174,24,10,14,31,9,22,38,23,15,31,9,22,64,55,9,36,6,30,38,13,25,47,42,5,63,31,32
S01007211,411,218,193,25,18,7,35,15,20,53,29,24,30,5,25,65,60,5,46,8,38,39,9,30,49,42,7,69,32,37
S01007212,275,150,125,18,8,10,25,9,16,49,35,14,34,7,27,44,41,3,30,6,24,21,7,14,26,24,2,28,13,15
S01007213,393,208,185,33,20,13,79,33,46,45,30,15,29,4,25,49,48,1,43,6,37,24,6,18,38,33,5,53,28,25
S01007214,321,159,162,22,7,15,38,19,19,32,17,15,33,5,28,48,44,4,33,6,27,26,7,19,32,29,3,57,25,32
S01007215,371,192,179,18,10,8,39,13,26,60,35,25,31,4,27,58,54,4,45,5,40,29,10,19,47,44,3,44,17,27
S01007216,349,187,162,30,16,14,50,26,24,55,35,20,36,9,27,50,47,3,39,5,34,29,6,23,29,27,2,31,16,15
S01007217,437,221,216,24,15,9,42,22,20,47,25,22,40,4,36,63,58,5,45,10,35,48,9,39,46,43,3,82,35,47
S01007218,429,244,185,36,21,15,80,39,41,60,40,20,47,9,38,61,56,5,36,6,30,29,10,19,46,45,1,34,18,16
S01007219,379,196,183,31,23,8,30,12,18,49,26,23,42,7,35,68,63,5,48,4,44,26,5,21,34,30,4,51,26,25
S01007220,337,179,158,13,8,5,24,7,17,41,26,15,30,4,26,49,47,2,34,7,27,40,11,29,45,44,1,61,25,36
S01007221,303,165,138,28,24,4,74,38,36,53,28,25,39,7,32,43,38,5,17,0,17,16,3,13,24,23,1,9,4,5
S01007222,389,213,176,37,23,14,36,16,20,42,27,15,33,6,27,61,54,7,38,4,34,44,13,31,40,38,2,58,32,26
S01007223,267,152,115,29,15,14,52,24,28,46,31,15,24,4,20,38,37,1,22,5,17,15,6,9,25,22,3,16,8,8
S01007224,274,143,131,30,17,13,52,21,31,31,24,7,24,4,20,35,28,7,30,5,25,15,4,11,27,26,1,30,14,16
S01007225,473,258,215,58,33,25,77,33,44,65,34,31,40,5,35,80,76,4,39,5,34,18,5,13,42,39,3,54,28,26
S01007226,424,237,187,41,28,13,73,32,41,54,32,22,39,2,37,93,80,13,31,4,27,21,9,12,25,23,2,47,27,20
S01007227,452,231,221,39,21,18,63,31,32,59,28,31,43,3,40,71,63,8,46,12,34,36,11,25,44,38,6,51,24,27
S01007228,324,182,142,31,23,8,55,20,35,29,19,10,34,5,29,78,64,14,26,7,19,13,2,11,24,20,4,34,22,12
S01007229,601,342,259,69,44,25,81,38,43,72,37,35,54,8,46,123,112,11,60,8,52,35,15,20,49,44,5,58,36,22
S01007230,314,166,148,18,10,8,15,4,11,18,5,13,26,7,19,59,53,6,34,2,32,24,7,17,39,34,5,81,44,37
S01007231,272,149,123,13,6,7,15,7,8,16,10,6,20,3,17,65,54,11,26,2,24,19,5,14,39,28,11,59,34,25
S01007232,300,152,148,13,6,7,16,7,9,19,11,8,33,9,24,50,41,9,42,7,35,25,8,17,45,38,7,57,25,32
S01007233,387,208,179,26,15,11,53,20,33,35,20,15,32,5,27,76,72,4,31,1,30,31,10,21,49,37,12,54,28,26
S01007234,270,136,134,22,16,6,27,12,15,33,12,21,13,2,11,36,31,5,35,3,32,23,7,16,43,38,5,38,15,23
S01007235,360,193,167,25,16,9,35,11,24,40,28,12,31,7,24,65,51,14,31,3,28,46,14,32,45,37,8,42,26,16
S01007236,312,163,149,23,17,6,36,14,22,39,22,17,36,5,31,44,40,4,38,5,33,29,12,17,37,33,4,30,15,15
S01007237,358,189,169,22,18,4,42,17,25,41,26,15,51,6,45,55,48,7,39,3,36,28,9,19,49,42,7,31,20,11
S01007238,459,236,223,37,18,19,56,21,35,52,27,25,50,8,42,64,55,9,44,7,37,38,17,21,55,49,6,63,34,29
S01007239,358,199,159,43,30,13,72,31,41,48,36,12,46,5,41,49,45,4,26,3,23,22,6,16,32,30,2,20,13,7
S01007240,291,163,128,31,18,13,29,16,13,30,19,11,29,2,27,57,52,5,38,5,33,21,9,12,25,22,3,31,20,11
S01007241,343,188,155,32,18,14,60,23,37,45,24,21,33,10,23,75,64,11,29,4,25,14,4,10,18,18,0,37,23,14
S01007242,466,233,233,32,20,12,70,22,48,75,44,31,51,6,45,75,68,7,42,5,37,38,15,23,30,26,4,53,27,26
S01007243,290,159,131,32,20,12,59,23,36,43,29,14,31,5,26,44,36,8,21,3,18,15,8,7,23,19,4,22,16,6
S01007244,352,189,163,40,24,16,50,22,28,47,27,20,38,6,32,60,51,9,31,4,27,15,8,7,35,29,6,36,18,18
S01007245,349,191,158,27,16,11,39,14,25,41,21,20,40,5,35,67,60,7,33,7,26,28,8,20,35,33,2,39,27,12
S01007246,304,172,132,27,18,9,41,13,28,27,17,10,37,1,36,73,66,7,19,3,16,16,3,13,33,29,4,31,22,9
S01007247,337,169,168,39,20,19,65,20,45,35,19,16,27,4,23,58,50,8,36,7,29,12,3,9,28,24,4,37,22,15
S01007248,354,192,162,47,30,17,63,26,37,51,40,11,50,9,41,45,44,1,23,2,21,31,11,20,24,22,2,20,8,12
S01007249,177,92,85,17,13,4,31,16,15,29,14,15,30,6,24,16,14,2,11,1,10,17,4,13,13,13,0,13,11,2
S01007250,456,235,221,31,21,10,47,18,29,73,37,36,51,6,45,77,72,5,45,9,36,44,12,32,41,32,9,47,28,19
S01007251,232,113,119,20,13,7,18,4,14,29,13,16,31,4,27,36,33,3,23,2,21,23,6,17,20,18,2,32,20,12
S01007252,399,223,176,20,14,6,40,16,24,39,21,18,56,8,48,88,76,12,37,9,28,30,12,18,38,37,1,51,30,21
S01007253,380,197,183,29,20,9,59,19,40,61,33,28,47,10,37,54,49,5,28,5,23,24,7,17,39,36,3,39,18,21
S01007254,343,172,171,19,17,2,35,15,20,28,16,12,42,4,38,61,52,9,36,5,31,36,11,25,26,22,4,60,30,30
S01007255,338,175,163,14,10,4,28,9,19,29,17,12,27,4,23,59,53,6,40,2,38,31,10,21,36,30,6,74,40,34
S01007256,391,203,188,19,7,12,37,15,22,42,22,20,28,3,25,84,75,9,33,6,27,34,8,26,49,42,7,65,25,40
S01007257,281,155,126,20,9,11,16,7,9,26,14,12,20,4,16,52,45,7,20,3,17,33,12,21,40,32,8,54,29,25
S01007258,381,200,181,31,21,10,45,14,31,46,27,19,38,3,35,57,53,4,35,9,26,32,12,20,43,35,8,54,26,28
S01007259,379,194,185,20,10,10,25,12,13,36,15,21,39,3,36,69,64,5,41,6,35,36,13,23,46,42,4,67,29,38
S01007260,409,208,201,16,8,8,26,9,17,39,23,16,39,3,36,78,67,11,43,2,41,31,7,24,57,51,6,80,38,42
S01007261,374,199,175,43,26,17,48,17,31,56,37,19,32,6,26,54,50,4,34,6,28,36,11,25,33,27,6,38,19,19
S01007262,343,171,172,16,6,10,31,10,21,24,10,14,31,7,24,51,46,5,40,4,36,29,8,21,62,53,9,59,27,32
S01007263,369,193,176,17,12,5,25,7,18,38,19,19,40,12,28,51,47,4,43,3,40,40,14,26,61,50,11,54,29,25
S01007264,350,194,156,25,18,7,49,24,25,39,25,14,28,6,22,57,46,11,32,2,30,33,11,22,39,31,8,48,31,17
S01007265,519,266,253,38,26,12,44,15,29,48,25,23,61,6,55,78,68,10,57,12,45,52,14,38,59,51,8,82,49,33
S01007266,367,196,171,17,9,8,62,26,36,45,28,17,35,2,33,62,54,8,33,1,32,32,12,20,39,37,2,42,27,15
S01007267,290,170,120,18,11,7,63,34,29,31,17,14,26,4,22,73,67,6,21,1,20,11,3,8,20,19,1,27,14,13
S01007268,312,170,142,35,23,12,58,26,32,41,19,22,30,1,29,65,62,3,22,3,19,11,3,8,21,20,1,29,13,16
S01007269,241,126,115,34,19,15,45,21,24,26,14,12,22,1,21,40,35,5,22,4,18,14,8,6,19,16,3,19,8,11
S01007270,264,141,123,21,12,9,40,13,27,33,17,16,24,3,21,72,62,10,21,2,19,11,3,8,20,15,5,22,14,8
S01007271,487,263,224,46,25,21,69,30,39,54,30,24,49,7,42,92,84,8,46,8,38,31,8,23,53,44,9,47,27,20
S01007272,360,183,177,15,10,5,25,8,17,42,21,21,30,8,22,66,57,9,44,6,38,23,4,19,52,43,9,63,26,37
S01007273,319,169,150,23,18,5,43,17,26,32,20,12,46,8,38,41,35,6,31,3,28,18,8,10,34,27,7,51,33,18
S01007274,390,207,183,31,19,12,64,29,35,52,29,23,33,4,29,58,56,2,42,11,31,26,7,19,40,32,8,44,20,24
S01007275,248,129,119,22,12,10,62,26,36,35,22,13,20,7,13,28,24,4,19,2,17,20,9,11,22,18,4,20,9,11
S01007276,387,206,181,28,23,5,59,26,33,45,26,19,48,9,39,62,58,4,39,9,30,36,10,26,39,33,6,31,12,19
S01007277,358,179,179,27,16,11,85,34,51,57,34,23,32,4,28,44,42,2,36,4,32,24,12,12,17,16,1,36,17,19
S01007278,262,136,126,32,20,12,54,22,32,35,24,11,31,4,27,36,31,5,17,2,15,17,6,11,21,19,2,19,8,11
S01007279,304,165,139,32,18,14,57,27,30,30,14,16,22,0,22,86,68,18,16,3,13,9,1,8,12,12,0,40,22,18
S01007280,281,161,120,19,13,6,51,20,31,33,21,12,25,1,24,73,66,7,22,2,20,11,5,6,13,13,0,34,20,14
S01007281,501,280,221,49,31,18,57,22,35,72,47,25,53,8,45,100,89,11,45,10,35,26,8,18,34,30,4,65,35,30
S01007282,295,164,131,20,13,7,40,14,26,26,16,10,18,1,17,83,75,8,33,3,30,11,3,8,24,20,4,40,19,21
S01007283,389,208,181,51,32,19,84,41,43,41,26,15,35,6,29,58,48,10,26,3,23,17,5,12,32,25,7,45,22,23
S01007284,406,199,207,37,16,21,52,20,32,53,30,23,37,5,32,96,81,15,46,4,42,13,2,11,30,26,4,42,15,27
S01007285,432,227,205,68,33,35,44,12,32,42,21,21,28,4,24,107,91,16,47,7,40,15,6,9,30,27,3,51,26,25
S01007286,490,257,233,63,29,34,65,22,43,45,26,19,41,4,37,103,95,8,42,5,37,34,9,25,34,32,2,63,35,28
S01007287,343,165,178,57,20,37,34,10,24,38,17,21,17,1,16,95,65,30,31,11,20,11,3,8,24,20,4,36,18,18
S01007288,302,160,142,51,30,21,39,17,22,25,10,15,21,2,19,60,54,6,35,7,28,10,0,10,20,16,4,41,24,17
S01007289,447,221,226,56,37,19,79,27,52,56,29,27,53,6,47,53,48,5,46,9,37,29,8,21,33,32,1,42,25,17
S01007290,359,176,183,32,13,19,46,12,34,38,21,17,33,10,23,52,50,2,45,5,40,29,9,20,37,34,3,47,22,25
S01007291,313,153,160,37,17,20,40,10,30,30,20,10,32,7,25,42,37,5,23,7,16,36,9,27,32,28,4,41,18,23
S01007292,423,224,199,35,24,11,45,15,30,53,32,21,44,3,41,74,73,1,46,9,37,39,6,33,38,36,2,49,26,23
S01007293,406,197,209,21,11,10,26,7,19,23,16,7,25,3,22,70,66,4,54,6,48,67,21,46,32,27,5,88,40,48
S01007294,477,243,234,26,15,11,50,14,36,38,21,17,46,3,43,89,78,11,59,16,43,43,14,29,49,44,5,77,38,39
S01007295,227,123,104,16,10,6,15,5,10,16,10,6,17,5,12,44,39,5,30,3,27,20,7,13,25,24,1,44,20,24
S01007296,319,178,141,39,22,17,38,17,21,34,17,17,18,2,16,56,52,4,28,10,18,31,4,27,33,30,3,42,24,18
S01007297,542,294,248,82,55,27,103,47,56,66,43,23,41,8,33,82,77,5,36,5,31,44,5,39,18,15,3,70,39,31
S01007298,279,143,136,23,11,12,29,14,15,24,15,9,26,3,23,48,45,3,31,5,26,32,11,21,26,24,2,40,15,25
S01007299,483,255,228,51,27,24,48,24,24,30,16,14,40,6,34,88,82,6,41,7,34,44,8,36,52,47,5,89,38,51
S01007300,250,138,112,25,15,10,16,6,10,16,10,6,20,4,16,51,46,5,33,4,29,26,3,23,21,21,0,42,29,13
S01007301,386,198,188,63,35,28,68,26,42,35,21,14,46,2,44,62,54,8,29,5,24,26,12,14,23,21,2,34,22,12
S01007302,318,163,155,24,16,8,22,9,13,24,17,7,32,1,31,64,52,12,35,6,29,42,11,31,33,31,2,42,20,22
S01007303,457,244,213,59,34,25,70,30,40,56,38,18,42,6,36,84,72,12,45,11,34,32,10,22,32,27,5,37,16,21
S01007304,326,172,154,53,27,26,31,11,20,38,23,15,29,4,25,78,61,17,26,4,22,8,3,5,25,21,4,38,18,20
S01007305,393,206,187,43,33,10,85,34,51,33,17,16,38,2,36,62,54,8,35,5,30,24,6,18,35,33,2,38,22,16
S01007306,367,185,182,36,23,13,64,25,39,44,27,17,39,7,32,61,50,11,41,11,30,22,4,18,28,24,4,32,14,18
S01007307,424,229,195,62,39,23,72,29,43,48,24,24,39,6,33,72,63,9,37,6,31,26,12,14,28,25,3,40,25,15
S01007308,412,218,194,59,30,29,46,17,29,43,28,15,39,3,36,77,69,8,37,13,24,22,5,17,24,23,1,65,30,35
S01007309,344,191,153,63,37,26,47,18,29,41,26,15,29,4,25,62,53,9,26,7,19,13,3,10,30,28,2,33,15,18
S01007310,349,188,161,45,21,24,72,23,49,33,26,7,28,6,22,79,65,14,23,7,16,18,3,15,27,26,1,24,11,13
S01007311,447,239,208,60,27,33,34,16,18,26,14,12,36,7,29,85,78,7,52,14,38,50,13,37,34,32,2,70,38,32
S01007312,344,176,168,41,26,15,56,18,38,36,21,15,43,5,38,64,57,7,30,6,24,18,4,14,33,31,2,23,8,15
S01007313,509,274,235,63,41,22,98,40,58,79,37,42,47,6,41,107,91,16,28,4,24,16,4,12,24,23,1,47,28,19
S01007314,371,194,177,29,13,16,76,30,46,46,28,18,44,5,39,64,59,5,36,7,29,14,5,9,17,16,1,45,31,14
S01007315,503,266,237,42,31,11,92,38,54,48,27,21,76,11,65,76,67,9,54,13,41,20,6,14,42,42,0,53,31,22
S01007316,392,191,201,35,23,12,55,18,37,33,15,18,45,8,37,48,42,6,52,14,38,27,9,18,25,22,3,72,40,32
S01007317,354,179,175,33,23,10,63,27,36,28,10,18,40,6,34,61,57,4,49,8,41,17,4,13,23,23,0,40,21,19
S01007318,295,143,152,16,7,9,43,18,25,22,12,10,38,5,33,48,45,3,39,4,35,13,4,9,28,25,3,48,23,25
S01007319,373,205,168,35,21,14,68,26,42,38,26,12,33,9,24,67,57,10,36,10,26,21,7,14,29,28,1,46,21,25
S01007320,373,198,175,66,40,26,61,30,31,53,24,29,42,6,36,65,55,10,22,1,21,14,4,10,17,16,1,33,22,11
S01007321,310,166,144,49,27,22,48,23,25,29,15,14,28,2,26,55,47,8,25,6,19,11,1,10,23,21,2,42,24,18
S01007322,363,203,160,43,26,17,34,10,24,35,20,15,50,1,49,80,75,5,24,3,21,18,4,14,33,31,2,46,33,13
S01007323,255,134,121,24,10,14,25,9,16,20,14,6,34,3,31,46,38,8,12,3,9,18,3,15,33,32,1,43,22,21
S01007324,168,81,87,25,17,8,25,9,16,15,10,5,12,1,11,33,19,14,17,2,15,6,1,5,14,13,1,21,9,12
S01007325,389,200,189,42,21,21,56,18,38,37,17,20,37,8,29,77,65,12,35,8,27,16,3,13,38,33,5,51,27,24
S01007326,385,209,176,37,23,14,33,6,27,24,11,13,38,4,34,101,85,16,40,4,36,12,2,10,46,41,5,54,33,21
S01007327,367,191,176,40,20,20,43,16,27,29,20,9,26,3,23,66,62,4,43,2,41,24,2,22,39,38,1,57,28,29
S01007328,417,216,201,27,10,17,39,11,28,27,14,13,35,3,32,90,84,6,43,2,41,30,4,26,57,52,5,69,36,33
S01007329,340,176,164,41,23,18,41,12,29,28,10,18,19,1,18,96,76,20,26,4,22,11,7,4,31,25,6,47,18,29
S01007330,339,176,163,54,30,24,39,13,26,33,20,13,31,6,25,73,65,8,38,3,35,17,5,12,22,20,2,32,14,18
S01007331,511,277,234,48,25,23,54,18,36,41,29,12,50,1,49,127,113,14,48,5,43,29,4,25,41,38,3,73,44,29
S01007332,239,131,108,21,11,10,41,14,27,16,8,8,15,0,15,81,66,15,13,3,10,6,3,3,9,9,0,37,17,20
S01007333,363,186,177,36,19,17,63,28,35,34,18,16,45,8,37,67,59,8,40,9,31,17,0,17,33,32,1,28,13,15
S01007334,275,143,132,16,10,6,13,8,5,23,11,12,24,1,23,54,49,5,36,4,32,25,8,17,28,24,4,56,28,28
S01007335,340,166,174,13,6,7,16,2,14,30,16,14,44,3,41,64,60,4,45,11,34,31,7,24,35,31,4,62,30,32
S01007336,227,142,85,19,14,5,25,17,8,24,18,6,25,3,22,40,39,1,18,3,15,16,7,9,17,16,1,43,25,18
S01007337,260,125,135,29,15,14,16,4,12,28,15,13,35,3,32,47,41,6,36,8,28,19,7,12,14,12,2,36,20,16
S01007338,362,185,177,23,13,10,24,8,16,26,15,11,54,12,42,70,67,3,33,4,29,33,6,27,38,36,2,61,24,37
S01007339,278,140,138,32,19,13,49,17,32,25,15,10,33,5,28,42,42,0,34,6,28,20,5,15,21,20,1,22,11,11
S01007340,183,95,88,16,8,8,21,8,13,17,9,8,13,2,11,34,32,2,30,5,25,15,4,11,8,8,0,29,19,10
S01007341,272,150,122,35,19,16,33,11,22,28,18,10,23,6,17,48,44,4,33,6,27,23,9,14,22,20,2,27,17,10
S01007342,369,191,178,57,31,26,85,41,44,39,21,18,37,8,29,45,40,5,39,8,31,20,11,9,22,17,5,25,14,11
S01007343,319,173,146,36,25,11,41,15,26,21,14,7,24,3,21,85,72,13,33,3,30,25,8,17,13,13,0,41,20,21
S01007344,184,95,89,16,8,8,23,6,17,26,16,10,24,5,19,27,22,5,25,6,19,17,9,8,15,14,1,11,9,2
S01007345,225,108,117,11,6,5,13,4,9,17,8,9,14,2,12,45,41,4,40,9,31,29,6,23,19,18,1,37,14,23
S01007346,215,113,102,13,2,11,24,10,14,20,13,7,13,1,12,40,35,5,34,6,28,27,14,13,9,9,0,35,23,12
S01007347,228,111,117,21,7,14,17,7,10,18,9,9,17,2,15,47,42,5,31,6,25,28,10,18,11,9,2,38,19,19
S01007348,244,127,117,10,3,7,18,4,14,17,10,7,14,1,13,62,58,4,32,5,27,29,8,21,17,16,1,45,22,23
S01007349,182,91,91,17,13,4,17,3,14,10,7,3,16,2,14,27,25,2,32,7,25,31,10,21,11,11,0,21,13,8
S01007350,243,130,113,39,16,23,19,7,12,25,15,10,18,4,14,38,34,4,23,2,21,24,13,11,28,26,2,29,13,16
S01007351,264,145,119,42,18,24,25,8,17,28,19,9,26,4,22,66,60,6,25,3,22,9,3,6,8,8,0,35,22,13
S01007352,243,149,94,43,29,14,28,12,16,39,23,16,13,3,10,61,52,9,15,2,13,6,3,3,12,10,2,26,15,11
S01007353,264,139,125,29,16,13,50,20,30,33,20,13,27,9,18,45,40,5,24,6,18,18,7,11,9,9,0,29,12,17
S01007354,313,166,147,36,21,15,63,28,35,49,35,14,29,2,27,40,35,5,39,12,27,17,6,11,20,20,0,20,7,13
S01007355,431,245,186,64,33,31,73,38,35,58,32,26,29,2,27,78,72,6,31,6,25,22,6,16,27,27,0,49,29,20
S01007356,289,151,138,43,27,16,55,23,32,40,24,16,26,3,23,28,27,1,38,5,33,12,3,9,21,18,3,26,21,5
S01007357,369,185,184,60,33,27,56,28,28,30,13,17,23,2,21,70,57,13,28,3,25,30,5,25,26,19,7,46,25,21
S01007358,506,286,220,65,35,30,65,23,42,81,60,21,33,9,24,80,73,7,47,8,39,22,6,16,26,26,0,87,46,41
S01007359,329,168,161,26,12,14,33,13,20,29,22,7,24,7,17,49,40,9,56,9,47,33,9,24,32,30,2,47,26,21
S01007360,220,114,106,40,26,14,33,14,19,27,15,12,19,4,15,26,26,0,29,4,25,16,6,10,11,10,1,19,9,10
S01007361,435,222,213,48,32,16,65,27,38,60,29,31,44,4,40,63,59,4,55,11,44,37,17,20,25,22,3,38,21,17
S01007362,326,167,159,35,20,15,56,25,31,28,14,14,34,8,26,42,35,7,43,13,30,36,11,25,15,14,1,37,27,10
S01007363,253,128,125,21,15,6,40,17,23,24,11,13,30,3,27,37,34,3,38,9,29,23,9,14,19,19,0,21,11,10
S01007364,343,154,189,25,13,12,18,4,14,20,12,8,30,7,23,50,43,7,64,11,53,51,20,31,24,21,3,61,23,38
S01007365,202,97,105,9,2,7,21,8,13,23,17,6,16,3,13,32,31,1,44,14,30,12,3,9,9,9,0,36,10,26
S01007366,149,78,71,11,6,5,19,7,12,11,8,3,12,1,11,22,19,3,16,2,14,12,5,7,14,14,0,32,16,16
S01007367,250,124,126,18,7,11,17,11,6,21,15,6,23,3,20,40,35,5,41,9,32,36,8,28,22,20,2,32,16,16
S01007368,200,93,107,17,9,8,9,3,6,17,11,6,21,7,14,26,22,4,36,5,31,29,10,19,13,10,3,32,16,16
S01007369,360,190,170,23,10,13,41,12,29,37,27,10,35,8,27,64,56,8,55,17,38,42,19,23,27,25,2,36,16,20
S01007370,378,191,187,29,21,8,36,14,22,47,26,21,37,8,29,63,57,6,46,13,33,48,11,37,12,12,0,60,29,31
S01007371,335,161,174,24,12,12,33,9,24,52,31,21,40,14,26,51,47,4,33,10,23,43,7,36,15,13,2,44,18,26
S01007372,365,196,169,45,25,20,60,25,35,38,27,11,38,7,31,45,42,3,40,10,30,29,16,13,26,25,1,44,19,25
S01007373,259,148,111,31,22,9,54,27,27,32,23,9,31,5,26,40,35,5,24,5,19,7,1,6,22,19,3,18,11,7
S01007374,269,140,129,24,16,8,46,19,27,44,30,14,28,2,26,35,31,4,25,3,22,16,4,12,20,16,4,31,19,12
S01007375,204,112,92,36,22,14,33,17,16,31,24,7,20,3,17,24,19,5,19,5,14,9,2,7,11,11,0,21,9,12
S01007376,360,172,188,18,7,11,25,10,15,48,33,15,48,10,38,54,47,7,49,5,44,29,6,23,17,15,2,72,39,33
S01007377,339,185,154,28,15,13,60,28,32,82,58,24,39,5,34,46,43,3,23,4,19,12,3,9,17,17,0,32,12,20
S01007378,1164,1002,162,71,61,10,54,21,33,905,850,55,23,3,20,39,35,4,24,4,20,13,6,7,17,13,4,18,9,9
S01007379,208,110,98,5,1,4,11,5,6,27,24,3,25,8,17,34,31,3,26,4,22,11,5,6,14,13,1,55,19,36
S01007380,290,154,136,19,11,8,30,12,18,41,32,9,33,9,24,39,33,6,35,7,28,18,6,12,19,18,1,56,26,30
S01007381,197,106,91,48,40,8,61,25,36,23,16,7,19,3,16,11,8,3,12,2,10,5,1,4,6,6,0,12,5,7
S01007382,325,175,150,48,34,14,77,32,45,60,41,19,41,10,31,30,27,3,26,5,21,13,4,9,13,11,2,17,11,6
S01007383,346,191,155,57,39,18,79,35,44,59,44,15,33,8,25,30,27,3,29,5,24,16,6,10,13,13,0,30,14,16
S01007384,384,200,184,55,49,6,53,18,35,82,49,33,55,16,39,28,24,4,42,7,35,25,8,17,13,13,0,31,16,15
S01007385,362,188,174,36,23,13,64,24,40,60,46,14,41,6,35,49,44,5,46,8,38,24,9,15,10,10,0,32,18,14
S01007386,354,185,169,64,49,15,113,59,54,51,26,25,46,6,40,17,16,1,24,5,19,15,4,11,10,9,1,14,11,3
S01007387,365,203,162,65,44,21,107,45,62,69,46,23,23,6,17,26,21,5,19,3,16,25,16,9,14,13,1,17,9,8
S01007388,342,171,171,36,22,14,70,32,38,72,53,19,50,7,43,28,26,2,32,2,30,17,7,10,11,11,0,26,11,15
S01007389,258,155,103,12,8,4,10,4,6,106,94,12,16,2,14,18,15,3,41,5,36,26,8,18,8,8,0,21,11,10
S01007390,258,130,128,14,8,6,12,6,6,86,71,15,32,2,30,19,16,3,39,7,32,28,6,22,4,4,0,24,10,14
S01007391,282,153,129,26,13,13,48,23,25,67,55,12,40,9,31,23,20,3,20,4,16,17,5,12,11,11,0,30,13,17
S01007392,203,112,91,25,20,5,50,22,28,39,22,17,23,5,18,27,22,5,6,2,4,12,4,8,8,8,0,13,7,6
S01007393,247,129,118,51,39,12,76,37,39,27,16,11,29,10,19,17,15,2,18,0,18,9,2,7,10,8,2,10,2,8
S01007394,242,127,115,32,20,12,71,37,34,38,22,16,30,8,22,26,23,3,16,3,13,12,4,8,3,2,1,14,8,6
S01007395,388,223,165,24,7,17,38,15,23,65,48,17,45,15,30,62,56,6,59,20,39,36,15,21,21,20,1,38,27,11
S01007396,377,192,185,29,13,16,46,19,27,72,52,20,38,5,33,52,46,6,46,8,38,25,6,19,22,19,3,47,24,23
S01007397,435,242,193,48,31,17,99,45,54,71,45,26,47,13,34,52,49,3,42,9,33,21,7,14,25,25,0,30,18,12
S01007398,287,126,161,12,7,5,16,9,7,23,13,10,19,1,18,37,31,6,50,4,46,28,6,22,22,22,0,80,33,47
S01007399,249,126,123,14,13,1,22,9,13,29,19,10,19,3,16,37,33,4,31,3,28,27,9,18,20,18,2,50,19,31
S01007400,330,162,168,37,23,14,57,26,31,52,35,17,38,6,32,34,31,3,35,5,30,29,9,20,16,16,0,32,11,21
S01007401,349,181,168,26,13,13,45,18,27,75,50,25,46,9,37,47,45,2,31,8,23,39,14,25,11,9,2,29,15,14
S01007402,310,159,151,29,16,13,49,21,28,55,32,23,40,9,31,32,28,4,33,4,29,22,9,13,25,25,0,25,15,10
S01007403,408,233,175,26,17,9,47,15,32,172,148,24,31,5,26,22,19,3,38,2,36,28,3,25,12,11,1,32,13,19
S01007404,223,129,94,35,17,18,39,20,19,21,16,5,19,3,16,46,40,6,14,3,11,10,3,7,13,10,3,26,17,9
S01007405,356,186,170,58,46,12,96,39,57,63,37,26,39,6,33,29,27,2,19,2,17,18,6,12,12,12,0,22,11,11
S01007406,293,150,143,46,35,11,83,34,49,49,31,18,29,4,25,26,22,4,25,6,19,11,5,6,10,10,0,14,3,11
S01007407,340,181,159,46,27,19,74,35,39,58,39,19,43,8,35,40,36,4,20,3,17,17,5,12,20,20,0,22,8,14
S01007408,281,137,144,17,10,7,35,17,18,48,25,23,35,1,34,56,52,4,29,3,26,20,5,15,15,14,1,26,10,16
S01007409,373,198,175,32,21,11,46,19,27,34,17,17,47,10,37,47,45,2,43,6,37,29,7,22,47,45,2,48,28,20
S01007410,258,138,120,12,7,5,12,4,8,16,11,5,23,4,19,41,38,3,38,7,31,31,10,21,35,32,3,50,25,25
S01007411,346,172,174,27,14,13,28,16,12,22,10,12,39,7,32,45,40,5,35,7,28,44,9,35,47,41,6,59,28,31
S01007412,206,113,93,10,4,6,21,9,12,18,9,9,27,8,19,30,28,2,17,3,14,22,9,13,26,21,5,35,22,13
S01007413,528,264,264,44,26,18,72,30,42,77,38,39,75,14,61,71,69,2,51,6,45,52,14,38,49,46,3,37,21,16
S01007414,398,207,191,42,29,13,92,36,56,76,57,19,46,4,42,31,28,3,31,5,26,33,13,20,22,21,1,25,14,11
S01007415,367,185,182,18,10,8,23,10,13,36,14,22,25,5,20,42,38,4,42,1,41,40,10,30,65,56,9,76,41,35
S01007416,197,97,100,8,7,1,12,5,7,7,4,3,14,1,13,28,25,3,24,4,20,29,4,25,32,25,7,43,22,21
S01007417,549,284,265,63,40,23,98,40,58,108,70,38,70,9,61,50,46,4,32,3,29,51,19,32,42,38,4,35,19,16
S01007418,297,147,150,17,10,7,21,8,13,24,15,9,32,3,29,32,27,5,30,4,26,33,8,25,44,40,4,64,32,32
S01007419,360,190,170,9,4,5,25,12,13,32,21,11,26,3,23,42,38,4,51,8,43,49,15,34,48,44,4,78,45,33
S01007420,563,359,204,63,42,21,77,34,43,80,47,33,56,12,44,105,102,3,32,6,26,39,17,22,45,44,1,66,55,11
S01007421,351,185,166,33,22,11,97,45,52,50,32,18,31,5,26,35,32,3,28,2,26,21,10,11,20,19,1,36,18,18
S01007422,278,141,137,26,15,11,52,17,35,34,18,16,26,4,22,39,37,2,31,7,24,25,11,14,19,18,1,26,14,12
S01007423,409,213,196,49,30,19,91,29,62,74,45,29,36,9,27,47,44,3,38,9,29,25,10,15,21,20,1,28,17,11
S01007424,405,209,196,30,15,15,90,46,44,65,43,22,48,8,40,49,46,3,31,5,26,36,12,24,26,22,4,30,12,18
S01007425,421,219,202,40,25,15,73,32,41,49,29,20,40,4,36,56,52,4,38,8,30,45,16,29,38,34,4,42,19,23
S01007426,289,150,139,18,12,6,47,22,25,28,13,15,28,6,22,36,34,2,31,2,29,31,10,21,27,26,1,43,25,18
S01007427,265,125,140,22,5,17,20,8,12,29,17,12,22,2,20,39,33,6,33,4,29,33,10,23,31,29,2,36,17,19
S01007428,415,216,199,38,22,16,51,18,33,48,27,21,47,5,42,59,56,3,41,9,32,32,10,22,45,41,4,54,28,26
S01007429,383,194,189,33,16,17,66,24,42,46,26,20,39,8,31,53,51,2,35,6,29,32,10,22,32,30,2,47,23,24
S01007430,220,111,109,25,13,12,32,13,19,26,11,15,16,3,13,25,22,3,19,5,14,26,12,14,22,19,3,29,13,16
S01007431,300,147,153,29,20,9,46,16,30,47,25,22,43,10,33,28,27,1,25,5,20,34,13,21,12,10,2,36,21,15
S01007432,390,202,188,28,15,13,49,23,26,50,30,20,43,5,38,50,42,8,41,6,35,30,9,21,53,48,5,46,24,22
S01007433,365,194,171,41,25,16,62,27,35,46,29,17,25,5,20,54,50,4,33,2,31,37,8,29,27,24,3,40,24,16
S01007434,221,121,100,14,8,6,16,4,12,16,12,4,20,7,13,39,33,6,26,5,21,28,9,19,29,27,2,33,16,17
S01007435,341,170,171,20,10,10,44,18,26,41,23,18,38,4,34,51,47,4,41,8,33,37,13,24,33,30,3,36,17,19
S01007436,298,145,153,24,14,10,35,15,20,23,10,13,29,5,24,34,26,8,30,6,24,33,12,21,27,23,4,63,34,29
S01007437,201,113,88,17,10,7,36,15,21,23,15,8,22,6,16,23,19,4,22,10,12,22,11,11,18,17,1,18,10,8
S01007438,304,174,130,17,11,6,35,18,17,31,19,12,34,6,28,48,44,4,28,6,22,38,16,22,36,32,4,37,22,15
S01007439,325,178,147,16,10,6,50,25,25,42,24,18,34,8,26,48,42,6,39,7,32,30,13,17,29,27,2,37,22,15
S01007440,306,161,145,19,10,9,27,8,19,30,20,10,37,6,31,55,49,6,40,7,33,23,9,14,39,34,5,36,18,18
S01007441,290,142,148,32,16,16,55,15,40,42,27,15,37,4,33,37,35,2,16,2,14,31,9,22,22,21,1,18,13,5
S01007442,249,130,119,28,19,9,65,29,36,38,24,14,19,4,15,24,21,3,24,3,21,26,12,14,13,13,0,12,5,7
S01007443,350,185,165,46,33,13,93,47,46,32,23,9,32,6,26,43,38,5,33,4,29,21,3,18,13,12,1,37,19,18
S01007444,408,213,195,63,51,12,130,61,69,57,31,26,44,12,32,35,30,5,26,6,20,18,1,17,13,13,0,22,8,14
S01007445,287,149,138,44,34,10,109,54,55,35,20,15,27,3,24,21,19,2,20,2,18,14,4,10,9,8,1,8,5,3
S01007446,249,123,126,47,30,17,89,41,48,38,26,12,14,1,13,10,9,1,13,0,13,18,6,12,7,6,1,13,4,9
S01007447,236,133,103,35,29,6,74,36,38,26,15,11,20,2,18,29,23,6,13,0,13,13,9,4,9,9,0,17,10,7
S01007448,422,230,192,41,27,14,70,27,43,56,32,24,44,7,37,67,62,5,28,3,25,37,8,29,40,39,1,39,25,14
S01007449,440,222,218,24,12,12,49,22,27,44,26,18,39,8,31,52,49,3,64,9,55,51,10,41,57,55,2,60,31,29
S01007450,300,155,145,25,17,8,24,15,9,24,11,13,37,7,30,39,35,4,34,5,29,41,9,32,29,27,2,47,29,18
S01007451,304,147,157,18,12,6,33,10,23,31,20,11,46,13,33,30,29,1,34,4,30,43,11,32,31,26,5,38,22,16
S01007452,215,112,103,17,12,5,27,14,13,17,8,9,18,5,13,21,20,1,22,2,20,26,1,25,30,26,4,37,24,13
S01007453,345,179,166,47,35,12,69,31,38,75,41,34,37,5,32,38,32,6,18,3,15,22,6,16,22,18,4,17,8,9
S01007454,251,128,123,16,8,8,12,7,5,32,16,16,22,4,18,30,28,2,34,4,30,21,5,16,48,38,10,36,18,18
S01007455,365,186,179,26,18,8,25,14,11,32,17,15,28,6,22,44,41,3,58,9,49,53,17,36,42,35,7,57,29,28
S01007456,367,171,196,9,3,6,25,10,15,28,8,20,29,8,21,44,40,4,49,5,44,54,15,39,51,45,6,78,37,41
S01007457,479,246,233,33,23,10,50,24,26,55,29,26,45,4,41,78,70,8,50,5,45,47,8,39,47,42,5,74,41,33
S01007458,278,139,139,17,9,8,39,17,22,37,24,13,44,3,41,46,42,4,30,3,27,23,8,15,25,23,2,17,10,7
S01007459,292,146,146,19,12,7,42,15,27,37,25,12,45,6,39,47,41,6,29,4,25,22,8,14,25,21,4,26,14,12
S01007460,325,170,155,27,13,14,24,9,15,31,17,14,37,4,33,55,53,2,45,12,33,32,6,26,40,36,4,34,20,14
S01007461,253,120,133,13,4,9,19,5,14,12,5,7,18,8,10,32,32,0,42,7,35,31,9,22,32,28,4,54,22,32
S01007462,431,217,214,28,14,14,53,27,26,49,24,25,54,11,43,65,60,5,58,11,47,40,8,32,33,33,0,51,29,22
S01007463,324,168,156,21,12,9,21,10,11,13,10,3,27,8,19,44,41,3,29,5,24,47,11,36,44,39,5,78,32,46
S01007464,242,130,112,8,6,2,9,2,7,19,12,7,16,5,11,25,25,0,33,4,29,29,6,23,31,30,1,72,40,32
S01007465,233,122,111,10,5,5,9,7,2,14,10,4,13,4,9,18,17,1,41,7,34,34,9,25,44,38,6,50,25,25
S01007466,403,201,202,21,14,7,39,17,22,28,14,14,42,14,28,32,30,2,48,7,41,70,22,48,43,36,7,80,47,33
S01007467,429,218,211,32,17,15,47,14,33,55,27,28,51,3,48,70,65,5,36,10,26,41,14,27,32,30,2,65,38,27
S01007468,410,219,191,34,23,11,53,19,34,45,25,20,45,8,37,56,55,1,45,8,37,44,12,32,39,35,4,49,34,15
S01007469,278,140,138,16,8,8,22,11,11,26,16,10,37,10,27,37,34,3,41,4,37,24,4,20,32,31,1,43,22,21
S01007470,271,143,128,20,13,7,25,11,14,32,18,14,28,5,23,37,34,3,33,8,25,30,7,23,28,25,3,38,22,16
S01007471,250,128,122,10,6,4,22,9,13,37,23,14,35,6,29,30,27,3,31,4,27,33,11,22,20,19,1,32,23,9
S01007472,223,114,109,6,4,2,18,6,12,15,8,7,23,2,21,41,39,2,32,4,28,21,8,13,27,27,0,40,16,24
S01007473,207,101,106,6,4,2,12,3,9,24,12,12,26,4,22,32,29,3,23,1,22,29,4,25,29,28,1,26,16,10
S01007474,296,146,150,27,17,10,41,20,21,44,30,14,47,7,40,31,29,2,28,3,25,26,4,22,23,19,4,29,17,12
S01007475,313,152,161,22,12,10,58,24,34,51,30,21,45,5,40,38,37,1,22,1,21,23,7,16,25,23,2,29,13,16
S01007476,292,143,149,22,11,11,45,21,24,38,24,14,42,7,35,35,33,2,31,3,28,26,8,18,22,21,1,31,15,16
S01007477,273,140,133,27,17,10,60,30,30,39,20,19,37,7,30,32,27,5,22,3,19,17,7,10,17,17,0,22,12,10
S01007478,444,229,215,37,23,14,108,45,63,75,46,29,49,13,36,39,38,1,37,2,35,38,12,26,31,26,5,30,24,6
S01007479,307,153,154,21,9,12,40,16,24,43,23,20,41,9,32,46,42,4,32,4,28,29,8,21,32,26,6,23,16,7
S01007480,453,235,218,34,20,14,49,22,27,68,34,34,52,6,46,59,57,2,39,8,31,50,14,36,54,47,7,48,27,21
S01007481,345,180,165,32,22,10,57,18,39,36,23,13,35,4,31,58,53,5,42,6,36,27,9,18,28,27,1,30,18,12
S01007482,183,93,90,14,7,7,11,2,9,16,11,5,18,4,14,23,21,2,27,4,23,23,8,15,11,9,2,40,27,13
S01007483,368,191,177,23,13,10,36,10,26,21,10,11,29,5,24,61,56,5,62,12,50,35,8,27,46,46,0,55,31,24
S01007484,228,127,101,25,17,8,24,7,17,23,11,12,13,3,10,44,37,7,30,10,20,15,4,11,23,21,2,31,17,14
S01007485,167,74,93,6,3,3,6,2,4,8,5,3,10,1,9,26,21,5,30,2,28,26,5,21,16,13,3,39,22,17
S01007486,142,63,79,5,2,3,4,1,3,3,1,2,13,2,11,15,12,3,20,2,18,24,4,20,21,21,0,37,18,19
S01007487,382,202,180,30,17,13,28,13,15,29,18,11,23,0,23,59,55,4,52,8,44,55,11,44,39,38,1,67,42,25
S01007488,488,250,238,33,15,18,55,22,33,49,29,20,63,14,49,70,65,5,63,11,52,49,19,30,43,42,1,63,33,30
S01007489,393,192,201,34,22,12,28,10,18,29,16,13,48,10,38,56,52,4,62,14,48,42,12,30,34,33,1,60,23,37
S01007490,360,186,174,24,11,13,22,8,14,22,14,8,33,8,25,47,40,7,48,8,40,39,9,30,54,50,4,71,38,33
S01007491,510,243,267,24,10,14,42,16,26,46,25,21,48,5,43,79,72,7,82,14,68,40,5,35,64,57,7,85,39,46
S01007492,330,160,170,20,12,8,30,12,18,23,12,11,31,7,24,46,41,5,51,5,46,33,7,26,39,34,5,57,30,27
S01007493,396,199,197,31,16,15,22,6,16,31,15,16,28,6,22,60,50,10,53,11,42,55,11,44,55,52,3,61,32,29
S01007494,240,130,110,14,9,5,23,6,17,24,10,14,27,5,22,68,62,6,29,7,22,12,4,8,17,16,1,26,11,15
S01007495,433,232,201,26,16,10,44,12,32,31,18,13,39,4,35,126,110,16,49,8,41,32,7,25,29,27,2,57,30,27
S01007496,448,239,209,52,31,21,66,21,45,37,25,12,38,5,33,102,89,13,33,6,27,29,5,24,30,28,2,61,29,32
S01007497,259,151,108,18,13,5,16,5,11,14,9,5,20,3,17,61,52,9,31,1,30,16,5,11,36,35,1,47,28,19
S01007498,362,198,164,30,12,18,29,13,16,27,17,10,36,5,31,70,59,11,48,14,34,32,6,26,37,36,1,53,36,17
S01007499,410,226,184,33,21,12,34,6,28,31,11,20,27,2,25,95,82,13,49,7,42,16,4,12,53,48,5,72,45,27
S01007500,238,129,109,16,7,9,28,8,20,10,7,3,22,3,19,61,51,10,30,7,23,12,2,10,19,18,1,40,26,14
S01007501,265,138,127,28,11,17,36,9,27,12,5,7,16,1,15,84,70,14,25,6,19,11,1,10,20,18,2,33,17,16
S01007502,248,140,108,26,15,11,26,8,18,23,10,13,20,0,20,56,50,6,25,7,18,15,3,12,23,21,2,34,26,8
S01007503,439,233,206,43,21,22,54,19,35,24,13,11,38,0,38,114,103,11,41,1,40,22,2,20,51,47,4,52,27,25
S01007504,326,175,151,33,19,14,38,12,26,23,11,12,21,2,19,84,72,12,34,3,31,20,4,16,31,29,2,42,23,19
S01007505,208,113,95,30,18,12,25,8,17,21,13,8,24,1,23,44,41,3,22,4,18,5,1,4,13,13,0,24,14,10
S01007506,225,124,101,24,12,12,34,7,27,21,10,11,17,1,16,63,51,12,14,2,12,10,6,4,11,11,0,31,24,7
S01007507,399,211,188,36,20,16,40,16,24,23,9,14,30,4,26,79,71,8,50,5,45,40,10,30,36,33,3,65,43,22
S01007508,332,181,151,24,13,11,34,10,24,11,8,3,30,3,27,92,73,19,40,4,36,12,3,9,30,29,1,59,38,21
S01007509,289,152,137,23,15,8,45,15,30,20,7,13,20,2,18,67,59,8,37,5,32,12,2,10,15,10,5,50,37,13
S01007510,389,216,173,36,24,12,38,14,24,22,16,6,32,4,28,106,85,21,55,6,49,15,4,11,28,28,0,57,35,22
S01007511,303,163,140,28,13,15,20,4,16,21,12,9,13,0,13,56,47,9,44,5,39,18,3,15,34,32,2,69,47,22
S01007512,229,124,105,21,11,10,24,8,16,24,12,12,18,0,18,59,53,6,24,4,20,9,2,7,9,7,2,41,27,14
S01007513,449,227,222,26,16,10,41,19,22,32,14,18,35,8,27,84,76,8,77,12,65,28,8,20,52,40,12,74,34,40
S01007514,256,140,116,28,16,12,26,10,16,13,8,5,22,4,18,63,51,12,32,6,26,15,4,11,25,19,6,32,22,10
S01007515,237,122,115,28,15,13,45,21,24,31,20,11,22,1,21,33,32,1,33,5,28,9,2,7,11,10,1,25,16,9
S01007516,270,136,134,16,6,10,17,7,10,14,7,7,22,0,22,58,51,7,44,4,40,20,4,16,39,33,6,40,24,16
S01007517,174,91,83,12,4,8,23,8,15,17,9,8,15,2,13,32,30,2,26,3,23,15,9,6,8,6,2,26,20,6
S01007518,362,195,167,15,4,11,23,8,15,29,15,14,35,8,27,74,61,13,62,14,48,20,6,14,47,42,5,57,37,20
S01007519,196,107,89,33,19,14,27,11,16,20,13,7,15,2,13,46,37,9,21,4,17,9,1,8,8,7,1,17,13,4
S01007520,399,231,168,48,32,16,42,21,21,19,16,3,30,3,27,96,79,17,43,5,38,29,6,23,30,28,2,62,41,21
S01007521,220,116,104,27,15,12,22,9,13,12,7,5,18,5,13,48,38,10,24,2,22,10,1,9,16,11,5,43,28,15
S01007522,402,203,199,42,23,19,51,22,29,37,25,12,31,3,28,69,59,10,46,3,43,31,9,22,28,25,3,67,34,33
S01007523,254,134,120,21,13,8,37,14,23,24,11,13,23,3,20,57,47,10,23,4,19,15,7,8,16,11,5,38,24,14
S01007524,470,242,228,55,28,27,54,22,32,27,15,12,43,3,40,118,93,25,36,8,28,27,6,21,32,24,8,78,43,35
S01007525,234,127,107,18,10,8,20,8,12,16,11,5,18,6,12,55,42,13,35,4,31,15,4,11,29,24,5,28,18,10
S01007526,285,145,140,37,21,16,24,8,16,27,16,11,17,0,17,55,45,10,32,6,26,22,7,15,28,23,5,43,19,24
S01007527,365,199,166,26,11,15,43,19,24,38,27,11,32,1,31,89,77,12,35,4,31,35,12,23,25,24,1,42,24,18
S01007528,363,190,173,22,6,16,37,16,21,27,14,13,26,10,16,93,80,13,45,9,36,32,5,27,26,19,7,55,31,24
S01007529,274,139,135,34,18,16,45,23,22,35,21,14,31,6,25,44,40,4,27,2,25,17,3,14,20,14,6,21,12,9
S01007530,262,145,117,19,10,9,38,18,20,27,18,9,26,3,23,61,50,11,20,1,19,17,5,12,19,12,7,35,28,7
S01007531,327,170,157,26,13,13,44,11,33,36,21,15,24,0,24,83,70,13,34,7,27,19,4,15,12,12,0,49,32,17
S01007532,284,151,133,23,14,9,29,11,18,15,5,10,31,4,27,81,66,15,25,1,24,23,10,13,19,16,3,38,24,14
S01007533,275,143,132,27,17,10,25,10,15,26,11,15,22,0,22,79,64,15,28,2,26,22,7,15,20,18,2,26,14,12
S01007534,412,214,198,33,16,17,50,21,29,28,14,14,27,7,20,76,64,12,47,5,42,42,10,32,49,45,4,60,32,28
S01007535,449,210,239,34,19,15,59,22,37,16,11,5,59,8,51,69,61,8,59,9,50,52,12,40,54,44,10,47,24,23
S01007536,450,233,217,27,14,13,50,15,35,29,16,13,50,6,44,89,79,10,55,12,43,47,9,38,61,58,3,42,24,18
S01007537,440,210,230,38,17,21,62,29,33,35,14,21,49,3,46,67,59,8,50,4,46,27,7,20,48,40,8,64,37,27
S01007538,448,228,220,41,26,15,68,21,47,36,14,22,38,0,38,99,89,10,49,5,44,22,9,13,35,33,2,60,31,29
S01007539,278,142,136,23,14,9,53,24,29,36,20,16,32,3,29,39,37,2,38,5,33,9,1,8,24,23,1,24,15,9
S01007540,357,177,180,24,13,11,29,9,20,29,17,12,40,8,32,59,53,6,40,2,38,42,6,36,43,42,1,51,27,24
S01007541,329,180,149,25,18,7,41,12,29,37,21,16,34,5,29,62,61,1,39,7,32,20,6,14,31,28,3,40,22,18
S01007542,405,199,206,28,15,13,41,11,30,25,14,11,40,6,34,69,61,8,57,6,51,36,5,31,47,44,3,62,37,25
S01007543,516,253,263,33,18,15,33,6,27,24,14,10,41,7,34,85,76,9,80,9,71,74,21,53,73,67,6,73,35,38
S01007544,410,217,193,55,32,23,76,37,39,44,24,20,30,2,28,86,66,20,36,6,30,22,7,15,23,23,0,38,20,18
S01007545,382,194,188,46,26,20,56,19,37,26,14,12,53,8,45,81,71,10,28,5,23,21,2,19,24,19,5,47,30,17
S01007546,284,145,139,28,18,10,49,17,32,23,12,11,38,4,34,60,50,10,21,3,18,12,5,7,19,18,1,34,18,16
S01007547,302,171,131,30,17,13,50,17,33,31,21,10,23,3,20,70,59,11,26,10,16,15,3,12,17,15,2,40,26,14
S01007548,333,170,163,28,15,13,52,24,28,26,14,12,34,4,30,64,50,14,42,8,34,22,5,17,37,34,3,28,16,12
S01007549,247,119,128,29,17,12,41,14,27,25,14,11,25,1,24,38,32,6,24,5,19,23,3,20,18,18,0,24,15,9
S01007550,361,198,163,42,28,14,68,34,34,37,16,21,29,5,24,55,47,8,26,3,23,15,3,12,41,34,7,48,28,20
S01007551,433,224,209,49,29,20,74,26,48,41,24,17,36,4,32,115,88,27,36,7,29,14,4,10,21,17,4,47,25,22
S01007552,384,195,189,24,7,17,19,8,11,28,16,12,27,4,23,71,60,11,46,8,38,28,4,24,79,58,21,62,30,32
S01007553,316,164,152,13,6,7,23,11,12,23,10,13,26,3,23,41,35,6,42,8,34,21,0,21,80,64,16,47,27,20
S01007554,133,74,59,5,4,1,7,2,5,3,0,3,9,1,8,21,18,3,20,3,17,9,2,7,43,32,11,16,12,4
S01007555,237,138,99,16,11,5,38,16,22,21,12,9,20,3,17,46,43,3,27,4,23,8,1,7,32,30,2,29,18,11
S01007556,201,98,103,12,5,7,15,6,9,15,11,4,12,1,11,35,31,4,32,3,29,22,5,17,33,25,8,25,11,14
S01007557,457,230,227,22,11,11,22,9,13,32,19,13,37,4,33,67,58,9,54,7,47,46,7,39,97,79,18,80,36,44
S01007558,189,104,85,28,12,16,22,8,14,19,14,5,17,4,13,46,39,7,14,0,14,11,1,10,16,14,2,16,12,4
S01007559,382,205,177,33,20,13,65,26,39,43,23,20,30,4,26,86,77,9,29,3,26,24,5,19,18,17,1,54,30,24
S01007560,410,220,190,43,26,17,48,21,27,44,27,17,46,9,37,61,53,8,40,6,34,30,11,19,46,42,4,52,25,27
S01007561,279,139,140,17,11,6,31,7,24,23,13,10,30,6,24,45,40,5,43,5,38,19,8,11,29,25,4,42,24,18
S01007562,394,204,190,38,20,18,61,23,38,41,20,21,31,4,27,75,61,14,40,3,37,17,3,14,26,25,1,65,45,20
S01007563,392,200,192,37,21,16,77,25,52,45,19,26,37,7,30,68,64,4,33,3,30,22,5,17,27,23,4,46,33,13
S01007564,379,200,179,29,20,9,65,25,40,46,24,22,34,6,28,79,71,8,28,1,27,28,8,20,25,22,3,45,23,22
S01007565,446,229,217,35,22,13,72,24,48,38,20,18,38,4,34,87,76,11,56,12,44,38,12,26,41,39,2,41,20,21
S01007566,349,192,157,30,22,8,40,11,29,30,21,9,33,3,30,79,68,11,39,5,34,22,4,18,35,33,2,41,25,16
S01007567,318,172,146,27,18,9,48,20,28,35,14,21,32,4,28,76,66,10,31,6,25,16,5,11,24,23,1,29,16,13
S01007568,342,181,161,44,24,20,62,26,36,36,22,14,36,7,29,46,37,9,29,7,22,20,6,14,35,34,1,34,18,16
S01007569,395,223,172,33,18,15,47,16,31,34,18,16,28,7,21,94,79,15,34,5,29,32,8,24,38,34,4,55,38,17
S01007570,340,170,170,34,21,13,68,24,44,39,23,16,26,4,22,49,43,6,40,7,33,22,4,18,24,22,2,38,22,16
S01007571,287,157,130,41,27,14,56,22,34,30,17,13,25,5,20,50,41,9,20,2,18,16,6,10,19,19,0,30,18,12
S01007572,421,215,206,43,32,11,50,15,35,43,22,21,51,5,46,68,64,4,47,8,39,34,10,24,33,32,1,52,27,25
S01007573,534,267,267,52,31,21,103,35,68,88,48,40,45,5,40,63,58,5,54,13,41,42,16,26,40,36,4,47,25,22
S01007574,465,221,244,27,16,11,24,5,19,35,22,13,50,4,46,53,49,4,75,14,61,55,16,39,50,45,5,96,50,46
S01007575,336,169,167,15,7,8,21,7,14,28,12,16,25,2,23,40,38,2,44,10,34,45,14,31,49,47,2,69,32,37
S01007576,228,113,115,7,2,5,10,5,5,14,10,4,17,1,16,30,28,2,30,6,24,35,8,27,28,27,1,57,26,31
S01007577,251,117,134,9,4,5,11,3,8,10,2,8,21,4,17,37,34,3,36,5,31,36,14,22,26,24,2,65,27,38
S01007578,278,148,130,14,6,8,6,3,3,9,7,2,19,2,17,50,44,6,34,4,30,33,5,28,45,41,4,68,36,32
S01007579,281,120,161,11,4,7,17,6,11,27,11,16,22,4,18,33,28,5,45,5,40,45,10,35,33,31,2,48,21,27
S01007580,334,173,161,22,16,6,11,4,7,13,8,5,24,6,18,49,41,8,49,3,46,45,13,32,55,50,5,66,32,34
S01007581,218,111,107,9,3,6,9,3,6,8,4,4,16,1,15,43,40,3,31,3,28,36,12,24,27,25,2,39,20,19
S01007582,300,150,150,12,1,11,15,5,10,18,13,5,28,6,22,40,36,4,55,10,45,43,14,29,41,39,2,48,26,22
S01007583,416,185,231,12,5,7,22,9,13,17,10,7,33,6,27,55,43,12,64,9,55,61,17,44,55,47,8,97,39,58
S01007584,292,156,136,15,7,8,25,14,11,20,15,5,26,4,22,30,28,2,32,3,29,43,16,27,44,40,4,57,29,28
S01007585,409,209,200,25,16,9,59,22,37,30,21,9,60,10,50,58,56,2,56,15,41,33,9,24,36,32,4,52,28,24
S01007586,373,181,192,20,11,9,32,11,21,37,20,17,30,3,27,45,40,5,51,11,40,57,10,47,37,35,2,64,40,24
S01007587,324,165,159,25,12,13,67,21,46,47,26,21,29,4,25,46,44,2,42,11,31,17,6,11,16,15,1,35,26,9
S01007588,399,200,199,41,24,17,116,53,63,48,30,18,33,3,30,34,31,3,32,6,26,36,17,19,17,15,2,42,21,21
S01007589,422,225,197,34,25,9,88,37,51,53,38,15,45,14,31,34,32,2,49,9,40,30,11,19,27,25,2,62,34,28
S01007590,284,137,147,33,20,13,79,29,50,43,29,14,33,4,29,28,27,1,27,2,25,12,4,8,15,15,0,14,7,7
S01007591,318,168,150,16,10,6,64,26,38,30,17,13,32,6,26,36,36,0,38,9,29,22,2,20,32,31,1,48,31,17
S01007592,328,163,165,12,7,5,39,11,28,30,22,8,24,4,20,41,37,4,57,17,40,43,13,30,29,28,1,53,24,29
S01007593,497,238,259,42,28,14,78,24,54,57,31,26,44,5,39,72,66,6,69,12,57,58,15,43,33,33,0,44,24,20
S01007594,434,216,218,46,23,23,60,23,37,46,27,19,52,7,45,62,57,5,46,7,39,39,10,29,40,39,1,43,23,20
S01007595,561,292,269,42,22,20,86,25,61,70,32,38,41,8,33,114,98,16,59,15,44,35,5,30,51,50,1,63,37,26
S01007596,239,124,115,30,15,15,27,8,19,24,16,8,21,2,19,47,39,8,30,6,24,10,3,7,18,18,0,32,17,15
S01007597,327,181,146,30,16,14,57,24,33,47,31,16,32,4,28,65,57,8,25,7,18,25,10,15,20,19,1,26,13,13
S01007598,332,153,179,31,16,15,56,22,34,36,16,20,35,1,34,58,47,11,38,6,32,21,3,18,28,27,1,29,15,14
S01007599,429,220,209,31,16,15,86,30,56,47,33,14,41,11,30,44,36,8,56,15,41,52,26,26,30,30,0,42,23,19
S01007600,517,261,256,54,36,18,158,63,95,47,28,19,54,6,48,58,51,7,36,7,29,31,11,20,34,32,2,45,27,18
S01007601,401,201,200,28,20,8,72,20,52,46,24,22,44,9,35,46,46,0,47,11,36,46,16,30,35,34,1,37,21,16
S01007602,367,182,185,18,11,7,75,27,48,32,24,8,55,9,46,52,45,7,41,6,35,24,10,14,32,29,3,38,21,17
S01007603,484,246,238,39,24,15,106,40,66,77,48,29,65,10,55,47,45,2,34,4,30,43,16,27,42,40,2,31,19,12
S01007604,456,227,229,32,19,13,89,32,57,58,36,22,71,12,59,62,58,4,45,14,31,41,15,26,24,24,0,34,17,17
S01007605,457,230,227,35,27,8,81,24,57,49,32,17,60,10,50,51,49,2,56,8,48,46,16,30,40,40,0,39,24,15
S01007606,309,163,146,20,11,9,63,21,42,38,27,11,38,7,31,40,38,2,29,5,24,16,8,8,27,25,2,38,21,17
S01007607,388,195,193,25,15,10,72,20,52,45,33,12,52,9,43,53,48,5,41,7,34,32,7,25,37,36,1,31,20,11
S01007608,406,205,201,22,15,7,76,21,55,52,32,20,51,10,41,39,35,4,48,9,39,38,15,23,37,36,1,43,32,11
S01007609,424,200,224,27,13,14,38,13,25,36,18,18,43,8,35,44,42,2,76,12,64,48,19,29,43,40,3,69,35,34
S01007610,217,101,116,13,10,3,39,11,28,22,9,13,15,4,11,29,27,2,30,5,25,19,4,15,22,19,3,28,12,16
S01007611,386,199,187,20,13,7,49,11,38,24,10,14,33,9,24,48,42,6,59,14,45,39,13,26,48,47,1,66,40,26
S01007612,530,290,240,23,13,10,60,30,30,57,31,26,53,16,37,57,52,5,45,9,36,70,29,41,56,52,4,109,58,51
S01007613,392,209,183,48,27,21,97,42,55,43,30,13,35,8,27,40,35,5,25,7,18,44,18,26,20,18,2,40,24,16
S01007614,423,214,209,54,37,17,123,52,71,73,47,26,52,14,38,35,30,5,24,4,20,23,8,15,12,10,2,27,12,15
S01007615,530,254,276,58,43,15,91,29,62,66,30,36,55,8,47,58,49,9,61,13,48,46,19,27,34,31,3,61,32,29
S01007616,367,168,199,25,18,7,43,12,31,40,16,24,42,6,36,51,47,4,53,10,43,43,10,33,22,20,2,48,29,19
S01007617,249,120,129,9,5,4,22,7,15,15,8,7,28,4,24,28,23,5,33,7,26,37,8,29,37,36,1,40,22,18
S01007618,263,131,132,9,5,4,21,5,16,14,7,7,25,5,20,38,34,4,36,5,31,32,7,25,37,33,4,51,30,21
S01007619,297,146,151,9,4,5,18,9,9,16,10,6,29,4,25,45,42,3,32,5,27,37,8,29,44,41,3,67,23,44
S01007620,314,153,161,17,11,6,42,12,30,39,21,18,46,8,38,42,40,2,44,12,32,26,7,19,35,33,2,23,9,14
S01007621,328,165,163,19,12,7,35,9,26,28,17,11,49,8,41,54,52,2,27,3,24,28,8,20,39,32,7,49,24,25
S01007622,275,145,130,18,11,7,27,12,15,30,18,12,38,6,32,37,34,3,34,4,30,21,5,16,42,41,1,28,14,14
S01007623,319,158,161,25,19,6,63,31,32,41,23,18,32,3,29,42,40,2,39,3,36,21,10,11,21,18,3,35,11,24
S01007624,394,208,186,26,20,6,51,14,37,45,32,13,54,8,46,49,44,5,45,10,35,41,16,25,49,47,2,34,17,17
S01007625,278,137,141,27,16,11,41,14,27,24,17,7,31,3,28,36,32,4,26,1,25,26,7,19,41,37,4,26,10,16
S01007626,397,200,197,26,13,13,56,19,37,49,35,14,53,4,49,48,43,5,36,3,33,33,9,24,61,57,4,35,17,18
S01007627,295,155,140,29,17,12,46,15,31,48,30,18,34,7,27,42,40,2,31,4,27,27,12,15,23,22,1,15,8,7
S01007628,330,166,164,23,15,8,44,11,33,46,29,17,43,5,38,55,53,2,32,6,26,29,9,20,23,22,1,35,16,19
S01007629,359,192,167,36,25,11,46,11,35,52,28,24,37,6,31,54,48,6,26,3,23,27,6,21,42,39,3,39,26,13
S01007630,463,245,218,40,22,18,79,23,56,45,32,13,48,9,39,104,93,11,44,5,39,25,8,17,27,21,6,51,32,19
S01007631,311,170,141,34,22,12,54,20,34,27,15,12,36,5,31,65,56,9,27,4,23,14,6,8,26,24,2,28,18,10
S01007632,462,233,229,49,30,19,55,16,39,38,23,15,38,6,32,70,62,8,48,5,43,47,6,41,63,56,7,54,29,25
S01007633,454,240,214,28,18,10,56,24,32,38,23,15,43,6,37,76,66,10,56,5,51,45,10,35,52,46,6,60,42,18
S01007634,290,164,126,16,10,6,59,23,36,25,14,11,28,3,25,53,44,9,21,5,16,14,7,7,33,30,3,41,28,13
S01007635,268,140,128,28,17,11,46,19,27,23,17,6,23,2,21,43,40,3,29,4,25,20,4,16,26,23,3,30,14,16
S01007636,360,188,172,31,16,15,41,17,24,32,20,12,37,2,35,44,41,3,38,9,29,36,13,23,45,38,7,56,32,24
S01007637,404,209,195,22,15,7,30,9,21,24,15,9,38,3,35,80,71,9,50,3,47,28,4,24,58,52,6,74,37,37
S01007638,361,190,171,24,13,11,41,12,29,33,22,11,38,15,23,58,48,10,37,4,33,35,9,26,48,43,5,47,24,23
S01007639,512,258,254,33,20,13,46,21,25,30,16,14,51,5,46,71,64,7,59,3,56,55,16,39,89,78,11,78,35,43
S01007640,362,203,159,14,10,4,43,20,23,23,8,15,42,4,38,107,90,17,27,3,24,21,4,17,30,26,4,55,38,17
S01007641,404,214,190,48,25,23,51,23,28,31,22,9,42,8,34,71,57,14,36,1,35,32,8,24,36,35,1,57,35,22
S01007642,361,198,163,58,36,22,58,28,30,35,22,13,24,4,20,44,35,9,28,4,24,22,7,15,34,29,5,58,33,25
S01007643,430,210,220,71,34,37,64,22,42,41,24,17,21,4,17,67,50,17,49,7,42,32,11,21,32,31,1,53,27,26
S01007644,344,176,168,46,28,18,49,24,25,21,11,10,29,4,25,63,48,15,34,4,30,23,7,16,26,25,1,53,25,28
S01007645,270,151,119,34,20,14,37,18,19,24,13,11,27,4,23,58,50,8,16,0,16,19,4,15,24,21,3,31,21,10
S01007646,295,165,130,35,23,12,31,9,22,28,18,10,38,8,30,69,56,13,25,4,21,13,3,10,16,13,3,40,31,9
S01007647,335,171,164,31,17,14,48,18,30,42,22,20,42,8,34,46,43,3,25,2,23,26,9,17,35,30,5,40,22,18
S01007648,436,226,210,34,19,15,44,17,27,44,29,15,61,12,49,64,51,13,51,9,42,25,9,16,45,40,5,68,40,28
S01007649,379,206,173,23,15,8,30,9,21,23,16,7,38,6,32,75,62,13,48,9,39,18,3,15,50,39,11,74,47,27
S01007650,486,263,223,43,25,18,52,24,28,57,29,28,51,5,46,78,65,13,32,5,27,34,8,26,51,46,5,88,56,32
S01007651,307,161,146,23,12,11,32,11,21,22,12,10,30,3,27,90,77,13,27,4,23,21,3,18,23,20,3,39,19,20
S01007652,251,124,127,26,15,11,23,8,15,21,10,11,24,2,22,54,46,8,22,1,21,25,9,16,21,17,4,35,16,19
S01007653,465,235,230,30,11,19,42,15,27,38,21,17,39,4,35,113,98,15,51,6,45,43,6,37,49,45,4,60,29,31
S01007654,502,267,235,45,29,16,37,15,22,34,16,18,36,4,32,92,83,9,49,4,45,46,10,36,74,61,13,89,45,44
S01007655,396,224,172,42,27,15,49,20,29,27,13,14,36,2,34,117,96,21,26,3,23,18,4,14,34,31,3,47,28,19
S01007656,409,226,183,23,14,9,44,14,30,33,16,17,32,3,29,114,100,14,38,3,35,27,7,20,42,35,7,56,34,22
S01007657,238,122,116,22,14,8,31,8,23,21,10,11,21,0,21,51,43,8,24,6,18,22,9,13,19,17,2,27,15,12
S01007658,245,120,125,23,12,11,38,13,25,19,9,10,22,1,21,58,45,13,20,1,19,14,6,8,23,20,3,28,13,15
S01007659,359,191,168,23,14,9,57,24,33,25,16,9,39,9,30,66,56,10,45,3,42,21,7,14,49,38,11,34,24,10
S01007660,393,203,190,13,6,7,13,4,9,27,18,9,22,5,17,65,56,9,55,10,45,46,9,37,90,62,28,62,33,29
S01007661,327,168,159,24,11,13,34,11,23,22,12,10,46,10,36,54,48,6,32,2,30,24,4,20,47,40,7,44,30,14
S01007662,382,187,195,26,12,14,36,14,22,43,29,14,42,2,40,52,42,10,42,5,37,28,8,20,63,44,19,50,31,19
S01007663,396,208,188,34,16,18,50,21,29,43,25,18,45,7,38,64,60,4,36,5,31,33,4,29,47,44,3,44,26,18
S01007664,267,127,140,21,11,10,15,6,9,24,10,14,17,1,16,46,39,7,24,3,21,25,3,22,47,31,16,48,23,25
S01007665,317,162,155,25,14,11,23,8,15,19,11,8,36,7,29,52,45,7,32,6,26,41,11,30,47,37,10,42,23,19
S01007666,243,121,122,17,14,3,41,21,20,25,13,12,31,4,27,32,29,3,27,4,23,19,4,15,22,16,6,29,16,13
S01007667,377,198,179,19,14,5,50,22,28,66,43,23,49,4,45,53,49,4,46,5,41,26,8,18,50,43,7,18,10,8
S01007668,469,229,240,16,6,10,27,8,19,36,18,18,39,5,34,67,58,9,62,6,56,49,8,41,97,78,19,76,42,34
S01007669,259,124,135,8,3,5,16,4,12,13,7,6,12,2,10,39,33,6,37,3,34,19,4,15,71,47,24,44,21,23
S01007670,302,154,148,14,8,6,23,11,12,12,9,3,25,4,21,47,39,8,37,2,35,31,10,21,54,39,15,59,32,27
S01007671,390,208,182,49,32,17,70,29,41,40,16,24,33,6,27,76,62,14,23,2,21,28,7,21,41,34,7,30,20,10
S01007672,381,195,186,29,17,12,70,32,38,59,35,24,41,7,34,50,44,6,39,5,34,27,6,21,31,29,2,35,20,15
S01007673,395,209,186,25,16,9,37,13,24,42,24,18,53,13,40,69,65,4,25,1,24,44,11,33,52,42,10,48,24,24
S01007674,358,185,173,13,6,7,18,9,9,16,13,3,35,5,30,69,61,8,40,2,38,41,4,37,69,53,16,57,32,25
S01007675,308,163,145,33,20,13,31,11,20,30,19,11,32,3,29,52,44,8,19,0,19,39,9,30,42,34,8,30,23,7
S01007676,384,204,180,42,24,18,38,15,23,32,16,16,36,1,35,95,84,11,22,1,21,39,7,32,37,32,5,43,24,19
S01007677,251,128,123,25,10,15,23,11,12,17,7,10,27,5,22,44,39,5,27,2,25,30,7,23,36,34,2,22,13,9
S01007678,345,175,170,22,14,8,13,3,10,18,10,8,33,5,28,55,48,7,33,2,31,56,11,45,50,43,7,65,39,26
S01007679,313,157,156,14,7,7,18,7,11,22,13,9,22,3,19,38,33,5,32,4,28,46,12,34,65,50,15,56,28,28
S01007680,501,254,247,45,26,19,45,12,33,42,23,19,53,8,45,78,69,9,29,6,23,74,12,62,72,65,7,63,33,30
S01007681,218,117,101,22,10,12,10,4,6,12,7,5,25,6,19,40,36,4,17,2,15,22,4,18,31,26,5,39,22,17
S01007682,451,234,217,49,32,17,167,73,94,61,40,21,42,11,31,40,34,6,21,4,17,27,8,19,17,16,1,27,16,11
S01007683,329,162,167,20,6,14,143,74,69,44,29,15,37,4,33,17,16,1,18,2,16,17,7,10,8,8,0,25,16,9
S01007684,352,171,181,39,24,15,129,64,65,59,32,27,30,11,19,16,13,3,21,2,19,28,9,19,8,7,1,22,9,13
S01007685,370,172,198,34,25,9,162,80,82,41,20,21,34,8,26,19,14,5,24,4,20,23,4,19,8,7,1,25,10,15
S01007686,331,165,166,26,14,12,131,60,71,44,25,19,38,11,27,21,19,2,16,6,10,25,9,16,4,4,0,26,17,9
S01007687,426,216,210,27,15,12,146,62,84,76,49,27,41,14,27,27,26,1,16,5,11,42,17,25,11,10,1,40,18,22
S01007688,498,271,227,27,14,13,144,83,61,66,39,27,57,22,35,27,22,5,38,11,27,67,33,34,10,10,0,62,37,25
S01007689,292,136,156,12,9,3,97,40,57,50,26,24,14,4,10,10,8,2,13,5,8,38,15,23,12,10,2,46,19,27
S01007690,362,164,198,15,8,7,89,47,42,52,27,25,28,7,21,19,15,4,26,6,20,60,27,33,8,8,0,65,19,46
S01007691,740,331,409,34,18,16,118,55,63,71,37,34,57,22,35,32,26,6,72,26,46,188,72,116,12,10,2,156,65,91
S01007692,377,173,204,18,8,10,98,39,59,54,33,21,28,6,22,21,18,3,24,9,15,59,25,34,19,13,6,56,22,34
S01007693,293,131,162,6,3,3,53,28,25,22,15,7,21,6,15,16,14,2,22,6,16,60,18,42,9,6,3,84,35,49
S01007694,433,196,237,19,13,6,70,26,44,39,25,14,39,9,30,27,23,4,53,14,39,78,27,51,22,19,3,86,40,46
S01007695,404,203,201,20,14,6,123,70,53,53,29,24,39,13,26,27,22,5,42,7,35,38,7,31,14,14,0,48,27,21
S01007696,271,140,131,17,11,6,49,23,26,26,14,12,27,12,15,18,17,1,22,7,15,57,24,33,15,12,3,40,20,20
S01007697,421,215,206,31,24,7,118,56,62,60,32,28,43,12,31,35,30,5,24,6,18,44,16,28,14,14,0,52,25,27
S01007698,529,254,275,25,16,9,93,42,51,66,36,30,59,14,45,36,29,7,49,11,38,89,39,50,33,30,3,79,37,42
S01007699,372,185,187,14,5,9,73,35,38,43,20,23,31,15,16,30,29,1,29,4,25,60,26,34,23,22,1,69,29,40
S01007700,513,273,240,48,35,13,194,88,106,76,46,30,45,11,34,32,31,1,30,8,22,34,20,14,14,13,1,40,21,19
S01007701,194,98,96,9,5,4,31,13,18,18,11,7,20,6,14,11,8,3,11,4,7,37,14,23,9,9,0,48,28,20
S01007702,360,175,185,13,7,6,81,41,40,50,32,18,29,12,17,14,12,2,22,6,16,79,34,45,9,8,1,63,23,40
S01007703,368,192,176,22,12,10,80,42,38,52,33,19,45,14,31,31,27,4,39,7,32,42,18,24,11,10,1,46,29,17
S01007704,307,158,149,12,7,5,34,16,18,28,19,9,25,10,15,21,20,1,30,10,20,63,16,47,26,21,5,68,39,29
S01007705,292,165,127,9,7,2,31,17,14,29,19,10,15,10,5,18,13,5,21,11,10,73,36,37,9,7,2,87,45,42
S01007706,328,151,177,11,5,6,32,16,16,35,22,13,30,12,18,18,17,1,23,8,15,97,35,62,8,7,1,74,29,45
S01007707,470,265,205,39,26,13,184,96,88,67,39,28,29,6,23,30,29,1,26,6,20,40,26,14,17,15,2,38,22,16
S01007708,320,167,153,14,8,6,48,31,17,33,19,14,43,12,31,30,26,4,33,11,22,48,18,30,26,24,2,45,18,27
S01007709,238,123,115,12,9,3,42,25,17,23,18,5,24,8,16,23,19,4,29,6,23,34,13,21,18,11,7,33,14,19
S01007710,385,213,172,20,11,9,59,40,19,43,28,15,37,8,29,31,25,6,36,10,26,70,33,37,19,18,1,70,40,30
S01007711,451,208,243,19,12,7,36,17,19,41,20,21,43,16,27,27,22,5,50,10,40,96,36,60,27,25,2,112,50,62
S01007712,319,166,153,13,10,3,77,48,29,47,22,25,28,10,18,28,22,6,22,2,20,51,21,30,15,14,1,38,17,21
S01007713,213,112,101,21,13,8,30,15,15,15,9,6,25,8,17,24,21,3,17,4,13,34,15,19,18,16,2,29,11,18
S01007714,342,175,167,21,10,11,35,16,19,38,19,19,45,5,40,51,47,4,20,4,16,52,17,35,20,18,2,60,39,21
S01007715,206,100,106,4,3,1,22,8,14,16,7,9,20,6,14,20,18,2,24,6,18,37,17,20,17,14,3,46,21,25
S01007716,385,214,171,16,5,11,49,22,27,41,27,14,30,8,22,41,38,3,51,15,36,48,28,20,35,27,8,74,44,30
S01007717,383,207,176,15,9,6,30,5,25,29,18,11,50,16,34,58,53,5,38,13,25,53,22,31,43,37,6,67,34,33
S01007718,284,159,125,5,5,0,27,12,15,29,14,15,25,6,19,41,37,4,40,15,25,38,13,25,37,30,7,42,27,15
S01007719,427,208,219,25,10,15,57,15,42,40,23,17,51,14,37,51,48,3,60,13,47,52,22,30,34,30,4,57,33,24
S01007720,263,125,138,7,3,4,21,7,14,38,18,20,45,11,34,39,38,1,33,6,27,24,8,16,19,14,5,37,20,17
S01007721,346,172,174,13,6,7,41,14,27,55,27,28,32,2,30,39,36,3,40,12,28,37,13,24,40,34,6,49,28,21
S01007722,332,166,166,12,5,7,34,11,23,30,17,13,44,12,32,48,43,5,43,7,36,42,17,25,32,28,4,47,26,21
S01007723,344,180,164,15,9,6,31,14,17,29,17,12,36,7,29,44,43,1,45,12,33,40,12,28,30,22,8,74,44,30
S01007724,291,165,126,12,6,6,17,8,9,12,8,4,24,7,17,33,30,3,34,12,22,62,34,28,38,31,7,59,29,30
S01007725,345,175,170,16,10,6,26,9,17,34,17,17,38,7,31,40,37,3,39,8,31,43,18,25,38,32,6,71,37,34
S01007726,352,181,171,22,11,11,24,12,12,36,19,17,42,17,25,46,40,6,42,10,32,57,26,31,21,17,4,62,29,33
S01007727,412,198,214,25,14,11,42,23,19,35,17,18,46,9,37,32,28,4,56,11,45,57,24,33,41,37,4,78,35,43
S01007728,349,181,168,15,4,11,46,21,25,34,15,19,39,12,27,39,32,7,45,13,32,38,14,24,32,27,5,61,43,18
S01007729,391,202,189,20,9,11,43,22,21,41,20,21,37,8,29,42,33,9,38,16,22,59,33,26,36,28,8,75,33,42
S01007730,443,228,215,20,8,12,73,37,36,50,34,16,54,16,38,39,35,4,48,14,34,50,19,31,40,27,13,69,38,31
S01007731,431,214,217,26,14,12,78,37,41,49,23,26,45,13,32,38,32,6,47,19,28,60,24,36,37,27,10,51,25,26
S01007732,340,183,157,22,16,6,60,32,28,46,25,21,30,7,23,33,29,4,30,9,21,52,23,29,18,15,3,49,27,22
S01007733,447,232,215,47,32,15,117,54,63,62,29,33,53,12,41,39,36,3,24,5,19,51,25,26,20,18,2,34,21,13
S01007734,407,219,188,51,30,21,84,40,44,64,39,25,48,10,38,37,33,4,40,9,31,37,17,20,23,22,1,23,19,4
S01007735,423,222,201,37,23,14,88,33,55,47,27,20,63,16,47,54,50,4,27,5,22,55,26,29,28,27,1,24,15,9
S01007736,396,193,203,49,32,17,64,25,39,48,20,28,41,9,32,44,42,2,31,4,27,69,24,45,26,24,2,24,13,11
S01007737,477,241,236,39,27,12,83,35,48,68,42,26,69,17,52,35,31,4,40,10,30,61,20,41,37,35,2,45,24,21
S01007738,305,149,156,23,12,11,62,29,33,29,17,12,47,11,36,27,26,1,33,8,25,29,9,20,15,14,1,40,23,17
S01007739,211,104,107,16,8,8,23,8,15,33,16,17,25,4,21,35,33,2,21,6,15,22,4,18,23,17,6,13,8,5
S01007740,257,132,125,20,12,8,38,20,18,30,23,7,46,13,33,24,23,1,25,4,21,37,13,24,20,17,3,17,7,10
S01007741,271,129,142,23,18,5,35,17,18,27,13,14,46,8,38,25,21,4,31,2,29,30,11,19,19,16,3,35,23,12
S01007742,269,135,134,28,21,7,34,12,22,29,16,13,39,9,30,31,27,4,26,6,20,30,8,22,25,23,2,27,13,14
S01007743,405,208,197,26,15,11,43,21,22,34,23,11,55,8,47,63,60,3,45,6,39,53,18,35,33,31,2,53,26,27
S01007744,264,115,149,8,1,7,17,5,12,26,10,16,25,4,21,25,24,1,40,3,37,29,5,24,43,39,4,51,24,27
S01007745,312,156,156,9,5,4,20,5,15,20,6,14,37,13,24,39,38,1,38,7,31,48,8,40,48,44,4,53,30,23
S01007746,395,193,202,19,10,9,17,7,10,34,16,18,31,6,25,41,39,2,53,8,45,62,18,44,58,50,8,80,39,41
S01007747,208,99,109,6,5,1,17,6,11,16,6,10,23,4,19,29,25,4,22,4,18,32,8,24,28,26,2,35,15,20
S01007748,259,119,140,9,5,4,11,4,7,16,11,5,25,5,20,32,29,3,38,6,32,43,9,34,31,25,6,54,25,29
S01007749,337,167,170,23,16,7,54,21,33,44,27,17,50,11,39,45,41,4,36,4,32,42,15,27,19,18,1,24,14,10
S01007750,348,174,174,34,20,14,81,35,46,50,28,22,53,11,42,33,32,1,21,4,17,34,14,20,11,10,1,31,20,11
S01007751,277,149,128,40,26,14,91,46,45,40,21,19,31,6,25,22,20,2,12,3,9,18,7,11,13,12,1,10,8,2
S01007752,266,134,132,34,26,8,95,38,57,39,24,15,25,4,21,22,19,3,16,2,14,13,3,10,7,6,1,15,12,3
S01007753,224,110,114,9,4,5,6,0,6,20,10,10,23,3,20,24,23,1,24,9,15,33,9,24,32,28,4,53,24,29
S01007754,305,145,160,8,6,2,21,7,14,21,9,12,33,7,26,40,33,7,37,6,31,55,17,38,36,32,4,54,28,26
S01007755,286,140,146,14,7,7,14,6,8,24,11,13,34,4,30,32,29,3,32,7,25,41,15,26,40,36,4,55,25,30
S01007756,227,101,126,4,3,1,16,7,9,18,7,11,25,4,21,27,23,4,35,7,28,34,8,26,35,31,4,33,11,22
S01007757,347,175,172,38,21,17,81,31,50,47,28,19,45,9,36,33,31,2,35,7,28,26,12,14,21,20,1,21,16,5
S01007758,358,181,177,60,39,21,114,52,62,49,24,25,28,4,24,31,28,3,29,6,23,19,7,12,13,12,1,15,9,6
S01007759,451,212,239,30,19,11,97,38,59,56,28,28,51,10,41,45,42,3,61,13,48,49,17,32,28,25,3,34,20,14
S01007760,249,126,123,39,27,12,86,36,50,39,22,17,27,5,22,13,12,1,12,8,4,15,2,13,9,8,1,9,6,3
S01007761,443,234,209,45,29,16,147,69,78,70,41,29,42,10,32,34,29,5,22,7,15,35,12,23,19,18,1,29,19,10
S01007762,369,174,195,43,23,20,95,43,52,56,31,25,44,14,30,32,24,8,28,5,23,31,8,23,13,12,1,27,14,13
S01007763,178,99,79,14,8,6,25,11,14,25,13,12,24,9,15,20,20,0,14,1,13,16,4,12,20,20,0,20,13,7
S01007764,412,202,210,41,27,14,88,35,53,56,37,19,55,6,49,43,39,4,30,4,26,51,15,36,22,22,0,26,17,9
S01007765,294,152,142,18,9,9,64,28,36,53,32,21,48,13,35,37,35,2,15,4,11,28,10,18,16,15,1,15,6,9
S01007766,410,210,200,33,19,14,100,46,54,59,34,25,57,9,48,44,43,1,27,5,22,42,15,27,19,18,1,29,21,8
S01007767,432,214,218,40,26,14,91,42,49,61,33,28,59,6,53,37,35,2,35,3,32,39,14,25,38,36,2,32,19,13
S01007768,292,148,144,32,19,13,94,39,55,56,30,26,27,8,19,22,21,1,19,4,15,23,13,10,6,6,0,13,8,5
S01007769,315,159,156,43,33,10,82,32,50,53,34,19,39,11,28,17,15,2,19,5,14,27,6,21,15,13,2,20,10,10
S01007770,341,166,175,48,27,21,114,55,59,42,23,19,35,5,30,21,21,0,22,2,20,27,8,19,16,16,0,16,9,7
S01007771,208,101,107,26,18,8,63,27,36,29,17,12,26,1,25,19,18,1,15,2,13,13,7,6,5,4,1,12,7,5
S01007772,412,204,208,21,9,12,55,26,29,35,20,15,66,12,54,58,53,5,51,11,40,40,14,26,32,29,3,54,30,24
S01007773,380,188,192,24,18,6,58,22,36,69,37,32,73,12,61,38,37,1,27,6,21,36,14,22,24,24,0,31,18,13
S01007774,562,278,284,61,39,22,162,60,102,104,70,34,63,9,54,43,41,2,37,9,28,36,10,26,22,22,0,34,18,16
S01007775,457,228,229,43,29,14,116,54,62,80,49,31,64,8,56,33,32,1,32,6,26,36,9,27,29,29,0,24,12,12
S01007776,392,210,182,60,45,15,97,40,57,65,39,26,44,11,33,38,35,3,20,2,18,24,9,15,20,18,2,24,11,13
S01007777,554,288,266,53,36,17,152,71,81,94,64,30,77,12,65,51,49,2,31,4,27,44,16,28,26,25,1,26,11,15
S01007778,262,140,122,36,28,8,87,38,49,53,28,25,24,3,21,26,25,1,10,5,5,14,7,7,7,6,1,5,0,5
S01007779,404,210,194,32,18,14,40,8,32,35,28,7,61,16,45,65,61,4,47,9,38,39,9,30,53,45,8,32,16,16
S01007780,472,248,224,33,23,10,59,22,37,64,35,29,64,8,56,66,66,0,45,6,39,48,15,33,57,51,6,36,22,14
S01007781,536,261,275,44,29,15,71,24,47,70,37,33,64,11,53,64,56,8,56,4,52,49,12,37,59,54,5,59,34,25
S01007782,190,110,80,11,8,3,21,15,6,18,12,6,9,2,7,27,25,2,21,2,19,26,7,19,21,20,1,36,19,17
S01007783,219,105,114,10,5,5,8,3,5,14,5,9,24,6,18,20,19,1,34,5,29,18,3,15,32,29,3,59,30,29
S01007784,369,182,187,15,6,9,36,16,20,43,20,23,56,10,46,49,44,5,38,7,31,33,8,25,43,37,6,56,34,22
S01007785,197,77,120,8,4,4,13,3,10,19,5,14,18,2,16,20,18,2,35,3,32,28,8,20,22,20,2,34,14,20
S01007786,316,150,166,15,5,10,15,5,10,28,14,14,35,9,26,35,29,6,43,5,38,43,16,27,34,31,3,68,36,32
S01007787,277,127,150,7,3,4,19,6,13,19,10,9,16,4,12,34,33,1,45,4,41,46,13,33,39,33,6,52,21,31
S01007788,198,88,110,4,2,2,10,4,6,8,7,1,20,3,17,32,31,1,38,6,32,30,5,25,14,13,1,42,17,25
S01007789,239,120,119,6,4,2,12,5,7,17,12,5,21,3,18,31,26,5,42,6,36,34,13,21,28,21,7,48,30,18
S01007790,291,131,160,9,4,5,14,2,12,23,13,10,11,1,10,31,27,4,39,5,34,44,10,34,37,33,4,83,36,47
S01007791,289,146,143,23,11,12,51,15,36,40,21,19,41,8,33,35,32,3,21,7,14,25,7,18,29,29,0,24,16,8
S01007792,367,173,194,14,8,6,22,3,19,26,14,12,34,11,23,51,48,3,45,1,44,45,10,35,56,51,5,74,27,47
S01007793,307,136,171,10,6,4,16,6,10,21,12,9,22,2,20,31,26,5,48,9,39,52,13,39,40,35,5,67,27,40
S01007794,237,111,126,9,3,6,10,2,8,22,7,15,29,5,24,35,30,5,31,9,22,29,4,25,30,29,1,42,22,20
S01007795,269,121,148,6,3,3,14,4,10,19,10,9,28,4,24,33,25,8,43,2,41,38,13,25,37,35,2,51,25,26
S01007796,298,140,158,15,12,3,31,9,22,29,19,10,38,4,34,42,39,3,37,5,32,39,8,31,19,18,1,48,26,22
S01007797,188,84,104,7,1,6,6,2,4,19,10,9,16,0,16,14,13,1,34,9,25,24,10,14,24,22,2,44,17,27
S01007798,380,195,185,29,16,13,44,25,19,43,24,19,63,11,52,45,40,5,32,4,28,61,25,36,29,28,1,34,22,12
S01007799,342,170,172,25,18,7,58,19,39,54,30,24,33,5,28,49,46,3,32,3,29,33,9,24,30,28,2,28,12,16
S01007800,326,154,172,16,8,8,12,1,11,32,18,14,30,9,21,32,24,8,54,9,45,30,10,20,34,32,2,86,43,43
S01007801,282,143,139,14,6,8,10,2,8,19,13,6,14,4,10,27,21,6,48,13,35,43,16,27,30,27,3,77,41,36
S01007802,335,165,170,9,6,3,39,15,24,35,17,18,56,9,47,45,43,2,45,7,38,44,14,30,34,32,2,28,22,6
S01007803,325,151,174,12,7,5,16,10,6,24,6,18,30,9,21,38,35,3,51,6,45,45,7,38,38,32,6,71,39,32
S01007804,208,89,119,9,4,5,15,6,9,18,9,9,24,8,16,20,16,4,33,5,28,29,7,22,22,19,3,38,15,23
S01007805,201,86,115,8,5,3,16,2,14,16,9,7,26,4,22,16,16,0,32,4,28,34,9,25,14,13,1,39,24,15
S01007806,281,145,136,12,8,4,18,6,12,27,18,9,29,3,26,31,28,3,33,4,29,31,9,22,44,39,5,56,30,26
S01007807,369,177,192,28,17,11,57,23,34,44,21,23,51,9,42,45,42,3,42,6,36,43,16,27,27,26,1,32,17,15
S01007808,379,178,201,13,4,9,29,10,19,43,25,18,49,11,38,46,42,4,38,1,37,47,13,34,34,30,4,80,42,38
S01007809,467,234,233,32,20,12,88,30,58,70,37,33,73,15,58,52,50,2,30,7,23,50,19,31,39,37,2,33,19,14
S01007810,302,161,141,13,5,8,15,3,12,23,13,10,29,8,21,37,34,3,44,13,31,38,16,22,35,34,1,68,35,33
S01007811,360,167,193,10,5,5,27,7,20,20,9,11,32,6,26,42,34,8,45,4,41,55,14,41,46,43,3,83,45,38
S01007812,291,139,152,14,3,11,16,7,9,22,10,12,20,3,17,31,28,3,38,9,29,39,11,28,38,34,4,73,34,39
S01007813,285,136,149,9,2,7,15,6,9,20,12,8,31,10,21,36,33,3,39,7,32,40,10,30,32,30,2,63,26,37
S01007814,258,130,128,11,7,4,23,5,18,40,27,13,27,7,20,34,29,5,18,4,14,36,7,29,25,24,1,44,20,24
S01007815,474,228,246,38,22,16,56,17,39,67,31,36,74,19,55,60,58,2,51,8,43,50,17,33,43,39,4,35,17,18
S01007816,359,181,178,13,7,6,41,11,30,34,18,16,64,15,49,65,62,3,43,13,30,27,4,23,35,31,4,37,20,17
S01007817,197,95,102,9,6,3,20,6,14,16,8,8,16,2,14,24,21,3,30,6,24,24,7,17,22,20,2,36,19,17
S01007818,395,190,205,30,18,12,59,21,38,42,19,23,48,7,41,52,50,2,47,15,32,40,8,32,37,33,4,40,19,21
S01007819,395,204,191,14,8,6,56,21,35,33,22,11,51,10,41,63,59,4,44,10,34,48,16,32,41,36,5,45,22,23
S01007820,420,207,213,30,15,15,42,13,29,52,30,22,47,6,41,50,46,4,51,8,43,50,17,33,51,50,1,47,22,25
S01007821,281,136,145,17,9,8,38,15,23,32,18,14,35,5,30,30,28,2,24,4,20,39,12,27,30,26,4,36,19,17
S01007822,344,172,172,24,16,8,60,16,44,45,28,17,40,6,34,47,45,2,40,4,36,27,12,15,28,27,1,33,18,15
S01007823,377,194,183,27,22,5,73,31,42,45,22,23,55,17,38,60,57,3,39,3,36,35,15,20,15,13,2,28,14,14
S01007824,353,173,180,36,24,12,60,21,39,40,25,15,42,9,33,39,35,4,28,5,23,39,12,27,29,26,3,40,16,24
S01007825,481,243,238,35,22,13,94,37,57,51,29,22,53,14,39,66,64,2,48,8,40,62,17,45,40,35,5,32,17,15
S01007826,203,98,105,9,8,1,18,4,14,18,12,6,19,5,14,24,21,3,31,2,29,25,8,17,20,16,4,39,22,17
S01007827,332,151,181,23,17,6,58,24,34,37,19,18,55,12,43,34,31,3,39,8,31,37,9,28,25,22,3,24,9,15
S01007828,414,194,220,18,8,10,66,22,44,53,33,20,47,6,41,51,42,9,51,7,44,39,21,18,30,23,7,59,32,27
S01007829,221,110,111,17,7,10,32,14,18,20,11,9,25,4,21,25,21,4,24,3,21,26,11,15,24,20,4,28,19,9
S01007830,364,194,170,13,8,5,44,20,24,43,26,17,43,14,29,36,34,2,44,11,33,48,16,32,31,29,2,62,36,26
S01007831,300,136,164,16,7,9,39,14,25,34,20,14,48,9,39,32,28,4,29,7,22,34,9,25,26,23,3,42,19,23
S01007832,258,129,129,12,9,3,34,9,25,28,16,12,34,7,27,31,31,0,31,7,24,27,7,20,21,19,2,40,24,16
S01007833,230,119,111,14,9,5,27,9,18,24,14,10,30,8,22,36,31,5,29,7,22,18,10,8,17,13,4,35,18,17
S01007834,320,151,169,11,8,3,62,29,33,29,14,15,47,7,40,37,34,3,36,8,28,29,8,21,30,23,7,39,20,19
S01007835,321,155,166,15,4,11,68,24,44,43,26,17,30,8,22,44,40,4,35,8,27,30,10,20,17,14,3,39,21,18
S01007836,230,116,114,19,10,9,50,17,33,36,19,17,36,10,26,21,20,1,20,9,11,20,8,12,14,12,2,14,11,3
S01007837,370,187,183,28,18,10,64,17,47,62,35,27,47,10,37,62,57,5,24,3,21,34,10,24,23,22,1,26,15,11
S01007838,382,188,194,32,21,11,73,25,48,40,23,17,62,10,52,47,46,1,32,5,27,44,19,25,22,21,1,30,18,12
S01007839,252,124,128,14,12,2,77,35,42,22,12,10,31,3,28,28,26,2,21,7,14,19,1,18,19,19,0,21,9,12
S01007840,344,180,164,12,8,4,42,23,19,33,20,13,45,6,39,41,37,4,39,9,30,46,16,30,32,29,3,54,32,22
S01007841,316,144,172,6,1,5,34,14,20,34,19,15,35,4,31,40,37,3,37,4,33,35,8,27,36,32,4,59,25,34
S01007842,293,135,158,8,3,5,32,12,20,19,8,11,33,11,22,21,18,3,46,6,40,50,18,32,30,28,2,54,31,23
S01007843,295,138,157,6,3,3,41,13,28,30,16,14,40,6,34,34,26,8,37,8,29,40,23,17,15,13,2,52,30,22
S01007844,415,196,219,20,8,12,59,24,35,41,24,17,46,5,41,47,45,2,66,16,50,39,13,26,28,24,4,69,37,32
S01007845,330,148,182,17,7,10,28,7,21,25,11,14,32,6,26,30,30,0,53,12,41,40,14,26,27,24,3,78,37,41
S01007846,292,145,147,12,6,6,22,7,15,30,15,15,41,12,29,36,35,1,42,11,31,34,10,24,24,22,2,51,27,24
S01007847,383,185,198,13,8,5,31,12,19,26,17,9,37,6,31,40,36,4,56,9,47,57,25,32,37,35,2,86,37,49
S01007848,290,135,155,9,6,3,30,16,14,33,19,14,32,6,26,31,26,5,39,7,32,39,10,29,26,22,4,51,23,28
S01007849,375,170,205,9,4,5,21,5,16,31,17,14,45,7,38,38,37,1,57,12,45,55,18,37,47,43,4,72,27,45
S01007850,296,148,148,15,10,5,15,4,11,15,8,7,36,5,31,44,42,2,47,8,39,30,9,21,39,30,9,55,32,23
S01007851,351,186,165,23,15,8,44,16,28,34,20,14,40,9,31,47,42,5,37,5,32,38,16,22,42,36,6,46,27,19
S01007852,250,117,133,1,0,1,27,11,16,18,10,8,23,6,17,23,20,3,40,6,34,44,15,29,28,25,3,46,24,22
S01007853,188,92,96,8,4,4,21,10,11,11,7,4,23,4,19,20,16,4,30,5,25,23,10,13,18,16,2,34,20,14
S01007854,371,176,195,24,15,9,45,13,32,34,13,21,37,6,31,49,45,4,51,13,38,51,21,30,21,17,4,59,33,26
S01007855,212,100,112,10,6,4,21,7,14,24,10,14,17,6,11,37,33,4,25,7,18,23,4,19,9,8,1,46,19,27
S01007856,390,187,203,19,15,4,55,16,39,37,18,19,41,5,36,53,49,4,40,4,36,58,16,42,37,37,0,50,27,23
S01007857,190,83,107,4,0,4,14,6,8,20,6,14,19,3,16,17,16,1,29,4,25,30,10,20,20,16,4,37,22,15
S01007858,400,180,220,16,8,8,29,8,21,40,20,20,47,7,40,29,25,4,57,10,47,59,14,45,50,45,5,73,43,30
S01007859,180,91,89,16,8,8,10,2,8,10,9,1,16,1,15,22,21,1,20,2,18,27,10,17,23,21,2,36,17,19
S01007860,289,143,146,27,13,14,36,18,18,39,23,16,32,7,25,32,31,1,38,8,30,22,10,12,22,19,3,41,14,27
S01007861,274,139,135,10,5,5,15,5,10,23,11,12,26,5,21,27,25,2,36,14,22,42,11,31,41,36,5,54,27,27
S01007862,301,146,155,16,7,9,17,5,12,20,9,11,26,4,22,31,28,3,47,10,37,34,9,25,43,39,4,67,35,32
S01007863,304,155,149,9,2,7,15,10,5,29,16,13,30,4,26,44,40,4,45,9,36,31,10,21,37,33,4,64,31,33
S01007864,390,185,205,11,7,4,37,14,23,42,19,23,42,9,33,45,40,5,60,8,52,52,16,36,35,34,1,66,38,28
S01007865,397,196,201,31,14,17,106,44,62,60,35,25,37,2,35,56,55,1,26,3,23,36,9,27,26,24,2,19,10,9
S01007866,376,194,182,29,20,9,57,18,39,63,37,26,52,6,46,62,61,1,24,6,18,40,13,27,27,24,3,22,9,13
S01007867,239,119,120,26,19,7,66,27,39,37,24,13,26,4,22,27,27,0,19,2,17,15,2,13,4,4,0,19,10,9
S01007868,473,240,233,22,13,9,100,32,68,67,42,25,62,8,54,70,69,1,45,10,35,45,17,28,30,27,3,32,22,10
S01007869,490,244,246,38,19,19,171,77,94,70,43,27,46,5,41,36,36,0,38,10,28,36,15,21,23,22,1,32,17,15
S01007870,274,145,129,22,18,4,27,10,17,23,10,13,22,7,15,46,43,3,48,5,43,21,2,19,35,32,3,30,18,12
S01007871,209,111,98,10,5,5,13,8,5,3,2,1,7,4,3,33,27,6,50,8,42,19,7,12,20,18,2,54,32,22
S01007872,222,94,128,11,6,5,17,4,13,9,6,3,13,2,11,26,23,3,65,14,51,20,4,16,22,18,4,39,17,22
S01007873,307,159,148,12,6,6,24,11,13,27,18,9,28,6,22,49,44,5,65,17,48,19,6,13,26,24,2,57,27,30
S01007874,293,147,146,10,5,5,20,5,15,24,17,7,30,7,23,50,44,6,53,12,41,23,5,18,36,33,3,47,19,28
S01007875,257,122,135,17,10,7,35,8,27,30,18,12,29,4,25,25,25,0,28,3,25,25,8,17,26,24,2,42,22,20
S01007876,468,229,239,30,20,10,65,23,42,67,40,27,55,5,50,72,62,10,63,15,48,42,14,28,27,24,3,47,26,21
S01007877,326,179,147,16,9,7,28,14,14,23,13,10,23,6,17,53,47,6,61,11,50,33,12,21,40,37,3,49,30,19
S01007878,249,108,141,16,8,8,26,8,18,14,8,6,14,3,11,30,23,7,66,7,59,20,5,15,31,28,3,32,18,14
S01007879,273,132,141,10,6,4,17,4,13,13,8,5,19,5,14,40,35,5,69,9,60,21,6,15,43,42,1,41,17,24
S01007880,197,106,91,20,11,9,30,13,17,32,16,16,18,1,17,41,36,5,17,5,12,5,3,2,15,14,1,19,7,12
S01007881,216,123,93,15,9,6,24,10,14,15,9,6,20,6,14,41,38,3,32,7,25,17,7,10,25,22,3,27,15,12
S01007882,421,222,199,51,34,17,86,30,56,38,18,20,39,5,34,95,82,13,26,3,23,21,7,14,24,21,3,41,22,19
S01007883,537,269,268,47,28,19,79,18,61,51,26,25,65,15,50,84,81,3,63,9,54,43,14,29,52,46,6,53,32,21
S01007884,301,150,151,14,10,4,25,10,15,25,17,8,42,9,33,48,43,5,50,6,44,23,6,17,39,34,5,35,15,20
S01007885,268,145,123,11,6,5,24,4,20,26,16,10,16,3,13,37,36,1,42,8,34,19,5,14,35,29,6,58,38,20
S01007886,394,206,188,23,16,7,52,21,31,37,20,17,50,12,38,67,60,7,64,14,50,23,9,14,38,31,7,40,23,17
S01007887,307,167,140,31,20,11,48,15,33,34,24,10,28,3,25,80,69,11,28,4,24,17,7,10,16,15,1,25,10,15
S01007888,418,205,213,10,5,5,22,7,15,20,13,7,23,4,19,73,64,9,72,16,56,52,11,41,51,43,8,95,42,53
S01007889,218,103,115,8,4,4,11,3,8,19,12,7,19,3,16,32,30,2,34,5,29,24,5,19,33,25,8,38,16,22
S01007890,346,163,183,18,10,8,31,9,22,30,13,17,28,4,24,58,52,6,39,4,35,48,12,36,40,36,4,54,23,31
S01007891,418,206,212,32,16,16,40,11,29,50,31,19,48,4,44,72,67,5,64,11,53,28,7,21,39,35,4,45,24,21
S01007892,378,199,179,28,20,8,62,26,36,48,27,21,47,12,35,63,57,6,32,2,30,34,14,20,26,22,4,38,19,19
S01007893,487,251,236,47,31,16,104,44,60,47,26,21,50,8,42,82,76,6,52,9,43,37,9,28,37,35,2,31,13,18
S01007894,450,238,212,16,11,5,59,23,36,33,22,11,46,11,35,82,78,4,56,11,45,35,6,29,57,48,9,66,28,38
S01007895,240,121,119,29,16,13,32,11,21,30,19,11,23,4,19,28,28,0,30,5,25,20,7,13,23,17,6,25,14,11
S01007896,331,172,159,12,6,6,28,8,20,30,17,13,25,5,20,49,47,2,61,8,53,27,5,22,58,53,5,41,23,18
S01007897,230,129,101,20,14,6,40,14,26,28,18,10,20,1,19,55,50,5,17,3,14,9,2,7,18,15,3,23,12,11
S01007898,233,127,106,21,8,13,27,12,15,19,9,10,20,2,18,61,55,6,34,8,26,8,2,6,22,18,4,21,13,8
S01007899,199,111,88,18,13,5,23,9,14,12,6,6,24,1,23,53,44,9,20,4,16,9,2,7,26,23,3,14,9,5
S01007900,214,114,100,7,4,3,18,2,16,12,7,5,16,5,11,30,29,1,45,9,36,14,2,12,44,37,7,28,19,9
S01007901,291,149,142,11,8,3,19,7,12,16,8,8,31,4,27,48,44,4,48,9,39,22,3,19,52,49,3,44,17,27
S01007902,323,166,157,7,3,4,18,7,11,21,10,11,32,4,28,59,52,7,52,6,46,28,5,23,63,58,5,43,21,22
S01007903,228,122,106,18,13,5,12,7,5,20,6,14,32,3,29,42,40,2,30,4,26,15,4,11,38,37,1,21,8,13
S01007904,398,222,176,32,21,11,78,30,48,48,23,25,36,7,29,93,77,16,29,3,26,16,4,12,39,34,5,27,23,4
S01007905,232,122,110,7,3,4,10,3,7,11,6,5,11,1,10,28,25,3,39,6,33,25,7,18,59,45,14,42,26,16
S01007906,261,124,137,11,3,8,14,3,11,18,9,9,19,3,16,44,39,5,38,3,35,20,3,17,59,46,13,38,15,23
S01007907,218,113,105,10,7,3,18,8,10,10,6,4,23,4,19,27,23,4,32,4,28,16,1,15,48,42,6,34,18,16
S01007908,380,204,176,32,17,15,38,12,26,29,18,11,28,3,25,63,62,1,60,8,52,24,6,18,61,59,2,45,19,26
S01007909,241,133,108,8,4,4,14,6,8,21,7,14,23,6,17,33,33,0,41,6,35,15,2,13,46,43,3,40,26,14
S01007910,351,170,181,22,10,12,29,8,21,21,13,8,30,3,27,64,54,10,60,7,53,22,3,19,41,38,3,62,34,28
S01007911,355,182,173,26,19,7,32,7,25,38,23,15,46,6,40,46,44,2,54,11,43,26,7,19,49,47,2,38,18,20
S01007912,348,170,178,16,10,6,29,7,22,31,13,18,32,7,25,44,40,4,76,18,58,24,5,19,57,50,7,39,20,19
S01007913,237,126,111,8,4,4,15,2,13,13,7,6,24,4,20,38,34,4,27,4,23,21,4,17,43,40,3,48,27,21
S01007914,239,122,117,7,5,2,20,6,14,16,9,7,24,5,19,31,27,4,37,7,30,22,2,20,35,33,2,47,28,19
S01007915,374,189,185,14,8,6,34,14,20,23,14,9,42,9,33,61,56,5,83,15,68,29,7,22,40,38,2,48,28,20
S01007916,302,150,152,8,6,2,34,10,24,31,18,13,36,5,31,37,35,2,48,10,38,30,8,22,30,28,2,48,30,18
S01007917,369,188,181,20,7,13,25,10,15,26,15,11,37,4,33,51,49,2,71,15,56,21,2,19,62,56,6,56,30,26
S01007918,413,213,200,21,11,10,51,20,31,42,22,20,59,8,51,60,59,1,61,16,45,22,7,15,48,45,3,49,25,24
S01007919,383,209,174,36,26,10,85,38,47,58,37,21,53,8,45,49,44,5,24,3,21,28,12,16,31,29,2,19,12,7
S01007920,314,168,146,29,17,12,48,19,29,46,30,16,46,6,40,50,46,4,30,5,25,12,2,10,32,31,1,21,12,9
S01007921,358,177,181,8,3,5,22,7,15,21,9,12,25,6,19,69,61,8,76,13,63,24,4,20,45,39,6,68,35,33
S01007922,332,165,167,12,7,5,24,8,16,24,12,12,30,4,26,54,50,4,56,8,48,25,7,18,47,40,7,60,29,31
S01007923,495,251,244,38,20,18,64,17,47,42,28,14,46,5,41,92,88,4,68,15,53,45,11,34,51,46,5,49,21,28
S01007924,379,190,189,21,11,10,35,6,29,29,17,12,31,4,27,59,56,3,60,14,46,34,11,23,42,39,3,68,32,36
S01007925,253,145,108,32,21,11,44,16,28,30,17,13,16,2,14,81,64,17,11,3,8,10,4,6,15,12,3,14,6,8
S01007926,267,143,124,33,22,11,45,23,22,39,17,22,33,6,27,50,44,6,20,6,14,19,5,14,14,14,0,14,6,8
S01007927,358,189,169,45,30,15,68,27,41,58,27,31,32,5,27,82,69,13,30,5,25,18,6,12,11,10,1,14,10,4
S01007928,473,237,236,68,40,28,88,38,50,76,32,44,46,6,40,68,57,11,41,5,36,26,12,14,33,32,1,27,15,12
S01007929,417,227,190,56,40,16,85,35,50,57,30,27,28,2,26,89,81,8,33,4,29,25,5,20,19,16,3,25,14,11
S01007930,344,181,163,50,32,18,71,25,46,36,19,17,27,1,26,74,66,8,21,6,15,24,5,19,19,17,2,22,10,12
S01007931,509,254,255,63,37,26,138,69,69,77,38,39,57,7,50,47,38,9,24,4,20,33,13,20,33,30,3,37,18,19
S01007932,385,200,185,46,33,13,92,41,51,58,39,19,41,8,33,32,30,2,37,6,31,31,10,21,24,20,4,24,13,11
S01007933,397,199,198,40,25,15,71,25,46,55,32,23,37,10,27,52,48,4,40,7,33,36,9,27,22,19,3,44,24,20
S01007934,320,161,159,23,16,7,42,18,24,49,30,19,44,8,36,36,32,4,27,5,22,38,11,27,21,19,2,40,22,18
S01007935,368,194,174,26,17,9,65,26,39,46,27,19,49,6,43,83,76,7,29,2,27,30,12,18,14,13,1,26,15,11
S01007936,545,290,255,64,47,17,135,65,70,87,50,37,76,19,57,56,52,4,27,1,26,42,17,25,29,26,3,29,13,16
S01007937,567,280,287,53,27,26,110,46,64,95,46,49,75,19,56,60,54,6,47,7,40,58,28,30,35,32,3,34,21,13
S01007938,334,159,175,22,14,8,36,14,22,39,25,14,49,8,41,56,50,6,40,3,37,38,8,30,18,15,3,36,22,14
S01007939,348,175,173,17,9,8,24,5,19,40,18,22,38,3,35,50,45,5,51,9,42,41,17,24,45,40,5,42,29,13
S01007940,457,247,210,35,23,12,62,25,37,50,34,16,54,8,46,76,66,10,42,4,38,29,10,19,48,46,2,61,31,30
S01007941,348,179,169,37,27,10,53,23,30,35,17,18,45,10,35,54,48,6,36,5,31,34,11,23,29,25,4,25,13,12
S01007942,236,125,111,14,11,3,29,14,15,31,20,11,33,4,29,37,36,1,23,4,19,17,6,11,28,18,10,24,12,12
S01007943,281,144,137,18,13,5,42,16,26,38,22,16,36,7,29,46,37,9,17,5,12,30,7,23,23,19,4,31,18,13
S01007944,410,220,190,33,18,15,49,21,28,43,27,16,35,4,31,67,62,5,44,3,41,41,16,25,51,42,9,47,27,20
S01007945,342,183,159,32,18,14,58,25,33,37,20,17,31,6,25,56,52,4,29,3,26,26,6,20,32,27,5,41,26,15
S01007946,343,179,164,26,18,8,48,24,24,46,27,19,41,4,37,39,34,5,32,8,24,33,9,24,31,28,3,47,27,20
S01007947,331,174,157,30,21,9,60,27,33,33,21,12,39,8,31,55,48,7,26,6,20,30,8,22,20,15,5,38,20,18
S01007948,223,118,105,12,6,6,14,10,4,20,10,10,17,1,16,43,38,5,31,5,26,15,5,10,30,25,5,41,18,23
S01007949,366,173,193,21,16,5,53,21,32,52,27,25,55,4,51,54,50,4,38,4,34,36,13,23,32,28,4,25,10,15
S01007950,452,234,218,46,31,15,83,31,52,58,35,23,64,13,51,75,70,5,35,5,30,38,11,27,31,27,4,22,11,11
S01007951,363,183,180,28,18,10,60,19,41,40,29,11,43,9,34,59,53,6,36,2,34,31,9,22,26,22,4,40,22,18
S01007952,252,117,135,28,14,14,19,7,12,28,14,14,27,4,23,42,37,5,28,2,26,30,11,19,31,22,9,19,6,13
S01007953,434,219,215,24,18,6,42,15,27,41,25,16,41,1,40,74,65,9,58,6,52,36,13,23,62,47,15,56,29,27
S01007954,280,142,138,10,4,6,20,10,10,24,17,7,19,5,14,44,35,9,46,6,40,29,4,25,46,38,8,42,23,19
S01007955,370,184,186,13,5,8,15,4,11,30,16,14,32,11,21,60,57,3,61,5,56,44,13,31,64,54,10,51,19,32
S01007956,319,140,179,18,12,6,22,6,16,21,8,13,25,6,19,36,34,2,58,7,51,36,6,30,44,39,5,59,22,37
S01007957,397,195,202,22,10,12,30,19,11,38,23,15,37,8,29,62,56,6,43,3,40,63,16,47,50,38,12,52,22,30
S01007958,341,164,177,21,9,12,28,10,18,22,11,11,35,8,27,55,49,6,55,6,49,32,8,24,43,33,10,50,30,20
S01007959,391,199,192,34,23,11,48,17,31,40,20,20,45,6,39,70,64,6,37,6,31,33,12,21,37,29,8,47,22,25
S01007960,329,156,173,17,8,9,27,10,17,29,15,14,35,7,28,49,48,1,48,5,43,34,9,25,38,31,7,52,23,29
S01007961,447,274,173,40,25,15,54,24,30,49,26,23,42,2,40,115,106,9,22,1,21,31,15,16,34,32,2,60,43,17
S01007962,245,125,120,13,9,4,13,4,9,21,11,10,26,5,21,36,32,4,37,6,31,30,12,18,35,30,5,34,16,18
S01007963,249,130,119,14,9,5,17,6,11,16,9,7,17,1,16,31,27,4,36,9,27,37,14,23,30,27,3,51,28,23
S01007964,299,149,150,14,9,5,22,7,15,20,12,8,21,2,19,59,56,3,38,8,30,37,11,26,22,19,3,66,25,41
S01007965,237,120,117,11,6,5,12,7,5,17,9,8,30,7,23,28,25,3,36,6,30,31,13,18,30,26,4,42,21,21
S01007966,328,151,177,20,11,9,26,8,18,20,13,7,27,2,25,45,42,3,51,6,45,39,11,28,41,33,8,59,25,34
S01007967,237,106,131,8,3,5,9,1,8,20,12,8,20,3,17,23,20,3,50,6,44,30,12,18,22,19,3,55,30,25
S01007968,373,194,179,10,7,3,29,14,15,33,19,14,44,10,34,58,54,4,50,5,45,40,13,27,45,43,2,64,29,35
S01007969,363,183,180,19,11,8,29,10,19,37,24,13,51,10,41,45,44,1,54,12,42,44,15,29,24,22,2,60,35,25
S01007970,397,198,199,27,12,15,36,10,26,41,19,22,33,2,31,72,64,8,50,8,42,39,13,26,49,43,6,50,27,23
S01007971,385,195,190,17,10,7,38,7,31,37,25,12,40,6,34,47,45,2,38,3,35,46,15,31,53,48,5,69,36,33
S01007972,397,195,202,13,5,8,30,13,17,34,21,13,37,6,31,73,67,6,56,10,46,55,11,44,42,35,7,57,27,30
S01007973,469,240,229,33,22,11,72,26,46,60,38,22,66,8,58,72,69,3,43,3,40,38,15,23,42,36,6,43,23,20
S01007974,332,155,177,19,6,13,31,15,16,27,9,18,34,6,28,43,39,4,38,3,35,32,14,18,47,39,8,61,24,37
S01007975,279,145,134,10,6,4,23,8,15,24,15,9,30,5,25,51,43,8,38,3,35,40,21,19,26,24,2,37,20,17
S01007976,301,155,146,12,5,7,35,20,15,37,19,18,39,10,29,45,39,6,36,7,29,31,7,24,24,20,4,42,28,14
S01007977,374,186,188,28,18,10,68,30,38,46,19,27,40,7,33,49,47,2,43,9,34,40,12,28,33,28,5,27,16,11
S01007978,308,171,137,19,11,8,43,26,17,42,20,22,25,7,18,45,43,2,29,4,25,47,19,28,18,18,0,40,23,17
S01007979,439,240,199,35,23,12,113,61,52,71,33,38,44,10,34,48,44,4,41,14,27,29,15,14,26,21,5,32,19,13
S01007980,339,173,166,38,21,17,48,17,31,39,23,16,41,10,31,44,42,2,37,6,31,24,8,16,26,23,3,42,23,19
S01007981,252,128,124,28,19,9,41,12,29,31,18,13,36,6,30,32,32,0,20,2,18,25,8,17,22,20,2,17,11,6
S01007982,249,116,133,22,14,8,39,15,24,35,22,13,35,5,30,35,33,2,18,4,14,31,5,26,9,8,1,25,10,15
S01007983,281,140,141,11,7,4,19,8,11,22,14,8,33,3,30,46,44,2,32,7,25,32,7,25,33,25,8,53,25,28
S01007984,357,171,186,29,21,8,60,19,41,36,23,13,42,8,34,37,31,6,42,7,35,33,10,23,35,29,6,43,23,20
S01007985,352,180,172,22,13,9,24,8,16,18,13,5,37,10,27,51,49,2,44,7,37,45,13,32,44,37,7,67,30,37
S01007986,255,127,128,15,13,2,28,9,19,28,17,11,28,2,26,27,24,3,40,11,29,19,7,12,31,27,4,39,17,22
S01007987,387,195,192,24,17,7,59,25,34,41,26,15,53,11,42,56,55,1,40,9,31,33,7,26,29,18,11,52,27,25
S01007988,334,170,164,13,5,8,27,13,14,34,15,19,41,9,32,51,47,4,49,8,41,34,12,22,33,31,2,52,30,22
S01007989,324,155,169,24,11,13,17,7,10,27,16,11,37,5,32,52,49,3,46,6,40,31,9,22,37,32,5,53,20,33
S01007990,449,216,233,31,21,10,38,9,29,43,29,14,64,10,54,52,49,3,62,10,52,59,16,43,39,33,6,61,39,22
S01007991,567,297,270,65,41,24,133,69,64,104,56,48,74,14,60,59,55,4,28,3,25,53,19,34,24,23,1,27,17,10
S01007992,384,201,183,41,34,7,86,31,55,62,39,23,42,4,38,49,44,5,24,1,23,32,11,21,17,16,1,31,21,10
S01007993,474,233,241,28,16,12,93,34,59,57,39,18,56,9,47,65,54,11,58,6,52,48,21,27,38,34,4,31,20,11
S01007994,486,245,241,62,40,22,109,50,59,109,62,47,53,11,42,50,46,4,31,1,30,23,8,15,24,18,6,25,9,16
S01007995,517,259,258,43,29,14,109,34,75,92,59,33,65,15,50,55,49,6,41,12,29,41,13,28,30,29,1,41,19,22
S01007996,240,125,115,23,18,5,58,22,36,42,24,18,22,5,17,34,28,6,17,1,16,14,6,8,14,12,2,16,9,7
S01007997,337,171,166,32,26,6,87,38,49,53,29,24,44,6,38,40,33,7,15,3,12,28,12,16,17,13,4,21,11,10
S01007998,263,140,123,35,23,12,63,31,32,50,33,17,21,0,21,24,20,4,17,5,12,22,8,14,13,13,0,18,7,11
S01007999,318,157,161,10,5,5,16,2,14,23,11,12,18,6,12,63,58,5,52,10,42,43,15,28,34,23,11,59,27,32
S01008000,349,156,193,18,10,8,23,11,12,29,14,15,28,4,24,33,29,4,72,11,61,30,7,23,39,33,6,77,37,40
S01008001,286,143,143,12,8,4,11,5,6,14,9,5,25,3,22,33,30,3,49,9,40,43,17,26,32,28,4,67,34,33
S01008002,283,149,134,13,8,5,7,4,3,26,13,13,21,2,19,49,41,8,40,9,31,27,10,17,44,29,15,56,33,23
S01008003,284,145,139,15,7,8,32,16,16,34,18,16,30,7,23,43,40,3,33,10,23,27,9,18,34,25,9,36,13,23
S01008004,329,160,169,21,9,12,52,18,34,45,23,22,38,6,32,44,42,2,32,7,25,33,14,19,32,28,4,32,13,19
S01008005,297,135,162,23,15,8,65,26,39,39,25,14,33,4,29,28,28,0,40,2,38,33,12,21,18,17,1,18,6,12
S01008006,173,88,85,7,2,5,8,3,5,14,7,7,10,3,7,26,22,4,22,4,18,21,9,12,26,20,6,39,18,21
S01008007,168,86,82,3,2,1,12,4,8,13,5,8,13,4,9,15,13,2,29,5,24,21,9,12,29,26,3,33,18,15
S01008008,252,121,131,18,8,10,18,4,14,33,19,14,25,5,20,23,20,3,34,6,28,22,6,16,24,22,2,55,31,24
S01008009,302,142,160,21,11,10,43,17,26,31,16,15,25,5,20,36,31,5,32,5,27,42,9,33,31,24,7,41,24,17
S01008010,392,205,187,35,19,16,37,11,26,56,30,26,44,7,37,62,55,7,39,13,26,41,16,25,24,21,3,54,33,21
S01008011,248,131,117,25,11,14,35,17,18,27,18,9,23,6,17,26,24,2,32,11,21,26,15,11,18,13,5,36,16,20
S01008012,416,209,207,42,26,16,63,24,39,51,28,23,44,10,34,52,39,13,44,10,34,50,20,30,27,27,0,43,25,18
S01008013,315,164,151,28,18,10,51,21,30,49,30,19,45,13,32,29,27,2,28,8,20,23,7,16,22,19,3,40,21,19
S01008014,321,162,159,24,13,11,68,27,41,46,25,21,34,4,30,29,28,1,34,9,25,29,15,14,33,26,7,24,15,9
S01008015,348,163,185,21,8,13,47,18,29,32,17,15,34,4,30,38,32,6,36,5,31,45,17,28,40,34,6,55,28,27
S01008016,353,177,176,16,12,4,51,14,37,26,16,10,46,10,36,60,51,9,46,7,39,25,7,18,28,26,2,55,34,21
S01008017,407,212,195,41,26,15,113,48,65,54,35,19,43,11,32,41,40,1,34,1,33,36,17,19,17,16,1,28,18,10
S01008018,308,164,144,26,20,6,79,30,49,44,31,13,31,8,23,37,35,2,18,4,14,42,15,27,10,8,2,21,13,8
S01008019,367,203,164,43,28,15,112,53,59,53,34,19,29,5,24,40,37,3,20,3,17,27,10,17,16,16,0,27,17,10
S01008020,351,179,172,25,14,11,59,22,37,51,31,20,39,8,31,54,51,3,21,1,20,38,12,26,25,21,4,39,19,20
S01008021,276,136,140,28,17,11,79,33,46,43,21,22,38,12,26,26,26,0,17,1,16,22,10,12,10,10,0,13,6,7
S01008022,371,190,181,41,26,15,82,35,47,64,40,24,44,5,39,30,28,2,26,7,19,28,14,14,26,22,4,30,13,17
S01008023,402,208,194,49,35,14,80,34,46,58,38,20,52,7,45,47,42,5,28,6,22,47,18,29,19,16,3,22,12,10
S01008024,415,196,219,48,32,16,102,35,67,94,60,34,55,9,46,37,33,4,26,2,24,25,7,18,13,12,1,15,6,9
S01008025,393,200,193,28,21,7,57,22,35,38,25,13,49,9,40,56,51,5,47,6,41,34,12,22,34,29,5,50,25,25
S01008026,484,259,225,31,21,10,59,28,31,51,31,20,49,4,45,77,72,5,59,5,54,37,13,24,48,41,7,73,44,29
S01008027,263,127,136,24,11,13,28,13,15,21,15,6,32,5,27,39,35,4,31,3,28,28,9,19,23,22,1,37,14,23
S01008028,315,165,150,21,13,8,45,16,29,31,22,9,38,12,26,54,51,3,39,5,34,21,2,19,28,25,3,38,19,19
S01008029,436,231,205,51,31,20,83,35,48,47,28,19,43,9,34,85,67,18,39,11,28,28,9,19,18,17,1,42,24,18
S01008030,518,249,269,44,27,17,111,43,68,83,45,38,58,13,45,68,61,7,47,2,45,41,10,31,34,29,5,32,19,13
S01008031,403,194,209,29,15,14,54,21,33,45,25,20,49,7,42,53,52,1,46,10,36,43,10,33,41,35,6,43,19,24
S01008032,441,218,223,28,17,11,55,19,36,46,25,21,63,20,43,57,52,5,49,6,43,39,16,23,51,42,9,53,21,32
S01008033,453,241,212,68,46,22,130,62,68,74,47,27,52,10,42,33,32,1,25,4,21,33,11,22,14,13,1,24,16,8
S01008034,444,220,224,56,40,16,147,60,87,67,42,25,46,10,36,34,29,5,26,5,21,42,16,26,10,10,0,16,8,8
S01008035,312,151,161,20,15,5,79,33,46,54,31,23,60,12,48,27,26,1,14,2,12,29,10,19,18,16,2,11,6,5
S01008036,336,178,158,27,22,5,95,40,55,46,37,9,35,5,30,37,34,3,27,2,25,32,14,18,10,9,1,27,15,12
S01008037,478,234,244,23,14,9,65,23,42,60,34,26,66,12,54,70,63,7,59,9,50,51,20,31,27,25,2,57,34,23
S01008038,370,178,192,23,12,11,48,18,30,42,24,18,40,5,35,53,49,4,40,10,30,44,14,30,25,23,2,55,23,32
S01008039,424,214,210,40,26,14,62,31,31,48,27,21,45,10,35,51,49,2,44,5,39,56,18,38,21,21,0,57,27,30
S01008040,356,189,167,35,28,7,92,46,46,54,33,21,39,10,29,30,25,5,36,7,29,32,13,19,16,16,0,22,11,11
S01008041,304,148,156,27,16,11,95,45,50,58,35,23,36,7,29,21,19,2,22,5,17,18,4,14,9,7,2,18,10,8
S01008042,254,133,121,35,29,6,93,44,49,45,24,21,28,5,23,13,12,1,11,5,6,13,3,10,11,10,1,5,1,4
S01008043,437,226,211,57,43,14,169,85,84,86,36,50,34,3,31,22,21,1,18,5,13,21,9,12,20,18,2,10,6,4
S01008044,468,240,228,59,36,23,149,70,79,97,64,33,36,6,30,26,21,5,29,4,25,34,11,23,19,17,2,19,11,8
S01008045,421,223,198,52,30,22,150,81,69,66,36,30,35,7,28,34,30,4,16,4,12,32,12,20,14,12,2,22,11,11
S01008046,311,148,163,32,14,18,65,30,35,38,20,18,47,9,38,35,34,1,20,3,17,32,10,22,13,12,1,29,16,13
S01008047,305,160,145,23,19,4,114,51,63,44,24,20,33,6,27,23,23,0,20,8,12,21,10,11,12,11,1,15,8,7
S01008048,241,130,111,40,26,14,66,32,34,28,20,8,31,9,22,22,20,2,19,4,15,15,6,9,7,7,0,13,6,7
S01008049,370,198,172,37,27,10,126,57,69,66,44,22,56,15,41,22,21,1,20,5,15,17,9,8,13,12,1,13,8,5
S01008050,261,134,127,38,28,10,85,38,47,47,28,19,31,11,20,7,7,0,14,2,12,28,14,14,3,3,0,8,3,5
S01008051,429,224,205,41,29,12,169,81,88,66,46,20,47,9,38,23,20,3,24,5,19,30,14,16,16,14,2,13,6,7
S01008052,431,229,202,60,42,18,177,84,93,77,53,24,39,8,31,13,12,1,23,2,21,26,14,12,8,8,0,8,6,2
S01008053,249,123,126,26,21,5,106,47,59,35,16,19,28,2,26,15,14,1,9,4,5,11,5,6,11,9,2,8,5,3
S01008054,341,188,153,68,53,15,124,63,61,48,28,20,27,6,21,11,10,1,19,5,14,22,12,10,7,5,2,15,6,9
S01008055,488,268,220,77,57,20,201,108,93,75,46,29,42,9,33,20,16,4,13,0,13,35,14,21,8,7,1,17,11,6
S01008056,314,172,142,43,30,13,133,70,63,46,27,19,23,7,16,21,19,2,12,3,9,21,6,15,5,5,0,10,5,5
S01008057,437,230,207,66,53,13,161,76,85,59,30,29,45,10,35,26,23,3,25,5,20,24,11,13,14,12,2,17,10,7
S01008058,488,251,237,91,66,25,158,86,72,67,38,29,40,4,36,31,25,6,27,4,23,39,14,25,9,6,3,26,8,18
S01008059,347,171,176,32,22,10,94,47,47,53,31,22,57,10,47,21,20,1,26,3,23,23,12,11,20,17,3,21,9,12
S01008060,463,231,232,47,29,18,139,67,72,69,40,29,57,14,43,43,39,4,37,5,32,38,14,24,10,9,1,23,14,9
S01008061,380,188,192,48,32,16,94,38,56,72,48,24,54,11,43,18,18,0,35,8,27,27,12,15,11,10,1,21,11,10
S01008062,428,215,213,29,20,9,107,42,65,57,39,18,73,19,54,42,40,2,36,6,30,40,18,22,20,20,0,24,11,13
S01008063,448,233,215,42,25,17,145,64,81,72,46,26,52,13,39,31,28,3,33,10,23,36,20,16,17,15,2,20,12,8
S01008064,315,156,159,22,19,3,52,25,27,36,19,17,40,5,35,40,36,4,44,6,38,28,17,11,14,12,2,39,17,22
S01008065,484,253,231,57,44,13,188,87,101,73,47,26,57,10,47,26,25,1,21,1,20,35,19,16,7,7,0,20,13,7
S01008066,423,229,194,79,55,24,190,97,93,57,29,28,27,8,19,14,14,0,10,3,7,19,8,11,10,7,3,17,8,9
S01008067,307,166,141,38,25,13,124,61,63,45,30,15,28,6,22,29,26,3,9,2,7,12,2,10,10,7,3,12,7,5
S01008068,467,238,229,55,30,25,137,67,70,64,41,23,57,10,47,44,43,1,30,7,23,36,16,20,22,19,3,22,5,17
S01008069,485,236,249,36,21,15,82,36,46,81,43,38,92,21,71,57,54,3,30,4,26,44,17,27,22,19,3,41,21,20
S01008070,476,235,241,21,13,8,73,30,43,81,43,38,71,18,53,64,62,2,61,7,54,50,17,33,21,20,1,34,25,9
S01008071,380,192,188,32,22,10,105,38,67,61,37,24,54,14,40,42,40,2,33,9,24,29,10,19,13,13,0,11,9,2
S01008072,402,214,188,78,57,21,163,75,88,57,36,21,39,8,31,17,16,1,12,2,10,20,7,13,7,7,0,9,6,3
S01008073,235,119,116,38,26,12,85,38,47,43,24,19,13,1,12,21,18,3,9,1,8,12,3,9,2,2,0,12,6,6
S01008074,497,240,257,44,28,16,181,82,99,73,43,30,60,15,45,43,39,4,28,3,25,37,12,25,11,10,1,20,8,12
S01008075,230,126,104,29,21,8,91,51,40,34,23,11,28,4,24,7,7,0,12,2,10,17,8,9,3,2,1,9,8,1
S01008076,228,114,114,32,23,9,86,37,49,38,21,17,28,6,22,8,8,0,11,3,8,13,7,6,6,5,1,6,4,2
S01008077,348,191,157,61,44,17,148,73,75,45,20,25,26,11,15,16,16,0,14,4,10,22,10,12,8,7,1,8,6,2
S01008078,373,207,166,59,45,14,111,59,52,48,32,16,49,15,34,23,21,2,23,4,19,29,12,17,6,4,2,25,15,10
S01008079,390,213,177,63,41,22,152,71,81,45,29,16,32,9,23,26,24,2,22,7,15,32,19,13,8,6,2,10,7,3
S01008080,336,178,158,34,24,10,110,53,57,55,35,20,43,5,38,26,25,1,22,2,20,19,10,9,20,18,2,7,6,1
S01008081,276,151,125,45,30,15,94,47,47,38,21,17,28,11,17,17,14,3,15,2,13,23,14,9,11,11,0,5,1,4
S01008082,407,201,206,51,38,13,119,44,75,62,35,27,51,11,40,29,29,0,24,5,19,41,19,22,12,11,1,18,9,9
S01008083,341,177,164,40,29,11,105,49,56,61,29,32,43,12,31,21,20,1,22,7,15,26,13,13,8,7,1,15,11,4
S01008084,418,211,207,48,32,16,105,49,56,51,31,20,51,8,43,47,41,6,41,9,32,32,9,23,19,18,1,24,14,10
S01008085,533,259,274,61,43,18,155,64,91,88,54,34,61,7,54,48,38,10,32,5,27,33,11,22,25,23,2,30,14,16
S01008086,577,293,284,55,39,16,142,63,79,95,48,47,66,7,59,68,64,4,44,5,39,35,16,19,32,28,4,40,23,17
S01008087,372,188,184,34,23,11,102,36,66,60,38,22,53,9,44,31,31,0,15,2,13,36,15,21,22,22,0,19,12,7
S01008088,422,213,209,38,24,14,88,48,40,70,37,33,70,14,56,36,35,1,28,4,24,50,19,31,23,20,3,19,12,7
S01008089,310,163,147,39,28,11,66,26,40,54,31,23,46,8,38,27,25,2,18,6,12,33,14,19,15,15,0,12,10,2
S01008090,379,195,184,32,21,11,78,40,38,65,39,26,53,9,44,41,40,1,30,2,28,35,12,23,16,13,3,29,19,10
S01008091,191,92,99,16,9,7,44,21,23,29,17,12,23,0,23,14,13,1,19,2,17,21,9,12,16,16,0,9,5,4
S01008092,396,214,182,47,32,15,96,46,50,66,39,27,56,14,42,28,25,3,25,7,18,45,23,22,11,11,0,22,17,5
S01008093,360,182,178,35,22,13,87,36,51,53,33,20,45,7,38,43,40,3,17,1,16,49,17,32,21,20,1,10,6,4
S01008094,316,172,144,46,33,13,85,41,44,39,17,22,34,3,31,37,36,1,18,5,13,27,14,13,11,10,1,19,13,6
S01008095,352,168,184,19,9,10,63,28,35,61,32,29,53,12,41,33,29,4,30,3,27,36,19,17,20,19,1,37,17,20
S01008096,337,171,166,39,28,11,84,40,44,51,30,21,51,8,43,26,24,2,23,4,19,29,10,19,17,17,0,17,10,7
S01008097,273,136,137,24,16,8,62,29,33,38,24,14,43,12,31,29,27,2,18,2,16,35,14,21,10,7,3,14,5,9
S01008098,379,185,194,31,18,13,91,36,55,55,29,26,59,10,49,42,41,1,29,5,24,34,19,15,16,15,1,22,12,10
S01008099,269,137,132,14,8,6,41,23,18,35,14,21,44,11,33,36,35,1,35,8,27,27,6,21,22,22,0,15,10,5
S01008100,399,212,187,50,33,17,121,57,64,63,42,21,56,15,41,29,27,2,19,4,15,21,5,16,16,16,0,24,13,11
S01008101,425,203,222,36,20,16,108,48,60,65,32,33,53,10,43,50,47,3,33,5,28,35,9,26,23,22,1,22,10,12
S01008102,380,187,193,30,20,10,62,26,36,58,25,33,48,6,42,58,56,2,35,3,32,41,13,28,21,20,1,27,18,9
S01008103,292,141,151,27,17,10,53,22,31,41,19,22,35,8,27,32,28,4,35,6,29,20,7,13,16,15,1,33,19,14
S01008104,405,193,212,16,10,6,45,18,27,34,13,21,64,14,50,64,61,3,65,12,53,37,17,20,23,20,3,57,28,29
S01008105,464,221,243,32,13,19,49,23,26,59,23,36,55,8,47,62,58,4,59,11,48,64,21,43,35,34,1,49,30,19
S01008106,314,145,169,13,7,6,34,10,24,33,14,19,44,7,37,40,37,3,44,8,36,34,9,25,29,28,1,43,25,18
S01008107,487,256,231,59,40,19,109,48,61,75,44,31,50,5,45,57,52,5,32,4,28,44,18,26,24,23,1,37,22,15
S01008108,394,191,203,37,25,12,80,36,44,44,22,22,55,7,48,48,46,2,37,4,33,39,11,28,24,24,0,30,16,14
S01008109,485,247,238,41,28,13,83,37,46,63,37,26,82,19,63,57,55,2,52,9,43,54,20,34,26,26,0,27,16,11
S01008110,484,238,246,41,21,20,89,31,58,75,47,28,58,10,48,61,56,5,45,9,36,48,12,36,33,31,2,34,21,13
S01008111,434,224,210,42,31,11,108,46,62,67,36,31,59,11,48,38,38,0,27,5,22,47,19,28,16,16,0,30,22,8
S01008112,385,189,196,28,22,6,79,32,47,45,28,17,63,10,53,39,38,1,34,3,31,53,20,33,22,22,0,22,14,8
S01008113,447,231,216,41,24,17,98,41,57,60,40,20,67,16,51,45,44,1,29,9,20,51,23,28,24,23,1,32,11,21
S01008114,337,177,160,28,15,13,59,25,34,49,29,20,47,13,34,43,40,3,21,5,16,39,12,27,27,25,2,24,13,11
S01008115,516,266,250,43,31,12,74,35,39,54,29,25,100,23,77,68,65,3,36,7,29,68,28,40,29,27,2,44,21,23
S01008116,472,235,237,49,39,10,122,52,70,71,48,23,68,10,58,31,27,4,42,8,34,38,15,23,21,19,2,30,17,13
S01008117,373,193,180,36,27,9,98,53,45,59,35,24,59,14,45,28,25,3,28,2,26,37,15,22,11,11,0,17,11,6
S01008118,386,194,192,31,20,11,92,39,53,57,35,22,52,11,41,41,35,6,28,5,23,30,11,19,22,21,1,33,17,16
S01008119,278,138,140,11,5,6,30,10,20,17,11,6,23,5,18,44,37,7,40,11,29,36,8,28,32,31,1,45,20,25
S01008120,272,140,132,26,16,10,79,38,41,32,20,12,38,9,29,32,28,4,24,6,18,18,4,14,8,7,1,15,12,3
S01008121,305,160,145,34,25,9,117,53,64,34,21,13,42,13,29,17,17,0,20,5,15,23,13,10,7,6,1,11,7,4
S01008122,346,191,155,51,37,14,128,70,58,69,34,35,32,7,25,18,17,1,13,3,10,19,8,11,5,5,0,11,10,1
S01008123,437,224,213,56,41,15,164,73,91,82,47,35,40,5,35,26,24,2,20,7,13,25,10,15,6,6,0,18,11,7
S01008124,433,222,211,50,36,14,117,44,73,64,45,19,63,10,53,38,38,0,27,5,22,38,20,18,15,14,1,21,10,11
S01008125,455,240,215,52,42,10,105,48,57,81,49,32,62,9,53,42,37,5,33,6,27,41,18,23,17,17,0,22,14,8
S01008126,459,226,233,43,30,13,123,59,64,85,45,40,74,18,56,37,36,1,31,5,26,36,10,26,18,17,1,12,6,6
S01008127,251,128,123,25,17,8,86,37,49,39,25,14,38,10,28,15,15,0,19,3,16,13,8,5,10,10,0,6,3,3
S01008128,442,228,214,34,21,13,100,46,54,62,38,24,68,17,51,45,40,5,39,8,31,39,15,24,22,22,0,33,21,12
S01008129,433,212,221,35,16,19,80,37,43,46,25,21,59,11,48,58,54,4,50,15,35,44,10,34,28,27,1,33,17,16
S01008130,468,247,221,43,25,18,64,25,39,79,46,33,55,20,35,49,47,2,60,16,44,43,17,26,36,31,5,39,20,19
S01008131,350,176,174,22,14,8,51,23,28,55,29,26,54,14,40,30,25,5,30,1,29,37,10,27,34,31,3,37,29,8
S01008132,469,242,227,49,31,18,119,54,65,73,44,29,76,18,58,45,43,2,31,5,26,34,16,18,17,17,0,25,14,11
S01008133,248,132,116,22,13,9,55,30,25,29,20,9,26,5,21,28,25,3,24,4,20,26,5,21,17,15,2,21,15,6
S01008134,325,167,158,25,17,8,70,28,42,67,41,26,34,6,28,32,31,1,33,6,27,34,11,23,13,12,1,17,15,2
S01008135,597,299,298,49,28,21,116,52,64,82,41,41,74,19,55,83,80,3,70,14,56,47,13,34,36,34,2,40,18,22
S01008136,434,217,217,27,15,12,63,27,36,57,31,26,62,13,49,45,43,2,45,4,41,42,13,29,42,38,4,51,33,18
S01008137,323,144,179,18,9,9,28,10,18,16,9,7,15,5,10,40,35,5,46,5,41,58,12,46,35,33,2,67,26,41
S01008138,329,150,179,17,11,6,24,10,14,19,8,11,31,7,24,50,43,7,59,9,50,38,8,30,30,23,7,61,31,30
S01008139,363,157,206,19,9,10,54,19,35,34,20,14,53,6,47,45,43,2,48,8,40,37,10,27,29,23,6,44,19,25
S01008140,204,104,100,14,9,5,30,15,15,21,17,4,25,5,20,24,23,1,27,4,23,23,7,16,12,12,0,28,12,16
S01008141,425,217,208,21,14,7,87,34,53,61,41,20,58,9,49,59,57,2,41,6,35,35,9,26,30,27,3,33,20,13
S01008142,445,224,221,40,26,14,78,34,44,65,36,29,65,9,56,55,51,4,37,5,32,49,18,31,27,27,0,29,18,11
S01008143,390,173,217,20,12,8,70,27,43,39,23,16,53,9,44,52,49,3,52,7,45,32,3,29,31,28,3,41,15,26
S01008144,308,164,144,22,13,9,56,24,32,46,32,14,45,16,29,39,36,3,32,7,25,36,12,24,21,21,0,11,3,8
S01008145,383,196,187,21,13,8,38,13,25,47,21,26,27,4,23,48,44,4,50,10,40,32,9,23,52,46,6,68,36,32
S01008146,210,111,99,16,13,3,20,6,14,18,10,8,18,2,16,27,19,8,19,2,17,19,9,10,34,28,6,39,22,17
S01008147,405,203,202,32,16,16,41,16,25,54,29,25,49,7,42,51,49,2,44,7,37,55,19,36,42,42,0,37,18,19
S01008148,420,214,206,28,17,11,68,25,43,56,28,28,73,20,53,66,61,5,42,11,31,36,14,22,25,24,1,26,14,12
S01008149,335,153,182,23,14,9,40,9,31,32,16,16,53,8,45,42,37,5,44,7,37,36,11,25,31,29,2,34,22,12
S01008150,407,203,204,21,15,6,49,18,31,47,26,21,56,16,40,64,63,1,53,2,51,41,10,31,32,31,1,44,22,22
S01008151,317,160,157,11,7,4,38,15,23,35,18,17,27,7,20,45,40,5,55,14,41,27,8,19,36,32,4,43,19,24
S01008152,437,198,239,25,15,10,55,15,40,53,26,27,63,11,52,56,53,3,53,9,44,54,19,35,24,22,2,54,28,26
S01008153,463,244,219,46,30,16,89,43,46,64,39,25,59,9,50,53,50,3,44,9,35,43,19,24,24,23,1,41,22,19
S01008154,377,183,194,40,29,11,88,30,58,53,34,19,54,9,45,32,28,4,26,3,23,35,11,24,21,21,0,28,18,10
S01008155,349,169,180,29,21,8,72,26,46,46,24,22,56,12,44,35,32,3,33,8,25,33,11,22,21,20,1,24,15,9
S01008156,438,211,227,45,27,18,81,27,54,46,24,22,39,8,31,64,58,6,48,11,37,45,15,30,21,18,3,49,23,26
S01008157,383,190,193,31,18,13,92,40,52,61,33,28,38,6,32,48,45,3,38,5,33,37,13,24,20,19,1,18,11,7
S01008158,462,233,229,37,30,7,89,29,60,60,35,25,72,16,56,64,62,2,46,7,39,32,6,26,23,22,1,39,26,13
S01008159,384,200,184,25,16,9,49,18,31,32,15,17,27,9,18,54,47,7,80,26,54,38,14,24,22,21,1,57,34,23
S01008160,389,190,199,26,18,8,62,22,40,39,19,20,31,5,26,47,45,2,66,20,46,26,2,24,38,34,4,54,25,29
S01008161,603,299,304,68,42,26,152,50,102,91,50,41,54,8,46,73,67,6,47,14,33,35,6,29,35,32,3,48,30,18
S01008162,520,276,244,53,30,23,115,50,65,74,43,31,36,9,27,72,67,5,65,12,53,36,14,22,33,33,0,36,18,18
S01008163,332,171,161,27,16,11,24,13,11,25,16,9,30,4,26,55,53,2,49,3,46,43,9,34,31,29,2,48,28,20
S01008164,531,227,304,24,18,6,31,11,20,58,34,24,46,10,36,58,52,6,71,16,55,104,17,87,25,24,1,114,45,69
S01008165,441,233,208,56,36,20,76,37,39,72,41,31,59,12,47,67,62,5,37,7,30,34,11,23,19,17,2,21,10,11
S01008166,257,131,126,12,6,6,20,7,13,25,13,12,21,2,19,50,48,2,43,5,38,26,8,18,17,17,0,43,25,18
S01008167,310,158,152,18,8,10,14,6,8,24,16,8,31,4,27,53,51,2,44,4,40,43,9,34,41,37,4,42,23,19
S01008168,369,180,189,19,11,8,36,11,25,40,23,17,53,9,44,43,38,5,39,7,32,37,10,27,39,37,2,63,34,29
S01008169,376,183,193,26,14,12,28,15,13,28,14,14,49,14,35,54,51,3,65,10,55,41,8,33,38,35,3,47,22,25
S01008170,326,164,162,45,27,18,65,33,32,51,31,20,43,4,39,28,26,2,28,4,24,31,14,17,19,18,1,16,7,9
S01008171,350,166,184,24,13,11,58,25,33,43,16,27,50,11,39,42,38,4,37,5,32,40,20,20,21,20,1,35,18,17
S01008172,267,121,146,26,9,17,23,11,12,31,18,13,50,8,42,35,33,2,23,1,22,41,9,32,14,13,1,24,19,5
S01008173,357,170,187,23,13,10,50,22,28,49,32,17,72,14,58,37,35,2,30,1,29,40,16,24,16,15,1,40,22,18
S01008174,305,155,150,20,9,11,41,19,22,32,18,14,60,14,46,44,40,4,25,3,22,38,19,19,20,18,2,25,15,10
S01008175,410,197,213,29,17,12,53,19,34,51,30,21,74,17,57,53,47,6,43,11,32,35,11,24,29,26,3,43,19,24
S01008176,385,197,188,57,41,16,104,45,59,55,23,32,37,7,30,39,36,3,28,6,22,26,7,19,13,13,0,26,19,7
S01008177,340,177,163,26,19,7,55,23,32,45,26,19,45,9,36,37,34,3,41,7,34,31,13,18,27,26,1,33,20,13
S01008178,307,162,145,22,18,4,43,22,21,43,24,19,57,10,47,31,31,0,31,9,22,35,12,23,20,20,0,25,16,9
S01008179,294,147,147,31,22,9,56,27,29,50,29,21,41,8,33,33,32,1,30,3,27,28,7,21,14,11,3,11,8,3
S01008180,286,136,150,30,16,14,61,33,28,41,21,20,60,8,52,29,29,0,20,1,19,26,14,12,7,7,0,12,7,5
S01008181,337,178,159,42,27,15,55,24,31,42,28,14,69,18,51,37,36,1,30,8,22,34,14,20,15,14,1,13,9,4
S01008182,525,253,272,33,20,13,88,33,55,74,32,42,67,14,53,56,51,5,46,13,33,64,24,40,32,31,1,65,35,30
S01008183,341,165,176,28,12,16,65,31,34,51,25,26,42,10,32,40,37,3,35,3,32,34,14,20,20,19,1,26,14,12
S01008184,398,196,202,47,24,23,62,22,40,48,27,21,65,22,43,40,31,9,36,12,24,39,15,24,18,18,0,43,25,18
S01008185,506,243,263,36,21,15,76,35,41,58,27,31,81,21,60,64,59,5,52,9,43,54,18,36,29,25,4,56,28,28
S01008186,326,153,173,23,12,11,66,28,38,56,28,28,48,7,41,35,31,4,27,7,20,27,10,17,17,16,1,27,14,13
S01008187,297,145,152,20,10,10,42,22,20,34,16,18,29,10,19,38,37,1,37,3,34,38,10,28,22,19,3,37,18,19
S01008188,387,181,206,28,19,9,43,21,22,45,20,25,49,6,43,46,38,8,45,7,38,50,16,34,25,24,1,56,30,26
S01008189,274,137,137,18,6,12,45,18,27,32,22,10,48,15,33,30,29,1,34,9,25,25,10,15,14,13,1,28,15,13
S01008190,402,197,205,21,13,8,41,16,25,27,18,9,45,6,39,48,46,2,63,14,49,50,15,35,28,27,1,79,42,37
S01008191,222,105,117,16,11,5,20,9,11,26,17,9,31,7,24,32,27,5,25,3,22,29,7,22,11,8,3,32,16,16
S01008192,432,212,220,34,21,13,68,30,38,51,27,24,54,10,44,44,41,3,47,10,37,44,17,27,30,27,3,60,29,31
S01008193,389,190,199,30,19,11,75,37,38,48,35,13,43,6,37,31,29,2,54,6,48,45,13,32,17,15,2,46,30,16
S01008194,296,150,146,28,18,10,53,19,34,32,20,12,32,7,25,42,36,6,33,6,27,32,12,20,18,17,1,26,15,11
S01008195,385,184,201,24,18,6,22,10,12,40,26,14,44,6,38,52,45,7,62,10,52,60,18,42,30,29,1,51,22,29
S01008196,355,168,187,21,10,11,14,4,10,30,15,15,45,9,36,53,51,2,57,9,48,56,16,40,30,29,1,49,25,24
S01008197,596,305,291,58,32,26,100,40,60,105,52,53,83,23,60,78,73,5,57,9,48,36,14,22,44,41,3,35,21,14
S01008198,318,157,161,16,9,7,20,7,13,33,17,16,30,4,26,64,60,4,43,6,37,42,9,33,17,15,2,53,30,23
S01008199,331,169,162,16,7,9,13,4,9,25,17,8,30,7,23,56,49,7,43,7,36,38,3,35,40,36,4,70,39,31
S01008200,249,113,136,11,2,9,20,6,14,21,8,13,34,4,30,39,35,4,30,5,25,29,6,23,26,23,3,39,24,15
S01008201,329,167,162,17,11,6,20,7,13,39,21,18,41,10,31,49,44,5,36,8,28,37,9,28,28,26,2,62,31,31
S01008202,269,134,135,27,16,11,20,10,10,35,17,18,48,15,33,34,33,1,35,6,29,24,6,18,11,11,0,35,20,15
S01008203,240,115,125,22,11,11,14,6,8,23,11,12,26,5,21,37,27,10,26,2,24,29,11,18,24,21,3,39,21,18
S01008204,339,185,154,30,18,12,47,22,25,47,25,22,48,13,35,51,49,2,37,8,29,23,9,14,28,26,2,28,15,13
S01008205,334,164,170,26,14,12,29,10,19,29,15,14,31,10,21,52,47,5,53,7,46,34,4,30,30,29,1,50,28,22
S01008206,292,150,142,18,12,6,20,7,13,26,8,18,34,6,28,59,55,4,37,8,29,25,4,21,30,26,4,43,24,19
S01008207,277,139,138,17,13,4,9,4,5,16,5,11,41,14,27,48,44,4,44,5,39,36,8,28,25,24,1,41,22,19
S01008208,474,228,246,37,18,19,75,31,44,62,31,31,72,15,57,64,58,6,42,4,38,36,9,27,37,33,4,49,29,20
S01008209,328,160,168,37,19,18,34,13,21,44,26,18,51,11,40,43,40,3,35,2,33,44,21,23,21,20,1,19,8,11
S01008210,456,236,220,42,25,17,53,22,31,55,33,22,70,16,54,78,71,7,49,10,39,35,9,26,35,31,4,39,19,20
S01008211,435,223,212,30,11,19,78,34,44,56,35,21,66,24,42,46,42,4,55,13,42,35,10,25,36,33,3,33,21,12
S01008212,341,173,168,29,19,10,50,24,26,47,29,18,72,12,60,50,45,5,26,3,23,21,6,15,23,21,2,23,14,9
S01008213,531,277,254,41,29,12,88,41,47,85,47,38,77,15,62,56,53,3,49,7,42,62,26,36,40,36,4,33,23,10
S01008214,289,151,138,19,11,8,39,16,23,32,20,12,41,11,30,43,39,4,35,7,28,37,13,24,18,15,3,25,19,6
S01008215,378,188,190,23,17,6,51,18,33,50,33,17,64,18,46,41,37,4,45,5,40,37,10,27,24,23,1,43,27,16
S01008216,292,147,145,27,18,9,38,16,22,40,20,20,58,10,48,36,34,2,20,2,18,26,7,19,23,21,2,24,19,5
S01008217,321,171,150,50,27,23,63,32,31,67,44,23,43,8,35,34,31,3,19,5,14,14,3,11,9,8,1,22,13,9
S01008218,645,336,309,71,50,21,129,67,62,93,54,39,98,17,81,73,62,11,56,11,45,50,22,28,25,20,5,50,33,17
S01008219,522,267,255,43,30,13,66,28,38,71,33,38,65,16,49,73,68,5,65,11,54,48,11,37,38,35,3,53,35,18
S01008220,265,131,134,7,4,3,16,8,8,22,8,14,19,0,19,55,45,10,45,12,33,38,9,29,25,24,1,38,21,17
S01008221,285,144,141,26,13,13,21,10,11,25,12,13,26,5,21,38,34,4,37,7,30,37,10,27,21,20,1,54,33,21
S01008222,240,125,115,19,13,6,16,6,10,18,9,9,28,9,19,32,27,5,34,7,27,34,7,27,29,27,2,30,20,10
S01008223,249,122,127,14,10,4,22,8,14,27,17,10,37,5,32,28,27,1,35,6,29,34,8,26,21,21,0,31,20,11
S01008224,552,285,267,37,22,15,58,25,33,76,50,26,90,15,75,82,77,5,75,16,59,60,23,37,36,34,2,38,23,15
S01008225,379,196,183,20,11,9,37,12,25,47,35,12,46,8,38,57,52,5,51,7,44,43,14,29,32,29,3,46,28,18
S01008226,321,157,164,13,6,7,17,4,13,32,19,13,36,10,26,44,41,3,50,14,36,43,10,33,29,27,2,57,26,31
S01008227,375,192,183,21,11,10,20,6,14,25,17,8,43,12,31,55,52,3,63,13,50,41,5,36,42,40,2,65,36,29
S01008228,339,174,165,28,14,14,43,20,23,61,27,34,44,10,34,47,46,1,31,10,21,41,17,24,25,23,2,19,7,12
S01008229,324,158,166,25,9,16,16,8,8,45,19,26,43,10,33,44,39,5,36,6,30,32,11,21,28,26,2,55,30,25
S01008230,488,248,240,43,29,14,53,19,34,86,43,43,72,11,61,77,75,2,42,7,35,46,7,39,37,36,1,32,21,11
S01008231,444,227,217,57,38,19,63,30,33,51,35,16,68,6,62,75,68,7,40,1,39,40,8,32,29,28,1,21,13,8
S01008232,390,194,196,27,15,12,66,28,38,64,32,32,58,8,50,60,57,3,28,2,26,43,13,30,17,17,0,27,22,5
S01008233,272,145,127,27,17,10,45,19,26,46,25,21,36,7,29,39,38,1,30,7,23,11,3,8,14,12,2,24,17,7
S01008234,173,83,90,9,6,3,13,7,6,19,14,5,23,4,19,29,27,2,34,4,30,15,1,14,12,12,0,19,8,11
S01008235,401,206,195,25,14,11,46,18,28,50,24,26,52,6,46,84,77,7,51,7,44,26,5,21,29,28,1,38,27,11
S01008236,414,211,203,35,22,13,80,37,43,48,22,26,53,12,41,74,66,8,42,6,36,26,6,20,27,24,3,29,16,13
S01008237,426,225,201,42,18,24,53,24,29,41,23,18,44,10,34,70,64,6,53,9,44,42,18,24,32,28,4,49,31,18
S01008238,342,179,163,17,12,5,27,8,19,38,23,15,37,8,29,54,51,3,48,7,41,38,7,31,41,38,3,42,25,17
S01008239,411,213,198,42,21,21,44,18,26,46,28,18,46,5,41,73,69,4,52,10,42,34,12,22,27,25,2,47,25,22
S01008240,398,204,194,37,26,11,100,48,52,67,34,33,43,9,34,46,41,5,35,3,32,30,13,17,15,15,0,25,15,10
S01008241,301,152,149,51,32,19,67,29,38,51,31,20,36,8,28,36,31,5,26,3,23,14,5,9,7,7,0,13,6,7
S01008242,383,204,179,41,29,12,71,39,32,52,23,29,46,5,41,56,52,4,41,9,32,29,13,16,16,16,0,31,18,13
S01008243,460,248,212,65,50,15,122,60,62,62,33,29,45,8,37,52,46,6,32,5,27,14,4,10,22,17,5,46,25,21
S01008244,242,109,133,29,19,10,65,26,39,35,17,18,30,6,24,22,20,2,21,2,19,10,4,6,9,9,0,21,6,15
S01008245,507,269,238,58,39,19,129,64,65,80,44,36,52,12,40,49,47,2,56,9,47,27,14,13,25,24,1,31,16,15
S01008246,524,273,251,70,44,26,144,71,73,89,46,43,54,10,44,59,53,6,40,4,36,18,6,12,21,20,1,29,19,10
S01008247,434,221,213,64,40,24,82,38,44,62,31,31,37,3,34,66,57,9,45,7,38,25,10,15,24,23,1,29,12,17
S01008248,424,228,196,43,25,18,92,43,49,40,25,15,40,5,35,68,60,8,43,10,33,23,5,18,30,25,5,45,30,15
S01008249,445,246,199,78,46,32,101,51,50,62,39,23,32,4,28,79,70,9,41,4,37,6,1,5,18,15,3,28,16,12
S01008250,533,271,262,83,56,27,148,71,77,75,33,42,56,10,46,60,55,5,33,5,28,31,14,17,13,11,2,34,16,18
S01008251,381,199,182,54,38,16,124,64,60,52,32,20,45,6,39,26,22,4,26,3,23,17,7,10,16,16,0,21,11,10
S01008252,406,218,188,46,28,18,89,46,43,62,39,23,54,18,36,41,37,4,28,4,24,42,16,26,16,16,0,28,14,14
S01008253,352,184,168,18,11,7,54,20,34,33,19,14,35,13,22,66,61,5,47,3,44,20,5,15,34,31,3,45,21,24
S01008254,441,232,209,27,19,8,61,29,32,48,28,20,34,8,26,64,58,6,69,13,56,34,9,25,44,40,4,60,28,32
S01008255,359,179,180,27,17,10,66,36,30,36,19,17,39,8,31,48,42,6,49,6,43,35,10,25,22,20,2,37,21,16
S01008256,400,209,191,27,15,12,53,23,30,27,14,13,26,3,23,63,57,6,51,13,38,40,16,24,39,31,8,74,37,37
S01008257,256,131,125,19,12,7,49,21,28,38,25,13,23,5,18,35,31,4,31,7,24,19,3,16,19,18,1,23,9,14
S01008258,477,251,226,44,32,12,80,34,46,67,39,28,60,11,49,49,40,9,47,12,35,49,22,27,34,30,4,47,31,16
S01008259,392,216,176,52,35,17,82,41,41,46,27,19,40,10,30,48,43,5,41,6,35,19,10,9,24,21,3,40,23,17
S01008260,388,195,193,24,13,11,46,20,26,37,16,21,44,11,33,41,37,4,68,18,50,27,8,19,41,38,3,60,34,26
S01008261,437,227,210,23,15,8,45,11,34,44,28,16,36,3,33,74,67,7,60,13,47,45,16,29,43,37,6,67,37,30
S01008262,333,164,169,34,22,12,81,27,54,35,19,16,17,3,14,56,48,8,35,7,28,14,2,12,16,15,1,45,21,24
S01008263,286,156,130,44,26,18,89,49,40,35,18,17,31,6,25,30,23,7,14,6,8,14,6,8,7,7,0,22,15,7
S01008264,344,173,171,26,15,11,51,27,24,41,25,16,33,6,27,56,47,9,48,6,42,24,6,18,25,23,2,40,18,22
S01008265,278,155,123,46,31,15,84,47,37,43,26,17,29,7,22,21,19,2,16,1,15,12,6,6,7,7,0,20,11,9
S01008266,282,151,131,54,35,19,79,39,40,41,26,15,30,10,20,23,19,4,21,3,18,14,7,7,4,3,1,16,9,7
S01008267,406,227,179,61,37,24,84,44,40,52,29,23,36,10,26,52,46,6,38,10,28,21,11,10,14,14,0,48,26,22
S01008268,365,209,156,91,58,33,115,64,51,59,38,21,23,9,14,16,15,1,24,3,21,7,3,4,6,6,0,24,13,11
S01008269,283,149,134,36,25,11,72,44,28,45,27,18,41,9,32,15,10,5,25,4,21,22,8,14,9,8,1,18,14,4
S01008270,296,148,148,42,23,19,96,52,44,52,26,26,29,5,24,22,18,4,16,5,11,15,7,8,9,5,4,15,7,8
S01008271,318,165,153,54,36,18,46,15,31,40,28,12,29,5,24,39,34,5,44,10,34,25,10,15,11,11,0,30,16,14
S01008272,482,249,233,65,44,21,98,45,53,72,47,25,44,8,36,57,46,11,41,6,35,31,11,20,14,13,1,60,29,31
S01008273,367,180,187,50,33,17,90,43,47,59,41,18,42,8,34,26,23,3,25,3,22,29,3,26,15,14,1,31,12,19
S01008274,304,157,147,26,14,12,32,16,16,23,12,11,27,6,21,54,48,6,44,11,33,28,8,20,16,16,0,54,26,28
S01008275,258,141,117,33,23,10,76,40,36,36,19,17,23,5,18,27,23,4,17,2,15,8,4,4,9,8,1,29,17,12
S01008276,276,150,126,43,31,12,81,36,45,35,21,14,24,7,17,26,22,4,18,3,15,15,6,9,9,8,1,25,16,9
S01008277,264,140,124,51,35,16,56,26,30,38,17,21,17,3,14,49,41,8,19,1,18,10,3,7,10,8,2,14,6,8
S01008278,371,193,178,55,34,21,111,61,50,62,35,27,31,6,25,28,18,10,27,3,24,19,7,12,16,15,1,22,14,8
S01008279,335,171,164,29,19,10,69,30,39,41,20,21,33,9,24,57,49,8,30,3,27,19,3,16,22,22,0,35,16,19
S01008280,481,258,223,55,33,22,116,56,60,68,37,31,44,8,36,68,59,9,44,11,33,23,3,20,23,22,1,40,29,11
S01008281,394,206,188,43,31,12,77,33,44,53,18,35,38,6,32,71,62,9,35,6,29,14,7,7,27,23,4,36,20,16
S01008282,365,194,171,48,33,15,60,22,38,52,31,21,32,6,26,71,58,13,29,4,25,14,5,9,17,16,1,42,19,23
S01008283,278,145,133,36,25,11,77,38,39,35,15,20,38,11,27,24,20,4,20,7,13,11,4,7,14,13,1,23,12,11
S01008284,437,226,211,57,42,15,83,35,48,53,34,19,38,4,34,63,54,9,51,6,45,23,9,14,28,25,3,41,17,24
S01008285,316,156,160,10,6,4,24,10,14,19,9,10,33,11,22,57,50,7,54,9,45,27,3,24,38,38,0,54,20,34
S01008286,354,189,165,21,13,8,44,20,24,22,8,14,32,5,27,63,58,5,35,10,25,36,8,28,44,41,3,57,26,31
S01008287,376,191,185,33,20,13,81,34,47,40,25,15,32,7,25,50,44,6,51,4,47,16,5,11,25,22,3,48,30,18
S01008288,401,213,188,46,28,18,76,42,34,47,25,22,53,21,32,45,38,7,35,3,32,24,7,17,37,32,5,38,17,21
S01008289,342,175,167,27,14,13,41,23,18,48,30,18,30,7,23,58,51,7,44,5,39,30,10,20,25,24,1,39,11,28
S01008290,418,216,202,58,33,25,86,40,46,57,35,22,36,2,34,39,37,2,42,14,28,35,12,23,27,24,3,38,19,19
S01008291,315,165,150,20,13,7,48,25,23,41,22,19,37,5,32,55,54,1,32,1,31,24,4,20,31,28,3,27,13,14
S01008292,389,188,201,32,16,16,58,30,28,31,20,11,38,7,31,35,30,5,61,8,53,30,7,23,41,38,3,63,32,31
S01008293,297,153,144,45,29,16,78,38,40,58,43,15,40,5,35,20,17,3,17,1,16,18,5,13,9,9,0,12,6,6
S01008294,463,246,217,47,32,15,113,59,54,68,43,25,61,11,50,48,45,3,37,5,32,25,4,21,38,36,2,26,11,15
S01008295,553,282,271,39,26,13,63,21,42,72,43,29,87,19,68,71,64,7,81,16,65,47,17,30,59,56,3,34,20,14
S01008296,283,155,128,17,14,3,45,23,22,31,18,13,31,8,23,41,38,3,34,6,28,29,9,20,25,21,4,30,18,12
S01008297,393,207,186,29,19,10,72,24,48,63,36,27,62,17,45,53,51,2,42,11,31,33,15,18,20,20,0,19,14,5
S01008298,384,208,176,24,17,7,75,31,44,54,30,24,44,7,37,53,47,6,30,8,22,42,15,27,35,33,2,27,20,7
S01008299,278,149,129,18,12,6,37,16,21,36,23,13,36,11,25,35,34,1,27,3,24,29,11,18,16,15,1,44,24,20
S01008300,362,168,194,26,15,11,37,12,25,37,19,18,43,5,38,51,48,3,66,11,55,39,16,23,21,21,0,42,21,21
S01008301,463,242,221,35,22,13,83,46,37,66,37,29,79,19,60,61,55,6,48,10,38,35,13,22,30,29,1,26,11,15
S01008302,368,194,174,50,34,16,96,45,51,50,32,18,43,10,33,45,39,6,22,0,22,26,10,16,14,11,3,22,13,9
S01008303,275,143,132,32,22,10,44,18,26,33,24,9,46,8,38,26,24,2,28,7,21,21,11,10,19,14,5,26,15,11
S01008304,232,128,104,23,16,7,65,27,38,31,18,13,23,4,19,24,22,2,17,4,13,21,17,4,9,7,2,19,13,6
S01008305,429,210,219,31,22,9,75,32,43,66,36,30,73,11,62,51,50,1,40,7,33,45,18,27,17,16,1,31,18,13
S01008306,351,171,180,19,13,6,59,23,36,52,25,27,53,11,42,46,46,0,41,7,34,38,8,30,28,26,2,15,12,3
S01008307,313,160,153,27,18,9,53,22,31,54,37,17,57,10,47,26,26,0,23,4,19,37,16,21,11,11,0,25,16,9
S01008308,281,148,133,28,21,7,62,24,38,39,28,11,52,9,43,28,28,0,22,6,16,24,14,10,13,11,2,13,7,6
S01008309,273,135,138,24,17,7,36,16,20,21,14,7,35,7,28,37,31,6,32,10,22,26,3,23,22,21,1,40,16,24
S01008310,444,219,225,29,20,9,68,23,45,50,31,19,76,10,66,46,43,3,42,7,35,42,17,25,45,44,1,46,24,22
S01008311,187,103,84,12,8,4,20,7,13,25,16,9,22,1,21,24,24,0,23,5,18,24,13,11,13,12,1,24,17,7
S01008312,206,106,100,18,14,4,41,21,20,34,20,14,28,5,23,17,17,0,20,5,15,21,9,12,7,5,2,20,10,10
S01008313,338,162,176,30,21,9,31,10,21,35,18,17,34,4,30,31,27,4,63,15,48,30,13,17,38,36,2,46,18,28
S01008314,270,139,131,17,9,8,30,13,17,24,17,7,36,8,28,31,27,4,36,10,26,40,14,26,25,25,0,31,16,15
S01008315,317,151,166,12,11,1,32,11,21,35,17,18,35,5,30,43,40,3,52,7,45,39,14,25,28,26,2,41,20,21
S01008316,193,89,104,10,5,5,21,10,11,21,6,15,19,5,14,21,18,3,28,3,25,21,9,12,20,14,6,32,19,13
S01008317,354,186,168,32,21,11,52,23,29,41,21,20,42,9,33,36,34,2,39,5,34,41,22,19,36,35,1,35,16,19
S01008318,486,249,237,52,36,16,109,40,69,69,41,28,63,16,47,46,39,7,36,10,26,47,16,31,38,36,2,26,15,11
S01008319,311,150,161,23,14,9,38,16,22,29,14,15,49,8,41,33,29,4,39,10,29,31,11,20,37,33,4,32,15,17
S01008320,267,141,126,13,12,1,28,12,16,43,20,23,27,4,23,30,29,1,44,16,28,29,10,19,31,26,5,22,12,10
S01008321,303,151,152,24,13,11,61,28,33,38,22,16,45,9,36,38,36,2,32,6,26,24,12,12,23,18,5,18,7,11
S01008322,473,224,249,29,19,10,74,25,49,57,35,22,73,14,59,61,57,4,59,10,49,45,12,33,28,27,1,47,25,22
S01008323,304,152,152,16,10,6,25,8,17,24,12,12,34,9,25,48,45,3,41,10,31,48,9,39,33,30,3,35,19,16
S01008324,281,145,136,21,14,7,37,14,23,21,8,13,39,8,31,35,33,2,29,7,22,36,16,20,33,31,2,30,14,16
S01008325,308,138,170,11,4,7,27,6,21,37,21,16,44,10,34,33,30,3,58,9,49,23,8,15,33,31,2,42,19,23
S01008326,395,197,198,26,11,15,28,8,20,27,18,9,57,13,44,57,51,6,47,11,36,50,15,35,43,41,2,60,29,31
S01008327,375,188,187,19,12,7,32,11,21,30,19,11,62,16,46,43,42,1,47,12,35,47,11,36,42,37,5,53,28,25
S01008328,358,179,179,40,32,8,105,56,49,62,32,30,52,12,40,17,17,0,33,4,29,23,8,15,12,9,3,14,9,5
S01008329,460,237,223,61,40,21,116,49,67,77,50,27,66,17,49,40,36,4,29,5,24,47,25,22,9,9,0,15,6,9
S01008330,457,226,231,52,36,16,95,43,52,65,40,25,60,18,42,41,37,4,42,3,39,55,21,34,17,16,1,30,12,18
S01008331,342,169,173,31,24,7,62,28,34,62,33,29,49,6,43,26,24,2,33,6,27,40,21,19,16,16,0,23,11,12
S01008332,426,216,210,57,42,15,135,62,73,50,37,13,57,12,45,17,16,1,32,8,24,42,16,26,12,11,1,24,12,12
S01008333,390,203,187,90,57,33,107,51,56,68,35,33,31,2,29,22,17,5,16,2,14,28,16,12,14,14,0,14,9,5
S01008334,324,172,152,38,25,13,92,47,45,63,31,32,29,10,19,27,26,1,21,4,17,33,12,21,6,6,0,15,11,4
S01008335,306,148,158,30,25,5,68,26,42,47,30,17,35,9,26,24,22,2,34,2,32,29,12,17,10,9,1,29,13,16
S01008336,299,150,149,40,28,12,64,27,37,37,20,17,33,6,27,25,22,3,30,4,26,36,20,16,11,11,0,23,12,11
S01008337,465,233,232,50,34,16,132,64,68,86,46,40,52,8,44,36,33,3,41,10,31,33,14,19,12,11,1,23,13,10
S01008338,449,228,221,64,48,16,147,69,78,71,39,32,50,8,42,32,31,1,21,4,17,38,15,23,6,6,0,20,8,12
S01008339,377,190,187,36,23,13,84,41,43,71,42,29,60,14,46,26,21,5,21,7,14,45,20,25,9,9,0,25,13,12
S01008340,472,228,244,44,26,18,130,62,68,67,39,28,69,15,54,36,33,3,28,2,26,57,22,35,16,16,0,25,13,12
S01008341,369,189,180,67,44,23,110,52,58,61,42,19,34,7,27,13,9,4,17,1,16,41,18,23,9,8,1,17,8,9
S01008342,409,219,190,39,26,13,123,63,60,60,34,26,41,8,33,33,31,2,22,5,17,47,24,23,10,10,0,34,18,16
S01008343,397,218,179,61,43,18,136,67,69,67,45,22,39,10,29,18,17,1,17,0,17,35,17,18,7,7,0,17,12,5
S01008344,412,231,181,92,75,17,159,81,78,52,32,20,32,5,27,13,10,3,16,5,11,29,14,15,7,6,1,12,3,9
S01008345,390,218,172,102,74,28,130,67,63,52,28,24,38,7,31,18,14,4,12,2,10,18,12,6,6,6,0,14,8,6
S01008346,447,231,216,107,79,28,146,70,76,63,37,26,44,7,37,15,13,2,13,0,13,24,8,16,13,11,2,22,6,16
S01008347,398,196,202,50,32,18,117,50,67,60,40,20,35,9,26,26,25,1,33,1,32,42,13,29,15,15,0,20,11,9
S01008348,309,161,148,45,30,15,103,56,47,51,26,25,32,8,24,18,17,1,16,0,16,24,7,17,10,9,1,10,8,2
S01008349,393,212,181,90,58,32,132,73,59,59,40,19,39,6,33,14,12,2,19,1,18,26,11,15,2,2,0,12,9,3
S01008350,242,128,114,54,38,16,71,27,44,32,22,10,29,9,20,10,10,0,12,3,9,17,5,12,8,8,0,9,6,3
S01008351,424,213,211,74,51,23,137,72,65,62,31,31,44,14,30,18,17,1,26,2,24,40,16,24,5,5,0,18,5,13
S01008352,291,168,123,53,42,11,101,55,46,42,21,21,27,5,22,12,12,0,9,1,8,28,15,13,5,5,0,14,12,2
S01008353,224,119,105,41,32,9,75,39,36,34,18,16,20,4,16,11,9,2,9,0,9,21,7,14,5,5,0,8,5,3
S01008354,337,183,154,67,42,25,85,44,41,46,29,17,38,6,32,47,42,5,13,1,12,16,5,11,7,5,2,18,9,9
S01008355,277,135,142,34,20,14,50,23,27,44,22,22,42,8,34,28,28,0,25,3,22,21,6,15,15,14,1,18,11,7
S01008356,324,158,166,31,20,11,67,31,36,58,34,24,42,6,36,29,28,1,34,5,29,31,12,19,17,15,2,15,7,8
S01008357,344,167,177,37,28,9,89,39,50,55,35,20,43,9,34,23,18,5,33,7,26,29,10,19,16,14,2,19,7,12
S01008358,302,139,163,29,22,7,71,18,53,41,22,19,36,9,27,31,27,4,30,8,22,24,3,21,26,25,1,14,5,9
S01008359,308,160,148,35,27,8,73,34,39,52,27,25,39,4,35,38,34,4,20,6,14,18,7,11,12,12,0,21,9,12
S01008360,417,205,212,50,34,16,116,52,64,62,38,24,58,11,47,34,29,5,23,2,21,36,15,21,9,8,1,29,16,13
S01008361,273,138,135,29,26,3,63,25,38,46,24,22,32,8,24,32,27,5,20,2,18,25,7,18,11,10,1,15,9,6
S01008362,497,234,263,49,33,16,136,66,70,99,55,44,73,14,59,32,28,4,28,5,23,55,19,36,7,7,0,18,7,11
S01008363,370,198,172,48,36,12,90,45,45,59,38,21,58,15,43,30,27,3,22,4,18,31,15,16,8,8,0,24,10,14
S01008364,365,179,186,50,38,12,106,43,63,60,32,28,37,8,29,20,17,3,23,7,16,43,19,24,9,7,2,17,8,9
S01008365,292,150,142,63,48,15,83,39,44,43,27,16,39,4,35,10,9,1,10,1,9,21,11,10,5,5,0,18,6,12
S01008366,365,185,180,29,20,9,70,26,44,54,33,21,54,16,38,40,37,3,40,5,35,37,19,18,11,11,0,30,18,12
S01008367,339,163,176,23,14,9,63,26,37,48,30,18,50,11,39,35,34,1,30,7,23,39,9,30,14,13,1,37,19,18
S01008368,344,169,175,23,14,9,81,40,41,63,36,27,61,18,43,19,18,1,28,4,24,22,9,13,17,15,2,30,15,15
S01008369,250,119,131,25,12,13,60,26,34,34,18,16,29,8,21,20,20,0,26,4,22,26,9,17,14,14,0,16,8,8
S01008370,348,165,183,51,29,22,78,39,39,53,25,28,50,12,38,29,26,3,23,7,16,39,12,27,4,3,1,21,12,9
S01008371,388,186,202,39,28,11,106,45,61,58,26,32,62,14,48,35,34,1,28,3,25,32,16,16,12,12,0,16,8,8
S01008372,393,206,187,41,32,9,88,41,47,65,36,29,44,10,34,32,30,2,29,4,25,47,23,24,19,18,1,28,12,16
S01008373,417,217,200,36,25,11,143,62,81,84,51,33,48,11,37,29,27,2,16,3,13,31,17,14,10,9,1,20,12,8
S01008374,361,180,181,30,20,10,84,39,45,60,37,23,56,12,44,27,26,1,23,3,20,40,15,25,18,16,2,23,12,11
S01008375,401,215,186,61,39,22,109,50,59,53,31,22,42,10,32,36,34,2,30,6,24,38,20,18,15,15,0,17,10,7
S01008376,263,142,121,35,25,10,82,38,44,39,25,14,31,7,24,21,17,4,12,3,9,16,7,9,10,10,0,17,10,7
S01008377,381,198,183,34,21,13,108,56,52,71,41,30,47,11,36,29,26,3,28,6,22,33,16,17,15,15,0,16,6,10
S01008378,477,244,233,60,37,23,142,75,67,81,39,42,52,9,43,23,22,1,36,6,30,40,23,17,13,12,1,30,21,9
S01008379,221,119,102,32,26,6,54,22,32,37,20,17,32,8,24,21,19,2,11,2,9,13,4,9,11,11,0,10,7,3
S01008380,336,176,160,28,20,8,114,54,60,63,39,24,31,4,27,18,16,2,20,3,17,27,11,16,16,14,2,19,15,4
S01008381,358,181,177,42,26,16,117,59,58,59,33,26,41,9,32,20,20,0,23,2,21,33,13,20,16,16,0,7,3,4
S01008382,296,162,134,33,19,14,99,51,48,42,28,14,45,10,35,22,21,1,13,2,11,22,12,10,9,9,0,11,10,1
S01008383,249,132,117,27,18,9,81,43,38,38,24,14,28,6,22,21,20,1,14,1,13,19,8,11,5,4,1,16,8,8
S01008384,502,253,249,47,29,18,106,50,56,86,50,36,65,15,50,34,32,2,43,8,35,54,20,34,28,28,0,39,21,18
S01008385,317,171,146,39,27,12,116,62,54,42,22,20,33,12,21,22,20,2,14,2,12,26,10,16,10,9,1,15,7,8
S01008386,422,210,212,31,17,14,84,37,47,59,36,23,73,19,54,49,44,5,31,5,26,41,16,25,18,18,0,36,18,18
S01008387,328,159,169,32,21,11,61,24,37,60,35,25,56,13,43,27,26,1,35,4,31,26,13,13,13,12,1,18,11,7
S01008388,367,183,184,27,14,13,85,37,48,54,31,23,57,16,41,34,31,3,30,7,23,39,14,25,20,20,0,21,13,8
S01008389,210,98,112,25,18,7,61,26,35,33,15,18,25,6,19,14,12,2,12,3,9,24,4,20,6,6,0,10,8,2
S01008390,314,160,154,37,20,17,115,52,63,47,29,18,37,5,32,17,17,0,16,8,8,24,12,12,13,13,0,8,4,4
S01008391,310,173,137,37,25,12,92,43,49,59,39,20,35,11,24,16,14,2,17,4,13,35,23,12,7,5,2,12,9,3
S01008392,485,240,245,50,31,19,209,103,106,70,33,37,40,10,30,24,23,1,23,4,19,29,9,20,13,12,1,27,15,12
S01008393,343,180,163,36,28,8,149,72,77,51,26,25,33,12,21,15,14,1,19,6,13,20,7,13,8,8,0,12,7,5
S01008394,405,216,189,60,45,15,174,77,97,59,38,21,35,11,24,15,14,1,14,0,14,24,17,7,6,5,1,18,9,9
S01008395,295,152,143,34,25,9,76,34,42,40,25,15,49,11,38,22,21,1,24,3,21,31,15,16,11,11,0,8,7,1
S01008396,250,127,123,24,18,6,67,25,42,45,26,19,34,7,27,23,23,0,11,3,8,20,3,17,16,16,0,10,6,4
S01008397,469,235,234,62,38,24,165,72,93,62,33,29,54,14,40,29,24,5,25,4,21,33,18,15,20,18,2,19,14,5
S01008398,263,141,122,26,17,9,100,53,47,36,20,16,30,10,20,15,13,2,17,5,12,23,10,13,6,5,1,10,8,2
S01008399,221,118,103,35,23,12,62,23,39,31,18,13,30,10,20,18,17,1,8,1,7,17,13,4,6,5,1,14,8,6
S01008400,314,161,153,40,31,9,107,54,53,40,20,20,41,11,30,17,17,0,21,3,18,29,12,17,5,5,0,14,8,6
S01008401,445,218,227,38,26,12,125,57,68,78,39,39,65,14,51,30,28,2,27,7,20,44,21,23,13,12,1,25,14,11
S01008402,490,270,220,105,76,29,188,96,92,55,31,24,46,16,30,20,18,2,20,3,17,30,15,15,6,5,1,20,10,10
S01008403,279,140,139,41,32,9,106,49,57,41,19,22,26,7,19,14,14,0,14,2,12,20,7,13,5,5,0,12,5,7
S01008404,404,219,185,59,37,22,143,78,65,58,35,23,38,7,31,22,22,0,28,4,24,26,15,11,13,13,0,17,8,9
S01008405,385,206,179,62,48,14,171,80,91,39,21,18,36,9,27,15,13,2,18,6,12,22,13,9,7,7,0,15,9,6
S01008406,367,190,177,53,39,14,146,70,76,55,33,22,24,7,17,15,10,5,20,4,16,31,10,21,7,7,0,16,10,6
S01008407,214,102,112,30,21,9,44,18,26,46,25,21,31,6,25,13,12,1,18,5,13,17,6,11,7,4,3,8,5,3
S01008408,339,168,171,24,19,5,91,38,53,59,39,20,47,3,44,33,30,3,25,4,21,22,8,14,21,19,2,17,8,9
S01008409,376,185,191,23,18,5,80,32,48,47,24,23,48,9,39,54,49,5,33,11,22,40,13,27,16,16,0,35,13,22
S01008410,238,120,118,38,27,11,63,26,37,29,16,13,32,9,23,14,13,1,14,0,14,25,12,13,11,10,1,12,7,5
S01008411,315,141,174,23,17,6,64,22,42,44,22,22,47,14,33,26,22,4,29,1,28,40,14,26,17,17,0,25,12,13
S01008412,325,166,159,39,30,9,69,34,35,43,21,22,48,7,41,29,24,5,20,2,18,45,24,21,12,10,2,20,14,6
S01008413,265,142,123,24,14,10,56,32,24,36,20,16,40,10,30,25,24,1,24,4,20,32,16,16,8,8,0,20,14,6
S01008414,219,115,104,30,24,6,63,30,33,33,21,12,30,9,21,9,8,1,11,2,9,19,4,15,10,10,0,14,7,7
S01008415,434,219,215,32,21,11,90,34,56,55,26,29,40,10,30,47,43,4,46,12,34,50,20,30,24,23,1,50,30,20
S01008416,430,215,215,31,22,9,55,21,34,50,27,23,68,14,54,49,46,3,50,8,42,50,18,32,35,34,1,42,25,17
S01008417,353,174,179,43,29,14,95,50,45,50,29,21,47,8,39,25,22,3,30,4,26,29,9,20,13,13,0,21,10,11
S01008418,375,185,190,28,22,6,112,59,53,53,27,26,52,10,42,28,25,3,34,8,26,29,8,21,18,17,1,21,9,12
S01008419,242,125,117,53,34,19,79,42,37,37,18,19,25,4,21,7,6,1,12,1,11,12,7,5,6,6,0,11,7,4
S01008420,240,116,124,17,8,9,76,43,33,33,15,18,41,10,31,14,13,1,18,4,14,22,7,15,10,10,0,9,6,3
S01008421,431,210,221,40,34,6,85,41,44,65,33,32,55,14,41,45,40,5,45,5,40,48,11,37,21,19,2,27,13,14
S01008422,269,144,125,40,29,11,88,48,40,55,34,21,27,4,23,10,10,0,18,2,16,16,9,7,6,6,0,9,2,7
S01008423,482,253,229,102,75,27,164,83,81,65,25,40,49,12,37,23,21,2,22,3,19,26,14,12,9,9,0,22,11,11
S01008424,332,177,155,56,35,21,119,66,53,43,31,12,43,8,35,18,16,2,21,4,17,15,7,8,6,6,0,11,4,7
S01008425,677,364,313,48,33,15,142,73,69,87,54,33,79,24,55,45,42,3,57,16,41,109,43,66,28,26,2,82,53,29
S01008426,253,130,123,16,9,7,32,13,19,29,17,12,30,2,28,33,31,2,30,5,25,28,8,20,21,20,1,34,25,9
S01008427,647,330,317,58,40,18,139,71,68,96,46,50,100,26,74,51,47,4,63,12,51,65,28,37,37,36,1,38,24,14
S01008428,298,149,149,16,11,5,44,20,24,38,19,19,42,6,36,39,35,4,39,7,32,29,9,20,23,23,0,28,19,9
S01008429,390,205,185,36,25,11,98,48,50,63,38,25,57,11,46,33,33,0,26,7,19,28,8,20,19,16,3,30,19,11
S01008430,302,147,155,30,20,10,80,37,43,40,22,18,41,9,32,24,19,5,27,5,22,27,12,15,11,10,1,22,13,9
S01008431,387,190,197,29,17,12,87,40,47,72,46,26,65,13,52,23,22,1,27,3,24,43,18,25,18,18,0,23,13,10
S01008432,300,162,138,18,11,7,73,33,40,51,38,13,46,12,34,24,24,0,28,3,25,26,14,12,16,14,2,18,13,5
S01008433,450,236,214,41,26,15,78,36,42,55,32,23,80,22,58,47,41,6,37,7,30,41,14,27,42,40,2,29,18,11
S01008434,415,215,200,28,21,7,81,34,47,76,45,31,76,11,65,47,46,1,30,3,27,32,17,15,28,26,2,17,12,5
S01008435,368,194,174,30,19,11,69,39,30,59,35,24,65,18,47,43,40,3,35,6,29,31,11,20,19,15,4,17,11,6
S01008436,412,205,207,56,31,25,114,55,59,60,36,24,50,13,37,29,23,6,29,2,27,36,16,20,20,19,1,18,10,8
S01008437,349,177,172,40,27,13,113,51,62,46,27,19,38,9,29,25,21,4,23,2,21,20,9,11,15,13,2,29,18,11
S01008438,245,127,118,32,23,9,78,37,41,52,34,18,32,5,27,10,7,3,13,3,10,10,5,5,10,10,0,8,3,5
S01008439,528,279,249,101,71,30,211,101,110,79,49,30,54,13,41,22,21,1,30,5,25,18,8,10,10,9,1,3,2,1
S01008440,440,231,209,66,42,24,189,96,93,64,38,26,48,12,36,17,15,2,25,6,19,16,8,8,7,7,0,8,7,1
S01008441,224,119,105,35,26,9,73,38,35,39,18,21,29,10,19,10,9,1,11,2,9,17,9,8,5,5,0,5,2,3
S01008442,385,192,193,70,43,27,146,72,74,66,31,35,42,10,32,17,16,1,17,6,11,15,5,10,5,5,0,7,4,3
S01008443,253,139,114,44,31,13,86,44,42,42,25,17,24,4,20,22,19,3,14,2,12,8,3,5,5,5,0,8,6,2
S01008444,337,194,143,64,51,13,77,38,39,59,40,19,32,5,27,16,15,1,27,5,22,26,14,12,12,11,1,24,15,9
S01008445,310,180,130,34,19,15,69,30,39,115,104,11,25,6,19,7,6,1,18,1,17,23,5,18,7,6,1,12,3,9
S01008446,400,209,191,57,31,26,170,88,82,71,43,28,29,5,24,14,14,0,18,6,12,21,5,16,8,8,0,12,9,3
S01008447,341,171,170,54,33,21,121,58,63,49,30,19,37,6,31,23,22,1,15,1,14,21,8,13,8,7,1,13,6,7
S01008448,365,198,167,34,18,16,85,40,45,59,33,26,50,12,38,45,42,3,22,5,17,25,10,15,26,25,1,19,13,6
S01008449,310,149,161,17,10,7,29,15,14,31,10,21,24,4,20,33,27,6,36,12,24,46,15,31,17,16,1,77,40,37
S01008450,224,93,131,17,11,6,10,2,8,11,5,6,25,3,22,22,18,4,44,5,39,24,9,15,20,20,0,51,20,31
S01008451,232,115,117,6,2,4,12,9,3,15,8,7,22,6,16,18,17,1,35,10,25,37,12,25,21,19,2,66,32,34
S01008452,233,108,125,9,3,6,15,8,7,13,3,10,24,10,14,22,19,3,43,14,29,29,11,18,21,17,4,57,23,34
S01008453,271,136,135,13,5,8,39,20,19,37,15,22,30,8,22,24,23,1,32,9,23,25,13,12,13,12,1,58,31,27
S01008454,354,171,183,20,8,12,25,9,16,26,15,11,40,9,31,36,30,6,46,11,35,49,22,27,24,22,2,88,45,43
S01008455,361,213,148,10,5,5,32,21,11,27,18,9,44,16,28,45,38,7,42,12,30,43,21,22,39,34,5,79,48,31
S01008456,359,217,142,9,5,4,28,18,10,23,16,7,36,10,26,38,34,4,39,15,24,42,22,20,32,30,2,112,67,45
S01008457,244,127,117,9,2,7,12,4,8,11,6,5,28,10,18,20,19,1,35,9,26,37,19,18,21,19,2,71,39,32
S01008458,465,238,227,26,15,11,32,15,17,51,26,25,75,20,55,59,52,7,63,16,47,42,14,28,42,40,2,75,40,35
S01008459,299,160,139,8,4,4,11,8,3,22,15,7,36,11,25,31,25,6,48,11,37,35,13,22,23,21,2,85,52,33
S01008460,259,138,121,7,1,6,12,7,5,14,12,2,31,10,21,34,27,7,33,7,26,29,7,22,22,22,0,77,45,32
S01008461,360,192,168,7,3,4,24,10,14,20,15,5,39,7,32,46,38,8,61,19,42,36,17,19,37,35,2,90,48,42
S01008462,189,101,88,8,5,3,4,1,3,13,9,4,21,7,14,19,15,4,29,9,20,21,7,14,19,17,2,55,31,24
S01008463,278,149,129,5,2,3,27,16,11,25,16,9,26,8,18,28,25,3,32,5,27,34,16,18,28,27,1,73,34,39
S01008464,418,206,212,27,16,11,24,14,10,57,33,24,85,18,67,47,42,5,48,5,43,43,16,27,33,32,1,54,30,24
S01008465,388,190,198,17,7,10,43,15,28,31,14,17,72,18,54,43,38,5,39,9,30,48,20,28,34,31,3,61,38,23
S01008466,351,185,166,17,8,9,25,13,12,31,19,12,48,11,37,50,47,3,48,12,36,36,9,27,26,24,2,70,42,28
S01008467,373,188,185,13,10,3,23,8,15,23,12,11,68,16,52,56,50,6,52,7,45,43,15,28,37,34,3,58,36,22
S01008468,258,133,125,7,5,2,11,6,5,22,10,12,41,7,34,30,29,1,28,8,20,38,12,26,24,23,1,57,33,24
S01008469,291,152,139,29,17,12,32,19,13,32,18,14,33,8,25,27,24,3,34,5,29,35,18,17,16,14,2,53,29,24
S01008470,282,150,132,7,4,3,16,7,9,24,15,9,33,7,26,18,17,1,36,11,25,24,12,12,28,28,0,96,49,47
S01008471,348,184,164,12,7,5,21,8,13,20,14,6,39,15,24,42,37,5,57,18,39,38,11,27,18,17,1,101,57,44
S01008472,284,148,136,12,10,2,22,6,16,30,15,15,34,9,25,41,37,4,31,7,24,25,7,18,19,19,0,70,38,32
S01008473,306,157,149,17,9,8,23,14,9,19,11,8,45,16,29,32,28,4,42,8,34,28,8,20,31,29,2,69,34,35
S01008474,329,181,148,15,12,3,25,9,16,28,18,10,50,19,31,42,37,5,42,12,30,33,8,25,19,19,0,75,47,28
S01008475,256,119,137,17,10,7,18,5,13,36,17,19,32,10,22,24,21,3,30,4,26,25,9,16,14,9,5,60,34,26
S01008476,308,149,159,22,11,11,41,22,19,26,12,14,49,9,40,33,29,4,35,5,30,28,12,16,20,19,1,54,30,24
S01008477,361,182,179,19,14,5,28,9,19,49,23,26,57,17,40,39,37,2,42,12,30,31,5,26,21,16,5,75,49,26
S01008478,318,151,167,21,9,12,48,21,27,36,18,18,59,19,40,32,30,2,29,5,24,35,11,24,14,14,0,44,24,20
S01008479,319,162,157,13,5,8,27,10,17,44,27,17,44,15,29,37,32,5,41,2,39,24,9,15,24,21,3,65,41,24
S01008480,298,151,147,25,12,13,45,25,20,40,24,16,36,17,19,19,14,5,30,7,23,36,12,24,16,16,0,51,24,27
S01008481,476,276,200,27,18,9,41,22,19,40,19,21,74,22,52,70,65,5,56,12,44,45,17,28,42,42,0,81,59,22
S01008482,255,129,126,23,10,13,22,11,11,29,18,11,45,12,33,29,25,4,36,7,29,20,8,12,24,21,3,27,17,10
S01008483,282,149,133,9,6,3,21,14,7,34,17,17,49,11,38,35,34,1,28,5,23,36,10,26,26,23,3,44,29,15
S01008484,359,182,177,26,16,10,44,18,26,45,25,20,68,15,53,40,36,4,36,8,28,27,8,19,23,23,0,50,33,17
S01008485,499,264,235,35,16,19,51,25,26,113,77,36,83,17,66,50,46,4,39,7,32,53,20,33,30,28,2,45,28,17
S01008486,386,205,181,37,22,15,50,25,25,68,40,28,67,18,49,36,32,4,38,10,28,25,8,17,18,16,2,47,34,13
S01008487,507,275,232,57,38,19,118,66,52,109,52,57,70,26,44,36,35,1,33,8,25,32,16,16,20,18,2,32,16,16
S01008488,389,201,188,38,26,12,75,33,42,60,34,26,63,14,49,42,38,4,22,5,17,23,8,15,11,10,1,55,33,22
S01008489,302,150,152,17,8,9,36,19,17,32,16,16,51,18,33,24,23,1,27,4,23,46,18,28,18,16,2,51,28,23
S01008490,543,284,259,32,25,7,119,65,54,91,44,47,83,20,63,36,34,2,41,12,29,53,25,28,20,20,0,68,39,29
S01008491,494,254,240,30,23,7,121,60,61,64,36,28,71,21,50,29,25,4,46,14,32,49,20,29,15,14,1,69,41,28
S01008492,584,289,295,49,33,16,122,60,62,98,53,45,84,23,61,29,29,0,54,10,44,44,19,25,21,17,4,83,45,38
S01008493,385,189,196,26,13,13,62,27,35,42,22,20,69,20,49,39,37,2,26,10,16,43,13,30,15,12,3,63,35,28
S01008494,375,194,181,21,9,12,74,35,39,60,32,28,51,23,28,29,25,4,31,8,23,40,17,23,15,13,2,54,32,22
S01008495,580,307,273,32,15,17,140,78,62,99,49,50,81,34,47,35,30,5,36,9,27,68,34,34,18,16,2,71,42,29
S01008496,660,364,296,44,25,19,158,86,72,110,58,52,93,42,51,41,39,2,45,15,30,70,35,35,24,22,2,75,42,33
S01008497,567,305,262,28,16,12,142,70,72,79,43,36,84,35,49,38,36,2,40,10,30,66,38,28,19,17,2,71,40,31
S01008498,507,263,244,31,18,13,127,65,62,78,40,38,61,23,38,39,37,2,28,7,21,66,30,36,13,13,0,64,30,34
S01008499,620,343,277,37,22,15,147,66,81,100,63,37,80,31,49,46,42,4,46,16,30,59,32,27,13,13,0,92,58,34
S01008500,211,118,93,11,6,5,49,23,26,20,15,5,26,16,10,11,9,2,20,7,13,34,15,19,6,6,0,34,21,13
S01008501,408,221,187,24,15,9,165,93,72,58,33,25,34,15,19,14,10,4,28,5,23,23,12,11,5,3,2,57,35,22
S01008502,440,216,224,32,15,17,140,66,74,78,43,35,69,29,40,15,14,1,23,5,18,40,19,21,0,0,0,43,25,18
S01008503,583,292,291,39,18,21,200,101,99,122,64,58,69,24,45,30,28,2,36,10,26,48,25,23,11,10,1,28,12,16
S01008504,698,334,364,72,42,30,277,134,143,127,63,64,75,20,55,26,25,1,37,7,30,37,15,22,12,10,2,35,18,17
S01008505,444,210,234,41,23,18,163,73,90,86,40,46,43,13,30,25,18,7,23,7,16,27,12,15,10,9,1,26,15,11
S01008506,423,200,223,55,31,24,178,85,93,68,35,33,36,12,24,12,9,3,21,4,17,30,11,19,5,4,1,18,9,9
S01008507,533,247,286,43,25,18,210,91,119,95,47,48,51,16,35,17,15,2,26,7,19,37,11,26,4,3,1,50,32,18
S01008508,437,223,214,59,40,19,171,88,83,75,37,38,35,9,26,22,20,2,20,3,17,23,7,16,10,9,1,22,10,12
S01008509,512,246,266,77,43,34,202,95,107,90,51,39,58,18,40,25,17,8,21,4,17,21,6,15,6,6,0,12,6,6
S01008510,457,233,224,59,41,18,142,68,74,72,33,39,64,14,50,34,32,2,25,7,18,21,9,12,11,11,0,29,18,11
S01008511,408,216,192,66,44,22,144,67,77,63,40,23,39,5,34,30,27,3,22,6,16,16,7,9,10,10,0,18,10,8
S01008512,240,128,112,32,23,9,100,56,44,36,18,18,22,5,17,8,7,1,14,2,12,17,9,8,2,2,0,9,6,3
S01008513,291,158,133,50,30,20,106,54,52,46,29,17,23,8,15,19,15,4,16,2,14,16,9,7,7,7,0,8,4,4
S01008514,395,209,186,39,31,8,197,101,96,67,40,27,28,5,23,20,17,3,18,2,16,12,5,7,4,4,0,10,4,6
S01008515,400,203,197,41,28,13,182,88,94,63,36,27,36,5,31,19,16,3,15,6,9,23,8,15,8,7,1,13,9,4
S01008516,541,285,256,48,30,18,201,103,98,78,48,30,47,10,37,31,28,3,35,13,22,39,18,21,17,16,1,45,19,26
S01008517,479,231,248,45,33,12,174,77,97,99,53,46,47,14,33,13,11,2,29,3,26,30,10,20,4,4,0,38,26,12
S01008518,459,242,217,51,25,26,210,108,102,81,44,37,34,14,20,15,14,1,17,5,12,26,15,11,7,7,0,18,10,8
S01008519,383,193,190,44,22,22,187,107,80,63,27,36,31,8,23,15,14,1,15,2,13,13,5,8,4,3,1,11,5,6
S01008520,478,255,223,83,55,28,206,107,99,59,33,26,50,12,38,19,17,2,13,1,12,22,15,7,6,5,1,20,10,10
S01008521,416,224,192,57,43,14,204,109,95,59,32,27,39,10,29,9,9,0,17,5,12,16,6,10,5,4,1,10,6,4
S01008522,246,130,116,44,24,20,110,55,55,43,27,16,22,5,17,6,6,0,5,0,5,5,3,2,7,7,0,4,3,1
S01008523,478,255,223,93,63,30,205,107,98,85,50,35,39,8,31,9,7,2,12,1,11,16,6,10,6,5,1,13,8,5
S01008524,388,199,189,29,11,18,33,12,21,35,14,21,42,17,25,46,41,5,59,12,47,53,23,30,27,27,0,64,42,22
S01008525,282,130,152,8,5,3,27,10,17,40,23,17,36,10,26,24,21,3,43,5,38,43,17,26,20,19,1,41,20,21
S01008526,421,221,200,20,8,12,76,31,45,40,27,13,73,15,58,41,38,3,47,17,30,40,19,21,26,26,0,58,40,18
S01008527,391,182,209,36,12,24,53,22,31,55,29,26,70,18,52,41,39,2,37,4,33,42,16,26,21,20,1,36,22,14
S01008528,354,172,182,27,16,11,63,31,32,47,27,20,43,15,28,19,19,0,51,9,42,52,18,34,17,16,1,35,21,14
S01008529,371,190,181,26,15,11,46,21,25,47,28,19,57,19,38,54,53,1,54,7,47,39,11,28,15,15,0,33,21,12
S01008530,311,142,169,20,10,10,31,13,18,34,16,18,28,9,19,30,25,5,42,4,38,44,17,27,19,16,3,63,32,31
S01008531,333,154,179,12,8,4,33,15,18,24,10,14,45,10,35,33,28,5,57,9,48,34,12,22,24,24,0,71,38,33
S01008532,184,91,93,8,4,4,22,8,14,23,14,9,27,7,20,24,23,1,22,2,20,25,11,14,10,10,0,23,12,11
S01008533,254,157,97,5,4,1,24,7,17,130,118,12,18,3,15,11,8,3,28,2,26,19,5,14,4,4,0,15,6,9
S01008534,386,208,178,34,21,13,73,43,30,88,63,25,58,13,45,26,23,3,32,1,31,42,19,23,12,12,0,21,13,8
S01008535,370,189,181,42,26,16,104,50,54,60,31,29,60,14,46,26,22,4,14,2,12,26,15,11,12,12,0,26,17,9
S01008536,259,131,128,26,15,11,82,44,38,46,23,23,28,7,21,20,18,2,20,3,17,16,6,10,9,8,1,12,7,5
S01008537,320,156,164,38,22,16,124,55,69,52,31,21,33,11,22,10,9,1,18,3,15,22,6,16,12,12,0,11,7,4
S01008538,231,114,117,30,19,11,93,49,44,29,15,14,25,8,17,6,6,0,17,5,12,13,2,11,5,4,1,13,6,7
S01008539,437,220,217,55,39,16,172,76,96,57,31,26,54,16,38,23,21,2,17,4,13,31,14,17,11,10,1,17,9,8
S01008540,405,205,200,72,46,26,137,64,73,65,35,30,49,13,36,16,13,3,21,6,15,14,7,7,13,11,2,18,10,8
S01008541,435,211,224,38,19,19,149,71,78,64,39,25,70,20,50,27,27,0,27,2,25,23,12,11,17,14,3,20,7,13
S01008542,475,246,229,56,38,18,153,80,73,68,45,23,71,15,56,22,20,2,33,7,26,38,18,20,11,11,0,23,12,11
S01008543,405,217,188,52,33,19,109,54,55,61,30,31,61,20,41,41,40,1,14,2,12,27,9,18,16,15,1,24,14,10
S01008544,358,185,173,46,32,14,135,64,71,65,39,26,34,6,28,9,7,2,18,2,16,21,10,11,15,15,0,15,10,5
S01008545,410,219,191,77,54,23,148,78,70,66,37,29,51,10,41,13,13,0,15,1,14,16,8,8,9,8,1,15,10,5
S01008546,388,210,178,67,53,14,156,81,75,56,35,21,45,11,34,13,9,4,18,2,16,16,6,10,8,8,0,9,5,4
S01008547,586,294,292,56,35,21,120,47,73,81,42,39,95,22,73,56,49,7,40,7,33,50,24,26,39,37,2,49,31,18
S01008548,492,237,255,60,35,25,89,31,58,68,33,35,75,20,55,47,42,5,40,11,29,40,14,26,36,33,3,37,18,19
S01008549,508,254,254,56,24,32,65,35,30,66,29,37,67,15,52,86,74,12,47,6,41,39,15,24,35,30,5,47,26,21
S01008550,427,217,210,57,42,15,117,52,65,69,36,33,51,7,44,26,26,0,28,7,21,40,19,21,16,15,1,23,13,10
S01008551,538,272,266,48,27,21,121,59,62,62,33,29,101,25,76,56,51,5,38,8,30,45,20,25,29,26,3,38,23,15
S01008552,437,226,211,40,23,17,107,58,49,54,30,24,62,12,50,39,39,0,43,7,36,31,14,17,25,24,1,36,19,17
S01008553,252,130,122,23,15,8,49,23,26,24,13,11,43,8,35,27,23,4,26,3,23,16,9,7,17,16,1,27,20,7
S01008554,380,192,188,20,13,7,36,19,17,25,12,13,31,9,22,60,55,5,60,7,53,41,14,27,20,16,4,87,47,40
S01008555,397,190,207,19,12,7,48,16,32,36,17,19,38,13,25,44,39,5,58,17,41,44,12,32,18,16,2,92,48,44
S01008556,283,135,148,12,7,5,27,9,18,30,14,16,27,5,22,43,39,4,43,2,41,28,11,17,14,14,0,59,34,25
S01008557,308,151,157,20,13,7,22,7,15,26,14,12,33,7,26,35,31,4,52,14,38,33,13,20,17,17,0,70,35,35
S01008558,363,190,173,14,9,5,39,21,18,42,20,22,47,15,32,47,39,8,53,14,39,34,15,19,22,21,1,65,36,29
S01008559,289,143,146,30,18,12,22,11,11,22,10,12,31,7,24,31,29,2,40,6,34,32,9,23,40,39,1,41,14,27
S01008560,300,151,149,21,9,12,39,14,25,23,14,9,32,6,26,42,39,3,43,7,36,22,7,15,27,25,2,51,30,21
S01008561,291,157,134,22,17,5,31,16,15,21,14,7,39,7,32,31,29,2,41,10,31,36,12,24,30,27,3,40,25,15
S01008562,208,89,119,8,4,4,27,11,16,17,8,9,22,2,20,25,20,5,40,8,32,15,7,8,10,9,1,44,20,24
S01008563,360,180,180,29,14,15,42,22,20,36,16,20,34,5,29,42,39,3,51,12,39,26,6,20,35,32,3,65,34,31
S01008564,269,131,138,13,7,6,31,10,21,26,15,11,34,7,27,48,43,5,42,8,34,22,6,16,18,16,2,35,19,16
S01008565,363,163,200,16,11,5,37,7,30,32,14,18,48,14,34,39,36,3,59,15,44,38,9,29,24,22,2,70,35,35
S01008566,450,225,225,25,17,8,42,15,27,27,16,11,57,14,43,66,58,8,74,13,61,55,20,35,32,30,2,72,42,30
S01008567,322,179,143,15,8,7,48,17,31,28,17,11,30,11,19,44,40,4,45,11,34,33,12,21,33,30,3,46,33,13
S01008568,415,205,210,31,18,13,84,33,51,39,23,16,45,7,38,45,41,4,53,10,43,50,22,28,24,23,1,44,28,16
S01008569,237,142,95,8,7,1,41,26,15,14,7,7,18,6,12,22,22,0,36,14,22,20,10,10,17,16,1,61,34,27
S01008570,356,165,191,17,9,8,36,13,23,26,12,14,36,8,28,56,47,9,65,13,52,33,13,20,19,19,0,68,31,37
S01008571,284,142,142,20,11,9,29,15,14,25,12,13,35,9,26,25,21,4,46,9,37,28,8,20,27,26,1,49,31,18
S01008572,364,187,177,29,19,10,60,23,37,32,17,15,41,9,32,51,47,4,50,14,36,37,15,22,23,21,2,41,22,19
S01008573,435,225,210,47,28,19,103,53,50,52,33,19,64,15,49,48,44,4,37,3,34,31,11,20,26,25,1,27,13,14
S01008574,430,217,213,42,25,17,113,54,59,47,25,22,63,19,44,46,41,5,41,10,31,29,9,20,18,15,3,31,19,12
S01008575,392,205,187,67,41,26,119,63,56,53,29,24,56,16,40,31,26,5,17,5,12,21,9,12,11,8,3,17,8,9
S01008576,446,211,235,36,18,18,102,41,61,57,29,28,67,15,52,36,34,2,33,7,26,40,10,30,29,29,0,46,28,18
S01008577,374,180,194,37,25,12,112,50,62,66,29,37,42,7,35,30,27,3,21,3,18,27,8,19,16,14,2,23,17,6
S01008578,354,185,169,54,38,16,160,78,82,49,27,22,34,10,24,13,13,0,19,6,13,13,5,8,3,3,0,9,5,4
S01008579,291,148,143,33,22,11,120,50,70,41,24,17,30,9,21,21,18,3,15,4,11,12,4,8,13,13,0,6,4,2
S01008580,279,145,134,20,10,10,61,32,29,52,29,23,37,9,28,27,25,2,24,5,19,24,11,13,13,13,0,21,11,10
S01008581,389,189,200,23,13,10,67,30,37,33,18,15,47,11,36,42,38,4,52,8,44,42,16,26,19,18,1,64,37,27
S01008582,457,239,218,30,17,13,82,46,36,44,23,21,59,14,45,44,37,7,48,11,37,50,21,29,28,24,4,72,46,26
S01008583,307,150,157,18,12,6,66,30,36,20,12,8,32,7,25,30,27,3,55,15,40,26,9,17,24,22,2,36,16,20
S01008584,358,187,171,20,15,5,66,35,31,46,22,24,49,13,36,42,36,6,41,14,27,28,13,15,19,15,4,47,24,23
S01008585,264,136,128,13,9,4,43,19,24,26,16,10,38,16,22,30,28,2,45,10,35,13,6,7,12,10,2,44,22,22
S01008586,328,173,155,10,5,5,48,24,24,38,20,18,38,6,32,52,47,5,34,9,25,33,10,23,20,20,0,55,32,23
S01008587,369,201,168,47,30,17,128,72,56,65,37,28,48,12,36,21,21,0,19,5,14,16,9,7,5,4,1,20,11,9
S01008588,344,176,168,30,23,7,158,73,85,54,28,26,23,8,15,19,16,3,19,4,15,17,10,7,4,2,2,20,12,8
S01008589,171,86,85,14,8,6,57,29,28,30,18,12,29,8,21,4,4,0,14,3,11,6,3,3,7,7,0,10,6,4
S01008590,308,153,155,32,15,17,143,65,78,49,33,16,25,3,22,11,10,1,19,8,11,9,6,3,7,6,1,13,7,6
S01008591,392,209,183,45,31,14,167,86,81,40,26,14,32,10,22,23,18,5,24,6,18,24,10,14,5,5,0,32,17,15
S01008592,317,162,155,20,11,9,85,48,37,51,27,24,40,8,32,33,31,2,32,8,24,21,7,14,13,12,1,22,10,12
S01008593,361,193,168,63,42,21,186,89,97,41,24,17,23,10,13,11,10,1,9,1,8,15,9,6,2,2,0,11,6,5
S01008594,490,254,236,69,44,25,243,132,111,61,34,27,37,8,29,13,11,2,20,2,18,22,11,11,6,6,0,19,6,13
S01008595,336,178,158,22,10,12,76,43,33,36,18,18,47,17,30,35,29,6,35,6,29,25,9,16,14,14,0,46,32,14
S01008596,345,171,174,13,10,3,82,44,38,37,15,22,50,15,35,34,31,3,35,8,27,38,13,25,9,8,1,47,27,20
S01008597,427,207,220,43,26,17,125,54,71,68,33,35,67,21,46,27,24,3,28,7,21,24,9,15,22,19,3,23,14,9
S01008598,343,168,175,36,21,15,93,46,47,46,19,27,34,9,25,20,18,2,29,7,22,34,17,17,3,2,1,48,29,19
S01008599,453,252,201,58,37,21,185,102,83,66,38,28,30,10,20,13,12,1,24,7,17,35,18,17,5,5,0,37,23,14
S01008600,332,177,155,67,47,20,131,61,70,51,24,27,20,5,15,8,8,0,18,6,12,17,13,4,5,4,1,15,9,6
S01008601,500,239,261,36,26,10,103,55,48,60,34,26,44,19,25,18,15,3,33,16,17,97,26,71,6,5,1,103,43,60
S01008602,295,156,139,20,13,7,92,51,41,42,21,21,22,9,13,18,18,0,25,7,18,41,19,22,7,6,1,28,12,16
S01008603,524,270,254,33,20,13,189,105,84,73,38,35,50,23,27,24,20,4,49,17,32,41,18,23,8,8,0,57,21,36
S01008604,430,228,202,55,32,23,178,101,77,55,29,26,24,7,17,23,15,8,23,6,17,35,17,18,10,10,0,27,11,16
S01008605,372,200,172,29,19,10,164,91,73,61,34,27,26,10,16,15,12,3,16,4,12,30,14,16,5,5,0,26,11,15
S01008606,380,196,184,66,37,29,158,86,72,47,25,22,30,6,24,12,12,0,20,3,17,14,10,4,3,3,0,30,14,16
S01008607,263,135,128,36,26,10,128,71,57,52,23,29,20,4,16,3,2,1,12,3,9,6,3,3,1,1,0,5,2,3
S01008608,315,159,156,36,22,14,167,80,87,48,29,19,21,6,15,9,9,0,10,1,9,14,5,9,3,3,0,7,4,3
S01008609,385,197,188,52,30,22,167,83,84,68,38,30,30,6,24,21,21,0,24,6,18,8,3,5,6,5,1,9,5,4
S01008610,338,176,162,47,34,13,134,71,63,49,23,26,26,5,21,11,10,1,14,4,10,29,13,16,5,5,0,23,11,12
S01008611,581,279,302,37,20,17,224,116,108,71,43,28,62,19,43,18,13,5,37,10,27,62,28,34,6,5,1,64,25,39
S01008612,378,202,176,28,18,10,137,74,63,57,34,23,32,11,21,15,13,2,30,9,21,34,16,18,7,6,1,38,21,17
S01008613,361,181,180,27,14,13,145,82,63,64,33,31,29,8,21,6,3,3,18,8,10,32,11,21,4,4,0,36,18,18
S01008614,293,154,139,24,16,8,112,63,49,42,20,22,16,4,12,9,8,1,19,4,15,21,10,11,6,6,0,44,23,21
S01008615,368,188,180,23,13,10,149,77,72,52,29,23,24,11,13,14,13,1,19,6,13,40,10,30,2,2,0,45,27,18
S01008616,319,147,172,25,15,10,104,52,52,56,25,31,18,7,11,10,7,3,20,3,17,34,15,19,4,3,1,48,20,28
S01008617,306,158,148,34,18,16,103,56,47,56,31,25,20,7,13,5,5,0,12,4,8,38,16,22,3,3,0,35,18,17
S01008618,295,132,163,15,9,6,105,51,54,38,19,19,20,5,15,11,10,1,16,3,13,43,18,25,2,2,0,45,15,30
S01008619,258,120,138,25,11,14,91,39,52,34,25,9,24,9,15,3,3,0,18,6,12,26,13,13,1,1,0,36,13,23
S01008620,360,168,192,30,18,12,126,65,61,66,28,38,26,10,16,13,10,3,15,8,7,38,11,27,2,2,0,44,16,28
S01008621,327,148,179,19,12,7,105,51,54,44,16,28,32,8,24,9,7,2,24,13,11,47,18,29,2,2,0,45,21,24
S01008622,252,131,121,19,11,8,104,56,48,41,20,21,25,14,11,10,9,1,17,3,14,11,5,6,3,1,2,22,12,10
S01008623,382,201,181,41,24,17,151,87,64,59,37,22,29,7,22,16,9,7,14,4,10,26,10,16,1,0,1,45,23,22
S01008624,266,144,122,59,39,20,115,61,54,35,23,12,23,5,18,10,9,1,8,2,6,7,1,6,5,3,2,4,1,3
S01008625,262,142,120,54,34,20,127,68,59,41,24,17,18,4,14,1,1,0,5,1,4,8,4,4,3,3,0,5,3,2
S01008626,482,255,227,57,45,12,224,115,109,68,38,30,42,13,29,17,13,4,23,4,19,27,11,16,6,6,0,18,10,8
S01008627,334,171,163,58,32,26,149,77,72,53,31,22,29,9,20,12,11,1,11,2,9,8,2,6,1,1,0,13,6,7
S01008628,332,161,171,22,14,8,151,71,80,63,31,32,18,7,11,15,13,2,23,7,16,23,8,15,4,3,1,13,7,6
S01008629,294,137,157,19,12,7,116,52,64,56,27,29,30,10,20,9,8,1,21,6,15,14,5,9,6,4,2,23,13,10
S01008630,291,158,133,23,16,7,112,59,53,41,18,23,32,11,21,21,18,3,17,8,9,18,10,8,2,2,0,25,16,9
S01008631,512,274,238,58,37,21,208,102,106,77,42,35,42,20,22,22,22,0,30,10,20,34,16,18,4,4,0,37,21,16
S01008632,459,225,234,33,20,13,182,89,93,91,42,49,40,11,29,18,13,5,27,9,18,28,13,15,11,9,2,29,19,10
S01008633,366,186,180,75,45,30,160,79,81,47,27,20,32,10,22,5,5,0,18,6,12,11,6,5,4,4,0,14,4,10
S01008634,353,192,161,53,34,19,146,75,71,54,34,20,19,6,13,11,9,2,19,1,18,20,12,8,4,4,0,27,17,10
S01008635,451,228,223,64,36,28,194,105,89,71,34,37,28,9,19,13,11,2,24,8,16,32,11,21,5,5,0,20,9,11
S01008636,428,206,222,44,25,19,176,88,88,59,36,23,46,17,29,12,10,2,24,4,20,35,12,23,4,3,1,28,11,17
S01008637,341,174,167,31,19,12,147,79,68,62,36,26,37,5,32,12,10,2,17,5,12,12,4,8,6,6,0,17,10,7
S01008638,363,193,170,41,20,21,113,66,47,58,32,26,34,9,25,26,20,6,14,7,7,24,13,11,2,2,0,51,24,27
S01008639,556,283,273,53,26,27,224,114,110,81,47,34,56,21,35,25,23,2,35,14,21,33,13,20,7,7,0,42,18,24
S01008640,457,232,225,29,14,15,177,95,82,93,53,40,31,9,22,12,12,0,29,8,21,35,13,22,4,4,0,47,24,23
S01008641,447,207,240,34,15,19,163,81,82,67,35,32,44,18,26,16,9,7,25,13,12,36,14,22,1,1,0,61,21,40
S01008642,555,275,280,55,34,21,223,109,114,104,53,51,50,20,30,18,16,2,18,5,13,38,16,22,5,5,0,44,17,27
S01008643,438,213,225,46,32,14,188,86,102,62,35,27,36,9,27,19,14,5,24,4,20,28,13,15,11,9,2,24,11,13
S01008644,415,203,212,46,26,20,156,74,82,65,31,34,31,8,23,16,12,4,18,3,15,41,25,16,10,9,1,32,15,17
S01008645,460,236,224,37,26,11,159,84,75,61,29,32,36,12,24,26,21,5,34,10,24,45,22,23,10,10,0,52,22,30
S01008646,525,282,243,37,21,16,171,88,83,86,47,39,51,18,33,31,27,4,19,5,14,59,34,25,12,12,0,59,30,29
S01008647,422,229,193,25,13,12,153,88,65,77,44,33,45,18,27,20,17,3,27,8,19,27,12,15,9,9,0,39,20,19
S01008648,395,191,204,23,13,10,113,53,60,62,29,33,44,11,33,24,23,1,29,7,22,35,20,15,7,6,1,58,29,29
S01008649,581,307,274,42,23,19,165,95,70,103,58,45,72,20,52,29,25,4,39,12,27,41,23,18,8,7,1,82,44,38
S01008650,514,260,254,36,20,16,165,78,87,73,47,26,59,23,36,23,19,4,43,15,28,44,21,23,7,5,2,64,32,32
S01008651,508,276,232,32,23,9,141,71,70,85,57,28,43,17,26,34,24,10,35,10,25,53,28,25,11,10,1,74,36,38
S01008652,380,204,176,21,12,9,82,50,32,68,42,26,45,13,32,22,15,7,38,16,22,38,20,18,8,6,2,58,30,28
S01008653,386,223,163,19,10,9,111,69,42,58,33,25,38,16,22,27,25,2,22,6,16,46,27,19,2,2,0,63,35,28
S01008654,590,328,262,35,23,12,175,94,81,101,60,41,71,23,48,36,34,2,31,13,18,58,29,29,12,11,1,71,41,30
S01008655,514,281,233,22,14,8,178,99,79,86,58,28,62,19,43,27,27,0,25,6,19,48,21,27,15,11,4,51,26,25
S01008656,382,228,154,17,10,7,84,47,37,83,51,32,45,20,25,28,26,2,34,17,17,36,22,14,12,10,2,43,25,18
S01008657,414,211,203,29,20,9,105,56,49,74,33,41,51,19,32,29,23,6,24,10,14,41,18,23,11,9,2,50,23,27
S01008658,560,294,266,31,15,16,143,76,67,90,52,38,63,28,35,28,23,5,48,13,35,43,16,27,13,10,3,101,61,40
S01008659,458,237,221,35,17,18,99,53,46,69,43,26,42,14,28,35,28,7,23,7,16,51,20,31,9,9,0,95,46,49
S01008660,507,302,205,40,24,16,168,103,65,80,59,21,38,21,17,30,27,3,27,8,19,56,23,33,5,5,0,63,32,31
S01008661,460,232,228,34,16,18,99,62,37,58,36,22,49,20,29,30,29,1,37,9,28,54,21,33,8,7,1,91,32,59
S01008662,341,177,164,13,9,4,90,52,38,40,20,20,28,16,12,19,15,4,27,12,15,55,25,30,3,3,0,66,25,41
S01008663,420,222,198,28,16,12,104,62,42,81,45,36,36,17,19,24,20,4,25,8,17,53,26,27,4,4,0,65,24,41
S01008664,434,228,206,21,9,12,139,76,63,90,48,42,39,20,19,18,17,1,24,5,19,50,27,23,5,5,0,48,21,27
S01008665,615,309,306,51,28,23,171,84,87,105,49,56,45,15,30,42,38,4,31,10,21,57,24,33,11,10,1,102,51,51
S01008666,435,216,219,31,17,14,141,74,67,66,33,33,33,14,19,19,15,4,35,9,26,33,20,13,4,3,1,73,31,42
S01008667,359,165,194,29,12,17,119,59,60,46,24,22,24,7,17,23,20,3,22,6,16,44,11,33,6,6,0,46,20,26
S01008668,290,146,144,20,13,7,105,54,51,44,18,26,28,12,16,17,13,4,20,9,11,20,8,12,5,4,1,31,15,16
S01008669,177,85,92,13,6,7,24,12,12,22,11,11,18,12,6,5,4,1,9,3,6,51,26,25,2,1,1,33,10,23
S01008670,296,136,160,19,14,5,67,36,31,37,18,19,30,5,25,13,13,0,18,4,14,40,19,21,5,5,0,67,22,45
S01008671,287,148,139,10,7,3,79,45,34,47,30,17,22,10,12,9,9,0,21,9,12,39,13,26,6,6,0,54,19,35
S01008672,281,147,134,18,14,4,97,56,41,34,23,11,21,6,15,11,8,3,19,8,11,32,11,21,3,2,1,46,19,27
S01008673,421,214,207,29,20,9,111,58,53,83,45,38,48,16,32,13,11,2,29,8,21,44,17,27,11,8,3,53,31,22
S01008674,389,202,187,31,18,13,94,57,37,58,40,18,29,9,20,22,20,2,21,7,14,53,19,34,2,2,0,79,30,49
S01008675,377,224,153,39,27,12,102,61,41,65,33,32,29,16,13,21,17,4,21,10,11,45,25,20,12,12,0,43,23,20
S01008676,436,218,218,60,34,26,114,69,45,93,45,48,38,17,21,22,13,9,33,8,25,22,8,14,5,3,2,49,21,28
S01008677,438,245,193,53,36,17,99,56,43,72,44,28,44,16,28,22,18,4,30,13,17,42,15,27,9,8,1,67,39,28
S01008678,390,196,194,27,19,8,87,49,38,61,29,32,26,14,12,12,11,1,38,11,27,66,32,34,10,7,3,63,24,39
S01008679,401,221,180,26,14,12,80,54,26,59,32,27,32,8,24,25,24,1,44,18,26,49,30,19,7,6,1,79,35,44
S01008680,257,140,117,13,10,3,70,44,26,32,15,17,32,14,18,17,13,4,22,7,15,24,11,13,4,3,1,43,23,20
S01008681,331,174,157,24,15,9,92,51,41,48,29,19,34,12,22,20,16,4,20,8,12,32,17,15,10,7,3,51,19,32
S01008682,371,196,175,20,15,5,111,57,54,53,24,29,39,16,23,21,19,2,28,10,18,29,13,16,14,14,0,56,28,28
S01008683,408,219,189,18,13,5,75,36,39,60,36,24,39,17,22,33,28,5,44,14,30,44,19,25,15,12,3,80,44,36
S01008684,401,216,185,35,22,13,82,53,29,44,28,16,49,13,36,32,27,5,40,11,29,42,16,26,15,14,1,62,32,30
S01008685,439,210,229,28,12,16,105,53,52,70,40,30,56,16,40,16,13,3,43,12,31,51,18,33,12,11,1,58,35,23
S01008686,438,219,219,30,14,16,78,44,34,71,30,41,44,14,30,33,32,1,42,11,31,50,23,27,21,19,2,69,32,37
S01008687,447,243,204,40,29,11,122,70,52,80,34,46,57,25,32,16,16,0,26,8,18,36,16,20,16,16,0,54,29,25
S01008688,540,286,254,46,31,15,157,84,73,101,53,48,62,25,37,40,34,6,30,10,20,42,20,22,11,9,2,51,20,31
S01008689,564,275,289,54,28,26,133,58,75,99,53,46,69,23,46,37,35,2,37,13,24,53,26,27,7,6,1,75,33,42
S01008690,673,314,359,57,30,27,184,75,109,121,53,68,84,27,57,41,35,6,38,9,29,57,26,31,17,17,0,74,42,32
S01008691,737,389,348,62,37,25,174,83,91,152,79,73,96,36,60,50,45,5,42,10,32,53,27,26,25,25,0,83,47,36
S01008692,422,207,215,25,16,9,89,45,44,77,39,38,59,20,39,26,24,2,33,9,24,50,16,34,14,14,0,49,24,25
S01008693,239,113,126,8,5,3,29,10,19,32,15,17,45,5,40,29,25,4,17,2,15,24,8,16,33,30,3,22,13,9
S01008694,674,345,329,45,19,26,172,80,92,130,70,60,86,36,50,38,33,5,54,21,33,48,21,27,22,19,3,79,46,33
S01008695,406,185,221,31,18,13,118,47,71,92,43,49,38,15,23,22,18,4,36,7,29,33,15,18,7,7,0,29,15,14
S01008696,370,187,183,41,23,18,124,57,67,57,28,29,46,18,28,24,20,4,23,5,18,22,9,13,12,12,0,21,15,6
S01008697,535,281,254,54,32,22,149,78,71,93,48,45,80,20,60,44,41,3,30,7,23,29,14,15,19,18,1,37,23,14
S01008698,259,130,129,19,12,7,63,26,37,39,19,20,39,8,31,24,24,0,19,4,15,32,15,17,15,15,0,9,7,2
S01008699,396,203,193,36,25,11,70,35,35,44,23,21,62,23,39,32,30,2,58,11,47,33,14,19,23,22,1,38,20,18
S01008700,238,121,117,43,29,14,68,34,34,37,22,15,33,3,30,10,10,0,10,1,9,14,5,9,8,8,0,15,9,6
S01008701,157,77,80,6,3,3,11,4,7,18,11,7,18,6,12,10,8,2,21,5,16,19,10,9,14,13,1,40,17,23
S01008702,318,169,149,26,17,9,57,29,28,36,20,16,42,15,27,28,26,2,30,8,22,45,21,24,12,10,2,42,23,19
S01008703,359,190,169,15,6,9,47,16,31,22,10,12,22,6,16,40,37,3,58,22,36,26,8,18,27,25,2,102,60,42
S01008704,268,129,139,16,9,7,44,11,33,27,16,11,31,7,24,29,25,4,34,13,21,25,9,16,15,13,2,47,26,21
S01008705,198,100,98,11,6,5,18,8,10,13,6,7,17,5,12,26,21,5,27,9,18,24,6,18,15,12,3,47,27,20
S01008706,210,98,112,5,5,0,21,8,13,16,10,6,22,8,14,9,9,0,37,7,30,32,9,23,20,19,1,48,23,25
S01008707,270,133,137,9,6,3,21,9,12,20,11,9,23,3,20,34,32,2,39,13,26,27,16,11,21,19,2,76,24,52
S01008708,293,159,134,6,3,3,17,10,7,17,9,8,32,10,22,41,39,2,45,11,34,38,18,20,24,23,1,73,36,37
S01008709,284,134,150,13,6,7,16,7,9,24,9,15,30,10,20,45,37,8,40,5,35,33,7,26,24,23,1,59,30,29
S01008710,186,94,92,7,5,2,13,5,8,14,9,5,16,7,9,32,26,6,31,7,24,25,7,18,9,7,2,39,21,18
S01008711,277,143,134,13,9,4,14,4,10,24,15,9,26,7,19,38,31,7,37,5,32,38,12,26,23,23,0,64,37,27
S01008712,307,163,144,11,6,5,23,12,11,23,12,11,29,5,24,49,42,7,50,12,38,27,13,14,26,26,0,69,35,34
S01008713,248,121,127,8,3,5,8,2,6,14,11,3,23,5,18,27,22,5,53,12,41,40,15,25,26,24,2,49,27,22
S01008714,225,104,121,18,9,9,32,16,16,20,11,9,27,4,23,21,19,2,32,8,24,27,7,20,16,14,2,32,16,16
S01008715,313,154,159,17,12,5,19,5,14,35,16,19,33,7,26,36,33,3,47,4,43,46,17,29,25,24,1,55,36,19
S01008716,221,111,110,17,14,3,13,6,7,14,8,6,35,7,28,33,27,6,42,7,35,21,9,12,19,18,1,27,15,12
S01008717,228,113,115,8,6,2,22,6,16,28,13,15,46,9,37,28,24,4,24,9,15,27,10,17,19,19,0,26,17,9
S01008718,273,140,133,23,15,8,30,17,13,22,6,16,46,15,31,35,33,2,34,3,31,35,12,23,20,20,0,28,19,9
S01008719,507,254,253,43,27,16,44,27,17,54,29,25,74,14,60,69,60,9,62,11,51,68,26,42,35,31,4,58,29,29
S01008720,246,124,122,17,9,8,34,12,22,23,13,10,41,10,31,33,30,3,22,5,17,27,7,20,22,20,2,27,18,9
S01008721,494,249,245,53,34,19,79,42,37,76,43,33,93,16,77,52,49,3,38,6,32,43,11,32,28,28,0,32,20,12
S01008722,445,225,220,64,48,16,108,46,62,66,41,25,64,12,52,35,34,1,31,5,26,31,8,23,17,16,1,29,15,14
S01008723,373,193,180,45,25,20,77,33,44,55,34,21,52,9,43,50,49,1,27,4,23,27,9,18,15,13,2,25,17,8
S01008724,438,216,222,56,34,22,130,57,73,85,47,38,52,13,39,34,32,2,29,3,26,24,11,13,9,8,1,19,11,8
S01008725,390,194,196,37,19,18,119,49,70,61,34,27,40,9,31,26,22,4,29,7,22,20,9,11,21,20,1,37,25,12
S01008726,304,153,151,39,23,16,125,57,68,54,31,23,24,6,18,18,17,1,14,3,11,17,5,12,4,4,0,9,7,2
S01008727,513,249,264,63,35,28,174,88,86,85,41,44,61,14,47,30,23,7,28,7,21,29,10,19,15,15,0,28,16,12
S01008728,228,111,117,15,9,6,56,23,33,29,13,16,26,6,20,23,21,2,17,3,14,23,10,13,8,8,0,31,18,13
S01008729,359,180,179,50,34,16,129,59,70,69,36,33,25,6,19,21,18,3,17,3,14,26,11,15,7,7,0,15,6,9
S01008730,453,220,233,50,24,26,131,65,66,96,41,55,40,15,25,29,25,4,29,11,18,30,12,18,14,13,1,34,14,20
S01008731,179,86,93,14,9,5,33,11,22,27,11,16,23,7,16,16,15,1,23,9,14,14,5,9,10,9,1,19,10,9
S01008732,284,149,135,21,13,8,52,17,35,48,26,22,35,9,26,32,28,4,29,11,18,19,7,12,14,14,0,34,24,10
S01008733,510,256,254,34,20,14,101,45,56,87,43,44,74,23,51,38,37,1,57,19,38,42,19,23,23,22,1,54,28,26
S01008734,272,141,131,24,14,10,74,34,40,49,29,20,29,8,21,22,21,1,28,7,21,14,6,8,10,10,0,22,12,10
S01008735,446,227,219,63,39,24,122,62,60,68,38,30,62,17,45,27,22,5,31,4,27,43,23,20,13,12,1,17,10,7
S01008736,321,169,152,39,27,12,68,26,42,47,27,20,37,9,28,31,30,1,23,7,16,46,23,23,15,13,2,15,7,8
S01008737,374,195,179,38,24,14,77,38,39,62,40,22,55,16,39,27,26,1,28,6,22,54,20,34,12,11,1,21,14,7
S01008738,333,169,164,36,24,12,87,40,47,41,23,18,59,19,40,25,20,5,18,3,15,27,9,18,20,18,2,20,13,7
S01008739,289,150,139,26,15,11,34,19,15,27,14,13,58,14,44,41,39,2,25,5,20,30,10,20,21,21,0,27,13,14
S01008740,271,133,138,13,8,5,44,19,25,33,17,16,58,17,41,27,24,3,26,4,22,26,10,16,21,20,1,23,14,9
S01008741,445,230,215,27,15,12,62,30,32,50,31,19,96,20,76,56,54,2,38,9,29,51,17,34,36,35,1,29,19,10
S01008742,217,115,102,20,9,11,31,19,12,30,17,13,44,13,31,14,14,0,21,7,14,24,11,13,11,11,0,22,14,8
S01008743,430,218,212,34,17,17,64,30,34,54,30,24,59,17,42,47,44,3,45,10,35,45,17,28,19,17,2,63,36,27
S01008744,491,248,243,34,19,15,71,33,38,65,34,31,85,24,61,48,47,1,59,10,49,47,18,29,26,25,1,56,38,18
S01008745,243,119,124,21,12,9,72,34,38,32,21,11,34,5,29,18,18,0,21,9,12,18,4,14,7,7,0,20,9,11
S01008746,483,256,227,33,21,12,72,36,36,56,39,17,68,18,50,39,37,2,47,14,33,58,17,41,25,24,1,85,50,35
S01008747,235,113,122,18,10,8,65,30,35,32,12,20,30,7,23,22,21,1,27,5,22,15,6,9,13,13,0,13,9,4
S01008748,312,157,155,32,21,11,66,35,31,52,30,22,49,8,41,32,30,2,26,3,23,26,9,17,11,10,1,18,11,7
S01008749,466,241,225,57,36,21,88,38,50,53,29,24,74,22,52,60,52,8,38,7,31,41,17,24,21,17,4,34,23,11
S01008750,323,165,158,30,20,10,60,28,32,39,22,17,66,21,45,31,27,4,18,3,15,36,12,24,22,20,2,21,12,9
S01008751,264,135,129,15,11,4,39,18,21,34,14,20,38,10,28,34,34,0,22,3,19,39,11,28,18,15,3,25,19,6
S01008752,304,149,155,17,9,8,21,8,13,33,18,15,53,18,35,32,28,4,36,4,32,30,8,22,14,14,0,68,42,26
S01008753,230,104,126,17,7,10,23,10,13,28,12,16,28,10,18,18,13,5,38,8,30,22,8,14,17,15,2,39,21,18
S01008754,355,183,172,26,17,9,47,23,24,51,24,27,47,15,32,39,36,3,36,4,32,43,20,23,21,20,1,45,24,21
S01008755,506,281,225,32,19,13,43,19,24,64,40,24,64,21,43,59,56,3,53,15,38,55,27,28,37,36,1,99,48,51
S01008756,337,168,169,15,8,7,35,13,22,40,21,19,43,11,32,41,39,2,57,11,46,33,20,13,19,14,5,54,31,23
S01008757,207,107,100,10,4,6,13,7,6,16,7,9,22,1,21,27,25,2,28,5,23,14,7,7,18,15,3,59,36,23
S01008758,341,174,167,25,12,13,33,19,14,21,14,7,58,9,49,49,44,5,42,9,33,29,11,18,22,22,0,62,34,28
S01008759,218,101,117,8,5,3,17,10,7,31,12,19,29,2,27,27,24,3,29,5,24,27,14,13,16,15,1,34,14,20
S01008760,370,169,201,23,12,11,23,9,14,24,12,12,51,10,41,39,34,5,49,7,42,52,17,35,21,20,1,88,48,40
S01008761,418,220,198,20,14,6,60,25,35,65,38,27,52,16,36,51,42,9,35,7,28,35,11,24,22,22,0,78,45,33
S01008762,319,155,164,23,12,11,58,22,36,47,24,23,34,8,26,38,29,9,22,2,20,29,10,19,27,25,2,41,23,18
S01008763,582,281,301,43,24,19,153,65,88,105,53,52,81,27,54,37,32,5,43,6,37,36,13,23,22,22,0,62,39,23
S01008764,406,205,201,33,20,13,129,57,72,71,39,32,37,9,28,29,28,1,23,4,19,42,18,24,14,14,0,28,16,12
S01008765,497,236,261,53,28,25,138,62,76,83,39,44,56,19,37,26,21,5,52,10,42,35,16,19,20,19,1,34,22,12
S01008766,524,256,268,48,34,14,121,51,70,74,33,41,73,18,55,59,51,8,39,6,33,45,14,31,29,26,3,36,23,13
S01008767,284,144,140,22,13,9,47,21,26,42,20,22,42,5,37,36,35,1,24,4,20,31,14,17,11,10,1,29,22,7
S01008768,266,144,122,20,12,8,52,28,24,50,24,26,35,14,21,30,28,2,27,5,22,18,8,10,16,14,2,18,11,7
S01008769,520,281,239,65,42,23,173,87,86,112,61,51,56,23,33,21,17,4,27,11,16,33,19,14,9,8,1,24,13,11
S01008770,567,309,258,80,54,26,155,90,65,104,66,38,52,16,36,25,21,4,35,7,28,56,19,37,21,20,1,39,16,23
S01008771,446,243,203,72,49,23,128,69,59,90,53,37,42,12,30,20,19,1,23,4,19,27,7,20,18,17,1,26,13,13
S01008772,413,224,189,43,24,19,120,67,53,68,33,35,48,15,33,31,27,4,26,10,16,28,16,12,15,13,2,34,19,15
S01008773,609,322,287,59,32,27,128,55,73,102,50,52,68,24,44,40,36,4,55,20,35,63,35,28,24,24,0,70,46,24
S01008774,521,288,233,47,31,16,88,46,42,66,34,32,59,18,41,57,55,2,51,20,31,52,24,28,13,11,2,88,49,39
S01008775,280,142,138,23,16,7,78,34,44,56,30,26,27,6,21,29,25,4,13,2,11,18,6,12,9,9,0,27,14,13
S01008776,419,203,216,30,17,13,81,37,44,66,26,40,46,15,31,32,26,6,37,11,26,50,27,23,11,9,2,66,35,31
S01008777,491,291,200,35,19,16,82,52,30,74,46,28,41,17,24,47,37,10,52,15,37,48,24,24,25,23,2,87,58,29
S01008778,786,423,363,84,54,30,208,109,99,157,90,67,77,32,45,44,38,6,56,20,36,69,28,41,17,17,0,74,35,39
S01008779,550,287,263,72,44,28,180,102,78,99,46,53,53,11,42,37,31,6,32,8,24,35,18,17,11,10,1,31,17,14
S01008780,419,218,201,38,21,17,120,61,59,74,48,26,43,12,31,32,27,5,28,10,18,21,9,12,14,12,2,49,18,31
S01008781,616,331,285,49,26,23,138,78,60,115,61,54,48,14,34,49,43,6,53,20,33,54,28,26,25,22,3,85,39,46
S01008782,509,279,230,58,35,23,168,91,77,84,42,42,46,15,31,38,36,2,24,6,18,36,11,25,11,11,0,44,32,12
S01008783,308,151,157,33,17,16,78,41,37,73,34,39,26,5,21,17,16,1,19,6,13,25,7,18,15,13,2,22,12,10
S01008784,322,163,159,36,23,13,81,39,42,49,23,26,31,10,21,21,20,1,31,8,23,25,8,17,11,10,1,37,22,15
S01008785,395,213,182,39,15,24,66,28,38,53,30,23,32,11,21,33,30,3,31,9,22,45,29,16,11,10,1,85,51,34
S01008786,625,351,274,72,47,25,164,78,86,114,59,55,56,29,27,54,45,9,34,15,19,42,20,22,16,14,2,73,44,29
S01008787,122,68,54,4,3,1,8,3,5,9,8,1,6,1,5,8,8,0,20,4,16,15,6,9,11,11,0,41,24,17
S01008788,487,251,236,64,37,27,129,70,59,83,43,40,52,15,37,37,35,2,37,9,28,32,14,18,2,2,0,51,26,25
S01008789,283,133,150,21,10,11,48,20,28,37,15,22,31,8,23,29,25,4,36,8,28,31,10,21,10,8,2,40,29,11
S01008790,363,181,182,35,20,15,71,38,33,47,24,23,40,15,25,33,30,3,29,5,24,37,14,23,9,7,2,62,28,34
S01008791,567,296,271,42,31,11,121,64,57,62,29,33,63,17,46,53,49,4,56,13,43,45,23,22,17,17,0,108,53,55
S01008792,476,243,233,40,16,24,102,42,60,87,51,36,52,20,32,36,26,10,43,16,27,33,12,21,27,26,1,56,34,22
S01008793,193,101,92,11,5,6,28,16,12,24,10,14,22,8,14,21,18,3,18,5,13,20,7,13,7,6,1,42,26,16
S01008794,428,212,216,26,16,10,77,38,39,61,31,30,62,15,47,38,34,4,54,13,41,41,17,24,19,19,0,50,29,21
S01008795,741,386,355,51,38,13,154,65,89,116,56,60,91,34,57,65,59,6,64,19,45,61,28,33,23,22,1,116,65,51
S01008796,622,319,303,33,18,15,104,55,49,97,49,48,65,15,50,51,41,10,55,18,37,68,29,39,30,25,5,119,69,50
S01008797,617,317,300,41,20,21,132,57,75,95,49,46,84,37,47,52,42,10,50,17,33,57,30,27,11,11,0,95,54,41
S01008798,461,240,221,26,12,14,103,54,49,74,43,31,61,24,37,44,38,6,49,10,39,28,12,16,19,17,2,57,30,27
S01008799,406,224,182,30,20,10,61,31,30,43,27,16,51,18,33,46,42,4,39,10,29,40,14,26,15,14,1,81,48,33
S01008800,767,412,355,56,29,27,171,96,75,120,63,57,96,37,59,58,48,10,58,18,40,64,27,37,33,32,1,111,62,49
S01008801,653,349,304,48,29,19,145,73,72,106,60,46,66,22,44,65,59,6,47,14,33,62,29,33,23,23,0,91,40,51
S01008802,608,324,284,38,20,18,119,64,55,106,52,54,65,23,42,54,49,5,63,18,45,46,26,20,16,13,3,101,59,42
S01008803,574,293,281,68,46,22,99,50,49,88,43,45,64,20,44,58,47,11,50,12,38,38,17,21,17,12,5,92,46,46
S01008804,332,187,145,34,22,12,66,37,29,31,12,19,40,16,24,33,31,2,32,12,20,27,13,14,7,6,1,62,38,24
S01008805,402,210,192,32,18,14,90,55,35,56,29,27,50,22,28,15,12,3,28,10,18,63,32,31,9,6,3,59,26,33
S01008806,713,363,350,66,40,26,186,99,87,112,54,58,79,17,62,62,52,10,48,14,34,65,33,32,14,13,1,81,41,40
S01008807,526,265,261,41,21,20,136,68,68,103,56,47,59,20,39,30,26,4,39,8,31,35,18,17,20,14,6,63,34,29
S01008808,417,212,205,37,24,13,132,64,68,88,47,41,35,13,22,24,21,3,29,7,22,28,13,15,10,7,3,34,16,18
S01008809,373,203,170,72,47,25,108,54,54,63,39,24,25,8,17,22,17,5,29,12,17,21,8,13,8,7,1,25,11,14
S01008810,484,239,245,42,26,16,164,84,80,90,40,50,52,14,38,28,22,6,17,3,14,33,16,17,9,8,1,49,26,23
S01008811,562,286,276,61,37,24,153,84,69,103,48,55,41,15,26,34,28,6,32,5,27,45,18,27,7,7,0,86,44,42
S01008812,313,160,153,33,17,16,107,62,45,59,27,32,20,3,17,14,12,2,22,6,16,26,13,13,6,6,0,26,14,12
S01008813,512,264,248,44,22,22,101,52,49,64,35,29,59,15,44,57,47,10,44,11,33,46,18,28,20,19,1,77,45,32
S01008814,516,251,265,42,25,17,118,50,68,73,36,37,59,14,45,53,45,8,31,6,25,50,24,26,12,9,3,78,42,36
S01008815,568,305,263,49,31,18,131,55,76,101,55,46,63,27,36,40,34,6,34,7,27,36,21,15,21,21,0,93,54,39
S01008816,286,157,129,27,11,16,67,43,24,68,40,28,41,10,31,18,17,1,14,3,11,21,12,9,9,9,0,21,12,9
S01008817,459,227,232,29,17,12,107,57,50,74,33,41,52,14,38,42,34,8,48,13,35,35,11,24,14,13,1,58,35,23
S01008818,495,232,263,43,22,21,128,69,59,96,40,56,66,15,51,29,29,0,44,12,32,34,14,20,15,12,3,40,19,21
S01008819,448,224,224,37,20,17,159,77,82,98,50,48,44,13,31,27,21,6,22,7,15,24,10,14,14,11,3,23,15,8
S01008820,621,331,290,53,34,19,120,57,63,109,66,43,80,37,43,48,37,11,63,16,47,59,27,32,17,16,1,72,41,31
S01008821,390,195,195,56,31,25,153,81,72,65,29,36,32,9,23,18,13,5,17,4,13,31,17,14,5,5,0,13,6,7
S01008822,371,196,175,61,40,21,123,58,65,64,35,29,43,20,23,19,17,2,21,6,15,21,9,12,5,5,0,14,6,8
S01008823,333,181,152,64,44,20,115,57,58,57,37,20,30,8,22,19,17,2,18,4,14,15,6,9,4,3,1,11,5,6
S01008824,555,264,291,76,42,34,198,93,105,103,50,53,49,15,34,26,21,5,30,6,24,42,14,28,10,10,0,21,13,8
S01008825,355,177,178,50,26,24,119,61,58,60,26,34,37,12,25,28,24,4,19,6,13,21,8,13,6,5,1,15,9,6
S01008826,396,196,200,41,20,21,115,55,60,60,26,34,38,11,27,34,32,2,33,8,25,31,8,23,15,14,1,29,22,7
S01008827,321,171,150,44,34,10,142,72,70,62,32,30,27,10,17,9,8,1,14,3,11,11,4,7,4,2,2,8,6,2
S01008828,478,231,247,53,32,21,158,78,80,82,47,35,62,15,47,29,23,6,31,8,23,30,11,19,11,7,4,22,10,12
S01008829,319,150,169,39,27,12,91,43,48,47,20,27,30,8,22,21,15,6,24,6,18,22,4,18,12,10,2,33,17,16
S01008830,347,172,175,46,24,22,136,70,66,63,29,34,44,16,28,16,14,2,11,4,7,21,8,13,1,1,0,9,6,3
S01008831,345,185,160,44,28,16,132,66,66,54,31,23,39,10,29,20,18,2,21,5,16,13,10,3,12,12,0,10,5,5
S01008832,298,173,125,60,48,12,92,48,44,45,26,19,39,11,28,14,13,1,12,4,8,17,9,8,5,5,0,14,9,5
S01008833,512,281,231,65,32,33,222,124,98,101,59,42,33,8,25,20,16,4,16,2,14,28,17,11,7,7,0,20,16,4
S01008834,578,280,298,92,51,41,211,99,112,114,60,54,62,19,43,27,23,4,21,6,15,24,7,17,13,8,5,14,7,7
S01008835,411,201,210,44,27,17,117,48,69,69,39,30,64,19,45,28,25,3,28,8,20,29,13,16,11,8,3,21,14,7
S01008836,401,205,196,31,14,17,90,48,42,69,37,32,50,12,38,33,30,3,30,12,18,34,12,22,9,9,0,55,31,24
S01008837,723,401,322,74,53,21,247,123,124,135,83,52,98,39,59,37,33,4,30,12,18,38,15,23,9,9,0,55,34,21
S01008838,675,349,326,64,39,25,194,98,96,135,68,67,94,33,61,44,37,7,31,14,17,46,20,26,10,10,0,57,30,27
S01008839,655,338,317,68,43,25,225,120,105,113,58,55,87,28,59,32,26,6,34,11,23,35,17,18,11,10,1,50,25,25
S01008840,646,327,319,59,33,26,229,122,107,114,57,57,80,23,57,33,29,4,31,6,25,31,16,15,13,12,1,56,29,27
S01008841,377,194,183,29,12,17,103,53,50,69,40,29,50,16,34,34,28,6,23,8,15,27,11,16,12,10,2,30,16,14
S01008842,600,322,278,39,24,15,180,88,92,94,41,53,52,19,33,36,33,3,41,16,25,70,46,24,15,15,0,73,40,33
S01008843,631,310,321,55,33,22,219,111,108,100,54,46,71,20,51,25,21,4,48,14,34,41,16,25,9,9,0,63,32,31
S01008844,444,221,223,56,29,27,151,85,66,85,40,45,41,11,30,17,14,3,31,7,24,29,14,15,2,2,0,32,19,13
S01008845,501,243,258,63,39,24,165,88,77,95,57,38,44,13,31,16,9,7,29,3,26,37,12,25,4,4,0,48,18,30
S01008846,482,231,251,49,35,14,158,67,91,105,57,48,42,16,26,15,11,4,25,7,18,34,14,20,4,4,0,50,20,30
S01008847,337,187,150,54,35,19,127,70,57,59,32,27,22,8,14,16,10,6,15,6,9,20,10,10,3,2,1,21,14,7
S01008848,454,259,195,58,38,20,169,92,77,90,62,28,34,11,23,24,20,4,21,6,15,25,11,14,3,2,1,30,17,13
S01008849,442,232,210,72,50,22,158,74,84,80,48,32,32,10,22,18,15,3,18,3,15,24,16,8,4,3,1,36,13,23
S01008850,424,222,202,79,49,30,166,90,76,92,51,41,25,3,22,16,12,4,12,4,8,19,3,16,0,0,0,15,10,5
S01008851,586,289,297,69,37,32,210,100,110,139,72,67,47,17,30,32,26,6,22,8,14,27,6,21,7,6,1,33,17,16
S01008852,542,302,240,102,67,35,227,125,102,104,54,50,26,11,15,14,8,6,14,7,7,26,13,13,4,3,1,25,14,11
S01008853,450,231,219,62,33,29,172,96,76,83,43,40,30,8,22,21,17,4,20,4,16,26,14,12,8,7,1,28,9,19
S01008854,541,299,242,72,45,27,198,106,92,143,80,63,37,13,24,16,14,2,18,8,10,26,12,14,3,3,0,28,18,10
S01008855,712,376,336,107,63,44,299,156,143,151,82,69,53,19,34,25,19,6,17,7,10,28,12,16,5,5,0,27,13,14
S01008856,391,197,194,51,31,20,126,60,66,86,45,41,41,13,28,17,11,6,20,8,12,20,9,11,3,3,0,27,17,10
S01008857,524,257,267,59,32,27,192,111,81,107,40,67,51,13,38,19,19,0,28,7,21,29,11,18,8,8,0,31,16,15
S01008858,353,177,176,41,23,18,147,71,76,81,41,40,30,14,16,9,8,1,14,3,11,16,8,8,1,1,0,14,8,6
S01008859,710,380,330,96,54,42,266,140,126,157,90,67,71,26,45,35,33,2,15,4,11,31,13,18,9,7,2,30,13,17
S01008860,555,261,294,51,24,27,219,102,117,117,52,65,51,23,28,24,17,7,28,8,20,26,9,17,8,8,0,31,18,13
S01008861,415,228,187,87,55,32,171,88,83,75,44,31,20,5,15,10,9,1,15,6,9,23,10,13,1,1,0,13,10,3
S01008862,631,305,326,75,41,34,257,115,142,128,64,64,55,15,40,25,20,5,29,11,18,19,7,12,9,8,1,34,24,10
S01008863,471,224,247,75,43,32,192,84,108,98,49,49,42,17,25,16,11,5,19,7,12,11,3,8,2,2,0,16,8,8
S01008864,418,216,202,37,23,14,191,96,95,88,50,38,40,15,25,10,7,3,14,3,11,15,6,9,4,4,0,19,12,7
S01008865,501,246,255,37,21,16,210,92,118,101,59,42,41,16,25,15,13,2,30,6,24,35,19,16,5,5,0,27,15,12
S01008866,552,264,288,60,34,26,263,121,142,101,58,43,57,17,40,20,16,4,14,1,13,15,6,9,7,6,1,15,5,10
S01008867,486,259,227,83,48,35,209,115,94,94,53,41,39,10,29,17,13,4,11,4,7,15,6,9,5,5,0,13,5,8
S01008868,525,297,228,69,46,23,161,95,66,108,55,53,39,10,29,26,22,4,24,10,14,31,13,18,7,5,2,60,41,19
S01008869,618,356,262,87,61,26,267,148,119,117,69,48,55,22,33,23,20,3,21,8,13,26,12,14,7,7,0,15,9,6
S01008870,485,255,230,91,61,30,189,96,93,83,37,46,47,18,29,12,11,1,23,7,16,15,7,8,7,6,1,18,12,6
S01008871,644,358,286,104,68,36,239,136,103,112,64,48,57,15,42,20,14,6,16,5,11,30,17,13,5,4,1,61,35,26
S01008872,508,266,242,61,36,25,184,102,82,91,41,50,45,6,39,13,11,2,19,8,11,35,22,13,9,9,0,51,31,20
S01008873,404,219,185,91,59,32,145,72,73,75,43,32,37,10,27,13,9,4,8,1,7,12,9,3,3,3,0,20,13,7
S01008874,512,264,248,78,38,40,184,113,71,88,43,45,53,16,37,19,18,1,19,3,16,30,13,17,5,5,0,36,15,21
S01008875,499,263,236,47,29,18,149,76,73,95,60,35,40,14,26,27,24,3,51,19,32,37,12,25,12,11,1,41,18,23
S01008876,279,137,142,37,21,16,82,45,37,41,21,20,38,13,25,12,11,1,24,3,21,23,10,13,5,5,0,17,8,9
S01008877,293,149,144,29,21,8,105,58,47,60,27,33,39,9,30,17,16,1,15,3,12,12,3,9,5,5,0,11,7,4
S01008878,421,209,212,48,26,22,84,38,46,50,35,15,75,16,59,37,34,3,29,5,24,44,12,32,20,20,0,34,23,11
S01008879,428,203,225,32,14,18,105,51,54,73,37,36,58,12,46,35,31,4,41,6,35,28,9,19,27,27,0,29,16,13
S01008880,332,166,166,43,26,17,90,46,44,56,33,23,50,14,36,15,14,1,30,7,23,17,4,13,15,14,1,16,8,8
S01008881,244,141,103,44,28,16,98,58,40,32,20,12,15,4,11,11,11,0,14,3,11,11,5,6,5,5,0,14,7,7
S01008882,492,277,215,102,72,30,187,103,84,94,52,42,49,17,32,11,9,2,14,2,12,12,3,9,5,4,1,18,15,3
S01008883,377,199,178,96,63,33,158,82,76,53,27,26,32,10,22,10,6,4,10,1,9,8,4,4,3,3,0,7,3,4
S01008884,272,145,127,49,34,15,111,59,52,47,26,21,25,6,19,12,9,3,9,1,8,9,3,6,1,1,0,9,6,3
S01008885,403,218,185,80,46,34,160,93,67,60,32,28,37,11,26,13,12,1,27,7,20,14,7,7,5,5,0,7,5,2
S01008886,417,217,200,45,31,14,173,91,82,70,35,35,38,7,31,22,21,1,16,5,11,27,9,18,5,5,0,21,13,8
S01008887,377,185,192,39,26,13,142,66,76,65,30,35,41,9,32,24,22,2,15,3,12,19,10,9,10,7,3,22,12,10
S01008888,385,182,203,45,24,21,154,72,82,80,40,40,51,18,33,7,6,1,18,4,14,14,6,8,5,5,0,11,7,4
S01008889,310,168,142,35,25,10,81,33,48,57,36,21,41,11,30,26,25,1,18,6,12,20,9,11,15,14,1,17,9,8
S01008890,343,173,170,33,21,12,111,53,58,44,19,25,56,18,38,26,25,1,14,4,10,31,11,20,12,10,2,16,12,4
S01008891,363,177,186,49,31,18,123,63,60,62,31,31,42,9,33,21,18,3,23,3,20,26,7,19,5,5,0,12,10,2
S01008892,466,233,233,55,30,25,152,75,77,77,44,33,64,22,42,31,29,2,26,7,19,29,9,20,7,4,3,25,13,12
S01008893,436,222,214,70,44,26,171,78,93,73,41,32,47,13,34,23,20,3,15,3,12,17,8,9,6,3,3,14,12,2
S01008894,399,218,181,61,47,14,150,84,66,62,35,27,39,7,32,21,19,2,20,2,18,21,8,13,5,5,0,20,11,9
S01008895,314,164,150,52,35,17,117,58,59,57,32,25,29,7,22,14,12,2,18,3,15,14,7,7,5,5,0,8,5,3
S01008896,258,139,119,53,31,22,88,49,39,46,27,19,24,8,16,13,10,3,10,0,10,10,3,7,5,5,0,9,6,3
S01008897,303,155,148,34,19,15,119,65,54,48,24,24,35,11,24,16,14,2,19,6,13,17,6,11,6,5,1,9,5,4
S01008898,389,200,189,77,52,25,121,58,63,45,21,24,43,10,33,28,25,3,25,4,21,21,9,12,11,9,2,18,12,6
S01008899,334,166,168,17,9,8,29,15,14,17,12,5,43,14,29,40,32,8,49,5,44,31,9,22,27,25,2,81,45,36
S01008900,472,229,243,32,13,19,64,24,40,33,20,13,70,23,47,51,44,7,44,10,34,55,17,38,40,37,3,83,41,42
S01008901,371,184,187,28,17,11,42,21,21,30,16,14,49,7,42,48,43,5,53,10,43,30,10,20,29,29,0,62,31,31
S01008902,470,250,220,36,25,11,59,26,33,54,30,24,54,15,39,51,46,5,65,15,50,45,17,28,34,32,2,72,44,28
S01008903,433,204,229,25,11,14,43,21,22,47,24,23,64,13,51,58,56,2,56,9,47,52,18,34,19,18,1,69,34,35
S01008904,458,236,222,30,13,17,35,16,19,32,15,17,35,10,25,47,40,7,63,20,43,67,27,40,27,24,3,122,71,51
S01008905,420,229,191,22,11,11,29,13,16,26,16,10,49,13,36,33,28,5,50,16,34,42,18,24,37,32,5,132,82,50
S01008906,333,183,150,14,10,4,28,12,16,28,12,16,29,9,20,37,35,2,46,10,36,40,16,24,18,17,1,93,62,31
S01008907,188,87,101,4,1,3,9,3,6,14,10,4,17,5,12,18,14,4,26,8,18,18,4,14,12,11,1,70,31,39
S01008908,393,194,199,29,18,11,50,24,26,44,19,25,51,14,37,47,45,2,33,2,31,42,18,24,23,20,3,74,34,40
S01008909,404,204,200,22,14,8,29,13,16,42,28,14,58,8,50,45,40,5,52,10,42,47,13,34,40,37,3,69,41,28
S01008910,251,123,128,14,7,7,44,20,24,27,17,10,36,7,29,28,24,4,22,4,18,28,12,16,21,20,1,31,12,19
S01008911,584,319,265,75,41,34,156,89,67,115,56,59,57,27,30,39,35,4,39,13,26,41,19,22,20,18,2,42,21,21
S01008912,425,219,206,38,26,12,104,51,53,67,31,36,60,16,44,32,31,1,36,9,27,31,8,23,27,26,1,30,21,9
S01008913,377,202,175,36,21,15,92,52,40,54,26,28,44,9,35,28,27,1,33,8,25,35,15,20,27,23,4,28,21,7
S01008914,439,204,235,24,19,5,73,32,41,57,26,31,55,9,46,50,49,1,55,5,50,45,13,32,37,34,3,43,17,26
S01008915,281,149,132,21,14,7,65,37,28,46,23,23,40,15,25,28,27,1,22,0,22,30,13,17,14,13,1,15,7,8
S01008916,402,199,203,24,14,10,40,16,24,39,22,17,46,14,32,35,33,2,55,12,43,50,20,30,34,29,5,79,39,40
S01008917,277,139,138,9,6,3,30,13,17,29,16,13,35,13,22,23,20,3,46,15,31,26,9,17,15,15,0,64,32,32
S01008918,203,100,103,8,6,2,7,2,5,16,10,6,12,4,8,31,26,5,30,6,24,20,9,11,13,9,4,66,28,38
S01008919,191,110,81,15,11,4,14,8,6,10,7,3,15,4,11,20,17,3,26,10,16,29,15,14,13,13,0,49,25,24
S01008920,746,403,343,83,47,36,184,109,75,141,82,59,95,35,60,52,44,8,50,13,37,60,23,37,31,26,5,50,24,26
S01008921,265,135,130,10,5,5,22,9,13,18,10,8,29,6,23,34,30,4,39,13,26,28,13,15,22,22,0,63,27,36
S01008922,331,171,160,20,12,8,24,5,19,33,25,8,32,9,23,35,33,2,52,9,43,49,20,29,33,31,2,53,27,26
S01008923,339,163,176,16,9,7,23,11,12,19,6,13,47,7,40,43,41,2,40,10,30,46,17,29,27,24,3,78,38,40
S01008924,370,169,201,19,7,12,16,6,10,13,8,5,34,8,26,53,47,6,58,10,48,38,10,28,22,20,2,117,53,64
S01008925,355,179,176,23,12,11,22,10,12,29,11,18,31,7,24,51,44,7,51,11,40,45,14,31,28,24,4,75,46,29
S01008926,337,177,160,23,12,11,30,19,11,33,18,15,57,15,42,38,37,1,41,8,33,38,15,23,28,27,1,49,26,23
S01008927,495,252,243,39,21,18,60,31,29,70,40,30,69,23,46,43,42,1,57,12,45,59,25,34,16,16,0,82,42,40
S01008928,331,174,157,24,15,9,58,27,31,44,22,22,27,6,21,26,25,1,40,10,30,28,10,18,26,22,4,58,37,21
S01008929,233,139,94,9,6,3,7,4,3,13,9,4,15,6,9,28,24,4,36,11,25,24,13,11,25,22,3,76,44,32
S01008930,307,141,166,13,7,6,14,5,9,20,10,10,30,9,21,27,22,5,52,9,43,31,14,17,21,16,5,99,49,50
S01008931,306,139,167,12,7,5,9,2,7,24,11,13,30,6,24,28,23,5,43,8,35,42,15,27,25,21,4,93,46,47
S01008932,486,240,246,34,18,16,70,34,36,71,39,32,63,19,44,49,40,9,60,16,44,51,19,32,23,23,0,65,32,33
S01008933,284,140,144,6,4,2,24,10,14,21,12,9,30,7,23,29,25,4,43,12,31,34,10,24,25,24,1,72,36,36
S01008934,358,180,178,19,14,5,39,19,20,43,20,23,48,13,35,35,30,5,39,10,29,30,15,15,25,23,2,80,36,44
S01008935,410,225,185,39,29,10,76,46,30,59,33,26,75,23,52,35,35,0,36,5,31,36,16,20,13,12,1,41,26,15
S01008936,190,98,92,31,16,15,62,31,31,38,20,18,21,6,15,11,10,1,8,1,7,8,5,3,4,4,0,7,5,2
S01008937,391,187,204,47,24,23,88,42,46,61,26,35,64,19,45,39,36,3,27,5,22,31,9,22,10,10,0,24,16,8
S01008938,329,174,155,36,21,15,91,46,45,58,36,22,41,12,29,22,22,0,22,3,19,25,12,13,15,13,2,19,9,10
S01008939,359,184,175,35,29,6,62,28,34,55,29,26,63,10,53,30,28,2,31,9,22,33,13,20,22,20,2,28,18,10
S01008940,263,143,120,52,38,14,95,45,50,43,31,12,28,8,20,8,8,0,10,1,9,17,7,10,5,5,0,5,0,5
S01008941,371,188,183,81,58,23,134,68,66,60,31,29,29,10,19,9,6,3,19,1,18,23,7,16,3,2,1,13,5,8
S01008942,365,181,184,36,20,16,116,58,58,65,37,28,50,10,40,15,15,0,23,2,21,28,14,14,17,16,1,15,9,6
S01008943,336,180,156,65,51,14,114,61,53,54,32,22,45,11,34,11,9,2,21,4,17,16,5,11,2,2,0,8,5,3
S01008944,407,214,193,78,54,24,138,74,64,64,35,29,42,10,32,13,10,3,16,2,14,28,10,18,10,9,1,18,10,8
S01008945,393,208,185,79,48,31,126,63,63,81,51,30,44,11,33,18,17,1,11,1,10,17,7,10,5,5,0,12,5,7
S01008946,378,201,177,66,43,23,132,68,64,57,34,23,36,5,31,15,12,3,12,1,11,32,22,10,6,5,1,22,11,11
S01008947,451,224,227,56,37,19,166,84,82,63,38,25,53,12,41,27,20,7,24,2,22,29,10,19,10,9,1,23,12,11
S01008948,369,190,179,54,32,22,109,49,60,51,28,23,49,14,35,29,25,4,16,3,13,28,13,15,12,11,1,21,15,6
S01008949,436,216,220,28,19,9,55,22,33,62,29,33,67,20,47,43,40,3,42,6,36,53,18,35,32,29,3,54,33,21
S01008950,433,215,218,35,21,14,61,31,30,53,27,26,63,13,50,44,42,2,60,11,49,46,20,26,23,22,1,48,28,20
S01008951,393,189,204,28,14,14,41,11,30,46,26,20,54,14,40,43,39,4,45,11,34,46,13,33,20,18,2,70,43,27
S01008952,382,191,191,15,7,8,36,19,17,36,17,19,45,17,28,43,36,7,45,8,37,53,24,29,25,22,3,84,41,43
S01008953,400,188,212,36,20,16,47,17,30,41,21,20,47,15,32,51,41,10,49,8,41,53,16,37,22,22,0,54,28,26
S01008954,353,184,169,21,9,12,52,21,31,46,31,15,48,13,35,39,38,1,33,9,24,43,19,24,23,22,1,48,22,26
S01008955,349,171,178,47,28,19,88,43,45,48,28,20,41,11,30,24,20,4,32,3,29,39,16,23,13,12,1,17,10,7
S01008956,513,253,260,36,20,16,103,49,54,83,47,36,85,21,64,33,31,2,50,9,41,51,21,30,28,26,2,44,29,15
S01008957,473,230,243,44,27,17,109,49,60,65,34,31,66,17,49,42,38,4,42,7,35,48,19,29,16,16,0,41,23,18
S01008958,334,172,162,24,17,7,61,29,32,51,30,21,58,16,42,32,29,3,27,8,19,49,20,29,14,12,2,18,11,7
S01008959,454,218,236,26,15,11,74,32,42,68,38,30,83,16,67,43,42,1,47,6,41,47,22,25,26,23,3,40,24,16
S01008960,530,284,246,101,67,34,163,87,76,97,60,37,62,12,50,24,21,3,26,5,21,28,12,16,12,11,1,17,9,8
S01008961,379,183,196,35,20,15,82,38,44,54,29,25,70,25,45,26,21,5,33,3,30,34,16,18,18,16,2,27,15,12
S01008962,336,160,176,35,18,17,89,50,39,51,28,23,59,12,47,19,18,1,24,3,21,24,9,15,20,17,3,15,5,10
S01008963,383,189,194,37,19,18,91,45,46,71,42,29,71,11,60,33,32,1,19,4,15,34,13,21,12,12,0,15,11,4
S01008964,245,131,114,27,20,7,64,31,33,35,20,15,39,12,27,18,16,2,24,4,20,20,13,7,7,6,1,11,9,2
S01008965,323,171,152,36,19,17,117,59,58,47,28,19,30,5,25,29,26,3,14,3,11,18,7,11,15,14,1,17,10,7
S01008966,291,147,144,23,16,7,69,32,37,45,20,25,61,18,43,33,32,1,15,1,14,19,3,16,14,14,0,12,11,1
S01008967,475,245,230,46,32,14,141,66,75,88,48,40,69,21,48,31,28,3,25,5,20,30,10,20,23,21,2,22,14,8
S01008968,498,252,246,61,35,26,138,69,69,76,45,31,71,17,54,36,35,1,39,8,31,40,15,25,16,15,1,21,13,8
S01008969,533,271,262,51,35,16,132,66,66,78,46,32,90,18,72,41,38,3,44,8,36,38,15,23,26,23,3,33,22,11
S01008970,548,285,263,60,37,23,188,102,86,83,49,34,82,20,62,28,24,4,36,7,29,31,15,16,11,9,2,29,22,7
S01008971,368,199,169,55,35,20,143,70,73,64,41,23,38,8,30,19,18,1,15,4,11,22,15,7,5,5,0,7,3,4
S01008972,367,191,176,50,35,15,140,73,67,72,40,32,50,19,31,8,8,0,12,1,11,17,5,12,4,2,2,14,8,6
S01008973,397,209,188,59,36,23,120,68,52,76,32,44,54,18,36,23,22,1,23,9,14,16,5,11,11,9,2,15,10,5
S01008974,359,176,183,37,28,9,96,43,53,54,26,28,49,13,36,30,26,4,27,4,23,36,14,22,10,9,1,20,13,7
S01008975,275,134,141,24,11,13,68,37,31,46,27,19,45,12,33,19,17,2,25,2,23,20,8,12,9,8,1,19,12,7
S01008976,246,128,118,31,22,9,77,40,37,44,23,21,32,10,22,16,14,2,16,2,14,17,6,11,4,4,0,9,7,2
S01008977,310,162,148,41,27,14,89,43,46,43,29,14,46,13,33,23,22,1,19,2,17,23,6,17,14,14,0,12,6,6
S01008978,312,153,159,18,7,11,37,23,14,47,20,27,59,19,40,36,36,0,30,8,22,42,12,30,10,10,0,33,18,15
S01008979,413,192,221,31,15,16,78,33,45,56,27,29,73,19,54,50,44,6,40,6,34,39,15,24,15,15,0,31,18,13
S01008980,434,223,211,36,22,14,61,29,32,60,31,29,66,17,49,59,54,5,42,6,36,42,15,27,23,22,1,45,27,18
S01008981,324,158,166,28,17,11,62,31,31,57,30,27,60,17,43,32,29,3,27,4,23,25,7,18,13,12,1,20,11,9
S01008982,422,201,221,27,18,9,39,21,18,51,23,28,84,23,61,52,47,5,42,6,36,57,18,39,18,17,1,52,28,24
S01008983,413,213,200,30,14,16,42,20,22,45,30,15,68,20,48,50,45,5,49,12,37,47,15,32,31,29,2,51,28,23
S01008984,255,121,134,20,11,9,37,19,18,37,16,21,40,10,30,28,25,3,27,3,24,28,12,16,11,11,0,27,14,13
S01008985,394,207,187,26,16,10,38,19,19,50,27,23,75,31,44,41,36,5,45,8,37,47,13,34,32,29,3,40,28,12
S01008986,392,207,185,23,17,6,60,23,37,58,41,17,83,19,64,45,40,5,31,7,24,30,13,17,29,28,1,33,19,14
S01008987,420,219,201,25,14,11,57,22,35,60,36,24,89,30,59,52,47,5,44,4,40,39,17,22,31,31,0,23,18,5
S01008988,477,243,234,39,27,12,101,46,55,50,25,25,104,32,72,39,37,2,38,10,28,50,25,25,21,18,3,35,23,12
S01008989,432,228,204,24,15,9,80,47,33,74,40,34,97,34,63,37,32,5,29,6,23,39,14,25,25,23,2,27,17,10
S01008990,513,273,240,33,20,13,86,57,29,87,42,45,107,39,68,38,35,3,36,6,30,51,14,37,33,30,3,42,30,12
S01008991,590,296,294,68,42,26,121,57,64,87,53,34,103,21,82,49,44,5,47,14,33,56,22,34,28,26,2,31,17,14
S01008992,284,155,129,21,13,8,46,26,20,41,23,18,42,14,28,30,29,1,22,4,18,34,11,23,12,9,3,36,26,10
S01008993,571,292,279,87,50,37,109,60,49,81,48,33,79,19,60,48,42,6,51,6,45,50,18,32,32,26,6,34,23,11
S01008994,377,193,184,31,18,13,41,13,28,43,21,22,38,7,31,48,43,5,42,6,36,25,6,19,40,40,0,69,39,30
S01008995,477,245,232,59,39,20,141,65,76,76,42,34,55,14,41,46,39,7,35,8,27,25,11,14,12,11,1,28,16,12
S01008996,280,140,140,17,11,6,28,10,18,26,15,11,38,6,32,46,43,3,22,5,17,38,9,29,19,17,2,46,24,22
S01008997,545,282,263,68,41,27,89,45,44,75,37,38,67,15,52,65,56,9,56,12,44,38,15,23,35,33,2,52,28,24
S01008998,265,134,131,6,3,3,28,12,16,18,9,9,33,10,23,38,35,3,32,5,27,41,15,26,17,17,0,52,28,24
S01008999,361,184,177,19,14,5,60,24,36,54,31,23,50,11,39,37,35,2,31,5,26,40,13,27,33,31,2,37,20,17
S01009000,466,237,229,57,33,24,106,56,50,68,35,33,70,20,50,47,43,4,26,4,22,34,8,26,29,26,3,29,12,17
S01009001,410,213,197,37,30,7,110,55,55,59,36,23,58,10,48,44,39,5,31,2,29,30,6,24,18,18,0,23,17,6
S01009002,423,232,191,64,45,19,100,49,51,98,58,40,43,8,35,29,27,2,20,1,19,15,4,11,23,19,4,31,21,10
S01009003,514,274,240,76,44,32,168,89,79,87,57,30,50,10,40,27,24,3,28,7,21,27,14,13,14,12,2,37,17,20
S01009004,375,185,190,33,20,13,52,25,27,46,24,22,50,6,44,49,46,3,48,7,41,33,9,24,25,23,2,39,25,14
S01009005,383,195,188,34,23,11,60,29,31,62,32,30,48,10,38,37,33,4,40,6,34,38,16,22,29,28,1,35,18,17
S01009006,332,162,170,22,11,11,57,28,29,44,27,17,45,12,33,31,31,0,44,7,37,30,11,19,17,14,3,42,21,21
S01009007,323,168,155,23,16,7,34,15,19,44,31,13,52,10,42,36,31,5,33,1,32,24,5,19,25,24,1,52,35,17
S01009008,444,230,214,54,35,19,112,55,57,59,40,19,66,15,51,35,31,4,43,10,33,24,9,15,19,18,1,32,17,15
S01009009,202,101,101,10,7,3,17,5,12,26,14,12,30,7,23,29,26,3,22,3,19,20,11,9,8,8,0,40,20,20
S01009010,614,294,320,73,46,27,119,58,61,86,50,36,101,23,78,50,45,5,48,2,46,59,16,43,24,24,0,54,30,24
S01009011,547,279,268,59,42,17,120,54,66,84,60,24,90,18,72,53,50,3,41,5,36,50,16,34,14,13,1,36,21,15
S01009012,442,234,208,38,26,12,104,47,57,70,44,26,63,16,47,40,37,3,40,8,32,38,18,20,23,22,1,26,16,10
S01009013,512,249,263,54,30,24,118,55,63,74,44,30,65,13,52,48,43,5,39,5,34,45,15,30,24,21,3,45,23,22
S01009014,305,159,146,24,11,13,28,9,19,22,16,6,19,2,17,69,58,11,50,8,42,26,10,16,32,31,1,35,14,21
S01009015,280,143,137,19,12,7,47,11,36,28,19,9,20,3,17,48,43,5,40,2,38,8,2,6,36,32,4,34,19,15
S01009016,230,125,105,22,16,6,33,7,26,22,15,7,17,5,12,58,50,8,29,2,27,9,1,8,18,15,3,22,14,8
S01009017,278,149,129,24,10,14,29,12,17,25,14,11,23,5,18,71,68,3,34,3,31,19,6,13,24,22,2,29,9,20
S01009018,389,209,180,22,13,9,55,20,35,30,16,14,39,4,35,93,84,9,44,6,38,21,3,18,38,36,2,47,27,20
S01009019,278,154,124,19,14,5,34,15,19,36,28,8,31,3,28,61,55,6,31,5,26,9,4,5,12,10,2,45,20,25
S01009020,450,235,215,27,17,10,71,31,40,42,30,12,39,10,29,92,77,15,62,8,54,35,12,23,24,23,1,58,27,31
S01009021,377,188,189,33,19,14,67,21,46,25,12,13,25,5,20,88,74,14,54,5,49,13,4,9,30,25,5,42,23,19
S01009022,444,239,205,33,16,17,58,23,35,48,22,26,30,2,28,110,97,13,51,5,46,21,6,15,42,38,4,51,30,21
S01009023,423,235,188,54,28,26,60,29,31,30,20,10,29,5,24,91,84,7,59,5,54,20,9,11,38,37,1,42,18,24
S01009024,436,244,192,49,33,16,54,22,32,30,20,10,38,8,30,96,86,10,61,7,54,10,1,9,32,29,3,66,38,28
S01009025,439,237,202,35,21,14,63,27,36,43,14,29,36,7,29,92,89,3,59,8,51,34,13,21,40,39,1,37,19,18
S01009026,425,216,209,28,16,12,81,30,51,39,23,16,50,5,45,76,71,5,47,4,43,29,11,18,35,35,0,40,21,19
S01009027,336,177,159,37,27,10,53,22,31,34,15,19,28,2,26,60,55,5,41,2,39,19,6,13,33,28,5,31,20,11
S01009028,235,128,107,21,10,11,35,14,21,20,9,11,16,3,13,57,55,2,36,5,31,6,1,5,22,19,3,22,12,10
S01009029,286,158,128,6,4,2,57,19,38,32,20,12,25,3,22,62,58,4,23,1,22,15,10,5,41,31,10,25,12,13
S01009030,356,193,163,14,8,6,48,11,37,40,22,18,38,6,32,78,72,6,35,5,30,23,8,15,35,32,3,45,29,16
S01009031,365,207,158,26,19,7,45,15,30,42,25,17,36,6,30,82,78,4,49,10,39,26,6,20,32,32,0,27,16,11
S01009032,283,152,131,23,11,12,36,15,21,29,23,6,26,1,25,67,60,7,34,2,32,18,6,12,23,21,2,27,13,14
S01009033,350,199,151,23,14,9,39,11,28,41,26,15,30,7,23,81,74,7,47,5,42,25,11,14,31,31,0,33,20,13
S01009034,312,175,137,19,14,5,56,19,37,37,28,9,32,1,31,63,57,6,28,4,24,16,8,8,27,25,2,34,19,15
S01009035,459,237,222,39,25,14,77,24,53,51,30,21,41,9,32,78,76,2,58,6,52,37,13,24,38,37,1,40,17,23
S01009036,523,270,253,29,18,11,86,29,57,57,33,24,47,6,41,101,94,7,69,6,63,51,21,30,44,40,4,39,23,16
S01009037,464,239,225,32,20,12,68,27,41,45,30,15,61,8,53,87,78,9,53,3,50,44,17,27,39,39,0,35,17,18
S01009038,548,276,272,39,30,9,80,29,51,52,29,23,58,9,49,90,86,4,60,7,53,49,15,34,48,43,5,72,28,44
S01009039,329,170,159,22,10,12,36,16,20,24,11,13,18,1,17,62,53,9,32,5,27,48,19,29,25,22,3,62,33,29
S01009040,322,148,174,23,10,13,48,18,30,30,21,9,31,6,25,52,47,5,52,8,44,33,11,22,16,15,1,37,12,25
S01009041,439,242,197,57,38,19,92,42,50,43,17,26,35,10,25,80,69,11,32,7,25,27,8,19,27,27,0,46,24,22
S01009042,425,215,210,29,19,10,49,27,22,33,24,9,52,11,41,78,72,6,53,4,49,48,16,32,24,21,3,59,21,38
S01009043,326,165,161,12,5,7,54,23,31,30,15,15,27,7,20,55,47,8,37,4,33,33,11,22,30,28,2,48,25,23
S01009044,364,177,187,23,18,5,55,21,34,36,18,18,35,6,29,56,49,7,41,7,34,47,15,32,24,22,2,47,21,26
S01009045,320,171,149,18,12,6,54,20,34,30,19,11,30,4,26,52,47,5,28,3,25,37,18,19,32,29,3,39,19,20
S01009046,439,237,202,33,21,12,83,33,50,43,29,14,40,5,35,88,83,5,45,6,39,35,15,20,27,27,0,45,18,27
S01009047,413,213,200,21,10,11,71,23,48,59,38,21,45,12,33,76,71,5,41,6,35,38,11,27,30,29,1,32,13,19
S01009048,419,221,198,30,21,9,77,24,53,55,37,18,44,12,32,54,50,4,52,10,42,35,9,26,46,41,5,26,17,9
S01009049,296,148,148,15,9,6,61,25,36,31,18,13,34,4,30,52,48,4,25,2,23,27,8,19,25,20,5,26,14,12
S01009050,397,207,190,38,25,13,51,17,34,60,30,30,45,7,38,62,58,4,34,4,30,37,15,22,35,33,2,35,18,17
S01009051,368,186,182,16,11,5,40,18,22,32,12,20,52,6,46,59,55,4,42,3,39,38,9,29,50,46,4,39,26,13
S01009052,320,167,153,21,14,7,33,9,24,38,24,14,47,8,39,48,47,1,29,2,27,41,15,26,30,27,3,33,21,12
S01009053,190,88,102,13,10,3,7,4,3,17,10,7,21,2,19,23,21,2,28,3,25,25,6,19,14,14,0,42,18,24
S01009054,270,131,139,16,9,7,31,9,22,20,14,6,22,4,18,40,39,1,36,2,34,27,5,22,34,30,4,44,19,25
S01009055,453,232,221,43,23,20,69,28,41,55,29,26,48,7,41,87,72,15,33,6,27,38,9,29,41,34,7,39,24,15
S01009056,219,113,106,14,9,5,12,9,3,16,11,5,27,2,25,39,37,2,28,2,26,19,5,14,33,25,8,31,13,18
S01009057,236,123,113,11,7,4,20,8,12,27,16,11,16,6,10,33,28,5,33,6,27,25,6,19,23,22,1,48,24,24
S01009058,357,180,177,23,14,9,36,11,25,37,24,13,42,7,35,52,46,6,39,6,33,39,15,24,32,26,6,57,31,26
S01009059,474,244,230,55,33,22,91,38,53,64,33,31,46,9,37,61,59,2,36,8,28,43,10,33,45,36,9,33,18,15
S01009060,329,172,157,43,27,16,54,19,35,70,37,33,37,7,30,45,42,3,27,5,22,19,7,12,20,19,1,14,9,5
S01009061,433,202,231,26,11,15,28,8,20,49,26,23,48,6,42,63,56,7,46,6,40,69,15,54,50,44,6,54,30,24
S01009062,271,140,131,7,5,2,14,5,9,25,14,11,33,8,25,45,44,1,39,9,30,40,13,27,28,28,0,40,14,26
S01009063,390,191,199,30,18,12,59,24,35,48,27,21,43,6,37,52,44,8,33,1,32,42,9,33,37,35,2,46,27,19
S01009064,272,139,133,6,2,4,31,12,19,33,18,15,26,4,22,47,44,3,36,4,32,21,5,16,34,31,3,38,19,19
S01009065,268,128,140,12,9,3,20,8,12,27,13,14,32,5,27,39,37,2,32,6,26,36,10,26,28,23,5,42,17,25
S01009066,323,171,152,18,9,9,26,11,15,33,19,14,28,4,24,49,46,3,43,5,38,41,17,24,31,28,3,54,32,22
S01009067,502,261,241,58,37,21,83,34,49,90,51,39,67,12,55,71,66,5,39,5,34,38,14,24,34,32,2,22,10,12
S01009068,463,235,228,25,15,10,52,23,29,50,23,27,65,8,57,71,71,0,48,4,44,47,14,33,41,39,2,64,38,26
S01009069,380,187,193,32,20,12,74,22,52,60,34,26,46,5,41,58,55,3,32,8,24,31,9,22,19,17,2,28,17,11
S01009070,354,178,176,30,21,9,39,19,20,45,24,21,72,16,56,44,42,2,31,2,29,37,11,26,31,30,1,25,13,12
S01009071,254,130,124,27,19,8,32,10,22,43,18,25,24,2,22,40,33,7,18,3,15,20,11,9,24,15,9,26,19,7
S01009072,263,137,126,36,23,13,41,11,30,29,17,12,29,5,24,36,34,2,24,5,19,21,4,17,24,22,2,23,16,7
S01009073,258,127,131,14,8,6,20,10,10,17,13,4,23,3,20,39,35,4,35,4,31,30,7,23,28,24,4,52,23,29
S01009074,329,161,168,10,4,6,32,12,20,25,12,13,32,5,27,54,52,2,33,1,32,34,9,25,41,34,7,68,32,36
S01009075,243,124,119,18,10,8,24,11,13,19,12,7,29,6,23,40,32,8,29,3,26,16,4,12,38,33,5,30,13,17
S01009076,550,285,265,37,22,15,70,29,41,84,50,34,79,15,64,70,61,9,51,6,45,45,13,32,62,56,6,52,33,19
S01009077,317,173,144,21,17,4,41,16,25,47,33,14,47,10,37,39,35,4,25,6,19,32,11,21,29,26,3,36,19,17
S01009078,460,237,223,46,32,14,109,49,60,88,55,33,77,14,63,41,39,2,28,3,25,20,6,14,29,27,2,22,12,10
S01009079,377,198,179,22,16,6,32,12,20,31,20,11,33,7,26,65,60,5,57,4,53,39,11,28,40,40,0,58,28,30
S01009080,416,214,202,34,18,16,34,11,23,30,22,8,48,6,42,65,60,5,51,6,45,45,15,30,44,40,4,65,36,29
S01009081,332,180,152,27,20,7,50,18,32,36,22,14,46,8,38,49,46,3,24,2,22,31,12,19,36,33,3,33,19,14
S01009082,464,250,214,28,21,7,52,19,33,36,23,13,58,12,46,82,75,7,42,6,36,56,18,38,48,46,2,62,30,32
S01009083,371,190,181,32,20,12,40,19,21,47,24,23,44,6,38,48,45,3,37,7,30,31,6,25,50,45,5,42,18,24
S01009084,255,136,119,28,16,12,40,14,26,39,25,14,27,3,24,33,33,0,19,3,16,13,4,9,27,25,2,29,13,16
S01009085,497,256,241,44,28,16,92,26,66,77,46,31,72,13,59,61,60,1,36,4,32,35,9,26,56,54,2,24,16,8
S01009086,349,178,171,21,13,8,34,13,21,51,30,21,44,11,33,50,46,4,40,5,35,33,9,24,39,35,4,37,16,21
S01009087,272,133,139,9,3,6,14,2,12,35,20,15,28,0,28,37,35,2,40,8,32,33,11,22,39,37,2,37,17,20
S01009088,517,276,241,73,50,23,85,36,49,71,35,36,54,13,41,59,57,2,56,15,41,38,14,24,40,36,4,41,20,21
S01009089,529,274,255,79,54,25,120,53,67,104,65,39,54,13,41,41,37,4,39,8,31,41,10,31,27,24,3,24,10,14
S01009090,532,289,243,80,52,28,155,71,84,102,62,40,50,10,40,39,36,3,38,9,29,31,15,16,20,20,0,17,14,3
S01009091,388,199,189,63,43,20,115,56,59,78,42,36,30,3,27,23,20,3,25,2,23,26,8,18,16,16,0,12,9,3
S01009092,500,243,257,53,34,19,86,32,54,56,37,19,53,11,42,59,54,5,60,7,53,52,13,39,37,35,2,44,20,24
S01009093,375,186,189,26,12,14,27,9,18,51,31,20,42,12,30,43,42,1,48,5,43,46,11,35,44,44,0,48,20,28
S01009094,295,145,150,37,22,15,78,35,43,48,28,20,32,11,21,23,22,1,21,1,20,26,6,20,17,14,3,13,6,7
S01009095,395,206,189,45,31,14,89,42,47,52,33,19,34,2,32,33,32,1,36,7,29,45,18,27,21,20,1,40,21,19
S01009096,527,265,262,71,50,21,127,55,72,101,57,44,58,10,48,42,42,0,38,5,33,41,12,29,23,21,2,26,13,13
S01009097,496,258,238,47,31,16,114,53,61,100,60,40,57,13,44,54,50,4,33,4,29,41,12,29,29,28,1,21,7,14
S01009098,245,123,122,26,14,12,63,25,38,42,31,11,25,3,22,27,23,4,18,2,16,26,11,15,14,12,2,4,2,2
S01009099,361,186,175,33,19,14,50,16,34,39,19,20,41,9,32,60,59,1,36,4,32,35,15,20,31,27,4,36,18,18
S01009100,316,168,148,21,13,8,24,12,12,40,19,21,29,6,23,42,39,3,33,6,27,33,9,24,38,34,4,56,30,26
S01009101,451,232,219,20,10,10,31,8,23,36,23,13,42,13,29,63,57,6,66,15,51,58,19,39,63,54,9,72,33,39
S01009102,341,171,170,10,4,6,17,7,10,23,14,9,27,9,18,54,51,3,47,10,37,43,14,29,34,29,5,86,33,53
S01009103,273,140,133,25,17,8,36,15,21,44,27,17,48,7,41,28,23,5,22,2,20,22,8,14,23,22,1,25,19,6
S01009104,380,185,195,28,18,10,39,11,28,40,24,16,39,9,30,56,54,2,48,4,44,43,6,37,44,38,6,43,21,22
S01009105,419,208,211,39,27,12,54,21,33,67,36,31,55,14,41,47,45,2,48,9,39,41,16,25,25,22,3,43,18,25
S01009106,276,138,138,13,9,4,27,10,17,31,17,14,29,4,25,38,35,3,39,3,36,34,10,24,27,26,1,38,24,14
S01009107,461,228,233,40,26,14,79,33,46,69,39,30,67,11,56,56,52,4,43,13,30,44,11,33,28,27,1,35,16,19
S01009108,386,199,187,31,21,10,56,26,30,54,32,22,55,9,46,56,52,4,37,2,35,26,12,14,27,27,0,44,18,26
S01009109,378,189,189,30,20,10,72,26,46,49,30,19,61,15,46,41,38,3,30,7,23,40,12,28,29,26,3,26,15,11
S01009110,289,146,143,10,5,5,42,13,29,27,19,8,37,7,30,37,36,1,38,4,34,39,16,23,30,29,1,29,17,12
S01009111,511,255,256,44,28,16,92,29,63,72,46,26,75,11,64,59,55,4,35,4,31,60,26,34,33,31,2,41,25,16
S01009112,273,146,127,36,25,11,55,27,28,35,23,12,39,8,31,33,29,4,24,5,19,26,11,15,15,11,4,10,7,3
S01009113,465,261,204,51,28,23,66,32,34,77,52,25,64,16,48,59,55,4,36,4,32,40,14,26,46,41,5,26,19,7
S01009114,448,232,216,39,26,13,60,16,44,66,37,29,55,10,45,62,57,5,38,5,33,44,14,30,40,39,1,44,28,16
S01009115,340,162,178,15,7,8,60,23,37,54,35,19,41,11,30,41,37,4,38,5,33,33,5,28,26,25,1,32,14,18
S01009116,265,132,133,24,17,7,41,16,25,33,20,13,41,4,37,31,31,0,30,6,24,27,8,19,19,19,0,19,11,8
S01009117,450,219,231,25,17,8,52,19,33,50,33,17,73,15,58,56,53,3,58,9,49,47,9,38,33,30,3,56,34,22
S01009118,376,196,180,32,19,13,58,17,41,67,47,20,53,6,47,51,50,1,27,1,26,29,10,19,29,29,0,30,17,13
S01009119,335,177,158,8,4,4,22,10,12,22,13,9,34,12,22,59,53,6,50,5,45,34,4,30,44,41,3,62,35,27
S01009120,260,136,124,4,3,1,24,12,12,30,20,10,19,3,16,39,36,3,28,1,27,42,14,28,33,29,4,41,18,23
S01009121,420,219,201,23,9,14,30,17,13,35,23,12,60,10,50,53,48,5,44,6,38,50,14,36,54,48,6,71,44,27
S01009122,460,235,225,51,32,19,57,24,33,68,34,34,44,7,37,66,57,9,45,6,39,40,11,29,34,32,2,55,32,23
S01009123,304,156,148,48,32,16,60,29,31,56,26,30,28,5,23,31,31,0,22,4,18,17,4,13,18,15,3,24,10,14
S01009124,295,138,157,23,17,6,33,15,18,44,20,24,42,3,39,37,31,6,32,4,28,24,4,20,30,27,3,30,17,13
S01009125,296,154,142,19,15,4,40,18,22,26,14,12,23,4,19,36,33,3,31,4,27,28,6,22,41,39,2,52,21,31
S01009126,228,113,115,12,7,5,6,1,5,15,9,6,20,3,17,32,28,4,35,9,26,23,6,17,27,19,8,58,31,27
S01009127,248,117,131,13,6,7,13,3,10,23,17,6,25,3,22,30,26,4,35,8,27,29,5,24,33,28,5,47,21,26
S01009128,312,166,146,12,8,4,15,5,10,23,19,4,27,9,18,50,47,3,39,3,36,47,11,36,31,28,3,68,36,32
S01009129,211,102,109,10,7,3,9,1,8,23,12,11,21,5,16,23,19,4,28,2,26,28,9,19,28,25,3,41,22,19
S01009130,317,165,152,24,13,11,37,14,23,47,32,15,26,5,21,38,37,1,29,1,28,29,10,19,37,33,4,50,20,30
S01009131,235,121,114,14,8,6,20,6,14,16,10,6,28,6,22,29,22,7,25,6,19,27,9,18,32,30,2,44,24,20
S01009132,467,252,215,49,36,13,83,36,47,77,45,32,66,23,43,47,43,4,36,4,32,41,16,25,34,34,0,34,15,19
S01009133,275,155,120,19,12,7,12,5,7,23,17,6,28,6,22,43,42,1,28,4,24,22,3,19,32,26,6,68,40,28
S01009134,474,245,229,42,29,13,60,19,41,64,41,23,64,21,43,64,60,4,48,7,41,43,10,33,39,35,4,50,23,27
S01009135,346,177,169,24,17,7,64,23,41,48,22,26,48,10,38,36,33,3,28,6,22,37,16,21,22,21,1,39,29,10
S01009136,388,194,194,53,38,15,68,30,38,72,41,31,47,8,39,33,32,1,41,4,37,33,12,21,15,14,1,26,15,11
S01009137,386,195,191,57,37,20,88,37,51,73,48,25,57,9,48,39,37,2,23,3,20,22,9,13,12,8,4,15,7,8
S01009138,487,257,230,48,35,13,101,39,62,74,40,34,65,15,50,57,55,2,39,7,32,34,10,24,38,35,3,31,21,10
S01009139,214,111,103,10,7,3,20,9,11,27,18,9,33,15,18,23,16,7,24,6,18,23,7,16,14,13,1,40,20,20
S01009140,363,198,165,23,13,10,44,18,26,53,37,16,34,5,29,48,45,3,38,8,30,34,12,22,40,33,7,49,27,22
S01009141,383,199,184,32,20,12,40,16,24,43,26,17,55,10,45,59,55,4,33,3,30,38,11,27,31,28,3,52,30,22
S01009142,296,184,112,20,12,8,30,18,12,33,21,12,28,11,17,45,40,5,15,4,11,34,14,20,37,31,6,54,33,21
S01009143,244,121,123,13,7,6,10,4,6,14,8,6,35,8,27,39,35,4,29,4,25,29,8,21,28,25,3,47,22,25
S01009144,451,237,214,33,23,10,85,40,45,63,44,19,69,15,54,64,58,6,22,2,20,48,9,39,31,26,5,36,20,16
S01009145,458,247,211,19,10,9,39,18,21,49,32,17,58,11,47,69,64,5,64,10,54,45,17,28,58,54,4,57,31,26
S01009146,447,231,216,24,13,11,40,15,25,45,27,18,52,11,41,50,43,7,54,7,47,50,16,34,58,53,5,74,46,28
S01009147,331,170,161,13,8,5,23,11,12,24,15,9,41,7,34,60,57,3,39,7,32,37,11,26,26,23,3,68,31,37
S01009148,313,158,155,20,10,10,12,3,9,20,13,7,21,5,16,46,39,7,23,2,21,42,9,33,58,47,11,71,30,41
S01009149,414,216,198,39,18,21,59,23,36,74,46,28,48,10,38,42,41,1,25,6,19,47,19,28,39,37,2,41,16,25
S01009150,93,50,43,9,6,3,5,3,2,3,0,3,14,3,11,9,9,0,9,1,8,10,4,6,12,12,0,22,12,10
S01009151,341,181,160,33,20,13,81,39,42,35,22,13,48,16,32,31,31,0,27,4,23,34,15,19,25,19,6,27,15,12
S01009152,291,176,115,15,8,7,36,22,14,28,15,13,43,13,30,39,36,3,26,8,18,28,14,14,27,26,1,49,34,15
S01009153,277,167,110,19,10,9,49,25,24,52,34,18,35,16,19,32,31,1,19,7,12,30,11,19,16,13,3,25,20,5
S01009154,460,252,208,68,42,26,114,57,57,65,39,26,57,13,44,45,44,1,28,7,21,33,14,19,27,24,3,23,12,11
S01009155,259,134,125,37,24,13,70,34,36,56,32,24,23,4,19,18,16,2,14,2,12,19,7,12,8,8,0,14,7,7
S01009156,259,138,121,26,19,7,84,43,41,41,22,19,31,12,19,19,18,1,18,4,14,19,9,10,8,7,1,13,4,9
S01009157,401,200,201,19,9,10,54,26,28,43,26,17,40,4,36,58,50,8,52,10,42,47,14,33,36,33,3,52,28,24
S01009158,265,127,138,14,5,9,32,15,17,45,26,19,38,9,29,27,26,1,28,6,22,30,4,26,23,20,3,28,16,12
S01009159,194,92,102,6,4,2,7,4,3,17,7,10,17,4,13,24,21,3,35,5,30,24,5,19,20,20,0,44,22,22
S01009160,303,155,148,19,10,9,21,11,10,28,13,15,30,6,24,43,40,3,27,4,23,28,7,21,40,34,6,67,30,37
S01009161,248,114,134,11,6,5,18,6,12,18,10,8,18,2,16,23,21,2,47,6,41,27,11,16,33,26,7,53,26,27
S01009162,335,175,160,21,14,7,24,13,11,47,27,20,33,7,26,42,37,5,45,14,31,32,6,26,34,28,6,57,29,28
S01009163,226,104,122,17,9,8,43,17,26,26,14,12,22,5,17,22,20,2,32,3,29,19,4,15,17,15,2,28,17,11
S01009164,345,183,162,23,12,11,13,5,8,33,19,14,31,7,24,52,46,6,48,7,41,48,13,35,35,33,2,62,41,21
S01009165,299,150,149,21,11,10,22,13,9,21,10,11,27,3,24,42,38,4,40,8,32,40,10,30,31,26,5,55,31,24
S01009166,341,167,174,10,4,6,22,6,16,24,8,16,23,5,18,53,49,4,41,9,32,42,10,32,33,32,1,93,44,49
S01009167,239,128,111,15,7,8,9,5,4,19,10,9,17,7,10,38,35,3,28,4,24,28,10,18,24,21,3,61,29,32
S01009168,319,177,142,29,22,7,55,19,36,53,36,17,40,14,26,38,35,3,24,5,19,32,9,23,22,19,3,26,18,8
S01009169,256,126,130,11,7,4,32,8,24,23,12,11,28,7,21,29,27,2,37,10,27,30,12,18,29,25,4,37,18,19
S01009170,323,163,160,14,9,5,29,14,15,29,20,9,30,3,27,36,32,4,37,4,33,39,13,26,42,38,4,67,30,37
S01009171,334,179,155,19,12,7,24,12,12,36,15,21,36,6,30,56,50,6,39,7,32,27,10,17,44,43,1,53,24,29
S01009172,348,187,161,43,30,13,114,54,60,70,43,27,42,13,29,15,14,1,18,7,11,15,6,9,9,8,1,22,12,10
S01009173,429,221,208,55,32,23,93,44,49,68,44,24,54,7,47,36,34,2,32,6,26,47,19,28,27,24,3,17,11,6
S01009174,291,153,138,49,32,17,74,30,44,53,34,19,33,8,25,22,22,0,16,2,14,16,6,10,14,12,2,14,7,7
S01009175,514,261,253,70,46,24,146,76,70,73,41,32,79,14,65,33,31,2,30,5,25,43,19,24,23,22,1,17,7,10
S01009176,474,244,230,61,41,20,126,55,71,90,53,37,59,12,47,47,40,7,28,6,22,30,12,18,17,15,2,16,10,6
S01009177,387,185,202,23,13,10,24,9,15,42,22,20,49,9,40,67,57,10,39,4,35,43,11,32,44,38,6,56,22,34
S01009178,330,160,170,22,11,11,22,5,17,24,17,7,33,6,27,52,48,4,43,5,38,42,13,29,29,24,5,63,31,32
S01009179,324,158,166,12,9,3,28,9,19,40,20,20,48,11,37,37,34,3,40,8,32,38,16,22,27,24,3,54,27,27
S01009180,467,248,219,18,12,6,29,11,18,41,25,16,57,10,47,75,70,5,63,8,55,57,27,30,43,43,0,84,42,42
S01009181,408,206,202,23,10,13,22,10,12,38,22,16,37,6,31,69,61,8,57,6,51,37,9,28,45,42,3,80,40,40
S01009182,536,282,254,45,24,21,68,26,42,92,59,33,61,9,52,67,63,4,53,10,43,41,11,30,51,47,4,58,33,25
S01009183,459,238,221,39,25,14,74,26,48,79,46,33,62,11,51,63,59,4,40,12,28,39,10,29,32,29,3,31,20,11
S01009184,356,184,172,27,14,13,41,22,19,33,13,20,35,1,34,69,64,5,37,3,34,35,10,25,40,35,5,39,22,17
S01009185,399,209,190,26,18,8,36,18,18,39,22,17,49,13,36,59,49,10,47,5,42,34,9,25,50,45,5,59,30,29
S01009186,388,212,176,27,16,11,46,20,26,53,32,21,34,6,28,66,61,5,43,4,39,36,14,22,39,36,3,44,23,21
S01009187,251,130,121,38,23,15,46,21,25,39,20,19,29,4,25,30,24,6,15,4,11,12,3,9,20,18,2,22,13,9
S01009188,434,217,217,41,25,16,61,24,37,32,16,16,47,8,39,72,63,9,32,2,30,50,7,43,62,55,7,37,17,20
S01009189,329,179,150,13,5,8,21,13,8,27,18,9,33,2,31,49,43,6,37,3,34,34,11,23,56,48,8,59,36,23
S01009190,478,256,222,43,32,11,86,35,51,93,60,33,77,16,61,59,53,6,32,4,28,34,15,19,25,23,2,29,18,11
S01009191,415,212,203,61,37,24,100,44,56,80,49,31,42,12,30,25,24,1,34,6,28,38,9,29,24,23,1,11,8,3
S01009192,356,193,163,32,17,15,47,16,31,51,31,20,29,3,26,65,59,6,33,8,25,34,11,23,27,25,2,38,23,15
S01009193,199,99,100,24,16,8,31,10,21,48,31,17,28,1,27,16,15,1,10,2,8,18,5,13,16,15,1,8,4,4
S01009194,422,224,198,55,37,18,86,34,52,63,46,17,51,10,41,57,51,6,36,3,33,35,11,24,19,18,1,20,14,6
S01009195,498,256,242,55,32,23,127,58,69,94,56,38,71,24,47,38,36,2,31,2,29,31,10,21,27,26,1,24,12,12
S01009196,330,168,162,19,11,8,43,22,21,49,28,21,35,5,30,47,41,6,36,5,31,36,8,28,33,28,5,32,20,12
S01009197,546,279,267,53,35,18,147,74,73,107,69,38,66,9,57,49,46,3,41,3,38,29,5,24,28,27,1,26,11,15
S01009198,388,205,183,32,16,16,81,38,43,61,42,19,49,11,38,44,41,3,37,9,28,34,12,22,24,24,0,26,12,14
S01009199,328,165,163,39,23,16,62,26,36,49,30,19,53,10,43,33,33,0,21,1,20,28,10,18,23,21,2,20,11,9
S01009200,549,286,263,57,39,18,135,62,73,92,54,38,63,14,49,48,48,0,35,5,30,45,9,36,40,39,1,34,16,18
S01009201,323,160,163,17,8,9,31,12,19,31,15,16,38,10,28,40,37,3,37,5,32,42,12,30,42,38,4,45,23,22
S01009202,282,147,135,29,17,12,50,23,27,58,38,20,31,5,26,32,28,4,16,1,15,25,5,20,24,23,1,17,7,10
S01009203,223,116,107,7,4,3,21,5,16,23,19,4,21,4,17,35,31,4,36,4,32,16,6,10,22,22,0,42,21,21
S01009204,435,213,222,28,18,10,56,21,35,60,33,27,53,10,43,43,40,3,38,5,33,41,13,28,48,45,3,68,28,40
S01009205,453,237,216,30,19,11,77,44,33,81,46,35,74,24,50,54,49,5,38,1,37,38,7,31,30,28,2,31,19,12
S01009206,492,238,254,51,28,23,85,36,49,89,52,37,77,18,59,44,40,4,34,5,29,49,13,36,35,32,3,28,14,14
S01009207,390,200,190,23,15,8,72,30,42,67,38,29,65,17,48,42,40,2,26,2,24,37,17,20,31,27,4,27,14,13
S01009208,279,132,147,20,15,5,56,21,35,41,29,12,41,6,35,20,18,2,28,6,22,24,7,17,18,15,3,31,15,16
S01009209,287,147,140,21,10,11,59,32,27,63,34,29,40,4,36,29,27,2,21,5,16,18,7,11,16,15,1,20,13,7
S01009210,299,156,143,49,27,22,59,27,32,47,32,15,50,11,39,22,21,1,12,2,10,26,11,15,14,13,1,20,12,8
S01009211,312,164,148,23,12,11,27,10,17,49,26,23,46,11,35,52,48,4,31,3,28,15,5,10,33,30,3,36,19,17
S01009212,359,184,175,23,13,10,17,4,13,29,18,11,36,8,28,61,54,7,49,7,42,40,10,30,47,40,7,57,30,27
S01009213,411,206,205,25,15,10,32,10,22,38,17,21,43,9,34,74,66,8,59,8,51,38,14,24,40,37,3,62,30,32
S01009214,519,260,259,42,25,17,86,37,49,94,62,32,86,22,64,49,46,3,43,8,35,45,6,39,29,27,2,45,27,18
S01009215,430,222,208,25,19,6,44,17,27,42,22,20,50,9,41,63,60,3,60,4,56,43,13,30,36,32,4,67,46,21
S01009216,448,232,216,27,16,11,32,11,21,39,23,16,53,7,46,78,72,6,42,9,33,64,18,46,56,47,9,57,29,28
S01009217,252,113,139,12,6,6,21,8,13,17,12,5,26,4,22,41,36,5,49,4,45,16,6,10,26,23,3,44,14,30
S01009218,375,190,185,28,15,13,39,21,18,57,37,20,52,8,44,59,51,8,36,1,35,38,8,30,28,25,3,38,24,14
S01009219,288,147,141,11,8,3,20,8,12,33,20,13,35,4,31,41,40,1,26,2,24,44,8,36,34,33,1,44,24,20
S01009220,221,103,118,14,9,5,16,6,10,21,12,9,35,4,31,20,19,1,21,2,19,35,10,25,22,18,4,37,23,14
S01009221,257,133,124,16,8,8,12,6,6,18,12,6,30,4,26,37,33,4,30,4,26,25,6,19,32,28,4,57,32,25
S01009222,235,111,124,6,4,2,16,5,11,18,13,5,21,2,19,30,28,2,31,6,25,28,2,26,35,30,5,50,21,29
S01009223,261,137,124,14,8,6,19,7,12,30,17,13,31,7,24,26,25,1,26,1,25,30,11,19,42,37,5,43,24,19
S01009224,284,140,144,8,7,1,15,6,9,26,13,13,43,4,39,35,33,2,28,2,26,28,6,22,47,41,6,54,28,26
S01009225,259,132,127,14,8,6,15,5,10,25,11,14,26,5,21,44,40,4,29,7,22,30,7,23,35,31,4,41,18,23
S01009226,401,199,202,19,10,9,30,12,18,50,30,20,58,14,44,42,39,3,48,6,42,31,4,27,52,45,7,71,39,32
S01009227,260,128,132,13,9,4,17,6,11,21,10,11,42,8,34,34,33,1,32,4,28,35,12,23,28,24,4,38,22,16
S01009228,236,136,100,7,4,3,10,5,5,29,21,8,23,8,15,27,24,3,28,5,23,28,7,21,43,40,3,41,22,19
S01009229,275,144,131,18,13,5,23,11,12,39,23,16,48,10,38,27,26,1,21,4,17,32,8,24,34,29,5,33,20,13
S01009230,347,183,164,23,17,6,35,11,24,44,30,14,63,6,57,43,42,1,30,6,24,34,15,19,39,31,8,36,25,11
S01009231,493,248,245,37,23,14,58,20,38,72,47,25,88,9,79,66,63,3,45,5,40,38,11,27,36,33,3,53,37,16
S01009232,221,113,108,13,6,7,13,5,8,16,11,5,28,4,24,23,20,3,21,3,18,31,8,23,32,27,5,44,29,15
S01009233,231,120,111,6,5,1,19,6,13,28,15,13,24,3,21,34,34,0,20,1,19,25,5,20,27,26,1,48,25,23
S01009234,394,202,192,13,7,6,17,10,7,28,18,10,49,8,41,45,38,7,35,5,30,50,14,36,64,55,9,93,47,46
S01009235,423,234,189,22,10,12,28,17,11,39,23,16,47,12,35,48,45,3,39,10,29,51,12,39,52,47,5,97,58,39
S01009236,215,104,111,17,11,6,31,13,18,31,18,13,28,6,22,20,19,1,20,3,17,22,4,18,16,15,1,30,15,15
S01009237,438,229,209,48,31,17,60,28,32,79,46,33,63,9,54,51,49,2,39,8,31,36,8,28,35,34,1,27,16,11
S01009238,308,152,156,21,14,7,18,11,7,26,12,14,47,4,43,32,30,2,24,3,21,40,10,30,47,40,7,53,28,25
S01009239,441,223,218,25,16,9,26,9,17,42,29,13,47,4,43,50,45,5,54,10,44,58,15,43,55,48,7,84,47,37
S01009240,254,132,122,8,5,3,15,5,10,16,12,4,24,2,22,30,28,2,26,3,23,39,14,25,45,35,10,51,28,23
S01009241,356,176,180,19,9,10,12,5,7,41,20,21,40,3,37,42,35,7,36,5,31,37,8,29,57,49,8,72,42,30
S01009242,369,190,179,24,18,6,33,15,18,51,30,21,44,6,38,51,46,5,41,6,35,43,13,30,42,37,5,40,19,21
S01009243,502,265,237,24,9,15,38,22,16,57,30,27,63,17,46,74,65,9,46,6,40,54,10,44,70,54,16,76,52,24
S01009244,421,225,196,38,26,12,51,25,26,69,43,26,69,7,62,57,55,2,29,5,24,26,9,17,50,41,9,32,14,18
S01009245,434,230,204,38,25,13,57,29,28,69,42,27,71,15,56,45,40,5,39,7,32,33,10,23,38,35,3,44,27,17
S01009246,384,203,181,19,5,14,19,5,14,44,32,12,40,8,32,57,55,2,37,7,30,37,7,30,72,54,18,59,30,29
S01009247,519,260,259,34,18,16,40,19,21,41,27,14,51,11,40,68,60,8,65,7,58,63,17,46,79,62,17,78,39,39
S01009248,335,158,177,25,11,14,38,15,23,34,20,14,49,5,44,43,43,0,36,4,32,37,10,27,41,33,8,32,17,15
S01009249,379,203,176,21,15,6,25,13,12,35,22,13,30,6,24,54,50,4,43,4,39,42,12,30,60,44,16,69,37,32
S01009250,305,139,166,20,11,9,20,8,12,29,18,11,38,5,33,45,39,6,26,2,24,27,4,23,44,32,12,56,20,36
S01009251,263,135,128,19,11,8,33,19,14,35,25,10,32,5,27,22,20,2,25,2,23,26,5,21,36,30,6,35,18,17
S01009252,283,140,143,34,24,10,54,26,28,48,32,16,44,5,39,26,25,1,20,3,17,24,5,19,14,14,0,19,6,13
S01009253,169,82,87,6,2,4,6,3,3,18,11,7,20,2,18,25,22,3,21,3,18,19,5,14,27,17,10,27,17,10
S01009254,315,156,159,16,9,7,21,12,9,24,11,13,29,5,24,37,35,2,33,5,28,22,5,17,69,44,25,64,30,34
S01009255,360,208,152,27,15,12,41,18,23,39,22,17,37,17,20,38,30,8,25,8,17,27,11,16,78,54,24,48,33,15
S01009256,219,117,102,30,21,9,29,10,19,29,20,9,29,5,24,28,26,2,20,4,16,13,5,8,25,18,7,16,8,8
S01009257,340,192,148,35,16,19,39,25,14,49,27,22,29,5,24,44,41,3,33,8,25,26,12,14,50,40,10,35,18,17
S01009258,322,177,145,32,19,13,61,31,30,60,32,28,43,10,33,50,46,4,19,4,15,9,4,5,23,19,4,25,12,13
S01009259,501,259,242,78,46,32,84,51,33,87,44,43,53,6,47,44,39,5,30,5,25,40,11,29,44,36,8,41,21,20
S01009260,645,329,316,53,29,24,75,29,46,76,44,32,77,18,59,72,72,0,79,13,66,38,14,24,101,69,32,74,41,33
S01009261,315,166,149,24,14,10,37,16,21,23,16,7,33,7,26,48,39,9,16,3,13,30,9,21,48,27,21,56,35,21
S01009262,230,113,117,9,6,3,11,5,6,20,11,9,24,6,18,23,20,3,24,2,22,14,4,10,49,33,16,56,26,30
S01009263,512,254,258,58,35,23,125,51,74,102,56,46,58,12,46,38,36,2,31,3,28,29,10,19,36,29,7,35,22,13
S01009264,262,132,130,26,13,13,33,15,18,38,23,15,35,5,30,28,25,3,20,1,19,27,11,16,28,27,1,27,12,15
S01009265,377,175,202,28,14,14,43,17,26,47,27,20,39,6,33,41,34,7,44,3,41,45,8,37,42,37,5,48,29,19
S01009266,363,192,171,30,17,13,34,18,16,37,20,17,32,1,31,53,53,0,44,4,40,31,7,24,53,51,2,49,21,28
S01009267,389,198,191,23,12,11,56,25,31,47,29,18,40,11,29,54,48,6,51,11,40,36,8,28,39,37,2,43,17,26
S01009268,462,237,225,42,22,20,51,21,30,56,31,25,32,5,27,70,65,5,57,9,48,47,11,36,49,42,7,58,31,27
S01009269,353,177,176,25,13,12,18,9,9,30,17,13,25,6,19,56,50,6,38,4,34,41,5,36,46,39,7,74,34,40
S01009270,239,126,113,13,7,6,11,6,5,18,12,6,20,6,14,44,40,4,32,5,27,31,5,26,25,22,3,45,23,22
S01009271,493,262,231,37,20,17,73,35,38,91,53,38,58,8,50,75,71,4,43,7,36,49,17,32,33,31,2,34,20,14
S01009272,317,162,155,8,1,7,16,6,10,21,12,9,28,5,23,53,49,4,47,6,41,42,10,32,38,36,2,64,37,27
S01009273,229,123,106,31,17,14,50,26,24,31,23,8,32,5,27,31,28,3,25,5,20,11,5,6,12,11,1,6,3,3
S01009274,277,145,132,23,15,8,52,22,30,36,23,13,24,3,21,35,31,4,36,5,31,20,6,14,22,22,0,29,18,11
S01009275,305,176,129,30,23,7,46,26,20,41,20,21,20,4,16,58,51,7,25,3,22,23,11,12,19,17,2,43,21,22
S01009276,415,215,200,43,27,16,65,30,35,75,48,27,43,5,38,47,46,1,43,5,38,37,8,29,33,29,4,29,17,12
S01009277,288,153,135,41,30,11,66,33,33,36,19,17,38,6,32,42,39,3,20,1,19,15,7,8,14,11,3,16,7,9
S01009278,300,153,147,40,18,22,76,32,44,56,35,21,35,9,26,36,33,3,11,2,9,18,6,12,8,8,0,20,10,10
S01009279,290,152,138,36,22,14,44,19,25,46,24,22,23,1,22,40,39,1,27,4,23,21,7,14,26,24,2,27,12,15
S01009280,290,153,137,12,9,3,8,3,5,23,16,7,34,4,30,50,44,6,36,2,34,39,13,26,45,39,6,43,23,20
S01009281,288,145,143,15,9,6,24,10,14,25,15,10,28,1,27,42,36,6,36,5,31,29,7,22,38,36,2,51,26,25
S01009282,353,186,167,39,24,15,84,40,44,50,32,18,37,9,28,47,40,7,34,7,27,18,6,12,15,13,2,29,15,14
S01009283,262,132,130,27,14,13,52,18,34,36,25,11,25,6,19,27,25,2,23,3,20,31,10,21,21,19,2,20,12,8
S01009284,457,224,233,60,35,25,96,44,52,62,37,25,61,9,52,49,45,4,33,6,27,47,14,33,20,18,2,29,16,13
S01009285,479,239,240,31,15,16,53,28,25,73,49,24,65,14,51,58,53,5,60,5,55,73,28,45,30,27,3,36,20,16
S01009286,388,203,185,43,32,11,69,29,40,63,38,25,46,9,37,46,43,3,35,8,27,34,9,25,21,20,1,31,15,16
S01009287,326,174,152,43,28,15,103,53,50,54,36,18,42,10,32,19,14,5,17,4,13,24,12,12,10,9,1,14,8,6
S01009288,355,186,169,64,46,18,101,51,50,49,27,22,39,10,29,28,19,9,19,1,18,19,6,13,11,9,2,25,17,8
S01009289,429,238,191,44,25,19,98,51,47,62,40,22,73,23,50,56,54,2,28,2,26,25,6,19,28,27,1,15,10,5
S01009290,283,150,133,37,26,11,68,35,33,52,31,21,54,8,46,26,25,1,13,3,10,13,4,9,9,9,0,11,9,2
S01009291,523,273,250,45,33,12,86,42,44,77,51,26,93,21,72,68,62,6,51,9,42,47,16,31,24,24,0,32,15,17
S01009292,237,118,119,11,8,3,13,7,6,19,11,8,26,2,24,39,37,2,31,6,25,30,6,24,21,19,2,47,22,25
S01009293,389,200,189,57,38,19,66,31,35,46,34,12,51,9,42,46,45,1,48,7,41,34,8,26,13,13,0,28,15,13
S01009294,258,127,131,39,25,14,65,30,35,29,16,13,29,5,24,33,32,1,27,1,26,19,4,15,8,8,0,9,6,3
S01009295,358,181,177,25,16,9,75,32,43,51,27,24,58,9,49,53,52,1,22,4,18,31,9,22,17,15,2,26,17,9
S01009296,303,161,142,25,18,7,44,14,30,55,36,19,34,4,30,40,40,0,19,3,16,37,10,27,23,20,3,26,16,10
S01009297,486,248,238,56,40,16,138,62,76,68,43,25,57,11,46,41,37,4,35,9,26,48,14,34,22,19,3,21,13,8
S01009298,442,216,226,24,13,11,63,32,31,41,24,17,47,12,35,45,44,1,62,13,49,61,11,50,37,29,8,62,38,24
S01009299,510,261,249,59,37,22,106,55,51,89,55,34,58,14,44,45,40,5,51,6,45,48,19,29,21,18,3,33,17,16
S01009300,281,138,143,17,10,7,54,25,29,44,22,22,31,4,27,39,34,5,28,9,19,34,10,24,9,7,2,25,17,8
S01009301,426,217,209,25,14,11,62,27,35,59,29,30,48,11,37,56,54,2,42,14,28,58,17,41,26,21,5,50,30,20
S01009302,370,174,196,14,5,9,41,16,25,35,20,15,15,5,10,40,33,7,53,11,42,67,17,50,41,34,7,64,33,31
S01009303,359,189,170,50,38,12,86,39,47,63,36,27,41,14,27,26,22,4,23,2,21,32,11,21,11,10,1,27,17,10
S01009304,471,240,231,37,23,14,58,28,30,65,40,25,49,8,41,59,54,5,59,6,53,56,15,41,35,33,2,53,33,20
S01009305,368,180,188,26,17,9,64,32,32,71,41,30,48,5,43,37,35,2,29,6,23,33,8,25,18,17,1,42,19,23
S01009306,570,281,289,40,29,11,102,42,60,94,53,41,50,13,37,67,63,4,61,11,50,64,21,43,33,27,6,59,22,37
S01009307,549,292,257,45,24,21,124,63,61,110,61,49,54,13,41,44,42,2,35,10,25,62,28,34,23,20,3,52,31,21
S01009308,283,152,131,31,15,16,59,28,31,34,19,15,33,12,21,25,23,2,26,8,18,28,16,12,14,13,1,33,18,15
S01009309,438,231,207,37,23,14,121,61,60,61,30,31,53,16,37,39,35,4,32,6,26,47,26,21,17,13,4,31,21,10
S01009310,466,242,224,52,32,20,115,55,60,76,47,29,61,14,47,51,45,6,27,5,22,36,8,28,21,16,5,27,20,7
S01009311,294,156,138,20,11,9,26,13,13,29,15,14,22,5,17,39,38,1,35,7,28,48,17,31,24,20,4,51,30,21
S01009312,397,201,196,37,22,15,81,34,47,62,35,27,49,12,37,37,33,4,37,8,29,42,21,21,19,17,2,33,19,14
S01009313,247,122,125,11,8,3,20,8,12,37,22,15,34,6,28,28,28,0,30,4,26,32,12,20,14,14,0,41,20,21
S01009314,333,167,166,29,20,9,75,36,39,23,17,6,46,5,41,29,26,3,32,10,22,47,15,32,21,18,3,31,20,11
S01009315,285,146,139,17,12,5,31,13,18,23,15,8,32,7,25,44,41,3,27,2,25,48,15,33,25,22,3,38,19,19
S01009316,405,213,192,50,29,21,128,71,57,73,41,32,37,7,30,25,23,2,24,6,18,30,12,18,13,12,1,25,12,13
S01009317,441,227,214,41,25,16,108,54,54,52,26,26,58,17,41,53,52,1,39,9,30,48,14,34,17,15,2,25,15,10
S01009318,341,163,178,39,26,13,100,41,59,60,39,21,41,6,35,17,16,1,26,5,21,28,10,18,12,11,1,18,9,9
S01009319,387,206,181,32,20,12,86,43,43,76,52,24,60,10,50,31,30,1,35,7,28,29,13,16,17,17,0,21,14,7
S01009320,318,159,159,24,19,5,65,33,32,45,25,20,45,7,38,41,37,4,34,5,29,24,8,16,15,15,0,25,10,15
S01009321,316,167,149,38,25,13,67,34,33,57,34,23,36,7,29,27,25,2,20,3,17,31,13,18,13,12,1,27,14,13
S01009322,384,200,184,30,17,13,58,28,30,57,39,18,53,13,40,47,44,3,35,5,30,35,8,27,35,30,5,34,16,18
S01009323,296,155,141,16,6,10,35,17,18,42,28,14,40,7,33,31,31,0,29,5,24,41,18,23,28,25,3,34,18,16
S01009324,272,133,139,11,6,5,29,10,19,44,24,20,28,4,24,39,35,4,29,4,25,33,9,24,28,26,2,31,15,16
S01009325,412,206,206,33,23,10,91,41,50,83,47,36,56,7,49,39,38,1,39,10,29,25,6,19,20,18,2,26,16,10
S01009326,306,147,159,29,23,6,60,31,29,57,29,28,44,12,32,29,24,5,27,3,24,25,6,19,9,8,1,26,11,15
S01009327,240,124,116,22,14,8,56,30,26,39,24,15,23,4,19,22,21,1,25,4,21,20,3,17,10,10,0,23,14,9
S01009328,421,223,198,50,32,18,109,57,52,94,52,42,50,8,42,40,38,2,19,1,18,31,13,18,14,13,1,14,9,5
S01009329,284,144,140,28,15,13,59,32,27,64,39,25,37,6,31,24,21,3,18,4,14,30,10,20,8,6,2,16,11,5
S01009330,252,123,129,24,16,8,44,16,28,42,26,16,28,11,17,20,20,0,23,5,18,32,6,26,12,9,3,27,14,13
S01009331,324,165,159,40,17,23,89,49,40,51,38,13,46,9,37,26,24,2,23,2,21,23,6,17,13,12,1,13,8,5
S01009332,451,230,221,49,38,11,105,40,65,85,54,31,53,11,42,36,36,0,45,8,37,33,11,22,19,17,2,26,15,11
S01009333,363,195,168,22,11,11,28,9,19,41,28,13,33,11,22,45,44,1,44,11,33,60,17,43,33,29,4,57,35,22
S01009334,238,119,119,14,8,6,18,8,10,25,15,10,24,6,18,29,28,1,41,6,35,22,9,13,26,18,8,39,21,18
S01009335,347,170,177,21,12,9,29,14,15,25,14,11,46,10,36,46,42,4,38,7,31,45,14,31,31,28,3,66,29,37
S01009336,235,125,110,10,5,5,11,7,4,26,14,12,19,6,13,34,32,2,33,6,27,43,15,28,18,18,0,41,22,19
S01009337,292,140,152,10,5,5,19,10,9,35,17,18,33,7,26,36,32,4,35,5,30,49,14,35,27,25,2,48,25,23
S01009338,271,130,141,14,10,4,15,6,9,21,10,11,25,6,19,24,21,3,22,7,15,56,18,38,33,24,9,61,28,33
S01009339,318,170,148,18,6,12,12,4,8,25,15,10,22,4,18,47,45,2,32,6,26,48,16,32,35,28,7,79,46,33
S01009340,266,123,143,7,4,3,16,6,10,16,10,6,23,2,21,36,33,3,45,10,35,29,9,20,32,26,6,62,23,39
S01009341,258,141,117,10,7,3,18,9,9,16,14,2,20,3,17,38,36,2,31,4,27,48,13,35,30,28,2,47,27,20
S01009342,349,179,170,23,13,10,31,17,14,27,14,13,36,5,31,50,43,7,43,7,36,59,22,37,27,23,4,53,35,18
S01009343,298,139,159,16,9,7,23,8,15,37,19,18,43,7,36,34,31,3,34,6,28,44,10,34,27,21,6,40,28,12
S01009344,276,132,144,15,4,11,14,9,5,24,12,12,29,8,21,38,36,2,37,5,32,44,13,31,28,27,1,47,18,29
S01009345,475,242,233,35,23,12,52,21,31,50,32,18,53,8,45,63,56,7,53,15,38,66,18,48,40,35,5,63,34,29
S01009346,402,215,187,59,34,25,103,53,50,94,55,39,34,8,26,34,32,2,24,3,21,27,7,20,15,15,0,12,8,4
S01009347,370,202,168,64,49,15,101,50,51,82,54,28,36,7,29,20,17,3,19,1,18,28,9,19,9,8,1,11,7,4
S01009348,293,155,138,30,18,12,66,38,28,60,38,22,36,6,30,28,28,0,20,4,16,30,9,21,9,8,1,14,6,8
S01009349,461,245,216,53,37,16,119,54,65,97,57,40,64,15,49,38,37,1,25,6,19,28,7,21,15,15,0,22,17,5
S01009350,349,181,168,49,29,20,54,30,24,73,41,32,29,6,23,25,23,2,27,6,21,42,7,35,22,22,0,28,17,11
S01009351,333,176,157,40,31,9,80,43,37,59,37,22,42,9,33,25,24,1,23,5,18,27,5,22,12,12,0,25,10,15
S01009352,475,247,228,67,43,24,145,69,76,101,60,41,44,8,36,31,31,0,28,7,21,25,6,19,17,14,3,17,9,8
S01009353,235,128,107,22,16,6,59,31,28,48,28,20,26,6,20,23,20,3,15,4,11,25,12,13,9,6,3,8,5,3
S01009354,514,271,243,63,42,21,134,70,64,109,62,47,68,13,55,41,39,2,21,3,18,41,14,27,17,17,0,20,11,9
S01009355,464,250,214,24,13,11,75,33,42,65,46,19,71,16,55,69,65,4,36,7,29,60,21,39,26,25,1,38,24,14
S01009356,508,268,240,44,28,16,95,48,47,67,43,24,72,11,61,58,56,2,46,14,32,57,23,34,28,27,1,41,18,23
S01009357,285,149,136,39,24,15,67,35,32,53,33,20,32,3,29,26,21,5,20,2,18,21,11,10,14,13,1,13,7,6
S01009358,378,205,173,56,43,13,130,68,62,74,49,25,33,7,26,18,13,5,15,0,15,26,9,17,10,8,2,16,8,8
S01009359,437,238,199,48,33,15,98,49,49,98,60,38,46,13,33,38,37,1,35,7,28,38,11,27,16,14,2,20,14,6
S01009360,439,222,217,43,27,16,86,47,39,67,41,26,58,14,44,42,37,5,39,10,29,46,14,32,18,16,2,40,16,24
S01009361,393,208,185,33,24,9,62,28,34,69,45,24,43,8,35,41,38,3,29,9,20,49,16,33,27,20,7,40,20,20
S01009362,543,292,251,35,23,12,85,45,40,83,58,25,91,26,65,60,55,5,45,6,39,64,18,46,35,32,3,45,29,16
S01009363,399,200,199,27,15,12,31,14,17,38,27,11,66,14,52,49,43,6,42,7,35,58,17,41,31,28,3,57,35,22
S01009364,486,251,235,28,15,13,47,20,27,60,43,17,62,15,47,70,64,6,50,10,40,71,19,52,40,36,4,58,29,29
S01009365,284,139,145,8,8,0,29,14,15,35,21,14,32,2,30,35,32,3,32,3,29,41,9,32,28,24,4,44,26,18
S01009366,335,171,164,27,10,17,25,13,12,35,20,15,42,7,35,47,44,3,31,4,27,38,10,28,35,30,5,55,33,22
S01009367,305,149,156,14,8,6,33,13,20,38,19,19,43,9,34,43,39,4,19,4,15,44,13,31,23,19,4,48,25,23
S01009368,278,150,128,15,9,6,17,10,7,26,16,10,36,7,29,37,36,1,32,3,29,35,12,23,38,31,7,42,26,16
S01009369,298,152,146,10,6,4,29,13,16,35,20,15,32,4,28,48,41,7,27,1,26,43,13,30,30,28,2,44,26,18
S01009370,415,214,201,27,15,12,47,25,22,40,25,15,58,8,50,61,57,4,53,10,43,44,14,30,28,25,3,57,35,22
S01009371,262,124,138,20,14,6,20,8,12,35,21,14,26,5,21,27,24,3,24,3,21,43,6,37,22,18,4,45,25,20
S01009372,266,130,136,17,8,9,22,11,11,27,14,13,30,8,22,37,34,3,25,5,20,46,14,32,30,20,10,32,16,16
S01009373,359,192,167,13,9,4,32,11,21,41,28,13,35,6,29,52,49,3,50,14,36,45,16,29,29,27,2,62,32,30
S01009374,393,202,191,33,17,16,30,16,14,52,26,26,35,12,23,52,48,4,40,7,33,67,16,51,28,25,3,56,35,21
S01009375,356,188,168,18,8,10,41,24,17,27,18,9,34,5,29,49,48,1,43,9,34,57,9,48,42,39,3,45,28,17
S01009376,262,139,123,16,12,4,12,5,7,23,16,7,39,11,28,26,22,4,33,6,27,39,11,28,33,29,4,41,27,14
S01009377,824,533,291,45,28,17,65,39,26,366,299,67,58,9,49,55,51,4,61,6,55,69,21,48,47,44,3,58,36,22
S01009378,502,256,246,22,16,6,50,24,26,73,46,27,56,10,46,51,49,2,57,8,49,66,14,52,59,55,4,68,34,34
S01009379,509,259,250,42,28,14,77,38,39,79,51,28,75,9,66,57,51,6,50,8,42,61,23,38,33,30,3,35,21,14
S01009380,315,168,147,30,17,13,19,5,14,56,37,19,37,8,29,47,44,3,30,6,24,42,13,29,17,15,2,37,23,14
S01009381,381,195,186,38,24,14,66,34,32,57,32,25,50,7,43,43,39,4,21,4,17,46,14,32,22,18,4,38,23,15
S01009382,367,197,170,23,13,10,41,19,22,44,24,20,34,10,24,41,38,3,26,8,18,47,15,32,42,36,6,69,34,35
S01009383,413,216,197,25,11,14,31,18,13,60,33,27,42,11,31,59,56,3,41,12,29,60,17,43,32,25,7,63,33,30
S01009384,287,156,131,47,30,17,92,47,45,46,26,20,31,9,22,19,17,2,10,4,6,19,6,13,14,13,1,9,4,5
S01009385,257,125,132,22,11,11,56,32,24,45,26,19,31,6,25,19,15,4,23,3,20,18,4,14,17,12,5,26,16,10
S01009386,298,141,157,22,13,9,26,7,19,22,13,9,39,6,33,37,35,2,33,10,23,45,10,35,24,23,1,50,24,26
S01009387,252,128,124,15,6,9,27,11,16,22,10,12,27,5,22,32,30,2,23,4,19,36,11,25,30,27,3,40,24,16
S01009388,349,183,166,21,18,3,39,18,21,24,14,10,29,5,24,40,35,5,40,9,31,50,16,34,46,43,3,60,25,35
S01009389,448,241,207,51,32,19,81,43,38,64,35,29,49,11,38,55,49,6,41,6,35,32,12,20,28,25,3,47,28,19
S01009390,428,226,202,62,42,20,116,62,54,85,53,32,56,12,44,22,22,0,22,0,22,34,14,20,15,12,3,16,9,7
S01009391,410,204,206,47,26,21,84,38,46,83,47,36,55,15,40,36,32,4,28,8,20,41,12,29,23,20,3,13,6,7
S01009392,302,166,136,33,20,13,72,40,32,72,46,26,39,13,26,22,21,1,21,2,19,24,9,15,9,9,0,10,6,4
S01009393,377,197,180,41,28,13,68,44,24,58,34,24,52,7,45,41,38,3,27,4,23,43,14,29,16,14,2,31,14,17
S01009394,472,254,218,47,32,15,115,64,51,91,55,36,57,14,43,40,36,4,30,5,25,36,9,27,22,20,2,34,19,15
S01009395,290,140,150,36,25,11,83,45,38,43,21,22,43,7,36,21,15,6,20,1,19,20,7,13,14,14,0,10,5,5
S01009396,328,190,138,44,37,7,96,51,45,65,42,23,45,10,35,23,22,1,16,5,11,19,6,13,11,10,1,9,7,2
S01009397,354,174,180,42,32,10,93,41,52,47,30,17,53,12,41,27,24,3,28,6,22,26,10,16,17,13,4,21,6,15
S01009398,371,192,179,36,26,10,53,25,28,59,40,19,54,12,42,31,29,2,50,6,44,40,13,27,26,24,2,22,17,5
S01009399,375,199,176,31,22,9,70,30,40,68,42,26,53,11,42,37,36,1,30,7,23,26,6,20,23,21,2,37,24,13
S01009400,253,133,120,20,10,10,29,15,14,27,18,9,41,11,30,30,27,3,21,3,18,27,10,17,22,18,4,36,21,15
S01009401,283,159,124,24,19,5,66,38,28,32,23,9,40,12,28,20,19,1,28,5,23,37,18,19,16,13,3,20,12,8
S01009402,418,224,194,46,31,15,84,41,43,80,50,30,51,10,41,40,38,2,34,6,28,38,17,21,20,19,1,25,12,13
S01009403,291,153,138,28,23,5,49,29,20,45,27,18,29,8,21,27,27,0,24,1,23,36,7,29,21,15,6,32,16,16
S01009404,233,115,118,18,7,11,25,9,16,14,10,4,23,3,20,40,36,4,24,4,20,20,5,15,23,21,2,46,20,26
S01009405,207,113,94,24,13,11,26,10,16,33,18,15,21,1,20,35,33,2,23,4,19,13,6,7,18,18,0,14,10,4
S01009406,449,220,229,38,15,23,52,16,36,49,30,19,53,6,47,69,63,6,54,12,42,41,10,31,42,40,2,51,28,23
S01009407,241,131,110,33,21,12,31,13,18,26,17,9,23,3,20,30,30,0,26,6,20,26,9,17,28,22,6,18,10,8
S01009408,424,228,196,46,28,18,72,31,41,73,42,31,43,10,33,68,63,5,35,3,32,29,9,20,31,25,6,27,17,10
S01009409,289,143,146,14,8,6,20,8,12,30,18,12,30,3,27,48,43,5,31,6,25,27,4,23,40,31,9,49,22,27
S01009410,408,201,207,17,11,6,21,9,12,27,18,9,43,11,32,63,57,6,56,10,46,61,11,50,52,47,5,68,27,41
S01009411,380,188,192,14,6,8,23,9,14,23,13,10,29,5,24,61,57,4,65,12,53,55,14,41,54,47,7,56,25,31
S01009412,396,212,184,16,11,5,22,9,13,25,17,8,38,5,33,61,52,9,47,7,40,57,20,37,51,46,5,79,45,34
S01009413,488,255,233,32,14,18,39,16,23,57,30,27,53,9,44,92,87,5,51,6,45,52,12,40,52,46,6,60,35,25
S01009414,299,142,157,20,10,10,25,8,17,25,14,11,38,6,32,45,43,2,37,5,32,36,6,30,28,24,4,45,26,19
S01009415,335,173,162,33,22,11,30,9,21,29,16,13,38,6,32,60,53,7,32,6,26,38,10,28,34,27,7,41,24,17
S01009416,297,156,141,28,24,4,27,11,16,39,30,9,43,3,40,40,37,3,37,4,33,42,17,25,28,23,5,13,7,6
S01009417,178,92,86,21,15,6,27,9,18,25,15,10,24,5,19,31,29,2,22,3,19,14,4,10,8,7,1,6,5,1
S01009418,508,274,234,29,13,16,36,17,19,42,26,16,54,8,46,84,79,5,59,14,45,53,10,43,78,67,11,73,40,33
S01009419,241,126,115,16,7,9,12,5,7,27,16,11,36,8,28,27,27,0,26,4,22,29,9,20,23,21,2,45,29,16
S01009420,230,115,115,7,3,4,10,4,6,19,13,6,13,2,11,24,23,1,35,4,31,33,10,23,37,30,7,52,26,26
S01009421,277,145,132,12,5,7,17,8,9,17,11,6,25,3,22,43,40,3,36,4,32,35,11,24,31,26,5,61,37,24
S01009422,366,186,180,19,7,12,27,11,16,32,19,13,44,13,31,50,49,1,45,7,38,51,12,39,41,30,11,57,38,19
S01009423,544,281,263,44,26,18,94,41,53,106,70,36,63,13,50,65,60,5,44,3,41,58,15,43,35,31,4,35,22,13
S01009424,279,143,136,31,18,13,43,19,24,35,18,17,42,10,32,33,32,1,20,1,19,26,4,22,27,27,0,22,14,8
S01009425,330,177,153,26,15,11,36,17,19,48,30,18,31,4,27,49,47,2,45,5,40,27,12,15,36,30,6,32,17,15
S01009426,310,157,153,21,16,5,17,9,8,25,10,15,30,6,24,49,45,4,50,8,42,37,11,26,34,28,6,47,24,23
S01009427,229,112,117,10,6,4,18,5,13,27,11,16,23,7,16,31,30,1,41,8,33,22,2,20,26,23,3,31,20,11
S01009428,229,112,117,10,4,6,23,9,14,18,9,9,24,5,19,41,36,5,28,8,20,26,5,21,24,20,4,35,16,19
S01009429,272,140,132,11,6,5,16,8,8,25,16,9,20,4,16,48,46,2,41,6,35,30,9,21,34,24,10,47,21,26
S01009430,296,137,159,20,15,5,19,10,9,24,13,11,37,2,35,32,29,3,52,14,38,39,10,29,26,19,7,47,25,22
S01009431,278,131,147,22,8,14,30,9,21,34,19,15,24,4,20,39,36,3,34,2,32,19,5,14,36,30,6,40,18,22
S01009432,306,146,160,10,5,5,7,1,6,15,8,7,22,4,18,51,45,6,62,11,51,39,7,32,45,35,10,55,30,25
S01009433,293,154,139,7,4,3,20,11,9,18,8,10,20,3,17,46,43,3,66,8,58,24,7,17,43,39,4,49,31,18
S01009434,208,108,100,12,7,5,9,2,7,21,10,11,16,0,16,31,26,5,35,9,26,17,7,10,35,26,9,32,21,11
S01009435,261,133,128,5,4,1,18,6,12,28,16,12,15,3,12,41,35,6,45,5,40,29,6,23,35,29,6,45,29,16
S01009436,303,157,146,21,12,9,28,11,17,22,12,10,26,5,21,38,37,1,39,4,35,45,13,32,46,38,8,38,25,13
S01009437,307,155,152,26,12,14,21,10,11,22,11,11,30,2,28,64,61,3,30,5,25,46,10,36,37,31,6,31,13,18
S01009438,339,166,173,15,10,5,26,8,18,31,22,9,36,0,36,56,48,8,32,1,31,46,12,34,50,36,14,47,29,18
S01009439,357,195,162,12,8,4,17,8,9,29,17,12,33,5,28,67,64,3,36,5,31,51,11,40,49,44,5,63,33,30
S01009440,255,123,132,12,8,4,20,10,10,13,5,8,28,3,25,45,43,2,33,2,31,39,12,27,33,28,5,32,12,20
S01009441,343,160,183,17,10,7,14,6,8,15,10,5,37,4,33,59,55,4,45,2,43,54,7,47,51,43,8,51,23,28
S01009442,290,154,136,23,13,10,44,17,27,36,26,10,37,2,35,61,54,7,21,5,16,22,3,19,25,22,3,21,12,9
S01009443,332,168,164,29,18,11,48,17,31,37,23,14,34,2,32,44,41,3,35,6,29,35,7,28,30,28,2,40,26,14
S01009444,455,244,211,35,23,12,61,34,27,65,40,25,58,14,44,59,55,4,57,12,45,69,25,44,33,29,4,18,12,6
S01009445,354,181,173,8,5,3,22,11,11,36,20,16,34,3,31,66,62,4,51,9,42,42,8,34,42,34,8,53,29,24
S01009446,322,160,162,15,9,6,18,8,10,24,14,10,39,6,33,43,41,2,58,15,43,41,9,32,36,32,4,48,26,22
S01009447,227,111,116,12,6,6,19,6,13,17,10,7,22,4,18,35,34,1,35,5,30,27,8,19,20,16,4,40,22,18
S01009448,424,216,208,37,19,18,43,20,23,60,32,28,42,8,34,69,63,6,46,8,38,44,11,33,32,27,5,51,28,23
S01009449,216,114,102,11,6,5,17,7,10,21,13,8,30,3,27,38,35,3,24,3,21,23,9,14,23,21,2,29,17,12
S01009450,235,112,123,10,4,6,10,3,7,14,5,9,21,2,19,24,23,1,36,3,33,25,7,18,43,35,8,52,30,22
S01009451,383,205,178,25,14,11,18,6,12,24,15,9,28,6,22,73,70,3,53,10,43,47,13,34,48,36,12,67,35,32
S01009452,204,115,89,10,6,4,16,9,7,15,10,5,23,2,21,39,37,2,25,5,20,25,9,16,29,25,4,22,12,10
S01009453,437,215,222,25,15,10,26,9,17,34,15,19,53,8,45,81,75,6,55,9,46,60,11,49,44,39,5,59,34,25
S01009454,420,227,193,43,23,20,142,80,62,62,29,33,31,12,19,40,34,6,29,6,23,25,9,16,17,16,1,31,18,13
S01009455,404,225,179,76,46,30,123,61,62,57,30,27,37,14,23,36,32,4,15,2,13,17,12,5,24,21,3,19,7,12
S01009456,305,161,144,30,19,11,26,11,15,39,18,21,29,2,27,52,50,2,39,7,32,23,10,13,34,28,6,33,16,17
S01009457,305,159,146,44,28,16,47,24,23,43,21,22,32,4,28,56,50,6,28,5,23,15,2,13,18,13,5,22,12,10
S01009458,294,142,152,33,19,14,48,19,29,43,21,22,38,8,30,31,30,1,29,5,24,32,9,23,21,20,1,19,11,8
S01009459,372,187,185,36,27,9,61,25,36,47,32,15,35,2,33,60,54,6,41,6,35,37,7,30,27,21,6,28,13,15
S01009460,323,160,163,25,14,11,25,6,19,29,17,12,29,6,23,44,39,5,43,9,34,42,13,29,24,24,0,62,32,30
S01009461,304,156,148,43,29,14,86,41,45,54,33,21,34,10,24,22,19,3,23,3,20,22,7,15,6,6,0,14,8,6
S01009462,304,167,137,30,18,12,41,23,18,37,19,18,29,1,28,51,50,1,30,4,26,26,10,16,30,29,1,30,13,17
S01009463,286,145,141,30,19,11,42,17,25,33,20,13,38,7,31,46,41,5,26,4,22,31,12,19,18,17,1,22,8,14
S01009464,430,232,198,35,20,15,63,24,39,76,48,28,59,15,44,75,71,4,30,6,24,34,10,24,20,18,2,38,20,18
S01009465,269,134,135,23,13,10,42,12,30,31,19,12,29,2,27,38,37,1,30,11,19,26,7,19,20,18,2,30,15,15
S01009466,272,135,137,35,20,15,74,36,38,47,28,19,23,4,19,32,25,7,14,1,13,16,3,13,10,9,1,21,9,12
S01009467,355,174,181,40,22,18,98,42,56,60,30,30,43,8,35,32,30,2,21,4,17,25,6,19,19,18,1,17,14,3
S01009468,330,172,158,25,16,9,33,14,19,38,21,17,39,6,33,48,43,5,37,9,28,34,5,29,32,32,0,44,26,18
S01009469,366,169,197,24,12,12,83,33,50,50,32,18,60,11,49,35,31,4,32,6,26,28,7,21,17,16,1,37,21,16
S01009470,214,103,111,20,13,7,34,14,20,30,17,13,19,1,18,27,23,4,21,3,18,25,7,18,20,17,3,18,8,10
S01009471,219,125,94,20,10,10,25,13,12,20,10,10,17,6,11,26,24,2,24,7,17,20,9,11,23,20,3,44,26,18
S01009472,360,191,169,50,32,18,74,36,38,46,27,19,27,5,22,43,38,5,34,8,26,35,16,19,14,11,3,37,18,19
S01009473,382,202,180,15,8,7,43,21,22,34,22,12,21,1,20,52,48,4,52,11,41,47,10,37,54,39,15,64,42,22
S01009474,381,218,163,30,18,12,57,27,30,46,34,12,33,6,27,53,48,5,39,9,30,45,19,26,33,30,3,45,27,18
S01009475,306,155,151,48,24,24,72,28,44,55,37,18,34,5,29,29,29,0,22,5,17,22,8,14,14,14,0,10,5,5
S01009476,269,142,127,42,32,10,72,35,37,50,26,24,22,2,20,27,23,4,15,2,13,18,4,14,9,9,0,14,9,5
S01009477,341,180,161,38,20,18,103,48,55,42,26,16,25,7,18,41,39,2,29,5,24,23,10,13,18,14,4,22,11,11
S01009478,464,256,208,33,17,16,85,37,48,66,39,27,44,14,30,46,42,4,46,11,35,47,23,24,36,30,6,61,43,18
S01009479,378,214,164,35,21,14,77,48,29,51,24,27,34,10,24,48,45,3,34,9,25,36,16,20,20,20,0,43,21,22
S01009480,399,206,193,53,33,20,115,52,63,44,33,11,47,10,37,21,18,3,33,7,26,37,16,21,26,22,4,23,15,8
S01009481,505,262,243,27,21,6,86,34,52,61,39,22,62,15,47,51,45,6,55,12,43,48,21,27,55,46,9,60,29,31
S01009482,332,178,154,28,19,9,46,23,23,50,25,25,31,9,22,46,43,3,31,6,25,37,11,26,30,24,6,33,18,15
S01009483,426,231,195,29,14,15,94,40,54,57,38,19,47,17,30,54,51,3,42,8,34,33,14,19,37,29,8,33,20,13
S01009484,312,155,157,24,12,12,59,23,36,40,30,10,35,11,24,33,29,4,41,7,34,30,13,17,23,18,5,27,12,15
S01009485,316,168,148,15,6,9,35,19,16,25,17,8,30,6,24,43,40,3,37,8,29,46,21,25,39,31,8,46,20,26
S01009486,279,141,138,34,27,7,50,27,23,38,17,21,32,7,25,29,26,3,28,4,24,22,4,18,15,12,3,31,17,14
S01009487,347,176,171,20,14,6,28,14,14,37,24,13,49,10,39,42,37,5,36,2,34,41,11,30,35,29,6,59,35,24
S01009488,317,162,155,22,13,9,26,9,17,36,27,9,27,6,21,38,33,5,45,10,35,46,15,31,26,22,4,51,27,24
S01009489,317,167,150,18,11,7,34,11,23,26,15,11,24,2,22,67,63,4,36,5,31,38,8,30,37,32,5,37,20,17
S01009490,323,159,164,10,4,6,16,8,8,27,17,10,32,7,25,55,51,4,46,6,40,43,8,35,34,25,9,60,33,27
S01009491,241,123,118,11,7,4,27,14,13,24,14,10,33,6,27,24,21,3,29,5,24,29,11,18,27,24,3,37,21,16
S01009492,338,179,159,12,5,7,16,6,10,33,21,12,41,7,34,62,60,2,42,6,36,42,11,31,35,31,4,55,32,23
S01009493,355,195,160,43,29,14,127,66,61,52,41,11,36,2,34,26,24,2,16,3,13,29,11,18,11,10,1,15,9,6
S01009494,527,271,256,59,42,17,108,35,73,66,40,26,72,17,55,72,68,4,56,9,47,34,13,21,31,27,4,29,20,9
S01009495,498,248,250,44,29,15,106,40,66,58,35,23,66,13,53,62,60,2,44,8,36,53,20,33,30,25,5,35,18,17
S01009496,373,183,190,16,9,7,23,12,11,34,21,13,52,4,48,57,53,4,46,10,36,47,15,32,38,32,6,60,27,33
S01009497,472,233,239,27,12,15,55,14,41,60,40,20,56,11,45,79,69,10,45,6,39,58,17,41,44,40,4,48,24,24
S01009498,309,166,143,29,20,9,59,25,34,39,30,9,50,8,42,40,37,3,23,4,19,28,11,17,17,16,1,24,15,9
S01009499,347,169,178,24,14,10,49,19,30,37,19,18,37,7,30,47,44,3,39,8,31,41,11,30,32,27,5,41,20,21
S01009500,314,162,152,14,7,7,19,8,11,32,15,17,27,7,20,48,44,4,39,6,33,51,20,31,36,33,3,48,22,26
S01009501,261,133,128,16,11,5,14,5,9,24,15,9,23,3,20,45,40,5,28,2,26,37,8,29,28,25,3,46,24,22
S01009502,382,185,197,17,8,9,16,5,11,28,13,15,35,4,31,58,53,5,55,5,50,53,18,35,38,34,4,82,45,37
S01009503,365,165,200,22,10,12,32,8,24,29,18,11,32,6,26,50,45,5,54,10,44,51,16,35,32,30,2,63,22,41
S01009504,275,136,139,15,9,6,15,7,8,15,9,6,18,1,17,35,34,1,32,3,29,43,12,31,40,34,6,62,27,35
S01009505,276,135,141,10,8,2,24,12,12,14,8,6,26,8,18,37,33,4,43,9,34,33,6,27,25,20,5,64,31,33
S01009506,294,148,146,17,8,9,16,10,6,23,9,14,25,5,20,34,32,2,32,1,31,50,13,37,31,28,3,66,42,24
S01009507,416,217,199,50,27,23,35,15,20,46,32,14,56,8,48,47,44,3,38,6,32,47,16,31,37,32,5,60,37,23
S01009508,329,153,176,11,6,5,16,6,10,20,10,10,29,5,24,51,46,5,44,6,38,48,9,39,43,37,6,67,28,39
S01009509,425,222,203,30,14,16,35,11,24,30,22,8,42,14,28,46,45,1,45,8,37,61,21,40,56,46,10,80,41,39
S01009510,333,161,172,23,10,13,54,17,37,42,24,18,52,13,39,52,50,2,28,5,23,31,9,22,27,24,3,24,9,15
S01009511,285,149,136,22,15,7,52,18,34,42,31,11,33,8,25,31,27,4,26,6,20,35,12,23,17,17,0,27,15,12
S01009512,398,210,188,19,10,9,60,27,33,59,38,21,70,10,60,53,52,1,34,11,23,41,16,25,26,22,4,36,24,12
S01009513,282,136,146,25,19,6,60,28,32,39,22,17,41,9,32,29,29,0,29,2,27,22,3,19,9,9,0,28,15,13
S01009514,404,197,207,27,13,14,73,33,40,67,42,25,55,10,45,46,43,3,37,7,30,44,10,34,23,22,1,32,17,15
S01009515,298,139,159,12,4,8,22,10,12,20,11,9,42,9,33,50,45,5,38,4,34,44,9,35,37,31,6,33,16,17
S01009516,356,167,189,33,19,14,36,12,24,37,23,14,41,8,33,51,44,7,42,3,39,44,12,32,26,23,3,46,23,23
S01009517,564,284,280,63,42,21,117,51,66,113,64,49,58,9,49,48,46,2,47,8,39,57,13,44,27,25,2,34,26,8
S01009518,568,283,285,67,48,19,120,36,84,110,76,34,85,8,77,70,66,4,36,7,29,44,16,28,20,18,2,16,8,8
S01009519,262,138,124,29,15,14,35,14,21,23,17,6,32,3,29,45,42,3,26,4,22,27,9,18,23,20,3,22,14,8
S01009520,431,225,206,55,38,17,66,29,37,39,25,14,41,4,37,54,48,6,43,8,35,53,21,32,38,31,7,42,21,21
S01009521,281,133,148,12,6,6,21,7,14,14,6,8,23,2,21,37,34,3,49,9,40,28,6,22,43,33,10,54,30,24
S01009522,416,198,218,24,11,13,40,15,25,41,25,16,35,9,26,55,48,7,41,8,33,63,16,47,39,32,7,78,34,44
S01009523,214,105,109,9,5,4,24,9,15,16,8,8,17,7,10,29,28,1,33,6,27,23,6,17,24,18,6,39,18,21
S01009524,266,137,129,14,5,9,40,16,24,34,22,12,22,6,16,22,21,1,29,4,25,26,11,15,44,33,11,35,19,16
S01009525,224,124,100,15,11,4,29,13,16,19,12,7,22,7,15,30,26,4,27,10,17,16,2,14,21,19,2,45,24,21
S01009526,402,219,183,28,19,9,100,45,55,58,35,23,31,11,20,44,43,1,40,7,33,32,12,20,35,26,9,34,21,13
S01009527,314,165,149,14,5,9,64,32,32,38,22,16,28,5,23,46,41,5,27,6,21,34,12,22,26,20,6,37,22,15
S01009528,185,92,93,17,10,7,34,14,20,26,21,5,18,2,16,25,18,7,14,4,10,12,1,11,21,14,7,18,8,10
S01009529,265,134,131,32,19,13,55,26,29,27,13,14,38,9,29,35,33,2,22,3,19,21,6,15,16,13,3,19,12,7
S01009530,298,153,145,30,21,9,57,23,34,61,35,26,44,10,34,26,26,0,31,7,24,20,10,10,15,13,2,14,8,6
S01009531,311,163,148,8,3,5,23,11,12,18,10,8,32,3,29,46,41,5,34,4,30,34,10,24,51,42,9,65,39,26
S01009532,274,138,136,14,8,6,16,7,9,27,20,7,17,4,13,43,35,8,37,6,31,44,16,28,30,25,5,46,17,29
S01009533,354,172,182,20,10,10,26,7,19,29,16,13,39,7,32,53,46,7,43,9,34,39,14,25,42,31,11,63,32,31
S01009534,286,153,133,15,9,6,25,8,17,15,7,8,20,6,14,37,35,2,35,6,29,46,18,28,26,25,1,67,39,28
S01009535,236,127,109,10,5,5,12,5,7,20,12,8,26,10,16,32,31,1,22,4,18,40,14,26,26,22,4,48,24,24
S01009536,223,109,114,24,14,10,21,5,16,23,12,11,16,1,15,30,29,1,29,3,26,16,1,15,24,23,1,40,21,19
S01009537,216,109,107,12,8,4,37,14,23,23,11,12,19,2,17,30,27,3,37,9,28,14,3,11,19,19,0,25,16,9
S01009538,327,169,158,35,19,16,45,19,26,38,24,14,26,6,20,41,38,3,43,8,35,33,13,20,25,23,2,41,19,22
S01009539,414,213,201,29,15,14,35,9,26,41,27,14,53,8,45,64,56,8,53,9,44,42,15,27,42,39,3,55,35,20
S01009540,374,200,174,15,8,7,40,13,27,29,20,9,33,9,24,60,56,4,48,8,40,36,3,33,51,44,7,62,39,23
S01009541,386,199,187,31,19,12,51,10,41,59,35,24,33,5,28,58,55,3,40,8,32,39,16,23,34,27,7,41,24,17
S01009542,298,139,159,8,7,1,19,5,14,29,14,15,25,4,21,37,34,3,48,4,44,43,13,30,42,38,4,47,20,27
S01009543,236,120,116,18,14,4,29,11,18,26,16,10,23,7,16,34,32,2,36,3,33,22,6,16,16,12,4,32,19,13
S01009544,412,210,202,22,14,8,60,32,28,60,36,24,46,7,39,54,50,4,49,5,44,36,10,26,45,37,8,40,19,21
S01009545,353,174,179,28,15,13,28,13,15,35,21,14,41,5,36,63,56,7,43,4,39,25,6,19,50,41,9,40,13,27
S01009546,512,265,247,27,17,10,51,18,33,67,40,27,44,6,38,83,76,7,61,5,56,45,11,34,78,67,11,56,25,31
S01009547,352,170,182,35,21,14,40,14,26,23,16,7,35,5,30,54,49,5,34,2,32,40,9,31,25,20,5,66,34,32
S01009548,317,156,161,28,19,9,33,12,21,27,12,15,37,4,33,48,42,6,40,8,32,33,11,22,34,29,5,37,19,18
S01009549,392,215,177,28,17,11,36,12,24,42,22,20,43,11,32,60,57,3,28,3,25,56,21,35,51,42,9,48,30,18
S01009550,254,124,130,21,16,5,38,12,26,29,18,11,44,8,36,32,29,3,24,4,20,23,9,14,17,13,4,26,15,11
S01009551,239,131,108,17,10,7,22,5,17,28,18,10,35,10,25,30,28,2,22,5,17,29,12,17,29,27,2,27,16,11
S01009552,432,224,208,43,27,16,38,16,22,52,28,24,46,7,39,67,62,5,39,3,36,42,11,31,52,43,9,53,27,26
S01009553,346,186,160,16,5,11,28,15,13,29,17,12,20,2,18,62,60,2,47,5,42,39,9,30,44,39,5,61,34,27
S01009554,294,159,135,27,14,13,29,14,15,30,15,15,19,4,15,50,42,8,40,11,29,27,9,18,32,25,7,40,25,15
S01009555,369,188,181,28,21,7,40,12,28,45,27,18,44,4,40,55,51,4,43,8,35,36,9,27,30,26,4,48,30,18
S01009556,361,178,183,23,11,12,25,12,13,24,7,17,31,7,24,47,42,5,47,9,38,36,13,23,60,43,17,68,34,34
S01009557,262,118,144,12,6,6,17,5,12,33,16,17,23,2,21,35,32,3,43,7,36,25,6,19,35,25,10,39,19,20
S01009558,252,126,126,8,2,6,13,4,9,15,8,7,22,4,18,29,24,5,30,3,27,35,13,22,51,42,9,49,26,23
S01009559,360,184,176,18,7,11,14,7,7,20,11,9,36,6,30,63,60,3,46,8,38,45,14,31,54,44,10,64,27,37
S01009560,294,142,152,21,12,9,26,10,16,26,18,8,23,3,20,39,36,3,41,6,35,43,8,35,40,26,14,35,23,12
S01009561,211,109,102,11,6,5,18,12,6,16,11,5,23,3,20,25,23,2,31,7,24,28,9,19,26,22,4,33,16,17
S01009562,332,184,148,21,10,11,33,16,17,39,26,13,42,12,30,49,44,5,32,11,21,35,12,23,42,34,8,39,19,20
S01009563,315,158,157,15,9,6,29,9,20,24,10,14,39,6,33,50,47,3,36,7,29,35,12,23,42,32,10,45,26,19
S01009564,278,135,143,15,10,5,34,11,23,30,18,12,35,8,27,45,40,5,33,4,29,28,9,19,28,24,4,30,11,19
S01009565,225,115,110,12,9,3,21,7,14,24,14,10,26,3,23,30,27,3,17,4,13,30,9,21,28,25,3,37,17,20
S01009566,529,275,254,31,23,8,53,17,36,65,44,21,52,10,42,82,74,8,55,12,43,64,17,47,66,49,17,61,29,32
S01009567,399,209,190,16,7,9,37,13,24,50,33,17,38,8,30,59,49,10,55,13,42,39,14,25,56,46,10,49,26,23
S01009568,305,155,150,15,11,4,27,10,17,42,24,18,35,8,27,50,39,11,35,8,27,34,11,23,43,30,13,24,14,10
S01009569,361,176,185,9,6,3,26,8,18,34,19,15,46,9,37,48,46,2,47,8,39,38,13,25,44,36,8,69,31,38
S01009570,237,118,119,15,6,9,17,5,12,27,10,17,27,8,19,35,33,2,27,4,23,19,5,14,41,33,8,29,14,15
S01009571,264,133,131,12,7,5,12,5,7,29,19,10,30,7,23,26,23,3,29,4,25,39,11,28,53,37,16,34,20,14
S01009572,413,218,195,29,20,9,21,11,10,35,22,13,36,7,29,51,43,8,48,7,41,49,17,32,78,54,24,66,37,29
S01009573,274,144,130,11,6,5,11,4,7,27,11,16,27,5,22,37,35,2,28,4,24,27,10,17,49,38,11,57,31,26
S01009574,441,226,215,22,17,5,32,8,24,41,23,18,35,2,33,67,59,8,62,11,51,44,15,29,51,45,6,87,46,41
S01009575,239,120,119,13,9,4,19,6,13,29,17,12,37,10,27,40,39,1,28,1,27,28,6,22,30,22,8,15,10,5
S01009576,288,155,133,29,22,7,46,20,26,43,26,17,44,6,38,48,45,3,22,3,19,22,10,12,22,19,3,12,4,8
S01009577,361,184,177,51,26,25,74,27,47,34,20,14,43,9,34,52,45,7,25,5,20,24,11,13,30,28,2,28,13,15
S01009578,374,195,179,26,12,14,36,19,17,54,31,23,43,12,31,61,55,6,46,7,39,43,11,32,32,28,4,33,20,13
S01009579,515,261,254,59,37,22,62,24,38,81,44,37,57,9,48,65,61,4,42,5,37,61,19,42,41,33,8,47,29,18
S01009580,551,296,255,46,30,16,75,29,46,85,57,28,78,11,67,68,65,3,54,11,43,46,24,22,49,42,7,50,27,23
S01009581,254,134,120,11,9,2,23,8,15,39,22,17,31,5,26,41,40,1,27,6,21,28,6,22,26,21,5,28,17,11
S01009582,254,130,124,12,5,7,24,14,10,31,19,12,35,6,29,35,31,4,25,2,23,29,13,16,30,24,6,33,16,17
S01009583,355,175,180,21,13,8,28,11,17,33,21,12,44,8,36,46,39,7,42,7,35,53,13,40,45,37,8,43,26,17
S01009584,240,137,103,17,12,5,48,24,24,29,23,6,16,2,14,34,31,3,20,1,19,28,13,15,28,18,10,20,13,7
S01009585,474,248,226,18,12,6,28,11,17,63,38,25,61,11,50,66,58,8,62,7,55,46,16,30,76,63,13,54,32,22
S01009586,262,148,114,24,16,8,12,6,6,35,22,13,35,7,28,42,39,3,28,4,24,26,8,18,28,25,3,32,21,11
S01009587,278,155,123,20,16,4,35,16,19,35,22,13,30,9,21,40,38,2,39,10,29,20,4,16,29,26,3,30,14,16
S01009588,451,237,214,18,7,11,41,16,25,50,28,22,39,6,33,70,64,6,58,8,50,44,13,31,65,58,7,66,37,29
S01009589,439,223,216,25,17,8,37,13,24,41,26,15,46,11,35,73,67,6,59,7,52,50,13,37,52,42,10,56,27,29
S01009590,365,187,178,43,25,18,76,24,52,66,43,23,34,5,29,36,33,3,31,9,22,29,13,16,35,29,6,15,6,9
S01009591,368,192,176,44,27,17,63,34,29,43,25,18,49,7,42,40,36,4,29,4,25,34,11,23,39,33,6,27,15,12
S01009592,263,143,120,31,22,9,61,28,33,34,20,14,27,6,21,26,26,0,18,4,14,27,8,19,17,17,0,22,12,10
S01009593,315,163,152,41,29,12,70,27,43,43,30,13,42,4,38,41,39,2,25,8,17,21,5,16,18,16,2,14,5,9
S01009594,374,188,186,24,18,6,69,30,39,68,38,30,58,6,52,37,32,5,30,7,23,26,10,16,38,31,7,24,16,8
S01009595,282,149,133,45,31,14,45,18,27,57,36,21,37,4,33,26,24,2,23,4,19,23,9,14,18,18,0,8,5,3
S01009596,383,191,192,22,15,7,30,11,19,37,22,15,47,8,39,50,45,5,54,10,44,45,10,35,48,39,9,50,31,19
S01009597,329,153,176,17,7,10,15,7,8,32,17,15,32,6,26,45,39,6,53,8,45,50,13,37,47,40,7,38,16,22
S01009598,254,126,128,11,7,4,18,5,13,21,12,9,18,5,13,39,35,4,42,4,38,40,16,24,27,21,6,38,21,17
S01009599,409,206,203,27,12,15,36,13,23,53,33,20,44,6,38,45,41,4,59,11,48,39,9,30,59,53,6,47,28,19
S01009600,240,116,124,13,9,4,20,9,11,24,11,13,17,3,14,34,28,6,33,4,29,29,8,21,27,23,4,43,21,22
S01009601,303,153,150,15,9,6,33,10,23,33,19,14,29,6,23,43,41,2,36,4,32,32,11,21,41,38,3,41,15,26
S01009602,448,229,219,43,36,7,91,36,55,80,50,30,63,14,49,38,36,2,31,7,24,38,9,29,37,26,11,27,15,12
S01009603,295,158,137,34,24,10,52,30,22,43,26,17,55,16,39,30,29,1,17,2,15,28,7,21,19,16,3,17,8,9
S01009604,429,228,201,27,12,15,50,22,28,71,48,23,44,6,38,60,55,5,44,8,36,40,14,26,47,38,9,46,25,21
S01009605,305,159,146,16,12,4,33,17,16,31,17,14,41,8,33,43,42,1,38,5,33,51,15,36,21,18,3,31,25,6
S01009606,319,160,159,41,22,19,74,32,42,63,38,25,36,6,30,26,24,2,24,5,19,14,8,6,16,16,0,25,9,16
S01009607,269,142,127,35,24,11,60,26,34,36,24,12,39,4,35,27,25,2,21,3,18,13,2,11,18,17,1,20,17,3
S01009608,286,143,143,19,16,3,43,12,31,27,19,8,42,7,35,45,40,5,29,3,26,15,5,10,42,33,9,24,8,16
S01009609,403,216,187,38,27,11,73,22,51,63,41,22,50,9,41,62,57,5,34,8,26,30,9,21,33,30,3,20,13,7
S01009610,464,239,225,28,18,10,61,26,35,63,36,27,49,5,44,68,66,2,43,4,39,49,13,36,44,37,7,59,34,25
S01009611,284,140,144,24,14,10,49,22,27,43,25,18,31,5,26,50,40,10,28,4,24,10,1,9,23,18,5,26,11,15
S01009612,311,162,149,18,10,8,33,11,22,42,23,19,40,5,35,46,42,4,27,5,22,24,13,11,40,32,8,41,21,20
S01009613,262,138,124,23,13,10,55,20,35,48,32,16,24,4,20,36,33,3,24,3,21,21,7,14,22,19,3,9,7,2
S01009614,264,138,126,30,20,10,34,12,22,32,19,13,28,4,24,43,38,5,24,3,21,27,9,18,19,16,3,27,17,10
S01009615,171,89,82,12,8,4,26,9,17,21,17,4,24,3,21,24,23,1,13,5,8,11,4,7,18,12,6,22,8,14
S01009616,369,190,179,26,13,13,45,18,27,23,14,9,46,7,39,70,67,3,36,3,33,39,9,30,48,37,11,36,22,14
S01009617,401,208,193,23,15,8,62,25,37,53,30,23,31,5,26,72,65,7,42,2,40,31,7,24,47,37,10,40,22,18
S01009618,320,166,154,13,8,5,18,8,10,34,17,17,33,4,29,58,53,5,44,2,42,26,4,22,50,42,8,44,28,16
S01009619,245,126,119,13,7,6,21,5,16,33,20,13,23,5,18,41,38,3,33,8,25,24,8,16,30,24,6,27,11,16
S01009620,303,154,149,12,6,6,23,6,17,20,9,11,21,5,16,53,46,7,56,11,45,24,4,20,48,36,12,46,31,15
S01009621,325,160,165,17,3,14,24,6,18,36,28,8,32,3,29,59,57,2,65,13,52,20,3,17,41,33,8,31,14,17
S01009622,268,141,127,12,6,6,14,5,9,24,15,9,32,4,28,37,33,4,38,8,30,27,14,13,37,31,6,47,25,22
S01009623,198,96,102,12,7,5,11,4,7,13,2,11,17,4,13,28,27,1,41,9,32,21,5,16,27,21,6,28,17,11
S01009624,366,178,188,19,8,11,24,7,17,29,22,7,32,5,27,49,49,0,52,7,45,35,10,25,59,47,12,67,23,44
S01009625,369,179,190,21,9,12,11,4,7,17,8,9,28,3,25,53,52,1,56,6,50,49,11,38,61,50,11,73,36,37
S01009626,190,91,99,5,2,3,11,4,7,15,8,7,17,4,13,22,20,2,30,5,25,28,8,20,24,18,6,38,22,16
S01009627,325,162,163,16,5,11,23,12,11,29,19,10,25,4,21,41,38,3,45,7,38,47,12,35,54,47,7,45,18,27
S01009628,155,81,74,5,2,3,7,1,6,18,12,6,9,1,8,17,16,1,23,4,19,12,4,8,24,22,2,40,19,21
S01009629,438,219,219,14,6,8,28,11,17,25,11,14,35,9,26,78,75,3,77,11,66,42,14,28,69,52,17,70,30,40
S01009630,291,134,157,12,4,8,13,5,8,20,13,7,25,3,22,50,48,2,44,6,38,38,10,28,39,28,11,50,17,33
S01009631,264,142,122,9,3,6,7,4,3,14,9,5,21,1,20,46,41,5,41,8,33,28,9,19,42,35,7,56,32,24
S01009632,175,86,89,11,8,3,7,2,5,8,3,5,15,4,11,29,28,1,24,1,23,18,1,17,21,17,4,42,22,20
S01009633,247,130,117,6,3,3,8,4,4,13,9,4,20,2,18,36,33,3,26,4,22,33,9,24,39,28,11,66,38,28
S01009634,160,79,81,5,3,2,10,4,6,9,6,3,15,4,11,27,25,2,22,2,20,17,3,14,21,16,5,34,16,18
S01009635,384,204,180,17,6,11,32,14,18,25,18,7,34,8,26,58,54,4,48,10,38,51,18,33,59,49,10,60,27,33
S01009636,329,170,159,14,8,6,14,4,10,21,14,7,26,6,20,56,50,6,54,7,47,34,13,21,50,36,14,60,32,28
S01009637,339,171,168,19,13,6,22,10,12,26,14,12,47,4,43,60,51,9,48,6,42,37,10,27,37,31,6,43,32,11
S01009638,230,122,108,15,6,9,18,10,8,17,11,6,10,3,7,35,32,3,40,6,34,27,7,20,29,23,6,39,24,15
S01009639,338,172,166,33,20,13,66,28,38,55,32,23,49,11,38,39,36,3,31,7,24,16,5,11,22,18,4,27,15,12
S01009640,214,105,109,4,1,3,17,8,9,29,16,13,23,0,23,29,25,4,32,10,22,24,6,18,31,25,6,25,14,11
S01009641,309,151,158,19,10,9,28,9,19,36,20,16,38,15,23,48,45,3,36,2,34,30,4,26,30,24,6,44,22,22
S01009642,464,216,248,30,18,12,56,15,41,62,32,30,59,6,53,65,58,7,61,8,53,42,12,30,46,41,5,43,26,17
S01009643,343,183,160,32,20,12,52,23,29,50,34,16,36,8,28,43,40,3,33,4,29,33,9,24,36,30,6,28,15,13
S01009644,343,178,165,19,12,7,40,20,20,33,19,14,23,4,19,44,42,2,47,7,40,46,16,30,51,40,11,40,18,22
S01009645,277,142,135,22,12,10,20,5,15,20,16,4,32,4,28,45,43,2,40,4,36,28,9,19,31,27,4,39,22,17
S01009646,244,124,120,9,4,5,22,7,15,23,13,10,17,2,15,36,29,7,28,2,26,26,7,19,51,42,9,32,18,14
S01009647,222,116,106,8,6,2,14,5,9,25,13,12,28,2,26,40,37,3,24,6,18,27,11,16,30,28,2,26,8,18
S01009648,377,186,191,14,8,6,33,12,21,32,17,15,46,8,38,70,67,3,52,6,46,33,8,25,47,36,11,50,24,26
S01009649,445,218,227,30,20,10,51,14,37,60,36,24,60,11,49,63,62,1,42,3,39,44,8,36,50,37,13,45,27,18
S01009650,345,187,158,39,23,16,45,21,24,54,33,21,43,9,34,53,51,2,28,5,23,28,11,17,24,17,7,31,17,14
S01009651,434,224,210,40,29,11,106,45,61,58,33,25,40,5,35,64,59,5,36,6,30,24,8,16,24,19,5,42,20,22
S01009652,314,169,145,48,29,19,93,54,39,35,23,12,30,3,27,32,30,2,28,6,22,20,8,12,8,7,1,20,9,11
S01009653,273,145,128,31,24,7,77,29,48,33,18,15,31,8,23,43,42,1,19,1,18,12,3,9,13,11,2,14,9,5
S01009654,246,121,125,25,12,13,45,17,28,27,18,9,21,4,17,39,33,6,32,4,28,8,3,5,15,14,1,34,16,18
S01009655,353,167,186,16,5,11,25,5,20,23,11,12,12,3,9,50,45,5,48,4,44,45,11,34,57,44,13,77,39,38
S01009656,226,112,114,14,10,4,19,4,15,18,11,7,12,1,11,30,27,3,33,3,30,23,6,17,40,30,10,37,20,17
S01009657,379,199,180,31,17,14,49,19,30,39,29,10,44,2,42,48,43,5,33,8,25,42,12,30,55,44,11,38,25,13
S01009658,344,172,172,16,7,9,23,8,15,24,13,11,33,3,30,53,52,1,55,5,50,27,7,20,57,49,8,56,28,28
S01009659,228,124,104,13,9,4,24,13,11,21,12,9,23,4,19,43,40,3,32,3,29,16,1,15,26,23,3,30,19,11
S01009660,468,233,235,33,22,11,38,16,22,50,29,21,52,7,45,70,68,2,65,9,56,47,11,36,56,40,16,57,31,26
S01009661,443,237,206,63,35,28,89,37,52,52,23,29,39,5,34,72,66,6,31,8,23,24,10,14,38,30,8,35,23,12
S01009662,371,204,167,36,26,10,65,25,40,43,26,17,43,8,35,66,56,10,22,3,19,19,5,14,32,29,3,45,26,19
S01009663,312,155,157,33,20,13,78,27,51,43,27,16,28,7,21,41,38,3,28,4,24,13,2,11,21,16,5,27,14,13
S01009664,463,239,224,47,34,13,118,54,64,57,33,24,46,5,41,61,55,6,39,3,36,28,6,22,33,31,2,34,18,16
S01009665,309,159,150,28,17,11,42,17,25,32,19,13,30,5,25,47,44,3,37,4,33,21,6,15,35,32,3,37,15,22
S01009666,362,198,164,26,21,5,65,24,41,51,32,19,40,4,36,71,65,6,34,3,31,23,8,15,26,25,1,26,16,10
S01009667,266,137,129,35,23,12,62,22,40,32,19,13,28,2,26,43,40,3,16,2,14,13,2,11,13,13,0,24,14,10
S01009668,308,157,151,31,19,12,68,28,40,45,25,20,27,6,21,39,36,3,28,5,23,22,5,17,22,18,4,26,15,11
S01009669,229,120,109,17,12,5,50,16,34,26,12,14,21,2,19,42,38,4,21,7,14,17,8,9,18,17,1,17,8,9
S01009670,395,201,194,53,35,18,104,43,61,52,27,25,31,2,29,42,37,5,27,3,24,22,9,13,30,29,1,34,16,18
S01009671,341,177,164,47,32,15,64,28,36,46,27,19,30,5,25,42,37,5,32,6,26,30,9,21,18,18,0,32,15,17
S01009672,381,202,179,25,15,10,44,19,25,27,16,11,26,2,24,67,65,2,69,7,62,29,11,18,44,41,3,50,26,24
S01009673,379,206,173,40,29,11,63,22,41,49,32,17,35,8,27,60,52,8,38,6,32,25,11,14,32,25,7,37,21,16
S01009674,429,238,191,58,42,16,93,35,58,56,35,21,38,3,35,78,73,5,29,2,27,25,12,13,26,23,3,26,13,13
S01009675,449,230,219,39,31,8,85,35,50,75,38,37,42,9,33,62,58,4,43,4,39,31,11,20,31,26,5,41,18,23
S01009676,410,215,195,52,37,15,71,32,39,32,15,17,39,7,32,76,68,8,48,6,42,30,5,25,33,31,2,29,14,15
S01009677,306,167,139,34,20,14,73,29,44,31,20,11,30,7,23,67,58,9,22,6,16,21,5,16,13,12,1,15,10,5
S01009678,294,152,142,17,8,9,25,13,12,39,20,19,26,3,23,53,49,4,37,4,33,21,2,19,36,32,4,40,21,19
S01009679,433,233,200,36,21,15,59,21,38,53,32,21,52,11,41,60,58,2,28,1,27,38,11,27,59,46,13,48,32,16
S01009680,402,215,187,28,18,10,55,21,34,51,34,17,27,4,23,66,57,9,40,3,37,41,10,31,43,36,7,51,32,19
S01009681,320,167,153,14,8,6,68,33,35,29,19,10,31,6,25,44,41,3,29,5,24,22,6,16,29,27,2,54,22,32
S01009682,304,159,145,32,25,7,65,25,40,44,34,10,33,7,26,26,26,0,38,8,30,27,6,21,18,17,1,21,11,10
S01009683,361,182,179,33,18,15,108,54,54,43,27,16,39,10,29,27,26,1,36,8,28,32,8,24,14,13,1,29,18,11
S01009684,561,301,260,68,39,29,144,68,76,78,51,27,51,5,46,78,72,6,44,9,35,28,11,17,25,22,3,45,24,21
S01009685,282,148,134,23,17,6,43,20,23,26,13,13,22,1,21,53,50,3,36,5,31,15,1,14,25,22,3,39,19,20
S01009686,526,256,270,38,24,14,101,48,53,47,24,23,42,7,35,71,68,3,63,12,51,60,15,45,33,29,4,71,29,42
S01009687,346,195,151,19,11,8,42,17,25,62,54,8,33,7,26,45,41,4,42,9,33,30,11,19,22,20,2,51,25,26
S01009688,359,177,182,17,6,11,29,11,18,28,16,12,24,8,16,49,42,7,54,15,39,42,12,30,42,36,6,74,31,43
S01009689,306,151,155,23,17,6,71,34,37,30,18,12,21,4,17,38,32,6,37,4,33,18,3,15,17,11,6,51,28,23
S01009690,354,172,182,27,14,13,75,35,40,46,27,19,36,4,32,37,35,2,43,9,34,23,2,21,29,28,1,38,18,20
S01009691,281,140,141,35,28,7,64,31,33,41,23,18,30,6,24,27,27,0,27,4,23,26,4,22,8,8,0,23,9,14
S01009692,451,235,216,46,31,15,93,37,56,63,36,27,41,10,31,52,46,6,43,5,38,38,16,22,30,27,3,45,27,18
S01009693,301,153,148,20,14,6,64,32,32,42,34,8,42,2,40,35,33,2,36,5,31,20,7,13,17,15,2,25,11,14
S01009694,428,213,215,35,25,10,101,46,55,65,41,24,48,3,45,41,38,3,42,8,34,29,8,21,26,22,4,41,22,19
S01009695,294,154,140,47,29,18,70,30,40,35,19,16,28,5,23,44,40,4,18,3,15,13,5,8,13,11,2,26,12,14
S01009696,461,229,232,65,46,19,120,46,74,60,31,29,49,7,42,54,47,7,42,5,37,24,10,14,20,20,0,27,17,10
S01009697,349,189,160,33,17,16,99,54,45,49,24,25,36,6,30,50,47,3,19,5,14,21,7,14,14,12,2,28,17,11
S01009698,307,160,147,42,27,15,73,29,44,31,18,13,27,4,23,50,43,7,22,6,16,13,2,11,12,10,2,37,21,16
S01009699,168,99,69,23,13,10,37,21,16,12,5,7,13,3,10,24,21,3,16,4,12,15,6,9,10,10,0,18,16,2
S01009700,302,153,149,31,15,16,39,19,20,29,17,12,25,4,21,71,57,14,30,3,27,18,4,14,15,14,1,44,20,24
S01009701,152,79,73,25,14,11,30,15,15,22,12,10,14,5,9,19,16,3,18,4,14,10,5,5,3,3,0,11,5,6
S01009702,316,183,133,35,24,11,75,36,39,26,17,9,31,6,25,65,60,5,24,3,21,12,4,8,10,9,1,38,24,14
S01009703,257,131,126,20,16,4,31,12,19,24,14,10,30,2,28,49,44,5,28,4,24,20,6,14,19,16,3,36,17,19
S01009704,448,231,217,49,34,15,79,38,41,55,31,24,46,8,38,68,64,4,45,1,44,32,6,26,26,24,2,48,25,23
S01009705,364,196,168,35,25,10,29,12,17,38,20,18,25,5,20,90,84,6,59,7,52,24,6,18,26,23,3,38,14,24
S01009706,286,156,130,31,18,13,43,20,23,39,21,18,17,2,15,60,55,5,31,4,27,19,4,15,19,19,0,27,13,14
S01009707,255,125,130,28,14,14,68,32,36,30,17,13,26,2,24,29,24,5,24,10,14,16,5,11,12,11,1,22,10,12
S01009708,264,140,124,26,16,10,55,27,28,20,16,4,29,6,23,47,40,7,28,3,25,16,3,13,16,16,0,27,13,14
S01009709,368,199,169,41,22,19,57,31,26,33,20,13,40,6,34,75,65,10,38,8,30,19,5,14,19,19,0,46,23,23
S01009710,282,154,128,31,21,10,47,23,24,33,21,12,28,4,24,52,47,5,27,7,20,18,4,14,19,18,1,27,9,18
S01009711,346,182,164,43,27,16,43,24,19,27,17,10,32,4,28,54,49,5,46,9,37,36,11,25,18,15,3,47,26,21
S01009712,267,145,122,27,17,10,52,23,29,23,16,7,24,4,20,49,46,3,30,3,27,17,6,11,15,15,0,30,15,15
S01009713,361,183,178,38,20,18,65,32,33,36,14,22,37,3,34,74,69,5,34,5,29,19,8,11,11,11,0,47,21,26
S01009714,384,213,171,60,34,26,81,49,32,32,22,10,26,7,19,53,47,6,39,9,30,39,17,22,19,16,3,35,12,23
S01009715,320,185,135,34,20,14,81,43,38,17,9,8,31,5,26,63,57,6,31,9,22,13,4,9,9,7,2,41,31,10
S01009716,283,148,135,30,17,13,88,47,41,34,15,19,28,8,20,22,21,1,26,9,17,16,8,8,7,7,0,32,16,16
S01009717,305,135,170,15,6,9,53,30,23,25,11,14,22,5,17,31,25,6,41,11,30,32,9,23,9,9,0,77,29,48
S01009718,319,158,161,15,8,7,61,30,31,13,11,2,23,3,20,37,34,3,34,5,29,31,11,20,20,19,1,85,37,48
S01009719,345,168,177,29,12,17,44,19,25,24,12,12,25,3,22,57,49,8,40,8,32,28,11,17,18,17,1,80,37,43
S01009720,341,177,164,14,10,4,53,27,26,31,16,15,26,2,24,51,44,7,50,21,29,20,6,14,16,15,1,80,36,44
S01009721,154,74,80,10,7,3,37,22,15,12,9,3,15,6,9,8,6,2,11,2,9,15,6,9,2,2,0,44,14,30
S01009722,269,129,140,29,14,15,71,40,31,22,9,13,19,7,12,6,5,1,27,14,13,19,6,13,7,7,0,69,27,42
S01009723,197,82,115,11,7,4,58,30,28,28,13,15,20,3,17,11,10,1,11,4,7,15,4,11,1,1,0,42,10,32
S01009724,360,181,179,16,9,7,90,47,43,23,16,7,25,4,21,36,31,5,50,16,34,18,3,15,14,14,0,88,41,47
S01009725,206,92,114,14,6,8,44,29,15,11,6,5,16,6,10,14,13,1,9,5,4,23,4,19,0,0,0,75,23,52
S01009726,220,98,122,40,19,21,38,21,17,26,15,11,8,1,7,9,6,3,11,4,7,22,7,15,3,3,0,63,22,41
S01009727,375,202,173,54,32,22,109,50,59,41,26,15,32,7,25,42,41,1,21,6,15,18,6,12,9,8,1,49,26,23
S01009728,353,188,165,49,31,18,125,66,59,42,26,16,42,8,34,28,25,3,16,2,14,11,3,8,10,9,1,30,18,12
S01009729,264,142,122,24,13,11,99,53,46,30,14,16,28,9,19,22,20,2,16,3,13,12,6,6,12,10,2,21,14,7
S01009730,256,134,122,19,9,10,53,33,20,26,13,13,32,11,21,24,22,2,29,9,20,18,7,11,13,11,2,42,19,23
S01009731,184,94,90,19,11,8,69,37,32,25,15,10,24,8,16,9,8,1,6,2,4,8,3,5,7,6,1,17,4,13
S01009732,259,126,133,27,21,6,84,39,45,18,8,10,22,7,15,17,15,2,14,4,10,22,6,16,9,7,2,46,19,27
S01009733,251,128,123,24,18,6,69,34,35,28,14,14,25,3,22,27,24,3,27,5,22,11,5,6,11,11,0,29,14,15
S01009734,441,224,217,67,41,26,123,56,67,49,29,20,45,9,36,57,47,10,29,4,25,18,4,14,8,8,0,45,26,19
S01009735,305,156,149,46,31,15,123,66,57,40,28,12,28,5,23,12,11,1,7,1,6,23,7,16,2,2,0,24,5,19
S01009736,303,125,178,22,13,9,66,35,31,35,18,17,28,8,20,8,8,0,16,7,9,39,10,29,2,2,0,87,24,63
S01009737,419,226,193,15,11,4,28,6,22,169,129,40,35,4,31,30,25,5,28,3,25,40,11,29,16,12,4,58,25,33
S01009738,248,130,118,29,16,13,32,7,25,29,22,7,32,8,24,33,32,1,23,9,14,17,4,13,20,18,2,33,14,19
S01009739,431,236,195,64,47,17,63,20,43,127,97,30,44,8,36,30,23,7,31,3,28,15,2,13,16,16,0,41,20,21
S01009740,249,125,124,28,15,13,22,6,16,30,21,9,29,6,23,37,30,7,26,7,19,22,7,15,11,10,1,44,23,21
S01009741,578,444,134,43,32,11,14,3,11,437,380,57,11,2,9,10,7,3,19,1,18,16,4,12,9,7,2,19,8,11
S01009742,249,138,111,33,22,11,80,39,41,33,22,11,23,4,19,28,23,5,19,5,14,8,5,3,6,6,0,19,12,7
S01009743,447,235,212,42,30,12,134,50,84,48,30,18,42,7,35,62,56,6,39,4,35,24,10,14,25,25,0,31,23,8
S01009744,345,174,171,42,24,18,71,32,39,48,35,13,48,4,44,40,37,3,19,3,16,21,6,15,23,21,2,33,12,21
S01009745,548,268,280,42,29,13,117,51,66,100,59,41,65,9,56,61,55,6,47,6,41,48,9,39,23,21,2,45,29,16
S01009746,291,154,137,25,14,11,78,37,41,35,18,17,23,2,21,56,49,7,25,8,17,8,0,8,16,13,3,25,13,12
S01009747,338,166,172,32,18,14,61,29,32,53,29,24,44,9,35,38,37,1,27,3,24,26,10,16,17,14,3,40,17,23
S01009748,346,170,176,34,20,14,90,42,48,51,31,20,43,8,35,33,27,6,21,0,21,24,10,14,15,14,1,35,18,17
S01009749,477,245,232,45,25,20,129,56,73,70,38,32,40,11,29,37,33,4,45,7,38,27,10,17,39,37,2,45,28,17
S01009750,330,169,161,14,6,8,57,24,33,51,32,19,33,5,28,44,38,6,37,7,30,27,8,19,28,28,0,39,21,18
S01009751,421,213,208,20,14,6,69,31,38,51,28,23,46,8,38,54,49,5,56,8,48,32,10,22,40,38,2,53,27,26
S01009752,297,147,150,28,19,9,138,71,67,38,22,16,34,10,24,9,9,0,19,1,18,18,8,10,3,3,0,10,4,6
S01009753,295,149,146,28,21,7,106,47,59,54,26,28,28,7,21,27,24,3,17,1,16,13,8,5,6,5,1,16,10,6
S01009754,372,188,184,28,20,8,128,60,68,44,20,24,36,11,25,33,30,3,38,7,31,23,8,15,18,17,1,24,15,9
S01009755,333,176,157,30,21,9,122,54,68,48,28,20,26,7,19,33,33,0,22,5,17,27,9,18,10,10,0,15,9,6
S01009756,359,172,187,35,24,11,137,58,79,45,21,24,35,6,29,22,20,2,22,2,20,17,6,11,24,22,2,22,13,9
S01009757,311,153,158,28,14,14,142,71,71,47,20,27,22,4,18,32,26,6,15,1,14,9,5,4,5,5,0,11,7,4
S01009758,332,160,172,20,15,5,50,19,31,49,21,28,54,13,41,36,34,2,30,5,25,40,12,28,21,20,1,32,21,11
S01009759,323,146,177,6,4,2,11,5,6,19,6,13,20,7,13,35,27,8,56,9,47,44,13,31,30,26,4,102,49,53
S01009760,318,150,168,5,3,2,17,10,7,33,12,21,32,10,22,38,34,4,36,4,32,41,11,30,41,33,8,75,33,42
S01009761,464,231,233,29,19,10,53,20,33,49,26,23,70,13,57,55,52,3,47,4,43,61,21,40,38,37,1,62,39,23
S01009762,350,167,183,11,10,1,11,4,7,26,15,11,29,8,21,42,39,3,59,10,49,45,10,35,38,32,6,89,39,50
S01009763,417,220,197,59,41,18,96,44,52,66,42,24,49,10,39,40,37,3,26,1,25,41,13,28,19,18,1,21,14,7
S01009764,276,122,154,16,12,4,23,9,14,22,10,12,32,6,26,33,29,4,52,9,43,39,13,26,22,19,3,37,15,22
S01009765,442,229,213,35,22,13,40,20,20,40,27,13,67,16,51,53,49,4,58,14,44,64,16,48,35,33,2,50,32,18
S01009766,338,173,165,18,11,7,35,16,19,43,18,25,48,11,37,48,45,3,41,7,34,36,11,25,37,35,2,32,19,13
S01009767,198,95,103,14,5,9,9,3,6,20,7,13,18,1,17,26,26,0,33,7,26,32,13,19,20,19,1,26,14,12
S01009768,294,140,154,23,10,13,37,19,18,32,15,17,30,3,27,38,35,3,31,4,27,51,15,36,21,20,1,31,19,12
S01009769,374,175,199,26,18,8,55,25,30,64,28,36,45,13,32,37,34,3,47,7,40,49,13,36,25,23,2,26,14,12
S01009770,353,186,167,30,17,13,37,18,19,44,23,21,48,13,35,49,47,2,32,5,27,58,20,38,27,24,3,28,19,9
S01009771,441,229,212,53,43,10,51,20,31,56,26,30,74,15,59,51,47,4,33,8,25,56,22,34,32,25,7,35,23,12
S01009772,354,172,182,26,13,13,43,16,27,51,30,21,52,8,44,39,36,3,50,8,42,40,15,25,25,25,0,28,21,7
S01009773,280,160,120,32,24,8,64,36,28,35,19,16,29,6,23,44,42,2,21,4,17,30,11,19,14,14,0,11,4,7
S01009774,264,140,124,33,24,9,59,30,29,45,21,24,32,7,25,27,24,3,15,2,13,28,11,17,14,13,1,11,8,3
S01009775,276,136,140,9,8,1,17,11,6,19,10,9,26,5,21,40,34,6,39,5,34,34,7,27,19,16,3,73,40,33
S01009776,206,80,126,12,5,7,5,2,3,13,9,4,16,0,16,24,23,1,34,6,28,41,5,36,13,13,0,48,17,31
S01009777,219,114,105,8,4,4,14,2,12,18,8,10,30,13,17,17,15,2,36,12,24,27,15,12,22,20,2,47,25,22
S01009778,248,119,129,8,5,3,16,4,12,17,8,9,29,6,23,34,32,2,38,10,28,31,7,24,33,28,5,42,19,23
S01009779,169,77,92,4,2,2,7,3,4,18,10,8,18,3,15,19,17,2,28,5,23,26,7,19,17,16,1,32,14,18
S01009780,203,87,116,6,2,4,7,3,4,10,2,8,18,3,15,17,13,4,37,7,30,25,8,17,18,18,0,65,31,34
S01009781,199,96,103,4,0,4,5,2,3,16,9,7,18,8,10,22,19,3,34,12,22,29,6,23,23,22,1,48,18,30
S01009782,262,141,121,20,9,11,28,16,12,32,22,10,24,2,22,30,30,0,31,3,28,40,15,25,28,26,2,29,18,11
S01009783,306,136,170,13,6,7,19,6,13,23,12,11,33,5,28,43,36,7,52,9,43,41,9,32,23,23,0,59,30,29
S01009784,251,114,137,5,3,2,12,5,7,23,13,10,29,9,20,24,22,2,46,9,37,38,14,24,17,13,4,57,26,31
S01009785,286,124,162,11,5,6,14,4,10,17,5,12,36,5,31,27,21,6,51,14,37,46,15,31,34,30,4,50,25,25
S01009786,317,145,172,13,6,7,11,4,7,19,12,7,23,3,20,36,32,4,62,8,54,51,15,36,27,24,3,75,41,34
S01009787,308,144,164,10,4,6,15,3,12,28,17,11,43,17,26,30,27,3,46,7,39,48,13,35,30,26,4,58,30,28
S01009788,334,164,170,15,5,10,19,6,13,36,20,16,41,11,30,34,34,0,53,10,43,39,8,31,41,40,1,56,30,26
S01009789,346,161,185,17,9,8,34,9,25,26,10,16,45,9,36,44,38,6,50,10,40,40,14,26,41,36,5,49,26,23
S01009790,285,138,147,8,1,7,18,6,12,27,13,14,44,9,35,40,39,1,46,9,37,30,12,18,31,24,7,41,25,16
S01009791,228,107,121,7,3,4,17,3,14,15,10,5,21,1,20,29,24,5,42,9,33,27,9,18,28,24,4,42,24,18
S01009792,527,279,248,76,51,25,114,56,58,81,49,32,45,8,37,49,44,5,31,3,28,70,28,42,31,25,6,30,15,15
S01009793,440,218,222,29,18,11,59,23,36,53,23,30,70,17,53,55,52,3,40,10,30,55,17,38,38,34,4,41,24,17
S01009794,338,164,174,25,12,13,73,29,44,34,22,12,61,14,47,39,36,3,35,6,29,34,16,18,15,14,1,22,15,7
S01009795,497,247,250,56,40,16,101,38,63,67,39,28,77,14,63,58,54,4,35,4,31,57,27,30,17,15,2,29,16,13
S01009796,399,208,191,52,35,17,75,34,41,51,25,26,51,10,41,52,45,7,33,5,28,38,17,21,19,19,0,28,18,10
S01009797,429,218,211,33,19,14,76,31,45,63,34,29,60,10,50,59,56,3,34,7,27,43,13,30,30,28,2,31,20,11
S01009798,421,206,215,36,26,10,80,35,45,62,38,24,60,11,49,45,42,3,52,6,46,32,5,27,23,22,1,31,21,10
S01009799,292,136,156,12,9,3,9,4,5,19,16,3,41,6,35,41,37,4,51,6,45,35,10,25,21,19,2,63,29,34
S01009800,465,211,254,19,10,9,33,16,17,44,15,29,56,14,42,48,41,7,78,14,64,61,21,40,57,51,6,69,29,40
S01009801,320,161,159,12,9,3,26,13,13,21,12,9,33,6,27,29,26,3,46,4,42,46,18,28,41,37,4,66,36,30
S01009802,450,213,237,24,12,12,39,13,26,52,27,25,51,9,42,58,51,7,56,9,47,62,18,44,53,48,5,55,26,29
S01009803,284,120,164,10,5,5,27,8,19,29,12,17,41,5,36,30,26,4,43,13,30,38,15,23,16,13,3,50,23,27
S01009804,269,132,137,26,12,14,77,35,42,57,33,24,18,5,13,19,18,1,29,4,25,21,8,13,14,12,2,8,5,3
S01009805,364,170,194,13,8,5,35,14,21,33,21,12,55,13,42,33,27,6,48,11,37,49,14,35,33,26,7,65,36,29
S01009806,356,166,190,13,9,4,36,11,25,42,21,21,49,9,40,35,33,2,65,21,44,39,13,26,31,27,4,46,22,24
S01009807,430,209,221,18,7,11,29,9,20,37,17,20,54,9,45,69,64,5,63,11,52,57,27,30,26,22,4,77,43,34
S01009808,314,154,160,7,3,4,20,4,16,24,18,6,34,8,26,39,35,4,46,7,39,46,16,30,30,27,3,68,36,32
S01009809,339,172,167,18,12,6,26,11,15,44,23,21,57,14,43,36,35,1,38,10,28,41,15,26,28,27,1,51,25,26
S01009810,293,132,161,10,4,6,28,8,20,31,15,16,52,8,44,44,37,7,32,3,29,35,18,17,20,17,3,41,22,19
S01009811,404,198,206,22,14,8,31,11,20,39,18,21,49,11,38,58,53,5,54,10,44,60,14,46,40,32,8,51,35,16
S01009812,293,152,141,9,6,3,32,16,16,24,10,14,48,18,30,40,38,2,45,12,33,33,9,24,18,16,2,44,27,17
S01009813,220,99,121,8,5,3,8,4,4,16,8,8,23,7,16,18,14,4,43,10,33,43,16,27,16,14,2,45,21,24
S01009814,360,190,170,21,11,10,68,30,38,38,18,20,53,8,45,42,40,2,32,11,21,37,17,20,26,23,3,43,32,11
S01009815,362,171,191,28,14,14,37,15,22,60,34,26,55,12,43,33,30,3,46,10,36,44,14,30,26,25,1,33,17,16
S01009816,393,184,209,9,5,4,59,19,40,40,17,23,57,12,45,49,44,5,46,6,40,51,19,32,41,39,2,41,23,18
S01009817,288,139,149,9,6,3,32,10,22,31,21,10,38,6,32,35,32,3,34,3,31,44,14,30,30,26,4,35,21,14
S01009818,407,201,206,34,21,13,96,42,54,51,30,21,69,15,54,45,43,2,29,2,27,39,16,23,17,13,4,27,19,8
S01009819,250,117,133,24,14,10,60,22,38,29,13,16,31,5,26,28,27,1,23,6,17,26,9,17,15,12,3,14,9,5
S01009820,428,217,211,28,16,12,66,24,42,71,41,30,63,16,47,50,46,4,39,6,33,45,19,26,32,27,5,34,22,12
S01009821,322,161,161,31,20,11,75,28,47,35,12,23,33,11,22,39,35,4,25,6,19,43,17,26,20,17,3,21,15,6
S01009822,208,105,103,9,7,2,22,4,18,29,13,16,24,9,15,27,25,2,17,5,12,28,11,17,22,17,5,30,14,16
S01009823,258,113,145,16,6,10,16,4,12,21,11,10,30,2,28,36,30,6,42,8,34,29,8,21,30,26,4,38,18,20
S01009824,366,181,185,24,11,13,34,11,23,40,17,23,32,6,26,56,52,4,46,9,37,36,10,26,45,41,4,53,24,29
S01009825,415,192,223,23,15,8,38,12,26,41,24,17,52,7,45,41,37,4,62,21,41,42,15,27,33,26,7,83,35,48
S01009826,215,100,115,10,4,6,11,4,7,18,5,13,30,5,25,24,24,0,27,6,21,26,8,18,34,28,6,35,16,19
S01009827,332,156,176,10,3,7,16,7,9,22,12,10,37,5,32,44,39,5,63,10,53,41,13,28,42,40,2,57,27,30
S01009828,241,108,133,7,0,7,20,13,7,24,12,12,28,6,22,30,27,3,32,3,29,40,9,31,20,16,4,40,22,18
S01009829,444,216,228,24,14,10,58,30,28,59,29,30,75,15,60,49,44,5,52,10,42,43,11,32,36,29,7,48,34,14
S01009830,362,177,185,17,10,7,26,14,12,26,13,13,71,16,55,42,40,2,40,9,31,52,18,34,40,38,2,48,19,29
S01009831,409,192,217,13,7,6,50,15,35,47,33,14,77,17,60,42,39,3,38,6,32,60,20,40,29,25,4,53,30,23
S01009832,468,220,248,18,9,9,70,29,41,57,33,24,78,17,61,51,48,3,51,14,37,55,11,44,40,37,3,48,22,26
S01009833,298,140,158,20,9,11,41,15,26,46,21,25,34,5,29,37,31,6,35,6,29,21,12,9,24,22,2,40,19,21
S01009834,395,167,228,29,14,15,31,12,19,42,24,18,56,9,47,53,50,3,51,10,41,45,5,40,22,20,2,66,23,43
S01009835,212,91,121,7,5,2,11,6,5,9,4,5,24,4,20,15,14,1,36,8,28,33,6,27,22,19,3,55,25,30
S01009836,451,231,220,34,20,14,50,20,30,40,26,14,66,16,50,69,63,6,48,5,43,41,16,25,34,31,3,69,34,35
S01009837,275,128,147,19,11,8,17,6,11,17,8,9,34,4,30,25,25,0,59,14,45,27,10,17,31,29,2,46,21,25
S01009838,319,146,173,18,7,11,40,16,24,35,19,16,30,11,19,32,25,7,51,18,33,32,8,24,23,18,5,58,24,34
S01009839,419,185,234,20,14,6,46,20,26,46,18,28,51,15,36,29,24,5,56,8,48,56,18,38,33,23,10,82,45,37
S01009840,386,184,202,14,8,6,34,18,16,31,18,13,62,13,49,47,42,5,52,4,48,38,11,27,37,33,4,71,37,34
S01009841,340,174,166,17,12,5,26,9,17,36,15,21,36,13,23,34,27,7,37,11,26,43,13,30,30,24,6,81,50,31
S01009842,257,122,135,12,6,6,26,11,15,21,10,11,21,5,16,21,19,2,28,5,23,29,9,20,31,27,4,68,30,38
S01009843,187,92,95,0,0,0,18,9,9,18,8,10,20,6,14,20,16,4,24,9,15,24,6,18,15,12,3,48,26,22
S01009844,184,106,78,8,3,5,15,5,10,15,6,9,12,3,9,33,27,6,11,4,7,22,9,13,10,10,0,58,39,19
S01009845,311,175,136,15,10,5,17,9,8,25,8,17,29,15,14,38,33,5,44,17,27,25,15,10,25,18,7,93,50,43
S01009846,362,176,186,11,5,6,31,9,22,40,15,25,35,10,25,53,46,7,43,8,35,34,13,21,24,20,4,91,50,41
S01009847,272,118,154,12,3,9,11,2,9,24,13,11,34,8,26,22,18,4,51,9,42,32,13,19,24,18,6,62,34,28
S01009848,345,160,185,10,6,4,24,13,11,34,16,18,35,6,29,48,43,5,49,8,41,39,8,31,28,27,1,78,33,45
S01009849,298,146,152,14,8,6,40,21,19,30,14,16,44,13,31,36,32,4,34,9,25,41,12,29,19,16,3,40,21,19
S01009850,393,209,184,17,11,6,44,18,26,57,28,29,48,9,39,50,45,5,51,18,33,46,21,25,30,27,3,50,32,18
S01009851,337,155,182,15,6,9,34,14,20,37,21,16,44,7,37,40,39,1,50,9,41,35,15,20,31,23,8,51,21,30
S01009852,237,116,121,24,14,10,31,13,18,27,14,13,26,4,22,21,21,0,33,7,26,29,11,18,15,13,2,31,19,12
S01009853,336,159,177,23,18,5,51,17,34,29,16,13,49,12,37,36,31,5,56,14,42,31,12,19,25,21,4,36,18,18
S01009854,386,170,216,23,8,15,47,17,30,35,17,18,52,13,39,36,35,1,44,7,37,55,16,39,37,34,3,57,23,34
S01009855,285,144,141,21,11,10,64,33,31,22,11,11,40,7,33,31,28,3,29,4,25,31,15,16,25,24,1,22,11,11
S01009856,244,111,133,10,3,7,43,13,30,32,13,19,34,8,26,22,21,1,25,5,20,38,16,22,21,21,0,19,11,8
S01009857,380,194,186,21,15,6,56,24,32,57,35,22,47,13,34,42,39,3,54,14,40,52,18,34,27,24,3,24,12,12
S01009858,341,160,181,12,7,5,39,12,27,56,34,22,54,15,39,28,28,0,46,10,36,48,14,34,26,23,3,32,17,15
S01009859,334,160,174,9,1,8,29,9,20,30,17,13,38,14,24,31,30,1,48,10,38,43,19,24,25,23,2,81,37,44
S01009860,282,129,153,8,4,4,21,9,12,28,13,15,34,8,26,24,23,1,37,8,29,42,16,26,22,17,5,66,31,35
S01009861,378,196,182,18,13,5,36,20,16,55,30,25,40,12,28,41,35,6,46,11,35,30,12,18,22,18,4,90,45,45
S01009862,452,229,223,19,15,4,40,19,21,50,23,27,53,10,43,38,31,7,56,16,40,59,25,34,36,32,4,101,58,43
S01009863,370,212,158,22,10,12,42,24,18,36,20,16,41,11,30,36,30,6,45,20,25,66,39,27,18,15,3,64,43,21
S01009864,278,164,114,12,9,3,54,30,24,44,18,26,22,6,16,28,25,3,21,8,13,20,9,11,16,14,2,61,45,16
S01009865,226,125,101,11,7,4,28,14,14,27,13,14,33,9,24,28,26,2,19,8,11,32,15,17,8,7,1,40,26,14
S01009866,460,231,229,28,22,6,63,27,36,48,29,19,70,9,61,64,55,9,41,6,35,57,20,37,38,34,4,51,29,22
S01009867,651,372,279,60,44,16,165,86,79,126,73,53,84,35,49,44,42,2,38,16,22,47,22,25,19,16,3,68,38,30
S01009868,380,220,160,17,10,7,70,34,36,58,38,20,44,14,30,35,32,3,20,6,14,45,22,23,20,18,2,71,46,25
S01009869,294,176,118,24,18,6,45,22,23,41,25,16,32,11,21,29,28,1,21,3,18,38,22,16,21,21,0,43,26,17
S01009870,268,169,99,19,10,9,38,22,16,43,27,16,26,13,13,18,16,2,16,6,10,39,24,15,14,13,1,55,38,17
S01009871,361,188,173,46,25,21,67,28,39,49,25,24,38,12,26,30,27,3,22,6,16,43,20,23,26,25,1,40,20,20
S01009872,359,211,148,20,12,8,61,37,24,61,34,27,39,11,28,36,34,2,21,8,13,61,42,19,12,10,2,48,23,25
S01009873,389,211,178,61,40,21,108,54,54,44,28,16,40,11,29,28,25,3,22,3,19,37,14,23,13,11,2,36,25,11
S01009874,440,225,215,53,35,18,89,49,40,50,25,25,59,12,47,38,32,6,39,12,27,44,12,32,23,19,4,45,29,16
S01009875,234,142,92,23,17,6,41,24,17,37,17,20,19,11,8,15,14,1,20,2,18,28,16,12,14,13,1,37,28,9
S01009876,216,110,106,9,5,4,25,16,9,17,9,8,22,5,17,16,16,0,23,3,20,51,18,33,14,13,1,39,25,14
S01009877,411,221,190,75,48,27,161,81,80,65,36,29,28,9,19,25,21,4,14,2,12,21,8,13,9,8,1,13,8,5
S01009878,258,177,81,24,21,3,46,26,20,35,26,9,27,12,15,29,25,4,16,4,12,35,22,13,19,19,0,27,22,5
S01009879,434,231,203,93,68,25,171,78,93,71,38,33,24,3,21,22,18,4,6,1,5,23,11,12,6,5,1,18,9,9
S01009880,309,183,126,51,39,12,95,51,44,36,24,12,30,8,22,14,12,2,12,3,9,54,31,23,9,8,1,8,7,1
S01009881,222,149,73,22,18,4,41,19,22,26,20,6,21,12,9,22,19,3,7,2,5,37,25,12,17,17,0,29,17,12
S01009882,691,403,288,59,40,19,200,108,92,131,71,60,65,25,40,53,49,4,30,8,22,69,40,29,21,20,1,63,42,21
S01009883,316,204,112,31,24,7,61,32,29,49,24,25,26,13,13,31,29,2,14,8,6,56,33,23,9,9,0,39,32,7
S01009884,380,226,154,36,24,12,100,44,56,61,38,23,36,17,19,32,28,4,20,8,12,39,22,17,11,11,0,45,34,11
S01009885,326,193,133,27,18,9,82,37,45,74,43,31,22,8,14,22,20,2,9,3,6,39,26,13,25,22,3,26,16,10
S01009886,291,179,112,30,19,11,74,42,32,42,20,22,31,12,19,19,19,0,10,2,8,47,31,16,11,11,0,27,23,4
S01009887,384,228,156,27,15,12,46,20,26,62,36,26,35,8,27,38,36,2,22,13,9,60,41,19,25,19,6,69,40,29
S01009888,279,181,98,15,14,1,41,20,21,45,27,18,17,15,2,28,27,1,20,3,17,48,25,23,22,20,2,43,30,13
S01009889,333,203,130,28,16,12,60,27,33,44,26,18,27,8,19,41,40,1,21,8,13,54,41,13,13,12,1,45,25,20
S01009890,207,123,84,10,6,4,26,12,14,19,10,9,22,10,12,17,17,0,18,7,11,29,18,11,16,15,1,50,28,22
S01009891,327,179,148,23,13,10,50,20,30,56,35,21,51,22,29,29,26,3,19,2,17,33,16,17,21,19,2,45,26,19
S01009892,332,179,153,23,15,8,44,20,24,39,19,20,29,12,17,29,22,7,36,10,26,33,14,19,29,25,4,70,42,28
S01009893,396,243,153,30,19,11,62,37,25,61,28,33,51,28,23,39,34,5,24,14,10,45,31,14,19,15,4,65,37,28
S01009894,302,174,128,17,11,6,39,21,18,31,17,14,25,9,16,31,30,1,30,8,22,44,29,15,23,17,6,62,32,30
S01009895,287,158,129,15,13,2,26,11,15,33,14,19,43,16,27,22,21,1,29,5,24,46,29,17,16,14,2,57,35,22
S01009896,328,184,144,20,14,6,36,11,25,29,16,13,24,5,19,48,43,5,39,9,30,38,20,18,31,28,3,63,38,25
S01009897,408,208,200,28,19,9,69,33,36,54,29,25,46,12,34,39,32,7,50,11,39,39,16,23,21,17,4,62,39,23
S01009898,195,112,83,16,13,3,19,11,8,15,9,6,16,4,12,29,26,3,28,6,22,29,13,16,16,13,3,27,17,10
S01009899,457,230,227,31,14,17,123,61,62,87,42,45,59,17,42,29,26,3,32,10,22,51,27,24,16,16,0,29,17,12
S01009900,600,266,334,51,24,27,186,74,112,146,72,74,67,21,46,29,24,5,36,7,29,44,16,28,15,15,0,26,13,13
S01009901,582,295,287,53,27,26,190,78,112,130,75,55,47,23,24,38,34,4,44,8,36,46,29,17,12,10,2,22,11,11
S01009902,337,181,156,27,13,14,67,26,41,41,23,18,43,17,26,40,38,2,30,8,22,38,17,21,18,17,1,33,22,11
S01009903,418,234,184,38,25,13,123,54,69,83,53,30,25,6,19,22,20,2,17,3,14,47,27,20,15,14,1,48,32,16
S01009904,469,231,238,42,24,18,154,68,86,118,65,53,51,15,36,13,11,2,20,4,16,29,14,15,14,12,2,28,18,10
S01009905,365,222,143,18,12,6,87,45,42,74,42,32,35,18,17,36,35,1,17,7,10,34,21,13,10,8,2,54,34,20
S01009906,370,202,168,26,14,12,90,51,39,67,35,32,47,19,28,29,27,2,18,6,12,35,14,21,15,14,1,43,22,21
S01009907,417,213,204,16,13,3,74,37,37,85,25,60,58,23,35,34,27,7,31,7,24,44,25,19,18,18,0,57,38,19
S01009908,632,340,292,63,35,28,203,104,99,125,67,58,52,23,29,34,27,7,32,10,22,58,24,34,16,16,0,49,34,15
S01009909,539,296,243,48,26,22,144,71,73,110,64,46,57,25,32,41,32,9,32,15,17,53,29,24,18,18,0,36,16,20
S01009910,347,189,158,32,21,11,97,41,56,81,40,41,26,13,13,8,7,1,22,13,9,40,24,16,13,12,1,28,18,10
S01009911,496,245,251,37,24,13,194,87,107,91,54,37,53,14,39,33,32,1,25,6,19,24,7,17,13,10,3,26,11,15
S01009912,420,227,193,71,46,25,161,80,81,63,34,29,34,7,27,24,19,5,17,6,11,28,16,12,10,10,0,12,9,3
S01009913,356,204,152,78,60,18,111,50,61,38,27,11,39,14,25,14,13,1,14,2,12,36,19,17,8,7,1,18,12,6
S01009914,487,268,219,95,69,26,168,79,89,61,36,25,39,12,27,16,13,3,23,9,14,42,20,22,15,13,2,28,17,11
S01009915,475,259,216,63,46,17,192,93,99,75,45,30,44,17,27,14,14,0,19,3,16,35,18,17,10,8,2,23,15,8
S01009916,390,225,165,68,48,20,105,49,56,57,29,28,28,8,20,34,32,2,16,2,14,47,30,17,20,19,1,15,8,7
S01009917,387,208,179,41,27,14,159,79,80,73,40,33,39,13,26,20,19,1,12,2,10,16,8,8,12,10,2,15,10,5
S01009918,354,175,179,28,21,7,152,65,87,54,27,27,41,15,26,18,17,1,21,7,14,22,10,12,7,7,0,11,6,5
S01009919,528,270,258,33,18,15,108,46,62,102,48,54,62,22,40,41,34,7,37,9,28,68,41,27,24,19,5,53,33,20
S01009920,596,291,305,38,17,21,217,98,119,130,71,59,67,25,42,31,29,2,22,4,18,48,21,27,16,15,1,27,11,16
S01009921,458,245,213,34,16,18,146,75,71,97,57,40,62,28,34,25,22,3,28,10,18,38,18,20,4,4,0,24,15,9
S01009922,705,357,348,67,46,21,258,123,135,135,65,70,74,27,47,31,29,2,27,4,23,63,29,34,12,11,1,38,23,15
S01009923,512,283,229,36,23,13,118,59,59,107,63,44,68,26,42,36,35,1,37,8,29,43,18,25,23,20,3,44,31,13
S01009924,619,317,302,55,38,17,176,77,99,108,53,55,82,33,49,40,35,5,40,17,23,77,37,40,15,15,0,26,12,14
S01009925,468,216,252,26,9,17,160,68,92,107,56,51,57,21,36,22,20,2,26,13,13,37,11,26,10,5,5,23,13,10
S01009926,430,229,201,36,23,13,129,61,68,104,60,44,43,18,25,15,13,2,26,9,17,39,18,21,8,8,0,30,19,11
S01009927,263,142,121,29,20,9,88,39,49,38,22,16,22,10,12,15,14,1,17,2,15,22,9,13,15,13,2,17,13,4
S01009928,524,263,261,77,45,32,220,102,118,92,45,47,38,13,25,26,24,2,22,6,16,25,13,12,11,9,2,13,6,7
S01009929,265,131,134,29,17,12,101,43,58,52,29,23,25,9,16,15,13,2,13,3,10,15,7,8,5,5,0,10,5,5
S01009930,559,283,276,45,27,18,173,74,99,106,54,52,63,14,49,39,34,5,40,15,25,44,24,20,16,16,0,33,25,8
S01009931,559,287,272,47,29,18,220,100,120,107,60,47,66,23,43,31,27,4,23,10,13,39,19,20,13,11,2,13,8,5
S01009932,435,220,215,25,11,14,147,70,77,89,42,47,41,16,25,32,27,5,21,9,12,39,14,25,16,15,1,25,16,9
S01009933,396,215,181,23,11,12,62,29,33,78,42,36,31,11,20,36,34,2,35,14,21,32,13,19,28,25,3,71,36,35
S01009934,508,246,262,55,33,22,156,72,84,86,48,38,58,12,46,33,29,4,35,11,24,47,20,27,11,11,0,27,10,17
S01009935,172,95,77,5,2,3,23,15,8,22,12,10,22,5,17,22,19,3,21,7,14,10,5,5,18,15,3,29,15,14
S01009936,299,174,125,24,16,8,59,26,33,57,33,24,28,10,18,20,14,6,23,8,15,34,19,15,17,17,0,37,31,6
S01009937,140,77,63,17,11,6,7,3,4,11,6,5,13,6,7,9,8,1,13,6,7,37,18,19,6,6,0,27,13,14
S01009938,315,171,144,12,6,6,50,30,20,48,26,22,32,5,27,40,34,6,31,4,27,31,11,20,24,23,1,47,32,15
S01009939,207,105,102,8,5,3,7,4,3,7,2,5,16,4,12,24,23,1,30,7,23,23,10,13,10,8,2,82,42,40
S01009940,263,124,139,9,4,5,11,4,7,20,8,12,30,8,22,33,29,4,43,9,34,32,9,23,27,25,2,58,28,30
S01009941,462,245,217,43,33,10,56,22,34,56,31,25,70,16,54,47,43,4,31,8,23,74,30,44,34,32,2,51,30,21
S01009942,368,177,191,16,11,5,20,6,14,28,12,16,42,11,31,23,19,4,44,10,34,40,11,29,44,43,1,111,54,57
S01009943,263,123,140,12,6,6,6,1,5,18,9,9,32,9,23,20,19,1,44,4,40,32,8,24,36,34,2,63,33,30
S01009944,341,168,173,14,8,6,47,20,27,41,21,20,43,14,29,30,30,0,46,9,37,55,23,32,26,24,2,39,19,20
S01009945,380,184,196,22,14,8,32,11,21,58,28,30,54,16,38,29,28,1,59,10,49,45,20,25,30,30,0,51,27,24
S01009946,339,175,164,27,18,9,35,10,25,35,19,16,45,18,27,31,28,3,53,12,41,41,18,23,31,28,3,41,24,17
S01009947,233,116,117,19,12,7,36,15,21,29,11,18,19,4,15,23,22,1,25,3,22,20,4,16,17,14,3,45,31,14
S01009948,273,132,141,11,4,7,26,7,19,33,18,15,33,8,25,35,32,3,32,6,26,47,21,26,20,18,2,36,18,18
S01009949,334,177,157,14,12,2,69,38,31,32,17,15,45,12,33,42,38,4,46,10,36,38,16,22,21,20,1,27,14,13
S01009950,365,197,168,57,36,21,142,65,77,53,35,18,29,11,18,24,20,4,12,4,8,26,12,14,7,6,1,15,8,7
S01009951,370,202,168,66,43,23,179,96,83,31,16,15,25,5,20,13,11,2,11,1,10,25,15,10,4,4,0,16,11,5
S01009952,351,180,171,42,29,13,133,60,73,52,33,19,27,7,20,15,15,0,22,2,20,28,8,20,14,14,0,18,12,6
S01009953,443,211,232,39,30,9,139,53,86,63,29,34,50,13,37,26,23,3,38,5,33,40,22,18,21,20,1,27,16,11
S01009954,292,159,133,41,34,7,64,32,32,34,21,13,35,12,23,20,17,3,16,1,15,51,19,32,17,16,1,14,7,7
S01009955,443,240,203,42,31,11,116,53,63,66,30,36,57,27,30,33,31,2,37,8,29,37,20,17,15,14,1,40,26,14
S01009956,315,155,160,26,18,8,60,23,37,42,21,21,44,10,34,25,25,0,26,5,21,38,13,25,21,19,2,33,21,12
S01009957,387,199,188,46,33,13,160,67,93,63,34,29,39,12,27,25,24,1,15,4,11,14,6,8,14,13,1,11,6,5
S01009958,521,257,264,52,31,21,178,82,96,87,48,39,63,14,49,31,26,5,31,8,23,37,19,18,21,18,3,21,11,10
S01009959,288,146,142,40,25,15,100,46,54,37,17,20,32,6,26,26,23,3,11,3,8,19,10,9,9,8,1,14,8,6
S01009960,400,205,195,50,30,20,142,66,76,72,41,31,43,13,30,24,23,1,19,4,15,29,12,17,6,6,0,15,10,5
S01009961,307,156,151,21,15,6,55,25,30,46,27,19,47,12,35,34,31,3,28,2,26,28,13,15,17,14,3,31,17,14
S01009962,573,299,274,33,17,16,128,60,68,100,62,38,85,23,62,58,54,4,41,9,32,60,25,35,30,25,5,38,24,14
S01009963,431,229,202,34,28,6,88,38,50,56,26,30,65,20,45,49,47,2,44,16,28,39,12,27,22,21,1,34,21,13
S01009964,488,258,230,50,28,22,144,69,75,83,50,33,48,11,37,28,27,1,32,8,24,49,24,25,20,20,0,34,21,13
S01009965,374,202,172,16,10,6,74,32,42,48,24,24,46,9,37,59,54,5,28,5,23,44,21,23,29,29,0,30,18,12
S01009966,404,202,202,30,23,7,58,21,37,45,25,20,72,16,56,59,56,3,30,4,26,48,16,32,21,21,0,41,20,21
S01009967,431,210,221,52,31,21,146,61,85,78,42,36,53,15,38,26,23,3,17,6,11,29,11,18,14,11,3,16,10,6
S01009968,324,171,153,18,10,8,45,15,30,48,30,18,50,7,43,40,40,0,36,9,27,33,14,19,31,30,1,23,16,7
S01009969,381,200,181,57,36,21,98,48,50,63,38,25,52,12,40,30,30,0,26,8,18,28,9,19,10,9,1,17,10,7
S01009970,296,133,163,13,5,8,14,3,11,20,9,11,47,17,30,26,25,1,44,9,35,46,14,32,30,27,3,56,24,32
S01009971,440,216,224,19,7,12,41,15,26,48,19,29,44,11,33,56,48,8,58,10,48,38,17,21,48,46,2,88,43,45
S01009972,368,187,181,44,28,16,52,21,31,53,23,30,50,12,38,43,41,2,40,9,31,25,10,15,29,29,0,32,14,18
S01009973,359,163,196,29,14,15,27,13,14,36,11,25,48,12,36,49,45,4,53,5,48,40,12,28,32,28,4,45,23,22
S01009974,193,76,117,5,2,3,5,1,4,16,5,11,20,2,18,20,19,1,40,7,33,29,11,18,16,13,3,42,16,26
S01009975,210,94,116,3,0,3,9,5,4,15,5,10,19,5,14,25,23,2,47,11,36,27,9,18,14,11,3,51,25,26
S01009976,183,82,101,4,2,2,1,0,1,18,7,11,21,7,14,31,26,5,34,9,25,24,4,20,19,17,2,31,10,21
S01009977,247,130,117,13,6,7,15,9,6,22,6,16,25,7,18,25,22,3,37,11,26,22,9,13,29,26,3,59,34,25
S01009978,362,160,202,17,8,9,20,4,16,29,11,18,31,10,21,45,41,4,50,6,44,57,12,45,35,32,3,78,36,42
S01009979,166,77,89,7,2,5,10,5,5,10,2,8,16,2,14,17,14,3,29,7,22,20,7,13,16,15,1,41,23,18
S01009980,172,80,92,2,2,0,4,2,2,9,6,3,24,6,18,18,15,3,27,6,21,26,9,17,16,14,2,46,20,26
S01009981,233,101,132,13,9,4,16,8,8,21,11,10,20,3,17,16,15,1,42,8,34,34,8,26,21,19,2,50,20,30
S01009982,429,200,229,23,14,9,41,14,27,42,24,18,56,11,45,58,52,6,56,8,48,43,6,37,25,24,1,85,47,38
S01009983,162,61,101,7,5,2,11,6,5,10,4,6,11,2,9,7,6,1,33,3,30,22,8,14,16,11,5,45,16,29
S01009984,333,162,171,10,4,6,15,7,8,38,16,22,29,9,20,43,39,4,51,7,44,52,17,35,40,39,1,55,24,31
S01009985,200,98,102,7,2,5,4,0,4,10,4,6,17,6,11,35,30,5,43,10,33,26,5,21,19,16,3,39,25,14
S01009986,152,65,87,4,2,2,11,5,6,11,9,2,25,3,22,13,12,1,22,4,18,21,8,13,12,11,1,33,11,22
S01009987,311,140,171,9,4,5,21,7,14,23,13,10,45,8,37,42,35,7,58,16,42,31,6,25,32,27,5,50,24,26
S01009988,149,63,86,1,0,1,10,5,5,11,5,6,25,3,22,13,12,1,20,2,18,22,6,16,12,12,0,35,18,17
S01009989,383,187,196,22,12,10,27,12,15,45,27,18,59,12,47,43,43,0,56,9,47,45,15,30,32,30,2,54,27,27
S01009990,364,164,200,13,5,8,30,11,19,45,21,24,61,11,50,47,42,5,49,7,42,50,20,30,30,28,2,39,19,20
S01009991,413,187,226,22,11,11,46,12,34,50,23,27,55,14,41,50,46,4,65,9,56,55,24,31,28,26,2,42,22,20
S01009992,217,90,127,6,4,2,14,4,10,16,8,8,29,7,22,23,20,3,51,8,43,31,11,20,16,15,1,31,13,18
S01009993,458,227,231,19,11,8,55,23,32,60,33,27,73,16,57,65,56,9,40,3,37,44,7,37,44,42,2,58,36,22
S01009994,356,173,183,21,13,8,37,12,25,45,24,21,58,11,47,43,39,4,42,12,30,34,8,26,28,27,1,48,27,21
S01009995,366,169,197,22,13,9,34,11,23,39,19,20,74,14,60,39,33,6,38,6,32,43,15,28,30,29,1,47,29,18
S01009996,355,160,195,19,12,7,34,9,25,41,19,22,51,14,37,49,44,5,41,9,32,53,9,44,28,27,1,39,17,22
S01009997,309,160,149,20,15,5,37,16,21,40,23,17,52,17,35,41,39,2,38,6,32,41,21,20,13,13,0,27,10,17
S01009998,266,141,125,38,24,14,43,24,19,44,23,21,34,10,24,36,31,5,22,4,18,23,9,14,12,11,1,14,5,9
S01009999,337,183,154,26,19,7,54,24,30,40,19,21,54,15,39,56,51,5,30,7,23,31,14,17,19,16,3,27,18,9
S01010000,325,163,162,18,10,8,44,21,23,42,24,18,43,14,29,37,35,2,48,7,41,34,11,23,21,21,0,38,20,18
S01010001,370,183,187,18,11,7,62,20,42,47,27,20,57,11,46,50,46,4,34,6,28,33,10,23,31,29,2,38,23,15
S01010002,399,187,212,20,11,9,47,12,35,61,30,31,64,16,48,39,36,3,36,6,30,57,25,32,25,24,1,50,27,23
S01010003,369,183,186,25,11,14,56,25,31,41,21,20,58,16,42,44,40,4,38,10,28,44,15,29,22,21,1,41,24,17
S01010004,351,172,179,32,19,13,102,34,68,47,28,19,44,13,31,32,31,1,22,5,17,30,12,18,19,17,2,23,13,10
S01010005,417,200,217,26,14,12,66,27,39,75,25,50,64,21,43,44,42,2,39,6,33,48,23,25,16,15,1,39,27,12
S01010006,515,245,270,27,11,16,122,51,71,113,57,56,79,23,56,40,38,2,34,13,21,43,13,30,17,16,1,40,23,17
S01010007,529,290,239,48,35,13,143,63,80,86,49,37,71,23,48,36,35,1,29,6,23,50,27,23,27,25,2,39,27,12
S01010008,385,184,201,30,14,16,111,45,66,68,33,35,46,15,31,27,26,1,34,8,26,31,15,16,18,18,0,20,10,10
S01010009,385,216,169,30,22,8,69,36,33,76,37,39,47,19,28,35,33,2,26,8,18,43,13,30,19,18,1,40,30,10
S01010010,539,272,267,51,37,14,162,77,85,86,40,46,59,11,48,35,34,1,37,6,31,43,16,27,29,28,1,37,23,14
S01010011,373,183,190,33,17,16,105,40,65,77,39,38,41,15,26,24,21,3,23,8,15,25,12,13,11,9,2,34,22,12
S01010012,402,185,217,28,17,11,62,25,37,45,18,27,56,8,48,49,46,3,44,4,40,50,20,30,26,25,1,42,22,20
S01010013,468,225,243,34,17,17,115,51,64,89,46,43,60,13,47,43,43,0,30,3,27,44,11,33,18,17,1,35,24,11
S01010014,567,307,260,53,26,27,168,89,79,101,45,56,62,23,39,43,40,3,28,12,16,47,22,25,20,18,2,45,32,13
S01010015,503,256,247,42,22,20,156,69,87,98,61,37,52,16,36,37,33,4,30,3,27,44,21,23,15,13,2,29,18,11
S01010016,295,152,143,15,7,8,20,7,13,33,16,17,37,9,28,52,48,4,36,10,26,44,12,32,28,25,3,30,18,12
S01010017,284,113,171,12,7,5,11,7,4,16,3,13,38,9,29,26,23,3,43,6,37,53,9,44,26,24,2,59,25,34
S01010018,388,192,196,18,11,7,38,18,20,57,26,31,46,10,36,43,38,5,35,7,28,59,21,38,25,22,3,67,39,28
S01010019,234,103,131,5,4,1,15,3,12,19,6,13,31,9,22,16,13,3,36,9,27,39,10,29,18,16,2,55,33,22
S01010020,321,151,170,19,11,8,26,8,18,16,10,6,48,11,37,31,27,4,40,6,34,51,13,38,39,36,3,51,29,22
S01010021,223,108,115,10,8,2,18,5,13,15,5,10,16,6,10,21,20,1,34,5,29,38,15,23,15,12,3,56,32,24
S01010022,347,188,159,17,14,3,42,26,16,54,36,18,47,10,37,33,30,3,53,13,40,29,14,15,28,25,3,44,20,24
S01010023,162,82,80,7,3,4,5,2,3,19,6,13,19,6,13,17,16,1,22,6,16,18,7,11,21,18,3,34,18,16
S01010024,312,157,155,14,6,8,49,29,20,41,21,20,35,6,29,30,29,1,36,8,28,36,16,20,23,19,4,48,23,25
S01010025,183,102,81,9,6,3,23,12,11,30,12,18,13,4,9,14,12,2,29,15,14,22,10,12,9,9,0,34,22,12
S01010026,412,217,195,31,13,18,76,41,35,72,40,32,28,15,13,33,30,3,37,4,33,40,16,24,30,27,3,65,31,34
S01010027,425,227,198,26,19,7,91,52,39,88,44,44,56,14,42,26,23,3,38,17,21,38,17,21,12,11,1,50,30,20
S01010028,242,114,128,10,3,7,50,25,25,46,19,27,25,7,18,15,13,2,21,6,15,22,12,10,12,10,2,41,19,22
S01010029,185,89,96,11,6,5,13,3,10,20,11,9,20,5,15,18,17,1,20,7,13,20,3,17,19,18,1,44,19,25
S01010030,454,246,208,33,19,14,133,73,60,77,46,31,49,14,35,40,36,4,26,7,19,33,16,17,15,14,1,48,21,27
S01010031,482,296,186,47,34,13,150,91,59,90,55,35,38,17,21,29,23,6,28,12,16,33,21,12,16,14,2,51,29,22
S01010032,394,258,136,26,20,6,97,61,36,65,39,26,41,19,22,27,25,2,11,2,9,44,21,23,16,16,0,67,55,12
S01010033,384,208,176,20,8,12,67,36,31,52,30,22,46,14,32,25,23,2,51,17,34,40,25,15,26,23,3,57,32,25
S01010034,367,216,151,18,10,8,50,27,23,60,47,13,26,9,17,43,32,11,29,11,18,46,25,21,18,17,1,77,38,39
S01010035,227,141,86,7,3,4,18,13,5,23,14,9,21,9,12,21,20,1,24,11,13,29,16,13,18,13,5,66,42,24
S01010036,492,305,187,41,29,12,77,50,27,75,47,28,46,28,18,18,16,2,29,14,15,82,43,39,21,19,2,103,59,44
S01010037,196,94,102,3,0,3,21,13,8,21,8,13,21,7,14,23,19,4,20,4,16,25,3,22,26,20,6,36,20,16
S01010038,397,198,199,18,9,9,47,18,29,44,25,19,44,14,30,40,34,6,51,16,35,37,20,17,25,24,1,91,38,53
S01010039,616,351,265,54,38,16,176,91,85,121,81,40,59,35,24,31,27,4,26,7,19,66,32,34,12,8,4,71,32,39
S01010040,434,246,188,46,28,18,96,49,47,72,40,32,59,24,35,36,30,6,27,16,11,40,18,22,20,18,2,38,23,15
S01010041,372,220,152,41,22,19,109,72,37,62,31,31,24,10,14,19,16,3,20,9,11,41,22,19,17,14,3,39,24,15
S01010042,627,337,290,58,36,22,98,57,41,101,51,50,82,26,56,43,39,4,42,12,30,75,29,46,39,32,7,89,55,34
S01010043,320,159,161,15,6,9,32,15,17,42,25,17,33,12,21,25,20,5,27,8,19,47,17,30,24,17,7,75,39,36
S01010044,522,257,265,28,15,13,79,37,42,70,30,40,59,7,52,61,54,7,38,13,25,57,21,36,48,38,10,82,42,40
S01010045,147,60,87,4,2,2,6,2,4,9,5,4,19,6,13,13,13,0,28,4,24,17,2,15,6,6,0,45,20,25
S01010046,301,150,151,16,7,9,28,10,18,38,19,19,41,14,27,38,31,7,29,4,25,37,17,20,27,22,5,47,26,21
S01010047,255,121,134,3,0,3,9,2,7,13,8,5,30,6,24,21,20,1,38,10,28,37,8,29,36,32,4,68,35,33
S01010048,323,156,167,6,2,4,15,9,6,38,14,24,34,11,23,39,37,2,41,9,32,32,11,21,35,21,14,83,42,41
S01010049,252,109,143,13,2,11,9,4,5,9,4,5,18,6,12,20,19,1,22,4,18,48,14,34,36,25,11,77,31,46
S01010050,302,150,152,10,4,6,25,16,9,19,10,9,39,10,29,34,28,6,33,5,28,33,14,19,26,20,6,83,43,40
S01010051,222,106,116,8,1,7,11,6,5,10,8,2,21,3,18,25,23,2,20,6,14,37,7,30,29,24,5,61,28,33
S01010052,247,146,101,6,4,2,24,15,9,21,10,11,31,18,13,21,20,1,26,6,20,27,8,19,34,30,4,57,35,22
S01010053,343,168,175,8,6,2,32,20,12,29,14,15,29,12,17,43,37,6,38,8,30,54,18,36,32,24,8,78,29,49
S01010054,148,60,88,7,1,6,4,1,3,9,5,4,11,3,8,15,14,1,29,5,24,16,3,13,13,8,5,44,20,24
S01010055,413,205,208,21,12,9,34,20,14,40,23,17,51,10,41,50,42,8,48,13,35,57,22,35,27,24,3,85,39,46
S01010056,170,78,92,1,0,1,9,4,5,11,8,3,18,3,15,22,19,3,22,4,18,25,6,19,29,20,9,33,14,19
S01010057,171,78,93,10,7,3,19,6,13,19,11,8,11,3,8,20,16,4,19,5,14,22,8,14,20,13,7,31,9,22
S01010058,313,157,156,22,10,12,17,9,8,24,14,10,45,6,39,37,35,2,34,6,28,32,14,18,36,28,8,66,35,31
S01010059,326,141,185,15,11,4,46,9,37,45,20,25,46,11,35,28,25,3,28,3,25,45,14,31,29,24,5,44,24,20
S01010060,385,198,187,20,6,14,34,15,19,37,24,13,51,15,36,48,42,6,38,10,28,44,12,32,41,35,6,72,39,33
S01010061,262,120,142,7,3,4,37,15,22,42,19,23,41,5,36,37,35,2,22,3,19,30,10,20,25,23,2,21,7,14
S01010062,272,135,137,11,3,8,30,14,16,20,9,11,36,9,27,31,28,3,33,4,29,34,13,21,33,29,4,44,26,18
S01010063,385,199,186,18,11,7,26,14,12,37,17,20,40,12,28,48,45,3,57,14,43,57,21,36,37,29,8,65,36,29
S01010064,231,104,127,10,5,5,11,4,7,40,15,25,30,6,24,33,30,3,25,3,22,26,6,20,23,18,5,33,17,16
S01010065,334,161,173,10,5,5,15,5,10,37,21,16,36,7,29,38,31,7,45,7,38,32,11,21,53,42,11,68,32,36
S01010066,246,112,134,3,2,1,9,4,5,18,5,13,24,5,19,27,24,3,29,3,26,37,13,24,39,31,8,60,25,35
S01010067,184,90,94,4,2,2,10,3,7,17,8,9,16,5,11,22,20,2,24,6,18,27,6,21,25,22,3,39,18,21
S01010068,284,165,119,17,13,4,32,17,15,32,20,12,27,10,17,36,35,1,35,9,26,36,11,25,25,23,2,44,27,17
S01010069,489,243,246,39,26,13,43,23,20,61,31,30,72,12,60,62,58,4,52,7,45,73,24,49,49,46,3,38,16,22
S01010070,416,207,209,38,22,16,39,17,22,46,22,24,52,4,48,67,65,2,36,5,31,59,13,46,40,38,2,39,21,18
S01010071,365,196,169,31,19,12,31,11,20,43,21,22,60,16,44,58,55,3,30,8,22,30,11,19,47,39,8,35,16,19
S01010072,387,196,191,26,15,11,40,18,22,30,16,14,48,9,39,44,39,5,50,9,41,47,11,36,55,49,6,47,30,17
S01010073,371,189,182,21,16,5,50,20,30,35,23,12,60,10,50,53,50,3,42,7,35,40,13,27,37,31,6,33,19,14
S01010074,360,197,163,36,24,12,56,26,30,43,23,20,48,14,34,42,41,1,34,5,29,45,21,24,29,26,3,27,17,10
S01010075,227,116,111,16,11,5,12,5,7,12,5,7,32,3,29,35,32,3,23,2,21,34,12,22,37,32,5,26,14,12
S01010076,300,153,147,14,5,9,18,7,11,34,17,17,33,4,29,41,37,4,33,9,24,35,8,27,40,35,5,52,31,21
S01010077,237,107,130,8,4,4,15,4,11,19,5,14,32,9,23,41,40,1,34,4,30,28,6,22,30,21,9,30,14,16
S01010078,343,184,159,38,27,11,45,20,25,47,31,16,54,14,40,37,32,5,28,9,19,37,12,25,22,20,2,35,19,16
S01010079,479,249,230,79,52,27,85,36,49,62,34,28,64,13,51,48,44,4,40,9,31,46,21,25,33,30,3,22,10,12
S01010080,307,168,139,29,14,15,61,29,32,32,20,12,47,10,37,40,37,3,20,6,14,25,10,15,31,29,2,22,13,9
S01010081,332,178,154,41,24,17,57,31,26,33,18,15,49,13,36,44,40,4,26,7,19,29,7,22,26,26,0,27,12,15
S01010082,431,211,220,53,30,23,73,26,47,72,39,33,61,9,52,57,56,1,27,4,23,40,11,29,27,24,3,21,12,9
S01010083,268,141,127,11,8,3,21,10,11,21,8,13,45,13,32,42,38,4,26,8,18,33,8,25,29,26,3,40,22,18
S01010084,350,172,178,12,7,5,11,1,10,29,12,17,51,7,44,64,56,8,44,6,38,38,12,26,38,34,4,63,37,26
S01010085,386,211,175,24,17,7,45,22,23,60,34,26,62,16,46,56,53,3,31,5,26,44,17,27,38,36,2,26,11,15
S01010086,339,165,174,20,13,7,13,6,7,35,7,28,39,5,34,47,41,6,38,8,30,39,11,28,44,38,6,64,36,28
S01010087,271,138,133,33,21,12,38,18,20,35,19,16,39,6,33,33,32,1,27,3,24,25,10,15,26,23,3,15,6,9
S01010088,505,257,248,55,35,20,122,52,70,90,44,46,52,10,42,55,52,3,31,9,22,44,14,30,27,23,4,29,18,11
S01010089,303,155,148,20,11,9,30,7,23,32,22,10,45,10,35,40,38,2,27,7,20,37,14,23,40,33,7,32,13,19
S01010090,584,284,300,42,20,22,70,29,41,82,48,34,86,16,70,76,70,6,66,12,54,64,18,46,53,52,1,45,19,26
S01010091,485,240,245,45,30,15,61,24,37,74,43,31,65,14,51,61,54,7,60,8,52,48,14,34,40,37,3,31,16,15
S01010092,312,151,161,17,8,9,31,14,17,36,18,18,46,5,41,34,31,3,31,12,19,35,8,27,35,31,4,47,24,23
S01010093,432,205,227,36,23,13,53,20,33,39,18,21,71,11,60,64,59,5,41,5,36,54,17,37,37,36,1,37,16,21
S01010094,340,165,175,17,10,7,53,26,27,42,18,24,66,11,55,47,42,5,22,4,18,39,17,22,29,26,3,25,11,14
S01010095,371,192,179,33,19,14,51,22,29,53,29,24,57,14,43,50,48,2,22,1,21,38,16,22,35,29,6,32,14,18
S01010096,391,186,205,32,25,7,60,19,41,56,23,33,61,17,44,45,43,2,27,3,24,55,18,37,25,23,2,30,15,15
S01010097,351,174,177,27,16,11,38,19,19,40,24,16,59,12,47,45,42,3,33,6,27,52,17,35,28,23,5,29,15,14
S01010098,368,191,177,25,18,7,53,18,35,54,29,25,46,9,37,40,38,2,34,9,25,52,20,32,35,33,2,29,17,12
S01010099,342,167,175,28,19,9,58,25,33,37,16,21,65,13,52,46,44,2,25,2,23,35,11,24,18,18,0,30,19,11
S01010100,421,210,211,33,24,9,52,18,34,54,24,30,73,15,58,58,56,2,34,3,31,43,16,27,35,31,4,39,23,16
S01010101,376,187,189,33,21,12,44,15,29,42,22,20,63,13,50,50,50,0,35,6,29,44,10,34,41,38,3,24,12,12
S01010102,559,268,291,50,33,17,100,49,51,88,41,47,82,13,69,61,56,5,48,9,39,73,21,52,32,30,2,25,16,9
S01010103,594,295,299,33,19,14,80,24,56,72,33,39,94,19,75,99,97,2,45,4,41,67,24,43,58,49,9,46,26,20
S01010104,434,223,211,47,28,19,63,30,33,60,29,31,57,14,43,55,52,3,37,5,32,47,15,32,37,35,2,31,15,16
S01010105,168,84,84,11,7,4,10,4,6,17,9,8,14,5,9,15,12,3,22,7,15,23,6,17,14,13,1,42,21,21
S01010106,150,71,79,8,3,5,8,1,7,14,8,6,10,1,9,17,15,2,17,2,15,17,5,12,23,19,4,36,17,19
S01010107,326,159,167,10,3,7,15,7,8,22,12,10,32,5,27,38,34,4,41,10,31,53,17,36,44,36,8,71,35,36
S01010108,331,157,174,13,9,4,17,11,6,27,9,18,35,8,27,43,37,6,49,5,44,34,11,23,50,40,10,63,27,36
S01010109,353,169,184,18,7,11,39,21,18,32,13,19,41,7,34,39,34,5,44,11,33,42,14,28,29,25,4,69,37,32
S01010110,264,115,149,9,2,7,11,5,6,17,9,8,24,4,20,35,27,8,35,9,26,39,10,29,23,18,5,71,31,40
S01010111,299,137,162,13,6,7,8,4,4,30,11,19,24,5,19,49,43,6,41,12,29,40,12,28,29,24,5,65,20,45
S01010112,311,138,173,12,5,7,12,4,8,23,11,12,25,1,24,34,33,1,42,9,33,54,13,41,27,23,4,82,39,43
S01010113,177,77,100,3,2,1,6,3,3,18,8,10,26,5,21,17,16,1,20,4,16,30,5,25,17,15,2,40,19,21
S01010114,225,106,119,3,3,0,5,3,2,13,6,7,24,4,20,21,20,1,36,12,24,34,13,21,27,22,5,62,23,39
S01010115,330,161,169,18,9,9,22,7,15,31,16,15,40,7,33,52,47,5,35,2,33,41,6,35,40,36,4,51,31,20
S01010116,572,280,292,44,22,22,51,25,26,73,38,35,73,18,55,70,65,5,56,8,48,75,20,55,53,49,4,77,35,42
S01010117,370,180,190,37,20,17,71,22,49,55,27,28,48,12,36,38,37,1,29,5,24,30,15,15,31,28,3,31,14,17
S01010118,171,75,96,5,1,4,8,6,2,16,7,9,14,5,9,13,13,0,33,9,24,22,3,19,14,11,3,46,20,26
S01010119,206,88,118,5,2,3,14,6,8,18,11,7,13,0,13,26,25,1,37,5,32,29,7,22,21,18,3,43,14,29
S01010120,317,149,168,9,5,4,10,2,8,25,15,10,37,4,33,35,34,1,34,9,25,50,13,37,32,26,6,85,41,44
S01010121,233,106,127,10,2,8,7,1,6,15,11,4,20,4,16,23,21,2,26,7,19,46,8,38,28,24,4,58,28,30
S01010122,119,65,54,3,1,2,4,3,1,7,3,4,10,3,7,19,17,2,14,6,8,13,6,7,16,15,1,33,11,22
S01010123,271,115,156,15,5,10,9,7,2,17,9,8,31,4,27,24,19,5,34,6,28,40,8,32,24,21,3,77,36,41
S01010124,330,151,179,13,5,8,20,8,12,38,22,16,44,7,37,44,37,7,48,6,42,47,15,32,36,34,2,40,17,23
S01010125,218,96,122,14,7,7,13,8,5,17,4,13,28,6,22,25,22,3,31,4,27,23,3,20,31,27,4,36,15,21
S01010126,359,175,184,26,9,17,31,11,20,38,18,20,41,5,36,57,50,7,35,3,32,32,8,24,47,44,3,52,27,25
S01010127,219,106,113,12,6,6,16,6,10,14,9,5,33,7,26,31,26,5,26,8,18,37,7,30,18,16,2,32,21,11
S01010128,137,56,81,7,2,5,7,2,5,6,3,3,17,5,12,16,14,2,22,3,19,20,3,17,11,9,2,31,15,16
S01010129,215,99,116,6,2,4,9,3,6,14,6,8,16,7,9,19,15,4,35,10,25,30,9,21,30,23,7,56,24,32
S01010130,134,59,75,7,5,2,6,3,3,8,4,4,13,2,11,15,13,2,19,3,16,21,4,17,11,6,5,34,19,15
S01010131,479,249,230,33,20,13,57,31,26,51,22,29,75,20,55,78,73,5,56,9,47,48,17,31,46,39,7,35,18,17
S01010132,294,134,160,7,4,3,16,5,11,21,10,11,38,6,32,41,35,6,36,4,32,36,11,25,35,26,9,64,33,31
S01010133,230,106,124,6,4,2,17,9,8,21,10,11,28,5,23,26,22,4,31,3,28,31,10,21,25,20,5,45,23,22
S01010134,376,181,195,17,13,4,30,8,22,39,17,22,41,9,32,41,38,3,47,8,39,46,13,33,44,37,7,71,38,33
S01010135,260,128,132,9,4,5,12,5,7,17,10,7,29,7,22,35,30,5,35,8,27,33,7,26,31,28,3,59,29,30
S01010136,367,185,182,19,10,9,32,12,20,42,23,19,50,12,38,45,43,2,47,15,32,50,21,29,33,25,8,49,24,25
S01010137,352,165,187,22,11,11,32,15,17,47,19,28,46,7,39,46,42,4,38,8,30,48,16,32,27,23,4,46,24,22
S01010138,254,137,117,14,9,5,15,7,8,24,18,6,30,6,24,26,24,2,33,6,27,32,17,15,33,27,6,47,23,24
S01010139,403,199,204,11,9,2,30,9,21,38,17,21,56,10,46,55,52,3,58,11,47,39,14,25,34,31,3,82,46,36
S01010140,407,204,203,25,13,12,46,27,19,47,24,23,78,19,59,44,39,5,30,6,24,53,16,37,32,31,1,52,29,23
S01010141,284,130,154,14,5,9,22,9,13,23,12,11,29,5,24,34,30,4,34,8,26,28,8,20,26,19,7,74,34,40
S01010142,257,119,138,17,8,9,12,3,9,27,12,15,29,3,26,42,39,3,35,5,30,35,7,28,24,21,3,36,21,15
S01010143,270,132,138,13,4,9,20,9,11,22,13,9,25,6,19,36,32,4,37,4,33,38,9,29,36,31,5,43,24,19
S01010144,330,169,161,18,8,10,25,9,16,32,21,11,36,10,26,35,32,3,44,12,32,44,20,24,45,32,13,51,25,26
S01010145,336,169,167,17,8,9,32,15,17,24,11,13,44,6,38,51,49,2,34,8,26,31,11,20,40,30,10,63,31,32
S01010146,304,146,158,12,4,8,16,6,10,26,13,13,26,3,23,40,38,2,44,12,32,40,6,34,46,36,10,54,28,26
S01010147,312,123,189,8,4,4,11,1,10,24,10,14,36,5,31,36,26,10,52,7,45,45,12,33,36,29,7,64,29,35
S01010148,249,110,139,9,3,6,13,6,7,22,11,11,27,5,22,23,20,3,39,10,29,32,9,23,27,25,2,57,21,36
S01010149,281,133,148,16,8,8,27,11,16,47,23,24,29,4,25,34,28,6,27,3,24,35,10,25,25,22,3,41,24,17
S01010150,200,103,97,5,3,2,13,7,6,22,10,12,24,7,17,25,18,7,28,6,22,16,4,12,25,22,3,42,26,16
S01010151,176,79,97,5,1,4,11,3,8,17,9,8,22,2,20,15,14,1,22,3,19,22,4,18,28,24,4,34,19,15
S01010152,338,163,175,11,4,7,15,6,9,37,16,21,69,17,52,34,29,5,41,11,30,34,16,18,33,30,3,64,34,30
S01010153,343,171,172,26,12,14,26,15,11,32,20,12,42,12,30,29,29,0,46,8,38,39,14,25,29,26,3,74,35,39
S01010154,284,131,153,8,4,4,19,6,13,40,20,20,38,9,29,30,27,3,38,5,33,26,5,21,34,29,5,51,26,25
S01010155,267,124,143,13,4,9,18,3,15,17,8,9,40,14,26,32,29,3,43,8,35,31,9,22,28,28,0,45,21,24
S01010156,186,98,88,7,3,4,12,7,5,10,5,5,29,9,20,20,20,0,24,6,18,21,8,13,19,14,5,44,26,18
S01010157,161,69,92,4,2,2,8,4,4,8,3,5,16,3,13,20,19,1,21,4,17,27,6,21,18,14,4,39,14,25
S01010158,343,161,182,6,2,4,28,7,21,35,15,20,54,15,39,47,40,7,52,8,44,30,12,18,41,37,4,50,25,25
S01010159,256,121,135,15,5,10,21,11,10,27,13,14,20,6,14,34,29,5,42,2,40,25,5,20,27,24,3,45,26,19
S01010160,204,111,93,1,0,1,11,4,7,12,7,5,9,1,8,34,33,1,24,4,20,13,7,6,27,24,3,73,31,42
S01010161,296,135,161,18,7,11,24,9,15,22,13,9,36,5,31,36,31,5,43,4,39,37,10,27,36,35,1,44,21,23
S01010162,218,81,137,8,2,6,11,2,9,7,4,3,27,2,25,23,21,2,37,8,29,33,7,26,21,19,2,51,16,35
S01010163,189,91,98,7,2,5,10,4,6,19,9,10,25,6,19,20,17,3,20,5,15,29,8,21,23,21,2,36,19,17
S01010164,266,122,144,16,10,6,12,5,7,19,8,11,19,2,17,34,33,1,43,8,35,33,7,26,33,29,4,57,20,37
S01010165,201,99,102,5,3,2,11,6,5,13,5,8,14,3,11,24,22,2,32,8,24,32,13,19,23,21,2,47,18,29
S01010166,272,129,143,11,4,7,10,2,8,21,9,12,38,8,30,34,30,4,39,8,31,32,11,21,31,28,3,56,29,27
S01010167,247,122,125,10,3,7,8,1,7,10,4,6,30,6,24,26,26,0,37,7,30,18,4,14,38,33,5,70,38,32
S01010168,220,94,126,8,4,4,14,4,10,26,9,17,32,8,24,27,26,1,29,4,25,33,5,28,20,20,0,31,14,17
S01010169,341,173,168,22,12,10,23,7,16,37,20,17,34,8,26,39,34,5,42,8,34,44,20,24,35,32,3,65,32,33
S01010170,217,107,110,4,2,2,10,2,8,14,3,11,27,8,19,30,30,0,27,6,21,32,7,25,28,27,1,45,22,23
S01010171,289,128,161,4,3,1,18,4,14,10,5,5,32,3,29,35,33,2,38,8,30,56,16,40,27,25,2,69,31,38
S01010172,235,116,119,11,2,9,31,14,17,42,20,22,32,8,24,23,23,0,24,8,16,18,6,12,27,24,3,27,11,16
S01010173,301,152,149,18,9,9,23,10,13,25,13,12,34,5,29,45,41,4,39,7,32,50,21,29,33,28,5,34,18,16
S01010174,326,200,126,15,8,7,18,8,10,32,21,11,40,10,30,66,65,1,30,9,21,39,15,24,31,30,1,55,34,21
S01010175,186,93,93,7,2,5,14,5,9,19,14,5,23,2,21,21,20,1,25,3,22,20,8,12,22,21,1,35,18,17
S01010176,250,128,122,21,8,13,22,7,15,28,13,15,21,3,18,33,33,0,34,9,25,29,9,20,22,20,2,40,26,14
S01010177,228,96,132,7,2,5,6,3,3,18,10,8,28,6,22,17,16,1,33,4,29,45,11,34,22,21,1,52,23,29
S01010178,317,140,177,13,6,7,6,2,4,23,9,14,30,8,22,29,23,6,63,12,51,51,18,33,34,33,1,68,29,39
S01010179,286,138,148,6,3,3,17,5,12,14,9,5,20,7,13,29,25,4,53,12,41,33,12,21,39,36,3,75,29,46
S01010180,256,119,137,13,7,6,31,14,17,31,15,16,29,8,21,35,30,5,26,4,22,22,6,16,21,16,5,48,19,29
S01010181,193,92,101,4,0,4,11,2,9,17,13,4,24,3,21,18,18,0,32,9,23,22,9,13,21,20,1,44,18,26
S01010182,385,200,185,33,26,7,49,21,28,44,19,25,51,12,39,45,38,7,39,4,35,43,17,26,44,42,2,37,21,16
S01010183,152,62,90,6,2,4,6,4,2,14,6,8,18,5,13,14,11,3,31,6,25,16,3,13,15,12,3,32,13,19
S01010184,222,94,128,7,1,6,11,2,9,11,5,6,25,4,21,36,32,4,41,7,34,23,4,19,19,16,3,49,23,26
S01010185,217,89,128,5,2,3,10,4,6,15,7,8,15,1,14,30,26,4,37,8,29,36,4,32,19,16,3,50,21,29
S01010186,343,167,176,20,14,6,37,13,24,40,25,15,50,9,41,41,36,5,31,1,30,45,11,34,35,33,2,44,25,19
S01010187,388,187,201,19,9,10,39,11,28,50,28,22,65,12,53,58,47,11,43,8,35,33,10,23,35,34,1,46,28,18
S01010188,401,206,195,38,26,12,75,29,46,56,35,21,64,16,48,36,34,2,32,6,26,38,16,22,35,32,3,27,12,15
S01010189,582,295,287,39,24,15,107,42,65,86,43,43,88,22,66,72,67,5,52,9,43,48,26,22,43,40,3,47,22,25
S01010190,449,233,216,73,60,13,107,43,64,77,46,31,45,9,36,41,34,7,21,4,17,42,10,32,16,16,0,27,11,16
S01010191,395,196,199,30,20,10,72,37,35,68,26,42,53,12,41,45,40,5,40,8,32,26,8,18,31,31,0,30,14,16
S01010192,480,249,231,47,35,12,78,36,42,70,33,37,69,22,47,60,49,11,34,2,32,59,24,35,36,28,8,27,20,7
S01010193,406,205,201,27,19,8,65,23,42,62,38,24,51,5,46,48,46,2,38,6,32,40,11,29,42,39,3,33,18,15
S01010194,243,109,134,8,3,5,14,7,7,25,10,15,36,6,30,30,29,1,30,5,25,28,5,23,15,14,1,57,30,27
S01010195,208,103,105,6,4,2,11,7,4,20,8,12,32,4,28,29,28,1,23,4,19,26,5,21,27,26,1,34,17,17
S01010196,251,119,132,7,2,5,16,7,9,21,7,14,33,8,25,32,32,0,38,2,36,25,10,15,26,25,1,53,26,27
S01010197,264,114,150,8,6,2,12,5,7,18,6,12,31,5,26,36,30,6,34,10,24,33,4,29,26,20,6,66,28,38
S01010198,341,156,185,17,7,10,21,9,12,27,16,11,28,4,24,36,33,3,54,8,46,48,13,35,29,27,2,81,39,42
S01010199,182,76,106,5,1,4,11,6,5,13,6,7,20,2,18,21,21,0,30,6,24,26,7,19,13,11,2,43,16,27
S01010200,259,123,136,7,3,4,16,8,8,22,12,10,34,5,29,37,34,3,35,3,32,35,13,22,27,25,2,46,20,26
S01010201,290,147,143,13,11,2,13,4,9,22,5,17,43,6,37,49,47,2,44,6,38,29,9,20,37,37,0,40,22,18
S01010202,201,92,109,10,3,7,13,8,5,16,8,8,17,3,14,21,20,1,33,4,29,23,4,19,13,13,0,55,29,26
S01010203,370,183,187,24,15,9,34,15,19,49,25,24,56,8,48,46,44,2,33,9,24,44,11,33,34,30,4,50,26,24
S01010204,253,97,156,5,1,4,16,7,9,16,4,12,18,3,15,25,21,4,49,10,39,28,5,23,17,16,1,79,30,49
S01010205,287,126,161,9,3,6,29,9,20,35,19,16,30,7,23,23,21,2,47,7,40,27,8,19,27,24,3,60,28,32
S01010206,43,25,18,3,2,1,3,2,1,3,1,2,2,0,2,7,7,0,4,2,2,2,1,1,2,1,1,17,9,8
S01010207,134,68,66,8,3,5,10,5,5,7,2,5,9,2,7,17,16,1,17,6,11,23,9,14,12,12,0,31,13,18
S01010208,471,236,235,28,14,14,46,27,19,71,32,39,79,22,57,49,40,9,47,5,42,43,16,27,35,32,3,73,48,25
S01010209,357,177,180,19,9,10,51,16,35,38,20,18,31,7,24,55,48,7,40,8,32,38,17,21,30,27,3,55,25,30
S01010210,349,157,192,16,10,6,50,19,31,45,14,31,40,8,32,41,36,5,37,10,27,43,11,32,29,28,1,48,21,27
S01010211,262,116,146,9,5,4,23,10,13,19,11,8,40,10,30,27,26,1,34,4,30,28,6,22,20,16,4,62,28,34
S01010212,342,167,175,8,4,4,22,11,11,24,10,14,38,14,24,40,34,6,49,11,38,47,11,36,26,24,2,88,48,40
S01010213,353,175,178,12,6,6,15,7,8,32,15,17,50,11,39,45,36,9,52,16,36,39,14,25,46,43,3,62,27,35
S01010214,440,210,230,26,9,17,41,19,22,49,28,21,64,14,50,49,41,8,54,7,47,51,16,35,48,42,6,58,34,24
S01010215,247,106,141,7,5,2,12,4,8,12,4,8,28,5,23,30,25,5,51,18,33,38,6,32,20,19,1,49,20,29
S01010216,215,108,107,7,0,7,16,5,11,21,13,8,14,7,7,19,18,1,39,7,32,27,11,16,13,13,0,59,34,25
S01010217,279,150,129,11,7,4,26,12,14,34,14,20,35,12,23,29,29,0,24,5,19,35,18,17,23,23,0,62,30,32
S01010218,452,234,218,17,7,10,50,15,35,55,28,27,52,13,39,43,42,1,59,19,40,54,21,33,42,37,5,80,52,28
S01010219,172,97,75,7,4,3,11,5,6,9,5,4,12,9,3,10,9,1,30,8,22,34,14,20,8,6,2,51,37,14
S01010220,339,200,139,30,24,6,99,52,47,67,45,22,30,15,15,20,16,4,18,7,11,39,19,20,12,12,0,24,10,14
S01010221,158,75,83,9,4,5,6,5,1,11,4,7,17,5,12,18,16,2,31,8,23,20,10,10,10,9,1,36,14,22
S01010222,234,128,106,11,9,2,20,10,10,21,16,5,36,10,26,45,39,6,29,7,22,24,4,20,15,15,0,33,18,15
S01010223,224,119,105,13,8,5,20,10,10,19,10,9,22,7,15,24,21,3,22,7,15,35,9,26,25,22,3,44,25,19
S01010224,318,146,172,11,6,5,25,12,13,28,15,13,26,6,20,28,23,5,51,6,45,41,20,21,24,22,2,84,36,48
S01010225,328,171,157,22,16,6,37,17,20,43,22,21,36,8,28,28,25,3,46,11,35,34,14,20,16,15,1,66,43,23
S01010226,239,129,110,12,7,5,24,9,15,11,4,7,10,3,7,26,25,1,29,7,22,30,15,15,13,12,1,84,47,37
S01010227,169,105,64,7,5,2,19,11,8,7,5,2,10,3,7,21,19,2,21,6,15,20,11,9,13,12,1,51,33,18
S01010228,217,92,125,6,3,3,7,2,5,20,7,13,23,1,22,24,23,1,32,9,23,31,5,26,21,20,1,53,22,31
S01010229,437,205,232,19,11,8,38,21,17,34,15,19,52,10,42,53,44,9,60,11,49,47,11,36,34,32,2,100,50,50
S01010230,324,205,119,8,4,4,28,17,11,26,15,11,22,12,10,17,16,1,41,11,30,31,17,14,20,17,3,131,96,35
S01010231,368,170,198,12,6,6,18,9,9,24,10,14,49,14,35,35,29,6,74,14,60,38,13,25,16,16,0,102,59,43
S01010232,392,194,198,16,13,3,24,12,12,28,7,21,37,15,22,31,26,5,54,12,42,50,17,33,25,23,2,127,69,58
S01010233,289,153,136,14,8,6,21,12,9,24,12,12,26,9,17,22,18,4,46,12,34,26,10,16,28,25,3,82,47,35
S01010234,515,269,246,33,19,14,134,64,70,85,44,41,56,25,31,34,29,5,37,11,26,49,19,30,25,22,3,62,36,26
S01010235,550,281,269,43,27,16,182,77,105,93,52,41,46,20,26,32,27,5,20,5,15,68,27,41,12,10,2,54,36,18
S01010236,410,211,199,23,11,12,104,52,52,72,43,29,45,15,30,40,34,6,31,7,24,43,18,25,9,9,0,43,22,21
S01010237,382,214,168,28,14,14,90,43,47,76,45,31,40,14,26,33,32,1,26,9,17,38,23,15,10,10,0,41,24,17
S01010238,474,247,227,33,17,16,94,49,45,84,49,35,50,19,31,36,31,5,39,11,28,59,25,34,19,18,1,60,28,32
S01010239,314,167,147,12,6,6,36,20,16,26,16,10,38,12,26,21,18,3,44,23,21,41,20,21,17,16,1,79,36,43
S01010240,358,161,197,22,13,9,58,24,34,72,30,42,47,11,36,22,21,1,31,8,23,37,14,23,16,14,2,53,26,27
S01010241,500,244,256,37,21,16,75,27,48,79,38,41,76,30,46,33,30,3,47,9,38,41,16,25,29,25,4,83,48,35
S01010242,368,186,182,18,11,7,46,22,24,47,23,24,53,19,34,26,18,8,37,14,23,58,25,33,26,24,2,57,30,27
S01010243,448,222,226,23,11,12,45,16,29,52,24,28,73,32,41,30,29,1,43,14,29,53,22,31,29,19,10,100,55,45
S01010244,238,122,116,16,7,9,26,9,17,20,14,6,26,10,16,25,21,4,29,8,21,34,11,23,14,13,1,48,29,19
S01010245,267,110,157,10,4,6,5,4,1,11,4,7,12,3,9,28,23,5,35,4,31,28,7,21,31,27,4,107,34,73
S01010246,304,158,146,11,6,5,18,9,9,21,9,12,26,13,13,35,34,1,40,6,34,39,10,29,26,24,2,88,47,41
S01010247,365,182,183,15,8,7,26,9,17,47,20,27,51,11,40,51,48,3,38,9,29,36,10,26,40,35,5,61,32,29
S01010248,515,253,262,35,20,15,159,72,87,94,54,40,46,15,31,30,25,5,32,12,20,58,22,36,14,12,2,47,21,26
S01010249,392,209,183,23,16,7,75,32,43,63,32,31,44,19,25,21,20,1,28,15,13,58,27,31,12,10,2,68,38,30
S01010250,476,242,234,32,18,14,135,60,75,76,39,37,49,17,32,26,22,4,26,13,13,65,27,38,16,12,4,51,34,17
S01010251,401,213,188,14,9,5,99,50,49,81,47,34,52,21,31,25,23,2,16,6,10,50,18,32,19,14,5,45,25,20
S01010252,353,186,167,19,14,5,88,47,41,77,45,32,42,13,29,21,20,1,18,2,16,46,24,22,8,5,3,34,16,18
S01010253,209,99,110,9,5,4,22,11,11,25,14,11,25,4,21,21,19,2,25,5,20,24,11,13,18,17,1,40,13,27
S01010254,471,235,236,20,9,11,57,32,25,65,30,35,57,16,41,52,44,8,53,18,35,80,30,50,25,22,3,62,34,28
S01010255,231,105,126,8,2,6,23,14,9,31,20,11,27,8,19,21,18,3,29,4,25,30,10,20,11,8,3,51,21,30
S01010256,329,149,180,10,3,7,28,11,17,39,20,19,41,13,28,28,24,4,53,14,39,42,14,28,33,29,4,55,21,34
S01010257,321,165,156,25,10,15,63,34,29,56,29,27,33,20,13,22,19,3,20,5,15,47,21,26,6,6,0,49,21,28
S01010258,464,237,227,25,18,7,127,67,60,83,47,36,34,13,21,14,12,2,21,6,15,96,39,57,3,2,1,61,33,28
S01010259,332,165,167,7,3,4,26,19,7,37,18,19,21,8,13,38,35,3,40,13,27,68,27,41,11,11,0,84,31,53
S01010260,659,371,288,52,34,18,162,106,56,83,49,34,61,26,35,31,30,1,30,11,19,124,44,80,19,15,4,97,56,41
S01010261,620,254,366,20,12,8,40,20,20,50,18,32,38,15,23,29,25,4,59,22,37,160,55,105,13,10,3,211,77,134
S01010262,259,134,125,13,5,8,21,11,10,27,13,14,21,7,14,26,25,1,30,14,16,42,19,23,16,15,1,63,25,38
S01010263,441,268,173,43,33,10,143,94,49,86,47,39,40,15,25,14,12,2,14,2,12,50,29,21,5,5,0,46,31,15
S01010264,470,249,221,42,29,13,143,80,63,76,37,39,41,15,26,21,17,4,26,10,16,58,22,36,7,7,0,56,32,24
S01010265,588,304,284,65,40,25,189,105,84,124,67,57,49,20,29,14,13,1,15,6,9,76,27,49,4,4,0,52,22,30
S01010266,251,135,116,31,14,17,71,36,35,35,25,10,19,10,9,12,11,1,11,4,7,31,13,18,4,3,1,37,19,18
S01010267,333,192,141,10,7,3,80,56,24,55,33,22,24,12,12,27,23,4,15,2,13,47,22,25,10,8,2,65,29,36
S01010268,390,196,194,20,13,7,103,52,51,70,37,33,43,20,23,16,11,5,13,6,7,55,20,35,9,8,1,61,29,32
S01010269,245,149,96,19,16,3,62,38,24,37,22,15,26,17,9,16,16,0,16,7,9,22,12,10,6,5,1,41,16,25
S01010270,381,223,158,26,19,7,85,44,41,57,43,14,47,21,26,21,20,1,18,9,9,37,18,19,19,17,2,71,32,39
S01010271,330,149,181,23,13,10,57,25,32,41,22,19,28,14,14,15,14,1,31,13,18,61,18,43,5,5,0,69,25,44
S01010272,437,276,161,34,22,12,119,84,35,58,37,21,41,18,23,25,22,3,33,22,11,53,21,32,17,15,2,57,35,22
S01010273,438,260,178,36,23,13,108,76,32,95,66,29,44,24,20,11,10,1,13,5,8,67,31,36,2,2,0,62,23,39
S01010274,355,234,121,34,25,9,112,73,39,65,48,17,19,9,10,17,15,2,20,12,8,45,21,24,5,4,1,38,27,11
S01010275,395,216,179,34,23,11,100,63,37,82,46,36,38,18,20,11,8,3,16,6,10,51,18,33,7,6,1,56,28,28
S01010276,661,413,248,94,68,26,236,150,86,145,85,60,56,20,36,23,23,0,18,5,13,42,25,17,17,17,0,30,20,10
S01010277,233,115,118,11,7,4,28,13,15,33,22,11,25,9,16,14,14,0,27,9,18,32,7,25,13,11,2,50,23,27
S01010278,273,144,129,12,9,3,37,16,21,35,22,13,19,4,15,38,35,3,33,10,23,31,13,18,19,18,1,49,17,32
S01010279,277,158,119,24,17,7,39,31,8,42,21,21,29,12,17,33,27,6,29,5,24,27,12,15,14,13,1,40,20,20
S01010280,476,276,200,38,25,13,111,67,44,92,57,35,45,26,19,18,13,5,31,11,20,65,35,30,9,9,0,67,33,34
S01010281,465,256,209,37,28,9,139,76,63,78,50,28,37,14,23,20,20,0,19,5,14,58,28,30,13,11,2,64,24,40
S01010282,496,273,223,29,15,14,153,79,74,82,43,39,35,14,21,52,48,4,25,10,15,38,20,18,14,12,2,68,32,36
S01010283,356,225,131,29,21,8,123,82,41,63,46,17,25,11,14,15,13,2,23,9,14,41,25,16,10,10,0,27,8,19
S01010284,654,312,342,32,23,9,259,115,144,133,69,64,59,16,43,27,23,4,29,10,19,55,23,32,13,11,2,47,22,25
S01010285,414,203,211,21,11,10,96,45,51,78,36,42,30,11,19,37,32,5,23,4,19,55,33,22,7,7,0,67,24,43
S01010286,495,270,225,33,23,10,145,79,66,76,45,31,38,19,19,15,13,2,50,21,29,49,18,31,17,12,5,72,40,32
S01010287,456,229,227,33,19,14,141,75,66,79,41,38,33,12,21,27,23,4,21,7,14,44,19,25,3,3,0,75,30,45
S01010288,456,245,211,45,35,10,157,83,74,86,47,39,46,15,31,15,13,2,9,3,6,36,12,24,7,7,0,55,30,25
S01010289,501,294,207,87,59,28,193,102,91,119,71,48,26,12,14,20,17,3,13,6,7,22,11,11,8,8,0,13,8,5
S01010290,280,160,120,24,14,10,79,40,39,60,40,20,20,11,9,12,8,4,8,2,6,30,14,16,9,8,1,38,23,15
S01010291,432,225,207,29,14,15,94,48,46,85,55,30,46,13,33,31,29,2,17,9,8,47,25,22,8,7,1,75,25,50
S01010292,483,242,241,29,16,13,162,90,72,87,42,45,34,15,19,18,15,3,30,14,16,59,18,41,4,3,1,60,29,31
S01010293,397,207,190,25,17,8,106,47,59,55,29,26,32,13,19,31,28,3,11,2,9,67,35,32,11,11,0,59,25,34
S01010294,302,144,158,15,8,7,74,32,42,46,35,11,24,10,14,22,21,1,14,0,14,41,11,30,9,7,2,57,20,37
S01010295,463,254,209,29,20,9,133,57,76,73,48,25,29,9,20,33,28,5,13,4,9,76,43,33,5,2,3,72,43,29
S01010296,287,155,132,21,17,4,63,30,33,41,23,18,21,9,12,23,18,5,13,4,9,50,17,33,10,9,1,45,28,17
S01010297,434,253,181,31,14,17,80,50,30,64,29,35,48,14,34,35,30,5,21,7,14,55,31,24,27,26,1,73,52,21
S01010298,376,175,201,16,8,8,84,42,42,77,36,41,31,13,18,27,21,6,35,8,27,34,17,17,8,6,2,64,24,40
S01010299,165,94,71,5,5,0,34,20,14,25,14,11,11,5,6,22,18,4,20,5,15,19,9,10,12,9,3,17,9,8
S01010300,394,212,182,21,13,8,78,37,41,66,37,29,30,14,16,26,20,6,40,12,28,66,36,30,10,10,0,57,33,24
S01010301,266,136,130,12,7,5,61,30,31,39,20,19,18,8,10,21,20,1,21,8,13,39,22,17,8,6,2,47,15,32
S01010302,171,100,71,6,4,2,27,12,15,18,10,8,20,9,11,22,22,0,16,8,8,22,11,11,7,7,0,33,17,16
S01010303,143,71,72,12,7,5,10,4,6,15,4,11,13,5,8,18,15,3,11,4,7,16,10,6,8,4,4,40,18,22
S01010304,214,113,101,7,6,1,38,20,18,35,19,16,27,9,18,16,15,1,18,3,15,32,15,17,8,5,3,33,21,12
S01010305,384,171,213,13,7,6,89,33,56,71,36,35,36,13,23,36,27,9,30,6,24,30,8,22,11,9,2,68,32,36
S01010306,412,207,205,22,9,13,143,66,77,67,38,29,44,16,28,24,22,2,23,10,13,37,20,17,15,12,3,37,14,23
S01010307,508,254,254,30,18,12,211,92,119,105,62,43,46,18,28,21,21,0,21,2,19,35,16,19,8,7,1,31,18,13
S01010308,536,269,267,32,19,13,224,113,111,109,48,61,45,14,31,23,19,4,20,6,14,36,20,16,12,12,0,35,18,17
S01010309,163,86,77,11,7,4,9,5,4,11,5,6,13,2,11,21,18,3,23,6,17,16,8,8,14,14,0,45,21,24
S01010310,267,133,134,9,3,6,13,7,6,28,12,16,25,12,13,42,40,2,30,6,24,45,17,28,15,11,4,60,25,35
S01010311,215,97,118,7,2,5,14,9,5,16,9,7,27,5,22,20,19,1,23,7,16,25,4,21,15,13,2,68,29,39
S01010312,257,131,126,8,2,6,11,8,3,13,9,4,25,10,15,29,23,6,49,8,41,34,11,23,30,28,2,58,32,26
S01010313,210,111,99,10,6,4,18,12,6,13,7,6,17,2,15,25,20,5,37,10,27,27,13,14,24,22,2,39,19,20
S01010314,438,222,216,12,7,5,62,28,34,69,39,30,50,16,34,28,24,4,60,13,47,53,20,33,26,25,1,78,50,28
S01010315,412,188,224,23,8,15,75,30,45,51,24,27,45,9,36,37,35,2,55,15,40,35,11,24,26,25,1,65,31,34
S01010316,210,88,122,11,7,4,37,12,25,20,12,8,20,7,13,14,12,2,41,6,35,22,8,14,6,5,1,39,19,20
S01010317,455,229,226,26,17,9,164,74,90,101,55,46,42,14,28,17,12,5,20,12,8,29,16,13,5,3,2,51,26,25
S01010318,432,204,228,33,22,11,48,27,21,50,32,18,41,8,33,15,13,2,37,19,18,94,27,67,14,11,3,100,45,55
S01010319,406,207,199,27,19,8,116,51,65,64,39,25,50,12,38,25,23,2,31,7,24,26,11,15,15,14,1,52,31,21
S01010320,317,164,153,20,13,7,93,47,46,48,27,21,36,8,28,22,19,3,23,8,15,32,15,17,7,6,1,36,21,15
S01010321,386,193,193,14,7,7,102,42,60,56,29,27,40,18,22,34,28,6,28,5,23,41,24,17,9,8,1,62,32,30
S01010322,646,313,333,34,18,16,281,135,146,127,64,63,56,16,40,32,24,8,22,8,14,38,19,19,9,8,1,47,21,26
S01010323,178,85,93,6,2,4,14,7,7,13,2,11,11,2,9,10,7,3,25,7,18,17,5,12,15,13,2,67,40,27
S01010324,256,125,131,10,5,5,5,3,2,14,5,9,31,7,24,25,21,4,40,11,29,32,12,20,27,24,3,72,37,35
S01010325,283,141,142,11,3,8,11,7,4,29,11,18,31,7,24,36,29,7,41,10,31,35,12,23,31,26,5,58,36,22
S01010326,262,104,158,12,6,6,14,6,8,24,8,16,22,5,17,27,23,4,46,12,34,30,4,26,22,18,4,65,22,43
S01010327,383,169,214,21,9,12,42,16,26,36,15,21,41,7,34,39,36,3,57,13,44,31,10,21,34,30,4,82,33,49
S01010328,407,198,209,21,5,16,38,16,22,43,24,19,37,5,32,69,59,10,58,10,48,45,15,30,41,40,1,55,24,31
S01010329,242,120,122,9,5,4,20,7,13,29,13,16,30,7,23,31,26,5,29,6,23,23,11,12,23,23,0,48,22,26
S01010330,203,98,105,6,2,4,11,6,5,15,7,8,19,5,14,32,32,0,27,2,25,28,6,22,24,21,3,41,17,24
S01010331,313,151,162,17,8,9,13,5,8,27,13,14,35,10,25,44,40,4,56,17,39,25,7,18,31,26,5,65,25,40
S01010332,236,99,137,11,4,7,11,2,9,20,8,12,31,4,27,28,25,3,26,4,22,43,12,31,25,24,1,41,16,25
S01010333,388,181,207,19,6,13,20,10,10,34,9,25,46,7,39,46,43,3,66,15,51,47,20,27,35,31,4,75,40,35
S01010334,412,185,227,14,7,7,33,6,27,50,13,37,51,8,43,62,57,5,56,10,46,38,11,27,47,39,8,61,34,27
S01010335,264,135,129,10,5,5,14,6,8,21,8,13,34,15,19,37,28,9,40,9,31,28,9,19,20,19,1,60,36,24
S01010336,188,73,115,7,3,4,10,7,3,9,6,3,23,3,20,12,11,1,30,6,24,37,10,27,13,13,0,47,14,33
S01010337,246,107,139,6,3,3,10,3,7,11,6,5,34,9,25,24,22,2,54,6,48,36,11,25,32,29,3,39,18,21
S01010338,223,99,124,3,1,2,14,6,8,19,9,10,18,5,13,27,25,2,44,4,40,25,6,19,20,18,2,53,25,28
S01010339,226,100,126,6,2,4,12,6,6,23,8,15,24,5,19,22,18,4,38,7,31,29,5,24,20,19,1,52,30,22
S01010340,305,144,161,14,6,8,15,6,9,26,9,17,40,8,32,28,25,3,52,18,34,37,14,23,16,15,1,77,43,34
S01010341,257,120,137,17,10,7,23,6,17,26,15,11,33,2,31,37,34,3,29,4,25,35,11,24,20,20,0,37,18,19
S01010342,384,190,194,23,16,7,34,10,24,49,16,33,46,12,34,59,55,4,55,8,47,35,10,25,41,40,1,42,23,19
S01010343,564,274,290,38,19,19,57,19,38,74,31,43,109,21,88,74,72,2,52,11,41,55,19,36,48,46,2,57,36,21
S01010344,232,115,117,6,1,5,13,5,8,12,3,9,23,6,17,26,23,3,31,5,26,36,10,26,25,22,3,60,40,20
S01010345,253,119,134,40,25,15,62,24,38,41,19,22,25,4,21,22,21,1,21,2,19,11,4,7,17,14,3,14,6,8
S01010346,559,273,286,42,28,14,113,42,71,75,34,41,75,17,58,60,58,2,56,15,41,47,18,29,34,32,2,57,29,28
S01010347,399,183,216,32,20,12,39,20,19,38,14,24,38,9,29,49,42,7,51,7,44,56,20,36,24,21,3,72,30,42
S01010348,430,198,232,18,10,8,40,14,26,46,20,26,53,12,41,54,49,5,57,13,44,69,25,44,29,25,4,64,30,34
S01010349,361,163,198,11,4,7,24,8,16,40,21,19,42,4,38,43,42,1,63,14,49,45,14,31,40,38,2,53,18,35
S01010350,312,137,175,18,10,8,13,5,8,32,14,18,32,10,22,31,28,3,63,13,50,31,4,27,26,23,3,66,30,36
S01010351,405,181,224,25,12,13,46,16,30,50,22,28,49,11,38,50,43,7,65,18,47,36,9,27,22,21,1,62,29,33
S01010352,192,87,105,8,3,5,17,4,13,20,7,13,22,8,14,16,13,3,27,8,19,21,5,16,19,16,3,42,23,19
S01010353,252,135,117,7,3,4,21,9,12,18,10,8,21,4,17,40,34,6,41,10,31,29,9,20,14,14,0,61,42,19
S01010354,289,135,154,14,8,6,35,18,17,34,17,17,28,8,20,25,19,6,34,5,29,50,17,33,13,13,0,56,30,26
S01010355,319,170,149,16,9,7,33,20,13,38,20,18,38,10,28,39,36,3,38,7,31,28,7,21,25,25,0,64,36,28
S01010356,369,179,190,18,16,2,50,18,32,49,22,27,55,13,42,45,38,7,34,8,26,37,10,27,33,32,1,48,22,26
S01010357,217,102,115,12,5,7,18,8,10,25,12,13,30,7,23,20,19,1,30,3,27,30,14,16,22,20,2,30,14,16
S01010358,282,139,143,9,4,5,22,12,10,19,10,9,26,6,20,31,28,3,49,3,46,41,21,20,19,17,2,66,38,28
S01010359,238,117,121,16,11,5,19,9,10,10,6,4,26,5,21,21,19,2,20,8,12,30,8,22,19,18,1,77,33,44
S01010360,210,106,104,6,4,2,36,12,24,25,12,13,21,7,14,21,19,2,24,7,17,20,8,12,12,12,0,45,25,20
S01010361,184,93,91,7,5,2,17,13,4,11,6,5,20,2,18,12,11,1,29,8,21,25,12,13,10,8,2,53,28,25
S01010362,261,157,104,5,3,2,29,12,17,22,12,10,27,9,18,18,17,1,29,9,20,34,19,15,32,32,0,65,44,21
S01010363,415,218,197,30,18,12,150,73,77,72,42,30,38,10,28,26,24,2,27,9,18,33,17,16,11,8,3,28,17,11
S01010364,461,245,216,54,39,15,158,73,85,67,39,28,52,14,38,32,32,0,19,3,16,29,12,17,16,13,3,34,20,14
S01010365,556,276,280,81,51,30,227,105,122,94,49,45,45,12,33,26,24,2,22,2,20,34,13,21,13,13,0,14,7,7
S01010366,578,291,287,50,28,22,226,107,119,97,51,46,42,10,32,39,32,7,29,9,20,32,15,17,21,19,2,42,20,22
S01010367,625,311,314,72,53,19,246,107,139,92,49,43,33,10,23,21,19,2,42,11,31,56,28,28,11,9,2,52,25,27
S01010368,388,196,192,57,38,19,166,77,89,66,35,31,36,10,26,10,8,2,9,3,6,23,9,14,6,6,0,15,10,5
S01010369,473,233,240,25,18,7,166,69,97,88,47,41,39,12,27,26,23,3,31,11,20,42,21,21,12,10,2,44,22,22
S01010370,433,227,206,43,27,16,192,98,94,85,46,39,32,17,15,17,14,3,11,2,9,21,6,15,8,7,1,24,10,14
S01010371,565,271,294,58,32,26,220,112,108,125,57,68,53,22,31,18,13,5,10,4,6,32,9,23,7,6,1,42,16,26
S01010372,315,155,160,23,14,9,132,61,71,56,30,26,24,10,14,17,13,4,13,2,11,21,10,11,6,6,0,23,9,14
S01010373,429,213,216,25,13,12,192,88,104,78,38,40,32,8,24,16,15,1,11,1,10,34,22,12,8,8,0,33,20,13
S01010374,523,247,276,51,27,24,225,100,125,102,59,43,35,11,24,24,19,5,11,1,10,35,15,20,6,5,1,34,10,24
S01010375,222,98,124,20,13,7,73,29,44,29,14,15,14,6,8,9,9,0,5,2,3,34,8,26,2,0,2,36,17,19
S01010376,348,190,158,33,19,14,109,51,58,67,41,26,32,17,15,9,8,1,13,3,10,30,16,14,5,5,0,50,30,20
S01010377,386,174,212,24,14,10,116,60,56,68,32,36,27,12,15,13,12,1,25,6,19,52,13,39,5,5,0,56,20,36
S01010378,297,123,174,17,11,6,106,43,63,54,23,31,16,4,12,6,6,0,14,5,9,36,8,28,3,3,0,45,20,25
S01010379,456,227,229,29,17,12,130,56,74,76,52,24,24,11,13,13,13,0,34,12,22,60,28,32,7,6,1,83,32,51
S01010380,533,238,295,42,21,21,208,88,120,108,55,53,38,10,28,20,15,5,19,4,15,44,19,25,9,7,2,45,19,26
S01010381,348,183,165,16,10,6,130,61,69,53,30,23,33,20,13,17,15,2,28,9,19,34,18,16,5,4,1,32,16,16
S01010382,500,253,247,34,24,10,174,80,94,79,37,42,41,19,22,28,26,2,26,8,18,48,19,29,8,7,1,62,33,29
S01010383,285,145,140,13,10,3,49,19,30,51,28,23,34,11,23,18,12,6,27,12,15,38,18,20,13,11,2,42,24,18
S01010384,497,244,253,38,23,15,189,95,94,98,49,49,33,9,24,25,21,4,20,7,13,46,11,35,7,6,1,41,23,18
S01010385,443,211,232,18,12,6,136,63,73,95,52,43,51,13,38,21,17,4,35,7,28,31,14,17,8,7,1,48,26,22
S01010386,409,209,200,20,12,8,94,38,56,72,37,35,39,17,22,30,24,6,37,11,26,39,19,20,14,13,1,64,38,26
S01010387,588,322,266,53,32,21,189,97,92,96,61,35,40,19,21,41,38,3,28,8,20,56,22,34,15,13,2,70,32,38
S01010388,489,237,252,14,10,4,109,54,55,75,41,34,67,13,54,40,34,6,53,15,38,46,16,30,25,23,2,60,31,29
S01010389,696,401,295,77,46,31,280,138,142,148,112,36,42,12,30,36,36,0,29,7,22,46,25,21,10,8,2,28,17,11
S01010390,721,355,366,49,25,24,232,99,133,130,70,60,86,27,59,40,33,7,52,15,37,62,33,29,15,13,2,55,40,15
S01010391,503,249,254,26,12,14,138,57,81,95,54,41,44,11,33,42,40,2,51,17,34,44,19,25,23,22,1,40,17,23
S01010392,489,298,191,81,55,26,173,98,75,116,82,34,41,14,27,23,20,3,12,4,8,23,11,12,3,2,1,17,12,5
S01010393,634,307,327,38,22,16,208,98,110,133,72,61,61,19,42,27,22,5,32,5,27,74,32,42,11,9,2,50,28,22
S01010394,309,149,160,17,9,8,70,30,40,50,21,29,37,8,29,22,21,1,31,9,22,26,8,18,20,19,1,36,24,12
S01010395,538,274,264,32,17,15,165,82,83,99,49,50,62,18,44,34,30,4,34,14,20,42,18,24,19,17,2,51,29,22
S01010396,533,266,267,37,23,14,187,97,90,81,45,36,46,13,33,32,27,5,34,10,24,47,16,31,8,7,1,61,28,33
S01010397,320,146,174,25,15,10,144,57,87,48,25,23,22,4,18,17,13,4,16,4,12,24,16,8,5,4,1,19,8,11
S01010398,648,313,335,54,30,24,272,123,149,115,65,50,56,14,42,37,32,5,29,6,23,47,22,25,9,9,0,29,12,17
S01010399,735,376,359,76,48,28,377,191,186,124,61,63,46,20,26,14,11,3,20,7,13,37,15,22,8,7,1,33,16,17
S01010400,629,313,316,67,34,33,301,137,164,93,50,43,35,8,27,24,24,0,20,7,13,34,17,17,6,6,0,49,30,19
S01010401,366,192,174,42,24,18,154,76,78,65,38,27,28,10,18,12,11,1,12,5,7,29,13,16,7,7,0,17,8,9
S01010402,627,315,312,79,41,38,308,145,163,90,48,42,40,11,29,15,12,3,16,10,6,46,24,22,4,4,0,29,20,9
S01010403,577,300,277,68,40,28,300,150,150,103,54,49,35,12,23,21,17,4,14,6,8,16,8,8,3,2,1,17,11,6
S01010404,447,236,211,65,47,18,184,91,93,91,48,43,32,8,24,12,11,1,14,3,11,20,9,11,9,8,1,20,11,9
S01010405,485,259,226,57,38,19,247,124,123,86,50,36,29,16,13,14,13,1,17,3,14,16,6,10,5,3,2,14,6,8
S01010406,495,260,235,59,33,26,199,93,106,89,56,33,29,10,19,18,15,3,21,8,13,32,17,15,9,6,3,39,22,17
S01010407,424,192,232,40,24,16,130,53,77,70,38,32,26,10,16,15,14,1,24,4,20,53,24,29,4,3,1,62,22,40
S01010408,233,123,110,31,17,14,78,38,40,29,15,14,27,8,19,17,16,1,14,4,10,15,10,5,7,7,0,15,8,7
S01010409,329,171,158,44,26,18,115,52,63,56,33,23,32,12,20,20,16,4,14,7,7,24,8,16,10,10,0,14,7,7
S01010410,302,154,148,38,27,11,133,60,73,40,25,15,34,9,25,12,12,0,8,2,6,18,7,11,10,7,3,9,5,4
S01010411,509,276,233,63,44,19,236,118,118,81,46,35,47,14,33,26,21,5,15,3,12,19,8,11,8,8,0,14,14,0
S01010412,490,267,223,60,41,19,217,107,110,81,49,32,41,23,18,10,9,1,19,4,15,23,10,13,5,4,1,34,20,14
S01010413,302,157,145,47,30,17,134,64,70,42,22,20,24,7,17,13,10,3,11,4,7,15,7,8,7,7,0,9,6,3
S01010414,512,263,249,59,37,22,205,104,101,81,46,35,52,13,39,20,18,2,33,6,27,27,15,12,9,9,0,26,15,11
S01010415,434,227,207,40,22,18,94,44,50,64,41,23,51,15,36,42,34,8,36,8,28,46,15,31,27,25,2,34,23,11
S01010416,355,187,168,49,31,18,149,67,82,47,30,17,27,10,17,15,12,3,21,8,13,17,7,10,12,10,2,18,12,6
S01010417,327,146,181,32,22,10,143,56,87,51,27,24,36,6,30,6,6,0,18,7,11,19,10,9,5,3,2,17,9,8
S01010418,657,308,349,59,29,30,323,145,178,121,62,59,51,15,36,24,23,1,24,3,21,37,20,17,3,3,0,15,8,7
S01010419,559,268,291,64,37,27,278,125,153,93,45,48,44,12,32,15,15,0,17,6,11,19,8,11,10,10,0,19,10,9
S01010420,314,166,148,31,21,10,114,56,58,49,30,19,32,7,25,15,13,2,12,1,11,21,10,11,15,13,2,25,15,10
S01010421,425,216,209,45,35,10,191,88,103,57,31,26,43,11,32,19,14,5,17,3,14,31,19,12,6,6,0,16,9,7
S01010422,509,246,263,55,32,23,186,74,112,82,44,38,47,10,37,33,32,1,25,7,18,34,19,15,12,10,2,35,18,17
S01010423,357,172,185,14,7,7,64,31,33,49,30,19,39,15,24,47,34,13,41,3,38,35,14,21,22,19,3,46,19,27
S01010424,339,168,171,15,6,9,59,27,32,54,33,21,41,13,28,28,25,3,40,10,30,41,14,27,17,16,1,44,24,20
S01010425,458,200,258,26,12,14,70,18,52,66,30,36,41,12,29,39,38,1,67,16,51,59,19,40,19,16,3,71,39,32
S01010426,345,172,173,17,10,7,77,33,44,50,24,26,46,13,33,28,27,1,38,8,30,36,19,17,16,15,1,37,23,14
S01010427,314,172,142,16,10,6,50,27,23,30,15,15,32,7,25,38,36,2,35,8,27,28,10,18,26,24,2,59,35,24
S01010428,340,173,167,27,18,9,118,59,59,69,37,32,38,8,30,23,20,3,17,4,13,20,9,11,9,7,2,19,11,8
S01010429,526,258,268,42,27,15,226,107,119,92,48,44,43,10,33,26,24,2,37,5,32,27,12,15,9,9,0,24,16,8
S01010430,327,160,167,17,7,10,23,4,19,28,14,14,36,9,27,38,35,3,35,12,23,39,11,28,34,31,3,77,37,40
S01010431,358,187,171,42,28,14,146,73,73,61,31,30,30,8,22,16,13,3,15,6,9,16,5,11,9,8,1,23,15,8
S01010432,391,194,197,21,12,9,44,13,31,34,17,17,59,19,40,52,46,6,52,14,38,45,22,23,16,15,1,68,36,32
S01010433,206,129,77,6,5,1,17,10,7,4,2,2,13,3,10,36,35,1,25,5,20,24,11,13,22,19,3,59,39,20
S01010434,235,117,118,11,5,6,25,11,14,31,12,19,22,7,15,32,32,0,29,4,25,20,6,14,19,18,1,46,22,24
S01010435,277,140,137,7,4,3,33,16,17,29,17,12,46,10,36,36,31,5,31,4,27,27,9,18,27,24,3,41,25,16
S01010436,329,160,169,23,8,15,50,15,35,21,9,12,51,21,30,33,32,1,32,9,23,39,13,26,21,20,1,59,33,26
S01010437,222,104,118,12,8,4,23,10,13,18,8,10,27,4,23,18,16,2,45,9,36,23,13,10,21,21,0,35,15,20
S01010438,327,146,181,15,8,7,52,16,36,33,17,16,31,8,23,38,36,2,49,11,38,35,9,26,24,20,4,50,21,29
S01010439,484,216,268,21,17,4,60,28,32,61,21,40,65,10,55,64,53,11,69,11,58,35,20,15,31,24,7,78,32,46
S01010440,238,105,133,12,7,5,34,10,24,29,11,18,31,10,21,25,21,4,40,10,30,20,7,13,13,12,1,34,17,17
S01010441,532,243,289,39,19,20,88,36,52,100,47,53,76,19,57,54,51,3,59,15,44,38,14,24,24,22,2,54,20,34
S01010442,392,172,220,21,8,13,43,18,25,53,23,30,53,11,42,44,39,5,46,5,41,48,14,34,12,11,1,72,43,29
S01010443,240,105,135,24,11,13,21,5,16,19,11,8,26,6,20,29,25,4,38,7,31,26,6,20,23,19,4,34,15,19
S01010444,262,122,140,11,5,6,22,6,16,32,18,14,30,5,25,29,26,3,50,10,40,28,11,17,22,20,2,38,21,17
S01010445,306,152,154,9,2,7,28,11,17,39,19,20,38,7,31,41,38,3,52,14,38,22,7,15,31,29,2,46,25,21
S01010446,403,206,197,29,20,9,49,24,25,44,29,15,44,5,39,63,58,5,51,8,43,47,11,36,34,31,3,42,20,22
S01010447,349,165,184,19,11,8,30,14,16,31,16,15,47,5,42,41,37,4,59,8,51,33,10,23,35,33,2,54,31,23
S01010448,400,199,201,39,21,18,52,27,25,53,25,28,60,6,54,40,40,0,48,16,32,46,19,27,25,24,1,37,21,16
S01010449,293,137,156,14,5,9,35,13,22,37,18,19,34,8,26,36,31,5,38,7,31,30,7,23,24,21,3,45,27,18
S01010450,318,155,163,16,7,9,39,11,28,42,24,18,36,4,32,43,41,2,46,8,38,31,11,20,25,25,0,40,24,16
S01010451,281,147,134,15,11,4,46,24,22,31,15,16,24,3,21,32,29,3,41,11,30,31,14,17,21,19,2,40,21,19
S01010452,328,163,165,15,11,4,44,20,24,41,21,20,52,8,44,43,41,2,43,10,33,30,13,17,20,19,1,40,20,20
S01010453,234,123,111,7,5,2,32,14,18,24,13,11,27,14,13,35,31,4,31,7,24,14,7,7,13,13,0,51,19,32
S01010454,328,152,176,18,9,9,40,14,26,30,19,11,55,12,43,41,38,3,45,7,38,27,7,20,32,31,1,40,15,25
S01010455,302,153,149,8,4,4,22,8,14,31,16,15,50,7,43,32,30,2,45,17,28,33,16,17,28,22,6,53,33,20
S01010456,228,107,121,13,5,8,29,9,20,31,16,15,39,10,29,31,27,4,32,6,26,13,4,9,20,17,3,20,13,7
S01010457,243,118,125,16,12,4,37,16,21,28,16,12,37,6,31,21,19,2,37,9,28,20,7,13,14,13,1,33,20,13
S01010458,252,120,132,17,11,6,25,12,13,22,16,6,41,8,33,28,26,2,50,11,39,22,8,14,9,9,0,38,19,19
S01010459,197,99,98,10,6,4,37,14,23,23,13,10,25,5,20,21,20,1,23,3,20,22,10,12,16,15,1,20,13,7
S01010460,384,199,185,49,34,15,146,66,80,64,31,33,29,3,26,30,29,1,13,2,11,16,5,11,15,15,0,22,14,8
S01010461,245,124,121,15,9,6,44,18,26,28,15,13,29,7,22,25,23,2,28,11,17,23,6,17,14,12,2,39,23,16
S01010462,187,105,82,4,2,2,11,3,8,11,6,5,11,2,9,26,24,2,20,4,16,20,12,8,15,14,1,69,38,31
S01010463,350,175,175,22,12,10,72,35,37,51,21,30,32,5,27,31,30,1,39,7,32,30,13,17,28,26,2,45,26,19
S01010464,237,114,123,10,7,3,45,13,32,25,16,9,46,12,34,23,22,1,27,5,22,28,9,19,20,20,0,13,10,3
S01010465,572,260,312,35,21,14,157,50,107,109,58,51,67,22,45,47,43,4,45,8,37,54,18,36,24,21,3,34,19,15
S01010466,531,257,274,55,31,24,162,63,99,105,59,46,62,18,44,30,29,1,40,12,28,31,13,18,13,11,2,33,21,12
S01010467,356,183,173,35,25,10,117,56,61,61,40,21,44,8,36,22,21,1,18,4,14,32,13,19,10,9,1,17,7,10
S01010468,492,235,257,44,34,10,161,76,85,71,41,30,57,11,46,24,19,5,30,7,23,54,24,30,12,10,2,39,13,26
S01010469,273,145,128,23,11,12,80,39,41,46,23,23,29,14,15,16,15,1,25,7,18,26,15,11,12,12,0,16,9,7
S01010470,332,159,173,28,17,11,53,22,31,42,19,23,46,9,37,42,36,6,39,9,30,31,11,20,17,16,1,34,20,14
S01010471,256,126,130,20,9,11,45,16,29,24,14,10,27,7,20,27,26,1,24,4,20,32,13,19,14,12,2,43,25,18
S01010472,322,152,170,23,11,12,115,47,68,64,41,23,25,7,18,15,14,1,24,4,20,17,5,12,19,15,4,20,8,12
S01010473,407,196,211,36,19,17,94,41,53,67,35,32,57,14,43,25,23,2,40,12,28,36,17,19,20,18,2,32,17,15
S01010474,432,231,201,23,16,7,131,56,75,67,38,29,36,16,20,40,38,2,33,8,25,39,20,19,15,14,1,48,25,23
S01010475,435,212,223,45,25,20,136,54,82,91,52,39,48,12,36,27,26,1,22,4,18,36,15,21,12,12,0,18,12,6
S01010476,458,216,242,37,19,18,120,50,70,74,41,33,65,14,51,42,38,4,33,7,26,34,10,24,14,13,1,39,24,15
S01010477,339,160,179,10,5,5,45,15,30,47,22,25,60,15,45,43,37,6,39,10,29,34,16,18,21,19,2,40,21,19
S01010478,416,211,205,19,14,5,41,15,26,47,24,23,50,6,44,37,34,3,59,17,42,64,29,35,33,32,1,66,40,26
S01010479,416,198,218,13,8,5,56,21,35,48,20,28,54,15,39,52,48,4,63,12,51,34,8,26,42,39,3,54,27,27
S01010480,234,123,111,19,14,5,39,17,22,42,19,23,31,6,25,25,23,2,23,7,16,17,9,8,17,17,0,21,11,10
S01010481,205,100,105,7,4,3,9,2,7,18,7,11,20,8,12,27,23,4,29,5,24,35,13,22,18,14,4,42,24,18
S01010482,323,155,168,22,14,8,46,15,31,38,22,16,37,8,29,32,31,1,32,7,25,36,10,26,33,29,4,47,19,28
S01010483,440,222,218,31,16,15,71,30,41,66,31,35,49,12,37,48,46,2,57,20,37,33,12,21,30,28,2,55,27,28
S01010484,246,115,131,9,5,4,31,10,21,31,18,13,33,8,25,36,35,1,35,5,30,24,4,20,14,13,1,33,17,16
S01010485,432,215,217,37,22,15,66,28,38,54,29,25,61,10,51,53,47,6,56,8,48,33,20,13,36,33,3,36,18,18
S01010486,495,250,245,41,30,11,77,30,47,73,37,36,77,16,61,72,68,4,46,10,36,38,9,29,35,33,2,36,17,19
S01010487,436,212,224,21,14,7,45,16,29,47,23,24,68,12,56,53,47,6,66,16,50,30,13,17,37,34,3,69,37,32
S01010488,281,136,145,8,2,6,14,7,7,27,15,12,31,8,23,36,32,4,43,7,36,37,17,20,21,16,5,64,32,32
S01010489,381,182,199,18,6,12,19,9,10,44,22,22,52,14,38,51,49,2,56,9,47,53,17,36,27,23,4,61,33,28
S01010490,224,98,126,11,5,6,21,11,10,13,8,5,30,8,22,23,22,1,30,1,29,37,12,25,16,14,2,43,17,26
S01010491,273,114,159,9,3,6,13,2,11,19,13,6,25,4,21,30,24,6,58,14,44,34,5,29,23,19,4,62,30,32
S01010492,137,59,78,10,5,5,6,3,3,6,3,3,10,1,9,14,14,0,22,4,18,15,2,13,13,11,2,41,16,25
S01010493,192,87,105,3,1,2,5,3,2,11,5,6,21,4,17,16,14,2,34,9,25,26,14,12,20,18,2,56,19,37
S01010494,268,127,141,11,3,8,26,6,20,18,13,5,39,7,32,38,36,2,38,5,33,19,6,13,33,29,4,46,22,24
S01010495,280,123,157,9,4,5,12,5,7,15,8,7,26,6,20,31,31,0,53,8,45,27,6,21,24,17,7,83,38,45
S01010496,261,109,152,6,3,3,14,5,9,16,4,12,31,4,27,36,29,7,45,11,34,27,12,15,27,23,4,59,18,41
S01010497,281,129,152,12,5,7,9,3,6,29,16,13,38,7,31,31,28,3,38,12,26,44,15,29,30,26,4,50,17,33
S01010498,274,110,164,8,0,8,14,7,7,12,5,7,33,7,26,25,21,4,43,6,37,39,11,28,27,24,3,73,29,44
S01010499,174,93,81,5,3,2,4,0,4,8,5,3,13,6,7,23,22,1,25,7,18,37,15,22,20,17,3,39,18,21
S01010500,336,146,190,20,13,7,24,8,16,31,15,16,38,8,30,34,31,3,48,8,40,41,12,29,23,20,3,77,31,46
S01010501,367,165,202,16,8,8,23,8,15,31,12,19,47,10,37,45,42,3,54,10,44,37,8,29,44,36,8,70,31,39
S01010502,394,184,210,15,8,7,22,6,16,38,19,19,54,11,43,51,42,9,53,15,38,42,10,32,46,41,5,73,32,41
S01010503,240,108,132,9,3,6,9,3,6,14,3,11,35,11,24,22,19,3,39,8,31,31,11,20,22,19,3,59,31,28
S01010504,258,135,123,49,25,24,35,10,25,31,18,13,22,5,17,55,44,11,21,4,17,4,1,3,12,11,1,29,17,12
S01010505,282,148,134,29,18,11,40,17,23,25,9,16,16,0,16,58,46,12,33,4,29,13,6,7,31,28,3,37,20,17
S01010506,442,233,209,72,32,40,58,17,41,46,29,17,32,3,29,107,93,14,45,5,40,13,3,10,33,31,2,36,20,16
S01010507,415,216,199,41,17,24,26,11,15,40,28,12,32,6,26,89,73,16,57,9,48,26,6,20,48,44,4,56,22,34
S01010508,495,262,233,57,28,29,65,25,40,43,27,16,33,4,29,75,65,10,58,14,44,24,3,21,61,55,6,79,41,38
S01010509,538,284,254,55,35,20,81,33,48,59,33,26,51,4,47,100,83,17,47,9,38,26,4,22,48,41,7,71,42,29
S01010510,383,196,187,35,22,13,60,20,40,33,17,16,36,4,32,56,51,5,47,11,36,36,10,26,40,38,2,40,23,17
S01010511,426,218,208,24,13,11,22,8,14,18,8,10,44,4,40,80,72,8,36,3,33,41,6,35,70,67,3,91,37,54
S01010512,269,136,133,23,17,6,29,8,21,22,12,10,25,1,24,44,41,3,28,5,23,34,7,27,32,28,4,32,17,15
S01010513,416,223,193,50,26,24,65,24,41,45,29,16,38,2,36,70,63,7,37,7,30,27,9,18,46,43,3,38,20,18
S01010514,360,179,181,19,10,9,25,8,17,22,12,10,33,6,27,56,53,3,39,3,36,50,13,37,42,42,0,74,32,42
S01010515,408,206,202,16,7,9,36,9,27,19,12,7,30,6,24,66,58,8,42,6,36,48,8,40,65,61,4,86,39,47
S01010516,329,174,155,90,46,44,39,10,29,34,25,9,27,4,23,47,44,3,19,4,15,16,4,12,11,10,1,46,27,19
S01010517,432,240,192,50,27,23,63,30,33,36,25,11,34,1,33,81,68,13,32,6,26,33,12,21,46,41,5,57,30,27
S01010518,368,209,159,37,23,14,38,17,21,33,22,11,34,7,27,70,62,8,34,6,28,29,8,21,44,37,7,49,27,22
S01010519,373,190,183,31,18,13,39,19,20,30,17,13,35,1,34,54,49,5,38,10,28,42,6,36,42,38,4,62,32,30
S01010520,495,255,240,41,25,16,60,25,35,35,23,12,55,4,51,87,77,10,60,12,48,49,11,38,47,46,1,61,32,29
S01010521,401,209,192,42,24,18,29,11,18,43,25,18,31,1,30,62,56,6,57,13,44,35,7,28,49,47,2,53,25,28
S01010522,303,162,141,36,13,23,25,12,13,19,11,8,17,3,14,54,49,5,29,4,25,30,10,20,30,27,3,63,33,30
S01010523,277,129,148,19,9,10,14,6,8,12,5,7,15,6,9,41,36,5,28,5,23,40,10,30,34,30,4,74,22,52
S01010524,288,152,136,58,30,28,51,17,34,25,17,8,21,3,18,51,47,4,24,5,19,14,1,13,20,19,1,24,13,11
S01010525,309,179,130,60,32,28,36,17,19,29,21,8,23,4,19,54,48,6,25,5,20,12,5,7,24,20,4,46,27,19
S01010526,413,225,188,57,25,32,63,30,33,34,21,13,40,6,34,74,68,6,46,10,36,22,7,15,34,34,0,43,24,19
S01010527,414,212,202,38,22,16,38,11,27,34,20,14,41,7,34,68,57,11,52,8,44,30,10,20,43,40,3,70,37,33
S01010528,328,189,139,44,28,16,57,26,31,37,21,16,19,4,15,63,58,5,23,8,15,25,7,18,16,11,5,44,26,18
S01010529,369,193,176,67,41,26,51,22,29,29,18,11,31,1,30,50,45,5,37,6,31,26,4,22,35,32,3,43,24,19
S01010530,354,187,167,85,48,37,40,16,24,34,19,15,36,3,33,54,49,5,25,1,24,18,6,12,20,18,2,42,27,15
S01010531,587,304,283,97,53,44,75,30,45,50,33,17,57,8,49,108,94,14,62,10,52,42,13,29,31,29,2,65,34,31
S01010532,279,154,125,38,19,19,40,19,21,25,10,15,18,3,15,64,55,9,32,9,23,8,2,6,20,18,2,34,19,15
S01010533,284,158,126,44,26,18,49,24,25,24,12,12,25,4,21,40,37,3,30,14,16,19,7,12,12,12,0,41,22,19
S01010534,448,223,225,47,29,18,64,26,38,43,17,26,31,3,28,73,64,9,68,18,50,37,9,28,35,35,0,50,22,28
S01010535,356,188,168,60,38,22,55,21,34,54,29,25,30,3,27,59,52,7,38,11,27,18,3,15,17,13,4,25,18,7
S01010536,449,226,223,60,32,28,30,14,16,39,27,12,45,7,38,75,64,11,47,8,39,40,12,28,29,27,2,84,35,49
S01010537,487,259,228,48,28,20,37,15,22,42,28,14,40,6,34,83,71,12,44,7,37,47,14,33,33,33,0,113,57,56
S01010538,442,220,222,45,26,19,49,19,30,56,30,26,45,6,39,56,50,6,45,7,38,48,16,32,38,36,2,60,30,30
S01010539,717,377,340,94,58,36,63,19,44,101,66,35,67,11,56,104,90,14,73,22,51,58,15,43,40,38,2,117,58,59
S01010540,322,164,158,39,23,16,58,21,37,30,17,13,29,3,26,61,53,8,40,5,35,12,6,6,17,15,2,36,21,15
S01010541,453,218,235,57,33,24,75,26,49,62,33,29,39,7,32,67,59,8,43,6,37,28,7,21,37,32,5,45,15,30
S01010542,456,248,208,52,24,28,65,28,37,70,43,27,31,5,26,83,75,8,48,12,36,25,7,18,28,25,3,54,29,25
S01010543,344,186,158,54,28,26,45,15,30,31,20,11,26,4,22,84,72,12,28,1,27,23,8,15,22,18,4,31,20,11
S01010544,426,219,207,27,10,17,41,17,24,38,25,13,36,6,30,83,77,6,44,4,40,35,7,28,53,47,6,69,26,43
S01010545,332,177,155,47,27,20,47,24,23,44,24,20,29,2,27,67,58,9,29,4,25,19,4,15,19,19,0,31,15,16
S01010546,372,195,177,42,20,22,53,22,31,29,15,14,27,2,25,81,67,14,34,6,28,29,10,19,29,23,6,48,30,18
S01010547,379,214,165,39,26,13,41,17,24,43,24,19,27,2,25,93,85,8,44,4,40,20,7,13,28,27,1,44,22,22
S01010548,296,157,139,37,17,20,41,22,19,25,10,15,33,7,26,67,56,11,26,5,21,28,11,17,19,17,2,20,12,8
S01010549,467,246,221,57,33,24,79,30,49,83,60,23,52,9,43,57,50,7,43,5,38,23,5,18,36,34,2,37,20,17
S01010550,280,148,132,26,17,9,46,22,24,36,18,18,23,2,21,48,44,4,33,7,26,17,4,13,23,20,3,28,14,14
S01010551,337,183,154,42,27,15,53,22,31,43,23,20,36,3,33,79,67,12,24,3,21,14,5,9,24,21,3,22,12,10
S01010552,407,225,182,43,30,13,78,35,43,41,26,15,35,7,28,63,56,7,39,6,33,26,11,15,34,32,2,48,22,26
S01010553,328,190,138,32,22,10,41,13,28,51,36,15,32,3,29,81,72,9,28,4,24,17,6,11,18,15,3,28,19,9
S01010554,378,199,179,28,17,11,63,25,38,39,31,8,43,9,34,59,54,5,50,5,45,26,11,15,32,31,1,38,16,22
S01010555,478,251,227,63,40,23,66,28,38,56,35,21,33,5,28,63,52,11,52,9,43,48,19,29,31,27,4,66,36,30
S01010556,366,183,183,27,12,15,29,13,16,31,15,16,30,4,26,53,46,7,47,6,41,38,9,29,51,48,3,60,30,30
S01010557,276,139,137,18,9,9,36,17,19,33,22,11,26,3,23,31,27,4,43,7,36,21,9,12,27,26,1,41,19,22
S01010558,312,167,145,32,25,7,43,18,25,38,18,20,40,5,35,47,42,5,34,8,26,13,2,11,36,33,3,29,16,13
S01010559,290,162,128,42,23,19,80,42,38,45,30,15,25,6,19,30,25,5,21,4,17,15,7,8,14,14,0,18,11,7
S01010560,331,159,172,39,26,13,79,31,48,30,19,11,26,5,21,37,35,2,47,7,40,32,8,24,16,15,1,25,13,12
S01010561,327,174,153,41,29,12,62,30,32,52,30,22,34,5,29,42,38,4,23,3,20,25,7,18,16,16,0,32,16,16
S01010562,391,194,197,29,14,15,48,17,31,39,22,17,56,6,50,74,67,7,44,5,39,38,14,24,30,29,1,33,20,13
S01010563,263,142,121,17,10,7,22,10,12,29,16,13,20,3,17,49,42,7,31,3,28,28,8,20,28,28,0,39,22,17
S01010564,214,124,90,11,7,4,18,8,10,15,9,6,20,4,16,43,39,4,20,6,14,22,5,17,35,31,4,30,15,15
S01010565,282,153,129,27,16,11,28,13,15,34,21,13,26,2,24,39,38,1,29,4,25,31,7,24,32,31,1,36,21,15
S01010566,586,315,271,78,47,31,104,39,65,57,31,26,63,10,53,127,113,14,49,8,41,35,9,26,34,32,2,39,26,13
S01010567,567,302,265,71,43,28,117,42,75,73,44,29,63,11,52,86,81,5,42,6,36,40,14,26,42,40,2,33,21,12
S01010568,529,277,252,48,36,12,102,45,57,65,37,28,53,5,48,71,63,8,43,7,36,42,12,30,44,43,1,61,29,32
S01010569,522,329,193,56,31,25,62,26,36,154,128,26,48,12,36,76,67,9,36,5,31,16,6,10,33,30,3,41,24,17
S01010570,515,263,252,23,11,12,67,28,39,44,22,22,48,6,42,70,60,10,59,9,50,57,14,43,61,58,3,86,55,31
S01010571,493,266,227,37,22,15,72,28,44,65,38,27,52,7,45,74,63,11,50,18,32,51,20,31,42,39,3,50,31,19
S01010572,410,207,203,28,17,11,49,19,30,26,11,15,39,8,31,64,57,7,43,5,38,46,10,36,49,44,5,66,36,30
S01010573,312,150,162,23,11,12,26,8,18,21,7,14,31,6,25,56,51,5,32,2,30,40,11,29,30,28,2,53,26,27
S01010574,313,160,153,28,21,7,60,28,32,56,34,22,47,8,39,33,30,3,23,2,21,28,9,19,20,19,1,18,9,9
S01010575,350,175,175,36,25,11,64,28,36,43,26,17,64,9,55,31,28,3,30,6,24,37,15,22,24,23,1,21,15,6
S01010576,425,212,213,44,24,20,86,36,50,57,37,20,50,4,46,51,46,5,43,5,38,39,14,25,31,30,1,24,16,8
S01010577,436,233,203,18,11,7,29,8,21,37,23,14,39,7,32,89,77,12,58,8,50,53,19,34,35,33,2,78,47,31
S01010578,335,160,175,24,15,9,30,12,18,38,22,16,31,0,31,53,46,7,37,5,32,47,15,32,27,25,2,48,20,28
S01010579,431,224,207,31,19,12,61,19,42,54,29,25,48,7,41,72,67,5,46,9,37,47,19,28,41,38,3,31,17,14
S01010580,321,176,145,23,16,7,47,22,25,38,22,16,32,3,29,43,39,4,38,9,29,35,18,17,28,28,0,37,19,18
S01010581,320,159,161,26,14,12,54,21,33,50,28,22,37,12,25,48,41,7,25,2,23,34,12,22,20,16,4,26,13,13
S01010582,255,136,119,27,20,7,50,21,29,33,23,10,32,6,26,38,35,3,21,2,19,18,5,13,15,13,2,21,11,10
S01010583,563,276,287,41,30,11,81,31,50,89,56,33,103,17,86,62,56,6,52,4,48,55,20,35,39,37,2,41,25,16
S01010584,439,214,225,46,33,13,89,31,58,54,32,22,52,9,43,65,57,8,39,2,37,44,15,29,27,22,5,23,13,10
S01010585,512,248,264,56,32,24,95,38,57,81,45,36,63,11,52,52,49,3,48,8,40,51,16,35,38,33,5,28,16,12
S01010586,430,211,219,52,37,15,105,47,58,53,34,19,50,5,45,45,40,5,42,4,38,38,9,29,17,15,2,28,20,8
S01010587,367,181,186,30,21,9,80,31,49,64,32,32,39,2,37,41,38,3,31,1,30,25,9,16,28,28,0,29,19,10
S01010588,321,170,151,33,25,8,72,35,37,39,27,12,47,5,42,27,24,3,26,5,21,28,9,19,23,22,1,26,18,8
S01010589,364,183,181,16,9,7,44,20,24,44,22,22,44,9,35,41,34,7,36,4,32,39,12,27,39,33,6,61,40,21
S01010590,465,249,216,73,53,20,112,51,61,74,49,25,59,4,55,37,35,2,43,12,31,26,11,15,22,21,1,19,13,6
S01010591,444,220,224,35,24,11,81,36,45,69,36,33,54,3,51,56,50,6,32,8,24,56,16,40,29,27,2,32,20,12
S01010592,307,150,157,17,8,9,48,20,28,45,24,21,34,4,30,42,37,5,41,6,35,28,11,17,25,23,2,27,17,10
S01010593,344,177,167,48,36,12,67,25,42,51,32,19,55,7,48,39,37,2,23,3,20,19,8,11,16,16,0,26,13,13
S01010594,393,196,197,33,23,10,60,18,42,73,45,28,51,5,46,48,43,5,42,6,36,28,10,18,30,29,1,28,17,11
S01010595,458,227,231,47,27,20,97,41,56,94,53,41,40,4,36,52,47,5,47,7,40,36,10,26,22,21,1,23,17,6
S01010596,465,250,215,71,47,24,87,32,55,58,32,26,59,9,50,68,64,4,31,6,25,30,11,19,28,27,1,33,22,11
S01010597,391,191,200,43,30,13,74,31,43,68,36,32,48,7,41,49,45,4,37,2,35,25,8,17,26,23,3,21,9,12
S01010598,600,318,282,55,35,20,124,57,67,124,80,44,65,10,55,66,59,7,43,6,37,46,20,26,33,30,3,44,21,23
S01010599,330,157,173,33,21,12,79,36,43,48,25,23,40,3,37,31,29,2,37,7,30,21,2,19,20,20,0,21,14,7
S01010600,473,259,214,56,40,16,84,41,43,78,52,26,51,6,45,61,58,3,42,6,36,42,10,32,24,21,3,35,25,10
S01010601,289,147,142,23,15,8,66,26,40,41,28,13,28,4,24,41,38,3,38,6,32,15,5,10,16,14,2,21,11,10
S01010602,318,160,158,19,12,7,54,15,39,54,32,22,34,2,32,44,39,5,31,5,26,22,6,16,33,31,2,27,18,9
S01010603,431,226,205,42,25,17,86,41,45,57,34,23,69,13,56,47,44,3,34,6,28,36,14,22,29,28,1,31,21,10
S01010604,246,132,114,30,24,6,64,29,35,29,18,11,29,3,26,25,23,2,19,3,16,23,10,13,13,12,1,14,10,4
S01010605,454,238,216,44,29,15,87,38,49,54,34,20,56,10,46,66,59,7,46,7,39,39,13,26,29,27,2,33,21,12
S01010606,390,192,198,24,16,8,41,10,31,27,12,15,39,4,35,66,60,6,46,8,38,46,13,33,54,48,6,47,21,26
S01010607,447,237,210,65,46,19,90,36,54,75,43,32,45,8,37,33,31,2,44,14,30,32,11,21,23,22,1,40,26,14
S01010608,284,143,141,19,12,7,21,14,7,19,10,9,27,1,26,37,29,8,41,4,37,39,12,27,30,29,1,51,32,19
S01010609,293,150,143,12,5,7,21,9,12,20,11,9,17,1,16,36,33,3,46,11,35,42,16,26,34,32,2,65,32,33
S01010610,328,161,167,44,29,15,66,30,36,43,22,21,41,3,38,32,29,3,37,9,28,20,6,14,16,14,2,29,19,10
S01010611,514,266,248,24,13,11,56,21,35,43,25,18,48,6,42,77,64,13,66,10,56,60,26,34,55,51,4,85,50,35
S01010612,400,203,197,23,13,10,50,19,31,43,26,17,44,3,41,48,46,2,44,13,31,53,15,38,38,38,0,57,30,27
S01010613,326,154,172,19,14,5,55,19,36,46,29,17,41,10,31,33,27,6,36,4,32,28,7,21,25,24,1,43,20,23
S01010614,260,130,130,12,10,2,10,3,7,17,8,9,18,3,15,44,35,9,26,2,24,44,16,28,29,27,2,60,26,34
S01010615,496,258,238,41,28,13,97,39,58,66,44,22,62,17,45,49,44,5,39,4,35,53,20,33,35,32,3,54,30,24
S01010616,475,241,234,28,20,8,82,28,54,68,45,23,62,12,50,66,57,9,54,7,47,47,17,30,31,31,0,37,24,13
S01010617,527,260,267,31,21,10,79,32,47,81,48,33,62,12,50,54,47,7,73,8,65,57,21,36,40,38,2,50,33,17
S01010618,479,241,238,34,23,11,63,22,41,68,44,24,69,13,56,62,56,6,50,7,43,50,19,31,34,34,0,49,23,26
S01010619,371,198,173,29,17,12,40,23,17,31,15,16,33,6,27,47,45,2,45,5,40,36,7,29,31,29,2,79,51,28
S01010620,360,199,161,25,20,5,63,29,34,31,16,15,32,13,19,43,38,5,40,8,32,29,15,14,21,17,4,76,43,33
S01010621,505,290,215,56,32,24,110,61,49,62,36,26,41,7,34,58,49,9,48,10,38,39,23,16,33,29,4,58,43,15
S01010622,313,147,166,16,10,6,28,6,22,30,19,11,31,6,25,36,33,3,44,6,38,44,10,34,34,32,2,50,25,25
S01010623,390,229,161,34,23,11,33,14,19,149,135,14,28,4,24,25,20,5,40,2,38,31,3,28,8,7,1,42,21,21
S01010624,341,178,163,21,9,12,82,42,40,28,16,12,34,8,26,45,42,3,30,7,23,28,8,20,16,14,2,57,32,25
S01010625,379,205,174,54,31,23,99,49,50,46,35,11,46,7,39,38,35,3,30,3,27,26,14,12,13,12,1,27,19,8
S01010626,389,198,191,48,30,18,126,51,75,48,32,16,30,9,21,34,31,3,31,4,27,28,10,18,19,18,1,25,13,12
S01010627,462,255,207,69,41,28,101,51,50,39,26,13,36,7,29,44,38,6,40,9,31,46,17,29,27,26,1,60,40,20
S01010628,549,290,259,56,26,30,111,41,70,66,46,20,48,11,37,52,45,7,45,13,32,49,20,29,36,31,5,86,57,29
S01010629,432,221,211,47,29,18,124,60,64,50,25,25,38,6,32,45,45,0,37,6,31,33,12,21,14,11,3,44,27,17
S01010630,298,132,166,26,13,13,45,17,28,28,12,16,39,6,33,30,27,3,34,6,28,26,7,19,20,19,1,50,25,25
S01010631,348,183,165,19,9,10,70,34,36,57,37,20,38,12,26,26,26,0,36,10,26,33,12,21,18,16,2,51,27,24
S01010632,422,216,206,29,17,12,47,22,25,39,18,21,48,10,38,58,55,3,61,10,51,46,17,29,29,27,2,65,40,25
S01010633,427,230,197,17,10,7,26,12,14,30,14,16,34,7,27,72,64,8,50,8,42,62,19,43,46,42,4,90,54,36
S01010634,321,165,156,19,11,8,15,6,9,31,20,11,28,3,25,39,29,10,39,7,32,33,7,26,43,39,4,74,43,31
S01010635,365,193,172,19,14,5,23,11,12,42,21,21,34,7,27,54,50,4,45,10,35,36,9,27,44,37,7,68,34,34
S01010636,447,237,210,56,29,27,84,33,51,46,30,16,44,10,34,68,65,3,45,9,36,39,15,24,23,23,0,42,23,19
S01010637,301,163,138,28,12,16,43,24,19,23,14,9,24,7,17,46,41,5,32,9,23,32,13,19,17,14,3,56,29,27
S01010638,362,181,181,23,11,12,54,19,35,37,18,19,32,6,26,53,51,2,36,4,32,33,11,22,32,31,1,62,30,32
S01010639,557,289,268,35,14,21,54,19,35,44,24,20,53,17,36,86,70,16,59,13,46,78,31,47,47,45,2,101,56,45
S01010640,506,262,244,60,27,33,71,37,34,51,24,27,39,10,29,68,65,3,62,13,49,49,14,35,33,27,6,73,45,28
S01010641,421,221,200,24,9,15,44,23,21,34,20,14,40,8,32,42,39,3,61,9,52,51,19,32,46,41,5,79,53,26
S01010642,394,185,209,15,8,7,23,9,14,19,10,9,35,5,30,55,49,6,57,8,49,61,15,46,39,35,4,90,46,44
S01010643,296,149,147,11,7,4,11,2,9,25,14,11,20,8,12,41,29,12,29,5,24,42,13,29,30,28,2,87,43,44
S01010644,239,119,120,8,4,4,8,3,5,8,5,3,14,3,11,34,32,2,28,2,26,53,16,37,29,25,4,57,29,28
S01010645,350,184,166,18,14,4,54,19,35,43,23,20,43,7,36,57,52,5,39,7,32,30,10,20,27,27,0,39,25,14
S01010646,369,188,181,26,20,6,64,27,37,52,30,22,52,8,44,59,53,6,41,3,38,24,10,14,23,18,5,28,19,9
S01010647,388,208,180,29,19,10,67,21,46,33,23,10,55,10,45,52,48,4,34,10,24,44,17,27,36,35,1,38,25,13
S01010648,362,184,178,30,20,10,50,20,30,29,16,13,47,10,37,46,43,3,52,12,40,45,14,31,30,27,3,33,22,11
S01010649,303,163,140,24,17,7,50,19,31,37,24,13,39,7,32,33,33,0,30,4,26,27,11,16,31,29,2,32,19,13
S01010650,248,121,127,19,8,11,24,9,15,42,21,21,27,6,21,33,30,3,34,4,30,19,7,12,24,19,5,26,17,9
S01010651,350,185,165,18,10,8,21,4,17,36,16,20,41,8,33,59,53,6,44,7,37,39,18,21,37,35,2,55,34,21
S01010652,376,188,188,26,18,8,68,32,36,59,26,33,39,6,33,41,38,3,52,9,43,33,13,20,34,33,1,24,13,11
S01010653,357,183,174,27,15,12,43,13,30,42,24,18,50,11,39,56,50,6,39,7,32,23,6,17,39,36,3,38,21,17
S01010654,408,202,206,16,7,9,34,14,20,34,13,21,58,13,45,63,56,7,66,9,57,39,13,26,42,39,3,56,38,18
S01010655,466,249,217,55,38,17,85,39,46,59,28,31,50,4,46,87,71,16,42,10,32,15,5,10,30,28,2,43,26,17
S01010656,218,119,99,15,9,6,28,13,15,24,18,6,32,6,26,34,30,4,13,1,12,25,8,17,18,17,1,29,17,12
S01010657,352,196,156,40,23,17,62,29,33,45,26,19,48,11,37,69,64,5,21,1,20,18,7,11,24,22,2,25,13,12
S01010658,375,194,181,35,28,7,89,34,55,40,23,17,37,5,32,56,46,10,33,7,26,28,8,20,22,22,0,35,21,14
S01010659,332,178,154,39,26,13,68,31,37,36,17,19,37,4,33,65,57,8,23,5,18,28,14,14,16,15,1,20,9,11
S01010660,294,161,133,25,15,10,37,13,24,38,24,14,23,4,19,60,52,8,18,3,15,38,13,25,27,25,2,28,12,16
S01010661,325,173,152,37,25,12,38,15,23,37,16,21,43,8,35,66,63,3,21,1,20,21,4,17,20,19,1,42,22,20
S01010662,398,201,197,44,23,21,80,34,46,39,23,16,46,5,41,66,60,6,46,6,40,30,13,17,29,27,2,18,10,8
S01010663,479,270,209,62,42,20,98,43,55,37,24,13,53,6,47,98,86,12,39,6,33,19,9,10,32,29,3,41,25,16
S01010664,434,220,214,51,29,22,101,39,62,57,29,28,34,5,29,89,70,19,33,7,26,14,6,8,18,17,1,37,18,19
S01010665,436,234,202,58,34,24,68,31,37,58,31,27,39,5,34,79,68,11,46,11,35,16,2,14,28,27,1,44,25,19
S01010666,447,220,227,49,27,22,52,24,28,58,29,29,36,7,29,74,62,12,57,11,46,41,10,31,29,23,6,51,27,24
S01010667,383,201,182,59,32,27,93,41,52,29,17,12,26,6,20,58,47,11,26,4,22,28,16,12,20,18,2,44,20,24
S01010668,542,302,240,100,56,44,55,21,34,50,35,15,33,3,30,111,98,13,49,7,42,33,7,26,46,46,0,65,29,36
S01010669,278,173,105,37,20,17,35,15,20,33,23,10,16,0,16,76,68,8,18,2,16,13,5,8,34,32,2,16,8,8
S01010670,354,193,161,53,31,22,43,24,19,29,16,13,28,1,27,69,60,9,45,10,35,21,5,16,36,33,3,30,13,17
S01010671,358,184,174,38,20,18,62,26,36,36,21,15,27,1,26,75,62,13,37,6,31,17,4,13,20,17,3,46,27,19
S01010672,299,161,138,29,18,11,28,10,18,18,8,10,20,4,16,72,58,14,35,8,27,28,10,18,27,25,2,42,20,22
S01010673,453,237,216,61,31,30,77,33,44,53,31,22,29,4,25,77,65,12,45,8,37,36,9,27,30,29,1,45,27,18
S01010674,485,272,213,62,35,27,72,29,43,46,26,20,37,5,32,113,97,16,45,13,32,27,7,20,35,31,4,48,29,19
S01010675,303,168,135,39,16,23,49,16,33,19,11,8,21,4,17,67,59,8,30,6,24,8,3,5,35,34,1,35,19,16
S01010676,442,233,209,64,32,32,87,39,48,54,26,28,37,7,30,72,60,12,40,9,31,19,11,8,23,19,4,46,30,16
S01010677,226,116,110,30,17,13,45,19,26,19,11,8,9,2,7,40,35,5,19,1,18,23,5,18,15,13,2,26,13,13
S01010678,309,168,141,32,16,16,46,22,24,23,12,11,28,5,23,73,70,3,43,1,42,8,4,4,26,26,0,30,12,18
S01010679,280,141,139,45,25,20,37,14,23,28,19,9,23,6,17,36,32,4,27,3,24,30,11,19,15,14,1,39,17,22
S01010680,314,162,152,31,14,17,41,22,19,30,21,9,34,5,29,45,42,3,44,9,35,30,9,21,14,13,1,45,27,18
S01010681,520,252,268,50,31,19,58,18,40,39,19,20,67,12,55,96,82,14,71,13,58,41,14,27,25,24,1,73,39,34
S01010682,500,257,243,71,39,32,75,38,37,41,21,20,49,8,41,104,90,14,59,5,54,24,6,18,34,32,2,43,18,25
S01010683,456,245,211,50,28,22,62,21,41,46,27,19,41,9,32,103,93,10,48,5,43,27,11,16,30,27,3,49,24,25
S01010684,385,207,178,57,29,28,56,16,40,32,23,9,30,5,25,97,82,15,33,5,28,17,5,12,23,20,3,40,22,18
S01010685,280,150,130,35,19,16,38,20,18,29,15,14,27,2,25,67,51,16,24,5,19,10,2,8,19,18,1,31,18,13
S01010686,344,186,158,34,17,17,50,20,30,27,16,11,26,4,22,92,75,17,41,5,36,10,1,9,29,29,0,35,19,16
S01010687,384,196,188,63,38,25,60,21,39,37,22,15,32,5,27,76,65,11,44,6,38,20,8,12,16,16,0,36,15,21
S01010688,372,209,163,62,36,26,44,19,25,33,14,19,22,7,15,97,79,18,33,3,30,8,3,5,28,24,4,45,24,21
S01010689,335,185,150,56,30,26,45,25,20,34,25,9,24,6,18,83,65,18,37,5,32,19,4,15,14,12,2,23,13,10
S01010690,334,184,150,48,26,22,35,15,20,27,16,11,33,12,21,64,53,11,33,9,24,23,3,20,19,18,1,52,32,20
S01010691,388,200,188,47,22,25,60,27,33,35,20,15,33,5,28,99,81,18,43,6,37,17,2,15,24,20,4,30,17,13
S01010692,406,210,196,52,28,24,43,19,24,28,21,7,32,3,29,78,66,12,46,11,35,47,11,36,32,28,4,48,23,25
S01010693,249,134,115,35,19,16,43,14,29,23,10,13,27,5,22,64,56,8,14,3,11,8,3,5,16,14,2,19,10,9
S01010694,239,128,111,26,7,19,32,14,18,20,15,5,20,5,15,59,56,3,22,3,19,11,2,9,14,12,2,35,14,21
S01010695,380,200,180,36,24,12,75,29,46,28,17,11,48,10,38,81,73,8,35,3,32,25,7,18,31,25,6,21,12,9
S01010696,519,284,235,52,27,25,88,45,43,44,21,23,48,12,36,96,87,9,56,12,44,34,8,26,37,33,4,64,39,25
S01010697,526,284,242,42,26,16,116,46,70,45,23,22,46,5,41,107,98,9,36,2,34,35,11,24,46,44,2,53,29,24
S01010698,350,176,174,46,28,18,43,18,25,29,14,15,37,1,36,65,56,9,39,7,32,15,1,14,31,27,4,45,24,21
S01010699,334,181,153,30,19,11,51,22,29,44,21,23,31,3,28,70,62,8,37,8,29,19,3,16,30,28,2,22,15,7
S01010700,324,171,153,31,23,8,60,33,27,52,27,25,32,5,27,40,38,2,29,2,27,23,3,20,26,24,2,31,16,15
S01010701,549,301,248,36,21,15,88,45,43,77,51,26,42,1,41,92,83,9,57,12,45,58,15,43,55,52,3,44,21,23
S01010702,511,278,233,63,45,18,79,29,50,65,37,28,66,12,54,81,67,14,52,7,45,16,9,7,44,42,2,45,30,15
S01010703,448,248,200,50,31,19,69,29,40,58,38,20,51,5,46,100,89,11,38,2,36,13,5,8,33,28,5,36,21,15
S01010704,299,162,137,22,15,7,31,14,17,32,21,11,30,3,27,46,45,1,30,2,28,33,4,29,34,32,2,41,26,15
S01010705,547,291,256,45,24,21,85,37,48,57,25,32,48,6,42,111,105,6,54,4,50,45,12,33,57,54,3,45,24,21
S01010706,315,182,133,29,17,12,34,14,20,30,19,11,32,3,29,62,56,6,30,8,22,30,11,19,36,35,1,32,19,13
S01010707,377,209,168,32,22,10,70,35,35,34,19,15,47,5,42,80,67,13,32,5,27,23,8,15,33,31,2,26,17,9
S01010708,289,151,138,20,10,10,46,21,25,28,15,13,31,5,26,58,58,0,28,6,22,37,10,27,21,19,2,20,7,13
S01010709,402,206,196,35,20,15,60,25,35,49,31,18,50,7,43,55,50,5,49,6,43,34,10,24,41,41,0,29,16,13
S01010710,341,174,167,14,7,7,27,10,17,28,16,12,29,3,26,62,58,4,47,7,40,47,17,30,31,30,1,56,26,30
S01010711,383,200,183,47,34,13,98,44,54,58,39,19,37,2,35,44,42,2,38,5,33,28,11,17,14,14,0,19,9,10
S01010712,356,186,170,19,14,5,26,10,16,26,15,11,37,8,29,60,56,4,46,4,42,57,14,43,40,36,4,45,29,16
S01010713,421,206,215,18,11,7,32,10,22,35,21,14,36,3,33,83,66,17,52,8,44,55,16,39,63,52,11,47,19,28
S01010714,310,153,157,21,13,8,27,7,20,24,12,12,29,7,22,66,60,6,25,2,23,43,8,35,33,28,5,42,16,26
S01010715,337,158,179,20,6,14,30,16,14,32,15,17,39,8,31,47,39,8,40,10,30,50,14,36,26,22,4,53,28,25
S01010716,451,236,215,31,24,7,56,28,28,42,28,14,49,4,45,75,66,9,50,9,41,51,18,33,42,30,12,55,29,26
S01010717,314,162,152,32,23,9,56,22,34,29,22,7,49,6,43,39,36,3,34,5,29,36,16,20,16,15,1,23,17,6
S01010718,498,262,236,47,30,17,69,29,40,65,47,18,61,6,55,70,64,6,40,3,37,51,17,34,47,45,2,48,21,27
S01010719,316,167,149,25,19,6,71,30,41,29,16,13,32,2,30,51,46,5,29,9,20,23,8,15,22,21,1,34,16,18
S01010720,323,167,156,39,25,14,75,40,35,36,21,15,34,8,26,45,39,6,37,6,31,19,6,13,12,12,0,26,10,16
S01010721,318,165,153,42,21,21,70,40,30,39,21,18,46,11,35,37,32,5,26,6,20,12,4,8,20,18,2,26,12,14
S01010722,406,201,205,40,25,15,83,32,51,46,23,23,36,9,27,68,55,13,29,3,26,35,8,27,37,30,7,32,16,16
S01010723,484,252,232,62,39,23,114,41,73,50,35,15,37,1,36,91,80,11,36,4,32,27,9,18,21,20,1,46,23,23
S01010724,471,249,222,51,37,14,86,31,55,44,27,17,48,2,46,90,76,14,40,7,33,27,7,20,45,41,4,40,21,19
S01010725,394,204,190,58,34,24,88,36,52,44,26,18,42,7,35,64,58,6,24,4,20,31,9,22,21,17,4,22,13,9
S01010726,432,214,218,42,22,20,81,31,50,65,39,26,48,7,41,70,64,6,36,7,29,35,10,25,18,15,3,37,19,18
S01010727,308,172,136,35,25,10,76,32,44,29,20,9,34,7,27,57,54,3,19,3,16,19,4,15,15,14,1,24,13,11
S01010728,254,122,132,36,27,9,66,24,42,28,11,17,32,8,24,32,25,7,20,5,15,15,4,11,11,10,1,14,8,6
S01010729,403,221,182,40,21,19,66,29,37,47,24,23,43,4,39,97,89,8,32,3,29,28,10,18,23,22,1,27,19,8
S01010730,454,244,210,43,24,19,98,35,63,51,34,17,42,5,37,87,78,9,37,5,32,21,5,16,38,35,3,37,23,14
S01010731,442,222,220,47,24,23,79,30,49,56,33,23,39,10,29,64,52,12,35,3,32,35,10,25,36,30,6,51,30,21
S01010732,354,166,188,17,10,7,23,10,13,20,11,9,25,3,22,60,52,8,59,6,53,58,11,47,39,35,4,53,28,25
S01010733,233,120,113,16,9,7,12,5,7,20,9,11,17,3,14,29,24,5,28,8,20,30,7,23,32,28,4,49,27,22
S01010734,383,202,181,22,12,10,33,18,15,31,20,11,30,9,21,64,60,4,43,6,37,48,6,42,57,49,8,55,22,33
S01010735,253,140,113,12,6,6,22,9,13,26,12,14,10,0,10,47,39,8,24,6,18,28,12,16,31,28,3,53,28,25
S01010736,250,142,108,24,16,8,39,22,17,27,16,11,21,4,17,46,43,3,27,3,24,27,6,21,25,22,3,14,10,4
S01010737,472,247,225,42,21,21,66,29,37,47,29,18,39,3,36,69,60,9,49,8,41,42,8,34,61,54,7,57,35,22
S01010738,263,127,136,19,8,11,13,4,9,16,8,8,18,1,17,51,47,4,39,5,34,27,3,24,36,30,6,44,21,23
S01010739,415,214,201,16,8,8,54,26,28,44,27,17,38,4,34,58,47,11,37,8,29,49,11,38,62,53,9,57,30,27
S01010740,187,96,91,5,3,2,13,2,11,19,13,6,14,1,13,25,23,2,28,3,25,28,8,20,22,20,2,33,23,10
S01010741,261,135,126,22,16,6,31,12,19,22,10,12,29,2,27,49,43,6,35,7,28,22,5,17,27,25,2,24,15,9
S01010742,334,171,163,17,10,7,19,12,7,30,14,16,23,2,21,54,49,5,54,3,51,30,5,25,58,54,4,49,22,27
S01010743,280,148,132,12,6,6,24,15,9,33,18,15,23,5,18,29,28,1,38,6,32,29,8,21,45,36,9,47,26,21
S01010744,515,269,246,39,23,16,57,26,31,65,40,25,43,4,39,87,76,11,67,5,62,32,6,26,71,66,5,54,23,31
S01010745,284,151,133,19,11,8,35,13,22,25,15,10,23,2,21,50,43,7,39,7,32,21,7,14,38,34,4,34,19,15
S01010746,512,268,244,50,27,23,73,23,50,46,24,22,56,9,47,104,91,13,46,3,43,36,15,21,43,38,5,58,38,20
S01010747,378,197,181,23,18,5,43,18,25,40,23,17,31,3,28,67,63,4,46,5,41,45,13,32,36,31,5,47,23,24
S01010748,295,158,137,31,14,17,35,18,17,29,16,13,40,4,36,64,61,3,23,1,22,11,2,9,23,20,3,39,22,17
S01010749,294,161,133,27,13,14,34,10,24,27,18,9,21,2,19,84,74,10,34,4,30,19,4,15,20,20,0,28,16,12
S01010750,280,153,127,28,16,12,43,15,28,36,26,10,27,2,25,65,59,6,22,4,18,13,3,10,14,14,0,32,14,18
S01010751,281,141,140,14,5,9,19,9,10,23,17,6,24,1,23,65,60,5,39,4,35,38,11,27,23,21,2,36,13,23
S01010752,334,162,172,22,15,7,36,6,30,30,19,11,35,3,32,56,53,3,36,3,33,45,8,37,41,38,3,33,17,16
S01010753,449,244,205,28,17,11,58,26,32,46,35,11,43,2,41,81,73,8,48,8,40,50,13,37,43,41,2,52,29,23
S01010754,290,153,137,30,20,10,39,18,21,27,19,8,20,2,18,42,39,3,36,4,32,29,9,20,28,24,4,39,18,21
S01010755,304,157,147,22,16,6,31,14,17,22,12,10,33,5,28,68,61,7,35,4,31,35,5,30,25,24,1,33,16,17
S01010756,332,181,151,27,20,7,55,22,33,39,27,12,49,11,38,51,46,5,30,3,27,29,11,18,26,24,2,26,17,9
S01010757,349,192,157,40,31,9,33,14,19,29,19,10,46,4,42,90,75,15,37,2,35,12,2,10,28,28,0,34,17,17
S01010758,296,166,130,36,24,12,37,16,21,24,14,10,30,6,24,66,60,6,34,5,29,10,5,5,18,17,1,41,19,22
S01010759,291,146,145,22,10,12,37,15,22,24,15,9,23,3,20,77,68,9,43,4,39,12,3,9,14,13,1,39,15,24
S01010760,223,115,108,33,18,15,52,25,27,17,13,4,19,1,18,37,36,1,26,6,20,11,2,9,7,6,1,21,8,13
S01010761,272,146,126,30,19,11,41,19,22,23,9,14,21,3,18,61,48,13,33,2,31,8,0,8,27,26,1,28,20,8
S01010762,271,148,123,33,19,14,37,19,18,34,16,18,29,2,27,53,49,4,26,5,21,17,6,11,20,19,1,22,13,9
S01010763,307,170,137,38,21,17,45,22,23,30,16,14,23,2,21,73,57,16,27,4,23,11,3,8,27,24,3,33,21,12
S01010764,265,145,120,20,9,11,42,21,21,25,13,12,17,4,13,66,56,10,31,2,29,16,7,9,21,17,4,27,16,11
S01010765,452,243,209,49,24,25,54,22,32,41,30,11,28,2,26,84,66,18,56,12,44,25,3,22,46,43,3,69,41,28
S01010766,314,157,157,24,14,10,44,17,27,27,14,13,24,2,22,80,65,15,47,10,37,21,3,18,18,18,0,29,14,15
S01010767,286,140,146,22,11,11,25,10,15,20,12,8,30,7,23,53,48,5,36,5,31,29,5,24,29,27,2,42,15,27
S01010768,232,117,115,15,7,8,23,9,14,12,7,5,26,5,21,45,40,5,33,2,31,26,6,20,26,24,2,26,17,9
S01010769,224,118,106,25,16,9,33,8,25,32,16,16,23,3,20,55,46,9,19,1,18,5,1,4,19,17,2,13,10,3
S01010770,428,219,209,39,26,13,45,19,26,34,20,14,39,6,33,99,84,15,59,7,52,28,6,22,31,27,4,54,24,30
S01010771,337,183,154,38,20,18,27,10,17,23,12,11,23,2,21,91,79,12,46,3,43,20,4,16,30,26,4,39,27,12
S01010772,333,176,157,28,14,14,43,11,32,32,18,14,24,1,23,98,79,19,38,3,35,9,2,7,30,29,1,31,19,12
S01010773,381,202,179,35,24,11,44,19,25,32,16,16,38,5,33,97,83,14,45,2,43,24,9,15,33,30,3,33,14,19
S01010774,314,164,150,23,13,10,46,19,27,35,18,17,18,4,14,65,56,9,45,6,39,24,9,15,26,24,2,32,15,17
S01010775,377,194,183,25,17,8,44,12,32,37,23,14,52,4,48,77,70,7,44,5,39,27,5,22,36,36,0,35,22,13
S01010776,259,135,124,14,8,6,35,12,23,30,22,8,21,2,19,51,43,8,30,5,25,26,9,17,22,20,2,30,14,16
S01010777,227,112,115,14,8,6,17,10,7,18,9,9,16,1,15,35,32,3,33,5,28,33,12,21,18,17,1,43,18,25
S01010778,193,107,86,9,4,5,19,6,13,14,7,7,9,0,9,40,39,1,21,2,19,23,6,17,21,21,0,37,22,15
S01010779,304,162,142,21,13,8,36,19,17,26,16,10,28,4,24,44,36,8,36,5,31,34,17,17,28,25,3,51,27,24
S01010780,259,127,132,13,5,8,33,12,21,25,13,12,25,2,23,49,45,4,25,1,24,26,8,18,21,19,2,42,22,20
S01010781,409,221,188,41,27,14,65,27,38,54,36,18,41,8,33,63,57,6,39,5,34,33,12,21,27,26,1,46,23,23
S01010782,245,144,101,30,20,10,28,17,11,21,14,7,24,6,18,45,40,5,22,2,20,20,5,15,23,21,2,32,19,13
S01010783,241,140,101,7,4,3,18,9,9,14,10,4,23,4,19,60,54,6,17,3,14,32,11,21,37,32,5,33,13,20
S01010784,319,153,166,14,6,8,25,12,13,19,10,9,24,4,20,54,45,9,43,7,36,40,10,30,25,23,2,75,36,39
S01010785,359,202,157,32,21,11,64,27,37,40,27,13,44,15,29,60,57,3,26,5,21,35,9,26,28,25,3,30,16,14
S01010786,347,183,164,23,13,10,44,24,20,40,28,12,47,8,39,51,45,6,46,6,40,29,6,23,34,33,1,33,20,13
S01010787,446,257,189,41,19,22,59,25,34,57,37,20,36,8,28,110,96,14,39,4,35,32,11,21,32,30,2,40,27,13
S01010788,345,180,165,16,12,4,46,23,23,34,21,13,43,3,40,67,57,10,32,5,27,38,9,29,36,31,5,33,19,14
S01010789,352,190,162,21,11,10,43,17,26,26,15,11,26,3,23,97,86,11,38,3,35,25,5,20,25,24,1,51,26,25
S01010790,336,200,136,26,17,9,39,17,22,33,24,9,34,1,33,94,86,8,21,3,18,27,6,21,35,32,3,27,14,13
S01010791,394,215,179,51,30,21,60,33,27,51,32,19,42,4,38,74,61,13,31,3,28,21,9,12,31,27,4,33,16,17
S01010792,292,174,118,10,6,4,39,24,15,27,15,12,23,3,20,53,51,2,30,3,27,26,7,19,43,40,3,41,25,16
S01010793,337,187,150,26,20,6,52,19,33,39,23,16,27,2,25,70,61,9,29,3,26,19,5,14,39,29,10,36,25,11
S01010794,283,154,129,33,15,18,43,24,19,40,28,12,26,5,21,57,51,6,21,3,18,26,3,23,15,15,0,22,10,12
S01010795,443,240,203,33,21,12,70,32,38,54,39,15,41,8,33,87,76,11,48,4,44,34,11,23,37,29,8,39,20,19
S01010796,444,243,201,30,19,11,97,43,54,46,21,25,41,7,34,125,105,20,37,6,31,13,5,8,27,23,4,28,14,14
S01010797,429,234,195,42,25,17,81,39,42,57,29,28,36,5,31,98,87,11,32,5,27,21,2,19,28,26,2,34,16,18
S01010798,325,180,145,23,16,7,51,26,25,43,27,16,30,3,27,72,60,12,33,5,28,18,3,15,26,24,2,29,16,13
S01010799,421,219,202,27,16,11,88,45,43,63,37,26,41,7,34,59,55,4,34,3,31,38,10,28,27,24,3,44,22,22
S01010800,358,188,170,16,10,6,13,8,5,36,17,19,34,4,30,65,56,9,39,3,36,49,13,36,43,41,2,63,36,27
S01010801,326,165,161,18,9,9,35,16,19,44,30,14,24,7,17,51,42,9,43,4,39,37,9,28,28,25,3,46,23,23
S01010802,293,151,142,15,7,8,47,23,24,44,28,16,23,2,21,53,44,9,26,2,24,25,6,19,28,26,2,32,13,19
S01010803,253,128,125,21,8,13,29,16,13,39,24,15,15,3,12,41,33,8,25,2,23,33,8,25,25,24,1,25,10,15
S01010804,284,151,133,23,13,10,53,31,22,50,33,17,32,6,26,47,40,7,25,2,23,21,5,16,7,7,0,26,14,12
S01010805,417,224,193,42,24,18,65,31,34,55,32,23,35,9,26,64,57,7,39,5,34,45,17,28,33,32,1,39,17,22
S01010806,393,195,198,21,10,11,49,22,27,49,31,18,31,4,27,55,51,4,52,8,44,35,5,30,40,35,5,61,29,32
S01010807,276,149,127,19,9,10,29,17,12,46,26,20,24,3,21,49,45,4,27,1,26,26,6,20,31,28,3,25,14,11
S01010808,260,134,126,23,18,5,57,27,30,42,22,20,23,4,19,29,26,3,22,3,19,22,5,17,19,17,2,23,12,11
S01010809,410,224,186,41,24,17,73,40,33,68,41,27,38,5,33,63,56,7,28,9,19,34,6,28,29,26,3,36,17,19
S01010810,198,107,91,34,17,17,29,10,19,20,9,11,13,1,12,43,39,4,19,4,15,5,3,2,16,14,2,19,10,9
S01010811,432,244,188,49,27,22,74,41,33,45,30,15,29,3,26,93,74,19,56,5,51,11,3,8,40,38,2,35,23,12
S01010812,236,130,106,25,15,10,27,6,21,21,11,10,16,5,11,63,53,10,26,3,23,5,3,2,25,21,4,28,13,15
S01010813,271,150,121,42,22,20,13,2,11,22,10,12,21,5,16,78,63,15,30,6,24,12,2,10,17,15,2,36,25,11
S01010814,319,177,142,50,20,30,46,17,29,26,20,6,22,3,19,89,70,19,23,2,21,4,3,1,26,23,3,33,19,14
S01010815,240,138,102,29,20,9,33,17,16,24,13,11,22,2,20,55,52,3,33,5,28,5,2,3,16,15,1,23,12,11
S01010816,248,132,116,57,42,15,82,43,39,34,17,17,21,5,16,16,14,2,18,1,17,10,5,5,6,5,1,4,0,4
S01010817,408,210,198,65,44,21,141,71,70,60,36,24,43,10,33,23,17,6,29,2,27,16,9,7,15,12,3,16,9,7
S01010818,459,245,214,62,46,16,142,69,73,86,56,30,42,6,36,33,30,3,33,8,25,25,5,20,20,18,2,16,7,9
S01010819,358,181,177,38,26,12,73,30,43,52,29,23,36,3,33,39,36,3,43,9,34,31,18,13,21,18,3,25,12,13
S01010820,260,130,130,40,28,12,69,33,36,28,12,16,29,5,24,33,26,7,23,5,18,16,7,9,9,7,2,13,7,6
S01010821,256,130,126,46,34,12,73,31,42,46,25,21,13,3,10,23,21,2,22,3,19,13,3,10,4,4,0,16,6,10
S01010822,350,180,170,52,34,18,105,56,49,70,34,36,21,2,19,32,27,5,31,6,25,13,6,7,5,3,2,21,12,9
S01010823,236,112,124,16,10,6,25,12,13,37,18,19,31,5,26,32,30,2,28,8,20,30,6,24,14,12,2,23,11,12
S01010824,403,207,196,38,23,15,84,38,46,87,51,36,54,12,42,38,34,4,32,5,27,24,13,11,22,19,3,24,12,12
S01010825,191,95,96,18,12,6,44,18,26,39,22,17,22,2,20,18,17,1,8,2,6,11,3,8,12,12,0,19,7,12
S01010826,350,181,169,44,29,15,81,38,43,52,38,14,42,7,35,35,30,5,25,7,18,36,12,24,16,15,1,19,5,14
S01010827,343,163,180,32,22,10,46,20,26,53,29,24,64,10,54,38,35,3,31,6,25,33,13,20,16,16,0,30,12,18
S01010828,699,351,348,78,51,27,145,76,69,131,76,55,90,21,69,57,54,3,73,14,59,57,16,41,28,28,0,40,15,25
S01010829,455,238,217,46,31,15,104,47,57,80,56,24,59,14,45,37,36,1,34,3,31,41,11,30,27,26,1,27,14,13
S01010830,296,153,143,18,13,5,50,23,27,45,31,14,45,8,37,31,30,1,22,5,17,29,10,19,22,19,3,34,14,20
S01010831,353,178,175,37,22,15,60,30,30,70,48,22,39,10,29,36,34,2,30,1,29,29,3,26,23,17,6,29,13,16
S01010832,428,210,218,29,14,15,56,17,39,59,28,31,50,11,39,58,53,5,58,14,44,42,19,23,24,23,1,52,31,21
S01010833,505,270,235,55,38,17,144,73,71,81,52,29,53,6,47,42,39,3,28,5,23,38,16,22,27,23,4,37,18,19
S01010834,441,227,214,43,24,19,119,59,60,82,50,32,67,14,53,42,36,6,30,12,18,27,12,15,9,9,0,22,11,11
S01010835,314,160,154,34,22,12,77,37,40,55,35,20,46,10,36,20,20,0,24,6,18,19,7,12,13,9,4,26,14,12
S01010836,391,200,191,36,23,13,113,51,62,62,39,23,40,7,33,40,35,5,29,3,26,27,8,19,16,13,3,28,21,7
S01010837,288,141,147,18,13,5,40,12,28,39,23,16,47,14,33,28,28,0,28,5,23,34,12,22,18,18,0,36,16,20
S01010838,417,209,208,24,17,7,59,17,42,54,35,19,43,8,35,46,44,2,47,7,40,57,22,35,42,35,7,45,24,21
S01010839,312,156,156,26,19,7,54,25,29,44,31,13,53,9,44,31,30,1,33,4,29,31,11,20,16,14,2,24,13,11
S01010840,229,120,109,19,14,5,46,15,31,45,32,13,20,7,13,24,22,2,18,1,17,28,11,17,10,8,2,19,10,9
S01010841,380,200,180,33,18,15,87,43,44,60,39,21,50,16,34,40,36,4,39,13,26,37,12,25,17,12,5,17,11,6
S01010842,321,166,155,14,5,9,53,29,24,46,28,18,40,7,33,34,28,6,31,8,23,45,21,24,22,17,5,36,23,13
S01010843,273,136,137,21,7,14,42,11,31,39,23,16,34,7,27,38,38,0,26,5,21,32,15,17,20,19,1,21,11,10
S01010844,332,170,162,25,16,9,74,38,36,55,35,20,52,11,41,41,38,3,29,1,28,25,10,15,4,3,1,27,18,9
S01010845,290,152,138,18,12,6,49,20,29,49,33,16,39,6,33,32,27,5,25,6,19,29,13,16,18,17,1,31,18,13
S01010846,380,186,194,20,14,6,32,13,19,36,18,18,33,7,26,57,53,4,53,8,45,51,21,30,31,25,6,67,27,40
S01010847,369,179,190,25,12,13,76,24,52,59,38,21,58,12,46,41,39,2,29,6,23,30,8,22,26,25,1,25,15,10
S01010848,270,139,131,6,4,2,20,8,12,22,11,11,20,9,11,28,27,1,46,10,36,31,8,23,28,25,3,69,37,32
S01010849,366,163,203,11,7,4,25,9,16,33,19,14,34,4,30,47,41,6,48,9,39,43,9,34,37,28,9,88,37,51
S01010850,296,138,158,9,4,5,15,3,12,23,16,7,17,2,15,39,33,6,38,4,34,42,14,28,38,28,10,75,34,41
S01010851,332,143,189,14,7,7,25,6,19,35,18,17,36,10,26,22,22,0,42,9,33,48,15,33,35,26,9,75,30,45
S01010852,334,163,171,12,5,7,24,9,15,26,17,9,43,14,29,46,43,3,38,8,30,45,14,31,36,32,4,64,21,43
S01010853,420,202,218,24,13,11,38,15,23,40,26,14,51,9,42,48,44,4,54,9,45,55,21,34,44,36,8,66,29,37
S01010854,379,174,205,12,6,6,31,15,16,33,19,14,36,11,25,43,39,4,65,14,51,48,13,35,29,25,4,82,32,50
S01010855,242,118,124,7,3,4,12,3,9,12,6,6,21,6,15,32,30,2,44,7,37,43,19,24,23,20,3,48,24,24
S01010856,333,170,163,15,9,6,31,7,24,27,15,12,35,10,25,40,37,3,47,8,39,34,16,18,35,33,2,69,35,34
S01010857,425,194,231,14,8,6,66,31,35,52,32,20,64,18,46,51,47,4,59,9,50,50,9,41,29,23,6,40,17,23
S01010858,303,156,147,6,4,2,28,8,20,29,18,11,21,3,18,42,41,1,50,9,41,43,13,30,25,21,4,59,39,20
S01010859,287,146,141,13,7,6,20,5,15,24,17,7,18,7,11,36,34,2,47,9,38,44,18,26,29,26,3,56,23,33
S01010860,279,124,155,13,6,7,26,8,18,25,15,10,33,5,28,32,28,4,34,0,34,41,16,25,25,19,6,50,27,23
S01010861,244,120,124,17,14,3,21,5,16,24,17,7,27,2,25,18,16,2,36,9,27,29,13,16,18,15,3,54,29,25
S01010862,176,90,86,8,5,3,14,6,8,9,8,1,13,5,8,14,14,0,32,5,27,29,11,18,13,12,1,44,24,20
S01010863,345,174,171,30,20,10,78,36,42,53,38,15,40,9,31,21,21,0,33,11,22,41,12,29,13,10,3,36,17,19
S01010864,290,149,141,23,16,7,93,33,60,39,25,14,42,11,31,28,28,0,16,5,11,18,7,11,11,10,1,20,14,6
S01010865,301,159,142,37,23,14,95,55,40,42,27,15,36,6,30,24,22,2,27,4,23,17,10,7,3,3,0,20,9,11
S01010866,267,141,126,30,20,10,76,39,37,50,28,22,28,6,22,20,19,1,19,2,17,20,10,10,7,6,1,17,11,6
S01010867,297,156,141,46,28,18,70,32,38,45,24,21,25,6,19,23,22,1,26,10,16,27,11,16,12,9,3,23,14,9
S01010868,337,162,175,22,13,9,88,40,48,59,31,28,43,13,30,23,22,1,24,6,18,41,13,28,8,6,2,29,18,11
S01010869,374,188,186,40,32,8,108,48,60,45,24,21,56,11,45,34,34,0,34,12,22,31,13,18,8,8,0,18,6,12
S01010870,381,186,195,30,20,10,85,36,49,65,42,23,50,13,37,26,21,5,30,4,26,56,23,33,17,13,4,22,14,8
S01010871,424,211,213,41,21,20,100,34,66,63,42,21,49,10,39,39,38,1,39,7,32,37,16,21,21,18,3,35,25,10
S01010872,353,174,179,22,13,9,58,22,36,44,29,15,52,7,45,41,37,4,39,7,32,32,9,23,27,25,2,38,25,13
S01010873,175,85,90,6,3,3,11,4,7,24,18,6,16,4,12,14,14,0,26,6,20,26,7,19,18,16,2,34,13,21
S01010874,403,203,200,28,18,10,99,37,62,59,38,21,55,19,36,41,38,3,36,9,27,41,16,25,16,14,2,28,14,14
S01010875,273,132,141,21,9,12,43,18,25,42,28,14,27,6,21,24,22,2,32,7,25,39,9,30,10,8,2,35,25,10
S01010876,328,144,184,18,10,8,44,15,29,44,21,23,43,14,29,36,33,3,33,7,26,57,18,39,18,13,5,35,13,22
S01010877,425,209,216,24,17,7,72,37,35,69,37,32,64,17,47,32,30,2,45,5,40,52,19,33,25,23,2,42,24,18
S01010878,424,236,188,21,13,8,36,16,20,66,40,26,49,18,31,63,61,2,57,14,43,46,18,28,30,25,5,56,31,25
S01010879,447,219,228,29,14,15,48,14,34,61,37,24,62,15,47,70,64,6,52,10,42,42,15,27,29,26,3,54,24,30
S01010880,218,100,118,3,0,3,20,4,16,27,14,13,24,3,21,33,30,3,28,10,18,21,3,18,20,18,2,42,18,24
S01010881,267,131,136,9,6,3,34,13,21,39,22,17,31,10,21,29,27,2,40,9,31,31,11,20,19,15,4,35,18,17
S01010882,298,149,149,16,9,7,29,9,20,42,23,19,32,9,23,37,35,2,43,9,34,41,16,25,26,21,5,32,18,14
S01010883,464,236,228,26,21,5,69,29,40,63,44,19,60,20,40,64,59,5,60,9,51,63,18,45,21,17,4,38,19,19
S01010884,236,116,120,7,3,4,20,6,14,17,10,7,31,7,24,26,24,2,37,6,31,20,7,13,33,26,7,45,27,18
S01010885,333,154,179,14,8,6,35,14,21,51,28,23,32,7,25,36,30,6,41,7,34,54,17,37,23,16,7,47,27,20
S01010886,209,101,108,6,4,2,25,13,12,23,10,13,32,11,21,34,32,2,25,4,21,31,7,24,16,14,2,17,6,11
S01010887,249,126,123,8,6,2,24,8,16,26,15,11,22,8,14,30,27,3,36,10,26,37,8,29,19,16,3,47,28,19
S01010888,342,164,178,8,4,4,37,15,22,42,19,23,37,10,27,40,39,1,54,9,45,44,16,28,28,25,3,52,27,25
S01010889,214,110,104,8,5,3,26,11,15,16,7,9,22,4,18,23,20,3,26,5,21,26,11,15,27,22,5,40,25,15
S01010890,227,103,124,13,7,6,16,5,11,24,10,14,22,11,11,18,15,3,34,6,28,35,14,21,22,17,5,43,18,25
S01010891,107,58,49,3,2,1,7,3,4,13,7,6,8,3,5,13,11,2,10,2,8,15,6,9,9,7,2,29,17,12
S01010892,311,151,160,13,6,7,30,15,15,35,9,26,44,18,26,38,36,2,39,4,35,41,20,21,21,16,5,50,27,23
S01010893,169,80,89,6,1,5,11,3,8,8,7,1,17,3,14,15,12,3,27,8,19,33,7,26,23,18,5,29,21,8
S01010894,289,135,154,14,9,5,44,21,23,41,24,17,41,12,29,33,32,1,31,3,28,44,10,34,19,14,5,22,10,12
S01010895,134,62,72,4,3,1,21,7,14,15,9,6,25,6,19,11,10,1,11,2,9,11,7,4,8,3,5,28,15,13
S01010896,240,115,125,11,5,6,10,7,3,28,14,14,24,4,20,30,24,6,29,6,23,33,9,24,28,24,4,47,22,25
S01010897,307,156,151,9,3,6,26,14,12,26,12,14,27,10,17,27,26,1,37,5,32,41,19,22,30,26,4,84,41,43
S01010898,244,130,114,5,2,3,10,4,6,25,13,12,17,7,10,36,32,4,48,8,40,24,6,18,32,27,5,47,31,16
S01010899,309,159,150,14,7,7,38,11,27,30,15,15,29,9,20,43,41,2,43,8,35,29,14,15,25,23,2,58,31,27
S01010900,260,118,142,11,5,6,21,11,10,25,12,13,26,7,19,34,30,4,43,7,36,36,11,25,20,16,4,44,19,25
S01010901,150,63,87,2,1,1,5,0,5,14,6,8,10,5,5,17,14,3,25,7,18,21,4,17,14,10,4,42,16,26
S01010902,409,200,209,23,14,9,43,16,27,39,25,14,45,15,30,52,49,3,55,9,46,48,15,33,31,25,6,73,32,41
S01010903,265,120,145,8,4,4,12,4,8,22,9,13,23,4,19,28,25,3,49,13,36,38,8,30,19,15,4,66,38,28
S01010904,207,100,107,4,2,2,12,6,6,19,10,9,24,4,20,26,24,2,31,6,25,29,8,21,24,20,4,38,20,18
S01010905,299,146,153,19,12,7,40,16,24,45,29,16,40,8,32,37,35,2,37,5,32,32,7,25,22,20,2,27,14,13
S01010906,443,220,223,25,12,13,39,12,27,52,24,28,35,7,28,64,59,5,64,14,50,45,15,30,45,37,8,74,40,34
S01010907,317,157,160,31,22,9,69,26,43,46,21,25,34,8,26,27,26,1,32,9,23,32,13,19,21,15,6,25,17,8
S01010908,277,143,134,20,12,8,46,24,22,25,19,6,27,10,17,31,29,2,28,6,22,42,14,28,23,15,8,35,14,21
S01010909,349,176,173,26,13,13,61,25,36,45,29,16,53,12,41,39,37,2,27,4,23,44,15,29,28,25,3,26,16,10
S01010910,179,85,94,6,3,3,11,3,8,23,13,10,23,5,18,15,12,3,27,5,22,32,15,17,16,12,4,26,17,9
S01010911,173,90,83,6,5,1,20,10,10,21,12,9,22,3,19,17,16,1,28,7,21,15,4,11,13,12,1,31,21,10
S01010912,196,92,104,12,7,5,21,10,11,22,9,13,14,0,14,30,27,3,18,5,13,26,5,21,22,18,4,31,11,20
S01010913,328,176,152,18,13,5,44,21,23,41,24,17,40,10,30,44,42,2,29,6,23,53,17,36,33,27,6,26,16,10
S01010914,376,179,197,16,6,10,27,8,19,55,32,23,60,10,50,46,40,6,37,6,31,47,13,34,42,34,8,46,30,16
S01010915,389,189,200,21,12,9,38,14,24,43,26,17,46,7,39,55,52,3,42,10,32,50,13,37,48,37,11,46,18,28
S01010916,178,93,85,10,8,2,9,2,7,16,9,7,15,1,14,25,25,0,27,8,19,24,9,15,19,12,7,33,19,14
S01010917,309,159,150,20,9,11,32,13,19,28,16,12,47,11,36,48,45,3,36,8,28,29,11,18,30,23,7,39,23,16
S01010918,277,134,143,10,7,3,22,7,15,25,13,12,33,12,21,43,38,5,36,8,28,40,7,33,32,22,10,36,20,16
S01010919,325,157,168,9,3,6,25,7,18,32,23,9,35,4,31,39,34,5,54,10,44,35,15,20,48,34,14,48,27,21
S01010920,197,90,107,16,8,8,15,8,7,16,7,9,15,3,12,27,24,3,22,3,19,24,7,17,15,9,6,47,21,26
S01010921,248,128,120,3,3,0,13,4,9,22,14,8,25,6,19,30,29,1,36,4,32,31,13,18,38,30,8,50,25,25
S01010922,301,145,156,12,5,7,16,10,6,28,14,14,19,3,16,36,31,5,55,10,45,40,18,22,36,29,7,59,25,34
S01010923,345,157,188,14,6,8,21,9,12,31,13,18,49,9,40,54,46,8,57,8,49,39,12,27,39,33,6,41,21,20
S01010924,270,141,129,12,6,6,13,5,8,20,10,10,27,8,19,38,33,5,36,5,31,34,10,24,41,33,8,49,31,18
S01010925,311,156,155,8,4,4,20,5,15,27,18,9,24,6,18,36,32,4,47,12,35,57,24,33,35,26,9,57,29,28
S01010926,313,147,166,12,4,8,13,6,7,19,8,11,44,10,34,42,37,5,52,14,38,42,12,30,37,32,5,52,24,28
S01010927,232,116,116,13,6,7,17,7,10,16,9,7,28,8,20,39,31,8,29,6,23,23,6,17,29,22,7,38,21,17
S01010928,259,131,128,10,7,3,10,4,6,21,11,10,22,5,17,34,32,2,37,5,32,36,11,25,35,26,9,54,30,24
S01010929,227,101,126,10,3,7,7,3,4,13,4,9,18,5,13,34,32,2,32,6,26,32,5,27,26,20,6,55,23,32
S01010930,520,269,251,67,46,21,149,72,77,83,41,42,48,8,40,59,54,5,39,5,34,19,7,12,20,20,0,36,16,20
S01010931,217,116,101,26,13,13,48,22,26,28,12,16,20,2,18,42,35,7,12,3,9,13,5,8,13,12,1,15,12,3
S01010932,265,130,135,24,16,8,36,16,20,18,13,5,36,8,28,37,33,4,42,4,38,19,7,12,26,21,5,27,12,15
S01010933,399,217,182,55,33,22,99,45,54,68,41,27,43,6,37,46,43,3,20,5,15,25,13,12,19,18,1,24,13,11
S01010934,549,287,262,59,33,26,128,59,69,86,56,30,67,13,54,50,46,4,46,6,40,53,30,23,29,26,3,31,18,13
S01010935,259,137,122,26,16,10,60,29,31,32,18,14,38,10,28,23,17,6,23,5,18,17,10,7,18,18,0,22,14,8
S01010936,352,171,181,20,9,11,55,31,24,55,33,22,65,8,57,43,34,9,30,4,26,37,18,19,15,14,1,32,20,12
S01010937,412,202,210,46,27,19,50,21,29,54,33,21,70,13,57,59,54,5,40,4,36,46,13,33,22,21,1,25,16,9
S01010938,327,161,166,18,10,8,21,8,13,32,18,14,34,6,28,46,41,5,46,2,44,47,16,31,25,24,1,58,36,22
S01010939,267,151,116,11,5,6,43,25,18,27,20,7,35,11,24,42,41,1,36,8,28,31,10,21,20,19,1,22,12,10
S01010940,369,185,184,34,19,15,74,35,39,58,34,24,62,16,46,27,26,1,38,7,31,30,10,20,14,14,0,32,24,8
S01010941,453,237,216,33,20,13,90,40,50,76,54,22,78,17,61,53,48,5,34,6,28,41,15,26,23,22,1,25,15,10
S01010942,336,180,156,24,14,10,68,34,34,55,35,20,49,17,32,35,30,5,36,5,31,36,19,17,11,11,0,22,15,7
S01010943,304,145,159,14,5,9,35,14,21,39,20,19,36,8,28,42,39,3,41,5,36,36,13,23,21,21,0,40,20,20
S01010944,267,131,136,9,4,5,22,12,10,30,12,18,29,7,22,36,31,5,35,9,26,29,10,19,24,23,1,53,23,30
S01010945,288,133,155,17,8,9,21,9,12,27,17,10,50,13,37,29,26,3,31,5,26,31,8,23,22,21,1,60,26,34
S01010946,407,210,197,22,13,9,28,11,17,40,19,21,51,13,38,67,61,6,63,9,54,44,15,29,35,34,1,57,35,22
S01010947,248,130,118,12,7,5,20,8,12,22,14,8,32,7,25,38,33,5,31,4,27,36,12,24,21,20,1,36,25,11
S01010948,325,169,156,23,12,11,30,11,19,32,19,13,47,13,34,40,39,1,38,7,31,36,15,21,25,20,5,54,33,21
S01010949,509,252,257,36,25,11,99,40,59,79,54,25,89,18,71,58,48,10,42,8,34,49,18,31,22,21,1,35,20,15
S01010950,380,193,187,30,20,10,47,23,24,48,25,23,49,10,39,62,52,10,42,9,33,31,6,25,22,20,2,49,28,21
S01010951,324,166,158,21,11,10,37,18,19,32,20,12,42,6,36,55,45,10,39,3,36,33,10,23,28,27,1,37,26,11
S01010952,300,160,140,24,12,12,45,22,23,28,20,8,40,14,26,46,42,4,35,4,31,34,8,26,21,21,0,27,17,10
S01010953,316,160,156,13,8,5,38,18,20,37,24,13,49,11,38,53,47,6,32,3,29,39,16,23,19,16,3,36,17,19
S01010954,393,232,161,26,17,9,31,13,18,126,96,30,56,14,42,41,32,9,31,3,28,31,10,21,29,29,0,22,18,4
S01010955,479,282,197,43,32,11,79,44,35,155,118,37,46,9,37,33,28,5,43,5,38,35,12,23,19,19,0,26,15,11
S01010956,382,201,181,42,29,13,86,46,40,61,29,32,26,4,22,60,51,9,34,5,29,18,4,14,17,15,2,38,18,20
S01010957,303,151,152,26,17,9,65,34,31,38,30,8,51,12,39,27,25,2,31,5,26,30,6,24,17,16,1,18,6,12
S01010958,231,122,109,20,11,9,42,15,27,39,22,17,22,7,15,30,28,2,24,7,17,22,7,15,14,13,1,18,12,6
S01010959,299,136,163,27,19,8,58,22,36,46,21,25,37,5,32,28,26,2,36,7,29,27,12,15,16,13,3,24,11,13
S01010960,524,267,257,38,23,15,71,33,38,47,27,20,60,9,51,85,78,7,68,6,62,47,15,32,37,34,3,71,42,29
S01010961,270,138,132,15,6,9,32,11,21,27,17,10,38,12,26,32,31,1,28,5,23,37,15,22,18,17,1,43,24,19
S01010962,262,135,127,21,11,10,26,11,15,23,15,8,30,5,25,29,27,2,29,3,26,26,8,18,23,21,2,55,34,21
S01010963,513,249,264,52,34,18,77,37,40,64,27,37,90,11,79,57,52,5,45,11,34,51,17,34,44,39,5,33,21,12
S01010964,255,129,126,11,6,5,30,12,18,22,14,8,37,4,33,45,40,5,27,3,24,27,12,15,17,17,0,39,21,18
S01010965,243,122,121,16,11,5,18,9,9,20,10,10,26,5,21,42,37,5,22,2,20,33,12,21,20,20,0,46,16,30
S01010966,333,166,167,19,13,6,29,12,17,33,16,17,41,4,37,53,45,8,40,7,33,39,12,27,30,26,4,49,31,18
S01010967,311,151,160,9,2,7,36,12,24,25,19,6,40,12,28,46,36,10,42,4,38,37,13,24,28,28,0,48,25,23
S01010968,341,170,171,16,12,4,37,13,24,42,27,15,57,10,47,44,41,3,45,8,37,39,12,27,24,23,1,37,24,13
S01010969,274,134,140,16,9,7,46,24,22,34,21,13,52,7,45,38,33,5,31,1,30,16,7,9,20,17,3,21,15,6
S01010970,477,259,218,34,20,14,73,39,34,58,36,22,65,12,53,71,67,4,46,4,42,34,14,20,41,40,1,55,27,28
S01010971,559,283,276,41,29,12,84,37,47,72,40,32,87,17,70,79,74,5,65,15,50,42,13,29,31,29,2,58,29,29
S01010972,376,196,180,17,9,8,25,9,16,24,12,12,33,8,25,75,68,7,64,9,55,53,18,35,31,31,0,54,32,22
S01010973,247,131,116,10,7,3,18,10,8,19,12,7,47,10,37,45,42,3,33,7,26,31,5,26,26,24,2,18,14,4
S01010974,342,177,165,15,9,6,20,10,10,20,16,4,41,10,31,48,44,4,55,5,50,32,8,24,36,33,3,75,42,33
S01010975,203,107,96,9,7,2,9,5,4,12,7,5,23,7,16,38,34,4,37,3,34,20,6,14,27,25,2,28,13,15
S01010976,267,134,133,17,8,9,21,9,12,33,19,14,41,10,31,37,35,2,40,6,34,25,7,18,28,27,1,25,13,12
S01010977,370,175,195,19,6,13,48,21,27,42,27,15,55,13,42,52,50,2,53,8,45,38,12,26,21,19,2,42,19,23
S01010978,335,168,167,16,11,5,30,11,19,26,15,11,45,10,35,54,50,4,61,12,49,36,13,23,24,22,2,43,24,19
S01010979,392,184,208,17,12,5,32,13,19,32,16,16,49,11,38,58,50,8,81,11,70,41,15,26,38,36,2,44,20,24
S01010980,342,158,184,20,12,8,41,19,22,44,23,21,48,8,40,42,39,3,48,8,40,36,7,29,29,27,2,34,15,19
S01010981,312,146,166,25,15,10,36,11,25,22,11,11,38,7,31,56,50,6,40,6,34,41,12,29,21,18,3,33,16,17
S01010982,566,310,256,65,44,21,159,89,70,74,38,36,62,17,45,68,63,5,48,8,40,27,6,21,26,23,3,37,22,15
S01010983,388,201,187,27,18,9,63,28,35,42,29,13,65,11,54,45,44,1,49,9,40,30,14,16,32,31,1,35,17,18
S01010984,269,140,129,31,23,8,35,14,21,40,26,14,37,8,29,30,27,3,31,2,29,24,9,15,19,19,0,22,12,10
S01010985,302,153,149,11,5,6,34,12,22,31,20,11,53,7,46,56,55,1,35,5,30,25,8,17,22,20,2,35,21,14
S01010986,304,160,144,38,21,17,45,26,19,60,34,26,45,8,37,35,34,1,25,3,22,28,11,17,14,14,0,14,9,5
S01010987,349,184,165,39,31,8,73,30,43,73,48,25,52,9,43,33,30,3,21,4,17,23,10,13,21,17,4,14,5,9
S01010988,348,173,175,51,37,14,64,29,35,50,36,14,55,5,50,21,19,2,23,1,22,39,13,26,22,20,2,23,13,10
S01010989,625,312,313,53,41,12,129,55,74,129,80,49,99,18,81,65,65,0,59,8,51,56,22,34,17,14,3,18,9,9
S01010990,378,187,191,18,8,10,33,18,15,34,22,12,55,10,45,65,60,5,71,8,63,48,20,28,23,23,0,31,18,13
S01010991,291,144,147,28,20,8,45,22,23,42,21,21,47,10,37,35,32,3,35,5,30,21,6,15,16,13,3,22,15,7
S01010992,316,167,149,47,30,17,98,46,52,65,37,28,25,2,23,28,28,0,19,3,16,17,6,11,8,7,1,9,8,1
S01010993,336,167,169,34,17,17,43,22,21,58,37,21,57,9,48,47,42,5,27,2,25,30,11,19,13,11,2,27,16,11
S01010994,536,275,261,63,42,21,157,79,78,95,50,45,70,23,47,36,32,4,39,6,33,36,13,23,17,17,0,23,13,10
S01010995,406,194,212,26,19,7,59,20,39,65,40,25,78,13,65,45,45,0,30,3,27,52,15,37,26,24,2,25,15,10
S01010996,320,165,155,40,30,10,90,42,48,47,27,20,44,11,33,25,24,1,26,6,20,21,5,16,15,14,1,12,6,6
S01010997,289,154,135,34,22,12,78,40,38,53,33,20,44,7,37,26,25,1,21,4,17,16,8,8,10,9,1,7,6,1
S01010998,289,148,141,55,33,22,98,50,48,34,14,20,27,3,24,20,19,1,11,4,7,21,6,15,11,10,1,12,9,3
S01010999,381,198,183,59,36,23,111,53,58,51,25,26,47,12,35,29,26,3,33,11,22,22,10,12,10,10,0,19,15,4
S01011000,439,234,205,50,32,18,74,38,36,52,30,22,51,11,40,53,48,5,46,7,39,42,15,27,29,27,2,42,26,16
S01011001,315,162,153,14,8,6,22,9,13,25,14,11,55,12,43,45,42,3,43,9,34,34,11,23,32,32,0,45,25,20
S01011002,331,166,165,13,7,6,25,9,16,33,14,19,41,6,35,51,48,3,40,8,32,27,7,20,28,26,2,73,41,32
S01011003,321,156,165,23,11,12,17,5,12,23,14,9,44,6,38,55,48,7,47,7,40,34,8,26,25,25,0,53,32,21
S01011004,340,166,174,31,18,13,60,33,27,33,19,14,55,7,48,40,36,4,35,5,30,31,11,20,21,18,3,34,19,15
S01011005,295,152,143,11,7,4,29,10,19,37,25,12,46,12,34,47,42,5,39,10,29,33,9,24,22,20,2,31,17,14
S01011006,554,282,272,56,31,25,67,28,39,88,44,44,71,11,60,78,73,5,62,13,49,44,18,26,32,31,1,56,33,23
S01011007,305,153,152,13,8,5,16,10,6,15,4,11,37,8,29,70,57,13,43,4,39,32,11,21,23,22,1,56,29,27
S01011008,361,188,173,20,11,9,24,14,10,20,12,8,54,9,45,70,62,8,42,11,31,36,12,24,29,28,1,66,29,37
S01011009,281,130,151,18,8,10,8,1,7,19,12,7,43,6,37,46,41,5,38,6,32,26,7,19,28,24,4,55,25,30
S01011010,264,138,126,15,7,8,38,13,25,26,17,9,37,11,26,32,31,1,34,9,25,22,6,16,20,19,1,40,25,15
S01011011,314,156,158,18,12,6,23,14,9,28,12,16,47,7,40,47,41,6,43,10,33,34,11,23,23,21,2,51,28,23
S01011012,273,132,141,11,4,7,24,12,12,18,6,12,18,4,14,50,42,8,39,5,34,29,6,23,32,27,5,52,26,26
S01011013,367,186,181,17,12,5,22,11,11,35,16,19,45,12,33,61,52,9,67,8,59,30,9,21,30,29,1,60,37,23
S01011014,458,231,227,29,20,9,45,20,25,52,28,24,76,17,59,59,54,5,64,11,53,54,21,33,35,32,3,44,28,16
S01011015,241,119,122,17,8,9,25,9,16,34,16,18,31,10,21,32,30,2,35,6,29,22,9,13,16,16,0,29,15,14
S01011016,495,257,238,60,38,22,89,41,48,80,51,29,71,15,56,67,58,9,39,7,32,40,11,29,26,23,3,23,13,10
S01011017,438,216,222,53,26,27,106,52,54,54,26,28,56,9,47,57,51,6,42,6,36,24,11,13,24,22,2,22,13,9
S01011018,423,225,198,28,15,13,56,20,36,58,33,25,43,5,38,84,74,10,31,8,23,42,19,23,30,27,3,51,24,27
S01011019,530,279,251,58,40,18,105,50,55,64,32,32,53,10,43,83,71,12,50,6,44,38,15,23,30,28,2,49,27,22
S01011020,255,136,119,29,19,10,64,33,31,34,15,19,34,2,32,46,40,6,11,0,11,13,8,5,14,11,3,10,8,2
S01011021,395,201,194,25,12,13,30,8,22,36,22,14,50,5,45,66,59,7,53,13,40,33,13,20,39,37,2,63,32,31
S01011022,269,134,135,8,3,5,15,6,9,13,10,3,28,3,25,38,34,4,33,8,25,36,11,25,30,28,2,68,31,37
S01011023,409,206,203,25,16,9,44,16,28,28,15,13,52,9,43,68,62,6,56,9,47,38,12,26,41,36,5,57,31,26
S01011024,321,152,169,20,10,10,16,10,6,24,15,9,35,4,31,60,49,11,54,7,47,35,12,23,25,24,1,52,21,31
S01011025,351,171,180,15,6,9,17,5,12,16,8,8,54,13,41,50,43,7,47,6,41,43,17,26,42,38,4,67,35,32
S01011026,265,137,128,11,6,5,11,5,6,12,7,5,33,5,28,48,46,2,45,12,33,32,11,21,26,22,4,47,23,24
S01011027,386,198,188,12,9,3,23,11,12,23,14,9,46,8,38,49,45,4,60,8,52,37,11,26,46,45,1,90,47,43
S01011028,371,185,186,14,6,8,26,9,17,18,10,8,39,12,27,55,47,8,56,6,50,39,12,27,48,44,4,76,39,37
S01011029,297,153,144,16,9,7,21,13,8,30,17,13,36,6,30,53,48,5,44,6,38,33,12,21,24,23,1,40,19,21
S01011030,552,284,268,33,20,13,63,26,37,56,36,20,102,20,82,82,76,6,61,12,49,49,13,36,51,46,5,55,35,20
S01011031,309,143,166,9,6,3,23,8,15,17,8,9,40,5,35,52,43,9,56,11,45,20,8,12,28,24,4,64,30,34
S01011032,355,180,175,21,13,8,22,10,12,34,20,14,48,10,38,49,46,3,60,15,45,38,6,32,29,24,5,54,36,18
S01011033,360,186,174,20,16,4,50,21,29,42,19,23,55,11,44,54,50,4,48,10,38,28,13,15,30,27,3,33,19,14
S01011034,299,138,161,24,11,13,33,11,22,42,27,15,23,0,23,37,34,3,53,7,46,36,13,23,16,15,1,35,20,15
S01011035,311,155,156,20,11,9,29,9,20,28,14,14,36,6,30,44,40,4,38,6,32,39,15,24,23,19,4,54,35,19
S01011036,341,177,164,35,20,15,42,18,24,47,30,17,48,8,40,35,32,3,29,5,24,43,15,28,34,32,2,28,17,11
S01011037,415,211,204,38,20,18,35,14,21,35,19,16,46,8,38,56,47,9,63,15,48,55,23,32,34,33,1,53,32,21
S01011038,348,174,174,12,7,5,16,8,8,10,6,4,37,10,27,68,58,10,67,13,54,38,8,30,30,28,2,70,36,34
S01011039,400,220,180,17,12,5,44,22,22,51,29,22,61,15,46,52,50,2,52,9,43,35,11,24,41,40,1,47,32,15
S01011040,308,153,155,21,8,13,23,9,14,17,13,4,38,8,30,67,61,6,45,4,41,28,8,20,17,13,4,52,29,23
S01011041,278,130,148,13,8,5,26,9,17,23,12,11,29,3,26,41,37,4,40,6,34,37,11,26,16,15,1,53,29,24
S01011042,430,212,218,46,30,16,62,29,33,45,21,24,74,15,59,66,60,6,43,5,38,36,9,27,27,24,3,31,19,12
S01011043,302,158,144,23,12,11,37,12,25,18,11,7,31,6,25,45,41,4,51,10,41,20,9,11,40,38,2,37,19,18
S01011044,309,147,162,21,12,9,26,10,16,40,20,20,40,8,32,39,35,4,41,6,35,28,8,20,34,30,4,40,18,22
S01011045,386,211,175,35,20,15,34,18,16,45,30,15,42,2,40,80,64,16,37,5,32,18,4,14,45,40,5,50,28,22
S01011046,458,268,190,52,29,23,35,12,23,45,32,13,41,3,38,111,94,17,38,3,35,25,10,15,53,47,6,58,38,20
S01011047,465,253,212,35,27,8,57,18,39,42,24,18,45,11,34,114,98,16,34,2,32,22,3,19,58,53,5,58,17,41
S01011048,470,244,226,36,18,18,44,16,28,38,22,16,32,3,29,94,89,5,57,7,50,24,3,21,65,53,12,80,33,47
S01011049,351,195,156,9,4,5,31,11,20,26,15,11,24,1,23,54,51,3,37,5,32,21,5,16,79,70,9,70,33,37
S01011050,411,231,180,34,20,14,43,18,25,52,31,21,23,3,20,84,75,9,51,3,48,20,5,15,52,48,4,52,28,24
S01011051,476,254,222,47,29,18,57,25,32,37,22,15,38,5,33,91,79,12,51,6,45,21,1,20,66,57,9,68,30,38
S01011052,370,188,182,37,22,15,53,20,33,31,15,16,20,3,17,61,57,4,40,4,36,19,7,12,53,40,13,56,20,36
S01011053,293,161,132,18,9,9,27,6,21,19,9,10,26,3,23,55,50,5,29,7,22,14,2,12,37,31,6,68,44,24
S01011054,279,148,131,27,19,8,35,14,21,25,15,10,26,4,22,48,43,5,31,4,27,14,4,10,36,29,7,37,16,21
S01011055,297,171,126,18,13,5,47,18,29,28,13,15,25,3,22,64,60,4,40,7,33,4,0,4,37,35,2,34,22,12
S01011056,372,209,163,30,16,14,49,20,29,34,21,13,23,2,21,95,83,12,37,3,34,18,3,15,43,33,10,43,28,15
S01011057,313,180,133,20,12,8,20,8,12,27,13,14,28,4,24,82,70,12,23,1,22,21,9,12,48,39,9,44,24,20
S01011058,348,187,161,25,14,11,44,12,32,42,24,18,30,6,24,89,75,14,24,1,23,30,6,24,34,31,3,30,18,12
S01011059,323,183,140,23,15,8,38,16,22,32,21,11,32,3,29,80,73,7,20,0,20,21,6,15,42,35,7,35,14,21
S01011060,394,215,179,26,20,6,47,23,24,32,21,11,43,2,41,75,66,9,43,5,38,34,10,24,42,39,3,52,29,23
S01011061,425,219,206,16,8,8,19,6,13,23,14,9,31,3,28,79,67,12,51,2,49,49,11,38,86,76,10,71,32,39
S01011062,486,271,215,34,19,15,36,19,17,30,18,12,48,7,41,116,106,10,53,7,46,45,9,36,55,48,7,69,38,31
S01011063,462,230,232,18,10,8,36,16,20,28,17,11,37,6,31,92,84,8,63,7,56,54,9,45,64,48,16,70,33,37
S01011064,517,279,238,50,26,24,43,15,28,34,17,17,55,5,50,102,93,9,45,4,41,39,8,31,58,52,6,91,59,32
S01011065,327,188,139,33,24,9,38,15,23,33,21,12,29,4,25,59,59,0,35,4,31,22,10,12,37,32,5,41,19,22
S01011066,231,121,110,25,15,10,33,16,17,16,9,7,27,4,23,46,42,4,22,1,21,16,4,12,19,15,4,27,15,12
S01011067,236,134,102,20,9,11,27,12,15,23,15,8,15,1,14,58,55,3,31,5,26,14,3,11,29,27,2,19,7,12
S01011068,242,129,113,16,9,7,16,4,12,23,19,4,20,3,17,40,40,0,37,5,32,20,3,17,35,32,3,35,14,21
S01011069,244,138,106,19,14,5,29,11,18,25,18,7,14,4,10,46,42,4,29,2,27,21,5,16,30,29,1,31,13,18
S01011070,310,177,133,17,8,9,36,19,17,36,25,11,27,4,23,63,60,3,34,6,28,26,8,18,38,33,5,33,14,19
S01011071,388,221,167,37,23,14,44,20,24,40,30,10,43,9,34,79,75,4,37,2,35,28,8,20,42,38,4,38,16,22
S01011072,516,271,245,45,27,18,47,13,34,62,44,18,49,1,48,97,83,14,59,4,55,32,7,25,72,63,9,53,29,24
S01011073,354,200,154,20,12,8,29,13,16,38,27,11,28,8,20,66,61,5,46,8,38,33,8,25,44,37,7,50,26,24
S01011074,320,176,144,10,6,4,33,13,20,30,26,4,29,8,21,60,58,2,43,2,41,32,5,27,49,42,7,34,16,18
S01011075,313,159,154,18,12,6,6,1,5,12,8,4,20,3,17,62,54,8,33,5,28,36,7,29,67,48,19,59,21,38
S01011076,331,183,148,20,11,9,16,8,8,26,19,7,24,3,21,60,53,7,49,4,45,31,9,22,61,54,7,44,22,22
S01011077,300,138,162,6,4,2,12,4,8,23,12,11,21,5,16,57,48,9,43,6,37,24,1,23,39,30,9,75,28,47
S01011078,532,290,242,53,33,20,59,23,36,46,33,13,39,6,33,91,82,9,59,8,51,48,12,36,76,65,11,61,28,33
S01011079,541,311,230,41,27,14,45,14,31,42,37,5,38,3,35,119,98,21,46,3,43,38,7,31,92,81,11,80,41,39
S01011080,468,256,212,24,16,8,44,19,25,35,21,14,48,10,38,78,71,7,51,4,47,41,5,36,94,79,15,53,31,22
S01011081,380,208,172,15,9,6,25,10,15,29,22,7,21,8,13,70,61,9,48,4,44,46,6,40,59,56,3,67,32,35
S01011082,212,111,101,8,4,4,10,4,6,14,11,3,9,0,9,40,35,5,24,2,22,22,2,20,38,32,6,47,21,26
S01011083,370,209,161,19,11,8,47,18,29,35,25,10,22,5,17,77,69,8,43,5,38,36,9,27,47,40,7,44,27,17
S01011084,372,203,169,33,19,14,52,24,28,51,28,23,26,4,22,68,62,6,50,7,43,22,5,17,34,31,3,36,23,13
S01011085,442,219,223,37,23,14,88,36,52,48,31,17,61,9,52,56,49,7,37,2,35,25,9,16,42,36,6,48,24,24
S01011086,311,187,124,30,19,11,41,14,27,33,26,7,32,9,23,63,58,5,28,5,23,20,9,11,33,32,1,31,15,16
S01011087,286,149,137,21,14,7,18,5,13,39,15,24,20,2,18,50,46,4,20,1,19,28,8,20,43,31,12,47,27,20
S01011088,457,235,222,42,25,17,79,29,50,65,40,25,43,8,35,72,62,10,37,6,31,31,8,23,39,33,6,49,24,25
S01011089,276,138,138,14,8,6,30,10,20,24,16,8,15,2,13,36,35,1,41,4,37,32,6,26,33,32,1,51,25,26
S01011090,369,206,163,29,20,9,48,13,35,39,25,14,41,7,34,87,79,8,25,3,22,24,5,19,40,36,4,36,18,18
S01011091,360,203,157,37,23,14,47,21,26,44,29,15,39,8,31,72,63,9,37,6,31,17,5,12,34,27,7,33,21,12
S01011092,186,90,96,12,5,7,18,8,10,19,9,10,15,3,12,24,23,1,29,3,26,17,3,14,12,12,0,40,24,16
S01011093,336,185,151,42,23,19,62,25,37,30,21,9,31,2,29,60,51,9,26,2,24,22,7,15,38,36,2,25,18,7
S01011094,275,148,127,41,22,19,45,14,31,51,32,19,23,6,17,37,35,2,21,2,19,12,2,10,26,24,2,19,11,8
S01011095,436,245,191,58,41,17,73,25,48,57,37,20,40,8,32,77,70,7,31,3,28,27,9,18,28,24,4,45,28,17
S01011096,315,166,149,30,20,10,50,19,31,57,36,21,21,0,21,53,49,4,30,4,26,24,7,17,16,12,4,34,19,15
S01011097,376,204,172,25,17,8,65,26,39,58,40,18,36,4,32,69,60,9,36,2,34,20,4,16,27,26,1,40,25,15
S01011098,402,216,186,30,16,14,46,17,29,61,43,18,36,5,31,64,61,3,43,8,35,41,8,33,39,34,5,42,24,18
S01011099,411,218,193,20,11,9,20,6,14,41,29,12,28,3,25,85,78,7,39,4,35,38,7,31,51,36,15,89,44,45
S01011100,209,115,94,7,3,4,26,8,18,22,15,7,18,2,16,43,42,1,22,4,18,23,10,13,20,20,0,28,11,17
S01011101,272,144,128,10,5,5,8,2,6,17,10,7,13,2,11,48,42,6,33,4,29,31,8,23,49,39,10,63,32,31
S01011102,301,151,150,10,5,5,24,8,16,32,21,11,15,1,14,38,35,3,36,9,27,26,5,21,48,36,12,72,31,41
S01011103,276,143,133,22,12,10,29,8,21,30,22,8,16,4,12,29,25,4,24,2,22,35,15,20,28,23,5,63,32,31
S01011104,280,144,136,24,14,10,55,29,26,51,26,25,21,5,16,23,21,2,21,3,18,21,8,13,25,18,7,39,20,19
S01011105,408,203,205,30,15,15,34,12,22,50,31,19,25,7,18,57,53,4,50,6,44,28,7,21,57,46,11,77,26,51
S01011106,451,248,203,16,8,8,19,5,14,162,132,30,25,1,24,50,43,7,49,4,45,43,5,38,34,26,8,53,24,29
S01011107,488,246,242,36,23,13,47,22,25,81,63,18,43,0,43,58,51,7,43,1,42,48,11,37,61,42,19,71,33,38
S01011108,299,154,145,20,15,5,21,8,13,43,30,13,20,1,19,56,48,8,41,5,36,32,9,23,33,25,8,33,13,20
S01011109,434,225,209,25,16,9,35,11,24,43,34,9,51,6,45,80,71,9,39,4,35,38,9,29,54,44,10,69,30,39
S01011110,369,188,181,21,12,9,23,10,13,30,24,6,37,2,35,61,59,2,43,4,39,47,8,39,41,33,8,66,36,30
S01011111,422,213,209,21,13,8,19,5,14,33,23,10,37,8,29,74,67,7,38,5,33,46,10,36,65,49,16,89,33,56
S01011112,514,258,256,42,26,16,56,19,37,82,56,26,57,4,53,82,77,5,56,5,51,44,7,37,49,42,7,46,22,24
S01011113,486,252,234,28,17,11,45,14,31,51,32,19,50,6,44,79,77,2,51,9,42,53,13,40,54,44,10,75,40,35
S01011114,403,216,187,23,14,9,39,15,24,58,39,19,43,6,37,77,72,5,47,6,41,39,11,28,40,35,5,37,18,19
S01011115,461,240,221,21,11,10,20,4,16,41,23,18,36,4,32,81,77,4,47,7,40,52,7,45,73,64,9,90,43,47
S01011116,333,179,154,17,10,7,31,13,18,42,34,8,33,4,29,63,57,6,30,3,27,48,15,33,29,24,5,40,19,21
S01011117,371,207,164,48,25,23,81,37,44,49,38,11,27,7,20,51,49,2,32,6,26,26,8,18,21,17,4,36,20,16
S01011118,413,209,204,47,29,18,115,51,64,49,32,17,34,4,30,47,42,5,29,7,22,23,7,16,28,23,5,41,14,27
S01011119,427,229,198,51,39,12,97,42,55,64,43,21,55,9,46,50,40,10,23,5,18,24,8,16,32,23,9,31,20,11
S01011120,297,156,141,40,30,10,82,34,48,43,29,14,27,5,22,29,24,5,23,3,20,25,9,16,13,13,0,15,9,6
S01011121,290,155,135,16,8,8,36,16,20,24,19,5,25,5,20,44,41,3,26,4,22,39,12,27,43,34,9,37,16,21
S01011122,337,174,163,14,9,5,56,19,37,43,30,13,31,6,25,58,48,10,25,3,22,31,8,23,38,32,6,41,19,22
S01011123,565,306,259,26,19,7,31,12,19,54,35,19,50,7,43,110,101,9,52,8,44,73,12,61,73,65,8,96,47,49
S01011124,345,175,170,22,15,7,30,11,19,47,33,14,32,2,30,61,58,3,35,2,33,39,10,29,35,27,8,44,17,27
S01011125,268,133,135,12,8,4,26,10,16,14,11,3,18,0,18,48,44,4,36,2,34,31,5,26,30,26,4,53,27,26
S01011126,250,134,116,10,5,5,16,3,13,65,55,10,22,4,18,25,23,2,32,3,29,26,6,20,26,22,4,28,13,15
S01011127,241,153,88,6,5,1,10,1,9,143,130,13,20,2,18,5,3,2,19,1,18,19,5,14,4,3,1,15,3,12
S01011128,362,191,171,28,13,15,34,11,23,60,47,13,41,11,30,56,52,4,31,5,26,35,9,26,32,25,7,45,18,27
S01011129,489,263,226,116,93,23,68,16,52,96,63,33,33,4,29,44,37,7,40,2,38,33,6,27,29,28,1,30,14,16
S01011130,273,151,122,16,12,4,30,11,19,45,31,14,36,9,27,37,34,3,25,7,18,26,9,17,19,15,4,39,23,16
S01011131,352,202,150,25,18,7,45,19,26,87,55,32,33,5,28,40,38,2,32,5,27,24,9,15,29,27,2,37,26,11
S01011132,465,262,203,45,28,17,61,23,38,93,69,24,43,6,37,62,59,3,58,14,44,42,19,23,23,21,2,38,23,15
S01011133,219,120,99,11,8,3,23,11,12,29,19,10,16,3,13,37,33,4,31,3,28,13,4,9,25,24,1,34,15,19
S01011134,400,231,169,27,17,10,36,12,24,90,67,23,47,7,40,59,56,3,23,2,21,32,16,16,33,29,4,53,25,28
S01011135,379,199,180,10,2,8,30,13,17,50,37,13,28,6,22,71,69,2,44,12,32,38,6,32,38,32,6,70,22,48
S01011136,326,172,154,25,15,10,40,18,22,63,44,19,25,0,25,47,44,3,41,5,36,20,7,13,28,23,5,37,16,21
S01011137,240,119,121,20,16,4,23,2,21,49,30,19,17,1,16,31,30,1,32,5,27,16,3,13,27,26,1,25,6,19
S01011138,335,183,152,10,9,1,14,4,10,70,55,15,19,4,15,42,41,1,54,8,46,38,6,32,31,28,3,57,28,29
S01011139,977,722,255,88,63,25,40,8,32,616,553,63,40,5,35,59,47,12,42,7,35,38,10,28,26,18,8,28,11,17
S01011140,278,144,134,8,4,4,16,8,8,48,32,16,33,6,27,50,47,3,30,5,25,21,4,17,31,25,6,41,13,28
S01011141,280,140,140,7,4,3,17,9,8,39,30,9,32,5,27,45,39,6,38,0,38,28,7,21,24,20,4,50,26,24
S01011142,435,231,204,46,25,21,98,45,53,68,45,23,32,7,25,53,47,6,53,8,45,26,12,14,26,24,2,33,18,15
S01011143,460,232,228,39,25,14,61,21,40,84,58,26,49,7,42,58,51,7,50,10,40,43,11,32,33,27,6,43,22,21
S01011144,370,200,170,28,21,7,60,20,40,62,48,14,33,5,28,52,48,4,54,11,43,17,6,11,28,24,4,36,17,19
S01011145,336,174,162,34,26,8,61,22,39,65,39,26,28,2,26,48,44,4,36,8,28,17,3,14,25,24,1,22,6,16
S01011146,345,182,163,37,23,14,46,12,34,44,38,6,30,4,26,48,44,4,35,7,28,27,5,22,39,36,3,39,13,26
S01011147,531,297,234,32,18,14,66,31,35,95,75,20,42,3,39,96,84,12,50,6,44,41,13,28,48,42,6,61,25,36
S01011148,419,240,179,48,35,13,78,40,38,54,29,25,32,5,27,79,68,11,34,2,32,20,8,12,24,21,3,50,32,18
S01011149,545,354,191,57,36,21,62,25,37,295,227,68,18,4,14,49,39,10,16,1,15,15,4,11,12,10,2,21,8,13
S01011150,247,137,110,29,20,9,27,10,17,77,48,29,10,1,9,24,19,5,23,6,17,13,3,10,15,15,0,29,15,14
S01011151,275,159,116,22,11,11,25,12,13,114,83,31,22,4,18,26,23,3,19,2,17,13,5,8,9,9,0,25,10,15
S01011152,332,172,160,34,23,11,75,31,44,72,46,26,24,3,21,44,37,7,27,5,22,17,3,14,13,10,3,26,14,12
S01011153,385,211,174,31,22,9,56,17,39,54,38,16,26,3,23,66,58,8,46,12,34,27,7,20,33,30,3,46,24,22
S01011154,248,141,107,13,9,4,32,16,16,29,23,6,25,5,20,35,32,3,26,6,20,15,4,11,27,24,3,46,22,24
S01011155,274,148,126,18,11,7,46,22,24,35,21,14,23,8,15,49,43,6,18,2,16,28,5,23,18,17,1,39,19,20
S01011156,307,156,151,18,9,9,38,14,24,47,35,12,28,4,24,46,42,4,34,3,31,38,11,27,26,21,5,32,17,15
S01011157,304,160,144,22,12,10,36,11,25,51,41,10,37,8,29,56,45,11,30,2,28,22,4,18,17,17,0,33,20,13
S01011158,228,121,107,24,16,8,72,39,33,33,20,13,18,1,17,20,17,3,11,0,11,22,10,12,9,8,1,19,10,9
S01011159,222,113,109,10,7,3,19,5,14,30,25,5,14,0,14,29,23,6,23,4,19,28,7,21,27,27,0,42,15,27
S01011160,479,255,224,33,19,14,43,14,29,72,57,15,38,2,36,78,73,5,61,8,53,48,18,30,32,30,2,74,34,40
S01011161,301,155,146,10,7,3,14,4,10,28,18,10,20,3,17,48,47,1,39,4,35,45,5,40,43,41,2,54,26,28
S01011162,200,111,89,12,7,5,22,10,12,27,16,11,16,3,13,21,20,1,23,3,20,24,13,11,22,21,1,33,18,15
S01011163,406,209,197,15,8,7,14,4,10,35,22,13,33,7,26,75,64,11,40,6,34,61,17,44,44,41,3,89,40,49
S01011164,341,171,170,25,15,10,54,17,37,61,47,14,41,4,37,37,35,2,32,5,27,34,11,23,24,23,1,33,14,19
S01011165,311,167,144,13,6,7,25,11,14,26,16,10,33,10,23,46,43,3,41,6,35,44,13,31,34,29,5,49,33,16
S01011166,235,122,113,18,11,7,40,15,25,31,23,8,25,4,21,34,31,3,24,6,18,28,8,20,16,15,1,19,9,10
S01011167,358,189,169,35,28,7,93,39,54,53,28,25,38,4,34,52,45,7,23,3,20,13,4,9,26,26,0,25,12,13
S01011168,429,243,186,55,33,22,56,22,34,54,38,16,37,2,35,106,88,18,27,5,22,27,7,20,29,26,3,38,22,16
S01011169,522,279,243,47,28,19,78,28,50,113,84,29,56,11,45,70,66,4,49,4,45,41,15,26,20,19,1,48,24,24
S01011170,432,236,196,58,38,20,74,29,45,72,43,29,30,5,25,67,61,6,33,6,27,32,8,24,21,21,0,45,25,20
S01011171,463,240,223,68,41,27,62,16,46,37,26,11,42,3,39,104,91,13,48,9,39,23,7,16,30,23,7,49,24,25
S01011172,351,184,167,33,12,21,44,18,26,35,17,18,30,7,23,90,76,14,25,2,23,19,5,14,28,24,4,47,23,24
S01011173,236,122,114,36,16,20,30,17,13,23,8,15,24,5,19,50,41,9,32,6,26,7,3,4,15,13,2,19,13,6
S01011174,186,101,85,23,14,9,18,10,8,20,8,12,14,3,11,44,36,8,25,6,19,8,1,7,11,10,1,23,13,10
S01011175,217,101,116,16,7,9,28,12,16,10,4,6,20,1,19,40,36,4,34,5,29,16,5,11,17,15,2,36,16,20
S01011176,225,116,109,34,14,20,29,8,21,19,10,9,33,6,27,48,45,3,11,2,9,12,3,9,15,13,2,24,15,9
S01011177,423,214,209,57,33,24,46,16,30,33,18,15,30,6,24,65,57,8,54,7,47,32,11,21,36,32,4,70,34,36
S01011178,218,113,105,27,15,12,25,8,17,40,30,10,19,3,16,27,23,4,20,4,16,16,3,13,19,17,2,25,10,15
S01011179,281,133,148,13,7,6,19,8,11,22,11,11,23,4,19,41,38,3,33,4,29,28,6,22,32,27,5,70,28,42
S01011180,220,105,115,9,3,6,14,6,8,15,8,7,15,1,14,33,29,4,34,5,29,22,8,14,30,28,2,48,17,31
S01011181,254,141,113,29,17,12,46,16,30,25,14,11,20,2,18,59,52,7,17,4,13,14,8,6,18,16,2,26,12,14
S01011182,219,120,99,29,20,9,36,15,21,31,13,18,18,4,14,42,39,3,9,1,8,13,4,9,16,14,2,25,10,15
S01011183,265,134,131,28,18,10,45,16,29,28,16,12,26,3,23,37,34,3,26,5,21,26,6,20,24,21,3,25,15,10
S01011184,428,217,211,45,30,15,75,29,46,79,50,29,59,11,48,44,42,2,34,6,28,43,12,31,25,24,1,24,13,11
S01011185,320,163,157,22,16,6,51,18,33,44,24,20,46,12,34,41,37,4,26,4,22,30,6,24,24,21,3,36,25,11
S01011186,387,194,193,20,10,10,57,33,24,53,26,27,61,7,54,44,40,4,37,6,31,32,14,18,39,35,4,44,23,21
S01011187,346,173,173,21,11,10,61,27,34,50,32,18,45,4,41,43,42,1,29,4,25,42,8,34,29,27,2,26,18,8
S01011188,422,227,195,20,11,9,35,14,21,55,37,18,43,6,37,62,56,6,53,10,43,47,17,30,44,38,6,63,38,25
S01011189,400,197,203,36,20,16,53,22,31,57,34,23,44,7,37,61,59,2,47,8,39,44,15,29,23,21,2,35,11,24
S01011190,264,134,130,12,8,4,19,7,12,32,22,10,31,5,26,43,37,6,24,3,21,31,10,21,34,27,7,38,15,23
S01011191,240,113,127,15,9,6,21,7,14,15,9,6,24,3,21,37,34,3,41,6,35,28,8,20,22,19,3,37,18,19
S01011192,335,170,165,15,8,7,27,4,23,25,13,12,38,5,33,46,43,3,44,12,32,34,7,27,54,53,1,52,25,27
S01011193,287,146,141,19,12,7,22,9,13,27,15,12,25,1,24,36,31,5,41,7,34,31,13,18,28,28,0,58,30,28
S01011194,275,132,143,20,5,15,16,8,8,24,11,13,25,5,20,38,34,4,37,7,30,33,9,24,23,23,0,59,30,29
S01011195,352,171,181,12,6,6,22,8,14,36,21,15,43,14,29,42,37,5,54,12,42,45,12,33,49,42,7,49,19,30
S01011196,357,177,180,18,12,6,27,10,17,29,16,13,41,7,34,46,43,3,44,11,33,47,10,37,46,38,8,59,30,29
S01011197,314,158,156,15,8,7,26,12,14,23,17,6,31,2,29,38,35,3,44,8,36,39,12,27,42,37,5,56,27,29
S01011198,264,125,139,12,2,10,16,2,14,29,16,13,22,5,17,40,38,2,39,5,34,31,6,25,38,35,3,37,16,21
S01011199,367,177,190,23,12,11,26,12,14,44,23,21,44,7,37,51,44,7,56,6,50,42,17,25,43,38,5,38,18,20
S01011200,355,188,167,16,9,7,43,13,30,39,23,16,40,11,29,55,50,5,44,7,37,35,12,23,45,42,3,38,21,17
S01011201,297,157,140,23,14,9,30,10,20,33,25,8,35,8,27,37,35,2,41,4,37,33,8,25,38,35,3,27,18,9
S01011202,377,167,210,22,8,14,33,13,20,44,17,27,37,4,33,56,48,8,47,4,43,46,17,29,40,38,2,52,18,34
S01011203,381,175,206,28,17,11,45,18,27,36,16,20,47,5,42,55,49,6,54,13,41,46,9,37,36,31,5,34,17,17
S01011204,296,143,153,29,19,10,52,26,26,49,29,20,35,7,28,32,26,6,31,4,27,30,7,23,18,14,4,20,11,9
S01011205,392,199,193,43,25,18,69,28,41,77,48,29,39,5,34,39,38,1,29,2,27,37,9,28,30,27,3,29,17,12
S01011206,397,205,192,34,21,13,75,26,49,56,38,18,50,7,43,54,51,3,33,5,28,34,10,24,28,28,0,33,19,14
S01011207,353,182,171,27,14,13,57,25,32,42,22,20,39,4,35,41,40,1,41,9,32,34,11,23,42,39,3,30,18,12
S01011208,523,261,262,56,39,17,86,39,47,71,37,34,65,13,52,57,54,3,48,5,43,59,17,42,43,38,5,38,19,19
S01011209,276,137,139,17,11,6,25,11,14,30,18,12,34,6,28,43,40,3,34,5,29,26,12,14,27,21,6,40,13,27
S01011210,368,200,168,68,44,24,78,39,39,59,33,26,23,5,18,31,28,3,23,3,20,40,18,22,22,19,3,24,11,13
S01011211,380,185,195,35,24,11,69,21,48,63,42,21,46,8,38,45,40,5,31,5,26,44,12,32,26,24,2,21,9,12
S01011212,226,107,119,9,5,4,8,4,4,15,7,8,20,4,16,37,33,4,32,3,29,26,5,21,27,25,2,52,21,31
S01011213,417,195,222,23,16,7,38,13,25,28,15,13,45,9,36,47,41,6,52,10,42,52,16,36,53,43,10,79,32,47
S01011214,312,149,163,13,4,9,15,6,9,32,17,15,36,5,31,37,31,6,37,9,28,34,11,23,31,27,4,77,39,38
S01011215,201,93,108,10,7,3,8,3,5,20,13,7,15,1,14,27,21,6,46,9,37,23,8,15,18,17,1,34,14,20
S01011216,183,86,97,7,5,2,11,2,9,19,11,8,23,3,20,27,23,4,28,3,25,19,6,13,20,16,4,29,17,12
S01011217,295,139,156,12,7,5,19,7,12,31,22,9,38,9,29,30,27,3,46,2,44,37,11,26,27,24,3,55,30,25
S01011218,214,104,110,6,4,2,12,6,6,20,9,11,21,4,17,26,23,3,30,6,24,28,10,18,19,15,4,52,27,25
S01011219,317,151,166,13,8,5,15,10,5,24,11,13,28,5,23,46,40,6,38,1,37,47,8,39,39,35,4,67,33,34
S01011220,365,181,184,13,7,6,31,10,21,33,18,15,29,5,24,52,48,4,44,4,40,53,9,44,45,42,3,65,38,27
S01011221,428,207,221,13,8,5,38,15,23,32,17,15,50,5,45,67,60,7,56,8,48,52,15,37,43,41,2,77,38,39
S01011222,275,141,134,16,9,7,16,10,6,32,18,14,34,6,28,40,37,3,31,8,23,23,5,18,29,24,5,54,24,30
S01011223,366,176,190,16,5,11,40,14,26,48,30,18,38,7,31,43,42,1,62,9,53,40,9,31,38,37,1,41,23,18
S01011224,268,144,124,26,13,13,20,14,6,18,10,8,24,4,20,43,39,4,36,9,27,33,9,24,29,26,3,39,20,19
S01011225,253,126,127,19,13,6,28,11,17,20,17,3,18,6,12,28,27,1,44,6,38,37,12,25,19,17,2,40,17,23
S01011226,411,206,205,30,18,12,69,27,42,57,40,17,52,9,43,50,48,2,44,6,38,40,10,30,33,30,3,36,18,18
S01011227,320,171,149,20,11,9,53,20,33,55,35,20,29,7,22,46,39,7,29,5,24,28,11,17,27,22,5,33,21,12
S01011228,308,161,147,19,11,8,31,11,20,44,26,18,36,6,30,53,47,6,32,8,24,33,17,16,14,12,2,46,23,23
S01011229,166,78,88,13,6,7,16,7,9,25,13,12,17,6,11,22,19,3,17,2,15,20,3,17,9,7,2,27,15,12
S01011230,261,129,132,5,4,1,19,7,12,23,11,12,20,3,17,24,23,1,38,4,34,29,8,21,35,32,3,68,37,31
S01011231,207,104,103,11,6,5,9,4,5,20,10,10,17,3,14,25,23,2,26,6,20,38,11,27,19,17,2,42,24,18
S01011232,446,233,213,41,28,13,59,26,33,69,31,38,39,3,36,47,40,7,39,7,32,40,13,27,57,52,5,55,33,22
S01011233,119,57,62,9,5,4,19,5,14,14,9,5,15,5,10,18,17,1,14,2,12,15,3,12,8,8,0,7,3,4
S01011234,364,176,188,17,9,8,36,12,24,31,17,14,37,5,32,48,48,0,49,5,44,34,10,24,48,41,7,64,29,35
S01011235,121,58,63,6,2,4,10,4,6,11,6,5,16,2,14,15,15,0,22,2,20,8,1,7,17,16,1,16,10,6
S01011236,236,117,119,13,4,9,24,10,14,26,15,11,22,3,19,32,30,2,37,12,25,22,2,20,23,21,2,37,20,17
S01011237,277,137,140,11,7,4,25,12,13,32,21,11,26,6,20,43,41,2,42,7,35,40,12,28,17,15,2,41,16,25
S01011238,216,101,115,11,5,6,18,4,14,25,12,13,19,2,17,32,30,2,22,5,17,25,7,18,17,17,0,47,19,28
S01011239,253,136,117,16,9,7,15,6,9,24,18,6,29,11,18,31,28,3,41,9,32,24,11,13,28,24,4,45,20,25
S01011240,248,118,130,15,9,6,30,11,19,24,13,11,33,7,26,30,26,4,38,9,29,17,7,10,22,17,5,39,19,20
S01011241,406,223,183,34,15,19,72,31,41,37,24,13,30,5,25,66,61,5,56,16,40,39,13,26,37,36,1,35,22,13
S01011242,298,142,156,16,9,7,44,23,21,34,15,19,34,8,26,47,44,3,40,5,35,34,9,25,14,13,1,35,16,19
S01011243,283,123,160,15,7,8,33,6,27,21,11,10,25,8,17,40,35,5,43,4,39,31,6,25,32,27,5,43,19,24
S01011244,246,118,128,11,10,1,16,8,8,20,13,7,30,3,27,28,26,2,52,10,42,29,14,15,24,21,3,36,13,23
S01011245,305,130,175,21,11,10,18,8,10,31,10,21,32,6,26,36,33,3,68,10,58,23,7,16,27,25,2,49,20,29
S01011246,415,201,214,44,27,17,65,27,38,58,32,26,42,14,28,44,34,10,56,12,44,34,11,23,29,24,5,43,20,23
S01011247,340,173,167,24,17,7,82,37,45,42,25,17,39,7,32,39,37,2,41,4,37,20,10,10,25,22,3,28,14,14
S01011248,386,179,207,31,17,14,55,25,30,39,23,16,52,12,40,43,36,7,54,7,47,43,12,31,27,26,1,42,21,21
S01011249,368,180,188,25,15,10,61,27,34,56,34,22,47,5,42,42,41,1,42,5,37,39,15,24,26,23,3,30,15,15
S01011250,422,187,235,20,12,8,37,17,20,35,22,13,37,3,34,51,42,9,87,10,77,50,15,35,41,37,4,64,29,35
S01011251,365,170,195,20,13,7,29,6,23,35,20,15,25,1,24,58,47,11,64,16,48,34,4,30,39,34,5,61,29,32
S01011252,307,142,165,19,10,9,13,6,7,20,8,12,25,8,17,27,21,6,68,11,57,40,13,27,37,34,3,58,31,27
S01011253,324,147,177,14,5,9,16,6,10,19,12,7,24,4,20,45,36,9,55,10,45,41,8,33,33,29,4,77,37,40
S01011254,527,275,252,43,28,15,79,42,37,75,53,22,74,11,63,60,58,2,59,7,52,56,18,38,42,37,5,39,21,18
S01011255,423,218,205,30,19,11,94,35,59,88,52,36,43,5,38,49,49,0,32,7,25,43,18,25,22,20,2,22,13,9
S01011256,249,122,127,32,20,12,41,16,25,27,14,13,37,3,34,40,38,2,17,2,15,19,2,17,19,18,1,17,9,8
S01011257,160,82,78,19,10,9,32,13,19,23,15,8,20,5,15,16,12,4,15,1,14,10,5,5,11,10,1,14,11,3
S01011258,267,137,130,21,14,7,55,17,38,48,33,15,27,7,20,36,33,3,27,1,26,19,7,12,14,13,1,20,12,8
S01011259,313,165,148,24,17,7,44,21,23,40,21,19,39,13,26,39,35,4,44,9,35,34,8,26,25,24,1,24,17,7
S01011260,302,150,152,18,14,4,62,30,32,48,25,23,36,7,29,32,30,2,32,12,20,29,4,25,20,18,2,25,10,15
S01011261,268,134,134,12,6,6,13,5,8,26,17,9,17,4,13,41,37,4,50,8,42,27,8,19,35,31,4,47,18,29
S01011262,205,99,106,10,7,3,15,4,11,27,13,14,23,4,19,32,31,1,35,6,29,30,11,19,13,11,2,20,12,8
S01011263,524,260,264,32,15,17,69,32,37,68,37,31,73,11,62,57,57,0,71,17,54,51,17,34,49,46,3,54,28,26
S01011264,267,127,140,16,8,8,16,3,13,22,10,12,19,3,16,38,36,2,39,6,33,35,10,25,28,28,0,54,23,31
S01011265,376,162,214,15,4,11,16,7,9,28,12,16,38,11,27,51,49,2,58,8,50,58,11,47,44,36,8,68,24,44
S01011266,378,183,195,15,8,7,31,12,19,42,22,20,33,6,27,55,53,2,47,8,39,53,14,39,44,38,6,58,22,36
S01011267,246,121,125,16,10,6,43,12,31,36,21,15,18,3,15,32,30,2,28,8,20,27,6,21,18,16,2,28,15,13
S01011268,160,89,71,8,5,3,28,10,18,19,15,4,17,3,14,29,27,2,13,3,10,15,5,10,11,9,2,20,12,8
S01011269,187,87,100,7,5,2,22,10,12,22,10,12,24,5,19,26,23,3,26,3,23,16,3,13,18,14,4,26,14,12
S01011270,284,137,147,10,8,2,19,7,12,27,11,16,28,3,25,43,40,3,53,14,39,32,8,24,34,26,8,38,20,18
S01011271,297,146,151,19,9,10,26,12,14,26,13,13,20,5,15,52,45,7,49,10,39,42,11,31,26,26,0,37,15,22
S01011272,289,140,149,12,7,5,33,12,21,18,11,7,30,7,23,51,49,2,32,3,29,29,5,24,36,31,5,48,15,33
S01011273,319,145,174,11,4,7,16,6,10,39,22,17,29,4,25,46,40,6,44,7,37,49,14,35,33,29,4,52,19,33
S01011274,351,179,172,16,5,11,19,12,7,39,21,18,36,6,30,58,56,2,41,8,33,44,13,31,41,35,6,57,23,34
S01011275,231,117,114,12,8,4,7,3,4,18,7,11,18,6,12,30,29,1,40,4,36,37,12,25,29,26,3,40,22,18
S01011276,370,196,174,14,8,6,28,13,15,38,23,15,37,12,25,62,59,3,61,8,53,34,15,19,41,35,6,55,23,32
S01011277,371,190,181,30,17,13,52,20,32,50,30,20,45,8,37,44,40,4,40,9,31,42,10,32,35,32,3,33,24,9
S01011278,307,154,153,14,8,6,44,15,29,45,31,14,52,8,44,48,43,5,31,7,24,30,9,21,26,25,1,17,8,9
S01011279,322,162,160,24,19,5,52,20,32,47,27,20,50,7,43,46,44,2,30,5,25,33,10,23,16,16,0,24,14,10
S01011280,283,151,132,29,22,7,54,19,35,33,22,11,34,5,29,30,28,2,28,12,16,32,9,23,22,21,1,21,13,8
S01011281,346,177,169,35,23,12,65,28,37,64,32,32,41,8,33,39,39,0,30,4,26,23,9,14,22,21,1,27,13,14
S01011282,495,242,253,37,21,16,87,28,59,86,48,38,69,13,56,64,59,5,50,10,40,41,15,26,39,36,3,22,12,10
S01011283,426,229,197,42,25,17,96,40,56,61,35,26,63,16,47,55,52,3,22,3,19,30,12,18,34,32,2,23,14,9
S01011284,348,177,171,52,34,18,74,26,48,57,33,24,46,6,40,43,40,3,19,3,16,18,5,13,20,17,3,19,13,6
S01011285,307,133,174,10,4,6,28,6,22,27,16,11,29,7,22,35,31,4,51,4,47,47,14,33,27,24,3,53,27,26
S01011286,289,140,149,16,10,6,22,7,15,28,21,7,37,5,32,40,36,4,41,6,35,31,7,24,27,27,0,47,21,26
S01011287,330,150,180,20,11,9,32,6,26,25,17,8,30,3,27,35,33,2,56,6,50,42,14,28,38,32,6,52,28,24
S01011288,323,144,179,19,8,11,19,7,12,29,11,18,33,2,31,39,37,2,41,2,39,53,14,39,33,32,1,57,31,26
S01011289,378,173,205,16,10,6,23,5,18,31,13,18,38,9,29,58,52,6,70,11,59,43,12,31,45,37,8,54,24,30
S01011290,443,230,213,23,15,8,47,20,27,35,21,14,39,11,28,68,64,4,63,8,55,38,11,27,59,50,9,71,30,41
S01011291,329,166,163,22,10,12,35,13,22,42,24,18,35,6,29,38,36,2,34,6,28,41,12,29,32,30,2,50,29,21
S01011292,239,121,118,6,5,1,16,8,8,13,9,4,14,3,11,38,35,3,41,3,38,32,11,21,34,25,9,45,22,23
S01011293,295,139,156,10,5,5,16,4,12,30,12,18,20,5,15,44,35,9,39,4,35,27,9,18,41,37,4,68,28,40
S01011294,275,137,138,21,12,9,32,10,22,22,9,13,26,9,17,44,41,3,39,6,33,18,4,14,34,31,3,39,15,24
S01011295,435,218,217,36,23,13,90,35,55,61,33,28,60,19,41,51,45,6,34,6,28,36,8,28,36,32,4,31,17,14
S01011296,220,95,125,15,7,8,31,11,20,24,13,11,22,2,20,22,21,1,34,4,30,23,9,14,20,18,2,29,10,19
S01011297,362,172,190,15,5,10,19,9,10,22,9,13,36,8,28,50,44,6,52,9,43,65,20,45,38,35,3,65,33,32
S01011298,230,120,110,10,6,4,17,6,11,23,16,7,23,5,18,25,23,2,29,3,26,35,15,20,33,28,5,35,18,17
S01011299,267,150,117,32,19,13,36,15,21,30,12,18,26,3,23,59,55,4,18,4,14,19,8,11,22,20,2,25,14,11
S01011300,359,181,178,12,5,7,22,12,10,35,20,15,41,11,30,54,51,3,48,7,41,26,7,19,52,38,14,69,30,39
S01011301,329,174,155,30,18,12,58,20,38,47,32,15,48,13,35,47,42,5,27,6,21,19,6,13,28,26,2,25,11,14
S01011302,293,149,144,22,15,7,21,9,12,26,11,15,36,9,27,43,36,7,46,9,37,20,6,14,36,29,7,43,25,18
S01011303,523,273,250,44,23,21,83,34,49,86,46,40,67,6,61,75,75,0,39,8,31,37,16,21,44,38,6,48,27,21
S01011304,280,148,132,19,12,7,24,10,14,24,13,11,26,5,21,37,33,4,37,6,31,30,9,21,44,37,7,39,23,16
S01011305,365,192,173,24,15,9,56,19,37,53,32,21,25,2,23,46,43,3,35,9,26,37,11,26,41,37,4,48,24,24
S01011306,201,102,99,24,15,9,27,12,15,16,12,4,23,2,21,27,24,3,21,2,19,15,8,7,22,17,5,26,10,16
S01011307,219,133,86,27,16,11,32,13,19,26,17,9,22,5,17,55,49,6,18,4,14,11,3,8,16,16,0,12,10,2
S01011308,221,118,103,39,23,16,51,22,29,33,14,19,12,1,11,40,36,4,11,1,10,10,3,7,17,13,4,8,5,3
S01011309,311,162,149,43,35,8,90,47,43,54,29,25,35,0,35,26,22,4,22,3,19,17,8,9,11,11,0,13,7,6
S01011310,297,158,139,20,10,10,53,25,28,56,39,17,28,2,26,38,35,3,29,5,24,20,7,13,23,21,2,30,14,16
S01011311,333,162,171,56,33,23,71,23,48,56,29,27,39,9,30,34,32,2,17,1,16,21,9,12,17,17,0,22,9,13
S01011312,476,256,220,85,61,24,125,59,66,76,39,37,58,11,47,51,49,2,27,5,22,23,10,13,17,16,1,14,6,8
S01011313,328,162,166,33,21,12,55,20,35,61,35,26,39,9,30,32,30,2,28,3,25,24,7,17,23,22,1,33,15,18
S01011314,515,275,240,49,31,18,130,57,73,74,46,28,56,13,43,60,56,4,45,5,40,27,14,13,28,28,0,46,25,21
S01011315,170,79,91,9,7,2,28,14,14,18,6,12,6,1,5,23,20,3,25,4,21,13,2,11,15,14,1,33,11,22
S01011316,290,131,159,18,8,10,32,15,17,30,18,12,33,3,30,45,40,5,40,5,35,23,5,18,25,24,1,44,13,31
S01011317,260,130,130,42,22,20,57,26,31,37,22,15,36,7,29,36,33,3,16,3,13,12,2,10,9,8,1,15,7,8
S01011318,355,196,159,48,27,21,72,41,31,58,37,21,37,15,22,33,31,2,30,5,25,27,9,18,17,16,1,33,15,18
S01011319,318,166,152,30,23,7,73,30,43,46,29,17,41,6,35,39,38,1,25,7,18,29,7,22,13,12,1,22,14,8
S01011320,211,109,102,18,9,9,20,10,10,31,20,11,30,6,24,23,21,2,28,5,23,22,8,14,17,17,0,22,13,9
S01011321,326,155,171,19,12,7,56,25,31,36,19,17,35,11,24,43,40,3,44,9,35,35,5,30,16,16,0,42,18,24
S01011322,296,147,149,17,10,7,44,20,24,50,34,16,30,8,22,49,43,6,37,2,35,20,4,16,8,8,0,41,18,23
S01011323,412,200,212,24,13,11,47,27,20,44,30,14,39,1,38,63,59,4,63,13,50,41,8,33,31,31,0,60,18,42
S01011324,187,98,89,19,13,6,30,15,15,15,9,6,26,6,20,21,20,1,16,3,13,26,12,14,9,8,1,25,12,13
S01011325,293,146,147,21,14,7,31,11,20,24,12,12,25,6,19,39,36,3,52,10,42,32,14,18,19,17,2,50,26,24
S01011326,272,137,135,27,16,11,34,15,19,29,16,13,19,6,13,25,24,1,41,13,28,40,14,26,16,12,4,41,21,20
S01011327,233,113,120,23,13,10,31,20,11,20,9,11,27,6,21,37,31,6,41,11,30,10,4,6,7,6,1,37,13,24
S01011328,277,140,137,38,22,16,38,18,20,26,13,13,22,3,19,49,44,5,41,10,31,17,5,12,10,9,1,36,16,20
S01011329,339,180,159,29,17,12,60,22,38,36,26,10,41,10,31,34,32,2,30,5,25,29,12,17,39,38,1,41,18,23
S01011330,311,152,159,29,20,9,67,32,35,40,25,15,46,5,41,29,25,4,35,6,29,19,6,13,23,20,3,23,13,10
S01011331,265,137,128,33,19,14,74,34,40,40,23,17,33,7,26,23,21,2,16,2,14,18,7,11,14,13,1,14,11,3
S01011332,374,191,183,39,21,18,87,49,38,71,39,32,40,5,35,36,32,4,38,5,33,26,11,15,18,18,0,19,11,8
S01011333,260,143,117,40,30,10,86,44,42,40,28,12,27,4,23,16,15,1,11,1,10,21,6,15,8,8,0,11,7,4
S01011334,384,207,177,54,33,21,76,24,52,47,27,20,36,9,27,77,67,10,31,3,28,16,9,7,21,19,2,26,16,10
S01011335,384,202,182,51,36,15,111,51,60,49,36,13,49,12,37,37,29,8,22,2,20,28,12,16,15,12,3,22,12,10
S01011336,262,136,126,21,13,8,41,21,20,31,16,15,26,8,18,33,32,1,29,3,26,35,15,20,21,18,3,25,10,15
S01011337,316,179,137,55,36,19,80,45,35,54,35,19,37,4,33,29,26,3,10,3,7,16,6,10,13,11,2,22,13,9
S01011338,295,146,149,21,12,9,45,16,29,36,23,13,26,6,20,33,29,4,37,3,34,25,8,17,34,25,9,38,24,14
S01011339,229,107,122,6,3,3,18,5,13,21,9,12,22,4,18,34,29,5,39,6,33,25,7,18,35,29,6,29,15,14
S01011340,272,133,139,14,8,6,18,8,10,13,5,8,31,6,25,39,36,3,55,12,43,30,6,24,27,26,1,45,26,19
S01011341,332,173,159,20,16,4,53,20,33,31,15,16,44,6,38,51,46,5,48,12,36,25,11,14,24,23,1,36,24,12
S01011342,333,172,161,34,19,15,47,19,28,34,22,12,55,9,46,48,45,3,29,6,23,26,5,21,34,28,6,26,19,7
S01011343,326,168,158,15,5,10,19,12,7,34,19,15,33,6,27,45,44,1,59,11,48,25,6,19,54,44,10,42,21,21
S01011344,323,162,161,11,7,4,20,9,11,20,14,6,24,4,20,54,48,6,45,7,38,39,8,31,52,38,14,58,27,31
S01011345,309,139,170,17,8,9,16,5,11,24,12,12,20,3,17,42,36,6,52,7,45,36,6,30,40,27,13,62,35,27
S01011346,291,144,147,14,7,7,13,7,6,29,11,18,30,5,25,41,36,5,46,7,39,29,10,19,36,30,6,53,31,22
S01011347,432,231,201,26,11,15,40,20,20,47,25,22,44,12,32,63,60,3,61,15,46,61,21,40,50,44,6,40,23,17
S01011348,373,181,192,24,16,8,51,18,33,42,18,24,47,13,34,49,43,6,40,7,33,41,14,27,46,35,11,33,17,16
S01011349,555,281,274,48,32,16,82,32,50,78,43,35,84,21,63,62,58,4,55,4,51,41,12,29,53,50,3,52,29,23
S01011350,318,165,153,35,21,14,64,30,34,43,25,18,52,11,41,31,29,2,24,4,20,30,13,17,24,22,2,15,10,5
S01011351,265,130,135,7,3,4,15,6,9,23,11,12,36,5,31,43,40,3,32,3,29,33,10,23,29,26,3,47,26,21
S01011352,301,145,156,21,13,8,47,17,30,30,15,15,38,5,33,40,35,5,42,6,36,21,5,16,27,24,3,35,25,10
S01011353,296,146,150,19,10,9,28,13,15,27,17,10,34,6,28,55,48,7,38,4,34,23,4,19,29,24,5,43,20,23
S01011354,339,163,176,21,15,6,59,24,35,38,26,12,50,5,45,51,46,5,28,2,26,35,3,32,25,24,1,32,18,14
S01011355,440,232,208,28,18,10,42,18,24,52,33,19,63,15,48,68,62,6,56,9,47,40,9,31,48,43,5,43,25,18
S01011356,519,279,240,64,33,31,110,43,67,65,35,30,47,6,41,108,85,23,36,11,25,20,8,12,44,40,4,25,18,7
S01011357,386,201,185,36,26,10,56,19,37,40,27,13,53,7,46,62,61,1,51,10,41,27,9,18,30,25,5,31,17,14
S01011358,333,157,176,21,12,9,69,24,45,60,40,20,57,10,47,27,26,1,26,6,20,34,10,24,22,21,1,17,8,9
S01011359,298,165,133,18,15,3,37,16,21,34,18,16,25,7,18,43,40,3,35,3,32,23,6,17,38,35,3,45,25,20
S01011360,318,160,158,12,8,4,23,7,16,23,11,12,25,3,22,35,28,7,41,9,32,36,11,25,38,33,5,85,50,35
S01011361,193,120,73,8,3,5,9,4,5,7,3,4,9,5,4,32,30,2,18,5,13,17,4,13,41,32,9,52,34,18
S01011362,322,168,154,41,28,13,48,21,27,35,21,14,54,8,46,44,43,1,26,4,22,28,9,19,28,25,3,18,9,9
S01011363,358,181,177,34,20,14,52,20,32,47,26,21,45,8,37,52,49,3,30,2,28,38,12,26,26,26,0,34,18,16
S01011364,326,161,165,24,12,12,47,17,30,42,21,21,35,7,28,30,28,2,31,5,26,39,11,28,45,39,6,33,21,12
S01011365,343,168,175,38,28,10,64,18,46,56,36,20,61,13,48,35,34,1,28,4,24,20,4,16,24,22,2,17,9,8
S01011366,189,90,99,10,4,6,19,4,15,31,15,16,26,3,23,35,34,1,13,2,11,21,5,16,10,9,1,24,14,10
S01011367,360,177,183,11,4,7,39,13,26,34,18,16,38,6,32,57,52,5,40,7,33,50,12,38,39,34,5,52,31,21
S01011368,528,270,258,47,30,17,109,39,70,97,58,39,80,22,58,61,59,2,35,7,28,46,17,29,24,22,2,29,16,13
S01011369,354,194,160,13,8,5,30,14,16,42,23,19,43,10,33,61,59,2,45,14,31,43,14,29,28,24,4,49,28,21
S01011370,466,235,231,40,27,13,88,40,48,86,46,40,72,14,58,46,45,1,39,9,30,34,12,22,26,23,3,35,19,16
S01011371,397,204,193,17,8,9,35,14,21,44,27,17,46,10,36,37,34,3,50,13,37,47,16,31,42,35,7,79,47,32
S01011372,257,151,106,12,5,7,11,3,8,21,10,11,22,7,15,32,30,2,25,14,11,27,10,17,41,34,7,66,38,28
S01011373,252,130,122,15,10,5,22,7,15,24,13,11,26,4,22,27,24,3,30,8,22,31,8,23,25,23,2,52,33,19
S01011374,392,193,199,32,17,15,55,22,33,50,29,21,69,12,57,42,39,3,33,10,23,49,19,30,25,22,3,37,23,14
S01011375,310,165,145,22,16,6,49,20,29,32,22,10,46,11,35,32,29,3,37,12,25,32,12,20,30,27,3,30,16,14
S01011376,205,104,101,8,6,2,19,6,13,18,9,9,31,12,19,19,18,1,28,9,19,18,6,12,15,14,1,49,24,25
S01011377,317,157,160,32,21,11,95,43,52,53,35,18,43,10,33,18,18,0,25,3,22,29,15,14,10,7,3,12,5,7
S01011378,354,184,170,29,15,14,66,24,42,34,24,10,56,12,44,48,45,3,38,13,25,33,11,22,23,21,2,27,19,8
S01011379,526,275,251,48,37,11,122,54,68,101,64,37,88,23,65,34,28,6,31,5,26,51,25,26,28,25,3,23,14,9
S01011380,341,173,168,29,21,8,50,20,30,31,15,16,66,15,51,39,36,3,25,3,22,28,12,16,34,27,7,39,24,15
S01011381,307,159,148,31,19,12,55,19,36,54,38,16,44,10,34,26,24,2,23,9,14,29,11,18,17,13,4,28,16,12
S01011382,270,144,126,29,15,14,31,11,20,28,16,12,22,5,17,43,40,3,22,5,17,25,5,20,29,26,3,41,21,20
S01011383,232,113,119,10,6,4,11,4,7,20,14,6,28,7,21,28,28,0,37,1,36,22,4,18,22,21,1,54,28,26
S01011384,206,98,108,4,3,1,11,3,8,12,10,2,18,1,17,33,30,3,29,1,28,23,8,15,30,26,4,46,16,30
S01011385,357,181,176,13,9,4,24,6,18,24,11,13,25,5,20,41,40,1,64,18,46,37,15,22,41,39,2,88,38,50
S01011386,206,96,110,12,6,6,10,3,7,6,4,2,11,1,10,19,16,3,35,7,28,23,7,16,27,26,1,63,26,37
S01011387,302,150,152,14,7,7,49,24,25,15,9,6,28,2,26,43,40,3,33,9,24,35,5,30,36,32,4,49,22,27
S01011388,605,313,292,45,31,14,112,34,78,86,57,29,81,12,69,82,80,2,63,16,47,51,15,36,46,44,2,39,24,15
S01011389,355,160,195,25,16,9,44,13,31,38,22,16,49,9,40,42,39,3,34,1,33,43,12,31,27,24,3,53,24,29
S01011390,328,173,155,21,12,9,26,9,17,21,14,7,30,5,25,46,42,4,45,10,35,31,6,25,39,38,1,69,37,32
S01011391,284,147,137,12,6,6,16,4,12,21,12,9,25,8,17,42,41,1,47,8,39,46,19,27,25,23,2,50,26,24
S01011392,282,140,142,6,4,2,20,7,13,15,8,7,18,2,16,43,39,4,47,10,37,34,8,26,36,30,6,63,32,31
S01011393,355,186,169,31,19,12,27,10,17,31,12,19,54,10,44,61,58,3,33,6,27,38,10,28,37,35,2,43,26,17
S01011394,320,163,157,39,25,14,73,35,38,57,35,22,42,9,33,23,22,1,22,1,21,22,5,17,22,19,3,20,12,8
S01011395,324,153,171,15,6,9,32,14,18,44,18,26,35,6,29,46,43,3,42,6,36,42,13,29,26,23,3,42,24,18
S01011396,315,153,162,21,13,8,43,14,29,39,26,13,36,6,30,38,37,1,42,8,34,37,11,26,26,21,5,33,17,16
S01011397,308,152,156,26,14,12,32,13,19,44,18,26,35,7,28,47,42,5,26,6,20,39,11,28,23,21,2,36,20,16
S01011398,280,134,146,11,6,5,31,5,26,18,11,7,32,8,24,35,31,4,38,3,35,32,7,25,45,37,8,38,26,12
S01011399,218,105,113,5,3,2,13,2,11,17,9,8,21,9,12,27,24,3,39,5,34,32,7,25,25,23,2,39,23,16
S01011400,362,178,184,36,22,14,69,23,46,40,27,13,49,8,41,38,37,1,39,9,30,43,16,27,21,20,1,27,16,11
S01011401,283,150,133,32,25,7,53,21,32,35,21,14,40,8,32,34,32,2,24,6,18,27,9,18,18,14,4,20,14,6
S01011402,357,165,192,18,9,9,57,20,37,37,19,18,52,11,41,54,50,4,37,9,28,40,8,32,26,19,7,36,20,16
S01011403,279,147,132,30,20,10,33,12,21,28,16,12,35,8,27,39,37,2,26,5,21,36,12,24,25,23,2,27,14,13
S01011404,385,187,198,26,12,14,41,16,25,50,29,21,54,7,47,55,50,5,57,11,46,38,13,25,32,30,2,32,19,13
S01011405,274,144,130,25,12,13,37,16,21,39,28,11,43,5,38,30,30,0,26,7,19,26,8,18,26,24,2,22,14,8
S01011406,302,139,163,23,7,16,25,7,18,36,16,20,38,8,30,34,31,3,30,3,27,32,12,20,25,22,3,59,33,26
S01011407,519,274,245,37,22,15,61,19,42,71,45,26,74,9,65,69,64,5,40,9,31,58,21,37,64,61,3,45,24,21
S01011408,365,179,186,14,6,8,21,8,13,30,17,13,48,8,40,40,37,3,54,13,41,47,13,34,41,37,4,70,40,30
S01011409,343,163,180,14,8,6,40,14,26,23,13,10,45,12,33,49,40,9,42,5,37,39,9,30,34,31,3,57,31,26
S01011410,299,141,158,11,7,4,24,8,16,32,14,18,44,6,38,43,39,4,44,8,36,31,9,22,34,30,4,36,20,16
S01011411,307,159,148,11,7,4,34,13,21,20,10,10,42,8,34,49,48,1,36,8,28,37,10,27,35,35,0,43,20,23
S01011412,437,226,211,49,37,12,88,28,60,60,36,24,64,19,45,45,42,3,39,10,29,52,17,35,28,26,2,12,11,1
S01011413,332,178,154,18,15,3,57,18,39,49,31,18,63,12,51,50,49,1,23,3,20,23,9,14,25,25,0,24,16,8
S01011414,351,185,166,18,12,6,42,15,27,34,18,16,50,14,36,48,46,2,49,11,38,36,12,24,35,32,3,39,25,14
S01011415,440,219,221,30,17,13,71,24,47,54,28,26,58,8,50,70,67,3,46,11,35,46,14,32,32,32,0,33,18,15
S01011416,355,176,179,23,15,8,54,18,36,57,34,23,63,13,50,46,45,1,31,5,26,39,13,26,23,23,0,19,10,9
S01011417,353,187,166,19,10,9,36,15,21,42,30,12,48,6,42,48,45,3,50,17,33,42,17,25,27,26,1,41,21,20
S01011418,229,120,109,14,9,5,11,5,6,22,17,5,25,4,21,27,26,1,40,5,35,26,6,20,29,24,5,35,24,11
S01011419,255,139,116,15,9,6,24,14,10,16,10,6,36,6,30,41,37,4,36,6,30,26,8,18,29,28,1,32,21,11
S01011420,183,93,90,5,1,4,18,9,9,13,8,5,21,8,13,19,16,3,21,3,18,23,5,18,35,30,5,28,13,15
S01011421,318,157,161,38,22,16,54,20,34,39,21,18,48,7,41,35,34,1,28,4,24,31,11,20,24,23,1,21,15,6
S01011422,268,135,133,12,5,7,30,12,18,22,10,12,21,4,17,36,30,6,44,9,35,31,12,19,31,28,3,41,25,16
S01011423,171,97,74,9,6,3,25,10,15,20,16,4,13,5,8,19,19,0,23,4,19,12,3,9,19,19,0,31,15,16
S01011424,264,137,127,15,8,7,30,14,16,14,5,9,23,4,19,39,36,3,38,6,32,25,7,18,39,35,4,41,22,19
S01011425,334,172,162,22,14,8,49,19,30,33,18,15,37,6,31,46,41,5,33,4,29,33,11,22,44,41,3,37,18,19
S01011426,539,285,254,64,44,20,117,44,73,79,42,37,52,4,48,75,73,2,41,7,34,39,16,23,33,31,2,39,24,15
S01011427,293,167,126,20,13,7,42,21,21,23,13,10,28,7,21,44,43,1,32,8,24,29,8,21,36,32,4,39,22,17
S01011428,237,135,102,10,7,3,27,10,17,23,13,10,26,5,21,43,40,3,26,3,23,21,7,14,38,34,4,23,16,7
S01011429,471,295,176,40,29,11,73,24,49,54,34,20,31,8,23,73,68,5,42,9,33,31,11,20,47,38,9,80,74,6
S01011430,479,240,239,41,25,16,62,25,37,61,34,27,73,15,58,60,58,2,49,6,43,44,11,33,53,46,7,36,20,16
S01011431,471,252,219,26,18,8,38,14,24,41,22,19,47,8,39,77,71,6,60,13,47,50,14,36,63,54,9,69,38,31
S01011432,482,247,235,17,9,8,40,18,22,51,31,20,64,14,50,63,55,8,60,12,48,48,11,37,62,52,10,77,45,32
S01011433,349,170,179,9,5,4,15,4,11,22,11,11,27,3,24,50,42,8,50,7,43,34,7,27,75,54,21,67,37,30
S01011434,272,140,132,21,14,7,23,7,16,34,21,13,35,5,30,45,40,5,36,13,23,20,4,16,23,17,6,35,19,16
S01011435,500,253,247,36,26,10,103,39,64,66,37,29,66,11,55,60,60,0,44,6,38,45,15,30,42,37,5,38,22,16
S01011436,316,159,157,11,3,8,34,9,25,26,12,14,31,3,28,53,45,8,31,7,24,33,10,23,51,38,13,46,32,14
S01011437,311,163,148,14,9,5,29,12,17,28,13,15,36,7,29,49,48,1,34,6,28,27,6,21,53,39,14,41,23,18
S01011438,209,107,102,5,2,3,5,1,4,10,6,4,21,3,18,25,23,2,24,5,19,33,7,26,39,29,10,47,31,16
S01011439,395,213,182,20,8,12,35,12,23,42,24,18,34,10,24,47,43,4,59,15,44,38,10,28,59,51,8,61,40,21
S01011440,260,137,123,6,5,1,12,4,8,19,11,8,25,7,18,36,34,2,23,6,17,37,7,30,53,37,16,49,26,23
S01011441,354,182,172,21,12,9,21,7,14,18,8,10,42,4,38,53,46,7,24,6,18,45,9,36,65,46,19,65,44,21
S01011442,280,143,137,15,10,5,11,4,7,23,11,12,38,4,34,35,32,3,25,3,22,32,5,27,49,39,10,52,35,17
S01011443,254,131,123,19,6,13,16,4,12,19,15,4,17,0,17,24,22,2,22,5,17,38,10,28,51,40,11,48,29,19
S01011444,289,151,138,8,7,1,23,5,18,27,12,15,26,4,22,40,34,6,32,4,28,30,11,19,55,49,6,48,25,23
S01011445,252,132,120,19,12,7,48,21,27,29,15,14,27,5,22,29,26,3,22,1,21,14,3,11,36,34,2,28,15,13
S01011446,254,136,118,28,13,15,33,13,20,19,13,6,36,4,32,41,37,4,15,5,10,27,4,23,33,30,3,22,17,5
S01011447,385,186,199,21,13,8,30,10,20,40,21,19,46,7,39,42,42,0,64,4,60,40,12,28,54,49,5,48,28,20
S01011448,475,255,220,32,20,12,74,35,39,47,25,22,53,14,39,73,71,2,51,15,36,58,14,44,42,38,4,45,23,22
S01011449,225,132,93,10,4,6,18,9,9,21,12,9,26,5,21,36,34,2,29,6,23,12,3,9,32,29,3,41,30,11
S01011450,315,169,146,43,34,9,64,28,36,43,22,21,44,6,38,27,25,2,19,4,15,25,14,11,20,15,5,30,21,9
S01011451,387,212,175,80,53,27,72,34,38,40,22,18,41,10,31,42,40,2,26,4,22,38,13,25,22,20,2,26,16,10
S01011452,517,284,233,47,29,18,69,31,38,64,35,29,78,19,59,74,70,4,52,11,41,48,23,25,46,42,4,39,24,15
S01011453,320,174,146,19,15,4,45,14,31,24,15,9,38,9,29,45,42,3,30,15,15,44,11,33,41,37,4,34,16,18
S01011454,343,164,179,15,8,7,31,12,19,26,13,13,35,3,32,47,46,1,45,9,36,64,14,50,44,37,7,36,22,14
S01011455,300,144,156,8,6,2,25,7,18,21,9,12,33,2,31,37,32,5,26,4,22,40,6,34,45,40,5,65,38,27
S01011456,341,169,172,18,11,7,28,10,18,32,9,23,28,6,22,48,47,1,43,9,34,42,10,32,40,37,3,62,30,32
S01011457,411,206,205,8,5,3,33,15,18,30,14,16,50,10,40,53,49,4,57,15,42,53,13,40,42,35,7,85,50,35
S01011458,658,331,327,39,25,14,121,44,77,77,49,28,83,12,71,75,73,2,53,9,44,97,33,64,62,53,9,51,33,18
S01011459,561,273,288,46,28,18,77,30,47,93,57,36,84,9,75,57,53,4,54,9,45,71,27,44,40,35,5,39,25,14
S01011460,339,168,171,17,14,3,56,21,35,32,19,13,42,6,36,42,37,5,30,3,27,34,7,27,40,35,5,46,26,20
S01011461,340,168,172,16,7,9,21,7,14,27,14,13,43,13,30,49,43,6,42,8,34,49,15,34,43,34,9,50,27,23
S01011462,464,252,212,33,23,10,77,35,42,61,42,19,53,11,42,50,46,4,51,12,39,51,22,29,31,22,9,57,39,18
S01011463,340,181,159,21,13,8,46,13,33,39,27,12,49,14,35,42,38,4,34,7,27,33,13,20,40,36,4,36,20,16
S01011464,344,190,154,43,29,14,84,36,48,53,30,23,40,9,31,40,39,1,19,2,17,26,11,15,24,23,1,15,11,4
S01011465,198,110,88,6,3,3,8,3,5,23,15,8,24,12,12,26,25,1,20,6,14,28,4,24,25,22,3,38,20,18
S01011466,238,116,122,16,8,8,20,13,7,26,10,16,24,4,20,15,15,0,22,4,18,36,14,22,31,24,7,48,24,24
S01011467,261,135,126,22,14,8,44,20,24,25,15,10,40,11,29,21,19,2,21,5,16,32,11,21,22,20,2,34,20,14
S01011468,519,275,244,87,66,21,105,39,66,85,43,42,53,6,47,49,47,2,38,10,28,55,27,28,25,23,2,22,14,8
S01011469,353,184,169,22,11,11,35,17,18,23,14,9,31,8,23,44,39,5,42,8,34,46,17,29,49,40,9,61,30,31
S01011470,499,250,249,41,25,16,61,19,42,55,30,25,69,20,49,54,50,4,50,4,46,49,14,35,60,50,10,60,38,22
S01011471,390,203,187,29,18,11,56,28,28,48,23,25,63,12,51,46,45,1,35,9,26,40,13,27,30,29,1,43,26,17
S01011472,341,182,159,14,6,8,30,12,18,42,23,19,41,9,32,42,41,1,34,9,25,40,11,29,44,34,10,54,37,17
S01011473,218,117,101,3,1,2,17,11,6,19,12,7,26,5,21,26,23,3,23,4,19,31,10,21,27,23,4,46,28,18
S01011474,282,157,125,16,10,6,23,10,13,32,20,12,41,12,29,39,34,5,27,6,21,29,10,19,30,28,2,45,27,18
S01011475,191,99,92,5,4,1,19,8,11,19,12,7,23,6,17,20,17,3,30,12,18,23,4,19,21,19,2,31,17,14
S01011476,273,130,143,27,15,12,59,23,36,40,24,16,50,14,36,23,21,2,15,4,11,25,4,21,15,15,0,19,10,9
S01011477,423,217,206,38,28,10,85,40,45,76,44,32,78,6,72,40,38,2,26,10,16,42,19,23,17,17,0,21,15,6
S01011478,565,300,265,70,53,17,152,73,79,88,56,32,78,17,61,58,52,6,25,3,22,48,18,30,20,16,4,26,12,14
S01011479,405,202,203,34,21,13,95,37,58,69,50,19,61,12,49,31,29,2,32,7,25,43,15,28,23,21,2,17,10,7
S01011480,538,283,255,60,41,19,168,73,95,89,53,36,52,17,35,39,36,3,32,10,22,55,23,32,18,17,1,25,13,12
S01011481,446,225,221,38,24,14,80,36,44,82,49,33,56,4,52,37,35,2,35,7,28,43,13,30,39,36,3,36,21,15
S01011482,368,186,182,23,10,13,53,23,30,47,31,16,53,17,36,45,42,3,37,9,28,36,8,28,31,26,5,43,20,23
S01011483,291,150,141,28,17,11,76,29,47,43,28,15,45,13,32,27,25,2,14,2,12,25,8,17,19,18,1,14,10,4
S01011484,353,177,176,15,8,7,26,11,15,34,20,14,34,6,28,44,40,4,59,17,42,44,12,32,30,27,3,67,36,31
S01011485,340,168,172,15,6,9,23,9,14,20,12,8,37,12,25,37,32,5,62,14,48,48,17,31,35,33,2,63,33,30
S01011486,181,94,87,11,6,5,8,4,4,16,10,6,17,3,14,18,16,2,21,4,17,22,7,15,28,25,3,40,19,21
S01011487,487,233,254,23,15,8,39,19,20,44,23,21,55,6,49,57,54,3,79,18,61,74,20,54,47,45,2,69,33,36
S01011488,239,123,116,11,4,7,17,9,8,16,8,8,22,3,19,29,28,1,32,6,26,28,9,19,28,21,7,56,35,21
S01011489,425,217,208,44,30,14,56,22,34,60,31,29,53,13,40,44,42,2,42,7,35,52,16,36,39,37,2,35,19,16
S01011490,477,228,249,25,13,12,60,19,41,52,31,21,74,17,57,57,54,3,52,6,46,38,7,31,57,45,12,62,36,26
S01011491,210,99,111,7,6,1,14,4,10,18,10,8,19,1,18,23,21,2,34,7,27,25,6,19,33,28,5,37,16,21
S01011492,334,189,145,13,6,7,31,15,16,26,17,9,32,8,24,48,46,2,33,8,25,34,15,19,39,30,9,78,44,34
S01011493,328,163,165,31,20,11,61,19,42,51,28,23,56,9,47,42,40,2,20,5,15,32,13,19,20,19,1,15,10,5
S01011494,338,167,171,13,5,8,30,16,14,37,20,17,50,6,44,24,22,2,34,10,24,36,7,29,48,39,9,66,42,24
S01011495,328,165,163,24,13,11,24,6,18,25,19,6,43,12,31,45,44,1,46,12,34,45,9,36,29,25,4,47,25,22
S01011496,259,134,125,10,5,5,16,8,8,11,6,5,17,1,16,31,28,3,46,7,39,19,8,11,51,41,10,58,30,28
S01011497,358,193,165,36,22,14,53,23,30,44,28,16,58,8,50,38,38,0,25,8,17,43,19,24,33,28,5,28,19,9
S01011498,421,228,193,28,21,7,59,28,31,58,40,18,74,15,59,52,45,7,29,5,24,35,7,28,49,44,5,37,23,14
S01011499,451,237,214,35,24,11,49,24,25,54,30,24,60,10,50,61,59,2,36,3,33,67,27,40,41,36,5,48,24,24
S01011500,259,133,126,19,14,5,20,4,16,30,18,12,41,10,31,39,35,4,16,2,14,30,7,23,30,23,7,34,20,14
S01011501,267,127,140,12,6,6,17,5,12,11,9,2,20,1,19,35,29,6,41,8,33,29,7,22,40,32,8,62,30,32
S01011502,353,183,170,26,16,10,18,10,8,24,10,14,38,9,29,52,46,6,43,8,35,40,9,31,46,37,9,66,38,28
S01011503,284,145,139,15,11,4,27,7,20,18,14,4,34,9,25,29,28,1,29,2,27,33,5,28,45,39,6,54,30,24
S01011504,255,141,114,16,10,6,30,12,18,23,20,3,31,6,25,36,32,4,24,4,20,26,9,17,32,28,4,37,20,17
S01011505,300,156,144,19,12,7,33,21,12,28,11,17,34,8,26,32,30,2,26,1,25,45,14,31,32,30,2,51,29,22
S01011506,220,108,112,14,10,4,31,10,21,27,13,14,22,4,18,23,20,3,21,3,18,29,8,21,27,23,4,26,17,9
S01011507,278,144,134,18,9,9,29,12,17,21,13,8,27,5,22,37,34,3,23,6,17,35,8,27,38,27,11,50,30,20
S01011508,528,278,250,38,23,15,73,26,47,72,43,29,65,8,57,55,48,7,28,7,21,49,15,34,62,56,6,86,52,34
S01011509,320,178,142,18,12,6,31,14,17,32,20,12,37,4,33,45,43,2,32,4,28,29,10,19,53,44,9,43,27,16
S01011510,431,206,225,28,19,9,38,11,27,35,20,15,63,10,53,47,45,2,59,12,47,43,10,33,63,48,15,55,31,24
S01011511,211,101,110,4,2,2,12,3,9,15,10,5,21,4,17,15,13,2,31,6,25,31,4,27,24,19,5,58,40,18
S01011512,310,150,160,6,4,2,19,6,13,32,18,14,35,5,30,31,28,3,35,4,31,39,12,27,46,36,10,67,37,30
S01011513,305,150,155,14,5,9,20,5,15,24,14,10,21,4,17,43,37,6,44,7,37,40,13,27,44,37,7,55,28,27
S01011514,396,197,199,21,11,10,17,5,12,25,10,15,38,15,23,48,43,5,48,6,42,49,12,37,65,49,16,85,46,39
S01011515,312,151,161,20,12,8,31,5,26,33,16,17,51,11,40,40,38,2,29,7,22,33,6,27,39,28,11,36,28,8
S01011516,532,279,253,50,29,21,85,33,52,66,38,28,81,21,60,64,61,3,46,9,37,51,17,34,51,41,10,38,30,8
S01011517,259,132,127,22,12,10,25,10,15,20,13,7,30,8,22,32,29,3,32,5,27,24,7,17,33,27,6,41,21,20
S01011518,242,141,101,10,7,3,10,5,5,16,7,9,20,8,12,44,43,1,36,6,30,23,7,16,31,24,7,52,34,18
S01011519,347,184,163,23,16,7,19,6,13,27,16,11,28,7,21,35,31,4,35,7,28,43,9,34,61,47,14,76,45,31
S01011520,218,103,115,9,4,5,12,4,8,11,5,6,22,4,18,28,25,3,18,5,13,29,7,22,25,18,7,64,31,33
S01011521,386,207,179,25,19,6,36,10,26,38,23,15,57,20,37,40,36,4,39,9,30,39,15,24,39,33,6,73,42,31
S01011522,403,200,203,15,8,7,38,13,25,47,26,21,47,12,35,42,37,5,46,6,40,50,16,34,52,45,7,66,37,29
S01011523,368,203,165,18,11,7,30,13,17,26,11,15,30,5,25,54,50,4,36,7,29,40,13,27,54,43,11,80,50,30
S01011524,529,272,257,41,22,19,63,28,35,60,37,23,87,17,70,62,59,3,50,11,39,55,16,39,55,47,8,56,35,21
S01011525,483,245,238,40,27,13,65,27,38,49,23,26,64,13,51,61,55,6,44,7,37,55,14,41,54,47,7,51,32,19
S01011526,489,267,222,32,22,10,51,26,25,41,27,14,68,15,53,79,75,4,39,5,34,55,15,40,56,44,12,68,38,30
S01011527,337,179,158,36,29,7,33,15,18,36,17,19,56,8,48,38,37,1,26,3,23,44,13,31,34,32,2,34,25,9
S01011528,415,207,208,26,18,8,36,14,22,42,19,23,42,13,29,45,40,5,53,10,43,55,19,36,46,35,11,70,39,31
S01011529,196,88,108,12,8,4,13,6,7,13,5,8,24,5,19,18,14,4,31,7,24,26,10,16,26,19,7,33,14,19
S01011530,435,211,224,23,11,12,41,15,26,31,15,16,51,6,45,49,42,7,46,10,36,52,13,39,68,52,16,74,47,27
S01011531,573,301,272,67,48,19,115,43,72,81,46,35,72,23,49,63,55,8,36,5,31,55,21,34,50,42,8,34,18,16
S01011532,352,183,169,39,22,17,58,18,40,63,36,27,38,8,30,50,48,2,24,3,21,26,7,19,27,24,3,27,17,10
S01011533,239,118,121,16,11,5,15,6,9,19,9,10,23,2,21,41,38,3,18,0,18,25,8,17,38,22,16,44,22,22
S01011534,336,183,153,16,13,3,42,23,19,43,25,18,52,12,40,29,26,3,32,8,24,46,15,31,39,34,5,37,27,10
S01011535,284,135,149,14,6,8,20,9,11,29,11,18,32,2,30,31,27,4,25,4,21,34,8,26,47,40,7,52,28,24
S01011536,397,206,191,35,24,11,88,35,53,66,40,26,60,17,43,36,34,2,25,7,18,39,17,22,20,14,6,28,18,10
S01011537,338,162,176,33,19,14,50,21,29,62,23,39,50,12,38,39,37,2,24,4,20,31,11,20,36,28,8,13,7,6
S01011538,367,187,180,48,33,15,93,43,50,46,23,23,48,7,41,30,27,3,15,2,13,38,12,26,31,28,3,18,12,6
S01011539,309,161,148,20,10,10,25,10,15,20,8,12,32,10,22,37,36,1,31,5,26,41,10,31,46,34,12,57,38,19
S01011540,517,251,266,36,26,10,42,16,26,55,22,33,56,5,51,58,50,8,43,5,38,69,23,46,79,61,18,79,43,36
S01011541,407,204,203,21,10,11,18,4,14,28,16,12,34,3,31,47,41,6,31,7,24,51,12,39,78,60,18,99,51,48
S01011542,413,209,204,23,12,11,19,7,12,31,14,17,34,8,26,49,43,6,44,7,37,57,20,37,84,62,22,72,36,36
S01011543,328,163,165,11,4,7,14,5,9,18,8,10,29,13,16,38,32,6,40,3,37,47,10,37,68,54,14,63,34,29
S01011544,283,150,133,14,9,5,16,7,9,23,9,14,24,5,19,39,34,5,31,4,27,32,11,21,51,40,11,53,31,22
S01011545,262,132,130,10,5,5,16,5,11,17,10,7,22,5,17,37,33,4,26,3,23,40,11,29,48,38,10,46,22,24
S01011546,437,216,221,51,34,17,80,40,40,67,36,31,60,9,51,43,39,4,30,9,21,55,14,41,23,22,1,28,13,15
S01011547,335,157,178,34,26,8,59,23,36,70,36,34,43,3,40,23,23,0,21,4,17,41,8,33,25,21,4,19,13,6
S01011548,339,161,178,32,21,11,28,10,18,35,18,17,59,10,49,30,28,2,32,5,27,35,9,26,43,32,11,45,28,17
S01011549,403,208,195,36,22,14,67,31,36,52,28,24,60,14,46,42,37,5,28,5,23,55,25,30,34,27,7,29,19,10
S01011550,381,191,190,29,20,9,82,37,45,69,40,29,55,8,47,37,34,3,27,7,20,53,23,30,13,13,0,16,9,7
S01011551,259,138,121,18,9,9,27,14,13,36,23,13,32,10,22,27,25,2,30,5,25,35,11,24,32,28,4,22,13,9
S01011552,393,177,216,27,14,13,49,21,28,51,29,22,62,10,52,52,50,2,45,5,40,50,12,38,30,22,8,27,14,13
S01011553,475,237,238,76,51,25,130,51,79,67,36,31,39,7,32,46,43,3,30,6,24,42,11,31,18,16,2,27,16,11
S01011554,388,188,200,30,22,8,29,12,17,35,14,21,46,9,37,42,38,4,54,10,44,38,11,27,45,39,6,69,33,36
S01011555,269,127,142,8,4,4,12,3,9,15,9,6,32,3,29,34,32,2,30,5,25,41,9,32,30,27,3,67,35,32
S01011556,212,102,110,14,7,7,11,5,6,19,10,9,33,7,26,21,16,5,22,2,20,20,3,17,36,30,6,36,22,14
S01011557,350,179,171,22,10,12,18,6,12,34,19,15,33,8,25,43,42,1,43,9,34,44,8,36,60,50,10,53,27,26
S01011558,273,132,141,16,9,7,6,4,2,18,14,4,28,3,25,38,35,3,46,5,41,44,7,37,34,34,0,43,21,22
S01011559,252,128,124,9,1,8,15,7,8,12,3,9,31,9,22,35,35,0,39,4,35,29,9,20,36,31,5,46,29,17
S01011560,343,178,165,24,15,9,22,6,16,22,10,12,40,10,30,33,31,2,49,14,35,38,8,30,61,50,11,54,34,20
S01011561,325,148,177,9,4,5,22,6,16,27,9,18,41,6,35,38,35,3,43,9,34,41,12,29,42,37,5,62,30,32
S01011562,263,122,141,14,8,6,18,6,12,21,7,14,29,8,21,37,31,6,34,6,28,39,10,29,27,24,3,44,22,22
S01011563,304,140,164,22,10,12,21,6,15,26,8,18,28,8,20,30,28,2,39,7,32,55,17,38,32,29,3,51,27,24
S01011564,483,236,247,22,15,7,53,16,37,35,22,13,74,11,63,73,67,6,35,5,30,65,19,46,59,48,11,67,33,34
S01011565,467,233,234,27,13,14,31,13,18,39,25,14,64,6,58,68,64,4,62,10,52,52,12,40,54,50,4,70,40,30
S01011566,384,186,198,16,9,7,27,8,19,21,13,8,52,9,43,48,42,6,41,10,31,64,18,46,52,44,8,63,33,30
S01011567,404,200,204,22,11,11,28,13,15,24,11,13,55,15,40,40,38,2,48,10,38,56,16,40,63,54,9,68,32,36
S01011568,403,203,200,33,20,13,46,13,33,47,28,19,56,9,47,44,42,2,41,11,30,29,7,22,50,43,7,57,30,27
S01011569,445,224,221,27,16,11,54,19,35,42,28,14,64,12,52,62,61,1,52,8,44,46,11,35,48,42,6,50,27,23
S01011570,308,146,162,17,10,7,21,3,18,26,16,10,33,9,24,34,27,7,40,9,31,39,9,30,40,32,8,58,31,27
S01011571,280,148,132,10,5,5,23,7,16,29,16,13,20,5,15,39,37,2,32,6,26,38,10,28,44,39,5,45,23,22
S01011572,273,143,130,16,8,8,34,14,20,32,23,9,32,5,27,31,29,2,25,6,19,39,14,25,36,26,10,28,18,10
S01011573,557,294,263,55,41,14,93,35,58,65,37,28,77,13,64,58,56,2,47,10,37,47,16,31,62,54,8,53,32,21
S01011574,402,203,199,26,17,9,39,11,28,42,31,11,64,10,54,59,57,2,40,9,31,46,6,40,45,41,4,41,21,20
S01011575,216,108,108,17,10,7,28,5,23,19,15,4,21,2,19,27,25,2,17,3,14,27,11,16,26,18,8,34,19,15
S01011576,256,141,115,6,4,2,9,4,5,20,9,11,20,9,11,28,26,2,38,9,29,32,10,22,40,35,5,63,35,28
S01011577,351,174,177,21,14,7,59,21,38,41,22,19,37,6,31,36,36,0,41,10,31,42,9,33,44,38,6,30,18,12
S01011578,380,177,203,20,14,6,34,13,21,42,24,18,49,7,42,42,40,2,35,7,28,71,14,57,41,37,4,46,21,25
S01011579,560,294,266,65,44,21,138,66,72,88,46,42,78,18,60,57,53,4,37,9,28,46,22,24,22,19,3,29,17,12
S01011580,331,164,167,21,12,9,42,15,27,41,28,13,36,7,29,50,46,4,35,6,29,45,11,34,24,19,5,37,20,17
S01011581,287,142,145,15,10,5,37,14,23,26,13,13,31,5,26,24,23,1,40,12,28,38,7,31,33,28,5,43,30,13
S01011582,614,303,311,61,35,26,158,71,87,78,38,40,75,13,62,68,64,4,48,11,37,58,21,37,23,22,1,45,28,17
S01011583,335,162,173,22,15,7,54,12,42,37,18,19,30,5,25,38,36,2,37,10,27,40,10,30,34,29,5,43,27,16
S01011584,324,176,148,8,4,4,26,9,17,23,12,11,48,20,28,44,42,2,46,17,29,39,8,31,38,33,5,52,31,21
S01011585,323,147,176,13,5,8,25,4,21,31,19,12,43,8,35,52,48,4,35,5,30,39,6,33,35,33,2,50,19,31
S01011586,257,135,122,17,8,9,19,6,13,21,15,6,27,5,22,38,33,5,30,3,27,27,7,20,38,33,5,40,25,15
S01011587,248,115,133,11,7,4,17,6,11,22,13,9,33,9,24,25,23,2,36,7,29,41,8,33,32,27,5,31,15,16
S01011588,330,171,159,19,11,8,24,7,17,17,6,11,40,12,28,57,51,6,37,6,31,41,8,33,59,50,9,36,20,16
S01011589,389,210,179,22,15,7,32,12,20,33,14,19,55,13,42,50,47,3,46,20,26,51,16,35,47,42,5,53,31,22
S01011590,296,151,145,11,8,3,26,11,15,21,13,8,36,6,30,37,34,3,31,3,28,38,9,29,52,44,8,44,23,21
S01011591,247,131,116,12,8,4,16,5,11,22,12,10,21,3,18,36,32,4,24,9,15,31,1,30,40,38,2,45,23,22
S01011592,279,123,156,16,7,9,18,6,12,27,13,14,34,7,27,34,31,3,32,7,25,50,12,38,30,25,5,38,15,23
S01011593,339,169,170,24,18,6,43,15,28,40,22,18,55,9,46,33,33,0,40,6,34,31,13,18,43,39,4,30,14,16
S01011594,212,111,101,17,12,5,24,6,18,18,9,9,25,6,19,30,26,4,19,5,14,26,7,19,33,30,3,20,10,10
S01011595,344,191,153,27,19,8,69,32,37,59,37,22,54,18,36,44,40,4,17,3,14,27,8,19,18,17,1,29,17,12
S01011596,514,254,260,49,31,18,89,33,56,60,31,29,70,17,53,55,50,5,45,15,30,48,15,33,37,32,5,61,30,31
S01011597,323,165,158,22,14,8,42,18,24,46,24,22,43,8,35,45,43,2,35,10,25,32,9,23,27,22,5,31,17,14
S01011598,265,158,107,10,9,1,12,7,5,19,11,8,29,7,22,30,27,3,27,7,20,33,16,17,39,31,8,66,43,23
S01011599,360,187,173,16,10,6,41,16,25,40,20,20,39,13,26,42,33,9,36,10,26,44,16,28,40,35,5,62,34,28
S01011600,334,173,161,19,13,6,30,13,17,21,11,10,53,14,39,42,39,3,38,9,29,39,11,28,45,40,5,47,23,24
S01011601,494,243,251,41,29,12,75,28,47,60,31,29,75,17,58,59,59,0,52,8,44,46,12,34,49,41,8,37,18,19
S01011602,263,133,130,14,8,6,30,12,18,27,16,11,23,3,20,35,30,5,27,8,19,32,10,22,42,29,13,33,17,16
S01011603,284,147,137,16,11,5,21,9,12,18,10,8,36,7,29,27,26,1,39,4,35,36,10,26,41,38,3,50,32,18
S01011604,263,138,125,13,10,3,11,7,4,21,10,11,27,3,24,37,33,4,31,4,27,35,12,23,42,37,5,46,22,24
S01011605,373,187,186,19,11,8,32,5,27,38,19,19,44,7,37,61,55,6,34,9,25,55,16,39,53,45,8,37,20,17
S01011606,602,311,291,53,32,21,103,35,68,97,54,43,86,19,67,84,80,4,34,11,23,61,16,45,41,39,2,43,25,18
S01011607,336,177,159,35,26,9,45,24,21,43,22,21,59,11,48,46,44,2,29,5,24,26,9,17,31,24,7,22,12,10
S01011608,567,291,276,52,33,19,72,19,53,79,50,29,87,11,76,88,87,1,48,7,41,63,19,44,51,45,6,27,20,7
S01011609,356,166,190,10,7,3,26,10,16,24,9,15,14,2,12,50,45,5,44,6,38,56,6,50,47,34,13,85,47,38
S01011610,340,169,171,9,4,5,21,9,12,26,12,14,31,8,23,44,40,4,35,10,25,51,18,33,36,31,5,87,37,50
S01011611,357,177,180,29,18,11,47,18,29,47,25,22,54,12,42,45,44,1,35,4,31,37,10,27,37,31,6,26,15,11
S01011612,393,197,196,66,39,27,87,37,50,74,41,33,41,7,34,35,35,0,23,6,17,29,6,23,22,17,5,16,9,7
S01011613,488,252,236,54,37,17,90,31,59,58,41,17,82,15,67,53,51,2,35,4,31,44,18,26,51,45,6,21,10,11
S01011614,238,127,111,21,16,5,39,15,24,22,14,8,40,5,35,44,41,3,17,4,13,18,8,10,22,17,5,15,7,8
S01011615,291,150,141,15,8,7,27,13,14,33,16,17,33,6,27,45,44,1,37,6,31,26,4,22,39,33,6,36,20,16
S01011616,149,79,70,7,5,2,14,7,7,15,6,9,19,5,14,20,20,0,24,5,19,11,3,8,19,16,3,20,12,8
S01011617,365,168,197,13,9,4,18,5,13,23,12,11,53,8,45,36,30,6,52,7,45,48,13,35,69,63,6,53,21,32
S01011618,259,126,133,11,6,5,23,9,14,19,10,9,30,4,26,28,25,3,34,6,28,32,8,24,43,37,6,39,21,18
S01011619,601,315,286,57,37,20,92,45,47,97,54,43,92,17,75,60,56,4,50,11,39,55,18,37,65,58,7,33,19,14
S01011620,664,345,319,69,45,24,126,50,76,118,72,46,76,11,65,68,64,4,53,7,46,58,23,35,61,53,8,35,20,15
S01011621,379,189,190,30,19,11,41,14,27,44,19,25,57,9,48,50,48,2,35,7,28,49,18,31,41,35,6,32,20,12
S01011622,363,199,164,44,35,9,73,31,42,63,38,25,51,9,42,40,36,4,27,8,19,20,8,12,24,22,2,21,12,9
S01011623,298,149,149,22,13,9,31,12,19,23,11,12,42,6,36,35,33,2,30,4,26,43,15,28,34,27,7,38,28,10
S01011624,378,186,192,37,23,14,49,18,31,47,28,19,54,9,45,39,38,1,40,5,35,47,16,31,37,34,3,28,15,13
S01011625,267,135,132,11,7,4,19,6,13,29,17,12,33,8,25,33,29,4,24,5,19,45,8,37,41,36,5,32,19,13
S01011626,484,257,227,41,31,10,87,29,58,77,45,32,54,9,45,61,59,2,41,6,35,59,22,37,44,40,4,20,16,4
S01011627,430,217,213,46,26,20,75,28,47,66,36,30,64,10,54,49,45,4,30,5,25,41,17,24,38,34,4,21,16,5
S01011628,555,288,267,43,25,18,83,37,46,80,42,38,85,19,66,71,68,3,52,7,45,56,22,34,41,40,1,44,28,16
S01011629,250,132,118,13,8,5,13,2,11,18,12,6,32,7,25,33,33,0,24,5,19,39,12,27,31,26,5,47,27,20
S01011630,275,138,137,17,9,8,19,7,12,23,12,11,40,3,37,46,42,4,30,3,27,29,10,19,44,37,7,27,15,12
S01011631,225,123,102,7,5,2,6,3,3,9,6,3,19,6,13,35,31,4,21,9,12,42,9,33,40,34,6,46,20,26
S01011632,333,159,174,17,10,7,23,8,15,20,11,9,30,7,23,32,30,2,53,3,50,39,14,25,59,44,15,60,32,28
S01011633,279,147,132,10,6,4,21,7,14,20,9,11,33,8,25,43,43,0,25,2,23,30,5,25,40,33,7,57,34,23
S01011634,212,105,107,9,6,3,11,2,9,24,13,11,25,4,21,21,20,1,24,3,21,29,9,20,33,30,3,36,18,18
S01011635,282,151,131,13,6,7,18,6,12,22,13,9,26,5,21,37,31,6,44,10,34,30,10,20,55,50,5,37,20,17
S01011636,279,143,136,8,5,3,13,3,10,15,8,7,29,12,17,37,32,5,37,4,33,43,14,29,36,30,6,61,35,26
S01011637,291,139,152,19,13,6,27,11,16,23,7,16,42,14,28,35,31,4,37,6,31,29,10,19,36,28,8,43,19,24
S01011638,223,103,120,16,9,7,29,9,20,19,14,5,35,4,31,26,21,5,26,4,22,17,6,11,27,23,4,28,13,15
S01011639,227,116,111,8,5,3,16,7,9,24,14,10,22,7,15,33,31,2,30,9,21,41,12,29,21,18,3,32,13,19
S01011640,288,154,134,15,9,6,17,3,14,22,14,8,24,3,21,45,41,4,35,8,27,43,12,31,39,37,2,48,27,21
S01011641,249,131,118,13,10,3,49,21,28,35,22,13,44,10,34,24,23,1,25,7,18,19,7,12,18,17,1,22,14,8
S01011642,402,202,200,38,25,13,57,24,33,47,23,24,55,11,44,57,54,3,33,4,29,40,10,30,32,20,12,43,31,12
S01011643,307,168,139,32,24,8,64,30,34,49,24,25,25,2,23,37,36,1,25,7,18,18,8,10,31,23,8,26,14,12
S01011644,319,166,153,25,18,7,51,23,28,41,26,15,36,3,33,31,29,2,44,6,38,35,14,21,32,28,4,24,19,5
S01011645,228,108,120,7,6,1,31,8,23,24,14,10,29,9,20,25,21,4,32,8,24,31,5,26,25,21,4,24,16,8
S01011646,352,185,167,49,34,15,72,30,42,44,32,12,54,11,43,31,27,4,22,3,19,41,15,26,23,21,2,16,12,4
S01011647,496,250,246,51,32,19,92,37,55,62,34,28,79,16,63,51,49,2,36,8,28,58,21,37,33,33,0,34,20,14
S01011648,365,190,175,35,18,17,79,28,51,63,38,25,39,8,31,44,44,0,23,5,18,29,12,17,27,23,4,26,14,12
S01011649,237,125,112,15,10,5,31,8,23,21,15,6,32,8,24,28,27,1,21,6,15,30,12,18,28,22,6,31,17,14
S01011650,331,171,160,37,25,12,72,29,43,43,26,17,42,10,32,27,24,3,25,6,19,35,12,23,25,21,4,25,18,7
S01011651,442,238,204,27,19,8,72,33,39,67,39,28,55,10,45,57,55,2,42,10,32,40,9,31,37,30,7,45,33,12
S01011652,419,218,201,27,18,9,79,32,47,50,29,21,57,16,41,47,45,2,32,9,23,61,18,43,34,29,5,32,22,10
S01011653,373,184,189,27,11,16,24,5,19,27,17,10,36,5,31,45,44,1,54,16,38,48,11,37,55,47,8,57,28,29
S01011654,401,206,195,36,21,15,70,30,40,51,24,27,37,9,28,37,32,5,43,10,33,38,16,22,47,38,9,42,26,16
S01011655,341,173,168,13,3,10,21,8,13,35,22,13,30,4,26,49,44,5,38,5,33,40,10,30,47,41,6,68,36,32
S01011656,232,117,115,9,5,4,14,4,10,15,8,7,28,6,22,24,21,3,23,3,20,32,10,22,38,33,5,49,27,22
S01011657,204,104,100,6,3,3,29,11,18,12,6,6,22,8,14,26,24,2,26,4,22,22,7,15,23,18,5,38,23,15
S01011658,297,170,127,9,6,3,17,5,12,21,8,13,23,3,20,42,42,0,43,10,33,43,13,30,53,48,5,46,35,11
S01011659,321,159,162,22,10,12,26,12,14,16,8,8,34,5,29,48,44,4,36,8,28,46,11,35,39,33,6,54,28,26
S01011660,483,249,234,32,23,9,69,31,38,47,29,18,63,6,57,60,56,4,55,13,42,52,18,34,52,44,8,53,29,24
S01011661,237,123,114,8,7,1,18,5,13,18,11,7,33,6,27,43,37,6,23,2,21,28,10,18,34,31,3,32,14,18
S01011662,367,196,171,30,25,5,61,22,39,57,36,21,52,10,42,49,48,1,28,7,21,34,8,26,33,31,2,23,9,14
S01011663,405,198,207,12,7,5,33,13,20,37,16,21,31,1,30,55,52,3,45,5,40,56,19,37,65,51,14,71,34,37
S01011664,375,197,178,14,12,2,25,4,21,23,11,12,39,5,34,56,50,6,56,12,44,33,11,22,53,45,8,76,47,29
S01011665,354,189,165,20,9,11,44,13,31,38,25,13,33,7,26,38,36,2,41,13,28,51,21,30,43,38,5,46,27,19
S01011666,313,157,156,17,8,9,29,13,16,34,22,12,37,7,30,34,32,2,34,7,27,44,15,29,30,29,1,54,24,30
S01011667,326,180,146,24,21,3,40,17,23,36,23,13,30,7,23,36,31,5,31,9,22,44,13,31,43,36,7,42,23,19
S01011668,406,210,196,19,12,7,23,9,14,32,14,18,38,11,27,42,40,2,37,6,31,48,16,32,68,54,14,99,48,51
S01011669,285,149,136,28,22,6,53,21,32,32,16,16,38,12,26,28,28,0,24,6,18,33,9,24,18,17,1,31,18,13
S01011670,239,120,119,4,4,0,20,6,14,18,11,7,30,3,27,25,22,3,25,8,17,39,9,30,39,36,3,39,21,18
S01011671,305,162,143,22,16,6,48,24,24,41,19,22,39,13,26,27,26,1,27,8,19,37,9,28,33,28,5,31,19,12
S01011672,235,117,118,11,6,5,36,10,26,23,11,12,39,9,30,29,28,1,15,3,12,26,6,20,27,26,1,29,18,11
S01011673,298,154,144,11,7,4,23,10,13,15,8,7,33,2,31,44,39,5,27,5,22,52,18,34,40,37,3,53,28,25
S01011674,496,254,242,28,19,9,75,27,48,66,41,25,74,13,61,54,53,1,53,11,42,54,19,35,49,43,6,43,28,15
S01011675,389,200,189,27,20,7,39,18,21,30,14,16,43,5,38,50,45,5,37,5,32,40,8,32,68,59,9,55,26,29
S01011676,271,138,133,5,3,2,22,7,15,17,11,6,25,4,21,28,23,5,35,6,29,37,7,30,34,30,4,68,47,21
S01011677,306,155,151,21,17,4,50,12,38,52,33,19,22,4,18,38,36,2,28,4,24,45,18,27,17,11,6,33,20,13
S01011678,168,81,87,9,4,5,18,7,11,8,5,3,16,2,14,17,16,1,23,4,19,21,7,14,28,24,4,28,12,16
S01011679,324,166,158,26,15,11,45,15,30,50,27,23,39,9,30,38,36,2,23,3,20,37,8,29,34,29,5,32,24,8
S01011680,413,235,178,24,16,8,28,9,19,35,17,18,44,12,32,60,57,3,54,10,44,38,14,24,78,71,7,52,29,23
S01011681,392,194,198,27,20,7,51,14,37,26,10,16,41,7,34,50,43,7,48,8,40,39,10,29,61,54,7,49,28,21
S01011682,223,128,95,25,16,9,31,11,20,25,12,13,17,3,14,56,48,8,17,1,16,12,4,8,25,24,1,15,9,6
S01011683,356,200,156,16,8,8,24,11,13,31,15,16,38,9,29,77,70,7,40,3,37,31,9,22,50,45,5,49,30,19
S01011684,241,134,107,22,19,3,24,14,10,20,10,10,34,4,30,28,28,0,20,2,18,24,9,15,40,35,5,29,13,16
S01011685,471,242,229,52,39,13,67,20,47,78,43,35,68,12,56,50,47,3,34,4,30,41,15,26,52,44,8,29,18,11
S01011686,472,245,227,42,25,17,76,27,49,58,32,26,67,9,58,72,69,3,30,1,29,41,13,28,58,53,5,28,16,12
S01011687,382,215,167,23,18,5,37,14,23,42,29,13,49,11,38,53,52,1,46,10,36,42,12,30,49,44,5,41,25,16
S01011688,425,232,193,41,30,11,65,27,38,55,33,22,58,9,49,63,60,3,32,9,23,37,12,25,36,30,6,38,22,16
S01011689,374,196,178,49,34,15,78,34,44,50,23,27,49,7,42,57,50,7,20,5,15,19,5,14,26,21,5,26,17,9
S01011690,523,264,259,54,37,17,76,33,43,82,40,42,55,9,46,69,66,3,55,7,48,48,10,38,44,40,4,40,22,18
S01011691,315,161,154,31,22,9,49,19,30,47,26,21,36,7,29,31,30,1,32,5,27,32,10,22,36,32,4,21,10,11
S01011692,442,237,205,27,19,8,31,14,17,28,17,11,56,14,42,58,50,8,53,12,41,48,11,37,65,58,7,76,42,34
S01011693,442,223,219,41,27,14,93,31,62,52,31,21,59,17,42,49,49,0,38,8,30,36,8,28,39,35,4,35,17,18
S01011694,300,150,150,37,21,16,59,22,37,50,23,27,41,14,27,29,28,1,17,1,16,26,7,19,26,24,2,15,10,5
S01011695,528,269,259,65,36,29,93,36,57,90,48,42,70,8,62,76,72,4,32,7,25,35,10,25,39,35,4,28,17,11
S01011696,607,315,292,103,67,36,163,68,95,112,73,39,65,9,56,48,44,4,27,9,18,39,10,29,30,26,4,20,9,11
S01011697,537,261,276,62,43,19,107,50,57,94,53,41,85,11,74,48,43,5,28,4,24,52,16,36,30,27,3,31,14,17
S01011698,303,148,155,18,5,13,22,10,12,39,22,17,41,4,37,43,39,4,30,4,26,33,11,22,39,33,6,38,20,18
S01011699,480,245,235,49,32,17,74,30,44,73,41,32,90,15,75,56,54,2,33,10,23,48,21,27,22,21,1,35,21,14
S01011700,352,177,175,35,24,11,49,15,34,39,21,18,52,13,39,43,42,1,43,7,36,35,11,24,28,28,0,28,16,12
S01011701,550,298,252,57,38,19,132,65,67,97,55,42,66,13,53,55,55,0,44,12,32,42,15,27,27,26,1,30,19,11
S01011702,340,166,174,32,16,16,71,24,47,43,26,17,37,8,29,35,31,4,33,6,27,36,17,19,27,25,2,26,13,13
S01011703,323,171,152,38,27,11,84,40,44,37,21,16,34,7,27,43,39,4,22,3,19,33,11,22,18,17,1,14,6,8
S01011704,400,202,198,34,26,8,89,41,48,70,45,25,55,5,50,38,33,5,31,5,26,35,14,21,22,20,2,26,13,13
S01011705,343,164,179,26,18,8,40,13,27,46,21,25,39,4,35,49,47,2,39,2,37,28,9,19,42,37,5,34,13,21
S01011706,462,246,216,31,19,12,60,19,41,46,25,21,63,15,48,61,56,5,45,11,34,63,27,36,46,43,3,47,31,16
S01011707,345,171,174,30,18,12,66,27,39,59,39,20,50,6,44,37,33,4,37,4,33,27,11,16,21,17,4,18,16,2
S01011708,416,190,226,26,21,5,45,15,30,45,19,26,55,12,43,40,35,5,51,5,46,60,17,43,44,37,7,50,29,21
S01011709,456,215,241,40,20,20,78,36,42,41,16,25,55,13,42,59,54,5,43,10,33,49,10,39,41,38,3,50,18,32
S01011710,263,121,142,8,6,2,16,4,12,19,5,14,29,5,24,39,37,2,32,5,27,34,5,29,33,27,6,53,27,26
S01011711,267,136,131,6,4,2,15,7,8,24,12,12,31,8,23,33,32,1,27,2,25,51,15,36,26,22,4,54,34,20
S01011712,280,128,152,16,7,9,33,13,20,33,16,17,35,12,23,36,35,1,31,2,29,42,7,35,30,27,3,24,9,15
S01011713,456,233,223,30,18,12,61,26,35,51,27,24,68,12,56,63,60,3,50,9,41,33,11,22,45,38,7,55,32,23
S01011714,331,163,168,20,10,10,50,18,32,53,32,21,46,9,37,49,45,4,26,4,22,32,7,25,32,25,7,23,13,10
S01011715,259,126,133,12,7,5,33,14,19,29,16,13,25,1,24,29,26,3,27,5,22,33,10,23,36,32,4,35,15,20
S01011716,514,260,254,52,33,19,71,21,50,85,51,34,78,11,67,62,58,4,43,12,31,47,15,32,49,45,4,27,14,13
S01011717,384,199,185,30,25,5,53,18,35,44,31,13,65,9,56,49,46,3,37,7,30,43,12,31,34,31,3,29,20,9
S01011718,473,234,239,46,28,18,106,37,69,82,45,37,62,11,51,63,59,4,30,3,27,26,8,18,40,37,3,18,6,12
S01011719,431,217,214,53,33,20,74,27,47,52,35,17,81,17,64,48,47,1,26,3,23,44,15,29,24,23,1,29,17,12
S01011720,299,156,143,39,29,10,50,24,26,47,25,22,55,7,48,32,30,2,11,1,10,29,11,18,17,17,0,19,12,7
S01011721,324,163,161,14,5,9,29,11,18,32,22,10,55,11,44,37,34,3,39,9,30,29,5,24,35,30,5,54,36,18
S01011722,289,150,139,17,11,6,32,12,20,30,19,11,46,9,37,41,39,2,25,2,23,34,12,22,28,25,3,36,21,15
S01011723,451,235,216,32,20,12,65,24,41,51,28,23,67,13,54,52,46,6,40,10,30,32,8,24,53,50,3,59,36,23
S01011724,393,189,204,35,19,16,62,25,37,49,29,20,60,7,53,51,46,5,38,7,31,40,12,28,29,27,2,29,17,12
S01011725,404,219,185,45,28,17,73,36,37,53,28,25,68,20,48,47,44,3,29,3,26,32,13,19,27,25,2,30,22,8
S01011726,328,165,163,25,15,10,48,23,25,62,35,27,57,11,46,33,32,1,28,6,22,30,7,23,29,27,2,16,9,7
S01011727,456,243,213,69,50,19,98,54,44,84,42,42,41,6,35,52,46,6,35,5,30,35,10,25,23,20,3,19,10,9
S01011728,492,249,243,39,20,19,48,24,24,35,16,19,81,19,62,68,66,2,42,3,39,63,14,49,56,52,4,60,35,25
S01011729,285,137,148,17,9,8,32,11,21,34,22,12,38,11,27,30,26,4,29,4,25,34,11,23,28,26,2,43,17,26
S01011730,459,246,213,34,21,13,69,22,47,57,29,28,80,25,55,60,58,2,30,4,26,33,14,19,48,45,3,48,28,20
S01011731,404,202,202,15,8,7,42,15,27,33,14,19,63,15,48,42,40,2,44,7,37,46,13,33,60,54,6,59,36,23
S01011732,454,228,226,39,29,10,82,33,49,72,46,26,90,20,70,43,40,3,31,7,24,34,9,25,33,25,8,30,19,11
S01011733,409,215,194,17,9,8,47,18,29,44,28,16,70,16,54,52,48,4,48,9,39,39,14,25,40,34,6,52,39,13
S01011734,380,205,175,28,19,9,59,27,32,38,24,14,63,17,46,49,47,2,39,7,32,35,13,22,23,20,3,46,31,15
S01011735,359,191,168,30,21,9,63,31,32,53,31,22,62,12,50,46,42,4,31,9,22,28,8,20,19,17,2,27,20,7
S01011736,368,178,190,21,14,7,38,11,27,35,18,17,64,17,47,38,37,1,46,9,37,39,12,27,34,30,4,53,30,23
S01011737,283,143,140,14,9,5,28,11,17,31,18,13,39,12,27,32,31,1,29,5,24,39,17,22,26,18,8,45,22,23
S01011738,476,250,226,39,24,15,48,20,28,50,33,17,74,20,54,53,47,6,47,8,39,36,9,27,63,46,17,66,43,23
S01011739,238,126,112,8,3,5,19,7,12,10,7,3,41,16,25,26,26,0,26,4,22,29,9,20,31,26,5,48,28,20
S01011740,283,140,143,22,14,8,25,7,18,20,11,9,31,7,24,26,24,2,38,8,30,37,10,27,30,25,5,54,34,20
S01011741,292,161,131,7,5,2,18,11,7,24,17,7,53,14,39,40,39,1,27,4,23,41,12,29,34,29,5,48,30,18
S01011742,347,170,177,19,15,4,41,16,25,33,19,14,54,11,43,36,34,2,39,9,30,50,11,39,36,34,2,39,21,18
S01011743,397,191,206,16,9,7,45,16,29,50,28,22,69,16,53,53,48,5,30,4,26,43,9,34,38,35,3,53,26,27
S01011744,364,185,179,24,16,8,38,18,20,50,20,30,53,12,41,36,32,4,37,11,26,37,8,29,36,35,1,53,33,20
S01011745,270,139,131,19,13,6,20,5,15,27,15,12,42,7,35,32,31,1,31,8,23,22,9,13,19,18,1,58,33,25
S01011746,230,106,124,8,5,3,8,2,6,14,8,6,23,6,17,27,23,4,32,4,28,28,5,23,31,23,8,59,30,29
S01011747,374,188,186,21,11,10,16,9,7,21,12,9,46,8,38,41,36,5,55,16,39,41,12,29,48,34,14,85,50,35
S01011748,370,182,188,8,5,3,16,5,11,35,14,21,41,12,29,40,34,6,57,13,44,52,15,37,37,32,5,84,52,32
S01011749,295,175,120,11,7,4,10,5,5,34,25,9,37,10,27,33,33,0,30,14,16,39,16,23,33,27,6,68,38,30
S01011750,369,193,176,24,9,15,36,14,22,37,20,17,52,10,42,38,32,6,37,5,32,37,17,20,41,38,3,67,48,19
S01011751,454,240,214,16,12,4,24,12,12,48,28,20,45,14,31,48,45,3,62,10,52,55,20,35,56,46,10,100,53,47
S01011752,486,238,248,28,11,17,49,16,33,66,31,35,72,18,54,64,60,4,40,9,31,58,16,42,50,46,4,59,31,28
S01011753,372,188,184,29,21,8,66,27,39,40,20,20,55,10,45,41,38,3,31,10,21,37,15,22,18,16,2,55,31,24
S01011754,330,158,172,14,9,5,26,9,17,24,11,13,51,9,42,48,43,5,42,3,39,41,15,26,40,33,7,44,26,18
S01011755,481,261,220,28,10,18,30,13,17,61,39,22,64,23,41,58,53,5,59,12,47,58,18,40,54,48,6,69,45,24
S01011756,467,224,243,19,10,9,37,12,25,49,27,22,76,15,61,55,52,3,56,12,44,55,13,42,36,32,4,84,51,33
S01011757,315,153,162,12,6,6,21,9,12,26,16,10,51,11,40,45,42,3,35,10,25,43,8,35,39,29,10,43,22,21
S01011758,313,159,154,21,14,7,14,6,8,32,21,11,52,13,39,32,29,3,36,10,26,42,11,31,31,29,2,53,26,27
S01011759,368,183,185,10,4,6,35,15,20,26,12,14,72,18,54,34,34,0,40,8,32,41,11,30,59,48,11,51,33,18
S01011760,428,220,208,15,9,6,26,9,17,46,27,19,87,20,67,46,43,3,38,12,26,51,16,35,51,46,5,68,38,30
S01011761,317,168,149,19,10,9,35,12,23,33,20,13,38,4,34,32,28,4,32,6,26,33,12,21,35,33,2,60,43,17
S01011762,294,155,139,17,13,4,21,8,13,34,22,12,33,7,26,34,32,2,36,4,32,44,18,26,28,25,3,47,26,21
S01011763,386,195,191,29,19,10,29,8,21,39,23,16,66,17,49,50,47,3,40,10,30,43,8,35,36,32,4,54,31,23
S01011764,206,103,103,11,7,4,18,9,9,20,10,10,27,4,23,23,21,2,22,1,21,28,9,19,23,21,2,34,21,13
S01011765,597,288,309,56,35,21,89,38,51,94,47,47,101,18,83,70,67,3,48,8,40,47,14,33,38,32,6,54,29,25
S01011766,282,140,142,34,18,16,46,15,31,36,24,12,35,3,32,39,36,3,19,4,15,31,8,23,23,19,4,19,13,6
S01011767,391,204,187,29,17,12,41,14,27,30,21,9,57,8,49,44,39,5,44,11,33,43,16,27,47,42,5,56,36,20
S01011768,334,157,177,12,9,3,24,9,15,33,15,18,50,8,42,39,35,4,39,5,34,31,10,21,33,25,8,73,41,32
S01011769,266,141,125,11,5,6,22,13,9,28,12,16,35,11,24,34,32,2,35,11,24,27,7,20,30,24,6,44,26,18
S01011770,357,201,156,15,8,7,31,13,18,31,16,15,63,22,41,43,40,3,35,8,27,30,13,17,43,40,3,66,41,25
S01011771,401,199,202,40,30,10,69,27,42,65,35,30,63,7,56,40,39,1,28,3,25,45,25,20,21,16,5,30,17,13
S01011772,587,315,272,113,81,32,133,58,75,93,58,35,73,16,57,41,39,2,33,6,27,43,19,24,20,19,1,38,19,19
S01011773,371,186,185,39,25,14,72,30,42,53,34,19,52,8,44,36,33,3,28,5,23,41,12,29,33,30,3,17,9,8
S01011774,492,243,249,44,29,15,84,37,47,92,52,40,78,16,62,53,48,5,30,4,26,44,15,29,26,23,3,41,19,22
S01011775,383,196,187,60,38,22,86,42,44,68,39,29,43,7,36,32,29,3,20,2,18,36,10,26,16,16,0,22,13,9
S01011776,588,305,283,86,64,22,158,69,89,87,54,33,76,13,63,45,43,2,41,8,33,47,17,30,26,23,3,22,14,8
S01011777,349,181,168,37,26,11,75,40,35,75,45,30,58,13,45,28,26,2,23,4,19,24,3,21,14,13,1,15,11,4
S01011778,363,186,177,37,23,14,92,38,54,67,42,25,58,15,43,31,28,3,18,3,15,28,12,16,12,11,1,20,14,6
S01011779,417,217,200,48,31,17,97,36,61,59,37,22,57,17,40,51,47,4,26,3,23,35,12,23,23,20,3,21,14,7
S01011780,520,286,234,81,60,21,116,49,67,80,49,31,62,17,45,36,34,2,26,6,20,49,17,32,35,33,2,35,21,14
S01011781,308,165,143,31,27,4,67,28,39,45,30,15,49,3,46,19,19,0,23,8,15,26,12,14,25,23,2,23,15,8
S01011782,382,202,180,41,28,13,73,38,35,61,34,27,53,12,41,38,38,0,34,5,29,39,12,27,24,24,0,19,11,8
S01011783,321,171,150,30,19,11,72,28,44,45,32,13,46,14,32,35,29,6,16,0,16,34,16,18,24,18,6,19,15,4
S01011784,381,177,204,20,11,9,38,12,26,34,15,19,60,15,45,40,38,2,41,5,36,54,19,35,37,34,3,57,28,29
S01011785,421,209,212,24,15,9,48,23,25,51,33,18,74,15,59,51,47,4,42,7,35,42,9,33,34,31,3,55,29,26
S01011786,230,120,110,26,16,10,56,21,35,53,30,23,22,4,18,26,25,1,7,0,7,24,13,11,8,8,0,8,3,5
S01011787,395,207,188,17,15,2,42,20,22,27,14,13,47,6,41,71,63,8,37,4,33,50,11,39,49,43,6,55,31,24
S01011788,361,200,161,103,71,32,97,47,50,40,20,20,36,11,25,26,26,0,16,3,13,26,9,17,6,6,0,11,7,4
S01011789,318,162,156,27,21,6,43,12,31,32,19,13,39,4,35,57,51,6,38,5,33,18,5,13,32,26,6,32,19,13
S01011790,446,221,225,33,22,11,54,21,33,45,24,21,50,4,46,71,64,7,48,4,44,43,11,32,49,42,7,53,29,24
S01011791,319,162,157,12,10,2,29,10,19,23,12,11,38,5,33,62,58,4,43,5,38,26,6,20,32,29,3,54,27,27
S01011792,356,195,161,25,19,6,56,20,36,45,29,16,49,9,40,49,47,2,28,5,23,23,10,13,33,30,3,48,26,22
S01011793,335,168,167,34,21,13,68,23,45,36,23,13,44,6,38,51,46,5,30,5,25,19,9,10,26,20,6,27,15,12
S01011794,380,181,199,24,15,9,34,9,25,37,20,17,61,11,50,53,51,2,44,4,40,35,12,23,38,35,3,54,24,30
S01011795,269,154,115,10,8,2,25,11,14,25,17,8,33,9,24,42,38,4,35,9,26,27,11,16,36,29,7,36,22,14
S01011796,321,156,165,15,8,7,32,15,17,26,9,17,36,8,28,43,41,2,37,6,31,40,9,31,38,27,11,54,33,21
S01011797,573,296,277,53,42,11,88,35,53,94,54,40,90,9,81,71,68,3,49,15,34,42,17,25,43,39,4,43,17,26
S01011798,241,121,120,12,6,6,21,7,14,23,10,13,24,8,16,38,37,1,25,1,24,33,13,20,28,22,6,37,17,20
S01011799,443,233,210,34,23,11,64,24,40,50,27,23,58,11,47,71,70,1,39,3,36,43,16,27,42,38,4,42,21,21
S01011800,254,141,113,10,7,3,17,6,11,21,13,8,31,2,29,49,43,6,21,3,18,23,6,17,39,33,6,43,28,15
S01011801,227,113,114,10,7,3,17,8,9,21,9,12,36,4,32,32,32,0,24,5,19,24,9,15,17,16,1,46,23,23
S01011802,288,152,136,25,14,11,26,14,12,27,16,11,36,6,30,47,45,2,41,4,37,20,4,16,28,24,4,38,25,13
S01011803,259,124,135,11,8,3,19,9,10,23,9,14,28,5,23,45,42,3,31,1,30,34,5,29,35,28,7,33,17,16
S01011804,374,191,183,29,14,15,51,14,37,34,26,8,25,2,23,49,49,0,41,8,33,32,7,25,38,35,3,75,36,39
S01011805,280,144,136,17,10,7,44,15,29,40,22,18,23,5,18,52,44,8,27,9,18,15,5,10,19,14,5,43,20,23
S01011806,377,199,178,45,24,21,43,13,30,41,30,11,34,6,28,70,64,6,37,6,31,21,3,18,35,31,4,51,22,29
S01011807,610,325,285,45,18,27,94,37,57,56,26,30,51,8,43,177,150,27,54,11,43,33,10,23,39,34,5,61,31,30
S01011808,330,174,156,31,18,13,43,13,30,32,18,14,26,3,23,70,62,8,31,4,27,30,11,19,21,20,1,46,25,21
S01011809,402,217,185,43,19,24,70,29,41,30,22,8,40,5,35,81,68,13,29,2,27,25,9,16,33,30,3,51,33,18
S01011810,496,266,230,33,17,16,68,25,43,35,21,14,47,8,39,133,110,23,62,11,51,23,6,17,40,36,4,55,32,23
S01011811,554,302,252,40,17,23,69,27,42,45,29,16,48,2,46,156,134,22,50,5,45,33,12,21,56,50,6,57,26,31
S01011812,349,187,162,28,15,13,61,28,33,43,24,19,32,5,27,89,71,18,31,3,28,7,2,5,15,14,1,43,25,18
S01011813,427,230,197,32,12,20,63,21,42,29,18,11,45,5,40,110,100,10,39,4,35,29,7,22,40,40,0,40,23,17
S01011814,403,218,185,27,16,11,62,21,41,43,29,14,29,4,25,93,79,14,45,11,34,19,5,14,30,25,5,55,28,27
S01011815,441,220,221,27,14,13,62,16,46,52,34,18,48,3,45,91,75,16,50,7,43,27,11,16,34,29,5,50,31,19
S01011816,351,185,166,60,36,24,57,21,36,43,28,15,30,5,25,46,44,2,28,3,25,31,8,23,31,29,2,25,11,14
S01011817,430,234,196,56,32,24,54,16,38,33,20,13,37,4,33,103,97,6,41,6,35,28,7,21,41,39,2,37,13,24
S01011818,607,306,301,38,23,15,66,24,42,76,47,29,70,8,62,100,94,6,60,13,47,64,16,48,51,48,3,82,33,49
S01011819,466,247,219,22,17,5,37,15,22,40,25,15,50,7,43,88,77,11,61,8,53,45,22,23,44,39,5,79,37,42
S01011820,372,192,180,24,17,7,55,16,39,43,25,18,42,6,36,67,63,4,40,6,34,27,9,18,26,24,2,48,26,22
S01011821,220,113,107,19,10,9,19,4,15,14,9,5,24,2,22,38,36,2,23,4,19,25,9,16,23,23,0,35,16,19
S01011822,404,214,190,28,14,14,34,18,16,31,15,16,33,4,29,90,78,12,50,7,43,39,15,24,27,24,3,72,39,33
S01011823,326,153,173,27,16,11,33,14,19,33,20,13,31,6,25,47,38,9,36,3,33,37,13,24,22,19,3,60,24,36
S01011824,379,202,177,16,9,7,26,10,16,31,23,8,31,2,29,80,74,6,48,6,42,34,8,26,31,28,3,82,42,40
S01011825,285,145,140,24,10,14,39,17,22,29,21,8,23,5,18,36,33,3,49,12,37,30,11,19,22,22,0,33,14,19
S01011826,371,189,182,32,17,15,58,19,39,25,16,9,36,3,33,70,62,8,39,7,32,32,10,22,26,23,3,53,32,21
S01011827,217,121,96,23,13,10,13,3,10,24,13,11,11,1,10,61,52,9,26,3,23,10,2,8,19,17,2,30,17,13
S01011828,486,267,219,37,17,20,66,32,34,37,21,16,35,7,28,127,107,20,68,11,57,26,4,22,37,34,3,53,34,19
S01011829,241,131,110,21,14,7,39,14,25,24,11,13,24,7,17,53,45,8,24,2,22,12,4,8,28,24,4,16,10,6
S01011830,287,165,122,19,11,8,29,8,21,29,19,10,15,2,13,103,81,22,30,7,23,6,1,5,20,17,3,36,19,17
S01011831,393,219,174,29,18,11,53,22,31,28,17,11,21,1,20,125,97,28,47,11,36,9,3,6,18,16,2,63,34,29
S01011832,441,243,198,41,19,22,35,13,22,42,24,18,20,5,15,134,119,15,53,6,47,23,2,21,28,20,8,65,35,30
S01011833,459,238,221,74,51,23,117,47,70,67,44,23,46,3,43,54,47,7,27,3,24,20,9,11,16,14,2,38,20,18
S01011834,254,136,118,43,32,11,76,35,41,36,26,10,31,3,28,22,21,1,12,1,11,13,3,10,5,5,0,16,10,6
S01011835,379,196,183,67,39,28,94,44,50,60,37,23,40,8,32,49,39,10,21,4,17,20,9,11,5,4,1,23,12,11
S01011836,379,204,175,59,41,18,87,41,46,60,38,22,46,10,36,49,42,7,24,4,20,18,5,13,17,16,1,19,7,12
S01011837,329,175,154,61,40,21,72,33,39,54,31,23,29,3,26,40,34,6,18,3,15,16,8,8,18,13,5,21,10,11
S01011838,413,229,184,64,39,25,102,52,50,60,37,23,46,14,32,31,29,2,24,2,22,21,12,9,21,19,2,44,25,19
S01011839,494,259,235,62,46,16,101,42,59,71,45,26,54,10,44,58,53,5,38,7,31,40,17,23,24,21,3,46,18,28
S01011840,517,258,259,61,42,19,103,42,61,60,33,27,59,9,50,59,51,8,36,7,29,42,18,24,33,30,3,64,26,38
S01011841,452,228,224,44,26,18,94,34,60,76,45,31,38,6,32,50,46,4,40,6,34,34,15,19,26,25,1,50,25,25
S01011842,446,222,224,31,17,14,66,30,36,46,23,23,36,9,27,68,63,5,48,4,44,44,13,31,39,31,8,68,32,36
S01011843,508,276,232,86,57,29,129,59,70,58,31,27,38,6,32,87,73,14,28,3,25,28,9,19,20,19,1,34,19,15
S01011844,349,183,166,55,43,12,107,53,54,56,31,25,30,5,25,28,24,4,24,2,22,15,4,11,7,5,2,27,16,11
S01011845,412,199,213,39,27,12,62,27,35,60,28,32,52,5,47,57,52,5,36,7,29,30,9,21,30,28,2,46,16,30
S01011846,457,230,227,67,45,22,100,47,53,63,30,33,49,4,45,51,47,4,22,3,19,30,8,22,26,22,4,49,24,25
S01011847,222,122,100,43,28,15,59,33,26,30,16,14,20,4,16,25,22,3,11,2,9,13,3,10,8,8,0,13,6,7
S01011848,384,195,189,30,16,14,89,39,50,54,32,22,40,7,33,53,44,9,34,3,31,19,8,11,26,24,2,39,22,17
S01011849,448,230,218,53,31,22,71,30,41,57,23,34,41,6,35,64,61,3,50,10,40,33,13,20,39,36,3,40,20,20
S01011850,361,195,166,72,50,22,43,17,26,43,19,24,40,6,34,58,51,7,28,8,20,15,4,11,12,12,0,50,28,22
S01011851,442,221,221,51,31,20,56,23,33,61,30,31,33,3,30,74,63,11,41,4,37,33,5,28,42,40,2,51,22,29
S01011852,488,259,229,51,25,26,57,27,30,54,30,24,41,6,35,88,78,10,51,14,37,36,8,28,35,31,4,75,40,35
S01011853,378,201,177,48,33,15,50,21,29,51,26,25,42,8,34,59,54,5,38,5,33,26,10,16,24,22,2,40,22,18
S01011854,377,195,182,42,31,11,50,19,31,46,24,22,35,7,28,44,42,2,57,13,44,34,11,23,26,25,1,43,23,20
S01011855,419,205,214,27,13,14,31,15,16,38,14,24,37,4,33,82,70,12,59,9,50,32,10,22,36,35,1,77,35,42
S01011856,281,149,132,63,39,24,57,27,30,46,29,17,31,6,25,28,25,3,18,1,17,17,10,7,5,5,0,16,7,9
S01011857,346,186,160,51,37,14,62,29,33,41,17,24,28,3,25,62,54,8,29,3,26,15,4,11,18,18,0,40,21,19
S01011858,335,173,162,52,31,21,69,31,38,41,24,17,26,3,23,56,52,4,38,6,32,16,4,12,8,7,1,29,15,14
S01011859,323,169,154,35,23,12,41,23,18,27,11,16,29,8,21,61,54,7,52,4,48,21,3,18,24,23,1,33,20,13
S01011860,392,223,169,62,38,24,42,21,21,33,21,12,33,6,27,68,61,7,31,6,25,18,7,11,16,14,2,89,49,40
S01011861,375,213,162,67,46,21,60,30,30,37,19,18,32,7,25,75,63,12,31,3,28,18,5,13,16,15,1,39,25,14
S01011862,404,222,182,50,35,15,83,39,44,62,38,24,45,12,33,43,40,3,44,11,33,26,9,17,17,16,1,34,22,12
S01011863,339,178,161,61,39,22,84,40,44,48,21,27,23,5,18,34,32,2,25,6,19,22,8,14,12,12,0,30,15,15
S01011864,336,174,162,49,26,23,65,25,40,41,23,18,32,4,28,46,46,0,31,6,25,23,9,14,16,14,2,33,21,12
S01011865,274,136,138,25,15,10,34,14,20,38,26,12,32,5,27,49,44,5,31,4,27,18,4,14,15,12,3,32,12,20
S01011866,381,200,181,27,18,9,48,24,24,46,28,18,34,3,31,63,54,9,47,8,39,26,7,19,31,30,1,59,28,31
S01011867,468,232,236,38,23,15,42,17,25,38,21,17,40,6,34,79,74,5,68,10,58,40,7,33,38,35,3,85,39,46
S01011868,422,213,209,44,32,12,70,32,38,37,24,13,42,8,34,61,56,5,49,6,43,51,13,38,19,19,0,49,23,26
S01011869,430,223,207,47,25,22,75,34,41,43,23,20,31,4,27,67,60,7,63,21,42,34,9,25,22,21,1,48,26,22
S01011870,315,161,154,17,14,3,40,20,20,33,17,16,25,1,24,58,49,9,34,5,29,30,7,23,27,24,3,51,24,27
S01011871,567,296,271,76,53,23,95,43,52,81,36,45,44,3,41,104,92,12,57,2,55,28,10,18,26,26,0,56,31,25
S01011872,476,254,222,76,53,23,97,48,49,63,31,32,52,9,43,74,62,12,29,4,25,31,8,23,24,23,1,30,16,14
S01011873,441,225,216,51,31,20,83,36,47,66,39,27,63,8,55,63,59,4,32,8,24,26,9,17,17,16,1,40,19,21
S01011874,368,189,179,44,23,21,50,16,34,55,35,20,49,5,44,52,47,5,27,4,23,31,13,18,27,26,1,33,20,13
S01011875,297,147,150,14,8,6,43,14,29,43,23,20,42,6,36,41,37,4,20,2,18,25,6,19,31,27,4,38,24,14
S01011876,495,261,234,73,50,23,112,41,71,55,30,25,51,7,44,84,74,10,32,6,26,33,10,23,26,25,1,29,18,11
S01011877,284,153,131,24,11,13,42,20,22,40,19,21,21,5,16,59,50,9,19,8,11,26,6,20,20,18,2,33,16,17
S01011878,517,271,246,55,38,17,143,64,79,64,31,33,47,6,41,80,70,10,44,9,35,27,10,17,22,20,2,35,23,12
S01011879,274,145,129,51,38,13,68,26,42,34,22,12,24,7,17,34,27,7,17,2,15,18,5,13,10,10,0,18,8,10
S01011880,299,167,132,35,21,14,57,26,31,43,30,13,15,4,11,56,47,9,25,3,22,20,4,16,15,13,2,33,19,14
S01011881,417,201,216,36,19,17,68,31,37,57,35,22,46,10,36,58,52,6,44,4,40,30,8,22,25,22,3,53,20,33
S01011882,449,226,223,28,17,11,57,22,35,55,39,16,53,7,46,58,56,2,44,4,40,57,14,43,37,36,1,60,31,29
S01011883,561,272,289,54,40,14,141,61,80,62,36,26,74,12,62,57,49,8,45,4,41,44,13,31,30,29,1,54,28,26
S01011884,233,127,106,38,26,12,41,17,24,34,15,19,21,3,18,41,37,4,13,3,10,16,6,10,15,14,1,14,6,8
S01011885,378,203,175,36,21,15,107,54,53,69,36,33,41,9,32,48,44,4,15,3,12,25,10,15,15,14,1,22,12,10
S01011886,437,223,214,45,30,15,89,44,45,54,29,25,43,8,35,41,40,1,39,4,35,50,16,34,33,31,2,43,21,22
S01011887,289,151,138,19,6,13,46,18,28,30,21,9,31,4,27,52,44,8,24,8,16,33,13,20,20,19,1,34,18,16
S01011888,421,197,224,32,14,18,34,14,20,52,24,28,40,8,32,51,46,5,39,7,32,65,15,50,41,40,1,67,29,38
S01011889,405,214,191,50,38,12,87,41,46,59,32,27,48,9,39,42,38,4,33,4,29,31,13,18,23,22,1,32,17,15
S01011890,376,184,192,33,22,11,81,35,46,48,27,21,46,8,38,41,34,7,35,4,31,35,15,20,17,16,1,40,23,17
S01011891,372,211,161,20,13,7,39,12,27,38,22,16,26,7,19,63,58,5,49,13,36,53,18,35,27,26,1,57,42,15
S01011892,621,315,306,52,31,21,140,57,83,85,46,39,77,15,62,56,54,2,36,12,24,79,33,46,34,32,2,62,35,27
S01011893,504,258,246,30,21,9,94,43,51,63,37,26,79,17,62,58,55,3,41,12,29,65,24,41,18,15,3,56,34,22
S01011894,349,184,165,27,16,11,50,20,30,39,22,17,37,7,30,42,39,3,33,9,24,48,17,31,31,24,7,42,30,12
S01011895,273,146,127,34,23,11,78,37,41,45,26,19,34,7,27,26,24,2,15,3,12,19,8,11,7,7,0,15,11,4
S01011896,430,217,213,35,23,12,115,47,68,65,37,28,54,9,45,41,38,3,27,5,22,45,25,20,17,17,0,31,16,15
S01011897,476,229,247,60,41,19,117,52,65,54,28,26,78,9,69,44,42,2,36,5,31,31,10,21,30,28,2,26,14,12
S01011898,358,170,188,43,36,7,112,45,67,60,38,22,40,7,33,22,20,2,21,1,20,39,11,28,9,9,0,12,3,9
S01011899,379,182,197,20,14,6,66,22,44,70,47,23,59,8,51,41,37,4,32,7,25,37,8,29,26,26,0,28,13,15
S01011900,387,203,184,46,38,8,78,31,47,79,51,28,55,12,43,31,29,2,31,6,25,39,15,24,5,5,0,23,16,7
S01011901,447,230,217,55,44,11,101,44,57,58,34,24,53,12,41,44,40,4,38,6,32,38,10,28,24,22,2,36,18,18
S01011902,516,264,252,46,35,11,117,52,65,90,58,32,71,9,62,49,48,1,35,5,30,51,16,35,20,20,0,37,21,16
S01011903,370,196,174,49,32,17,72,34,38,68,43,25,58,7,51,39,35,4,25,8,17,28,11,17,14,13,1,17,13,4
S01011904,383,188,195,51,32,19,75,30,45,64,44,20,57,13,44,29,27,2,25,2,23,36,9,27,17,16,1,29,15,14
S01011905,421,217,204,59,44,15,98,44,54,54,36,18,68,12,56,36,33,3,34,3,31,31,14,17,14,14,0,27,17,10
S01011906,228,119,109,21,14,7,34,12,22,44,26,18,34,10,24,19,18,1,17,3,14,28,13,15,13,12,1,18,11,7
S01011907,447,229,218,28,21,7,74,25,49,64,32,32,59,22,37,59,51,8,33,4,29,64,25,39,24,24,0,42,25,17
S01011908,227,116,111,12,8,4,37,11,26,48,33,15,21,5,16,25,23,2,21,4,17,28,8,20,10,10,0,25,14,11
S01011909,682,334,348,68,37,31,97,34,63,112,58,54,76,15,61,78,72,6,61,13,48,81,30,51,43,40,3,66,35,31
S01011910,404,200,204,20,9,11,19,8,11,33,21,12,31,4,27,56,50,6,49,13,36,72,18,54,30,26,4,94,51,43
S01011911,317,151,166,14,7,7,26,9,17,33,17,16,36,7,29,49,43,6,32,8,24,51,10,41,25,22,3,51,28,23
S01011912,365,178,187,13,8,5,20,7,13,36,20,16,41,5,36,62,55,7,53,6,47,51,18,33,35,32,3,54,27,27
S01011913,345,162,183,21,13,8,23,12,11,27,14,13,27,5,22,39,37,2,33,6,27,64,10,54,39,33,6,72,32,40
S01011914,377,185,192,15,10,5,14,7,7,35,13,22,35,8,27,55,51,4,45,9,36,61,12,49,35,33,2,82,42,40
S01011915,388,203,185,19,16,3,29,12,17,32,16,16,35,6,29,57,53,4,45,8,37,65,17,48,43,39,4,63,36,27
S01011916,270,125,145,11,4,7,23,8,15,15,9,6,23,1,22,44,38,6,37,8,29,39,11,28,19,19,0,59,27,32
S01011917,247,110,137,9,6,3,10,2,8,28,11,17,26,1,25,36,31,5,38,9,29,38,10,28,20,20,0,42,20,22
S01011918,317,139,178,11,6,5,21,8,13,25,10,15,20,5,15,40,36,4,36,7,29,50,9,41,27,23,4,87,35,52
S01011919,475,238,237,26,13,13,44,21,23,44,24,20,36,4,32,75,65,10,55,6,49,65,24,41,43,37,6,87,44,43
S01011920,325,157,168,13,8,5,23,7,16,28,13,15,22,5,17,44,42,2,46,6,40,58,17,41,27,24,3,64,35,29
S01011921,276,137,139,5,3,2,20,5,15,27,12,15,32,9,23,39,35,4,24,3,21,44,11,33,32,28,4,53,31,22
S01011922,382,195,187,13,10,3,15,11,4,25,13,12,41,5,36,48,46,2,48,11,37,65,21,44,44,37,7,83,41,42
S01011923,405,205,200,26,18,8,18,5,13,44,28,16,45,9,36,55,53,2,56,10,46,49,12,37,29,27,2,83,43,40
S01011924,217,111,106,14,10,4,10,6,4,20,7,13,23,4,19,34,32,2,28,5,23,33,9,24,16,16,0,39,22,17
S01011925,445,229,216,58,43,15,65,27,38,66,33,33,49,9,40,56,52,4,39,6,33,58,18,40,20,20,0,34,21,13
S01011926,326,159,167,16,9,7,15,7,8,30,13,17,43,8,35,52,49,3,29,6,23,53,12,41,27,24,3,61,31,30
S01011927,292,132,160,11,6,5,19,6,13,17,11,6,37,8,29,31,29,2,43,6,37,58,14,44,22,20,2,54,32,22
S01011928,360,179,181,17,9,8,26,11,15,35,16,19,35,3,32,59,55,4,47,7,40,46,12,34,28,25,3,67,41,26
S01011929,354,173,181,16,9,7,16,4,12,31,12,19,43,7,36,50,46,4,31,7,24,67,22,45,31,31,0,69,35,34
S01011930,318,155,163,18,11,7,13,3,10,36,20,16,38,3,35,46,39,7,36,11,25,46,13,33,26,25,1,59,30,29
S01011931,274,144,130,15,11,4,19,6,13,26,18,8,14,4,10,31,29,2,30,8,22,40,9,31,25,22,3,74,37,37
S01011932,373,186,187,25,12,13,48,23,25,50,22,28,45,10,35,47,44,3,27,6,21,50,14,36,23,19,4,58,36,22
S01011933,368,200,168,17,8,9,39,20,19,39,22,17,34,10,24,49,46,3,37,6,31,57,21,36,39,35,4,57,32,25
S01011934,533,292,241,46,30,16,70,35,35,71,38,33,57,10,47,63,58,5,41,7,34,56,30,26,40,38,2,89,46,43
S01011935,502,282,220,25,12,13,46,26,20,52,35,17,39,10,29,67,57,10,41,13,28,61,31,30,32,30,2,139,68,71
S01011936,398,200,198,42,15,27,83,39,44,58,31,27,33,9,24,32,27,5,28,6,22,52,26,26,19,17,2,51,30,21
S01011937,394,218,176,36,19,17,70,39,31,44,30,14,33,9,24,31,27,4,36,6,30,62,28,34,25,21,4,57,39,18
S01011938,385,192,193,48,27,21,73,37,36,51,27,24,37,6,31,42,41,1,28,11,17,38,11,27,17,15,2,51,17,34
S01011939,417,229,188,30,18,12,54,21,33,43,25,18,35,8,27,46,44,2,45,12,33,60,25,35,26,25,1,78,51,27
S01011940,240,137,103,21,8,13,27,16,11,21,14,7,19,5,14,37,30,7,18,4,14,33,17,16,18,16,2,46,27,19
S01011941,472,268,204,29,12,17,74,48,26,41,26,15,42,11,31,60,52,8,50,18,32,73,30,43,18,16,2,85,55,30
S01011942,470,268,202,27,15,12,45,22,23,49,26,23,34,16,18,65,56,9,33,6,27,80,41,39,28,25,3,109,61,48
S01011943,577,300,277,43,25,18,60,30,30,65,33,32,52,14,38,71,61,10,54,12,42,91,38,53,20,20,0,121,67,54
S01011944,207,108,99,28,20,8,56,26,30,28,19,9,20,2,18,24,20,4,17,4,13,13,2,11,10,10,0,11,5,6
S01011945,347,192,155,53,37,16,120,63,57,47,27,20,33,6,27,27,26,1,21,7,14,20,7,13,10,8,2,16,11,5
S01011946,323,169,154,31,23,8,59,29,30,29,9,20,34,7,27,39,36,3,29,10,19,32,13,19,16,14,2,54,28,26
S01011947,216,113,103,14,9,5,34,15,19,28,19,9,28,4,24,25,25,0,20,3,17,32,11,21,17,17,0,18,10,8
S01011948,484,245,239,64,34,30,124,57,67,76,46,30,40,6,34,45,36,9,26,5,21,41,11,30,27,26,1,41,24,17
S01011949,303,156,147,44,37,7,59,25,34,50,34,16,44,7,37,28,27,1,27,5,22,27,5,22,9,8,1,15,8,7
S01011950,307,151,156,22,13,9,52,27,25,55,28,27,41,9,32,34,31,3,30,4,26,24,10,14,16,14,2,33,15,18
S01011951,323,166,157,27,20,7,30,13,17,58,26,32,38,10,28,50,46,4,29,1,28,35,13,22,24,22,2,32,15,17
S01011952,234,121,113,30,25,5,52,22,30,43,25,18,33,6,27,22,19,3,19,3,16,17,7,10,11,10,1,7,4,3
S01011953,360,193,167,38,26,12,83,33,50,54,29,25,39,10,29,43,40,3,21,5,16,34,14,20,17,16,1,31,20,11
S01011954,228,117,111,14,11,3,24,9,15,26,17,9,39,10,29,35,32,3,31,6,25,23,6,17,11,10,1,25,16,9
S01011955,460,219,241,38,16,22,65,29,36,57,28,29,54,9,45,63,58,5,43,5,38,57,17,40,39,36,3,44,21,23
S01011956,528,273,255,68,47,21,123,55,68,80,48,32,59,13,46,56,51,5,47,9,38,44,14,30,21,19,2,30,17,13
S01011957,499,300,199,58,42,16,77,33,44,59,40,19,37,7,30,62,53,9,39,8,31,37,16,21,23,18,5,107,83,24
S01011958,545,305,240,64,40,24,96,48,48,55,27,28,47,6,41,100,91,9,42,3,39,40,10,30,43,41,2,58,39,19
S01011959,428,213,215,46,30,16,76,32,44,47,24,23,32,3,29,69,58,11,33,2,31,41,6,35,35,31,4,49,27,22
S01011960,466,242,224,58,40,18,135,56,79,66,42,24,35,3,32,53,46,7,29,4,25,37,10,27,22,22,0,31,19,12
S01011961,409,202,207,33,18,15,84,27,57,63,36,27,46,7,39,51,48,3,32,6,26,33,16,17,29,25,4,38,19,19
S01011962,366,196,170,56,37,19,102,39,63,55,32,23,20,2,18,54,48,6,21,4,17,21,9,12,11,9,2,26,16,10
S01011963,247,125,122,20,13,7,59,21,38,43,26,17,22,6,16,33,29,4,19,3,16,19,7,12,14,12,2,18,8,10
S01011964,522,271,251,58,36,22,130,61,69,62,33,29,46,6,40,67,60,7,35,7,28,52,14,38,30,25,5,42,29,13
S01011965,327,157,170,35,22,13,82,31,51,46,22,24,39,8,31,32,31,1,31,8,23,22,6,16,19,19,0,21,10,11
S01011966,390,199,191,43,31,12,109,49,60,58,30,28,43,11,32,39,36,3,27,3,24,30,11,19,17,16,1,24,12,12
S01011967,563,301,262,84,47,37,156,61,95,58,34,24,47,9,38,80,73,7,30,9,21,30,7,23,36,36,0,42,25,17
S01011968,509,251,258,36,27,9,134,52,82,83,50,33,55,6,49,53,46,7,47,10,37,45,19,26,29,25,4,27,16,11
S01011969,494,266,228,29,19,10,56,24,32,56,24,32,42,5,37,90,80,10,49,6,43,42,17,25,62,50,12,68,41,27
S01011970,489,250,239,21,11,10,28,9,19,27,14,13,45,6,39,96,78,18,41,2,39,42,6,36,103,74,29,86,50,36
S01011971,278,153,125,25,16,9,42,17,25,39,20,19,31,3,28,50,48,2,26,7,19,21,7,14,20,20,0,24,15,9
S01011972,589,318,271,62,44,18,95,37,58,71,42,29,56,6,50,111,101,10,49,10,39,36,7,29,35,33,2,74,38,36
S01011973,322,171,151,49,33,16,63,27,36,28,12,16,28,1,27,54,47,7,25,1,24,20,6,14,22,21,1,33,23,10
S01011974,411,230,181,47,33,14,60,28,32,65,31,34,39,3,36,54,49,5,30,3,27,26,13,13,34,29,5,56,41,15
S01011975,225,123,102,18,10,8,44,17,27,20,15,5,18,2,16,52,44,8,19,1,18,16,5,11,13,13,0,25,16,9
S01011976,370,189,181,31,16,15,63,29,34,46,20,26,38,5,33,64,60,4,28,8,20,26,3,23,33,27,6,41,21,20
S01011977,548,298,250,44,27,17,79,28,51,67,38,29,41,7,34,106,93,13,48,9,39,41,13,28,47,43,4,75,40,35
S01011978,280,137,143,19,9,10,38,16,22,29,13,16,21,2,19,47,46,1,26,3,23,29,3,26,25,22,3,46,23,23
S01011979,523,295,228,65,45,20,93,36,57,79,50,29,53,8,45,68,65,3,34,5,29,32,12,20,32,28,4,67,46,21
S01011980,206,116,90,29,17,12,29,11,18,14,9,5,21,5,16,45,41,4,16,3,13,14,5,9,17,16,1,21,9,12
S01011981,515,281,234,59,31,28,62,32,30,62,34,28,49,8,41,113,91,22,47,9,38,41,14,27,23,22,1,59,40,19
S01011982,515,289,226,84,59,25,69,28,41,55,34,21,41,5,36,103,89,14,40,4,36,31,11,20,31,29,2,61,30,31
S01011983,363,194,169,47,18,29,49,22,27,30,15,15,29,4,25,90,79,11,31,5,26,25,10,15,24,22,2,38,19,19
S01011984,294,151,143,24,13,11,30,11,19,28,12,16,23,4,19,43,40,3,34,12,22,24,6,18,38,29,9,50,24,26
S01011985,368,185,183,39,23,16,45,16,29,34,20,14,28,3,25,67,61,6,47,5,42,35,11,24,26,23,3,47,23,24
S01011986,277,134,143,23,11,12,24,8,16,27,11,16,20,4,16,51,45,6,28,3,25,21,2,19,27,20,7,56,30,26
S01011987,439,216,223,40,26,14,41,13,28,52,24,28,41,8,33,66,58,8,53,12,41,47,12,35,41,35,6,58,28,30
S01011988,288,157,131,35,25,10,53,24,29,37,25,12,29,2,27,43,41,2,20,2,18,35,13,22,13,12,1,23,13,10
S01011989,416,206,210,26,15,11,58,21,37,39,26,13,52,9,43,65,57,8,42,5,37,41,15,26,48,42,6,45,16,29
S01011990,312,163,149,28,20,8,41,21,20,48,31,17,52,6,46,39,35,4,25,5,20,18,5,13,28,25,3,33,15,18
S01011991,354,181,173,32,20,12,36,14,22,34,16,18,20,2,18,47,41,6,51,8,43,39,14,25,34,32,2,61,34,27
S01011992,434,226,208,41,29,12,86,38,48,51,26,25,51,8,43,69,61,8,39,7,32,40,15,25,22,20,2,35,22,13
S01011993,415,202,213,29,12,17,34,15,19,28,17,11,41,9,32,65,57,8,61,7,54,39,11,28,36,34,2,82,40,42
S01011994,255,129,126,42,26,16,71,33,38,36,20,16,26,5,21,26,22,4,14,0,14,10,4,6,14,12,2,16,7,9
S01011995,453,255,198,70,52,18,84,35,49,51,31,20,48,2,46,79,74,5,29,6,23,28,5,23,18,18,0,46,32,14
S01011996,269,139,130,27,19,8,24,8,16,39,20,19,21,4,17,40,36,4,27,4,23,38,15,23,17,16,1,36,17,19
S01011997,469,233,236,40,24,16,72,25,47,59,33,26,51,12,39,73,61,12,42,10,32,36,10,26,34,30,4,62,28,34
S01011998,246,132,114,33,27,6,39,19,20,46,28,18,31,2,29,28,25,3,14,2,12,26,5,21,18,17,1,11,7,4
S01011999,359,182,177,36,23,13,38,15,23,44,26,18,30,3,27,77,62,15,38,5,33,33,5,28,33,27,6,30,16,14
S01012000,248,128,120,21,14,7,31,16,15,39,22,17,35,5,30,42,36,6,19,0,19,18,4,14,18,17,1,25,14,11
S01012001,335,180,155,39,21,18,32,15,17,29,10,19,42,12,30,68,61,7,25,4,21,31,8,23,33,29,4,36,20,16
S01012002,249,131,118,22,14,8,30,10,20,28,18,10,29,5,24,45,43,2,27,2,25,24,6,18,20,20,0,24,13,11
S01012003,286,151,135,24,14,10,37,14,23,34,21,13,22,3,19,46,43,3,32,4,28,37,15,22,25,21,4,29,16,13
S01012004,427,219,208,47,31,16,62,25,37,60,37,23,45,5,40,48,43,5,46,10,36,48,12,36,33,32,1,38,24,14
S01012005,471,236,235,49,31,18,68,34,34,83,45,38,65,7,58,60,56,4,33,6,27,53,18,35,23,21,2,37,18,19
S01012006,399,222,177,49,32,17,120,52,68,38,22,16,24,3,21,76,70,6,27,6,21,14,6,8,13,12,1,38,19,19
S01012007,386,205,181,60,32,28,63,30,33,44,28,16,29,6,23,46,39,7,44,13,31,30,13,17,20,18,2,50,26,24
S01012008,503,251,252,60,34,26,99,46,53,62,31,31,29,2,27,78,66,12,50,15,35,43,8,35,22,19,3,60,30,30
S01012009,430,222,208,47,30,17,53,27,26,74,33,41,27,5,22,67,50,17,39,6,33,33,12,21,27,27,0,63,32,31
S01012010,609,309,300,110,58,52,94,39,55,46,21,25,36,7,29,88,78,10,47,9,38,44,13,31,31,26,5,113,58,55
S01012011,587,284,303,79,37,42,46,16,30,50,29,21,40,5,35,114,94,20,53,10,43,69,23,46,25,23,2,111,47,64
S01012012,285,146,139,65,39,26,42,20,22,21,12,9,20,2,18,48,40,8,22,1,21,24,5,19,16,15,1,27,12,15
S01012013,397,202,195,69,35,34,47,20,27,35,14,21,39,4,35,83,69,14,28,7,21,27,9,18,19,18,1,50,26,24
S01012014,433,228,205,36,20,16,44,21,23,38,12,26,31,3,28,74,61,13,47,19,28,31,9,22,33,29,4,99,54,45
S01012015,457,236,221,60,29,31,49,16,33,45,25,20,36,3,33,78,66,12,39,13,26,45,14,31,39,37,2,66,33,33
S01012016,480,261,219,56,32,24,57,26,31,41,23,18,46,6,40,89,82,7,39,8,31,28,8,20,36,29,7,88,47,41
S01012017,250,139,111,48,27,21,43,26,17,34,16,18,15,0,15,48,42,6,20,3,17,7,4,3,10,9,1,25,12,13
S01012018,455,260,195,62,38,24,65,37,28,51,27,24,31,4,27,89,75,14,50,9,41,16,6,10,22,19,3,69,45,24
S01012019,432,216,216,52,30,22,108,45,63,97,52,45,43,11,32,41,36,5,32,5,27,24,11,13,14,13,1,21,13,8
S01012020,301,155,146,28,17,11,87,39,48,43,26,17,31,4,27,30,28,2,26,6,20,15,7,8,17,14,3,24,14,10
S01012021,284,143,141,37,28,9,68,33,35,37,21,16,33,5,28,25,21,4,34,7,27,20,5,15,16,15,1,14,8,6
S01012022,343,162,181,29,18,11,64,22,42,44,21,23,36,9,27,50,43,7,37,4,33,23,5,18,34,31,3,26,9,17
S01012023,292,150,142,44,23,21,69,28,41,47,22,25,33,7,26,53,47,6,15,0,15,8,4,4,10,10,0,13,9,4
S01012024,462,226,236,35,21,14,109,50,59,78,38,40,63,10,53,40,39,1,43,13,30,24,4,20,43,39,4,27,12,15
S01012025,359,184,175,35,21,14,55,21,34,45,29,16,41,4,37,49,46,3,53,6,47,26,12,14,25,24,1,30,21,9
S01012026,356,176,180,54,36,18,84,38,46,66,37,29,45,5,40,24,22,2,25,4,21,27,10,17,18,16,2,13,8,5
S01012027,445,230,215,60,41,19,104,43,61,76,37,39,39,8,31,58,55,3,30,7,23,38,14,24,18,11,7,22,14,8
S01012028,462,242,220,88,58,30,122,59,63,74,41,33,54,12,42,29,27,2,24,7,17,35,14,21,16,15,1,20,9,11
S01012029,544,271,273,69,39,30,94,40,54,67,45,22,67,8,59,72,64,8,45,3,42,58,19,39,39,38,1,33,15,18
S01012030,375,196,179,37,28,9,78,30,48,66,31,35,29,6,23,55,48,7,32,7,25,29,13,16,17,14,3,32,19,13
S01012031,256,124,132,52,30,22,78,30,48,38,20,18,26,5,21,21,19,2,6,0,6,21,10,11,7,6,1,7,4,3
S01012032,192,99,93,24,14,10,54,21,33,26,14,12,14,2,12,32,26,6,12,4,8,11,3,8,9,7,2,10,8,2
S01012033,388,200,188,31,21,10,86,36,50,43,25,18,43,8,35,55,52,3,39,3,36,37,17,20,23,22,1,31,16,15
S01012034,383,201,182,37,26,11,73,30,43,58,36,22,34,9,25,40,35,5,43,8,35,34,10,24,28,26,2,36,21,15
S01012035,429,233,196,31,23,8,104,54,50,71,38,33,57,18,39,50,45,5,34,5,29,35,12,23,18,17,1,29,21,8
S01012036,401,207,194,38,25,13,86,34,52,73,37,36,47,13,34,41,38,3,24,3,21,35,16,19,21,20,1,36,21,15
S01012037,377,190,187,17,11,6,36,14,22,45,24,21,38,7,31,34,28,6,47,3,44,50,17,33,65,60,5,45,26,19
S01012038,285,132,153,9,7,2,20,9,11,9,4,5,22,6,16,40,37,3,41,4,37,29,7,22,36,27,9,79,31,48
S01012039,390,200,190,27,15,12,24,11,13,31,18,13,44,10,34,62,57,5,56,9,47,35,11,24,45,38,7,66,31,35
S01012040,364,198,166,40,26,14,48,21,27,64,41,23,56,12,44,46,44,2,42,7,35,28,14,14,18,17,1,22,16,6
S01012041,397,206,191,25,16,9,33,9,24,52,31,21,48,13,35,49,43,6,64,22,42,33,8,25,41,35,6,52,29,23
S01012042,417,202,215,21,12,9,31,9,22,41,26,15,56,11,45,59,54,5,60,7,53,50,18,32,41,36,5,58,29,29
S01012043,363,183,180,21,14,7,35,13,22,34,24,10,30,5,25,41,32,9,46,8,38,49,18,31,43,34,9,64,35,29
S01012044,301,144,157,15,9,6,38,18,20,31,13,18,27,5,22,34,30,4,38,8,30,37,9,28,36,24,12,45,28,17
S01012045,490,265,225,49,35,14,59,29,30,56,41,15,62,9,53,57,53,4,51,12,39,54,17,37,51,43,8,51,26,25
S01012046,244,106,138,8,3,5,21,9,12,19,10,9,29,5,24,32,28,4,37,3,34,39,10,29,23,20,3,36,18,18
S01012047,350,165,185,32,13,19,32,8,24,29,17,12,39,10,29,43,37,6,40,8,32,41,11,30,40,33,7,54,28,26
S01012048,266,135,131,11,10,1,22,11,11,27,10,17,51,13,38,27,26,1,39,10,29,33,13,20,30,28,2,26,14,12
S01012049,333,159,174,23,12,11,42,20,22,45,24,21,54,9,45,35,32,3,31,4,27,38,10,28,31,27,4,34,21,13
S01012050,541,271,270,40,29,11,61,22,39,88,45,43,94,16,78,63,63,0,57,15,42,52,19,33,51,44,7,35,18,17
S01012051,228,118,110,20,13,7,42,23,19,39,19,20,31,4,27,31,26,5,24,6,18,11,2,9,12,12,0,18,13,5
S01012052,424,224,200,23,10,13,39,22,17,55,35,20,59,10,49,51,46,5,50,14,36,52,22,30,43,38,5,52,27,25
S01012053,369,167,202,22,10,12,30,13,17,34,15,19,46,11,35,50,45,5,56,9,47,48,8,40,32,27,5,51,29,22
S01012054,328,159,169,15,9,6,20,13,7,25,10,15,24,4,20,38,33,5,53,6,47,41,11,30,39,31,8,73,42,31
S01012055,359,182,177,18,8,10,32,14,18,28,10,18,34,10,24,50,47,3,55,4,51,37,8,29,47,43,4,58,38,20
S01012056,362,182,180,27,19,8,67,30,37,52,26,26,52,12,40,53,51,2,35,5,30,29,9,20,18,15,3,29,15,14
S01012057,390,200,190,46,22,24,71,28,43,73,48,25,57,20,37,39,37,2,36,8,28,33,8,25,15,15,0,20,14,6
S01012058,361,181,180,37,22,15,72,26,46,56,39,17,43,7,36,33,32,1,34,8,26,45,16,29,20,18,2,21,13,8
S01012059,365,172,193,19,12,7,30,9,21,20,10,10,41,8,33,48,42,6,63,11,52,46,12,34,50,44,6,48,24,24
S01012060,364,187,177,29,21,8,46,19,27,54,30,24,43,9,34,36,32,4,46,10,36,38,16,22,29,28,1,43,22,21
S01012061,480,245,235,53,41,12,110,47,63,76,39,37,59,10,49,44,43,1,35,7,28,35,16,19,25,20,5,43,22,21
S01012062,486,252,234,53,34,19,68,26,42,69,36,33,62,11,51,55,53,2,42,8,34,59,22,37,45,44,1,33,18,15
S01012063,288,138,150,22,15,7,40,16,24,32,16,16,39,7,32,34,32,2,24,3,21,29,6,23,36,25,11,32,18,14
S01012064,194,87,107,10,7,3,21,7,14,17,10,7,20,5,15,18,16,2,15,2,13,19,1,18,24,20,4,50,19,31
S01012065,158,67,91,5,3,2,7,4,3,9,4,5,8,4,4,14,12,2,25,1,24,25,6,19,10,9,1,55,24,31
S01012066,360,170,190,26,13,13,14,7,7,33,18,15,31,4,27,38,34,4,50,10,40,48,15,33,40,32,8,80,37,43
S01012067,180,87,93,6,5,1,6,3,3,14,7,7,10,3,7,20,17,3,36,5,31,17,2,15,26,22,4,45,23,22
S01012068,127,51,76,5,3,2,2,1,1,3,0,3,5,1,4,11,9,2,32,5,27,18,6,12,18,15,3,33,11,22
S01012069,179,81,98,17,8,9,19,6,13,18,13,5,19,1,18,17,14,3,23,5,18,24,9,15,10,9,1,32,16,16
S01012070,250,131,119,16,9,7,18,10,8,9,5,4,21,4,17,40,37,3,26,3,23,35,17,18,15,12,3,70,34,36
S01012071,425,223,202,26,16,10,31,12,19,48,30,18,53,15,38,37,35,2,45,11,34,49,20,29,44,33,11,92,51,41
S01012072,435,229,206,22,17,5,57,25,32,54,28,26,40,12,28,52,42,10,44,15,29,47,15,32,37,32,5,82,43,39
S01012073,380,187,193,29,19,10,75,31,44,68,37,31,39,6,33,44,43,1,32,7,25,38,10,28,22,19,3,33,15,18
S01012074,415,210,205,52,27,25,76,31,45,72,43,29,61,10,51,49,47,2,26,6,20,37,17,20,14,13,1,28,16,12
S01012075,447,213,234,52,30,22,65,24,41,65,35,30,85,18,67,52,45,7,40,6,34,31,11,20,32,29,3,25,15,10
S01012076,363,182,181,24,15,9,49,21,28,56,33,23,58,10,48,35,33,2,43,11,32,34,15,19,22,19,3,42,25,17
S01012077,342,172,170,13,8,5,34,13,21,37,25,12,48,12,36,31,29,2,54,11,43,39,16,23,33,29,4,53,29,24
S01012078,473,248,225,38,24,14,64,28,36,61,41,20,61,13,48,54,50,4,48,6,42,64,24,40,42,39,3,41,23,18
S01012079,384,176,208,26,13,13,36,10,26,21,10,11,53,10,43,46,43,3,60,10,50,35,9,26,37,34,3,70,37,33
S01012080,312,143,169,14,5,9,24,12,12,29,16,13,33,5,28,30,28,2,53,8,45,36,9,27,40,36,4,53,24,29
S01012081,287,138,149,10,1,9,21,10,11,13,7,6,28,8,20,36,33,3,43,8,35,34,8,26,42,36,6,60,27,33
S01012082,242,120,122,11,4,7,14,7,7,24,12,12,30,7,23,26,23,3,45,8,37,23,9,14,32,31,1,37,19,18
S01012083,268,140,128,19,7,12,20,8,12,32,21,11,36,11,25,31,28,3,37,3,34,24,8,16,17,16,1,52,38,14
S01012084,312,156,156,21,11,10,41,15,26,35,17,18,44,11,33,45,45,0,40,7,33,26,10,16,30,27,3,30,13,17
S01012085,363,191,172,26,15,11,47,24,23,44,28,16,62,10,52,50,46,4,39,11,28,31,12,19,21,19,2,43,26,17
S01012086,386,187,199,23,11,12,25,9,16,38,20,18,50,9,41,53,47,6,55,8,47,52,20,32,32,29,3,58,34,24
S01012087,310,148,162,27,19,8,32,8,24,32,16,16,35,14,21,32,28,4,47,12,35,35,8,27,28,26,2,42,17,25
S01012088,389,193,196,44,26,18,76,29,47,56,32,24,45,6,39,48,46,2,29,4,25,36,8,28,30,28,2,25,14,11
S01012089,450,213,237,39,26,13,91,32,59,84,48,36,72,13,59,39,37,2,46,10,36,28,11,17,22,21,1,29,15,14
S01012090,444,238,206,47,33,14,112,48,64,74,45,29,64,16,48,42,39,3,25,8,17,38,16,22,25,25,0,17,8,9
S01012091,311,152,159,23,12,11,46,23,23,41,20,21,44,10,34,37,35,2,34,5,29,40,13,27,17,13,4,29,21,8
S01012092,289,148,141,29,18,11,42,16,26,33,18,15,46,8,38,29,27,2,32,8,24,30,11,19,24,22,2,24,20,4
S01012093,282,145,137,28,16,12,60,31,29,36,22,14,34,8,26,25,24,1,32,5,27,25,9,16,21,16,5,21,14,7
S01012094,396,201,195,47,30,17,115,56,59,57,36,21,57,7,50,30,26,4,28,5,23,32,15,17,17,15,2,13,11,2
S01012095,561,272,289,46,26,20,80,23,57,71,43,28,68,14,54,67,62,5,68,17,51,56,15,41,47,45,2,58,27,31
S01012096,369,171,198,14,7,7,21,7,14,40,25,15,40,11,29,56,49,7,59,7,52,52,11,41,36,33,3,51,21,30
S01012097,300,148,152,17,11,6,24,5,19,21,8,13,35,5,30,37,35,2,49,9,40,30,11,19,38,36,2,49,28,21
S01012098,286,146,140,16,9,7,13,5,8,20,12,8,35,3,32,39,34,5,40,9,31,37,15,22,32,31,1,54,28,26
S01012099,324,150,174,17,8,9,18,2,16,18,9,9,30,6,24,36,34,2,55,9,46,37,13,24,48,40,8,65,29,36
S01012100,455,207,248,33,20,13,41,10,31,37,20,17,56,10,46,44,43,1,73,13,60,56,19,37,43,40,3,72,32,40
S01012101,410,200,210,35,24,11,99,48,51,59,28,31,41,6,35,30,29,1,44,4,40,49,19,30,27,25,2,26,17,9
S01012102,269,112,157,14,7,7,35,13,22,18,8,10,40,11,29,27,23,4,29,3,26,40,9,31,25,20,5,41,18,23
S01012103,517,251,266,30,16,14,93,39,54,51,26,25,89,15,74,60,58,2,54,8,46,55,19,36,36,34,2,49,36,13
S01012104,509,270,239,89,68,21,120,51,69,67,43,24,50,8,42,42,42,0,50,8,42,39,11,28,27,24,3,25,15,10
S01012105,599,291,308,60,44,16,127,52,75,91,50,41,81,12,69,60,51,9,52,8,44,40,14,26,34,29,5,54,31,23
S01012106,618,311,307,75,49,26,139,64,75,100,58,42,100,20,80,65,63,2,44,7,37,41,14,27,29,26,3,25,10,15
S01012107,320,166,154,41,29,12,93,45,48,57,27,30,34,7,27,22,18,4,14,3,11,25,10,15,16,15,1,18,12,6
S01012108,319,153,166,21,9,12,47,20,27,43,26,17,28,3,25,23,21,2,31,5,26,40,11,29,41,36,5,45,22,23
S01012109,425,208,217,18,10,8,65,29,36,44,20,24,53,10,43,53,49,4,46,12,34,52,13,39,34,29,5,60,36,24
S01012110,310,152,158,20,13,7,50,22,28,49,32,17,45,13,32,21,16,5,43,13,30,25,10,15,19,16,3,38,17,21
S01012111,236,123,113,13,9,4,28,10,18,26,16,10,28,10,18,34,32,2,32,7,25,27,8,19,15,15,0,33,16,17
S01012112,306,147,159,22,14,8,45,18,27,37,21,16,44,4,40,26,23,3,41,10,31,32,13,19,23,20,3,36,24,12
S01012113,447,229,218,31,22,9,63,19,44,54,28,26,66,15,51,43,42,1,45,12,33,48,18,30,42,41,1,55,32,23
S01012114,425,197,228,56,36,20,109,49,60,59,29,30,56,12,44,27,23,4,25,2,23,44,12,32,20,19,1,29,15,14
S01012115,235,105,130,10,5,5,20,7,13,24,13,11,40,9,31,25,21,4,36,8,28,20,7,13,25,18,7,35,17,18
S01012116,276,135,141,14,9,5,23,6,17,34,13,21,37,8,29,28,27,1,45,10,35,24,11,13,33,29,4,38,22,16
S01012117,472,237,235,57,39,18,97,34,63,81,44,37,72,9,63,47,46,1,36,15,21,28,10,18,34,31,3,20,9,11
S01012118,380,184,196,39,22,17,72,25,47,54,31,23,58,12,46,46,40,6,41,7,34,29,13,16,21,20,1,20,14,6
S01012119,453,236,217,33,21,12,79,35,44,69,37,32,65,16,49,62,58,4,39,8,31,38,12,26,35,30,5,33,19,14
S01012120,256,124,132,12,6,6,28,10,18,29,14,15,26,4,22,24,21,3,40,12,28,31,11,20,27,24,3,39,22,17
S01012121,370,188,182,14,7,7,33,8,25,33,21,12,37,11,26,46,44,2,55,14,41,52,23,29,33,29,4,67,31,36
S01012122,370,179,191,12,4,8,35,14,21,33,16,17,37,10,27,41,40,1,53,9,44,43,8,35,44,42,2,72,36,36
S01012123,270,134,136,23,15,8,37,16,21,38,16,22,28,9,19,25,21,4,28,6,22,37,14,23,24,20,4,30,17,13
S01012124,302,145,157,14,9,5,43,19,24,49,24,25,52,11,41,30,28,2,34,10,24,32,10,22,20,14,6,28,20,8
S01012125,325,162,163,11,8,3,33,9,24,49,30,19,35,5,30,41,35,6,40,6,34,41,20,21,27,23,4,48,26,22
S01012126,471,253,218,45,25,20,96,46,50,92,48,44,49,16,33,54,48,6,32,11,21,53,23,30,23,20,3,27,16,11
S01012127,421,238,183,23,16,7,63,39,24,50,31,19,61,23,38,47,43,4,50,10,40,38,17,21,23,19,4,66,40,26
S01012128,276,152,124,23,13,10,36,21,15,46,28,18,23,7,16,35,31,4,28,6,22,24,6,18,24,21,3,37,19,18
S01012129,346,184,162,19,8,11,52,30,22,45,29,16,51,11,40,35,33,2,46,17,29,27,5,22,30,24,6,41,27,14
S01012130,433,218,215,34,17,17,66,25,41,60,31,29,70,14,56,46,44,2,37,11,26,33,11,22,36,32,4,51,33,18
S01012131,477,252,225,29,20,9,61,33,28,64,31,33,55,13,42,45,35,10,50,14,36,69,30,39,30,28,2,74,48,26
S01012132,312,149,163,29,16,13,53,19,34,26,12,14,36,10,26,20,15,5,32,10,22,47,24,23,24,18,6,45,25,20
S01012133,416,221,195,34,22,12,81,37,44,63,39,24,53,17,36,35,33,2,39,13,26,30,9,21,22,15,7,59,36,23
S01012134,559,278,281,46,26,20,137,63,74,106,60,46,68,23,45,44,38,6,33,6,27,59,22,37,20,19,1,46,21,25
S01012135,357,172,185,13,10,3,30,14,16,35,22,13,48,9,39,38,33,5,54,9,45,53,20,33,26,21,5,60,34,26
S01012136,394,198,196,13,5,8,45,24,21,53,25,28,50,12,38,32,27,5,32,8,24,67,26,41,35,33,2,67,38,29
S01012137,267,136,131,19,8,11,37,10,27,40,18,22,38,14,24,23,20,3,20,5,15,32,19,13,24,24,0,34,18,16
S01012138,451,229,222,33,25,8,106,44,62,71,38,33,67,16,51,42,38,4,38,6,32,32,17,15,20,19,1,42,26,16
S01012139,427,210,217,33,22,11,64,29,35,72,41,31,76,16,60,43,41,2,37,5,32,33,11,22,32,26,6,37,19,18
S01012140,272,134,138,22,12,10,86,38,48,46,27,19,34,4,30,19,17,2,23,8,15,21,10,11,12,12,0,9,6,3
S01012141,487,238,249,44,27,17,115,44,71,79,47,32,78,15,63,44,44,0,35,6,29,43,20,23,25,20,5,24,15,9
S01012142,438,235,203,54,41,13,100,41,59,58,28,30,56,18,38,51,50,1,30,6,24,43,15,28,30,25,5,16,11,5
S01012143,405,218,187,53,35,18,118,55,63,57,34,23,52,16,36,34,34,0,18,7,11,41,15,26,13,12,1,19,10,9
S01012144,496,265,231,49,31,18,106,51,55,80,45,35,66,14,52,63,62,1,36,9,27,37,13,24,30,28,2,29,12,17
S01012145,490,246,244,37,26,11,166,72,94,70,43,27,64,20,44,33,31,2,26,2,24,56,23,33,21,20,1,17,9,8
S01012146,393,196,197,22,11,11,44,25,19,32,13,19,43,16,27,46,39,7,60,13,47,40,14,26,42,32,10,64,33,31
S01012147,282,132,150,15,7,8,19,8,11,25,16,9,41,8,33,31,28,3,37,5,32,37,11,26,26,22,4,51,27,24
S01012148,264,114,150,13,7,6,20,4,16,20,11,9,27,6,21,30,25,5,48,9,39,24,6,18,35,32,3,47,14,33
S01012149,393,218,175,35,29,6,54,33,21,54,30,24,49,10,39,39,38,1,32,5,27,41,15,26,33,28,5,56,30,26
S01012150,290,148,142,18,10,8,24,7,17,21,15,6,39,9,30,45,42,3,44,12,32,27,7,20,24,23,1,48,23,25
S01012151,293,147,146,15,12,3,25,10,15,27,18,9,33,5,28,38,34,4,41,6,35,26,5,21,32,28,4,56,29,27
S01012152,286,152,134,14,9,5,24,11,13,17,11,6,29,7,22,35,28,7,29,8,21,47,23,24,34,28,6,57,27,30
S01012153,245,125,120,16,11,5,26,12,14,22,11,11,28,8,20,26,23,3,36,6,30,30,16,14,23,20,3,38,18,20
S01012154,336,174,162,13,6,7,34,19,15,42,19,23,41,14,27,42,35,7,37,8,29,32,11,21,37,31,6,58,31,27
S01012155,259,135,124,17,13,4,25,8,17,29,16,13,21,7,14,20,20,0,30,7,23,37,18,19,26,19,7,54,27,27
S01012156,242,118,124,15,9,6,21,11,10,23,9,14,19,4,15,36,29,7,28,2,26,27,9,18,20,16,4,53,29,24
S01012157,492,244,248,35,19,16,60,28,32,73,39,34,61,13,48,55,49,6,44,9,35,43,14,29,45,37,8,76,36,40
S01012158,614,319,295,47,27,20,100,38,62,116,63,53,65,19,46,74,70,4,56,14,42,57,21,36,43,40,3,56,27,29
S01012159,253,125,128,8,6,2,38,18,20,33,17,16,44,7,37,37,35,2,33,10,23,19,2,17,28,22,6,13,8,5
S01012160,355,161,194,23,11,12,55,21,34,36,24,12,72,11,61,45,40,5,33,10,23,33,12,21,21,18,3,37,14,23
S01012161,188,76,112,11,6,5,15,6,9,25,12,13,11,0,11,19,16,3,25,2,23,31,11,20,14,12,2,37,11,26
S01012162,409,191,218,29,18,11,46,14,32,47,27,20,51,11,40,52,45,7,44,10,34,47,13,34,32,28,4,61,25,36
S01012163,350,173,177,17,12,5,50,17,33,47,26,21,41,8,33,49,42,7,38,13,25,39,11,28,30,20,10,39,24,15
S01012164,657,327,330,58,39,19,91,34,57,110,63,47,100,17,83,89,80,9,56,7,49,66,24,42,42,38,4,45,25,20
S01012165,368,180,188,15,10,5,25,10,15,24,12,12,38,5,33,51,44,7,49,11,38,52,19,33,40,32,8,74,37,37
S01012166,313,148,165,21,13,8,16,3,13,26,10,16,36,6,30,44,42,2,45,8,37,46,13,33,31,30,1,48,23,25
S01012167,405,208,197,14,6,8,43,20,23,47,26,21,55,10,45,58,55,3,51,17,34,52,16,36,35,28,7,50,30,20
S01012168,400,206,194,32,20,12,57,23,34,55,34,21,73,20,53,55,49,6,33,8,25,42,12,30,27,23,4,26,17,9
S01012169,369,185,184,26,15,11,41,16,25,40,22,18,62,11,51,55,53,2,39,9,30,44,17,27,23,18,5,39,24,15
S01012170,419,205,214,31,14,17,32,15,17,50,24,26,50,16,34,52,44,8,55,7,48,56,16,40,45,40,5,48,29,19
S01012171,477,223,254,20,11,9,34,15,19,53,27,26,56,8,48,52,48,4,66,9,57,62,21,41,43,36,7,91,48,43
S01012172,317,150,167,11,6,5,20,3,17,23,12,11,43,5,38,37,34,3,26,6,20,61,20,41,33,30,3,63,34,29
S01012173,298,151,147,19,12,7,68,24,44,40,23,17,48,12,36,36,35,1,20,5,15,34,16,18,16,14,2,17,10,7
S01012174,539,269,270,49,29,20,84,38,46,86,46,40,80,16,64,53,50,3,35,3,32,73,31,42,30,29,1,49,27,22
S01012175,473,252,221,33,27,6,85,32,53,73,44,29,69,18,51,51,51,0,41,9,32,46,17,29,36,31,5,39,23,16
S01012176,480,245,235,30,20,10,58,22,36,54,40,14,66,7,59,65,63,2,45,4,41,70,27,43,36,30,6,56,32,24
S01012177,327,173,154,20,15,5,55,33,22,40,27,13,61,10,51,39,38,1,22,3,19,42,15,27,22,19,3,26,13,13
S01012178,291,145,146,25,20,5,40,16,24,38,21,17,55,9,46,39,39,0,23,2,21,33,9,24,18,18,0,20,11,9
S01012179,264,125,139,17,9,8,35,15,20,36,24,12,38,5,33,48,42,6,22,4,18,28,7,21,7,6,1,33,13,20
S01012180,224,104,120,21,12,9,37,13,24,23,14,9,33,5,28,21,20,1,29,6,23,25,8,17,18,16,2,17,10,7
S01012181,330,170,160,30,19,11,57,21,36,37,24,13,52,8,44,40,37,3,22,4,18,31,10,21,28,25,3,33,22,11
S01012182,655,342,313,60,41,19,124,57,67,107,60,47,91,19,72,86,79,7,31,4,27,76,25,51,46,40,6,34,17,17
S01012183,363,193,170,28,14,14,51,26,25,48,26,22,39,7,32,48,47,1,35,5,30,38,11,27,31,28,3,45,29,16
S01012184,332,176,156,31,18,13,77,36,41,84,49,35,28,5,23,32,31,1,23,8,15,20,5,15,11,9,2,26,15,11
S01012185,360,204,156,23,15,8,39,22,17,46,24,22,57,21,36,43,42,1,36,14,22,35,9,26,38,33,5,43,24,19
S01012186,274,136,138,24,14,10,26,9,17,39,19,20,33,4,29,44,39,5,24,6,18,28,9,19,18,17,1,38,19,19
S01012187,296,149,147,15,7,8,19,9,10,22,15,7,45,11,34,32,29,3,48,15,33,40,14,26,30,24,6,45,25,20
S01012188,261,122,139,22,13,9,36,9,27,26,14,12,37,6,31,38,34,4,30,5,25,36,10,26,18,18,0,18,13,5
S01012189,311,161,150,31,21,10,52,19,33,50,33,17,44,7,37,36,33,3,27,4,23,19,8,11,23,20,3,29,16,13
S01012190,322,150,172,33,21,12,64,28,36,55,29,26,39,6,33,23,21,2,33,2,31,35,12,23,19,17,2,21,14,7
S01012191,482,255,227,54,41,13,76,35,41,78,55,23,68,13,55,51,51,0,50,3,47,54,19,35,32,27,5,19,11,8
S01012192,266,136,130,31,22,9,43,18,25,43,23,20,34,3,31,34,31,3,17,4,13,31,14,17,14,13,1,19,8,11
S01012193,354,192,162,50,35,15,66,34,32,61,39,22,44,6,38,35,34,1,21,3,18,42,16,26,21,19,2,14,6,8
S01012194,325,160,165,36,20,16,63,29,34,65,42,23,44,5,39,23,23,0,21,2,19,46,17,29,14,13,1,13,9,4
S01012195,613,311,302,45,30,15,98,38,60,105,59,46,101,22,79,69,65,4,46,3,43,63,24,39,43,39,4,43,31,12
S01012196,338,163,175,34,26,8,69,31,38,50,32,18,52,8,44,24,21,3,34,7,27,34,14,20,15,13,2,26,11,15
S01012197,314,150,164,20,13,7,40,15,25,34,19,15,47,7,40,41,38,3,39,3,36,43,16,27,22,20,2,28,19,9
S01012198,436,205,231,33,17,16,54,19,35,76,37,39,60,13,47,42,38,4,48,12,36,54,17,37,38,36,2,31,16,15
S01012199,351,185,166,18,12,6,35,19,16,48,35,13,56,9,47,45,42,3,28,7,21,50,17,33,29,23,6,42,21,21
S01012200,292,135,157,16,9,7,42,13,29,33,20,13,45,9,36,34,32,2,30,2,28,43,13,30,23,20,3,26,17,9
S01012201,359,176,183,24,15,9,33,13,20,45,31,14,53,9,44,39,34,5,37,4,33,44,11,33,45,38,7,39,21,18
S01012202,297,149,148,21,13,8,53,24,29,40,22,18,30,3,27,36,34,2,36,8,28,26,10,16,18,13,5,37,22,15
S01012203,415,208,207,51,35,16,75,29,46,62,41,21,69,10,59,42,40,2,31,4,27,38,17,21,25,23,2,22,9,13
S01012204,486,254,232,31,21,10,91,32,59,80,56,24,69,12,57,58,56,2,50,10,40,56,23,33,28,26,2,23,18,5
S01012205,402,207,195,34,24,10,93,45,48,65,37,28,57,16,41,43,41,2,38,5,33,36,13,23,19,17,2,17,9,8
S01012206,502,252,250,26,17,9,85,35,50,72,53,19,63,10,53,57,57,0,57,10,47,60,22,38,28,22,6,54,26,28
S01012207,400,198,202,30,19,11,32,10,22,45,22,23,62,10,52,50,47,3,55,13,42,43,15,28,38,28,10,45,34,11
S01012208,465,255,210,21,13,8,41,21,20,73,43,30,43,9,34,66,58,8,55,8,47,55,21,34,41,36,5,70,46,24
S01012209,334,177,157,20,11,9,41,19,22,44,31,13,40,5,35,43,41,2,32,5,27,44,17,27,25,18,7,45,30,15
S01012210,318,148,170,21,14,7,31,13,18,37,22,15,46,7,39,35,31,4,43,5,38,46,13,33,21,19,2,38,24,14
S01012211,439,219,220,36,24,12,73,27,46,65,35,30,57,14,43,52,46,6,44,12,32,44,17,27,28,26,2,40,18,22
S01012212,381,201,180,37,24,13,89,41,48,61,42,19,71,14,57,25,25,0,31,10,21,28,16,12,19,17,2,20,12,8
S01012213,436,230,206,38,28,10,82,44,38,76,47,29,77,9,68,34,31,3,32,8,24,38,20,18,26,25,1,33,18,15
S01012214,329,177,152,40,27,13,80,38,42,49,38,11,53,10,43,33,30,3,22,5,17,29,11,18,10,9,1,13,9,4
S01012215,481,264,217,39,30,9,119,52,67,94,66,28,77,23,54,37,34,3,31,5,26,40,21,19,19,15,4,25,18,7
S01012216,391,198,193,46,34,12,109,51,58,60,33,27,41,10,31,26,23,3,26,3,23,36,10,26,19,17,2,28,17,11
S01012217,227,97,130,8,3,5,9,4,5,26,5,21,27,5,22,31,25,6,29,5,24,23,7,16,22,18,4,52,25,27
S01012218,175,82,93,8,5,3,6,2,4,11,4,7,15,0,15,25,22,3,22,7,15,29,8,21,24,19,5,35,15,20
S01012219,311,150,161,14,6,8,23,8,15,28,15,13,43,8,35,44,38,6,44,8,36,30,8,22,33,31,2,52,28,24
S01012220,233,119,114,8,3,5,15,5,10,21,8,13,20,4,16,26,25,1,30,9,21,41,14,27,34,32,2,38,19,19
S01012221,253,120,133,9,3,6,24,7,17,25,12,13,31,6,25,31,28,3,36,5,31,21,6,15,38,32,6,38,21,17
S01012222,343,179,164,20,14,6,22,7,15,16,13,3,47,4,43,59,52,7,48,13,35,36,14,22,44,38,6,51,24,27
S01012223,284,148,136,14,7,7,21,8,13,24,15,9,33,6,27,30,28,2,47,11,36,29,8,21,43,40,3,43,25,18
S01012224,358,177,181,16,8,8,30,14,16,33,11,22,49,9,40,48,45,3,40,5,35,46,16,30,42,36,6,54,33,21
S01012225,462,222,240,31,17,14,27,12,15,45,27,18,58,8,50,69,66,3,69,16,53,48,7,41,49,43,6,66,26,40
S01012226,352,161,191,17,13,4,38,13,25,36,15,21,49,7,42,50,43,7,43,5,38,43,11,32,37,30,7,39,24,15
S01012227,316,155,161,14,12,2,29,10,19,31,17,14,45,4,41,63,59,4,35,4,31,38,8,30,25,22,3,36,19,17
S01012228,341,168,173,20,10,10,35,18,17,19,11,8,55,12,43,48,46,2,41,7,34,44,10,34,34,30,4,45,24,21
S01012229,398,191,207,43,30,13,93,37,56,70,38,32,59,13,46,29,27,2,29,8,21,33,10,23,22,17,5,20,11,9
S01012230,494,240,254,56,33,23,111,55,56,87,52,35,71,10,61,38,38,0,39,5,34,42,13,29,24,20,4,26,14,12
S01012231,437,228,209,51,34,17,123,56,67,78,49,29,44,7,37,34,32,2,28,3,25,39,16,23,20,18,2,20,13,7
S01012232,451,230,221,48,33,15,123,56,67,85,52,33,57,6,51,37,36,1,32,5,27,39,15,24,17,16,1,13,11,2
S01012233,477,245,232,55,38,17,121,56,65,80,51,29,62,16,46,41,35,6,38,5,33,45,17,28,14,12,2,21,15,6
S01012234,580,294,286,82,64,18,150,72,78,98,46,52,76,10,66,53,49,4,37,6,31,37,14,23,16,15,1,31,18,13
S01012235,207,113,94,32,26,6,55,33,22,21,16,5,47,7,40,10,10,0,6,0,6,17,9,8,6,5,1,13,7,6
S01012236,291,134,157,27,21,6,60,25,35,41,23,18,42,3,39,34,33,1,32,5,27,18,4,14,16,10,6,21,10,11
S01012237,365,193,172,68,48,20,124,59,65,56,34,22,39,8,31,22,19,3,19,1,18,16,9,7,6,5,1,15,10,5
S01012238,279,146,133,27,18,9,50,24,26,46,21,25,25,5,20,37,32,5,19,1,18,34,13,21,20,19,1,21,13,8
S01012239,250,130,120,17,12,5,34,12,22,25,11,14,22,7,15,43,40,3,30,2,28,24,9,15,26,24,2,29,13,16
S01012240,352,180,172,36,24,12,57,19,38,55,35,20,30,5,25,51,46,5,36,5,31,34,14,20,22,17,5,31,15,16
S01012241,256,144,112,36,27,9,111,58,53,36,20,16,20,5,15,21,17,4,8,2,6,11,5,6,9,8,1,4,2,2
S01012242,379,200,179,49,38,11,127,65,62,58,33,25,44,9,35,28,26,2,19,1,18,28,9,19,10,10,0,16,9,7
S01012243,292,157,135,35,27,8,79,41,38,43,26,17,34,6,28,27,24,3,20,4,16,23,10,13,15,12,3,16,7,9
S01012244,500,260,240,88,52,36,150,75,75,75,41,34,38,8,30,49,40,9,41,10,31,9,4,5,16,15,1,34,15,19
S01012245,331,167,164,41,28,13,103,51,52,40,23,17,31,4,27,35,30,5,23,3,20,26,8,18,7,7,0,25,13,12
S01012246,392,202,190,64,44,20,126,65,61,55,26,29,31,6,25,38,33,5,29,4,25,15,4,11,9,9,0,25,11,14
S01012247,395,197,198,55,33,22,120,49,71,41,25,16,36,0,36,53,45,8,29,9,20,14,6,8,8,8,0,39,22,17
S01012248,445,238,207,48,30,18,101,51,50,54,30,24,29,3,26,86,67,19,41,5,36,14,5,9,25,22,3,47,25,22
S01012249,461,259,202,56,38,18,106,55,51,48,26,22,28,5,23,82,71,11,42,5,37,19,2,17,23,22,1,57,35,22
S01012250,380,202,178,65,35,30,63,25,38,40,23,17,31,7,24,70,58,12,31,1,30,10,2,8,22,22,0,48,29,19
S01012251,449,239,210,23,14,9,66,28,38,34,23,11,30,3,27,90,80,10,65,12,53,45,14,31,31,29,2,65,36,29
S01012252,356,168,188,33,17,16,58,21,37,30,15,15,33,8,25,48,42,6,51,8,43,31,7,24,17,17,0,55,33,22
S01012253,441,212,229,32,20,12,80,31,49,47,23,24,38,6,32,61,56,5,52,12,40,33,6,27,20,17,3,78,41,37
S01012254,433,213,220,36,22,14,87,40,47,54,33,21,38,6,32,65,59,6,51,9,42,38,6,32,17,15,2,47,23,24
S01012255,404,216,188,55,37,18,96,44,52,42,19,23,26,6,20,57,49,8,30,9,21,22,10,12,9,9,0,67,33,34
S01012256,431,230,201,46,30,16,93,51,42,71,53,18,44,5,39,44,39,5,42,8,34,38,13,25,13,13,0,40,18,22
S01012257,469,234,235,37,24,13,78,34,44,52,29,23,49,9,40,56,48,8,64,14,50,27,3,24,28,27,1,78,46,32
S01012258,318,165,153,41,30,11,117,60,57,53,25,28,23,3,20,18,16,2,19,4,15,17,5,12,9,8,1,21,14,7
S01012259,257,130,127,34,18,16,79,39,40,41,20,21,23,5,18,28,24,4,16,4,12,14,4,10,6,6,0,16,10,6
S01012260,372,204,168,49,36,13,71,35,36,44,23,21,28,7,21,46,40,6,36,4,32,30,11,19,18,17,1,50,31,19
S01012261,438,220,218,77,51,26,114,54,60,62,38,24,57,14,43,34,28,6,33,3,30,29,8,21,8,8,0,24,16,8
S01012262,431,239,192,75,46,29,82,39,43,65,36,29,33,5,28,74,64,10,36,7,29,19,6,13,14,11,3,33,25,8
S01012263,366,197,169,36,22,14,33,16,17,40,20,20,30,8,22,67,56,11,40,7,33,44,18,26,26,19,7,50,31,19
S01012264,206,110,96,24,14,10,53,23,30,30,18,12,14,4,10,27,27,0,18,3,15,17,4,13,7,7,0,16,10,6
S01012265,363,189,174,21,11,10,27,8,19,39,23,16,33,4,29,62,58,4,54,11,43,33,10,23,30,25,5,64,39,25
S01012266,489,238,251,41,23,18,105,41,64,67,38,29,44,7,37,83,76,7,59,9,50,31,10,21,19,13,6,40,21,19
S01012267,358,190,168,53,33,20,82,35,47,45,27,18,28,5,23,55,49,6,33,3,30,19,6,13,15,14,1,28,18,10
S01012268,341,180,161,58,32,26,63,27,36,41,21,20,27,4,23,66,56,10,26,4,22,13,2,11,14,12,2,33,22,11
S01012269,493,257,236,46,32,14,76,29,47,55,30,25,57,7,50,86,79,7,51,9,42,35,12,23,36,33,3,51,26,25
S01012270,372,189,183,21,11,10,50,14,36,39,22,17,35,8,27,62,59,3,48,8,40,32,9,23,32,27,5,53,31,22
S01012271,573,315,258,77,50,27,111,40,71,73,44,29,59,7,52,113,101,12,42,7,35,31,14,17,25,21,4,42,31,11
S01012272,365,194,171,42,29,13,94,46,48,58,38,20,40,8,32,30,26,4,36,8,28,21,10,11,18,17,1,26,12,14
S01012273,359,185,174,43,28,15,82,38,44,47,26,21,41,8,33,36,35,1,32,3,29,29,14,15,18,16,2,31,17,14
S01012274,513,257,256,41,24,17,85,32,53,63,35,28,59,13,46,69,62,7,53,9,44,47,20,27,32,28,4,64,34,30
S01012275,463,231,232,37,20,17,46,24,22,47,26,21,42,12,30,60,51,9,39,6,33,78,23,55,49,40,9,65,29,36
S01012276,484,248,236,37,26,11,76,25,51,68,41,27,64,19,45,58,52,6,49,7,42,57,29,28,33,29,4,42,20,22
S01012277,546,276,270,49,31,18,66,16,50,71,39,32,47,5,42,75,70,5,65,10,55,72,26,46,44,40,4,57,39,18
S01012278,333,169,164,28,18,10,56,23,33,34,23,11,29,7,22,37,35,2,32,6,26,48,10,38,27,24,3,42,23,19
S01012279,393,211,182,36,25,11,42,17,25,53,29,24,35,12,23,59,53,6,36,8,28,48,12,36,36,31,5,48,24,24
S01012280,467,242,225,26,12,14,48,25,23,32,23,9,51,7,44,71,63,8,52,9,43,66,19,47,42,38,4,79,46,33
S01012281,395,207,188,30,19,11,41,10,31,39,30,9,41,9,32,73,70,3,49,8,41,53,15,38,25,22,3,44,24,20
S01012282,454,209,245,46,30,16,91,36,55,50,31,19,54,7,47,47,45,2,38,12,26,58,8,50,22,19,3,48,21,27
S01012283,434,222,212,62,49,13,75,28,47,47,27,20,50,10,40,48,44,4,49,7,42,42,18,24,19,15,4,42,24,18
S01012284,345,177,168,30,14,16,42,18,24,28,17,11,40,18,22,40,37,3,44,9,35,40,15,25,18,17,1,63,32,31
S01012285,257,132,125,18,11,7,59,25,34,28,18,10,31,6,25,30,29,1,22,4,18,28,6,22,23,20,3,18,13,5
S01012286,459,227,232,24,15,9,45,15,30,52,27,25,34,8,26,54,51,3,64,16,48,59,15,44,46,36,10,81,44,37
S01012287,373,186,187,15,7,8,21,8,13,26,15,11,27,12,15,48,42,6,40,7,33,65,19,46,44,35,9,87,41,46
S01012288,313,170,143,19,9,10,15,7,8,14,10,4,19,4,15,53,48,5,44,11,33,36,14,22,47,38,9,66,29,37
S01012289,357,178,179,52,33,19,126,53,73,55,29,26,23,4,19,36,33,3,20,4,16,10,3,7,6,3,3,29,16,13
S01012290,251,117,134,23,14,9,48,12,36,24,13,11,22,1,21,35,33,2,36,9,27,18,5,13,19,19,0,26,11,15
S01012291,477,229,248,51,29,22,138,51,87,54,30,24,52,12,40,51,47,4,36,5,31,29,10,19,23,21,2,43,24,19
S01012292,297,148,149,57,36,21,86,44,42,36,20,16,31,4,27,25,21,4,18,2,16,17,4,13,9,9,0,18,8,10
S01012293,227,111,116,23,13,10,50,20,30,33,20,13,29,9,20,22,20,2,22,4,18,16,3,13,10,9,1,22,13,9
S01012294,455,214,241,24,18,6,54,21,33,55,33,22,68,12,56,58,54,4,58,12,46,54,15,39,30,22,8,54,27,27
S01012295,399,187,212,34,22,12,76,31,45,54,32,22,69,13,56,53,50,3,36,2,34,29,9,20,21,14,7,27,14,13
S01012296,476,241,235,66,44,22,115,44,71,64,40,24,45,9,36,54,48,6,44,3,41,28,10,18,21,17,4,39,26,13
S01012297,324,175,149,54,31,23,73,31,42,37,19,18,31,3,28,68,55,13,9,0,9,9,3,6,15,13,2,28,20,8
S01012298,416,221,195,41,24,17,91,37,54,54,36,18,41,6,35,73,67,6,33,3,30,25,7,18,30,29,1,28,12,16
S01012299,352,179,173,38,23,15,85,35,50,37,16,21,34,2,32,69,53,16,24,7,17,12,4,8,14,13,1,39,26,13
S01012300,299,160,139,40,31,9,30,11,19,30,12,18,24,4,20,58,47,11,32,3,29,20,5,15,26,21,5,39,26,13
S01012301,477,262,215,52,30,22,81,37,44,42,25,17,41,6,35,97,84,13,57,8,49,14,4,10,45,40,5,48,28,20
S01012302,291,161,130,32,21,11,46,24,22,31,12,19,29,3,26,62,52,10,27,5,22,6,4,2,21,16,5,37,24,13
S01012303,468,254,214,58,37,21,92,36,56,58,27,31,48,4,44,88,76,12,31,7,24,14,5,9,24,20,4,55,42,13
S01012304,489,278,211,47,30,17,75,37,38,44,24,20,44,5,39,98,83,15,44,6,38,23,6,17,47,41,6,67,46,21
S01012305,302,167,135,35,22,13,46,23,23,33,21,12,32,8,24,47,44,3,29,4,25,18,2,16,32,24,8,30,19,11
S01012306,243,133,110,28,19,9,25,11,14,11,8,3,17,1,16,41,33,8,20,2,18,17,2,15,38,31,7,46,26,20
S01012307,291,166,125,27,22,5,38,17,21,30,16,14,22,4,18,48,42,6,24,2,22,12,2,10,38,31,7,52,30,22
S01012308,431,226,205,25,15,10,48,17,31,38,22,16,40,7,33,69,63,6,59,10,49,28,8,20,63,49,14,61,35,26
S01012309,254,127,127,22,16,6,36,16,20,20,14,6,19,5,14,42,35,7,32,3,29,18,4,14,18,16,2,47,18,29
S01012310,450,246,204,54,36,18,69,25,44,51,32,19,32,1,31,80,67,13,40,8,32,27,7,20,45,41,4,52,29,23
S01012311,227,125,102,31,20,11,34,11,23,33,20,13,20,2,18,39,35,4,17,4,13,12,4,8,21,18,3,20,11,9
S01012312,514,292,222,45,24,21,70,27,43,53,38,15,47,7,40,121,100,21,42,5,37,25,12,13,59,52,7,52,27,25
S01012313,396,214,182,45,31,14,60,24,36,35,22,13,39,4,35,80,61,19,37,6,31,16,4,12,39,37,2,45,25,20
S01012314,378,182,196,29,19,10,24,7,17,18,13,5,25,3,22,69,59,10,61,6,55,41,9,32,53,42,11,58,24,34
S01012315,299,161,138,31,23,8,26,9,17,35,21,14,18,3,15,59,48,11,41,8,33,24,9,15,30,22,8,35,18,17
S01012316,263,142,121,17,9,8,19,4,15,18,12,6,11,0,11,57,54,3,32,2,30,18,3,15,46,39,7,45,19,26
S01012317,238,124,114,29,22,7,26,7,19,36,22,14,20,2,18,37,31,6,23,2,21,21,6,15,21,18,3,25,14,11
S01012318,378,207,171,21,19,2,27,7,20,29,21,8,17,2,15,86,75,11,40,6,34,42,4,38,51,43,8,65,30,35
S01012319,414,230,184,35,20,15,64,23,41,33,21,12,32,6,26,89,74,15,34,3,31,16,7,9,45,38,7,66,38,28
S01012320,325,178,147,20,14,6,21,9,12,27,17,10,25,4,21,46,41,5,36,3,33,20,4,16,64,52,12,66,34,32
S01012321,316,171,145,28,22,6,36,15,21,38,23,15,24,2,22,41,37,4,32,4,28,23,5,18,58,49,9,36,14,22
S01012322,479,242,237,67,37,30,75,32,43,66,34,32,55,9,46,74,64,10,40,6,34,28,9,19,31,23,8,43,28,15
S01012323,406,235,171,54,35,19,69,33,36,36,24,12,39,4,35,84,72,12,34,7,27,22,12,10,29,24,5,39,24,15
S01012324,378,205,173,55,31,24,42,22,20,39,20,19,22,2,20,84,74,10,46,5,41,22,7,15,19,16,3,49,28,21
S01012325,197,102,95,17,10,7,17,10,7,21,10,11,19,5,14,28,22,6,17,5,12,24,12,12,30,19,11,24,9,15
S01012326,231,132,99,17,11,6,24,11,13,16,11,5,25,3,22,43,41,2,25,5,20,21,8,13,30,20,10,30,22,8
S01012327,359,187,172,25,17,8,29,12,17,28,19,9,31,4,27,78,69,9,53,8,45,32,11,21,33,25,8,50,22,28
S01012328,210,120,90,20,14,6,30,12,18,38,26,12,22,1,21,35,31,4,14,2,12,8,4,4,17,15,2,26,15,11
S01012329,383,206,177,36,23,13,52,18,34,25,12,13,31,3,28,113,93,20,34,6,28,16,3,13,24,19,5,52,29,23
S01012330,268,135,133,37,26,11,45,16,29,23,16,7,34,5,29,40,36,4,34,5,29,15,4,11,19,15,4,21,12,9
S01012331,341,169,172,37,25,12,70,18,52,47,26,21,33,9,24,51,49,2,18,1,17,25,5,20,21,17,4,39,19,20
S01012332,528,283,245,64,42,22,73,31,42,60,35,25,50,4,46,121,101,20,46,11,35,23,7,16,30,24,6,61,28,33
S01012333,470,246,224,54,30,24,65,19,46,43,21,22,51,9,42,101,89,12,39,6,33,30,9,21,41,35,6,46,28,18
S01012334,369,196,173,25,12,13,20,10,10,34,23,11,32,4,28,82,75,7,42,5,37,34,6,28,43,34,9,57,27,30
S01012335,564,283,281,44,30,14,60,17,43,51,26,25,49,6,43,106,99,7,75,11,64,53,12,41,49,43,6,77,39,38
S01012336,287,142,145,11,4,7,17,6,11,26,15,11,17,3,14,57,49,8,41,3,38,27,4,23,47,35,12,44,23,21
S01012337,354,178,176,18,8,10,27,9,18,29,18,11,30,5,25,70,63,7,54,5,49,31,10,21,45,37,8,50,23,27
S01012338,321,174,147,33,20,13,50,22,28,33,21,12,29,3,26,56,43,13,24,9,15,23,7,16,27,21,6,46,28,18
S01012339,269,140,129,30,17,13,51,18,33,22,16,6,24,2,22,45,38,7,27,3,24,16,7,9,16,15,1,38,24,14
S01012340,451,220,231,40,26,14,60,20,40,43,27,16,44,11,33,61,57,4,50,7,43,44,9,35,40,32,8,69,31,38
S01012341,543,285,258,73,48,25,66,27,39,50,26,24,59,10,49,130,104,26,53,10,43,23,4,19,28,19,9,61,37,24
S01012342,444,224,220,41,26,15,65,22,43,49,27,22,44,6,38,85,75,10,49,6,43,28,6,22,36,30,6,47,26,21
S01012343,510,281,229,68,39,29,73,31,42,58,33,25,53,9,44,110,94,16,41,9,32,25,6,19,22,20,2,60,40,20
S01012344,300,147,153,18,8,10,35,12,23,26,16,10,36,4,32,42,39,3,40,6,34,24,6,18,35,32,3,44,24,20
S01012345,359,191,168,38,24,14,48,17,31,31,19,12,46,7,39,66,59,7,36,7,29,21,8,13,33,30,3,40,20,20
S01012346,409,232,177,52,34,18,75,28,47,40,26,14,35,7,28,88,78,10,34,5,29,14,7,7,28,25,3,43,22,21
S01012347,359,179,180,37,24,13,54,24,30,39,19,20,55,14,41,49,46,3,32,3,29,24,6,18,28,23,5,41,20,21
S01012348,317,150,167,35,18,17,74,34,40,52,27,25,38,5,33,37,31,6,29,4,25,11,4,7,20,18,2,21,9,12
S01012349,430,217,213,28,18,10,22,6,16,23,11,12,36,3,33,82,73,9,53,3,50,38,5,33,70,54,16,78,44,34
S01012350,332,176,156,36,24,12,28,10,18,29,21,8,30,5,25,52,49,3,41,2,39,29,4,25,40,34,6,47,27,20
S01012351,403,203,200,28,15,13,31,14,17,27,12,15,35,3,32,82,73,9,53,7,46,37,5,32,50,40,10,60,34,26
S01012352,342,181,161,43,29,14,46,19,27,22,12,10,33,4,29,49,45,4,43,8,35,20,4,16,41,32,9,45,28,17
S01012353,366,189,177,36,24,12,52,19,33,31,14,17,35,11,24,51,48,3,48,15,33,33,12,21,35,26,9,45,20,25
S01012354,335,181,154,32,18,14,30,10,20,37,22,15,21,4,17,66,57,9,40,7,33,17,5,12,36,28,8,56,30,26
S01012355,487,278,209,48,28,20,64,29,35,64,38,26,39,6,33,132,107,25,39,6,33,20,8,12,18,12,6,63,44,19
S01012356,296,144,152,29,16,13,40,14,26,32,17,15,36,3,33,57,50,7,20,1,19,18,5,13,28,17,11,36,21,15
S01012357,439,224,215,50,37,13,74,23,51,44,32,12,47,6,41,81,68,13,45,3,42,29,11,18,29,19,10,40,25,15
S01012358,389,210,179,48,32,16,52,21,31,34,19,15,31,3,28,103,79,24,38,5,33,17,1,16,26,19,7,40,31,9
S01012359,313,160,153,15,9,6,15,4,11,23,17,6,21,1,20,51,41,10,48,7,41,32,11,21,55,39,16,53,31,22
S01012360,316,159,157,22,12,10,17,12,5,11,8,3,14,4,10,46,35,11,45,5,40,38,8,30,56,33,23,67,42,25
S01012361,237,118,119,9,4,5,14,5,9,14,8,6,6,0,6,52,42,10,35,6,29,34,10,24,34,17,17,39,26,13
S01012362,308,150,158,13,6,7,16,6,10,17,9,8,17,3,14,37,31,6,34,3,31,33,13,20,67,40,27,74,39,35
S01012363,400,222,178,32,22,10,43,23,20,33,18,15,31,3,28,73,57,16,43,9,34,41,16,25,61,46,15,43,28,15
S01012364,318,165,153,29,17,12,27,9,18,32,17,15,27,5,22,51,43,8,36,9,27,33,11,22,50,32,18,33,22,11
S01012365,492,258,234,37,26,11,68,18,50,41,23,18,56,7,49,102,92,10,44,7,37,47,17,30,50,37,13,47,31,16
S01012366,433,220,213,49,25,24,46,14,32,32,16,16,44,9,35,66,61,5,39,6,33,51,16,35,43,28,15,63,45,18
S01012367,442,242,200,36,25,11,43,21,22,55,35,20,57,10,47,70,60,10,54,12,42,30,13,17,60,43,17,37,23,14
S01012368,275,139,136,37,29,8,40,13,27,28,14,14,36,4,32,36,30,6,32,5,27,20,10,10,22,18,4,24,16,8
S01012369,417,213,204,42,34,8,60,21,39,35,24,11,43,4,39,75,63,12,44,5,39,40,14,26,50,31,19,28,17,11
S01012370,445,235,210,23,18,5,52,19,33,39,26,13,30,7,23,79,64,15,62,10,52,37,11,26,56,34,22,67,46,21
S01012371,410,215,195,27,14,13,37,12,25,41,25,16,35,5,30,72,55,17,58,14,44,36,17,19,43,31,12,61,42,19
S01012372,343,186,157,17,12,5,25,8,17,21,13,8,30,5,25,66,56,10,40,7,33,45,15,30,57,35,22,42,35,7
S01012373,460,238,222,32,25,7,45,13,32,50,31,19,52,11,41,62,56,6,61,14,47,43,14,29,65,42,23,50,32,18
S01012374,466,234,232,27,19,8,38,12,26,33,19,14,42,7,35,67,59,8,79,14,65,46,18,28,73,48,25,61,38,23
S01012375,434,214,220,26,18,8,32,8,24,39,28,11,38,5,33,64,53,11,45,9,36,47,10,37,82,47,35,61,36,25
S01012376,499,243,256,57,35,22,104,41,63,51,24,27,42,6,36,97,74,23,41,11,30,26,5,21,25,25,0,56,22,34
S01012377,367,199,168,33,24,9,84,42,42,49,29,20,32,6,26,64,49,15,35,5,30,23,8,15,14,13,1,33,23,10
S01012378,295,161,134,36,22,14,38,16,22,31,15,16,24,6,18,71,55,16,25,7,18,15,2,13,17,14,3,38,24,14
S01012379,241,128,113,31,19,12,36,12,24,37,18,19,20,5,15,50,43,7,15,3,12,10,3,7,13,9,4,29,16,13
S01012380,453,223,230,33,13,20,61,26,35,36,18,18,41,6,35,73,63,10,60,7,53,49,18,31,41,34,7,59,38,21
S01012381,348,180,168,26,14,12,42,16,26,32,18,14,40,9,31,48,39,9,37,6,31,45,17,28,31,31,0,47,30,17
S01012382,503,260,243,40,24,16,101,38,63,65,45,20,71,15,56,71,65,6,49,8,41,40,14,26,25,24,1,41,27,14
S01012383,390,199,191,32,18,14,51,25,26,35,16,19,59,8,51,57,54,3,41,5,36,35,12,23,42,39,3,38,22,16
S01012384,248,134,114,23,15,8,42,20,22,30,20,10,27,3,24,37,34,3,21,3,18,30,11,19,18,15,3,20,13,7
S01012385,397,207,190,34,24,10,85,41,44,44,21,23,39,7,32,56,53,3,45,9,36,34,14,20,21,18,3,39,20,19
S01012386,432,224,208,24,16,8,42,12,30,31,18,13,42,17,25,65,62,3,64,11,53,56,20,36,43,35,8,65,33,32
S01012387,527,278,249,37,25,12,66,27,39,61,36,25,43,10,33,100,88,12,79,16,63,37,9,28,51,43,8,53,24,29
S01012388,407,215,192,33,19,14,87,43,44,51,29,22,28,7,21,72,64,8,43,11,32,27,3,24,30,24,6,36,15,21
S01012389,487,256,231,42,28,14,65,23,42,65,38,27,41,6,35,86,77,9,60,13,47,33,8,25,38,35,3,57,28,29
S01012390,445,239,206,30,12,18,71,31,40,41,23,18,46,4,42,92,88,4,58,8,50,27,10,17,36,34,2,44,29,15
S01012391,595,309,286,58,33,25,102,45,57,77,50,27,72,14,58,91,86,5,76,17,59,31,6,25,47,43,4,41,15,26
S01012392,432,224,208,44,29,15,65,27,38,52,32,20,47,5,42,66,63,3,58,9,49,36,16,20,22,21,1,42,22,20
S01012393,530,277,253,48,29,19,57,24,33,69,44,25,59,8,51,88,83,5,69,10,59,33,10,23,42,40,2,65,29,36
S01012394,342,167,175,20,10,10,29,13,16,33,23,10,29,3,26,46,39,7,44,9,35,37,9,28,31,30,1,73,31,42
S01012395,343,177,166,20,15,5,46,13,33,37,27,10,32,3,29,44,38,6,56,14,42,23,8,15,38,37,1,47,22,25
S01012396,338,181,157,25,13,12,49,18,31,37,28,9,35,4,31,61,57,4,48,12,36,17,6,11,30,26,4,36,17,19
S01012397,455,240,215,34,24,10,71,26,45,56,35,21,40,7,33,72,59,13,52,6,46,28,9,19,54,48,6,48,26,22
S01012398,540,299,241,46,31,15,84,41,43,61,40,21,55,13,42,97,87,10,54,11,43,43,13,30,25,22,3,75,41,34
S01012399,341,175,166,16,7,9,32,13,19,26,18,8,35,9,26,57,50,7,50,7,43,27,12,15,27,24,3,71,35,36
S01012400,359,199,160,18,12,6,19,8,11,32,23,9,24,2,22,75,64,11,56,13,43,35,8,27,49,44,5,51,25,26
S01012401,468,257,211,29,21,8,43,13,30,30,21,9,57,14,43,93,81,12,61,12,49,22,5,17,50,44,6,83,46,37
S01012402,278,145,133,26,13,13,32,14,18,30,18,12,28,1,27,54,48,6,44,5,39,8,1,7,34,34,0,22,11,11
S01012403,650,340,310,40,26,14,103,38,65,61,41,20,67,9,58,145,126,19,85,7,78,32,12,20,48,43,5,69,38,31
S01012404,558,300,258,41,29,12,65,25,40,51,26,25,59,11,48,125,104,21,73,13,60,30,8,22,61,54,7,53,30,23
S01012405,426,222,204,45,32,13,64,22,42,52,34,18,48,2,46,72,68,4,53,2,51,18,5,13,46,43,3,28,14,14
S01012406,338,185,153,21,14,7,50,18,32,34,23,11,35,4,31,72,67,5,36,5,31,21,3,18,28,26,2,41,25,16
S01012407,460,245,215,34,24,10,68,25,43,41,28,13,41,6,35,102,93,9,62,6,56,31,6,25,35,32,3,46,25,21
S01012408,352,187,165,29,14,15,44,20,24,30,21,9,46,2,44,76,65,11,37,6,31,14,2,12,41,38,3,35,19,16
S01012409,377,204,173,22,15,7,47,16,31,34,22,12,28,4,24,98,86,12,52,7,45,17,1,16,40,27,13,39,26,13
S01012410,629,336,293,54,33,21,80,42,38,71,52,19,51,6,45,106,90,16,81,7,74,28,5,23,68,64,4,90,37,53
S01012411,539,300,239,23,17,6,48,17,31,55,40,15,49,2,47,102,84,18,70,13,57,24,12,12,79,74,5,89,41,48
S01012412,364,189,175,14,7,7,46,20,26,28,16,12,36,6,30,78,65,13,39,2,37,28,5,23,40,38,2,55,30,25
S01012413,482,264,218,32,21,11,60,21,39,56,40,16,31,2,29,101,85,16,62,6,56,19,3,16,65,55,10,56,31,25
S01012414,344,187,157,20,12,8,43,15,28,23,12,11,22,2,20,90,75,15,58,8,50,11,1,10,39,38,1,38,24,14
S01012415,274,154,120,11,7,4,28,5,23,24,18,6,19,3,16,83,75,8,36,4,32,15,1,14,34,31,3,24,10,14
S01012416,281,156,125,10,5,5,36,10,26,30,21,9,19,4,15,78,73,5,36,2,34,12,3,9,32,24,8,28,14,14
S01012417,262,136,126,17,10,7,24,8,16,13,6,7,33,5,28,56,51,5,28,5,23,16,2,14,22,17,5,53,32,21
S01012418,373,214,159,38,23,15,28,12,16,19,10,9,38,3,35,106,90,16,30,5,25,25,3,22,34,33,1,55,35,20
S01012419,342,194,148,28,15,13,44,20,24,33,15,18,29,4,25,96,82,14,33,5,28,13,6,7,23,20,3,43,27,16
S01012420,382,199,183,22,13,9,27,13,14,21,12,9,35,1,34,71,61,10,50,11,39,24,3,21,70,49,21,62,36,26
S01012421,351,182,169,38,14,24,39,14,25,23,16,7,34,4,30,88,75,13,37,7,30,16,3,13,25,24,1,51,25,26
S01012422,405,217,188,51,33,18,50,21,29,33,19,14,41,1,40,94,82,12,44,8,36,18,4,14,32,28,4,42,21,21
S01012423,391,201,190,34,17,17,50,17,33,39,26,13,41,3,38,89,74,15,49,9,40,17,8,9,28,24,4,44,23,21
S01012424,423,200,223,18,7,11,34,12,22,34,19,15,40,2,38,55,51,4,59,6,53,32,7,25,80,62,18,71,34,37
S01012425,190,92,98,6,4,2,11,2,9,15,8,7,12,1,11,28,27,1,22,1,21,19,5,14,30,22,8,47,22,25
S01012426,168,75,93,2,1,1,6,0,6,11,6,5,15,1,14,25,21,4,30,6,24,15,1,14,27,22,5,37,17,20
S01012427,248,121,127,11,4,7,14,4,10,10,7,3,16,1,15,28,26,2,39,6,33,30,8,22,43,37,6,57,28,29
S01012428,292,142,150,13,8,5,21,7,14,19,13,6,30,5,25,42,37,5,55,11,44,25,6,19,44,35,9,43,20,23
S01012429,204,101,103,15,7,8,22,4,18,19,12,7,23,5,18,34,29,5,35,10,25,15,4,11,21,18,3,20,12,8
S01012430,249,116,133,17,9,8,36,8,28,24,15,9,29,5,24,25,24,1,30,7,23,20,5,15,26,24,2,42,19,23
S01012431,376,191,185,40,24,16,61,27,34,41,21,20,28,3,25,47,42,5,61,14,47,26,6,20,33,29,4,39,25,14
S01012432,252,123,129,17,7,10,32,9,23,22,14,8,29,7,22,36,32,4,33,9,24,23,5,18,27,25,2,33,15,18
S01012433,235,128,107,12,8,4,19,8,11,20,11,9,24,2,22,34,26,8,36,6,30,16,5,11,35,31,4,39,31,8
S01012434,309,154,155,24,14,10,25,9,16,33,20,13,26,3,23,55,47,8,54,11,43,25,7,18,29,24,5,38,19,19
S01012435,285,140,145,21,6,15,23,11,12,20,13,7,28,4,24,41,37,4,51,7,44,33,9,24,27,23,4,41,30,11
S01012436,299,154,145,15,8,7,24,9,15,26,14,12,24,4,20,59,56,3,46,6,40,21,3,18,31,26,5,53,28,25
S01012437,335,167,168,19,10,9,22,10,12,31,14,17,33,4,29,59,55,4,52,9,43,29,7,22,43,36,7,47,22,25
S01012438,310,162,148,28,18,10,43,11,32,32,21,11,32,4,28,57,50,7,31,5,26,17,6,11,26,24,2,44,23,21
S01012439,299,150,149,13,9,4,33,15,18,37,20,17,39,3,36,56,54,2,28,2,26,32,8,24,26,25,1,35,14,21
S01012440,267,140,127,26,13,13,46,18,28,38,22,16,28,3,25,46,44,2,22,2,20,16,5,11,17,14,3,28,19,9
S01012441,458,230,228,40,24,16,85,31,54,49,19,30,45,4,41,97,87,10,51,8,43,18,7,11,26,25,1,47,25,22
S01012442,484,250,234,62,42,20,99,40,59,69,43,26,46,3,43,72,61,11,36,7,29,38,12,26,27,25,2,35,17,18
S01012443,398,211,187,50,37,13,57,22,35,51,28,23,38,6,32,69,61,8,41,9,32,19,3,16,25,22,3,48,23,25
S01012444,329,173,156,45,29,16,83,37,46,45,30,15,37,13,24,27,24,3,36,9,27,14,8,6,13,11,2,29,12,17
S01012445,262,146,116,37,27,10,78,40,38,36,17,19,25,5,20,26,25,1,17,6,11,13,7,6,12,11,1,18,8,10
S01012446,232,110,122,14,8,6,32,12,20,22,13,9,28,1,27,37,35,2,24,4,20,25,4,21,18,18,0,32,15,17
S01012447,446,215,231,46,25,21,83,33,50,63,44,19,64,6,58,54,51,3,40,7,33,36,11,25,22,21,1,38,17,21
S01012448,440,223,217,55,38,17,90,33,57,71,46,25,56,6,50,64,59,5,34,4,30,41,15,26,12,11,1,17,11,6
S01012449,309,148,161,19,9,10,45,18,27,34,22,12,35,9,26,36,33,3,46,4,42,32,8,24,29,25,4,33,20,13
S01012450,426,232,194,55,33,22,80,39,41,63,39,24,33,4,29,64,57,7,40,7,33,28,9,19,33,31,2,30,13,17
S01012451,311,157,154,44,29,15,80,43,37,66,40,26,37,7,30,16,13,3,17,5,12,26,4,22,6,6,0,19,10,9
S01012452,256,120,136,25,15,10,58,22,36,35,15,20,38,10,28,33,30,3,18,3,15,18,7,11,6,5,1,25,13,12
S01012453,371,210,161,89,72,17,105,46,59,65,44,21,34,6,28,20,16,4,14,2,12,19,11,8,7,6,1,18,7,11
S01012454,269,127,142,36,26,10,70,28,42,42,32,10,40,5,35,15,12,3,28,5,23,18,6,12,9,6,3,11,7,4
S01012455,242,139,103,38,32,6,71,30,41,38,27,11,26,6,20,19,16,3,12,2,10,14,8,6,4,3,1,20,15,5
S01012456,297,159,138,44,31,13,87,36,51,47,32,15,31,11,20,26,24,2,18,1,17,21,7,14,7,7,0,16,10,6
S01012457,315,171,144,44,34,10,101,46,55,59,41,18,39,10,29,16,13,3,19,5,14,16,5,11,8,7,1,13,10,3
S01012458,332,172,160,48,35,13,109,55,54,61,35,26,32,4,28,25,22,3,24,5,19,18,7,11,3,3,0,12,6,6
S01012459,387,194,193,36,29,7,85,28,57,56,39,17,57,13,44,46,43,3,34,6,28,30,9,21,22,19,3,21,8,13
S01012460,233,112,121,23,16,7,50,23,27,34,25,9,39,2,37,22,22,0,23,3,20,17,5,12,11,10,1,14,6,8
S01012461,259,124,135,11,4,7,46,21,25,31,18,13,28,3,25,40,36,4,29,5,24,32,10,22,17,15,2,25,12,13
S01012462,314,147,167,24,12,12,39,16,23,26,15,11,25,1,24,39,35,4,41,5,36,34,9,25,29,25,4,57,29,28
S01012463,255,129,126,14,9,5,25,9,16,27,18,9,22,8,14,33,32,1,43,7,36,41,16,25,18,18,0,32,12,20
S01012464,290,141,149,16,11,5,22,9,13,23,18,5,26,7,19,37,33,4,45,8,37,45,8,37,22,22,0,54,25,29
S01012465,313,165,148,18,12,6,21,8,13,26,11,15,28,11,17,46,44,2,50,8,42,39,10,29,32,31,1,53,30,23
S01012466,332,170,162,27,16,11,53,19,34,52,33,19,33,8,25,33,31,2,31,4,27,31,11,20,23,22,1,49,26,23
S01012467,304,150,154,24,14,10,43,14,29,43,21,22,34,12,22,41,39,2,41,11,30,38,9,29,11,10,1,29,20,9
S01012468,349,182,167,26,15,11,43,15,28,42,24,18,46,7,39,62,61,1,37,12,25,33,10,23,20,20,0,40,18,22
S01012469,344,174,170,58,41,17,111,51,60,55,32,23,46,9,37,24,22,2,16,1,15,15,6,9,6,6,0,13,6,7
S01012470,407,197,210,25,17,8,67,30,37,43,23,20,49,13,36,54,46,8,64,18,46,40,12,28,28,26,2,37,12,25
S01012471,373,195,178,65,49,16,95,47,48,63,37,26,41,6,35,28,25,3,21,4,17,26,10,16,8,6,2,26,11,15
S01012472,281,137,144,18,9,9,81,37,44,47,22,25,31,9,22,29,27,2,25,4,21,22,7,15,14,12,2,14,10,4
S01012473,272,144,128,25,16,9,61,33,28,40,27,13,39,8,31,32,29,3,22,4,18,21,5,16,16,12,4,16,10,6
S01012474,295,143,152,20,12,8,60,24,36,40,25,15,36,6,30,30,25,5,33,7,26,25,11,14,16,13,3,35,20,15
S01012475,270,142,128,15,11,4,65,24,41,33,22,11,44,11,33,32,31,1,23,3,20,19,12,7,17,16,1,22,12,10
S01012476,405,185,220,21,11,10,43,12,31,39,22,17,59,11,48,58,54,4,51,9,42,56,15,41,32,27,5,46,24,22
S01012477,353,174,179,28,18,10,65,27,38,51,36,15,48,7,41,35,34,1,41,7,34,43,10,33,20,19,1,22,16,6
S01012478,409,200,209,28,20,8,51,19,32,36,21,15,53,11,42,50,48,2,51,10,41,53,18,35,28,25,3,59,28,31
S01012479,392,196,196,39,23,16,66,31,35,62,36,26,47,7,40,52,47,5,32,4,28,38,11,27,20,19,1,36,18,18
S01012480,284,174,110,34,24,10,55,29,26,51,39,12,21,6,15,27,24,3,20,4,16,28,13,15,13,12,1,35,23,12
S01012481,411,211,200,44,29,15,66,27,39,58,32,26,50,12,38,48,44,4,37,10,27,47,14,33,15,14,1,46,29,17
S01012482,310,161,149,53,27,26,63,32,31,35,26,9,29,8,21,22,15,7,28,9,19,25,8,17,19,17,2,36,19,17
S01012483,377,195,182,42,22,20,46,17,29,37,24,13,34,15,19,48,43,5,47,13,34,48,14,34,19,17,2,56,30,26
S01012484,348,181,167,62,43,19,96,43,53,52,28,24,39,9,30,29,28,1,19,6,13,20,4,16,8,7,1,23,13,10
S01012485,363,192,171,62,40,22,108,48,60,57,39,18,44,11,33,36,32,4,13,2,11,21,8,13,4,3,1,18,9,9
S01012486,195,92,103,30,18,12,59,28,31,25,13,12,23,1,22,10,8,2,15,3,12,13,6,7,8,6,2,12,9,3
S01012487,303,157,146,28,15,13,46,16,30,35,22,13,29,8,21,33,31,2,38,5,33,24,10,14,19,18,1,51,32,19
S01012488,435,220,215,35,20,15,57,18,39,53,29,24,56,11,45,54,52,2,54,12,42,45,23,22,31,28,3,50,27,23
S01012489,417,204,213,18,11,7,39,13,26,39,26,13,31,12,19,53,43,10,59,11,48,48,19,29,27,24,3,103,45,58
S01012490,416,215,201,33,18,15,43,21,22,46,29,17,37,9,28,68,63,5,64,10,54,38,5,33,26,24,2,61,36,25
S01012491,169,76,93,10,5,5,11,7,4,8,3,5,13,4,9,24,21,3,28,3,25,20,4,16,15,14,1,40,15,25
S01012492,252,137,115,16,7,9,18,5,13,18,11,7,19,8,11,45,42,3,26,8,18,41,14,27,16,13,3,53,29,24
S01012493,210,116,94,16,9,7,45,25,20,40,23,17,22,6,16,17,17,0,21,7,14,14,2,12,13,13,0,22,14,8
S01012494,410,203,207,24,17,7,28,10,18,40,27,13,40,7,33,48,47,1,68,13,55,58,20,38,32,31,1,72,31,41
S01012495,428,210,218,24,11,13,21,7,14,28,22,6,57,10,47,55,52,3,78,14,64,66,29,37,32,29,3,67,36,31
S01012496,321,151,170,17,6,11,17,5,12,25,13,12,19,6,13,43,37,6,55,16,39,44,7,37,29,28,1,72,33,39
S01012497,190,87,103,7,2,5,6,1,5,10,7,3,18,4,14,30,28,2,35,9,26,27,4,23,16,15,1,41,17,24
S01012498,275,129,146,18,9,9,12,4,8,13,6,7,19,4,15,36,32,4,48,7,41,39,8,31,33,33,0,57,26,31
S01012499,277,122,155,17,8,9,20,7,13,16,12,4,17,2,15,38,37,1,62,4,58,32,12,20,23,22,1,52,18,34
S01012500,183,82,101,5,4,1,6,1,5,16,14,2,17,1,16,27,24,3,28,4,24,24,3,21,11,10,1,49,21,28
S01012501,200,98,102,9,5,4,7,2,5,7,3,4,9,2,7,32,30,2,33,1,32,25,7,18,24,21,3,54,27,27
S01012502,258,108,150,15,8,7,12,5,7,19,10,9,11,3,8,37,32,5,47,3,44,34,7,27,24,20,4,59,20,39
S01012503,239,113,126,7,2,5,16,4,12,14,7,7,22,4,18,40,40,0,29,6,23,32,11,21,19,18,1,60,21,39
S01012504,240,114,126,12,7,5,12,5,7,22,9,13,25,5,20,34,31,3,41,5,36,32,11,21,26,26,0,36,15,21
S01012505,431,206,225,35,18,17,30,13,17,38,18,20,49,11,38,68,62,6,63,9,54,57,15,42,31,30,1,60,30,30
S01012506,214,113,101,20,13,7,38,16,22,31,16,15,19,4,15,22,22,0,26,8,18,28,10,18,12,12,0,18,12,6
S01012507,424,200,224,25,14,11,56,21,35,55,26,29,54,13,41,56,51,5,65,9,56,42,17,25,23,20,3,48,29,19
S01012508,369,183,186,33,21,12,57,21,36,37,17,20,39,7,32,47,41,6,47,7,40,43,17,26,25,23,2,41,29,12
S01012509,269,135,134,27,17,10,47,18,29,31,22,9,30,7,23,36,32,4,24,6,18,29,7,22,16,15,1,29,11,18
S01012510,454,226,228,28,16,12,65,28,37,62,37,25,57,12,45,60,58,2,75,14,61,43,11,32,36,35,1,28,15,13
S01012511,343,163,180,17,11,6,42,18,24,48,27,21,48,14,34,37,32,5,46,6,40,35,8,27,27,27,0,43,20,23
S01012512,285,142,143,36,25,11,46,20,26,21,10,11,38,8,30,32,31,1,27,2,25,29,10,19,20,20,0,36,16,20
S01012513,313,151,162,24,18,6,64,21,43,37,24,13,45,8,37,34,30,4,33,7,26,42,19,23,12,12,0,22,12,10
S01012514,590,288,302,48,32,16,119,43,76,91,57,34,85,15,70,59,53,6,56,7,49,53,22,31,39,36,3,40,23,17
S01012515,249,114,135,19,12,7,27,6,21,26,14,12,24,2,22,36,33,3,33,3,30,32,14,18,10,9,1,42,21,21
S01012516,270,127,143,21,17,4,40,15,25,32,16,16,34,3,31,43,41,2,37,5,32,22,7,15,12,10,2,29,13,16
S01012517,411,206,205,36,20,16,51,21,30,53,38,15,51,9,42,47,42,5,41,10,31,56,15,41,32,29,3,44,22,22
S01012518,268,137,131,36,22,14,57,26,31,42,27,15,36,8,28,25,22,3,18,6,12,22,7,15,9,9,0,23,10,13
S01012519,243,126,117,28,17,11,42,16,26,26,14,12,39,11,28,32,32,0,13,1,12,20,8,12,14,14,0,29,13,16
S01012520,364,193,171,48,31,17,106,41,65,48,26,22,39,13,26,39,35,4,27,5,22,28,18,10,14,13,1,15,11,4
S01012521,246,133,113,32,18,14,63,26,37,26,16,10,27,7,20,28,26,2,26,9,17,21,11,10,8,8,0,15,12,3
S01012522,400,215,185,63,40,23,84,37,47,72,48,24,40,8,32,49,43,6,26,5,21,30,9,21,14,13,1,22,12,10
S01012523,423,216,207,42,24,18,88,44,44,73,45,28,45,11,34,41,36,5,53,7,46,32,15,17,20,18,2,29,16,13
S01012524,383,201,182,39,28,11,78,34,44,71,46,25,54,12,42,35,32,3,26,4,22,32,12,20,25,21,4,23,12,11
S01012525,383,198,185,37,23,14,79,36,43,64,46,18,55,10,45,46,42,4,30,5,25,33,17,16,9,7,2,30,12,18
S01012526,350,186,164,38,28,10,106,47,59,61,35,26,44,9,35,25,24,1,25,7,18,22,12,10,10,10,0,19,14,5
S01012527,279,151,128,28,19,9,54,20,34,35,22,13,29,9,20,40,38,2,21,5,16,27,7,20,17,17,0,28,14,14
S01012528,404,195,209,23,7,16,44,15,29,41,24,17,42,5,37,56,51,5,45,12,33,45,12,33,42,38,4,66,31,35
S01012529,343,159,184,26,14,12,58,18,40,49,28,21,28,6,22,48,44,4,34,3,31,43,13,30,15,15,0,42,18,24
S01012530,385,200,185,30,17,13,62,23,39,63,40,23,57,9,48,56,53,3,28,3,25,27,9,18,36,31,5,26,15,11
S01012531,378,197,181,48,25,23,74,35,39,53,31,22,41,7,34,47,42,5,32,4,28,28,13,15,23,22,1,32,18,14
S01012532,383,197,186,32,17,15,52,18,34,46,27,19,38,6,32,67,60,7,55,13,42,21,5,16,31,27,4,41,24,17
S01012533,273,150,123,28,17,11,37,20,17,46,31,15,31,6,25,36,35,1,27,3,24,22,11,11,11,11,0,35,16,19
S01012534,266,134,132,19,11,8,34,11,23,31,20,11,34,7,27,43,40,3,25,7,18,34,11,23,19,17,2,27,10,17
S01012535,400,207,193,22,13,9,33,11,22,32,17,15,35,7,28,73,67,6,55,8,47,41,12,29,38,37,1,71,35,36
S01012536,358,175,183,28,14,14,30,10,20,26,18,8,40,7,33,45,43,2,52,7,45,35,9,26,37,35,2,65,32,33
S01012537,329,171,158,22,12,10,17,6,11,20,12,8,39,7,32,49,45,4,44,8,36,43,11,32,32,29,3,63,41,22
S01012538,466,223,243,42,27,15,34,11,23,43,28,15,55,8,47,72,65,7,76,7,69,51,18,33,36,32,4,57,27,30
S01012539,340,188,152,27,21,6,27,9,18,29,18,11,39,5,34,72,64,8,31,4,27,40,16,24,23,21,2,52,30,22
S01012540,286,145,141,11,6,5,20,8,12,18,10,8,25,3,22,50,45,5,41,9,32,29,5,24,35,33,2,57,26,31
S01012541,557,278,279,39,27,12,74,28,46,46,17,29,53,9,44,132,116,16,61,9,52,47,9,38,41,37,4,64,26,38
S01012542,390,199,191,40,22,18,86,34,52,56,35,21,30,6,24,47,42,5,40,7,33,34,16,18,21,20,1,36,17,19
S01012543,352,179,173,41,25,16,67,27,40,52,31,21,38,3,35,56,50,6,26,3,23,23,10,13,19,17,2,30,13,17
S01012544,373,179,194,32,20,12,74,29,45,48,25,23,29,6,23,60,53,7,34,5,29,35,9,26,23,20,3,38,12,26
S01012545,213,102,111,19,12,7,23,9,14,27,13,14,10,3,7,26,23,3,28,4,24,17,4,13,22,20,2,41,14,27
S01012546,375,192,183,28,14,14,48,17,31,49,24,25,44,9,35,71,65,6,38,7,31,33,10,23,30,28,2,34,18,16
S01012547,301,168,133,32,24,8,73,34,39,38,27,11,30,6,24,33,33,0,24,5,19,27,10,17,9,9,0,35,20,15
S01012548,371,195,176,41,28,13,78,32,46,54,34,20,45,5,40,52,46,6,23,4,19,26,8,18,21,20,1,31,18,13
S01012549,243,116,127,16,10,6,21,8,13,26,17,9,24,5,19,38,34,4,36,4,32,29,6,23,19,17,2,34,15,19
S01012550,377,186,191,23,15,8,61,24,37,46,32,14,33,5,28,40,37,3,44,7,37,54,17,37,31,28,3,45,21,24
S01012551,452,236,216,31,23,8,88,36,52,70,49,21,74,14,60,51,48,3,41,10,31,39,17,22,18,15,3,40,24,16
S01012552,460,242,218,53,34,19,113,52,61,94,64,30,51,12,39,36,34,2,32,5,27,36,12,24,17,17,0,28,12,16
S01012553,464,235,229,45,26,19,94,48,46,88,53,35,60,15,45,49,44,5,40,8,32,46,14,32,12,12,0,30,15,15
S01012554,234,109,125,18,11,7,38,16,22,36,23,13,30,4,26,25,24,1,28,4,24,26,9,17,14,11,3,19,7,12
S01012555,277,143,134,23,18,5,55,20,35,42,24,18,42,7,35,32,30,2,19,4,15,21,11,10,18,15,3,25,14,11
S01012556,280,138,142,31,22,9,64,24,40,50,30,20,27,6,21,28,25,3,23,4,19,32,10,22,8,8,0,17,9,8
S01012557,262,138,124,32,23,9,75,30,45,38,29,9,25,5,20,27,24,3,20,2,18,17,4,13,12,12,0,16,9,7
S01012558,277,147,130,18,10,8,30,19,11,35,19,16,23,4,19,41,39,2,31,4,27,43,18,25,13,12,1,43,22,21
S01012559,292,149,143,32,13,19,26,5,21,36,29,7,26,5,21,46,42,4,33,3,30,27,12,15,21,18,3,45,22,23
S01012560,214,96,118,15,10,5,38,14,24,35,17,18,24,2,22,23,20,3,24,3,21,21,8,13,15,14,1,19,8,11
S01012561,317,155,162,25,12,13,57,18,39,56,36,20,34,9,25,31,28,3,32,7,25,29,9,20,21,19,2,32,17,15
S01012562,336,175,161,27,16,11,50,19,31,41,25,16,38,8,30,40,39,1,33,5,28,38,16,22,23,23,0,46,24,22
S01012563,247,136,111,37,26,11,72,33,39,36,29,7,36,8,28,16,16,0,11,2,9,18,9,9,7,7,0,14,6,8
S01012564,354,181,173,50,30,20,94,41,53,60,37,23,33,5,28,29,28,1,25,5,20,23,12,11,12,9,3,28,14,14
S01012565,320,167,153,46,34,12,95,42,53,41,22,19,31,8,23,32,29,3,23,6,17,21,9,12,8,8,0,23,9,14
S01012566,349,175,174,46,25,21,71,29,42,49,25,24,24,6,18,38,33,5,37,6,31,27,8,19,20,19,1,37,24,13
S01012567,471,244,227,44,24,20,84,35,49,59,29,30,38,8,30,75,66,9,51,14,37,45,15,30,35,30,5,40,23,17
S01012568,233,121,112,39,29,10,81,32,49,36,17,19,19,9,10,15,12,3,13,5,8,12,8,4,7,6,1,11,3,8
S01012569,323,175,148,63,39,24,96,49,47,57,37,20,25,7,18,13,12,1,22,6,16,16,7,9,7,5,2,24,13,11
S01012570,240,136,104,23,10,13,34,14,20,26,20,6,17,5,12,60,51,9,18,2,16,15,3,12,23,20,3,24,11,13
S01012571,403,223,180,35,20,15,60,24,36,31,18,13,44,10,34,90,76,14,34,3,31,21,3,18,45,43,2,43,26,17
S01012572,264,152,112,23,15,8,40,19,21,24,17,7,24,0,24,59,55,4,24,5,19,15,4,11,20,17,3,35,20,15
S01012573,442,244,198,58,36,22,99,46,53,44,26,18,46,10,36,80,70,10,40,9,31,26,9,17,23,23,0,26,15,11
S01012574,449,232,217,65,42,23,92,31,61,46,25,21,49,10,39,85,77,8,32,6,26,22,6,16,26,22,4,32,13,19
S01012575,330,168,162,37,23,14,64,27,37,35,22,13,32,3,29,58,49,9,38,5,33,19,5,14,17,16,1,30,18,12
S01012576,383,195,188,51,32,19,81,37,44,55,31,24,30,7,23,56,46,10,34,6,28,26,6,20,21,17,4,29,13,16
S01012577,404,217,187,35,28,7,75,33,42,39,21,18,27,5,22,82,68,14,42,5,37,26,4,22,32,29,3,46,24,22
S01012578,411,209,202,53,31,22,81,35,46,43,23,20,32,4,28,75,63,12,27,0,27,38,12,26,27,25,2,35,16,19
S01012579,342,183,159,30,19,11,71,32,39,39,24,15,33,6,27,57,50,7,25,0,25,19,4,15,26,25,1,42,23,19
S01012580,418,228,190,56,28,28,96,44,52,54,30,24,28,4,24,76,64,12,34,11,23,14,8,6,23,20,3,37,19,18
S01012581,321,165,156,8,4,4,34,13,21,29,18,11,35,11,24,56,47,9,57,6,51,17,4,13,42,42,0,43,20,23
S01012582,494,251,243,63,41,22,85,32,53,71,39,32,51,5,46,82,76,6,51,9,42,31,9,22,27,25,2,33,15,18
S01012583,348,183,165,22,10,12,45,13,32,36,19,17,32,7,25,55,54,1,41,8,33,38,9,29,48,44,4,31,19,12
S01012584,368,177,191,27,10,17,63,23,40,44,28,16,35,2,33,59,51,8,29,3,26,35,8,27,41,36,5,35,16,19
S01012585,390,221,169,28,18,10,36,19,17,41,20,21,31,8,23,70,63,7,55,9,46,21,2,19,56,48,8,52,34,18
S01012586,458,249,209,48,26,22,88,45,43,60,36,24,39,5,34,73,64,9,43,9,34,29,12,17,39,35,4,39,17,22
S01012587,461,245,216,60,40,20,82,36,46,50,25,25,48,4,44,88,78,10,32,1,31,28,7,21,43,36,7,30,18,12
S01012588,338,179,159,41,23,18,60,24,36,38,19,19,28,5,23,61,54,7,36,6,30,15,1,14,33,32,1,26,15,11
S01012589,337,171,166,18,10,8,26,10,16,31,20,11,43,6,37,58,54,4,30,4,26,41,5,36,41,36,5,49,26,23
S01012590,342,194,148,23,15,8,36,20,16,32,16,16,30,5,25,42,38,4,35,3,32,33,8,25,54,51,3,57,38,19
S01012591,273,150,123,15,8,7,17,9,8,31,13,18,25,4,21,42,36,6,31,11,20,33,4,29,45,41,4,34,24,10
S01012592,298,165,133,48,37,11,67,27,40,42,25,17,32,4,28,40,37,3,20,4,16,24,11,13,12,12,0,13,8,5
S01012593,471,245,226,38,30,8,108,39,69,76,42,34,62,9,53,56,53,3,36,8,28,28,11,17,38,35,3,29,18,11
S01012594,212,105,107,14,9,5,36,9,27,32,18,14,28,6,22,33,31,2,18,1,17,12,3,9,20,18,2,19,10,9
S01012595,297,154,143,18,13,5,42,16,26,33,20,13,37,8,29,34,31,3,34,5,29,34,10,24,31,31,0,34,20,14
S01012596,336,171,165,24,16,8,32,9,23,33,21,12,42,8,34,45,41,4,44,5,39,27,8,19,42,38,4,47,25,22
S01012597,250,126,124,22,12,10,48,16,32,44,23,21,25,3,22,35,35,0,25,4,21,17,5,12,21,20,1,13,8,5
S01012598,388,202,186,33,22,11,109,43,66,66,41,25,42,13,29,35,33,2,31,7,24,31,13,18,21,19,2,20,11,9
S01012599,317,173,144,31,22,9,68,33,35,55,29,26,37,6,31,35,33,2,23,5,18,26,13,13,23,21,2,19,11,8
S01012600,398,206,192,33,23,10,86,35,51,65,38,27,67,17,50,42,41,1,30,3,27,32,11,21,25,25,0,18,13,5
S01012601,520,269,251,46,31,15,112,48,64,85,52,33,68,16,52,45,39,6,52,8,44,45,23,22,37,35,2,30,17,13
S01012602,244,125,119,23,12,11,41,15,26,28,20,8,25,3,22,38,33,5,21,3,18,22,4,18,24,21,3,22,14,8
S01012603,300,153,147,22,13,9,38,17,21,31,20,11,37,4,33,32,30,2,44,9,35,21,4,17,38,37,1,37,19,18
S01012604,296,154,142,25,14,11,40,16,24,27,14,13,32,7,25,29,26,3,32,6,26,31,9,22,41,40,1,39,22,17
S01012605,211,99,112,11,6,5,33,5,28,23,16,7,23,3,20,24,22,2,27,5,22,19,8,11,22,18,4,29,16,13
S01012606,485,253,232,56,40,16,140,56,84,93,53,40,51,9,42,47,45,2,30,4,26,31,14,17,20,20,0,17,12,5
S01012607,386,206,180,34,24,10,67,28,39,52,28,24,34,7,27,61,54,7,39,8,31,40,13,27,37,31,6,22,13,9
S01012608,390,192,198,20,12,8,45,11,34,49,29,20,45,8,37,57,51,6,37,5,32,36,10,26,45,40,5,56,26,30
S01012609,360,175,185,12,6,6,34,14,20,22,14,8,39,2,37,53,47,6,55,12,43,36,11,25,46,41,5,63,28,35
S01012610,385,192,193,25,11,14,45,14,31,36,19,17,33,7,26,51,46,5,53,10,43,42,15,27,47,40,7,53,30,23
S01012611,405,211,194,23,15,8,81,32,49,59,34,25,41,10,31,44,43,1,51,8,43,38,13,25,35,34,1,33,22,11
S01012612,296,163,133,21,15,6,32,14,18,36,21,15,39,7,32,36,32,4,34,7,27,33,18,15,32,30,2,33,19,14
S01012613,322,168,154,24,16,8,44,15,29,27,18,9,34,4,30,50,45,5,42,11,31,26,8,18,32,29,3,43,22,21
S01012614,494,248,246,35,20,15,88,35,53,69,45,24,66,18,48,45,43,2,59,10,49,49,20,29,42,37,5,41,20,21
S01012615,333,178,155,56,39,17,71,35,36,51,30,21,35,4,31,42,37,5,23,5,18,20,7,13,16,15,1,19,6,13
S01012616,452,243,209,54,37,17,90,40,50,61,38,23,40,2,38,62,60,2,41,8,33,41,15,26,25,23,2,38,20,18
S01012617,227,116,111,31,19,12,52,15,37,21,11,10,34,6,28,34,33,1,10,2,8,18,7,11,14,13,1,13,10,3
S01012618,292,158,134,27,19,8,58,23,35,29,13,16,27,6,21,51,46,5,25,2,23,26,7,19,27,25,2,22,17,5
S01012619,225,110,115,22,12,10,31,12,19,26,14,12,27,3,24,26,22,4,22,3,19,23,8,15,11,11,0,37,25,12
S01012620,369,191,178,38,32,6,111,50,61,49,23,26,43,17,26,35,32,3,34,11,23,25,4,21,14,13,1,20,9,11
S01012621,257,126,131,31,15,16,60,27,33,33,19,14,30,6,24,25,22,3,19,0,19,23,10,13,20,19,1,16,8,8
S01012622,345,176,169,20,12,8,57,29,28,41,27,14,45,9,36,53,48,5,38,2,36,29,7,22,34,31,3,28,11,17
S01012623,301,155,146,15,11,4,35,16,19,25,18,7,30,5,25,46,43,3,62,12,50,24,8,16,21,20,1,43,22,21
S01012624,331,170,161,23,11,12,30,10,20,46,24,22,34,6,28,61,59,2,39,10,29,35,6,29,27,27,0,36,17,19
S01012625,259,116,143,13,4,9,36,13,23,24,11,13,30,4,26,42,38,4,28,4,24,35,11,24,28,24,4,23,7,16
S01012626,249,126,123,11,8,3,50,22,28,37,24,13,29,4,25,41,39,2,24,6,18,24,4,20,7,5,2,26,14,12
S01012627,238,120,118,24,14,10,42,19,23,26,13,13,21,4,17,28,26,2,29,7,22,26,11,15,16,15,1,26,11,15
S01012628,480,255,225,68,40,28,132,62,70,83,55,28,42,7,35,49,45,4,37,8,29,28,6,22,18,18,0,23,14,9
S01012629,250,124,126,37,26,11,77,30,47,42,26,16,27,4,23,16,15,1,16,5,11,10,3,7,10,8,2,15,7,8
S01012630,354,200,154,39,23,16,60,28,32,43,27,16,34,10,24,39,37,2,36,8,28,33,15,18,29,28,1,41,24,17
S01012631,426,207,219,31,19,12,67,22,45,45,28,17,39,13,26,59,47,12,52,6,46,42,11,31,34,30,4,57,31,26
S01012632,375,208,167,45,29,16,64,24,40,46,27,19,39,9,30,66,58,8,46,12,34,14,4,10,29,28,1,26,17,9
S01012633,336,177,159,48,32,16,67,26,41,36,21,15,33,9,24,50,45,5,37,7,30,23,8,15,15,13,2,27,16,11
S01012634,299,148,151,26,18,8,33,12,21,24,16,8,35,5,30,58,50,8,37,5,32,34,7,27,26,23,3,26,12,14
S01012635,537,282,255,70,48,22,106,48,58,83,50,33,46,4,42,62,54,8,63,8,55,30,12,18,33,31,2,44,27,17
S01012636,346,178,168,40,31,9,68,26,42,41,29,12,36,3,33,61,51,10,30,2,28,23,4,19,25,22,3,22,10,12
S01012637,339,176,163,12,6,6,23,11,12,23,9,14,32,3,29,53,41,12,48,10,38,28,7,21,71,67,4,49,22,27
S01012638,373,189,184,24,14,10,46,18,28,43,20,23,48,8,40,43,38,5,34,6,28,26,6,20,67,59,8,42,20,22
S01012639,385,205,180,16,13,3,25,11,14,39,25,14,32,4,28,65,63,2,71,12,59,35,9,26,49,44,5,53,24,29
S01012640,331,178,153,22,14,8,19,8,11,17,10,7,27,5,22,64,56,8,52,3,49,29,7,22,45,42,3,56,33,23
S01012641,398,204,194,27,16,11,52,16,36,28,17,11,28,2,26,64,58,6,63,8,55,38,11,27,46,43,3,52,33,19
S01012642,294,141,153,6,3,3,16,4,12,15,9,6,24,5,19,45,40,5,69,7,62,26,10,16,42,33,9,51,30,21
S01012643,203,103,100,9,5,4,15,5,10,8,2,6,21,3,18,27,24,3,32,8,24,22,9,13,37,34,3,32,13,19
S01012644,291,139,152,13,9,4,37,16,21,26,10,16,23,5,18,45,35,10,50,14,36,32,5,27,35,29,6,30,16,14
S01012645,380,205,175,43,24,19,55,22,33,54,37,17,39,7,32,62,58,4,37,5,32,22,2,20,42,37,5,26,13,13
S01012646,497,260,237,41,27,14,83,29,54,69,43,26,56,6,50,74,71,3,44,4,40,42,15,27,44,43,1,44,22,22
S01012647,422,226,196,42,28,14,83,33,50,75,43,32,52,10,42,55,48,7,27,9,18,36,11,25,30,28,2,22,16,6
S01012648,231,116,115,19,7,12,12,6,6,21,14,7,19,2,17,38,34,4,39,6,33,32,8,24,22,21,1,29,18,11
S01012649,306,156,150,29,20,9,43,21,22,30,19,11,33,7,26,35,34,1,38,3,35,35,10,25,30,26,4,33,16,17
S01012650,303,165,138,35,23,12,56,27,29,38,21,17,34,8,26,44,40,4,24,2,22,27,8,19,19,18,1,26,18,8
S01012651,262,112,150,5,0,5,19,4,15,21,8,13,27,3,24,46,41,5,37,2,35,30,1,29,37,33,4,40,20,20
S01012652,577,313,264,56,34,22,94,39,55,100,59,41,72,11,61,77,72,5,48,9,39,54,28,26,45,43,2,31,18,13
S01012653,407,209,198,33,17,16,48,15,33,35,23,12,42,10,32,75,68,7,40,4,36,44,13,31,43,39,4,47,20,27
S01012654,404,205,199,46,34,12,67,23,44,53,36,17,65,8,57,58,50,8,26,4,22,43,17,26,25,22,3,21,11,10
S01012655,493,257,236,54,38,16,47,16,31,47,27,20,64,12,52,69,62,7,56,8,48,47,15,32,51,38,13,58,41,17
S01012656,346,164,182,16,6,10,31,14,17,32,17,15,46,9,37,53,46,7,40,9,31,44,5,39,45,37,8,39,21,18
S01012657,235,119,116,9,7,2,22,11,11,25,14,11,44,11,33,31,29,2,25,5,20,25,4,21,26,23,3,28,15,13
S01012658,485,245,240,41,28,13,76,36,40,65,37,28,70,11,59,75,73,2,49,5,44,51,16,35,24,18,6,34,21,13
S01012659,590,290,300,62,41,21,129,48,81,101,66,35,73,12,61,59,52,7,49,7,42,55,17,38,38,34,4,24,13,11
S01012660,329,162,167,23,14,9,53,21,32,39,18,21,35,6,29,48,44,4,29,2,27,30,12,18,33,28,5,39,17,22
S01012661,407,208,199,42,25,17,54,24,30,53,32,21,54,8,46,73,66,7,40,5,35,39,12,27,23,17,6,29,19,10
S01012662,312,152,160,21,17,4,25,12,13,33,15,18,40,5,35,44,39,5,42,7,35,31,7,24,36,30,6,40,20,20
S01012663,335,163,172,28,14,14,38,16,22,52,28,24,40,3,37,47,42,5,36,7,29,34,7,27,31,27,4,29,19,10
S01012664,474,252,222,32,21,11,56,20,36,49,27,22,54,7,47,79,74,5,50,7,43,55,17,38,62,54,8,37,25,12
S01012665,262,133,129,18,7,11,11,6,5,24,11,13,24,5,19,39,37,2,40,5,35,29,10,19,38,29,9,39,23,16
S01012666,253,118,135,17,12,5,16,4,12,15,5,10,33,6,27,34,31,3,31,2,29,23,6,17,33,27,6,51,25,26
S01012667,222,107,115,10,5,5,14,5,9,21,14,7,29,6,23,46,40,6,31,2,29,21,3,18,24,18,6,26,14,12
S01012668,315,155,160,23,14,9,21,8,13,27,14,13,50,7,43,47,42,5,35,4,31,30,9,21,49,41,8,33,16,17
S01012669,364,181,183,34,25,9,46,14,32,49,29,20,70,17,53,41,40,1,37,9,28,35,8,27,29,25,4,23,14,9
S01012670,342,171,171,18,13,5,58,23,35,43,28,15,50,13,37,44,42,2,39,6,33,37,10,27,26,23,3,27,13,14
S01012671,438,224,214,30,19,11,25,11,14,38,20,18,49,8,41,66,62,4,59,10,49,48,11,37,61,50,11,62,33,29
S01012672,247,128,119,8,7,1,17,5,12,15,5,10,28,7,21,47,40,7,27,3,24,32,8,24,42,34,8,31,19,12
S01012673,248,115,133,8,3,5,9,5,4,15,7,8,27,1,26,42,39,3,35,6,29,23,4,19,35,26,9,54,24,30
S01012674,190,91,99,10,5,5,9,2,7,17,9,8,17,5,12,24,22,2,26,2,24,23,5,18,23,20,3,41,21,20
S01012675,330,172,158,17,9,8,27,13,14,21,10,11,38,10,28,53,48,5,44,5,39,33,12,21,45,37,8,52,28,24
S01012676,395,202,193,18,9,9,33,14,19,36,22,14,46,11,35,54,48,6,62,12,50,44,11,33,53,49,4,49,26,23
S01012677,243,120,123,12,8,4,14,2,12,27,17,10,19,5,14,47,44,3,36,3,33,27,4,23,23,21,2,38,16,22
S01012678,416,193,223,33,18,15,69,21,48,54,29,25,53,5,48,64,63,1,43,6,37,36,8,28,32,27,5,32,16,16
S01012679,370,196,174,35,21,14,56,21,35,37,22,15,35,1,34,47,46,1,37,8,29,33,9,24,45,39,6,45,29,16
S01012680,309,159,150,28,21,7,62,23,39,48,27,21,33,7,26,38,35,3,32,4,28,28,11,17,26,23,3,14,8,6
S01012681,329,160,169,29,15,14,43,12,31,44,21,23,46,12,34,61,52,9,33,4,29,21,8,13,24,21,3,28,15,13
S01012682,337,167,170,34,22,12,58,29,29,48,26,22,48,5,43,49,43,6,32,4,28,29,10,19,19,16,3,20,12,8
S01012683,356,182,174,23,15,8,45,19,26,43,20,23,39,7,32,47,44,3,42,5,37,43,11,32,36,34,2,38,27,11
S01012684,270,134,136,31,23,8,60,21,39,38,22,16,36,8,28,32,30,2,25,4,21,17,7,10,14,13,1,17,6,11
S01012685,371,187,184,32,24,8,42,15,27,39,23,16,43,5,38,66,60,6,51,4,47,28,9,19,29,27,2,41,20,21
S01012686,497,275,222,56,35,21,133,58,75,69,52,17,62,9,53,63,58,5,31,8,23,38,21,17,19,17,2,26,17,9
S01012687,211,104,107,35,24,11,54,24,30,38,24,14,31,3,28,12,12,0,15,2,13,5,2,3,6,4,2,15,9,6
S01012688,374,201,173,35,26,9,94,45,49,60,31,29,47,8,39,38,36,2,29,7,22,31,17,14,23,21,2,17,10,7
S01012689,233,119,114,38,26,12,63,25,38,29,19,10,17,2,15,31,27,4,20,3,17,13,5,8,10,8,2,12,4,8
S01012690,261,141,120,13,9,4,66,25,41,31,25,6,34,7,27,32,30,2,28,8,20,21,8,13,15,15,0,21,14,7
S01012691,360,184,176,51,41,10,121,54,67,67,34,33,34,7,27,20,20,0,13,1,12,25,8,17,11,11,0,18,8,10
S01012692,339,167,172,29,18,11,72,29,43,46,31,15,42,8,34,48,41,7,39,8,31,23,10,13,14,14,0,26,8,18
S01012693,473,246,227,82,60,22,132,61,71,74,45,29,56,14,42,33,31,2,35,4,31,29,13,16,10,10,0,22,8,14
S01012694,228,112,116,18,10,8,43,17,26,34,24,10,31,9,22,22,21,1,23,3,20,25,10,15,11,8,3,21,10,11
S01012695,412,228,184,57,34,23,66,35,31,37,21,16,43,7,36,71,63,8,39,6,33,28,11,17,36,34,2,35,17,18
S01012696,415,231,184,52,36,16,74,38,36,54,26,28,49,12,37,80,70,10,25,5,20,26,8,18,22,19,3,33,17,16
S01012697,265,141,124,26,17,9,65,29,36,27,14,13,22,4,18,54,41,13,19,4,15,13,5,8,17,14,3,22,13,9
S01012698,397,206,191,45,26,19,79,42,37,50,28,22,43,5,38,64,56,8,36,4,32,29,8,21,22,21,1,29,16,13
S01012699,548,274,274,63,41,22,105,47,58,67,31,36,66,11,55,103,92,11,47,4,43,42,12,30,22,20,2,33,16,17
S01012700,403,207,196,55,35,20,72,33,39,49,23,26,41,6,35,62,56,6,37,6,31,39,13,26,29,22,7,19,13,6
S01012701,264,139,125,25,16,9,55,27,28,37,21,16,40,5,35,34,33,1,14,4,10,26,11,15,12,10,2,21,12,9
S01012702,315,159,156,50,34,16,79,30,49,36,20,16,31,11,20,36,34,2,29,5,24,27,7,20,14,12,2,13,6,7
S01012703,361,178,183,32,24,8,49,28,21,67,41,26,52,5,47,38,37,1,29,3,26,45,13,32,17,12,5,32,15,17
S01012704,338,166,172,19,13,6,21,5,16,18,10,8,46,17,29,47,45,2,46,6,40,34,5,29,49,40,9,58,25,33
S01012705,458,224,234,56,40,16,90,38,52,77,48,29,70,8,62,54,51,3,29,2,27,46,13,33,17,17,0,19,7,12
S01012706,308,166,142,14,6,8,26,9,17,22,16,6,27,5,22,50,47,3,30,4,26,36,11,25,39,31,8,64,37,27
S01012707,514,259,255,42,27,15,138,67,71,70,45,25,77,11,66,45,42,3,35,1,34,54,23,31,26,24,2,27,19,8
S01012708,299,148,151,18,7,11,28,14,14,30,17,13,34,8,26,39,37,2,26,5,21,43,10,33,35,31,4,46,19,27
S01012709,217,98,119,8,4,4,39,12,27,26,16,10,33,9,24,23,22,1,12,2,10,26,5,21,21,18,3,29,10,19
S01012710,336,175,161,31,23,8,41,18,23,40,23,17,38,13,25,45,41,4,29,4,25,46,14,32,24,20,4,42,19,23
S01012711,332,158,174,20,11,9,42,17,25,37,20,17,38,6,32,43,39,4,36,8,28,29,9,20,32,22,10,55,26,29
S01012712,367,191,176,26,22,4,107,42,65,58,40,18,50,14,36,43,42,1,26,0,26,32,12,20,12,11,1,13,8,5
S01012713,327,167,160,38,24,14,71,30,41,49,20,29,43,14,29,33,31,2,18,4,14,26,6,20,17,15,2,32,23,9
S01012714,267,138,129,30,23,7,60,28,32,41,25,16,42,8,34,25,25,0,23,1,22,20,9,11,14,12,2,12,7,5
S01012715,333,171,162,22,14,8,68,27,41,42,24,18,43,13,30,48,41,7,30,9,21,27,13,14,24,17,7,29,13,16
S01012716,371,198,173,56,38,18,121,62,59,47,28,19,44,9,35,23,22,1,17,3,14,25,9,16,18,14,4,20,13,7
S01012717,433,221,212,42,26,16,82,40,42,54,30,24,70,20,50,45,41,4,31,4,27,40,18,22,34,21,13,35,21,14
S01012718,469,255,214,75,50,25,108,55,53,77,39,38,66,17,49,40,36,4,25,10,15,28,10,18,30,23,7,20,15,5
S01012719,407,224,183,42,26,16,82,41,41,62,39,23,62,19,43,52,47,5,16,0,16,45,17,28,17,15,2,29,20,9
S01012720,318,170,148,28,18,10,72,35,37,46,30,16,40,10,30,28,27,1,28,5,23,32,15,17,21,14,7,23,16,7
S01012721,306,160,146,19,11,8,38,17,21,36,24,12,55,10,45,34,34,0,28,3,25,33,11,22,33,27,6,30,23,7
S01012722,275,136,139,13,6,7,27,11,16,22,11,11,35,9,26,44,40,4,43,9,34,29,7,22,28,22,6,34,21,13
S01012723,290,138,152,19,9,10,21,12,9,28,14,14,38,7,31,33,31,2,22,5,17,38,8,30,38,27,11,53,25,28
S01012724,359,192,167,24,14,10,71,38,33,48,29,19,41,10,31,45,39,6,29,5,24,35,9,26,31,27,4,35,21,14
S01012725,473,256,217,46,30,16,96,49,47,66,44,22,66,17,49,46,42,4,39,9,30,42,18,24,29,25,4,43,22,21
S01012726,249,126,123,16,10,6,24,10,14,20,14,6,37,8,29,31,27,4,23,3,20,33,10,23,36,31,5,29,13,16
S01012727,272,135,137,20,9,11,23,8,15,21,12,9,24,7,17,49,42,7,27,6,21,42,9,33,29,23,6,37,19,18
S01012728,285,140,145,13,6,7,12,5,7,24,12,12,32,9,23,36,32,4,44,8,36,28,13,15,40,31,9,56,24,32
S01012729,433,208,225,31,17,14,72,29,43,53,24,29,54,8,46,62,57,5,36,9,27,55,13,42,42,36,6,28,15,13
S01012730,256,122,134,10,4,6,16,4,12,19,14,5,37,4,33,30,27,3,30,1,29,32,15,17,38,32,6,44,21,23
S01012731,348,181,167,11,6,5,31,14,17,34,20,14,42,11,31,43,39,4,42,5,37,41,15,26,46,36,10,58,35,23
S01012732,310,148,162,16,7,9,28,14,14,25,11,14,28,5,23,42,41,1,43,7,36,42,10,32,43,35,8,43,18,25
S01012733,631,322,309,99,65,34,138,57,81,109,59,50,77,18,59,62,59,3,37,7,30,56,16,40,33,28,5,20,13,7
S01012734,343,169,174,54,28,26,90,39,51,68,39,29,43,7,36,36,36,0,10,0,10,24,5,19,15,12,3,3,3,0
S01012735,208,112,96,12,8,4,20,10,10,18,8,10,32,10,22,35,31,4,18,6,12,21,5,16,27,22,5,25,12,13
S01012736,485,253,232,31,17,14,62,23,39,63,44,19,65,13,52,55,51,4,58,15,43,55,17,38,49,41,8,47,32,15
S01012737,449,233,216,33,15,18,72,30,42,67,42,25,68,15,53,46,42,4,47,8,39,45,18,27,28,28,0,43,35,8
S01012738,296,138,158,19,12,7,23,6,17,34,13,21,35,9,26,34,28,6,24,1,23,37,15,22,47,34,13,43,20,23
S01012739,501,266,235,77,53,24,119,58,61,93,59,34,70,12,58,45,38,7,26,6,20,35,11,24,19,18,1,17,11,6
S01012740,501,253,248,75,50,25,96,38,58,92,44,48,55,12,43,50,44,6,30,4,26,46,15,31,34,31,3,23,15,8
S01012741,370,188,182,47,30,17,65,26,39,62,36,26,68,13,55,43,41,2,22,2,20,27,17,10,20,16,4,16,7,9
S01012742,387,204,183,35,30,5,85,35,50,57,37,20,77,14,63,38,36,2,30,4,26,36,24,12,20,19,1,9,5,4
S01012743,321,160,161,28,21,7,56,23,33,46,25,21,57,12,45,39,37,2,21,3,18,38,10,28,19,19,0,17,10,7
S01012744,428,218,210,30,20,10,78,36,42,78,45,33,79,11,68,53,51,2,23,5,18,38,14,24,27,24,3,22,12,10
S01012745,356,175,181,33,22,11,66,24,42,62,34,28,48,8,40,34,30,4,24,3,21,35,8,27,26,24,2,28,22,6
S01012746,450,238,212,51,31,20,57,26,31,74,46,28,64,13,51,49,45,4,32,4,28,40,9,31,48,41,7,35,23,12
S01012747,379,188,191,22,11,11,47,22,25,48,28,20,48,11,37,29,28,1,40,8,32,41,13,28,50,43,7,54,24,30
S01012748,313,153,160,13,5,8,10,4,6,30,13,17,35,5,30,35,27,8,27,7,20,39,13,26,53,40,13,71,39,32
S01012749,345,175,170,13,4,9,21,7,14,34,21,13,29,9,20,57,52,5,38,3,35,40,10,30,56,44,12,57,25,32
S01012750,338,166,172,17,7,10,10,4,6,24,18,6,30,7,23,43,38,5,38,10,28,53,10,43,52,36,16,71,36,35
S01012751,332,171,161,17,10,7,23,11,12,31,12,19,43,9,34,51,49,2,34,9,25,48,14,34,45,40,5,40,17,23
S01012752,404,205,199,36,19,17,46,20,26,57,39,18,47,8,39,47,44,3,45,8,37,47,11,36,40,34,6,39,22,17
S01012753,196,86,110,16,7,9,14,4,10,11,7,4,26,7,19,22,22,0,24,4,20,22,6,16,18,12,6,43,17,26
S01012754,243,127,116,16,9,7,24,7,17,25,16,9,27,6,21,32,28,4,16,1,15,30,9,21,44,38,6,29,13,16
S01012755,172,68,104,13,8,5,14,5,9,18,13,5,22,2,20,15,11,4,20,2,18,32,10,22,17,10,7,21,7,14
S01012756,202,106,96,10,6,4,20,9,11,22,15,7,35,4,31,27,23,4,19,4,15,22,9,13,26,22,4,21,14,7
S01012757,210,104,106,9,3,6,17,8,9,16,8,8,24,7,17,30,30,0,24,2,22,23,6,17,30,23,7,37,17,20
S01012758,265,125,140,23,13,10,34,15,19,27,15,12,39,7,32,26,24,2,39,11,28,23,7,16,30,26,4,24,7,17
S01012759,302,139,163,15,7,8,13,5,8,35,16,19,36,6,30,38,34,4,35,2,33,34,6,28,46,38,8,50,25,25
S01012760,364,177,187,19,15,4,30,7,23,40,23,17,46,5,41,44,38,6,41,4,37,52,15,37,43,38,5,49,32,17
S01012761,375,189,186,21,15,6,44,13,31,40,21,19,62,19,43,58,54,4,36,8,28,38,7,31,37,31,6,39,21,18
S01012762,353,177,176,20,13,7,35,11,24,27,12,15,64,10,54,50,49,1,37,9,28,45,17,28,41,33,8,34,23,11
S01012763,194,93,101,8,7,1,16,6,10,12,9,3,27,5,22,27,25,2,21,3,18,27,3,24,29,20,9,27,15,12
S01012764,330,169,161,16,9,7,35,14,21,35,17,18,45,9,36,48,45,3,37,4,33,38,14,24,37,31,6,39,26,13
S01012765,345,167,178,29,21,8,34,15,19,43,25,18,44,11,33,40,38,2,47,3,44,37,10,27,33,32,1,38,12,26
S01012766,430,213,217,24,9,15,45,20,25,50,28,22,48,5,43,66,63,3,43,6,37,56,17,39,42,36,6,56,29,27
S01012767,309,163,146,18,8,10,30,11,19,44,21,23,49,16,33,50,48,2,33,6,27,37,11,26,29,28,1,19,14,5
S01012768,415,209,206,21,14,7,56,23,33,56,30,26,70,16,54,60,57,3,36,3,33,58,19,39,35,33,2,23,14,9
S01012769,245,131,114,36,26,10,41,18,23,32,16,16,38,4,34,35,35,0,19,5,14,21,10,11,12,10,2,11,7,4
S01012770,393,196,197,16,10,6,46,20,26,45,28,17,65,12,53,46,44,2,43,8,35,48,13,35,41,33,8,43,28,15
S01012771,335,163,172,24,17,7,59,20,39,36,20,16,43,6,37,25,23,2,33,6,27,42,13,29,36,34,2,37,24,13
S01012772,293,144,149,16,12,4,13,3,10,14,6,8,28,8,20,33,32,1,46,5,41,46,11,35,43,39,4,54,28,26
S01012773,394,219,175,29,16,13,41,16,25,44,28,16,48,10,38,64,59,5,42,10,32,43,16,27,41,38,3,42,26,16
S01012774,459,229,230,34,20,14,48,17,31,52,25,27,54,9,45,60,55,5,58,14,44,53,17,36,59,50,9,41,22,19
S01012775,201,110,91,14,10,4,23,11,12,26,11,15,20,4,16,31,29,2,18,2,16,23,5,18,21,18,3,25,20,5
S01012776,348,180,168,14,10,4,21,11,10,28,14,14,44,10,34,49,45,4,38,7,31,49,16,33,47,38,9,58,29,29
S01012777,536,255,281,58,40,18,70,25,45,70,35,35,69,17,52,58,55,3,56,9,47,73,19,54,51,40,11,31,15,16
S01012778,335,152,183,23,14,9,40,12,28,53,27,26,53,10,43,30,27,3,40,4,36,25,6,19,35,32,3,36,20,16
S01012779,209,101,108,18,11,7,19,6,13,14,9,5,29,8,21,21,20,1,20,2,18,29,10,19,29,26,3,30,9,21
S01012780,286,132,154,14,10,4,25,9,16,23,9,14,36,10,26,27,24,3,33,6,27,42,7,35,36,27,9,50,30,20
S01012781,337,177,160,19,13,6,47,16,31,59,32,27,51,12,39,46,42,4,24,5,19,38,17,21,30,27,3,23,13,10
S01012782,247,120,127,8,2,6,5,3,2,16,11,5,30,8,22,35,34,1,29,3,26,40,14,26,35,25,10,49,20,29
S01012783,290,133,157,10,5,5,16,3,13,21,7,14,37,8,29,40,33,7,30,3,27,43,16,27,42,32,10,51,26,25
S01012784,361,184,177,17,12,5,26,10,16,46,22,24,50,15,35,43,40,3,48,14,34,37,11,26,45,31,14,49,29,20
S01012785,280,136,144,16,7,9,15,5,10,21,13,8,37,8,29,35,30,5,31,7,24,26,6,20,47,33,14,52,27,25
S01012786,257,128,129,8,3,5,13,6,7,28,16,12,28,9,19,32,29,3,25,5,20,28,11,17,44,21,23,51,28,23
S01012787,317,151,166,28,18,10,61,24,37,44,25,19,37,9,28,32,26,6,24,3,21,39,12,27,29,19,10,23,15,8
S01012788,247,134,113,11,3,8,18,8,10,23,12,11,22,5,17,34,34,0,25,4,21,24,6,18,42,36,6,48,26,22
S01012789,354,183,171,24,18,6,54,23,31,53,27,26,58,12,46,44,43,1,26,6,20,42,12,30,29,27,2,24,15,9
S01012790,356,174,182,29,19,10,105,47,58,66,35,31,49,10,39,18,18,0,18,3,15,36,11,25,22,22,0,13,9,4
S01012791,317,163,154,32,26,6,83,38,45,44,25,19,44,10,34,31,28,3,20,1,19,31,12,19,14,13,1,18,10,8
S01012792,424,200,224,27,14,13,63,30,33,68,35,33,63,9,54,47,44,3,56,13,43,31,12,19,29,21,8,40,22,18
S01012793,287,154,133,22,12,10,28,17,11,28,15,13,27,5,22,26,24,2,27,7,20,38,19,19,41,30,11,50,25,25
S01012794,337,187,150,56,38,18,74,34,40,65,40,25,41,11,30,27,25,2,18,5,13,17,6,11,15,14,1,24,14,10
S01012795,418,207,211,30,16,14,25,8,17,24,18,6,34,10,24,51,47,4,62,11,51,60,16,44,63,45,18,69,36,33
S01012796,402,211,191,33,20,13,45,17,28,44,25,19,54,11,43,51,46,5,35,5,30,39,16,23,47,37,10,54,34,20
S01012797,334,155,179,25,17,8,30,14,16,45,20,25,27,7,20,37,33,4,34,4,30,44,12,32,38,28,10,54,20,34
S01012798,340,179,161,88,52,36,79,41,38,45,21,24,36,8,28,17,16,1,14,2,12,26,11,15,19,17,2,16,11,5
S01012799,373,206,167,80,55,25,113,59,54,60,35,25,40,11,29,21,19,2,10,2,8,28,8,20,8,7,1,13,10,3
S01012800,449,236,213,93,65,28,127,64,63,69,32,37,42,12,30,29,27,2,19,4,15,36,13,23,14,12,2,20,7,13
S01012801,185,93,92,42,28,14,55,26,29,33,19,14,16,0,16,6,6,0,2,0,2,15,4,11,9,7,2,7,3,4
S01012802,314,165,149,80,56,24,90,40,50,32,17,15,35,8,27,20,19,1,14,3,11,17,7,10,9,8,1,17,7,10
S01012803,366,187,179,35,22,13,89,39,50,56,33,23,47,8,39,37,35,2,25,3,22,43,21,22,17,16,1,17,10,7
S01012804,354,173,181,18,11,7,54,19,35,43,18,25,39,9,30,48,45,3,36,9,27,40,12,28,32,28,4,44,22,22
S01012805,426,203,223,25,12,13,49,18,31,55,27,28,51,12,39,48,47,1,40,6,34,64,20,44,39,31,8,55,30,25
S01012806,349,188,161,32,21,11,77,32,45,48,28,20,38,12,26,36,30,6,26,6,20,38,16,22,26,23,3,28,20,8
S01012807,319,167,152,79,54,25,89,39,50,41,21,20,33,9,24,17,17,0,16,2,14,28,13,15,9,8,1,7,4,3
S01012808,506,258,248,75,49,26,133,54,79,74,42,32,50,12,38,49,46,3,19,2,17,47,14,33,28,22,6,31,17,14
S01012809,322,171,151,38,26,12,84,35,49,50,30,20,32,10,22,29,26,3,23,6,17,32,13,19,12,10,2,22,15,7
S01012810,374,181,193,33,16,17,46,21,25,41,22,19,37,5,32,39,36,3,33,3,30,45,10,35,54,44,10,46,24,22
S01012811,354,190,164,34,19,15,71,33,38,52,30,22,40,10,30,34,31,3,23,4,19,37,18,19,27,21,6,36,24,12
S01012812,382,186,196,30,21,9,67,22,45,57,29,28,46,9,37,39,39,0,37,10,27,34,9,25,45,33,12,27,14,13
S01012813,437,228,209,69,50,19,127,65,62,56,28,28,62,18,44,25,24,1,20,2,18,41,14,27,20,18,2,17,9,8
S01012814,487,254,233,42,28,14,78,43,35,86,40,46,74,14,60,57,53,4,42,10,32,43,16,27,40,36,4,25,14,11
S01012815,515,258,257,56,40,16,100,42,58,89,46,43,69,8,61,57,54,3,39,10,29,42,13,29,35,31,4,28,14,14
S01012816,315,162,153,31,19,12,50,18,32,59,36,23,37,8,29,41,38,3,27,2,25,36,11,25,18,18,0,16,12,4
S01012817,324,166,158,20,9,11,70,31,39,64,46,18,48,8,40,30,30,0,27,4,23,33,11,22,18,17,1,14,10,4
S01012818,446,225,221,47,34,13,81,31,50,79,46,33,61,10,51,51,49,2,35,6,29,38,10,28,27,25,2,27,14,13
S01012819,274,135,139,16,9,7,22,10,12,28,11,17,38,12,26,35,35,0,34,5,29,35,9,26,25,23,2,41,21,20
S01012820,620,311,309,60,34,26,93,42,51,105,55,50,79,14,65,60,55,5,63,11,52,61,23,38,54,49,5,45,28,17
S01012821,423,225,198,39,26,13,78,33,45,61,39,22,50,11,39,46,45,1,38,5,33,47,18,29,42,32,10,22,16,6
S01012822,169,73,96,5,1,4,15,11,4,13,1,12,23,7,16,13,10,3,20,3,17,24,5,19,28,25,3,28,10,18
S01012823,493,255,238,34,21,13,62,24,38,66,34,32,77,13,64,60,58,2,48,12,36,56,19,37,46,41,5,44,33,11
S01012824,346,160,186,25,14,11,45,13,32,42,23,19,56,11,45,47,39,8,27,5,22,34,8,26,36,32,4,34,15,19
S01012825,212,116,96,10,6,4,19,8,11,34,17,17,25,7,18,35,31,4,22,4,18,20,6,14,19,19,0,28,18,10
S01012826,222,90,132,11,8,3,16,9,7,18,7,11,24,6,18,23,19,4,26,7,19,30,2,28,28,21,7,46,11,35
S01012827,384,205,179,49,40,9,45,21,24,69,36,33,47,7,40,51,45,6,32,5,27,38,11,27,26,24,2,27,16,11
S01012828,388,202,186,27,19,8,55,23,32,82,46,36,66,12,54,50,45,5,31,5,26,28,10,18,28,26,2,21,16,5
S01012829,336,161,175,13,7,6,17,9,8,31,13,18,33,5,28,48,44,4,41,6,35,44,8,36,46,39,7,63,30,33
S01012830,301,153,148,21,10,11,29,10,19,44,23,21,42,9,33,47,45,2,20,2,18,37,12,25,35,27,8,26,15,11
S01012831,234,128,106,20,13,7,17,11,6,29,14,15,31,3,28,28,28,0,27,7,20,22,7,15,24,21,3,36,24,12
S01012832,259,119,140,21,11,10,31,17,14,28,13,15,35,6,29,22,20,2,29,5,24,24,8,16,29,24,5,40,15,25
S01012833,260,109,151,6,2,4,31,10,21,22,9,13,26,5,21,27,22,5,38,8,30,39,5,34,32,26,6,39,22,17
S01012834,284,142,142,21,12,9,34,13,21,35,20,15,38,5,33,38,36,2,31,7,24,21,5,16,33,29,4,33,15,18
S01012835,394,195,199,30,18,12,76,31,45,56,32,24,59,14,45,31,28,3,34,5,29,32,11,21,43,38,5,33,18,15
S01012836,393,194,199,49,32,17,71,31,40,64,29,35,53,8,45,45,43,2,35,8,27,32,9,23,18,18,0,26,16,10
S01012837,256,131,125,6,5,1,9,3,6,22,12,10,31,4,27,35,32,3,29,4,25,45,18,27,31,24,7,48,29,19
S01012838,301,151,150,11,5,6,25,10,15,22,12,10,25,6,19,39,34,5,34,5,29,45,18,27,34,27,7,66,34,32
S01012839,408,200,208,41,25,16,60,28,32,42,18,24,67,13,54,44,41,3,30,4,26,45,15,30,32,30,2,47,26,21
S01012840,461,243,218,66,51,15,99,46,53,65,31,34,71,15,56,45,45,0,31,8,23,40,20,20,17,13,4,27,14,13
S01012841,338,179,159,21,12,9,70,27,43,40,18,22,51,15,36,49,45,4,27,8,19,27,11,16,30,29,1,23,14,9
S01012842,300,146,154,27,9,18,57,28,29,37,24,13,38,8,30,32,31,1,21,5,16,36,10,26,22,19,3,30,12,18
S01012843,491,252,239,55,41,14,152,69,83,75,36,39,56,19,37,36,34,2,36,9,27,36,11,25,22,21,1,23,12,11
S01012844,371,198,173,53,38,15,117,58,59,64,35,29,38,8,30,25,20,5,19,6,13,24,12,12,11,8,3,20,13,7
S01012845,331,162,169,39,28,11,103,45,58,47,24,23,32,6,26,27,26,1,27,2,25,31,14,17,9,8,1,16,9,7
S01012846,359,191,168,29,21,8,41,20,21,49,23,26,57,12,45,35,31,4,35,6,29,31,11,20,45,43,2,37,24,13
S01012847,265,126,139,15,9,6,32,10,22,39,16,23,45,4,41,47,46,1,23,5,18,25,9,16,19,18,1,20,9,11
S01012848,383,205,178,47,30,17,69,28,41,65,39,26,43,11,32,43,40,3,26,2,24,37,12,25,28,27,1,25,16,9
S01012849,351,168,183,23,9,14,43,17,26,38,24,14,52,18,34,54,51,3,41,6,35,39,11,28,31,24,7,30,8,22
S01012850,305,157,148,14,5,9,19,8,11,33,22,11,48,9,39,33,30,3,34,6,28,35,11,24,38,33,5,51,33,18
S01012851,366,174,192,25,13,12,61,30,31,43,20,23,51,5,46,49,43,6,37,4,33,39,12,27,26,26,0,35,21,14
S01012852,360,179,181,30,20,10,94,36,58,51,28,23,60,14,46,37,35,2,21,3,18,30,11,19,24,21,3,13,11,2
S01012853,382,194,188,41,20,21,70,27,43,50,32,18,54,10,44,45,45,0,29,3,26,36,15,21,30,28,2,27,14,13
S01012854,489,236,253,32,19,13,127,58,69,75,33,42,68,21,47,41,38,3,44,10,34,59,30,29,16,13,3,27,14,13
S01012855,396,194,202,33,19,14,89,41,48,79,38,41,42,9,33,38,36,2,38,5,33,39,16,23,13,11,2,25,19,6
S01012856,296,162,134,20,16,4,33,16,17,43,24,19,32,5,27,31,29,2,35,8,27,38,17,21,37,32,5,27,15,12
S01012857,306,147,159,24,16,8,30,13,17,26,11,15,56,9,47,38,36,2,34,7,27,34,11,23,36,28,8,28,16,12
S01012858,335,171,164,19,12,7,41,20,21,40,22,18,45,12,33,34,33,1,47,8,39,38,11,27,26,25,1,45,28,17
S01012859,501,246,255,26,11,15,51,27,24,68,30,38,69,14,55,69,62,7,59,13,46,53,17,36,43,42,1,63,30,33
S01012860,380,179,201,39,22,17,74,28,46,41,21,20,64,14,50,39,37,2,36,7,29,38,14,24,19,18,1,30,18,12
S01012861,375,177,198,33,17,16,69,31,38,58,22,36,44,8,36,40,38,2,39,6,33,37,11,26,26,24,2,29,20,9
S01012862,241,128,113,10,7,3,12,1,11,28,13,15,31,6,25,30,29,1,31,7,24,32,13,19,29,27,2,38,25,13
S01012863,290,161,129,18,7,11,37,15,22,31,20,11,37,9,28,30,27,3,30,10,20,31,21,10,24,22,2,52,30,22
S01012864,347,163,184,18,9,9,33,19,14,37,21,16,62,12,50,43,38,5,34,5,29,39,10,29,25,21,4,56,28,28
S01012865,325,162,163,18,13,5,39,15,24,38,20,18,58,11,47,34,33,1,36,7,29,38,13,25,31,27,4,33,23,10
S01012866,367,164,203,23,9,14,42,17,25,40,19,21,56,9,47,44,39,5,43,4,39,37,9,28,31,26,5,51,32,19
S01012867,260,125,135,17,9,8,14,1,13,14,6,8,29,9,20,38,37,1,41,4,37,28,9,19,21,19,2,58,31,27
S01012868,251,133,118,7,3,4,15,6,9,29,16,13,35,8,27,36,33,3,37,8,29,34,14,20,16,14,2,42,31,11
S01012869,195,85,110,8,5,3,5,1,4,9,7,2,16,3,13,27,23,4,26,2,24,29,12,17,14,10,4,61,22,39
S01012870,444,224,220,29,20,9,49,19,30,60,27,33,75,12,63,56,54,2,41,11,30,51,19,32,39,38,1,44,24,20
S01012871,394,201,193,27,15,12,61,24,37,50,25,25,62,18,44,54,51,3,44,11,33,34,12,22,31,28,3,31,17,14
S01012872,380,197,183,25,10,15,44,23,21,30,9,21,67,16,51,46,46,0,46,8,38,50,26,24,26,25,1,46,34,12
S01012873,434,204,230,29,11,18,52,24,28,48,23,25,84,17,67,53,49,4,48,5,43,52,24,28,26,25,1,42,26,16
S01012874,327,159,168,16,10,6,31,12,19,33,20,13,41,10,31,29,27,2,54,13,41,46,15,31,36,32,4,41,20,21
S01012875,270,142,128,17,9,8,32,13,19,24,13,11,39,7,32,40,37,3,26,8,18,27,13,14,24,23,1,41,19,22
S01012876,316,142,174,16,8,8,21,7,14,27,11,16,44,9,35,39,36,3,51,6,45,41,11,30,33,27,6,44,27,17
S01012877,318,153,165,13,6,7,12,4,8,31,14,17,54,13,41,40,37,3,44,8,36,39,15,24,33,29,4,52,27,25
S01012878,522,261,261,57,36,21,83,37,46,92,54,38,90,16,74,62,59,3,34,4,30,50,14,36,25,25,0,29,16,13
S01012879,354,168,186,26,16,10,92,35,57,62,32,30,47,10,37,29,26,3,28,6,22,26,9,17,20,19,1,24,15,9
S01012880,443,231,212,53,40,13,139,67,72,67,32,35,56,13,43,34,32,2,24,6,18,41,19,22,14,13,1,15,9,6
S01012881,380,191,189,37,27,10,110,45,65,54,32,22,46,7,39,34,33,1,26,6,20,36,15,21,16,14,2,21,12,9
S01012882,252,124,128,13,8,5,16,10,6,26,15,11,30,5,25,27,26,1,33,7,26,44,13,31,21,19,2,42,21,21
S01012883,185,92,93,6,2,4,17,10,7,24,6,18,21,8,13,14,13,1,26,7,19,17,4,13,20,18,2,40,24,16
S01012884,199,101,98,24,13,11,54,23,31,21,10,11,20,6,14,16,16,0,18,6,12,20,7,13,12,12,0,14,8,6
S01012885,195,102,93,2,1,1,9,5,4,16,6,10,23,7,16,22,19,3,32,8,24,31,10,21,30,26,4,30,20,10
S01012886,390,200,190,44,27,17,98,46,52,55,31,24,52,14,38,24,23,1,31,9,22,35,12,23,21,19,2,30,19,11
S01012887,358,177,181,35,19,16,90,37,53,61,36,25,55,14,41,30,28,2,14,3,11,32,12,20,18,16,2,23,12,11
S01012888,374,188,186,36,25,11,131,63,68,58,30,28,37,7,30,38,34,4,21,2,19,20,6,14,13,10,3,20,11,9
S01012889,487,238,249,58,34,24,96,43,53,85,40,45,58,8,50,55,54,1,37,7,30,30,8,22,31,26,5,37,18,19
S01012890,278,139,139,23,12,11,29,11,18,28,16,12,24,4,20,34,29,5,37,10,27,37,13,24,30,28,2,36,16,20
S01012891,243,115,128,9,3,6,24,10,14,26,11,15,32,6,26,39,33,6,26,6,20,29,8,21,25,21,4,33,17,16
S01012892,440,209,231,16,6,10,37,13,24,31,15,16,60,14,46,54,48,6,51,9,42,58,22,36,52,44,8,81,38,43
S01012893,287,127,160,9,4,5,11,3,8,20,9,11,42,5,37,41,36,5,47,6,41,37,9,28,29,28,1,51,27,24
S01012894,418,210,208,62,43,19,84,38,46,70,41,29,39,4,35,40,36,4,28,3,25,43,9,34,15,15,0,37,21,16
S01012895,305,163,142,47,32,15,51,18,33,45,24,21,32,7,25,50,41,9,24,6,18,22,10,12,19,18,1,15,7,8
S01012896,367,194,173,13,10,3,42,22,20,55,36,19,60,9,51,34,31,3,39,8,31,37,16,21,35,31,4,52,31,21
S01012897,337,165,172,26,20,6,67,26,41,55,34,21,46,9,37,37,35,2,28,3,25,39,11,28,23,19,4,16,8,8
S01012898,333,168,165,46,29,17,74,34,40,52,31,21,34,4,30,34,31,3,27,6,21,35,13,22,13,12,1,18,8,10
S01012899,242,127,115,14,5,9,16,8,8,23,15,8,20,6,14,29,28,1,34,5,29,39,9,30,32,30,2,35,21,14
S01012900,303,166,137,40,26,14,60,32,28,44,26,18,48,6,42,42,40,2,17,2,15,21,11,10,14,13,1,17,10,7
S01012901,341,168,173,29,12,17,39,15,24,44,24,20,55,13,42,28,28,0,35,11,24,40,12,28,31,29,2,40,24,16
S01012902,380,196,184,23,14,9,61,24,37,59,30,29,57,17,40,31,28,3,25,4,21,45,17,28,35,33,2,44,29,15
S01012903,399,188,211,21,8,13,38,12,26,39,22,17,69,21,48,50,45,5,46,11,35,58,14,44,36,34,2,42,21,21
S01012904,373,186,187,20,7,13,35,15,20,42,32,10,67,14,53,41,39,2,44,9,35,45,14,31,37,36,1,42,20,22
S01012905,291,135,156,16,5,11,21,5,16,33,14,19,36,12,24,36,34,2,37,6,31,46,16,30,29,25,4,37,18,19
S01012906,496,250,246,36,17,19,67,27,40,96,55,41,70,16,54,64,59,5,37,7,30,57,18,39,34,29,5,35,22,13
S01012907,392,198,194,24,9,15,39,13,26,46,25,21,77,30,47,41,40,1,41,4,37,43,14,29,39,33,6,42,30,12
S01012908,298,145,153,18,11,7,31,11,20,41,25,16,55,11,44,34,30,4,24,1,23,33,14,19,27,24,3,35,18,17
S01012909,262,140,122,19,10,9,34,18,16,35,20,15,33,7,26,22,22,0,27,5,22,39,15,24,24,23,1,29,20,9
S01012910,364,204,160,20,13,7,40,14,26,44,35,9,55,17,38,37,34,3,40,12,28,38,11,27,39,37,2,51,31,20
S01012911,342,178,164,24,15,9,52,24,28,35,20,15,51,10,41,46,43,3,46,11,35,34,13,21,24,23,1,30,19,11
S01012912,288,138,150,22,13,9,34,7,27,38,24,14,42,7,35,29,27,2,31,2,29,34,12,22,28,26,2,30,20,10
S01012913,405,205,200,11,8,3,63,28,35,59,32,27,63,14,49,53,49,4,44,11,33,49,15,34,28,27,1,35,21,14
S01012914,417,227,190,33,21,12,78,37,41,59,40,19,48,15,33,46,44,2,39,6,33,33,9,24,37,33,4,44,22,22
S01012915,556,284,272,58,45,13,87,38,49,93,41,52,82,18,64,59,58,1,39,6,33,52,16,36,35,33,2,51,29,22
S01012916,300,162,138,28,18,10,51,25,26,43,23,20,42,8,34,32,31,1,22,6,16,33,13,20,22,21,1,27,17,10
S01012917,374,186,188,27,20,7,66,33,33,58,35,23,62,8,54,41,39,2,33,6,27,45,13,32,18,18,0,24,14,10
S01012918,259,138,121,12,6,6,37,16,21,30,15,15,35,13,22,31,30,1,36,8,28,29,10,19,25,20,5,24,20,4
S01012919,202,106,96,8,6,2,20,9,11,34,18,16,35,6,29,25,23,2,14,4,10,13,1,12,29,25,4,24,14,10
S01012920,263,137,126,28,19,9,74,31,43,37,28,9,36,11,25,25,22,3,18,2,16,24,6,18,8,8,0,13,10,3
S01012921,336,157,179,19,9,10,31,14,17,40,22,18,58,6,52,30,29,1,45,9,36,36,12,24,37,33,4,40,23,17
S01012922,499,246,253,39,24,15,88,41,47,68,37,31,78,16,62,52,50,2,47,8,39,46,10,36,30,27,3,51,33,18
S01012923,368,177,191,24,13,11,53,21,32,49,26,23,54,12,42,38,36,2,41,11,30,43,11,32,31,27,4,35,20,15
S01012924,268,146,122,26,17,9,20,11,9,47,23,24,48,17,31,39,37,2,23,6,17,16,8,8,17,13,4,32,14,18
S01012925,258,144,114,24,18,6,46,25,21,37,26,11,44,9,35,28,27,1,21,3,18,24,10,14,16,15,1,18,11,7
S01012926,387,196,191,25,17,8,58,18,40,52,28,24,65,18,47,46,43,3,35,6,29,39,15,24,35,31,4,32,20,12
S01012927,376,188,188,21,13,8,56,21,35,50,27,23,62,12,50,39,34,5,32,5,27,36,17,19,29,23,6,51,36,15
S01012928,408,215,193,37,28,9,59,29,30,52,35,17,76,17,59,32,31,1,39,8,31,40,15,25,29,27,2,44,25,19
S01012929,347,176,171,26,13,13,49,17,32,41,23,18,65,19,46,33,33,0,26,5,21,38,13,25,42,39,3,27,14,13
S01012930,376,211,165,33,21,12,76,32,44,57,40,17,53,18,35,39,34,5,25,7,18,37,11,26,28,27,1,28,21,7
S01012931,416,210,206,29,21,8,60,23,37,58,36,22,80,19,61,41,40,1,41,12,29,48,17,31,28,26,2,31,16,15
S01012932,263,134,129,32,19,13,58,24,34,39,18,21,33,6,27,35,34,1,14,3,11,19,5,14,20,19,1,13,6,7
S01012933,397,206,191,24,18,6,51,24,27,62,31,31,61,17,44,48,45,3,46,6,40,38,11,27,39,37,2,28,17,11
S01012934,295,154,141,13,6,7,44,18,26,43,28,15,49,12,37,33,31,2,29,7,22,35,11,24,25,22,3,24,19,5
S01012935,425,212,213,29,17,12,69,32,37,51,26,25,78,16,62,38,34,4,30,6,24,49,21,28,48,45,3,33,15,18
S01012936,356,181,175,24,11,13,62,26,36,52,31,21,47,5,42,49,44,5,22,3,19,34,16,18,36,28,8,30,17,13
S01012937,346,180,166,32,22,10,60,30,30,51,28,23,56,17,39,44,38,6,22,4,18,36,8,28,20,16,4,25,17,8
S01012938,319,163,156,31,23,8,101,47,54,57,38,19,36,6,30,15,13,2,18,3,15,32,14,18,10,9,1,19,10,9
S01012939,341,178,163,30,22,8,59,32,27,77,45,32,47,8,39,29,29,0,22,2,20,42,14,28,11,10,1,24,16,8
S01012940,421,215,206,40,28,12,108,45,63,62,38,24,67,17,50,38,36,2,29,9,20,38,15,23,21,20,1,18,7,11
S01012941,440,237,203,61,45,16,122,62,60,65,45,20,63,20,43,21,21,0,29,4,25,53,18,35,18,17,1,8,5,3
S01012942,346,163,183,14,7,7,41,16,25,40,29,11,52,10,42,35,32,3,39,2,37,40,10,30,35,31,4,50,26,24
S01012943,391,200,191,38,20,18,80,34,46,55,41,14,47,12,35,42,41,1,29,5,24,46,9,37,27,22,5,27,16,11
S01012944,250,123,127,25,19,6,74,30,44,40,27,13,46,10,36,20,18,2,12,1,11,19,9,10,6,6,0,8,3,5
S01012945,402,211,191,63,45,18,103,52,51,69,40,29,54,9,45,35,30,5,15,0,15,35,17,18,13,11,2,15,7,8
S01012946,501,254,247,49,33,16,90,37,53,98,59,39,97,25,72,52,46,6,37,3,34,32,13,19,28,26,2,18,12,6
S01012947,261,137,124,48,33,15,72,38,34,32,15,17,36,7,29,18,16,2,5,0,5,19,7,12,12,9,3,19,12,7
S01012948,402,179,223,40,28,12,66,28,38,57,29,28,72,10,62,32,30,2,33,3,30,45,10,35,34,29,5,23,12,11
S01012949,408,211,197,29,20,9,77,33,44,61,33,28,75,19,56,49,46,3,23,2,21,35,16,19,29,25,4,30,17,13
S01012950,517,275,242,65,43,22,116,55,61,95,62,33,87,17,70,35,33,2,25,2,23,47,23,24,29,27,2,18,13,5
S01012951,543,289,254,112,75,37,146,67,79,106,68,38,54,8,46,30,28,2,21,2,19,42,13,29,17,17,0,15,11,4
S01012952,290,177,113,91,64,27,66,42,24,44,27,17,24,1,23,25,23,2,4,0,4,17,7,10,7,6,1,12,7,5
S01012953,401,217,184,42,31,11,69,29,40,54,30,24,78,28,50,39,39,0,29,11,18,45,16,29,19,19,0,26,14,12
S01012954,285,151,134,13,8,5,46,24,22,44,29,15,49,8,41,26,25,1,22,4,18,36,14,22,28,25,3,21,14,7
S01012955,502,273,229,79,60,19,131,71,60,77,37,40,68,16,52,42,41,1,21,2,19,37,14,23,17,14,3,30,18,12
S01012956,390,199,191,29,19,10,50,21,29,41,18,23,61,17,44,53,51,2,31,6,25,49,15,34,30,27,3,46,25,21
S01012957,306,152,154,15,11,4,36,14,22,33,19,14,50,6,44,35,33,2,30,11,19,36,13,23,25,23,2,46,22,24
S01012958,294,152,142,13,4,9,45,23,22,40,23,17,55,13,42,38,36,2,26,3,23,20,7,13,28,25,3,29,18,11
S01012959,353,178,175,27,19,8,53,21,32,58,35,23,51,12,39,32,31,1,33,4,29,37,12,25,32,30,2,30,14,16
S01012960,310,149,161,32,22,10,52,24,28,41,25,16,51,6,45,27,25,2,30,7,23,30,12,18,18,17,1,29,11,18
S01012961,300,148,152,46,29,17,46,20,26,47,30,17,49,8,41,24,22,2,12,1,11,35,7,28,21,21,0,20,10,10
S01012962,375,189,186,33,26,7,78,30,48,53,33,20,79,18,61,51,45,6,19,3,16,35,13,22,12,12,0,15,9,6
S01012963,464,237,227,58,38,20,91,43,48,86,48,38,64,11,53,45,42,3,32,5,27,48,22,26,15,14,1,25,14,11
S01012964,365,188,177,46,33,13,79,32,47,69,38,31,37,5,32,43,42,1,20,1,19,34,11,23,15,14,1,22,12,10
S01012965,324,176,148,32,20,12,65,34,31,60,32,28,38,5,33,37,34,3,21,4,17,28,15,13,18,16,2,25,16,9
S01012966,395,195,200,34,21,13,66,26,40,54,33,21,50,12,38,43,42,1,37,7,30,40,11,29,26,23,3,45,20,25
S01012967,263,132,131,14,8,6,21,13,8,28,19,9,37,10,27,28,22,6,32,6,26,29,10,19,27,23,4,47,21,26
S01012968,332,171,161,16,11,5,22,12,10,31,20,11,43,8,35,42,38,4,38,4,34,54,13,41,37,36,1,49,29,20
S01012969,322,160,162,18,12,6,30,15,15,36,17,19,53,14,39,28,27,1,34,5,29,33,8,25,41,39,2,49,23,26
S01012970,309,163,146,28,19,9,28,11,17,28,19,9,36,5,31,40,35,5,34,7,27,38,13,25,39,35,4,38,19,19
S01012971,376,189,187,19,13,6,38,23,15,33,20,13,41,4,37,50,42,8,47,7,40,59,19,40,41,39,2,48,22,26
S01012972,364,187,177,19,13,6,23,10,13,24,10,14,50,13,37,50,47,3,53,11,42,49,11,38,47,44,3,49,28,21
S01012973,389,201,188,23,15,8,33,13,20,42,29,13,59,19,40,46,38,8,45,7,38,46,9,37,49,45,4,46,26,20
S01012974,403,210,193,25,13,12,43,23,20,49,24,25,51,19,32,52,46,6,45,9,36,32,10,22,40,34,6,66,32,34
S01012975,268,133,135,16,11,5,19,5,14,19,11,8,43,12,31,36,29,7,28,6,22,34,9,25,32,27,5,41,23,18
S01012976,238,123,115,17,10,7,23,14,9,23,8,15,30,8,22,26,22,4,28,9,19,32,6,26,27,26,1,32,20,12
S01012977,349,179,170,13,5,8,34,11,23,28,16,12,33,6,27,47,42,5,54,8,46,45,18,27,42,39,3,53,34,19
S01012978,372,185,187,25,15,10,32,10,22,30,16,14,42,10,32,49,46,3,57,9,48,42,14,28,37,36,1,58,29,29
S01012979,332,175,157,30,17,13,34,12,22,40,28,12,33,7,26,44,43,1,32,3,29,40,14,26,36,33,3,43,18,25
S01012980,329,162,167,16,7,9,28,11,17,47,30,17,43,15,28,35,31,4,31,6,25,44,11,33,35,31,4,50,20,30
S01012981,406,213,193,26,19,7,44,18,26,43,26,17,58,13,45,54,47,7,52,9,43,43,23,20,29,25,4,57,33,24
S01012982,421,201,220,18,12,6,39,13,26,42,21,21,72,16,56,45,40,5,47,11,36,65,22,43,38,33,5,55,33,22
S01012983,367,185,182,29,17,12,51,20,31,49,32,17,72,20,52,35,34,1,32,6,26,45,14,31,26,23,3,28,19,9
S01012984,342,171,171,24,17,7,39,20,19,47,23,24,61,15,46,38,36,2,35,6,29,38,12,26,24,21,3,36,21,15
S01012985,394,211,183,20,9,11,43,16,27,40,27,13,62,16,46,65,57,8,37,9,28,38,16,22,40,37,3,49,24,25
S01012986,369,193,176,16,12,4,45,19,26,39,27,12,67,19,48,49,44,5,42,4,38,39,10,29,28,26,2,44,32,12
S01012987,352,169,183,22,12,10,29,15,14,42,17,25,52,11,41,45,41,4,54,6,48,35,14,21,34,33,1,39,20,19
S01012988,388,199,189,26,12,14,42,18,24,46,23,23,60,16,44,48,46,2,52,15,37,36,11,25,42,38,4,36,20,16
S01012989,445,222,223,25,12,13,45,18,27,69,39,30,72,13,59,64,60,4,36,7,29,56,22,34,31,25,6,47,26,21
S01012990,279,132,147,18,10,8,22,10,12,22,14,8,51,15,36,33,28,5,29,3,26,33,3,30,27,23,4,44,26,18
S01012991,365,177,188,22,11,11,50,24,26,37,23,14,52,7,45,39,36,3,34,5,29,42,12,30,25,25,0,64,34,30
S01012992,358,177,181,22,9,13,50,19,31,37,19,18,58,17,41,33,31,2,39,11,28,41,15,26,33,30,3,45,26,19
S01012993,302,141,161,19,11,8,30,10,20,45,22,23,50,13,37,30,28,2,30,5,25,31,6,25,30,25,5,37,21,16
S01012994,417,227,190,24,19,5,50,24,26,46,28,18,64,19,45,43,37,6,37,6,31,46,21,25,37,34,3,70,39,31
S01012995,471,239,232,28,15,13,62,29,33,73,40,33,81,15,66,63,63,0,45,7,38,35,15,20,31,28,3,53,27,26
S01012996,388,191,197,17,10,7,28,9,19,52,28,24,52,10,42,63,58,5,46,7,39,44,18,26,33,25,8,53,26,27
S01012997,207,107,100,11,8,3,30,14,16,28,17,11,33,6,27,25,21,4,21,7,14,22,8,14,16,14,2,21,12,9
S01012998,561,277,284,61,36,25,82,35,47,71,42,29,79,12,67,55,52,3,43,3,40,53,18,35,45,39,6,72,40,32
S01012999,237,122,115,16,11,5,21,8,13,24,16,8,24,4,20,30,27,3,31,4,27,25,8,17,24,21,3,42,23,19
S01013000,313,158,155,9,6,3,34,14,20,32,16,16,49,7,42,43,43,0,28,6,22,35,16,19,33,28,5,50,22,28
S01013001,196,104,92,41,25,16,52,27,25,19,10,9,19,3,16,26,21,5,8,1,7,6,2,4,4,4,0,21,11,10
S01013002,252,144,108,42,26,16,72,37,35,32,21,11,18,2,16,38,32,6,16,5,11,5,2,3,5,5,0,24,14,10
S01013003,287,150,137,41,33,8,103,52,51,46,26,20,30,9,21,17,15,2,13,1,12,22,7,15,2,2,0,13,5,8
S01013004,322,162,160,45,31,14,104,48,56,50,32,18,21,2,19,28,27,1,25,2,23,14,0,14,13,11,2,22,9,13
S01013005,336,169,167,51,34,17,107,45,62,57,30,27,29,5,24,39,37,2,17,2,15,8,1,7,9,8,1,19,7,12
S01013006,307,169,138,68,42,26,101,60,41,56,27,29,21,1,20,19,19,0,13,2,11,9,4,5,9,9,0,11,5,6
S01013007,399,199,200,48,34,14,135,58,77,68,36,32,34,6,28,29,27,2,23,8,15,19,6,13,17,16,1,26,8,18
S01013008,339,177,162,57,44,13,99,40,59,43,23,20,23,2,21,37,33,4,29,5,24,14,7,7,10,9,1,27,14,13
S01013009,272,128,144,30,20,10,49,23,26,41,23,18,30,2,28,37,32,5,31,4,27,21,9,12,11,10,1,22,5,17
S01013010,312,164,148,63,36,27,75,35,40,45,22,23,23,2,21,42,37,5,20,4,16,12,6,6,18,17,1,14,5,9
S01013011,344,168,176,42,25,17,99,40,59,52,29,23,24,5,19,37,34,3,30,5,25,15,5,10,15,14,1,30,11,19
S01013012,305,143,162,21,9,12,60,27,33,32,16,16,26,6,20,49,41,8,43,6,37,15,3,12,22,20,2,37,15,22
S01013013,360,186,174,38,23,15,95,46,49,48,26,22,24,3,21,46,41,5,39,9,30,22,8,14,13,10,3,35,20,15
S01013014,336,178,158,36,21,15,52,18,34,49,28,21,27,4,23,74,64,10,29,2,27,15,4,11,24,23,1,30,14,16
S01013015,392,203,189,51,34,17,88,40,48,46,22,24,35,4,31,76,61,15,24,3,21,12,1,11,22,21,1,38,17,21
S01013016,324,170,154,46,30,16,99,49,50,35,14,21,26,4,22,55,50,5,17,0,17,11,3,8,12,11,1,23,9,14
S01013017,377,190,187,54,39,15,91,41,50,55,29,26,37,11,26,35,28,7,36,2,34,25,9,16,20,17,3,24,14,10
S01013018,468,238,230,63,42,21,134,64,70,61,29,32,43,7,36,57,48,9,29,5,24,29,12,17,17,14,3,35,17,18
S01013019,460,234,226,71,48,23,126,59,67,112,64,48,44,8,36,37,32,5,20,4,16,28,6,22,6,5,1,16,8,8
S01013020,238,115,123,17,11,6,42,15,27,19,10,9,31,5,26,23,23,0,25,4,21,22,9,13,28,25,3,31,13,18
S01013021,243,125,118,14,11,3,35,12,23,22,14,8,29,5,24,34,29,5,27,4,23,23,9,14,30,29,1,29,12,17
S01013022,210,102,108,17,10,7,40,11,29,39,29,10,24,3,21,18,17,1,21,4,17,16,3,13,11,10,1,24,15,9
S01013023,401,197,204,58,45,13,135,51,84,68,40,28,43,9,34,19,17,2,14,1,13,27,12,15,15,15,0,22,7,15
S01013024,241,124,117,30,18,12,58,19,39,43,34,9,28,6,22,19,19,0,25,4,21,17,9,8,7,6,1,14,9,5
S01013025,282,144,138,44,26,18,61,20,41,28,12,16,18,2,16,64,54,10,16,4,12,15,3,12,17,15,2,19,8,11
S01013026,506,254,252,32,19,13,82,31,51,65,44,21,59,10,49,57,52,5,71,9,62,41,13,28,48,48,0,51,28,23
S01013027,390,182,208,26,15,11,19,5,14,19,9,10,36,4,32,61,50,11,60,9,51,34,7,27,56,49,7,79,34,45
S01013028,266,154,112,26,17,9,46,19,27,25,14,11,26,1,25,48,46,2,13,1,12,13,5,8,25,23,2,44,28,16
S01013029,251,126,125,15,13,2,16,8,8,19,6,13,19,2,17,22,19,3,37,8,29,25,8,17,33,30,3,65,32,33
S01013030,273,140,133,8,4,4,20,7,13,17,10,7,19,4,15,55,51,4,33,5,28,22,5,17,38,36,2,61,18,43
S01013031,300,144,156,9,3,6,11,4,7,14,3,11,25,4,21,53,49,4,43,3,40,26,5,21,42,40,2,77,33,44
S01013032,461,241,220,48,24,24,57,25,32,55,33,22,44,9,35,77,69,8,39,3,36,45,6,39,54,52,2,42,20,22
S01013033,373,187,186,30,12,18,26,9,17,54,31,23,45,3,42,52,50,2,39,5,34,40,12,28,45,42,3,42,23,19
S01013034,335,159,176,10,5,5,20,9,11,29,17,12,28,3,25,52,46,6,44,3,41,41,9,32,48,39,9,63,28,35
S01013035,293,141,152,11,1,10,11,2,9,21,13,8,20,2,18,43,40,3,28,3,25,38,9,29,50,42,8,71,29,42
S01013036,344,166,178,16,6,10,11,4,7,18,9,9,22,5,17,45,39,6,42,5,37,37,10,27,46,40,6,107,48,59
S01013037,397,200,197,40,26,14,50,24,26,59,33,26,65,10,55,48,42,6,32,4,28,43,16,27,24,22,2,36,23,13
S01013038,460,232,228,26,14,12,66,24,42,38,24,14,36,10,26,63,60,3,58,13,45,54,13,41,37,33,4,82,41,41
S01013039,324,158,166,27,20,7,61,28,33,46,25,21,47,12,35,33,31,2,24,4,20,45,10,35,19,18,1,22,10,12
S01013040,287,150,137,21,11,10,35,17,18,37,23,14,30,6,24,43,41,2,31,7,24,35,5,30,23,22,1,32,18,14
S01013041,326,177,149,31,25,6,43,18,25,37,18,19,41,9,32,48,46,2,35,9,26,33,9,24,24,23,1,34,20,14
S01013042,448,218,230,54,35,19,65,29,36,65,30,35,51,5,46,68,60,8,32,3,29,36,6,30,22,20,2,55,30,25
S01013043,295,149,146,19,11,8,15,5,10,33,19,14,20,3,17,33,32,1,50,6,44,31,9,22,44,42,2,50,22,28
S01013044,362,186,176,18,10,8,23,8,15,39,27,12,31,5,26,62,58,4,49,8,41,40,10,30,35,33,2,65,27,38
S01013045,346,177,169,29,14,15,47,20,27,46,27,19,42,3,39,49,49,0,31,5,26,37,12,25,31,31,0,34,16,18
S01013046,234,111,123,17,13,4,14,4,10,16,11,5,27,4,23,26,26,0,39,4,35,30,5,25,26,24,2,39,20,19
S01013047,538,271,267,65,38,27,105,51,54,82,45,37,80,14,66,66,58,8,30,4,26,50,16,34,32,28,4,28,17,11
S01013048,510,266,244,62,35,27,74,29,45,71,37,34,82,23,59,59,57,2,42,11,31,44,16,28,31,31,0,45,27,18
S01013049,440,225,215,38,24,14,93,42,51,57,36,21,66,16,50,55,45,10,36,9,27,40,11,29,20,20,0,35,22,13
S01013050,328,161,167,24,11,13,43,18,25,38,25,13,41,5,36,44,40,4,38,4,34,34,9,25,32,30,2,34,19,15
S01013051,416,209,207,17,8,9,31,14,17,39,23,16,56,7,49,64,59,5,57,9,48,44,13,31,48,46,2,60,30,30
S01013052,320,150,170,16,10,6,39,13,26,35,12,23,36,5,31,49,47,2,35,9,26,43,6,37,24,23,1,43,25,18
S01013053,261,123,138,17,10,7,29,11,18,22,10,12,30,3,27,29,26,3,34,6,28,27,8,19,29,27,2,44,22,22
S01013054,332,167,165,28,18,10,47,22,25,42,24,18,41,3,38,39,35,4,40,9,31,20,7,13,35,33,2,40,16,24
S01013055,306,156,150,18,11,7,30,11,19,25,11,14,28,5,23,48,47,1,40,6,34,36,13,23,34,30,4,47,22,25
S01013056,421,202,219,31,18,13,46,22,24,33,14,19,46,5,41,66,58,8,45,6,39,46,8,38,35,34,1,73,37,36
S01013057,313,139,174,10,7,3,25,5,20,27,11,16,30,3,27,48,44,4,48,6,42,49,14,35,19,18,1,57,31,26
S01013058,338,168,170,47,27,20,82,28,54,67,38,29,32,7,25,32,30,2,23,3,20,19,8,11,17,14,3,19,13,6
S01013059,307,171,136,40,31,9,98,50,48,46,29,17,35,8,27,19,18,1,20,5,15,21,8,13,12,11,1,16,11,5
S01013060,236,130,106,32,21,11,77,44,33,38,20,18,23,7,16,13,10,3,17,7,10,16,6,10,8,7,1,12,8,4
S01013061,339,169,170,37,26,11,114,49,65,51,34,17,46,12,34,27,25,2,19,1,18,23,4,19,10,10,0,12,8,4
S01013062,374,201,173,64,47,17,131,57,74,72,48,24,30,6,24,21,18,3,15,2,13,14,6,8,9,9,0,18,8,10
S01013063,367,193,174,64,41,23,159,82,77,48,29,19,27,8,19,13,12,1,7,1,6,20,5,15,5,3,2,24,12,12
S01013064,379,194,185,31,15,16,38,17,21,38,24,14,36,4,32,63,58,5,48,13,35,54,16,38,32,29,3,39,18,21
S01013065,391,204,187,22,14,8,46,20,26,51,30,21,46,10,36,29,25,4,43,17,26,56,23,33,36,34,2,62,31,31
S01013066,365,185,180,41,19,22,65,24,41,41,25,16,44,13,31,42,41,1,30,8,22,45,16,29,25,21,4,32,18,14
S01013067,424,206,218,33,20,13,61,32,29,49,28,21,24,6,18,41,38,3,34,9,25,67,22,45,17,15,2,98,36,62
S01013068,338,161,177,19,10,9,59,28,31,27,14,13,31,6,25,39,32,7,33,12,21,54,20,34,12,10,2,64,29,35
S01013069,356,156,200,29,16,13,58,25,33,36,17,19,19,7,12,32,26,6,34,10,24,64,18,46,12,11,1,72,26,46
S01013070,264,130,134,15,7,8,28,15,13,28,14,14,21,8,13,20,17,3,39,20,19,43,13,30,18,16,2,52,20,32
S01013071,468,197,271,21,9,12,62,23,39,42,20,22,30,10,20,41,36,5,55,20,35,96,32,64,16,14,2,105,33,72
S01013072,204,99,105,8,3,5,7,4,3,8,6,2,13,3,10,28,26,2,32,5,27,29,8,21,27,24,3,52,20,32
S01013073,344,153,191,19,10,9,46,19,27,56,30,26,19,4,15,29,24,5,33,7,26,42,9,33,30,26,4,70,24,46
S01013074,248,120,128,7,4,3,11,6,5,14,4,10,11,3,8,44,38,6,25,7,18,33,7,26,25,22,3,78,29,49
S01013075,294,157,137,17,10,7,31,15,16,19,13,6,25,5,20,35,32,3,29,6,23,47,21,26,36,36,0,55,19,36
S01013076,321,168,153,26,16,10,58,24,34,35,24,11,26,6,20,34,31,3,26,8,18,56,19,37,14,14,0,46,26,20
S01013077,260,121,139,12,5,7,21,8,13,23,14,9,32,8,24,28,26,2,31,6,25,28,4,24,23,22,1,62,28,34
S01013078,221,110,111,8,6,2,10,6,4,15,8,7,17,5,12,32,31,1,27,2,25,34,8,26,20,19,1,58,25,33
S01013079,599,295,304,64,41,23,144,71,73,118,66,52,57,9,48,47,41,6,50,8,42,48,13,35,22,21,1,49,25,24
S01013080,407,215,192,60,40,20,112,51,61,58,30,28,33,6,27,34,32,2,24,9,15,37,17,20,15,12,3,34,18,16
S01013081,326,172,154,34,18,16,91,48,43,51,31,20,37,7,30,30,29,1,24,6,18,25,11,14,12,12,0,22,10,12
S01013082,434,220,214,40,24,16,94,42,52,58,34,24,68,19,49,57,56,1,34,5,29,37,8,29,16,14,2,30,18,12
S01013083,725,320,405,34,24,10,78,37,41,87,57,30,52,11,41,24,20,4,44,13,31,221,71,150,15,11,4,170,76,94
S01013084,352,191,161,40,26,14,85,48,37,60,38,22,64,13,51,27,27,0,22,5,17,22,12,10,8,8,0,24,14,10
S01013085,204,105,99,21,17,4,42,16,26,18,11,7,20,2,18,20,19,1,16,2,14,26,9,17,17,17,0,24,12,12
S01013086,444,227,217,54,35,19,141,70,71,61,31,30,41,8,33,31,29,2,28,11,17,33,13,20,21,18,3,34,12,22
S01013087,349,183,166,71,53,18,132,64,68,49,25,24,32,3,29,19,17,2,18,2,16,13,9,4,0,0,0,15,10,5
S01013088,425,238,187,95,68,27,135,63,72,77,44,33,40,13,27,20,19,1,18,4,14,13,5,8,11,11,0,16,11,5
S01013089,338,180,158,30,19,11,67,37,30,34,19,15,55,17,38,39,36,3,24,2,22,33,10,23,21,20,1,35,20,15
S01013090,426,222,204,35,18,17,103,53,50,58,33,25,43,12,31,36,32,4,45,21,24,44,16,28,12,10,2,50,27,23
S01013091,285,149,136,27,20,7,71,31,40,46,29,17,20,6,14,29,22,7,14,4,10,40,17,23,10,10,0,28,10,18
S01013092,441,220,221,43,23,20,104,44,60,70,36,34,35,12,23,51,44,7,31,4,27,39,12,27,30,27,3,38,18,20
S01013093,229,130,99,43,22,21,66,34,32,37,23,14,22,7,15,26,24,2,7,4,3,8,4,4,6,6,0,14,6,8
S01013094,274,142,132,37,25,12,98,49,49,46,27,19,34,8,26,12,10,2,17,4,13,10,5,5,8,8,0,12,6,6
S01013095,415,232,183,88,68,20,157,84,73,52,27,25,33,6,27,20,18,2,23,4,19,9,4,5,10,9,1,23,12,11
S01013096,240,115,125,20,12,8,50,22,28,25,12,13,25,4,21,24,24,0,34,8,26,10,2,8,13,13,0,39,18,21
S01013097,342,175,167,55,32,23,105,51,54,48,26,22,30,6,24,40,31,9,18,4,14,10,3,7,17,15,2,19,7,12
S01013098,323,178,145,79,60,19,113,61,52,55,32,23,22,3,19,13,10,3,13,0,13,13,4,9,3,1,2,12,7,5
S01013099,419,212,207,46,23,23,122,53,69,76,42,34,35,8,27,45,35,10,25,10,15,30,15,15,7,7,0,33,19,14
S01013100,235,133,102,43,36,7,100,49,51,39,25,14,19,2,17,11,10,1,7,1,6,8,4,4,3,3,0,5,3,2
S01013101,427,206,221,25,15,10,74,27,47,56,32,24,40,3,37,56,51,5,45,5,40,47,18,29,27,24,3,57,31,26
S01013102,255,128,127,30,24,6,85,39,46,39,24,15,27,2,25,17,15,2,20,3,17,11,4,7,10,10,0,16,7,9
S01013103,432,212,220,63,44,19,130,55,75,62,36,26,47,11,36,37,33,4,33,1,32,28,10,18,11,11,0,21,11,10
S01013104,474,244,230,73,46,27,125,61,64,92,56,36,46,11,35,30,29,1,40,8,32,23,7,16,20,19,1,25,7,18
S01013105,418,220,198,83,59,24,141,76,65,60,25,35,40,9,31,18,16,2,29,6,23,18,8,10,13,12,1,16,9,7
S01013106,406,217,189,38,27,11,86,41,45,45,22,23,32,6,26,75,68,7,30,7,23,35,6,29,20,19,1,45,21,24
S01013107,337,177,160,56,35,21,99,46,53,45,24,21,38,11,27,34,29,5,10,0,10,26,11,15,10,8,2,19,13,6
S01013108,256,131,125,35,23,12,53,18,35,20,13,7,21,6,15,36,30,6,26,4,22,20,6,14,16,15,1,29,16,13
S01013109,572,308,264,63,42,21,129,54,75,59,31,28,45,5,40,110,96,14,47,7,40,35,9,26,31,29,2,53,35,18
S01013110,299,176,123,38,28,10,59,31,28,34,24,10,29,1,28,64,58,6,17,1,16,16,4,12,20,20,0,22,9,13
S01013111,225,113,112,25,15,10,56,20,36,43,25,18,20,6,14,30,25,5,21,3,18,5,1,4,7,7,0,18,11,7
S01013112,310,162,148,40,28,12,50,22,28,35,24,11,39,8,31,41,36,5,32,6,26,20,7,13,24,20,4,29,11,18
S01013113,348,168,180,39,21,18,34,7,27,22,18,4,28,4,24,61,53,8,40,6,34,34,3,31,30,27,3,60,29,31
S01013114,417,225,192,60,40,20,79,35,44,52,37,15,25,2,23,64,57,7,38,4,34,22,5,17,17,15,2,60,30,30
S01013115,306,159,147,42,19,23,43,19,24,25,15,10,27,5,22,54,51,3,32,11,21,30,8,22,14,13,1,39,18,21
S01013116,339,175,164,59,40,19,84,38,46,47,26,21,36,8,28,26,23,3,20,2,18,23,8,15,15,11,4,29,19,10
S01013117,358,191,167,44,21,23,37,17,20,56,31,25,27,4,23,65,59,6,33,7,26,24,3,21,19,18,1,53,31,22
S01013118,313,169,144,46,25,21,54,23,31,47,29,18,19,3,16,37,30,7,25,9,16,10,3,7,14,14,0,61,33,28
S01013119,393,201,192,87,52,35,55,22,33,40,22,18,29,4,25,60,48,12,30,6,24,17,4,13,25,22,3,50,21,29
S01013120,531,280,251,92,41,51,62,34,28,51,32,19,33,7,26,105,89,16,53,6,47,40,12,28,32,31,1,63,28,35
S01013121,226,115,111,53,27,26,15,8,7,15,7,8,19,3,16,35,28,7,12,2,10,15,6,9,11,9,2,51,25,26
S01013122,218,107,111,8,5,3,18,5,13,18,10,8,23,4,19,21,20,1,28,6,22,32,9,23,27,27,0,43,21,22
S01013123,331,149,182,18,11,7,30,11,19,48,22,26,58,8,50,41,37,4,41,6,35,34,9,25,25,22,3,36,23,13
S01013124,332,155,177,26,16,10,34,11,23,28,14,14,62,12,50,34,31,3,65,21,44,31,12,19,29,27,2,23,11,12
S01013125,321,166,155,25,15,10,37,14,23,42,23,19,58,14,44,46,45,1,39,11,28,26,10,16,19,18,1,29,16,13
S01013126,264,121,143,14,7,7,19,11,8,18,6,12,36,5,31,29,28,1,43,12,31,40,12,28,26,25,1,39,15,24
S01013127,270,122,148,12,8,4,17,3,14,21,10,11,32,1,31,41,39,2,40,7,33,35,16,19,26,23,3,46,15,31
S01013128,321,144,177,23,9,14,29,10,19,40,22,18,50,4,46,18,18,0,50,11,39,39,14,25,31,27,4,41,29,12
S01013129,514,259,255,32,20,12,72,27,45,62,38,24,80,25,55,66,57,9,58,17,41,62,20,42,33,29,4,49,26,23
S01013130,269,117,152,20,7,13,35,16,19,35,15,20,41,6,35,27,21,6,29,5,24,29,11,18,15,14,1,38,22,16
S01013131,304,135,169,19,13,6,19,7,12,35,21,14,50,9,41,41,38,3,38,2,36,46,10,36,21,18,3,35,17,18
S01013132,239,107,132,9,1,8,24,7,17,16,8,8,29,3,26,36,31,5,23,4,19,36,11,25,24,23,1,42,19,23
S01013133,329,160,169,20,12,8,40,22,18,43,18,25,51,13,38,32,30,2,50,13,37,36,10,26,24,20,4,33,22,11
S01013134,382,195,187,36,23,13,56,18,38,46,31,15,47,10,37,40,38,2,52,15,37,29,11,18,28,21,7,48,28,20
S01013135,289,122,167,12,9,3,15,7,8,21,9,12,45,4,41,31,24,7,54,11,43,36,10,26,25,24,1,50,24,26
S01013136,389,215,174,23,13,10,23,11,12,37,22,15,48,13,35,72,68,4,48,8,40,53,18,35,32,30,2,53,32,21
S01013137,303,152,151,13,4,9,21,6,15,34,21,13,40,11,29,48,45,3,37,7,30,35,7,28,36,29,7,39,22,17
S01013138,250,114,136,7,1,6,20,6,14,17,7,10,34,7,27,33,30,3,35,5,30,41,10,31,24,23,1,39,25,14
S01013139,300,137,163,10,6,4,28,16,12,25,12,13,38,8,30,39,36,3,54,8,46,42,13,29,20,17,3,44,21,23
S01013140,300,137,163,12,5,7,28,15,13,27,12,15,35,11,24,30,24,6,55,14,41,44,8,36,30,23,7,39,25,14
S01013141,249,119,130,12,7,5,22,6,16,22,10,12,37,8,29,29,29,0,28,4,24,35,10,25,26,21,5,38,24,14
S01013142,256,110,146,15,5,10,10,3,7,31,9,22,31,7,24,29,26,3,31,4,27,42,12,30,26,21,5,41,23,18
S01013143,384,181,203,22,13,9,38,13,25,53,30,23,62,16,46,47,43,4,54,5,49,37,14,23,23,22,1,48,25,23
S01013144,377,188,189,10,3,7,32,10,22,57,35,22,66,18,48,47,44,3,51,10,41,41,16,25,31,28,3,42,24,18
S01013145,297,152,145,24,11,13,36,13,23,40,25,15,36,12,24,31,31,0,37,6,31,40,14,26,19,18,1,34,22,12
S01013146,190,93,97,10,5,5,25,9,16,21,9,12,26,7,19,26,25,1,24,7,17,19,6,13,16,13,3,23,12,11
S01013147,337,176,161,12,10,2,46,21,25,36,23,13,59,9,50,50,45,5,39,10,29,30,9,21,33,31,2,32,18,14
S01013148,384,179,205,23,16,7,50,15,35,58,35,23,66,9,57,48,45,3,50,6,44,29,9,20,30,29,1,30,15,15
S01013149,414,201,213,30,22,8,48,18,30,64,39,25,65,11,54,54,47,7,56,12,44,34,10,24,29,24,5,34,18,16
S01013150,377,177,200,17,10,7,50,17,33,42,28,14,65,11,54,56,53,3,49,7,42,37,6,31,26,25,1,35,20,15
S01013151,299,152,147,30,20,10,49,19,30,42,21,21,53,9,44,44,41,3,17,4,13,28,10,18,17,16,1,19,12,7
S01013152,424,214,210,26,19,7,50,24,26,54,31,23,66,18,48,60,51,9,59,11,48,32,5,27,30,27,3,47,28,19
S01013153,311,156,155,13,8,5,24,11,13,19,10,9,46,10,36,46,44,2,49,17,32,48,13,35,21,20,1,45,23,22
S01013154,428,193,235,24,11,13,37,13,24,35,17,18,51,11,40,47,43,4,60,13,47,73,21,52,30,29,1,71,35,36
S01013155,362,166,196,17,11,6,25,8,17,35,20,15,44,10,34,34,30,4,62,18,44,49,16,33,27,22,5,69,31,38
S01013156,336,159,177,16,8,8,15,3,12,37,21,16,36,7,29,49,46,3,54,8,46,47,10,37,31,23,8,51,33,18
S01013157,372,173,199,12,6,6,21,5,16,32,12,20,52,14,38,45,43,2,66,16,50,52,18,34,33,32,1,59,27,32
S01013158,293,152,141,23,10,13,49,22,27,53,36,17,51,12,39,40,38,2,23,3,20,28,13,15,8,8,0,18,10,8
S01013159,367,192,175,28,22,6,54,18,36,53,28,25,61,12,49,46,42,4,28,9,19,37,12,25,26,24,2,34,25,9
S01013160,396,191,205,32,22,10,60,23,37,59,40,19,84,9,75,48,47,1,30,2,28,37,11,26,21,21,0,25,16,9
S01013161,506,260,246,28,19,9,61,21,40,67,40,27,74,19,55,74,73,1,65,7,58,47,13,34,42,38,4,48,30,18
S01013162,339,170,169,17,6,11,32,15,17,44,15,29,47,7,40,53,46,7,50,15,35,30,14,16,25,23,2,41,29,12
S01013163,401,208,193,26,14,12,60,23,37,51,38,13,67,12,55,63,61,2,39,8,31,40,9,31,26,25,1,29,18,11
S01013164,448,243,205,37,19,18,72,34,38,57,39,18,63,8,55,51,49,2,47,16,31,41,19,22,37,35,2,43,24,19
S01013165,405,201,204,24,15,9,64,28,36,58,31,27,68,13,55,64,60,4,47,9,38,44,19,25,14,13,1,22,13,9
S01013166,246,134,112,9,4,5,13,6,7,16,10,6,37,11,26,34,31,3,37,7,30,25,12,13,25,23,2,50,30,20
S01013167,253,134,119,9,3,6,18,7,11,22,9,13,26,9,17,40,38,2,34,6,28,35,15,20,27,24,3,42,23,19
S01013168,344,172,172,11,7,4,13,4,9,36,24,12,42,6,36,48,45,3,50,11,39,50,15,35,22,20,2,72,40,32
S01013169,321,166,155,12,8,4,26,6,20,37,24,13,47,3,44,50,49,1,45,11,34,39,11,28,31,30,1,34,24,10
S01013170,199,109,90,8,4,4,10,4,6,19,14,5,36,9,27,34,31,3,25,5,20,17,5,12,23,22,1,27,15,12
S01013171,334,160,174,19,9,10,60,29,31,55,33,22,59,11,48,40,39,1,26,5,21,29,1,28,24,22,2,22,11,11
S01013172,348,157,191,24,15,9,32,15,17,45,25,20,68,13,55,43,37,6,43,5,38,47,12,35,23,22,1,23,13,10
S01013173,436,214,222,37,24,13,58,25,33,54,34,20,71,10,61,44,41,3,61,15,46,39,15,24,40,34,6,32,16,16
S01013174,458,233,225,36,28,8,101,45,56,69,41,28,60,7,53,65,62,3,43,6,37,40,7,33,24,23,1,20,14,6
S01013175,452,221,231,45,28,17,99,39,60,65,34,31,62,10,52,53,49,4,49,13,36,35,14,21,25,21,4,19,13,6
S01013176,371,183,188,37,24,13,52,25,27,56,35,21,65,13,52,40,37,3,40,5,35,31,9,22,21,21,0,29,14,15
S01013177,336,176,160,26,13,13,61,27,34,52,28,24,57,15,42,42,42,0,22,3,19,27,12,15,27,24,3,22,12,10
S01013178,380,184,196,27,16,11,63,25,38,54,26,28,56,14,42,53,51,2,49,9,40,33,13,20,16,13,3,29,17,12
S01013179,409,204,205,40,24,16,48,18,30,46,28,18,57,12,45,50,46,4,50,13,37,42,12,30,34,30,4,42,21,21
S01013180,253,125,128,20,8,12,36,15,21,36,20,16,48,8,40,31,29,2,13,2,11,25,13,12,15,13,2,29,17,12
S01013181,363,180,183,25,14,11,48,17,31,45,20,25,61,11,50,46,45,1,37,9,28,27,10,17,36,31,5,38,23,15
S01013182,310,163,147,16,8,8,35,14,21,31,20,11,35,11,24,36,32,4,44,12,32,29,9,20,34,29,5,50,28,22
S01013183,458,249,209,26,13,13,82,38,44,88,60,28,72,17,55,55,52,3,44,9,35,29,12,17,27,24,3,35,24,11
S01013184,213,101,112,4,2,2,8,2,6,14,11,3,27,7,20,24,17,7,52,10,42,21,9,12,19,17,2,44,26,18
S01013185,323,151,172,19,12,7,27,13,14,29,12,17,42,9,33,39,33,6,55,9,46,42,16,26,26,22,4,44,25,19
S01013186,293,139,154,12,7,5,7,4,3,21,13,8,42,8,34,42,37,5,45,8,37,39,10,29,33,26,7,52,26,26
S01013187,352,168,184,18,6,12,38,14,24,47,29,18,45,12,33,44,39,5,49,9,40,31,11,20,33,23,10,47,25,22
S01013188,469,235,234,22,8,14,62,27,35,77,44,33,55,11,44,53,49,4,53,14,39,53,11,42,40,36,4,54,35,19
S01013189,318,160,158,18,11,7,56,20,36,35,22,13,38,10,28,40,39,1,30,9,21,45,17,28,16,11,5,40,21,19
S01013190,378,189,189,27,11,16,52,16,36,55,36,19,44,10,34,39,36,3,44,13,31,32,12,20,35,32,3,50,23,27
S01013191,587,298,289,53,34,19,122,56,66,108,63,45,85,12,73,62,59,3,34,5,29,39,10,29,35,32,3,49,27,22
S01013192,447,219,228,32,17,15,87,35,52,78,50,28,65,8,57,43,40,3,40,9,31,41,16,25,27,23,4,34,21,13
S01013193,362,184,178,22,14,8,47,19,28,66,37,29,62,11,51,47,43,4,41,9,32,22,11,11,25,24,1,30,16,14
S01013194,328,177,151,23,13,10,41,21,20,43,27,16,45,17,28,44,42,2,40,7,33,39,13,26,23,18,5,30,19,11
S01013195,525,280,245,33,16,17,82,50,32,75,43,32,71,20,51,63,57,6,50,9,41,57,18,39,39,33,6,55,34,21
S01013196,389,210,179,26,13,13,61,25,36,63,40,23,49,10,39,48,46,2,43,12,31,34,18,16,30,21,9,35,25,10
S01013197,255,134,121,24,16,8,45,21,24,40,24,16,42,11,31,25,24,1,30,7,23,15,6,9,14,14,0,20,11,9
S01013198,340,170,170,24,14,10,32,13,19,37,21,16,52,8,44,44,42,2,50,13,37,29,13,16,32,25,7,40,21,19
S01013199,403,204,199,32,18,14,97,39,58,70,43,27,50,14,36,34,31,3,41,11,30,23,9,14,23,19,4,33,20,13
S01013200,306,151,155,18,12,6,46,16,30,59,36,23,36,10,26,28,23,5,31,8,23,41,15,26,17,14,3,30,17,13
S01013201,262,134,128,6,4,2,27,13,14,42,24,18,28,10,18,21,20,1,35,7,28,21,6,15,25,25,0,57,25,32
S01013202,205,103,102,7,3,4,25,10,15,22,12,10,19,7,12,17,14,3,34,9,25,24,9,15,16,15,1,41,24,17
S01013203,299,155,144,10,5,5,39,13,26,30,19,11,38,12,26,35,33,2,38,3,35,30,10,20,30,29,1,49,31,18
S01013204,422,209,213,19,10,9,63,33,30,74,43,31,57,9,48,37,36,1,51,6,45,30,9,21,39,32,7,52,31,21
S01013205,216,109,107,7,3,4,14,5,9,22,10,12,22,9,13,30,23,7,28,4,24,26,6,20,27,21,6,40,28,12
S01013206,255,133,122,14,6,8,25,10,15,15,10,5,25,4,21,34,30,4,40,12,28,17,6,11,34,26,8,51,29,22
S01013207,350,160,190,16,4,12,37,12,25,39,19,20,59,13,46,46,40,6,38,8,30,30,7,23,34,28,6,51,29,22
S01013208,389,193,196,21,8,13,34,13,21,49,29,20,37,7,30,43,34,9,60,13,47,37,13,24,47,42,5,61,34,27
S01013209,384,188,196,18,11,7,42,13,29,51,25,26,65,16,49,58,50,8,48,14,34,38,11,27,29,25,4,35,23,12
S01013210,317,165,152,23,12,11,45,22,23,46,25,21,48,6,42,48,47,1,28,6,22,31,11,20,19,15,4,29,21,8
S01013211,461,224,237,28,11,17,44,24,20,50,28,22,70,16,54,56,53,3,56,15,41,52,9,43,43,34,9,62,34,28
S01013212,380,201,179,20,9,11,61,27,34,47,35,12,59,9,50,54,52,2,40,9,31,32,12,20,27,26,1,40,22,18
S01013213,338,169,169,24,19,5,41,20,21,59,33,26,49,6,43,51,47,4,34,7,27,25,6,19,17,14,3,38,17,21
S01013214,273,143,130,16,8,8,32,13,19,53,33,20,37,6,31,36,34,2,23,4,19,23,7,16,27,23,4,26,15,11
S01013215,439,222,217,25,16,9,41,11,30,48,28,20,64,15,49,59,56,3,62,12,50,40,13,27,41,37,4,59,34,25
S01013216,265,132,133,16,11,5,7,3,4,25,17,8,34,5,29,34,30,4,39,7,32,29,8,21,25,21,4,56,30,26
S01013217,333,164,169,15,9,6,23,10,13,32,25,7,47,9,38,34,30,4,44,10,34,43,11,32,42,36,6,53,24,29
S01013218,239,113,126,11,4,7,9,3,6,20,11,9,24,4,20,17,17,0,41,7,34,32,11,21,40,35,5,45,21,24
S01013219,230,111,119,6,4,2,15,6,9,24,18,6,18,3,15,20,17,3,35,5,30,34,5,29,29,26,3,49,27,22
S01013220,248,129,119,8,3,5,11,5,6,24,13,11,32,8,24,43,38,5,37,6,31,26,9,17,24,21,3,43,26,17
S01013221,395,193,202,14,8,6,24,13,11,35,18,17,61,8,53,57,49,8,55,9,46,45,13,32,42,38,4,62,37,25
S01013222,216,99,117,15,7,8,20,9,11,18,10,8,20,1,19,24,21,3,33,9,24,27,6,21,19,17,2,40,19,21
S01013223,443,226,217,39,20,19,53,21,32,70,46,24,58,7,51,70,67,3,37,10,27,36,9,27,34,26,8,46,20,26
S01013224,415,204,211,24,16,8,39,17,22,53,27,26,43,13,30,53,51,2,68,14,54,45,13,32,37,26,11,53,27,26
S01013225,328,159,169,16,8,8,35,12,23,38,26,12,30,8,22,38,36,2,42,5,37,31,8,23,30,25,5,68,31,37
S01013226,287,138,149,29,15,14,33,15,18,40,27,13,43,2,41,25,24,1,35,10,25,20,2,18,28,23,5,34,20,14
S01013227,258,131,127,17,8,9,15,4,11,35,23,12,34,9,25,38,33,5,29,2,27,19,6,13,26,19,7,45,27,18
S01013228,357,186,171,21,11,10,38,22,16,44,22,22,45,5,40,48,46,2,43,8,35,32,11,21,32,29,3,54,32,22
S01013229,337,159,178,16,9,7,34,14,20,36,21,15,46,12,34,42,37,5,49,12,37,28,9,19,27,25,2,59,20,39
S01013230,282,143,139,8,2,6,29,9,20,31,22,9,42,9,33,46,43,3,35,5,30,20,7,13,25,20,5,46,26,20
S01013231,350,163,187,15,6,9,36,9,27,40,22,18,46,10,36,36,35,1,57,11,46,35,10,25,35,33,2,50,27,23
S01013232,295,151,144,14,10,4,23,7,16,41,18,23,40,9,31,37,36,1,34,9,25,24,6,18,30,28,2,52,28,24
S01013233,292,162,130,21,15,6,35,17,18,43,28,15,41,11,30,44,40,4,31,11,20,25,5,20,19,15,4,33,20,13
S01013234,235,123,112,32,22,10,46,18,28,48,29,19,33,6,27,20,19,1,13,2,11,24,10,14,8,8,0,11,9,2
S01013235,396,219,177,24,15,9,47,21,26,59,32,27,60,15,45,60,58,2,48,9,39,29,13,16,38,35,3,31,21,10
S01013236,396,202,194,37,24,13,55,26,29,57,30,27,55,3,52,49,46,3,51,12,39,30,13,17,29,27,2,33,21,12
S01013237,429,235,194,36,25,11,63,23,40,67,44,23,63,17,46,61,55,6,32,9,23,40,15,25,30,25,5,37,22,15
S01013238,258,126,132,11,10,1,23,10,13,25,13,12,28,5,23,41,38,3,36,5,31,25,6,19,15,13,2,54,26,28
S01013239,336,170,166,15,8,7,20,6,14,44,31,13,31,8,23,34,34,0,54,9,45,30,11,19,41,30,11,67,33,34
S01013240,204,101,103,15,5,10,15,4,11,14,7,7,11,6,5,19,15,4,32,8,24,23,8,15,23,21,2,52,27,25
S01013241,455,243,212,46,25,21,85,39,46,85,52,33,57,7,50,58,54,4,35,7,28,36,17,19,25,21,4,28,21,7
S01013242,299,158,141,45,30,15,56,24,32,29,22,7,30,5,25,49,40,9,25,1,24,17,2,15,23,22,1,25,12,13
S01013243,329,165,164,14,4,10,31,16,15,34,22,12,34,3,31,44,39,5,33,7,26,41,8,33,57,50,7,41,16,25
S01013244,284,147,137,20,11,9,26,16,10,19,13,6,29,8,21,34,30,4,40,5,35,40,11,29,44,35,9,32,18,14
S01013245,505,261,244,44,32,12,51,24,27,60,35,25,66,11,55,81,73,8,45,5,40,49,11,38,63,52,11,46,18,28
S01013246,240,127,113,22,13,9,26,12,14,22,13,9,29,10,19,36,34,2,19,2,17,23,4,19,39,29,10,24,10,14
S01013247,318,154,164,16,11,5,23,5,18,25,13,12,31,7,24,62,55,7,36,4,32,35,4,31,41,31,10,49,24,25
S01013248,265,129,136,8,4,4,11,2,9,26,16,10,30,8,22,31,28,3,29,2,27,39,15,24,41,31,10,50,23,27
S01013249,225,113,112,11,5,6,14,3,11,28,13,15,27,8,19,24,21,3,21,6,15,27,7,20,39,32,7,34,18,16
S01013250,471,252,219,53,31,22,89,36,53,59,30,29,33,6,27,82,71,11,30,8,22,41,12,29,38,30,8,46,28,18
S01013251,291,162,129,15,13,2,23,6,17,29,16,13,21,4,17,44,43,1,25,3,22,34,12,22,36,32,4,64,33,31
S01013252,314,170,144,25,11,14,28,12,16,32,17,15,22,3,19,48,46,2,22,3,19,41,15,26,49,38,11,47,25,22
S01013253,342,187,155,14,10,4,40,17,23,36,19,17,34,5,29,47,44,3,30,3,27,39,16,23,39,35,4,63,38,25
S01013254,263,139,124,16,10,6,18,11,7,18,8,10,23,4,19,41,38,3,21,2,19,35,2,33,34,26,8,57,38,19
S01013255,453,253,200,32,21,11,39,18,21,41,20,21,42,3,39,80,74,6,35,5,30,48,10,38,62,55,7,74,47,27
S01013256,349,177,172,38,21,17,59,25,34,35,20,15,48,11,37,47,41,6,28,7,21,34,6,28,36,31,5,24,15,9
S01013257,362,189,173,24,15,9,46,22,24,50,20,30,39,5,34,64,59,5,31,7,24,44,19,25,32,28,4,32,14,18
S01013258,391,208,183,34,25,9,66,31,35,42,23,19,62,14,48,46,42,4,32,10,22,49,18,31,28,27,1,32,18,14
S01013259,398,204,194,30,18,12,36,15,21,49,28,21,47,13,34,60,50,10,34,5,29,49,12,37,49,46,3,44,17,27
S01013260,385,187,198,21,8,13,27,11,16,39,18,21,49,11,38,46,41,5,37,6,31,33,10,23,55,44,11,78,38,40
S01013261,355,186,169,11,6,5,21,11,10,21,12,9,47,7,40,60,49,11,37,7,30,42,10,32,61,49,12,55,35,20
S01013262,289,145,144,10,6,4,20,10,10,22,11,11,38,6,32,52,50,2,31,3,28,34,9,25,35,24,11,47,26,21
S01013263,283,159,124,54,42,12,76,42,34,41,26,15,28,6,22,19,19,0,22,1,21,15,5,10,13,11,2,15,7,8
S01013264,292,152,140,33,23,10,73,37,36,48,27,21,46,15,31,22,21,1,13,0,13,34,11,23,9,9,0,14,9,5
S01013265,381,200,181,76,51,25,100,58,42,66,32,34,41,9,32,22,19,3,17,3,14,29,7,22,14,11,3,16,10,6
S01013266,333,168,165,34,23,11,83,43,40,51,29,22,53,10,43,26,24,2,18,4,14,37,13,24,16,13,3,15,9,6
S01013267,245,115,130,19,12,7,33,18,15,31,18,13,34,5,29,27,22,5,13,0,13,39,9,30,23,19,4,26,12,14
S01013268,423,214,209,30,16,14,38,19,19,55,27,28,54,9,45,57,52,5,41,10,31,66,18,48,35,31,4,47,32,15
S01013269,570,297,273,67,43,24,122,64,58,99,57,42,81,14,67,44,41,3,28,5,23,59,15,44,35,33,2,35,25,10
S01013270,468,234,234,74,52,22,117,57,60,80,49,31,70,16,54,32,29,3,30,3,27,35,5,30,14,13,1,16,10,6
S01013271,293,163,130,48,29,19,97,55,42,51,29,22,41,11,30,14,14,0,15,4,11,11,8,3,7,7,0,9,6,3
S01013272,421,224,197,79,56,23,115,57,58,66,41,25,52,12,40,25,22,3,19,5,14,31,9,22,16,13,3,18,9,9
S01013273,536,288,248,86,56,30,131,67,64,87,56,31,72,17,55,39,37,2,24,2,22,44,14,30,35,30,5,18,9,9
S01013274,449,249,200,56,40,16,68,26,42,72,48,24,63,16,47,47,42,5,35,4,31,42,17,25,29,24,5,37,32,5
S01013275,369,195,174,33,25,8,63,30,33,41,23,18,55,8,47,38,33,5,27,1,26,50,22,28,34,33,1,28,20,8
S01013276,378,203,175,38,26,12,45,26,19,47,28,19,71,13,58,41,39,2,20,3,17,62,22,40,28,27,1,26,19,7
S01013277,451,228,223,27,17,10,38,19,19,42,18,24,46,8,38,67,59,8,44,8,36,67,24,43,41,34,7,79,41,38
S01013278,352,169,183,14,11,3,21,9,12,28,11,17,53,17,36,32,29,3,36,9,27,58,8,50,43,39,4,67,36,31
S01013279,311,148,163,18,11,7,18,6,12,29,15,14,36,6,30,26,23,3,32,5,27,48,21,27,35,29,6,69,32,37
S01013280,272,144,128,17,13,4,33,16,17,29,20,9,37,12,25,30,25,5,24,6,18,41,11,30,26,23,3,35,18,17
S01013281,417,205,212,13,4,9,34,17,17,49,32,17,51,7,44,53,47,6,35,8,27,64,20,44,43,34,9,75,36,39
S01013282,384,181,203,18,8,10,17,7,10,35,21,14,54,18,36,44,33,11,39,4,35,65,14,51,40,36,4,72,40,32
S01013283,386,220,166,15,9,6,71,50,21,46,25,21,38,9,29,44,39,5,25,6,19,49,19,30,36,28,8,62,35,27
S01013284,419,208,211,23,17,6,69,28,41,61,32,29,74,21,53,39,37,2,36,6,30,56,19,37,31,30,1,30,18,12
S01013285,395,190,205,29,16,13,66,25,41,56,29,27,65,17,48,38,33,5,24,1,23,52,19,33,28,28,0,37,22,15
S01013286,408,204,204,24,13,11,71,24,47,61,38,23,65,15,50,48,46,2,27,2,25,52,20,32,28,26,2,32,20,12
S01013287,492,261,231,44,28,16,116,63,53,89,46,43,75,18,57,35,33,2,26,2,24,44,23,21,26,25,1,37,23,14
S01013288,309,157,152,30,22,8,68,36,32,36,22,14,48,11,37,24,20,4,26,6,20,31,10,21,20,18,2,26,12,14
S01013289,395,202,193,65,44,21,86,35,51,53,26,27,48,10,38,48,44,4,31,4,27,20,7,13,15,15,0,29,17,12
S01013290,491,244,247,37,20,17,89,41,48,69,36,33,50,12,38,52,48,4,50,6,44,56,12,44,37,34,3,51,35,16
S01013291,419,218,201,33,20,13,51,23,28,64,39,25,55,14,41,46,41,5,40,5,35,38,12,26,37,36,1,55,28,27
S01013292,438,229,209,44,25,19,56,23,33,50,30,20,68,19,49,53,49,4,38,5,33,48,18,30,40,37,3,41,23,18
S01013293,411,208,203,33,21,12,74,36,38,58,29,29,63,12,51,46,43,3,41,4,37,38,14,24,29,28,1,29,21,8
S01013294,418,210,208,28,16,12,61,33,28,53,29,24,74,23,51,48,47,1,51,7,44,42,12,30,25,23,2,36,20,16
S01013295,460,223,237,29,17,12,64,33,31,49,24,25,82,18,64,62,54,8,48,5,43,57,18,39,33,29,4,36,25,11
S01013296,318,158,160,17,12,5,27,13,14,16,11,5,39,7,32,39,35,4,37,4,33,41,10,31,37,33,4,65,33,32
S01013297,348,177,171,17,12,5,31,9,22,35,22,13,60,10,50,43,41,2,35,9,26,42,11,31,41,40,1,44,23,21
S01013298,323,171,152,32,22,10,40,18,22,37,25,12,51,6,45,41,35,6,24,6,18,35,17,18,25,23,2,38,19,19
S01013299,520,243,277,37,25,12,58,24,34,71,37,34,82,12,70,54,51,3,44,4,40,56,14,42,53,39,14,65,37,28
S01013300,269,149,120,21,18,3,30,14,16,28,23,5,23,1,22,42,36,6,31,3,28,28,7,21,25,22,3,41,25,16
S01013301,235,121,114,16,10,6,19,7,12,17,10,7,32,3,29,30,26,4,33,9,24,17,6,11,32,26,6,39,24,15
S01013302,333,181,152,30,20,10,50,25,25,42,24,18,50,10,40,47,45,2,21,6,15,33,12,21,31,23,8,29,16,13
S01013303,428,225,203,31,17,14,55,21,34,53,30,23,43,11,32,35,31,4,33,5,28,55,22,33,48,43,5,75,45,30
S01013304,434,233,201,15,4,11,18,10,8,39,14,25,41,14,27,54,46,8,37,8,29,59,16,43,76,62,14,95,59,36
S01013305,474,247,227,24,14,10,25,12,13,46,22,24,50,18,32,49,40,9,40,2,38,62,21,41,80,65,15,98,53,45
S01013306,377,207,170,20,13,7,9,5,4,28,17,11,34,9,25,35,31,4,34,4,30,49,15,34,55,52,3,113,61,52
S01013307,460,245,215,22,8,14,23,8,15,35,15,20,35,8,27,43,40,3,31,5,26,54,22,32,92,71,21,125,68,57
S01013308,367,169,198,15,8,7,18,8,10,19,12,7,36,10,26,35,29,6,39,4,35,69,18,51,62,46,16,74,34,40
S01013309,349,191,158,32,15,17,72,45,27,52,37,15,51,16,35,22,18,4,28,9,19,39,17,22,11,9,2,42,25,17
S01013310,317,164,153,16,12,4,25,13,12,38,20,18,38,15,23,44,41,3,26,3,23,37,6,31,35,30,5,58,24,34
S01013311,372,187,185,14,7,7,24,14,10,31,19,12,41,8,33,36,33,3,40,7,33,62,15,47,48,38,10,76,46,30
S01013312,471,259,212,22,12,10,30,13,17,53,32,21,49,12,37,54,47,7,43,12,31,60,23,37,58,49,9,102,59,43
S01013313,307,152,155,22,15,7,16,5,11,29,18,11,31,10,21,27,24,3,30,2,28,38,8,30,41,33,8,73,37,36
S01013314,307,148,159,11,7,4,28,14,14,33,14,19,34,9,25,46,41,5,20,4,16,52,13,39,30,21,9,53,25,28
S01013315,309,163,146,52,32,20,78,37,41,56,34,22,30,8,22,20,20,0,15,1,14,22,9,13,22,14,8,14,8,6
S01013316,319,161,158,36,25,11,64,30,34,50,29,21,48,12,36,23,20,3,19,2,17,38,10,28,24,20,4,17,13,4
S01013317,298,162,136,20,15,5,41,21,20,36,22,14,47,14,33,31,28,3,27,4,23,37,16,21,29,24,5,30,18,12
S01013318,356,184,172,35,24,11,70,33,37,63,29,34,39,9,30,29,25,4,23,5,18,28,10,18,32,28,4,37,21,16
S01013319,310,164,146,35,26,9,57,30,27,54,27,27,38,9,29,26,21,5,29,5,24,30,12,18,17,14,3,24,20,4
S01013320,604,309,295,61,43,18,131,65,66,110,61,49,70,14,56,36,33,3,46,6,40,56,18,38,51,44,7,43,25,18
S01013321,203,104,99,11,6,5,18,7,11,25,14,11,45,14,31,17,14,3,12,1,11,24,9,15,23,20,3,28,19,9
S01013322,388,194,194,25,15,10,37,20,17,42,29,13,58,7,51,30,28,2,42,6,36,59,22,37,39,35,4,56,32,24
S01013323,457,229,228,35,21,14,41,17,24,53,29,24,54,11,43,36,36,0,44,10,34,61,16,45,55,50,5,78,39,39
S01013324,280,150,130,17,11,6,18,9,9,24,14,10,28,7,21,25,23,2,24,5,19,43,12,31,39,33,6,62,36,26
S01013325,344,150,194,22,15,7,31,17,14,49,23,26,33,4,29,34,29,5,32,3,29,49,6,43,32,22,10,62,31,31
S01013326,240,120,120,8,6,2,14,7,7,14,9,5,24,6,18,22,20,2,27,3,24,31,11,20,32,23,9,68,35,33
S01013327,329,160,169,8,6,2,9,5,4,21,9,12,38,8,30,37,33,4,38,2,36,57,14,43,50,44,6,71,39,32
S01013328,287,149,138,12,5,7,16,8,8,21,12,9,18,4,14,31,25,6,34,7,27,50,17,33,34,28,6,71,43,28
S01013329,243,120,123,15,7,8,18,8,10,22,12,10,30,9,21,18,13,5,24,2,22,32,10,22,38,34,4,46,25,21
S01013330,664,359,305,59,38,21,102,59,43,114,62,52,81,17,64,64,59,5,39,5,34,83,29,54,58,54,4,64,36,28
S01013331,374,202,172,33,24,9,53,29,24,48,32,16,64,19,45,25,22,3,23,3,20,49,14,35,39,32,7,40,27,13
S01013332,328,163,165,16,11,5,29,10,19,28,20,8,43,11,32,43,38,5,33,1,32,51,13,38,34,31,3,51,28,23
S01013333,445,245,200,33,22,11,59,28,31,70,41,29,64,16,48,39,35,4,28,6,22,60,20,40,56,54,2,36,23,13
S01013334,350,176,174,14,6,8,22,16,6,41,18,23,36,10,26,43,38,5,33,3,30,48,15,33,44,36,8,69,34,35
S01013335,318,167,151,16,10,6,16,4,12,21,15,6,32,10,22,37,33,4,31,7,24,60,17,43,35,32,3,70,39,31
S01013336,372,183,189,14,7,7,24,10,14,27,18,9,32,5,27,40,36,4,34,7,27,50,15,35,56,39,17,95,46,49
S01013337,495,265,230,42,32,10,67,22,45,52,32,20,63,13,50,57,50,7,34,9,25,52,12,40,62,54,8,66,41,25
S01013338,298,164,134,52,36,16,69,37,32,46,29,17,35,9,26,20,19,1,19,3,16,31,12,19,10,8,2,16,11,5
S01013339,330,163,167,30,22,8,58,29,29,53,24,29,51,10,41,32,29,3,24,5,19,38,14,24,20,15,5,24,15,9
S01013340,450,227,223,53,29,24,80,44,36,65,44,21,67,15,52,43,41,2,26,1,25,55,15,40,23,18,5,38,20,18
S01013341,516,285,231,117,79,38,103,54,49,102,64,38,55,9,46,26,25,1,29,2,27,37,17,20,25,23,2,22,12,10
S01013342,294,163,131,21,16,5,12,6,6,23,16,7,34,7,27,28,28,0,33,3,30,42,12,30,40,35,5,61,40,21
S01013343,348,181,167,28,18,10,26,14,12,36,16,20,51,15,36,33,30,3,37,9,28,55,17,38,45,40,5,37,22,15
S01013344,311,164,147,15,11,4,21,8,13,32,17,15,31,8,23,41,38,3,35,5,30,46,9,37,41,37,4,49,31,18
S01013345,365,205,160,11,6,5,28,11,17,32,22,10,40,10,30,38,33,5,24,3,21,46,19,27,56,50,6,90,51,39
S01013346,471,242,229,55,41,14,91,42,49,53,37,16,68,12,56,37,33,4,42,5,37,60,24,36,30,26,4,35,22,13
S01013347,421,216,205,36,25,11,60,27,33,59,36,23,68,12,56,42,33,9,28,8,20,45,17,28,43,40,3,40,18,22
S01013348,274,140,134,30,17,13,52,32,20,44,26,18,43,7,36,23,22,1,21,5,16,29,6,23,22,20,2,10,5,5
S01013349,475,267,208,39,30,9,83,54,29,52,30,22,52,18,34,38,36,2,34,3,31,68,23,45,24,20,4,85,53,32
S01013350,355,185,170,29,18,11,19,10,9,27,14,13,51,13,38,55,48,7,30,3,27,49,18,31,36,28,8,59,33,26
S01013351,415,207,208,34,16,18,36,15,21,31,19,12,61,12,49,47,44,3,37,9,28,56,14,42,42,30,12,71,48,23
S01013352,466,236,230,19,7,12,36,10,26,46,25,21,69,20,49,59,48,11,37,8,29,67,23,44,58,52,6,75,43,32
S01013353,311,156,155,12,4,8,13,7,6,36,23,13,43,7,36,36,34,2,40,8,32,37,9,28,38,31,7,56,33,23
S01013354,400,201,199,45,27,18,54,18,36,39,17,22,51,11,40,52,50,2,42,9,33,38,14,24,45,36,9,34,19,15
S01013355,319,162,157,22,14,8,46,19,27,39,22,17,50,8,42,43,40,3,19,3,16,21,4,17,33,27,6,46,25,21
S01013356,326,161,165,24,12,12,22,8,14,31,17,14,30,6,24,34,26,8,25,5,20,41,7,34,64,54,10,55,26,29
S01013357,426,218,208,34,28,6,56,20,36,57,29,28,57,8,49,61,57,4,37,4,33,40,14,26,36,32,4,48,26,22
S01013358,397,205,192,34,18,16,38,18,20,41,23,18,47,10,37,55,49,6,39,6,33,41,13,28,55,44,11,47,24,23
S01013359,267,130,137,20,8,12,14,6,8,25,8,17,21,3,18,34,33,1,19,2,17,38,11,27,39,32,7,57,27,30
S01013360,294,147,147,22,11,11,20,10,10,21,11,10,35,6,29,37,35,2,24,4,20,42,12,30,37,28,9,56,30,26
S01013361,255,117,138,20,8,12,7,3,4,20,9,11,35,13,22,33,27,6,25,1,24,37,4,33,37,31,6,41,21,20
S01013362,199,98,101,11,9,2,6,2,4,25,11,14,28,7,21,21,18,3,17,1,16,20,0,20,38,31,7,33,19,14
S01013363,297,162,135,12,9,3,10,4,6,23,14,9,32,4,28,40,34,6,24,6,18,44,12,32,49,44,5,63,35,28
S01013364,460,251,209,42,27,15,59,30,29,62,33,29,37,10,27,58,51,7,47,7,40,44,16,28,62,49,13,49,28,21
S01013365,449,223,226,43,25,18,57,22,35,50,23,27,63,9,54,71,62,9,26,6,20,46,13,33,46,40,6,47,23,24
S01013366,507,258,249,43,34,9,55,22,33,77,47,30,85,17,68,68,62,6,43,7,36,52,18,34,41,34,7,43,17,26
S01013367,348,184,164,48,27,21,57,30,27,49,32,17,45,6,39,38,37,1,22,2,20,31,12,19,29,24,5,29,14,15
S01013368,368,192,176,39,23,16,26,11,15,42,25,17,40,8,32,51,47,4,33,6,27,44,15,29,52,43,9,41,14,27
S01013369,346,178,168,17,10,7,19,12,7,35,20,15,34,4,30,49,41,8,29,2,27,37,11,26,52,42,10,74,36,38
S01013370,231,123,108,13,6,7,20,11,9,26,11,15,16,5,11,32,28,4,27,4,23,24,9,15,30,25,5,43,24,19
S01013371,246,131,115,13,8,5,16,10,6,21,14,7,32,9,23,32,29,3,29,6,23,34,9,25,29,24,5,40,22,18
S01013372,416,206,210,16,7,9,13,4,9,32,21,11,44,12,32,49,44,5,41,0,41,65,21,44,72,62,10,84,35,49
S01013373,379,199,180,24,15,9,29,9,20,31,14,17,40,9,31,56,49,7,41,5,36,42,13,29,48,42,6,68,43,25
S01013374,332,156,176,13,9,4,16,7,9,17,5,12,38,5,33,52,47,5,35,5,30,46,9,37,44,38,6,71,31,40
S01013375,263,130,133,13,5,8,13,8,5,19,7,12,35,4,31,34,25,9,20,6,14,31,7,24,56,40,16,42,28,14
S01013376,248,132,116,9,4,5,15,9,6,22,10,12,31,4,27,34,32,2,29,8,21,24,6,18,31,26,5,53,33,20
S01013377,308,169,139,15,9,6,26,11,15,19,11,8,32,6,26,46,41,5,29,5,24,33,9,24,58,48,10,50,29,21
S01013378,461,233,228,39,24,15,49,14,35,42,29,13,58,5,53,54,49,5,36,7,29,57,22,35,58,51,7,68,32,36
S01013379,433,217,216,22,9,13,45,22,23,46,29,17,57,11,46,51,45,6,36,4,32,58,12,46,59,48,11,59,37,22
S01013380,53,32,21,5,4,1,6,3,3,3,1,2,7,2,5,15,14,1,2,0,2,5,2,3,4,4,0,6,2,4
S01013381,226,127,99,15,10,5,20,10,10,19,11,8,21,2,19,35,33,2,22,7,15,16,3,13,36,25,11,42,26,16
S01013382,304,170,134,30,23,7,17,9,8,33,20,13,32,4,28,45,40,5,21,3,18,33,10,23,52,37,15,41,24,17
S01013383,282,151,131,15,9,6,15,6,9,38,21,17,41,11,30,35,30,5,26,4,22,23,6,17,43,38,5,46,26,20
S01013384,330,166,164,24,12,12,28,16,12,31,11,20,42,6,36,49,41,8,24,6,18,40,8,32,43,39,4,49,27,22
S01013385,260,137,123,25,16,9,30,12,18,34,19,15,31,6,25,38,36,2,31,2,29,24,12,12,26,22,4,21,12,9
S01013386,464,234,230,34,19,15,61,28,33,93,51,42,63,12,51,58,54,4,39,4,35,47,15,32,41,35,6,28,16,12
S01013387,234,125,109,15,7,8,18,13,5,21,11,10,20,6,14,39,34,5,26,6,20,31,6,25,33,28,5,31,14,17
S01013388,319,164,155,19,9,10,23,12,11,43,24,19,47,8,39,38,37,1,27,4,23,38,10,28,44,36,8,40,24,16
S01013389,411,209,202,16,11,5,35,18,17,52,30,22,51,4,47,58,52,6,41,5,36,51,11,40,49,39,10,58,39,19
S01013390,228,123,105,8,5,3,21,11,10,14,6,8,30,6,24,31,28,3,19,5,14,28,3,25,40,33,7,37,26,11
S01013391,212,104,108,19,15,4,20,7,13,28,13,15,24,2,22,32,28,4,17,2,15,22,6,16,22,16,6,28,15,13
S01013392,475,243,232,43,29,14,77,31,46,66,36,30,79,15,64,63,58,5,28,5,23,50,16,34,45,38,7,24,15,9
S01013393,306,161,145,19,11,8,33,15,18,40,19,21,35,11,24,50,43,7,23,2,21,36,9,27,30,26,4,40,25,15
S01013394,278,147,131,18,14,4,20,6,14,22,11,11,28,3,25,34,27,7,41,6,35,28,8,20,44,40,4,43,32,11
S01013395,238,118,120,14,8,6,11,5,6,25,12,13,11,2,9,31,28,3,21,3,18,28,8,20,32,23,9,65,29,36
S01013396,439,228,211,49,32,17,77,37,40,57,34,23,80,19,61,56,49,7,36,5,31,29,10,19,26,23,3,29,19,10
S01013397,443,231,212,33,21,12,46,18,28,52,24,28,49,9,40,76,71,5,50,9,41,34,14,20,49,35,14,54,30,24
S01013398,350,184,166,33,25,8,70,33,37,47,29,18,42,6,36,42,41,1,32,4,28,30,4,26,28,23,5,26,19,7
S01013399,598,301,297,57,40,17,88,32,56,89,45,44,72,18,54,68,61,7,44,6,38,72,22,50,60,46,14,48,31,17
S01013400,345,186,159,27,19,8,29,13,16,39,15,24,48,14,34,56,54,2,28,1,27,27,7,20,50,41,9,41,22,19
S01013401,504,258,246,64,38,26,103,53,50,90,58,32,55,10,45,52,48,4,28,3,25,42,6,36,37,29,8,33,13,20
S01013402,668,347,321,70,41,29,174,87,87,122,72,50,81,20,61,58,51,7,37,3,34,46,19,27,35,28,7,45,26,19
S01013403,525,271,254,65,39,26,99,45,54,101,65,36,73,19,54,37,33,4,33,11,22,47,12,35,29,26,3,41,21,20
S01013404,317,156,161,34,24,10,64,29,35,64,39,25,32,7,25,16,14,2,18,2,16,46,11,35,14,13,1,29,17,12
S01013405,301,152,149,23,16,7,30,14,16,29,14,15,33,10,23,39,36,3,31,2,29,35,8,27,36,26,10,45,26,19
S01013406,267,126,141,18,13,5,13,2,11,22,8,14,30,9,21,27,23,4,31,4,27,26,6,20,39,33,6,61,28,33
S01013407,241,132,109,15,8,7,16,6,10,16,9,7,28,5,23,36,31,5,12,0,12,24,5,19,40,33,7,54,35,19
S01013408,259,131,128,6,0,6,15,11,4,22,10,12,34,1,33,29,20,9,17,4,13,38,11,27,32,27,5,66,47,19
S01013409,553,288,265,49,36,13,53,18,35,72,41,31,68,17,51,56,48,8,31,3,28,83,25,58,61,50,11,80,50,30
S01013410,275,137,138,9,5,4,10,3,7,20,11,9,36,9,27,24,21,3,23,7,16,49,18,31,35,29,6,69,34,35
S01013411,392,209,183,27,22,5,70,31,39,46,27,19,49,18,31,36,34,2,32,4,28,44,20,24,32,26,6,56,27,29
S01013412,395,198,197,32,16,16,54,28,26,47,23,24,69,21,48,45,43,2,20,2,18,60,15,45,30,27,3,38,23,15
S01013413,390,202,188,57,35,22,93,44,49,58,29,29,39,10,29,41,35,6,21,3,18,37,13,24,26,24,2,18,9,9
S01013414,376,196,180,32,15,17,64,30,34,41,25,16,41,6,35,49,45,4,24,6,18,31,7,24,30,22,8,64,40,24
S01013415,247,124,123,13,7,6,15,10,5,23,10,13,35,12,23,27,25,2,21,2,19,48,13,35,28,25,3,37,20,17
S01013416,268,142,126,12,4,8,18,8,10,27,9,18,27,6,21,35,33,2,25,4,21,40,13,27,38,33,5,46,32,14
S01013417,430,224,206,28,18,10,56,21,35,57,28,29,52,12,40,39,35,4,35,7,28,48,17,31,51,42,9,64,44,20
S01013418,313,170,143,26,14,12,48,23,25,45,29,16,31,7,24,40,39,1,25,4,21,38,12,26,28,24,4,32,18,14
S01013419,255,128,127,29,17,12,45,24,21,39,24,15,42,7,35,27,23,4,15,2,13,28,8,20,16,13,3,14,10,4
S01013420,311,154,157,17,9,8,33,16,17,34,23,11,67,18,49,35,29,6,21,2,19,45,11,34,31,29,2,28,17,11
S01013421,463,233,230,55,37,18,88,48,40,70,40,30,65,9,56,54,49,5,37,2,35,33,11,22,31,22,9,30,15,15
S01013422,367,179,188,16,11,5,32,14,18,34,19,15,59,13,46,47,43,4,37,5,32,55,14,41,37,28,9,50,32,18
S01013423,422,211,211,44,32,12,52,25,27,57,28,29,61,12,49,43,40,3,39,7,32,39,9,30,37,32,5,50,26,24
S01013424,274,141,133,24,18,6,52,26,26,37,17,20,45,5,40,34,32,2,14,0,14,30,12,18,24,21,3,14,10,4
S01013425,217,113,104,21,16,5,32,15,17,36,17,19,29,6,23,20,20,0,21,2,19,21,7,14,20,19,1,17,11,6
S01013426,363,180,183,32,16,16,24,10,14,29,15,14,55,7,48,42,40,2,36,4,32,37,12,25,48,42,6,60,34,26
S01013427,273,143,130,59,42,17,69,28,41,36,18,18,29,6,23,25,22,3,16,2,14,14,6,8,14,14,0,11,5,6
S01013428,428,235,193,28,14,14,37,18,19,39,28,11,36,8,28,57,52,5,41,7,34,66,21,45,44,36,8,80,51,29
S01013429,351,181,170,23,13,10,36,18,18,44,21,23,40,7,33,46,45,1,40,5,35,40,13,27,41,35,6,41,24,17
S01013430,370,190,180,28,15,13,36,13,23,43,24,19,43,5,38,56,50,6,41,7,34,37,10,27,46,39,7,40,27,13
S01013431,314,161,153,20,11,9,32,14,18,36,22,14,26,8,18,43,35,8,33,2,31,28,5,23,43,33,10,53,31,22
S01013432,365,181,184,43,25,18,50,17,33,44,21,23,32,5,27,45,43,2,32,8,24,32,5,27,42,40,2,45,17,28
S01013433,375,189,186,60,44,16,84,37,47,50,27,23,45,5,40,36,32,4,30,4,26,20,9,11,16,15,1,34,16,18
S01013434,297,160,137,54,35,19,88,40,48,51,31,20,18,3,15,33,28,5,15,3,12,14,4,10,13,12,1,11,4,7
S01013435,368,192,176,57,40,17,133,70,63,56,28,28,36,9,27,23,19,4,18,3,15,23,7,16,6,5,1,16,11,5
S01013436,432,210,222,38,29,9,80,35,45,45,22,23,54,5,49,44,35,9,38,6,32,38,13,25,39,38,1,56,27,29
S01013437,373,192,181,32,19,13,71,36,35,42,21,21,55,18,37,41,36,5,29,7,22,38,12,26,27,25,2,38,18,20
S01013438,260,127,133,22,13,9,38,14,24,31,18,13,28,6,22,41,37,4,23,2,21,30,5,25,15,15,0,32,17,15
S01013439,416,211,205,56,40,16,151,67,84,62,46,16,63,11,52,17,16,1,19,4,15,22,8,14,10,10,0,16,9,7
S01013440,486,254,232,57,38,19,188,101,87,71,45,26,63,12,51,23,21,2,21,3,18,27,11,16,16,15,1,20,8,12
S01013441,389,210,179,54,34,20,140,72,68,62,32,30,37,9,28,20,17,3,12,4,8,29,14,15,16,15,1,19,13,6
S01013442,438,215,223,41,25,16,105,43,62,68,40,28,55,9,46,40,36,4,32,4,28,39,15,24,29,27,2,29,16,13
S01013443,323,168,155,40,29,11,100,47,53,50,27,23,32,7,25,19,15,4,24,10,14,16,6,10,20,16,4,22,11,11
S01013444,469,228,241,55,33,22,119,57,62,76,43,33,41,12,29,47,33,14,26,2,24,41,11,30,22,18,4,42,19,23
S01013445,288,155,133,52,36,16,101,53,48,35,23,12,38,8,30,18,18,0,11,1,10,17,5,12,6,6,0,10,5,5
S01013446,330,170,160,22,15,7,40,24,16,46,27,19,48,3,45,47,44,3,29,5,24,27,9,18,29,25,4,42,18,24
S01013447,340,179,161,58,39,19,122,64,58,51,32,19,45,12,33,20,18,2,8,1,7,22,7,15,2,2,0,12,4,8
S01013448,368,194,174,51,36,15,120,62,58,60,42,18,41,10,31,24,20,4,22,2,20,21,4,17,10,10,0,19,8,11
S01013449,373,184,189,42,28,14,104,49,55,53,35,18,56,13,43,21,21,0,33,5,28,31,15,16,9,8,1,24,10,14
S01013450,347,176,171,31,23,8,93,45,48,51,28,23,56,16,40,24,22,2,27,4,23,32,9,23,20,20,0,13,9,4
S01013451,499,259,240,59,41,18,149,76,73,104,60,44,50,9,41,30,27,3,34,6,28,37,17,20,16,14,2,20,9,11
S01013452,417,221,196,55,42,13,115,49,66,79,55,24,41,9,32,33,31,2,27,2,25,26,5,21,18,18,0,23,10,13
S01013453,318,163,155,20,8,12,28,13,15,23,9,14,27,8,19,47,45,2,36,8,28,33,7,26,49,41,8,55,24,31
S01013454,410,218,192,65,41,24,85,41,44,66,37,29,48,5,43,47,42,5,21,1,20,23,5,18,30,30,0,25,16,9
S01013455,286,152,134,37,25,12,47,21,26,40,14,26,35,12,23,45,41,4,22,2,20,17,6,11,15,13,2,28,18,10
S01013456,365,182,183,34,20,14,54,23,31,32,13,19,52,7,45,47,46,1,29,3,26,40,15,25,37,31,6,40,24,16
S01013457,404,201,203,13,5,8,16,5,11,35,18,17,40,7,33,57,52,5,58,8,50,48,13,35,54,51,3,83,42,41
S01013458,380,207,173,27,18,9,35,14,21,53,33,20,54,7,47,45,41,4,31,8,23,34,7,27,40,35,5,61,44,17
S01013459,393,210,183,31,20,11,50,21,29,31,13,18,62,15,47,51,49,2,29,5,24,38,14,24,41,37,4,60,36,24
S01013460,375,185,190,13,8,5,36,15,21,27,16,11,52,7,45,50,47,3,42,8,34,46,11,35,39,32,7,70,41,29
S01013461,571,297,274,45,24,21,82,42,40,64,40,24,70,17,53,63,57,6,40,2,38,56,17,39,57,50,7,94,48,46
S01013462,515,262,253,43,25,18,74,27,47,75,40,35,68,12,56,67,62,5,44,8,36,50,21,29,47,43,4,47,24,23
S01013463,273,137,136,15,10,5,34,17,17,26,15,11,39,11,28,30,26,4,28,2,26,37,15,22,26,23,3,38,18,20
S01013464,362,179,183,31,20,11,58,19,39,47,26,21,47,6,41,40,34,6,33,7,26,26,11,15,32,27,5,48,29,19
S01013465,316,179,137,24,13,11,32,17,15,38,22,16,51,16,35,44,42,2,36,6,30,30,14,16,26,25,1,35,24,11
S01013466,174,104,70,17,8,9,25,11,14,21,12,9,18,5,13,31,31,0,12,4,8,9,4,5,14,13,1,27,16,11
S01013467,505,258,247,50,27,23,104,50,54,83,48,35,72,12,60,48,43,5,27,6,21,39,10,29,49,45,4,33,17,16
S01013468,308,152,156,33,19,14,40,18,22,43,25,18,42,9,33,36,36,0,31,8,23,34,6,28,24,19,5,25,12,13
S01013469,387,196,191,31,23,8,66,27,39,46,31,15,55,10,45,40,38,2,44,8,36,35,11,24,38,32,6,32,16,16
S01013470,342,173,169,20,10,10,14,7,7,15,6,9,31,6,25,51,46,5,41,1,40,35,8,27,51,41,10,84,48,36
S01013471,455,228,227,24,16,8,26,10,16,28,13,15,59,17,42,65,58,7,61,8,53,53,21,32,61,46,15,78,39,39
S01013472,356,189,167,55,37,18,62,31,31,66,35,31,41,5,36,38,36,2,23,4,19,26,9,17,17,15,2,28,17,11
S01013473,381,198,183,53,30,23,78,39,39,83,48,35,55,15,40,29,26,3,18,3,15,23,9,14,22,20,2,20,8,12
S01013474,349,175,174,25,17,8,62,31,31,66,43,23,57,12,45,34,32,2,30,1,29,28,8,20,17,15,2,30,16,14
S01013475,323,176,147,26,17,9,37,17,20,54,37,17,40,7,33,35,32,3,25,4,21,38,13,25,30,26,4,38,23,15
S01013476,318,158,160,27,23,4,34,14,20,30,15,15,50,10,40,36,35,1,34,5,29,38,12,26,32,24,8,37,20,17
S01013477,286,156,130,18,11,7,30,11,19,30,13,17,32,6,26,51,48,3,16,2,14,27,8,19,31,25,6,51,32,19
S01013478,459,240,219,29,20,9,71,32,39,68,42,26,63,17,46,50,50,0,38,5,33,55,15,40,47,40,7,38,19,19
S01013479,364,181,183,18,13,5,20,10,10,39,17,22,46,13,33,60,52,8,28,3,25,48,7,41,41,33,8,64,33,31
S01013480,294,151,143,16,8,8,18,8,10,10,4,6,27,5,22,41,39,2,27,2,25,31,5,26,71,57,14,53,23,30
S01013481,222,119,103,20,13,7,26,9,17,36,24,12,26,4,22,40,34,6,16,4,12,13,4,9,23,15,8,22,12,10
